remote_unit_id,time_stamp,entries,exits,num_people_exited,sum_exit_entry,week_num,z_score_num_people_exited,z_score_sum_exit_entry
188,1546311600,619,261,-358,880,1,-1.8934700599970908,-0.13599906938484943
188,1546326000,121,84,-37,205,1,-0.35546768929695954,-1.1390098958834138
188,1546340400,171,141,-30,312,1,-0.32192869678948005,-0.9800141056088266
188,1546354800,490,290,-200,780,1,-1.1364470862568394,-0.28459326590315526
188,1546369200,444,562,118,1006,1,0.387181430511515,0.05122961822821592
188,1546383600,491,328,-163,819,1,-0.9591695544315906,-0.226641529261016
188,1546398000,128,72,-56,200,1,-0.4465020975315468,-1.1464396057093291
188,1546412400,84,139,55,223,1,0.08533049794419954,-1.1122629405101188
188,1546426800,722,1302,580,2024,1,2.600754936005162,1.563918538784569
188,1546441200,586,616,30,1202,1,-0.03445161815394152,0.3424742434040954
188,1546455600,1112,1105,-7,2217,1,-0.2117291499791903,1.8507053380648995
188,1546470000,728,571,-157,1299,1,-0.9304218465680367,0.486610614026852
188,1546484400,198,108,-90,306,1,-0.6094057754250186,-0.988929757399925
188,1546498800,80,137,57,217,1,0.09491306723205083,-1.1211785923012172
188,1546513200,738,1332,594,2070,1,2.6678329210201213,1.6322718691829898
188,1546527600,662,567,-95,1229,1,-0.6333621986446469,0.38259467646403794
188,1546542000,1059,1089,30,2148,1,-0.03445161815394152,1.7481753424672684
188,1546556400,710,581,-129,1291,1,-0.7962658765381188,0.47472307830538757
188,1546570800,209,71,-138,280,1,-0.8393874383334495,-1.0275642484946845
188,1546585200,79,131,52,210,1,0.07095664401242262,-1.1315801860574985
188,1546599600,720,1243,523,1963,1,2.3276517113014004,1.4732760789084027
188,1546614000,683,674,-9,1357,1,-0.22131171926704157,0.5727952480074694
188,1546628400,1116,1045,-71,2161,1,-0.5183713671904314,1.7674925880146481
188,1546642800,788,800,12,1588,1,-0.12069474174460308,0.9160478419647559
188,1546657200,252,210,-42,462,1,-0.37942411251658775,-0.7571228108313678
188,1546671600,60,55,-5,115,1,-0.202146580691339,-1.272744672749889
188,1546686000,196,305,109,501,1,0.3440598687161842,-0.6991710741892285
188,1546700400,446,678,232,1124,1,0.9333878799190382,0.2265707701198168
188,1546714800,585,634,49,1219,1,0.056582790080645685,0.36773525681220737
188,1546729200,411,524,113,935,1,0.3632250072918868,-0.054272261299781216
188,1546743600,251,160,-91,411,1,-0.6141970600689444,-0.8329058510557038
188,1546758000,57,59,2,116,1,-0.1686075881838595,-1.271258730784706
188,1546772400,197,260,63,457,1,0.12366077509560468,-0.7645525206572831
188,1546786800,403,607,204,1010,1,0.7992319098891202,0.05717338608894816
188,1546801200,516,612,96,1128,1,0.28177316834515087,0.23251453798054905
188,1546815600,330,277,-53,607,1,-0.43212824359976987,-0.5416612258798243
188,1546830000,125,88,-37,213,1,-0.35546768929695954,-1.1271223601619493
188,1546844400,81,204,123,285,1,0.41113785373114325,-1.0201345386687692
188,1546858800,800,1401,601,2201,1,2.7013719135276006,1.8269302666219704
188,1546873200,531,546,15,1077,1,-0.10632088781282616,0.15673149775621306
188,1546887600,1097,797,-300,1894,1,-1.6155755506494036,1.3707460833107719
188,1546902000,545,517,-28,1062,1,-0.31234612750162877,0.1344423682784672
188,1546916400,109,91,-18,200,2,-0.2525476345610158,-1.1497442561903082
188,1546930800,86,225,139,311,2,0.6073764657688551,-0.9870382842907568
188,1546933800,60,257,197,317,2,0.925055432769699,-0.9782433668907811
188,1546945200,788,1105,317,1893,2,1.5823222610473073,1.3318882701695163
188,1546945662,8,25,17,33,2,-0.060844809646713384,-1.3945361238229665
188,1546959600,531,504,-27,1035,2,-0.3018426466818364,0.07421508197298386
188,1546974000,1034,968,-66,2002,2,-0.5154543658720591,1.4916626029357425
188,1546988400,690,533,-157,1223,2,-1.0138817106492453,0.3497891605055574
188,1547002800,153,80,-73,233,2,-0.5537949308549196,-1.1013722104904415
188,1547017200,92,214,122,306,2,0.5142636650961939,-0.9943673821240699
188,1547020080,59,232,173,291,2,0.7936020671141775,-1.0163546756240094
188,1547031600,816,1196,380,2012,2,1.9273873458930515,1.5063207986023688
188,1547046000,586,588,2,1174,2,-0.14300316318141443,0.27796400173908875
188,1547060400,1154,881,-273,2035,2,-1.6492396446509334,1.5400346486356091
188,1547074800,711,596,-115,1307,2,-0.7838383207520825,0.4729180041052179
188,1547089200,155,94,-61,249,2,-0.48806824802715876,-1.0779190974238395
188,1547103600,85,194,109,279,2,0.443059758699453,-1.0339445104239608
188,1547118000,777,1466,689,2243,2,3.619849428707893,1.844925118501435
188,1547132400,645,702,57,1347,2,0.1582441331124894,0.531550786771723
188,1547146800,1117,956,-161,2073,2,-1.0357906049251657,1.595735792168789
188,1547161200,810,642,-168,1452,2,-1.074131169908026,0.6854618412712986
188,1547175600,222,89,-133,311,2,-0.8824283449937237,-0.9870382842907568
188,1547190000,86,175,89,261,2,0.3335152873198516,-1.060329262623888
188,1547204400,712,1195,483,1907,2,2.4915413734979985,1.3524097441027931
188,1547218800,643,613,-30,1256,2,-0.31827431738877665,0.39816120620542406
188,1547233200,1059,935,-124,1994,2,-0.833133332872903,1.4799360464024414
188,1547247600,799,697,-102,1496,2,-0.7126344143553416,0.7499579022044541
188,1547262000,337,156,-181,493,2,-1.145335076304767,-0.720259123158159
188,1547276400,59,64,5,123,2,-0.12657149247447422,-1.2626123628233303
188,1547290800,293,347,54,640,2,0.14181246240554918,-0.5047836468587531
188,1547305200,584,634,50,1218,2,0.11990356812962889,0.34246006267224427
188,1547319600,728,689,-39,1417,2,-0.3675693295095972,0.6341581564381067
188,1547334000,640,654,14,1294,2,-0.07727648035365359,0.4538623497386038
188,1547348400,295,201,-94,496,2,-0.668816625803501,-0.7158616644581711
188,1547362800,69,57,-12,126,2,-0.2196842931471354,-1.2582149041233424
188,1547377200,209,224,15,433,2,-0.07179925678467351,-0.8082082971579165
188,1547391600,479,638,159,1117,2,0.7169209371484565,0.19441228643931913
188,1547406000,661,618,-43,1279,2,-0.3894782237855175,0.4318750562386644
188,1547420400,483,353,-130,836,2,-0.8659966742867835,-0.21748301179287857
188,1547434800,107,82,-25,189,2,-0.2908881995438763,-1.165868271423597
188,1547449200,94,194,100,288,2,0.3937647465786324,-1.0207521343239971
188,1547451885,50,231,181,281,2,0.837419855666018,-1.0310128712906355
188,1547463600,762,1043,281,1805,2,1.385142212564025,1.2028961483032052
188,1547478000,538,522,-16,1060,2,-0.24159318742305566,0.11086057113954949
188,1547492400,1035,831,-204,1866,2,-1.2713112183913087,1.2923111418696254
188,1547506800,584,496,-88,1080,2,-0.6359532843896206,0.14017696247280198
188,1547521200,167,76,-91,243,3,-0.6762400798492713,-1.021994993765615
188,1547535600,88,223,135,311,3,0.6659922536004792,-0.9054567161087198
188,1547541568,149,548,399,697,3,2.2339096696656746,-0.2439306105857561
188,1547550000,787,736,-51,1523,3,-0.43867683499090837,1.1716667033053527
188,1547564400,581,532,-49,1113,3,-0.4267986727479902,0.4690094409623084
188,1547578800,1115,918,-197,2033,3,-1.305782678723933,2.045703785732066
188,1547593200,720,521,-199,1241,3,-1.3176608409668513,0.6883756106694051
188,1547607600,230,78,-152,308,3,-1.0385240282582748,-0.9105981107112299
188,1547621974,48,201,153,249,3,0.7728957137867425,-1.0117122045605949
188,1547622000,93,142,49,235,3,0.1552312771549989,-1.0357053793723086
188,1547624890,46,254,208,300,3,1.0995451754669914,-0.9243084963179234
188,1547624963,3,6,3,9,3,-0.11796645443211845,-1.4230237727614012
188,1547627125,59,249,190,308,3,0.9926417152807282,-0.9105981107112299
188,1547633478,177,744,567,921,3,3.231675298070799,0.13996018640166324
188,1547636400,784,395,-389,1179,3,-2.4460862540440753,0.5821201222175302
188,1547650800,577,637,60,1214,3,0.22056116949104873,0.6421030592468144
188,1547665200,1062,825,-237,1887,3,-1.5433459235822962,1.795489248409909
188,1547679600,695,611,-84,1306,3,-0.6346665119990578,0.7997724937237902
188,1547694000,216,118,-98,334,3,-0.7178136476994849,-0.8660393574894758
188,1547708400,90,192,102,282,3,0.4700025765923298,-0.9551568639329839
188,1547712681,82,401,319,483,3,1.7587831799489486,-0.6106834255648085
188,1547722800,799,925,126,1724,3,0.6125405235073476,1.516140141673528
188,1547737200,606,618,12,1224,3,-0.06451472433898679,0.6592410412551813
188,1547751600,1063,889,-174,1952,3,-1.1691838129303744,1.906886131464294
188,1547766000,785,560,-225,1345,3,-1.4720769501247872,0.8666106235564213
188,1547780400,245,121,-124,366,3,-0.8722297568574208,-0.8111978150627016
188,1547794800,90,203,113,293,3,0.5353324689283796,-0.9363050837237803
188,1547796553,32,111,79,143,3,0.3334037107987711,-1.1933748138492843
188,1547797526,26,104,78,130,3,0.32746462967731205,-1.2156541904601612
188,1547809200,768,1148,380,1916,3,2.121067128357952,1.845189396234173
188,1547823600,634,602,-32,1236,3,-0.325834293683186,0.6798066196652217
188,1547838000,1032,859,-173,1891,3,-1.1632447318089154,1.8023444412132557
188,1547852400,712,690,-22,1402,3,-0.2664434824685953,0.9642971210041128
188,1547866800,295,211,-84,506,3,-0.6346665119990578,-0.5712660669455646
188,1547881200,57,75,18,132,3,-0.028880237610232357,-1.212226594058488
188,1547895600,278,358,80,636,3,0.3393427919202302,-0.3484723008367944
188,1547910000,661,679,18,1340,3,-0.028880237610232357,0.8580416325522378
188,1547924400,689,720,31,1409,3,0.048327816968735594,0.9762937084099697
188,1547938800,569,599,30,1168,3,0.04238873584727652,0.5632683420083265
188,1547953200,244,186,-58,430,3,-0.4802504028411219,-0.7015147302091532
188,1547967600,59,48,-11,107,3,-0.20111359013254546,-1.2550715490794053
188,1547982000,219,216,-3,435,3,-0.1536009411608729,-0.6929457392049698
188,1547996400,476,670,194,1146,3,1.0163980397665644,0.5255647815899193
188,1548010800,589,622,33,1211,3,0.060205979211653736,0.6369616646443044
188,1548025200,435,378,-57,813,3,-0.47431132171966284,-0.04513001928869966
188,1548039600,148,104,-44,252,3,-0.3971032671406949,-1.0065708099580848
188,1548054000,38,110,72,148,3,0.29183014294855764,-1.1848058228451008
188,1548068400,260,419,159,679,3,0.8085302005154968,-0.2747789782008166
188,1548082800,372,414,42,786,3,0.1136577093047854,-0.09140257071129038
188,1548097200,518,588,70,1106,3,0.2799519807056395,0.45701285355645155
188,1548111600,352,352,0,704,3,-0.13578369779649568,-0.23193402317989925
188,1548126000,87,54,-33,141,4,-0.44054377603887046,-1.2660666061741785
188,1548140400,67,216,149,283,4,0.6490374626605162,-1.043486951443194
188,1548154800,757,1222,465,1979,4,2.540837855127583,1.6149292064705376
188,1548169200,519,505,-14,1024,4,-0.3267962840867367,0.11800265528680332
188,1548183600,994,753,-241,1747,4,-1.685779477409598,1.2512779395861122
188,1548198000,682,448,-234,1130,4,-1.643872506690391,0.28415366515641155
188,1548212400,158,99,-59,257,4,-0.5961982387102114,-1.0842409727319657
188,1548226800,83,181,98,264,4,0.34371524742057813,-1.0732687362311426
188,1548241200,786,1237,451,2023,4,2.4570239136891687,1.6838975501899978
188,1548255600,532,589,57,1121,4,0.09826013320807893,0.27004650394106744
188,1548270000,1066,892,-174,1958,4,-1.284669900525758,1.5820124969680682
188,1548284400,716,601,-115,1317,4,-0.9314540044638688,0.5772691259641166
188,1548298800,175,87,-88,262,4,-0.769812831689784,-1.0764036609456633
188,1548313200,82,194,112,276,4,0.4275291888589925,-1.054459187944017
188,1548327600,752,1264,512,2016,4,2.8222132299565454,1.6729253136891744
188,1548342000,546,544,-2,1090,4,-0.25495576285381016,0.22145517086599334
188,1548356400,941,971,30,1912,4,-0.0633810395660059,1.5099092285340874
188,1548370800,741,589,-152,1330,4,-1.1529622782653925,0.5976461366085025
188,1548385200,188,121,-67,309,4,-0.6440919195321625,-1.002732930154422
188,1548399600,64,194,130,258,4,0.5352899707083824,-1.0826735103747052
188,1548404765,120,397,277,517,4,1.4153363558117331,-0.6767007598442474
188,1548407636,110,306,196,416,4,0.9304128374894787,-0.8350144579275534
188,1548408283,26,73,47,99,4,0.0383930321806401,-1.3319000251791175
188,1548414000,574,424,-150,998,4,-1.1409888580599048,0.07724863399803149
188,1548428400,442,576,134,1018,4,0.559236811119358,0.10859788114324058
188,1548442800,1008,980,-28,1988,4,-0.41061022552515103,1.6290363676858817
188,1548457200,835,729,-106,1564,4,-0.8775736135391738,0.9644323282074491
188,1548471600,316,201,-115,517,4,-0.9314540044638688,-0.6767007598442474
188,1548486000,64,82,18,146,4,-0.1352215607989325,-1.2582292943878761
188,1548500400,279,378,99,657,4,0.349701957523322,-0.4572560298277837
188,1548514800,571,623,52,1194,4,0.06832658269435951,0.3844712560210807
188,1548529200,704,692,-12,1396,4,-0.31482286388124897,0.7010986521876926
188,1548543600,562,575,13,1137,4,-0.1651551113126519,0.29512590165723473
188,1548558000,290,203,-87,493,4,-0.7638261215870401,-0.7143198564184983
188,1548572400,75,67,-8,142,4,-0.2908760234702734,-1.264499143816918
188,1548586800,252,257,5,509,4,-0.21304879213460295,-0.689240458702331
188,1548601200,541,619,78,1160,4,0.22398104536570046,0.3311775358742252
188,1548615600,619,669,50,1288,4,0.056353162488871754,0.5318127176035634
188,1548630000,437,388,-49,825,4,-0.5363311376827726,-0.19392235380802722
188,1548644400,159,107,-52,266,4,-0.5542912679910043,-1.0701338115166217
188,1548658191,63,178,115,241,4,0.4454893191672242,-1.109320370448133
188,1548658800,56,215,159,271,4,0.708904563687955,-1.0622964997303193
188,1548673200,791,1185,394,1976,4,2.1157814378327675,1.6102268193987563
188,1548687600,562,560,-2,1122,4,-0.25495576285381016,0.2716139662983279
188,1548702000,977,938,-39,1915,4,-0.47646403665533377,1.5146116156058687
188,1548716400,518,571,53,1089,4,0.0743132927971034,0.2198877085087329
188,1548730800,153,80,-73,233,5,-0.434788932290434,-1.138207104916022
188,1548745200,82,199,117,281,5,0.48049722509499393,-1.0654363133369658
188,1548759600,800,1444,644,2244,5,3.01921198794826,1.9105858506148508
188,1548774000,577,519,-58,1096,5,-0.3625294988126371,0.17015108534909146
188,1548788400,1093,945,-148,2038,5,-0.7960860996794187,1.5982778700880682
188,1548802800,733,600,-133,1333,5,-0.7238266662016217,0.5294568687706811
188,1548817200,141,86,-55,227,5,-0.34807761211707766,-1.147303453863404
188,1548831600,74,220,146,294,5,0.6201987964854013,-1.0457275572843048
188,1548846000,783,1291,508,2074,5,2.364059791082901,1.6528559637723603
188,1548860400,567,586,19,1153,5,0.008402259706720582,0.2565664003492206
188,1548862274,124,98,-26,222,5,-0.20837604072667024,-1.154883744652889
188,1548874800,1055,805,-250,1860,5,-1.287450247328438,1.3284195179824017
188,1548889200,605,574,-31,1179,5,-0.23246251855260255,0.2959839124545427
188,1548903600,129,61,-68,190,5,-0.4107024544645017,-1.203397605705593
188,1548918000,61,164,103,225,5,0.4130550871823835,-1.150335570179198
188,1548932400,733,1036,303,1769,5,1.376514200219676,1.1904582256137743
188,1548946800,496,505,9,1001,5,-0.03977069594514405,0.026125560348876177
188,1548961200,955,789,-166,1744,5,-0.882797419852775,1.1525567716663492
188,1548975600,657,527,-130,1184,5,-0.7093747795060624,0.3035642032440277
188,1548990000,195,112,-83,307,5,-0.4829618879422986,-1.0260188012316438
188,1549004400,60,221,161,281,5,0.6924582299631983,-1.0654363133369658
188,1549018800,695,1244,549,1939,5,2.5615689092555463,1.4481881124562648
188,1549033200,622,520,-102,1142,5,-0.5744905036808414,0.2398897606123536
188,1549047600,1188,755,-433,1943,5,-2.169015335757561,1.4542523450878528
188,1549062000,754,713,-41,1467,5,-0.2806354742044672,0.7326086619288795
188,1549076400,355,162,-193,517,5,-1.0128644001128095,-0.7076465880732732
188,1549090800,67,152,85,219,5,0.3263437670090271,-1.15943191912658
188,1549105200,234,328,94,562,5,0.3696994270957053,-0.639423970967908
188,1549119600,439,480,41,919,5,0.11438276214082277,-0.09819120859867805
188,1549134000,607,474,-133,1081,5,-0.7238266662016217,0.14741021298063642
188,1549148400,458,436,-22,894,5,-0.1891068584659244,-0.13609266254610314
188,1549162800,283,207,-76,490,5,-0.4492408189859934,-0.7485801583364923
188,1549177200,80,94,14,174,5,-0.015684218119211734,-1.227654536231945
188,1549191600,217,289,72,506,5,0.2637189246616031,-0.7243232278101402
188,1549206000,396,440,44,836,5,0.12883464883638215,-0.2240240357041293
188,1549220400,505,489,-16,994,5,-0.16020308507480563,0.015513153243597158
188,1549234800,336,282,-54,618,5,-0.3432603165518912,-0.5545247141256759
188,1549249200,140,104,-36,244,5,-0.2565489963785349,-1.121530465179155
188,1549263600,100,225,125,325,5,0.5190355896164857,-0.9987297543894977
188,1549278000,864,1271,407,2135,5,1.8775129389990681,1.7453355114040774
188,1549292400,631,576,-55,1207,5,-0.34807761211707766,0.33843354087565874
188,1549306800,1135,851,-284,1986,5,-1.4512382965447777,1.519442845877424
188,1549321200,601,568,-33,1169,5,-0.2420971096829755,0.28082333087557265
188,1549335600,144,83,-61,227,6,-0.3203488413190006,-1.2361203611446605
188,1549350000,108,212,104,320,6,0.46134745105447617,-1.0985623517249727
188,1549364400,881,1080,199,1961,6,0.9114150133301143,1.3286709112611323
188,1549378800,615,436,-179,1051,6,-0.8793801291982143,-0.017326815318609013
188,1549393200,1029,869,-160,1898,6,-0.7893666167430866,1.2354864532671503
188,1549407600,746,532,-214,1278,6,-1.0451944942471336,0.3184330571358979
188,1549422000,199,86,-113,285,6,-0.5667016122488235,-1.1503314950549628
188,1549436400,99,188,89,287,6,0.39028415174779646,-1.147373258293249
188,1549450800,744,1344,600,2088,6,2.8111738814620186,1.5165189456299535
188,1549465200,569,526,-43,1095,6,-0.23507288215098496,0.04775439343909277
188,1549479600,1083,941,-142,2024,6,-0.704090657575071,1.4218553692551146
188,1549494000,762,630,-132,1392,6,-0.6567151247039512,0.4870525525535798
188,1549508400,150,109,-41,259,6,-0.22559777557676097,-1.1887885729572412
188,1549522800,93,190,97,283,6,0.42818457804469234,-1.1532897318166766
188,1549537200,753,1257,504,2010,6,2.3563687658992687,1.4011477119231186
188,1549551600,611,588,-23,1199,6,-0.14032181640874533,0.20158270504820608
188,1549566000,1017,960,-57,1977,6,-0.3013986281705527,1.3523368053548421
188,1549580400,810,666,-144,1476,6,-0.713565764149295,0.6112984965455559
188,1549594800,176,105,-71,281,6,-0.3677243741901204,-1.1562479685783902
188,1549609200,94,202,108,296,6,0.48029766420292413,-1.1340611928655373
188,1549623600,799,1292,493,2091,6,2.3042556797410367,1.520956300772524
188,1549638000,697,600,-97,1297,6,-0.4909007596550319,0.34653630637217825
188,1549652400,1099,986,-113,2085,6,-0.5667016122488235,1.512081590487383
188,1549666800,823,825,2,1648,6,-0.021882984230945812,0.8657068580529357
188,1549681200,347,218,-129,565,6,-0.6425024648426153,-0.7361783484150424
188,1549695600,62,132,70,194,6,0.30027063929266884,-1.284931267712937
188,1549710000,210,374,164,584,6,0.745600648281195,-0.708075099178762
188,1549724400,433,563,130,996,6,0.5845238365193877,-0.09867832626573625
188,1549738800,857,657,-200,1514,6,-0.9788687482275659,0.6675049950181166
188,1549753200,642,480,-162,1122,6,-0.7988417233173106,0.08769058972222796
188,1549767600,323,178,-145,501,6,-0.718303317436407,-0.8308419247898813
188,1549782000,75,89,14,164,6,0.03496765521439795,-1.3293048191386427
188,1549796400,258,247,-11,505,6,-0.08347117696340157,-0.8249254512664539
188,1549810800,538,498,-40,1036,6,-0.220860222289649,-0.039513591031461896
188,1549825200,543,479,-64,1022,6,-0.33456150118033656,-0.060221248363457915
188,1549839600,408,327,-81,735,6,-0.4150999070612402,-0.4847282236693764
188,1549854000,154,71,-83,225,6,-0.4245750136354642,-1.2390785979063743
188,1549868400,85,224,139,309,6,0.6271618161033955,-1.1148326539143982
188,1549882800,772,1388,616,2160,6,2.8869747340558103,1.6230154690516474
188,1549897200,566,502,-64,1068,6,-0.33456150118033656,0.007818197155957586
188,1549911600,1149,780,-369,1929,6,-1.7795152537494905,1.281339123073713
188,1549926000,655,542,-113,1197,6,-0.5667016122488235,0.19862446828649236
188,1549940400,136,87,-49,223,7,-0.32262916294186944,-1.2079982807430993
188,1549954800,80,220,140,300,7,0.7942615023143711,-1.086985164244534
188,1549969200,795,1230,435,2025,7,2.537556456021202,1.6240229651064415
188,1549983600,567,511,-56,1078,7,-0.36399548387728575,0.13571879206564516
188,1549998000,1027,741,-286,1768,7,-1.723174600326679,1.2201220438060354
188,1550012400,748,518,-230,1266,7,-1.3922440328433485,0.43117938819201235
188,1550026800,152,110,-42,262,7,-0.28126284200645313,-1.1467059230360337
188,1550041200,89,186,97,275,7,0.540154102282528,-1.1262751371336785
188,1550055600,840,1258,418,2098,7,2.437095390892334,1.7387496859427438
188,1550070000,631,666,35,1297,7,0.17376668828312639,0.4798989545745516
188,1550084400,1135,922,-213,2057,7,-1.2917829677144803,1.6743141304045466
188,1550098800,818,573,-245,1391,7,-1.4808861491335263,0.6276292526377352
188,1550113200,182,110,-72,292,7,-0.4585470745868088,-1.0995579555690602
188,1550127600,93,203,110,296,7,0.6169772697340155,-1.093271559906797
188,1550142000,844,1229,385,2073,7,2.2420827350539425,1.699459713053599
188,1550156400,669,570,-99,1239,7,-0.6181028839091289,0.3887462174717362
188,1550170800,1102,985,-117,2087,7,-0.7244734234573423,1.72146209787152
188,1550185200,846,622,-224,1468,7,-1.3567871863272774,0.7486423691363006
188,1550199600,235,131,-104,366,7,-0.6476502560058548,-0.9832596358171923
188,1550214000,81,198,117,279,7,0.6583435906694318,-1.1199887414714154
188,1550228400,757,1215,458,1972,7,2.673474367666141,1.5407282225814551
188,1550242800,662,533,-129,1195,7,-0.7953871164894846,0.31959586518684174
188,1550257200,965,905,-60,1870,7,-0.3876333815546666,1.3804251331937452
188,1550271600,619,748,129,1367,7,0.729257283701574,0.5899108786641565
188,1550286000,271,232,-39,503,7,-0.26353441874841754,-0.76795058438468
188,1550300400,64,79,15,143,7,0.055577199896222604,-1.3337261939883618
188,1550314800,277,270,-7,547,7,-0.07443123732937154,-0.6988002320997856
188,1550329200,533,552,19,1085,7,0.07921509757360336,0.14671998447460563
188,1550343600,718,681,-37,1399,7,-0.2517154699097272,0.6402020439622614
188,1550358000,346,472,126,818,7,0.7115288604435385,-0.2728969259814584
188,1550372400,275,212,-63,487,7,-0.4053618048127021,-0.7930961670337325
188,1550386800,72,73,1,145,7,-0.02715544197461003,-1.3305829961572304
188,1550401200,282,270,-12,552,7,-0.10397860942609748,-0.6909422375219567
188,1550415600,575,630,55,1205,7,0.29195617667003015,0.3353118543424996
188,1550430000,722,614,-108,1336,7,-0.6712881536832356,0.5411913122816172
188,1550444400,467,382,-85,849,7,-0.5353702420382963,-0.22417735959891913
188,1550458800,156,118,-38,274,7,-0.2576249443290724,-1.1278467360492443
188,1550473200,47,90,43,137,7,0.2210424836378879,-1.3431557874817566
188,1550487600,418,410,-8,828,7,-0.08034071174871672,-0.25718093682580057
188,1550502000,478,460,-18,938,7,-0.1394354559421686,-0.08430505611356445
188,1550516400,551,586,35,1137,7,0.17376668828312639,0.22844312808402636
188,1550530800,382,340,-42,722,7,-0.28126284200645313,-0.4237704218757736
188,1550545200,113,77,-36,190,8,-0.33433037974191315,-1.375879706987549
188,1550559600,82,212,130,294,8,0.46709695653473066,-1.2295195063124331
188,1550574000,734,1164,430,1898,8,1.915459612456376,1.0278051271768562
188,1550588400,566,545,-21,1111,8,-0.2619122469458309,-0.07974754523964665
188,1550602800,990,917,-73,1907,8,-0.5129617739722494,1.0404709137737413
188,1550617200,707,467,-240,1174,8,-1.319216985768632,0.008912960938548625
188,1550631600,138,81,-57,219,8,-0.43571576565642833,-1.3350677279531418
188,1550646000,74,220,146,294,8,0.5443429648505518,-1.2295195063124331
188,1550660400,781,1115,334,1896,8,1.4519835625614494,1.024990507933104
188,1550674800,534,594,60,1128,8,0.12914567015301337,-0.05582328166775269
188,1550689200,1124,858,-266,1982,8,-1.4447417492818413,1.14601913541445
188,1550703600,739,519,-220,1258,8,-1.2226594753738556,0.12712696917614233
188,1550718000,128,114,-14,242,8,-0.22811711830765916,-1.3026996066499912
188,1550732400,85,190,105,275,8,0.3464000685412602,-1.2562583891280792
188,1550746800,818,1270,452,2088,8,2.02167287389063,1.2951939553333183
188,1550761200,615,593,-22,1208,8,-0.2667401224655697,0.05676148808233655
188,1550775600,1007,913,-94,1920,8,-0.6143471598867646,1.0587659388581308
188,1550790000,837,668,-169,1505,8,-0.9764378238671759,0.4747324457795429
188,1550804400,206,118,-88,324,8,-0.5853799067683316,-1.1873002176561496
188,1550818800,73,187,114,260,8,0.38985094821890953,-1.277368033456221
188,1550833200,730,1220,490,1950,8,2.205132143640705,1.1009852275144143
188,1550847600,619,537,-82,1156,8,-0.5564126536498988,-0.016418612255221454
188,1550862000,1053,1070,17,2123,8,-0.0784529771957558,1.3444497920989822
188,1550876400,860,762,-98,1622,8,-0.6336586619657198,0.6393876715390484
188,1551495600,7193,2702,-4491,9895,9,-4.095993837395485,4.010249551680581
188,1551510000,69,81,12,150,9,0.23477428804481817,-0.580242844854813
188,1551524400,345,286,-59,631,9,0.16648991387065395,-0.353662358171024
188,1551538800,574,610,36,1184,9,0.2578563300191835,-0.09316545768009808
188,1551553200,681,689,8,1370,9,0.23092728104909063,-0.005548055344994627
188,1551567600,582,609,27,1191,9,0.24920056427879653,-0.08986802855995979
188,1551582000,301,226,-75,527,9,0.1511018858877437,-0.4026527336702216
188,1551596400,69,81,12,150,9,0.23477428804481817,-0.580242844854813
188,1551610800,288,241,-47,529,9,0.17803093485783664,-0.4017106110644678
188,1551625200,530,546,16,1076,9,0.23862129504054574,-0.14404007839080332
188,1551639600,684,654,-30,1338,9,0.1943807145896788,-0.020622017037055438
188,1551654000,434,308,-126,742,9,0.10205254669221728,-0.301374553551688
188,1551668400,123,78,-45,201,9,0.1799544383557004,-0.5562187184080911
188,1551682800,71,196,125,267,9,0.3434522356741218,-0.5251286724182157
188,1551697200,676,1111,435,1787,9,0.6415952778430078,0.1908845079546728
188,1551711600,477,602,125,1079,9,0.3434522356741218,-0.1426268944821726
188,1551726000,851,765,-86,1616,9,0.1405226166494929,0.11033302516272285
188,1551740400,577,562,-15,1139,9,0.20880699082365714,-0.1143632163095586
188,1551754800,126,100,-26,226,10,-0.14683572352559457,-1.3745935301756487
188,1551769200,86,207,121,293,10,0.5750067770361986,-1.2799567274841073
188,1551783600,864,1353,489,2217,10,2.3820682750412323,1.4376732483147867
188,1551798000,632,610,-22,1242,10,-0.12719375072119204,0.06049589571399586
188,1551812400,1094,882,-212,1976,10,-1.0601874589303126,1.0972632565437195
188,1551826800,810,631,-179,1441,10,-0.8981411832939917,0.3415813246037983
188,1551841200,164,130,-34,294,10,-0.18611966913439967,-1.2785442378916962
188,1551855600,88,195,107,283,10,0.5062598722207898,-1.294081623408218
188,1551870000,794,1199,405,1993,10,1.969586846148779,1.1212755796147076
188,1551884400,685,646,-39,1331,10,-0.21067213513990285,0.18620746943858088
188,1551898800,1126,916,-210,2042,10,-1.0503664725281114,1.1904875696428499
188,1551913200,864,625,-239,1489,10,-1.1927707753600298,0.40938082503952955
188,1551927600,154,146,-8,300,10,-0.05844684590578316,-1.2700693003372296
188,1551942000,97,220,123,317,10,0.5848277634383999,-1.2460569772662415
188,1551956400,854,1395,541,2249,10,2.637413921498465,1.4828729152719409
188,1551970800,646,702,56,1348,10,0.2558247189646574,0.21021979250956901
188,1551985200,1214,926,-288,2140,10,-1.4333849422139606,1.3289115496991344
188,1551999600,926,617,-309,1543,10,-1.536505299437074,0.48565526302972717
188,1552014000,199,146,-53,345,10,-0.27941903995531175,-1.2065072686787317
188,1552028400,80,201,121,281,10,0.5750067770361986,-1.29690660259304
188,1552042800,855,1232,377,2087,10,1.8320930365179613,1.254049601301348
188,1552057200,691,716,25,1407,10,0.10359942973053778,0.293556678461822
188,1552071600,1231,1066,-165,2297,10,-0.8293942784785828,1.5506724157076721
188,1552086000,1033,771,-262,1804,10,-1.3057121189853442,0.8543150466490158
188,1552100400,341,314,-27,655,10,-0.15174621672669522,-0.7686354950313008
188,1552114800,71,93,22,164,10,0.08886795012723588,-1.462167884905135
188,1552129200,362,381,19,743,10,0.07413647052393398,-0.6443364108991269
188,1552143600,723,761,38,1484,10,0.16743584134484601,0.4023183770774742
188,1552158000,967,853,-114,1820,10,-0.5789591252224504,0.8769148801275929
188,1552172400,779,610,-169,1389,10,-0.8490362512829853,0.2681318657984228
188,1552190400,349,310,-39,659,10,-0.21067213513990285,-0.7629855366616565
188,1552204800,88,92,4,180,10,0.0004790725074244526,-1.4395680514265579
188,1552219200,356,351,-5,707,10,-0.04371536630248126,-0.6951860362259252
188,1552233600,613,842,229,1455,10,1.1053400427550673,0.3613561788975532
188,1552248000,833,653,-180,1486,10,-0.9030516764950923,0.40514335626229636
188,1552262400,815,624,-191,1439,10,-0.9570671017071993,0.33875634541897615
188,1552276800,76,46,-30,122,10,-0.16647769632999715,-1.5214924477863998
188,1552291200,241,511,270,752,10,1.3066702640001933,-0.6316240045674272
188,1552305600,809,1064,255,1873,10,1.2330128659836836,0.9517768285253795
188,1552320000,684,630,-54,1314,10,-0.28432953315641235,0.16219514636759272
188,1552334400,1083,896,-187,1979,10,-0.9374251289027967,1.1015007253209526
188,1552348800,522,487,-35,1009,11,-0.22529328835780238,-0.2054485374225081
188,1552363200,89,65,-24,154,11,-0.1621346116458456,-1.576250651662989
188,1552377600,239,459,220,698,11,1.2388396717830126,-0.7040677859941918
188,1552392000,742,1221,479,1963,11,2.7259394234554484,1.324078032151081
188,1552406400,672,596,-76,1268,11,-0.4607029015569138,0.20980029016612878
188,1552420800,1049,1016,-33,2065,11,-0.21380989259199207,1.4876123194639805
188,1552435200,656,456,-200,1112,11,-1.1726734390371534,-0.04031097278301158
188,1552449600,130,55,-75,185,11,-0.45496120367400866,-1.5265490545384803
188,1552464000,225,499,274,724,11,1.5488913574598913,-0.6623825755026684
188,1552478400,866,1130,264,1996,11,1.4914743786308395,1.3769861839287838
188,1552492800,725,674,-51,1399,11,-0.31716045448428487,0.4198296199503428
188,1552507200,1059,986,-73,2045,11,-0.44347780790819835,1.4555467729320395
188,1552521600,667,478,-189,1145,11,-1.1095147623251966,0.012597178994691188
188,1552536000,150,73,-77,223,11,-0.466444599439819,-1.4656245161277923
188,1552550400,231,439,208,670,11,1.1699392971881508,-0.7489595511389093
188,1552564800,809,1065,256,1874,11,1.4455407955675983,1.1813863500839432
188,1552579200,714,607,-107,1321,11,-0.6386955359269737,0.29477398847577263
188,1552593600,1056,968,-88,2024,11,-0.5296032761517757,1.4218779490735014
188,1552608000,750,521,-229,1271,11,-1.3391826776414029,0.21461012214591996
188,1552622400,226,85,-141,311,11,-0.833913263945749,-1.3245361113872516
188,1552636800,199,473,274,672,11,1.5488913574598913,-0.7457529964857151
188,1552651200,768,1025,257,1793,11,1.4512824934505035,1.051520886629582
188,1552665600,757,687,-70,1444,11,-0.42625271425948286,0.4919770996472102
188,1552680000,939,988,49,1927,11,0.2570093338062308,1.266360048393587
188,1552694400,752,525,-227,1277,11,-1.3276992818755926,0.22422978610550226
188,1552708800,239,165,-74,404,11,-0.4492195057911035,-1.1754313200137256
188,1552723200,70,140,70,210,11,0.3775849893472391,-1.4864671213735539
188,1552737600,482,466,-16,948,11,-0.11620102858260437,-0.30324845434492836
188,1552752000,806,812,6,1618,11,0.010116324841309086,0.7709473544750975
188,1552766400,941,876,-65,1817,11,-0.3975442248449571,1.0899995424679112
188,1552780800,642,586,-56,1228,11,-0.3458689438988107,0.14566919710224663
188,1552795200,216,129,-87,345,11,-0.5238615782688706,-1.2700246822829517
188,1552809600,93,92,-1,185,11,-0.030075560339027013,-1.5265490545384803
188,1552824000,528,421,-107,949,11,-0.6386955359269737,-0.3016451770183313
188,1552838400,709,600,-109,1309,11,-0.650178931692784,0.27553466055660797
188,1552852800,725,636,-89,1361,11,-0.5353449740346808,0.3589050815396548
188,1552867200,421,368,-53,789,11,-0.3286438502500952,-0.5581695492738599
188,1552881600,84,51,-33,135,11,-0.21380989259199207,-1.606712920868333
188,1552896000,209,499,290,708,11,1.6407585235863738,-0.6880350127282212
188,1552910400,830,1147,317,1977,11,1.795784366424813,1.3465239147234398
188,1552924800,708,613,-95,1321,11,-0.5697951613321118,0.29477398847577263
188,1552939200,1096,790,-306,1886,11,-1.7812934146250998,1.200625678003108
188,1552953600,234,243,9,477,12,0.32284459114069375,-0.6223053850960335
188,1552968000,0,2,2,2,12,0.2980041879252719,-1.2796148584122058
188,1552982400,227,457,230,684,12,1.1070916069418695,-0.3358568356719332
188,1552996800,837,1108,271,1945,12,1.252585397203626,1.4091268398053156
188,1553011200,690,618,-72,1308,12,0.03540563964795519,0.527640240852891
188,1553025600,1125,935,-190,2060,12,-0.3833325859834417,1.5682649228187047
188,1553040000,285,313,28,598,12,0.39026854272541023,-0.4548644455775981
188,1553054400,1,2,1,3,12,0.29445555889449737,-1.278231048994698
188,1553068800,217,463,246,680,12,1.1638696714342622,-0.34139207334196414
188,1553083200,776,1284,508,2060,12,2.093610477497194,1.5682649228187047
188,1553097600,693,692,-1,1385,12,0.2873583008329483,0.6341935660009862
188,1553112000,1203,1072,-131,2275,12,-0.17396347316774327,1.8657839475828668
188,1553126400,255,312,57,567,12,0.49317878461787223,-0.4977625375203377
188,1553140800,3,1,-2,4,12,0.2838096718021737,-1.2768472395771904
188,1553155200,207,466,259,673,12,1.2100018488343314,-0.35107873926451827
188,1553169600,802,1087,285,1889,12,1.3022662036344697,1.3316335124248826
188,1553184000,922,528,-394,1450,12,-1.10725290826145,0.7241411781389887
188,1553198400,1127,1122,-5,2249,12,0.27316378470985003,1.8298049027276657
188,1553212800,375,360,-15,735,12,0.23767749440210456,-0.26528255537903894
188,1553227200,2,6,4,8,12,0.305101445986821,-1.2713120019071593
188,1553241600,186,385,199,571,12,0.9970841069878583,-0.49222729985030683
188,1553242482,20,57,37,77,12,0.4222062040023812,-1.175829152099126
188,1553242546,3,2,-1,5,12,0.2873583008329483,-1.2754634301596826
188,1553256000,826,819,-7,1645,12,0.26606652664830094,0.9939840145529962
188,1553270400,805,361,-444,1166,12,-1.2846843598001774,0.3311393035667931
188,1553284800,1174,1073,-101,2247,12,-0.06750460224450676,1.8270372838926503
188,1553299200,728,395,-333,1123,12,-0.8907865373842023,0.2716354986139607
188,1553313600,154,40,-114,194,12,-0.11363677964457591,-1.0139234502507215
188,1553328000,87,65,-22,152,12,0.2128370911866827,-1.0720434457860462
188,1553342400,535,138,-397,673,12,-1.1178987953537736,-0.35107873926451827
188,1553356800,775,185,-590,960,12,-1.8027841982932618,0.04607456356020053
188,1553371200,952,145,-807,1097,12,-2.572836697971339,0.23565645375875968
188,1553385600,593,91,-502,684,12,-1.4905048435851014,-0.3358568356719332
188,1553400000,138,20,-118,158,12,-0.1278312957676741,-1.0637405892809997
188,1553414400,96,38,-58,134,12,0.0850864460787989,-1.0969520153011854
188,1553428800,514,130,-384,644,12,-1.0717666179537044,-0.39120921237224243
188,1553443200,674,169,-505,843,12,-1.501150730677425,-0.11583113828820399
188,1553457600,693,128,-565,821,12,-1.714068472523898,-0.14627494547337408
188,1553472000,350,73,-277,423,12,-0.6920633116608276,-0.697031093641451
188,1553486400,49,5,-44,54,12,0.1347672525096426,-1.2076567687018038
188,1553500800,231,504,273,735,12,1.259682655265175,-0.26528255537903894
188,1553515200,795,1248,453,2043,12,1.898435880804594,1.544740162721073
188,1553529600,697,610,-87,1307,12,-0.017823795813663057,0.5262564314353831
188,1553544000,1135,832,-303,1967,12,-0.7843276664609659,1.4395706469904856
188,1553558400,226,257,31,483,13,-0.06669457862137228,-0.8066288646222434
188,1553572800,0,3,3,3,13,-0.2566045652042628,-1.5230321383692995
188,1553587200,269,426,157,695,13,0.787900361001635,-0.49021741871729363
188,1553601600,882,1140,258,2022,13,1.4729328126042045,1.4903391318292551
188,1553616000,725,539,-186,1264,13,-1.5384969746387738,0.35901896203702915
188,1553630400,1068,1017,-51,2085,13,-0.6228595393284089,1.5843670615085563
188,1553644800,280,265,-15,545,13,-0.3786895565789781,-0.7140934417632486
188,1553659200,1,5,4,6,13,-0.24982206568344528,-1.5185546179083804
188,1553673600,217,448,231,665,13,1.2898053255421313,-0.5349926233264846
188,1553688000,817,1087,270,1904,13,1.5543228068540147,1.3142233270331038
188,1553702400,710,646,-64,1356,13,-0.7110320330990366,0.4963295895052149
188,1553716800,1132,979,-153,2111,13,-1.3146744904517957,1.623172238836522
188,1553731200,281,311,30,592,13,-0.0734770781421898,-0.6439456212088494
188,1553745600,0,2,2,2,13,-0.26338706472508033,-1.5245246451896057
188,1553760000,243,393,150,636,13,0.7404228643559124,-0.5782753211153693
188,1553774400,839,1037,198,1876,13,1.0659828413551533,1.2724331360645256
188,1553788800,663,611,-52,1274,13,-0.6296420388492264,0.3739440302400928
188,1553803200,1019,894,-125,1913,13,-1.1247645038689051,1.3276558884158611
188,1553817600,310,209,-101,519,13,-0.9619845153692848,-0.7528986190912141
188,1553832000,0,0,0,0,13,-0.2769520637667154,-1.5275096588302186
188,1553846400,185,443,258,628,13,1.4729328126042045,-0.5902153756778202
188,1553860800,738,865,127,1603,13,0.5844253753771095,0.8649787741208875
188,1553875200,731,492,-239,1223,13,-1.8979694492421022,0.2978261824044681
188,1553889600,1098,1112,14,2210,13,-0.1819970704752701,1.7709304140468523
188,1553904000,599,572,-27,1171,13,-0.46007955082878843,0.220215827748537
188,1553918400,190,159,-31,349,13,-0.4872095489120585,-1.0066247785432965
188,1553932800,90,153,63,243,13,0.15034540604478833,-1.1648305014957714
188,1553947200,425,516,91,941,13,0.34025539262767884,-0.12306074092192736
188,1553961600,550,810,260,1360,13,1.4864978116458394,0.5022996167864403
188,1553976000,821,995,174,1816,13,0.9032028528555328,1.1828827268461437
188,1553990400,655,576,-79,1231,13,-0.8127695259112994,0.309766236966919
188,1554004800,224,181,-43,405,13,-0.5685995431618687,-0.92304439660614
188,1554019200,72,100,28,172,13,-0.08704207718382484,-1.2707984857375234
188,1554033600,368,406,38,774,13,-0.019217081975649652,-0.3723093799130906
188,1554048000,554,778,224,1332,13,1.2423278288964088,0.4605094258178621
188,1554062400,661,621,-40,1282,13,-0.5482520445994161,0.3858840848025437
188,1554076800,372,318,-54,690,13,-0.6432070378908614,-0.49767995281882543
188,1554091200,64,53,-11,117,13,-0.3515595584957081,-1.3528863608543737
188,1554105600,204,432,228,636,13,1.2694578269796788,-0.5782753211153693
188,1554120000,675,1107,432,1782,13,2.6530877292264528,1.1321374949557272
188,1554134400,650,586,-64,1236,13,-0.7110320330990366,0.3172287710684509
188,1554148800,1027,806,-221,1833,13,-1.775884457867387,1.2082553427913518
188,1554163200,521,413,-108,934,14,0.07441939800912546,-0.12183238782198708
188,1554177600,85,40,-45,125,14,0.3243099146742854,-1.3127474837412836
188,1554192000,242,464,222,706,14,1.3833697233980582,-0.45746729742594205
188,1554206400,844,1012,168,1856,14,1.1691778519707783,1.2354280799624273
188,1554220800,716,566,-150,1282,14,-0.0921742797676478,0.3904524742051021
188,1554235200,1098,1047,-51,2145,14,0.30051081784903205,1.6608600487148089
188,1554249600,722,440,-282,1162,14,-0.615754409923221,0.2138025217819679
188,1554264000,118,40,-78,158,14,0.19341488213539207,-1.2641687468249216
188,1554278400,238,453,215,691,14,1.3556041104352627,-0.47954854147883386
188,1554292800,855,1039,184,1894,14,1.232642110171454,1.2913672315630864
188,1554307200,733,521,-212,1254,14,-0.33809828029526545,0.3492341519730375
188,1554321600,1109,1058,-51,2167,14,0.30051081784903205,1.6932458733257167
188,1554336000,808,468,-340,1276,14,-0.8458123459006697,0.38161997658394536
188,1554350400,115,66,-49,181,14,0.30844385012411646,-1.2303108392771542
188,1554364800,249,421,172,670,14,1.1850439165209472,-0.5104622831528823
188,1554379200,829,1054,225,1883,14,1.395269271810685,1.2751743192576326
188,1554393600,765,658,-107,1423,14,0.07838591414666768,0.5980161683022848
188,1554408000,1207,1040,-167,2247,14,-0.15960505410586556,1.811012508274473
188,1554422400,771,462,-309,1233,14,-0.7228503456368609,0.31832041029898894
188,1554436800,141,91,-50,232,14,0.30447733398657423,-1.155234609497322
188,1554451200,212,381,169,593,14,1.1731443681083205,-0.62381266929106
188,1554465600,811,1023,212,1834,14,1.343704562022636,1.2030422553515194
188,1554480000,834,638,-196,1472,14,-0.2746340220945899,0.6701482322083979
188,1554494400,1274,1115,-159,2389,14,-0.1278729250055278,2.020048285308515
188,1554508800,869,336,-533,1205,14,-1.6113499604463182,0.2771020880669243
188,1554523200,170,16,-154,186,14,-0.10804034431781669,-1.2229504245928569
188,1554537600,81,64,-17,145,14,0.4353723665254675,-1.2833058250040945
188,1554552000,564,115,-449,679,14,-1.2781626048927717,-0.49721353672114726
188,1554566400,749,121,-628,870,14,-1.9881689935128293,-0.21604569578099198
188,1554580800,792,128,-664,920,14,-2.130963574464349,-0.1424415489380194
188,1554595200,576,67,-509,643,14,-1.516153573145305,-0.5502085224480875
188,1554609600,172,20,-152,192,14,-0.10010731204273224,-1.2141179269717002
188,1554624000,53,44,-9,97,14,0.4671044956258053,-1.3539658059733481
188,1554638400,390,101,-289,491,14,-0.6435200228860165,-0.7739651288507242
188,1554652800,581,152,-429,733,14,-1.1988322821419273,-0.41772105813073684
188,1554667200,751,105,-646,856,14,-2.059566283988589,-0.2366548568970243
188,1554681600,336,55,-281,391,14,-0.6117878937856787,-0.9211734225366693
188,1554696000,52,10,-42,62,14,0.336209463086912,-1.405488708763429
188,1554710400,206,403,197,609,14,1.2842068199595027,-0.6002593423013088
188,1554724800,776,1067,291,1843,14,1.6570593368884714,1.2162910017832544
188,1554739200,640,507,-133,1147,14,-0.024743505429430053,0.19172127772907613
188,1554753600,959,869,-90,1828,14,0.14581668848488544,1.1942097577303628
188,1554768000,489,413,-76,902,15,-0.27236556560788644,-0.07083967709722733
188,1554782400,85,63,-22,148,15,-0.00528319504068124,-1.3149779128715082
188,1554796800,167,420,253,587,15,1.3548585069219379,-0.5906056509286577
188,1554811200,589,1082,493,1671,15,2.541891264998405,1.1980493193356931
188,1554825600,638,590,-48,1228,15,-0.13387841049896523,0.4670768545505387
188,1554840000,917,956,39,1873,15,0.2964209643037543,1.531359562872039
188,1554854400,533,383,-150,916,15,-0.638367332681464,-0.04773896714916376
188,1554868800,87,49,-38,136,15,-0.08441871224577908,-1.3347785213984198
188,1554883200,186,381,195,567,15,1.0679922570534581,-0.623606665140177
188,1554887453,250,108,-142,358,15,-0.598799574078915,-0.9684672636505547
188,1554894693,269,186,-83,455,15,-0.3069873543851167,-0.8084123447246856
188,1554897600,380,1107,727,1487,15,3.699248204122961,0.8944399885897147
188,1554912000,664,653,-11,1317,15,0.04912247303782352,0.6139313677918
188,1554926400,1008,990,-18,1998,15,0.01450068426059322,1.7376159016940353
188,1554940800,676,469,-207,1145,15,-0.920287612724625,0.33012264557273324
188,1554955200,93,55,-38,148,15,-0.08441871224577908,-1.3149779128715082
188,1554969600,221,414,193,635,15,1.058100317402821,-0.5114032168210112
188,1554984000,836,1039,203,1875,15,1.107560015656007,1.534659664293191
188,1554998400,730,542,-188,1272,15,-0.8263141860435713,0.5396790858158813
188,1555012800,1093,843,-250,1936,15,-1.1329643152133255,1.635312757638325
188,1555027200,707,444,-263,1151,15,-1.1972619229424675,0.340022949836189
188,1555041600,124,68,-56,192,15,-0.17344616910151414,-1.2423756816061655
188,1555056000,207,392,185,599,15,1.018532558800272,-0.570805042401746
188,1555070400,783,1039,256,1822,15,1.3696964163978937,1.4472069766326645
188,1555084800,765,670,-95,1435,15,-0.3663389922889401,0.8086373516397644
188,1555099200,1062,995,-67,2057,15,-0.2278518371800189,1.8349688936180175
188,1555113600,753,422,-331,1175,15,-1.5335878710641333,0.3796241668900123
188,1555128000,108,83,-25,191,15,-0.020121104516637085,-1.2440257323167416
188,1555142400,45,129,84,174,15,0.518989606443092,-1.272076594396533
188,1555156800,390,236,-154,626,15,-0.6581512119827384,-0.5262536732161949
188,1555171200,588,386,-202,974,15,-0.895557763598032,0.047963974064242465
188,1555185600,687,497,-190,1184,15,-0.8362061256942085,0.39447462328519606
188,1555200000,519,355,-164,874,15,-0.7076109102359246,-0.11704109699335447
188,1555214400,147,81,-66,228,15,-0.22290586735470028,-1.1829738560254306
188,1555228800,53,60,7,113,15,0.1381499298935586,-1.3727296877416673
188,1555243200,280,208,-72,488,15,-0.252581686306612,-0.7539606712756787
188,1555257600,468,373,-95,841,15,-0.3663389922889401,-0.17149277044236147
188,1555272000,552,358,-194,910,15,-0.855990004995483,-0.057639271412619576
188,1555286400,306,230,-76,536,15,-0.27236556560788644,-0.6747582371680322
188,1555300800,34,25,-9,59,15,0.059014412688460756,-1.4618324261127695
188,1555315200,217,353,136,570,15,0.7761800373596599,-0.6186565130084491
188,1555329600,766,885,119,1651,15,0.6920985503292435,1.1650483051241738
188,1555344000,677,540,-137,1217,15,-0.5740697249523219,0.44892629673420303
188,1555358400,1100,756,-344,1856,15,-1.5978854787932752,1.5033087007922474
188,1555372800,458,433,-25,891,16,0.5308977642662792,-0.32675081106869497
188,1555387200,78,44,-34,122,16,0.47687909538534956,-1.43031639675276
188,1555401600,211,410,199,621,16,1.8753624119694166,-0.7142185719720727
188,1555416000,845,1058,213,1903,16,1.9593914524508627,1.1255357594284099
188,1555430400,843,631,-212,1474,16,-0.5914901335930363,0.5098925393263763
188,1555444800,1288,939,-349,2227,16,-1.4137743154471871,1.5904970725124632
188,1555459200,739,415,-324,1154,16,-1.2637224574446049,0.05067148936681746
188,1555473600,87,45,-42,132,16,0.42886250082452326,-1.4159657389415237
188,1555488000,270,398,128,668,16,1.4492151352420828,-0.6467704802592625
188,1555502400,1071,1081,10,2152,16,0.7409703654698944,1.4828671389281916
188,1555516800,850,654,-196,1504,16,-0.4954569444713836,0.5529445127600849
188,1555531200,1431,979,-452,2410,16,-2.031987970417826,1.853114110458086
188,1555545600,841,468,-373,1309,16,-1.5578240991296661,0.27310668544097877
188,1555560000,110,53,-57,163,16,0.33883138602297386,-1.3714786997266915
188,1555574400,269,380,111,649,16,1.347179871800327,-0.6740367301006114
188,1555588800,1028,993,-35,2021,16,0.4708770210652463,1.2948735216009972
188,1555603200,866,647,-219,1513,16,-0.6335046538337593,0.5658601047901975
188,1555617600,1374,975,-399,2349,16,-1.7138780314523516,1.765575097809545
188,1555632000,859,522,-337,1381,16,-1.3417494236059475,0.37643142168187954
188,1555646400,155,42,-113,197,16,0.0027152240971895637,-1.3226864631684883
188,1555660800,176,230,54,406,16,1.0050616355544393,-1.0227577149136513
188,1555675200,884,694,-190,1578,16,-0.45944449855076386,0.659139380563233
188,1555689600,896,554,-342,1450,16,-1.3717597952064642,0.4754509605794094
188,1555704000,1127,1018,-109,2145,16,0.02672352137760273,1.4728216784603263
188,1555718400,833,649,-184,1482,16,-0.4234320526301441,0.5213730655753653
188,1555732800,190,93,-97,283,16,0.09874841321884223,-1.1992708059918569
188,1555747200,85,120,35,205,16,0.8910222234724767,-1.3112059369194993
188,1555761600,477,344,-133,821,16,-0.11732626230487626,-0.4272054157473485
188,1555776000,617,475,-142,1092,16,-0.17134493118580588,-0.03830258906284707
188,1555790400,734,698,-36,1432,16,0.464874946745143,0.4496197765191842
188,1555804800,681,455,-226,1136,16,-0.6755191740744824,0.024840305306592272
188,1555819200,209,135,-74,344,16,0.23679612258121793,-1.111731793343316
188,1555833600,78,98,20,176,16,0.8009911086709274,-1.3528228445720842
188,1555848000,459,276,-183,735,16,-0.4174299783100408,-0.5506210729239799
188,1555862400,528,542,14,1070,16,0.7649786627503076,-0.06987403624756675
188,1555876800,601,550,-51,1151,16,0.3748438319435936,0.046366292023446595
188,1555891200,367,333,-34,700,16,0.47687909538534956,-0.6008483752633067
188,1555905600,65,31,-34,96,16,0.47687909538534956,-1.467628107061974
188,1555920000,216,348,132,564,16,1.473223432522496,-0.7960173214961191
188,1555934400,971,950,-21,1921,16,0.5549060615466924,1.151366943488635
188,1555948800,758,519,-239,1277,16,-0.7535461402358251,0.2271845804450229
188,1555963200,1250,831,-419,2081,16,-1.8339195178544174,1.3809774684684146
188,1555977600,537,394,-143,931,17,-0.5494947035925564,-0.1717332216178471
188,1555992000,64,38,-26,102,17,0.20811227195530632,-1.4097057496282406
188,1556006400,255,327,72,582,17,0.8426890548928324,-0.6929062159189657
188,1556020800,949,948,-1,1897,17,0.36999410433732827,1.2708258399720687
188,1556035200,759,569,-190,1328,17,-0.8538325484707576,0.421119726054199
188,1556049600,1246,1013,-233,2259,17,-1.1322693001678354,1.8114121549778133
188,1556064000,835,466,-369,1301,17,-2.012906468326035,0.3807997522830523
188,1556078400,81,49,-32,130,17,0.16926063218362106,-1.3678924434951996
188,1556092800,252,339,87,591,17,0.9398181543220455,-0.6794662246619168
188,1556107200,976,989,13,1965,17,0.46064793047126057,1.3723724405808826
188,1556121600,765,620,-145,1385,17,-0.5624452501831181,0.5062396706821753
188,1556136000,1390,1036,-354,2426,17,-1.9157773688968218,2.060798659414165
188,1556150400,878,418,-460,1296,17,-2.6021563381965946,0.37333309047358065
188,1556164800,98,45,-53,143,17,0.03327989298272263,-1.3484791227905732
188,1556179200,242,293,51,535,17,0.7067083156919339,-0.7630928369279989
188,1556193600,1000,986,-14,1986,17,0.2858155514986769,1.4037324201806634
188,1556208000,634,547,-87,1181,17,-0.1868793990568272,0.20159986885573355
188,1556222400,1030,1041,11,2071,17,0.4476973838806988,1.5306656709416806
188,1556236800,726,514,-212,1240,17,-0.996288560966937,0.2897064782074986
188,1556251200,116,61,-55,177,17,0.020329346392160875,-1.2977058224861664
188,1556263257,51,176,125,227,17,1.185878539542719,-1.2230392043914502
188,1556265600,156,255,99,411,17,1.0175214338654162,-0.9482660498028949
188,1556280000,736,1037,301,1773,17,2.325526639512153,1.0856526270971725
188,1556294400,667,642,-25,1309,17,0.2145875452505872,0.39274641117820686
188,1556308800,967,1031,64,1998,17,0.7908868685305853,1.4216524085233953
188,1556323200,749,473,-276,1222,17,-1.410706051864913,0.2628264956934008
188,1556337600,163,116,-47,279,17,0.0721315327544079,-1.1453859215729454
188,1556352000,67,137,70,204,17,0.8297385083022706,-1.2573858487150196
188,1556366400,536,352,-184,888,17,-0.8149809086990724,-0.23594651317930299
188,1556380800,646,529,-117,1175,17,-0.38113759791525353,0.19263987468436763
188,1556395200,724,632,-92,1356,17,-0.21925576553323162,0.46293303218724
188,1556409600,566,447,-119,1013,17,-0.3940881445058153,-0.049279967942512645
188,1556424000,222,138,-84,360,17,-0.16745357917098458,-1.0244260002595054
188,1556438400,67,95,28,162,17,0.5577770299004737,-1.3201058079145813
188,1556452800,419,296,-123,715,17,-0.4199892376869388,-0.4942930117870208
188,1556467200,565,494,-71,1059,17,-0.08327502633233318,0.019413320704626195
188,1556481600,607,486,-121,1093,17,-0.4070386910963771,0.07018662100903317
188,1556496000,346,295,-51,641,17,0.04623043957328438,-0.6047996065672007
188,1556510400,50,55,5,105,17,0.40884574410901353,-1.4052257525425575
188,1556524800,230,358,128,588,17,1.2053043594285615,-0.6839462217475998
188,1556539200,758,1114,356,1872,17,2.6816666707526013,1.2334925309247105
188,1556553600,610,528,-82,1138,17,-0.15450303258042283,0.1373865772942777
188,1556568000,1004,860,-144,1864,17,-0.5559699768878372,1.221545872029556
188,1556582400,558,478,-80,1036,18,-0.12608416041272105,-0.0601006276471418
188,1556596800,77,64,-13,141,18,0.19704956217507222,-1.4774046384727753
188,1556611200,227,342,115,569,18,0.8143796590592146,-0.7996324411170533
188,1556625600,783,1080,297,1863,18,1.6921458905663544,1.2495199499537508
188,1556640000,689,535,-154,1224,18,-0.48297812267386586,0.2376123936212594
188,1556654400,1055,902,-153,1957,18,-0.47815523129195847,1.3983764605879514
188,1556668800,658,418,-240,1076,18,-0.897746781517899,0.0032425683674116475
188,1556683200,94,73,-21,167,18,0.15846643111981332,-1.4362315610633154
188,1556697600,218,412,194,630,18,1.1953880782298962,-0.7030340671948593
188,1556712000,768,1114,346,1882,18,1.9284675682798154,1.2796079680606636
188,1556726400,660,592,-68,1252,18,-0.06820946382983271,0.28195263083144684
188,1556740800,1109,956,-153,2065,18,-0.47815523129195847,1.5694030898272457
188,1556755200,684,442,-242,1126,18,-0.9073925642817138,0.08242156338560346
188,1556769600,93,58,-35,151,18,0.09094595177311025,-1.4615688394691368
188,1556784000,204,375,171,579,18,1.084461576446027,-0.7837966421134149
188,1556798400,775,1052,277,1827,18,1.5956880629282073,1.1925110735406526
188,1556812800,673,613,-60,1286,18,-0.029626332774573813,0.33579434744381725
188,1556827200,1131,904,-227,2035,18,-0.8350491935531034,1.5218956928163305
188,1556841600,786,466,-320,1252,18,-1.2835780920704882,0.28195263083144684
188,1556856000,123,78,-45,201,18,0.04271703795403663,-1.382389844450945
188,1556870400,199,346,147,545,18,0.9687121832802502,-0.8376383587257854
188,1556884800,784,915,131,1699,18,0.8915459211697324,0.9898128462940816
188,1556899200,760,587,-173,1347,18,-0.5746130589301057,0.43239272136601126
188,1556913600,1005,1048,43,2053,18,0.46713147956188456,1.5504001310228797
188,1556928000,775,534,-241,1309,18,-0.9025696728998064,0.3722166851521855
188,1556942400,194,148,-46,342,18,0.037894146572129264,-1.1591050784996442
188,1556956800,95,141,46,236,18,0.48160015370760667,-1.3269645479382108
188,1556971200,529,331,-198,860,18,-0.6951853434777898,-0.338810690111177
188,1556985600,504,626,122,1130,18,0.8481398987325662,0.0887558829870588
188,1557000000,1495,644,-851,2139,18,-3.8445334158632973,1.6865880024541695
188,1557014400,669,378,-291,1047,18,-1.1437142419951745,-0.0426812487431396
188,1557028800,215,127,-88,342,18,-0.16466729146797995,-1.1591050784996442
188,1557043200,76,89,13,165,18,0.3224447381046637,-1.439398720864043
188,1557057600,451,333,-118,784,18,-0.3093540329252008,-0.45916276253882854
188,1557072000,684,636,-48,1320,18,0.028248363808314535,0.38963606405618767
188,1557086400,766,483,-283,1249,18,-1.1051311109399156,0.2772018911303553
188,1557100800,430,293,-137,723,18,-0.40098896918144067,-0.5557611364610225
188,1557115200,60,40,-20,100,18,0.16328932250172068,-1.5423314143876925
188,1557129600,224,387,163,611,18,1.0458784453907681,-0.7331220853017721
188,1557144000,817,1001,184,1818,18,1.1471591644108228,1.1782588544373782
188,1557158400,622,556,-66,1178,18,-0.05856368106601799,0.16476771820452293
188,1557172800,965,825,-140,1790,18,-0.4154576433271628,1.1339186172271907
188,1557187200,482,394,-88,876,19,-0.2374557733025471,-0.2951563995922068
188,1557201600,71,63,-8,134,19,0.20628805222390353,-1.5044982398356375
188,1557216000,222,424,202,646,19,1.3711155942308366,-0.6700197732525695
188,1557230400,746,986,240,1732,19,1.5818939113559005,1.09998728672636
188,1557244800,654,542,-112,1196,19,-0.3705789209604823,0.22639264202221074
188,1557259200,1009,945,-64,1954,19,-0.10433262564461192,1.4618119343463623
188,1557273600,764,406,-358,1170,19,-1.735091184454318,0.18401678239103933
188,1557288000,88,34,-54,122,19,-0.04886464745380558,-1.5240563288961781
188,1557302400,224,413,189,637,19,1.2990072225827882,-0.6846883400479749
188,1557316800,810,1097,287,1907,19,1.8425934088526903,1.3852094188592448
188,1557331200,635,588,-47,1223,19,-0.010037062720241149,0.2703983424084272
188,1557345600,1165,963,-202,2128,19,-0.8697907246777392,1.7454042257242017
188,1557360000,702,509,-193,1211,19,-0.8198695443060134,0.25084025334788657
188,1557374400,91,68,-23,159,19,0.12308608493769405,-1.463752220959511
188,1557388800,199,376,177,575,19,1.2324456487538207,-0.7857384668607683
188,1557403200,840,1080,240,1920,19,1.5818939113559005,1.4063973486748305
188,1557417600,728,570,-158,1298,19,-0.6257316206381914,0.3926363990368063
188,1557432000,1083,990,-93,2073,19,-0.2651897623979503,1.6557629841967239
188,1557446400,815,447,-368,1262,19,-1.7905591626451243,0.33396213185518436
188,1557460800,127,96,-31,223,19,0.07871170238504897,-1.3594424126366276
188,1557475200,202,369,167,571,19,1.1769776705630144,-0.7922578298809485
188,1557489600,752,973,221,1725,19,1.4765047527933686,1.0885784014410447
188,1557504000,733,610,-123,1343,19,-0.43159369697036926,0.4659792330138338
188,1557518400,1046,956,-90,2002,19,-0.24854936894070837,1.540044290588525
188,1557532800,754,492,-262,1246,19,-1.2025985938225772,0.3078846797744635
188,1557547200,250,154,-96,404,19,-0.28183015585519217,-1.0644412359734727
188,1557561600,89,136,47,225,19,0.5113619322733384,-1.3561827311265375
188,1557576000,568,326,-242,894,19,-1.0916626374409646,-0.2658192660013958
188,1557590400,741,506,-235,1247,19,-1.0528350527074002,0.30951452052950856
188,1557604800,813,602,-211,1415,19,-0.9197119050494649,0.5833277673770777
188,1557619200,699,437,-262,1136,19,-1.2025985938225772,0.12860219671950746
188,1557633600,234,114,-120,348,19,-0.41495330351312737,-1.1557123182559956
188,1557648000,70,100,30,170,19,0.41706636934896757,-1.4458239726540154
188,1557662400,423,319,-104,742,19,-0.32620453840783725,-0.5135550607682441
188,1557676800,431,537,106,968,19,0.8386230035990958,-0.14521105012806176
188,1557691200,736,451,-285,1187,19,-1.3301749436614316,0.21172407522680525
188,1557705600,387,301,-86,688,19,-0.22636217766438585,-0.601566461540677
188,1557720000,62,44,-18,106,19,0.15082007403309722,-1.550133780976899
188,1557734400,228,411,183,639,19,1.2657264356683045,-0.6814286585378848
188,1557748800,732,1050,318,1782,19,2.01454414124419,1.1814793244786128
188,1557763200,690,536,-154,1226,19,-0.6035444293618689,0.27528786467356237
188,1557777600,1053,835,-218,1888,19,-0.9585394897830293,1.3542424445133887
188,1557792000,445,363,-82,808,20,-0.27173691689984114,-0.4251645564999962
188,1557806400,65,48,-17,113,20,0.12223110388431513,-1.5409205040172929
188,1557820800,231,420,189,651,20,1.3708066774464103,-0.677213022342033
188,1557835200,734,1063,329,1797,20,2.219353183750747,1.1625802378807326
188,1557849600,788,592,-196,1380,20,-0.9626962148905153,0.49312666937035454
188,1557864000,1111,898,-213,2009,20,-1.065734004941756,1.5029259369795338
188,1557878400,683,419,-264,1102,20,-1.3748473750954786,0.046824290363435835
188,1557892800,94,53,-41,147,20,-0.023234011482142564,-1.4863367598222021
188,1557907200,220,385,165,605,20,1.2253415620799526,-0.7510616174295087
188,1557921600,780,1156,376,1936,20,2.50422236801006,1.3857314273841919
188,1557936000,706,606,-100,1312,20,-0.3808357534246844,0.38395918098017295
188,1557950400,1167,876,-291,2043,20,-1.5384956298827437,1.5575096811746247
188,1557964800,707,420,-287,1127,20,-1.514251443988334,0.08695939638923787
188,1557979200,124,63,-61,187,20,-0.14445494095419065,-1.4221205901809189
188,1557993600,230,402,172,632,20,1.2677688873951694,-0.7077157029216425
188,1558008000,803,978,175,1781,20,1.2859520268159768,1.1368937700242192
188,1558022400,713,554,-159,1267,20,-0.7384374953672262,0.3117159901337293
188,1558036800,1123,1036,-87,2159,20,-0.30204214926785317,1.7437365731343462
188,1558051200,718,624,-94,1342,20,-0.34446947458307,0.4321213082111354
188,1558065600,120,78,-42,198,20,-0.029295057955744965,-1.404461143529566
188,1558080000,209,341,132,550,20,1.0253270284510734,-0.8393588506862733
188,1558094400,766,911,145,1677,20,1.1041206326079045,0.9699317289568827
188,1558108800,771,617,-154,1388,20,-0.7081322629992143,0.5059699032986111
188,1558123200,1052,1001,-51,2053,20,-0.0838444762181666,1.5735637235849453
188,1558137600,722,479,-243,1201,20,-1.2475653991498281,0.20575931022561192
188,1558152000,191,159,-32,350,20,0.031315406780279074,-1.1604396988926895
188,1558166400,85,147,62,232,20,0.601053775298905,-1.3498773993344753
188,1558180800,472,377,-95,849,20,-0.3505305210566724,-0.35934298261768083
188,1558195200,703,568,-135,1271,20,-0.5929723800007686,0.3181376070978576
188,1558209600,810,772,-38,1582,20,-0.005050872061335351,0.817418326058835
188,1558224000,623,509,-114,1132,20,-0.4656904040551181,0.09498641759439828
188,1558238400,228,153,-75,381,20,-0.2293095915846243,-1.110672167420695
188,1558252800,80,86,6,166,20,0.2616351727771704,-1.4558340792425926
188,1558267200,466,291,-175,757,20,-0.8354142389448648,-0.5070401727926324
188,1558281600,636,551,-85,1187,20,-0.2899200563206483,0.18328365085116277
188,1558296000,746,475,-271,1221,20,-1.4172747004106956,0.23786739504625354
188,1558310400,446,326,-120,772,20,-0.5020566828967326,-0.48295910917715107
188,1558324800,79,42,-37,121,20,0.001010174412267053,-1.5280772700890362
188,1558339200,204,377,173,581,20,1.2738299338687717,-0.7895913192142787
188,1558353600,758,1048,290,1806,20,1.9829723712802532,1.1770288760500214
188,1558368000,698,561,-137,1259,20,-0.6050944729479734,0.29887275620547266
188,1558382400,1003,924,-79,1927,20,-0.2535537774790339,1.371282789214903
188,1558396800,495,483,-12,978,21,0.16558123117081705,-0.005917650175213045
188,1558411200,84,42,-42,126,21,-0.021869219211239986,-1.4271068707780603
188,1558425600,233,381,148,614,21,1.165316966541788,-0.613092387615866
188,1558440000,805,1094,289,1899,21,2.046334083337456,1.5303678805468788
188,1558454400,646,522,-124,1168,21,-0.5342337835888625,0.3110142182690839
188,1558468800,1086,967,-119,2053,21,-0.5029920418585196,1.787249500233309
188,1558483200,701,479,-222,1180,21,-1.1465719215035821,0.3310309678550395
188,1558497600,85,49,-36,134,21,0.015620870865171419,-1.4137623710540899
188,1558512000,225,440,215,665,21,1.5839563057283819,-0.5280212018755548
188,1558526400,753,1108,355,1861,21,2.4587250741779814,1.4669815068580194
188,1558540800,744,622,-122,1366,21,-0.5217370868967254,0.6412905864373512
188,1558555200,1180,972,-208,2152,21,-1.0590950446586223,1.9523876843174426
188,1558569600,698,478,-220,1176,21,-1.134075224811445,0.32435871799305427
188,1558584000,110,91,-19,201,21,0.12184279274833706,-1.3020021858658377
188,1558598400,215,385,170,600,21,1.3027806301552964,-0.6364452621328143
188,1558612800,749,1109,360,1858,21,2.4899668159083244,1.4619773194615306
188,1558627200,754,668,-86,1422,21,-0.296796546438257,0.734702084505144
188,1558641600,1015,970,-45,1985,21,-0.04061426424944569,1.6738212525795606
188,1558656000,709,437,-272,1146,21,-1.4589893388070105,0.2743168440281653
188,1558670400,123,79,-44,202,21,-0.03436591590337712,-1.3003341234003416
188,1558684800,207,333,126,540,21,1.0278533029282795,-0.7365290100625923
188,1558699200,724,902,178,1626,21,1.3527674169238448,1.0749868274663892
188,1558713600,935,586,-349,1521,21,-1.9401121614542902,0.8998402685892777
188,1558728000,899,977,78,1876,21,0.7279325823169881,1.492002443840464
188,1558742400,706,519,-187,1225,21,-0.9278797293911824,0.40609377880237296
188,1558756800,212,125,-87,337,21,-0.30304489478432556,-1.075145690558341
188,1558771200,92,141,49,233,21,0.5467304802809997,-1.2486241869699561
188,1558785600,474,307,-167,781,21,-0.8029127624698109,-0.33452595587798406
188,1558800000,613,485,-128,1098,21,-0.5592271769731368,0.1942498456843429
188,1558814400,717,642,-75,1359,21,-0.2280647146315027,0.6296141491788771
188,1558828800,576,360,-216,936,21,-1.1090818314271709,-0.07597627372605763
188,1558843200,173,151,-22,324,21,0.10309774771013136,-1.0968305026097929
188,1558857600,68,69,1,137,21,0.24680975966970842,-1.408758183657601
188,1558872000,440,275,-165,715,21,-0.7904160657776738,-0.4446180786007398
188,1558886400,542,446,-96,988,21,-0.35928002989894264,0.010762974479749951
188,1558900800,669,540,-129,1209,21,-0.5654755253192054,0.3794047793544322
188,1558915200,426,370,-56,796,21,-0.10934609605619994,-0.30950501889553955
188,1558929600,122,86,-36,208,21,0.015620870865171419,-1.2903257486073638
188,1558944000,69,89,20,158,21,0.3655283782450112,-1.3737288718821787
188,1558958400,423,221,-202,644,21,-1.0216049545822108,-0.5630505136509771
188,1558972800,470,364,-106,834,21,-0.4217635133596283,-0.2461186452066802
188,1558987200,454,440,-14,894,21,0.1530845344786799,-0.14603489727690222
188,1559001600,334,330,-4,664,22,0.2672119129385518,-0.5837827046556764
188,1559016000,61,75,14,136,22,0.3810216065619575,-1.4464444797235965
188,1559030400,210,309,99,519,22,0.9184562708947067,-0.820687926975465
188,1559044800,766,1013,247,1779,22,1.8542248629093758,1.2379367635275262
188,1559059200,688,543,-145,1231,22,-0.6242973537781263,0.3425984060706697
188,1559073600,974,909,-65,1883,22,-0.11847649322965649,1.4078549919499954
188,1559088000,612,338,-274,950,22,-1.439933491412534,-0.1165075764938863
188,1559102400,74,39,-35,113,22,0.0712063294760197,-1.4840225494708734
188,1559116800,252,403,151,655,22,1.247239830251212,-0.5984871667306977
188,1559131200,769,1142,373,1911,22,2.650892718273216,1.4536022072945063
188,1559145600,703,602,-101,1305,22,-0.34609588047646794,0.4635017609097343
188,1559160000,1148,906,-242,2054,22,-1.237605147193146,1.6872397713754013
188,1559174400,636,338,-298,974,22,-1.591679749577075,-0.07729567762716265
188,1559188800,92,53,-39,145,22,0.0459152864485962,-1.431740017648575
188,1559203200,243,401,158,644,22,1.2914991555492032,-0.6164592870446127
188,1559217600,820,1025,205,1845,22,1.5886689111214292,1.3457694854110163
188,1559232000,716,592,-124,1308,22,-0.491519377884153,0.4684032482680747
188,1559246400,1116,911,-205,2027,22,-1.0036629991894788,1.6431263851503373
188,1559260800,728,447,-281,1175,22,-1.4841928167105252,0.25110397538164786
188,1559275200,104,73,-31,177,22,0.09649737250344319,-1.379457485826277
188,1559289600,200,363,163,563,22,1.3231129593334825,-0.7487994457198051
188,1559304000,777,958,181,1735,22,1.4369226529568884,1.1660482822718663
188,1559318400,822,557,-265,1379,22,-1.383028644600831,0.5844051157487988
188,1559332800,1030,973,-57,2003,22,-0.06789440717480952,1.6039144862836134
188,1559347200,712,518,-194,1230,22,-0.9341126308640642,0.3409645769512229
188,1559361600,224,145,-79,369,22,-0.20699514382563872,-1.0657622948924879
188,1559376000,96,121,25,217,22,0.4505719748873721,-1.3141043210484042
188,1559390400,492,274,-218,766,22,-1.0858588890286052,-0.4171321344721009
188,1559404800,631,460,-171,1091,22,-0.788689133456379,0.1138623293481151
188,1559419200,696,607,-89,1303,22,-0.27022275139419744,0.46023410267084064
188,1559433600,559,388,-171,947,22,-0.788689133456379,-0.12140906385222675
188,1559448000,172,169,-3,341,22,0.2735346736954076,-1.1115095102369987
188,1559462400,71,83,12,154,22,0.36837608504824576,-1.4170355555735539
188,1559476800,464,298,-166,762,22,-0.7570753296720997,-0.42366745094988817
188,1559491200,600,506,-94,1106,22,-0.3018365551784768,0.13836976613981739
188,1559505600,669,501,-168,1170,22,-0.7697208511858115,0.24293482978441377
188,1559520000,424,367,-57,791,22,-0.06789440717480952,-0.3762864064859304
188,1559534400,48,43,-5,91,22,0.2608891521816959,-1.5199667900987033
188,1559548800,227,317,90,544,22,0.8615514240830038,-0.7798421989892946
188,1559563200,802,986,184,1788,22,1.4558909352274558,1.2526412256025476
188,1559577600,623,548,-75,1171,22,-0.18170410079821522,0.2445686589038606
188,1559592000,1034,845,-189,1879,22,-0.9024988270797848,1.4013196754722081
188,1559606400,436,464,28,900,23,0.4789486767830869,-0.1846810282949257
188,1559620800,70,75,5,145,23,0.3235357033963009,-1.447072795320598
188,1559635200,228,358,130,586,23,1.1681714283244857,-0.7097022400115629
188,1559649600,782,905,123,1687,23,1.1208718277285072,1.1312160851477286
188,1559664000,660,520,-140,1180,23,-0.6562417375203935,0.283490752853668
188,1559678400,1042,827,-215,1869,23,-1.1630231724773044,1.4355277428943145
188,1559692800,556,410,-146,966,23,-0.6967842523169464,-0.07432625130990005
188,1559707200,71,59,-12,130,23,0.20866524480606774,-1.4721534264535583
188,1559721600,247,402,155,649,23,1.3370985733101226,-0.6043635892531293
188,1559736000,818,938,120,1756,23,1.1006005703302308,1.2465869883593463
188,1559750400,681,660,-21,1341,23,0.14785147261123843,0.5526895270141093
188,1559764800,1185,758,-427,1943,23,-2.5955253619555054,1.5592588564835856
188,1559779200,561,410,-151,971,23,-0.7305696813140737,-0.06596604093224659
188,1559793600,90,63,-27,153,23,0.10730895781468557,-1.4336964587163523
188,1559808000,231,360,129,591,23,1.1614143425250603,-0.7013420296339095
188,1559822400,799,925,126,1724,23,1.1411430851267839,1.1930816419423642
188,1559836800,678,555,-123,1233,23,-0.5413712789301603,0.3721089828567946
188,1559851200,1090,1001,-89,2091,23,-0.3116303617496941,1.8067210836621281
188,1559865600,613,470,-143,1083,23,-0.6765129949186699,0.12130267152719088
188,1559880000,93,65,-28,158,23,0.10055187201526009,-1.4253362483386989
188,1559894400,210,379,169,589,23,1.4316977745020794,-0.7046861137849708
188,1559908800,797,914,117,1711,23,1.0803293129319544,1.1713450949604651
188,1559923200,803,549,-254,1352,23,-1.426549518654898,0.571081989844947
188,1559937600,1102,1136,34,2238,23,0.5194911915796397,2.05251126876514
188,1559952000,636,495,-141,1131,23,-0.662998823319819,0.20156069115266406
188,1559966400,157,155,-2,312,23,0.2762361028003225,-1.1678417687069724
188,1559980800,95,100,5,195,23,0.3235357033963009,-1.3634706915440633
188,1559995200,471,287,-184,758,23,-0.9535535126951146,-0.4221110030202839
188,1560009600,617,566,-51,1183,23,-0.05486110137152592,0.28850687908026
188,1560024000,711,571,-140,1282,23,-0.6562417375203935,0.4540390445577985
188,1560038400,468,481,13,949,23,0.3775923897917047,-0.1027509665939218
188,1560052800,174,179,5,353,23,0.3235357033963009,-1.099288043610214
188,1560067200,58,102,44,160,23,0.5870620495738945,-1.4219921641876374
188,1560081600,471,297,-174,768,23,-0.8859826547008598,-0.405390582264977
188,1560096000,589,510,-79,1099,23,-0.2440595037554393,0.14805534473568194
188,1560110400,690,478,-212,1168,23,-1.142751915079028,0.2634262479472997
188,1560124800,315,298,-17,613,23,0.17487981580894035,-0.6645571039722342
188,1560139200,65,49,-16,114,23,0.18163690160836582,-1.4989060996620494
188,1560153600,197,397,200,594,23,1.6411674342842693,-0.6963259034073174
188,1560168000,729,932,203,1661,23,1.6614386916825457,1.0877429911839307
188,1560182400,773,558,-215,1331,23,-1.1630231724773044,0.5359691062588023
188,1560196800,1061,661,-400,1722,23,-2.4130840453710176,1.1897375577913027
188,1560211200,481,396,-85,877,24,-0.3272200813963832,-0.4237363351971397
188,1560225600,74,88,14,162,24,0.31110086556404903,-1.5171672392547215
188,1560240000,216,392,176,608,24,1.355626051499302,-0.8351110389614607
188,1560254400,839,946,107,1785,24,0.9107356945268794,0.9648444492564048
188,1560268800,685,527,-158,1212,24,-0.7979011837005403,0.0885704520186504
188,1560283200,1087,913,-174,2000,24,-0.9010641650274789,1.2936383574695238
188,1560297600,614,407,-207,1021,24,-1.1138378140142897,-0.2035208803939344
188,1560312000,93,60,-33,153,24,0.008059607916167074,-1.530930705179922
188,1560326400,210,419,209,629,24,1.5683997004861125,-0.8029962851359932
188,1560340800,848,1022,174,1870,24,1.3427306788334346,1.0948327385499634
188,1560355200,706,685,-21,1391,24,0.08543184391137099,0.3623104965309681
188,1560369600,1162,934,-228,2096,24,-1.2492392270058965,1.4404486606716607
188,1560384000,641,437,-204,1078,24,-1.0944947550154887,-0.11635226286766565
188,1560398400,93,59,-34,152,24,0.0016119215832334148,-1.5324599791716107
188,1560412800,195,345,150,540,24,1.1879862068430267,-0.9391016703963077
188,1560427200,858,1015,157,1873,24,1.2331200111735623,1.0994205605250302
188,1560441600,701,475,-226,1176,24,-1.2363438543400291,0.033516588317849066
188,1560456000,963,945,-18,1908,24,0.10477490291017197,1.1529451502341426
188,1560470400,735,469,-266,1204,24,-1.4942513076573756,0.07633626008513898
188,1560484800,118,78,-40,196,24,-0.03707419641436854,-1.465171923537298
188,1560499200,227,319,92,546,24,0.8140203995328745,-0.9299260264461741
188,1560513600,825,985,160,1810,24,1.2524630701723634,1.003076299048628
188,1560528000,817,547,-270,1364,24,-1.52004205298911,0.3210200987553671
188,1560542400,1072,975,-97,2047,24,-0.40459231739158713,1.3655142350789033
188,1561161600,8933,4964,-3969,13897,25,-4.106821958138495,4.070586011766064
188,1561176000,199,141,-58,340,25,0.1667593962987457,-0.3850620955791749
188,1561190400,61,86,25,147,25,0.2574541680753478,-0.44849353946186515
188,1561204800,368,315,-53,683,25,0.1722229367672157,-0.2723316020467255
188,1561219200,420,489,69,909,25,0.30553332419788387,-0.19805436724108827
188,1561233600,553,603,50,1156,25,0.28477187041769786,-0.11687526548448474
188,1561248000,501,446,-55,947,25,0.1700375205798277,-0.18556527466314926
188,1561262400,192,137,-55,329,25,0.1700375205798277,-0.3886773592201573
188,1561276800,60,92,32,152,25,0.26510312473120584,-0.44685023780687316
188,1561291200,300,284,-16,584,25,0.21265313623389376,-0.3048689748155666
188,1561305600,364,504,140,868,25,0.383115598850158,-0.21152944081202246
188,1561320000,462,496,34,958,25,0.26728854091859383,-0.1819500110221669
188,1561334400,387,328,-59,715,25,0.1656666882050517,-0.2618144714547769
188,1561348800,86,50,-36,136,25,0.19079897436001372,-0.45210880310284746
188,1561363200,232,323,91,555,25,0.3295729022591519,-0.31440012441452003
188,1561377600,749,971,222,1720,25,0.47271766253306613,0.06848916119860995
188,1561392000,637,608,-29,1245,25,0.19844793101587174,-0.0876244960256276
188,1561406400,996,872,-124,1868,25,0.09464066211494158,0.11713089018637239
188,1561420800,545,365,-180,910,26,-0.8869349467112808,-0.37198374520732663
188,1561435200,94,52,-42,146,26,0.05200111742362032,-1.6259194964640447
188,1561449600,206,358,152,564,26,1.371954714830655,-0.9398656430277774
188,1561464000,855,1024,169,1879,26,1.4876207517168385,1.2184138241222018
188,1561478400,676,521,-155,1197,26,-0.716837833643364,0.09906280009460801
188,1561492800,951,853,-98,1804,26,-0.32901641584851343,1.0953180370223932
188,1561507200,635,430,-205,1065,26,-1.0570320597791976,-0.11758578520105531
188,1561521600,101,79,-22,180,26,0.1880788078779538,-1.570116072978798
188,1561536000,219,363,144,582,26,1.3175236386489217,-0.9103226541238234
188,1561550400,805,983,178,1788,26,1.5488557124212887,1.0690576024411007
188,1561564800,697,727,30,1424,26,0.5418808030592208,0.4716327157166957
188,1561579200,1233,965,-268,2198,26,-1.4856767847103483,1.7419812385867215
188,1561593600,734,465,-269,1199,26,-1.4924806692330648,0.10234535441726958
188,1561608000,135,71,-64,206,26,-0.09768434207614651,-1.5274428667841977
188,1561622400,196,320,124,516,26,1.1814459481945883,-1.018646946771655
188,1561636800,848,896,48,1744,26,0.6643507244681209,0.9968414073425461
188,1561651200,707,553,-154,1260,26,-0.7100339491206473,0.20246326125844732
188,1561665600,1102,947,-155,2049,26,-0.716837833643364,1.4974309415484348
188,1561680000,885,509,-376,1394,26,-2.220496313163749,0.4223944008767722
188,1561694400,198,101,-97,299,26,-0.3222125313257968,-1.3748040907804349
188,1561708800,215,370,155,585,26,1.3923663683988052,-0.9053988226398311
188,1561723200,842,853,11,1695,26,0.41260699712760407,0.9164188264373379
188,1561737600,816,585,-231,1401,26,-1.2339330573698313,0.43388334100608766
188,1561752000,1129,1094,-35,2223,26,0.09962830908263703,1.7830131676199912
188,1561766400,829,735,-94,1564,26,-0.30180087775764675,0.7014115183030053
188,1561780800,352,252,-100,604,26,-0.3426241848939468,-0.8742145565745462
188,1561795200,116,124,8,240,26,0.39219534355945407,-1.471639443298951
188,1561809600,532,287,-245,819,26,-1.3291874406878645,-0.5213399668884279
188,1561824000,705,600,-105,1305,26,-0.3766436075075302,0.27632073351833253
188,1561838400,853,674,-179,1527,26,-0.8801310621885642,0.6406842633337663
188,1561852800,725,617,-108,1342,26,-0.3970552610756802,0.3370479884875715
188,1561867200,392,264,-128,656,26,-0.5331329515300137,-0.7888681441853455
188,1561881600,112,85,-27,197,26,0.15405938526437044,-1.5422143612361747
188,1561896000,507,329,-178,836,26,-0.8733271776658474,-0.4934382551458045
188,1561910400,952,739,-213,1691,26,-1.111463135960931,0.9098537177920146
188,1561924800,847,1038,191,1885,26,1.6373062112166055,1.2282614870901865
188,1561939200,567,689,122,1256,26,1.1678381791491548,0.19589815261312418
188,1561953600,201,160,-41,361,26,0.05880500194633699,-1.2730449067779264
188,1561968000,202,352,150,554,26,1.3583469457852217,-0.9562784146410853
188,1561982400,680,900,220,1580,26,1.8346188623753892,0.7276719528842978
188,1561996800,605,609,4,1214,26,0.3649798054685873,0.12696451183723131
188,1562011200,911,889,-22,1800,26,0.1880788078779538,1.08875292837707
188,1562025600,503,414,-89,917,27,-0.48516525677128514,0.21139397735379753
188,1562040000,126,89,-37,215,27,-0.14276608727939727,-1.128823012076436
188,1562054400,189,347,158,536,27,1.141230798315182,-0.5159887476788505
188,1562063248,303,721,418,1024,27,2.853226645774621,0.415672065486326
188,1562063331,510,247,-263,757,27,-1.6308855546864482,-0.09406858433970296
188,1562068800,212,234,22,446,27,0.2457252781056293,-0.6878114386314446
188,1562083200,618,574,-44,1192,27,-0.18885828317253603,0.7364077552645015
188,1562097600,910,945,35,1855,27,0.33132507047860127,2.0021682452819443
188,1562112000,564,403,-161,967,27,-0.9592564145292837,0.30685102788301644
188,1562126400,103,69,-34,172,27,-0.12301228903948067,-1.2109160755315642
188,1562140800,147,318,171,465,27,1.226830590688154,-0.6515377594303413
188,1562155200,928,836,-92,1764,27,-0.5049190550112017,1.8284364133187658
188,1562169600,1113,626,-487,1739,27,-3.105835823266888,1.7807078880541563
188,1562184000,1230,1000,-230,2230,27,-1.4135937740473656,2.718096124251086
188,1562198400,594,436,-158,1030,27,-0.939502616289367,0.4271269115498323
188,1562212800,125,61,-64,186,27,-0.32055027143864673,-1.1841881013833828
188,1562227200,82,103,21,185,27,0.23914067869232378,-1.1860972423939673
188,1562241600,384,199,-185,583,27,-1.1172868004486165,-0.42625912018138473
188,1562256000,430,315,-115,745,27,-0.6563648415172291,-0.11697827646671549
188,1562270400,553,359,-194,912,27,-1.1765481951683663,0.20184827230087565
188,1562284800,323,420,97,743,27,0.7395702341035444,-0.12079655848788425
188,1562299200,97,129,32,226,27,0.31157127223868464,-1.1078224609600078
188,1562313600,97,207,110,304,27,0.8251700264765164,-0.9589094621344262
188,1562328000,481,507,26,988,27,0.27206367575885143,0.34694298910528837
188,1562342400,546,547,1,1093,27,0.10744869042621306,0.547402795216648
188,1562356800,618,929,311,1547,27,2.1486745085509287,1.4141528140219557
188,1562371200,486,445,-41,931,27,-0.1691044849326194,0.23812195150197885
188,1562385600,164,124,-40,288,27,-0.16251988551931387,-0.9894557183037763
188,1562400000,56,74,18,130,27,0.21938688045240715,-1.291099997976108
188,1562414400,306,261,-45,567,27,-0.19544288258584155,-0.4568053763507348
188,1562428800,432,505,73,937,27,0.5815398481842116,0.2495767975654851
188,1562443200,455,593,138,1048,27,1.0095388100490714,0.46149144974035106
188,1562457600,427,322,-105,749,27,-0.5905188473841737,-0.10934171242437798
188,1562472000,158,112,-46,270,27,-0.20202748199914708,-1.023820256494295
188,1562486400,57,63,6,120,27,0.14037168749274073,-1.310191408081952
188,1562500800,266,235,-31,501,27,-0.10325849079956408,-0.5828086830493038
188,1562515200,326,474,148,800,27,1.0753848041821266,-0.011975520884574696
188,1562529600,398,402,4,800,27,0.12720248866612965,-0.011975520884574696
188,1562544000,352,293,-59,645,27,-0.28762727437211905,-0.3078923775251533
188,1562558400,68,50,-18,118,27,-0.017658698426592116,-1.3140096901031206
188,1562572800,162,338,176,500,27,1.2597535877546817,-0.5847178240598881
188,1562587200,700,840,140,1540,27,1.0227080088756824,1.400788826947865
188,1562601600,540,467,-73,1007,27,-0.3798116661583965,0.38321666830639156
188,1562616000,936,768,-168,1704,27,-1.0053486104224225,1.7138879526837032
188,1562630400,455,354,-101,809,28,-0.7808420596897916,0.35355562581104966
188,1562644800,90,53,-37,143,28,-0.2833383032924291,-0.6886725625603006
188,1562659200,192,339,147,531,28,1.146984996349988,-0.08148857293855302
188,1562673600,749,1030,281,1779,28,2.188633486306966,1.8715155998654187
188,1562688000,594,526,-68,1120,28,-0.5243166852974015,0.8402417618222958
188,1562702400,953,959,6,1912,28,0.050922033037048876,2.0796482561017395
188,1562716800,580,472,-108,1052,28,-0.8352565330457531,0.7338280729195152
188,1562731200,100,48,-52,148,28,-0.3999407461980609,-0.6808480266115667
188,1562745600,209,343,134,552,28,1.0459295458317739,-0.0486255219538708
188,1562760000,745,1047,302,1792,28,2.3518769063748506,1.8918593933321266
188,1562774400,653,598,-55,1251,28,-0.42326123477918726,1.045244603679123
188,1562788800,1055,785,-270,1840,28,-2.0945629164265767,1.9669749384399717
188,1562803200,616,380,-236,996,28,-1.830264045840478,0.646193270293696
188,1562817600,107,52,-55,159,28,-0.42326123477918726,-0.6636340475243523
188,1562832000,213,313,100,526,28,0.781630675245675,-0.08931310888728687
188,1562846400,786,1023,237,1809,28,1.846599653783779,1.9184628155578218
188,1562860800,686,538,-148,1224,28,-1.1461963807941047,1.0029921095559602
188,1562875200,1076,930,-146,2006,28,-1.130649388406687,2.226749531937936
188,1562889600,666,475,-191,1141,28,-1.4804567171235825,0.873104812806978
188,1562904000,122,46,-76,168,28,-0.5865046548470718,-0.6495498828166313
188,1562918400,203,321,118,524,28,0.9215536067324333,-0.09244292326678043
188,1562932800,737,953,216,1690,28,1.6833562337158945,1.732238859977956
188,1562947200,636,680,44,1316,28,0.34631488839798286,1.146963571012663
188,1562959021,689,186,-503,875,28,-3.9057875295607243,0.4568395003343366
188,1562959102,7,3,-4,10,28,-0.026812928900039012,-0.8968052187966213
188,1562959182,3,2,-1,5,28,-0.0034924403189126444,-0.9046297547453552
188,1562959270,6,0,-6,6,28,-0.04235992128745659,-0.9030648475556085
188,1562959351,4,1,-3,5,28,-0.019039432706330225,-0.9046297547453552
188,1562959431,5,7,2,12,28,0.01982804826221372,-0.8936754044171278
188,1562959581,755,821,66,1576,28,0.5173318046595762,1.5538394403468239
188,1562959652,15,1,-14,16,28,-0.1045478908371269,-0.8874157756581407
188,1562959653,7,4,-3,11,28,-0.019039432706330225,-0.8952403116068746
188,1562959655,4,1,-3,5,28,-0.019039432706330225,-0.9046297547453552
188,1562959660,11,2,-9,13,28,-0.06568040986858295,-0.892110497227381
188,1562959661,6,1,-5,7,28,-0.034586425093747805,-0.9014999403658617
188,1562959731,1,1,0,2,28,0.004281055874796145,-0.9093244763145955
188,1562959741,4,16,12,20,28,0.09756301019930162,-0.8811561468991536
188,1562959821,2,0,-2,2,28,-0.011265936512621434,-0.9093244763145955
188,1562959902,10,33,23,43,28,0.1830714683300983,-0.8451632815349779
188,1562959982,4,10,6,14,28,0.050922033037048876,-0.8905455900376342
188,1562960062,7,2,-5,9,28,-0.034586425093747805,-0.8983701259863681
188,1562960143,6,0,-6,6,28,-0.04235992128745659,-0.9030648475556085
188,1562960223,5,5,0,10,28,0.004281055874796145,-0.8968052187966213
188,1562960304,8,16,8,24,28,0.06646902542446646,-0.8748965181401666
188,1562960384,5,2,-3,7,28,-0.019039432706330225,-0.9014999403658617
188,1562960465,4,14,10,18,28,0.08201601781188404,-0.8842859612786471
188,1562960545,3,16,13,19,28,0.10533650639301041,-0.8827210540889003
188,1562960640,56,25,-31,81,28,-0.2366973261301763,-0.7856968083246005
188,1562960720,4,7,3,11,28,0.02760154445592251,-0.8952403116068746
188,1562960803,5,3,-2,8,28,-0.011265936512621434,-0.8999350331761149
188,1562961600,40,87,47,127,28,0.3696353769791092,-0.713711077596249
188,1562976000,643,509,-134,1152,28,-1.0373674340821817,0.8903187918941925
188,1562990400,223,171,-52,394,28,-0.3999407461980609,-0.2958808579338608
188,1563004800,82,121,39,203,28,0.3074474074294389,-0.5947781311754943
188,1563019200,330,241,-89,571,28,-0.6875601053652861,-0.01889228534868213
188,1563033600,411,482,71,893,28,0.5561992856281202,0.4850078297497785
188,1563048000,450,764,314,1214,28,2.445158860699356,0.9873430376584924
188,1563062400,62,22,-40,84,28,-0.30665879187355544,-0.7810020867553602
188,1563076800,62,65,3,127,28,0.02760154445592251,-0.713711077596249
188,1563091200,50,78,28,128,28,0.22193894929864225,-0.7121461704065022
188,1563105600,285,225,-60,510,28,-0.46212871574773123,-0.11435162392323524
188,1563120000,414,450,36,864,28,0.28412691884831254,0.4396255212471221
188,1563134400,448,559,111,1007,28,0.8671391333764717,0.6634072493809106
188,1563148800,374,262,-112,636,28,-0.8663505178205883,0.08282668198485806
188,1563163200,79,54,-25,133,28,-0.19005634896792356,-0.7043216344577683
188,1563177600,158,363,205,521,28,1.597847775585098,-0.09713764483602073
188,1563192000,702,941,239,1643,28,1.8621466461711966,1.6586882220598576
188,1563206400,563,507,-56,1070,28,-0.4310347309728961,0.7619964023349571
188,1563220800,900,752,-148,1652,28,-1.1461963807941047,1.6727723867675786
188,1563235200,432,398,-34,830,29,-0.20321916595361092,-0.24968752579161008
188,1563249600,99,54,-45,153,29,-0.2922962576714176,-1.3751813603443435
188,1563264000,186,310,124,496,29,1.0762517878112488,-0.804953317136681
188,1563278400,730,994,264,1724,29,2.2099602278560613,1.2365628258925017
188,1563292800,583,582,-1,1165,29,0.06401210919980914,0.3072407379826377
188,1563307200,951,1006,55,1957,29,0.517495485217734,1.6239189018907099
188,1563321600,565,468,-97,1033,29,-0.7133879639737766,0.08779437733129229
188,1563336000,112,60,-52,172,29,-0.34898167967365823,-1.3435943841899831
188,1563350400,196,403,207,599,29,1.7483789344092446,-0.6337186569314645
188,1563364800,782,1027,245,1809,29,2.056099796707122,1.3778729823725349
188,1563379200,614,574,-40,1188,29,-0.25180667052696004,0.3454776038537054
188,1563393600,922,846,-76,1768,29,-0.5433316979670547,1.3097116127762836
188,1563408000,663,455,-208,1118,29,-1.6122567985807348,0.22910453381132528
188,1563422400,109,57,-52,166,29,-0.34898167967365823,-1.3535692187650443
188,1563436800,199,333,134,532,29,1.1572309621001637,-0.745104309686314
188,1563451200,809,1018,209,1827,29,1.7645747692670275,1.4077974860977183
188,1563465600,668,566,-102,1234,29,-0.7538775511182341,0.4219513355958409
188,1563480000,1018,848,-170,1866,29,-1.3045359362828572,1.4726339108356157
188,1563494400,621,471,-150,1092,29,-1.1425775877050268,0.18588025065272695
188,1563508800,110,60,-50,170,29,-0.3327858448158752,-1.346919329048337
188,1563523200,165,307,142,472,29,1.2220143015312959,-0.8448526554369256
188,1563537600,826,869,43,1695,29,0.42032047607103584,1.1883511254463728
188,1563552000,750,621,-129,1371,29,-0.9725213216983051,0.6497100583930706
188,1563566400,1140,1074,-66,2214,29,-0.46235252367813945,2.0511743161891625
188,1563580800,730,539,-191,1269,29,-1.474592202289579,0.480137870617031
188,1563595200,205,133,-72,338,29,-0.5109400282514885,-1.0676239609466247
188,1563609600,79,114,35,193,29,0.3555371366399037,-1.308682463177269
188,1563624000,408,243,-165,651,29,-1.2640463491383997,-0.5472700906142678
188,1563638400,474,557,83,1031,29,0.7442371732266965,0.08446943247293857
188,1563652800,489,556,67,1045,29,0.6146704943644322,0.1077440464814146
188,1563667200,503,365,-138,868,29,-1.0454025785583287,-0.18651357348288944
188,1563681600,179,132,-47,311,29,-0.3084920925292006,-1.1125107165344
188,1563696000,79,76,-3,155,29,0.0478162743420261,-1.3718564154859898
188,1563710400,327,227,-100,554,29,-0.7376817162604511,-0.7085299162444231
188,1563724800,424,429,5,853,29,0.11259961377315823,-0.21145065992054232
188,1563739200,502,511,9,1013,29,0.1449912834887243,0.05454492874775511
188,1563753600,397,320,-77,717,29,-0.5514296153959461,-0.4375469102885951
188,1563768000,80,40,-40,120,29,-0.25180667052696004,-1.4300429505071799
188,1563782400,223,354,131,577,29,1.1329372098134893,-0.6702930503733554
188,1563796800,768,982,214,1750,29,1.8050643564114852,1.2797871090511002
188,1563811200,629,556,-73,1185,29,-0.5190379456803801,0.34049018656617486
188,1563825600,1025,862,-163,1887,29,-1.2478505142806167,1.5075458318483297
188,1563840000,452,328,-124,780,30,-0.6304039744956498,-0.3008497286684991
188,1563854400,75,50,-25,125,30,0.24655143733202234,-1.3769615523156724
188,1563868800,194,378,184,572,30,2.0979017511904416,-0.6425768421320289
188,1563883200,800,988,188,1788,30,2.1333342930824686,1.355212436577838
188,1563897600,607,580,-27,1187,30,0.22883516638600876,0.36781822892600413
188,1563912000,942,879,-63,1821,30,-0.09005771064223568,1.4094287574638789
188,1563926400,563,437,-126,1000,30,-0.6481202454416634,0.06059241057177291
188,1563940800,88,59,-29,147,30,0.21111889543999518,-1.3408173383916453
188,1563955200,213,302,89,515,30,1.2563788812547965,-0.7362232145715539
188,1563969600,820,943,123,1763,30,1.5575554873370274,1.3141394662096253
188,1563984000,622,584,-38,1206,30,0.13139567618293407,0.3990336864058458
188,1563998400,1143,896,-247,2039,30,-1.719954637675485,1.7675850590746935
188,1564012800,656,535,-121,1191,30,-0.6038295680766295,0.37438990418491813
188,1564027200,95,88,-7,183,30,0.40599787584614455,-1.281672261061419
188,1564041600,231,325,94,556,30,1.3006695586198305,-0.6688635431676851
188,1564056000,853,873,20,1726,30,0.6451675336173279,1.2533514700646704
188,1564070400,655,585,-70,1240,30,-0.15206465895328322,0.4548929261066151
188,1564084800,1127,1066,-61,2193,30,-0.0723414396962221,2.0205945565428842
188,1564099200,667,508,-159,1175,30,-0.9404387160508875,0.348103203149262
188,1564113600,97,82,-15,179,30,0.33513279206209023,-1.288243936320333
188,1564128000,192,298,106,490,30,1.406967184295912,-0.7772961849397667
188,1564142400,782,876,94,1658,30,1.3006695586198305,1.141632990663132
188,1564156800,680,593,-87,1273,30,-0.3026529619943987,0.5091092469926559
188,1564171200,1059,988,-71,2047,30,-0.16092279442629,1.7807284095925218
188,1564185600,615,468,-147,1083,30,-0.834141090374806,0.19695467219423918
188,1564200000,217,119,-98,336,30,-0.40009245219747336,-1.030305682407957
188,1564214400,91,65,-26,156,30,0.23769330185901555,-1.3260310690590886
188,1564228800,491,250,-241,741,30,-1.6668058248374442,-0.3649235624429109
188,1564243200,569,386,-183,955,30,-1.1530339674030505,-0.013338936091009994
188,1564257600,669,428,-241,1097,30,-1.6668058248374442,0.2199555356004383
188,1564272000,490,343,-147,833,30,-0.834141090374806,-0.2137750314878881
188,1564286400,176,99,-77,275,30,-0.21407160726433075,-1.1305237301063962
188,1564300800,75,57,-18,132,30,0.30855838564306987,-1.3654611206125729
188,1564315200,411,206,-205,617,30,-1.3479129478091998,-0.568645495469246
188,1564329600,511,352,-159,863,30,-0.9404387160508875,-0.16448746704603281
188,1564344000,509,301,-208,810,30,-1.37448735422822,-0.2515621642266438
188,1564358400,300,263,-37,563,30,0.14025381165594086,-0.6573631114645856
188,1564372800,61,39,-22,100,30,0.2731258437510427,-1.4180345226838853
188,1564387200,216,280,64,496,30,1.0349254944296267,-0.7674386720513956
188,1564401600,752,875,123,1627,30,1.5575554873370274,1.0907025074065482
188,1564416000,560,488,-72,1048,30,-0.1697809298992968,0.13945251367874134
188,1564430400,1009,856,-153,1865,30,-0.8872899032128467,1.4817171853119333
188,1564444800,474,412,-62,886,31,-0.296896752237866,-0.38418363856469634
188,1564459200,112,50,-62,162,31,-0.296896752237866,-1.502745117066734
188,1564473600,199,341,142,540,31,1.183354265029539,-0.9187447871305873
188,1564488000,816,1010,194,1826,31,1.5606731517839756,1.0680923141865681
188,1564502400,678,581,-97,1259,31,-0.5508613875533521,0.19209181928234798
188,1564516800,1033,967,-66,2000,31,-0.32592128198820725,1.3369178628873342
188,1564531200,577,428,-149,1005,31,-0.9281802743077886,-0.20033168284405753
188,1564545600,157,58,-99,215,31,-0.5653736524285228,-1.420861472922248
188,1564560000,201,351,150,552,31,1.2414033245302216,-0.9002050941167413
188,1564574400,778,1075,297,1853,31,2.308054792855263,1.1098066234677215
188,1564588800,608,598,-10,1206,31,0.0804221345165706,0.1102081751378618
188,1564603200,1145,914,-231,2059,31,-1.5231831341897846,1.4280713535387433
188,1564617600,602,438,-164,1040,31,-1.0370222608715682,-0.14625757822034022
188,1564632000,122,50,-72,172,31,-0.36945807661371916,-1.4872953728885292
188,1564646400,189,340,151,529,31,1.248659456967807,-0.9357395057266127
188,1564660800,860,971,111,1831,31,0.9584141594643941,1.0758171862756707
188,1564675200,690,570,-120,1260,31,-0.7177524336178144,0.19363679370016848
188,1564689600,1095,947,-148,2042,31,-0.9209241418702033,1.401806788435795
188,1564704000,694,473,-221,1167,31,-1.4506218098139314,0.04995417284286253
188,1564718400,156,64,-92,220,31,-0.5145807253654255,-1.4131366008331454
188,1564732800,197,301,104,498,31,0.9076212324012969,-0.9836337126790481
188,1564747200,769,857,88,1626,31,0.7915231133999318,0.7590974306224694
188,1564761600,690,600,-90,1290,31,-0.5000684604902549,0.2399860262347833
188,1564776000,1027,967,-60,1994,31,-0.28238448736269534,1.3276480163804112
188,1565395200,9103,5456,-3647,14559,32,-4.077501978386528,4.071723188566649
188,1565409600,219,77,-142,296,32,0.18547921005337675,-0.3901111474975375
188,1565424000,58,86,28,144,32,0.39224291962107544,-0.43766066857176844
188,1565438400,477,279,-198,756,32,0.1173688116075466,-0.24621128108868062
188,1565452800,630,415,-215,1045,32,0.09669244065077673,-0.15580462588833358
188,1565467200,560,447,-113,1007,32,0.22075066639139596,-0.16769200615689134
188,1565481600,524,319,-205,843,32,0.10885501180181784,-0.21899543678961422
188,1565496000,162,100,-62,262,32,0.28277977926170556,-0.4007472245799313
188,1565510400,65,48,-17,113,32,0.3375113494413905,-0.4473582682645392
188,1565524800,420,189,-231,609,32,0.07723232680911098,-0.29219667318020665
188,1565539200,633,377,-256,1010,32,0.04682589893150823,-0.16675352876726834
188,1565553600,642,380,-262,1022,32,0.03952835624088357,-0.16299961920877643
188,1565568000,391,268,-123,659,32,0.20858809524035485,-0.27655538335315694
188,1565582400,60,47,-13,107,32,0.3423763779018069,-0.4492352230437852
188,1565596800,208,333,125,541,32,0.5102198597861741,-0.31346882734499415
188,1565611200,750,932,182,1682,32,0.5795465153471083,0.04346540650827908
188,1565625600,604,519,-85,1123,32,0.254805865614311,-0.13140421375813613
188,1565640000,1032,965,-67,1997,32,0.276698493686185,0.14200553241869193
188,1565654400,476,395,-81,871,33,0.02872879789085495,-0.1613903100144344
188,1565668800,81,39,-42,120,33,0.3778461461732015,-1.4559201861436277
188,1565683200,207,346,139,553,33,1.998108711278451,-0.709540111091776
188,1565697600,781,737,-44,1518,33,0.35994269241513244,0.9538704487812887
188,1565712000,635,520,-115,1155,33,-0.275629915996319,0.3281522796269649
188,1565726400,1041,859,-182,1900,33,-0.8753956168916323,1.612339706679227
188,1565740800,572,347,-225,919,33,-1.2603198726901168,-0.07865071739898664
188,1565755200,74,44,-30,118,33,0.48526686872161584,-1.4593676691692714
188,1565769600,211,258,47,469,33,1.1745498384072746,-0.8543343981688095
188,1565784000,839,776,-63,1615,33,0.18985988171347642,1.121073375525006
188,1565798400,620,561,-59,1181,33,0.22566678922961456,0.37296955896033246
188,1565812800,1134,950,-184,2084,33,-0.8932990706497014,1.9295081450384435
188,1565827200,641,445,-196,1086,33,-1.0007197931981158,0.20921411524225872
188,1565841600,99,43,-56,142,33,0.25252196986671815,-1.4179978728615474
188,1565856000,206,321,115,527,33,1.7832672661816225,-0.7543573904251435
188,1565870400,772,947,175,1719,33,2.320370878923694,1.3003424928584761
188,1565884800,676,521,-155,1197,33,-0.6336989911577,0.4005494231654817
188,1565899200,1063,905,-158,1968,33,-0.6605541717948037,1.7295541295511114
188,1565913600,658,516,-142,1174,33,-0.5173265417302512,0.3609033683705796
188,1565928000,91,61,-30,152,33,0.48526686872161584,-1.4007604577333292
188,1565942400,193,294,101,487,33,1.657943089875139,-0.8233070509380166
188,1565942770,18,3,-15,21,33,0.6195427719071337,-1.6265705959129888
188,1565956800,762,683,-79,1445,33,0.046632251648924004,0.8280373183452951
188,1565971200,776,540,-236,1316,33,-1.3587888683594966,0.6056746631912793
188,1565985600,930,1002,72,1932,33,1.3983430103831378,1.6674994350895258
188,1566000000,657,471,-186,1128,33,-0.9112025244077704,0.28161125878077553
188,1566014400,207,133,-74,340,33,0.09139088604409663,-1.0766970533228253
188,1566028800,98,129,31,227,33,1.031322208342722,-1.271479844271692
188,1566043200,613,332,-281,945,33,-1.7616165779160504,-0.033833438065619094
188,1566057600,670,606,-64,1276,33,0.18090815483444192,0.5367250026784062
188,1566072000,837,687,-150,1524,33,-0.5889403567625274,0.9642128978582196
188,1566086400,665,494,-171,1159,33,-0.7769266212222525,0.3350472456782522
188,1566100800,263,150,-113,413,33,-0.2577264622382499,-0.9508639228868319
188,1566115200,115,95,-20,210,33,0.5747841375119611,-1.300783449989663
188,1566129600,488,270,-218,758,33,-1.1976577845368752,-0.356173100963301
188,1566144000,639,519,-120,1158,33,-0.3203885503914916,0.3333235041654304
188,1566158400,702,578,-124,1280,33,-0.35619545790762974,0.5436199687296934
188,1566172800,431,289,-142,720,33,-0.5173265417302512,-0.42167527845053054
188,1566187200,100,59,-41,159,33,0.38679787305223606,-1.3886942671435765
188,1566201600,199,277,78,476,33,1.452053371657345,-0.8422682075790567
188,1566216000,791,709,-82,1500,33,0.019777071011820423,0.9228431015504958
188,1566230400,577,401,-176,978,33,-0.8216852556174251,0.023050031857501246
188,1566244800,942,617,-325,1559,33,-2.1554925605935695,1.0245438508069837
188,1566259200,462,337,-125,799,34,-0.9625449505408913,-0.31143014514796546
188,1566273600,56,58,2,114,34,0.5682286827880039,-1.5032158961331965
188,1566288000,202,278,76,480,34,1.460175524255234,-0.8664369401323285
188,1566302400,792,741,-51,1533,34,-0.07059810907366104,0.9656074332800048
188,1566316800,587,464,-123,1051,34,-0.9384382791498851,0.12700782455755016
188,1566331200,1028,922,-106,1950,34,-0.7335315723263321,1.6911178831498461
188,1566345600,527,513,-14,1040,34,0.375375311659954,0.10786965921326179
188,1566360000,105,57,-48,162,34,-0.034438101987151706,-1.4197039019035744
188,1566374400,195,257,62,452,34,1.2914288245181904,-0.9151522700996081
188,1566388800,777,811,34,1588,34,0.9539354250441032,1.0612982600014467
188,1566403200,586,558,-28,1144,34,0.2066286119229105,0.28881231337744284
188,1566417600,1057,954,-103,2011,34,-0.6973715652398228,1.7972477091499908
188,1566432000,566,395,-171,961,34,-1.5169983925340345,-0.029577164622991137
188,1566446400,65,34,-31,99,34,0.17046860483640117,-1.5293133943299535
188,1566460800,216,295,79,511,34,1.4963355313417432,-0.8125021105256977
188,1566475200,789,901,112,1690,34,1.8940956092933459,1.2387612477393934
188,1566489600,606,469,-137,1075,34,-1.1071849788869286,0.16876382167236118
188,1566504000,1057,963,-94,2020,34,-0.5888915439802948,1.812906208068045
188,1566518400,635,575,-60,1210,34,-0.17907813033318903,0.40364130544317317
188,1566532800,78,47,-31,125,34,0.17046860483640117,-1.4840777307889081
188,1566547200,184,255,71,439,34,1.3999088457777185,-0.9377701018701308
188,1566561600,754,728,-26,1482,34,0.2307352833139167,0.8768759394110314
188,1566576000,703,533,-170,1236,34,-1.5049450568385312,0.4488769689842184
188,1566590400,954,1000,46,1954,34,1.0985754533901406,1.6980772160023145
188,1566604800,636,556,-80,1192,34,-0.4201448442432512,0.37232430760706486
188,1566619200,214,135,-79,349,34,-0.4080915085477481,-1.094355091050672
188,1566633600,110,138,28,248,34,0.8816154108710846,-1.2700782455755018
188,1566648000,600,324,-276,924,34,-2.782598640561861,-0.09395099350832478
188,1566662400,649,637,-12,1286,34,0.3994819830509603,0.5358686296400746
188,1566676800,767,729,-38,1496,34,0.0860952549678794,0.901233604394671
188,1566691200,560,549,-11,1109,34,0.4115353187464634,0.22791815091834347
188,1566705600,220,157,-63,377,34,-0.21523813741969836,-1.0456397610833925
188,1566720000,98,116,18,214,34,0.7610820539160535,-1.329232574821484
188,1566734400,444,291,-153,735,34,-1.3000383500149784,-0.42277947078746153
188,1566748800,596,462,-134,1058,34,-1.0710249718004192,0.13918665704937006
188,1566763200,631,531,-100,1162,34,-0.6612115581533135,0.3201293112135511
188,1566777600,439,420,-19,859,34,0.3151086331824385,-0.20704015236093795
188,1566792000,95,43,-52,138,34,-0.08265144476916415,-1.4614598990183856
188,1566806400,213,254,41,467,34,1.038308774912625,-0.8890547719028512
188,1566820800,719,806,87,1525,34,1.592762216905768,0.9516887675750677
188,1566835200,578,518,-60,1096,34,-0.17907813033318903,0.20530031914782082
188,1566849600,936,779,-157,1715,34,-1.3482516927969908,1.2822570780673217
188,1566864000,445,364,-81,809,35,-0.27573537675888443,-0.10646684639620711
188,1566878400,67,51,-16,118,35,0.29626886226220556,-1.3584444866355587
188,1566892800,217,334,117,551,35,1.4666775359515127,-0.5739201476722603
188,1566907200,745,881,136,1626,35,1.6338787750499852,1.3738019409779612
188,1566921600,607,521,-86,1128,35,-0.3197357028374298,0.47150835944511443
188,1566936000,969,879,-90,1848,35,-0.35493596370026614,1.7760292002154952
188,1566950400,565,415,-150,980,35,-0.8829398766428108,0.20335685328675834
188,1566964800,68,38,-30,106,35,0.1730679492422785,-1.3801865006483984
188,1566979200,200,287,87,487,35,1.2026755794802404,-0.6898775557407385
188,1566993600,780,944,164,1724,35,1.8802806010898394,1.5513617220828186
188,1567008000,654,518,-136,1172,35,-0.7597389636228837,0.5512290774921932
188,1567022400,1062,892,-170,1954,35,-1.0589411809569924,1.9680836573289124
188,1567036800,575,431,-144,1006,35,-0.8301394853485563,0.25046455031457765
188,1567051200,62,50,-12,112,35,0.3314691231250419,-1.3693154936419785
188,1567065600,211,349,138,560,35,1.6514789054814034,-0.5576136371626305
188,1567080000,753,900,147,1653,35,1.730679492422785,1.4227214725068504
188,1567094400,665,513,-152,1178,35,-0.900540007074229,0.562100084498613
188,1567108800,1039,888,-151,1927,35,-0.8917399418585199,1.9191641258000232
188,1567123200,598,507,-91,1105,35,-0.3637360289159752,0.429836165920505
188,1567137600,85,71,-14,156,35,0.3138689926936237,-1.2895947755948998
188,1567152000,175,291,116,466,35,1.4578774707358035,-0.7279260802632079
188,1567166400,747,707,-40,1454,35,0.08506729708518772,1.0621664067939258
188,1567180800,801,541,-260,1342,35,-1.8509470503708092,0.8592409426740887
188,1567195200,804,1024,220,1828,35,2.373084253169548,1.7397925101940959
188,1567209600,589,502,-87,1091,35,-0.3285357680531389,0.4044704829055254
188,1567224000,168,125,-43,293,35,0.05866710143806049,-1.0413734489483133
188,1567238400,67,84,17,151,35,0.5866710143806051,-1.2986539481002497
188,1567252800,504,262,-242,766,35,-1.6925458764880459,-0.18437572994221596
188,1567267200,548,447,-101,995,35,-0.45173668107306597,0.23053437080280795
188,1567281600,591,424,-167,1015,35,-1.032540985309865,0.26677106082420743
188,1567296000,471,385,-86,856,35,-0.3197357028374298,-0.021310624845918356
188,1567310400,166,132,-34,298,35,0.1378676883794422,-1.0323142764429636
188,1567324800,70,77,7,147,35,0.49867036222351435,-1.3059012861045296
188,1567339200,416,200,-216,616,35,-1.46374418087961,-0.45615090510271195
188,1567353600,500,408,-92,908,35,-0.37253609413168426,0.07290476920972026
188,1567368000,590,430,-160,1020,35,-0.9709405287999016,0.2758302333295573
188,1567382400,358,309,-49,667,35,0.00586671014380603,-0.3637473455481433
188,1567396800,92,81,-11,173,35,0.3402691883407509,-1.2587935890767101
188,1567411200,71,84,13,155,35,0.5514707535177688,-1.2914066100959698
188,1567425600,352,199,-153,551,35,-0.9093400722899381,-0.5739201476722603
188,1567440000,428,320,-108,748,35,-0.5133371375830295,-0.2169887509614755
188,1567454400,391,315,-76,706,35,-0.23173505068033903,-0.2930858000064144
188,1567468800,213,207,-6,420,36,-0.039427004119038364,-0.8366519508081226
188,1567483200,37,27,-10,64,36,-0.0723809180095779,-1.3884901425449903
188,1567497600,226,310,84,536,36,0.7020360584181009,-0.6568395063095928
188,1567512000,766,787,21,1553,36,0.18301191464210345,0.9196195976128632
188,1567526400,582,492,-90,1074,36,-0.7314591958203684,0.17711821041634757
188,1567540800,980,945,-35,1925,36,-0.2783428798254499,1.4962595058322865
188,1567555200,526,431,-95,957,36,-0.7726515881835428,-0.004244341362342062
188,1567569600,67,43,-24,110,36,-0.18771961662646622,-1.317185207657642
188,1567584000,246,293,47,539,36,0.39721235493061036,-0.6521891844691136
188,1567598400,795,817,22,1612,36,0.19125039311473832,1.0110759271422878
188,1567612800,583,533,-50,1116,36,-0.4019200569149731,0.24222271618305666
188,1567627200,1010,900,-110,1910,36,-0.8962287652730662,1.4730078966298905
188,1567641600,536,377,-159,913,36,-1.2999142104321753,-0.07244906168937064
188,1567656000,73,37,-36,110,36,-0.2865813582980848,-1.317185207657642
188,1567670400,255,310,55,565,36,0.4631201827116894,-0.6118863951849602
188,1567684800,896,1266,370,2162,36,3.0582409015916774,1.863634931230145
188,1567699200,733,528,-205,1261,36,-1.6788842201733798,0.466988271806219
188,1567713600,1084,970,-114,2054,36,-0.9291826791636056,1.696223344972893
188,1567728000,651,481,-170,1132,36,-1.3905374736311589,0.2670244326656125
188,1567742400,100,47,-53,147,36,-0.4266354923328778,-1.2598312382917318
188,1567756800,232,405,173,637,36,1.4352606424826055,-0.5002786710134589
188,1567771200,770,981,211,1751,36,1.7483228244427311,1.2265408390844919
188,1567785600,832,680,-152,1512,36,-1.2422448611237311,0.8560651991263138
188,1567800000,1143,986,-157,2129,36,-1.2834372534869054,1.8124813909848736
188,1567814400,573,491,-82,1064,36,-0.6655513680392894,0.16161713761475016
188,1567828800,124,143,19,267,36,0.16653495769683369,-1.073818364672563
188,1567843200,59,84,25,143,36,0.21596582853264298,-1.2660316674123706
188,1567857600,354,273,-81,627,36,-0.6573128895666546,-0.5157797438150563
188,1567872000,367,482,115,849,36,0.9574288910697822,-0.17165592761959403
188,1567886400,471,567,96,1038,36,0.8008978000897196,0.1213143483305969
188,1567900800,347,406,59,753,36,0.49607409660222895,-0.32046622651492906
188,1567915200,153,152,-1,305,36,0.0017653882441360453,-1.0149142880264928
188,1567929600,66,61,-5,127,36,-0.03118852564640348,-1.2908333838949264
188,1567944000,255,244,-11,499,36,-0.08061939648221278,-0.7141934756755032
188,1567958400,366,478,112,844,36,0.9327134556518776,-0.17940646402039273
188,1567972800,450,511,61,961,36,0.5125510535474987,0.0019560877582968992
188,1567987200,316,283,-33,599,36,-0.2618659228801802,-0.5591827476595291
188,1568001600,64,35,-29,99,36,-0.22891200898964062,-1.3342363877393992
188,1568016000,272,347,75,619,36,0.627889752164387,-0.5281806020563343
188,1568030400,763,1096,333,1859,36,2.7534171981041866,1.3939524253417437
188,1568044800,731,628,-103,1359,36,-0.8385594159646219,0.6188987852618736
188,1568059200,1113,995,-118,2108,36,-0.9621365930541451,1.779929138101519
188,1568073600,433,511,78,944,37,0.3313647952150418,-0.2438326978437066
188,1568088000,68,41,-27,109,37,-0.3700473240516781,-1.428035729911647
188,1568102400,260,389,129,649,37,0.67205068171602,-0.6622038289335778
188,1568116800,826,1003,177,1829,37,0.9926962219522348,1.011280695425907
188,1568131200,717,543,-174,1260,37,-1.352024291025086,0.2043207849508673
188,1568145600,1056,1261,205,2317,37,1.1797394537566934,1.7033658207542364
188,1568160000,567,523,-44,1090,37,-0.48360928621867083,-0.03677444313482118
188,1568174400,71,52,-19,123,37,-0.31660640067897566,-1.4081808287751787
188,1568188800,261,412,151,673,37,0.8190132209909519,-0.6281668555567747
188,1568203200,911,1171,260,2082,37,1.547145801944023,1.3700871231063727
188,1568217600,806,646,-160,1452,37,-1.2585026751228567,0.47661657196529195
188,1568232000,1094,1133,39,2227,37,0.07084029377311724,1.5757271705912248
188,1568246400,588,578,-10,1166,37,-0.25648536188468535,0.07100930589172191
188,1568260800,76,63,-13,139,37,-0.27652570814944877,-1.3854895131906433
188,1568272987,114,180,66,294,37,0.25120341015598807,-1.1656673934654567
188,1568275200,133,356,223,489,37,1.299981531345274,-0.8891169847789316
188,1568289600,868,1059,191,1927,37,1.0862178378544642,1.1502650033811863
188,1568304000,791,620,-171,1411,37,-1.3319839447603226,0.41847007577992
188,1568318400,1142,1185,43,2327,37,0.09756075545946846,1.717547892994571
188,1568332800,691,619,-72,1310,37,-0.6706525180231295,0.2752311461525404
188,1568347200,82,97,15,179,37,-0.08948247634499017,-1.3287612242293048
188,1568361600,242,407,165,649,37,0.9125348368931812,-0.6622038289335778
188,1568376000,805,1265,460,2070,37,2.8831688862615845,1.3530686364179711
188,1568390400,832,732,-100,1564,37,-0.8576957498275881,0.6354557810570397
188,1568404800,1096,1343,247,2439,37,1.4603043014633814,1.8763871020863185
188,1568419200,738,602,-136,1340,37,-1.0981799050047492,0.31777736287354424
188,1568433600,219,178,-41,397,37,-0.4635689399539074,-1.0195920493900101
188,1568448000,98,116,18,214,37,-0.06944213008022675,-1.2791239713881335
188,1568462400,493,337,-156,830,37,-1.2317822134365055,-0.4055083213835212
188,1568476800,667,561,-106,1228,37,-0.897776442357115,0.15893815378179654
188,1568491200,739,801,62,1540,37,0.22448294846963684,0.6014188076802366
188,1568505600,623,469,-154,1092,37,-1.2184219825933298,-0.03393802868675426
188,1568520000,197,180,-17,377,37,-0.30324616983580005,-1.0479561938706794
188,1568534400,91,85,-6,176,37,-0.22976490019833412,-1.3330158459014052
188,1568548800,488,236,-252,724,37,-1.8730732939089352,-0.5558382871310682
188,1568563200,532,531,-1,1063,37,-0.19636432309039512,-0.07506603818372465
188,1568577600,644,562,-82,1206,37,-0.7374536722390076,0.12773759485306038
188,1568592000,428,365,-63,793,37,-0.6105314792288392,-0.4579819886727593
188,1568606400,82,49,-33,131,37,-0.41012801658120496,-1.396835170982911
188,1568620800,257,426,169,683,37,0.9392552985795324,-0.6139847833164401
188,1568635200,804,1148,344,1952,37,2.1082754973573987,1.1857201839820228
188,1568649600,681,626,-55,1307,37,-0.5570905558561368,0.27097652448044
188,1568664000,1071,1142,71,2213,37,0.2846039872639271,1.5558722694547562
188,1568678400,422,469,47,891,38,0.1445251157453808,-0.34546544500270016
188,1568692800,91,79,-12,170,38,-0.18223878645996008,-1.3498226459984535
188,1568707200,271,500,229,771,38,1.1525086784805,-0.512626144197555
188,1568721600,824,1153,329,1977,38,1.7063458008624337,1.167338882710737
188,1568736000,716,583,-133,1299,38,-0.8523817045420998,0.22288093225980654
188,1568750400,1135,1219,84,2354,38,0.34944485102669626,1.692502079347906
188,1568764800,573,499,-74,1072,38,-0.5256178023367589,-0.093331390383794
188,1568779200,0,7,7,7,38,-0.07700973320739268,-1.5768825957381314
188,1568793600,257,450,193,707,38,0.953127314423004,-0.6017785171014777
188,1568808000,849,1298,449,2147,38,2.370950347720754,1.4041498732367812
188,1568822400,744,622,-122,1366,38,-0.7914596210800872,0.31621232264360055
188,1568836800,1147,1173,26,2320,38,0.028219320045174714,1.6451398812426972
188,1568851200,643,535,-108,1178,38,-0.7139224239466164,0.05432722723832785
188,1568865600,0,5,5,5,38,-0.08808647565503136,-1.579668607391379
188,1568880000,258,425,167,683,38,0.8091296626037012,-0.6352106569404486
188,1568894400,817,1228,411,2045,38,2.160492241215619,1.2620632789211546
188,1568908800,755,645,-110,1400,38,-0.7249991663942551,0.3635745207488094
188,1568923200,1097,1104,7,2201,38,-0.07700973320739268,1.4793721878744661
188,1568937600,629,564,-65,1193,38,-0.47577246132238493,0.07522231463768471
188,1568952000,1,7,6,8,38,-0.08254810443121202,-1.5754895899115076
188,1568966400,221,457,236,678,38,1.1912772770472355,-0.6421756860735677
188,1568980800,844,1103,259,1947,38,1.3186598151950804,1.125548707912023
188,1568995200,766,752,-14,1518,38,-0.19331552890759876,0.5279492082904168
188,1569009600,1142,1391,249,2533,38,1.2632761029568869,1.9418501223135647
188,1569024000,685,582,-103,1267,38,-0.6862305678275197,0.17830474580784525
188,1569038400,168,152,-16,320,38,-0.20439227135523744,-1.1408717720048849
188,1569052800,117,109,-8,226,38,-0.16008530156468273,-1.2718143197075211
188,1569067200,571,322,-249,893,38,-1.494832766505143,-0.34267943334945256
188,1569081600,752,537,-215,1289,38,-1.3065281448952855,0.20895087399356865
188,1569096000,853,601,-252,1454,38,-1.5114478801766011,0.43879683538649417
188,1569110400,661,450,-211,1111,38,-1.284374660000008,-0.03900416314546615
188,1569124800,226,195,-31,421,38,-0.2874678397125275,-1.0001781835158818
188,1569139200,95,73,-22,168,38,-0.23762249869815347,-1.3526086576517011
188,1569153600,451,274,-177,725,38,-1.0960700383901507,-0.5767044122222494
188,1569168000,637,491,-146,1128,38,-0.9243805304517512,-0.0153230640928617
188,1569182400,715,474,-241,1189,38,-1.4505257967145884,0.06965029133118955
188,1569196800,479,305,-174,784,38,-1.0794549247186926,-0.4945170684514458
188,1569211200,55,58,3,113,38,-0.09916321810267004,-1.4292239781160094
188,1569225600,276,416,140,692,38,0.6595936395605791,-0.6226736045008345
188,1569240000,837,1192,355,2029,38,1.8503434526817364,1.239775185695174
188,1569254400,674,721,47,1395,38,0.1445251157453808,0.3566094916156905
188,1569268800,1026,1138,112,2164,38,0.5045192452936378,1.4278309722893858
188,1569283200,494,467,-27,961,39,-0.5874580322730788,-0.10671559479055487
188,1569297600,60,22,-38,82,39,-0.6543726306237105,-1.2681915171011982
188,1569312000,262,447,185,709,39,0.7021687723027332,-0.43969845306391336
188,1569326400,835,1207,372,2042,39,1.839716944263473,1.3216751583582567
188,1569340800,712,683,-29,1395,39,-0.5996243228822845,0.46675488334689585
188,1569355200,1155,1182,27,2337,39,-0.25896818582452286,1.7114765202258788
188,1569369600,674,528,-146,1202,39,-1.3113523235208222,0.21173229744706176
188,1569384000,71,52,-19,123,39,-0.5387928698362556,-1.2140157346043423
188,1569398400,264,418,154,682,39,0.5135912678600437,-0.47537518787891603
188,1569412800,809,1329,520,2138,39,2.7400224493447003,1.448525771033822
188,1569427200,763,663,-100,1426,39,-1.0315276395090893,0.5077170603567137
188,1569441600,1191,1060,-131,2251,39,-1.220105143951779,1.5978395130373517
188,1569456000,713,545,-168,1258,39,-1.4451815202220857,0.28572848817447477
188,1569470400,87,50,-37,137,39,-0.6482894853191077,-1.195516686922489
188,1569484800,275,479,204,754,39,0.8177485330901881,-0.3802372283722422
188,1569499200,834,1265,431,2099,39,2.1986225172350435,1.3969927096343735
188,1569513600,773,621,-152,1394,39,-1.3478511953484396,0.46543352279819206
188,1569528000,1159,1421,262,2580,39,1.1705709607571555,2.032567133560903
188,1569542400,723,523,-200,1246,39,-1.6398421699693781,0.26987216159002914
188,1569556800,103,56,-47,159,39,-0.7091209383651365,-1.1664467548510054
188,1569571200,238,422,184,660,39,0.6960856269981304,-0.5044451199503998
188,1569585600,804,1177,373,1981,39,1.845800089568076,1.2410721648873246
188,1569600000,789,713,-76,1502,39,-0.8855321521986201,0.6081404620582028
188,1569614400,1152,1337,185,2489,39,0.7021687723027332,1.9123233236288568
188,1569628800,605,620,15,1225,39,-0.3319659294797575,0.24212359006724926
188,1569643200,100,89,-11,189,39,-0.49012770739943257,-1.1268059383898912
188,1569657600,44,72,28,116,39,-0.25288504051992,-1.2232652584452688
188,1569672000,242,253,11,495,39,-0.3562985106981691,-0.7224696104865272
188,1569686400,321,377,56,698,39,-0.08255697199103916,-0.4542334190996552
188,1569700800,349,493,144,842,39,0.4527598148140149,-0.2639575000863075
188,1569715200,256,348,92,604,39,0.13643625897466477,-0.5784413106778127
188,1569729600,80,108,28,188,39,-0.25288504051992,-1.1281272989385949
188,1569744000,52,66,14,118,39,-0.3380490747843604,-1.2206225373478612
188,1569758400,201,216,15,417,39,-0.3319659294797575,-0.825535733285424
188,1569772800,234,349,115,583,39,0.27634860098053116,-0.6061898822005926
188,1569787200,249,323,74,572,39,0.026939643491812798,-0.6207248482363344
188,1569801600,202,244,42,446,39,-0.1677210062554796,-0.7872162773730137
188,1569816000,24,32,8,56,39,-0.3745479466119777,-1.3025468913674971
188,1569830400,215,370,155,585,39,0.5196744131646466,-0.603547161103185
188,1569844800,739,1102,363,1841,39,1.7849686365220472,1.0560816880687922
188,1569859200,622,607,-15,1229,39,-0.5144602886178441,0.24740903226206448
188,1569873600,941,1002,61,1943,39,-0.05214124546802473,1.19086046403658
188,1569888000,411,422,11,833,40,-0.10175555883983828,-0.44277491557853965
188,1569902400,61,68,7,129,40,-0.12262849398647177,-1.4493074521993026
188,1569916800,226,428,202,654,40,0.8949270944119111,-0.698697250884103
188,1569931200,764,1158,394,1922,40,1.8968279814503188,1.114205102006703
188,1569945600,559,617,58,1176,40,0.14350142913310526,0.04762374928072406
188,1569960000,911,1156,245,2067,40,1.1193111472382211,1.321516490941377
188,1569974400,631,443,-188,1074,40,-1.1401840823848546,-0.09820908983194328
188,1569988800,77,74,-3,151,40,-0.17481083185305551,-1.4178533104299036
188,1570003200,276,474,198,750,40,0.8740541592652775,-0.5614428140721808
188,1570017600,847,1275,428,2122,40,2.0742479301967034,1.4001518453648742
188,1570032000,729,672,-57,1401,40,-0.4565954563326077,0.36931383555866676
188,1570046400,1172,1159,-13,2331,40,-0.22699316971963923,1.6989661921741632
188,1570060800,676,551,-125,1227,40,-0.811435353825377,0.12054016883705773
188,1570075200,87,66,-21,153,40,-0.2687390400129062,-1.414993842996322
188,1570089600,253,467,214,720,40,0.9575458998518115,-0.6043348255759065
188,1570104000,856,1206,350,2062,40,1.6672256948373503,1.3143678223574227
188,1570118400,778,613,-165,1391,40,-1.020164705291712,0.35501649839075816
188,1570132800,1215,1213,-2,2428,40,-0.16959259806639715,1.8376503627028762
188,1570147200,716,566,-150,1282,40,-0.9418911984918364,0.19917552326055482
188,1570161600,104,91,-13,195,40,-0.22699316971963923,-1.354945026891106
188,1570176000,230,445,215,675,40,0.9627641336384699,-0.668672842831495
188,1570190400,828,1235,407,2063,40,1.9646650206768776,1.3157975560742137
188,1570204800,847,606,-241,1453,40,-1.4167504730777485,0.44365998883179125
188,1570219200,1128,1277,149,2405,40,0.6183607037190173,1.8047664872166864
188,1570233600,790,555,-235,1345,40,-1.3854410703577982,0.2892487474183788
188,1570248000,194,174,-20,368,40,-0.26352080622624785,-1.107601093886288
188,1570262400,97,136,39,233,40,0.044354987186596175,-1.3006151456530535
188,1570276800,525,285,-240,810,40,-1.41153223929109,-0.47565879106472936
188,1570291200,693,571,-122,1264,40,-0.795780652465402,0.1734403163583194
188,1570305600,633,827,194,1460,40,0.853181224118644,0.4536681248493273
188,1570320000,632,478,-154,1110,40,-0.9627641336384699,-0.046738676027472455
188,1570334400,217,166,-51,383,40,-0.4252860536126574,-1.086155088134425
188,1570348800,87,75,-12,162,40,-0.22177493593298087,-1.4021262395452043
188,1570363200,443,259,-184,702,40,-1.1193111472382211,-0.6300700324781419
188,1570377600,659,510,-149,1169,40,-0.936672964705178,0.03761561326318807
188,1570392000,693,575,-118,1268,40,-0.7749077173187685,0.17915925122548285
188,1570406400,411,335,-76,746,40,-0.5557418982791168,-0.5671617489393441
188,1570420800,70,39,-31,109,40,-0.32092137787949,-1.4779021265351195
188,1570435200,262,439,177,701,40,0.7644712497454517,-0.6314997661949326
188,1570449600,790,1259,469,2049,40,2.2881955154496967,1.2957812840391416
188,1570464000,701,589,-112,1290,40,-0.7435983145988182,0.2106133929948817
188,1570478400,1077,1083,6,2160,40,-0.12784672777313014,1.4544817266029266
188,1570492800,540,478,-62,1018,41,-0.6194364396696587,-0.24555836646153875
188,1570507200,84,57,-27,141,41,-0.42965495440196416,-1.4951987188025615
188,1570521600,230,446,216,676,41,0.8879707861708862,-0.7328753567701246
188,1570536000,857,1312,455,2169,41,2.1839072141417146,1.3945055395185264
188,1570550400,679,628,-51,1307,41,-0.5597908300140976,0.16623873938402062
188,1570564800,1101,1128,27,2229,41,-0.13684923427466408,1.4799997483445941
188,1570579200,614,528,-86,1142,41,-0.749572315281792,-0.06887033488766553
188,1570593600,94,98,4,192,41,-0.2615627817362919,-1.422528641300404
188,1570608000,194,420,226,614,41,0.9421940676759418,-0.8212193725570612
188,1570622400,793,1198,405,1991,41,1.9127908066164365,1.1408727200011923
188,1570636800,606,590,-16,1196,41,-0.37000934474640307,0.00807445305579539
188,1570651200,985,1204,219,2189,41,0.904237770622403,1.4230036091272158
188,1570665600,586,561,-25,1147,41,-0.41881029810095305,-0.06174581748549322
188,1570680000,76,61,-15,137,41,-0.3645870165958975,-1.5008983327242993
188,1570694400,266,487,221,753,41,0.915082426923414,-0.623157788776671
188,1570708800,869,1285,416,2154,41,1.9724364162719976,1.3731319873120096
188,1570723200,748,634,-114,1382,41,-0.9013975034959476,0.2731065004166052
188,1570737600,1137,1265,128,2402,41,0.4108059089263972,1.726508050459756
188,1570752000,809,533,-276,1342,41,-1.779814663877848,0.21611036119922677
188,1570766400,131,107,-24,238,41,-0.4133879699504475,-1.3569830812004187
188,1570780800,257,501,244,758,41,1.0397959743850418,-0.6160332713744988
188,1570795200,794,1249,455,2043,41,2.1839072141417146,1.2149677009837843
188,1570809600,760,677,-83,1437,41,-0.7333053308302754,0.3514761918405006
188,1570824000,1151,1410,259,2561,41,1.1211308966426252,1.9530677038488353
188,1570838400,829,646,-183,1475,41,-1.275538145880831,0.40562252409701016
188,1570852800,204,169,-35,373,41,-0.4730335796060086,-1.1646211113417664
188,1570867200,91,113,22,204,41,-0.16396087502719187,-1.4054297995351905
188,1570881600,561,439,-122,1000,41,-0.9447761286999921,-0.27120662910935905
188,1570896000,718,668,-50,1386,41,-0.554368501863592,0.27880611433834307
188,1570910400,920,919,-1,1839,41,-0.2886744224888197,0.9242873909751541
188,1570924800,841,539,-302,1380,41,-1.9207951957909923,0.27025669345573633
188,1570939200,255,176,-79,431,41,-0.7116160182282532,-1.0819767094765678
188,1570953600,95,92,-3,187,41,-0.2995190787898308,-1.4296531587025763
188,1570968000,507,386,-121,893,41,-0.9393538005494866,-0.4236713015158465
188,1570982400,735,732,-3,1467,41,-0.2995190787898308,0.39422329625353447
188,1570996800,861,791,-70,1652,41,-0.6628150648737031,0.6578304401339099
188,1571011200,505,455,-50,960,41,-0.554368501863592,-0.32820276832673756
188,1571025600,96,51,-45,147,41,-0.5272568611110642,-1.4866492979199548
188,1571040000,166,323,157,489,41,0.5680534252910584,-0.9993323076113689
188,1571054400,737,1045,308,1782,41,1.3868249760173974,0.8430678925903898
188,1571068800,555,622,67,1177,41,0.08004389174555822,-0.01899871307245938
188,1571083200,863,1071,208,1934,41,0.8445921609668418,1.059653221616428
188,1571097600,415,456,41,871,42,0.17119742276851702,-0.43000329363304596
188,1571112000,75,51,-24,126,42,-0.0994273393380559,-1.4084632643826647
188,1571126400,215,418,203,633,42,0.845677599095668,-0.7425851366376222
188,1571140800,838,1362,524,2200,42,2.182147578114282,1.3154642246572135
188,1571155200,714,621,-93,1335,42,-0.38670593295887945,0.17939996331705216
188,1571169600,1084,1272,188,2356,42,0.783225730917228,1.520349802424919
188,1571184000,565,492,-73,1057,42,-0.30343677538762626,-0.18571664321770492
188,1571198400,87,73,-14,160,42,-0.05779276055242931,-1.363808715382011
188,1571212800,254,479,225,733,42,0.9372736724240465,-0.61124822781217
188,1571227200,898,1254,356,2152,42,1.4826866545157549,1.2524225084209966
188,1571241600,781,634,-147,1415,42,-0.6115326584012631,0.2844694903774139
188,1571256000,1227,1237,10,2464,42,0.042130228533074535,1.6621936639564072
188,1571270400,674,552,-122,1226,42,-0.5074462114371966,0.03624273269730928
188,1571284800,83,50,-33,133,42,-0.13689846024511984,-1.399269680764883
188,1571299200,257,457,200,714,42,0.83318722545998,-0.6362022404890059
188,1571313600,895,1343,448,2238,42,1.8657247793435197,1.3653722500108854
188,1571328000,783,691,-92,1474,42,-0.3825424750803168,0.3619582665844307
188,1571342400,1182,1331,149,2513,42,0.6208508736532843,1.7265487492808789
188,1571356800,727,546,-181,1273,42,-0.7530902262723935,0.0979710798452718
188,1571371200,130,85,-45,215,42,-0.18685995478787176,-1.2915734155280123
188,1571385600,221,461,240,682,42,0.9997255406024864,-0.6782300513131506
188,1571400000,925,1261,336,2186,42,1.3994174969445017,1.2970770574216501
188,1571414400,793,739,-54,1532,42,-0.2243310756949357,0.43813367370319295
188,1571428800,1184,1533,349,2717,42,1.4535424493658162,1.9944760432848014
188,1571443200,734,613,-121,1347,42,-0.5032827535586339,0.1951603923761064
188,1571457600,223,91,-132,314,42,-0.5490807902228232,-1.1615498757908147
188,1571472000,111,70,-41,181,42,-0.17020612327362114,-1.336227964528666
188,1571486400,660,314,-346,974,42,-1.4400607762352327,-0.2947262775428302
188,1571500800,835,457,-378,1292,42,-1.5732914283492376,0.12292509252210772
188,1571515200,959,589,-370,1548,42,-1.5399837653207364,0.4591475791152653
188,1571529600,836,423,-413,1259,42,-1.7190124540989309,0.0795839126097085
188,1571544000,201,126,-75,327,42,-0.31176369114475155,-1.144476077643506
188,1571558400,84,60,-24,144,42,-0.0994273393380559,-1.3848226207940832
188,1571572800,562,241,-321,803,42,-1.335974329271166,-0.5193123916343535
188,1571587200,780,478,-302,1258,42,-1.2568686295784757,0.07827054352145398
188,1571601600,829,529,-300,1358,42,-1.2485417138213502,0.20960745234690617
188,1571616000,435,252,-183,687,42,-0.7614171420295188,-0.671663205871878
188,1571630400,78,39,-39,117,42,-0.16187920751649582,-1.4202835861769554
188,1571644800,250,487,237,737,42,0.9872351669667984,-0.6059947514591519
188,1571659200,861,1341,480,2202,42,1.9989554314575246,1.3180909628337225
188,1571673600,680,544,-136,1224,42,-0.5657346217370739,0.03361599452080023
188,1571688000,1044,1112,68,2156,42,0.28361078548970886,1.2576759847740147
188,1571702400,543,427,-116,970,43,-0.4424298378649583,-0.22477849915872214
188,1571716800,84,82,-2,166,43,0.01688370586822044,-1.313152511144918
188,1571731200,278,476,198,754,43,0.8226969404878324,-0.517177487453521
188,1571745600,826,1293,467,2119,43,1.9065157410512104,1.330621674687222
188,1571760000,707,636,-71,1343,43,-0.26112186007554566,0.28015123525775926
188,1571774400,1108,1351,243,2459,43,1.004004918277245,1.7908793414475535
188,1571788800,669,509,-160,1178,43,-0.6197087494812729,0.05679089697701012
188,1571803200,97,71,-26,168,43,-0.079813882286133,-1.3104451131051513
188,1571817600,278,501,223,779,43,0.9234235948152838,-0.48333501195643785
188,1571832000,853,1245,392,2098,43,1.6043357780688559,1.3021939952696722
188,1571846400,776,723,-53,1499,43,-0.18859866895978059,0.49132828235955844
188,1571860800,1183,1341,158,2524,43,0.66153429356391,1.8788697777399699
188,1571875200,648,598,-50,1246,43,-0.1765114704404864,0.14884243032907643
188,1571889600,120,56,-64,176,43,-0.23291839686385923,-1.2996155209460847
188,1571904000,264,476,212,740,43,0.8791038669112052,-0.5361292737318877
188,1571918400,679,1489,810,2168,43,3.2884854384238444,1.396952926661505
188,1571932800,766,627,-139,1393,43,-0.5350983598462137,0.3478361862519257
188,1571947200,1271,1118,-153,2389,43,-0.5915052862695864,1.6961204100557206
188,1571961600,756,538,-218,1294,43,-0.8533945875209603,0.21381998328347618
188,1571976000,109,118,9,227,43,0.06120343377229909,-1.230576870932035
188,1571990400,220,429,209,649,43,0.867016668391911,-0.6593158845412705
188,1572004800,855,1161,306,2016,43,1.2578360871824228,1.1911906756392392
188,1572019200,792,642,-150,1434,43,-0.5794180877502922,0.4033378460671421
188,1572033600,1223,1194,-29,2417,43,-0.09190108080542717,1.7340239826124537
188,1572048000,779,714,-65,1493,43,-0.2369474630369573,0.4832060882402585
188,1572062400,206,118,-88,324,43,-0.32961598501821265,-1.0992680660033523
188,1572076800,105,82,-23,187,43,-0.06772668376683881,-1.284724831727368
188,1572091200,517,271,-246,788,43,-0.966208440367706,-0.4711517207774879
188,1572105600,727,330,-397,1057,43,-1.574597432505513,-0.1070066844288726
188,1572120000,803,408,-395,1211,43,-1.5665393001593169,0.10146296463315994
188,1572134400,675,268,-407,943,43,-1.6148880942364936,-0.261328372695572
188,1572148800,230,105,-125,335,43,-0.4786914334228409,-1.0843773767846356
188,1572163200,86,57,-29,143,43,-0.09190108080542717,-1.3442875886022345
188,1572177600,401,213,-188,614,43,-0.7325226023280186,-0.706695350237187
188,1572192000,527,289,-238,816,43,-0.9339759109829215,-0.4332481482207547
188,1572206400,628,208,-420,836,43,-1.6672659544867683,-0.40617416782308813
188,1572220800,367,146,-221,513,43,-0.8654817860402545,-0.8434189512454031
188,1572235200,55,37,-18,92,43,-0.04758135290134851,-1.4133262386162844
188,1572249600,223,432,209,655,43,0.867016668391911,-0.6511936904219705
188,1572264000,882,1171,289,2053,43,1.1893419622397559,1.2412775393749222
188,1572278400,655,611,-44,1266,43,-0.15233707340189806,0.175916410726743
188,1572292800,1016,1166,150,2182,43,0.6293017641791255,1.4159047129398716
188,1572307200,506,437,-69,943,44,-0.5083185347843625,-0.3037253855503995
188,1572321600,69,52,-17,121,44,-0.20707277709079386,-1.4768733997198258
188,1572336000,237,453,216,690,44,1.142739944882312,-0.6648037889383129
188,1572350400,838,1244,406,2082,44,2.243445597993428,1.3218410233777957
188,1572364800,730,611,-119,1341,44,-0.7979779171820247,0.2642951857871086
188,1572379200,1099,1075,-24,2174,44,-0.24762509062646657,1.4531422609734006
188,1572393600,593,492,-101,1085,44,-0.6937005395188663,-0.10106477969631374
188,1572408000,90,49,-41,139,44,-0.3461092806416717,-1.4511840271467726
188,1572422400,222,465,243,687,44,1.2991560113770495,-0.6690853510338218
188,1572436800,916,1299,383,2215,44,2.1102022820905035,1.511656942945355
188,1572451200,749,651,-98,1400,44,-0.6763209765750066,0.34849924033211604
188,1572465600,1162,1114,-48,2276,44,-0.3866615941773444,1.5987153722207017
188,1572480000,686,489,-197,1175,44,-1.2498465537223777,0.02738208316895192
188,1572494400,115,57,-58,172,44,-0.4445934706568768,-1.4040868440961753
188,1572508800,246,444,198,690,44,1.0384625672191534,-0.6648037889383129
188,1572523200,881,1091,210,1972,44,1.1079808189945923,1.1648504132091377
188,1572537600,768,612,-156,1380,44,-1.0123258601562948,0.31995549302872367
188,1572552000,1212,1054,-158,2266,44,-1.0239122354522012,1.5844434985690055
188,1572566400,624,798,174,1422,44,0.8994260636682756,0.37989736236584765
188,1572580800,218,155,-63,373,44,-0.47355940889664305,-1.117222183697082
188,1572595200,236,397,161,633,44,0.8241146242448835,-0.7461534687529812
188,1572609600,878,1181,303,2059,44,1.646747270254244,1.2890157139788945
188,1572624000,778,667,-111,1445,44,-0.7516324159983987,0.41272267176474886
188,1572638400,1196,1251,55,2447,44,0.2100367335618397,1.8427644116647064
188,1572652800,695,625,-70,1320,44,-0.5141117224323157,0.23432425111854657
188,1572667200,201,172,-29,373,44,-0.27659102886623277,-1.117222183697082
188,1572681600,107,124,17,231,44,-0.010104397060383572,-1.3198827895511678
188,1572696000,436,353,-83,789,44,-0.5894231618557079,-0.5235122397865207
188,1572710400,667,565,-102,1232,44,-0.6994937271668196,0.10873176298362017
188,1572724800,730,762,32,1492,44,0.07679341765891508,0.4798004779277209
188,1572739200,696,452,-244,1148,44,-1.52212637317618,-0.011151975690627775
188,1572750000,213,204,-9,417,44,-0.1607272759071679,-1.0544259396296187
188,1572764400,56,58,2,114,44,-0.09700221177968223,-1.486863711276013
188,1572778800,438,256,-182,694,44,-1.162948739003079,-0.6590950394776345
188,1572793200,559,565,6,1124,44,-0.07382946118786925,-0.04540447245469861
188,1572807600,754,672,-82,1426,44,-0.5836299742077546,0.3856061118265261
188,1572822000,487,386,-101,873,44,-0.6937005395188663,-0.40362850111227283
188,1572836400,121,65,-56,186,44,-0.4330070953609703,-1.3841062209838007
188,1572850800,104,190,86,294,44,0.3896255506483902,-1.2299699855454818
188,1572865200,837,1398,561,2235,44,3.1413896834261807,1.5402006902487473
188,1572879600,568,582,14,1150,44,-0.027483960004243302,-0.008297600960288538
188,1572894000,1120,970,-150,2090,44,-0.9775667342685752,1.3332585222991526
188,1572908400,609,716,107,1325,44,0.5112824912554084,0.24146018794439467
188,1572922800,136,117,-19,253,45,-0.30274550714462645,-1.2246580330493626
188,1572937200,86,176,90,262,45,0.32269173640596016,-1.212299638674525
188,1572951600,822,1261,439,2083,45,2.325238507040407,1.2882154898342404
188,1572966000,617,563,-54,1180,45,-0.503573979844356,0.04825658755888882
188,1572980400,1084,1050,-34,2134,45,-0.3888148525873677,1.3582463912916523
188,1572994800,705,630,-75,1335,45,-0.6240710634641938,0.2610956017921994
188,1573009200,159,163,4,322,45,-0.1707725107990898,-1.1299103428422759
188,1573023600,107,172,65,279,45,0.17924282733472469,-1.1889560048553878
188,1573038000,870,1327,457,2197,45,2.4285217215716965,1.444755151915514
188,1573052400,686,627,-59,1313,45,-0.5322637616586031,0.23088619332037472
188,1573066800,1159,1163,4,2322,45,-0.1707725107990898,1.6163995182327
188,1573081200,782,741,-41,1523,45,-0.42898054712731365,0.5192487287332472
188,1573095600,181,133,-48,314,45,-0.46914624166725954,-1.1408955822865758
188,1573110000,98,178,80,276,45,0.265312172777466,-1.1930754696470003
188,1573124400,858,1384,526,2242,45,2.8244407106083065,1.506547123789701
188,1573138800,619,616,-3,1235,45,-0.21093820533903573,0.12378010873845065
188,1573153200,1152,1176,24,2328,45,-0.05601338354210145,1.624638447815925
188,1573167600,752,779,27,1531,45,-0.038799514453553195,0.5302339681775471
188,1573182000,168,151,-17,319,45,-0.2912695944189276,-1.1340298076338884
188,1573196400,100,152,52,252,45,0.10464939461768226,-1.2260311879799
188,1573210800,800,1302,502,2102,45,2.6867297578999203,1.3143054335144526
188,1573225200,657,638,-19,1295,45,-0.30274550714462645,0.20616940457069993
188,1573239600,1188,1203,15,2391,45,-0.10765499080774621,1.7111472084397867
188,1573254000,892,920,28,1812,45,-0.033061558090703776,0.9160905036585812
188,1573268400,335,220,-115,555,45,-0.8535893179781706,-0.8099652440270412
188,1573282800,75,60,-15,135,45,-0.27979368169322877,-1.386690314852786
188,1573297200,403,279,-124,682,45,-0.9052309252438153,-0.6355745678487802
188,1573311600,686,581,-105,1267,45,-0.7962097543496764,0.16772106651565027
188,1573326000,804,687,-117,1491,45,-0.8650652307038694,0.4753077709560476
188,1573340400,668,557,-111,1225,45,-0.8306374925267729,0.11004855943307577
188,1573354800,396,269,-127,665,45,-0.9224447943323636,-0.6589182016679175
188,1573369200,85,62,-23,147,45,-0.3256973325960241,-1.3702124556863362
188,1573383600,341,214,-127,555,45,-0.9224447943323636,-0.8099652440270412
188,1573398000,604,559,-45,1163,45,-0.4519323725787113,0.024912953739751522
188,1573412400,756,666,-90,1422,45,-0.7101404089069351,0.3805600807489609
188,1573426800,496,458,-38,954,45,-0.4117666780387654,-0.26207642674258347
188,1573441200,162,89,-73,251,45,-0.612595150738495,-1.2274043429104375
188,1573455600,86,163,77,249,45,0.24809830368891772,-1.2301506527715125
188,1573470000,708,1183,475,1891,45,2.531804936102986,1.0245697431710428
188,1573484400,561,540,-21,1101,45,-0.31422141987032526,-0.06022265195357273
188,1573498800,937,929,-8,1866,45,-0.23962798715328282,0.9902408699076055
188,1573513200,552,613,61,1165,45,0.15629100188332704,0.0276592636008265
188,1573527600,136,114,-22,250,46,-0.33840090372435844,-1.2021610472033188
188,1573542000,84,169,85,253,46,0.24628716291818933,-1.1981564922278365
188,1573556400,905,1394,489,2299,46,2.4538944425779023,1.5329500010510952
188,1573570800,656,616,-40,1272,46,-0.43675964390721694,0.162057347777653
188,1573585200,1159,1156,-3,2315,46,-0.2345777890868967,1.554307627587001
188,1573599600,735,689,-46,1424,46,-0.4695458906348364,0.3649547998687564
188,1573614000,137,127,-10,264,46,-0.2728284102691194,-1.1834731239844014
188,1573628400,100,189,89,289,46,0.26814466073660237,-1.150101832522049
188,1573642800,848,1368,520,2216,46,2.623290050670603,1.4221573133960848
188,1573657200,640,665,25,1305,46,-0.08157530435800568,0.20610745250795834
188,1573671600,1032,986,-46,2018,46,-0.4695458906348364,1.1578566850142527
188,1573686000,736,686,-50,1422,46,-0.49140338845324943,0.3622850965517682
188,1573700400,174,105,-69,279,46,-0.5952265030907112,-1.1634503491069899
188,1573714800,85,191,106,276,46,0.3610390264648576,-1.1674549040824722
188,1573729200,865,1395,530,2260,46,2.6779337952166355,1.4808907863698253
188,1573743600,593,650,57,1243,46,0.09328467818929834,0.12334664968132403
188,1573758000,1131,1205,74,2336,46,0.18617904391755358,1.582339512415377
188,1573772400,724,699,-25,1423,46,-0.3547940270881682,0.36361994821026233
188,1573786800,216,147,-69,363,46,-0.5952265030907112,-1.0513228097934852
188,1573801200,90,171,81,261,46,0.22442966509977635,-1.1874776789598838
188,1573815600,856,1381,525,2237,46,2.6506119229436194,1.450189198224461
188,1573830000,722,587,-135,1309,46,-0.9558752170945258,0.21144685914193473
188,1573844400,1164,1142,-22,2306,46,-0.33840090372435844,1.542293962660554
188,1573858800,863,866,3,1729,46,-0.20179154235927718,0.7720845557094573
188,1573873200,372,294,-78,666,46,-0.6444058731821405,-0.6468627572697726
188,1573887600,76,86,10,162,46,-0.16354092117705443,-1.3196279931507997
188,1573902000,368,320,-48,688,46,-0.48047463954404296,-0.6174960207829023
188,1573916400,645,632,-13,1277,46,-0.2892215336329292,0.1687316060701235
188,1573930800,802,760,-42,1562,46,-0.4476883928164235,0.5491643287409425
188,1573945200,689,655,-34,1344,46,-0.40397339717959746,0.2581666671892283
188,1573959600,348,235,-113,583,46,-0.8356589790932543,-0.757655444924783
188,1573974000,63,57,-6,120,46,-0.25097091245070646,-1.375691762807552
188,1573988400,306,200,-106,506,46,-0.7974083579110316,-0.8604390226288288
188,1574002800,580,471,-109,1051,46,-0.8138014812748413,-0.13294486874954348
188,1574017200,677,559,-118,1236,46,-0.8629808513662706,0.11400268807186532
188,1574031600,427,370,-57,797,46,-0.5296540096354722,-0.47199719000704526
188,1574046000,115,73,-42,188,46,-0.4476883928164235,-1.284921850029953
188,1574060400,87,186,99,273,46,0.32278840528263486,-1.1714594590579546
188,1574074800,821,1302,481,2123,46,2.4101794469410764,1.2980161091561333
188,1574089200,559,564,5,1123,46,-0.19086279345007068,-0.036835549337968156
188,1574103600,1103,1003,-100,2106,46,-0.7646221111834121,1.2753236309617337
188,1574118000,635,536,-99,1171,46,-0.7591577367288088,0.02723733026974872
188,1574132400,143,81,-62,224,47,-0.24155461534474368,-1.1749955431806234
188,1574146800,97,172,75,269,47,0.37154871800049455,-1.1142880289898855
188,1574161200,864,1384,520,2248,47,2.363015749669334,1.5554935395316711
188,1574175600,582,582,0,1164,47,0.03590820704507217,0.09311697547034342
188,1574190000,1039,1020,-19,2059,47,-0.049120722396968165,1.3005219799305725
188,1574204400,770,706,-64,1476,47,-0.2505050289702216,0.514022407192792
188,1574218800,202,102,-100,304,47,-0.4116124742288244,-1.0670710735082007
188,1574233200,109,194,85,303,47,0.4163007861278842,-1.068420129379106
188,1574247600,880,1406,526,2286,47,2.389866990545768,1.6067576626260718
188,1574262000,651,631,-20,1282,47,-0.053595929209707134,0.25230556823716693
188,1574276400,1105,1058,-47,2163,47,-0.1744265131536592,1.4408237905047219
188,1574290800,782,698,-84,1480,47,-0.34000916522500096,0.5194186306764131
188,1574305200,190,117,-73,307,47,-0.29078189028487234,-1.063023905895485
188,1574319600,99,188,89,287,47,0.43420161337884006,-1.0900050233135905
188,1574334000,885,1262,377,2147,47,1.7230611754476621,1.4192388965702374
188,1574348400,684,591,-93,1275,47,-0.3802860265396516,0.24286217714082992
188,1574362800,1130,1217,87,2347,47,0.4252511997533621,1.689050070751294
188,1574377200,877,774,-103,1651,47,-0.4250380946670413,0.7501071846012166
188,1574391600,277,133,-144,410,47,-0.6085215739893388,-0.9240711511922406
188,1574406000,97,178,81,275,47,0.39839995887692836,-1.1061936937644539
188,1574420400,813,1269,456,2082,47,2.0766025136540405,1.331550264961394
188,1574434800,727,675,-52,1402,47,-0.19680254721735402,0.41419227274580095
188,1574449200,1168,1128,-40,2296,47,-0.14310006546448642,1.6202482213351246
188,1574463600,821,803,-18,1624,47,-0.0446455155842292,0.7136826760867739
188,1574478000,358,175,-183,533,47,-0.7830546396861585,-0.7581372790708907
188,1574492400,72,89,17,161,47,0.1119867228616346,-1.2599860630476563
188,1574506800,357,210,-147,567,47,-0.6219471944275557,-0.712269379460111
188,1574521200,587,305,-282,892,47,-1.226100114147316,-0.27382622141589374
188,1574535600,747,366,-381,1113,47,-1.6691455886084736,0.024315126054173953
188,1574550000,623,305,-318,928,47,-1.3872075594059188,-0.22526021006330355
188,1574564400,336,205,-131,541,47,-0.5503438854237324,-0.7473448321036484
188,1574578800,64,58,-6,122,47,0.009056966168638382,-1.3125992420129624
188,1574593200,291,168,-123,459,47,-0.5145422309218206,-0.8579674135178816
188,1574607600,521,312,-209,833,47,-0.8994100168173716,-0.3534205177993055
188,1574622000,672,298,-374,970,47,-1.6378191409193008,-0.16859986348528164
188,1574636400,415,180,-235,595,47,-1.0157653939485847,-0.6744958150747631
188,1574650800,107,70,-37,177,47,-0.12967444502626954,-1.2384011691131718
188,1574665200,91,176,85,267,47,0.4163007861278842,-1.116986140731696
188,1574679600,774,1418,644,2192,47,2.917941394448966,1.4799464107609752
188,1574694000,536,553,17,1089,47,0.1119867228616346,-0.00806221484755286
188,1574708400,1027,922,-105,1949,47,-0.4339885082925192,1.1521258341309912
188,1574722800,593,647,54,1240,47,0.2775693749329763,0.195645221659145
188,1574737200,168,88,-80,256,48,-0.6190378383357661,-1.0442293299876724
188,1574751600,78,184,106,262,48,0.49190256898769014,-1.0340586582002145
188,1574766000,782,1332,550,2114,48,3.1438248316307793,2.105288700195066
188,1574780400,629,590,-39,1219,48,-0.3741531248934989,0.5881634918992907
188,1574794800,1056,1102,46,2158,48,0.13353469565754295,2.1798736266364225
188,1574809200,622,690,68,1312,48,0.26493624921193026,0.7458089046048852
188,1574823600,235,78,-157,313,48,-1.0789432757761217,-0.947607948006824
188,1574838000,82,156,74,238,48,0.30077303654494497,-1.0747413453500454
188,1574852400,629,1066,437,1695,48,2.468898670192335,1.3950367870376026
188,1574866800,772,639,-133,1411,48,-0.9355961264440628,0.9136249890979375
188,1574881200,999,737,-262,1736,48,-1.7060870541038793,1.4645363775852303
188,1574895600,498,464,-34,962,48,-0.34428913544931994,0.1525197170031853
188,1574910000,192,129,-63,321,48,-0.5175002742255578,-0.9340470522902137
188,1574924400,86,70,-16,156,48,-0.2367787734502758,-1.2137405264453007
188,1574938800,225,210,-15,435,48,-0.23080597556144,-0.7408042883285172
188,1574953200,598,266,-332,864,48,-2.1241829063223845,-0.013601255525290663
188,1574967600,315,360,45,675,48,0.12756189776870716,-0.33397741683020865
188,1574982000,220,323,103,543,48,0.47398417532118275,-0.5577321961542783
188,1574996400,108,103,-5,211,48,-0.17107799667308216,-1.1205093683936052
188,1575010800,40,111,71,151,48,0.28285464287843765,-1.2222160862681823
188,1575025200,333,483,150,816,48,0.7547056760964648,-0.09496662982495237
188,1575039600,524,638,114,1162,48,0.5396849520983764,0.49154210991844244
188,1575054000,676,816,140,1492,48,0.6949776972081069,1.0509290582286166
188,1575068400,578,543,-35,1121,48,-0.35026193333815575,0.4220425193708147
188,1575082800,266,163,-103,429,48,-0.7564121897789892,-0.7509749601159749
188,1575097200,71,85,14,156,48,-0.05759483678520222,-1.2137405264453007
188,1575111600,304,281,-23,585,48,-0.2785883586721263,-0.4865374936420743
188,1575126000,511,591,80,1102,48,0.3366098238779597,0.3898353920438653
188,1575140400,615,661,46,1276,48,0.13353469565754295,0.684784873880139
188,1575154800,517,577,60,1094,48,0.21715386610124396,0.376274496327255
188,1575169200,331,155,-176,486,48,-1.1924264356640015,-0.6543535781351266
188,1575183600,70,76,6,146,48,-0.10537721989588851,-1.2306916460910637
188,1575198000,261,220,-41,481,48,-0.38609872067117046,-0.662829137958008
188,1575212400,419,517,98,936,48,0.44412018587700386,0.10844680592420189
188,1575226800,536,509,-27,1045,48,-0.3024795502274694,0.293214010063017
188,1575241200,321,332,11,653,48,-0.07551323045170959,-0.3712698800508869
188,1575255600,146,65,-81,211,48,-0.6250106362246018,-1.1205093683936052
188,1575270000,71,195,124,266,48,0.5994129309867343,-1.0272782103419094
188,1575284400,791,1298,507,2089,48,2.8869945224108404,2.062910901080659
188,1575298800,603,529,-74,1132,48,-0.5832010510027514,0.44068875098115384
188,1575313200,989,834,-155,1823,48,-1.0669976799984502,1.6120111185033672
188,1575327600,549,543,-6,1092,48,-0.17705079456191794,0.37288427239810246
188,1575342000,126,99,-27,225,49,-0.381419482776764,-1.2255093531199812
188,1575356400,88,191,103,279,49,0.22689290202269702,-1.1535354370933582
188,1575370800,764,1368,604,2132,49,2.5712352465190813,1.316236162857245
188,1575385200,575,550,-25,1125,49,-0.37206083070292617,-0.02594408600959655
188,1575399600,1101,1102,1,2203,49,-0.25039835374303393,1.4108685339292864
188,1575414000,715,680,-35,1395,49,-0.41885409107211546,0.33392549412351885
188,1575428400,153,125,-28,278,49,-0.3860988088136829,-1.1548682873901475
188,1575442800,103,184,81,287,49,0.12394772921048053,-1.1428726347190437
188,1575457200,820,1449,629,2269,49,2.688218397442055,1.4988366535173812
188,1575471600,619,641,22,1260,49,-0.1521325069677364,0.15399070405696114
188,1575486000,1133,1113,-20,2246,49,-0.34866420051833147,1.468181096691227
188,1575500400,819,748,-71,1567,49,-0.5873098284011969,0.5631757451712812
188,1575514800,226,140,-86,366,49,-0.6574997189549809,-1.0375774612726876
188,1575529200,98,200,102,298,49,0.2222135759857781,-1.128211281454361
188,1575543600,868,1483,615,2351,49,2.62270783292519,1.6081303778541052
188,1575558000,672,687,15,1359,49,-0.1848877892261689,0.28594288343910346
188,1575572400,1123,1253,130,2376,49,0.35323470501950816,1.641451635273838
188,1575586800,907,795,-112,1702,49,-0.7791621959148731,0.7431105352378389
188,1575601200,257,146,-111,403,49,-0.7744828698779542,-0.9882620002914829
188,1575615600,92,174,82,266,49,0.12862705524739945,-1.1708624909516192
188,1575630000,820,1369,549,2189,49,2.31387231448854,1.392208629774236
188,1575644400,645,669,24,1314,49,-0.14277385489389854,0.22596462008358423
188,1575658800,1026,1191,165,2217,49,0.5170111163116707,1.4295284380843367
188,1575673200,815,882,67,1697,49,0.0584371646936155,0.7364462837538923
188,1575687600,382,208,-174,590,49,-1.069280410203847,-0.7390189947918807
188,1575702000,73,82,9,155,49,-0.21296374544768248,-1.3188088738952333
188,1575716400,430,305,-125,735,49,-0.8399934343948192,-0.5457557017574299
188,1575730800,621,638,17,1259,49,-0.17552913715233104,0.15265785376017182
188,1575745200,813,760,-53,1573,49,-0.5030819597366563,0.5711728469520171
188,1575759600,690,529,-161,1219,49,-1.0084491717239008,0.09934384188859918
188,1575774000,374,271,-103,645,49,-0.7370482615826027,-0.6657122284684683
188,1575788400,83,62,-21,145,49,-0.3533435265552504,-1.3321373768631264
188,1575802800,315,252,-63,567,49,-0.5498752201058456,-0.769674551618035
188,1575817200,569,624,55,1193,49,0.0022852522505883276,0.06468973417207695
188,1575831600,707,648,-59,1355,49,-0.5311579159581697,0.2806114822519462
188,1575846000,403,369,-34,772,49,-0.4141747650351965,-0.4964402407762252
188,1575860400,152,82,-70,234,49,-0.582630502364278,-1.2135137004488774
188,1575874800,106,175,69,281,49,0.06779581676745336,-1.1508697364997795
188,1575877376,92,69,-23,161,49,-0.36270217862908827,-1.3108117721144974
188,1575889200,749,1375,626,2124,49,2.674180419331298,1.3055733604829303
188,1575903600,578,532,-46,1110,49,-0.4703266774782237,-0.04593684046143629
188,1575918000,1100,945,-155,2045,49,-0.9803732155023872,1.2002781870365744
188,1575932400,632,613,-19,1245,49,-0.3439848744814126,0.1339979496051214
188,1575946800,160,75,-85,235,50,-0.42189473254721577,-1.3375153500989951
188,1575961200,89,171,82,260,50,0.4223762101307219,-1.3013318260837439
188,1575975600,913,1327,414,2240,50,2.1008070662329694,1.5644032759241508
188,1575990000,592,634,42,1226,50,0.220155625058162,0.09679954186556236
188,1576004400,1108,975,-133,2083,50,-0.6645594346342878,1.3371707451083734
188,1576018800,678,654,-24,1332,50,-0.11350834031156191,0.25021768369022745
188,1576033200,897,242,-655,1139,50,-3.3035380698311947,-0.029119121707511804
188,1576047600,91,167,76,258,50,0.39204312236983796,-1.304226508004964
188,1576062000,829,1307,478,2136,50,2.424360002349065,1.413879816020706
188,1576076400,677,592,-85,1269,50,-0.42189473254721577,0.15903520317179443
188,1576090800,986,958,-28,1944,50,-0.1337303988188179,1.1359903515835768
188,1576105200,814,664,-150,1478,50,-0.7505031832901258,0.46152946393929445
188,1576119600,196,145,-51,341,50,-0.25000723523553986,-1.18409720827433
188,1576134000,88,148,60,236,50,0.31115488834081395,-1.336068009138385
188,1576148400,840,1235,395,2075,50,2.004752288323503,1.325592017423493
188,1576162800,629,592,-37,1221,50,-0.17923003046014388,0.08956283706251213
188,1576177200,1147,1006,-141,2153,50,-0.7050035516487998,1.4384846123510768
188,1576191600,926,732,-194,1658,50,-0.9729458268699417,0.722050836849103
188,1576206000,285,177,-108,462,50,-0.5381715689639378,-1.0089689520405143
188,1576220400,95,182,87,277,50,0.44765378326479194,-1.276727029753373
188,1576234800,787,1244,457,2031,50,2.318194195185971,1.261909015156651
188,1576249200,735,672,-63,1407,50,-0.3106734107573078,0.35876825573598103
188,1576263600,1158,1104,-54,2262,50,-0.26517377911598183,1.5962447770575718
188,1576278000,949,842,-107,1791,50,-0.5331160543371237,0.9145471846102394
188,1576292400,406,291,-115,697,50,-0.5735601713516357,-0.668843826297153
188,1576306800,62,63,1,125,50,0.012879525358788042,-1.4967228557661003
188,1576321200,349,255,-94,604,50,-0.4673943641885418,-0.8034465356338875
188,1576335600,658,647,-11,1305,50,-0.047786650162979935,0.21113947775375613
188,1576350000,767,724,-43,1491,50,-0.20956311822102786,0.48034489642722505
188,1576364400,646,627,-19,1273,50,-0.08823076717749193,0.16482456701423462
188,1576378800,342,239,-103,581,50,-0.5128939958298677,-0.8367353777279185
188,1576393200,91,66,-25,157,50,-0.11856385493837591,-1.4504079450265788
188,1576407600,311,285,-26,596,50,-0.12361936956518992,-0.8150252633187678
188,1576422000,587,594,7,1181,50,0.04321261311967203,0.031669198638110206
188,1576436400,712,676,-36,1388,50,-0.17417451583332988,0.3312687774843901
188,1576450800,523,438,-85,961,50,-0.42189473254721577,-0.28674581269610033
188,1576465200,122,91,-31,213,50,-0.1488969426992599,-1.3693568512324161
188,1576479600,89,177,88,266,50,0.4527092978916059,-1.2926477803200835
188,1576494000,781,1235,454,2016,50,2.303027651305529,1.2401989007475003
188,1576508400,588,510,-78,1098,50,-0.3865061301595178,-0.08846010109252377
188,1576522800,1019,917,-102,1936,50,-0.5078384812030537,1.1244116238986963
188,1576537200,652,629,-23,1281,50,-0.10845282568474791,0.176403294699115
188,1576551600,164,121,-43,285,51,-0.2679621123778899,-1.137909100083331
188,1576566000,107,146,39,253,51,0.21801024940697206,-1.186871796754117
188,1576580400,841,1315,474,2156,51,2.796034363753496,1.724878570886681
188,1576594800,621,552,-69,1173,51,-0.42205091001699246,0.22080573253097718
188,1576609200,1046,998,-48,2044,51,-0.29759457346233276,1.5535091325389305
188,1576623600,756,686,-70,1442,51,-0.42797740223388103,0.632398401419771
188,1576638000,195,137,-58,332,51,-0.3568594956312183,-1.0659951393481144
188,1576652400,96,159,63,255,51,0.3602460626122975,-1.1838116282121929
188,1576666800,816,1149,333,1965,51,1.9603989611722088,1.4326324751329278
188,1576681200,672,680,8,1352,51,0.034288990683426675,0.49469081703318574
188,1576695600,1044,950,-94,1994,51,-0.5702132154392064,1.4770049189908274
188,1576710000,741,656,-85,1397,51,-0.5168747854872094,0.5635446092264783
188,1576724400,193,136,-57,329,51,-0.35093300341432976,-1.0705853921610005
188,1576738800,92,155,63,247,51,0.3602460626122975,-1.1960523023798892
188,1576753200,758,1299,541,2057,51,3.19310934228503,1.5734002280614372
188,1576767600,578,572,-6,1150,51,-0.04868190035301318,0.18561379429884983
188,1576782000,1083,998,-85,2081,51,-0.5168747854872094,1.6101222505645265
188,1576796400,822,678,-144,1500,51,-0.8665378262836346,0.7211432891355705
188,1576810800,216,152,-64,368,51,-0.3924184489325497,-1.0109121055934802
188,1576825200,92,138,46,230,51,0.259495694925192,-1.2220637349862442
188,1576839600,699,1064,365,1763,51,2.1500467121126428,1.123555452398592
188,1576854000,704,583,-121,1287,51,-0.7302285052951977,0.39523533942065187
188,1576868400,991,911,-80,1902,51,-0.48724232440276666,1.336237166062318
188,1576882800,780,718,-62,1498,51,-0.38056546449877254,0.7180831205936463
188,1576897200,282,224,-58,506,51,-0.3568594956312183,-0.7997604762007161
188,1576911600,71,59,-12,130,51,-0.08424085365434456,-1.3750721620824502
188,1576926000,314,257,-57,571,51,-0.35093300341432976,-0.7003049985881823
188,1576940400,548,448,-100,996,51,-0.6057721687405379,-0.05001918342930724
188,1576954800,638,536,-102,1174,51,-0.617625153174315,0.22233581680193923
188,1576969200,608,390,-218,998,51,-1.305098250333388,-0.04695901488738312
188,1576983600,258,161,-97,419,51,-0.5879926920898721,-0.9328778077744152
188,1576998000,55,53,-2,108,51,-0.024975931485458937,-1.4087340160436155
188,1577012400,281,226,-55,507,51,-0.3390800189805527,-0.798230391929754
188,1577026800,527,427,-100,954,51,-0.6057721687405379,-0.11428272280971372
188,1577041200,608,529,-79,1137,51,-0.4813158321858781,0.16572269877634305
188,1577055600,472,290,-182,762,51,-1.0917445305253999,-0.408058902834429
188,1577070000,129,84,-45,213,51,-0.27981509681166705,-1.2480751675925994
188,1577084400,62,151,89,213,51,0.5143348602514002,-1.2480751675925994
188,1577098800,535,929,394,1464,51,2.321914986402411,0.6660602553809363
188,1577113200,656,603,-53,1259,51,-0.32722703454677554,0.35239297983371426
188,1577127600,843,910,67,1753,51,0.3839520314798518,1.1082546096889714
188,1577142000,562,419,-143,981,51,-0.8606113340667461,-0.07297044749373813
188,1577156400,186,168,-18,354,52,-0.5914579924149628,-0.8391257713540768
188,1577170800,69,133,64,202,52,0.039430532827664184,-1.1469317858236265
188,1577185200,389,636,247,1025,52,1.4473890708691366,0.519675779363475
188,1577199600,598,445,-153,1043,52,-1.6301159303144097,0.5561264916032901
188,1577214000,587,635,48,1222,52,-0.08366966721967767,0.9186085744325625
188,1577228400,320,370,50,690,52,-0.06828214221375993,-0.1587124762108616
188,1577242800,150,112,-38,262,52,-0.7453332424741401,-1.0254294116909095
188,1577257200,34,46,12,80,52,-0.3606451173261968,-1.3939866132268177
188,1577271600,170,111,-59,281,52,-0.9069022550362763,-0.9869536598822158
188,1577286000,328,261,-67,589,52,-0.9684523550599472,-0.3632414726676019
188,1577300400,362,446,84,808,52,0.1933057828868415,0.08024219291681518
188,1577314800,391,267,-124,658,52,-1.4069968177286025,-0.22351374241497732
188,1577329200,133,84,-49,217,52,-0.8299646300066876,-1.1165561922904472
188,1577343600,45,125,80,170,52,0.16253073287500602,-1.2117330520277423
188,1577358000,390,691,301,1081,52,1.8628522460289152,0.6330779952206775
188,1577372400,486,693,207,1179,52,1.139638570750782,0.831531872970782
188,1577386800,753,915,162,1668,52,0.793419258117633,1.8217762221524256
188,1577401200,504,579,75,1083,52,0.1240619203602117,0.6371280743584348
188,1577415600,203,105,-98,308,52,-1.206958992651672,-0.9322775915224932
188,1577430000,54,132,78,186,52,0.1471432078690883,-1.1793324189256844
188,1577444400,419,725,306,1144,52,1.9013210585437097,0.7606554880600305
188,1577458800,562,615,53,1177,52,-0.04520085470488333,0.8274817938330248
188,1577473200,776,1052,276,1828,52,1.6705081834549436,2.1457825531730044
188,1577487600,605,581,-24,1186,52,-0.637620567432716,0.8457071499529323
