remote_unit_id,time_stamp,entries,exits,num_people_exited,sum_exit_entry,week_num,z_score_num_people_exited,z_score_sum_exit_entry
10,1546304400,486,1067,581,1553,1,2.2707614432856977,0.8570438660130583
10,1546318800,603,220,-383,823,1,-1.1214687479741676,-0.5455946613148823
10,1546333200,146,160,14,306,1,0.2755389137791172,-1.5389701662854922
10,1546347600,418,339,-79,757,1,-0.0517198079918034,-0.6724085555664495
10,1546362000,751,611,-140,1362,1,-0.26637337818563306,0.4900521417395834
10,1546376400,990,648,-342,1638,1,-0.9771933975160199,1.0203647904279554
10,1546390800,771,177,-594,948,1,-1.8639589661856109,-0.30541683129297464
10,1546405200,210,68,-142,278,1,-0.27341120015920123,-1.5927700002103995
10,1546419600,354,663,309,1017,1,1.3136176548804246,-0.17283866912088164
10,1546434000,575,919,344,1494,1,1.4367795394178677,0.7436799302427178
10,1546448400,802,869,67,1671,1,0.46204119607867405,1.083771737553739
10,1546462800,1132,928,-204,2060,1,-0.491583681339815,1.8312051445819155
10,1546477200,743,197,-546,940,1,-1.6950512388199748,-0.3207882124143767
10,1546491600,187,85,-102,272,1,-0.13265476068783752,-1.604298536051451
10,1546506000,409,617,208,1026,1,0.9582076452152312,-0.1555458653593043
10,1546520400,563,872,309,1435,1,1.3136176548804246,0.6303159944723775
10,1546534800,794,770,-24,1564,1,0.1418202962813217,0.8781795150549861
10,1546549200,1011,1082,71,2093,1,0.47611684002581045,1.8946120917076992
10,1546563600,733,256,-477,989,1,-1.4522463807318724,-0.22663850304578895
10,1546578000,181,140,-41,321,1,0.08199880950599212,-1.5101488266828633
10,1546592400,377,616,239,993,1,1.067293885805538,-0.2189528124850879
10,1546601602,412,342,-70,754,1,-0.020049609110746568,-0.6781728234869753
10,1546606800,432,850,418,1282,1,1.6971789524398906,0.3363383305255625
10,1546621200,797,819,22,1616,1,0.30369020167338995,0.9780934923440997
10,1546635600,1071,1066,-5,2137,1,0.20867960503021946,1.9791546878754107
10,1546650000,929,290,-639,1219,1,-2.022309960590895,0.2152887041945211
10,1546664400,302,114,-188,416,1,-0.4352811055512695,-1.3276136758662136
10,1546678800,145,266,121,411,1,0.652062389365015,-1.3372207890670897
10,1546693200,546,603,57,1149,1,0.4268520862108332,0.08078911938225282
10,1546707600,734,799,65,1533,1,0.4550033741051059,0.818615413209553
10,1546722000,864,701,-163,1565,1,-0.3473083308816672,0.8801009376951614
10,1546736400,932,234,-698,1166,1,-2.2299257088111566,0.11345330426523226
10,1546750800,268,88,-180,356,1,-0.40712981765699674,-1.4428990342767292
10,1546765200,129,182,53,311,1,0.4127764422636968,-1.5293630530846158
10,1546779600,511,468,-43,979,1,0.07496098753242393,-0.24585272944754155
10,1546794000,612,711,99,1323,1,0.574646347655765,0.4151166587727482
10,1546808400,803,484,-319,1287,1,-0.8962584448199856,0.3459454437264388
10,1546822800,614,200,-414,814,1,-1.2305549885644744,-0.5628874650764596
10,1546837200,164,73,-91,237,1,-0.09394673983321251,-1.6715483284575852
10,1546851600,424,622,198,1046,1,0.9230185353473902,-0.11711741255579906
10,1546866000,551,809,258,1360,1,1.1341531945544359,0.4862092964592329
10,1546880400,739,645,-94,1384,1,-0.10450347279356478,0.5323234398234391
10,1546894800,967,747,-220,1714,1,-0.5478862571283605,1.1663929110812752
10,1546909200,518,201,-317,719,2,-1.0733269000702466,-0.7311655851707853
10,1546923600,145,81,-64,226,2,-0.08286475155557525,-1.6855572265088856
10,1546938000,447,628,181,1075,2,0.8762784357412408,-0.04199028229783674
10,1546952400,516,822,306,1338,2,1.3656372047702283,0.4671476521279652
10,1546966800,751,653,-98,1404,2,-0.2159703367314599,0.5949161071549726
10,1546981200,1029,916,-113,1945,2,-0.2746933890149384,1.6422302612399873
10,1546995600,794,239,-555,1033,2,-2.005065996301439,-0.12329748095138686
10,1547010000,181,85,-96,266,2,-0.20814059642699612,-1.6081217992197903
10,1547024400,428,698,270,1126,2,1.2247018792898798,0.05673988749575983
10,1547038800,565,1030,465,1595,2,1.9881015589751008,0.9646702724604028
10,1547053200,782,796,14,1578,2,0.2224951203185131,0.9317602158625373
10,1547067600,949,918,-31,1867,2,0.04632596346807751,1.4912311780262513
10,1547082000,661,233,-428,894,2,-1.5078774869679876,-0.3923855907809932
10,1547096400,189,97,-92,286,2,-0.1924811158180685,-1.5694040855752425
10,1547110800,491,630,139,1121,2,0.7118538893475008,0.04706045908462291
10,1547125200,567,856,289,1423,2,1.299084412182286,0.6316979351172928
10,1547139600,763,779,16,1542,2,0.2303248606229769,0.8620683313023515
10,1547154000,945,950,5,1895,2,0.18726128894842597,1.545435977128618
10,1547168400,643,261,-382,904,2,-1.32779345996532,-0.3730267339587194
10,1547182800,189,109,-80,298,2,-0.14550267399128566,-1.546173457388514
10,1547197200,469,603,134,1072,2,0.6922795385863414,-0.04779793934451889
10,1547211600,517,879,362,1396,2,1.584869933295215,0.5794290216971535
10,1547226000,737,734,-3,1471,2,0.15594232773057076,0.7246204478642072
10,1547240400,1028,1191,163,2219,2,0.8058107730010665,2.17266293817029
10,1547254800,914,275,-639,1189,2,-2.3339150890889186,0.178700685476085
10,1547269200,254,111,-143,365,2,-0.3921394935818955,-1.4164691166792793
10,1547283600,143,239,96,382,2,0.5435144728015291,-1.3835590600814138
10,1547298000,457,640,183,1097,2,0.8841081760457046,0.0005992027111657027
10,1547312400,833,721,-112,1554,2,-0.2707785188627065,0.8852989594890801
10,1547326800,868,685,-183,1553,2,-0.5487342996711715,0.8833630738068527
10,1547341200,827,246,-581,1073,2,-2.106852620259468,-0.045862053662291506
10,1547355600,266,117,-149,383,2,-0.4156287144952869,-1.3816231743991862
10,1547370000,110,197,87,307,2,0.5082806414314419,-1.5287504862484675
10,1547384400,410,455,45,865,2,0.3438560950377021,-0.44852627556558733
10,1547398800,630,662,32,1292,2,0.29296278305868734,0.37809691074550555
10,1547413200,747,391,-356,1138,2,-1.2260068360072907,0.07997051568248843
10,1547427600,548,166,-382,714,2,-1.32779345996532,-0.7408450135819223
10,1547442000,170,81,-89,251,2,-0.18073650536137278,-1.637160084453201
10,1547456400,441,607,166,1048,2,0.8175553834577622,-0.0942591957179761
10,1547470800,483,822,339,1305,2,1.4948279197938812,0.4032634246144615
10,1547485200,675,617,-58,1292,2,-0.05937553064218384,0.37809691074550555
10,1547499600,850,710,-140,1560,2,-0.38039488312519976,0.8969142735824445
10,1547514000,558,240,-318,798,3,-0.9459810383335752,-0.597360991690135
10,1547528400,139,93,-46,232,3,0.026561022674592833,-1.642127434778561
10,1547542800,512,702,190,1214,3,0.8703842814905034,0.17052388520877879
10,1547557200,489,826,337,1315,3,1.3959860571088885,0.356957473109717
10,1547571600,877,747,-130,1624,3,-0.2737828491073414,0.9273334994601121
10,1547586000,1178,1068,-110,2246,3,-0.20227240344497613,2.0754690605926225
10,1547600400,794,198,-596,992,3,-1.9399762330404529,-0.23926083275169927
10,1547614800,186,102,-84,288,3,-0.10930882408390123,-1.5387583167344765
10,1547629200,498,705,207,1203,3,0.9311681603035139,0.15021923702154788
10,1547643600,559,1096,537,1655,3,2.1110905137325413,0.9845556898059445
10,1547658000,770,883,113,1653,3,0.595069065690397,0.9808639355900844
10,1547672400,962,936,-26,1898,3,0.09807146833695814,1.4331038270329544
10,1547686800,773,266,-507,1039,3,-1.6217547498429272,-0.15250460867898544
10,1547701200,201,119,-82,320,3,-0.1021577795176647,-1.4796902492807138
10,1547715600,509,655,146,1164,3,0.7130613010332998,0.07823002981227471
10,1547730000,552,984,432,1536,3,1.7356606740051235,0.7648963139622649
10,1547744400,750,847,97,1597,3,0.5378607091605048,0.8774948175459999
10,1547758800,1015,1072,57,2087,3,0.39483981783577415,1.7819746004317396
10,1547773200,790,274,-516,1064,3,-1.6539344503909916,-0.10635768098073341
10,1547787600,202,101,-101,303,3,-0.17009270289691175,-1.5110701601155252
10,1547802000,423,707,284,1130,3,1.2064833761036204,0.01547020814265195
10,1547816400,573,943,370,1516,3,1.513978292451791,0.7279787718036633
10,1547830800,780,865,85,1645,3,0.4949544417630856,0.9660969187266438
10,1547845200,1008,980,-28,1988,3,0.0909204237707216,1.5992327667466617
10,1547859600,1038,258,-780,1296,3,-2.5978723331342137,0.32188580805904543
10,1547874000,322,118,-204,440,3,-0.538371498058093,-1.258184996329104
10,1547888400,169,264,95,433,3,0.5307096645942683,-1.2711061360846148
10,1547902800,542,606,64,1148,3,0.419868473817602,0.04869599608539341
10,1547917200,877,742,-135,1619,3,-0.29166046052293276,0.9181041139204617
10,1547931600,895,677,-218,1572,3,-0.5884288100217487,0.8313478898477479
10,1547946000,769,208,-561,977,3,-1.8148329531313137,-0.2669489893706505
10,1547960400,260,84,-176,344,3,-0.4382568741307816,-1.435389198690392
10,1547974800,127,168,41,295,3,0.3376314613058819,-1.5258371769789658
10,1547989200,486,499,13,985,3,0.23751683737857046,-0.2521819725072098
10,1548003600,645,781,136,1426,3,0.6773060782021171,0.561849832089956
10,1548018000,727,576,-151,1303,3,-0.348868817052825,0.334806947814556
10,1548032400,597,177,-420,774,3,-1.3106843112116382,-0.641662042280457
10,1548046800,136,83,-53,219,3,0.001532366692764978,-1.666123837181652
10,1548061200,196,389,193,585,3,0.8811108483398582,-0.9905328156792423
10,1548075600,438,466,28,904,3,0.29114967162534444,-0.40169801824954643
10,1548090000,664,494,-170,1158,3,-0.416803740432072,0.06715476716469422
10,1548104400,690,433,-257,1123,3,-0.727874179063361,0.002549068387141381
10,1548118800,458,160,-298,618,4,-1.0695839219822194,-0.9654790339090713
10,1548133200,146,87,-59,233,4,-0.2771065519750214,-1.626100055333821
10,1548147600,472,762,290,1234,4,0.8801093565292133,0.09151460037052794
10,1548162000,562,1051,489,1613,4,1.539954530719307,0.741840229253593
10,1548176400,662,869,207,1531,4,0.6048975502087219,0.6011365311839062
10,1548190800,1018,1282,264,2300,4,0.7938984292480955,1.920662675276458
10,1548205200,672,272,-400,944,4,-1.4077960213158351,-0.4060960391442185
10,1548219600,163,108,-55,271,4,-0.263843332393311,-1.5608959025698197
10,1548234000,499,820,321,1319,4,0.9828993082874691,0.23736599471105707
10,1548248400,505,1448,943,1953,4,3.0453299532434404,1.3252458066157096
10,1548262800,782,941,159,1723,4,0.44573891522819675,0.9305890925178073
10,1548277200,937,1013,76,1950,4,0.17052710890770548,1.3200981103448675
10,1548291600,661,249,-412,910,4,-1.4475856800609666,-0.4644365968804301
10,1548306000,172,78,-94,250,4,-0.3931597233149876,-1.596929776465715
10,1548320400,466,629,163,1095,4,0.4590021348099072,-0.14699532684516084
10,1548334800,586,1024,438,1610,4,1.370848481052499,0.7366925329827508
10,1548349200,654,770,116,1424,4,0.30315930472480973,0.4175353641905342
10,1548363600,921,1179,258,2100,4,0.7740035998755298,1.5774829238869776
10,1548378000,673,267,-406,940,4,-1.4276908506884007,-0.4129596341720081
10,1548392400,165,100,-65,265,4,-0.297001381347587,-1.5711912951115041
10,1548406800,463,670,207,1133,4,0.6048975502087219,-0.0817911740811596
10,1548421200,603,954,351,1557,4,1.0823734551502973,0.6457498988645386
10,1548435600,802,900,98,1702,4,0.24347481660711282,0.8945552186219118
10,1548450000,1067,1223,156,2290,4,0.43579150054191396,1.903503687706984
10,1548464400,871,289,-582,1160,4,-2.0112725122836594,-0.03546190764357976
10,1548478800,283,110,-173,393,4,-0.6551083100537686,-1.3515562542222366
10,1548493200,168,291,123,459,4,0.326369938992803,-1.2383069362637082
10,1548507600,543,671,128,1214,4,0.342948963469941,0.057196625231579916
10,1548522000,881,860,-21,1741,4,-0.15110596594877235,0.9614752701428605
10,1548536400,923,788,-135,1711,4,-0.5291077240275195,0.9099983074344384
10,1548550800,899,248,-651,1147,4,-2.2400630500681644,-0.05776859148389598
10,1548565200,318,114,-204,432,4,-0.7578982618120244,-1.284636202701288
10,1548579600,117,216,99,333,4,0.24679062150254044,-1.4545101796390807
10,1548594000,406,507,101,913,4,0.25342223129339564,-0.45928890060958794
10,1548608400,667,779,112,1446,4,0.28989608514309934,0.45528513684337707
10,1548622800,743,424,-319,1167,4,-1.139215824786199,-0.02345061634494795
10,1548637200,594,191,-403,785,4,-1.417743436002118,-0.6789239414988553
10,1548651600,132,109,-23,241,4,-0.15773757573962757,-1.6123728652782416
10,1548666000,453,618,165,1071,4,0.4656337446007624,-0.1881768970118985
10,1548680400,633,876,243,1509,4,0.7242665264441157,0.5633867585310633
10,1548694800,670,613,-57,1283,4,-0.2704749421841662,0.1755936394609506
10,1548709200,868,750,-118,1618,4,-0.4727390408052502,0.7504197230383302
10,1548723600,508,239,-269,747,5,-1.1552060848571364,-0.7605447026245983
10,1548738000,151,97,-54,248,5,-0.39599859240735896,-1.6715812754187414
10,1548752400,469,680,211,1149,5,0.5397687820074829,-0.026603415523905875
10,1548766800,541,918,377,1459,5,1.125947590131497,0.5393712088572251
10,1548781200,715,720,5,1435,5,-0.18765793168858286,0.4955538185825569
10,1548795600,877,968,91,1845,5,0.11602506529132808,1.2441009024414722
10,1548810000,700,258,-442,958,5,-1.7661032764562596,-0.3753168131264737
10,1548824400,155,95,-60,250,5,-0.41718577824316666,-1.6679298262291857
10,1548838800,469,764,295,1233,5,0.8363893837087912,0.12675745043743283
10,1548853200,449,1111,662,1560,5,2.132338917332365,0.7237693929297871
10,1548867600,840,765,-75,1605,5,-0.470153742832686,0.8059269996947901
10,1548882000,938,1016,78,1954,5,0.07011949598041133,1.4431048832722568
10,1548896400,583,226,-357,809,5,-1.4659514771156499,-0.6473497777483721
10,1548910800,108,98,-10,206,5,-0.24062589627810219,-1.7482617083994108
10,1548925200,372,725,353,1097,5,1.041198846788266,-0.12154109445235366
10,1548939600,503,1014,511,1517,5,1.59912807379787,0.6452632353543399
10,1548954000,608,862,254,1470,5,0.6916102804974383,0.5594541793997814
10,1548968400,810,1198,388,2008,5,1.164790764163811,1.5416940113902604
10,1548982800,612,281,-331,893,5,-1.3741403384938164,-0.4939889117870334
10,1548997200,137,106,-31,243,5,-0.31478104670342927,-1.6807098983926307
10,1549011600,402,723,321,1125,5,0.9282005223306247,-0.07042080579857408
10,1549026000,579,1015,436,1594,5,1.3342882508502731,0.7858440291522338
10,1549040400,672,921,249,1593,5,0.673954292300932,0.7840183045574559
10,1549054800,936,1231,295,2167,5,0.8363893837087912,1.8319842219599372
10,1549069200,851,308,-543,1159,5,-2.12275423802569,-0.008346169576127455
10,1549083600,234,97,-137,331,5,-0.689087996469366,-1.5200461340521805
10,1549098000,163,361,198,524,5,0.49386321269656613,-1.167681287260057
10,1549112400,528,881,353,1409,5,1.041198846788266,0.448084979118333
10,1549126800,827,1070,243,1897,5,0.6527671064651241,1.33903858136992
10,1549141200,919,944,25,1863,5,-0.11703397890255705,1.2769639451474732
10,1549155600,825,354,-471,1179,5,-1.8685080079959968,0.028168322319429385
10,1549170000,296,105,-191,401,5,-0.8797726689916356,-1.3922454124177317
10,1549184400,150,259,109,409,5,0.17958662279875132,-1.377639615659509
10,1549198800,493,631,138,1124,5,0.28199135433848876,-0.07224653039335192
10,1549213200,628,774,146,1402,5,0.31024093545289905,0.43530490695488816
10,1549227600,752,500,-252,1252,5,-1.0951757249890144,0.16144621773821186
10,1549242000,643,218,-425,861,5,-1.7060729165881376,-0.5524120988199244
10,1549256400,121,87,-34,208,5,-0.3253746396213331,-1.7446102592098551
10,1549270800,459,693,234,1152,5,0.6209863277114126,-0.02112624173957235
10,1549285200,639,902,263,1541,5,0.72339105925115,0.6890806256290082
10,1549299600,697,640,-57,1337,5,-0.4065921853252628,0.3166328082943284
10,1549314000,855,801,-54,1656,5,-0.39599859240735896,0.89903895402846
10,1549328400,544,219,-325,763,6,-1.0246659877263018,-0.7991964046553005
10,1549342800,169,93,-76,262,6,-0.16422300558067277,-1.6756134750512162
10,1549357200,448,671,223,1119,6,0.8689996918552433,-0.17643297738794317
10,1549371600,566,976,410,1542,6,1.5151958270409165,0.5635359263595067
10,1549386000,769,668,-101,1437,6,-0.2506128632258162,0.37985570202503327
10,1549400400,1067,1043,-24,2110,6,0.015467898321225684,1.5571584732355148
10,1549414800,801,246,-555,1047,6,-1.8194526780616218,-0.3023851312172963
10,1549429200,166,79,-87,245,6,-0.20223454294453588,-1.7053521780387024
10,1549443600,468,750,282,1218,6,1.0728797558977818,-0.003248765872582579
10,1549458000,615,1154,539,1769,6,1.960967492489857,0.9606350780159395
10,1549472400,804,782,-22,1586,6,0.022379086932837165,0.6405066870330002
10,1549486800,1077,1085,8,2162,6,0.12604691610700935,1.6481239176678255
10,1549501200,723,205,-518,928,6,-1.6915956887468095,-0.5105560521296995
10,1549515600,128,91,-37,219,6,-0.029454827654248925,-1.7508349002548576
10,1549530000,503,773,270,1276,6,1.031412624228113,0.0982126913788408
10,1549544400,609,948,339,1557,6,1.2698486313287092,0.5897759584072886
10,1549558800,712,791,79,1503,6,0.37139411181921683,0.49531184303527365
10,1549573200,954,1057,103,2011,6,0.4543283751585546,1.3839742617201543
10,1549587600,835,235,-600,1070,6,-1.97495442182288,-0.2621504154106974
10,1549602000,171,108,-63,279,6,-0.11930027960519815,-1.6458747720637301
10,1549616400,457,685,228,1142,6,0.886277663384272,-0.13619826158134424
10,1549630800,704,1009,305,1713,6,1.152358424931314,0.8626722917042203
10,1549645200,801,820,19,1621,6,0.16405845347087247,0.7017334284778247
10,1549659600,1074,1214,140,2288,6,0.582185364473367,1.8685401868691935
10,1549674000,953,308,-645,1261,6,-2.1304561655841385,0.0719726593310589
10,1549688400,310,129,-181,439,6,-0.5270604076902754,-1.3659810968873896
10,1549702800,182,333,151,515,6,0.6201969018372301,-1.233031601178628
10,1549717200,634,771,137,1405,6,0.5718185815559498,0.3238769669897652
10,1549731600,910,1026,116,1936,6,0.4992511011340292,1.2527741014812448
10,1549746000,930,846,-84,1776,6,-0.19186776002711867,0.9728804263049043
10,1549760400,937,301,-636,1238,6,-2.0993558168318867,0.031737943524459966
10,1549774800,324,92,-232,416,6,-0.7032957172863681,-1.4062158126939885
10,1549789200,138,257,119,395,6,0.5096178840514465,-1.4429518575608833
10,1549803600,539,583,44,1122,6,0.250448311116016,-0.17118497097838678
10,1549818000,798,780,-18,1578,6,0.03620146415606012,0.6265120032741832
10,1549832400,796,447,-349,1243,6,-1.1076002510656395,0.0404846208737206
10,1549846800,650,160,-490,810,6,-1.5948390481842487,-0.7169776375722505
10,1549861200,184,84,-100,268,6,-0.24715726892001047,-1.6651174622321034
10,1549875600,482,700,218,1182,6,0.8517217203262146,-0.06622484278725915
10,1549890000,617,948,331,1565,6,1.2422038768822632,0.6037706421661055
10,1549904400,767,691,-76,1458,6,-0.16422300558067277,0.41659174689192796
10,1549918800,899,861,-38,1760,6,-0.03291042196005466,0.9448910587872703
10,1549933200,638,251,-387,889,7,-0.9022976784856709,-0.5892692039709244
10,1549947600,151,70,-81,221,7,-0.09374031104055568,-1.7843347516511514
10,1549962000,410,665,255,1075,7,0.7940873865462375,-0.2565114317126576
10,1549976400,549,977,428,1526,7,1.2512129570299138,0.5503367149995915
10,1549990800,766,720,-46,1486,7,-0.0012582592085980584,0.47877590376125445
10,1550005200,867,1049,182,1916,7,0.6011962498681545,1.2480546245733766
10,1550019600,650,201,-449,851,7,-1.0661230274451388,-0.6572519746473445
10,1550034000,167,78,-89,245,7,-0.11487906574500313,-1.7413982649081492
10,1550048400,517,774,257,1291,7,0.7993720752223493,0.12991694897436187
10,1550062800,550,1123,573,1673,7,1.6343528860480239,0.8133226963004797
10,1550077200,804,894,90,1698,7,0.3581005707670087,0.8580482033244403
10,1550091600,1010,938,-72,1948,7,-0.06995921199805229,1.3053032735640462
10,1550106000,750,218,-532,968,7,-1.285437607503781,-0.44793660177520894
10,1550120400,169,95,-74,264,7,-0.07524390067416416,-1.707406879569939
10,1550134800,515,726,211,1241,7,0.6778242356717764,0.04046593492644069
10,1550149200,620,918,298,1538,7,0.9077081930826425,0.5718049583710925
10,1550163600,825,769,-56,1594,7,-0.027681702589157378,0.6719900941047642
10,1550178000,1014,1145,131,2159,7,0.46643668862730187,1.6827865528462735
10,1550192400,949,250,-699,1199,7,-1.7267091119591216,-0.0346729168738131
10,1550206800,256,113,-143,369,7,-0.25756566000002346,-1.5195597500693048
10,1550221200,474,682,208,1156,7,0.6698972026576087,-0.11160078895502532
10,1550235600,646,869,223,1515,7,0.7095323677284476,0.5306574919090488
10,1550250000,1147,818,-329,1965,7,-0.7490417068784269,1.3357166183403393
10,1550264400,1191,1175,-16,2366,7,0.0780120709330799,2.053113751004667
10,1550278800,946,292,-654,1238,7,-1.6078036167466048,0.03509887408356542
10,1550293200,325,124,-201,449,7,-0.41082163160726753,-1.3764381275926307
10,1550307600,163,1657,1494,1820,7,4.067952021397537,1.076308677601368
10,1550322000,614,655,41,1269,7,0.228625698202268,0.09055850279327655
10,1550336400,845,762,-83,1607,7,-0.09902499971666755,0.6952473577572237
10,1550350800,1076,779,-297,1855,7,-0.664486688060637,1.1389243874349129
10,1550365200,1040,325,-715,1365,7,-1.7689866213680165,0.2623044497652852
10,1550379600,347,115,-232,462,7,-0.4927343060870014,-1.3531808639401712
10,1550394000,132,237,105,369,7,0.39773573583784766,-1.5195597500693048
10,1550408400,532,549,17,1081,7,0.16520943408892566,-0.2457773100269071
10,1550422800,755,789,34,1544,7,0.21012928783587648,0.5825390800568431
10,1550437200,847,508,-339,1355,7,-0.7754651502589861,0.244414246955701
10,1550451600,777,231,-546,1008,7,-1.322430428236564,-0.37637579053687203
10,1550466000,183,64,-119,247,7,-0.19414939588668112,-1.7378202243462324
10,1550480400,231,329,98,560,7,0.3792393254714561,-1.1778568764062458
10,1550494800,516,493,-23,1009,7,0.059515660566688375,-0.3745867702559136
10,1550509200,734,620,-114,1354,7,-0.18093767419640144,0.24262522667474257
10,1550523600,844,583,-261,1427,7,-0.5693622918906235,0.3732237071847075
10,1550538000,536,158,-378,694,8,-1.45183281344812,-0.9430841883035903
10,1550552400,152,71,-81,223,8,-0.3225591017219961,-1.7355777702678918
10,1550566800,457,718,261,1175,8,0.977816687538389,-0.1337648402678598
10,1550581200,662,926,264,1588,8,0.9892234927073398,0.561139298482154
10,1550595600,792,742,-50,1534,8,-0.2046887816428384,0.470280161696438
10,1550610000,1084,1052,-32,2136,8,-0.13624795062913392,1.4831912791964583
10,1550624400,732,207,-525,939,8,-2.0107662667267068,-0.530852919553582
10,1550638800,222,86,-136,308,8,-0.5316838631527598,-1.5925587586607461
10,1550653200,448,664,216,1112,8,0.8067146100041278,-0.23976716651786195
10,1550667600,554,1177,623,1731,8,2.354237844591779,0.8017477533035875
10,1550682000,744,806,62,1550,8,0.22116527799798946,0.4972013874107242
10,1550696400,925,918,-7,1843,8,-0.0411912408878777,0.9901963333035912
10,1550710800,643,220,-423,863,8,-1.622934890982381,-0.6587287416964418
10,1550725200,145,78,-67,223,8,-0.2693273442668926,-1.7355777702678918
10,1550739600,448,623,175,1071,8,0.6508216060284676,-0.3087528074107205
10,1550754000,715,1043,328,1758,8,1.2325686696449558,0.8471773216964456
10,1550768400,779,778,-1,1557,8,-0.018377630549976206,0.5089794236607245
10,1550782800,1065,1021,-44,2086,8,-0.1818751713049369,1.3990624488393137
10,1550797200,736,285,-451,1021,8,-1.7293984058925882,-0.392881637767865
10,1550811600,207,77,-130,284,8,-0.5088702528148583,-1.6329405972321756
10,1550826000,423,618,195,1041,8,0.7268669738214726,-0.3592301056250072
10,1550840400,684,910,226,1594,8,0.8447372939006302,0.5712347581250115
10,1550854800,783,788,5,1571,8,0.00443597978792529,0.5325354961607249
10,1550869200,1072,1134,62,2206,8,0.22116527799798946,1.6009716416964606
10,1551488400,9352,6359,-2993,15711,9,-3.9077318210659255,4.082674587259134
10,1551502800,257,110,-147,367,9,0.10689367487433664,-0.4335867258197151
10,1551517200,161,297,136,458,9,0.5060992319196965,-0.4068023293461635
10,1551531600,594,647,53,1241,9,0.38901774345762985,-0.1763387860627473
10,1551546000,792,774,-18,1566,9,0.28886369911056076,-0.08068022722863456
10,1551560400,847,737,-110,1584,9,0.15908662756224587,-0.07538221473936063
10,1551574800,890,296,-594,1186,9,-0.5236536184093237,-0.192527157557751
10,1551589200,311,86,-225,397,9,-0.003134711873147711,-0.4247567050042585
10,1551603600,177,218,41,395,9,0.3720902993426322,-0.4253453730586223
10,1551618000,523,538,15,1061,9,0.3354141704268041,-0.22931891095548665
10,1551632400,657,791,134,1448,9,0.5032779912338635,-0.11541164243609703
10,1551646800,823,453,-370,1276,9,-0.2076746615960353,-0.16603709511138132
10,1551661200,523,151,-372,674,9,-0.2104959022818682,-0.34322617947487627
10,1551675600,155,93,-62,248,9,0.22679640402223625,-0.46861247505435943
10,1551690000,351,572,221,923,9,0.6260019610675961,-0.2699370067065868
10,1551704400,555,963,408,1518,9,0.8897879651929753,-0.09480826053336505
10,1551718800,696,628,-68,1324,9,0.21833268196473746,-0.1519090618066508
10,1551733200,902,843,-59,1745,9,0.23102826505098564,-0.027994436363077087
10,1551747600,503,204,-299,707,10,-0.9369741065129453,-0.8467633672500404
10,1551762000,134,96,-38,230,10,0.001716518907508665,-1.6308740909140091
10,1551776400,474,793,319,1267,10,1.2856726617239917,0.07378591000744911
10,1551779673,143,394,251,537,10,1.0411095869018046,-1.1262158264174926
10,1551779766,155,203,48,358,10,0.31101687824145136,-1.4204628275408686
10,1551790800,489,626,137,1115,10,0.63110678499402,-0.17607746524815518
10,1551805200,790,771,-19,1561,10,0.07005031922547275,0.5570742805676311
10,1551819600,1048,1197,149,2245,10,0.6742649746685236,1.6814594692178504
10,1551834000,684,207,-477,891,10,-1.5771539200180826,-0.544297176151151
10,1551848400,181,102,-79,283,10,-0.14574062914704541,-1.5437506771735683
10,1551862800,519,805,286,1324,10,1.1669876401191068,0.16748467572830072
10,1551877200,689,1080,391,1769,10,1.5446217997710137,0.8989925835489844
10,1551891600,814,877,63,1691,10,0.3649646153345809,0.7707732199309769
10,1551906000,974,1044,70,2018,10,0.3901402259780413,1.3083082443295466
10,1551920400,674,221,-453,895,10,-1.4908375406690753,-0.5377218241707403
10,1551934800,150,100,-50,250,10,-0.04144167076699497,-1.597997331011956
10,1551949200,539,702,163,1241,10,0.7246161959554445,0.03104612213477995
10,1551963600,698,1041,343,1739,10,1.3719890410729991,0.8496774436959046
10,1551978000,796,914,118,1710,10,0.5627729846760559,0.8020061418379274
10,1551992400,956,1171,215,2127,10,0.9116350178782936,1.4874865857957367
10,1552006800,872,263,-609,1135,10,-2.0518940064376223,-0.143200705346102
10,1552021200,298,90,-208,388,10,-0.6096911681479595,-1.3711476876877888
10,1552035600,487,697,210,1184,10,0.8936524388472504,-0.06265264358607166
10,1552050000,702,987,285,1689,10,1.1633911243128983,0.7674855439407716
10,1552064400,948,874,-74,1822,10,-0.12775805011600225,0.9861159972894253
10,1552078800,1162,1242,80,2404,10,0.4261053840401277,1.9428297104391734
10,1552093200,1122,375,-747,1497,10,-2.5482131876944143,0.4518686488810609
10,1552107600,387,98,-289,485,10,-0.901008948450859,-1.211695402162831
10,1552122000,201,299,98,500,10,0.4908426685518832,-1.1870378322362911
10,1552136400,707,672,-35,1379,10,0.012506066326134574,0.257895765458947
10,1552150800,917,894,-23,1811,10,0.05566425600063821,0.968033779343296
10,1552165200,1054,919,-135,1973,10,-0.34714551429472906,1.234335534549927
10,1552179600,1041,322,-719,1363,10,-2.4475107451205727,0.23159435753730445
10,1552197600,347,108,-239,455,10,-0.7211831581404272,-1.2610105420159108
10,1552212000,170,289,119,459,10,0.5663695004822645,-1.2544351900355
10,1552226400,520,581,61,1101,10,0.3577715837221636,-0.19909119717959242
10,1552240800,868,770,-98,1638,10,-0.2140744294650095,0.683649806190536
10,1552255200,777,434,-343,1211,10,-1.0952208019861254,-0.018269017718299845
10,1552269600,526,113,-413,639,10,-1.34697690842073,-0.9585443509170213
10,1552284000,172,92,-80,264,10,-0.14933714495325406,-1.5749835990805188
10,1552298400,646,1039,393,1685,10,1.551814831383431,0.7609101919603609
10,1552312800,640,651,11,1291,10,0.17794579341173183,0.11323802188991294
10,1552327200,917,847,-70,1764,10,-0.11337198689116769,0.8907733935734711
10,1552341600,842,836,-6,1678,10,0.11680502470618502,0.7494033259946423
10,1552356000,507,155,-352,662,11,-0.9944947186256228,-1.0269354693236823
10,1552370400,176,104,-72,280,11,-0.11096688822316572,-1.6546701692828836
10,1552384800,623,1173,550,1796,11,1.8517270778851496,0.8365492158955179
10,1552399200,641,685,44,1326,11,0.2550660700864236,0.0642054751080187
10,1552413600,921,744,-177,1665,11,-0.4422898246240871,0.6212789392079383
10,1552428000,1062,820,-242,1882,11,-0.6473944995389432,0.9778716876140815
10,1552442400,701,194,-507,895,11,-1.483590481884126,-0.6440501680396666
10,1552456800,168,112,-56,280,11,-0.06047958362873961,-1.6546701692828836
10,1552471200,605,1089,484,1694,11,1.643466946433142,0.6689341912990818
10,1552485600,639,831,192,1470,11,0.7220736375848652,0.3008384510088695
10,1552500000,1027,934,-93,1961,11,-0.17723147550335,1.107691167448576
10,1552514400,894,765,-129,1659,11,-0.2908279108408087,0.6114192318787361
10,1552528800,610,165,-445,775,11,-1.2879521765807247,-0.841244314623709
10,1552543200,170,90,-80,260,11,-0.1362105405203788,-1.687535860380224
10,1552557600,629,1134,505,1763,11,1.7097315337133263,0.7823208255849062
10,1552572000,639,812,173,1451,11,0.6621199633789842,0.26961604446639614
10,1552586400,936,969,33,1905,11,0.22035604817775567,1.015667232376023
10,1552600800,936,946,10,1882,11,0.14778054782326813,0.9778716876140815
10,1552615200,762,184,-578,946,11,-1.7076278960218916,-0.5602426557414487
10,1552629600,198,115,-83,313,11,-0.14567691013183368,-1.600441778972272
10,1552644000,579,1077,498,1656,11,1.6876433379532647,0.6064893782141352
10,1552658400,568,821,253,1389,11,0.9145564863511146,0.16773240206464093
10,1552672800,893,1046,153,1939,11,0.5990108326359516,1.0715389072415016
10,1552687200,1037,948,-89,1985,11,-0.16460964935474348,1.1471299967653845
10,1552701600,949,234,-715,1183,11,-2.1399254416116653,-0.17078421623796508
10,1552716000,208,78,-130,286,11,-0.2939833673779604,-1.6448104619536816
10,1552730400,301,449,148,750,11,0.5832335499501934,-0.8823264284953845
10,1552744800,746,973,227,1719,11,0.8325146163851722,0.7100163051707573
10,1552759200,1035,985,-50,2020,11,-0.04154684440582982,1.2046449561857302
10,1552773600,1124,848,-276,1972,11,-0.7546800218020987,1.1257672975521134
10,1552788000,846,251,-595,1097,11,-1.7612706571534693,-0.31210668795652874
10,1552802400,188,71,-117,259,11,-0.25296243239498917,-1.689179144935091
10,1552816800,308,344,36,652,11,0.2298224177892106,-1.0433683148723525
10,1552831200,684,507,-177,1191,11,-0.4422898246240871,-0.15763793979902893
10,1552845600,837,1441,604,2278,11,2.022121730891338,1.6286123713414213
10,1552860000,941,539,-402,1480,11,-1.1522675454832045,0.3172712965575397
10,1552874400,520,132,-388,652,11,-1.1080911539630816,-1.0433683148723525
10,1552888800,160,84,-76,244,11,-0.12358871437177225,-1.7138284132580963
10,1552903200,601,1096,495,1697,11,1.67817696834181,0.6738640449636829
10,1552917600,711,675,-36,1386,11,0.0026295471142930345,0.16280254840003988
10,1552932000,927,825,-102,1752,11,-0.20563058433771467,0.764244695481369
10,1552946400,792,807,15,1599,11,0.16355783050902628,0.512822158586715
10,1552960800,403,78,-325,481,12,-1.0575846568962746,-1.2019424946028887
10,1552975200,152,77,-75,229,12,-0.21164583634238693,-1.5963176492321776
10,1552989600,639,1040,401,1679,12,1.399021677992215,0.6729044706585721
10,1553004000,630,662,32,1292,12,0.15041597885467695,0.06725691176359266
10,1553018400,973,1094,121,2067,12,0.45157019897186096,1.2801170103258899
10,1553032800,1008,898,-110,1906,12,-0.3300772712199312,1.0281551059793999
10,1553047200,459,97,-362,556,12,-1.1827836023382499,-1.084568936677505
10,1553061600,129,61,-68,190,12,-0.1879595493668781,-1.6573518993533771
10,1553076000,650,1106,456,1756,12,1.5851282185140703,0.7934079901286326
10,1553090400,655,1013,358,1668,12,1.2535202008569464,0.6556896821628492
10,1553104800,1062,995,-67,2057,12,-0.18457579408466254,1.2644672026025054
10,1553119200,936,896,-40,1832,12,-0.09321440146484265,0.9123465288263546
10,1553133600,445,85,-360,530,12,-1.1760160917738187,-1.1252584367583047
10,1553148000,154,50,-104,204,12,-0.30977473952663787,-1.6354421685406388
10,1553162400,623,1098,475,1721,12,1.6494195688761657,0.7386336630967869
10,1553176800,532,774,242,1306,12,0.8610045881199425,0.08916664257633093
10,1553191200,1023,1160,137,2183,12,0.5057102834873097,1.46165477991715
10,1553205600,966,960,-6,1926,12,0.02183327813048605,1.0594547214261687
10,1553220000,468,94,-374,562,12,-1.2233886657248365,-1.0751790520434745
10,1553234400,149,58,-91,207,12,-0.26578592085783576,-1.6307472262236236
10,1553248800,561,1082,521,1643,12,1.8050723118580811,0.6165651628543879
10,1553263200,617,824,207,1441,12,0.7425731532423983,0.30043904684202144
10,1553277600,939,1091,152,2030,12,0.556466612720543,1.2222127217493672
10,1553292000,998,891,-107,1889,12,-0.3199260053732845,1.001550432849646
10,1553306400,962,216,-746,1178,12,-2.482145630709021,-0.11115089628299042
10,1553320800,222,67,-155,289,12,-0.4823462589196309,-1.5024188028918708
10,1553335200,240,739,499,979,12,1.730629695649339,-0.4225820699783416
10,1553349600,716,976,260,1692,12,0.9219121831998225,0.6932492206989719
10,1553364000,888,913,25,1801,12,0.1267296918791681,0.8638321248838627
10,1553378400,1039,779,-260,1818,12,-0.8376405635522637,0.8904367980136163
10,1553392800,897,244,-653,1141,12,-2.167456389462975,-0.169055184859513
10,1553407200,229,63,-166,292,12,-0.519567567024002,-1.4977238605748555
10,1553421600,224,320,96,544,12,0.36697631691647215,-1.1033487059455664
10,1553436000,568,656,88,1224,12,0.3399062746587478,-0.03916178075542181
10,1553450400,791,801,10,1592,12,0.07597336264593485,0.5367511434651271
10,1553464800,847,500,-347,1347,12,-1.1320272731050165,0.1533308542422073
10,1553479200,531,136,-395,667,12,-1.294447526651363,-0.9108560709479374
10,1553493600,156,90,-66,246,12,-0.18119203880244697,-1.569712976102424
10,1553508000,609,1083,474,1692,12,1.6460358135939503,0.6932492206989719
10,1553522400,686,623,-63,1309,12,-0.17104077295580034,0.09386158489334627
10,1553536800,907,865,-42,1772,12,-0.09998191202927376,0.8184476824860477
10,1553551200,808,713,-95,1521,12,-0.27932094198669793,0.42563750862909727
10,1553565600,424,63,-361,487,13,-1.1470339050203247,-1.1898284683673266
10,1553580000,157,58,-99,215,13,-0.24449825319024585,-1.6127864427466507
10,1553594400,670,1078,408,1748,13,1.502011576877884,0.7710171407956428
10,1553608800,691,657,-34,1348,13,-0.020586736514844578,0.1490201196495779
10,1553623200,983,1007,24,1990,13,0.17921123221089807,1.1473253385890119
10,1553637600,1037,873,-164,1910,13,-0.4684097698656471,1.022925934359799
10,1553652000,574,74,-500,648,13,-1.6258600714492597,-0.9394746673560355
10,1553666400,134,50,-84,184,13,-0.19282636472669168,-1.6609912118854706
10,1553680800,647,1099,452,1746,13,1.6535824497043092,0.7679071556899124
10,1553695200,656,1057,401,1713,13,1.4778980289282253,0.7165924014453621
10,1553709600,1003,919,-84,1922,13,-0.19282636472669168,1.0415858449941808
10,1553724000,940,902,-38,1842,13,-0.03436590677179235,0.9171864407649679
10,1553738400,501,75,-426,576,13,-1.370945421695726,-1.0514341311623272
10,1553752800,139,54,-85,193,13,-0.19627115729092864,-1.6469962789096841
10,1553767200,604,1207,603,1811,13,2.1737461269040876,0.8689816716261479
10,1553781600,659,741,82,1400,13,0.3790092009366407,0.22987973239856632
10,1553796000,1015,1177,162,2192,13,0.6545926060755961,1.4614338342677746
10,1553810400,981,938,-43,1919,13,-0.05158986959297706,1.0369208673355854
10,1553824800,522,85,-437,607,13,-1.4088381399023324,-1.003229362023507
10,1553839200,149,64,-85,213,13,-0.19627115729092864,-1.615896427852381
10,1553853600,544,986,442,1530,13,1.61913452406194,0.43202876427103737
10,1553868000,737,792,55,1529,13,0.28599980170224326,0.43047377171817225
10,1553882400,976,1080,104,2056,13,0.4547946373498534,1.2499548470781126
10,1553896800,1016,1074,58,2090,13,0.2963341793949541,1.302824593875528
10,1553911200,870,232,-638,1102,13,-2.1012414453139576,-0.23350804835525193
10,1553925600,214,70,-144,284,13,-0.39951391858090823,-1.5054919565989544
10,1553940000,280,442,162,722,13,0.6545926060755961,-0.8244052184440135
10,1553954400,717,896,179,1613,13,0.7131540796676241,0.5610931461588459
10,1553968800,895,907,12,1802,13,0.13787372144005478,0.8549867386503615
10,1553983200,1101,886,-215,1987,13,-0.6440941906417311,1.1426603609304165
10,1553997600,905,233,-672,1138,13,-2.218364392498014,-0.17752831645210612
10,1554012000,211,70,-141,281,13,-0.3891795408881974,-1.51015693425755
10,1554026400,264,343,79,607,13,0.36867482324392986,-1.003229362023507
10,1554040800,558,751,193,1309,13,0.7613811755669413,0.08837541008783659
10,1554055200,730,859,129,1589,13,0.540914451455777,0.523773324890082
10,1554069600,796,417,-379,1213,13,-1.2090401711765897,-0.06090387498721896
10,1554084000,509,131,-378,640,13,-1.2055953786123528,-0.9519146077789568
10,1554098400,160,95,-65,255,13,-0.1273753060061898,-1.5505867406320442
10,1554112800,569,1048,479,1617,13,1.7465918489387067,0.5673131163703065
10,1554127200,635,702,67,1337,13,0.32733731247308656,0.13191520156806114
10,1554141600,888,772,-116,1660,13,-0.3030597267822739,0.6341777961435084
10,1554156000,823,743,-80,1566,13,-0.17904719446974393,0.48800849617418324
10,1554170400,536,178,-358,714,14,-1.102169285878805,-0.9885078632085758
10,1554184800,148,98,-50,246,14,-0.06690484482970381,-1.7451910378805815
10,1554199200,634,1184,550,1818,14,1.9498440663049086,0.7964883437100022
10,1554213600,644,680,36,1324,14,0.22216249909959068,-0.002232785110448392
10,1554228000,971,1047,76,2018,14,0.35661242650856484,1.119857221774962
10,1554242400,872,903,31,1775,14,0.2053562581734689,0.7269640349260359
10,1554256800,607,192,-415,799,14,-1.2937604324365932,-0.8510760900309678
10,1554271200,163,96,-67,259,14,-0.12404606397851783,-1.724172060806359
10,1554285600,622,1168,546,1790,14,1.9363990735640113,0.7512167007809079
10,1554300000,640,955,315,1595,14,1.1599507427771854,0.4359320446675721
10,1554314400,1001,951,-50,1952,14,-0.06690484482970381,1.0131454920135252
10,1554328800,1002,915,-87,1917,14,-0.1912710276830049,0.9565559383521574
10,1554343200,685,215,-470,900,14,-1.4786290826239328,-0.6877748066081631
10,1554357600,166,102,-64,268,14,-0.11396231942284478,-1.709620461293436
10,1554372000,622,1066,444,1688,14,1.5935517586711272,0.5862985729677784
10,1554386400,604,806,202,1410,14,0.7801296978468335,0.1368158324574843
10,1554400800,967,1105,138,2072,14,0.5650098139924749,1.207166818852501
10,1554415200,1049,1026,-23,2075,14,0.023848856171353752,1.2120173520234756
10,1554429600,846,253,-593,1099,14,-1.8920626094065283,-0.36602277293352814
10,1554444000,195,136,-59,331,14,-0.097156078496723,-1.6077592647029737
10,1554458400,581,997,416,1578,14,1.4994368094848451,0.4084456900320505
10,1554472800,720,740,20,1460,14,0.168382528136001,0.21765805197372426
10,1554487200,1306,1135,-171,2441,14,-0.47361587524185067,1.803782398882352
10,1554501600,1035,1020,-15,2055,14,0.050738841653148584,1.1796804642169796
10,1554516000,873,280,-593,1153,14,-1.8920626094065283,-0.278713175855989
10,1554530400,220,69,-151,289,14,-0.40639091153736356,-1.6756667290966152
10,1554544800,388,500,112,888,14,0.4776173611766416,-0.7071769392920607
10,1554559200,807,995,188,1802,14,0.7330722232536925,0.7706188334648054
10,1554573600,940,1031,91,1971,14,0.4070311492869302,1.0438655354296964
10,1554588000,1039,884,-155,1923,14,-0.419835904278261,0.9662570046941061
10,1554602400,931,284,-647,1215,14,-2.0735700114086435,-0.17846882365585146
10,1554616800,231,73,-158,304,14,-0.4299196488339341,-1.6514140632417433
10,1554631200,238,321,83,559,14,0.38014116380513535,-1.2391187437089195
10,1554645600,652,769,117,1421,14,0.49442360210276337,0.1546011207510571
10,1554660000,762,859,97,1621,14,0.42719863839827626,0.47796999881601687
10,1554674400,893,493,-400,1386,14,-1.243341709658228,0.09801156708968914
10,1554688800,610,136,-474,746,14,-1.49207407536483,-0.9367688427181822
10,1554703200,289,75,-214,364,14,-0.6181495472064978,-1.5544033998222553
10,1554717600,589,1115,526,1704,14,1.8691741098595243,0.6121680832129752
10,1554732000,648,785,137,1433,14,0.5616485658072504,0.17400325343495468
10,1554746400,885,898,13,1783,14,0.1448537908394305,0.7398987900486342
10,1554760800,854,666,-188,1520,14,-0.5307570943906647,0.3146687153932122
10,1554775200,601,172,-429,773,15,-1.280796149679804,-0.8665898943156336
10,1554789600,178,91,-87,269,15,-0.18447555531708995,-1.7078636793591249
10,1554804000,570,1184,614,1754,15,2.062661101549175,0.7708894372868764
10,1554818400,641,718,77,1359,15,0.34124543145333436,0.11155780019921946
10,1554832800,939,1034,95,1973,15,0.3989465153671614,1.1364429272164887
10,1554847200,1166,623,-543,1789,15,-1.6462363478007087,0.8293112279148966
10,1554861600,697,161,-536,858,15,-1.6237970373897759,-0.7247084027904416
10,1554876000,172,97,-75,269,15,-0.14600816604120526,-1.7078636793591249
10,1554890400,596,1192,596,1788,15,2.004960017635348,0.8276420338969532
10,1554904800,628,1004,376,1632,15,1.2997245475774617,0.5672477670977772
10,1554919200,1013,994,-19,2007,15,0.03350631724625672,1.1931955238265655
10,1554933600,984,992,8,1976,15,0.12005794311699729,1.141450509270319
10,1554948000,670,233,-437,903,15,-1.306441075863727,-0.649594671982987
10,1554962400,186,118,-68,304,15,-0.1235688556302725,-1.6494418887311046
10,1554976800,600,1088,488,1688,15,1.6587535141523855,0.6607226321026096
10,1554991200,673,817,144,1490,15,0.5560216882436907,0.3302222165498095
10,1555005600,941,1040,99,1981,15,0.411768978459123,1.1497964793600361
10,1555020000,853,931,78,1784,15,0.34445104722632475,0.8209652578251795
10,1555034400,582,187,-395,769,15,-1.1718052133981307,-0.8732666703874074
10,1555048800,199,108,-91,307,15,-0.19729801840905153,-1.6444343066772744
10,1555063200,575,1083,508,1658,15,1.7228658296121935,0.6106468115643066
10,1555077600,712,853,141,1565,15,0.5464048409247195,0.45541176789556714
10,1555092000,949,950,1,1899,15,0.09761863270606456,1.0129225698886746
10,1555106400,1016,994,-22,2010,15,0.02388946992728554,1.198203105880396
10,1555120800,959,253,-706,1212,15,-2.1687517187981427,-0.1338137204384655
10,1555135200,203,83,-120,286,15,-0.29026087582577287,-1.6794873810540867
10,1555149600,326,358,32,684,15,0.1969927216687667,-1.0151481619125993
10,1555164000,720,952,232,1672,15,0.8381158762668451,0.6340155278155147
10,1555178400,977,841,-136,1818,15,-0.34155072819361915,0.8777178544352563
10,1555192800,1030,994,-36,2024,15,-0.020989150894579946,1.2215718221316039
10,1555207200,968,295,-673,1263,15,-2.0629663982894595,-0.04868482552335032
10,1555221600,253,88,-165,341,15,-0.4345135856103405,-1.5876817100671976
10,1555236000,283,349,66,632,15,0.30598365795044,-1.101946250845658
10,1555250400,658,651,-7,1309,15,0.07197370652214143,0.0280980993020477
10,1555264800,815,794,-21,1609,15,0.027095085700275932,0.5288563046850783
10,1555279200,752,511,-241,1263,15,-0.6781403843576103,-0.04868482552335032
10,1555293600,464,137,-327,601,15,-0.953823340834784,-1.1536912654019045
10,1555308000,139,91,-48,230,15,-0.05945654017046465,-1.772962246058919
10,1555322400,550,1082,532,1632,15,1.7998006081639628,0.5672477670977772
10,1555336800,737,780,43,1517,15,0.23225449517166102,0.3752904550342822
10,1555351200,927,820,-107,1747,15,-0.24858787077689778,0.7592050791612723
10,1555365600,852,774,-78,1626,15,-0.15562501336017642,0.5572326029901167
10,1555380000,460,221,-239,681,16,-0.8708447221654776,-0.9887284749162967
10,1555394400,155,124,-31,279,16,-0.12323274370266192,-1.6577606795686994
10,1555408800,598,1193,595,1791,16,2.1267917684017736,0.8585992543478005
10,1555423200,552,797,245,1349,16,0.8687908431037666,0.12299668107326811
10,1555437600,927,1003,76,1930,16,0.2613561106027288,1.089931285309701
10,1555452000,1108,888,-220,1996,16,-0.8025532433635858,1.1997723935362148
10,1555466400,573,211,-362,784,16,-1.3129421901987772,-0.8173097757143128
10,1555480800,157,132,-25,289,16,-0.10166701355469608,-1.641118087413167
10,1555495200,640,1171,531,1811,16,1.8967573134901379,0.8918844386588654
10,1555509600,697,1018,321,1715,16,1.141956758311334,0.7321155539657542
10,1555524000,1033,997,-36,2030,16,-0.14120418549263344,1.256357206865025
10,1555538400,976,973,-3,1949,16,-0.022592669678821353,1.1215522104052125
10,1555552800,608,277,-331,885,16,-1.2015192511009538,-0.6492195949434356
10,1555567200,182,134,-48,316,16,-0.18433564578856512,-1.5961830885932295
10,1555581600,658,1115,457,1773,16,1.6307799749985594,0.8286425884678422
10,1555596000,709,709,0,1418,16,-0.011809804604838435,0.23783056694644172
10,1555610400,1006,1197,191,2203,16,0.6746992717720741,1.5442740511557356
10,1555624800,1054,953,-101,2007,16,-0.3748329287622634,1.2180792449073006
10,1555639200,671,273,-398,944,16,-1.4423365710865723,-0.5510283012257944
10,1555653600,168,120,-48,288,16,-0.18433564578856512,-1.6427823466287204
10,1555668000,459,823,364,1282,16,1.296511157705089,0.011491313631200983
10,1555682400,675,829,154,1504,16,0.5417106025262848,0.3809568594840204
10,1555696800,1061,971,-90,2032,16,-0.335295756824326,1.2596857252961315
10,1555711200,1009,1068,59,2077,16,0.20025320851682563,1.3345773899960274
10,1555725600,849,266,-583,1115,16,-2.1072799173155192,-0.26643997536619024
10,1555740000,193,125,-68,318,16,-0.2562214129484513,-1.592854570162123
10,1555754400,216,435,219,651,16,0.7753393457959147,-1.0386562513828939
10,1555768800,434,941,507,1375,16,1.8104943928982749,0.16626742067765238
10,1555783200,651,720,69,1371,16,0.23619609209676867,0.1596103838154394
10,1555797600,935,838,-97,1773,16,-0.36045577533028617,0.8286425884678422
10,1555812000,822,263,-559,1085,16,-2.0210169967236555,-0.3163677518327874
10,1555826400,211,118,-93,329,16,-0.3460786218983089,-1.5745477187910375
10,1555840800,283,344,61,627,16,0.20744178523281423,-1.0785984725561717
10,1555855200,625,698,73,1323,16,0.2505732455287459,0.07972594146888386
10,1555869600,795,853,58,1648,16,0.19665892015883132,0.620610186523687
10,1555884000,932,543,-389,1475,16,-1.4099879758646234,0.3326933422329764
10,1555898400,611,167,-444,778,16,-1.6076738355543103,-0.8272953310076323
10,1555912800,142,128,-14,270,16,-0.06212984161675872,-1.6727390125086785
10,1555927200,615,950,335,1565,16,1.192276795323254,0.4824766716327681
10,1555941600,533,682,149,1215,16,0.5237391607363132,-0.10001405381086614
10,1555956000,875,902,27,1777,16,0.08523598106100784,0.8352996253300551
10,1555970400,850,676,-174,1526,16,-0.6372159788958477,0.4175705622261917
10,1555984800,471,203,-268,674,17,-0.6415374204778239,-1.164310504110181
10,1555999200,150,120,-30,270,17,0.15866323526167295,-1.8470593510047606
10,1556013600,482,983,501,1465,17,1.9439848663443318,0.17245765899281987
10,1556028000,1215,1319,104,2534,17,0.6091963775687846,1.97903814743417
10,1556042400,1014,1025,11,2039,17,0.2965129280571325,1.1425018127489799
10,1556056800,1042,824,-218,1866,17,-0.4734280390199464,0.8501365887074891
10,1556071200,670,240,-430,910,17,-1.1862118164013469,-0.7654770192905752
10,1556085600,148,118,-30,266,17,0.15866323526167295,-1.8538192405779743
10,1556100000,610,1073,463,1683,17,1.8162217364363449,0.5408716407329642
10,1556114400,705,1062,357,1767,17,1.4598298477456448,0.6828293217704511
10,1556128800,992,904,-88,1896,17,-0.03634364722946495,0.9008357605065915
10,1556143200,1020,907,-113,1927,17,-0.1203983379584037,0.9532249046989973
10,1556157600,631,234,-397,865,17,-1.0752596246391477,-0.8415257769892289
10,1556172000,159,125,-34,284,17,0.14521448474504275,-1.8233997374985127
10,1556186400,593,1011,418,1604,17,1.6649232931242552,0.4073638216619945
10,1556200800,702,797,95,1499,17,0.5789366889063667,0.22991672036513597
10,1556215200,1000,1107,107,2107,17,0.6192829404562573,1.257419935493612
10,1556229600,1042,876,-166,1918,17,-0.29859428230375384,0.9380151531592666
10,1556244000,894,311,-583,1205,17,-1.700626523662452,-0.2669351632660679
10,1556258400,465,146,-319,611,17,-0.8130089895648589,-1.2707787648882962
10,1556272800,627,1005,378,1632,17,1.5304357879579533,0.4546830486744901
10,1556287200,882,875,-7,1757,17,0.23599355073229658,0.6659295978374169
10,1556301600,965,1102,137,2067,17,0.7201485693309838,1.1898210397614755
10,1556316000,1043,983,-60,2026,17,0.05779760638694645,1.1205321716360355
10,1556330400,909,288,-621,1197,17,-1.8283896535704391,-0.28045494241249525
10,1556344800,441,125,-316,566,17,-0.8029224266773862,-1.34682752258695
10,1556359200,361,479,118,840,17,0.6562670043769904,-0.8837750868218143
10,1556373600,776,822,46,1598,17,0.41418949507764674,0.397223987302174
10,1556388000,1106,803,-303,1909,17,-0.7592139874983381,0.922805401619536
10,1556402400,1026,778,-248,1804,17,-0.5742936678946728,0.7453583003226774
10,1556416800,1021,315,-706,1336,17,-2.1141756020488307,-0.04554877974332062
10,1556431200,406,85,-321,491,17,-0.819733364823174,-1.473575452084706
10,1556445600,316,332,16,648,17,0.31332386620292024,-1.20824978633607
10,1556460000,708,709,1,1417,17,0.262891051765557,0.09133898411425596
10,1556474400,835,797,-38,1632,17,0.13176573422841253,0.4546830486744901
10,1556488800,928,431,-497,1359,17,-1.4114783875549028,-0.006679414697342086
10,1556503200,628,146,-482,774,17,-1.3610455731175395,-0.9953132647798396
10,1556517600,247,115,-132,362,17,-0.18427990291239713,-1.6915818908208464
10,1556532000,587,1095,508,1682,17,1.9675201797484345,0.5391816683396609
10,1556546400,606,698,92,1304,17,0.5688501260188941,-0.09962789632902988
10,1556560800,921,891,-30,1812,17,0.15866323526167295,0.7588780794691047
10,1556575200,899,742,-157,1641,17,-0.2683345936413359,0.4698928002142208
10,1556589600,601,219,-382,820,18,-1.1595716204673021,-0.8580349690603698
10,1556604000,212,122,-90,334,18,-0.18772809190781375,-1.6674166312656598
10,1556618400,649,1149,500,1798,18,1.775928352784303,0.7707207215502752
10,1556632800,668,680,12,1348,18,0.15175149683556916,0.021293256545377153
10,1556647200,1287,1028,-259,2315,18,-0.7501991752179286,1.631729609122569
10,1556661600,1136,846,-290,1982,18,-0.8533743443458196,1.0771532850189445
10,1556676000,781,269,-512,1050,18,-1.592241684552006,-0.4749942647245331
10,1556690400,252,140,-112,392,18,-0.26094917967599435,-1.5708237579983617
10,1556704800,638,1137,499,1775,18,1.772600121522113,0.7324166511166915
10,1556719200,601,978,377,1579,18,1.3665559075349296,0.40599935524789144
10,1556733600,979,947,-32,1926,18,0.005309321299207902,0.9838912004850017
10,1556748000,949,898,-51,1847,18,-0.057927072682402644,0.8523250455174751
10,1556762400,602,257,-345,859,18,-1.0364270637662711,-0.7930845887599454
10,1556776800,188,114,-74,302,18,-0.1344763917127733,-1.7207092509993414
10,1556791200,666,1151,485,1817,18,1.7260048838514526,0.8023632145171486
10,1556805600,650,787,137,1437,18,0.5677804046093228,0.1695133551796792
10,1556820000,913,1097,184,2010,18,0.7242072739322541,1.123784327285916
10,1556834400,1007,1025,18,2032,18,0.17172088440870933,1.160423003352822
10,1556848800,757,243,-514,1000,18,-1.598898147076386,-0.5582639830584106
10,1556863200,199,126,-73,325,18,-0.13114816045058328,-1.6824051805657576
10,1556877600,622,1131,509,1753,18,1.8058824341440134,0.6957779750497853
10,1556892000,671,754,83,1425,18,0.38805591645106124,0.1495286227795486
10,1556906400,968,1131,163,2099,18,0.6543144174262635,1.2720044259202181
10,1556920800,1097,1048,-49,2145,18,-0.05127061015802259,1.3486125667873854
10,1556935200,1013,345,-668,1358,18,-2.1114457614536506,0.037947200212152664
10,1556949600,279,118,-161,397,18,-0.4240325115233058,-1.562496786164974
10,1556964000,306,437,131,743,18,0.5478110170361826,-0.9862703352945412
10,1556978400,672,949,277,1621,18,1.0337327813159267,0.4759459186483486
10,1556992800,972,883,-89,1855,18,-0.18439986064562372,0.8656482004508955
10,1557007200,979,866,-113,1845,18,-0.2642774109381844,0.8489942567841201
10,1557021600,916,254,-662,1170,18,-2.09147637388051,-0.27514694072322693
10,1557036000,307,120,-187,427,18,-0.5105665243402465,-1.5125349551646474
10,1557050400,238,351,113,589,18,0.48790285431676206,-1.242741067762884
10,1557064800,622,793,171,1415,18,0.6809402675237838,0.13287467911277306
10,1557079200,801,850,49,1651,18,0.27489605353660024,0.5259077496486751
10,1557093600,906,459,-447,1365,18,-1.3759066525096542,0.04960496077889552
10,1557108000,447,190,-257,637,18,-0.7435427126935485,-1.1628021381623617
10,1557122400,145,111,-34,256,18,-0.0013471412251721555,-1.7973173918665086
10,1557136800,576,1063,487,1639,18,1.7326613463758327,0.5059230172485445
10,1557151200,651,675,24,1326,18,0.1916902719818495,-0.015345419521528972
10,1557165600,962,877,-85,1839,18,-0.1710869355968636,0.8390018905840547
10,1557180000,860,716,-144,1576,18,-0.3674525800660753,0.4010031721478588
10,1557194400,501,232,-269,733,19,-0.9339950963501531,-0.9249167318350222
10,1557208800,173,115,-58,288,19,-0.1573164303226541,-1.6791683884516533
10,1557223200,691,1113,422,1804,19,1.6095355113512773,0.8903720866737684
10,1557237600,630,685,55,1315,19,0.25862996427975055,0.06154273816695365
10,1557252000,864,1049,185,1913,19,0.7371523651497736,1.075121368856269
10,1557266400,1019,915,-104,1934,19,-0.32663974139973917,1.1107152672584022
10,1557280800,676,238,-438,914,19,-1.556074217481183,-0.6181312265594937
10,1557295200,181,127,-54,308,19,-0.14259266414203803,-1.6452694375924788
10,1557309600,666,1205,539,1871,19,2.0402056721342983,1.0039335720520028
10,1557324000,657,938,281,1595,19,1.0905227534845598,0.5361280501953957
10,1557338400,914,902,-12,1816,19,0.012006880754430984,0.9107114571892732
10,1557352800,984,903,-81,1887,19,-0.24197808586119665,1.0310527327393424
10,1557367200,597,193,-404,790,19,-1.4309222049459462,-0.8283047218863752
10,1557381600,165,119,-46,284,19,-0.11314513178080582,-1.6859481786234882
10,1557396000,648,1084,436,1732,19,1.6610686929834335,0.7683358635807405
10,1557410400,664,806,142,1470,19,0.5788718787081506,0.3242596073255555
10,1557424800,994,1008,14,2002,19,0.1077113609284356,1.2259717001795953
10,1557439200,974,876,-98,1850,19,-0.30455409212881507,0.9683396736498696
10,1557453600,738,234,-504,972,19,-1.7990163594613486,-0.5198242690678878
10,1557468000,190,138,-52,328,19,-0.13523078105172998,-1.6113704867333045
10,1557482400,591,1034,443,1625,19,1.6868352837995118,0.5869764764841573
10,1557496800,655,761,106,1416,19,0.44635798308260577,0.23273244000578452
10,1557511200,996,1153,157,2149,19,0.6340860018854609,1.4751289889945274
10,1557525600,966,1063,97,2029,19,0.41322950917621953,1.2717352838394809
10,1557540000,907,293,-614,1200,19,-2.203919929428291,-0.1333762292732993
10,1557554400,240,126,-114,366,19,-0.36344915685127943,-1.546962480100873
10,1557568800,336,444,108,780,19,0.4537198661729138,-0.8452541973159623
10,1557583200,705,854,149,1559,19,0.6046384695242287,0.4751099386488817
10,1557597600,949,790,-159,1739,19,-0.5290915263832104,0.7802004963814516
10,1557612000,1017,738,-279,1755,19,-0.9708045118016934,0.807319657068791
10,1557626400,914,307,-607,1221,19,-2.178153338612213,-0.09778233087116617
10,1557640800,229,109,-120,338,19,-0.3855348061222036,-1.5944210113037172
10,1557655200,162,345,183,507,19,0.7297904820594656,-1.3079748765436934
10,1557669600,589,805,216,1394,19,0.8512615530495483,0.19544359406069264
10,1557684000,695,783,88,1478,19,0.38010103526983335,0.33781918766922525
10,1557698400,713,395,-318,1108,19,-1.1143612320627003,-0.2893114032255017
10,1557712800,429,162,-267,591,19,-0.926633213259845,-1.1655992829351607
10,1557727200,153,99,-54,252,19,-0.14259266414203803,-1.7401864999981673
10,1557741600,632,1043,411,1675,19,1.569045154354583,0.6717238536320934
10,1557756000,608,685,77,1293,19,0.33961067827313907,0.024253892221861778
10,1557770400,943,908,-35,1851,19,-0.07265477478411156,0.9700346211928284
10,1557784800,818,755,-63,1573,19,-0.17572113804842424,0.4988392042503038
10,1557799200,482,225,-257,707,20,-0.713257312169287,-1.0491344233294502
10,1557813600,155,109,-46,264,20,-0.017737252701392914,-1.7729088052526147
10,1557828000,666,1184,518,1850,20,1.8413779773454897,0.8183015101653065
10,1557842400,649,749,100,1398,20,0.4635230728071973,0.07982290829336422
10,1557856800,935,1032,97,1967,20,0.4536341620090756,1.0094563694994154
10,1557871200,1108,966,-142,2074,20,-0.33418239824128787,1.1842732066682158
10,1557885600,641,240,-401,881,20,-1.1879250304791296,-0.764852837653083
10,1557900000,177,101,-76,278,20,-0.11662636068261008,-1.7500355742211828
10,1557914400,637,1140,503,1777,20,1.7919334233548811,0.6990339483585547
10,1557928800,533,973,440,1506,20,1.584266296594325,0.25627354767869553
10,1557943200,971,933,-38,1904,20,0.008633176093598328,0.9065268298579722
10,1557957600,1032,878,-154,1910,20,-0.3737380414337747,0.9163296431571571
10,1557972000,661,252,-409,913,20,-1.2142954592741206,-0.7125711667240959
10,1557986400,171,129,-42,300,20,-0.004552038303897294,-1.7140919254575042
10,1558000800,639,1119,480,1758,20,1.7161184405692813,0.6679917062444687
10,1558015200,711,712,1,1423,20,0.13718901646918064,0.12066796370663536
10,1558029600,964,1108,144,2072,20,0.6085604311796491,1.1810056022351543
10,1558044000,1075,995,-80,2070,20,-0.1298115750801057,1.1777379978020925
10,1558058400,833,304,-529,1137,20,-1.6098518911989894,-0.3465994702211865
10,1558072800,186,114,-72,300,20,-0.10344114628511446,-1.7140919254575042
10,1558087200,594,1105,511,1699,20,1.8183038521498724,0.5715973754691488
10,1558101600,761,845,84,1606,20,0.4107822152172148,0.4196537693317801
10,1558116000,1078,1099,21,2177,20,0.20311508845665877,1.352554834970893
10,1558130400,995,996,1,1991,20,0.13718901646918064,1.0486676226961558
10,1558144800,942,340,-602,1282,20,-1.8504820539532845,-0.10969814882421387
10,1558159200,251,110,-141,361,20,-0.33088609464191393,-1.6144299902491228
10,1558173600,357,488,131,845,20,0.5657084843877883,-0.8236697174481934
10,1558188000,838,905,67,1743,20,0.3547450540278584,0.643484672996506
10,1558202400,1095,988,-107,2083,20,-0.21881177226320114,1.1989774266169935
10,1558216800,1113,820,-293,1933,20,-0.8319242417467476,0.9539070941373666
10,1558231200,1133,330,-803,1463,20,-2.5130390774274396,0.1860200523678692
10,1558245600,265,103,-162,368,20,-0.40010847022876594,-1.6029933747334069
10,1558260000,256,339,83,595,20,0.40748591161784087,-1.2321202715809048
10,1558274400,680,740,60,1420,20,0.3316709288322411,0.11576655705704283
10,1558288800,913,854,-59,1767,20,-0.060589199493253684,0.6826959261932463
10,1558303200,948,497,-451,1445,20,-1.3527402104478248,0.15661161247031397
10,1558317600,614,183,-431,797,20,-1.2868141384603466,-0.902092223841674
10,1558332000,131,103,-28,234,20,0.04159621208733738,-1.82192287174854
10,1558346400,515,1051,536,1566,20,1.90071144213422,0.3543016806705463
10,1558360800,649,749,100,1398,20,0.4635230728071973,0.07982290829336422
10,1558375200,868,866,-2,1734,20,0.12730010567105893,0.6287804530477283
10,1558389600,963,705,-258,1668,20,-0.7165536157686608,0.5209495067566926
10,1558404000,556,229,-327,785,21,-1.0709066710525894,-0.8468580044620808
10,1558418400,208,121,-87,329,21,-0.0929451522801577,-1.5555456083010117
10,1558432800,673,1087,414,1760,21,1.9485495181572938,0.6684279905882647
10,1558447200,623,742,119,1365,21,0.746471817999513,0.05454289515761192
10,1558461600,1017,1057,40,2074,21,0.4245594847369208,1.1564277879685811
10,1558476000,1040,890,-150,1930,21,-0.3496600509579211,0.9326317025457609
10,1558490400,649,250,-399,899,21,-1.364295126684319,-0.6696861035023481
10,1558504800,221,119,-102,340,21,-0.1540677472034347,-1.5384500739978797
10,1558519200,647,1164,517,1811,21,2.3682580032971288,0.7476891041755136
10,1558533600,561,956,395,1517,21,1.8711275645878096,0.29077209643725554
10,1558548000,1346,933,-413,2279,21,-1.421342881946044,1.4750263817996794
10,1558562400,1238,965,-273,2203,21,-0.8508653293287923,1.3569117811598577
10,1558576800,703,258,-445,961,21,-1.5517377511157018,-0.5733294556119671
10,1558591200,173,120,-53,293,21,0.04559939621260346,-1.6114946296567167
10,1558605600,808,1128,320,1936,21,1.5655145899714247,0.9419565394383784
10,1558620000,694,776,82,1470,21,0.5957027505220964,0.21772754077841835
10,1558634400,1233,1151,-82,2384,21,-0.07257095397239871,1.638211027420486
10,1558648800,984,912,-72,1896,21,-0.03182255735688072,0.8797909601542616
10,1558663200,675,246,-429,921,21,-1.486540316530873,-0.6354950348960839
10,1558677600,214,122,-92,336,21,-0.1133193505879167,-1.5446666319262912
10,1558692000,581,932,351,1513,21,1.6918346194795304,0.28455553850884385
10,1558706400,768,687,-81,1455,21,-0.06849611431084691,0.1944154485468746
10,1558720800,1181,1165,-16,2346,21,0.19636846369002003,1.579153727100575
10,1558735200,978,977,-1,1955,21,0.257491058613297,0.9714851895983339
10,1558749600,878,323,-555,1201,21,-1.9999701138863997,-0.20033597990726673
10,1558764000,279,104,-175,383,21,-0.45153104249671605,-1.4716220762674541
10,1558778400,258,431,173,689,21,0.9665131597233101,-0.996055394743961
10,1558792800,782,899,117,1681,21,0.7383221386764094,0.5456509715021342
10,1558807200,985,932,-53,1917,21,0.04559939621260346,0.912427889278423
10,1558821600,1066,1039,-27,2105,21,0.15154522741295023,1.2046061119137716
10,1558836000,852,319,-533,1171,21,-1.9103236413322602,-0.24696016437035428
10,1558850400,204,130,-74,334,21,-0.03997223667998432,-1.547774910890497
10,1558864800,290,343,53,633,21,0.47753240033709415,-1.0830872057417245
10,1558879200,670,731,61,1401,21,0.5101311176295086,0.11049191651331698
10,1558893600,866,885,19,1751,21,0.338987851844333,0.6544407352493384
10,1558908000,935,779,-156,1714,21,-0.3741090889272318,0.5969375744115305
10,1558922400,640,298,-342,938,21,-1.1320292659758664,-0.6090746637003343
10,1558936800,165,62,-103,227,21,-0.1581425868649865,-1.7140678354755094
10,1558951200,274,327,53,601,21,0.47753240033709415,-1.1328196691690178
10,1558965600,678,561,-117,1239,21,-0.21519034212671168,-0.14127867958735582
10,1558980000,798,753,-45,1551,21,0.07819811350501786,0.34361283882875476
10,1558994400,885,677,-208,1562,21,-0.5860007513279254,0.36070837313188686
10,1559008800,511,239,-272,750,22,-0.7275001032673788,-0.920109710775312
10,1559023200,151,122,-29,273,22,0.1336534636482867,-1.6553313901655722
10,1559037600,736,1097,361,1833,22,1.5157517809203425,0.7491671839409388
10,1559052000,674,722,48,1396,22,0.40652928526353876,0.0755993141431534
10,1559066400,1450,985,-465,2435,22,-1.4114615782250886,1.6770570183076823
10,1559080800,1015,869,-146,1884,22,-0.28097603153333006,0.827775791171344
10,1559095200,600,225,-375,825,22,-1.092515812700768,-0.8045088177894221
10,1559109600,192,141,-51,333,22,0.05568894318678611,-1.56285067577686
10,1559124000,753,1081,328,1834,22,1.3988050002280916,0.7507085291807507
10,1559138400,737,1034,297,1771,22,1.288945903214159,0.6536037790726031
10,1559152800,1517,1053,-464,2570,22,-1.4079177363859294,1.8851386256822842
10,1559167200,977,1069,92,2046,22,0.56245832618654,1.0774737200208664
10,1559181600,567,232,-335,799,22,-0.9507621391344032,-0.8445837940245305
10,1559196000,151,107,-44,258,22,0.08049583606089994,-1.6784515687627501
10,1559210400,609,1121,512,1730,22,2.050871898633369,0.5904086242403167
10,1559224800,687,855,168,1542,22,0.8317903059626329,0.3006357191556858
10,1559239200,1026,1071,45,2097,22,0.3958977597460614,1.1560823272512715
10,1559253600,998,1059,61,2057,22,0.45259922917260725,1.094428517658797
10,1559268000,668,240,-428,908,22,-1.2803394301762012,-0.6765771628850372
10,1559282400,212,138,-74,350,22,-0.02581941911387359,-1.5366478067000584
10,1559296800,546,1028,482,1574,22,1.9445566434585957,0.34995876682966554
10,1559311200,752,733,-19,1485,22,0.16909188203987788,0.21277904048640947
10,1559325600,999,1118,119,2117,22,0.6581420558438361,1.1869092320475088
10,1559340000,1025,1014,-11,2039,22,0.1974426167531508,1.0666843033421833
10,1559354400,990,375,-615,1365,22,-1.9430378540989564,0.027817611708985564
10,1559368800,243,125,-118,368,22,-0.18174846003687475,-1.5089035923834448
10,1559383200,336,427,91,763,22,0.5589144843473809,-0.9000722226577578
10,1559397600,718,836,118,1554,22,0.654598214004677,0.31913186203342825
10,1559412000,938,813,-125,1751,22,-0.2065553529109886,0.6227768742763659
10,1559426400,993,744,-249,1737,22,-0.6459917409667191,0.6011980409189998
10,1559440800,995,314,-681,1309,22,-2.176931415483458,-0.05849772172047893
10,1559455200,170,96,-74,266,22,-0.02581941911387359,-1.6661208068442552
10,1559469600,263,361,98,624,22,0.5837213772214946,-1.1143192109916071
10,1559484000,655,669,14,1324,22,0.28603866273212875,-0.03537754312330094
10,1559498400,769,670,-99,1439,22,-0.11441546509285153,0.14187715945506366
10,1559512800,883,398,-485,1281,22,-1.4823384150082708,-0.10165538843521117
10,1559527200,540,189,-351,729,22,-1.0074636085609492,-0.9524779608113612
10,1559541600,167,130,-37,297,22,0.10530272893501376,-1.6183391044100872
10,1559556000,678,1094,416,1772,22,1.710663082074094,0.655145124312415
10,1559570400,633,679,46,1312,22,0.3994416015852205,-0.053873686001043336
10,1559584800,1143,938,-205,2081,22,-0.49006270004371794,1.1314208034142816
10,1559599200,1020,674,-346,1694,22,-0.9897443993651535,0.5349201956070895
10,1559613600,542,255,-287,797,23,-0.37190936672743813,-0.6149424029759553
10,1559628000,154,115,-39,269,23,-0.07801603816109297,-1.0936506814326121
10,1559642400,749,1061,312,1810,23,0.33793782605982303,0.3034884418660776
10,1559656800,669,748,79,1417,23,0.06182030365676482,-0.05282283357609309
10,1559671200,1252,869,-383,2121,23,-0.485674526172475,0.5854548710327827
10,1559685600,1112,861,-251,1973,23,-0.32924743193554934,0.4512714899502349
10,1559700000,643,217,-426,860,23,-0.5366318371738977,-0.5578238015691951
10,1559714400,187,137,-50,324,23,-0.09105162934750344,-1.0437852357600437
10,1559728800,832,921,89,1753,23,0.07367084109895616,0.25180970725996127
10,1559743200,664,1054,390,1718,23,0.43037201810891546,0.22007715092287228
10,1559757600,1651,1092,-559,2743,23,-0.6942439851550426,1.1493877293661927
10,1559772000,1111,862,-249,1973,23,-0.32687732444711104,0.4512714899502349
10,1559786400,671,257,-414,928,23,-0.5224111922432682,-0.49617197782856504
10,1559800800,183,112,-71,295,23,-0.11593775797610525,-1.070077925296489
10,1559815200,800,1122,322,1922,23,0.34978836350201437,0.4050326221447624
10,1559829600,789,787,-2,1576,23,-0.03416904962498502,0.09133363664096834
10,1559844000,997,1275,278,2272,23,0.29764599875637243,0.7223581855156523
10,1559858400,1092,6208,5116,7300,23,6.030936013288542,5.28096656445518
10,1559872800,837,285,-552,1122,23,-0.6859486089455087,-0.32028295127441464
10,1559887200,220,128,-92,348,23,-0.14082388660470707,-1.0220257685574683
10,1559901600,616,1095,479,1711,23,0.5358418013444184,0.21373063965545447
10,1559916000,723,744,21,1467,23,-0.006912813507944946,-0.007490610237394526
10,1559930400,1055,1109,54,2164,23,0.03219396005128647,0.6244405831040635
10,1559944800,1012,1026,14,2038,23,-0.015208189717478882,0.510203380290543
10,1559959200,1017,318,-699,1335,23,-0.8601515093457214,-0.12716767985155875
10,1559973600,255,135,-120,390,23,-0.17400539144284283,-0.9839467009529616
10,1559988000,326,382,56,708,23,0.03456406753972474,-0.6956337605188387
10,1560002400,683,839,156,1522,23,0.1530694419616381,0.042374835435173897
10,1560016800,971,710,-261,1681,23,-0.3410979693777407,0.18653130565223533
10,1560031200,977,558,-419,1535,23,-0.5283364609643638,0.05416121350323552
10,1560045600,944,351,-593,1295,23,-0.7345358124584932,-0.1634334585225176
10,1560060000,267,111,-156,378,23,-0.21666732623473164,-0.9948264345542492
10,1560074400,269,295,26,564,23,-0.0009875447868492768,-0.8261905637342906
10,1560088800,661,676,15,1337,23,-0.01402313597325975,-0.1253543909180108
10,1560103200,794,742,-52,1536,23,-0.09342173683594171,0.055067857970009494
10,1560117600,921,487,-434,1408,23,-0.5461122671276508,-0.06098263377705883
10,1560132000,556,196,-360,752,23,-0.4584182900554349,-0.655741403980784
10,1560146400,177,128,-49,305,23,-0.08986657560328432,-1.0610114806287492
10,1560160800,581,1074,493,1655,23,0.5524325537634862,0.16295854951611208
10,1560175200,730,677,-53,1407,23,-0.09460679058016085,-0.0618892782438328
10,1560189600,949,894,-55,1843,23,-0.09697689806859912,0.33340770926961866
10,1560204000,778,631,-147,1409,23,-0.20600184253675943,-0.06007598931028486
10,1560218400,477,197,-280,674,24,-0.9166831345450699,-1.1599369653712046
10,1560232800,153,129,-24,282,24,-0.009304178745986694,-1.7890915903474105
10,1560247200,635,1199,564,1834,24,2.0748318603550326,0.7018471289461399
10,1560261600,688,627,-61,1315,24,-0.14044879345132294,-0.13114075463205133
10,1560276000,990,927,-63,1917,24,-0.14753769154350327,0.8350609908671223
10,1560290400,1183,859,-324,2042,24,-1.0726388925730375,1.0356842768926982
10,1560304800,724,243,-481,967,24,-1.629117392809194,-0.6896759829272546
10,1560319200,184,139,-45,323,24,-0.08373760871388024,-1.7232871525310216
10,1560333600,674,1024,350,1698,24,1.3163197644917364,0.48356899375031326
10,1560348000,716,798,82,1514,24,0.3664074201395712,0.1882515167206655
10,1560362400,965,849,-116,1814,24,-0.33539349098628224,0.6697474031820477
10,1560376800,1088,790,-298,1878,24,-0.980483217374693,0.7724665256271426
10,1560391200,663,230,-433,893,24,-1.4589838385968659,-0.8084449682543956
10,1560405600,187,126,-61,313,24,-0.14044879345132294,-1.7393370154130678
10,1560420000,628,1176,548,1804,24,2.01812067561759,0.6536975403000016
10,1560434400,719,812,93,1531,24,0.40539635964656306,0.21553628362014382
10,1560448800,890,1187,297,2077,24,1.1284639650489576,1.0918587969798594
10,1560463200,1040,897,-143,1937,24,-0.4310936152307168,0.8671607166312144
10,1560477600,687,269,-418,956,24,-1.4058171029055133,-0.7073308320975054
10,1560492000,172,160,-12,332,24,0.03322920980709533,-1.7088422759371802
10,1560506400,601,995,394,1596,24,1.472275522519704,0.3198603923534433
10,1560520800,818,767,-51,1585,24,-0.10500430299042125,0.30220554318319265
10,1560535200,1067,1100,33,2167,24,0.19272941688115294,1.236307562918274
10,1560549600,1068,1004,-64,2072,24,-0.15108214058959346,1.0838338655388364
10,1561168800,5369,3669,-1700,9038,25,-3.469500131941384,3.9739880739158084
10,1561183200,260,140,-120,400,25,0.1621739112096267,-0.665952164615412
10,1561197600,314,467,153,781,25,0.7896720211971116,-0.4612963147797562
10,1561212000,705,895,190,1600,25,0.8747175525873567,-0.0213668108023228
10,1561226400,1015,758,-257,1773,25,-0.15272440772182175,0.07156091103906423
10,1561240800,1025,766,-259,1791,25,-0.1573214634726458,0.08122969134626057
10,1561255200,969,345,-624,1314,25,-0.9962841379980376,-0.1749929867944424
10,1561269600,260,106,-154,366,25,0.0840239634456176,-0.6842154163067828
10,1561284000,302,318,16,620,25,0.4747737022656631,-0.5477781830830123
10,1561298400,625,624,-1,1249,25,0.43569872838365853,-0.2099080267926514
10,1561312800,771,786,15,1557,25,0.47247517439025105,-0.044464452647291826
10,1561327200,867,525,-342,1392,25,-0.34809927713184446,-0.1330949387965916
10,1561341600,680,206,-474,886,25,-0.6515049566862328,-0.40489509632111087
10,1561356000,194,143,-51,337,25,0.32077233461305693,-0.6997928956905992
10,1561370400,606,998,392,1604,25,1.3390201834205873,-0.01921819295627917
10,1561384800,705,696,-9,1401,25,0.4173105053803623,-0.1282605486429934
10,1561399200,880,902,22,1782,25,0.4885648695181353,0.0763953011926624
10,1561413600,926,699,-227,1625,25,-0.08376857145946076,-0.007937949264550107
10,1561428000,526,245,-281,771,26,-0.8560456229457706,-0.970820927601609
10,1561442400,191,142,-49,333,26,-0.03710516125541698,-1.6844993565808715
10,1561456800,587,1056,469,1643,26,1.7913912144152864,0.4500183191333609
10,1561471200,584,753,169,1337,26,0.7324164794708636,-0.04857893946858956
10,1561485600,958,1135,177,2093,26,0.7606558057360482,1.183249581783288
10,1561500000,1156,823,-333,1979,26,-1.0396012436694706,0.9974976619119732
10,1561514400,699,280,-419,979,26,-1.3431740010202051,-0.6319051439767538
10,1561528800,206,138,-68,344,26,-0.10417356113523042,-1.6665759257160955
10,1561543200,620,1104,484,1724,26,1.8443399511625076,0.5819999464103478
10,1561557600,699,1072,373,1771,26,1.452519299233071,0.658581878287118
10,1561572000,1063,921,-142,1984,26,-0.36538732908818805,1.0056446759414168
10,1561586400,1141,963,-178,2104,26,-0.4924642972815188,1.201173012648064
10,1561600800,704,243,-461,947,26,-1.4914304639124243,-0.6840460337651931
10,1561615200,184,141,-43,325,26,-0.01592566655652852,-1.6975345790279812
10,1561629600,595,1045,450,1640,26,1.724322814535473,0.4451301107156947
10,1561644000,751,852,101,1603,26,0.49238220621679446,0.38484220689781184
10,1561658400,945,1221,276,2166,26,1.1101174682677077,1.3021959866131652
10,1561672800,1052,991,-61,2043,26,-0.07946415065319389,1.1017794414888518
10,1561687200,884,289,-595,1173,26,-1.9644391788542666,-0.3158009996343408
10,1561701600,177,152,-25,329,26,0.04761281754013685,-1.6910169678044265
10,1561709010,111,331,220,442,26,0.9124421844114154,-1.5068944507390003
10,1561716000,544,692,148,1236,26,0.658288248024754,-0.21314862286335098
10,1561730400,774,750,-24,1524,26,0.05114273332328493,0.2561193852326024
10,1561744800,1041,1214,173,2255,26,0.7465361426034559,1.4472128363372618
10,1561759200,1081,1125,44,2206,26,0.2911770065773541,1.3673720988487141
10,1561773600,1092,360,-732,1452,26,-2.448037641145553,0.13880238320861404
10,1561788000,260,133,-127,393,26,-0.31243859234096694,-1.5867351882275478
10,1561802400,299,449,150,748,26,0.6653480795910501,-1.0082971921370498
10,1561816800,693,972,279,1665,26,1.120707215617152,0.4858651808629129
10,1561831200,1002,908,-94,1910,26,-0.1959513714970804,0.885068868305651
10,1561845600,974,811,-163,1785,26,-0.43951556053429763,0.6813935175695601
10,1561860000,954,358,-596,1312,26,-1.9679690946374147,-0.08931400961580774
10,1561874400,320,140,-180,460,26,-0.49952412884781494,-1.477565200233003
10,1561888800,280,317,37,597,26,0.26646759609531756,-1.2543370158262475
10,1561903200,805,757,-48,1562,26,-0.0335752454722689,0.318036691856374
10,1561917600,958,1053,95,2011,26,0.471202711517906,1.0496385517004125
10,1561932000,1012,821,-191,1833,26,-0.5383532024624438,0.7596048522522191
10,1561946400,752,315,-437,1067,26,-1.4067124851168704,-0.48851769705854586
10,1561960800,278,163,-115,441,26,-0.27007960294319,-1.5085238535448888
10,1561975200,608,917,309,1525,26,1.2266046891115943,0.2577487880384911
10,1561989600,764,639,-125,1403,26,-0.30537876077467074,0.05896164572006642
10,1562004000,905,957,52,1862,26,0.31941633284253873,0.8068575336229921
10,1562018400,985,811,-174,1796,26,-0.4783446341489265,0.6993169484343361
10,1562032800,586,260,-326,846,27,-0.693163598170044,-0.7121947747841331
10,1562047200,241,122,-119,363,27,0.037127764225782754,-1.5745311243884619
10,1562061600,594,1050,456,1644,27,2.065714881991968,0.7125348463012796
10,1562076000,794,717,-77,1511,27,0.18530282326261718,0.4750799094537108
10,1562090400,999,1075,76,2074,27,0.7250833954682283,1.4802462962595846
10,1562104800,1104,853,-251,1957,27,-0.4285652784614112,1.2713573668523248
10,1562119200,813,248,-565,1061,27,-1.5363502436415544,-0.3283390498049806
10,1562133600,186,138,-48,324,27,0.2876141735499552,-1.6441607675242151
10,1562148000,549,966,417,1515,27,1.9281237557434792,0.48222141131378804
10,1562162400,710,1009,299,1719,27,1.5118223994018969,0.8464380061777281
10,1562176800,1315,964,-351,2279,27,-0.7813630380729217,1.846248266588544
10,1562191200,1048,872,-176,1920,27,-0.16396695875277825,1.2052984746466102
10,1562205600,939,256,-683,1195,27,-1.9526515999831366,-0.08909873749239249
10,1562220000,176,75,-101,251,27,0.10063136095585465,-1.774493176470625
10,1562234400,302,326,24,628,27,0.5416285604702429,-1.1014066261583435
10,1562248800,754,383,-371,1137,27,-0.8519225899952239,-0.1926505144635127
10,1562263200,891,578,-313,1469,27,-0.6472998894205477,0.4000941399228996
10,1562277600,970,403,-567,1373,27,-1.5434061988337844,0.22869809528104545
10,1562292000,604,788,184,1392,27,1.1061049758486596,0.2626202291164124
10,1562306400,163,116,-47,279,27,0.29114215114607034,-1.7245026634500842
10,1562320800,362,546,184,908,27,1.1061049758486596,-0.6015014959529357
10,1562335200,740,753,13,1493,27,0.5028208069129767,0.44294315108336313
10,1562349600,1013,935,-78,1948,27,0.18177484566650207,1.2552889876671511
10,1562364000,1017,846,-171,1863,27,-0.14632707077220272,1.1035320731405094
10,1562378400,996,307,-689,1303,27,-1.9738194655598273,0.10372181272969346
10,1562392800,235,96,-139,331,27,-0.033431787696519354,-1.63166313926908
10,1562407200,288,429,141,717,27,0.9544019392157101,-0.9425082097716246
10,1562421600,861,807,-54,1668,27,0.26644630797326463,0.7553838574617431
10,1562436000,989,691,-298,1680,27,-0.5943802254788211,0.7768083630419749
10,1562450400,938,762,-176,1700,27,-0.16396695875277825,0.8125158723423612
10,1562464800,887,233,-654,1120,27,-1.8503402496957986,-0.22300189736884105
10,1562479200,224,87,-137,311,27,-0.02637583250428914,-1.6673706485694662
10,1562493600,273,337,64,610,27,0.682747664314847,-1.1335433845286913
10,1562508000,602,721,119,1323,27,0.8767864321011779,0.13942932203007974
10,1562522400,785,700,-85,1485,27,0.15707900249369633,0.4286601473632086
10,1562536800,962,502,-460,1464,27,-1.1659125960494683,0.39116726259780304
10,1562551200,632,194,-438,826,27,-1.088297088934936,-0.7479022840845194
10,1562565600,197,123,-74,320,27,0.1958867560509625,-1.6513022693842925
10,1562580000,582,1038,456,1620,27,2.065714881991968,0.669685835140816
10,1562594400,710,618,-92,1328,27,0.1323831593208906,0.1483561993551763
10,1562608800,943,839,-104,1782,27,0.09004742816750934,0.958916660473945
10,1562623200,889,660,-229,1549,27,-0.3509497713468788,0.5429241771244447
10,1562637600,577,205,-372,782,28,-1.1658967130961906,-0.8533304067146656
10,1562652000,185,96,-89,281,28,-0.14158979226971996,-1.6855796960815252
10,1562666400,602,1067,465,1669,28,1.863590540372912,0.6201329059967206
10,1562680800,696,690,-6,1386,28,0.15882531171825556,0.15002003395915312
10,1562695200,926,965,39,1891,28,0.321700970506917,0.9889140282311373
10,1562709600,1119,879,-240,1998,28,-0.6881281139827838,1.166659884443221
10,1562724000,787,221,-566,1008,28,-1.868071775429531,-0.47790457957512417
10,1562738400,187,119,-68,306,28,-0.06558115150167797,-1.6440502904244962
10,1562752800,613,1051,438,1664,28,1.7658651450997151,0.6118270248653147
10,1562767200,686,1063,377,1749,28,1.545078140963974,0.7530270040992131
10,1562781600,1039,1359,320,2398,28,1.338768973165003,1.8311303749556838
10,1562796000,1041,853,-188,1894,28,-0.4999162416047751,0.9938975569099808
10,1562810400,688,246,-442,934,28,-1.419258848989664,-0.6008316203199298
10,1562824800,188,124,-64,312,28,-0.05110331516490806,-1.6340832330668094
10,1562839200,620,1010,390,1630,28,1.5921311090584762,0.5553470331717554
10,1562853600,743,793,50,1536,28,0.36151502043303424,0.3991964679013266
10,1562868000,969,1165,196,2134,28,0.8899560467251357,1.3925798512174585
10,1562882400,1064,910,-154,1974,28,-0.3768546327422309,1.1267916550124732
10,1562896800,636,230,-406,866,28,-1.2889583219587348,-0.7137916037070484
10,1562911200,214,133,-81,347,28,-0.11263411959618015,-1.5759420651469689
10,1562925600,541,996,455,1537,28,1.8273959495309873,0.4008576441276078
10,1562940000,826,729,-97,1555,28,-0.17054546494325978,0.43075881620066864
10,1562954400,1102,1013,-89,2115,28,-0.14158979226971996,1.3610175029181164
10,1562968800,1070,1011,-59,2081,28,-0.03300601974394568,1.3045375112245572
10,1562983200,968,300,-668,1268,28,-2.2372566020171636,-0.04599876074202339
10,1562997600,208,104,-104,312,28,-0.1958816785326071,-1.6340832330668094
10,1563012000,329,396,67,725,28,0.4230458248643063,-0.9480174516126916
10,1563026400,780,790,10,1570,28,0.21673665706533518,0.45567645959488595
10,1563040800,920,728,-192,1648,28,-0.514394077941545,0.5852482052448162
10,1563055200,878,838,-40,1716,28,0.035763702855711364,0.6982081886319349
10,1563069600,645,256,-389,901,28,-1.2274275175274627,-0.6556504357872079
10,1563084000,185,106,-79,291,28,-0.10539520142779521,-1.6689679338187136
10,1563098400,247,358,111,605,28,0.5823020245687752,-1.1473585987664303
10,1563112800,632,619,-13,1251,28,0.13348909812890822,-0.07423875658880305
10,1563127200,647,681,34,1328,28,0.3036036750859546,0.05367181283484602
10,1563141600,840,469,-371,1309,28,-1.162277254011998,0.02210946453550404
10,1563156000,587,231,-356,818,28,-1.107985367749111,-0.793528062568544
10,1563170400,185,107,-78,292,28,-0.10177574234360273,-1.6673067575924325
10,1563184800,551,1076,525,1627,28,2.0807580854244607,0.5503635044929119
10,1563199200,669,639,-30,1308,28,0.07195829369763612,0.020448288309222882
10,1563213600,979,856,-123,1835,28,-0.26465140113226415,0.8958881595593925
10,1563228000,888,680,-208,1568,28,-0.5723054232886247,0.45235410714232366
10,1563242400,617,233,-384,850,29,-1.0934596377860215,-0.7644734340394377
10,1563256800,158,122,-36,280,29,0.04494096523986997,-1.7213142355715199
10,1563271200,627,1045,418,1672,29,1.5300957749345676,0.6153917218541968
10,1563285600,645,731,86,1376,29,0.44403542951906183,0.11850597228665927
10,1563300000,1015,1066,51,2081,29,0.32954111599634284,1.3019669636552873
10,1563314400,1066,856,-210,1922,29,-0.5242593362730757,1.0350587400700222
10,1563328800,696,245,-451,941,29,-1.3126344665295122,-0.6117146394088772
10,1563343200,211,107,-104,318,29,-0.17750512960426976,-1.6575248488027143
10,1563357600,594,1165,571,1759,29,2.030599488333882,0.761435844193304
10,1563372000,654,959,305,1613,29,1.1604427055612176,0.5163503055552618
10,1563386400,898,904,6,1802,29,0.18233414146713275,0.833618571326426
10,1563400800,1055,942,-113,1997,29,-0.20694652451011178,1.16095884553477
10,1563415200,595,203,-392,798,29,-1.1196297665912145,-0.8517641738283294
10,1563429600,123,108,-15,231,29,0.11363755335350136,-1.8035689711418217
10,1563444000,588,1182,594,1770,29,2.1058386086488112,0.7799011929948003
10,1563458400,708,906,198,1614,29,0.8104172327917626,0.5180289736281252
10,1563472800,1031,1019,-12,2050,29,0.1234513516554487,1.249928253396525
10,1563487200,1056,888,-168,1944,29,-0.38686616004581303,1.071989437673015
10,1563501600,724,271,-453,995,29,-1.3191769987308104,-0.5210665634742588
10,1563516000,214,117,-97,331,29,-0.15460626689972595,-1.6357021638554916
10,1563530400,551,980,429,1531,29,1.5660797020417079,0.3786995235804711
10,1563544800,752,734,-18,1486,29,0.10382375505155401,0.3031594603016225
10,1563559200,884,1076,192,1960,29,0.7907896361878679,1.0988481268388277
10,1563573600,1217,1210,-7,2427,29,0.13980768215869427,1.8827861168659898
10,1563588000,1100,331,-769,1431,29,-2.3528970865359304,0.21083271629414088
10,1563602400,224,101,-123,325,29,-0.2396591855166029,-1.6457741722926713
10,1563616800,321,450,129,771,29,0.5846998718469737,-0.8970882117956386
10,1563631200,742,799,57,1541,29,0.3491687126002375,0.39548620430910414
10,1563645600,886,690,-196,1576,29,-0.4784616108639882,0.4542395868593197
10,1563660000,986,700,-286,1686,29,-0.7728755599224084,0.6388930748742829
10,1563674400,930,252,-678,1182,29,-2.0552118713768612,-0.20715563384882135
10,1563688800,268,100,-168,368,29,-0.38686616004581303,-1.5735914451595494
10,1563703200,210,358,148,568,29,0.6468539277593068,-1.2378578305868888
10,1563717600,621,524,-97,1145,29,-0.15460626689972595,-0.26926635254476355
10,1563732000,774,690,-84,1464,29,-0.11207980759128748,0.2662287626986299
10,1563746400,934,470,-464,1404,29,-1.3551609258379507,0.16550867832683172
10,1563760800,637,184,-453,821,29,-1.3191769987308104,-0.8131548081524734
10,1563775200,172,114,-58,286,29,-0.027026888974410523,-1.7112422271343402
10,1563789600,591,1133,542,1724,29,1.9357327714150574,0.7026824616430885
10,1563804000,609,666,57,1275,29,0.3491687126002375,-0.05103950307253425
10,1563818400,875,872,-3,1747,29,0.15289274656129073,0.7412918273189444
10,1563832800,899,866,-33,1765,29,0.05475476354181731,0.7715078526304838
10,1563847200,505,239,-266,744,30,-0.7330390770597487,-0.8240597810022822
10,1563861600,150,109,-41,259,30,0.017215135418096283,-1.514722753023445
10,1563876000,574,1215,641,1789,30,2.2913190150176086,0.6640697154144499
10,1563890400,697,774,77,1471,30,0.41068178907314384,0.2112226533469659
10,1563904800,707,1104,397,1811,30,1.4777100023749679,0.6953987574442759
10,1563919200,2055,1586,-469,3641,30,-1.4099350998730933,3.3014054353797975
10,1563933600,799,268,-531,1067,30,-1.6166718162003215,-0.36409248210983775
10,1563948000,148,137,-11,285,30,0.11724903041514229,-1.4776975215336507
10,1563962400,633,1104,471,1737,30,1.7244602767010144,0.5900192524348614
10,1563976800,715,1016,301,1731,30,1.1576015383844207,0.5814749682449089
10,1563991200,1012,1007,-5,2019,30,0.13725580941455148,0.9916006093626303
10,1564005600,1157,997,-160,2154,30,-0.3795859814035195,1.1838470036365623
10,1564020000,687,251,-436,938,30,-1.2998978153763425,-0.5477945921938171
10,1564034400,160,128,-32,288,30,0.04722530391721008,-1.4734253794386745
10,1564048800,627,1120,493,1747,30,1.7978184663655148,0.6042597260847823
10,1564063200,769,814,45,1583,30,0.30397896774296146,0.3707159582260798
10,1564077600,999,1096,97,2095,30,0.47737105240450783,1.099828209102029
10,1564092000,1065,899,-166,1964,30,-0.39959276040292874,0.9132780042880654
10,1564106400,829,275,-554,1104,30,-1.6933644690313903,-0.3114027296051305
10,1564120800,241,148,-93,389,30,-0.1561769492434501,-1.3295965955744735
10,1564135200,578,918,340,1496,30,1.2876456018805804,0.24682383747176811
10,1564149600,703,709,6,1412,30,0.17393490424680166,0.1272038588124327
10,1564164000,1086,1149,63,2235,30,0.363999304741189,1.2991948402009212
10,1564178400,1045,947,-98,1992,30,-0.17284926507629111,0.9531513305078438
10,1564192800,1007,330,-677,1337,30,-2.103503438519279,0.020400306438026088
10,1564207200,232,101,-131,333,30,-0.2828865495730417,-1.4093432480140304
10,1564221600,270,419,149,689,30,0.6507631370660543,-0.9023823860768471
10,1564236000,650,805,155,1455,30,0.6707699160654634,0.1884378955070925
10,1564250400,912,773,-139,1685,30,-0.3095622549055873,0.5159687894552728
10,1564264800,997,790,-207,1787,30,-0.5363057502322249,0.6612216206844658
10,1564279200,833,284,-549,1117,30,-1.6766921531985493,-0.29289011386023334
10,1564293600,224,95,-129,319,30,-0.27621762323990534,-1.4292799111239196
10,1564308000,264,291,27,555,30,0.24395863074473384,-1.0932047329857868
10,1564322400,652,617,-35,1269,30,0.03722191441750548,-0.0764349143814359
10,1564336800,763,711,-52,1474,30,-0.019463959414153915,0.21549479544194217
10,1564351200,835,513,-322,1348,30,-0.9197690143875679,0.03606482745293906
10,1564365600,568,186,-382,754,30,-1.1198368043816598,-0.8098193073523613
10,1564380000,171,101,-70,272,30,-0.07948429641238151,-1.496210137278548
10,1564394400,558,1140,582,1698,30,2.094585688190085,0.53448140520017
10,1564408800,692,712,20,1404,30,0.22061738857875646,0.115811479892496
10,1564423200,873,796,-77,1669,30,-0.10282553857835891,0.49318403161539937
10,1564424250,82,84,2,166,30,0.16059705158052887,-1.6471591579677092
10,1564437600,906,687,-219,1593,30,-0.5763193082310433,0.38495643187600065
10,1564452000,669,220,-449,889,31,-1.4658672851177317,-0.8560954748041446
10,1564466400,183,129,-54,312,31,-0.18047075723723072,-1.8187597163865883
10,1564480800,600,1208,608,1808,31,1.973788740121989,0.6771600503505621
10,1564495200,648,699,51,1347,31,0.16121692738923163,-0.09197030557579239
10,1564509600,923,955,32,1878,31,0.09938772731396703,0.793947739970616
10,1564524000,1023,880,-143,1903,31,-0.47009174706347023,0.8356576291206351
10,1564538400,714,254,-460,968,31,-1.501663137792885,-0.7242922250900838
10,1564552800,159,133,-26,292,31,-0.08935404133684074,-1.8521276277066037
10,1564567200,631,1167,536,1798,31,1.7394886135209862,0.6604760946905545
10,1564581600,672,1019,347,1691,31,1.1244507811933542,0.48195776912847216
10,1564596000,938,1021,83,1959,31,0.2653503169896773,0.9290877808166782
10,1564610400,976,853,-123,1829,31,-0.40500837856319166,0.7121963572365783
10,1564624800,631,242,-389,873,31,-1.2706171796168961,-0.8827898038601569
10,1564639200,166,137,-29,303,31,-0.09911654661188252,-1.8337752764805952
10,1564653600,547,1072,525,1619,31,1.703692760845833,0.36183328837641676
10,1564668000,732,861,129,1593,31,0.41504206454031795,0.31845500366039675
10,1564682400,1014,1100,86,2114,31,0.2751128222647191,1.1876890935467974
10,1564696800,1004,809,-195,1813,31,-0.6393085051641945,0.6855020281805659
10,1564711200,793,259,-534,1052,31,-1.7424716012439156,-0.5841469975460193
10,1564725600,244,129,-115,373,31,-0.37897503116308023,-1.7169875868605413
10,1564740000,552,979,427,1531,31,1.3847842551944682,0.2150144785683491
10,1564754400,810,755,-55,1565,31,-0.18372492566224463,0.27173992781237527
10,1564768800,1058,1070,12,2128,31,0.03430435881368848,1.2110466314708082
10,1564783200,1121,892,-229,2013,31,-0.7499502316146679,1.0191811413807197
10,1565402400,5806,4080,-1726,9886,32,-3.533251375971752,3.9983301815391696
10,1565416800,171,89,-82,260,32,0.2741837035139217,-0.6702998155289062
10,1565431200,293,444,151,737,32,0.8138019355821468,-0.43895382460832943
10,1565445600,747,817,70,1564,32,0.6262093313009184,-0.037857106597182714
10,1565460000,910,708,-202,1618,32,-0.0037312657916019447,-0.011666994417494778
10,1565474400,964,715,-249,1679,32,-0.11258129543626537,0.017918132304004557
10,1565488800,923,307,-616,1230,32,-0.9625379098956584,-0.19984780044932662
10,1565503200,217,90,-127,307,32,0.16996559002435033,-0.6475047178910297
10,1565517600,307,339,32,646,32,0.5382029243541692,-0.4830890136518776
10,1565532000,727,552,-175,1279,32,0.05879960230214087,-0.17608269865664683
10,1565546400,784,702,-82,1486,32,0.2741837035139217,-0.07568726863450974
10,1565560800,840,510,-330,1350,32,-0.3001738997174938,-0.1416475511611312
10,1565575200,603,209,-394,812,32,-0.44839521668043975,-0.4025786688032073
10,1565589600,185,103,-82,288,32,0.2741837035139217,-0.6567197573616607
10,1565604000,546,1015,469,1561,32,1.5502766042417844,-0.0393121128293876
10,1565618400,683,675,-8,1358,32,0.4455646012523279,-0.13776753454191817
10,1565632800,936,857,-79,1793,32,0.2811315777465598,0.0732083691277902
10,1565647200,940,763,-177,1703,32,0.05416768614704881,0.02955818216164364
10,1565661600,541,198,-343,739,33,-1.0667477856080116,-0.9704487547593645
10,1565676000,186,85,-101,271,33,-0.21915362574873784,-1.7631324616888056
10,1565690400,577,1163,586,1740,33,2.1870331007939114,0.7250136183952732
10,1565704800,620,736,116,1356,33,0.5408791539597846,0.07460647424803955
10,1565719200,869,1014,145,1883,33,0.6424503549346562,0.9672225288459357
10,1565733600,1091,811,-280,1902,33,-0.846093107628118,0.9994041323323875
10,1565748000,649,185,-464,834,33,-1.4905448655376485,-0.8095407373271062
10,1565762400,122,106,-16,228,33,0.078555066763817,-1.8359645116844594
10,1565776800,589,1099,510,1688,33,1.920846505135627,0.6369376509586687
10,1565791200,680,945,265,1625,33,1.062744979658263,0.5302302288720132
10,1565805600,1005,977,-28,1982,33,0.036525604291456314,1.1349056206963946
10,1565820000,1083,869,-214,1952,33,-0.6149310640301342,1.0840925625598918
10,1565834400,621,190,-431,811,33,-1.3749638437386567,-0.8484974152317583
10,1565848800,156,100,-56,256,33,-0.06154314147738528,-1.788538990757057
10,1565863200,574,1072,498,1646,33,1.8788170426632664,0.565799369567565
10,1565877600,741,871,130,1612,33,0.5899135268442054,0.508211237012862
10,1565892000,951,1049,98,2000,33,0.47783496025124356,1.165393455578296
10,1565906400,1049,899,-150,1948,33,-0.39077393084421064,1.0773174881416916
10,1565920800,790,256,-534,1046,33,-1.7357167299597525,-0.45046179316248763
10,1565935200,186,115,-71,301,33,-0.11407996956783613,-1.712319403552303
10,1565949600,513,826,313,1339,33,1.2308628295477058,0.04581240797068807
10,1565964000,770,784,14,1554,33,0.18362872294471871,0.40997265794895693
10,1565978400,1048,1079,31,2127,33,0.24317046144722967,1.3805020683561573
10,1565992800,930,900,-30,1830,33,0.029520693879396202,0.8774527928047812
10,1566007200,938,361,-577,1299,33,-1.8863223038190449,-0.02193833621131544
10,1566021600,248,96,-152,344,33,-0.3977788412562708,-1.6394873535566492
10,1566036000,264,461,197,725,33,0.8245780256482191,-0.9941615152230658
10,1566050400,738,896,158,1634,33,0.687982272613047,0.545474146312964
10,1566064800,921,920,-1,1841,33,0.13109189485426787,0.8960842474548321
10,1566079200,1044,960,-84,2004,33,-0.15961188724622688,1.1721685299964963
10,1566093600,990,335,-655,1325,33,-2.1595138098893893,0.02209964750698684
10,1566108000,239,99,-140,338,33,-0.35574937878391005,-1.6496499651839498
10,1566122400,316,390,74,706,33,0.3937760353065221,-1.0263431187095176
10,1566136800,758,698,-60,1456,33,-0.0755529623015055,0.24398333470304834
10,1566151200,828,942,114,1770,33,0.5338742435477245,0.7758266765317758
10,1566165600,911,673,-238,1584,33,-0.6989899889748556,0.46078571608545954
10,1566180000,640,223,-417,863,33,-1.3259294708542357,-0.7604214477951536
10,1566194400,166,128,-38,294,33,0.001501052231155746,-1.7241757837841536
10,1566208800,560,1066,506,1626,33,1.9068366843115068,0.5319239974765633
10,1566223200,666,653,-13,1319,33,0.08906243238190717,0.011937035879686314
10,1566237600,885,815,-70,1700,33,-0.11057751436180607,0.6572628742132698
10,1566252000,905,699,-206,1604,33,-0.5869114223818938,0.4946610881764613
10,1566266400,464,199,-265,663,34,-0.8899987417958652,-1.0580744825951234
10,1566280800,155,89,-66,244,34,-0.1386999352177578,-1.7955876423649566
10,1566295200,523,1044,521,1567,34,2.0774427756432927,0.5331233609178342
10,1566309600,666,744,78,1410,34,0.4049534725573551,0.2567759478298537
10,1566324000,943,994,51,1937,34,0.3030184585995214,1.184387965010527
10,1566338400,1048,849,-199,1897,34,-0.6408242632322718,1.1139809807842898
10,1566352800,654,253,-401,907,34,-1.4034491824723607,-0.6285918788150773
10,1566367200,157,111,-46,268,34,-0.06319251747121434,-1.7533434518292144
10,1566381600,541,1033,492,1574,34,1.9679570199108047,0.5454445831574256
10,1566396000,589,945,356,1534,34,1.454506579234309,0.4750375989311886
10,1566410400,903,956,53,1859,34,0.31056920037417574,1.0470943457693647
10,1566424800,982,712,-270,1694,34,-0.908875596232501,0.7566655358361368
10,1566439200,610,191,-419,801,34,-1.4714058584442498,-0.8151703870146055
10,1566453600,147,109,-38,256,34,-0.03298955037259696,-1.7744655470970854
10,1566468000,566,1082,516,1648,34,2.058565921206657,0.6756975039759642
10,1566482400,679,801,122,1480,34,0.5710697915997507,0.37998817022576853
10,1566496800,906,937,31,1843,34,0.22751104085297794,1.0189315520788698
10,1566511200,981,857,-124,1838,34,-0.3576714466827338,1.0101306790505902
10,1566525600,651,236,-415,887,34,-1.4563043748949411,-0.6637953709281958
10,1566540000,199,117,-82,316,34,-0.1991058694149926,-1.6688550707577299
10,1566554400,519,970,451,1489,34,1.8131668135303904,0.3958297416766719
10,1566568800,819,690,-129,1509,34,-0.3765483011193697,0.4310332337897904
10,1566583200,977,927,-50,1904,34,-0.07829400102052303,1.1263022030238814
10,1566597600,1002,964,-38,1966,34,-0.03298955037259696,1.2354330285745487
10,1566612000,844,335,-509,1179,34,-1.8111892383036954,-0.14982438607666532
10,1566626400,218,115,-103,333,34,-0.2783886580488632,-1.638932102461579
10,1566640800,342,439,97,781,34,0.47668551941657133,-0.850373879127724
10,1566655200,811,889,78,1700,34,0.4049534725573551,0.7672265834700723
10,1566669600,1001,826,-175,1827,34,-0.5502153619364196,0.990768758388375
10,1566684000,1019,961,-58,1980,34,-0.10849696811914042,1.2600754730537318
10,1566698400,871,311,-560,1182,34,-2.003733153557381,-0.14454386225969754
10,1566712800,197,105,-92,302,34,-0.23685957828826432,-1.6934975152369127
10,1566727200,281,317,36,598,34,0.2463878952896138,-1.1724858319627587
10,1566741600,676,650,-26,1326,34,0.012314900275329114,0.10892128095475587
10,1566756000,899,861,-38,1760,34,-0.03298955037259696,0.8728370598094279
10,1566770400,895,708,-187,1603,34,-0.5955198125843457,0.5964896467214474
10,1566784800,595,207,-388,802,34,-1.3543693609371075,-0.8134102124089496
10,1566799200,203,121,-82,324,34,-0.1991058694149926,-1.6547736739124823
10,1566813600,577,1068,491,1645,34,1.9641816490234776,0.6704169801589964
10,1566828000,717,706,-11,1423,34,0.0689454635852367,0.27965821770338073
10,1566842400,770,780,10,1550,34,0.14822825221910732,0.5032003926216834
10,1566856800,564,723,159,1287,34,0.710758514430856,0.040274471334174736
10,1566871200,1396,909,-487,2305,35,-1.7242102205274292,1.9331600303016618
10,1566885600,127,99,-28,226,35,0.07302965919529962,-1.730659580647853
10,1566900000,553,1038,485,1591,35,2.0817095247677613,0.6748785477533437
10,1566914400,645,772,127,1417,35,0.679940729689903,0.3682385225945098
10,1566928800,906,974,68,1880,35,0.4489229673726024,1.1841829573562344
10,1566943200,1001,795,-206,1796,35,-0.623939183050116,1.0361498417623145
10,1566957600,576,230,-346,806,35,-1.1721169241420157,-0.7085261634517401
10,1566972000,161,123,-38,284,35,0.03387410626016392,-1.6284462389282417
10,1566986400,578,1124,546,1702,35,2.320558397672089,0.8704937362167376
10,1567000800,619,935,316,1554,35,1.419980680163968,0.6096734849322123
10,1567015200,906,976,70,1882,35,0.4567540779596295,1.187707555346566
10,1567029600,885,788,-97,1673,35,-0.19714365605713677,0.8193870653569321
10,1567044000,552,227,-325,779,35,-1.0898902629782308,-0.7561082363212144
10,1567058400,147,107,-40,254,35,0.02604299567313678,-1.681315208783213
10,1567072800,549,1037,488,1586,35,2.093456190648302,0.6660670527775151
10,1567087200,734,711,-23,1445,35,0.09260743566286748,0.41758289445914976
10,1567101600,911,1059,148,1970,35,0.762167390853688,1.3427898669211484
10,1567116000,968,788,-180,1756,35,-0.5221347454187631,0.9656578819556861
10,1567130400,694,273,-421,967,35,-1.4657835711555336,-0.42479602523006055
10,1567144800,188,110,-78,298,35,-0.12274810548037891,-1.6037740529959217
10,1567153784,230,310,80,540,35,0.49590963089476525,-1.1772976961658195
10,1567159200,340,818,478,1158,35,2.0543006377131663,-0.08819691715340956
10,1567173600,771,688,-83,1459,35,-0.14232588194794676,0.4422550803914697
10,1567188000,1035,903,-132,1938,35,-0.33418809133011174,1.2863962990758457
10,1567202400,989,858,-131,1847,35,-0.3302725360365982,1.1260270905157659
10,1567216800,851,288,-563,1139,35,-2.021792422834461,-0.12168059806155808
10,1567231200,215,117,-98,332,35,-0.20105921135065033,-1.5438558871602874
10,1567245600,326,445,119,771,35,0.6486162873417946,-0.77020662828254
10,1567260000,682,870,188,1552,35,0.9187896025942309,0.606148886941881
10,1567274400,853,762,-91,1615,35,-0.17365032429605534,0.7171737236373208
10,1567288800,897,766,-131,1663,35,-0.3302725360365982,0.801764075405275
10,1567303200,815,311,-504,1126,35,-1.79077466051716,-0.14459048499871233
10,1567317600,219,86,-133,305,35,-0.33810364662362535,-1.5914379600297617
10,1567332000,314,372,58,686,35,0.40976741443746667,-0.9200020428716256
10,1567346400,650,713,63,1363,35,0.42934519090503453,0.27307437685556135
10,1567360800,749,781,32,1530,35,0.30796297680611384,0.5673783090482353
10,1567375200,883,643,-240,1526,35,-0.7570680630295774,0.5603291130675724
10,1567389600,651,308,-343,959,35,-1.160370258261475,-0.4388944171913862
10,1567404000,156,69,-87,225,35,-0.15798810312200104,-1.7324218796430186
10,1567418400,315,372,57,687,35,0.4058518591439531,-0.9182397438764598
10,1567432800,616,373,-243,989,35,-0.7688147289101182,-0.38602544733641486
10,1567447200,653,547,-106,1200,35,-0.2323836536987589,-0.014180359356449663
10,1567461600,670,495,-175,1165,35,-0.5025569689511953,-0.07586082418724957
10,1567476000,395,192,-203,587,36,-0.723717247095742,-1.147937035799865
10,1567490400,187,112,-75,299,36,-0.2550706655025466,-1.644484253116242
10,1567504800,531,1100,569,1631,36,2.102807448138219,0.6520466269720017
10,1567519200,603,592,-11,1195,36,-0.020747374705948764,-0.09967068813195804
10,1567533600,842,949,107,1791,36,0.4112861927002784,0.9279061921477666
10,1567548000,874,824,-50,1698,36,-0.16353813003512552,0.7675628198893533
10,1567562400,453,245,-208,698,36,-0.7420237541892263,-0.9565594624591781
10,1567576800,159,100,-59,259,36,-0.1964898428033971,-1.7134491444101834
10,1567591200,643,996,353,1639,36,1.3119663416997012,0.6658396052307899
10,1567605600,661,946,285,1607,36,1.062997845228316,0.6106676921956369
10,1567620000,884,1017,133,1901,36,0.5064800295863963,1.117559643206105
10,1567634400,951,786,-165,1737,36,-0.5845877931852621,0.834803588900946
10,1567648800,523,252,-271,775,36,-0.9726857435671273,-0.8238020467183412
10,1567663200,168,92,-76,260,36,-0.2587319669212434,-1.7117250221278348
10,1567677600,571,1180,609,1751,36,2.2492595048860924,0.8589413008538254
10,1567692000,664,786,122,1450,36,0.466205713980731,0.3399804938669175
10,1567706400,933,989,56,1922,36,0.22455982034673955,1.1537662111354243
10,1567720800,891,871,-20,1762,36,-0.05369908747422033,0.8779066459596593
10,1567735200,676,246,-430,922,36,-1.554832669139925,-0.570356071213107
10,1567749600,179,121,-58,300,36,-0.19282854138470026,-1.6427601308338935
10,1567764000,559,1124,565,1683,36,2.0881622424634316,0.7417009856541252
10,1567778400,660,749,89,1409,36,0.3453827671637353,0.26929148029062766
10,1567792800,1002,1139,137,2141,36,0.5211252352611837,1.5313489909697526
10,1567807200,968,929,-39,1897,36,-0.12326381442946029,1.110663154076711
10,1567821600,874,316,-558,1190,36,-2.0234792507331205,-0.10829129954370069
10,1567836000,210,73,-137,283,36,-0.4820713534617506,-1.6720702096338187
10,1567850400,306,515,209,821,36,0.7847389374073561,-0.7444924217303087
10,1567864800,715,936,221,1651,36,0.8286745544317182,0.6865290726189722
10,1567879200,919,827,-92,1746,36,-0.31731278962039283,0.8503206894420827
10,1567893600,1001,798,-203,1799,36,-0.723717247095742,0.9416991704065549
10,1567908000,836,304,-532,1140,36,-1.9282854138470025,-0.19449741366112724
10,1567922400,228,104,-124,332,36,-0.43447443501869176,-1.5875882177987406
10,1567936800,262,352,90,614,36,0.3490440685824321,-1.1013857341764548
10,1567951200,585,520,-65,1105,36,-0.21845765131557812,-0.25484169354332586
10,1567965600,858,810,-48,1668,36,-0.15621552719773185,0.7158391514188973
10,1567980000,882,507,-375,1389,36,-1.3534610911115987,0.23480903464365704
10,1567994400,485,209,-276,694,36,-0.9909922506606116,-0.9634559515885722
10,1568008800,178,120,-58,298,36,-0.19282854138470026,-1.6462083753985906
10,1568023200,597,1230,633,1827,36,2.3371307389348166,0.9899745943123138
10,1568037600,694,656,-38,1350,36,-0.11960251301076344,0.16756826563206434
10,1568052000,892,859,-33,1751,36,-0.10129600591727926,0.8589413008538254
10,1568066400,922,724,-198,1646,36,-0.7054107400022579,0.6779084612072296
10,1568080800,570,206,-364,776,37,-1.2007785518392338,-0.8785646080330546
10,1568095200,164,100,-64,264,37,-0.21383727635493205,-1.7191346975126243
10,1568109600,603,1267,664,1870,37,2.181140218820307,0.9174972628471195
10,1568124000,642,780,138,1422,37,0.4507031824711645,0.18199843455249615
10,1568138400,953,954,1,1907,37,0.0,0.9782415857196666
10,1568152800,991,965,-26,1956,37,-0.08882471479358715,1.058686770064391
10,1568167200,604,212,-392,816,37,-1.2928930708844353,-0.8128950697924632
10,1568181600,185,94,-91,279,37,-0.3026619911485192,-1.6945086206724025
10,1568196000,610,1269,659,1879,37,2.1646911975622354,0.9322729089512526
10,1568210400,617,939,322,1556,37,1.056027164768203,0.40199138765847725
10,1568224800,991,1138,147,2129,37,0.48031142073569355,1.3427075229549488
10,1568239200,951,972,21,1923,37,0.06579608503228679,1.0045094010159032
10,1568253600,623,252,-371,875,37,-1.2238071816005343,-0.716032500887591
10,1568268000,163,116,-47,279,37,-0.15791060407748828,-1.6945086206724025
10,1568282400,609,1157,548,1766,37,1.7995229256330436,0.746756463421582
10,1568296800,670,829,159,1499,37,0.5197890717550656,0.30841229566563455
10,1568311200,950,1097,147,2047,37,0.48031142073569355,1.2080849695617364
10,1568325600,969,973,4,1942,37,0.009869412754843017,1.035702431680184
10,1568340000,606,235,-371,841,37,-1.2238071816005343,-0.7718516083920935
10,1568354400,175,136,-39,311,37,-0.13159217006457358,-1.6419729900799294
10,1568368800,565,1160,595,1725,37,1.9541437254589176,0.6794451867249758
10,1568383200,699,674,-25,1373,37,-0.08553491054197282,0.10155325020777171
10,1568397600,948,1148,200,2096,37,0.6546710460712535,1.2885301539064609
10,1568412000,1036,1065,29,2101,37,0.0921145190452015,1.2967388461865348
10,1568426400,930,317,-613,1247,37,-2.0199398104912043,-0.10530579525009112
10,1568440800,199,98,-101,297,37,-0.3355600336646626,-1.6649573284641364
10,1568455200,311,439,128,750,37,0.41780513995502105,-0.921249807889439
10,1568469600,799,860,61,1659,37,0.19738825509686037,0.5710904486280001
10,1568484000,984,738,-246,1722,37,-0.8125816501487418,0.6745199713569314
10,1568498400,931,744,-187,1675,37,-0.6184831993034958,0.5973582639242366
10,1568512800,954,313,-641,1267,37,-2.112054329536406,-0.07247102612979543
10,1568527200,211,90,-121,301,37,-0.40135611869694937,-1.6583903746400772
10,1568541600,246,357,111,603,37,0.3618784676775773,-1.1625853609236123
10,1568556000,599,666,67,1265,37,0.2171270806065464,-0.075754503041825
10,1568570400,816,738,-78,1554,37,-0.2598945358775328,0.3987079107464477
10,1568584800,875,563,-312,1438,37,-1.0297087307552881,0.2082662498487327
10,1568599200,544,226,-318,770,37,-1.049447556264974,-0.8884150387691433
10,1568613600,175,113,-62,288,37,-0.20725766785170338,-1.6797329745682694
10,1568628000,595,1213,618,1808,37,2.029809223246047,0.815709478574203
10,1568642400,705,655,-50,1360,37,-0.1677800168323313,0.08021065027957952
10,1568656800,889,887,-2,1776,37,-0.009869412754843017,0.7631738479817298
10,1568671200,856,800,-56,1656,37,-0.18751884234201732,0.5661652332599557
10,1568685600,480,191,-289,671,38,-0.9059657742835419,-1.0672106100255334
10,1568700000,150,118,-32,268,38,-0.06606243600160844,-1.699180899543505
10,1568714400,644,1237,593,1881,38,1.9765040481470626,0.8302684230185001
10,1568728800,676,782,106,1458,38,0.3849362436984181,0.16693484369814787
10,1568743200,962,1058,96,2020,38,0.35225517995203937,1.0482432871450462
10,1568757600,1119,975,-144,2094,38,-0.4320903499610503,1.1642874594138548
10,1568772000,598,174,-424,772,38,-1.3471601348596547,-0.9088259965235108
10,1568786400,145,62,-83,207,38,-0.23273586110813996,-1.7948389334407662
10,1568800800,638,1234,596,1872,38,1.986308367270976,0.8161549426074288
10,1568815200,635,923,288,1558,38,0.979731603882511,0.3237512927100515
10,1568829600,999,965,-34,1964,38,-0.07259864875088419,0.9604260756983801
10,1568844000,982,954,-28,1936,38,-0.05299001050305695,0.9165174699750471
10,1568858400,655,177,-478,832,38,-1.5236378790901,-0.8147361271163687
10,1568872800,158,68,-90,226,38,-0.25561260573060507,-1.7650438081285045
10,1568887200,665,1208,543,1873,38,1.8130987294151688,0.8177231070975478
10,1568901600,714,767,53,1481,38,0.2117266058426108,0.2030026269708857
10,1568916000,1010,1110,100,2120,38,0.36532760545059084,1.2050597361569497
10,1568930400,1048,978,-70,2026,38,-0.19025047823784763,1.0576522740857603
10,1568944800,650,204,-446,854,38,-1.419058475101688,-0.7802365083337499
10,1568959200,146,61,-85,207,38,-0.2392720738574157,-1.7948389334407662
10,1568973600,520,1089,569,1609,38,1.8980694951557535,0.40372768170612233
10,1568988000,763,788,25,1551,38,0.12021962735275034,0.3127741412792182
10,1569002400,995,1101,106,2096,38,0.3849362436984181,1.1674237883940928
10,1569016800,1113,1090,-23,2203,38,-0.036649478629867574,1.3352173888368297
10,1569031200,924,318,-606,1242,38,-1.9419554950437474,-0.1717886861675639
10,1569045600,209,112,-97,321,38,-0.27848935035307015,-1.616068181567196
10,1569060000,311,500,189,811,38,0.6561890727933615,-0.8476675814088684
10,1569074400,751,1042,291,1793,38,0.9895359230064246,0.692269947888025
10,1569088800,981,960,-21,1941,38,-0.03011326588059183,0.9243582924256423
10,1569103200,996,965,-31,1961,38,-0.06279432962697057,0.955721582228023
10,1569117600,999,337,-662,1336,38,-2.1249694520234685,-0.02438122409637452
10,1569132000,344,93,-251,437,38,-0.7817777320473027,-1.4341611007133879
10,1569146400,282,487,205,769,38,0.7084787747875675,-0.913530489993868
10,1569160800,632,904,272,1536,38,0.927441901888305,0.2892516739274327
10,1569175200,776,790,14,1566,38,0.08427045723173372,0.33629660863100375
10,1569189600,946,557,-389,1503,38,-1.2327764117473292,0.2375022457535045
10,1569204000,558,178,-380,736,38,-1.2033634543755884,-0.9652799181677961
10,1569218400,164,108,-56,272,38,-0.1444969889929174,-1.6929082415830288
10,1569232800,636,1148,512,1784,38,1.7117874318013948,0.6781564674769536
10,1569247200,765,654,-111,1419,38,-0.32424283959800043,0.10577642858350547
10,1569261600,899,907,8,1806,38,0.0646618189839065,0.7126560862595724
10,1569276000,992,761,-231,1753,38,-0.7164156045545452,0.6295433682832635
10,1569290400,525,188,-337,713,39,-1.1585066154624455,-0.9628760788746792
10,1569304800,130,94,-36,224,39,-0.10295053382812219,-1.7341232575310561
10,1569319200,647,1284,637,1931,39,2.257146618796129,0.9581445010915112
10,1569333600,683,725,42,1408,39,0.17058227137944335,0.13327277422589745
10,1569348000,999,1077,78,2076,39,0.2968281814752428,1.1868374272779625
10,1569362400,1075,853,-222,1928,39,-0.7552210693230862,0.9534129233083433
10,1569376800,597,227,-370,824,39,-1.2742320330502617,-0.7878077008974648
10,1569391200,130,98,-32,228,39,-0.08892321048414448,-1.7278144871534988
10,1569405600,688,1287,599,1975,39,2.1238870470283406,1.0275409752446412
10,1569420000,668,869,201,1537,39,0.7281683743025577,0.3367306189021196
10,1569434400,986,927,-59,1913,39,-0.18360764305599406,0.9297550343925035
10,1569448800,1103,916,-187,2019,39,-0.6324819900632811,1.0969374493977713
10,1569463200,581,256,-325,837,39,-1.1164246454305125,-0.7673041971704037
10,1569477600,157,111,-46,268,39,-0.13801884218806648,-1.664726783377926
10,1569492000,683,1219,536,1902,39,1.9029567043606916,0.9124059158542209
10,1569506400,650,818,168,1468,39,0.6124429567147415,0.22790432988925657
10,1569520800,966,1238,272,2204,39,0.9771533636581623,1.3887180793597953
10,1569535200,1005,1002,-3,2007,39,0.012774883759693996,1.0780111382650994
10,1569549600,660,220,-440,880,39,-1.5197101915698719,-0.6994849156116629
10,1569564000,177,105,-72,282,39,-0.2291964439239217,-1.6426460870564756
10,1569578400,580,1116,536,1696,39,1.9029567043606916,0.5875042414100212
10,1569592800,756,743,-13,1499,39,-0.022293424600250304,0.27679730031532546
10,1569607200,1061,1123,62,2184,39,0.24071888809933192,1.3571742274720089
10,1569621600,1093,1078,-15,2171,39,-0.029307086272239165,1.3366707237449478
10,1569636000,901,338,-563,1239,39,-1.951050384397187,-0.13327277422589745
10,1569650400,202,89,-113,291,39,-0.3729765081996933,-1.6284513537069718
10,1569664800,336,458,122,794,39,0.45112873825899774,-0.8351234787291443
10,1569679200,737,903,166,1640,39,0.6054292950427527,0.49918145612421944
10,1569693600,1023,942,-81,1965,39,-0.2607579214478716,1.011769049300748
10,1569708000,971,833,-138,1804,39,-0.46064727909955405,0.7578410416040677
10,1569722400,883,324,-559,1207,39,-1.937023061053209,-0.18374293724635565
10,1569736800,232,93,-139,325,39,-0.4641541099355485,-1.5748268054977348
10,1569751200,311,362,51,673,39,0.20214374890339323,-1.025963782650252
10,1569765600,683,732,49,1415,39,0.19513008723140435,0.14431312238662267
10,1569780000,711,906,195,1617,39,0.7071273892865911,0.46290602645326506
10,1569794400,794,546,-248,1340,39,-0.8463986710589414,0.026023677807423762
10,1569808800,543,177,-366,720,39,-1.260204709706284,-0.9518357307139539
10,1569823200,147,110,-37,257,39,-0.10645736466411662,-1.6820759019162086
10,1569837600,546,1057,511,1603,39,1.815285933460831,0.44082533013181463
10,1569852000,651,631,-20,1282,39,-0.046841240452211316,-0.06545349266715673
10,1569866400,740,843,103,1583,39,0.38449895237510356,0.4092814782440282
10,1569880800,922,736,-186,1658,39,-0.6289751592272868,0.5275709228232272
10,1569895200,491,212,-279,703,40,-0.8873273613533108,-0.98728324256483
10,1569909600,159,90,-69,249,40,-0.20333615989061185,-1.694477715488428
10,1569924000,574,1163,589,1737,40,1.939836271359178,0.6233755349748182
10,1569938400,588,694,106,1282,40,0.36665650799497057,-0.085376635025704
10,1569952800,945,965,20,1910,40,0.08654582549119863,0.8928571292827091
10,1569967200,980,886,-94,1866,40,-0.2847636838742665,0.8243184578980431
10,1569981600,656,218,-438,874,40,-1.4052064138893543,-0.7209170424107876
10,1569996000,183,111,-72,294,40,-0.21310746276865042,-1.624381347026838
10,1570010400,641,1290,649,1931,40,2.135262328919949,0.9255687678981178
10,1570024800,697,967,270,1664,40,0.9008210653277449,0.5096636483593499
10,1570039200,980,1065,85,2045,40,0.29825738784870065,1.1031462346674794
10,1570053600,1021,1005,-16,2026,40,-0.030709809045264033,1.0735499902059191
10,1570068000,614,212,-402,826,40,-1.2879507793528915,-0.7956865021031504
10,1570082400,167,104,-63,271,40,-0.18379355413453474,-1.6602083797960951
10,1570096800,625,1228,603,1853,40,1.9854356847900245,0.8040683958980283
10,1570111200,673,897,224,1570,40,0.7509944211978204,0.3632401231284727
10,1570125600,1008,1224,216,2232,40,0.724937613523051,1.3944355880523094
10,1570140000,1156,1073,-83,2229,40,-0.24893557332145844,1.3897624968215367
10,1570154400,744,212,-532,956,40,-1.7113739040678957,-0.5931858821030013
10,1570168800,182,124,-58,306,40,-0.16750804933780383,-1.6056889821037472
10,1570183200,593,1194,601,1787,40,1.9789214828713322,0.7012603888210295
10,1570197600,798,795,-3,1593,40,0.011632503426236375,0.39906715589772984
10,1570212000,1012,1163,151,2175,40,0.513226051165549,1.3056468546676285
10,1570226400,1200,988,-212,2188,40,-0.6691015970771163,1.3258969166676435
10,1570240800,832,325,-507,1157,40,-1.629946380084241,-0.2800887696412321
10,1570255200,115,116,1,231,40,0.024660907263621117,-1.7225162628730641
10,1570269600,264,452,188,716,40,0.6337387866613577,-0.9670331805648151
10,1570284000,721,879,158,1600,40,0.5360257578809723,0.40997103543619945
10,1570298400,990,930,-60,1920,40,-0.1740222512564962,0.9084341000519512
10,1570312800,1008,798,-210,1806,40,-0.6625873951584239,0.7308566332825897
10,1570327200,922,299,-623,1221,40,-2.0077700913683985,-0.1803961567180817
10,1570341600,203,102,-101,305,40,-0.3075633905896898,-1.6072466791806714
10,1570356000,241,318,77,559,40,0.2722005801739312,-1.2115916216419185
10,1570370400,593,618,25,1211,40,0.10283133028792955,-0.19597312748732396
10,1570384800,874,758,-116,1632,40,-0.3564199049798826,0.4598173418977746
10,1570399200,955,574,-381,1529,40,-1.2195516592066218,0.2993745429745795
10,1570413600,559,184,-375,743,40,-1.2000090534505445,-0.924975359487861
10,1570428000,191,125,-66,316,40,-0.1935648570125733,-1.5901120113345049
10,1570442400,593,1174,581,1767,40,1.9137794636844085,0.670106447282545
10,1570456800,650,762,112,1412,40,0.38619911375104765,0.1171239849744452
10,1570471200,891,918,27,1809,40,0.10934553220662192,0.7355297245133624
10,1570485600,922,723,-199,1645,40,-0.6267592846056159,0.4800674038977895
10,1570500000,542,206,-336,748,41,-0.9751557429691687,-1.0076232128434588
10,1570514400,160,115,-45,275,41,-0.07626793162825461,-1.748982523474478
10,1570528800,643,1266,623,1909,41,1.9871583844395484,0.8120769132508615
10,1570543200,736,755,19,1491,41,0.12142560763572649,0.15692217362344907
10,1570557600,959,1066,107,2025,41,0.39325422412370054,0.9938901902766506
10,1570572000,1025,984,-41,2009,41,-0.06391208542425579,0.9688124968937831
10,1570586400,781,237,-544,1018,41,-1.6176597455771071,-0.5844371370075703
10,1570600800,151,131,-20,282,41,0.000956107146738006,-1.7380110326194735
10,1570615200,557,1115,558,1672,41,1.7863758836245676,0.44061358001713724
10,1570629600,655,1041,386,1696,41,1.2550744968526182,0.4782301200914384
10,1570644000,829,892,63,1721,41,0.2573399158797135,0.5174140160021689
10,1570658400,764,837,73,1601,41,0.2882295313897105,0.32933131563066287
10,1570672800,1551,855,-696,2406,41,-2.0871819013290622,1.591052763956182
10,1570687200,175,125,-50,300,41,-0.09171273938325314,-1.7097986275637476
10,1570701600,628,1266,638,1894,41,2.033492807704544,0.7885665757044232
10,1570716000,730,818,88,1548,41,0.3345639546547061,0.2462614562999144
10,1570730400,1044,1374,330,2418,41,1.0820926499966346,1.6098610339933326
10,1570744800,1096,1062,-34,2158,41,-0.04228935456725786,1.2023485165217365
10,1570759200,707,273,-434,980,41,-1.2778739749671397,-0.6439966587918805
10,1570773600,214,133,-81,347,41,-0.187470547464244,-1.6361329032515743
10,1570788000,614,1169,555,1783,41,1.7771089989715685,0.6145900778607802
10,1570802400,794,801,7,1595,41,0.08435806902373004,0.3199271806120876
10,1570816800,1036,1172,136,2208,41,0.4828341091026919,1.2807163083431972
10,1570831200,1073,1161,88,2234,41,0.3345639546547061,1.3214675600903567
10,1570845600,938,287,-651,1225,41,-1.9481786315340757,-0.2599944788667225
10,1570860000,246,97,-149,343,41,-0.39751993293222393,-1.6424023265972914
10,1570874400,316,474,158,790,41,0.5507912632246854,-0.9417942677134316
10,1570888800,823,893,70,1716,41,0.27896264673671145,0.5095772368200228
10,1570903200,985,891,-94,1876,41,-0.22762704762724015,0.7603541706486974
10,1570917600,1106,924,-182,2030,41,-0.4994556641152142,1.0017269694587967
10,1570932000,963,292,-671,1255,41,-2.0099578625540695,-0.212973803773846
10,1570946400,223,123,-100,346,41,-0.24616081693323838,-1.6377002590880037
10,1570960800,322,351,29,673,41,0.15231522314572354,-1.12517490057565
10,1570975200,664,780,116,1444,41,0.4210548780826978,0.08325644931127589
10,1570989600,910,859,-51,1769,41,-0.09480170093425284,0.5926470961507712
10,1571004000,934,610,-324,1544,41,-0.9380882043571723,0.23999203295419752
10,1571018400,654,179,-475,833,41,-1.4045213985581277,-0.8743979667469753
10,1571032800,181,103,-78,284,41,-0.17820366281124486,-1.7348763209466151
10,1571047200,455,918,463,1373,41,1.4929245362795953,-0.02802581507519847
10,1571061600,652,651,-1,1303,41,0.0596463766157324,-0.13774072362524362
10,1571076000,885,776,-109,1661,41,-0.2739614708922357,0.42337266581641586
10,1571090400,914,720,-194,1634,41,-0.5365232027272107,0.381054058232827
10,1571104800,490,205,-285,695,42,-1.0346872072478457,-0.9856224060719724
10,1571119200,177,99,-78,276,42,-0.34176080301022665,-1.60900448995835
10,1571133600,631,1242,611,1873,42,1.9646464072299643,0.7669887987446217
10,1571148000,773,819,46,1592,42,0.07332554542197027,0.3489211004819197
10,1571162400,986,1195,209,2181,42,0.6189632453771968,1.2252267028902168
10,1571176800,1127,827,-300,1954,42,-1.084899265525934,0.8874994163933009
10,1571191200,582,228,-354,810,42,-1.265662675327052,-0.8145270847189093
10,1571205600,167,123,-44,290,42,-0.22794680424655978,-1.5881754943153685
10,1571220000,665,1325,660,1990,42,2.1286724642717196,0.941059690903825
10,1571234400,731,926,195,1657,42,0.5720986576509811,0.4456271516814771
10,1571248800,1116,1222,106,2338,42,0.2741737785343236,1.4588090111722247
10,1571263200,925,1085,160,2010,42,0.4549371883354416,0.9708153989652273
10,1571277600,541,235,-306,776,42,-1.1049840888371694,-0.8651117884232932
10,1571292000,148,129,-19,277,42,-0.14426004044974586,-1.60751670455528
10,1571306400,637,1243,606,1880,42,1.9479090544706015,0.7774032965661125
10,1571320800,703,900,197,1603,42,0.5787935987547261,0.365286739915691
10,1571335200,1015,1250,235,2265,42,0.7059974797258833,1.3502006767481063
10,1571349600,839,1046,207,1885,42,0.6122683042734517,0.784842223581463
10,1571364000,712,257,-455,969,42,-1.60375720106618,-0.5779692056307612
10,1571378400,138,123,-15,261,42,-0.13087015824225562,-1.6313212710044018
10,1571392800,615,1242,627,1857,42,2.018205936059925,0.7431842322954999
10,1571407200,725,850,125,1575,42,0.33777571901990217,0.3236287486297278
10,1571421600,1003,1193,190,2196,42,0.5553613048916183,1.2475434839362685
10,1571436000,1067,1124,57,2191,42,0.11014772149256838,1.240104556920918
10,1571450400,870,280,-590,1150,42,-2.055665725568975,-0.3086800476750706
10,1571464800,186,102,-84,288,42,-0.361845626321462,-1.5911510651215088
10,1571479200,326,479,153,805,42,0.4315048944723337,-0.8219660117342599
10,1571493600,779,852,73,1631,42,0.16370725032252928,0.40694473120165414
10,1571508000,925,881,-44,1806,42,-0.22794680424655978,0.667307176738924
10,1571522400,1011,834,-177,1845,42,-0.6731603876456097,0.7253308074586585
10,1571536800,847,259,-588,1106,42,-2.04897078446523,-0.3741426054101556
10,1571551200,193,116,-77,309,42,-0.3384133324583541,-1.5599075716570363
10,1571565600,177,332,155,509,42,0.43819983557607883,-1.2623504910430137
10,1571580000,613,686,73,1299,42,0.16370725032252928,-0.08700002261762364
10,1571594400,867,994,127,1861,42,0.34447066012364724,0.7491353739077803
10,1571608800,818,531,-287,1349,42,-1.0413821483515908,-0.012610752464117947
10,1571623200,433,151,-282,584,42,-1.024644795592228,-1.150766585812755
10,1571637600,152,79,-73,231,42,-0.3250234502508639,-1.6759548330965053
10,1571652000,695,1192,497,1887,42,1.583034764316493,0.7878177943876034
10,1571666400,649,690,41,1339,42,0.05658819266260749,-0.027488606494819084
10,1571680800,963,911,-52,1874,42,-0.2547265686615402,0.7684765841476918
10,1571695200,984,756,-228,1740,42,-0.84388138579111,0.5691133401362966
10,1571709600,511,252,-259,763,43,-0.9808824680131814,-0.972482295091315
10,1571724000,155,109,-46,264,43,-0.27730849761180865,-1.723450752737733
10,1571738400,678,1233,555,1911,43,1.7078931747413604,0.7551966415381193
10,1571752800,629,741,112,1370,43,0.24459144287371667,-0.05897958208254616
10,1571767200,957,1258,301,2215,43,0.8688894729481741,1.2127004714469591
10,1571781600,1024,840,-184,1864,43,-0.7331451544915712,0.6844641415193184
10,1571796000,541,260,-281,801,43,-1.0535520799795204,-0.9152943163527101
10,1571810400,154,125,-29,279,43,-0.22115470654691036,-1.700876550604073
10,1571824800,688,1251,563,1939,43,1.7343184881836655,0.7973351521876177
10,1571839200,717,962,245,1679,43,0.6839122788520385,0.40604898187084687
10,1571853600,1022,1083,61,2105,43,0.07613006967902179,1.0471563224667868
10,1571868000,1186,1011,-175,2197,43,-0.7034166768689781,1.1856114288865673
10,1571882400,596,302,-294,898,43,-1.0964932143232662,-0.7693144758883763
10,1571896800,151,145,-6,296,43,-0.14518193040028324,-1.6752924548525918
10,1571911200,615,1284,669,1899,43,2.0844538912942077,0.7371372798311914
10,1571925600,700,885,185,1585,43,0.48572242803475046,0.2645839818332451
10,1571940000,949,1190,241,2139,43,0.670699622130886,1.098324513969749
10,1571954400,1114,975,-139,2089,43,-0.5845027663786052,1.0230771735242163
10,1571968800,695,262,-433,957,43,-1.5556330353833168,-0.6805226141626475
10,1571983200,172,130,-42,302,43,-0.2640958408906561,-1.6662627739991278
10,1571997600,610,1186,576,1796,43,1.777259622527411,0.5821277585133937
10,1572012000,762,798,36,1560,43,-0.006449034828181585,0.2269603116104787
10,1572026400,1031,1127,96,2158,43,0.1917408159891065,1.1269185033390516
10,1572040800,1110,1053,-57,2163,43,-0.3136433035949781,1.1344432373836049
10,1572055200,985,368,-617,1353,43,-2.1634152445563335,-0.08456367783402734
10,1572069600,238,111,-127,349,43,-0.5448647962151476,-1.595530273980327
10,1572084000,363,560,197,923,43,0.5253603981982081,-0.7316908056656098
10,1572098400,761,1129,368,1890,43,1.0902014730274792,0.7235927585509955
10,1572112800,1119,1270,151,2389,43,0.37341484590495394,1.4745612161974133
10,1572127200,996,1016,20,2012,43,-0.059299661712791746,0.9071962692380957
10,1572141600,886,391,-495,1277,43,-1.7604292145611813,-0.19893963531123726
10,1572156000,313,111,-202,424,43,-0.7926021097367577,-1.4826592633120277
10,1572170400,255,392,137,647,43,0.32717054738092005,-1.1470561249249511
10,1572184800,572,965,393,1537,43,1.1727805775346825,0.19234653500553356
10,1572199200,795,935,140,1730,43,0.3370800399217844,0.48280126912529037
10,1572213600,871,552,-319,1423,43,-1.1790723188304695,0.02078259878971866
10,1572228000,522,175,-347,697,43,-1.2715609158785373,-1.0718087844794184
10,1572242400,146,107,-39,253,43,-0.2541863483497917,-1.7400051676357502
10,1572256800,627,1258,631,1885,43,1.9589336524432586,0.7160680245064422
10,1572271200,679,754,75,1433,43,0.12237436820305567,0.03583206687882523
10,1572285600,923,993,70,1916,43,0.105858547301615,0.7627213755826726
10,1572300000,978,841,-137,1819,43,-0.5778964380180289,0.6167415351183388
10,1572314400,494,273,-221,767,44,-0.8381797219323109,-0.9073745472050482
10,1572328800,155,100,-55,255,44,-0.27192109583617996,-1.6761154763318844
10,1572343200,664,1279,615,1943,44,2.0135805878048307,0.8583272743831539
10,1572357600,689,802,113,1491,44,0.3011599233454466,0.17967317288836876
10,1572372000,991,1357,366,2348,44,1.1641926486606342,1.466413360899499
10,1572386400,1060,1017,-43,2077,44,-0.23098673732320665,1.059521189428068
10,1572400800,516,217,-299,733,44,-1.1042530522666376,-0.9584237495298772
10,1572415200,126,102,-24,228,44,-0.16617400301099886,-1.7166545487663074
10,1572429600,707,1353,646,2060,44,2.119327680630012,1.0339965882656537
10,1572444000,657,1075,418,1732,44,1.3415748688835185,0.5415219305437741
10,1572458400,1083,1107,24,2190,44,-0.0024365689591055585,1.2291847148017645
10,1572472800,1028,987,-41,2015,44,-0.2241643442377111,0.9664314675416152
10,1572487200,603,261,-342,864,44,-1.250934503604792,-0.7617341758665656
10,1572501600,152,107,-45,259,44,-0.23780913040870222,-1.670109687823081
10,1572516000,593,1187,594,1780,44,1.9419454604071276,0.613591392649415
10,1572530400,651,807,156,1458,44,0.447841374683601,0.13012541769074062
10,1572544800,1032,1017,-15,2049,44,-0.13547323412626885,1.0174806698664443
10,1572559200,994,1014,20,2008,44,-0.016081355130096668,0.9559213376512093
10,1572573600,675,348,-327,1023,44,-1.1997665554635755,-0.52300408264163
10,1572588000,271,162,-109,433,44,-0.45612570914455997,-1.4088578876901328
10,1572602400,575,1174,599,1749,44,1.9590014431208664,0.5670465317061886
10,1572616800,796,761,-35,1557,44,-0.20369716498122442,0.278768683283625
10,1572631200,1096,1107,11,2203,44,-0.04678212401482666,1.2487035274553755
10,1572645600,1030,1164,134,2194,44,0.3727950507431499,1.235190503310568
10,1572660000,852,313,-539,1165,44,-1.9229402225261039,-0.309798590579109
10,1572674400,175,111,-64,286,44,-0.30262186472090996,-1.629570615388658
10,1572688800,297,458,161,755,44,0.4648973573973399,-0.9253919127314584
10,1572703200,650,1006,356,1656,44,1.1300806832331565,0.42741194887650935
10,1572717600,1012,947,-65,1959,44,-0.30603306126365776,0.8823504284183675
10,1572732000,1026,929,-97,1955,44,-0.41519135063158663,0.8763446399095641
10,1572742800,896,295,-601,1191,44,-2.134434408176466,-0.27076096527188687
10,1572757200,190,110,-80,300,44,-0.3572010094048744,-1.6085503556078462
10,1572771600,207,297,90,504,44,0.2227024028622477,-1.3022551416588724
10,1572786000,701,604,-97,1305,44,-0.41519135063158663,-0.09959599277098974
10,1572800400,741,879,138,1620,44,0.386439836914141,0.3733598522972787
10,1572814800,924,605,-319,1529,44,-1.172476983121593,0.23672816372200114
10,1572829200,668,210,-458,878,44,-1.6466333025635342,-0.7407139160857537
10,1572843600,161,73,-88,234,44,-0.38449058174685663,-1.7076458660031024
10,1572858000,494,803,309,1297,44,0.9697544457240109,-0.11160756978859657
10,1572872400,740,1048,308,1788,44,0.9663432491812631,0.6256029696670219
10,1572886800,848,787,-61,1635,44,-0.2923882750926666,0.39588155920529144
10,1572901200,1059,1064,5,2123,44,-0.06724930327131333,1.1285877572793073
10,1572915600,649,263,-386,912,45,-1.3996767131502412,-0.6305163001980083
10,1572930000,129,96,-33,225,45,-0.2404338245314224,-1.7235122344673581
10,1572944400,453,819,366,1272,45,1.0698718767686022,-0.0577673390088293
10,1572958800,602,1070,468,1672,45,1.4048372440182326,0.578620395645814
10,1572973200,775,832,57,1607,45,0.05512385245354561,0.47520738876443447
10,1572987600,1072,1147,75,2219,45,0.1142353878505392,1.4488806227860387
10,1573002000,786,269,-517,1055,45,-1.8298773318728054,-0.40300768505897333
10,1573016400,149,97,-52,246,45,-0.30282933411713786,-1.6901018783979895
10,1573030800,502,810,308,1312,45,0.8794013738227341,0.005871434456635034
10,1573045200,652,1177,525,1829,45,1.592023772775379,0.8284025814977616
10,1573059600,831,1024,193,1855,45,0.5017443421197194,0.8697677842503133
10,1573074000,1005,1218,213,2223,45,0.5674238258941567,1.455244500132585
10,1573088400,792,304,-488,1096,45,-1.7346420803998714,-0.33777794225687235
10,1573102800,146,97,-49,243,45,-0.29297741155097223,-1.6948747864078992
10,1573117200,518,878,360,1396,45,1.0501680316362711,0.13951285873411012
10,1573131600,664,951,287,1615,45,0.8104379158595748,0.48793514345752736
10,1573146000,806,959,153,1765,45,0.37038537457084475,0.7265805439530186
10,1573160400,1039,1425,386,2464,45,1.1355513605430396,1.8386681102620077
10,1573174800,846,302,-544,1148,45,-1.918544634968296,-0.2550475367517687
10,1573189200,179,114,-65,293,45,-0.3455209985705221,-1.6153263195760688
10,1573203600,478,783,305,1261,45,0.8695494512565685,-0.075268001711832
10,1573218000,693,1121,428,1814,45,1.273478276469358,0.8045380414482124
10,1573232400,843,971,128,1814,45,0.2882860198527981,0.8045380414482124
10,1573246800,1072,1510,438,2582,45,1.3063180183565766,2.026402491985128
10,1573261200,974,356,-618,1330,45,-2.161558724933714,0.034508882516093985
10,1573275600,289,124,-165,413,45,-0.6739184174427088,-1.424409999179676
10,1573290000,200,348,148,548,45,0.35396550362723544,-1.2096291387337337
10,1573304400,631,845,214,1476,45,0.5707078000828786,0.2667904056650388
10,1573318800,875,979,104,1854,45,0.20947063932347332,0.8681768149136767
10,1573333200,954,1098,144,2052,45,0.340829606872348,1.183188743567725
10,1573347600,913,371,-542,1284,45,-1.911976686590852,-0.038675706969189996
10,1573362000,309,113,-196,422,45,-0.7757216172930866,-1.4100912751499464
10,1573376400,171,255,84,426,45,0.14379115554903601,-1.4037273978034
10,1573390800,612,681,69,1293,45,0.094531542718208,-0.024356982939460526
10,1573405200,697,929,232,1626,45,0.6298193354798722,0.5054358061605301
10,1573419600,855,727,-128,1582,45,-0.5524113724599997,0.4354331553485193
10,1573434000,663,227,-436,890,45,-1.5638754225863345,-0.6655176256040137
10,1573448400,152,91,-61,243,45,-0.33238510181563463,-1.6948747864078992
10,1573462800,347,634,287,981,45,0.8104379158595748,-0.5207394159700823
10,1573477200,602,882,280,1484,45,0.7874500965385218,0.27951816035813165
10,1573491600,801,677,-124,1478,45,-0.5392754757051123,0.269972344338312
10,1573506000,904,745,-159,1649,45,-0.6542145723103775,0.542028100903172
10,1573520400,591,255,-336,846,46,-1.3130165361084605,-0.7132395603556431
10,1573534800,146,69,-77,215,46,-0.45651654331715363,-1.7240563961067263
10,1573549200,491,814,323,1305,46,0.8662633683296525,0.022045586410992694
10,1573563600,594,1133,539,1727,46,1.5805645206189278,0.6980593814774857
10,1573578000,846,994,148,1840,46,0.2875471569841747,0.8790772934265704
10,1573592400,1005,1142,137,2147,46,0.2511707094138876,1.3708693196953223
10,1573606800,721,268,-453,989,46,-1.6999296602651512,-0.48416379567671297
10,1573621200,125,87,-38,212,46,-0.3275455019315901,-1.728862181379711
10,1573635600,503,783,280,1286,46,0.7240645278276208,-0.008391053651242774
10,1573650000,592,1308,716,1900,46,2.1658946315226393,0.9751929988862613
10,1573664400,755,978,223,1733,46,0.5355683904179509,0.7076709520234549
10,1573678800,963,1236,273,2199,46,0.7009158793738017,1.454169597760388
10,1573693200,701,253,-448,954,46,-1.6833949113695663,-0.5402312905281994
10,1573707600,122,85,-37,207,46,-0.32423855215247305,-1.7368718235013518
10,1573722000,433,837,404,1270,46,1.1341263004381306,-0.034021908440493694
10,1573736400,607,1133,526,1740,46,1.5375741734904065,0.7188844509937521
10,1573750800,844,872,28,1716,46,-0.10928681650986709,0.6804381688098757
10,1573765200,1040,1293,253,2333,46,0.6347768837914614,1.6688280066203645
10,1573779600,774,324,-450,1098,46,-1.6900088109278002,-0.3095535974249411
10,1573794000,179,125,-54,304,46,-0.3804566983974623,-1.5814847663415181
10,1573808400,443,785,342,1228,46,0.9290954141328758,-0.10130290226227737
10,1573822800,719,1054,335,1773,46,0.9059467656790566,0.7717480889965821
10,1573837200,847,994,147,1841,46,0.2842402072050577,0.8806792218508985
10,1573851600,1091,1246,155,2337,46,0.31069580543799385,1.675235720317677
10,1573866000,952,361,-591,1313,46,-2.1562887297832996,0.03486101380561815
10,1573880400,293,133,-160,426,46,-0.7309933749838659,-1.3860494985734797
10,1573894800,179,313,134,492,46,0.24124986007653654,-1.2803222225678197
10,1573909200,681,807,126,1488,46,0.2147942618436004,0.3151984880630501
10,1573923600,795,1067,272,1862,46,0.6976089295946847,0.9143197187617904
10,1573938000,932,1000,68,1932,46,0.022991174654813522,1.026454708464763
10,1573952400,932,382,-550,1314,46,-2.020703788839502,0.03646294222994634
10,1573966800,276,96,-180,372,46,-0.7971323705662062,-1.4725536334872016
10,1573981200,130,239,109,369,46,0.15857611559861115,-1.4773594187601862
10,1573995600,544,644,100,1188,46,0.12881356758655801,-0.16538003923540467
10,1574010000,693,851,158,1544,46,0.3206166547753449,0.4049064798254283
10,1574024400,793,631,-162,1424,46,-0.7376072745421,0.21267506890604643
10,1574038800,622,233,-389,855,46,-1.4882848744016623,-0.6988222045366894
10,1574053200,137,91,-46,228,46,-0.3540011001645262,-1.70323132659046
10,1574067600,497,760,263,1257,46,0.6678463815826315,-0.054846977956760065
10,1574082000,528,990,462,1518,46,1.3259293876269176,0.3632563407928956
10,1574096400,806,779,-27,1585,46,-0.2911690543613029,0.4705855452228838
10,1574110800,912,953,41,1865,46,-0.06629646938134588,0.9191255040347749
10,1574125200,506,256,-250,762,47,-0.82752334890879,-0.8568000316177654
10,1574139600,134,87,-47,221,47,-0.20578700128838606,-1.6841079662777547
10,1574154000,443,797,354,1240,47,1.0223719908090618,-0.1258329470198451
10,1574168400,641,1074,433,1715,47,1.2643285004741451,0.60054647805131
10,1574182800,808,818,10,1626,47,-0.031210785454085482,0.4644459120906093
10,1574197200,1058,1089,31,2147,47,0.033106767748025255,1.2611694499054973
10,1574211600,740,289,-451,1029,47,-1.4431342152718498,-0.44849833373566345
10,1574226000,129,103,-26,232,47,-0.14146944808627532,-1.6672865480129488
10,1574240400,485,821,336,1306,47,0.967242659492967,-0.024904437431010933
10,1574254800,581,1314,733,1895,47,2.183150689075727,0.8758060496572213
10,1574269200,856,1007,151,1863,47,0.400635643188658,0.8268710147050593
10,1574283600,1075,1172,97,2247,47,0.2352476492403733,1.4140914341310036
10,1574298000,713,322,-391,1035,47,-1.2593697775515336,-0.4393230146821331
10,1574312400,139,165,26,304,47,0.017793064604665558,-1.5571827193705843
10,1574326800,453,782,329,1235,47,0.9458034750922634,-0.13347904623112042
10,1574341200,711,1108,397,1819,47,1.1540698378419552,0.7595853416458366
10,1574355600,825,887,62,1712,47,0.1280517272368554,0.5959588185245448
10,1574370000,1138,1319,181,2457,47,0.4925178620488162,1.7352276010045669
10,1574384400,702,285,-417,987,47,-1.339001033897004,-0.5127255671103761
10,1574398800,178,87,-91,265,47,-0.3405475889499514,-1.6168222932185319
10,1574413200,439,741,302,1180,47,0.863109478118121,-0.2175861375551489
10,1574427600,677,1074,397,1751,47,1.1540698378419552,0.6555983923724923
10,1574442000,832,842,10,1674,47,-0.031210785454085482,0.5378484645188524
10,1574456400,980,1172,192,2152,47,0.5262080089642076,1.2688155491167725
10,1574470800,960,354,-606,1314,47,-1.9178590127160005,-0.012670678692970425
10,1574485200,331,115,-216,446,47,-0.7233901675339439,-1.3400335017703653
10,1574499600,232,390,158,622,47,0.4220748275893616,-1.0708908095334742
10,1574514000,670,917,247,1587,47,0.6946587435411643,0.4048063382426619
10,1574528400,858,1120,262,1978,47,0.7405998529712433,1.0027312965643915
10,1574542800,1046,1125,79,2171,47,0.18011831792427838,1.2978707261196187
10,1574557200,988,330,-658,1318,47,-2.077121525406941,-0.006553799323950172
10,1574571600,298,119,-179,417,47,-0.6100687642730822,-1.3843808771957622
10,1574586000,134,254,120,388,47,0.30569068369982794,-1.428728252621159
10,1574600400,531,633,102,1164,47,0.250561352383733,-0.24205365503122991
10,1574614800,717,971,254,1688,47,0.7160979279418679,0.5592575423104232
10,1574629200,884,622,-262,1506,47,-0.8642762364528532,0.28093953102000174
10,1574643600,622,211,-411,833,47,-1.3206245901249722,-0.7482254228176559
10,1574658000,142,70,-72,212,47,-0.2823555170051846,-1.6978709448580502
10,1574672400,459,780,321,1239,47,0.9213015500628878,-0.12736216686210017
10,1574686800,681,947,266,1628,47,0.7528508154859311,0.46750435177511945
10,1574701200,799,744,-55,1543,47,-0.23028892631776157,0.3375206651834391
10,1574715600,1749,879,-870,2628,47,-2.7264225386853926,1.9967241940301828
10,1574730000,667,304,-363,971,48,-0.9923920643909914,-0.39762772408344127
10,1574744400,116,93,-23,209,48,0.11978488424370937,-1.7374548120563258
10,1574758800,502,792,290,1294,48,1.1436418987221248,0.17030423052973678
10,1574773200,754,1022,268,1776,48,1.071677507928115,1.0178064042868633
10,1574787600,854,937,83,1791,48,0.4665224035239396,1.0441809532627073
10,1574802000,1038,1148,110,2186,48,0.5548423376802246,1.7387107429599375
10,1574816400,950,266,-684,1216,48,-2.042417948249047,0.03315657585534703
10,1574830800,223,81,-142,304,48,-0.2694770477784359,-1.5704160018759794
10,1574845200,394,759,365,1153,48,1.38897504915625,-0.07761652984319854
10,1574859600,722,1014,292,1736,48,1.150184116067035,0.947474273684612
10,1574874000,956,1143,187,2099,48,0.8067177054592598,1.5857383589000413
10,1574888400,992,1021,29,2013,48,0.2898825352113695,1.4345242781052012
10,1574902800,822,245,-577,1067,48,-1.6924093202963617,-0.22883061063803853
10,1574917200,246,104,-142,350,48,-0.2694770477784359,-1.4895340516833904
10,1574931600,254,311,57,565,48,0.3814735780401095,-1.1114988496962905
10,1574946000,677,351,-326,1028,48,-0.8713610435101563,-0.2974044379752334
10,1574960400,848,453,-395,1301,48,-1.0970675419095515,0.18261235338513074
10,1574974800,686,376,-310,1062,48,-0.8190233047508761,-0.2376221269633199
10,1574989200,535,594,59,1129,48,0.3880157953850195,-0.11981580820454923
10,1575003600,176,79,-97,255,48,-0.12227715751796078,-1.656572861863737
10,1575018000,241,384,143,625,48,0.6627889238712397,-1.0060006537929138
10,1575032400,675,683,8,1358,48,0.2211892530898144,0.2828356394933386
10,1575046800,831,897,66,1728,48,0.41091355609220453,0.9334078475641618
10,1575061200,951,927,-24,1878,48,0.11651377557125436,1.1971533373226035
10,1575075600,1271,266,-1005,1537,48,-3.0924438321071026,0.5975719239384125
10,1575090000,352,313,-39,665,48,0.06744714548442933,-0.9356685231906626
10,1575104400,252,315,63,567,48,0.4011002300748395,-1.1079822431661779
10,1575118800,677,836,159,1513,48,0.7151266626305197,0.5553726455770619
10,1575133200,837,1027,190,1864,48,0.8165310314766248,1.1725370916118156
10,1575147600,1057,1071,14,2128,48,0.24081590512454443,1.6367291535866733
10,1575162000,1109,334,-775,1443,48,-2.340088837442452,0.43229141702312235
10,1575176400,322,98,-224,420,48,-0.537707958919746,-1.366452823129451
10,1575190800,155,265,110,420,48,0.5548423376802246,-1.366452823129451
10,1575205200,497,569,72,1066,48,0.43054020812693455,-0.2305889139030948
10,1575219600,649,928,279,1577,48,1.1076597033251199,0.6679040545406637
10,1575234000,803,438,-365,1241,48,-0.9989342817359014,0.077114157481754
10,1575248400,512,211,-301,723,48,-0.7895833266987812,-0.8336869338173984
10,1575262800,149,88,-61,237,48,-0.004517245309580712,-1.68822232063475
10,1575277200,443,740,297,1183,48,1.1665396594293098,-0.024867431891510174
10,1575291600,611,959,348,1570,48,1.333366201724515,0.6555959316852698
10,1575306000,791,688,-103,1479,48,-0.1419038095526908,0.4955903345651484
10,1575320400,795,758,-37,1553,48,0.07398936282933934,0.625704776179313
10,1575334800,610,263,-347,873,49,-1.1630144409712257,-0.7421127266824481
10,1575349200,301,57,-244,358,49,-0.8542950158229455,-1.5458730931208513
10,1575363600,441,838,397,1279,49,1.066958882429944,-0.10846863197566801
10,1575378000,589,1043,454,1632,49,1.2378036128518077,0.4424583764762861
10,1575392400,734,893,159,1627,49,0.3536072010193547,0.4346548777730006
10,1575406800,1035,1224,189,2259,49,0.44352548018875676,1.4210171138682839
10,1575421200,688,292,-396,980,49,-1.3098809636145825,-0.575117854432139
10,1575435600,127,83,-44,210,49,-0.2548398213602655,-1.7768566547381013
10,1575450000,488,842,354,1330,49,0.9380760156204678,-0.028872945202156233
10,1575464400,626,1367,741,1993,49,2.098021816905754,1.0058709828534969
10,1575478800,817,969,152,1786,49,0.33262626921316096,0.6828061365374786
10,1575493200,1020,1151,131,2171,49,0.2696834737945795,1.2836755366904595
10,1575507600,914,298,-616,1212,49,-1.9692816775235304,-0.2130355145996933
10,1575522000,153,83,-70,236,49,-0.3327689966404139,-1.7362784614810167
10,1575536400,507,814,307,1321,49,0.797204044921738,-0.04291924286807008
10,1575550800,647,1079,432,1726,49,1.171863541460913,0.589164152098053
10,1575565200,840,998,158,1838,49,0.35060992504704136,0.7639625230516474
10,1575579600,1008,1350,342,2358,49,0.902108703952707,1.5755263881933361
10,1575594000,847,307,-540,1154,49,-1.741488703627712,-0.3035560995578047
10,1575608400,168,102,-66,270,49,-0.3207798927511603,-1.6832146702986757
10,1575622800,444,750,306,1194,49,0.7942067689494245,-0.24112810993152098
10,1575637200,703,1151,448,1854,49,1.2198199570179273,0.7889337189021609
10,1575651600,886,921,35,1807,49,-0.018055019547506917,0.7155808310912775
10,1575666000,1107,1323,216,2430,49,0.5244519314412186,1.6878967695206468
10,1575680400,1086,378,-708,1464,49,-2.245031066976363,0.18026082004589433
10,1575694800,269,121,-148,390,49,-0.5665565224808592,-1.4959307014198244
10,1575709200,234,362,128,596,49,0.2606916458776393,-1.174426554844463
10,1575723600,699,843,144,1542,49,0.30864806143465373,0.3019953998171476
10,1575738000,919,1005,86,1924,49,0.1348060550404765,0.8981827007481574
10,1575752400,1096,1089,-7,2185,49,-0.14394061038466974,1.305525333059659
10,1575766800,1100,324,-776,1424,49,-2.4488458330936744,0.11783283041961058
10,1575781200,256,144,-112,400,49,-0.45865458747757676,-1.4803237040132535
10,1575795600,165,283,118,448,49,0.23071888615450534,-1.405410116461713
10,1575810000,598,672,74,1270,49,0.0988387433727157,-0.12251492964158187
10,1575824400,800,945,145,1745,49,0.31164533740696715,0.6188174471705377
10,1575838800,878,639,-239,1517,49,-0.8393086359613786,0.2629779063007203
10,1575853200,650,221,-429,871,49,-1.4087910707009246,-0.7452341261637623
10,1575867600,131,79,-52,210,49,-0.27881802913877274,-1.7768566547381013
10,1575882000,443,804,361,1247,49,0.9590569474266616,-0.15841102367669502
10,1575896400,683,1133,450,1816,49,1.2258145089625543,0.7296271287571914
10,1575910800,794,840,46,1634,49,0.014915016147940486,0.4455797759576003
10,1575925200,956,1100,144,2056,49,0.30864806143465373,1.1041950665148939
10,1575939600,723,280,-443,1003,50,-1.5971398291405314,-0.505800582854697
10,1575954000,205,161,-44,366,50,-0.34930220236366416,-1.5104920071396895
10,1575968400,499,802,303,1301,50,0.7359099692944133,-0.035787954225297
10,1575982800,637,1090,453,1727,50,1.205021859060153,0.6361092934127043
10,1575997200,824,919,95,1743,50,0.0854081488192545,0.6613448707887793
10,1576011600,1005,1223,218,2228,50,0.4700798984271609,1.4262983100010578
10,1576026000,794,303,-491,1097,50,-1.747255633865568,-0.35754156577025537
10,1576040400,148,115,-33,263,50,-0.3149006637808433,-1.6729460364981732
10,1576054800,477,858,381,1335,50,0.9798481519725979,0.017837647698862723
10,1576069200,603,1232,629,1835,50,1.7554464763852875,0.8064494407012116
10,1576083600,800,1002,202,1802,50,0.4200412968521487,0.7544010623630566
10,1576098000,1071,1266,195,2337,50,0.3981494086630809,1.5982156808755699
10,1576112400,877,325,-552,1202,50,-1.9380278023703021,-0.19193308923976207
10,1576126800,157,137,-20,294,50,-0.27424430000114586,-1.6240521053320276
10,1576141200,466,805,339,1271,50,0.8484968228381908,-0.08310466180543793
10,1576155600,647,1239,592,1886,50,1.6397322102430718,0.8868878435874512
10,1576170000,880,1022,142,1902,50,0.2323965409458529,0.9121234209635264
10,1576184400,1052,1425,373,2477,50,0.9548288511850919,1.8190269829162276
10,1576198800,865,361,-504,1226,50,-1.7879119976452655,-0.15407972317564933
10,1576213200,196,137,-59,333,50,-0.39621339134023814,-1.5625403854778444
10,1576227600,433,703,270,1136,50,0.6327053535459506,-0.2960298459160721
10,1576242000,712,1129,417,1841,50,1.0924350055163754,0.8159127822172397
10,1576256400,918,1021,103,1939,50,0.11042744960676061,0.9704806936457001
10,1576270800,1066,1458,392,2524,50,1.0142496905554188,1.8931564914584482
10,1576285200,980,403,-577,1383,50,-2.0162131173312585,0.09354437982708821
10,1576299600,269,167,-102,436,50,-0.5306921330730835,-1.4000863561193606
10,1576314000,182,287,105,469,50,0.11668227480363713,-1.3480379777812055
10,1576328400,640,711,71,1351,50,0.010350246456736161,0.04307322507493788
10,1576342800,816,987,171,1803,50,0.32309150630056255,0.7559782859490612
10,1576357200,781,1001,220,1782,50,0.47633472362403745,0.7228565906429626
10,1576371600,938,327,-611,1265,50,-2.12254514567816,-0.09256800332146611
10,1576386000,273,144,-129,417,50,-0.6151322732309167,-1.4300536042534497
10,1576400400,145,202,57,347,50,-0.03343352992139954,-1.5404592552737786
10,1576414800,459,607,148,1066,50,0.2511610165364825,-0.40643549693640096
10,1576429200,716,847,131,1563,50,0.197995002363032,0.3774446253079338
10,1576443600,758,592,-166,1350,50,-0.7308465393731324,0.04149600148893319
10,1576458000,550,250,-300,800,50,-1.1499198275638598,-0.8259769708136505
10,1576472400,151,72,-79,223,50,-0.4587616433090035,-1.7360349799383612
10,1576486800,446,751,305,1197,50,0.7421647944912899,-0.19981920716978557
10,1576501200,501,1122,621,1623,50,1.7304271755977814,0.47207804046821567
10,1576515600,753,800,47,1553,50,-0.06470765590578217,0.3616723894478868
10,1576530000,963,936,-27,1899,50,-0.2961361881902137,0.9073917502055122
10,1576544400,630,266,-364,896,51,-1.699114194204216,0.13069388104192092
10,1576558800,141,91,-50,232,51,-0.330120632744556,-0.7638230074366386
10,1576573200,488,783,295,1271,51,1.174028344018446,0.6358803767941194
10,1576587600,622,1138,516,1760,51,2.137555659568079,1.2946435672549863
10,1576602000,790,909,119,1699,51,0.40669437326398705,1.212466563945962
10,1576616400,1118,1310,192,2428,51,0.7249635770428251,2.194549111688236
10,1576630800,758,286,-472,1044,51,-2.169978221712634,0.33007415136545526
10,1576645200,151,97,-54,248,51,-0.3475600411707937,-0.7422683836178781
10,1576659600,402,770,368,1172,51,1.4922975477972842,0.502511141915539
10,1576674000,697,1280,583,1977,51,2.429665750707561,1.5869781527969251
10,1576688400,866,974,108,1840,51,0.3587360000918334,1.4024166863487886
10,1576702800,1060,1250,190,2310,51,0.7162438728297063,2.0355837610248773
10,1576717200,693,325,-368,1018,51,-1.7165536026304538,0.2950478876599695
10,1576731600,160,104,-56,264,51,-0.35627974538391255,-0.7207137597991176
10,1576746000,398,764,366,1162,51,1.4835778435841653,0.4890395020288137
10,1576760400,577,864,287,1441,51,1.1391495271659706,0.8648982548684494
10,1576768998,334,319,-15,653,51,-0.17752580901497608,-0.1966669682055037
10,1576769078,8,4,-4,12,51,-0.12956743584282238,-1.060199084944595
10,1576769158,7,5,-2,12,51,-0.12084773162970353,-1.060199084944595
10,1576769238,8,6,-2,14,51,-0.12084773162970353,-1.05750475696725
10,1576769319,5,12,7,17,51,-0.0816090626706687,-1.0534632650012323
10,1576769399,7,8,1,15,51,-0.10776817531002525,-1.0561575929785774
10,1576769482,9,4,-5,13,51,-0.1339272879493818,-1.0588519209559224
10,1576769560,6,8,2,14,51,-0.10340832320346582,-1.05750475696725
10,1576774800,881,877,-4,1758,51,-0.12956743584282238,1.291949239277641
10,1576775282,33,30,-3,63,51,-0.12520758373626295,-0.991493721522296
10,1576775363,10,6,-4,16,51,-0.12956743584282238,-1.0548104289899047
10,1576775443,5,3,-2,8,51,-0.12084773162970353,-1.065587740899285
10,1576775604,473,405,-68,878,51,-0.40859797066262565,0.1064449292458154
10,1576775689,8,18,10,26,51,-0.06852950635099042,-1.0413387891031796
10,1576775770,8,8,0,16,51,-0.11212802741658467,-1.0548104289899047
10,1576789200,934,1172,238,2106,51,0.9255167739445588,1.7607623073356813
10,1576803600,817,321,-496,1138,51,-2.27461467227006,0.456707566300673
10,1576818000,293,121,-172,414,51,-0.8620225897448061,-0.5186391614982382
10,1576832400,390,703,313,1093,51,1.2525056819365157,0.3960851868104092
10,1576846800,499,1023,524,1522,51,2.1724344764205545,0.9740185379509243
10,1576861200,818,1010,192,1828,51,0.7249635770428251,1.3862507184847181
10,1576869591,649,569,-80,1218,51,-0.4609161959413388,0.5644806853944754
10,1576869669,539,900,361,1439,51,1.461778583051368,0.8622039268911044
10,1576869749,6,11,5,17,51,-0.09032876688378755,-1.0534632650012323
10,1576869830,5,20,15,25,51,-0.04673024581819328,-1.042685953091852
10,1576869910,5,21,16,26,51,-0.042370393711633855,-1.0413387891031796
10,1576869992,7,16,9,23,51,-0.07288935845754985,-1.0453802810691972
10,1576870071,35,37,2,72,51,-0.10340832320346582,-0.9793692456242432
10,1576870153,7,12,5,19,51,-0.09032876688378755,-1.0507689370238873
10,1576870232,14,8,-6,22,51,-0.13828714005594123,-1.0467274450578696
10,1576870313,8,7,-1,15,51,-0.1164878795231441,-1.0561575929785774
10,1576870393,7,7,0,14,51,-0.11212802741658467,-1.05750475696725
10,1576870473,11,21,10,32,51,-0.06852950635099042,-1.0332558051711445
10,1576870553,4,11,7,15,51,-0.0816090626706687,-1.0561575929785774
10,1576870634,11,16,5,27,51,-0.09032876688378755,-1.039991625114507
10,1576870714,3,1,-2,4,51,-0.12084773162970353,-1.0709763968539752
10,1576875600,273,262,-11,535,51,-0.16008640058873838,-0.35563231886886215
10,1576890000,948,345,-603,1293,51,-2.741118847671919,0.6655179845449151
10,1576904400,315,122,-193,437,51,-0.953579483982554,-0.48765438975877
10,1576918800,188,333,145,521,51,0.5200505280345321,-0.37449261471027756
10,1576933200,507,745,238,1252,51,0.9255167739445588,0.6102842610093413
10,1576947600,828,931,103,1759,51,0.33693673955903625,1.2932964032663137
10,1576962000,754,889,135,1643,51,0.4764520069689379,1.1370253805803003
10,1576976400,849,328,-521,1177,51,-2.383610974934046,0.5092469618589016
10,1576990800,273,123,-150,396,51,-0.7661058434004987,-0.5428881132943437
10,1577005200,154,269,115,423,51,0.38925496483774935,-0.5065146856001854
10,1577019600,481,635,154,1116,51,0.5592891969935669,0.4270699585498774
10,1577034000,706,977,271,1683,51,1.0693918934610198,1.1909119401272015
10,1577048400,938,778,-160,1716,51,-0.809704364466093,1.2353683517533949
10,1577062800,727,211,-516,938,51,-2.3618117144012487,0.18727476856616715
10,1577077200,175,102,-73,277,51,-0.4303972311954228,-0.7032006279463747
10,1577091600,364,547,183,911,51,0.6857249080837903,0.15090134087200888
10,1577106000,734,799,65,1533,51,0.17126235950977803,0.9888373418263221
10,1577120400,863,929,66,1792,51,0.17562221161633745,1.337752814892507
10,1577134800,959,1021,62,1980,51,0.15818280319009975,1.5910196447629426
10,1577149200,782,257,-525,1039,52,-1.5556198833594768,-0.10303037379205789
10,1577163600,154,77,-77,231,52,0.21003249559978573,-1.446651764898708
10,1577178000,218,408,190,626,52,1.262329783952739,-0.7898071491968185
10,1577192400,632,572,-60,1204,52,0.2770326974799363,0.17134775681759223
10,1577206800,809,669,-140,1478,52,-0.03826237019136054,0.6269817434057384
10,1577221200,855,453,-402,1308,52,-1.070853716814858,0.3442891239897353
10,1577235600,704,212,-492,916,52,-1.425560667945067,-0.3075667984283425
10,1577250000,179,73,-106,252,52,0.09573803356894063,-1.4117309119120254
10,1577264400,103,176,73,279,52,0.8012107474834674,-1.366832672357719
10,1577278800,548,259,-289,807,52,-0.625499433729151,-0.48882265440683864
10,1577293200,763,522,-241,1285,52,-0.43632239312637283,0.3060424754805114
10,1577307600,897,519,-378,1416,52,-0.9762651965134688,0.5238820822069609
10,1577322000,797,169,-628,966,52,-1.9615622829862716,-0.22442191036481218
10,1577336400,199,74,-125,273,52,0.02085545499700762,-1.3768100589253427
10,1577350800,292,475,183,767,52,1.2347414655315005,-0.5553385648576629
10,1577365200,682,849,167,1531,52,1.171682451997241,0.7151153247530806
10,1577379600,903,948,45,1851,52,0.6908574737985135,1.2472426083596748
10,1577394000,1035,1032,-3,2067,52,0.5016804331957354,1.606428524794126
10,1577408400,852,258,-594,1110,52,-1.8275618792259705,0.015035367258155196
10,1577422800,211,97,-114,308,52,0.06420852680181094,-1.3186086372808714
10,1577437200,290,504,214,794,52,1.356918304254128,-0.5104403253033565
10,1577451600,775,772,-3,1547,52,0.5016804331957354,0.7417216889334103
10,1577466000,973,1007,34,1980,52,0.6475044019937102,1.461756419563583
10,1577480400,1122,1266,144,2388,52,1.0810351200417432,2.1402187061619906
