remote_unit_id,time_stamp,entries,exits,num_people_exited,sum_exit_entry,week_num,z_score_num_people_exited,z_score_sum_exit_entry
187,1546300800,0,0,0,0,1,-0.03240005307129261,-1.193566325628423
187,1546315200,84,105,21,189,1,0.0842401379853608,-0.860014856068894
187,1546329600,14,42,28,56,1,0.12312020167091192,-1.0947362605737478
187,1546344000,148,475,327,623,1,1.7838543505251676,-0.09408185189516075
187,1546358400,538,729,191,1267,1,1.0284702560630312,1.0424638962336048
187,1546372800,646,256,-390,902,1,-2.1985750298377127,0.3983036507879535
187,1546387200,104,85,-19,189,1,-0.1379316545035028,-0.860014856068894
187,1546401600,11,14,3,25,1,-0.01573716863462784,-1.1494457608718716
187,1546416000,171,247,76,418,1,0.3897263526575483,-0.4558704828988827
187,1546430400,573,809,236,1382,1,1.2784135226130027,1.2454184941137414
187,1546444800,743,872,129,1615,1,0.6841039777052926,1.656622157644801
187,1546459200,992,574,-418,1566,1,-2.3540952845799175,1.5701458507219601
187,1546473600,172,146,-26,318,1,-0.17681171818905395,-0.6323527419250885
187,1546488000,10,8,-2,18,1,-0.04350864269573579,-1.161799519003706
187,1546502400,146,283,137,429,1,0.7285383362030652,-0.43645743440600004
187,1546516800,613,783,170,1396,1,0.9118300650063778,1.2701260103774104
187,1546531200,788,757,-31,1545,1,-0.20458319225016192,1.533084576326457
187,1546545600,970,638,-332,1608,1,-1.8764259307288604,1.6442683995129665
187,1546560000,182,140,-42,322,1,-0.26568043518459944,-0.6252934515640403
187,1546574400,17,11,-6,28,1,-0.06572582194462215,-1.1441512931010853
187,1546588800,148,251,103,399,1,0.5396923125875313,-0.4894021121138618
187,1546603200,625,696,71,1321,1,0.3619548785964403,1.137764316107756
187,1546617600,687,680,-7,1367,1,-0.07128011675684373,1.2189461552598106
187,1546632000,850,634,-216,1484,1,-1.2321277325111561,1.4254303983204715
187,1546646400,221,132,-89,353,1,-0.5267322913590141,-0.5705839512659164
187,1546660800,16,16,0,32,1,-0.03240005307129261,-1.137092002740037
187,1546675200,10,56,46,66,1,0.22309750829090053,-1.0770880346711271
187,1546689600,137,598,461,735,1,2.528129855362861,0.10357827821418977
187,1546704000,559,844,285,1403,1,1.5505739684118607,1.2824797685092446
187,1546718400,656,266,-390,922,1,-2.1985750298377127,0.43360010259319465
187,1546732800,185,102,-83,287,1,-0.4934065224856846,-0.6870622422232123
187,1546747200,20,16,-4,36,1,-0.05461723232017897,-1.1300327123789888
187,1546761600,12,37,25,49,1,0.10645731723424716,-1.107090018705582
187,1546776000,88,291,203,379,1,1.0951217938096902,-0.524698563919103
187,1546790400,375,517,142,892,1,0.7563098102641732,0.3806554248853329
187,1546804800,341,198,-143,539,1,-0.8266642112189801,-0.24232694947717365
187,1546819200,93,73,-20,166,1,-0.14348594931572442,-0.9006057756449214
187,1546833600,12,7,-5,19,1,-0.06017152713240056,-1.1600346964134438
187,1546848000,210,297,87,507,1,0.45082359559198576,-0.2988012723655595
187,1546862400,625,598,-27,1223,1,-0.18236601300127556,0.9648117022620741
187,1546876800,518,445,-73,963,1,-0.4378635743634687,0.505957828793939
187,1546891200,770,597,-173,1367,1,-0.9932930555856279,1.2189461552598106
187,1546905600,157,137,-20,294,2,0.0389397165946071,-0.7525528967609716
187,1546920000,13,10,-3,23,2,0.18682778919327456,-1.2946081474212285
187,1546934400,184,338,154,522,2,1.5526176361339092,-0.2965064128106447
187,1546948800,678,688,10,1366,2,0.29991866823931435,1.3916656593563548
187,1546963200,535,523,-12,1058,2,0.10853410369986237,0.7756028652480184
187,1546977600,846,594,-252,1440,2,-1.9792975094577958,1.5396807462525135
187,1546992000,197,154,-43,351,2,-0.1611441463330018,-0.6385412757733899
187,1547006400,10,9,-1,19,2,0.20422638596958836,-1.302608962929129
187,1547020800,196,338,142,534,2,1.4482260554760265,-0.27250396628694334
187,1547035200,641,615,-26,1256,2,-0.013256073734334352,1.1716432328890918
187,1547049600,547,464,-83,1011,2,-0.5091160818592781,0.6815932830301878
187,1547064000,817,605,-212,1422,2,-1.6313255739315193,1.5036770764669614
187,1547078400,178,139,-39,317,2,-0.12634695278037417,-0.7065482075905439
187,1547092800,15,9,-6,24,2,0.16072989402880383,-1.2926079435442535
187,1547107200,192,308,116,500,2,1.2220442973839467,-0.34051089810409735
187,1547121600,692,676,-16,1368,2,0.07373691014723474,1.395666067110305
187,1547136000,599,529,-70,1128,2,-0.39602520281323833,0.9156171366362766
187,1547150400,825,568,-257,1393,2,-2.02279400139858,1.4456711640346829
187,1547164800,207,157,-50,364,2,-0.22203923505010018,-0.6125386253727133
187,1547179200,14,12,-2,26,2,0.19552708758143147,-1.288607535790303
187,1547193600,188,308,120,496,2,1.2568414909365744,-0.3485117136119978
187,1547208000,673,668,-5,1341,2,0.16942919241696075,1.3416605624319768
187,1547222400,599,530,-69,1129,2,-0.3873259044250814,0.9176173405132517
187,1547236800,767,613,-154,1380,2,-1.1267662674184187,1.4196685136340064
187,1547251200,216,143,-73,359,2,-0.4221230979777091,-0.6225396447575889
187,1547265600,34,31,-3,65,2,0.18682778919327456,-1.2105995845882735
187,1547280000,20,56,36,76,2,0.526100426331394,-1.1885973419415472
187,1547294400,150,335,185,485,2,1.8222958861667735,-0.3705139562587241
187,1547308800,468,613,145,1081,2,1.474323950640497,0.8216075544184461
187,1547323200,543,254,-289,797,2,-2.3011715498196015,0.25354965335751267
187,1547337600,171,101,-70,272,2,-0.39602520281323833,-0.7965573820544242
187,1547352000,18,28,10,46,2,0.29991866823931435,-1.2486034582508008
187,1547366400,16,31,15,47,2,0.34341516018009893,-1.2466032543738257
187,1547380800,123,340,217,463,2,2.1006734345877947,-0.4145184415521767
187,1547395200,406,420,14,826,2,0.334715861791942,0.3115555657897911
187,1547409600,401,223,-178,624,2,-1.3355494287341845,-0.09248561735918272
187,1547424000,102,70,-32,172,2,-0.0654518640632758,-0.996577769751936
187,1547438400,11,4,-7,15,2,0.15203059564064692,-1.3106097784370294
187,1547452800,202,310,108,512,2,1.1524499102786916,-0.3165084515803959
187,1547467200,669,594,-75,1263,2,-0.4395216947540229,1.1856446600279176
187,1547481600,504,433,-71,937,2,-0.40472450120139525,0.5335781961340291
187,1547496000,765,583,-182,1348,2,-1.3703466222868121,1.3556619895708026
187,1547510400,150,85,-65,235,3,-0.28700513835785946,-0.8466962628925582
187,1547524800,9,17,8,26,3,0.18230566388491234,-1.2828384960755213
187,1547539200,195,327,132,522,3,0.9794911361877029,-0.2477832441197809
187,1547553600,706,609,-97,1315,3,-0.49273042153277313,1.4070530760433284
187,1547568000,519,442,-77,961,3,-0.3641521195484521,0.6683241260587878
187,1547582400,820,587,-233,1407,3,-1.3670628750261562,1.5990391308415706
187,1547596800,156,155,-1,311,3,0.12444542799196788,-0.6880990871896624
187,1547611200,5,20,15,25,3,0.22730806957942473,-1.2849253010189805
187,1547625600,201,328,127,529,3,0.9473465606916226,-0.23317560951556682
187,1547640000,697,630,-67,1327,3,-0.2998629685562916,1.4320947353648383
187,1547654400,551,480,-71,1031,3,-0.32557862895315576,0.8144004721009286
187,1547668800,776,539,-237,1315,3,-1.3927785354230204,1.4070530760433284
187,1547683200,188,179,-9,367,3,0.07301410719823946,-0.5712380103559498
187,1547697600,11,30,19,41,3,0.25302372997628897,-1.251536421923634
187,1547712000,186,334,148,520,3,1.0823537777751597,-0.2519568540066992
187,1547726400,676,617,-59,1293,3,-0.24843164776256316,1.361143367287227
187,1547740800,556,454,-102,1010,3,-0.5248749970288534,0.7705775682882864
187,1547755200,801,597,-204,1398,3,-1.1806243371488907,1.5802578863504382
187,1547769600,153,173,20,326,3,0.259452645075505,-0.6567970130377752
187,1547784000,8,19,11,27,3,0.2015924091825605,-1.2807516911320622
187,1547798400,177,326,149,503,3,1.0887826928743758,-0.28743253804550484
187,1547812800,624,692,68,1316,3,0.5680405698378755,1.4091398809867874
187,1547827200,574,511,-63,1085,3,-0.27414730815942734,0.9270879390477229
187,1547841600,746,544,-202,1290,3,-1.1677665069504586,1.3548829524568495
187,1547856000,193,151,-42,344,3,-0.1391400910758903,-0.6192345240555103
187,1547870400,18,27,9,45,3,0.1887345789841284,-1.2431892021497974
187,1547884800,14,46,32,60,3,0.33659962626609763,-1.2118871279979102
187,1547899200,187,430,243,617,3,1.6931007122006845,-0.049536774491161235
187,1547913600,507,582,75,1089,3,0.6130429755323878,0.9354351588215596
187,1547928000,643,232,-411,875,3,-2.511409762686614,0.4888589009213005
187,1547942400,123,96,-27,219,3,-0.04270636458764949,-0.8800851419879046
187,1547956800,11,23,12,34,3,0.20802132428177658,-1.2661440565278481
187,1547971200,15,44,29,59,3,0.31731288096844945,-1.2139739329413692
187,1547985600,116,481,365,597,3,2.477428354305043,-0.09127287336034431
187,1548000000,548,601,53,1149,3,0.4716068433496347,1.0606434554291089
187,1548014400,520,188,-332,708,3,-2.0035254698485456,0.14036247536362179
187,1548028800,82,70,-12,152,3,0.0537273619005913,-1.0199010731996678
187,1548043200,14,12,-2,26,3,0.11801651289275182,-1.2828384960755213
187,1548057600,50,117,67,167,3,0.5616116547386595,-0.9885989990477806
187,1548072000,241,473,232,714,3,1.622382646109308,0.15288330502437672
187,1548086400,461,511,50,972,3,0.4523200980519866,0.6912789804368384
187,1548100800,655,249,-406,904,3,-2.4792651871905336,0.549376244281616
187,1548115200,103,66,-37,169,4,-0.1495344290378855,-0.9373282463322259
187,1548129600,5,2,-3,7,4,0.17895823739482628,-1.2692511307207253
187,1548144000,193,294,101,487,4,1.1837593347184152,-0.28577591771776395
187,1548158400,639,606,-33,1245,4,-0.11088823298697824,1.2672953561494125
187,1548172800,469,401,-68,870,4,-0.4490424484324168,0.49895534599084895
187,1548187200,734,610,-124,1344,4,-0.9900891931451185,1.4701371188312733
187,1548201600,160,126,-34,286,4,-0.12054978199970505,-0.697606163162754
187,1548216000,8,21,13,29,4,0.33354302159845534,-1.2241751834580896
187,1548230400,206,306,100,512,4,1.1740977857056885,-0.2345532503738597
187,1548244800,686,617,-69,1303,4,-0.4587039974451436,1.3861319443872704
187,1548259200,522,439,-83,961,4,-0.593965683623319,0.6854058551226604
187,1548273600,771,574,-197,1345,4,-1.6953822710741762,1.4721860255250294
187,1548288000,187,163,-24,350,4,-0.02393429187243688,-0.5664761347623591
187,1548302400,13,19,6,32,4,0.2659121785093676,-1.218028463376821
187,1548316800,166,298,132,464,4,1.4832673541129466,-0.3329007716741559
187,1548331200,638,754,116,1392,4,1.3286825699093174,1.5684846401315695
187,1548345600,575,524,-51,1099,4,-0.2847961152160609,0.9681549788610118
187,1548360000,773,554,-219,1327,4,-1.9079363493541661,1.4353057050374185
187,1548374400,215,126,-89,341,4,-0.6519349776996799,-0.5849162950061647
187,1548388800,21,22,1,43,4,0.21760443344573355,-1.1954904897455032
187,1548403200,148,283,135,431,4,1.5122520011511271,-0.40051469256810945
187,1548407633,111,177,66,288,4,0.8456051192729767,-0.6935083497752417
187,1548408280,11,24,13,35,4,0.33354302159845534,-1.2118817432955526
187,1548417600,682,590,-92,1272,4,-0.6809196247378604,1.3226158368808292
187,1548432000,629,489,-140,1118,4,-1.1446739773487475,1.007084206042379
187,1548446400,761,563,-198,1324,4,-1.705043820086903,1.42915898495615
187,1548460800,209,163,-46,372,4,-0.23648837015242685,-0.5214001874997235
187,1548475200,32,18,-14,50,4,0.07268119825483128,-1.18114814288921
187,1548489600,13,41,28,54,4,0.4784662567893576,-1.1729525161141854
187,1548504000,188,375,187,563,4,2.0146525498129217,-0.13005900899229508
187,1548518400,551,580,29,1131,4,0.4881278058020844,1.0337199930612093
187,1548532800,521,271,-250,792,4,-2.2074443687486975,0.33914062387786775
187,1548547200,161,121,-40,282,4,-0.17851907607606596,-0.7058017899377788
187,1548561600,22,25,3,47,4,0.23692753147118717,-1.1872948629704785
187,1548576000,10,35,25,45,4,0.4494816097511771,-1.191392676357991
187,1548590400,135,310,175,445,4,1.8987139616601998,-0.3718299988555231
187,1548604800,429,483,54,912,4,0.7296665311202549,0.585009427128608
187,1548619200,377,216,-161,593,4,-1.3475665066160107,-0.06859180817961
187,1548633600,94,79,-15,173,4,0.06301964924210447,-0.9291326195572012
187,1548648000,11,10,-1,21,4,0.1982813354202799,-1.240566437008139
187,1548662400,181,331,150,512,4,1.6571752363420293,-0.2345532503738597
187,1548676800,651,596,-55,1247,4,-0.3234423112669682,1.271393169536925
187,1548691200,493,382,-111,875,4,-0.8644890559796699,0.5091998794596299
187,1548705600,752,625,-127,1377,4,-1.019073840183299,1.537751039725227
187,1548720000,113,191,78,304,5,1.1100283349322455,-0.10222347756436834
187,1548734400,7,20,13,27,5,0.3301193640084377,-0.7312818376009317
187,1548748800,152,286,134,438,5,1.7819499098819878,0.20208634281433016
187,1548763200,685,661,-24,1346,5,-0.11382881944049908,2.264126021201332
187,1548777600,574,445,-129,1019,5,-1.3736817724712655,1.5215192207249557
187,1548792000,760,568,-192,1328,5,-2.1295935442897256,2.223248582642999
187,1548806400,171,151,-20,322,5,-0.06583442122980321,-0.0613460390060357
187,1548820800,8,16,8,24,5,0.27012636624506786,-0.7380947440273204
187,1548835200,205,314,109,519,5,1.4819849210651386,0.386034816326827
187,1548849600,652,591,-61,1243,5,-0.5577770028894359,2.030216233895317
187,1548864000,560,463,-97,1023,5,-0.9897265867856986,1.5306030959601407
187,1548878400,745,536,-209,1281,5,-2.333569736685183,2.116513048629575
187,1548892800,150,149,-1,299,5,0.16213897027100216,-0.11357832160834962
187,1548907200,7,21,14,28,5,0.3421179635611117,-0.7290108687921354
187,1548921600,173,238,65,411,5,0.9540465407474841,0.14077018497683122
187,1548936000,598,626,28,1224,5,0.5100983572985472,1.9870678265281885
187,1548950400,465,407,-58,872,5,-0.5217812042314139,1.1876868058319057
187,1548950875,22,5,-17,27,5,-0.02983862257178131,-0.7312818376009317
187,1548959177,509,331,-178,840,5,-1.9616131505522898,1.1150158039504257
187,1548959385,14,4,-10,18,5,0.05415157429693646,-0.751720556880098
187,1548964800,475,169,-306,644,5,-3.497433893294558,0.6699059174263592
187,1548965697,23,17,-6,40,5,0.10214597250763233,-0.7017592430865803
187,1548965761,1,0,-1,1,5,0.16213897027100216,-0.7903270266296344
187,1548965900,2,6,4,8,5,0.222131968034372,-0.7744302449680606
187,1548965963,2,2,0,4,5,0.17413756982367612,-0.7835141202032455
187,1548966035,2,2,0,4,5,0.17413756982367612,-0.7835141202032455
187,1548966099,3,0,-3,3,5,0.13814177116565424,-0.7857850890120418
187,1548966162,1,0,-1,1,5,0.16213897027100216,-0.7903270266296344
187,1548966299,3,7,4,10,5,0.222131968034372,-0.769888307350468
187,1548966364,3,4,1,7,5,0.18613616937635008,-0.7767012137768567
187,1548966436,8,3,-5,11,5,0.11414457206030629,-0.7676173385416718
187,1548966563,6,1,-5,7,5,0.11414457206030629,-0.7767012137768567
187,1548966637,4,0,-4,4,5,0.12614317161298025,-0.7835141202032455
187,1548966700,2,0,-2,2,5,0.1501403707183282,-0.7880560578208381
187,1548966763,2,0,-2,2,5,0.1501403707183282,-0.7880560578208381
187,1548966837,1,0,-1,1,5,0.16213897027100216,-0.7903270266296344
187,1548967038,6,6,0,12,5,0.17413756982367612,-0.7653463697328755
187,1548967101,1,2,1,3,5,0.18613616937635008,-0.7857850890120418
187,1548967238,3,8,5,11,5,0.23413056758704595,-0.7676173385416718
187,1548967643,4,8,4,12,5,0.222131968034372,-0.7653463697328755
187,1548967781,2,4,2,6,5,0.19813476892902407,-0.778972182585653
187,1548967844,0,2,2,2,5,0.19813476892902407,-0.7880560578208381
187,1548968021,2,4,2,6,5,0.19813476892902407,-0.778972182585653
187,1548968264,7,5,-2,12,5,0.1501403707183282,-0.7653463697328755
187,1548968423,2,5,3,7,5,0.21013336848169803,-0.7767012137768567
187,1548968503,2,1,-1,3,5,0.16213897027100216,-0.7857850890120418
187,1548979200,88,74,-14,162,5,0.006157176086240592,-0.42470104841343687
187,1548993600,9,12,3,21,5,0.21013336848169803,-0.7449076504537092
187,1549008000,195,288,93,483,5,1.2900073282223552,0.3042799392101618
187,1549011573,286,189,-97,475,5,-0.9897265867856986,0.2861121887397917
187,1549017974,254,274,20,528,5,0.41410956087715545,0.40647353560599336
187,1549018087,146,296,150,442,5,1.9739275027247711,0.2111702180495152
187,1549018167,1,15,14,16,5,0.3421179635611117,-0.7562624944976905
187,1549018259,9,22,13,31,5,0.3301193640084377,-0.7221979623657466
187,1549021739,82,116,34,198,5,0.582089954614591,-0.34294617129677163
187,1549022400,34,117,83,151,5,1.1700213326956155,-0.44968170531019575
187,1549036800,553,467,-86,1020,5,-0.857741991706285,1.5237901895337518
187,1549051200,754,534,-220,1288,5,-2.4655543317645963,2.1324098302911487
187,1549065600,170,156,-14,326,5,0.006157176086240592,-0.05226216377085067
187,1549080000,16,28,12,44,5,0.3181207644557637,-0.6926753678513953
187,1549094400,12,52,40,64,5,0.6540815519306348,-0.6472559916754701
187,1549108800,142,258,116,400,5,1.5659751179338564,0.11578952808007238
187,1549123200,275,306,31,581,5,0.5460941559565691,0.526834882472195
187,1549137600,727,454,-273,1181,5,-3.1014801080563172,1.8894161677499492
187,1549152000,114,71,-43,185,5,-0.3418022109413044,-0.372468765811123
187,1549166400,22,22,0,44,5,0.17413756982367612,-0.6926753678513953
187,1549180800,13,35,22,48,5,0.43810675998250337,-0.6835914926162102
187,1549195200,92,185,93,277,5,1.2900073282223552,-0.16353963540186728
187,1549209600,272,237,-35,509,5,-0.2458134145199127,0.3633251282388644
187,1549224000,268,162,-106,430,5,-1.0977139827597642,0.1839185923439601
187,1549238400,71,60,-11,131,5,0.042152974744262495,-0.49510108148612086
187,1549252800,7,13,6,20,5,0.24612916713971994,-0.7471786192625054
187,1549267200,200,306,106,506,5,1.4459891224071166,0.35651222181247566
187,1549281600,621,662,41,1283,5,0.6660801514833088,2.1210549862471675
187,1549296000,501,436,-65,937,5,-0.6057714011001317,1.3352997784036624
187,1549310400,743,585,-158,1328,5,-1.7216411594988106,2.223248582642999
187,1549324800,170,110,-60,280,6,-0.24177725859654145,-0.7104311127808298
187,1549339200,8,7,-1,15,6,0.24775897848201056,-1.259529839643582
187,1549353600,169,335,166,504,6,1.6333954461450306,-0.24628728328174873
187,1549368000,619,646,27,1265,6,0.4800812604853912,1.330558494614683
187,1549382400,538,418,-120,956,6,-0.7396107200323571,0.6902886583860398
187,1549396800,803,523,-280,1326,6,-2.0671666171945318,1.4569548053264862
187,1549411200,187,123,-64,310,6,-0.2749661560255958,-0.6482689927586314
187,1549425600,8,12,4,20,6,0.28924510026832856,-1.2491694863065488
187,1549440000,190,359,169,549,6,1.6582871192168214,-0.15304410324845122
187,1549454400,700,604,-96,1304,6,-0.5404773354580308,1.4113692506435407
187,1549468800,610,446,-164,1056,6,-1.104688591751955,0.897495725126701
187,1549483200,852,702,-150,1554,6,-0.9885274507502648,1.9293869174951936
187,1549497600,187,123,-64,310,6,-0.2749661560255958,-0.6482689927586314
187,1549512000,5,11,6,16,6,0.3058395489828557,-1.2574577689761752
187,1549526400,186,322,136,508,6,1.3844787154271228,-0.23799900061212229
187,1549535772,534,504,-30,1038,6,0.007139472121366346,0.860198453113382
187,1549540800,193,457,264,650,6,2.4465234331568624,0.05623503415961659
187,1549555200,608,508,-100,1116,6,-0.5736662328870852,1.0218199651710977
187,1549569600,845,596,-249,1441,6,-1.8099526621193605,1.6952429320782465
187,1549584000,202,131,-71,333,6,-0.33304672652644096,-0.6006113674082794
187,1549598400,9,6,-3,15,6,0.23116452976748336,-1.259529839643582
187,1549612800,185,306,121,491,6,1.260020350068169,-0.2732242019580347
187,1549627200,625,723,98,1348,6,1.0691841898511063,1.5025403600094316
187,1549641600,622,465,-157,1087,6,-1.04660802125111,0.961729915816306
187,1549656000,752,535,-217,1287,6,-1.5444414826869255,1.3761440492976282
187,1549670400,245,154,-91,399,6,-0.4989912136717128,-0.46385470335944295
187,1549684800,21,14,-7,35,6,0.197975632338429,-1.2180884262954497
187,1549699200,15,41,26,56,6,0.4717840361281276,-1.1745749422799108
187,1549713600,139,264,125,403,6,1.2932092474972232,-0.4555664206898165
187,1549728000,339,314,-25,653,6,0.04862559390768431,0.06245124616183642
187,1549742400,404,174,-230,578,6,-1.6523053993313523,-0.09295405389365946
187,1549756800,108,69,-39,177,6,-0.067535547094006,-0.9238543915237107
187,1549771200,24,20,-4,44,6,0.22286730541021976,-1.19943979028879
187,1549785600,18,33,15,51,6,0.38051456819822804,-1.1849352956169439
187,1549800000,99,233,134,332,6,1.3678842667125957,-0.6026834380756859
187,1549814400,338,292,-46,630,6,-0.12561611759485114,0.014793620811484349
187,1549828800,310,146,-164,456,6,-1.104688591751955,-0.3457466753172661
187,1549843200,91,51,-40,142,6,-0.07583277145126958,-0.9963768648829422
187,1549857600,11,5,-6,16,6,0.2062728566956926,-1.2574577689761752
187,1549872000,210,345,135,555,6,1.3761814910698593,-0.14061167924401152
187,1549886400,640,614,-26,1254,6,0.04032836955042072,1.30776571727321
187,1549900800,499,424,-75,923,6,-0.3662356239554953,0.6219103263616216
187,1549915200,737,563,-174,1300,6,-1.187660835324591,1.4030809679739142
187,1549929600,203,131,-72,334,7,0.04079573442119632,-0.2856009568632826
187,1549944000,10,10,0,20,7,0.5221168363317815,-0.5748392398394452
187,1549958400,184,331,147,515,7,1.504814086065893,-0.11887443068912516
187,1549972800,632,733,101,1365,7,1.1973033820674635,0.6640954436094041
187,1549987200,592,493,-99,1085,7,-0.13969967879527312,0.4061759556051827
187,1550001600,748,570,-178,1318,7,-0.6678158878360542,0.6208018152658383
187,1550016000,162,133,-29,295,7,0.3282513925066847,-0.32152545697815627
187,1550030400,9,12,3,21,7,0.5421718822447226,-0.5739180988108586
187,1550044800,225,308,83,533,7,1.0769731065898172,-0.10229389217456808
187,1550046790,138,104,-34,242,7,0.29482631598511627,-0.370345931493241
187,1550059200,593,578,-15,1171,7,0.42184160676707627,0.4853940840636221
187,1550073600,590,419,-171,1009,7,-0.6210207807058583,0.3361692374326083
187,1550088000,788,587,-201,1375,7,-0.8215712398352688,0.6733068538952691
187,1550102400,218,167,-51,385,7,0.18118105581178368,-0.2386227644053708
187,1550116800,12,17,5,29,7,0.55554191285335,-0.5665489705821666
187,1550131200,189,349,160,538,7,1.5917192850219708,-0.09768818703163555
187,1550145600,714,638,-76,1352,7,0.014055673203941589,0.6521206102377796
187,1550275200,3615,3191,-424,6806,7,-2.3123296526972204,5.676023780148578
187,1550289600,19,10,-9,29,7,0.46195169859295837,-0.5665489705821666
187,1550304000,16,33,17,49,7,0.6357620965051142,-0.5481261500104365
187,1550318400,149,191,42,340,7,0.8028874791129562,-0.2800741106917635
187,1550332800,496,298,-198,794,7,-0.8015161939223278,0.13812391628650975
187,1550334886,92,27,-65,119,7,0.0875908415513921,-0.48364627800938115
187,1550335617,34,15,-19,49,7,0.3951015455498215,-0.5481261500104365
187,1550342877,380,45,-335,425,7,-1.7173632906133025,-0.2017771232619106
187,1550347200,402,79,-323,481,7,-1.6371431069615383,-0.15019322566106633
187,1550361600,129,37,-92,166,7,-0.09290457166507735,-0.44035264966581544
187,1550376000,15,8,-7,23,7,0.4753217292015858,-0.5720758167536857
187,1550390400,13,21,8,34,7,0.575596958766291,-0.5619432654392341
187,1550404800,132,166,34,298,7,0.7494073566784468,-0.31876203389239677
187,1550419200,551,272,-279,823,7,-1.3430024335717363,0.16483700611551838
187,1550433600,483,81,-402,564,7,-2.1652593160023192,-0.07373852028838643
187,1550448000,91,19,-72,110,7,0.04079573442119632,-0.4919365472666597
187,1550462400,9,6,-3,15,7,0.5020617904188405,-0.5794449449823776
187,1550476800,44,74,30,118,7,0.722667295461192,-0.4845674190379677
187,1550491200,237,320,83,557,7,1.0769731065898172,-0.08018650748849196
187,1550497830,220,157,-63,377,7,0.10096087216001948,-0.24599189263406285
187,1550505600,397,305,-92,702,7,-0.09290457166507735,0.05337894165655127
187,1550520000,551,101,-450,652,7,-2.486140050609376,0.00732189022722602
187,1550534400,84,36,-48,120,8,-0.29212522770081223,-1.20484575722915
187,1550548800,8,7,-1,15,8,0.02717443978612207,-1.3907969642488374
187,1550563200,169,241,72,410,8,0.5231079658828498,-0.6912662330795368
187,1550577600,602,723,121,1325,8,0.8559948532628452,0.9291657138063115
187,1550592000,552,601,49,1153,8,0.36685493711264794,0.6245599270692995
187,1550606400,821,637,-184,1458,8,-1.2160561804289627,1.1647039093645823
187,1550620800,185,140,-45,325,8,-0.2717443978612207,-0.8417981625716648
187,1550635200,8,12,4,20,8,0.061142489518774656,-1.3819421448669476
187,1550649600,184,289,105,473,8,0.7472970941183569,-0.5796955088677243
187,1550664000,656,878,222,1534,8,1.5421494578624275,1.2992971639693085
187,1550678400,688,668,-20,1356,8,-0.10190414919795776,0.9840655939740287
187,1550692800,812,471,-341,1283,8,-2.282652942034254,0.8547852309984365
187,1550707200,173,145,-28,318,8,-0.1562530287702019,-0.8541949097063106
187,1550721600,12,16,4,28,8,0.061142489518774656,-1.3677744338559237
187,1550736000,169,313,144,482,8,1.0122478820330472,-0.5637568339803225
187,1550750400,629,751,122,1380,8,0.8627884632093757,1.0265687270071002
187,1550764800,635,694,59,1329,8,0.4347910365779531,0.9362495693118233
187,1550779200,868,550,-318,1418,8,-2.126399913264052,1.0938653543094632
187,1550793600,212,166,-46,378,8,-0.27853800780775123,-0.747937077123632
187,1550808000,11,16,5,27,8,0.06793609946530517,-1.3695453977323018
187,1550822400,164,308,144,472,8,1.0122478820330472,-0.5814664727441022
187,1550836800,554,736,182,1290,8,1.2704050600012067,0.8671819781330823
187,1550851200,656,626,-30,1282,8,-0.16984024866326294,0.8530142671220585
187,1550865600,812,520,-292,1332,8,-1.9497660546542586,0.9415624609409573
187,1551484800,7107,9940,2833,17047,9,4.02542056251314,4.101664280462659
187,1551499200,13,14,1,27,9,-0.34006903635229613,-0.35205553169833814
187,1551513600,10,40,30,50,9,-0.2953659295842532,-0.3460369914116341
187,1551528000,79,456,377,535,9,0.23952986519198494,-0.2191242940615704
187,1551542400,247,528,281,775,9,0.09154716692536,-0.15632213454813684
187,1551556800,246,328,82,574,9,-0.2152086346898313,-0.20891894314063747
187,1551571200,62,115,53,177,9,-0.25991174145787427,-0.31280418200244214
187,1551585600,15,24,9,39,9,-0.3277371448300774,-0.34891542372266643
187,1551600000,23,22,-1,45,9,-0.34315200923285083,-0.3473453697348306
187,1551614400,59,303,244,362,9,0.03451216863509829,-0.2643941840441704
187,1551628800,207,480,273,687,9,0.07921527540314124,-0.17934959303639583
187,1551643200,252,252,0,504,9,-0.3416105227925735,-0.22723623966538892
187,1551657600,33,64,31,97,9,-0.2938244431439758,-0.3337382351735867
187,1551672000,8,8,0,16,9,-0.3416105227925735,-0.3549339640093705
187,1551686400,143,212,69,355,9,-0.2352479584134368,-0.2662259136966456
187,1551700800,598,619,21,1217,9,-0.3092393075467493,-0.04066149077756336
187,1551715200,522,443,-79,965,9,-0.46338795157448354,-0.10660375826666861
187,1551729600,733,498,-235,1231,9,-0.7038598362577491,-0.03699803147261307
187,1551744000,177,119,-58,296,10,-0.453987310525113,-0.34023263775144136
187,1551758400,6,8,2,14,10,-0.0022352316403154047,-0.8618976319013023
187,1551772800,220,342,122,562,10,0.9012689261292797,0.15183434254594524
187,1551787200,717,672,-45,1389,10,-0.3561076934334068,1.6816816835457147
187,1551801600,608,439,-169,1047,10,-1.2897286564619885,1.049024137449075
187,1551816000,853,629,-224,1482,10,-1.7038347287730529,1.853720139063222
187,1551830400,175,166,-9,341,10,-0.08505644610252829,-0.25698822379135716
187,1551844800,8,15,7,23,10,0.035410774933417724,-0.8452487491092855
187,1551859200,212,302,90,514,10,0.6603344840573877,0.06304030098852209
187,1551873600,698,777,79,1475,10,0.5775132695951748,1.8407710080027646
187,1551888000,680,517,-163,1197,10,-1.2445534485735088,1.3265055173160223
187,1551898341,754,594,-160,1348,10,-1.2219658446292687,1.605836773048749
187,1551898422,4,2,-2,6,10,-0.03235203689930191,-0.8766966388275395
187,1551898503,2,0,-2,2,10,-0.03235203689930191,-0.884096142290658
187,1551898583,3,0,-3,3,10,-0.039881238214048535,-0.8822462664248785
187,1551899903,65,73,8,138,10,0.042939976248164355,-0.6325130245446259
187,1551899985,4,15,11,19,10,0.06552758019240423,-0.8526482525724041
187,1551900063,4,6,2,10,10,-0.0022352316403154047,-0.8692971353644209
187,1551900144,2,0,-2,2,10,-0.03235203689930191,-0.884096142290658
187,1551900227,1,3,2,4,10,-0.0022352316403154047,-0.8803963905590988
187,1551900309,568,182,-386,750,10,-2.923565341762006,0.4996110053125192
187,1551900390,1,0,-1,1,10,-0.024822835584555284,-0.8859460181564377
187,1551900474,0,0,0,0,10,-0.017293634269808657,-0.8877958940222174
187,1551900552,1,0,-1,1,10,-0.024822835584555284,-0.8859460181564377
187,1551900633,4,4,0,8,10,-0.017293634269808657,-0.8729968870959802
187,1551900714,3,1,-2,4,10,-0.03235203689930191,-0.8803963905590988
187,1551901503,41,50,9,91,10,0.05046917756291098,-0.7194571902362693
187,1551901586,1,9,8,10,10,0.042939976248164355,-0.8692971353644209
187,1551901664,3,4,1,7,10,-0.009764432955062031,-0.8748467629617598
187,1551901745,3,0,-3,3,10,-0.039881238214048535,-0.8822462664248785
187,1551901826,4,0,-4,4,10,-0.04741043952879516,-0.8803963905590988
187,1551901907,2,0,-2,2,10,-0.03235203689930191,-0.884096142290658
187,1551901987,2,0,-2,2,10,-0.03235203689930191,-0.884096142290658
187,1551902400,23,16,-7,39,10,-0.06999804347303504,-0.8156507352568111
187,1551916800,216,179,-37,395,10,-0.2958740829154338,-0.15709492703925612
187,1551931200,11,13,2,24,10,-0.0022352316403154047,-0.8433988732435058
187,1551945600,213,318,105,531,10,0.773272503778587,0.09448819070677612
187,1551960000,673,738,65,1411,10,0.472104451188722,1.722378952592867
187,1551974400,596,501,-95,1097,10,-0.7325677591707381,1.1415179307380574
187,1551988800,899,665,-234,1564,10,-1.7791267419205192,2.005409960057153
187,1552003200,200,160,-40,360,10,-0.3184616868596737,-0.2218405823415438
187,1552017600,12,17,5,29,10,0.020352372303924473,-0.8341494939146076
187,1552032000,211,343,132,554,10,0.976560939276746,0.13703533561970804
187,1552046400,656,836,180,1492,10,1.337962602384584,1.8722188977210186
187,1552060800,630,584,-46,1214,10,-0.36363689474815347,1.3579534070342762
187,1552075200,911,610,-301,1521,10,-2.283583230008543,1.9258652978286284
187,1552089600,169,166,-3,335,10,-0.039881238214048535,-0.268087478986035
187,1552104000,16,22,6,38,10,0.0278815736186711,-0.8175006111225908
187,1552118400,9,44,35,53,10,0.24622841174632326,-0.789752473135896
187,1552132800,81,350,269,431,10,2.008061519397034,-0.09049939587118876
187,1552147200,319,620,301,939,10,2.2489959614689257,0.8492375439448728
187,1552161600,341,351,10,692,10,0.0579983788776576,0.3923182050972996
187,1552176000,87,132,45,219,10,0.3215204248937895,-0.4826730794164743
187,1552194000,20,29,9,49,10,0.05046917756291098,-0.7971519765990146
187,1552208400,18,46,28,64,10,0.19352400254309687,-0.7694038386123199
187,1552222800,101,653,552,754,10,4.138825491470329,0.5070105087756378
187,1552237200,387,555,168,942,10,1.2476121866076244,0.8547871715422117
187,1552251600,247,190,-57,437,10,-0.4464581092103663,-0.07940014067651086
187,1552266000,35,61,26,96,10,0.1784655999136036,-0.7102078109073711
187,1552280400,6,6,0,12,10,-0.017293634269808657,-0.8655973836328615
187,1552294800,482,520,38,1002,10,0.2688160156905631,0.9657797234889907
187,1552309200,469,609,140,1078,10,1.036794549794719,1.1063702892882439
187,1552323600,764,510,-254,1274,10,-1.9297107682154517,1.4689459589810552
187,1552338000,656,658,2,1314,10,-0.0022352316403154047,1.5429409936122411
187,1552352400,119,91,-28,210,11,-0.18979010187606957,-1.0269373618047217
187,1552366800,9,10,1,19,11,-0.018810557434462517,-1.3291639197472516
187,1552381200,479,557,78,1036,11,0.4351696122898045,0.2800738259467423
187,1552395600,517,729,212,1246,11,1.2252130245372301,0.6123648058835552
187,1552410000,851,587,-264,1438,11,-1.5812098428491477,0.9161737018257842
187,1552424400,663,614,-49,1277,11,-0.3136028754372333,0.6614172838742276
187,1552438800,127,119,-8,246,11,-0.07187317467496125,-0.9699731938155538
187,1552453200,4,7,3,11,11,-0.007018864714351687,-1.3418226237448445
187,1552467600,492,547,55,1039,11,0.29956514600852996,0.2848208399458396
187,1552482000,527,601,74,1128,11,0.41158622684958285,0.42564892191906034
187,1552496400,786,554,-232,1340,11,-1.3925427593273745,0.7611045778552714
187,1552510800,661,536,-125,1197,11,-0.761687198801445,0.5348302438982988
187,1552525200,142,127,-15,269,11,-0.11314409919534917,-0.9335794198224744
187,1552539600,14,8,-6,22,11,-0.06008148195485042,-1.3244169057481543
187,1552554000,484,570,86,1054,11,0.4823363831702478,0.30855590994132626
187,1552568400,534,744,210,1278,11,1.2134213318171192,0.6629996218739267
187,1552582800,818,575,-243,1393,11,-1.457397069287984,0.8449684918393242
187,1552597200,705,615,-90,1320,11,-0.5553325761995054,0.7294578178612893
187,1552611600,167,141,-26,308,11,-0.17799840915595874,-0.8718682378342091
187,1552626000,6,11,5,17,11,0.004772828005759145,-1.3323285957466497
187,1552640400,455,583,128,1038,11,0.7299619302925753,0.28323850194614053
187,1552654800,487,767,280,1254,11,1.6261305770209984,0.6250235098811481
187,1552669200,937,778,-159,1715,11,-0.9621459750433291,1.3544813277424372
187,1552683600,746,533,-213,1279,11,-1.2805216784863216,0.6645819598736258
187,1552698000,1497,1414,-83,2911,11,-0.5140616516791174,3.246957575382572
187,1552712400,10,18,8,28,11,0.02246036708592539,-1.3149228777499595
187,1552726800,50,130,80,180,11,0.4469613050099153,-1.074407501795695
187,1552741200,328,598,270,926,11,1.5671721134204442,0.10601664597984031
187,1552755600,776,616,-160,1392,11,-0.9680418214033846,0.8433861538396251
187,1552770000,575,339,-236,914,11,-1.4161261447675961,0.08702858998345099
187,1552784400,143,128,-15,271,11,-0.11314409919534917,-0.9304147438230761
187,1552798800,15,26,11,41,11,0.04014790616609164,-1.2943524837538711
187,1552813200,55,80,25,135,11,0.12268975520686747,-1.1456127117821548
187,1552827600,264,693,429,957,11,2.504611684669255,0.15506912397051267
187,1552842000,591,1052,461,1643,11,2.693278768191029,1.2405529917641014
187,1552856400,360,277,-83,637,11,-0.5140616516791174,-0.3512790359332022
187,1552870800,121,85,-36,206,11,-0.2369568727565129,-1.0332667138035183
187,1552885200,8,6,-2,14,11,-0.036498096514628764,-1.3370756097457472
187,1552899600,447,468,21,915,11,0.0991063697666458,0.08861092798315011
187,1552914000,476,711,235,1187,11,1.3608174908185047,0.5190068639013078
187,1552928400,850,596,-254,1446,11,-1.5222513792485937,0.928832405823377
187,1552942800,655,486,-169,1141,11,-1.0211044386438832,0.44621931591514874
187,1552957200,130,71,-59,201,12,-0.31521824763967854,-1.050236893337479
187,1552971600,6,10,4,16,12,0.020152674457060267,-1.3976184718667972
187,1552986000,473,467,-6,940,12,-0.03308080524083478,0.3374116825174727
187,1553000400,510,747,237,1257,12,1.2604927514180149,0.9326547116731151
187,1553014800,831,619,-212,1450,12,-1.1296904870174727,1.2950581963009984
187,1553029200,607,516,-91,1123,12,-0.48556538267294264,0.6810377845221496
187,1553043600,146,103,-43,249,12,-0.23004468012304646,-0.9601054567460884
187,1553058000,7,18,11,25,12,0.0574161102455868,-1.3807188275059115
187,1553072400,471,505,34,976,12,0.1798531135507454,0.4050102599610157
187,1553086800,493,652,159,1145,12,0.8452716097744334,0.7223480262932036
187,1553101200,764,512,-252,1276,12,-1.3426244058090528,0.9683317386572072
187,1553115600,627,501,-126,1128,12,-0.6718825616155752,0.6904264758337527
187,1553130000,122,88,-34,210,12,-0.18213454839494092,-1.0333372489765933
187,1553144400,9,13,4,22,12,0.020152674457060267,-1.3863520422928732
187,1553158800,464,495,31,959,12,0.1638830696413769,0.37308870950156486
187,1553173200,538,1024,486,1562,12,2.5860063958956014,1.5053648816809098
187,1553187600,918,720,-198,1638,12,-1.0551636154404196,1.6480729896172783
187,1553202000,647,525,-122,1172,12,-0.6505891697364172,0.7730469593758609
187,1553216400,116,78,-38,194,12,-0.20342794027409894,-1.0633810611737236
187,1553230800,8,7,-1,15,12,-0.006464065391887255,-1.3994962101291177
187,1553245200,405,439,34,844,12,0.1798531135507454,0.15714880933469144
187,1553259600,482,934,452,1416,12,2.405012564922758,1.2312150953820966
187,1553274000,871,551,-320,1422,12,-1.7046120677547392,1.2424815249560204
187,1553288400,707,542,-165,1249,12,-0.879493132437366,0.91763280557455
187,1553302800,148,138,-10,286,12,-0.05437419711999279,-0.8906291410402248
187,1553317200,12,12,0,24,12,-0.001140717422097751,-1.382596565768232
187,1553331600,53,129,76,182,12,0.4034337282819046,-1.085913920321571
187,1553346000,271,696,425,967,12,2.2612821697384415,0.38811061560012994
187,1553360400,695,576,-119,1271,12,-0.6346191258270487,0.958943047345604
187,1553374800,551,302,-249,853,12,-1.3266543618996844,0.1740484536955772
187,1553389200,149,134,-15,283,12,-0.08099093696894032,-0.8962623558271867
187,1553403600,11,17,6,28,12,0.030799370396639277,-1.3750856127189495
187,1553418000,47,91,44,138,12,0.23308659324864045,-1.1685344038636793
187,1553432400,250,650,400,900,12,2.128198470493704,0.2623021520246472
187,1553446800,653,582,-71,1235,12,-0.37909842327715254,0.8913444699020611
187,1553461200,409,218,-191,627,12,-1.0179001796518932,-0.2503203935888871
187,1553475600,88,83,-5,171,12,-0.027757457271045276,-1.106569041207098
187,1553490000,14,6,-8,20,12,-0.04372750118041378,-1.3901075188175145
187,1553504400,446,458,12,904,12,0.06273945821537631,0.26981310507392975
187,1553518800,428,700,272,1128,12,1.4468099303606474,0.6904264758337527
187,1553533200,795,495,-300,1290,12,-1.598145108358949,0.9946200743296961
187,1553547600,590,547,-43,1137,12,-0.23004468012304646,0.7073261201946385
187,1553562000,138,66,-72,204,13,-0.3171139874173816,-1.0427897335080856
187,1553576400,5,9,4,14,13,0.14132253787078963,-1.4005174470922366
187,1553590800,489,509,20,998,13,0.23783549056303627,0.4521355537856826
187,1553605200,535,783,248,1318,13,1.6131450664275502,1.0546243345589896
187,1553619600,761,515,-246,1276,13,-1.3666923479455635,0.9755476820824931
187,1553634000,623,529,-94,1152,13,-0.4498192973692207,0.7420832795328366
187,1553648400,127,98,-29,225,13,-0.05773542705696895,-1.0032514072698373
187,1553662800,6,11,5,17,13,0.14735459741405504,-1.394869114772487
187,1553677200,486,515,29,1001,13,0.29212402645242497,0.45778388610543236
187,1553691600,527,822,295,1349,13,1.8966518649610247,1.1129904351964037
187,1553706000,807,514,-293,1321,13,-1.6501991464790375,1.0602726668787394
187,1553720400,647,508,-139,1155,13,-0.7212619768161642,0.7477316118525864
187,1553734800,110,100,-10,210,13,0.05687370426507388,-1.0314930688685862
187,1553749200,7,13,6,20,13,0.15338665695732046,-1.3892207824527372
187,1553763600,464,515,51,979,13,0.424829336404264,0.4163627824272675
187,1553778000,531,618,87,1149,13,0.6419834799618188,0.7364349472130869
187,1553792400,800,614,-186,1414,13,-1.0047687753496386,1.2353709687909817
187,1553806800,686,601,-85,1287,13,-0.395530761479832,0.9962582339215755
187,1553821200,119,97,-22,216,13,-0.015511010254111068,-1.0201964042290865
187,1553835600,10,12,2,22,13,0.1292584187842588,-1.385455227572904
187,1553850000,387,495,108,882,13,0.7686567303703925,0.2337333707553588
187,1553864400,533,762,229,1295,13,1.4985359351055072,1.0113204534409082
187,1553878800,887,659,-228,1546,13,-1.258115276166786,1.483897590859971
187,1553893200,674,463,-211,1137,13,-1.155570263931274,0.7138416179340878
187,1553907600,153,125,-28,278,13,-0.05170336751370354,-0.9034642029542583
187,1553922000,9,15,6,24,13,0.15338665695732046,-1.3816896726930707
187,1553936400,46,111,65,157,13,0.5092781700099798,-1.1312802731841651
187,1553950800,301,561,260,862,13,1.6855297809467351,0.1960778219570271
187,1553965200,728,590,-138,1318,13,-0.7152299172728989,1.0546243345589896
187,1553979600,601,249,-352,850,13,-2.0060906595316967,0.1734844926780281
187,1553994000,151,100,-51,251,13,-0.190440737008808,-0.9542991938320061
187,1554008400,12,13,1,25,13,0.1232263592409934,-1.3798068952531541
187,1554022800,33,82,49,115,13,0.4127652173177332,-1.2103569256606617
187,1554037200,248,732,484,980,13,3.0367111186381877,0.4182455598671841
187,1554051600,651,494,-157,1145,13,-0.8298390485949417,0.7289038374534206
187,1554066000,388,163,-225,551,13,-1.2400190975369898,-0.3894659618570307
187,1554080400,71,59,-12,130,13,0.04480958517854305,-1.1821152640619128
187,1554094800,9,4,-5,13,13,0.08703400198140093,-1.4024002245321532
187,1554109200,566,540,-26,1106,13,-0.039639248427172716,0.6554755172966737
187,1554123600,492,681,189,1173,13,1.2572535533748908,0.781621605771085
187,1554138000,767,581,-186,1348,13,-1.0047687753496386,1.1111076577564871
187,1554152400,738,579,-159,1317,13,-0.8419031676814726,1.052741557119073
187,1554166800,90,97,7,187,14,0.06632284799809567,-0.5551987837142573
187,1554181200,12,6,-6,18,14,0.0007418663087035328,-0.6754963896278334
187,1554195600,486,584,98,1070,14,0.5253897198238405,0.07333841168034401
187,1554207892,604,611,7,1215,14,0.06632284799809567,0.17655233391388558
187,1554210000,189,548,359,737,14,1.842054044510867,-0.1636976993801342
187,1554224400,989,533,-456,1522,14,-2.269369038324101,0.3950811209876598
187,1554238800,693,518,-175,1211,14,-0.8518108956533942,0.1737050533005465
187,1554253200,110,118,8,228,14,0.07136753889727968,-0.5260141574275318
187,1554267600,8,7,-1,15,14,0.025965320804623583,-0.6776318500878377
187,1554282000,460,559,99,1019,14,0.5304344107230246,0.037035583860270775
187,1554296400,576,646,70,1222,14,0.38413837464668826,0.18153507498722896
187,1554310800,799,507,-292,1306,14,-1.4420397308579236,0.24132796786734959
187,1554325200,686,566,-120,1252,14,-0.5743528961982737,0.20288967958727205
187,1554339600,133,95,-38,228,14,-0.1606882424651848,-0.5260141574275318
187,1554354000,5,7,2,12,14,0.04109939350217562,-0.679767310547842
187,1554382800,992,1304,312,2296,14,1.6049535722492188,0.9460299196687713
187,1554512400,4319,3982,-337,8301,14,-1.6690508213212039,5.220509940444062
187,1554526800,12,9,-3,21,14,0.015875939006255564,-0.6733609291678291
187,1554541200,53,135,82,188,14,0.4446746654368964,-0.5544869635609226
187,1554555600,304,537,233,841,14,1.206422991213682,-0.08966840343331818
187,1554570000,653,1083,430,1736,14,2.200227098352932,0.5474106338013004
187,1554584400,622,240,-382,862,14,-1.8960619117844844,-0.07472018021328802
187,1554598800,139,92,-47,231,14,-0.2060904605578409,-0.5238786969675275
187,1554613200,12,19,7,31,14,0.06632284799809567,-0.6662427276344813
187,1554627600,31,67,36,98,14,0.21261888407443197,-0.6185507773610518
187,1554642000,230,435,205,665,14,1.0651716460365297,-0.2149487504202376
187,1554656400,539,424,-115,963,14,-0.5491294417023536,-0.0028263447264763094
187,1554670800,362,174,-188,536,14,-0.9173918773427863,-0.30677355020042285
187,1554685200,83,51,-32,134,14,-0.13042009707008073,-0.5929252518410001
187,1554699600,8,18,10,26,14,0.0814569206956477,-0.6698018284011552
187,1554714000,439,561,122,1000,14,0.6464623014042569,0.02351100094691016
187,1554728400,457,714,257,1171,14,1.327495572794098,0.14523224716715571
187,1554742800,728,540,-188,1268,14,-0.9173918773427863,0.21427880204062835
187,1554757200,720,547,-173,1267,14,-0.8417215138550261,0.2135669818872936
187,1554771600,137,90,-47,227,15,-0.16989977054685015,-0.7977796672764453
187,1554786000,8,14,6,22,15,0.08388106437164568,-1.1597332135094451
187,1554792719,35,45,10,80,15,0.10303433493153216,-1.0573268443313282
187,1554792720,15,86,71,101,15,0.3951217109698009,-1.0202486761806306
187,1554792805,2,0,-2,2,15,0.04557452325187273,-1.1950457546053475
187,1554792806,1,3,2,4,15,0.06472779381175921,-1.1915145004957572
187,1554792892,7,27,20,34,15,0.15091751133124834,-1.1385456888519037
187,1554800400,463,498,35,961,15,0.22274227593082263,0.49819059094317336
187,1554814800,715,800,85,1515,15,0.46215815792940357,1.4763479792996703
187,1554819241,169,224,55,393,15,0.318508628730255,-0.5046855761804553
187,1554829200,660,363,-297,1023,15,-1.3669791805397549,0.6076594683404709
187,1554843600,731,639,-92,1370,15,-0.38537406434557303,1.2203320563543778
187,1554858000,124,78,-46,202,15,-0.16511145290687854,-0.8419203436463233
187,1554872400,6,10,4,16,15,0.07430442909170244,-1.1703269758382158
187,1554883473,46,147,101,193,15,0.5387712401689495,-0.8578109871394795
187,1554883554,223,371,148,594,15,0.7638221692476156,-0.14979453816663596
187,1554886800,269,207,-62,476,15,-0.24172453514642445,-0.3581385306324602
187,1554901200,521,722,201,1243,15,1.0176030041661115,0.9960974203953975
187,1554915600,673,519,-154,1192,15,-0.6822497580238134,0.9060504406008463
187,1554930000,719,664,-55,1383,15,-0.2082063116666231,1.2432852080667143
187,1554944400,149,125,-24,274,15,-0.05976846482750289,-0.7147951957010746
187,1554958800,10,9,-1,19,15,0.05036284089184435,-1.1650300946738306
187,1554972310,402,471,69,873,15,0.3855450756898577,0.34281541012120276
187,1554973200,138,285,147,423,15,0.7590338516076439,-0.45171676453660164
187,1554978371,268,258,-10,526,15,0.0072679821320997765,-0.2698571778927042
187,1554987600,275,552,277,827,15,1.3815151448039547,0.26159656560062716
187,1555002000,793,597,-196,1390,15,-0.8833590989026214,1.2556445974502801
187,1555016400,729,648,-81,1377,15,-0.3327025703058852,1.2326914457379436
187,1555030800,147,116,-31,263,15,-0.09328668830730423,-0.734217093303821
187,1555045200,10,18,8,28,15,0.09345769965158893,-1.1491394511806743
187,1555058435,308,456,148,764,15,0.7638221692476156,0.15036206114853456
187,1555059600,135,259,124,394,15,0.6489025458882968,-0.5029199491256602
187,1555059685,121,107,-14,228,15,-0.0118852884277867,-0.7960140402216502
187,1555074000,523,761,238,1284,15,1.1947707568450614,1.0684881296419975
187,1555088400,1039,648,-391,1687,15,-1.817081038697087,1.7800358327244312
187,1555102800,780,488,-292,1268,15,-1.3430375923398967,1.0402380967652756
187,1555117200,1209,394,-815,1603,15,-3.847327718045054,1.6317231601216409
187,1555131600,10,11,1,21,15,0.05993947617178759,-1.1614988405642401
187,1555146000,44,157,113,201,15,0.5962310518486089,-0.8436859707011185
187,1555151271,90,130,40,220,15,0.24668386413068072,-0.8101390566600112
187,1555160400,245,666,421,911,15,2.071032884959868,0.40990923820341735
187,1555172133,564,392,-172,956,15,-0.7684394755433025,0.4893624556691978
187,1555174800,498,576,78,1074,15,0.42863993444960224,0.697706448135022
187,1555189200,645,298,-347,943,15,-1.6063950625383359,0.4664093039568612
187,1555203600,142,125,-17,267,15,-0.02625024134770156,-0.7271545850846405
187,1555218000,14,28,14,42,15,0.12218760549141863,-1.1244206724135426
187,1555232400,26,77,51,103,15,0.2993553581703685,-1.0167174220710402
187,1555246800,281,627,346,908,15,1.7119090619619963,0.404612357039032
187,1555261200,707,480,-227,1187,15,-1.0317969457417415,0.8972223053268706
187,1555275600,419,225,-194,644,15,-0.8737824636226782,-0.061513185426879925
187,1555290000,91,64,-27,155,15,-0.07413341774741775,-0.924904815221694
187,1555304400,8,5,-3,13,15,0.04078620561190111,-1.1756238570026012
187,1555318800,484,563,79,1047,15,0.43342825208957386,0.6500345176555538
187,1555333200,694,1290,596,1984,15,2.908988471954901,2.304427067998582
187,1555347600,1073,713,-360,1786,15,-1.6686431918579667,1.9548329111491478
187,1555362000,735,559,-176,1294,15,-0.7875927461031891,1.0861444001899485
187,1555376400,145,66,-79,211,16,-0.35855969842352625,-0.9846271722277491
187,1555390800,8,7,-1,15,16,-0.11039436030703696,-1.2614817064085548
187,1555405200,543,567,24,1110,16,-0.030854187833803223,0.28523112485666063
187,1555419600,527,829,302,1356,16,0.853632530068556,0.6327118157162434
187,1555434000,873,566,-307,1439,16,-1.083966071379418,0.749951235803013
187,1555448400,824,581,-243,1405,16,-0.8803432298479397,0.7019254492614447
187,1555462800,139,131,-8,270,16,-0.1326656085995424,-0.9012883073467923
187,1555477200,6,8,2,14,16,-0.10084953961024891,-1.2628942295421304
187,1555487283,20,77,57,97,16,0.07413883983086532,-1.1456548094553607
187,1555491600,520,614,94,1134,16,0.19185829509125127,0.3191316800624736
187,1555506000,585,983,398,1568,16,1.1590667923657736,0.9321667200342576
187,1555520400,939,643,-296,1582,16,-1.0489683954911952,0.9519420439043152
187,1555534800,826,643,-183,1469,16,-0.6894468159121786,0.7923269298102793
187,1555549200,164,126,-38,290,16,-0.2281138155674229,-0.8730378446752816
187,1555563600,5,6,1,11,16,-0.10403114650917826,-1.267131798942857
187,1555578000,471,546,75,1017,16,0.13140776401159363,0.1538664734341355
187,1555592400,654,1466,812,2120,16,2.4762520485225243,1.7118794897679552
187,1555606800,1080,777,-303,1857,16,-1.0712396437837006,1.3403859056375884
187,1555621200,855,563,-292,1418,16,-1.0362419678954777,0.7202882499979267
187,1555635600,167,139,-28,306,16,-0.1962977465781294,-0.850437474538073
187,1555650000,12,11,-1,23,16,-0.11039436030703696,-1.2501815213399505
187,1555664400,271,345,74,616,16,0.12822615711266427,-0.4125553031296557
187,1555678800,533,1257,724,1790,16,2.1962706414167417,1.2457468556880273
187,1555693200,1058,878,-180,1936,16,-0.6799019952153906,1.4519752331900562
187,1555707600,790,510,-280,1300,16,-0.9980626851083256,0.5536105202360131
187,1555722000,216,101,-115,317,16,-0.4730975467849829,-0.834899720068742
187,1555736400,9,19,10,28,16,-0.07539668441881411,-1.2431189056720728
187,1555750800,48,118,70,166,16,0.11549972951694687,-1.0481907132386483
187,1555765200,498,1677,1179,2175,16,3.6439017804295957,1.78956826211461
187,1555779600,882,889,7,1771,16,-0.08494150511560217,1.2189089161500921
187,1555794000,675,217,-458,892,16,-1.5643887131177499,-0.0226989182628069
187,1555808400,163,109,-54,272,16,-0.2790195259502925,-0.8984632610796413
187,1555822800,11,20,9,31,16,-0.07857829131774346,-1.2388813362713462
187,1555837200,42,82,40,124,16,0.020051522549066374,-1.1075166848488212
187,1555851600,318,616,298,934,16,0.8409061024728386,0.03662705334736575
187,1555866000,596,481,-115,1077,16,-0.4730975467849829,0.23861786144866787
187,1555880400,500,259,-241,759,16,-0.8739800160500809,-0.21056449502835362
187,1555894800,93,78,-15,171,16,-0.15493685689204786,-1.0411280975707706
187,1555909200,10,9,-1,19,16,-0.11039436030703696,-1.2558316138742527
187,1555923600,415,479,64,894,16,0.09641008812337076,-0.01987387199565582
187,1555938000,525,1189,664,1714,16,2.005374227480981,1.1383950975362864
187,1555952400,1041,1026,-15,2067,16,-0.15493685689204786,1.6370157636884517
187,1555966800,742,540,-202,1282,16,-0.7498973469918363,0.5281851038316534
187,1555981200,110,69,-41,179,17,-0.22706587337162934,-1.0061856411805032
187,1555995600,5,7,2,12,17,-0.044020013798078975,-1.268933147893405
187,1556010000,427,504,77,931,17,0.27524602034183443,0.1769648082093291
187,1556011392,23,54,31,77,17,0.07942951940268754,-1.1666661542626349
187,1556024400,523,875,352,1398,17,1.4458881455215171,0.9117138239873235
187,1556038800,923,754,-169,1677,17,-0.7719465716370816,1.3506752274178597
187,1556053200,748,568,-180,1316,17,-0.8187722566442689,0.7827000781761981
187,1556067600,170,112,-58,282,17,-0.29943284111000973,-0.8441317897348215
187,1556082000,14,11,-3,25,17,-0.0653044160740732,-1.2484797491672508
187,1556096400,438,511,73,949,17,0.25821849852103906,0.20528489875323466
187,1556110800,498,845,347,1343,17,1.424603743245523,0.8251802139920564
187,1556125200,922,647,-275,1569,17,-1.223175899888159,1.1807546841544263
187,1556139600,817,545,-272,1362,17,-1.2104052585225626,0.8550736428995123
187,1556154000,138,113,-25,251,17,-0.15895578608844782,-0.892905279004881
187,1556168400,11,8,-3,19,17,-0.0653044160740732,-1.2579197793485528
187,1556182473,83,149,66,232,17,0.22842033533464715,-0.9227987079123369
187,1556182800,444,522,78,966,17,0.27950290079703327,0.23203165093358993
187,1556197200,513,942,429,1455,17,1.7736679405718283,1.001394110709691
187,1556211600,1006,721,-285,1727,17,-1.2657447044401475,1.4293421455953752
187,1556226000,702,552,-150,1254,17,-0.6910658429883035,0.685153099636079
187,1556240400,155,125,-30,280,17,-0.18024018836444203,-0.8472784664619221
187,1556254800,10,8,-2,18,17,-0.061047535618874355,-1.2594931177121031
187,1556269200,371,557,186,928,17,0.7392459899585087,0.17224479311867819
187,1556283600,695,1581,886,2276,17,3.7190623085977004,2.2931049071844947
187,1556298000,1224,977,-247,2201,17,-1.1039832471425914,2.1751045299182215
187,1556312400,742,430,-312,1172,17,-1.3806804767305163,0.5561393538249536
187,1556326800,153,116,-37,269,17,-0.21003835155083397,-0.8645851884609754
187,1556341200,12,17,5,29,17,-0.03124937243248244,-1.2421863957130497
187,1556355600,70,162,92,232,17,0.3390992271698171,-0.9227987079123369
187,1556370000,312,679,367,991,17,1.5097413523494998,0.27136511002234764
187,1556384400,700,577,-123,1277,17,-0.5761300706979346,0.721339881997736
187,1556398800,616,338,-278,954,17,-1.2359465412537556,0.21315159057098623
187,1556413200,172,133,-39,305,17,-0.21855211246123166,-0.8079450073731643
187,1556427600,13,21,8,34,17,-0.0184787310668859,-1.2343197038952982
187,1556442000,39,78,39,117,17,0.1134845630442783,-1.1037326197206225
187,1556456400,296,765,469,1061,17,1.943943158779782,0.3814987954708693
187,1556470800,667,588,-79,1255,17,-0.38882733066918546,0.6867264379996293
187,1556485200,423,191,-232,614,17,-1.0401300403146088,-0.3217834530361189
187,1556499600,78,67,-11,145,17,-0.09935945971566397,-1.0596791455412138
187,1556514000,4,8,4,12,17,-0.035506252887681285,-1.268933147893405
187,1556528400,509,610,101,1119,17,0.37741115126660674,0.47275242055678723
187,1556542800,497,671,174,1168,17,0.6881634244961224,0.5498460003707524
187,1556557200,834,484,-350,1318,17,-1.5424419340280726,0.7858467549032987
187,1556571600,629,587,-42,1216,17,-0.23132275382682818,0.6253662418211672
187,1556586000,132,102,-30,234,18,-0.18114486305228217,-1.070390258883299
187,1556600400,7,8,1,15,18,-0.02956991980416431,-1.454767927393043
187,1556614800,540,601,61,1141,18,0.2638009380954186,0.5215300394652755
187,1556629200,535,844,309,1379,18,1.4764004840803615,0.9392555422292896
187,1556643600,816,500,-316,1316,18,-1.5795459523736275,0.8286811444388152
187,1556658000,725,645,-80,1370,18,-0.4256205779686013,0.9234591996877932
187,1556672400,157,117,-40,274,18,-0.230040006035546,-1.0001842920322042
187,1556686800,8,11,3,19,18,-0.019790891207511548,-1.4477473307079334
187,1556701200,504,604,100,1108,18,0.45449199573014754,0.46361011681312236
187,1556715600,553,751,198,1304,18,0.933664396966133,0.8076193543834869
187,1556730000,794,568,-226,1362,18,-1.139489665524253,0.9094180063175743
187,1556744400,734,612,-122,1346,18,-0.6309801784983092,0.8813356195771364
187,1556758800,152,129,-23,281,18,-0.1469182629639975,-0.9878982478332625
187,1556773200,10,10,0,20,18,-0.034459434102490694,-1.445992181536656
187,1556787600,503,678,175,1181,18,0.8212055681046262,0.5917360063163704
187,1556802000,532,789,257,1321,18,1.2221457405673897,0.8374568902952021
187,1556816400,864,574,-290,1438,18,-1.4524185806171415,1.0428093433346544
187,1556830800,812,642,-170,1454,18,-0.8656768648179756,1.0708917300750924
187,1556845200,163,173,10,336,18,0.01443570888077313,-0.8913650434130072
187,1556859600,7,13,6,20,18,-0.0051223483125324,-1.445992181536656
187,1556874000,485,564,79,1049,18,0.35181219546529346,0.36005631570775753
187,1556888400,520,818,298,1338,18,1.4226158267987712,0.8672944262069174
187,1556902800,885,653,-232,1538,18,-1.1688267513142112,1.2183242604623914
187,1556917200,815,607,-208,1422,18,-1.0514784081543782,1.0147269565942165
187,1556931600,183,159,-24,342,18,-0.15180777726232386,-0.880834148385343
187,1556946000,13,15,2,28,18,-0.02468040550583793,-1.4319509881664372
187,1556960400,69,136,67,205,18,0.2931380238853769,-1.1212895848503426
187,1556974800,300,713,413,1013,18,1.9849099711063052,0.29687094554177224
187,1556989200,641,642,1,1283,18,-0.02956991980416431,0.7707612217866621
187,1557003600,619,281,-338,900,18,-1.687115266936808,0.09853908918742943
187,1557018000,150,158,8,308,18,0.004656680284120365,-0.9405092202087736
187,1557032400,13,27,14,40,18,0.03399376607407866,-1.4108891981111087
187,1557046800,44,92,48,136,18,0.20023725221717564,-1.2423948776684812
187,1557061200,333,1092,759,1425,18,3.6766819183272337,1.0199924041080486
187,1557075600,815,816,1,1631,18,-0.02956991980416431,1.3815531333911868
187,1557090000,494,246,-248,740,18,-1.2470589800874334,-0.18228477821694974
187,1557104400,87,65,-22,152,18,-0.1420287486656711,-1.2143124909280432
187,1557118800,8,9,1,17,18,-0.02956991980416431,-1.4512576290504882
187,1557133200,491,613,122,1104,18,0.562061310293328,0.4565895201280129
187,1557147600,515,632,117,1147,18,0.537613738801696,0.5320609344929398
187,1557162000,773,586,-187,1359,18,-0.9487986078895241,0.9041525588037422
187,1557176400,772,574,-198,1346,18,-1.0025832651711144,0.8813356195771364
187,1557190800,203,118,-85,321,19,-0.34655941580741334,-0.91837641238797
187,1557205200,7,9,2,16,19,0.08800753867449757,-1.4429172471788516
187,1557219600,510,635,125,1145,19,0.7023953019075441,0.4987437445552646
187,1557234000,561,665,104,1226,19,0.5974998301360482,0.6380480318275971
187,1557248400,820,565,-255,1385,19,-1.195713234909998,0.9114971883251387
187,1557262800,788,700,-88,1488,19,-0.3615444832033413,1.088637207943043
187,1557277200,148,138,-10,286,19,0.028067269090785704,-0.9785696229377433
187,1557291600,5,9,4,14,19,0.0979975836051162,-1.4463568592102674
187,1557306000,522,569,47,1091,19,0.312783549613417,0.4058742197070429
187,1557320400,565,650,85,1215,19,0.5025944032951712,0.6191301656548112
187,1557334800,786,544,-242,1330,19,-1.1307779428609768,0.8169078574612092
187,1557349200,814,641,-173,1455,19,-0.7861213927546336,1.0318836094246853
187,1557363600,194,158,-36,352,19,-0.10180331500725663,-0.8650624259010279
187,1557378000,8,10,2,18,19,0.08800753867449757,-1.439477635147436
187,1557392400,506,643,137,1149,19,0.7623355714912559,0.5056229686180959
187,1557406800,575,789,214,1364,19,1.1469523013200735,0.8753812619952748
187,1557421200,896,578,-318,1474,19,-1.5103996502244852,1.0645599237231338
187,1557435600,769,618,-151,1387,19,-0.6762308985178285,0.9149368003565543
187,1557450000,189,134,-55,323,19,-0.19670874184813372,-0.9149368003565543
187,1557464400,8,10,2,18,19,0.08800753867449757,-1.439477635147436
187,1557478800,432,645,213,1077,19,1.1419572788547643,0.38179693548713356
187,1557493200,567,908,341,1475,19,1.781320154414357,1.0662797297388416
187,1557507600,905,791,-114,1696,19,-0.4914150673013837,1.4463568592102674
187,1557522000,746,602,-144,1348,19,-0.6412657412606633,0.8478643657439497
187,1557536400,197,131,-66,328,19,-0.25165398896653624,-0.9063377702780153
187,1557550800,16,17,1,33,19,0.08301251620918824,-1.4136805449118188
187,1557565200,69,131,62,200,19,0.3877088865930568,-1.1264729402886149
187,1557579600,357,560,203,917,19,1.092007054201671,0.10662797297388416
187,1557594000,707,602,-105,1309,19,-0.44645986511359975,0.7807919311313453
187,1557608400,627,276,-351,903,19,-1.675235391579693,0.08255068875397482
187,1557622800,181,116,-65,297,19,-0.24665896650122693,-0.9596517567649574
187,1557637200,15,21,6,36,19,0.10798762853573485,-1.4085211268646955
187,1557651600,54,61,7,115,19,0.11298265100104417,-1.2726564516237786
187,1557666000,272,958,686,1230,19,3.504602904946073,0.6449272558904283
187,1557680400,1022,605,-417,1627,19,-2.004906874290108,1.3276902441264284
187,1557694800,481,202,-279,683,19,-1.3155937740774217,-0.2958066347017431
187,1557709200,93,83,-10,176,19,0.028067269090785704,-1.1677482846656022
187,1557723600,6,10,4,16,19,0.0979975836051162,-1.4429172471788516
187,1557738000,501,542,41,1043,19,0.2828134148215611,0.3233235309530681
187,1557752400,543,901,358,1444,19,1.8662355363246157,1.0129657432518995
187,1557766800,890,676,-214,1566,19,-0.9909173138323157,1.222782077168252
187,1557781200,728,606,-122,1334,19,-0.5313752470238582,0.8237870815240405
187,1557795600,146,87,-59,233,20,-0.17274554029756145,-1.096310371429783
187,1557810000,8,7,-1,15,20,0.1915905083300227,-1.4943048110162822
187,1557824400,499,604,105,1103,20,0.8574460454769868,0.49201606178239227
187,1557838800,530,630,100,1160,20,0.8260377654228848,0.5960788280962934
187,1557853200,828,630,-198,1458,20,-1.0458957258015993,1.1401262730356363
187,1557867600,719,589,-130,1308,20,-0.618743117065811,0.8662768879990543
187,1557882000,166,123,-43,289,20,-0.07223904412443478,-0.9940732676827926
187,1557896400,11,10,-1,21,20,0.1915905083300227,-1.483350835614819
187,1557910800,484,599,115,1083,20,0.920262605585191,0.45550281044418134
187,1557925200,552,631,79,1183,20,0.694122989195656,0.638069067135236
187,1557939600,760,585,-175,1345,20,-0.9014176375527297,0.9338264029747445
187,1557954000,794,615,-179,1409,20,-0.9265442615960114,1.0506688072570194
187,1557968400,162,162,0,324,20,0.19787216434084312,-0.9301750778409235
187,1557982800,9,20,11,29,20,0.2669703804598677,-1.4687455350795346
187,1557997200,496,592,96,1088,20,0.8009111413796031,0.46463112327873407
187,1558011600,582,626,44,1208,20,0.47426502881694144,0.6837106313079997
187,1558026000,855,572,-283,1427,20,-1.5798364867213346,1.0835307334614093
187,1558040400,785,541,-244,1326,20,-1.3348519022993384,0.8991388142034441
187,1558054800,202,127,-75,329,20,-0.27325203647068813,-0.9210467650063707
187,1558069200,13,10,-3,23,20,0.17902719630838188,-1.4796995104809978
187,1558083600,445,618,173,1063,20,1.2845986542127752,0.4189895591059704
187,1558098000,547,700,153,1247,20,1.1589655339963667,0.7549114714175109
187,1558112400,866,695,-171,1561,20,-0.876291013509448,1.3281695174274226
187,1558126800,826,603,-223,1429,20,-1.2029371260721098,1.0871820585952303
187,1558141200,209,143,-66,352,20,-0.21671713237330437,-0.8790565259674281
187,1558155600,12,17,5,29,20,0.2292804443949452,-1.4687455350795346
187,1558170000,68,138,70,206,20,0.6375880850982723,-1.145603260736368
187,1558184400,344,660,316,1004,20,2.1828754637600944,0.31127546765824815
187,1558198800,758,645,-113,1403,20,-0.511954964881864,1.0397148318555562
187,1558213200,696,304,-392,1000,20,-2.26453699190076,0.303972817390606
187,1558227600,190,135,-55,325,20,-0.14761891625427978,-0.9283494152740128
187,1558242000,20,18,-2,38,20,0.18530885231920227,-1.4523145719773396
187,1558256400,51,106,55,157,20,0.543363244935966,-1.2350607265149847
187,1558270800,296,599,303,895,20,2.101213935619429,0.11227824786499861
187,1558285200,708,581,-127,1289,20,-0.5998981490333497,0.8315892992277539
187,1558299600,565,311,-254,876,20,-1.3976684624075426,0.07759065909369822
187,1558314000,241,96,-145,337,20,-0.7129679572281172,-0.9064414644710863
187,1558328400,10,8,-2,18,20,0.18530885231920227,-1.4888278233155505
187,1558342800,509,589,80,1098,20,0.7004046452064764,0.48288774894783953
187,1558357200,518,824,306,1342,20,2.1200589036518904,0.9283494152740128
187,1558371600,866,658,-208,1524,20,-1.1087122859098035,1.2606200024517322
187,1558386000,819,634,-185,1453,20,-0.9642341976609339,1.1309979602010836
187,1558400400,165,105,-60,270,21,-0.251611063442862,-0.9816988613440824
187,1558414800,11,13,2,24,21,0.08284284630967126,-1.408930765451199
187,1558429200,498,635,137,1133,21,0.8110892627063163,0.5170862331455182
187,1558443600,508,777,269,1285,21,1.523152425405258,0.7810669218621106
187,1558458000,919,664,-255,1583,21,-1.3035225537935715,1.2986080089512195
187,1558472400,865,772,-93,1637,21,-0.42962685411759743,1.3923906220479036
187,1558486800,347,140,-207,487,21,-1.04459049463032,-0.6048316938999998
187,1558501200,18,6,-12,24,21,0.007320995720389556,-1.408930765451199
187,1558515600,508,597,89,1105,21,0.5521572035430647,0.4684582115398301
187,1558530000,570,683,113,1253,21,0.6816232331246905,0.7254920400270385
187,1558544400,827,690,-137,1517,21,-0.6669812416839114,1.1839848151663832
187,1558558800,852,764,-88,1616,21,-0.4026547646214254,1.3559196058436376
187,1558573200,380,143,-237,523,21,-1.206423031607352,-0.5423099518355436
187,1558587600,8,9,1,17,21,0.07744842841043685,-1.421087770852621
187,1558602000,481,568,87,1049,21,0.541368367744596,0.37120216832845393
187,1558616400,564,955,391,1519,21,2.1812714091118557,1.1874582452810754
187,1558630800,928,854,-74,1782,21,-0.3271329140321437,1.644214305363074
187,1558645200,755,617,-138,1372,21,-0.6723756595831458,0.9321611318512129
187,1558659600,291,119,-172,410,21,-0.8557858681571157,-0.738558753315642
187,1558674000,9,9,0,18,21,0.07205401051120244,-1.419351055795275
187,1558688400,378,561,183,939,21,1.059232486071099,0.1801635120203936
187,1558702800,526,826,300,1352,21,1.6903793802815246,0.8974268307042929
187,1558717200,1056,831,-225,1887,21,-1.1416900168165391,1.8265693863844044
187,1558731600,775,585,-190,1360,21,-0.952885390343335,0.9113205511630609
187,1558746000,397,112,-285,509,21,-1.4653550907706039,-0.5666239626383877
187,1558760400,10,20,10,30,21,0.12599818950354652,-1.3985104751071231
187,1558774800,51,137,86,188,21,0.5359739498453615,-1.1241094960464546
187,1558789200,294,647,353,941,21,1.9762835289409482,0.1836369421350856
187,1558803600,680,601,-79,1281,21,-0.35410500352831575,0.7741200616327266
187,1558818000,626,425,-201,1051,21,-1.0122239872349135,0.3746755984431459
187,1558832400,308,109,-199,417,21,-1.0014351514364446,-0.72640174791422
187,1558846800,16,20,4,36,21,0.09363168210814007,-1.3880901847630471
187,1558861200,34,114,80,148,21,0.503607442449955,-1.1935780983402948
187,1558875600,280,638,358,918,21,2.0032556184371204,0.14369249581612753
187,1558890000,677,674,-3,1351,21,0.05587075681349923,0.8956901156469468
187,1558904400,540,305,-235,845,21,-1.1956341958088834,0.016912296629869317
187,1558918800,266,84,-182,350,21,-0.9097300471494597,-0.8427616567564021
187,1558933200,12,21,9,33,21,0.12060377160431211,-1.393300329935085
187,1558947600,42,113,71,155,21,0.4550576813568454,-1.1814210929388727
187,1558962000,262,573,311,835,21,1.749717977173103,-0.00045485394359071383
187,1558976400,552,499,-53,1051,21,-0.21385013814822112,0.3746755984431459
187,1558990800,535,245,-290,780,21,-1.492327180266776,-0.09597418209762087
187,1559005200,125,83,-42,208,22,-0.22174412718740938,-1.1290419333877202
187,1559019600,8,6,-2,14,22,0.025784200835745275,-1.465955819974175
187,1559034000,481,570,89,1051,22,0.5889111470884221,0.33497047069671937
187,1559048400,524,1025,501,1549,22,3.1384529257269147,1.1998318909031855
187,1559062800,821,580,-241,1401,22,-1.4531975591026036,0.9428048021671273
187,1559077200,787,589,-198,1376,22,-1.1871046064777124,0.8993880642049553
187,1559091600,194,84,-110,278,22,-0.6425422848267722,-1.0074750670936385
187,1559106000,4,7,3,11,22,0.05672524183863961,-1.4711658285296354
187,1559120400,524,545,21,1069,22,0.1681129894490592,0.3662305220294832
187,1559134800,537,656,119,1193,22,0.7745573931057881,0.5815775423218563
187,1559149200,806,617,-189,1423,22,-1.1314107326725027,0.9810115315738386
187,1559163600,751,762,11,1513,22,0.10623090744327053,1.1373117882376578
187,1559178000,150,92,-58,242,22,-0.32075545839667124,-1.0699951697591663
187,1559192400,5,9,4,14,22,0.06291345003921847,-1.465955819974175
187,1559206800,514,568,54,1082,22,0.37232386006816176,0.38880722576981264
187,1559221200,550,713,163,1263,22,1.0468385539312581,0.7031444086159379
187,1559235600,850,682,-168,1532,22,-1.0014583604603464,1.1703085090889085
187,1559250000,810,669,-141,1479,22,-0.8343767390447171,1.078265024609104
187,1559264400,149,120,-29,269,22,-0.1412974205798841,-1.0231050927600205
187,1559278800,6,14,8,20,22,0.08766628284153394,-1.4555358028632535
187,1559293200,454,558,104,1012,22,0.6817342700971051,0.2672403594757311
187,1559307600,541,710,169,1251,22,1.0839678031347313,0.6823043743940953
187,1559322000,856,712,-144,1568,22,-0.8529413636464537,1.2328286117544363
187,1559336400,783,674,-109,1457,22,-0.6363540766261934,1.0400582952023925
187,1559350800,393,168,-225,561,22,-1.3541862278933419,-0.5159975933618517
187,1559365200,14,23,9,37,22,0.09385449104211281,-1.4260124210489766
187,1559379600,59,195,136,254,22,0.8797569325156287,-1.0491551355373236
187,1559394000,325,632,307,957,22,1.937940534814615,0.1717235359589527
187,1559408400,747,679,-68,1426,22,-0.3826375404024599,0.9862215401292993
187,1559422800,618,408,-210,1026,22,-1.261363104884659,0.2915537327345474
187,1559437200,329,141,-188,470,22,-1.1252225244719238,-0.6740345195441577
187,1559451600,19,16,-3,35,22,0.01959599263516641,-1.4294857600859503
187,1559466000,45,101,56,146,22,0.3847002764693195,-1.2367154435339067
187,1559480400,307,636,329,943,22,2.07408111522735,0.14741016270013638
187,1559494800,754,605,-149,1359,22,-0.8838824046493481,0.8698646823906783
187,1559509200,507,265,-242,772,22,-1.4593857673031825,-0.14956032496112004
187,1559523600,131,99,-32,230,22,-0.1598620451816207,-1.0908352039810087
187,1559538000,7,8,1,15,22,0.04434882543748187,-1.4642191504556878
187,1559552400,495,578,83,1073,22,0.5517818978849489,0.37317720010343075
187,1559566800,498,744,246,1242,22,1.560459834579304,0.6666743487277134
187,1559581200,865,739,-126,1604,22,-0.7415536160360341,1.2953487144199638
187,1559595600,807,809,2,1616,22,0.050537033638060745,1.3161887486418065
187,1559610000,380,175,-205,555,23,-0.7883054308023556,-0.5812738255103806
187,1559624400,16,10,-6,26,23,0.06149294801491831,-1.5040629829811785
187,1559638800,476,596,120,1072,23,0.5995562431454536,0.3205824966302667
187,1559653200,584,717,133,1301,23,0.6550707101033659,0.720050770847304
187,1559667600,839,613,-226,1452,23,-0.8779826466574449,0.9834556154183635
187,1559682000,792,778,-14,1570,23,0.02733019911774147,1.1892951628315094
187,1559696400,345,211,-134,556,23,-0.48511103433991115,-0.5795294225662014
187,1559710800,4,9,5,13,23,0.10846672774853647,-1.5267402212555081
187,1559725200,546,571,25,1117,23,0.19387359999147857,0.3990806291183308
187,1559739600,573,771,198,1344,23,0.9326430448929278,0.7950600974470097
187,1559754000,859,609,-250,1468,23,-0.9804708933489753,1.0113660625252308
187,1559768400,810,797,-13,1607,23,0.031600542729888575,1.2538380717661397
187,1559782800,292,132,-160,424,23,-0.5961399682557359,-0.8097906111978561
187,1559797200,8,10,2,18,23,0.09565569691209515,-1.518018206534612
187,1559811600,437,659,222,1096,23,1.0351312915844584,0.3624481672905676
187,1559826000,593,778,185,1371,23,0.8771285779350154,0.8421589769398481
187,1559831488,215,919,704,1134,23,3.093436912639363,0.42873547916937726
187,1559840400,923,682,-241,1605,23,-0.9420378008396514,1.2503492658777813
187,1559854800,828,721,-107,1549,23,-0.3698117568119393,1.152662701003746
187,1559869200,344,146,-198,490,23,-0.7584130255173259,-0.6946600168820287
187,1559883600,13,13,0,26,23,0.08711500968780095,-1.5040629829811785
187,1559898000,426,574,148,1000,23,0.7191258642855726,0.19498548464936422
187,1559912400,559,814,255,1373,23,1.1760526307853127,0.8456477828282065
187,1559926800,897,686,-211,1583,23,-0.8139274924752382,1.2119724011058388
187,1559941200,804,698,-106,1502,23,-0.36554141319979216,1.0706757626273236
187,1559955600,338,144,-194,482,23,-0.7413316510687374,-0.7086152404354623
187,1559970000,14,18,4,32,23,0.10419638413638936,-1.4935965653161032
187,1559984400,66,154,88,220,23,0.4629052475567462,-1.1656488118104134
187,1559998800,334,632,298,966,23,1.3596774061076382,0.13567578454727133
187,1560013200,683,520,-163,1203,23,-0.6089509990921772,0.5490992823177422
187,1560027600,692,302,-390,994,23,-1.5783189990495703,0.184519066984289
187,1560042000,338,126,-212,464,23,-0.8181978360873854,-0.740014493430688
187,1560056400,18,24,6,42,23,0.11273707136068357,-1.4761525358743113
187,1560070800,41,72,31,113,23,0.2194956616643612,-1.352299926837588
187,1560085200,257,585,328,842,23,1.4877877144720515,-0.08063018053094968
187,1560099600,600,516,-84,1116,23,-0.2715938537325559,0.3973362261741516
187,1560114000,526,348,-178,874,23,-0.6730061532743837,-0.024809286317215226
187,1560128400,295,114,-181,409,23,-0.685817184110825,-0.8359566553605441
187,1560142800,4,10,6,14,23,0.11273707136068357,-1.5249958183113288
187,1560157200,459,543,84,1002,23,0.4458238731081578,0.19847429053772261
187,1560171600,617,1212,595,1829,23,2.6279694589153286,1.6410955253739226
187,1560186000,1079,739,-340,1818,23,-1.364801818442215,1.6219070929879513
187,1560197928,732,142,-590,874,23,-2.432387721478991,-0.024809286317215226
187,1560198890,757,610,-147,1367,23,-0.5406255012978235,0.8351813651631312
187,1560200400,31,26,-5,57,23,0.06576329162706541,-1.4499864917116232
187,1560214800,251,96,-155,347,24,-0.585771831896319,-1.0583465849268097
187,1560229200,9,16,7,25,24,0.03804513344159631,-1.5545717587086736
187,1560243600,480,589,109,1069,24,0.4308187782839874,0.054307376161717026
187,1560258000,573,837,264,1410,24,1.0276806895640915,0.5798129173406472
187,1560272400,756,718,-38,1474,24,-0.13523735693004682,0.6784415233097134
187,1560286800,798,879,81,1677,24,0.3229985620527428,0.9912791328678449
187,1560301200,458,172,-286,630,24,-1.0902164149782134,-0.6222232179073457
187,1560315600,22,10,-12,32,24,-0.03511858471531968,-1.543784254930807
187,1560322184,35,77,42,112,24,0.1728204037306521,-1.4204984974694743
187,1560330000,466,482,16,948,24,0.07270163151592494,-0.13216233199854854
187,1560344400,618,642,24,1260,24,0.10350740758199484,0.3486521221006486
187,1560358800,815,571,-244,1386,24,-0.9284860906313466,0.5428271901022474
187,1560373200,882,1461,579,2343,24,2.2406581221655935,2.017633063733439
187,1560387600,980,163,-817,1143,24,-3.1349498013636024,0.16834670181344968
187,1560402000,13,8,-5,21,24,-0.008163530657508522,-1.5607360465817401
187,1560416400,460,540,80,1000,24,0.31914784004448404,-0.05202658964868235
187,1560430800,634,1162,528,1796,24,2.044271299744398,1.1746666970915771
187,1560445200,905,834,-71,1739,24,-0.2623111832025851,1.0868255949003776
187,1560459600,775,765,-10,1540,24,-0.027417140698802203,0.7801522732153128
187,1560474000,368,160,-208,528,24,-0.789860098334032,-0.7794125586705447
187,1560488400,10,12,2,22,24,0.018791523400302632,-1.5591949746134735
187,1560502800,381,492,111,873,24,0.4385202223005049,-0.24774272961854787
187,1560517200,544,735,191,1279,24,0.7465779829612038,0.37793248949771513
187,1560531600,923,724,-199,1647,24,-0.7552036002597035,0.9450469738198451
187,1560546000,802,741,-61,1543,24,-0.22380396311999776,0.7847754891201127
187,1561165200,7643,8017,374,15660,25,1.826279724200278,4.081620908876191
187,1561179600,20,32,12,52,25,0.09031492727992621,-0.4534883239261812
187,1561194000,70,218,148,288,25,0.7425005968411634,-0.38491542676181933
187,1561208400,388,633,245,1021,25,1.207662434689987,-0.17193265717928863
187,1561222800,801,661,-140,1462,25,-0.6385984681120447,-0.04379431968147685
187,1561237200,754,420,-334,1174,25,-1.5689221438096919,-0.12747649927188456
187,1561251600,411,162,-249,573,25,-1.1613061003339185,-0.30210493654214504
187,1561266000,21,34,13,55,25,0.09511041014434707,-0.4526166345554478
187,1561280400,48,172,124,220,25,0.6274090080950627,-0.40467371916511
187,1561294800,285,541,256,826,25,1.2604127461986163,-0.22859246627696053
187,1561309200,672,585,-87,1257,25,-0.38443787629773907,-0.10335976001492678
187,1561323600,631,362,-269,993,25,-1.257215757622336,-0.18006842463946718
187,1561338000,324,130,-194,454,25,-0.8975545427907712,-0.3366819482479038
187,1561352400,13,12,-1,25,25,0.02797365004245502,-0.46133352826278196
187,1561366800,449,492,43,941,25,0.23897489607697292,-0.195177707065513
187,1561381200,476,786,310,1262,25,1.5193688208773428,-0.10190694439703775
187,1561395600,798,580,-218,1378,25,-1.0126461315368718,-0.06820162206201243
187,1561410000,772,616,-156,1388,25,-0.7153261939427784,-0.06529599082623438
187,1561424400,138,124,-14,262,26,-0.03459225874190915,-0.9326055518631281
187,1561438800,7,13,6,20,26,0.05481542539102528,-1.2842397407245307
187,1561453200,454,469,15,923,26,0.09504888325084578,0.027849815233513247
187,1561467600,512,1102,590,1614,26,2.665519802072711,1.0318961974782623
187,1561482000,781,496,-285,1277,26,-1.2460663787431707,0.542223793981185
187,1561496400,1767,1346,-421,3113,26,-1.8540386308471248,3.2099939210453807
187,1561510800,129,170,41,299,26,0.21127887262366052,-0.8788432998471285
187,1561525200,11,16,5,27,26,0.05034504118437856,-1.274068503856639
187,1561539600,490,495,5,985,26,0.05034504118437856,0.11793791320626931
187,1561554000,615,731,116,1346,26,0.5465576881221647,0.6424831288218329
187,1561568400,796,670,-126,1466,26,-0.535275289886342,0.816847189414264
187,1561582800,872,696,-176,1568,26,-0.758794500218678,0.9650566409178304
187,1561597200,153,171,18,324,26,0.10846003587078594,-0.842517453890372
187,1561611600,7,30,23,37,26,0.13081195690401953,-1.2595381654739364
187,1561626000,440,502,62,942,26,0.3051569409632417,0.05545745816064817
187,1561640400,551,895,344,1446,26,1.5658052872376171,0.7877865126488588
187,1561654800,892,685,-207,1577,26,-0.8973764106247264,0.9781339454622627
187,1561669200,836,720,-116,1556,26,-0.4905714478198748,0.9476202348585873
187,1561683600,173,178,5,351,26,0.05034504118437856,-0.803285540257075
187,1561698000,8,17,9,25,26,0.06822657801096545,-1.2769745715331795
187,1561712400,378,468,90,846,26,0.4303276987493499,-0.0840337903132967
187,1561726800,501,954,453,1455,26,2.05307716576211,0.8008638171932911
187,1561741200,926,739,-187,1665,26,-0.807968726491792,1.1060009232300456
187,1561755600,900,672,-228,1572,26,-0.9912544789643076,0.9708687762709115
187,1561770000,193,139,-54,332,26,-0.21340762700777802,-0.8308931831842099
187,1561784400,17,31,14,48,26,0.09057849904419905,-1.2435547932529636
187,1561798800,59,126,67,185,26,0.3275088619964753,-1.044489157409938
187,1561813200,309,783,474,1092,26,2.146955234101691,0.273412533901187
187,1561827600,783,660,-123,1443,26,-0.5218641372664018,0.783427411134048
187,1561842000,520,258,-262,778,26,-1.143247541990296,-0.18284009131567433
187,1561856400,162,124,-38,286,26,-0.14188147970143047,-0.8977327397446418
187,1561870800,23,30,7,53,26,0.059285809597672004,-1.2362896240616124
187,1561885200,45,90,45,135,26,0.2291604094502474,-1.117140849323451
187,1561899600,282,621,339,903,26,1.5434533662043834,-0.0012108615318919378
187,1561914000,1131,696,-435,1827,26,-1.916624009740179,1.3413924050298276
187,1561928400,592,332,-260,924,26,-1.1343067735770027,0.029302849071783505
187,1561942800,122,132,10,254,26,0.07269696221761217,-0.9442298225692901
187,1561957200,11,17,6,28,26,0.05481542539102528,-1.2726154700183687
187,1561971600,358,427,69,785,26,0.3364496304097687,-0.17266885444778252
187,1561986000,483,844,361,1327,26,1.6418018187506114,0.614875485894698
187,1562000400,832,595,-237,1427,26,-1.031487936824128,0.7601788697217239
187,1562014800,853,585,-268,1438,26,-1.1700698472301765,0.7761622419426968
187,1562029200,149,107,-42,256,27,-0.3962856198039312,-0.8126044922022444
187,1562043600,8,6,-2,14,27,-0.25720898699202305,-1.244283374695508
187,1562058000,397,503,106,900,27,0.11829792160012902,0.3361607983996637
187,1562072400,507,936,429,1443,27,1.2413417315562874,1.3047625884568625
187,1562086800,906,662,-244,1568,27,-1.0986226155040675,1.5277372178438788
187,1562101200,730,494,-236,1224,27,-1.0708072889416858,0.9141110377708099
187,1562115600,135,125,-10,260,27,-0.28502431355440466,-0.8054693040618599
187,1562130000,13,12,-1,25,27,-0.25373207117172536,-1.2246616073094505
187,1562144400,323,465,142,788,27,0.24346689113084635,0.13637553046889705
187,1562158800,438,864,426,1302,27,1.2309109840953942,1.053247206508308
187,1562173200,978,733,-245,1711,27,-1.1020995313243651,1.7828201938626256
187,1562187600,647,351,-296,998,27,-1.2794222381595481,0.5109729078390844
187,1562202000,158,112,-46,270,27,-0.41019328308512204,-0.7876313337108986
187,1562216400,19,14,-5,33,27,-0.26763973445291617,-1.2103912310286815
187,1562230800,55,120,65,175,27,-0.02425562703207686,-0.957092052045031
187,1562245200,210,694,484,904,27,1.4325721016726611,0.34329598654004817
187,1562259600,681,514,-167,1195,27,-0.8309000973411442,0.8623809237530222
187,1562274000,523,188,-335,711,27,-1.4150219551511585,-0.0009768412335050046
187,1562288400,82,185,103,267,27,0.1078671741392359,-0.7929827248161869
187,1562302800,11,27,16,38,27,-0.19462450222666436,-1.2014722458532008
187,1562317200,127,277,150,404,27,0.27128221769322797,-0.548602531008017
187,1562331600,275,891,616,1166,27,1.8915249899519582,0.8106508097352344
187,1562346000,811,802,-9,1613,27,-0.281547397734107,1.6080080844232048
187,1562360400,650,324,-326,974,27,-1.3837297127684791,0.4681617789967773
187,1562374800,488,179,-309,667,27,-1.3246221438234183,-0.07946391077773475
187,1562389200,9,16,7,25,27,-0.2259167446093437,-1.2246616073094505
187,1562403600,34,76,42,110,27,-0.10422469089892406,-1.0730388593262794
187,1562418000,111,817,706,928,27,2.2044474137787513,0.3861071153823553
187,1562432400,445,1424,979,1869,27,3.1536454327200247,2.0646601254078143
187,1562446800,310,252,-58,562,27,-0.45191627292869446,-0.26676259946282843
187,1562461200,76,76,0,152,27,-0.2502551553514276,-0.998119383852242
187,1562475600,7,17,10,24,27,-0.2154859971484506,-1.2264454043445467
187,1562490000,22,67,45,89,27,-0.09379394343803095,-1.1104985970632981
187,1562504400,83,544,461,627,27,1.352603037805814,-0.15081579218157998
187,1562518800,288,555,267,843,27,0.6780813686680593,0.2344843673991842
187,1562533200,237,250,13,487,27,-0.20505524968755748,-0.40054737709503824
187,1562547600,69,79,10,148,27,-0.2154859971484506,-1.0052545719926265
187,1562562000,7,9,2,16,27,-0.2433013237108322,-1.2407157806253157
187,1562576400,416,477,61,893,27,-0.03816329031326768,0.32367421915399075
187,1562590800,493,983,490,1476,27,1.4534335965944474,1.3636278906150348
187,1562605200,819,633,-186,1452,27,-0.8969614979268006,1.3208167617727278
187,1562619600,684,594,-90,1278,27,-0.563177579178221,1.010436077666001
187,1562634000,116,108,-8,224,28,-0.1647754110035255,-0.7002460528982348
187,1562648400,7,11,4,18,28,-0.09314372173610087,-1.040021458682108
187,1562662800,471,477,6,948,28,-0.08120510685819678,0.4939160528664454
187,1562677200,508,790,282,1298,28,1.5663237462925694,1.071204363664288
187,1562691600,767,654,-113,1421,28,-0.7915526920934909,1.274079970030387
187,1562706000,775,572,-203,1347,28,-1.3287903615991754,1.152024727175986
187,1562720400,164,151,-13,315,28,-0.19462194819828574,-0.5501510920907957
187,1562734800,10,10,0,20,28,-0.11702095149190908,-1.0367226683346917
187,1562749200,440,473,33,913,28,0.07996619399350861,0.43618722178666114
187,1562763600,505,858,353,1363,28,1.9901445744581652,1.178415049955316
187,1562778000,874,731,-143,1605,28,-0.9706319152620524,1.5775686819926815
187,1562792400,781,643,-138,1424,28,-0.9407853780672922,1.2790281555515115
187,1562806800,163,140,-23,303,28,-0.25431502258780625,-0.5699438341752933
187,1562821200,9,11,2,20,28,-0.10508233661400497,-1.0367226683346917
187,1562835600,433,469,36,902,28,0.09787411631036476,0.4180438748758718
187,1562850000,532,912,380,1444,28,2.1513158753098707,1.312016059025674
187,1562864400,926,796,-130,1722,28,-0.8930309185556757,1.770547917316532
187,1562878800,749,576,-173,1325,28,-1.149711138430614,1.1157380333544074
187,1562893200,131,135,4,266,28,-0.09314372173610087,-0.6309714556024938
187,1562907600,12,9,-3,21,28,-0.13492887380876523,-1.0350732731609835
187,1562922000,377,489,112,866,28,0.5515414816707206,0.35866564862237943
187,1562936400,483,926,443,1409,28,2.52738224396385,1.2542872279458896
187,1562950800,923,747,-176,1670,28,-1.1676190607474701,1.6847793682837093
187,1562953075,171,39,-132,210,28,-0.9049695334335799,-0.7233375853301486
187,1562953157,6,5,-1,11,28,-0.12299025893086113,-1.0515672248980648
187,1562953237,9,6,-3,15,28,-0.13492887380876523,-1.0449696442032324
187,1562953318,7,3,-4,10,28,-0.14089818124771727,-1.053216620071773
187,1562953398,6,1,-5,7,28,-0.14686748868666932,-1.0581648055928974
187,1562953478,5,13,8,18,28,-0.06926649198029267,-1.040021458682108
187,1562953559,9,1,-8,10,28,-0.1647754110035255,-1.053216620071773
187,1562953639,8,3,-5,11,28,-0.14686748868666932,-1.0515672248980648
187,1562953720,9,1,-8,10,28,-0.1647754110035255,-1.053216620071773
187,1562953800,6,0,-6,6,28,-0.15283679612562137,-1.0598142007666054
187,1562953880,8,1,-7,9,28,-0.15880610356457345,-1.054866015245481
187,1562965200,792,504,-288,1296,28,-1.8361814939100998,1.0679055733168719
187,1562979600,210,161,-49,371,28,-0.4095170160005596,-0.4577849623631409
187,1562994000,18,31,13,49,28,-0.03941995478553241,-0.9888902082971562
187,1563008400,51,124,73,175,28,0.3187384915515907,-0.7810664164099328
187,1563022800,260,732,472,992,28,2.700492159693459,0.5664894405096028
187,1563037200,597,683,86,1280,28,0.3963394882579673,1.0415152505375418
187,1563051600,393,367,-26,760,28,-0.2722229449046624,0.1838297602093185
187,1563066000,12,9,-3,21,28,-0.13492887380876523,-1.0350732731609835
187,1563080400,16,19,3,35,28,-0.09911302917505292,-1.0119817407290699
187,1563094800,34,82,48,116,28,0.16950580557778938,-0.878380731658712
187,1563109200,219,639,420,858,28,2.3900881728679524,0.34547048723271445
187,1563123600,443,627,184,1070,28,0.9813316172752683,0.6951422640588363
187,1563138000,475,258,-217,733,28,-1.4123606657445043,0.1392960905191992
187,1563152400,133,109,-24,242,28,-0.2602843300267583,-0.6705569397714887
187,1563166800,8,14,6,22,28,-0.08120510685819678,-1.0334238779872755
187,1563181200,416,460,44,876,28,0.14562857582198116,0.3751596003594606
187,1563195600,529,847,318,1376,28,1.7812188140948433,1.1998571872135215
187,1563210000,891,709,-182,1600,28,-1.2034349053811824,1.569321706124141
187,1563224400,770,570,-200,1340,28,-1.3108824392823193,1.1404789609600292
187,1563238800,174,130,-44,304,29,-0.3723165650172761,-0.9209325865331507
187,1563253200,7,10,3,17,29,-0.15716641883926,-1.3819725980818922
187,1563267600,460,475,15,935,29,-0.10223446662359631,0.09271287439805445
187,1563282000,517,872,355,1389,29,1.4541708461535416,0.8220235546877013
187,1563296400,881,792,-89,1673,29,-0.5783113858260149,1.2782443326662467
187,1563310800,862,797,-65,1659,29,-0.46844748139468756,1.2557545760053326
187,1563325200,339,155,-184,494,29,-1.0131893408666859,-0.6157144604207434
187,1563339600,14,13,-1,27,29,-0.17547706957781456,-1.3659084861812392
187,1563354000,472,469,-3,941,29,-0.18463239494709185,0.10235134153844626
187,1563368400,522,894,372,1416,29,1.5319911117923983,0.8653966568194644
187,1563382800,848,707,-141,1555,29,-0.8163498454272242,1.0886878122385413
187,1563397200,922,833,-89,1755,29,-0.5783113858260149,1.4099700502516015
187,1563411600,155,154,-1,309,29,-0.17547706957781456,-0.9129005305828242
187,1563426000,9,13,4,22,29,-0.15258875615462136,-1.3739405421315656
187,1563440400,423,432,9,855,29,-0.12970044273142817,-0.03580002080716965
187,1563454800,613,1305,692,1918,29,2.996843170876763,1.6718150742322457
187,1563469200,938,780,-158,1718,29,-0.8941701110660811,1.3505328362191853
187,1563483600,797,628,-169,1425,29,-0.9445244005971062,0.8798543575300521
187,1563498000,292,178,-114,470,29,-0.6927529529419809,-0.6542683289823107
187,1563512400,11,12,1,23,29,-0.1663217442085373,-1.3723341309415003
187,1563526800,375,452,77,827,29,0.1815806198239994,-0.08077953412899809
187,1563541200,521,841,320,1362,29,1.293952652191189,0.7786504525559381
187,1563555600,910,823,-87,1733,29,-0.5691560604567377,1.374629004070165
187,1563570000,941,789,-152,1730,29,-0.8667041349582493,1.369809770499969
187,1563584400,369,155,-214,524,29,-1.150519221405845,-0.5675221247187844
187,1563598800,18,13,-5,31,29,-0.19378772031636912,-1.3594828414209779
187,1563613200,54,137,83,191,29,0.20904659593183123,-1.1024570510105298
187,1563627600,222,797,575,1019,29,2.461256636774042,0.22765141436353975
187,1563642000,546,668,122,1214,29,0.3875754406327382,0.5409015964262736
187,1563656400,413,272,-141,685,29,-0.8163498454272242,-0.30888992311827085
187,1563670800,132,128,-4,260,29,-0.1892100576317305,-0.991614678896024
187,1563685200,15,16,1,31,29,-0.1663217442085373,-1.3594828414209779
187,1563699600,35,86,51,121,29,0.06256139002339474,-1.214905834315101
187,1563714000,186,773,587,959,29,2.516188588989706,0.13126674295962168
187,1563728400,561,624,63,1185,29,0.11749334223905843,0.4943156719143798
187,1563742800,370,258,-112,628,29,-0.6835976275727037,-0.400455360951993
187,1563757200,112,102,-10,214,29,-0.21667603373956232,-1.0655095936390278
187,1563771600,8,14,6,22,29,-0.14343343078534407,-1.3739405421315656
187,1563786000,394,445,51,839,29,0.06256139002339474,-0.06150259984821447
187,1563800400,514,909,395,1423,29,1.6372773535390872,0.8766415351499215
187,1563814800,916,748,-168,1664,29,-0.9399467379124675,1.2637866319556592
187,1563829200,771,508,-263,1279,29,-1.3748246929531382,0.6453183237805181
187,1563843600,120,90,-30,210,30,-0.45225474252677456,-1.014069875327152
187,1563858000,8,6,-2,14,30,-0.3223764574934444,-1.3522238697908964
187,1563872400,452,477,25,929,30,-0.19713668263987608,0.22640319620056365
187,1563879271,105,574,469,679,30,1.8623618371743587,-0.20491567428890634
187,1563886800,552,1099,547,1651,30,2.2241656311957785,1.4720520941741528
187,1563888335,49,76,27,125,30,-0.1878596622803525,-1.1607182912935718
187,1563901200,887,771,-116,1658,30,-0.8511666179862885,1.484129022547858
187,1563915600,759,620,-139,1379,30,-0.9578523521208097,1.0027771630816096
187,1563930000,179,121,-58,300,30,-0.5821330275601047,-0.8587950819509428
187,1563944400,9,11,2,20,30,-0.30382241677439725,-1.3418722168991493
187,1563958800,457,501,44,958,30,-0.10900498922440206,0.27643618517734214
187,1563973200,575,741,166,1316,30,0.45689325270653636,0.8940848077182632
187,1563987600,827,626,-201,1453,30,-1.2454399832660408,1.1304475487464927
187,1564002000,757,722,-35,1479,30,-0.4754472934255835,1.1753047112773976
187,1564016400,216,133,-83,349,30,-0.6980957820541495,-0.7742565833350067
187,1564030800,10,13,3,23,30,-0.29918390659463545,-1.3366963904532756
187,1564045200,415,476,61,891,30,-0.030150316168451635,0.16084272788616422
187,1564059600,543,904,361,1447,30,1.3614027377600855,1.1200958958547453
187,1564074000,879,589,-290,1468,30,-1.65826738926484,1.156326680975861
187,1564088400,869,654,-215,1523,30,-1.3103791257827058,1.2512168324835442
187,1564102800,261,163,-98,424,30,-0.7676734347505763,-0.6448609221881657
187,1564117200,17,13,-4,30,30,-0.331653477852968,-1.3246194620795704
187,1564131600,333,437,104,770,30,0.16930562156130535,-0.047915605430739264
187,1564146000,495,875,380,1370,30,1.4495344311755594,0.9872496837439887
187,1564160400,924,800,-124,1724,30,-0.8882746994243829,1.5979972043570783
187,1564174800,815,589,-226,1404,30,-1.3614027377600855,1.0459090501305566
187,1564189200,268,170,-98,438,30,-0.7676734347505763,-0.6207070654407554
187,1564203600,11,42,31,53,30,-0.16930562156130535,-1.2849381259945392
187,1564218000,26,107,81,133,30,0.06261988742678416,-1.1469160874379087
187,1564232400,148,582,434,730,30,1.7000139808826962,-0.11692662470905446
187,1564246800,380,759,379,1139,30,1.4448959209957977,0.5887110474117184
187,1564261200,351,414,63,765,30,-0.020873295808928057,-0.056541982840528665
187,1564275600,137,176,39,313,30,-0.13219754012321103,-0.8363665006854903
187,1564290000,17,27,10,44,30,-0.26671433533630295,-1.3004656053321602
187,1564304400,29,88,59,117,30,-0.03942733652797522,-1.1745204951492347
187,1564318800,132,596,464,728,30,1.8391692862755498,-0.12037717567297022
187,1564333200,341,754,413,1095,30,1.6026052671076985,0.5127989262055717
187,1564347600,282,303,21,585,30,-0.21569072335892325,-0.36709156959294703
187,1564362000,63,100,37,163,30,-0.1414745604827346,-1.0951578229791723
187,1564376400,10,8,-2,18,30,-0.3223764574934444,-1.345322767863065
187,1564390800,358,456,98,814,30,0.1414745604827346,0.02799651577540745
187,1564405200,471,1042,571,1513,30,2.3354898755100613,1.2339640776639655
187,1564419600,863,683,-180,1546,30,-1.148031269491043,1.2908981685685756
187,1564434000,666,648,-18,1314,30,-0.39659262036963305,0.8906342567543474
187,1564448400,248,60,-188,308,31,-0.9243721827111423,-1.0798809354245869
187,1564462800,6,9,3,15,31,0.029120635818982884,-1.5745215514945252
187,1564477200,446,454,8,900,31,0.0540811808066825,-0.0804705439112641
187,1564491600,504,911,407,1415,31,2.0459326708251115,0.7889489689761704
187,1564506000,853,734,-119,1587,31,-0.5799166618808878,1.0793182043482845
187,1564520400,734,723,-11,1457,31,-0.04076889014657603,0.8598530845902913
187,1564534800,308,107,-201,415,31,-0.9892695996791613,-0.8992442599314694
187,1564549200,4,8,4,12,31,0.03411274481652281,-1.5795861311812482
187,1564563600,435,508,73,943,31,0.3785682656467774,-0.007878235068235588
187,1564578000,551,904,353,1455,31,1.7763587849579558,0.856476698132476
187,1564592400,863,712,-151,1575,31,-0.7396641498021652,1.0590598856013929
187,1564606800,700,573,-127,1273,31,-0.6198535338612071,0.5492255304712855
187,1564621200,225,72,-153,297,31,-0.749648367797245,-1.0984510609425708
187,1564635600,7,4,-3,11,31,-0.0008320181662566531,-1.581274324410156
187,1564650000,397,453,56,850,31,0.2937024126885988,-0.16488020535664608
187,1564664400,547,847,300,1394,31,1.51177700808834,0.75349691116911
187,1564678800,885,725,-160,1610,31,-0.7845931307800245,1.1181466486131602
187,1564693200,742,699,-43,1441,31,-0.20051637806785355,0.8328419929277691
187,1564707600,350,78,-272,428,31,-1.343709338504496,-0.8772977479556701
187,1564722000,9,8,-1,17,31,0.009152199828823192,-1.57114516503671
187,1564736400,351,459,108,810,31,0.5532920805606747,-0.2324079345129517
187,1564750800,492,953,461,1445,31,2.3155065566922675,0.8395947658433995
187,1564765200,902,772,-130,1674,31,-0.6348298608538269,1.2261910152632491
187,1564779600,847,565,-282,1412,31,-1.3936304284798953,0.7838843892894475
187,1565398800,9745,6654,-3091,16399,32,-3.9476685849635236,4.083313065869044
187,1565413200,13,29,16,42,32,0.23704867654506317,-0.43819767056363973
187,1565427600,59,140,81,199,32,0.32459506276909217,-0.3947986862988032
187,1565442000,290,674,384,964,32,0.7326959093211044,-0.1833322980019882
187,1565456400,666,615,-51,1281,32,0.1468085553602948,-0.09570504951820995
187,1565470800,649,392,-257,1041,32,-0.1306461455958587,-0.1620474458466225
187,1565485200,329,155,-174,484,32,-0.01885614472517548,-0.3160170906588133
187,1565499600,12,16,4,28,32,0.22088626678062703,-0.4420676436827971
187,1565514000,41,95,54,136,32,0.2882296407991109,-0.41221356533501147
187,1565528400,319,756,437,1075,32,0.8040798857806972,-0.15264893970009738
187,1565542800,648,607,-41,1255,32,0.16027723016399156,-0.10289214245378797
187,1565557200,557,402,-155,959,32,0.006734337401848385,-0.1847144312588301
187,1565571600,292,102,-190,394,32,-0.04040602441109031,-0.340895489281968
187,1565586000,11,14,3,25,32,0.21953939930025737,-0.4428969236369023
187,1565600400,386,423,37,809,32,0.2653328936328264,-0.22617842896408796
187,1565614800,461,942,481,1403,32,0.863342054916963,-0.061980998051266896
187,1565629200,842,638,-204,1480,32,-0.059262169136265794,-0.0406961458959012
187,1565643600,765,551,-214,1316,32,-0.07273084393996257,-0.08603011672031645
187,1565658000,127,136,9,263,33,-0.1298935812091546,-0.9796383755459341
187,1565672400,9,11,2,20,33,-0.16015623099162024,-1.375881604392765
187,1565683373,163,261,98,424,33,0.2548743945964803,-0.7171068535527664
187,1565683456,43,61,18,104,33,-0.09098446006027015,-1.2389086363963298
187,1565686800,249,195,-54,444,33,-0.40225742925134556,-0.6844942421250436
187,1565701200,472,1205,733,1677,33,3.000129053434437,1.3260732523940615
187,1565715600,985,829,-156,1814,33,-0.8432274689387025,1.5494696406739619
187,1565730000,793,413,-380,1206,33,-1.8116322619776037,0.5580462532711916
187,1565744400,132,154,22,286,33,-0.07369151732743263,-0.9421338724040531
187,1565758800,8,10,2,18,33,-0.16015623099162024,-1.3791428655355373
187,1565773200,391,465,74,856,33,0.15111673819945518,-0.012674446713955838
187,1565787600,501,932,431,1433,33,1.6945118771052041,0.9281993929758443
187,1565802000,875,781,-94,1656,33,-0.5751868565797209,1.2918300103949525
187,1565816400,694,527,-167,1221,33,-0.8907830614540057,0.5825057118419836
187,1565830800,147,126,-21,273,33,-0.259590651705436,-0.9633320698320729
187,1565845200,13,14,1,27,33,-0.16447946667482963,-1.364467190393062
187,1565859600,403,474,71,877,33,0.13814703114982702,0.021568795285153007
187,1565874000,488,838,350,1326,33,1.3443297867652442,0.7537219218375278
187,1565888400,825,688,-137,1513,33,-0.7610859909577242,1.0586498386867351
187,1565902800,818,582,-236,1400,33,-1.189086323595453,0.8743885841201019
187,1565917200,168,168,0,336,33,-0.16880270235803901,-0.8606023438347463
187,1565931600,8,12,4,20,33,-0.1515097596252015,-1.375881604392765
187,1565946000,340,425,85,765,33,0.19867233071475834,-0.16106182871009417
187,1565960400,478,870,392,1348,33,1.5259056854600381,0.7895957944080229
187,1565974800,877,734,-143,1611,33,-0.7870254050569805,1.2184516346825764
187,1565989200,768,445,-323,1213,33,-1.565207828034669,0.5694606672708945
187,1566003600,190,152,-38,342,33,-0.3330856583199955,-0.8508185604064294
187,1566018000,26,51,25,77,33,-0.06072181027780449,-1.2829356618237553
187,1566032400,75,225,150,300,33,0.4796826501233681,-0.9193050444046471
187,1566046800,507,955,448,1462,33,1.7680068837197636,0.9754876795460422
187,1566061200,888,1055,167,1943,33,0.5531776567379276,1.7598209843827735
187,1566075600,872,562,-310,1434,33,-1.509005764152947,0.9298300235472304
187,1566090000,282,314,32,596,33,-0.030459160495338825,-0.43663839527435105
187,1566104400,30,39,9,69,33,-0.1298935812091546,-1.2959807063948445
187,1566118800,61,192,131,253,33,0.3975411721423899,-0.9959446812597955
187,1566133200,433,969,536,1402,33,2.148451623842189,0.8776498452628742
187,1566147600,842,976,134,1818,33,0.410510879192018,1.5559921629595066
187,1566162000,717,394,-323,1111,33,-1.565207828034669,0.40313634898950873
187,1566176400,181,192,11,373,33,-0.12124710984273582,-0.8002690126934593
187,1566190800,21,21,0,42,33,-0.16880270235803901,-1.34000773182227
187,1566205200,366,452,86,818,33,0.20299556639796773,-0.07463840842662899
187,1566219600,464,851,387,1315,33,1.5042895070439912,0.7357849855522803
187,1566234000,738,540,-198,1278,33,-1.0248033676334964,0.6754516544109933
187,1566248400,676,566,-110,1242,33,-0.644358627511071,0.6167489538410924
187,1566262800,154,115,-39,269,34,-0.3539984096274691,-1.0413258415462434
187,1566277200,9,12,3,21,34,-0.1706054009394058,-1.4689069495032612
187,1566291600,376,459,83,835,34,0.17871461560928617,-0.06547540967659789
187,1566306000,461,872,411,1333,34,1.6109266834589233,0.7931350409790267
187,1566320400,752,579,-173,1331,34,-0.9391094373465281,0.7896868062374378
187,1566334800,638,481,-157,1119,34,-0.8692454340367897,0.4241739236290193
187,1566349200,128,131,3,259,34,-0.1706054009394058,-1.0585670152541877
187,1566363600,8,10,2,18,34,-0.17497190114626446,-1.4740793016156446
187,1566378000,393,495,102,888,34,0.2616781195396005,0.025902810975506736
187,1566392400,485,903,418,1388,34,1.6414921849069337,0.8879614963727201
187,1566406800,777,629,-148,1406,34,-0.8299469321750618,0.9189956090470198
187,1566421200,668,479,-189,1147,34,-1.0089734406562665,0.4724492100112633
187,1566435600,194,123,-71,317,34,-0.49372641624694585,-0.9585682077481109
187,1566450000,10,14,4,24,34,-0.16623890073254716,-1.463734597390878
187,1566464400,369,471,102,840,34,0.2616781195396005,-0.056854822822625745
187,1566478800,485,825,340,1310,34,1.300905168771959,0.7534803414507548
187,1566493200,791,621,-170,1412,34,-0.9260099367259521,0.9293403132717863
187,1566507600,687,487,-200,1174,34,-1.0570049429317117,0.5190003790227128
187,1566522000,160,115,-45,275,34,-0.38019741086862097,-1.0309811373214768
187,1566536400,9,12,3,21,34,-0.1706054009394058,-1.4689069495032612
187,1566550800,343,428,85,771,34,0.18744761602300347,-0.17581892140744118
187,1566565200,433,1194,761,1627,34,3.1392017558594505,1.3000255479925882
187,1566579600,875,752,-123,1627,34,-0.7207844270035956,1.3000255479925882
187,1566594000,737,441,-296,1178,34,-1.476188962790142,0.5258968485058905
187,1566608400,174,150,-24,324,34,-0.2885009065245893,-0.9464993861525499
187,1566622800,31,37,6,68,34,-0.15750590031882986,-1.3878734330759233
187,1566637200,104,227,123,331,34,0.35337462388363217,-0.9344305645569889
187,1566651600,492,843,351,1335,34,1.3489366710474042,0.7965832757206155
187,1566666000,945,1007,62,1952,34,0.08701811126525452,1.860363693500777
187,1566680400,862,560,-302,1422,34,-1.5023879640312938,0.9465814869797307
187,1566694800,286,315,29,601,34,-0.057076395561080906,-0.46891887444249375
187,1566709200,39,43,4,82,34,-0.16623890073254716,-1.3637357898848013
187,1566723600,62,194,132,256,34,0.39267312574536,-1.063739367366571
187,1566738000,403,1001,598,1404,34,2.4274622221414908,0.9155473743054309
187,1566752400,870,970,100,1840,34,0.2529451191258832,1.667262547971801
187,1566766800,786,602,-184,1388,34,-0.9871409396219731,0.8879614963727201
187,1566781200,193,232,39,425,34,-0.013411393492494414,-0.7723635317023129
187,1566795600,30,16,-14,46,34,-0.24483590445600284,-1.4258040152334006
187,1566810000,367,414,47,781,34,0.02152060816237478,-0.15857774769949692
187,1566824400,446,884,438,1330,34,1.728822189044107,0.7879626888666433
187,1566838800,790,581,-209,1371,34,-1.0963034447934394,0.8586515010692148
187,1566853200,627,492,-135,1119,34,-0.7731824294858993,0.4241739236290193
187,1566867600,138,136,-2,274,35,-0.08322484843805665,-0.9726999690395557
187,1566882000,12,15,3,27,35,-0.059478628095676354,-1.444276260226412
187,1566896400,402,489,87,891,35,0.3394578736563126,0.20528615105068854
187,1566910800,454,853,399,1307,35,1.821222023020843,0.9995199046285518
187,1566925200,775,606,-169,1381,35,-0.8763486078735584,1.1408018704092293
187,1566939600,685,599,-86,1284,35,-0.4821613501900455,0.9556079422913142
187,1566954000,185,149,-36,334,35,-0.24469914676624266,-0.8581470238119793
187,1566968400,10,13,3,23,35,-0.059478628095676354,-1.4519131232415838
187,1566982800,401,531,130,932,35,0.5436753686007831,0.2835639969561991
187,1566997200,482,904,422,1386,35,1.9304546365957922,1.150347949178194
187,1567011600,869,704,-165,1573,35,-0.8573516315996542,1.507371295137474
187,1567026000,711,487,-224,1198,35,-1.1375570316397416,0.7914153874651213
187,1567040400,168,118,-50,286,35,-0.31118856372490744,-0.9497893799940405
187,1567054800,16,18,2,34,35,-0.0642278721641524,-1.4309117499498614
187,1567069200,371,462,91,833,35,0.3584548499302168,0.09455163733069799
187,1567083600,470,749,279,1219,35,1.2513127348037159,0.831508918294773
187,1567098000,752,589,-163,1341,35,-0.847853143462702,1.0644332402575118
187,1567112400,673,614,-59,1287,35,-0.35393176034119195,0.9613355895526929
187,1567126800,220,141,-79,361,35,-0.44891664171071316,-0.8065981984595699
187,1567141200,13,14,1,27,35,-0.06897711623262846,-1.444276260226412
187,1567155600,294,461,167,755,35,0.7193973991343973,-0.054367191465151364
187,1567170000,425,687,262,1112,35,1.170575585639623,0.6272228326389284
187,1567184400,886,656,-230,1542,35,-1.166052496050598,1.4481856067698928
187,1567198800,644,476,-168,1120,35,-0.8715993638050823,0.6424965586692719
187,1567213200,305,134,-171,439,35,-0.8858470960105105,-0.6576793696637205
187,1567227600,19,25,6,44,35,-0.045230895890248174,-1.4118195924119321
187,1567242000,45,155,110,200,35,0.4486904872312619,-1.1139819348202333
187,1567256400,286,633,347,919,35,1.5742613314600877,0.2587441921568909
187,1567270800,751,676,-75,1427,35,-0.4299196654368089,1.2286257950837047
187,1567285200,704,418,-286,1122,35,-1.4320101638852574,0.6463149901768578
187,1567299600,380,104,-276,484,35,-1.3845177232004966,-0.5717646607430382
187,1567314000,16,25,9,41,35,-0.03098316368482,-1.4175472396733109
187,1567328400,36,116,80,152,35,0.30621316517698016,-1.2056242910022945
187,1567342800,310,631,321,941,35,1.4507809856797103,0.3007469387403356
187,1567357200,668,729,61,1397,35,0.21597752787593505,1.1713493224699165
187,1567371600,729,439,-290,1168,35,-1.4510071401591615,0.7341389148513331
187,1567386000,335,90,-245,425,35,-1.237291157077739,-0.6844083902168218
187,1567400400,16,16,0,32,35,-0.07372636030110453,-1.4347301814574474
187,1567414800,37,118,81,155,35,0.31096240924545626,-1.1998966437409158
187,1567429200,242,945,703,1187,35,3.2649922198375645,0.7704140141733989
187,1567443600,703,643,-60,1346,35,-0.358681004409668,1.0739793190264764
187,1567458000,489,411,-78,900,35,-0.44416739764223706,0.22246909283482502
187,1567472400,355,64,-291,419,36,-1.6413884425991752,-0.7998645448730074
187,1567486800,9,9,0,18,36,0.15813160991671277,-1.5548986590278773
187,1567501200,406,519,113,925,36,0.8569143107218514,0.15287176874884842
187,1567515600,474,663,189,1137,36,1.326892056396104,0.5520419238631438
187,1567530000,706,530,-176,1236,36,-0.930237906381556,0.7384468547891591
187,1567544400,678,497,-181,1175,36,-0.9611574949127568,0.623591291289291
187,1567558800,142,113,-29,255,36,-0.021202003564251982,-1.1086565516595377
187,1567573200,9,13,4,22,36,0.18286728074167344,-1.5473671466672303
187,1567587600,462,516,54,978,36,0.4920631660536816,0.25266430752742225
187,1567602000,529,709,180,1238,36,1.2712367970399423,0.7422126109694825
187,1567616400,758,585,-173,1343,36,-0.9116861532628355,0.9399148104364684
187,1567630800,766,932,166,1698,36,1.18466194915258,1.608336532443897
187,1567645200,399,122,-277,521,36,-1.5548135947118127,-0.6078109796765068
187,1567659600,8,11,3,19,36,0.17668336303543328,-1.5530157809377156
187,1567674000,489,565,76,1054,36,0.6281093555909653,0.3957630423797168
187,1567688400,512,686,174,1198,36,1.2341332908025013,0.6668974873630117
187,1567702800,773,616,-157,1389,36,-0.812743469962993,1.0265272025839098
187,1567717200,803,829,26,1632,36,0.318913470278957,1.48406657849322
187,1567731600,408,119,-289,527,36,-1.6290206071866948,-0.5965137111355362
187,1567746000,16,12,-4,28,36,0.13339593909175212,-1.5360698781262596
187,1567760400,429,562,133,991,36,0.9805926648466546,0.27714172269952525
187,1567774800,496,784,288,1280,36,1.9390999093138799,0.8212934907562769
187,1567789200,955,882,-73,1837,36,-0.29329438263881924,1.870056586976383
187,1567803600,779,713,-66,1492,36,-0.25000695869513806,1.2204636458705722
187,1567818000,428,133,-295,561,36,-1.6661241134241358,-0.532495856070036
187,1567832400,17,18,1,35,36,0.16431552762295296,-1.5228897314951273
187,1567846800,56,135,79,191,36,0.6466611087096857,-1.229160749429891
187,1567861200,277,496,219,773,36,1.5124095875833088,-0.13332570095574067
187,1567875600,665,571,-94,1236,36,-0.42315665446986267,0.7384468547891591
187,1567890000,670,508,-162,1178,36,-0.8436630584941938,0.6292399255597764
187,1567904400,387,137,-250,524,36,-1.3878478166433281,-0.6021623454060215
187,1567918800,22,27,5,49,36,0.1890511984479136,-1.4965294382328624
187,1567933200,36,159,123,195,36,0.918753487784253,-1.2216292370692439
187,1567947600,294,505,211,799,36,1.4629382459333875,-0.08437087061153464
187,1567962000,620,488,-132,1108,36,-0.6581455273069889,0.4974384592484524
187,1567976400,518,463,-55,981,36,-0.18198386392649624,0.25831294179790754
187,1567990800,332,82,-250,414,36,-1.3878478166433281,-0.8092789353238162
187,1568005200,16,5,-11,21,36,0.09010851514807097,-1.549250024757392
187,1568019600,522,612,90,1134,36,0.7146842034783275,0.5463932895926584
187,1568034000,508,674,166,1182,36,1.18466194915258,0.6367714379204235
187,1568048400,777,538,-239,1315,36,-1.3198247218746864,0.8871942239119389
187,1568062800,751,581,-170,1332,36,-0.893134400144115,0.919203151444689
187,1568077200,159,82,-77,241,37,-0.37344244394999543,-1.0459806685402748
187,1568091600,7,13,6,20,37,0.16494480154615182,-1.4583837169384921
187,1568106000,520,590,70,1110,37,0.580086773976916,0.5756403679214935
187,1568120400,542,690,148,1232,37,1.0860410528769098,0.803301779254446
187,1568134800,767,535,-232,1302,37,-1.3788644084307524,0.9339271791995827
187,1568149200,771,614,-157,1385,37,-0.8923699094884507,1.0888115819916733
187,1568163600,172,128,-44,300,37,-0.1593848644153827,-0.9358821171579452
187,1568178000,10,13,3,23,37,0.14548502158845975,-1.452785485512272
187,1568192400,520,628,108,1148,37,0.8265773201076823,0.646551299320282
187,1568206800,522,634,112,1156,37,0.8525236933846049,0.6614799164568691
187,1568221200,849,589,-260,1438,37,-1.5604890213692117,1.1877136705215625
187,1568235600,793,588,-205,1381,37,-1.203726388811524,1.0813472734233798
187,1568250000,147,147,0,294,37,0.1260252416307677,-0.9470785800103856
187,1568264400,13,11,-2,24,37,0.1130520549923063,-1.4509194083701984
187,1568278800,512,540,28,1052,37,0.30764985456922705,0.4674078936812374
187,1568293200,507,793,286,1300,37,1.9811909309307452,0.9301950249154359
187,1568307600,832,725,-107,1557,37,-0.5680402435269162,1.4097768504282948
187,1568322000,765,579,-186,1344,37,-1.0804811157461407,1.0123024191666647
187,1568336400,164,118,-46,282,37,-0.17235805105384405,-0.9694715057152662
187,1568350800,16,9,-7,25,37,0.08061908839615285,-1.449053331228125
187,1568365200,452,550,98,1002,37,0.7617113869153753,0.37410403657756836
187,1568379600,497,708,211,1205,37,1.4946964319884433,0.7529176964184647
187,1568394000,835,651,-184,1486,37,-1.0675079291076794,1.277285373341085
187,1568408400,810,567,-243,1377,37,-1.4502169349422902,1.0738829648550863
187,1568422800,205,156,-49,361,37,-0.19181783101153613,-0.822051411491469
187,1568437200,15,20,5,35,37,0.15845820822692114,-1.4303925598073912
187,1568451600,56,166,110,222,37,0.8395505067461435,-1.081436134239669
187,1568466000,278,572,294,850,37,2.0330836774845906,0.09046031098241439
187,1568480400,631,570,-61,1201,37,-0.2696569508423044,0.7454533878501712
187,1568494800,592,275,-317,867,37,-1.930224840565361,0.12218362239766188
187,1568509200,163,129,-34,292,37,-0.09451893122307578,-0.9508107342945323
187,1568523600,19,20,1,39,37,0.13251183494999838,-1.4229282512390977
187,1568538000,52,108,56,160,37,0.4892744675076864,-1.1971329170482186
187,1568552400,265,556,291,821,37,2.0136238975268985,0.03634407386228634
187,1568566800,608,506,-102,1114,37,-0.5356072769307627,0.583104676489787
187,1568581200,521,236,-285,757,37,-1.722653854349979,-0.08308486323041006
187,1568595600,125,95,-30,220,37,-0.06857255794615302,-1.0851682885238159
187,1568610000,11,8,-3,19,37,0.10656546167307561,-1.4602497940805654
187,1568624400,490,579,89,1069,37,0.7033320470422991,0.4991312050964849
187,1568638800,476,667,191,1143,37,1.3649645656038294,0.6372209136099151
187,1568653200,840,606,-234,1446,37,-1.391837595069214,1.2026422876581495
187,1568667600,711,653,-58,1364,37,-0.25019717088461235,1.0496239620081322
187,1568682000,144,117,-27,261,38,0.045033132048660364,-1.0067835958449884
187,1568696400,12,7,-5,19,38,0.1885180079554265,-1.455085903221159
187,1568710800,517,622,105,1139,38,0.905942387489257,0.6197016350487202
187,1568725200,558,677,119,1235,38,0.9972509448844719,0.7975405669004242
187,1568739600,845,565,-280,1410,38,-1.60504294087915,1.1217261197550927
187,1568754000,787,585,-202,1372,38,-1.0963238353915248,1.0513315425637932
187,1568768400,168,144,-24,312,38,0.06459925149049212,-0.9123066632987709
187,1568782800,8,6,-2,14,38,0.20808412739725823,-1.4643483475884351
187,1568797200,535,607,72,1142,38,0.6907150736291079,0.625259101669086
187,1568811600,506,689,183,1195,38,1.4146614929768824,0.7234410119622142
187,1568826000,827,631,-196,1458,38,-1.0571915965078613,1.2106455856809448
187,1568840400,766,566,-200,1332,38,-1.0832797557636369,0.9772319876255834
187,1568854800,154,156,2,310,38,0.23417228665303388,-0.9160116410456813
187,1568869200,15,12,-3,27,38,0.20156208758331431,-1.4402659922335168
187,1568883600,527,581,54,1108,38,0.5733183569781174,0.5622744799716075
187,1568898000,564,729,165,1293,38,1.297264776325892,0.9049849215608287
187,1568912400,788,625,-163,1413,38,-0.8419642826477121,1.1272835863754584
187,1568926800,770,564,-206,1334,38,-1.1224119946473003,0.9809369653724939
187,1568941200,158,143,-15,301,38,0.12329760981598734,-0.9326840409067786
187,1568955600,9,10,1,19,38,0.22765024683908996,-1.455085903221159
187,1568970000,457,603,146,1060,38,1.1733460198609575,0.4733550140457556
187,1568984400,503,722,219,1225,38,1.6494549262788634,0.7790156781658717
187,1568998800,845,687,-158,1532,38,-0.8093540835779925,1.347729762316633
187,1569013200,802,532,-270,1334,38,-1.539822542739711,0.9809369653724939
187,1569027600,194,138,-56,332,38,-0.14410602255571317,-0.8752568858296659
187,1569042000,21,22,1,43,38,0.22765024683908996,-1.4106261702582328
187,1569056400,71,140,69,211,38,0.6711489541872762,-1.099408039517751
187,1569070800,348,487,139,835,38,1.1276917411633502,0.056545017518324504
187,1569085200,699,512,-187,1211,38,-0.998493238182366,0.7530808339374983
187,1569099600,675,251,-424,926,38,-2.5442166740870737,0.2251215050027522
187,1569114000,203,117,-86,320,38,-0.3397672169740306,-0.8974867523111288
187,1569128400,16,14,-2,30,38,0.20808412739725823,-1.434708525613151
187,1569142800,51,97,46,148,38,0.5211420384665661,-1.2161148385454317
187,1569157200,301,495,194,796,38,1.4864039309302655,-0.015702048546430217
187,1569171600,608,431,-177,1039,38,-0.9332728400429269,0.43445274770319536
187,1569186000,459,209,-250,668,38,-1.4093817464608327,-0.2528206243487021
187,1569200400,108,68,-40,176,38,-0.03975338553261053,-1.1642451500886848
187,1569214800,9,9,0,18,38,0.22112820702514607,-1.4569383920946142
187,1569229200,477,600,123,1077,38,1.0233391041402475,0.5048473248944948
187,1569243600,515,734,219,1249,38,1.6494549262788634,0.8234754111287976
187,1569258000,834,605,-229,1439,38,-1.2724189103680104,1.175448297085295
187,1569272400,752,673,-79,1425,38,-0.2941129382764232,1.1495134528569215
187,1569286800,184,113,-71,297,39,-0.30053673518282026,-0.9948102901897085
187,1569301200,9,7,-2,16,39,0.048683576990320526,-1.5071935949299957
187,1569315600,541,615,74,1156,39,0.43333203677522925,0.5715144741231266
187,1569330000,558,694,136,1252,39,0.7471242013366022,0.7465635746749685
187,1569344400,875,661,-214,1536,39,-1.0242831792517932,1.2644171638075008
187,1569358800,765,729,-36,1494,39,-0.12339599712398074,1.18783318231607
187,1569373200,144,152,8,296,39,0.09929521643570326,-0.9966337183204568
187,1569387600,9,15,6,24,39,0.08917288854662672,-1.4926061698840087
187,1569402000,538,615,77,1153,39,0.4485155286088441,0.5660441897308816
187,1569416400,521,727,206,1248,39,1.1014056774542813,0.7392698621519751
187,1569430800,801,596,-205,1397,39,-0.9787327037509488,1.0109606536334796
187,1569445200,800,644,-156,1444,39,-0.7307356704685735,1.0966617757786523
187,1569459600,149,149,0,298,39,0.058805904879397075,-0.9929868620589601
187,1569474000,12,9,-3,21,39,0.04362241304578225,-1.498076454276254
187,1569488400,507,595,88,1102,39,0.5041883319987651,0.47304935506271556
187,1569502800,527,742,215,1269,39,1.1469561529551258,0.7775618528976905
187,1569517200,900,551,-349,1451,39,-1.7075403117644603,1.1094257726938908
187,1569531600,741,648,-93,1389,39,-0.41188234196266227,0.9963732285874928
187,1569546000,160,144,-16,304,39,-0.022172718233215292,-0.98204629327447
187,1569560400,12,13,1,25,39,0.06386706882393535,-1.4907827417532604
187,1569574800,451,614,163,1065,39,0.8837756278391355,0.4055825142250265
187,1569589200,514,701,187,1215,39,1.005243562508054,0.6790967338372794
187,1569603600,861,628,-233,1489,39,-1.1204452941980205,1.1787160416623281
187,1569618000,795,544,-251,1339,39,-1.2115462451997094,0.9052018220500752
187,1569632400,172,136,-36,308,39,-0.12339599712398074,-0.9747525807514766
187,1569646800,18,18,0,36,39,0.058805904879397075,-1.4707250323150285
187,1569661200,78,186,108,264,39,0.6054116108895305,-1.054983418504404
187,1569675600,366,676,310,1042,39,1.6277667276862615,0.3636436672178144
187,1569690000,646,1025,379,1671,39,1.9769870398594023,1.5105799614585282
187,1569704400,716,544,-172,1260,39,-0.8117142935811859,0.7611509997209553
187,1569718800,855,147,-708,1002,39,-3.5244981678537,0.29070654198788026
187,1569733200,34,25,-9,59,39,0.013255429378552617,-1.4287861853078165
187,1569747600,61,100,39,161,39,0.25619129871638974,-1.2427965159714844
187,1569762000,322,524,202,846,39,1.0811610216761283,0.0062517535911372395
187,1569776400,609,481,-128,1090,39,-0.5890230800215018,0.4511682174937353
187,1569790800,484,239,-245,723,39,-1.1811792615324797,-0.21802990649091017
187,1569805200,119,79,-40,198,39,-0.14364065290213382,-1.1753296751337954
187,1569819600,10,6,-4,16,39,0.03856124910124398,-1.5071935949299957
187,1569834000,353,452,99,805,39,0.5598611353886861,-0.06850879976954523
187,1569848400,417,811,394,1228,39,2.0529044990274765,0.702801299537008
187,1569862800,709,606,-103,1315,39,-0.462493981408045,0.8614395469121148
187,1569877200,595,489,-106,1084,39,-0.4776774732416598,0.4402276487092452
187,1569891600,136,78,-58,214,40,-0.33792789775443066,-1.0652782798092846
187,1569906000,7,11,4,18,40,0.04317398433848291,-1.4153948925529276
187,1569920400,428,493,65,921,40,0.4181290618815107,0.19764235901599966
187,1569934800,484,723,239,1207,40,1.487673053561623,0.7085268041419279
187,1569949200,715,587,-128,1302,40,-0.7682042162464299,0.8782261827676733
187,1569963600,666,510,-156,1176,40,-0.9403147436432295,0.6531512174324742
187,1569978000,123,115,-8,238,40,-0.03058767026014552,-1.022406857840675
187,1569992400,8,6,-2,14,40,0.006293157039168695,-1.4225401295476958
187,1570006800,525,606,81,1131,40,0.516477934679682,0.5727673012413316
187,1570021200,504,662,158,1166,40,0.989781885020881,0.6352881249455535
187,1570035600,835,572,-263,1407,40,-1.5980228304809998,1.0657886538803394
187,1570050000,765,664,-101,1429,40,-0.6022404933995159,1.1050874573515646
187,1570064400,157,123,-34,280,40,-0.19040458855717377,-0.9473818693956088
187,1570078800,8,12,4,20,40,0.04317398433848291,-1.4118222740555435
187,1570093200,513,602,89,1115,40,0.5656523710787675,0.5441863532622587
187,1570107600,614,1193,579,1807,40,3.577586600522762,1.780312353357162
187,1570122000,953,733,-220,1686,40,-1.3337102348359144,1.5641689342654232
187,1570136400,753,613,-140,1366,40,-0.8419658708450583,0.992549974683965
187,1570150800,156,157,1,313,40,0.024733570688825802,-0.8884336641887709
187,1570165200,9,12,3,21,40,0.03702717978859721,-1.4100359648068514
187,1570179600,454,549,95,1003,40,0.6025331983780818,0.3441197174087483
187,1570194000,547,690,143,1237,40,0.8975798167725956,0.7621160816026896
187,1570208400,834,659,-175,1493,40,-1.057104030091058,1.2194112492678562
187,1570222800,734,528,-206,1262,40,-1.2476549711375147,0.806773812819991
187,1570237200,61,39,-22,100,40,-0.11664293395854534,-1.268917534160179
187,1570251600,199,182,-17,381,40,-0.08590891120911684,-0.7669646352777111
187,1570266000,63,157,94,220,40,0.5963863938281961,-1.0545604243171323
187,1570280400,295,550,255,845,40,1.586021926359794,0.06188285611540334
187,1570294800,701,549,-152,1250,40,-0.9157275254436867,0.7853381018356863
187,1570309200,564,274,-290,838,40,-1.7639865533279138,0.04937869137455894
187,1570323600,158,149,-9,307,40,-0.036734474810031226,-0.8991515196809232
187,1570338000,15,19,4,34,40,0.04317398433848291,-1.3868139445738548
187,1570352400,43,96,53,139,40,0.34436740728288234,-1.1992514734611888
187,1570366800,278,493,215,771,40,1.3401497443643662,-0.07030402828780886
187,1570381200,611,506,-105,1117,40,-0.6268277115990587,0.5477589717596428
187,1570395600,450,234,-216,684,40,-1.3091230166363717,-0.2257129329240178
187,1570410000,103,74,-29,177,40,-0.15967056580774527,-1.1313717220108905
187,1570424400,12,13,1,25,40,0.024733570688825802,-1.4028907278120832
187,1570438800,512,564,52,1076,40,0.33822060273299664,0.4745202925632685
187,1570453200,507,753,246,1260,40,1.530700685410823,0.803201194322607
187,1570467600,854,687,-167,1541,40,-1.0079295936919723,1.305154093205075
187,1570482000,727,717,-10,1444,40,-0.042881279359916924,1.1318820960819453
187,1570496400,153,78,-75,231,41,-0.3488471217811192,-1.016391788334861
187,1570510800,7,8,1,15,41,0.02220253257587263,-1.3889907418958525
187,1570525200,551,603,52,1154,41,0.2711963795785909,0.5757787400762282
187,1570539600,527,807,280,1334,41,1.3843453426495662,0.8862778680437212
187,1570554000,823,631,-192,1454,41,-0.9200683001991199,1.0932772866887166
187,1570568400,632,558,-74,1190,41,-0.34396488948694826,0.6378785656697268
187,1570582800,144,66,-78,210,41,-0.363493818663632,-1.052616686597735
187,1570597200,9,10,1,19,41,0.02220253257587263,-1.3820907612743527
187,1570611600,381,407,26,788,41,0.14425833993014625,-0.055569486791007594
187,1570626000,548,1328,780,1876,41,3.825461489735039,1.82122524225695
187,1570640400,896,749,-147,1645,41,-0.7003678469614273,1.4227513613653342
187,1570654800,646,468,-178,1114,41,-0.8517170480807267,0.5067789338612297
187,1570669200,115,99,-16,214,41,-0.06079541642503344,-1.0457167059762353
187,1570683600,5,9,4,14,41,0.036849229458385466,-1.3907157370512275
187,1570698000,503,601,98,1104,41,0.49577906511045433,0.48952898230748015
187,1570712400,581,740,159,1321,41,0.7935952350548819,0.8638529310238467
187,1570726800,799,539,-260,1338,41,-1.2520600962027442,0.8931778486652211
187,1570741200,714,594,-120,1308,41,-0.5685475750188117,0.8414279940039722
187,1570755600,117,97,-20,214,41,-0.08032434560171722,-1.0457167059762353
187,1570770000,105,33,-72,138,41,-0.33420042489860635,-1.1768163377847323
187,1570784400,459,556,97,1015,41,0.4908968328162834,0.3360044134791086
187,1570798800,538,804,266,1342,41,1.315994090531173,0.9000778292867209
187,1570813200,952,685,-267,1637,41,-1.2862357222619407,1.4089514001223344
187,1570827600,750,617,-133,1367,41,-0.6320165948430341,0.943202708171095
187,1570842000,164,134,-30,298,41,-0.12914666854342668,-0.9008171129247385
187,1570856400,16,17,1,33,41,0.02220253257587263,-1.3579408290991033
187,1570870800,54,136,82,190,41,0.4176633484037192,-1.0871165897052344
187,1570885200,368,697,329,1065,41,1.6235747250639427,0.42225417124785664
187,1570899600,732,544,-188,1276,41,-0.9005393710224361,0.7862281490319735
187,1570914000,640,296,-344,936,41,-1.6621676089131034,0.19972979620448666
187,1570928400,175,121,-54,296,41,-0.24632024360352933,-0.9042671032354885
187,1570942800,14,19,5,33,41,0.04173146175255641,-1.3579408290991033
187,1570957200,41,97,56,138,41,0.29072530875527464,-1.1768163377847323
187,1570971600,333,636,303,969,41,1.496636685415498,0.25665463633186036
187,1570986000,779,569,-210,1348,41,-1.0079484814941968,0.9104278002189706
187,1571000400,566,269,-297,835,41,-1.432702691087069,0.025505285511615582
187,1571014800,117,86,-31,203,41,-0.1340289008375976,-1.0646916526853598
187,1571029200,15,7,-8,22,41,-0.021737558071665875,-1.3769157758082278
187,1571043600,292,335,43,627,41,0.22725628893105235,-0.3332937068063763
187,1571058000,494,850,356,1344,41,1.755394997006558,0.9035278195974709
187,1571072400,885,755,-130,1640,41,-0.6173698979605212,1.4141263855884594
187,1571086800,659,495,-164,1154,41,-0.7833657959623334,0.5757787400762282
187,1571101200,130,91,-39,221,42,-0.1988616265907243,-1.0811902047366122
187,1571115600,9,11,2,20,42,0.06075908682036534,-1.4213716257938398
187,1571130000,518,601,83,1119,42,0.573668301120323,0.4386252982951817
187,1571144400,535,704,169,1239,42,1.118238578031389,0.6417186840009893
187,1571158800,802,540,-262,1342,42,-1.610945019046163,0.8160405067318076
187,1571173200,726,629,-97,1355,42,-0.5661299528795828,0.83804229018327
187,1571187600,148,113,-35,261,42,-0.17353277650183752,-1.013492409501343
187,1571202000,6,17,11,23,42,0.11774899952036064,-1.4162942911511947
187,1571216400,542,582,40,1124,42,0.30138316266478987,0.44708752269959035
187,1571230800,533,996,463,1529,42,2.979909059564568,1.132527699456691
187,1571245200,1033,890,-143,1923,42,-0.8574117289017809,1.7993509825240928
187,1571259600,752,604,-148,1356,42,-0.8890727915128894,0.8397347350641517
187,1571274000,134,117,-17,251,42,-0.059552951101846927,-1.0304168583101603
187,1571288400,10,11,1,21,42,0.05442687429814364,-1.419679180912958
187,1571302800,524,594,70,1118,42,0.4913495383314409,0.4369328534143
187,1571317200,540,725,185,1265,42,1.2195539783869362,0.6857222509039144
187,1571331600,884,720,-164,1604,42,-0.9903881918684365,1.2594610655228209
187,1571346000,761,597,-164,1358,42,-0.9903881918684365,0.8431196248259153
187,1571360400,199,145,-54,344,42,-0.29384481442404975,-0.8730194843881592
187,1571374800,9,24,15,33,42,0.14307784960924744,-1.3993698423423775
187,1571389200,449,567,118,1016,42,0.7952957393980824,0.2643034755643635
187,1571403600,523,708,185,1231,42,1.2195539783869362,0.6281791249539355
187,1571418000,897,655,-242,1552,42,-1.484300768601729,1.171453931716971
187,1571432400,769,682,-87,1451,42,-0.5028078276573658,1.000516998747916
187,1571446800,173,153,-20,326,42,-0.07854958866851203,-0.9034834922440305
187,1571461200,19,25,6,44,42,0.08608793690925214,-1.3807529486526784
187,1571475600,75,125,50,200,42,0.3647052878870069,-1.1167315472351285
187,1571490000,409,583,174,992,42,1.1498996406424975,0.22368479842320196
187,1571504400,755,740,-15,1495,42,-0.04688852605740353,1.0749845735067123
187,1571518800,635,337,-298,972,42,-1.8389046698461444,0.18983590080556736
187,1571533200,221,167,-54,388,42,-0.29384481442404975,-0.7985519096293632
187,1571547600,18,17,-1,35,42,0.04176244925370025,-1.3959849525806138
187,1571562000,60,95,35,155,42,0.2697221000536814,-1.1928915668748064
187,1571576400,382,707,325,1089,42,2.106063731497974,0.3878519518687298
187,1571590800,893,850,-43,1743,42,-0.2241904766796111,1.4947109039653814
187,1571605200,587,228,-359,815,42,-2.2251696337016678,-0.07587794549286431
187,1571619600,96,74,-22,170,42,-0.09121401371295543,-1.1675048936615804
187,1571634000,8,9,1,17,42,0.05442687429814364,-1.4264489604364852
187,1571648400,470,548,78,1018,42,0.5420072385092145,0.26768836532612694
187,1571662800,511,719,208,1230,42,1.3651948663980353,0.6264866800730537
187,1571677200,811,589,-222,1400,42,-1.357656518157295,0.9142023098229479
187,1571691600,660,608,-52,1268,42,-0.2811803893796064,0.6907995855465595
187,1571706000,144,110,-34,254,43,-0.12226897418448299,-1.0014492527712604
187,1571720400,10,9,-1,19,43,0.040677947180606834,-1.3917937802514095
187,1571734800,525,550,25,1075,43,0.169060370074314,0.3622650325955589
187,1571749200,566,1061,495,1627,43,2.489819553152866,1.2791594120382925
187,1571763600,984,627,-357,1611,43,-1.7171736893639986,1.252582763358793
187,1571778000,782,621,-161,1403,43,-0.7493677321652832,0.9070863305252991
187,1571792400,138,128,-10,266,43,-0.003762122282599481,-0.9815167662616356
187,1571806800,9,11,2,20,43,0.055491303668342276,-1.390132739708941
187,1571821200,513,627,114,1140,43,0.6085232792104653,0.47023266785602574
187,1571835600,516,707,191,1223,43,0.988732762395675,0.6080990328809295
187,1571850000,858,617,-241,1475,43,-1.1443905718382283,1.026681249583047
187,1571864400,737,663,-74,1400,43,-0.3197803940209555,0.902103208897893
187,1571878800,183,158,-25,341,43,-0.07782890472127668,-0.8569387255764817
187,1571893200,6,18,12,24,43,0.10486915862746041,-1.383488577539066
187,1571907600,487,595,108,1082,43,0.5788965662349944,0.37389231639284
187,1571922000,555,840,285,1395,43,1.4528845990113854,0.8937980061855494
187,1571936400,944,616,-328,1560,43,-1.573977909982556,1.1678696956928882
187,1571950800,764,599,-165,1363,43,-0.7691188741489304,0.8406447088265503
187,1571965200,156,151,-5,307,43,0.020926805196959584,-0.9134141040204181
187,1571979600,13,13,0,26,43,0.045615732676518646,-1.3801664964541285
187,1571994000,449,574,125,1023,43,0.6628389196654952,0.2758909243871855
187,1572008400,573,854,281,1427,43,1.433133457027738,0.9469513035445484
187,1572022800,931,714,-217,1645,43,-1.0258837199363446,1.3090581418027294
187,1572037200,705,607,-98,1312,43,-0.438287245922839,0.7559316411606456
187,1572051600,189,142,-47,331,43,-0.18646018563133654,-0.8735491310011688
187,1572066000,14,19,5,33,43,0.07030466015607771,-1.3685392126568474
187,1572080400,67,109,42,176,43,0.2530027235048148,-1.1310104150838205
187,1572094800,367,435,68,802,43,0.38138514639852195,-0.09119903549840166
187,1572109200,748,537,-211,1285,43,-0.9962570069608738,0.7110835465139902
187,1572123600,550,247,-303,797,43,-1.4505332725847606,-0.09950423821074526
187,1572138000,160,105,-55,265,43,-0.22596246959863106,-0.9831778068041044
187,1572152400,17,24,7,41,43,0.08018023114790133,-1.3552508883170977
187,1572166800,30,84,54,114,43,0.3122561494557566,-1.2339949287168812
187,1572181200,534,1193,659,1727,43,3.299616374482403,1.4452634662851644
187,1572195600,845,821,-24,1666,43,-0.07289111922536486,1.3439399931945726
187,1572210000,511,135,-376,646,43,-1.8109916137863231,-0.350321360123522
187,1572224400,85,51,-34,136,43,-0.12226897418448299,-1.1974520367825692
187,1572238800,11,9,-2,20,43,0.03574016168469502,-1.390132739708941
187,1572253200,472,544,72,1016,43,0.4011362883821692,0.2642636405899044
187,1572267600,547,728,181,1275,43,0.9393549074365568,0.6944731410893029
187,1572282000,768,536,-232,1304,43,-1.099950502375022,0.7426433168208958
187,1572296400,726,612,-114,1338,43,-0.5172918138574281,0.7991186952648324
187,1572310800,149,92,-57,241,44,-0.1444073990679947,-1.0090262724142889
187,1572325200,7,6,-1,13,44,0.14342836585397442,-1.3958641130996612
187,1572339600,537,595,58,1132,44,0.4466839038967633,0.5026952892114426
187,1572354000,598,891,293,1489,44,1.6545661316943125,1.1084019081793282
187,1572368400,882,731,-151,1613,44,-0.6275602901870144,1.3187874004818991
187,1572382800,741,639,-102,1380,44,-0.3757039958802914,0.9234662738165844
187,1572397200,133,118,-15,251,44,0.07146942462348213,-0.9920597004544041
187,1572411600,11,7,-4,18,44,0.12800859273315465,-1.3873808271197188
187,1572426000,497,554,57,1051,44,0.4415439795231567,0.3652660563363761
187,1572440400,547,729,182,1276,44,1.0840345262239808,0.747013925433783
187,1572454800,809,648,-161,1457,44,-0.6789595339230803,1.054108877907697
187,1572469200,714,598,-116,1312,44,-0.44766293711078364,0.8080935844893681
187,1572483600,149,106,-43,255,44,-0.07244845783750244,-0.9852730716704502
187,1572498000,11,7,-4,18,44,0.12800859273315465,-1.3873808271197188
187,1572512400,503,550,47,1053,44,0.3901447357870908,0.36865937072835303
187,1572526800,562,1105,543,1667,44,2.9395472250959607,1.4104068890652768
187,1572541200,876,664,-212,1540,44,-0.9410956769770165,1.1949314251747405
187,1572555600,670,471,-199,1141,44,-0.8742766601201308,0.5179652039753389
187,1572570000,160,142,-18,302,44,0.05604965150266236,-0.9055301834589918
187,1572584400,11,17,6,28,44,0.17940783646922057,-1.370414255159834
187,1572598800,448,513,65,961,44,0.4826633745120094,0.21256690869741332
187,1572613200,528,624,96,1152,44,0.6420010300938138,0.5366284331312121
187,1572627600,760,618,-142,1378,44,-0.581300970824555,0.9200729594246074
187,1572642000,753,553,-200,1306,44,-0.8794165844937374,0.7979136413134372
187,1572656400,175,135,-40,310,44,-0.05702868471668266,-0.891956925891084
187,1572670800,15,18,3,33,44,0.1639880633484008,-1.3619309691798915
187,1572685200,69,129,60,198,44,0.4569637526439765,-1.0819825318417933
187,1572699600,417,666,249,1083,44,1.4284094592556225,0.4195590866080073
187,1572714000,839,691,-148,1530,44,-0.6121405170661947,1.1779648532148557
187,1572728400,616,298,-318,914,44,-1.485927660579315,0.13282402048595499
187,1572742800,146,134,-12,280,44,0.08688919774430191,-0.9428566417707382
187,1572753600,12,23,11,35,44,0.20510745833725352,-1.3585376547879147
187,1572768000,28,54,26,82,44,0.2822063239413524,-1.2787947665764563
187,1572782400,192,413,221,605,44,1.2844915767946377,-0.39144305307448385
187,1572796800,961,592,-369,1553,44,-1.7480638036332512,1.2169879687225906
187,1572811200,1009,272,-737,1281,44,-3.639555973120477,0.7554972114137254
187,1572825600,138,115,-23,253,44,0.0303500296346294,-0.9886663860624271
187,1572840000,19,7,-12,26,44,0.08688919774430191,-1.373807569551811
187,1572854400,233,334,101,567,44,0.6677006519618467,-0.4559160265220459
187,1572868800,690,740,50,1430,44,0.40556450890791057,1.008299133616008
187,1572883200,643,626,-17,1269,44,0.06118957587626895,0.7351373250618637
187,1572897600,899,718,-181,1617,44,-0.7817580213952121,1.325574029265853
187,1572912000,229,145,-84,374,45,-0.6034944310631244,-0.6793967689805994
187,1572926400,13,14,1,27,45,0.04819193278906983,-1.288646615837802
187,1572940800,188,340,152,528,45,1.2058935909264972,-0.40900922887682656
187,1572955200,713,889,176,1602,45,1.389899152484764,1.4766804988598752
187,1572969600,651,633,-18,1284,45,-0.09747913677789125,0.9183477861780586
187,1572984000,841,606,-235,1447,45,-1.761196089200552,1.2045371955086752
187,1572998400,191,180,-11,371,45,-0.04381084799006348,-0.6846640587228807
187,1573012800,21,13,-8,34,45,-0.020810152795280153,-1.2763562731058122
187,1573027200,208,357,149,565,45,1.182892895731714,-0.34404598872202397
187,1573041600,737,689,-48,1426,45,-0.32748608872572454,1.1676661673127062
187,1573056000,617,530,-87,1147,45,-0.6264951262579077,0.6778082212805463
187,1573070400,866,753,-113,1619,45,-0.8258344846126966,1.506528474066136
187,1573084800,135,142,7,277,45,0.09419332317863648,-0.8497058039810278
187,1573099200,0,6,6,6,45,0.08652642478037537,-1.325517644033771
187,1573113600,208,361,153,569,45,1.2135604893247582,-0.33702293573231557
187,1573128000,762,771,9,1533,45,0.1095271199751587,1.3555328347874056
187,1573142400,701,593,-108,1294,45,-0.787499992621391,0.9359054186523295
187,1573156800,913,684,-229,1597,45,-1.7151946988109854,1.4679016826227398
187,1573171200,127,127,0,254,45,0.04052503439080872,-0.890088358671851
187,1573185600,0,6,6,6,45,0.08652642478037537,-1.325517644033771
187,1573200000,184,328,144,512,45,1.1445584037404084,-0.4371014408356601
187,1573214400,667,767,100,1434,45,0.8072148742169196,1.181712273292123
187,1573228800,691,686,-5,1377,45,0.002190542399503173,1.0816337681887784
187,1573243200,878,676,-202,1554,45,-1.5081884420579355,1.3924038629833746
187,1573257600,211,159,-52,370,45,-0.358153682318769,-0.6864198219703078
187,1573272000,22,25,3,47,45,0.06352572958559204,-1.25353135088926
187,1573286400,28,67,39,95,45,0.33953407192299195,-1.1692547150127595
187,1573300800,237,484,247,721,45,1.9342489387613027,-0.07014692212339688
187,1573315200,641,673,32,1314,45,0.2858657831351642,0.9710206836008715
187,1573329600,716,286,-430,1002,45,-3.256241276861468,0.4232225504036173
187,1573344000,171,146,-25,317,45,-0.151147425565719,-0.7794752740839439
187,1573358400,24,37,13,61,45,0.14019471356820312,-1.2289506654252806
187,1573372800,16,45,29,61,45,0.2628650879403809,-1.2289506654252806
187,1573387200,213,409,196,622,45,1.543237120449986,-0.24396748361867945
187,1573401600,556,622,66,1178,45,0.546540328676042,0.7322368819507863
187,1573416000,485,266,-219,751,45,-1.6385257148283743,-0.01747402470058398
187,1573430400,120,101,-19,221,45,-0.10514603517615236,-0.9480285458369452
187,1573444800,15,8,-7,23,45,-0.013143254397019044,-1.2956696688275104
187,1573459200,148,321,173,469,45,1.3668984572899805,-0.5125992604750252
187,1573473600,620,702,82,1322,45,0.6692107030482197,0.9850667895802883
187,1573488000,600,613,13,1213,45,0.14019471356820312,0.7936885956107347
187,1573502400,727,609,-118,1336,45,-0.864168976604002,1.0096474750442677
187,1573516800,121,109,-12,230,46,-0.06820084741525174,-0.9097173396221806
187,1573531200,0,5,5,5,46,0.08302711859248038,-1.3099794152078779
187,1573545600,226,327,101,553,46,0.9370203384008501,-0.3351188933369352
187,1573560000,760,749,-11,1509,46,-0.05930508470891457,1.3655501922627387
187,1573574400,589,605,16,1194,46,0.1808805083621894,0.8051832864427624
187,1573588800,880,681,-199,1561,46,-1.7317084735003052,1.4580552052869886
187,1573603200,103,106,3,209,46,0.06523559317980601,-0.9470751333435123
187,1573617600,1,5,4,6,46,0.0741313558861432,-1.3082004726497192
187,1573632000,233,322,89,555,46,0.8302711859248039,-0.33156100822061785
187,1573646400,729,761,32,1490,46,0.3232127116635844,1.3317502836577242
187,1573660800,587,533,-54,1120,46,-0.4418228810814135,0.673541537139022
187,1573675200,839,630,-209,1469,46,-1.820666100563677,1.2943924899363923
187,1573689600,123,120,-3,243,46,0.01186101694178291,-0.886591086366118
187,1573704000,0,4,4,4,46,0.0741313558861432,-1.3117583577660366
187,1573718400,214,343,129,557,46,1.1861016941782914,-0.3280031231043005
187,1573732800,695,752,57,1447,46,0.545606779322014,1.255255753656902
187,1573747200,634,509,-125,1143,46,-1.0734220332313535,0.714457215976671
187,1573761600,860,622,-238,1482,46,-2.0786432190474553,1.3175187431924549
187,1573776000,115,135,20,250,46,0.21646355918753815,-0.8741384884590074
187,1573790400,0,3,3,3,46,0.06523559317980601,-1.3135373003241952
187,1573804800,203,328,125,531,46,1.1505186433529426,-0.37425562961642556
187,1573819200,719,691,-28,1410,46,-0.2105330507166467,1.1894348790050318
187,1573833600,649,604,-45,1253,46,-0.3617610167243788,0.9101408973741231
187,1573848000,889,661,-228,1550,46,-1.9896855919840835,1.4384868371472435
187,1573862400,192,209,17,401,46,0.1897762710685266,-0.6055181621770507
187,1573876800,22,24,2,46,46,0.056339830473468834,-1.237042770323373
187,1573891200,22,87,65,109,46,0.6167728809727114,-1.1249693891593777
187,1573905600,256,513,257,769,46,2.324759320589451,0.04913269922533422
187,1573920000,547,752,205,1299,46,1.8621796598599174,0.9919722550494211
187,1573934400,657,474,-183,1131,46,-1.5893762701989103,0.6931099052787671
187,1573948800,184,177,-7,361,46,-0.023722033883565828,-0.6766758645033968
187,1573963200,22,27,5,49,46,0.08302711859248038,-1.231705942648897
187,1573977600,14,48,34,62,46,0.34100423707625876,-1.2085796893928344
187,1573992000,205,383,178,588,46,1.6219940667888133,-0.27285590380138225
187,1574006400,510,553,43,1063,46,0.4210661014332934,0.5721418113239787
187,1574020800,425,274,-151,699,46,-1.3047118635961203,-0.0753932798457716
187,1574035200,114,78,-36,192,46,-0.28169915236734416,-0.9773171568322094
187,1574049600,9,10,1,19,46,0.04744406776713165,-1.2850742193936566
187,1574064000,206,353,147,559,46,1.3462254228923607,-0.32444523798798325
187,1574078400,681,696,15,1377,46,0.17198474565585223,1.1307297745857963
187,1574092800,601,579,-22,1180,46,-0.1571584744786236,0.7802780906285413
187,1574107200,824,636,-188,1460,46,-1.633855083730596,1.2783820069129646
187,1574121600,124,120,-4,244,47,0.10015455135261878,-0.872836738876896
187,1574136000,0,11,11,11,47,0.21065782167162023,-1.3020403129007794
187,1574150400,204,307,103,511,47,0.8884112129614959,-0.3810026004031755
187,1574164800,713,667,-46,1380,47,-0.2092546055405853,1.21976094391766
187,1574179200,559,425,-134,984,47,-0.8575404580787271,0.4902990756195577
187,1574193600,777,572,-205,1349,47,-1.3805892709220007,1.1626566057428085
187,1574208000,99,141,42,240,47,0.4390312469975566,-0.8802050405768768
187,1574222400,0,6,6,6,47,0.17382339823195309,-1.3112506900257554
187,1574236800,221,386,165,607,47,1.3451580636133686,-0.20416335960363557
187,1574251200,710,717,7,1427,47,0.1811902829198865,1.3063384888924348
187,1574265600,598,519,-79,1117,47,-0.45236180024238853,0.7352951071439203
187,1574280000,799,655,-144,1454,47,-0.9312093049580614,1.3560745253673052
187,1574294400,148,107,-41,255,47,-0.17242018210091814,-0.8525739092019486
187,1574308800,0,12,12,12,47,0.21802470635955368,-1.3001982374757841
187,1574323200,209,367,158,576,47,1.2935898707978346,-0.261267697778487
187,1574337600,742,715,-27,1457,47,-0.06928379646985013,1.361600751642291
187,1574352000,579,509,-70,1088,47,-0.38605983805098765,0.6818749198190593
187,1574366400,814,644,-170,1458,47,-1.1227483068443307,1.363442827067286
187,1574380800,139,144,5,283,47,0.16645651354401966,-0.8009957973020829
187,1574395200,3,5,2,8,47,0.14435585948021937,-1.307566539175765
187,1574409600,183,313,130,496,47,1.0873170995356984,-0.40863373177810364
187,1574424000,652,777,125,1429,47,1.0504826760960313,1.310022639742425
187,1574438400,679,668,-11,1347,47,0.04858635853708477,1.1589724548928182
187,1574452800,851,657,-194,1508,47,-1.299553539354733,1.4555465983170466
187,1574467200,220,125,-95,345,47,-0.5702319552493234,-0.68678712095238
187,1574481600,18,31,13,49,47,0.2253915910474871,-1.2320414467509615
187,1574496000,23,65,42,88,47,0.4390312469975566,-1.1602005051761484
187,1574510400,223,389,166,612,47,1.352524948301302,-0.19495298247865955
187,1574524800,557,427,-130,984,47,-0.8280729193269935,0.4902990756195577
187,1574539200,631,250,-381,881,47,-2.6771609759982846,0.30056530684505134
187,1574553600,170,121,-49,291,47,-0.2313552596043856,-0.7862591939021212
187,1574568000,28,29,1,57,47,0.13698897479228594,-1.2173048433509999
187,1574582400,22,44,22,66,47,0.29169355323888796,-1.200726164526043
187,1574596800,163,542,379,705,47,2.9216713868311226,-0.023639967954105234
187,1574611200,573,604,31,1177,47,0.35799551543028885,0.8458196326436328
187,1574625600,503,186,-317,689,47,-2.205680355970545,-0.05311317475402856
187,1574640000,120,79,-41,199,47,-0.17242018210091814,-0.9557301330016803
187,1574654400,14,14,0,28,47,0.1296220901043525,-1.2707250306758608
187,1574668800,183,364,181,547,47,1.4630282186203034,-0.31468788510334805
187,1574683200,664,660,-4,1324,47,0.10015455135261878,1.1166047201179283
187,1574697600,665,675,10,1340,47,0.2032909369836868,1.1460779269178516
187,1574712000,864,656,-208,1520,47,-1.402689924985801,1.477651503416989
187,1574726400,225,124,-101,349,48,-0.3500867927816858,-0.6107680666376709
187,1574740800,17,9,-8,26,48,-0.01826465917206077,-1.1304093079049424
187,1574755200,193,347,154,540,48,0.5597480896963183,-0.30348795183256605
187,1574769600,694,951,257,1645,48,0.9272500226188063,1.4742320840817837
187,1574784000,725,654,-71,1379,48,-0.24304739484309706,1.0462922383322661
187,1574798400,908,677,-231,1585,48,-0.8139241838489035,1.3777042993262534
187,1574812800,195,150,-45,345,48,-0.1502799166296535,-0.6172032522880396
187,1574827200,16,11,-5,27,48,-0.007560719378201901,-1.1288005114923503
187,1574841600,143,260,117,403,48,0.42773283223872555,-0.5238930603576936
187,1574856000,536,846,310,1382,48,1.1163529589769796,1.0511186275700426
187,1574870400,921,1096,175,2017,48,0.6346756682533303,2.0727043495660715
187,1574884800,1867,617,-1250,2484,48,-4.449695733829634,2.824012274246616
187,1574899200,600,345,-255,945,48,-0.8995557021997745,0.34807459526726353
187,1574913600,15,38,23,53,48,0.09234271869781423,-1.0869718047649537
187,1574928000,35,570,535,605,48,1.919148443516395,-0.1989161850140749
187,1574942400,406,911,505,1317,48,1.8121090455778064,0.9465468607515515
187,1574956800,440,243,-197,683,48,-0.6926128661851697,-0.07343006483188551
187,1574971200,191,124,-67,315,48,-0.2287754751179519,-0.6654671446658047
187,1574985600,123,98,-25,221,48,-0.07892031800392771,-0.8166940074494689
187,1575000000,10,12,2,22,48,0.017415140140802133,-1.136844493555311
187,1575014400,45,122,77,167,48,0.2850136349872739,-0.9035690137294462
187,1575028800,269,650,381,919,48,1.3696795340983063,0.30624588853986706
187,1575043200,679,737,58,1416,48,0.21722201629283439,1.1058177055981764
187,1575057600,633,369,-264,1002,48,-0.931667521581351,0.4397759907850173
187,1575072000,175,112,-63,287,48,-0.21450355539280674,-0.7105134442183856
187,1575086400,16,18,2,34,48,0.017415140140802133,-1.117538936604205
187,1575100800,23,57,34,80,48,0.13159049794196342,-1.0435343016249652
187,1575115200,182,388,206,570,48,0.7452830461232054,-0.2552240594548009
187,1575129600,555,498,-57,1053,48,-0.19309567580508902,0.5218246078272181
187,1575144000,578,220,-358,798,48,-1.2670576351222622,0.11158152261621425
187,1575158400,154,112,-42,266,48,-0.13957597683579465,-0.7442981688828212
187,1575172800,22,26,4,48,48,0.024551100003374713,-1.0950157868279147
187,1575187200,17,41,24,58,48,0.09591069862910051,-1.078927822701993
187,1575201600,143,458,315,601,48,1.1341928586334111,-0.2053513706644436
187,1575216000,532,650,118,1182,48,0.4313008121700118,0.7293593450516083
187,1575230400,656,179,-477,835,48,-1.6916472469453308,0.1711069898821246
187,1575244800,104,56,-48,160,48,-0.1609838564235124,-0.9148305886175914
187,1575259200,7,10,3,17,48,0.020983120072088423,-1.144888475618272
187,1575273600,195,299,104,494,48,0.38134909313200377,-0.377492586811806
187,1575288000,659,788,129,1447,48,0.470548591414161,1.1556903943885337
187,1575302400,654,661,7,1315,48,0.03525503979723359,0.9433292679263671
187,1575316800,804,707,-97,1511,48,-0.3358148730565406,1.2586533647944327
187,1575331200,195,106,-89,301,49,-0.6865782253749266,-0.8168695633132609
187,1575345600,12,5,-7,17,49,-0.004064883770192687,-1.338034137117218
187,1575360000,227,375,148,602,49,1.2860517985314386,-0.2645085185421655
187,1575374400,730,632,-98,1362,49,-0.7614882262827634,1.1301572423416633
187,1575388800,577,507,-70,1084,49,-0.5284348901250493,0.6200031877025786
187,1575403200,774,654,-120,1428,49,-0.9446015618352529,1.2512729531552589
187,1575417600,215,132,-83,347,49,-0.6366382247697022,-0.7324555830492396
187,1575432000,9,8,-1,17,49,0.04587511683503175,-1.338034137117218
187,1575446400,224,373,149,597,49,1.2943751319656427,-0.2736839511795591
187,1575460800,736,735,-1,1471,49,0.04587511683503175,1.330181673836844
187,1575475200,614,556,-58,1170,49,-0.4285548889146004,0.7778206290657487
187,1575489600,804,690,-114,1494,49,-0.8946615612300285,1.3723886639688545
187,1575504000,234,149,-85,383,49,-0.6532848916381103,-0.6663924680600056
187,1575518400,10,8,-2,18,49,0.037551783400827675,-1.3361990505897392
187,1575532800,221,368,147,589,49,1.2777284650972345,-0.2883646433993889
187,1575547200,719,695,-24,1414,49,-0.14556155215166192,1.2255817417705568
187,1575561600,620,507,-113,1127,49,-0.8863382277958244,0.6989119083841636
187,1575576000,828,659,-169,1487,49,-1.3524449001112524,1.3595430582765036
187,1575590400,212,147,-65,359,49,-0.48681822295402893,-0.710434544719495
187,1575604800,10,6,-4,16,49,0.02090511653241953,-1.3398692236446965
187,1575619200,176,329,153,505,49,1.3276684657024589,-0.44251191170760157
187,1575633600,726,776,50,1502,49,0.4703651219794394,1.3870693561886844
187,1575648000,728,595,-133,1323,49,-1.052804896479906,1.058588867769993
187,1575662400,799,635,-164,1434,49,-1.310828232940232,1.2622834723201313
187,1575676800,233,198,-35,431,49,-0.23711821992790671,-0.578308314741027
187,1575691200,32,29,-3,61,49,0.029228449966623604,-1.2572903299081541
187,1575705600,30,71,41,101,49,0.3954551210716028,-1.1838868688090052
187,1575720000,254,523,269,777,49,2.293175144070131,0.05663162376661085
187,1575734400,521,624,103,1145,49,0.9115017939922553,0.7319434658787806
187,1575748800,598,367,-231,965,49,-1.868491573031905,0.4016278909326106
187,1575763200,184,167,-17,351,49,-0.0872982181122334,-0.7251152369393248
187,1575777600,35,47,12,82,49,0.1540784514796847,-1.218753512831101
187,1575792000,21,47,26,68,49,0.27060511955854166,-1.244444724215803
187,1575806400,204,440,236,644,49,2.018505140741397,-0.1874348843880592
187,1575820800,457,538,81,995,49,0.7283884584397656,0.45668048675697226
187,1575835200,422,282,-140,704,49,-1.1110682305193345,-0.07732969273933586
187,1575849600,115,126,11,241,49,0.14575511804548064,-0.9269747549619841
187,1575864000,14,16,2,30,49,0.07084511713764398,-1.3141780122599944
187,1575878400,191,325,134,516,49,1.1695251304525816,-0.4223259599053356
187,1575883309,128,223,95,351,49,0.8449151265186227,-0.7251152369393248
187,1575892800,716,911,195,1627,49,1.67724846993903,1.6164551721235245
187,1575907200,753,739,-14,1492,49,-0.062328217809621195,1.3687184909138972
187,1575921600,874,582,-292,1456,49,-2.3762149125183534,1.302655375924663
187,1575936000,216,165,-51,381,50,-0.4418740263973425,-0.7387008428179582
187,1575950400,13,10,-3,23,50,-0.09060508427705762,-1.371296005855367
187,1575964800,233,420,187,653,50,1.2998344782824036,-0.2580698809571338
187,1575979200,728,852,124,1580,50,0.8387939917495295,1.3799628456788375
187,1575993600,651,689,38,1340,50,0.20943713711735243,0.9558767028604631
187,1576008000,874,658,-216,1532,50,-1.649361014935822,1.2951456171151627
187,1576022400,218,221,3,439,50,-0.04669646651202201,-0.6362133583035178
187,1576036800,12,18,6,30,50,-0.0247421576295042,-1.358926826689831
187,1576051200,203,381,178,584,50,1.2339715516348502,-0.3799946470174165
187,1576065600,739,776,37,1515,50,0.20211903415651317,1.2651061819988612
187,1576080000,632,565,-67,1197,50,-0.5589636737707708,0.703192042764515
187,1576094400,822,721,-101,1543,50,-0.807779174439306,1.3145828986610049
187,1576108800,227,241,14,468,50,0.033802666057209954,-0.5849696160462975
187,1576123200,13,18,5,31,50,-0.03206026059034347,-1.3571598010947543
187,1576137600,213,354,141,567,50,0.9632017420837972,-0.410034082133718
187,1576152000,753,847,94,1600,50,0.6192509029243515,1.4153033575803688
187,1576166400,590,586,-4,1176,50,-0.09792318723789689,0.6660845052679072
187,1576180800,826,658,-168,1484,50,-1.298092072815537,1.2103283885514877
187,1576195200,258,268,10,526,50,0.004530254213852878,-0.482482131531857
187,1576209600,17,29,12,46,50,0.019166460135531416,-1.3306544171686059
187,1576224000,195,362,167,557,50,1.153472419065618,-0.4277043380844836
187,1576238400,679,922,243,1601,50,1.7096482440894025,1.4170703831754454
187,1576252800,716,734,18,1450,50,0.06307507790056703,1.1502495183188848
187,1576267200,898,605,-293,1503,50,-2.212854942920446,1.2439018748579425
187,1576281600,264,223,-41,487,50,-0.36869299678894984,-0.5513961297398429
187,1576296000,44,40,-4,84,50,-0.09792318723789689,-1.2635074445556966
187,1576310400,23,70,47,93,50,0.27530006376490584,-1.2476042142000077
187,1576324800,244,646,402,890,50,2.8732266148628463,0.16071518507601099
187,1576339200,637,760,123,1397,50,0.8314758887886903,1.056597161779827
187,1576353600,701,351,-350,1052,50,-2.6299868116882843,0.4469733314784138
187,1576368000,228,176,-52,404,50,-0.4491921293581818,-0.6980592541311973
187,1576382400,41,49,8,90,50,-0.010105951707825661,-1.2529052909852374
187,1576396800,27,40,13,67,50,0.026484563096370685,-1.2935468796719982
187,1576411200,211,297,86,508,50,0.5607060792376374,-0.5142885922432351
187,1576425600,509,469,-40,978,50,-0.36137489382811055,0.31621343744274827
187,1576440000,407,275,-132,682,50,-1.0346403662253234,-0.20682613869991356
187,1576454400,147,94,-53,241,50,-0.45651023231902105,-0.9860844261286766
187,1576468800,19,11,-8,30,50,-0.12719559908125394,-1.358926826689831
187,1576483200,196,355,159,551,50,1.094927595378904,-0.43830649165494295
187,1576497600,691,785,94,1476,50,0.6192509029243515,1.1961921837908753
187,1576512000,611,573,-38,1184,50,-0.34673868790643203,0.6802207100285197
187,1576526400,857,663,-194,1520,50,-1.488362749797358,1.273941309974244
187,1576540800,208,159,-49,367,51,-0.3251703529322545,-0.69230691571306
187,1576555200,13,6,-7,19,51,-0.08863406321163719,-1.295583484011044
187,1576569600,210,337,127,547,51,0.6660293373255702,-0.3802673114209994
187,1576584000,728,1016,288,1744,51,1.572751781254603,1.694796057121204
187,1576598400,687,632,-55,1319,51,-0.3589612514637712,0.9580358803205052
187,1576612800,886,590,-296,1476,51,-1.7162290091463608,1.2302037573974693
187,1576627200,187,148,-39,335,51,-0.2688521887130599,-0.7477806231427597
187,1576641600,11,15,4,26,51,-0.026684082570523144,-1.2834486105107972
187,1576656000,215,339,124,554,51,0.6491338880598119,-0.36813243792075256
187,1576670400,707,825,118,1532,51,0.6153429895282951,1.3272827453994438
187,1576684800,584,596,12,1180,51,0.018370448804832525,0.7170719636727473
187,1576699200,875,626,-249,1501,51,-1.4515336373161463,1.273542591326922
187,1576713600,198,149,-49,347,51,-0.3251703529322545,-0.7269779828566223
187,1576728000,15,16,1,31,51,-0.04357953183628152,-1.2747808437249066
187,1576742400,175,325,150,500,51,0.7955611150297178,-0.4617443192083708
187,1576756800,702,836,134,1538,51,0.7054520522790064,1.3376840655425124
187,1576771200,673,570,-103,1243,51,-0.6292884397159052,0.8262858251749685
187,1576785600,848,809,-39,1657,51,-0.2688521887130599,1.543976915046708
187,1576800000,256,186,-70,442,51,-0.4434384977925631,-0.5622904139247015
187,1576814400,25,15,-10,40,51,-0.10552951247739556,-1.2591788635103036
187,1576828800,146,319,173,465,51,0.9250928927338653,-0.5224186867096048
187,1576843200,631,865,234,1496,51,1.2686336944709524,1.2648748245410315
187,1576857600,693,628,-65,1321,51,-0.4152794156829658,0.9615029870348615
187,1576872000,898,607,-291,1505,51,-1.6880699270367634,1.2804768047556345
187,1576886400,250,180,-70,430,51,-0.4434384977925631,-0.5830930542108388
187,1576900800,34,25,-9,59,51,-0.0998976960554761,-1.2262413497239193
187,1576915200,18,57,39,75,51,0.1704294921966579,-1.1985044960090696
187,1576929600,200,485,285,685,51,1.5558563319888448,-0.14103694813041953
187,1576944000,544,598,54,1142,51,0.25490673852544976,0.651196936099979
187,1576958400,613,262,-351,875,51,-2.025978912351931,0.18833818973342228
187,1576972800,192,136,-56,328,51,-0.3645930678856907,-0.7599154966430065
187,1576987200,24,22,-2,46,51,-0.060474981102039894,-1.2487775433672348
187,1577001600,19,43,24,62,51,0.08595224586786603,-1.221040689652385
187,1577016000,159,464,305,623,51,1.6684926604272339,-0.24851725627546264
187,1577030400,500,572,72,1072,51,0.35627943412,0.5298482010975109
187,1577044800,560,259,-301,819,51,-1.744388091255958,0.09125920173144784
187,1577059200,153,106,-47,259,51,-0.3139067200884156,-0.8795306782882965
187,1577073600,16,12,-4,28,51,-0.07173861394587881,-1.279981503796441
187,1577088000,83,216,133,299,51,0.699820235857087,-0.8101885440011718
187,1577102400,429,916,487,1345,51,2.6934832492165754,1.0031082676071361
187,1577116800,731,856,125,1587,51,0.6547657044817313,1.42262818004424
187,1577131200,814,454,-360,1268,51,-2.076665260149206,0.8696246591044214
187,1577145600,154,123,-31,277,52,-0.2760138382803513,-0.5756090519603032
187,1577160000,15,10,-5,25,52,-0.18963839440525643,-0.9633661856488657
187,1577174400,58,190,132,248,52,0.26549375216735893,-0.6202318967101774
187,1577188800,261,743,482,1004,52,1.4282401120244057,0.5430395043555098
187,1577203200,666,644,-22,1310,52,-0.24611464616974155,1.0138874524059072
187,1577217600,519,232,-287,751,52,-1.1264797472043624,0.15374365188246897
187,1577232000,129,92,-37,221,52,-0.29594663302075785,-0.6617773038910949
187,1577246400,10,10,0,20,52,-0.17302773212158432,-0.9710597795712578
187,1577260800,18,25,7,43,52,-0.1497728049244434,-0.9356692475282541
187,1577275200,103,131,28,234,52,-0.0800080233330206,-0.6417739596928754
187,1577289600,286,226,-60,512,52,-0.37235567952564946,-0.21401013760787396
187,1577304000,249,133,-116,382,52,-0.5583950971027769,-0.4140435795900689
187,1577318400,72,70,-2,142,52,-0.17967199703505315,-0.7833360878648903
187,1577332800,10,7,-3,17,52,-0.1829941294917876,-0.975675935924693
187,1577347200,55,184,129,239,52,0.25552735479715566,-0.6340803657704832
187,1577361600,271,1040,769,1311,52,2.3816921271071836,1.0154261711903856
187,1577376000,869,1124,255,1993,52,0.6741160443456925,2.0648323822046692
187,1577390400,902,339,-563,1241,52,-2.043388305263062,0.9077158562768959
187,1577404800,165,148,-17,313,52,-0.22950398388606946,-0.52021517571908
187,1577419200,14,10,-4,24,52,-0.186316261948522,-0.9649049044333441
187,1577433600,80,159,79,239,52,0.08942073196043476,-0.6340803657704832
187,1577448000,363,1109,746,1472,52,2.305283080602292,1.2631598954914114
187,1577462400,933,1210,277,2143,52,0.7472029583938496,2.295640199876433
187,1577476800,986,479,-507,1465,52,-1.8573488876859348,1.2523888640000624
