remote_unit_id,time_stamp,entries,exits,num_people_exited,sum_exit_entry,week_num,z_score_num_people_exited,z_score_sum_exit_entry
173,1546300800,0,0,0,0,1,0.5645707062652684,-1.678091676446825
173,1546315200,61,96,35,157,1,0.7254033606149236,-1.0525714452231203
173,1546329600,78,32,-46,110,1,0.3531906462628643,-1.23982909406079
173,1546344000,156,43,-113,199,1,0.04531099365066702,-0.8852348228575433
173,1546358400,241,106,-135,347,1,-0.05578381765483059,-0.2955724392836051
173,1546372800,176,188,12,364,1,0.6197133306137216,-0.2278409492784906
173,1546387200,84,121,37,205,1,0.7345937980063325,-0.8613295910910322
173,1546401600,19,41,22,60,1,0.665665517570766,-1.439039358781715
173,1546416000,456,64,-392,520,1,-1.2367550224508708,0.3936950766507955
173,1546430400,617,107,-510,724,1,-1.7789908285439942,1.2064729567121697
173,1546444800,365,183,-182,548,1,-0.2717590963529391,0.5052528248945135
173,1546459200,307,471,164,778,1,1.3181865723607962,1.4216200426107688
173,1546473600,123,199,76,322,1,0.9138073271388055,-0.39517757164406764
173,1546488000,28,49,21,77,1,0.6610702988750615,-1.3713078687766003
173,1546502400,453,64,-389,517,1,-1.2229693663637573,0.38174246076754004
173,1546516800,702,119,-583,821,1,-2.114441793330418,1.5929408702707644
173,1546531200,363,188,-175,551,1,-0.23959256548300806,0.5172054407777691
173,1546545600,337,455,118,792,1,1.106806512358392,1.4773989167326278
173,1546560000,136,211,75,347,1,0.9092121084431012,-0.2955724392836051
173,1546574400,32,39,7,71,1,0.5967372371351994,-1.3952131005431114
173,1546588800,459,53,-406,512,1,-1.3010880841907329,0.3618214342954475
173,1546601556,626,55,-571,681,1,-2.059299168981965,1.0351521290521741
173,1546603200,672,96,-576,768,1,-2.082275262460487,1.3817779896665838
173,1546617600,354,210,-144,564,1,-0.09714078591617052,0.5690001096052095
173,1546632000,366,456,90,822,1,0.9781403888786677,1.5969250755651827
173,1546646400,180,251,71,431,1,0.8908312336602834,0.03910080544754895
173,1546660800,33,73,40,106,1,0.7483794540934459,-1.255765915238464
173,1546675200,157,47,-110,204,1,0.05909664973778033,-0.8653137963854507
173,1546689600,356,103,-253,459,1,-0.5980196237479541,0.15065855369126696
173,1546704000,372,197,-175,569,1,-0.23959256548300806,0.588921136077302
173,1546718400,265,233,-32,498,1,0.4175237080027264,0.3060425601735885
173,1546732800,144,183,39,327,1,0.7437842353977414,-0.37525654517197515
173,1546747200,35,76,41,111,1,0.7529746727891503,-1.2358448887663713
173,1546761600,113,32,-81,145,1,0.192357991913209,-1.1003819087561424
173,1546776000,248,86,-162,334,1,-0.1798547224388504,-0.34736710811104565
173,1546790400,315,186,-129,501,1,-0.02821250548060397,0.317995176056844
173,1546804800,209,212,3,421,1,0.5783563623523816,-0.0007412474966360581
173,1546819200,110,138,28,248,1,0.6932368297449926,-0.6900087634310367
173,1546833600,19,32,13,51,1,0.624308549309426,-1.4748972064314814
173,1546848000,538,79,-459,617,1,-1.544634675063068,0.7801629902093901
173,1546862400,716,126,-590,842,1,-2.1466083242003493,1.6766091814535529
173,1546876800,361,224,-137,585,1,-0.06497425504623947,0.652668420787998
173,1546891200,315,490,175,805,1,1.368733978013545,1.5291935855600682
173,1546905600,130,223,93,353,2,0.9370407288256469,-0.549728810402196
173,1546920000,24,51,27,75,2,0.6782247762245416,-1.5532675205735595
173,1546934400,542,56,-486,598,2,-1.333481037174959,0.33468480107976106
173,1546948800,761,127,-634,888,2,-1.9138562036138012,1.3815417289563632
173,1546963200,409,238,-171,647,2,-0.09822308157877442,0.5115675233761524
173,1546977600,487,475,-12,962,2,0.525288076960252,1.6486707381386687
173,1546992000,168,206,38,374,2,0.7213607683247257,-0.4739219294180283
173,1547006400,31,62,31,93,2,0.6939105915336995,-1.4882901940157014
173,1547020800,563,66,-497,629,2,-1.3766170292751432,0.44659019681829437
173,1547035200,806,130,-676,936,2,-2.0785572643599592,1.5548145997773182
173,1547049600,404,276,-128,680,2,0.070399432994673,0.6306926220655589
173,1547064000,346,483,137,829,2,1.1095846972263839,1.1685604919056063
173,1547078400,133,241,108,374,2,0.995862536234989,-0.4739219294180283
173,1547092800,24,58,34,82,2,0.7056749530155679,-1.5279985602455037
173,1547107200,548,62,-486,610,2,-1.333481037174959,0.37800301878499976
173,1547121600,741,143,-598,884,2,-1.7726838658313802,1.367102323054617
173,1547136000,393,203,-190,596,2,-0.17273070429727444,0.3274650981288879
173,1547150400,350,510,160,860,2,1.1997781352540418,1.2804658876441397
173,1547164800,125,223,98,348,2,0.9566479979620942,-0.5677780677793788
173,1547179200,26,52,26,78,2,0.6743033223972521,-1.5424379661472498
173,1547193600,552,55,-497,607,2,-1.3766170292751432,0.3671734643586901
173,1547208000,709,118,-591,827,2,-1.7452336890403537,1.1613407889547331
173,1547222400,383,248,-135,631,2,0.04294925620364667,0.4538098997691675
173,1547236800,371,518,147,889,2,1.1487992354992784,1.3851515804317998
173,1547251200,156,240,84,396,2,0.9017476443800416,-0.39450519695842395
173,1547265600,38,74,36,112,2,0.7135178606701469,-1.419703015982407
173,1547280000,170,38,-132,208,2,0.054713617685515095,-1.0731572743404971
173,1547294400,359,110,-249,469,2,-0.40409648010735344,-0.13098603925155514
173,1547308800,365,193,-172,558,2,-0.10214453540606389,0.19029074206229865
173,1547323200,295,264,-31,559,2,0.45078045424175206,0.19390059353773523
173,1547337600,155,202,47,357,2,0.756653852770331,-0.5352894045004498
173,1547352000,39,78,39,117,2,0.7252822221520152,-1.401653758605224
173,1547366400,106,27,-79,133,2,0.26255067053185727,-1.343896134998239
173,1547380800,267,71,-196,338,2,-0.19625942726101128,-0.6038765825337444
173,1547395200,319,139,-180,458,2,-0.13351616602437968,-0.17069440548135728
173,1547409600,196,184,-12,380,2,0.525288076960252,-0.4522628205654089
173,1547424000,103,149,46,252,2,0.7527323989430416,-0.9143238094212885
173,1547438400,23,44,21,67,2,0.6546960532608047,-1.582146332377052
173,1547452800,595,70,-525,665,2,-1.4864177364392483,0.5765448499340106
173,1547467200,724,123,-601,847,2,-1.7844482273132485,1.2335378184634644
173,1547481600,400,224,-176,624,2,-0.11783035071522178,0.4285409394411116
173,1547496000,340,492,152,832,2,1.168406504635726,1.179390046331916
173,1547510400,140,203,63,343,3,0.7920292306761983,-0.47020970314593286
173,1547524800,23,55,32,78,3,0.6721754349602046,-1.3278685028860562
173,1547539200,578,74,-504,652,3,-1.4001353554840743,0.5298528218340601
173,1547553600,753,149,-604,902,3,-1.786760502955022,1.3389648970605916
173,1547568000,400,239,-161,639,3,-0.07401109965872424,0.48777899392228047
173,1547582400,381,477,96,858,3,0.9196155293416111,1.196561171820722
173,1547596800,137,277,140,414,3,1.089730594228828,-0.2404218737815979
173,1547611200,19,51,32,70,3,0.6721754349602046,-1.3537600892933053
173,1547625600,552,74,-478,626,3,-1.299612817141628,0.4457051660105008
173,1547640000,788,72,-716,860,3,-2.219780668122483,1.2030340684225342
173,1547654400,1100,387,-713,1487,3,-2.208181913698355,3.2322871530906756
173,1547668800,366,492,126,858,3,1.0356030735828954,1.196561171820722
173,1547683200,146,286,140,432,3,1.089730594228828,-0.18216580436528765
173,1547697600,27,46,19,73,3,0.6219141657889814,-1.344050744390587
173,1547712000,519,70,-449,589,3,-1.1874915243750532,0.32595657887697416
173,1547726400,789,113,-676,902,3,-2.0651306091341044,1.3389648970605916
173,1547740800,438,219,-219,657,3,-0.29825368519187384,0.5460350633385908
173,1547755200,344,529,185,873,3,1.2637119105907546,1.2451078963343138
173,1547769600,128,244,116,372,3,0.9969405588358007,-0.3763527024196552
173,1547784000,30,51,21,81,3,0.6296466687384004,-1.3181591579833378
173,1547798400,512,55,-457,567,3,-1.218421536172729,0.2547547162570394
173,1547812800,727,118,-609,845,3,-1.8060917603285693,1.1544873439089425
173,1547827200,434,220,-214,654,3,-0.27892242781832643,0.5363257184358723
173,1547841600,402,517,115,919,3,0.9930743073610913,1.3939845181759958
173,1547856000,181,260,79,441,3,0.8538892542715499,-0.1530377696571325
173,1547870400,43,64,21,107,3,0.6296466687384004,-1.2340115021597786
173,1547884800,171,42,-129,213,3,0.04970894753197899,-0.8909479822637293
173,1547899200,364,106,-258,470,3,-0.4490374927055434,-0.05918076893085485
173,1547913600,380,211,-169,591,3,-0.10494111145640005,0.3324294754787864
173,1547928000,271,166,-105,437,3,0.1424989829250064,-0.16598356286075702
173,1547942400,132,186,54,318,3,0.7572329674038131,-0.551120910668586
173,1547956800,37,57,20,94,3,0.6257804172636909,-1.2760853300715582
173,1547971200,92,33,-59,125,3,0.3203465507616423,-1.1757554327434683
173,1547985600,237,55,-182,292,3,-0.15520238062762323,-0.6352685664921452
173,1548000000,262,142,-120,404,3,0.08450521080436428,-0.27278635679065916
173,1548014400,186,180,-6,366,3,0.5252578789212445,-0.39577139222509194
173,1548028800,88,138,50,226,3,0.7417679615049751,-0.8488741543519496
173,1548043200,24,34,10,58,3,0.5871179025165961,-1.3925974689041787
173,1548057600,208,36,-172,244,3,-0.11653986588052848,-0.7906180849356393
173,1548072000,376,103,-273,479,3,-0.5070312648261855,-0.030052734222699714
173,1548086400,242,185,-57,427,3,0.3280790537110613,-0.19834804586981827
173,1548100800,206,259,53,465,3,0.7533667159291036,-0.07536301043538549
173,1548115200,117,141,24,258,4,0.7046194389244866,-0.8872786645373988
173,1548129600,16,37,21,53,4,0.6916661197963154,-1.6598787152723304
173,1548144000,515,61,-454,576,4,-1.3592760754974555,0.3111936092855682
173,1548158400,713,113,-600,826,4,-1.98967093973512,1.2533887931086554
173,1548172800,367,212,-155,579,4,-0.06826193572306079,0.3224999514914452
173,1548187200,340,466,126,806,4,1.1450322892823068,1.1780131784028085
173,1548201600,136,220,84,356,4,0.9636858214879103,-0.5179381524787486
173,1548216000,27,56,29,83,4,0.7262083041381052,-1.54681529321356
173,1548230400,483,85,-398,568,4,-1.1174807851049269,0.2810433634032294
173,1548244800,750,132,-618,882,4,-2.067390854504147,1.464440514285027
173,1548259200,407,212,-195,619,4,-0.24097285743200994,0.4732511809031392
173,1548273600,357,484,127,841,4,1.1493500623250306,1.3099205041380406
173,1548288000,133,219,86,352,4,0.9723213675733577,-0.533013275419918
173,1548302400,35,50,15,85,4,0.665759481539973,-1.539277731742975
173,1548316800,489,73,-416,562,4,-1.195200699873954,0.2584306789914753
173,1548331200,720,137,-583,857,4,-1.9162687980088167,1.3702209959027183
173,1548345600,352,192,-160,544,4,-0.08985080093667944,0.19059262575621302
173,1548360000,372,445,73,817,4,0.9161903180179493,1.2194697664910243
173,1548374400,141,238,97,379,4,1.0198168710433189,-0.4312561955670246
173,1548388800,29,50,21,79,4,0.6916661197963154,-1.5618904161547293
173,1548403200,492,66,-426,558,4,-1.238378430301191,0.2433555560503059
173,1548417600,736,134,-602,870,4,-1.9983064858205675,1.4192151454615187
173,1548432000,391,243,-148,634,4,-0.03803752442399469,0.5297828919325245
173,1548446400,411,498,87,909,4,0.9766391406160815,1.5661975941379205
173,1548460800,171,235,64,406,4,0.8773303606334357,-0.32949911571413115
173,1548475200,38,85,47,123,4,0.8039282189071324,-1.396064063801866
173,1548489600,156,33,-123,189,4,0.06990680164409852,-1.147324535272571
173,1548504000,387,135,-252,522,4,-0.48708592086726243,0.10767944957978134
173,1548518400,387,202,-185,589,4,-0.19779512700477264,0.3601877588443687
173,1548532800,337,312,-25,649,4,0.4930485598310239,0.5863146029619096
173,1548547200,159,170,11,329,4,0.6484883893690782,-0.619695232331642
173,1548561600,43,98,55,141,4,0.8384704032489222,-1.3282260105666037
173,1548576000,128,49,-79,177,4,0.25988881552394255,-1.1925499040960792
173,1548590400,276,66,-210,342,4,-0.3057394530728659,-0.5707010827728415
173,1548604800,312,198,-114,510,4,0.10876675902861208,0.06245408075627315
173,1548619200,230,214,-16,444,4,0.5319085172155374,-0.1862854477730219
173,1548633600,121,145,24,266,4,0.7046194389244866,-0.8571284186550601
173,1548648000,20,46,26,66,4,0.713254985009934,-1.6108845657135298
173,1548662400,515,71,-444,586,4,-1.3160983450702184,0.3488814166384917
173,1548676800,719,164,-555,883,4,-1.7953711528125522,1.4682092950203194
173,1548691200,386,224,-162,610,4,-0.09848634702212689,0.43933215428550804
173,1548705600,371,428,57,799,4,0.8471059493343697,1.151631713255762
173,1548720000,144,173,29,317,5,0.7372855340808182,-0.6407737871023765
173,1548734400,22,58,36,80,5,0.7671296587354236,-1.593302518663828
173,1548748800,471,144,-327,615,5,-0.7805013769248247,0.5569205673504191
173,1548763200,565,119,-446,684,5,-1.2878514960531153,0.8342390588176771
173,1548777600,364,183,-181,547,5,-0.15803820555734188,0.2836211844551503
173,1548792000,341,440,99,781,5,1.0357267806268715,1.224092590300634
173,1548806400,126,237,111,363,5,1.0868881371776236,-0.4558947927908712
173,1548820800,21,51,30,72,5,0.7415489804600476,-1.6254553872397421
173,1548835200,553,66,-487,619,5,-1.462652797601518,0.5729970016383761
173,1548849600,738,133,-605,871,5,-1.9657394703505795,1.5858123617796662
173,1548862240,332,182,-150,514,5,-0.025871367801232528,0.1509906015795051
173,1548864000,311,119,-192,430,5,-0.20493611572886455,-0.18661451846759164
173,1548878400,343,520,177,863,5,1.3682755982067596,1.5536594932037524
173,1548892800,112,216,104,328,5,1.0570440125230183,-0.5965635928104949
173,1548907200,18,46,28,64,5,0.7330220877015889,-1.6576082558156562
173,1548921600,498,58,-440,556,5,-1.2622708177777393,0.3197931616030535
173,1548936000,626,123,-503,749,5,-1.5308679396691873,1.0954811159969782
173,1548950400,374,146,-228,520,5,-0.3584201853811206,0.1751052530114406
173,1548964800,309,451,142,760,5,1.219054974933733,1.13969131028886
173,1548979200,115,204,89,319,5,0.9930923168345783,-0.6327355699583981
173,1548993600,21,61,40,82,5,0.7841834442523409,-1.5852643015198495
173,1549008000,531,56,-475,587,5,-1.411491441050766,0.44438552733472014
173,1549013478,437,38,-399,475,5,-1.0874695162293366,-0.005754632728075534
173,1549022400,711,77,-634,788,5,-2.08937941534823,1.2522263503045588
173,1549036800,382,239,-143,621,5,0.003972756853372811,0.5810352187823545
173,1549051200,388,439,51,827,5,0.8310813544238635,1.4089715846121393
173,1549065600,162,255,93,417,5,1.0101461023514957,-0.23886292990345187
173,1549080000,30,70,40,100,5,0.7841834442523409,-1.5129203472240431
173,1549094400,158,30,-128,188,5,0.06792445254181281,-1.1592387928889893
173,1549108800,367,130,-237,497,5,-0.39679120279418456,0.0826657558556879
173,1549123200,372,190,-182,562,5,-0.1623016519365712,0.34390781303498896
173,1549137600,308,261,-47,569,5,0.4132636092593889,0.3720415730389137
173,1549152000,147,204,57,351,5,0.8566620326992396,-0.5041240956547421
173,1549166400,37,64,27,101,5,0.7287586413223596,-1.508901238652054
173,1549180800,123,38,-85,161,5,0.25125264684867415,-1.2677547243326992
173,1549195200,277,72,-205,349,5,-0.2603609186588459,-0.5121623127987207
173,1549209600,317,176,-141,493,5,0.012499649611831478,0.06658932156773091
173,1549224000,241,212,-29,453,5,0.4900056440855169,-0.09417502131183897
173,1549238400,113,129,16,242,5,0.6818607311508369,-0.9422069300015701
173,1549252800,32,29,-3,61,5,0.6008552499454796,-1.669665581531624
173,1549267200,569,64,-505,633,5,-1.539394832427646,0.6292645216462255
173,1549281600,773,105,-668,878,5,-2.2343365922420273,1.613946121783591
173,1549296000,396,244,-152,640,5,-0.034398260559691196,0.6573982816501502
173,1549310400,373,463,90,836,5,0.9973557632138076,1.4451435617600428
173,1549324800,134,233,99,367,6,1.038181850691696,-0.51618948994072
173,1549339200,24,53,29,77,6,0.7622987951092818,-1.571243241712688
173,1549353600,481,75,-406,556,6,-0.9521173360100059,0.17141450690376953
173,1549362786,614,63,-551,677,6,-1.523589379716435,0.6116265895396596
173,1549368000,721,138,-583,859,6,-1.6497073479826816,1.2737637716862051
173,1549382400,420,189,-231,609,6,-0.26240969705397066,0.36423467533106024
173,1549396800,394,464,70,858,6,0.92388744195041,1.2701256553007845
173,1549411200,145,223,78,368,6,0.9554169340169716,-0.5125513735552994
173,1549425600,25,49,24,74,6,0.7425928625676808,-1.5821575908689498
173,1549440000,534,66,-468,600,6,-1.1964708995258584,0.33149162786227504
173,1549454400,773,160,-613,933,6,-1.7679429432322875,1.5429843842073279
173,1549468800,382,258,-124,640,6,0.1592972593362909,0.4770162832790982
173,1549483200,381,516,135,897,6,1.1800645649912231,1.412012194332187
173,1549497600,136,227,91,363,6,1.0066523586251341,-0.5307419554824023
173,1549512000,23,45,22,68,6,0.7347104895510403,-1.6039862891814731
173,1549526400,547,66,-481,613,6,-1.247706324134021,0.37878714087274257
173,1549540800,786,123,-663,909,6,-1.9650022686482975,1.4556695909572341
173,1549555200,444,237,-207,681,6,-0.16782122085428583,0.626179055081342
173,1549569600,348,426,78,774,6,0.9554169340169716,0.9645238789254559
173,1549584000,153,226,73,379,6,0.9357110014753706,-0.47253209331567303
173,1549598400,22,68,46,90,6,0.8292989657507251,-1.5239477287022205
173,1549612800,558,62,-496,620,6,-1.306824121758824,0.4042539555706866
173,1549627200,830,127,-703,957,6,-2.1226497289811057,1.6302991774574218
173,1549641600,377,199,-178,576,6,-0.053526812112999984,0.24417683461218112
173,1549656000,396,425,29,821,6,0.7622987951092818,1.135515349040223
173,1549670400,169,253,84,422,6,0.9790640530668928,-0.3160930887425881
173,1549684800,36,61,25,97,6,0.746534049076001,-1.4984809140042765
173,1549699200,167,42,-125,209,6,0.1553560728279707,-1.0910118788371714
173,1549713600,377,119,-258,496,6,-0.36882173277861613,-0.04687247622146524
173,1549728000,394,207,-187,601,6,-0.0889974906878818,0.3351297442476956
173,1549742400,345,277,-68,622,6,0.3800037038022222,0.41153018834152777
173,1549756800,140,167,27,307,6,0.7544164220926414,-0.7344764730659548
173,1549771200,36,61,25,97,6,0.746534049076001,-1.4984809140042765
173,1549785600,109,33,-76,142,6,0.34847421173566057,-1.3347656766603504
173,1549800000,275,84,-191,359,6,-0.10476223672116261,-0.5452944210240847
173,1549814400,301,161,-140,462,6,0.09623827520316768,-0.17056843332576493
173,1549828800,228,196,-32,424,6,0.5218864181017494,-0.30881685597174696
173,1549843200,111,138,27,249,6,0.7544164220926414,-0.9454872234203483
173,1549857600,20,42,22,62,6,0.7347104895510403,-1.6258149874939967
173,1549872000,597,54,-543,651,6,-1.4920598876498734,0.5170355635187246
173,1549886400,726,115,-611,841,6,-1.760060570215647,1.2082776767486347
173,1549900800,407,207,-200,614,6,-0.14023291529604442,0.3824252572581631
173,1549915200,390,471,81,861,6,0.9672404935419322,1.2810400044570462
173,1549929600,126,244,118,370,7,1.1787365210410863,-0.4406442332281471
173,1549944000,23,51,28,74,7,0.7795228260733141,-1.5625138026511094
173,1549958400,559,53,-506,612,7,-1.5891450974021348,0.4765599417730586
173,1549972800,695,113,-582,808,7,-1.926258884263809,1.2194195215261012
173,1549987200,346,203,-143,549,7,0.021016805634546755,0.23778364828100917
173,1550001600,287,444,157,731,7,1.3517291221937877,0.927581829480263
173,1550016000,104,188,84,292,7,1.0279224584977058,-0.7362720251706845
173,1550030400,19,50,31,69,7,0.7928299492389065,-1.5814643021346055
173,1550044800,550,64,-486,614,7,-1.5004309429648521,0.48414014156645696
173,1550059200,758,133,-625,891,7,-2.116994316303967,1.5339978129521346
173,1550073600,394,220,-174,614,7,-0.11649013374324148,0.48414014156645696
173,1550088000,451,508,57,959,7,0.908158350007374,1.7917246059276801
173,1550102400,177,280,103,457,7,1.1122009052131243,-0.11090554221531697
173,1550116800,29,62,33,91,7,0.8017013646826348,-1.4980821044072232
173,1550131200,547,61,-486,608,7,-1.5004309429648521,0.4613995421862618
173,1550145600,762,129,-633,891,7,-2.15247997807888,1.5339978129521346
173,1550160000,431,226,-205,657,7,-0.2539970731210297,0.6471144371245224
173,1550174400,526,499,-27,1025,7,0.5355589013707865,2.041871199109827
173,1550188800,176,235,59,411,7,0.9170297654511024,-0.28525013746348005
173,1550203200,39,70,31,109,7,0.7928299492389065,-1.4298603062666375
173,1550217600,518,63,-455,581,7,-1.3629240035870638,0.3590668449753835
173,1550232000,727,153,-574,880,7,-1.890773222488896,1.4923067140884434
173,1550246400,394,232,-162,626,7,-0.06326164108087184,0.5296213403268474
173,1550260800,408,445,37,853,7,0.8194441955700913,1.3899740168775652
173,1550275200,193,236,43,429,7,0.8460584419012761,-0.2170283393228945
173,1550289600,34,74,40,108,7,0.8327513187356838,-1.4336504061633368
173,1550304000,153,38,-115,191,7,0.14521662184674258,-1.1190721147373035
173,1550318400,355,118,-237,473,7,-0.3959397202206821,-0.050263943868129816
173,1550332800,372,175,-197,547,7,-0.21851141134611662,0.23020344848761076
173,1550347200,310,245,-65,555,7,0.3670020079399494,0.26052424766120436
173,1550361600,175,172,-3,347,7,0.6420158866955259,-0.5278165308522287
173,1550376000,41,74,33,115,7,0.8017013646826348,-1.4071197068864425
173,1550390400,106,28,-78,134,7,0.3093378075557156,-1.3351078088491577
173,1550404800,250,82,-168,332,7,-0.08987588741205665,-0.5846680293027167
173,1550419200,369,160,-209,529,7,-0.27173990400848624,0.16198165034702522
173,1550433600,338,214,-124,552,7,0.10529525234996534,0.24915394797110677
173,1550448000,148,134,-14,282,7,0.5932231017550204,-0.7741730241376765
173,1550462400,34,45,11,79,7,0.7041157948016238,-1.5435633031676135
173,1550476800,296,29,-267,325,7,-0.5290109518766062,-0.611198728579611
173,1550491200,511,89,-422,600,7,-1.2165456487655473,0.43107874301266824
173,1550505600,296,207,-89,503,7,0.2605450226152101,0.0634390530328461
173,1550520000,287,263,-24,550,7,0.548866024536379,0.24157374817770835
173,1550534400,111,173,62,284,8,0.862000295065238,-0.949925692826918
173,1550548800,23,42,19,65,8,0.6999925907295386,-1.7645462576006627
173,1550563200,460,52,-408,512,8,-0.9087815895342676,-0.10182757059671808
173,1550577600,732,104,-628,836,8,-1.737658216368079,1.1033644978356714
173,1550592000,399,209,-190,608,8,-0.087440204762582,0.2552663756054714
173,1550606400,335,474,139,809,8,1.1521071144570718,1.0029318254663055
173,1550620800,136,226,90,362,8,0.9674936839349957,-0.6597868615376391
173,1550635200,31,77,46,108,8,0.8017183585682336,-1.604597927530932
173,1550649600,480,50,-430,530,8,-0.9916692522176489,-0.03487245568380756
173,1550664000,683,114,-569,797,8,-1.515368575535375,0.9582950821910318
173,1550678400,380,204,-176,584,8,-0.03469351032770312,0.165992889054924
173,1550692800,292,415,123,707,8,1.0918251779600674,0.6235195076264792
173,1550707200,109,219,110,328,8,1.0428461045562514,-0.7862576341509145
173,1550721600,33,64,31,97,8,0.7452040431022919,-1.6455149421999329
173,1550736000,459,64,-395,523,8,-0.8598025161304516,-0.06091055592771721
173,1550750400,765,131,-634,896,8,-1.7602639425544555,1.3265482142120397
173,1550764800,413,198,-215,611,8,-0.18163073053915146,0.2664255614242898
173,1550779200,351,444,93,795,8,0.9787965470281841,0.9508556249784862
173,1550793600,181,247,66,428,8,0.8770707791894892,-0.41428477352363385
173,1550808000,26,65,39,91,8,0.7753450113507941,-1.6678333138375696
173,1550822400,443,54,-389,497,8,-0.8371967899440749,-0.1576234996908102
173,1550836800,705,109,-596,814,8,-1.61709434337407,1.0215304684976696
173,1550851200,419,233,-186,652,8,-0.0723697206383309,0.41893443428147487
173,1550865600,508,503,-5,1011,8,0.6095696859840319,1.7543170039334124
173,1551484800,5496,3550,-1946,9046,9,-3.766744779696523,4.094138405305666
173,1551499200,32,68,36,100,9,0.6753544785493171,-0.41943728158200516
173,1551513600,226,40,-186,266,9,0.17780350209594847,-0.3356843680985093
173,1551528000,584,152,-432,736,9,-0.3735367691091356,-0.09855262510306939
173,1551542400,507,210,-297,717,9,-0.0709719861307358,-0.1081388019475659
173,1551556800,424,234,-190,658,9,0.1688386196373292,-0.13790640372784452
173,1551571200,194,176,-18,370,9,0.5543285653579572,-0.2832126632654758
173,1551585600,47,70,23,117,9,0.6462186105588045,-0.41086017598429775
173,1551600000,158,33,-125,191,9,0.3145179595898921,-0.3735245398531008
173,1551614400,549,91,-458,640,9,-0.4318085050901607,-0.1469880449489465
173,1551628800,539,210,-329,749,9,-0.14269104579968983,-0.0919936619989402
173,1551643200,282,262,-20,544,9,0.5498461241286475,-0.1954234647948236
173,1551657600,105,127,22,232,9,0.6439773899441497,-0.35283857929392415
173,1551672000,25,39,14,64,9,0.6260476250269111,-0.43760056402420905
173,1551686400,383,60,-323,443,9,-0.12924372211176094,-0.24638156275767342
173,1551700800,593,94,-499,687,9,-0.5236985502910081,-0.12327487064940248
173,1551715200,321,181,-140,502,9,0.28089965037006986,-0.2166139609773948
173,1551729600,305,397,92,702,9,0.8008628329699866,-0.11570683629848419
173,1551744000,127,193,66,320,10,0.8682892774381246,-0.6936789212240329
173,1551758400,19,39,20,58,10,0.6906783844777797,-1.6326926804993753
173,1551772800,581,63,-518,644,10,-1.3865968418845138,0.46754420093326077
173,1551787200,779,161,-618,940,10,-1.7727074787548285,1.5284147075954797
173,1551801600,403,224,-179,627,10,-0.07768178289414668,0.40661582723982254
173,1551816000,373,466,93,839,10,0.9725391493931096,1.1664284874168172
173,1551830400,165,246,81,411,10,0.9262058729686719,-0.3675329208650399
173,1551844800,27,68,41,95,10,0.7717616182205459,-1.500083867166598
173,1551859200,567,62,-505,629,10,-1.3364024590913728,0.4137838712037564
173,1551873600,754,115,-639,869,10,-1.8537907124975948,1.2739491468758257
173,1551888000,399,208,-191,607,10,-0.12401505931858445,0.3349353876004834
173,1551902400,366,465,99,831,10,0.9957057876053286,1.1377563115610816
173,1551916800,140,225,85,365,10,0.9416502984434844,-0.5323979320355199
173,1551931200,26,54,28,80,10,0.721567235427405,-1.5538441968961023
173,1551945600,567,64,-503,631,10,-1.3286802463539664,0.42095191516769037
173,1551960000,783,101,-682,884,10,-2.01981828635183,1.3277094766053301
173,1551974400,441,219,-222,660,10,-0.24370935674838204,0.5248885526447321
173,1551988800,375,480,105,855,10,1.0188724258175474,1.2237728391282885
173,1552003200,167,246,79,413,10,0.9184836602312655,-0.360364876901106
173,1552017600,29,54,25,83,10,0.7099839163212955,-1.5430921309502015
173,1552032000,550,62,-488,612,10,-1.2707636508234192,0.3528554975103182
173,1552046400,727,150,-577,877,10,-1.6144021176379995,1.3026213227315615
173,1552060800,427,226,-201,653,10,-0.16262612300561594,0.4998003987709634
173,1552075200,423,449,26,872,10,0.7138450226899987,1.2847012128217268
173,1552089600,201,238,37,439,10,0.7563171927457333,-0.2671803053699652
173,1552104000,28,72,44,100,10,0.7833449373266553,-1.4821637572567632
173,1552118400,173,41,-132,214,10,0.10379021643490129,-1.0735852513125301
173,1552132800,420,114,-306,534,10,-0.5680422917194464,0.07330178291689564
173,1552147200,416,241,-175,657,10,-0.06223735741933408,0.5141364866988312
173,1552161600,340,244,-96,584,10,0.2427900457082146,0.2525028820152434
173,1552176000,153,204,51,357,10,0.8103726819075774,-0.5610701078912556
173,1552194000,42,59,17,101,10,0.6790950653716703,-1.4785797352747962
173,1552208400,146,46,-100,192,10,0.22734562023340202,-1.1524337349158031
173,1552222800,258,71,-187,329,10,-0.10857063384377186,-0.6614227233863303
173,1552237200,269,160,-109,429,10,0.19259566291507368,-0.30302052518963474
173,1552251600,208,234,26,442,10,0.7138450226899987,-0.2564282394240643
173,1552266000,75,134,59,209,10,0.8412615328572025,-1.091505361222365
173,1552280400,29,27,-2,56,10,0.6057340443663105,-1.6398607244633092
173,1552294800,916,87,-829,1003,10,-2.587400922551193,1.754208092459398
173,1552309200,471,113,-358,584,10,-0.7688198228920101,0.2525028820152434
173,1552323600,431,302,-129,733,10,0.11537353554101072,0.7865221573283199
173,1552338000,330,421,91,751,10,0.9648169366557033,0.851034553003725
173,1552352400,98,205,107,303,11,0.9287601942497508,-0.7872634393329169
173,1552366800,36,37,1,73,11,0.5455183903940234,-1.590444315648426
173,1552381200,928,93,-835,1021,11,-2.477030175864354,1.7200577310781078
173,1552395600,480,139,-341,619,11,-0.6909787503480401,0.31623724290926114
173,1552410000,400,293,-107,693,11,0.15504560910705598,0.5746519596368598
173,1552424400,341,487,146,828,11,1.0697642541589334,1.0460842131263979
173,1552438800,93,213,120,306,11,0.9757615475528116,-0.7767871670331493
173,1552453200,36,44,8,80,11,0.5708268114033639,-1.565999680282302
173,1552467600,804,107,-697,911,11,-1.9780927331087845,1.335927746753299
173,1552482000,474,117,-357,591,11,-0.7488265697979613,0.21845870144476437
173,1552496400,422,241,-181,663,11,-0.11250055584882912,0.46988923663918464
173,1552510800,333,499,166,832,11,1.1420740284713349,1.0600525761927546
173,1552525200,86,213,127,299,11,1.0010699685621522,-0.8012318023992735
173,1552539600,29,47,18,76,11,0.6069816985595645,-1.5799680433486587
173,1552554000,827,102,-725,929,11,-2.0793264171461465,1.3987853805519042
173,1552568400,503,123,-380,626,11,-0.8319828102572228,0.3406818782753853
173,1552582800,415,301,-114,716,11,0.12973718809771548,0.6549700472684107
173,1552597200,368,495,127,863,11,1.0010699685621522,1.1683073899570189
173,1552611600,105,202,97,307,11,0.89260530709355,-0.7732950762665601
173,1552626000,28,44,16,72,11,0.5997507211283244,-1.5939364064150152
173,1552640400,851,76,-775,927,11,-2.26010085292715,1.3918011990187258
173,1552654800,487,161,-326,648,11,-0.6367464196137391,0.4175078751403471
173,1552669200,449,317,-132,766,11,0.06465839121655424,0.8295745855978692
173,1552683600,385,480,95,865,11,0.8853743296623099,1.1752915714901973
173,1552698000,140,244,104,384,11,0.9179137281028905,-0.5044040872391939
173,1552712400,34,61,27,95,11,0.6395210970001451,-1.5136183187834644
173,1552726800,268,69,-199,337,11,-0.17757935272999037,-0.668532353268885
173,1552741200,415,153,-262,568,11,-0.4053551418140547,0.13814061381321344
173,1552755600,372,284,-88,656,11,0.22373989470383726,0.44544460127306046
173,1552770000,305,273,-32,578,11,0.42620726277856114,0.17306152147910514
173,1552784400,123,190,67,313,11,0.7841406456249479,-0.7523425316670251
173,1552798800,49,55,6,104,11,0.5635958339721238,-1.4821895018841618
173,1552813200,176,44,-132,220,11,0.06465839121655424,-1.077106972959818
173,1552827600,347,116,-231,463,11,-0.29327499162983256,-0.2285289166786495
173,1552842000,296,189,-107,485,11,0.15504560910705598,-0.15170291981368775
173,1552856400,232,241,9,473,11,0.5744423001189839,-0.1936080090127578
173,1552870800,102,124,22,226,11,0.6214436534220449,-1.056154428360283
173,1552885200,34,40,6,74,11,0.5635958339721238,-1.5869522248818368
173,1552896838,604,46,-558,650,11,-1.475539801637595,0.4244920566735254
173,1552899600,854,102,-752,956,11,-2.176944612467888,1.4930718312498117
173,1552914000,472,143,-329,615,11,-0.6475928857605993,0.30226887984290446
173,1552928400,432,249,-183,681,11,-0.11973153328006926,0.5327468704377897
173,1552942800,351,480,129,831,11,1.0083009459933923,1.0565604854261654
173,1552957200,114,167,53,281,12,0.7362380038764574,-0.7867631056208105
173,1552971600,34,40,6,74,12,0.5652776674863706,-1.4906962578557932
173,1552986000,901,81,-820,982,12,-2.439259308220259,1.5970878108850968
173,1553000400,483,145,-338,628,12,-0.686006496730434,0.3932601012658511
173,1553014800,429,314,-115,743,12,0.12514573763104114,0.7843340747297304
173,1553029200,350,483,133,833,12,1.0272343211361794,1.0903919670058098
173,1553043600,78,164,86,242,12,0.8562739847460927,-0.9193881922737783
173,1553058000,29,33,4,62,12,0.5580027595548777,-1.531503976825937
173,1553072400,902,76,-826,978,12,-2.461084032014738,1.5834852378950488
173,1553086800,482,106,-376,588,12,-0.824229747428802,0.25723437136537136
173,1553101200,409,282,-127,691,12,0.08149629004208284,0.6075006258591067
173,1553115600,319,476,157,795,12,1.1145332163140962,0.961167523600354
173,1553130000,106,164,58,270,12,0.75442527370519,-0.8241701813434424
173,1553144400,34,47,13,81,12,0.5907398452465964,-1.4668917551232092
173,1553158800,862,75,-787,937,12,-2.3192233273506235,1.4440588647470571
173,1553173200,485,148,-337,633,12,-0.6823690427646875,0.4102633175034111
173,1553187600,412,319,-93,731,12,0.2051697248774647,0.7435263557595865
173,1553202000,350,513,163,863,12,1.1363579401085753,1.1924112644311695
173,1553216400,90,166,76,256,12,0.8198994450886274,-0.8717791868086104
173,1553230800,40,38,-2,78,12,0.5361780357603985,-1.4770936848657452
173,1553245200,803,87,-716,890,12,-2.0609640957826203,1.2842286321139933
173,1553259600,457,133,-324,590,12,-0.6350821412099826,0.26403565786039535
173,1553274000,468,281,-187,749,12,-0.13675094790270867,0.8047379342148023
173,1553288400,348,505,157,853,12,1.1145332163140962,1.1584048319560496
173,1553302800,130,173,43,303,12,0.6998634642189921,-0.7119489541755467
173,1553317200,40,40,0,80,12,0.5434529436918916,-1.4702923983707212
173,1553331600,260,60,-200,320,12,-0.1840378494574135,-0.6541380189678428
173,1553346000,388,139,-249,527,12,-0.36227309377899325,0.049795133267139795
173,1553360400,393,205,-188,598,12,-0.1403884018684552,0.29124080384049134
173,1553374800,306,275,-31,581,12,0.43069187075374926,0.23342986863278742
173,1553389200,139,170,31,309,12,0.6562140166300339,-0.6915450946904748
173,1553403600,38,49,11,87,12,0.5834649373151033,-1.4464878956381373
173,1553418000,187,39,-148,226,12,0.005109756761405808,-0.9737984842339702
173,1553432400,315,109,-206,424,12,-0.20586257325189267,-0.30047112122659553
173,1553446800,309,204,-105,513,12,0.1615202772885064,0.002186127801971885
173,1553461200,204,204,0,408,12,0.5434529436918916,-0.3548814131867874
173,1553475600,101,129,28,230,12,0.6453016547327942,-0.9601959112439222
173,1553490000,35,34,-1,69,12,0.539815489726145,-1.5076994740933531
173,1553504400,885,106,-779,991,12,-2.2901236956246516,1.6276936001127047
173,1553518800,458,144,-314,602,12,-0.5987076015525173,0.3048433768305393
173,1553533200,410,253,-157,663,12,-0.02762732893031292,0.5122826149287709
173,1553547600,314,446,132,760,12,1.023596867170433,0.8421450099374342
173,1553562000,106,136,30,242,13,0.6864435668859628,-0.8975393871175467
173,1553576400,27,24,-3,51,13,0.5671444090547472,-1.5278519988182346
173,1553590800,912,93,-819,1005,13,-2.382798402771675,1.6204109936553588
173,1553605200,474,129,-345,603,13,-0.6692286811960326,0.29378444965705214
173,1553619600,412,322,-90,734,13,0.25262844749972424,0.7260930995669481
173,1553634000,325,485,160,810,13,1.1564099462210546,0.9768981178352847
173,1553648400,100,169,69,269,13,0.8274334806864903,-0.8084376043116902
173,1553662800,32,30,-2,62,13,0.5707595350496325,-1.491551272489923
173,1553677200,891,76,-815,967,13,-2.3683378987921335,1.4950084845211906
173,1553691600,502,138,-364,640,13,-0.7379160750988538,0.4158868927613739
173,1553706000,432,297,-135,729,13,0.08994777772988477,0.7095927694177154
173,1553720400,376,453,77,829,13,0.8563544886455728,1.0395993724023689
173,1553734800,100,159,59,259,13,0.7912822207376371,-0.8414382646101556
173,1553749200,30,31,1,61,13,0.5816049130342884,-1.4948513385197693
173,1553763600,907,83,-824,990,13,-2.4008740327461013,1.5709100032076608
173,1553778000,485,136,-349,621,13,-0.683689185175574,0.3531856381942898
173,1553792400,429,281,-148,710,13,0.0429511397963756,0.6468915148506313
173,1553806800,331,461,130,792,13,1.047956166374495,0.9174969292980472
173,1553821200,106,166,60,272,13,0.7948973467325224,-0.7985374062221506
173,1553835600,31,37,6,68,13,0.5996805430087151,-1.4717508763108436
173,1553850000,839,80,-759,919,13,-2.1658908430785555,1.3366053150885568
173,1553864400,488,117,-371,605,13,-0.7632219570630511,0.3003845817167452
173,1553878800,481,337,-144,818,13,0.057411643775916885,1.003298646074057
173,1553893200,392,417,25,809,13,0.6683679369115362,0.9735980518054382
173,1553907600,136,194,58,330,13,0.7876670947427518,-0.6071335764910517
173,1553922000,38,66,28,104,13,0.6792133148961921,-1.3529484992363683
173,1553936400,226,64,-162,290,13,-0.0076606241320189,-0.739136217684913
173,1553950800,427,140,-287,567,13,-0.45955137349268405,0.17498207258257692
173,1553965200,396,229,-167,625,13,-0.025736254106445505,0.3663859023136759
173,1553979600,298,253,-45,551,13,0.41530911726956365,0.12218101610503238
173,1553994000,141,179,38,320,13,0.7153645748450453,-0.640134236789517
173,1554008400,38,47,9,85,13,0.610525920993371,-1.4156497538034525
173,1554022800,173,41,-132,214,13,0.10079315571454074,-0.9899412359532497
173,1554037200,298,99,-199,397,13,-0.14142028594277578,-0.3860291524913339
173,1554051600,246,177,-69,423,13,0.328546093392316,-0.300227435715324
173,1554066000,220,224,4,444,13,0.5924502910189444,-0.23092604908854678
173,1554080400,82,101,19,183,13,0.6466771809422243,-1.0922432828784923
173,1554094800,29,32,3,61,13,0.5888351650240591,-1.4948513385197693
173,1554109200,940,95,-845,1035,13,-2.476791678638693,1.719412974550755
173,1554123600,447,129,-318,576,13,-0.571620279334129,0.20468266685119574
173,1554138000,447,277,-170,724,13,-0.03658163209110147,0.6930924392684827
173,1554152400,361,432,71,793,13,0.8346637326762609,0.9207969953278936
173,1554166800,102,159,57,261,14,0.76070052453959,-0.9013106489429064
173,1554181200,30,31,1,61,14,0.5635905065031115,-1.5683011741054833
173,1554195600,959,86,-873,1045,14,-2.5127337035662145,1.7132922096943957
173,1554210000,497,118,-379,615,14,-0.7739417587444215,0.279262580594855
173,1554224400,429,304,-125,733,14,0.12009296592103477,0.6727869904407754
173,1554238800,342,482,140,824,14,1.0528457298436564,0.976267679389748
173,1554253200,105,163,58,268,14,0.7642203462902415,-0.8779659805622162
173,1554267600,34,40,6,74,14,0.5811896152563685,-1.5249467899699158
173,1554282000,915,101,-814,1016,14,-2.3050642202777816,1.616578583545822
173,1554296400,482,140,-342,622,14,-0.6437083539703197,0.3026072489755452
173,1554310800,441,279,-162,720,14,-0.01014043885306713,0.6294326063052079
173,1554325200,366,531,165,897,14,1.1408412736099414,1.2197192210740886
173,1554339600,103,192,89,295,14,0.873334820560435,-0.7879222596652683
173,1554354000,38,32,-6,70,14,0.5389517542485517,-1.5382866004731675
173,1554368400,894,86,-808,980,14,-2.2839452897738735,1.496520289016558
173,1554382800,487,144,-343,631,14,-0.647228175720971,0.33262182260786116
173,1554397200,440,302,-138,742,14,0.07433528316256653,0.7028015640730914
173,1554411600,335,473,138,808,14,1.0458060863423535,0.9229084373767418
173,1554426000,123,222,99,345,14,0.9085330380669489,-0.621174628374624
173,1554440400,32,41,9,73,14,0.5917490805083228,-1.5282817425957287
173,1554454800,879,99,-780,978,14,-2.1853902807556342,1.4898503837649324
173,1554469200,459,114,-345,573,14,-0.6542678192222738,0.1391945703107138
173,1554483600,438,278,-160,716,14,-0.0031007953517643264,0.6160927958019564
173,1554498000,357,494,137,851,14,1.0422862645917021,1.0663114002866958
173,1554512400,143,211,68,354,14,0.7994185637967555,-0.591160054742308
173,1554526800,42,56,14,98,14,0.6093481892615797,-1.4449079269504066
173,1554541200,268,57,-211,325,14,-0.18261170463498586,-0.6878736808908817
173,1554555600,446,130,-316,576,14,-0.5521929884533832,0.14919942818815246
173,1554570000,416,293,-123,709,14,0.12713260942233756,0.5927481274212661
173,1554584400,311,274,-37,585,14,0.4298372799783582,0.17921400182046843
173,1554598800,159,185,26,344,14,0.6515860502693965,-0.6245095810004369
173,1554613200,46,68,22,114,14,0.637506763266791,-1.3915486849374004
173,1554627600,182,46,-136,228,14,0.08137492666386933,-1.0113640855947315
173,1554642000,352,109,-243,461,14,-0.29524600065583073,-0.23432012378032932
173,1554656400,348,195,-153,543,14,0.02153795690279549,0.03914599153632726
173,1554670800,217,243,26,460,14,0.6515860502693965,-0.2376550764061422
173,1554685200,85,112,27,197,14,0.655105872020048,-1.114747616994931
173,1554699600,30,37,7,67,14,0.5847094370070199,-1.548291458350606
173,1554714000,866,83,-783,949,14,-2.1959497460075883,1.3931367576163587
173,1554728400,529,139,-390,668,14,-0.8126597980015869,0.4560150697629379
173,1554742800,415,231,-184,646,14,-0.087576517367398,0.38264611199505444
173,1554757200,356,435,79,791,14,0.8381366030539209,0.8662142427379228
173,1554771600,118,182,64,300,15,0.7812518594550389,-0.7903607443057974
173,1554786000,37,35,-2,72,15,0.5483633602175545,-1.5580343914781594
173,1554800400,924,87,-837,1011,15,-2.398029016499105,1.6035689185869633
173,1554814800,516,129,-387,645,15,-0.8101528853344382,0.3712506954944873
173,1554829200,450,254,-196,704,15,-0.13618768299565742,0.5699030866487389
173,1554843600,340,458,118,798,15,0.971796995194799,0.8864001166233092
173,1554858000,101,204,103,305,15,0.9188677908226435,-0.7735257959028947
173,1554872400,31,59,28,90,15,0.6542217689618656,-1.4974285772277098
173,1554886800,894,87,-807,981,15,-2.2921706077547936,1.5025592281695472
173,1554901200,514,168,-346,682,15,-0.665479726717213,0.4958293136759671
173,1554915600,384,263,-121,647,15,0.12845833886512037,0.37798467485564835
173,1554930000,370,483,113,853,15,0.9541539270707472,1.0715845490552387
173,1554944400,92,184,92,276,15,0.8800530409497292,-0.8711684966397302
173,1554958800,32,44,12,76,15,0.5977639509648996,-1.5445664327558373
173,1554973200,884,94,-790,978,15,-2.2321841761330172,1.4924582591278055
173,1554987600,523,146,-377,669,15,-0.7748667490863345,0.45205844782842014
173,1555002000,442,235,-207,677,15,-0.1750024328685715,0.47899436527306444
173,1555016400,363,537,174,900,15,1.1693993581841797,1.2298330640425237
173,1555030800,119,203,84,322,15,0.8518241319512463,-0.7162869713330255
173,1555045200,29,58,29,87,15,0.657750382586676,-1.5075295462694513
173,1555059600,873,84,-789,957,15,-2.228655562508207,1.4217514758356142
173,1555074000,472,137,-335,609,15,-0.6266649768442989,0.250039066993588
173,1555088400,498,322,-176,820,15,-0.06561541049945001,0.9604738895960809
173,1555102800,360,460,100,820,15,0.9082819499482123,0.9604738895960809
173,1555117200,149,216,67,365,15,0.79183770032947,-0.5715064150680625
173,1555131600,38,56,18,94,15,0.6189356327137618,-1.4839606185053877
173,1555146000,249,46,-203,295,15,-0.16088797836933,-0.8071956927087001
173,1555160400,469,129,-340,598,15,-0.6443080449683508,0.21300218050720213
173,1555174800,433,228,-205,661,15,-0.16794520561895074,0.42512253038377584
173,1555189200,295,269,-26,564,15,0.46367663322210556,0.09852453136746395
173,1555203600,139,210,71,349,15,0.8059521548287115,-0.6253782499573511
173,1555218000,35,52,17,87,15,0.6154070190889515,-1.5075295462694513
173,1555232400,181,57,-124,238,15,0.11787249799068926,-0.9991141045017906
173,1555246800,325,113,-212,438,15,-0.19264550099262334,-0.3257161683856835
173,1555261200,338,195,-143,533,15,0.050828839119292216,-0.005852148730532653
173,1555275600,226,224,-2,450,15,0.5483633602175545,-0.28531229221871707
173,1555290000,110,135,25,245,15,0.6436359280874344,-0.9755451767377268
173,1555304400,31,39,8,70,15,0.5836494964656581,-1.5647683708393205
173,1555318800,878,89,-789,967,15,-2.228655562508207,1.4554213726414196
173,1555333200,495,135,-360,630,15,-0.7148803174645582,0.3207458502857793
173,1555347600,437,353,-84,790,15,0.2590170429831041,0.8594641991786649
173,1555362000,341,465,124,806,15,0.9929686769436612,0.9133360340679535
173,1555376400,99,177,78,276,16,0.9106734360682647,-1.134383664845198
173,1555390800,28,31,3,59,16,0.6739885083772553,-1.8066055583041793
173,1555405200,939,91,-848,1030,16,-2.0115964711567313,1.201355080168959
173,1555419600,493,131,-362,624,16,-0.47787813971899035,-0.05635039791558708
173,1555434000,399,300,-99,699,16,0.35209700671748256,0.17598435788820838
173,1555448400,348,400,52,748,16,0.8286226611353814,0.32777639834668804
173,1555462800,106,221,115,327,16,1.0274380003958292,-0.976396030898617
173,1555477200,39,35,-4,74,16,0.6518979151260945,-1.7601386071434204
173,1555491600,946,95,-851,1041,16,-2.021063868264372,1.2354308443535156
173,1555506000,508,141,-367,649,16,-0.49365713489839097,0.02109452068567807
173,1555520400,425,305,-120,730,16,0.285825226964,0.2720160569537772
173,1555534800,383,538,155,921,16,1.1536699618310342,0.863695235067443
173,1555549200,85,202,117,287,16,1.0337495984675895,-1.1003079006606413
173,1555563600,35,51,16,86,16,0.715013895843697,-1.7229650462148132
173,1555578000,863,73,-790,936,16,-1.8285601270756842,0.910162186228202
173,1555592400,500,132,-368,632,16,-0.4968129339342711,-0.03156802396318223
173,1555606800,445,268,-177,713,16,0.10594468191883281,0.21935351230491684
173,1555621200,338,473,135,811,16,1.0905539811134317,0.5229375932218763
173,1555635600,123,205,82,328,16,0.9232966322117852,-0.9732982341545664
173,1555650000,37,47,10,84,16,0.6960791016284162,-1.7291606397029142
173,1555664400,571,62,-509,633,16,-0.9417805979933689,-0.028470227219131627
173,1555678800,440,153,-287,593,16,-0.24119321202798097,-0.15238209698115587
173,1555693200,443,270,-173,713,16,0.11856787806235332,0.21935351230491684
173,1555707600,317,345,28,662,16,0.7528834842742584,0.06136587835833595
173,1555722000,164,204,40,368,16,0.79075307270482,-0.8493863643925422
173,1555736400,92,133,41,225,16,0.7939088717407001,-1.2923712987917788
173,1555750800,788,109,-679,897,16,-1.47826643409299,0.7893481132102284
173,1555765200,979,171,-808,1150,16,-1.8853645097215264,1.5730906894550316
173,1555779600,979,303,-676,1282,16,-1.4687990369853499,1.9819998596697117
173,1555794000,613,464,-149,1077,16,0.19430705492347633,1.3469515271393375
173,1555808400,323,405,82,728,16,0.9232966322117852,0.26582046346567595
173,1555822800,89,142,53,231,16,0.8317784601712616,-1.2737845183274752
173,1555837200,539,105,-434,644,16,-0.7050956703023594,0.00560553696542504
173,1555851600,833,174,-659,1007,16,-1.4151504533753876,1.130105755055795
173,1555866000,815,332,-483,1147,16,-0.8597298230604856,1.56379729922288
173,1555880400,542,426,-116,968,16,0.29844842310752046,1.0092916820378213
173,1555894800,231,322,91,553,16,0.9516988235347063,-0.2762939667431801
173,1555909200,105,88,-17,193,16,0.6108725276596528,-1.3915007946013982
173,1555923600,770,72,-698,842,16,-1.5382266157747126,0.618969292287445
173,1555938000,470,148,-322,618,16,-0.35164617828378536,-0.07493717837989071
173,1555952400,377,299,-78,676,16,0.4183687864709652,0.10473503277504444
173,1555966800,289,421,132,710,16,1.0810865840057915,0.21006012207276503
173,1555981200,80,142,62,222,17,0.7965596363972162,-0.9761507274575595
173,1555995600,30,34,4,64,17,0.6071272308394272,-1.4147800437833666
173,1556010000,760,82,-678,842,17,-1.62033657244354,0.7450529188842155
173,1556024400,479,131,-348,610,17,-0.5425315063388785,0.10098961896277715
173,1556038800,426,266,-160,692,17,0.07149077374498933,0.32863268186604416
173,1556053200,334,450,116,784,17,0.9729277381234337,0.5840370939038559
173,1556067600,115,201,86,316,17,0.8749454593866463,-0.7151940455928388
173,1556082000,38,31,-7,69,17,0.5712003953026051,-1.4008993692160943
173,1556096400,765,82,-683,847,17,-1.6366669522330046,0.7589335934514879
173,1556110800,498,130,-368,628,17,-0.6078530254967368,0.15096004740495772
173,1556125200,436,281,-155,717,17,0.0878211535344539,0.3980360547024061
173,1556139600,352,434,82,786,17,0.8618811555550746,0.589589363730765
173,1556154000,97,173,76,270,17,0.8422846998077171,-0.8428962516117446
173,1556168400,36,42,6,78,17,0.613659382755213,-1.375914154995004
173,1556182800,754,80,-674,834,17,-1.6072722686119683,0.7228438395765798
173,1556197200,509,148,-361,657,17,-0.5849904937914864,0.23146795989513752
173,1556211600,468,295,-173,763,17,0.029031786292381446,0.525738260721312
173,1556226000,311,488,177,799,17,1.1721583715549013,0.6256791176056731
173,1556240400,116,214,98,330,17,0.9141383708813612,-0.6763281568044761
173,1556254800,33,53,20,86,17,0.6593844461657138,-1.3537050756873683
173,1556269200,691,70,-621,761,17,-1.4341702428436438,0.520185990894403
173,1556283600,489,152,-337,641,17,-0.5066046708020564,0.18704980127986592
173,1556298000,419,277,-142,696,17,0.13028014098706178,0.3397372215198621
173,1556312400,331,443,112,774,17,0.959863434291862,0.5562757447693112
173,1556326800,177,228,51,405,17,0.7606328008603942,-0.4681180382953904
173,1556341200,109,176,67,285,17,0.8128900161866808,-0.8012542279099275
173,1556355600,916,137,-779,1053,17,-1.9502102441907243,1.33081738562311
173,1556370000,1210,213,-997,1423,17,-2.6622148030113797,2.357987303601266
173,1556384400,1163,428,-735,1591,17,-1.806502902043436,2.824377969061618
173,1556398800,784,490,-294,1274,17,-0.3661634046126611,1.9443432014965492
173,1556413200,280,392,112,672,17,0.959863434291862,0.27310998359695465
173,1556427600,44,131,87,175,17,0.8782115353445391,-1.1066290683899198
173,1556442000,257,79,-178,336,17,0.012701406502916877,-0.6596713473237492
173,1556456400,341,152,-189,493,17,-0.023225429033905176,-0.22381816591139653
173,1556470800,378,238,-140,616,17,0.1368122929028476,0.11764642844350401
173,1556485200,220,268,48,488,17,0.7508345729867154,-0.2376988404786689
173,1556499600,106,150,44,256,17,0.7377702691551438,-0.8817621404001074
173,1556514000,38,34,-4,72,17,0.5809986231762839,-1.392570964475731
173,1556528400,940,84,-856,1024,17,-2.2016980929484786,1.2503094731329303
173,1556542800,472,133,-339,605,17,-0.5131368227178422,0.08710894439550478
173,1556554579,244,101,-143,345,17,0.12701406502916887,-0.634686133102659
173,1556554640,3,0,-3,3,17,0.5842646991341768,-1.5841242735040897
173,1556554735,337,174,-163,511,17,0.06169254587131059,-0.17384773746921597
173,1556557200,83,81,-2,164,17,0.5875307750920697,-1.137166552437919
173,1556571600,330,426,96,756,17,0.9076062189655754,0.5063053163271306
173,1556586000,97,164,67,261,18,0.730212472465805,-0.6265412826062379
173,1556600400,24,34,10,58,18,0.5203890737418345,-1.2422502470484675
173,1556614800,930,105,-825,1035,18,-2.5533396619514175,1.721038709897633
173,1556629200,479,145,-334,624,18,-0.7459135431186191,0.47445553558356196
173,1556643600,438,316,-122,754,18,0.03448225564421858,0.8687519167534627
173,1556658000,329,438,109,767,18,0.8848191873150464,0.9081815548704528
173,1556672400,95,191,96,286,18,0.8369647279569479,-0.55071505545818
173,1556686800,22,49,27,71,18,0.5829679821331941,-1.2028206089314775
173,1556696471,392,53,-339,445,18,-0.7643191044101955,-0.06846025079653217
173,1556696553,4,8,4,12,18,0.49830240019194283,-1.381770505000894
173,1556696634,5,1,-4,6,18,0.46885350212542065,-1.3999687995164278
173,1556696719,9,3,-6,12,18,0.4614912776087901,-1.381770505000894
173,1556696800,5,0,-5,5,18,0.4651723898671054,-1.40300184860235
173,1556696886,6,6,0,12,18,0.48357795115868174,-1.381770505000894
173,1556696966,9,0,-9,9,18,0.4504479408338443,-1.390869652258661
173,1556701200,865,79,-786,944,18,-2.4097762838771217,1.4450312430787025
173,1556715600,483,118,-365,601,18,-0.8600280231263925,0.40469540660734876
173,1556730000,421,262,-159,683,18,-0.10171889791344649,0.6534054316529785
173,1556744400,357,545,188,902,18,1.175627055721953,1.3176431814699652
173,1556758800,91,214,123,305,18,0.9363547589314603,-0.4930871228256561
173,1556773200,23,34,11,57,18,0.5240701860001498,-1.2452832961343898
173,1556787600,894,99,-795,993,18,-2.4429062942019595,1.5936506482888957
173,1556802000,522,125,-397,647,18,-0.9778236153924811,0.5442156645597752
173,1556816400,410,288,-122,698,18,0.03448225564421858,0.6989011679418132
173,1556830800,364,475,111,839,18,0.892181411831677,1.1265610890568594
173,1556845200,93,194,101,287,18,0.8553702892485242,-0.5476820063722577
173,1556859600,27,41,14,68,18,0.5351135227750956,-1.2119197561892445
173,1556874000,836,88,-748,924,18,-2.2698940180611418,1.3843702613602562
173,1556888400,501,146,-355,647,18,-0.8232169005432398,0.5442156645597752
173,1556902800,456,353,-103,809,18,0.10442338855220874,1.03556961647919
173,1556917200,393,463,70,856,18,0.7412558092407507,1.1781229235175388
173,1556931600,120,235,115,355,18,0.9069058608649381,-0.3414346685295404
173,1556946000,37,55,18,92,18,0.5498379718083567,-1.139126578127109
173,1556960400,291,65,-226,356,18,-0.3483534192205697,-0.3384016194436181
173,1556974800,425,164,-261,589,18,-0.4771923482616042,0.368298817576281
173,1556989200,415,275,-140,690,18,-0.03177776500545632,0.6746367752544347
173,1557003600,331,277,-54,608,18,0.2847978892096571,0.42592675020880494
173,1557018000,114,213,99,327,18,0.8480080647318937,-0.42636004293536517
173,1557032400,34,58,24,92,18,0.5719246453582483,-1.139126578127109
173,1557046800,172,49,-123,221,18,0.030801143385903302,-0.7478632460431305
173,1557061200,296,100,-196,396,18,-0.23792005147111156,-0.21707965600672555
173,1557075600,297,225,-72,522,18,0.21853786855998217,0.165084528819486
173,1557090000,226,274,48,500,18,0.6602713395578148,0.09835744892919508
173,1557104400,106,134,28,240,18,0.5866490943915094,-0.6902353134106065
173,1557118800,27,29,2,56,18,0.4909401756753123,-1.2483163452203123
173,1557133200,965,86,-879,1051,18,-2.7521197239004422,1.7695674952723899
173,1557147600,485,141,-344,626,18,-0.7827246657017718,0.48052163375540663
173,1557162000,430,327,-103,757,18,0.10442338855220874,0.8778510640112297
173,1557176400,323,493,170,816,18,1.1093670350722782,1.0568009600806463
173,1557190800,89,179,90,268,19,0.8571447115107134,-0.8254377050820068
173,1557205200,29,35,6,64,19,0.561282609738891,-1.4903197448622674
173,1557219600,921,118,-803,1039,19,-2.2881512037540177,1.687425298205155
173,1557234000,495,162,-333,657,19,-0.6327323009831066,0.4424010864597648
173,1557248400,449,277,-172,726,19,-0.06566327258711363,0.6672876587383824
173,1557262800,362,508,146,870,19,1.0543861126919285,1.1366161574068017
173,1557277200,88,182,94,270,19,0.8712333830236574,-0.8189192537116121
173,1557291600,30,36,6,66,19,0.561282609738891,-1.4838012934918727
173,1557306000,911,110,-801,1021,19,-2.2811068679975457,1.6287592358716025
173,1557320400,502,119,-383,621,19,-0.8088406948949056,0.3250689617926599
173,1557334800,445,300,-145,745,19,0.029435260125257857,0.7292129467571321
173,1557349200,341,491,150,832,19,1.0684747842048723,1.0127655813693022
173,1557363600,92,193,101,285,19,0.8958885581713092,-0.7700308684336518
173,1557378000,18,32,14,50,19,0.5894599527647788,-1.5359489044550305
173,1557392400,921,84,-837,1005,19,-2.407904911614041,1.5766116249084448
173,1557406800,520,128,-392,648,19,-0.8405402057990294,0.41306805529298857
173,1557421200,447,290,-157,737,19,-0.012830754413573916,0.7031391412755533
173,1557435600,330,475,145,805,19,1.0508639448136925,0.9247664878689735
173,1557450000,115,205,90,320,19,0.8571447115107134,-0.6559579694517442
173,1557464400,16,39,23,55,19,0.6211594636689027,-1.5196527760290437
173,1557478800,871,91,-780,962,19,-2.20714134255459,1.4364649204449584
173,1557493200,447,134,-313,581,19,-0.562288943418387,0.1946999343847657
173,1557507600,479,325,-154,804,19,-0.0022642507788659737,0.9215072621837761
173,1557522000,372,439,67,811,19,0.7761348503112858,0.9443218419801577
173,1557536400,114,177,63,291,19,0.7620461787983419,-0.7504755143224676
173,1557550800,35,48,13,83,19,0.5859377848865429,-1.4283944568435176
173,1557565200,269,65,-204,334,19,-0.17837264469066502,-0.6103288098589813
173,1557579600,423,146,-277,569,19,-0.43549089980189165,0.15558922616239743
173,1557594000,423,245,-178,668,19,-0.08679627985652952,0.4782525689969357
173,1557608400,313,257,-56,570,19,0.34290820128826016,0.15884845184759477
173,1557622800,139,190,51,329,19,0.7197801642595102,-0.6266249382849681
173,1557637200,35,56,21,91,19,0.6141151279124307,-1.4023206513619388
173,1557651600,218,45,-173,263,19,-0.06918544046534962,-0.8417338335079936
173,1557666000,325,102,-223,427,19,-0.24529383437714866,-0.30722082113562715
173,1557680400,248,168,-80,416,19,0.2583761722105966,-0.34307230367279806
173,1557694800,161,194,33,355,19,0.6563811424512624,-0.5418850704698368
173,1557709200,98,110,12,208,19,0.5824156170083069,-1.0209912461938482
173,1557723600,30,27,-3,57,19,0.5295830988347672,-1.513134324658649
173,1557738000,921,106,-815,1027,19,-2.3304172182928493,1.6483145899827867
173,1557752400,458,100,-358,558,19,-0.7207864979390061,0.1197377436252265
173,1557766800,388,319,-69,707,19,0.29712001887119244,0.6053623707196326
173,1557781200,279,419,140,698,19,1.0332531054225125,0.5760293395528564
173,1557795600,92,153,61,245,20,0.8277487844533185,-1.2171899087289704
173,1557810000,31,19,-12,50,20,0.6216351019117873,-1.7314424417436862
173,1557824400,910,88,-822,998,20,-1.6653797317682175,0.7686160264509325
173,1557838800,468,154,-314,622,20,-0.23105437928742437,-0.22296834490051964
173,1557853200,441,334,-107,775,20,0.3534049670974657,0.18052210408025743
173,1557867600,334,499,165,833,20,1.121390195197418,0.3334792677461729
173,1557882000,93,181,88,274,20,0.903982612242652,-1.1407113268960125
173,1557896400,35,35,0,70,20,0.6555168031514911,-1.6786985922037152
173,1557910800,927,82,-845,1009,20,-1.7303196591443164,0.7976251436979165
173,1557925200,498,114,-384,612,20,-0.4286976365190297,-0.24934026967050507
173,1557939600,430,286,-144,716,20,0.24893638827504574,0.024927747937343397
173,1557954000,321,460,139,781,20,1.047979842511393,0.1963452589422487
173,1557968400,108,203,95,311,20,0.9237469379658125,-1.0431352052470664
173,1557982800,29,39,10,68,20,0.6837515541845776,-1.6839729771577123
173,1557997200,908,106,-802,1014,20,-1.6089102297020446,0.8108111060829092
173,1558011600,531,151,-380,682,20,-0.4174037361057951,-0.06473679628060706
173,1558026000,434,288,-146,722,20,0.24328943806842845,0.04075090279933465
173,1558040400,345,494,149,839,20,1.0762145935444796,0.3493024226081642
173,1558054800,116,251,135,367,20,1.0366859420981585,-0.895452426535148
173,1558069200,33,39,6,72,20,0.6724576537713429,-1.6734242072497183
173,1558083600,873,84,-789,957,20,-1.5722050533590322,0.6604911348939922
173,1558098000,493,129,-364,622,20,-0.37222813445285674,-0.22296834490051964
173,1558112400,469,295,-174,764,20,0.16423213517578633,0.15151298683327347
173,1558126800,365,484,119,849,20,0.99151034044522,0.3756743473781496
173,1558141200,176,279,103,455,20,0.9463347387922817,-0.6633794885592763
173,1558155600,104,173,69,277,20,0.8503365852797876,-1.1327997494650168
173,1558170000,944,150,-794,1094,20,-1.5863224288755755,1.0217865042427925
173,1558184400,1217,256,-961,1473,20,-2.0578427711281195,2.0212824530252402
173,1558198800,1154,433,-721,1587,20,-1.3802087463340442,2.321922395403074
173,1558213200,799,481,-318,1280,20,-0.24234827970065898,1.5123043049645215
173,1558227600,360,467,107,827,20,0.9576286392055163,0.31765611288418166
173,1558242000,100,194,94,294,20,0.9209234628625038,-1.0879674773560417
173,1558256400,618,114,-504,732,20,-0.7675146489160676,0.06712282756932009
173,1558270800,936,232,-704,1168,20,-1.3322096695777972,1.2169387475406848
173,1558285200,921,348,-573,1269,20,-0.9623344310443642,1.4832951877175375
173,1558299600,613,458,-155,1071,20,0.21787816213865063,0.9611310772718261
173,1558314000,249,382,133,631,20,1.031038991891541,-0.19923361260753275
173,1558328400,110,82,-28,192,20,0.576459500258849,-1.356961110009893
173,1558342800,910,83,-827,993,20,-1.6794971072847609,0.7554300640659398
173,1558357200,489,147,-342,636,20,-0.3101116821800665,-0.18604765022254002
173,1558371600,402,305,-97,707,20,0.3816397181305522,0.0011930156443565123
173,1558386000,327,410,83,737,20,0.8898652367261087,0.0803087899543128
173,1558400400,105,173,68,278,21,0.8460113663487574,-0.7560491273611961
173,1558414800,27,38,11,65,21,0.6290587582912233,-1.501283921390343
173,1558429200,943,84,-859,1027,21,-2.6823231541658763,1.8645182938962275
173,1558443600,514,128,-386,642,21,-0.8819971258989703,0.51749765680129
173,1558458000,424,277,-147,701,21,0.02768135350016387,0.7239241959924622
173,1558472400,336,483,147,819,21,1.146700068744287,1.1367772743748066
173,1558486800,112,219,107,331,21,0.9944526244933859,-0.5706151175792956
173,1558501200,38,48,10,86,21,0.6252525721849508,-1.427810068457892
173,1558515600,902,89,-813,991,21,-2.5072385932773398,1.7385631174405967
173,1558530000,555,122,-433,677,21,-1.0608878728937792,0.6399540783553752
173,1558544400,415,277,-138,692,21,0.061937028456616625,0.6924354018785546
173,1558558800,333,460,127,793,21,1.0705763466188365,1.045809646934629
173,1558573200,98,153,55,251,21,0.7965309469672145,-0.8505155097029189
173,1558587600,28,54,26,82,21,0.6861515498853112,-1.4418050880640731
173,1558602000,913,85,-828,998,21,-2.5643313848714278,1.7630544017514138
173,1558616400,500,121,-379,621,21,-0.8553538231550626,0.4440238038688389
173,1558630800,466,316,-150,782,21,0.016262795181346285,1.007323343017631
173,1558645200,337,414,77,751,21,0.8802670413052102,0.8988619410697268
173,1558659600,123,192,69,315,21,0.8498175524550299,-0.6265951960040202
173,1558674000,37,44,7,81,21,0.6138340138661332,-1.4453038429656184
173,1558687126,677,84,-593,761,21,-1.6698776498973837,0.9338494900851797
173,1558688400,802,71,-731,873,21,-2.1951313325629926,1.3257100390582524
173,1558688932,36,3,-33,39,21,0.4615865696152321,-1.5922515488305207
173,1558702800,466,143,-323,609,21,-0.642207401203801,0.4020387450502954
173,1558717200,467,378,-89,845,21,0.2484401476639705,1.2277449018149842
173,1558731600,400,415,15,815,21,0.6442835027163134,1.1227822547686255
173,1558746000,145,212,67,357,21,0.8422051802424849,-0.47964749013911806
173,1558760400,37,54,17,91,21,0.6518958749288585,-1.4103162939501657
173,1558774800,265,64,-201,329,21,-0.17785269623855265,-0.5776126273823862
173,1558789200,433,160,-273,593,21,-0.45189809589017466,0.3460586666255707
173,1558803600,402,229,-173,631,21,-0.07127948526292185,0.4790113528842918
173,1558818000,277,276,-1,553,21,0.583384525015953,0.20610847056375908
173,1558832400,149,171,22,320,21,0.6709268054602211,-0.6091014214962939
173,1558846800,42,59,17,101,21,0.6518958749288585,-1.3753287449347127
173,1558861200,184,52,-132,236,21,0.0847741450942518,-0.9029968332260984
173,1558875600,368,110,-258,478,21,-0.39480530429608673,-0.05629814705213778
173,1558890000,411,184,-227,595,21,-0.27681353500163836,0.35305617642866133
173,1558904400,244,252,8,496,21,0.6176401999724057,0.006679441175677465
173,1558918800,114,143,29,257,21,0.6975701082041288,-0.8295229802936472
173,1558933200,39,46,7,85,21,0.6138340138661332,-1.4313088233594373
173,1558947600,189,43,-146,232,21,0.031487539606436396,-0.9169918528322795
173,1558962000,359,110,-249,469,21,-0.36054962933963397,-0.0877869411660454
173,1558976400,320,186,-134,506,21,0.07716177288170674,0.041666990191130376
173,1558990800,232,254,22,486,21,0.6709268054602211,-0.02830810783977545
173,1559005200,90,149,59,239,22,0.7967109737579731,-1.2520834318288088
173,1559019600,27,27,0,54,22,0.6301216738700094,-1.7527621547617431
173,1559034000,936,96,-840,1032,22,-1.7416581889416767,0.8940691480945255
173,1559048400,467,160,-307,627,22,-0.23670739503854726,-0.2020112994073035
173,1559062800,381,295,-86,676,22,0.3872965926773844,-0.06939909711695876
173,1559077200,316,484,168,800,22,1.1044776464323465,0.26619096582187285
173,1559091600,94,193,99,287,22,0.909652871987101,-1.1221776010137774
173,1559106000,29,34,5,63,22,0.6442394111486505,-1.7284048114839248
173,1559120400,919,79,-840,998,22,-1.7416581889416767,0.8020525179338782
173,1559134800,486,147,-339,633,22,-0.3270609136218496,-0.18577307055542455
173,1559149200,423,269,-154,692,22,0.19529536568786698,-0.02609715351194822
173,1559163600,291,416,125,707,22,0.9830651058360341,0.01449841861774915
173,1559178000,101,188,87,289,22,0.8757703025183625,-1.116764858063151
173,1559192400,38,40,2,78,22,0.6357687687814658,-1.6878092393542274
173,1559206800,909,67,-842,976,22,-1.747305283853133,0.7425123454769887
173,1559221200,511,172,-339,683,22,-0.3270609136218496,-0.05045449678976665
173,1559235600,424,318,-106,742,22,0.33082564356282046,0.10922142025370969
173,1559250000,330,504,174,834,22,1.1214189311667158,0.3582075959825202
173,1559264400,105,186,81,291,22,0.8588290177839933,-1.1113521151125247
173,1559278800,33,36,3,69,22,0.638592316237194,-1.7121665826320458
173,1559293200,867,84,-783,951,22,-1.5807159839651694,0.6748530585941598
173,1559307600,484,148,-336,632,22,-0.318590271254665,-0.18847944203073771
173,1559322000,438,342,-96,780,22,0.35906111812010244,0.2120635363156097
173,1559336400,366,414,48,780,22,0.7656519517449628,0.2120635363156097
173,1559350800,211,294,83,505,22,0.8644761126954498,-0.5321886193955088
173,1559365200,135,205,70,340,22,0.8277699957709832,-0.9787399128221799
173,1559379600,987,147,-840,1134,22,-1.7416581889416767,1.1701190385764677
173,1559394000,1195,232,-963,1427,22,-2.088954525996245,1.963085880843223
173,1559408400,1120,420,-700,1540,22,-1.346361545139729,2.26890585755361
173,1559422800,795,476,-319,1271,22,-0.2705899645072856,1.5408919306943702
173,1559437200,368,443,75,811,22,0.8418877330496242,0.2959610520503176
173,1559451600,101,207,106,308,22,0.9294177041771983,-1.0653438000322009
173,1559466000,615,142,-473,757,22,-0.7054162726894281,0.14981699238340707
173,1559480400,916,245,-671,1161,22,-1.2644786689236114,1.243191068409923
173,1559494800,883,351,-532,1234,22,-0.8720055725773919,1.4407561861077836
173,1559509200,501,456,-45,957,22,0.5030620383622405,0.6910912874460386
173,1559523600,273,393,120,666,22,0.968947368557393,-0.09646281187009033
173,1559538000,98,118,20,216,22,0.6865926229845734,-1.3143299757610114
173,1559552400,918,113,-805,1031,22,-1.64283402799119,0.8913627766192124
173,1559566800,483,159,-324,642,22,-0.28470770178592664,-0.16141572727760614
173,1559581200,448,306,-142,754,22,0.22917793515660537,0.14169787795746758
173,1559595600,309,493,184,802,22,1.1496544057239977,0.2716037087724992
173,1559610000,99,158,59,257,23,0.7456875295373785,-0.521397795875584
173,1559624400,28,38,10,66,23,0.5576961458046156,-1.0870868065312007
173,1559638800,828,121,-707,949,23,-2.1931165508564243,1.528114221787698
173,1559641652,156,19,-137,175,23,-0.006278005393672931,-0.7642590465235451
173,1559645228,109,27,-82,136,23,0.20473273144922413,-0.8797662267097706
173,1559653200,508,112,-396,620,23,-0.9999467479811337,0.5537074966269756
173,1559667600,427,297,-130,724,23,0.020577906568150332,0.8617266437902433
173,1559682000,335,388,53,723,23,0.7226681764272442,0.8587649212213658
173,1559696400,123,217,94,340,23,0.8799670893464948,-0.2755748226587453
173,1559710800,28,52,24,80,23,0.6114079697282622,-1.0456226905669146
173,1559725200,927,118,-809,1045,23,-2.584445553728706,1.8124395883999451
173,1559739600,519,132,-387,651,23,-0.9654177183159324,0.6455208962621805
173,1559754000,436,302,-134,738,23,0.005231671161394182,0.9031907597545294
173,1559768400,326,451,125,777,23,0.998900413748855,1.0186979399407547
173,1559782800,98,178,80,276,23,0.8262552654228482,-0.4651250670669101
173,1559797200,26,44,18,70,23,0.5883886166181279,-1.0752399162556905
173,1559811600,870,113,-757,983,23,-2.384944493440876,1.6288127891295354
173,1559826000,471,167,-304,638,23,-0.6469833336257422,0.607018502866772
173,1559840400,445,242,-203,687,23,-0.25949088960514943,0.7521429087417731
173,1559854800,306,443,137,749,23,1.0449391199691234,0.9357697080121827
173,1559869200,121,159,38,280,23,0.6651197936519087,-0.45327817679139976
173,1559883600,25,50,25,75,23,0.6152445285799512,-1.0604313034113027
173,1559898000,886,114,-772,1000,23,-2.4424928762162117,1.6791620728004542
173,1559912400,496,166,-330,662,23,-0.7467338637696572,0.6780998445198337
173,1559926800,448,343,-105,791,23,0.11649187786037628,1.0601620559050409
173,1559941200,345,396,51,741,23,0.7149950587238662,0.9120759274611622
173,1559955600,49,93,44,142,23,0.6881391467620429,-0.8619958912965051
173,1559970000,0,1,1,1,23,0.5231671161394142,-1.279598773508243
173,1559984400,5,6,1,11,23,0.5231671161394142,-1.2499815478194674
173,1559998800,0,3,3,3,23,0.5308402338427923,-1.273675328370488
173,1560013200,0,1,1,1,23,0.5231671161394142,-1.279598773508243
173,1560027600,1,0,-1,1,23,0.5154939984360362,-1.279598773508243
173,1560042000,1,12,11,13,23,0.5615327046563047,-1.2440581026817121
173,1560056400,0,5,5,5,23,0.5385133515461704,-1.2677518832327328
173,1560070800,162,44,-118,206,23,0.06661661278841878,-0.6724456468883403
173,1560085200,290,113,-177,403,23,-0.15974035946123444,-0.08898630081945809
173,1560099600,285,174,-111,459,23,0.09347252475024205,0.0768701630376861
173,1560114000,201,191,-10,392,23,0.48096496877083483,-0.1215652490771114
173,1560128400,79,117,38,196,23,0.6651197936519087,-0.7020628725771161
173,1560142800,30,29,-1,59,23,0.5154939984360362,-1.1078188645133438
173,1560157200,860,87,-773,947,23,-2.446329435067901,1.5221907766499427
173,1560171600,458,143,-315,601,23,-0.6891854809943216,0.4974347678183017
173,1560186000,396,262,-134,658,23,0.005231671161394182,0.6662529542443234
173,1560200400,302,421,119,723,23,0.9758810606387207,0.8587649212213658
173,1560214800,149,275,126,424,24,0.8767809024717473,-0.7101215686559886
173,1560229200,53,110,57,163,24,0.6741215085599473,-1.6501790317276719
173,1560243600,1122,86,-1036,1208,24,-2.536120774709582,2.1136525732911364
173,1560258000,526,115,-411,641,24,-0.7004378588418274,0.07145877420437634
173,1560272400,406,239,-167,645,24,0.01621275151294404,0.085865785132678
173,1560286800,337,430,93,767,24,0.7798568445139299,0.5252796184458786
173,1560301200,203,370,167,573,24,0.9972017017526721,-0.17346041157675185
173,1560315600,66,125,59,191,24,0.6799956938907241,-1.5493299552295603
173,1560330000,914,118,-796,1032,24,-1.8312185350163643,1.4797440924458634
173,1560333039,174,18,-156,192,24,0.04852077083221652,-1.5457282024974848
173,1560344400,489,131,-358,620,24,-0.5447719475762418,-0.004178033169207366
173,1560358800,410,286,-124,696,24,0.14250773612464557,0.2695551744685242
173,1560373200,329,438,109,767,24,0.8268503271601444,0.5252796184458786
173,1560387600,187,343,156,530,24,0.9648936824333996,-0.3283357790559947
173,1560402000,64,95,31,159,24,0.5977570992598488,-1.6645860426559735
173,1560416400,867,102,-765,969,24,-1.7401686623893238,1.2528336703251124
173,1560430800,482,107,-375,589,24,-0.5947025228878448,-0.11583236786354521
173,1560445200,430,260,-170,690,24,0.007401473516778817,0.24794465807607166
173,1560459600,358,488,130,846,24,0.888529273133301,0.8098180842798364
173,1560474000,169,309,140,478,24,0.9179001997871851,-0.5156269211239163
173,1560488400,73,128,55,201,24,0.6682473232291706,-1.5133124279088062
173,1560502800,835,86,-749,921,24,-1.6931751797431092,1.0799495391854925
173,1560517200,496,181,-315,677,24,-0.4184769629645403,0.20112187255909128
173,1560531600,409,303,-106,712,24,0.1953754041016369,0.3271832181817308
173,1560546000,373,465,92,838,24,0.7769197518485416,0.7810040624232331
173,1561165200,6606,4806,-1800,11412,25,-2.7630167213330377,4.06815700602241
173,1561179600,127,248,121,375,25,0.9982364651656739,-0.4627213009255043
173,1561194000,927,151,-776,1078,25,-0.7580592705393464,-0.17412771120145032
173,1561208400,1267,259,-1008,1526,25,-1.2123074429847922,0.009783993203067706
173,1561222800,1157,397,-760,1554,25,-0.726731810370695,0.021278474728350084
173,1561237200,775,633,-142,1408,25,0.4832913386434662,-0.038657036082050886
173,1561251600,332,510,178,842,25,1.1098405420164945,-0.2710097697716875
173,1561266000,105,229,124,334,25,1.004110363947296,-0.47955250601609634
173,1561280400,661,111,-550,772,25,-0.31555889565714507,-0.29974597358489347
173,1561294800,1011,276,-735,1287,25,-0.6777826538571772,-0.08832961695916401
173,1561309200,971,393,-578,1364,25,-0.37038195095228504,-0.056719792764637476
173,1561323600,673,510,-163,1183,25,0.4421740471721112,-0.1310234054816414
173,1561338000,311,394,83,705,25,0.9238337472651268,-0.32725062580610487
173,1561352400,82,132,50,214,25,0.8592208606672832,-0.5288145696958779
173,1561366800,835,98,-737,933,25,-0.6816985863782585,-0.23365270481451977
173,1561381200,471,131,-340,602,25,0.09561401905640482,-0.36953389713125073
173,1561395600,389,290,-99,679,25,0.5674838878467169,-0.3379240729367242
173,1561410000,319,452,133,771,25,1.0217320602921625,-0.30015649078222495
173,1561424400,180,367,187,547,26,1.1368529313364975,-0.04249761588857895
173,1561438800,56,132,76,188,26,0.7317464293193185,-1.55734171132119
173,1561453200,806,85,-721,891,26,-2.1769912473265514,1.4090521580078506
173,1561467600,476,127,-349,603,26,-0.81933702435006,0.1938011845131654
173,1561482000,390,320,-70,710,26,0.19890364288230855,0.6453006781379269
173,1561496400,353,447,94,800,26,0.7974393755923747,1.025066607355016
173,1561510800,167,344,177,511,26,1.1003568500736884,-0.1944039875754146
173,1561525200,66,138,72,204,26,0.717147996814195,-1.4898277683492631
173,1561539600,857,81,-776,938,26,-2.3777196942720003,1.607374365487886
173,1561554000,541,156,-385,697,26,-0.950722916896172,0.5904455994732363
173,1561568400,418,252,-166,670,26,-0.15145873724065695,0.4765158207081095
173,1561582800,335,526,191,861,26,1.151451363841621,1.2824635149354875
173,1561597200,209,376,167,585,26,1.0638607688108797,0.11784799866974757
173,1561611600,54,123,69,177,26,0.7061991724353524,-1.60375754711439
173,1561626000,796,100,-696,896,26,-2.085751044169529,1.4301502651865778
173,1561640400,524,173,-351,697,26,-0.8266362406026218,0.5904455994732363
173,1561654800,394,217,-177,611,26,-0.19160442662974675,0.22755815599912887
173,1561669200,338,522,184,860,26,1.1259041069576547,1.2782438934997422
173,1561683600,220,369,149,589,26,0.9981678225378235,0.1347264844127293
173,1561698000,82,139,57,221,26,0.6624038749199817,-1.4180942039415907
173,1561712400,755,85,-670,840,26,-1.9908612328862259,1.1938514647848335
173,1561726800,540,154,-386,694,26,-0.954372525022453,0.577786735166
173,1561741200,466,312,-154,778,26,-0.10766343972528628,0.9322349357686165
173,1561755600,337,465,128,802,26,0.9215260518859248,1.0335058502265069
173,1561770000,170,266,96,436,26,0.8047385918449363,-0.5108755952563222
173,1561784400,53,98,45,151,26,0.618608577404611,-1.7134677044437712
173,1561798800,259,83,-176,342,26,-0.18795481850346588,-0.9075200102163931
173,1561813200,440,132,-308,572,26,-0.6697030911725435,0.06299292000505692
173,1561827600,401,224,-177,625,26,-0.19160442662974675,0.28663285609956496
173,1561842000,266,253,-13,519,26,0.4069313060803193,-0.16064701608945112
173,1561856400,141,210,69,351,26,0.7061991724353524,-0.8695434172946842
173,1561870800,51,84,33,135,26,0.5748132798892402,-1.780981647415698
173,1561885200,212,50,-162,262,26,-0.1368603047355334,-1.2450897250760278
173,1561899600,395,120,-275,515,26,-0.549266023005274,-0.17752550183243287
173,1561914000,397,179,-218,576,26,-0.3412383598072633,0.07987140574803865
173,1561928400,198,268,70,466,26,0.7098487805616333,-0.38428695218395914
173,1561942800,113,160,47,273,26,0.6259077936571728,-1.1986738892828281
173,1561957200,40,70,30,110,26,0.5638644555103977,-1.8864721833093339
173,1561971600,751,82,-669,833,26,-1.987211624759945,1.1643141147346154
173,1561986000,397,132,-265,529,26,-0.5127699417424652,-0.11845080173199678
173,1562000400,386,244,-142,630,26,-0.06386814220991559,0.30773096327829214
173,1562014800,283,419,136,702,26,0.950722916896172,0.6115437066519634
173,1562029200,129,207,78,336,27,0.9296615756682634,-0.8230871174129188
173,1562043600,21,24,3,45,27,0.6725332972105384,-1.707929297817589
173,1562058000,807,88,-719,895,27,-1.8027549300758274,0.8766612635018943
173,1562072400,500,127,-373,627,27,-0.6165364721241895,0.061755062991751375
173,1562086800,432,310,-122,742,27,0.24398616644766344,0.4114349624643873
173,1562101200,318,436,118,754,27,1.0667966575123833,0.4479232998006624
173,1562115600,125,203,78,328,27,0.9296615756682634,-0.8474126756371022
173,1562130000,31,45,14,76,27,0.7102454447176714,-1.6136677596988784
173,1562144400,757,80,-677,837,27,-1.6587630941395015,0.7003009663765649
173,1562158800,522,123,-399,645,27,-0.7056742753228675,0.11648756899616396
173,1562173200,409,318,-91,727,27,0.35026585487685646,0.36582454079404353
173,1562187600,339,377,38,716,27,0.7925264938241434,0.33237689823579136
173,1562202000,143,195,52,338,27,0.8405237724695854,-0.817005727856873
173,1562216400,27,38,11,65,27,0.6999603135793624,-1.6471154022571306
173,1562230800,193,47,-146,240,27,0.16170511734119145,-1.1149938161031192
173,1562245200,351,113,-238,464,27,-0.15370557090028453,-0.43387818582598486
173,1562259600,341,177,-164,518,27,0.09999433051133746,-0.2696806678127471
173,1562274000,247,166,-81,413,27,0.38454962533788645,-0.5889536195051538
173,1562288400,95,146,51,241,27,0.8370953954234824,-1.1119531213250964
173,1562302800,30,54,24,84,27,0.7445292151787014,-1.589342201474695
173,1562317200,466,80,-386,546,27,-0.6611053737235285,-0.18454121402810528
173,1562331600,416,121,-295,537,27,-0.3491230625281555,-0.21190746703031157
173,1562346000,406,281,-125,687,27,0.23370103530935446,0.24419674967312666
173,1562360400,278,323,45,601,27,0.8165251331468644,-0.017303001236844587
173,1562374800,149,219,70,368,27,0.9022345592994393,-0.7257848845161853
173,1562389200,106,186,80,292,27,0.9365183297604693,-0.9568776876459274
173,1562403600,833,142,-691,975,27,-1.7067603727849434,1.119916845743728
173,1562418000,1108,220,-888,1328,27,-2.3821506508672345,2.1932821023858193
173,1562432400,972,344,-628,1316,27,-1.4907726188804544,2.156793765049544
173,1562446800,653,447,-206,1100,27,-0.04399750542498853,1.5000036929965932
173,1562461200,307,404,97,711,27,0.9948007395442203,0.3171734243456768
173,1562475600,129,163,34,292,27,0.7788129856397314,-0.9568776876459274
173,1562490000,587,122,-465,709,27,-0.9319471603656656,0.31109203478963093
173,1562504400,904,165,-739,1069,27,-1.8713224709978875,1.4057421548778828
173,1562518800,824,297,-527,1121,27,-1.1445065372240515,1.5638582833350747
173,1562533200,553,465,-88,1018,27,0.36055098601516544,1.2506667211987137
173,1562547600,271,403,132,674,27,1.1147939361578252,0.20466771755882868
173,1562562000,89,120,31,209,27,0.7685278545014224,-1.2092553542218298
173,1562576400,822,106,-716,928,27,-1.7924697989375185,0.9770041911766507
173,1562590800,455,126,-329,581,27,-0.4656878820956575,-0.07811689679730302
173,1562605200,371,255,-116,626,27,0.2645564287242814,0.05871436821372845
173,1562619600,281,421,140,702,27,1.1422209525266493,0.2898071713434705
173,1562634000,108,187,79,295,28,0.9243540355596983,-0.90273747895884
173,1562648400,34,40,6,74,28,0.6506607130838732,-1.6823306623865277
173,1562662800,844,104,-740,948,28,-2.1462600892033263,1.400766361666861
173,1562677200,489,164,-325,653,28,-0.590332297046238,0.36013292677469905
173,1562691600,467,243,-224,710,28,-0.21166071389475397,0.5612044718216592
173,1562706000,452,556,104,1008,28,1.0180846254486793,1.6124206196110298
173,1562720400,115,199,84,314,28,0.9431001535374945,-0.8357136306098534
173,1562734800,37,69,32,106,28,0.7481405265684136,-1.569448391482971
173,1562742973,259,30,-229,289,28,-0.23040683187255023,-0.923902904753257
173,1562748886,733,88,-645,821,28,-1.7900838476251977,0.952764849018371
173,1562749200,634,44,-590,678,28,-1.583876549869439,0.4483222009181026
173,1562763600,511,130,-381,641,28,-0.800288818397556,0.31780207518586534
173,1562778000,386,269,-117,655,28,0.1895062108300856,0.3671880687061713
173,1562792400,330,487,157,817,28,1.2167934760133194,0.9386545651554264
173,1562806800,125,186,61,311,28,0.8568680108396318,-0.8462963435070618
173,1562821200,32,97,65,129,28,0.8718649052218688,-1.4883142592710399
173,1562835600,790,103,-687,893,28,-1.9475512386386862,1.2067499585513732
173,1562850000,499,117,-382,616,28,-0.8040380419931152,0.22961280104246176
173,1562864400,410,321,-89,731,28,0.2944844715057445,0.6352834621021182
173,1562878800,302,484,182,786,28,1.3105240659023007,0.829299865217606
173,1562893200,90,201,111,291,28,1.0443291906175942,-0.9168477628217846
173,1562907600,28,62,34,90,28,0.7556389737595322,-1.6258895269347493
173,1562922000,771,107,-664,878,28,-1.8613190959408235,1.1538363940653311
173,1562936400,489,136,-353,625,28,-0.695310557721897,0.261360939734087
173,1562950800,451,283,-168,734,28,-0.0017041925434360704,0.6458661749993266
173,1562965200,565,416,-149,981,28,0.06953105577218965,1.517176203536154
173,1562979600,226,295,69,521,28,0.8868617996041058,-0.1055064407024718
173,1562994000,88,133,45,221,28,0.7968804333106838,-1.1637777304233146
173,1563008400,352,93,-259,445,28,-0.34288353973932767,-0.37360183409841863
173,1563022800,641,179,-462,820,28,-1.1039759296378553,0.9492372780526349
173,1563037200,516,304,-212,820,28,-0.16667003074804299,0.9492372780526349
173,1563051600,285,206,-79,491,28,0.331976707461337,-0.21133356967455608
173,1563066000,3,4,1,7,28,0.631914595106077,-1.9186779170908492
173,1563080400,48,79,31,127,28,0.7443913029728544,-1.495369401202512
173,1563094800,258,64,-194,322,28,-0.09918400602797653,-0.8074930628839643
173,1563109200,565,133,-432,698,28,-0.9914992217710777,0.5188736202328255
173,1563123600,423,268,-155,691,28,0.04703571419883416,0.4941806234726725
173,1563138000,276,302,26,578,28,0.7256451849950581,0.09556510434448834
173,1563152400,131,194,63,325,28,0.8643664580307503,-0.7969103499867558
173,1563166800,53,66,13,119,28,0.6769052782527879,-1.5235899689284012
173,1563181200,824,81,-743,905,28,-2.157507759990004,1.249080810140207
173,1563195600,479,128,-351,607,28,-0.6878121105307785,0.1978646623508365
173,1563210000,399,262,-137,661,28,0.11452173891890063,0.3883534945005882
173,1563224400,288,520,232,808,28,1.4979852456802631,0.9069064264638012
173,1563238800,112,198,86,310,29,0.7877178748344702,-0.8994433911384132
173,1563253200,39,91,52,130,29,0.664566886739044,-1.5885183847547897
173,1563267600,854,101,-753,955,29,-2.2512138608144308,1.5697420026536026
173,1563282000,490,130,-360,620,29,-0.8277333219467096,0.28729687564534634
173,1563296400,385,305,-80,690,29,0.1864512858979773,0.5552704842739372
173,1563310800,291,487,196,778,29,1.1861475422020258,0.8921515922641657
173,1563325200,119,232,113,351,29,0.8855142477337793,-0.7424874203702385
173,1563339600,50,74,24,124,29,0.5631484259545753,-1.611487551208669
173,1563354000,824,129,-695,953,29,-2.041132763475174,1.562085613835643
173,1563368400,451,143,-308,594,29,-0.6393847519184105,0.18776382101186975
173,1563382800,381,246,-135,627,29,-0.012763547785800461,0.31409423650820545
173,1563397200,323,453,130,776,29,0.9470897417814924,0.884495203446206
173,1563411600,81,196,115,277,29,0.8927584235040985,-1.0257738066347488
173,1563426000,47,80,33,127,29,0.5957472169210116,-1.6000029679817294
173,1563440400,819,103,-716,922,29,-2.1171966090635257,1.443411587157267
173,1563454800,469,163,-306,632,29,-0.6321405761480914,0.3332352085531048
173,1563469200,376,249,-127,625,29,0.016213155295476307,0.3064378476902457
173,1563483600,280,453,173,733,29,1.102839520843355,0.7198828438600716
173,1563498000,112,213,101,325,29,0.8420491931118641,-0.8420204750037151
173,1563512400,51,90,39,141,29,0.6174797442319692,-1.5464082462560111
173,1563526800,736,99,-637,835,29,-1.8310516661359175,1.1103586735760183
173,1563541200,465,117,-348,582,29,-0.7842682673247944,0.1418254881041113
173,1563555600,378,305,-73,683,29,0.21180590109409447,0.5284731234110781
173,1563570000,477,558,81,1035,29,0.7696074354086723,1.8759975553719923
173,1563584400,150,291,141,441,29,0.986932708518248,-0.3979499235620503
173,1563598800,64,89,25,153,29,0.5667705138397349,-1.5004699133482526
173,1563613200,347,89,-258,436,29,-0.45828035766043074,-0.4170908956069496
173,1563627600,607,149,-458,756,29,-1.1826979346923499,0.8079313152666087
173,1563642000,445,242,-203,687,29,-0.259065523976653,0.5437859010469976
173,1563656400,307,272,-35,579,29,0.34944524073015915,0.1303409048771717
173,1563670800,139,278,139,417,29,0.9796885327479288,-0.4898265893775672
173,1563685200,45,92,47,137,29,0.646456447313246,-1.5617210238919306
173,1563699600,263,56,-207,319,29,-0.2735538755172914,-0.8649896414575944
173,1563714000,480,121,-359,601,29,-0.82411123406155,0.21456118187472883
173,1563728400,376,188,-188,564,29,-0.20473420569925904,0.07291798874247367
173,1563742800,247,319,72,566,29,0.7370086444422359,0.0805743775604334
173,1563757200,130,197,67,327,29,0.7188982050164379,-0.8343640861857554
173,1563771600,54,54,0,108,29,0.476218316710745,-1.6727386617523468
173,1563786000,871,102,-769,973,29,-2.309167266976984,1.6386495020152403
173,1563800400,471,135,-336,606,29,-0.7408032127028792,0.23370215391962817
173,1563814800,362,334,-28,696,29,0.3747998559262763,0.5782396507278165
173,1563829200,237,460,223,697,29,1.2839439151013348,0.5820678451367963
173,1563843600,73,156,83,229,30,0.770326549676083,-0.22818264778508493
173,1563858000,41,57,16,98,30,0.4574057141838786,-0.6194513665412517
173,1563872400,796,94,-702,890,30,-2.8959847318370584,1.7460816506716035
173,1563886261,460,133,-327,593,30,-1.144562145126959,0.8590067692167829
173,1563886800,424,75,-349,499,30,-1.2473122702139514,0.5782490626283885
173,1563888155,29,6,-23,35,30,0.27525776516602823,-0.8076187656377287
173,1563888219,4,0,-4,4,30,0.36399650955933993,-0.900209073129646
173,1563888281,4,0,-4,4,30,0.36399650955933993,-0.900209073129646
173,1563888348,2,0,-2,2,30,0.3733374300217938,-0.9061826413549311
173,1563888414,2,0,-2,2,30,0.3733374300217938,-0.9061826413549311
173,1563888478,2,0,-2,2,30,0.3733374300217938,-0.9061826413549311
173,1563888540,1,0,-1,1,30,0.37800789025302073,-0.9091694254675736
173,1563888603,2,3,1,5,30,0.3873488107154746,-0.8972222890170036
173,1563888672,2,7,5,9,30,0.4060306516403823,-0.8852751525664336
173,1563888735,2,4,2,6,30,0.3920192709467015,-0.8942355049043611
173,1563888804,0,2,2,2,30,0.3920192709467015,-0.9061826413549311
173,1563888874,1,0,-1,1,30,0.37800789025302073,-0.9091694254675736
173,1563888940,1,1,0,2,30,0.3826783504842477,-0.9061826413549311
173,1563889005,2,0,-2,2,30,0.3733374300217938,-0.9061826413549311
173,1563889076,1,0,-1,1,30,0.37800789025302073,-0.9091694254675736
173,1563889140,1,0,-1,1,30,0.37800789025302073,-0.9091694254675736
173,1563889208,1,0,-1,1,30,0.37800789025302073,-0.9091694254675736
173,1563889276,0,0,0,0,30,0.3826783504842477,-0.912156209580216
173,1563889340,1,0,-1,1,30,0.37800789025302073,-0.9091694254675736
173,1563889408,0,0,0,0,30,0.3826783504842477,-0.912156209580216
173,1563889476,5,0,-5,5,30,0.359326049328113,-0.8972222890170036
173,1563889556,3,0,-3,3,30,0.3686669697905669,-0.9031958572422886
173,1563889636,1,0,-1,1,30,0.37800789025302073,-0.9091694254675736
173,1563889717,1,1,0,2,30,0.3826783504842477,-0.9061826413549311
173,1563889796,1,10,9,11,30,0.4247124925652901,-0.8793015843411486
173,1563889877,2,2,0,4,30,0.3826783504842477,-0.900209073129646
173,1563889957,7,0,-7,7,30,0.34998512886565913,-0.8912487207917186
173,1563890037,1,0,-1,1,30,0.37800789025302073,-0.9091694254675736
173,1563890117,0,0,0,0,30,0.3826783504842477,-0.912156209580216
173,1563890198,3,0,-3,3,30,0.3686669697905669,-0.9031958572422886
173,1563890278,3,0,-3,3,30,0.3686669697905669,-0.9031958572422886
173,1563890358,1,5,4,6,30,0.4013601914091554,-0.8942355049043611
173,1563890438,2,0,-2,2,30,0.3733374300217938,-0.9061826413549311
173,1563890518,3,3,0,6,30,0.3826783504842477,-0.8942355049043611
173,1563890598,1,4,3,5,30,0.3966897311779285,-0.8972222890170036
173,1563901200,373,233,-140,606,30,-0.27118608188752275,0.8978349626811353
173,1563915600,332,507,175,839,30,1.2000088909489608,1.5937556609268364
173,1563930000,100,207,107,307,30,0.8824175952255294,0.004786513001029594
173,1563944400,50,46,-4,96,30,0.36399650955933993,-0.6254249347665366
173,1563958800,835,97,-738,932,30,-3.064121300161228,1.8715265834025883
173,1563973200,501,117,-384,618,30,-1.410778378306894,0.9336763720328453
173,1563987600,380,288,-92,668,30,-0.04700399078863004,1.08301557766497
173,1564002000,323,474,151,797,30,1.0879178453995144,1.4683107281958516
173,1564016400,102,207,105,309,30,0.8730766747630755,0.010760081226314583
173,1564030800,38,48,10,86,30,0.429382952796517,-0.6552927758929615
173,1564045200,790,93,-697,883,30,-2.8726324306809237,1.7251741618831062
173,1564059600,557,144,-413,701,30,-1.546221725012475,1.1815794533821722
173,1564074000,392,296,-96,688,30,-0.06568583171353777,1.1427512599178198
173,1564088400,324,505,181,829,30,1.2280316523363224,1.5638878198004114
173,1564102800,106,208,102,314,30,0.8590652940693947,0.025694001789527052
173,1564117200,37,49,12,86,30,0.4387238732589709,-0.6552927758929615
173,1564131600,718,85,-633,803,30,-2.5737229758824,1.4862314328717066
173,1564146000,485,165,-320,650,30,-1.1118689235083705,1.029253463637405
173,1564160400,415,271,-144,686,30,-0.2898679228124305,1.1367776916925347
173,1564174800,357,466,109,823,30,0.8917585156879833,1.5459671151245564
173,1564189200,140,276,136,416,30,1.0178609419311104,0.33034598127906145
173,1564203600,51,107,56,158,30,0.6442241234329559,-0.440244319782702
173,1564218000,400,97,-303,497,30,-1.0324710995775126,0.5722754944031034
173,1564232400,663,190,-473,853,30,-1.826449338886091,1.6355706385038313
173,1564246800,536,289,-247,825,30,-0.7709253266288044,1.5519406833498415
173,1564261200,363,347,-16,710,30,0.3079509867846168,1.2084605103959547
173,1564275600,152,302,150,454,30,1.0832473851682873,0.44384377755947624
173,1564290000,44,93,49,137,30,0.6115309018143673,-0.5029667861481943
173,1564304400,256,89,-167,345,30,-0.3972885081306499,0.11828430928144437
173,1564318800,539,141,-398,680,30,-1.476164821544071,1.1188569870166798
173,1564333200,493,199,-294,692,30,-0.9904369574964702,1.15469839636839
173,1564347600,272,288,16,560,30,0.4574057141838786,0.7604428934995806
173,1564362000,118,245,127,363,30,0.975826799850068,0.17204642330900927
173,1564376400,47,52,5,99,30,0.4060306516403823,-0.6164645824286091
173,1564390800,793,113,-680,906,30,-2.7932346067500657,1.7938701964738835
173,1564405200,484,128,-356,612,30,-1.2800054918325399,0.9157556673569902
173,1564419600,365,267,-98,632,30,-0.07502675217599163,0.9754913496098402
173,1564434000,289,423,134,712,30,1.0085200214686565,1.2144340786212398
173,1564448400,101,212,111,313,31,0.950203637359897,-0.9017422717429833
173,1564462800,35,34,-1,69,31,0.5482289163615647,-1.7317647086066912
173,1564477200,816,111,-705,927,31,-1.9784693299136664,1.1869207456107733
173,1564491600,491,124,-367,615,31,-0.7653670469008425,0.12558058044078627
173,1564506000,372,352,-20,724,31,0.4800367761922048,0.4963692919905574
173,1564520400,311,495,184,806,31,1.2122050180105957,0.7753112584775412
173,1564534800,109,201,92,310,31,0.8820114971905371,-0.9119474656388485
173,1564549200,38,49,11,87,31,0.5912976364685288,-1.6705335452314996
173,1564563600,840,116,-724,956,31,-2.0466614700830266,1.2855709532708042
173,1564578000,451,146,-305,597,31,-0.5428453263481942,0.0643494170655947
173,1564592400,409,314,-95,723,31,0.21085727552367875,0.49296756069193565
173,1564606800,319,444,125,763,31,1.0004504774846885,0.6290368126368058
173,1564621200,124,183,59,307,31,0.7635725168963856,-0.9221526595347138
173,1564635600,32,35,3,67,31,0.5625851563972194,-1.7385681712039347
173,1564650000,763,96,-667,859,31,-1.8420850495749466,0.9556030173044942
173,1564664400,507,130,-377,637,31,-0.8012576469899793,0.20041866901046484
173,1564678800,448,271,-177,719,31,-0.08344564520724308,0.4793606354974486
173,1564693200,412,462,50,874,31,0.7312709768161625,1.0066289867838205
173,1564707600,121,203,82,324,31,0.8461208971014003,-0.864323227458144
173,1564722000,38,39,1,77,31,0.555407036379392,-1.7045508582177171
173,1564736400,716,115,-601,831,31,-1.6052070889866437,0.860354540943085
173,1564750800,477,159,-318,636,31,-0.589503106464072,0.1970169377118431
173,1564765200,483,398,-85,881,31,0.24674787561281555,1.0304411058741727
173,1564779600,369,403,34,772,31,0.6738460166735436,0.6596523943244016
173,1565398800,9434,5518,-3916,14952,32,-4.043467046123307,4.113331983849664
173,1565413200,34,51,17,85,32,0.40214882688885933,-0.3528831684662028
173,1565427600,287,59,-228,346,32,0.12521623373147805,-0.27447581293015383
173,1565442000,429,133,-296,562,32,0.04835330991636815,-0.20958696696928564
173,1565456400,410,230,-180,640,32,0.17947241524802623,-0.1861548837056388
173,1565470800,329,244,-85,573,32,0.28685444116619446,-0.20628244240646365
173,1565485200,176,189,13,365,32,0.397627478429147,-0.26876799777618854
173,1565499600,39,61,22,100,32,0.4078005124634998,-0.34837699860780924
173,1565514000,185,53,-132,238,32,0.23372859676457441,-0.30692023591058787
173,1565528400,364,116,-248,480,32,0.10260949143291632,-0.2342206955285041
173,1565542800,343,210,-133,553,32,0.2325982596496463,-0.21229066888432183
173,1565557200,264,230,-34,494,32,0.3445016340275269,-0.23001493699400338
173,1565571600,124,157,33,281,32,0.4202342207277087,-0.29400254898319284
173,1565586000,34,34,0,68,32,0.38293309593508185,-0.3579901609723823
173,1565600400,753,118,-635,871,32,-0.33483097204425327,-0.116759867886377
173,1565614800,453,131,-322,584,32,0.018964544928237896,-0.20297791784364166
173,1565629200,393,278,-115,671,32,0.2529443277183519,-0.17684213266495866
173,1565643600,335,476,141,811,32,0.5423106291399421,-0.1347845473199515
173,1565658000,116,181,65,297,33,0.8344689443659976,-1.0412199089557792
173,1565672400,39,34,-5,73,33,0.5543115050105069,-1.8831448684277148
173,1565686800,807,126,-681,933,33,-2.1512089093368045,1.3492456009734666
173,1565701200,468,145,-323,613,33,-0.7184037194901515,0.1464956588707014
173,1565715600,407,263,-144,670,33,-0.002001124566824934,0.3607354923077564
173,1565730000,357,458,101,815,33,0.9785499131773929,0.9057315598230719
173,1565744400,100,208,108,308,33,1.006565657112942,-0.9998753796959966
173,1565758800,43,43,0,86,33,0.5743227506787562,-1.83428315202979
173,1565773200,793,131,-662,924,33,-2.075166175797457,1.3154182588518262
173,1565787600,492,143,-349,635,33,-0.822462196965048,0.2291847173902665
173,1565802000,425,262,-163,687,33,-0.07804385810617244,0.42463158298196585
173,1565816400,329,434,105,763,33,0.9945589097119923,0.7102846942313725
173,1565830800,110,207,97,317,33,0.9625409166427934,-0.9660480375743563
173,1565845200,30,44,14,74,33,0.6303542385498543,-1.8793862748586436
173,1565859600,759,122,-637,881,33,-1.9751099474562102,1.1537987353817671
173,1565874000,493,154,-339,647,33,-0.7824397056285494,0.27428784021912017
173,1565888400,454,267,-187,721,33,-0.1740978373137693,0.5524237643303846
173,1565902800,350,463,113,813,33,1.0265769027811913,0.8982143726849295
173,1565917200,116,221,105,337,33,0.9945589097119923,-0.8908761661929335
173,1565931600,41,49,8,90,33,0.6063407437479551,-1.8192487777535054
173,1565946000,734,109,-625,843,33,-1.9270829578524118,1.0109721797570639
173,1565960400,485,155,-330,640,33,-0.7464194634257005,0.2479776852356222
173,1565974800,443,285,-158,728,33,-0.0580326124379231,0.5787339193138826
173,1565989200,370,447,77,817,33,0.8824959339697961,0.9132487469612142
173,1566003600,164,228,64,392,33,0.8304666952323477,-0.6841535198940207
173,1566018000,64,162,98,226,33,0.9665431657764433,-1.3080800523598302
173,1566032400,464,112,-352,576,33,-0.8344689443659976,0.00742769681506918
173,1566046800,615,229,-386,844,33,-0.9705454149100932,1.014730773326135
173,1566061200,628,336,-292,964,33,-0.5943339963470055,1.465762001614672
173,1566075600,367,442,75,809,33,0.8744914357024963,0.883179998408645
173,1566090000,183,322,139,505,33,1.1306353802560878,-0.25943244658898185
173,1566104400,68,129,61,197,33,0.8184599478313981,-1.4170792658628932
173,1566118800,297,75,-222,372,33,-0.3141765569915147,-0.7593253912754436
173,1566133200,511,190,-321,701,33,-0.7103992212228517,0.4772518929489618
173,1566147600,517,282,-235,799,33,-0.366205795728963,0.8455940627179336
173,1566162000,322,329,7,651,33,0.6023384946143052,0.28932221449540474
173,1566176400,148,260,112,408,33,1.0225746536475415,-0.6240160227888825
173,1566190800,61,74,13,135,33,0.6263519894162044,-1.650112067145304
173,1566205200,740,112,-628,852,33,-1.9390897052533613,1.044799521878704
173,1566219600,464,136,-328,600,33,-0.7384149651584008,0.09763394247277657
173,1566234000,391,254,-137,645,33,0.026014619368724148,0.2667706530809779
173,1566248400,303,418,115,721,33,1.034581401048491,0.5524237643303846
173,1566262800,110,173,63,283,34,0.8473939266732538,-1.059726792960985
173,1566277200,32,30,-2,62,34,0.5798577384209139,-1.9218868501319786
173,1566291600,776,128,-648,904,34,-2.0790403786715714,1.3629039559222138
173,1566306000,517,138,-379,655,34,-0.9718521534426573,0.39151095033136596
173,1566320400,357,293,-64,650,34,0.32466937424175896,0.37200506668496336
173,1566334800,315,439,124,754,34,1.0984663494946805,0.7777274465301368
173,1566349200,98,184,86,282,34,0.9420605779010047,-1.0636279696902655
173,1566363600,36,43,7,79,34,0.6169012106404687,-1.8555668457342098
173,1566378000,759,109,-650,868,34,-2.087272261387028,1.2224615936681154
173,1566392400,441,138,-303,579,34,-0.659040610255306,0.09502151890604692
173,1566406800,387,234,-153,621,34,-0.04164940659606024,0.25887094153582846
173,1566421200,329,407,78,736,34,0.9091330470391783,0.7075062654030875
173,1566435600,106,196,90,302,34,0.9585243433319179,-0.9856044351046553
173,1566450000,29,45,16,74,34,0.6539446828600234,-1.8750727293806124
173,1566464400,737,104,-633,841,34,-2.017301258305647,1.1171298219775414
173,1566478800,485,132,-353,617,34,-0.8648376781417213,0.24326623461870642
173,1566493200,413,279,-134,692,34,0.03655347920077756,0.5358544893147449
173,1566507600,319,495,176,814,34,1.3124953000965525,1.0117980502869677
173,1566522000,139,193,54,332,34,0.810350454453699,-0.8685691332262399
173,1566536400,36,53,17,89,34,0.6580606242177517,-1.8165550784414046
173,1566550800,679,103,-576,782,34,-1.7826926009151334,0.8869603949499911
173,1566565200,481,151,-330,632,34,-0.7701710269139703,0.30178388555791413
173,1566579600,438,289,-149,727,34,-0.02518564116514702,0.6723956748395629
173,1566594000,322,409,87,731,34,0.946176519258733,0.688000381756685
173,1566608400,144,218,74,362,34,0.8926692816082651,-0.7515338313478245
173,1566622800,76,145,69,221,34,0.8720895748196236,-1.301599750176377
173,1566637200,493,110,-383,603,34,-0.9883159188735705,0.18864976040877923
173,1566651600,622,204,-418,826,34,-1.132373866394061,1.0586121710383338
173,1566666000,574,323,-251,897,34,-0.4450116596534342,1.3355957188172503
173,1566680400,409,370,-39,779,34,0.4275679081849666,0.8752568647621496
173,1566694800,187,296,109,483,34,1.0367272291287557,-0.2794914471048824
173,1566709200,63,111,48,174,34,0.7856548063073292,-1.484955056452561
173,1566723600,336,85,-251,421,34,-0.4450116596534342,-0.5213644043202742
173,1566738000,505,144,-361,649,34,-0.8977652090035477,0.3681038899556829
173,1566752400,490,282,-208,772,34,-0.26802618127111705,0.847948627657186
173,1566766800,305,361,56,666,34,0.8185823371691556,0.4344238943534516
173,1566781200,178,238,60,416,34,0.8350461026000688,-0.5408702879666768
173,1566795600,48,57,9,105,34,0.6251330933559253,-1.7541362507729164
173,1566810000,715,120,-595,835,34,-1.8608954867119711,1.0937227616018583
173,1566824400,469,144,-325,613,34,-0.7495913201253288,0.22766152770158438
173,1566838800,373,244,-129,617,34,0.05713318598941909,0.24326623461870642
173,1566853200,320,430,110,750,34,1.040843170486484,0.7621227396130147
173,1566867600,186,270,84,456,35,0.9118821395821289,0.4654225039211068
173,1566882000,59,99,40,158,35,0.669982693214081,-0.5224190729141028
173,1566896400,805,105,-700,910,35,-3.3983261775212696,1.970389201515688
173,1566910800,467,152,-315,619,35,-1.2817060218008507,1.0057519570222448
173,1566925200,427,282,-145,709,35,-0.34709452446975664,1.3040933728449593
173,1566939600,344,458,114,802,35,1.0768135802876162,1.6123795025284307
173,1566954000,206,292,86,498,35,0.9228775689624947,0.6046484979717068
173,1566968400,69,95,26,164,35,0.5930146875515203,-0.5025296451925886
173,1566982800,771,107,-664,878,35,-3.200408448674685,1.8643122536676118
173,1566997200,470,148,-322,618,35,-1.3201900246321312,1.0024370524019925
173,1567011600,440,264,-176,704,35,-0.5175236798654268,1.2875188497436973
173,1567026000,352,486,134,838,35,1.1867678740912742,1.7317160688575166
173,1567040400,148,276,128,424,35,1.1537815859501768,0.3593455560730306
173,1567054800,55,119,64,174,35,0.8019278457784708,-0.46938059899006473
173,1567069200,740,111,-629,851,35,-3.0079884345182832,1.7748098289207974
173,1567083600,524,167,-357,691,35,-1.5126100387885328,1.2444250896804163
173,1567098000,429,278,-151,707,35,-0.3800808126108541,1.2974635636044545
173,1567112400,397,419,22,816,35,0.5710238287907887,1.658788167211964
173,1567126800,184,288,104,472,35,1.021836433385787,0.5184609778451449
173,1567141200,75,115,40,190,35,0.669982693214081,-0.41634212506602664
173,1567155600,692,97,-595,789,35,-2.8210661350520643,1.5692857424651496
173,1567170000,500,163,-337,663,35,-1.4026557449848747,1.1516077603133497
173,1567184400,463,305,-158,768,35,-0.4185648154421345,1.4996727454398497
173,1567198800,376,345,-31,721,35,0.27964495021109465,1.3438722282879878
173,1567213200,137,205,68,342,35,0.8239187045392025,0.08752337721233532
173,1567227600,39,69,30,108,35,0.615005546312252,-0.6881643039267219
173,1567242000,293,66,-227,359,35,-0.797907129064755,0.14387675575662578
173,1567256400,400,129,-271,529,35,-1.039806575432803,0.7074105411995306
173,1567261903,172,63,-109,235,35,-0.14917679562317204,-0.26717141715466947
173,1567261983,2,0,-2,2,35,0.43907867622639896,-1.0395441936734744
173,1567262064,3,0,-3,3,35,0.43358096153621606,-1.0362292890532219
173,1567262144,5,0,-5,5,35,0.42258553215585026,-1.029599479812717
173,1567262224,3,0,-3,3,35,0.43358096153621606,-1.0362292890532219
173,1567262305,4,0,-4,4,35,0.42808324684603316,-1.0329143844329696
173,1567262385,4,10,6,14,35,0.4830603937478622,-0.9997653382304457
173,1567262465,3,1,-2,4,35,0.43907867622639896,-1.0329143844329696
173,1567262546,6,1,-5,7,35,0.42258553215585026,-1.0229696705722124
173,1567262626,1,0,-1,1,35,0.44457639091658185,-1.0428590982937267
173,1567262706,2,0,-2,2,35,0.43907867622639896,-1.0395441936734744
173,1567262786,3,0,-3,3,35,0.43358096153621606,-1.0362292890532219
173,1567262867,4,0,-4,4,35,0.42808324684603316,-1.0329143844329696
173,1567262947,2,0,-2,2,35,0.43907867622639896,-1.0395441936734744
173,1567263027,2,0,-2,2,35,0.43907867622639896,-1.0395441936734744
173,1567263108,4,0,-4,4,35,0.42808324684603316,-1.0329143844329696
173,1567263188,3,0,-3,3,35,0.43358096153621606,-1.0362292890532219
173,1567263268,3,0,-3,3,35,0.43358096153621606,-1.0362292890532219
173,1567263348,0,0,0,0,35,0.45007410560676475,-1.046174002913979
173,1567263429,4,0,-4,4,35,0.42808324684603316,-1.0329143844329696
173,1567263509,1,0,-1,1,35,0.44457639091658185,-1.0428590982937267
173,1567263589,8,0,-8,8,35,0.4060923880853015,-1.01965476595196
173,1567263670,5,7,2,12,35,0.4610695349871306,-1.0063951474709505
173,1567263750,3,7,4,10,35,0.4720649643674964,-1.0130249567114553
173,1567263830,3,8,5,11,35,0.4775626790576793,-1.0097100520912028
173,1567270800,337,128,-209,465,35,-0.6989482646414626,0.4952566455033782
173,1567285200,278,215,-63,493,35,0.10371808012524167,0.5880739748704449
173,1567299600,151,177,26,328,35,0.5930146875515203,0.04111471252880198
173,1567314000,46,45,-1,91,35,0.44457639091658185,-0.7445176824710124
173,1567328400,184,55,-129,239,35,-0.25913108942683016,-0.2539117986736599
173,1567342800,336,98,-238,434,35,-0.858381990656767,0.3924946022755544
173,1567357200,370,185,-185,555,35,-0.5670031120770729,0.7935980613260925
173,1567371600,270,225,-45,495,35,0.202676944548534,0.5947037841109496
173,1567386000,112,156,44,268,35,0.6919735519748127,-0.15777956468634088
173,1567400400,36,47,11,83,35,0.5105489671987767,-0.7710369194330314
173,1567414800,181,55,-126,236,35,-0.24263794535628144,-0.2638565125344171
173,1567429200,248,101,-147,349,35,-0.3580899538501225,0.11072770955410198
173,1567443600,277,138,-139,415,35,-0.31410823632865925,0.32951141449075916
173,1567458000,191,198,7,389,35,0.4885581084380451,0.24332389436419724
173,1567472400,120,184,64,304,36,0.8337362515730503,-0.7847353274434573
173,1567486800,39,31,-8,70,36,0.5611426279643462,-1.5815509900237135
173,1567501200,834,107,-727,941,36,-2.1610075855725737,1.3843739762472398
173,1567515600,475,128,-347,603,36,-0.7223190165266355,0.23341801918686983
173,1567530000,398,238,-160,636,36,-0.014332799654029053,0.34578945878152134
173,1567544400,348,484,136,832,36,1.1063298751817545,1.0132077060709666
173,1567558800,126,221,95,347,36,0.951102950626798,-0.6383119364564872
173,1567573200,56,37,-19,93,36,0.5194963799130164,-1.5032315018213804
173,1567587600,823,104,-719,927,36,-2.1307194051716065,1.3367012442979935
173,1567602000,505,131,-374,636,36,-0.8245416253798995,0.34578945878152134
173,1567616400,432,295,-137,727,36,0.07274571899875142,0.6556622164516209
173,1567630800,312,452,140,764,36,1.121473965382238,0.7816544366031999
173,1567645200,115,192,77,307,36,0.8829545447246219,-0.7745197420257618
173,1567659600,39,47,8,86,36,0.6217189887662805,-1.5270678677960035
173,1567674000,870,99,-771,969,36,-2.3275925777778927,1.4797194401457319
173,1567688400,487,127,-360,614,36,-0.7715373096782071,0.27087516571842035
173,1567702800,494,300,-194,794,36,-0.14305756635813932,0.8838102907801557
173,1567717200,376,470,94,846,36,0.947316928076677,1.0608804380202126
173,1567731600,129,196,67,325,36,0.845094319223413,-0.7132262295195883
173,1567746000,46,50,4,96,36,0.6065748985657969,-1.493015916403685
173,1567760400,864,130,-734,994,36,-2.1875097434234196,1.5648493186265284
173,1567774800,468,132,-336,600,36,-0.6806727684753057,0.22320243376917426
173,1567789200,489,339,-150,828,36,0.023527425847179848,0.9995869255140392
173,1567803600,339,488,149,827,36,1.155548168333326,0.9961817303748073
173,1567818000,143,201,58,344,36,0.811020116272325,-0.6485275218741828
173,1567832400,31,53,22,84,36,0.6747233044679729,-1.5338782580744672
173,1567846800,289,45,-244,334,36,-0.3323586938641838,-0.6825794732665015
173,1567861200,408,139,-269,547,36,-0.4270092576172061,0.04272709138988549
173,1567875600,441,266,-175,707,36,-0.0711231379058424,0.5875583136669836
173,1567890000,331,259,-72,590,36,0.31883718475660927,0.1891504823768556
173,1567904400,131,197,66,328,36,0.8413082966732921,-0.7030106441018926
173,1567918800,38,65,27,103,36,0.6936534172185774,-1.469179550429062
173,1567933200,187,49,-138,236,36,0.06895969644863054,-1.016288596911224
173,1567947600,328,106,-222,434,36,-0.24906619776152425,-0.34205995934331507
173,1567962000,329,158,-171,487,36,-0.055979047705358845,-0.16158461696402632
173,1567976400,262,213,-49,475,36,0.40591570340938976,-0.2024469586348087
173,1567990800,121,130,9,251,36,0.6255050113164013,-0.9652106698227461
173,1568005200,49,27,-22,76,36,0.5081383122626538,-1.5611198191883222
173,1568019600,930,130,-800,1060,36,-2.4373872317313987,1.7895921978158313
173,1568034000,481,141,-340,622,36,-0.6958168586757892,0.29811672683227525
173,1568048400,470,305,-165,775,36,-0.033262912404633506,0.8191115831347504
173,1568062800,351,477,126,828,36,1.0684696496805455,0.9995869255140392
173,1568077200,125,184,59,309,37,0.8663963168157833,-1.1238847246524983
173,1568091600,36,43,7,79,37,0.7065408166108605,-1.79625274596563
173,1568106000,925,98,-827,1023,37,-1.8572954751373236,0.9633794806413098
173,1568120400,517,145,-372,662,37,-0.45855984834424957,-0.09194597889799658
173,1568134800,482,288,-194,770,37,0.0886378254341399,0.22377465719686515
173,1568149200,376,471,95,847,37,0.9770655092653453,0.4488717773756092
173,1568163600,109,209,100,318,37,0.9924362304388955,-1.0975746716445933
173,1568178000,40,33,-7,73,37,0.6635027973249198,-1.8137927813042334
173,1568192400,940,118,-822,1058,37,-1.8419247539637733,1.0656963534498298
173,1568206800,494,142,-352,636,37,-0.39707696365004846,-0.16795279869861146
173,1568221200,480,312,-168,792,37,0.16856557553660126,0.2880881201050777
173,1568235600,353,432,79,785,37,0.9278792015099845,0.26762474554337373
173,1568250000,121,187,66,308,37,0.8879153264587537,-1.126808063875599
173,1568264400,34,42,8,76,37,0.7096149608455706,-1.8050227636349316
173,1568278800,969,107,-862,1076,37,-1.9648905233521754,1.11831645946564
173,1568293200,518,150,-368,668,37,-0.44626327140540933,-0.07440594355939316
173,1568307600,493,268,-225,761,37,-0.006660645841871753,0.19746460418896
173,1568322000,378,383,5,761,37,0.7003925281414405,0.19746460418896
173,1568336400,99,217,118,316,37,1.0477708266636765,-1.1034213500907943
173,1568350800,30,41,11,71,37,0.7188373935497008,-1.8196394597504344
173,1568365200,880,102,-778,982,37,-1.7066624076365309,0.8435225724941864
173,1568379600,504,120,-384,624,37,-0.49544957916077015,-0.2030328693758183
173,1568394000,534,348,-186,882,37,0.11323097931182032,0.5511886501841292
173,1568408400,485,441,-44,926,37,0.5497594606406478,0.6798155760005543
173,1568422800,177,276,99,453,37,0.9893620862041855,-0.7029238765260161
173,1568437200,121,176,55,297,37,0.8540997398769432,-1.1589647953297053
173,1568451600,841,150,-691,991,37,-1.4392118592167564,0.8698326255020915
173,1568466000,1023,233,-790,1256,37,-1.7435521384530517,1.644517519623743
173,1568480400,817,280,-537,1097,37,-0.9657936470714081,1.179706583150752
173,1568494800,662,549,-113,1211,37,0.33764350844565416,1.5129672545842172
173,1568509200,285,438,153,723,37,1.1553658748785283,0.0863777137111383
173,1568523600,96,170,74,266,37,0.9125084803364342,-1.249588311245823
173,1568538000,486,118,-368,604,37,-0.44626327140540933,-0.26149965383782975
173,1568552400,860,227,-633,1087,37,-1.2609114936035732,1.1504731909197463
173,1568566800,857,349,-508,1206,37,-0.8766434642648167,1.4983505584687145
173,1568581200,573,487,-86,1060,37,0.4206454027828256,1.0715430318960308
173,1568595600,243,359,116,602,37,1.0416225381942563,-0.2673463322840309
173,1568610000,95,108,13,203,37,0.7249856820191208,-1.433758682301159
173,1568624400,910,100,-810,1010,37,-1.8050350231472527,0.9253760707410024
173,1568638800,477,155,-322,632,37,-0.3048526366087469,-0.17964615559101374
173,1568653200,470,317,-153,787,37,0.21467773905725207,0.27347142398957486
173,1568667600,327,510,183,837,37,1.24759020191983,0.41963838514460344
173,1568682000,117,209,92,326,38,0.9282577481632966,-0.8267992563464935
173,1568696400,65,103,38,168,38,0.7440519057593806,-1.3449444886739401
173,1568710800,1005,124,-881,1129,38,-2.3908586344109692,1.8065591079505925
173,1568725200,495,135,-360,630,38,-0.6136133771435565,0.1701384058531505
173,1568739600,460,306,-154,766,38,0.08909779943434566,0.616136833679307
173,1568754000,389,461,72,850,38,0.8600333620877723,0.8916064508660507
173,1568768400,126,244,118,370,38,1.0169494500614784,-0.6825056473439135
173,1568782800,65,93,28,158,38,0.7099397127216184,-1.377738490719981
173,1568797200,1010,113,-897,1123,38,-2.4454381432713888,1.786882706722968
173,1568811600,502,118,-384,620,38,-0.6954826404341858,0.13734440380710958
173,1568826000,468,311,-157,779,38,0.07886414152301699,0.6587690363391602
173,1568840400,398,435,37,833,38,0.7406406864556044,0.8358566473877812
173,1568854800,116,218,102,334,38,0.9623699412010589,-0.8005640547096607
173,1568869200,61,88,27,149,38,0.7065284934178422,-1.4072530925614177
173,1568883600,997,107,-890,1104,38,-2.421559608144955,1.7245741028354902
173,1568898000,494,116,-378,610,38,-0.6750153246115285,0.10455040176106864
173,1568912400,499,315,-184,814,38,-0.013238779678941055,0.7735480435003035
173,1568926800,410,469,59,879,38,0.8156875111386813,0.9867090567995694
173,1568941200,140,245,105,385,38,0.9726035991123876,-0.6333146442748521
173,1568955600,70,90,20,160,38,0.6826499582914086,-1.371179690310773
173,1568970000,918,121,-797,1039,38,-2.1043162128937665,1.511413089536224
173,1568984400,506,161,-345,667,38,-0.5624450875869131,0.2914762134235019
173,1568998800,485,342,-143,827,38,0.12662121177588412,0.8161802461601566
173,1569013200,414,447,33,861,38,0.7269958092404996,0.9276798531166958
173,1569027600,171,193,22,364,38,0.6894723968989611,-0.702182048571538
173,1569042000,55,63,8,118,38,0.641715326646094,-1.5089144989041448
173,1569056400,320,65,-255,385,38,-0.25543535024705294,-0.6333146442748521
173,1569070800,473,178,-295,651,38,-0.3918841223981019,0.23900581014983643
173,1569085200,468,266,-202,734,38,-0.07464072714691308,0.5111960271319761
173,1569099600,364,228,-136,592,38,0.15049974690231768,0.045521198078194984
173,1569114000,120,192,72,312,38,0.8600333620877723,-0.8727108592109508
173,1569128400,56,67,11,123,38,0.6519489845574226,-1.4925174978811242
173,1569142800,227,49,-178,276,38,0.007228536143716289,-0.9907692665766982
173,1569157200,367,120,-247,487,38,-0.22814559581684316,-0.2988158234052347
173,1569171600,418,210,-208,628,38,-0.09510804296957043,0.16357960544394232
173,1569186000,236,199,-37,435,38,0.48821045797616386,-0.4693446340446475
173,1569200400,119,143,24,262,38,0.6962948355065135,-1.0366808694411553
173,1569214800,48,39,-9,87,38,0.5837245984818982,-1.6105759052468716
173,1569229200,980,99,-881,1079,38,-2.3908586344109692,1.6425890977203879
173,1569243600,470,164,-306,634,38,-0.4294075347396404,0.18325600667156686
173,1569258000,462,279,-183,741,38,-0.00982756037516483,0.5341518285642047
173,1569272400,359,433,74,792,38,0.8668558006953248,0.7014012389990134
173,1569286800,100,166,66,266,39,0.8207714979927404,-0.9533233154513728
173,1569301200,40,43,3,83,39,0.5991631935347005,-1.5536217754349262
173,1569315600,974,108,-866,1082,39,-2.4576243711325483,1.723417358573652
173,1569330000,510,144,-366,654,39,-0.6988283040052475,0.3194406324918988
173,1569344400,488,289,-199,777,39,-0.11139041758472902,0.7229199252677297
173,1569358800,391,507,116,898,39,0.9966511047054707,1.1198385791366365
173,1569373200,118,215,97,333,39,0.9298168541546332,-0.7335419120694162
173,1569387600,43,49,6,92,39,0.6097159699374644,-1.524098900353768
173,1569402000,993,123,-870,1116,39,-2.4716947396695668,1.8349482199913614
173,1569416400,516,149,-367,665,39,-0.7023458961395022,0.3555241464799812
173,1569430800,501,289,-212,790,39,-0.15711911533003886,0.7655640781627363
173,1569445200,383,478,95,861,39,0.922781669886124,0.9984667593585411
173,1569459600,121,214,93,335,39,0.9157464856176148,-0.7269812731624921
173,1569474000,45,49,4,94,39,0.6026807856689551,-1.5175382614468438
173,1569488400,974,85,-889,1059,39,-2.5385289902204042,1.6479700111440252
173,1569502800,493,146,-347,639,39,-0.6319940534544101,0.2702358406899682
173,1569517200,492,278,-214,770,39,-0.16415429959854805,0.6999576890934954
173,1569531600,356,520,164,876,39,1.1654955271496916,1.0476715511604717
173,1569546000,112,194,82,306,39,0.8770529721408141,-0.8221105373128913
173,1569560400,42,59,17,101,39,0.648409483414265,-1.4945760252726095
173,1569574800,913,112,-801,1025,39,-2.2289808824059993,1.5364391497263157
173,1569589200,519,146,-373,665,39,-0.7234514489450298,0.3555241464799812
173,1569603600,526,300,-226,826,39,-0.20636540520960328,0.8836555784873698
173,1569618000,409,428,19,837,39,0.6554446676827742,0.9197390924754522
173,1569632400,147,229,82,376,39,0.8770529721408141,-0.5924881755705484
173,1569646800,50,61,11,111,39,0.6273039306087373,-1.4617728307379891
173,1569661200,325,68,-257,393,39,-0.31541076137149593,-0.5367227448616938
173,1569675600,446,165,-281,611,39,-0.3998329725936064,0.17838689599303104
173,1569690000,438,236,-202,674,39,-0.12194319398749283,0.38504702156113957
173,1569704400,322,290,-32,612,39,0.47604746883578947,0.18166721544649309
173,1569718800,132,179,47,311,39,0.753937247441903,-0.805708940045581
173,1569733200,55,62,7,117,39,0.613233562071719,-1.442090914017217
173,1569747600,180,45,-135,225,39,0.11373547900756549,-1.0878164130433166
173,1569762000,374,108,-266,482,39,-0.34706909057978735,-0.24477431350357215
173,1569776400,375,201,-174,576,39,-0.02345061422836398,0.06357571512185964
173,1569790800,288,235,-53,523,39,0.40217803401644286,-0.11028121591162851
173,1569805200,112,167,55,279,39,0.7820779845159398,-0.9106791625563664
173,1569819600,38,42,4,80,39,0.6026807856689551,-1.5634627337953124
173,1569834000,725,102,-623,827,39,-1.60284948250868,0.8869358979408317
173,1569848400,441,155,-286,596,39,-0.4174209332648794,0.12918210419110043
173,1569862800,404,266,-138,670,39,0.10318270260480168,0.3719257437472914
173,1569877200,292,473,181,765,39,1.2252945934320199,0.6835560918261853
173,1569891600,128,179,51,307,40,0.759362369875165,-0.7951891099410734
173,1569906000,33,32,-1,65,40,0.5743503868533711,-1.5769943056695577
173,1569920400,782,100,-682,882,40,-1.8485950061820449,1.0624058799096643
173,1569934800,477,139,-338,616,40,-0.6246695800378701,0.20306628460480122
173,1569949200,465,281,-184,746,40,-0.07674947647332662,0.6230442823101854
173,1569963600,374,482,108,856,40,0.9621639666490546,0.9784102803685873
173,1569978000,116,219,103,335,40,0.944374352896959,-0.7047323104352984
173,1569992400,36,48,12,84,40,0.6206033826088195,-1.5156129060049246
173,1570006800,987,126,-861,1113,40,-2.485463178507066,1.8086744758323083
173,1570021200,529,142,-387,671,40,-0.7990077948084067,0.38074928363400223
173,1570035600,491,316,-175,807,40,-0.04472817171955461,0.8201108812334811
173,1570050000,353,479,126,832,40,1.0262065761565986,0.9008758807922087
173,1570064400,107,193,86,300,40,0.883889666139834,-0.8178033098175171
173,1570078800,37,42,5,79,40,0.5956979233558858,-1.5317659059166702
173,1570093200,954,104,-850,1058,40,-2.446326028252456,1.6309914768031073
173,1570107600,501,127,-374,628,40,-0.7527547990529582,0.24183348439299054
173,1570122000,510,302,-208,812,40,-0.16213962248338534,0.8362638811452265
173,1570136400,360,493,133,853,40,1.0511120354095325,0.9687184804215401
173,1570150800,93,208,115,301,40,0.9870694259019883,-0.814572709835168
173,1570165200,44,42,-2,86,40,0.570792464102952,-1.5091517060402264
173,1570179600,877,107,-770,984,40,-2.161692208218927,1.3919270781092732
173,1570194000,491,162,-329,653,40,-0.592648275284098,0.32259848395171825
173,1570208400,515,349,-166,864,40,-0.01270686696578259,1.0042550802273802
173,1570222800,405,441,36,846,40,0.7059935286188783,0.9461042805450963
173,1570237200,119,202,83,321,40,0.8732158978885766,-0.7499607101881859
173,1570251600,35,52,17,87,40,0.6383929963609152,-1.5059211060578774
173,1570266000,309,68,-241,377,40,-0.27955107324721606,-0.5690471111766358
173,1570280400,432,128,-304,560,40,-0.5037002065236202,0.022152685593251138
173,1570294800,466,235,-231,701,40,-0.24397184574302497,0.4776672831044755
173,1570309200,325,288,-37,613,40,0.446265167838283,0.19337448465775392
173,1570323600,131,216,85,347,40,0.8803317433894149,-0.6659651106471091
173,1570338000,36,58,22,94,40,0.6561826101130107,-1.4833069061814337
173,1570352400,179,40,-139,219,40,0.08335704729553346,-1.079481908387795
173,1570366800,344,100,-244,444,40,-0.29022484149847344,-0.3525969123592455
173,1570381200,383,225,-158,608,40,0.015756515037570317,0.17722148474600835
173,1570395600,237,275,38,512,40,0.7131093741197165,-0.13291611355950608
173,1570410000,102,154,52,256,40,0.7629202926255841,-0.959949709040878
173,1570424400,37,36,-1,73,40,0.5743503868533711,-1.551149505810765
173,1570438800,930,95,-835,1025,40,-2.392957186996169,1.5243816773855867
173,1570453200,472,135,-337,607,40,-0.621111657287451,0.17399088476365926
173,1570467600,472,317,-155,789,40,0.026430283288827655,0.7619600815511971
173,1570482000,353,468,115,821,40,0.9870694259019883,0.8653392809863686
173,1570496400,97,176,79,273,41,0.795894078638801,-0.3689688383512084
173,1570510800,29,43,14,72,41,0.547258681052021,-0.9228918406221449
173,1570525200,944,95,-849,1039,41,-2.753854366907843,1.7420014091091767
173,1570539600,484,126,-358,610,41,-0.8757008251369353,0.5597478370980733
173,1570554000,459,346,-113,805,41,0.06146336576708161,1.0971358243758476
173,1570568400,370,506,136,876,41,1.0139281965225926,1.2928001684616013
173,1570582800,124,213,89,337,41,0.8341456782675364,-0.1925953450908107
173,1570597200,35,36,1,71,41,0.49753160153466497,-0.9256476764543387
173,1570611600,799,92,-707,891,41,-2.2106816521798005,1.334137705944507
173,1570621007,337,58,-279,395,41,-0.5735131880699258,-0.03275686682357526
173,1570621759,373,82,-291,455,41,-0.6194151076244082,0.1325932831080476
173,1570626000,119,54,-65,173,41,0.24507104398501145,-0.6445524215705798
173,1570640400,457,286,-171,743,41,-0.16039591207958362,0.9262740027798373
173,1570654800,331,407,76,738,41,0.7844185987501804,0.9124948236188687
173,1570669200,108,174,66,282,41,0.746166999121445,-0.34416631586146496
173,1570683600,44,45,1,89,41,0.49753160153466497,-0.8760426314748518
173,1570698000,979,98,-881,1077,41,-2.876259485719796,1.8467231707325378
173,1570712400,538,133,-405,671,41,-1.0554833433919917,0.7278538228618898
173,1570726800,538,286,-252,824,41,-0.4702338690723402,1.1494967051875282
173,1570741200,390,533,143,923,41,1.0407043162627074,1.4223244525747059
173,1570755600,112,239,127,351,41,0.9795017568567308,-0.15401364344009869
173,1570770000,50,46,-4,96,41,0.4784058017202973,-0.8567517806494959
173,1570784400,866,83,-783,949,41,-2.5013938093581896,1.4939761842117425
173,1570798800,498,130,-368,628,41,-0.9139524247656707,0.6093528820775601
173,1570813200,500,319,-181,819,41,-0.198647511708319,1.1357175260265595
173,1570827600,436,474,38,910,41,0.6390625201609859,1.3864985867561876
173,1570842000,119,184,65,303,41,0.7423418391585714,-0.28629376338539697
173,1570856400,0,14,14,14,41,0.547258681052021,-1.0827303188893804
173,1570870800,9,8,-1,17,41,0.4898812816089179,-1.0744628113927992
173,1570885200,15,5,-10,20,41,0.4554548419430561,-1.0661953038962182
173,1570899600,5,2,-3,7,41,0.4822309616831708,-1.1020211697147364
173,1570914000,0,0,0,0,41,0.49370644157179144,-1.1213120205400924
173,1570928400,0,1,1,1,41,0.49753160153466497,-1.1185561847078986
173,1570942800,0,0,0,0,41,0.49370644157179144,-1.1213120205400924
173,1570957200,3,1,-2,4,41,0.4860561216460444,-1.1102886772113176
173,1570971600,2,1,-1,3,41,0.4898812816089179,-1.1130445130435112
173,1570986000,1,0,-1,1,41,0.4898812816089179,-1.1185561847078986
173,1571000400,0,0,0,0,41,0.49370644157179144,-1.1213120205400924
173,1571014800,1,1,0,2,41,0.49370644157179144,-1.115800348875705
173,1571029200,7,0,-7,7,41,0.4669303218316767,-1.1020211697147364
173,1571043600,554,76,-478,630,41,-1.33472002068176,0.6148645537419476
173,1571058000,397,144,-253,541,41,-0.4740590290352138,0.369595164676707
173,1571072400,357,231,-126,588,41,0.01173628624972561,0.49911944878981157
173,1571086800,304,364,60,668,41,0.7232160393442038,0.7195863153653087
173,1571101200,112,167,55,279,42,0.8221095166590666,-0.8458032774257555
173,1571115600,28,36,8,64,42,0.6512478420028235,-1.5520732603325957
173,1571130000,940,129,-811,1069,42,-2.3261077227517117,1.7493282876737974
173,1571144400,526,121,-405,647,42,-0.8501536821041643,0.3630681351775806
173,1571158800,426,286,-140,712,42,0.1132153345746535,0.5765916183819741
173,1571173200,389,473,84,862,42,0.9275348052767486,1.069338118084421
173,1571187600,106,167,61,273,42,0.843921645338587,-0.8655131374138533
173,1571202000,39,51,12,90,42,0.6657892611225037,-1.4666638670508383
173,1571216400,895,112,-783,1007,42,-2.22431778891395,1.5456597344634528
173,1571230800,518,143,-375,661,42,-0.7410930387065623,0.40905780848314227
173,1571245200,468,330,-138,798,42,0.12048604413449364,0.8590996115447103
173,1571259600,323,477,154,800,42,1.182009639871153,0.8656695648740763
173,1571274000,90,154,64,244,42,0.8548277096783472,-0.9607774606896596
173,1571288400,43,43,0,86,42,0.6221650037634628,-1.4798037737095702
173,1571302800,916,108,-808,1024,42,-2.3152016584119512,1.6015043377630633
173,1571317200,528,145,-383,673,42,-0.7701758769459228,0.448477528459338
173,1571331600,537,305,-232,842,42,-0.22123730517799267,1.0036385847907614
173,1571346000,366,464,98,830,42,0.9784297721956293,0.9642188648145656
173,1571360400,115,209,94,324,42,0.9638883530759491,-0.6979793275150215
173,1571374800,35,46,11,81,42,0.6621539063425836,-1.4962286570329852
173,1571389200,870,85,-785,955,42,-2.2315884984737897,1.374840947899938
173,1571403600,486,157,-329,643,42,-0.5738667188302392,0.3499282285188487
173,1571418000,428,299,-129,727,42,0.15320423715377424,0.6258662683522188
173,1571432400,321,323,2,644,42,0.6294357133233031,0.35321320518353166
173,1571446800,152,221,69,373,42,0.8730044835779476,-0.5370154709455555
173,1571461200,33,55,22,88,42,0.7021428089217043,-1.4732338203802042
173,1571475600,265,65,-200,330,42,-0.10490595222055052,-0.6782694675269235
173,1571490000,470,146,-324,616,42,-0.5556899449306388,0.2612338585724083
173,1571504400,480,208,-272,688,42,-0.3666514963747953,0.4977521784295827
173,1571518800,366,258,-108,624,42,0.22954668753209564,0.2875136718898721
173,1571533200,141,182,41,323,42,0.7712145497401857,-0.7012643041797044
173,1571547600,34,66,32,100,42,0.7384963567209051,-1.4338141004040086
173,1571562000,202,52,-150,254,42,0.07686178677545283,-0.9279276940428299
173,1571576400,321,118,-203,439,42,-0.11581201656031072,-0.3202070110764789
173,1571590800,308,192,-116,500,42,0.2004638492927351,-0.11982343453081723
173,1571605200,213,194,-19,407,42,0.5530932629449816,-0.4253262643463342
173,1571619600,92,113,21,205,42,0.6985074541417843,-1.0888915506122958
173,1571634000,38,37,-1,75,42,0.6185296489835428,-1.515938517021083
173,1571648400,901,103,-798,1004,42,-2.278848110612751,1.535804804469404
173,1571662800,503,122,-381,625,42,-0.7629051673860827,0.29079864855455506
173,1571677200,462,271,-191,733,42,-0.07218775920126992,0.6455761283403167
173,1571691600,374,439,65,813,42,0.8584630644582673,0.908374261514955
173,1571706000,109,190,81,299,43,0.9045630590134852,-0.7991063599409327
173,1571720400,29,31,2,60,43,0.6186121987041536,-1.566707282532998
173,1571734800,901,110,-791,1011,43,-2.25175529781863,1.487637811128316
173,1571749200,489,127,-362,616,43,-0.6989335374046651,0.2190086712795052
173,1571763600,481,301,-180,782,43,-0.04016066935025575,0.7521540819501447
173,1571778000,346,512,166,858,43,1.2122317061817534,0.9962447518957387
173,1571792400,108,215,107,323,43,0.9986734687355439,-0.7220250957475873
173,1571806800,37,32,-5,69,43,0.593274780702061,-1.5378018084604934
173,1571821200,932,123,-809,1055,43,-2.3169086583954397,1.6289534621494492
173,1571835600,506,133,-373,639,43,-0.7387494799793822,0.2928782161314613
173,1571850000,488,277,-211,765,43,-0.15236923478809472,0.697554853146525
173,1571864400,382,484,102,866,43,0.9805753130197633,1.0219385066268538
173,1571878800,106,209,103,315,43,0.9841949441629194,-0.7477188504787025
173,1571893200,33,46,13,79,43,0.6584281412788707,-1.5056846150465995
173,1571907600,928,112,-816,1040,43,-2.3422460763975326,1.5807776720286084
173,1571922000,520,162,-358,682,43,-0.6844550128320408,0.43098214781120525
173,1571936400,542,336,-206,878,43,-0.13427107907231425,1.0604791387235266
173,1571950800,370,403,33,773,43,0.7308207641419926,0.7232486078776401
173,1571965200,129,223,94,352,43,0.9516182638745145,-0.6288852348472949
173,1571979600,38,47,9,85,43,0.6439496167062463,-1.4864142989982632
173,1571994000,883,108,-775,991,43,-2.1938411995281326,1.423403424300528
173,1572008400,472,152,-320,624,43,-0.5469090293921092,0.24470242601062037
173,1572022800,506,313,-193,819,43,-0.087215874211285,0.8709876975815523
173,1572037200,427,464,37,891,43,0.745299288714617,1.1022314901615886
173,1572051600,152,207,55,359,43,0.8104526492914267,-0.6064031994575692
173,1572066000,47,44,-3,91,43,0.6005140429883732,-1.4671439829499269
173,1572080400,299,52,-247,351,43,-0.2826759559417142,-0.6320969541886843
173,1572094800,446,126,-320,572,43,-0.5469090293921092,0.07769302025837188
173,1572109200,448,246,-202,694,43,-0.11979255449968985,0.469522779907878
173,1572123600,310,274,-36,584,43,0.481066215264222,0.11623365235504461
173,1572138000,144,180,36,324,43,0.7416796575714609,-0.7188133764061979
173,1572152400,33,59,26,92,43,0.7054833461398999,-1.4639322636085375
173,1572166800,190,46,-144,236,43,0.09014605180336369,-1.0014446784484645
173,1572181200,346,74,-272,420,43,-0.37316673452061655,-0.41048831963281607
173,1572195600,280,193,-87,473,43,0.29646502696326116,-0.24026719453917816
173,1572210000,232,177,-55,409,43,0.4122932235442562,-0.4458172323880994
173,1572224400,113,133,20,246,43,0.6837655592809634,-0.9693274850345707
173,1572238800,38,33,-5,71,43,0.593274780702061,-1.5313783697777146
173,1572253200,904,108,-796,1012,43,-2.2698534535344104,1.4908495304697054
173,1572267600,479,122,-357,601,43,-0.6808353816888847,0.1708328811586643
173,1572282000,478,304,-174,782,43,-0.018442882491319177,0.7521540819501447
173,1572296400,350,469,119,819,43,1.042109042453417,0.8709876975815523
173,1572310800,118,184,66,302,44,0.8904488044890573,-0.8078277761381767
173,1572325200,37,41,4,78,44,0.6537955398544885,-1.5459827603949723
173,1572339600,946,128,-818,1074,44,-2.483768710623182,1.736170651746851
173,1572354000,478,150,-328,628,44,-0.6134445223822348,0.2664513527355526
173,1572368400,482,325,-157,807,44,0.039260449432463,0.8563162731907598
173,1572382800,365,469,104,834,44,1.0354943537812122,0.9452903114717128
173,1572397200,117,189,72,306,44,0.9133507333246607,-0.7946464371335911
173,1572411600,37,35,-2,72,44,0.630893611018885,-1.5657547689018507
173,1572426000,939,115,-824,1054,44,-2.5066706394587857,1.6702639567239228
173,1572440400,500,127,-373,627,44,-0.7852089886492606,0.2631560179844062
173,1572454800,449,255,-194,704,44,-0.10196811172042484,0.5168967938226796
173,1572469200,353,486,133,839,44,1.1461870098199622,0.9617669852274449
173,1572483600,118,182,64,300,44,0.8828148282105228,-0.8144184456404695
173,1572498000,43,47,4,90,44,0.6537955398544885,-1.5064387433812154
173,1572512400,899,108,-791,1007,44,-2.3807100308629665,1.5153832234200415
173,1572526800,478,118,-360,596,44,-0.7355881428387865,0.1610006406988675
173,1572541200,495,336,-159,831,44,0.03162647315392852,0.9354043072182735
173,1572555600,363,414,51,777,44,0.8331939824000487,0.7574562306563675
173,1572570000,134,177,43,311,44,0.8026580772859108,-0.778169763377859
173,1572584400,41,49,8,90,44,0.6690634924115574,-1.5064387433812154
173,1572598800,807,107,-700,914,44,-2.033364110189648,1.2089170915634255
173,1572613200,478,144,-334,622,44,-0.6363464512178383,0.24667934422867413
173,1572627600,573,297,-276,870,44,-0.41496113914033844,1.0639223625129834
173,1572642000,405,448,43,853,44,0.8026580772859108,1.0079016717434945
173,1572656400,154,238,84,392,44,0.9591545909958675,-0.5112476485349998
173,1572670800,40,43,3,83,44,0.6499785517152212,-1.5295060866392403
173,1572685200,278,64,-214,342,44,-0.17830787450576963,-0.6760143860923203
173,1572699600,440,159,-281,599,44,-0.4340460798366746,0.17088664495230674
173,1572714000,455,248,-207,703,44,-0.15158895753089893,0.5136014590715332
173,1572728400,378,323,-55,701,44,0.42859323963772133,0.5070107895692404
173,1572742800,144,222,78,366,44,0.9362526621602641,-0.5969263520648065
173,1572753600,50,50,0,100,44,0.6385275872974195,-1.4734853958697511
173,1572768000,141,32,-109,173,44,0.22247588011729047,-1.2329259590360633
173,1572782400,329,101,-228,430,44,-0.23174570845551096,-0.38602492799143634
173,1572796800,328,199,-129,527,44,0.14613611733194568,-0.0663774571302347
173,1572811200,267,242,-25,509,44,0.5431028838157386,-0.12569348265087005
173,1572825600,120,147,27,267,44,0.741586267057635,-0.923164492428301
173,1572840000,34,47,13,81,44,0.6881484331078936,-1.536096756141533
173,1572854400,571,96,-475,667,44,-1.174541778854519,0.39496940803026254
173,1572868800,747,140,-607,887,44,-1.6783842132377944,1.1199430532824723
173,1572883200,436,251,-185,687,44,-0.06761521846701969,0.4608761030531907
173,1572897600,436,444,8,880,44,0.6690634924115574,1.0968757100244475
173,1572912000,157,249,92,406,45,1.0745675853114405,-0.3927144482364584
173,1572926400,19,51,32,70,45,0.8201603779660036,-1.5396486977217443
173,1572940800,506,67,-439,573,45,-1.1769361996956758,0.17733918171604976
173,1572955200,675,134,-541,809,45,-1.6094284521829185,0.9829239521878577
173,1572969600,486,219,-267,705,45,-0.4476355386387569,0.6279204940138406
173,1572984000,423,476,53,899,45,0.9092029005369066,1.2901384832999878
173,1572998400,144,224,80,368,45,1.0236861438423532,-0.52242725026158
173,1573012800,28,44,16,72,45,0.7523184560072205,-1.5328217081414748
173,1573027200,582,73,-509,655,45,-1.4737446082653523,0.4572457545071017
173,1573041600,773,133,-640,906,45,-2.029200344302889,1.3140329468309313
173,1573056000,495,227,-268,722,45,-0.4518756587611808,0.6859499054461319
173,1573070400,453,485,32,938,45,0.8201603779660036,1.4232647801152443
173,1573084800,85,104,19,189,45,0.7650388163744923,-1.1334428176957054
173,1573099200,47,134,87,181,45,1.0533669846993208,-1.1607507760167837
173,1573113600,562,82,-480,644,45,-1.3507811247150576,0.4196973118156191
173,1573128000,781,157,-624,938,45,-1.9613584223441063,1.4232647801152443
173,1573142400,516,209,-307,725,45,-0.6172403435357148,0.6961903898165362
173,1573156800,478,533,55,1011,45,0.9176831407817544,1.6724498997950832
173,1573171200,81,161,80,242,45,1.0236861438423532,-0.9525275938185622
173,1573185600,2,5,3,7,45,0.6971968944157091,-1.7546988695002355
173,1573200000,542,56,-486,598,45,-1.3762218454496014,0.26267655146941926
173,1573214400,799,147,-652,946,45,-2.0800817857719767,1.4505727384363225
173,1573228800,481,263,-218,744,45,-0.23986965263998342,0.7610467908290971
173,1573243200,469,517,48,986,45,0.8880022999247869,1.5871125300417137
173,1573257600,161,233,72,394,45,0.9897651828629616,-0.43367638571807576
173,1573272000,25,54,29,79,45,0.8074400175987317,-1.5089272446105313
173,1573286400,171,51,-120,222,45,0.1756621193575635,-1.0207974896212577
173,1573300800,398,129,-269,527,45,-0.45611577888360477,0.020318421369849914
173,1573315200,430,200,-230,630,45,-0.2907510941090708,0.37190838475373217
173,1573329600,361,267,-94,628,45,0.2859052425405862,0.36508139517346266
173,1573344000,140,184,44,324,45,0.871041819435091,-0.6726210210275103
173,1573358400,48,66,18,114,45,0.7607986962520683,-1.389454926955814
173,1573372800,126,41,-85,167,45,0.3240663236424017,-1.2085397030786706
173,1573387200,310,101,-209,411,45,-0.20170857153816787,-0.3756469742857845
173,1573401600,366,201,-165,567,45,-0.015143286151514153,0.15685821297524108
173,1573416000,259,240,-19,499,45,0.6039142517223823,-0.07525943275392391
173,1573430400,130,174,44,304,45,0.871041819435091,-0.7408909168302059
173,1573444800,21,61,40,82,45,0.8540813389453952,-1.498686760240127
173,1573459200,407,67,-340,474,45,-0.7571643075757051,-0.16059680250729338
173,1573473600,634,113,-521,747,45,-1.5246260497344395,0.7712872751995014
173,1573488000,412,209,-203,621,45,-0.17626785080362417,0.3411869316425192
173,1573502400,349,411,62,760,45,0.947363981638722,0.8156627074712535
173,1573516800,84,142,58,226,46,0.7849709249677777,-0.6283983106039552
173,1573531200,3,8,5,11,46,0.5964246578236958,-1.22784311542923
173,1573545600,838,67,-771,905,46,-2.164177291304748,1.264732026495401
173,1573560000,1145,100,-1045,1245,46,-3.1389259176722653,2.212691252730719
173,1573574400,489,194,-295,683,46,-0.4708183637465788,0.6457704140711636
173,1573587045,420,341,-79,761,46,0.2975966117840189,0.8632434130310308
173,1573587124,2,4,2,6,46,0.5857522276079931,-1.2417836922856318
173,1573587204,283,262,-21,545,46,0.5039302626209387,0.2610104928344757
173,1573588800,27,35,8,62,46,0.6070970880393985,-1.0856492314939323
173,1573593642,66,105,39,171,46,0.7173788669349936,-0.7817446560243744
173,1573593709,2,0,-2,2,46,0.5715223206537228,-1.252936153770753
173,1573593771,3,0,-3,3,46,0.5679648439151551,-1.2501480383994727
173,1573593843,0,0,0,0,46,0.5786372741308579,-1.258512384513314
173,1573593926,0,0,0,0,46,0.5786372741308579,-1.258512384513314
173,1573594007,2,0,-2,2,46,0.5715223206537228,-1.252936153770753
173,1573594088,1,1,0,2,46,0.5786372741308579,-1.252936153770753
173,1573603200,37,73,36,110,46,0.7067064367192909,-0.9518196936724755
173,1573617600,5,11,6,16,46,0.5999821345622633,-1.2139025385728281
173,1573632000,822,64,-758,886,46,-2.1179300937033694,1.2117578344410742
173,1573646400,869,124,-745,993,46,-2.071682896101991,1.5100861791680715
173,1573660800,460,242,-218,702,46,-0.196892654876875,0.6987446061254903
173,1573675200,407,519,112,926,46,0.9770746688504272,1.323282449292288
173,1573689600,72,169,97,241,46,0.9237125177719134,-0.58657658003475
173,1573704000,5,24,19,29,46,0.646229332163642,-1.1776570387461838
173,1573718400,586,56,-530,642,46,-1.3068253973099606,0.5314576838486694
173,1573732800,798,135,-663,933,46,-1.779969803539449,1.3427992568912506
173,1573747200,490,214,-276,704,46,-0.40322630571379475,0.704320836868051
173,1573761600,427,501,74,928,46,0.841890552784859,1.328858680034849
173,1573776000,74,196,122,270,46,1.012649436236103,-0.50572123426762
173,1573790400,3,24,21,27,46,0.6533442856407771,-1.1832332694887444
173,1573804800,597,66,-531,663,46,-1.3103828740485282,0.5900081066455567
173,1573819200,753,125,-628,878,46,-1.6554581176895835,1.1894529114708314
173,1573833600,460,214,-246,674,46,-0.2965020035567673,0.6206773757296405
173,1573848000,480,477,-3,957,46,0.5679648439151551,1.409714025801979
173,1573862400,156,239,83,395,46,0.8739078434319673,-0.15720681285757646
173,1573876800,38,77,39,115,46,0.7173788669349936,-0.9378791168160738
173,1573891200,180,50,-130,230,46,0.11616529811707223,-0.6172458491188338
173,1573905600,433,147,-286,580,46,-0.4388010730994706,0.3585945308292879
173,1573920000,487,272,-215,759,46,-0.18622022466117225,0.8576671822884702
173,1573934400,391,303,-88,694,46,0.2655793211369107,0.6764396831552475
173,1573948800,163,177,14,340,46,0.628441948470804,-0.31055315827799557
173,1573963200,45,69,24,114,46,0.6640167158564799,-0.9406672321873542
173,1573977600,117,33,-84,150,46,0.279809228091181,-0.8402950788212616
173,1573992000,305,94,-211,399,46,-0.17199031770690193,-0.14605435137245507
173,1574006400,352,192,-160,544,46,0.00944099596004476,0.2582223774631954
173,1574020800,278,246,-32,524,46,0.4647980184966953,0.2024600700375884
173,1574035200,124,147,23,271,46,0.6604592391179123,-0.5029331188963396
173,1574049600,21,51,30,72,46,0.6853615762878854,-1.0577680777811287
173,1574064000,575,64,-511,639,46,-1.2392333392771764,0.5230933377348284
173,1574078400,730,135,-595,865,46,-1.5380613853168534,1.153207411644187
173,1574092800,473,205,-268,678,46,-0.3747664918052541,0.6318298372147619
173,1574107200,387,513,126,900,46,1.0268793431903733,1.2507914496389991
173,1574121600,73,159,86,232,47,0.9664413905076091,-0.9205774479474182
173,1574136000,1,27,26,28,47,0.7576423246571998,-1.5103417349231532
173,1574150400,605,77,-528,682,47,-1.1702690500282469,0.3803731850872912
173,1574164800,783,134,-649,917,47,-1.5913471661599057,1.059758515672084
173,1574179200,464,236,-228,700,47,-0.12627372077619994,0.4324112104086795
173,1574193600,443,526,83,969,47,0.9560014372150887,1.2100905888227613
173,1574208000,68,163,95,231,47,0.9977612503851706,-0.923468449354162
173,1574222400,1,7,6,8,47,0.6880426360403966,-1.5681617630580291
173,1574236800,869,80,-789,949,47,-2.0785449864775276,1.1522705606878854
173,1574251200,1119,98,-1021,1217,47,-2.8859013744324438,1.9270589376952234
173,1574265600,616,195,-421,811,47,-0.7979107159283501,0.7533123665572412
173,1574280000,529,573,44,1102,47,0.8202820444123226,1.5945937759196867
173,1574294400,82,166,84,248,47,0.9594814216459289,-0.8743214254395174
173,1574308800,5,21,16,26,47,0.7228424803487982,-1.5161237377366408
173,1574323200,660,80,-580,740,47,-1.351228240431935,0.5480512666784315
173,1574337600,790,140,-650,930,47,-1.5948271505907459,1.0973415339597532
173,1574352000,503,234,-269,737,47,-0.26895308244064636,0.5393782624582001
173,1574366400,434,464,30,898,47,0.7715622623805604,1.0048294889439517
173,1574380800,84,176,92,260,47,0.98732129709265,-0.8396294085585918
173,1574395200,0,15,15,15,47,0.7193624959179581,-1.5479247532108225
173,1574409600,569,79,-490,648,47,-1.0380296416563208,0.28207913725800204
173,1574424000,740,156,-584,896,47,-1.3651481781552957,0.9990474861304641
173,1574438400,511,307,-204,818,47,-0.04275409443603618,0.7735493764044478
173,1574452800,499,568,69,1067,47,0.9072816551833265,1.4934087266836535
173,1574467200,155,213,58,368,47,0.8690018264440847,-0.5274012566302616
173,1574481600,28,59,31,87,47,0.7750422468114005,-1.339772651925269
173,1574496000,207,43,-164,250,47,0.09644528279757007,-0.8685394226260298
173,1574510400,397,148,-249,545,47,-0.1993533938238432,-0.01569400763660924
173,1574524800,460,217,-243,677,47,-0.17847348723880227,0.3659181780535722
173,1574539200,384,246,-138,630,47,0.18692487799941415,0.23004111193661364
173,1574553600,163,214,51,377,47,0.8446419354282036,-0.5013822439695674
173,1574568000,46,63,17,109,47,0.7263224647796384,-1.2761706209769055
173,1574582400,121,37,-84,158,47,0.3748440372647826,-1.1345115520464593
173,1574596800,284,69,-215,353,47,-0.0810339231752779,-0.5707662777314185
173,1574611200,329,166,-163,495,47,0.09992526722841023,-0.16024407797379916
173,1574625600,233,244,11,477,47,0.7054425581945974,-0.21228210329518754
173,1574640000,109,159,50,268,47,0.8411619509973636,-0.8165013973046414
173,1574654400,27,35,8,62,47,0.695002604902077,-1.4120476870938639
173,1574668800,576,73,-503,649,47,-1.0832694392572428,0.2849701386647458
173,1574683200,762,165,-597,927,47,-1.4103879757562177,1.0886685297395218
173,1574697600,437,222,-215,659,47,-0.0810339231752779,0.3138801527321838
173,1574712000,419,479,60,898,47,0.8759617953057651,1.0048294889439517
173,1574726400,157,257,100,414,48,1.173080633369971,-0.1254112050492099
173,1574740800,36,46,10,82,48,0.7075533516696236,-1.4284464039447848
173,1574755200,533,58,-475,591,48,-1.8011214441600263,0.5692792473740333
173,1574769600,760,125,-635,885,48,-2.6287255005161994,1.7231718632634885
173,1574784000,476,245,-231,721,48,-0.5390252582168622,1.079503873447602
173,1574798400,440,481,41,921,48,0.8679016375886321,1.8644648366377075
173,1574812800,166,255,89,421,48,1.1161828544954842,-0.09793757133755622
173,1574827200,37,50,13,87,48,0.7230709277263019,-1.4088223798650323
173,1574841600,487,79,-408,566,48,-1.4545622455608789,0.47115912697527024
173,1574856000,690,149,-541,839,48,-2.142508117406948,1.542630841729764
173,1574870400,482,311,-171,793,48,-0.22867373708329725,1.3620898201960399
173,1574884800,446,473,27,919,48,0.795486282657467,1.8566152270058063
173,1574899200,181,207,26,388,48,0.7903137573052409,-0.2274561302639236
173,1574913600,41,59,18,100,48,0.7489335544874323,-1.3577999172576753
173,1574928000,142,32,-110,174,48,0.08685030940249377,-1.0673643608773364
173,1574942400,246,109,-137,355,48,-0.052807875107610446,-0.356974689190291
173,1574956800,354,188,-166,542,48,-0.20281111032216684,0.37696381139245755
173,1574971200,263,171,-92,434,48,0.17995576574256328,-0.04691510873019936
173,1574985600,131,132,1,263,48,0.6610006234995889,-0.7180567322577395
173,1575000000,32,38,6,70,48,0.6868632502607193,-1.4755440617361912
173,1575014400,208,49,-159,257,48,-0.16660343285658424,-0.7416055611534427
173,1575028800,359,83,-276,442,48,-0.771788899067036,-0.015516670202595149
173,1575043200,422,166,-256,588,48,-0.6683383920225143,0.5575048329261818
173,1575057600,321,311,-10,632,48,0.604102844625102,0.730196244828005
173,1575072000,138,208,70,346,48,1.0179048728031885,-0.39229793253384576
173,1575086400,36,62,26,98,48,0.7903137573052409,-1.3656495268895765
173,1575100800,165,30,-135,195,48,-0.04246282440315828,-0.9849434597423754
173,1575115200,360,98,-262,458,48,-0.6993735441358708,0.047280206852613284
173,1575129600,429,207,-222,636,48,-0.49247253004682745,0.7458954640918071
173,1575144000,329,276,-53,605,48,0.3816842544793805,0.6242265147973408
173,1575158400,173,226,53,399,48,0.9299719418153451,-0.18428327728846783
173,1575172800,56,90,34,146,48,0.8316939601230495,-1.1772588957239511
173,1575187200,123,37,-86,160,48,0.21099091785591975,-1.1223116283006438
173,1575201600,283,92,-191,375,48,-0.3321242441278189,-0.27847859287128046
173,1575216000,289,162,-127,451,48,-0.0010826215853496194,0.019806573140959596
173,1575230400,209,232,23,441,48,0.7747961812485626,-0.019441475018545675
173,1575244800,95,129,34,224,48,0.8316939601230495,-0.8711241200798101
173,1575259200,27,55,28,82,48,0.8006588080096931,-1.4284464039447848
173,1575273600,560,69,-491,629,48,-1.8838818497956438,0.7184218303801534
173,1575275309,166,17,-149,183,48,-0.11487817933432343,-1.0320411175337816
173,1575288000,685,110,-575,795,48,-2.318373979382635,1.369939429827941
173,1575302400,439,215,-224,654,48,-0.5028175807512796,0.8165419507789166
173,1575316800,342,473,131,815,48,1.3334289192889797,1.4484355261469515
173,1575331200,135,223,88,358,49,1.0210836607274334,-0.6708403118551639
173,1575345600,15,38,23,53,49,0.7647093027962374,-1.7189515930924675
173,1575360000,559,68,-491,627,49,-1.2626202353058347,0.253559473891835
173,1575374400,771,121,-650,892,49,-1.8897513570144522,1.1642135379176888
173,1575388800,484,244,-240,728,49,-0.27262079160229363,0.6006389473507453
173,1575403200,457,508,51,965,49,0.8751474877512141,1.4150729593285845
173,1575417600,170,278,108,448,49,1.0999680785524166,-0.3615615731294022
173,1575432000,21,37,16,58,49,0.7370997565574932,-1.7017694409410362
173,1575446400,613,67,-546,680,49,-1.4795523843245388,0.4356902866970057
173,1575460800,785,115,-670,900,49,-1.9686357748394356,1.1917049813599787
173,1575475200,488,248,-240,736,49,-0.27262079160229363,0.6281303907930352
173,1575489600,425,488,63,913,49,0.9224781384462041,1.2363785769537
173,1575504000,139,294,155,433,49,1.2853464604411275,-0.4131080295836958
173,1575518400,19,41,22,60,49,0.7607650819049883,-1.6948965800804636
173,1575532800,604,72,-532,676,49,-1.4243332918470504,0.42194456497586075
173,1575547200,766,144,-622,910,49,-1.7793131720594755,1.2260692856628412
173,1575561600,514,206,-308,720,49,-0.5408278122072371,0.5731475039084554
173,1575576000,458,514,56,972,49,0.89486859220746,1.439127972340588
173,1575590400,193,275,82,468,49,0.9974183353799383,-0.29283296452367735
173,1575604800,21,37,16,58,49,0.7370997565574932,-1.7017694409410362
173,1575619200,537,50,-487,587,49,-1.246843351740838,0.1161022566803853
173,1575633600,729,164,-565,893,49,-1.554492581258273,1.167649968347975
173,1575648000,515,244,-271,759,49,-0.39489163923101783,0.7071682906896187
173,1575662400,494,511,17,1005,49,0.7410439774487424,1.5525301765400341
173,1575676800,184,290,106,474,49,1.0920796367699184,-0.2722143819419599
173,1575691200,36,86,50,122,49,0.8712032668599649,-1.4818378934027168
173,1575705600,188,38,-150,226,49,0.08235908861013141,-1.1244491286529477
173,1575720000,440,128,-312,568,49,-0.5566046957722337,0.05081007850494673
173,1575734400,482,216,-266,698,49,-0.375170534774772,0.49754603444215806
173,1575748800,376,290,-86,666,49,0.3347892256500781,0.38758026067299833
173,1575763200,163,197,34,360,49,0.8080957325999782,-0.6639674509945914
173,1575777600,58,78,20,136,49,0.7528766401224899,-1.4337278673787093
173,1575792000,131,35,-96,166,49,0.29534701673758645,-1.3306349544701221
173,1575806400,329,92,-237,421,49,-0.26078812892854614,-0.4543451947471307
173,1575820800,361,191,-170,552,49,0.0034746707851480707,-0.004172808379633125
173,1575835200,273,273,0,546,49,0.6739922222975065,-0.024791390961350572
173,1575849600,143,162,19,305,49,0.7489324192312408,-0.8529711246603346
173,1575864000,36,66,30,102,49,0.7923188490349815,-1.5505665020084416
173,1575878400,536,59,-477,595,49,-1.2074011428283462,0.14359370012267525
173,1575892800,739,122,-617,861,49,-1.7595920676032297,1.0576841945788154
173,1575907200,433,278,-155,711,49,0.06263798415388558,0.5422196300358791
173,1575921600,386,441,55,827,49,0.8909243713162107,0.9408455599490831
173,1575936000,84,179,95,263,50,1.0046156801014816,-0.9920378857264918
173,1575950400,15,20,5,35,50,0.6619785538014183,-1.7723052199126834
173,1575964800,616,45,-571,661,50,-1.530899054518986,0.37000772394940434
173,1575979200,860,143,-717,1003,50,-2.086732614961311,1.540408725228692
173,1575993600,478,259,-219,737,50,-0.1908071827676278,0.6300968353448015
173,1576008000,418,532,114,950,50,1.0769501845426062,1.3590307922819018
173,1576022400,145,279,134,424,50,1.1530917681648425,-0.44105963658624237
173,1576036800,22,55,33,77,50,0.7685767708725492,-1.628571763615227
173,1576051200,592,63,-529,655,50,-1.3710017289122898,0.3494743730497677
173,1576065600,795,120,-675,915,50,-1.9268352893546146,1.2392529120340214
173,1576080000,543,261,-282,804,50,-0.43065317117767205,0.8593859203907439
173,1576094400,396,497,101,893,50,1.0274581551881525,1.1639639587353539
173,1576108800,179,271,92,450,50,0.9931944425581463,-0.352081782687817
173,1576123200,24,63,39,87,50,0.7914192459592201,-1.5943495121158329
173,1576137600,630,78,-552,708,50,-1.4585645500778615,0.5308523059965579
173,1576152000,765,118,-647,883,50,-1.8202370722834837,1.1297417072359595
173,1576166400,475,235,-240,710,50,-0.2707558455709759,0.5376967562964368
173,1576180800,436,442,6,878,50,0.6657856329825302,1.1126305814862623
173,1576195200,156,275,119,431,50,1.0959855804481653,-0.41710406053666627
173,1576209600,34,89,55,123,50,0.8523325128570091,-1.471149406718013
173,1576224000,549,82,-467,631,50,-1.1349628196833574,0.2673409694512212
173,1576238400,731,150,-581,881,50,-1.568969846330104,1.1228972569360807
173,1576252800,500,268,-232,768,50,-0.24029921212208136,0.7361858149929241
173,1576267200,461,502,41,963,50,0.7990334043214437,1.4035197192311144
173,1576281600,167,240,73,407,50,0.9208599381170217,-0.4992374641352128
173,1576296000,49,98,49,147,50,0.8294900377703381,-1.3890160031194665
173,1576310400,152,37,-115,189,50,0.2051290520680008,-1.2452825468220101
173,1576324800,400,128,-272,528,50,-0.3925823793665539,-0.08514822099254085
173,1576339200,450,208,-242,658,50,-0.2783700039331995,0.359741048499586
173,1576353600,377,280,-97,657,50,0.27365647732801346,0.3563188233496466
173,1576368000,145,232,87,377,50,0.9741590466525871,-0.6019042186333959
173,1576382400,53,78,25,131,50,0.7381201374236547,-1.4437716055184975
173,1576396800,119,35,-84,154,50,0.32314850668246703,-1.3650604270698905
173,1576411200,342,87,-255,429,50,-0.32786203328765307,-0.42394851083654517
173,1576425600,389,208,-181,597,50,-0.046138173885378886,0.15098531435328033
173,1576440000,274,238,-36,512,50,0.505888307375834,-0.13990382339157187
173,1576454400,145,179,34,324,50,0.772383850053661,-0.7832821515801861
173,1576468800,34,60,26,94,50,0.7419272166047665,-1.5703939360662567
173,1576483200,546,60,-486,606,50,-1.2072973241244818,0.18178534070273528
173,1576497600,747,152,-595,899,50,-1.6222689548656695,1.1844973096349904
173,1576512000,456,238,-218,694,50,-0.18700010358651598,0.4829411538974058
173,1576526400,408,480,72,888,50,0.9170528589359099,1.1468528329856567
173,1576540800,154,279,125,433,51,1.2020641527565288,-0.3455071964822215
173,1576555200,37,54,17,91,51,0.75001946722315,-1.5115939846097186
173,1576569600,505,55,-450,560,51,-1.2046552378147006,0.08751333595108883
173,1576584000,751,117,-634,868,51,-1.9748054427974941,1.1376733673641564
173,1576598400,438,235,-203,673,51,-0.17081229960410294,0.472799321501987
173,1576612800,401,464,63,865,51,0.9425570184688484,1.127444535889354
173,1576627200,159,274,115,433,51,1.16020816335529,-0.3455071964822215
173,1576641600,24,58,34,82,51,0.821174649205256,-1.5422804790341265
173,1576656000,597,76,-521,673,51,-1.501832762563496,0.472799321501987
173,1576670400,788,152,-636,940,51,-1.9831766406777418,1.383165322759419
173,1576684800,482,226,-256,708,51,-0.3926490434306684,0.5921356887080175
173,1576699200,418,434,16,852,51,0.7458338682830262,1.0831195994985425
173,1576713600,129,250,121,379,51,1.1853217569960333,-0.5296261630286684
173,1576728000,34,66,32,100,51,0.8128034513250082,-1.4809074901853108
173,1576742400,559,65,-494,624,51,-1.3888215911801511,0.30572840741354446
173,1576756800,725,144,-581,869,51,-1.7529686989709286,1.1410829778557574
173,1576771200,490,183,-307,673,51,-0.6061145893769861,0.472799321501987
173,1576785600,644,720,76,1364,51,0.9969698046904588,2.828840171198187
173,1576800000,157,242,85,399,51,1.0346401951515738,-0.46143395319665104
173,1576814400,28,67,39,95,51,0.8421026439058754,-1.497955542643315
173,1576828800,530,56,-474,586,51,-1.3051096123776738,0.17616320873271143
173,1576843200,775,137,-638,912,51,-1.9915478385579897,1.2876962289945946
173,1576857600,509,274,-235,783,51,-0.304751465688067,0.8478564755780826
173,1576872000,405,370,-35,775,51,0.5323683223367085,0.8205795916452756
173,1576886400,178,198,20,376,51,0.7625762640435217,-0.5398549945034711
173,1576900800,34,79,45,113,51,0.8672162375466187,-1.4365825537944996
173,1576915200,150,31,-119,181,51,0.18077801136630275,-1.2047290403656405
173,1576929600,379,114,-265,493,51,-0.43031943389178334,-0.14093056698616938
173,1576944000,470,205,-265,675,51,-0.43031943389178334,0.47961854248518876
173,1576958400,348,302,-46,650,51,0.4863267339953458,0.394378280195167
173,1576972800,166,208,42,374,51,0.854659440726247,-0.5466742154866727
173,1576987200,38,84,46,122,51,0.8714018364867425,-1.4058960593700918
173,1577001600,112,31,-81,143,51,0.3398307710910101,-1.3342942390464734
173,1577016000,349,80,-269,429,51,-0.44706182965227886,-0.35914563844862496
173,1577030400,389,187,-202,576,51,-0.16662670066397905,0.14206710381670273
173,1577044800,290,254,-36,544,51,0.5281827233965846,0.032959568085474934
173,1577059200,121,161,40,282,51,0.8462882428459992,-0.8603583807139527
173,1577073600,31,69,38,100,51,0.8379170449657515,-1.4809074901853108
173,1577088000,369,62,-307,431,51,-0.6061145893769861,-0.35232641746542326
173,1577102400,614,105,-509,719,51,-1.4516055752820094,0.629641404115627
173,1577116800,454,240,-214,694,51,-0.2168538879454656,0.5444011418256053
173,1577131200,396,407,11,803,51,0.7249058735824068,0.9160486854101
173,1577145600,136,268,132,404,52,1.569687809555347,0.04666563218610248
173,1577160000,25,54,29,79,52,0.8584949456952266,-1.4093020920202923
173,1577174400,267,59,-208,326,52,-0.7779391196916531,-0.30276662162343226
173,1577188800,444,111,-333,555,52,-1.6410372554442267,0.7231306363558428
173,1577203200,405,234,-171,639,52,-0.5224620715088912,1.0994422943045725
173,1577217600,327,304,-23,631,52,0.49944612122215587,1.0636030887856458
173,1577232000,115,147,32,262,52,0.8792093009532883,-0.5894802657748454
173,1577246400,32,41,9,73,52,0.7203992439748147,-1.4361814961594872
173,1577260800,88,33,-55,121,52,0.27849299846949704,-1.2211462630459273
173,1577275200,151,56,-95,207,52,0.0023015950286734968,-0.835874803717466
173,1577289600,242,136,-106,378,52,-0.07365104091755298,-0.0698117857504091
173,1577304000,204,179,-25,383,52,0.4856365510501147,-0.04741228230107995
173,1577318400,97,123,26,220,52,0.8377805904371648,-0.7776360947492102
173,1577332800,26,35,9,61,52,0.7203992439748147,-1.4899403044378772
173,1577347200,313,43,-270,356,52,-1.2060357950249296,-0.16836960092745737
173,1577361600,460,121,-339,581,52,-1.6824659659603503,0.8396080542923544
173,1577376000,371,208,-163,579,52,-0.46722379082072657,0.8306482529126228
173,1577390400,357,395,38,752,52,0.9206380114694117,1.6056710722594114
173,1577404800,154,221,67,375,52,1.1208767789640088,-0.08325148782000659
173,1577419200,22,47,25,69,52,0.8308758053511441,-1.4541010989189507
173,1577433600,286,45,-241,331,52,-1.0057970275303325,-0.2803671181741031
173,1577448000,512,127,-385,639,52,-2.0000860799172973,1.0994422943045725
173,1577462400,456,199,-257,655,52,-1.116273588906662,1.1711207053424257
173,1577476800,377,393,16,770,52,0.7687327395769589,1.6863092846769963
