remote_unit_id,time_stamp,entries,exits,num_people_exited,sum_exit_entry,week_num,z_score_num_people_exited,z_score_sum_exit_entry
139,1546311600,183,182,-1,365,1,-0.13696335604220183,-0.6735855665578074
139,1546326000,63,52,-11,115,1,-0.15840194610216937,-1.0381337206604337
139,1546340400,78,111,33,189,1,-0.06407214983831214,-0.9302274670460564
139,1546354800,265,365,100,630,1,0.07956640356347051,-0.28716452320902336
139,1546369200,352,405,53,757,1,-0.02119496971837701,-0.10197406092488916
139,1546383600,193,122,-71,315,1,-0.28703348646197474,-0.7464951973783327
139,1546398000,47,25,-22,72,1,-0.1819843951681337,-1.1008360031660855
139,1546412400,35,228,193,263,1,0.27894529112116884,-0.822321213431679
139,1546426800,342,1284,942,1626,1,1.8846956866127391,1.1651953227358403
139,1546441200,496,580,84,1076,1,0.04526465946752242,0.36318938371006215
139,1546455600,1549,602,-947,2151,1,-2.165053975715133,1.930746446351356
139,1546470000,429,186,-243,615,1,-0.6557772354934167,-0.30903741245518096
139,1546484400,95,54,-41,149,1,-0.22271771628207204,-0.9885551717024766
139,1546498800,46,244,198,290,1,0.2896645861511526,-0.7829500127885953
139,1546513200,415,1451,1036,1866,1,2.086218433176434,1.5151615506743619
139,1546527600,542,608,66,1150,1,0.0066751973595808155,0.4710956373244396
139,1546542000,1565,631,-934,2196,1,-2.1371838086371753,1.9963651140898286
139,1546556400,554,227,-327,781,1,-0.8358613919971443,-0.06697743813103701
139,1546570800,100,74,-26,174,1,-0.19055983119212072,-0.952100356292214
139,1546585200,43,232,189,275,1,0.2703698550971818,-0.8048229020347529
139,1546598669,284,861,577,1145,1,1.102187149423923,0.4638046742423871
139,1546599600,372,1399,1027,1771,1,2.0669237021224633,1.3766332521153637
139,1546599616,0,0,0,0,1,-0.13481949703620508,-1.205825871547642
139,1546614000,559,601,42,1160,1,-0.04477741878434133,0.48567756348854463
139,1546628400,1540,687,-853,2227,1,-1.963531229151438,2.0415690851985544
139,1546642800,519,281,-238,800,1,-0.645057940463433,-0.03927177841923741
139,1546657200,132,119,-13,251,1,-0.16268966411416289,-0.839819524828605
139,1546671600,29,92,63,121,1,0.00024362034159054738,-1.0293845649619708
139,1546686000,158,494,336,652,1,0.5855171289787049,-0.25508428564799224
139,1546700400,399,810,411,1209,1,0.7463065544284616,0.5571290016926594
139,1546714800,424,771,347,1195,1,0.6090995780446693,0.5367143050629123
139,1546729200,284,409,125,693,1,0.13316287871338942,-0.19529838837516153
139,1546743600,136,106,-30,242,1,-0.19913526721610775,-0.8529432583762996
139,1546758000,25,57,32,82,1,-0.0662160088443089,-1.0862540770019804
139,1546772400,104,311,207,415,1,0.30895931720512343,-0.6006759357372821
139,1546786800,319,803,484,1122,1,0.9028082618662248,0.4302662440649454
139,1546801200,412,632,220,1044,1,0.33682948428308124,0.316527219984926
139,1546815600,214,224,10,438,1,-0.11338090697623751,-0.5671375055598404
139,1546830000,63,52,-11,115,1,-0.15840194610216937,-1.0381337206604337
139,1546844400,37,246,209,283,1,0.31324703521711694,-0.7931573611034689
139,1546858800,427,1539,1112,1966,1,2.2491517176321874,1.6609808123154124
139,1546873200,528,541,13,1069,1,-0.10694932995824726,0.35298203539518863
139,1546887600,1842,692,-1150,2534,1,-2.6002573539324745,2.4892342184365797
139,1546902000,610,186,-424,796,1,-1.0438157155788297,-0.04510454888487943
139,1546916400,91,33,-58,124,2,-0.10485496253323413,-1.0423576912549166
139,1546930800,48,231,183,279,2,0.32258842480522576,-0.8508592131945383
139,1546945200,475,1543,1068,2018,2,1.8922456770647151,1.2976301632377067
139,1546959600,578,577,-1,1155,2,-0.0037583937436398863,0.23141605635960014
139,1546974000,1441,727,-714,2168,2,-1.268352315620494,1.482951271038073
139,1546988400,580,219,-361,799,2,-0.6422630387305509,-0.20841270615326887
139,1547002800,121,34,-87,155,2,-0.15629005893495754,-1.004057995642841
139,1547017200,57,237,180,294,2,0.31726755276366814,-0.8323271024145016
139,1547031600,476,1528,1052,2004,2,1.8638676928430746,1.2803335265096727
139,1547046000,607,609,2,1216,2,0.0015624782979177054,0.3067799735317491
139,1547060400,2201,606,-1595,2807,2,-2.830915071824574,2.272419190267633
139,1547074800,805,245,-560,1050,2,-0.9952142174872045,0.10169128089934383
139,1547089200,141,44,-97,185,2,-0.17402629907348283,-0.9669937740827677
139,1547103600,49,364,315,413,2,0.5567067946337598,-0.6853056902262111
139,1547118000,521,1900,1379,2421,2,2.4438427453728524,1.7955262061946906
139,1547132400,598,630,32,1228,2,0.054771198713493625,0.32160566215577835
139,1547146800,1659,735,-924,2394,2,-1.6408133585295257,1.7621684067906247
139,1547161200,640,245,-395,885,2,-0.7025662552015369,-0.10216193768105894
139,1547175600,138,35,-103,173,2,-0.18466804315659802,-0.981819462706797
139,1547190000,40,192,152,232,2,0.2676060803757973,-0.908926493638653
139,1547204400,419,1431,1012,1850,2,1.7929227322889738,1.0900705225012968
139,1547218800,583,641,58,1224,2,0.10088542307365941,0.31666376594776857
139,1547233200,1652,795,-857,2447,2,-1.521980549601406,1.827648531546754
139,1547247600,527,293,-234,820,2,-0.4170127889712795,-0.18246775106121763
139,1547262000,177,64,-113,241,2,-0.20240428329512333,-0.897807227170631
139,1547276400,27,71,44,98,2,0.07605468687972398,-1.0744800166069801
139,1547290800,97,354,257,451,2,0.45383660183031305,-0.6383576762501184
139,1547305200,302,577,275,879,2,0.4857618340796586,-0.10957478199307359
139,1547319600,436,518,82,954,2,0.14345239940612015,-0.016914228092890508
139,1547334000,281,265,-16,546,2,-0.03036275395142785,-0.5209876413098865
139,1547348400,131,58,-73,189,2,-0.1314593227410221,-0.962051877874758
139,1547362800,25,42,17,67,2,0.028166838505705664,-1.1127797122190557
139,1547377200,99,226,127,325,2,0.22326548002948404,-0.7940274068024259
139,1547391600,234,459,225,693,2,0.39708063338703203,-0.3393729556655276
139,1547406000,322,417,95,739,2,0.16650951158620306,-0.28254114927341534
139,1547420400,203,123,-80,326,2,-0.14387469083798982,-0.7927919327504235
139,1547434800,65,39,-26,104,2,-0.048098994089953155,-1.0670671722949654
139,1547449200,36,222,186,258,2,0.3279092968467833,-0.8768041682865895
139,1547463600,479,1548,1069,2027,2,1.8940193010785678,1.3087494297057287
139,1547478000,576,544,-32,1120,2,-0.05874073817306834,0.1881744645395147
139,1547492400,1740,709,-1031,2449,2,-1.8305911280117466,1.830119479650759
139,1547506800,621,215,-406,836,2,-0.7220761193539148,-0.16270016622917854
139,1547521200,101,30,-71,131,3,-0.14859238844615597,-0.9581900205696605
139,1547535600,42,234,192,276,3,0.4089319059751207,-0.7657176534851156
139,1547550000,438,1563,1125,2001,3,2.3867652394163796,1.5240398170034357
139,1547564400,608,558,-50,1166,3,-0.10407523946194754,0.4156644617234703
139,1547578800,1724,766,-958,2490,3,-2.028911966969625,2.173136282550625
139,1547593200,683,255,-428,938,3,-0.9053839211776987,0.11301825692846179
139,1547607600,132,35,-97,167,3,-0.20370885861708066,-0.9104037777072908
139,1547622000,41,190,149,231,3,0.31777774376936063,-0.8254504570630778
139,1547636400,441,1595,1154,2036,3,2.4482413022993343,1.5704986642307397
139,1547650800,680,568,-112,1248,3,-0.2355068221772295,0.5245109037988681
139,1547665200,1734,800,-934,2534,3,-1.978035225273387,2.2315416904935215
139,1547679600,703,236,-467,939,3,-0.9880586264340858,0.11434565256352762
139,1547694000,113,32,-81,145,3,-0.16979103081958852,-0.939606481678739
139,1547708400,38,221,183,259,3,0.3898531278390314,-0.7882833792812346
139,1547722800,458,1560,1102,2018,3,2.3380083619574847,1.5466055427995549
139,1547737200,654,597,-57,1251,3,-0.11891428912335034,0.5284930907040656
139,1547751600,1738,802,-936,2540,3,-1.9822749537480735,2.2395060643039164
139,1547766000,764,281,-483,1045,3,-1.021976454231578,0.25504958988050525
139,1547780400,132,38,-94,170,3,-0.19734926590505086,-0.9064215908020933
139,1547794800,38,227,189,265,3,0.40257231326309095,-0.7803190054708397
139,1547809200,397,1288,891,1685,3,1.8907170078780577,1.1045827963226345
139,1547823600,609,571,-38,1180,3,-0.07863686861382845,0.4342480006143919
139,1547838000,1602,746,-856,2348,3,-1.8126858147606129,1.9846461023712776
139,1547852400,516,289,-227,805,3,-0.4792912094717041,-0.06352536253529319
139,1547866800,182,53,-129,235,3,-0.2715445142120649,-0.8201408745228145
139,1547881200,22,55,33,77,3,0.07187349223754282,-1.0298693848632152
139,1547895600,99,360,261,459,3,0.5552025383518056,-0.5228042522680693
139,1547910000,295,594,299,889,3,0.6357573793708493,0.04797587081023627
139,1547924400,439,494,55,933,3,0.11851050545909449,0.10638127875313265
139,1547938800,225,253,28,478,3,0.06127417105082653,-0.4975837352018186
139,1547953200,112,50,-62,162,3,-0.1295136103100666,-0.9170407558826199
139,1547967600,18,32,14,50,3,0.03159607172802093,-1.0657090670099925
139,1547982000,94,199,105,293,3,0.22450371732625732,-0.7431519276889965
139,1547996400,225,410,185,635,3,0.39409285631371793,-0.28918262049648374
139,1548010800,322,365,43,687,3,0.0930721346109754,-0.22015804747306075
139,1548025200,177,143,-34,320,3,-0.07015741166445542,-0.7073122455422192
139,1548039600,58,40,-18,98,3,-0.036239583866963306,-1.0019940765268327
139,1548054000,21,104,83,125,3,0.17786670410470568,-0.9661543943800555
139,1548068400,146,514,368,660,3,0.7820280117475341,-0.2559977296198381
139,1548082800,275,343,68,618,3,0.14606874054455682,-0.3117483462926028
139,1548097200,577,309,-268,886,3,-0.5662056432027776,0.04399368390503879
139,1548111600,256,91,-165,347,3,-0.3478596267564221,-0.6714725633954419
139,1548126000,80,28,-52,108,4,-0.14674671998155442,-1.1057831936725222
139,1548140400,30,253,223,283,4,0.3687413018514607,-0.8792766869701912
139,1548154800,430,1606,1176,2036,4,2.1551416102400553,1.3896713487394432
139,1548169200,570,574,4,1144,4,-0.04177461371737681,0.23513532600527678
139,1548183600,1577,766,-811,2343,4,-1.5694936602406764,1.7870284776401038
139,1548198000,702,231,-471,933,4,-0.9321630150653121,-0.03796680493296218
139,1548212400,97,38,-59,135,4,-0.15986823326457664,-1.070836475495591
139,1548226800,43,245,202,288,4,0.32937676200239413,-0.8728050724929818
139,1548241200,432,1465,1033,1897,4,1.887087838886887,1.2097604662730206
139,1548255600,571,635,64,1206,4,0.07069550013709923,0.315383345522674
139,1548270000,1636,720,-916,2356,4,-1.7663163594860094,1.8038546752808482
139,1548284400,722,223,-499,945,4,-0.984649068197401,-0.02243493018765949
139,1548298800,93,25,-68,118,4,-0.17673875034274802,-1.0928399647181033
139,1548313200,129,255,126,384,4,0.18691461778672447,-0.7485500745305602
139,1548327600,439,1619,1180,2058,4,2.1626396178303535,1.418146452439165
139,1548342000,636,601,-35,1237,4,-0.11488018772278623,0.3555073552813726
139,1548356400,1770,843,-927,2613,4,-1.78693588035933,2.136495659409414
139,1548370800,721,258,-463,979,4,-0.9171669998847153,0.021572048257364796
139,1548385200,116,38,-78,154,4,-0.19548376931849404,-1.046244340482195
139,1548399600,32,242,210,274,4,0.3443727771829909,-0.8909255930291682
139,1548414000,314,1489,1175,1803,4,2.1532671083424804,1.0880941141014828
139,1548428400,434,666,232,1100,4,0.38561181892963214,0.17818511860583358
139,1548442800,1205,818,-387,2023,4,-0.7747048556690456,1.3728451510986988
139,1548457200,623,278,-345,901,4,-0.6959757759709124,-0.07938513758710268
139,1548471600,168,59,-109,227,4,-0.25359332814330665,-0.9517587691149371
139,1548486000,23,54,31,77,4,0.008836937517137405,-1.1459072034312208
139,1548500400,117,384,267,501,4,0.45121938534474315,-0.597114295763859
139,1548514800,321,605,284,926,4,0.4830859176035114,-0.047027065201055415
139,1548529200,528,592,64,1120,4,0.07069550013709923,0.2040715765146714
139,1548543600,312,243,-69,555,4,-0.17861325224032265,-0.5272208594099969
139,1548558000,134,70,-64,204,4,-0.16924074275244963,-0.9815281957101005
139,1548572400,25,37,12,62,4,-0.026778598536780007,-1.1653220468628491
139,1548586800,108,262,154,370,4,0.23940067091881329,-0.7666705950667467
139,1548601200,264,514,250,778,4,0.4193528530859749,-0.23858685372645524
139,1548615600,460,421,-39,881,4,-0.12237819531308462,-0.1052715954959405
139,1548630000,230,139,-91,369,4,-0.21985229398696385,-0.7679649179621886
139,1548644400,85,33,-52,118,4,-0.14674671998155442,-1.0928399647181033
139,1548658800,36,261,225,297,4,0.37249030564660995,-0.8611561664340047
139,1548673200,420,1674,1254,2094,4,2.301352758250874,1.464742076675073
139,1548687600,584,576,-8,1160,4,-0.06426863648827202,0.255844492332347
139,1548702000,1780,730,-1050,2510,4,-2.0174996137610055,2.0031804011788994
139,1548716400,660,191,-469,851,4,-0.9284140112701629,-0.14410128235919722
139,1548730800,97,31,-66,128,5,-0.18074707360915293,-1.06330409152668
139,1548745200,44,258,214,302,5,0.34395931633003207,-0.8415965877212368
139,1548759600,456,1596,1140,2052,5,2.079238305914622,1.388220260896726
139,1548774000,648,549,-99,1197,5,-0.24258746956627117,0.29879545771480703
139,1548788400,1821,746,-1075,2567,5,-2.0715640287828587,2.0444235049185835
139,1548802800,644,239,-405,883,5,-0.8160165957140948,-0.10129739398007317
139,1548817200,93,28,-65,121,5,-0.17887312221651297,-1.0722233589211518
139,1548831600,38,241,203,279,5,0.3233458510109926,-0.8709027520173587
139,1548846000,466,1615,1149,2081,5,2.096103868448382,1.4251715115309664
139,1548860400,560,600,40,1160,5,0.017891774010681392,0.2516507586297415
139,1548874800,1655,762,-893,2417,5,-1.7305048753223886,1.8532963464656154
139,1548889200,546,194,-352,740,5,-0.7166971719041776,-0.2835052850385696
139,1548903600,80,22,-58,102,5,-0.16575546246803335,-1.0964327989918612
139,1548918000,28,210,182,238,5,0.28399287176555377,-0.9231441753278367
139,1548932400,346,1496,1150,1842,5,2.097977819841022,1.1206422390625705
139,1548946800,396,550,154,946,5,0.23152223277163528,-0.021023987429826505
139,1548961200,1573,761,-812,2334,5,-1.578714812518553,1.7475393187883064
139,1548975600,689,256,-433,945,5,-0.8684872347080133,-0.022298168486179628
139,1548990000,106,32,-74,138,5,-0.19573868475027248,-1.0505622809631487
139,1549004400,41,232,191,273,5,0.3008584342993133,-0.8785478383554773
139,1549018800,395,1506,1111,1901,5,2.024893715528064,1.1958189213874046
139,1549033200,634,666,32,1300,5,0.0029001628695618214,0.43003610651917856
139,1549047600,1573,750,-823,2323,5,-1.5993282778375923,1.733523327168422
139,1549062000,613,250,-363,863,5,-0.737310637223217,-0.1267810151071356
139,1549076400,152,57,-95,209,5,-0.23509166399571135,-0.9600954259620771
139,1549090800,30,74,44,104,5,0.025387579581241177,-1.093884436879155
139,1549105200,107,420,313,527,5,0.5294805042013867,-0.5549058500417845
139,1549119600,338,761,423,1099,5,0.7356151573917808,0.1739257141922011
139,1549134000,579,620,41,1199,5,0.01976572540332134,0.30134381982751324
139,1549148400,328,237,-91,565,5,-0.2275958584251516,-0.5064869699003658
139,1549162800,135,61,-74,196,5,-0.19573868475027248,-0.9766597796946678
139,1549177200,22,43,21,65,5,-0.017713302449477587,-1.1435774980769267
139,1549191600,90,271,181,361,5,0.2821189203729138,-0.7664199053964027
139,1549206000,310,622,312,932,5,0.5276065528087468,-0.03886252221877021
139,1549220400,432,529,97,961,5,0.12470700339115834,-0.0019112715845296824
139,1549234800,239,112,-127,351,5,-0.29505810856018966,-0.7791617159599339
139,1549249200,62,24,-38,86,5,-0.1282764346152344,-1.116819695893511
139,1549263600,39,244,205,283,5,0.32709375379627253,-0.8658060277919462
139,1549278000,427,1578,1151,2005,5,2.099851771233662,1.3283337512481292
139,1549292400,553,609,56,1162,5,0.04787499629292054,0.25419912074244777
139,1549306800,1653,760,-893,2413,5,-1.7305048753223886,1.8481996222402028
139,1549321200,535,240,-295,775,5,-0.6098819425237006,-0.2389089480662103
139,1549335600,87,41,-46,128,6,-0.18601780331002957,-1.0925142215725023
139,1549350000,37,254,217,291,6,0.31123283653835626,-0.9013808639162519
139,1549364400,412,1640,1228,2052,6,2.22271723534717,1.1635629571429935
139,1549378800,820,1731,911,2551,6,1.6233695059481652,1.7486890029740914
139,1549393200,1533,856,-677,2389,6,-1.3790412015774496,1.5587282426040756
139,1549407600,685,306,-379,991,6,-0.8156165222055143,-0.08056276355198624
139,1549422000,105,41,-64,146,6,-0.22005016649356926,-1.0714074704202783
139,1549436400,53,269,216,322,6,0.30934214969482626,-0.8650303480429773
139,1549450800,471,1635,1164,2106,6,2.101713277361251,1.2268832105996654
139,1549465200,591,659,68,1250,6,0.02952049685238862,0.22313993358279202
139,1549479600,1803,897,-906,2700,6,-1.8120084887458159,1.9234059986230565
139,1549494000,660,255,-405,915,6,-0.8647743801372939,-0.1696801573058208
139,1549508400,122,45,-77,167,6,-0.24462909545945907,-1.0467829274093503
139,1549522800,46,246,200,292,6,0.27909116019834657,-0.9002082666300172
139,1549537200,515,1626,1111,2141,6,2.001506874654162,1.2679241156178787
139,1549551600,679,751,72,1430,6,0.037083244226508556,0.4342074451050318
139,1549566000,1803,849,-954,2652,6,-1.9027614572352551,1.8671213288837927
139,1549580400,781,311,-470,1092,6,-0.9876690249667428,0.037869562357714937
139,1549594800,148,41,-107,189,6,-0.3013497007653586,-1.0209857871121877
139,1549609200,46,257,211,303,6,0.2998887154771764,-0.8873096964814359
139,1549623600,493,1476,983,1969,6,1.7594989586823242,1.0662373823855162
139,1549638000,663,741,78,1404,6,0.04842736528768846,0.4037199156629305
139,1549652400,1619,960,-659,2579,6,-1.3450088383939098,1.781521726988662
139,1549666800,623,334,-289,957,6,-0.6454547062878156,-0.12043107128396487
139,1549681200,153,71,-82,224,6,-0.254082529677109,-0.9799448820939745
139,1549695600,26,60,34,86,6,-0.03476285582763084,-1.1417633075943583
139,1549710000,133,493,360,626,6,0.581601055163144,-0.508560773027639
139,1549724400,403,806,403,1209,6,0.6629005894349334,0.17506344484717076
139,1549738800,636,786,150,1422,6,0.18455681802184734,0.42482666681515446
139,1549753200,371,320,-51,691,6,-0.19547123752767948,-0.4323419494223858
139,1549767600,133,69,-64,202,6,-0.22005016649356926,-1.005742022391137
139,1549782000,27,44,17,71,6,-0.06690453216764057,-1.1593522668878782
139,1549796400,109,323,214,432,6,0.3055607760077663,-0.7360446465571641
139,1549810800,363,632,269,995,6,0.40954855240191546,-0.0758723744070476
139,1549825200,481,495,14,976,6,-0.07257659269823052,-0.09815172284550623
139,1549839600,290,172,-118,462,6,-0.3221472560441884,-0.7008667279701242
139,1549854000,68,29,-39,97,6,-0.17278299540531966,-1.128864737445777
139,1549868400,38,256,218,294,6,0.31312352338188626,-0.8978630720575479
139,1549882800,432,1600,1168,2032,6,2.109276024735371,1.1401110114183002
139,1549897200,543,634,91,1177,6,0.07300629425357825,0.13754033168766147
139,1549905742,623,383,-240,1006,6,-0.5528110509548465,-0.06297380425846627
139,1549906163,50,14,-36,64,6,-0.16711093487472972,-1.167560447891521
139,1549911600,1789,830,-959,2619,6,-1.9122148914529051,1.8284256184380487
139,1549926000,698,228,-470,926,6,-0.9876690249667428,-0.1567815871572395
139,1549940400,101,82,-19,183,7,-0.1139088821413433,-0.9787190988406759
139,1549954800,42,238,196,280,7,0.36207316586251137,-0.8461933698322366
139,1549969200,414,1352,938,1766,7,2.004764698973489,1.1840461487918954
139,1549983600,554,537,-17,1091,7,-0.10948114215991209,0.26183102424863225
139,1549998000,1495,703,-792,2198,7,-1.8252303849645046,1.7742638284995838
139,1550012400,599,247,-352,846,7,-0.8511275890496393,-0.07289890984484847
139,1550026800,112,76,-36,188,7,-0.15154467198350854,-0.971887875695911
139,1550041200,51,234,183,285,7,0.33329285598320857,-0.8393621466874717
139,1550055600,468,1638,1170,2106,7,2.518382536819509,1.6485693226359095
139,1550070000,661,700,39,1361,7,0.014495577320161697,0.6307170740659375
139,1550084400,1754,888,-866,2642,7,-1.9890567642774593,2.380876443754708
139,1550098800,754,280,-474,1034,7,-1.121219727916943,0.18395508039831224
139,1550113200,121,86,-35,207,7,-0.14933080199279294,-0.9459292277458042
139,1550127600,48,280,232,328,7,0.4417724855282731,-0.7806136276424934
139,1550142000,473,1615,1142,2088,7,2.456394177079472,1.6239769193147557
139,1550156400,659,678,19,1337,7,-0.02978182249415037,0.5979272029710659
139,1550170800,1871,849,-1022,2720,7,-2.3344204828290933,2.487443524813041
139,1550185200,629,296,-333,925,7,-0.8090640592260427,0.03503441584243715
139,1550199600,134,140,6,274,7,-0.058562132373453216,-0.8543908376059545
139,1550214000,42,249,207,291,7,0.386425735760383,-0.8311646789137538
139,1550228400,405,1501,1096,1906,7,2.3545561575065546,1.375320396845313
139,1550242800,650,617,-33,1267,7,-0.14490306201136174,0.5022900789443572
139,1550257200,1161,751,-410,1912,7,-0.9795320485111443,1.383517864619031
139,1550271600,547,283,-264,830,7,-0.6563070298666661,-0.09475882390809619
139,1550286000,148,80,-68,228,7,-0.22238851168640786,-0.9172380905377916
139,1550300400,34,55,21,89,7,-0.025354082512719166,-1.1071460939622562
139,1550314800,137,325,188,462,7,0.34436220593678657,-0.5975368473627938
139,1550329200,333,594,261,927,7,0.5059747152590256,0.03776690510034311
139,1550343600,572,570,-2,1142,7,-0.07627309229917804,0.33150950032523435
139,1550358000,332,288,-44,620,7,-0.16925563190923337,-0.3816701959882225
139,1550372400,137,52,-85,189,7,-0.26002430152857314,-0.970521631066958
139,1550386800,34,40,6,74,7,-0.058562132373453216,-1.127639763396551
139,1550401200,111,239,128,350,7,0.2115300064938504,-0.7505562458055278
139,1550415600,289,789,500,1078,7,1.035089643040055,0.24406984407224347
139,1550430000,571,524,-47,1095,7,-0.1758972418813802,0.26729600276444415
139,1550444400,231,168,-63,399,7,-0.21131916173282986,-0.6836102589868316
139,1550458800,65,25,-40,90,7,-0.16040015194637097,-1.1057798493333033
139,1550473200,29,89,60,118,7,0.06098684712518937,-1.0675249997226197
139,1550487600,163,428,265,591,7,0.514830195221888,-0.421291290227859
139,1550502000,335,441,106,776,7,0.1628248666981071,-0.16853603387155724
139,1550516400,655,387,-268,1042,7,-0.6651625098295285,0.1948850374299361
139,1550530800,284,154,-130,438,7,-0.3596484511107753,-0.6303267184576653
139,1550545200,69,31,-38,100,8,-0.10901249803999687,-1.2819606262891485
139,1550559600,37,237,200,274,8,0.2886116327419074,-1.0667371971911552
139,1550574000,366,1623,1257,1989,8,2.0545305665085998,1.0545741873091803
139,1550588400,565,625,60,1190,8,0.054715085223140184,0.0662780962212689
139,1550602800,1530,735,-795,2265,8,-1.3737245442664738,1.3959630748439282
139,1550617200,652,250,-402,902,8,-0.7171435215887916,-0.2899537864236854
139,1550631600,98,46,-52,144,8,-0.1324021527918736,-1.2275363108850583
139,1550646000,40,248,208,288,8,0.3019771497429798,-1.049420369562581
139,1550660400,454,1553,1099,2007,8,1.7905616057374196,1.07683867997449
139,1550674800,588,552,-36,1140,8,-0.10567111878972876,0.004432283262075437
139,1550689200,1637,683,-954,2320,8,-1.639364194662788,1.463993469099041
139,1550703600,585,226,-359,811,8,-0.6453038677080274,-0.4025131660094175
139,1550718000,95,42,-53,137,8,-0.13407284241700762,-1.2361947246993452
139,1550732400,40,224,184,264,8,0.26188059873976255,-1.079106359782994
139,1550746800,421,1591,1170,2012,8,1.9091805691219375,1.0830232612704094
139,1550761200,560,650,90,1210,8,0.10483577397716173,0.09101642140494627
139,1550775600,1547,771,-776,2318,8,-1.3419814413889268,1.4615196365806733
139,1550790000,696,304,-392,1000,8,-0.7004366253374511,-0.16873599302366624
139,1550804400,115,48,-67,163,8,-0.15746249716888436,-1.2040349019605647
139,1550818800,42,223,181,265,8,0.25686852986436043,-1.07786944352381
139,1550833200,428,1497,1069,1925,8,1.740440916983398,0.9754115467214127
139,1550847600,625,654,29,1279,8,0.00292370684398459,0.17636364328863324
139,1550862000,1524,835,-689,2359,8,-1.1966314440022643,1.5122332032072119
139,1550876400,596,316,-280,912,8,-0.5133193873224373,-0.27758462383184673
139,1551495600,7394,8329,935,15723,9,2.172005610678372,4.073069783866331
139,1551510000,32,60,28,92,9,-0.13509677057960465,-0.40997107335221766
139,1551524400,146,397,251,543,9,0.4321400883184425,-0.2806222519968619
139,1551538800,304,518,214,822,9,0.3380245556761656,-0.2006038015353447
139,1551553200,515,516,1,1031,9,-0.20377567277802291,-0.14066166480969206
139,1551567600,298,259,-39,557,9,-0.30552219455345736,-0.276606989249689
139,1551582000,135,79,-56,214,9,-0.348764466308017,-0.3749809265554252
139,1551596400,29,39,10,68,9,-0.18088270537855017,-0.4168543809187998
139,1551610800,119,252,133,371,9,0.1319878490809108,-0.32995262289070043
139,1551625200,350,486,136,836,9,0.1396188382140684,-0.1965885387881718
139,1551639600,436,435,-1,871,9,-0.20886299886679463,-0.18655038192023957
139,1551654000,203,116,-87,319,9,-0.42761802068397875,-0.3448664559516284
139,1551668400,57,27,-30,84,9,-0.28262922715398464,-0.412265509207745
139,1551682800,33,187,154,220,9,0.1854047730130139,-0.37326009966377965
139,1551697200,358,1344,986,1702,9,2.301732425942051,0.05178414257266647
139,1551711600,453,504,51,957,9,-0.07659252055872984,-0.16188519647332028
139,1551726000,1504,649,-855,2153,9,-2.38115123877232,0.1811329639280222
139,1551740400,597,226,-371,823,9,-1.1500183252895633,-0.2003169970534038
139,1551754800,91,28,-63,119,10,-0.24400448111011033,-1.125593274368231
139,1551769200,53,248,195,301,10,0.2530875582411128,-0.893497161793152
139,1551783600,461,1660,1199,2121,10,2.1875077423830818,1.4274639639576394
139,1551798000,563,610,47,1173,10,-0.032066014720053986,0.21852377318195249
139,1551812400,1710,714,-996,2424,10,-2.041628018763952,1.8138657337941722
139,1551826800,698,237,-461,935,10,-1.0108363867759507,-0.08498652787776638
139,1551841200,95,37,-58,132,10,-0.23437091445601685,-1.1090149806128682
139,1551855600,47,261,214,308,10,0.28969511152666794,-0.884570388232572
139,1551870000,440,1577,1137,2017,10,2.0680515158723227,1.294837613914737
139,1551884400,576,638,62,1214,10,-0.003165314757773575,0.27080916117963516
139,1551898800,1652,776,-876,2428,10,-1.8104224190657086,1.8189667472573607
139,1551913200,649,214,-435,863,10,-0.9607418401746646,-0.1768047702151603
139,1551927600,94,25,-69,119,10,-0.2555647610950225,-1.125593274368231
139,1551942000,51,248,197,299,10,0.25694098490275014,-0.8960476685247462
139,1551952764,278,800,522,1078,10,0.8831228174188257,0.09737470343122437
139,1551956400,409,1645,1236,2054,10,2.2587961356233737,1.342021988449231
139,1551970800,532,687,155,1219,10,0.176019025008365,0.27718542800862084
139,1551985200,1409,876,-533,2285,10,-1.1495597465948966,1.6366055159483701
139,1551999600,658,320,-338,978,10,-0.7738506470852513,-0.03015063314848944
139,1552014000,101,35,-66,136,10,-0.2497846211025664,-1.1039139671496796
139,1552028400,42,202,160,244,10,0.18565259166245845,-0.9661866036435888
139,1552042800,390,1439,1049,1829,10,1.8985007427602776,1.055089981144875
139,1552057200,644,751,107,1395,10,0.08353678512906766,0.5016300203889171
139,1552071600,1641,868,-773,2509,10,-1.6119709459913831,1.922262269886929
139,1552086000,563,320,-243,883,10,-0.5908128806574754,-0.15129970289921757
139,1552100400,151,137,-14,288,10,-0.1495955278999943,-0.9100754555485148
139,1552114800,29,71,42,100,10,-0.041699581374147456,-1.1498230883183767
139,1552129200,128,360,232,488,10,0.32437595148140447,-0.6550247823890871
139,1552143600,324,687,363,1011,10,0.5767753978186533,0.01193272792281612
139,1552158000,625,646,21,1271,10,-0.08216056132134003,0.343498603030072
139,1552172400,361,338,-23,699,10,-0.16693594787736257,-0.385946322205891
139,1552190400,135,61,-74,196,10,-0.26519832774911595,-1.0273987652018515
139,1552204800,32,54,22,86,10,-0.08023384799052134,-1.1676766354395367
139,1552219200,136,270,134,406,10,0.13555804506117242,-0.7595955583844525
139,1552233600,349,516,167,865,10,0.19913958497818932,-0.17425426348356604
139,1552248000,388,435,47,823,10,-0.032066014720053986,-0.22781490484704583
139,1552262400,181,98,-83,279,10,-0.28253874772648424,-0.921552735840689
139,1552276800,28,19,-9,47,10,-0.13996196124590085,-1.217411516705625
139,1552291200,127,532,405,659,10,0.6576973577130385,-0.4369564568377765
139,1552305600,461,1527,1066,1988,10,1.9312548693841955,1.25785526630662
139,1552320000,711,656,-55,1367,10,-0.22859077446356077,0.4659229261465973
139,1552334400,1685,748,-937,2433,10,-1.927951932245649,1.8253430140863465
139,1552348800,407,130,-277,537,11,-0.6310611600063696,-0.5976689431000515
139,1552363200,39,47,8,86,11,-0.04901445902962094,-1.2054776578107342
139,1552377600,128,553,425,681,11,0.8026117666100429,-0.4036014155649333
139,1552392000,401,1376,975,1777,11,1.9258597860388562,1.0734680995634662
139,1552406400,766,637,-129,1403,11,-0.32880532932370715,0.5694316044375343
139,1552420800,1757,719,-1038,2476,11,-2.1852279650706,2.0155042228068525
139,1552435200,489,170,-319,659,11,-0.7168364633082063,-0.4332506211605764
139,1552449600,50,27,-23,77,11,-0.11232480194288132,-1.2176068782816791
139,1552464000,139,497,358,636,11,0.6657797351523511,-0.46424751791965774
139,1552478400,499,1507,1008,2006,11,1.993254667204585,1.382089375990842
139,1552492800,748,681,-67,1429,11,-0.20218464349718637,0.6044715746869306
139,1552507200,1717,682,-1035,2399,11,-2.1791011576918975,1.911732003222102
139,1552521600,484,163,-321,647,11,-0.7209210015606746,-0.44942291512183624
139,1552536000,66,33,-33,99,11,-0.1327474932052234,-1.187957672686036
139,1552550400,132,506,374,638,11,0.6984560411720984,-0.46155213559278113
139,1552564800,512,1506,994,2018,11,1.964662899437306,1.3982616699521018
139,1552579200,733,668,-65,1401,11,-0.19810010524471797,0.5667362221106577
139,1552593600,1596,773,-823,2369,11,-1.746140102930246,1.8713012683189523
139,1552608000,424,194,-230,618,11,-0.5350745110733619,-0.4885059588615475
139,1552622400,70,45,-25,115,11,-0.11640934019534974,-1.1663946140710229
139,1552636800,109,463,354,572,11,0.6576106586474143,-0.5504997523797103
139,1552651200,451,1337,886,1788,11,1.7440978338040118,1.0882927023612878
139,1552665600,787,693,-94,1480,11,-0.25732590990550996,0.673203824022285
139,1552680000,1252,732,-520,1984,11,-1.1273325576812816,1.3524401703951987
139,1552694400,397,242,-155,639,11,-0.3819043266057965,-0.4602044444293428
139,1552708800,95,55,-40,150,11,-0.1470433770888628,-1.1192254233506818
139,1552723200,36,119,83,155,11,0.1041557254379445,-1.11248696753349
139,1552737600,183,411,228,594,11,0.40028474874190434,-0.5208505467840672
139,1552752000,396,699,303,1095,11,0.5534549332094698,0.1543427260985315
139,1552766400,576,631,55,1207,11,0.04697218990338674,0.3052841364036234
139,1552780800,265,240,-25,505,11,-0.11640934019534974,-0.6407950603300778
139,1552795200,81,47,-34,128,11,-0.1347897623314576,-1.1488746289463247
139,1552809600,37,81,44,118,11,0.02450722951481047,-1.1623515405807079
139,1552824000,158,403,245,561,11,0.4350033238878859,-0.5653243551775318
139,1552838400,330,652,322,982,11,0.5922580466079197,0.0020536246300012434
139,1552852800,424,442,18,866,11,-0.028591767767278883,-0.15427855032884397
139,1552867200,197,132,-65,329,11,-0.19810010524471797,-0.8779887050952222
139,1552881600,28,16,-12,44,11,-0.08985984155430506,-1.2620806866751437
139,1552896000,120,431,311,551,11,0.5697930862193434,-0.578801266811915
139,1552910400,438,1308,870,1746,11,1.7114215277842646,1.0316896734968783
139,1552924800,717,583,-134,1300,11,-0.3390166749548782,0.43061941460338726
139,1552939200,1684,631,-1053,2315,11,-2.2158620019641133,1.798525945493283
139,1552953600,220,81,-139,301,12,-0.3008322616693153,-0.7870970653351289
139,1552968000,1,4,3,5,12,-0.013995553660395005,-1.1691967457695982
139,1552982400,120,508,388,628,12,0.7636955208708326,-0.3649801886389416
139,1552996800,476,1420,944,1896,12,1.886802631102943,1.2718522261952039
139,1553011200,762,609,-153,1371,12,-0.32911193710681447,0.5941416443435269
139,1553025600,1846,635,-1211,2481,12,-2.466247409454967,2.0270154459727867
139,1553040000,273,100,-173,373,12,-0.369511473446099,-0.6941538998240419
139,1553054400,0,21,21,21,12,0.02236402904496109,-1.1485427089893567
139,1553068800,109,404,295,513,12,0.5758376768931595,-0.513431077996928
139,1553083200,479,1410,931,1889,12,1.860542932482408,1.2628160851038481
139,1553097600,761,615,-146,1376,12,-0.31497209938806486,0.6005960308373524
139,1553112000,1742,685,-1057,2427,12,-2.155170979642476,1.9573080718394713
139,1553126400,232,103,-129,335,12,-0.280632493499673,-0.7432072371771156
139,1553140800,0,2,2,2,12,-0.016015530477359232,-1.1730693776658936
139,1553155200,101,419,318,520,12,0.6222971436833367,-0.5043949369055722
139,1553169600,461,1409,948,1870,12,1.8948825383708,1.2382894164273113
139,1553184000,762,637,-125,1399,12,-0.2725525862318161,0.6302862087089497
139,1553198400,1679,695,-984,2374,12,-2.0077126720040877,1.888891575004921
139,1553212800,241,90,-151,331,12,-0.325071983472886,-0.7483707463721759
139,1553227200,1,1,0,2,12,-0.02005548411128769,-1.1730693776658936
139,1553241600,105,431,326,536,12,0.6384569582190505,-0.4837409001253307
139,1553256000,411,1235,824,1646,12,1.6444054130672359,0.9491329015039291
139,1553270400,691,637,-54,1328,12,-0.12913423222735598,0.5386339204966276
139,1553284800,1415,671,-744,2086,12,-1.522918235932673,1.5171189129605727
139,1553299200,343,217,-126,560,12,-0.27457256304878036,-0.4527598449549683
139,1553313600,55,46,-9,101,12,-0.03823527546396574,-1.0452725250881487
139,1553328000,37,90,53,127,12,0.08700328718781637,-1.011709715320256
139,1553342400,175,385,210,560,12,0.4041396474512001,-0.4527598449549683
139,1553356800,412,604,192,1016,12,0.367780064745844,0.1358802032819168
139,1553371200,564,528,-36,1092,12,-0.09277464952199989,0.2339868779880643
139,1553385600,244,267,23,511,12,0.026403982678889545,-0.5160128325944582
139,1553400000,62,28,-34,90,12,-0.08873469588807142,-1.0594721753745648
139,1553414400,40,43,3,83,12,-0.013995553660395005,-1.0685083164659206
139,1553428800,150,233,83,383,12,0.1476025916967432,-0.6812451268363908
139,1553443200,368,472,104,840,12,0.19002210485299198,-0.09131420130074062
139,1553457600,415,428,13,843,12,0.00620421450924727,-0.08744156940444532
139,1553472000,185,127,-58,312,12,-0.13721413949521288,-0.7728974150487129
139,1553486400,22,12,-10,34,12,-0.040255252280929965,-1.1317613041054104
139,1553500800,117,474,357,591,12,0.7010762395449415,-0.4127426486932503
139,1553515200,438,1379,941,1817,12,1.8807427006520505,1.169872919592761
139,1553529600,711,532,-179,1243,12,-0.3816313343478844,0.42890935010159426
139,1553544000,1691,647,-1044,2338,12,-2.1289112810219413,1.8424199922493776
139,1553558400,213,69,-144,282,13,-0.3264941936236616,-0.7858033637296895
139,1553572800,0,1,1,1,13,-0.025477870600690358,-1.145350132627398
139,1553585915,68,199,131,267,13,0.24439883279921487,-0.8049962517491401
139,1553585985,2,4,2,6,13,-0.023401895959152624,-1.1389525032875811
139,1553587200,110,507,397,617,13,0.7966080874482518,-0.35716219796195864
139,1553601600,495,1365,870,1860,13,1.7785440928955993,1.2332884559165174
139,1553616000,763,625,-138,1388,13,-0.31403834577443523,0.6293522462378041
139,1553630400,1792,690,-1102,2482,13,-2.3152779002168096,2.0291535457897374
139,1553644800,275,89,-186,364,13,-0.4136851285682464,-0.6808822425566927
139,1553659200,0,6,6,6,13,-0.015097997393001694,-1.1389525032875811
139,1553673600,131,481,350,612,13,0.6990372792959784,-0.36355982730177555
139,1553688000,497,1421,924,1918,13,1.890646723538637,1.3075009562583932
139,1553702400,810,610,-200,1420,13,-0.44274877354977465,0.670297074012632
139,1553716800,1694,658,-1036,2352,13,-2.178263573875319,1.8628151829544985
139,1553731200,252,100,-152,352,13,-0.3431019907559635,-0.6962365529722532
139,1553745600,0,2,2,2,13,-0.023401895959152624,-1.1440706067594348
139,1553760000,125,461,336,586,13,0.6699736343144501,-0.3968274998688233
139,1553774400,486,1338,852,1824,13,1.7411765493479203,1.187225524669836
139,1553788800,758,661,-97,1419,13,-0.22892338547138819,0.6690175481446687
139,1553803200,1752,729,-1023,2481,13,-2.151275903535329,2.0278740199217737
139,1553817600,235,93,-142,328,13,-0.32234224434058617,-0.7269451738033742
139,1553832000,2,2,0,4,13,-0.02755384524222809,-1.141511555023508
139,1553846400,95,441,346,536,13,0.6907333807298275,-0.4608037932669921
139,1553860800,429,1288,859,1717,13,1.7557083718386843,1.0503162567977546
139,1553875200,751,669,-82,1420,13,-0.1977837658483222,0.670297074012632
139,1553889600,1437,705,-732,2142,13,-1.5471672828478484,1.5941147506821896
139,1553904000,381,201,-180,582,13,-0.40122928071902,-0.4019456033406768
139,1553918400,77,40,-37,117,13,-0.1043649069791242,-0.9969251319436465
139,1553932800,41,95,54,136,13,0.08454878540080948,-0.9726141404523424
139,1553947200,195,451,256,646,13,0.5038956629914315,-0.32005594779102076
139,1553961600,424,672,248,1096,13,0.4872878658591296,0.2557306927924983
139,1553976000,587,568,-19,1155,13,-0.06699736343144501,0.3312227190023375
139,1553990400,331,206,-125,537,13,-0.2870506754344447,-0.4595242673990287
139,1554004800,83,50,-33,133,13,-0.09606100841297327,-0.9764527180562326
139,1554019200,31,59,28,90,13,0.030573444720828426,-1.0314723303786577
139,1554033600,148,322,174,470,13,0.3336657423853374,-0.5452525005525749
139,1554048000,344,462,118,806,13,0.21741116245922437,-0.11533180891688063
139,1554062400,369,355,-14,724,13,-0.056617490223756346,-0.22025293008987745
139,1554076800,210,88,-122,298,13,-0.2808227515098315,-0.7653309498422756
139,1554091200,34,12,-22,46,13,-0.07322528735605821,-1.0877714685690463
139,1554105600,144,523,379,667,13,0.7592405439005726,-0.29318590456378985
139,1554120000,445,1472,1027,1917,13,2.1044721116170235,1.3062214303904298
139,1554134400,683,547,-136,1230,13,-0.30988639649135974,0.4271871590995907
139,1554148800,1724,670,-1054,2394,13,-2.2156311174229986,1.9165552694089603
139,1554163200,435,253,-182,688,14,-0.3678464214274796,-0.42924698731780425
139,1554177600,40,32,-8,72,14,-0.006283321522702072,-1.2155868624071076
139,1554192000,147,523,376,670,14,0.7916490368878414,-0.4522244512002839
139,1554206400,524,1466,942,1990,14,1.9677680860033822,1.2327895668482232
139,1554220800,821,636,-185,1457,14,-0.37408026797756194,0.5524013307725759
139,1554235200,1835,716,-1119,2551,14,-2.314884493903207,1.9489205245188386
139,1554249600,550,222,-328,772,14,-0.6712269535314883,-0.32201882253289926
139,1554264000,57,47,-10,104,14,-0.010439219222756986,-1.1747380377271437
139,1554278400,141,503,362,644,14,0.762557752987457,-0.48541412125275446
139,1554292800,524,1407,883,1931,14,1.8451691038517621,1.1574745463445397
139,1554307200,797,669,-128,1466,14,-0.2556371835259969,0.5638900627138158
139,1554321600,1835,774,-1061,2609,14,-2.1943634606016147,2.0229590192512727
139,1554336000,489,236,-253,725,14,-0.515380789779429,-0.3820155337815961
139,1554350400,58,37,-21,95,14,-0.03329665657305902,-1.1862267696683835
139,1554364800,155,483,328,638,14,0.6919074920865235,-0.4930732758802477
139,1554379200,508,1336,828,1844,14,1.730881917100252,1.0464168042458881
139,1554393600,782,631,-151,1413,14,-0.3034300070766284,0.4962341968376257
139,1554408000,1736,808,-928,2544,14,-1.9179962635479626,1.9399848441200964
139,1554422400,489,260,-229,749,14,-0.46551001737877007,-0.35137891527162324
139,1554436800,73,54,-19,127,14,-0.0291407588730041,-1.1453779449884196
139,1554451200,131,479,348,610,14,0.7334664690870726,-0.528815997475216
139,1554465600,491,1352,861,1843,14,1.7994542291511582,1.0451402784746393
139,1554480000,831,698,-133,1529,14,-0.2660269277761342,0.6443111863024945
139,1554494400,1613,805,-808,2418,14,-1.6686424015446677,1.779142596942739
139,1554508800,430,232,-198,662,14,-0.4010936030279189,-0.46243665737027484
139,1554523200,106,32,-74,138,14,-0.14342794562451422,-1.1313361615046822
139,1554537600,55,111,56,166,14,0.12670540487905518,-1.0955934399097138
139,1554552000,180,438,258,618,14,0.5464510725846015,-0.518603791305225
139,1554566400,468,614,146,1082,14,0.3137208013815263,0.0737041665542501
139,1554580800,541,703,162,1244,14,0.34696798298196563,0.28050134149656686
139,1554595200,316,244,-72,560,14,-0.1392720479244593,-0.5926422860376594
139,1554609600,103,32,-71,135,14,-0.13719409907443186,-1.1351657388184289
139,1554624000,33,48,15,81,14,0.04150950202792943,-1.2040981304658678
139,1554638400,148,318,170,466,14,0.36359157378218526,-0.7126357085350532
139,1554652800,376,520,144,896,14,0.3095649036814714,-0.16372962689803952
139,1554667200,460,405,-55,865,14,-0.10394691747399255,-0.20330192580675446
139,1554681600,213,112,-101,325,14,-0.19953256457525556,-0.8926258422811437
139,1554696000,32,17,-15,49,14,-0.02082896347289427,-1.2449469551458314
139,1554710400,141,458,317,599,14,0.6690500547362215,-0.5428577809589535
139,1554724800,524,1345,821,1869,14,1.7163362751500597,1.0783299485271098
139,1554739200,770,620,-150,1390,14,-0.30135205822660094,0.46687410409890173
139,1554753600,1656,729,-927,2385,14,-1.915918314697935,1.7370172464915263
139,1554768000,406,165,-241,571,15,-0.543753701373217,-0.6451435889709871
139,1554782400,41,43,2,84,15,-0.06289846558645218,-1.2907606430740532
139,1554796800,145,517,372,662,15,0.6692679428131485,-0.5245046733172314
139,1554811200,547,1469,922,2016,15,1.7576234147585008,1.2704963354210677
139,1554825600,756,709,-47,1465,15,-0.15986104399612902,0.5400343296494261
139,1554840000,1786,747,-1039,2533,15,-2.122858549759383,1.9558844606187786
139,1554854400,431,201,-230,632,15,-0.52198659193431,-0.5642757444118761
139,1554868800,58,38,-20,96,15,-0.10643268446426628,-1.2748522146361954
139,1554883200,146,449,303,595,15,0.5327288017872771,-0.6133267320952712
139,1554897600,453,1459,1006,1912,15,1.9238449777465183,1.1326232889596326
139,1554912000,797,670,-127,1467,15,-0.3181672944609075,0.5426857343890691
139,1554926400,1769,682,-1087,2451,15,-2.21784230003825,1.8471768662934165
139,1554940800,462,175,-287,637,15,-0.6347797953904646,-0.5576472325627686
139,1554955200,458,294,-164,752,15,-0.3913839353008676,-0.40519146003329715
139,1554969600,133,499,366,632,15,0.6573949740282902,-0.5642757444118761
139,1554984000,521,1455,934,1976,15,1.7813693523282177,1.217468240628208
139,1554998400,796,662,-134,1458,15,-0.33201909137657565,0.5307544130606756
139,1555012800,1752,763,-989,2515,15,-2.0239171432188963,1.932021817961992
139,1555027200,519,250,-269,769,15,-0.5991608890358895,-0.3826545197463318
139,1555041600,79,40,-39,119,15,-0.14403041894965116,-1.244361060130301
139,1555056000,129,437,308,566,15,0.5426229424413257,-0.6517721008200945
139,1555070400,520,1264,744,1784,15,1.4053920074743687,0.9629333856224818
139,1555084800,790,667,-123,1457,15,-0.3102519819376686,0.5294287106908542
139,1555099200,1539,726,-813,2265,15,-1.6756433921963836,1.600596225506619
139,1555113600,423,314,-109,737,15,-0.28254838810633237,-0.4250769955806195
139,1555128000,100,52,-48,152,15,-0.16183987212693876,-1.2006128819261919
139,1555142400,51,72,21,123,15,-0.02530073110106728,-1.239058250651015
139,1555156800,191,684,493,875,15,0.908706146641126,-0.24213006854525373
139,1555171200,443,893,450,1336,15,0.8236165370163077,0.3690187239424537
139,1555185600,588,822,234,1410,15,0.39618966076140555,0.46712069930924405
139,1555200000,312,348,36,660,15,0.004381690861078693,-0.5271560780568744
139,1555214400,87,62,-25,149,15,-0.11632682511831494,-1.2045899890356564
139,1555228800,37,93,56,130,15,0.04395825347727333,-1.2297783340622648
139,1555243200,192,496,304,688,15,0.5347076299180867,-0.4900364117018726
139,1555257600,347,709,362,1056,15,0.6494796615050512,-0.0021779396075638354
139,1555272000,439,682,243,1121,15,0.41399911393869315,0.08399271443083309
139,1555286400,203,177,-26,380,15,-0.11830565324912466,-0.8983527416068919
139,1555300800,27,18,-9,45,15,-0.08466557502535924,-1.3424630354970915
139,1555315200,128,420,292,548,15,0.51096169234837,-0.6756347434768813
139,1555329600,427,1367,940,1794,15,1.793242321113076,0.9761904093206967
139,1555344000,781,631,-150,1412,15,-0.3636803414695314,0.46977210404888703
139,1555358400,1692,699,-993,2391,15,-2.0318324557421352,1.7676347241041268
139,1555372800,385,136,-249,521,16,-0.6403761187144682,-0.5989745036785071
139,1555387200,46,33,-13,79,16,-0.09688386708659973,-1.2056416721791041
139,1555401600,137,489,352,626,16,0.7436867763209087,-0.4548567374057408
139,1555416000,503,1331,828,1834,16,1.8398830126550842,1.2031838498085607
139,1555430400,791,678,-113,1469,16,-0.3271771940475609,0.7022030432413257
139,1555444800,1845,762,-1083,2607,16,-2.5610224655688847,2.2641651196071164
139,1555459200,471,153,-318,624,16,-0.7992785143175314,-0.45760183771569823
139,1555473600,56,21,-35,77,16,-0.1475483990180112,-1.2083867724890616
139,1555488000,123,506,383,629,16,0.8150777076788067,-0.4507390869408046
139,1555491366,149,474,325,623,16,0.6815075780414492,-0.45897438787067696
139,1555502400,391,998,607,1389,16,1.33093476007136,0.5923990308430276
139,1555516800,826,689,-137,1515,16,-0.3824475925181916,0.7653403503703471
139,1555531200,1744,797,-947,2541,16,-2.2478235409019773,2.1735768093785204
139,1555545600,509,183,-326,692,16,-0.8177019804744083,-0.36426842717714486
139,1555560000,58,21,-37,79,16,-0.1521542655572304,-1.2056416721791041
139,1555574400,123,485,362,608,16,0.7667161090170049,-0.4795626401953579
139,1555588800,554,1424,870,1978,16,1.9366062099786878,1.4008310721254975
139,1555603200,830,700,-130,1530,16,-0.3663270596309243,0.785928602695028
139,1555617600,1536,833,-703,2369,16,-1.6859078231172322,1.9374981827221793
139,1555632000,489,238,-251,727,16,-0.6449819852536874,-0.31622917175288945
139,1555646400,66,36,-30,102,16,-0.13603373266996313,-1.1740730186145936
139,1555660800,63,337,274,400,16,0.564057981291359,-0.765053072430933
139,1555675200,393,1021,628,1414,16,1.3792963587331617,0.6267127847174957
139,1555689600,857,709,-148,1566,16,-0.40777985848389736,0.8353404082742621
139,1555704000,1018,637,-381,1655,16,-0.944363310302937,0.9574973720673688
139,1555718400,345,219,-126,564,16,-0.3571153265524859,-0.5399548470144219
139,1555732800,78,63,-15,141,16,-0.10148973362581895,-1.1205435625704232
139,1555747200,41,126,85,167,16,0.12880359333514227,-1.0848572585409764
139,1555761600,182,464,282,646,16,0.5824814474482359,-0.4274057343061663
139,1555776000,408,698,290,1106,16,0.6009049136051128,0.20396733698404793
139,1555790400,507,710,203,1217,16,0.40054971914907656,0.3563204041866866
139,1555804800,281,257,-24,538,16,-0.12221613305230546,-0.5756411510438687
139,1555819200,65,44,-21,109,16,-0.11530733324347663,-1.1644651675297424
139,1555833600,39,64,25,103,16,-0.009372402841434464,-1.1727004684596147
139,1555848000,168,405,237,573,16,0.47884945031580334,-0.5276018956196133
139,1555862400,300,551,251,851,16,0.511090516090338,-0.14603295253552734
139,1555876800,371,493,122,864,16,0.2140121243106979,-0.1281898005208039
139,1555891200,215,219,4,434,16,-0.05773400150323632,-0.7183863671616563
139,1555905600,31,16,-15,47,16,-0.10148973362581895,-1.2495632771384235
139,1555920000,113,479,366,592,16,0.7759278420954433,-0.5015234426750175
139,1555934400,469,1395,926,1864,16,2.0655704730768263,1.2443603544579227
139,1555948800,790,653,-137,1443,16,-0.3824475925181916,0.6665167392118788
139,1555963200,1593,662,-931,2255,16,-2.210976608588224,1.7810274650546045
139,1555977600,383,133,-250,516,17,-0.5899565860308349,-0.6585316687832943
139,1555992000,39,22,-17,61,17,-0.08979933480517863,-1.2563436582587946
139,1556006400,119,461,342,580,17,0.6808292196583863,-0.5744438285054217
139,1556020800,513,1422,909,1935,17,1.8979500842289745,1.2058534148776614
139,1556035200,803,686,-117,1489,17,-0.30445909927970927,0.6198662779412369
139,1556049600,1681,836,-845,2517,17,-1.867182184654292,1.970527212404565
139,1556064000,503,208,-295,711,17,-0.6865534800443737,-0.40232653043665134
139,1556078400,66,33,-33,99,17,-0.12414489712110352,-1.2064165030938077
139,1556092800,104,471,367,575,17,0.7344941607770189,-0.5810131910271306
139,1556107200,492,1421,929,1913,17,1.9408820371238806,1.1769482197821428
139,1556121600,794,708,-86,1502,17,-0.23791457229260474,0.6369466204976798
139,1556136000,1615,732,-883,2347,17,-1.9487528951546136,1.7471688866664659
139,1556150400,481,156,-325,637,17,-0.7509514093867328,-0.4995530957579415
139,1556164800,58,27,-31,85,17,-0.11985170183161291,-1.2248107181545924
139,1556179200,114,497,383,611,17,0.7688397230929438,-0.5337137808708272
139,1556193600,468,1416,948,1884,17,1.9816673923740415,1.1388459171562317
139,1556208000,788,706,-82,1494,17,-0.2293281817136235,0.6264356404629458
139,1556222400,1673,835,-838,2508,17,-1.852156001141075,1.9587023598654891
139,1556236800,495,229,-266,724,17,-0.6243021483467598,-0.3852461878802085
139,1556251200,68,38,-30,106,17,-0.1177051041868676,-1.1972193955634154
139,1556265600,115,484,369,599,17,0.7387873560665095,-0.5494802509229283
139,1556280000,478,1285,807,1763,17,1.6789971244649533,0.9798673441308788
139,1556294400,802,710,-92,1512,17,-0.2507941581610766,0.6500853455410974
139,1556308800,1399,764,-635,2163,17,-1.4163966792577778,1.5054163458675822
139,1556323200,463,200,-263,663,17,-0.6178623554125239,-0.46539241064505577
139,1556337600,84,54,-30,138,17,-0.1177051041868676,-1.1551754754244792
139,1556352000,50,128,78,178,17,0.11412744144562544,-1.1026205752508087
139,1556366400,203,552,349,755,17,0.6958554031716033,-0.344516140245614
139,1556380800,486,780,294,1266,17,0.5777925327106116,0.32687270947302477
139,1556395200,585,618,33,1203,17,0.01753054743208667,0.24409874169949397
139,1556409600,360,302,-58,662,17,-0.17780983823973617,-0.46670628314939755
139,1556424000,98,49,-49,147,17,-0.1584904594370284,-1.1433506228854033
139,1556438400,39,69,30,108,17,0.01109075449785075,-1.1945916505547318
139,1556452800,156,343,187,499,17,0.34810658472286377,-0.6808675013571043
139,1556467200,404,602,198,1006,17,0.3717191588150621,-0.014734141655832516
139,1556481600,455,470,15,925,17,-0.02110821017332884,-0.12115781450751498
139,1556496000,250,132,-118,382,17,-0.30660569692445455,-0.83459058436509
139,1556510400,36,13,-23,49,17,-0.10267892067365046,-1.2721101283108958
139,1556524800,124,508,384,632,17,0.770986320737689,-0.5061224582796503
139,1556539200,485,1408,923,1893,17,1.9280024512554088,1.1506707696953076
139,1556553600,812,678,-134,1490,17,-0.34095125924037945,0.6211801504455787
139,1556568000,1699,697,-1002,2396,17,-2.204198014879305,1.811548639379212
139,1556582400,413,132,-281,545,18,-0.5942258299586198,-0.6374271529766982
139,1556596800,49,25,-24,74,18,-0.05694373843798468,-1.243482326493234
139,1556611200,115,499,384,614,18,0.7960177142484711,-0.5486420001685433
139,1556625600,538,1432,894,1970,18,1.862219530106541,1.1961792637134583
139,1556640000,771,691,-80,1462,18,-0.17401687900279234,0.5425146604302306
139,1556654400,1784,715,-1069,2499,18,-2.2416121650491276,1.8768654352426462
139,1556668800,539,175,-364,714,18,-0.7677449490100312,-0.4199678656639709
139,1556683200,77,32,-45,109,18,-0.10084616614978756,-1.1984463794166338
139,1556697600,142,517,375,659,18,0.77720238808627,-0.4907386396414857
139,1556712000,531,1424,893,1955,18,1.8601289383107409,1.1768781435377724
139,1556726400,863,683,-180,1546,18,-0.383076058582806,0.6506009334140713
139,1556740800,1702,770,-932,2472,18,-1.9552010890245088,1.8421234189264115
139,1556755200,547,213,-334,760,18,-0.7050271951360271,-0.3607777637918676
139,1556769600,57,21,-36,78,18,-0.08203083998758633,-1.2383353611130512
139,1556784000,133,493,360,626,18,0.7458435111492678,-0.5332011040279946
139,1556798400,526,1384,858,1910,18,1.786958225457736,1.1189747830107148
139,1556812800,810,740,-70,1550,18,-0.153110961044791,0.6557478987942542
139,1556827200,1739,882,-857,2621,18,-1.7984067043394985,2.033847879338224
139,1556841600,606,213,-393,819,18,-0.8283721110882352,-0.28486002443416986
139,1556856000,81,32,-49,113,18,-0.1092085333329881,-1.1932994140364508
139,1556870400,130,465,335,595,18,0.6935787162542645,-0.573090085724412
139,1556884800,534,1306,772,1840,18,1.6071673310189243,1.028902888857514
139,1556899200,855,773,-82,1628,18,-0.1781980625943926,0.7561137237078206
139,1556913600,1544,798,-746,2342,18,-1.5663510150056834,1.6748470440704675
139,1556928000,528,252,-276,780,18,-0.5837728709796192,-0.3350429368909531
139,1556942400,95,39,-56,134,18,-0.12384267590358906,-1.1662778457904908
139,1556956800,46,87,41,133,18,0.07894472828902421,-1.1675645871355365
139,1556971200,188,566,378,754,18,0.7834741634736704,-0.36849821186214193
139,1556985600,468,773,305,1241,18,0.6308609623802603,0.25814482317512555
139,1557000000,585,681,96,1266,18,0.19392727705803173,0.29031335680126863
139,1557014400,336,275,-61,611,18,-0.13429563488258975,-0.5525022242036804
139,1557028800,117,64,-53,181,18,-0.11757090051618865,-1.1058010025733416
139,1557043200,40,85,45,125,18,0.08730709547222476,-1.1778585178959022
139,1557057600,176,353,177,529,18,0.36326521251784283,-0.6580150144974297
139,1557072000,349,544,195,893,18,0.40089586484224526,-0.1896411649007863
139,1557086400,389,423,34,812,18,0.06431058571842325,-0.29386721384948994
139,1557100800,234,137,-97,371,18,-0.20955693953139468,-0.8613201470146541
139,1557115200,28,24,-4,52,18,-0.015131902521981943,-1.27179063608424
139,1557129600,144,512,368,656,18,0.7625682455156689,-0.49459886367662287
139,1557144000,502,1377,875,1879,18,1.8224982859863386,1.0790858013142972
139,1557158400,809,633,-176,1442,18,-0.3747136913996055,0.516779833529316
139,1557172800,1660,676,-984,2336,18,-2.063911862406116,1.667126596000193
139,1557187200,390,134,-256,524,19,-0.5854268153327352,-0.5870782299436886
139,1557201600,45,23,-22,68,19,-0.0776090976725303,-1.1930128203662755
139,1557216000,133,505,372,638,19,0.7774344098408063,-0.4355945823380419
139,1557230400,453,1418,965,1871,19,2.064339993483975,1.2028206588704005
139,1557244800,759,656,-103,1415,19,-0.2533921537856782,0.5968860684478134
139,1557259200,1643,784,-859,2427,19,-1.894034010841725,1.9416356419295195
139,1557273600,493,207,-286,700,19,-0.6505316509301975,-0.3532087389033919
139,1557288000,53,19,-34,72,19,-0.10365103191151517,-1.1876976046608143
139,1557302400,132,422,290,554,19,0.5994811925410763,-0.547214112152729
139,1557316800,517,1373,856,1890,19,1.8277924241465293,1.2280679334713416
139,1557331200,632,627,-5,1259,19,-0.04071635750063508,0.38959265593482323
139,1557345600,1687,758,-929,2445,19,-2.04594529390247,1.9655541126040954
139,1557360000,490,179,-311,669,19,-0.7047856805947492,-0.3944016606207169
139,1557374400,62,30,-32,92,19,-0.09931070953835103,-1.1611215261335077
139,1557388800,143,490,347,633,19,0.7231803801762544,-0.4422386019698685
139,1557403200,510,1393,883,1903,19,1.8863867761842452,1.2453423845140907
139,1557417600,759,701,-58,1460,19,-0.15573490038948493,0.656682245134253
139,1557432000,1667,802,-865,2469,19,-1.9070549779612176,1.9974454068368632
139,1557446400,488,220,-268,708,19,-0.6114687495717201,-0.3425783074924693
139,1557460800,54,23,-31,77,19,-0.09714054835176895,-1.1810535850289876
139,1557475200,132,429,297,561,19,0.6146723208471508,-0.5379124846681717
139,1557489600,443,1307,864,1750,19,1.8451537136391858,1.0420353837801966
139,1557504000,847,656,-191,1503,19,-0.44436633820490057,0.7138208139679618
139,1557518400,1330,689,-641,2019,19,-1.4209388721668332,1.3994836399724682
139,1557532800,427,241,-186,668,19,-0.4335155322719902,-0.3957304645470822
139,1557547200,101,43,-58,144,19,-0.15573490038948493,-1.092023721962511
139,1557561600,47,139,92,186,19,0.16978927759782597,-1.0362139570551676
139,1557576000,174,466,292,640,19,0.6038215149142405,-0.4329369744853112
139,1557590400,421,642,221,1063,19,0.4497400706669133,0.12914708636722008
139,1557604800,559,647,88,1206,19,0.16110863285149768,0.31916604783746116
139,1557619200,296,205,-91,501,19,-0.2273502195466933,-0.617640720250091
139,1557633600,84,36,-48,120,19,-0.1340332885236642,-1.123915016195279
139,1557648000,39,58,19,97,19,0.011367510977334664,-1.1544775065016812
139,1557662400,143,296,153,439,19,0.3021691099793324,-0.700026563684741
139,1557676800,267,387,120,654,19,0.230553790822124,-0.41433371951619674
139,1557691200,299,314,15,613,19,0.0026868662310063737,-0.46881468049717495
139,1557705600,215,134,-81,349,19,-0.2056486076808726,-0.81961891705762
139,1557720000,26,15,-11,41,19,-0.053737324620127515,-1.2288905263781393
139,1557734400,116,416,300,532,19,0.6211828044068971,-0.5764477985327661
139,1557748800,491,1396,905,1887,19,1.934130322289051,1.2240815216922456
139,1557763200,778,645,-133,1423,19,-0.31849698938314036,0.6075164998587361
139,1557777600,1648,646,-1002,2294,19,-2.2043670605229613,1.7649047197229317
139,1557792000,379,138,-241,517,20,-0.5475825143423547,-0.6748558757546216
139,1557806400,52,35,-17,87,20,-0.05996715277748267,-1.2293805181918782
139,1557820800,138,468,330,606,20,0.695401286789529,-0.5600821706920266
139,1557835200,498,1359,861,1857,20,1.8513109162133998,1.053197661142876
139,1557849600,777,712,-65,1489,20,-0.16445615882709813,0.5786277345919214
139,1557864000,1706,751,-955,2457,20,-2.1018564793303844,1.8269529761716061
139,1557878400,465,172,-293,637,20,-0.6607789375627714,-0.5201048127488755
139,1557892800,59,22,-37,81,20,-0.10350423863148911,-1.2371180713421654
139,1557907200,128,535,407,663,20,0.8630190673274538,-0.4865754157642972
139,1557921600,513,1343,830,1856,20,1.7838284331396899,1.0519080689511615
139,1557936000,786,724,-62,1510,20,-0.15792559594899716,0.605709170617927
139,1557950400,1725,784,-941,2509,20,-2.07138051923258,1.8940117701407628
139,1557964800,520,184,-336,704,20,-0.7543836721488852,-0.43370213590400064
139,1557979200,57,31,-26,88,20,-0.07955884141178557,-1.2280909260001638
139,1557993600,134,473,339,607,20,0.7149929754238319,-0.558792578500312
139,1558008000,516,1360,844,1876,20,1.8143043932374943,1.0776999127854525
139,1558022400,813,774,-39,1587,20,-0.10785794721688975,0.7050077693799474
139,1558036800,1741,968,-773,2709,20,-1.705668998058926,2.151930208483673
139,1558051200,630,199,-431,829,20,-0.9611848299554159,-0.27250311193968185
139,1558065600,78,24,-54,102,20,-0.1405107616073946,-1.21003663531616
139,1558080000,135,420,285,555,20,0.5974428436180145,-0.6258513724694686
139,1558094400,500,1275,775,1775,20,1.6641014470411721,0.9474511014222828
139,1558108800,806,704,-102,1510,20,-0.24499976765701004,0.605709170617927
139,1558123200,1524,839,-685,2363,20,-1.5141058203012976,1.7057313101504386
139,1558137600,500,255,-245,755,20,-0.556289931513156,-0.3679329341265586
139,1558152000,102,41,-61,143,20,-0.15574874165629685,-1.1571633554558634
139,1558166400,57,141,84,198,20,0.1598951307852498,-1.0862357849115631
139,1558180800,182,571,389,753,20,0.8238356900588479,-0.37051211850998766
139,1558195200,469,822,353,1291,20,0.7454689355216364,0.3232884806324404
139,1558209600,610,676,66,1286,20,0.12071175351664402,0.31684051967386767
139,1558224000,355,255,-100,610,20,-0.24064605907160938,-0.5549238019251683
139,1558238400,110,56,-54,166,20,-0.1405107616073946,-1.1275027350464288
139,1558252800,37,83,46,120,20,0.07717466766263759,-1.186823975865298
139,1558267200,188,427,239,615,20,0.49730754615379974,-0.5484758409665956
139,1558281600,420,599,179,1019,20,0.36669628859178044,-0.02748059551391726
139,1558296000,505,460,-45,965,20,-0.12091907297309169,-0.09711857386650298
139,1558310400,266,132,-134,398,20,-0.3146591050234203,-0.8283173465686531
139,1558324800,31,23,-8,54,20,-0.04037546414317977,-1.2719370605184583
139,1558339200,140,484,344,624,20,0.7258772468873335,-0.5368695112411647
139,1558353600,482,1339,857,1821,20,1.8426034990425986,1.006772342241152
139,1558368000,777,689,-88,1466,20,-0.21452380755920553,0.5489671141824868
139,1558382400,1714,721,-993,2435,20,-2.184576942452997,1.798581947953886
139,1558396800,1527,788,-739,2315,21,-1.8193271286525516,1.8830672319574686
139,1558411200,48,28,-20,76,21,-0.06601483788983409,-1.138825229668437
139,1558425600,136,449,313,585,21,0.7460199226442201,-0.45184744361770623
139,1558440000,489,1375,886,1864,21,2.1433049610406556,1.2743698223133044
139,1558454400,795,676,-119,1471,21,-0.3074305775080664,0.7439527890757069
139,1558468800,1725,820,-905,2545,21,-2.2241252375073652,2.1934894142593704
139,1558483200,570,190,-380,760,21,-0.943890254683406,-0.2156566527358244
139,1558497600,71,38,-33,109,21,-0.09771589460737974,-1.0942863948164248
139,1558512000,139,536,397,675,21,0.9508575198960536,-0.3303778940213099
139,1558526400,499,1398,899,1897,21,2.1750060177582013,1.3189086571653164
139,1558540800,764,689,-75,1453,21,-0.20013469323329647,0.7196588791564277
139,1558555200,1725,789,-936,2514,21,-2.2997200650645895,2.1516499027317226
139,1558569600,457,218,-239,675,21,-0.6000557164392571,-0.3303778940213099
139,1558584000,69,63,-6,132,21,-0.031875238347861844,-1.0632441765862346
139,1558598400,134,432,298,566,21,0.7094417802778212,-0.4774910151991677
139,1558612800,527,1339,812,1866,21,1.962852792033088,1.2770691456376688
139,1558627200,812,727,-85,1539,21,-0.22452012147756237,0.8357297821040953
139,1558641600,1629,755,-874,2384,21,-2.148530409950141,1.976193886648039
139,1558656000,504,210,-294,714,21,-0.7341755717827194,-0.27774108919620477
139,1558670400,59,21,-38,80,21,-0.10990860872951269,-1.1334265830197081
139,1558684800,113,334,221,447,21,0.5216739827969739,-0.6381007529988474
139,1558699200,416,1152,736,1568,21,1.7775235373766671,0.8748699703073786
139,1558713600,1022,697,-325,1719,21,-0.8097703993399437,1.078668881296888
139,1558728000,1002,679,-323,1681,21,-0.8048933136910905,1.0273817381339652
139,1558742400,393,222,-171,615,21,-0.4342348043782491,-0.4113575937522408
139,1558756800,75,43,-32,118,21,-0.09527735178295316,-1.0821394398567852
139,1558771200,47,98,51,145,21,0.10712170264445374,-1.0456985749778662
139,1558785600,206,423,217,629,21,0.5119198114992675,-0.39246233048169027
139,1558800000,369,620,251,989,21,0.5948302675297715,0.09341586790389524
139,1558814400,511,562,51,1073,21,0.10712170264445374,0.20678744752719852
139,1558828800,264,199,-65,463,21,-0.1757492649890306,-0.6165061664039324
139,1558843200,77,34,-43,111,21,-0.12210132285164563,-1.0915870714920606
139,1558857600,33,60,27,93,21,0.0485966748582156,-1.1158809814113397
139,1558872000,168,361,193,529,21,0.4533947837130293,-0.5274284966999084
139,1558886400,314,545,231,859,21,0.5460594110412397,-0.08204014817978841
139,1558900800,365,426,61,791,21,0.13150713088871963,-0.1738171412081768
139,1558915200,218,156,-62,374,21,-0.16843363651575083,-0.7366260543381467
139,1558929600,46,24,-22,70,21,-0.07089192353868726,-1.14692319964153
139,1558944000,44,76,32,120,21,0.060789388980348545,-1.0794401165324208
139,1558958400,136,327,191,463,21,0.4485176980641762,-0.6165061664039324
139,1558972800,307,543,236,850,21,0.5582521251633726,-0.09418710313942805
139,1558987200,362,342,-20,704,21,-0.06601483788983409,-0.2912377058180266
139,1559001600,235,109,-126,344,22,-0.28495633020348216,-0.8565975389895513
139,1559016000,30,25,-5,55,22,-0.02750778440897615,-1.247256225003272
139,1559030400,136,468,332,604,22,0.689518330737706,-0.5051398975931244
139,1559044800,440,1367,927,1807,22,1.9554843203883763,1.1210275739449582
139,1559059200,689,552,-137,1241,22,-0.3083607434575282,0.3559313238281213
139,1559073600,1607,739,-868,2346,22,-1.8636903878854947,1.8496262997629354
139,1559088000,423,212,-211,635,22,-0.4658086144392922,-0.4632353326573966
139,1559102400,59,29,-30,88,22,-0.08069963271362617,-1.20264813974911
139,1559116800,142,477,335,619,22,0.695901352534264,-0.484863495204869
139,1559131200,478,1401,923,1879,22,1.9469736246596323,1.2183543054085841
139,1559145600,768,678,-90,1446,22,-0.2083600686447862,0.6330421564676117
139,1559160000,1764,727,-1037,2491,22,-2.223267282424928,2.045631522849404
139,1559174400,449,184,-265,633,22,-0.5807030067773363,-0.46593885297583065
139,1559188800,47,33,-14,80,22,-0.04665684979865016,-1.213462221022846
139,1559203200,142,455,313,597,22,0.649092526026172,-0.5146022187076436
139,1559217600,462,1390,928,1852,22,1.9576119943205623,1.1818567811097245
139,1559232000,797,723,-74,1520,22,-0.17431728572981017,0.7330724082496717
139,1559246400,1666,704,-962,2370,22,-2.0636917375109785,1.882068543584144
139,1559260800,532,197,-335,729,22,-0.7296401820303563,-0.3361698776909961
139,1559275200,73,39,-34,112,22,-0.08921032844237017,-1.1702058959279014
139,1559289600,118,413,295,531,22,0.610794395246824,-0.6038183892159673
139,1559304000,488,1125,637,1613,22,1.3384588800544361,0.8587861030568551
139,1559318400,894,726,-168,1620,22,-0.3743186353552942,0.8682484241713743
139,1559332800,1383,753,-630,2136,22,-1.3573039920252266,1.5657566663273599
139,1559347200,452,272,-180,724,22,-0.3998507225415262,-0.34292867848708125
139,1559361600,144,70,-74,214,22,-0.17431728572981017,-1.0323263596877648
139,1559376000,51,130,79,181,22,0.15121682589464788,-1.0769344449419265
139,1559390400,195,503,308,698,22,0.6384541563652419,-0.37807444262672396
139,1559404800,431,688,257,1119,22,0.529942785823756,0.19101658440364414
139,1559419200,544,573,29,1117,22,0.04483312928534786,0.18831306408521006
139,1559433600,313,242,-71,555,22,-0.1679342639332522,-0.5713761453947587
139,1559448000,126,55,-71,181,22,-0.1679342639332522,-1.0769344449419265
139,1559462400,31,70,39,101,22,0.06610986860720787,-1.1850752576792887
139,1559476800,150,352,202,502,22,0.412920719553526,-0.6430194338332611
139,1559491200,346,613,267,959,22,0.5512195251456159,-0.025265041071080074
139,1559505600,453,398,-55,851,22,-0.13389148101827616,-0.17125513826651892
139,1559520000,251,133,-118,384,22,-0.2679349387459942,-0.8025271326208702
139,1559534400,44,33,-11,77,22,-0.04027382800209216,-1.2175175015004973
139,1559548800,136,360,224,496,22,0.459729546061618,-0.6511299947885633
139,1559563200,477,1437,960,1914,22,2.025697560150514,1.26566591098118
139,1559577600,725,622,-103,1347,22,-0.2360198297632042,0.4992179007051261
139,1559592000,1674,621,-1053,2295,22,-2.2573100653399045,1.780686531642867
139,1559606400,435,198,-237,633,23,-0.6059456030254402,-0.4560102443056681
139,1559620800,76,30,-46,106,23,-0.17457187597539364,-1.1563192412564485
139,1559635200,129,462,333,591,23,0.6814000745584683,-0.5118223465294495
139,1559649600,506,1419,913,1925,23,1.9913307640298137,1.260876328863987
139,1559664000,783,689,-94,1472,23,-0.28297993303509117,0.6589029405932023
139,1559678400,1539,795,-744,2334,23,-1.7510057057184953,1.8043798957574768
139,1559692800,545,206,-339,751,23,-0.8363127242772975,-0.29920481424837764
139,1559707200,78,38,-40,116,23,-0.16102086884293146,-1.1430306454888814
139,1559721600,135,517,382,652,23,0.7920666328069095,-0.43076191234729083
139,1559724943,107,305,198,412,23,0.3765024140780689,-0.7496882107688986
139,1559736000,502,1445,943,1947,23,2.0590857996921246,1.2901112395526344
139,1559750400,779,715,-64,1494,23,-0.21522489737278022,0.6881378512818498
139,1559764800,1650,810,-840,2460,23,-1.9678218198378905,1.9718162024288208
139,1559779200,513,202,-311,715,23,-0.773074690992474,-0.34704375901161877
139,1559793600,97,38,-59,135,23,-0.20393239142906172,-1.1177823135305043
139,1559808000,124,485,361,609,23,0.7446381078432918,-0.4879028741478289
139,1559822400,510,1376,866,1886,23,1.88518120815886,1.2090508053704758
139,1559836800,818,744,-74,1562,23,-0.23780990926021722,0.7785003025013053
139,1559851200,1656,866,-790,2522,23,-1.8548967604007056,2.0542054961877363
139,1559865600,576,232,-344,808,23,-0.847605230221016,-0.22345981837324577
139,1559880000,112,48,-64,160,23,-0.21522489737278022,-1.0845608241115867
139,1559894400,127,481,354,608,23,0.7288285995220859,-0.48923173372458556
139,1559908800,484,1323,839,1807,23,1.8242016760627802,1.1040708988066965
139,1559923200,923,737,-186,1660,23,-0.49076204239951154,0.9087285410234618
139,1559937600,1368,770,-598,2138,23,-1.4212645321619153,1.5439234187131639
139,1559952000,417,274,-143,691,23,-0.39364649128353246,-0.37893638885377956
139,1559966400,118,55,-63,173,23,-0.21296639618403654,-1.0672856496137497
139,1559980800,50,97,47,147,23,0.03546873457777036,-1.1018359986094237
139,1559995200,165,478,313,643,23,0.6362300507835943,-0.4427216485381011
139,1560009600,406,683,277,1089,23,0.5549240079888211,0.14994972269538664
139,1560024000,454,577,123,1031,23,0.2071148249222915,0.07287586724349811
139,1560038400,280,280,0,560,23,-0.0706808212931835,-0.5530169934089071
139,1560052800,85,52,-33,137,23,-0.14521136052172556,-1.1151245943769907
139,1560067200,34,65,31,99,23,-0.0006672844421288231,-1.1656212582937453
139,1560081600,146,316,170,462,23,0.3132643807932453,-0.6832452319310637
139,1560096000,349,596,247,945,23,0.48716897232651013,-0.04140605635757801
139,1560110400,399,433,34,832,23,0.006108219124102274,-0.191567188531085
139,1560124800,267,144,-123,411,23,-0.3484764675086585,-0.7510170703456552
139,1560139200,29,25,-4,54,23,-0.07971482604815829,-1.225419939247797
139,1560153600,134,473,339,607,23,0.6949510816909305,-0.4905605933013423
139,1560154116,20,36,16,56,23,-0.03454480227328431,-1.2227622200942834
139,1560168000,481,1378,897,1859,23,1.9551947450099145,1.173171596798045
139,1560182400,692,578,-114,1270,23,-0.3281499568099652,0.3904733060883492
139,1560196800,1689,693,-996,2382,23,-2.3201480052819075,1.8681651554417984
139,1560211200,397,150,-247,547,24,-0.40091310273529,-0.8203025448817134
139,1560225600,45,29,-16,74,24,0.030839469441176156,-1.3979029970276762
139,1560240000,131,474,343,605,24,0.7018315621310088,-0.7494762737940478
139,1560254400,537,1409,872,1946,24,1.6905636430026565,0.8880759594569797
139,1560268800,753,691,-62,1444,24,-0.055137233243314945,0.2750623717671842
139,1560283200,1624,735,-889,2359,24,-1.600848822810144,1.3924078553053574
139,1560297600,479,168,-311,647,24,-0.5205328629919733,-0.6981882843857382
139,1560312000,65,36,-29,101,24,0.006541705639037366,-1.364932146693763
139,1560326400,150,494,344,644,24,0.7037006208850195,-0.7018517122006175
139,1560340800,562,1425,863,1987,24,1.6737421142165603,0.9381428062603295
139,1560355200,823,702,-121,1525,24,-0.16541169972994482,0.3739749227689241
139,1560369600,1783,824,-959,2607,24,-1.7316829355908914,1.6952512213353759
139,1560384000,581,225,-356,806,24,-0.6046405069224536,-0.5040266101971377
139,1560398400,71,41,-30,112,24,0.00467264688502669,-1.3514995780392056
139,1560412800,163,458,295,621,24,0.6121167419384964,-0.7299379921146918
139,1560427200,563,1468,905,2031,24,1.7522425818850087,0.9918730808785586
139,1560441600,862,698,-164,1560,24,-0.2457812261524039,0.41671491394251536
139,1560456000,1746,810,-936,2556,24,-1.6886945842486458,1.6329729484824285
139,1560470400,523,260,-263,783,24,-0.43081804279946084,-0.532112890111212
139,1560484800,85,28,-57,113,24,-0.045791939473261566,-1.3502784354342459
139,1560499200,142,413,271,555,24,0.5672593318422402,-0.8105334040420354
139,1560513600,546,1326,780,1872,24,1.5186102376336743,0.797711406689958
139,1560528000,995,666,-329,1661,24,-0.5541759205641654,0.5400503170434503
139,1560542400,1389,705,-684,2094,24,-1.2176917782379555,1.068805064991023
139,1561161600,7945,9088,1143,17033,25,2.2166358974766416,4.062541052998779
139,1561176000,129,51,-78,180,25,-0.5382399086046539,-0.42118537516191346
139,1561190400,65,134,69,199,25,-0.20657181401501384,-0.41613044119555415
139,1561204800,243,702,459,945,25,0.6733639471411739,-0.21765777072692089
139,1561219200,456,850,394,1306,25,0.526707986948476,-0.12161402536609432
139,1561233600,630,806,176,1436,25,0.03484645891758125,-0.08702763506995179
139,1561248000,342,321,-21,663,25,-0.40963391274336486,-0.2926836327539377
139,1561262400,103,51,-52,154,25,-0.4795775245275747,-0.42810265322114194
139,1561276800,46,96,50,142,25,-0.24944047930211016,-0.431295243094632
139,1561291200,167,467,300,634,25,0.31462090605442045,-0.3003990582815388
139,1561305600,392,783,391,1175,25,0.5199392503241976,-0.15646646481836102
139,1561320000,488,570,82,1058,25,-0.17724062197647425,-0.1875942160848893
139,1561334400,270,193,-77,463,25,-0.5359836630632278,-0.3458934639787724
139,1561348800,47,37,-10,84,25,-0.3848152117876775,-0.44672609414983405
139,1561363200,132,419,287,551,25,0.2852897140158808,-0.32248113823984514
139,1561377600,428,1346,918,1774,25,1.708980650655764,0.0028969797000187826
139,1561392000,763,666,-97,1429,25,-0.5811085738917502,-0.088889979162821
139,1561406400,1777,733,-1044,2510,25,-2.7177731016222886,0.1987091586074103
139,1561420800,504,177,-327,681,26,-0.628974091438118,-0.48194660958406177
139,1561435200,66,28,-38,94,26,-0.025695741230620867,-1.2260077100089761
139,1561449600,133,466,333,599,26,0.7487550128419793,-0.5858870018069628
139,1561464000,576,1450,874,2026,26,1.8780753846836955,1.2229293360232802
139,1561478400,842,679,-163,1521,26,-0.286629283707912,0.5828086278212671
139,1561492800,1815,743,-1072,2558,26,-2.1841380046027736,1.8972743197133217
139,1561507200,518,185,-333,703,26,-0.641498901477028,-0.45406016289011264
139,1561521600,71,34,-37,105,26,-0.023608272890802535,-1.2120644866620014
139,1561536000,157,502,345,659,26,0.7738046329197993,-0.5098330562780108
139,1561550400,592,1477,885,2069,26,1.9010375364216971,1.2774346636523626
139,1561564800,904,692,-212,1596,26,-0.38891523235901015,0.6778760597324571
139,1561579200,1743,812,-931,2555,26,-1.889804968688389,1.8934716224368742
139,1561593600,605,208,-397,813,26,-0.775096875225401,-0.3146279294203672
139,1561608000,75,37,-38,112,26,-0.025695741230620867,-1.2031915263502904
139,1561622400,138,452,314,590,26,0.7090931143854311,-0.5972950936363057
139,1561636800,560,1409,849,1969,26,1.8258886761882371,1.1506780877707758
139,1561651200,864,694,-170,1558,26,-0.3012415620866403,0.6297085608974542
139,1561665600,1925,857,-1068,2782,26,-2.1757881312435003,2.1812090496880763
139,1561680000,602,251,-351,853,26,-0.6790733315937579,-0.26392529906773254
139,1561694400,103,45,-58,148,26,-0.06744510802698746,-1.1575591590329193
139,1561708800,113,418,305,531,26,0.6903058993270661,-0.6720814734064419
139,1561723200,529,1296,767,1825,26,1.6547162723231341,0.9681486185012909
139,1561737600,964,792,-172,1756,26,-0.30541649876627697,0.8806865811429959
139,1561752000,1495,781,-714,2276,26,-1.4368243389478117,1.539820775727247
139,1561766400,514,288,-226,802,26,-0.41813978911646676,-0.3285711527673418
139,1561780800,117,64,-53,181,26,-0.05700776632789581,-1.1157294889919955
139,1561795200,54,103,49,157,26,0.1559140043335738,-1.1461510672035764
139,1561809600,203,449,246,652,26,0.5671452672777847,-0.5187060165897219
139,1561824000,438,650,212,1088,26,0.4961713437239615,0.03395265425399637
139,1561838400,564,525,-39,1089,26,-0.027783209570439196,0.03522022001281224
139,1561852800,332,252,-80,584,26,-0.1133694115029907,-0.604900488189201
139,1561867200,103,74,-29,177,26,-0.006908526172255901,-1.120799752027259
139,1561881600,40,62,22,102,26,0.0995523591584789,-1.2158671839384492
139,1561896000,187,362,175,549,26,0.4189350151506833,-0.6492652897477563
139,1561910400,433,624,191,1057,26,0.4523345085877766,-0.005341884269295524
139,1561924800,459,511,52,970,26,0.16217640935302877,-0.115620105286276
139,1561939200,320,243,-77,563,26,-0.10710700648353572,-0.6315193691243342
139,1561953600,51,49,-2,100,26,0.04945311900283899,-1.2184023154560808
139,1561968000,115,429,314,544,26,0.7090931143854311,-0.6556031185418356
139,1561982400,525,1308,783,1833,26,1.6881157657602275,0.9782891445718177
139,1561996800,783,625,-158,1408,26,-0.27619194200882036,0.439573697075074
139,1562011200,1693,643,-1050,2336,26,-2.1382137011267703,1.6158747212561992
139,1562025600,425,191,-234,616,27,-0.748982033702172,-0.2744989942654146
139,1562040000,59,23,-36,82,27,-0.21082686029076395,-1.1325046307241322
139,1562054400,113,460,347,573,27,0.8301500660555455,-0.34358933577800793
139,1562068800,535,1393,858,1928,27,2.2190252863243813,1.833559797932783
139,1562083200,845,705,-140,1550,27,-0.4934942241028166,1.2262074934732412
139,1562097600,1663,653,-1010,2316,27,-2.858115440607488,2.456979623674323
139,1562112000,433,197,-236,630,27,-0.7544179445447114,-0.25200446447061675
139,1562126400,61,30,-31,91,27,-0.19723708318441524,-1.1180438615703334
139,1562139206,72,304,232,376,27,0.5175851926095257,-0.6601195050333775
139,1562140800,80,308,228,388,27,0.5067133709244468,-0.6408384794949794
139,1562155200,485,1145,660,1630,27,1.680870112912973,1.3547476637292288
139,1562169600,1093,650,-443,1743,27,-1.3170347167475471,1.5363106542158114
139,1562184000,1162,558,-604,1720,27,-1.754625539571975,1.499355355267215
139,1562198400,404,254,-150,658,27,-0.520673778315514,-0.20701540488102105
139,1562212800,65,46,-19,111,27,-0.16462161812917842,-1.0859088190063366
139,1562227200,50,66,16,116,27,-0.0694931783847376,-1.0778750583653374
139,1562241600,141,256,115,397,27,0.1995844083209664,-0.6263777103411807
139,1562256000,279,492,213,771,27,0.4659440396054007,-0.025452414394438513
139,1562270400,316,491,175,807,27,0.36266173359715065,0.03239066222075593
139,1562284800,358,428,70,786,27,0.0772764143638282,-0.001351132471440829
139,1562299200,63,52,-11,115,27,-0.14287797475902053,-1.0794818104935373
139,1562313600,53,274,221,327,27,0.4876876829755586,-0.73885035931517
139,1562328000,234,649,415,883,27,1.0149710347018877,0.1545038239639442
139,1562342400,588,552,-36,1140,27,-0.21082686029076395,0.5674391209113046
139,1562356800,711,499,-212,1210,27,-0.6891870144342377,0.6799117698852937
139,1562371200,317,240,-77,557,27,-0.3222630325628232,-0.36929736982920547
139,1562385600,76,45,-31,121,27,-0.19723708318441524,-1.0698412977243381
139,1562400000,51,109,58,160,27,0.04466094930859136,-1.0071779647245442
139,1562414400,213,596,383,809,27,0.927996461221256,0.03560416647715562
139,1562428800,352,705,353,1057,27,0.846457798583164,0.4340786942707173
139,1562443200,439,592,153,1031,27,0.3028667143292164,0.39230313893752133
139,1562457600,260,231,-29,491,27,-0.19180117234187577,-0.4753430102903953
139,1562472000,69,53,-16,122,27,-0.1564677518653692,-1.0682345455961384
139,1562486400,37,69,32,106,27,-0.02600589164442181,-1.0939425796473359
139,1562500800,165,424,259,589,27,0.5909699889838086,-0.3178813017268104
139,1562515200,325,645,320,970,27,0.7567652696812626,0.29429125911733073
139,1562529600,377,457,80,834,27,0.10445596857652559,0.07577296968215176
139,1562544000,244,162,-82,406,27,-0.33585280966917186,-0.6119169411873822
139,1562558400,31,33,2,64,27,-0.10754455428251393,-1.1614261690317293
139,1562571383,65,209,144,274,27,0.2784051155377888,-0.8240082221097618
139,1562572800,114,470,356,584,27,0.8546116648469732,-0.32591506236780965
139,1562587200,508,1323,815,1831,27,2.1021532032097823,1.677704841497398
139,1562601600,741,558,-183,1299,27,-0.6103663072174154,0.82291270929508
139,1562616000,1724,628,-1096,2352,27,-3.0918596068366853,2.5148227002895176
139,1562630400,404,157,-247,561,28,-0.4509426085180872,-0.5724479910506745
139,1562644800,51,29,-22,80,28,0.011449714669404561,-1.1777339910091025
139,1562659200,134,543,409,677,28,0.8971878981974443,-0.4264746521833613
139,1562673600,549,1414,865,1963,28,1.8343030065240944,1.191815983880128
139,1562688000,803,648,-155,1451,28,-0.2618755252592017,0.5475198675002629
139,1562702400,1829,738,-1091,2567,28,-2.185427589719167,1.951884058672
139,1562716800,515,176,-339,691,28,-0.6400096917769728,-0.4088571802510993
139,1562731200,61,27,-34,88,28,-0.013211209233928333,-1.167666864190667
139,1562745600,145,497,352,642,28,0.7800485096566131,-0.4705183320140161
139,1562760000,653,1449,796,2102,28,1.6925026940799301,1.366732312350443
139,1562774400,848,651,-197,1499,28,-0.3481887589208668,0.6079226284108753
139,1562788800,1826,785,-1041,2611,28,-2.082673740121947,2.007253256173395
139,1562803200,568,195,-373,763,28,-0.7098823095030826,-0.3182530388851808
139,1562817600,68,24,-44,92,28,-0.03376197915337241,-1.1626333007814493
139,1562832000,149,485,336,634,28,0.7471672777855025,-0.48058545883245146
139,1562846400,479,1434,955,1913,28,2.019259935799091,1.1288964412649067
139,1562860800,854,683,-171,1537,28,-0.2947567571303122,0.6557414807984434
139,1562875200,1793,802,-991,2595,28,-1.9799198905247266,1.987119002536524
139,1562889600,513,167,-346,680,28,-0.6543952307205836,-0.422699479626448
139,1562904000,80,23,-57,103,28,-0.06047798004864972,-1.1487910014061007
139,1562918400,123,433,310,556,28,0.6937352759949479,-0.5787399453121965
139,1562932800,514,1268,754,1782,28,1.606189460418265,0.9640472396130273
139,1562947200,932,687,-245,1619,28,-0.44683245453419834,0.7589295306874062
139,1562961600,1432,751,-681,2183,28,-1.3428460230219603,1.4686619713871014
139,1562976000,476,247,-229,723,28,-0.41395122266308787,-0.36858867297735776
139,1562990400,108,44,-64,152,28,-0.07486351899226057,-1.0871298496431838
139,1563004800,52,112,60,164,28,0.179966028008846,-1.0720291594155307
139,1563019200,232,410,178,642,28,0.42246511305828616,-0.4705183320140161
139,1563033600,468,554,86,1022,28,0.2333980297994006,0.007670191861665033
139,1563048000,519,464,-55,983,28,-0.0563678260647609,-0.0414070513782075
139,1563062400,118,111,-7,229,28,0.042275869548570676,-0.9902337540157432
139,1563076800,71,36,-35,107,28,-0.015266286225872741,-1.143757437996883
139,1563091200,32,66,34,98,28,0.1265340262182914,-1.1550829556676228
139,1563105600,158,357,199,515,28,0.4656217298891187,-0.6303339702566779
139,1563120000,397,530,133,927,28,0.3299866484207878,-0.11187693910725525
139,1563134400,434,439,5,873,28,0.06693679345190356,-0.17983004513169415
139,1563148800,246,136,-110,382,28,-0.16939706062170334,-0.7976999536131664
139,1563163200,55,25,-30,80,28,-0.004990901266150702,-1.1777339910091025
139,1563177600,126,478,352,604,28,0.7800485096566131,-0.5183371844015842
139,1563192000,563,1396,833,1959,28,1.7685405427818732,1.1867824204709103
139,1563206400,770,657,-113,1427,28,-0.17556229159753656,0.5173184870449568
139,1563220800,1765,627,-1138,2392,28,-2.2820162083405546,1.7316656595187259
139,1563235200,419,168,-251,587,29,-0.4945516636514289,-0.5392402019343757
139,1563249600,54,23,-31,77,29,-0.04478223725977506,-1.168353770857814
139,1563264000,133,502,369,635,29,0.7729803561795955,-0.4800295130945227
139,1563278400,596,1366,770,1962,29,1.5927873561025645,1.156899322123914
139,1563292800,812,653,-159,1465,29,-0.3064662671603736,0.5438219814279358
139,1563307200,1825,787,-1038,2612,29,-2.1034995662433906,1.9587107334969238
139,1563321600,555,220,-335,775,29,-0.6662818082736968,-0.30733167064495137
139,1563336000,70,33,-37,103,29,-0.057048676161365615,-1.1362813144028938
139,1563350400,127,485,358,612,29,0.7504918848600128,-0.5084013014969523
139,1563364800,605,1434,829,2039,29,1.7134073386348716,1.2518831354711784
139,1563379200,797,682,-115,1479,29,-0.21651238188204286,0.561091765672893
139,1563393600,1858,756,-1102,2614,29,-2.2343415811936898,1.9611778455319175
139,1563408000,525,166,-359,691,29,-0.715347563880059,-0.41095037611469415
139,1563422400,68,28,-40,96,29,-0.0631818956121609,-1.1449162065253722
139,1563436800,128,496,368,624,29,0.7709359496959971,-0.493598629286989
139,1563451200,617,1462,845,2079,29,1.7461178423724466,1.3012253761710557
139,1563465600,793,631,-162,1424,29,-0.31259948661116893,0.4932461847105614
139,1563480000,1741,776,-965,2517,29,-1.9542578929407055,1.8415229118347147
139,1563494400,555,199,-356,754,29,-0.7092143444292637,-0.3332363470123871
139,1563508800,83,46,-37,129,29,-0.057048676161365615,-1.1042088579479734
139,1563523200,106,461,355,567,29,0.7443586654092176,-0.5639113222843145
139,1563537600,522,1173,651,1695,29,1.3495029845543518,0.8275398654522316
139,1563552000,924,648,-276,1572,29,-0.5456618257413896,0.6758124753001082
139,1563566400,1598,802,-796,2400,29,-1.6087531972125715,1.697196857787573
139,1563580800,427,248,-179,675,29,-0.34735439683234215,-0.43068727239464516
139,1563595200,116,62,-54,178,29,-0.09180358638253887,-1.0437646130906233
139,1563609600,62,103,41,165,29,0.10241502955931166,-1.0598008413180835
139,1563624000,157,409,252,566,29,0.5337847975985796,-0.5651448783018114
139,1563638400,363,542,179,905,29,0.38454312429589455,-0.14696938837034942
139,1563652800,439,455,16,894,29,0.051304867469350986,-0.16053850456281574
139,1563667200,306,217,-89,523,29,-0.16335781330848378,-0.6181877870541798
139,1563681600,88,49,-39,137,29,-0.06113748912856247,-1.0943404098079978
139,1563696000,32,77,45,109,29,0.11059265549370535,-1.128879978297912
139,1563710400,153,322,169,475,29,0.3640990594599103,-0.6773984758940328
139,1563724800,315,442,127,757,29,0.27823398714877634,-0.32953567895989627
139,1563739200,319,384,65,703,29,0.1514807851656739,-0.3961477039047309
139,1563753600,224,141,-83,365,29,-0.15109137440689321,-0.8130896378186959
139,1563768000,32,25,-7,57,29,0.004283518346587178,-1.1930248912077528
139,1563782400,121,472,351,593,29,0.7361810394748238,-0.5318388658293941
139,1563796800,543,1364,821,1907,29,1.6970520867660843,1.0890537411615824
139,1563811200,717,1359,642,2076,29,1.331103326201966,1.297524708118565
139,1563825600,1773,648,-1125,2421,29,-2.2813629303164538,1.7231015341550087
139,1563840000,404,141,-263,545,30,-0.5539506983467596,-0.6038667027162666
139,1563854400,43,39,-4,82,30,-0.0021811079597940353,-1.2087599135039102
139,1563868800,121,498,377,619,30,0.8094953937291398,-0.507188306175693
139,1563883200,542,1461,919,2003,30,1.9641638029559172,1.3009590020966582
139,1563897600,719,656,-63,1375,30,-0.12787379457304102,0.4804990963198977
139,1563912000,1787,692,-1095,2479,30,-2.3264306180454293,1.9228362555198077
139,1563926400,472,223,-249,695,30,-0.5241253150825993,-0.4078969799988876
139,1563940800,75,45,-30,120,30,-0.057571105450377455,-1.1591142504155074
139,1563955200,125,477,352,602,30,0.756235780757425,-0.5293982080836627
139,1563969600,533,1407,874,1940,30,1.8682964996068305,1.218651718555359
139,1563984000,806,667,-139,1473,30,-0.2897830180070541,0.608532648495252
139,1563998400,1772,780,-992,2552,30,-2.107001012601964,2.0182081872422657
139,1564012800,499,232,-267,731,30,-0.562472236422234,-0.3608642465467166
139,1564027200,76,34,-42,110,30,-0.08313571967680057,-1.1721788985966661
139,1564041600,131,504,373,635,30,0.8009738556536655,-0.48628486908583923
139,1564056000,558,1428,870,1986,30,1.8597749615313561,1.2787491001886886
139,1564070400,770,657,-113,1427,30,-0.23439302051647065,0.5484352668619225
139,1564084800,1731,865,-866,2596,30,-1.8385725632245211,2.0756926392393633
139,1564099200,556,274,-282,830,30,-0.5944280042052629,-0.2315242295532464
139,1564113600,105,53,-52,158,30,-0.1044395648654865,-1.1094685873271048
139,1564128000,96,402,306,498,30,0.6582380928894698,-0.6652705491677121
139,1564142400,461,1216,755,1677,30,1.614780741861468,0.8750514713908876
139,1564156800,946,692,-254,1638,30,-0.5347772376769423,0.8240993434843691
139,1564171200,1361,738,-623,2099,30,-1.320889125139453,1.4263796246357807
139,1564185600,442,232,-210,674,30,-0.4410403188467242,-0.43533274117932064
139,1564200000,126,59,-67,185,30,-0.1363953326485154,-1.0741940372379766
139,1564214400,57,104,47,161,30,0.1064685025025042,-1.1055491928727572
139,1564228800,195,435,240,630,30,0.5176327146441426,-0.49281719317641853
139,1564243200,441,650,209,1091,30,0.45159079455921625,0.10946308797499325
139,1564257600,547,599,52,1146,30,0.11712042509684717,0.1813186529713656
139,1564272000,361,251,-110,612,30,-0.22800186695986488,-0.5163335599025041
139,1564286400,92,60,-32,152,30,-0.06183187448811464,-1.1173073762358
139,1564300800,37,55,18,92,30,0.044687351455315,-1.1956952653227515
139,1564315200,201,328,127,529,30,0.27689926401199166,-0.6247701398061204
139,1564329600,364,500,136,864,30,0.296072724681809,-0.18710442573730712
139,1564344000,410,381,-29,791,30,-0.05544072093150886,-0.28247635745976496
139,1564358400,225,145,-80,370,30,-0.16409033139380708,-0.8324980458865423
139,1564372800,34,27,-7,61,30,-0.008572261516399815,-1.2361956746843432
139,1564387200,112,447,335,559,30,0.720019243936659,-0.5855761952626446
139,1564401600,487,1388,901,1875,30,1.9258168816162826,1.133731505377828
139,1564416000,730,556,-174,1286,30,-0.3643464761674548,0.3642237275075861
139,1564430400,1664,691,-973,2355,30,-2.0665237067434608,1.7608346180734409
139,1564444800,412,153,-259,565,31,-0.46174501110699046,-0.7673252931317386
139,1564459200,55,23,-32,78,31,-0.02951359864807568,-1.390483855258181
139,1564473600,129,461,332,590,31,0.6635799437970564,-0.7353356338850012
139,1564488000,544,1444,900,1988,31,1.7451105265136362,1.053526111192548
139,1564502400,722,669,-53,1391,31,-0.06949976455837176,0.2896130483804615
139,1564516800,1648,710,-938,2358,31,-1.7546310422065639,1.52697306804426
139,1564531200,480,172,-308,652,31,-0.5550460648976813,-0.6560012789530928
139,1564545600,59,39,-20,98,31,-0.006664360985049347,-1.364892127860791
139,1564560000,110,468,358,578,31,0.7130866254002801,-0.7506906703234352
139,1564574400,529,1405,876,1934,31,1.6994120511875834,0.9844284472195954
139,1564588800,793,624,-169,1417,31,-0.29037572863429295,0.3228822939970683
139,1564603200,1681,724,-957,2405,31,-1.7908090018396887,1.587113627428126
139,1564617600,492,225,-267,717,31,-0.4769778362156747,-0.5728281649115758
139,1564632000,66,35,-31,101,31,-0.027609495509490153,-1.3610533687511828
139,1564646400,130,488,358,618,31,0.7130866254002801,-0.6995072155286555
139,1564660800,548,1350,802,1898,31,1.5585084189322544,0.9383633379042937
139,1564675200,719,709,-10,1428,31,0.01237667040080593,0.33695774406563267
139,1564689600,1666,791,-875,2457,31,-1.6346725444756756,1.6536521186613395
139,1564704000,541,229,-312,770,31,-0.5626624774520235,-0.5050100873084927
139,1564718400,77,39,-38,116,31,-0.04093821747958885,-1.3418595732031402
139,1564732800,113,417,304,530,31,0.6102650559166616,-0.8121108160771707
139,1564747200,472,1239,767,1711,31,1.491864809081761,0.6990806867386988
139,1564761600,885,687,-198,1572,31,-0.34559471965327326,0.5212181813268395
139,1564776000,1303,677,-626,1980,31,-1.1605508629678791,1.043289420233592
139,1565395200,7113,8173,1060,15286,32,2.3487406521270655,4.059686837338447
139,1565409600,90,42,-48,132,32,-0.37882913743984925,-0.4171718267400916
139,1565424000,71,108,37,179,32,-0.16958416260845235,-0.4032868882940252
139,1565438400,180,482,302,662,32,0.48276781774825556,-0.26059698894402294
139,1565452800,447,646,199,1093,32,0.22921214236432758,-0.13326914915137084
139,1565467200,577,554,-23,1131,32,-0.31728649778355605,-0.12204302870561497
139,1565481600,274,215,-59,489,32,-0.4059078988886183,-0.3117053793944378
139,1565496000,65,41,-24,106,32,-0.3197482033698078,-0.4248528565187667
139,1565510400,33,48,15,81,32,-0.22374168550599038,-0.43223846207518507
139,1565524800,153,383,230,536,32,0.30552501553813116,-0.29782044094837135
139,1565539200,343,594,251,937,32,0.3572208328494174,-0.17935532782342126
139,1565553600,420,434,14,854,32,-0.2262033910922421,-0.20387553827073013
139,1565568000,257,148,-109,405,32,-0.5289931782012046,-0.3365210140640034
139,1565582400,37,15,-22,52,32,-0.3148247921973043,-0.4408057645206303
139,1565596800,102,428,326,530,32,0.5418487518182971,-0.2995929862819118
139,1565611200,460,1297,837,1757,32,1.79978030639293,0.06289253442710015
139,1565625600,690,592,-98,1282,32,-0.5019144167524356,-0.07743397114484822
139,1565640000,1632,650,-982,2282,32,-2.678062154998963,0.2179902511118852
139,1565654400,417,173,-244,590,33,-0.5772761953184513,-0.5220329914980487
139,1565668800,1,17,16,18,33,-0.011044626749558088,-1.3183578748397924
139,1565683200,100,443,343,543,33,0.7011004614120885,-0.5874652808635416
139,1565697600,522,1317,795,1839,33,1.6854722652318568,1.2167952939806888
139,1565712000,717,578,-139,1295,33,-0.3486057541656291,0.4594513489843452
139,1565726400,1715,671,-1044,2386,33,-2.319527175530431,1.9783157680854684
139,1565740800,430,142,-288,572,33,-0.6730999992301102,-0.547092166148663
139,1565755200,0,11,11,11,33,-0.021933695375882956,-1.3281031094261424
139,1565769600,91,442,351,533,33,0.7185229712142083,-0.6013870445583274
139,1565784000,450,1306,856,1756,33,1.8183189024730202,1.1012446553139672
139,1565798400,706,647,-59,1353,33,-0.17438065614443116,0.5401975784141024
139,1565812800,1653,707,-946,2360,33,-2.1061014304544634,1.9421191824790254
139,1565827200,473,171,-302,644,33,-0.7035893913838198,-0.44685546754620575
139,1565841600,1,13,12,14,33,-0.019755881650617983,-1.3239265803177067
139,1565856000,97,450,353,547,33,0.7228785986647382,-0.5818965753856273
139,1565870400,472,1337,865,1809,33,1.8379192260004051,1.1750300028963316
139,1565884800,726,690,-36,1416,33,-0.12429094046333673,0.6279046896912526
139,1565899200,1588,716,-872,2304,33,-1.944943214784855,1.8641573057882255
139,1565913600,456,189,-267,645,33,-0.6273659109995458,-0.44546329117672717
139,1565928000,0,7,7,7,33,-0.030644950276942855,-1.3336718149040567
139,1565942400,82,396,314,478,33,0.6379438633794042,-0.6779567448796489
139,1565956800,392,1197,805,1589,33,1.7072504024845065,0.8687512016110456
139,1565971200,825,685,-140,1510,33,-0.3507835678908941,0.7587692684222384
139,1565985600,1250,704,-546,1954,33,-1.2349759403484735,1.3768955764707247
139,1566000000,414,245,-169,659,33,-0.41394016592357835,-0.42597282200402714
139,1566014400,113,70,-43,183,33,-0.13953563654019155,-1.088648773875828
139,1566028800,62,137,75,199,33,0.1174463830410754,-1.0663739519641706
139,1566043200,237,581,344,818,33,0.7032782751373535,-0.20461677925693406
139,1566057600,524,807,283,1331,33,0.5704316378961901,0.5095696982855739
139,1566072000,671,656,-15,1327,33,-0.07855685223277228,0.5040009928076595
139,1566086400,408,279,-129,687,33,-0.32682761691297935,-0.38699188365862713
139,1566100800,90,47,-43,137,33,-0.13953563654019155,-1.1526888868718421
139,1566115200,43,76,33,119,33,0.025978206579946473,-1.1777480615224565
139,1566129600,185,419,234,604,33,0.4637187653582063,-0.5025425223253487
139,1566144000,439,675,236,1114,33,0.4680743928087362,0.2074674261087235
139,1566158400,467,489,22,956,33,0.0020222556020317584,-0.012496440268891008
139,1566172800,233,189,-44,422,33,-0.14171345026545654,-0.755918621570449
139,1566187200,42,24,-18,66,33,-0.0850902934085672,-1.251533409104821
139,1566201600,94,432,338,526,33,0.6902113927857636,-0.6111322791446774
139,1566216000,424,1353,929,1777,33,1.9772993044173635,1.1304803590730172
139,1566230400,631,592,-39,1223,33,-0.13082438163913165,0.35921465038188793
139,1566244800,1581,627,-954,2208,33,-2.123523940256583,1.7305083743182823
139,1566259200,408,138,-270,546,34,-0.6232363113382935,-0.5782426107091073
139,1566273600,0,5,5,5,34,-0.021666915052375908,-1.352663723554347
139,1566288000,111,445,334,556,34,0.6980288354133218,-0.5639279875511547
139,1566302400,457,1351,894,1808,34,1.9230428787591902,1.2282628318245201
139,1566316800,689,584,-105,1273,34,-0.2622946735667429,0.46243049287405213
139,1566331200,1684,672,-1012,2356,34,-2.246379918771569,2.012704180880327
139,1566345600,439,197,-242,636,34,-0.5619856091710002,-0.4494110022875333
139,1566360000,1,30,29,31,34,0.030833686805304173,-1.3154457033436702
139,1566374400,83,435,352,518,34,0.7374042868065819,-0.6183235555513749
139,1566388800,444,1294,850,1738,34,1.8267917753534435,1.1280604697188514
139,1566403200,662,559,-103,1221,34,-0.25791962341193625,0.3879944524526982
139,1566417600,1643,639,-1004,2282,34,-2.2288797181523425,1.906775969511477
139,1566432000,440,158,-282,598,34,-0.6494866122671336,-0.5038065702877534
139,1566446400,0,5,5,5,34,-0.021666915052375908,-1.352663723554347
139,1566460800,100,432,332,532,34,0.6936537852585152,-0.5982830831302411
139,1566475200,463,1292,829,1755,34,1.7808537487279734,1.152395329087371
139,1566489600,695,674,-21,1369,34,-0.07854256706486266,0.5998508751903978
139,1566504000,1545,704,-841,2249,34,-1.8723131305355987,1.859537713090233
139,1566518400,496,163,-333,659,34,-0.7610503912147037,-0.4164873690242421
139,1566532800,0,9,9,9,34,-0.01291681474276256,-1.346937874291166
139,1566547200,89,389,300,478,34,0.6236529827816084,-0.6755820481831856
139,1566561600,404,1120,716,1524,34,1.5336634149813964,0.8217275341386643
139,1566576000,803,686,-117,1489,34,-0.288544974495583,0.7716263530858299
139,1566590400,1198,659,-539,1857,34,-1.211680557159791,1.2984044852984884
139,1566604800,396,218,-178,614,34,-0.4219840042171865,-0.4809031732350292
139,1566619200,140,47,-93,187,34,-0.23604437263790287,-1.0921375820796084
139,1566633600,64,131,67,195,34,0.11395963974663097,-1.0806858835532462
139,1566648000,219,546,327,765,34,0.6827161598714985,-0.26475236354994375
139,1566662400,559,785,226,1344,34,0.46177612705376153,0.5640643172955161
139,1566676800,696,700,4,1396,34,-0.023854440129779244,0.63850035771687
139,1566691200,370,319,-51,689,34,-0.14416831938696276,-0.37354349955038413
139,1566705600,99,58,-41,157,34,-0.12229306861292939,-1.1350814515534664
139,1566720000,43,73,30,116,34,0.03302121188270751,-1.1937714065010723
139,1566734400,177,436,259,613,34,0.5339644546080716,-0.48233463555082445
139,1566748800,417,742,325,1159,34,0.6783411097166918,0.2992437888733916
139,1566763200,519,496,-23,1015,34,-0.08291761721966934,0.0931132153988731
139,1566777600,324,170,-154,494,34,-0.36948340235950644,-0.6526786511304613
139,1566792000,40,21,-19,61,34,-0.07416751691005599,-1.2725018338698122
139,1566806400,93,386,293,479,34,0.608340307239785,-0.6741505858673903
139,1566820800,421,1320,899,1741,34,1.933980504146207,1.1323548566662374
139,1566835200,657,594,-63,1251,34,-0.1704186203158028,0.43093832192655623
139,1566849600,1548,580,-968,2128,34,-2.1501288153658225,1.6863307728790058
139,1566864000,397,174,-223,571,35,-0.6040012019302453,-0.4012091023774176
139,1566878400,1,9,8,10,35,-0.014639876261207793,-1.2777310189482762
139,1566892800,102,496,394,598,35,0.9701803475840237,-0.3590235555905848
139,1566907200,452,1331,879,1783,35,2.207583996715986,1.4924532200537424
139,1566921600,703,655,-48,1358,35,-0.15751534915067145,0.8284214650758192
139,1566936000,1675,643,-1032,2318,35,-2.668041515636961,2.32835201749654
139,1566950400,484,180,-304,664,35,-0.8106603680739337,-0.2559033301116603
139,1566964800,1,11,10,12,35,-0.009537180800869807,-1.274606163630733
139,1566979200,96,487,391,583,35,0.9625263043935167,-0.3824599704721586
139,1566993600,455,1264,809,1719,35,2.028989655604156,1.392457849892361
139,1567008000,667,582,-85,1249,35,-0.25191521516692417,0.6581168502697164
139,1567022400,1620,676,-944,2296,35,-2.4435229153820894,2.2939786090035654
139,1567036800,446,151,-295,597,35,-0.7876982385024128,-0.36058598324935637
139,1567051200,0,21,21,21,35,0.01852764423098912,-1.260544314701789
139,1567065600,93,477,384,570,35,0.9446668702823338,-0.40277153003618915
139,1567080000,434,1301,867,1735,35,2.176967823953958,1.4174566924327063
139,1567094400,743,610,-133,1353,35,-0.37437990621503586,0.8206093267819612
139,1567108800,1520,695,-825,2215,35,-2.139912535491979,2.167421968643067
139,1567123200,437,229,-208,666,35,-0.5657309859777104,-0.2527784747941171
139,1567137600,2,7,5,9,35,-0.022293919451714776,-1.2792934466070478
139,1567152000,81,379,298,460,35,0.7252509654878003,-0.5746385725010634
139,1567166400,365,968,603,1333,35,1.5034120231893435,0.7893607736065296
139,1567180800,862,626,-236,1488,35,-0.6371687224224422,1.0315370607161252
139,1567195200,902,543,-359,1445,35,-0.9509844932332284,0.964352671388947
139,1567209600,366,205,-161,571,35,-0.4458176426597677,-0.4012091023774176
139,1567224000,71,54,-17,125,35,-0.07842356951543263,-1.098051838189544
139,1567238400,44,90,46,134,35,0.08231133748521395,-1.0839899892605998
139,1567252800,209,404,195,613,35,0.462462149280394,-0.335587140709011
139,1567267200,394,590,196,984,35,0.46501349701056294,0.24407352069524668
139,1567281600,504,509,5,1013,35,-0.022293919451714776,0.2893839227996226
139,1567296000,278,225,-53,503,35,-0.1702720878015164,-0.5074541831738854
139,1567310400,285,153,-132,438,35,-0.3718285584848669,-0.6090119809940383
139,1567324800,33,59,26,92,35,0.03128438288183409,-1.1496119509290064
139,1567339200,196,327,131,523,35,0.2991758945495784,-0.4762056299984536
139,1567353600,393,621,228,1014,35,0.5466566243759707,0.2909463504583942
139,1567368000,545,470,-75,1015,35,-0.22640173786523426,0.2925087781171658
139,1567382400,310,206,-104,516,35,-0.30039082204013506,-0.4871426236098547
139,1567396800,43,31,-12,74,35,-0.06566683086458766,-1.1777356487868949
139,1567411200,31,74,43,105,35,0.07465729429470698,-1.1293003913649757
139,1567425600,164,318,154,482,35,0.35785689234346524,-0.5402651640080885
139,1567440000,310,431,121,741,35,0.2736624172478885,-0.13559640038624826
139,1567454400,381,390,9,771,35,-0.012088528531038801,-0.08872357062310075
139,1567468800,186,146,-40,332,36,-0.16296255501506907,-0.9083236453540585
139,1567483200,24,20,-4,44,36,-0.08854413665723626,-1.2751099185706396
139,1567497600,114,490,376,604,36,0.6969836126754434,-0.5619143873161762
139,1567512000,472,1399,927,1871,36,1.8359988492078287,1.0516905021470473
139,1567526400,697,596,-101,1293,36,-0.28906043056584135,0.3155708288165476
139,1567540800,1674,693,-981,2367,36,-2.10817732375731,1.683377972686715
139,1567555200,408,144,-264,552,36,-0.6260104914638065,-0.6281396866469479
139,1567569600,1,7,6,8,36,-0.06787235378006048,-1.3209582027227122
139,1567584000,114,538,424,652,36,0.7962081704858871,-0.5007833417800793
139,1567598400,528,1447,919,1975,36,1.8194614229060881,1.1841411008085907
139,1567612800,771,639,-132,1410,36,-0.35314295748508623,0.4645777523107837
139,1567627200,1780,774,-1006,2554,36,-2.1598567809502494,1.9215343375877592
139,1567641600,486,192,-294,678,36,-0.6880258400953339,-0.46767069211469353
139,1567656000,2,7,5,9,36,-0.06993953206777806,-1.3196846392740436
139,1567670400,119,480,361,599,36,0.6659759383596797,-0.5682822045595196
139,1567684800,552,1438,886,1990,36,1.751244539411408,1.2032445525386208
139,1567699200,790,696,-94,1486,36,-0.2745901825518183,0.5613685744096037
139,1567713600,1791,860,-931,2651,36,-2.004818409371431,2.0450699921086213
139,1567728000,497,232,-265,729,36,-0.628077669751524,-0.40271895623259063
139,1567742400,14,10,-4,24,36,-0.08854413665723626,-1.3005811875440134
139,1567756800,112,550,438,662,36,0.8251486665139333,-0.4880477072933925
139,1567771200,432,1091,659,1523,36,1.2819950680995178,0.6084904220103451
139,1567785600,781,710,-71,1491,36,-0.227045081934314,0.5677363916529472
139,1567800000,1576,857,-719,2433,36,-1.5665766123753044,1.7674331602988482
139,1567814400,531,311,-220,842,36,-0.5350546468042331,-0.25880628653302923
139,1567828800,138,88,-50,226,36,-0.18363433789224484,-1.043321370912939
139,1567843200,46,175,129,221,36,0.18639057560920158,-1.0496891881562824
139,1567857600,255,670,415,925,36,0.7776035658964289,-0.1531005202935284
139,1567872000,515,873,358,1388,36,0.6597744034965269,0.43655935644007265
139,1567886400,621,756,135,1377,36,0.19879364533550706,0.4225501585047171
139,1567900800,347,267,-80,614,36,-0.2456496865237722,-0.5491787528294894
139,1567915200,88,50,-38,138,36,-0.15882819843963392,-1.1553949543957833
139,1567929600,31,105,74,136,36,0.07269576978473481,-1.1579420812931207
139,1567944000,228,508,280,736,36,0.4985344970545558,-0.3938040120919098
139,1567958400,409,769,360,1178,36,0.6639087600719621,0.16911103221964885
139,1567972800,523,590,67,1113,36,0.058225521770711774,0.08632940805618433
139,1567987200,307,173,-134,480,36,-0.3572773140605214,-0.7198362549510932
139,1568001600,34,28,-6,62,36,-0.09267849323267141,-1.2521857764946034
139,1568016000,159,486,327,645,36,0.5956918765772821,-0.5096982859207602
139,1568030400,469,1467,998,1936,36,1.9827685076357766,1.134472126310512
139,1568044800,744,642,-102,1386,36,-0.29112760885355893,0.4340122295427353
139,1568059200,1768,791,-977,2559,36,-2.0999086106064397,1.9279021548311024
139,1568073600,476,173,-303,649,37,-0.6758060679881459,-0.5277728564087575
139,1568088000,46,26,-20,72,37,-0.09174216017842422,-1.2546866047582792
139,1568102400,145,510,365,655,37,0.702832414050349,-0.5202139612786065
139,1568116800,578,1481,903,2059,37,1.8131729879076997,1.2485674991767286
139,1568131200,765,773,8,1538,37,-0.03395491841633162,0.5922034387086164
139,1568145600,1708,803,-905,2511,37,-1.918231765873137,1.8180042656481044
139,1568160000,470,217,-253,687,37,-0.5726145648415519,-0.47989985391780116
139,1568174400,71,27,-44,98,37,-0.1412740816887893,-1.2219313925276247
139,1568188800,156,540,384,696,37,0.7420451852460547,-0.46856151122257467
139,1568203200,538,1433,895,1971,37,1.7966623474042447,1.137703703934514
139,1568217600,773,755,-18,1528,37,-0.08761450005256045,0.5796052801583647
139,1568232000,1845,812,-1033,2657,37,-2.1824020139284173,2.001937380481779
139,1568246400,518,225,-293,743,37,-0.6551677673588271,-0.4093501660363918
139,1568260800,65,33,-32,98,37,-0.11650812093360677,-1.2219313925276247
139,1568275200,145,506,361,651,37,0.6945770937986215,-0.5252532246987072
139,1568289600,561,1459,898,2020,37,1.8028538375930403,1.199434680830747
139,1568304000,814,667,-147,1481,37,-0.3538485781707728,0.5203939349721818
139,1568318400,1789,773,-1016,2562,37,-2.1473169028585755,1.8822548742543879
139,1568332800,502,220,-282,722,37,-0.6324656366665764,-0.4358062989919203
139,1568347200,78,41,-37,119,37,-0.12682727124826615,-1.1954752595720963
139,1568361600,145,432,287,577,37,0.5418536691416624,-0.6184795979705696
139,1568376000,524,1330,806,1854,37,1.6129814718033075,0.9903052488965692
139,1568390400,818,736,-82,1554,37,-0.2196996240802007,0.612360492389019
139,1568404800,1513,840,-673,2353,37,-1.439423191272941,1.6189533605541278
139,1568419200,509,267,-242,776,37,-0.5499124341493014,-0.36777624282056126
139,1568433600,110,70,-40,180,37,-0.1330187614370618,-1.1186264924155611
139,1568448000,53,105,52,158,37,0.05685360435267104,-1.1463424412261147
139,1568462400,194,441,247,635,37,0.45930046662438734,-0.5454102783791098
139,1568476800,418,845,427,1263,37,0.8307898779521256,0.2457540785766953
139,1568491200,628,763,135,1391,37,0.22815149957601696,0.40701050801991673
139,1568505600,351,291,-60,642,37,-0.17429536269569937,-0.5365915673939337
139,1568520000,112,58,-54,170,37,-0.1619123823181081,-1.1312246509658128
139,1568534400,41,77,36,118,37,0.023832323345760978,-1.1967350754271215
139,1568548800,149,410,261,559,37,0.48819408750543364,-0.6411562833610226
139,1568563200,410,722,312,1132,37,0.5934494207149594,0.08071820156839835
139,1568577600,544,561,17,1105,37,-0.015380447849944716,0.04670317348271883
139,1568592000,234,158,-76,392,37,-0.2073166437026094,-0.8515455311502256
139,1568606400,36,21,-15,57,37,-0.08142300986376483,-1.2735838425836568
139,1568620800,134,482,348,616,37,0.6677473029805071,-0.569346779624588
139,1568635200,485,1471,986,1956,37,1.9844708831310456,1.1188064661091364
139,1568649600,719,638,-81,1357,37,-0.21763579401726882,0.36417676894906104
139,1568664000,1743,748,-995,2491,37,-2.1039764715370057,1.792807948547601
139,1568678400,474,137,-337,611,38,-0.7124711983549856,-0.5953989114565892
139,1568692800,49,52,3,101,38,-0.01913000219107703,-1.2287642612480145
139,1568707200,148,513,365,661,38,0.7190744478422608,-0.5333042693201749
139,1568721600,514,1520,1006,2034,38,2.026226526492453,1.1718146037457606
139,1568736000,804,633,-171,1437,38,-0.3739575555220184,0.4304045766369744
139,1568750400,1778,833,-945,2611,38,-1.9523283962010338,1.8883867739999811
139,1568764800,544,157,-387,701,38,-0.814433138967325,-0.4836285556110435
139,1568779200,53,19,-34,72,38,-0.09458183824420825,-1.264779153687135
139,1568793600,152,488,336,640,38,0.6599365222871039,-0.5593840190174689
139,1568808000,493,1485,992,1978,38,1.997677183120998,1.1022686045529766
139,1568822400,805,669,-136,1474,38,-0.3025841970933808,0.47635461181792094
139,1568836800,1831,849,-982,2680,38,-2.027780232254165,1.9740773801482328
139,1568851200,538,185,-353,723,38,-0.7450990193509343,-0.4563069130710212
139,1568865600,54,16,-38,70,38,-0.10273879349319541,-1.2672629393725914
139,1568880000,149,528,379,677,38,0.7476237912137159,-0.5134339838365224
139,1568894400,533,1482,949,2015,38,1.9099899141943861,1.1482186397339231
139,1568908800,795,699,-96,1494,38,-0.22101464460350922,0.5011924686724867
139,1568923200,1752,902,-850,2654,38,-1.7586007090375888,1.9417881662372973
139,1568937600,590,205,-385,795,38,-0.8103546613428315,-0.3668906283945847
139,1568952000,70,19,-51,89,38,-0.12924889805240367,-1.243666975360754
139,1568966400,147,469,322,616,38,0.6313871789156489,-0.5891894472429478
139,1568980800,528,1267,739,1795,38,1.4817497636225603,0.8750022143337005
139,1568995200,887,755,-132,1642,38,-0.2944272418443937,0.6849926093962728
139,1569009600,1507,844,-663,2351,38,-1.377263051147439,1.5654946348906271
139,1569024000,507,290,-217,797,38,-0.4677625408853708,-0.36440684270912815
139,1569038400,116,71,-45,187,38,-0.11701346517892293,-1.121961476773382
139,1569052800,50,133,83,183,38,0.14400910278866616,-1.1269290481442953
139,1569067200,229,506,277,735,38,0.5396214323645433,-0.4414041989582818
139,1569081600,585,921,336,1506,38,0.6599365222871039,0.516095182785226
139,1569096000,710,853,143,1563,38,0.2663634315234735,0.5868830748207383
139,1569110400,453,361,-92,814,38,-0.21285768935452207,-0.3432946643827473
139,1569124800,117,43,-74,160,38,-0.17615139073407984,-1.1554925835270458
139,1569139200,35,80,45,115,38,0.06651802792328815,-1.2113777614498187
139,1569153600,144,472,328,616,38,0.6436226117891296,-0.5891894472429478
139,1569168000,422,713,291,1135,38,0.5681707757359984,0.05535293813303226
139,1569182400,547,554,7,1101,38,-0.01097304694208987,0.013128581480270565
139,1569196800,271,127,-144,398,38,-0.3188981075913551,-0.8599220869577139
139,1569211200,40,14,-26,54,38,-0.07826792774623392,-1.287133224856244
139,1569225600,161,513,352,674,38,0.6925643432830525,-0.5171596623647072
139,1569240000,519,1407,888,1926,38,1.785596346647332,1.0376901767311058
139,1569254400,705,598,-107,1303,38,-0.2434462715382239,0.26399093571138416
139,1569268800,1833,777,-1056,2610,38,-2.1786839043604274,1.8871448811572529
139,1569283200,494,149,-345,643,39,-0.7239614027620537,-0.4932187606918205
139,1569297600,44,17,-27,61,39,-0.06322418154502558,-1.242612059196971
139,1569312000,157,490,333,647,39,0.684780219832742,-0.4880682912862868
139,1569326400,546,1473,927,2019,39,1.9189874821060584,1.2785427148117654
139,1569340800,779,629,-150,1408,39,-0.31879235201576284,0.4918085131164958
139,1569355200,1779,764,-1015,2543,39,-2.1160807053262323,1.9532542069366776
139,1569369600,485,190,-295,675,39,-0.620071902570697,-0.4520150054475511
139,1569384000,55,31,-24,86,39,-0.05699081153354419,-1.2104216254123854
139,1569398400,163,505,342,668,39,0.7034803298671861,-0.461028326907235
139,1569412800,526,1353,827,1879,39,1.7112084817233453,1.0982762856180868
139,1569427200,820,686,-134,1506,39,-0.2855477119545287,0.617995013552071
139,1569441600,1775,802,-973,2577,39,-2.0288135251654924,1.9970331968837138
139,1569456000,536,189,-347,725,39,-0.7281169827697079,-0.3876341378783801
139,1569470400,58,35,-23,93,39,-0.05491302152971706,-1.2014083039527015
139,1569484800,141,498,357,639,39,0.734647179924593,-0.4983692300973542
139,1569499200,537,1473,936,2010,39,1.9376875921405026,1.2669541586493147
139,1569513600,798,702,-96,1500,39,-0.2065916918090977,0.6102693094437704
139,1569528000,1858,843,-1015,2701,39,-2.1160807053262323,2.156697748455258
139,1569542400,547,199,-348,746,39,-0.7301947727735351,-0.36059417349932826
139,1569556800,68,26,-42,94,39,-0.09439103160243258,-1.200120686601318
139,1569571200,143,461,318,604,39,0.6536133697753349,-0.5434358373957738
139,1569585600,547,1278,731,1825,39,1.5117406413559404,1.028744948643382
139,1569600000,802,732,-70,1534,39,-0.1525691517095923,0.6540482993908068
139,1569614400,1519,753,-766,2272,39,-1.5987109943732762,1.6043099047117708
139,1569628800,437,305,-132,742,39,-0.28139213194687446,-0.3657446429048619
139,1569643200,99,60,-39,159,39,-0.08815766159095118,-1.1164255587613958
139,1569657600,45,113,68,158,39,0.13416586881855194,-1.1177131761127792
139,1569672000,205,521,316,726,39,0.6494577897676806,-0.38634652052699664
139,1569686400,459,749,290,1208,39,0.5954352496681753,0.23428504283981183
139,1569700800,576,639,63,1215,39,0.1237769187994163,0.24329836429949575
139,1569715200,266,289,23,555,39,0.040665318646331015,-0.6065290876135615
139,1569729600,90,48,-42,138,39,-0.09439103160243258,-1.1434655231404476
139,1569744000,36,64,28,100,39,0.051054268665466675,-1.1923949824930176
139,1569758400,173,431,258,604,39,0.528945969545707,-0.5434358373957738
139,1569772800,364,586,222,950,39,0.45414552940793035,-0.09792023381711056
139,1569787200,420,458,38,878,39,0.07183216870373799,-0.1906286831167168
139,1569801600,213,147,-66,360,39,-0.14425799169428374,-0.8576144711333283
139,1569816000,28,17,-11,45,39,-0.029979541483791478,-1.2632139368191058
139,1569830400,102,456,354,558,39,0.7284138099131117,-0.6026662355594112
139,1569844800,465,1248,783,1713,39,1.6197857215549514,0.884531805288439
139,1569859200,656,615,-41,1271,39,-0.09231324159860545,0.3154049359769673
139,1569873600,1664,595,-1069,2259,39,-2.2282813655328972,1.5875708791437864
139,1569888000,400,130,-270,530,40,-0.5373148951306609,-0.6158392609897005
139,1569902400,50,19,-31,69,40,-0.0523255131217072,-1.1873168440849597
139,1569916800,121,524,403,645,40,0.8283665027439242,-0.47327977713730396
139,1569931200,510,1435,925,1945,40,1.8876320149141075,1.1382622142376135
139,1569945600,740,625,-115,1365,40,-0.22278203232150684,0.4192665565472657
139,1569960000,1752,706,-1046,2458,40,-2.1120084534526193,1.7742014769878693
139,1569974400,478,165,-313,643,40,-0.6245723990067488,-0.47575907250864996
139,1569988800,67,23,-44,90,40,-0.07870568871215237,-1.1612842426858263
139,1570003200,149,500,351,649,40,0.7228458003821435,-0.4683211863946119
139,1570017600,537,1495,958,2032,40,1.9545970760283145,1.2461115628911656
139,1570032000,757,606,-151,1363,40,-0.2958348262642781,0.41678726117591963
139,1570046400,1899,807,-1092,2706,40,-2.2053536901572715,2.0816341030347765
139,1570060800,534,156,-378,690,40,-0.7564732769589747,-0.41749563128201833
139,1570075200,75,29,-46,104,40,-0.08276417726452856,-1.1439291750864042
139,1570089600,136,543,407,679,40,0.8364834798486765,-0.4311317558244215
139,1570104000,586,1411,825,1997,40,1.6847075872952983,1.2027238938926101
139,1570118400,849,708,-141,1557,40,-0.2755423835023972,0.6572789121964843
139,1570132800,1805,777,-1028,2582,40,-2.075482056481234,1.927917790011323
139,1570147200,592,211,-381,803,40,-0.7625610097875389,-0.27741544280096786
139,1570161600,88,28,-60,116,40,-0.11117359713116183,-1.1290534028583281
139,1570176000,129,414,285,543,40,0.5889156781537295,-0.5997238410759513
139,1570190400,552,1291,739,1843,40,1.5101925795431226,1.011818150298966
139,1570204800,748,680,-68,1428,40,-0.12740755134066656,0.4973643607446655
139,1570219200,1573,961,-612,2534,40,-1.231316437586988,1.8684147010990182
139,1570233600,454,254,-200,708,40,-0.39526779579749455,-0.3951819729399041
139,1570248000,104,41,-63,145,40,-0.1172613299597261,-1.0931036199738107
139,1570262400,44,109,65,153,40,0.14248193739234952,-1.0831864384884264
139,1570276800,169,430,261,599,40,0.5402138155252153,-0.5303035706782626
139,1570291200,399,671,272,1070,40,0.5625355025632843,0.05357048927372673
139,1570305600,557,603,46,1160,40,0.10392629614477579,0.16513878098429793
139,1570320000,280,209,-71,489,40,-0.13349528416923084,-0.666664816102294
139,1570334400,100,41,-59,141,40,-0.10914435285497374,-1.0980622107165028
139,1570348800,48,62,14,110,40,0.03899047930675689,-1.1364912889723662
139,1570363200,176,361,185,537,40,0.38599125053492045,-0.6071617271899894
139,1570377600,339,548,209,887,40,0.4346931131634346,-0.17328503720443472
139,1570392000,425,439,14,864,40,0.03899047930675689,-0.20179693397491402
139,1570406400,211,114,-97,325,40,-0.1862556353501212,-0.8699670365526683
139,1570420800,33,25,-8,58,40,-0.0056528947693811095,-1.2009529686273628
139,1570435200,165,469,304,634,40,0.6274713194013032,-0.4869159016797071
139,1570449600,512,1458,946,1970,40,1.9302461447140573,1.1692534063794389
139,1570464000,717,630,-87,1347,40,-0.1659631925882403,0.39695289820515145
139,1570478400,1812,745,-1067,2557,40,-2.154622583252569,1.8969265978694976
139,1570492800,397,171,-226,568,41,-0.5143789108429603,-0.5864989146831076
139,1570507200,48,30,-18,78,41,-0.04255885990594842,-1.2460698252939466
139,1570521600,147,444,297,591,41,0.6719763133880841,-0.5555394637768845
139,1570536000,565,1513,948,2078,41,2.148682338195751,1.44605634046458
139,1570550400,817,634,-183,1451,41,-0.41683918877425113,0.602074787499282
139,1570564800,1843,702,-1141,2545,41,-2.589933461839912,2.074667800169196
139,1570579200,486,177,-309,663,41,-0.7026532580918641,-0.45862292180957753
139,1570593600,77,49,-28,126,41,-0.06524251620099707,-1.181458797315742
139,1570608000,115,433,318,548,41,0.7196119916076862,-0.6134201763406928
139,1570622400,477,1301,824,1778,41,1.8674050001371476,1.0422374156008012
139,1570636800,686,574,-112,1260,41,-0.2557852290794057,0.3449767386693427
139,1570651200,1660,661,-999,2321,41,-2.267825542450221,1.773149669604241
139,1570665600,473,195,-278,668,41,-0.6323339235772133,-0.4518926063951812
139,1570680000,66,38,-28,104,41,-0.06524251620099707,-1.2110721851390858
139,1570694400,151,483,332,634,41,0.7513691104207543,-0.4976587512130762
139,1570708800,565,1388,823,1953,41,1.8651366345076428,1.2777984551046722
139,1570723200,848,753,-95,1601,41,-0.21722301337782302,0.8039842499311716
139,1570737600,1757,873,-884,2630,41,-2.0069634950571613,2.1890831622139335
139,1570752000,531,250,-281,781,41,-0.6391390204657279,-0.2997874780298245
139,1570766400,89,69,-20,158,41,-0.04709559116495815,-1.1383847786636054
139,1570780800,139,443,304,582,41,0.6878548727946181,-0.5676540315227979
139,1570795200,556,1291,735,1847,41,1.6655204591112147,1.1351157683194704
139,1570809600,830,732,-98,1562,41,-0.2240281102663376,0.7514877896988803
139,1570824000,1502,839,-663,2341,41,-1.5056546909365864,1.8000709312618264
139,1570838400,476,234,-242,710,41,-0.5506727609150381,-0.39535795691425213
139,1570852800,101,61,-40,162,41,-0.09246290375505543,-1.1330005263320886
139,1570867200,48,110,62,158,41,0.13891039045444079,-1.1383847786636054
139,1570881600,208,510,302,718,41,0.6833181415356083,-0.38458945225121804
139,1570896000,487,713,226,1200,41,0.5109223536932386,0.2642129536965869
139,1570910400,698,703,5,1401,41,0.009613549572663475,0.5347716333553189
139,1570924800,377,273,-104,650,41,-0.23763830404336678,-0.47612174188700795
139,1570939200,109,51,-58,160,41,-0.133293485086143,-1.135692652497847
139,1570953600,31,69,38,100,41,0.08446961534632402,-1.2164564374706028
139,1570968000,192,414,222,606,41,0.5018488911752191,-0.5353485175336955
139,1570982400,400,711,311,1111,41,0.7037334322011521,0.14441333932033246
139,1570996800,559,476,-83,1035,41,-0.19000262582376462,0.04211254502150845
139,1571011200,253,177,-76,430,41,-0.17412406641723058,-0.7722556201204459
139,1571025600,45,31,-14,76,41,-0.03348539738792896,-1.248761951459705
139,1571040000,80,309,229,389,41,0.5177274505817532,-0.8274442065184957
139,1571054400,376,956,580,1332,41,1.3139237865379607,0.4418932806366497
139,1571068800,599,616,17,1215,41,0.03683393712672185,0.2844038999397759
139,1571083200,1198,637,-561,1835,41,-1.27428139672709,1.1189630113249192
139,1571097600,348,129,-219,477,42,-0.4621636095716964,-0.7043579671370817
139,1571112000,37,14,-23,51,42,-0.061644519773380285,-1.2323387266166017
139,1571126400,142,488,346,630,42,0.6923939707142658,-0.5147310746479583
139,1571140800,538,1471,933,2009,42,1.8919077753653453,1.1943897406625068
139,1571155200,798,687,-111,1485,42,-0.24146941723384874,0.5449486186736137
139,1571169600,1755,772,-983,2527,42,-2.0233706738875816,1.8363945139263365
139,1571184000,490,136,-354,626,42,-0.738031349994006,-0.5196886404646673
139,1571198400,63,39,-24,102,42,-0.06368798451724925,-1.1691297624535606
139,1571212800,141,488,347,629,42,0.6944374354581347,-0.5159704661021356
139,1571227200,536,1451,915,1987,42,1.855125409975704,1.1671231286706067
139,1571241600,809,649,-160,1458,42,-0.34159918968342773,0.5114850494108272
139,1571256000,1735,798,-937,2533,42,-1.9293712956696094,1.8438308626514002
139,1571270400,483,165,-318,648,42,-0.6644666192147234,-0.4924220284727673
139,1571284800,65,16,-49,81,42,-0.11477460311397324,-1.1951569829912834
139,1571299200,133,482,349,615,42,0.6985243649458727,-0.5333219464606175
139,1571313600,542,1550,1008,2092,42,2.0451676311555174,1.2972592313592208
139,1571328000,804,708,-96,1512,42,-0.21081744607581435,0.5784121879364001
139,1571342400,1752,870,-882,2622,42,-1.8169807347568165,1.9541367020731777
139,1571356800,548,263,-285,811,42,-0.5970322826670478,-0.2904012214418711
139,1571371200,87,41,-46,128,42,-0.10864420888236635,-1.1369055846449514
139,1571385600,142,427,285,569,42,0.5677426213382593,-0.5903339533527722
139,1571400000,497,1329,832,1826,42,1.6855178362345804,0.9675811045480652
139,1571414400,835,730,-105,1565,42,-0.229208628770635,0.6440999350077958
139,1571428800,1682,824,-858,2506,42,-1.7679375809039615,1.8103672933886137
139,1571443200,449,252,-197,701,42,-0.41720738520657924,-0.4267342814013716
139,1571457600,104,42,-62,146,42,-0.14133964478426972,-1.1145965384697605
139,1571472000,52,101,49,153,42,0.08548494178518481,-1.1059207982905195
139,1571486400,214,594,380,808,42,0.7618717720058105,-0.29411939580440294
139,1571500800,497,785,288,1282,42,0.5738730155698661,0.29335215347562643
139,1571515200,624,622,-2,1246,42,-0.018731760152132133,0.24873406112524443
139,1571529600,346,227,-119,573,42,-0.25781713518480043,-0.585376387536063
139,1571544000,114,50,-64,164,42,-0.14542657427200764,-1.0922874922945693
139,1571558400,36,56,20,92,42,0.02622446421298498,-1.1815236769953334
139,1571572800,175,393,218,568,42,0.430830483499039,-0.5915733448069495
139,1571587200,382,594,212,976,42,0.41856969503582525,-0.08590163150262038
139,1571601600,421,422,1,843,42,-0.012601365920525251,-0.2507406949081982
139,1571616000,219,161,-58,380,42,-0.13316578580879387,-0.8245789381922776
139,1571630400,30,17,-13,47,42,-0.041209872334690686,-1.2372962924333109
139,1571644800,143,471,328,614,42,0.6556116053246245,-0.5345613379147947
139,1571659200,547,1458,911,2005,42,1.8469515510002281,1.1894321748457979
139,1571673600,709,595,-114,1304,42,-0.24759981146545562,0.32061876546752655
139,1571688000,1777,735,-1042,2512,42,-2.1439350937758506,1.8178036421136774
139,1571702400,516,169,-347,685,43,-0.6809827625835396,-0.450527610164758
139,1571716800,71,31,-40,102,43,-0.055539943240840016,-1.1680312890261733
139,1571731200,148,498,350,646,43,0.7389965373573778,-0.49852528336474977
139,1571745600,587,1393,806,1980,43,1.66799303774914,1.1432412819888147
139,1571760000,746,645,-101,1391,43,-0.17981359789850998,0.41835334571201604
139,1571774400,1911,739,-1172,2650,43,-2.3617330100028466,1.9678166933732886
139,1571788800,552,202,-350,754,43,-0.6870945816650644,-0.36560864988784947
139,1571803200,70,29,-41,99,43,-0.05757721626801493,-1.1717234177338651
139,1571817600,155,472,317,627,43,0.6717665274606055,-0.5219087651801304
139,1571832000,555,1433,878,1988,43,1.814676695705734,1.1530869585426593
139,1571846400,787,660,-127,1447,43,-0.23278269660505782,0.4872730815889273
139,1571860800,1802,791,-1011,2593,43,-2.033732052627685,1.8976662479271469
139,1571875200,556,181,-375,737,43,-0.7380264073444374,-0.38653071256476895
139,1571889600,83,31,-52,114,43,-0.07998721956693902,-1.1532627741954067
139,1571904000,160,470,310,630,43,0.6575056162703811,-0.5182166364724387
139,1571918400,563,1498,935,2061,43,1.9308012582547045,1.24292875709649
139,1571932800,841,685,-156,1526,43,-0.2918636143931304,0.5844991375581413
139,1571947200,1911,907,-1004,2818,43,-2.0194711414374606,2.1745759010040224
139,1571961600,628,240,-388,868,43,-0.7645109566977113,-0.22530775899556588
139,1571976000,110,26,-84,136,43,-0.1451799564365364,-1.1261871636723344
139,1571990400,136,431,295,567,43,0.6269465208627574,-0.5957513393339638
139,1572004800,533,1313,780,1846,43,1.6150239390425922,0.9783261997119199
139,1572019200,821,687,-134,1508,43,-0.24704360779528226,0.5623463653119913
139,1572033600,1496,865,-631,2361,43,-1.2595683023012163,1.6121416278656573
139,1572048000,497,289,-208,786,43,-0.39780181180622615,-0.32622594367247165
139,1572062400,122,37,-85,159,43,-0.1472172294637113,-1.0978808435800316
139,1572076800,46,118,72,164,43,0.17263463580275076,-1.0917272957338788
139,1572091200,176,548,372,724,43,0.783816543955226,-0.40252993696476624
139,1572105600,465,751,286,1216,43,0.6086110636181831,0.20297917109666835
139,1572120000,609,687,78,1296,43,0.18485827396580026,0.301435936635113
139,1572134400,315,259,-56,574,43,-0.08813631167563869,-0.5871363723493499
139,1572148800,110,44,-66,154,43,-0.10850904194738786,-1.1040343914261843
139,1572163200,40,70,30,110,43,0.08706916866140421,-1.1581856124723289
139,1572177600,115,335,220,450,43,0.4741510438246385,-0.7397443589339392
139,1572192000,287,438,151,725,43,0.3335792049495692,-0.4012992273955357
139,1572206400,349,352,3,701,43,0.032062796927681436,-0.43083625705706907
139,1572220800,218,123,-95,341,43,-0.16758995973546048,-0.8738917019800699
139,1572235200,34,17,-17,51,43,-0.008682663615816912,-1.2307974770569319
139,1572249600,143,487,344,630,43,0.7267728991943283,-0.5182166364724387
139,1572264000,527,1451,924,1978,43,1.9083912549557804,1.1407798628503536
139,1572278400,773,647,-126,1420,43,-0.2307454235778829,0.4540439232197022
139,1572292800,1776,756,-1020,2532,43,-2.052067509872259,1.8225929642040828
139,1572307200,418,149,-269,567,44,-0.6280854729653474,-0.6128022296574049
139,1572321600,45,21,-24,66,44,-0.08779965132005184,-1.2243554067320088
139,1572336000,151,508,357,659,44,0.7523999325446733,-0.5005010474401124
139,1572350400,562,1448,886,2010,44,1.918976257648189,1.1486174001203464
139,1572364800,784,669,-115,1453,44,-0.28847724221687593,0.4687069816960862
139,1572379200,1850,785,-1065,2635,44,-2.383463081249655,1.9115330401834751
139,1572393600,553,200,-353,753,44,-0.8133263261008774,-0.38575853517461783
139,1572408000,60,35,-25,95,44,-0.0900048995716653,-1.1889561210330797
139,1572422400,142,506,364,648,44,0.7678366703059674,-0.5139283627052235
139,1572436800,521,1425,904,1946,44,1.9586707261772311,1.070494838577882
139,1572451200,793,700,-93,1493,44,-0.23996178068138,0.5175335826601264
139,1572465600,1812,818,-994,2630,44,-2.2268904553851,1.90542971506297
139,1572480000,533,185,-348,718,44,-0.8023000848428101,-0.428481811018153
139,1572494400,69,57,-12,126,44,-0.06133667230069042,-1.1511155052859485
139,1572508800,139,466,327,605,44,0.6862424849962697,-0.5664169587415667
139,1572523200,524,1388,864,1912,44,1.8704607961126931,1.0289922277584478
139,1572537600,862,620,-242,1482,44,-0.5685437701717843,0.5041062673950154
139,1572552000,1600,1408,-192,3008,44,-0.45828135759111166,2.36684109417315
139,1572566400,750,517,-233,1267,44,-0.5486965359072632,0.24166328721329913
139,1572580800,74,112,38,186,44,0.04892574027998216,-1.0778756038398882
139,1572595200,128,431,303,559,44,0.6333165269575468,-0.622567549850213
139,1572609600,543,1286,743,1829,44,1.6036257576674655,0.9276770307580644
139,1572624000,807,700,-107,1507,44,-0.2708352562039683,0.5346228929975405
139,1572638400,1554,889,-665,2443,44,-1.5013637806042743,1.677165355556082
139,1572652800,478,266,-212,744,44,-0.5023863226233807,-0.3967445203915269
139,1572667200,115,47,-68,162,44,-0.18483057439104372,-1.1071715644183122
139,1572681600,41,124,83,165,44,0.1481619116025875,-1.1035095693460093
139,1572696000,194,531,337,725,44,0.7082949675124042,-0.419937155849446
139,1572710400,514,793,279,1307,44,0.580390568918824,0.29048988817733934
139,1572724800,624,696,72,1320,44,0.12390418083483952,0.30635853349065245
139,1572739200,368,309,-59,677,44,-0.16498334012652263,-0.47852907700629427
139,1572750000,124,70,-54,194,44,-0.15395709886845538,-1.0681102836470802
139,1572764400,34,41,7,75,44,-0.01943695552003484,-1.2133694215150999
139,1572778800,131,306,175,437,44,0.35104475075102504,-0.7714886827905357
139,1572793200,360,571,211,931,44,0.4304336878091093,-0.16848016088463882
139,1572807600,478,550,72,1028,44,0.12390418083483952,-0.05007565354684126
139,1572822000,262,178,-84,440,44,-0.22011454641685893,-0.7678266877182327
139,1572836400,75,34,-41,109,44,-0.1252888715974805,-1.1718668106956656
139,1572850800,42,197,155,239,44,0.306939785718756,-1.0131803575625349
139,1572865200,537,1560,1023,2097,44,2.2210952681192317,1.254815257217134
139,1572879600,603,664,61,1267,44,0.09964645006709155,0.24166328721329913
139,1572894000,1745,834,-911,2579,44,-2.0438548505011833,1.8431757988338187
139,1572908400,645,230,-415,875,44,-0.9500517177009113,-0.23683740223429514
139,1572922800,104,45,-59,149,45,-0.11089874329410593,-1.0813342038127374
139,1572937200,49,211,162,260,45,0.3842249388876599,-0.9412508387593853
139,1572951600,526,1319,793,1845,45,1.7979038685559596,1.0590386532186602
139,1572966000,548,597,49,1145,45,0.13106215116576153,0.17563004477409755
139,1572980400,1596,802,-794,2398,45,-1.7575770528126484,1.7569314538898646
139,1572994800,678,270,-408,948,45,-0.8927908929838628,-0.07298637788815797
139,1573009200,102,60,-42,162,45,-0.07281230620320085,-1.064928043941624
139,1573023600,46,209,163,255,45,0.3864653175400661,-0.947560900248275
139,1573038000,575,1597,1022,2172,45,2.310950579956975,1.4717166745920487
139,1573052400,697,626,-71,1323,45,-0.13778328712298007,0.40026823377857207
139,1573066800,1839,925,-914,2764,45,-2.02642249110139,2.218827954876593
139,1573081200,802,296,-506,1098,45,-1.1123480009196685,0.11631546677853404
139,1573095600,121,36,-85,157,45,-0.16914858825666662,-1.0712381054305138
139,1573110000,48,211,163,259,45,0.3864653175400661,-0.9425128510571632
139,1573124400,543,1593,1050,2136,45,2.373681182224348,1.4262842318720426
139,1573138800,633,666,33,1299,45,0.09521609272726266,0.3699799386319013
139,1573153200,1789,873,-916,2662,45,-2.030903248406202,2.0901027005032424
139,1573167600,796,304,-492,1100,45,-1.080982699785982,0.11883949137408993
139,1573182000,121,152,31,273,45,0.0907353354224503,-0.924844678888272
139,1573196400,47,169,122,216,45,0.2946097927914127,-0.996779379861615
139,1573210800,511,1438,927,1949,45,2.098114607978388,1.1902879321875668
139,1573225200,664,710,46,1374,45,0.124341015208543,0.46463086096524736
139,1573239600,1582,921,-661,2503,45,-1.4596066920426265,1.889442745156549
139,1573254000,598,321,-277,919,45,-0.5993012895186532,-0.10958473452371842
139,1573268400,161,79,-82,240,45,-0.16242745229944808,-0.9664910847149443
139,1573282800,27,66,39,93,45,0.10865836464169974,-1.1520068924883025
139,1573297200,171,389,218,560,45,0.509686143422406,-0.5626471494260012
139,1573311600,519,678,159,1197,45,0.3775038029304414,0.24125468425855076
139,1573326000,676,706,30,1382,45,0.08849495677004413,0.4747269593474709
139,1573340400,425,339,-86,764,45,-0.1713889669090728,-0.3051966406793002
139,1573354800,153,72,-81,225,45,-0.16018707364704188,-0.9854212691816134
139,1573369200,30,34,4,64,45,0.030245111807483432,-1.1886052491238628
139,1573383600,125,332,207,457,45,0.48504197824593803,-0.6926344160971298
139,1573398000,384,556,172,940,45,0.40662872541172174,-0.08308247627038154
139,1573412400,547,492,-55,1039,45,-0.1019372286844812,0.04185674120963519
139,1573426800,296,143,-153,439,45,-0.32149433662028687,-0.7153506374571329
139,1573441200,63,41,-22,104,45,-0.028004733155077254,-1.138124757212745
139,1573455600,33,113,80,146,45,0.20051388939035314,-1.0851202407060712
139,1573470000,425,1102,677,1527,45,1.5380199448768428,0.6577187425252732
139,1573484400,464,542,78,1006,45,0.19603313208554077,0.00021033538296294328
139,1573498800,1278,667,-611,1945,45,-1.3475877594223173,1.185239882996455
139,1573513200,530,221,-309,751,45,-0.670993406395651,-0.32160280055041346
139,1573527600,94,35,-59,129,46,-0.15925623828100133,-1.1022723555573737
139,1573542000,41,188,147,229,46,0.24924805273803913,-0.9827169519641353
139,1573556400,500,1606,1106,2106,46,2.150974339569397,1.2613379734809493
139,1573570800,563,618,55,1181,46,0.0668092431567201,0.15545049024349414
139,1573585200,1831,779,-1052,2610,46,-2.1284055634358907,1.8638972075908706
139,1573599600,725,247,-478,972,46,-0.9901460340915739,-0.09442030326637409
139,1573614000,97,42,-55,139,46,-0.1513241161252918,-1.0903168151980498
139,1573628400,42,193,151,235,46,0.25718017489374867,-0.975543627748541
139,1573642800,509,1531,1022,2040,46,1.9843997742994974,1.182431407109412
139,1573657200,576,616,40,1192,46,0.03706378507280938,0.16860158463875036
139,1573671600,1764,880,-884,2644,46,-1.7952564328960907,1.9045460448125717
139,1573686000,698,299,-399,997,46,-0.8334866215163108,-0.0645314523680645
139,1573700400,106,43,-63,149,46,-0.16718836043671084,-1.0783612748387261
139,1573714800,43,201,158,244,46,0.27106138866624035,-0.9647836414251496
139,1573729200,554,1627,1073,2181,46,2.085534331784794,1.351004526175878
139,1573743600,657,674,17,1331,46,-0.00854591732252038,0.33478359563335175
139,1573758000,1735,920,-815,2655,46,-1.6584273257101014,1.917697139207828
139,1573772400,711,327,-384,1038,46,-0.8037411634324001,-0.015513736894836757
139,1573786800,112,53,-59,165,46,-0.15925623828100133,-1.059232410263808
139,1573801200,45,209,164,254,46,0.28295957189980464,-0.9528281010658257
139,1573815600,487,1457,970,1944,46,1.8812821862752735,1.0676582196599032
139,1573830000,663,699,36,1362,46,0.029131662917099857,0.3718457707472556
139,1573844400,1607,891,-716,2498,46,-1.4621073023562907,1.7299951555664437
139,1573858800,573,340,-233,913,46,-0.5043035520543656,-0.16495799138638476
139,1573873200,161,136,-25,297,46,-0.09183319995747038,-0.9014192775207333
139,1573887600,33,72,39,105,46,0.035080754533882,-1.1309656524197509
139,1573902000,148,387,239,535,46,0.4316868623193582,-0.6168774169688258
139,1573916400,424,625,201,1049,46,0.35633170184011775,-0.002362642499580534
139,1573930800,609,811,202,1420,46,0.3583147323790451,0.4411879048313339
139,1573945200,363,404,41,767,46,0.039046815611736764,-0.3395088806325128
139,1573959600,150,122,-28,272,46,-0.09778229157425253,-0.9313081284190429
139,1573974000,31,56,25,87,46,0.007318326988898666,-1.1524856250665338
139,1573988400,124,287,163,411,46,0.28097654136087724,-0.7651261174244415
139,1574002800,345,733,388,1078,46,0.727158412619538,0.0323084245424586
139,1574017200,465,611,146,1076,46,0.24726502219911176,0.02991731647059383
139,1574031600,260,283,23,543,46,0.0033522659110439045,-0.6073129846813667
139,1574046000,60,48,-12,108,46,-0.06605380295141443,-1.1273789903119538
139,1574060400,42,182,140,224,46,0.23536683896554747,-0.9886947221437973
139,1574074800,555,1591,1036,2146,46,2.0121622018444807,1.3091601349182447
139,1574089200,637,605,-32,1242,46,-0.10571441372996204,0.22837928643536956
139,1574103600,1801,820,-981,2621,46,-1.9876103951720465,1.877048301986127
139,1574118000,682,270,-412,952,46,-0.8592660185223667,-0.11833138398502177
139,1574132400,88,31,-57,119,47,-0.10648482517348648,-1.0839803148706113
139,1574146800,43,235,192,278,47,0.3953711016693804,-0.8967419986680831
139,1574161200,556,1688,1132,2244,47,2.2899276126424524,1.418418565194624
139,1574175600,682,644,-38,1326,47,-0.06819059782403078,0.3373822490064423
139,1574190000,1795,874,-921,2669,47,-1.8478644267487354,1.918898341207671
139,1574204400,769,243,-526,1012,47,-1.051747595010051,-0.032383985506726574
139,1574218800,106,39,-67,145,47,-0.12663968167320003,-1.0533627285733425
139,1574233200,44,218,174,262,47,0.359092359969896,-0.9155835902356331
139,1574247600,529,1609,1080,2138,47,2.185122358843942,1.2935930210596052
139,1574262000,654,644,-10,1298,47,-0.011756999624832891,0.3044094637632298
139,1574276400,1836,914,-922,2750,47,-1.8498799123987069,2.014283898518393
139,1574290800,770,279,-491,1049,47,-0.9812055972610536,0.011187194993232816
139,1574305200,93,40,-53,133,47,-0.09842288257360107,-1.067493922249005
139,1574319600,47,191,144,238,47,0.29862779047075544,-0.9438459775869581
139,1574334000,541,1567,1026,2108,47,2.076286133745489,1.2582650368704489
139,1574348400,682,663,-19,1345,47,-0.029896370474575065,0.35975663899290794
139,1574362800,1752,921,-831,2673,47,-1.6664707182513137,1.9236087390995584
139,1574377200,798,343,-455,1141,47,-0.9086481138620849,0.11952634650664536
139,1574391600,128,57,-71,185,47,-0.1347016242730854,-1.0062587496544675
139,1574406000,42,172,130,214,47,0.2704109913711565,-0.9721083649382831
139,1574420400,492,1277,785,1769,47,1.5905540921023926,0.8590588155329831
139,1574434800,700,658,-42,1358,47,-0.07625254042391619,0.3750654321415423
139,1574449200,1593,905,-688,2498,47,-1.3782562703054102,1.7175288313294803
139,1574463600,591,334,-257,925,47,-0.5095819551677571,-0.13483513965527974
139,1574478000,171,90,-81,261,47,-0.15485648077279895,-0.916761189708605
139,1574492400,28,62,34,90,47,0.07692436897390663,-1.1181306995867957
139,1574506800,146,448,302,594,47,0.6170745231662292,-0.5246205652089705
139,1574521200,400,645,245,1045,47,0.5021918411178621,0.006476797101345314
139,1574535600,619,659,40,1278,47,0.08901728287373475,0.28085747430379226
139,1574550000,344,293,-51,637,47,-0.09439191127365837,-0.47398378787117984
139,1574564400,142,73,-69,215,47,-0.1306706529731427,-0.9709307654653112
139,1574578800,28,34,6,62,47,0.020490770774708757,-1.1511034848300081
139,1574593200,133,246,113,379,47,0.23614773532164354,-0.7778044518979237
139,1574607600,298,497,199,795,47,0.40947950121917986,-0.2879230711416235
139,1574622000,436,434,-2,870,47,0.004366885574937932,-0.19960311066873287
139,1574636400,242,167,-75,409,47,-0.14276356687297082,-0.7424764677087674
139,1574650800,62,38,-24,100,47,-0.03997379872443183,-1.106354704857077
139,1574665200,32,197,165,229,47,0.34095298912015387,-0.954444372843705
139,1574679600,517,1586,1069,2103,47,2.1629520166942573,1.2523770395055895
139,1574694000,597,670,73,1267,47,0.1555283093227894,0.26790388010110167
139,1574708400,1747,802,-945,2549,47,-1.896236082348048,1.7775864044510459
139,1574722800,644,255,-389,899,47,-0.7756260609639756,-0.16545272595254848
139,1574737200,90,55,-35,145,48,-0.22613809087387549,-0.9515063395194404
139,1574751600,44,189,145,233,48,0.29185800955932845,-0.8124855283397978
139,1574766000,486,1442,956,1928,48,2.6257182176222638,1.8652448688135441
139,1574780400,627,688,61,1315,48,0.05012649602383329,0.8968385363917162
139,1574794800,1759,775,-984,2534,48,-2.9571286426022674,2.82259272761881
139,1574809200,636,250,-386,886,48,-1.2362304867186231,0.21911208189095874
139,1574823600,96,63,-33,159,48,-0.22038257864683988,-0.9293893922863155
139,1574838000,35,209,174,244,48,0.3753129368513446,-0.7951079269423426
139,1574852400,388,1078,690,1466,48,1.8602350914265293,1.135385610120421
139,1574866800,826,589,-237,1415,48,-0.8074448258044709,1.0548167309140373
139,1574881200,1155,665,-490,1820,48,-1.5355171225244741,1.6946284187294374
139,1574895600,381,219,-162,600,48,-0.591613117290636,-0.23270555444287952
139,1574910000,132,64,-68,196,48,-0.3211040426199629,-0.8709374603130566
139,1574924400,40,38,-2,78,48,-0.13117213912778808,-1.0573517298493955
139,1574938800,226,148,-78,374,48,-0.3498816037551409,-0.5897362740633252
139,1574953200,223,464,241,687,48,0.5681225964570372,-0.0952645252084602
139,1574967600,244,257,13,501,48,-0.08800579742502108,-0.3891039670199774
139,1574982000,156,142,-14,298,48,-0.16570521249000167,-0.7097997019002892
139,1574996400,38,52,14,90,48,-0.08512804131150328,-1.038394346506717
139,1575010800,31,83,52,114,48,0.024226691002173097,-1.00047957982136
139,1575025200,146,560,414,706,48,1.0659744040956165,-0.0652486682492192
139,1575039600,438,580,142,1018,48,0.28322474121877506,0.42764329866042256
139,1575054000,605,674,69,1279,48,0.07314854493197569,0.8399663863636806
139,1575068400,331,259,-72,590,48,-0.33261506707403404,-0.24850337389511162
139,1575082800,104,60,-44,164,48,-0.25203789589553566,-0.9214904825601994
139,1575097200,25,68,43,93,48,-0.0016731140194871008,-1.0336550006710474
139,1575111600,144,422,278,566,48,0.6745995726571957,-0.2864181405804687
139,1575126000,367,710,343,1077,48,0.8616537200358528,0.5208504334285919
139,1575140400,539,788,249,1327,48,0.5911446453651796,0.9157959197343947
139,1575154800,293,363,70,656,48,0.07602630104549349,-0.14423776551037973
139,1575169200,115,106,-9,221,48,-0.15131643192241268,-0.8314429116824764
139,1575183600,26,69,43,95,48,-0.0016731140194871008,-1.030495436780601
139,1575198000,120,279,159,399,48,0.33214659514857764,-0.5502417254327449
139,1575212400,259,506,247,765,48,0.585389133138144,0.027958466518950238
139,1575226800,335,425,90,760,48,0.1335814233158495,0.020059556792834186
139,1575241200,186,172,-14,358,48,-0.16570521249000167,-0.6150127851868965
139,1575255600,69,49,-20,118,48,-0.18297174917110848,-0.9941604520404671
139,1575270000,38,191,153,229,48,0.3148800584674708,-0.8188046561206908
139,1575275313,124,392,268,516,48,0.6458220115220178,-0.3654072378416292
139,1575284400,514,1436,922,1950,48,2.527874509762659,1.9000000716084549
139,1575298800,694,514,-180,1208,48,-0.6434127273339564,0.7278018682528326
139,1575313200,1484,662,-822,2146,48,-2.4909321522123835,2.209637332872204
139,1575327600,561,249,-312,810,48,-1.023276534318306,0.09904865405399473
139,1575342000,95,52,-43,147,49,-0.08173777143146738,-1.0943459103798725
139,1575356400,36,189,153,225,49,0.32729890602983325,-0.9965025872608402
139,1575370800,539,1440,901,1979,49,1.8883164302188784,1.2037177813389373
139,1575385200,642,581,-61,1223,49,-0.119302364259546,0.25539018803139346
139,1575399600,1760,786,-974,2546,49,-2.024661989372645,1.914963476319595
139,1575414000,728,283,-445,1011,49,-0.9206803445918901,-0.010542946599822493
139,1575428400,105,52,-53,157,49,-0.10260698966928883,-1.0818018945953811
139,1575442800,38,187,149,225,49,0.31895121873470467,-0.9965025872608402
139,1575457200,500,1563,1063,2063,49,2.2263977656715856,1.3090875139286642
139,1575471600,581,599,18,1180,49,0.045564459819243515,0.2014509201580808
139,1575486000,1710,885,-825,2595,49,-1.7137106376291054,1.9764291536636025
139,1575500400,757,287,-470,1044,49,-0.9728533901864437,0.03085230548899886
139,1575514800,129,61,-68,190,49,-0.13391081702602103,-1.0404066425065597
139,1575529200,40,186,146,226,49,0.3126904532633582,-0.995248185682391
139,1575543600,517,1582,1065,2099,49,2.23057160931915,1.354245970752833
139,1575558000,643,700,57,1343,49,0.12695441094674723,0.4059183774452893
139,1575572400,1751,889,-862,2640,49,-1.7909267451090447,2.0328772246938134
139,1575586800,739,316,-423,1055,49,-0.8747680644686828,0.04465072285193931
139,1575601200,150,68,-82,218,49,-0.1631277225589711,-1.005283398309984
139,1575615600,45,207,162,252,49,0.3460812024438725,-0.9626337446427136
139,1575630000,486,1296,810,1782,49,1.6984065442547032,0.9566006703844582
139,1575644400,625,713,88,1338,49,0.19164898748399373,0.3996463695530436
139,1575658800,1522,854,-668,2376,49,-1.3860639112953086,1.7017152079832425
139,1575673200,616,311,-305,927,49,-0.6285112892623896,-0.11591267918954958
139,1575687600,284,99,-185,383,49,-0.3780806704085321,-0.7983071378658774
139,1575702000,30,53,23,83,49,0.05599906893815425,-1.1746276114006169
139,1575716400,157,415,258,572,49,0.5464256975269585,-0.5612252395389914
139,1575730800,412,792,380,1204,49,0.8010301600283803,0.23155655804085995
139,1575745200,612,659,47,1271,49,0.10608519270892576,0.3156014637969518
139,1575759600,350,301,-49,651,49,-0.09425930237416025,-0.46212751484151
139,1575774000,190,108,-82,298,49,-0.1631277225589711,-0.9049312720340535
139,1575788400,30,35,5,65,49,0.018434476110075624,-1.1972068398127014
139,1575802800,138,285,147,423,49,0.3147773750871404,-0.7481310747279121
139,1575817200,350,555,205,905,49,0.4358188408665048,-0.1435095139154305
139,1575831600,473,427,-46,900,49,-0.08799853690281381,-0.14978152180767612
139,1575846000,248,221,-27,469,49,-0.048347022250953046,-0.6904286021192519
139,1575860400,71,43,-28,114,49,-0.05043394407473519,-1.1357411624686937
139,1575874800,36,180,144,216,49,0.3085166096157939,-1.0077922014668823
139,1575889200,495,1504,1009,1999,49,2.11370398718735,1.2288058129079198
139,1575903600,611,579,-32,1190,49,-0.05878163136986378,0.21399493594257213
139,1575918000,1608,735,-873,2343,49,-1.8138828851706483,1.6603199558944213
139,1575932400,639,249,-390,888,49,-0.8058996442838721,-0.16483434074906572
139,1575946800,115,30,-85,145,50,-0.221439869835589,-1.126619137408086
139,1575961200,36,195,159,231,50,0.2862370398009023,-1.0210150390970358
139,1575975600,537,1570,1033,2107,50,2.104719084974236,1.2826278496416865
139,1575990000,682,651,-31,1333,50,-0.10908514393243109,0.3321909648422349
139,1576004400,1835,885,-950,2720,50,-2.021196127358396,2.0353640387658
139,1576018800,742,275,-467,1017,50,-1.016245523446817,-0.05584269871929827
139,1576033200,145,57,-88,202,50,-0.2276817990524311,-1.0566257234112273
139,1576047600,49,183,134,232,50,0.23422096299388473,-1.0197870844655121
139,1576062000,475,1618,1143,2093,50,2.3335898229251133,1.2654364848003528
139,1576076400,647,682,35,1329,50,0.028237298838095243,0.3272791463161396
139,1576090800,1700,926,-774,2626,50,-1.6550029466369927,1.919936303402559
139,1576105200,743,307,-436,1050,50,-0.9517455882061154,-0.015320195879011575
139,1576119600,154,77,-77,231,50,-0.20479472525734338,-1.0210150390970358
139,1576134000,48,221,173,269,50,0.31536604281283215,-0.97435276309913
139,1576148400,539,1469,930,2008,50,1.8904128485293235,1.1610603411208265
139,1576162800,641,662,21,1303,50,-0.0008917041738345833,0.2953523258965197
139,1576177200,1542,896,-646,2438,50,-1.3886806333850628,1.6890808326760773
139,1576191600,760,355,-405,1115,50,-0.8872456529654137,0.06449685517003798
139,1576206000,414,77,-337,491,50,-0.7457619240503259,-0.7017468349008377
139,1576220400,46,190,144,236,50,0.25502739371669175,-1.0148752659394167
139,1576234800,456,1407,951,1863,50,1.9341063530472182,0.9830069195498697
139,1576249200,720,751,31,1471,50,0.019914726548972438,0.5016487039925247
139,1576263600,1568,1040,-528,2608,50,-1.14316475085594,1.89783312003513
139,1576278000,618,410,-208,1028,50,-0.4773589677261153,-0.04233519777253604
139,1576292400,246,118,-128,364,50,-0.31090752194365917,-0.8576970731043653
139,1576306800,27,67,40,94,50,0.03864051419949875,-1.1892448236158017
139,1576321200,138,360,222,498,50,0.41731755335458653,-0.6931511524801708
139,1576335600,399,776,377,1175,50,0.7398172295580953,0.13817413306146833
139,1576350000,578,670,92,1248,50,0.14683395395809526,0.2278148211627086
139,1576364400,334,395,61,729,50,0.08233401871739349,-0.40949363259816396
139,1576378800,171,126,-45,297,50,-0.1382141469443609,-0.9399700334164625
139,1576393200,26,54,28,80,50,0.01367279733213033,-1.2064361884571355
139,1576407600,129,242,113,371,50,0.19052745847598998,-0.8491013906836984
139,1576422000,336,680,344,1016,50,0.671156008172832,-0.057070653350822106
139,1576436400,462,569,107,1031,50,0.17804360004230577,-0.038651333877964524
139,1576450800,220,229,9,449,50,-0.025859421041203007,-0.753320929424839
139,1576465200,57,40,-17,97,50,-0.07995614092050127,-1.1855609597212304
139,1576479600,42,200,158,242,50,0.2841563967286216,-1.0075075381502736
139,1576494000,497,1577,1080,2074,50,2.202509309371429,1.2421053468013998
139,1576508400,593,640,47,1233,50,0.05320501570546367,0.209395501689851
139,1576522800,1694,800,-894,2494,50,-1.904680115310677,1.7578462920414122
139,1576537200,701,285,-416,986,50,-0.9101327267605014,-0.09390929229653729
139,1576551600,170,42,-128,212,51,-0.3926586001094528,-1.0156148416496638
139,1576566000,46,185,139,231,51,0.22708433326526978,-0.9897140828488447
139,1576580400,515,1599,1084,2114,51,2.4205565131870403,1.5771874340954941
139,1576594800,624,613,-11,1237,51,-0.12108585402390022,0.38166293576294774
139,1576609200,1659,812,-847,2471,51,-2.061554364515541,2.0638490599845696
139,1576623600,634,284,-350,918,51,-0.9079504772974244,-0.05319717252448943
139,1576638000,171,50,-121,221,51,-0.3764106580359582,-1.0033460611650653
139,1576652400,45,183,138,228,51,0.22476319868334196,-0.9938036763437108
139,1576666800,486,1546,1060,2032,51,2.3648492832207735,1.4654052119024852
139,1576681200,662,729,67,1391,51,0.059962643366468164,0.591595401832745
139,1576695600,1605,871,-734,2476,51,-1.7992661567576995,2.07066504914268
139,1576710000,688,335,-353,1023,51,-0.9149138810432078,0.08993859979582687
139,1576724400,166,38,-128,204,51,-0.3926586001094528,-1.0265204243026402
139,1576738800,44,190,146,234,51,0.24333227533876436,-0.9856244893539785
139,1576753200,439,1519,1080,1958,51,2.4112719748593294,1.364528572362453
139,1576767600,589,726,137,1315,51,0.22244206410141418,0.4879923666294684
139,1576782000,1560,882,-678,2442,51,-1.6692826201697426,2.02431632286753
139,1576796400,673,298,-375,971,51,-0.9659788418456194,0.019052312551479753
139,1576810800,170,72,-98,242,51,-0.3230245626516188,-0.974718906701002
139,1576825200,44,167,123,211,51,0.18994617995442498,-1.016978039481286
139,1576839600,406,1372,966,1778,51,2.1466626325195604,1.1191529626704821
139,1576854000,648,702,54,1350,51,0.02978789380140677,0.5357042907362405
139,1576868400,1260,789,-471,2049,51,-1.188807761710688,1.4885795750400603
139,1576882800,488,324,-164,812,51,-0.47621944505885355,-0.1976961426764278
139,1576897200,158,84,-74,242,51,-0.26731733268535157,-0.974718906701002
139,1576911600,41,62,21,103,51,-0.046809547402210626,-1.1642034052964683
139,1576926000,165,344,179,509,51,0.3199297165423818,-0.610745085657912
139,1576940400,443,785,342,1228,51,0.6982746533966131,0.3693941552783492
139,1576954800,640,595,-45,1235,51,-0.20000442980944538,0.3789365400997036
139,1576969200,387,316,-71,703,51,-0.2603539289395682,-0.3462847063232323
139,1576983600,135,70,-65,205,51,-0.24642712144800138,-1.0251572264710183
139,1576998000,23,38,15,61,51,-0.060736354893777426,-1.2214577142245948
139,1577012400,142,243,101,385,51,0.13888121915201337,-0.7797816167790474
139,1577026800,341,544,203,885,51,0.375636946508649,-0.09818270096801741
139,1577041200,524,574,50,1098,51,0.02050335547369557,0.19217843716748137
139,1577055600,251,218,-33,469,51,-0.1721508148263118,-0.6652729989227943
139,1577070000,68,51,-17,119,51,-0.135012661515467,-1.1423922399905153
139,1577084400,27,173,146,200,51,0.24333227533876436,-1.0319732156291286
139,1577098800,258,1004,746,1262,51,1.6360130244954443,0.4157428815534992
139,1577113200,521,699,178,1220,51,0.31760858196045394,0.3584885726253727
139,1577127600,935,622,-313,1557,51,-0.8220684977660958,0.817886241882007
139,1577142000,382,212,-170,594,51,-0.4901462525504204,-0.4948732699700369
139,1577156400,93,50,-43,143,52,-0.6234551456854339,-1.0214292573157941
139,1577170800,30,143,113,173,52,0.2356600789911449,-0.9500907118441314
139,1577185200,205,607,402,812,52,1.8272261041932685,0.5694203067022865
139,1577199600,517,496,-21,1013,52,-0.5022978704105318,1.0473885613624272
139,1577214000,530,406,-124,936,52,-1.069534204652119,0.864286294651826
139,1577228400,204,131,-73,335,52,-0.7886696119693913,-0.5648625662971523
139,1577242800,57,52,-5,109,52,-0.41418348839242114,-1.1022796088503455
139,1577257200,11,22,11,33,52,-0.32606910637431047,-1.2830039240452245
139,1577271600,83,102,19,185,52,-0.28201191536525516,-0.9215552936554663
139,1577286000,208,372,164,580,52,0.5165246716738726,0.017735555054760706
139,1577300400,316,340,24,656,52,-0.2544761709845956,0.19845987024963982
139,1577314800,154,134,-20,288,52,-0.49679072153439985,-0.6766262875360907
139,1577329200,44,38,-6,82,52,-0.41969063726855305,-1.166484299774842
139,1577343600,19,135,116,154,52,0.25218152561954066,-0.9952717906428512
139,1577358000,168,712,544,880,52,2.6092412446040005,0.7311210097713888
139,1577372400,360,631,271,991,52,1.1057896014199877,0.9950736280165412
139,1577386800,765,615,-150,1380,52,-1.2127200754315488,1.9200967676324356
139,1577401200,356,235,-121,591,52,-1.0530127580237232,0.043893021727703735
139,1577415600,99,76,-23,175,52,-0.5133121681627956,-0.9453348088126873
139,1577430000,33,148,115,181,52,0.24667437674340875,-0.9310670997183547
139,1577444400,193,605,412,798,52,1.8822975929545878,0.5361289854821771
139,1577458800,426,680,254,1106,52,1.012168070525745,1.268538052324582
139,1577473200,760,654,-106,1414,52,-0.9704055248817445,2.000947119166987
139,1577487600,397,329,-68,726,52,-0.7611338675887317,0.36491647635018637
