remote_unit_id,time_stamp,entries,exits,num_people_exited,sum_exit_entry,week_num,z_score_num_people_exited,z_score_sum_exit_entry
132,1546300800,0,0,0,0,1,0.2704384391231036,-1.4763982887653704
132,1546315200,135,172,37,307,1,0.7215386224145101,-1.0234939856213765
132,1546329600,129,160,31,289,1,0.6483872413402278,-1.0500486353171155
132,1546344000,267,250,-17,517,1,0.06317619274597093,-0.7136897391710876
132,1546358400,393,446,53,839,1,0.9166089719459289,-0.2386565612806446
132,1546372800,403,442,39,845,1,0.7459224161059373,-0.2298050113820649
132,1546387200,211,258,47,469,1,0.8434575908716468,-0.784502138359725
132,1546401600,48,59,11,107,1,0.40454930442595416,-1.318545648907366
132,1546416000,574,599,25,1173,1,0.5752358602659458,0.25407971640695776
132,1546430400,1037,887,-150,1924,1,-1.5583460877339492,1.361998712045848
132,1546444800,786,799,13,1585,1,0.42893309811738156,0.861886142776096
132,1546459200,990,924,-66,1914,1,-0.5342267526939997,1.3472461288815487
132,1546473600,297,324,27,621,1,0.5996196539573732,-0.5602628742623731
132,1546488000,62,87,25,149,1,0.5752358602659458,-1.256584799617308
132,1546502400,700,573,-127,1273,1,-1.2779324602825344,0.40160554804995247
132,1546516800,1090,898,-192,1988,1,-2.070405755253924,1.4564152442973648
132,1546531200,891,878,-13,1769,1,0.11194378012882568,1.1333336729992063
132,1546545600,1126,1005,-121,2131,1,-1.2047810792082523,1.6673771835468472
132,1546560000,356,370,14,726,1,0.44112499496309526,-0.40536075103722863
132,1546574400,76,75,-1,151,1,0.2582465422773899,-1.2536342829844482
132,1546588800,683,537,-146,1220,1,-1.5095785003510944,0.32341685727916525
132,1546601570,1033,880,-153,1913,1,-1.5949217782710903,1.3457708705651186
132,1546603200,118,75,-43,193,1,-0.25381312524258487,-1.1916734336943904
132,1546606062,165,116,-49,281,1,-0.326964506316867,-1.0618507018485552
132,1546617600,789,706,-83,1495,1,-0.7414889990711323,0.7291128942974008
132,1546632000,1085,954,-131,2039,1,-1.3267000476653892,1.531653418435292
132,1546646400,357,370,13,727,1,0.42893309811738156,-0.4038854927207987
132,1546660800,110,132,22,242,1,0.5386601697288047,-1.1193857761893231
132,1546675200,189,237,48,426,1,0.8556494877173606,-0.8479382459662128
132,1546689600,489,576,87,1065,1,1.3311334647001942,0.09475181823252346
132,1546704000,622,765,143,1387,1,2.0138796880601606,0.5697849961229664
132,1546718400,642,743,101,1385,1,1.501820020540186,0.5668344794901066
132,1546732800,416,384,-32,800,1,-0.11970225993973435,-0.29619163562141254
132,1546747200,115,128,13,243,1,0.42893309811738156,-1.1179105178728932
132,1546761600,139,201,62,340,1,1.026336043557352,-0.9748104611791882
132,1546776000,404,476,72,880,1,1.148255012014489,-0.17817097030701678
132,1546790400,653,580,-73,1233,1,-0.6195700306139954,0.34259521539275456
132,1546804800,602,541,-61,1143,1,-0.4732672684654312,0.20982196691405933
132,1546819200,305,316,11,621,1,0.40454930442595416,-0.5602628742623731
132,1546833600,70,100,30,170,1,0.6361953444945142,-1.2256043749722794
132,1546848000,705,574,-131,1279,1,-1.3267000476653892,0.41045709794853213
132,1546862400,1214,1025,-189,2239,1,-2.033830064716783,1.8267050817212815
132,1546876800,852,882,30,1734,1,0.6361953444945142,1.081699631924158
132,1546891200,1177,1025,-152,2202,1,-1.5827298814253765,1.7721205240133735
132,1546905600,329,370,41,699,2,0.9958416335003616,-0.6144148186287695
132,1546920000,73,72,-1,145,2,0.5346537517742819,-1.390749545745479
132,1546934400,756,636,-120,1392,2,-0.7720452464496109,0.3567042533782337
132,1546948800,1231,961,-270,2192,2,-2.419144824042753,1.477765231164096
132,1546963200,853,763,-90,1616,2,-0.4426253309309825,0.6706013271582751
132,1546977600,1163,1012,-151,2175,2,-1.1124458258188603,1.4539426853861463
132,1546992000,291,295,4,586,2,0.5895570710273865,-0.7727646817410225
132,1547006400,68,102,34,170,2,0.918976986546015,-1.355716390189671
132,1547020800,746,622,-124,1368,2,-0.8159679018520947,0.32307242404465786
132,1547035200,1133,912,-221,2045,2,-1.8810922953623264,1.2717702764959438
132,1547049600,872,880,8,1752,2,0.6334797264298704,0.8611816933818718
132,1547064000,1222,1039,-183,2261,2,-1.4638270690387305,1.5744567404981267
132,1547078400,306,343,37,649,2,0.9519189780978778,-0.6844811297403859
132,1547092800,74,92,18,166,2,0.7432863649360798,-1.3613216950786002
132,1547107200,683,550,-133,1233,2,-0.9147938765076832,0.1338933840432936
132,1547121600,1127,916,-211,2043,2,-1.7712856568561168,1.2689676240514791
132,1547136000,879,847,-32,1726,2,0.19425317240503245,0.8247472116038312
132,1547150400,1133,921,-212,2054,2,-1.782266320706738,1.2843822124960347
132,1547164800,346,301,-45,647,2,0.05150454234696015,-0.6872837821848505
132,1547179200,67,104,37,171,2,0.9519189780978778,-1.3543150639674386
132,1547193600,694,631,-63,1325,2,-0.1461474069642169,0.26281539648866775
132,1547208000,1082,1031,-51,2113,2,-0.014379440756765534,1.367060459607742
132,1547222400,815,842,27,1657,2,0.8421123395916683,0.7280557022698005
132,1547236800,1112,913,-199,2025,2,-1.6395176906486655,1.2437437520512973
132,1547251200,334,375,41,709,2,0.9958416335003616,-0.6004015564064462
132,1547265600,72,95,23,167,2,0.7981896841891846,-1.359920368856368
132,1547280000,172,159,-13,331,2,0.40288578556683047,-1.130102868410266
132,1547294400,446,495,49,941,2,1.0836869443053292,-0.2752938728485461
132,1547308800,533,590,57,1123,2,1.1715322551102967,-0.020252500402262466
132,1547323200,522,561,39,1083,2,0.9738803057991198,-0.07630554929155559
132,1547337600,302,326,24,628,2,0.8091703480398055,-0.7139089804072647
132,1547352000,94,111,17,205,2,0.7323057010854589,-1.3066699724115394
132,1547366400,130,128,-2,258,2,0.5236730879236609,-1.232399682633226
132,1547380800,340,331,-9,671,2,0.44680844096931427,-0.6536519528512746
132,1547395200,488,452,-36,940,2,0.15033051700254868,-0.27669519907077844
132,1547409600,410,458,48,868,2,1.0727062804547083,-0.37759068707150606
132,1547424000,233,221,-12,454,2,0.41386644941745143,-0.9577397430756898
132,1547438400,73,79,6,152,2,0.6115183987286285,-1.3809402621898528
132,1547452800,687,621,-66,1308,2,-0.17908939851607975,0.23899285071071819
132,1547467200,1108,1043,-65,2151,2,-0.1681087346654588,1.4203108560525706
132,1547481600,788,710,-78,1498,2,-0.3108573647235311,0.5052448329348604
132,1547496000,1143,933,-210,2076,2,-1.760304993005496,1.315211389385146
132,1547510400,293,332,39,625,3,0.9558210423412741,-0.49884035173478825
132,1547524800,76,61,-15,137,3,0.4202335239167929,-1.2014800088686608
132,1547539200,761,617,-144,1378,3,-0.8592255478750229,0.5853556765885849
132,1547553600,1099,902,-197,2001,3,-1.3848947789212729,1.4823731077246558
132,1547568000,842,802,-40,1644,3,0.17227633946101464,0.9683518831410647
132,1547582400,1134,1023,-111,2157,3,-0.5319220643933956,1.7069874243494183
132,1547596800,323,363,40,686,3,0.9657393297195052,-0.41101039459305416
132,1547611200,55,74,19,129,3,0.7574552947766514,-1.2129986917724949
132,1547625600,733,696,-37,1429,3,0.20203120159570803,0.6587872801005265
132,1547640000,1145,961,-184,2106,3,-1.2559570430042681,1.6335558208374767
132,1547654400,1131,818,-313,1949,3,-2.535416114796084,1.407501668849735
132,1547668800,1115,1054,-61,2169,3,-0.0360076954818391,1.7242654487051692
132,1547683200,345,306,-39,651,3,0.18219462683924578,-0.4614046322973278
132,1547697600,74,113,39,187,3,0.9558210423412741,-1.1294882407196984
132,1547712000,877,573,-304,1450,3,-2.446151528392004,0.6890238227230907
132,1547719165,768,625,-143,1393,3,-0.8493072604967917,0.6069532070332736
132,1547721526,148,107,-41,255,3,0.1623580520827835,-1.0315794360371098
132,1547721618,6,5,-1,11,3,0.5590895472120287,-1.382899264604046
132,1547726400,271,220,-51,491,3,0.0631751783004722,-0.6917782903740074
132,1547740800,867,819,-48,1686,3,0.0929300404351656,1.028824968386193
132,1547755200,1223,1062,-161,2285,3,-1.0278364333049521,1.891286350810762
132,1547769600,436,333,-103,769,3,-0.4525757653675466,-0.2915040594657766
132,1547784000,132,73,-59,205,3,-0.01617112072537684,-1.1035712041860721
132,1547796577,601,390,-211,991,3,-1.5237508022165087,0.028139391115616235
132,1547798400,278,232,-46,510,3,0.11276661519162787,-0.6644214184774017
132,1547812800,1364,992,-372,2356,3,-3.1205950701117207,1.9935146615822885
132,1547827200,757,833,76,1590,3,1.322797675335826,0.8906007735401853
132,1547841600,1151,1019,-132,2170,3,-0.7402060993362494,1.7257052840681486
132,1547856000,348,405,57,753,3,1.1343502151494345,-0.3145414252734446
132,1547870400,103,93,-10,196,3,0.46982496080794856,-1.1165297224528852
132,1547884800,200,201,1,401,3,0.578926121968491,-0.8213634730421396
132,1547899200,481,454,-27,935,3,0.30121407537801936,-0.05249138921122161
132,1547913600,571,499,-72,1070,3,-0.14510885664238155,0.14188638479097676
132,1547928000,510,502,-8,1012,3,0.48966153556441083,0.058375933738180424
132,1547942400,267,281,14,548,3,0.7078638578854958,-0.6097076746841903
132,1547956800,83,79,-4,162,3,0.5293346850773354,-1.1654841247941796
132,1547971200,115,118,3,233,3,0.5987626967249533,-1.0632558140226531
132,1547985600,299,295,-4,594,3,0.5293346850773354,-0.5434752479871449
132,1548000000,422,430,8,852,3,0.648354133616109,-0.17199772433849914
132,1548014400,338,423,85,761,3,1.4120622617399061,-0.30302274236961063
132,1548028800,158,220,62,378,3,1.18394165204059,-0.8544796863906623
132,1548043200,48,49,1,97,3,0.578926121968491,-1.2590734233878307
132,1548057600,228,218,-10,446,3,0.46982496080794856,-0.7565708817080735
132,1548072000,433,387,-46,820,3,0.11276661519162787,-0.21807245595383504
132,1548086400,447,463,16,910,3,0.727700432641958,-0.08848727328570279
132,1548100800,607,502,-105,1109,3,-0.47241234012400884,0.1980399639471674
132,1548115200,154,200,46,354,4,0.7436811449356866,-1.0757314342968731
132,1548129600,62,65,3,127,4,0.31464325508043406,-1.3957526018983415
132,1548144000,607,530,-77,1137,4,-0.4835667725572453,0.02813012619629751
132,1548158400,1103,875,-228,1978,4,-1.990188199723365,1.2137592096889622
132,1548172800,819,799,-20,1618,4,0.08515787213460124,0.7062366531403781
132,1548187200,1068,1066,-2,2134,4,0.26475512835307907,1.4336856508600155
132,1548201600,294,306,12,600,4,0.40444188318967295,-0.728924353988674
132,1548216000,66,81,15,147,4,0.4343747592260859,-1.367556904312309
132,1548230400,711,582,-129,1293,4,-1.0024032905217368,0.24805656736735068
132,1548244800,1150,965,-185,2115,4,-1.5611503098681123,1.4068997381532846
132,1548259200,849,922,73,1771,4,1.0130770292634033,0.9219337396735264
132,1548273600,1099,1085,-14,2184,4,0.1450236242074272,1.5041748948250966
132,1548288000,325,353,28,678,4,0.5640838887172088,-0.6189611334031474
132,1548302400,71,84,13,155,4,0.414419508535144,-1.3562786252778962
132,1548316800,694,628,-66,1322,4,-0.37381289375706434,0.28894032886709775
132,1548331200,1096,963,-133,2059,4,-1.042313791903621,1.3279517849123939
132,1548345600,778,777,-1,1555,4,0.2747327536985501,0.6174202057443758
132,1548360000,1091,1030,-61,2121,4,-0.3239247670297094,1.4153584474290943
132,1548374400,304,314,10,618,4,0.384486632498731,-0.7035482261612448
132,1548388800,73,95,22,168,4,0.5042181366443829,-1.337951421846975
132,1548403200,643,579,-64,1222,4,-0.3538576430661224,0.14796184093693546
132,1548409774,763,560,-203,1323,4,-1.7407475660865903,0.29035011374639935
132,1548417600,434,363,-71,797,4,-0.4237010204844193,-0.45119673276625427
132,1548432000,1002,876,-126,1878,4,-0.9724704144853239,1.0727807217588001
132,1548446400,1040,1134,94,2174,4,1.222607161518294,1.4900770460320805
132,1548460800,382,436,54,818,4,0.8235021476994545,-0.42159125030092015
132,1548475200,87,115,28,202,4,0.5640838887172088,-1.2900187359507198
132,1548489600,155,195,40,350,4,0.6838153928628606,-1.0813705738140797
132,1548504000,428,453,25,881,4,0.5341510126807959,-0.33277480290491795
132,1548518400,353,647,294,1000,4,3.2181322306124924,-0.16501040226802483
132,1548532800,1104,868,-236,1972,4,-2.070009202487133,1.2053005004131525
132,1548547200,322,313,-9,635,4,0.19491175093478214,-0.6795818832131172
132,1548561600,72,79,7,151,4,0.354553756462318,-1.3619177647951026
132,1548576000,137,132,-5,269,4,0.23482225231666612,-1.1955631490375112
132,1548590400,306,356,50,662,4,0.7835916463175706,-0.6415176914719734
132,1548604800,478,480,2,958,4,0.30466562973496303,-0.22422136719869298
132,1548619200,455,474,19,929,4,0.4742852606079699,-0.26510512869844005
132,1548633600,216,257,41,473,4,0.6937930182083316,-0.9079670336599801
132,1548648000,54,64,10,118,4,0.384486632498731,-1.408440665812056
132,1548662400,685,627,-58,1312,4,-0.2939918909932964,0.2748424800740815
132,1548676800,1065,890,-175,1955,4,-1.4613740564134026,1.181334157465025
132,1548691200,836,832,-4,1668,4,0.2447998776621371,0.7767258971054593
132,1548705600,1199,953,-246,2152,4,-2.169785455941843,1.4590617786874447
132,1548720000,310,286,-24,596,5,0.38540645909682175,-0.7106381754620018
132,1548734400,68,77,9,145,5,0.7304796841021157,-1.3610492848358535
132,1548748800,782,614,-168,1396,5,-1.1203676136535516,0.44308441322775743
132,1548763200,1251,927,-324,2178,5,-2.751622859133123,1.570848243671997
132,1548777600,807,726,-81,1533,5,-0.21062911136686774,0.6406594065408787
132,1548792000,1183,957,-226,2140,5,-1.726859948511341,1.5160464207092335
132,1548806400,331,245,-86,576,5,-0.2629129333373668,-0.7394812401792458
132,1548820800,73,80,7,153,5,0.7095661553139161,-1.349512058948956
132,1548835200,661,542,-119,1203,5,-0.6079861583426607,0.16474883870635304
132,1548849600,1112,948,-164,2060,5,-1.0785405560771524,1.4006741618402576
132,1548864000,830,789,-41,1619,5,0.2076414643971249,0.7646845848250278
132,1548878400,1046,916,-130,1962,5,-0.7230105666777586,1.2593431447257621
132,1548892800,285,238,-47,523,5,0.144900878032526,-0.8159153616799423
132,1548907200,62,70,8,132,5,0.7200229197080159,-1.379797276902062
132,1548921600,623,500,-123,1123,5,-0.6498132159190599,0.049376579837377116
132,1548936000,974,749,-225,1723,5,-1.7164031841172411,0.9146685213546966
132,1548950400,774,708,-66,1482,5,-0.05377764545537051,0.5671095915119065
132,1548964800,966,895,-71,1861,5,-0.10606146742586958,1.11368566790368
132,1548979200,279,271,-8,550,5,0.5527146894024187,-0.7769772243116629
132,1548993600,56,66,10,122,5,0.7409364484962155,-1.394218809260684
132,1549008000,720,528,-192,1248,5,-1.3713299591119472,0.22964573432015198
132,1549022400,1058,889,-169,1947,5,-1.1308243780476515,1.237710846187829
132,1549036800,823,739,-84,1562,5,-0.24199940454916719,0.6824818503808825
132,1549051200,1074,937,-137,2011,5,-0.7962079174364574,1.3300086532830098
132,1549065600,329,319,-10,648,5,0.5318011606142191,-0.6356462071971674
132,1549080000,72,104,32,176,5,0.9709852651664115,-1.3163425345241253
132,1549094400,163,209,46,372,5,1.117379966683809,-1.0336805002951344
132,1549108800,454,420,-34,874,5,0.2808388151558236,-0.3097195758923104
132,1549123200,572,616,44,1188,5,1.0964664378956093,0.14311654016842004
132,1549137600,568,554,-14,1122,5,0.4899741030378199,0.047934426601514916
132,1549152000,266,310,44,576,5,1.0964664378956093,-0.7394812401792458
132,1549166400,73,110,37,183,5,1.0232690871369106,-1.30624746187309
132,1549180800,113,130,17,243,5,0.8141337992549142,-1.219718267721358
132,1549195200,327,278,-49,605,5,0.12398734924432635,-0.697658796339242
132,1549209600,549,473,-76,1022,5,-0.15834528939636866,-0.09628089698470499
132,1549224000,448,539,91,987,5,1.5879343644183006,-0.14675626023988195
132,1549238400,272,226,-46,498,5,0.1553576424266258,-0.8519691925764973
132,1549252800,57,75,18,132,5,0.8245905636490141,-1.379797276902062
132,1549267200,719,651,-68,1370,5,-0.07469117424357014,0.40558842909534026
132,1549281600,977,1020,43,1997,5,1.0860096735015095,1.309818507980939
132,1549296000,655,739,84,1394,5,1.514737013659602,0.44020010675603305
132,1549310400,1380,1116,-264,2496,5,-2.1242169954871337,2.0294529726761765
132,1549324800,347,315,-32,662,6,0.1859164353038428,-0.5805870390569869
132,1549339200,83,71,-12,154,6,0.4515113428807611,-1.2917766067797776
132,1549353600,689,565,-124,1254,6,-1.0358201395499813,0.2482008036435879
132,1549355444,251,175,-76,426,6,-0.3983923613653775,-0.9109821925659999
132,1549368000,849,816,-33,1665,6,0.1726366899249969,0.8235923633563181
132,1549368690,51,35,-16,86,6,0.3983923613653775,-1.386975210333222
132,1549382400,759,802,43,1561,6,1.1818973387172864,0.677994499098109
132,1549396800,1031,978,-53,2009,6,-0.0929582176519214,1.305185298979625
132,1549411200,366,348,-18,714,6,0.3718328706076856,-0.5077881069278823
132,1549425600,79,89,10,168,6,0.7436657412153712,-1.2721768942834801
132,1549440000,753,630,-123,1383,6,-1.0225403941711355,0.42879815450232805
132,1549454400,1147,949,-198,2096,6,-2.018521297584579,1.4269835123494732
132,1549468800,833,859,26,1692,6,0.9561416672769059,0.8613918088848916
132,1549483200,1154,1048,-106,2202,6,-0.796784722730755,1.5753813355357247
132,1549497600,350,351,1,701,6,0.624148032805758,-0.5259878399601585
132,1549512000,63,82,19,145,6,0.8631834496249845,-1.3043764219559686
132,1549526400,753,577,-176,1330,6,-1.726366899249969,0.35459924290920225
132,1549526926,59,75,16,134,6,0.8233442134884468,-1.3197761960602024
132,1549540800,987,935,-52,1922,6,-0.07967847227307549,1.183387085609777
132,1549555200,885,853,-32,1738,6,0.1859164353038428,0.9257908642298687
132,1549569600,1153,1122,-31,2275,6,0.19919618068268874,1.6775798364092753
132,1549584000,334,351,17,685,6,0.8366239588672927,-0.5483875113844984
132,1549598400,109,72,-37,181,6,0.11951770840961323,-1.253977161251204
132,1549612800,870,678,-192,1548,6,-1.9388428253115038,0.6597947660658329
132,1549627200,1154,1004,-150,2158,6,-1.3810935193999752,1.51378223911879
132,1549641600,846,862,16,1708,6,0.8233442134884468,0.8837914803092315
132,1549656000,1153,1032,-121,2185,6,-0.9959809034134437,1.5515816846473636
132,1549670400,341,375,34,716,6,1.0623796303076731,-0.5049881479998399
132,1549684800,114,116,2,230,6,0.6374277781846039,-1.1853781675141633
132,1549699200,183,177,-6,360,6,0.5311898151538366,-1.003380837191402
132,1549713600,499,464,-35,963,6,0.14607719916730508,-0.1591932203865933
132,1549728000,615,550,-65,1165,6,-0.2523151621980724,0.12360263134569743
132,1549742400,563,564,1,1127,6,0.624148032805758,0.07040341171289027
132,1549756800,318,298,-20,616,6,0.3452733798499938,-0.6449860944019641
132,1549771200,79,111,32,190,6,1.0358201395499813,-1.2413773460750128
132,1549785600,108,127,19,235,6,0.8631834496249845,-1.178378270194057
132,1549800000,306,362,56,668,6,1.3545340286422833,-0.5721871622728595
132,1549814400,444,500,56,944,6,1.3545340286422833,-0.1857928302029969
132,1549828800,471,453,-18,924,6,0.3718328706076856,-0.21379241948342173
132,1549843200,238,234,-4,472,6,0.5577493059115285,-0.8465831372210227
132,1549857600,53,72,19,125,6,0.8631834496249845,-1.3323760112363936
132,1549872000,710,578,-132,1288,6,-1.1420581025807488,0.2958001054203101
132,1549886400,1099,912,-187,2011,6,-1.872444098417274,1.3079852579076676
132,1549900800,842,656,-186,1498,6,-1.859164353038428,0.5897957928647708
132,1549915200,1170,968,-202,2138,6,-2.0716402790999626,1.4857826498383653
132,1549929600,310,318,8,628,7,0.34333912150512325,-0.524505444058834
132,1549944000,59,76,17,135,7,0.47105016939651684,-1.2404088121218038
132,1549958400,713,593,-120,1306,7,-1.4729957818391406,0.46004320410890104
132,1549963296,547,455,-92,1002,7,-1.0756725217325829,0.01859366274755668
132,1549972800,430,408,-22,838,7,-0.0823643714661886,-0.21955674772369488
132,1549987200,768,732,-36,1500,7,-0.28102600151946744,0.7417577140566011
132,1550001600,895,762,-133,1657,7,-1.6574672954600422,0.9697431679833479
132,1550016000,248,294,46,542,7,0.8825635459354516,-0.6493891958913196
132,1550030400,55,52,-3,107,7,0.18724784074897555,-1.2810686382998222
132,1550044800,785,643,-142,1428,7,-1.7851783433514359,0.6372038753131247
132,1550045275,47,49,2,96,7,0.25819842291086087,-1.2970421414411866
132,1550059200,1177,978,-199,2155,7,-2.5940149799969285,1.6929072192923922
132,1550073600,832,846,14,1678,7,0.42847982009938557,1.0002380376168618
132,1550074015,31,33,2,64,7,0.25819842291086087,-1.343510514216065
132,1550088000,1125,1099,-26,2224,7,-0.13912483719569685,1.7931046480882238
132,1550102400,329,384,55,713,7,1.0102745938268451,-0.4010738288755634
132,1550116800,75,70,-5,145,7,0.15886760788422144,-1.2258874456296542
132,1550131200,643,650,7,1293,7,0.32914900507274614,0.4411654276691067
132,1550145600,1164,1030,-134,2194,7,-1.6716574118924192,1.7495405486117752
132,1550146480,38,31,-7,69,7,0.1304873750194673,-1.3362498309699902
132,1550160000,862,880,18,1742,7,0.4852402858288939,1.0931747831666185
132,1550174400,1261,1096,-165,2357,7,-2.1115510212961084,1.986238822433812
132,1550188800,372,389,17,761,7,0.47105016939651684,-0.33137126971324593
132,1550203200,74,103,29,177,7,0.6413315665850415,-1.1794190728547758
132,1550217600,682,575,-107,1257,7,-1.2885242682182387,0.38888850829736854
132,1550232000,1108,1015,-93,2123,7,-1.0898626381649599,1.646438846517514
132,1550246400,926,1013,87,1939,7,1.464358319662911,1.3792457030619634
132,1550260800,1096,1111,15,2207,7,0.4426699365317626,1.7684183250515697
132,1550275200,376,446,70,822,7,1.223126340312501,-0.24279093411113406
132,1550289600,77,121,44,198,7,0.8541833130706975,-1.1489242032212619
132,1550304000,181,225,44,406,7,0.8541833130706975,-0.8468797801845526
132,1550318400,482,508,26,990,7,0.5987612172879103,0.0011680229569772985
132,1550332800,660,630,-30,1290,7,-0.1958853029252051,0.43680901772146186
132,1550347200,549,584,35,1133,7,0.7264722651793039,0.20882356379471492
132,1550361600,328,355,27,683,7,0.6129513337202874,-0.4446379283520119
132,1550376000,70,112,42,182,7,0.8258030802059433,-1.1721583896087011
132,1550390400,111,135,24,246,7,0.5703809844231562,-1.0792216440589444
132,1550404800,323,375,52,698,7,0.9677042445297139,-0.42285587861378765
132,1550419200,564,477,-87,1041,7,-1.0047219395706974,0.07522699206693967
132,1550433600,459,525,66,984,7,1.1663658745829928,-0.0075447969383123925
132,1550448000,238,244,6,482,7,0.3149588886403691,-0.7365173948442165
132,1550462400,61,60,-1,121,7,0.21562807361372968,-1.2607387252108129
132,1550476800,236,238,2,474,7,0.25819842291086087,-0.7481344880379361
132,1550491200,564,434,-130,998,7,-1.614896946162911,0.012785116150696886
132,1550505600,605,548,-57,1153,7,-0.5790184465993856,0.2378662967790139
132,1550520000,588,677,89,1265,7,1.4927385525276653,0.40050560149108816
132,1550534400,264,290,26,554,8,0.6506601282711976,-0.9974969938512364
132,1550548800,69,56,-13,125,8,0.037966083943389795,-1.607512974410296
132,1550563200,558,503,-55,1061,8,-0.6218582714865571,-0.27656901682689305
132,1550577600,1136,986,-150,2122,8,-2.1143181230542942,1.2321185248354902
132,1550592000,802,858,56,1660,8,1.1219632392925882,0.5751782380795797
132,1550606400,1069,926,-143,1995,8,-2.004347397149303,1.0515310434112464
132,1550620800,307,393,86,700,8,1.593266350313979,-0.7898924876469876
132,1550635200,67,71,4,138,8,0.3050378468555111,-1.5890276416660822
132,1550649600,576,536,-40,1112,8,-0.3862067159758618,-0.20404963452266917
132,1550664000,1056,961,-95,2017,8,-1.2502624195150778,1.0828139142091469
132,1550678400,746,785,39,1531,8,0.8548914763804669,0.3917468593100722
132,1550692800,900,857,-43,1757,8,-0.43333702707800087,0.7131072593248682
132,1550707200,285,268,-17,553,8,-0.024874330859462293,-0.9989189425238683
132,1550721600,72,100,28,172,8,0.6820803356726236,-1.5406813867965996
132,1550736000,561,447,-114,1008,8,-1.5487543898286253,-0.35193229647638063
132,1550750400,1033,926,-107,1959,8,-1.4387836639236342,1.0003408911965002
132,1550764800,810,829,19,1639,8,0.5406894023662064,0.545317315954311
132,1550779200,1079,1089,10,2168,8,0.3992984690597893,1.2975281637765548
132,1550793600,371,411,40,782,8,0.8706015800811799,-0.6732926964911766
132,1550808000,89,117,28,206,8,0.6820803356726236,-1.492335131927117
132,1550822400,530,516,-14,1046,8,0.02225598024267677,-0.2978982469163707
132,1550836800,996,1026,30,2022,8,0.7135005430740496,1.0899236575723061
132,1550851200,825,835,10,1660,8,0.3992984690597893,0.5751782380795797
132,1550865600,1050,1095,45,2145,8,0.949152098584745,1.2648233443060224
132,1551484800,24,0,-24,24,9,-0.42763054995565364,-1.4435040363998923
132,1551499200,90,131,41,221,9,0.5075614938725983,-1.0775975875419312
132,1551513600,183,213,30,396,9,0.349298224917048,-0.7525537877950114
132,1551528000,479,478,-1,957,9,-0.09671644213950298,0.2894437645365429
132,1551542400,618,696,78,1314,9,1.0399015803594494,0.9525331160202594
132,1551556800,566,604,38,1170,9,0.4643987841574482,0.6850685036570796
132,1551571200,306,309,3,615,9,-0.03916616251930286,-0.3457846898260089
132,1551585600,102,143,41,245,9,0.5075614938725983,-1.033020152148068
132,1551600000,134,143,9,277,9,0.047159256910997316,-0.9735835716229169
132,1551614400,352,376,24,728,9,0.2629728054867478,-0.13589926484656925
132,1551628800,506,603,97,1109,9,1.3132654085553999,0.5717675220310104
132,1551643200,445,522,77,967,9,1.0255140104543992,0.30801769595065265
132,1551657600,242,208,-34,450,9,-0.571506249006154,-0.6522545581588189
132,1551672000,59,51,-8,110,9,-0.19742943147485317,-1.2837682262385488
132,1551686400,434,385,-49,819,9,-0.7873197975819044,0.03312351102182904
132,1551700800,998,764,-234,1762,9,-3.44902023001616,1.784645243372374
132,1551715200,741,730,-11,1471,9,-0.24059214119000327,1.2441438392217816
132,1551729600,880,906,26,1786,9,0.29174794529684783,1.8292226787662373
132,1551744000,291,341,50,632,10,0.7753911041397548,-0.6651898225759922
132,1551758400,67,63,-4,130,10,0.17095236941663886,-1.250416971506866
132,1551772800,797,739,-58,1536,10,-0.43348636530647705,0.38868536195291203
132,1551787200,1179,952,-227,2131,10,-2.3251557387917843,1.0823310862833302
132,1551801600,898,843,-55,1741,10,-0.3999064355996373,0.627672544285241
132,1551816000,1135,1184,49,2319,10,0.7641977942374749,1.3014998193490757
132,1551830400,375,392,17,767,10,0.4060118773645172,-0.5078080195766537
132,1551844800,64,97,33,161,10,0.585104835800996,-1.2142774463736845
132,1551859200,720,602,-118,1322,10,-1.1050849594432723,0.13920605942062717
132,1551873600,1234,913,-321,2147,10,-3.3773268696060974,1.100983744416585
132,1551888000,884,777,-107,1661,10,-0.9819585505181933,0.5344092536189663
132,1551902400,1124,1112,-12,2236,10,0.08140589019839946,1.2047391552828157
132,1551916800,353,356,3,709,10,0.2493055387325983,-0.5754239053097028
132,1551931200,76,85,9,161,10,0.31646539814627783,-1.2142774463736845
132,1551945600,677,644,-33,1321,10,-0.15365361774947894,0.13804026828729873
132,1551960000,1108,1083,-25,2191,10,-0.06410713853123956,1.1522785542830363
132,1551974400,842,899,57,1741,10,0.8537442734557142,0.627672544285241
132,1551988800,1294,1094,-200,2388,10,-2.022936371430226,1.3819394075487377
132,1552003200,353,413,60,766,10,0.887324203162554,-0.508973810709982
132,1552017600,61,279,218,340,10,2.655867167722782,-1.005600833507895
132,1552032000,729,680,-49,1409,10,-0.3327465761859577,0.24062988802020094
132,1552046400,1141,1054,-87,2195,10,-0.7580923524725948,1.15694171881635
132,1552060800,957,960,3,1917,10,0.2493055387325983,0.8328517837510453
132,1552075200,1117,1154,37,2271,10,0.6298780754101158,1.245541844949311
132,1552089600,365,368,3,733,10,0.2493055387325983,-0.5474449181098203
132,1552104000,101,114,13,215,10,0.36123863775539755,-1.1513247251739491
132,1552118400,301,222,-79,523,10,-0.6685458732543554,-0.7922610561087915
132,1552132800,703,576,-127,1279,10,-1.2058247485637916,0.08907704068750452
132,1552147200,619,701,82,1320,10,1.1335770210127123,0.1368744771539703
132,1552161600,611,645,34,1256,10,0.596298145703276,0.06226384462095054
132,1552176000,351,356,5,707,10,0.27169215853715817,-0.5777554875763596
132,1552194000,79,126,47,205,10,0.741811174432915,-1.1629826365072335
132,1552208400,171,166,-5,337,10,0.15975905951435893,-1.0090982069078802
132,1552218076,201,228,27,429,10,0.5179449763873165,-0.9018454226416642
132,1552218161,2,10,8,12,10,0.30527208824399793,-1.3879803252396212
132,1552222800,152,151,-1,303,10,0.20453229912347862,-1.048735105441047
132,1552237200,507,518,11,1025,10,0.3388520179508377,-0.20703390717791767
132,1552251600,394,471,77,865,10,1.0776104715013128,-0.3935604885104671
132,1552266000,172,206,34,378,10,0.596298145703276,-0.9613007704414144
132,1552280400,55,59,4,114,10,0.2604988486348782,-1.269069629640121
132,1552294800,558,520,-38,1078,10,-0.20962016726087856,-0.1452469771115107
132,1552309200,2049,1892,-157,3941,10,-1.5416240456321895,3.1924130376077957
132,1552323600,1033,1027,-6,2060,10,0.148565749612079,0.9995599158170114
132,1552338000,981,961,-20,1942,10,-0.008140589019839937,0.8619965620842562
132,1552352400,241,276,35,517,11,0.44522443627326797,-0.8394818328295846
132,1552366800,69,122,53,191,11,0.6050292190849713,-1.271618256233411
132,1552381200,1105,1124,19,2229,11,0.3031757404406428,1.4298971759659702
132,1552395600,838,985,147,1823,11,1.4395653071016443,0.8917150044875851
132,1552410000,1126,1047,-79,2173,11,-0.5668725215341864,1.3556651523137793
132,1552424400,992,951,-41,1943,11,-0.2295068689317016,1.050783626599423
132,1552438800,290,286,-4,576,11,0.09898074018124414,-0.7612730936245975
132,1552453200,54,75,21,129,11,0.320931827419721,-1.353803710991194
132,1552464330,797,680,-117,1477,11,-0.9042381741366712,0.4330671440651191
132,1552467600,430,398,-32,828,11,-0.14960447752584993,-0.42722898718973784
132,1552472546,386,407,21,793,11,0.320931827419721,-0.47362400197235727
132,1552477769,238,280,42,518,11,0.5073707407000415,-0.8381562609786526
132,1552482000,207,262,55,469,11,0.6227853060640495,-0.9031092816743197
132,1552486141,252,208,-44,460,11,-0.2561409994003188,-0.9150394283327076
132,1552496400,776,791,15,1567,11,0.2676635664824865,0.5523686106489976
132,1552510800,1009,1014,5,2023,11,0.1788831315870958,1.1568293746739817
132,1552525200,300,262,-38,562,11,-0.20287273846308437,-0.7798310995376453
132,1552539600,61,69,8,130,11,0.205517262055713,-1.3524781391402618
132,1552551978,957,748,-209,1705,11,-1.721018175174266,0.7352975260776112
132,1552554000,271,237,-34,508,11,-0.1673605645049281,-0.8514119794879724
132,1552568400,770,952,182,1722,11,1.7502968292355119,0.7578322475434549
132,1552582800,1115,1124,9,2239,11,0.21439530554525207,1.44315289447529
132,1552597200,1483,1041,-442,2524,11,-3.78960230823687,1.8209408719909053
132,1552611600,399,287,-112,686,11,-0.8598479566889758,-0.6154601900220794
132,1552626000,80,74,-6,154,11,0.08122465320216599,-1.3206644147178943
132,1552640400,1120,1088,-32,2208,11,-0.14960447752584993,1.4020601670963986
132,1552654800,854,973,119,1827,11,1.1909800893945504,0.8970172918913131
132,1552669200,1117,1115,-2,2232,11,0.11673682716032228,1.433873891518766
132,1552683600,1340,942,-398,2282,11,-3.398968394697151,1.5001524840653653
132,1552698000,479,282,-197,761,11,-1.614481653299797,-0.5160423012021808
132,1552712400,77,82,5,159,11,0.1788831315870958,-1.3140365554632345
132,1552726800,346,290,-56,636,11,-0.3626775212747877,-0.6817387825686786
132,1552741200,653,576,-77,1229,11,-0.5491164345551083,0.10432532503398731
132,1552755600,677,779,102,1456,11,1.0400533500723859,0.4052301351955474
132,1552770000,541,611,70,1152,11,0.7559559584071356,0.0022562925122246195
132,1552784400,281,283,2,564,11,0.15224900111847856,-0.7771799558357814
132,1552798800,48,77,29,125,11,0.39195617533603355,-1.3591059983949219
132,1552813200,194,191,-3,385,11,0.1078587836707832,-1.0144573171526063
132,1552827600,440,514,74,954,11,0.7914681323652919,-0.260206933972308
132,1552842000,614,554,-60,1168,11,-0.398189695232944,0.023465442127136346
132,1552856400,447,522,75,969,11,0.8003461758548309,-0.24032335620832826
132,1552870800,191,209,18,400,11,0.29429769695110375,-0.9945737393886266
132,1552885200,45,72,27,117,11,0.3742000883569554,-1.3697105732023778
132,1552899600,1083,1075,-8,2158,11,0.06346856622308784,1.3357815745497994
132,1552914000,846,855,9,1701,11,0.21439530554525207,0.7299952386738833
132,1552928400,916,993,77,1909,11,0.8181022628339091,1.0057141836677357
132,1552942800,833,893,60,1726,11,0.6671755235117448,0.7631345349471829
132,1552957200,209,310,101,519,12,1.111795985825455,-0.9473242664727092
132,1552971600,49,71,22,120,12,0.16299478187255897,-1.4679611567242394
132,1552986000,1151,1059,-92,2210,12,-1.2061613858569364,1.2591844588790144
132,1553000400,875,857,-18,1732,12,-0.31741089101498327,0.6354640740664041
132,1553014800,1048,1027,-21,2075,12,-0.353441316481549,1.0830291200721056
132,1553029200,1011,964,-47,1975,12,-0.6657050038584514,0.9525436839188398
132,1553043600,276,275,-1,551,12,-0.11323848003777781,-0.9055689269036642
132,1553058000,43,78,35,121,12,0.3191266255610102,-1.4666563023627068
132,1553072400,1190,1099,-91,2289,12,-1.194151244034748,1.3622679534400943
132,1553086800,858,799,-59,1657,12,-0.809826705724714,0.5375999969514548
132,1553101200,1075,1008,-67,2083,12,-0.9059078403022225,1.0934679549643669
132,1553115600,995,969,-26,1964,12,-0.41349202559249176,0.9381902859419806
132,1553130000,273,276,3,549,12,-0.06519791274902359,-0.9081786356267295
132,1553144400,59,65,6,124,12,-0.029167487282457924,-1.4627417392781088
132,1553158800,1163,1037,-126,2200,12,-1.6145062078113472,1.2461359152636877
132,1553173200,927,698,-229,1625,12,-2.8515508154967684,0.4958446573824098
132,1553187600,997,1081,84,2078,12,0.9076235748482494,1.0869436831567036
132,1553202000,910,913,3,1823,12,-0.06519791274902359,0.754205820965876
132,1553216400,226,280,54,506,12,0.5473193201825928,-0.9642873731726338
132,1553230800,52,72,20,124,12,0.13897449822818186,-1.4627417392781088
132,1553245200,1023,934,-89,1957,12,-1.1701309603903707,0.9290563054112521
132,1553259600,854,993,139,1847,12,1.5681813750686202,0.7855223256426597
132,1553274000,980,1115,135,2095,12,1.5201408077798657,1.1091262073027588
132,1553288400,880,1020,140,1900,12,1.5801915168908087,0.8546796068038905
132,1553302800,302,326,24,628,12,0.18701506551693609,-0.8050951410656496
132,1553317200,54,92,38,146,12,0.35515705102757583,-1.4340349433243904
132,1553331600,319,368,49,687,12,0.48726861107165,-0.7281087337352228
132,1553346000,556,630,74,1186,12,0.7875221566263638,-0.07698640733042678
132,1553360400,715,646,-69,1361,12,-0.9299281239465996,0.15136310593778826
132,1553374800,520,730,210,1250,12,2.4209014444440076,0.006524271807663287
132,1553389200,278,321,43,599,12,0.4152077601385186,-0.8429359175500967
132,1553403600,60,94,34,154,12,0.3071164837388216,-1.4235961084321291
132,1553418000,199,224,25,423,12,0.19902520733912463,-1.0725902851798443
132,1553432400,425,542,117,967,12,1.3039582549804718,-0.36274951250607873
132,1553446800,608,667,59,1275,12,0.6073700292935356,0.03914563084597972
132,1553461200,485,588,103,1073,12,1.135816269469832,-0.22443495018361706
132,1553475600,236,208,-28,444,12,-0.43751230923686885,-1.0451883435876586
132,1553490000,47,47,0,94,12,-0.10122833821558926,-1.5018873701240887
132,1553504400,1160,1080,-80,2240,12,-1.0620396839906738,1.298330089724994
132,1553518800,837,776,-61,1613,12,-0.8338469893690912,0.4801864050440179
132,1553533200,1055,1085,30,2140,12,0.2590759164500674,1.1678446535717284
132,1553547600,988,898,-90,1886,12,-1.1821411022125594,0.8364116457424333
132,1553562000,263,274,11,537,13,-0.17475899679899198,-0.9767953647956225
132,1553576400,46,75,29,121,13,-0.00273060932498424,-1.5101256339740323
132,1553590800,1180,1098,-82,2278,13,-1.0635723320813653,1.2552430934726746
132,1553605200,879,862,-17,1741,13,-0.4423587106474485,0.5667855104226599
132,1553619600,1053,1121,68,2174,13,0.3699975635353659,1.121910526178072
132,1553634000,1085,1017,-68,2102,13,-0.9297724751571371,1.0296033642048856
132,1553648400,297,309,12,606,13,-0.1652018641615471,-0.8883343345713189
132,1553662800,64,86,22,150,13,-0.06963053778709836,-1.472946360401499
132,1553677200,1154,997,-157,2151,13,-1.780357279889731,1.0924235161033042
132,1553691600,898,906,8,1804,13,-0.20343039471132662,0.6475542771491979
132,1553706000,971,1097,126,2068,13,0.9243112565071687,0.9860138710508811
132,1553720400,1002,888,-114,1890,13,-1.3694005764796013,0.7578100539505038
132,1553734800,307,253,-54,560,13,-0.7959726182329088,-0.9473083547208546
132,1553749200,59,68,9,127,13,-0.19387326207388175,-1.5024333704762667
132,1553763600,1123,1049,-74,2172,13,-0.9871152709818063,1.1193464383454836
132,1553778000,854,799,-55,1653,13,-0.8055297508703537,0.45396564578876547
132,1553792400,1006,1204,198,2210,13,1.6124248064031999,1.1680641071646651
132,1553806800,1114,1049,-65,2163,13,-0.9011010772448025,1.1078080430988353
132,1553821200,277,346,69,623,13,0.3795546961728108,-0.8665395879943165
132,1553835601,68,79,11,147,13,-0.17475899679899198,-1.4767924921503817
132,1553850000,1111,1001,-110,2112,13,-1.3311720459298217,1.0424238033678284
132,1553864400,913,959,46,1872,13,0.15974064551157863,0.7347332634572072
132,1553878800,1040,1126,86,2166,13,0.5420259510093737,1.111654174847718
132,1553893200,1009,944,-65,1953,13,-0.9011010772448025,0.8385788206770418
132,1553907600,282,376,94,658,13,0.6184830121089328,-0.8216680509240176
132,1553922000,60,98,38,158,13,0.08328358441201963,-1.462690009071145
132,1553936400,319,423,104,742,13,0.7140543384833815,-0.7139763619553003
132,1553950800,626,777,151,1403,13,1.1632395724432907,0.1334546667152019
132,1553965200,723,1056,333,1779,13,2.902637712458258,0.6155031792418415
132,1553979600,559,844,285,1403,13,2.443895345860904,0.1334546667152019
132,1553994000,298,465,167,763,13,1.3161536946424086,-0.6870534397131209
132,1554008400,78,141,63,219,13,0.3222119003481415,-1.3844853301771953
132,1554022800,187,226,39,413,13,0.09284071704946452,-1.13576881041611
132,1554037200,460,505,45,965,13,0.15018351287413376,-0.42808056862168153
132,1554051600,536,680,144,1216,13,1.0963396439811766,-0.10628754563182369
132,1554066000,425,532,107,957,13,0.7427257363957162,-0.4383369199520356
132,1554080400,213,219,6,432,13,-0.22254465998621636,-1.1114099760065193
132,1554094800,53,59,6,112,13,-0.22254465998621636,-1.5216640292206807
132,1554109200,1056,1074,18,2130,13,-0.10785906833687786,1.0655005938611248
132,1554123600,909,769,-140,1678,13,-1.6178860250531681,0.48601674369612186
132,1554138000,1062,1111,49,2173,13,0.18841204342391327,1.1206284822617778
132,1554152400,1043,930,-113,1973,13,-1.3598434438421565,0.8642196990029269
132,1554166800,265,323,58,588,14,0.5976629523744449,-0.9216904273909777
132,1554181200,60,79,19,139,14,0.06647905872857364,-1.4849738988800745
132,1554195600,1199,1148,-51,2347,14,-0.88692792986658,1.2850258896453723
132,1554210000,871,888,17,1759,14,0.039238859054426395,0.5473629024837044
132,1554224400,1093,1081,-12,2174,14,-0.35574403622070866,1.0679923917219565
132,1554238800,983,983,0,1966,14,-0.1923028381758252,0.8070503826579651
132,1554253200,241,333,92,574,14,1.060746346834948,-0.9392538318472079
132,1554267600,68,68,0,136,14,-0.1923028381758252,-1.4887374855492668
132,1554282000,1265,1165,-100,2430,14,-1.5543128218831874,1.3891517874930228
132,1554296400,963,867,-96,1830,14,-1.499832422534893,0.6364344536545862
132,1554310800,1086,1207,121,2293,14,1.4557292421100831,1.2172813295999132
132,1554325200,1079,1055,-24,2134,14,-0.5191852342655922,1.0178112361327274
132,1554339600,268,299,31,567,14,0.2299202567734571,-0.948035534075323
132,1554354000,66,68,2,134,14,-0.16506263850167793,-1.491246543328728
132,1554368400,1165,1054,-111,2219,14,-1.7041339200909973,1.1244461917598392
132,1554382800,857,943,86,1800,14,0.9790257478125063,0.5987985869626643
132,1554397200,1094,1182,88,2276,14,1.0062659474866535,1.1959543384744908
132,1554411600,1108,967,-141,2075,14,-2.112736915203206,0.9437940316386144
132,1554426000,282,360,78,642,14,0.8700649491159174,-0.8539458673455185
132,1554440400,64,92,28,156,14,0.18905995726223623,-1.4636469077546521
132,1554454800,1113,972,-141,2085,14,-2.112736915203206,0.9563393205359217
132,1554469200,892,935,43,1827,14,0.39336145481834056,0.632670866985394
132,1554483600,1016,1110,94,2126,14,1.0879865465090952,1.0077750050148815
132,1554498000,1007,961,-46,1968,14,-0.8188274306812119,0.8095594404374266
132,1554512400,280,367,87,647,14,0.99264584764958,-0.8476732228968648
132,1554526800,52,90,38,142,14,0.32526095563297247,-1.4812103122108824
132,1554541200,330,506,176,836,14,2.2048347331491325,-0.6105672627377572
132,1554555600,650,743,93,1393,14,1.0743664466720217,0.08820532884225812
132,1554570000,822,931,109,1753,14,1.2922880440651996,0.5398357291453201
132,1554584400,658,695,37,1353,14,0.31164085579589884,0.038024173253029016
132,1554598800,292,349,57,641,14,0.5840428525373713,-0.8552003962352491
132,1554613200,75,104,29,179,14,0.20268005709930986,-1.4347927432908454
132,1554627600,214,236,22,450,14,0.10733935823979451,-1.0948154141738182
132,1554642000,496,616,120,1112,14,1.4421091422730095,-0.26431728917207636
132,1554656400,631,638,7,1269,14,-0.09696213931630983,-0.06735625348435212
132,1554670800,522,459,-63,981,14,-1.0503691279114635,-0.4286605737268017
132,1554685200,212,222,10,434,14,-0.05610183980508896,-1.1148878764095098
132,1554699600,56,66,10,122,14,-0.05610183980508896,-1.5063008900054968
132,1554714000,1119,1051,-68,2170,14,-1.1184696270968315,1.0629742761630336
132,1554728400,913,926,13,1839,14,-0.015241540293868096,0.6477252136621627
132,1554742800,1057,1010,-47,2067,14,-0.8324475305182855,0.9337578005207686
132,1554757200,996,924,-72,1920,14,-1.172950026445126,0.7493420537303517
132,1554771600,280,273,-7,553,15,-0.2644165257220451,-0.8945829045876775
132,1554786000,59,56,-3,115,15,-0.21962604590772372,-1.437160457293066
132,1554800400,1205,1107,-98,2312,15,-1.283399941497857,1.2843986369848757
132,1554814800,879,883,4,1762,15,-0.14124270623266125,0.6030797922634975
132,1554829200,1045,1016,-29,2061,15,-0.5107641647008128,0.9734694914847559
132,1554843600,1041,930,-111,1971,15,-1.4289690008944016,0.8619809532576213
132,1554858000,256,268,12,524,15,-0.051661746604018434,-0.930506989127532
132,1554872400,61,62,1,123,15,-0.1748355660934023,-1.4272503650062096
132,1554886800,1212,1108,-104,2320,15,-1.3505856612193392,1.2943087292717321
132,1554887407,68,89,21,157,15,0.049116832978204725,-1.3851324727870697
132,1554901200,851,816,-35,1667,15,-0.5779498844222949,0.48539744635707766
132,1554915600,1075,1105,30,2180,15,0.1498954125604279,1.1208821142517449
132,1554930000,1073,1080,7,2153,15,-0.1076498463719202,1.0874355527836046
132,1554944400,391,261,-130,652,15,-1.6417237800124285,-0.7719455125378294
132,1554958800,103,192,89,295,15,0.8105549898216686,-1.2141833808387967
132,1554973200,1187,1051,-136,2238,15,-1.7089094997339105,1.192730283331454
132,1554987600,891,898,7,1789,15,-0.1076498463719202,0.6365263537316379
132,1555002000,1072,1097,25,2169,15,0.09390731279252613,1.1072557373573175
132,1555016400,1059,995,-64,2054,15,-0.9026808630761252,0.9647981607337566
132,1555030800,316,297,-19,613,15,-0.3987879651650093,-0.8202572124362544
132,1555045200,59,71,12,130,15,-0.051661746604018434,-1.4185790342552103
132,1555059600,1077,993,-84,2070,15,-1.1266332621477322,0.9846183453074694
132,1555059687,6,7,1,13,15,-0.1748355660934023,-1.5635141339504852
132,1555074000,910,1025,115,1935,15,1.1016931086147579,0.8173855379667674
132,1555088400,1105,1242,137,2347,15,1.3480407475935257,1.3277552907398726
132,1555102800,1163,948,-215,2111,15,-2.5935214760667584,1.0354075682776085
132,1555117200,273,418,145,691,15,1.4376217072221682,-0.7236338126394044
132,1555131600,71,105,34,176,15,0.1946858923747493,-1.361596003605786
132,1555146000,357,437,80,794,15,0.7097764102394455,-0.5960413744461281
132,1555160400,656,745,89,1401,15,0.8105549898216686,0.15588687781910202
132,1555174800,778,934,156,1712,15,1.560795526711552,0.5411417154706449
132,1555189200,625,830,205,1455,15,2.1094789044369895,0.2227800007553828
132,1555203600,293,384,91,677,15,0.8329502297288294,-0.7409764741414031
132,1555218000,58,99,41,157,15,0.27306923204981176,-1.3851324727870697
132,1555232400,219,325,106,544,15,1.0009145290325347,-0.905731758410391
132,1555246800,547,637,90,1184,15,0.821752609775249,-0.11292437546187813
132,1555261200,630,783,153,1413,15,1.527202666850811,0.17075201624938663
132,1555275600,481,585,104,1066,15,0.978519289125374,-0.2590982366930102
132,1555290000,199,301,102,500,15,0.9561240492182133,-0.9602372659881012
132,1555304400,52,68,16,120,15,-0.00687126678969703,-1.4309666496137807
132,1555318800,1136,1040,-96,2176,15,-1.2610047015906964,1.1159270681083169
132,1555333200,898,947,49,1845,15,0.36265019167845464,0.7058969997396328
132,1555347600,1019,1023,4,2042,15,-0.14124270623266125,0.9499330223034719
132,1555362000,952,888,-64,1840,15,-0.9026808630761252,0.6997031920603476
132,1555376400,250,297,47,547,16,0.2374802953424051,-0.9709486924803951
132,1555390800,88,68,-20,156,16,-0.5609301599664694,-1.502180390894956
132,1555405200,1174,1116,-58,2290,16,-1.0137599704401594,1.3971762444418039
132,1555419600,1055,919,-136,1974,16,-1.9432527393072077,0.9678432094059951
132,1555434000,998,1000,2,1998,16,-0.2987655328501226,1.0004507816871957
132,1555448400,1034,968,-66,2002,16,-1.109092562118831,1.005885377067396
132,1555462800,306,384,78,690,16,0.6068940880972575,-0.7766619076382411
132,1555477200,60,89,29,149,16,0.022981964065394028,-1.5116909328103063
132,1555491600,1122,1095,-27,2217,16,-0.6443461776853071,1.297994878753152
132,1555506000,879,942,63,1821,16,0.42814547869974834,0.7599699361133407
132,1555520400,1068,1053,-15,2121,16,-0.5013472901672997,1.1675645896283493
132,1555534800,1143,954,-189,2097,16,-2.574831159178407,1.1349570173471486
132,1555549200,302,384,82,686,16,0.6545603839365933,-0.7820965030184411
132,1555563600,47,70,23,117,16,-0.04851747969360967,-1.5551676958519072
132,1555578000,1223,1066,-157,2289,16,-2.1935007924637207,1.395817595596754
132,1555592400,1019,920,-99,1939,16,-1.5023395027933515,0.920290499829244
132,1555606800,1105,1124,19,2229,16,-0.09618377553294546,1.3142986648937522
132,1555621200,1059,967,-92,2026,16,-1.4189234850745138,1.0384929493485966
132,1555635600,264,423,159,687,16,1.5721365788438073,-0.7807378541733911
132,1555650000,75,88,13,163,16,-0.16768321929194915,-1.4926698489796058
132,1555664400,720,793,73,1513,16,0.5473112182980878,0.3415060918379321
132,1555678800,772,889,117,1661,16,1.0716404725307815,0.5425861209053363
132,1555693200,919,997,78,1916,16,0.6068940880972575,0.8890415763930934
132,1555707600,768,891,123,1659,16,1.1431399162897853,0.5398688232152362
132,1555722000,312,326,14,638,16,-0.1557666453321152,-0.8473116475808424
132,1555736400,59,110,51,169,16,0.2851465911817409,-1.4845179559093056
132,1555750800,287,358,71,645,16,0.52347807037842,-0.8378011056654923
132,1555765200,541,643,102,1184,16,0.8928918631332724,-0.10548937818352713
132,1555779600,638,834,196,1472,16,2.0130498153576633,0.28580148919088094
132,1555794000,522,636,114,1158,16,1.0358907506512798,-0.14081424815482788
132,1555808400,295,388,93,683,16,0.7856426974947668,-0.7861724495535912
132,1555822800,72,105,33,177,16,0.07064825990472982,-1.4736487651489054
132,1555837200,212,245,33,457,16,0.07064825990472982,-1.0932270885348976
132,1555851600,506,673,167,1179,16,1.667469170522479,-0.11228262240877727
132,1555866000,617,640,23,1257,16,-0.04851747969360967,-0.006308012494875086
132,1555880400,608,592,-16,1200,16,-0.5132638641271337,-0.08375099666272669
132,1555894800,238,306,68,544,16,0.4877283484989181,-0.9750246390155451
132,1555909200,58,70,12,128,16,-0.1795997932517831,-1.540222558556357
132,1555923600,896,983,87,1879,16,0.7141432537357632,0.8387715691262424
132,1555938000,844,913,69,1757,16,0.499644922458752,0.673016410030139
132,1555952400,938,864,-74,1802,16,-1.2044251537975028,0.7341556080573902
132,1555966800,833,880,47,1713,16,0.2374802953424051,0.6132358608479377
132,1555981200,264,262,-2,526,17,-0.307479280979345,-0.9592207887428454
132,1555995600,56,78,22,134,17,0.028316076796581092,-1.5141068105221998
132,1556010000,1098,1033,-65,2131,17,-1.1889420951411511,1.3126977443078278
132,1556024400,826,845,19,1671,17,-0.013658342925409668,0.6615559840565446
132,1556038800,1048,1014,-34,2062,17,-0.7552064246805797,1.2150264802701354
132,1556053200,937,1016,79,1953,17,0.8258300515144056,1.0607341936018966
132,1556067600,272,285,13,557,17,-0.09760718236939118,-0.915339496204172
132,1556082000,49,75,26,124,17,0.08428196975923544,-1.5282620661798365
132,1556096400,1096,941,-155,2037,17,-2.448174686800874,1.1796383411260438
132,1556110800,943,832,-111,1775,17,-1.832549864211676,0.8087706428959651
132,1556125200,977,998,21,1975,17,0.014324603555917505,1.091875756048697
132,1556139600,907,931,24,1838,17,0.05629902327790826,0.8979487535390757
132,1556154000,320,292,-28,612,17,-0.6712575852365983,-0.8374855900871707
132,1556168400,59,63,4,122,17,-0.22353044153536347,-1.5310931173113638
132,1556182800,917,900,-17,1817,17,-0.5173513795892988,0.8682227166580389
132,1556197200,868,945,77,1813,17,0.7978471050330783,0.8625606143949842
132,1556211600,1016,990,-26,2006,17,-0.643274638755271,1.1357570485873705
132,1556226000,891,947,56,1838,17,0.504026166979143,0.8979487535390757
132,1556240400,283,360,77,643,17,0.7978471050330783,-0.7936042975484973
132,1556254800,74,68,-6,142,17,-0.3634451739419993,-1.5027826059960905
132,1556269200,806,831,25,1637,17,0.07029049651857185,0.6134281148205801
132,1556283600,768,875,107,1643,17,1.2175913022529858,0.6219212682151621
132,1556298000,921,941,20,1862,17,0.00033313031525391857,0.9319213671174035
132,1556312400,819,932,113,1751,17,1.3015401416969674,0.7747980293176373
132,1556326800,286,296,10,582,17,-0.13958160209138196,-0.8799513570600804
132,1556341200,74,85,11,159,17,-0.12559012885071835,-1.4787186713781084
132,1556355600,339,355,16,694,17,-0.05563276264740043,-0.7214124936945506
132,1556370000,550,609,59,1159,17,0.5460005867011338,-0.06319310561444903
132,1556384400,684,723,39,1407,17,0.26617112188786207,0.2878572346949385
132,1556398800,576,587,11,1163,17,-0.12559012885071835,-0.0575310033513944
132,1556413200,311,346,35,657,17,0.2102052289252077,-0.773786939627806
132,1556427600,54,112,58,166,17,0.5320091134604702,-1.4688099924177627
132,1556442000,231,220,-11,451,17,-0.43340254014531726,-1.06538520617512
132,1556456400,424,525,101,949,17,1.1336424628090043,-0.3604534744248175
132,1556470800,581,674,93,1255,17,1.0217106768836957,0.07269734869886227
132,1556485200,465,507,42,972,17,0.3081455416098528,-0.3278963864122533
132,1556499600,300,220,-80,520,17,-1.398814193751105,-0.9677139421374273
132,1556514000,76,51,-25,127,17,-0.6292831655146075,-1.5240154894825455
132,1556528400,880,1176,296,2056,17,3.8619797447384037,1.2065333268755534
132,1556542800,871,851,-20,1722,17,-0.5593257993112896,0.7337477879104912
132,1556557200,965,1025,60,1990,17,0.5599920599417973,1.113108639535152
132,1556571600,975,880,-95,1855,17,-1.6086862923610588,0.9220126881570578
132,1556586000,259,255,-4,514,18,-0.1968654186314062,-0.9283737686504849
132,1556600400,62,59,-3,121,18,-0.18452627558328386,-1.4139587416542414
132,1556614800,1135,1153,18,2288,18,0.07459572842728496,1.2635543283181256
132,1556629200,873,893,20,1766,18,0.0992740145235296,0.6185788679925254
132,1556643600,1042,1135,93,2177,18,1.0000314570364592,1.1264043741109577
132,1556658000,1066,931,-135,1997,18,-1.8132931579354308,0.9039990429641991
132,1556672400,315,369,54,684,18,0.5188048781596887,-0.7183242892341017
132,1556686800,76,73,-3,149,18,-0.18452627558328386,-1.3793623568091902
132,1556701200,1100,1047,-53,2147,18,-0.8014834279894001,1.0893368189198314
132,1556715600,859,963,104,1822,18,1.135762030565805,0.6877716376826281
132,1556730000,1006,1112,106,2118,18,1.1604403166620496,1.0535048489017425
132,1556744400,1070,1000,-70,2070,18,-1.0112488598074796,0.9941967605959401
132,1556758800,333,310,-23,643,18,-0.43130913654573033,-0.7689832813286412
132,1556773200,70,87,17,157,18,0.06225658537916263,-1.3694776754248896
132,1556787600,1170,1099,-71,2269,18,-1.023588002855602,1.2400782100304122
132,1556787807,15,16,1,31,18,-0.13516970339079457,-1.5251614072276207
132,1556790051,173,186,13,359,18,0.012900013186673333,-1.119889470471305
132,1556802000,706,710,4,1416,18,-0.09815227424642758,0.18612405742938354
132,1556816400,1213,1144,-69,2357,18,-0.9989097167593572,1.3488097052577164
132,1556830800,1095,935,-160,2030,18,-2.121771734138489,0.9447733536744382
132,1556845200,317,360,43,677,18,0.3830743046303431,-0.7269733854453646
132,1556859600,68,120,52,188,18,0.494126592063444,-1.3311745350607256
132,1556874000,1133,950,-183,2083,18,-2.4055720242453025,1.0102593678454281
132,1556888400,918,1065,147,1983,18,1.6663451816350647,0.8867008505416734
132,1556902800,1137,1294,157,2431,18,1.7897366121162879,1.440243008062495
132,1556917200,1065,877,-188,1942,18,-2.467267739485914,0.8360418584471339
132,1556931600,356,406,50,762,18,0.46944830596719933,-0.621948645737173
132,1556946000,58,120,62,178,18,0.6175180225446673,-1.3435303867911013
132,1556960400,324,341,17,665,18,0.06225658537916263,-0.7418004075218152
132,1556974800,582,689,107,1271,18,1.172779459710172,0.006964207338939036
132,1556989200,772,858,86,1630,18,0.913657455699603,0.4505392844594188
132,1557003600,691,669,-22,1360,18,-0.418969993497608,0.11693128773928083
132,1557018000,332,331,-1,663,18,-0.1598479894870392,-0.7442715778678903
132,1557032400,72,131,59,203,18,0.5805005934003002,-1.3126407574651624
132,1557046800,219,200,-19,419,18,-0.38195256435324104,-1.045754360089052
132,1557061200,446,614,168,1060,18,1.9254671856456334,-0.25374426417198365
132,1557075600,549,647,98,1196,18,1.061727172277071,-0.08570468063887708
132,1557090000,472,528,56,1000,18,0.5434831642559333,-0.32787937455423655
132,1557104400,212,233,21,445,18,0.11161315757165192,-1.0136291455900759
132,1557118800,57,61,4,118,18,-0.09815227424642758,-1.417665497173354
132,1557133200,1157,1129,-28,2286,18,-0.49300485178634196,1.2610831579720505
132,1557147600,941,919,-22,1860,18,-0.418969993497608,0.734723874258055
132,1557162000,1051,1118,67,2169,18,0.6792137377852788,1.1165196927266574
132,1557176400,1008,964,-44,1972,18,-0.6904311405562992,0.8731094136382603
132,1557190800,291,403,112,694,19,0.840323901810626,-0.6233021238180693
132,1557205200,71,73,2,144,19,-0.4544504414176832,-1.3300128763768733
132,1557219600,1098,1154,56,2252,19,0.18116605434894126,1.3786166988848698
132,1557226468,418,492,74,910,19,0.39303821960448276,-0.34575753735861176
132,1557227081,43,48,5,91,19,-0.41913841387509293,-1.3981140943507215
132,1557229046,87,104,17,191,19,-0.27789030370473194,-1.2696212302491208
132,1557234000,276,242,-34,518,19,-0.878194771928766,-0.8494495646368866
132,1557248400,1006,1117,111,2123,19,0.8285532259630959,1.2128609041938048
132,1557262800,1007,957,-50,1964,19,-1.0665255854892475,1.0085572502722597
132,1557277200,279,402,123,681,19,0.9698013361334569,-0.6400061961512774
132,1557291600,78,71,-7,149,19,-0.560386524045454,-1.3235882331717932
132,1557305197,1122,1028,-94,2150,19,-1.584435322780571,1.247553977501237
132,1557306000,127,124,-3,251,19,-0.5133038206553336,-1.1925255117881604
132,1557320400,858,826,-32,1684,19,-0.8546534202337059,0.6487772307877777
132,1557334800,1051,1141,90,2192,19,0.581369033164964,1.3015209804239092
132,1557349200,1014,929,-85,1943,19,-1.4784992401528003,0.9815737488109235
132,1557363600,264,395,131,659,19,1.0639667429136976,-0.6682746262536295
132,1557378000,72,75,3,147,19,-0.44267976557015315,-1.3261580904538253
132,1557392400,1235,1112,-123,2347,19,-1.9257849223589434,1.5006849197813903
132,1557406800,903,886,-17,1789,19,-0.6780932825207547,0.7836947380944584
132,1557421200,1067,1147,80,2214,19,0.46366227468966326,1.3297894105262615
132,1557435600,1065,989,-76,2054,19,-1.3725631575250297,1.1242008279637004
132,1557450000,305,405,100,710,19,0.6990757916402649,-0.6027432655618132
132,1557464400,59,105,46,164,19,0.06345929587364044,-1.304314303556553
132,1557478800,1122,987,-135,2109,19,-2.0670330325293045,1.1948719032195807
132,1557493200,814,922,108,1736,19,0.7932411984205057,0.7155935201206101
132,1557507600,1045,1124,79,2169,19,0.45189159884213315,1.2719676216805411
132,1557522000,933,948,15,1881,19,-0.3014316553997921,0.9019081730679311
132,1557536400,341,453,112,794,19,0.840323901810626,-0.4948092597164686
132,1557550800,84,136,52,220,19,0.13408335095882093,-1.2323582996596567
132,1557565200,316,435,119,751,19,0.9227186327433365,-0.550061191280157
132,1557579600,570,768,198,1338,19,1.8526020246982131,0.20419192099623926
132,1557594000,683,987,304,1670,19,3.1002936645364016,0.6307882298135536
132,1557608400,598,726,128,1324,19,1.0286547153711072,0.18620292002201513
132,1557622800,317,395,78,712,19,0.4401209229946031,-0.6001734082797812
132,1557637200,63,122,59,185,19,0.2164780818915315,-1.277330802095217
132,1557651600,187,202,15,389,19,-0.3014316553997921,-1.0152053593279515
132,1557666000,382,491,109,873,19,0.8050118742680358,-0.39329989707620405
132,1557680400,455,476,21,931,19,-0.23080760031461164,-0.31877403589727565
132,1557694800,459,461,2,920,19,-0.4544504414176832,-0.3329082509484517
132,1557709200,194,314,120,508,19,0.9344893085908667,-0.8622988510470466
132,1557723600,64,65,1,129,19,-0.4662211172652133,-1.3492868059921133
132,1557738000,1159,1074,-85,2233,19,-1.4784992401528003,1.3542030547055657
132,1557752400,757,845,88,1602,19,0.5578276814699039,0.5434130822244652
132,1557766800,973,1056,83,2029,19,0.4989743022322535,1.0920776119383002
132,1557781200,873,841,-32,1714,19,-0.8546534202337059,0.6873250900182579
132,1557795600,227,258,31,485,20,0.16249299882938945,-0.9539162024654604
132,1557810000,60,58,-2,118,20,-0.33422244180276517,-1.413444224821961
132,1557824400,1156,1079,-77,2235,20,-1.4631211705122076,1.2372937134034117
132,1557838800,844,824,-20,1668,20,-0.6051581366930314,0.5273417006618971
132,1557853200,949,1158,209,2107,20,2.841745981633133,1.0770223595570028
132,1557867600,964,976,12,1940,20,-0.12349467911033594,0.867918327585516
132,1557882000,223,264,41,487,20,0.3130128293239818,-0.9514119625616103
132,1557896400,60,72,12,132,20,-0.12349467911033594,-1.39591454549501
132,1557910800,1130,991,-139,2121,20,-2.39634411957868,1.0945520388839536
132,1557925200,887,933,46,1820,20,0.3882727445712779,0.7176639333545077
132,1557939600,1038,1118,80,2156,20,0.9000401682528918,1.138376237201331
132,1557954000,1115,1040,-75,2155,20,-1.4330172044132892,1.137124117249406
132,1557968400,317,346,29,663,20,0.13238903273047098,-0.731038851022798
132,1557982800,58,55,-3,113,20,-0.34927442485222443,-1.4197048245815864
132,1557997200,1147,1059,-88,2206,20,-1.6286929840562592,1.2009822347975847
132,1558011600,911,959,48,1870,20,0.4183767106701964,0.7802699309507611
132,1558026000,1114,1118,4,2232,20,-0.2439105435060098,1.2335373535476364
132,1558040400,1115,1054,-61,2169,20,-1.2222894417208598,1.154653796576357
132,1558054800,299,316,17,615,20,-0.04823476386303979,-0.7911406087152013
132,1558069200,75,66,-9,141,20,-0.43958632314897983,-1.3846454659276843
132,1558082655,996,979,-17,1975,20,-0.5600021875446537,0.9117425259028935
132,1558083119,73,52,-21,125,20,-0.6202101197424906,-1.4046793851584856
132,1558083600,61,75,14,136,20,-0.09339071301141749,-1.3909060656873098
132,1558098000,787,934,147,1721,20,1.9085230325666604,0.5937040581139258
132,1558112400,1022,1181,159,2203,20,2.089146829160171,1.1972258749418094
132,1558126800,1045,1033,-12,2078,20,-0.4847422722973575,1.0407108809511756
132,1558141200,296,433,137,729,20,1.758003202072068,-0.6483989341957433
132,1558155600,79,120,41,199,20,0.3130128293239818,-1.3120225087160304
132,1558170000,371,408,37,779,20,0.25280489712614485,-0.5857929365994899
132,1558184400,595,684,89,1279,20,1.035508015698025,0.04026703936304496
132,1558198800,742,740,-2,1482,20,-0.33422244180276517,0.2944473896038341
132,1558213200,638,648,10,1286,20,-0.15359864520925443,0.049031879026520446
132,1558227600,315,328,13,643,20,-0.10844269606087673,-0.7560812500612993
132,1558242000,81,116,35,197,20,0.22270093102722638,-1.3145267486198804
132,1558256400,238,273,35,511,20,0.22270093102722638,-0.9213610837154086
132,1558270800,468,561,93,1029,20,1.0957159478958618,-0.2727629486182225
132,1558285200,606,601,-5,1207,20,-0.3793783909511429,-0.04988559717556006
132,1558299600,523,522,-1,1045,20,-0.31917045875330596,-0.25272902938742137
132,1558314000,268,293,25,561,20,0.07218110053263406,-0.8587550861191551
132,1558328400,79,54,-25,133,20,-0.6804180519403276,-1.394662425543085
132,1558342800,1112,1065,-47,2177,20,-1.0115616790284305,1.1646707561917575
132,1558357200,827,867,40,1694,20,0.2979608462745225,0.5598968194119489
132,1558371600,986,1110,124,2096,20,1.562327422429098,1.063249040085827
132,1558386000,1089,1054,-35,2143,20,-0.8309378824349198,1.1220986778263051
132,1558400400,311,305,-6,616,21,-0.5597695557642731,-0.5427380446856678
132,1558414800,65,74,9,139,21,-0.37595731109561953,-1.1949753905363771
132,1558428601,1035,1074,39,2109,21,-0.008332821758312294,1.4987511740881456
132,1558428682,9,8,-1,17,21,-0.4984988075413886,-1.3617950051984034
132,1558429200,66,52,-14,118,21,-0.6578027529208884,-1.2236902422404965
132,1558443600,886,906,20,1792,21,-0.24116166500527353,1.065293650745012
132,1558454727,714,729,15,1443,21,-0.30243241322815806,0.5880801629003629
132,1558458000,324,328,4,652,21,-0.43722805931850406,-0.4935125846214633
132,1558472400,991,1072,81,2063,21,0.5063414633139178,1.4358519751172176
132,1558486800,310,287,-23,597,21,-0.7680900997220805,-0.5687181486084424
132,1558501200,60,89,29,149,21,-0.13087431820408135,-1.1813016516296537
132,1558515600,1166,1004,-162,2170,21,-2.4714169003182707,1.5821609814191588
132,1558530000,897,943,46,1840,21,0.07744622575372606,1.1309275974972846
132,1558544400,1105,1201,96,2306,21,0.6901537079825714,1.768123830550598
132,1558558800,1064,1005,-59,2069,21,-1.2092394869268492,1.4440562184612518
132,1558573200,332,335,3,667,21,-0.44948220896308094,-0.47300197626137813
132,1558587600,63,69,6,132,21,-0.41271976002935024,-1.2045470077710836
132,1558599184,799,718,-81,1517,21,-1.4788307791075412,0.6892658308101166
132,1558602000,380,323,-57,703,21,-1.1847311876376954,-0.4237765161971736
132,1558616400,775,864,89,1639,21,0.604374660470533,0.8560854454721428
132,1558630800,1025,1120,95,2145,21,0.6778995583379945,1.5479766341523502
132,1558645200,941,846,-95,1787,21,-1.650388874131618,1.05845678129165
132,1558659600,267,362,95,629,21,0.6778995583379945,-0.5249621841069273
132,1558674000,73,86,13,159,21,-0.3269407125173119,-1.1676279127229303
132,1558686998,916,911,-5,1827,21,-0.5475154061196962,1.113151736918544
132,1558687079,6,8,2,14,21,-0.4617363586076578,-1.3658971268704205
132,1558687150,7,6,-1,13,21,-0.4984988075413886,-1.3672645007610928
132,1558688400,150,149,-1,299,21,-0.4984988075413886,-0.9761955680288017
132,1558688959,39,55,16,94,21,-0.2901782635835812,-1.2565072156166328
132,1558702800,798,889,91,1687,21,0.6288829597596869,0.9217193922244155
132,1558717200,1157,1243,86,2400,21,0.5676122115368023,1.8966569762737986
132,1558731600,803,910,107,1713,21,0.8249493540729173,0.9572711133818965
132,1558746000,347,338,-9,685,21,-0.5965320046980038,-0.44838924622927584
132,1558760400,92,113,21,205,21,-0.22890751536069662,-1.1047287137520023
132,1558774800,288,405,117,693,21,0.9474908505186863,-0.43745025510389707
132,1558789200,458,711,253,1169,21,2.6140552021811456,0.21341971685613992
132,1558803600,650,780,130,1430,21,1.106794795898186,0.5703043023216224
132,1558818000,582,733,151,1315,21,1.3641319384343011,0.41305630489430256
132,1558832400,255,405,150,660,21,1.3518777887897242,-0.48257359349608453
132,1558846800,70,107,37,177,21,-0.03284112104746611,-1.143015182690828
132,1558861200,178,285,107,463,21,0.8249493540729173,-0.7519462499585369
132,1558875600,391,654,263,1045,21,2.7365966986269146,0.04386535441276894
132,1558890000,627,759,132,1386,21,1.13130309518734,0.5101398511320392
132,1558904400,472,581,109,1053,21,0.8494576533620711,0.05480434553814771
132,1558918800,263,353,90,616,21,0.61662881011511,-0.5427380446856678
132,1558933200,49,99,50,148,21,0.12646282433203368,-1.182669025520326
132,1558947600,265,257,-8,522,21,-0.5842778550534269,-0.6712711904088684
132,1558962000,441,471,30,912,21,-0.11862016855950445,-0.13799537304665316
132,1558976400,676,742,66,1418,21,0.3225292186452642,0.5538958156335543
132,1558990800,693,551,-142,1244,21,-2.2263339074267328,0.31597275865656593
132,1559005200,299,232,-67,531,22,-0.3402687492832396,-1.1167067965038011
132,1559019600,68,67,-1,135,22,-0.12472373716871944,-1.6138711907286316
132,1559034000,1182,1102,-80,2284,22,-0.3827245850027663,1.0841244738904616
132,1559048400,870,848,-22,1718,22,-0.1933062410233395,0.37353092052870884
132,1559062800,1060,1064,4,2124,22,-0.1083945695842861,0.8832499711733584
132,1559077200,964,962,-2,1926,22,-0.12798957068560612,0.6346677740609431
132,1559091600,260,311,51,571,22,0.045099605709387335,-1.0664881708245253
132,1559106000,71,76,5,147,22,-0.10512873606739943,-1.598805603024849
132,1559120400,1214,1046,-168,2260,22,-0.6701179344887932,1.0539932984828961
132,1559134800,845,874,29,1719,22,-0.02674873166211938,0.3747863861706907
132,1559149200,1076,1108,32,2184,22,-0.016951231111459374,0.9585779096922721
132,1559163600,876,860,-16,1736,22,-0.17371123992201948,0.39612930208438296
132,1559178000,261,311,50,572,22,0.041833772192500666,-1.0652327051825434
132,1559192400,66,85,19,151,22,-0.059407066830986066,-1.5937837404569213
132,1559206800,1176,1018,-158,2194,22,-0.6374595993199265,0.9711325661120911
132,1559221200,813,805,-8,1618,22,-0.14758457178692613,0.2479843563305193
132,1559235600,1056,1115,59,2171,22,0.07122627384448069,0.9422568563465075
132,1559250000,972,895,-77,1867,22,-0.37292708445210626,0.5605953011840112
132,1559264400,251,327,76,578,22,0.12674544363155404,-1.057699911330652
132,1559278800,73,69,-4,142,22,-0.13452123771937946,-1.6050829312347583
132,1559293200,1028,1051,23,2079,22,-0.046343732763439394,0.8267540172841731
132,1559307600,825,1462,637,2287,22,1.9588780466049753,1.0878908708164072
132,1559322000,1077,1646,569,2723,22,1.736801367456682,1.6352738907205138
132,1559336400,1112,1401,289,2513,22,0.8223679827284145,1.3716261059043158
132,1559350800,1068,358,-710,1426,22,-2.4401997006413674,0.006934953069995368
132,1559365200,88,103,15,191,22,-0.07247040089853274,-1.5435651147776455
132,1559379600,345,427,82,772,22,0.14634044473287405,-0.8141395767861642
132,1559394000,515,859,344,1374,22,1.0019888261571812,-0.05834926031306319
132,1559408400,684,1591,907,2275,22,2.840653096164376,1.0728252831126246
132,1559422800,769,756,-13,1525,22,-0.16391373937135947,0.13122605162620302
132,1559437200,1154,283,-871,1437,22,-2.965998896860121,0.020745075131796218
132,1559451600,105,86,-19,191,22,-0.18350874047267948,-1.5435651147776455
132,1559466000,239,230,-9,469,22,-0.1508504053038128,-1.1945456663066785
132,1559480400,512,661,149,1173,22,0.3651512903642809,-0.31069785435142416
132,1559494800,720,889,169,1609,22,0.4304679607020142,0.23668516555268224
132,1559509200,546,1273,727,1819,22,2.2528030631247757,0.5003329503688803
132,1559523600,759,229,-530,988,22,-1.852349667601767,-0.5429589981180748
132,1559538000,69,65,-4,134,22,-0.13452123771937946,-1.6151266563706135
132,1559552400,1085,1003,-82,2088,22,-0.38925625203653963,0.8380532080620101
132,1559566800,922,933,11,1855,22,-0.08553373496607942,0.5455297134802285
132,1559581200,1020,1145,125,2165,22,0.2867712859590008,0.9347240624946161
132,1559595600,954,985,31,1939,22,-0.02021706462834604,0.6509888274067077
132,1559610000,287,271,-16,558,23,-0.5574177773805742,-0.8755803090004659
132,1559624400,72,66,-6,138,23,-0.40768406428689125,-1.4191413178129024
132,1559638800,1022,1034,12,2056,23,-0.13816338071826198,1.0631206224305576
132,1559653200,849,903,54,1752,23,0.49071821427520634,0.6696859874806037
132,1559667600,938,1008,70,1946,23,0.730292155225099,0.9207594058368244
132,1559682000,954,897,-57,1851,23,-1.1713260010646742,0.7978110824149637
132,1559696400,275,320,45,595,23,0.3559578724908917,-0.8276951725098465
132,1559710800,71,76,5,147,23,-0.24297697988384004,-1.4074935819097787
132,1559725200,1164,1020,-144,2184,23,-2.474009304979716,1.2287773108305384
132,1559725922,73,71,-2,144,23,-0.34779057904941807,-1.4113761605441533
132,1559726019,11,9,-2,20,23,-0.34779057904941807,-1.5718560774316346
132,1559739600,814,866,52,1680,23,0.46077147165646976,0.5765041002556145
132,1559754000,981,986,5,1967,23,-0.24297697988384004,0.9479374562774462
132,1559768400,946,993,47,1939,23,0.3859046151096283,0.9117000556899504
132,1559782800,278,289,11,567,23,-0.15313675202763027,-0.8639325730973422
132,1559797200,54,56,2,110,23,-0.2878970938119449,-1.4553787184003981
132,1559811600,1095,1043,-52,2138,23,-1.0964591445178327,1.1692444384367953
132,1559826000,902,848,-54,1750,23,-1.1264058871365692,0.667097601724354
132,1559840400,1036,1055,19,2091,23,-0.033349781552683914,1.1084173731649274
132,1559854800,1054,1052,-2,2106,23,-0.34779057904941807,1.1278302663368
132,1559869200,304,341,37,645,23,0.23617090201594537,-0.762985528603604
132,1559883600,67,88,21,155,23,-0.00340303893394733,-1.39714003888478
132,1559898000,1085,1135,50,2220,23,0.43082472903773317,1.275368254443033
132,1559912400,868,937,69,1805,23,0.7153187839157308,0.7382782100212206
132,1559926800,995,1109,114,2104,23,1.389120492837304,1.1252418805805504
132,1559941200,952,1145,193,2097,23,2.5720168262773995,1.1161825304336765
132,1559955600,346,367,21,713,23,-0.00340303893394733,-0.6749804128911143
132,1559970000,78,104,26,182,23,0.07146381761289414,-1.3621968311754091
132,1559984400,334,395,61,729,23,0.5955318134407844,-0.6542733268411167
132,1559998800,549,749,200,1298,23,2.676830425442977,0.08212242081192228
132,1560013200,1056,942,-114,1998,23,-2.024808165698667,0.9880574354993165
132,1560027600,764,639,-125,1403,23,-2.189515250101718,0.2180126730150314
132,1560042000,348,315,-33,663,23,-0.8119650896398352,-0.7396900567973568
132,1560056400,79,98,19,177,23,-0.033349781552683914,-1.3686677955660334
132,1560070800,214,290,76,504,23,0.8201323830813089,-0.9454667244192076
132,1560085200,507,622,115,1129,23,1.4040938641466725,-0.13659617559117718
132,1560099600,647,730,83,1377,23,0.9249459822468868,0.18436365818378533
132,1560114000,549,592,43,1141,23,0.32601112987215514,-0.12106586105367899
132,1560128400,280,261,-19,541,23,-0.6023378913086791,-0.8975815879285883
132,1560142800,71,60,-11,131,23,-0.48255092083373274,-1.4282006679597763
132,1560157200,1049,1075,26,2124,23,0.07146381761289414,1.1511257381430475
132,1560171600,859,877,18,1736,23,-0.04832315286205221,0.6489789014306061
132,1560186000,932,1017,85,1949,23,0.9548927248656235,0.9246419844711988
132,1560200400,884,876,-8,1760,23,-0.43763080690562783,0.6800395305056024
132,1560214800,261,359,98,620,24,0.8268716201831783,-1.0839629826447903
132,1560229200,65,66,1,131,24,-0.5559998825369646,-1.7111267355692261
132,1560243600,1070,1003,-67,2073,24,-1.5254355751655184,0.7795726676603331
132,1560258000,804,874,70,1678,24,0.42769221733612667,0.2729680001651344
132,1560272400,1015,1000,-15,2015,24,-0.7841023984495655,0.7051851468635697
132,1560286800,1001,1039,38,2040,24,-0.02851281448907511,0.7372487334138987
132,1560301200,298,450,152,748,24,1.5967176113882062,-0.9197974195071056
132,1560315600,72,71,-1,143,24,-0.5845126970260398,-1.6957362140250682
132,1560330000,1101,1121,20,2222,24,-0.2851281448907511,0.9706716435002941
132,1560344400,888,912,24,1800,24,-0.2281025159126009,0.42943830253074006
132,1560358800,1076,1054,-22,2130,24,-0.8838972491613285,0.8526776449950833
132,1560373200,1037,1056,19,2093,24,-0.2993845521352887,0.8052235369005963
132,1560387600,315,376,61,691,24,0.2993845521352887,-0.9929023968418558
132,1560402000,60,80,20,140,24,-0.2851281448907511,-1.6995838444111075
132,1560416400,1034,1012,-22,2046,24,-0.8838972491613285,0.7449439941859778
132,1560430800,741,765,24,1506,24,-0.2281025159126009,0.05237052469887066
132,1560445200,918,1144,226,2062,24,2.6516917474839854,0.7654646895781884
132,1560459600,1071,1027,-44,2098,24,-1.1975382085411548,0.8116362542106621
132,1560474000,285,339,54,624,24,0.19958970142352578,-1.0788328087967376
132,1560488400,62,100,38,162,24,-0.02851281448907511,-1.6713678882468181
132,1560502800,1021,1073,52,2094,24,0.17107688693445067,0.8065060803626095
132,1560517200,843,962,119,1805,24,1.126256172318467,0.4358510198408059
132,1560531600,1043,1212,169,2255,24,1.8390765345453446,1.0129955777467285
132,1560546000,1021,967,-54,1988,24,-1.3401022809865302,0.6705564733892144
132,1561165200,24,3,-21,27,25,0.4519865450632235,-1.5159330805971705
132,1561179600,73,110,37,183,25,1.1119501157569374,-1.2991616750710284
132,1561194000,363,398,35,761,25,1.0891927512502575,-0.4959958263908346
132,1561208400,609,699,90,1308,25,1.7150202751839516,0.2640936532424975
132,1561222800,915,749,-166,1664,25,-1.1979223816710607,0.7587771171354888
132,1561237200,884,671,-213,1555,25,-1.7327204475780358,0.6073150453255561
132,1561251600,518,412,-106,930,25,-0.5152014464706673,-0.2611601370708472
132,1561266000,121,105,-16,226,25,0.5088799563299229,-1.2394105825221557
132,1561280400,260,232,-28,492,25,0.37233576928984424,-0.8697875448942466
132,1561294800,537,496,-41,1033,25,0.22441289999642564,-0.11803542701191991
132,1561309200,770,673,-97,1443,25,-0.41279330619060833,0.4516842926401206
132,1561323600,653,522,-131,1175,25,-0.7996685028041646,0.07928213442854291
132,1561338000,398,281,-117,679,25,-0.6403669512574062,-0.6099397703212427
132,1561352400,77,72,-5,149,25,0.6340454611166617,-1.3464067249933926
132,1561366800,1134,1166,32,2300,25,1.055056704490238,1.6425374627420688
132,1561381200,949,953,4,1902,25,0.7364536013967209,1.0894924665920391
132,1561395600,1196,972,-224,2168,25,-1.8578859523647744,1.4591155042199484
132,1561410000,1127,1001,-126,2128,25,-0.7427750915374651,1.4035330925465785
132,1561424400,366,312,-54,678,26,-0.877545886788681,-1.1061891398654837
132,1561438800,71,70,-1,141,26,-0.469904579611802,-1.905426385525598
132,1561453200,1029,985,-44,2014,26,-0.8006324326043641,0.8822297804360293
132,1561467600,794,880,86,1674,26,0.19924247179175392,0.3761950252694765
132,1561482000,892,1077,185,1969,26,0.9606856682164899,0.8152545922522209
132,1561496400,909,1022,113,1931,26,0.4069087980894092,0.7586977666747826
132,1561510800,293,355,62,648,26,0.014650181749393674,-1.1508392653213562
132,1561525200,55,83,28,138,26,-0.24685556247728335,-1.9098913980711851
132,1561539600,998,1148,150,2146,26,0.6914885785713812,1.0786903324418673
132,1561554000,959,841,-118,1800,26,-1.3697919935683083,0.5637255521841402
132,1561568400,983,1045,62,2028,26,0.014650181749393674,0.9030665056487697
132,1561582800,1347,1006,-341,2353,26,-3.084962021878572,1.3867761980873863
132,1561597200,469,320,-149,789,26,-1.6082237015396903,-0.9409836756787563
132,1561611600,103,81,-22,184,26,-0.6314228333988673,-1.841427872372181
132,1561626000,1010,962,-48,1972,26,-0.8313978142780909,0.819719604797808
132,1561640400,825,943,118,1768,26,0.4453655251815676,0.5160987516978764
132,1561654800,996,1173,177,2169,26,0.8991549048690365,1.1129220952913694
132,1561669200,1088,1157,69,2245,26,0.0684895996784154,1.226035746446246
132,1561683600,344,463,119,807,26,0.4530568705999993,-0.9141936004052329
132,1561698000,78,104,26,182,26,-0.2622382533141467,-1.8444045474025725
132,1561712400,903,1022,119,1925,26,0.4530568705999993,0.7497677415836081
132,1561726800,801,948,147,1749,26,0.6684145423160862,0.48782033890915727
132,1561741200,898,1162,264,2060,26,1.5683019562725924,0.9506933061350334
132,1561755600,1005,1025,20,2030,26,-0.30838632582473674,0.9060431806791611
132,1561770000,340,544,204,884,26,1.1068212311666918,-0.7995916117351607
132,1561784400,161,428,267,589,26,1.5913759925278874,-1.2386511787179049
132,1561798800,718,670,-48,1388,26,-0.8313978142780909,-0.049469504076506056
132,1561813200,917,801,-116,1718,26,-1.354409302731445,0.4416818759380892
132,1561827600,1002,959,-43,1961,26,-0.7929410871859325,0.8033478921306548
132,1561842000,752,890,138,1642,26,0.599192433550201,0.32856822478321274
132,1561856400,437,738,301,1175,26,1.8528817367545645,-0.36648539481319936
132,1561870800,123,305,182,428,26,0.9376116319611949,-1.4782735186644196
132,1561885200,473,400,-73,873,26,-1.0236814497388829,-0.8159633244023139
132,1561899600,740,619,-121,1359,26,-1.3928660298236033,-0.0926312920171826
132,1561914000,879,853,-26,1732,26,-0.662188215072594,0.46251860115082966
132,1561928400,718,920,202,1638,26,1.0914385403298283,0.3226148747224298
132,1561942800,371,621,250,992,26,1.460623120414549,-0.6388511600940204
132,1561957200,138,257,119,395,26,0.4530568705999993,-1.5273886566658792
132,1561971600,919,1016,97,1935,26,0.2838472713945024,0.7646511167355655
132,1561986000,820,968,148,1788,26,0.6761058877345179,0.5458655020017913
132,1562000400,952,992,40,1944,26,-0.15455941745610322,0.7780461543723273
132,1562014800,908,943,35,1851,26,-0.1930161445482616,0.6396307654591231
132,1562029200,306,416,110,722,27,0.46748716318247013,-0.467676619989283
132,1562043600,65,107,42,172,27,-0.27757050313959153,-1.34630090606297
132,1562058000,936,1017,81,1953,27,0.14974198195688498,1.4988442821138237
132,1562061955,300,261,-39,561,27,-1.165065664493812,-0.7248739110035805
132,1562072400,506,661,155,1167,27,0.9605400306014815,0.24321030237942742
132,1562086800,898,972,74,1870,27,0.073044869247261,1.3662518898517946
132,1562101200,926,1009,83,1935,27,0.17165544273106328,1.470089305478685
132,1562115600,306,426,120,732,27,0.5770544670533615,-0.4517016329697614
132,1562130000,77,91,14,168,27,-0.5843589539780876,-1.3526909008707786
132,1562144400,865,896,31,1761,27,-0.3980945373975721,1.1921245313390094
132,1562158800,847,880,33,1727,27,-0.37618107662339384,1.137809575472636
132,1562173200,1099,1013,-86,2112,27,-1.6800319926870015,1.752846575724217
132,1562187600,893,855,-38,1748,27,-1.154108934106723,1.1713570482136313
132,1562202000,491,364,-127,855,27,-2.1292579385576564,-0.255209292629646
132,1562216400,64,93,29,157,27,-0.4200079981717504,-1.3702633865922524
132,1562230336,225,225,0,450,27,-0.7377531793973355,-0.9021962669202701
132,1562230417,5,4,-1,9,27,-0.7487099097844246,-1.6066931944811718
132,1562230800,6,9,3,15,27,-0.7048829882360681,-1.597108202269459
132,1562245200,330,504,174,834,27,1.1687179079561751,-0.28875676537064127
132,1562259600,516,640,124,1156,27,0.6208813886017182,0.22563781665795368
132,1562274000,505,492,-13,997,27,-0.8801906744294944,-0.028364476952439484
132,1562288400,338,334,-4,672,27,-0.7815801009456921,-0.5475515550868909
132,1562302800,61,122,61,183,27,-0.06939262578489785,-1.3287284203414964
132,1562317200,611,727,116,1338,27,0.533227545505005,0.5163825804132465
132,1562331600,621,757,136,1378,27,0.7523621532467878,0.5802825284913328
132,1562346000,845,874,29,1719,27,-0.4200079981717504,1.1250295858570187
132,1562360400,689,813,124,1502,27,0.6208813886017182,0.7783723675334004
132,1562374800,282,388,106,670,27,0.42366024163411353,-0.5507465524907952
132,1562389200,64,113,49,177,27,-0.20087339042996755,-1.3383134125532092
132,1562403600,271,410,139,681,27,0.7852323444080552,-0.5331740667693214
132,1562418000,447,661,214,1108,27,1.606987123439741,0.14895787896425008
132,1562432400,552,854,302,1406,27,2.5711793975035855,0.6250124921459932
132,1562446800,489,629,140,1118,27,0.7961890747951443,0.16493286598377166
132,1562461200,265,324,59,589,27,-0.09130608655907613,-0.68014394734892
132,1562475600,61,75,14,136,27,-0.5843589539780876,-1.4038108593332477
132,1562490000,222,311,89,533,27,0.23739582505359813,-0.7696038746582409
132,1562504400,401,637,236,1038,27,1.848035191955702,0.037132969827599005
132,1562518800,575,797,222,1372,27,1.6946409665364541,0.5706975362796198
132,1562533200,519,675,156,1194,27,0.9714967609885706,0.2863427673321357
132,1562547600,256,320,64,576,27,-0.036522434623630425,-0.7009114304742982
132,1562562000,72,89,17,161,27,-0.5514887628168201,-1.363873391784444
132,1562576400,859,946,87,1805,27,0.21548236427941986,1.2624144742249044
132,1562590800,730,817,87,1547,27,0.21548236427941986,0.8502598091212475
132,1562605200,1045,871,-174,1916,27,-2.644224266750846,1.439736830141594
132,1562619600,876,868,-8,1744,27,-0.8254070224940486,1.1649670534058227
132,1562634000,274,287,13,561,28,-0.466359676090039,-1.0109751991292422
132,1562648400,66,63,-3,129,28,-0.6208930598831879,-1.6234337638371208
132,1562662800,1062,1057,-5,2119,28,-0.6402097328573315,1.1978452726644504
132,1562677200,813,876,63,1689,28,0.01655714826355169,0.5882221642746636
132,1562691600,992,1007,15,1999,28,-0.44704300311589534,1.0277178935789284
132,1562706000,1032,932,-100,1964,28,-1.5577516991291538,0.9780974080123179
132,1562720400,353,285,-68,638,28,-1.2486849315428559,-0.9018101308826989
132,1562734800,81,77,-4,158,28,-0.6305513963702597,-1.5823196472247865
132,1562749200,1161,1040,-121,2201,28,-1.7605767653576618,1.3140989817062236
132,1562763600,879,923,44,1802,28,-0.16695124499081276,0.7484254462468634
132,1562778000,933,1073,140,2006,28,0.7602490577680814,1.0376419906922505
132,1562792400,985,913,-72,1898,28,-1.2873182774911431,0.8845273495152809
132,1562806800,276,289,13,565,28,-0.466359676090039,-1.0053042864930581
132,1562821200,66,70,4,136,28,-0.5532847044736853,-1.6135096667237987
132,1562835600,1001,1097,96,2098,28,0.33528225233692155,1.168072981324484
132,1562850000,805,877,72,1682,28,0.10348217664719801,0.5782980671613415
132,1562864400,955,1057,102,2012,28,0.3932322712593524,1.0461483596465266
132,1562878800,807,862,55,1669,28,-0.06070954363302282,0.5598676010937432
132,1562893200,234,275,41,509,28,-0.19592625445202821,-1.084697063399635
132,1562907600,79,88,9,167,28,-0.5049930220383262,-1.5695600937933722
132,1562922000,906,831,-75,1737,28,-1.3162932869523585,0.6562731159088724
132,1562936400,864,932,68,1796,28,0.06484883069891076,0.7399190772925872
132,1562950800,942,979,37,1921,28,-0.23455960040031545,0.9171350971733392
132,1562965200,917,975,58,1892,28,-0.031734534171807376,0.8760209805610047
132,1562979600,375,526,151,901,28,0.8664907591258714,-0.5289476250535967
132,1562994000,84,134,50,218,28,-0.10900122606838189,-1.4972559576820255
132,1563008400,343,512,169,855,28,1.040340815893164,-0.5941631203697135
132,1563022800,581,957,376,1538,28,3.0396164687170293,0.3741452122587152
132,1563037200,697,1106,409,1803,28,3.3583415727903994,0.7498431744059094
132,1563051600,670,810,140,1480,28,0.7602490577680814,0.2919169790340463
132,1563066000,437,688,251,1125,28,1.8323244078330527,-0.21137651742728925
132,1563080400,87,146,59,233,28,-0.022076197684735566,-1.4759900352963353
132,1563094800,189,234,45,423,28,-0.15729290850374095,-1.2066216850775922
132,1563109200,481,570,89,1051,28,0.26767389692741883,-0.31628840119669444
132,1563123600,611,639,28,1250,28,-0.3214846287839618,-0.0341604975465373
132,1563138000,528,630,102,1158,28,0.3932322712593524,-0.16459148817877073
132,1563152400,267,299,32,566,28,-0.2828512828356745,-1.003886558334012
132,1563166800,57,54,-3,111,28,-0.6208930598831879,-1.6489528706999492
132,1563181200,896,1003,107,1899,28,0.4415239536947115,0.8859450776743268
132,1563195600,769,859,90,1628,28,0.27733223341449065,0.5017407465728566
132,1563210000,988,974,-14,1962,28,-0.7271347612409779,0.9752619516942259
132,1563224400,926,1037,111,1963,28,0.48015729964299875,0.9766796798532719
132,1563238800,302,325,23,627,29,-0.18283253575287584,-0.7518739316651315
132,1563253200,62,58,-4,120,29,-0.4358344118066171,-1.4935418916774175
132,1563267600,924,1051,127,1975,29,0.7916932090467199,1.2200558712866663
132,1563274298,481,447,-34,928,29,-0.7169476074218851,-0.3115542946558651
132,1563282000,426,406,-20,832,29,-0.5857614494680934,-0.4519884645990198
132,1563296400,999,988,-11,1987,29,-0.5014274907835129,1.2376101425295605
132,1563310800,1050,990,-60,2040,29,-0.960579043621784,1.3151415071856771
132,1563325200,333,312,-21,645,29,-0.5951318893219356,-0.72554252480079
132,1563339600,61,75,14,136,29,-0.26716649443745627,-1.4701361966868915
132,1563354000,1011,909,-102,1920,29,-1.3541375174831594,1.1395987947567339
132,1563368400,789,831,42,1620,29,-0.004794178529872763,0.7007420136843753
132,1563382800,942,1052,110,1994,29,0.6323957315314014,1.2478501340879156
132,1563397200,885,964,79,1849,29,0.3419120960622911,1.0357360232362756
132,1563411600,235,200,-35,435,29,-0.7263180472757274,-1.032742271551441
132,1563426000,50,55,5,105,29,-0.35150045312203665,-1.5154847307310353
132,1563440400,977,1001,24,1978,29,-0.17346209589903358,1.2244444390973899
132,1563454800,807,869,62,1676,29,0.18261461854697258,0.7826619461512155
132,1563469200,1026,998,-28,2024,29,-0.6607249682988314,1.2917358121951514
132,1563483600,919,945,26,1864,29,-0.15472121619134904,1.0576788622898936
132,1563498000,255,313,58,568,29,0.1451328591316035,-0.8381824319426954
132,1563512400,65,62,-3,127,29,-0.4264639719527748,-1.4833019001190624
132,1563526800,962,870,-92,1832,29,-1.2604331189447366,1.010867472308842
132,1563541200,812,908,96,1720,29,0.5012095735776096,0.8470276073751615
132,1563555600,950,1019,69,1969,29,0.24820769752386845,1.211278735665219
132,1563570000,489,1114,625,1603,29,5.458172256260169,0.6758734627569416
132,1563584400,390,497,107,887,29,0.6042844119698746,-0.3715313880690874
132,1563598800,60,88,28,148,29,-0.1359803364836645,-1.4525819254439973
132,1563613200,323,320,-3,643,29,-0.4264639719527748,-0.7284682366746057
132,1563627600,453,553,100,1006,29,0.5386913329929788,-0.19745153157705186
132,1563642000,568,591,23,1159,29,-0.18283253575287584,0.02636542676985099
132,1563656400,453,592,139,1045,29,0.9041384872928272,-0.14040015003764525
132,1563670800,277,337,60,614,29,0.16387373883928805,-0.7708910588449337
132,1563685200,72,90,18,162,29,-0.22968473502208717,-1.4321019423272872
132,1563699600,217,240,23,457,29,-0.18283253575287584,-1.000559440939468
132,1563714000,410,474,64,884,29,0.20135549825465712,-0.375919955879811
132,1563728400,515,600,85,1115,29,0.3981347351853447,-0.03800023445409493
132,1563742800,439,493,54,932,29,0.10765109971623445,-0.3057028709082336
132,1563757200,228,221,-7,449,29,-0.4639457313681439,-1.0122622884347308
132,1563771600,55,51,-4,106,29,-0.4358344118066171,-1.5140218747941274
132,1563786000,917,1004,87,1921,29,0.41687561489302927,1.1410616506936417
132,1563800400,801,724,-77,1525,29,-1.1198765211371027,0.5617706996781284
132,1563814800,906,992,86,1898,29,0.407505175039187,1.1074159641447607
132,1563829200,721,816,95,1537,29,0.4918391337237674,0.5793249709210228
132,1563843600,225,244,19,469,30,-0.08682041873491625,-1.0630563865138327
132,1563858000,58,59,1,117,30,-0.18749651190922617,-1.5527978218428502
132,1563872400,989,893,-96,1882,30,-0.7300287917930074,0.902865909281343
132,1563879214,464,501,37,965,30,0.013855674439393659,-0.3729661821865806
132,1563886800,369,386,17,755,30,-0.09800665130983957,-0.6651414703090059
132,1563901200,898,976,78,1874,30,0.24317344222532178,0.8917354221147744
132,1563915600,819,1005,186,1824,30,0.8472300012711812,0.8221698773237208
132,1563930000,309,277,-32,586,30,-0.37206934939546105,-0.9002730117027672
132,1563944400,61,88,27,149,30,-0.042075488435222956,-1.508275873176576
132,1563958800,1094,1091,-3,2185,30,-0.20986897705907281,1.324433110715128
132,1563973200,883,879,-4,1762,30,-0.21546209334653446,0.7359086017828143
132,1563987600,1016,1029,13,2045,30,-0.12037911645968623,1.1296495853001778
132,1564002000,975,1193,218,2168,30,1.0262097224699545,1.3007808254861697
132,1564016400,323,414,91,737,30,0.3158839539623234,-0.6901850664337852
132,1564030800,89,100,11,189,30,-0.13156534903460954,-1.452623437343733
132,1564045200,1018,971,-47,1989,30,-0.45596609370738594,1.0517361751341978
132,1564059600,871,891,20,1762,30,-0.08122730244745459,0.7359086017828143
132,1564074000,987,1123,136,2110,30,0.5675741868980981,1.2200847935285475
132,1564088400,912,1042,130,1954,30,0.5340154891733282,1.0030402937804603
132,1564102800,307,383,76,690,30,0.23198720965039846,-0.7555766785373756
132,1564117200,73,84,11,157,30,-0.13156534903460954,-1.4971453860100075
132,1564127370,460,473,13,933,30,-0.12037911645968623,-0.41748813085285497
132,1564131600,418,476,58,894,30,0.13131111647608856,-0.4717492557898768
132,1564146000,896,611,-285,1507,30,-1.7871277701232613,0.38112432334844076
132,1564160400,1016,1129,113,2145,30,0.4389325122864799,1.2687806748822852
132,1564174800,1116,969,-147,2085,30,-1.015277722453552,1.1853020211330207
132,1564189200,495,396,-99,891,30,-0.7468081406553924,-0.47592318847734
132,1564203600,80,124,44,204,30,0.05300748845162529,-1.431753773906417
132,1564218000,292,355,63,647,30,0.15927669791339685,-0.8154030470576817
132,1564232400,471,1175,704,1646,30,3.744464238176322,0.5745165378675698
132,1564246800,729,1354,625,2083,30,3.302608051466851,1.1825193993413785
132,1564261200,1147,640,-507,1787,30,-3.0287995859397503,0.7706913741783411
132,1564275600,399,347,-52,746,30,-0.48393167514469426,-0.6776632683713956
132,1564290000,77,102,25,179,30,-0.053261721010146285,-1.4665365463019437
132,1564304400,201,226,25,427,30,-0.053261721010146285,-1.1214914441383177
132,1564318800,472,554,82,1026,30,0.2655459073751684,-0.2880962175414952
132,1564333200,583,605,22,1188,30,-0.07004106987253127,-0.06270385241848143
132,1564347600,603,587,-16,1190,30,-0.2825794887960744,-0.059921230626839295
132,1564362000,295,251,-44,546,30,-0.439186744845001,-0.95592544753561
132,1564376400,45,73,28,118,30,-0.036482372147761295,-1.5514065109470292
132,1564390800,944,946,2,1890,30,-0.1819033956217645,0.9139963964479115
132,1564405200,864,936,72,1800,30,0.20961474450055181,0.7887784158240151
132,1564419600,1000,992,-8,1992,30,-0.2378345584963811,1.055910107821661
132,1564434000,1025,937,-88,1962,30,-0.6852838614933141,1.0141707809470288
132,1564448400,280,401,121,681,31,0.7712297693788659,-1.0122506522523311
132,1564462800,67,77,10,144,31,-0.32103822935866666,-1.7716596054060678
132,1564477200,1026,952,-74,1978,31,-1.147619417592475,0.8219270241729881
132,1564491600,831,901,70,1732,31,0.26937690509405365,0.4740413584824496
132,1564506000,925,983,58,1908,31,0.15129387820350956,0.7229351680821845
132,1564520400,950,999,49,1949,31,0.06273160803560153,0.780916112363941
132,1564534800,292,462,170,754,31,1.2534021291819208,-0.9090162880433502
132,1564549200,63,90,27,153,31,-0.15375394126372924,-1.7589320810515359
132,1564563600,1005,933,-72,1938,31,-1.1279389131107178,0.7653602492639575
132,1564578000,1086,878,-208,1964,31,-2.466213217870217,0.8021286529548275
132,1564592400,996,975,-21,1971,31,-0.6260860488259055,0.8120278385639078
132,1564606800,890,920,30,1810,31,-0.12423318454109322,0.5843465695550594
132,1564621200,284,328,44,612,31,0.013530346831208174,-1.1098283389704091
132,1564635600,59,102,43,161,31,0.003690094590329502,-1.7476187260697298
132,1564650000,979,886,-93,1865,31,-1.3345842101691698,0.6621258850549765
132,1564664400,922,928,6,1850,31,-0.36039923832218135,0.6409133444640901
132,1564678800,894,1086,192,1980,31,1.4698876784812516,0.8247553629184398
132,1564693200,840,1114,274,1954,31,2.2767883622333027,0.7879869592275698
132,1564707600,343,398,55,741,31,0.12177312148087356,-0.9274004898887852
132,1564722000,87,92,5,179,31,-0.37023949056306,-1.7221636773606661
132,1564736400,905,864,-41,1769,31,-0.8228910936434789,0.526365625273303
132,1564750800,829,925,96,1754,31,0.5252234633568991,0.5051530846824165
132,1564765200,939,1041,102,1980,31,0.5842649768021712,0.8247553629184398
132,1564779600,758,938,180,1696,31,1.3518046515907074,0.423131261064322
132,1565398800,9933,6469,-3464,16402,32,-4.087802379462735,4.064504967320688
132,1565413200,96,124,28,220,32,0.18667161637013535,-0.49332874469091054
132,1565427600,320,446,126,766,32,0.30663108131618955,-0.3395419935625993
132,1565442000,580,826,246,1406,32,0.45352022206646003,-0.1592791350971795
132,1565456400,715,839,124,1554,32,0.3041829289703517,-0.11759334907705118
132,1565470800,670,820,150,1490,32,0.3360089094662437,-0.13561963492359316
132,1565485200,322,422,100,744,32,0.27480510082029763,-0.3457385293223481
132,1565499600,64,139,75,203,32,0.24420319649732464,-0.4981169768688983
132,1565514000,220,297,77,517,32,0.24665134884316248,-0.4096755119343017
132,1565528400,479,779,300,1258,32,0.5196203354040817,-0.20096492111730785
132,1565542800,704,760,56,1464,32,0.22094574921186513,-0.14294281354875085
132,1565557200,558,651,93,1209,32,0.2662365676098652,-0.21476629621856655
132,1565571600,306,321,15,627,32,0.1707586261221894,-0.3786928331355577
132,1565586000,67,86,19,153,32,0.17565493081386507,-0.5122000126865092
132,1565600400,859,946,87,1805,32,0.2588921105723517,-0.04689650927264437
132,1565614800,801,793,-8,1594,32,0.14260487414505424,-0.10632692042296245
132,1565629200,1005,947,-58,1952,32,0.08140106549910821,-0.005492383968868259
132,1565643600,1165,958,-207,2123,32,-0.10098628426581094,0.04267159852736109
132,1565658000,328,346,18,674,33,-0.2468095542084475,-0.8795174743053567
132,1565672400,67,97,30,164,33,-0.1405042704258441,-1.6540664346907261
132,1565686800,918,996,78,1914,33,0.2847168647045696,1.0036996058473067
132,1565701200,765,737,-28,1502,33,-0.6543131420417606,0.37798554373206683
132,1565715600,900,943,43,1843,33,-0.02534021299469038,0.8958702407740492
132,1565730000,903,999,96,1902,33,0.44417479037847474,0.9854749244264743
132,1565744400,282,352,70,634,33,0.21384667551616732,-0.9402664123747975
132,1565758800,67,81,14,148,33,-0.28224464880264866,-1.6783660099185025
132,1565773200,980,932,-48,1912,33,-0.8314886150127663,1.0006621589438345
132,1565787600,882,875,-7,1757,33,-0.46827889542220463,0.7652600239247516
132,1565802000,887,1038,151,1925,33,0.9314073410487403,1.0204055638164027
132,1565816400,881,937,56,1818,33,0.08982384443646332,0.8579021544806488
132,1565830800,313,316,3,629,33,-0.3796911589367018,-0.9478600296334775
132,1565845200,75,93,18,168,33,-0.2468095542084475,-1.6479915408837822
132,1565859600,932,977,45,1909,33,-0.0076226656975898095,0.9961059885886264
132,1565874000,780,842,62,1622,33,0.14297648632776502,0.5602323579403891
132,1565888400,867,1002,135,1869,33,0.7896669626719358,0.9353570505191857
132,1565902800,940,1030,90,1970,33,0.39102214848717304,1.0887481191445236
132,1565917200,364,379,15,743,33,-0.27338587515409835,-0.7747255561355714
132,1565931600,85,83,-2,168,33,-0.4239850271794532,-1.6479915408837822
132,1565942786,504,472,-32,976,33,-0.6897482366359617,-0.420862991881079
132,1565946000,379,373,-6,752,33,-0.4594201217736543,-0.7610570450699472
132,1565960400,780,951,171,1731,33,1.108582814019746,0.7257732141796152
132,1565974800,1118,950,-168,2068,33,-1.8945414528388005,1.2375830174146534
132,1565989200,1239,881,-358,2120,33,-3.577708446063355,1.3165566369049264
132,1566003600,540,452,-88,992,33,-1.1858395609547776,-0.3965634166533027
132,1566018000,107,157,50,264,33,0.03667120254516162,-1.5021940895171244
132,1566032400,433,491,58,924,33,0.10754139173356389,-0.499836611371352
132,1566046800,660,856,196,1516,33,1.3300521552335032,0.39924767205637113
132,1566061200,814,1066,252,1880,33,1.8261434795523193,0.952063008488282
132,1566075600,715,1032,317,1747,33,2.4019637667080875,0.7500727894073914
132,1566090000,471,416,-55,887,33,-0.8935000305526183,-0.5560293790855847
132,1566104400,74,134,60,208,33,0.12525893903066446,-1.5872426028143414
132,1566118800,265,301,36,566,33,-0.08735162853454237,-1.0435396070928467
132,1566133200,492,732,240,1224,33,1.7198381957697157,-0.044219575850546367
132,1566147600,675,889,214,1564,33,1.4895100809074084,0.4721463977397
132,1566162000,597,752,155,1349,33,0.9668424356429416,0.14562085561645596
132,1566176400,309,326,17,635,33,-0.2556683278569978,-0.9387476889230614
132,1566190800,70,76,6,146,33,-0.3531148379910509,-1.6814034568219745
132,1566205200,965,882,-83,1847,33,-1.1415456927120262,0.9019451345809933
132,1566219600,804,855,51,1659,33,0.0455299761937119,0.6164251256546218
132,1566234000,905,945,40,1850,33,-0.051916533940341236,0.9065013049362014
132,1566248400,824,884,60,1708,33,0.12525893903066446,0.6908425747896867
132,1566262800,300,245,-55,545,34,-0.9468071796486468,-1.031249555483538
132,1566277200,106,84,-22,190,34,-0.5907912406923189,-1.5741849676395956
132,1566291600,944,941,-3,1885,34,-0.38581236674776653,1.0181404509646796
132,1566306000,834,863,29,1697,34,-0.04058478957799406,0.7306140918510491
132,1566320400,850,935,85,1785,34,0.5635634704691078,0.8652008982446634
132,1566334800,853,841,-12,1694,34,-0.4829076228267651,0.7260259052694487
132,1566349200,265,310,45,575,34,0.1320289990068922,-0.9853676896675332
132,1566363600,67,82,15,149,34,-0.19162185458976952,-1.6368901842548023
132,1566378000,1002,967,-35,1969,34,-0.731039943917539,1.1466096752494934
132,1566392400,802,842,40,1644,34,0.07808719007411523,0.6495561289094405
132,1566406800,928,971,43,1899,34,0.1104522754337814,1.039551988345482
132,1566421200,820,887,67,1707,34,0.3693729583111108,0.7459080471230508
132,1566435600,236,304,68,540,34,0.3801613200976662,-1.0388965331195388
132,1566450000,97,81,-16,178,34,-0.5260610699729866,-1.5925377139659977
132,1566464400,1168,943,-225,2111,34,-2.780828683363063,1.3637838401119164
132,1566478800,834,878,44,1712,34,0.1212406372203368,0.7535550247590516
132,1566493200,894,950,56,1844,34,0.2507009786590015,0.955435234349473
132,1566507600,971,897,-74,1868,34,-1.1517860535931992,0.992140727002277
132,1566522000,311,281,-30,592,34,-0.6770981349847621,-0.9593679657051304
132,1566536400,62,73,11,135,34,-0.2347753017359911,-1.6583017216356046
132,1566550800,760,732,-28,1492,34,-0.6555214114116513,0.41708800877501584
132,1566565200,735,853,118,1588,34,0.9195794094254357,0.5639099793862314
132,1566579600,848,1010,162,1858,34,1.3942673280338729,0.9768467717302753
132,1566594000,781,886,105,1667,34,0.7793307062002156,0.6847322260350442
132,1566608400,353,343,-10,696,34,-0.4613308992536543,-0.8003108308763135
132,1566622800,73,135,62,208,34,0.31543114937833383,-1.5466558481499928
132,1566637200,351,496,145,847,34,1.2108651776624313,-0.569372106269089
132,1566651600,620,796,176,1416,34,1.5453043930456483,0.30085394870780346
132,1566666000,801,1135,334,1936,34,3.2498655553213998,1.096139622851888
132,1566680400,891,919,28,1810,34,-0.051373151364549445,0.9034357864246675
132,1566694800,424,443,19,867,34,-0.14846840744354797,-0.5387841957250857
132,1566709200,96,116,20,212,34,-0.13768004565699257,-1.5405382660411922
132,1566723600,210,305,95,515,34,0.6714470883346617,-1.0771314212995429
132,1566738000,536,743,207,1279,34,1.8797436084288655,0.09132676148138123
132,1566752400,669,766,97,1435,34,0.6930238119077725,0.3299124637246066
132,1566766800,568,624,56,1192,34,0.2507009786590015,-0.0417306493850329
132,1566781200,290,330,40,620,34,0.07808719007411523,-0.9165448909435259
132,1566795600,60,85,25,145,34,-0.08373823672421563,-1.643007766363603
132,1566810000,809,782,-27,1591,34,-0.6447330496250959,0.5684981659678319
132,1566824400,796,722,-74,1518,34,-1.1517860535931992,0.45685229248222003
132,1566838800,940,817,-123,1757,34,-1.6804157811344134,0.8223778234830589
132,1566853200,962,880,-82,1842,34,-1.2380929478856424,0.9523764432950726
132,1566867600,289,288,-1,577,35,-0.009274859693896681,-0.7601361037927685
132,1566882000,69,53,-16,122,35,-0.07188016262769928,-1.4124869599063128
132,1566896400,969,910,-59,1879,35,-0.25134869770460005,1.106590961393681
132,1566910800,826,667,-159,1493,35,-0.6687173839299507,0.5531680373061469
132,1566925200,913,912,-1,1825,35,-0.009274859693896681,1.0291691015472386
132,1566939600,926,781,-145,1707,35,-0.6102857678584017,0.8599880004013084
132,1566954000,280,274,-6,554,35,-0.030143294005164217,-0.7931120811347719
132,1566968400,65,69,4,134,35,0.011593574617370851,-1.395282102162659
132,1566982800,1003,874,-129,1877,35,-0.5435067780623456,1.1037234851030722
132,1566997200,914,701,-213,1615,35,-0.8940964744916401,0.7280840910332951
132,1567011600,967,827,-140,1794,35,-0.5894173335471341,0.9847232190427992
132,1567026000,871,910,39,1781,35,0.1576726147962436,0.9660846231538409
132,1567040400,288,272,-16,560,35,-0.07188016262769928,-0.784509652262945
132,1567054800,77,74,-3,151,35,-0.017622233418403695,-1.3709085536924825
132,1567069200,953,986,33,1939,35,0.13263049362272256,1.1926152501119507
132,1567083600,853,887,34,1740,35,0.13680418048497606,0.9073013591963567
132,1567098000,921,995,74,1916,35,0.3037516549751163,1.1596392727699474
132,1567112400,937,992,55,1929,35,0.2244516045922997,1.1782778686589057
132,1567126800,447,351,-96,798,35,-0.40577511160797985,-0.44327997368047567
132,1567141200,138,87,-51,225,35,-0.21795920280657202,-1.2648119309399501
132,1567155600,848,849,1,1697,35,-0.0009274859693896686,0.8456506189482634
132,1567170000,873,897,24,1770,35,0.095067311862441,0.9503135035554915
132,1567184400,980,1323,343,2303,35,1.4264734209213097,1.7144959350027862
132,1567198800,835,1306,471,2141,35,1.9607053392897584,1.4822303554634584
132,1567213200,878,445,-433,1323,35,-1.8123075841874117,0.3094325526043831
132,1567227600,72,131,59,203,35,0.24114635204131374,-1.296354170136649
132,1567242000,341,350,9,691,35,0.03246200892863838,-0.5966899552280563
132,1567256400,532,687,155,1219,35,0.6418202908176504,0.16032378549271586
132,1567270800,689,1202,513,1891,35,2.136000187504406,1.1237958191373352
132,1567285200,560,786,226,1346,35,0.9381520580376493,0.34240852994638643
132,1567299600,1013,279,-734,1292,35,-3.068587329725717,0.26498667009994387
132,1567314000,70,80,10,150,35,0.036635695790891896,-1.372342291837787
132,1567328400,205,249,44,454,35,0.17854104910751112,-0.9364858956652212
132,1567342800,448,620,172,1068,35,0.71277296747596,-0.05617067444826256
132,1567357200,505,1226,721,1731,35,3.0041270548531354,0.8943977158886162
132,1567371600,685,714,29,1399,35,0.11593574617370853,0.4183966516475246
132,1567386000,920,240,-680,1160,35,-2.8432082391640274,0.07573323491975079
132,1567400400,65,66,1,131,35,-0.0009274859693896686,-1.3995833165985725
132,1567414800,225,228,3,453,35,0.0074198877551173445,-0.9379196338105257
132,1567429200,422,380,-42,802,35,-0.18039602104629046,-0.4375450210992577
132,1567438312,358,311,-47,669,35,-0.201264455357558,-0.6282321944247552
132,1567438398,5,12,7,17,35,0.02411463520413137,-1.5630294651632846
132,1567438489,6,6,0,12,35,-0.0051011728316431755,-1.570198155889807
132,1567443600,200,185,-15,385,35,-0.06770647576544578,-1.0354138276912312
132,1567458000,443,457,14,900,35,0.05333044323990592,-0.29703868285941737
132,1567472400,229,252,23,481,36,-0.1767583296195159,-1.3297245129397357
132,1567486800,71,61,-10,132,36,-0.4040190391303221,-1.7852943967904893
132,1567501200,992,1095,103,2087,36,0.37417672374001426,0.766680167473761
132,1567515600,844,855,11,1699,36,-0.2593985876234454,0.2602013281210607
132,1567530000,979,1112,133,2091,36,0.5807773687498381,0.771901598807294
132,1567544400,1005,1101,96,2106,36,0.32596990657105535,0.7914819663080428
132,1567558800,330,334,4,664,36,-0.30760540479240434,-1.0908440294306012
132,1567573200,63,81,18,144,36,-0.21119177045448653,-1.7696301027898904
132,1567587600,1219,1147,-72,2366,36,-0.8309937054839579,1.1308750029876873
132,1567602000,883,952,69,1835,36,0.14002932606221394,0.43772999346118246
132,1567616400,955,1113,158,2068,36,0.7529445729246913,0.7418783686394793
132,1567630800,1065,1113,48,2178,36,-0.004591125444662735,0.8854677303116366
132,1567645200,280,323,43,603,36,-0.03902456627963337,-1.1704708572669793
132,1567659600,73,120,47,193,36,-0.011477813611656862,-1.7056675689541112
132,1567674000,1203,1136,-67,2339,36,-0.7965602646489873,1.0956303414863395
132,1567688400,900,891,-9,1791,36,-0.39713235096332794,0.38029424879231954
132,1567702800,1095,1082,-13,2177,36,-0.42467910363130446,0.8841623724782534
132,1567717200,957,940,-17,1897,36,-0.4522258562992809,0.5186621791309439
132,1567731600,270,348,78,618,36,0.20200951956516108,-1.1508904897662307
132,1567746000,73,90,17,163,36,-0.21807845862148068,-1.7448283039556085
132,1567760400,1249,1166,-83,2415,36,-0.9067472753208933,1.1948375368234665
132,1567774800,924,946,22,1870,36,-0.18364501778651005,0.48341751762959617
132,1567789200,1143,1186,43,2329,36,-0.03902456627963337,1.0825767631525072
132,1567803600,897,927,30,1824,36,-0.12855151245055702,0.42337105729396673
132,1567818000,294,541,247,835,36,1.3658598197871685,-0.8676278399220657
132,1567832400,117,397,280,514,36,1.5931205292979747,-1.2866477044380884
132,1567846800,849,715,-134,1564,36,-1.2579683718375938,0.0839780206143222
132,1567861200,933,915,-18,1848,36,-0.4591125444662751,0.4546996452951647
132,1567875600,1057,1102,45,2159,36,-0.025251189945645115,0.8606659314773549
132,1567890000,956,1169,213,2125,36,1.1317124221093682,0.8162837651423245
132,1567904400,428,851,423,1279,36,2.5779169371781347,-0.28804896189990353
132,1567918800,96,344,248,440,36,1.3727465079541628,-1.3832441841084488
132,1567933200,529,383,-146,912,36,-1.3406086298415234,-0.7671152867515556
132,1567947600,806,753,-53,1559,36,-0.7001466303110695,0.07745123144740597
132,1567962000,924,934,10,1858,36,-0.26628527579043954,0.4677532236289972
132,1567976400,646,1009,363,1655,36,2.164715647158487,0.2027655834521978
132,1567990800,310,637,327,947,36,1.9167948731466986,-0.721427762583142
132,1568005200,109,205,96,314,36,0.32596990657105535,-1.547719271114738
132,1568019600,1209,1140,-69,2349,36,-0.8103336409829756,1.1086839198201721
132,1568034000,881,841,-40,1722,36,-0.6106196841401459,0.29022455828887544
132,1568048400,1213,1192,-21,2405,36,-0.47977260896725743,1.181783958489634
132,1568062800,1415,1016,-399,2431,36,-3.0829407360910377,1.2157232621575984
132,1568077200,304,291,-13,595,37,-0.3384556595415538,-0.8857670906370708
132,1568091600,54,61,7,115,37,-0.019372882869381856,-1.4741964097540625
132,1568106000,1265,1200,-65,2465,37,-1.168070878889201,1.4066554650895429
132,1568120400,903,778,-125,1681,37,-2.125319208905717,0.445554243865123
132,1568134800,1100,1088,-12,2188,37,-0.32250152070794524,1.0670827121824455
132,1568149200,1083,974,-109,2057,37,-1.8700529875679792,0.9064905438400999
132,1568163600,295,282,-13,577,37,-0.3384556595415538,-0.907833190103958
132,1568178000,81,68,-13,149,37,-0.3384556595415538,-1.4325159996499424
132,1568192400,1204,1182,-22,2386,37,-0.48204290904403124,1.3098098063182047
132,1568206800,861,934,73,1795,37,1.0336002801487858,0.5853062071554085
132,1568221200,1038,1125,87,2163,37,1.256958223819306,1.0364353518117688
132,1568235600,992,1024,32,2016,37,0.37948058797083306,0.8562288728321902
132,1568250000,286,332,46,618,37,0.6028385316413535,-0.8575715190960483
132,1568264400,62,71,9,133,37,0.01253539479783534,-1.4521303102871754
132,1568278800,1245,1202,-43,2447,37,-0.8170798245498118,1.3845893656226556
132,1568293200,887,801,-86,1688,37,-1.5031077943949813,0.45413550476891246
132,1568307600,1069,1114,45,2183,37,0.5868843928077448,1.0609532401083102
132,1568322000,1006,1050,44,2056,37,0.5709302539741362,0.9052646494252727
132,1568336400,275,345,70,620,37,0.9857378636479598,-0.8551197302663942
132,1568350800,67,75,8,142,37,-0.003418744035773259,-1.4410972605537318
132,1568365200,1142,1104,-38,2246,37,-0.7373091303817688,1.1381845882424153
132,1568379600,825,933,108,1758,37,1.5919951393250866,0.5399481138068071
132,1568394000,1021,1160,139,2181,37,2.086573443166953,1.0585014512786561
132,1568408400,937,1070,133,2007,37,1.9908486101653016,0.8451958230987465
132,1568422800,313,318,5,631,37,-0.05128116053659905,-0.8416348917032964
132,1568437200,71,82,11,153,37,0.044443672465052535,-1.427612421990634
132,1568451600,310,394,84,704,37,1.2090958073184803,-0.7521445994209206
132,1568466000,578,568,-10,1146,37,-0.29059324304072803,-0.2102992680673574
132,1568480400,667,728,61,1395,37,0.8421506141454824,0.09494844122458207
132,1568494800,518,620,102,1138,37,1.496270306323435,-0.22010642338597394
132,1568509200,297,266,-31,563,37,-0.6256301585465086,-0.924995711911537
132,1568523600,52,74,22,126,37,0.21993919963474712,-1.4607115711909648
132,1568538000,221,238,17,459,37,0.14016850546670412,-1.0524887310535518
132,1568552400,495,516,21,1011,37,0.2039850608011385,-0.37579501406901133
132,1568566800,631,700,69,1331,37,0.9697837248143512,0.01649119867564983
132,1568581200,656,554,-102,1210,37,-1.758374015732719,-0.13184202551842517
132,1568595600,281,244,-37,525,37,-0.7213549915481602,-0.9715796996749655
132,1568610000,70,55,-15,125,37,-0.37036393720877103,-1.461937465605792
132,1568624400,1207,1174,-33,2381,37,-0.6575384362137258,1.3036803342440693
132,1568638800,907,945,38,1852,37,0.47520542097248464,0.6551821888005512
132,1568653200,1122,1079,-43,2201,37,-0.8170798245498118,1.0830193395751975
132,1568667600,1098,1022,-76,2120,37,-1.3435664060588954,0.983721891974205
132,1568682000,259,196,-63,455,38,-0.6612641542687708,-1.2845266593790772
132,1568696400,62,59,-3,121,38,-0.23496953447923322,-1.706041548096233
132,1568710800,1250,1191,-59,2441,38,-0.6328445129494683,1.221846301675628
132,1568725200,861,904,43,1765,38,0.09185634069274559,0.368720359242103
132,1568739600,1075,1075,0,2150,38,-0.21365480348975635,0.8545982998292437
132,1568754000,1043,969,-74,2012,38,-0.7394181678968527,0.6804394535928141
132,1568768400,278,320,42,598,38,0.08475143036291996,-1.1040577100181392
132,1568782800,66,55,-11,121,38,-0.29180881711783824,-1.706041548096233
132,1568797200,1267,1342,75,2609,38,0.31921347124716565,1.4338657666591077
132,1568811600,954,842,-112,1796,38,-1.0094047604302265,0.4078429986140546
132,1568826000,1047,1157,110,2204,38,0.5678853327910626,0.9227474135739336
132,1568840400,1081,960,-121,2041,38,-1.0733489533986573,0.7170380517149624
132,1568854800,288,322,34,610,38,0.02791214772431495,-1.0889134625193193
132,1568869200,55,68,13,123,38,-0.1212909692020232,-1.7035175068464297
132,1568883600,1217,1147,-70,2364,38,-0.7109985265775501,1.1246707135582
132,1568898000,912,873,-39,1785,38,-0.49074630635295574,0.3939607717401363
132,1568912400,1080,1139,59,2219,38,0.2055349059699556,0.9416777229474586
132,1568926800,1158,1116,-42,2274,38,-0.5120610373424327,1.0110888573170502
132,1568941200,347,358,11,705,38,-0.13550078986167446,-0.9690215031536611
132,1568955600,71,59,-12,130,38,-0.29891372744766387,-1.694683362472118
132,1568970000,1152,1231,79,2383,38,0.34763311256646817,1.1486491054313315
132,1568984400,899,940,41,1839,38,0.07764652003309434,0.4621098854848262
132,1568998800,1145,1224,79,2369,38,0.34763311256646817,1.1309808166827082
132,1569013200,1046,1022,-24,2068,38,-0.3841726514055714,0.7511126085873073
132,1569027600,370,520,150,890,38,0.8520817459840877,-0.7355476875468533
132,1569042000,104,353,249,457,38,1.5554678686368246,-1.2820026181292739
132,1569056400,726,573,-153,1299,38,-1.3007060839530773,-0.21938125196207253
132,1569070800,1142,760,-382,1902,38,-2.9277305494831456,0.541617184853631
132,1569085200,904,886,-18,1790,38,-0.3415431894266176,0.40027087486464463
132,1569099600,818,1107,289,1925,38,1.8396642818298499,0.5706436592263693
132,1569114000,354,786,432,1140,38,2.8556664589949143,-0.42004253132143715
132,1569128400,61,294,233,355,38,1.4417893033596145,-1.4107287218692437
132,1569142800,329,376,47,705,38,0.1202759820120481,-0.9690215031536611
132,1569157200,715,558,-157,1273,38,-1.3291257252723798,-0.2521937882095158
132,1569171600,781,882,101,1663,38,0.503941139822632,0.23999425550213324
132,1569186000,648,868,220,1516,38,1.3494254690718814,0.05447722364158861
132,1569200400,315,554,239,869,38,1.4844187653385683,-0.7620501206697882
132,1569214800,90,209,119,299,38,0.6318295257594932,-1.481401876863737
132,1569229200,1336,1209,-127,2545,38,-1.115978415377611,1.3530964466654012
132,1569243600,1002,891,-111,1893,38,-1.002299850100401,0.530258999229516
132,1569258000,979,1091,112,2070,38,0.5820951534507138,0.7536366498371107
132,1569272400,1011,1075,64,2086,38,0.24105945761908376,0.7738289798355372
132,1569286800,266,307,41,573,39,0.04522424231006554,-0.940505249288279
132,1569301200,62,81,19,143,39,-0.13229498269127063,-1.4711879695220451
132,1569315600,1341,1330,-11,2671,39,-0.3743666531476382,1.6487327671080958
132,1569321924,493,433,-60,926,39,-0.769750381559705,-0.5048517603521874
132,1569330000,385,415,30,800,39,-0.04353537019060255,-0.6603541388392908
132,1569344400,1032,1108,76,2140,39,0.32764119117582763,0.9934013149124451
132,1569358800,1066,1016,-50,2082,39,-0.6890598247409159,0.9218208549739372
132,1569373200,300,304,4,604,39,-0.2533308179194544,-0.9022467275970075
132,1569387600,63,73,10,136,39,-0.2049164838281809,-1.4798269905491064
132,1569402000,1232,1265,33,2497,39,-0.0193282031449658,1.4339913872925718
132,1569416400,906,951,45,1857,39,0.0775004650375812,0.6441380362469665
132,1569430800,1072,1274,202,2346,39,1.3443422070925712,1.2476353622802494
132,1569445200,1117,1084,-33,2201,39,-0.5518858781489743,1.0686842124339793
132,1569459600,292,365,73,657,39,0.3034340241301909,-0.8368369969635433
132,1569474000,83,85,2,168,39,-0.26946892928321226,-1.4403343229968262
132,1569488400,1249,1232,-17,2481,39,-0.42278098723891167,1.4142450535164317
132,1569502800,871,937,66,1808,39,0.24695063435703846,0.5836648890575374
132,1569517200,1373,1074,-299,2447,39,-2.6982546895287665,1.372284094242134
132,1569531600,1082,1013,-69,2095,39,-0.8423718826966153,0.937864751167051
132,1569546000,248,270,22,518,39,-0.10808781564563388,-1.0083832716437606
132,1569560400,68,94,26,162,39,-0.07581159291811822,-1.4477391981628787
132,1569574800,1152,1233,81,2385,39,0.36798646958522224,1.2957670508595909
132,1569589200,907,915,8,1822,39,-0.22105459519193874,0.60094293111166
132,1569603600,1053,1070,17,2123,39,-0.14843309405502847,0.9724208352752962
132,1569618000,1015,1183,168,2198,39,1.069994313908688,1.0649817748509531
132,1569632400,347,368,21,715,39,-0.1161568713275128,-0.7652565370250354
132,1569646800,87,144,57,231,39,0.17432913322012822,-1.3625831337532743
132,1569661200,315,416,101,731,39,0.5293675832228006,-0.7455102032488952
132,1569675600,543,938,395,1481,39,2.901669953695202,0.18009919250767345
132,1569690000,794,1251,457,2045,39,3.401951405971695,0.876157458116613
132,1569704400,916,741,-175,1657,39,-1.6976917849757804,0.3973088640452149
132,1569718800,422,369,-53,791,39,-0.7132669917865526,-0.6714614515883697
132,1569733200,94,103,9,197,39,-0.2129855395100598,-1.404544093027572
132,1569747600,403,247,-156,650,39,-1.5443797270200812,-0.8454760179906046
132,1569762000,432,624,192,1056,39,1.263651650273782,-0.34441279842104877
132,1569776400,574,658,84,1232,39,0.392193636630859,-0.12720312688350735
132,1569790800,503,608,105,1111,39,0.5616438059503163,-0.2765347760655671
132,1569805200,268,303,35,571,39,-0.003190091781207964,-0.9429735410102965
132,1569819600,68,72,4,140,39,-0.2533308179194544,-1.4748904071050712
132,1569834000,822,908,86,1730,39,0.4083317479946168,0.4874015118988543
132,1569848400,761,839,78,1600,39,0.3437793025395855,0.3269625499677157
132,1569862800,934,917,-17,1851,39,-0.42278098723891167,0.636733161080914
132,1569877200,932,847,-85,1779,39,-0.971476773606678,0.5478746590882834
132,1569891600,253,262,9,515,40,-0.5567656080107338,-1.164227958476762
132,1569906000,50,64,14,114,40,-0.5088276097810274,-1.686395870827049
132,1569920400,1017,1051,34,2068,40,-0.3170756168622014,0.8580333080568928
132,1569934800,813,915,102,1728,40,0.3348811590618067,0.4152974222736071
132,1569949200,924,950,26,1874,40,-0.3937764140297318,0.6054134202864297
132,1569963600,958,1009,51,1967,40,-0.15408642288119936,0.7265147066918579
132,1569978000,270,259,-11,529,40,-0.7485176009295597,-1.1459976572974502
132,1569992400,64,58,-6,122,40,-0.7005796026998532,-1.6759785558674423
132,1570006800,1177,1297,120,2474,40,0.50745795268875,1.386712042256934
132,1570021200,806,877,71,1683,40,0.037665570037626536,0.3567000256258193
132,1570035600,1094,1105,11,2199,40,-0.5375904087188512,1.0286168405204528
132,1570050000,1043,1040,-3,2083,40,-0.6718168037620293,0.8775657736061554
132,1570064400,271,282,11,553,40,-0.5375904087188512,-1.1147457124186302
132,1570078800,64,65,1,129,40,-0.6334664051782641,-1.6668634052777864
132,1570093200,1210,1138,-72,2348,40,-1.3333611793319786,1.222639331643128
132,1570107600,898,854,-44,1752,40,-1.0649083892456224,0.44654936715242727
132,1570122000,1021,1247,226,2268,40,1.5237435151585275,1.1184661820470607
132,1570136400,1015,1157,142,2172,40,0.7183851448994585,0.9934584025317802
132,1570150800,272,282,10,554,40,-0.5471780083647925,-1.1134435480486793
132,1570165200,70,78,8,148,40,-0.5663532076566751,-1.6421222822487205
132,1570179600,1138,1175,37,2313,40,-0.2883128179243775,1.1770635786948487
132,1570194000,849,989,140,1838,40,0.699209945607576,0.5585355029681995
132,1570208400,1153,1282,129,2435,40,0.5937463495022217,1.335927631828851
132,1570222800,999,1132,133,2131,40,0.6320967480859868,0.9400696633637957
132,1570237200,334,629,295,963,40,2.185287890728477,-0.5808583207387856
132,1570251600,112,341,229,453,40,1.5525063140963513,-1.2449621494137142
132,1570266000,620,549,-71,1169,40,-1.3237735796860373,-0.31261246052891256
132,1570280400,768,810,42,1578,40,-0.24037481969467103,0.2199727667809811
132,1570294800,883,934,51,1817,40,-0.15408642288119936,0.5311900511992319
132,1570309200,696,595,-101,1291,40,-1.6114015690642762,-0.15374840739491005
132,1570323600,356,641,285,997,40,2.089411894269064,-0.5365847321604571
132,1570338000,74,303,229,377,40,1.5525063140963513,-1.343926641529978
132,1570352400,356,319,-37,675,40,-0.9977951917240334,-0.9558816592846276
132,1570366800,658,726,68,1384,40,0.00890277109980265,-0.03264712098948191
132,1570381200,770,801,31,1571,40,-0.3458384158000253,0.2108576161913252
132,1570395600,594,886,292,1480,40,2.156525091790653,0.09236065852579875
132,1570410000,241,519,278,760,40,2.022298696747475,-0.8451976878388062
132,1570424400,77,196,119,273,40,0.49787035304280874,-1.4793517360048654
132,1570438800,1166,1155,-11,2321,40,-0.7485176009295597,1.1874808936544554
132,1570453200,939,932,-7,1871,40,-0.7101672023457946,0.6015069271765773
132,1570467600,1100,1107,7,2207,40,-0.5759408073026164,1.0390341554800595
132,1570482000,1009,988,-21,1997,40,-0.8443935973889727,0.7655796377903832
132,1570496400,296,309,13,605,41,-0.0755223661398504,-0.8498093004264436
132,1570510800,61,79,18,140,41,-0.0047201478837406345,-1.467065163165526
132,1570525200,1285,1162,-123,2447,41,-2.0013427027060366,1.5953203751980503
132,1570539600,812,903,91,1715,41,1.0289922386554622,0.6236401783700755
132,1570554000,1057,1080,23,2137,41,0.06608207037236914,1.1838164667053286
132,1570568400,993,1117,124,2110,41,1.4962868791457866,1.1479758037075756
132,1570582800,301,288,-13,589,41,-0.4436939010716212,-0.8710482118325196
132,1570597200,58,102,44,160,41,0.3634513870480302,-1.440516523907931
132,1570611600,992,975,-17,1967,41,-0.500335675676509,0.9581530330157717
132,1570626000,765,887,122,1652,41,1.4679659918433428,0.5400119647086514
132,1570640400,951,850,-101,1801,41,-1.6898129423791532,0.7377993271777337
132,1570654800,902,931,29,1833,41,0.15104473227970086,0.7802771499898856
132,1570669200,295,307,12,602,41,-0.08968280979107236,-0.853791596315083
132,1570683600,62,93,31,155,41,0.17936561958214478,-1.4471536837223298
132,1570698000,1259,1112,-147,2371,41,-2.3411933503353635,1.4944355460191894
132,1570712400,871,894,23,1765,41,0.06608207037236914,0.6900117765140628
132,1570726800,1092,1136,44,2228,41,0.3634513870480302,1.3046127753273857
132,1570741200,1100,1095,-5,2195,41,-0.3304103518618456,1.260807520552354
132,1570755600,323,399,76,722,41,0.8165855838871328,-0.6944997607695133
132,1570770000,76,115,39,191,41,0.29264916879192043,-1.3993661330586589
132,1570784400,1152,1097,-55,2249,41,-1.0384325344229433,1.3324888465478604
132,1570798800,885,803,-82,1688,41,-1.420764513005936,0.5877995153723223
132,1570813200,1151,1142,-9,2293,41,-0.3870521264667334,1.3908958529145692
132,1570827600,1053,1254,201,2307,41,2.586641040289877,1.4094799003948857
132,1570842000,342,336,-6,678,41,-0.3445707955130676,-0.7529067671362222
132,1570856400,78,100,22,178,41,0.05192162672114718,-1.4166227485760956
132,1570870800,302,350,48,652,41,0.420093161652918,-0.7874199981710955
132,1570885200,559,666,107,1225,41,1.2555593370750133,-0.026801483441000546
132,1570899600,707,732,25,1439,41,0.09440295767481305,0.2572689566152653
132,1570914000,581,590,9,1171,41,-0.13216414074473823,-0.09848280943650688
132,1570928400,281,317,36,598,41,0.2501678378382546,-0.8591013241666019
132,1570942800,67,108,41,175,41,0.32097005609436435,-1.420605044464735
132,1570957200,190,208,18,398,41,-0.0047201478837406345,-1.1245877167425513
132,1570971600,416,630,214,1046,41,2.7707268077557625,-0.26441180479647525
132,1570986000,590,609,19,1199,41,0.00944029576748132,-0.06131471447587397
132,1571000400,601,554,-47,1155,41,-0.9251489852131677,-0.11972172084258284
132,1571014800,265,241,-24,506,41,-0.5994587812350627,-0.9812250647515386
132,1571029200,59,58,-1,117,41,-0.2737685772569578,-1.4975960983117602
132,1571043600,705,728,23,1433,41,0.06608207037236914,0.24930436483798682
132,1571058000,665,694,29,1359,41,0.15104473227970086,0.15107439958488555
132,1571072400,835,774,-61,1609,41,-1.123395196330275,0.48293239030482227
132,1571086800,729,709,-20,1438,41,-0.5428170066301748,0.25594152465238557
132,1571101200,285,278,-7,563,42,-0.5493109093895849,-0.9398853045031914
132,1571115600,45,75,30,120,42,0.058687062968972775,-1.4599443652177093
132,1571130000,1189,1333,144,2522,42,1.931978112938583,1.3598792551801957
132,1571144400,977,1002,25,1979,42,-0.023474825187589074,0.7224253726339582
132,1571158800,1171,1107,-64,2278,42,-1.48595643437439,1.0734358899107999
132,1571173200,1092,1012,-80,2104,42,-1.7488744764753879,0.8691688999236078
132,1571187600,298,318,20,616,42,-0.10563671334415092,-0.8776660489323801
132,1571202000,49,72,23,121,42,-0.05633958045021381,-1.458770416999392
132,1571216400,1192,1216,24,2408,42,-0.03990720281890144,1.2260491582920354
132,1571230800,896,901,5,1797,42,-0.3521223778138365,0.5087667969002285
132,1571245200,1094,1031,-63,2125,42,-1.4695240567430776,0.8938218125082689
132,1571259600,868,867,-1,1735,42,-0.45071664360171065,0.4359820073645624
132,1571274000,274,259,-15,533,42,-0.6807699304400839,-0.9751037510527073
132,1571288400,158,121,-37,279,42,-1.042282238328956,-1.2732865985052753
132,1571302800,1176,1330,154,2506,42,2.0963018892517065,1.3410960836871206
132,1571317200,922,983,61,1905,42,0.5680907695396562,0.6355532044784857
132,1571331600,1145,1192,47,2337,42,0.33803748270128303,1.1426988347915146
132,1571346000,1079,1019,-60,2098,42,-1.4202269238491405,0.8621252106137046
132,1571360400,327,342,15,669,42,-0.18779860150071276,-0.8154467933615687
132,1571374800,79,99,20,178,42,-0.10563671334415092,-1.391855368555312
132,1571389200,1202,1153,-49,2355,42,-1.2394707699047045,1.163829902721224
132,1571403600,951,968,17,1919,42,-0.15493384623808804,0.6519884795349264
132,1571418000,1151,1339,188,2490,42,2.6550027287163274,1.3223129121940456
132,1571432400,1077,1108,31,2185,42,0.07511944060028514,0.9642587056073006
132,1571446800,305,390,85,695,42,0.962467832691153,-0.7849241396853216
132,1571461200,65,94,29,159,42,0.04225468533766041,-1.4141603847033386
132,1571475600,356,411,55,767,42,0.46949650375178203,-0.7003998679664835
132,1571490000,572,761,189,1333,42,2.67143510634764,-0.03594517639895044
132,1571504400,692,766,74,1458,42,0.781711678746717,0.11079835089069907
132,1571518800,657,701,44,1358,42,0.2887403498073459,-0.006596470941020537
132,1571533200,286,339,53,625,42,0.43663174848915726,-0.8671005149675253
132,1571547600,62,99,37,161,42,0.17371370638815936,-1.4118124882667042
132,1571562000,212,222,10,434,42,-0.2699604896572746,-1.0913246246661097
132,1571576400,498,543,45,1041,42,0.3051727274386583,-0.3787380561475717
132,1571590800,586,586,0,1172,42,-0.4342842659703983,-0.224950839548019
132,1571605200,423,476,53,899,42,0.43663174848915726,-0.5454387031486135
132,1571619600,192,224,32,416,42,0.09155181823159751,-1.1124556925958193
132,1571634000,56,53,-3,109,42,-0.48358139886433543,-1.4728577956191984
132,1571648400,1262,1252,-10,2514,42,-0.598608042283522,1.3504876694336583
132,1571662800,925,942,17,1867,42,-0.15493384623808804,0.5909431721824323
132,1571677200,1189,1116,-73,2305,42,-1.6338478330562014,1.1051324918053642
132,1571691600,1046,1091,45,2137,42,0.3051727274386583,0.9079091911280752
132,1571706000,241,313,72,554,43,0.6724290155858328,-0.9516886303849007
132,1571720400,67,70,3,137,43,-0.06016470139452187,-1.4381146699740313
132,1571734800,1265,1285,20,2550,43,0.12032940278904376,1.3766240195429285
132,1571749200,876,895,19,1771,43,0.10971210254295166,0.46792885206107526
132,1571763600,1134,961,-173,2095,43,-1.9288095447067306,0.8458713864180977
132,1571778000,1056,1026,-30,2082,43,-0.410535609515561,0.8307070254716739
132,1571792400,224,268,44,492,43,0.37514460869525407,-1.0240109672063062
132,1571806800,46,85,39,131,43,0.3220581074647936,-1.4451136057954577
132,1571821200,1255,1219,-36,2474,43,-0.4742394109921136,1.2879708324715282
132,1571835600,1069,976,-93,2045,43,-1.0794255250193632,0.7875469212395448
132,1571850000,1049,1151,102,2200,43,0.9909480229685955,0.9683527632930585
132,1571864400,1060,1009,-51,2069,43,-0.6334989146834951,0.8155426645252501
132,1571878800,314,328,14,642,43,0.05662560131249118,-0.8490375716706478
132,1571893200,68,70,2,138,43,-0.07078200164061396,-1.4369481806704603
132,1571907600,1279,1228,-51,2507,43,-0.6334989146834951,1.326464979489373
132,1571922000,961,959,-2,1920,43,-0.11325120262498235,0.6417357582931628
132,1571936400,1233,1200,-33,2433,43,-0.4423875102538373,1.2401447710251148
132,1571950800,1170,1055,-115,2225,43,-1.3130061304333893,0.9975149958823349
132,1571965200,447,300,-147,747,43,-1.6527597383083361,-0.7265561947956868
132,1571979600,94,64,-30,158,43,-0.410535609515561,-1.413618394599039
132,1571994000,1434,1143,-291,2577,43,-3.1816509737455982,1.4081192307393469
132,1572008400,992,919,-73,1911,43,-0.8670795200975212,0.6312373545610231
132,1572022800,1192,1154,-38,2346,43,-0.49547401148429776,1.138660201614433
132,1572037200,978,1120,142,2098,43,1.4156400328122796,0.8493708543288108
132,1572051600,321,369,48,690,43,0.41761380967962247,-0.793046085099237
132,1572066000,58,112,54,170,43,0.48131761115617505,-1.3996205229561864
132,1572080400,344,502,158,846,43,1.5855168367497532,-0.6110737537421521
132,1572094800,587,785,198,1372,43,2.010208846593437,0.002499619936223655
132,1572109200,733,844,111,1577,43,1.0865037251834244,0.24162992716829026
132,1572123600,630,780,150,1410,43,1.5005784347810163,0.04682621347192381
132,1572138000,328,394,66,722,43,0.6087252141092802,-0.7557184273849632
132,1572152400,74,128,54,202,43,0.48131761115617505,-1.3622928652419126
132,1572166800,214,234,20,448,43,0.12032940278904376,-1.0753364965634327
132,1572181200,368,566,198,934,43,2.010208846593437,-0.5084226950278992
132,1572195600,495,527,32,1022,43,0.24773700574214894,-0.40577163631364616
132,1572210000,416,428,12,844,43,0.035391000820306995,-0.6134067323492942
132,1572224400,204,226,22,430,43,0.14156400328122795,-1.0963333040277117
132,1572238800,54,68,14,122,43,0.05662560131249118,-1.4556120095275973
132,1572253200,1236,1286,50,2522,43,0.43884841017180665,1.3439623190429388
132,1572267600,937,920,-17,1857,43,-0.27251070631636376,0.5682469321681861
132,1572282000,1097,1030,-67,2127,43,-0.8033757186209687,0.8831990441323715
132,1572296400,985,952,-33,1937,43,-0.4423875102538373,0.6615660764538707
132,1572310800,317,258,-59,575,44,-1.01377066711047,-0.992119029803345
132,1572325200,48,91,43,139,44,-0.07066675008522498,-1.525192697646391
132,1572339600,1201,1157,-44,2358,44,-0.8750789146067575,1.1878588366281944
132,1572354000,944,965,21,1909,44,-0.27408132042400335,0.6388907704320299
132,1572368400,1225,1090,-135,2315,44,-1.7164755464626134,1.1352850574601876
132,1572382800,996,1104,108,2100,44,0.5303308440975293,0.8724161616201533
132,1572397200,279,327,48,606,44,-0.024436165917320805,-0.9542170029612935
132,1572411600,65,73,8,138,44,-0.3942808392605542,-1.526415343673554
132,1572426000,1257,1196,-61,2453,44,-1.0322629007776316,1.3040102092086745
132,1572440400,928,929,1,1857,44,-0.45900365709562,0.5753131770195565
132,1572454800,1084,1123,39,2207,44,-0.10765121741954832,1.003239286526589
132,1572469200,1006,1020,14,2026,44,-0.3388041382590692,0.781940355610095
132,1572483600,298,305,7,603,44,-0.403526956094135,-0.9578849410427824
132,1572498000,65,74,9,139,44,-0.38503472242697334,-1.525192697646391
132,1572512400,1172,1112,-60,2284,44,-1.023016783944051,1.097383030618136
132,1572526800,919,909,-10,1828,44,-0.5607109422650092,0.5398564422318309
132,1572541200,1169,1118,-51,2287,44,-0.9398017324418233,1.1010509686996248
132,1572555600,882,925,43,1807,44,-0.07066675008522498,0.514180875661409
132,1572570000,278,307,29,585,44,-0.20011238575535667,-0.9798925695317154
132,1572584400,59,104,45,163,44,-0.05217451641806331,-1.4958491929944802
132,1572598800,1114,1128,14,2242,44,-0.3388041382590692,1.0460318974772922
132,1572613200,873,983,110,1856,44,0.548823077764691,0.5740905309923936
132,1572627600,1127,1091,-36,2218,44,-0.8011099799381108,1.0166883928253814
132,1572642000,965,945,-20,1910,44,-0.6531721106008175,0.6401134164591928
132,1572656400,320,481,161,801,44,1.0203750362773136,-0.7158010276645184
132,1572670800,59,103,44,162,44,-0.061420633251644145,-1.497071839021643
132,1572685200,322,490,168,812,44,1.0850978541123795,-0.7023519213657259
132,1572699600,590,939,349,1529,44,2.7586450009905104,0.17428528011010902
132,1572714000,715,1146,431,1861,44,3.5168265813441386,0.5802037611282084
132,1572728400,624,888,264,1512,44,1.9727250701361394,0.1535002976483389
132,1572742800,327,459,132,786,44,0.7522376481034694,-0.7341407180719626
132,1572753600,64,129,65,193,44,0.1327478202535534,-1.4591698121795917
132,1572768000,196,169,-27,365,44,-0.7178949284358833,-1.2488746955075645
132,1572782400,559,717,158,1276,44,0.992636685776571,-0.13504416476211725
132,1572796800,962,1098,136,2060,44,0.7892221154377926,0.8235103205336353
132,1572811200,615,688,73,1303,44,0.20671675492220004,-0.1020327220287176
132,1572825600,255,282,27,537,44,-0.21860461942251833,-1.038579578835537
132,1572840000,50,68,18,118,44,-0.3018196709247458,-1.550868264216813
132,1572854400,821,732,-89,1553,44,-1.291154172117895,0.20362878476201982
132,1572868800,1111,1227,116,2338,44,0.604299778766176,1.1634059160849353
132,1572883200,966,1005,39,1971,44,-0.10765121741954832,0.7146948241161328
132,1572897600,1225,1224,-1,2449,44,-0.4774958907627817,1.2991196251000228
132,1572912000,325,376,51,701,45,0.44724620517689595,-0.791432032157279
132,1572926400,62,78,16,140,45,0.027417391888238843,-1.5409385249904706
132,1572940800,702,800,98,1502,45,1.011016325878807,0.2787189495885081
132,1572955200,1203,1132,-71,2335,45,-1.0161570868578516,1.3916225298559746
132,1572969600,891,954,63,1845,45,0.5911875125901498,0.736973364992759
132,1572984000,1166,953,-213,2119,45,-2.719462557914689,1.1030424898346387
132,1572998400,298,428,130,726,45,1.3948598123141507,-0.7580315645622169
132,1573012800,55,81,26,136,45,0.14736848139928374,-1.5462825998056806
132,1573027200,773,755,-18,1528,45,-0.3804163124493138,0.3134554358873726
132,1573041600,1152,1076,-76,2228,45,-1.0761326316133741,1.248668528549109
132,1573056000,946,999,53,1945,45,0.4712364230791049,0.8705752353730071
132,1573070400,1290,1133,-157,2423,45,-2.0477364566528378,1.5091921757905928
132,1573084800,381,403,22,784,45,0.09938804559486578,-0.680542479741673
132,1573099200,80,120,40,200,45,0.31530000671474656,-1.4607774027623217
132,1573113600,807,809,2,1616,45,-0.14051413342722402,0.4310250818219909
132,1573128000,1163,1183,20,2346,45,0.0753978276926568,1.406318735597802
132,1573142400,932,965,33,1897,45,0.23133424405701514,0.806446337590488
132,1573156800,1210,1213,3,2423,45,-0.12851902447611951,1.5091921757905928
132,1573171200,387,396,9,783,45,-0.05654837076949258,-0.6818784984454755
132,1573185600,73,136,63,209,45,0.5911875125901498,-1.4487532344280996
132,1573200000,764,728,-36,1492,45,-0.5963282735691946,0.2653587625504833
132,1573214400,1225,1182,-43,2407,45,-0.6802940362269261,1.4878158765297531
132,1573228800,962,1072,110,2034,45,1.1549576332920608,0.9894809000114279
132,1573243200,1154,1187,33,2341,45,0.23133424405701514,1.3996386420787894
132,1573257600,333,386,53,719,45,0.4712364230791049,-0.7673836954888343
132,1573272000,82,137,55,219,45,0.4952266409813139,-1.4353930473900747
132,1573286400,195,283,88,478,45,0.8910652363677621,-1.0893642031052322
132,1573300800,522,792,270,1314,45,3.074175065468779,0.02754743327364174
132,1573315200,651,748,97,1399,45,0.9990212169277025,0.1411090230968526
132,1573329600,782,738,-44,1520,45,-0.6922891451780305,0.30276728625695276
132,1573344000,416,443,27,859,45,0.15936359035038822,-0.580341076956487
132,1573358400,122,184,62,306,45,0.5791924036390453,-1.319159420159259
132,1573372800,169,201,32,370,45,0.21933913510591066,-1.2336542231159
132,1573387200,489,571,82,1060,45,0.8190945826611352,-0.31180131749218837
132,1573401600,670,711,41,1381,45,0.32729511566585107,0.11706068642840795
132,1573416000,670,627,-43,1297,45,-0.6802940362269261,0.00483511530899957
132,1573430400,350,304,-46,654,45,-0.7162793630802395,-0.8542249112359955
132,1573444800,84,70,-14,154,45,-0.3324358766448959,-1.5222342631372359
132,1573459200,664,468,-196,1132,45,-2.515545705745913,-0.21560797081840974
132,1573473600,936,913,-23,1849,45,-0.44039185720483626,0.7423174398079689
132,1573488000,794,746,-48,1540,45,-0.7402695809824484,0.32948766033300236
132,1573502400,943,968,25,1911,45,0.13537337244817924,0.8251505994437227
132,1573516800,313,429,116,742,46,0.9961188676779039,-0.7182169172966903
132,1573531200,95,115,20,210,46,-0.10909612254700213,-1.3890010169488074
132,1573545600,751,533,-218,1284,46,-2.8491082858129153,-0.034824093966901996
132,1573560000,1138,1132,-6,2270,46,-0.40842518239958087,1.2083960606514952
132,1573574400,901,1009,108,1910,46,0.9040176184924951,0.7544820082553259
132,1573588800,1217,1173,-44,2390,46,-0.845906116030273,1.3597007447835516
132,1573603200,336,465,129,801,46,1.1457833976041933,-0.6438254475984293
132,1573617600,82,115,33,197,46,0.04056840737928725,-1.40539235772978
132,1573632000,797,684,-113,1481,46,-1.6402793902544244,0.21356776248322404
132,1573646400,1110,1130,20,2240,46,-0.10909612254700213,1.170569889618481
132,1573660800,895,996,101,1891,46,0.8234290254552623,0.7305254332677503
132,1573675200,1214,1203,-11,2417,46,-0.4659884631404614,1.3937442987132644
132,1573689600,383,491,108,874,46,0.9040176184924951,-0.5517817647514283
132,1573704000,82,150,68,232,46,0.443511372565451,-1.3612618248579302
132,1573718400,791,707,-84,1498,46,-1.3064123619573171,0.23500259273526536
132,1573732800,1275,1108,-167,2383,46,-2.261962822255934,1.3508746382091819
132,1573747200,993,970,-23,1963,46,-0.6041403369185747,0.8213082437469842
132,1573761600,1150,1192,42,2342,46,0.1441823127128722,1.299178871130729
132,1573776000,394,492,98,886,46,0.788891057010734,-0.5366512963382226
132,1573790400,89,132,43,221,46,0.1556949688610483,-1.3751314209033687
132,1573804800,730,699,-31,1429,46,-0.6962415861039836,0.1480023993593329
132,1573819200,1232,1136,-96,2368,46,-1.4445642357354305,1.3319615526926747
132,1573833600,1027,1091,64,2118,46,0.39746074797274655,1.0167434607508905
132,1573848000,1184,1344,160,2528,46,1.5026757381976525,1.5337011315354165
132,1573862400,422,527,105,949,46,0.8694796500479668,-0.45721633716889293
132,1573876800,128,149,21,277,46,-0.09758346639882602,-1.3045225683084092
132,1573891200,218,232,14,450,46,-0.17817205943605877,-1.0863916486846943
132,1573905600,553,610,57,1163,46,0.3168721549355138,-0.1873896504667256
132,1573920000,669,763,94,1432,46,0.7428404324180297,0.15178501646263431
132,1573934400,606,722,116,1328,46,0.9961188676779039,0.02065429021485204
132,1573948800,304,363,59,667,46,0.339897467231866,-0.8127823448792256
132,1573963200,75,140,65,215,46,0.40897340412092265,-1.3826966551099715
132,1573977600,134,146,12,280,46,-0.20119737173241098,-1.3007399512051077
132,1573992000,406,506,100,912,46,0.8119163693070862,-0.503868614776277
132,1574006400,553,647,94,1200,46,0.7428404324180297,-0.14073737285934151
132,1574020800,453,490,37,943,46,0.08661903197199167,-0.46478157137549575
132,1574035200,222,283,61,505,46,0.3629227795282182,-1.017043668457502
132,1574049600,55,58,3,113,46,-0.3048112770659959,-1.5113056366222197
132,1574064000,738,566,-172,1304,46,-2.3195261029968144,-0.00960664661155925
132,1574078400,1191,1363,172,2554,46,1.6408276119757659,1.5664838130973622
132,1574092800,902,925,23,1827,46,-0.07455815410247381,0.6498296017306535
132,1574107200,1117,1177,60,2294,46,0.3514101233800421,1.2386569974779065
132,1574121600,333,359,26,692,47,0.07770369464104886,-0.847224091913682
132,1574136000,84,81,-3,165,47,-0.06526171332390206,-1.4933258714898063
132,1574150400,801,838,37,1639,47,0.13193195283465092,0.3137975119925607
132,1574164800,1279,1176,-103,2455,47,-0.5582458787202845,1.314213170691076
132,1574179200,987,881,-106,1868,47,-0.573035403682176,0.5945514162106489
132,1574193600,1219,1205,-14,2424,47,-0.11948997151750414,1.2762071836571862
132,1574208000,390,499,109,889,47,0.4868805519200463,-0.6057021743112218
132,1574222400,117,108,-9,225,47,-0.094840763247685,-1.4197658965855038
132,1574236800,806,652,-154,1458,47,-0.8096678030724397,0.09189158769791453
132,1574251200,617,1047,430,1664,47,2.0693597228424343,0.3444475015360201
132,1574265600,2100,958,-1142,3058,47,-5.680351357188698,2.053490918479317
132,1574280000,1260,1220,-40,2480,47,-0.24766585452056358,1.3448631602345353
132,1574294400,388,487,99,875,47,0.4375821353804081,-0.622866168455559
132,1574308800,87,133,46,220,47,0.17630052772032534,-1.4258958944941957
132,1574323200,830,790,-40,1620,47,-0.24766585452056358,0.29050351993953155
132,1574337600,1158,1269,111,2427,47,0.49674023522797395,1.2798851824024013
132,1574352000,968,913,-55,1881,47,-0.321613479330021,0.6104894107732478
132,1574366400,1244,1263,19,2507,47,0.04319480306330209,1.3779651489414715
132,1574380800,372,525,153,897,47,0.7037935846944546,-0.5958941776573148
132,1574395200,87,121,34,208,47,0.11714242787275946,-1.4406078894750562
132,1574409600,733,744,11,1477,47,0.0037560698315914896,0.11518557975094368
132,1574424000,1193,1248,55,2441,47,0.22066910260599976,1.2970491765467387
132,1574438400,1023,1023,0,2046,47,-0.05047218836201058,0.8127793417600799
132,1574452800,1031,1262,231,2293,47,1.088321233703633,1.115601238449459
132,1574467200,384,493,109,877,47,0.4868805519200463,-0.6204141692920823
132,1574481600,118,190,72,308,47,0.30447641072338477,-1.3180079313012185
132,1574496000,239,272,33,511,47,0.11221258621879564,-1.0691300162083281
132,1574510400,659,707,48,1366,47,0.186160211028253,-0.02090037382201612
132,1574524800,808,889,81,1697,47,0.3488449856090592,0.3849054877333865
132,1574539200,814,812,-2,1626,47,-0.06033187166993823,0.2978595174299618
132,1574553600,437,469,32,906,47,0.1072827445648318,-0.5848601814216694
132,1574568000,93,172,79,265,47,0.33898530230113155,-1.3707259133159688
132,1574582400,150,185,35,335,47,0.12207226952672329,-1.2849059425942824
132,1574596800,409,474,65,883,47,0.269967519145638,-0.613058171801652
132,1574611200,569,643,74,1212,47,0.31433609403131246,-0.20970430940972612
132,1574625600,572,649,77,1221,47,0.3291256189932039,-0.19867031317408074
132,1574640000,347,325,-22,672,47,-0.15892870474921475,-0.8717440835484495
132,1574654400,69,94,25,163,47,0.07277385298708504,-1.4957778706532832
132,1574668800,739,760,21,1499,47,0.05305448637122974,0.14215757054918796
132,1574683200,1256,1146,-110,2402,47,-0.5927547702980314,1.249235192858942
132,1574697600,895,948,53,1843,47,0.21080941929807212,0.5639014266671896
132,1574712000,1164,1229,65,2393,47,0.269967519145638,1.2382011966232966
132,1574726400,368,401,33,769,48,-0.02551926551346914,-0.4617470590396065
132,1574740800,85,111,26,196,48,-0.11378590152476233,-1.3018774531461441
132,1574755200,775,718,-57,1493,48,-1.1603760142300958,0.5997789537581828
132,1574769600,1183,1307,124,2490,48,1.1219470026333425,2.0615765155805525
132,1574784000,926,1013,87,1939,48,0.655394783716507,1.2537024367800254
132,1574798400,1157,1184,27,2341,48,-0.10117638209457759,1.8431132891898474
132,1574812800,354,408,54,762,48,0.23928064252041042,-0.47201043209151883
132,1574827200,91,101,10,192,48,-0.3155382124077182,-1.3077422377472367
132,1574841600,707,570,-137,1277,48,-2.1691375686448753,0.2830805852991738
132,1574856000,1080,1017,-63,2097,48,-1.2360331308112043,1.4853614285231893
132,1574870400,975,1085,110,2060,48,0.9454137306107561,1.4311121709630812
132,1574884800,941,1161,220,2102,48,2.3324608679310774,1.4926924092745553
132,1574899200,354,447,93,801,48,0.7310519002976154,-0.4148287822308644
132,1574913600,81,103,22,184,48,-0.1642239792455013,-1.3194718069494225
132,1574928000,152,178,26,330,48,-0.11378590152476233,-1.1054071690095366
132,1574942400,349,515,166,864,48,1.6515468187011015,-0.3224584247636535
132,1574956800,466,716,250,1182,48,2.71074645083662,0.14379195102322082
132,1574971200,416,533,117,949,48,1.0336803666220493,-0.19783175199043235
132,1574985600,343,332,-11,675,48,-0.5803381204415977,-0.5995694971652863
132,1575000000,66,95,29,161,48,-0.07595734323420811,-1.3531943184057058
132,1575014400,310,275,-35,585,48,-0.8829665867660315,-0.7315271506898734
132,1575028800,615,739,124,1354,48,1.1219470026333425,0.3959776888702094
132,1575043200,775,862,87,1637,48,0.655394783716507,0.8109111993975221
132,1575057600,786,804,18,1590,48,-0.21466205696624027,0.7419999803346822
132,1575072000,341,361,20,702,48,-0.18944301810587078,-0.5599822011079102
132,1575086400,97,124,27,221,48,-0.10117638209457759,-1.2652225493893143
132,1575100800,188,259,71,447,48,0.453642472833551,-0.9338622194275735
132,1575115200,530,537,7,1067,48,-0.35336677069827244,-0.024820606258195994
132,1575129600,719,781,62,1500,48,0.34015679796188836,0.6100423268100951
132,1575144000,685,744,59,1429,48,0.30232823967133415,0.5059424001406986
132,1575158400,390,416,26,806,48,-0.11378590152476233,-0.4074978014794985
132,1575172800,83,109,26,192,48,-0.11378590152476233,-1.3077422377472367
132,1575187200,151,157,6,308,48,-0.36597629012845717,-1.1376634843155469
132,1575201600,423,513,90,936,48,0.6932233420070611,-0.21689230194398382
132,1575216000,617,521,-96,1138,48,-1.6521472720073007,0.07927932041120046
132,1575230400,416,489,73,905,48,0.4788615116939205,-0.2623443826024527
132,1575244800,227,262,35,489,48,-0.000300226653099658,-0.8722819811160996
132,1575259200,63,70,7,133,48,-0.35336677069827244,-1.3942478106133551
132,1575273600,716,644,-72,1360,48,-1.3495188056828669,0.40477486577184857
132,1575288000,1090,1088,-2,2178,48,-0.4668524455699351,1.6041233166953175
132,1575302400,948,852,-96,1800,48,-1.6521472720073007,1.049901171892052
132,1575316800,988,896,-92,1884,48,-1.6017091942865618,1.1730616485149998
132,1575331200,281,313,32,594,49,0.24804461986207907,-0.918334547057068
132,1575345600,62,67,5,129,49,-0.16139147755218244,-1.5124275512647112
132,1575360000,777,707,-70,1484,49,-1.2987139703695756,0.21874668680272216
132,1575374400,1310,1196,-114,2506,49,-1.9659431661557796,1.5244736766956497
132,1575388800,932,926,-6,1858,49,-0.3281987764987334,0.6965763288966115
132,1575403200,1189,1240,51,2429,49,0.5361663180424854,1.4260969856763195
132,1575417600,340,415,75,755,49,0.9001095157440512,-0.7126378294711958
132,1575432000,60,90,30,150,49,0.21771602005361526,-1.4855975446230756
132,1575446400,752,784,32,1536,49,0.24804461986207907,0.2851828937248672
132,1575460800,1210,1108,-102,2318,49,-1.7839715673049965,1.2842812362848177
132,1575475200,888,988,100,1876,49,1.2792170133498488,0.7195734774465847
132,1575489600,1173,1101,-72,2274,49,-1.3290425701780393,1.2280659842737718
132,1575504000,344,452,108,796,49,1.4005314125837043,-0.6602554355518122
132,1575518400,63,97,34,160,49,0.2783732196705429,-1.4728213509842016
132,1575532800,833,819,-14,1652,49,-0.4495131757325887,0.4333867399358061
132,1575547200,1167,1140,-27,2307,49,-0.6466490744876034,1.2702274232820563
132,1575561600,937,915,-22,1852,49,-0.5708275749664439,0.688910612713287
132,1575576000,1212,1154,-58,2366,49,-1.1167423715187925,1.3456069657514131
132,1575590400,372,448,76,820,49,0.9152738156482831,-0.6295925708185145
132,1575604800,67,101,34,168,49,0.2783732196705429,-1.4626003960731024
132,1575619200,788,754,-34,1542,49,-0.7527991738172268,0.2928486099081916
132,1575633600,1176,1087,-89,2263,49,-1.5868356685499818,1.2140121712710104
132,1575648000,937,994,57,1931,49,0.6271521174678768,0.789842542460392
132,1575662400,1209,1205,-4,2414,49,-0.2978701766902696,1.4069326952180086
132,1575676800,376,516,140,892,49,1.8857890095191252,-0.5376039766186214
132,1575691200,91,147,56,238,49,0.611987817563645,-1.3731670406009842
132,1575705600,227,256,29,483,49,0.20255172014938336,-1.0601502964485698
132,1575720000,568,628,60,1196,49,0.6726450171805726,-0.14920768999685038
132,1575734400,723,680,-43,1403,49,-0.889277872955314,0.11525951832784237
132,1575748800,650,808,158,1458,49,2.1587464077952996,0.18552858334164962
132,1575763200,426,431,5,857,49,-0.16139147755218244,-0.5823206543546806
132,1575777600,95,128,33,223,49,0.263208919766311,-1.392331331059295
132,1575792000,131,141,10,272,49,-0.0855699780310229,-1.3297279822288124
132,1575806400,414,519,105,933,49,1.3550385128710085,-0.4852215826992378
132,1575820800,624,553,-71,1177,49,-1.3138782702738074,-0.17348245791071107
132,1575835200,594,720,126,1314,49,1.6734888108598784,0.00155139494186336
132,1575849600,299,316,17,615,49,0.020580121298600453,-0.8915045404154325
132,1575864000,67,82,15,149,49,-0.009748478509863361,-1.486875163986963
132,1575878400,731,675,-56,1406,49,-1.0864137717103288,0.11909237641950458
132,1575892800,1112,1193,81,2305,49,0.9910953151694426,1.2676721845542813
132,1575907200,918,861,-57,1779,49,-1.1015780716145607,0.5956443991495065
132,1575921600,1115,1142,27,2257,49,0.17222312034091955,1.206346455087686
132,1575936000,298,402,104,700,50,1.0591723482970976,-0.783116981852138
132,1575950400,68,130,62,198,50,0.5741308056189875,-1.428742947495779
132,1575964800,786,690,-96,1476,50,-1.2505492835034269,0.21490243914281312
132,1575979200,1297,1160,-137,2457,50,-1.724042218022534,1.4765738979006056
132,1575993600,880,897,17,1777,50,0.054443438463869495,0.6020207970287413
132,1576008000,1184,1170,-14,2354,50,-0.30356341446521173,1.344104825268544
132,1576022400,324,395,71,719,50,0.6780682790500111,-0.758680939327777
132,1576036800,80,94,14,174,50,0.01979761398686163,-1.4596095275265506
132,1576051200,814,662,-152,1476,50,-1.8972713404075734,0.21490243914281312
132,1576065600,1146,1175,29,2321,50,0.193026736371901,1.3016632777262327
132,1576080000,958,967,9,1925,50,-0.03794542680815148,0.7923647072185
132,1576094400,1244,1088,-156,2332,50,-1.943465773043584,1.3158104602403364
132,1576108800,365,472,107,837,50,1.0938181727741054,-0.6069202541764829
132,1576123200,66,83,17,149,50,0.054443438463869495,-1.4917622150586045
132,1576137600,767,739,-28,1506,50,-0.4652439286912485,0.2534856641812777
132,1576152000,1258,1093,-165,2351,50,-2.0474032464746075,1.3402465027646973
132,1576166400,884,984,100,1868,50,1.012977915661087,0.7190565796454172
132,1576180800,1232,1183,-49,2415,50,-0.7077647000303036,1.4225573828467553
132,1576195200,340,489,149,829,50,1.5788597154522157,-0.6172091141867402
132,1576209600,72,134,62,206,50,0.5741308056189875,-1.4184540874855216
132,1576224000,771,687,-84,1458,50,-1.1119659855953954,0.19175250411973438
132,1576238400,1186,1137,-49,2323,50,-0.7077647000303036,1.3042354927287971
132,1576252800,981,978,-3,1959,50,-0.17652872471618294,0.8360923622620933
132,1576267200,1121,1211,90,2332,50,0.8974918340710608,1.3158104602403364
132,1576281600,340,424,84,764,50,0.8282001851170451,-0.7008061017700801
132,1576296000,82,160,78,242,50,0.7589085361630293,-1.3721542174393642
132,1576310400,193,261,68,454,50,0.6434224545730032,-1.0994994271675476
132,1576324800,558,634,76,1192,50,0.7358113198450242,-0.15035209122131843
132,1576339200,651,716,65,1367,50,0.6087766300959954,0.07471672150305841
132,1576353600,639,858,219,1497,50,2.3872622865823994,0.24191069666973836
132,1576368000,419,423,4,842,50,-0.09568846760316459,-0.6004897166700721
132,1576382400,86,150,64,236,50,0.5972280219369928,-1.379870862447057
132,1576396800,137,168,31,305,50,0.21612395268990622,-1.2911294448585886
132,1576411200,457,418,-39,875,50,-0.5922786184402773,-0.5580481691277611
132,1576425600,586,706,120,1292,50,1.2439500788411395,-0.0217413410931031
132,1576440000,553,586,33,1139,50,0.23922116900791146,-0.21851578878927258
132,1576454400,295,323,28,618,50,0.18147812821289833,-0.8885777969572745
132,1576468800,69,68,-1,137,50,-0.1534315083981777,-1.5071955050739902
132,1576483200,773,721,-52,1494,50,-0.7424105245073115,0.2380523741658919
132,1576497600,1193,1085,-108,2278,50,-1.3891325814114583,1.2463606551711002
132,1576512000,893,952,59,1845,50,0.5394849811419796,0.6894761071159278
132,1576526400,1183,1072,-111,2255,50,-1.4237784058884662,1.2167801826416107
132,1576540800,325,362,37,687,51,0.000858884794293847,-0.7333646228619445
132,1576555200,61,87,26,148,51,-0.13140937352696236,-1.4572955665827265
132,1576569600,795,614,-181,1409,51,-2.620457507390602,0.23635363570281373
132,1576584000,1153,1038,-115,2191,51,-1.8268479574630647,1.2866578991344493
132,1576598400,808,801,-7,1609,51,-0.5282141484907309,0.5049736519257384
132,1576612800,1094,1056,-38,2150,51,-0.9009701492142711,1.2315907958087497
132,1576627200,311,370,59,681,51,0.26539540143680623,-0.7414232233486322
132,1576641600,85,85,0,170,51,-0.44404343864993157,-1.4277473647982049
132,1576656000,834,729,-105,1563,51,-1.7066040862619227,0.44319104819446575
132,1576670400,1162,1217,55,2379,51,0.21729785295634943,1.5391607143839985
132,1576684800,889,878,-11,1767,51,-0.5763116969711878,0.7171834647418489
132,1576699200,1148,1182,34,2330,51,-0.03521427656604875,1.473348810409382
132,1576713600,298,450,152,748,51,1.383663403607427,-0.6514355179139524
132,1576728000,68,95,27,163,51,-0.11938498640684815,-1.4371490653660073
132,1576742400,701,718,17,1419,51,-0.23962885760799016,0.24978463651395996
132,1576756800,1124,1082,-42,2206,51,-0.9490676976947279,1.3068044003511687
132,1576771200,857,975,118,1832,51,0.974834241523544,0.8044849700142995
132,1576785600,1176,1175,-1,2351,51,-0.45606782577004573,1.501553912112789
132,1576800000,338,384,46,722,51,0.10907836887532164,-0.6863561200229327
132,1576814400,74,93,19,167,51,-0.21558008336776174,-1.4317766650415487
132,1576828800,683,603,-80,1286,51,-1.4059944082590674,0.07115232572571503
132,1576843200,1146,1097,-49,2243,51,-1.0332384075355274,1.3564991033524096
132,1576857600,945,1144,199,2089,51,1.948809598252794,1.1496616908607578
132,1576872000,1123,1190,67,2313,51,0.36159049839771984,1.4505161090304335
132,1576886400,450,452,2,902,51,-0.4199946644097031,-0.4445981054223004
132,1576900800,100,130,30,230,51,-0.08331182504650556,-1.3471613599313275
132,1576915200,181,216,35,397,51,-0.02318988944593455,-1.1228636463851853
132,1576929600,478,566,88,1044,51,0.614102627920118,-0.2538778939040239
132,1576944000,586,805,219,1391,51,2.189297340655078,0.2121778342427505
132,1576958400,589,779,190,1368,51,1.8405901141717662,0.18128653237711415
132,1576972800,355,440,85,795,51,0.5780294665597754,-0.5883098141015651
132,1576987200,72,96,24,168,51,-0.15545814776719075,-1.430433564960434
132,1577001600,126,150,24,276,51,-0.15545814776719075,-1.2853787562000547
132,1577016000,365,478,113,843,51,0.914712305922973,-0.5238410102080632
132,1577030400,536,659,123,1195,51,1.034956177124115,-0.05106978165571571
132,1577044800,555,721,166,1276,51,1.5520048232890253,0.05772132491456879
132,1577059200,295,307,12,602,51,-0.29975079320856113,-0.8475281297566875
132,1577073600,59,94,35,153,51,-0.02318988944593455,-1.4505800661771535
132,1577088000,474,415,-59,889,51,-1.1534822787366694,-0.46205840647679053
132,1577102400,932,971,39,1903,51,0.024907659034522245,0.8998450757734378
132,1577116800,845,928,83,1773,51,0.553980692319547,0.7252420652285367
132,1577131200,922,1037,115,1959,51,0.9387610801632014,0.9750586803158566
132,1577145600,338,402,64,740,52,-0.07993517892250976,-0.3810923602467497
132,1577160000,67,100,33,167,52,-0.5409566759639615,-1.329993706999113
132,1577174400,398,365,-33,763,52,-1.522486314826407,-0.34300382451323425
132,1577188800,802,856,54,1658,52,-0.22865179087136514,1.1391370225083453
132,1577203200,845,978,133,1823,52,0.9462094435245924,1.4123808658139996
132,1577217600,679,837,158,1516,52,1.3180009733967308,0.9039817149362064
132,1577232000,258,333,75,591,52,0.08365309422123114,-0.6278398308682194
132,1577246400,69,78,9,147,52,-0.8978765446412144,-1.3631141728543437
132,1577260800,105,117,12,222,52,-0.8532615610565577,-1.2389124258972282
132,1577275200,197,312,115,509,52,0.6785195420166527,-0.7636337408746657
132,1577289600,362,531,169,893,52,1.4815892465404716,-0.12772079645423387
132,1577304000,395,597,202,992,52,1.9723540659716945,0.03622550952915872
132,1577318400,290,296,6,586,52,-0.9424915282258709,-0.636119947332027
132,1577332800,65,98,33,163,52,-0.5409566759639615,-1.336617800170159
132,1577347200,357,307,-50,664,52,-1.775304555139461,-0.5069501304966268
132,1577361600,740,753,13,1493,52,-0.8383898998616722,0.8658931792026909
132,1577376000,704,837,133,1541,52,0.9462094435245924,0.9453822972552449
132,1577390400,903,969,66,1872,52,-0.050191856532738686,1.493526007159315
132,1577404800,307,356,49,663,52,-0.30301009684579283,-0.5086061537893883
132,1577419200,75,101,26,176,52,-0.6450583043281601,-1.315089497364259
132,1577433600,416,432,16,848,52,-0.7937749162770156,-0.20224184462850323
132,1577448000,799,867,68,1666,52,-0.020448534142967614,1.1523852088504376
132,1577462400,776,915,139,1691,52,1.0354394106939055,1.193785791169476
132,1577476800,862,1037,175,1899,52,1.570819213709785,1.5382386360638767
