remote_unit_id,time_stamp,entries,exits,num_people_exited,sum_exit_entry,week_num,z_score_num_people_exited,z_score_sum_exit_entry
102,1546311600,204,292,88,496,1,1.3643589760909545,-0.7993428933391533
102,1546326000,138,123,-15,261,1,0.7055336484517442,-1.1460404612502249
102,1546340400,273,293,20,566,1,0.9294063326009903,-0.6960712773656427
102,1546354800,472,467,-5,939,1,0.7694972724943859,-0.14578109510679302
102,1546369200,609,512,-97,1121,1,0.1810319313020815,0.12272510642433469
102,1546383600,374,399,25,773,1,0.9613881446223111,-0.3906823558439754
102,1546398000,101,130,29,231,1,0.9869735942393678,-1.1902997252388723
102,1546412400,219,193,-26,412,1,0.6351736620048382,-0.9232688325073661
102,1546426800,871,642,-229,1513,1,-0.66328790606079,0.7010461558759944
102,1546441200,709,567,-142,1276,1,-0.1068043768898065,0.3513979703656797
102,1546455600,1388,918,-470,2306,1,-2.204811245488457,1.870966033975908
102,1546470000,639,430,-209,1069,1,-0.5353606579755065,0.046009048844012496
102,1546484400,120,137,17,257,1,0.9102172453881977,-1.151941696448711
102,1546498800,255,185,-70,440,1,0.35373371621721433,-0.8819601861179618
102,1546513200,989,762,-227,1751,1,-0.6504951812522616,1.0521696501859306
102,1546527600,789,668,-121,1457,1,0.027519233599741247,0.6184288630971858
102,1546542000,1439,979,-460,2418,1,-2.140847621445815,2.036200619533525
102,1546556400,645,467,-178,1112,1,-0.3370734234433169,0.10944732722774046
102,1546570800,127,154,27,281,1,0.9741808694308395,-1.116534285257793
102,1546585200,250,205,-45,455,1,0.5136427763238188,-0.8598305541236382
102,1546599600,1043,792,-251,1835,1,-0.8040078789546019,1.1760955893541434
102,1546601592,36,14,-22,50,1,0.6607591116218948,-1.4573306179703784
102,1546614000,755,865,110,1620,1,1.5050789489847662,0.8589041974355035
102,1546628400,1519,1044,-475,2563,1,-2.236793057509778,2.250120395478654
102,1546642800,680,446,-234,1126,1,-0.6952697180821109,0.1301016504224426
102,1546657200,182,201,19,383,1,0.923009970196726,-0.9660527876963919
102,1546671600,119,134,15,253,1,0.8974245205796694,-1.1578429316471974
102,1546686000,514,402,-112,916,1,0.08508649523811884,-0.17971319749808937
102,1546700400,816,598,-218,1414,1,-0.592927919613884,0.5549905847134579
102,1546714800,1039,680,-359,1719,1,-1.4948150186151332,1.00495976859804
102,1546729200,586,378,-208,964,1,-0.5289642955712422,-0.1088983751162535
102,1546743600,183,219,36,402,1,1.0317481310692171,-0.9380219205035819
102,1546758000,107,128,21,235,1,0.9358026950052545,-1.1843984900403859
102,1546772400,378,445,67,823,1,1.2300353656014067,-0.3169169158628964
102,1546786800,846,628,-218,1474,1,-0.592927919613884,0.6435091126907527
102,1546801200,925,639,-286,1564,1,-1.0278805631038481,0.776286904656695
102,1546815600,454,385,-69,839,1,0.3601300786214785,-0.29331197506895107
102,1546830000,117,130,13,247,1,0.884631795771141,-1.166694784444927
102,1546844400,250,207,-43,457,1,0.5264355011323472,-0.856879936524395
102,1546858800,1116,770,-346,1886,1,-1.411662307359699,1.251336338134844
102,1546873200,748,557,-191,1305,1,-0.4202261346987512,0.39418192555470555
102,1546887600,1374,1017,-357,2391,1,-1.4820222938066048,1.9963672819437424
102,1546902000,609,417,-192,1026,1,-0.4266224971030154,-0.01742922953971548
102,1546916400,105,138,33,243,2,0.7758936277093195,-0.6331970741386056
102,1546930800,251,204,-47,455,2,0.47465695369976973,-0.5077086277655638
102,1546945200,1120,890,-230,2010,2,-0.2144219380970754,0.4127372878480208
102,1546959600,774,621,-153,1395,2,0.07551836063711626,0.04870240803943264
102,1546974000,1236,977,-259,2213,2,-0.3236202324255372,0.5328983945165466
102,1546988400,645,448,-197,1093,2,-0.09016181006813613,-0.13005943537876835
102,1547002800,150,162,12,312,2,0.6968190007818127,-0.5923541364039835
102,1547017200,231,202,-29,433,2,0.5424352053519184,-0.5207310137099361
102,1547020075,143,64,-79,207,2,0.3541622840959498,-0.6545064329566693
102,1547031600,1138,816,-322,1954,2,-0.5608441132080576,0.379589396353255
102,1547046000,704,599,-105,1303,2,0.2562603650428461,-0.005754842273396801
102,1547060400,1456,952,-504,2408,2,-1.2461575465797834,0.6483240881143916
102,1547074800,707,487,-220,1194,2,-0.1767673538458817,-0.07027484536142299
102,1547089200,116,153,37,269,2,0.790955461409797,-0.6178069816588929
102,1547103600,252,201,-51,453,2,0.4595951199992922,-0.508892481033234
102,1547118000,1159,809,-350,1968,2,-0.6662769491114001,0.38787636922694646
102,1547132400,755,613,-142,1368,2,0.11693840331342935,0.03272038892588487
102,1547262000,5987,4471,-1516,10458,2,-5.056801472800588,5.413333490486967
102,1547276400,112,128,16,240,2,0.7118808344822901,-0.634972854040111
102,1547290800,544,497,-47,1041,2,0.47465695369976973,-0.16083962033819368
102,1547305200,861,682,-179,1543,2,-0.022383558415987426,0.13630754984702784
102,1547319600,989,760,-229,1749,2,-0.21065647967195603,0.25824443641705896
102,1547334000,600,408,-192,1008,2,-0.07133451794253927,-0.18037319925475206
102,1547348400,211,194,-17,405,2,0.5876207064533508,-0.5373049594573189
102,1547362800,141,109,-32,250,2,0.5311388300765603,-0.6290535877017599
102,1547377200,282,310,28,592,2,0.7570663355837226,-0.42661467893015476
102,1547391600,688,531,-157,1219,2,0.06045652693663876,-0.05547667951554542
102,1547406000,783,559,-224,1342,2,-0.19182918754635916,0.017330296446172202
102,1547420400,411,338,-73,749,2,0.37675503464666604,-0.33368219741804367
102,1547434800,102,122,20,224,2,0.7269426681827676,-0.6444436801814726
102,1547449200,239,172,-67,411,2,0.3993477851973823,-0.5337533996543083
102,1547451935,122,46,-76,168,2,0.3654586593713079,-0.6775915716762383
102,1547463600,1084,763,-321,1847,2,-0.5570786547829383,0.31625324653289905
102,1547478000,660,683,23,1343,2,0.7382390434581257,0.017922223080007304
102,1547492400,1394,912,-482,2306,2,-1.1633174612271573,0.5879475714632112
102,1547506800,592,493,-99,1085,2,0.27885311559356235,-0.13479484844944917
102,1547521200,127,177,50,304,3,1.0751249887783183,-1.0668880375196648
102,1547535600,249,213,-36,462,3,0.44836097893833843,-0.8181322691872291
102,1547541560,364,114,-250,478,3,-1.1112610920588213,-0.7929418116345774
102,1547541645,542,437,-105,979,3,-0.054507819654203725,-0.0041656095171703315
102,1547550000,523,438,-85,961,3,0.09125125240160559,-0.03250487426390352
102,1547564400,728,637,-91,1365,3,0.047523530784862794,0.6035541789405525
102,1547578800,1289,1051,-238,2340,3,-1.0238056488253358,2.1385976860552667
102,1547593200,697,549,-148,1246,3,-0.3678898245741937,0.4162001508927053
102,1547607600,126,208,82,334,3,1.3083395040676133,-1.0196559296084429
102,1547621971,253,236,-17,489,3,0.5868320973913572,-0.7756233720671293
102,1547622000,101,38,-63,139,3,0.2515862316629958,-1.3266646310313859
102,1547627122,305,117,-188,422,3,-0.6594079686858124,-0.8811084130688585
102,1547633478,1014,728,-286,1742,3,-1.373627421759278,1.1971043350249087
102,1547636400,420,156,-264,576,3,-1.213292442497888,-0.6386502591245856
102,1547650800,788,722,-66,1510,3,0.22972237085462444,0.8318427005114587
102,1547665200,1366,1036,-330,2402,3,-1.6942973802820587,2.236210709071792
102,1547679600,683,580,-103,1263,3,-0.03993191244862279,0.44296501204239774
102,1547694000,317,445,128,762,3,1.6435853697959746,-0.3458111900750093
102,1547708400,248,218,-30,466,3,0.4920887005550812,-0.8118346547990661
102,1547722800,1178,790,-388,1968,3,-2.1169986892439057,1.5529195479561142
102,1547737200,859,701,-158,1560,3,-0.4407693606020984,0.9105628803634953
102,1547751600,1375,986,-389,2361,3,-2.124286642846696,2.171660161593122
102,1547766000,694,528,-166,1222,3,-0.49907298942442213,0.3784144645637277
102,1547780400,131,189,58,320,3,1.133428617600642,-1.0416975799670132
102,1547794800,262,195,-67,457,3,0.22243441725183397,-0.8260042871724328
102,1547797515,110,57,-53,167,3,0.32446576769090046,-1.2825813303142453
102,1547809200,1066,769,-297,1835,3,-1.4537949113899733,1.343523869549697
102,1547823600,811,572,-239,1383,3,-1.0310936024281263,0.6318934436872856
102,1547838000,1271,945,-326,2216,3,-1.6651455658708967,1.9433716400222159
102,1547852400,676,601,-75,1277,3,0.16413078842951023,0.465006662400968
102,1547866800,239,223,-16,462,3,0.5941200509941477,-0.8181322691872291
102,1547881200,110,145,35,255,3,0.9658056847364613,-1.1440338137746608
102,1547895600,450,524,74,974,3,1.2500358752452896,-0.012037627502373995
102,1547910000,739,744,5,1483,3,0.7471670766527475,0.789333803391359
102,1547924400,906,654,-252,1560,3,-1.1258369992644022,0.9105628803634953
102,1547938800,549,451,-98,1000,3,-0.003492144434670466,0.028896866020685055
102,1547953200,140,168,28,308,3,0.9147900095169282,-1.060590423131502
102,1547967600,82,132,50,214,3,1.0751249887783183,-1.208584361253331
102,1547982000,309,425,116,734,3,1.556129926562489,-0.38989449079214983
102,1547996400,533,618,85,1151,3,1.3302033648759846,0.26663180917383567
102,1548010800,699,636,-63,1335,3,0.2515862316629958,0.5563220710293305
102,1548025200,337,317,-20,654,3,0.5649682365829859,-0.5158467785554084
102,1548039600,87,117,30,204,3,0.9293659167225091,-1.2243283972237382
102,1548054000,111,132,21,243,3,0.8637743342973949,-1.1629266569391496
102,1548068400,427,430,3,857,3,0.7325911694471665,-0.19624284835613973
102,1548082800,632,343,-289,975,3,-1.3954912825676495,-0.010463223905333262
102,1548097200,585,499,-86,1084,3,0.08396329879881512,0.1611467681721066
102,1548111600,392,228,-164,620,3,-0.4844970822188412,-0.5693765008547934
102,1548126000,92,93,1,185,4,0.7037153885510734,-1.4225825446465454
102,1548140400,304,198,-106,502,4,-0.033463389105925195,-0.9562114228248153
102,1548154800,991,801,-190,1792,4,-0.6121831771731017,0.9416395145569889
102,1548169200,675,703,28,1378,4,0.8897324632869515,0.3325617718623634
102,1548183600,1255,968,-287,2223,4,-1.2804667419649602,1.5757276959612971
102,1548198000,644,507,-137,1151,4,-0.24703854898785937,-0.0014011450257525478
102,1548212400,139,141,2,280,4,0.7106049098375874,-1.2828183283277306
102,1548226800,232,226,-6,458,4,0.6554887395454754,-1.0209443230145823
102,1548241200,1032,858,-174,1890,4,-0.5019508365888775,1.0858173377069245
102,1548255600,775,651,-124,1426,4,-0.1574747722631773,0.403179481160291
102,1548270000,1373,921,-452,2294,4,-2.417237754239771,1.6801830576311485
102,1548284400,773,513,-260,1286,4,-1.094449667229082,0.19721116237466882
102,1548298800,144,206,62,350,4,1.1239761870284277,-1.1798341689349194
102,1548313200,238,238,0,476,4,0.6968258672645594,-0.9944626820278595
102,1548327600,1056,816,-240,1872,4,-0.9566592414988019,1.0593356967202017
102,1548342000,719,680,-39,1399,4,0.4281345370905132,0.3634570196802067
102,1548356400,1164,863,-301,2027,4,-1.3769200399761563,1.2873720496614263
102,1548370800,640,535,-105,1175,4,-0.026573867819411193,0.033907709623211255
102,1548385200,130,178,48,308,4,1.0275228890172317,-1.241624664570606
102,1548399600,225,225,0,450,4,0.6968258672645594,-1.0327139412309037
102,1548414000,1064,858,-206,1922,4,-0.7224155177573257,1.1328958105722096
102,1548428400,888,692,-196,1580,4,-0.6535203048921857,0.6297446318244754
102,1548442800,1424,957,-467,2381,4,-2.5205805735374813,1.8081776557336422
102,1548457200,690,548,-142,1238,4,-0.2814861554204294,0.12659345307674122
102,1548471600,170,157,-13,327,4,0.6072620905398773,-1.2136718213068431
102,1548486000,104,131,27,235,4,0.8828429420004376,-1.3490224307945375
102,1548500400,402,546,144,948,4,1.6889169325225761,-0.3000552072649047
102,1548514800,718,702,-16,1420,4,0.5865935266803353,0.39435226749805
102,1548529200,940,776,-164,1716,4,-0.4330556237237375,0.829828141501937
102,1548543600,546,434,-112,980,4,-0.07480051682500923,-0.25297673439961965
102,1548558000,193,195,2,388,4,0.7106049098375874,-1.1239284824073934
102,1548572400,98,148,50,246,4,1.0413019315902596,-1.332839205747096
102,1548586800,382,518,136,900,4,1.633800762230464,-0.3706729165628323
102,1548601200,636,585,-51,1221,4,0.3454602816523451,0.10158301436705854
102,1548615600,715,650,-65,1365,4,0.249006983641149,0.3134361422608413
102,1548630000,424,337,-87,761,4,0.09743751533784091,-0.5751700330714143
102,1548644400,105,126,21,231,4,0.8415058142813535,-1.3549072399026982
102,1548658800,244,233,-11,477,4,0.6210411331129053,-0.9929914797508193
102,1548673200,1038,889,-149,1927,4,-0.3297128044260274,1.1402518219574103
102,1548687600,846,728,-118,1574,4,-0.11613764454409325,0.6209174181622344
102,1548702000,1438,967,-471,2405,4,-2.5481386586835373,1.8434865103826061
102,1548716400,649,569,-80,1218,4,0.14566416434343893,0.09716940753593806
102,1548730800,112,169,57,281,5,0.9012179945305966,-1.176859478183574
102,1548745200,236,263,27,499,5,0.7428079641525519,-0.8807572491127196
102,1548759600,1066,901,-165,1967,5,-0.27101623026693367,1.1131788622451444
102,1548774000,816,687,-129,1503,5,-0.08092419381328014,0.4829429251402064
102,1548788400,1502,1035,-467,2537,5,-1.8656772027392494,1.8873911125680207
102,1548802800,733,493,-240,1226,5,-0.6670413062120452,0.10670293682540512
102,1548817200,145,204,59,349,5,0.9117786632224661,-1.0844973149871606
102,1548831600,243,275,32,518,5,0.769209635882226,-0.8549501741019571
102,1548846000,1056,902,-154,1958,5,-0.21293255246165066,1.1009544582926778
102,1548860400,758,761,3,1519,5,0.6160799398501161,0.5046751988334801
102,1548862088,61,24,-37,85,5,0.40486656601272336,-1.4430798309261772
102,1548874800,1356,850,-506,2206,5,-2.071610242230707,1.4378047005384205
102,1548889200,527,455,-72,982,5,0.22005486390500462,-0.22471423699701912
102,1548903600,96,165,69,261,5,0.9645820066818144,-1.2040248203001662
102,1548918000,175,190,15,365,5,0.6794439520013341,-1.062765041293887
102,1548932400,963,754,-209,1717,5,-0.5033509414880658,0.7736120857877424
102,1548946800,562,501,-61,1063,5,0.2781385417102876,-0.11469460142482091
102,1548961200,1231,851,-380,2082,5,-1.40628811464292,1.2693795794155491
102,1548975600,565,463,-102,1028,5,0.06164483352696001,-0.16223395012885716
102,1548990000,106,194,88,300,5,1.064908359254576,-1.1510524031728115
102,1549004400,232,216,-16,448,5,0.5157535872773545,-0.9500288715100296
102,1549018800,1064,838,-226,1902,5,-0.5931166253689577,1.0248915003662198
102,1549033200,862,686,-176,1548,5,-0.3290999080722167,0.5440649449025388
102,1549047600,1367,946,-421,2313,5,-1.6227818228262476,1.5831392808621885
102,1549062000,580,529,-51,1109,5,0.33094188516963585,-0.05221431455665897
102,1549076400,168,189,21,357,5,0.711125958076943,-1.073631178140524
102,1549090800,103,154,51,257,5,0.8695359884549876,-1.2094578887234846
102,1549105200,473,526,53,999,5,0.8800966571468573,-0.20162369619791579
102,1549119600,690,731,41,1421,5,0.8167326449956394,0.3715650224621786
102,1549134000,893,823,-70,1716,5,0.23061553259687426,0.7722538186819128
102,1549148400,491,500,9,991,5,0.6477619459257251,-0.21248983304455266
102,1549162800,151,236,85,387,5,1.0490673562167716,-1.0328831649656356
102,1549177200,94,122,28,216,5,0.7480882984984868,-1.2651468400624986
102,1549191600,411,423,12,834,5,0.6636029489635296,-0.42573776865980106
102,1549206000,642,636,-6,1278,5,0.5685569307367028,0.17733282632854472
102,1549220400,914,604,-310,1518,5,-1.0366647104274826,0.5033169317276506
102,1549234800,440,362,-78,802,5,0.1883728578293957,-0.4692023160463485
102,1549249200,150,136,-14,286,5,0.5263142559692242,-1.170068142654426
102,1549263600,232,229,-3,461,5,0.5843979337745072,-0.9323713991342447
102,1549278000,1119,931,-188,2050,5,-0.39246392022343457,1.2259150320290018
102,1549292400,967,714,-253,1681,5,-0.7356856527091978,0.7247144699778766
102,1549306800,1876,1102,-774,2978,5,-3.4867398469412394,2.4863869062388777
102,1549321200,886,456,-430,1342,5,-1.670304831939661,0.2642619211016396
102,1549335600,156,183,27,339,6,0.7674113974935727,-0.9406432914324072
102,1549350000,247,244,-3,491,6,0.6025244365280781,-0.7457511049642173
102,1549355466,279,84,-195,363,6,-0.4527521136510872,-0.9098708409374299
102,1549355556,9,2,-7,11,6,0.5805395083993455,-1.3612001148637647
102,1549364400,1011,814,-197,1825,6,-0.4637445777154535,0.9646842683816083
102,1549374165,520,501,-19,1021,6,0.5145847240131477,-0.06619282320013362
102,1549374245,4,2,-2,6,6,0.6080206685602613,-1.3676110420502183
102,1549374337,7,11,4,18,6,0.6409980607533602,-1.3522248168027295
102,1549378800,308,226,-82,534,6,0.16832210598560904,-0.6906171311607161
102,1549393200,1358,944,-414,2302,6,-1.6564269286991977,1.5762867219692835
102,1549407600,766,525,-241,1291,6,-0.7055787871315122,0.2799972448683618
102,1549422000,133,240,107,373,6,1.207109960068225,-0.8970489865645226
102,1549436400,224,233,9,457,6,0.6684792209142759,-0.7893454098321018
102,1549450800,1082,962,-120,2044,6,-0.04053471123735075,1.2454828791482768
102,1549465200,823,686,-137,1509,6,-0.13397065578446435,0.5595136701977396
102,1549465551,17,7,-10,24,6,0.5640508123027961,-1.3445317041789853
102,1549479600,1526,1003,-523,2529,6,-2.2555162202071615,1.8673428162342778
102,1549494000,740,504,-236,1244,6,-0.6780976269705965,0.21973452931569779
102,1549508400,136,169,33,305,6,0.8003887896866716,-0.9842375963002918
102,1549522800,242,228,-14,470,6,0.5420658841740634,-0.7726769991473225
102,1549537200,1152,946,-206,2098,6,-0.5132106660051019,1.3147208927619758
102,1549551600,825,690,-135,1515,6,-0.12297819172009804,0.567206782821484
102,1549566000,1523,1017,-506,2540,6,-2.1620802756600477,1.8814468560444757
102,1549580400,841,565,-276,1406,6,-0.8979469082579226,0.42744857015679505
102,1549594800,147,192,45,339,6,0.8663435740728694,-0.9406432914324072
102,1549609200,265,242,-23,507,6,0.49259979588441505,-0.7252361379675656
102,1549623600,1077,931,-146,2008,6,-0.18343674407411273,1.1993242034058107
102,1549638000,969,752,-217,1721,6,-0.5736692183591166,0.831336982903373
102,1549652400,1479,1041,-438,2520,6,-1.7883364974715932,1.8558031472986614
102,1549666800,649,601,-48,1250,6,0.35519399507983623,0.22742764193944212
102,1549681200,171,219,48,390,6,0.8828322701694189,-0.8752518341305803
102,1549695600,113,165,52,278,6,0.9048171982981515,-1.0188566031071413
102,1549710000,491,583,92,1074,6,1.1246664795854775,0.0017630049762747452
102,1549724400,647,660,13,1307,6,0.6904641490430086,0.30051221186501337
102,1549738800,898,749,-149,1647,6,-0.1999254401706622,0.7364552605438595
102,1549753200,512,464,-48,976,6,0.35519399507983623,-0.12389116787821619
102,1549767600,145,241,96,386,6,1.1466514077142103,-0.8803805758797432
102,1549782000,95,132,37,227,6,0.8223737178154042,-1.0842480604089684
102,1549796400,383,437,54,820,6,0.9158096623625178,-0.3239120960955691
102,1549810800,608,597,-11,1205,6,0.5585545802706129,0.16972929726135955
102,1549825200,728,555,-173,1283,6,-0.33183500894305784,0.269739761370036
102,1549839600,388,318,-70,706,6,0.23427689037180688,-0.4700812359467116
102,1549854000,89,111,22,200,6,0.739930237332657,-1.1188670672158179
102,1549868400,271,193,-78,464,6,0.19030703411434166,-0.7803701117710667
102,1549882800,1142,875,-267,2017,6,-0.8484808199682742,1.2108638723414273
102,1549897200,812,751,-61,1563,6,0.28374297866145526,0.6287516838114386
102,1549911600,1778,974,-804,2752,6,-3.7999574212506273,2.153270168750109
102,1549926000,660,471,-189,1131,6,-0.4197747214579883,0.074847574901846
102,1549940400,126,126,0,252,7,0.5742214567427149,-0.8801176640470438
102,1549954800,235,204,-31,439,7,0.3312062327287332,-0.6246688786285116
102,1549969200,959,875,-84,1834,7,-0.08427140832742915,1.2809517398680255
102,1549983600,674,594,-80,1268,7,-0.05291460522885086,0.5077752021841259
102,1549998000,1199,799,-400,1998,7,-2.5614588531151137,1.504981690716364
102,1550012400,565,431,-134,996,7,-0.47623144705965775,0.13621333248444262
102,1550026800,92,148,56,240,7,1.013216700122811,-0.8965100994749711
102,1550041200,239,206,-33,445,7,0.315527831179444,-0.616472660914548
102,1550046737,524,387,-137,911,7,-0.49974904938359144,0.02010024820329162
102,1550046824,327,115,-212,442,7,-1.0876891074819344,-0.6205707697715298
102,1550049475,164,65,-99,229,7,-0.20185941994709772,-0.9115364986172376
102,1550055600,624,645,21,1269,7,0.7388446730102509,0.5091412384697864
102,1550070000,796,665,-131,1461,7,-0.452713844735724,0.7714202053166217
102,1550072412,74,39,-35,113,7,0.2998494296301549,-1.0699967077538672
102,1550084400,1513,1030,-483,2543,7,-3.2121125174106133,2.249471466401391
102,1550098800,804,570,-234,1374,7,-1.2601515245241148,0.6525750484641495
102,1550113200,109,137,28,246,7,0.7937190784327629,-0.8883138817610075
102,1550127600,231,220,-11,451,7,0.48799024822162457,-0.6082764432005844
102,1550142000,1117,1062,-55,2179,7,0.14306541413726342,1.7522342584209327
102,1550142108,2,1,-1,3,7,0.5663822559680703,-1.2202606991765332
102,1550144741,66,21,-45,87,7,0.22145742188370915,-1.1055136511810428
102,1550156400,860,738,-122,1598,7,-0.38216103776392285,0.9585671764521239
102,1550170800,1486,1115,-371,2601,7,-2.334122030650421,2.328701570969706
102,1550185200,833,595,-238,1428,7,-1.291508327622693,0.7263410078898219
102,1550199600,132,179,47,311,7,0.9426638931510097,-0.7995215231930685
102,1550214000,237,204,-33,441,7,0.315527831179444,-0.6219368060571905
102,1550228400,1029,843,-186,1872,7,-0.8838698873411754,1.3328611187231283
102,1550242800,882,621,-261,1503,7,-1.4718099454395184,0.8287937293143669
102,1550257200,1480,1043,-437,2523,7,-2.851509281776963,2.2221507406881793
102,1550271600,694,594,-100,1288,7,-0.20969862072174228,0.5350959278973378
102,1550286000,182,256,74,438,7,1.1543223140664132,-0.6260349149141723
102,1550300400,132,164,32,296,7,0.8250758815313411,-0.8200120674779775
102,1550314800,507,512,5,1019,7,0.6134174606159377,0.16763216705463643
102,1550329200,784,749,-35,1533,7,0.2998494296301549,0.8697748178841849
102,1550343600,997,920,-77,1917,7,-0.029397002904917143,1.3943327515778554
102,1550358000,612,493,-119,1105,7,-0.35864343543998917,0.28511128762144805
102,1550372400,189,253,64,442,7,1.0759303063199674,-0.6205707697715298
102,1550386800,98,130,32,228,7,0.8250758815313411,-0.9129025349028983
102,1550401200,342,454,112,796,7,1.4522119435029068,-0.1369939246476774
102,1550415600,721,620,-101,1341,7,-0.21753782149638687,0.6074958510373497
102,1550430000,799,751,-48,1550,7,0.19793981955977544,0.8929974347404152
102,1550444400,381,378,-3,759,7,0.5507038544187811,-0.1875372672171196
102,1550458800,144,170,26,314,7,0.7780406768834738,-0.7954234143360867
102,1550473200,125,179,54,304,7,0.9975382985735217,-0.8090837771926926
102,1550484792,204,108,-96,312,7,-0.178341817623164,-0.7981554869074079
102,1550484882,424,451,27,875,7,0.7858798776581183,-0.029077058080489982
102,1550487600,88,117,29,205,7,0.8015582792074074,-0.9443213694730921
102,1550491281,57,33,-24,90,7,0.38608063815124516,-1.101415542324061
102,1550491366,2,1,-1,3,7,0.5663822559680703,-1.2202606991765332
102,1550491448,145,159,14,304,7,0.6839702675877389,-0.8090837771926926
102,1550491541,3,6,3,9,7,0.5977390590666486,-1.2120644814625696
102,1550495835,91,37,-54,128,7,0.150904614911908,-1.0495061634689582
102,1550495906,3,1,-2,4,7,0.5585430551934257,-1.2188946628908728
102,1550502000,499,497,-2,996,7,0.5585430551934257,0.13621333248444262
102,1550516400,1012,822,-190,1834,7,-0.9152266904397538,1.2809517398680255
102,1550530800,533,512,-21,1045,7,0.40959824047517884,0.20314911048181203
102,1550545200,129,160,31,289,8,1.2051628014714506,-1.333695586747715
102,1550559600,202,244,42,446,8,1.2755528412034114,-1.1185502416468762
102,1550574000,1044,840,-204,1884,8,-0.29862441098407616,0.8520166771748181
102,1550588400,828,675,-153,1503,8,0.027729409591378568,0.32991236836322874
102,1550602800,1337,923,-414,2260,8,-1.642434260412419,1.3672692234035784
102,1550617200,735,465,-270,1200,8,-0.7209646493758411,-0.08530444415622425
102,1550631600,130,167,37,297,8,1.2435573685979746,-1.322732766615188
102,1550646000,217,227,10,444,8,1.0707818165286163,-1.1212909466800078
102,1550660400,919,808,-111,1727,8,0.2964913794770472,0.6368713320739795
102,1550674800,769,619,-150,1388,8,0.04692669315464061,0.17232182895815581
102,1550689200,1282,875,-407,2157,8,-1.5976405987648077,1.2261229141972956
102,1550703600,729,421,-308,1150,8,-0.9641302411771603,-0.15382206998451683
102,1550718000,131,143,12,274,8,1.083580005570791,-1.3542508744962027
102,1550732400,191,209,18,400,8,1.121974572697315,-1.1815864574089054
102,1550746800,1000,845,-155,1845,8,0.014931220549203872,0.7985729290287499
102,1550761200,835,684,-151,1519,8,0.04052759863355326,0.35183800862828235
102,1550775600,1500,1056,-444,2556,8,-1.8344070960450394,1.7728935683070703
102,1550790000,760,510,-250,1270,8,-0.5929827589540941,0.010620232003385348
102,1550804400,129,174,45,303,8,1.2947501247666733,-1.314510651515793
102,1550818800,220,198,-22,418,8,0.8660107918538211,-1.15692011211072
102,1550833200,985,805,-180,1790,8,-0.1450461424779798,0.7232035406176281
102,1550847600,849,680,-169,1529,8,-0.074656102746019,0.3655415337939409
102,1550862000,1408,992,-416,2400,8,-1.6552324494545936,1.5591185757227974
102,1550876400,706,539,-167,1245,8,-0.061857913703844296,-0.023638580910760938
102,1551495600,9400,7119,-2281,16519,9,-3.938186975925384,4.067120416335496
102,1551510000,107,176,69,283,9,0.2833307018233741,-0.46672992651691275
102,1551524400,451,843,392,1294,9,0.8635648337011821,-0.1844114554265096
102,1551538800,684,934,250,1618,9,0.6084773825350869,-0.09393550623433294
102,1551553200,947,987,40,1934,9,0.23123537728945326,-0.005693531096284101
102,1551567600,608,681,73,1289,9,0.29051626382805285,-0.1858076892103395
102,1551582000,182,211,29,393,9,0.21147508177658672,-0.4360127832726552
102,1551596400,87,147,60,234,9,0.26716318731284694,-0.4804130175984456
102,1551610800,386,659,273,1045,9,0.6497943640619896,-0.253943897861238
102,1551625200,771,967,196,1738,9,0.511472295471924,-0.060425895422415665
102,1551639600,817,839,22,1656,9,0.19890034826839892,-0.08332412947722581
102,1551654000,349,364,15,713,9,0.18632561476021114,-0.34665382110754245
102,1551668400,87,119,32,206,9,0.2168642532800958,-0.48823192678789296
102,1551682800,188,163,-25,351,9,0.11446999471342377,-0.44774114705682627
102,1551697200,888,625,-263,1513,9,-0.31307094456496104,-0.12325641569476058
102,1551711600,686,651,-35,1337,9,0.09650608970172693,-0.1724038448855726
102,1551726000,1115,887,-228,2002,9,-0.2501972770240221,0.013295248363802359
102,1551740400,635,419,-216,1054,9,-0.2286405910099859,-0.25143067705034416
102,1551754800,111,155,44,266,10,0.9115600377376707,-1.2408138279362295
102,1551769200,269,202,-67,471,10,0.25365266012413684,-0.97540225241903
102,1551783600,1080,991,-89,2071,10,0.12325660329983282,1.096102727227406
102,1551798000,887,679,-208,1566,10,-0.5820675222498115,0.44228396802649955
102,1551812400,1534,1009,-525,2543,10,-2.460956159218192,1.7071966962231044
102,1551826800,748,499,-249,1247,10,-0.825078355422378,0.029277662709491396
102,1551841200,110,150,40,260,10,0.8878516637696154,-1.2485819716099038
102,1551855600,236,207,-29,443,10,0.4788822128206619,-1.0116535895628427
102,1551870000,1130,969,-161,2099,10,-0.3034941281251621,1.1323540643712184
102,1551884400,844,714,-130,1558,10,-0.11975422987273372,0.4319264431282674
102,1551898800,1508,1146,-362,2654,10,-1.4948399200199394,1.8509073541860759
102,1551913200,846,491,-355,1337,10,-1.4533502655758428,0.1457998178146034
102,1551927600,106,162,56,268,10,0.9826851596418366,-1.2382244467116716
102,1551942000,242,201,-41,443,10,0.4077570909164961,-1.0116535895628427
102,1551945032,218,229,11,447,10,0.7159659525012146,-1.0064748271137265
102,1551946161,215,105,-110,320,10,-0.0012123600324573643,-1.1709005348731625
102,1551946245,113,91,-22,204,10,0.5203718672647586,-1.321084645897529
102,1551956400,774,681,-93,1455,10,0.09954822933177754,0.29857331006352805
102,1551970800,905,711,-194,1616,10,-0.49908821336161807,0.5070184986404507
102,1551985200,1494,1083,-411,2577,10,-1.7852675011286165,1.7512161770405912
102,1551999600,760,538,-222,1298,10,-0.665046831138005,0.09530688393572154
102,1552014000,152,179,27,331,10,0.8107994483734358,-1.1566589381380932
102,1552028400,270,186,-84,456,10,0.1528920707599019,-0.9948226116032154
102,1552042800,1137,846,-291,1983,10,-1.0740162820869583,0.982169953346852
102,1552057200,926,730,-196,1656,10,-0.5109424003456458,0.5588061231316116
102,1552071600,1444,1016,-428,2460,10,-1.8860280904928515,1.5997373754039457
102,1552086000,766,567,-199,1333,10,-0.5287236808216872,0.14062105536548733
102,1552100400,196,259,63,455,10,1.0241748140859332,-0.9961173022154944
102,1552114800,131,180,49,311,10,0.9411955051977398,-1.1825527503836737
102,1552129200,620,809,189,1429,10,1.7709885940796743,0.26491135414427347
102,1552143600,912,876,-36,1788,10,0.43739255837656515,0.7297052839524425
102,1552158000,1075,1040,-35,2115,10,0.443319651868579,1.153069114167683
102,1552172400,682,676,-6,1358,10,0.6152053631369797,0.1729883206724629
102,1552190400,192,283,91,475,10,1.1901334318623202,-0.9702234899699139
102,1552204800,161,201,40,362,10,0.8878516637696154,-1.1165235291574436
102,1552219200,474,587,113,1061,10,1.3205294886866241,-0.21153479117440677
102,1552233600,750,847,97,1597,10,1.2256959928144031,0.48241937700714926
102,1552248000,758,806,48,1564,10,0.9352684117057259,0.4396945868019415
102,1552262400,381,359,-22,740,10,0.5203718672647586,-0.627130477715973
102,1552276800,79,98,19,177,10,0.7633827004373253,-1.3560412924290626
102,1552291200,602,411,-191,1013,10,-0.48130693288557663,-0.27367994056379985
102,1552305600,995,754,-241,1749,10,-0.7776616074862674,0.6792123500735606
102,1552320000,987,714,-273,1701,10,-0.9673285992307097,0.6170672006841675
102,1552334400,1532,1084,-448,2616,10,-2.0045699603331277,1.8017091109194732
102,1552348800,586,461,-125,1047,11,0.20956295676644524,-0.3224359303063716
102,1552363200,80,109,29,189,11,1.120485809162526,-1.4977647978483914
102,1552377600,508,469,-39,977,11,0.7182601340785423,-0.4183252318540888
102,1552392000,1067,843,-224,1910,11,-0.3760303054881782,0.8597421730604854
102,1552406400,1048,783,-265,1831,11,-0.6185487272299919,0.7515242470280616
102,1552420800,1532,1155,-377,2687,11,-1.2810380744271415,1.9241134202401469
102,1552435200,702,446,-256,1148,11,-0.5653129761159352,-0.18408136664466523
102,1552449600,79,121,42,200,11,1.1973818941050525,-1.4826964790337502
102,1552464000,515,478,-37,993,11,0.7300903009927772,-0.39640767721461057
102,1552478400,989,838,-151,1827,11,0.05577078688139263,0.7460448583681921
102,1552492800,1075,767,-308,1842,11,-0.8728973158860404,0.766592565842703
102,1552507200,1516,1066,-450,2582,11,-1.7128391667967122,1.780279467918571
102,1552521600,740,471,-269,1211,11,-0.6422090610584615,-0.09778099525171971
102,1552536000,73,112,39,185,11,1.1796366437337,-1.503244186508261
102,1552550400,490,534,44,1024,11,1.2092120610192871,-0.3539424151006215
102,1552564800,1022,803,-219,1825,11,-0.3464548882025911,0.7433051640382573
102,1552579200,1158,699,-459,1857,11,-1.7660749179107689,0.7871402733172137
102,1552593600,1478,1060,-418,2538,11,-1.5235564961689552,1.7200061926600059
102,1552608000,663,431,-232,1094,11,-0.42335097314511744,-0.2580531135529043
102,1552622400,82,145,63,227,11,1.321598646704518,-1.4457106055796307
102,1552636800,494,503,9,997,11,1.0021841400201779,-0.39092828855474104
102,1552651200,982,813,-169,1795,11,-0.05070071534672071,0.7022097490892356
102,1552665600,1102,739,-363,1841,11,-1.198226906027498,0.7652227186777355
102,1552680000,1476,1092,-384,2568,11,-1.3224436586269634,1.7611016076090276
102,1552694400,603,499,-104,1102,11,0.3337797093659108,-0.24709433623316515
102,1552708800,129,179,50,308,11,1.2447025617619916,-1.3347529852172721
102,1552723200,214,220,6,434,11,0.9844388896488256,-1.1621522424313813
102,1552737600,569,730,161,1299,11,1.901276825502024,0.02276555526541054
102,1552752000,928,666,-262,1594,11,-0.6008034768586397,0.4268704689307904
102,1552766400,1009,671,-338,1680,11,-1.0503498195995626,0.5446773251179858
102,1552780800,538,376,-162,914,11,-0.009295131146898856,-0.5046256032470343
102,1552795200,111,140,29,251,11,1.120485809162526,-1.4128342736204134
102,1552809600,162,108,-54,270,11,0.6295338822217812,-1.386807177486033
102,1552824000,478,444,-34,922,11,0.7478355513641294,-0.4936668259272952
102,1552838400,887,567,-320,1454,11,-0.9438783173714493,0.23509186583535588
102,1552852800,842,546,-296,1388,11,-0.8019163144006315,0.14468195294750819
102,1552867200,429,258,-171,687,11,-0.06253088226095553,-0.8155809096946317
102,1552881600,72,93,21,165,11,1.0731651415055867,-1.5306411298076088
102,1552896000,479,519,40,998,11,1.1855517271908176,-0.38955844138977364
102,1552910400,945,844,-101,1789,11,0.35152495973726305,0.6939906660994313
102,1552924800,1011,765,-246,1776,11,-0.5061621415447611,0.6761826529548552
102,1552939200,1436,998,-438,2434,11,-1.6418581653113034,1.5775420875033974
102,1552953600,574,384,-190,958,12,-0.23007415987227844,-0.4041057871681521
102,1552968000,75,113,38,188,12,1.2862301449707623,-1.4909067149867
102,1552982400,462,523,61,985,12,1.4391906669505425,-0.3659971832056836
102,1552996800,992,780,-212,1772,12,-0.3763842243746771,0.7447980508114556
102,1553011200,1081,728,-353,1809,12,-1.3140987286855048,0.7970209525378014
102,1553025600,1332,978,-354,2310,12,-1.3207491861628866,1.5041472705080514
102,1553040000,625,407,-218,1032,12,-0.4162869692389677,-0.2996599837154605
102,1553054400,95,103,8,198,12,1.0867164206493094,-1.4767924172228226
102,1553068800,504,487,-17,991,12,0.9204549837147655,-0.3575286045473572
102,1553083200,968,834,-134,1802,12,0.14235145886109996,0.7871409441030873
102,1553097600,974,790,-184,1764,12,-0.19017141500798793,0.7335066126003538
102,1553112000,1472,1164,-308,2636,12,-1.0148281422033258,1.9642733776104495
102,1553126400,675,440,-235,1115,12,-0.5293447463544575,-0.1825113122752794
102,1553140800,83,112,29,195,12,1.2263760276743263,-1.4810267065519858
102,1553155200,482,451,-31,933,12,0.827348579031421,-0.4393915315778452
102,1553169600,1000,761,-239,1761,12,-0.5559465762639846,0.7292723232711906
102,1553184000,955,699,-256,1654,12,-0.6690043533794744,0.5782493371977041
102,1553198400,1426,1078,-348,2504,12,-1.280846441298596,1.7779646471272699
102,1553212800,781,402,-379,1183,12,-1.4870106230974305,-0.08653408748091412
102,1553227200,77,101,24,178,12,1.1931237402874175,-1.5050210127505772
102,1553241600,477,447,-30,924,12,0.8339990365088027,-0.45209439956533476
102,1553256000,991,762,-229,1753,12,-0.489442001490167,0.7179808850600888
102,1553270400,1116,714,-402,1830,12,-1.639971145077211,0.8266609778419436
102,1553284800,1485,1066,-419,2551,12,-1.7530289221927007,1.844301846617493
102,1553299200,754,462,-292,1216,12,-0.9084208225652177,-0.03995690486011921
102,1553313600,140,155,15,295,12,1.1332696229909818,-1.3398837289132135
102,1553328000,208,191,-17,399,12,0.9204549837147655,-1.19309503216889
102,1553342400,552,535,-17,1087,12,0.9204549837147655,-0.22203134601413566
102,1553356800,824,706,-118,1530,12,0.24875877849920808,0.40323204492562625
102,1553371200,869,739,-130,1608,12,0.16895328877062699,0.5133235674838688
102,1553385600,560,376,-184,936,12,-0.19017141500798793,-0.4351572422486821
102,1553400000,125,130,5,255,12,1.0667650482171642,-1.3963409199687224
102,1553414400,143,137,-6,280,12,0.9936100159659649,-1.3610551755590292
102,1553428800,459,493,34,952,12,1.259628315061235,-0.41257436582647844
102,1553443200,808,654,-154,1462,12,0.009342309313464804,0.307254820131261
102,1553457600,812,575,-237,1387,12,-0.5426456613092211,0.20139758690218168
102,1553472000,417,281,-136,698,12,0.12905054390633644,-0.7710775290289604
102,1553486400,77,80,3,157,12,1.0534641332624006,-1.5346610380547194
102,1553500800,480,459,-21,939,12,0.8938531538052386,-0.4309229529195189
102,1553515200,976,844,-132,1820,12,0.15565237381586347,0.8125466800780663
102,1553529600,1029,788,-241,1817,12,-0.5692474912187481,0.8083123907489032
102,1553544000,1459,938,-521,2397,12,-2.43137558488564,1.6269416610537832
102,1553558400,563,399,-164,962,13,0.02243469018766805,-0.3550902432520075
102,1553572800,86,89,3,175,13,0.9978790895899445,-1.3954544824711055
102,1553587200,503,460,-43,963,13,0.7291938059222516,-0.3537683064804457
102,1553601600,1044,873,-171,1917,13,-0.01845220080524174,0.9073593735894647
102,1553616000,1042,706,-336,1748,13,-0.9822146313524011,0.6839520591955288
102,1553630400,1614,1029,-585,2643,13,-2.436619753814478,1.867085469743296
102,1553644800,652,397,-255,1049,13,-0.5090948927201593,-0.24008174412613514
102,1553659200,87,87,0,174,13,0.9803561363072689,-1.3967764192426673
102,1553673600,466,460,-6,926,13,0.9453102297419176,-0.40267996702823056
102,1553688000,1028,871,-157,1899,13,0.06332158118057785,0.8835645117013532
102,1553702400,1092,688,-404,1780,13,-1.379401572426382,0.7262540358855049
102,1553716800,1513,1098,-415,2611,13,-1.443652401129526,1.82478349305332
102,1553731200,683,372,-311,1055,13,-0.8361900206634376,-0.23215012349676464
102,1553745600,85,93,8,178,13,1.0270840117277371,-1.3914886721564204
102,1553760000,512,437,-75,949,13,0.5422823042403783,-0.3722754212823103
102,1553774400,1082,856,-226,1938,13,-0.33970634432096153,0.9351200457922615
102,1553788800,1074,694,-380,1768,13,-1.239217946164977,0.7103907946267639
102,1553803200,1630,1132,-498,2762,13,-1.9284541086168847,2.0243959455591445
102,1553817600,615,405,-210,1020,13,-0.24625059348002487,-0.27841791050142595
102,1553832000,90,95,5,185,13,1.0095610584450616,-1.382235114755488
102,1553846400,454,448,-6,902,13,0.9453102297419176,-0.43440644954571256
102,1553852941,414,102,-312,516,13,-0.8420310050909962,-0.9446740433685484
102,1553857313,116,62,-54,178,13,0.6649429772191077,-1.3914886721564204
102,1553860800,1009,820,-189,1829,13,-0.1235899205012955,0.7910289376920306
102,1553875200,1162,804,-358,1966,13,-1.110716288758689,0.9721342753959906
102,1553889600,1456,1050,-406,2506,13,-1.391083541281499,1.6859801320393362
102,1553904000,662,467,-195,1129,13,-0.15863582706664675,-0.13432680240119507
102,1553918400,122,156,34,278,13,1.1789496068442593,-1.2592949950002452
102,1553932800,188,223,35,411,13,1.1847905912718177,-1.0834774043825324
102,1553947200,608,648,40,1256,13,1.2139955134096105,0.03355916758714732
102,1553961600,856,709,-147,1565,13,0.12173142545616325,0.4420376299997284
102,1553976000,975,809,-166,1784,13,0.010752721332550967,0.7315417829717519
102,1553990400,623,433,-190,1056,13,-0.12943090492885403,-0.2308281867252029
102,1554004800,145,161,16,306,13,1.0738118871482056,-1.2222807653965162
102,1554019200,141,170,29,311,13,1.1497446847064665,-1.2156710815387075
102,1554033600,462,567,105,1029,13,1.5936595012009158,-0.2665204795573702
102,1554048000,785,624,-161,1409,13,0.039957643470343675,0.23581549363609522
102,1554062400,686,531,-155,1217,13,0.07500355003569492,-0.017996366503760974
102,1554076800,348,299,-49,647,13,0.6941478993569004,-0.771500326293959
102,1554091200,66,102,36,168,13,1.1906315756993764,-1.4047080398720377
102,1554105600,505,461,-44,966,13,0.723352821494693,-0.3498024961657605
102,1554120000,982,756,-226,1738,13,-0.33970634432096153,0.6707326914799113
102,1554134400,1057,702,-355,1759,13,-1.0931933354760135,0.6984933636827081
102,1554148800,1483,1036,-447,2519,13,-1.630563902811399,1.703165310069639
102,1554163200,580,435,-145,1015,14,0.1651802200892787,-0.2605763267143381
102,1554177600,84,83,-1,167,14,0.5416803865497576,-0.6484809452515023
102,1554192000,539,498,-41,1037,14,0.4370970069774023,-0.25051276349757207
102,1554206400,1056,851,-205,1907,14,0.008305150730745883,0.14745541825635816
102,1554220800,998,749,-249,1747,14,-0.10673656679884487,0.07426586758896868
102,1554235200,1547,1091,-456,2638,14,-0.6479555560857831,0.48184017786799377
102,1554249600,662,442,-220,1104,14,-0.030913616608887327,-0.21986463915560275
102,1554264000,74,90,16,164,14,0.5861283228680085,-0.6498532493265159
102,1554278400,505,540,35,1045,14,0.6358054281648773,-0.2468532859642026
102,1554292800,1118,836,-282,1954,14,-0.19301785494603793,0.1689548487649038
102,1554307200,1066,654,-412,1720,14,-0.5329138385561925,0.06191513091384671
102,1554321600,1475,1162,-313,2637,14,-0.2740699741146132,0.4813827431763226
102,1554336000,694,383,-311,1077,14,-0.26884080513599545,-0.2322153758307247
102,1554350400,84,105,21,189,14,0.5992012453145529,-0.6384173820347363
102,1554364800,558,485,-73,1043,14,0.35343030331951814,-0.24776815534754498
102,1554379200,1090,825,-265,1915,14,-0.14856991862778696,0.15111489578972762
102,1554508800,7846,5623,-2223,13469,14,-5.267926348694575,5.436315323358589
102,1554523200,128,150,22,278,14,0.6018158298038618,-0.5977056944760009
102,1554537600,218,206,-12,424,14,0.5129199571673598,-0.530920229492008
102,1554552000,624,470,-154,1094,14,0.1416489596854988,-0.22443898607231458
102,1554566400,909,735,-174,1644,14,0.08935726989932118,0.027150094346836712
102,1554580800,1016,752,-264,1768,14,-0.14595533413847808,0.08387199611406355
102,1554595200,593,541,-52,1134,14,0.40833657759500464,-0.20614159840546722
102,1554609600,147,200,53,347,14,0.6828679489724371,-0.5661427007506892
102,1554624000,141,180,39,321,14,0.6462637661221128,-0.5780360027341399
102,1554638400,490,550,60,1040,14,0.7011700403975992,-0.24914045942255852
102,1554652800,881,610,-271,1491,14,-0.16425742556364023,-0.04283741347885447
102,1554667200,845,659,-186,1504,14,0.057982256027614615,-0.036890762487129074
102,1554681600,405,338,-67,743,14,0.36911781025537144,-0.3849985628489002
102,1554696000,69,96,27,165,14,0.6148887522504062,-0.6493958146348446
102,1554710400,523,478,-45,1001,14,0.4266386690201668,-0.26698041239773473
102,1554724800,994,874,-120,1868,14,0.23054483232200074,0.12961546528118198
102,1554739200,1039,698,-341,1737,14,-0.3472783398152619,0.06969152067225684
102,1554753600,1480,1011,-469,2491,14,-0.6819451544467986,0.4145972781923297
102,1554768000,584,370,-214,954,15,-0.7787540618257752,0.2575589507855703
102,1554782400,87,106,19,193,15,0.8601753909822687,-0.7167139889523287
102,1554796800,488,467,-21,955,15,0.578814111530244,0.2588392043200485
102,1554811200,1044,904,-140,1948,15,-0.25823569483952946,1.5301309640568865
102,1554825600,999,692,-307,1691,15,-1.4329190365517326,1.201105805695993
102,1554840000,1439,1005,-434,2444,15,-2.326241098811911,2.1651367171580667
102,1554854400,603,406,-197,1009,15,-0.6591755180586647,0.32797289518187045
102,1554868800,92,106,14,198,15,0.8250052310507656,-0.7103127212799377
102,1554880908,322,243,-79,565,15,0.1708402563248082,-0.24045967412644378
102,1554880979,9,9,0,18,15,0.726528783242557,-0.9407583574860111
102,1554881054,8,10,2,18,15,0.7405968472151583,-0.9407583574860111
102,1554881121,7,7,0,14,15,0.726528783242557,-0.9458793716239239
102,1554881199,3,7,4,10,15,0.7546649111877595,-0.9510003857618365
102,1554883200,287,181,-106,468,15,-0.019078607305308484,-0.36464426697082775
102,1554883484,23,24,1,47,15,0.7335628152288576,-0.9036310049861438
102,1554883570,22,8,-14,30,15,0.6280523354343484,-0.9253953150722729
102,1554897600,1011,863,-148,1874,15,-0.3145079507299344,1.4353922025055008
102,1554912000,1098,699,-399,1797,15,-2.0800499792913896,1.3368126803506806
102,1554921255,1089,721,-368,1810,15,-1.8619949877160702,1.353455976298897
102,1554921335,7,7,0,14,15,0.726528783242557,-0.9458793716239239
102,1554921416,7,4,-3,11,15,0.7054266872836551,-0.9497201322273584
102,1554921496,7,4,-3,11,15,0.7054266872836551,-0.9497201322273584
102,1554921577,7,15,8,22,15,0.782801039132962,-0.9356373433480983
102,1554921654,352,272,-80,624,15,0.16380622433850758,-0.16492471559223085
102,1554921734,3,7,4,10,15,0.7546649111877595,-0.9510003857618365
102,1554921815,6,8,2,14,15,0.7405968472151583,-0.9458793716239239
102,1554921896,4,2,-2,6,15,0.7124607192699558,-0.9561213998997493
102,1554921977,4,3,-1,7,15,0.7194947512562564,-0.9548411463652712
102,1554922057,3,6,3,9,15,0.7476308792014589,-0.9522806392963148
102,1554922137,62,56,-6,118,15,0.6843245913247533,-0.8127330040381926
102,1554922218,7,17,10,24,15,0.7968691031055631,-0.933076836279142
102,1554922299,9,13,4,22,15,0.7546649111877595,-0.9356373433480983
102,1554922391,8,13,5,21,15,0.7616989431740601,-0.9369175968825766
102,1554922470,7,8,1,15,15,0.7335628152288576,-0.9445991180894456
102,1554922552,2,2,0,4,15,0.726528783242557,-0.9586819069687057
102,1554922632,2,5,3,7,15,0.7476308792014589,-0.9548411463652712
102,1554922713,1,5,4,6,15,0.7546649111877595,-0.9561213998997493
102,1554922793,2,4,2,6,15,0.7405968472151583,-0.9561213998997493
102,1554922881,3,4,1,7,15,0.7335628152288576,-0.9548411463652712
102,1554922963,2,1,-1,3,15,0.7194947512562564,-0.959962160503184
102,1554926400,376,267,-109,643,15,-0.04018070326421034,-0.14059989843714532
102,1554940800,694,412,-282,1106,15,-1.2570682368942172,0.45215748802625444
102,1554955200,91,95,4,186,15,0.7546649111877595,-0.725675763693676
102,1554969600,545,438,-107,983,15,-0.0261126392916091,0.29468630328543766
102,1554984000,1000,791,-209,1791,15,-0.7435839018942721,1.3291311591438115
102,1554998400,1088,739,-349,1827,15,-1.7283483799763586,1.3752202863850262
102,1555012800,1547,997,-550,2544,15,-3.1421888092227825,2.293162070605885
102,1555027200,684,406,-278,1090,15,-1.2289321089490146,0.43167343147460346
102,1555041600,101,111,10,212,15,0.7968691031055631,-0.6923891717972431
102,1555056000,494,483,-11,977,15,0.6491544313932502,0.28700478207856855
102,1555059741,254,67,-187,321,15,-0.5888351981956585,-0.5528415365391209
102,1555059825,399,283,-116,682,15,-0.08941892716831466,-0.0906700105924961
102,1555070400,649,496,-153,1145,15,-0.3496781106614375,0.5020873758709037
102,1555084800,1008,776,-232,1784,15,-0.9053666375791862,1.3201693844024642
102,1555099200,1471,1165,-306,2636,15,-1.4258850045654319,2.410945395777878
102,1555113600,588,438,-150,1026,15,-0.32857601470253567,0.3497372052679996
102,1555128000,106,155,49,261,15,1.0711963505712874,-0.6296567486078121
102,1555142400,238,222,-16,460,15,0.6139842714617472,-0.37488629524665323
102,1555156800,650,623,-27,1273,15,0.5366099196124403,0.6659598282841114
102,1555171200,967,745,-222,1712,15,-0.8350263177161802,1.2279911299200348
102,1555185600,998,750,-248,1748,15,-1.0179111493599962,1.2740802571612493
102,1555200000,627,484,-143,1111,15,-0.27933779079843135,0.45855875569864535
102,1555214400,148,176,28,324,15,0.9234816788589744,-0.5490007759356864
102,1555228800,169,181,12,350,15,0.8109371670781644,-0.5157141840392536
102,1555243200,545,544,-1,1089,15,0.7194947512562564,0.43039317794012527
102,1555257600,879,657,-222,1536,15,-0.8350263177161802,1.0026665078518742
102,1555272000,760,633,-127,1393,15,-0.16679327901762145,0.8195902524214936
102,1555286400,381,303,-78,684,15,0.17787428831110882,-0.08810950352353973
102,1555300800,74,80,6,154,15,0.7687329751603608,-0.7666438767969779
102,1555315200,464,459,-5,923,15,0.6913586233110539,0.21787109121674655
102,1555329600,1080,811,-269,1891,15,-1.1656258210723092,1.45715651259163
102,1555344000,956,655,-301,1611,15,-1.3907148446339288,1.098685522937738
102,1555358400,1497,982,-515,2479,15,-2.895997689702261,2.209945590864803
102,1555372800,519,342,-177,861,16,-0.20182247974391437,-0.48666043774553025
102,1555387200,84,72,-12,156,16,0.8651898107054686,-1.4871426817612463
102,1555401600,538,404,-134,942,16,0.07624738988834909,-0.3717114139650012
102,1555416000,1004,810,-194,1814,16,-0.311757079365972,0.8657644963636575
102,1555430400,1015,685,-330,1700,16,-1.1912338763424333,0.7039843888206907
102,1555444800,1580,994,-586,2574,16,-2.8467196118275364,1.9442985466501033
102,1555459200,592,495,-97,1087,16,0.31551681259518044,-0.16593847016035035
102,1555473600,80,116,36,196,16,1.1755933861089256,-1.4303777317461701
102,1555488000,516,450,-66,966,16,0.5159857883765797,-0.3376524439559555
102,1555491358,273,60,-213,333,16,-0.434625161296507,-1.2359577779445345
102,1555502400,1042,959,-83,2001,16,0.406051188754522,1.1311406376841382
102,1555516800,1045,742,-303,1787,16,-1.0166318651779886,0.8274481551034811
102,1555531200,1573,1179,-394,2752,16,-1.605105310213709,2.1969025742171917
102,1555545600,699,488,-211,1187,16,-0.4216916789880297,-0.024026095122660133
102,1555560000,95,111,16,206,16,1.0462585630241519,-1.4161864942424012
102,1555574400,516,442,-74,958,16,0.4642518591426702,-0.3490054339589707
102,1555588800,1105,837,-268,1942,16,-0.7902959247796347,1.047412336411901
102,1555603200,1122,731,-391,1853,16,-1.585705086750993,0.9211103226283567
102,1555617600,1445,1019,-426,2464,16,-1.812041027149347,1.788194934108644
102,1555632000,601,432,-169,1033,16,-0.1500885505100049,-0.24257115268070306
102,1555646400,100,135,35,235,16,1.1691266449546869,-1.375031905481471
102,1555660800,413,332,-81,745,16,0.4189846710629994,-0.6512787927892509
102,1555675200,880,628,-252,1508,16,-0.6868280663118157,0.43151262874832547
102,1555689600,1025,746,-279,1771,16,-0.8614300774762602,0.8047421750974507
102,1555704000,1257,952,-305,2209,16,-1.029565347486466,1.426318377762534
102,1555718400,571,419,-152,990,16,-0.040153950887947244,-0.3035934739469099
102,1555732800,136,146,10,282,16,1.0074581160987197,-1.3083330892137566
102,1555747200,183,254,71,437,16,1.4019293265072796,-1.0883689079053367
102,1555761600,495,599,104,1094,16,1.6153317845971562,-0.15600460390771204
102,1555776000,814,673,-141,1487,16,0.030980201808678293,0.40171102999041053
102,1555790400,946,826,-120,1772,16,0.16678176604769068,0.8061612988478276
102,1555804800,557,443,-114,1000,16,0.2055822129731228,-0.28940223644314084
102,1555819200,131,151,20,282,16,1.0721255276411066,-1.3083330892137566
102,1555833600,132,187,55,319,16,1.2984614680394606,-1.2558255104498113
102,1555848000,466,587,121,1053,16,1.7252663842192137,-0.21418867767316502
102,1555862400,877,629,-248,1506,16,-0.660961101694861,0.4286743812475717
102,1555876800,726,655,-71,1381,16,0.4836520826053862,0.2512839124504589
102,1555891200,387,343,-44,730,16,0.6582540937698308,-0.6725656490449045
102,1555905600,79,96,17,175,16,1.0527253041783906,-1.460179330504085
102,1555920000,461,334,-127,795,16,0.12151457796801989,-0.5803226052704058
102,1555934400,932,714,-218,1646,16,-0.46695886706770046,0.627351706300338
102,1555948800,834,675,-159,1509,16,-0.08542113896761803,0.43293175249870236
102,1555963200,1173,858,-315,2031,16,-1.094232759028853,1.1737143501954452
102,1555977600,413,319,-94,732,17,0.3088027023720835,-0.5837411625473143
102,1555992000,77,98,21,175,17,0.8791288925132441,-1.3560950603116952
102,1556006400,452,388,-64,840,17,0.4575834476262993,-0.43398493102387964
102,1556020800,955,691,-264,1646,17,-0.5342881874018061,0.6836402783084201
102,1556035200,851,725,-126,1576,17,0.1501032407675867,0.5865760541728606
102,1556049600,1218,1007,-211,2225,17,-0.2714422041193581,1.486500075086834
102,1556064000,560,396,-164,956,17,-0.03835236988775334,-0.27313564531352386
102,1556078400,89,119,30,208,17,0.9237631160895089,-1.3103362117906456
102,1556092800,453,404,-49,857,17,0.5319738202534072,-0.41041219087667236
102,1556107200,942,722,-220,1664,17,-0.31607642769562283,0.7085996502289926
102,1556121600,838,672,-166,1510,17,-0.048271086238034396,0.49505835713076163
102,1556136000,1667,1007,-660,2674,17,-2.4981940247574546,2.1090977413277803
102,1556150400,848,406,-442,1254,17,-1.4170539425768198,0.14008062314928674
102,1556164800,111,107,-4,218,17,0.7551449381347309,-1.2964698940569943
102,1556179200,449,371,-78,820,17,0.38815243317433196,-0.4617175664911824
102,1556193600,1000,702,-298,1702,17,-0.7029063653565839,0.7612916576168678
102,1556208000,923,708,-215,1631,17,-0.2912796368199202,0.6628408017079431
102,1556222400,1282,932,-350,2214,17,-0.9607929904638913,1.4712471255798174
102,1556236800,758,427,-331,1185,17,-0.8665651851362213,0.04440303078709234
102,1556251200,182,139,-43,321,17,0.5617299693042503,-1.1536468214003854
102,1556265600,451,389,-62,840,17,0.4675021639765804,-0.43398493102387964
102,1556266284,33,7,-26,40,17,0.6460390582816393,-1.5432903497159887
102,1556272519,309,99,-210,408,17,-0.26648284594421756,-1.0330098571176185
102,1556280000,973,706,-267,1679,17,-0.5491662619272276,0.7293991268294696
102,1556294400,766,631,-135,1397,17,0.10546901719132193,0.3383689667405012
102,1556308800,1199,966,-233,2165,17,-0.38054808397244966,1.4033021686849259
102,1556323200,607,410,-197,1017,17,-0.20201118966739073,-0.18855110713825055
102,1556337600,139,146,7,285,17,0.8096978780612767,-1.2035655652415302
102,1556352000,222,230,8,452,17,0.8146572362364173,-0.9719980590895525
102,1556366400,601,678,77,1279,17,1.1568529503211136,0.17474641748341513
102,1556380800,869,870,1,1739,17,0.7799417290104336,0.8125970332313778
102,1556395200,1019,871,-148,1890,17,0.04099736091449509,1.0219784310095135
102,1556409600,607,543,-64,1150,17,0.4575834476262993,-0.004129081280687428
102,1556424000,170,170,0,340,17,0.7749823708352931,-1.1273008177064479
102,1556438400,165,159,-6,324,17,0.7452262217844499,-1.14948692608029
102,1556452800,491,588,97,1079,17,1.256040113823924,-0.1025799371896121
102,1556467200,865,589,-276,1454,17,-0.5938004855034923,0.41740697782231395
102,1556481600,752,534,-218,1286,17,-0.3061577113453418,0.1844528398969711
102,1556496000,388,357,-31,745,17,0.6212422674059367,-0.5657149494935676
102,1556510400,75,88,13,163,17,0.8394540271121199,-1.372734641592077
102,1556524800,524,511,-13,1035,17,0.7105107145584661,-0.16359173521767809
102,1556526829,147,36,-111,183,17,0.22449361339469456,-1.345002006124774
102,1556539200,1015,785,-230,1800,17,-0.3656700094470281,0.8971815714066511
102,1556553600,892,694,-198,1586,17,-0.20697054784253124,0.600442371906512
102,1556568000,2111,1029,-1082,3140,17,-4.591043174666757,2.7552681477159338
102,1556582400,952,403,-549,1355,18,-1.902588073831886,0.08479452679214605
102,1556596800,139,107,-32,246,18,0.8017404380106373,-1.3419757247077
102,1556611200,599,498,-101,1097,18,0.4408145824649234,-0.24713218636110937
102,1556625600,1381,948,-433,2329,18,-1.2958141717550336,1.3378821958280793
102,1556640000,1563,808,-755,2371,18,-2.9801348309683657,1.3919167770390743
102,1556654400,1688,1105,-583,2793,18,-2.0804355968544117,1.9348356644447866
102,1556668800,582,407,-175,989,18,0.053734679415896845,-0.3860782523322395
102,1556683200,112,139,27,251,18,1.1103581985497262,-1.3355430364682956
102,1556697600,552,431,-121,983,18,0.336198392451673,-0.39379747821952454
102,1556712000,1084,840,-244,1924,18,-0.3071911761298171,0.8168344484363411
102,1556726400,1061,736,-325,1797,18,-0.7308867456834813,0.6534441671554752
102,1556740800,1506,1208,-298,2714,18,-0.5896548891655933,1.8331991902622007
102,1556755200,733,422,-311,1155,18,-0.657655412674206,-0.17251300278402096
102,1556769600,98,137,39,235,18,1.1731279125576763,-1.356127638834389
102,1556784000,535,477,-58,1012,18,0.6657393909934118,-0.35648788643098034
102,1556790308,405,130,-275,535,18,-0.4693462706503553,-0.9701663444701386
102,1556793581,92,37,-55,129,18,0.6814318194953994,-1.4925006295097576
102,1556798400,1114,853,-261,1967,18,-0.39611493764107997,0.872155567295217
102,1556812800,1057,726,-331,1783,18,-0.7622716026874564,0.6354326400851434
102,1556827200,1483,1166,-317,2649,18,-0.6890402696781811,1.7495742431499466
102,1556841600,591,439,-152,1030,18,0.17404329793113482,-0.33333020876912534
102,1556856000,101,104,3,205,18,0.9848187705338256,-1.3947237682708142
102,1556870400,508,450,-58,958,18,0.6657393909934118,-0.42596091941654546
102,1556884800,1055,870,-185,1925,18,0.0014265844092716373,0.818120986084222
102,1556899200,1122,807,-315,1929,18,-0.6785786506768561,0.8232671366757454
102,1556913600,1544,1003,-541,2547,18,-1.860741597826586,1.6183474030661014
102,1556928000,620,458,-162,1078,18,0.12173520292450962,-0.27157640167084524
102,1556942400,126,196,70,322,18,1.3352830070782145,-1.2441988634687564
102,1556956800,226,229,3,455,18,0.9848187705338256,-1.0730893563006054
102,1556971200,562,662,100,1224,18,1.49220729209809,-0.08374190508024333
102,1556985600,916,776,-140,1692,18,0.23681301193908508,0.5183577141279875
102,1557000000,892,693,-199,1585,18,-0.07180474860000366,0.3806981858047381
102,1557014400,583,427,-156,1010,18,0.15312005992848474,-0.359060961726742
102,1557028800,136,194,58,330,18,1.2725132930702643,-1.2339065622857097
102,1557043200,149,160,11,309,18,1.0266652465391257,-1.2609238528912072
102,1557057600,477,548,71,1025,18,1.3405138165788768,-0.33976289700852946
102,1557072000,837,623,-214,1460,18,-0.1502668911099415,0.21988097981963373
102,1557086400,734,636,-98,1370,18,0.456507010966911,0.10409259151035857
102,1557100800,433,271,-162,704,18,0.12173520292450962,-0.7527414819782775
102,1557115200,86,92,6,178,18,1.000511199035813,-1.4294602847635967
102,1557129600,505,484,-21,989,18,0.8592793425179251,-0.3860782523322395
102,1557144000,1061,789,-272,1850,18,-0.4536538421483677,0.7216306624931593
102,1557158400,1032,748,-284,1780,18,-0.516423556156318,0.6315730271415009
102,1557172800,1404,1047,-357,2451,18,-0.898272649704682,1.494839788869541
102,1557187200,643,402,-241,1045,19,-0.4014590829254977,-0.3348450969541952
102,1557201600,85,108,23,193,19,1.1068342574374272,-1.363678673065018
102,1557216000,538,498,-40,1036,19,0.7469006193962746,-0.345713057265225
102,1557230400,1147,902,-245,2049,19,-0.424312012324936,0.8775362532984649
102,1557244800,1545,990,-555,2535,19,-2.1954140407814005,1.464406110094075
102,1557259200,1451,1042,-409,2493,19,-1.3612821177019045,1.413688961975936
102,1557273600,621,486,-135,1107,19,0.20414354615961605,-0.2599769259226564
102,1557288000,109,112,3,221,19,0.9925696104402358,-1.3298672409862589
102,1557302400,530,497,-33,1027,19,0.7868932458452916,-0.3565810175762548
102,1557316800,1027,803,-224,1830,19,-0.30433413297788514,0.6130825523967393
102,1557331200,1050,691,-359,1741,19,-1.0756205002089263,0.505610500432111
102,1557345600,1497,1086,-411,2583,19,-1.3727085824016236,1.5223685650862342
102,1557360000,715,415,-300,1130,19,-0.738539791567212,-0.23220324957224686
102,1557374400,80,117,37,197,19,1.186819510335461,-1.3588484684823383
102,1557388800,534,522,-12,1056,19,0.9068711251923425,-0.3215620343518254
102,1557403200,1047,797,-250,1844,19,-0.4528781740742338,0.6299882684361189
102,1557417600,1045,744,-301,1789,19,-0.7442530239170716,0.56357295542427
102,1557432000,1576,1129,-447,2705,19,-1.5783849469965676,1.6696898048579718
102,1557446400,715,513,-202,1228,19,-0.17864302128097473,-0.1138632372965888
102,1557460800,100,108,8,208,19,1.0211357721895338,-1.3455654058799684
102,1557475200,521,504,-17,1025,19,0.8783049634430447,-0.3589961198675948
102,1557489600,880,803,-77,1683,19,0.5355110224514708,0.43557253398325213
102,1557504000,1614,1172,-442,2786,19,-1.5498187852472698,1.7675014476572402
102,1557532800,1992,1525,-467,3517,19,-1.692649593993759,2.650221335141996
102,1557547200,147,167,20,314,19,1.0896945603878485,-1.2175649844389507
102,1557561600,212,222,10,434,19,1.0325622368892529,-1.072658846958553
102,1557576000,620,651,31,1271,19,1.1525401162363036,-0.06193853803277966
102,1557590400,900,686,-214,1586,19,-0.2472018094792895,0.3184400728532641
102,1557604800,1023,723,-300,1746,19,-0.738539791567212,0.5116482561604608
102,1557619200,562,398,-164,960,19,0.0384598080136887,-0.4374869443361435
102,1557633600,106,171,65,277,19,1.346790016131529,-1.26224437682874
102,1557648000,147,151,4,298,19,0.9982828427900955,-1.2368858027696703
102,1557662400,406,404,-2,810,19,0.964003448690938,-0.6186196161866405
102,1557676800,598,454,-144,1052,19,0.15272445501087997,-0.3263922389345053
102,1557691200,619,497,-122,1116,19,0.2784155667077904,-0.24910896561162657
102,1557705600,370,287,-83,657,19,0.5012316283523134,-0.8033749414741475
102,1557720000,70,83,13,153,19,1.0497019339388316,-1.4119807188918174
102,1557734400,499,458,-41,957,19,0.7411873870464151,-0.4411095977731534
102,1557748800,949,759,-190,1708,19,-0.11008423308265995,0.46576131262500164
102,1557763200,938,656,-282,1594,19,-0.6357016092697398,0.3281004820186239
102,1557777600,1379,874,-505,2253,19,-1.9097524232884224,1.1238766870151409
102,1557792000,561,401,-160,962,20,-0.13897728435011178,-0.5244446982186746
102,1557806400,88,91,3,179,20,0.8562512602742244,-1.6116161773928632
102,1557820800,481,497,16,978,20,0.9356253159804598,-0.5022291890656898
102,1557835200,1015,772,-243,1787,20,-0.6457501015514608,0.6210424924820989
102,1557849600,1015,687,-328,1702,20,-1.1647343119383846,0.5030226001068677
102,1557864000,1455,1017,-438,2472,20,-1.8363609371449918,1.5721439780942563
102,1557878400,535,412,-123,947,20,0.08693348958301975,-0.5452717380495977
102,1557892800,74,107,33,181,20,1.0394221580578447,-1.60883923874874
102,1557907200,525,488,-37,1013,20,0.6120233965627309,-0.4536327627935358
102,1557921600,1098,864,-234,1962,20,-0.5907988322163749,0.864024623842869
102,1557936000,1124,746,-378,1870,20,-1.4700191415777515,0.736285446213207
102,1557950400,1331,1131,-200,2462,20,-0.3832051480616053,1.5582592848736407
102,1557964800,686,491,-195,1177,20,-0.35267666509766865,-0.22592379397544268
102,1557979200,100,125,25,225,20,0.9905765853155458,-1.5477465885780322
102,1557993600,496,485,-11,981,20,0.7707715079752017,-0.4980637810995052
102,1558008000,1151,803,-348,1954,20,-1.2868482437941315,0.8529168692663767
102,1558022400,1128,793,-335,1921,20,-1.207474188087896,0.8070973816383458
102,1558036800,1419,1078,-341,2497,20,-1.24410836764462,1.6068557111457948
102,1558051200,714,530,-184,1244,20,-0.28551400257700793,-0.13289634939731926
102,1558065600,116,123,7,239,20,0.8806740466453737,-1.5283080180691706
102,1558080000,518,484,-34,1002,20,0.6303404863410929,-0.4689059253362128
102,1558094400,1071,725,-346,1796,20,-1.2746368506085568,0.6335387163806528
102,1558108800,1212,764,-448,1976,20,-1.8974179030728653,0.8834631943517306
102,1558123200,1334,1081,-253,2415,20,-0.7068070674793343,1.4930012267367483
102,1558137600,649,524,-125,1173,20,0.07472209639744506,-0.23147767126368884
102,1558152000,143,208,65,351,20,1.2348044490270393,-1.3727994539982777
102,1558166400,252,323,71,575,20,1.2714386285837633,-1.061782325856492
102,1558180800,673,770,97,1443,20,1.4301867399962342,0.14340904569292792
102,1558195200,947,871,-76,1818,20,0.37390122944402465,0.6640850414660068
102,1558209600,1131,922,-209,2053,20,-0.43815641739669137,0.9903753321504695
102,1558224000,671,512,-159,1183,20,-0.13287158775732444,-0.21759297804307343
102,1558238400,145,238,93,383,20,1.4057639536250848,-1.3283684356923082
102,1558252800,168,218,50,386,20,1.1432190001352294,-1.3242030277261236
102,1558267200,536,643,107,1179,20,1.4912437059241077,-0.2231468553313196
102,1558281600,1005,691,-314,1696,20,-1.079254559639362,0.49469178417449844
102,1558296000,809,782,-27,1591,20,0.6730803624906042,0.34890250535803635
102,1558310400,465,422,-43,887,20,0.5753892170060069,-0.6285798973732903
102,1558324800,88,126,38,214,20,1.0699506410217812,-1.5630197511207091
102,1558339200,488,539,51,1027,20,1.1493246967280166,-0.4341941922846742
102,1558353600,1029,766,-263,1795,20,-0.7678640334072077,0.6321502470585912
102,1558368000,1056,734,-322,1790,20,-1.1281001323816606,0.6252079004482836
102,1558382400,1514,1268,-246,2782,20,-0.664067191329823,2.0025694679333346
102,1558396800,687,405,-282,1092,21,-1.0608117929637344,-0.16176685243530647
102,1558411200,97,109,12,206,21,1.0645985623041858,-1.4667024936281592
102,1558425600,516,499,-17,1015,21,0.8549492415464657,-0.27517548039450473
102,1558440000,1052,731,-321,1783,21,-1.3427539829482544,0.8559651205491869
102,1558454400,1073,755,-318,1828,21,-1.3210661221802142,0.9222428901357314
102,1558468800,1554,1175,-379,2729,21,-1.7620526244636943,2.249271121190765
102,1558483200,681,471,-210,1152,21,-0.5403031345307743,-0.07339649298658057
102,1558497600,108,105,-3,213,21,0.9561592584639858,-1.4563926183591411
102,1558512000,547,482,-65,1029,21,0.5079434692578257,-0.2545557298564687
102,1558526400,998,751,-247,1749,21,-0.8077867506699343,0.8058885835282422
102,1558540800,1045,750,-295,1795,21,-1.1547925229585743,0.8736391924389321
102,1558555200,1495,1119,-376,2614,21,-1.7403647636956543,2.079894598914041
102,1558569600,731,450,-281,1181,21,-1.0535825060410544,-0.03068415258636305
102,1558584000,101,123,22,224,21,1.1368914315309857,-1.4401913857935413
102,1558598400,432,493,61,925,21,1.4188336215155057,-0.4077310195675936
102,1558612800,988,774,-214,1762,21,-0.5692202822214943,0.8250354947421329
102,1558627200,1016,718,-298,1734,21,-1.1764803837266142,0.7837959936660608
102,1558641600,1397,1083,-314,2480,21,-1.2921489744894943,1.882534129478553
102,1558656000,609,474,-135,1083,21,0.0018933846702256947,-0.17502240635261537
102,1558670400,147,138,-9,285,21,0.9127835369279057,-1.35034818702067
102,1558684800,485,472,-13,957,21,0.8838663892371857,-0.36060016119493976
102,1558699200,967,762,-205,1729,21,-0.5041566999173743,0.7764317970453336
102,1558713600,1188,862,-326,2050,21,-1.3789004175616544,1.249213220096017
102,1558728000,1339,940,-399,2279,21,-1.9066383629172943,1.5864934253253211
102,1558742400,580,463,-117,1043,21,0.1320205492784657,-0.23393597931843263
102,1558756800,164,157,-7,321,21,0.9272421107732657,-1.2973259713514345
102,1558771200,218,214,-4,432,21,0.9489299715413058,-1.1338408063712915
102,1558785600,573,534,-39,1107,21,0.6959049292475057,-0.139674262573125
102,1558800000,814,674,-140,1488,21,-0.0342530499431743,0.4214775199262845
102,1558814400,950,724,-226,1674,21,-0.6559717252936543,0.6954256342173348
102,1558828800,561,478,-83,1039,21,0.3778163046495857,-0.23982733661501437
102,1558843200,134,164,30,298,21,1.1947257269124256,-1.3312012758067793
102,1558857600,186,159,-27,345,21,0.7826563723196657,-1.261977827571944
102,1558872000,503,501,-2,1004,21,0.9633885453866657,-0.2913767129601045
102,1558886400,830,641,-189,1471,21,-0.38848810915449433,0.39643925141581215
102,1558900800,717,614,-103,1331,21,0.2332305661959857,0.19024174603545171
102,1558915200,448,373,-75,821,21,0.4356506000310257,-0.5609063092787185
102,1558929600,119,129,10,248,21,1.0501399884588256,-1.4048432420140509
102,1558944000,174,206,32,380,21,1.2091843007577858,-1.210428451226854
102,1558958400,458,455,-3,913,21,0.9561592584639858,-0.4254050914573388
102,1558972800,636,639,3,1275,21,0.9995349800000657,0.10776274388330755
102,1558987200,761,632,-129,1393,21,0.0452691062063057,0.2815577841324685
102,1559001600,466,410,-56,876,22,0.3531888888356861,-0.6565022315029382
102,1559016000,97,108,11,205,22,0.8224398487901812,-1.6103868411242932
102,1559030400,481,497,16,978,22,0.8574585771449943,-0.51150039814768
102,1559044800,977,766,-211,1743,22,-0.732391690163519,0.5760133520167561
102,1559059200,846,779,-67,1625,22,0.27614768645509735,0.40826613303714365
102,1559073600,1378,991,-387,2369,22,-1.965050928252939,1.465926564569615
102,1559088000,539,579,40,1118,22,1.025548473248097,-0.3124782739345806
102,1559102400,77,129,52,206,22,1.1095934212996486,-1.608965254522771
102,1559116800,503,480,-23,983,22,0.5843124959774524,-0.5043924651400693
102,1559131200,974,909,-65,1883,22,0.29015517779702255,0.7750354762298555
102,1559145600,1135,761,-374,1896,22,-1.8740022345304248,0.7935161020496433
102,1559160000,1294,1004,-290,2298,22,-1.2856875981695655,1.364993915861543
102,1559174400,496,510,14,1006,22,0.843451085803069,-0.4716959733050602
102,1559188800,78,146,68,224,22,1.2216533520350503,-1.5833766956953725
102,1559203200,500,485,-15,985,22,0.6403424613451533,-0.501549291937025
102,1559217600,1058,807,-251,1865,22,-1.0125415170020233,0.749446917402457
102,1559232000,1298,756,-542,2054,22,-3.050631507252144,1.0181267850901412
102,1559246400,1257,1045,-212,2302,22,-0.7393954358344816,1.3706802622676315
102,1559260800,582,517,-65,1099,22,0.29015517779702255,-0.33948841936350127
102,1559275200,103,138,35,241,22,0.990529744893284,-1.5592097234694962
102,1559289600,526,483,-43,1009,22,0.44423758255820006,-0.46743121350049377
102,1559304000,1088,905,-183,1993,22,-0.5362868113765659,0.9314100023972907
102,1559318400,1161,930,-231,2091,22,-0.8724666035827713,1.0707254893464602
102,1559332800,1426,1239,-187,2665,22,-0.5643017940604163,1.886716198620168
102,1559347200,685,536,-149,1221,22,-0.29815945856383697,-0.16605485397780034
102,1559361600,180,191,11,371,22,0.8224398487901812,-1.3744034652716182
102,1559376000,290,284,-6,574,22,0.7033761723838168,-1.0858213851626242
102,1559390400,718,744,26,1462,22,0.9274960338546205,0.17654751698903506
102,1559404800,1007,863,-144,1870,22,-0.2631407302090239,0.7565548504100676
102,1559419200,1121,912,-209,2033,22,-0.7183841988215938,0.9882734664581763
102,1559433600,713,601,-112,1314,22,-0.03902086873822026,-0.03384730003624146
102,1559448000,179,207,28,386,22,0.9415035251965457,-1.353079666248786
102,1559462400,231,222,-9,453,22,0.6823649353709289,-1.257833363946803
102,1559476800,590,669,79,1259,22,1.298694554415639,-0.11203456311995909
102,1559491200,869,788,-81,1657,22,0.17809524706162075,0.4537569042858521
102,1559505600,890,682,-208,1572,22,-0.7113804531506311,0.33292204315647034
102,1559520000,519,428,-91,947,22,0.10805779035199463,-0.5555695827948663
102,1559534400,108,134,26,242,22,0.9274960338546205,-1.557788136867974
102,1559548800,470,504,34,974,22,0.9835259992223214,-0.5171867445537686
102,1559563200,955,855,-100,1810,22,0.0450240793133311,0.6712596543187394
102,1559577600,1016,763,-253,1779,22,-1.0265490083439486,0.627190469671553
102,1559592000,1448,1102,-346,2550,22,-1.6778973557434718,1.7232337394451218
102,1559606400,587,583,-4,1170,23,0.6816495717178999,0.15644781749655096
102,1559620800,76,200,124,276,23,1.5958263900443839,-1.0435102982895663
102,1559635200,497,392,-105,889,23,-0.03969307399284163,-0.22072022560848142
102,1559638834,383,255,-128,638,23,-0.20395922103588177,-0.5576212178482078
102,1559640993,172,145,-27,317,23,0.5173834246748596,-0.9884786621069815
102,1559641672,47,55,8,102,23,0.7673536484360077,-1.2770591933083408
102,1559645181,179,175,-4,354,23,0.6816495717178999,-0.9388159660397708
102,1559645345,6,7,1,13,23,0.7173596036837782,-1.3965181108754152
102,1559649600,517,250,-267,767,23,-1.1966981096872984,-0.3844728991273923
102,1559664000,978,749,-229,1727,23,-0.9253018667466233,0.9040727285623981
102,1559678400,1436,1121,-315,2557,23,-1.5395144165597299,2.0181278025025295
102,1559692800,647,579,-68,1226,23,0.22456116255465772,0.23161297911178874
102,1559707200,70,190,120,260,23,1.5672583644716813,-1.064986058751063
102,1559721600,513,561,48,1074,23,1.0530339041630339,0.027593254727571927
102,1559736000,1144,896,-248,2040,23,-1.0609999882169607,1.3241922925904235
102,1559750400,1094,781,-313,1875,23,-1.5252304037733786,1.1027235128312407
102,1559764800,1404,1171,-233,2575,23,-0.953869892319326,2.042288033021713
102,1559779200,697,483,-214,1180,23,-0.8181717708489884,0.1698701677849863
102,1559793600,90,233,143,323,23,1.7315245115147215,-0.9804252519339203
102,1559808000,466,454,-12,920,23,0.6245135205724945,-0.17911093971433195
102,1559809734,112,27,-85,139,23,0.10314705387067154,-1.2273964972411302
102,1559811081,97,46,-51,143,23,0.3459752712386439,-1.222027557125756
102,1559812027,50,21,-29,71,23,0.5030994118885084,-1.3186684792024903
102,1559822400,1054,772,-282,1826,23,-1.3038282055849333,1.0369539964179078
102,1559836800,1023,759,-264,1782,23,-1.1752720905077714,0.9778956551487923
102,1559851200,1430,1040,-390,2470,23,-2.0751648960479043,1.901353354993142
102,1559865600,667,506,-161,1173,23,-0.43964543201067846,0.16047452258308156
102,1559880000,89,143,54,232,23,1.095885942522088,-1.1025686395586818
102,1559894400,473,538,65,1011,23,1.17444801284702,-0.056967552089570564
102,1559908800,974,823,-151,1797,23,-0.3682253680789219,0.9980291805814453
102,1559923200,1127,804,-323,1931,23,-1.5966504677051352,1.1778886744464785
102,1559937600,1276,1001,-275,2277,23,-1.2538341608327037,1.6423019944263404
102,1559952000,664,493,-171,1157,23,-0.5110654959424351,0.13899876212158505
102,1559966400,171,171,0,342,23,0.7102175972906025,-0.9549227863858932
102,1559980800,228,239,11,467,23,0.7887796676155348,-0.7871434077804518
102,1559995200,598,632,34,1230,23,0.9530458146585747,0.23698191922716286
102,1560009600,927,792,-135,1719,23,-0.2539532657881114,0.8933348483316498
102,1560024000,841,642,-199,1483,23,-0.7110416749513535,0.5765673815245763
102,1560038400,514,494,-20,1008,23,0.5673774694270893,-0.06099425717610116
102,1560052800,144,210,66,354,23,1.1815900192401958,-0.9388159660397708
102,1560067200,145,203,58,348,23,1.1244539680947905,-0.9468693762128321
102,1560081600,466,582,116,1048,23,1.5386903388989788,-0.007304856022359895
102,1560096000,690,609,-81,1299,23,0.13171507944337416,0.32959613621736655
102,1560110400,833,670,-163,1503,23,-0.4539294447970298,0.603412082101447
102,1560124800,501,391,-110,892,23,-0.07540310595871992,-0.21669352052195082
102,1560139200,86,99,13,185,23,0.803063680401886,-1.1656536859143276
102,1560153600,482,462,-20,944,23,0.5673774694270893,-0.14689729902208717
102,1560154114,41,7,-34,48,23,0.4673893799226301,-1.3495398848658915
102,1560154784,54,13,-41,67,23,0.4173953351704005,-1.3240374193178643
102,1560168000,1010,744,-266,1754,23,-1.1895561032941226,0.9403130743411734
102,1560182400,909,602,-307,1511,23,-1.4823783654143248,0.6141499623321952
102,1560196800,1296,989,-307,2285,23,-1.4823783654143248,1.6530398746570887
102,1560211200,549,416,-133,965,24,0.18498432250192626,-0.5606009886068447
102,1560225600,116,120,4,236,24,1.150794238003599,-1.576000811441246
102,1560240000,460,479,19,939,24,1.2565398491899133,-0.5968155227545737
102,1560254400,1082,734,-348,1816,24,-1.330702771168582,0.6247285713822848
102,1560268800,941,721,-220,1662,24,-0.42834022237869795,0.41022709989189005
102,1560283200,1497,1066,-431,2563,24,-1.9158284863995223,1.6651999947804983
102,1560297600,675,565,-110,1240,24,0.34712759298760854,-0.17756264665971122
102,1560312000,100,120,20,220,24,1.2635895566023343,-1.5982866786090792
102,1560326400,543,514,-29,1057,24,0.9181538933937069,-0.4324572523918037
102,1560333106,380,154,-226,534,24,-0.47063846685322375,-1.1609265354403522
102,1560340800,1064,766,-298,1830,24,-0.9782174005475335,0.6442287051541389
102,1560355200,1028,777,-251,1805,24,-0.646881152163748,0.6094070377043994
102,1560369600,1431,1145,-286,2576,24,-0.8936209115984819,1.683307261854363
102,1560384000,750,558,-192,1308,24,-0.23094841483091086,-0.08284771119642004
102,1560398400,102,156,54,258,24,1.5032796086246474,-1.5453577440854753
102,1560412800,480,534,54,1014,24,1.5032796086246474,-0.4923505204053555
102,1560427200,951,699,-252,1650,24,-0.6539308595761689,0.3935126995160151
102,1560441600,953,701,-252,1654,24,-0.6539308595761689,0.39908416630797344
102,1560456000,1250,1065,-185,2315,24,-0.18160046294396406,1.3197690536790834
102,1560470400,650,509,-141,1159,24,0.12858666320255852,-0.2903848491968669
102,1560484800,114,149,35,263,24,1.369335167788649,-1.5383934105955275
102,1560499200,455,478,23,933,24,1.2847386788395974,-0.6051727229425112
102,1560513600,1015,805,-210,1820,24,-0.35784314825448826,0.6303000381742431
102,1560528000,1115,805,-310,1920,24,-1.062813889496585,0.7695867079732007
102,1560542400,1383,1067,-316,2450,24,-1.105112133971111,1.5078060579076762
102,1561161600,8469,7916,-553,16385,25,-2.5761881726018263,4.058954079117014
102,1561176000,142,229,87,371,25,1.128891446421025,-0.4788556403677611
102,1561190400,230,300,70,530,25,1.0304752690407304,-0.4338005794586766
102,1561204800,776,739,-37,1515,25,0.41103227023534755,-0.15468589395271284
102,1561219200,1001,779,-222,1780,25,-0.6599673071384453,-0.07959412577090534
102,1561233600,1099,809,-290,1908,25,-1.0536320166596234,-0.043323384913277564
102,1561248000,702,634,-68,1336,25,0.2315674761889282,-0.20540825812080168
102,1561262400,146,235,89,381,25,1.1404698202304713,-0.47602198873825896
102,1561276800,214,201,-13,415,25,0.5499727559487044,-0.46638757319795154
102,1561291200,618,585,-33,1203,25,0.43418901785424036,-0.24309582479318056
102,1561305600,928,738,-190,1666,25,-0.4747133261873028,-0.11189775434723008
102,1561320000,876,752,-124,1628,25,-0.09262699047557128,-0.12266563053933832
102,1561334400,496,497,1,993,25,0.6310213726148294,-0.3026025090127261
102,1561348800,89,139,50,228,25,0.9146915309462663,-0.5193768586696421
102,1561363200,424,459,35,883,25,0.8278537273754183,-0.33377267693725
102,1561377600,925,818,-107,1743,25,0.005789186904723205,-0.09007863680006337
102,1561392000,1044,656,-388,1700,25,-1.6209723333224975,-0.1022633388069227
102,1561406400,1341,1090,-251,2431,25,-0.8278537273754183,0.10487659530968593
102,1561420800,605,604,-1,1209,26,0.7286625784397085,-0.15501968141115413
102,1561435200,102,159,57,261,26,1.0935180853418933,-1.560682089761533
102,1561449600,428,419,-9,847,26,0.6783376809359588,-0.6917810651905182
102,1561464000,993,752,-241,1745,26,-0.781084346672781,0.639743030483153
102,1561478400,1012,796,-216,1808,26,-0.6238190419735634,0.7331573044558046
102,1561492800,1408,1061,-347,2469,26,-1.447889238597464,1.713265798041881
102,1561507200,658,632,-26,1290,26,0.5713972737404908,-0.034915614874887584
102,1561521600,130,175,45,305,26,1.0180307390862688,-1.49544037460603
102,1561536000,484,468,-16,952,26,0.6343033956201779,-0.5360906085694319
102,1561550400,1045,789,-256,1834,26,-0.8754435294923117,0.7717092270476927
102,1561564800,1010,764,-246,1774,26,-0.8125374076126247,0.6827432518356434
102,1561579200,1430,1129,-301,2559,26,-1.1585210779509036,1.846714760859955
102,1561593600,694,615,-79,1309,26,0.23799482777814937,-0.006743056057738641
102,1561608000,122,182,60,304,26,1.1123899219057996,-1.4969231408595642
102,1561622400,481,449,-32,930,26,0.5336536006126785,-0.5687114661471834
102,1561636800,1068,863,-205,1931,26,-0.5546223079059076,0.9155375536405057
102,1561651200,1025,758,-267,1783,26,-0.9446402635599676,0.6960881481174508
102,1561665600,1347,996,-351,2343,26,-1.473051687349339,1.5264372500965775
102,1561680000,651,700,49,1351,26,1.0431931878381437,0.05553312659069586
102,1561694400,101,215,114,316,26,1.4520829800561097,-1.4791299458171545
102,1561708800,450,409,-41,859,26,0.4770380909209602,-0.6739878701481083
102,1561723200,1000,773,-227,1773,26,-0.6930157760412192,0.6812604855821093
102,1561737600,1172,791,-381,1963,26,-1.6617700529884,0.9629860737535987
102,1561752000,1338,1230,-108,2568,26,0.055567074327056876,1.8600596571417625
102,1561766400,693,564,-129,1257,26,-0.07653578162028596,-0.0838469012415147
102,1561780800,180,235,55,415,26,1.080936860965956,-1.332336086717273
102,1561795200,220,266,46,486,26,1.0243213512742375,-1.227059682716348
102,1561809600,583,660,77,1243,26,1.2193303291012674,-0.10460562879099286
102,1561824000,896,676,-220,1572,26,-0.6489814907254382,0.3832244686217441
102,1561838400,897,709,-188,1606,26,-0.4476819007104396,0.4336385212419054
102,1561852800,818,508,-310,1326,26,-1.215136587642622,0.018463970252341994
102,1561867200,181,202,21,383,26,0.8670560465750199,-1.379784606830366
102,1561881600,162,202,40,364,26,0.9865776781464254,-1.407957165647515
102,1561896000,603,513,-90,1116,26,0.1687980937104936,-0.29291694298983056
102,1561910400,1076,623,-453,1699,26,-2.114694130522147,0.5715357828205818
102,1561924800,801,665,-136,1466,26,-0.12057006693606691,0.22605124574712368
102,1561939200,393,515,122,908,26,1.5024078775598593,-0.6013323237249347
102,1561953600,93,166,73,259,26,1.1941678803493927,-1.5636476222686013
102,1561968000,398,442,44,840,26,1.0117401268983002,-0.7021604289652573
102,1561982400,942,755,-187,1697,26,-0.44139128852247095,0.5685702503135135
102,1561996800,956,687,-269,1643,26,-0.9572214879359049,0.4885008726226691
102,1562011200,1392,1014,-378,2406,26,-1.6428982164244939,1.6198515240692293
102,1562025600,562,464,-98,1026,27,-0.2851543808652624,-0.22060251479177112
102,1562040000,102,154,52,256,27,0.6227177434525049,-1.479065757954796
102,1562054400,442,389,-53,831,27,-0.012792743569932196,-0.5393042452031864
102,1562063238,481,140,-341,621,27,-1.7559072222600456,-0.8825214933385569
102,1562068800,995,811,-184,1806,27,-0.8056677321407824,1.0542044068538903
102,1562083200,1006,714,-292,1720,27,-1.4593356616495747,0.9136487719032148
102,1562097600,1403,1073,-330,2476,27,-1.6893299331434093,2.1492308651905483
102,1562112000,724,520,-204,1244,27,-0.9267173487164847,0.13568967612970864
102,1562126400,140,169,29,309,27,0.4835106843904472,-1.3924442619968214
102,1562140800,444,393,-51,837,27,-0.0006877819123619645,-0.5294980381136045
102,1562143308,231,191,-40,422,27,0.0658895072042743,-1.2077606951430269
102,1562155200,759,626,-133,1385,27,-0.4969912098727415,0.3661355427348859
102,1562169600,1086,768,-318,1854,27,-1.6167001631979878,1.1326540635705464
102,1562184000,1277,1015,-262,2292,27,-1.2777612367860214,1.8485071811100333
102,1562198400,744,418,-326,1162,27,-1.6651200098282688,0.001671512572087809
102,1562212800,128,164,36,292,27,0.525878050191943,-1.4202285154173038
102,1562227200,202,183,-19,385,27,0.19299160460876172,-1.2682323055287827
102,1562241600,490,474,-16,964,27,0.2111490470951171,-0.32193332138411856
102,1562256000,674,629,-45,1303,27,0.035627103060348726,0.23211737917726508
102,1562270400,692,535,-157,1227,27,-0.6422507497635842,0.10790542270922626
102,1562284800,464,485,21,949,27,0.4350908377601663,-0.3464488391080736
102,1562299200,101,249,148,350,27,1.203755903015876,-1.325435180218011
102,1562313600,326,336,10,662,27,0.3685135486435301,-0.8155124115597465
102,1562328000,657,713,56,1370,27,0.6469276667676453,0.34162002501093086
102,1562342400,843,720,-123,1563,27,-0.4364664015848903,0.6570530197258189
102,1562356800,1157,816,-341,1973,27,-1.7559072222600456,1.327143837513923
102,1562371200,552,514,-38,1066,27,0.07799446886184454,-0.15522780086122437
102,1562385600,144,202,58,346,27,0.6590326284252156,-1.3319726516110657
102,1562400000,226,382,156,608,27,1.252175749646157,-0.9037682753659846
102,1562414400,678,853,175,1531,27,1.367172885393074,0.6047532485813815
102,1562428800,901,912,11,1813,27,0.3745660294723152,1.065644981791736
102,1562443200,828,915,87,1743,27,0.8345545724599839,0.9512392324132792
102,1562457600,568,699,131,1267,27,1.100863728926529,0.173280136639773
102,1562472000,126,185,59,311,27,0.6650851092540007,-1.389175526300294
102,1562486400,192,289,97,481,27,0.8950793807478351,-1.1113329920954704
102,1562500800,562,876,314,1438,27,2.208467720594205,0.4527570386928603
102,1562515200,812,873,61,1685,27,0.6771900709115709,0.8564458972139865
102,1562529600,791,875,84,1666,27,0.8163971299736286,0.8253929080969767
102,1562544000,460,621,161,1081,27,1.2824381537900824,-0.13071228313726935
102,1562558400,114,157,43,271,27,0.5682454159934388,-1.4545502402308408
102,1562572800,398,480,82,878,27,0.8042921683160583,-0.46248895633479403
102,1562587200,977,790,-187,1767,27,-0.8238251746271377,0.9904640607716073
102,1562601600,914,660,-254,1574,27,-1.2293413901557404,0.6750310660567193
102,1562616000,1288,990,-298,2278,27,-1.4956505466222856,1.825626031234342
102,1562630400,531,449,-82,980,28,0.28649690265788064,-0.3606184881362449
102,1562644800,82,125,43,207,28,1.0766050872582442,-1.4307548980247056
102,1562659200,446,483,37,929,28,1.0386798943974267,-0.43122257210042536
102,1562673600,1032,806,-226,1838,28,-0.6237077260017382,0.82719139502585
102,1562688000,935,763,-172,1698,28,-0.2823809902543811,0.6333762625751586
102,1562702400,1434,1007,-427,2441,28,-1.894201686839123,1.6619808583670426
102,1562716800,631,479,-152,1110,28,-0.15596368071832295,-0.18064729371774568
102,1562731200,108,142,34,250,28,1.019717297967018,-1.371225964486279
102,1562745600,458,447,-11,905,28,0.7352783515108872,-0.46444802337768676
102,1562748932,261,104,-157,365,28,-0.18756800810233748,-1.2120206771160682
102,1562760000,1056,854,-202,1910,28,-0.47200695455846836,0.9268677488576341
102,1562774400,941,671,-270,1612,28,-0.9018258069810662,0.5143183954983052
102,1562788800,1422,1189,-233,2611,28,-0.6679537843393585,1.8973278049143107
102,1562803200,704,486,-218,1190,28,-0.5731408021873149,-0.06989578946020769
102,1562817600,116,135,19,251,28,0.9249043158149743,-1.3698415706830598
102,1562832000,462,457,-5,919,28,0.7732035443717046,-0.4450665101326176
102,1562846400,1124,778,-346,1902,28,-1.3822115832180872,0.9157925984318803
102,1562860800,1035,710,-325,1745,28,-1.2494734082052261,0.698442771326462
102,1562875200,1221,956,-265,2177,28,-0.8702214795970517,1.2965008943171672
102,1562889600,496,391,-105,887,28,0.14111699669141375,-0.4893671118356328
102,1562904000,86,116,30,202,28,0.9944338360598063,-1.4376768670408018
102,1562918400,459,459,0,918,28,0.8048078717557191,-0.4464509039358368
102,1562932800,970,811,-159,1781,28,-0.2002097390559433,0.7482809482423541
102,1562947200,1011,811,-200,1822,28,-0.45936522360486254,0.8050410941743424
102,1562961600,1416,933,-483,2349,28,-2.2481701535400855,1.5346166284708738
102,1562976000,733,560,-173,1293,28,-0.288701855731184,0.07269677227137247
102,1562990400,154,244,90,398,28,1.3736857646679808,-1.1663356816098338
102,1563004800,266,268,2,534,28,0.8174496027093249,-0.9780581243720191
102,1563019200,630,580,-50,1210,28,0.4887645979155737,-0.042207913395823186
102,1563033600,932,742,-190,1674,28,-0.3961565688368335,0.6001508112978972
102,1563048000,714,812,98,1526,28,1.424252688482404,0.3952605284214519
102,1563062400,10,11,1,21,28,0.811128737232522,-1.6882521454234816
102,1563076800,132,126,-6,258,28,0.7668826788949017,-1.3601508140605252
102,1563091200,223,210,-13,433,28,0.7226366205572813,-1.1178818984971608
102,1563105600,679,559,-120,1238,28,0.04630401453937012,-0.003444886905684894
102,1563120000,891,726,-165,1617,28,-0.23813493191676074,0.5212403645144013
102,1563134400,802,680,-122,1482,28,0.033662283585764306,0.334347201079806
102,1563148800,485,467,-18,952,28,0.6910322931732668,-0.39938151462638316
102,1563163200,96,130,34,226,28,1.019717297967018,-1.4044514157635404
102,1563177600,403,451,48,854,28,1.1082094146422587,-0.5350521073418673
102,1563192000,1409,887,-522,2296,28,-2.494683907135399,1.461243756900255
102,1563206400,959,922,-37,1881,28,0.5709358491140115,0.8867203285642766
102,1563220800,1453,996,-457,2449,28,-2.0838276511432103,1.6730560087927964
102,1563235200,566,471,-95,1037,29,-0.06359360570438893,-0.1865421978322214
102,1563249600,98,107,9,205,29,0.8007013081870782,-1.2825420436158832
102,1563264000,416,479,63,895,29,1.249469821169186,-0.3735998638193368
102,1563278400,928,857,-71,1785,29,0.1358590667321035,0.798803817367513
102,1563279609,21,21,0,42,29,0.7259065560233935,-1.4972631672489805
102,1563279696,64,59,-5,123,29,0.6843539159324576,-1.3905612591859076
102,1563291686,246,204,-42,450,29,0.3768643792595318,-0.9598017044127617
102,1563291749,825,633,-192,1458,29,-0.8697148234685458,0.3680442625943671
102,1563292800,111,64,-47,175,29,0.3353117391685959,-1.3220612688244289
102,1563307200,1486,1165,-321,2651,29,-1.9417729378146926,1.9395921183875264
102,1563321600,763,551,-212,1314,29,-1.0359253838322895,0.17835198159334872
102,1563336000,103,119,16,222,29,0.8588750043143885,-1.2601478159977075
102,1563350400,455,428,-27,883,29,0.5015222995323395,-0.389407553902755
102,1563364800,1021,891,-130,1912,29,-0.35446208634094034,0.9661018707503557
102,1563379200,963,648,-315,1611,29,-1.8919097697055696,0.5695923111579492
102,1563393600,1353,1140,-213,2493,29,-1.0442359118504767,1.731457532289187
102,1563408000,562,438,-124,1000,29,-0.3045989182318173,-0.23528257558942753
102,1563422400,95,121,26,216,29,0.9419802844962603,-1.2680516610394166
102,1563436800,412,447,35,859,29,1.016775036659945,-0.42102293406959135
102,1563451200,943,880,-63,1823,29,0.20234329087760095,0.8488615026316707
102,1563465600,1003,695,-308,1698,29,-1.8337360735782593,0.6841980642627311
102,1563480000,1392,985,-407,2377,29,-2.6564783473787905,1.578649861482811
102,1563494400,585,485,-100,1070,29,-0.10514624579532485,-0.14307105010282134
102,1563508800,98,127,29,225,29,0.9669118685508219,-1.256195893476853
102,1563523200,412,487,75,899,29,1.3491961573874323,-0.3683306337915307
102,1563537600,1006,844,-162,1850,29,-0.6203989829229303,0.8844288053193616
102,1563552000,1012,753,-259,1765,29,-1.4265202006870872,0.7724576672284827
102,1563566400,1756,1530,-226,3286,29,-1.15227277608691,2.7760823853017396
102,1563580800,809,620,-189,1429,29,-0.8447832394139843,0.32984234489277314
102,1563595200,160,194,34,354,29,1.0084645086417579,-1.0862632250801072
102,1563609600,242,283,41,525,29,1.066638204769068,-0.861003641391398
102,1563624000,613,594,-19,1207,29,0.568006523677837,0.03740007834953644
102,1563638400,861,742,-119,1603,29,-0.26304627814088133,0.5590538511023371
102,1563652800,749,684,-65,1433,29,0.18572223484122657,0.3351115749205792
102,1563667200,533,469,-64,1002,29,0.19403276285941376,-0.23264796057552448
102,1563681600,126,229,103,355,29,1.5818909418966733,-1.0849459175731557
102,1563696000,175,160,-15,335,29,0.6012486357505857,-1.111292067712186
102,1563710400,530,604,74,1134,29,1.340885629369245,-0.05876336965792428
102,1563724800,819,643,-176,1462,29,-0.7367463751775508,0.37331349262217317
102,1563739200,711,652,-59,1363,29,0.2355854029503497,0.24290004943397303
102,1563753600,419,396,-23,815,29,0.5347644116050883,-0.4789844643754581
102,1563768000,85,119,34,204,29,1.0084645086417579,-1.283859351122835
102,1563782400,436,412,-24,848,29,0.5264538835869012,-0.4355133166460581
102,1563796800,956,865,-91,1821,29,-0.030351493631640195,0.8462268876177677
102,1563811200,1010,765,-245,1775,29,-1.3101728084324666,0.7856307422979979
102,1563825600,1188,1039,-149,2227,29,-0.5123621186864968,1.3810537354400834
102,1563840000,476,429,-47,905,30,0.3664012637391482,-0.5754264880954227
102,1563854400,120,133,13,253,30,0.7401645312319425,-1.5659362139133448
102,1563868800,440,417,-23,857,30,0.5159065707362659,-0.6483474495053312
102,1563879260,814,639,-175,1453,30,-0.4309603735788127,0.2570878213343645
102,1563883200,596,226,-370,822,30,-1.645690992930394,-0.7015189838667226
102,1563888330,283,220,-63,503,30,0.2667310590744031,-1.1861395399034054
102,1563897600,652,503,-149,1155,30,-0.2689962909986019,-0.19562981408548333
102,1563912000,1295,1097,-198,2392,30,-0.5742362927843838,1.683604128915697
102,1563926400,626,514,-112,1140,30,-0.03850894271137883,-0.2184176145260797
102,1563940800,121,177,56,298,30,1.008028206268445,-1.4975728125915557
102,1563955200,458,425,-33,883,30,0.4536126928208002,-0.6088485954082975
102,1563969600,1043,839,-204,1882,30,-0.6116126195336633,0.9088189139354206
102,1563984000,1346,684,-662,2030,30,-3.4646722280619926,1.1336585449493048
102,1563998400,1359,1076,-283,2435,30,-1.1037342550658422,1.7489291568454066
102,1564012800,768,655,-113,1423,30,-0.0447383305029254,0.21151222045317178
102,1564027200,115,157,42,272,30,0.920816777186793,-1.5370716666885895
102,1564041600,454,423,-31,877,30,0.46607146840389335,-0.617963715584536
102,1564056000,1005,753,-252,1758,30,-0.9106232335278986,0.7204397636264906
102,1564070400,1034,750,-284,1784,30,-1.109963642857389,0.7599386177235243
102,1564084800,1315,1025,-290,2340,30,-1.1473399696066684,1.6046064207216297
102,1564099200,738,599,-139,1337,30,-0.20670241308313622,0.08086216459375259
102,1564113600,149,185,36,334,30,0.8834404504375135,-1.4428820915341245
102,1564128000,401,429,28,830,30,0.833605348105141,-0.6893654902984047
102,1564142400,959,821,-138,1780,30,-0.20047302529158964,0.7538618709393653
102,1564156800,1024,802,-222,1826,30,-0.7237415997815015,0.8237444589571942
102,1564171200,1348,1030,-318,2378,30,-1.3217628277699722,1.6623355151711405
102,1564185600,750,617,-133,1367,30,-0.1693260863338568,0.12643776547494534
102,1564200000,140,258,118,398,30,1.3942502493443323,-1.34565414298758
102,1564214400,278,356,78,634,30,1.1450747376824695,-0.9871260827221972
102,1564228800,701,825,124,1526,30,1.4316265760936118,0.3679884501452668
102,1564243200,948,906,-42,1854,30,0.39754820269688107,0.8662816864463074
102,1564257600,1095,895,-200,1990,30,-0.586695068367477,1.0728910771077145
102,1564272000,765,677,-88,1442,30,0.11099636428573885,0.24037676767792715
102,1564286400,191,272,81,463,30,1.1637629010571091,-1.2469070077449957
102,1564300800,202,255,53,457,30,0.9893400428938053,-1.2560221279212342
102,1564315200,620,716,96,1336,30,1.2572037179303077,0.07934297789771283
102,1564329600,918,912,-6,1830,30,0.6218061631925575,0.8298212057413532
102,1564344000,893,734,-159,1627,30,-0.3312901689140676,0.5214263064452823
102,1564358400,531,538,7,1069,30,0.702788204482663,-0.3262798699449025
102,1564372800,91,160,69,251,30,1.0890102475585504,-1.5689745873054244
102,1564387200,369,405,36,774,30,0.8834404504375135,-0.7744399452766311
102,1564401600,841,728,-113,1569,30,-0.0447383305029254,0.4333134780749764
102,1564416000,954,683,-271,1637,30,-1.0289816015672835,0.53661817340568
102,1564430400,1345,970,-375,2315,30,-1.6768379318881268,1.5666267533206357
102,1564444800,615,503,-112,1118,31,0.09553674940484687,-0.36715500499248055
102,1564459200,116,151,35,267,31,1.1326249090980767,-1.6616093157065188
102,1564473600,417,461,44,878,31,1.1961201025486825,-0.7322185003759931
102,1564488000,954,788,-166,1742,31,-0.2854344112987885,0.582010083004652
102,1564502400,994,671,-323,1665,31,-1.3930727859371357,0.4648855449024417
102,1564516800,1399,974,-425,2373,31,-2.112684978377336,1.5418228562838037
102,1564531200,664,577,-87,1241,31,0.271912286767641,-0.1800599636084304
102,1564545600,102,143,41,245,31,1.1749550380651472,-1.6950734694500074
102,1564560000,443,466,23,909,31,1.0479646511639353,-0.6850644655556227
102,1564574400,910,787,-123,1697,31,0.01793151296521744,0.5135606776202434
102,1564588800,969,694,-275,1663,31,-1.054431754200571,0.4618433491075791
102,1564603200,1146,949,-197,2095,31,-0.5041400776286533,1.1189576407979016
102,1564617600,646,544,-102,1190,31,0.16608696434996453,-0.2576359563774268
102,1564632000,104,173,69,277,31,1.3724956399114767,-1.6463983367322057
102,1564646400,463,454,-9,917,31,0.8222039633395588,-0.6728956823761724
102,1564660800,983,828,-155,1811,31,-0.20782917485915908,0.6869658379274118
102,1564675200,892,741,-151,1633,31,-0.17960908888111202,0.41621041218464006
102,1564689600,1393,992,-401,2385,31,-1.9433644625090536,1.5600760310529793
102,1564704000,730,668,-62,1398,31,0.44828782413043516,0.05875240628828405
102,1564718400,134,216,82,350,31,1.4642109193401296,-1.5353581902197206
102,1564732800,460,430,-30,890,31,0.6740485119548117,-0.7139653256068175
102,1564747200,954,714,-240,1668,31,-0.8075060018926592,0.46944883859473563
102,1564761600,989,773,-216,1762,31,-0.6381854860243769,0.6124320409532781
102,1564776000,1342,1109,-233,2451,31,-0.7581208514310769,1.6604684922834452
102,1565395200,9660,8202,-1458,17862,32,-3.6522852091299827,4.072327372027413
102,1565409600,149,203,54,352,32,0.7549416354067562,-0.45369345098782765
102,1565424000,252,263,11,515,32,0.6296038349338199,-0.4115608756507926
102,1565438400,642,644,2,1286,32,0.6033703418115773,-0.2122712094860438
102,1565452800,1067,663,-404,1730,32,-0.580051681258473,-0.09750517605264764
102,1565467200,1061,786,-275,1847,32,-0.20403827983966383,-0.06726277535060406
102,1565481600,662,515,-147,1177,32,0.1690602890100072,-0.24044575372982802
102,1565496000,154,239,85,393,32,0.8453014450500359,-0.44309568663924825
102,1565510400,203,203,0,406,32,0.5975406766733012,-0.43973541989457676
102,1565524800,547,597,50,1144,32,0.743282305130204,-0.248975661620148
102,1565539200,1037,697,-340,1734,32,-0.3935023968336374,-0.09647124782351794
102,1565553600,872,681,-191,1553,32,0.04080765596793277,-0.14325650019163666
102,1565568000,554,428,-126,982,32,0.23027177296190632,-0.29084975489990067
102,1565582400,91,131,40,222,32,0.7141339794388234,-0.48729611843454274
102,1565596800,503,444,-59,947,32,0.425565555094156,-0.29989662690478547
102,1565611200,1057,687,-370,1744,32,-0.48094737390777903,-0.0938864272506937
102,1565625600,921,704,-217,1625,32,-0.034977990829656656,-0.12464579206730214
102,1565640000,1378,1033,-345,2411,32,-0.40807655967932766,0.07852110495668298
102,1565654400,529,500,-29,1029,33,0.45283498905364633,-0.3540763483095433
102,1565668800,103,147,44,250,33,0.9343556633894851,-1.5177827297189599
102,1565683200,430,446,16,876,33,0.7496628020003963,-0.582634854542715
102,1565683357,6,5,-1,11,33,0.6375278504427352,-1.8748120303054177
102,1565697600,900,797,-103,1697,33,-0.035281858903231295,0.6438130775973762
102,1565712000,832,700,-132,1532,33,-0.22657089391335902,0.3973284140125831
102,1565726400,1387,965,-422,2352,33,-2.1394612440146363,1.6222824997067058
102,1565740800,609,494,-115,1103,33,-0.11443594235569794,-0.2435317113078786
102,1565755200,95,148,53,243,33,0.993721225978835,-1.5282396548407389
102,1565769600,438,410,-28,848,33,0.45943116267468526,-0.6244625550298314
102,1565784000,943,817,-126,1760,33,-0.1869938521871257,0.737925403693388
102,1565798400,841,670,-171,1511,33,-0.48382166513387564,0.36595763864724584
102,1565812800,1294,1038,-256,2332,33,-1.044496422922181,1.592405570787337
102,1565827200,675,457,-218,1132,33,-0.7938418253227033,-0.20021016437479378
102,1565841600,93,128,35,221,33,0.8749901008001352,-1.5611042766520447
102,1565856000,425,406,-19,831,33,0.5187967252640352,-0.6498579446112949
102,1565870400,934,758,-176,1692,33,-0.5168025332390701,0.6363438453675339
102,1565884800,965,782,-183,1747,33,-0.5629757485863423,0.7185053998957982
102,1565899200,1349,968,-381,2317,33,-1.8690181255520422,1.5699978740978102
102,1565913600,655,573,-82,1228,33,0.10323778713858534,-0.05680090556182332
102,1565928000,103,197,94,300,33,1.2641643444414294,-1.4430904074205377
102,1565942400,399,464,65,863,33,1.0728753094313017,-0.6020548583403047
102,1565956800,922,745,-177,1667,33,-0.5233987068601089,0.5989976842183229
102,1565971200,1016,788,-228,1804,33,-0.8598035615330922,0.8036546473159994
102,1565985600,1264,954,-310,2218,33,-1.400689798458281,1.4221070759469345
102,1566000000,688,458,-230,1146,33,-0.87299590877517,-0.1792963141312356
102,1566014400,176,255,79,431,33,1.1652217401258462,-1.2473965229986719
102,1566028800,283,293,10,576,33,0.7100857602741629,-1.0307887883332476
102,1566043200,739,657,-82,1396,33,0.10323778713858534,0.19416529736087498
102,1566057600,1128,924,-204,2052,33,-0.7014953946281589,1.174128565916173
102,1566072000,1153,1039,-114,2192,33,-0.10783976873465906,1.383267068351755
102,1566086400,798,708,-90,1506,33,0.05046839817027424,0.35848840641740365
102,1566100800,176,264,88,440,33,1.2245873027151961,-1.2339519049849559
102,1566115200,215,198,-17,413,33,0.531989072506113,-1.2742857590261039
102,1566129600,689,892,203,1581,33,1.9831472691346679,0.4705268898650368
102,1566144000,1163,703,-460,1866,33,-2.390115841614114,0.8962731269660429
102,1566158400,751,826,75,1577,33,1.1388370456416905,0.464551504081163
102,1566172800,528,544,16,1072,33,0.7496628020003963,-0.2898409511329003
102,1566187200,107,165,58,272,33,1.0267020940840295,-1.484918107907654
102,1566201600,423,474,51,897,33,0.9805288787367573,-0.5512640791773777
102,1566216000,908,766,-142,1674,33,-0.2925326301237479,0.609454609340102
102,1566230400,887,656,-231,1543,33,-0.8795920823962089,0.413760724918236
102,1566244800,1300,941,-359,2241,33,-1.7239023058891865,1.4564655442042087
102,1566259200,524,419,-105,943,34,-0.015574750929437371,-0.531184844854637
102,1566273600,104,134,30,238,34,0.809741489910841,-1.6371818391690878
102,1566288000,428,490,62,918,34,1.0053720062581661,-0.5704045964260714
102,1566302400,899,755,-144,1654,34,-0.25399944272774,0.584224889836958
102,1566316800,949,661,-288,1610,34,-1.1343367662907033,0.5151981270712334
102,1566331200,1390,895,-495,2285,34,-2.3998216689124634,1.574131419499963
102,1566345600,622,485,-137,1107,34,-0.2112052672767626,-0.27390327454602725
102,1566360000,103,171,68,274,34,1.0420527280732896,-1.5807053969062221
102,1566374400,428,461,33,889,34,0.8280818508184028,-0.6158995082489354
102,1566388800,956,738,-218,1694,34,-0.7063950117809296,0.6469764923512531
102,1566403200,869,728,-141,1597,34,-0.23565908182017825,0.49480385625408746
102,1566417600,1271,1001,-270,2272,34,-1.0242946008453329,1.5537371486828169
102,1566432000,734,422,-312,1156,34,-1.2810596535511973,-0.19703256146601578
102,1566446400,91,174,83,265,34,1.1337545326110985,-1.5948245074719387
102,1566460800,385,473,88,858,34,1.164321800790368,-0.6645320001975141
102,1566475200,882,764,-118,1646,34,-0.09504964819553824,0.571674569334099
102,1566489600,956,653,-303,1609,34,-1.2260385708285122,0.513629337008376
102,1566504000,1290,962,-328,2252,34,-1.37887491172486,1.5223613474256694
102,1566518400,618,470,-148,1088,34,-0.27845325727115566,-0.3037102857403174
102,1566532800,96,155,59,251,34,0.9870316453506045,-1.616787568351942
102,1566547200,398,461,63,859,34,1.0114854598940202,-0.6629632101346568
102,1566561600,880,762,-118,1642,34,-0.09504964819553824,0.5653994090826694
102,1566576000,924,737,-187,1661,34,-0.5168779490694583,0.5952064202769596
102,1566590400,1243,910,-333,2153,34,-1.4094421799041295,1.367051131202789
102,1566604800,592,419,-173,1011,34,-0.43128959816750345,-0.4245071205803354
102,1566619200,162,253,91,415,34,1.1826621616979298,-1.3595059980433322
102,1566633600,304,339,35,643,34,0.8403087580901105,-1.0018218637118501
102,1566648000,742,682,-60,1424,34,0.2595306626839887,0.22340317537976126
102,1566662400,1181,893,-288,2074,34,-1.1343367662907033,1.2431167162370562
102,1566676800,1177,1006,-171,2183,34,-0.4190626908957956,1.4141148330885103
102,1566691200,786,749,-37,1535,34,0.40014009630862873,0.3975388723569301
102,1566705600,170,306,136,476,34,1.4577675753113557,-1.263809804209032
102,1566720000,248,167,-81,415,34,0.13114813633105654,-1.3595059980433322
102,1566734400,656,813,157,1469,34,1.586150101664288,0.2939987282083432
102,1566748800,1062,712,-350,1774,34,-1.5133708917136461,0.7724796973798432
102,1566763200,911,779,-132,1690,34,-0.18063799909749303,0.6407013320998235
102,1566777600,459,645,186,1104,34,1.7634402571040515,-0.27860964473459937
102,1566792000,107,173,66,280,34,1.0298258208015818,-1.571292656529078
102,1566806400,408,472,64,880,34,1.017598913529874,-0.6300186188146518
102,1566820800,850,749,-101,1599,34,0.008879063613978283,0.4979414363798022
102,1566835200,843,641,-202,1484,34,-0.6085797536072669,0.31753057915120386
102,1566849600,1367,1083,-284,2450,34,-1.1098829517472877,1.83298177987143
102,1566864000,587,478,-109,1065,35,-0.20436583455354965,-0.11368307326590239
102,1566878400,85,130,45,215,35,0.8980847224876171,-1.4447705496820116
102,1566892800,414,457,43,871,35,0.8837671827857837,-0.4174842149420496
102,1566907200,874,874,0,1748,35,0.575940079196367,0.9558848636661006
102,1566921600,1053,688,-365,1741,35,-2.0370109163882164,0.9449229668014973
102,1566936000,1431,1021,-410,2452,35,-2.359155559679466,2.0583384911919134
102,1566950400,611,550,-61,1161,35,0.13925511829045037,0.03665151230579934
102,1566964800,110,162,52,272,35,0.9481961114440338,-1.3555093894988135
102,1566979200,441,459,18,900,35,0.704797936512867,-0.37207064221726477
102,1566993600,876,791,-85,1667,35,-0.03255535813154963,0.8290400570899772
102,1567008000,958,731,-227,1689,35,-1.0491006769617162,0.8634917329501589
102,1567022400,1426,1010,-416,2436,35,-2.402108178784966,2.033282726929963
102,1567036800,695,466,-229,1161,35,-1.0634182166635495,0.03665151230579934
102,1567051200,86,134,48,220,35,0.9195610320403672,-1.436940623350152
102,1567065600,405,494,89,899,35,1.2130705959279504,-0.37363662748363663
102,1567080000,948,941,-7,1889,35,0.5258286902399504,1.1766887862245374
102,1567094400,984,778,-206,1762,35,-0.8987665100924663,0.9778086573953071
102,1567108800,1428,1028,-400,2456,35,-2.2875678611702996,2.064602432257401
102,1567123200,597,500,-97,1097,35,-0.11846059634254963,-0.06357154474200181
102,1567137600,107,173,66,280,35,1.0484188893568671,-1.3429815073678384
102,1567152000,403,460,57,863,35,0.9839899606986172,-0.4300120970730248
102,1567166400,898,817,-81,1715,35,-0.003920278727882961,0.9042073498758281
102,1567180800,1104,831,-273,1935,35,-1.378404090103883,1.2487241084776446
102,1567195200,946,935,-11,1881,35,0.4971936108362837,1.1641609040935623
102,1567209600,626,436,-190,1062,35,-0.7842261924777997,-0.11838102906501807
102,1567224000,123,186,63,309,35,1.0269425798041172,-1.2975679346430535
102,1567238400,226,232,6,458,35,0.6188926983018671,-1.0642361299536416
102,1567252800,536,526,-10,1062,35,0.5043523806872003,-0.11838102906501807
102,1567267200,834,665,-169,1499,35,-0.6338920256085496,0.5659545323394992
102,1567281600,832,665,-167,1497,35,-0.6195744859067163,0.5628225618067554
102,1567296000,505,360,-145,865,35,-0.46208154918654964,-0.426880126540281
102,1567310400,135,156,21,291,35,0.7262742460656171,-1.3257556694377477
102,1567324800,174,181,7,355,35,0.6260514681527837,-1.2255326123899464
102,1567339200,456,516,60,972,35,1.0054662702513673,-0.25931970303848845
102,1567353600,798,657,-141,1455,35,-0.433446469782883,0.4970511806191359
102,1567368000,637,583,-54,1220,35,0.18936650724686704,0.12904464302174104
102,1567382400,416,303,-113,719,35,-0.2330009139572163,-0.6555139754305774
102,1567396800,98,120,22,218,35,0.7334330159165338,-1.4400725938828958
102,1567411200,156,178,22,334,35,0.7334330159165338,-1.2584183029837561
102,1567425600,373,458,85,831,35,1.184435516524284,-0.48012362559692534
102,1567440000,554,494,-60,1048,35,0.14641388814136705,-0.14030482279422457
102,1567454400,633,576,-57,1209,35,0.16789019769411703,0.11181880509165021
102,1567468800,370,308,-62,678,36,0.09012955856388458,-0.861069777119202
102,1567483200,70,104,34,174,36,0.6092758158918595,-1.5800885164509284
102,1567497600,399,542,143,941,36,1.1987231288996645,-0.4858675381425273
102,1567512000,921,898,-23,1819,36,0.3010327256033744,0.7667087577567898
102,1567526400,978,670,-308,1648,36,-1.2401827258390512,0.5227559711978111
102,1567540800,1453,1042,-411,2495,36,-1.7971833977638578,1.7311069081302959
102,1567555200,593,427,-166,1020,36,-0.472278886874755,-0.3731642040012448
102,1567569600,104,160,56,264,36,0.7282468331961872,-1.4516923129988344
102,1567584000,384,553,169,937,36,1.3393252402593245,-0.49157403607373146
102,1567598400,880,889,9,1769,36,0.47408147804603273,0.6953775336167376
102,1567612800,1023,747,-276,1770,36,-1.067133973396393,0.6968041580995387
102,1567627200,1501,1012,-489,2513,36,-2.2189897318428375,1.7567861488207146
102,1567641600,698,477,-221,1175,36,-0.7697064301355739,-0.1520374091670829
102,1567656000,82,149,67,231,36,0.7877323418483511,-1.498770920931269
102,1567670400,412,701,289,1113,36,1.9882580619192933,-0.24048812710074766
102,1567684800,896,910,14,1806,36,0.5011203456151981,0.7481626394803762
102,1567699200,1042,792,-250,1834,36,-0.9265318620367331,0.7881081249988054
102,1567713600,1383,1099,-284,2482,36,-1.1103961615070574,1.7125607898538824
102,1567728000,527,477,-50,1004,36,0.15502284072988146,-0.3959901957260615
102,1567742400,100,152,52,252,36,0.706615739140855,-1.468811806792447
102,1567756800,482,622,140,1104,36,1.1824998083581653,-0.25332774744595704
102,1567771200,968,898,-70,1866,36,0.04686737045321999,0.8337601084484388
102,1567785600,1080,791,-289,1871,36,-1.137435029076223,0.8408932308624442
102,1567800000,1249,904,-345,2153,36,-1.440270345850875,1.2432013350123388
102,1567814400,524,422,-102,946,36,-0.12618138198943835,-0.4787344157285221
102,1567828800,139,184,45,323,36,0.6687613245440234,-1.3675214685135728
102,1567843200,217,242,25,459,36,0.5606058542673619,-1.1735005388526307
102,1567857600,549,639,90,1188,36,0.9121111326665117,-0.1334912908906693
102,1567872000,891,760,-131,1651,36,-0.28300681389059745,0.5270358446462143
102,1567886400,933,820,-113,1753,36,-0.18566689064160213,0.6725515418919209
102,1567900800,560,523,-37,1083,36,0.2253238964097114,-0.283286861584779
102,1567915200,162,215,53,377,36,0.712023512654688,-1.2904837464423164
102,1567929600,156,226,70,382,36,0.8039556623898503,-1.2833506240283112
102,1567944000,470,585,115,1055,36,1.0473054705123386,-0.32323234710320825
102,1567958400,668,724,56,1392,36,0.7282468331961872,0.15754010360074377
102,1567972800,798,664,-134,1462,36,-0.2992301344320967,0.2574038173968169
102,1567987200,512,347,-165,859,36,-0.4668711133609219,-0.602850745732213
102,1568001600,84,117,33,201,36,0.6038680423780265,-1.5415696554153002
102,1568016000,551,646,95,1197,36,0.9391500002356771,-0.1206516705454599
102,1568030400,1033,945,-88,1978,36,-0.05047255279577532,0.9935420505221558
102,1568044800,1120,804,-316,1924,36,-1.283444913949716,0.9165043284508995
102,1568059200,1603,1074,-529,2677,36,-2.4353006723961603,1.990752564000086
102,1568073600,437,372,-65,809,37,0.10705036702240057,-0.7327376930261579
102,1568088000,85,117,32,202,37,0.612993748982099,-1.5871291468319055
102,1568102400,528,571,43,1099,37,0.6703687716785597,-0.3245440824764597
102,1568116800,967,970,3,1937,37,0.4617323255096119,0.8549946955947372
102,1568131200,1083,697,-386,1780,37,-1.5672571134834057,0.6340071202281764
102,1568145600,1442,1093,-349,2535,37,-1.3742684007771289,1.6967180718317012
102,1568160000,586,462,-124,1048,37,-0.20068839107679745,-0.3963298553662342
102,1568174400,90,116,26,206,37,0.5816982820567569,-1.5814988901346683
102,1568188800,459,716,257,1175,37,1.7865737586824306,-0.2175692052289526
102,1568203200,962,871,-91,1833,37,-0.028563322987415506,0.7086080214665695
102,1568217600,1079,722,-357,1801,37,-1.4159956900109185,0.6635659678886718
102,1568232000,1604,1096,-508,2700,37,-2.2035982742986966,1.9289661605927364
102,1568246400,794,450,-344,1244,37,-1.3481888450060104,-0.1204472772016106
102,1568260800,84,135,51,219,37,0.7120960609123492,-1.5632005558686475
102,1568275200,471,689,218,1160,37,1.5831532236677064,-0.23868266784359216
102,1568289600,971,936,-35,1907,37,0.26352770164911143,0.8127677703654581
102,1568304000,1100,776,-324,1876,37,-1.2438706219215365,0.7691332809618696
102,1568318400,1407,997,-410,2404,37,-1.6924389811847744,1.5123271649971823
102,1568332800,555,492,-63,1047,37,0.11748218933084797,-0.39773741954054354
102,1568347200,111,120,9,231,37,0.49302779243495404,-1.5463097857769357
102,1568361600,514,633,119,1147,37,1.0667780193995606,-0.2569810021096131
102,1568376000,933,835,-98,1768,37,-0.06507470106698138,0.6171163501364648
102,1568390400,1196,760,-436,1956,37,-1.8280526711945906,0.881738414906614
102,1568404800,1155,1080,-75,2235,37,0.054891255480163624,1.2744488195389099
102,1568419200,579,530,-49,1109,37,0.1905049454899797,-0.31046844073336666
102,1568433600,136,164,28,300,37,0.5921301043652043,-1.4491878577495938
102,1568448000,214,277,63,491,37,0.7746869947630336,-1.1803431004565166
102,1568462400,643,752,109,1395,37,1.0146189078573236,0.09209491311909433
102,1568476800,967,809,-158,1776,37,-0.3780293703204031,0.6283768635309392
102,1568491200,862,748,-114,1610,37,-0.1485292795345605,0.39472121059559473
102,1568505600,503,469,-34,972,37,0.26874361280333514,-0.5033047326137413
102,1568520000,159,191,32,350,37,0.612993748982099,-1.3788096490341286
102,1568534400,184,205,21,389,37,0.5556187262856384,-1.3239146462360656
102,1568548800,496,736,240,1232,37,1.6979032690606277,-0.13733804729332225
102,1568563200,824,879,55,1703,37,0.732959705529244,0.52562467880636
102,1568577600,990,759,-231,1749,37,-0.7587908845787329,0.590372630824588
102,1568592000,494,398,-96,892,37,-0.054642878758533985,-0.6159098665584857
102,1568606400,84,103,19,187,37,0.545186903977191,-1.6082426094465452
102,1568620800,525,650,125,1175,37,1.0980734863249026,-0.2175692052289526
102,1568635200,949,904,-45,1853,37,0.2113685901068745,0.7367593049527557
102,1568649600,954,726,-228,1680,37,-0.7431431511160618,0.49325070279724603
102,1568664000,1541,1119,-422,2660,37,-1.7550299150354587,1.8726635936203642
102,1568678400,545,371,-174,916,38,-0.3167211576490401,-0.5951845124463302
102,1568692800,79,110,31,189,38,0.700425118873987,-1.5621099661859548
102,1568707200,514,645,131,1159,38,1.1965940342510732,-0.2719893470285464
102,1568721600,936,926,-10,1862,38,0.49699586356938147,0.6630155965463589
102,1568736000,1019,682,-337,1701,38,-1.1254764897136906,0.44888217419136633
102,1568750400,1640,1026,-614,2666,38,-2.4998643853082196,1.732352687064458
102,1568764800,719,520,-199,1239,38,-0.44076338649331165,-0.1655876464794818
102,1568779200,108,140,32,248,38,0.7053868080277578,-1.4836387120310197
102,1568793600,502,683,181,1185,38,1.4446784919396163,-0.2374087943501004
102,1568808000,976,1149,173,2125,38,1.4049849787094495,1.0128111871014087
102,1568822400,1246,936,-310,2182,38,-0.9915108825618774,1.0886223987426173
102,1568836800,1659,1184,-475,2843,38,-1.8101895929340697,1.9677664495292635
102,1568851200,783,540,-243,1323,38,-0.6590777092592295,-0.053865860902963955
102,1568865600,105,131,26,236,38,0.6756166731051326,-1.4995989671133794
102,1568880000,480,601,121,1081,38,1.1469771427133646,-0.3757310050638844
102,1568894400,1047,1010,-37,2057,38,0.36303025641756814,0.9223697416347039
102,1568908800,1062,803,-259,1865,38,-0.7384647357195633,0.6670056603169487
102,1568923200,1598,1027,-571,2625,38,-2.2865117516960725,1.6778218155330624
102,1568937600,685,539,-146,1224,38,-0.1777938613434559,-0.18553796533243141
102,1568952000,90,97,7,187,38,0.5813445791834861,-1.5647700086996814
102,1568966400,472,602,130,1074,38,1.1916323450973023,-0.38504115386192755
102,1568980800,949,848,-101,1797,38,0.045482150576232935,0.5765642148502439
102,1568995200,1149,856,-293,2005,38,-0.9071621669477726,0.8532086362778118
102,1569009600,1450,1044,-406,2494,38,-1.4678330413238803,1.5035890308839692
102,1569024000,696,516,-180,1212,38,-0.3464912925716652,-0.2014982204147911
102,1569038400,140,172,32,312,38,0.7053868080277578,-1.398517351591768
102,1569052800,238,237,-1,475,38,0.5416510659533192,-1.1817238867230488
102,1569067200,603,698,95,1301,38,1.0179732247153221,-0.08312632855395673
102,1569081600,931,857,-74,1788,38,0.17944775772804622,0.5645940235384741
102,1569096000,957,855,-102,1812,38,0.04052046142246207,0.5965145337031934
102,1569110400,555,462,-93,1017,38,0.08517566380639983,-0.4608523655031361
102,1569124800,157,191,34,348,38,0.7153101863352995,-1.350636586344689
102,1569139200,176,187,11,363,38,0.6011913357985695,-1.3306862674917392
102,1569153600,495,617,122,1112,38,1.1519388318671353,-0.33450034610112184
102,1569168000,807,709,-98,1516,38,0.06036721803754552,0.20282824167165442
102,1569182400,861,624,-237,1485,38,-0.6293075743366044,0.16159758270889188
102,1569196800,392,401,9,793,38,0.5912679574910279,-0.758777127040517
102,1569211200,77,131,54,208,38,0.8145439694107167,-1.536839562305552
102,1569225600,531,578,47,1109,38,0.7798121453343207,-0.3384904098717118
102,1569240000,930,825,-105,1755,38,0.025635393961149482,0.5207033220619849
102,1569254400,1050,643,-407,1693,38,-1.472794730477651,0.43824200413645986
102,1569268800,1538,1147,-391,2685,38,-1.3934077040173172,1.757623090944861
102,1569283200,641,394,-247,1035,39,-0.886407158093214,-0.36281732181607945
102,1569297600,70,106,36,176,39,0.7450322164958139,-1.5716946155435003
102,1569312000,470,619,149,1089,39,1.3964550056426694,-0.2868227073093499
102,1569326400,969,942,-27,1911,39,0.3818495995378324,0.8699842024042007
102,1569340800,1034,690,-344,1724,39,-1.44559309213963,0.6068176669827482
102,1569355200,1600,1155,-445,2755,39,-2.027838239961156,2.0577518809908635
102,1569369600,599,444,-155,1043,39,-0.35604524126568554,-0.3515588604076751
102,1569384000,86,119,33,205,39,0.7277378061644815,-1.5308826929380344
102,1569398400,509,641,132,1150,39,1.2984533470984523,-0.20097693907026642
102,1569412800,993,896,-97,1889,39,-0.02168664152659147,0.8390234335310887
102,1569427200,1059,734,-325,1793,39,-1.3360618267078577,0.7039218966302361
102,1569441600,1498,1099,-399,2597,39,-1.7626572815473915,1.8353972681748767
102,1569456000,570,554,-16,1124,39,0.4452624374193847,-0.2375669386475807
102,1569470400,96,139,43,235,39,0.7853858406022562,-1.488663462656518
102,1569484800,503,630,127,1133,39,1.269629329879565,-0.22490116956312575
102,1569499200,1054,928,-126,1982,39,-0.1888659413961385,0.9699030474037896
102,1569513600,1039,710,-329,1749,39,-1.3591210404829677,0.6420003588840119
102,1569528000,1517,1163,-354,2680,39,-1.5032411265774048,1.9522038052870723
102,1569542400,556,437,-119,993,39,-0.1485123172896961,-0.4219242442102025
102,1569556800,88,126,38,214,39,0.7565618233833689,-1.5182169238535794
102,1569571200,502,603,101,1105,39,1.1197444403413503,-0.2643057844925411
102,1569585600,1019,824,-195,1843,39,-0.5866373790167849,0.7742872804327634
102,1569600000,1179,762,-417,1941,39,-1.8664237435353863,0.9122034326857171
102,1569614400,1397,1081,-316,2478,39,-1.2841785957138605,1.6679276547248616
102,1569628800,661,484,-177,1145,39,-0.48287091702879015,-0.20801347745051918
102,1569643200,140,205,65,345,39,0.9122115163653609,-1.3338596182909577
102,1569657600,230,284,54,514,39,0.8487986784838086,-1.096024621038415
102,1569672000,567,652,85,1219,39,1.0275075852409106,-0.10387270942277861
102,1569686400,790,740,-50,1530,39,0.24925912033095027,0.3337999778289419
102,1569700800,878,733,-145,1611,39,-0.2983972068279107,0.44779189958903626
102,1569715200,592,415,-177,1007,39,-0.48287091702879015,-0.40222193674549483
102,1569729600,142,204,62,346,39,0.8949171060340284,-1.332452310614907
102,1569744000,193,165,-28,358,39,0.37608479609405493,-1.3155646185023007
102,1569758400,471,664,193,1135,39,1.6501063571688788,-0.22208655421102466
102,1569772800,836,702,-134,1538,39,-0.23498436894635838,0.34505843923734625
102,1569787200,736,735,-1,1471,39,0.5317344890760469,0.2507688249419595
102,1569801600,442,419,-23,861,39,0.4049088133129423,-0.6076888574488749
102,1569816000,72,106,34,178,39,0.7335026096082589,-1.5688800001913992
102,1569830400,382,432,50,814,39,0.8257394647086986,-0.6738323182232506
102,1569844800,851,719,-132,1570,39,-0.2234547620588034,0.3900922848709638
102,1569859200,778,789,11,1567,39,0.6009121304013768,0.38587036184281215
102,1569873600,1298,947,-351,2245,39,-1.4859467162460724,1.3400249662050838
102,1569888000,522,372,-150,894,40,-0.15114243097995742,-0.5851122696172446
102,1569902400,69,111,42,180,40,0.9508580784435299,-1.5683212095075243
102,1569916800,420,487,67,907,40,1.0943477281080465,-0.567210706285909
102,1569931200,839,793,-46,1632,40,0.4457745116244315,0.431145710269347
102,1569945600,842,731,-111,1573,40,0.07270142249668841,0.3499001536117468
102,1569960000,1333,975,-358,2308,40,-1.3449763161887351,1.3620270034987996
102,1569974400,604,436,-168,1040,40,-0.25445497873840933,-0.38406394297301377
102,1569988800,107,109,2,216,40,0.7212746389803033,-1.5187476495130565
102,1570003200,527,603,76,1130,40,1.1460040019872724,-0.26013004298684406
102,1570017600,971,925,-46,1896,40,0.4457745116244315,0.7946851502287782
102,1570032000,1075,727,-348,1802,40,-1.2875804563229285,0.6652430769098898
102,1570046400,1520,1072,-448,2592,40,-1.8615390549809947,1.753107310121824
102,1570060800,729,393,-336,1122,40,-1.2187054244839606,-0.2711463896522814
102,1570075200,89,127,38,216,40,0.9278997344972072,-1.5187476495130565
102,1570089600,478,565,87,1043,40,1.2091394478396598,-0.3799328129734748
102,1570104000,970,851,-119,1821,40,0.02678473460404312,0.6914069002403034
102,1570118400,976,859,-117,1835,40,0.038263906577204444,0.7106855069048187
102,1570132800,1401,983,-418,2384,40,-1.689351475383575,1.4666822968204538
102,1570147200,599,423,-176,1022,40,-0.30037166663105463,-0.4088507229702477
102,1570161600,94,122,28,216,40,0.8705038746314006,-1.5187476495130565
102,1570176000,491,589,98,1080,40,1.272274893692047,-0.32898220964582725
102,1570190400,999,858,-141,1857,40,-0.09948615710073146,0.7409804602347713
102,1570204800,1283,880,-403,2163,40,-1.603257685584865,1.1623557201877484
102,1570219200,1527,1178,-349,2705,40,-1.2933200423095093,1.9087132067711259
102,1570233600,700,512,-188,1212,40,-0.3692466984700226,-0.14721248966611167
102,1570248000,133,186,53,319,40,1.0139935242959173,-1.3769121861955511
102,1570262400,274,260,-14,534,40,0.6294412631950127,-1.0808478695619235
102,1570276800,699,717,18,1416,40,0.813108014765594,0.13370435030253966
102,1570291200,1000,789,-211,1789,40,-0.5012571761613779,0.6473415135785542
102,1570305600,1008,858,-150,1866,40,-0.15114243097995742,0.7533738502333882
102,1570320000,644,514,-130,1158,40,-0.03635071124834417,-0.2215728296578135
102,1570334400,163,198,35,361,40,0.9106809765374653,-1.3190763662020053
102,1570348800,174,196,22,370,40,0.8360663587119166,-1.3066829762033882
102,1570363200,644,533,-111,1177,40,0.07270142249668841,-0.19540900632739988
102,1570377600,849,732,-117,1581,40,0.038263906577204444,0.36091650027718414
102,1570392000,936,708,-228,1644,40,-0.5988301379332491,0.44767023026750297
102,1570406400,341,378,37,719,40,0.9221601485106266,-0.8260948529236858
102,1570420800,72,98,26,170,40,0.8590247026582393,-1.582091642839321
102,1570435200,489,556,67,1045,40,1.0943477281080465,-0.37717872630711546
102,1570449600,944,876,-68,1820,40,0.3195036199196569,0.6900298569071237
102,1570464000,1043,752,-291,1795,40,-0.9604240550878308,0.6556037735776321
102,1570478400,1716,1068,-648,2784,40,-3.0094562522971278,2.017499630092319
102,1570492800,600,442,-158,1042,41,-0.37356345131355617,-0.29303839137667914
102,1570507200,99,111,12,210,41,0.8177018646215894,-1.5365033031273374
102,1570521600,479,601,122,1080,41,1.588520598461978,-0.23624552281114428
102,1570536000,979,769,-210,1748,41,-0.7379504891290124,0.7621133246040477
102,1570550400,1001,802,-199,1803,41,-0.6608686157449736,0.8443135291067956
102,1570564800,1456,1039,-417,2495,41,-2.188491197355925,1.8785415566686412
102,1570579200,656,510,-146,1166,41,-0.2894741348946047,-0.1077142939523022
102,1570593600,149,141,-8,290,41,0.677553003923337,-1.4169393693051588
102,1570608000,396,429,33,825,41,0.9648581683547546,-0.6173555618693388
102,1570622400,895,704,-191,1599,41,-0.6048090714656726,0.53942549786024
102,1570636800,814,729,-85,1543,41,0.13797989023506518,0.4557307441847149
102,1570651200,1324,998,-326,2322,41,-1.5508138811788763,1.6199845497781797
102,1570665600,634,462,-172,1096,41,-0.47166765380233283,-0.21233273604670855
102,1570680000,111,131,20,242,41,0.8737614089008904,-1.488677729598466
102,1570694400,519,571,52,1090,41,1.0979995860180944,-0.22130003108337193
102,1570708800,1053,884,-169,1937,41,-0.450645324697595,1.044583118258945
102,1570723200,1066,783,-283,1849,41,-1.2494938306776338,0.9130627910545484
102,1570737600,1627,1089,-538,2716,41,-3.036391804580352,2.20883692385241
102,1570752000,629,527,-102,1156,41,0.01885335864155062,-0.12265978568007453
102,1570766400,113,159,46,272,41,1.0559549278086187,-1.4438412544151489
102,1570780800,488,548,60,1036,41,1.1540591302973953,-0.3020056864133426
102,1570795200,1031,927,-104,1958,41,0.004838472571725376,1.0759686508872668
102,1570809600,1119,734,-385,1853,41,-1.964253020238721,0.9190409877456572
102,1570824000,1323,1136,-187,2459,41,-0.5767792993260221,1.8247377864486607
102,1570838400,627,457,-170,1084,41,-0.4576527677325076,-0.23026732612003534
102,1570852800,129,179,50,308,41,1.0839846999482692,-1.3900374841951686
102,1570867200,215,234,19,449,41,0.8667539658659777,-1.1793060508335786
102,1570881600,601,596,-5,1197,41,0.6985753330280748,-0.06138326959620795
102,1570896000,743,765,22,1508,41,0.8877762949707156,0.4034215231375117
102,1570910400,826,703,-123,1529,41,-0.1283029450916144,0.43480705576583356
102,1570924800,506,400,-106,906,41,-0.009176413498099865,-0.4962970788743829
102,1570939200,112,185,73,297,41,1.2451558897512593,-1.4064775250957182
102,1570953600,181,188,7,369,41,0.7826646494470263,-1.2988699846557574
102,1570968000,543,507,-36,1050,41,0.4813445989457836,-0.28108199799446126
102,1570982400,850,657,-193,1507,41,-0.6188239575354979,0.4019269739647344
102,1570996800,788,599,-189,1387,41,-0.5907941853958474,0.22258107323146642
102,1571011200,443,364,-79,807,41,0.1800245484445409,-0.6442574469793291
102,1571025600,111,103,-8,214,41,0.677553003923337,-1.5305251064362284
102,1571040000,358,395,37,753,41,0.992887940494405,-0.7249631023092996
102,1571054400,708,680,-28,1388,41,0.5374041432250846,0.22407562240424364
102,1571068800,833,702,-131,1535,41,-0.1843624893709154,0.443774350802497
102,1571083200,1063,861,-202,1924,41,-0.6818909448497115,1.0251539790128408
102,1571097600,477,336,-141,813,42,-0.11594620606783601,-0.6876302863491491
102,1571112000,72,106,34,178,42,0.8819514691061628,-1.5532537989013917
102,1571126400,485,558,73,1043,42,1.1043400938592254,-0.37409736054282505
102,1571140800,963,978,15,1941,42,0.7736082929444144,0.8500442367357793
102,1571155200,1038,722,-316,1760,42,-1.1138438812418348,0.6033074559925418
102,1571169600,1455,1067,-388,2522,42,-1.5244074961705656,1.6420556710552328
102,1571184000,682,462,-220,1144,42,-0.5664257280035269,-0.23641551051483056
102,1571198400,89,142,53,231,42,0.9902946452679112,-1.481004907302543
102,1571212800,525,480,-45,1005,42,0.4314719471704719,-0.42589845263256554
102,1571227200,1003,969,-34,1972,42,0.49419694389569463,0.8923030223879361
102,1571241600,1091,725,-366,1816,42,-1.39895750272012,0.679645907493212
102,1571256000,1363,976,-387,2339,42,-1.518705223741,1.392592517044114
102,1571270400,583,331,-252,914,42,-0.7488984457496294,-0.5499484363211546
102,1571284800,70,116,46,186,42,0.9503787382609513,-1.5423483058298673
102,1571299200,500,594,94,1094,42,1.2240878148801053,-0.30457484221185754
102,1571313600,1027,982,-45,2009,42,0.4314719471704719,0.9427409278437361
102,1571328000,1155,786,-369,1941,42,-1.4160643200088172,0.8500442367357793
102,1571342400,1678,1242,-436,2920,42,-1.7981165727897195,2.1846039513635676
102,1571356800,666,454,-212,1120,42,-0.5208075485670012,-0.2691319897294035
102,1571371200,99,198,99,297,42,1.2525991770279337,-1.3910345894624674
102,1571385600,425,607,182,1032,42,1.7258877886818875,-0.38909241351617097
102,1571400000,1018,806,-212,1824,42,-0.5208075485670012,0.6905514005647363
102,1571414400,1114,789,-325,1903,42,-1.165164333107926,0.7982431446460388
102,1571428800,1431,1068,-363,2499,42,-1.381850685431423,1.6107023784746004
102,1571443200,687,537,-150,1224,42,-0.1672666579339274,-0.1273605797995874
102,1571457600,118,149,31,267,42,0.8648446518174657,-1.4319301884806837
102,1571472000,236,269,33,505,42,0.8762491966765971,-1.1074917696028352
102,1571486400,666,653,-13,1319,42,0.6139446649165745,0.0021421504247638376
102,1571500800,898,828,-70,1726,42,0.2889151364313292,0.5569591104385634
102,1571515200,972,790,-182,1762,42,-0.34973937568003,0.6060338292604228
102,1571529600,630,424,-206,1054,42,-0.486593913989607,-0.3591023075694791
102,1571544000,136,185,49,321,42,0.9674855555496484,-1.3583181102478945
102,1571558400,188,218,30,406,42,0.8591423793879,-1.2424472463629486
102,1571572800,536,666,130,1202,42,1.4293696223444707,-0.15735068574627928
102,1571587200,877,733,-144,1610,42,-0.13305302335653313,0.3988294609014608
102,1571601600,687,547,-140,1234,42,-0.11024393363827031,-0.11372871346018201
102,1571616000,441,332,-109,773,42,0.0665265116782666,-0.7421577517067707
102,1571630400,87,118,31,205,42,0.8648446518174657,-1.516447759784997
102,1571644800,489,579,90,1068,42,1.2012787251618424,-0.34001769469431153
102,1571659200,981,821,-160,1802,42,-0.22428938222958444,0.6605612946180444
102,1571673600,1039,698,-341,1737,42,-1.2564006919809774,0.5719541634119093
102,1571688000,1523,1091,-432,2614,42,-1.7753074830714568,1.7674688413777624
102,1571702400,623,424,-199,1047,43,-0.45554030524394623,-0.36289291834218346
102,1571716800,88,107,19,195,43,0.7590569675614037,-1.4842884442451791
102,1571731200,454,635,181,1089,43,1.6616476014809756,-0.3076128572061203
102,1571745600,1006,806,-200,1812,43,-0.46111185236690655,0.6439939094932527
102,1571760000,1013,690,-323,1703,43,-1.146412148491026,0.5005289889258507
102,1571774400,1515,998,-517,2513,43,-2.227292290345328,1.5666444536927833
102,1571788800,608,414,-194,1022,43,-0.4276825696291446,-0.39579771663745916
102,1571803200,71,107,36,178,43,0.8537732686517292,-1.5066637070859665
102,1571817600,519,578,59,1097,43,0.9819188524798166,-0.29708332175163205
102,1571832000,1006,919,-87,1925,43,0.1684729725276097,0.7927235977878989
102,1571846400,1154,828,-326,1982,43,-1.163126789859907,0.8677465379011275
102,1571860800,1604,1207,-397,2811,43,-1.5587066355900896,1.9588696493724695
102,1571875200,711,451,-260,1162,43,-0.7954046797445258,-0.21153084618391527
102,1571889600,90,130,40,220,43,0.8760594571435705,-1.4513836459499034
102,1571904000,474,593,119,1067,43,1.3162116798574357,-0.3365690797059629
102,1571918400,1079,900,-179,1979,43,-0.3441093627847398,0.8637979621056945
102,1571932800,1126,782,-344,1908,43,-1.2634146380731928,0.7703483349471114
102,1571947200,1623,1072,-551,2695,43,-2.416724892525979,1.8061913852823903
102,1571961600,610,492,-118,1102,43,-0.004244988284160229,-0.29050236209257696
102,1571976000,89,124,35,213,43,0.8482017215287688,-1.4605969894725805
102,1571990400,491,555,64,1046,43,1.0097765880946181,-0.3642091102739945
102,1572004800,952,836,-116,1788,43,0.0068981059617604125,0.6124053031297881
102,1572019200,1053,775,-278,1828,43,-0.8956925279578115,0.6650529804022293
102,1572033600,1465,1241,-224,2706,43,-0.5948289833179542,1.8206694965323116
102,1572048000,676,494,-182,1170,43,-0.36082400415362076,-0.20100131072942704
102,1572062400,125,213,88,338,43,1.1434937190456658,-1.2960729979962022
102,1572076800,228,282,54,510,43,0.9540611168650149,-1.0696879857247055
102,1572091200,611,647,36,1258,43,0.8537732686517292,-0.0851764207300566
102,1572105600,919,806,-113,1725,43,0.023612747330641375,0.5294852114256934
102,1572120000,1104,839,-265,1943,43,-0.8232624153593274,0.8164150525604974
102,1572134400,614,441,-173,1055,43,-0.3106800800469779,-0.35236338288769525
102,1572148800,153,210,57,363,43,0.970775758233896,-1.2631681997009265
102,1572163200,149,185,36,334,43,0.8537732686517292,-1.3013377657234462
102,1572177600,410,502,92,912,43,1.165779907537507,-0.5405788291366722
102,1572192000,633,542,-91,1175,43,0.14618678403576843,-0.1944203510703719
102,1572206400,748,530,-218,1278,43,-0.5613997005801923,-0.058852582093836044
102,1572220800,348,328,-20,676,43,0.5417666297659512,-0.8512001250440747
102,1572235200,68,106,38,174,43,0.8649163628976498,-1.5119284748132107
102,1572249600,499,570,71,1069,43,1.0487774179553404,-0.33393669584234087
102,1572264000,909,964,55,1873,43,0.9596326639879752,0.7242816173337255
102,1572278400,1068,757,-311,1825,43,-1.079553583015502,0.6611044046067962
102,1572292800,1553,1235,-318,2788,43,-1.1185544128762244,1.928597234940816
102,1572307200,668,446,-222,1114,44,-0.45587842046088617,-0.3279230075739028
102,1572321600,385,413,28,798,44,0.8120887257110482,-0.7425333943715385
102,1572336000,522,584,62,1106,44,0.9845322575904313,-0.33841947306245057
102,1572350400,977,992,15,1969,44,0.7461544341101076,0.7938867415146369
102,1572364800,1113,754,-359,1867,44,-1.1507244165631063,0.6600568065356532
102,1572379200,1624,1132,-492,2756,44,-1.8252829383265754,1.826476533950521
102,1572393600,638,449,-189,1087,44,-0.28850675716619084,-0.36334857859775144
102,1572408000,90,101,11,191,44,0.7258669597713567,-1.5389527133150984
102,1572422400,460,598,138,1058,44,1.3699942700266992,-0.401398265993737
102,1572436800,1007,1004,-3,2011,44,0.6548607995857284,0.8489931853295125
102,1572451200,1187,890,-297,2077,44,-0.8362685643124665,0.9355890256100314
102,1572465600,1868,1204,-664,3072,44,-2.6976443348928663,2.2410869207481565
102,1572480000,752,445,-307,1197,44,-0.8869872501593439,-0.21902217813022
102,1572494400,105,127,22,232,44,0.7816575142029218,-1.4851583276862912
102,1572508800,530,509,-21,1039,44,0.5635671650613491,-0.4263273715290379
102,1572523200,928,916,-12,1844,44,0.6092139823235387,0.6298794682560784
102,1572537600,1132,782,-350,1914,44,-1.1050775993009165,0.7217235412808712
102,1572552000,1438,1004,-434,2442,44,-1.5311145604146867,1.414490263525022
102,1572566400,523,456,-67,979,44,0.33026121016571314,-0.5050508626931459
102,1572580800,102,171,69,273,44,1.0200353376832454,-1.431363942057484
102,1572595200,495,497,2,992,44,0.6802201425091671,-0.4879941062742559
102,1572609600,999,905,-94,1904,44,0.19332075837914425,0.7086029594201865
102,1572624000,1227,852,-375,2079,44,-1.23187431391811,0.9382131419821683
102,1572638400,1567,1088,-479,2655,44,-1.759348646725635,1.6939586571576055
102,1572652800,654,536,-118,1190,44,0.07159591234663853,-0.22820658543269928
102,1572667200,159,172,13,331,44,0.7360106969407322,-1.3552645672655128
102,1572681600,213,249,36,462,44,0.8526636743885502,-1.1833849448905436
102,1572696000,599,718,119,1317,44,1.2736287669176323,-0.061575195802003914
102,1572710400,930,767,-163,1697,44,-0.15663817396430965,0.4370069149040137
102,1572724800,1004,819,-185,1823,44,-0.2682192828274399,0.6023262463486406
102,1572739200,570,443,-127,1013,44,0.0259490950844489,-0.460440884366818
102,1572750000,136,178,42,314,44,0.8830948858966765,-1.3775695564286767
102,1572764400,142,125,-17,267,44,0.5838546394001001,-1.4392362911738947
102,1572778800,452,566,114,1018,44,1.2482694239941936,-0.4538805934364757
102,1572793200,781,766,-15,1547,44,0.5939983765694755,0.24019818699374362
102,1572807600,918,655,-263,1573,44,-0.6638250324330834,0.27431169983152376
102,1572822000,479,420,-59,899,44,0.3708361588432151,-0.6100155175786234
102,1572836400,126,141,15,267,44,0.7461544341101076,-1.4392362911738947
102,1572850800,259,257,-2,516,44,0.6599326681704161,-1.1125338028428464
102,1572865200,1148,1016,-132,2164,44,0.0005897521610102121,1.049738087797988
102,1572879600,906,767,-139,1673,44,-0.034913327931803954,0.40551751843837053
102,1572894000,1644,1051,-593,2695,44,-2.337541665380037,1.7464409846003444
102,1572908400,708,519,-189,1227,44,-0.28850675716619084,-0.179660432548166
102,1572922800,140,149,9,289,45,0.8138383398516028,-1.1745172050764259
102,1572937200,220,254,34,474,45,0.974615434271957,-0.9400061249416751
102,1572951600,1028,946,-82,1974,45,0.22860971616151327,0.9614350653400886
102,1572966000,940,676,-264,1616,45,-0.9418475312186658,0.507624434592841
102,1572980400,1572,1017,-555,2589,45,-2.8132929102715893,1.7410259533556118
102,1572994800,767,546,-221,1313,45,-0.6653109288156565,0.12353331415592476
102,1573009200,147,152,5,299,45,0.7881140047443461,-1.1618409304745476
102,1573023600,236,294,58,530,45,1.128961444915497,-0.8690189871711559
102,1573038000,1192,1131,-61,2323,45,0.36366247547461084,1.4038370489456458
102,1573052400,900,671,-229,1571,45,-0.7167595990301697,0.45058119888438813
102,1573066800,1665,1153,-512,2818,45,-2.53675630786858,2.031312641738628
102,1573081200,601,478,-123,1079,45,-0.035064718687867716,-0.17309151152803037
102,1573095600,16,5,-11,21,45,0.6852166643153194,-1.5142413644067678
102,1573110000,205,255,50,460,45,1.0775127747009836,-0.9577529093843049
102,1573124400,1203,1075,-128,2278,45,-0.06722013757193857,1.3467938132371928
102,1573138800,931,706,-225,1637,45,-0.691035263922913,0.5342446112567857
102,1573153200,1601,1206,-395,2807,45,-1.7843195059813222,2.0173687396765616
102,1573167600,765,414,-351,1179,45,-1.5013518198014986,-0.04632876550924613
102,1573182000,2,3,1,5,45,0.7623896696370894,-1.5345234037697733
102,1573196400,202,246,44,448,45,1.0389262720400987,-0.972964438906559
102,1573210800,1085,896,-189,1981,45,-0.45951624795760293,0.9703084575614035
102,1573225200,950,708,-242,1658,45,-0.800363688128754,0.5608647879207305
102,1573239600,1268,1038,-230,2306,45,-0.723190682806984,1.3822873821224524
102,1573254000,611,511,-100,1122,45,0.1128502081788582,-0.11858353073995316
102,1573268400,148,181,33,329,45,0.9681843504951427,-1.1238121066689122
102,1573282800,113,158,45,271,45,1.0453573558169127,-1.1973344993598072
102,1573297200,535,589,54,1124,45,1.1032371098082403,-0.11604827581957747
102,1573311600,821,662,-159,1483,45,-0.26658373465317786,0.339029982387858
102,1573326000,973,803,-170,1776,45,-0.3373256561981337,0.7104448282228958
102,1573340400,592,473,-119,1065,45,-0.009340383580611036,-0.19083829597066018
102,1573354800,179,243,64,422,45,1.167547947576382,-1.005922752871443
102,1573369200,112,116,4,228,45,0.7816829209675319,-1.2518424801478842
102,1573383600,406,502,96,908,45,1.3733426284344354,-0.38985580722015145
102,1573398000,756,602,-154,1358,45,-0.234428315769107,0.18057654986437768
102,1573412400,874,716,-158,1590,45,-0.2601526508763637,0.4746661206279571
102,1573426800,457,395,-62,852,45,0.35723139169779666,-0.46084294499067063
102,1573441200,107,133,26,240,45,0.9231667640574436,-1.2366309506256303
102,1573455600,174,232,58,406,45,1.128961444915497,-1.0262047922344484
102,1573470000,945,662,-283,1607,45,-1.064038122978135,0.49621578745115047
102,1573484400,787,683,-104,1470,45,0.08712587307160152,0.322550825405416
102,1573498800,1227,982,-245,2209,45,-0.8196569394591965,1.2593275184842316
102,1573513200,542,396,-146,938,45,-0.18297964555459365,-0.3518269834145162
102,1573527600,2,32,30,34,46,0.9037376624648416,-1.424847460380731
102,1573542000,106,249,143,355,46,1.58487772059699,-1.0348088122141352
102,1573556400,1106,1046,-60,2152,46,0.3612367312091482,1.1486785733166216
102,1573570800,893,683,-210,1576,46,-0.5429314875503407,0.4487961392232906
102,1573585200,1615,1102,-513,2717,46,-2.369351289444508,1.8351951970366427
102,1573599600,637,431,-206,1068,46,-0.5188203350500876,-0.1684612852895778
102,1573614000,1,29,28,30,46,0.891682086214715,-1.4297077550619348
102,1573628400,190,204,14,394,46,0.8072930524638294,-0.9874209390723993
102,1573642800,1107,941,-166,2048,46,-0.27770881004755726,1.0223109116053257
102,1573657200,953,643,-310,1596,46,-1.1457103000566664,0.47309761262930905
102,1573671600,1579,1014,-565,2593,46,-2.6827962719477974,1.6845260619193283
102,1573686000,589,487,-102,1076,46,0.1080696299564913,-0.1587406959271704
102,1573700400,1,33,32,34,46,0.9157932387149681,-1.424847460380731
102,1573714800,207,222,15,429,46,0.8133208405888926,-0.9448933606118669
102,1573729200,1123,996,-127,2119,46,-0.04262507317009018,1.1085811421966913
102,1573743600,959,773,-186,1732,46,-0.39826457254882247,0.6383476317902345
102,1573758000,1450,1121,-329,2571,46,-1.2602382744328684,1.657794441172708
102,1573772400,634,499,-135,1133,46,-0.09084737817059625,-0.08948149672001786
102,1573786800,2,3,1,5,46,0.728931806838007,-1.4600845968194578
102,1573801200,170,182,12,352,46,0.7952374762137029,-1.038454033225038
102,1573815600,1086,902,-184,1988,46,-0.38620899629869593,0.9494064913872705
102,1573830000,1029,655,-374,1684,46,-1.5314887400607151,0.5800240956157902
102,1573844400,1449,1147,-302,2596,46,-1.0974879950561605,1.688171282930231
102,1573858800,707,561,-146,1268,46,-0.15715304754629209,0.07455344877060661
102,1573873200,133,228,95,361,46,1.2955438905939534,-1.0275183701923296
102,1573887600,113,139,26,252,46,0.8796265099645886,-1.1599614002551302
102,1573902000,482,598,116,1080,46,1.4221274412202818,-0.15388040124596672
102,1573916400,847,755,-92,1602,46,0.16834751120712388,0.48038805465111456
102,1573930800,1029,846,-183,1875,46,-0.38018120817363266,0.8121031666432663
102,1573945200,586,455,-131,1041,46,-0.06673622567034321,-0.20126827438770267
102,1573959600,171,237,66,408,46,1.120738034967119,-0.9704099076881864
102,1573974000,70,110,40,180,46,0.9640155437154742,-1.2474467045167965
102,1573988400,431,426,-5,857,46,0.6927650780876274,-0.42484182972307233
102,1574002800,738,676,-62,1414,46,0.34918115495902163,0.2519542046345412
102,1574017200,859,666,-193,1525,46,-0.44045908942426526,0.3868273820379436
102,1574031600,463,320,-143,783,46,-0.13906968317110233,-0.5147572813253406
102,1574046000,101,119,18,220,46,0.8314042049640825,-1.1988437577047597
102,1574060400,199,260,61,459,46,1.0905990943418027,-0.9084411505028392
102,1574074800,1071,925,-146,1996,46,-0.15715304754629209,0.9591270807496778
102,1574089200,938,686,-252,1624,46,-0.7960985888029974,0.5071196753977348
102,1574103600,1439,991,-448,2430,46,-1.9775450613153962,1.486469053660278
102,1574118000,593,429,-164,1022,46,-0.2656532337974308,-0.2243546741234202
102,1574132400,1,30,29,31,47,0.992712617303851,-1.4438604728503521
102,1574146800,202,230,28,432,47,0.9868926940868268,-0.9815506233494846
102,1574161200,1045,1055,10,2100,47,0.8821340761803902,0.9414738877912812
102,1574175600,907,719,-188,1626,47,-0.27021072079041164,0.3950028936181858
102,1574190000,1524,1102,-422,2626,47,-1.6320727535740867,1.547895286388429
102,1574204400,720,440,-280,1160,47,-0.8056436567566427,-0.14224496141274753
102,1574218800,1,7,6,8,47,0.8588543833122932,-1.4703769978840677
102,1574233200,183,222,39,405,47,1.0509118494740934,-1.012678717954281
102,1574247600,1180,1054,-126,2234,47,0.090624518665092,1.0959614684224936
102,1574262000,942,648,-294,1590,47,-0.8871225817949823,0.35349876747845704
102,1574276400,1525,1195,-330,2720,47,-1.0966398176078553,1.656267171308832
102,1574290800,622,459,-163,1081,47,-0.12471264036480532,-0.23332346044159674
102,1574305200,1,2,1,3,47,0.829754767227172,-1.476141459847919
102,1574319600,205,213,8,418,47,0.8704942297463417,-0.9976911168482681
102,1574334000,1099,1054,-45,2153,47,0.5620382992440563,1.002577184608104
102,1574348400,985,670,-315,1655,47,-1.0093409693524915,0.4284367730085229
102,1574362800,1641,1141,-500,2782,47,-2.086026764501978,1.7277464996605871
102,1574377200,660,467,-193,1127,47,-0.2993103368755329,-0.18029041037416557
102,1574391600,0,5,5,5,47,0.853034460095269,-1.4738356750623784
102,1574406000,206,200,-6,406,47,0.7890153047080022,-1.011525825561511
102,1574420400,1088,900,-188,1988,47,-0.27021072079041164,0.8123499398010139
102,1574434800,1054,750,-304,1804,47,-0.9453218139652249,0.6002177395312891
102,1574449200,1526,1470,-56,2996,47,0.49801914385678964,1.9744654717134191
102,1574463600,952,569,-383,1521,47,-1.4050957481101407,0.2739491923773103
102,1574478000,190,193,3,383,47,0.8413946136612205,-1.0380423505952265
102,1574492400,136,161,25,297,47,0.969432924435754,-1.1371910963734675
102,1574506800,557,603,46,1160,47,1.0916513119932634,-0.14224496141274753
102,1574521200,945,726,-219,1671,47,-0.4506283405181634,0.4468830512928468
102,1574535600,1193,914,-279,2107,47,-0.7998237335396186,0.9495441345406729
102,1574550000,748,585,-163,1333,47,-0.12471264036480532,0.05720542253650455
102,1574564400,199,219,20,418,47,0.9403333083506328,-0.9976911168482681
102,1574578800,93,118,25,211,47,0.969432924435754,-1.2363398421517084
102,1574593200,384,504,120,888,47,1.5223256300530577,-0.4558316922462537
102,1574607600,897,636,-261,1533,47,-0.695065115633182,0.2877839010905532
102,1574622000,958,625,-333,1583,47,-1.114099587258928,0.3454285207290654
102,1574636400,499,402,-97,901,47,0.2594022919587953,-0.44084409114024053
102,1574650800,113,126,13,239,47,0.899593845831463,-1.2040588551541416
102,1574665200,229,301,72,530,47,1.2429693156358939,-0.8685671688580008
102,1574679600,1103,951,-152,2054,47,-0.060693484977538556,0.88844083772385
102,1574694000,935,724,-211,1659,47,-0.4040689547819694,0.43304834257960384
102,1574708400,1674,1062,-612,2736,47,-2.7378581648086944,1.674713449593156
102,1574722800,802,526,-276,1328,47,-0.7823639638885458,0.051440960572653335
102,1574737200,151,150,-1,301,48,0.6247809498167,-1.0951686786065704
102,1574751600,243,284,41,527,48,0.9042762766773297,-0.7706162321734386
102,1574766000,1139,1155,16,2294,48,0.7379100106888596,1.766924355646667
102,1574780400,966,709,-257,1675,48,-1.0788096139052339,0.8779953098851246
102,1574794800,1622,1102,-520,2724,48,-2.828982732103939,2.384435647532714
102,1574809200,785,512,-273,1297,48,-1.1852840241378546,0.3351598021341343
102,1574823600,140,148,8,288,48,0.6846728055725492,-1.1138376246403345
102,1574838000,224,265,41,489,48,0.9042762766773297,-0.8251869975029031
102,1574847664,469,177,-292,646,48,-1.3117223862890919,-0.5997235723259046
102,1574852400,914,919,5,1833,48,0.6647088536539328,1.1048948078339513
102,1574863375,223,165,-58,388,48,0.24546586336298817,-0.9702303474575329
102,1574866800,1063,775,-288,1838,48,-1.2851037837309367,1.1120751716930914
102,1574881200,1560,1091,-469,2651,48,-2.4895955494874604,2.279602335189269
102,1574895600,722,491,-231,1213,48,-0.905788697277225,0.21452968930058092
102,1574910000,145,160,15,305,48,0.7312553600493208,-1.0894243875192582
102,1574924400,90,112,22,202,48,0.7778379145260924,-1.237339883017544
102,1574938800,371,437,66,808,48,1.0706425426657997,-0.36707978328976587
102,1574953200,623,523,-100,1146,48,-0.034029463497641584,0.11831281358810379
102,1574967600,562,510,-52,1072,48,0.28539376720022097,0.012043428472830561
102,1574982000,316,301,-15,617,48,0.5316158408631567,-0.641369682708917
102,1574996400,124,167,43,291,48,0.9175855779564073,-1.1095294063248504
102,1575010800,122,151,29,273,48,0.824420469002864,-1.1353787162177549
102,1575025200,511,586,75,1097,48,1.130534398421649,0.04794524776853098
102,1575039600,838,728,-110,1566,48,-0.10057596989302962,0.7214633777558708
102,1575054000,1100,817,-283,1917,48,-1.2518305305332427,1.2255249206675047
102,1575068400,522,470,-52,992,48,0.28539376720022097,-0.10284239327341077
102,1575082800,163,167,4,330,48,0.658054203014394,-1.0535225682235578
102,1575097200,123,108,-15,231,48,0.5316158408631567,-1.1956937726345316
102,1575111600,485,505,20,990,48,0.7645286132470148,-0.10571453881706681
102,1575126000,860,682,-178,1542,48,-0.5530922133816683,0.6869976312319984
102,1575140400,782,792,10,1574,48,0.6979821068516268,0.7329519599304949
102,1575154800,690,504,-186,1194,48,-0.6063294184979787,0.1872443066358486
102,1575169200,199,216,17,415,48,0.7445646613283985,-0.9314563826181764
102,1575183600,83,141,58,224,48,1.0174053375494894,-1.2057462820373277
102,1575198000,382,458,76,840,48,1.1371890490611878,-0.3211254545912693
102,1575212400,787,598,-189,1385,48,-0.626293370416595,0.4615342060549998
102,1575226800,771,590,-181,1361,48,-0.5730561653002847,0.4270684595311274
102,1575241200,385,344,-41,729,48,0.3585949242351478,-0.48052953226417916
102,1575255600,116,118,2,234,48,0.6447449017353164,-1.1913855543190475
102,1575270000,222,215,-7,437,48,0.5848530459794672,-0.8998627816379601
102,1575284400,1013,925,-88,1938,48,0.04582634417682406,1.255682448875893
102,1575298800,794,602,-192,1396,48,-0.6462573223352115,0.47733100654510796
102,1575313200,1331,939,-392,2270,48,-1.9771874502429723,1.7324586091227945
102,1575327600,756,503,-253,1259,48,-1.0521910113470787,0.2805890368046697
102,1575342000,147,142,-5,289,49,0.5977930698293558,-1.276476044071075
102,1575356400,234,259,25,493,49,0.8068464331335435,-1.0118087463046743
102,1575370800,1077,955,-122,2032,49,-0.2175150470569762,0.9848724853742006
102,1575385200,829,676,-153,1505,49,-0.4335368558046368,0.3011486328109991
102,1575399600,1466,1189,-277,2655,49,-1.2976240907952794,1.7931456545333553
102,1575414000,730,554,-176,1284,49,-0.5938111010045141,0.014425726897398463
102,1575428400,130,184,54,314,49,1.0089313509942581,-1.2440413262075454
102,1575442800,227,254,27,481,49,0.8207833240204894,-1.0273774108791685
102,1575457200,1104,1036,-68,2140,49,0.15878100689056165,1.124990466544648
102,1575471600,791,755,-36,1546,49,0.3817712610816952,0.3543415701071874
102,1575486000,1475,1156,-319,2631,49,-1.5902987994211422,1.762008325384367
102,1575500400,865,522,-343,1387,49,-1.7575414900644923,0.14805676449513994
102,1575514800,135,241,106,376,49,1.3712905140548501,-1.1636032259059923
102,1575529200,229,252,23,481,49,0.7929095422465977,-1.0273774108791685
102,1575543600,1029,1008,-21,2037,49,0.486297942733789,0.9913594289469064
102,1575558000,954,774,-180,1728,49,-0.6216848827784057,0.5904663161536821
102,1575572400,1542,1091,-451,2633,49,-2.5101335979595683,1.7646031028134492
102,1575586800,766,608,-158,1374,49,-0.46837908302200143,0.1311907112061046
102,1575601200,148,222,74,370,49,1.1483002598637166,-1.1713875581932394
102,1575615600,200,249,49,449,49,0.9740891237768936,-1.0688938497444862
102,1575630000,1070,989,-81,2059,49,0.06819121612541365,1.0199019806668124
102,1575644400,1095,711,-384,1806,49,-2.0432477532468822,0.691662635887894
102,1575658800,1480,1159,-321,2639,49,-1.604235690308088,1.7723874351006963
102,1575673200,672,580,-92,1252,49,-0.008461683752788508,-0.027090711967919272
102,1575687600,188,232,44,420,49,0.939246896559529,-1.1065181224661804
102,1575702000,118,141,23,259,49,0.7929095422465977,-1.3153977055073103
102,1575716400,512,617,105,1129,49,1.3643220686113773,-0.18666952385648433
102,1575730800,862,766,-96,1628,49,-0.0363354655266802,0.4607274446995641
102,1575745200,1012,789,-223,1801,49,-0.9213280368477416,0.6851756923151882
102,1575759600,536,490,-46,1026,49,0.312086806646966,-0.3203005614542258
102,1575774000,220,239,19,459,49,0.7650357604727059,-1.0559199625990745
102,1575788400,96,118,22,214,49,0.7859410968031247,-1.3737801976616635
102,1575802800,416,486,70,902,49,1.120426478089825,-0.481176762057332
102,1575817200,736,786,50,1522,49,0.9810575692203665,0.3232042409581991
102,1575831600,886,742,-144,1628,49,-0.3708208468133805,0.4607274446995641
102,1575846000,413,356,-57,769,49,0.2354339067687638,-0.6537294610913089
102,1575860400,135,153,18,288,49,0.7580673150292331,-1.277773432785616
102,1575874800,238,221,-17,459,49,0.5141717245076808,-1.0559199625990745
102,1575889200,1016,950,-66,1966,49,0.17271789777750748,0.8992448302144828
102,1575903600,793,658,-135,1451,49,-0.3081048378221242,0.2310896422257754
102,1575918000,1412,1076,-336,2488,49,-1.7087623719601819,1.5764817392049784
102,1575932400,653,438,-215,1091,49,-0.865580473299958,-0.23597029500904915
102,1575946800,136,191,55,327,50,1.0898412758278182,-1.215412596644877
102,1575961200,214,249,35,463,50,0.9571841722637888,-1.0399257092548833
102,1575975600,1136,944,-192,2080,50,-0.5484739531879457,1.046561768021732
102,1575990000,828,713,-115,1541,50,-0.03774410446643219,0.35106594226286025
102,1576004400,1556,1065,-491,2621,50,-2.5316976514701865,1.744638283301045
102,1576018800,729,570,-159,1299,50,-0.32958973230729705,0.038802510289489264
102,1576033200,126,147,21,273,50,0.8643241997689681,-1.2850912136967862
102,1576047600,224,248,24,472,50,0.8842227653035726,-1.0283126064128985
102,1576062000,1051,970,-81,2021,50,0.18777297159241793,0.9704314271687201
102,1576076400,946,740,-206,1686,50,-0.6413339256827664,0.5381659324948388
102,1576090800,1540,1184,-356,2724,50,-1.6362622024129876,1.8775437936037607
102,1576105200,732,688,-44,1420,50,0.43318861318587243,0.19493422627617477
102,1576119600,161,166,5,327,50,0.7581985169177446,-1.215412596644877
102,1576134000,220,260,40,480,50,0.9903484481547962,-1.017989848331134
102,1576148400,981,935,-46,1916,50,0.41992290282946954,0.8349452273455633
102,1576162800,850,714,-136,1564,50,-0.17703406320866313,0.3807438717479327
102,1576177200,1586,1103,-483,2689,50,-2.4786348100445745,1.8323817269960416
102,1576191600,732,555,-177,1287,50,-0.4489811255149236,0.023318373166842765
102,1576206000,133,177,44,310,50,1.0168798688676022,-1.2373484575686262
102,1576220400,204,238,34,442,50,0.9505513170855874,-1.0670229492195147
102,1576234800,1025,895,-130,1920,50,-0.1372369321394543,0.8401066063864454
102,1576249200,1023,697,-326,1720,50,-1.4372765470669433,0.5820376543423371
102,1576263600,1482,1063,-419,2545,50,-2.05413207863968,1.6465720815242837
102,1576278000,662,564,-98,1226,50,0.07501443356299287,-0.055392657206610255
102,1576292400,186,225,39,411,50,0.9837155929765947,-1.1070236367863515
102,1576306800,127,124,-3,251,50,0.7051356754921329,-1.313478798421638
102,1576321200,501,584,83,1085,50,1.2755612208174596,-0.23733126839770657
102,1576335600,842,733,-109,1575,50,0.002053026602776651,0.3949376641103587
102,1576350000,1019,848,-171,1867,50,-0.40918399444571474,0.7717183340947568
102,1576364400,659,497,-162,1156,50,-0.34948829784190144,-0.14571679042204816
102,1576378800,242,226,-16,468,50,0.6189085581755137,-1.0334739854537807
102,1576393200,98,106,8,204,50,0.7780970824523491,-1.3741250021520035
102,1576407600,383,460,77,843,50,1.2357640897482507,-0.5495947003710776
102,1576422000,722,689,-33,1411,50,0.5061500201460887,0.18332112343418988
102,1576436400,842,733,-109,1575,50,0.002053026602776651,0.3949376641103587
102,1576450800,464,400,-64,864,50,0.300531509621843,-0.5224974604064462
102,1576465200,123,136,13,259,50,0.8112613583433564,-1.3031560403398736
102,1576479600,226,245,19,471,50,0.8510584894125652,-1.029602951173119
102,1576494000,1013,894,-119,1907,50,-0.06427552517923808,0.8233321245035784
102,1576508400,856,630,-226,1486,50,-0.7739910292467957,0.2800969804507305
102,1576522800,1534,1183,-351,2717,50,-1.60309792652198,1.8685113802822169
102,1576537200,829,563,-266,1392,50,-1.039305236374855,0.15880457298999962
102,1576551600,128,151,23,279,51,0.7892757146553635,-1.2880802037871242
102,1576566000,203,270,67,473,51,1.082634829837003,-1.0220132388107643
102,1576580400,914,859,-55,1773,51,0.2692300104697298,0.760909722371028
102,1576594800,806,698,-108,1504,51,-0.08413437827179056,0.3919818173264879
102,1576609200,1333,1079,-254,2412,51,-1.0575532604654125,1.6372849317519245
102,1576623600,708,508,-200,1216,51,-0.6975216191061278,-0.0030041925353245726
102,1576638000,146,170,24,316,51,0.795942967273128,-1.2373354733534885
102,1576652400,235,255,20,490,51,0.7692739568020699,-0.9986980923953102
102,1576666800,957,1043,86,2000,51,1.2093126295745291,1.0722355009773872
102,1576681200,808,712,-96,1520,51,-0.004127346858616149,0.41392548454103306
102,1576695600,1480,1107,-373,2587,51,-1.850956321979392,1.877293791911012
102,1576710000,589,471,-118,1060,51,-0.15080690444943592,-0.21695494787713968
102,1576724400,129,159,30,288,51,0.8359464829797152,-1.2757368909789426
102,1576738800,195,274,79,469,51,1.1626418612501774,-1.0274991556144006
102,1576753200,965,862,-103,1827,51,-0.05079811518296789,0.8349695992201179
102,1576767600,931,716,-215,1647,51,-0.7975304083725958,0.588103343056485
102,1576782000,1531,1049,-482,2580,51,-2.5776868573157263,1.8676934375046483
102,1576796400,838,512,-326,1350,51,-1.5375954489444592,0.18077402038649096
102,1576810800,169,164,-5,333,51,0.6025926413579565,-1.2140203269380343
102,1576825200,202,278,76,480,51,1.1426401033968838,-1.012412884404401
102,1576839600,963,904,-59,1867,51,0.24256099999867164,0.8898287672564807
102,1576854000,981,803,-178,1784,51,-0.550842061515308,0.7759959935810278
102,1576868400,1423,1105,-318,2528,51,-1.4842574280023428,1.7963765190573768
102,1576882800,657,569,-88,1226,51,0.049210674083500126,0.010710599473766139
102,1576897200,192,225,33,417,51,0.8559482408330088,-1.0988160740616724
102,1576911600,172,133,-39,305,51,0.37590605235396235,-1.2524217445634884
102,1576926000,594,577,-17,1171,51,0.5225856099447821,-0.06472075657623277
102,1576940400,983,722,-261,1705,51,-1.1042240287897644,0.6676491367092112
102,1576954800,997,901,-96,1898,51,-0.004127346858616149,0.9323446224846619
102,1576969200,632,448,-184,1080,51,-0.5908455772218952,-0.18952536385895824
102,1576983600,171,207,36,378,51,0.8759499986863024,-1.1523037628971262
102,1576998000,86,113,27,199,51,0.8159447251264216,-1.3977985398598498
102,1577012400,356,437,81,793,51,1.1759763664857066,-0.5831398945198617
102,1577026800,753,758,5,1511,51,0.6692651675356018,0.40158217173285143
102,1577041200,905,661,-244,1566,51,-0.9908807342877672,0.47701352778285033
102,1577055600,481,388,-93,869,51,0.015874410994677454,-0.47890747525077226
102,1577070000,118,167,49,285,51,0.9626242827172413,-1.2798513285816697
102,1577084400,166,269,103,435,51,1.3226559240765263,-1.0741294484453092
102,1577098800,692,683,-9,1375,51,0.5759236308868984,0.21506100040921775
102,1577113200,864,738,-126,1602,51,-0.20414492539155218,0.5263867790155768
102,1577127600,1417,978,-439,2395,51,-2.2909949947518515,1.6139697853364703
102,1577142000,715,456,-259,1171,51,-1.0908895235542353,-0.06472075657623277
102,1577156400,168,178,10,346,52,0.3299898423605861,-1.0175558227143355
102,1577170800,171,202,31,373,52,0.5125528286939949,-0.9699577448164876
102,1577185200,570,557,-13,1127,52,0.13003990494780507,0.3592626527752699
102,1577199600,880,682,-198,1562,52,-1.4782530698941294,1.1261205744628222
102,1577214000,1141,777,-364,1918,52,-2.9213700094820276,1.7537100460048192
102,1577228400,470,367,-103,837,52,-0.6523728936239469,-0.15197596168309832
102,1577242800,128,134,6,262,52,0.29521594020184155,-1.1656387317298629
102,1577257200,71,82,11,153,52,0.33868331790027223,-1.3577939350952497
102,1577271600,248,304,56,552,52,0.7298897171861483,-0.6544001172714947
102,1577286000,378,407,29,785,52,0.4951658776146226,-0.24364633393080573
102,1577300400,505,471,-34,976,52,-0.05252308138560373,0.09306599490211956
102,1577314800,324,295,-29,619,52,-0.009055703687173065,-0.5362863684138717
102,1577329200,87,150,63,237,52,0.7907440459639512,-1.2097110260797224
102,1577343600,158,217,59,375,52,0.7559701438052067,-0.9664319612684987
102,1577358000,614,724,110,1338,52,1.1993373963291996,0.7312328170880826
102,1577372400,650,680,30,1330,52,0.5038593531543087,0.7171296828961277
102,1577386800,975,834,-141,1809,52,-0.98272496413202,1.5615548426394326
102,1577401200,471,425,-46,896,52,-0.15684478786183734,-0.047965347017430306
102,1577415600,109,169,60,278,52,0.7646636193448928,-1.137432463345953
102,1577430000,155,245,90,400,52,1.0254678855354769,-0.9223596669186395
102,1577444400,600,745,145,1345,52,1.5036090402182143,0.7435730595060432
102,1577458800,822,677,-145,1499,52,-1.0174988662907645,1.0150583927011767
102,1577473200,1118,914,-204,2032,52,-1.5304139231322462,1.9546797082401774
102,1577487600,601,507,-94,1108,52,-0.5741316137667718,0.3257677090693768
