remote_unit_id,time_stamp,entries,exits,num_people_exited,sum_exit_entry,week_num,z_score_num_people_exited,z_score_sum_exit_entry
190,1546300800,0,0,0,0,1,0.47655926447261765,-1.288974632756259
190,1546315200,254,128,-126,382,1,-0.019985651374811484,-0.7357145399784581
190,1546329600,76,53,-23,129,1,0.38592011316713454,-1.102140727079986
190,1546344000,121,175,54,296,1,0.6893642284072302,-0.8602704770959735
190,1546358400,423,315,-108,738,1,0.05094933660339268,-0.22011089330595257
190,1546372800,510,349,-161,859,1,-0.15791479466576402,-0.04486358643130884
190,1546387200,244,178,-66,422,1,0.21646430855253573,-0.6777815459703114
190,1546401600,46,24,-22,70,1,0.38986094583259034,-1.1875918932420022
190,1546416000,144,310,166,454,1,1.1307374869382782,-0.6314351507637941
190,1546430400,631,910,279,1541,1,1.5760515781347821,0.9428939614075922
190,1546444800,823,566,-257,1389,1,-0.5362347305495195,0.7227485841766348
190,1546459200,1437,811,-626,2248,1,-1.9904019841027047,1.966859630501585
190,1546473600,538,208,-330,746,1,-0.8239155151277919,-0.20852429450432325
190,1546488000,79,35,-44,114,1,0.30316262719256304,-1.123865599833041
190,1546502400,160,329,169,489,1,1.1425599849346457,-0.5807437810066657
190,1546516800,686,944,258,1630,1,1.4932940921602107,1.0717948730757185
190,1546531200,880,627,-253,1507,1,-0.5204713998876963,0.8936509165006675
190,1546545600,1550,774,-776,2324,1,-2.581526883921073,2.0769323191170637
190,1546560000,594,255,-339,849,1,-0.859383009116894,-0.05934683493334551
190,1546574400,70,30,-40,100,1,0.3189259578543862,-1.1441421477358922
190,1546588800,159,331,172,490,1,1.154382482931013,-0.579295456156462
190,1546603200,692,914,222,1606,1,1.3514241162038023,1.0370350766708305
190,1546617600,908,638,-270,1546,1,-0.5874655552004447,0.9501355856586106
190,1546632000,1527,810,-717,2337,1,-2.3490177566591814,2.0957605421697116
190,1546646400,691,266,-425,957,1,-1.1982946183460916,0.09707224888865054
190,1546660800,158,44,-114,202,1,0.027304340610657958,-0.9964130130151182
190,1546675200,66,88,22,154,1,0.5632575831126451,-1.0659326058248941
190,1546689600,335,440,105,775,1,0.8903466943454753,-0.16652287384841688
190,1546704000,730,548,-182,1278,1,-0.24067228064033555,0.5619845258040277
190,1546718400,799,561,-238,1360,1,-0.4613589099058596,0.6807471635207284
190,1546732800,451,234,-217,685,1,-0.3786014239312881,-0.29687211036674693
190,1546747200,139,51,-88,190,1,0.12976598991250843,-1.0137929112175623
190,1546761600,59,59,0,118,1,0.47655926447261765,-1.1180723004322262
190,1546776000,273,335,62,608,1,0.7208908897308764,-0.4083931238324293
190,1546790400,666,551,-115,1217,1,0.023363507945202172,0.473636709941604
190,1546804800,733,467,-266,1200,1,-0.5717022245386216,0.4490151874881417
190,1546819200,298,160,-138,458,1,-0.06727564336028093,-0.6256418513629795
190,1546833600,50,27,-23,77,1,0.38592011316713454,-1.1774536192905767
190,1546848000,194,244,50,438,1,0.6736008977454071,-0.6546083483670527
190,1546862400,690,965,275,1655,1,1.5602882474729591,1.1080029943308103
190,1546876800,853,542,-311,1395,1,-0.749039694484132,0.7314385332778568
190,1546891200,1492,854,-638,2346,1,-2.0376919760881744,2.1087954658215446
190,1546905600,556,138,-418,694,2,-0.9281824895255799,-0.45868200115579827
190,1546920000,72,30,-42,102,2,0.31876416080091585,-1.265292742844586
190,1546934400,172,319,147,491,2,0.9455538334384361,-0.7352731845389467
190,1546948800,692,989,297,1681,2,1.4430059545793255,0.8861234077070961
190,1546963200,822,548,-274,1370,2,-0.45062845323032613,0.4623802646915336
190,1546977600,1582,841,-741,2423,2,-1.999362723715628,1.8971118711075698
190,1546992000,668,211,-457,879,2,-1.0575200410222112,-0.20661614437805212
190,1547006400,77,30,-47,107,2,0.30218242342955287,-1.258480152120863
190,1547020800,182,315,133,497,2,0.8991249687986198,-0.7270980756704793
190,1547035200,682,1083,401,1765,2,1.7879060919036753,1.0005749318656403
190,1547049600,914,675,-239,1589,2,-0.3345562916307853,0.7607717383905953
190,1547064000,1570,825,-745,2395,2,-2.012628113612718,1.8589613630547217
190,1547078400,649,235,-414,884,2,-0.9149170996284895,-0.19980355365432925
190,1547092800,61,32,-29,93,2,0.36187667796645956,-1.2775554061472871
190,1547107200,186,326,140,512,2,0.922339401118528,-0.7066603034993106
190,1547121600,687,1045,358,1732,2,1.6453031505099536,0.9556118330890693
190,1547136000,852,638,-214,1490,2,-0.25164760477397047,0.6258824420608825
190,1547150400,1581,888,-693,2469,2,-1.8401780449505434,1.9597877057658202
190,1547164800,719,244,-475,963,2,-1.1172142955591178,-0.09216462021950791
190,1547179200,69,35,-34,104,2,0.3452949405950966,-1.2625677065550969
190,1547193600,166,323,157,489,2,0.9787173081811621,-0.7379982208284359
190,1547208000,707,954,247,1661,2,1.2771885808656958,0.8588730448122046
190,1547222400,908,640,-268,1548,2,-0.4307303683846906,0.7049084944560677
190,1547236800,1486,838,-648,2324,2,-1.6909424086082767,1.762222574777857
190,1547251200,681,289,-392,970,2,-0.8419574551944924,-0.08262699320629589
190,1547265600,149,37,-112,186,2,0.08661983760183421,-1.1508412186860417
190,1547280000,72,103,31,175,2,0.5608575264228153,-1.165828918278232
190,1547294400,316,423,107,739,2,0.8128999344675325,-0.3973686846422924
190,1547308800,747,582,-165,1329,2,-0.08914657853461332,0.4065170207570061
190,1547323200,822,535,-287,1357,2,-0.4937409703958699,0.44466752880985416
190,1547337600,470,259,-211,729,2,-0.24169856235115267,-0.4109938660897382
190,1547352000,179,60,-119,239,2,0.06340540528192605,-1.0786277570145792
190,1547366400,51,72,21,123,2,0.5276940516800893,-1.23667986180495
190,1547380800,259,292,33,551,2,0.5674902213713604,-0.6535220958542723
190,1547395200,585,507,-78,1092,2,0.19937565172710242,0.0836002204525421
190,1547409600,632,401,-231,1033,2,-0.3080255118366046,0.003211649912612254
190,1547424000,300,134,-166,434,2,-0.0924629260088859,-0.8129367187893874
190,1547438400,38,24,-14,62,2,0.4116218900805485,-1.3197934686343689
190,1547452800,189,324,135,513,2,0.905757663747165,-0.7052977853545661
190,1547467200,669,1027,358,1696,2,1.6453031505099536,0.9065611798782647
190,1547481600,781,591,-190,1372,2,-0.17205526539142818,0.46510530098102276
190,1547496000,1544,881,-663,2425,2,-1.7406876207223656,1.899836907397059
190,1547510400,606,224,-382,830,3,-0.9228884997907693,-0.16430417013723528
190,1547524800,65,25,-40,90,3,0.20043117845819777,-1.2017195788535668
190,1547539200,166,360,194,526,3,0.9690183267338068,-0.5904856353396202
190,1547541624,142,95,-47,237,3,0.17743925521918383,-0.9956384098247821
190,1547553600,561,976,415,1537,3,1.6949061889941044,0.8268481190012058
190,1547568000,860,609,-251,1469,3,-0.49261107917493685,0.7315180544164619
190,1547582400,1590,841,-749,2431,3,-2.128322189607643,2.080158085747693
190,1547596800,747,252,-495,999,3,-1.2940438320777088,0.07261907861014315
190,1547611200,68,18,-50,86,3,0.167585573831035,-1.207327229711493
190,1547625600,183,279,96,462,3,0.6471314013876116,-0.6802080490664381
190,1547627178,93,54,-39,147,3,0.20371573892091405,-1.1218105541281198
190,1547640000,611,1144,533,1755,3,2.0824843235946253,1.1324650907581792
190,1547654400,943,692,-251,1635,3,-0.49261107917493685,0.9642355650203958
190,1547668800,1624,851,-773,2475,3,-2.207151640712834,2.1418422451848804
190,1547683200,692,256,-436,948,3,-1.1002547647774483,0.0011215301715851596
190,1547697600,82,21,-61,103,3,0.13145540874115594,-1.183494713565307
190,1547712000,182,314,132,496,3,0.7653755780453977,-0.632543016774066
190,1547715241,200,143,-57,343,3,0.14459365059202106,-0.84703566208974
190,1547726400,494,1048,554,1542,3,2.151460093311667,0.8338576825736135
190,1547740800,877,623,-254,1500,3,-0.5024647605630856,0.7749773485653892
190,1547755200,1673,901,-772,2574,3,-2.203867080250118,2.2806316039185517
190,1547769600,713,245,-468,958,3,-1.205360699584369,0.015140657316400451
190,1547784000,82,26,-56,108,3,0.14787821105473734,-1.1764851499928994
190,1547798400,156,328,172,484,3,0.8967579965540488,-0.6493659693478444
190,1547812800,700,1058,358,1758,3,1.5076862426192765,1.1366708289016239
190,1547827200,994,739,-255,1733,3,-0.505749321025802,1.1016230110395855
190,1547841600,1488,843,-645,2331,3,-1.7867279014851505,1.93996681429954
190,1547856000,682,311,-371,993,3,-0.8867583347008902,0.06420760232325397
190,1547870400,139,53,-86,192,3,0.04934139717324899,-1.058724481976451
190,1547884800,68,132,64,200,3,0.5420254665806907,-1.0475091802605987
190,1547899200,419,532,113,951,3,0.7029689292537884,0.0053272683150297475
190,1547913600,792,729,-63,1521,3,0.12488628781572338,0.8044175155695014
190,1547928000,845,630,-215,1475,3,-0.3743669025171509,0.7399295307033511
190,1547942400,406,308,-98,714,3,0.009926671620653651,-0.32692604501709266
190,1547956800,116,52,-64,168,3,0.1216017273530071,-1.0923703871240076
190,1547971200,52,72,20,124,3,0.39750480622117446,-1.1540545465611949
190,1547985600,220,337,117,557,3,0.7161071711046535,-0.5470263411906927
190,1548000000,542,572,30,1114,3,0.4303504108483373,0.233839040775519
190,1548014400,619,524,-95,1143,3,0.019780353008802487,0.2744945094954834
190,1548028800,322,166,-156,488,3,-0.18057783521689047,-0.6437583184899183
190,1548043200,49,38,-11,87,3,0.2956834318769698,-1.2059253169970114
190,1548057600,57,155,98,212,3,0.6537005223130442,-1.0306862276868203
190,1548072000,345,526,181,871,3,0.9263190407184952,-0.1068257488434926
190,1548086400,588,471,-117,1059,3,-0.05247997717095563,0.1567338414790349
190,1548100800,732,466,-266,1198,3,-0.541879486115681,0.35159970879196745
190,1548115200,334,129,-205,463,4,-0.24709348032936723,-0.7588301231865133
190,1548129600,36,23,-13,59,4,0.3949999437932088,-1.2960036435466527
190,1548144000,175,316,141,491,4,0.9100123777248583,-0.7216002752407611
190,1548158400,726,947,221,1673,4,1.1775513044425983,0.8500311630406368
190,1548172800,843,611,-232,1454,4,-0.3373878680966045,0.5588405666077889
190,1548187200,1622,811,-811,2433,4,-2.273700850216248,1.8605556072824831
190,1548201600,634,258,-376,892,4,-0.8189579361885365,-0.18841566716052374
190,1548216000,75,25,-50,100,4,0.27126319018625406,-1.2414885090546584
190,1548230400,201,300,99,501,4,0.7695544411980448,-0.708303900974421
190,1548244800,761,940,179,1701,4,1.0370933679157848,0.887261010986389
190,1548259200,863,613,-250,1476,4,-0.397584126608096,0.5880925899937371
190,1548273600,1585,837,-748,2422,4,-2.0630139454260275,1.845929595589509
190,1548288000,703,234,-469,937,4,-1.1299719384979092,-0.12858198296199336
190,1548302400,92,22,-70,114,4,0.20437845850681904,-1.2228735850817822
190,1548316800,169,265,96,434,4,0.7595217314461296,-0.7973896085588995
190,1548331200,736,969,233,1705,4,1.2176821434502594,0.892579560692925
190,1548345600,824,615,-209,1439,4,-0.2604704266652542,0.5388960052082788
190,1548360000,1533,860,-673,2393,4,-1.8121962016281463,1.8073701102171227
190,1548374400,731,280,-451,1011,4,-1.0697756799864178,-0.030188813391076742
190,1548388800,93,26,-67,119,4,0.2144111682587343,-1.2162253979486122
190,1548403200,173,300,127,473,4,0.8631930655492538,-0.7455337489201732
190,1548407669,268,190,-78,458,4,0.17762456583504505,-0.7654783103196834
190,1548408310,51,48,-3,99,4,0.4284423096329263,-1.2428181464812924
190,1548417600,421,996,575,1417,4,2.361411055168598,0.5096439818223306
190,1548432000,981,742,-239,1723,4,-0.36079752418440675,0.9165130343723371
190,1548446400,1603,909,-694,2512,4,-1.882425169891553,1.9655969639865698
190,1548460800,735,319,-416,1054,4,-0.9527273995474065,0.026985595954185614
190,1548475200,157,60,-97,217,4,0.11408407073958178,-1.0859209301384793
190,1548489600,60,117,57,177,4,0.6290965046712313,-1.1391064272038396
190,1548504000,367,600,233,967,4,1.2176821434502594,-0.0886928601629731
190,1548518400,800,777,-23,1577,4,0.3615575779534913,0.7223859700837719
190,1548532800,1048,807,-241,1855,4,-0.36748599735235027,1.0920251746880263
190,1548547200,513,335,-178,848,4,-0.15679909256212998,-0.2469197139324201
190,1548561600,158,50,-108,208,4,0.07729746831589253,-1.0978876669781854
190,1548576000,58,89,31,147,4,0.5421463534879658,-1.17899555000286
190,1548590400,296,385,89,681,4,0.7361120753583273,-0.4689691641802995
190,1548604800,755,678,-77,1433,4,0.1809688024190168,0.5309181806484747
190,1548619200,762,516,-246,1278,4,-0.384207180272209,0.3248243795202035
190,1548633600,325,162,-163,487,4,-0.10663554380255373,-0.7269188249472971
190,1548648000,41,29,-12,70,4,0.39834418037718056,-1.2813776318536785
190,1548662400,191,288,97,479,4,0.7628659680301013,-0.7375559243603692
190,1548676800,693,945,252,1638,4,1.2812226385457226,0.8034938531084465
190,1548691200,840,622,-218,1462,4,-0.290568555921,0.569477666020861
190,1548705600,1594,812,-782,2406,4,-2.1767179892810673,1.8246553967633647
190,1548720000,632,248,-384,880,5,-0.7258902507946629,-0.26533766017346366
190,1548734400,58,25,-33,83,5,0.462721775998064,-1.3348033840321663
190,1548748800,173,270,97,443,5,0.9029484525879627,-0.8517322916995026
190,1548763200,696,1015,319,1711,5,1.6547201618414824,0.8497514446277683
190,1548777600,929,653,-276,1582,5,-0.3601634733199777,0.6766509698752304
190,1548792000,1642,864,-778,2506,5,-2.060115716767126,1.916533440195734
190,1548806400,664,276,-388,940,5,-0.739435686997429,-0.18482581145135304
190,1548820800,71,38,-33,109,5,0.462721775998064,-1.299914916252585
190,1548835200,183,286,103,469,5,0.9232666068921119,-0.8168438239199214
190,1548849600,713,1038,325,1751,5,1.6750383161456315,0.9034260104425087
190,1548864000,990,650,-340,1640,5,-0.5768904525642355,0.7544790903066041
190,1548878400,1576,913,-663,2489,5,-1.6706844259375997,1.8937217497244692
190,1548892800,650,224,-426,874,5,-0.8681173309237072,-0.27338884504567473
190,1548907200,66,18,-48,84,5,0.41192639023769106,-1.3334615198867978
190,1548921600,190,300,110,490,5,0.9469711202469526,-0.7886646768671827
190,1548936000,720,1014,294,1734,5,1.5700611855741942,0.8806143199712441
190,1548950400,828,565,-263,1393,5,-0.3161408056609878,0.42303864640058203
190,1548964800,1509,841,-668,2350,5,-1.6876162211910575,1.7072026335182462
190,1548979200,680,258,-422,938,5,-0.854571894720941,-0.1875095397420901
190,1548993600,82,34,-48,116,5,0.41192639023769106,-1.2905218672350054
190,1549008000,188,254,66,442,5,0.7979713220165254,-0.8530741558448711
190,1549022400,761,951,190,1712,5,1.217879844302275,0.8510933087731368
190,1549036800,988,681,-307,1669,5,-0.4651406038914151,0.7933931505222909
190,1549051200,1564,886,-678,2450,5,-1.7214798116979726,1.8413890480550972
190,1549065600,720,329,-391,1049,5,-0.7495947641495037,-0.03856261960618545
190,1549080000,151,49,-102,200,5,0.22906300150034845,-1.1778052790240505
190,1549094400,68,93,25,161,5,0.6591306009381727,-1.2301379806934225
190,1549108800,379,489,110,868,5,0.9469711202469526,-0.2814400299178858
190,1549123200,885,608,-277,1493,5,-0.36354983237066923,0.5572250609374331
190,1549137600,1059,581,-478,1640,5,-1.0442080015596669,0.7544790903066041
190,1549152000,531,330,-201,861,5,-0.10618654451811298,-0.29083307893546534
190,1549166400,145,50,-95,195,5,0.25276751485518917,-1.184514599750893
190,1549180800,57,94,37,151,5,0.699766909546471,-1.2435566221471075
190,1549195200,325,319,-6,644,5,0.5541534703667353,-0.5820175984804321
190,1549209600,752,507,-245,1259,5,-0.2551863427485403,0.2432288509212017
190,1549224000,825,477,-348,1302,5,-0.6039813249697679,0.3009290091720476
190,1549238400,408,170,-238,578,5,-0.23148182939369957,-0.6705806320747537
190,1549252800,71,23,-48,94,5,0.41192639023769106,-1.3200428784331126
190,1549267200,177,323,146,500,5,1.0688800460718477,-0.7752460354134976
190,1549281600,701,991,290,1692,5,1.556515749371428,0.8242560258657666
190,1549296000,873,573,-300,1446,5,-0.4414360905365744,0.4941574461051131
190,1549310400,1515,762,-753,2277,5,-1.9754567404998373,1.609246550906345
190,1549324800,619,233,-386,852,6,-0.7516761194003955,-0.3303063264162716
190,1549339200,74,20,-54,94,6,0.3438994851693876,-1.3235652484705287
190,1549353600,179,270,91,449,6,0.8223888305387206,-0.8583846187485481
190,1549368000,770,1010,240,1780,6,1.3140778819872074,0.885715150716117
190,1549382400,799,605,-194,1404,6,-0.11809022760100284,0.39301679360213193
190,1549396800,1567,888,-679,2455,6,-1.7185545896984267,1.7702135311734037
190,1549411200,755,267,-488,1022,6,-1.0882686244188227,-0.1075437713381401
190,1549425600,64,31,-33,95,6,0.41319794208494615,-1.3222548804994807
190,1549440000,188,356,168,544,6,1.0764831725624353,-0.733899661499004
190,1549454400,728,1020,292,1748,6,1.4856740610162096,0.8437833756425863
190,1549468800,946,672,-274,1618,6,-0.38208434918408307,0.673435539406368
190,1549483200,1742,896,-846,2638,6,-2.2696423185031067,2.010010869875157
190,1549497600,716,258,-458,974,6,-0.9892708288251676,-0.17044143394843606
190,1549512000,71,32,-39,103,6,0.39339838296621515,-1.311771936731098
190,1549526400,175,326,151,501,6,1.0203844217260307,-0.7902454842540608
190,1549540800,739,1065,326,1804,6,1.5978715626890188,0.9171639820212649
190,1549555200,970,653,-317,1623,6,-0.5239811895349887,0.6799873792616072
190,1549569600,1633,836,-797,2469,6,-2.10794591903347,1.7885586827680735
190,1549584000,737,259,-478,996,6,-1.0552693592209377,-0.14161333858538375
190,1549598400,92,29,-63,121,6,0.3142001464912911,-1.2881853132522372
190,1549612800,168,346,178,514,6,1.1094824377603203,-0.773210700630439
190,1549627200,720,989,269,1709,6,1.409775751061074,0.7926790247717208
190,1549641600,1004,651,-353,1655,6,-0.6427785442473748,0.7219191543351379
190,1549656000,1547,943,-604,2490,6,-1.4710601007142892,1.816076410160078
190,1549670400,734,355,-379,1089,6,-0.7285766337618759,-0.019749117277935317
190,1549684800,140,56,-84,196,6,0.2449016895757325,-1.1899077154236497
190,1549699200,72,129,57,201,6,0.7101913288659114,-1.1833558755684106
190,1549713600,403,522,119,925,6,0.9147867730927987,-0.23464946452977983
190,1549728000,861,654,-207,1515,6,-0.16098927235825336,0.5384676383884414
190,1549742400,956,605,-351,1561,6,-0.6361786912077978,0.5987445650566416
190,1549756800,499,381,-118,880,6,0.1327041879029234,-0.2936160232269323
190,1549771200,167,51,-116,218,6,0.1393040409425004,-1.1610796200605973
190,1549785600,69,96,27,165,6,0.6111935332722563,-1.2305291225261326
190,1549800000,289,344,55,633,6,0.7035914758263344,-0.617276912075747
190,1549814400,738,577,-161,1315,6,-0.009192652447982232,0.2763940441788748
190,1549828800,788,413,-375,1201,6,-0.7153769276827219,0.1270120954794219
190,1549843200,361,165,-196,526,6,-0.12469008064057983,-0.757486284977865
190,1549857600,47,26,-21,73,6,0.4527970603224082,-1.3510829758625331
190,1549872000,195,296,101,491,6,0.8553880957366056,-0.8033491639645391
190,1549886400,725,978,253,1703,6,1.356976926744458,0.7848168169454338
190,1549900800,880,648,-232,1528,6,-0.24348743535296594,0.5555024220120631
190,1549915200,1581,912,-669,2493,6,-1.6855553245005417,1.8200075140732215
190,1549929600,748,176,-572,924,7,-1.1937798544779155,-0.02240924555193992
190,1549944000,73,35,-38,108,7,0.524893709312702,-1.18422339063152
190,1549958400,188,336,148,524,7,1.1235328158015687,-0.5919259833360478
190,1549972800,736,1015,279,1751,7,1.5451549821996415,1.1550666098167033
190,1549987200,920,558,-362,1478,7,-0.5178969923130659,0.7663714362790496
190,1550001600,1488,819,-669,2307,7,-1.5059733670016793,1.9466948753366133
190,1550016000,583,181,-402,764,7,-0.6466365851063706,-0.2502159406655831
190,1550030400,88,30,-58,118,7,0.4605239129160496,-1.1699854721869174
190,1550044800,178,135,-43,313,7,0.5088012602135389,-0.8923460625171648
190,1550046846,118,69,-49,187,7,0.4894903212945432,-1.0717438349191588
190,1550049519,214,119,-95,333,7,0.3414397895822428,-0.8638702256279593
190,1550059200,456,370,-86,826,7,0.37040619796073637,-0.16194084630904637
190,1550064979,305,309,4,614,7,0.6600702817456718,-0.46378471733462356
190,1550065342,10,0,-10,10,7,0.6150114242680152,-1.3237549913886266
190,1550073600,989,357,-632,1346,7,-1.3868892436678724,0.5784309128102939
190,1550088000,1657,618,-1039,2275,7,-2.6968146003397475,1.9011335363138848
190,1550102400,860,172,-688,1032,7,-1.567124673578499,0.1313602736497692
190,1550116800,85,33,-52,118,7,0.4798348518350453,-1.1699854721869174
190,1550131200,181,313,132,494,7,1.0720369786842467,-0.6346397386698559
190,1550145600,723,1052,329,1775,7,1.7060794731912723,1.1892376140837497
190,1550160000,951,673,-278,1624,7,-0.24754384744712607,0.9742450455702489
190,1550174400,1781,904,-877,2685,7,-2.1754192495268634,2.4848881925425954
190,1550188800,702,190,-512,892,7,-1.0006704652879583,-0.06797058457466855
190,1550203200,138,28,-110,166,7,0.2931624422847536,-1.1016434636528245
190,1550217600,164,303,139,467,7,1.0945664074230752,-0.6730821184702832
190,1550232000,762,937,175,1699,7,1.2104320409370493,1.0810294339047692
190,1550246400,1040,585,-455,1625,7,-0.8172165455574992,0.9756688374147092
190,1550260800,1552,789,-763,2341,7,-1.8085114100659452,1.9951037980482627
190,1550275200,734,284,-450,1018,7,-0.8011240964583362,0.11142718782732544
190,1550289600,193,68,-125,261,7,0.2448850949872643,-0.9663832384290988
190,1550304000,72,121,49,193,7,0.8049023236381396,-1.063201083852397
190,1550318400,369,473,104,842,7,0.9819192637289336,-0.13916017679768206
190,1550332800,836,568,-268,1404,7,-0.2153589492487999,0.6610108397889896
190,1550347200,996,536,-460,1532,7,-0.8333089946566623,0.8432561958799041
190,1550361600,545,275,-270,820,7,-0.22179592888846514,-0.17048359737580798
190,1550376000,199,52,-147,251,7,0.17407831895094675,-0.9806211568737014
190,1550390400,42,88,46,130,7,0.7952468541786418,-1.1528999700533942
190,1550404800,282,316,34,598,7,0.7566249763406504,-0.4865653868459879
190,1550419200,640,557,-83,1197,7,0.38006166742023423,0.36628592798571374
190,1550433600,746,465,-281,1211,7,-0.2571993169066239,0.3862190138081575
190,1550448000,400,194,-206,594,7,-0.015812580419177654,-0.49226055422382897
190,1550462400,84,24,-60,108,7,0.4540869332763844,-1.18422339063152
190,1550476800,65,160,95,225,7,0.9529528553504399,-1.0176397448296686
190,1550491200,430,515,85,945,7,0.9207679571521138,0.007490383181725746
190,1550505600,812,591,-221,1403,7,-0.06408992771666691,0.6595870479445293
190,1550520000,1104,596,-508,1700,7,-0.9877965060086279,1.0824532257492294
190,1550534400,527,218,-309,745,8,-0.3874337417944673,-0.5805481892360198
190,1550548800,68,24,-44,92,8,0.44138516093436286,-1.400145632863342
190,1550563200,155,287,132,442,8,0.9918460170863406,-0.9608514440891264
190,1550577600,815,997,182,1812,8,1.1482269421295161,0.7586715233985171
190,1550592000,812,646,-166,1458,8,0.059815703829014626,0.3143568296097391
190,1550606400,1599,866,-733,2465,8,-1.7135439861605954,1.578268967025839
190,1550620800,771,296,-475,1067,8,-0.90661841293781,-0.17639753556374163
190,1550635200,98,31,-67,129,8,0.3694499354145021,-1.353705961478639
190,1550649600,162,285,123,447,8,0.963697450578569,-0.9545758128209233
190,1550664000,787,973,186,1760,8,1.1607374161329702,0.693404958209205
190,1550678400,818,642,-176,1460,8,0.028539518820379528,0.3168670821170203
190,1550692800,1484,810,-674,2294,8,-1.5290144946096484,1.3636423776532938
190,1550707200,675,269,-406,944,8,-0.6908127363782278,-0.33077806476153737
190,1550721600,81,26,-55,107,8,0.40698135742486424,-1.3813187390587327
190,1550736000,147,263,116,410,8,0.9418041210725244,-1.001015484205626
190,1550750400,695,980,285,1675,8,1.4703716477184576,0.5867192266497527
190,1550764800,1056,684,-372,1740,8,-0.5844737073488684,0.6683024331363927
190,1550779200,1670,912,-758,2582,8,-1.7917344486821833,1.725118738701791
190,1550793600,807,316,-491,1123,8,-0.9566603089516261,-0.10611046535986714
190,1550808000,123,31,-92,154,8,0.2912594728929144,-1.3223278051376237
190,1550822400,153,259,106,412,8,0.9105279360638894,-0.9985052316983448
190,1550836800,772,932,160,1704,8,1.0794193351105188,0.6231178880053305
190,1550851200,881,666,-215,1547,8,-0.09343760271329736,0.4260630661837539
190,1550865600,1556,856,-700,2412,8,-1.6103325756320996,1.5117472755828865
190,1551484800,7899,9451,1552,17350,9,3.682881640988182,4.193611979585893
190,1551499200,166,60,-106,226,9,-0.16170653724059186,-0.3982659058008068
190,1551513600,84,119,35,203,9,0.1652457746594426,-0.4044334596062199
190,1551528000,409,470,61,879,9,0.22553485344951987,-0.22316100862973018
190,1551542400,912,581,-331,1493,9,-0.6834389498470299,-0.05851413747652802
190,1551556800,1057,591,-466,1648,9,-0.9964783974108926,-0.01695018791830923
190,1551571200,580,313,-267,893,9,-0.5350350635945319,-0.21940684544382655
190,1551585600,186,53,-133,239,9,-0.2243144267533644,-0.39477989712818196
190,1551600000,59,94,35,153,9,0.1652457746594426,-0.4178411852701614
190,1551614400,320,273,-47,593,9,-0.024896704601570372,-0.29985319942747585
190,1551628800,783,523,-260,1306,9,-0.518803388535665,-0.1086590314596694
190,1551643200,776,464,-312,1240,9,-0.6393815461158195,-0.12635722933607224
190,1551657600,337,155,-182,492,9,-0.33793615216543316,-0.3269368052686377
190,1551672000,50,19,-31,69,9,0.012204266961554106,-0.44036616438558324
190,1551686400,134,246,112,380,9,0.34379420030697916,-0.3569701107558668
190,1551695249,460,341,-119,801,9,-0.1918510766356305,-0.244077060665479
190,1551700800,321,746,425,1067,9,1.0695819565106017,-0.17274796013330998
190,1551715200,722,611,-111,1333,9,-0.17330059085406826,-0.10141885960114096
190,1551729600,1346,802,-544,2148,9,-1.1773456337811246,0.11712706872110622
190,1551744000,625,225,-400,850,10,-0.7270387599501845,-0.3328136646290488
190,1551758400,58,39,-19,97,10,0.4951114559603299,-1.319462048352174
190,1551772800,194,346,152,540,10,1.0436355686130805,-0.7390035702786754
190,1551787200,739,1028,289,1767,10,1.4830964074050503,0.8687222820829109
190,1551801600,881,659,-222,1540,10,-0.15606044385550852,0.5712864479459263
190,1551816000,1688,921,-767,2609,10,-1.9042805689768478,1.9719864774280256
190,1551830400,742,270,-472,1012,10,-0.9579962810671321,-0.12054668167666337
190,1551844800,73,28,-45,101,10,0.41171012889032105,-1.3142208882792756
190,1551859200,195,338,143,533,10,1.0147658784734621,-0.7481756004062476
190,1551873600,802,1016,214,1818,10,1.2425156562415631,0.9355470730123656
190,1551888000,892,654,-238,1546,10,-0.20738433743705242,0.579148188055274
190,1551902400,1738,884,-854,2622,10,-2.183354240326493,1.9890202476649455
190,1551916800,675,286,-389,961,10,-0.691753583112873,-0.18737147260611806
190,1551931200,76,28,-48,104,10,0.4020868988437815,-1.3102900182246018
190,1551945600,171,325,154,496,10,1.0500510553107736,-0.7966563310805579
190,1551946247,30,3,-27,33,10,0.4694495091695579,-1.4033206095185484
190,1551960000,768,1058,290,1826,10,1.4863041507538968,0.9460293931581625
190,1551974400,903,669,-234,1572,10,-0.19455336404166643,0.6132157285291137
190,1551988800,1647,769,-878,2416,10,-2.2603400806988088,1.7191005039106775
190,1552003200,735,285,-450,1020,10,-0.8874259273925091,-0.11006436153086654
190,1552017600,90,33,-57,123,10,0.3732172087041631,-1.2853945078783344
190,1552032000,176,344,168,520,10,1.0949594621946244,-0.7652093706431674
190,1552046400,773,999,226,1772,10,1.281008576427721,0.8752737321740339
190,1552060800,1012,716,-296,1728,10,-0.3934334516701491,0.8176209713721515
190,1552075200,1525,930,-595,2455,10,-1.352548712975251,1.7702018146214369
190,1552089600,787,353,-434,1140,10,-0.8361020338109653,0.047170440656085666
190,1552104000,179,51,-128,230,10,0.145467430936062,-1.145193475928302
190,1552118400,88,118,30,206,10,0.6522908800538081,-1.1766404363656924
190,1552132800,428,516,88,944,10,0.8383399942869049,-0.20964640291593628
190,1552147200,951,653,-298,1604,10,-0.3998489383678421,0.6551450091123009
190,1552161600,1143,665,-478,1808,10,-0.977242741160211,0.9224441728301196
190,1552176000,623,341,-282,964,10,-0.3485250447862982,-0.18344060255144423
190,1552194000,193,61,-132,254,10,0.132636457540676,-1.1137465154909114
190,1552208400,79,118,39,197,10,0.6811605701934266,-1.1884330465297137
190,1552222800,369,383,14,752,10,0.6009669864722642,-0.4612220864150598
190,1552237200,726,550,-176,1276,10,-0.008504249808569756,0.2253698831346315
190,1552251600,721,336,-385,1057,10,-0.6789226097174871,-0.061583630856556285
190,1552266000,331,112,-219,443,10,-0.146437213808969,-0.8661017020464618
190,1552280400,24,29,5,53,10,0.5720972963326457,-1.3771148091540564
190,1552294800,415,642,227,1057,10,1.2842163197765677,-0.061583630856556285
190,1552309200,640,839,199,1479,10,1.1943995060088657,0.49135875683422564
190,1552323600,1057,621,-436,1678,10,-0.8425175205086582,0.7521064704609214
190,1552338000,1501,768,-733,2269,10,-1.7952172951160672,1.526487871231661
190,1552352400,503,159,-344,662,11,-0.4385851145751042,-0.5714512374622545
190,1552366800,37,24,-13,61,11,0.532991840405045,-1.4147113487930971
190,1552381200,442,740,298,1182,11,1.44586323919304,0.15815817666759263
190,1552395600,634,823,189,1457,11,1.1259179579458005,0.5440093091401079
190,1552410000,1127,685,-442,1812,11,-0.7262423399166589,1.0421080437864458
190,1552424400,1630,811,-819,2441,11,-1.8328420741387623,1.9246548158781263
190,1552438800,562,122,-440,684,11,-0.7203717842974435,-0.5405831468644533
190,1552453200,46,24,-22,70,11,0.5065743401185756,-1.402083493548542
190,1552467600,412,707,295,1119,11,1.437057405764217,0.0697631899557073
190,1552482000,720,832,112,1552,11,0.8999015666060075,0.6773033367215223
190,1552496400,1113,739,-374,1852,11,-0.5266434488633353,1.0982318448733572
190,1552510800,1542,939,-603,2481,11,-1.1988220672634988,1.9807786169650377
190,1552525200,607,119,-488,726,11,-0.8612651191586133,-0.4816531557231964
190,1552539600,35,24,-11,59,11,0.5388623960242603,-1.4175175388474426
190,1552552176,250,164,-86,414,11,0.3187165603036828,-0.9194188042011047
190,1552554000,218,708,490,926,11,2.0094365786377186,-0.2010341502886398
190,1552568400,652,857,205,1509,11,1.1728824028995237,0.6169702505530926
190,1552582800,1119,648,-471,1767,11,-0.8113653963952824,0.9789687675636707
190,1552597200,1635,810,-825,2445,11,-1.8504537409964086,1.9302671959868174
190,1552611600,662,130,-532,792,11,-0.9904173427813522,-0.38904888392979275
190,1552626000,66,22,-44,88,11,0.44199822830720625,-1.376827783059432
190,1552640400,386,699,313,1085,11,1.4898924063371555,0.022057959031832677
190,1552654800,690,825,135,1515,11,0.9674129562269846,0.6253888207161293
190,1552669200,1098,709,-389,1807,11,-0.5706726160074508,1.035092568650582
190,1552683600,1472,709,-763,2181,11,-1.668466516800731,1.5598501088132029
190,1552698000,643,202,-441,845,11,-0.7233070621070512,-0.3146848474896352
190,1552712400,131,22,-109,153,11,0.25120517068270565,-1.2856266062932011
190,1552726800,138,171,33,309,11,0.6680146196469993,-1.066743782054247
190,1552741200,545,432,-113,977,11,0.23946405944427482,-0.12947630390282788
190,1552755600,992,489,-503,1481,11,-0.9052942863027288,0.5776835897922548
190,1552770000,943,372,-571,1315,11,-1.1048931773560524,0.34476981528157274
190,1552784400,493,175,-318,668,11,-0.362267891525304,-0.5630326672992179
190,1552798800,83,28,-55,111,11,0.4097101724015215,-1.344556597434458
190,1552813200,82,69,-13,151,11,0.532991840405045,-1.2884327963475466
190,1552827600,353,317,-36,670,11,0.46548045078406786,-0.5602264772448723
190,1552842000,703,332,-371,1035,11,-0.5178376154345121,-0.04809679232680647
190,1552856400,707,231,-476,938,11,-0.8260417854433209,-0.1841970099625664
190,1552870800,273,88,-185,361,11,0.02812405715252033,-0.9937828406412622
190,1552885200,27,30,3,57,11,0.5799562853587682,-1.4203237289017883
190,1552899600,355,704,349,1059,11,1.5955624074830328,-0.01442251167465968
190,1552914000,602,818,216,1420,11,1.2051704588052086,0.492094793134715
190,1552928400,1038,556,-482,1594,11,-0.8436534523009671,0.7362333278627792
190,1552942800,1407,741,-666,2148,11,-1.3837445692687842,1.513547972916501
190,1552957200,593,168,-425,761,12,-0.6001084862927175,-0.5263113244830218
190,1552971600,56,32,-24,88,12,0.6041125462513011,-1.5539217339488707
190,1552986000,403,722,319,1125,12,1.634156970596933,0.02948390441084007
190,1553000400,618,784,166,1402,12,1.1746910903494645,0.45243796595919095
190,1553014800,1067,620,-447,1687,12,-0.666175475609347,0.8876073072634509
190,1553029200,1525,808,-717,2333,12,-1.4769976172225268,1.8739911475531068
190,1553043600,700,211,-489,911,12,-0.7923033643047306,-0.2972748290597271
190,1553058000,51,40,-11,91,12,0.6431521308474912,-1.5493410040404048
190,1553072400,394,658,264,1052,12,1.4689894973053592,-0.08198052336183002
190,1553086800,624,818,194,1442,12,1.2587763494797202,0.5135143647387362
190,1553101200,1038,660,-378,1698,12,-0.45896537275264554,0.9044033169278258
190,1553115600,1567,770,-797,2337,12,-1.7172412147375429,1.8800987874310613
190,1553130000,690,248,-442,938,12,-0.6511602507646586,-0.256048259883534
190,1553144400,61,30,-31,91,12,0.5830912314687372,-1.5493410040404048
190,1553158800,404,653,249,1057,12,1.4239438227712937,-0.07434597351438686
190,1553173200,593,774,181,1367,12,1.21973676488353,0.39899611702708887
190,1553187600,1082,706,-376,1788,12,-0.45295928281477016,1.0418252141818027
190,1553202000,1465,833,-632,2298,12,-1.221738794862822,1.8205492986210048
190,1553216400,698,250,-448,948,12,-0.6691785205782848,-0.2407791601886477
190,1553230800,64,31,-33,95,12,0.5770851415308618,-1.5432333641624503
190,1553245200,399,647,248,1046,12,1.4209407778023562,-0.0911419831787618
190,1553259600,666,774,108,1440,12,1.0005144821510779,0.510460544799759
190,1553274000,1083,622,-461,1705,12,-0.7082181051744748,0.9150916867142462
190,1553288400,1343,668,-675,2011,12,-1.3508697285271432,1.3823261373777675
190,1553302800,753,161,-592,914,12,-1.101616996105314,-0.29269409915126116
190,1553317200,138,40,-98,178,12,0.38188721854991114,-1.4164998366948938
190,1553331600,134,179,45,313,12,0.8113226491080024,-1.2103669908139285
190,1553346000,628,522,-106,1150,12,0.3578628587984095,0.06765665364805586
190,1553360400,1038,516,-522,1554,12,-0.8914038482796748,0.6845282813214629
190,1553374800,1077,382,-695,1459,12,-1.4109306279058973,0.539471834220043
190,1553389200,660,220,-440,880,12,-0.6451541608267831,-0.3446090381138746
190,1553403600,140,36,-104,176,12,0.3638689487362849,-1.4195536566338711
190,1553418000,96,82,-14,178,12,0.6341429959406781,-1.4164998366948938
190,1553432400,460,278,-182,738,12,0.12963144115914413,-0.5614302537812603
190,1553446800,923,407,-516,1330,12,-0.8733855784660486,0.3425004481560095
190,1553461200,890,318,-572,1208,12,-1.0415560967265598,0.15621743187839648
190,1553475600,404,105,-299,509,12,-0.22172482020656706,-0.9110926367941569
190,1553490000,35,21,-14,56,12,0.6341429959406781,-1.6027828529725068
190,1553504400,376,697,321,1073,12,1.6401630605348083,-0.04991541400256876
190,1553518800,610,742,132,1352,12,1.0725875614055826,0.3760924674847594
190,1553533200,1006,572,-434,1578,12,-0.6271358910131569,0.7211741205891901
190,1553547600,1396,686,-710,2082,12,-1.4559763024399628,1.4907367452114604
190,1553562000,580,168,-412,748,13,-0.7523818698785545,-0.4773947227735392
190,1553576400,54,24,-30,78,13,0.4258566905350059,-1.4500670862654141
190,1553590800,424,708,284,1132,13,1.3943564496184038,0.08007719898896826
190,1553605200,679,790,111,1469,13,0.8607562638813725,0.5693168803274188
190,1553619600,882,664,-218,1546,13,-0.15400940726014947,0.6811016146391716
190,1553634000,1586,758,-828,2344,13,-2.0354898309571965,1.8395979520518824
190,1553648400,698,216,-482,914,13,-0.9682894594831336,-0.23640425659495526
190,1553662800,65,29,-36,94,13,0.4073503257117563,-1.4268390895253098
190,1553677200,384,683,299,1067,13,1.440622361676528,-0.014286537767706185
190,1553691600,664,819,155,1483,13,0.9964696059185365,0.5896413774750102
190,1553706000,1109,707,-402,1816,13,-0.7215379285064718,1.0730740596284347
190,1553720400,1545,836,-709,2381,13,-1.668446928629412,1.893312694513374
190,1553734800,709,224,-485,933,13,-0.9775426418947585,-0.20882101046608118
190,1553749200,51,22,-29,73,13,0.4289410846722142,-1.457325835246697
190,1553763600,379,718,339,1097,13,1.5639981271648589,0.029265956119989712
190,1553778000,685,862,177,1547,13,1.0643262769371185,0.6825533644354281
190,1553792400,1125,661,-464,1786,13,-0.9127703650133847,1.0295215657407388
190,1553806800,1553,835,-718,2388,13,-1.6962064758642863,1.9034749430871698
190,1553821200,795,238,-557,1033,13,-1.1996190197737542,-0.0636460308404282
190,1553835600,71,36,-35,107,13,0.41043471984896457,-1.4079663421739748
190,1553850000,386,652,266,1038,13,1.3388373551486548,-0.05638728185914555
190,1553853029,175,138,-37,313,13,0.404265931574548,-1.1089058841451296
190,1553857393,158,100,-58,258,13,0.3394936546931743,-1.1887521229392388
190,1553864400,316,822,506,1138,13,2.07909194807864,0.08878769776650744
190,1553878800,1163,732,-431,1895,13,-0.8109853584855117,1.1877622935327006
190,1553893200,1424,786,-638,2210,13,-1.4494549448876244,1.6450634793535075
190,1553907600,673,202,-471,875,13,-0.9343611239738426,-0.2930224986489599
190,1553922000,126,36,-90,162,13,0.2407930423025095,-1.3281201033798657
190,1553936400,111,182,71,293,13,0.7373804983930415,-1.1379408800702602
190,1553950800,515,580,65,1095,13,0.7188741335697919,0.026362456527476652
190,1553965200,939,583,-356,1522,13,-0.5796557981948912,0.6462596195290149
190,1553979600,958,536,-422,1494,13,-0.7832258112506373,0.605610625233832
190,1553994000,560,266,-294,826,13,-0.38842336168797825,-0.3641582386655299
190,1554008400,119,39,-80,158,13,0.27163698367459227,-1.3339271025648918
190,1554022800,86,118,32,204,13,0.6170891270419189,-1.2671466119370913
190,1554037200,410,409,-1,819,13,0.5153041205140458,-0.3743204872393256
190,1554051600,742,464,-278,1206,13,-0.3390730554926459,0.18750668391195147
190,1554066000,645,364,-281,1009,13,-0.3483262379042707,-0.09848802595058491
190,1554080400,328,104,-224,432,13,-0.17251577208339913,-0.9361476583906027
190,1554094800,28,21,-7,49,13,0.4967977556907962,-1.4921678303568535
190,1554109200,425,672,247,1097,13,1.2802338665416977,0.029265956119989712
190,1554123600,620,789,169,1409,13,1.0396511238394524,0.482211892552027
190,1554138000,1032,639,-393,1671,13,-0.6937783812715973,0.8625703391712378
190,1554152400,1411,761,-650,2172,13,-1.4864676745341237,1.5898969870957593
190,1554166800,459,138,-321,597,14,-0.3181543872850124,-0.8439457955345842
190,1554181200,41,16,-25,57,14,0.503981414570584,-1.5931215222841386
190,1554195600,451,647,196,1098,14,1.1178057801452015,-0.14887720460583082
190,1554210000,635,726,91,1361,14,0.8261697693518313,0.21599912157034104
190,1554224400,1183,655,-528,1838,14,-0.8930939514205138,0.8777710135324475
190,1554238800,1590,789,-801,2379,14,-1.6513475794832768,1.6283341027389455
190,1554253200,564,185,-379,749,14,-0.479248564675636,-0.6330667020791539
190,1554267600,53,31,-22,84,14,0.5123138720218232,-1.5556627359466608
190,1554282000,425,667,242,1092,14,1.2455701277308686,-0.15720137934749254
190,1554296400,659,834,175,1493,14,1.0594785779865274,0.3991309658868988
190,1554310800,1210,718,-492,1928,14,-0.7931044620056441,1.0026336346573732
190,1554325200,1550,782,-768,2332,14,-1.559690547519646,1.5631280672625953
190,1554339600,655,161,-494,816,14,-0.7986594336398035,-0.5401134174639315
190,1554354000,47,36,-11,83,14,0.5428662160097001,-1.5570500984036044
190,1554368400,417,743,326,1160,14,1.4788789363655648,-0.06286073227532643
190,1554382800,684,728,44,1412,14,0.6956279359490846,0.28675460687446563
190,1554397200,1173,690,-483,1863,14,-0.7681070896519266,0.912455074956038
190,1554411600,1565,838,-727,2403,14,-1.4458136290193777,1.6616308017055923
190,1554426000,686,228,-458,914,14,-0.6986699442249337,-0.4041518966834568
190,1554440400,76,35,-41,111,14,0.45954164149730853,-1.518203949609183
190,1554454800,403,709,306,1112,14,1.4233292200239704,-0.12945413020862015
190,1554469200,699,847,148,1546,14,0.9844864609253752,0.47266117610491065
190,1554483600,1177,758,-419,1935,14,-0.5903479973588247,1.0123451718559786
190,1554498000,1385,788,-597,2173,14,-1.0847404727990144,1.3425374366085598
190,1554512400,679,264,-415,943,14,-0.5792380540905058,-0.3639183854320918
190,1554526800,132,34,-98,166,14,0.30122494992376464,-1.441899014477284
190,1554541200,158,237,79,395,14,0.7928399395468746,-1.1241930118371952
190,1554555600,635,682,47,1317,14,0.7039603934003237,0.1549551734648218
190,1554570000,1117,812,-305,1929,14,-0.2737146142117369,1.0040209971143168
190,1554584400,920,760,-160,1680,14,0.12902082926482214,0.6585677453353556
190,1554598800,1775,474,-1301,2249,14,-3.0400904880231354,1.447976983336275
190,1554613200,139,47,-92,186,14,0.31788986482624293,-1.4141517653384117
190,1554627600,114,166,52,280,14,0.7178478224857222,-1.2837396943857113
190,1554642000,511,599,88,1110,14,0.8178373119005921,-0.1322288551225074
190,1554656400,866,733,-133,1599,14,0.20401294632597453,0.5461913863229224
190,1554670800,832,428,-404,1260,14,-0.5486857101026289,0.0758755134190355
190,1554685200,385,139,-246,524,14,-0.10984295100403356,-0.9452232548914683
190,1554699600,45,40,-5,85,14,0.5595311309121783,-1.5542753734897172
190,1554714000,404,654,250,1058,14,1.2677900142675063,-0.2043717028835756
190,1554728400,608,803,195,1411,14,1.1150282943281218,0.28536724441752204
190,1554742800,1040,622,-418,1662,14,-0.587570511541745,0.6335952211103705
190,1554757200,1500,733,-767,2233,14,-1.5569130617025664,1.425779184025177
190,1554771600,517,158,-359,675,15,-0.49791450704931617,-0.5542270624543215
190,1554786001,42,20,-22,62,15,0.5720965524473882,-1.4445553726698048
190,1554800400,447,753,306,1200,15,1.6135316489308276,0.20828902704507277
190,1554814800,622,800,178,1422,15,1.2071179527421683,0.530724402033388
190,1554829200,1070,673,-397,1743,15,-0.6185685731053244,0.9969485253273034
190,1554843600,1576,711,-865,2287,15,-2.10451864979511,1.7870604352085806
190,1554858000,585,205,-380,790,15,-0.5645917540802681,-0.387199728563978
190,1554872400,45,35,-10,80,15,0.6101978364650751,-1.4184119638869683
190,1554883417,75,315,240,390,15,1.4039745868335503,-0.9681643681825641
190,1554885447,85,173,88,258,15,0.9213583226095173,-1.1598826992566975
190,1554886800,435,239,-196,674,15,0.019627934190929584,-0.555679474053368
190,1554901200,747,842,95,1589,15,0.9435840716198346,0.7732771390741477
190,1554915600,1095,679,-416,1774,15,-0.6788956061333286,1.0419732848977439
190,1554930000,1530,760,-770,2290,15,-1.8028834846550892,1.7914176700057198
190,1554944400,586,215,-371,801,15,-0.536015791067003,-0.37122320097446687
190,1554958800,56,28,-28,84,15,0.5530459104385449,-1.4126023174907825
190,1554973200,403,696,293,1099,15,1.5722552579116669,0.06159545554137976
190,1554987600,671,774,103,1445,15,0.9689849276316258,0.5641298688114568
190,1555002000,1102,650,-452,1752,15,-0.7931994581863889,1.0100202297187215
190,1555016400,1507,763,-744,2270,15,-1.7203307026167678,1.7623694380247905
190,1555030800,565,217,-348,782,15,-0.4629883300331033,-0.3988190213563497
190,1555045200,55,36,-19,91,15,0.5816218734518099,-1.4024354362974571
190,1555059600,412,673,261,1085,15,1.470651833864502,0.041261693154729245
190,1555074000,671,799,128,1470,15,1.0483626026684734,0.6004401587876184
190,1555088400,1132,729,-403,1861,15,-0.6376192151141679,1.1683330940147862
190,1555102800,1450,770,-680,2220,15,-1.5171238545224381,1.6897488580724673
190,1555117200,598,174,-424,772,15,-0.7042964621451198,-0.4133431373468144
190,1555131600,108,19,-89,127,15,0.35936438334863696,-1.3501486187317846
190,1555146000,158,186,28,344,15,0.7308519025210833,-1.0349753017387016
190,1555160400,623,447,-176,1070,15,0.0831300742204076,0.019475519169032268
190,1555174800,1029,462,-567,1491,15,-1.1583367633558874,0.6309408023675942
190,1555189200,869,360,-509,1229,15,-0.9741805572704013,0.25040896341742025
190,1555203600,546,188,-358,734,15,-0.4947394000478423,-0.4685347781105801
190,1555218000,140,31,-109,171,15,0.29586224331915895,-1.28624250837374
190,1555232400,141,115,-26,256,15,0.5593961244414927,-1.1627875224547906
190,1555246800,434,342,-92,776,15,0.34983906234421525,-0.4075334909506285
190,1555261200,798,423,-375,1221,15,-0.5487162190728986,0.23878967062504852
190,1555275600,744,297,-447,1041,15,-0.7773239231790194,-0.022644417203315226
190,1555290000,356,99,-257,455,15,-0.17405359289897834,-0.8737576142445439
190,1555304400,28,22,-6,50,15,0.6228982644709706,-1.4619843118583624
190,1555318800,396,688,292,1084,15,1.569080150910193,0.03980928155568278
190,1555333200,707,844,137,1551,15,1.0769385656817385,0.718085498310382
190,1555347600,1068,625,-443,1693,15,-0.7646234951731239,0.9243279453749802
190,1555362000,1469,762,-707,2231,15,-1.6028517435622336,1.7057253856619785
190,1555376400,440,168,-272,608,16,-0.4230151180880008,-0.6170378267883272
190,1555390800,35,22,-13,57,16,0.4565814782798232,-1.4148700266407523
190,1555405200,456,701,245,1157,16,1.3327819487929453,0.1778984304149058
190,1555419600,648,836,188,1484,16,1.1392027750749298,0.6513850535578151
190,1555434000,1104,687,-417,1791,16,-0.9154533670197942,1.0959122502088032
190,1555448400,1598,807,-791,2405,16,-2.185604436678351,1.9849666435107798
190,1555462800,610,202,-408,812,16,-0.884888234327476,-0.3216516765707324
190,1555477200,44,29,-15,73,16,0.4497892265704192,-1.3917024854472155
190,1555488323,195,118,-77,313,16,0.23922942357889374,-1.0441893675441627
190,1555491600,234,748,514,982,16,2.2463398037077895,-0.07549655138940345
190,1555506000,716,889,173,1605,16,1.0882608872543995,0.8265895838339374
190,1555520400,1141,714,-427,1855,16,-0.9494146255668144,1.1885824149829507
190,1555534800,1602,888,-714,2490,16,-1.9241027458662951,2.1080442061014444
190,1555549200,592,200,-392,792,16,-0.8305502206522436,-0.3506111030626535
190,1555563600,46,28,-18,74,16,0.4396008490063131,-1.3902545141226195
190,1555578000,388,710,322,1098,16,1.594283639605001,0.09246812226373867
190,1555592400,728,851,123,1579,16,0.9184545945192983,0.7889423293944401
190,1555606800,1134,660,-474,1794,16,-1.1090325407378094,1.1002561641825914
190,1555621200,1492,809,-683,2301,16,-1.8188228443705323,1.8343776257527902
190,1555635600,618,273,-345,891,16,-0.6709323054812485,-0.20726194192764424
190,1555650000,79,18,-61,97,16,0.2935674372541261,-1.3569511736569102
190,1555664400,242,458,216,700,16,1.2342942990065866,-0.48382446492549036
190,1555678800,643,733,90,1376,16,0.8063824413141316,0.49500415050144136
190,1555693200,1132,707,-425,1839,16,-0.9426223738574103,1.1654148737894139
190,1555707600,1136,628,-508,1764,16,-1.2245008197976783,1.05681702444471
190,1555722000,520,237,-283,757,16,-0.46037250248972306,-0.40129009942351535
190,1555736400,94,36,-58,130,16,0.30375581481823216,-1.3091681199452405
190,1555750800,122,180,58,302,16,0.6977064139636668,-1.0601170521147194
190,1555765200,456,444,-12,900,16,0.45997760413452526,-0.19423020000627977
190,1555779600,746,534,-212,1280,16,-0.21924756680587942,0.3559989033402203
190,1555794000,794,482,-312,1276,16,-0.5588601522760818,0.35020701804183607
190,1555808400,425,218,-207,643,16,-0.2022669375323693,-0.5663588304274654
190,1555822800,103,36,-67,139,16,0.27319068212591396,-1.296136378023876
190,1555837200,121,91,-30,212,16,0.3988473387498888,-1.190434471328364
190,1555851600,332,344,12,676,16,0.5414846246473738,-0.5185757767157956
190,1555866000,521,417,-104,938,16,0.14753402550193911,-0.13920728967162976
190,1555880400,505,374,-131,879,16,0.05583862742498447,-0.22463759782279688
190,1555894800,260,125,-135,385,16,0.04225412400617638,-0.9399354321732469
190,1555909200,35,28,-7,63,16,0.47695823340803534,-1.406182198693176
190,1555923600,342,557,215,899,16,1.2308981731518844,-0.19567817133087584
190,1555938000,632,760,128,1392,16,0.9354352237928085,0.5181716916949782
190,1555952400,949,581,-368,1530,16,-0.7490432001393951,0.7179917344892335
190,1555966800,1394,736,-658,2130,16,-1.7339196980029818,1.5867745292468651
190,1555981200,480,120,-360,600,17,-0.7543194679058695,-0.6314779740803289
190,1555995600,31,22,-9,53,17,0.5329876023229058,-1.4428509353139907
190,1556010000,383,563,180,946,17,1.2261529478307078,-0.11825120152667806
190,1556011424,57,159,102,216,17,0.9400847100020912,-1.2010706927525887
190,1556024400,660,682,22,1342,17,0.6466813891522278,0.4691412896040899
190,1556038800,985,629,-356,1614,17,-0.7396493018633763,0.8726027986636072
190,1556053200,1497,753,-744,2250,17,-2.162655407985213,1.8159907389645376
190,1556067600,551,117,-434,668,17,-1.0257175396919929,-0.5306125968154495
190,1556082000,56,22,-34,78,17,0.4412990645573235,-1.405768076025432
190,1556096400,363,559,196,922,17,1.2848336120006805,-0.15385074644369431
190,1556110800,663,817,154,1480,17,1.1307968685545022,0.6738386728769332
190,1556125200,925,674,-251,1599,17,-0.3545574432479307,0.8503530830904721
190,1556139600,1509,788,-721,2297,17,-2.0783019532408775,1.8857065144270277
190,1556154000,583,139,-444,722,17,-1.0623929547982258,-0.45051362075216295
190,1556168400,41,18,-23,59,17,0.4816420211741797,-1.4339510490847367
190,1556182800,344,589,245,933,17,1.464543146021222,-0.13753428835672854
190,1556197200,679,836,157,1515,17,1.1417994930863722,0.7257546758809152
190,1556211600,1080,679,-401,1759,17,-0.9046886698414244,1.087683382537247
190,1556226000,1331,895,-436,2226,17,-1.0330526227132395,1.7803911940475214
190,1556240400,639,143,-496,782,17,-1.253105113350637,-0.3615147584596224
190,1556254800,70,23,-47,93,17,0.3936210249192207,-1.383518360452297
190,1556269200,337,540,203,877,17,1.3105064025750437,-0.22059989316309975
190,1556283600,650,794,144,1444,17,1.0941214534482695,0.6204393555014089
190,1556298000,952,730,-222,1682,17,-0.24819873943985524,0.9734681759284867
190,1556312400,1320,775,-545,2095,17,-1.4328146473711783,1.5860770113754743
190,1556326800,520,241,-279,761,17,-0.4572486055453828,-0.39266436026201157
190,1556341200,112,34,-78,146,17,0.27992723808989867,-1.3049026987605528
190,1556355600,137,172,35,309,17,0.6943594287903306,-1.0631224561991508
190,1556370000,554,468,-86,1022,17,0.25058690600491235,-0.005519309289459976
190,1556384400,894,575,-319,1469,17,-0.6039502659703145,0.6575222147899675
190,1556398800,821,499,-322,1320,17,-0.6149528905021844,0.43650837343015836
190,1556413200,443,217,-226,660,17,-0.2628689054823484,-0.5424791117877883
190,1556427600,104,30,-74,134,17,0.2945974041323918,-1.322702471219061
190,1556442000,149,115,-34,264,17,0.4412990645573235,-1.1298716029185563
190,1556456400,311,418,107,729,17,0.9584224175552076,-0.44013042015136655
190,1556470800,594,441,-153,1035,17,0.004861624793151846,0.013763777540590487
190,1556485200,609,412,-197,1021,17,-0.15651020167427296,-0.007002623661002319
190,1556499600,285,119,-166,404,17,-0.04281641484495094,-0.9222075909026282
190,1556514000,53,33,-20,86,17,0.4926446457060496,-1.3939015610530934
190,1556528400,418,712,294,1130,17,1.6442526800417632,0.1546786428371131
190,1556542800,601,758,157,1359,17,1.1417994930863722,0.49435763392030974
190,1556557200,1131,617,-514,1748,17,-1.319120860541856,1.0713669244502813
190,1556571600,1449,808,-641,2257,17,-1.784898632391014,1.826373939565334
190,1556586000,542,118,-424,660,18,-0.7015563406915862,-0.5776955353155772
190,1556600400,47,26,-21,73,18,0.5418512637634701,-1.4212459811619549
190,1556614800,443,655,212,1098,18,1.2607444941307855,0.05173392853572333
190,1556629200,657,844,187,1501,18,1.1836100273531764,0.6308665174217373
190,1556643600,1127,640,-487,1767,18,-0.8959351969711609,1.0131227671579153
190,1556658000,1527,763,-764,2290,18,-1.750585088867068,1.7647017844963402
190,1556672400,555,132,-423,687,18,-0.6984709620204819,-0.5388950889137847
190,1556686800,51,21,-30,72,18,0.514082855723531,-1.4226830347323915
190,1556701200,433,676,243,1109,18,1.3563912329350205,0.06754151781052768
190,1556715600,679,790,111,1469,18,0.9491212483492453,0.584880803167761
190,1556730000,1137,691,-446,1828,18,-0.7694346714558821,1.1007830349545575
190,1556744400,1581,828,-753,2409,18,-1.71664592348492,1.9357111593783147
190,1556758800,590,122,-468,712,18,-0.837313002220178,-0.5029687496528658
190,1556773200,38,15,-23,53,18,0.5356805064212614,-1.44998705257069
190,1556787600,413,730,317,1143,18,1.5847092545967432,0.1164013392053775
190,1556802000,658,792,134,1450,18,1.0200849577846456,0.5575767853294625
190,1556816400,1186,625,-561,1811,18,-1.1242532186328833,1.0763531242571327
190,1556830800,1501,774,-727,2275,18,-1.6364260780362068,1.743145980939789
190,1556845200,595,145,-450,740,18,-0.7817761861402995,-0.46273124968063645
190,1556859600,83,29,-54,112,18,0.44003376761702634,-1.3652008919149212
190,1556874000,362,722,360,1084,18,1.7173805374542306,0.0316151785496087
190,1556888400,655,811,156,1466,18,1.0879632885489414,0.5805696424564507
190,1556902800,1176,672,-504,1848,18,-0.948386634379935,1.1295241063632928
190,1556917200,1396,814,-582,2210,18,-1.1890461707260749,1.6497374988613995
190,1556931600,621,167,-454,788,18,-0.794117700824717,-0.39375267829967203
190,1556946000,104,33,-71,137,18,0.3875823302082522,-1.3292745526540022
190,1556960400,128,158,30,286,18,0.6992055759897924,-1.115153570658925
190,1556974800,457,454,-3,911,18,0.5973880798433486,-0.21699508913595064
190,1556989200,813,425,-388,1238,18,-0.5904827085318293,0.2529214283968696
190,1557003600,831,306,-525,1137,18,-1.0131795864731263,0.10777901778275693
190,1557018000,454,177,-277,631,18,-0.24800567603924553,-0.6193700888582432
190,1557032400,130,27,-103,157,18,0.2888502127329128,-1.3005334812452671
190,1557046800,85,91,6,176,18,0.6251564878832878,-1.2732294634069687
190,1557061200,380,336,-44,716,18,0.4708875543280699,-0.49722053537111865
190,1557075600,557,376,-181,933,18,0.04819067638677284,-0.18537991058634193
190,1557090000,572,266,-306,838,18,-0.3374816575012719,-0.32189999977783407
190,1557104400,271,98,-173,369,18,0.0728737057556077,-0.9958781243126741
190,1557118800,28,23,-5,51,18,0.5912173225011399,-1.4528611597115635
190,1557133200,415,707,292,1122,18,1.5075747878191341,0.08622321422620555
190,1557147600,581,764,183,1345,18,1.1712685126687592,0.40668616043360284
190,1557162000,1093,595,-498,1688,18,-0.9298743623533088,0.8995955350934113
190,1557176400,1479,735,-744,2214,18,-1.6888775154449809,1.6554857131431466
190,1557190800,511,140,-371,651,19,-0.6181249640638549,-0.5883413681344717
190,1557205200,29,17,-12,46,19,0.5183325665000769,-1.4724713677971912
190,1557219600,407,724,317,1131,19,1.5598215011951564,0.11311714399462819
190,1557234000,624,775,151,1399,19,1.034328604054174,0.504764813266709
190,1557248400,1154,624,-530,1778,19,-1.1214585221687718,1.058624763468644
190,1557262800,1488,768,-720,2256,19,-1.7229262960048362,1.7571605317972059
190,1557277200,523,154,-369,677,19,-0.6117937243392647,-0.5503456987274787
190,1557291600,29,27,-2,56,19,0.5499887651230276,-1.4578576487945016
190,1557306000,413,753,340,1166,19,1.6326307580279429,0.16426516050404172
190,1557320400,691,752,61,1443,19,0.7494228164476173,0.5690651768785431
190,1557334800,1091,673,-418,1764,19,-0.7669090975917234,1.0381655568648787
190,1557349200,1529,726,-803,2255,19,-1.9856727445753273,1.755699159896937
190,1557363600,567,179,-388,746,19,-0.6719405017228711,-0.44951103760892064
190,1557378000,45,24,-21,69,19,0.48984198773942117,-1.4388598140910052
190,1557392400,418,723,305,1141,19,1.5218340628476155,0.12773086299731776
190,1557406800,636,828,192,1464,19,1.1641190184082721,0.5997539867841912
190,1557421200,1183,716,-467,1899,19,-0.922024470844182,1.235450763401188
190,1557435600,1555,758,-797,2313,19,-1.966679025401557,1.8404587301125366
190,1557450000,548,169,-379,717,19,-0.6434499229622155,-0.49189082271672047
190,1557464400,61,23,-38,84,19,0.4360264500804049,-1.416939235586971
190,1557478800,386,622,236,1008,19,1.3034062923492553,-0.06663159973845365
190,1557493200,634,855,221,1489,19,1.2559219944148292,0.6362882842909152
190,1557507600,1170,718,-452,1888,19,-0.8745401729097559,1.2193756724982294
190,1557522000,1305,679,-626,1984,19,-1.425358028949099,1.3596673749240493
190,1557536400,586,248,-338,834,19,-0.5136595086081175,-0.32091031038525236
190,1557550800,99,31,-68,130,19,0.34105785421155266,-1.3497161281745989
190,1557565200,124,198,74,322,19,0.7905758746574533,-1.0691327233229588
190,1557579600,497,422,-75,919,19,0.3188985151754872,-0.1966936988623909
190,1557594000,874,495,-379,1369,19,-0.6434499229622155,0.4609236562586402
190,1557608400,822,355,-467,1177,19,-0.922024470844182,0.18034025140700025
190,1557622800,456,214,-242,670,19,-0.20976000182779028,-0.5605753020293615
190,1557637200,118,24,-94,142,19,0.25875173779188076,-1.3321796653713713
190,1557651600,94,128,34,222,19,0.6639510801656503,-1.2152699133498546
190,1557666000,344,286,-58,630,19,0.37271405283450343,-0.6190301780401198
190,1557680400,561,347,-214,908,19,-0.12112264568352821,-0.21276878976534946
190,1557694800,457,303,-154,760,19,0.06881454605417628,-0.42905183100515526
190,1557709200,256,105,-151,361,19,0.0783114056410615,-1.0121392192124694
190,1557723600,29,20,-9,49,19,0.527829426086962,-1.4680872520963844
190,1557738000,412,671,259,1083,19,1.376215549182042,0.042971292781718205
190,1557752400,600,742,142,1342,19,1.0058380252935184,0.4214666149513783
190,1557766800,1065,697,-368,1762,19,-0.6086281044769697,1.0352428130643407
190,1557781200,1425,722,-703,2147,19,-1.6691107583458198,1.5978709946678895
190,1557795600,451,131,-320,582,20,-0.4224340758503338,-0.6946882323756225
190,1557810000,41,16,-25,57,20,0.44985264138436754,-1.449287036470275
190,1557824400,402,681,279,1083,20,1.3487514957550428,0.02541462638898882
190,1557838800,602,769,167,1371,20,1.0175782336184782,0.43936597034948394
190,1557853200,1120,690,-430,1810,20,-0.7476935297344598,1.0703543036781553
190,1557867600,1563,831,-732,2394,20,-1.6406785758526965,1.9097556400424927
190,1557882000,529,186,-343,715,20,-0.4904428707533784,-0.5035232020049771
190,1557896400,48,20,-28,68,20,0.44098192900570954,-1.4334763948606728
190,1557910800,411,712,301,1123,20,1.413803386531868,0.08290786860572426
190,1557925200,630,783,153,1413,20,0.9761815758514077,0.49973387467705616
190,1557939600,1090,641,-449,1731,20,-0.803874708132627,0.9568051503001028
190,1557954000,1507,738,-769,2245,20,-1.7500840285228116,1.6955933127851532
190,1557968400,624,182,-442,806,20,-0.7831763792490917,-0.37272607596190405
190,1557982800,61,27,-34,88,20,0.4232405042483936,-1.404729773752305
190,1557997200,385,729,344,1114,20,1.5409502639592991,0.06997188910695878
190,1558011600,648,815,167,1463,20,1.0175782336184782,0.5716004274479755
190,1558026000,1196,692,-504,1888,20,-0.96650443507469,1.1824661260007894
190,1558040400,1604,786,-818,2390,20,-1.8949723307075585,1.9040063158208191
190,1558054800,678,247,-431,925,20,-0.7506504338606791,-0.20168368036711615
190,1558069200,63,33,-30,96,20,0.4350681207532709,-1.393231125308958
190,1558083377,179,656,477,835,20,1.9342185127464695,-0.33104347535477086
190,1558083457,2,0,-2,2,20,0.5178614362874121,-1.5283402445182863
190,1558083600,372,258,-114,630,20,0.18668817415084746,-0.62569634171554
190,1558098000,656,794,138,1450,20,0.9318280139581178,0.5529151237275364
190,1558112400,1175,738,-437,1913,20,-0.7683918586179951,1.218399402386249
190,1558126800,1450,701,-749,2151,20,-1.690945945998425,1.560484193575825
190,1558141200,637,268,-369,905,20,-0.5673223780350809,-0.23043030147548385
190,1558155600,107,33,-74,140,20,0.3049643391996205,-1.329988558870549
190,1558170000,125,167,42,292,20,0.6479652178410624,-1.1115142384469543
190,1558184400,452,550,98,1002,20,0.8135518489093447,-0.09100918909990043
190,1558198800,863,583,-280,1446,20,-0.3041579108015608,0.5471657995058629
190,1558213200,844,433,-411,1277,20,-0.6915123513362926,0.30425685114015566
190,1558227600,951,341,-610,1292,20,-1.2799362724539387,0.32581681697143144
190,1558242000,112,39,-73,151,20,0.30792124332583987,-1.3141779172609467
190,1558256400,99,110,11,209,20,0.5563011899282633,-1.2308127160466804
190,1558270800,392,368,-24,760,20,0.4528095455105869,-0.4388433045111498
190,1558285200,661,450,-211,1111,20,-0.10013152609242723,0.06565989594070362
190,1558299600,654,392,-262,1046,20,-0.25093363652961287,-0.027766622661491457
190,1558314000,310,136,-174,446,20,0.009273926577687858,-0.8901652559125229
190,1558328400,36,23,-13,59,20,0.48533549089899947,-1.4464123743594381
190,1558342800,392,707,315,1099,20,1.4552000442989386,0.04841192327568299
190,1558357200,604,780,176,1384,20,1.0441903707544522,0.45805127406992296
190,1558371600,1091,653,-438,1744,20,-0.7713487627442144,0.9754904540205418
190,1558386000,1517,651,-866,2168,20,-2.0369037287660863,1.5849188215179375
190,1558400400,505,167,-338,672,21,-0.5725571208708229,-0.4594663148814936
190,1558414800,48,27,-21,75,21,0.45827797139072346,-1.3464213059769257
190,1558429200,438,762,324,1200,21,1.580164743725845,0.32497629030843633
190,1558443600,634,827,193,1461,21,1.1541729548101902,0.7127405326466404
190,1558458000,1149,726,-423,1875,21,-0.8489640068084614,1.3278148480796537
190,1558472400,1573,768,-805,2341,21,-2.0911690706693786,2.020144874629857
190,1558486800,607,239,-368,846,21,-0.6701124923782248,-0.20095681998935758
190,1558501200,54,22,-32,76,21,0.42250766850467614,-1.3449356192246722
190,1558515600,409,744,335,1153,21,1.6159350466118922,0.2551490129525146
190,1558530000,693,790,97,1483,21,0.8419957659865043,0.7454256411962208
190,1558544400,1169,737,-432,1906,21,-0.8782306182606819,1.373871137399517
190,1558558800,1630,762,-868,2392,21,-2.2960353508349223,2.0959148989947933
190,1558573200,599,185,-414,784,21,-0.819697395356241,-0.2930693986290842
190,1558587600,63,33,-30,96,21,0.4290113599385029,-1.315221884179599
190,1558602000,419,707,288,1126,21,1.4630982979169627,0.21503547064166587
190,1558616400,652,881,229,1533,21,1.2712394006190724,0.8197099788089035
190,1558630800,1141,680,-461,1821,21,-0.9725341440511704,1.2475877634579562
190,1558645200,1548,735,-813,2283,21,-2.1171838364046858,1.933975042999145
190,1558659600,595,207,-388,802,21,-0.7351494067164926,-0.2663270370885184
190,1558674000,57,24,-33,81,21,0.41925582278776274,-1.3375071854634037
190,1558688400,323,658,335,981,21,1.6159350466118922,-0.00038910843511413297
190,1558702800,641,754,113,1395,21,0.8940252974571186,0.6146852069978991
190,1558717200,1347,741,-606,2088,21,-1.4440517730036126,1.6442661263096823
190,1558731600,1194,565,-629,1759,21,-1.5188442244926208,1.1554751848182296
190,1558746000,556,225,-331,781,21,-0.5497942008524291,-0.29752645888584517
190,1558760400,90,32,-58,122,21,0.33795967986492786,-1.276594028621004
190,1558774800,110,147,37,257,21,0.6468850229717004,-1.0760263170667606
190,1558789200,391,449,58,840,21,0.7151737830268817,-0.20987094050287952
190,1558803600,752,474,-278,1226,21,-0.37744637785601914,0.3636041458670314
190,1558818000,729,353,-376,1082,21,-0.6961272581135319,0.14966525354250504
190,1558832400,414,207,-207,621,21,-0.14656533195516808,-0.53523633924643
190,1558846800,72,28,-44,100,21,0.38348551990171537,-1.3092791371705843
190,1558861200,85,110,25,195,21,0.6078628743687396,-1.168138895706487
190,1558875600,317,302,-15,619,21,0.4777890456922039,-0.5382077127509374
190,1558890000,552,412,-140,964,21,0.07130833107802942,-0.025645783223426272
190,1558904400,512,343,-169,855,21,-0.02299519471245905,-0.1875856392190747
190,1558918800,324,117,-207,441,21,-0.14656533195516808,-0.802659954652088
190,1558933200,52,25,-27,77,21,0.4387668970892431,-1.3434499324724185
190,1558947600,83,162,79,245,21,0.783462543082063,-1.0938545580938044
190,1558962000,324,346,22,670,21,0.5981073372179995,-0.4624376883860009
190,1558976400,611,416,-195,1027,21,-0.10754318335220733,0.06795248216855401
190,1558990800,545,317,-228,862,21,-0.21485409201034938,-0.1771858319532991
190,1559005200,285,143,-142,428,22,0.0999366255903105,-0.9771120101165787
190,1559019600,32,22,-10,54,22,0.5079253238765264,-1.5221573032597329
190,1559034000,404,741,337,1145,22,1.580441068613776,0.0678010251337997
190,1559048400,653,729,76,1382,22,0.7737361424569399,0.41319068950526366
190,1559062800,1104,659,-445,1763,22,-0.8365828863848669,0.968437365140402
190,1559077200,1538,721,-817,2259,22,-1.9863692179187482,1.6912781817152802
190,1559091600,526,115,-411,641,22,-0.7314948883414477,-0.6666985142890605
190,1559106000,46,24,-22,70,22,0.4708354422141432,-1.498839857563769
190,1559120400,396,739,343,1135,22,1.5989860094449677,0.05322762157382231
190,1559134800,641,827,186,1468,22,1.1137267243621198,0.5385219601210691
190,1559149200,1105,669,-436,1774,22,-0.8087654751380795,0.984468109056377
190,1559163600,1545,796,-749,2341,22,-1.7761932218319096,1.8107800909070948
190,1559178000,632,133,-499,765,22,-1.0034873538655917,-0.4859883101453409
190,1559192400,58,25,-33,83,22,0.4368363840236252,-1.4798944329357984
190,1559206800,432,711,279,1143,22,1.4011733072455903,0.06488634442180422
190,1559221200,671,653,-18,1324,22,0.48319873610160424,0.32866494885739483
190,1559235600,1147,644,-503,1791,22,-1.0158506477530527,1.0092428951083388
190,1559250000,1578,777,-801,2355,22,-1.9369160423689038,1.831182855891063
190,1559264400,681,154,-527,835,22,-1.0900304110778192,-0.3839744852254992
190,1559278800,92,26,-66,118,22,0.3348392094520712,-1.4288875204758775
190,1559293200,393,728,335,1121,22,1.5742594216700454,0.03282485658985398
190,1559307600,723,778,55,1501,22,0.7088288495477691,0.5866141918689946
190,1559322000,1212,756,-456,1968,22,-0.870581944575385,1.2671921381199382
190,1559336400,1368,720,-648,2088,22,-1.4640200511735173,1.4420729808396668
190,1559350800,749,271,-478,1020,22,-0.9385800609564209,-0.11436651936591759
190,1559365200,134,32,-102,166,22,0.2235695644649214,-1.3589351833879861
190,1559379600,130,216,86,346,22,0.8046443771755927,-1.0966139193083932
190,1559394000,476,555,79,1031,22,0.7830086128725356,-0.09833577544994247
190,1559408400,816,644,-172,1460,22,0.0072119214343523315,0.5268632372730873
190,1559422800,739,563,-176,1302,22,-0.0051513724531087575,0.2966034610254446
190,1559437200,534,271,-263,805,22,-0.27405301450538744,-0.42769469590543135
190,1559451600,122,33,-89,155,22,0.2637502695991699,-1.3749659273039612
190,1559466000,96,124,28,220,22,0.6253766158074068,-1.2802388041641082
190,1559480400,340,403,63,743,22,0.7335554373226914,-0.5180497979772911
190,1559494800,710,537,-173,1247,22,0.0041210979624870595,0.216449741445569
190,1559509200,615,427,-188,1042,22,-0.042241254115492025,-0.08230503153396734
190,1559523600,339,144,-195,483,22,-0.06387701841854893,-0.8969582905367031
190,1559538000,40,27,-13,67,22,0.49865285346093063,-1.5032118786317623
190,1559552400,400,654,254,1054,22,1.3239027204489584,-0.0648169472619945
190,1559566800,676,832,156,1508,22,1.0210020202061618,0.5968155743609787
190,1559581200,1046,661,-385,1707,22,-0.6511334780729506,0.8868263052045287
190,1559595600,1505,723,-782,2228,22,-1.8781903964034636,1.6461006306793502
190,1559610000,194,159,-35,353,23,0.36461527523795884,-0.9471454464818364
190,1559624400,15,31,16,46,23,0.5360765089502987,-1.375458615455175
190,1559638800,379,635,256,1014,23,1.3429529028907212,-0.024946734132075047
190,1559653200,686,771,85,1457,23,0.7680534722081701,0.5931077735395502
190,1559667600,1029,646,-383,1675,23,-0.8053554959756539,0.8972519782176863
190,1559682000,1521,803,-718,2324,23,-1.9316204625174938,1.8027088077411282
190,1559696400,233,229,-4,462,23,0.4688368094552634,-0.7950733441427683
190,1559710800,13,27,14,40,23,0.5293525390007952,-1.3838295568683345
190,1559725200,422,735,313,1157,23,1.5345860464515715,0.1745607028815647
190,1559739600,719,800,81,1519,23,0.754605532309163,0.6796075014755338
190,1559754000,1088,747,-341,1835,23,-0.66415212703608,1.120477082568612
190,1559768400,1605,857,-748,2462,23,-2.0324800117600463,1.9952404602438016
190,1559782800,238,208,-30,446,23,0.38142520011171765,-0.8173958545778609
190,1559797200,20,36,16,56,23,0.5360765089502987,-1.3615070464332422
190,1559811600,387,674,287,1061,23,1.4471744371080257,0.04062564027100935
190,1559826000,674,821,147,1495,23,0.9764965406427792,0.6461237358228951
190,1559840400,1045,684,-361,1729,23,-0.7313918265311151,0.9725904509361237
190,1559854800,1570,820,-750,2390,23,-2.03920398170955,1.894789163285885
190,1559869200,212,209,-3,421,23,0.47219879443001517,-0.8522747771326931
190,1559883600,24,33,9,57,23,0.5125426141270363,-1.360111889531049
190,1559898000,363,705,342,1068,23,1.6320836107193726,0.050391738586362346
190,1559912400,659,736,77,1395,23,0.741157592410156,0.5066080456035665
190,1559926800,1268,720,-548,1988,23,-1.3600830168096945,1.3339360886041844
190,1559941200,1310,707,-603,2017,23,-1.5449921904210413,1.3743956387677898
190,1559955600,516,238,-278,754,23,-0.452347073626719,-0.38768752870232914
190,1559970000,113,38,-75,151,23,0.23013587624788842,-1.22896714072488
190,1559984400,145,172,27,317,23,0.573058343672568,-0.9973710949607947
190,1559998800,522,366,-156,888,23,-0.0421849067070042,-0.20073650380842895
190,1560013200,846,419,-427,1265,23,-0.9532828348647313,0.3252376483184395
190,1560027600,795,308,-487,1103,23,-1.155001933349837,0.09922223016312731
190,1560042000,453,197,-256,650,23,-0.37838340418218025,-0.5327838465304308
190,1560056400,112,34,-78,146,23,0.22004992132363313,-1.2359429252358465
190,1560070800,94,103,9,197,23,0.5125426141270363,-1.1647899232239889
190,1560085200,355,303,-52,658,23,0.3074615306671789,-0.5216225913128845
190,1560099600,645,391,-254,1036,23,-0.3716594342326767,0.005746717716177224
190,1560114000,649,293,-356,942,23,-0.7145819016573564,-0.12539803108999156
190,1560128400,317,100,-217,417,23,-0.2472659901668616,-0.8578554047414662
190,1560142800,17,24,7,41,23,0.5058186441775328,-1.3824343999661413
190,1560157200,398,693,295,1091,23,1.4740703169060398,0.0824803473368079
190,1560171600,607,765,158,1372,23,1.0134783753650487,0.474519436853121
190,1560186000,1017,620,-397,1637,23,-0.8524232856221785,0.8442360159343415
190,1560200400,1407,800,-607,2207,23,-1.5584401303200484,1.639475450184514
190,1560214800,408,109,-299,517,24,-0.3543630382802316,-0.8674555800145438
190,1560229200,49,30,-19,79,24,0.43916600468503625,-1.4664843924095246
190,1560243600,392,520,128,912,24,0.8557687522418019,-0.3272355323067417
190,1560258000,609,779,170,1388,24,0.9747981086865921,0.32376381632342
190,1560272400,1115,648,-467,1763,24,-0.8304804640593924,0.8366309502232322
190,1560286800,1560,767,-793,2327,24,-1.7543749926546686,1.60798311960855
190,1560301200,512,164,-348,676,24,-0.4932306207991535,-0.6499999152410235
190,1560315600,44,26,-18,70,24,0.4420000369813408,-1.47879320362312
190,1560330000,419,719,300,1138,24,1.3432223072061809,-0.01814760627645482
190,1560333164,100,304,204,404,24,1.071155206760946,-1.0219995430296873
190,1560340973,156,408,252,564,24,1.2071887569835633,-0.8031762325657674
190,1560344400,677,461,-216,1138,24,-0.11913835768695577,-0.01814760627645482
190,1560358800,1104,689,-415,1793,24,-0.6831107846515568,0.8776603209352172
190,1560373200,1573,800,-773,2373,24,-1.6976943467285779,1.6708948213669268
190,1560387600,505,170,-335,675,24,-0.4563882009471946,-0.651367560931423
190,1560402000,41,33,-8,74,24,0.4703403599443861,-1.473322620861522
190,1560416400,413,695,282,1108,24,1.2922097258726992,-0.0591769769884398
190,1560430800,705,810,105,1515,24,0.7905860094267978,0.4974548190041564
190,1560445200,1063,692,-371,1755,24,-0.5584133636141576,0.8256897847000362
190,1560459600,1587,764,-823,2351,24,-1.8393959615438042,1.6408066161781378
190,1560474000,544,156,-388,700,24,-0.6065919126513346,-0.6171764186714355
190,1560488400,61,27,-34,88,24,0.39665552024046835,-1.4541755811959292
190,1560502800,364,702,338,1066,24,1.4509155344657527,-0.11661809598521877
190,1560517200,643,754,111,1397,24,0.8075902032046249,0.3360726275370155
190,1560531600,1273,746,-527,2019,24,-1.000522401837664,1.186748246965504
190,1560546000,1311,732,-579,2043,24,-1.1478920812454996,1.2195717435350921
190,1561165200,7570,9073,1503,16643,25,3.240532998143499,4.065123145051165
190,1561179600,93,35,-58,128,25,-0.022997330954566766,-0.43883560849650005
190,1561194000,121,199,78,320,25,0.2613333063018951,-0.38647350854608215
190,1561208400,431,452,21,883,25,0.14216531862823092,-0.23293255921230463
190,1561222800,706,541,-165,1247,25,-0.24669864114898896,-0.1336627447229707
190,1561237200,705,429,-276,1134,25,-0.4787626171450718,-0.16448002229795625
190,1561251600,408,272,-136,680,25,-0.1860693140869493,-0.28829457113904855
190,1561266000,126,39,-87,165,25,-0.08362665801660643,-0.4287449954852216
190,1561280400,84,134,50,218,25,0.2027946456902706,-0.41429087414474164
190,1561294800,329,390,61,719,25,0.22579197664483736,-0.2776585195866199
190,1561309200,598,493,-105,1091,25,-0.12125865412407932,-0.17620695093268524
190,1561323600,601,366,-235,967,25,-0.3930452926780502,-0.2100241404839968
190,1561338000,297,157,-140,454,25,-0.19443197988860994,-0.3499291262890197
190,1561352400,31,32,1,63,25,0.10035198961992771,-0.4565623610838811
190,1561366800,374,517,143,891,25,0.3972266255788805,-0.2307508050477039
190,1561381200,573,754,181,1327,25,0.4766719506946566,-0.11184520307696323
190,1561395600,1171,646,-525,1817,25,-0.9993385632984468,0.021787239504832457
190,1561410000,1839,682,-1157,2521,25,-2.3206397599608284,0.21378160598969811
190,1561424400,383,153,-230,536,26,-0.15375124832358425,-0.8560852233947884
190,1561438800,29,35,6,64,26,0.5466082982680368,-1.520573612924087
190,1561453200,363,584,221,947,26,1.1846477157137933,-0.2774735113258441
190,1561467600,711,802,91,1513,26,0.7988564400489172,0.5193494303554759
190,1561482000,1073,684,-389,1757,26,-0.6256036547137018,0.8628561401968929
190,1561496400,1497,765,-732,2262,26,-1.64349909742949,1.5738024044178587
190,1561510800,491,138,-353,629,26,-0.5187691476065054,-0.7251584856273631
190,1561525200,40,25,-15,65,26,0.4842881691221722,-1.519165798539491
190,1561539600,425,717,292,1142,26,1.395349104730764,-0.0029497063296296242
190,1561554000,747,902,155,1649,26,0.9887844526839331,0.710812186660528
190,1561568400,1123,723,-400,1846,26,-0.6582475318853451,0.9881516204259344
190,1561582800,1451,690,-761,2141,26,-1.7295602281547318,1.403456863881746
190,1561597200,535,171,-364,706,26,-0.5514130247781487,-0.6167567780134733
190,1561611600,39,28,-11,67,26,0.4961586699118607,-1.516350169770299
190,1561626000,373,581,208,954,26,1.1460685881473056,-0.26761881063367227
190,1561640400,674,793,119,1467,26,0.8819499455767367,0.45458996866406115
190,1561654800,1118,688,-430,1806,26,-0.7472762878080088,0.9318390450420956
190,1561669200,1602,759,-843,2361,26,-1.9729054943433457,1.7131760284928599
190,1561683600,515,218,-297,733,26,-0.35258213655086645,-0.5787457896293821
190,1561698000,60,32,-28,92,26,0.4457090415556846,-1.4811548101553997
190,1561712400,321,572,251,893,26,1.273676471636457,-0.35349548809402653
190,1561726800,633,783,150,1416,26,0.9739463266968225,0.3827914350496666
190,1561741200,1209,738,-471,1947,26,-0.8689489209023159,1.1303408732701274
190,1561755600,1330,716,-614,2046,26,-1.2933193241336796,1.2697144973451286
190,1561770000,641,264,-377,905,26,-0.5899921523446363,-0.3366017154788749
190,1561784400,141,46,-95,187,26,0.24687815332840238,-1.3474124436187824
190,1561798800,143,206,63,349,26,0.7157629345210978,-1.119346513314235
190,1561813200,450,474,24,924,26,0.600025551821635,-0.3098532421715514
190,1561827600,853,611,-242,1464,26,-0.1893627506926497,0.45036652551027323
190,1561842000,790,431,-359,1221,26,-0.5365748987910381,0.10826763005345214
190,1561856400,548,245,-303,793,26,-0.3703878877353992,-0.4942769265536237
190,1561870800,143,45,-98,188,26,0.237975277736136,-1.3460046292341865
190,1561885200,85,140,55,225,26,0.6920219329417209,-1.2939154970041356
190,1561899600,395,928,533,1323,26,2.1105467773094952,0.25186469728224126
190,1561914000,1288,1242,-46,2530,26,0.3922917880020864,1.9510966594895789
190,1561928400,1378,471,-907,1849,26,-2.1628335069783615,0.9923750635797223
190,1561942800,658,185,-473,843,26,-0.8748841712971601,-0.42388620732382515
190,1561957200,125,38,-87,163,26,0.2706191549077793,-1.3811999888490858
190,1561971600,333,616,283,949,26,1.368640477953965,-0.27465788255665213
190,1561986000,666,724,58,1390,26,0.7009248085339872,0.34618826105017136
190,1562000400,997,589,-408,1586,26,-0.6819885334647221,0.6221198804309818
190,1562014800,1392,732,-660,2124,26,-1.4298300832150972,1.3795240193436145
190,1562029200,578,166,-412,744,27,-1.134764783928227,-0.12904741176734924
190,1562043600,31,24,-7,55,27,0.45272999151540666,-1.3294247829417476
190,1562058000,373,613,240,986,27,1.4209058175267093,0.292565540082004
190,1562072400,648,761,113,1409,27,0.9230988138690759,1.0295171046781877
190,1562086800,1039,654,-385,1693,27,-1.0289317988986515,1.5243025523030485
190,1562101200,1487,690,-797,2177,27,-2.6438647556462493,2.367528456001755
190,1562115600,563,188,-375,751,27,-0.9897343970358458,-0.11685199580476464
190,1562130000,42,30,-12,72,27,0.4331312905840038,-1.2998073441754707
190,1562144400,332,562,230,894,27,1.3817084156639035,0.132282930288035
190,1562158800,607,745,138,1352,27,1.0210923185260903,0.9302115746971417
190,1562173200,1188,696,-492,1884,27,-1.4483439988306732,1.8570631878535713
190,1562187600,1261,547,-714,1808,27,-2.3185263201849615,1.7246558145455098
190,1562202000,515,202,-313,717,27,-0.7467105054864499,-0.1760868733373184
190,1562216400,52,19,-33,71,27,0.35081674667211166,-1.30154954645584
190,1562230800,102,134,32,236,27,0.6055998587803492,-1.0140861701949173
190,1562245200,328,261,-67,589,27,0.21754558033857202,-0.39908876522457964
190,1562259600,463,314,-149,777,27,-0.10387311493643529,-0.07155473651516471
190,1562274000,357,262,-95,619,27,0.10779285512271587,-0.3468226968135028
190,1562288400,248,170,-78,418,27,0.17442843828948568,-0.6970053551677177
190,1562302800,51,23,-28,74,27,0.3704154476035145,-1.2963229396147322
190,1562317200,148,343,195,491,27,1.2445175091440832,-0.569824588700764
190,1562331600,420,510,90,930,27,0.8329447895846226,0.19500221238132723
190,1562346000,844,543,-301,1387,27,-0.6996736232510831,0.9911886545100647
190,1562360400,823,407,-416,1230,27,-1.1504437446733493,0.7176628964920958
190,1562374800,387,201,-186,588,27,-0.24890350182881665,-0.4008309675049489
190,1562389200,99,38,-61,137,27,0.2410640214562555,-1.1865641959514708
190,1562403600,94,171,77,265,27,0.7819881671629751,-0.9635623040642096
190,1562418000,312,315,3,627,27,0.49192739337821245,-0.33288507857054894
190,1562432400,562,464,-98,1026,27,0.09603363456387413,0.3622536312967732
190,1562446800,533,341,-192,874,27,-0.27242194294650013,0.09743888468065044
190,1562461200,325,226,-99,551,27,0.09211389437759356,-0.46529245187861035
190,1562475600,72,31,-41,103,27,0.319458825181867,-1.2457990734840247
190,1562490000,73,129,56,202,27,0.6996736232510831,-1.073321047727471
190,1562504400,299,348,49,647,27,0.6722354419471189,-0.2980410329631644
190,1562518800,518,425,-93,943,27,0.11563233549527703,0.2176508420261272
190,1562533200,448,326,-122,774,27,0.0019598700931402887,-0.07678134335627239
190,1562547600,220,126,-94,346,27,0.11171259530899645,-0.8224439193543022
190,1562562000,35,26,-9,61,27,0.4448905111428455,-1.3189715692595323
190,1562576400,365,625,260,990,27,1.4993006212523208,0.29953434920348093
190,1562590800,575,743,168,1318,27,1.1386845241145076,0.8709766971645878
190,1562605200,947,545,-402,1492,27,-1.0955673820654213,1.1741198939488335
190,1562619600,1388,663,-725,2051,27,-2.361643462234048,2.1480109686752327
190,1562634000,437,155,-282,592,28,-0.4225192845753977,-0.6559908772332083
190,1562648400,42,24,-18,66,28,0.4855818643627704,-1.453007346453691
190,1562662800,404,630,226,1034,28,1.3248874717147137,0.013745395381722217
190,1562677200,640,790,150,1430,28,1.0634644136870592,0.613780607950755
190,1562691600,1048,593,-455,1641,28,-1.0176007192962429,0.9334963399004162
190,1562706000,1504,627,-877,2131,28,-2.4691866467655874,1.6759641534328054
190,1562720400,526,203,-323,729,28,-0.5635501448271587,-0.4484029375312954
190,1562734800,42,26,-16,68,28,0.4924614185213929,-1.4499768655821303
190,1562749200,366,585,219,951,28,1.300809032159535,-0.1120195607880498
190,1562763600,653,774,121,1427,28,0.9637108783870331,0.6092348866434137
190,1562778000,1054,631,-423,1685,28,-0.9075278527582831,1.0001669190747533
190,1562792400,1485,772,-713,2257,28,-1.9050632057585435,1.8668844483411338
190,1562806800,546,183,-363,729,28,-0.7011412279996084,-0.4484029375312954
190,1562821200,34,27,-7,61,28,0.5234194122351941,-1.460583548632593
190,1562835600,366,646,280,1012,28,1.5106354339975208,-0.019589894205446268
190,1562850000,684,802,118,1486,28,0.9533915471490993,0.6986340723544565
190,1562864400,1059,662,-397,1721,28,-0.8180936486961906,1.0547155747628472
190,1562878800,1497,812,-685,2309,28,-1.8087494475378287,1.9456769510017138
190,1562893200,531,173,-358,704,28,-0.6839423426030522,-0.486283948425805
190,1562907600,45,21,-24,66,28,0.46494320188690297,-1.453007346453691
190,1562922000,333,595,262,928,28,1.4487194465699182,-0.14687009081099867
190,1562936400,637,676,39,1313,28,0.6816491578835112,0.4364974769644498
190,1562950800,1177,724,-453,1901,28,-1.0107211651376202,1.3274588532033165
190,1562965200,1314,677,-637,1991,28,-1.643640147730889,1.4638304924235512
190,1562979600,573,233,-340,806,28,-0.6220263551754498,-0.3317294239762057
190,1562994000,86,37,-49,123,28,0.3789487749041219,-1.3666386416142091
190,1563008400,137,183,46,320,28,0.70572759743869,-1.068136275765473
190,1563022800,413,452,39,865,28,0.6816491578835112,-0.24233023826516295
190,1563037200,727,493,-234,1220,28,-0.25740998476845806,0.29558011643687393
190,1563051600,698,488,-210,1186,28,-0.17485533486498822,0.24406194162034084
190,1563066000,541,280,-261,821,28,-0.3502839659098616,-0.3090008174394999
190,1563080400,86,32,-54,118,28,0.3617498895075657,-1.374214843793111
190,1563094800,90,126,36,216,28,0.6713298266455775,-1.2257212810866331
190,1563109200,337,338,1,675,28,0.550937628869684,-0.5302259210634362
190,1563123600,569,424,-145,993,28,0.048730175290242574,-0.04837946248527359
190,1563138000,503,325,-178,828,28,-0.06478246832702844,-0.2983941343890372
190,1563152400,280,155,-125,435,28,0.11752571687646743,-0.8938836256507288
190,1563166800,32,27,-5,59,28,0.5302989663938166,-1.4636140295041538
190,1563181200,390,645,255,1035,28,1.4246410070147397,0.015260635817502604
190,1563195600,639,790,151,1429,28,1.0669041907663703,0.6122653675149745
190,1563210000,956,567,-389,1523,28,-0.7905754320617007,0.7546979684783308
190,1563224400,1385,778,-607,2163,28,-1.5404468353515517,1.7244518473777777
190,1563238800,455,158,-297,613,29,-0.6502801753682097,-0.49858881776926006
190,1563253200,34,29,-5,63,29,0.43829307455110733,-1.3718499735929623
190,1563267600,405,656,251,1061,29,1.3926586635214675,0.2127220873380465
190,1563279736,580,363,-217,943,29,-0.3520409288149722,0.0253678757249613
190,1563282000,289,840,551,1129,29,2.511055838096108,0.32068892114897696
190,1563292092,635,225,-410,860,29,-1.0715431111246578,-0.10641517142661558
190,1563296400,375,656,281,1031,29,1.5044983809789316,0.16508966065675365
190,1563310800,1479,831,-648,2310,29,-1.9588048696205396,2.1958187848358723
190,1563325200,541,185,-356,726,29,-0.8702316197012224,-0.3191733439363903
190,1563339600,45,20,-25,65,29,0.36373326291279795,-1.368674478480876
190,1563354000,374,636,262,1010,29,1.4336665599225376,0.13174696197984867
190,1563368400,655,844,189,1499,29,1.1615232474427084,0.9081555168849221
190,1563382800,1007,668,-339,1675,29,-0.8068557798086594,1.187599086748507
190,1563397200,1533,859,-674,2392,29,-2.055732624750342,2.326014084431406
190,1563411600,526,188,-338,714,29,-0.803127789226744,-0.33822631460890745
190,1563426000,38,31,-7,69,29,0.4308370933872764,-1.3623234882567037
190,1563440400,359,547,188,906,29,1.157795256860793,-0.033378783848633214
190,1563454800,689,619,-70,1308,29,0.19597368672660181,0.6048957336806909
190,1563469200,961,619,-342,1580,29,-0.8180397515544059,1.0367630689244127
190,1563483600,1469,823,-646,2292,29,-1.9513488884567087,2.1672393288270966
190,1563498000,525,220,-305,745,29,-0.6801041000235335,-0.2890061403715715
190,1563512400,39,39,0,78,29,0.45693302746068465,-1.3480337602523158
190,1563526800,351,517,166,868,29,1.0757794640586527,-0.09371319097827083
190,1563541200,704,734,30,1438,29,0.5687727449181488,0.8113029159662933
190,1563555600,1157,650,-507,1807,29,-1.4331581975704584,1.3971817641461954
190,1563570000,582,409,-173,991,29,-0.18800934321069152,0.10157975841502986
190,1563584400,402,154,-248,556,29,-0.4676086368543517,-0.5890904284637164
190,1563598800,81,29,-52,110,29,0.26307751720108025,-1.2972258384589368
190,1563613200,117,167,50,284,29,0.6433325565564582,-1.0209577637074383
190,1563627600,380,317,-63,697,29,0.2220696208000101,-0.3652180230616401
190,1563642000,516,367,-149,883,29,-0.09853756924472026,-0.0698969776376244
190,1563656400,510,359,-151,869,29,-0.1059935504085512,-0.09212544342222773
190,1563670800,346,179,-167,525,29,-0.16564139971919872,-0.6383106027010524
190,1563685200,81,31,-50,112,29,0.2705334983649112,-1.2940503433468507
190,1563699600,77,99,22,176,29,0.538948820262825,-1.1924344997600926
190,1563714000,306,302,-4,608,29,0.4420210651330228,-0.5065275555494755
190,1563728400,463,358,-105,821,29,0.06549401635956038,-0.1683373261122963
190,1563742800,459,278,-181,737,29,-0.21783326786601528,-0.30170812081991627
190,1563757200,228,111,-117,339,29,0.020758129376574754,-0.933631648125068
190,1563771600,28,25,-3,53,29,0.4457490557149383,-1.3877274491533933
190,1563786000,362,539,177,901,29,1.1167873604597227,-0.04131752162884869
190,1563800400,620,709,89,1329,29,0.7887241892511614,0.6382384323575959
190,1563814800,974,565,-409,1539,29,-1.0678151205427422,0.971665419126646
190,1563829200,1334,743,-591,2077,29,-1.7463094064513578,1.825873604277831
190,1563843600,438,117,-321,555,30,-0.5448846847261257,-0.7039135605404472
190,1563858000,33,21,-12,54,30,0.5100927042602474,-1.4810660418297115
190,1563872400,393,625,232,1018,30,1.3431492832656684,0.01429322356520025
190,1563886800,635,790,155,1425,30,1.080258477595925,0.645632664452886
190,1563901200,947,575,-372,1522,30,-0.7190071664034883,0.7960993125268553
190,1563915600,1487,697,-790,2184,30,-2.1461286828963813,1.8229954055677595
190,1563930000,567,197,-370,764,30,-0.7121788337886897,-0.3797122260305545
190,1563944400,51,20,-31,71,30,0.4452235444196614,-1.4546955983528302
190,1563958800,384,602,218,986,30,1.2953509549620787,-0.035345258273634994
190,1563973200,697,795,98,1492,30,0.8856509980741668,0.7495632358029473
190,1563987600,1050,688,-362,1738,30,-0.6848655033294957,1.1311590649389933
190,1564002000,1545,792,-753,2337,30,-2.0198045295226086,2.0603293968596907
190,1564016400,716,206,-510,922,30,-1.1901621168245868,-0.13462222195130547
190,1564030800,52,16,-36,68,30,0.4281527128826651,-1.4593492060252211
190,1564045200,393,665,272,1058,30,1.4797159355616392,0.0763413258637443
190,1564059600,606,759,153,1365,30,1.0734301449811265,0.5525605110050699
190,1564074000,1005,675,-330,1680,30,-0.5756121814927191,1.0411893166061044
190,1564088400,1396,715,-681,2111,30,-1.7739845553898614,1.7097576188729167
190,1564102800,662,221,-441,883,30,-0.9545846416140376,-0.19511912169238593
190,1564117200,49,28,-21,77,30,0.4793652074936541,-1.4453883830080485
190,1564131600,310,527,217,837,30,1.2919367886546795,-0.2664744393357116
190,1564146000,644,673,29,1317,30,0.6500735228636174,0.47810278824681707
190,1564160400,1173,714,-459,1887,30,-1.0160396351472243,1.36228824600107
190,1564174800,1276,568,-708,1844,30,-1.8661670456896415,1.2955865360301348
190,1564189200,558,238,-320,796,30,-0.5414705184187265,-0.33007374419171925
190,1564203600,90,36,-54,126,30,0.3666977193494783,-1.3693794576923322
190,1564218000,112,164,52,276,30,0.7285993479338005,-1.136699074072792
190,1564232400,383,444,61,827,30,0.7593268447003939,-0.2819864649103476
190,1564246800,668,453,-215,1121,30,-0.18298305614180355,0.17406708698395118
190,1564261200,641,377,-264,1018,30,-0.35027720520436756,0.01429322356520025
190,1564275600,365,243,-122,608,30,0.1345344104463282,-0.6216998249948763
190,1564290000,91,33,-58,124,30,0.35304105411988124,-1.3724818628072593
190,1564304400,86,131,45,217,30,0.7047001837820056,-1.2282200249631443
190,1564318800,368,334,-34,702,30,0.43498104549746364,-0.47588678459329775
190,1564333200,582,478,-104,1060,30,0.19598940397951498,0.07944373097867151
190,1564347600,532,389,-143,921,30,0.06283691799094361,-0.13617342450876907
190,1564362000,296,134,-162,430,30,-0.0020322418496424434,-0.8978138802233974
190,1564376400,24,26,2,50,30,0.5578910325638372,-1.4872708520595659
190,1564390800,352,607,255,959,30,1.4216751083358516,-0.07722772732515222
190,1564405200,595,715,120,1310,30,0.9607626568369507,0.46724437034457184
190,1564419600,925,609,-316,1534,30,-0.5278138531891294,0.8147137432164185
190,1564434000,1397,698,-699,2095,30,-1.8354395489230482,1.684938377953499
190,1564448400,446,179,-267,625,31,-0.3145345169451662,-0.7718556900741305
190,1564462800,30,27,-3,57,31,0.5429916015421715,-1.6069300366686183
190,1564477200,424,554,130,978,31,0.9750028657801105,-0.2528746260814294
190,1564491600,610,747,137,1357,31,0.997740300740002,0.30433167208637146
190,1564506000,1004,608,-396,1612,31,-0.7335529612060244,0.6792330072652348
190,1564520400,1425,778,-647,2203,31,-1.5488524147678493,1.5481219840915417
190,1564534800,474,210,-264,684,31,-0.30478990196235556,-0.6851138125229425
190,1564549200,33,21,-12,54,31,0.5137577565937396,-1.611340640611899
190,1564563600,393,579,186,972,31,1.1569023454592426,-0.2616958339679909
190,1564578000,741,843,102,1584,31,0.8840531259405444,0.6380673704612811
190,1564592400,933,643,-290,1576,31,-0.3892432318133812,0.6263057599458659
190,1564606800,1408,762,-646,2170,31,-1.5456042097735792,1.4996053407154535
190,1564621200,511,189,-322,700,31,-0.49318579163002824,-0.6615905914921119
190,1564635600,41,23,-18,64,31,0.4942685266281182,-1.5966386274676299
190,1564650000,382,618,236,1000,31,1.3193125951727536,-0.2205301971640373
190,1564664400,657,808,151,1465,31,1.0432151706597852,0.4631134140444783
190,1564678800,980,656,-324,1636,31,-0.49968220161856863,0.7145178388114808
190,1564693200,1513,686,-827,2199,31,-2.1335293137364886,1.5422411788338342
190,1564707600,475,210,-265,685,31,-0.30803810695662576,-0.6836436112085156
190,1564722000,58,25,-33,83,31,0.44554545171406496,-1.5687048024935186
190,1564736400,287,552,265,839,31,1.41351054000659,-0.45723260878677063
190,1564750800,614,685,71,1299,31,0.7833587711181677,0.21905999584961036
190,1564765200,1166,686,-480,1852,31,-1.0064021807247228,1.0320813227276944
190,1564779600,1237,669,-568,1906,31,-1.292244220220502,1.111472193706748
190,1565398800,7063,8175,1112,15238,32,3.3310555439779472,4.076626621278877
190,1565413200,99,30,-69,129,32,-0.0452653807292097,-0.4308745645656373
190,1565427600,108,166,58,274,32,0.31781062048824066,-0.38761639579553636
190,1565442000,442,464,22,906,32,0.2148914390407744,-0.19907044639757931
190,1565456400,689,423,-266,1112,32,-0.6084620125389556,-0.13761401352419458
190,1565470800,688,354,-334,1042,32,-0.8028649108286139,-0.15849726741320883
190,1565485200,386,236,-150,622,32,-0.27683353898600876,-0.2837967907472942
190,1565499600,26,33,7,59,32,0.17200844677099683,-0.4517578184546515
190,1565514000,201,97,-104,298,32,-0.14532569602535744,-0.3804564230335886
190,1565528400,320,337,17,657,32,0.20059710828418187,-0.27335516380278707
190,1565542800,614,404,-210,1018,32,-0.44836550806511916,-0.16565724017515654
190,1565557200,508,338,-170,846,32,-0.3340108620123789,-0.21697037830244867
190,1565571600,272,129,-143,401,32,-0.25682147592677923,-0.34972820659689624
190,1565586000,38,17,-21,55,32,0.09196019453407862,-0.4529511472483095
190,1565600400,332,607,275,939,32,0.9381845753243567,-0.18922548384990118
190,1565614800,596,678,82,1274,32,0.3864234081198848,-0.08928419738104737
190,1565629200,945,573,-372,1518,32,-0.9115018245787172,-0.016491140967912047
190,1565643600,1311,620,-691,1931,32,-1.823480126849321,0.10672005697727191
190,1565658000,436,150,-286,586,33,-0.6429910593385935,-0.2501761599317148
190,1565672400,36,15,-21,51,33,0.3455252818868885,-0.978326787364546
190,1565684000,81,371,290,452,33,1.505633138947737,-0.4325540740924613
190,1565686800,378,279,-99,657,33,0.05456575503561458,-0.15354308601072225
190,1565701200,580,737,157,1317,33,1.0095098431628726,0.7447361926914621
190,1565715600,886,578,-308,1464,33,-0.7250565669120297,0.9448074865842212
190,1565730000,1441,721,-720,2162,33,-2.2619197087418357,1.894805875272289
190,1565744400,469,180,-289,649,33,-0.6541818103713347,-0.16443131969196084
190,1565758800,37,25,-12,62,33,0.37909753498511245,-0.963355466052843
190,1565773200,357,610,253,967,33,1.3676138762105943,0.2683759691372734
190,1565787600,618,742,124,1360,33,0.8864115818027183,0.8032604487281195
190,1565802000,1027,653,-374,1680,33,-0.9712530896323385,1.2387897959776635
190,1565816400,1488,759,-729,2247,33,-2.2954919618400598,2.010493358135449
190,1565830800,496,171,-325,667,33,-0.7884708227642304,-0.139932793909174
190,1565845200,42,20,-22,62,33,0.3417950315426414,-0.963355466052843
190,1565859600,342,617,275,959,33,1.4496793837840305,0.2574877354560348
190,1565874000,703,777,74,1480,33,0.6998990645903632,0.9665839539466985
190,1565888400,992,653,-339,1645,33,-0.8406943275836899,1.1911537736222446
190,1565902800,1365,732,-633,2097,33,-1.937387928792338,1.8063389766122253
190,1565917200,486,152,-334,638,33,-0.8220430758624543,-0.17940264100366393
190,1565931600,50,28,-22,78,33,0.3417950315426414,-0.9415789986903658
190,1565946000,293,575,282,868,33,1.4757911361937603,0.13363407733194574
190,1565960400,673,725,52,1398,33,0.617833557016927,0.8549795587140028
190,1565974800,1079,635,-444,1714,33,-1.2323706137296355,1.2850647891229274
190,1565989200,1132,587,-545,1719,33,-1.609125898498593,1.2918699351737015
190,1566003600,421,179,-242,600,33,-0.47886004419172096,-0.23112175098954726
190,1566018000,0,0,0,0,33,0.42386053911607763,-1.047739277082442
190,1566032400,0,1,1,1,33,0.42759078946032475,-1.0463782478722872
190,1566046800,1,0,-1,1,33,0.42013028877183056,-1.0463782478722872
190,1566061200,0,1,1,1,33,0.42759078946032475,-1.0463782478722872
190,1566075600,0,1,1,1,33,0.42759078946032475,-1.0463782478722872
190,1566090000,3,1,-2,4,33,0.41640003842758344,-1.0422951602418227
190,1566104400,1,2,1,3,33,0.42759078946032475,-1.0436561894519776
190,1566118800,4,3,-1,7,33,0.42013028877183056,-1.0382120726113582
190,1566133200,1,1,0,2,33,0.42386053911607763,-1.0450172186621325
190,1566147600,0,2,2,2,33,0.43132103980457187,-1.0450172186621325
190,1566162000,0,0,0,0,33,0.42386053911607763,-1.047739277082442
190,1566176400,2,2,0,4,33,0.42386053911607763,-1.0422951602418227
190,1566190800,3,4,1,7,33,0.42759078946032475,-1.0382120726113582
190,1566205200,353,575,222,928,33,1.2519761155389342,0.21529582994123522
190,1566219600,561,626,65,1187,33,0.6663268114921392,0.5678023953713348
190,1566234000,898,591,-307,1489,33,-0.7213263165677826,0.9788332168380919
190,1566248400,1259,627,-632,1886,33,-1.9336576784480908,1.5191618132695572
190,1566262800,344,140,-204,484,34,-0.361124364913926,-0.37628633238392317
190,1566277200,32,13,-19,45,34,0.34441657433203954,-0.9986930244530695
190,1566291600,359,602,243,961,34,1.343615093696596,0.29999610979599217
190,1566306000,654,725,71,1379,34,0.6876527069381849,0.8926293610144505
190,1566320400,877,609,-268,1486,34,-0.6052033925449628,1.0443321310631946
190,1566334800,1380,643,-737,2023,34,-2.393845016903654,1.8056815471022187
190,1566349200,422,168,-254,590,34,-0.5518111052506735,-0.22600134523283086
190,1566363600,34,25,-9,59,34,0.38255392239938907,-0.9788440638859441
190,1566378000,335,565,230,900,34,1.2940365412090418,0.2135113530392315
190,1566392400,651,726,75,1377,34,0.7029076461651247,0.8897937952191468
190,1566406800,948,660,-288,1608,34,-0.6814780886796618,1.217301644576716
190,1566421200,1357,664,-693,2021,34,-2.226040685407316,1.802845981306915
190,1566435600,555,174,-381,729,34,-1.036155425706012,-0.028929522459228713
190,1566450000,48,22,-26,70,34,0.3177204306848949,-0.9632484520117742
190,1566464400,332,566,234,898,34,1.3092914804359816,0.21067578724392785
190,1566478800,581,755,174,1336,34,1.0804673920318846,0.8316646964154224
190,1566493200,947,585,-362,1532,34,-0.963694464378048,1.109550144355178
190,1566507600,1282,629,-653,1911,34,-2.073491293137918,1.6468898625652155
190,1566522000,444,179,-265,623,34,-0.5937621881247579,-0.179214509610321
190,1566536400,56,20,-36,76,34,0.27958308261754544,-0.9547417546258633
190,1566550800,288,525,237,813,34,1.3207326848561864,0.09016424094352367
190,1566565200,590,662,72,1252,34,0.6914664417449199,0.71257093301267
190,1566579600,1018,652,-366,1670,34,-0.9789494036049878,1.3052041842311284
190,1566594000,1100,583,-517,1683,34,-1.5548233594219651,1.3236353619006018
190,1566608400,393,156,-237,549,34,-0.4869776135361793,-0.28413044403655524
190,1566622800,0,1,1,1,34,0.42069127046673854,-1.0610754719497493
190,1566637200,0,2,2,2,34,0.4245050052734735,-1.0596576890520975
190,1566651600,0,0,0,0,34,0.4168775356600036,-1.062493254847401
190,1566666000,2,1,-1,3,34,0.41306380085326866,-1.0582399061544456
190,1566680400,0,0,0,0,34,0.4168775356600036,-1.062493254847401
190,1566694800,1,2,1,3,34,0.42069127046673854,-1.0582399061544456
190,1566709200,1,3,2,4,34,0.4245050052734735,-1.0568221232567938
190,1566723600,0,0,0,0,34,0.4168775356600036,-1.062493254847401
190,1566738000,0,0,0,0,34,0.4168775356600036,-1.062493254847401
190,1566752400,0,0,0,0,34,0.4168775356600036,-1.062493254847401
190,1566766800,2,0,-2,2,34,0.4092500660465337,-1.0596576890520975
190,1566781200,1,1,0,2,34,0.4168775356600036,-1.0596576890520975
190,1566795600,2,4,2,6,34,0.4245050052734735,-1.0539865574614904
190,1566810000,318,579,261,897,34,1.4122623202178253,0.20925800434627606
190,1566824400,577,652,75,1229,34,0.7029076461651247,0.6799619263666783
190,1566838800,831,549,-282,1380,34,-0.658595679839252,0.8940471439121023
190,1566853200,1271,600,-671,1871,34,-2.142138519659147,1.590178546659143
190,1566867600,324,124,-200,448,35,-0.17357192615721748,-0.7441812934919418
190,1566882000,27,19,-8,46,35,0.6198997362757768,-1.460285075511658
190,1566896400,327,547,220,874,35,1.5621473354149573,0.01467495312596661
190,1566910800,614,714,100,1328,35,1.066227546394336,0.8234090751084324
190,1566925200,919,537,-382,1456,35,-0.9257169395051599,1.0514222196321232
190,1566939600,1366,628,-738,1994,35,-2.3969456469330033,2.009789967708261
190,1566954000,384,152,-232,536,35,-0.3058172032293832,-0.5874222566319044
190,1566968400,41,24,-17,65,35,0.5827057520992301,-1.4264393743714228
190,1566982800,354,626,272,980,35,1.7770459106572267,0.20349833843464804
190,1566997200,600,738,138,1338,35,1.2232688129175329,0.8412226020243457
190,1567011600,937,624,-313,1561,35,-0.6405630608183026,1.2384642522492133
190,1567026000,1332,675,-657,2007,35,-2.062199789344084,2.0329475526989484
190,1567040400,417,145,-272,562,35,-0.47112379956959033,-0.5411070866505296
190,1567054800,34,28,-6,62,35,0.6281650660927871,-1.4317834324461969
190,1567069200,313,517,204,830,35,1.4960246968788746,-0.0637045653040521
190,1567083600,600,725,125,1325,35,1.1695441691069655,0.8180650170336584
190,1567098000,964,629,-335,1593,35,-0.7314816888054165,1.295467538380136
190,1567112400,1396,702,-694,2098,35,-2.2151083909587754,2.1950506476337597
190,1567126800,561,173,-388,734,35,-0.950512928956191,-0.2347144236968202
190,1567141200,317,81,-236,398,35,-0.3223478628634039,-0.8332489280715085
190,1567155600,195,435,240,630,35,1.644800633585061,-0.41997510362231893
190,1567170000,596,566,-30,1162,35,0.5289811082886628,0.5277045283042708
190,1567184400,1115,641,-474,1756,35,-1.3059221110876362,1.5858280271095235
190,1567198800,927,454,-473,1381,35,-1.301789446179131,0.9178207677627731
190,1567213200,524,221,-303,745,35,-0.5992364117332508,-0.21511954408931552
190,1567227600,115,47,-68,162,35,0.371939841765466,-1.2536481632870635
190,1567242000,102,152,50,254,35,0.8595943009690771,-1.0897637156606608
190,1567256400,479,393,-86,872,35,0.2975518734123728,0.01111224774278394
190,1567270800,755,448,-307,1203,35,-0.6157670713672716,0.6007399886595156
190,1567285200,656,368,-288,1024,35,-0.5372464381056732,0.28187785686466676
190,1567299600,434,214,-220,648,35,-0.25622522432732103,-0.38791075517367496
190,1567314000,103,32,-71,135,35,0.3595418470399505,-1.3017446859600295
190,1567328400,92,87,-5,179,35,0.6322977310012923,-1.2233651675300108
190,1567342800,390,348,-42,738,35,0.47938912938660067,-0.22758901293045486
190,1567357200,598,422,-176,1020,35,-0.0743879683530932,0.2747524460983014
190,1567371600,626,339,-287,965,35,-0.533113773197168,0.17677804806077804
190,1567386000,297,141,-156,438,35,0.008265329817010357,-0.7619948204078552
190,1567400400,62,33,-29,95,35,0.533113773197168,-1.3729987936236827
190,1567414800,91,147,56,238,35,0.8843902904201082,-1.118265358726122
190,1567429200,366,296,-70,662,35,0.3636745119484557,-0.3629718174913963
190,1567443600,576,382,-194,958,35,-0.1487759367061864,0.16430857921963868
190,1567458000,573,289,-284,862,35,-0.5207157784716524,-0.0067012791731294015
190,1567472400,262,133,-129,395,36,0.006486077551947952,-0.9199222112604187
190,1567486800,45,25,-20,70,36,0.3817977502183687,-1.3961200444405628
190,1567491971,6,76,70,82,36,0.6916881221447712,-1.3785373552154498
190,1567501200,367,558,191,925,36,1.1083185110680458,-0.14335343715126062
190,1567515600,614,717,103,1331,36,0.8053145918511188,0.45152754829839636
190,1567530000,959,564,-395,1523,36,-0.9094121328083081,0.7328505759002045
190,1567544400,1388,735,-653,2123,36,-1.797764532330662,1.6119850371558553
190,1567558800,400,157,-243,557,36,-0.38604172688816185,-0.682555906721393
190,1567573200,34,16,-18,50,36,0.38868420292784434,-1.425424526482418
190,1567587600,372,611,239,983,36,1.2735933760954603,-0.05837043922988105
190,1567602000,676,727,51,1403,36,0.6262668214047529,0.5570236836490744
190,1567616400,938,637,-301,1575,36,-0.5857488554629545,0.8090422292090277
190,1567630800,1506,756,-750,2262,36,-2.131757488740229,1.8156511873467476
190,1567645200,495,153,-342,648,36,-0.7269211360072045,-0.5492205134309527
190,1567659600,40,34,-6,74,36,0.43000291918469796,-1.3902591480321917
190,1567674000,390,772,382,1162,36,1.7659747448229666,0.2039046750447214
190,1567688400,666,821,155,1487,36,0.9843623622974847,0.6801025082248655
190,1567702800,1209,691,-518,1900,36,-1.3329289744410582,1.2852400623891718
190,1567717200,1434,858,-576,2292,36,-1.5326361030158508,1.8596079104095302
190,1567731600,499,208,-291,707,36,-0.5513165919155765,-0.4627722914074804
190,1567746000,49,24,-25,73,36,0.3645816184446797,-1.3917243721342847
190,1567760400,347,721,374,1068,36,1.738428933985064,0.0661736094480028
190,1567774800,643,740,97,1383,36,0.784655233722692,0.5277192016072194
190,1567789200,1206,718,-488,1924,36,-1.229632183798924,1.3204054408393977
190,1567803600,1287,767,-520,2054,36,-1.3398154271505338,1.5108845741114554
190,1567818000,526,231,-295,757,36,-0.5650894973345277,-0.3895110863028428
190,1567832400,87,39,-48,126,36,0.2853874122857102,-1.3140674947233688
190,1567846800,110,227,117,337,36,0.8535197608174481,-1.0049052091817983
190,1567861200,457,547,90,1004,36,0.7605526492395273,-0.027600733085933273
190,1567875600,821,682,-139,1503,36,-0.0279461859954301,0.7035460938583495
190,1567890000,783,526,-257,1309,36,-0.4342468958544911,0.41929261805235585
190,1567904400,471,247,-224,718,36,-0.3206204261481435,-0.4466548262844601
190,1567918800,112,60,-52,172,36,0.271614506866759,-1.2466671860271021
190,1567933200,81,149,68,230,36,0.6848016694352955,-1.1616841881057227
190,1567947600,331,419,88,750,36,0.7536661965300516,-0.39976765501749206
190,1567962000,733,566,-167,1299,36,-0.12435652392808864,0.4046403770314283
190,1567976400,626,351,-275,977,36,-0.4962249702397716,-0.06716178384243755
190,1567990800,252,131,-121,383,36,0.03403188838985039,-0.9375049004855317
190,1568005200,27,23,-4,50,36,0.4368893718941736,-1.425424526482418
190,1568019600,414,740,326,1154,36,1.5731540689576493,0.1921828822279794
190,1568034000,593,715,122,1308,36,0.870735892591137,0.4178273939502631
190,1568048400,1088,598,-490,1686,36,-1.2365186365083995,0.971682104541323
190,1568062800,1461,707,-754,2168,36,-2.1455303941591803,1.677920121750029
190,1568077200,456,132,-324,588,37,-0.6834755730487009,-0.6228116639715993
190,1568091600,41,27,-14,68,37,0.35144969519999797,-1.3985291855649684
190,1568106000,416,785,369,1201,37,1.6300831717782291,0.29163995282981475
190,1568108887,155,132,-23,287,37,0.32140347773471317,-1.0718327678169919
190,1568109060,94,222,128,316,37,0.8255122374300471,-1.0285715983435155
190,1568120400,463,512,49,975,37,0.5617732174569916,-0.045498816170380305
190,1568134800,1130,669,-461,1799,37,-1.1408457722424807,1.1837151026621893
190,1568149200,1489,811,-678,2300,37,-1.8652934600165698,1.9310890994281085
190,1568163600,553,144,-409,697,37,-0.9672454046652795,-0.46020933732991226
190,1568178000,41,19,-22,60,37,0.32474194634196707,-1.4104633012817895
190,1568192400,420,750,330,1170,37,1.4998828960953283,0.24539525442713314
190,1568206800,696,779,83,1475,37,0.6752811501036231,0.7003834161309362
190,1568221200,1088,702,-386,1790,37,-0.8904606266984406,1.1702892224807655
190,1568235600,1445,765,-680,2210,37,-1.8719703972310775,1.7968302976138715
190,1568250000,481,165,-316,646,37,-0.6567678241906699,-0.5362893250246465
190,1568264400,43,26,-17,69,37,0.3414342893782364,-1.3970374211003658
190,1568278800,390,700,310,1090,37,1.4331135239502508,0.1260540972589225
190,1568293200,661,831,170,1492,37,0.9657279189347096,0.7257434120291809
190,1568307600,1126,655,-471,1781,37,-1.1742304583150194,1.156863342299342
190,1568322000,1518,801,-717,2319,37,-1.9954937356994706,1.9594326242555584
190,1568336400,595,195,-400,790,37,-0.9371991871999947,-0.3214752421218674
190,1568350800,59,24,-35,83,37,0.2813418544476668,-1.376152718595929
190,1568365200,371,687,316,1058,37,1.453144335593774,0.07831763439163823
190,1568379600,650,797,147,1447,37,0.8889431409678705,0.6586140111220624
190,1568394000,1223,665,-558,1888,37,-1.4646772271461057,1.3164821400118236
190,1568408400,1426,726,-700,2152,37,-1.938739769376155,1.7103079586669188
190,1568422800,490,258,-232,748,37,-0.37633646118134506,-0.384129349635178
190,1568437200,100,37,-63,137,37,0.1878647334445585,-1.2955974375073867
190,1568451600,110,181,71,291,37,0.6352195268165767,-1.0658657099585813
190,1568466000,480,501,21,981,37,0.4682960964538833,-0.03654822938276451
190,1568480400,782,614,-168,1396,37,-0.16267447031709756,0.5825340234273282
190,1568494800,719,494,-225,1213,37,-0.35296718093056795,0.30954112640504633
190,1568509200,400,244,-156,644,37,-0.12261284703005114,-0.5392728539538518
190,1568523600,109,35,-74,144,37,0.15114157876476597,-1.2851550862551684
190,1568538000,79,102,23,181,37,0.47497303366839105,-1.229959801064871
190,1568552400,347,363,16,710,37,0.45160375341761394,-0.44081639929007804
190,1568566800,648,525,-123,1173,37,-0.012443382990673527,0.24987054782094104
190,1568581200,579,353,-226,932,37,-0.35630564953782184,-0.10964468814829352
190,1568595600,262,120,-142,382,37,-0.075874286528497,-0.9301151436797417
190,1568610000,22,19,-3,41,37,0.3881728498797905,-1.4388068261092395
190,1568624400,412,769,357,1181,37,1.5900215484911826,0.2618046635377621
190,1568638800,620,749,129,1369,37,0.8288507060373009,0.5422563828830571
190,1568653200,1115,664,-451,1779,37,-1.107461086169942,1.1538798133701367
190,1568667600,441,748,307,1189,37,1.4230981181284892,0.2737387792545832
190,1568682000,1889,504,-1385,2393,38,-3.072960585558791,1.7820435572353763
190,1568696400,33,16,-17,49,38,0.6020045173440876,-1.5406576572098571
190,1568710800,406,803,397,1209,38,1.714165009012064,0.10368253423914912
190,1568725200,668,777,109,1445,38,0.9404881452430368,0.43822071112015387
190,1568739600,1163,635,-528,1798,38,-0.770734640246096,0.9386104417938601
190,1568754000,1524,810,-714,2334,38,-1.2704009480969258,1.698409013015125
190,1568768400,545,175,-370,720,38,-0.34628691637281017,-0.5894919085354751
190,1568782800,48,32,-16,80,38,0.6046908953432856,-1.4967140831280303
190,1568797200,419,725,306,1144,38,1.469704611085045,0.011542782132092732
190,1568811600,623,787,164,1410,38,1.0882389351989274,0.3886069984471235
190,1568826000,1158,736,-422,1894,38,-0.48597857233110675,1.0746937679827433
190,1568840400,1561,799,-762,2360,38,-1.3993470920584303,1.7352649138579477
190,1568854800,557,183,-374,740,38,-0.35703242836960225,-0.5611412155794577
190,1568869200,50,30,-20,80,38,0.5939453833464935,-1.4967140831280303
190,1568883600,388,571,183,959,38,1.1392801171836895,-0.2507011277110678
190,1568898000,668,845,177,1513,38,1.1231618491885016,0.5346130671706129
190,1568912400,1172,635,-537,1807,38,-0.794912042238878,0.9513682536240679
190,1568926800,1518,734,-784,2252,38,-1.4584474080407865,1.5821711718954539
190,1568941200,564,180,-384,744,38,-0.38389620836158234,-0.5554710769882543
190,1568955600,89,33,-56,122,38,0.4972357753753651,-1.4371776279203938
190,1568970000,334,687,353,1021,38,1.5959643770473513,-0.16281397954741397
190,1568984400,665,806,141,1471,38,1.026452241217373,0.4750766119629764
190,1568998800,1128,696,-432,1824,38,-0.5128423523230868,0.9754663426366826
190,1569013200,1358,749,-609,2107,38,-0.9883312581811348,1.3766286479643282
190,1569027600,663,242,-421,905,38,-0.48329219433190873,-0.3272479986923146
190,1569042000,141,33,-108,174,38,0.35754411941706854,-1.3634658262347488
190,1569056400,148,162,14,310,38,0.6852822353192258,-1.1706811141338307
190,1569070800,622,426,-196,1048,38,0.12114285548764364,-0.12454054405679055
190,1569085200,1020,494,-526,1514,38,-0.7653618842476999,0.5360306018184137
190,1569099600,978,286,-692,1264,38,-1.2113006321145696,0.18164693986819683
190,1569114000,581,192,-389,773,38,-0.3973280983575724,-0.5143625722020291
190,1569128400,149,29,-120,178,38,0.3253075834266924,-1.3577956876435453
190,1569142800,96,107,11,203,38,0.6772231013216318,-1.3223573214485236
190,1569157200,453,298,-155,751,38,0.23128435345476206,-0.5455483344536483
190,1569171600,774,369,-405,1143,38,-0.4403101463447406,0.010125247484291864
190,1569186000,730,265,-465,995,38,-0.6014928262966212,-0.19966988039023653
190,1569200400,404,99,-305,503,38,-0.1716723464249395,-0.8970969271082634
190,1569214800,50,21,-29,71,38,0.5697679813537114,-1.5094718949582382
190,1569229200,426,700,274,1126,38,1.3837405151107085,-0.013972841528322883
190,1569243600,646,758,112,1404,38,0.9485472792406308,0.3801017905603183
190,1569258000,1116,633,-483,1749,38,-0.6498476302821854,0.8691512440516176
190,1569272400,1391,728,-663,2119,38,-1.1333956701378274,1.3936390637379386
190,1569286800,515,134,-381,649,39,-0.6026349491006651,-0.6477788003870221
190,1569301200,56,20,-36,76,39,0.49533819467761186,-1.470918597108817
190,1569315600,447,780,333,1227,39,1.6696920788926384,0.18254371707405567
190,1569330000,698,776,78,1474,39,0.8581467117521728,0.53737012159462
190,1569344400,1179,688,-491,1867,39,-0.9527133427691012,1.1019319717022387
190,1569358800,1547,819,-728,2366,39,-1.7069731545820046,1.81876750148265
190,1569373200,551,206,-345,757,39,-0.48806383844554047,-0.49263203241851616
190,1569387600,58,30,-28,88,39,0.5207984414898618,-1.4536800673345387
190,1569402000,423,727,304,1150,39,1.5773986841982326,0.0719298176891024
190,1569416400,713,860,147,1573,39,1.0777413405078282,0.6795879922324171
190,1569430800,1205,725,-480,1930,39,-0.9177055034022576,1.1924342530172003
190,1569445200,1610,817,-793,2427,39,-1.913837659931535,1.9063966945018986
190,1569459600,590,168,-422,758,39,-0.7331187140134457,-0.4911954882706597
190,1569474000,39,22,-17,61,39,0.5558062808567054,-1.4924667593266652
190,1569488400,410,763,353,1173,39,1.7333426959232632,0.10497033308980272
190,1569502800,692,793,101,1485,39,0.9313449213373913,0.5531721072210419
190,1569517200,1197,644,-553,1841,39,-1.150030255564038,1.0645818238579687
190,1569531600,1501,784,-717,2285,39,-1.6719653152151608,1.7024074255062707
190,1569546000,553,176,-377,729,39,-0.5899048256945401,-0.5328552685584992
190,1569560400,63,19,-44,82,39,0.46987794786536197,-1.462299332221678
190,1569574800,369,706,337,1075,39,1.6824222022987634,-0.03581099340013779
190,1569589200,678,781,103,1459,39,0.9377099830404537,0.515821959376772
190,1569603600,1271,746,-525,2017,39,-1.0609193917211632,1.317413593880719
190,1569618000,1417,763,-654,2180,39,-1.471465871568693,1.5515702899813344
190,1569632400,622,279,-343,901,39,-0.481698776742478,-0.28576967512717505
190,1569646800,130,37,-93,167,39,0.3139339361403313,-1.3401930796538724
190,1569661200,146,190,44,336,39,0.7499406628001108,-1.0974171186661177
190,1569675600,562,466,-96,1028,39,0.30438634358573763,-0.10332856834939498
190,1569690000,911,502,-409,1413,39,-0.6917458129435397,0.44974092857537135
190,1569704400,874,462,-412,1336,39,-0.7012934054981333,0.3391270291904181
190,1569718800,506,207,-299,713,39,-0.3416674192751036,-0.5558399749242038
190,1569733200,117,30,-87,147,39,0.3330291212495188,-1.368923962611003
190,1569747600,117,100,-17,217,39,0.5558062808567054,-1.2683658722610456
190,1569762000,391,355,-36,746,39,0.49533819467761186,-0.508434018044938
190,1569776400,737,422,-315,1159,39,-0.3925879128996034,0.08485871501981122
190,1569790800,681,307,-374,988,39,-0.5803572331399464,-0.1607903342636564
190,1569805200,290,133,-157,423,39,0.11025196164233214,-0.9724377778025992
190,1569819600,32,17,-15,49,39,0.5621713425597679,-1.5097052891009435
190,1569834000,330,585,255,915,39,1.4214546724732018,-0.26565805705718354
190,1569848400,583,742,159,1325,39,1.115931710726203,0.32332504356399616
190,1569862800,1037,600,-437,1637,39,-0.7808566767864143,0.7715268176952353
190,1569877200,1275,693,-582,1968,39,-1.2423236502584438,1.2470229306357488
190,1569891600,148,176,28,324,40,0.5085757145206733,-0.9988944334763504
190,1569906000,11,29,18,40,40,0.47572905911567825,-1.3854503431057152
190,1569920400,357,627,270,984,40,1.3034647753215536,-0.10056027729543238
190,1569934800,608,761,153,1369,40,0.9191589070831114,0.4234679804767698
190,1569949200,1031,643,-388,1674,40,-0.8578451503271207,0.838607249620982
190,1569963600,1498,769,-729,2267,40,-1.9779160996374519,1.6457468778259583
190,1569978000,155,176,21,331,40,0.48558305573717675,-0.9893666469714013
190,1569992400,10,23,13,33,40,0.4593057314131807,-1.3949781296106643
190,1570006800,409,730,321,1139,40,1.4709827178870283,0.11041213817129839
190,1570021200,683,867,184,1550,40,1.0209835388385962,0.6698293172475973
190,1570035600,1167,685,-482,1852,40,-1.1666037111340741,1.08088524931826
190,1570050000,1552,825,-727,2377,40,-1.9713467685564527,1.7954692371894447
190,1570064400,161,202,41,363,40,0.5512763665471668,-0.9458110515202053
190,1570078800,16,25,9,41,40,0.4461670692511827,-1.3840892307478654
190,1570093200,450,669,219,1119,40,1.1359468327560787,0.08318989101430087
190,1570107600,687,850,163,1537,40,0.9520055624881064,0.6521348565955489
190,1570122000,1141,706,-435,1847,40,-1.0122244307305974,1.0740796875290104
190,1570136400,1580,874,-706,2454,40,-1.902368792205963,1.9002748887438852
190,1570150800,210,211,1,421,40,0.4198897449271867,-0.8668665347649125
190,1570165200,18,26,8,44,40,0.44288240371068316,-1.3800058936743156
190,1570179600,390,737,347,1127,40,1.5563840219400153,0.09407878987709987
190,1570194000,737,810,73,1547,40,0.656385663843151,0.6657459801740477
190,1570208400,1236,755,-481,1991,40,-1.1633190455935747,1.2700798670593927
190,1570222800,1435,801,-634,2236,40,-1.665872873289999,1.6035523947326122
190,1570237200,542,260,-282,802,40,-0.5096706030341732,-0.3482827264241098
190,1570251600,86,47,-39,133,40,0.2885031233072065,-1.2588668938256766
190,1570266000,110,201,91,311,40,0.7155096435721421,-1.016588894128399
190,1570280400,500,525,25,1025,40,0.49872171789917474,-0.04475467062358747
190,1570294800,843,568,-275,1411,40,-0.48667794425067673,0.4806346995064646
190,1570309200,853,457,-396,1310,40,-0.8841224746511168,0.34316235136362716
190,1570323600,483,263,-220,746,40,-0.3060213395232039,-0.4245050184637028
190,1570338000,134,47,-87,181,40,0.13083917736323025,-1.1935335006488828
190,1570352400,86,115,29,201,40,0.5118603800611727,-1.1663112534918851
190,1570366800,377,369,-8,746,40,0.39032775506269113,-0.4245050184637028
190,1570381200,688,430,-258,1118,40,-0.43083863006218515,0.08182877865645098
190,1570395600,610,336,-274,946,40,-0.48339327871017723,-0.15228254689372767
190,1570410000,257,100,-157,357,40,-0.09908741047173508,-0.9539777256673045
190,1570424400,34,23,-11,57,40,0.38047375844119263,-1.3623114330222672
190,1570438800,404,679,275,1083,40,1.319888103024051,0.03418984613170533
190,1570453200,633,788,155,1421,40,0.9257282381641104,0.4942458230849634
190,1570467600,1128,646,-482,1774,40,-1.1666037111340741,0.9747184854059695
190,1570482000,1421,721,-700,2142,40,-1.8826607989629662,1.4756078330947238
190,1570496400,525,155,-370,680,41,-0.6078747438615852,-0.5729247935442154
190,1570510800,52,20,-32,72,41,0.5451704009619134,-1.4865133740328558
190,1570525200,414,738,324,1152,41,1.7596203168115157,0.13630844657196595
190,1570539600,662,789,127,1451,41,1.087579211692494,0.5855896728320046
190,1570554000,1177,624,-553,1801,41,-1.2321565826269707,1.1115041517317155
190,1570568400,1499,772,-727,2271,41,-1.825736035879304,1.817732166254184
190,1570582800,580,226,-354,806,41,-0.5532927251717155,-0.38359558114031955
190,1570597200,51,28,-23,79,41,0.5758727864749651,-1.4759950844548617
190,1570611600,309,556,247,865,41,1.4969443518665173,-0.2949414261257969
190,1570626000,670,751,81,1421,41,0.9306559079591186,0.5405112889263151
190,1570640400,958,624,-334,1582,41,-0.4850652018093783,0.782431949220182
190,1570654800,1389,761,-628,2150,41,-1.4880097952357352,1.6359160178345697
190,1570669200,575,207,-368,782,41,-0.6010519915253515,-0.41965828826487117
190,1570683600,65,29,-36,94,41,0.5315248962894459,-1.453455892502017
190,1570698000,415,681,266,1096,41,1.5617604990607377,0.052162129948012226
190,1570712400,678,854,176,1532,41,1.25473664393022,0.7073013093773662
190,1570726800,1134,690,-444,1824,41,-0.8603165803022329,1.1460642460594106
190,1570741200,1626,849,-777,2475,41,-1.996304844285147,2.1242651768128726
190,1570755600,656,235,-421,891,41,-0.7818549284355452,-0.2558734934075326
190,1570770000,75,41,-34,116,41,0.5383476486256796,-1.420398410971178
190,1570784400,345,636,291,981,41,1.6470449032636592,-0.12063834169046417
190,1570798800,707,757,50,1464,41,0.8249032467474958,0.6051236391911367
190,1570813200,1185,765,-420,1950,41,-0.7784435522674282,1.3353934584633065
190,1570827600,1440,742,-698,2182,41,-1.7268061270039152,1.683999627333972
190,1570842000,616,254,-362,870,41,-0.5805837345166504,-0.2874283621415153
190,1570856400,128,39,-89,167,41,0.3507219593792523,-1.3437651583315058
190,1570870800,135,166,31,301,41,0.7600870995532756,-1.1424150435527594
190,1570885200,477,439,-38,916,41,0.5247021439532122,-0.21830817348612475
190,1570899600,941,498,-443,1439,41,-0.856905204134116,0.5675583192697288
190,1570914000,844,466,-378,1310,41,-0.6351657532065201,0.37372126847526393
190,1570928400,535,185,-350,720,41,-0.5396472204992481,-0.5128202816699627
190,1570942800,112,35,-77,147,41,0.39165847339665466,-1.3738174142686321
190,1570957200,97,115,18,212,41,0.7157392093677564,-1.2761475824729716
190,1570971600,444,328,-116,772,41,0.25861480284009714,-0.4346844162334343
190,1570986000,784,423,-361,1207,41,-0.5771723583485335,0.21895215039906335
190,1571000400,725,310,-415,1035,41,-0.7613866714268439,-0.039497250660223075
190,1571014800,312,118,-194,430,41,-0.007472538273017929,-0.9485779927582946
190,1571029200,46,28,-18,74,41,0.5929296673155494,-1.4835081484391432
190,1571043600,275,467,192,742,41,1.30931866262009,-0.4797628001391238
190,1571058000,567,621,54,1188,41,0.8385487514199633,0.19040250725879335
190,1571072400,899,587,-312,1486,41,-0.41001492611080737,0.6381811207219756
190,1571086800,1191,650,-541,1841,41,-1.1912200686095682,1.171608663605968
190,1571101200,432,156,-276,588,42,-0.3140538414491073,-0.750154440278191
190,1571115600,34,26,-8,60,42,0.5192771437821873,-1.4965392602534766
190,1571130000,416,746,330,1162,42,1.5702692072455364,0.06125632992221398
190,1571144400,637,797,160,1434,42,1.0416637315391182,0.44575760081857313
190,1571158800,1146,711,-435,1857,42,-0.8084554334333455,1.0437136213669553
190,1571173200,1544,749,-795,2293,42,-1.9278552643410547,1.6600465408920015
190,1571187600,614,250,-364,864,42,-0.5876849112265473,-0.35999873892747364
190,1571202000,51,29,-22,80,42,0.4757449281357764,-1.4682671079816854
190,1571216400,425,744,319,1169,42,1.5360653235233566,0.07115158321734087
190,1571230800,697,823,126,1520,42,0.9359426363978346,0.5673278555872749
190,1571245200,1211,692,-519,1903,42,-1.069648727311811,1.108739571592075
190,1571259600,1501,830,-671,2331,42,-1.5422842114728437,1.7137636302084047
190,1571274000,538,213,-325,751,42,-0.46641659621154546,-0.5197363992630935
190,1571288400,36,24,-12,60,42,0.5068393678832127,-1.4965392602534766
190,1571302800,446,713,267,1159,42,1.3743742368366874,0.05701550708144531
190,1571317200,685,840,155,1525,42,1.0261165116654,0.5743958936552227
190,1571331600,1119,750,-369,1869,42,-0.6032321311002655,1.06067691273003
190,1571346000,1599,874,-725,2473,42,-1.7101941861090002,1.9144959113381217
190,1571360400,609,239,-370,848,42,-0.6063415750750091,-0.3826164607449066
190,1571374800,72,42,-30,114,42,0.4508693763378273,-1.4202044491196406
190,1571389200,363,689,326,1052,42,1.557831431346562,-0.09424050757263716
190,1571403600,740,829,89,1569,42,0.82089320933232,0.6365946286531632
190,1571418000,1268,722,-546,1990,42,-1.1536037146298892,1.2317234339743661
190,1571432400,1509,773,-736,2282,42,-1.74439806983118,1.6444968571425165
190,1571446800,137,274,137,411,42,0.9701465201200146,-1.0003629878835425
190,1571461200,706,126,-580,832,42,-1.259324809771173,-0.40523418256233945
190,1571475600,122,179,57,301,42,0.7213910021405237,-1.1558598253783936
190,1571490000,540,472,-68,1012,42,0.3327105052975691,-0.15078481211621939
190,1571504400,875,521,-354,1396,42,-0.5565904714791109,0.39204051150217006
190,1571518800,875,472,-403,1347,42,-0.7089532262415491,0.3227737384362818
190,1571533200,449,210,-239,659,42,-0.19900441438359273,-0.6497882997133326
190,1571547600,97,38,-59,135,42,0.3606955010702618,-1.3905186892342598
190,1571562000,96,102,6,198,42,0.5628093594285982,-1.3014614095781178
190,1571576400,404,353,-51,757,42,0.3855710528682109,-0.5112547535815561
190,1571590800,681,449,-232,1130,42,-0.17723830656038728,0.016020886287348192
190,1571605200,573,320,-253,893,42,-0.24253663003000364,-0.31900411813337654
190,1571619600,275,124,-151,399,42,0.07462665539384727,-1.0173262792466171
190,1571634000,33,20,-13,53,42,0.5037299239084692,-1.5064345135486035
190,1571648400,389,743,354,1132,42,1.6448958626393837,0.018848101514527305
190,1571662800,654,726,72,1380,42,0.7680326617616783,0.36942278968473713
190,1571677200,1102,665,-437,1767,42,-0.8146743213828328,0.9164889361438953
190,1571691600,1467,762,-705,2229,42,-1.6480053066141274,1.56957565362227
190,1571706000,213,175,-38,388,43,0.31469938324545216,-0.9646122030861546
190,1571720400,15,38,23,53,43,0.5103935142830367,-1.4115330967051678
190,1571734800,408,730,322,1138,43,1.4696155664180823,0.03595696173253186
190,1571749200,661,824,163,1485,43,0.9595275855168374,0.49888696198864413
190,1571763600,1164,701,-463,1865,43,-1.0487433330000142,1.0058420054967787
190,1571778000,1555,831,-724,2386,43,-1.886057565800171,1.700904051990826
190,1571792400,198,242,44,440,43,0.5777636249681068,-0.8952394076587257
190,1571806800,11,29,18,40,43,0.49435301173897245,-1.4288762955620251
190,1571821200,422,643,221,1065,43,1.1455974150279833,-0.06143177030982029
190,1571835600,682,834,152,1516,43,0.9242384799198958,0.5402438208011499
190,1571850000,1257,708,-549,1965,43,-1.3246399767579202,1.1392512274726034
190,1571864400,1661,911,-750,2572,43,-1.9694681790293056,1.9490452048658604
190,1571878800,223,236,13,459,43,0.47831250919490814,-0.8698916554833189
190,1571893200,14,27,13,41,43,0.47831250919490814,-1.427542203342267
190,1571907600,390,740,350,1130,43,1.5594423806648425,0.02528422397446587
190,1571922000,655,796,141,1451,43,0.8889493743229544,0.4535278265168637
190,1571936400,1194,687,-507,1881,43,-1.1898997553877801,1.0271874810129107
190,1571950800,1582,813,-769,2395,43,-2.03042208869675,1.7129108819686505
190,1571965200,244,274,30,518,43,0.5328502178447267,-0.7911802145175822
190,1571979600,17,31,14,48,43,0.481520609703721,-1.4182035578039591
190,1571994000,386,690,304,1076,43,1.4118697572594507,-0.04675675589247956
190,1572008400,728,715,-13,1443,43,0.39490189596577374,0.4428550887587977
190,1572022800,1240,764,-476,2004,43,-1.0904486396145814,1.1912808240431751
190,1572037200,1480,863,-617,2343,43,-1.5427908113571949,1.6435380865412215
190,1572051600,578,256,-322,834,43,-0.5964011612574006,-0.3696070730739757
190,1572066000,127,33,-94,160,43,0.13504575475193192,-1.2687852291910353
190,1572080400,127,194,67,321,43,0.6515499366708026,-1.0539963818099574
190,1572094800,538,560,22,1098,43,0.5071854137742239,-0.017406727057798086
190,1572109200,999,671,-328,1670,43,-0.6156497643102777,0.7456940226439202
190,1572123600,957,645,-312,1602,43,-0.564320156169272,0.6549757517003593
190,1572138000,545,316,-229,861,43,-0.29804781393780444,-0.333586583140503
190,1572152400,141,49,-92,190,43,0.14146195576955764,-1.2287624625982878
190,1572166800,92,127,35,219,43,0.548890720388791,-1.1900737882252987
190,1572181200,431,426,-5,857,43,0.4205667000362766,-0.338922952019536
190,1572195600,628,458,-170,1086,43,-0.10876988391784558,-0.03341583369489707
190,1572210000,654,363,-291,1017,43,-0.49695004548420185,-0.12546819685821622
190,1572224400,347,130,-217,477,43,-0.2595506078320501,-0.8458779955276705
190,1572238800,40,26,-14,66,43,0.39169379545696087,-1.3941898978483107
190,1572253200,397,748,351,1145,43,1.5626504811736552,0.0452956072708396
190,1572267600,633,758,125,1391,43,0.8376197661819486,0.3734822933313688
190,1572282000,1106,632,-474,1738,43,-1.0840324385969557,0.836412293587481
190,1572296400,1450,780,-670,2230,43,-1.7128201383242765,1.4927856657085394
190,1572310800,541,172,-369,713,44,-0.6397440937513763,-0.585859426521708
190,1572325200,40,20,-20,60,44,0.4899232868302011,-1.4872776947845052
190,1572339600,429,748,319,1177,44,1.5872219745584382,0.05465830161602243
190,1572354000,643,789,146,1432,44,1.0272435881956505,0.40666696686412857
190,1572368400,1187,690,-497,1877,44,-1.0540633622741322,1.0209565983755295
190,1572382800,1567,855,-712,2422,44,-1.7499902586209493,1.7732888437097172
190,1572397200,509,200,-309,709,44,-0.44553193663133434,-0.5913811310746194
190,1572411600,34,28,-6,62,44,0.5352394568248775,-1.4845168425080495
190,1572426000,405,779,374,1184,44,1.7652497852518099,0.0643212845836175
190,1572440400,684,761,77,1445,44,0.8038996075076023,0.42461250666109085
190,1572454800,1234,744,-490,1978,44,-1.031405277276794,1.1603796383365441
190,1572469200,1569,805,-764,2374,44,-1.9183074614583189,1.7070283890747795
190,1572483600,555,198,-357,753,44,-0.6009016623273679,-0.5306423809925933
190,1572498000,36,28,-8,64,44,0.5287657182542095,-1.4817559902315938
190,1572512400,429,657,228,1086,44,1.2926668695930412,-0.07096047696271349
190,1572526800,697,826,129,1523,44,0.972216810344972,0.5322857454428646
190,1572541200,1141,690,-451,1831,44,-0.9051673751487668,0.9574569960170476
190,1572555600,1428,777,-651,2205,44,-1.5525412322155734,1.47373637171427
190,1572570000,830,264,-566,1094,44,-1.2774073429621806,-0.059917067856890556
190,1572584400,131,39,-92,170,44,0.2568686982861507,-1.33543081957944
190,1572598800,392,696,304,1088,44,1.5386689352784277,-0.06819962468625776
190,1572613200,707,802,95,1509,44,0.8621632546436149,0.5129597795076744
190,1572627600,1237,701,-536,1938,44,-1.1803012644021595,1.1051625928074293
190,1572642000,1459,840,-619,2299,44,-1.4489614150848842,1.6034964287076896
190,1572656400,602,261,-341,863,44,-0.5491117537620234,-0.3787955057875279
190,1572670800,110,40,-70,150,44,0.32807982256349943,-1.3630393423439973
190,1572685200,128,217,89,345,44,0.8427420389316107,-1.093856245389563
190,1572699600,544,595,51,1139,44,0.7197410060889173,0.0022021083633634725
190,1572714000,996,655,-341,1651,44,-0.5491117537620234,0.7089802911360316
190,1572728400,933,577,-356,1510,44,-0.5976647930420338,0.5143402056459022
190,1572742800,386,175,-211,561,44,-0.12831874666859913,-0.7956841995323438
190,1572753600,113,52,-61,165,44,0.35721164613150574,-1.3423329502705792
190,1572768000,63,75,12,138,44,0.5935031039608901,-1.3796044560027316
190,1572782400,438,367,-71,805,44,0.3248429532781654,-0.4588602218047442
190,1572796800,681,614,-67,1295,44,0.3377904304195015,0.21754858592691076
190,1572811200,746,588,-158,1334,44,0.04323532545410459,0.2713852053177976
190,1572825600,379,150,-229,529,44,-0.18658239380461172,-0.8398578359556356
190,1572840000,50,25,-25,75,44,0.47373894040353093,-1.4665713027110874
190,1572854400,190,323,133,513,44,0.9851642874863081,-0.8619446541672815
190,1572868800,746,1017,271,1763,44,1.4318522488624046,0.8635880186175526
190,1572883200,919,605,-314,1524,44,-0.4617162830580045,0.5336661715810924
190,1572897600,1576,842,-734,2418,44,-1.821201382898298,1.7677671391568057
190,1572912000,691,241,-450,932,45,-0.8384870781567569,-0.27421669123436493
190,1572926400,84,26,-58,110,45,0.3890472678127297,-1.3310437785501963
190,1572940800,187,309,122,496,45,0.9527109981048408,-0.8347721779371661
190,1572955200,695,1006,311,1701,45,1.5445579149115576,0.7144694768263095
190,1572969600,889,683,-206,1572,45,-0.07440957709411732,0.5486170507147009
190,1572984000,1639,906,-733,2545,45,-1.7246917207826875,1.79958147402164
190,1572998400,753,259,-494,1012,45,-0.9762715455614952,-0.1713624734907317
190,1573012800,81,23,-58,104,45,0.3890472678127297,-1.338757844880969
190,1573027200,183,351,168,534,45,1.0967583958461582,-0.7859164245089403
190,1573041600,742,1091,349,1833,45,1.6635535913065587,0.8841789361033043
190,1573056000,1051,636,-415,1687,45,-0.7288857972666242,0.6964699887211736
190,1573070400,1716,911,-805,2627,45,-1.950157212899532,1.905007047208864
190,1573084800,846,285,-561,1131,45,-1.1860797118368922,-0.018366824597077277
190,1573099200,88,39,-49,127,45,0.41723045432733524,-1.3091872572796743
190,1573113600,164,352,188,516,45,1.1593876992119483,-0.8090586235012577
190,1573128000,779,1054,275,1833,45,1.4318251688531354,0.8841789361033043
190,1573142400,992,662,-330,1654,45,-0.4627112579620161,0.6540426239019249
190,1573156800,1787,905,-882,2692,45,-2.191280030857824,1.988576099125566
190,1573171200,808,294,-514,1102,45,-1.0389008489272853,-0.05565147852914432
190,1573185600,125,36,-89,161,45,0.29197184759575495,-1.2654742147386302
190,1573200000,160,342,182,502,45,1.1405989082022112,-0.8270581116063935
190,1573214400,760,940,180,1700,45,1.1343359778656323,0.713183799104514
190,1573228800,1105,728,-377,1833,45,-0.609890120871623,0.8841789361033043
190,1573243200,1716,957,-759,2673,45,-1.8061098151582147,1.9641482224114533
190,1573257600,768,380,-388,1148,45,-0.6443362377228076,0.003489696673444782
190,1573272000,174,69,-105,243,45,0.24186840490312286,-1.1600486415514062
190,1573286400,79,132,53,211,45,0.7366399014928648,-1.2011903286488594
190,1573300800,415,527,112,942,45,0.9213963464219458,-0.2613599140164108
190,1573315200,909,692,-217,1601,45,-0.10885569394530188,0.5859017046467679
190,1573329600,1048,601,-447,1649,45,-0.8290926826518884,0.6476142352929478
190,1573344000,645,354,-291,999,45,-0.3405841163987254,-0.1880762838740721
190,1573358400,200,44,-156,244,45,0.08216368132035802,-1.1587629638296106
190,1573372800,69,88,19,157,45,0.6301700857710216,-1.2706169256258117
190,1573387200,346,352,6,698,45,0.589461038583258,-0.5750652781344922
190,1573401600,712,552,-160,1264,45,0.06963782064719999,0.15262831240171296
190,1573416000,782,518,-264,1300,45,-0.2560345568549087,0.19891271038634792
190,1573430400,420,178,-242,598,45,-0.18714232315253956,-0.7036330503140337
190,1573444800,59,27,-32,86,45,0.47046536218825685,-1.3619000438732862
190,1573459200,141,283,142,424,45,1.015340301470631,-0.9273409739064359
190,1573473600,721,911,190,1632,45,1.1656506295485274,0.6257577140224259
190,1573488000,879,632,-247,1511,45,-0.20279964899398709,0.47019070968518056
190,1573502400,1470,848,-622,2318,45,-1.3770990871025521,1.5077326311740806
190,1573516800,690,231,-459,921,46,-0.8509719586115548,-0.2576572668929264
190,1573531200,91,25,-66,116,46,0.34231180222799357,-1.308361909716451
190,1573545600,199,316,117,515,46,0.8979630191074779,-0.787577869360443
190,1573560000,798,1055,257,1853,46,1.3230513817475205,0.9588107170965454
190,1573574400,983,600,-383,1583,46,-0.6202097046069602,0.6064004642240589
190,1573588800,1613,784,-829,2397,46,-1.9744197741602392,1.6688521154766662
190,1573603200,800,295,-505,1095,46,-0.9906438491932831,-0.0305484372639907
190,1573617600,95,32,-63,127,46,0.35142083857028017,-1.294004454969794
190,1573632000,179,377,198,556,46,1.1439070003492169,-0.7340637198501766
190,1573646400,780,1119,339,1899,46,1.5720317084366882,1.0188509824007468
190,1573660800,938,629,-309,1567,46,-0.39552014149722337,0.5855168936834672
190,1573675200,1712,1067,-645,2779,46,-1.4157322118333258,2.167447362133295
190,1573689600,841,296,-545,1137,46,-1.1120976670904381,0.02427093540506275
190,1573704000,94,40,-54,134,46,0.3787479475971401,-1.284867892858285
190,1573718400,170,346,176,516,46,1.0771074005057817,-0.7862726462016562
190,1573732800,733,1069,336,1802,46,1.5629226720944016,0.892244335998409
190,1573747200,1015,632,-383,1647,46,-0.6202097046069602,0.689934746386426
190,1573761600,1621,864,-757,2485,46,-1.75580290194536,1.7837117534499212
190,1573776000,910,337,-573,1247,46,-1.1971153396184466,0.1678454828716313
190,1573790400,147,44,-103,191,46,0.22996702067312513,-1.2104701728074267
190,1573804800,192,341,149,533,46,0.9951260734252019,-0.7640838525022773
190,1573819200,716,1048,332,1764,46,1.5507772903046864,0.8426458559645036
190,1573833600,1068,632,-436,1700,46,-0.7811360133206906,0.7591115738021363
190,1573848000,1688,861,-827,2549,46,-1.9683470832653813,1.8672460356122882
190,1573862400,739,338,-401,1077,46,-0.67486392266068,-0.05404245412215646
190,1573876800,209,57,-152,266,46,0.08118609374911019,-1.1125784358984028
190,1573891200,74,114,40,188,46,0.6641644196554545,-1.2143858422837879
190,1573905600,371,428,57,799,46,0.7157822922617453,-0.4168944922649388
190,1573920000,653,554,-99,1207,46,0.24211240246284063,0.11563655652015184
190,1573934400,880,548,-332,1428,46,-0.46535608678808754,0.40409087461207593
190,1573948800,538,337,-201,875,46,-0.06759483317490474,-0.3176975321971278
190,1573963200,166,70,-96,236,46,0.25122143880512726,-1.1517351306620125
190,1573977600,81,72,-9,153,46,0.5153834927314395,-1.2600686528413323
190,1573992000,267,313,46,580,46,0.6823824923400277,-0.7027383640392889
190,1574006400,685,508,-177,1193,46,0.005277457563388293,0.09736343229713401
190,1574020800,723,413,-310,1136,46,-0.39855648694465223,0.022965712246275766
190,1574035200,332,153,-179,485,46,-0.0007952333314694593,-0.8267345641240527
190,1574049600,61,32,-29,93,46,0.45465658378286194,-1.3383820423685515
190,1574064000,156,321,165,477,46,1.043707600584064,-0.8371763493943486
190,1574078400,725,1016,291,1741,46,1.4262871269601023,0.8126257233124028
190,1574092800,892,583,-309,1475,46,-0.39552014149722337,0.4654363630750643
190,1574107200,1615,836,-779,2451,46,-1.8226025017887952,1.7393341660511634
190,1574121600,681,251,-430,932,47,-0.7481000288178051,-0.28255138780875755
190,1574136000,77,18,-59,95,47,0.38506752722759585,-1.3814352783972144
190,1574150400,195,359,164,554,47,1.0661898048505727,-0.77882153194548
190,1574164800,756,1069,313,1825,47,1.5212894432623374,0.8898540056147691
190,1574179200,929,625,-304,1554,47,-0.3632506701608765,0.5340624472521983
190,1574193600,1669,860,-809,2529,47,-1.905702464777932,1.8141243269699345
190,1574208000,766,260,-506,1026,47,-0.9802313880076987,-0.1591402937641758
190,1574222400,106,33,-73,139,47,0.342306487376826,-1.3236683833125165
190,1574236800,185,362,177,547,47,1.1058964847120019,-0.7880117197998637
190,1574251200,746,1086,340,1832,47,1.6037571629745364,0.8990441934691529
190,1574265600,910,624,-286,1534,47,-0.30827219035274384,0.5078047676682448
190,1574280000,1680,901,-779,2581,47,-1.8140716650977107,1.8823942938882139
190,1574294400,1009,336,-673,1345,47,-1.4903095062275962,0.25966969559988357
190,1574308800,487,232,-255,719,47,-0.21358703068318202,-0.5621956753778631
190,1574323200,164,352,188,516,47,1.1394944445947495,-0.8287111231549917
190,1574337600,792,1067,275,1859,47,1.4052237636673908,0.9344920609074902
190,1574352000,931,653,-278,1584,47,-0.2838373104380182,0.5734489666281287
190,1574366400,1752,939,-813,2691,47,-1.9179199047352946,2.0268115315999586
190,1574380800,866,346,-520,1212,47,-1.0229924278584686,0.08505612636659235
190,1574395200,150,40,-110,190,47,0.22929516777122,-1.256711300373435
190,1574409600,169,261,92,430,47,0.846275885618042,-0.941619145365992
190,1574424000,786,1011,225,1797,47,1.2525057642003556,0.8530932541972341
190,1574438400,1041,709,-332,1750,47,-0.44877274986241616,0.7913877071749432
190,1574452800,1624,856,-768,2480,47,-1.780473705214963,1.7497930119892484
190,1574467200,740,334,-406,1074,47,-0.6747953890736282,-0.09612186276268725
190,1574481600,167,67,-100,234,47,0.25983876766462705,-1.198944405288737
190,1574496000,75,101,26,176,47,0.6446881263215557,-1.2750916760822024
190,1574510400,389,479,90,868,47,0.8401671656393607,-0.366575962477409
190,1574524800,835,584,-251,1419,47,-0.2013695907258192,0.35682311006051176
190,1574539200,1020,588,-432,1608,47,-0.7542087487964866,0.604958182128873
190,1574553600,568,346,-222,914,47,-0.1127931510349388,-0.30618329943431577
190,1574568000,162,57,-105,219,47,0.24456696771792352,-1.2186376649767021
190,1574582400,49,80,31,129,47,0.6599599262682592,-1.3367972231044931
190,1574596800,314,304,-10,618,47,0.5347311667052903,-0.6947969572768286
190,1574611200,648,514,-134,1162,47,0.1559905280270431,0.019411927406708444
190,1574625600,695,435,-260,1130,47,-0.22885883062988555,-0.02260035992761726
190,1574640000,396,166,-230,562,47,-0.13722803094966443,-0.7683184601118985
190,1574654400,51,21,-30,72,47,0.47364396691847627,-1.411631609918761
190,1574668800,152,313,161,465,47,1.0570267248825507,-0.8956682060940733
190,1574683200,710,1054,344,1764,47,1.6159746029318993,0.8097680828837107
190,1574697600,979,657,-322,1636,47,-0.4182291499690092,0.641718933546408
190,1574712000,1557,855,-702,2412,47,-1.5788859459184765,1.6605169014038064
190,1574726400,718,228,-490,946,48,-1.4786643312138705,0.20006623789968367
190,1574740800,89,30,-59,119,48,0.28462827245104944,-1.1071385602958794
190,1574755200,180,301,121,481,48,1.0210381765338465,-0.5349400875669872
190,1574769600,729,921,192,1650,48,1.311510972033172,1.312850008068579
190,1574784000,1025,639,-386,1664,48,-1.0531830532993656,1.3349792307708013
190,1574798400,1675,821,-854,2496,48,-2.967848803914638,2.650087322788586
190,1574812800,748,284,-464,1032,48,-1.3722940117352442,0.33600289164190666
190,1574827200,88,32,-56,120,48,0.29690177085242936,-1.105557901531435
190,1574841600,163,308,145,471,48,1.1192261637448861,-0.5507466752114317
190,1574856000,564,782,218,1346,48,1.4178812915117982,0.832329743677465
190,1574870400,1253,594,-659,1847,48,-2.170071407824941,1.624239784664136
190,1574884800,1265,752,-513,2017,48,-1.572761152291117,1.892951774619693
190,1574899200,557,234,-323,791,48,-0.7954395868703864,-0.04493587058920663
190,1574913600,92,39,-53,131,48,0.30917526925380934,-1.0881706551225458
190,1574928000,88,86,-2,174,48,0.5178247420772685,-1.0202023282514345
190,1574942400,330,264,-66,594,48,0.2559901095144962,-0.35632564718476395
190,1574956800,398,322,-76,720,48,0.21507844817656302,-0.15716264286476284
190,1574971200,298,233,-65,531,48,0.26008127564828953,-0.45590714934476456
190,1574985600,177,169,-8,346,48,0.4932777452745086,-0.7483290207669885
190,1575000000,54,36,-18,90,48,0.45236608393657546,-1.1529776644647685
190,1575014400,69,153,84,222,48,0.8696650295834938,-0.9443307075581007
190,1575028800,321,455,134,776,48,1.0742233362731595,-0.06864575205587344
190,1575043200,652,511,-141,1163,48,-0.05084735052000261,0.5430691897841301
190,1575057600,813,548,-265,1361,48,-0.558151951110374,0.8560396251441319
190,1575072000,507,263,-244,770,48,-0.4722374623007143,-0.07812970464254015
190,1575086400,131,41,-90,172,48,0.15780212230345658,-1.0233636457803232
190,1575100800,58,77,19,135,48,0.6037392308869282,-1.0818480200647682
190,1575115200,250,334,84,584,48,0.8696650295834938,-0.3721322348292085
190,1575129600,608,478,-130,1086,48,-0.005844523048276118,0.42135846492190715
190,1575144000,773,508,-265,1281,48,-0.558151951110374,0.7295869239885756
190,1575158400,416,263,-153,679,48,-0.09994134412552241,-0.22196965220698542
190,1575172800,121,52,-69,173,48,0.24371661111311624,-1.021782987015879
190,1575187200,50,67,17,117,48,0.5955568986193416,-1.1102998778247684
190,1575201600,251,262,11,513,48,0.5710099018165816,-0.4843590071047647
190,1575216000,500,424,-76,924,48,0.21507844817656302,0.1652917450819057
190,1575230400,509,319,-190,828,48,-0.25131449107587517,0.013548503695238147
190,1575244800,249,117,-132,366,48,-0.014026855315862752,-0.7167158454780994
190,1575259200,38,17,-21,55,48,0.4400925855351955,-1.2083007212203245
190,1575273600,177,249,72,426,48,0.820571035977974,-0.6218763196114322
190,1575288000,691,974,283,1665,48,1.683807090208364,1.3365598895352457
190,1575302400,862,575,-287,1437,48,-0.648157606053827,0.9761696912419103
190,1575316800,1371,746,-625,2117,48,-2.0309717592759684,2.0510176510641385
190,1575331200,574,230,-344,804,49,-0.5106684235630818,-0.4409756456271667
190,1575345600,94,25,-69,119,49,0.3636601107022006,-1.3342913282559223
190,1575360000,181,335,154,516,49,1.0726610675791388,-0.8165594654769208
190,1575374400,760,1029,269,1789,49,1.438289363726439,0.8435731826784162
190,1575388800,911,634,-277,1545,49,-0.2976501988511767,0.5253702241945967
190,1575403200,1604,945,-659,2549,49,-1.5121720173578599,1.8346971517263786
190,1575417600,818,275,-543,1093,49,-1.1433643447223225,-0.06408771529182308
190,1575432000,118,36,-82,154,49,0.32232821635511455,-1.2886474612602923
190,1575446400,180,342,162,522,49,1.098096079485038,-0.8087348025633843
190,1575460800,745,1070,325,1815,49,1.6163344470677328,0.8774800553037412
190,1575475200,923,614,-309,1537,49,-0.3993902464747732,0.5149373403098813
190,1575489600,1659,935,-724,2594,49,-1.7188314890932903,1.8933821235779027
190,1575504000,845,287,-558,1132,49,-1.1910549920458835,-0.013227406353835547
190,1575518400,110,34,-76,144,49,0.3414044752845389,-1.3016885661161866
190,1575532800,165,328,163,493,49,1.1012754559732754,-0.8465540066454776
190,1575547200,793,1048,255,1841,49,1.3937780928911154,0.9113869279290662
190,1575561600,959,674,-285,1633,49,-0.3230852107570758,0.6401319469264659
190,1575576000,1679,877,-802,2556,49,-1.966822855175807,1.8438259251255045
190,1575590400,933,249,-684,1182,49,-1.5916564295637947,0.05197811792563566
190,1575604800,161,34,-127,195,49,0.17925627438443195,-1.235178931351126
190,1575619200,186,297,111,483,49,0.9359478785849311,-0.8595951115013718
190,1575633600,724,987,263,1711,49,1.4192131047970145,0.7418525648024411
190,1575648000,1022,696,-326,1718,49,-0.45343964677480886,0.750981338201567
190,1575662400,1569,869,-700,2438,49,-1.642526453375593,1.6899408878259525
190,1575676800,786,340,-446,1126,49,-0.8349648253632956,-0.02105206926737209
190,1575691200,221,59,-162,280,49,0.06797809729612325,-1.124329540076025
190,1575705600,83,113,30,196,49,0.6784183830377023,-1.2338748208655366
190,1575720000,373,553,180,926,49,1.155324856273311,-0.2818741663852569
190,1575734400,921,619,-302,1540,49,-0.3771346110571115,0.5188496717666495
190,1575748800,1102,644,-458,1746,49,-0.8731173432221444,0.7874964317980709
190,1575763200,611,348,-263,959,49,-0.25313892801585325,-0.23883852036080594
190,1575777600,203,69,-134,272,49,0.1570006389667702,-1.1347624239607403
190,1575792000,78,82,4,160,49,0.5957545943435302,-1.280822798346756
190,1575806400,321,327,6,648,49,0.6021133473200049,-0.6444168813791169
190,1575820800,698,569,-129,1267,49,0.17289752140795717,0.16282750920073671
190,1575835200,779,465,-314,1244,49,-0.41528712891596015,0.13283296803217995
190,1575849600,392,180,-212,572,49,-0.09099072711574628,-0.7435292782839131
190,1575864000,51,30,-21,81,49,0.5162701821375953,-1.3838475267083203
190,1575878400,189,287,98,476,49,0.8946159842378449,-0.8687238849004978
190,1575892800,787,1074,287,1861,49,1.4955181405147118,0.9374691376408547
190,1575907200,915,622,-293,1537,49,-0.34852022266297494,0.5149373403098813
190,1575921600,1613,903,-710,2516,49,-1.6743202182579668,1.7916615057019276
190,1575936000,694,256,-438,950,50,-0.7787522850145662,-0.23767780670429367
190,1575950400,100,33,-67,133,50,0.3848954043886723,-1.3201939016407334
190,1575964800,172,319,147,491,50,1.056109974556578,-0.8458478037371282
190,1575979200,776,1000,224,1776,50,1.297621759149703,0.8567631901347507
190,1575993600,1016,646,-370,1662,50,-0.5654691505686896,0.705714432701759
190,1576008000,1645,800,-845,2445,50,-2.055314575006798,1.7431808982283592
190,1576022400,778,314,-464,1092,50,-0.8603017187732838,-0.04952935446319888
190,1576036800,103,34,-69,137,50,0.3786223710226171,-1.3148939452395758
190,1576051200,161,327,166,488,50,1.1157037915341024,-0.8498227710379964
190,1576065600,800,1080,280,1880,50,1.4732666933992484,0.9945620565648482
190,1576080000,961,547,-414,1508,50,-0.7034758846219039,0.5016661112571915
190,1576094400,1652,872,-780,2524,50,-1.8514409906100042,1.8478550371512217
190,1576108800,867,299,-568,1166,50,-1.186499453808154,0.04851983895821671
190,1576123200,120,24,-96,144,50,0.293936420580872,-1.30561902153755
190,1576137600,171,327,156,498,50,1.0843386247038265,-0.8365728800351024
190,1576152000,783,1027,244,1810,50,1.360352092810255,0.9018128195445902
190,1576166400,980,659,-321,1639,50,-0.41177983310033733,0.6752396833951029
190,1576180800,1628,882,-746,2510,50,-1.7447994233870658,1.8293051897471702
190,1576195200,862,305,-557,1167,50,-1.1519977702948503,0.04984482805850611
190,1576209600,146,32,-114,178,50,0.23747912028637522,-1.2605693921277104
190,1576224000,145,304,159,449,50,1.0937481747529092,-0.901497345949283
190,1576238400,719,1007,288,1726,50,1.4983588268634693,0.7905137351202807
190,1576252800,1068,637,-431,1705,50,-0.756796668233373,0.7626889640142033
190,1576267200,1627,904,-723,2531,50,-1.672659539677431,1.8571299608532474
190,1576281600,751,450,-301,1201,50,-0.3490494994397854,0.09489445746834571
190,1576296000,190,59,-131,249,50,0.18415833667490608,-1.166495166007163
190,1576310400,54,100,46,154,50,0.7393217895707908,-1.2923691305346559
190,1576324800,374,444,70,818,50,0.8145981899634531,-0.4125763679424944
190,1576339200,776,632,-144,1408,50,0.1433836197955473,0.3691672012282515
190,1576353600,1058,585,-473,1643,50,-0.8885303689205322,0.6805396397962604
190,1576368000,616,332,-284,948,50,-0.2957287158283163,-0.24032778490487247
190,1576382400,231,82,-149,313,50,0.12770103638040933,-1.0816958635886413
190,1576396800,77,87,10,164,50,0.6264071889817973,-1.2791192395317619
190,1576411200,307,329,22,636,50,0.6640453891781284,-0.6537243841951652
190,1576425600,716,500,-216,1216,50,-0.08244558138243967,0.1147692939726867
190,1576440000,751,477,-274,1228,50,-0.2643635489980403,0.1306691631761595
190,1576454400,394,199,-195,593,50,-0.01657873103886013,-0.7106989155076094
190,1576468800,79,31,-48,110,50,0.4444892213661966,-1.3506686509473895
190,1576483200,162,312,150,474,50,1.0655195246056608,-0.868372618442048
190,1576497600,705,987,282,1692,50,1.4795397267653037,0.7454641057104411
190,1576512000,904,652,-252,1556,50,-0.19536018197143315,0.5652655880710826
190,1576526400,1582,840,-742,2422,50,-1.7322533566549556,1.712706148921703
190,1576540800,709,251,-458,960,51,-0.8800934070867205,-0.1744561469758397
190,1576555200,123,27,-96,150,51,0.34101812433748996,-1.282145232477531
190,1576569600,183,351,168,534,51,1.2315525008457537,-0.7570185549063588
190,1576584000,734,741,7,1475,51,0.688461460626699,0.5298153086209146
190,1576598400,899,604,-295,1503,51,-0.33025589431836044,0.5681057955271459
190,1576612800,1652,905,-747,2557,51,-1.8549586904612971,2.0094691240688527
190,1576627200,826,281,-545,1107,51,-1.1735649629814893,0.02656890928187465
190,1576641600,138,21,-117,159,51,0.27018016256978716,-1.2698375759719567
190,1576656000,161,346,185,507,51,1.2888975175148465,-0.7939415244230819
190,1576670400,734,1040,306,1774,51,1.6970591067478007,0.9387030080838846
190,1576684800,1007,758,-249,1765,51,-0.17508702568434478,0.9263953515783103
190,1576699200,1746,899,-847,2645,51,-2.1922823179265487,2.12981065434558
190,1576713600,857,293,-564,1150,51,-1.237656452199887,0.08537215703072987
190,1576728000,136,22,-114,158,51,0.2802998713937447,-1.271205093361465
190,1576742400,137,269,132,406,51,1.110115994958263,-0.9320607807634163
190,1576756800,725,1064,339,1789,51,1.8083759038113336,0.9592157689265085
190,1576771200,892,724,-168,1616,51,0.0981451125625089,0.7226352605415794
190,1576785600,1609,959,-650,2568,51,-1.5277547718200033,2.024511815353444
190,1576800000,850,310,-540,1160,51,-1.1566987816082266,0.09904733092581247
190,1576814400,153,35,-118,188,51,0.26680692629513464,-1.2301795716762172
190,1576828800,146,291,145,437,51,1.153968066528746,-0.8896677416886601
190,1576843200,688,962,274,1650,51,1.5891155459589204,0.7691308517848603
190,1576857600,1074,712,-362,1786,51,-0.556262724720079,0.9551132167579838
190,1576872000,1490,886,-604,2376,51,-1.3725859031859875,1.7619484765678577
190,1576886400,773,346,-427,1119,51,-0.7755230825724924,0.04297911795597378
190,1576900800,212,66,-146,278,51,0.17235631060486423,-1.1071030066204737
190,1576915200,81,120,39,201,51,0.7964050214155795,-1.2124018456126098
190,1576929600,377,395,18,772,51,0.7255670596478766,-0.43154941620339277
190,1576944000,914,537,-377,1451,51,-0.6068612688398667,0.4969948912727164
190,1576958400,983,516,-467,1499,51,-0.910452533558593,0.5626357259691129
190,1576972800,663,306,-357,969,51,-0.5393965433468163,-0.16214849047026536
190,1576987200,182,61,-121,243,51,0.25668721747117706,-1.1549661152532626
190,1577001600,66,76,10,142,51,0.6985811694506565,-1.293085371593597
190,1577016000,296,294,-2,590,51,0.6581023341548263,-0.6804375810938962
190,1577030400,739,517,-222,1256,51,-0.0840096462687269,0.2303290003186055
190,1577044800,799,370,-429,1169,51,-0.7822695551217974,0.11135498743138682
190,1577059200,464,175,-289,639,51,-0.31001647667044535,-0.6134292290079915
190,1577073600,74,27,-47,101,51,0.5063067017954632,-1.3491535845634357
190,1577088000,83,234,151,317,51,1.174207484176661,-1.0537698284296515
190,1577102400,542,633,91,1175,51,0.9718133076975101,0.11956009176843639
190,1577116800,910,649,-261,1559,51,-0.21556586098017497,0.6446867693396086
190,1577131200,1151,627,-524,1778,51,-1.1027270012137864,0.9441730776419177
190,1577145600,560,270,-290,830,52,-1.1289305435770158,0.3936973200890175
190,1577160000,122,34,-88,156,52,0.05443275918219993,-1.0224574163485958
190,1577174400,69,188,119,257,52,1.2670872328017926,-0.8102443178616537
190,1577188800,417,435,18,852,52,0.6754055814221845,0.4399219554030048
190,1577203200,808,485,-323,1293,52,-1.3222522712555016,1.3665157814697517
190,1577217600,683,368,-315,1051,52,-1.275386397878899,0.8580447930158906
190,1577232000,324,169,-155,493,52,-0.33806893034684693,-0.31438004812978915
190,1577246400,65,40,-25,105,52,0.42350151202294545,-1.1296145254855665
190,1577260800,35,48,13,83,52,0.6461144105618079,-1.1758391607995538
190,1577275200,156,114,-42,270,52,0.3239115310976649,-0.7829297606306612
190,1577289600,286,209,-77,495,52,0.11887333507502852,-0.3101778085557903
190,1577304000,282,194,-88,476,52,0.05443275918219993,-0.35009908450877936
190,1577318400,163,130,-33,293,52,0.37663563864634286,-0.7346040055296744
190,1577332800,31,25,-6,56,52,0.5348079612923766,-1.2325693950485384
190,1577347200,61,192,131,253,52,1.3373860428666964,-0.8186487970096514
190,1577361600,347,499,152,846,52,1.4604089604802784,0.4273152366810083
190,1577376000,694,493,-201,1187,52,-0.6075477022623119,1.1437970840478127
190,1577390400,954,567,-387,1521,52,-1.6971792582683225,1.845571092905621
190,1577404800,516,181,-335,697,52,-1.3925510813204056,0.1142483884180938
190,1577419200,95,32,-63,127,52,0.20088861348408307,-1.083389890171579
190,1577433600,68,201,133,269,52,1.349102511210847,-0.7850308804176606
190,1577448000,395,508,113,903,52,1.2319378277693405,0.5470790645399756
190,1577462400,741,563,-178,1304,52,-0.4728083163045794,1.3896280991267456
190,1577476800,1007,599,-408,1606,52,-1.8202021758819042,2.024166274800572
