remote_unit_id,time_stamp,entries,exits,num_people_exited,sum_exit_entry,week_num,z_score_num_people_exited,z_score_sum_exit_entry
166,1546300800,0,0,0,0,1,0.8229421525921654,-1.387626368326203
166,1546315200,142,112,-30,254,1,0.5828708326365134,-0.778084251415859
166,1546329600,30,39,9,69,1,0.8949635485788611,-1.2220420924726056
166,1546344000,232,145,-87,377,1,0.12673532472077442,-0.48291228141596815
166,1546358400,353,256,-97,609,1,0.04671155140222373,0.07383484899033019
166,1546372800,388,202,-186,590,1,-0.6655000311328775,0.02823917882774541
166,1546387200,143,118,-25,261,1,0.6228827192957888,-0.7612858466191172
166,1546401600,26,12,-14,38,1,0.7109088699461945,-1.2964350280010333
166,1546416000,192,154,-38,346,1,0.5188518139816728,-0.5573052169443959
166,1546430400,675,352,-323,1027,1,-1.761825725597022,1.0769395925671952
166,1546444800,547,332,-215,879,1,-0.8975689737566744,0.721773319721798
166,1546459200,854,591,-263,1445,1,-1.281683085685718,2.08004433614406
166,1546473600,237,226,-11,463,1,0.7349160019417597,-0.27653187962742654
166,1546488000,30,15,-15,45,1,0.7029064926143395,-1.2796366232042915
166,1546502400,189,213,24,402,1,1.0149992085566872,-0.42291797857046187
166,1546516800,724,523,-201,1247,1,-0.7855356911107035,1.6048894576076507
166,1546531200,545,461,-84,1006,1,0.15074245671633962,1.02654437817697
166,1546545600,779,618,-161,1397,1,-0.4654405978365007,1.9648552746806882
166,1546560000,258,225,-33,483,1,0.5588637006409481,-0.2285364373510215
166,1546574400,34,20,-14,54,1,0.7109088699461945,-1.2580386741799092
166,1546588800,164,195,31,359,1,1.0710158498796725,-0.5261081794647327
166,1546601676,175,328,153,503,1,2.047305884365991,-0.18054099507461646
166,1546603200,694,346,-348,1040,1,-1.9618851588933988,1.1081366300468585
166,1546617600,527,314,-213,841,1,-0.8815642190929643,0.6305819793966285
166,1546632000,785,570,-215,1355,1,-0.8975689737566744,1.8640648459002378
166,1546646400,279,226,-53,505,1,0.3988161540038468,-0.17574145084697596
166,1546660800,45,37,-8,82,1,0.7589231339373249,-1.1908450549929424
166,1546675200,43,90,47,133,1,1.1990538871893537,-1.0684566771881094
166,1546689600,286,293,7,579,1,0.878958793915151,0.0018416855757226454
166,1546704000,558,343,-215,901,1,-0.8975689737566744,0.7745683062258436
166,1546718400,636,274,-362,910,1,-2.07391844153937,0.7961662552502259
166,1546732800,289,213,-76,502,1,0.21476147537118018,-0.18294076718843671
166,1546747200,56,49,-7,105,1,0.76692551126918,-1.1356502963750765
166,1546761600,23,63,40,86,1,1.1430372458663682,-1.1812459665376613
166,1546776000,283,250,-33,533,1,0.5588637006409481,-0.10854783166000892
166,1546790400,530,308,-222,838,1,-0.9535856150796599,0.6233826630551678
166,1546804800,501,253,-248,754,1,-1.161647425707892,0.42180180549426666
166,1546819200,185,120,-65,305,1,0.30278762602158593,-0.6556958736110262
166,1546833600,20,16,-4,36,1,0.7909326432647452,-1.3012345722286738
166,1546848000,234,146,-88,380,1,0.11873294738891936,-0.4757129650745074
166,1546862400,705,322,-383,1027,1,-2.2419683655083262,1.0769395925671952
166,1546876800,509,322,-187,831,1,-0.6735024084647325,0.606584258258426
166,1546891200,738,529,-209,1267,1,-0.849554709765544,1.6528848998840555
166,1546905600,237,162,-75,399,2,0.17376056985410038,-0.3147649547707768
166,1546920000,33,16,-17,49,2,0.6632689180716517,-1.0901657887009955
166,1546934400,204,200,-4,404,2,0.7729863064652407,-0.3036878000003451
166,1546948800,702,487,-215,1189,2,-1.007811305153782,1.435425498957431
166,1546963200,460,376,-84,836,2,0.09780237788930794,0.6533783721649533
166,1546977600,752,599,-153,1351,2,-0.48454376050743403,1.794325313519418
166,1546992000,255,226,-29,481,2,0.5619913287852617,-0.13309961653569702
166,1547006400,32,23,-9,55,2,0.7307873109292449,-1.0768732029764774
166,1547020800,212,224,12,436,2,0.9080230921804272,-0.23279400946958226
166,1547035200,733,380,-353,1113,2,-2.172503581947266,1.2670527464468693
166,1547049600,521,337,-184,858,2,-0.746177532830608,0.7021178531548528
166,1547064000,815,605,-210,1420,2,-0.9656123096177861,1.9471900493513754
166,1547078400,278,221,-57,499,2,0.3256769537836853,-0.0932218593621429
166,1547092800,31,17,-14,48,2,0.6885883153932492,-1.0923812196550817
166,1547107200,215,180,-35,395,2,0.5113525341420667,-0.3236266785871222
166,1547121600,705,379,-326,1084,2,-1.9446290060528886,1.2028052487783654
166,1547136000,520,315,-205,835,2,-0.9234133140817904,0.651162941210867
166,1547149145,663,554,-109,1217,2,-0.11319259979067103,1.4974575656718485
166,1547149226,3,1,-2,4,2,0.789865904679639,-1.1898601816348806
166,1547149307,2,0,-2,2,2,0.789865904679639,-1.1942910435430534
166,1547149388,4,0,-4,4,2,0.7729863064652407,-1.1898601816348806
166,1547149468,3,0,-3,3,2,0.7814261055724399,-1.192075612588967
166,1547149548,3,0,-3,3,2,0.7814261055724399,-1.192075612588967
166,1547149629,4,11,7,15,2,0.8658240966444315,-1.165490441139931
166,1547149709,5,0,-5,5,2,0.7645465073580415,-1.1876447506807943
166,1547150400,836,369,-467,1205,2,-3.13464068016797,1.4708723942228124
166,1547164800,265,213,-52,478,2,0.36787594931968104,-0.13974590939795603
166,1547179200,31,23,-8,54,2,0.739227110036444,-1.0790886339305636
166,1547193600,180,165,-15,345,2,0.68014851628605,-0.4343982262914391
166,1547208000,681,430,-251,1111,2,-1.3116440730129517,1.2626218845386965
166,1547222400,508,354,-154,862,2,-0.4929835596146332,0.7109795769711982
166,1547236800,842,545,-297,1387,2,-1.699874831944113,1.8740808278665262
166,1547251200,317,228,-89,545,2,0.05560338235331215,0.008687964525828687
166,1547265600,45,26,-19,71,2,0.6463893198572533,-1.041426307711096
166,1547280000,41,86,45,127,2,1.1865364627179995,-0.917362174282261
166,1547294400,300,242,-58,542,2,0.3172371546764861,0.0020416716635696694
166,1547308800,475,333,-142,808,2,-0.3917059703282433,0.5913463054505358
166,1547323200,586,309,-277,895,2,-1.5310788498001298,0.7840887984560473
166,1547337600,266,164,-102,430,2,-0.05411400604027692,-0.24608659519410028
166,1547352000,52,43,-9,95,2,0.7307873109292449,-0.9882559648130238
166,1547366400,18,68,50,86,2,1.2287354582539953,-1.008194843399801
166,1547380800,243,242,-1,485,2,0.7983057037868382,-0.12423789271935165
166,1547395200,453,313,-140,766,2,-0.37482637211384495,0.4982982053789096
166,1547409600,424,241,-183,665,2,-0.7377377337234088,0.27453967901618936
166,1547424000,161,96,-65,257,2,0.25815856092609196,-0.629356150251037
166,1547438400,27,13,-14,40,2,0.6885883153932492,-1.1101046672877726
166,1547452002,149,129,-20,278,2,0.6379495207500542,-0.5828321002152238
166,1547452800,92,122,30,214,2,1.059939476110012,-0.7246196812767495
166,1547467200,709,344,-365,1053,2,-2.2737811712336558,1.134126889201689
166,1547481600,437,324,-113,761,2,-0.14695179621946766,0.4872210506084779
166,1547496000,705,625,-80,1330,2,0.13156157431810458,1.7478012634836049
166,1547510400,230,174,-56,404,3,0.4239766598274551,-0.456582162902816
166,1547524800,24,21,-3,45,3,0.8751105244430932,-1.3441976673185796
166,1547539200,208,186,-22,394,3,0.7133832899582419,-0.48130682876397934
166,1547553600,727,341,-386,1068,3,-2.384970044383122,1.185135650278429
166,1547568000,469,328,-141,797,3,-0.29953991549951176,0.5150972054409028
166,1547582400,774,630,-144,1404,3,-0.32507579462869884,2.015884423213517
166,1547596800,264,235,-29,499,3,0.6537995719901387,-0.22169783722176442
166,1547611200,27,18,-9,45,3,0.8240387661847192,-1.3441976673185796
166,1547625600,204,152,-52,356,3,0.4580244986663712,-0.5752605590364
166,1547640000,752,405,-347,1157,3,-2.0530036157036906,1.4051851764427825
166,1547654400,601,328,-273,929,3,-1.4231185971837428,0.8414627948082587
166,1547668800,759,652,-107,1411,3,-0.01013328536872502,2.033191689316331
166,1547683200,294,199,-95,493,3,0.09201023114802324,-0.23653263673846242
166,1547697600,30,11,-19,41,3,0.7389191690874289,-1.354087533663045
166,1547712000,212,176,-36,388,3,0.5942158540220356,-0.49614162828067737
166,1547726400,725,373,-352,1098,3,-2.0955634142523354,1.259309647861919
166,1547740800,553,317,-236,870,3,-1.108176087923769,0.6955872662273951
166,1547755200,767,554,-213,1321,3,-0.9124010146000013,1.810669696565861
166,1547769600,259,220,-39,479,3,0.5686799748928485,-0.2711471689440911
166,1547784000,37,20,-17,57,3,0.755943088506887,-1.3145280682851834
166,1547798400,177,148,-29,325,3,0.6537995719901387,-0.6519070232060064
166,1547812800,667,353,-314,1020,3,-1.7721089452826326,1.066457254144845
166,1547827200,553,329,-224,882,3,-1.0060325714070206,0.725256865260791
166,1547841600,797,497,-300,1294,3,-1.6529415093464264,1.74391309874072
166,1547856000,287,244,-43,531,3,0.5346321360539323,-0.14257890646604177
166,1547870400,45,80,35,125,3,1.198564993412796,-1.1464003404292729
166,1547884800,38,73,35,111,3,1.198564993412796,-1.1810148726349015
166,1547899200,305,310,5,615,3,0.9432062021209254,0.06510828676773019
166,1547913600,492,349,-143,841,3,-0.31656383491896983,0.6238857352300214
166,1547928000,508,267,-241,775,3,-1.1507358864724142,0.4607029405463434
166,1547942400,268,178,-90,446,3,0.13457002969666834,-0.35273856628593003
166,1547956800,55,31,-24,86,3,0.6963593705387838,-1.2428265372878098
166,1547971200,19,68,49,87,3,1.3177324293490023,-1.2403540707016936
166,1547985600,217,225,8,442,3,0.9687420812501125,-0.3626284326303954
166,1548000000,394,353,-41,747,3,0.5516560554733905,0.3914738761350861
166,1548014400,437,249,-188,686,3,-0.6996020218567758,0.2406534143819898
166,1548028800,178,95,-83,273,3,0.1941537476647715,-0.7804752856840557
166,1548043200,31,19,-12,50,3,0.7985028870555321,-1.3318353343879978
166,1548057600,59,91,32,150,3,1.173029114283609,-1.0845886757763645
166,1548072000,334,252,-82,586,3,0.20266570737450054,-0.00659324422964346
166,1548086400,390,279,-111,669,3,-0.04418112420764111,0.19862148241801217
166,1548100800,417,310,-107,727,3,-0.01013328536872502,0.3420245444127595
166,1548115200,182,105,-77,287,4,0.2700173047196518,-0.7250383033283635
166,1548129600,23,10,-13,33,4,0.8006305148316822,-1.3238874702781671
166,1548144000,181,141,-40,322,4,0.5767780668156693,-0.6425197173313434
166,1548158400,724,360,-364,1084,4,-2.1094513093764844,1.1540277835180672
166,1548172800,458,329,-129,787,4,-0.1611059284963729,0.4537986394862103
166,1548187200,728,586,-142,1314,4,-0.26888673680037906,1.6962927772127712
166,1548201600,246,235,-11,481,4,0.8172121776476832,-0.26764956951630886
166,1548216000,31,15,-16,46,4,0.7757580206076807,-1.293237709764988
166,1548230400,193,151,-42,344,4,0.5601964039996684,-0.5906508918475021
166,1548244800,753,344,-409,1097,4,-2.482538722736506,1.184677544031246
166,1548259200,510,327,-183,837,4,-0.6088108245283985,0.5716823337676676
166,1548273600,660,539,-121,1199,4,-0.0947792772323691,1.425160280365419
166,1548288000,241,210,-31,451,4,0.6513955494876736,-0.3383797860851833
166,1548302400,29,19,-10,48,4,0.8255030090556836,-1.2885223619937298
166,1548316800,194,144,-50,338,4,0.49386975273566464,-0.604796935161277
166,1548331200,714,384,-330,1098,4,-1.8275630415044684,1.1870352179168753
166,1548345600,491,368,-123,859,4,-0.11136094004837006,0.623551159251509
166,1548360000,777,547,-230,1324,4,-0.9984799007044208,1.7198695160690627
166,1548374400,286,237,-49,523,4,0.502160584143665,-0.16862726631988467
166,1548388800,33,26,-7,59,4,0.850375503279685,-1.2625879492518093
166,1548403200,185,222,37,407,4,1.2151720852317058,-0.44211743705286577
166,1548407675,112,111,-1,223,4,0.9001204917276879,-0.8759294320086289
166,1548408317,12,24,12,36,4,1.007901300031694,-1.3168144486212796
166,1548417600,717,391,-326,1108,4,-1.7943997158724665,1.2106119567731668
166,1548432000,550,423,-127,973,4,-0.14452426568037197,0.8923259822132318
166,1548446400,859,532,-327,1391,4,-1.8026905472804668,1.8778336664062154
166,1548460800,301,210,-91,511,4,0.15394566500764514,-0.19691935294743443
166,1548475200,66,36,-30,102,4,0.6596863808956741,-1.161207972169756
166,1548489600,42,71,29,113,4,1.1488454339677021,-1.1352735594278351
166,1548504000,327,269,-58,596,4,0.4275431014716608,0.0034829273310431077
166,1548518400,497,325,-172,822,4,-0.5176116790403933,0.5363172254832305
166,1548532800,559,305,-254,864,4,-1.1974598544964323,0.6353395286796547
166,1548547200,260,176,-84,436,4,0.21198148486364846,-0.3737448943696205
166,1548561600,52,29,-23,81,4,0.7177222007516775,-1.210719123767968
166,1548576000,27,50,23,77,4,1.0991004455196993,-1.2201498193104845
166,1548590400,225,216,-9,441,4,0.8337938404636841,-0.3619565249414748
166,1548604800,450,393,-57,843,4,0.43583393287966127,0.5858283770814425
166,1548619200,428,257,-171,685,4,-0.5093208476323928,0.21331590315203725
166,1548633600,169,108,-61,277,4,0.4026706072476594,-0.748615042184655
166,1548648000,29,11,-18,40,4,0.7591763577916798,-1.307383753078763
166,1548662400,212,148,-64,360,4,0.37779811302365796,-0.5529281096774358
166,1548676800,723,320,-403,1043,4,-2.432793734288503,1.0573631542072721
166,1548691200,483,399,-84,882,4,0.21198148486364846,0.6777776586209794
166,1548705600,751,566,-185,1317,4,-0.6253924873443996,1.7033657988696587
166,1548720000,254,187,-67,441,5,0.4561181101243084,-0.43049468940628793
166,1548734400,27,15,-12,42,5,0.9079332192097083,-1.3923920234156977
166,1548748800,212,142,-70,354,5,0.43147364962874113,-0.6402317020850314
166,1548763200,712,357,-355,1069,5,-1.9097500974501491,1.0834690342977455
166,1548777600,516,343,-173,859,5,-0.414652827385735,0.577207279555951
166,1548792000,808,636,-172,1444,5,-0.4064380072205459,1.9875078820509502
166,1548806400,305,247,-58,552,5,0.5300514916110102,-0.16289919047133933
166,1548820800,33,15,-18,48,5,0.8586442982185737,-1.3779274018516465
166,1548835200,222,169,-53,391,5,0.5711255924369556,-0.5510332024400485
166,1548849600,717,343,-374,1060,5,-2.065831680588742,1.0617721019516686
166,1548864000,516,334,-182,850,5,-0.4885862088724368,0.555510347209874
166,1548878400,750,633,-117,1383,5,0.04537710186485397,1.8404508961497623
166,1548892800,254,260,6,514,5,1.0557999821831119,-0.25450846037699737
166,1548907200,24,22,-2,46,5,0.9900814208615991,-1.3827489423729968
166,1548921600,216,129,-87,345,5,0.2918217068205266,-0.6619286344311083
166,1548936000,699,350,-349,1049,5,-1.8604611764590147,1.0352536290842413
166,1548950400,419,288,-131,707,5,-0.06963038044779327,0.2107701999333186
166,1548964800,707,551,-156,1258,5,-0.2750008845775205,1.5391046135653608
166,1548979200,259,226,-33,485,5,0.7354219957407374,-0.3244207979365786
166,1548993600,23,31,8,54,5,1.07222962251349,-1.3634627802875952
166,1549008000,194,134,-60,328,5,0.513621851280632,-0.7029117288625869
166,1549022400,678,328,-350,1006,5,-1.8686759966242037,0.9315905078752071
166,1549036800,531,403,-128,934,5,-0.044985919952226006,0.7580150491065919
166,1549051200,799,489,-310,1288,5,-1.54008319001664,1.6114277213856172
166,1549065600,269,220,-49,489,5,0.603984873097712,-0.31477771689387773
166,1549080000,55,25,-30,80,5,0.7600664562363046,-1.3007827535100396
166,1549094400,36,58,22,94,5,1.1872371048261372,-1.2670319698605867
166,1549108800,342,265,-77,607,5,0.3739699084724175,-0.030306826134202634
166,1549123200,519,308,-211,827,5,-0.7268159936629204,0.5000626312143441
166,1549137600,706,307,-399,1013,5,-2.271202184718469,0.9484658996999337
166,1549152000,246,167,-79,413,5,0.3575402681420393,-0.4979962567051939
166,1549166400,66,65,-1,131,5,0.9982962410267883,-1.1778334702156037
166,1549180800,30,68,38,98,5,1.3186742274691627,-1.257388888817886
166,1549195200,267,233,-34,500,5,0.7272071755755484,-0.28825924402645037
166,1549209600,438,297,-141,735,5,-0.15177858209968415,0.2782717672322246
166,1549224000,415,245,-170,660,5,-0.3900083668901677,0.09746399768158363
166,1549238400,236,108,-128,344,5,-0.044985919952226006,-0.6643394046917835
166,1549252800,25,13,-12,38,5,0.9079332192097083,-1.4020351044583985
166,1549267200,196,157,-39,353,5,0.6861330747496028,-0.6426424723457066
166,1549281600,722,351,-371,1073,5,-2.0411872200931747,1.0931121153404464
166,1549296000,434,359,-75,793,5,0.3903995488027957,0.4180964423513869
166,1549310400,707,560,-147,1267,5,-0.2010675030908187,1.5608015459114377
166,1549324800,347,210,-137,557,6,-0.10408136306873231,-0.1761565024201146
166,1549339200,27,12,-15,39,6,0.9184108291757799,-1.3879260931877584
166,1549353600,224,161,-63,385,6,0.5161188191123652,-0.5785201503197955
166,1549368000,727,359,-368,1086,6,-2.040111661498915,1.0613456472248344
166,1549382400,475,329,-146,804,6,-0.17951111495562255,0.4016564105521016
166,1549396800,753,549,-204,1302,6,-0.6656139604489152,1.566639530633736
166,1549411200,303,252,-51,555,6,0.6166918216282189,-0.18083514948871554
166,1549425600,31,18,-13,49,6,0.9351729962617554,-1.3645328578447538
166,1549440000,212,157,-55,369,6,0.5831674874562677,-0.615949326868603
166,1549454400,735,412,-323,1147,6,-1.662962902064464,1.204044382817163
166,1549468800,492,382,-110,874,6,0.12220789259193841,0.5654090579531346
166,1549483200,746,632,-114,1378,6,0.0886835584199872,1.7444281192405717
166,1549497600,321,251,-70,572,6,0.45745123431145057,-0.14106664940560756
166,1549512000,26,53,27,79,6,1.2704163379812674,-1.2943531518157396
166,1549526400,189,152,-37,341,6,0.7340269912300481,-0.6814503858290163
166,1549527090,12,9,-3,21,6,1.0189838316916335,-1.4300339168051668
166,1549540800,744,345,-399,1089,6,-2.2999252513315374,1.0683636178277358
166,1549555200,550,323,-227,873,6,-0.8583788819376347,0.5630697344188341
166,1549569600,747,539,-208,1286,6,-0.6991382946208664,1.5292103540849284
166,1549584000,307,267,-40,574,6,0.7088837406010847,-0.13638800233700663
166,1549598400,37,26,-11,63,6,0.9519351633477311,-1.3317823283645471
166,1549612800,174,158,-16,332,6,0.910029745632792,-0.7025042976377205
166,1549627200,709,379,-330,1088,6,-1.7216304868653787,1.0660242942934353
166,1549641600,586,346,-240,932,6,-0.9673329679964762,0.7010898229425618
166,1549656000,796,598,-198,1394,6,-0.6153274591909884,1.7818572957893792
166,1549670400,365,229,-136,594,6,-0.0957002795257445,-0.0896015316509972
166,1549684800,59,26,-33,85,6,0.7675513254019993,-1.2803172106099368
166,1549699200,50,69,19,119,6,1.203367669637365,-1.2007802104437206
166,1549713600,309,313,4,622,6,1.077651416492548,-0.024100472690584022
166,1549728000,540,344,-196,884,6,-0.5985652921050127,0.5888022932961393
166,1549742400,632,334,-298,966,6,-1.453435813489769,0.7806268231087778
166,1549756800,345,172,-173,517,6,-0.40580037061629326,-0.2697294437921334
166,1549771200,69,44,-25,113,6,0.8345999937459018,-1.2148161516495235
166,1549785600,38,61,23,99,6,1.2368920038093163,-1.2475666811297301
166,1549800000,254,258,4,512,6,1.077651416492548,-0.2814260614636358
166,1549814400,514,322,-192,836,6,-0.5650409579330615,0.4765147636497167
166,1549828800,427,216,-211,643,6,-0.7242815452498298,0.02502532152972586
166,1549843200,171,130,-41,301,6,0.7005026570580969,-0.7750233272010351
166,1549857600,20,11,-9,31,6,0.9686973304337066,-1.4066406814621621
166,1549872000,207,145,-62,352,6,0.5244999026553531,-0.6557178269517111
166,1549886400,719,340,-379,1059,6,-2.132303580471781,0.9981839117987217
166,1549900800,531,373,-158,904,6,-0.2800841174714762,0.6355887639821487
166,1549915200,753,610,-143,1363,6,-0.15436786432665914,1.7093382662260648
166,1549929600,279,198,-81,477,7,0.3658600841378665,-0.321080801827223
166,1549944000,18,15,-3,33,7,1.0039748642722421,-1.4135909904719104
166,1549958400,182,153,-29,335,7,0.7912699375607836,-0.6704872135108844
166,1549972800,680,367,-313,1047,7,-1.532122338825917,1.0814660619733893
166,1549987200,487,327,-160,814,7,-0.2804356547161805,0.5081442737882267
166,1550001600,718,547,-171,1265,7,-0.3704262006325668,1.617878722163799
166,1550016000,262,209,-53,471,7,0.594926928288668,-0.33584445302512417
166,1550030400,24,11,-13,35,7,0.9221652770755273,-1.4086697734059435
166,1550044800,211,152,-59,363,7,0.5458411759706391,-0.6015901745873454
166,1550046654,168,84,-84,252,7,0.3413172079788521,-0.8747177217485174
166,1550059200,620,342,-278,962,7,-1.2457887836374153,0.8723143366697892
166,1550073600,492,342,-150,834,7,-0.19862606751946568,0.5573564444478973
166,1550088000,781,583,-198,1364,7,-0.5913120860636968,1.8614789669291685
166,1550102400,316,239,-77,555,7,0.3985839190165525,-0.12915333625450764
166,1550116800,31,24,-7,55,7,0.9712510293935562,-1.3594576027462728
166,1550131200,210,148,-62,358,7,0.5212982998116247,-0.6138932172522631
166,1550145600,739,397,-342,1136,7,-1.76937014169639,1.3004602214089236
166,1550160000,497,337,-160,834,7,-0.2804356547161805,0.5573564444478973
166,1550174400,825,526,-299,1351,7,-1.4175889167505165,1.8294910560003825
166,1550188800,304,241,-63,545,7,0.5131173410919532,-0.15375942158434294
166,1550203200,37,16,-21,53,7,0.8567176073181554,-1.36437881981224
166,1550217600,185,151,-34,336,7,0.7503651439624262,-0.6680266049779008
166,1550232000,715,341,-374,1056,7,-2.0311608207258773,1.103611538770241
166,1550246400,559,347,-212,906,7,-0.7058455081390975,0.7345202588227115
166,1550260800,831,465,-366,1296,7,-1.9657131509685057,1.6941575866862884
166,1550275200,301,238,-63,539,7,0.5131173410919532,-0.16852307278224413
166,1550289600,51,38,-13,89,7,0.9221652770755273,-1.2757969126248327
166,1550304000,44,67,23,111,7,1.2166797909837006,-1.2216635248991952
166,1550318400,318,265,-53,583,7,0.594926928288668,-0.06025629733096879
166,1550332800,553,347,-206,900,7,-0.6567597558210686,0.7197566076248103
166,1550347200,691,344,-347,1035,7,-1.8102749352947476,1.0519387595775869
166,1550361600,251,190,-61,441,7,0.5294792585312962,-0.4096627090146301
166,1550376000,73,36,-37,109,7,0.7258222678034117,-1.226584741965162
166,1550390400,29,55,26,84,7,1.2412226671427151,-1.2880999552897505
166,1550404800,285,262,-23,547,7,0.8403556898788125,-0.14883820451837587
166,1550419200,542,371,-171,913,7,-0.3704262006325668,0.7517445185535963
166,1550433600,519,240,-279,759,7,-1.2539697423570868,0.37281080447413256
166,1550448000,220,156,-64,376,7,0.5049363823722818,-0.5696022636585596
166,1550462400,28,15,-13,43,7,0.9221652770755273,-1.388984905142075
166,1550476800,52,104,52,156,7,1.4539275938541736,-1.1109361409149363
166,1550491200,395,359,-36,754,7,0.7340032265230833,0.3605077618092149
166,1550505600,575,379,-196,954,7,-0.5749501686243539,0.852629468405921
166,1550520000,666,330,-336,996,7,-1.7202843893783613,0.9559750267912293
166,1550534400,228,168,-60,396,8,0.711510046184662,-0.6633798896898978
166,1550548800,31,17,-14,48,8,1.0755077713875658,-1.447715795506719
166,1550563200,182,124,-58,306,8,0.7273360342369621,-0.8662253825735585
166,1550577600,727,341,-386,1068,8,-1.8681260063402665,0.8511997905081019
166,1550592000,506,350,-156,856,8,-0.04813738032574644,0.37338596282659015
166,1550606400,758,579,-179,1337,8,-0.23013624292719845,1.4574824303492655
166,1550620800,280,225,-55,505,8,0.7510750163154123,-0.4177114594196865
166,1550635200,26,22,-4,48,8,1.1546377116490667,-1.447715795506719
166,1550649600,213,133,-80,346,8,0.5532501656616602,-0.7760718301808204
166,1550664000,742,359,-383,1101,8,-1.844387024261816,0.9255764712321108
166,1550678400,521,341,-180,862,8,-0.23804923695334854,0.38690899568550086
166,1550692800,744,532,-212,1276,8,-0.4912650457901513,1.31999826295034
166,1550707200,278,226,-52,504,8,0.7748139983938626,-0.41996529822950496
166,1550721600,28,28,0,56,8,1.186289687753667,-1.4296850850281715
166,1550736000,189,132,-57,321,8,0.7352490282631121,-0.8324178004262817
166,1550750400,751,387,-364,1138,8,-1.6940401377649645,1.0089685071953935
166,1550764800,526,363,-163,889,8,-0.10352833850879704,0.447762643550599
166,1550779200,803,527,-276,1330,8,-0.9976966634637568,1.4417055586805363
166,1550793600,295,219,-76,514,8,0.5849021417662605,-0.3974269101313205
166,1550808000,38,29,-9,67,8,1.1150727415183164,-1.4048928581201685
166,1550822400,168,130,-38,298,8,0.8855959147599638,-0.8842560930521061
166,1550836800,706,367,-339,1073,8,-1.4962152871112124,0.8624689845571942
166,1550851200,538,376,-162,914,8,-0.09561534448264696,0.5041086137960603
166,1550865600,805,510,-295,1315,8,-1.1480435499606085,1.4078979765332595
166,1551484800,9475,9934,459,19409,9,3.062260602426754,4.2270705075788095
166,1551499200,54,38,-16,92,9,0.42010936562929185,-0.3336846998265978
166,1551513600,48,71,23,119,9,0.6370438882295045,-0.3273099837423225
166,1551528000,334,300,-34,634,9,0.31998573981380907,-0.20571817694966396
166,1551542400,575,325,-250,900,9,-0.8814977699719844,-0.14291541848976655
166,1551556800,732,305,-427,1037,9,-1.8660467571575652,-0.11056963687696224
166,1551571200,261,182,-79,443,9,0.06967667527510206,-0.2508133907310189
166,1551585600,64,56,-8,120,9,0.46460875488061754,-0.3270738831466086
166,1551600000,29,62,33,91,9,0.6926681247936617,-0.3339208004223117
166,1551614400,280,212,-68,492,9,0.1308633354956749,-0.2392444615410378
166,1551628800,565,308,-257,873,9,-0.9204347355668944,-0.14929013457404186
166,1551643200,610,281,-329,891,9,-1.3209292388288256,-0.14504032385119164
166,1551657600,187,105,-82,292,9,0.052989404305854935,-0.2864645806838178
166,1551672000,24,10,-14,34,9,0.4312342129421233,-0.34737853437800403
166,1551686400,159,109,-50,268,9,0.23098696131115767,-0.2921309949809514
166,1551687692,80,19,-61,99,9,0.16980030109058486,-0.3320319956566005
166,1551700800,564,316,-248,880,9,-0.870372922659153,-0.14763743040404456
166,1551715200,477,306,-171,783,9,-0.44206630111514333,-0.17053918818829286
166,1551729600,652,492,-160,1144,9,-0.3808796408945705,-0.08530687313557493
166,1551744000,275,173,-102,448,10,0.39507801884953336,-0.4609207455614278
166,1551758400,26,22,-4,48,10,1.0737811462168116,-1.3691389634164581
166,1551772800,208,147,-61,355,10,0.6790252456052315,-0.6720814812127224
166,1551787200,758,338,-420,1096,10,-1.807244374036125,1.0103927673637212
166,1551801600,503,376,-127,879,10,0.22193946594971745,0.5176843841773672
166,1551816000,845,598,-247,1443,10,-0.609125587969399,1.7982720713529599
166,1551830400,290,258,-32,548,10,0.879865966969018,-0.2338661910976703
166,1551844800,29,22,-7,51,10,1.0530045198688338,-1.3623273267825453
166,1551859200,214,145,-69,359,10,0.6236209086772904,-0.6629992990341721
166,1551873600,780,377,-403,1157,10,-1.6895101580642502,1.1488960455866133
166,1551888000,570,335,-235,905,10,-0.5260190825774873,0.5767185683379442
166,1551902400,811,661,-150,1472,10,0.0626519972818868,1.8641178921474495
166,1551916800,310,228,-82,538,10,0.5335888611693861,-0.256571646544046
166,1551931200,24,23,-1,47,10,1.0945577725647897,-1.3714095089610956
166,1551945600,216,172,-44,388,10,0.7967594615771063,-0.5971534782396823
166,1551946257,42,20,-22,62,10,0.9491213881289443,-1.337351325791532
166,1551960000,716,351,-365,1067,10,-1.42633955765653,0.9445469465692314
166,1551974400,563,364,-199,927,10,-0.2766995664017524,0.6266705703199709
166,1551988800,820,557,-263,1377,10,-0.7199342618252811,1.6484160654068798
166,1552003200,293,255,-38,548,10,0.8383127142730621,-0.2338661910976703
166,1552017600,28,20,-8,48,10,1.0460789777528412,-1.3691389634164581
166,1552032000,189,159,-30,348,10,0.8937170512010032,-0.6879753000251854
166,1552046400,752,361,-391,1113,10,-1.6064036526723386,1.0489920416225598
166,1552060800,573,320,-253,893,10,-0.6506788406653548,0.5494720218022933
166,1552075200,818,619,-199,1437,10,-0.2766995664017524,1.7846487980851344
166,1552089600,340,252,-88,592,10,0.49203560847343025,-0.13396218713361696
166,1552104000,57,33,-24,90,10,0.935270303896959,-1.2737760505416797
166,1552118400,44,69,25,113,10,1.2746218675805983,-1.2215535030150155
166,1552132800,388,212,-176,600,10,-0.11741209773392175,-0.11579782277651635
166,1552147200,659,262,-397,921,10,-1.6479569053682945,0.6130472970521453
166,1552161600,825,317,-508,1142,10,-2.416692080243477,1.1148378624170496
166,1552176000,326,195,-131,521,10,0.1942372974857469,-0.2951709208028848
166,1552194000,65,48,-17,113,10,0.9837490987089075,-1.2215535030150155
166,1552208400,50,83,33,133,10,1.3300262045085394,-1.1761425921222641
166,1552222800,374,228,-146,602,10,0.09035416574585735,-0.1112567316872412
166,1552237200,677,261,-416,938,10,-1.7795422055721546,0.6516465713109841
166,1552251600,464,191,-273,655,10,-0.7891896829852075,0.009082182178550302
166,1552266000,137,85,-52,222,10,0.7413551246491652,-0.9740640386495198
166,1552280400,19,11,-8,30,10,1.0460789777528412,-1.4100087832199344
166,1552294800,523,257,-266,780,10,-0.740710888173259,0.29290037525824725
166,1552309200,574,306,-268,880,10,-0.7545619724052444,0.5199549297220047
166,1552323600,558,340,-218,898,10,-0.4082848666056125,0.5608247495254811
166,1552338000,683,526,-157,1209,10,0.014173202469938346,1.2669644139077672
166,1552352400,185,76,-109,261,11,0.3629409418188278,-0.9384606703487112
166,1552366800,16,14,-2,30,11,1.2797799483021397,-1.50741308075446
166,1552381200,562,265,-297,827,11,-1.2479537611611968,0.4555958850177553
166,1552395600,564,305,-259,869,11,-0.9223473850269366,0.5590417778188005
166,1552410000,639,352,-287,991,11,-1.1622678727048126,0.8595274664313604
166,1552424400,684,580,-104,1264,11,0.4057838860470199,1.5319257696381543
166,1552438800,176,108,-68,284,11,0.7142530844900034,-0.8818117290529007
166,1552453200,9,13,4,22,11,1.3311914813759702,-1.5271170603356115
166,1552467600,549,245,-304,794,11,-1.307933883080666,0.37431696924550545
166,1552482000,560,282,-278,842,11,-1.0851505730940667,0.4925408467324143
166,1552496400,642,351,-291,993,11,-1.1965422280873663,0.8644534613266482
166,1552510800,648,606,-42,1254,11,0.9370363944766026,1.507295795161715
166,1552525200,179,117,-62,296,11,0.765664617563834,-0.8522557596811735
166,1552539600,20,14,-6,34,11,1.245505592919586,-1.4975610909638841
166,1552554000,510,275,-235,785,11,-0.7167012527316143,0.35214999221671006
166,1552568400,629,330,-299,959,11,-1.2650909388524738,0.7807115481067546
166,1552582800,655,370,-285,1025,11,-1.1451306950135358,0.9432693796512541
166,1552597200,744,571,-173,1315,11,-0.18544874430203168,1.657538639467995
166,1552611600,235,94,-141,329,11,0.08874609875839805,-0.7709768439089237
166,1552626000,19,29,10,48,11,1.382603014449801,-1.463079126696869
166,1552640400,446,257,-189,703,11,-0.32254616583224655,0.1501842015099075
166,1552654800,609,314,-295,923,11,-1.23081658346992,0.6920436399915729
166,1552669200,694,422,-272,1116,11,-1.0337390400202362,1.167402147386852
166,1552683600,637,575,-62,1212,11,0.765664617563834,1.4038499023606699
166,1552698000,272,102,-170,374,11,-0.1597429777651164,-0.6601419587649467
166,1552712400,33,16,-17,49,11,1.1512511156175633,-1.4606161292492252
166,1552726800,115,125,10,240,11,1.382603014449801,-0.9901836167492338
166,1552741200,413,315,-98,728,11,0.4571954191208505,0.21175913770100585
166,1552755600,674,350,-324,1024,11,-1.4793056599934344,0.9408063822036102
166,1552770000,564,236,-328,800,11,-1.5135800153759882,0.38909495393136906
166,1552784400,209,97,-112,306,11,0.3372351752819125,-0.8276257852047342
166,1552798800,21,21,0,42,11,1.2969171259934167,-1.4778571113827328
166,1552813200,105,111,6,216,11,1.3483286590672472,-1.0492955554926882
166,1552827600,367,299,-68,666,11,0.7142530844900034,0.059053295947081946
166,1552842000,566,323,-243,889,11,-0.7852499634967217,0.6083017267716792
166,1552856400,372,225,-147,597,11,0.03733456568456748,-0.11089352794034948
166,1552870800,131,52,-79,183,11,0.6199986071879806,-1.130574471264938
166,1552885200,17,15,-2,32,11,1.2797799483021397,-1.5024870858591721
166,1552899600,484,239,-245,723,11,-0.8023871411879986,0.19944415046278616
166,1552914000,542,295,-247,837,11,-0.8195243188792755,0.4802258594941946
166,1552928400,596,359,-237,955,11,-0.7338384304228912,0.7708595583161788
166,1552942800,569,559,-10,1128,11,1.2112312375370322,1.1969581167585792
166,1552957200,166,141,-25,307,12,0.9569706907495202,-0.8043888289087946
166,1552971600,9,10,1,19,12,1.18282156481446,-1.5442479479477103
166,1552986000,485,225,-260,710,12,-1.0843737479143583,0.23090014669079922
166,1553000400,556,337,-219,893,12,-0.7282242926581071,0.7010189619134436
166,1553014800,680,375,-305,1055,12,-1.4752694914882925,1.1171897163728337
166,1553029200,611,549,-62,1160,12,0.6355675238109522,1.386930020189105
166,1553043600,177,180,3,357,12,1.2001947089733016,-0.6759410651867606
166,1553058000,13,9,-4,22,12,1.1393887044173563,-1.5365410821243881
166,1553072400,503,244,-259,747,12,-1.0756871758349376,0.32595149184510436
166,1553086800,540,339,-201,879,12,-0.5718659952285334,0.665053588071274
166,1553101200,659,325,-334,984,12,-1.7271800817914944,0.9347938918875454
166,1553115600,678,536,-142,1214,12,-0.059358242542708606,1.5256536050089016
166,1553130000,185,168,-17,353,12,1.0264632673848864,-0.6862168862845233
166,1553144400,15,15,0,30,12,1.1741349927350393,-1.5159894399288627
166,1553158800,477,226,-251,703,12,-1.0061945991995713,0.21291745976971446
166,1553173200,579,328,-251,907,12,-1.0061945991995713,0.7369843357556131
166,1553187600,694,387,-307,1081,12,-1.492642635647134,1.1839825535082913
166,1553202000,711,567,-144,1278,12,-0.07673138670155012,1.690066742573105
166,1553216400,208,224,16,432,12,1.3131201460057715,-0.4832694196037096
166,1553230800,16,18,2,34,12,1.1915081368938807,-1.5057136188311
166,1553245200,434,240,-194,674,12,-0.5110599906725881,0.13841775681093477
166,1553259600,528,331,-197,859,12,-0.5371197069108504,0.6136744825824605
166,1553274000,677,375,-302,1052,12,-1.4492097752500301,1.1094828505495116
166,1553288400,674,504,-170,1178,12,-0.30258226076648986,1.4331712151290372
166,1553302800,279,151,-128,430,12,0.06225376656918203,-0.488407330152591
166,1553317200,23,21,-2,44,12,1.1567618485761977,-1.4800240660866932
166,1553331600,81,112,31,193,12,1.4434187271970829,-1.097249730195032
166,1553346000,405,262,-143,667,12,-0.06804481462212937,0.12043506988985002
166,1553360400,488,302,-186,790,12,-0.44156741403722205,0.4364165686460536
166,1553374800,491,208,-283,699,12,-1.2841649057410358,0.20264163867195176
166,1553389200,200,90,-110,290,12,0.2186120639987557,-0.8480610685742861
166,1553403600,33,16,-17,49,12,1.0264632673848864,-1.4671792897144897
166,1553418000,56,97,41,153,12,1.5302844479912905,-1.2000079411726592
166,1553432400,321,261,-60,582,12,0.6529406679697937,-0.09792612843760773
166,1553446800,446,361,-85,807,12,0.4357763659842747,0.48008880831154516
166,1553461200,365,168,-197,533,12,-0.5371197069108504,-0.22380493688520103
166,1553475600,125,51,-74,176,12,0.531328658857903,-1.1409219698605235
166,1553490000,12,15,3,27,12,1.2001947089733016,-1.5236963057521848
166,1553504400,500,275,-225,775,12,-0.7803437251346317,0.3978822395294434
166,1553518800,559,277,-282,836,12,-1.275478333661615,0.5545885112703248
166,1553533200,621,341,-280,962,12,-1.2581051895027735,0.8782768758498505
166,1553547600,581,523,-58,1104,12,0.6703138121286352,1.243068524820427
166,1553562000,170,126,-44,296,13,0.750335753260973,-0.8847952964251437
166,1553576400,12,9,-3,21,13,1.082745881152765,-1.585665310396093
166,1553590800,504,275,-229,779,13,-0.749563604299552,0.3461873099311053
166,1553605200,551,316,-235,867,13,-0.7982089888690825,0.570465714401809
166,1553619600,573,338,-235,911,13,-0.7982089888690825,0.6826049166371609
166,1553634000,628,613,-15,1241,13,0.985455112013704,1.5236489334023
166,1553648400,201,202,1,403,13,1.115176137532452,-0.6120931455346289
166,1553662800,12,16,4,28,13,1.1394988298172173,-1.5678249827677415
166,1553677200,496,245,-251,741,13,-0.9279300143878306,0.24933981709148326
166,1553691600,640,301,-339,941,13,-1.6413956547409452,0.7590634636158099
166,1553706000,635,410,-225,1045,13,-0.7171333479198649,1.02411975980846
166,1553720400,646,512,-134,1158,13,0.020654984718014864,1.3121136200947043
166,1553734800,191,194,3,385,13,1.1313912657222955,-0.6579682737218183
166,1553749200,17,12,-5,29,13,1.0665307529629215,-1.5652763645351198
166,1553763600,522,229,-293,751,13,-1.2684477063745445,0.2748259994176996
166,1553778000,623,318,-305,941,13,-1.3657384755136055,0.7590634636158099
166,1553792400,628,327,-301,955,13,-1.3333082191339185,0.7947441188725128
166,1553806800,700,507,-193,1207,13,-0.45769129688236876,1.4369959134931645
166,1553821200,189,212,23,401,13,1.2935425476207307,-0.6171903819998722
166,1553835600,15,16,1,31,13,1.115176137532452,-1.5601791280698765
166,1553850000,418,225,-193,643,13,-0.45769129688236876,-0.0004247697054368423
166,1553864400,575,326,-249,901,13,-0.9117148861979871,0.6571187343109446
166,1553878800,665,374,-291,1039,13,-1.252232578184701,1.00882805041273
166,1553893200,720,558,-162,1278,13,-0.20635680993979433,1.6179478080093004
166,1553907600,229,209,-20,438,13,0.9449172915390951,-0.5228915073928717
166,1553922000,26,37,11,63,13,1.1962517784816695,-1.4786233446259842
166,1553936400,94,134,40,228,13,1.4313711372344005,-1.0581013362434148
166,1553950800,407,295,-112,702,13,0.19902139480629352,0.14994370601923954
166,1553965200,542,312,-230,854,13,-0.7576711683944738,0.5373336773777279
166,1553979600,621,262,-359,883,13,-1.8035469366393804,0.6112436061237552
166,1553994000,226,190,-36,416,13,0.815196266020347,-0.5789611085105476
166,1554008400,32,37,5,69,13,1.147606393912139,-1.4633316352302546
166,1554022800,58,93,35,151,13,1.3908333167597917,-1.2543449401552806
166,1554037200,353,291,-62,644,13,0.6043995995523813,0.0021238485271847913
166,1554051600,528,317,-211,845,13,-0.6036274505909603,0.5143961132841331
166,1554066000,371,226,-145,597,13,-0.06852822032612446,-0.11766120840603199
166,1554080400,128,85,-43,213,13,0.7584433173558948,-1.0963306097327392
166,1554094800,8,8,0,16,13,1.1070685734375303,-1.598408401559201
166,1554109200,506,284,-222,790,13,-0.6928106556350997,0.3742221104899433
166,1554123600,538,287,-251,825,13,-0.9279300143878306,0.46342374863170044
166,1554138000,650,383,-267,1033,13,-1.0576510399065788,0.9935363410170003
166,1554152400,726,528,-198,1254,13,-0.49822911735697756,1.5567809704263813
166,1554166800,262,119,-143,381,14,0.14465837391670236,-0.7408345912325153
166,1554181200,17,10,-7,27,14,1.3387170904083259,-1.6224360561312696
166,1554195600,527,297,-230,824,14,-0.6191880108977922,0.36241243970010667
166,1554210000,522,293,-229,815,14,-0.6104081673941772,0.3399988431348841
166,1554224400,684,402,-282,1086,14,-1.075739873085766,1.0148971397099191
166,1554238800,717,598,-119,1315,14,0.3553746180034595,1.5851986523139157
166,1554253200,260,147,-113,407,14,0.4080536790251487,-0.6760842011552056
166,1554267600,16,9,-7,25,14,1.3387170904083259,-1.6274168553679857
166,1554282000,535,245,-290,780,14,-1.145978621114685,0.25283485649235193
166,1554296400,617,297,-320,914,14,-1.4093739262231313,0.5865484053523323
166,1554310800,668,333,-335,1001,14,-1.5410715787773546,0.8032131721494838
166,1554325200,733,561,-172,1294,14,-0.10995708768812916,1.5329002603283963
166,1554339600,244,162,-82,406,14,0.68022882763721,-0.6785746007735637
166,1554354000,15,12,-3,27,14,1.3738364644227854,-1.6224360561312696
166,1554368400,525,247,-278,772,14,-1.0406204990713064,0.2329116595454874
166,1554382800,587,276,-311,863,14,-1.3303553346905974,0.45953802481607114
166,1554397200,599,359,-240,958,14,-0.706986445933941,0.6961259885600871
166,1554411600,787,546,-241,1333,14,-0.7157662894375558,1.6300258454443608
166,1554426000,286,163,-123,449,14,0.32025524398899996,-0.571487417184167
166,1554440400,22,12,-10,34,14,1.3123775598974814,-1.6050032588027632
166,1554454800,464,281,-183,745,14,-0.20653536622789284,0.1656708698498197
166,1554469200,579,317,-262,896,14,-0.9001430030134683,0.5417212122218872
166,1554483600,734,395,-339,1129,14,-1.576190952791814,1.1219843232993159
166,1554498000,684,479,-205,1163,14,-0.3996919233074202,1.20665791032349
166,1554512400,313,161,-152,474,14,0.06563978238416843,-0.5092274267252154
166,1554526800,36,21,-15,57,14,1.268478342379407,-1.5477240675805277
166,1554541200,104,129,25,233,14,1.619672082524002,-1.1094137347495086
166,1554555600,412,396,-16,808,14,1.259698498875792,0.3225660458063777
166,1554570000,564,378,-186,942,14,-0.23287489673873749,0.6562795946663581
166,1554584400,611,349,-262,960,14,-0.9001430030134683,0.7011067877968032
166,1554598800,297,187,-110,484,14,0.43439320953599336,-0.48432343054163474
166,1554613200,48,34,-14,82,14,1.2772581858830219,-1.4854640771215761
166,1554627600,66,113,47,179,14,1.8128286396035296,-1.243895314140844
166,1554642000,393,378,-15,771,14,1.268478342379407,0.23042125992712933
166,1554656400,544,360,-184,904,14,-0.21531520973150772,0.5616444091687517
166,1554670800,484,228,-256,712,14,-0.8474639419917791,0.08348768244400362
166,1554685200,186,115,-71,301,14,0.7768071061769737,-0.9400665607011603
166,1554699600,16,16,0,32,14,1.40017599493363,-1.6099840580394793
166,1554714000,504,257,-247,761,14,-0.7684453504592451,0.20551726374354873
166,1554728400,516,304,-212,820,14,-0.4611508278327243,0.3524508412266744
166,1554742800,632,402,-230,1034,14,-0.6191880108977922,0.8853963595552999
166,1554757200,787,511,-276,1298,14,-1.0230608120640767,1.5428618588018286
166,1554771600,232,102,-130,334,15,0.37350361323509645,-0.7630999571703029
166,1554786000,15,9,-6,24,15,1.4465215366023025,-1.5366453890395146
166,1554800400,549,304,-245,853,15,-0.62163397698449,0.5319648142494421
166,1554814800,548,297,-251,845,15,-0.6735541990829031,0.512002351491527
166,1554829200,635,352,-283,987,15,-0.9504620502744402,0.8663360654445208
166,1554843600,718,490,-228,1208,15,-0.4745266810389859,1.4177990991319267
166,1554858000,264,120,-144,384,15,0.25235642833879895,-0.6383345649333332
166,1554872400,14,8,-6,22,15,1.4465215366023025,-1.5416360047289934
166,1554886800,523,284,-239,807,15,-0.5697137548860767,0.41718065339143
166,1554887545,49,16,-33,65,15,1.2128805371594433,-1.4343377674051996
166,1554901200,554,281,-273,835,15,-0.8639283467770849,0.48704927304413304
166,1554915600,634,348,-286,982,15,-0.9764221613236468,0.8538595262208238
166,1554930000,765,515,-250,1280,15,-0.6649008287331676,1.597461263953163
166,1554944400,294,129,-165,423,15,0.07063565099435277,-0.5410175589884969
166,1554958800,14,9,-5,23,15,1.455174906952038,-1.539140696884254
166,1554973200,520,228,-292,748,15,-1.02834238342206,0.26995749055180585
166,1554987600,601,276,-325,877,15,-1.3139036049633326,0.5918522025231875
166,1555002000,633,337,-296,970,15,-1.0629558648210022,0.8239158320839511
166,1555016400,746,485,-261,1231,15,-0.7600879025802585,1.4751911795609327
166,1555030800,263,140,-123,403,15,0.4340772056832452,-0.5909237158832847
166,1555045200,25,16,-9,41,15,1.420561425553096,-1.494225155678945
166,1555059600,477,242,-235,719,15,-0.5351002734871346,0.19759356305436346
166,1555074000,558,314,-244,872,15,-0.6129806066347544,0.5793756632994905
166,1555088400,699,400,-299,1099,15,-1.0889159758702087,1.1458105440553328
166,1555102800,773,417,-356,1190,15,-1.582158085805134,1.3728835579266174
166,1555117200,268,139,-129,407,15,0.38215698358483197,-0.5809424845043272
166,1555131600,30,10,-20,40,15,1.3253743517060053,-1.4967204635236844
166,1555146000,83,130,47,213,15,1.9051501651382858,-1.0650322063837694
166,1555160400,418,315,-103,733,15,0.6071446126779558,0.23252787288071494
166,1555174800,559,384,-175,943,15,-0.015898052503002566,0.7565425202759875
166,1555189200,559,252,-307,811,15,-1.158142938668093,0.4271618847703876
166,1555203600,307,118,-189,425,15,-0.13704523739930005,-0.5360269432990181
166,1555218000,37,16,-21,53,15,1.3167209813562697,-1.4642814615420723
166,1555232400,58,103,45,161,15,1.887843424438815,-1.1947882143102178
166,1555246800,343,324,-19,667,15,1.3340277220557406,0.06783755512791502
166,1555261200,523,358,-165,881,15,0.07063565099435277,0.6018334339021452
166,1555275600,466,180,-286,646,15,-0.9764221613236468,0.015436090388387768
166,1555290000,209,70,-139,279,15,0.2956232800874766,-0.9003418886309694
166,1555304400,18,13,-5,31,15,1.455174906952038,-1.519178234126339
166,1555318800,518,226,-292,744,15,-1.02834238342206,0.2599762591728483
166,1555333200,546,337,-209,883,15,-0.3101126443940107,0.606824049591624
166,1555347600,663,434,-229,1097,15,-0.4831800513887214,1.140819928365854
166,1555362000,771,505,-266,1276,15,-0.8033547543289361,1.5874800325742053
166,1555376400,249,95,-154,344,16,0.20907683842175975,-0.7165595248162646
166,1555390800,19,9,-10,28,16,1.4512150690453383,-1.5248357455677064
166,1555405200,553,303,-250,856,16,-0.6190153153272925,0.5930525796924007
166,1555419600,585,252,-333,837,16,-1.3349699899228273,0.5444536930016495
166,1555434000,674,345,-329,1019,16,-1.3004661501832835,1.009979870776214
166,1555448400,818,483,-335,1301,16,-1.3522219097925992,1.7312896627126273
166,1555462800,270,149,-121,419,16,0.4937335162729965,-0.5247218141948781
166,1555477200,25,10,-15,35,16,1.4080852693709083,-1.506930892576377
166,1555491600,509,246,-263,755,16,-0.73115279448081,0.3347111293889335
166,1555506000,702,339,-363,1041,16,-1.5937487879694061,1.0662522658918208
166,1555520400,662,364,-298,1026,16,-1.0330613922018186,1.0278847237675435
166,1555534800,770,540,-230,1310,16,-0.4464961166295733,1.7543101879871936
166,1555549200,291,127,-164,418,16,0.12281723907290014,-0.5272796503364966
166,1555563600,16,16,0,32,16,1.5374746683941978,-1.5146044010012325
166,1555578000,508,244,-264,752,16,-0.739778754415696,0.32703762096407807
166,1555592400,612,376,-236,988,16,-0.49825187623888906,0.930686950386041
166,1555606800,694,376,-318,1070,16,-1.2055805908995378,1.1404295139987568
166,1555621200,757,444,-313,1201,16,-1.162450791225108,1.4755060485507787
166,1555635600,292,136,-156,428,16,0.19182491855198783,-0.5017012889203117
166,1555650000,20,9,-11,29,16,1.4425891091104521,-1.5222779094260879
166,1555664400,303,145,-158,448,16,0.1745729986822159,-0.45054456608794197
166,1555678800,560,366,-194,926,16,-0.1359615589736787,0.7721011096056948
166,1555693200,624,386,-238,1010,16,-0.515503796108661,0.9869593455016477
166,1555707600,621,332,-289,953,16,-0.955427752787845,0.8411626854293939
166,1555722000,286,115,-171,401,16,0.06243551952869841,-0.5707628647440108
166,1555736400,36,18,-18,54,16,1.3822073895662506,-1.4583320058856257
166,1555750800,74,110,36,184,16,1.8480092260500924,-1.1258133074752226
166,1555765200,387,304,-83,691,16,0.821519993798663,0.17100961632535033
166,1555779600,560,292,-268,852,16,-0.7742825941552398,0.5828212351259268
166,1555794000,496,181,-315,677,16,-1.1797027110948801,0.13519991034269152
166,1555808400,225,129,-96,354,16,0.7093825146451455,-0.6909811634000798
166,1555822800,26,20,-6,46,16,1.485718908784882,-1.4787946950185737
166,1555837200,54,59,5,113,16,1.5806044680686275,-1.307419673530135
166,1555851600,383,245,-138,628,16,0.34709219737993513,0.009865939403385674
166,1555866000,443,260,-183,703,16,-0.041075999689933126,0.2017036500247722
166,1555880400,328,153,-175,481,16,0.027931679789154566,-0.3661359734145319
166,1555894800,137,91,-46,228,16,1.1406805113894436,-1.013268517244009
166,1555909200,19,11,-8,30,16,1.46846698891511,-1.5197200732844693
166,1555923600,435,210,-225,645,16,-0.4033663169551435,0.053349153810899955
166,1555938000,534,315,-219,849,16,-0.35161055734582775,0.5751477267010713
166,1555952400,621,340,-281,961,16,-0.8864200733087574,0.8616253745623418
166,1555966800,672,419,-253,1091,16,-0.6448931951319504,1.194144072972745
166,1555981200,242,75,-167,317,17,-0.19416346193247555,-0.5613700624013553
166,1555995600,25,17,-8,42,17,1.2520387674326454,-1.2509290041386627
166,1556010000,489,190,-299,679,17,-1.3947841806506893,0.3463402536310275
166,1556024400,549,306,-243,855,17,-0.8854299363459925,0.7876579763429042
166,1556038800,632,373,-259,1005,17,-1.0309597204330487,1.1637810354723446
166,1556053200,728,482,-246,1210,17,-0.9127167708623156,1.6778158829492464
166,1556067600,242,156,-86,398,17,0.5425810700082465,-0.3582636104714575
166,1556082000,11,13,2,24,17,1.3429948824870557,-1.2960637712341956
166,1556096400,483,231,-252,714,17,-0.9672904398949617,0.43410230076123024
166,1556110800,556,311,-245,867,17,-0.9036211593568746,0.8177478210732595
166,1556125200,591,336,-255,927,17,-0.9945772744112846,0.9681970447250356
166,1556139600,707,515,-192,1222,17,-0.4215537495685009,1.7079057276796017
166,1556154000,276,144,-132,420,17,0.1241829407579599,-0.3030988951324729
166,1556168400,18,10,-8,28,17,1.2520387674326454,-1.2860338229907438
166,1556182800,505,195,-310,700,17,-1.4948359072105404,0.39899748190914913
166,1556197200,621,322,-299,943,17,-1.3947841806506893,1.0083168376988425
166,1556211600,640,344,-296,984,17,-1.3674973461343662,1.1111238071942229
166,1556226000,627,449,-178,1076,17,-0.2942151884923267,1.341812616793613
166,1556240400,291,135,-156,426,17,-0.09411173537262442,-0.2880539727672953
166,1556254800,28,9,-19,37,17,1.1519870408727944,-1.2634664394429773
166,1556266346,182,109,-73,291,17,0.6608240195789796,-0.6265647259837916
166,1556269200,237,89,-148,326,17,-0.021346843329096313,-0.5388026788535889
166,1556283600,607,362,-245,969,17,-0.9036211593568746,1.0735115012812788
166,1556298000,608,328,-280,936,17,-1.22196756204731,0.990764428272802
166,1556312400,619,473,-146,1092,17,-0.003155620318214287,1.38193240976742
166,1556326800,255,130,-125,385,17,0.18785222129604698,-0.39086094226267565
166,1556341200,34,21,-13,55,17,1.2065607099054405,-1.2183316723474444
166,1556355600,121,84,-37,205,17,0.9882660337748561,-0.8422086132180041
166,1556370000,427,339,-88,766,17,0.5243898469973645,0.564491627926103
166,1556384400,573,309,-264,882,17,-1.0764377779602539,0.8553601269862035
166,1556398800,567,219,-348,786,17,-1.840469144417299,0.6146413691433616
166,1556413200,227,118,-109,345,17,0.3333820053831032,-0.4911604246971931
166,1556427600,25,11,-14,36,17,1.1974650983999995,-1.2659739265038403
166,1556442000,60,84,24,144,17,1.5430983356067578,-0.9951653239306433
166,1556456400,363,301,-62,664,17,0.7608757461388308,0.30872794771808343
166,1556470800,466,340,-126,806,17,0.17875660979060598,0.6647911103606203
166,1556485200,439,201,-238,640,17,-0.8399518788187874,0.24854825825737298
166,1556499600,187,72,-115,259,17,0.2788083363504571,-0.7068043119314056
166,1556514000,15,10,-5,25,17,1.2793256019489685,-1.2935562841733326
166,1556523462,68,26,-42,94,17,0.9427879762476511,-1.12053967697379
166,1556523543,1,1,0,2,17,1.3248036594761736,-1.35122848657318
166,1556523628,2,7,5,9,17,1.3702817170033788,-1.3336760771471396
166,1556523709,4,1,-3,5,17,1.2975168249598505,-1.3437060253905913
166,1556523789,2,0,-2,2,17,1.3066124364652916,-1.35122848657318
166,1556526929,392,225,-167,617,17,-0.19416346193247555,0.19087605585752546
166,1556528400,153,67,-86,220,17,0.5425810700082465,-0.8045963073050602
166,1556542800,540,317,-223,857,17,-0.7035177062371722,0.79267295046463
166,1556557200,640,362,-278,1002,17,-1.203776339036428,1.1562585742897558
166,1556571600,745,464,-281,1209,17,-1.231063173552751,1.6753083958883834
166,1556586000,262,66,-196,328,18,-0.33598403658947223,-0.6000249529127379
166,1556600400,14,13,-1,27,18,1.4185992655999942,-1.3423557800973904
166,1556614800,535,284,-251,819,18,-0.8308665064377833,0.6108867950861472
166,1556629200,538,306,-232,844,18,-0.6599071077629122,0.6725421794038094
166,1556643600,638,415,-223,1053,18,-0.5789263399695522,1.1879811922994652
166,1556658000,738,476,-262,1214,18,-0.9298430004074454,1.5850418673052096
166,1556672400,260,90,-170,350,18,-0.10203959629754339,-0.5457682147131953
166,1556686800,20,15,-5,35,18,1.3826078132473896,-1.3226260571157387
166,1556696535,74,36,-38,110,18,1.085678331338403,-1.1376599041627522
166,1556696615,2,0,-2,2,18,1.4096014025118428,-1.4040111644150528
166,1556696696,5,1,-4,6,18,1.3916056763355407,-1.3941463029242267
166,1556696777,1,3,2,4,18,1.4455928548644474,-1.3990787336696398
166,1556701200,571,269,-302,840,18,-1.2897575239334897,0.6626773179129835
166,1556715600,594,370,-224,964,18,-0.5879242030577033,0.9684880241285878
166,1556730000,679,391,-288,1070,18,-1.1637874406993742,1.2299068536354754
166,1556744400,740,450,-290,1190,18,-1.1817831668756764,1.5258526983602538
166,1556758800,263,91,-172,354,18,-0.1200353224738456,-0.5359033532223693
166,1556773200,20,16,-4,36,18,1.3916056763355407,-1.320159841743032
166,1556787600,521,288,-233,809,18,-0.6689049708510633,0.5862246413590824
166,1556790354,186,61,-125,247,18,0.30286424266925654,-0.7997883981019633
166,1556802000,414,253,-161,667,18,-0.021058828504183405,0.23602205843476118
166,1556816400,681,345,-336,1026,18,-1.5956848689306276,1.12139337723639
166,1556830800,727,512,-215,1239,18,-0.5069434352643433,1.6466972516228717
166,1556845200,291,106,-185,397,18,-0.23700754261981002,-0.4298560921959903
166,1556859600,22,12,-10,34,18,1.337618497806634,-1.325092272488445
166,1556874000,470,256,-214,726,18,-0.4979455721761922,0.3815287654244439
166,1556888400,559,372,-187,931,18,-0.25500326879611224,0.8871029168292738
166,1556902800,575,352,-223,927,18,-0.5789263399695522,0.8772380553384478
166,1556917200,639,405,-234,1044,18,-0.6779028339392144,1.1657852539451068
166,1556931600,268,79,-189,347,18,-0.2729989949724145,-0.5531668608313146
166,1556946000,32,12,-20,44,18,1.247639866925123,-1.3004301187613803
166,1556960400,90,103,13,193,18,1.5445693488341097,-0.9329640282281136
166,1556974800,414,363,-51,777,18,0.9687061111924387,0.5073057494324748
166,1556989200,486,263,-223,749,18,-0.5789263399695522,0.43825171899669313
166,1557003600,496,224,-272,720,18,-1.0198216312889565,0.366731473188205
166,1557018000,291,88,-203,379,18,-0.39896907820653,-0.47424796890470705
166,1557032400,36,14,-22,50,18,1.2296441407488208,-1.2856328265251413
166,1557046800,67,79,12,146,18,1.5355714857459586,-1.0488761507453186
166,1557061200,341,314,-27,655,18,1.1846548253080653,0.20642747396228334
166,1557075600,529,352,-177,881,18,-0.16502463791460115,0.7637921481939495
166,1557090000,460,162,-298,622,18,-1.2537660715808854,0.12504236666296928
166,1557104400,153,44,-109,197,18,0.4468300520796743,-0.9230991667372878
166,1557118800,13,16,3,29,18,1.4545907179525985,-1.3374233493519776
166,1557133200,543,247,-296,790,18,-1.2357703454045832,0.5393665492776591
166,1557147600,530,295,-235,825,18,-0.6869006970273654,0.6256840873223861
166,1557162000,634,347,-287,981,18,-1.1547895776112231,1.0104136854645982
166,1557176400,732,441,-291,1173,18,-1.1907810299638275,1.4839270370242437
166,1557190800,268,88,-180,356,19,-0.011669828727793667,-0.5424878496411641
166,1557205200,24,12,-12,36,19,1.474539326669918,-1.3661318289065696
166,1557219600,514,261,-253,775,19,-0.6574630926803707,0.5359709857094762
166,1557226556,342,147,-195,489,19,-0.1443670747454465,-0.20016082075897998
166,1557226640,162,83,-79,245,19,0.881824961124402,-0.8281893549488517
166,1557227145,20,7,-13,27,19,1.4656928436020744,-1.3892968158234091
166,1557227228,8,7,-1,15,19,1.5718506404161967,-1.420183465045862
166,1557229076,46,23,-23,69,19,1.3772280129236392,-1.2811935435448247
166,1557234000,204,132,-72,336,19,0.9437503425993067,-0.593965598345252
166,1557248400,659,325,-334,984,19,-1.374028221175696,1.0739134596671942
166,1557262800,775,460,-315,1235,19,-1.2059450428866691,1.7199592059034967
166,1557277200,292,143,-149,435,19,0.2625711463753555,-0.3391507422600172
166,1557291600,25,13,-12,38,19,1.474539326669918,-1.3609840540361609
166,1557306000,519,252,-267,771,19,-0.7813138556301801,0.5256754359686586
166,1557320400,575,292,-283,867,19,-0.9228575847156764,0.7727686297482803
166,1557334800,685,375,-310,1060,19,-1.1617126275474514,1.269528904742728
166,1557349200,700,478,-222,1178,19,-0.3832221175772216,1.5732476220968463
166,1557363600,293,117,-176,410,19,0.02371610354358042,-0.40349792814012697
166,1557378000,16,15,-1,31,19,1.5718506404161967,-1.3790012660825917
166,1557392400,510,299,-211,809,19,-0.28591080383094286,0.6234831585064255
166,1557406800,572,279,-293,851,19,-1.0113224153941116,0.73158643078501
166,1557421200,657,369,-288,1026,19,-0.967090000054894,1.1820167319457786
166,1557435600,731,504,-227,1235,19,-0.4274545329164392,1.7199592059034967
166,1557450000,288,137,-151,425,19,0.24487818023966845,-0.3648896166120611
166,1557464400,121,46,-75,167,19,0.9172108933957761,-1.0289525748947943
166,1557478800,439,257,-182,696,19,-0.02936279486348071,0.3326338783283292
166,1557493200,590,330,-260,920,19,-0.7193884741552754,0.9091846638141131
166,1557507600,674,360,-314,1034,19,-1.1970985598188255,1.2026078314274138
166,1557522000,677,389,-288,1066,19,-0.967090000054894,1.2849722293539543
166,1557536400,310,110,-200,420,19,-0.1885994900846641,-0.37775905378808305
166,1557550800,49,20,-29,69,19,1.324149114516578,-1.2811935435448247
166,1557565200,74,42,-32,116,19,1.2976096653130476,-1.1602208340902183
166,1557579600,318,187,-131,505,19,0.4218078415965389,-0.1589786217957097
166,1557594000,551,247,-304,798,19,-1.1086337291403903,0.5951703967191773
166,1557608400,555,185,-370,740,19,-1.692501611618063,0.44588492547732245
166,1557622800,303,102,-201,405,19,-0.19744597315250761,-0.41636736531614893
166,1557637200,45,13,-32,58,19,1.2976096653130476,-1.309506305332073
166,1557651600,59,37,-22,96,19,1.3860744959914828,-1.211698582794306
166,1557666000,283,162,-121,445,19,0.5102726722749741,-0.31341186790797326
166,1557680400,506,200,-306,706,19,-1.1263266952760773,0.3583727526803731
166,1557694800,494,148,-346,642,19,-1.4801860179898183,0.19364395682729202
166,1557709200,196,50,-146,246,19,0.2891105955788861,-0.8256154675136473
166,1557723600,17,4,-13,21,19,1.4656928436020744,-1.4047401404346356
166,1557738000,547,231,-316,778,19,-1.2147915259545126,0.5436926480150894
166,1557752400,548,336,-212,884,19,-0.2947572868987864,0.8165247161467549
166,1557766800,607,374,-233,981,19,-0.4805334313235003,1.066191797361581
166,1557781200,670,472,-198,1142,19,-0.17090652394897707,1.4805876744294881
166,1557795600,240,85,-155,325,20,0.3869534121637086,-0.7869330275597636
166,1557810000,27,11,-16,38,20,1.4930368863399335,-1.535875766290005
166,1557824400,522,248,-274,770,20,-0.5599813606921962,0.3743196509592521
166,1557838800,576,241,-335,817,20,-1.0453848997191726,0.4969688102635077
166,1557853200,681,300,-381,981,20,-1.411426912755909,0.9249360895379315
166,1557867600,737,512,-225,1249,20,-0.17006704245741186,1.6242972532302824
166,1557882000,263,137,-126,400,20,0.6177190290781728,-0.5912162839891429
166,1557896400,16,9,-7,25,20,1.5646538019340777,-1.569800001842246
166,1557910800,549,235,-314,784,20,-0.8782787633328365,0.41085344309243466
166,1557925200,566,235,-331,801,20,-1.0135551594551087,0.455215904968442
166,1557939600,628,309,-319,937,20,-0.9180659386629165,0.8101155999765007
166,1557954000,771,439,-332,1210,20,-1.0215125945211245,1.5225245465735597
166,1557968400,300,99,-201,399,20,0.02091139912697229,-0.5938258405700846
166,1557982800,17,12,-5,29,20,1.5805686720661096,-1.5593617755184797
166,1557997200,526,248,-278,774,20,-0.5918111009562602,0.3847578772830186
166,1558011600,552,243,-309,795,20,-0.8384915880027564,0.4395585654827923
166,1558026000,683,325,-358,1008,20,-1.2284059062375408,0.9953941172233549
166,1558040400,782,459,-323,1241,20,-0.9498956789269805,1.6034208005827497
166,1558054800,369,174,-195,543,20,0.06865600952306833,-0.21804969291449294
166,1558069200,37,16,-21,53,20,1.4532497110098535,-1.496732417575881
166,1558083600,468,251,-217,719,20,-0.10640756192928381,0.2412322653312301
166,1558086916,68,51,-17,119,20,1.4850794512739174,-1.3245016832337349
166,1558098000,559,257,-302,816,20,-0.7827895425406444,0.4943592536825661
166,1558112400,659,338,-321,997,20,-0.9339808087949485,0.9666889948329972
166,1558126800,653,397,-256,1050,20,-0.4167475295039081,1.1049954936229025
166,1558141200,292,133,-159,425,20,0.35512367189964456,-0.5259773694656027
166,1558155600,32,15,-17,47,20,1.4850794512739174,-1.5123897570615306
166,1558170000,139,93,-46,232,20,1.2543138343594533,-1.0296217895873332
166,1558184400,462,267,-195,729,20,0.06865600952306833,0.2673278311406462
166,1558198800,584,292,-292,876,20,-0.7032151918804843,0.6509326485390626
166,1558213200,578,250,-328,828,20,-0.9896828542570605,0.5256739326538654
166,1558227600,272,156,-116,428,20,0.6972933797383328,-0.5181486997227779
166,1558242000,38,15,-23,53,20,1.4373348408778215,-1.496732417575881
166,1558256400,77,62,-15,139,20,1.5009943214059496,-1.2723105516149027
166,1558270800,368,332,-36,700,20,1.3338881850196134,0.19165069029333953
166,1558285200,545,244,-301,789,20,-0.7748321074746284,0.4239012259971427
166,1558299600,437,195,-242,632,20,-0.305343438579684,0.014200842789310181
166,1558314000,173,55,-118,228,20,0.6813785096063009,-1.0400600159110995
166,1558328400,14,8,-6,22,20,1.5726112370000935,-1.577628671585071
166,1558342800,470,201,-269,671,20,-0.5201941853621161,0.1159735494460329
166,1558357200,678,335,-343,1013,20,-1.1090443802473007,1.008441900128063
166,1558371600,693,363,-330,1056,20,-1.0055977243890926,1.1206528331085521
166,1558386000,748,446,-302,1194,20,-0.7827895425406444,1.4807716412784941
166,1558400400,292,100,-192,392,21,-0.21654817356766698,-0.5506697174852415
166,1558414800,25,13,-12,38,21,1.3682574335684046,-1.4975134042633809
166,1558429200,509,324,-185,833,21,-0.1549168444012642,0.6288728414671861
166,1558443600,587,314,-273,901,21,-0.9297106967788992,0.8107524197183542
166,1558458000,699,471,-228,1170,21,-0.5335092949948813,1.5302466336825333
166,1558472400,793,466,-327,1259,21,-1.4051523789197207,1.7682949052171504
166,1558486800,368,149,-219,517,21,-0.45426901463807773,-0.21633225746471213
166,1558501200,18,20,2,38,21,1.4915200919012102,-1.4975134042633809
166,1558515600,524,238,-286,762,21,-1.0441688795165043,0.43896916417552545
166,1558530000,594,332,-262,926,21,-0.8328614652316948,0.87761991172246
166,1558544400,683,436,-247,1119,21,-0.7007943313036888,1.3938369499941574
166,1558558800,702,483,-219,1185,21,-0.45426901463807773,1.570367128884997
166,1558573200,326,135,-191,461,21,-0.20774369797246658,-0.3661154395539093
166,1558587600,18,10,-8,28,21,1.403475335949206,-1.5242604010650231
166,1558602000,511,268,-243,779,21,-0.6655764289228873,0.4844390587383175
166,1558616400,581,338,-243,919,21,-0.6655764289228873,0.8588970139613104
166,1558630800,646,294,-352,940,21,-1.6252642687997305,0.9150657072447593
166,1558645200,715,459,-256,1174,21,-0.7800346116604924,1.5409454324031904
166,1558659600,323,121,-202,444,21,-0.30459292951967093,-0.4115853341167013
166,1558674000,16,13,-3,29,21,1.447497713925208,-1.5215857013848588
166,1558688400,371,281,-90,652,21,0.6815083371427736,0.14475219935745962
166,1558702800,540,326,-214,866,21,-0.4102466366620757,0.7171379309126059
166,1558717200,735,403,-332,1138,21,-1.4491747568957225,1.4446562439172779
166,1558731600,685,321,-364,1006,21,-1.7309179759421354,1.0915958861355988
166,1558746000,336,120,-216,456,21,-0.4278555878524765,-0.3794889379547305
166,1558760400,36,13,-23,49,21,1.2714082020212,-1.4680917077815743
166,1558774800,99,99,0,198,21,1.4739111407108094,-1.0695614554371031
166,1558789200,367,260,-107,627,21,0.5318322520243668,0.07788470735335373
166,1558803600,459,280,-179,739,21,-0.10208999083006182,0.37745107153174806
166,1558818000,467,175,-292,642,21,-1.0969957330877067,0.11800520255581726
166,1558832400,273,124,-149,397,21,0.16204427702595012,-0.5372962190844204
166,1558846800,34,15,-19,49,21,1.3066261044020018,-1.4680917077815743
166,1558861200,57,81,24,138,21,1.685218554995619,-1.2300434362469572
166,1558875600,326,230,-96,556,21,0.6286814835715712,-0.11201896993830697
166,1558890000,460,292,-168,752,21,-0.005240759282857439,0.4122221673738831
166,1558904400,427,186,-241,613,21,-0.6479674777324864,0.040438911831054435
166,1558918800,208,80,-128,288,21,0.34693826452515847,-0.828838484222322
166,1558933200,17,10,-7,27,21,1.4122798115444066,-1.5269351007451875
166,1558947600,57,83,26,140,21,1.7028275061860196,-1.2246940368866288
166,1558962000,310,240,-70,550,21,0.8575978490467815,-0.12806716801929238
166,1558976400,401,258,-143,659,21,0.2148711305971525,0.16347509711860925
166,1558990800,476,179,-297,655,21,-1.1410181110637088,0.15277629839795231
166,1559005200,203,70,-133,273,22,0.504819834319239,-0.8769941116471461
166,1559019600,29,8,-21,37,22,1.4317021530693173,-1.447460421835262
166,1559034000,516,278,-238,794,22,-0.3641323395089593,0.3823827849969574
166,1559048400,539,359,-180,898,22,0.11586028984375978,0.6337747183001949
166,1559062800,637,344,-293,981,22,-0.8192977638951584,0.8344048189172019
166,1559077200,832,421,-411,1253,22,-1.7958344925782765,1.4918914137102846
166,1559091600,294,110,-184,404,22,0.08275734988839985,-0.5603369648901835
166,1559106000,20,15,-5,35,22,1.564113912890757,-1.4522948820910937
166,1559120400,524,269,-255,793,22,-0.504819834319239,0.37996555486904166
166,1559134800,580,300,-280,880,22,-0.7117132090402386,0.5902645759977115
166,1559149200,629,380,-249,1009,22,-0.4551654243861991,0.9020872624988427
166,1559163600,667,479,-188,1146,22,0.049654409933039906,1.2332477900232999
166,1559178000,246,112,-134,358,22,0.49654409933039906,-0.6715295507743078
166,1559192400,20,11,-9,31,22,1.5310109729353971,-1.4619638026027566
166,1559206800,503,261,-242,764,22,-0.39723527946431925,0.309865881159485
166,1559221200,620,374,-246,994,22,-0.4303382194196792,0.8658288105801065
166,1559235600,661,380,-281,1041,22,-0.7199889440290786,0.9794386265921465
166,1559250000,679,403,-276,1082,22,-0.6786102690848788,1.078545061836692
166,1559264400,272,137,-135,409,22,0.48826836434155907,-0.5482508142506047
166,1559278800,22,13,-9,35,22,1.5310109729353971,-1.4522948820910937
166,1559293200,466,241,-225,707,22,-0.2565477846540395,0.1720837638682875
166,1559307600,581,291,-290,872,22,-0.7944705589286385,0.5709267349743855
166,1559322000,653,382,-271,1035,22,-0.6372315941406788,0.9649352458246521
166,1559336400,660,364,-296,1024,22,-0.8441249688616784,0.9383457144175789
166,1559350800,307,150,-157,457,22,0.3062021945870794,-0.43222376811064894
166,1559365200,30,20,-10,50,22,1.522735237946557,-1.4160364301723574
166,1559379600,90,89,-1,179,22,1.597216852846117,-1.1042137436712263
166,1559394000,416,191,-225,607,22,-0.2565477846540395,-0.06963924892328706
166,1559408400,485,229,-256,714,22,-0.513095569308079,0.18900437476369772
166,1559422800,548,229,-319,777,22,-1.034466873604998,0.3412898728223897
166,1559437200,258,121,-137,379,22,0.4717168943638791,-0.6207677180880771
166,1559451600,24,16,-8,40,22,1.5392867079242372,-1.4402087314515148
166,1559466000,65,54,-11,119,22,1.514459502957717,-1.249247551346171
166,1559480400,389,174,-215,563,22,-0.17379043476563966,-0.17599737455157988
166,1559494800,552,210,-342,762,22,-1.2248087783483177,0.30503142090365354
166,1559509200,395,182,-213,577,22,-0.1572389647879597,-0.14215615276075944
166,1559523600,125,70,-55,195,22,1.1503271634487577,-1.0655380616245742
166,1559538000,18,8,-10,26,22,1.522735237946557,-1.4740499532423352
166,1559552400,542,238,-304,780,22,-0.9103308487723982,0.34854156320613694
166,1559566800,560,331,-229,891,22,-0.28965072460939945,0.6168541074047847
166,1559581200,620,284,-336,904,22,-1.1751543684152779,0.6482780990676894
166,1559595600,1149,680,-469,1829,22,-2.2758271219309956,2.8842159673897543
166,1559610000,313,119,-194,432,23,-0.11022390037197216,-0.4619251752599455
166,1559624400,27,18,-9,45,23,1.5558602775418542,-1.5266917128719546
166,1559638800,517,240,-277,757,23,-0.857710315327905,0.4322586095563414
166,1559641711,207,60,-147,267,23,0.31305153942235125,-0.915895404474368
166,1559645378,168,95,-73,263,23,0.9794852105878817,-0.9269007433644146
166,1559653200,328,178,-150,506,23,0.2860339581588838,-0.2583264057940832
166,1559667600,580,352,-228,932,23,-0.41642315469126995,0.9137421859958804
166,1559682000,723,505,-218,1228,23,-0.3263645504797118,1.7281372638593293
166,1559696400,330,129,-201,459,23,-0.17326492332006288,-0.3876391377521309
166,1559710800,19,10,-9,29,23,1.5558602775418542,-1.570713068432141
166,1559725200,541,251,-290,792,23,-0.9747865008029306,0.5285553248442492
166,1559726009,64,19,-45,83,23,1.2316493023802446,-1.422140993416512
166,1559735081,451,186,-265,637,23,-0.7496399902740352,0.10209844285494316
166,1559739600,381,194,-187,575,23,-0.04718287742388144,-0.06848430994077925
166,1559754000,617,340,-277,957,23,-0.857710315327905,0.9825255540586717
166,1559768400,723,473,-250,1196,23,-0.6145520839566979,1.6400945527389565
166,1559782800,294,143,-151,437,23,0.27702809773772796,-0.4481685016473872
166,1559797200,21,13,-8,34,23,1.56486613796301,-1.5569563948195828
166,1559811600,553,233,-320,786,23,-1.244962313437605,0.5120473165091792
166,1559826000,622,251,-371,873,23,-1.7042611949165518,0.751413437367693
166,1559840400,699,298,-401,997,23,-1.9744370075512263,1.0925789429591377
166,1559854800,694,439,-255,1133,23,-0.6595813860624771,1.4667604652207225
166,1559869200,333,167,-166,500,23,0.14194019142039072,-0.27483441412915316
166,1559883600,32,10,-22,42,23,1.4387840920668284,-1.5349457170394896
166,1559898000,473,246,-227,719,23,-0.40741729427011414,0.3277078901008986
166,1559912400,595,280,-315,875,23,-1.199933011331826,0.7569161068127163
166,1559926800,686,395,-291,1081,23,-0.9837923612240864,1.3236910596501166
166,1559941200,712,460,-252,1172,23,-0.6325638047990095,1.5740625193986768
166,1559955600,371,146,-225,517,23,-0.3894055734278025,-0.22806172384645507
166,1559970000,27,15,-12,42,23,1.5288426962783865,-1.5349457170394896
166,1559984400,106,121,15,227,23,1.7720009276495936,-1.0259487933748341
166,1559998800,409,313,-96,722,23,0.7723504209012979,0.33596189426843354
166,1560013200,546,295,-251,841,23,-0.6235579443778537,0.6633707262473201
166,1560027600,489,216,-273,705,23,-0.8216868736432817,0.2891892039857355
166,1560042000,307,111,-196,418,23,-0.1282356212142838,-0.5004438613751085
166,1560056400,47,18,-29,65,23,1.3757430691187378,-1.4716650184217217
166,1560070800,65,92,27,157,23,1.8800712527034635,-1.2185422239506496
166,1560085200,372,268,-104,640,23,0.7003035375320514,0.11035244702247811
166,1560099600,450,298,-152,748,23,0.26802223731657215,0.40749659705373653
166,1560114000,474,208,-266,682,23,-0.7586458506951911,0.2259085053679675
166,1560128400,240,69,-171,309,23,0.09691088931461164,-0.8003393461288786
166,1560142800,17,11,-6,28,23,1.5828778588053216,-1.5734644031546527
166,1560157200,505,249,-256,754,23,-0.6685872464836329,0.4240046053888064
166,1560171600,570,288,-282,858,23,-0.9027396174336841,0.7101434165300182
166,1560186000,636,359,-277,995,23,-0.857710315327905,1.0870762735141144
166,1560200400,644,436,-208,1080,23,-0.2363059462681536,1.320939724927605
166,1560214800,225,91,-134,316,24,0.6298569946979449,-1.0124883511958418
166,1560229200,16,8,-8,24,24,1.7295611240089064,-1.785420634984563
166,1560243600,524,189,-335,713,24,-1.1244329258695416,0.038381911352522106
166,1560258000,603,295,-308,898,24,-0.8887820410171926,0.5280821596433214
166,1560272400,612,288,-324,900,24,-1.0284270098185846,0.5333762163816003
166,1560286800,661,442,-219,1103,24,-0.11200690205944987,1.0707229753169099
166,1560301200,262,126,-136,388,24,0.6124013735977708,-0.821902308617801
166,1560315600,14,8,-6,22,24,1.7470167451090803,-1.7907146917228418
166,1560330000,525,281,-244,806,24,-0.3302021658116248,0.28455554968249147
166,1560344400,593,269,-324,862,24,-1.0284270098185846,0.432789138354301
166,1560358800,618,319,-299,937,24,-0.8102317460664096,0.6313162660397602
166,1560373200,675,586,-89,1261,24,1.0226084694518598,1.4889534576409438
166,1560387600,334,151,-183,485,24,0.202194277743682,-0.5651405568112738
166,1560402000,22,15,-7,37,24,1.7382889345589934,-1.75100926618575
166,1560416400,523,227,-296,750,24,-0.7840483144161486,0.13632196101068197
166,1560430800,607,340,-267,947,24,-0.5309418084636257,0.6577865497311547
166,1560445200,662,314,-348,976,24,-1.2378944630206725,0.7345503724361989
166,1560459600,677,436,-241,1113,24,-0.3040187341613638,1.0971932590083044
166,1560474000,272,173,-99,445,24,0.9353303639509897,-0.671021691576852
166,1560488400,16,10,-6,26,24,1.7470167451090803,-1.7801265782462838
166,1560502800,462,262,-200,724,24,0.053821498392203064,0.06749922341305611
166,1560517200,616,322,-294,938,24,-0.7665926933159746,0.6339632944088996
166,1560531600,654,370,-284,1024,24,-0.6793145878151047,0.8616077341548928
166,1560546000,683,386,-297,1069,24,-0.7927761249662356,0.9807240107661683
166,1561165200,8207,7450,-757,15657,25,-2.9892168649188,4.446435606240686
166,1561179600,37,20,-17,57,25,0.9133648439645196,-0.3464293310438345
166,1561194000,123,75,-48,198,25,0.7498783129167048,-0.3031092056491475
166,1561208400,451,156,-295,607,25,-0.5527401763997545,-0.1774501185113674
166,1561222800,507,274,-233,781,25,-0.22576711430412502,-0.12399124036473239
166,1561237200,498,176,-322,674,25,-0.6951316711833351,-0.15686537807559417
166,1561251600,249,120,-129,369,25,0.3227038285659631,-0.2505720322981441
166,1561266000,30,15,-15,45,25,0.9239123620966366,-0.35011615022636106
166,1561280400,90,46,-44,136,25,0.770973349180939,-0.3221577714255347
166,1561294800,392,194,-198,586,25,-0.04118554699207614,-0.18390205208078889
166,1561309200,492,218,-274,710,25,-0.44199123601252516,-0.1458049205280145
166,1561323600,431,179,-252,610,25,-0.3259685365592373,-0.1765284137157358
166,1561338000,146,81,-65,227,25,0.6602244087937096,-0.29419939262470834
166,1561352400,20,10,-10,30,25,0.9502811574269293,-0.35472467420451925
166,1561364456,263,156,-107,419,25,0.43872652801925094,-0.23521028570428346
166,1561366800,318,83,-235,401,25,-0.2363146324362421,-0.2407405144780733
166,1561366861,0,0,0,0,25,1.0030187480875148,-0.36394172216083565
166,1561367912,71,36,-35,107,25,0.8184371807754658,-0.33106758444997386
166,1561381200,837,248,-589,1085,25,-2.103225341820965,-0.030591821074059656
166,1561395600,592,479,-113,1071,25,0.4070839736228997,-0.03489311012034064
166,1561410000,681,425,-256,1106,25,-0.34706357282347144,-0.024139887504638188
166,1561424400,196,118,-78,314,26,0.7303628788359804,-0.8322925728309389
166,1561438800,21,10,-11,31,26,1.2896121689161024,-1.5884363869919524
166,1561453200,492,257,-235,749,26,-0.5801168009040073,0.32997795423634335
166,1561467600,635,308,-327,943,26,-1.3480411992229808,0.84832389044566
166,1561482000,598,541,-57,1139,26,0.9056499697566156,1.3720135991932172
166,1561496400,793,457,-336,1250,26,-1.4231642381889675,1.6685929750655581
166,1561510800,199,138,-61,337,26,0.8722619524383994,-0.7708391886411746
166,1561525200,20,8,-12,28,26,1.2812651645865485,-1.596452045799313
166,1561539600,490,246,-244,736,26,-0.6552398398699938,0.2952434327377809
166,1561554000,661,294,-367,955,26,-1.6819213724051434,0.8803865256751023
166,1561568400,609,399,-210,1008,26,-0.3714416926651557,1.0219964979384724
166,1561582800,667,445,-222,1112,26,-0.4716057446198045,1.299872669926972
166,1561597200,238,194,-44,432,26,1.0141610260408185,-0.5170099930747566
166,1561611600,20,9,-11,29,26,1.2896121689161024,-1.5937801595301928
166,1561626000,485,228,-257,713,26,-0.7637508961541966,0.23379004854801655
166,1561640400,598,281,-317,879,26,-1.2645711559274402,0.677323169221968
166,1561654800,588,542,-46,1130,26,0.9974670173817103,1.3479666227711355
166,1561669200,665,405,-260,1070,26,-0.7887919091428588,1.1876534466239241
166,1561683600,231,178,-53,409,26,0.9390379870748319,-0.578463377264521
166,1561698000,19,12,-7,31,26,1.3230001862343188,-1.5884363869919524
166,1561712400,423,229,-194,652,26,-0.23788962339229075,0.07080498613168501
166,1561726800,578,351,-227,929,26,-0.5133407662675747,0.8109174826779775
166,1561741200,648,313,-335,961,26,-1.4148172338594134,0.8964178432898234
166,1561755600,703,347,-356,1050,26,-1.5901043247800486,1.1342157212415203
166,1561770000,256,150,-106,406,26,0.49664675760846666,-0.5864790360718816
166,1561784400,35,30,-5,65,26,1.339694194893427,-1.497592253841866
166,1561798800,80,90,10,170,26,1.4648992598367376,-1.2170441955842461
166,1561813200,385,274,-111,659,26,0.45491173596069634,0.08950819001552635
166,1561827600,516,274,-242,790,26,-0.6385458312108857,0.4395252912702711
166,1561842000,483,232,-251,715,26,-0.7136688701768722,0.23913382108625694
166,1561856400,265,135,-130,400,26,0.29631865369916915,-0.6025103536866027
166,1561870800,33,31,-2,64,26,1.364735207882089,-1.5002641401109862
166,1561885200,80,87,7,167,26,1.4398582468480756,-1.2250598543916067
166,1561899600,482,253,-229,735,26,-0.5300347749266829,0.29257154646866074
166,1561914000,599,289,-310,888,26,-1.2061421256205618,0.7013701456440496
166,1561928400,418,181,-237,599,26,-0.5968108095631154,-0.07080498613168501
166,1561942800,202,75,-127,277,26,0.32135966668783134,-0.9311523647883859
166,1561957200,20,10,-10,30,26,1.2979591732456566,-1.5911082732610726
166,1561971600,457,215,-242,672,26,-0.6385458312108857,0.1242427115140888
166,1561986000,509,316,-193,825,26,-0.22954261906273668,0.5330413106894778
166,1562000400,563,332,-231,895,26,-0.546728783585791,0.720073349527891
166,1562014800,651,376,-275,1027,26,-0.9139969740861698,1.072762337051756
166,1562029200,253,108,-145,361,27,0.03554038423728394,-0.4024744213989164
166,1562043600,21,10,-11,31,27,1.1326404128395142,-1.4182798444325107
166,1562058000,474,212,-262,686,27,-0.9223753123780962,0.5979400103765928
166,1562072400,574,330,-244,904,27,-0.7750036667449608,1.2689872292290885
166,1562086800,566,412,-154,978,27,-0.038145438579283764,1.4967738998487428
166,1562101200,655,436,-219,1091,27,-0.5703208255878283,1.8446103022814584
166,1562115600,245,145,-100,390,27,0.40396949832012247,-0.31320667210202485
166,1562130000,23,16,-7,39,27,1.1653896674246553,-1.393654258419575
166,1562139844,132,97,-35,229,27,0.936144885328667,-0.8087965906123541
166,1562144400,282,114,-168,396,27,-0.15276782962727797,-0.29473748259232313
166,1562145416,67,29,-38,96,27,0.9115829443898111,-1.2181969580774086
166,1562158800,489,246,-243,735,27,-0.7668163530986756,0.7487717247058235
166,1562173200,610,348,-262,958,27,-0.9223753123780962,1.4352099348164038
166,1562187600,587,296,-291,883,27,-1.15980740812037,1.2043450659451325
166,1562202000,200,127,-73,327,27,0.6250269667698256,-0.5071331619538928
166,1562216400,25,9,-16,34,27,1.0917038446080878,-1.4090452496776598
166,1562230800,85,69,-16,154,27,1.0917038446080878,-1.0396614594836255
166,1562245200,323,207,-116,530,27,0.27297247997955765,0.1177410831243484
166,1562259600,422,221,-201,643,27,-0.4229491799546929,0.46557748555706396
166,1562274000,388,125,-263,513,27,-0.9305626260243816,0.06541171284686023
166,1562288400,143,111,-32,254,27,0.9607068262675229,-0.7318416343219303
166,1562302800,17,21,4,38,27,1.2554501175337938,-1.3967324566711918
166,1562317200,177,163,-14,340,27,1.1080784719006582,-0.4671165846828724
166,1562331600,359,334,-25,693,27,1.01801802179152,0.6194873981379115
166,1562346000,555,274,-281,829,27,-1.0779342716575169,1.038122360357817
166,1562360400,470,199,-271,669,27,-0.9960611351946639,0.5456106400991048
166,1562374800,241,137,-104,378,27,0.37122024373498125,-0.35014505112142824
166,1562389200,28,20,-8,48,27,1.1572023537783702,-1.3659504741550224
166,1562403600,104,66,-38,170,27,0.9115829443898111,-0.9904102874577543
166,1562418000,315,265,-50,580,27,0.8133351806343875,0.271650995705196
166,1562432400,584,236,-348,820,27,-1.6264842859586321,1.0104185760932645
166,1562446800,647,204,-443,851,27,-2.4042790823557354,1.10584272189339
166,1562461200,198,83,-115,281,27,0.281159793625843,-0.6487302815282726
166,1562475600,21,11,-10,32,27,1.1408277264857996,-1.4152016461808936
166,1562490000,64,54,-10,118,27,1.1408277264857996,-1.1504765965418358
166,1562504400,408,151,-257,559,27,-0.8814387441466698,0.20700883242124002
166,1562518800,579,198,-381,777,27,-1.896665636286047,0.8780560512737355
166,1562533200,493,172,-321,665,27,-1.405426817508929,0.533297847092637
166,1562547600,143,56,-87,199,27,0.5104045757218314,-0.9011425381608626
166,1562562000,18,10,-8,28,27,1.1572023537783702,-1.4275144391873613
166,1562576400,481,198,-283,679,27,-1.0943088989500875,0.5763926226152742
166,1562590800,532,283,-249,815,27,-0.8159402349763873,0.9950275848351797
166,1562605200,516,326,-190,842,27,-0.33288872984555457,1.0781389376288373
166,1562619600,590,404,-186,994,27,-0.3001394752604134,1.546025071874614
166,1562634000,230,91,-139,321,28,0.4256953303021815,-0.7355956465327529
166,1562648400,21,9,-12,30,28,1.480834220558611,-1.558896927844411
166,1562662800,554,228,-326,782,28,-1.1279343742486239,0.5686720190503205
166,1562677200,587,350,-237,937,28,-0.3885063330452994,1.0072001929448462
166,1562691600,580,307,-273,887,28,-0.687600821621925,0.8657394916885476
166,1562706000,574,388,-186,962,28,0.035210859104920236,1.0779305435729956
166,1562720400,199,127,-72,326,28,0.9823434062642348,-0.721449576407123
166,1562734800,19,18,-1,37,28,1.5722242031792464,-1.539092429668529
166,1562749200,539,196,-343,735,28,-1.2691734382986972,0.43569895986939977
166,1562763600,589,279,-310,868,28,-0.9950034904367903,0.8119844252111541
166,1562778000,584,392,-192,976,28,-0.01463822232451737,1.1175395399247592
166,1562792400,631,442,-189,1073,28,0.010286318390201433,1.3919733003619785
166,1562806800,243,99,-144,342,28,0.38415442911098346,-0.6761821520051075
166,1562821200,17,14,-3,31,28,1.5556078427027673,-1.5560677138192849
166,1562835600,521,224,-297,745,28,-0.8869971473396755,0.46399110012065947
166,1562850000,621,323,-298,944,28,-0.8953053275779151,1.027004691120728
166,1562864400,625,340,-285,965,28,-0.7872989844808003,1.0864181856483734
166,1562878800,683,383,-300,1066,28,-0.9119216880543943,1.3721688021860967
166,1562893200,229,105,-124,334,28,0.5503180338757755,-0.6988158642061152
166,1562907600,22,12,-10,34,28,1.49745058103509,-1.547580071743907
166,1562922000,432,209,-223,641,28,-0.272191809709945,0.16975284150755834
166,1562936400,544,323,-221,867,28,-0.2555754492334658,0.8091552111860282
166,1562950800,617,343,-274,960,28,-0.6959090018601647,1.0722721155227435
166,1562965200,618,331,-287,949,28,-0.8039153449572795,1.041150761246358
166,1562979600,263,167,-96,430,28,0.7829470805464843,-0.4272113177940218
166,1562994000,26,15,-11,41,28,1.4891424007968506,-1.5277755735680252
166,1563008400,103,76,-27,179,28,1.3562115169850169,-1.137344038100641
166,1563022800,452,155,-297,607,28,-0.8869971473396755,0.07355956465327529
166,1563037200,564,180,-384,744,28,-1.6098088280665208,0.46116188609553355
166,1563051600,541,153,-388,694,28,-1.6430415490194792,0.3197011848392349
166,1563066000,196,73,-123,269,28,0.5586262141140151,-0.8827147758393035
166,1563080400,22,12,-10,34,28,1.49745058103509,-1.547580071743907
166,1563094800,57,64,7,121,28,1.6386896450851633,-1.3014384515579474
166,1563109200,377,170,-207,547,28,-0.1392609258981114,-0.09619327685428307
166,1563123600,480,159,-321,639,28,-1.0863934730574258,0.1640944134573064
166,1563138000,422,141,-281,563,28,-0.7540662635278419,-0.05092585245226751
166,1563152400,144,61,-83,205,28,0.8909534236435992,-1.0637844734473656
166,1563166800,18,10,-8,28,28,1.5140669415115693,-1.5645553558946628
166,1563181200,500,216,-284,716,28,-0.7789908042425607,0.3819438933920063
166,1563195600,559,302,-257,861,28,-0.5546699378100914,0.7921799270352723
166,1563210000,560,284,-276,844,28,-0.7125253623366439,0.7440832886081308
166,1563224400,633,435,-198,1068,28,-0.06448730375395498,1.3778272302363486
166,1563238800,227,109,-118,336,29,0.3239363735688844,-0.681339658674878
166,1563253200,17,13,-4,30,29,1.3697943348958022,-1.5487569239834003
166,1563267600,519,211,-308,730,29,-1.4191602286426452,0.43553093783348057
166,1563282000,554,345,-209,899,29,-0.5109151569640061,0.9145947216149847
166,1563296400,601,389,-212,990,29,-0.5384377348936619,1.1725521436511792
166,1563310800,683,397,-286,1080,29,-1.2173279904918366,1.427674868741921
166,1563325200,235,146,-89,381,29,0.5899879602222231,-0.5537782961295071
166,1563339600,12,14,2,26,29,1.4248394907551136,-1.560095711765211
166,1563354000,554,215,-339,769,29,-1.703560200582421,0.5460841187061354
166,1563368400,602,287,-315,889,29,-1.4833795771451752,0.8862477521604578
166,1563382800,588,406,-182,994,29,-0.26321195559710453,1.18389093143299
166,1563397200,592,466,-126,1058,29,0.2505428324231358,1.3653115359419619
166,1563411600,218,120,-98,338,29,0.5074202264332559,-0.6756702647839726
166,1563426000,14,12,-2,26,29,1.3881427201822394,-1.560095711765211
166,1563440400,492,241,-251,733,29,-0.8962312479791863,0.4440350286698386
166,1563454800,596,341,-255,937,29,-0.9329280185520606,1.0223132055421866
166,1563469200,601,386,-215,987,29,-0.5659603128233176,1.1640480528148212
166,1563483600,709,421,-288,1130,29,-1.2356763757782736,1.5694097160145553
166,1563498000,261,133,-128,394,29,0.23219444713669862,-0.5169272358386222
166,1563512400,16,11,-5,27,29,1.3606201422525837,-1.5572610148197583
166,1563526800,418,186,-232,604,29,-0.7219215877580334,0.07835912270644203
166,1563541200,560,336,-224,896,29,-0.6485280466122848,0.9060906307786266
166,1563555600,584,382,-202,966,29,-0.44669580846147605,1.1045194169603147
166,1563570000,343,282,-61,625,29,0.8468653542323433,0.13788775856094845
166,1563584400,174,75,-99,249,29,0.49824603379003735,-0.9279582929292618
166,1563598800,20,9,-11,29,29,1.3055749863932722,-1.551591620928853
166,1563613200,106,103,-3,209,29,1.3789685275390207,-1.0413461707473692
166,1563627600,360,245,-115,605,29,0.3514589514985401,0.08119381965189472
166,1563642000,505,232,-273,737,29,-1.098063486129995,0.45537381645164937
166,1563656400,505,199,-306,704,29,-1.400811843356208,0.36182881725171073
166,1563670800,203,112,-91,315,29,0.571639574935786,-0.7408682945293844
166,1563685200,24,16,-8,40,29,1.333097564322928,-1.5204099545288734
166,1563699600,68,66,-2,134,29,1.3881427201822394,-1.2539484416563207
166,1563714000,321,267,-54,588,29,0.9110847027348733,0.03300397157919905
166,1563728400,451,291,-160,742,29,-0.06137971744629584,0.4695473011789128
166,1563742800,447,140,-307,587,29,-1.4099860359994267,0.03016927463374636
166,1563757200,121,64,-57,185,29,0.8835621248052176,-1.1093788974382337
166,1563771600,11,8,-3,19,29,1.3789685275390207,-1.5799385903833798
166,1563786000,489,202,-287,691,29,-1.226502183135055,0.32497775696082576
166,1563800400,536,316,-220,852,29,-0.6118312760394105,0.7813639651787083
166,1563814800,509,317,-192,826,29,-0.3549538820292903,0.7076618445969385
166,1563829200,477,373,-104,850,29,0.4523750705739445,0.775694571287803
166,1563843600,201,72,-129,273,30,0.42291738528712447,-0.9630703828094037
166,1563858000,24,9,-15,33,30,1.3973776551402293,-1.6455612052727606
166,1563872400,493,195,-298,688,30,-1.0216772252845836,0.21706999770015115
166,1563886800,550,333,-217,883,30,-0.32929755986264064,0.7715937909516287
166,1563901200,543,317,-226,860,30,-0.40622863379841206,0.7061884204655571
166,1563915600,555,416,-139,971,30,0.33743841424737847,1.0218404258548597
166,1563930000,261,135,-126,396,30,0.4485610765990483,-0.6132938362969332
166,1563944400,14,12,-2,26,30,1.5085003174918992,-1.6654671875946085
166,1563958800,470,213,-257,683,30,-0.6712134440216247,0.20285143889883123
166,1563973200,602,335,-267,937,30,-0.7566924150613709,0.925154226005884
166,1563987600,575,358,-217,933,30,-0.32929755986264064,0.9137793789648281
166,1564002000,630,488,-142,1118,30,0.3117947229354546,1.439866054613666
166,1564016400,282,182,-100,464,30,0.670806401302388,-0.41992143659898207
166,1564030800,16,7,-9,23,30,1.4486650377640768,-1.6739983228754005
166,1564045200,500,236,-264,736,30,-0.731048723749447,0.35356816219282255
166,1564059600,627,306,-321,933,30,-1.2182788586759994,0.9137793789648281
166,1564074000,587,336,-251,923,30,-0.6199260613977772,0.8853422613621882
166,1564088400,643,476,-167,1119,30,0.09809729533608955,1.44270976637393
166,1564102800,315,193,-122,508,30,0.4827526650149467,-0.2947981191473666
166,1564117200,24,17,-7,41,30,1.4657608319720261,-1.6228115111906487
166,1564131600,400,193,-207,593,30,-0.2438185888228946,-0.05308261952492766
166,1564146000,592,320,-272,912,30,-0.7994319005812438,0.8540614319992844
166,1564160400,635,323,-312,958,30,-1.141347784740228,0.9848721729714278
166,1564174800,600,359,-241,959,30,-0.5344470903580312,0.9877158847316918
166,1564189200,318,142,-176,460,30,0.02116622140031811,-0.431296283640038
166,1564203600,38,30,-8,68,30,1.4572129348680516,-1.5460312936635212
166,1564218000,98,99,1,197,30,1.534144008803823,-1.1791924765894668
166,1564232400,496,236,-260,732,30,-0.6968571353335485,0.3421933151517666
166,1564246800,642,251,-391,893,30,-1.8166316559542217,0.8000309085542686
166,1564261200,632,216,-416,848,30,-2.0303290835535868,0.6720638793423892
166,1564275600,316,89,-227,405,30,-0.4147765309023867,-0.5877004304545573
166,1564290000,18,23,5,41,30,1.5683355972197213,-1.6228115111906487
166,1564304400,73,76,3,149,30,1.5512398030117722,-1.315690641082138
166,1564318800,376,256,-120,632,30,0.4998484592228959,0.05782213912536786
166,1564333200,615,258,-357,873,30,-1.526003154419085,0.7431566733489888
166,1564347600,473,189,-284,662,30,-0.9020066658289391,0.14313349193328748
166,1564362000,148,94,-54,242,30,1.0640096680852198,-1.0512254473775873
166,1564376400,19,14,-5,33,30,1.4828566261799754,-1.6455612052727606
166,1564390800,484,221,-263,705,30,-0.7225008266454724,0.26541309762463894
166,1564405200,559,307,-252,866,30,-0.6284739585017518,0.7232506910271409
166,1564419600,511,328,-183,839,30,-0.03866905832750411,0.6464704735000133
166,1564434000,638,437,-201,1075,30,-0.19253120619904698,1.3175864489223144
166,1564448400,257,115,-142,372,31,0.48712383622669997,-0.860097069367816
166,1564462800,16,8,-8,24,31,1.652741587197732,-1.8062944776080687
166,1564477200,618,214,-404,832,31,-1.7919198261196463,0.3906236426738973
166,1564491600,762,356,-406,1118,31,-1.8093171059848856,1.1682456505954844
166,1564506000,674,346,-328,1020,31,-1.1308231912405535,0.9017877597692062
166,1564520400,629,427,-202,1056,31,-0.03479455973047857,0.9996702502768186
166,1564534800,252,135,-117,387,31,0.704589834542191,-0.8193126983229775
166,1564549200,16,4,-12,20,31,1.6179470274672534,-1.8171703098866923
166,1564563600,527,212,-315,739,31,-1.0177408721164982,0.13776054219589876
166,1564578000,587,387,-200,974,31,-0.017397279865239285,0.7767156885650349
166,1564592400,595,322,-273,917,31,-0.6523979949464731,0.6217350785946487
166,1564606800,580,441,-139,1021,31,0.5132197560245588,0.9045067178388622
166,1564621200,270,113,-157,383,31,0.35664423723740535,-0.8301885306016011
166,1564635600,14,8,-6,22,31,1.6701388670629713,-1.8117323937473806
166,1564650000,477,222,-255,699,31,-0.49582247615931957,0.029002219409662813
166,1564664400,614,345,-269,959,31,-0.6176034352159946,0.7359313175201965
166,1564678800,609,312,-297,921,31,-0.8611653533293445,0.6326109108732723
166,1564693200,622,458,-164,1080,31,0.2957537577090678,1.0649252439485601
166,1564707600,318,183,-135,501,31,0.5480143157550375,-0.5093514783822051
166,1564722000,23,18,-5,41,31,1.678837506995591,-1.7600721904239185
166,1564736400,401,217,-184,618,31,0.12178095905667499,-0.19123338423246497
166,1564750800,572,382,-190,954,31,0.06958911946095714,0.722336527171917
166,1564765200,566,318,-248,884,31,-0.4349319966309821,0.5320094622960041
166,1564779600,637,341,-296,978,31,-0.852466713396725,0.7875915208436585
166,1565398800,7214,7243,29,14457,32,1.4399954789912968,4.104508127099418
166,1565413200,33,18,-15,51,32,1.026479735930707,-0.38524456389559536
166,1565427600,112,80,-32,192,32,0.8667122897482062,-0.34130071206786405
166,1565442000,414,222,-192,636,32,-0.6369813213812117,-0.20292432758905068
166,1565456400,535,267,-268,802,32,-1.3512357866676852,-0.1511890126712961
166,1565470800,520,304,-216,824,32,-0.8625353630506244,-0.14433252515207565
166,1565485200,240,155,-85,395,32,0.36861378106158654,-0.2780340317768751
166,1565499600,23,18,-5,41,32,1.1204605866262956,-0.3883611491316047
166,1565514000,78,80,2,158,32,1.1862471821132075,-0.3518971018702957
166,1565528400,352,307,-45,659,32,0.744537183843941,-0.19575618154622926
166,1565542800,480,278,-202,758,32,-0.7309621720768003,-0.16490198770973707
166,1565557200,431,174,-257,605,32,-1.2478568509025376,-0.21258574182067955
166,1565571600,177,118,-59,295,32,0.6129639928701169,-0.3091998841369682
166,1565586000,15,9,-6,24,32,1.1110625015567366,-0.3936593440328205
166,1565600400,460,187,-273,647,32,-1.3982262120154796,-0.19949608382944042
166,1565614800,544,282,-262,826,32,-1.294847276250332,-0.14370920810487378
166,1565629200,520,340,-180,860,32,-0.5242043005465054,-0.13311281830244212
166,1565643600,554,384,-170,938,32,-0.4302234498509167,-0.10880345346156949
166,1565658000,234,139,-95,373,33,0.1922286500085308,-0.19709668856915033
166,1565672400,19,9,-10,28,33,0.9203071119579402,-1.0303623981511811
166,1565684002,240,127,-113,367,33,0.038047328654538214,-0.2115882661270987
166,1565686800,273,97,-176,370,33,-0.5015872960844359,-0.2043424773481245
166,1565701200,567,318,-249,885,33,-1.1268782104645167,1.0395179297091097
166,1565715600,580,411,-169,991,33,-0.44162789333566094,1.295535799899531
166,1565730000,569,462,-107,1031,33,0.0894411024392024,1.39214631695252
166,1565744400,239,152,-87,391,33,0.2607536817214164,-0.15362195589530525
166,1565758800,16,9,-7,25,33,0.9460039988502723,-1.0376081869301552
166,1565773200,511,194,-317,705,33,-1.7093409800240442,0.604770602970659
166,1565787600,609,287,-322,896,33,-1.7521691248445976,1.0660858218986817
166,1565802000,564,421,-143,985,33,-0.21892154026878274,1.2810442223415826
166,1565816400,609,459,-150,1068,33,-0.27888094301755767,1.4815110452265348
166,1565830800,235,192,-43,427,33,0.6376413561422871,-0.06667249054761508
166,1565845200,19,8,-11,27,33,0.9117414829938295,-1.032777661077506
166,1565859600,462,195,-267,657,33,-1.2810595318185094,0.4888379825070721
166,1565874000,600,330,-270,930,33,-1.3067564187108414,1.1482047613937225
166,1565888400,589,423,-166,1012,33,-0.4159310064433288,1.3462563213523502
166,1565902800,643,395,-248,1038,33,-1.118312581500406,1.409053157436793
166,1565917200,221,175,-46,396,33,0.611944469249955,-0.1415456412636816
166,1565931600,23,6,-17,29,33,0.8603477092091653,-1.0279471352248564
166,1565946000,397,189,-208,586,33,-0.7756874229359781,0.3173543147380165
166,1565960400,501,329,-172,830,33,-0.467324780227993,0.9066784687612498
166,1565974800,734,371,-363,1105,33,-2.1033599123731364,1.5708757735005496
166,1565989200,671,317,-354,988,33,-2.02626925169614,1.2882900111205566
166,1566003600,185,140,-45,325,33,0.6205100982140658,-0.31302930903273724
166,1566018000,0,1,1,1,33,1.0145290305631578,-1.0955744971619488
166,1566032400,2,2,0,4,33,1.0059634015990473,-1.0883287083829745
166,1566046800,2,3,1,5,33,1.0145290305631578,-1.0859134454566497
166,1566061200,0,0,0,0,33,1.0059634015990473,-1.0979897600882735
166,1566075600,0,0,0,0,33,1.0059634015990473,-1.0979897600882735
166,1566090000,0,0,0,0,33,1.0059634015990473,-1.0979897600882735
166,1566104400,0,0,0,0,33,1.0059634015990473,-1.0979897600882735
166,1566118800,0,0,0,0,33,1.0059634015990473,-1.0979897600882735
166,1566133200,0,0,0,0,33,1.0059634015990473,-1.0979897600882735
166,1566147600,14,3,-11,17,33,0.9117414829938295,-1.0569302903407531
166,1566162000,0,0,0,0,33,1.0059634015990473,-1.0979897600882735
166,1566176400,0,2,2,2,33,1.0230946595272685,-1.093159234235624
166,1566190800,2,3,1,5,33,1.0145290305631578,-1.0859134454566497
166,1566205200,405,191,-214,596,33,-0.8270811967206424,0.34150694400126375
166,1566219600,508,278,-230,786,33,-0.9641312601464136,0.8004069000029619
166,1566234000,498,243,-255,741,33,-1.178271984249181,0.6917200683183492
166,1566248400,558,368,-190,926,33,-0.6215061015819856,1.1385437096884237
166,1566262800,195,91,-104,286,34,0.2051500679305613,-0.3758450211428975
166,1566277200,15,12,-3,27,34,1.1144986449017638,-1.0642508369355288
166,1566291600,458,189,-269,647,34,-1.280419389497641,0.583670420946446
166,1566306000,512,275,-237,787,34,-0.9923089492691409,0.9557816727262467
166,1566320400,533,319,-214,852,34,-0.7852295703549067,1.1285476110525827
166,1566334800,576,390,-186,966,34,-0.5331329351549694,1.431552487501849
166,1566349200,228,119,-109,347,34,0.1601328116448582,-0.21371083286741285
166,1566363600,194,45,-149,239,34,-0.20000523864076655,-0.500768084240402
166,1566378000,463,200,-263,663,34,-1.2263986819547972,0.6261974211498518
166,1566392400,551,311,-240,862,34,-1.0193193030405627,1.1551269861797113
166,1566406800,547,249,-298,796,34,-1.5415194759547188,0.9797031103406625
166,1566421200,537,365,-172,902,34,-0.40708461755500075,1.261444486688226
166,1566435600,232,139,-93,371,34,0.3041880317591081,-0.14992033256230414
166,1566450000,19,7,-12,26,34,1.0334675835874982,-1.0669087744482417
166,1566464400,450,188,-262,638,34,-1.2173952306976565,0.5597489833320302
166,1566478800,552,302,-250,854,34,-1.109353815611969,1.1338634860780086
166,1566493200,573,263,-310,836,34,-1.6495608910404063,1.086020610849177
166,1566507600,564,357,-207,921,34,-0.7222054115549225,1.3119452994297702
166,1566522000,218,118,-100,336,34,0.24116387295912375,-0.24294814550725433
166,1566536400,18,15,-3,33,34,1.1144986449017638,-1.0483032118592517
166,1566550800,366,167,-199,533,34,-0.6501778014977975,0.2806655444971796
166,1566565200,511,309,-202,820,34,-0.6771881552692193,1.043493610645771
166,1566579600,560,335,-225,895,34,-0.8842675341834535,1.242838924099236
166,1566594000,565,292,-273,857,34,-1.3164331945262033,1.1418372986161471
166,1566608400,202,106,-96,308,34,0.2771776779876862,-0.31737039586321447
166,1566622800,0,0,0,0,34,1.1415089986731857,-1.1360151497787763
166,1566637200,0,1,1,1,34,1.1505124499303263,-1.1333572122660633
166,1566651600,4,1,-3,5,34,1.1144986449017638,-1.1227254622152119
166,1566666000,0,2,2,2,34,1.1595159011874667,-1.1306992747533504
166,1566680400,0,0,0,0,34,1.1415089986731857,-1.1360151497787763
166,1566694800,0,0,0,0,34,1.1415089986731857,-1.1360151497787763
166,1566709200,0,1,1,1,34,1.1505124499303263,-1.1333572122660633
166,1566723600,0,0,0,0,34,1.1415089986731857,-1.1360151497787763
166,1566738000,0,5,5,5,34,1.1865262549588886,-1.1227254622152119
166,1566752400,0,0,0,0,34,1.1415089986731857,-1.1360151497787763
166,1566766800,0,0,0,0,34,1.1415089986731857,-1.1360151497787763
166,1566781200,0,0,0,0,34,1.1415089986731857,-1.1360151497787763
166,1566795600,1,3,2,4,34,1.1595159011874667,-1.1253833997279248
166,1566810000,440,156,-284,596,34,-1.4154711583547501,0.44811560779808995
166,1566824400,482,307,-175,789,34,-0.4340949713264226,0.9610975477516724
166,1566838800,512,307,-205,819,34,-0.7041985090406412,1.0408356731330584
166,1566853200,560,367,-193,927,34,-0.5961570939549538,1.3278929245060473
166,1566867600,140,77,-63,217,35,0.5709713704371765,-0.8819892321417541
166,1566882000,14,4,-10,18,35,1.1054466734620523,-1.5007290342435484
166,1566896400,449,206,-243,655,35,-1.2442277719114585,0.47986018152953236
166,1566910800,525,339,-186,864,35,-0.6694147101677241,1.1296924359982512
166,1566925200,512,378,-134,890,35,-0.1450238468225629,1.2105328121522545
166,1566939600,587,357,-230,944,35,-1.1131300560751682,1.378432054933646
166,1566954000,138,65,-73,203,35,0.4701269736400301,-0.9255186654554481
166,1566968400,12,13,1,25,35,1.2163755099389133,-1.4789643175867015
166,1566982800,434,192,-242,626,35,-1.2341433322317439,0.3896920696654517
166,1566997200,547,319,-228,866,35,-1.092961176715739,1.135910926471636
166,1567011600,549,325,-224,874,35,-1.0526234179968803,1.1607848883651755
166,1567026000,563,371,-192,934,35,-0.729921348246012,1.3473396025667217
166,1567040400,151,71,-80,222,35,0.3995358958820276,-0.8664430059582918
166,1567054800,10,7,-3,17,35,1.1760377512200548,-1.503838279480241
166,1567069200,438,193,-245,631,35,-1.2643966512708877,0.4052382958489139
166,1567083600,575,298,-277,873,35,-1.5870987210217562,1.1576756431284831
166,1567098000,563,319,-244,882,35,-1.2543122115911731,1.185658850258715
166,1567112400,594,365,-229,959,35,-1.1030456163954536,1.4250707334840325
166,1567126800,180,90,-90,270,35,0.29869149908488124,-0.717199234597055
166,1567141200,18,18,0,36,35,1.2062910702591987,-1.4447626199830848
166,1567155600,326,189,-137,515,35,-0.1752771658617068,0.044565848392591506
166,1567170000,493,318,-175,811,35,-0.5584858736908631,0.9649024384535522
166,1567184400,595,346,-249,941,35,-1.3047344099897464,1.3691043192235686
166,1567198800,544,228,-316,772,35,-1.9803918685306272,0.8436418742225472
166,1567213200,215,100,-115,315,35,0.04658050709201525,-0.5772831989458954
166,1567227600,20,17,-3,37,35,1.1760377512200548,-1.4416533747463922
166,1567242000,84,67,-17,151,35,1.03485559570405,-1.0871994177634547
166,1567256400,317,249,-68,566,35,0.5205491720386033,0.20313735546390568
166,1567270800,385,271,-114,656,35,0.05666494677172989,0.4829694267662248
166,1567285200,397,174,-223,571,35,-1.0425389783171657,0.21868358164736784
166,1567299600,200,127,-73,327,35,0.4701269736400301,-0.5399722561055862
166,1567314000,33,13,-20,46,35,1.0046022766649059,-1.4136701676161603
166,1567328400,52,61,9,113,35,1.2970510273766305,-1.2053507367577672
166,1567342800,325,302,-23,627,35,0.974348957625762,0.3928013149021442
166,1567357200,364,298,-66,662,35,0.5407180513980325,0.5016248981863795
166,1567371600,429,238,-191,667,35,-0.7198369085662973,0.5171711243698416
166,1567386000,190,102,-88,292,35,0.3188603784443105,-0.6487958393898214
166,1567400400,22,7,-15,29,35,1.0550244750634792,-1.4665273366399318
166,1567414800,58,98,40,156,35,1.6096686574477843,-1.0716531915799925
166,1567429200,277,296,19,573,35,1.3978954241737769,0.22490207212075272
166,1567443600,352,314,-38,666,35,0.8230823624300424,0.5140618791331492
166,1567458000,349,180,-169,529,35,-0.49797923561257523,0.08809528170628558
166,1567472400,174,67,-107,241,36,0.29467184142963826,-1.0277808026761008
166,1567486800,14,17,3,31,36,1.3674723988803303,-1.581708494677519
166,1567501200,536,184,-352,720,36,-2.094747581983267,0.2357018852699913
166,1567515600,502,344,-158,846,36,-0.20271750793386448,0.5680585004708423
166,1567530000,538,379,-159,917,36,-0.21247024027432532,0.7553388153856075
166,1567544400,605,438,-167,1043,36,-0.290492098998012,1.0876954305864583
166,1567558800,192,127,-65,319,36,0.7042865997289934,-0.8220362313612883
166,1567573200,20,10,-10,30,36,1.2406868784543394,-1.5843462455918116
166,1567587600,524,224,-300,748,36,-1.5876055002793035,0.30955891087018045
166,1567602000,538,310,-228,848,36,-0.8854087717661231,0.5733340022994272
166,1567616400,627,383,-244,1010,36,-1.0414524892134964,1.000649650414807
166,1567630800,658,531,-127,1189,36,0.09961719462042148,1.4728070640731588
166,1567645200,234,145,-89,379,36,0.4702210235579333,-0.6637711765037402
166,1567659600,14,13,-1,27,36,1.328461469518487,-1.592259498334689
166,1567674000,510,302,-208,812,36,-0.6903541249569064,0.4783749693848984
166,1567688400,599,241,-358,840,36,-2.153263976026032,0.5522319949850875
166,1567702800,685,415,-270,1100,36,-1.2950235300654782,1.2380472327011292
166,1567717200,671,518,-153,1189,36,-0.15395384623156028,1.4728070640731588
166,1567731600,211,164,-47,375,36,0.8798357818572885,-0.6743221801609101
166,1567746000,18,14,-4,32,36,1.2992032724971045,-1.5790707437632265
166,1567760400,459,312,-147,771,36,-0.09543745218879526,0.3702271818989072
166,1567774800,557,337,-220,894,36,-0.8073869130424364,0.6946705443568807
166,1567789200,687,437,-250,1124,36,-1.0999688832562615,1.3013532546441484
166,1567803600,649,502,-147,1151,36,-0.09543745218879526,1.372572529330045
166,1567818000,233,137,-96,370,36,0.4019518971747075,-0.6875109347323725
166,1567832400,31,22,-9,53,36,1.2504396107948004,-1.5236779745630848
166,1567846800,108,98,-10,206,36,1.2406868784543394,-1.1201020846763372
166,1567861200,388,296,-92,684,36,0.4409628265365508,0.14074285235546247
166,1567875600,484,319,-165,803,36,-0.27098663431709036,0.45463521115626615
166,1567890000,490,290,-200,780,36,-0.6123322662332197,0.3939669401275394
166,1567904400,286,131,-155,417,36,-0.17345931091248196,-0.5635366417606265
166,1567918800,38,35,-3,73,36,1.3089560048375652,-1.4709229562772355
166,1567933200,80,112,32,192,36,1.6503016367536947,-1.1570305974764317
166,1567947600,350,361,11,711,36,1.445494257604017,0.2119621270413591
166,1567962000,469,321,-148,790,36,-0.1051901845292561,0.42034444927046405
166,1567976400,394,242,-152,636,36,-0.14420111389109944,0.01413080846942402
166,1567990800,187,110,-77,297,36,0.5872538116434634,-0.8800667514757226
166,1568005200,13,12,-1,25,36,1.328461469518487,-1.5975350001632738
166,1568019600,539,289,-250,828,36,-1.0999688832562615,0.5205789840135778
166,1568034000,563,300,-263,863,36,-1.2267544036822524,0.6129002660138142
166,1568048400,585,375,-210,960,36,-0.709859589637828,0.8687621047001836
166,1568062800,665,498,-167,1163,36,-0.290492098998012,1.4042255403015547
166,1568077200,189,134,-55,323,37,0.8508744785205526,-0.8036474992399563
166,1568091600,17,10,-7,27,37,1.2785391378816682,-1.5329668444878677
166,1568106000,554,287,-267,841,37,-1.0379777669910406,0.4726613549438886
166,1568120400,604,327,-277,931,37,-1.1270745710246064,0.6944138585665643
166,1568134800,693,376,-317,1069,37,-1.4834617871588693,1.0344343641213338
166,1568149200,726,537,-189,1263,37,-0.34302269552922804,1.512434205263546
166,1568163600,240,152,-88,392,37,0.5568550252097858,-0.6336372464625716
166,1568178000,17,11,-6,28,37,1.2874488182850248,-1.530502927780949
166,1568192400,546,242,-304,788,37,-1.367635941915234,0.34207376947720175
166,1568206800,593,333,-260,926,37,-0.9756100041675447,0.6820942750319713
166,1568221200,672,385,-287,1057,37,-1.2161713750581722,1.0048673636383105
166,1568235600,682,591,-91,1273,37,0.5301259839997161,1.5370733723327323
166,1568250000,222,152,-70,374,37,0.7172292724702041,-0.6779877471871067
166,1568264400,12,11,-1,23,37,1.3319972203018076,-1.5428225113155423
166,1568278800,521,278,-243,799,37,-0.824145437310483,0.36917685325330657
166,1568293200,546,338,-208,884,37,-0.5123066231930029,0.5786097733413893
166,1568307600,661,369,-292,1030,37,-1.260719777074955,0.9383416125515077
166,1568322000,709,553,-156,1262,37,-0.04900324221846115,1.5099702885566275
166,1568336400,237,160,-77,397,37,0.6548615096467081,-0.6213176629279785
166,1568350800,20,10,-10,30,37,1.2518100966715984,-1.5255750943671118
166,1568365200,475,269,-206,744,37,-0.49448726238628976,0.2336614343727825
166,1568379600,584,313,-271,897,37,-1.073616488604467,0.6106406905313313
166,1568394000,692,381,-311,1073,37,-1.43000370473873,1.0442900309490084
166,1568408400,734,522,-212,1256,37,-0.5479453448064292,1.4951867883151158
166,1568422800,227,209,-18,436,37,1.1805326534447458,-0.5252249113581523
166,1568437200,21,24,3,45,37,1.367635941915234,-1.4886163437633326
166,1568451600,107,86,-21,193,37,1.1538036122346762,-1.123956671139377
166,1568466000,380,250,-130,630,37,0.18264844826880974,-0.047225070215940114
166,1568480400,487,286,-201,773,37,-0.4499388603695069,0.30511501887342246
166,1568494800,525,229,-296,754,37,-1.2963584986883814,0.2583006014419687
166,1568509200,192,153,-39,345,37,0.9934293649742578,-0.7494413316877467
166,1568523600,41,26,-15,67,37,1.2072616946548156,-1.434410176211123
166,1568538000,67,71,4,138,37,1.3765456223185906,-1.259472090019901
166,1568552400,372,289,-83,661,37,0.6014034272265687,0.029156347698537092
166,1568566800,486,275,-211,761,37,-0.5390356644030726,0.27554801839039905
166,1568581200,379,243,-136,622,37,0.1291903658486703,-0.06693640387128907
166,1568595600,121,90,-31,211,37,1.0647068082011104,-1.0796061704148416
166,1568610000,12,11,-1,23,37,1.3319972203018076,-1.5428225113155423
166,1568624400,558,280,-278,838,37,-1.135984251427963,0.46526960482313273
166,1568638800,552,258,-294,810,37,-1.2785391378816682,0.3962799370294114
166,1568653200,603,373,-230,976,37,-0.7083195920668475,0.8052901103779022
166,1568667600,717,578,-139,1295,37,0.10246132463860058,1.591279539884942
166,1568682000,199,119,-80,318,38,0.5497352190068494,-0.7901557304843866
166,1568696400,15,14,-1,29,38,1.1705730190969534,-1.4843443709461326
166,1568710800,562,287,-275,849,38,-0.9827125153927747,0.4853258199833891
166,1568725200,558,313,-245,871,38,-0.7469513254851402,0.5381706299839373
166,1568739600,630,345,-285,975,38,-1.0612995786953194,0.7879824590774376
166,1568754000,687,543,-144,1230,38,0.04677801387056248,1.4005018477201547
166,1568768400,209,157,-52,366,38,0.7697789962539748,-0.6748579632104633
166,1568782800,19,14,-5,33,38,1.1391381937759355,-1.4747362236733057
166,1568797200,539,291,-248,830,38,-0.7705274444759037,0.43968712043746117
166,1568811600,590,287,-303,877,38,-1.2027562926399002,0.5525828508931776
166,1568826000,673,348,-325,1021,38,-1.3756478319054988,0.8984761527149473
166,1568840400,700,611,-89,1311,38,0.479006862034559,1.5950668299949
166,1568854800,207,164,-43,371,38,0.8405073532262652,-0.6628477791194296
166,1568869200,16,10,-6,26,38,1.131279487445681,-1.4915504814007527
166,1568883600,548,262,-286,810,38,-1.069158285025574,0.39164638407332647
166,1568898000,742,278,-464,1020,38,-2.468008011810872,0.8960741158967406
166,1568912400,711,314,-397,1025,38,-1.9414746876838216,0.9080842999877742
166,1568926800,809,586,-223,1395,38,-0.5740597862195417,1.7968379227242657
166,1568941200,245,206,-39,451,38,0.8719421785472832,-0.47068483366289093
166,1568955600,22,9,-13,31,38,1.0762685431338996,-1.4795402973097191
166,1568970000,472,276,-196,748,38,-0.3618747153026706,0.24272010134450897
166,1568984400,566,367,-199,933,38,-0.3854508342934341,0.6870969127127547
166,1568998800,702,388,-314,1090,38,-1.2892020622726996,1.0642166931712118
166,1569013200,682,563,-119,1245,38,0.24324567212692455,1.4365323999932555
166,1569027600,252,179,-73,431,38,0.6047461633186307,-0.5187255700270256
166,1569042000,37,17,-20,54,38,1.0212575988221182,-1.4242934504909643
166,1569056400,79,83,4,162,38,1.2098665507482258,-1.164873474124637
166,1569070800,246,229,-17,475,38,1.0448337178128817,-0.41303595002592935
166,1569085200,477,297,-180,774,38,-0.2361354140185989,0.3051730586178841
166,1569099600,452,223,-229,675,38,-0.6212120242010685,0.06737141361541742
166,1569114000,222,126,-96,348,38,0.4239959177227776,-0.7180946259381845
166,1569128400,30,63,33,93,38,1.4377690343256058,-1.3306140145809016
166,1569142800,57,76,19,133,38,1.327747145702043,-1.2345325418526323
166,1569157200,246,236,-10,482,38,1.0998446621246631,-0.3962216922984822
166,1569171600,471,269,-202,740,38,-0.4090269532841975,0.2235038067988551
166,1569186000,440,180,-260,620,38,-0.8648319204389575,-0.06474061138595294
166,1569200400,140,89,-51,229,38,0.7776377025842294,-1.0039370073047857
166,1569214800,15,10,-5,25,38,1.1391381937759355,-1.4939525182189595
166,1569229200,540,263,-277,803,38,-0.9984299280532837,0.3748321263458793
166,1569243600,510,316,-194,826,38,-0.34615730264216166,0.4300789731646342
166,1569258000,647,384,-263,1031,38,-0.8884080394297209,0.9224965208970146
166,1569272400,771,645,-126,1416,38,0.18823472781514317,1.847280695906607
166,1569286800,688,393,-295,1081,39,-1.3094288020753337,1.0474271933202532
166,1569301200,21,6,-15,27,39,1.1973077618846084,-1.5664465872705897
166,1569315600,567,288,-279,855,39,-1.1661867127061942,0.4869571037438485
166,1569330000,558,307,-251,865,39,-0.9155130563102,0.5117566652295301
166,1569344400,690,411,-279,1101,39,-1.1661867127061942,1.0970263162916163
166,1569358800,705,620,-85,1325,39,0.5706236208946229,1.6525364935708846
166,1569373200,259,156,-103,415,39,0.4094762703543409,-0.6042236016261429
166,1569387600,19,9,-10,28,39,1.2420709148124647,-1.5639666311220217
166,1569402000,555,282,-273,837,39,-1.1124709291927668,0.44231789306962155
166,1569416400,595,326,-269,921,39,-1.076660406850482,0.6506342095493471
166,1569430800,623,393,-230,1016,39,-0.7275078140132043,0.8862300436633226
166,1569445200,710,603,-107,1313,39,0.37366574801205604,1.6227770197880667
166,1569459600,246,140,-106,386,39,0.38261837859762726,-0.6761423299346195
166,1569474000,22,15,-7,37,39,1.2689288065691782,-1.5416470257849082
166,1569488400,590,242,-348,832,39,-1.7839182231106085,0.4299181123267808
166,1569502800,622,304,-318,926,39,-1.5153393055434718,0.663033990292188
166,1569517200,642,386,-256,1028,39,-0.9602762092380561,0.9159895174461405
166,1569531600,689,537,-152,1226,39,-0.029202628338648964,1.4070208348626367
166,1569546000,297,165,-132,462,39,0.1498499833727755,-0.48766566264343925
166,1569560400,20,17,-3,37,39,1.3047393289114633,-1.5416470257849082
166,1569574800,481,315,-166,796,39,-0.15453945653664608,0.3406396909783269
166,1569589200,601,344,-257,945,39,-0.9692288398236273,0.7101531571149831
166,1569603600,714,441,-273,1155,39,-1.1124709291927668,1.2309439483142972
166,1569618000,725,508,-217,1233,39,-0.6111236164007784,1.4243805279026138
166,1569632400,210,195,-15,405,39,1.1973077618846084,-0.6290231631118245
166,1569646800,41,14,-27,55,39,1.0898761948577538,-1.4970078151106812
166,1569661200,73,87,14,160,39,1.456934048866174,-1.2366124195110242
166,1569675600,253,259,6,512,39,1.3853130041816042,-0.36366785521503114
166,1569690000,459,382,-77,841,39,0.6422446655791927,0.4522377176638942
166,1569704400,468,254,-214,722,39,-0.5842657246440648,0.15712293598428292
166,1569718800,286,149,-137,435,39,0.10508683044491937,-0.5546244786547796
166,1569733200,32,24,-8,56,39,1.259976175983607,-1.4945278589621132
166,1569747600,50,71,21,121,39,1.5196024629651725,-1.3333307093051825
166,1569762000,304,262,-42,566,39,0.9555867360741855,-0.22975022319235036
166,1569776400,638,325,-313,963,39,-1.4705761526156158,0.75479236778921
166,1569790800,419,178,-241,597,39,-0.8259867504544878,-0.15287158258673733
166,1569805200,153,61,-92,214,39,0.5079552067956243,-1.1026947874883435
166,1569819600,12,10,-2,22,39,1.3136919594970344,-1.5788463680134306
166,1569834000,392,196,-196,588,39,-0.4231183741037827,-0.1751911879238508
166,1569848400,461,286,-175,747,39,-0.23511313180678708,0.21912183969848698
166,1569862800,518,308,-210,826,39,-0.5484552023017799,0.4150383754353718
166,1569877200,547,439,-108,986,39,0.3647131174264848,0.8118313592062777
166,1569891600,187,91,-96,278,40,0.49526271764396834,-0.9049833832471444
166,1569906000,13,9,-4,22,40,1.420199953495246,-1.517920790281683
166,1569920400,458,225,-233,683,40,-0.8820894705258692,0.06470274897546512
166,1569934800,525,334,-191,859,40,-0.45983551502854675,0.48609721631171027
166,1569949200,532,386,-146,918,40,-0.007420562709986986,0.6273601343392016
166,1569963600,614,538,-76,1152,40,0.6963360297855504,1.1876232329567094
166,1569978000,185,135,-50,320,40,0.9577313355696072,-0.8044233399055405
166,1569992400,20,16,-4,36,40,1.420199953495246,-1.4844007758344815
166,1570006800,537,297,-240,834,40,-0.952465129775423,0.4262400476559936
166,1570021200,587,318,-269,905,40,-1.244021432380717,0.5962344066382289
166,1570035600,652,417,-235,1069,40,-0.9021968017400275,0.98889743301973
166,1570050000,718,638,-80,1356,40,0.656121367357234,1.676057729187357
166,1570064400,217,137,-80,354,40,0.656121367357234,-0.7230175905337659
166,1570078800,16,10,-6,26,40,1.4000926222810879,-1.508343643296768
166,1570093200,525,299,-226,824,40,-0.8117138112763155,0.40229718019370697
166,1570107600,629,358,-271,987,40,-1.2641287635948752,0.7925659198289795
166,1570122000,712,380,-332,1092,40,-1.8774023656267007,1.0439660281829894
166,1570136400,783,584,-199,1367,40,-0.5402648398851796,1.7023948833958724
166,1570150800,239,176,-63,415,40,0.8270336826775788,-0.5769660990138172
166,1570165200,15,14,-1,29,40,1.4503609503164834,-1.5011607830580822
166,1570179600,474,280,-194,754,40,-0.4899965118497841,0.23469710795770038
166,1570194000,601,340,-261,941,40,-1.1635921075240843,0.6824287295024608
166,1570208400,687,440,-247,1127,40,-1.0228407890249767,1.1277660643009926
166,1570222800,726,557,-169,1283,40,-0.23865487167280644,1.5012747967126645
166,1570237200,282,163,-119,445,40,0.26402840868114885,-0.5051374966269573
166,1570251600,37,19,-18,56,40,1.2794486349961387,-1.4365150409099081
166,1570266000,90,81,-9,171,40,1.3699316254598506,-1.1611720650936117
166,1570280400,454,224,-230,678,40,-0.8519284737046319,0.052731315244321786
166,1570294800,536,317,-219,853,40,-0.7413381520267618,0.47173149583433827
166,1570309200,540,266,-274,806,40,-1.2942897604161125,0.35920001876159097
166,1570323600,249,151,-98,400,40,0.4751553864298101,-0.6128804002072472
166,1570338000,30,27,-3,57,40,1.4302536191023252,-1.4341207541636796
166,1570352400,65,70,5,135,40,1.510682943958958,-1.2473663879578436
166,1570366800,353,195,-158,548,40,-0.12806454999493627,-0.2585259617654047
166,1570381200,514,270,-244,784,40,-0.9926797922037394,0.30652571034456033
166,1570395600,408,258,-150,666,40,-0.047635225138303414,0.0239998742895778
166,1570410000,138,77,-61,215,40,0.847141013891737,-1.0558234482595503
166,1570424400,13,9,-4,22,40,1.420199953495246,-1.517920790281683
166,1570438800,536,324,-212,860,40,-0.670962492777208,0.4884915030579389
166,1570453200,572,315,-257,887,40,-1.1233774450957679,0.5531372452061128
166,1570467600,628,378,-250,1006,40,-1.053001785846214,0.8380573680073241
166,1570482000,729,602,-127,1331,40,0.18359908382451604,1.6162005605316405
166,1570496400,211,152,-59,363,41,0.6871733315484362,-0.6668880482245803
166,1570510800,13,14,1,27,41,1.3032091890731814,-1.5197311960764406
166,1570525200,558,304,-254,862,41,-1.3149432054069858,0.5996855552816052
166,1570539600,575,319,-256,894,41,-1.3354777339911441,0.6809087122198776
166,1570554000,661,389,-272,1050,41,-1.4997539626644094,1.0768716022939555
166,1570568400,707,514,-193,1221,41,-0.6886400835901617,1.5109078471828488
166,1570582800,224,145,-79,369,41,0.4818280457068544,-0.6516587062986542
166,1570597200,18,25,7,43,41,1.364812774825656,-1.4791196176073043
166,1570611600,427,199,-228,626,41,-1.0479943338129298,0.0006647728618461169
166,1570626000,524,318,-206,842,41,-0.8221145193871898,0.5489210821951849
166,1570640400,550,351,-199,901,41,-0.7502436693426362,0.6986762778001246
166,1570654800,643,525,-118,1168,41,0.08140473831576993,1.376381993503835
166,1570669200,243,165,-78,408,41,0.4920953099989335,-0.5526679837801347
166,1570683600,17,13,-4,30,41,1.251872867612786,-1.5121165251134774
166,1570698000,538,295,-243,833,41,-1.202003298194116,0.5260770693062957
166,1570712400,584,329,-255,913,41,-1.325210469699065,0.7291349616519768
166,1570726800,663,362,-301,1025,41,-1.797504627134703,1.0134160109359303
166,1570741200,700,680,-20,1380,41,1.0875966389395206,1.9144854082198897
166,1570755600,262,163,-99,425,41,0.2764827598652726,-0.5095181816566774
166,1570770000,29,17,-12,46,41,1.1697347532761533,-1.4715049466443413
166,1570784400,448,277,-171,725,41,-0.46276026916442176,0.2519489146396264
166,1570798800,623,454,-169,1077,41,-0.44222574058026354,1.145403640960623
166,1570813200,705,404,-301,1109,41,-1.797504627134703,1.2266267978988952
166,1570827600,690,581,-109,1271,41,0.17381011694448173,1.6378190298988993
166,1570842000,241,194,-47,435,41,0.8103805030533852,-0.4841359451134673
166,1570856400,30,22,-8,52,41,1.2108038104444696,-1.456275604718415
166,1570870800,54,81,27,135,41,1.5701580606672378,-1.2456030414097712
166,1570885200,316,217,-99,533,41,0.2764827598652726,-0.23539002699000808
166,1570899600,452,300,-152,752,41,-0.26768224761491904,0.3204809533062937
166,1570914000,481,265,-216,746,41,-0.9247871623079807,0.30525161138036766
166,1570928400,215,157,-58,372,41,0.6974405958405152,-0.6440440353356911
166,1570942800,29,26,-3,55,41,1.262140131904865,-1.4486609337554521
166,1570957200,54,57,3,111,41,1.3237437176573397,-1.3065204091134754
166,1570971600,258,203,-55,461,41,0.7282423887167525,-0.418142130101121
166,1570986000,486,269,-217,755,41,-0.9350544266000598,0.32809562426925676
166,1571000400,425,236,-189,661,41,-0.6475710264218453,0.08950260076308156
166,1571014800,170,123,-47,293,41,0.8103805030533852,-0.8445637040270512
166,1571029200,19,19,0,38,41,1.2929419247811023,-1.4918107358789094
166,1571043600,374,152,-222,526,41,-0.9863907480604552,-0.25315759257025516
166,1571058000,474,326,-148,800,41,-0.22661319044660272,0.44231568871370236
166,1571072400,492,366,-126,858,41,-0.0007333760208627711,0.5895326606643211
166,1571086800,602,488,-114,1090,41,0.12247379548408628,1.178400548466796
166,1571101200,174,125,-49,299,42,0.8693201862322818,-0.8753376740634577
166,1571115600,17,17,0,34,42,1.3095418750280583,-1.4999375145767468
166,1571130000,538,233,-305,771,42,-1.430613534823204,0.23715713620926857
166,1571144400,547,309,-238,856,42,-0.8286777562657136,0.43750048127956886
166,1571158800,646,373,-273,1019,42,-1.1431218196912682,0.8216883077084977
166,1571173200,744,612,-132,1356,42,0.12363855010882352,1.6159907463989822
166,1571187600,230,187,-43,417,42,0.9232248828195198,-0.5972139714952761
166,1571202000,14,11,-3,25,42,1.2825895267344394,-1.5211503393488963
166,1571216400,524,258,-266,782,42,-1.0802330070061572,0.2630839220418957
166,1571230800,629,341,-288,970,42,-1.277883561159363,0.7061962617267951
166,1571245200,683,422,-261,1105,42,-1.0353124265167923,1.0243886333090368
166,1571259600,689,684,-5,1373,42,1.2646212945386934,1.6560594154130424
166,1571274000,197,219,22,416,42,1.5071924291812642,-0.599570952025515
166,1571288400,16,13,-3,29,42,1.2825895267344394,-1.5117224172279409
166,1571302800,550,263,-287,813,42,-1.26889944506149,0.33615031847929927
166,1571317200,623,311,-312,934,42,-1.493502347508315,0.6213449626381974
166,1571331600,681,441,-240,1122,42,-0.8466459884614596,1.0644573023230968
166,1571346000,813,625,-188,1438,42,-0.37947195137206396,1.809263149878566
166,1571360400,256,214,-42,470,42,0.9322089989173927,-0.47229400339261834
166,1571374800,20,14,-6,34,42,1.2556371784408205,-1.4999375145767468
166,1571389200,461,232,-229,693,42,-0.7478207113848566,0.053312654850640066
166,1571403600,568,292,-276,860,42,-1.1700741679848872,0.44692840340052414
166,1571418000,686,429,-257,1115,42,-0.9993759621253004,1.047958438611425
166,1571432400,739,573,-166,1312,42,-0.18182139721885818,1.5122836030684739
166,1571446800,315,190,-125,505,42,0.18652736279393445,-0.38979968483425936
166,1571461200,37,23,-14,60,42,1.1837642496578364,-1.4386560207905374
166,1571475600,95,90,-5,185,42,1.2646212945386934,-1.144033454510684
166,1571490000,339,255,-84,594,42,0.5548761228067272,-0.18002841764300379
166,1571504400,485,321,-164,806,42,-0.1638531650231122,0.3196514547676275
166,1571518800,487,268,-219,755,42,-0.6579795504061268,0.19944544772544734
166,1571533200,264,144,-120,408,42,0.23144794328329943,-0.6184267962674256
166,1571547600,43,29,-14,72,42,1.1837642496578364,-1.4103722544276713
166,1571562000,75,60,-15,135,42,1.1747801335599635,-1.2618824810226252
166,1571576400,302,250,-52,552,42,0.8423678379386629,-0.27902159991303455
166,1571590800,603,377,-226,980,42,-0.7208683630912377,0.7297660670291833
166,1571605200,467,223,-244,690,42,-0.8825824528529514,0.046241713259923586
166,1571619600,163,82,-81,245,42,0.5818284711003461,-1.0026146226963544
166,1571634000,11,6,-5,17,42,1.2646212945386934,-1.540006183590807
166,1571648400,510,256,-254,766,42,-0.9724236138316814,0.22537223355807443
166,1571662800,557,264,-293,821,42,-1.3228041416487282,0.3550061627212099
166,1571677200,593,404,-189,997,42,-0.388456067469937,0.7698347360432435
166,1571691600,748,577,-171,1325,42,-0.22674197770822313,1.5429243499615786
166,1571706000,213,142,-71,355,43,0.5814428327993407,-0.7584001344779645
166,1571720400,16,11,-5,27,43,1.1434231439987037,-1.5413527912951437
166,1571734800,528,242,-286,770,43,-1.2492506051985839,0.23222594045840564
166,1571749200,551,330,-221,881,43,-0.6957851471992113,0.49718857736909744
166,1571763600,635,408,-227,1043,43,-0.7468742663991533,0.8838908042117286
166,1571778000,722,617,-105,1339,43,0.29193782399966894,1.5904578359735733
166,1571792400,202,205,3,407,43,1.2115419695986265,-0.6342734937630459
166,1571806800,15,9,-6,24,43,1.1349082907987134,-1.5485139436440813
166,1571821200,561,272,-289,833,43,-1.274795164798555,0.3826101397860956
166,1571835600,608,281,-327,889,43,-1.598359586398188,0.5162849836329311
166,1571850000,647,386,-261,1033,43,-1.0363792751988252,0.8600202963819366
166,1571864400,776,689,-87,1465,43,0.4452051815994952,1.8912262346289532
166,1571878800,238,177,-61,415,43,0.6665913647992442,-0.6151770874992122
166,1571893200,12,13,1,25,43,1.1945122631986458,-1.5461268928611023
166,1571907600,563,263,-300,826,43,-1.3684585499984487,0.36590078430524114
166,1571922000,653,330,-323,983,43,-1.5643001735982267,0.7406677572329763
166,1571936400,642,383,-259,1025,43,-1.0193495687988445,0.840923890118103
166,1571950800,707,595,-112,1302,43,0.23233385159973655,1.5021369570033427
166,1571965200,248,206,-42,454,43,0.8283735755990608,-0.5220821069630232
166,1571979600,23,12,-11,35,43,1.0923340247987616,-1.5222563850313102
166,1571994000,490,258,-232,748,43,-0.7894485323991051,0.17971082323286314
166,1572008400,596,315,-281,911,43,-1.2066763391986322,0.5688001008584735
166,1572022800,695,409,-286,1104,43,-1.2492506051985839,1.0295009019734602
166,1572037200,712,529,-183,1241,43,-0.3722207255995781,1.3565268592416113
166,1572051600,273,217,-56,490,43,0.7091656307991959,-0.4361482787757718
166,1572066000,26,29,3,55,43,1.2115419695986265,-1.4745153693717261
166,1572080400,100,87,-13,187,43,1.075304318398781,-1.159424666018471
166,1572094800,419,328,-91,747,43,0.4111457687995338,0.17732377244988393
166,1572109200,505,369,-136,874,43,0.027977374799968212,0.480479221888243
166,1572123600,560,282,-278,842,43,-1.1811317795986611,0.4040935968329084
166,1572138000,256,171,-85,427,43,0.4622348879994759,-0.5865324781034618
166,1572152400,33,22,-11,55,43,1.0923340247987616,-1.4745153693717261
166,1572166800,48,89,41,137,43,1.5351063911982596,-1.278777205167431
166,1572181200,323,356,33,679,43,1.4669875655983369,0.015004319207297978
166,1572195600,443,291,-152,734,43,-0.10826027639987733,0.14629211227115427
166,1572210000,392,191,-201,583,43,-0.5254880831994043,-0.21415255595870572
166,1572224400,150,95,-55,245,43,0.7176804839991863,-1.020975720605677
166,1572238800,14,13,-1,27,43,1.177482556798665,-1.5413527912951437
166,1572253200,531,253,-278,784,43,-1.1811317795986611,0.2656446514201145
166,1572267600,555,294,-261,849,43,-1.0363792751988252,0.42080295231376286
166,1572282000,632,375,-257,1007,43,-1.0023198623988638,0.7979569760244772
166,1572296400,739,658,-81,1397,43,0.49629430079943726,1.7289067813863672
166,1572310800,211,163,-48,374,44,0.7662876666520112,-0.754791682925661
166,1572325200,16,13,-3,29,44,1.0666991352212503,-1.5257038902699076
166,1572339600,560,300,-260,860,44,-0.648984140829737,0.33118899176797334
166,1572354000,637,324,-313,961,44,-1.0028020927001742,0.556876333628173
166,1572368400,671,397,-274,1068,44,-0.7424454866068336,0.795970844311751
166,1572382800,762,649,-113,1411,44,0.33235998982977705,1.5624139953815381
166,1572397200,224,187,-37,411,44,0.8397215811911585,-0.6721141418481621
166,1572411600,13,19,6,32,44,1.126781428935098,-1.5190003058582184
166,1572426000,564,209,-355,773,44,-1.2831861300314638,0.1367850438289894
166,1572440400,581,344,-237,925,44,-0.49544050133879264,0.47643332068790384
166,1572454800,657,404,-253,1061,44,-0.6022534679411887,0.7803291473511431
166,1572469200,743,599,-144,1342,44,0.12540986703763465,1.4082315539126888
166,1572483600,259,158,-101,417,44,0.4124697147815741,-0.6587069730247839
166,1572498000,13,16,3,29,44,1.1067539976971488,-1.5257038902699076
166,1572512400,503,286,-217,789,44,-0.36192429308579754,0.1725374940246646
166,1572526800,607,316,-291,923,44,-0.8559342636218794,0.4719642644134444
166,1572541200,662,419,-243,1081,44,-0.5354953638146912,0.825019710095737
166,1572555600,671,551,-120,1222,44,0.2856293169412288,1.1400881774451248
166,1572570000,233,189,-44,422,44,0.7929909083026102,-0.6475343323386353
166,1572584400,25,14,-11,39,44,1.0132926519200522,-1.5033586088976105
166,1572598800,451,269,-182,720,44,-0.1282709286430561,0.018355052555815286
166,1572613200,625,334,-291,959,44,-0.8559342636218794,0.5524072773537136
166,1572627600,661,439,-222,1100,44,-0.3953033451490463,0.8674757447031014
166,1572642000,742,608,-134,1350,44,0.1921679711641322,1.4261077790105265
166,1572656400,257,181,-76,438,44,0.579364975097818,-0.6117818821429601
166,1572670800,28,33,5,61,44,1.1201056185224483,-1.4541989898785572
166,1572685200,119,110,-9,229,44,1.0266442727453517,-1.0787982628239676
166,1572699600,505,325,-180,830,44,-0.11491930781775657,0.26415314765108233
166,1572714000,575,361,-214,936,44,-0.34189686184784823,0.5010131301974305
166,1572728400,618,330,-288,948,44,-0.8359068323839302,0.527827467844187
166,1572742800,246,157,-89,403,44,0.4925794397333712,-0.6899903669459997
166,1572753600,23,43,20,66,44,1.2202427747121947,-1.4430263491924087
166,1572768000,92,56,-36,148,44,0.8463973916038082,-1.2597950419395731
166,1572782400,330,303,-27,633,44,0.9064796853176561,-0.17604889538316865
166,1572796800,758,339,-419,1097,44,-1.710437996441048,0.8607721602914122
166,1572811200,1067,342,-725,1409,44,-3.7532359827118738,1.5579449391070788
166,1572825600,204,142,-62,346,44,0.6728263208749146,-0.8173584707680926
166,1572840000,31,18,-13,49,44,0.9999410310947526,-1.4810133275253137
166,1572854400,237,155,-82,392,44,0.5393101126219195,-0.7145701764555263
166,1572868800,790,372,-418,1162,44,-1.7037621860283985,1.0060164892113428
166,1572883200,601,372,-229,973,44,-0.44203401803759457,0.5836906712749295
166,1572897600,794,683,-111,1477,44,0.34571161065507655,1.7098928524386983
166,1572912000,301,269,-32,570,45,0.838886628717391,-0.22860929201524022
166,1572926400,34,19,-15,53,45,0.9647460640828495,-1.390327561806705
166,1572940800,229,151,-78,380,45,0.49832580361085604,-0.6555463737567844
166,1572955200,801,370,-431,1171,45,-2.1151083542719005,1.1218601086514335
166,1572969600,556,336,-220,892,45,-0.5529706565006212,0.49493670967306086
166,1572984000,806,634,-172,1440,45,-0.19760283899814998,1.726313134906567
166,1572998400,268,237,-31,505,45,0.846290124915359,-0.3746667147162948
166,1573012800,28,23,-5,51,45,1.038781026062531,-1.3948216363513528
166,1573027200,240,174,-66,414,45,0.5871677579864738,-0.5791471064977711
166,1573041600,869,359,-510,1228,45,-2.6999845539113845,1.2499412331738968
166,1573056000,539,346,-193,885,45,-0.35307625915548113,0.47920744876679344
166,1573070400,836,595,-241,1431,45,-0.7084440766579523,1.7060897994556519
166,1573084800,369,266,-103,635,45,0.3132383986616523,-0.08255186931418566
166,1573099200,33,19,-14,52,45,0.9721495602808176,-1.3925745990790288
166,1573113600,235,140,-95,375,45,0.3724663682453975,-0.666781560118404
166,1573128000,787,365,-422,1152,45,-2.048476888490187,1.0791664004772792
166,1573142400,531,360,-171,891,45,-0.19019934280018183,0.4926896724007369
166,1573156800,876,618,-258,1494,45,-0.8343035120234108,1.8476531476120586
166,1573171200,358,251,-107,609,45,0.2836244138697797,-0.14097483839460748
166,1573185600,48,25,-23,73,45,0.9055180944991043,-1.3453868163602267
166,1573200000,166,143,-23,309,45,0.9055180944991043,-0.8150860200917824
166,1573214400,706,389,-317,1095,45,-1.2711097877035316,0.9510852759548158
166,1573228800,620,389,-231,1009,45,-0.6344091146782708,0.757840070534959
166,1573243200,896,592,-304,1488,45,-1.1748643371299456,1.834170923978115
166,1573257600,326,250,-76,576,45,0.5131327960067923,-0.21512706838129672
166,1573272000,53,48,-5,101,45,1.038781026062531,-1.282469772735157
166,1573286400,44,61,17,105,45,1.2016579424178302,-1.2734816236458613
166,1573300800,345,264,-81,609,45,0.4761153150169516,-0.14097483839460748
166,1573315200,530,348,-182,878,45,-0.27163780097783147,0.463478187860526
166,1573329600,676,309,-367,985,45,-1.641284597601939,0.7039111759991851
166,1573344000,356,240,-116,596,45,0.21699294808806638,-0.1701863229348184
166,1573358400,70,40,-30,110,45,0.8536936211133273,-1.2622464372842417
166,1573372800,31,44,13,75,45,1.1720439576259576,-1.340892741815579
166,1573387200,305,296,-9,601,45,1.0091670412706584,-0.15895113657319881
166,1573401600,538,296,-242,834,45,-0.7158475728559205,0.3646085478782737
166,1573416000,482,242,-240,724,45,-0.7010405804599842,0.11743444792264289
166,1573430400,212,126,-86,338,45,0.43909783402711083,-0.7499219391943889
166,1573444800,32,17,-15,49,45,0.9647460640828495,-1.3993157108960006
166,1573459200,154,132,-22,286,45,0.9129215906970723,-0.8667678773552325
166,1573473600,690,350,-340,1040,45,-1.441390200256799,0.8274982259770005
166,1573488000,495,364,-131,859,45,0.10594050511854414,0.4207844796863716
166,1573502400,687,558,-129,1245,45,0.12074749751448043,1.2881408668034033
166,1573516800,258,200,-58,458,46,0.6836555801128733,-0.463985694756321
166,1573531200,39,23,-16,62,46,0.9597472566969183,-1.3341943184806255
166,1573545600,235,154,-81,389,46,0.5324625191263725,-0.6156129549507073
166,1573560000,831,343,-488,1174,46,-2.142997299199968,1.1094218168260073
166,1573574400,566,329,-237,895,46,-0.4930208510429375,0.49632028647479276
166,1573588800,792,549,-243,1341,46,-0.5324625191263725,1.4764037364269134
166,1573603200,331,253,-78,584,46,0.55218335316809,-0.1871011326622241
166,1573617600,33,19,-14,52,46,0.9728944793913966,-1.3561692837261887
166,1573632000,226,139,-87,365,46,0.4930208510429375,-0.6683528715400592
166,1573646400,871,356,-515,1227,46,-2.320484805575426,1.2258891326274926
166,1573660800,581,316,-265,897,46,-0.6770819687656342,0.5007152795239054
166,1573675200,813,651,-162,1464,46,0.0,1.7466958089473412
166,1573689600,327,310,-17,637,46,0.9531736453496792,-0.07063381686073893
166,1573704000,36,18,-18,54,46,0.94660003400244,-1.351774290677076
166,1573718400,226,148,-78,374,46,0.55218335316809,-0.6485754028190522
166,1573732800,844,364,-480,1208,46,-2.090408408422055,1.1841366986609223
166,1573747200,568,293,-275,861,46,-0.7428180822380258,0.4216054046398777
166,1573761600,883,667,-216,1550,46,-0.354975012750915,1.9356805100591852
166,1573776000,335,288,-47,623,46,0.7559653049325041,-0.10139876820452746
166,1573790400,38,28,-10,66,46,0.9991889247803534,-1.3254043323824
166,1573804800,205,162,-43,367,46,0.7822597503214608,-0.6639578784909465
166,1573819200,781,364,-417,1145,46,-1.6762708935459876,1.0456944176138738
166,1573833600,551,334,-217,885,46,-0.3615486240981542,0.4743453212292295
166,1573848000,879,564,-315,1443,46,-1.0057625361275926,1.7005483819316585
166,1573862400,396,156,-240,552,46,-0.512741685084655,-0.2574210214480265
166,1573876800,55,18,-37,73,46,0.8217014184048959,-1.310021856710506
166,1573891200,46,66,20,112,46,1.1963972651975283,-1.2243194922528091
166,1573905600,383,288,-95,671,46,0.4404319602650242,0.004081064974176102
166,1573920000,511,363,-148,874,46,0.09203055886134834,0.45017285945910995
166,1573934400,690,271,-419,961,46,-1.6894181162404658,0.6413550570955102
166,1573948800,286,118,-168,404,46,-0.039441668083435,-0.5826505070823625
166,1573963200,39,42,3,81,46,1.0846458722944625,-1.2924418845140553
166,1573977600,25,48,23,73,46,1.2161180992392457,-1.310021856710506
166,1573992000,260,258,-2,518,46,1.0517778155582667,-0.3321359032829415
166,1574006400,536,327,-209,863,46,-0.30895973332024085,0.4260003976889904
166,1574020800,457,263,-194,720,46,-0.21035556311165332,0.111758394677436
166,1574035200,163,102,-61,265,46,0.6639347460711559,-0.8881025239956916
166,1574049600,22,15,-7,37,46,1.0189097588220708,-1.3891317315945335
166,1574064000,217,148,-69,365,46,0.6113458552932425,-0.6683528715400592
166,1574078400,777,344,-433,1121,46,-1.7814486751018141,0.9929545010245221
166,1574092800,569,335,-234,904,46,-0.47330001700122,0.5160977551957997
166,1574107200,773,616,-157,1389,46,0.03286805673619583,1.581883569605617
166,1574121600,292,232,-60,524,47,0.6451467567518442,-0.325732991888325
166,1574136000,35,16,-19,51,47,0.9363506139279059,-1.3860331093475193
166,1574150400,212,141,-71,353,47,0.5670188926314373,-0.7090550216674417
166,1574164800,794,344,-450,1138,47,-2.1248411529716695,1.050639676441369
166,1574179200,521,322,-199,843,47,-0.3421053444060237,0.38935313383996883
166,1574193600,813,582,-231,1395,47,-0.569386403665389,1.626743545758521
166,1574208000,309,240,-69,549,47,0.5812239588351477,-0.26969175946447754
166,1574222400,37,23,-14,60,47,0.9718632794371818,-1.3658582656749343
166,1574236800,209,162,-47,371,47,0.7374796870759612,-0.6687053343222715
166,1574251200,803,331,-472,1134,47,-2.281096881212483,1.0416730792535536
166,1574265600,560,311,-249,871,47,-0.6972319994987819,0.452119314154678
166,1574280000,839,648,-191,1487,47,-0.2852850795911824,1.8329752810782798
166,1574294400,302,253,-49,555,47,0.7232746208722509,-0.25624186368275415
166,1574308800,38,23,-15,61,47,0.9647607463353265,-1.3636166163779804
166,1574323200,225,157,-68,382,47,0.5883264919370028,-0.6440471920557787
166,1574337600,818,351,-467,1169,47,-2.2455842157032073,1.12013080464694
166,1574352000,563,303,-260,866,47,-0.7753598636191887,0.4409110676699085
166,1574366400,840,603,-237,1443,47,-0.6120016022765199,1.7343427120123083
166,1574380800,364,329,-35,693,47,0.8227100842982232,0.05310573929688394
166,1574395200,42,30,-12,72,47,0.9860683456408921,-1.3389584741114875
166,1574409600,185,139,-46,324,47,0.7445822201778165,-0.7740628512791048
166,1574424000,755,415,-340,1170,47,-1.3435625117676018,1.1223724539438937
166,1574438400,630,383,-247,1013,47,-0.6830269332950716,0.7704335143221317
166,1574452800,811,583,-228,1394,47,-0.5480788043598235,1.6245018964615672
166,1574467200,318,260,-58,578,47,0.6593518229555545,-0.20468392985281447
166,1574481600,56,47,-9,103,47,1.0073759449464574,-1.2694673459059165
166,1574496000,40,56,16,96,47,1.1849392724928367,-1.285158890984594
166,1574510400,331,229,-102,560,47,0.34684036647392724,-0.24503361719798464
166,1574524800,576,339,-237,915,47,-0.6120016022765199,0.5507518832206495
166,1574539200,645,365,-280,1010,47,-0.917410525656292,0.7637085664312699
166,1574553600,355,225,-130,580,47,0.14796943962198267,-0.20020063125890666
166,1574568000,63,53,-10,116,47,1.0002734118446024,-1.2403259050455158
166,1574582400,24,42,18,66,47,1.199144338696547,-1.3524083698932108
166,1574596800,234,222,-12,456,47,0.9860683456408921,-0.47816514408119015
166,1574611200,529,315,-214,844,47,-0.44864334093385116,0.3915947831369227
166,1574625600,522,255,-267,777,47,-0.8250775953321748,0.24140428024101146
166,1574640000,192,134,-58,326,47,0.6593518229555545,-0.7695795526851971
166,1574654400,22,14,-8,36,47,1.0144784780483127,-1.4196578488018279
166,1574668800,209,137,-72,346,47,0.5599163595295822,-0.724746566746119
166,1574683200,791,334,-457,1125,47,-2.174558884684656,1.0214982355809683
166,1574697600,568,351,-217,919,47,-0.46995094023941664,0.5597184804084652
166,1574712000,751,589,-162,1340,47,-0.0793116196373826,1.5034528344260567
166,1574726400,297,214,-83,511,48,0.326225694927701,-0.13135339980272573
166,1574740800,28,14,-14,42,48,0.8511574350168056,-1.2153078486146611
166,1574755200,188,151,-37,339,48,0.6761801883204374,-0.5288804044842884
166,1574769600,792,371,-421,1163,48,-2.2451790608711013,1.3755512923622675
166,1574784000,575,325,-250,900,48,-0.9442612702154943,0.7677047677619712
166,1574798400,797,549,-248,1346,48,-0.9290458574592884,1.7985015357153253
166,1574812800,291,218,-73,509,48,0.4023027587087306,-0.1359758068339067
166,1574827200,37,18,-19,55,48,0.8131189031262908,-1.1852622029119848
166,1574841600,156,126,-30,282,48,0.7294341329671581,-0.6606190048729458
166,1574856000,679,358,-321,1037,48,-1.4844084230608048,1.084339649397867
166,1574870400,811,503,-308,1314,48,-1.3855082401454664,1.72454302321643
166,1574884800,1107,629,-478,1736,48,-2.6788183244229704,2.6998709067956126
166,1574899200,504,266,-238,770,48,-0.8529687936782587,0.4672483107352087
166,1574913600,56,21,-35,77,48,0.6913956010766433,-1.1344157255689942
166,1574928000,60,104,44,164,48,1.2924044049467776,-0.9333410197126224
166,1574942400,339,208,-131,547,48,-0.03894421122124138,-0.04815007324146843
166,1574956800,340,169,-171,509,48,-0.34325246634536,-0.1359758068339067
166,1574971200,254,166,-88,420,48,0.2881871630371861,-0.34167291972145947
166,1574985600,163,112,-51,275,48,0.5696722990269959,-0.6767974294820791
166,1575000000,17,19,2,36,48,0.9728807370664531,-1.229175069708204
166,1575014400,55,68,13,123,48,1.0565655072255857,-1.0281003638518322
166,1575028800,337,286,-51,623,48,0.5696722990269959,0.1275013939434081
166,1575043200,544,314,-230,858,48,-0.792107142653435,0.670634220107171
166,1575057600,632,322,-310,954,48,-1.4007236529016722,0.8925097576038571
166,1575072000,211,186,-25,397,48,0.767472664857673,-0.3948306005800405
166,1575086400,35,33,-2,68,48,0.9424499115540411,-1.1552165572093085
166,1575100800,37,46,9,83,48,1.0261346817131738,-1.1205485044754513
166,1575115200,295,221,-74,516,48,0.3946950523306277,-0.11979738222477332
166,1575129600,524,312,-212,836,48,-0.6551684278475816,0.6197877427641805
166,1575144000,581,323,-258,904,48,-1.005122921240318,0.776949581824333
166,1575158400,244,200,-44,444,48,0.6229262436737166,-0.2862040353472879
166,1575172800,49,36,-13,85,48,0.8587651413949086,-1.1159260974442704
166,1575187200,31,45,14,76,48,1.0641732136036886,-1.1367269290845847
166,1575201600,244,194,-50,438,48,0.5772800054050988,-0.3000712564408308
166,1575216000,409,294,-115,703,48,0.08277909082840607,0.31239767519064654
166,1575230400,428,277,-151,705,48,-0.19109833878330068,0.3170200822218275
166,1575244800,165,92,-73,257,48,0.4023027587087306,-0.7183990927627077
166,1575259200,22,16,-6,38,48,0.9120190860416293,-1.224552662677023
166,1575273600,227,131,-96,358,48,0.22732551201236242,-0.4849675376880692
166,1575288000,754,340,-414,1094,48,-2.1919251162243802,1.2160782497865243
166,1575302400,526,353,-173,879,48,-0.3584678791015659,0.7191694939345711
166,1575316800,727,651,-76,1378,48,0.3794796395744217,1.8724600482142209
166,1575331200,252,214,-38,466,49,0.799717648530031,-0.5080410321206051
166,1575345600,24,13,-11,37,49,0.9645449501354572,-1.3855221782813665
166,1575360000,228,137,-91,365,49,0.4761677601934535,-0.7146275024288496
166,1575374400,807,323,-484,1130,49,-1.9229851853966393,0.8501116043613193
166,1575388800,548,340,-208,888,49,-0.23808388009672676,0.3551222398603769
166,1575403200,812,625,-187,1437,49,-0.10988486773695082,1.4780526576744981
166,1575417600,291,266,-25,557,49,0.8790789418956065,-0.32190866778347393
166,1575432000,35,19,-16,54,49,0.934021375764082,-1.350750198130474
166,1575446400,228,144,-84,372,49,0.5189007643133788,-0.7003096282490704
166,1575460800,880,342,-538,1222,49,-2.252639788607492,1.0382893792955619
166,1575475200,593,334,-259,927,49,-0.5494243386847542,0.4348932531477189
166,1575489600,842,623,-219,1465,49,-0.3052357437137523,1.5353241543936154
166,1575504000,320,308,-12,628,49,0.9584402352611822,-0.17668451538856939
166,1575518400,26,21,-5,47,49,1.0011732393811075,-1.3650680723102533
166,1575532800,226,143,-83,369,49,0.525005479187654,-0.7064458600404043
166,1575547200,877,381,-496,1258,49,-1.99624176388794,1.1119241607915697
166,1575561600,642,357,-285,999,49,-0.7081469254159053,0.5821628161397348
166,1575576000,918,616,-302,1534,49,-0.811927078278581,1.6764574855942973
166,1575590400,300,286,-14,586,49,0.9462308055126321,-0.2625917604672453
166,1575604800,35,42,7,77,49,1.074429817872408,-1.3037057543969133
166,1575619200,202,126,-76,328,49,0.5677384833075793,-0.7903076945219689
166,1575633600,889,416,-473,1305,49,-1.855833321779614,1.2080584588558023
166,1575648000,661,367,-294,1028,49,-0.7630893592843807,0.6414797234559634
166,1575662400,914,589,-325,1503,49,-0.952335520386907,1.613049757083846
166,1575676800,335,304,-31,639,49,0.8424506526499563,-0.15418499882034475
166,1575691200,44,49,5,93,49,1.0622203881238579,-1.270979184843132
166,1575705600,43,57,14,100,49,1.1171628219923333,-1.2566613106633526
166,1575720000,401,256,-145,657,49,0.1465131569826011,-0.11736760807234077
166,1575734400,599,357,-242,956,49,-0.4456441858220783,0.4942101604639475
166,1575748800,769,435,-334,1204,49,-1.0072779542553825,1.0014719885475578
166,1575763200,353,243,-110,596,49,0.3601781775822277,-0.242137654496132
166,1575777600,67,59,-8,126,49,0.9828590947582824,-1.203480635138458
166,1575792000,33,57,24,90,49,1.1782099707350837,-1.277115416634466
166,1575806400,346,280,-66,626,49,0.6287856320503297,-0.18077533658279205
166,1575820800,546,323,-223,869,49,-0.32965460321085244,0.3162594385152616
166,1575835200,485,295,-190,780,49,-0.12819901235977596,0.13421789537235307
166,1575849600,228,161,-67,389,49,0.6226809171760547,-0.6655376480981777
166,1575864000,31,15,-16,46,49,0.934021375764082,-1.3671134829073646
166,1575878400,216,123,-93,339,49,0.4639583304449035,-0.7678081779537443
166,1575892800,854,372,-482,1226,49,-1.9107757556480893,1.0464710216840072
166,1575907200,571,346,-225,917,49,-0.34186403295940254,0.4144391471766055
166,1575921600,1080,689,-391,1769,49,-1.3552467020890602,2.1571289759154606
166,1575936000,256,231,-25,487,50,0.9186944396415799,-0.5050698584987681
166,1575950400,36,18,-18,54,50,0.9567040322752169,-1.4584848934436088
166,1575964800,210,152,-58,362,50,0.7395063600830055,-0.7803051457230293
166,1575979200,860,329,-531,1189,50,-1.8288561135898942,1.0406515145526827
166,1575993600,600,382,-218,982,50,-0.12928432868584003,0.5848618789093062
166,1576008000,815,570,-245,1385,50,-0.2758927574155827,1.4722204449203242
166,1576022400,318,272,-46,590,50,0.804665661740669,-0.2782759818259769
166,1576036800,33,21,-12,54,50,0.9892836831040487,-1.4584848934436088
166,1576051200,214,172,-42,386,50,0.8263854289598901,-0.7274599705759711
166,1576065600,849,338,-511,1187,50,-1.7202572774937885,1.0362477499570946
166,1576080000,556,294,-262,850,50,-0.36820176809727256,0.29421341560048636
166,1576094400,843,510,-333,1353,50,-0.7537276362384479,1.4017602113909133
166,1576108800,327,277,-50,604,50,0.7829458945214478,-0.24744962965685963
166,1576123200,150,45,-105,195,50,0.48429909525715714,-1.1480194894546423
166,1576137600,224,160,-64,384,50,0.7069267092541738,-0.7318637351715593
166,1576152000,1095,341,-754,1436,50,-3.039733136061473,1.5845164421078228
166,1576166400,630,365,-265,995,50,-0.38449159351168843,0.6134863487806294
166,1576180800,869,561,-308,1430,50,-0.6179790911183157,1.5713051483210583
166,1576195200,373,94,-279,467,50,-0.4605107787789624,-0.5491075044546498
166,1576209600,226,208,-18,434,50,0.9567040322752169,-0.6217696202818549
166,1576224000,177,134,-43,311,50,0.8209554871550848,-0.8926011429105278
166,1576238400,846,371,-475,1217,50,-1.5247793725207983,1.1023042188909171
166,1576252800,646,405,-241,1051,50,-0.2541729901963616,0.7367917574570984
166,1576267200,939,627,-312,1566,50,-0.6396988583375368,1.8707611408210545
166,1576281600,424,317,-107,741,50,0.4734392116475466,0.054208245140930617
166,1576296000,63,54,-9,117,50,1.0055735085184645,-1.3197663086825813
166,1576310400,36,60,24,96,50,1.1847615880770388,-1.366005836936257
166,1576324800,366,264,-102,630,50,0.500588920671573,-0.19020068991421332
166,1576339200,649,290,-359,939,50,-0.8949061231633852,0.49018094010416036
166,1576353600,738,322,-416,1060,50,-1.2044128060372865,0.7566086981372452
166,1576368000,340,250,-90,590,50,0.5657482223292364,-0.2782759818259769
166,1576382400,83,75,-8,158,50,1.0110034503232699,-1.2294891344730234
166,1576396800,32,49,17,81,50,1.1467519954434018,-1.3990340714031684
166,1576411200,329,232,-97,561,50,0.5277386296955994,-0.34213056846200546
166,1576425600,620,316,-304,936,50,-0.5962593238990945,0.4835752932107781
166,1576440000,561,338,-223,899,50,-0.15643403770986647,0.40210564819239675
166,1576454400,210,169,-41,379,50,0.8318153707646954,-0.7428731466605297
166,1576468800,19,15,-4,34,50,1.032723217542491,-1.5025225393994905
166,1576483200,227,132,-95,359,50,0.53859851330521,-0.7869107926164115
166,1576497600,794,349,-445,1143,50,-1.3618811183766397,0.9393649288541546
166,1576512000,597,382,-215,979,50,-0.11299450327142418,0.5782562320159239
166,1576526400,942,475,-467,1417,50,-1.481339838082356,1.542680678449735
166,1576540800,323,241,-82,564,51,0.5699364948340379,-0.2585273630026814
166,1576555200,31,17,-14,48,51,1.0486831504946297,-1.3768517164945195
166,1576569600,214,119,-95,333,51,0.47841139889892476,-0.7591725677635625
166,1576584000,876,405,-471,1281,51,-2.168775991224347,1.2954233374888844
166,1576598400,622,358,-264,980,51,-0.711414848257546,0.6430674646186455
166,1576612800,879,636,-243,1515,51,-0.5635666163623632,1.8025704280258807
166,1576627200,304,255,-49,559,51,0.8022694306693251,-0.26936383929620694
166,1576641600,36,15,-21,51,51,0.9994004065295687,-1.370349830718404
166,1576656000,204,154,-50,358,51,0.7952290386743164,-0.7049901862959346
166,1576670400,829,376,-453,1205,51,-2.042048935314191,1.130708897827296
166,1576684800,627,410,-217,1037,51,-0.3805164244921369,0.7666032943648369
166,1576699200,886,670,-216,1556,51,-0.37347603249712824,1.8914295336327902
166,1576713600,366,276,-90,642,51,0.5136133588739683,-0.08947833282368262
166,1576728000,38,22,-16,60,51,1.0346023665046122,-1.3508441733900582
166,1576742400,187,137,-50,324,51,0.7952290386743164,-0.7786782250919084
166,1576756800,783,404,-379,1187,51,-1.5210599276835466,1.0916975831706037
166,1576771200,673,375,-298,1048,51,-0.9507881760878418,0.7904435422105931
166,1576785600,902,562,-340,1464,51,-1.2464846398782072,1.69203836983192
166,1576800000,430,234,-196,664,51,-0.23266819259695418,-0.04179783713217013
166,1576814400,72,29,-43,101,51,0.8445117826393772,-1.2619850677831486
166,1576828800,171,147,-24,318,51,0.9782792305445426,-0.7916819966441391
166,1576843200,771,378,-393,1149,51,-1.6196254156136685,1.0093403633398095
166,1576857600,706,378,-328,1084,51,-1.1619999359381028,0.8684661715239772
166,1576872000,852,527,-325,1379,51,-1.1408787599530767,1.5078182728419853
166,1576886400,372,246,-126,618,51,0.26015924705365495,-0.14149341903260532
166,1576900800,50,49,-1,99,51,1.1402082464297427,-1.2663196583005587
166,1576915200,43,58,15,101,51,1.252854518349882,-1.2619850677831486
166,1576929600,327,245,-82,572,51,0.5699364948340379,-0.2411890009330405
166,1576944000,597,309,-288,906,51,-0.8803842561377547,0.4826876154744671
166,1576958400,612,330,-282,942,51,-0.8381419041677025,0.5607102447878511
166,1576972800,346,241,-105,587,51,0.4080074789488377,-0.20867957205246382
166,1576987200,43,44,1,87,51,1.1542890304197602,-1.2923272014050202
166,1577001600,23,52,29,75,51,1.351420006280004,-1.3183347445094815
166,1577016000,263,220,-43,483,51,0.8445117826393772,-0.4340782789577955
166,1577030400,557,307,-250,864,51,-0.6128493603274241,0.3916612146088524
166,1577044800,476,319,-157,795,51,0.04190709520838521,0.24211784175819961
166,1577059200,220,135,-85,355,51,0.5488153188490118,-0.7114920720720499
166,1577073600,29,18,-11,47,51,1.0698043264796557,-1.3790190117532246
166,1577088000,99,118,19,217,51,1.2810160863299167,-1.0105788177733555
166,1577102400,565,352,-213,917,51,-0.35235485651210213,0.5065278633202234
166,1577116800,631,315,-316,946,51,-1.0775152319979984,0.5693794258226716
166,1577131200,736,444,-292,1180,51,-0.9085458241177896,1.076526516359668
166,1577145600,229,233,4,462,52,0.8716900235579442,-0.003994297945852449
166,1577160000,27,24,-3,51,52,0.8007385100125302,-1.1628106196484418
166,1577174400,79,101,22,180,52,1.0541367726747233,-0.7990945478731765
166,1577188800,403,308,-95,711,52,-0.1317670965843404,0.6980623057133805
166,1577203200,572,340,-232,912,52,-1.5203895759731585,1.2647826966190263
166,1577217600,511,294,-217,805,52,-1.3683506183758427,0.9630957223558217
166,1577232000,180,121,-59,301,52,0.23312640164921763,-0.4579345115568424
166,1577246400,27,20,-7,47,52,0.7601947879865792,-1.1740886373779074
166,1577260800,17,26,9,43,52,0.9223696760903828,-1.185366655107373
166,1577275200,194,98,-96,292,52,-0.14190302709082814,-0.48331005144814
166,1577289600,249,154,-95,403,52,-0.1317670965843404,-0.17034505945546988
166,1577304000,211,142,-69,353,52,0.1317670965843404,-0.31132028107378973
166,1577318400,99,130,31,229,52,1.1453601472331127,-0.660938830687223
166,1577332800,22,20,-2,42,52,0.8108744405190179,-1.1881861595397392
166,1577347200,61,78,17,139,52,1.0034571201422846,-0.9146942296001987
166,1577361600,356,330,-26,686,52,0.5676121083633126,0.6275746949042205
166,1577376000,523,327,-196,850,52,-1.1554960777396004,1.0899734218123096
166,1577390400,636,418,-218,1054,52,-1.3784865488823304,1.6651523260150545
166,1577404800,236,179,-57,415,52,0.25339826266219306,-0.1365110062670731
166,1577419200,33,23,-10,56,52,0.7297869964671161,-1.1487130974866098
166,1577433600,84,93,9,177,52,0.9223696760903828,-0.8075530611702756
166,1577448000,471,338,-133,809,52,-0.5169324558308739,0.9743737400852873
166,1577462400,622,335,-287,957,52,-2.0778657538299834,1.391660396075514
166,1577476800,703,445,-258,1148,52,-1.7839237691418393,1.9301857426574958
