remote_unit_id,time_stamp,entries,exits,num_people_exited,sum_exit_entry,week_num,z_score_num_people_exited,z_score_sum_exit_entry
169,1546300800,0,0,0,0,1,0.09291349722747486,-1.7758508323900726
169,1546315200,104,224,120,328,1,0.5440541774071215,-0.8831951706004776
169,1546329600,106,81,-25,187,1,-0.0010741444766182026,-1.2669282447234436
169,1546344000,269,96,-173,365,1,-0.5574809833648491,-0.7824992575327488
169,1546358400,410,202,-208,612,1,-0.6890636817505793,-0.11028600002655999
169,1546372800,322,348,26,670,1,0.19066064459973162,0.04756164748501473
169,1546387200,99,285,186,384,1,0.7921815515059272,-0.7307905454168881
169,1546401600,24,101,77,125,1,0.3823954336760815,-1.435661936890989
169,1546416000,444,128,-316,572,1,-1.0950902939122613,-0.2191464465862667
169,1546430400,788,283,-505,1071,1,-1.8056368651952048,1.1388876242460744
169,1546444800,551,346,-205,897,1,-0.6777851647460882,0.6653446817113502
169,1546459200,457,799,342,1256,1,1.3786644357394677,1.6423671895847178
169,1546473600,135,466,331,601,1,1.337309873389667,-0.14022262283047932
169,1546488000,34,119,85,153,1,0.41247147902139125,-1.3594596242991943
169,1546502400,482,129,-353,611,1,-1.234192003634319,-0.11300751119055265
169,1546516800,839,346,-493,1185,1,-1.7605227971772401,1.4491398969412386
169,1546531200,528,441,-87,969,1,-0.23416349590276897,0.8612934855188223
169,1546545600,466,807,341,1273,1,1.374904930071304,1.6886328793725933
169,1546560000,123,517,394,640,1,1.5741587304839815,-0.034083687434765295
169,1546574400,28,159,131,187,1,0.5854087397569224,-1.2669282447234436
169,1546588800,447,133,-314,580,1,-1.0875712825759338,-0.19737435727432534
169,1546603200,817,360,-457,1177,1,-1.625180593123346,1.427367807629297
169,1546617600,570,416,-154,986,1,-0.48605037566973835,0.9075591753066976
169,1546632000,494,715,221,1209,1,0.9237642498916575,1.5144561648770625
169,1546646400,151,667,516,818,1,2.032818421999955,0.4503452997559295
169,1546660800,41,185,144,226,1,0.6342823134430509,-1.1607893093277297
169,1546675200,191,62,-129,253,1,-0.3920627339656453,-1.0873085078999276
169,1546689600,430,178,-252,608,1,-0.8544819311497831,-0.12117204468253065
169,1546704000,451,324,-127,775,1,-0.38454372262931785,0.3333203197042448
169,1546718400,388,466,78,854,1,0.3861549393442452,0.5483197016596656
169,1546732800,204,372,168,576,1,0.7245104494789802,-0.20826040193029602
169,1546747200,36,186,150,222,1,0.6568393474520332,-1.1716753539837004
169,1546761600,131,55,-76,186,1,-0.19280893355296802,-1.2696497558874362
169,1546776000,397,157,-240,554,1,-0.8093678631318184,-0.2681336475381347
169,1546790400,537,299,-238,836,1,-0.801848851795491,0.4993325007077975
169,1546804800,290,534,244,824,1,1.0102328802594231,0.4666743667398855
169,1546819200,111,382,271,493,1,1.1117395332998437,-0.43414582854168743
169,1546833600,28,90,62,118,1,0.32600284865362567,-1.4547125150389377
169,1546848000,504,145,-359,649,1,-1.2567490376433013,-0.00959008695883129
169,1546862400,807,335,-472,1142,1,-1.6815731781458019,1.3321149168895539
169,1546876800,532,425,-107,957,1,-0.3093536092660434,0.8286353515509103
169,1546891200,456,821,365,1277,1,1.4651330661072335,1.699518924028564
169,1546905600,117,495,378,612,2,1.3853930663073268,-0.2403931665066262
169,1546920000,25,131,106,156,2,0.42754302485348,-1.3849704073203304
169,1546934400,511,154,-357,665,2,-1.2029149501212664,-0.10736116264012112
169,1546948800,840,366,-474,1206,2,-1.6149313282466342,1.2505692919217515
169,1546963200,520,456,-64,976,2,-0.17111325105517416,0.6732605958972955
169,1546977600,512,855,343,1367,2,1.262140303620251,1.6546853791388707
169,1546992000,134,546,412,680,2,1.5051243214890577,-0.06971059550809137
169,1547006400,26,113,87,139,2,0.36063438225192457,-1.4276410500699641
169,1547020800,499,139,-360,638,2,-1.2134794726373013,-0.17513218347777465
169,1547035200,870,362,-508,1232,2,-1.7346625834283649,1.315830274950603
169,1547049600,546,432,-114,978,2,-0.34718862632242536,0.6782806715148995
169,1547064000,455,844,389,1299,2,1.4241296488661221,1.484002808140336
169,1547078400,156,575,419,731,2,1.5297748740264727,0.058301332740809744
169,1547092800,26,137,111,163,2,0.4451505623802051,-1.3674001426587166
169,1547107200,510,139,-371,649,2,-1.2522160551960966,-0.14752176758095284
169,1547109388,28,56,28,84,2,0.1528654394365681,-1.565693129554073
169,1547110479,9,36,27,45,2,0.14934393193122308,-1.6635846040973505
169,1547121600,837,301,-536,1138,2,-1.833264793578026,1.0798867209232168
169,1547136000,537,456,-81,993,2,-0.23097887864603958,0.7159312386469292
169,1547150400,500,760,260,1260,2,0.9698551806766139,1.3861113335970585
169,1547164800,184,512,328,696,2,1.2093176910400756,-0.029549990567259654
169,1547179200,26,129,103,155,2,0.41697850233744493,-1.3874804451291323
169,1547193600,490,153,-337,643,2,-1.1324848000143657,-0.16258199443376475
169,1547208000,809,320,-489,1129,2,-1.6677539408268096,1.0572963806439988
169,1547222400,573,438,-135,1011,2,-0.4211402839346709,0.7611119192053649
169,1547236800,532,744,212,1276,2,0.8008228204200526,1.4262719385378904
169,1547251200,177,555,378,732,2,1.3853930663073268,0.06081137054961173
169,1547265600,42,179,137,221,2,0.5367097575191758,-1.2218179497482016
169,1547280000,184,88,-96,272,2,-0.28380149122621495,-1.0938060214993004
169,1547294400,468,95,-373,563,2,-1.2592590702067867,-0.36338501913792337
169,1547308800,514,495,-19,1009,2,-0.012645413314648045,0.7560918435877609
169,1547323200,386,399,13,785,2,0.10004282685639274,0.19384337441611682
169,1547337600,173,368,195,541,2,0.7409571928291873,-0.418605850931567
169,1547352000,33,181,148,214,2,0.575446340077971,-1.2393882144098154
169,1547366400,116,58,-58,174,2,-0.149984206023104,-1.3397897267618946
169,1547380800,382,140,-242,522,2,-0.7979415870065886,-0.46629656929880464
169,1547395200,445,338,-107,783,2,-0.3225380737850102,0.18882329879851284
169,1547409600,289,386,97,675,2,0.3958494573053748,-0.0822607845521013
169,1547424000,104,326,222,430,2,0.8360378954735028,-0.697220047708587
169,1547438400,20,100,80,120,2,0.3359838297145094,-1.4753317684372018
169,1547452800,501,152,-349,653,2,-1.174742890078506,-0.1374816163457449
169,1547467200,816,389,-427,1205,2,-1.449420475495418,1.2480592541129496
169,1547481600,524,467,-57,991,2,-0.14646269851775898,0.7109111630293252
169,1547496000,464,867,403,1331,2,1.4734307539409524,1.5643240180219995
169,1547510400,121,526,405,647,3,1.471584760989089,-0.029994089083188846
169,1547524800,25,128,103,153,3,0.35507708760512263,-1.4041587671605802
169,1547539200,540,135,-405,675,3,-1.5230219126566487,0.047893787407027676
169,1547541635,277,53,-224,330,3,-0.85385671768149,-0.9117961193474259
169,1547553600,554,363,-191,917,3,-0.731854223569997,0.7210675770724705
169,1547568000,523,422,-101,945,3,-0.3991201487204706,0.7989554535626869
169,1547582400,530,806,276,1336,3,0.9946659203714345,1.8866040145510676
169,1547596800,154,630,476,784,3,1.7340749755926044,0.351100163743942
169,1547611200,28,139,111,167,3,0.38465344981396943,-1.365214828915472
169,1547622015,236,33,-203,269,3,-0.7762187668832672,-1.0814804217011118
169,1547625600,273,161,-112,434,3,-0.43978764675763493,-0.6224982923837645
169,1547627184,172,26,-146,198,3,-0.5654871861452337,-1.2789818228013037
169,1547633575,425,78,-347,503,3,-1.3085932866425094,-0.4305603110328738
169,1547640000,240,311,71,551,3,0.23677163876973545,-0.2970382370496455
169,1547654400,521,430,-91,951,3,-0.3621496959594121,0.8156457128105905
169,1547668800,460,884,424,1344,3,1.5418286212351002,1.9088576935482724
169,1547683200,136,593,457,729,3,1.6638311153465932,0.19810612063815952
169,1547697600,34,135,101,169,3,0.3476829970529109,-1.3596514091661709
169,1547712000,612,173,-439,785,3,-1.6487214520442475,0.3538818736185926
169,1547726400,879,359,-520,1238,3,-1.9481821194088211,1.6139964468353099
169,1547740800,535,459,-76,994,3,-0.3066940168178243,0.9352592374205658
169,1547755200,530,815,285,1345,3,1.027939327856387,1.911639403422923
169,1547769600,135,633,498,768,3,1.815409971666933,0.3065928057495325
169,1547784000,28,155,127,183,3,0.44380617423166296,-1.3207074709210627
169,1547798400,484,160,-324,644,3,-1.223561245292075,-0.03833921870714062
169,1547812800,838,362,-476,1200,3,-1.785512127260164,1.5082914715985873
169,1547827200,573,508,-65,1081,3,-0.26602651878066,1.1772679965151671
169,1547841600,490,835,345,1325,3,1.249762044422738,1.8560052059299113
169,1547856000,180,569,389,749,3,1.4124320365713954,0.2537403181311713
169,1547870400,42,216,174,258,3,0.6175673022086379,-1.1120792303222684
169,1547884800,182,76,-106,258,3,-0.4176053751009998,-1.1120792303222684
169,1547899200,461,171,-290,632,3,-1.097861705904476,-0.07171973720294769
169,1547913600,490,364,-126,854,3,-0.4915462806231168,0.5458198549694833
169,1547928000,379,471,92,850,3,0.3144095895679583,0.5346930154708809
169,1547942400,148,397,249,545,3,0.8948456979165765,-0.313728496297549
169,1547956800,37,173,136,210,3,0.47707958171661563,-1.2456013043054968
169,1547971200,117,59,-58,176,3,-0.24014720184791907,-1.3401794400436167
169,1547985600,359,102,-257,461,3,-0.975859211792983,-0.5473921257681986
169,1548000000,446,279,-167,725,3,-0.6431251369434566,0.18697928113955717
169,1548014400,296,445,149,741,3,0.5251411703059916,0.2314866391339666
169,1548028800,111,333,222,444,3,0.7950254754617186,-0.5946811936372586
169,1548043200,22,106,84,128,3,0.2848332273591115,-1.473701514026845
169,1548057600,250,81,-169,331,3,-0.6505192274956683,-0.9090144094727752
169,1548072000,435,209,-226,644,3,-0.8612508082337017,-0.03833921870714062
169,1548086400,404,352,-52,756,3,-0.21796493019128396,0.2732122872537255
169,1548100800,257,574,317,831,3,1.1462447766917743,0.4818405278525197
169,1548115200,65,417,352,482,4,1.1921489760748183,-0.6794647387566639
169,1548129600,10,99,89,109,4,0.31395773968119084,-1.549326191511579
169,1548144000,403,143,-260,546,4,-0.8513986918829762,-0.5302123715279385
169,1548158400,855,379,-476,1234,4,-1.5726508099857273,1.0742505761808592
169,1548172800,538,439,-99,977,4,-0.31379873348231463,0.4749090390280089
169,1548187200,535,793,258,1328,4,0.8782707394930654,1.2934649905480495
169,1548201600,92,567,475,659,4,1.602861987772218,-0.2666886606397203
169,1548216000,15,124,109,139,4,0.38074034320922334,-1.479364144373114
169,1548230400,461,143,-318,604,4,-1.0450682421142705,-0.39495241372690615
169,1548244800,876,380,-496,1256,4,-1.6394334135137598,1.1255560774157336
169,1548259200,584,467,-117,1051,4,-0.3739030766575439,0.6474820886362226
169,1548273600,504,823,319,1327,4,1.0819576802535646,1.2911329223101007
169,1548288000,92,612,520,704,4,1.7531228457102912,-0.16174558993202276
169,1548302400,14,164,150,178,4,0.51764468044169,-1.3884134830931094
169,1548316800,472,149,-323,621,4,-1.0617638929962787,-0.35530725368177596
169,1548331200,907,331,-576,1238,4,-1.9065638276258898,1.0835788491326546
169,1548345600,527,448,-79,975,4,-0.24701612995428213,0.4702449025521112
169,1548360000,503,782,279,1285,4,0.9483924731974996,1.1931860563162497
169,1548374400,86,647,561,733,4,1.890027182942758,-0.09411561103150659
169,1548388800,16,147,131,163,4,0.4542012070900591,-1.423394506662342
169,1548403200,467,143,-324,610,4,-1.0651030231726804,-0.3809600042992132
169,1548417600,893,471,-422,1364,4,-1.3923377804600394,1.3774194471142076
169,1548432000,676,508,-168,1184,4,-0.5441987156540268,0.9576471642834176
169,1548446400,559,770,211,1329,4,0.7213316212021891,1.2957970587859984
169,1548460800,95,517,422,612,4,1.425888088422932,-0.3762958678233155
169,1548475200,22,205,183,227,4,0.6278359762629436,-1.2741421394336165
169,1548489600,174,84,-90,258,4,-0.2837465618947,-1.2018480240572027
169,1548504000,537,192,-345,729,4,-1.1352247568771143,-0.10344388398330193
169,1548518400,565,380,-185,945,4,-0.6009639286528544,0.4002828554136462
169,1548532800,380,422,42,802,4,0.1570186213903145,0.06679709738696295
169,1548547200,113,388,275,501,4,0.9350359524918931,-0.635155442235636
169,1548561600,21,212,191,233,4,0.6545490176741566,-1.2601497300059235
169,1548576000,124,96,-28,220,4,-0.07672049095779923,-1.2904666170992585
169,1548590400,496,144,-352,640,4,-1.1585986681119258,-0.31099795716074813
169,1548604800,554,317,-237,871,4,-0.7745986978257389,0.22770980580543249
169,1548619200,329,473,144,802,4,0.49760989938328026,0.06679709738696295
169,1548633600,77,358,281,435,4,0.9550707335503028,-0.7890719459402591
169,1548648000,15,111,96,126,4,0.33733165091600226,-1.5096810314664488
169,1548662400,466,139,-327,605,4,-1.075120413701885,-0.3926203454889573
169,1548676800,882,627,-255,1509,4,-0.8347030410009681,1.7155693416167885
169,1548691200,677,542,-135,1219,4,-0.43400741983277313,1.0392695526116267
169,1548705600,669,982,313,1651,4,1.0619228991951548,2.046723031405523
169,1548720000,194,347,153,541,5,0.8124975722903187,-0.5262091412964386
169,1548734400,19,68,49,87,5,0.34797016446779094,-1.4427012774163228
169,1548748800,379,160,-219,539,5,-0.8490812326133383,-0.5302465515877156
169,1548763200,942,607,-335,1549,5,-1.3672079567230808,1.508645645507181
169,1548777600,654,590,-64,1244,5,-0.15675673057014788,0.892940576087435
169,1548792000,696,904,208,1600,5,1.0581611052733864,1.6115996079347452
169,1548806400,193,338,145,531,5,0.7767646947655089,-0.5463961927528237
169,1548820800,28,46,18,74,5,0.20950526405915287,-1.4689444443096236
169,1548835200,522,150,-372,672,5,-1.5324725152753262,-0.2617587672177936
169,1548849600,904,572,-332,1476,5,-1.353808127651277,1.3612801698755697
169,1548864000,683,606,-77,1289,5,-0.21482265654796384,0.983782307641168
169,1548878400,661,901,240,1562,5,1.2010926153726258,1.5348888124004818
169,1548892800,157,318,161,475,5,0.8482304498151285,-0.6594436809085804
169,1548907200,23,52,29,75,5,0.2586379706557664,-1.466925739163985
169,1548921600,440,117,-323,557,5,-1.313608640435866,-0.4939098589662224
169,1548936000,818,580,-238,1398,5,-0.9339468167347617,1.2038211685157658
169,1548950400,615,531,-84,1146,5,-0.24608892438217245,0.6951074718148609
169,1548964800,598,855,257,1453,5,1.2770249801128466,1.314849951525884
169,1548979200,181,373,192,554,5,0.9866953502237666,-0.49996597440313795
169,1548993600,26,52,26,78,5,0.2452381415839627,-1.4608696237270695
169,1549008000,488,153,-335,641,5,-1.3672079567230808,-0.32433862673258745
169,1549022400,819,394,-425,1213,5,-1.7692028288771913,0.8303607165726412
169,1549036800,604,423,-181,1027,5,-0.6793500643704917,0.45488155948387804
169,1549051200,527,857,330,1384,5,1.6030874875267362,1.1755592964768267
169,1549065600,168,556,388,724,5,1.8621508495816075,-0.156786099644591
169,1549080000,35,160,125,195,5,0.6874325009534843,-1.2246811216873636
169,1549094400,156,88,-68,244,5,-0.17462316933255279,-1.1257645695510765
169,1549108800,442,232,-210,674,5,-0.8088817453979273,-0.2577213569265166
169,1549123200,502,355,-147,857,5,-0.5274853348900499,0.11170168472533105
169,1549137600,415,444,29,859,5,0.2586379706557664,0.11573909501660808
169,1549152000,167,410,243,577,5,1.2144924444444294,-0.4535357560534522
169,1549166400,35,208,173,243,5,0.9018297661023433,-1.1277832746967151
169,1549180800,131,71,-60,202,5,-0.13889029180774295,-1.210550185667894
169,1549195200,421,144,-277,565,5,-1.1081445946682096,-0.47776021780111433
169,1549209600,461,296,-165,757,5,-0.607884309320872,-0.0901688298385201
169,1549224000,309,453,144,762,5,0.7722980850749076,-0.08007530411032755
169,1549238400,133,382,249,515,5,1.2412921025880368,-0.5786954750830399
169,1549252800,29,113,84,142,5,0.504301503638834,-1.3316724944062048
169,1549267200,521,161,-360,682,5,-1.4788731989881114,-0.24157171576140848
169,1549281600,910,648,-262,1558,5,-1.0411454493091912,1.5268139918179278
169,1549296000,718,516,-202,1234,5,-0.7731488678731174,0.8727535246310499
169,1549310400,718,997,279,1715,5,1.3752903933060736,1.843750699683174
169,1549324800,150,352,202,502,6,0.8531304372449783,-0.6994840269768532
169,1549339200,11,67,56,78,6,0.29242348749297326,-1.5627142107886205
169,1549353600,447,98,-349,545,6,-1.2629622292848488,-0.611939456448773
169,1549368000,929,589,-340,1518,6,-1.2283981022453416,1.3690109417796459
169,1549382400,658,497,-161,1155,6,-0.5409560200151438,0.629971892903062
169,1549396800,701,803,102,1504,6,0.46908458125045427,1.3405080583518987
169,1549411200,128,516,388,644,6,1.567455729394793,-0.4103833522097047
169,1549425600,13,117,104,130,6,0.47676549837034476,-1.4568463580569886
169,1549440000,551,157,-394,708,6,-1.4357828644823845,-0.28008445654000397
169,1549454400,912,573,-339,1485,6,-1.2245576436853964,1.3018255736999564
169,1549468800,725,551,-174,1276,6,-0.5908819812944319,0.8763182425285899
169,1549483200,694,941,247,1635,6,1.025951072442514,1.6072136104258175
169,1549497600,147,611,464,758,6,1.8593305799506312,-0.1782884442980503
169,1549512000,11,121,110,132,6,0.4998082497300162,-1.4527745175673104
169,1549526400,511,170,-341,681,6,-1.2322385608052868,-0.335054303150659
169,1549540800,909,570,-339,1479,6,-1.2245576436853964,1.289610052230922
169,1549555200,662,552,-110,1214,6,-0.34509263345793656,0.7500911873485674
169,1549569600,720,866,146,1586,6,0.6380647578880448,1.5074535184287028
169,1549584000,152,608,456,760,6,1.8286069114710692,-0.17421660380837214
169,1549598400,17,163,146,180,6,0.6380647578880448,-1.355050345815035
169,1549612800,471,166,-305,637,6,-1.0939820526472581,-0.4246347939235782
169,1549627200,896,522,-374,1418,6,-1.3589736932834797,1.1654189172957383
169,1549641600,673,469,-204,1142,6,-0.7060957380927891,0.603504929720154
169,1549656000,593,887,294,1480,6,1.2064526247599403,1.291645972475761
169,1549670400,185,556,371,741,6,1.502167933875724,-0.21289908846031455
169,1549684800,19,185,166,204,6,0.7148739290869496,-1.3061882599388972
169,1549699200,217,77,-140,294,6,-0.4603063902562938,-1.1229554379033806
169,1549713600,534,251,-283,785,6,-1.009491964328463,-0.1233185976873953
169,1549728000,613,380,-233,993,6,-0.817469036331201,0.30015281323913207
169,1549742400,392,602,210,994,6,0.8838541057245402,0.30218873348397113
169,1549756800,185,420,235,605,6,0.9798655697231712,-0.48978424175842855
169,1549771200,41,225,184,266,6,0.7840021831659639,-1.1799612047588746
169,1549785600,140,74,-66,214,6,-0.17611245682034601,-1.2858290574905065
169,1549800000,404,102,-302,506,6,-1.0824606769674225,-0.6913403459974968
169,1549814400,494,336,-158,830,6,-0.5294346443353081,-0.03170218666963697
169,1549828800,333,415,82,748,6,0.3922754100515495,-0.19864764674644103
169,1549843200,129,336,207,465,6,0.8723327300447045,-0.7748130760358989
169,1549857600,26,101,75,127,6,0.3653922001319328,-1.4629541187915058
169,1549872000,528,162,-366,690,6,-1.3282500248039177,-0.3167310209471073
169,1549886400,913,646,-267,1559,6,-0.9480446273693393,1.4524836718180478
169,1549900800,689,546,-143,1235,6,-0.47182776593612946,0.7928455124901879
169,1549915200,657,954,297,1611,6,1.217974000439776,1.5583515245496797
169,1549929600,186,617,431,803,7,1.530423193565497,0.21621075082970193
169,1549944000,24,125,101,149,7,0.3883378554859025,-1.3455213913806077
169,1549958400,465,134,-331,599,7,-1.1067556780001122,-0.27093505499736714
169,1549963250,443,95,-348,538,7,-1.1655903772345155,-0.41660120281820645
169,1549972800,384,293,-91,677,7,-0.2761481593967707,-0.08467342335760544
169,1549987200,496,372,-124,868,7,-0.3903566932047301,0.37142877719617
169,1550001600,449,794,345,1243,7,1.2327888327326328,1.2669173908488705
169,1550016000,132,555,423,687,7,1.5027362762787189,-0.06079372699353343
169,1550030400,26,139,113,165,7,0.42986823141606956,-1.3073138771980926
169,1550044800,560,157,-403,717,7,-1.3559379335811146,0.010845362098682615
169,1550045060,25,1,-24,26,7,-0.04427022712000448,-1.6392416566586936
169,1550046860,29,68,39,97,7,0.17376424651337266,-1.4696958124737822
169,1550049527,31,167,136,198,7,0.5094681186155565,-1.2285108791966548
169,1550059200,925,367,-558,1292,7,-1.892371956012439,1.3839279030328233
169,1550072459,152,485,333,637,7,1.1912584568024658,-0.1801922088138935
169,1550073600,697,226,-471,923,7,-1.591276730518728,0.5027671071985661
169,1550088000,714,890,176,1604,7,0.6479027050494468,2.1289744295918704
169,1550102400,229,652,423,881,7,1.5027362762787189,0.40247238246946365
169,1550116800,33,146,113,179,7,0.42986823141606956,-1.2738823022883918
169,1550131200,527,150,-377,677,7,-1.265955452399086,-0.08467342335760544
169,1550144771,109,606,497,715,7,1.7588402611814158,0.006069422825868213
169,1550145600,951,289,-662,1240,7,-2.252301880740554,1.259753481939649
169,1550160000,691,566,-125,1257,7,-0.3938175578655774,1.3003489657585714
169,1550174400,807,986,179,1793,7,0.6582852990319885,2.580300690872831
169,1550188800,252,624,372,876,7,1.326232178575509,0.3905325342874276
169,1550203200,36,226,190,262,7,0.6963548103013083,-1.075680822466594
169,1550217600,497,156,-341,653,7,-1.1413643246085847,-0.14198469463137828
169,1550232000,924,516,-408,1440,7,-1.3732422568853508,1.7373474092210892
169,1550246400,678,557,-121,1235,7,-0.37997409922218833,1.247813633757613
169,1550260800,570,826,256,1396,7,0.9247718779172271,1.6322767452191724
169,1550275200,209,573,364,782,7,1.2985452612887307,0.1660633884651507
169,1550289600,43,198,155,241,7,0.5752245471716544,-1.1258281848311453
169,1550304000,189,79,-110,268,7,-0.34190458795286854,-1.0613530046481507
169,1550318400,468,190,-278,658,7,-0.9233298509752076,-0.13004484644934228
169,1550332800,573,336,-237,909,7,-0.78143439988047,0.46933553228886526
169,1550347200,415,476,61,891,7,0.24990326905201227,0.42635207883353565
169,1550361600,174,408,234,582,7,0.8486328553785876,-0.31153053881628956
169,1550376000,44,187,143,231,7,0.5336941712414873,-1.1497078811952173
169,1550390400,123,78,-45,201,7,-0.11694838499779685,-1.2213469702874333
169,1550404800,456,130,-326,586,7,-1.089451354695876,-0.3019786602706608
169,1550419200,498,296,-202,794,7,-0.660304136750816,0.19471902410203712
169,1550433600,338,419,81,757,7,0.3191205622689574,0.10636414755497067
169,1550448000,112,385,273,497,7,0.9836065771516305,-0.5145079579109016
169,1550462400,24,121,97,145,7,0.3744943968425135,-1.3550732699262367
169,1550476800,255,91,-164,346,7,-0.5287912796386203,-0.8750913730083891
169,1550491200,534,220,-314,754,7,-1.0479209787657089,0.09920023864574906
169,1550505600,492,337,-155,829,7,-0.497643497690995,0.27829796137628915
169,1550520000,379,521,142,900,7,0.53023330658064,0.44784380556120046
169,1550534400,100,419,319,519,8,1.2941584796759473,-0.7793267400358508
169,1550548800,22,107,85,129,8,0.3754802724068912,-1.5889629377289296
169,1550563200,433,141,-292,574,8,-1.1046123948599216,-0.6651472762586217
169,1550577600,849,624,-225,1473,8,-0.8415720534623714,1.20116795893645
169,1550592000,641,552,-89,1193,8,-0.3076394201777916,0.6198906887978292
169,1550606400,719,946,227,1665,8,0.9329687571599081,1.5997580870315042
169,1550620800,227,601,374,828,8,1.5100871181366229,-0.13784575263287288
169,1550635200,30,140,110,170,8,0.47362965352538006,-1.5038473374586316
169,1550649600,454,140,-314,594,8,-1.1909838502441918,-0.6236274712487202
169,1550652412,284,61,-223,345,8,-0.8337201029728922,-1.1405490436219936
169,1550664000,605,541,-64,1146,8,-0.20949003905930272,0.5223191470245607
169,1550678400,606,490,-116,1096,8,-0.41364075178575965,0.418519634499807
169,1550692800,582,895,313,1477,8,1.27060262820751,1.2094719199384303
169,1550707200,179,543,364,722,8,1.4708273656892275,-0.3579007191853507
169,1550721600,42,141,99,183,8,0.430443925833245,-1.4768594642021957
169,1550736000,484,129,-355,613,8,-1.3519488352785136,-0.5841836564893138
169,1550750400,896,588,-308,1484,8,-1.1674279987757545,1.2240038516918958
169,1550764800,657,521,-136,1178,8,-0.4921602566805508,0.588750835040403
169,1550779200,694,874,180,1568,8,0.7484479206571489,1.398387032733482
169,1550793600,238,607,369,845,8,1.4904572419129252,-0.10255391837445661
169,1550808000,34,142,108,176,8,0.465777703035901,-1.4913913959556613
169,1550822400,431,135,-296,566,8,-1.12031629583888,-0.6817551982625824
169,1550836800,885,457,-428,1342,8,-1.6385450281445013,0.9292132361215952
169,1550851200,643,470,-173,1113,8,-0.6374213407359144,0.45381146875822326
169,1550865600,578,783,205,1361,8,0.8465973017756379,0.9686570508810016
169,1551484800,6671,8159,1488,14830,9,3.4283598575701,4.104923483131266
169,1551499200,51,186,135,237,9,0.1708093924590152,-0.35571463759179006
169,1551513600,176,91,-85,267,9,-0.35887360999807183,-0.3465445462040225
169,1551528000,492,262,-230,754,9,-0.7079828616175156,-0.1976833960092628
169,1551542400,563,349,-214,912,9,-0.6694604614388183,-0.14938758136702043
169,1551556800,413,468,55,881,9,-0.02180260843447101,-0.15886334246771355
169,1551571200,190,443,253,633,9,0.45491209377690733,-0.23466943127325854
169,1551585600,45,192,147,237,9,0.19970119259303812,-0.35571463759179006
169,1551600000,128,79,-49,207,9,-0.27219820959600305,-0.3648847289795576
169,1551614400,431,177,-254,608,9,-0.7657664618855614,-0.24231117409639816
169,1551628800,470,288,-182,758,9,-0.5924156610814238,-0.19646071715756044
169,1551643200,331,428,97,759,9,0.07931869203460924,-0.19615504744463486
169,1551657600,105,372,267,477,9,0.4886191939332674,-0.28235390648964975
169,1551672000,29,101,72,130,9,0.019127441755394804,-0.38842129687482757
169,1551686400,343,91,-252,434,9,-0.7609511618632242,-0.29549770414544985
169,1551700800,735,237,-498,972,9,-1.3532330646106943,-0.13104739859148534
169,1551715200,467,374,-93,841,9,-0.37813481008742045,-0.17109013098473694
169,1551729600,390,886,496,1276,9,1.0399710464908716,-0.03812380586210762
169,1551744000,125,528,403,653,10,1.3949523639019474,-0.3095681430329546
169,1551758400,32,124,92,156,10,0.22881509050938986,-1.279766234359729
169,1551772800,522,169,-353,691,10,-1.439773612576424,-0.23538800727758757
169,1551787200,939,634,-305,1573,10,-1.2597910108952575,1.486371985781195
169,1551801600,609,532,-77,1141,10,-0.40487365290971694,0.6430609687728117
169,1551816000,707,947,240,1654,10,0.7837614456929863,1.6444928014702669
169,1551830400,245,591,346,836,10,1.1812230244055621,0.047667773894207746
169,1551844800,28,141,113,169,10,0.3075574787449002,-1.2543888194960506
169,1551859200,542,171,-371,713,10,-1.5072670882068613,-0.19244161289290138
169,1551873600,960,599,-361,1559,10,-1.4697707128566184,1.4590424620818492
169,1551888000,675,531,-144,1206,10,-0.6560993677563451,0.7699480430912027
169,1551902400,767,945,178,1712,10,0.5512839185214797,1.757715113938985
169,1551916800,213,636,423,849,10,1.4699451146024334,0.07304518875788595
169,1551931200,27,142,115,169,10,0.3150567538149488,-1.2543888194960506
169,1551945600,525,172,-353,697,10,-1.439773612576424,-0.22367535426358223
169,1551960000,958,620,-338,1578,10,-1.3835290495510595,1.4961325299595327
169,1551961536,69,21,-48,90,10,-0.29613416439401224,-1.4086054175137874
169,1551974400,632,564,-68,1196,10,-0.37112691509449824,0.7504269547345271
169,1551988800,770,931,161,1701,10,0.4875400804260666,1.7362419167466419
169,1552003200,229,653,424,882,10,1.4736947521374577,0.13746478033491522
169,1552017600,25,162,137,187,10,0.3975487795854834,-1.2192508604540346
169,1552032000,525,157,-368,682,10,-1.4960181756017885,-0.2529569867985956
169,1552046400,916,473,-443,1389,10,-1.777240990728611,1.127183960018365
169,1552060800,679,482,-197,1161,10,-0.854830157112633,0.6821031454861628
169,1552075200,613,837,224,1450,10,0.7237672451325976,1.2462625989940859
169,1552089600,218,604,386,822,10,1.3312085258065343,0.020338250194861993
169,1552104000,33,198,165,231,10,0.5025386305661638,-1.1333580716846623
169,1552118400,94,84,-10,178,10,-0.1536479380630888,-1.2368198399750427
169,1552132800,193,242,49,435,10,0.06758067650334494,-0.7351278692084814
169,1552147200,216,405,189,621,10,0.592529931406747,-0.37203562577431637
169,1552161600,157,484,327,641,10,1.1099799112401005,-0.3329934490609653
169,1552176000,172,398,226,570,10,0.7312665202026462,-0.47159317639336157
169,1552194000,36,239,203,275,10,0.6450248568970872,-1.04746528291529
169,1552208400,43,88,45,131,10,0.052582126363247744,-1.3285689552514177
169,1552222800,138,196,58,334,10,0.10132741431856365,-0.9322908616109044
169,1552237200,139,341,202,480,10,0.6412752193620629,-0.6472829716034414
169,1552251600,93,421,328,514,10,1.1137295487751249,-0.5809112711907446
169,1552266000,76,332,256,408,10,0.8437556462533752,-0.7878348077715053
169,1552280400,42,69,27,111,10,-0.014911349267189667,-1.3676111319647688
169,1552294800,862,286,-576,1148,10,-2.275942782886843,0.6567257306224845
169,1552309200,658,482,-176,1140,10,-0.7760877688771227,0.6411088599371442
169,1552323600,713,597,-116,1310,10,-0.5511095167756647,0.9729673620006283
169,1552338000,568,887,319,1455,10,1.0799828109599061,1.2560231431724236
169,1552352400,133,468,335,601,11,1.2680324847031135,-0.5889386865945787
169,1552366800,51,62,11,113,11,0.10769450798063562,-1.6337657722383498
169,1552381200,866,313,-553,1179,11,-1.912153081128863,0.6485819189425107
169,1552395600,666,573,-93,1239,11,-0.26475965738707335,0.7770442655380564
169,1552410000,699,624,-75,1323,11,-0.2002964364580468,0.9568915507718202
169,1552424400,657,883,226,1540,11,0.8776718690773416,1.4214970376257101
169,1552438800,139,533,394,672,11,1.479328597748256,-0.43692490978984977
169,1552453200,47,95,48,142,11,0.2402022398903013,-1.5716756380505028
169,1552467600,914,318,-596,1232,11,-2.0661485533482042,0.762056991768576
169,1552482000,710,591,-119,1301,11,-0.3578731987290006,0.9097886903534534
169,1552496400,729,671,-58,1400,11,-0.1394145055806328,1.1217515622361038
169,1552510800,611,914,303,1525,11,1.1534312030515106,1.3893814509768239
169,1552525200,138,499,361,637,11,1.3611460260450408,-0.5118612786372514
169,1552539600,57,67,10,124,11,0.10411321792902305,-1.6102143420291664
169,1552554000,905,290,-615,1195,11,-2.1341930643288434,0.6828385447013229
169,1552568400,744,588,-156,1332,11,-0.4903809306386662,0.9761609027611521
169,1552582800,726,684,-42,1410,11,-0.08211386475483143,1.1431619533353614
169,1552597200,658,914,256,1572,11,0.9851105706257192,1.4900102891433344
169,1552611600,146,520,374,666,11,1.4077027967160043,-0.44977114444940436
169,1552626000,56,98,42,154,11,0.21871449958062578,-1.5459831687313936
169,1552640400,839,276,-563,1115,11,-1.9479659816449888,0.5115554159072621
169,1552654800,711,443,-268,1154,11,-0.8914854164192758,0.5950559411943667
169,1552669200,686,610,-76,1296,11,-0.20387772650965938,0.8990834948038247
169,1552683600,455,780,325,1235,11,1.2322195841869876,0.7684801090983533
169,1552698000,146,472,326,618,11,1.2358008742386002,-0.5525410217258409
169,1552712400,41,126,85,167,11,0.372709971799967,-1.5181496603023588
169,1552726800,284,108,-176,392,11,-0.562006731670918,-1.0364158605690628
169,1552741200,529,227,-302,756,11,-1.0132492781741038,-0.2570776245560859
169,1552755600,565,377,-188,942,11,-0.6049822122902689,0.1411556498901055
169,1552770000,388,476,88,864,11,0.38345384195480475,-0.025845400684103785
169,1552784400,167,414,247,581,11,0.9528789601612059,-0.631759468793094
169,1552798800,37,146,109,183,11,0.4586609330386691,-1.4838930345435466
169,1552813200,212,110,-102,322,11,-0.2969912678515866,-1.1862885982638658
169,1552827600,456,170,-286,626,11,-0.9559486373483025,-0.5354127088464348
169,1552842000,471,334,-137,805,11,-0.4223364196580271,-0.15216670816972364
169,1552856400,273,432,159,705,11,0.6377254356192984,-0.3662706191622997
169,1552870800,84,297,213,381,11,0.8311150984063781,-1.059967290778246
169,1552885200,51,82,31,133,11,0.17932030901288734,-1.5909449900398347
169,1552899600,831,297,-534,1128,11,-1.8441085701482238,0.5393889243362969
169,1552914000,615,581,-34,1196,11,-0.05346354434193074,0.6849795838112487
169,1552928400,744,640,-104,1384,11,-0.30415384795481176,1.0874949364772917
169,1552942800,561,894,333,1455,11,1.2608699045998883,1.2395087132820206
169,1552957200,131,168,37,299,12,0.278780209451743,-1.1069453692966214
169,1552971600,49,35,-14,84,12,0.08111479778486663,-1.552486563178881
169,1552986000,859,294,-565,1153,12,-2.0544468066945227,0.6627856984961675
169,1553000400,754,549,-205,1303,12,-0.6591615478695133,0.9736283919023951
169,1553014800,667,608,-59,1275,12,-0.09329585956825955,0.9156044224665659
169,1553029200,614,918,304,1532,12,1.313616776413625,1.4481815705025691
169,1553043600,134,162,28,296,12,0.24389807798111773,-1.113162223164746
169,1553058000,50,39,-11,89,12,0.09274217494174171,-1.54212514006534
169,1553072400,837,314,-523,1151,12,-1.8916635264982715,0.6586411292507511
169,1553086800,651,563,-88,1214,12,-0.2056938387513853,0.7891950604813668
169,1553101200,701,651,-50,1352,12,-0.058413728097634315,1.0751703384150961
169,1553115600,590,901,311,1491,12,1.3407473231130003,1.3632179009715337
169,1553130000,145,157,12,302,12,0.18188539981111732,-1.100728515428497
169,1553144400,55,148,93,203,12,0.4958245830467444,-1.305884693076607
169,1553158800,821,305,-516,1126,12,-1.8645329797988963,0.6068340136830466
169,1553173200,678,561,-117,1239,12,-0.3180918179345111,0.8410021760490713
169,1553187600,681,599,-82,1280,12,-0.18243908443763515,0.9259658455801069
169,1553202000,522,896,374,1418,12,1.5849222434073769,1.2119411235138362
169,1553216400,137,182,45,319,12,0.30978654853674314,-1.0654996768424578
169,1553230800,45,56,11,101,12,0.17800960742549227,-1.5172577245928418
169,1553245200,796,253,-543,1049,12,-1.9691793742107722,0.4472680977345164
169,1553259600,695,463,-232,1158,12,-0.763807942281389,0.6731471216097085
169,1553274000,727,596,-131,1323,12,-0.3723529113332614,1.0150740843565589
169,1553288400,460,900,440,1360,12,1.8407245408586286,1.0917486153967615
169,1553302800,157,479,322,636,12,1.3833810393548756,-0.4085854514439635
169,1553317200,42,138,96,180,12,0.5074519602036196,-1.3535472393988952
169,1553331600,285,101,-184,386,12,-0.5777699077713877,-0.9266566071210095
169,1553346000,547,254,-293,801,12,-1.0002312778045157,-0.06665848869711316
169,1553360400,550,404,-146,954,12,-0.4304897971176368,0.25040105857723893
169,1553374800,337,488,151,825,12,0.720620541412996,-0.016923657752116756
169,1553389200,161,439,278,600,12,1.2128461743873744,-0.4831876978614581
169,1553403600,36,123,87,159,12,0.47256982873299425,-1.397065216475767
169,1553418000,204,84,-120,288,12,-0.32971919509138614,-1.1297405001464114
169,1553432400,460,232,-228,692,12,-0.748304772738889,-0.2925375125723052
169,1553446800,474,361,-113,835,12,-0.30258864839201094,0.0037991884749650822
169,1553461200,248,478,230,726,12,1.026808139877373,-0.22207983540022697
169,1553475600,106,331,225,437,12,1.007429177949248,-0.8209700913628921
169,1553490000,40,65,25,105,12,0.23227070082424264,-1.508968586102009
169,1553504400,866,301,-565,1167,12,-2.0544468066945227,0.6917976832140821
169,1553518800,626,587,-39,1213,12,-0.015780011855759026,0.7871227758586585
169,1553533200,730,647,-83,1377,12,-0.18631487682326017,1.1269774539828008
169,1553547600,562,933,371,1495,12,1.5732948662505017,1.3715070394623663
169,1553562000,66,506,440,572,13,1.5149399358505535,-0.5269182242140436
169,1553576400,15,90,75,105,13,0.2448215934308025,-1.5160371596189675
169,1553590800,874,306,-568,1180,13,-1.9926745549963203,0.7608426167414033
169,1553605200,711,518,-193,1229,13,-0.6877584497705489,0.8646259739894575
169,1553619600,698,677,-21,1375,13,-0.08923692950699498,1.1738580180346798
169,1553634000,598,874,276,1472,13,0.944256625831816,1.3793067048318481
169,1553648400,76,473,397,549,13,1.365309555784665,-0.5756328612896607
169,1553662800,14,107,93,121,13,0.3074575664816396,-1.4821487164359293
169,1553677200,914,305,-609,1219,13,-2.1353453825010047,0.8434456970000587
169,1553691600,691,613,-78,1304,13,-0.28758417750131227,1.0234780514099484
169,1553706000,719,607,-112,1326,13,-0.40589657104178223,1.0700746607866258
169,1553720400,597,872,275,1469,13,0.940776849551214,1.3729526217350285
169,1553734800,60,539,479,599,13,1.6506512107940337,-0.46973147634266676
169,1553749200,14,84,70,98,13,0.22742271202779224,-1.5308633535115466
169,1553763600,863,269,-594,1132,13,-2.083148738291974,0.6591772871922891
169,1553778000,717,579,-138,1296,13,-0.4963707543374357,1.0065338298184294
169,1553792400,741,686,-55,1427,13,-0.20754932304746493,1.2839954583795536
169,1553806800,634,858,224,1492,13,0.763308259240509,1.4216672588106458
169,1553821200,65,585,520,650,13,1.7933220382987183,-0.3617120636967329
169,1553835600,14,94,80,108,13,0.26222047483381283,-1.5096830765221476
169,1553850000,774,259,-515,1033,13,-1.808246412124411,0.44949254499724106
169,1553851704,16,90,74,106,13,0.24134181715020048,-1.5139191319200274
169,1553853037,213,68,-145,281,13,-0.52072918830165,-1.1432642846055485
169,1553857401,204,58,-146,262,13,-0.5242089645822522,-1.1835068108854063
169,1553864400,325,387,62,712,13,0.19958450178297577,-0.23039434636246037
169,1553878800,707,559,-148,1266,13,-0.5311685171434563,0.942992998850233
169,1553893200,477,767,290,1244,13,0.9929734937602449,0.8963963894735557
169,1553907600,149,577,428,726,13,1.4731826204833287,-0.20074195857730204
169,1553922000,43,141,98,184,13,0.32485644788464985,-1.3487129714027168
169,1553936400,285,142,-143,427,13,-0.513769635740446,-0.8340322405603261
169,1553950800,591,315,-276,906,13,-0.9765798810605196,0.1805030272318763
169,1553965200,546,405,-141,951,13,-0.5068100831792419,0.2758142736841709
169,1553979600,382,471,89,853,13,0.29353846135923134,0.06824755918806269
169,1553994000,178,465,287,643,13,0.9825341649184387,-0.37653825758931203
169,1554008400,34,160,126,194,13,0.42229018374150745,-1.3275326944133181
169,1554022800,197,87,-110,284,13,-0.3989370184805781,-1.136910201508729
169,1554037200,442,204,-238,646,13,-0.8443483823976414,-0.3701841744924924
169,1554051600,447,373,-74,820,13,-0.27366507237890403,-0.0016473548769533467
169,1554066000,314,471,157,785,13,0.5301632484401713,-0.07577832433984914
169,1554080400,110,378,268,488,13,0.9164184155869995,-0.7048325509249934
169,1554094800,44,73,29,117,13,0.08475188452310788,-1.4906208272316888
169,1554109200,889,310,-579,1199,13,-2.030952094082943,0.8010851430212611
169,1554123600,670,589,-81,1259,13,-0.2980235063431184,0.9281668049576538
169,1554138000,689,627,-62,1316,13,-0.23190775701167934,1.048894383797227
169,1554152400,556,954,398,1510,13,1.368789332065267,1.4597917573915637
169,1554166800,144,166,22,310,14,0.23317802349065667,-1.1048515353350048
169,1554181200,38,27,-11,65,14,0.10887620019909892,-1.6055968797059175
169,1554195600,882,322,-560,1204,14,-1.9590541327422708,0.722358006981713
169,1554210000,666,490,-176,1156,14,-0.5126329162586898,0.6242527966559832
169,1554224400,714,652,-62,1366,14,-0.08322661761512669,1.0534630918310512
169,1554238800,590,910,320,1500,14,1.3556611550326023,1.3273401373237137
169,1554253200,136,166,30,302,14,0.2633117988340646,-1.1212024037226265
169,1554267600,51,24,-27,75,14,0.048608649512283046,-1.5851582942213904
169,1554282000,909,305,-604,1214,14,-2.124789897131014,0.7427965924662401
169,1554296400,705,541,-164,1246,14,-0.4674322532435779,0.8082000660167267
169,1554310800,743,671,-72,1414,14,-0.1208938367943866,1.151568302156781
169,1554325200,608,946,338,1554,14,1.4234621495552702,1.4377084989401596
169,1554339600,127,195,68,322,14,0.40644723171525227,-1.0803252327535724
169,1554354000,52,41,-11,93,14,0.10887620019909892,-1.5483688403492417
169,1554368400,877,305,-572,1182,14,-2.0042547957573826,0.6773931189157536
169,1554382800,701,552,-149,1253,14,-0.41093142447468806,0.8225070758558957
169,1554397200,759,631,-128,1390,14,-0.3318302641982422,1.102515696993916
169,1554411600,578,887,309,1465,14,1.3142272139354165,1.255805088127869
169,1554426000,162,151,-11,313,14,0.10887620019909892,-1.0987199596896469
169,1554440400,50,35,-15,85,14,0.09380931252739495,-1.5647197087368634
169,1554454800,804,310,-494,1114,14,-1.7104504861591552,0.5384107376209697
169,1554469200,662,456,-206,1118,14,-0.6256345737964696,0.5465861718147805
169,1554483600,642,607,-35,1249,14,0.018474874168875107,0.8143316416620848
169,1554498000,471,857,386,1328,14,1.604264801615718,0.9757964669898485
169,1554512400,151,554,403,705,14,1.6682990742204598,-0.29752740869618655
169,1554526800,44,111,67,155,14,0.4026805097973263,-1.4216496103451741
169,1554541200,302,133,-169,435,14,-0.4862658628332079,-0.8493692167784168
169,1554555600,613,287,-326,900,14,-1.0776412039475884,0.10102500825209086
169,1554570000,581,439,-142,1020,14,-0.3845643710492061,0.34628803406641545
169,1554584400,396,527,131,923,14,0.6437507125445898,0.14803375486650308
169,1554598800,151,468,317,619,14,1.3443609892788244,-0.47329924386311917
169,1554613200,32,177,145,209,14,0.6964848193955536,-1.311281248728728
169,1554627600,209,107,-102,316,14,-0.23389549433216636,-1.0925883840442887
169,1554642000,491,216,-275,707,14,-0.885538386133363,-0.2934396915992811
169,1554656400,473,420,-53,893,14,-0.04932612035379275,0.08671799841292194
169,1554670800,276,493,217,769,14,0.9676887974862253,-0.16672046159521345
169,1554685200,86,371,285,457,14,1.2238258879051926,-0.8044043287124573
169,1554699600,44,70,26,114,14,0.2482449111623606,-1.505447810831735
169,1554714000,858,306,-552,1164,14,-1.9289203573988627,0.6406036650436049
169,1554728400,648,560,-88,1208,14,-0.18116138748120247,0.7305334411755239
169,1554742800,741,614,-127,1355,14,-0.3280635422803162,1.0309806477980714
169,1554757200,533,924,391,1457,14,1.623098411205348,1.2394542197402474
169,1554771600,162,468,306,630,15,1.0853647921756557,-0.450432092367275
169,1554786000,47,97,50,144,15,0.19771874417837224,-1.4608212524618738
169,1554800400,859,314,-545,1173,15,-1.8653648439403145,0.6784595000840977
169,1554814800,665,547,-118,1212,15,-0.3847989748198452,0.7595401116966273
169,1554829200,733,743,10,1476,15,0.05902404917879665,1.3083934826122119
169,1554843600,578,943,365,1521,15,1.2899394673000297,1.4019480344728228
169,1554858000,127,526,399,653,15,1.4078299580496692,-0.4026153214162961
169,1554872400,50,84,34,134,15,0.142240866178542,-1.4816111528753428
169,1554886800,892,293,-599,1185,15,-2.0526026821897414,0.7034073805802606
169,1554887566,50,28,-22,78,15,-0.05193170682086381,-1.59803459519077
169,1554901200,629,585,-44,1214,15,-0.12821378907063039,0.7636980917793211
169,1554915600,740,610,-130,1350,15,-0.4264073833197179,1.046440737402501
169,1554930000,556,895,339,1451,15,1.1997879155503057,1.2564187315785391
169,1554944400,151,586,435,737,15,1.532655183549287,-0.22798015794315554
169,1554958800,60,88,28,148,15,0.12143666192860567,-1.4525052922964863
169,1554973200,875,331,-544,1206,15,-1.8618974765653251,0.7470661714485458
169,1554987600,697,536,-161,1233,15,-0.5338957719443889,0.8031989025649124
169,1555002000,765,681,-84,1446,15,-0.26690848407020595,1.2460237813718045
169,1555016400,613,999,386,1612,15,1.362754182174807,1.5911361282353917
169,1555030800,159,532,373,691,15,1.317678406299945,-0.32361369984511346
169,1555045200,51,82,31,133,15,0.13183876405357384,-1.4836901429166898
169,1555059600,829,294,-535,1123,15,-1.8306911701904207,0.5745099980167522
169,1555059820,15,9,-6,24,15,0.00354617117896642,-1.7103000574235032
169,1555074000,682,427,-255,1109,15,-0.8598283051933915,0.5454041374378954
169,1555088400,684,573,-111,1257,15,-0.3605274031949195,0.8530946635572383
169,1555102800,503,865,362,1368,15,1.2795373651750617,1.0838625581467454
169,1555117200,144,448,304,592,15,1.078430057425677,-0.5294337139384576
169,1555131600,33,131,98,164,15,0.3641523781778629,-1.4192414516349356
169,1555146000,345,109,-236,454,15,-0.7939483250685931,-0.8163343396443313
169,1555160400,583,264,-319,847,15,-1.0817398171927126,0.0007087466050046933
169,1555174800,562,411,-151,973,15,-0.49922209819449503,0.2626614918147155
169,1555189200,377,503,126,880,15,0.46123866467756586,0.06931541796945276
169,1555203600,154,453,299,607,15,1.0610932205507302,-0.49824886331825397
169,1555218000,38,126,88,164,15,0.329478704427969,-1.4192414516349356
169,1555232400,217,89,-128,306,15,-0.4194726485697391,-1.1240248657636742
169,1555246800,515,199,-316,714,15,-1.0713377150677443,-0.2757969288941345
169,1555261200,454,401,-53,855,15,-0.15942009544553487,0.017340666935779982
169,1555275600,258,437,179,695,15,0.6450091355520035,-0.3152977396797258
169,1555290000,96,393,297,489,15,1.0541584858007513,-0.7435696881971895
169,1555304400,48,68,20,116,15,0.09369772292869055,-1.5190329736195873
169,1555318800,850,245,-605,1095,15,-2.073406886439678,0.5162982768590386
169,1555333200,637,605,-32,1242,15,-0.0866053805707577,0.8219098129370346
169,1555347600,729,532,-197,1261,15,-0.6587209974440069,0.8614106237226259
169,1555362000,569,922,353,1491,15,1.248331058800157,1.3395783332324154
169,1555376400,146,477,331,623,16,0.9407627285373777,-0.5536355836571898
169,1555390800,37,67,30,104,16,0.036559296196982144,-1.5087832455957875
169,1555405200,883,317,-566,1200,16,-1.753823579799283,0.5082530501358175
169,1555419600,708,576,-132,1284,16,-0.4500883982852241,0.6628434231663419
169,1555434000,672,673,1,1345,16,-0.05055664911156096,0.7751054797718419
169,1555448400,625,977,352,1602,16,1.0038466889332194,1.2480784067818989
169,1555462800,136,495,359,631,16,1.0248746757318332,-0.5389126909876161
169,1555477200,42,110,68,152,16,0.15071122453231448,-1.4204458895783447
169,1555491600,852,290,-562,1142,16,-1.7418075873429322,0.4015120782814077
169,1555506000,754,594,-160,1348,16,-0.5342003454796795,0.780626564522932
169,1555520400,738,615,-123,1353,16,-0.4230524152584349,0.7898283724414156
169,1555534800,576,975,399,1551,16,1.1450346002953409,1.154219966013366
169,1555549200,144,516,372,660,16,1.0639266512149732,-0.4855422050604112
169,1555563600,49,86,37,135,16,0.05758728299559599,-1.451732036501189
169,1555578000,858,291,-567,1149,16,-1.7568275779133706,0.4143946093672848
169,1555592400,739,550,-189,1289,16,-0.6213162907882227,0.6720452310848255
169,1555606800,692,654,-38,1346,16,-0.167712575560981,0.7769458413555386
169,1555621200,610,992,382,1602,16,1.0939666323558501,1.2480784067818989
169,1555635600,181,554,373,735,16,1.066930649329061,-0.3475150862831572
169,1555650000,46,105,59,151,16,0.12367524150552522,-1.4222862511620415
169,1555664400,566,174,-392,740,16,-1.2311279079480244,-0.3383132783646736
169,1555668935,264,49,-215,313,16,-0.6994202417545027,-1.1241476746031729
169,1555669016,6,0,-6,6,16,-0.0715846359101748,-1.689138680798066
169,1555669101,7,6,-1,13,16,-0.05656464533973635,-1.6762561497121888
169,1555669182,7,0,-7,7,16,-0.07458863402426251,-1.6872983192143691
169,1555669262,6,0,-6,6,16,-0.0715846359101748,-1.689138680798066
169,1555678800,391,304,-87,695,16,-0.31490848315127795,-0.421129549631026
169,1555693200,562,531,-31,1093,16,-0.14668458876236715,0.3113343606802685
169,1555707600,365,719,354,1084,16,1.0098546851613948,0.294771106426998
169,1555722000,164,780,616,944,16,1.7969021910523704,0.03712048470945724
169,1555736400,104,340,236,444,16,0.655382907699047,-0.8830603071389026
169,1555750800,670,316,-354,986,16,-1.116975979612692,0.11441567122471946
169,1555765200,1048,548,-500,1596,16,-1.5555597042694953,1.2370362372797186
169,1555779600,1060,949,-111,2009,16,-0.3870044378893826,1.9971055713464636
169,1555794000,668,1098,430,1766,16,1.2381585418320593,1.549897706508161
169,1555808400,285,934,649,1219,16,1.8960341288172642,0.5432199202260551
169,1555822800,86,317,231,403,16,0.6403629171286085,-0.9585151320704681
169,1555837200,502,204,-298,706,16,-0.9487520852237812,-0.4008855722103621
169,1555851600,976,443,-533,1419,16,-1.6546916420343891,0.9112922369653991
169,1555866000,925,794,-131,1719,16,-0.44708440017113643,1.463400712074415
169,1555880400,578,985,407,1563,16,1.1690665852080424,1.1763043050177269
169,1555894800,247,757,510,1004,16,1.4784783909590749,0.1475421797312604
169,1555909200,122,144,22,266,16,0.012527311284280597,-1.2106446690369188
169,1555923600,731,200,-531,931,16,-1.6486836458062137,0.01319578412139988
169,1555938000,611,321,-290,932,16,-0.9247201003110797,0.0150361457050966
169,1555952400,499,484,-15,983,16,-0.09862061893696406,0.1088945864736293
169,1555966800,353,818,465,1171,16,1.3432984758251285,0.4548825642086126
169,1555981200,94,482,388,576,17,0.8939453481844808,-0.6299722145863051
169,1555995600,64,84,20,148,17,0.044909204515359846,-1.4817838843568114
169,1556010000,757,249,-508,1006,17,-1.173273088575118,0.22581988354761465
169,1556024400,688,321,-367,1009,17,-0.8479630443975472,0.23179052609273504
169,1556038800,555,480,-75,1035,17,-0.17427132170357085,0.28353609481711156
169,1556053200,404,919,515,1323,17,1.1869551042876827,0.8567177791486672
169,1556067600,123,529,406,652,17,0.9354742899943834,-0.4787159367765891
169,1556082000,41,98,57,139,17,0.13027425156904862,-1.4996958119921724
169,1556096400,742,223,-519,965,17,-1.1986518863478361,0.14422110209763625
169,1556110800,717,329,-388,1046,17,-0.8964134765091003,0.30542845081588627
169,1556125200,553,481,-72,1034,17,-0.1673498314019204,0.2815458806354048
169,1556139600,380,848,468,1228,17,1.0785184228951592,0.6676474318865221
169,1556154000,101,542,441,643,17,1.0162250101803052,-0.4966278644119502
169,1556168400,51,78,27,129,17,0.06105934855254421,-1.5195979538092403
169,1556182800,740,242,-498,982,17,-1.150201454236283,0.17805474318665168
169,1556197200,683,345,-338,1028,17,-0.7810553048149262,0.269604595545164
169,1556211600,590,519,-71,1109,17,-0.1650426679680369,0.43081194426341407
169,1556226000,428,847,419,1275,17,0.9654674146348686,0.7611874984267413
169,1556240400,127,548,421,675,17,0.9700817415026356,-0.4329410105973329
169,1556254800,54,109,55,163,17,0.12565992470128168,-1.4519306716312095
169,1556269200,689,245,-444,934,17,-1.0256146288065753,0.08252446246472576
169,1556283600,623,336,-287,959,17,-0.6633899696868687,0.13227981700739552
169,1556298000,532,507,-25,1039,17,-0.058913150009396786,0.29149695154393873
169,1556312400,408,773,365,1181,17,0.8408805892051607,0.5741073653463029
169,1556326800,178,798,620,976,17,1.4292072648454484,0.16611345809641095
169,1556341200,100,367,267,467,17,0.6147785726845796,-0.8469055603923453
169,1556355600,726,318,-408,1044,17,-0.9425567451867699,0.3014480224524727
169,1556370000,1214,575,-639,1789,17,-1.475511498413854,1.7841575878240314
169,1556384400,1112,25,-1087,1137,17,-2.5091207167936536,0.4865379413512042
169,1556398800,769,2199,1430,2968,17,3.2980096462910673,4.130620108056337
169,1556413200,295,611,316,906,17,0.7278295809448702,0.026798465376935632
169,1556427600,54,140,86,194,17,0.19718199115166957,-1.390234031998299
169,1556442000,285,113,-172,398,17,-0.3980661747902684,-0.9842303389301138
169,1556456400,556,233,-323,789,17,-0.746447853306674,-0.20605659388275882
169,1556470800,522,329,-193,851,17,-0.44651660690182154,-0.08266331461693784
169,1556485200,287,467,180,754,17,0.4140553539367168,-0.2757140902424965
169,1556499600,113,362,249,475,17,0.573249630874677,-0.830983846938691
169,1556514000,49,75,26,124,17,0.05875218511866073,-1.5295490247177743
169,1556526937,773,180,-593,953,17,-1.3693819804552139,0.12033853191715478
169,1556528400,129,292,163,421,17,0.37483357556069763,-0.9384554127508576
169,1556542800,628,527,-101,1155,17,-0.23425757098454134,0.5223617966219264
169,1556557200,703,611,-92,1314,17,-0.21349310007959002,0.8388058515133061
169,1556571600,541,845,304,1386,17,0.7001436197382683,0.982101272596195
169,1556586000,146,471,325,617,18,1.2861762408711934,-0.43067403938200627
169,1556600400,44,80,36,124,18,0.23490843793423974,-1.4907543193875326
169,1556614800,899,317,-582,1216,18,-2.0131313621177926,0.8573342521460064
169,1556629200,686,546,-140,1232,18,-0.40531001644951065,0.891738480300344
169,1556643600,738,638,-100,1376,18,-0.25980582227138554,1.201376533689382
169,1556658000,606,860,254,1466,18,1.0279062962050214,1.394900317057531
169,1556672400,149,492,343,641,18,1.3516531282513498,-0.3790676971504999
169,1556686800,46,77,31,123,18,0.2167204136619741,-1.4929045836471786
169,1556701200,882,314,-568,1196,18,-1.962204894155449,0.8143289669530844
169,1556715600,706,582,-124,1288,18,-0.3471083387782606,1.0121532788405254
169,1556730000,741,634,-107,1375,18,-0.28526905625255744,1.199226269429736
169,1556744400,612,890,278,1502,18,1.1152088127118964,1.4723098304047906
169,1556758800,122,462,340,584,18,1.3407403136879903,-0.5016327599503275
169,1556773200,56,77,21,133,18,0.18034436511744284,-1.4714019410507178
169,1556787600,889,290,-599,1179,18,-2.074970644643496,0.7777744745391009
169,1556790359,198,63,-135,261,18,-0.38712199217724497,-1.1961681158160171
169,1556793626,164,46,-118,210,18,-0.3252827096515418,-1.305831593057968
169,1556802000,339,488,149,827,18,0.6459577864874431,0.020881455143674323
169,1556816400,754,654,-100,1408,18,-0.25980582227138554,1.2701849899980573
169,1556830800,615,957,342,1572,18,1.3480155233968967,1.6228283285800174
169,1556845200,147,534,387,681,18,1.5117077418472873,-0.293057126764656
169,1556859600,57,110,53,167,18,0.2967477204599429,-1.3982929562227504
169,1556874000,868,260,-608,1128,18,-2.107709088333574,0.6681109972971498
169,1556878287,275,89,-186,364,18,-0.5726398397543545,-0.974690897072469
169,1556888400,493,441,-52,934,18,-0.08520078925763545,0.2509597309258068
169,1556902800,681,543,-138,1224,18,-0.3980348067406044,0.8745363662231752
169,1556917200,497,734,237,1231,18,0.9660670136793182,0.8895882160406979
169,1556931600,157,478,321,635,18,1.2716258214533809,-0.3919692827083765
169,1556946000,50,121,71,171,18,0.3622246078400992,-1.389691899184166
169,1556960400,310,115,-195,425,18,-0.6053782834444326,-0.843524777234057
169,1556974800,622,278,-344,900,18,-1.1473814067579486,0.1778507460978395
169,1556989200,538,402,-136,940,18,-0.3907595970316981,0.2638613164836834
169,1557003600,376,419,43,795,18,0.2603716719154116,-0.04792700116500081
169,1557018000,150,403,253,553,18,1.0242686913505683,-0.5682909519993565
169,1557032400,31,136,105,167,18,0.4859031728915055,-1.3982929562227504
169,1557046800,194,63,-131,257,18,-0.3725715727594325,-1.2047691728546015
169,1557061200,482,204,-278,686,18,-0.9072994863640421,-0.2823058054664255
169,1557075600,476,349,-127,825,18,-0.35802115334162,0.01658092662438213
169,1557090000,249,398,149,647,18,0.6459577864874431,-0.3661661115926233
169,1557104400,83,323,240,406,18,0.9769798282426776,-0.8843797981673329
169,1557118800,50,63,13,113,18,0.1512435262818178,-1.5144072262436397
169,1557133200,854,298,-556,1152,18,-1.9185536359020114,0.7197173395286561
169,1557147600,693,525,-168,1218,18,-0.5071629523741982,0.8616347806652986
169,1557162000,748,581,-167,1329,18,-0.5035253475197451,1.1003141134860155
169,1557176400,559,941,382,1500,18,1.4935197175750217,1.4680093018854983
169,1557190800,149,476,327,625,19,1.1436306253460404,-0.5425234230450244
169,1557205200,45,92,47,137,19,0.17995219642160395,-1.613153124444102
169,1557219600,882,290,-592,1172,19,-2.019299646730949,0.6575471643838596
169,1557234000,723,600,-123,1323,19,-0.4051382782825182,0.9888280760872626
169,1557248400,702,658,-44,1360,19,-0.1332432929788379,1.0700028690212091
169,1557262800,590,919,329,1509,19,1.1505140426955007,1.396895954079534
169,1557277200,145,529,384,674,19,1.339808019805658,-0.4350216702406089
169,1557291600,60,70,10,130,19,0.05260897545658913,-1.6285105177018757
169,1557306000,866,296,-570,1162,19,-1.9435820558868862,0.6356080311584686
169,1557320400,723,543,-180,1266,19,-0.6013156727421356,0.8637750167025343
169,1557334800,755,615,-140,1370,19,-0.46364732575293044,1.0919420022466
169,1557349200,598,988,390,1586,19,1.3604582718540386,1.5658272799150443
169,1557363600,158,589,431,747,19,1.5015683275179739,-0.2748659976952551
169,1557378000,53,89,36,142,19,0.14209340099957252,-1.6021835578314065
169,1557392400,881,332,-549,1213,19,-1.8713061737175536,0.7474976106079624
169,1557406800,755,523,-232,1278,19,-0.7802845238281024,0.8901019765730035
169,1557421200,723,643,-80,1366,19,-0.2571448052691226,1.0831663489564436
169,1557435600,619,1023,404,1642,19,1.4086421933002604,1.6886864259772334
169,1557450000,159,562,403,721,19,1.4052004846255304,-0.3319077440812715
169,1557464400,47,116,69,163,19,0.25566978726566686,-1.5561113780580855
169,1557478800,827,298,-529,1125,19,-1.8024720002229508,0.5544332382245222
169,1557493200,715,429,-286,1144,19,-0.9661367922635294,0.596117591352765
169,1557507600,670,597,-73,1267,19,-0.23305284454601166,0.8659689300250735
169,1557522000,458,758,300,1216,19,1.050704491128327,0.7540793505755797
169,1557536400,175,524,349,699,19,1.2193482161901033,-0.38017383717713155
169,1557550800,36,150,114,186,19,0.4105466776285227,-1.5056513716396864
169,1557565200,290,158,-132,448,19,-0.43611365635508936,-0.930846081134444
169,1557579600,577,231,-346,808,19,-1.1726393127473373,-0.14103728502037038
169,1557594000,530,373,-157,903,19,-0.5221563732233426,0.06738448062084347
169,1557608400,420,461,41,881,19,0.15930194437322318,0.019118387524983422
169,1557622800,129,433,304,562,19,1.0644713258272473,-0.6807399623649873
169,1557637200,37,136,99,173,19,0.35892104750757076,-1.5341722448326947
169,1557651600,181,93,-88,274,19,-0.2846784746669636,-1.3125869992562462
169,1557666000,436,223,-213,659,19,-0.7148920590082299,-0.4679303700786953
169,1557680400,369,331,-38,700,19,-0.11259304093045712,-0.37797992385459245
169,1557694800,232,438,206,670,19,0.7271838757036947,-0.4437973235307653
169,1557709200,92,327,235,419,19,0.8269934272708684,-0.9944695674880777
169,1557723600,44,59,15,103,19,0.06981751883023979,-1.6877461774104312
169,1557738000,849,291,-558,1140,19,-1.9022815517901246,0.5873419380626086
169,1557752400,576,560,-16,1136,19,-0.03687545008639426,0.5785662847724522
169,1557766800,660,605,-55,1265,19,-0.17110208840086932,0.8615811033799953
169,1557781200,493,779,286,1272,19,1.0025205696821051,0.8769384966377689
169,1557795600,162,509,347,671,20,0.7529400694113121,-0.7171148294296599
169,1557810000,48,79,31,127,20,-0.0989072241891426,-1.781121558620443
169,1557824400,884,291,-593,1175,20,-1.781036057121686,0.2686561108500363
169,1557838800,281,552,271,833,20,0.5480654038618357,-0.4002598843397575
169,1557853200,424,668,244,1092,20,0.47528098320610057,0.10631684885953079
169,1557867600,588,938,350,1526,20,0.7610272272619493,0.9551751585448247
169,1557882000,135,475,340,610,20,0.7340700344264919,-0.8364244075190675
169,1557896400,45,80,35,125,20,-0.08812434705495964,-1.7850333480659974
169,1557910800,875,290,-585,1165,20,-1.75947030285332,0.24909716362226456
169,1557925200,297,535,238,832,20,0.4591066675048261,-0.4022157790625347
169,1557939600,356,627,271,983,20,0.5480654038618357,-0.10687567592318128
169,1557954000,575,863,288,1438,20,0.5938926316821133,0.7830564229404333
169,1557968400,152,540,388,692,20,0.8634645600366875,-0.6760410402513392
169,1557982800,50,99,49,149,20,-0.050384277085319236,-1.7380918747193452
169,1557997200,879,295,-584,1174,20,-1.7567745835697743,0.26670021612725914
169,1558011600,315,502,187,817,20,0.32162498404399326,-0.4315541999041923
169,1558026000,375,614,239,989,20,0.4618023867883718,-0.09514030758651823
169,1558040400,545,867,322,1412,20,0.6855470873226684,0.7322031601482267
169,1558054800,169,522,353,691,20,0.7691143851125866,-0.6779969349741164
169,1558069200,74,122,48,196,20,-0.05307999636886498,-1.646164822748818
169,1558083600,808,283,-525,1091,20,-1.5977271458405755,0.10436095413675361
169,1558098000,286,426,140,712,20,0.19492617771734336,-0.6369231457957957
169,1558112400,335,576,241,911,20,0.46719382535546333,-0.24770009596313788
169,1558126800,490,842,352,1332,20,0.7664186658290407,0.5757315823260528
169,1558141200,206,777,571,983,20,1.3567811889255583,-0.10687567592318128
169,1558155600,132,374,242,506,20,0.46988954463900906,-1.0398374586878938
169,1558170000,786,352,-434,1138,20,-1.352416691037913,0.19628800610728084
169,1558184400,1281,610,-671,1891,20,-1.991302161238254,1.6690767323584936
169,1558198800,1154,1098,-56,2252,20,-0.3334348018576222,2.375154727281054
169,1558213200,823,1250,427,2073,20,0.9685976120949715,2.0250495719039394
169,1558227600,355,1057,702,1412,20,1.7099204150700509,0.7322031601482267
169,1558242000,92,310,218,402,20,0.40519228183391126,-1.24325050985672
169,1558256400,574,210,-364,784,20,-1.1637163411897111,-0.4960987257558391
169,1558270800,1025,464,-561,1489,20,-1.6947730400482222,0.8828070538020693
169,1558285200,1017,873,-144,1890,20,-0.5706580988096476,1.6671208376357163
169,1558299600,620,1068,448,1688,20,1.025207717049432,1.272030103634727
169,1558314000,279,825,546,1104,20,1.289388206836915,0.12978758553285688
169,1558328400,108,163,55,271,20,-0.03420996138404478,-1.4994727185405299
169,1558342800,902,307,-595,1209,20,-1.7864274956887773,0.3351565314244602
169,1558357200,675,438,-237,1113,20,-0.8213599921794017,0.14739063803785146
169,1558371600,704,586,-118,1290,20,-0.5005693974374583,0.49358400396941143
169,1558386000,488,855,367,1343,20,0.8068544550822269,0.5972464242766017
169,1558400400,147,513,366,660,21,1.1997053402626552,-0.258104788196824
169,1558414800,49,90,41,139,21,0.18216166495091327,-1.560216180059499
169,1558429200,929,331,-598,1260,21,-1.818485745892789,1.2414476784396538
169,1558443600,694,416,-278,1110,21,-0.8165965886627659,0.8665595617805343
169,1558454846,529,150,-379,679,21,-1.1328178539134919,-0.21061896008666886
169,1558458000,206,618,412,824,21,1.343726906614471,0.15177288601714659
169,1558472400,544,966,422,1510,21,1.3750359427779093,1.866261206204853
169,1558486800,146,599,453,745,21,1.4720939548845677,-0.04566818875665632
169,1558501200,57,80,23,137,21,0.12580539985672448,-1.5652146882816205
169,1558515600,882,300,-582,1182,21,-1.7683912880312878,1.0465058577769117
169,1558530000,713,448,-265,1161,21,-0.7758948416502961,0.994021521444635
169,1558544400,747,612,-135,1359,21,-0.36887737152559935,1.4888738354346727
169,1558558800,553,952,399,1505,21,1.3030251596020015,1.853764935649549
169,1558573200,149,579,430,728,21,1.40008317170866,-0.08815550864468985
169,1558587600,50,86,36,136,21,0.16650714686919416,-1.5677139423926811
169,1558602000,847,252,-595,1099,21,-1.8090930350437575,0.8390677665588656
169,1558616400,658,320,-338,978,21,-1.0044508056433952,0.5366580191205093
169,1558630800,647,584,-63,1231,21,-0.14345231114884416,1.1689693092188906
169,1558645200,424,902,478,1326,21,1.5503665452931632,1.4063984497696662
169,1558659600,153,570,417,723,21,1.3593814246961902,-0.10065177919999384
169,1558674000,46,103,57,149,21,0.23225612281241442,-1.535223638948891
169,1558687306,726,208,-518,934,21,-1.568013456585283,0.4266908382338342
169,1558688400,105,263,158,368,21,0.5484773880631404,-0.9878869886265765
169,1558702800,688,326,-362,1014,21,-1.0795924924356468,0.6266311671186979
169,1558717200,661,619,-42,1280,21,-0.07770333520562393,1.2914327606608698
169,1558731600,458,792,334,1250,21,1.099516424539653,1.2164551373290458
169,1558746000,162,490,328,652,21,1.08073100284159,-0.27809882108531037
169,1558760400,40,135,95,175,21,0.35123046023347965,-1.4702430320613102
169,1558774800,287,107,-180,394,21,-0.5097680342610713,-0.9229063817389958
169,1558789200,561,202,-359,763,21,-1.0701997815866153,-0.0006816147575619837
169,1558803600,509,338,-171,847,21,-0.4815899017139769,0.2092557305715449
169,1558818000,319,436,117,755,21,0.4201103397930437,-0.020675647646048352
169,1558832400,129,381,252,510,21,0.8427823279994596,-0.6329929048559434
169,1558846800,46,140,94,186,21,0.3480995566171358,-1.4427512368396413
169,1558861200,240,71,-169,311,21,-0.47532809448128926,-1.130344472957042
169,1558875600,743,168,-575,911,21,-1.746474962716881,0.36920799367943585
169,1558890000,550,276,-274,826,21,-0.8040729741973905,0.15677139423926817
169,1558904400,244,430,186,674,21,0.6361426893207675,-0.22311523064197286
169,1558918800,100,374,274,474,21,0.9116622075590237,-0.7229660528541321
169,1558933200,32,80,48,112,21,0.20407799026532003,-1.6276960410581403
169,1558947600,239,95,-144,334,21,-0.39705550407269374,-1.0728616284026435
169,1558962000,444,211,-233,655,21,-0.6757059259272938,-0.270601058752128
169,1558976400,462,386,-76,848,21,-0.18415405816131386,0.2117549846826057
169,1558990800,255,415,160,670,21,0.554739195295828,-0.23311224708621603
169,1559005200,108,351,243,459,22,0.8761872434015056,-0.2837605615484471
169,1559019600,52,65,13,117,22,0.18474301733676052,-0.960040088026279
169,1559034000,868,266,-602,1134,22,-1.6641187175754921,1.0510016617630635
169,1559048400,602,343,-259,945,22,-0.6329649369658943,0.6772682392358406
169,1559062800,598,554,-44,1152,22,0.013385100442454162,1.0865953210513704
169,1559077200,413,931,518,1344,22,1.7029140354354397,1.4662610201266446
169,1559091600,111,538,427,649,22,1.4293426242533014,0.09195028649479295
169,1559106000,42,85,43,127,22,0.27493139464955335,-0.9402658328661085
169,1559120400,855,298,-557,1153,22,-1.528836151606303,1.0885727465673876
169,1559134800,672,172,-500,844,22,-1.3574782347119967,0.47754826211811824
169,1559149200,660,354,-306,1014,22,-0.7742600614226031,0.8137105998410172
169,1559163600,409,926,517,1335,22,1.69990775619168,1.448464190482491
169,1559178000,88,518,430,606,22,1.4383614619845808,0.006920989306059684
169,1559192400,59,90,31,149,22,0.2388560437244362,-0.8967624715137335
169,1559206800,866,286,-580,1152,22,-1.5979805742127775,1.0865953210513704
169,1559221200,672,177,-495,849,22,-1.3424468384931978,0.4874353896982035
169,1559235600,696,291,-405,987,22,-1.0718817065548194,0.7603201109085568
169,1559250000,388,882,494,1270,22,1.6307633335852054,1.3199315319413827
169,1559264400,102,553,451,655,22,1.5014933261035357,0.10381483959089527
169,1559278800,60,92,32,152,22,0.24186232296819596,-0.8908301949656823
169,1559293200,851,293,-558,1144,22,-1.5318424308500627,1.070775916923234
169,1559307600,710,224,-486,934,22,-1.31539032529936,0.655516558559653
169,1559322000,723,280,-443,1003,22,-1.1861203178176902,0.7919589191648296
169,1559336400,485,696,211,1181,22,0.7799863076011931,1.143940661015865
169,1559350800,134,383,249,517,22,0.8942249188640641,-0.16906988161945802
169,1559365200,0,2,2,2,22,0.15167394565540315,-1.18744402236824
169,1559379600,0,2,2,2,22,0.15167394565540315,-1.18744402236824
169,1559394000,1,2,1,3,22,0.1486676664116434,-1.185466596852223
169,1559408400,2,0,-2,2,22,0.1396488286803641,-1.18744402236824
169,1559422800,1,1,0,2,22,0.14566138716788363,-1.18744402236824
169,1559437200,3,1,-2,4,22,0.1396488286803641,-1.1834891713362061
169,1559451600,1,2,1,3,22,0.1486676664116434,-1.185466596852223
169,1559466000,1,4,3,5,22,0.15468022489916292,-1.181511745820189
169,1559480400,1,2,1,3,22,0.1486676664116434,-1.185466596852223
169,1559494800,1,2,1,3,22,0.1486676664116434,-1.185466596852223
169,1559509200,1,3,2,4,22,0.15167394565540315,-1.1834891713362061
169,1559523600,1,1,0,2,22,0.14566138716788363,-1.18744402236824
169,1559538000,19,4,-15,23,22,0.10056719851148722,-1.145918086531882
169,1559552400,868,233,-635,1101,22,-1.7633259326195643,0.9857466197345007
169,1559566800,598,358,-240,956,22,-0.5758456313344589,0.6990199199120282
169,1559581200,534,520,-14,1054,22,0.10357347775524699,0.8928076204816993
169,1559595600,414,850,436,1264,22,1.4563991374471392,1.3080669788452803
169,1559610000,109,461,352,570,23,1.0421017764760812,-0.4734304840628628
169,1559624400,42,63,21,105,23,-0.01791863009233036,-1.7356963344038472
169,1559638800,805,216,-589,1021,23,-1.9714305576051125,0.7508316632571026
169,1559653200,623,362,-261,985,23,-0.9210175867457805,0.6531078554887683
169,1559667600,548,486,-62,1034,23,-0.2837243513768565,0.7861208160623344
169,1559682000,432,886,454,1318,23,1.3687545905847758,1.5570530773458602
169,1559696400,133,519,386,652,23,1.150986047845646,-0.25083736636832366
169,1559710800,44,88,44,132,23,0.055738377010610615,-1.6624034785775963
169,1559725200,873,267,-606,1140,23,-2.025872693289895,1.0738631389357631
169,1559739600,280,382,102,662,23,0.24148213405280958,-0.22369186421045303
169,1559754000,325,590,265,915,23,0.7634861409127826,0.4630893403836739
169,1559768400,462,910,448,1372,23,1.3495397191666174,1.7036387889983617
169,1559782800,118,445,327,563,23,0.9620398122337539,-0.49243233557337224
169,1559797200,52,73,21,125,23,-0.01791863009233036,-1.6814053300881058
169,1559811600,842,260,-582,1102,23,-1.949013207617261,0.9707102307358547
169,1559826000,276,333,57,609,23,0.09737059841662073,-0.36756302564716736
169,1559840400,361,565,204,926,23,0.5681349481615043,0.4929493927573316
169,1559854800,471,874,403,1345,23,1.2054281835304286,1.630345933172111
169,1559869200,136,535,399,671,23,1.192618269251656,-0.19926091226836948
169,1559883600,50,115,65,165,23,0.12299042697416541,-1.5728233214566234
169,1559898000,859,250,-609,1109,23,-2.0354801289989743,0.9897120822463641
169,1559912400,306,262,-44,568,23,-0.22607973712238097,-0.47885958449443694
169,1559926800,320,586,266,906,23,0.7666886194824756,0.43865838844159033
169,1559941200,442,741,299,1183,23,0.8723704122823476,1.1905887982146068
169,1559955600,152,514,362,666,23,1.074126562173012,-0.21283366334730477
169,1559970000,52,137,85,189,23,0.18703999836802712,-1.5076741162777338
169,1559984400,328,118,-210,446,23,-0.7576911796914332,-0.8100347108204586
169,1559998800,529,245,-284,774,23,-0.9946745938487215,0.08033775995769801
169,1560013200,523,340,-183,863,23,-0.6712242583097199,0.3219327291627466
169,1560027600,349,466,117,815,23,0.28951931259820585,0.1916343188049676
169,1560042000,150,438,288,588,23,0.8371431480157236,-0.4245685801786957
169,1560056400,26,158,132,184,23,0.33755649114360214,-1.521246867356669
169,1560070800,214,73,-141,287,23,-0.5367201583826102,-1.2416481951306015
169,1560085200,512,165,-347,677,23,-1.196430743739386,-0.1829736109736471
169,1560099600,478,369,-109,847,23,-0.4342408441524315,0.27849992571015364
169,1560114000,268,453,185,721,23,0.5072878553373357,-0.06353340147901632
169,1560128400,101,336,235,437,23,0.66741178382199,-0.8344656627625422
169,1560142800,40,80,40,120,23,0.04292846273183827,-1.6949780811670412
169,1560157200,862,251,-611,1113,23,-2.0418850861383606,1.0005702831095125
169,1560171600,582,401,-181,983,23,-0.6648193011703337,0.6476787550571942
169,1560186000,584,556,-28,1140,23,-0.17484008000729157,1.0738631389357631
169,1560200400,415,822,407,1237,23,1.218238097809201,1.3371745098671082
169,1560214800,32,141,109,173,24,0.5831800065792303,-1.229750846938365
169,1560229200,0,1,1,1,24,0.23262282266147405,-1.569264724423756
169,1560243600,770,266,-504,1036,24,-1.4065566021391451,0.4737402941656622
169,1560258000,650,345,-305,995,24,-0.7606225317721685,0.3928096605790283
169,1560272400,595,489,-106,1084,24,-0.11468846140519183,0.5684883529987946
169,1560286800,477,898,421,1375,24,1.5959007601194148,1.14289845967466
169,1560301200,46,175,129,221,24,0.648098003601037,-1.1350027881052325
169,1560315600,3,12,9,15,24,0.2585900214701967,-1.5416298739307592
169,1560330000,920,278,-642,1198,24,-1.8544907815896117,0.7935149927274843
169,1560344400,624,385,-239,1009,24,-0.5463931416002064,0.42044451107202524
169,1560358800,649,592,-57,1241,24,0.044360631298234594,0.8783934620988321
169,1560373200,484,866,382,1350,24,1.4693106659268917,1.093550512365737
169,1560387600,43,157,114,200,24,0.599409505834682,-1.176455063844728
169,1560402000,2,14,12,16,24,0.26832772102346775,-1.5396559560384022
169,1560416400,882,234,-648,1116,24,-1.8739661806961536,0.6316537255542163
169,1560430800,625,385,-240,1010,24,-0.5496390414512967,0.42241842896438214
169,1560445200,637,525,-112,1162,24,-0.13416386051173385,0.7224539486026349
169,1560459600,478,911,433,1389,24,1.634851558332499,1.1705333101676572
169,1560474000,48,133,85,181,24,0.5052784101530623,-1.2139595037995095
169,1560488400,1,1,0,2,24,0.22937692281038372,-1.5672908065313993
169,1560502800,816,242,-574,1058,24,-1.6337695917154686,0.5171664877975146
169,1560517200,593,342,-251,935,24,-0.5853439398132904,0.2743745870376127
169,1560531600,616,555,-61,1171,24,0.03137703189387326,0.7402192096338472
169,1560546000,409,757,348,1166,24,1.3589500709898203,0.7303496201720626
169,1561165200,9990,9995,5,19985,25,0.11410085038641633,4.102441164481792
169,1561179600,1,1,0,2,25,0.0873584635771,-0.2984114117389322
169,1561194000,0,3,3,3,25,0.1034038956626898,-0.2981911819147706
169,1561208400,1,2,1,3,25,0.09270694093896327,-0.2981911819147706
169,1561222800,0,2,2,2,25,0.09805541830082654,-0.2984114117389322
169,1561237200,3,1,-2,4,25,0.07666150885337347,-0.29797095209060903
169,1561251600,0,2,2,2,25,0.09805541830082654,-0.2984114117389322
169,1561266000,0,0,0,0,25,0.0873584635771,-0.29885187138725533
169,1561280400,1,0,-1,1,25,0.08200998621523674,-0.29863164156309374
169,1561294800,0,2,2,2,25,0.09805541830082654,-0.2984114117389322
169,1561309200,1,2,1,3,25,0.09270694093896327,-0.2981911819147706
169,1561323600,0,2,2,2,25,0.09805541830082654,-0.2984114117389322
169,1561338000,0,1,1,1,25,0.09270694093896327,-0.29863164156309374
169,1561352400,16,13,-3,29,25,0.0713130314915102,-0.2924652064865697
169,1561366800,808,230,-578,1038,25,-3.0040614515798674,-0.07025331390754197
169,1561381200,585,387,-198,972,25,-0.9716400540718266,-0.08478848230220583
169,1561395600,561,521,-40,1082,25,-0.12658063089743063,-0.06056320164443273
169,1561410000,393,902,509,1295,25,2.809733440765503,-0.013654249098017561
169,1561424400,36,129,93,165,26,0.2879477301722296,-1.2383569050308463
169,1561438800,2,10,8,12,26,-0.0015406946981899082,-1.6079143968679437
169,1561453200,871,249,-622,1120,26,-2.1471607849142402,1.068358158396788
169,1561467600,591,418,-173,1009,26,-0.6179807523634361,0.8002478211816388
169,1561482000,579,479,-100,1058,26,-0.3693612815923699,0.9186028349072453
169,1561496400,412,896,484,1308,26,1.6195944845761592,1.5224549457521757
169,1561510800,35,131,96,166,26,0.29816496869706793,-1.2359414965874667
169,1561525200,3,3,0,6,26,-0.0287866640977588,-1.622406847528222
169,1561539600,833,284,-549,1117,26,-1.8985413141431742,1.0611119330666487
169,1561554000,317,425,108,742,26,0.33903392279642125,0.15533376679925318
169,1561568400,336,527,191,863,26,0.6217108553169485,0.4475981884481995
169,1561582800,417,882,465,1299,26,1.554885307252183,1.5007162697617582
169,1561597200,38,129,91,167,26,0.2811362378223374,-1.2335260881440868
169,1561611600,2,7,5,9,26,-0.011757933223028243,-1.615160622198083
169,1561626000,740,236,-504,976,26,-1.7452827362705992,0.7205393425501081
169,1561640400,310,345,35,655,26,0.0904144520253551,-0.05480676777478263
169,1561654800,320,525,205,845,26,0.669391301766194,0.4041208364673645
169,1561669200,446,870,424,1316,26,1.4152497140793925,1.5417782132992135
169,1561683600,42,121,79,163,26,0.24026728372298403,-1.2431877219176057
169,1561698000,1,4,3,5,26,-0.018569425572920465,-1.6248222559716017
169,1561712400,691,199,-492,890,26,-1.7044137821712457,0.512814216419452
169,1561726800,262,328,66,590,26,0.19599258344868456,-0.21180831659446456
169,1561741200,267,470,203,737,26,0.6625798094163018,0.14325672458235456
169,1561755600,407,702,295,1109,26,0.975908457511344,1.0417886655196111
169,1561770000,150,452,302,602,26,0.9997486807359669,-0.18282341527390789
169,1561784400,43,154,111,197,26,0.3492511613212596,-1.1610638348426952
169,1561798800,272,125,-147,397,26,-0.5294313518148372,-0.6779821461667509
169,1561813200,482,255,-227,737,26,-0.8018910458105262,0.14325672458235456
169,1561827600,553,435,-118,988,26,-0.43066471274139995,0.7495242438706647
169,1561842000,373,412,39,785,26,0.10403743672513956,0.2591963298645812
169,1561856400,165,380,215,545,26,0.7034487635156551,-0.32050169654655203
169,1561870800,45,132,87,177,26,0.2675132531225529,-1.2093720037102897
169,1561885200,195,81,-114,276,26,-0.4170417280416155,-0.9702465678156972
169,1561899600,592,184,-408,776,26,-1.4183311034757724,0.2374576538741637
169,1561914000,458,105,-353,563,26,-1.2310150638537363,-0.277024344565717
169,1561928400,242,799,557,1041,26,1.8682139553472252,0.87754089136979
169,1561942800,105,414,309,519,26,1.0235889039605897,-0.3833023160744248
169,1561957200,45,94,49,139,26,0.13809489847460069,-1.301157524558719
169,1561971600,774,231,-543,1005,26,-1.8781068370934975,0.79058618740812
169,1561986000,616,380,-236,996,26,-0.8325427613850411,0.7688475114177025
169,1562000400,535,505,-30,1040,26,-0.13095904934614214,0.8751254829264102
169,1562014800,451,902,451,1353,26,1.5072048608029374,1.6311483257042632
169,1562029200,97,486,389,583,27,1.8146919154769237,0.19424549397087348
169,1562043600,58,92,34,150,27,0.15288223500852077,-0.8193850596125505
169,1562058000,729,217,-512,946,27,-2.4030278650921777,1.044009676305245
169,1562062369,254,62,-192,316,27,-0.9050585756558709,-0.4307876649362263
169,1562072400,370,372,2,742,27,0.003085306064890121,0.5664562515222924
169,1562086800,540,493,-47,1033,27,-0.22629124138004436,1.2476721662862102
169,1562101200,434,785,351,1219,27,1.6368080623563623,1.6830885241765492
169,1562115600,132,490,358,622,27,1.6695761405627814,0.28554247223820267
169,1562130000,55,119,64,174,27,0.2933168558931745,-0.7632023037557325
169,1562144400,737,270,-467,1007,27,-2.192375933765197,1.1868075141079908
169,1562158800,581,433,-148,1014,27,-0.6990877983583786,1.2031941512328959
169,1562173200,620,568,-52,1188,27,-0.24969701152748666,1.6105191311948261
169,1562187600,449,855,406,1304,27,1.8942715339782275,1.8820691178361129
169,1562202000,125,490,365,615,27,1.7023442187692006,0.26915583511329744
169,1562216400,34,98,64,132,27,0.2933168558931745,-0.8615221265051639
169,1562230800,232,94,-138,326,27,-0.6522762580634941,-0.40737818332921877
169,1562245200,403,155,-248,558,27,-1.1672032013072244,0.1357217899533548
169,1562259600,407,301,-106,708,27,-0.5024793291198634,0.486864014058467
169,1562274000,312,319,7,631,27,0.026491076212332414,0.3066110056845094
169,1562288400,111,401,290,512,27,1.3512576665575662,0.02803817456112037
169,1562302800,46,118,72,164,27,0.3307660881290822,-0.78661178536274
169,1562317200,450,161,-289,611,27,-1.3591305165162513,0.2597920424704944
169,1562331600,482,298,-184,780,27,-0.8676093434199632,0.6554122816289208
169,1562346000,455,465,10,920,27,0.04053453830079779,0.9831450241270256
169,1562360400,369,580,211,949,27,0.9814464982279779,1.0510325207873472
169,1562374800,129,290,161,419,27,0.747388796753555,-0.1896700043840492
169,1562389200,1,6,5,7,27,0.017128768153355498,-1.1541406465927575
169,1562403600,1,4,3,5,27,0.007766460094378579,-1.158822542914159
169,1562418000,0,4,4,4,27,0.012447614123867037,-1.1611634910748596
169,1562432400,1,3,2,4,27,0.003085306064890121,-1.1611634910748596
169,1562446800,2,4,2,6,27,0.003085306064890121,-1.1564815947534581
169,1562461200,3,4,1,7,27,-0.0015958479645983377,-1.1541406465927575
169,1562475600,0,4,4,4,27,0.012447614123867037,-1.1611634910748596
169,1562490000,0,5,5,5,27,0.017128768153355498,-1.158822542914159
169,1562504400,1,4,3,5,27,0.007766460094378579,-1.158822542914159
169,1562518800,0,5,5,5,27,0.017128768153355498,-1.158822542914159
169,1562533200,0,3,3,3,27,0.007766460094378579,-1.1635044392355605
169,1562547600,1,4,3,5,27,0.007766460094378579,-1.158822542914159
169,1562562000,17,6,-11,23,27,-0.05776969631845984,-1.1166854760215454
169,1562572539,400,58,-342,458,27,-1.6072316800791395,-0.09837302611672002
169,1562576400,390,226,-164,616,27,-0.773986262830194,0.2714967832739982
169,1562590800,575,352,-223,927,27,-1.050174350570013,0.9995316612519308
169,1562605200,572,499,-73,1071,27,-0.34800124614674427,1.3366281963928386
169,1562619600,396,827,431,1223,27,2.011300384715439,1.6924523168193524
169,1562634000,96,507,411,603,28,1.4592905186355258,0.07598163700849857
169,1562648400,46,73,27,119,28,0.20359839439961053,-0.942182316260295
169,1562662800,799,240,-559,1039,28,-1.7126401076895725,0.9931706527630316
169,1562677200,596,349,-247,945,28,-0.6923902567478916,0.7954280667976048
169,1562691600,547,692,145,1239,28,0.589462120076272,1.4138995590724506
169,1562706000,432,780,348,1212,28,1.253278529503071,1.357101156720679
169,1562720400,115,398,283,513,28,1.040726477223554,-0.11334637083073992
169,1562734800,54,157,103,211,28,0.4521207939879688,-0.7486470193579624
169,1562749200,795,176,-619,971,28,-1.9088420021014345,0.8501228246178293
169,1562763600,666,187,-479,853,28,-1.4510375818070904,0.6018927698952721
169,1562778000,560,270,-290,830,28,-0.8330016144097259,0.553508945669689
169,1562792400,437,929,492,1366,28,1.7241630760915394,1.6810624145789315
169,1562806800,115,428,313,543,28,1.138827424429485,-0.05023703488432709
169,1562821200,37,110,73,147,28,0.3540198467820379,-0.8832802693769765
169,1562835600,811,247,-564,1058,28,-1.7289902655572278,1.0331398988624265
169,1562850000,657,200,-457,857,28,-1.3790968871894078,0.6103073480214605
169,1562864400,586,284,-302,870,28,-0.8722419932920982,0.6376547269315728
169,1562878800,420,843,423,1263,28,1.4985308975178981,1.4643870278295807
169,1562893200,94,435,341,529,28,1.2303883084883538,-0.07968805832598641
169,1562907600,42,111,69,153,28,0.34093972048791377,-0.8706584021876939
169,1562922000,710,180,-530,890,28,-1.6178091920571729,0.6797276175625147
169,1562936400,581,144,-437,725,28,-1.3136962557187872,0.3326262698572441
169,1562950800,559,306,-253,865,28,-0.7120104461890777,0.6271365042738373
169,1562965200,416,736,320,1152,28,1.1617176454442022,1.2308824848278532
169,1562979600,116,434,318,550,28,1.1551775822971402,-0.035511523163497434
169,1562994000,0,4,4,4,28,0.12838766820839684,-1.1841014373882108
169,1563008400,0,2,2,2,28,0.12184760506133478,-1.188308726451305
169,1563022800,0,3,3,3,28,0.1251176366348658,-1.186205081919758
169,1563037200,1,4,3,5,28,0.1251176366348658,-1.1819977928566638
169,1563051600,2,1,-1,3,28,0.11203751034074169,-1.186205081919758
169,1563066000,1,2,1,3,28,0.11857757348780376,-1.186205081919758
169,1563080400,1,1,0,2,28,0.11530754191427273,-1.188308726451305
169,1563094800,1,2,1,3,28,0.11857757348780376,-1.186205081919758
169,1563109200,0,2,2,2,28,0.12184760506133478,-1.188308726451305
169,1563123600,0,4,4,4,28,0.12838766820839684,-1.1841014373882108
169,1563138000,1,2,1,3,28,0.11857757348780376,-1.186205081919758
169,1563152400,0,3,3,3,28,0.1251176366348658,-1.186205081919758
169,1563166800,19,6,-13,25,28,0.07279713145836934,-1.1399249022257218
169,1563181200,766,221,-545,987,28,-1.6668596656601384,0.8837811371225828
169,1563195600,577,349,-228,926,28,-0.630259656850802,0.75545882069821
169,1563210000,541,502,-39,1043,28,-0.01222368945343743,1.0015852308892201
169,1563224400,448,840,392,1288,28,1.3971599187384363,1.5169781411182581
169,1563238800,87,404,317,491,29,0.9420702562511852,-0.5439441121047526
169,1563253200,30,104,74,134,29,0.11867328250495189,-1.532750281869994
169,1563267600,794,238,-556,1032,29,-2.01605961239269,0.9544988510408938
169,1563279753,89,324,235,413,29,0.6642161334232383,-0.7599857962551414
169,1563282000,630,166,-464,796,29,-1.7043208404393837,0.3008342682268965
169,1563296400,582,518,-64,1100,29,-0.3489348754250078,1.1428428833771302
169,1563310800,406,858,452,1264,29,1.399513019443537,1.5970843731292301
169,1563325200,95,458,363,553,29,1.0979396422278385,-0.3722186708570075
169,1563339600,35,100,65,135,29,0.08817709829212844,-1.529980516688579
169,1563354000,785,233,-552,1018,29,-2.0025057527425463,0.9157221385010804
169,1563368400,613,369,-244,982,29,-0.958858559681477,0.8160105919701316
169,1563382800,529,528,-1,1057,29,-0.1354615859352436,1.0237429805762748
169,1563397200,407,839,432,1246,29,1.3317437211928183,1.5472285998637556
169,1563411600,72,422,350,494,29,1.0538895983648713,-0.5356348165605068
169,1563426000,29,80,51,109,29,0.040738589516625276,-1.6019944114053752
169,1563440400,767,240,-527,1007,29,-1.917794129929148,0.8852547215055128
169,1563454800,618,434,-184,1052,29,-0.7555506649293205,1.0098941546691986
169,1563469200,547,453,-94,1000,29,-0.450588822801086,0.865866365235606
169,1563483600,455,894,439,1349,29,1.3554629755805698,1.8325144135495257
169,1563498000,100,461,361,561,29,1.0911627124027665,-0.35006054940568554
169,1563512400,36,89,53,125,29,0.047515519341697156,-1.5576781685027314
169,1563526800,714,182,-532,896,29,-1.9347364544918277,0.5778107863684208
169,1563541200,595,267,-328,862,29,-1.243489612334496,0.48363877020030255
169,1563555600,509,506,-3,1015,29,-0.14223851576031546,0.9074128429568347
169,1563570000,261,452,191,713,29,0.5151236772716569,0.07094375816943135
169,1563584400,89,281,192,370,29,0.5185121421841928,-0.8790856990559969
169,1563598800,38,79,41,117,29,0.00685394039126588,-1.5798362899540532
169,1563613200,123,527,404,650,29,1.236866703641812,-0.10355144825972894
169,1563622424,0,379,379,379,29,1.1521550808284136,-0.8541578124232597
169,1563627600,230,201,-29,431,29,-0.23033860348624988,-0.7101300229896671
169,1563642000,297,559,262,856,29,0.7557046860617086,0.46702017911181104
169,1563656400,295,364,69,659,29,0.1017309579422722,-0.07862356162699174
169,1563670800,237,250,13,487,29,-0.08802307715974043,-0.5550231728304135
169,1563685200,37,69,32,106,29,-0.02364224382155758,-1.6103037069496209
169,1563699600,79,277,198,356,29,0.5388429316594084,-0.9178624115958103
169,1563714000,145,430,285,575,29,0.8336393790500353,-0.31128383686587213
169,1563728400,238,443,205,681,29,0.56256218604716,-0.017688727635856407
169,1563742800,255,367,112,622,29,0.24743494918131764,-0.18110487333935574
169,1563757200,192,189,-3,381,29,-0.14223851576031546,-0.8486182820604292
169,1563771600,24,56,32,80,29,-0.02364224382155758,-1.6823176016664172
169,1563786000,754,228,-526,982,29,-1.9144056650166121,0.8160105919701316
169,1563800400,559,379,-180,938,29,-0.7419968052791768,0.694140923987861
169,1563814800,548,485,-63,1033,29,-0.3455464105124718,0.9572686162223091
169,1563829200,340,798,458,1138,29,1.4198438089187526,1.2480939602709096
169,1563843600,94,438,344,532,30,0.9071654126564243,-0.45721932049993835
169,1563858000,51,56,5,107,30,-0.18397879306756768,-1.5949440435004507
169,1563872400,755,186,-569,941,30,-2.0315208995146805,0.6376734129287899
169,1563879395,365,91,-274,456,30,-1.0820001305218263,-0.6606712709659124
169,1563886800,254,402,148,656,30,0.2762973763086295,-0.12527140131861245
169,1563888373,46,9,-37,55,30,-0.3191648008563808,-1.7341480096087487
169,1563901200,532,461,-71,993,30,-0.42860109287589626,0.7768773790370879
169,1563915600,432,835,403,1267,30,1.0970695664549952,1.5103752004538886
169,1563930000,99,524,425,623,30,1.167881284820564,-0.21361237981041692
169,1563944400,50,91,41,141,30,-0.06810507210572783,-1.5039260656604096
169,1563958800,796,269,-527,1065,30,-1.8963348917258676,0.9696213321101158
169,1563973200,610,385,-225,995,30,-0.9242831214348777,0.7822313777335609
169,1563987600,597,476,-121,1073,30,-0.5895368164340071,0.9910373268960079
169,1564002000,468,850,382,1318,30,1.0294765625605886,1.64690216721395
169,1564016400,134,535,401,669,30,1.0906321375126706,-0.09047040979153795
169,1564030800,53,75,22,128,30,-0.12926064705780996,-1.538727057187484
169,1564045200,817,221,-596,1038,30,-2.1184261902360606,0.8973423497077303
169,1564059600,623,356,-267,979,30,-1.0594691292236909,0.7393993881617769
169,1564074000,606,540,-66,1146,30,-0.41250752052008516,1.1864582793172722
169,1564088400,386,815,429,1201,30,1.180756142705213,1.3336932434702797
169,1564102800,113,502,389,615,30,1.052007563858724,-0.23502837459630893
169,1564117200,54,96,42,150,30,-0.06488635763456561,-1.479833071526281
169,1564131600,730,187,-543,917,30,-1.947834323264463,0.5734254285711139
169,1564146000,574,282,-292,856,30,-1.1399369910027464,0.41012846832868743
169,1564160400,502,466,-36,968,30,-0.3159460863852186,0.7099523953311754
169,1564174800,415,782,367,1197,30,0.9811958454931553,1.3229852460773337
169,1564189200,133,370,237,503,30,0.5627629642420668,-0.5348523015987968
169,1564203600,36,107,71,143,30,0.028456362029138708,-1.4985720669639366
169,1564218000,101,562,461,663,30,1.2837550057824039,-0.10653240588095694
169,1564232400,164,570,406,734,30,1.1067257098684817,0.08353454784383452
169,1564246800,226,578,352,804,30,0.932915128425722,0.2709245022203895
169,1564261200,220,492,272,712,30,0.6754179707327445,0.024640562182631526
169,1564275600,161,263,102,424,30,0.12823651063516747,-0.7463352501094803
169,1564290000,13,91,78,104,30,0.050987363327274236,-1.6029750415451602
169,1564304400,41,277,236,318,30,0.5595442497709047,-1.0300971810225492
169,1564318800,84,454,370,538,30,0.990851988906642,-0.44115732441051936
169,1564333200,245,537,292,782,30,0.7397922601559889,0.21203051655918648
169,1564347600,164,391,227,555,30,0.5305758195304447,-0.3956483354904989
169,1564362000,84,211,127,295,30,0.2087043724142229,-1.0916681660319887
169,1564376400,13,61,48,74,30,-0.04557407080759231,-1.683285021992255
169,1564390800,752,229,-523,981,30,-1.8834600338412186,0.7447533868582499
169,1564405200,595,359,-236,954,30,-0.9596889806176621,0.6724744044558644
169,1564419600,535,468,-67,1003,30,-0.4157262349912474,0.8036473725194528
169,1564434000,371,879,508,1250,30,1.435034585927028,1.4648662115338682
169,1564448400,99,471,372,570,31,1.06779546264649,-0.6807112435161586
169,1564462800,44,72,28,116,31,0.049814014654639964,-1.9438293820297938
169,1564477200,775,214,-561,989,31,-1.6931832901918709,0.48502994599312144
169,1564491600,566,378,-188,944,31,-0.5893836387355915,0.35983101155895053
169,1564506000,578,517,-61,1095,31,-0.21355909252929806,0.7799429915491685
169,1564520400,405,855,450,1260,31,1.2986168374818514,1.2390057511411283
169,1564534800,102,490,388,592,31,1.1151434369716924,-0.619502875570564
169,1564549200,52,99,47,151,31,0.10603973416581775,-1.8464524330254388
169,1564563600,770,249,-521,1019,31,-1.5748133543788652,0.5684959022825686
169,1564578000,600,391,-209,991,31,-0.6515278550374196,0.49059434307908456
169,1564592400,529,472,-57,1001,31,-0.20172209894799747,0.5184163285089003
169,1564606800,328,833,505,1161,31,1.4613754992247345,0.9635680953859523
169,1564621200,102,491,389,593,31,1.1181026853670175,-0.6167206770275825
169,1564635600,56,81,25,137,31,0.04093626946866452,-1.885403212627181
169,1564650000,743,232,-511,975,31,-1.5452208704256136,0.44607916639137934
169,1564664400,598,363,-235,961,31,-0.7284683133158734,0.4071283867896373
169,1564678800,554,545,-9,1099,31,-0.05967817597239044,0.7910717857210947
169,1564693200,413,815,402,1228,31,1.1565729145062444,1.1499753977657179
169,1564707600,98,484,386,582,31,1.1092249401810421,-0.6473248610003798
169,1564722000,41,93,52,134,31,0.12083597614244347,-1.8937498082561255
169,1564736400,697,138,-559,835,31,-1.6872647934012206,0.056571370373958804
169,1564750800,592,364,-228,956,31,-0.7077535745485974,0.39321739407472944
169,1564765200,513,460,-53,973,31,-0.1898851053666969,0.4405147693054162
169,1564779600,387,803,416,1190,31,1.1980023920407965,1.044251853132418
169,1565398800,9618,8151,-1467,17769,32,-3.409941064975743,4.111534709806637
169,1565413200,46,115,69,161,32,0.3943544141804729,-0.35817592613058996
169,1565427600,280,112,-168,392,32,-0.19263648982995882,-0.2995376278058796
169,1565442000,491,203,-288,694,32,-0.48984707413903816,-0.2228763027233579
169,1565456400,418,336,-82,754,32,0.02036442892488138,-0.2076455758857708
169,1565470800,326,402,76,728,32,0.4116916982651692,-0.21424555751539187
169,1565485200,124,433,309,557,32,0.9887755827986316,-0.2576531290025151
169,1565499600,34,144,110,178,32,0.49590136381940836,-0.35386055352660695
169,1565514000,191,92,-99,283,32,-0.021740403852238195,-0.32720678156082955
169,1565528400,446,168,-278,614,32,-0.4650795254466149,-0.24318393850680736
169,1565542800,429,369,-60,798,32,0.0748530360482126,-0.1964763762048736
169,1565557200,284,429,145,713,32,0.5825877842428898,-0.21805323922478864
169,1565571600,111,388,277,499,32,0.9095194269828771,-0.272376164945516
169,1565586000,49,88,39,137,32,0.32005176810320307,-0.3642682168656248
169,1565600400,691,208,-483,899,32,-0.9728142736412921,-0.17083798602826863
169,1565614800,562,367,-195,929,32,-0.2595088712995017,-0.1632226226094751
169,1565629200,481,471,-10,952,32,0.19869077951032899,-0.15738417732173338
169,1565643600,379,860,481,1239,32,1.4147774203083119,-0.0845305339486084
169,1565658000,93,417,324,510,33,0.7529611001338735,-0.24144983214905066
169,1565672400,46,80,34,126,33,-0.13522539520487198,-1.2212269594361695
169,1565686800,729,211,-518,940,33,-1.8258424484013807,0.855696430177671
169,1565701200,588,315,-273,903,33,-1.0754779954427853,0.7612908215588601
169,1565715600,456,470,14,926,33,-0.1964796362627165,0.8199753890786615
169,1565730000,336,844,508,1180,33,1.316500117866043,1.4680571347321203
169,1565744400,81,456,375,537,33,0.909159414831377,-0.17255925288667512
169,1565758800,45,68,23,113,33,-0.16891522778668647,-1.2543964975995356
169,1565772670,58,173,115,231,33,0.11285428107939831,-0.953319151193598
169,1565772753,681,97,-584,778,33,-2.0279814438922674,0.4423529546034178
169,1565773200,36,25,-11,61,33,-0.27304743758502215,-1.3870746502529996
169,1565787600,594,331,-263,925,33,-1.0448508749138632,0.817423886143018
169,1565802000,486,493,7,979,33,-0.21791862063296208,0.9552050446677691
169,1565816400,374,833,459,1207,33,1.166427227274324,1.536947713994496
169,1565830800,97,479,382,576,33,0.9305983992016226,-0.07305063839657709
169,1565845200,60,83,23,143,33,-0.16891522778668647,-1.1778514095302295
169,1565859600,727,216,-511,943,33,-1.804403464031135,0.8633509389846017
169,1565874000,618,342,-276,960,33,-1.084666131601462,0.9067264888905419
169,1565888400,534,487,-47,1021,33,-0.3833050714891423,1.0623681679647976
169,1565902800,375,799,424,1174,33,1.059232305423096,1.4527481171182592
169,1565917200,100,479,379,579,33,0.9214102630429459,-0.06539612958964648
169,1565931600,46,101,55,147,33,-0.07090844209413524,-1.1676453977876553
169,1565946000,680,158,-522,838,33,-1.8380932966129497,0.59544313074203
169,1565946056,0,0,0,0,33,-0.23935760500320766,-1.5427163293272554
169,1565946141,5,4,-1,9,33,-0.2424203170560999,-1.5197528029064635
169,1565960400,555,306,-249,861,33,-1.001972906173372,0.6541276982618315
169,1565974800,509,506,-3,1015,33,-0.24854574116188435,1.0470591503509366
169,1565989200,406,634,228,1040,33,0.4589407430562198,1.110846723742025
169,1566003600,105,1166,1061,1271,33,3.010179883115444,1.7002439018756825
169,1566018000,26,102,76,128,33,-0.006591488983398503,-1.2161239535648825
169,1566032400,77,421,344,498,33,0.814215341191718,-0.27206786737677313
169,1566046800,24,491,467,515,33,1.1909289236974618,-0.22869231747083296
169,1566061200,53,555,502,608,33,1.2981238455486896,0.008597455544016147
169,1566075600,112,381,269,493,33,0.5845119372248011,-0.2848253820549908
169,1566090000,57,193,136,250,33,0.17717123419013506,-0.9048405954163707
169,1566104400,10,70,60,80,33,-0.05559488182967412,-1.3385960944757724
169,1566118800,24,226,202,250,33,0.37931022968102196,-0.9048405954163707
169,1566133200,63,243,180,306,33,0.311930564517393,-0.7619564310203326
169,1566147600,35,223,188,258,33,0.3364322609405308,-0.8844285719312225
169,1566162000,74,266,192,340,33,0.3486831091520997,-0.6752053312084523
169,1566176400,31,153,122,184,33,0.1342932654496439,-1.0732397891688443
169,1566190800,23,57,34,80,33,-0.13522539520487198,-1.3385960944757724
169,1566205200,703,207,-496,910,33,-1.7584627832377517,0.7791513421083649
169,1566219600,545,264,-281,809,33,-1.0999796918659233,0.5214495456083674
169,1566234000,492,489,-3,981,33,-0.24854574116188435,0.9603080505390561
169,1566248400,340,790,450,1130,33,1.1388628187982939,1.3404819879499434
169,1566262800,85,413,328,498,34,0.8104848571511981,-0.4546592563160648
169,1566277200,48,87,39,135,34,-0.13735840290287674,-1.4183371406195155
169,1566291600,741,222,-519,963,34,-1.967450233733928,0.7798041491966201
169,1566306000,571,323,-248,894,34,-1.0786421940292419,0.5966257083786087
169,1566320400,533,513,-20,1046,34,-0.3308627362703176,1.0001492301806048
169,1566334800,377,852,475,1229,34,1.2926058233378728,1.485970312350113
169,1566349200,96,510,414,606,34,1.0925420210427221,-0.16794517503569925
169,1566363600,53,100,47,153,34,-0.11112052719203729,-1.3705514604061213
169,1566378000,749,226,-523,975,34,-1.9805691715893476,0.8116612693388829
169,1566392400,551,296,-255,847,34,-1.1016003352762265,0.4718519878214127
169,1566406800,520,540,20,1060,34,-0.1996733577161204,1.037315870346578
169,1566421200,315,896,581,1211,34,1.6402576765064956,1.4381846321367187
169,1566435600,104,473,369,577,34,0.9449539701692502,-0.2449332153795011
169,1566450000,47,87,40,134,34,-0.1340786684390218,-1.4209919006313707
169,1566464400,715,217,-498,932,34,-1.8985758099929744,0.6975065888291078
169,1566478800,587,355,-232,942,34,-1.026166442607563,0.7240541889476602
169,1566493200,505,504,-1,1009,34,-0.2685477814570739,0.901923109741961
169,1566507600,378,848,470,1226,34,1.2762071510185982,1.4780060323145472
169,1566522000,92,465,373,557,34,0.9580729080246699,-0.2980284156166058
169,1566536400,36,98,62,134,34,-0.061924510234213324,-1.4209919006313707
169,1566550800,677,202,-475,879,34,-1.823141917324311,0.5568043082007802
169,1566565200,592,313,-279,905,34,-1.1803139624087446,0.6258280685090164
169,1566579600,571,530,-41,1101,34,-0.39973716001127113,1.1461610308326426
169,1566594000,366,755,389,1121,34,1.0105486594463489,1.1992562310697474
169,1566608400,104,420,316,524,34,0.771128043584939,-0.38563549600782865
169,1566622800,25,99,74,124,34,-0.02256769666795416,-1.4475395007499232
169,1566637200,73,365,292,438,34,0.6924144164524206,-0.613944857027379
169,1566651600,92,421,329,513,34,0.8137645916150531,-0.4148378561382362
169,1566666000,103,465,362,568,34,0.9219958289222657,-0.26882605548619826
169,1566680400,97,417,320,514,34,0.7842469814403588,-0.412183096126381
169,1566694800,49,200,151,249,34,0.2299718570488755,-1.1156944992680187
169,1566709200,7,77,70,84,34,-0.03568663452337388,-1.5537299012241326
169,1566723600,31,210,179,241,34,0.32180442203681353,-1.1369325793628604
169,1566738000,50,341,291,391,34,0.6891346819885658,-0.738718577584575
169,1566752400,99,382,283,481,34,0.6628968062777263,-0.49979017651760377
169,1566766800,79,306,227,385,34,0.4792316763018502,-0.7546471376557065
169,1566781200,33,161,128,194,34,0.15453796438021208,-1.2617062999200566
169,1566795600,24,51,27,75,34,-0.17671521646913588,-1.5776227413308297
169,1566810000,718,213,-505,931,34,-1.921533951239959,0.6948518288172525
169,1566824400,581,340,-241,921,34,-1.0556840527822573,0.6683042286987002
169,1566838800,506,574,68,1080,34,-0.04224610345108374,1.0904110705836827
169,1566853200,376,886,510,1262,34,1.4073965295727955,1.5735773927413357
169,1566867600,31,117,86,148,35,0.46106185846938136,-1.1586879186803032
169,1566882000,3,6,3,9,35,0.06024848225385432,-1.4471001327698234
169,1566896400,644,268,-376,912,35,-1.7699716332363233,0.42654180480454235
169,1566910800,670,587,-83,1257,35,-0.35505212442729417,1.1423850699907618
169,1566925200,656,632,-24,1288,35,-0.07013659193673881,1.20670721845677
169,1566939600,601,920,319,1521,35,1.5862367579659813,1.6901607859593473
169,1566954000,39,145,106,184,35,0.5576433949068578,-1.0839912301391323
169,1566968400,2,2,0,4,35,0.045761251788232864,-1.457474672844986
169,1566982800,758,315,-443,1073,35,-2.093519780301869,0.7606019952247781
169,1566997200,667,614,-53,1281,35,-0.21017981977107958,1.1921828623515422
169,1567011600,733,644,-89,1377,35,-0.38402658535853706,1.3913740317946643
169,1567026000,588,977,389,1565,35,1.9242721354971488,1.781456738620778
169,1567040400,47,130,83,177,35,0.4465746280037599,-1.09851558624436
169,1567054800,2,1,-1,3,35,0.04093217496635904,-1.4595495808600185
169,1567069200,726,305,-421,1031,35,-1.9872800902206451,0.6734558585934123
169,1567083600,679,635,-44,1314,35,-0.1667181283742152,1.2606548268476154
169,1567098000,692,657,-35,1349,35,-0.12325643697735084,1.3332766073737536
169,1567112400,612,905,293,1517,35,1.460680760597262,1.6818611538992172
169,1567126800,59,136,77,195,35,0.417600167072517,-1.0611672419737748
169,1567141200,2,1,-1,3,35,0.04093217496635904,-1.4595495808600185
169,1567155600,642,222,-420,864,35,-1.9824510133987714,0.32694622008298135
169,1567170000,677,375,-302,1052,35,-1.4126199484176607,0.7170289269090951
169,1567184400,632,608,-24,1240,35,-0.07013659193673881,1.107111633735209
169,1567198800,432,662,230,1094,35,1.1564489208192115,0.804175063540461
169,1567213200,152,422,270,574,35,1.3496119936941642,-0.2747771042764495
169,1567227600,40,123,83,163,35,0.4465746280037599,-1.1275642984548153
169,1567242000,252,97,-155,349,35,-0.7027456556022091,-0.7416314076587666
169,1567256400,456,192,-264,648,35,-1.2291150291864554,-0.121233911164043
169,1567270800,427,359,-68,786,35,-0.2826159720991869,0.1651033949104448
169,1567285200,323,426,103,749,35,0.5431561644412363,0.08833179835424154
169,1567299600,129,436,307,565,35,1.5282878361034955,-0.2934512764117422
169,1567314000,45,145,100,190,35,0.5286689339756149,-1.0715417820489372
169,1567328400,172,70,-102,242,35,-0.4468045840428967,-0.9636465652672462
169,1567342800,423,186,-237,609,35,-1.0987299549958625,-0.20215532375031128
169,1567357200,437,314,-123,751,35,-0.5482151973022469,0.09248161438430658
169,1567371600,251,449,198,700,35,1.0019184625192492,-0.01333869438235195
169,1567386000,103,388,285,491,35,1.4220481460222716,-0.4469944695241487
169,1567400400,33,108,75,141,35,0.40794201342876935,-1.1732122747855307
169,1567414800,197,81,-116,278,35,-0.5144116595491302,-0.8889498767260755
169,1567429200,387,205,-182,592,35,-0.8331307297928023,-0.23742876000586413
169,1567443600,385,371,-14,756,35,-0.02184582371800061,0.10285615445946919
169,1567458000,228,400,172,628,35,0.8763624651505298,-0.1627320714646934
169,1567472400,79,341,262,420,36,0.888228910858893,-0.9744574843285053
169,1567486800,36,85,49,121,36,0.14358493779698156,-1.6117803887708453
169,1567501200,826,331,-495,1157,36,-1.7582287774409517,0.5964688721062926
169,1567515600,667,615,-52,1282,36,-0.20950915271594353,0.8629082134283412
169,1567530000,681,652,-29,1333,36,-0.12910158754963386,0.971615464687737
169,1567544400,575,971,396,1546,36,1.3566903774800014,1.4256281023005077
169,1567558800,113,481,368,594,36,1.2588029068427549,-0.6035739212082138
169,1567573200,44,129,85,173,36,0.26944025718772713,-1.5009416227808732
169,1567587600,826,289,-537,1115,36,-1.9050599833968216,0.5069452534220844
169,1567602000,689,604,-85,1293,36,-0.324876528824127,0.8863548754646815
169,1567616400,704,602,-102,1306,36,-0.3843082074253124,0.9140645669621745
169,1567630800,609,974,365,1583,36,1.2483149635601927,1.504494147331834
169,1567645200,142,484,342,626,36,1.167907398393883,-0.5353654498297694
169,1567659600,55,112,57,167,36,0.17155278655048056,-1.5137307111643314
169,1567674000,858,281,-577,1139,36,-2.0448992271643167,0.5581016069559177
169,1567688400,679,626,-53,1305,36,-0.21300513381013092,0.9119330522315982
169,1567702800,728,666,-62,1394,36,-0.2444689636578173,1.1016378632528967
169,1567717200,608,917,309,1525,36,1.0525400222856995,1.3808662929584035
169,1567731600,139,481,342,620,36,1.167907398393883,-0.5481545382132277
169,1567746000,49,110,61,159,36,0.1855367109272301,-1.5307828290089427
169,1567760400,909,296,-613,1205,36,-2.170754546555062,0.6987815791739593
169,1567774800,692,525,-167,1217,36,-0.6115469785474918,0.724359755940876
169,1567789200,702,649,-53,1351,36,-0.21300513381013092,1.0099827298381119
169,1567803600,414,885,471,1299,36,1.6188889595440548,0.8991439638481398
169,1567818000,146,539,393,685,36,1.3462024341974392,-0.4096060807257625
169,1567832400,45,123,78,168,36,0.2449683895284155,-1.5115991964337552
169,1567846800,289,141,-148,430,36,-0.5451233377579318,-0.9531423370227414
169,1567861200,542,214,-328,756,36,-1.1743999347116596,-0.2582685348548389
169,1567875600,488,388,-100,876,36,-0.37731624523693763,-0.002486767185672372
169,1567890000,354,468,114,822,36,0.37082370891916105,-0.11758856263679733
169,1567904400,154,463,309,617,36,1.0525400222856995,-0.5545490824049569
169,1567918800,25,168,143,193,36,0.47220716065059504,-1.4583113281693454
169,1567933200,204,58,-146,262,36,-0.5381313755695569,-1.3112368117595747
169,1567947600,484,209,-275,693,36,-0.9891129367197287,-0.3925539628811514
169,1567962000,450,358,-92,808,36,-0.34934839648343863,-0.14742976886486675
169,1567976400,278,453,175,731,36,0.5840785556645911,-0.31155640311924865
169,1567990800,92,349,257,441,36,0.8707490053879561,-0.9296956749864012
169,1568005200,40,76,36,116,36,0.09813718357254565,-1.6224379624237273
169,1568019600,893,349,-544,1242,36,-1.9295318510561332,0.7776476242052857
169,1568034000,660,584,-76,1244,36,-0.29341269897644057,0.7819106536664384
169,1568048400,709,602,-107,1311,36,-0.40178811289624927,0.9247221406150564
169,1568062800,577,939,362,1516,36,1.2378270202776305,1.361682660383216
169,1568077200,132,470,338,602,37,1.0193778721061153,-0.9592863759694028
169,1568091600,49,94,45,143,37,0.19937106767822574,-1.878793275131005
169,1568106000,955,296,-659,1251,37,-1.7708841893771816,0.3408442940869804
169,1568120400,665,623,-42,1288,37,-0.04411218141811011,0.41496576526122725
169,1568134800,739,660,-79,1399,37,-0.14766252873494257,0.6373301787839677
169,1568149200,605,1006,401,1611,37,1.1956933283482896,1.0620261757823548
169,1568163600,117,540,423,657,37,1.257263805131271,-0.8491058107103873
169,1568178000,55,102,47,157,37,0.20496838374940587,-1.8507473130650738
169,1568192400,906,329,-577,1235,37,-1.5413942304587962,0.30879176601163044
169,1568206800,702,571,-131,1273,37,-0.29319274658562605,0.38491652019058664
169,1568221200,990,633,-357,1623,37,-0.9256894626289812,1.0860655718388672
169,1568235600,827,948,121,1775,37,0.41206907838307083,1.390564588554692
169,1568250000,177,503,326,680,37,0.9857939756790346,-0.8030303016020717
169,1568264400,58,91,33,149,37,0.16578717125114492,-1.866773577102749
169,1568278800,1251,306,-945,1557,37,-2.5713003875559406,0.9538488935280487
169,1568293200,758,601,-157,1359,37,-0.3659578555109678,0.5571988585955927
169,1568307600,734,695,-39,1429,37,-0.035716207311339905,0.6974286689252489
169,1568322000,587,916,329,1503,37,0.9941899497858048,0.8456716112737425
169,1568336400,141,574,433,715,37,1.2852503854871717,-0.7329153964372436
169,1568350800,60,110,50,170,37,0.21336435785617608,-1.824704634003852
169,1568365200,882,311,-571,1193,37,-1.5246022822452556,0.2246538798138368
169,1568379600,703,512,-191,1215,37,-0.4611122287210301,0.268726105917443
169,1568394000,721,586,-135,1307,37,-0.3043873787279863,0.4530281423507053
169,1568408400,496,797,301,1293,37,0.9158275247892829,0.42498218028477414
169,1568422800,174,696,522,870,37,1.5343309506546876,-0.4224065307072908
169,1568437200,94,300,206,394,37,0.6499550114082265,-1.3759692409489523
169,1568451600,638,230,-408,868,37,-1.0684210224440747,-0.4264130967167095
169,1568466000,1032,561,-471,1593,37,-1.244736478686249,1.025967081697586
169,1568480400,1027,865,-162,1892,37,-0.37995114568891813,1.6249487001056886
169,1568494800,687,933,246,1620,37,0.7619013328318293,1.0800557228247392
169,1568509200,240,746,506,986,37,1.4895524220852465,-0.19002570216100348
169,1568523600,84,238,154,322,37,0.504424793557543,-1.5202056172880274
169,1568538000,439,129,-310,568,37,-0.794152534956248,-1.0273979981295214
169,1568552400,921,346,-575,1267,37,-1.535796914387616,0.3728968221623304
169,1568566800,919,795,-124,1714,37,-0.2736021403364956,1.2683643252674202
169,1568581200,575,901,326,1476,37,0.9857939756790346,0.7915829701465894
169,1568595600,202,632,430,834,37,1.2768544113804015,-0.4945247188768282
169,1568610000,94,94,0,188,37,0.0734314560766727,-1.7886455399190833
169,1568624400,888,323,-565,1211,37,-1.5078103340317153,0.2607129738986055
169,1568638800,620,600,-20,1220,37,0.017458295364871368,0.2787425209409899
169,1568653200,712,623,-89,1335,37,-0.17564910909084325,0.5091200664825678
169,1568667600,593,861,268,1454,37,0.8234718096148107,0.7475107440429832
169,1568682000,139,637,498,776,38,1.5566033506306196,-0.30108394573707115
169,1568696400,111,184,73,295,38,0.1629659690524022,-1.386360915008567
169,1568705214,338,59,-279,397,38,-0.9912936975723801,-1.1562190213168984
169,1568710800,607,345,-262,952,38,-0.9355482023092514,0.09602363553482747
169,1568725200,670,586,-84,1256,38,-0.3518600754364922,0.781936730459016
169,1568739600,720,681,-39,1401,38,-0.20429847032821036,1.1090992263932506
169,1568754000,601,920,319,1521,38,0.9696360769776763,1.3798543954422724
169,1568768400,144,628,484,772,38,1.510695295708043,-0.3101091180387052
169,1568782800,118,218,100,336,38,0.2515029321173713,-1.2938528989168177
169,1568797200,893,315,-578,1208,38,-1.9717585848474084,0.6736346628394073
169,1568811600,701,614,-87,1315,38,-0.36169751577704434,0.9150580219081184
169,1568826000,712,624,-88,1336,38,-0.3649766625572284,0.9624401764916972
169,1568840400,603,1076,473,1679,38,1.4746246811260186,1.7363487013568177
169,1568854800,148,648,500,796,38,1.5631616441909877,-0.2559580842289009
169,1568869200,120,251,131,371,38,0.35315648230307656,-1.2148826412775198
169,1568883600,914,321,-593,1235,38,-2.020945786550169,0.7345545758754372
169,1568898000,706,597,-109,1303,38,-0.4338387449410932,0.8879825050032162
169,1568912400,761,701,-60,1462,38,-0.27316055271207523,1.2467331039931702
169,1568926800,601,913,312,1514,38,0.946682049516388,1.3640603439144128
169,1568941200,160,693,533,853,38,1.671373487937061,-0.12734937893061551
169,1568955600,118,271,153,389,38,0.4252977114671255,-1.1742693659201664
169,1568970000,857,305,-552,1162,38,-1.8865007685626234,0.5698451813706156
169,1568984400,719,473,-246,1192,38,-0.8830818538263068,0.637533973632871
169,1568998800,729,585,-144,1314,38,-0.5486088822475346,0.9128017288327098
169,1569013200,461,881,420,1342,38,1.3008299017762643,0.9759779349441483
169,1569027600,187,534,347,721,38,1.0614521868228295,-0.42518006488453947
169,1569042000,39,147,108,186,38,0.27773610635884366,-1.632296860228095
169,1569056400,272,118,-154,390,38,-0.581400350049375,-1.172013072844758
169,1569070800,536,221,-315,757,38,-1.1093429816590057,-0.34395351416983294
169,1569085200,513,386,-127,899,38,-0.4928633869844059,-0.023559897461823825
169,1569099600,372,455,83,827,38,0.19575743685424263,-0.1860129988912369
169,1569114000,139,419,280,558,38,0.8417493525504987,-0.7929558361761274
169,1569128400,36,145,109,181,38,0.2810152531390277,-1.6435783256051375
169,1569142800,195,78,-117,273,38,-0.4600719191825655,-1.4359993626675542
169,1569157200,479,176,-303,655,38,-1.069993220296797,-0.5740954078615015
169,1569171600,458,400,-58,858,38,-0.26660225915170715,-0.11606791355357293
169,1569186000,241,479,238,720,38,0.704025187782769,-0.427436357959948
169,1569200400,85,340,255,425,38,0.7597706830458977,-1.0930428152054599
169,1569214800,44,79,35,123,38,0.03835839140540867,-1.7744433239788313
169,1569229200,894,335,-559,1229,38,-1.9094547960239117,0.7210168174229861
169,1569243600,626,598,-28,1224,38,-0.16822785574618593,0.7097353520459435
169,1569258000,733,650,-83,1383,38,-0.3485809286563082,1.0684859510358975
169,1569272400,552,968,416,1520,38,1.2877133146555282,1.377598102366864
169,1569286800,121,526,405,647,39,1.320736967165179,-0.4757866464184347
169,1569301200,36,80,44,116,39,0.1276355672510677,-1.6511293345469162
169,1569315600,957,331,-626,1288,39,-2.0867077511490835,0.9430356946180184
169,1569330000,655,588,-67,1243,39,-0.23921832579731556,0.8434303820647573
169,1569344400,684,643,-41,1327,39,-0.15328858508327983,1.0293602988308448
169,1569358800,571,989,418,1560,39,1.3637018375221968,1.5450944727177303
169,1569373200,117,516,399,633,39,1.3009070270004015,-0.5067749658794493
169,1569387600,55,95,40,150,39,0.11441560714121606,-1.5758719872844522
169,1569402000,898,336,-562,1234,39,-1.8751883893914572,0.823509319554105
169,1569416400,690,599,-91,1289,39,-0.31853808645642545,0.9452491460080908
169,1569430800,748,725,-23,1473,39,-0.09379876458894741,1.3525242017814254
169,1569445200,598,922,324,1520,39,1.0530327749406831,1.4565564171148313
169,1569459600,141,555,414,696,39,1.350481877412345,-0.3673275283048837
169,1569474000,55,105,50,160,39,0.1474655074158452,-1.5537374733837275
169,1569488400,919,293,-626,1212,39,-2.0867077511490835,0.7748133889725107
169,1569502800,729,582,-147,1311,39,-0.5036175279943486,0.9939450765896852
169,1569517200,720,613,-107,1333,39,-0.37141792689583203,1.0426410071712795
169,1569531600,622,899,277,1521,39,0.8976982436499261,1.4587698685049038
169,1569546000,135,553,418,688,39,1.3637018375221968,-0.38503513942546347
169,1569560400,53,91,38,144,39,0.10780562708629024,-1.589152695624887
169,1569574800,862,303,-559,1165,39,-1.8652734193090685,0.6707811736391046
169,1569589200,711,503,-208,1214,39,-0.7052219196695861,0.7792402917526556
169,1569603600,729,563,-166,1292,39,-0.5664123385161438,0.9518895001783083
169,1569618000,501,826,325,1327,39,1.056337764968146,1.0293602988308448
169,1569632400,160,520,360,680,39,1.172012415929348,-0.4027427505460432
169,1569646800,29,142,113,171,39,0.3556798791460087,-1.5293895080929303
169,1569661200,278,134,-144,412,39,-0.49370255791195977,-0.9959477230854651
169,1569675600,519,224,-295,743,39,-0.9927560520588596,-0.2632953129714776
169,1569690000,501,384,-117,885,39,-0.40446782717046115,0.05101478441881309
169,1569704400,395,475,80,870,39,0.24661520823973254,0.017813013567726042
169,1569718800,149,450,301,599,39,0.9770180043090361,-0.5820323131419133
169,1569733200,32,175,143,207,39,0.45482957996989604,-1.4497052580503214
169,1569747600,198,74,-124,272,39,-0.42760275736270154,-1.3058309176956109
169,1569762000,473,185,-288,658,39,-0.9696211218666193,-0.4514386811276375
169,1569776400,446,376,-70,822,39,-0.2491332958797043,-0.08843265315575251
169,1569790800,239,454,215,693,39,0.6927888619472257,-0.3739678824751011
169,1569805200,78,333,255,411,39,0.8249884630457422,-0.9981611744755375
169,1569819600,48,77,29,125,39,0.07806071683912402,-1.631208272036264
169,1569834000,674,210,-464,884,39,-1.5512993667000918,0.048801333028740616
169,1569848400,575,335,-240,910,39,-0.8109816005483994,0.10635106917062483
169,1569862800,536,525,-11,1061,39,-0.054138884259392464,0.44058222907156774
169,1569877200,351,905,554,1256,39,1.8131804812571528,0.8722052501356994
169,1569891600,90,445,355,535,40,0.9602904371866725,-0.540132471583154
169,1569906000,50,62,12,112,40,-0.1548106460078466,-1.4104384293326837
169,1569920400,721,222,-499,943,40,-1.8160836883180485,0.2993115727710023
169,1569934800,642,323,-319,965,40,-1.2308994464083882,0.3445757124175499
169,1569949200,516,486,-30,1002,40,-0.2913536357867673,0.42070176545947097
169,1569963600,381,907,526,1288,40,1.5162154670008496,1.0091355808645903
169,1569978000,108,525,417,633,40,1.1618538982888889,-0.3385013040667145
169,1569992400,49,69,20,118,40,-0.12880245747852836,-1.3980936639745343
169,1570006800,884,304,-580,1188,40,-2.0794165971773952,0.803389491562101
169,1570021200,706,603,-103,1309,40,-0.5286783561167961,1.0523422596181131
169,1570035600,736,614,-122,1350,40,-0.5904478038739269,1.1366981562321337
169,1570050000,578,983,405,1561,40,1.1228416154949115,1.570822404660386
169,1570064400,124,526,402,650,40,1.1130885447964172,-0.30352446888529133
169,1570078800,52,89,37,141,40,-0.07353505685372713,-1.3507720634349618
169,1570093200,915,309,-606,1224,40,-2.16394320989768,0.8774580837109972
169,1570107600,693,625,-68,1318,40,-0.4148925313010289,1.070859407655337
169,1570122000,746,680,-66,1426,40,-0.40839048416869933,1.2930651841020255
169,1570136400,586,878,292,1464,40,0.7554759525182914,1.3712486980369716
169,1570150800,145,536,391,681,40,1.0773272855686045,-0.23974318120151966
169,1570165200,55,100,45,155,40,-0.04752686832440891,-1.3219676109326133
169,1570179600,879,281,-598,1160,40,-2.1379350213683614,0.7457805865574041
169,1570194000,708,497,-211,1205,40,-0.8797889012625921,0.8383663267435242
169,1570208400,692,641,-51,1333,40,-0.35962513067622764,1.1017213210507104
169,1570222800,467,822,355,1289,40,0.9602904371866725,1.0111930417576152
169,1570237200,122,545,423,667,40,1.1813600396858774,-0.26854763370386814
169,1570251600,11,138,127,149,40,0.21905706410110293,-1.3343123762907627
169,1570266000,65,125,60,190,40,0.0012384851680627685,-1.249956479676742
169,1570280400,163,271,108,434,40,0.15728761634397215,-0.7479360217786681
169,1570294800,154,393,239,547,40,0.5831717035115581,-0.5154429408668553
169,1570309200,121,499,378,620,40,1.0350639792084624,-0.3652482956760381
169,1570323600,55,425,370,480,40,1.0090557906791442,-0.6532928206995231
169,1570338000,15,154,139,169,40,0.25806934689508026,-1.2931631584302647
169,1570352400,44,102,58,146,40,-0.005263561964266789,-1.3404847589698374
169,1570366800,105,198,93,303,40,0.10852226285150046,-1.017463398764929
169,1570381200,115,366,251,481,40,0.6221839863055355,-0.6512353598064983
169,1570395600,80,437,357,517,40,0.9667924843190021,-0.5771667676576021
169,1570410000,33,337,304,370,40,0.7944882353122688,-0.8796135189322614
169,1570424400,15,76,61,91,40,0.004489508734227547,-1.4536451080862065
169,1570438800,877,277,-600,1154,40,-2.144437068500691,0.7334358211992547
169,1570453200,656,542,-114,1198,40,-0.5644396153446087,0.8239641004923499
169,1570467600,720,631,-89,1351,40,-0.48316402619048926,1.1387556171251585
169,1570482000,622,957,335,1579,40,0.8952699658633769,1.607856700734834
169,1570496400,123,417,294,540,41,0.975216297455242,-0.6225547129132342
169,1570510800,54,63,9,117,41,0.03729736120751207,-1.6942898902016565
169,1570525200,913,260,-653,1173,41,-2.141307325795987,0.981247573667313
169,1570539600,603,315,-288,918,41,-0.9401128986717013,0.3351660838125902
169,1570554000,576,603,27,1179,41,0.09653434665473712,0.9964494910756594
169,1570568400,429,875,446,1304,41,1.475439730120698,1.3131561037495432
169,1570582800,96,537,441,633,41,1.4589850119409133,-0.3869249930838647
169,1570597200,37,108,71,145,41,0.24133586663684278,-1.6233476089627066
169,1570611600,679,202,-477,881,41,-1.5621012458675645,0.24142092646112062
169,1570626000,581,303,-278,884,41,-0.9072034623121319,0.24902188516529383
169,1570640400,543,508,-35,1051,41,-0.1075041587745936,0.6721419196976025
169,1570654800,393,837,444,1230,41,1.4688578428487842,1.125665789046604
169,1570669200,92,496,404,588,41,1.3372200974105062,-0.5009393736464628
169,1570683600,55,97,42,152,41,0.14589850119409134,-1.605612038652969
169,1570698000,900,291,-609,1191,41,-1.9965058058138814,1.0268533258923522
169,1570712400,705,555,-150,1260,41,-0.4859626769096425,1.201675376088336
169,1570726800,729,661,-68,1390,41,-0.2161052987611729,1.531050253269175
169,1570741200,625,860,235,1485,41,0.7810506229337822,1.7717472789013267
169,1570755600,150,581,431,731,41,1.4260755755813437,-0.13862700874753983
169,1570770000,58,107,49,165,41,0.16893510664578998,-1.5726745509348852
169,1570784400,870,278,-592,1148,41,-1.940559764002613,0.9179062511325362
169,1570798800,679,454,-225,1133,41,-0.7327834496064136,0.8799014576116702
169,1570813200,726,595,-131,1321,41,-0.4234347478264605,1.3562282030731914
169,1570827600,505,786,281,1291,41,0.9324340301878017,1.2802186160314593
169,1570842000,156,521,365,677,41,1.2088732956081853,-0.2754442654226576
169,1570856400,41,169,128,210,41,0.4289196538863888,-1.4586601703722872
169,1570870800,267,108,-159,375,41,-0.5155811696332551,-1.0406074416427606
169,1570885200,530,223,-307,753,41,-1.0026408277548833,-0.0828866449169363
169,1570899600,496,357,-139,853,41,-0.4497622969141161,0.17047864522217068
169,1570914000,339,457,118,796,41,0.3960102175268193,0.026060429842879696
169,1570928400,151,491,340,642,41,1.1265997047092615,-0.36412211697134506
169,1570942800,34,166,132,200,41,0.44208342843021664,-1.483996699386198
169,1570957200,189,64,-125,253,41,-0.4036890860107189,-1.3497130956124712
169,1570971600,451,170,-281,621,41,-0.9170762932200027,-0.4173288279005575
169,1570986000,462,359,-103,821,41,-0.33128832601966607,0.08940175237765643
169,1571000400,291,442,151,733,41,0.5046113575133986,-0.1335597029447577
169,1571014800,94,358,264,452,41,0.8764879883765336,-0.8455161682356482
169,1571029200,38,101,63,139,41,0.2150083175491872,-1.638549526371053
169,1571043600,549,165,-384,714,41,-1.2560434877235682,-0.18169910807118803
169,1571058000,542,257,-285,799,41,-0.9302400677638305,0.0336613885470529
169,1571072400,477,474,-3,951,41,-0.0021939624239712976,0.4187766295584955
169,1571086800,321,780,459,1101,41,1.5182219973881383,0.7988245647671559
169,1571101200,82,503,421,585,42,1.3634599672813426,-0.6728626105941089
169,1571115600,45,79,34,124,42,0.054750961246681995,-1.638469330600271
169,1571130000,882,321,-561,1203,42,-1.9573468645688816,0.6215949880258654
169,1571144400,698,619,-79,1317,42,-0.3273785418073662,0.8603784285479966
169,1571158800,710,676,-34,1386,42,-0.1752030759893824,1.0049052478113918
169,1571173200,611,937,326,1548,42,1.0422006505544879,1.3442290843428413
169,1571187600,126,522,396,648,42,1.2789180418269073,-0.5409033408318785
169,1571202000,53,93,40,146,42,0.0750410233557465,-1.5923883157626668
169,1571216400,893,307,-586,1200,42,-2.041888790023317,0.615311213275283
169,1571230800,674,650,-24,1324,42,-0.14138630580760822,0.8750405696326888
169,1571245200,733,713,-20,1446,42,-0.12785959773489855,1.1305807428230399
169,1571259600,639,986,347,1625,42,1.1132158679362136,1.5055126362744562
169,1571274000,98,555,457,653,42,1.4852003399357296,-0.5304303829142412
169,1571288400,47,97,50,144,42,0.10885779353752068,-1.5965774989297217
169,1571302800,892,299,-593,1191,42,-2.065560529150559,0.5964598890235359
169,1571317200,721,589,-132,1310,42,-0.5066074237707693,0.8457162874633043
169,1571331600,746,695,-51,1441,42,-0.23269158529839848,1.1201077849054024
169,1571346000,602,902,300,1504,42,0.9542770480818751,1.252067054667633
169,1571360400,158,583,425,741,42,1.3769866753540523,-0.3461063235638241
169,1571374800,59,111,52,170,42,0.11562114757387551,-1.5421181177580074
169,1571389200,876,301,-575,1177,42,-2.0046903428233653,0.5671356068541513
169,1571403600,673,535,-138,1208,42,-0.5268974858798338,0.6320679459435028
169,1571418000,723,641,-82,1364,42,-0.33752357286189844,0.9588242329737875
169,1571432400,523,864,341,1387,42,1.0929258058271492,1.0069998393949193
169,1571446800,150,547,397,697,42,1.2822997188450846,-0.4382683532390326
169,1571461200,36,182,146,218,42,0.4334987872825528,-1.4415777217486891
169,1571475600,290,132,-158,422,42,-0.5945310262433822,-1.014281038709086
169,1571490000,564,280,-284,844,42,-1.0206223305337367,-0.13036339046049505
169,1571504400,508,383,-125,891,42,-0.4829356846435273,-0.03191758603470414
169,1571518800,367,520,153,887,42,0.4571705264097947,-0.040295952368814
169,1571533200,169,480,311,649,42,0.9914754952818267,-0.5388087492483511
169,1571547600,49,157,108,206,42,0.30499506059181086,-1.4667128207510187
169,1571562000,218,78,-140,296,42,-0.5336608399161886,-1.2781995782335467
169,1571576400,467,194,-273,661,42,-0.9834238833337852,-0.5136736502460214
169,1571590800,390,431,41,821,42,0.07842270037392392,-0.1785389968816268
169,1571605200,216,475,259,691,42,0.815628290336601,-0.45083590274019747
169,1571619600,87,347,260,434,42,0.8190099673547784,-0.9891459397067563
169,1571634000,50,57,7,107,42,-0.03655431824410828,-1.674077387520238
169,1571648400,877,296,-581,1173,42,-2.02498040493243,0.5587572405200414
169,1571662800,641,616,-25,1257,42,-0.14476798282578562,0.7347029335363486
169,1571677200,702,685,-17,1387,42,-0.1177145666803663,1.0069998393949193
169,1571691600,612,967,355,1579,42,1.140269284081633,1.4091614234321928
169,1571706000,121,493,372,614,43,1.1973295985605943,-0.5839742835897552
169,1571720400,36,85,49,121,43,0.13437734844129437,-1.5928830458767365
169,1571734800,884,336,-548,1220,43,-1.830274333667752,0.6561853714729439
169,1571749200,703,603,-100,1306,43,-0.3559628536261226,0.8321816261518087
169,1571763600,718,693,-25,1411,43,-0.1091473156727248,1.0470607743062368
169,1571778000,557,1056,499,1613,43,1.6152705761616812,1.4604473259938031
169,1571792400,120,570,450,690,43,1.4540177580321278,-0.42844270968750253
169,1571806800,51,75,24,126,43,0.05210550245682843,-1.5826507054884305
169,1571821200,878,325,-553,1203,43,-1.8467287028646453,0.621395414152703
169,1571835600,675,615,-60,1290,43,-0.22432790005097714,0.7994381369092292
169,1571850000,715,656,-59,1371,43,-0.2210370262115985,0.965202051199788
169,1571864400,637,1001,364,1638,43,1.171002607845565,1.5116090279353336
169,1571878800,136,512,376,648,43,1.2104930939181087,-0.5143943689492737
169,1571893200,56,63,7,119,43,-0.0038393528126084084,-1.5969759820320588
169,1571907600,913,315,-598,1228,43,-1.9948180256366839,0.6725571160942336
169,1571922000,697,553,-144,1250,43,-0.5007613025587826,0.7175794138027805
169,1571936400,720,675,-45,1395,43,-0.17496479246029756,1.0143172850636573
169,1571950800,640,965,325,1605,43,1.0426585281097982,1.4440755813725132
169,1571965200,166,556,390,722,43,1.2565653276694098,-0.3629557312023435
169,1571979600,43,108,65,151,43,0.18703132987135257,-1.5314890035468998
169,1571994000,848,258,-590,1106,43,-1.968491034921655,0.4228880106195648
169,1572008400,726,463,-263,1189,43,-0.8923752894448406,0.592744861065446
169,1572022800,762,579,-183,1341,43,-0.6291053822945495,0.9038080088699514
169,1572037200,533,887,354,1420,43,1.1380938694517788,1.0654789870051877
169,1572051600,145,557,412,702,43,1.3289645521357396,-0.4038850927555679
169,1572066000,47,144,97,191,43,0.29233929273146897,-1.449630280440451
169,1572080400,282,120,-162,402,43,-0.5599970316675981,-1.0178255160539338
169,1572094800,530,272,-258,802,43,-0.8759209202479474,-0.19923828498944593
169,1572109200,513,410,-103,923,43,-0.36583547514425857,0.04838435240756162
169,1572123600,377,482,105,859,43,0.31866628344649806,-0.08258960456275642
169,1572138000,164,484,320,648,43,1.026204158912905,-0.5143943689492737
169,1572152400,38,174,136,212,43,0.4206833724672358,-1.4066544508095655
169,1572166800,182,86,-96,268,43,-0.3427993582686081,-1.292052238460537
169,1572181200,395,182,-213,577,43,-0.7278315974759086,-0.6596936024632203
169,1572195600,367,294,-73,661,43,-0.2671092599628994,-0.4877902839396779
169,1572210000,238,487,249,725,43,0.7925521163170219,-0.35681632696935983
169,1572224400,79,315,236,394,43,0.7497707564050996,-1.0341972606752234
169,1572238800,34,73,39,107,43,0.101468610047508,-1.6215335989639936
169,1572253200,888,300,-588,1188,43,-1.9619092872428976,0.5906983929877848
169,1572267600,755,587,-168,1342,43,-0.57974227470387,0.9058544769476126
169,1572282000,773,643,-130,1416,43,-0.4546890688074817,1.0572931146945428
169,1572296400,573,1006,433,1579,43,1.398072902762691,1.3908674113533217
169,1572310800,133,533,400,666,44,1.3576973897803266,-0.5022828010924565
169,1572325200,46,88,42,134,44,0.12211223345924012,-1.651004081298173
169,1572339600,930,328,-602,1258,44,-2.1005605058446135,0.7759935107154083
169,1572354000,691,526,-165,1217,44,-0.5923182898884272,0.687464239120607
169,1572368400,706,671,-35,1377,44,-0.1436421158053511,1.032944323393003
169,1572382800,551,972,421,1523,44,1.4301758486706697,1.348194900291564
169,1572397200,136,548,412,684,44,1.3991136520033798,-0.46341629161181197
169,1572411600,54,95,41,149,44,0.11866087827398568,-1.6186153233976357
169,1572426000,901,328,-573,1229,44,-2.000471205472235,0.7133752454410366
169,1572440400,715,633,-82,1348,44,-0.3058558095123094,0.970326058118631
169,1572454800,726,664,-62,1390,44,-0.23682870580722076,1.061014580240135
169,1572469200,549,950,401,1499,44,1.361148744965581,1.2963728876507048
169,1572483600,160,579,419,739,44,1.423273138300161,-0.34465751264317585
169,1572498000,44,82,38,126,44,0.10830681271822239,-1.6682780855117927
169,1572512400,867,281,-586,1148,44,-2.045338822880543,0.5384759527781362
169,1572526800,655,617,-38,1272,44,-0.1539961813611144,0.806223018089243
169,1572541200,717,690,-27,1407,44,-0.11603127432331566,1.097721839194077
169,1572555600,649,889,240,1538,44,0.8054805601396176,1.3805836581921012
169,1572570000,217,569,352,786,44,1.192032340888114,-0.24317273788815957
169,1572584400,46,122,76,168,44,0.23945830975789079,-1.5775895633902888
169,1572598800,829,300,-529,1129,44,-1.84861157732104,0.49745019277078917
169,1572613200,722,484,-238,1206,44,-0.8442672184120007,0.6637124833268797
169,1572627600,737,644,-93,1381,44,-0.3438207165501081,1.0415813254998127
169,1572642000,487,815,328,1302,44,1.1091998164420076,0.8710005338903173
169,1572656400,158,539,381,697,44,1.2921216412604926,-0.4353460347646798
169,1572670800,41,166,125,207,44,0.4085747138353579,-1.4933787928488922
169,1572685200,299,143,-156,442,44,-0.5612560932211373,-0.9859549190738108
169,1572699600,572,271,-301,843,44,-1.0617025950830297,-0.12009545786611853
169,1572714000,523,431,-92,954,44,-0.3403693613648537,0.11958135059785614
169,1572728400,385,534,149,919,44,0.49140723828146426,0.04400758216326954
169,1572742800,155,428,273,583,44,0.9193752812530138,-0.6815005948087619
169,1572753600,28,166,138,194,44,0.4534423312436655,-1.5214490496960245
169,1572768000,160,79,-81,239,44,-0.30240445432705493,-1.424282775994413
169,1572782400,465,152,-313,617,44,-1.1031188573060828,-0.6080860769008778
169,1572796800,493,387,-106,880,44,-0.38868833395841573,-0.04020318837812697
169,1572811200,310,512,202,822,44,0.6743290630999491,-0.16543971892687048
169,1572825600,119,387,268,506,44,0.9021185053267418,-0.8477628853648524
169,1572840000,21,166,145,187,44,0.47760181754044656,-1.5365638033829419
169,1572854400,564,173,-391,737,44,-1.3723245617559285,-0.3489760136965808
169,1572868800,846,596,-250,1442,44,-0.8856834806350538,1.1732956076286636
169,1572883200,664,527,-137,1191,44,-0.4956803447013031,0.6313237254263426
169,1572897600,661,945,284,1606,44,0.9573401882908126,1.5274126940078696
169,1572912000,216,601,385,817,45,1.3378948750110782,-0.14241609962263246
169,1572926400,22,164,142,186,45,0.44251421308563144,-1.4565914033130936
169,1572940800,458,164,-294,622,45,-1.1640124066653763,-0.5485400048835515
169,1572955200,893,623,-270,1516,45,-1.075579748697431,1.3133818992357387
169,1572969600,674,540,-134,1214,45,-0.5744613535457403,0.6844105177547257
169,1572984000,641,995,354,1636,45,1.2236693584691487,1.5633043024732274
169,1572998400,222,670,448,892,45,1.5700306021769348,0.013785402400797927
169,1573012800,29,144,115,173,45,0.3430274728716929,-1.483666330330488
169,1573027200,558,172,-386,730,45,-1.5030042622091668,-0.32360984196981174
169,1573041600,951,641,-310,1592,45,-1.22296751197734,1.471666087952815
169,1573056000,694,562,-132,1256,45,-0.5670919653817449,0.7718833588878468
169,1573070400,734,1022,288,1756,45,0.9804795490572991,1.813226705710716
169,1573084800,223,703,480,926,45,1.687940812800862,0.08459674998475304
169,1573099200,31,188,157,219,45,0.4977846243155973,-1.387862742422784
169,1573113600,533,169,-364,702,45,-1.4219409924052169,-0.3819250693918924
169,1573128000,940,611,-329,1551,45,-1.2929766995352967,1.3862759335133397
169,1573142400,688,571,-117,1259,45,-0.5118215541517791,0.778131418968784
169,1573156800,709,991,282,1700,45,0.9583713845653127,1.6965962508665546
169,1573171200,273,649,376,922,45,1.3047326282730987,0.07626600321017009
169,1573185600,38,216,178,254,45,0.5751632000375495,-1.3149687081451833
169,1573200000,515,202,-313,717,45,-1.234021594223333,-0.3506847689872063
169,1573214400,828,482,-346,1310,45,-1.3556164989292578,0.8843484403447166
169,1573228800,650,530,-120,1180,45,-0.5228756363977722,0.6135991701707706
169,1573243200,598,929,331,1527,45,1.138921394583201,1.3362914528658418
169,1573257600,210,613,403,823,45,1.4042193684870372,-0.12991997946075803
169,1573272000,33,244,211,277,45,0.6967581047434744,-1.2670669141913313
169,1573286400,187,67,-120,254,45,-0.5228756363977722,-1.3149687081451833
169,1573300800,515,257,-258,772,45,-1.0313634197134582,-0.2361370008366907
169,1573315200,588,318,-270,906,45,-1.075579748697431,0.04294301611183827
169,1573329600,422,536,114,958,45,0.33934277878969515,0.15124272418141668
169,1573344000,182,483,301,665,45,1.0283805721232695,-0.4589844770567847
169,1573358400,36,249,213,285,45,0.7041274929074699,-1.2504054206421653
169,1573372800,129,71,-58,200,45,-0.29442460331391335,-1.427433789602053
169,1573387200,447,150,-297,597,45,-1.1750664889113696,-0.600607172224695
169,1573401600,481,339,-142,820,45,-0.6039389062017222,-0.13616803954169523
169,1573416000,281,484,203,765,45,0.6672805520874926,-0.25071580769221086
169,1573430400,120,404,284,524,45,0.9657407727293081,-0.7526433008608339
169,1573444800,27,138,111,165,45,0.328288696543702,-1.500327823879654
169,1573459200,389,131,-258,520,45,-1.0313634197134582,-0.7609740476354168
169,1573473600,751,573,-178,1324,45,-0.7365878931536403,0.913506054055757
169,1573488000,588,488,-100,1076,45,-0.44918175475781774,0.3969997540316138
169,1573502400,629,969,340,1598,45,1.1720836413211806,1.4841622081146892
169,1573516800,242,556,314,798,46,1.0737292352960417,-0.15197964218368304
169,1573531200,29,176,147,205,46,0.4254991736359938,-1.4545278074372316
169,1573545600,547,191,-356,738,46,-1.5269542456155278,-0.2837720366444131
169,1573560000,883,692,-191,1575,46,-0.8864874182268576,1.5547318660827711
169,1573574400,672,583,-89,1255,46,-0.49056247038658884,0.8518390956255442
169,1573588800,658,865,207,1523,46,0.6583962017773284,1.4405117908834717
169,1573603200,221,622,401,843,46,1.4114299261009768,-0.05313534633813551
169,1573617600,32,192,160,224,46,0.47596019639994963,-1.412793549191334
169,1573632000,528,196,-332,724,46,-1.433795434358994,-0.31452359535191676
169,1573646400,736,652,-84,1388,46,-0.4711543847081443,1.143978903346829
169,1573660800,332,575,243,907,46,0.7981344186621292,0.08744320775330987
169,1573675200,674,988,314,1662,46,1.0737292352960417,1.7458308380508296
169,1573689600,247,642,395,889,46,1.3881402232868434,0.04790548941509086
169,1573704000,37,193,156,230,46,0.460433727857194,-1.399614309745261
169,1573718400,549,177,-372,726,46,-1.5890601197865504,-0.3101305155365591
169,1573732800,758,644,-114,1402,46,-0.5876028987788117,1.1747304620543328
169,1573747200,323,596,273,919,46,0.9145829327327964,0.11380168664545588
169,1573761600,681,969,288,1650,46,0.9728071897681301,1.7194723591586836
169,1573776000,304,646,342,950,46,1.1824145150953311,0.18189442378349974
169,1573790400,39,205,166,244,46,0.4992498992140831,-1.3688627510377571
169,1573804800,498,191,-307,689,46,-1.3367550059667712,-0.39140249212067596
169,1573819200,853,451,-402,1304,46,-1.7055086338572176,0.959469551101807
169,1573833600,582,479,-103,1061,46,-0.5449051102862336,0.42571035353585035
169,1573848000,576,989,413,1565,46,1.4580093317292437,1.5327664670059828
169,1573862400,247,624,377,871,46,1.318271114844443,0.008367771076871844
169,1573876800,55,221,166,276,46,0.4992498992140831,-1.2985734739920345
169,1573891200,191,74,-117,265,46,-0.5992477501858784,-1.3227354129765017
169,1573905600,560,227,-333,787,46,-1.437677051494683,-0.17614158116815024
169,1573920000,536,290,-246,826,46,-1.099976360689748,-0.0904765247686757
169,1573934400,430,481,51,911,46,0.05286392860985849,0.09622936738402521
169,1573948800,182,459,277,641,46,0.9301094012755521,-0.49683640768926
169,1573963200,39,253,214,292,46,0.6855675217271507,-1.2634288354691732
169,1573977600,131,74,-57,205,46,-0.3663507220445438,-1.4545278074372316
169,1573992000,420,184,-236,604,46,-1.0611601893328586,-0.5781083842733769
169,1574006400,485,352,-133,837,46,-0.6613536243569009,-0.06631458578420851
169,1574020800,318,499,181,817,46,0.5574741562494168,-0.1102453839377852
169,1574035200,112,379,267,491,46,0.891293229918663,-0.8263173938410852
169,1574049600,24,113,89,137,46,0.20036537976603705,-1.6038925211593924
169,1574064000,514,181,-333,695,46,-1.437677051494683,-0.37822325267460294
169,1574078400,907,595,-312,1502,46,-1.3561630916452159,1.3943844528222162
169,1574092800,639,571,-68,1210,46,-0.40904851053712177,0.7529947997799966
169,1574107200,635,949,314,1584,46,1.0737292352960417,1.5745007252518806
169,1574121600,235,666,431,901,47,1.4342467252629425,0.07147023573836389
169,1574136000,40,173,133,213,47,0.321970127370199,-1.4110882221911158
169,1574150400,548,180,-368,728,47,-1.5479982469394136,-0.3013242602235547
169,1574164800,935,639,-296,1574,47,-1.2792602769787509,1.5217054714746137
169,1574179200,644,535,-109,1179,47,-0.581288049442029,0.670527287052892
169,1574193600,643,1004,361,1647,47,1.172973698912298,1.6790118194816661
169,1574208000,231,670,439,901,47,1.4641064997030162,0.07147023573836389
169,1574222400,31,151,120,182,47,0.2734479939050793,-1.4778895480571244
169,1574236800,549,178,-371,727,47,-1.5591956623544414,-0.30347914170310336
169,1574251200,763,619,-144,1382,47,-0.7119245626173514,1.1079682274012705
169,1574265600,322,551,229,873,47,0.6802874206510828,0.011133554311001341
169,1574280000,689,1031,342,1720,47,1.1020567346171233,1.8363181674887183
169,1574294400,256,630,374,886,47,1.2214958323774179,0.03914701354513395
169,1574308800,39,206,167,245,47,0.448874168740512,-1.3421320148455587
169,1574323200,538,205,-333,743,47,-1.4173617337640914,-0.26900103803032477
169,1574337600,784,679,-105,1463,47,-0.5663581622219923,1.2825136272447122
169,1574352000,295,599,304,894,47,0.9602228060267733,0.05638606538152325
169,1574366400,770,1072,302,1842,47,0.9527578624167549,2.099213707993655
169,1574380800,273,769,496,1042,47,1.676857392588541,0.3753085243547253
169,1574395200,48,205,157,253,47,0.4115494506904199,-1.3248929630091693
169,1574409600,490,168,-322,658,47,-1.3763045439089903,-0.45216596379196106
169,1574424000,876,489,-387,1365,47,-1.6189152112345886,1.0713352422489433
169,1574438400,612,518,-94,1130,47,-0.525300972366891,0.5649380945550075
169,1574452800,548,830,282,1378,47,0.8781084263165708,1.0993487014830758
169,1574467200,212,621,409,833,47,1.35213234555274,-0.07506170487094516
169,1574481600,42,252,210,294,47,0.6093704563559079,-1.2365428223476742
169,1574496000,163,93,-70,256,47,-0.43572164904667005,-1.3184283185705234
169,1574510400,472,220,-252,692,47,-1.1150315175583456,-0.3788999934873066
169,1574524800,544,345,-199,889,47,-0.9172105118928577,0.04561165798377994
169,1574539200,377,444,67,821,47,0.0756269882395913,-0.1009202826255291
169,1574553600,204,461,257,665,47,0.7847966311913406,-0.43708179343512044
169,1574568000,44,266,222,310,47,0.6541601180160184,-1.2020647186748956
169,1574582400,128,80,-48,208,47,-0.35360726933646747,-1.4218626295888592
169,1574596800,417,164,-253,581,47,-1.118763989363355,-0.6180918377172081
169,1574611200,414,336,-78,750,47,-0.4655814234867437,-0.25391686767348415
169,1574625600,267,441,174,708,47,0.4750014713755764,-0.3444218898145279
169,1574640000,121,422,301,543,47,0.9490253906117457,-0.6999773339400572
169,1574654400,35,124,89,159,47,0.15774136794979385,-1.5274518220867437
169,1574668800,492,151,-341,643,47,-1.447221508204165,-0.48448918598519103
169,1574683200,859,572,-287,1431,47,-1.2456680307336678,1.213557419899155
169,1574697600,661,556,-105,1217,47,-0.5663581622219923,0.7524127832757412
169,1574712000,632,891,259,1523,47,0.7922615748013591,1.4118065160176319
169,1574726400,163,558,395,721,48,1.7052558237238855,0.07221975331132491
169,1574740800,34,147,113,181,48,0.4871718736493605,-1.2626979362574213
169,1574755200,522,161,-361,683,48,-1.5602458296673944,-0.021718898917586864
169,1574769600,874,614,-260,1488,48,-1.12398171988893,1.968297286458044
169,1574784000,654,580,-74,1234,48,-0.32056464643551963,1.3403915584016337
169,1574798400,680,948,268,1628,48,1.1566861015272023,2.314387057827719
169,1574812800,234,590,356,824,48,1.5367974050965576,0.32684294224758575
169,1574827200,38,185,147,223,48,0.6340330591193386,-1.1588710048465187
169,1574841600,479,157,-322,636,48,-1.3917874110400665,-0.13790617930597773
169,1574856000,818,452,-366,1270,48,-1.5818430628247442,1.42938607103955
169,1574870400,745,299,-446,1044,48,-1.92739879334234,0.8706982972570749
169,1574884800,622,774,152,1396,48,0.6556302922766883,1.7408668652722576
169,1574899200,215,452,237,667,48,1.0227832559516339,-0.06127201564554971
169,1574913600,30,156,126,186,48,0.5433246798584698,-1.250337587279933
169,1574928000,189,80,-109,269,48,-0.47174527853696774,-1.0451557942536256
169,1574942400,337,201,-136,538,48,-0.5883703375866564,-0.38016901926475016
169,1574956800,407,277,-130,684,48,-0.5624536577978367,-0.019246829122089186
169,1574971200,264,306,42,570,48,0.18049116281499422,-0.3010627858088245
169,1574985600,167,297,130,464,48,0.5606024663843495,-0.5631021841315783
169,1575000000,34,106,72,140,48,0.31007456175909265,-1.364052797872826
169,1575014400,257,92,-165,349,48,-0.7136342898992849,-0.8473902106138114
169,1575028800,464,203,-261,667,48,-1.1283011665203997,-0.06127201564554971
169,1575043200,496,375,-121,871,48,-0.5235786381146071,0.44303022263597663
169,1575057600,334,580,246,914,48,1.0616582756348634,0.5493292238423768
169,1575072000,147,504,357,651,48,1.5411168517280276,-0.10082513237351257
169,1575086400,36,201,165,237,48,0.7117830984857977,-1.1242620277095512
169,1575100800,181,89,-92,270,48,-0.39831468580197865,-1.042683724458128
169,1575115200,404,164,-240,568,48,-1.037592787259531,-0.30600692539981983
169,1575129600,473,297,-176,770,48,-0.7611482028454543,0.19335117329071114
169,1575144000,349,469,120,818,48,0.5174080000696502,0.3120105234745997
169,1575158400,175,428,253,603,48,1.091894402055153,-0.2194844825574011
169,1575172800,40,191,151,231,48,0.6513108456452184,-1.1390944464825374
169,1575187200,116,66,-50,182,48,-0.2168979272802409,-1.2602258664619235
169,1575201600,362,150,-212,512,48,-0.9166482815783724,-0.4444428339476898
169,1575216000,341,322,-19,663,48,-0.08299508170467255,-0.07116029482754042
169,1575230400,225,404,179,629,48,0.7722553513263769,-0.15521066787446147
169,1575244800,98,385,287,483,48,1.2387555875251313,-0.5161328580171225
169,1575259200,23,123,100,146,48,0.43101906744025115,-1.34922037909984
169,1575273600,512,150,-362,662,48,-1.5645652762988644,-0.0736323646230381
169,1575288000,823,562,-261,1385,48,-1.1283011665203997,1.713674097521783
169,1575302400,604,494,-110,1098,48,-0.47606472516843773,1.0041900662139496
169,1575316800,557,943,386,1500,48,1.666380804040656,1.9979621240040162
169,1575331200,179,593,414,772,49,1.6711426651716197,-0.09327937570305513
169,1575345600,26,128,102,154,49,0.6009841603380711,-1.4936029591319164
169,1575360000,507,178,-329,685,49,-0.8773437742236577,-0.2904123073508075
169,1575374400,929,468,-461,1397,49,-1.330103141653236,1.322905478088269
169,1575388800,651,449,-202,1100,49,-0.4417343828330787,0.6499344355666318
169,1575403200,670,857,187,1527,49,0.8925337530010571,1.6174719276768645
169,1575417600,243,517,274,760,49,1.1909433360796426,-0.12047012489584856
169,1575432000,25,106,81,131,49,0.5289542609742746,-1.5457185617514373
169,1575446400,535,129,-406,664,49,-1.141453405224245,-0.33799611843819594
169,1575460800,894,413,-481,1307,49,-1.3987030458092327,1.1189748591423183
169,1575475200,732,290,-442,1022,49,-1.264933232705039,0.4731945658134745
169,1575489600,703,841,138,1544,49,0.7244639878188651,1.6559921556999884
169,1575504000,236,571,335,807,49,1.4001730437554327,-0.013973023890740979
169,1575518400,34,114,80,148,49,0.5255242657664747,-1.5071983337283132
169,1575532800,522,133,-389,655,49,-1.0831434866916478,-0.358389180332791
169,1575547200,953,418,-535,1371,49,-1.5839227870304238,1.26399218817055
169,1575561600,688,349,-339,1037,49,-0.9116437263016561,0.5071830023044663
169,1575576000,694,908,214,1602,49,0.9851436236116526,1.7874141101318233
169,1575590400,259,603,344,862,49,1.4310430006256312,0.11065124324289555
169,1575604800,27,141,114,168,49,0.6421441028316691,-1.461880418406991
169,1575619200,506,110,-396,616,49,-1.1071534531462468,-0.4467591152093696
169,1575633600,887,337,-550,1224,49,-1.6353727151474213,0.9309055105588305
169,1575648000,678,261,-417,939,49,-1.1791833525100432,0.2851252172299867
169,1575662400,592,834,242,1426,49,1.081183489430048,1.3886164553041864
169,1575676800,212,508,296,720,49,1.2664032306512392,-0.2111059555384933
169,1575691200,40,177,137,217,49,0.7210339926110654,-1.3508515258697509
169,1575705600,213,62,-151,275,49,-0.2668046272352872,-1.2194295714379162
169,1575720000,523,156,-367,679,49,-1.0076835921200515,-0.3040076819472042
169,1575734400,566,309,-257,875,49,-0.6303841192620696,0.1401078882017551
169,1575748800,448,434,-14,882,49,0.2031047162332902,0.15596915856421792
169,1575763200,192,420,228,612,49,1.0331635565208503,-0.45582269827363414
169,1575777600,43,189,146,232,49,0.7519039494812638,-1.3168630893787592
169,1575792000,127,55,-72,182,49,0.004164994180899779,-1.4301578776820651
169,1575806400,449,119,-330,568,49,-0.8807737694314576,-0.5555221119805434
169,1575820800,504,298,-206,802,49,-0.45545436366427805,-0.02530250272107157
169,1575835200,297,444,147,741,49,0.7553339446890637,-0.1635221444511048
169,1575849600,126,432,306,558,49,1.3007031827292375,-0.5781810696412045
169,1575864000,25,114,89,139,49,0.5563942226366733,-1.5275913956229081
169,1575878400,504,164,-340,668,49,-0.915073721509456,-0.32893253537393147
169,1575892800,886,554,-332,1440,49,-0.8876337598470573,1.4203389960291122
169,1575907200,670,512,-158,1182,49,-0.29081459368988605,0.8357378883840535
169,1575921600,619,844,225,1463,49,1.0228735708974508,1.4724545986486328
169,1575936000,182,586,404,768,50,1.4291013602051479,-0.29053248726143727
169,1575950400,30,151,121,181,50,0.5057322165109541,-1.5853242336358908
169,1575964800,509,165,-344,674,50,-1.0114644330219082,-0.49787562892957804
169,1575979200,910,664,-246,1574,50,-0.6917111606472405,1.4873246636377273
169,1575993600,610,518,-92,1128,50,-0.1892417326299054,0.5035476297654848
169,1576008000,678,891,213,1569,50,0.8059087579239076,1.4762957731234645
169,1576022400,224,625,401,849,50,1.4193129947242906,-0.1118644609303798
169,1576036800,28,189,161,217,50,0.6362437562557165,-1.5059162219331985
169,1576051200,522,170,-352,692,50,-1.0375667409708607,-0.45817162307823195
169,1576065600,887,613,-274,1500,50,-0.7830692384685741,1.3240970840266377
169,1576080000,651,467,-184,1118,50,-0.4894182740428588,0.4814898487369592
169,1576094400,679,857,178,1536,50,0.6917111606472405,1.4035050957293298
169,1576108800,245,572,327,817,50,1.1778666461964802,-0.18244936022166175
169,1576123200,34,166,132,200,50,0.5416228899407638,-1.5434144496816922
169,1576137600,526,170,-356,696,50,-1.0506178949453369,-0.4493485106668217
169,1576152000,962,608,-354,1570,50,-1.0440923179580988,1.478501551226317
169,1576166400,656,531,-125,1187,50,-0.29691375291933436,0.633688537833786
169,1576180800,710,838,128,1548,50,0.5285717359662875,1.4299744329635606
169,1576195200,247,548,301,795,50,1.0930341453623846,-0.2309764784844181
169,1576209600,36,170,134,206,50,0.5481484669280019,-1.5301797810645767
169,1576224000,488,142,-346,630,50,-1.0179900100091464,-0.5949298654550907
169,1576238400,871,358,-513,1229,50,-1.562875688443529,0.7263312181535936
169,1576252800,650,479,-171,1129,50,-0.44700202362581104,0.5057534078683374
169,1576267200,567,794,227,1361,50,0.8515877968345744,1.0174939277301316
169,1576281600,213,556,343,769,50,1.2300712620943852,-0.2883267091585847
169,1576296000,51,218,167,269,50,0.6558204872174308,-1.3912157605848654
169,1576310400,186,89,-97,275,50,-0.2055556750980007,-1.37798109196775
169,1576324800,582,288,-294,870,50,-0.8483250083409553,-0.065543120770476
169,1576339200,585,423,-162,1008,50,-0.4176369271832395,0.23885425742317748
169,1576353600,473,604,131,1077,50,0.5383601014471447,0.3910529465200042
169,1576368000,243,570,327,813,50,1.1778666461964802,-0.191272472633072
169,1576382400,62,286,224,348,50,0.8417994313537172,-1.216959290459513
169,1576396800,129,67,-62,196,50,-0.09135807782133365,-1.5522375620931024
169,1576411200,466,134,-332,600,50,-0.9723109710984795,-0.6611032085406676
169,1576425600,539,301,-238,840,50,-0.665608852698288,-0.13171646385605285
169,1576440000,320,444,124,764,50,0.5155205819918113,-0.2993555996728475
169,1576454400,319,439,120,758,50,0.5024694280173351,-0.3125902682899629
169,1576468800,38,389,351,427,50,1.2561735700433376,-1.0427028203341606
169,1576483200,911,187,-724,1098,50,-2.2513240605971507,0.437374286679908
169,1576497600,1362,469,-893,1831,50,-2.8027353160187713,2.0542096360708357
169,1576512000,613,579,-34,1192,50,0.0,0.6447174283480488
169,1576526400,614,865,251,1479,50,0.9298947206814318,1.2777757438667339
169,1576540800,194,629,435,823,51,1.5415548159746537,0.0508211162422669
169,1576555200,27,166,139,193,51,0.4604576493814967,-1.47208571928478
169,1576569600,490,194,-296,684,51,-1.128316902875339,-0.28518531254862123
169,1576584000,881,463,-418,1344,51,-1.5739042485657617,1.3102408960987613
169,1576598400,541,555,14,1096,51,0.003913237813440481,0.7107474116373206
169,1576612800,649,915,266,1564,51,0.9243067715346418,1.8420496323145554
169,1576627200,193,582,389,775,51,1.373546472517609,-0.06520988075027001
169,1576641600,29,178,149,207,51,0.4969812023069412,-1.4382433451619567
169,1576656000,509,168,-341,677,51,-1.2926728910398393,-0.3021064996100329
169,1576670400,860,487,-373,1347,51,-1.4095482604012615,1.317492833410795
169,1576684800,677,575,-102,1252,51,-0.41975997612171567,1.0878481518630656
169,1576699200,575,943,368,1518,51,1.2968470113741757,1.7308532601967077
169,1576713600,206,605,399,811,51,1.4100700254430536,0.02181336699413267
169,1576728000,32,180,148,212,51,0.4933288470143968,-1.4261567829752342
169,1576742400,494,228,-266,722,51,-1.0187462440990054,-0.19332743992952953
169,1576756800,873,487,-386,1360,51,-1.4570288792043393,1.3489178950962737
169,1576771200,653,553,-100,1206,51,-0.41245526553662676,0.9766517797452177
169,1576785600,583,958,375,1541,51,1.3224134984219866,1.7864514462556316
169,1576800000,209,625,416,834,51,1.4721600654163092,0.07741155305305661
169,1576814400,40,181,141,221,51,0.4677623599665856,-1.4044009710391336
169,1576828800,447,167,-280,614,51,-1.0698792181946277,-0.4543971831627376
169,1576843200,801,393,-408,1194,51,-1.5373806956403173,0.9476440304970835
169,1576857600,664,510,-154,1174,51,-0.609682451334027,0.899297781750193
169,1576872000,538,845,307,1383,51,1.0740533385289641,1.4045160811551975
169,1576886400,190,599,409,789,51,1.446593578368498,-0.03136750662744675
169,1576900800,51,207,156,258,51,0.5225476893547524,-1.3149604108573865
169,1576915200,167,99,-68,266,51,-0.2955798961752044,-1.2956219113586303
169,1576929600,495,174,-321,669,51,-1.2196257851889503,-0.32144499910878904
169,1576944000,500,303,-197,803,51,-0.7667337289134384,0.0024748674953765184
169,1576958400,372,452,80,824,51,0.24496868712137415,0.05323842867961142
169,1576972800,188,493,305,681,51,1.0667486279438751,-0.2924372498606548
169,1576987200,40,214,174,254,51,0.5882900846205524,-1.3246296606067645
169,1577001600,115,78,-37,193,51,-0.18235688210632645,-1.47208571928478
169,1577016000,420,139,-281,559,51,-1.0735315734871722,-0.5873493672166862
169,1577030400,479,313,-166,792,51,-0.6535107148445604,-0.024115569315413192
169,1577044800,305,411,106,716,51,0.33992992472752986,-0.20783131455359663
169,1577059200,117,377,260,494,51,0.9023926397793751,-0.7444746756440799
169,1577073600,22,160,138,182,51,0.4568052940889522,-1.4986761560955697
169,1577088000,367,99,-268,466,51,-1.0260509546840944,-0.8121594238897264
169,1577102400,620,287,-333,907,51,-1.2634540486994836,0.2538753609792065
169,1577116800,530,436,-94,966,51,-0.3905411337813601,0.39649679478253314
169,1577131200,427,685,258,1112,51,0.8950879291942863,0.7494244106348329
169,1577145600,131,494,363,625,52,1.6668972969030378,0.19264452366199455
169,1577160000,28,147,119,175,52,0.521467753290718,-1.2998668504768431
169,1577174400,309,110,-199,419,52,-0.9713461601056661,-0.49059401649934004
169,1577188800,536,236,-300,772,52,-1.4454788810271593,0.6801982392140149
169,1577203200,455,444,-11,899,52,-0.08880208551912454,1.1014181159154202
169,1577217600,334,567,233,901,52,1.0566274580931954,1.1080514998004816
169,1577232000,123,310,187,433,52,0.8406858228220203,-0.44416032930390953
169,1577246400,29,123,94,152,52,0.4041081689042098,-1.3761507651550504
169,1577260800,99,74,-25,173,52,-0.15452345277556911,-1.3065002343619045
169,1577275200,181,109,-72,290,52,-0.3751594714222045,-0.9184472770858069
169,1577289600,299,197,-102,496,52,-0.5159909726860143,-0.23520873692447225
169,1577304000,249,312,63,561,52,0.25858228426493973,-0.019623760659973483
169,1577318400,106,277,171,383,52,0.7655756888146551,-0.6099949264304471
169,1577332800,23,96,73,119,52,0.30552611801954294,-1.4856015992585652
169,1577347200,312,88,-224,400,52,-1.0887057444921742,-0.5536111634074243
169,1577361600,517,234,-283,751,52,-1.3656743636443336,0.6105477084208691
169,1577376000,620,330,-290,950,52,-1.398535047272556,1.2705694049844884
169,1577390400,369,621,252,990,52,1.1458207422269417,1.4032370826857186
169,1577404800,141,480,339,621,52,1.55423209589199,0.17937775589187155
169,1577419200,25,163,138,188,52,0.6106610374244643,-1.2567498552239433
169,1577433600,307,96,-211,403,52,-1.02767876061119,-0.543661087579832
169,1577448000,607,272,-335,879,52,-1.6097822991682706,1.0350842770648052
169,1577462400,497,413,-84,910,52,-0.4314920719277285,1.1379017272832583
169,1577476800,411,705,294,1116,52,1.3429848439962753,1.8211402674445931
