remote_unit_id,time_stamp,entries,exits,num_people_exited,sum_exit_entry,week_num,z_score_num_people_exited,z_score_sum_exit_entry
15,1546304400,122,138,16,260,1,-0.3576668613971205,-0.8801056359250972
15,1546318800,45,39,-6,84,1,-0.38633979042114786,-1.1172298836564836
15,1546333200,17,141,124,158,1,-0.21690884618825892,-1.0175299158603326
15,1546347600,85,435,350,520,1,0.0776403337858403,-0.5298084517764581
15,1546362000,256,587,331,843,1,0.052877349628725756,-0.09463156531487954
15,1546376400,352,391,39,743,1,-0.32769061741745553,-0.22936125152589457
15,1546390800,95,67,-28,162,1,-0.41501271944517526,-1.012140728411892
15,1546405200,8,48,40,56,1,-0.32638730246181796,-1.1549541957955678
15,1546419600,36,1821,1785,1857,1,1.9478972951258064,1.2715274528648128
15,1546434000,172,1558,1386,1730,1,1.4278746278264012,1.1004207513768238
15,1546448400,729,660,-69,1389,1,-0.46844863262631714,0.6409925213972626
15,1546462800,1318,407,-911,1725,1,-1.5658398252731827,1.093684267066273
15,1546477200,167,63,-104,230,1,-0.5140646560736334,-0.9205245417884017
15,1546491600,13,63,50,76,1,-0.3133541529054419,-1.1280082585533648
15,1546506000,47,1872,1825,1919,1,2.0000298933513108,1.3550598583156424
15,1546520400,218,1841,1623,2059,1,1.7367602723125142,1.5436814190110633
15,1546534800,780,757,-23,1537,1,-0.4084961446669872,0.8403924569895648
15,1546549200,1502,345,-1157,1847,1,-1.8864553043600338,1.2580544842437114
15,1546563600,159,53,-106,212,1,-0.5166712859849086,-0.9447758853063845
15,1546578000,14,74,60,88,1,-0.3003210033490658,-1.1118406962080432
15,1546592400,44,1825,1781,1869,1,1.9426840353032562,1.2876950152101347
15,1546606800,279,1756,1477,2035,1,1.5464762887894234,1.5113462943204197
15,1546621200,908,806,-102,1714,1,-0.5114580261623581,1.0788640015830615
15,1546635600,1184,487,-697,1671,1,-1.2869304247667344,1.020930236512325
15,1546650000,207,96,-111,303,1,-0.5231878607630966,-0.8221718708543607
15,1546664400,13,37,24,50,1,-0.3472403417520197,-1.1630379769682289
15,1546678800,18,438,420,456,1,0.1688723806804728,-0.6160354509515077
15,1546693200,116,779,663,895,1,0.48557791490041136,-0.024572128485151716
15,1546707600,315,685,370,1000,1,0.10370663289859244,0.11689404203641407
15,1546722000,348,258,-90,606,1,-0.49581824669470687,-0.4139409216349852
15,1546736400,130,93,-37,223,1,-0.4267425540459137,-0.9299556198231728
15,1546750800,17,22,5,39,1,-0.3720033259091342,-1.1778582424514403
15,1546765200,18,271,253,289,1,-0.048781216911007605,-0.8410340269239028
15,1546779600,85,689,604,774,1,0.4086823325177925,-0.18759504880047992
15,1546794000,255,588,333,843,1,0.05548397954000097,-0.09463156531487954
15,1546808400,313,229,-84,542,1,-0.48799835696088123,-0.5001679208100348
15,1546822800,79,74,-5,153,1,-0.3850364754655103,-1.0242664001708832
15,1546837200,7,41,34,48,1,-0.3342071921956436,-1.165732570692449
15,1546851600,41,1994,1953,2035,1,2.1668542076729245,1.5113462943204197
15,1546866000,221,1754,1533,1975,1,1.6194619263051295,1.4305084825938106
15,1546880400,798,619,-179,1417,1,-0.6118132777464539,0.6787168335363468
15,1546894800,1548,376,-1172,1924,1,-1.906005028694598,1.361796342626193
15,1546909200,168,54,-114,222,2,-0.4985536008687481,-1.0116746160470176
15,1546923600,14,64,50,78,2,-0.32896314194317466,-1.1748679608807828
15,1546938000,43,1971,1928,2014,2,1.6130544303874776,1.0191758974398395
15,1546952400,279,1870,1591,2149,2,1.2645667190587078,1.1721696582214944
15,1546966800,813,678,-135,1491,2,-0.520269452316535,0.4264667353005392
15,1546981200,1492,334,-1158,1826,2,-1.5781416442730087,0.8061179194624237
15,1546995600,189,48,-141,237,2,-0.5264739813016169,-0.9946753092935003
15,1547010000,14,84,70,98,2,-0.3082813786595681,-1.1522022185427598
15,1547024400,55,2047,1992,2102,2,1.6792360728950184,1.1189051637271406
15,1547038800,286,1892,1606,2178,2,1.2800780415214126,1.2050349846116277
15,1547053200,802,716,-86,1518,2,-0.469599132271699,0.45706548745687015
15,1547067600,1474,311,-1163,1785,2,-1.5833120850939102,0.7596531476694767
15,1547082000,201,69,-132,270,2,-0.517167187823994,-0.9572768344357624
15,1547096400,16,86,70,102,2,-0.3082813786595681,-1.1476690700751553
15,1547110800,46,2461,2415,2507,2,2.1166553663432963,1.5778864460721054
15,1547125200,271,2725,2454,2996,2,2.156984804746329,2.132063846236767
15,1547139600,802,1476,674,2278,2,0.3163078725053488,1.3183636963017427
15,1547154000,1481,346,-1135,1827,2,-1.554357616496861,0.8072512065793249
15,1547168400,221,66,-155,287,2,-0.5409512156001415,-0.9380109534484429
15,1547182800,11,58,47,69,2,-0.33206540643571564,-1.1850675449328931
15,1547197200,45,1897,1852,1942,2,1.5344637299097728,0.9375792250229569
15,1547211600,280,1871,1591,2151,2,1.2645667190587078,1.1744362324552968
15,1547226000,891,755,-136,1646,2,-0.5213035404807153,0.6021262384202171
15,1547240400,1308,524,-784,1832,2,-1.1913926708695668,0.8129176421638306
15,1547254800,179,83,-96,262,2,-0.4799400139135023,-0.9663431313709716
15,1547269200,14,39,25,53,2,-0.35481534604768283,-1.2032001388033116
15,1547283600,19,462,443,481,2,0.07743350657969349,-0.7181532527696203
15,1547298000,120,795,675,915,2,0.31734196066952913,-0.22630664403452203
15,1547312400,297,639,342,936,2,-0.02700939800251944,-0.20250761457959793
15,1547326800,369,183,-186,552,2,-0.5730079486897316,-0.6376898674696387
15,1547341200,150,68,-82,218,2,-0.4654627796149777,-1.0162077645146221
15,1547355600,13,26,13,39,2,-0.36722440401784673,-1.2190661584399276
15,1547370000,15,233,218,248,2,-0.1552363303608799,-0.9822091510075877
15,1547384400,92,643,551,735,2,0.18911502831116872,-0.43029832507672866
15,1547398800,234,506,272,740,2,-0.09939556949514226,-0.4246318894922229
15,1547413200,315,181,-134,496,2,-0.5192353641523546,-0.701153946016103
15,1547427600,82,63,-19,145,2,-0.40031522527161717,-1.098937724048406
15,1547442000,6,82,76,88,2,-0.30207684967448617,-1.1635350897117713
15,1547456400,39,1962,1923,2001,2,1.607883989566576,1.0044431649201246
15,1547470800,246,1856,1610,2102,2,1.2842143941781339,1.1189051637271406
15,1547485200,730,625,-105,1355,2,-0.4892468073911252,0.27233968740198305
15,1547499600,1556,290,-1266,1846,2,-1.6898231660044838,0.8287836618004467
15,1547514000,196,50,-146,246,3,-0.46469808996831496,-0.9125799414678916
15,1547528400,11,86,75,97,3,-0.20647684529123767,-1.0996639116476092
15,1547542800,45,2175,2130,2220,3,2.1946302036290968,1.565968764134544
15,1547557200,254,1902,1648,2156,3,1.6314508374103127,1.4856105487553364
15,1547571600,844,630,-214,1474,3,-0.5441507806381849,0.629293316120655
15,1547586000,1492,320,-1172,1812,3,-1.6634989815460586,1.0536851410920953
15,1547600400,210,62,-148,272,3,-0.4670349338115464,-0.8799344164700884
15,1547614800,12,77,65,89,3,-0.218161064507395,-1.1097086885700103
15,1547629200,56,2059,2003,2115,3,2.0462406195838985,1.4341310670280314
15,1547643600,280,1932,1652,2212,3,1.6361245250967755,1.555923987212143
15,1547658000,1247,626,-621,1873,3,-1.019698502735789,1.1302765651254025
15,1547672400,2289,372,-1917,2661,3,-2.533973313149781,2.1196870919818966
15,1547686800,221,46,-175,267,3,-0.4985823256951713,-0.886212402046589
15,1547701200,13,77,64,90,3,-0.21932948642901073,-1.1084530914547102
15,1547715600,52,2060,2008,2112,3,2.052082729191977,1.430364275682131
15,1547730000,292,1627,1335,1919,3,1.2657347759445878,1.188034032429208
15,1547744400,790,703,-87,1493,3,-0.39576119659298664,0.6531496613113572
15,1547758800,1484,410,-1074,1894,3,-1.5489936332277165,1.156644104546705
15,1547773200,235,57,-178,292,3,-0.5020875914600185,-0.8548224741640861
15,1547787600,12,70,58,82,3,-0.22634001795870515,-1.1184978683771112
15,1547802000,34,1427,1393,1461,3,1.3335032473983004,0.6129705536217535
15,1547816400,279,1668,1389,1947,3,1.3288295597118374,1.2231907516576115
15,1547830800,960,658,-302,1618,3,-0.6469719097403697,0.8100993007238722
15,1547845200,1072,398,-674,1470,3,-1.0816248645814228,0.6242709276594545
15,1547859600,177,82,-95,259,3,-0.40510857196591255,-0.8962571789689899
15,1547874000,14,38,24,52,3,-0.26606636329364014,-1.1561657818361146
15,1547888400,19,461,442,480,3,0.2223339999417369,-0.6187702164876636
15,1547902800,145,716,571,861,3,0.37306042783016663,-0.14038771555831817
15,1547917200,284,592,308,876,3,0.06576546244522848,-0.12155375882881636
15,1547931600,289,230,-59,519,3,-0.36304538278774606,-0.5698019289909589
15,1547946000,142,63,-79,205,3,-0.3864138212200608,-0.9640594231951964
15,1547960400,11,27,16,38,3,-0.275413738666566,-1.1737441414503162
15,1547974800,20,252,232,272,3,-0.023034603597567347,-0.8799344164700884
15,1547989200,86,553,467,639,3,0.2515445479821303,-0.41913027515494466
15,1548003600,214,404,190,618,3,-0.0721083243054282,-0.44549781457624715
15,1548018000,267,167,-100,434,3,-0.4109506815739912,-0.6765276837914691
15,1548032400,79,58,-21,137,3,-0.3186453497663482,-1.0494400270356046
15,1548046800,7,44,37,51,3,-0.25087687831263555,-1.1574213789514147
15,1548061200,27,910,883,937,3,0.7376080673742758,-0.04496233479550909
15,1548075600,127,919,792,1046,3,0.6312816725072439,0.09189775077220391
15,1548090000,394,500,106,894,3,-0.1702557657211499,-0.09895301075341421
15,1548104400,461,207,-254,668,3,-0.5908876575028144,-0.3827179588112412
15,1548118800,114,44,-70,158,4,-0.4354965902556284,-1.1206110368912467
15,1548133200,9,91,82,100,4,-0.2684834051408724,-1.1925845612920287
15,1548147600,45,2042,1997,2087,4,1.8356629731141136,1.2731291108520058
15,1548162000,222,1816,1594,2038,4,1.3928582783690695,1.2123238919616899
15,1548176400,753,655,-98,1408,4,-0.466262176987294,0.43054250622905693
15,1548190800,1526,357,-1169,1883,4,-1.6430458694735028,1.0199808526147722
15,1548205200,192,43,-149,235,4,-0.5222994956771135,-1.025059978635036
15,1548219600,10,77,67,87,4,-0.2849649694614075,-1.20871655814048
15,1548234000,46,1782,1736,1828,4,1.548883753936802,0.9517300967174789
15,1548248400,248,1889,1641,2137,4,1.4445005132400797,1.335175252576818
15,1548262800,754,686,-68,1440,4,-0.43329904834622374,0.4702520369329367
15,1548277200,1506,350,-1156,1856,4,-1.6287618470623724,0.9864759360833737
15,1548291600,218,56,-162,274,4,-0.5365835180882439,-0.9766639880896825
15,1548306000,10,74,64,84,4,-0.2882612823255145,-1.2124393266439686
15,1548320400,50,2136,2086,2186,4,1.933453588082622,1.3959804714671338
15,1548334800,241,2061,1820,2302,4,1.641180514131799,1.539927520268698
15,1548349200,763,675,-88,1438,4,-0.4552744674402706,0.4677701912639442
15,1548363600,1529,396,-1133,1925,4,-1.6034901151042185,1.0720996116636146
15,1548378000,234,89,-145,323,4,-0.5179044118583042,-0.9158587691993666
15,1548392400,14,72,58,86,4,-0.2948539080537286,-1.2099574809749762
15,1548406800,44,1928,1884,1972,4,1.711501855232749,1.1304229848849379
15,1548421200,290,1790,1500,2080,4,1.2895738086270494,1.2644426510105322
15,1548435600,854,720,-134,1574,4,-0.5058179313565784,0.6365356967554332
15,1548450000,1291,545,-746,1836,4,-1.1782657556344118,0.9616574793934489
15,1548464400,333,69,-264,402,4,-0.6486581554678829,-0.8178258652741633
15,1548478800,25,42,17,67,4,-0.3399035171965246,-1.2335350148304047
15,1548493200,19,578,559,597,4,0.25563034025214504,-0.575845912547396
15,1548507600,100,837,737,937,4,0.45121157018916197,-0.15393214881867345
15,1548522000,390,538,148,928,4,-0.19596452213051777,-0.16510045432913964
15,1548536400,549,301,-248,850,4,-0.6310778201926454,-0.2618924354198466
15,1548550800,184,77,-107,261,4,-0.4761511155796151,-0.9927959849381336
15,1548565200,18,21,3,39,4,-0.35528631056235743,-1.2682808541962995
15,1548579600,25,197,172,222,4,-0.16959401921766154,-1.041191975483487
15,1548594000,82,674,592,756,4,0.29188978175732233,-0.3785391818624934
15,1548608400,226,509,283,735,4,-0.04763044324570152,-0.4045985613869145
15,1548622800,284,154,-130,438,4,-0.501422847537769,-0.7731526432322986
15,1548637200,74,51,-23,125,4,-0.3838543553846183,-1.1615614904296228
15,1548651600,8,81,73,89,4,-0.2783723437331935,-1.2062347124714874
15,1548661349,9,455,446,464,4,0.13146922237078032,-0.7408886495353963
15,1548666000,34,2004,1970,2038,4,1.8059961573371504,1.2123238919616899
15,1548680400,248,1926,1678,2174,4,1.4851550385640664,1.381089397453179
15,1548694800,713,618,-95,1331,4,-0.46296586412318697,0.33499144797284625
15,1548709200,1512,323,-1189,1835,4,-1.6650212885675497,0.9604165565589526
15,1548723600,204,49,-155,253,5,-0.4867716485455443,-0.9359449570159313
15,1548738000,10,68,58,78,5,-0.25251164704527856,-1.1511821346407582
15,1548752400,44,1971,1927,2015,5,1.8030373802035318,1.231185939983755
15,1548766800,254,1963,1709,2217,5,1.5632783176351848,1.4796311392992698
15,1548781200,802,651,-151,1453,5,-0.4823723996910792,0.5399671181257394
15,1548795600,1558,265,-1293,1823,5,-1.7383579476408606,0.9950400079610878
15,1548810000,205,62,-143,267,5,-0.47357390198214905,-0.9187259828059451
15,1548824400,12,73,61,85,5,-0.24921221040442976,-1.1425726475357652
15,1548838800,41,1890,1849,1931,5,1.7172520275414627,1.127872094723838
15,1548853200,282,1897,1615,2179,5,1.4598959695552554,1.4328939235864502
15,1548867600,793,679,-114,1472,5,-0.4416793477872772,0.5633357259821491
15,1548882000,1531,338,-1193,1869,5,-1.6283767262792335,1.0516166375081852
15,1548896400,208,56,-152,264,5,-0.48347221190469547,-0.9224157629937992
15,1548910800,14,68,54,82,5,-0.25691089589974364,-1.1462624277236193
15,1548925200,38,1948,1910,1986,5,1.7843405725720551,1.195518064834498
15,1548939600,279,1850,1571,2129,5,1.4115042321561393,1.371397587122214
15,1548954000,761,677,-84,1438,5,-0.40868498137878906,0.5215182171864685
15,1548968400,1493,305,-1188,1798,5,-1.622877665211152,0.9642918397289697
15,1548982800,218,63,-155,281,5,-0.4867716485455443,-0.9015070085959589
15,1548997200,14,71,57,85,5,-0.25361145925889483,-1.1425726475357652
15,1549011600,51,1920,1869,1971,5,1.739248271813788,1.177069163895227
15,1549026000,255,1787,1532,2042,5,1.3686115558251049,1.2643939616744428
15,1549040400,965,681,-284,1646,5,-0.6286474241020432,0.7773429768776914
15,1549054800,1267,343,-924,1610,5,-1.3325272408164566,0.7330656146234412
15,1549069200,214,76,-138,290,5,-0.46807484091406765,-0.8904376680323964
15,1549083600,10,17,7,27,5,-0.3086020699397084,-1.2139083978342793
15,1549098000,17,322,305,339,5,0.019141969717940358,-0.8301712582974449
15,1549112400,96,618,522,714,5,0.25780122007267114,-0.36894873481567275
15,1549126800,213,459,246,672,5,-0.04574695088541963,-0.4206056574456313
15,1549141200,280,198,-82,478,5,-0.4064853569515565,-0.659211442926868
15,1549155600,136,50,-86,186,5,-0.4108846058060216,-1.0183500478780079
15,1549170000,12,19,7,31,5,-0.3086020699397084,-1.2089886909171403
15,1549184400,18,176,158,194,5,-0.14253042568365146,-1.00851063404373
15,1549198800,56,483,427,539,5,0.1533190597791254,-0.5841859124404998
15,1549213200,166,375,209,541,5,-0.08644000278922165,-0.5817260589819303
15,1549227600,228,169,-59,397,5,-0.3811896760383823,-0.7588355079989307
15,1549242000,76,44,-32,120,5,-0.35149474627074295,-1.0995252120107997
15,1549256400,8,34,26,42,5,-0.28770563788099923,-1.1954594968950083
15,1549270800,41,1865,1824,1906,5,1.6897567222010559,1.09712392649172
15,1549285200,225,1881,1656,2106,5,1.5049882703135224,1.3431092723486653
15,1549299600,766,557,-209,1323,5,-0.5461615080808229,0.38007664331872504
15,1549314000,1393,315,-1078,1708,5,-1.5018983217133623,0.8535984340933443
15,1549328400,185,47,-138,232,6,-0.34901472228652947,-1.0471592507931742
15,1549342800,11,78,67,89,6,-0.12444795024596325,-1.2254651389502196
15,1549357200,45,1906,1861,1951,6,1.8407851670261137,1.0962520900597015
15,1549362839,85,960,875,1045,6,0.7606737658944149,-0.03343416637584547
15,1549371600,170,1999,1829,2169,6,1.8057308416344158,1.3680750524249876
15,1549386000,781,656,-125,1437,6,-0.3347739025961521,0.455348408152559
15,1549400400,1416,356,-1060,1772,6,-1.3590174726348323,0.8730580062827006
15,1549414800,221,70,-151,291,6,-0.36325554197690685,-0.9735924857493581
15,1549429200,14,91,77,105,6,-0.11349347356105759,-1.205514829785795
15,1549443600,59,1891,1832,1950,6,1.8090171846398875,1.0950051957369251
15,1549458000,230,1879,1649,2109,6,1.6085502613061136,1.2932613930583952
15,1549472400,1115,622,-493,1737,6,-0.7378986446006808,0.8294167049855216
15,1549486800,1881,406,-1475,2287,6,-1.8136282550584177,1.5152085825126196
15,1549501200,415,65,-350,480,6,-0.5812496280065297,-0.7379294587445917
15,1549515600,30,75,45,105,6,-0.14854779895275572,-1.205514829785795
15,1549530000,46,1686,1640,1732,6,1.5986912322896984,0.8231822333716389
15,1549544400,265,1510,1245,1775,6,1.1659894032359246,0.8767986892510302
15,1549558800,1058,631,-427,1689,6,-0.6655990984803033,0.7695657774922475
15,1549573200,1885,498,-1387,2383,6,-1.7172288602312478,1.6349104374991676
15,1549587600,414,72,-342,486,6,-0.5724860466586051,-0.7304480928079324
15,1549602000,22,70,48,92,6,-0.14526145594728404,-1.22172445598189
15,1549616400,42,1621,1579,1663,6,1.531868924511774,0.7371465251000575
15,1549630800,264,1635,1371,1899,6,1.304015809465736,1.0314135852753215
15,1549645200,1173,667,-506,1840,6,-0.7521394642910582,0.9578468202315054
15,1549659600,1611,516,-1095,2127,6,-1.3973581410320022,1.315705490868373
15,1549674000,358,76,-282,434,6,-0.5067591865491711,-0.7952865975923126
15,1549688400,24,21,-3,45,6,-0.20112928704030295,-1.2803284891523874
15,1549702800,27,252,225,279,6,0.04863278137554633,-0.9885552176226766
15,1549717200,111,485,374,596,6,0.2118544839806408,-0.5932897173025128
15,1549731600,420,497,77,917,6,-0.11349347356105759,-0.19303663969124285
15,1549746000,469,272,-197,741,6,-0.4136461347274729,-0.4124900404999142
15,1549760400,214,88,-126,302,6,-0.33586935026464265,-0.9598766481988161
15,1549774800,20,16,-4,36,6,-0.2022247347087935,-1.2915505380573764
15,1549789200,29,110,81,139,6,-0.10911168288709532,-1.1631204228113925
15,1549803600,94,408,314,502,6,0.14612762387120679,-0.7104977836435078
15,1549818000,281,407,126,688,6,-0.059816537805019804,-0.47857543960707094
15,1549832400,411,162,-249,573,6,-0.4706094134889824,-0.6219682867263733
15,1549846800,133,54,-79,187,6,-0.284383309845586,-1.1032694953181186
15,1549861200,12,46,34,58,6,-0.16059772330615196,-1.2641188629562925
15,1549875600,39,1729,1690,1768,6,1.6534636157142268,0.8680704289915944
15,1549890000,235,1498,1263,1733,6,1.1857074612687548,0.8244291276944155
15,1549904400,1037,509,-528,1546,6,-0.7762393129978505,0.591259889335202
15,1549918800,1809,290,-1519,2099,6,-1.8618279524720025,1.2807924498306298
15,1549933200,298,55,-243,353,7,-0.4885217601690331,-0.35488363979972526
15,1549947600,12,41,29,53,7,-0.039125799241064595,-0.7800538761612436
15,1549962000,47,1664,1617,1711,7,2.584553560882516,1.5697202967967476
15,1549976400,289,1303,1014,1592,7,1.5882823680899976,1.4010694363733454
15,1549990800,1094,529,-565,1623,7,-1.0205272727381722,1.4450036941307023
15,1550005200,1706,350,-1356,2056,7,-2.327410379701492,2.058666068612494
15,1550019600,319,58,-261,377,7,-0.5182611987598545,-0.3208700208908038
15,1550034000,15,44,29,59,7,-0.039125799241064595,-0.7715504714340132
15,1550048400,62,1683,1621,1745,7,2.59116232501381,1.6179062569177198
15,1550062800,254,1735,1481,1989,7,2.359855580418532,1.9637113824917547
15,1550077200,1072,594,-478,1666,7,-0.8767866528825352,1.5059447613425199
15,1550091600,1765,375,-1390,2140,7,-2.383584874817488,2.177713734793719
15,1550106000,369,82,-287,451,7,-0.5612181656132633,-0.2159946959216293
15,1550120400,14,43,29,57,7,-0.039125799241064595,-0.7743849396764234
15,1550134800,42,1711,1669,1753,7,2.6704674945893334,1.6292441298873603
15,1550149200,276,1495,1219,1771,7,1.9269815298187976,1.6547543440690513
15,1550163600,1083,561,-522,1644,7,-0.9494830583267654,1.4747656106760085
15,1550178000,1779,423,-1356,2202,7,-2.327410379701492,2.265582250308433
15,1550192400,332,99,-233,431,7,-0.47199984984079896,-0.2443393783457305
15,1550206800,20,61,41,81,7,-0.019299506847183637,-0.7403713207675019
15,1550221200,42,1459,1417,1501,7,2.2541153543178334,1.272101131343685
15,1550235600,254,1356,1102,1610,7,1.7336751789784581,1.4265796505550365
15,1550250000,1173,712,-461,1885,7,-0.8486994053245372,1.8163190338864283
15,1550256261,997,172,-825,1169,7,-1.4500969412722597,0.8015794031036046
15,1550256266,787,205,-582,992,7,-1.0486145202961703,0.5507289636503088
15,1550256329,636,325,-311,961,7,-0.6008707504010252,0.5067947058929518
15,1550256404,9,4,-5,13,7,-0.09530029435706065,-0.8367432410094461
15,1550256443,1,2,1,3,7,-0.08538714816012018,-0.8509155822214967
15,1550256465,16,6,-10,22,7,-0.10356124952117772,-0.8239881339186005
15,1550256528,8,2,-6,10,7,-0.09695248538988406,-0.8409949433730612
15,1550256667,16,1,-15,17,7,-0.11182220468529477,-0.8310743045246258
15,1550256729,22,10,-12,32,7,-0.10686563158682454,-0.8098157927065499
15,1550256880,11,0,-11,11,7,-0.10521344055400113,-0.8395777092518562
15,1550256888,13,3,-10,16,7,-0.10356124952117772,-0.8324915386458309
15,1550256943,0,4,4,4,7,-0.08043057506164994,-0.8494983481002916
15,1550256968,10,15,5,25,7,-0.07877838402882652,-0.8197364315549853
15,1550257040,0,6,6,6,7,-0.07712619299600311,-0.8466638798578815
15,1550257045,3,5,2,8,7,-0.08373495712729676,-0.8438294116154713
15,1550257046,2,0,-2,2,7,-0.09034372125859041,-0.8523328163427017
15,1550257051,6,3,-3,9,7,-0.09199591229141382,-0.8424121774942663
15,1550257053,2,4,2,6,7,-0.08373495712729676,-0.8466638798578815
15,1550257055,10,1,-9,11,7,-0.10190905848835431,-0.8395777092518562
15,1550257057,15,0,-15,15,7,-0.11182220468529477,-0.8339087727670359
15,1550257141,25,7,-18,32,7,-0.11677877778376501,-0.8098157927065499
15,1550257222,3,3,0,6,7,-0.08703933919294359,-0.8466638798578815
15,1550257303,5,1,-4,6,7,-0.09364810332423724,-0.8466638798578815
15,1550257383,5,2,-3,7,7,-0.09199591229141382,-0.8452466457366764
15,1550257464,2,0,-2,2,7,-0.09034372125859041,-0.8523328163427017
15,1550257544,6,0,-6,6,7,-0.09695248538988406,-0.8466638798578815
15,1550257625,6,1,-5,7,7,-0.09530029435706065,-0.8452466457366764
15,1550264400,338,144,-194,482,7,-0.4075643995606858,-0.17206043816427238
15,1550278800,240,68,-172,308,7,-0.3712161968385707,-0.418659175253953
15,1550293200,21,16,-5,37,7,-0.09530029435706065,-0.8027296221005246
15,1550307600,30,339,309,369,7,0.42348768994949115,-0.3322078938604443
15,1550322000,115,613,498,728,7,0.7357517951531163,0.17657915565217264
15,1550336400,375,514,139,889,7,0.14261521436951088,0.4047538491661875
15,1550350800,432,249,-183,681,7,-0.3893902981996282,0.10996915195553478
15,1550365200,201,54,-147,255,7,-0.3299114210179854,-0.4937725836778213
15,1550379600,22,16,-6,38,7,-0.09695248538988406,-0.8013123879793195
15,1550394000,31,116,85,147,7,0.053396898597046556,-0.6468338687679679
15,1550408400,88,412,324,500,7,0.44827055544184236,-0.14655022398258127
15,1550422800,288,566,278,854,7,0.37226976793196537,0.3551506549240103
15,1550437200,432,208,-224,640,7,-0.45713013054538826,0.05186255298612727
15,1550451600,143,43,-100,186,7,-0.2522584424752849,-0.5915617380409705
15,1550466000,11,18,7,29,7,-0.07547400196317969,-0.8140674950701651
15,1550480400,37,500,463,537,7,0.6779251090042968,-0.09411256149799403
15,1550494800,128,740,612,868,7,0.9241015728949854,0.3749919326208812
15,1550509200,473,536,63,1009,7,0.01704869587493146,0.5748219437107949
15,1550523600,662,268,-394,930,7,-0.7380026061253685,0.462860448135595
15,1550538000,176,42,-134,218,8,-0.3150098957622083,-1.3387361746905628
15,1550552400,8,41,33,49,8,-0.14274087376535594,-1.5604105541371813
15,1550566800,43,1724,1681,1767,8,1.5572552235448995,0.6930603564503379
15,1550581200,238,1399,1161,1637,8,1.0208486879858383,0.5225416030298621
15,1550595600,958,581,-377,1539,8,-0.5656767960330772,0.39399669660519565
15,1550610000,1733,350,-1383,2083,8,-1.6034171321338764,1.1075520955339562
15,1550624400,261,68,-193,329,8,-0.3758714065275633,-1.1931393929238487
15,1550638800,16,37,21,53,8,-0.1551194861244112,-1.5551638232627052
15,1550653200,49,1624,1575,1673,8,1.4479108143732446,0.5697621809001476
15,1550667600,326,1419,1093,1745,8,0.9507032179511918,0.6642033366407188
15,1550682000,1136,558,-578,1694,8,-0.7730185530472528,0.5973075179911476
15,1550696400,1698,330,-1368,2028,8,-1.5879438666850572,1.0354095460099086
15,1550710800,332,57,-275,389,8,-0.46045859098110753,-1.114438429806706
15,1550725200,16,21,5,37,8,-0.17162430260315154,-1.57615074676061
15,1550739600,50,1716,1666,1766,8,1.5417819580960803,0.6917486737317189
15,1550754000,277,1525,1248,1802,8,1.110593627588989,0.7389692516020044
15,1550768400,983,619,-364,1602,8,-0.5522666326441007,0.47663270787819545
15,1550782800,1778,362,-1416,2140,8,-1.6374583161212783,1.1823180104952418
15,1550797200,353,58,-295,411,8,-0.481089611579533,-1.085581409997087
15,1550811600,18,28,10,46,8,-0.1664665474535452,-1.5643456022930384
15,1550826000,43,1418,1375,1461,8,1.2416006083889903,0.2916854445529101
15,1550840400,277,1717,1440,1994,8,1.308651425333873,0.990812333576861
15,1550854800,873,755,-118,1628,8,-0.2985050792834679,0.5107364585622907
15,1550869200,1165,471,-694,1636,8,-0.8926784725181203,0.521229920311243
15,1551488400,8386,8731,345,17117,9,0.16892563942180244,4.076943333556747
15,1551502800,12,19,7,31,9,-0.42548939252860024,-0.4021847733427983
15,1551517200,23,340,317,363,9,0.1196841574850827,-0.3151503280957745
15,1551531600,94,596,502,690,9,0.4450296631384096,-0.22942664256632633
15,1551546000,236,466,230,702,9,-0.03331616138972509,-0.22628081924414473
15,1551560400,267,295,28,562,9,-0.38855828107606044,-0.2629820913362632
15,1551574800,136,80,-56,216,9,-0.5362827268862197,-0.35368666379249886
15,1551589200,9,12,3,21,9,-0.4325238899481316,-0.4048062927779496
15,1551603600,18,194,176,212,9,-0.1282818765533989,-0.3547352715665594
15,1551618000,86,476,390,562,9,0.24806373539153062,-0.2629820913362632
15,1551632400,229,432,203,661,9,-0.08079901897156198,-0.23702904892826515
15,1551646800,241,202,-39,443,9,-0.5063861128532112,-0.2941781726145639
15,1551661200,65,46,-19,111,9,-0.47121362575555426,-0.3812126178615877
15,1551675600,9,44,35,53,9,-0.3762479105918805,-0.39641743058546536
15,1551690000,33,1881,1848,1914,9,2.8121380448107236,0.09144733629619517
15,1551704400,165,1565,1400,1730,9,2.0242743338232074,0.0432113786894109
15,1551718800,650,658,8,1308,9,-0.42373076817371735,-0.06741674147397478
15,1551733200,1187,290,-897,1477,9,-2.0152858093426946,-0.023113063019917487
15,1551747600,169,62,-107,231,10,-0.4943027588094135,-0.9499804671338589
15,1551762000,7,56,49,63,10,-0.3407800758714773,-1.1218218857680484
15,1551776400,62,2045,1983,2107,10,1.5625075446539625,0.9689153742812583
15,1551790800,212,2463,2251,2675,10,1.8262516409832374,1.5499030277587564
15,1551805200,829,1310,481,2139,10,0.08435966149511522,1.001647073068723
15,1551819600,1475,461,-1014,1936,10,-1.3868993833267733,0.794005358885744
15,1551834000,215,101,-114,316,10,-0.5011915971463722,-0.8630368922296557
15,1551848400,12,64,52,76,10,-0.3378277165842093,-1.1085246331356409
15,1551862800,50,2480,2430,2530,10,2.002409078456895,1.4015875176280572
15,1551877200,297,2711,2414,3008,10,1.9866631622581323,1.890517268265811
15,1551891600,805,1275,470,2080,10,0.07353434410846586,0.941298003429335
15,1551906000,1481,381,-1100,1862,10,-1.4715336828951227,0.7183133054397318
15,1551920400,209,77,-132,286,10,-0.5189057528699802,-0.8937228598429039
15,1551934800,16,60,44,76,10,-0.34570067468359067,-1.1085246331356409
15,1551946187,24,1275,1251,1299,10,0.8421318785605696,0.14243997989777504
15,1551949200,45,1515,1470,1560,10,1.0576541065311338,0.40940789813303385
15,1551963600,263,2123,1860,2386,10,1.4414608138759744,1.254294873084466
15,1551978000,732,764,32,1496,10,-0.3575101118326627,0.3439445005581045
15,1551992400,2308,827,-1481,3135,10,-1.8464833123781592,2.0204211978285613
15,1552006800,229,62,-167,291,10,-0.5533499445547735,-0.8886085319073626
15,1552021200,11,43,32,54,10,-0.3575101118326627,-1.1310276760520228
15,1552035600,33,2176,2143,2209,10,1.7199667066415893,1.073247664166302
15,1552050000,213,1880,1667,2093,10,1.2515256997283994,0.9545952560617426
15,1552064400,1018,789,-229,1807,10,-0.6143653698249789,0.662055698148777
15,1552078800,1371,427,-944,1798,10,-1.3180109999571865,0.6528499078648025
15,1552093200,193,90,-103,283,10,-0.49036627975972286,-0.8967914566042288
15,1552107600,10,15,5,25,10,-0.3840813454180747,-1.1606907780781628
15,1552122000,20,352,332,372,10,-0.0622741831058623,-0.8057564193515926
15,1552136400,110,565,455,675,10,0.05877254767212585,-0.49582814645778633
15,1552150800,245,489,244,734,10,-0.1488767221990571,-0.4354790768183983
15,1552165200,273,280,7,553,10,-0.3821131058932294,-0.6206177480849955
15,1552179600,139,83,-56,222,10,-0.44411265092585744,-0.9591862574178333
15,1552197600,11,16,5,27,10,-0.3840813454180747,-1.1586450469039462
15,1552212000,26,218,192,244,10,-0.20005094984503582,-0.9366832145014513
15,1552226400,123,551,428,674,10,0.03220131408671381,-0.49685101204489457
15,1552240800,247,427,180,674,10,-0.21186038699410784,-0.49685101204489457
15,1552255200,206,122,-84,328,10,-0.47166800427369215,-0.8507625051843565
15,1552269600,46,45,-1,91,10,-0.3899860639926107,-1.0931816493290167
15,1552284000,7,150,143,157,10,-0.24827281820374653,-1.025672520579871
15,1552298400,61,2809,2748,2870,10,2.3153591629073036,1.7493618172448695
15,1552312800,288,995,707,1283,10,0.30677072780263814,0.1260741305040427
15,1552327200,1391,564,-827,1955,10,-1.2028689877537344,0.813439805040801
15,1552341600,954,235,-719,1189,10,-1.0965840534120863,0.029924765315865184
15,1552356000,99,46,-53,145,11,-0.3930071131415856,-1.0184262674553115
15,1552370400,11,159,148,170,11,-0.18600117256734436,-0.9903837419689137
15,1552384800,80,2924,2844,3004,11,2.5905561199110356,2.188516947169151
15,1552399200,259,1095,836,1354,11,0.522556474771352,0.3377102650668903
15,1552413600,1494,596,-898,2090,11,-1.2632559677944901,1.1632822153864442
15,1552428000,999,236,-763,1235,11,-1.1242221271102983,0.20422784375163633
15,1552442400,132,40,-92,172,11,-0.4331724448947966,-0.9881403399300018
15,1552456800,9,175,166,184,11,-0.16746332714278545,-0.9746799276965309
15,1552471200,97,2877,2780,2974,11,2.524643780623715,2.1548659165854733
15,1552485600,262,1141,879,1403,11,0.5668413277300206,0.3926736150202301
15,1552500000,1430,618,-812,2048,11,-1.1746862618771532,1.1161707725692955
15,1552514400,1034,251,-783,1285,11,-1.144819733137586,0.2603128947244321
15,1552528800,131,40,-91,171,11,-0.4321425645934322,-0.9892620409494578
15,1552543200,9,165,156,174,11,-0.17776213015642928,-0.98589693789109
15,1552552076,18,1131,1113,1149,11,0.8078333182492865,0.10776155607842759
15,1552557600,91,2340,2249,2431,11,1.9777773405992272,1.5457822630209113
15,1552572000,313,1134,821,1447,11,0.5071082702508862,0.4420284598762904
15,1552586400,1354,664,-690,2018,11,-1.0490408651106984,1.082519741985618
15,1552600800,849,265,-584,1114,11,-0.9398735531660737,0.06850202039747054
15,1552615200,145,57,-88,202,11,-0.42905292368933906,-0.9544893093463244
15,1552629600,8,147,139,155,11,-0.19527009527962383,-1.0072092572607525
15,1552644000,82,2507,2425,2589,11,2.1590362736393587,1.7230110240949459
15,1552658400,324,1200,876,1524,11,0.5637516868259274,0.5283994383743958
15,1552672800,1387,765,-622,2152,11,-0.9790090046179203,1.2328276785927108
15,1552687200,707,385,-322,1092,11,-0.670044914208605,0.0438245979694404
15,1552701600,123,69,-54,192,11,-0.39403699344295,-0.9657063195408836
15,1552716000,9,41,32,50,11,-0.3054672875256129,-1.1249878643036235
15,1552730400,30,517,487,547,11,0.1631282495951819,-0.5675024576340335
15,1552744800,224,1093,869,1317,11,0.5565425247163768,0.2962073273470214
15,1552759200,373,596,223,969,11,-0.10876014996501554,-0.0941446274236372
15,1552773600,242,174,-68,416,11,-0.40845531766205134,-0.7144452911827585
15,1552788000,79,57,-22,136,11,-0.3610808237992897,-1.0285215766304148
15,1552802400,8,19,11,27,11,-0.327094773854265,-1.1507869877511097
15,1552816800,32,262,230,294,11,-0.10155098785546485,-0.8512928155563801
15,1552831200,150,546,396,696,11,0.06940914217102295,-0.40036900573510215
15,1552845600,256,473,217,729,11,-0.11493943177320184,-0.36335287209305694
15,1552860000,187,168,-19,355,11,-0.35799118289519655,-0.7828690533695694
15,1552874400,62,35,-27,97,11,-0.3662302253061116,-1.0722679163891955
15,1552888800,8,159,151,167,11,-0.1829115316632512,-0.9937488450272814
15,1552903200,70,2777,2707,2847,11,2.4494625186241152,2.012409887114572
15,1552917600,271,1020,749,1291,11,0.4329568885526506,0.2670431008411676
15,1552932000,1307,556,-751,1863,11,-1.1118635634939258,0.9086560839699512
15,1552946400,818,183,-635,1001,11,-0.9923974485356573,-0.05825019480104791
15,1552960800,0,2,2,2,12,-0.26102131598268574,-0.8550039439446613
15,1552975200,4,100,96,104,12,-0.16211430422535364,-0.7534249512976403
15,1552989600,106,2815,2709,2921,12,2.5872901821779317,2.051947816218615
15,1553004000,312,1058,746,1370,12,0.5218171600540705,0.5073496044977376
15,1553018400,1338,557,-781,1895,12,-1.0848956798762075,1.030182654886816
15,1553032800,856,212,-644,1068,12,-0.9407439712511596,0.20659611646440096
15,1553047200,0,0,0,0,12,-0.2631257204881609,-0.8569956888985245
15,1553061600,5,96,91,101,12,-0.1673753154890415,-0.7564125687284351
15,1553076000,113,2806,2693,2919,12,2.5704549461341304,2.0499560712647518
15,1553090400,282,1135,853,1417,12,0.6344028010969911,0.5541556109135217
15,1553104800,1356,618,-738,1974,12,-1.0396509830084917,1.1088565805644108
15,1553119200,846,283,-563,1129,12,-0.8555155887794159,0.26734433755722725
15,1553133600,0,0,0,0,12,-0.2631257204881609,-0.8569956888985245
15,1553148000,6,125,119,131,12,-0.1379136524123894,-0.7265363944204877
15,1553162400,125,2840,2715,2965,12,2.593603395694357,2.0957662052036046
15,1553176800,333,990,657,1323,12,0.42817115956042634,0.4605435980819534
15,1553191200,1418,632,-786,2050,12,-1.0901566911398954,1.1845428888112106
15,1553205600,795,350,-445,1145,12,-0.731355722956382,0.28327829718813247
15,1553220000,0,1,1,1,12,-0.2620735182354233,-0.8559998164215928
15,1553234400,4,104,100,108,12,-0.15790549521440334,-0.749441461389914
15,1553248800,108,2403,2295,2511,12,2.151678449544575,1.643640100676668
15,1553263200,276,844,568,1120,12,0.3345251590667821,0.258381485264843
15,1553277600,1365,815,-550,2180,12,-0.8418369594938274,1.314006310812316
15,1553292000,706,272,-434,978,12,-0.7197814981762687,0.11696759354055894
15,1553306400,0,3,3,3,12,-0.2599691137299482,-0.8540080714677297
15,1553320800,0,1,1,1,12,-0.2620735182354233,-0.8559998164215928
15,1553335200,0,2,2,2,12,-0.26102131598268574,-0.8550039439446613
15,1553349600,1,2,1,3,12,-0.2620735182354233,-0.8540080714677297
15,1553364000,0,0,0,0,12,-0.2631257204881609,-0.8569956888985245
15,1553378400,0,0,0,0,12,-0.2631257204881609,-0.8569956888985245
15,1553392800,0,4,4,4,12,-0.2589169114772106,-0.8530121989907982
15,1553407200,0,2,2,2,12,-0.26102131598268574,-0.8550039439446613
15,1553421600,0,2,2,2,12,-0.26102131598268574,-0.8550039439446613
15,1553436000,0,0,0,0,12,-0.2631257204881609,-0.8569956888985245
15,1553450400,0,1,1,1,12,-0.2620735182354233,-0.8559998164215928
15,1553464800,0,0,0,0,12,-0.2631257204881609,-0.8569956888985245
15,1553479200,0,0,0,0,12,-0.2631257204881609,-0.8569956888985245
15,1553493600,3,113,110,116,12,-0.14738347268702756,-0.7414744815744614
15,1553508000,83,2728,2645,2811,12,2.519949238002727,1.9424018437561417
15,1553522400,265,634,369,899,12,0.1251369107720045,0.038293667862964266
15,1553536800,1311,549,-762,1860,12,-1.0649038370741934,0.9953271181942108
15,1553551200,803,224,-579,1027,12,-0.8723508248232171,0.16576534491020625
15,1553565600,0,1,1,1,13,-0.3010170064028263,-1.0946764865752108
15,1553580000,7,104,97,111,13,-0.1982615647472955,-0.970082511525262
15,1553594400,98,2814,2716,2912,13,2.6050353279176544,2.202533162246614
15,1553608800,307,673,366,980,13,0.08966774572497313,0.014209891369332948
15,1553623200,1327,620,-707,1947,13,-1.058838388612366,1.1095041993084278
15,1553637600,828,234,-594,1062,13,-0.937886670830335,0.10708903640656746
15,1553652000,1,4,3,5,13,-0.2988762680350028,-1.0901457965733945
15,1553666400,5,105,100,110,13,-0.19505045719556016,-0.9712151840257162
15,1553680800,92,2769,2677,2861,13,2.563290929745095,2.144766864723456
15,1553695200,360,1044,684,1404,13,0.4300451462089189,0.4944630315618626
15,1553709600,1328,628,-700,1956,13,-1.0513458043249837,1.1196982518125145
15,1553724000,834,266,-568,1100,13,-0.9100570720486287,0.15013059142382248
15,1553738400,0,2,2,2,13,-0.2999466372189145,-1.0935438140747566
15,1553752800,6,106,100,112,13,-0.19505045719556016,-0.968949839024808
15,1553767200,94,2455,2361,2549,13,2.2250542676289724,1.7913730445817835
15,1553781600,316,620,304,936,13,0.023304856322442807,-0.03562769865064654
15,1553796000,1376,580,-796,1956,13,-1.1541012459805144,1.1196982518125145
15,1553810400,775,249,-526,1024,13,-0.865101566324334,0.06404748138931245
15,1553824800,0,1,1,1,13,-0.3010170064028263,-1.0946764865752108
15,1553839200,3,106,103,109,13,-0.19183934964382482,-0.9723478565261702
15,1553852967,52,2309,2257,2361,13,2.1137358725021476,1.5784306144964166
15,1553853600,96,1945,1849,2041,13,1.6770252454661418,1.2159754143511112
15,1553857336,65,440,375,505,13,0.09930106838017914,-0.5238095463463548
15,1553868000,378,620,242,998,13,-0.04305803308008751,0.03459799637750638
15,1553882400,1447,746,-701,2193,13,-1.0524161735088953,1.3881416344201312
15,1553896800,728,285,-443,1013,13,-0.7762609240596563,0.05158808388431757
15,1553911200,162,69,-93,231,13,-0.4016317096905336,-0.8341618114707725
15,1553925600,19,38,19,57,13,-0.2817503610924143,-1.0312468265497823
15,1553940000,42,420,378,462,13,0.10251217593191447,-0.5725144638658802
15,1553954400,176,686,510,862,13,0.24380090820826933,-0.11944546368424842
15,1553968800,361,463,102,824,13,-0.1929097188277366,-0.16248701870150345
15,1553983200,300,242,-58,542,13,-0.3641687882536213,-0.4819006638295538
15,1553997600,142,86,-56,228,13,-0.36202804988579773,-0.8375598289721348
15,1554012000,14,27,13,41,13,-0.288172576195885,-1.0493695865570476
15,1554026400,25,291,266,316,13,-0.017369172666204805,-0.7378846489321758
15,1554040800,131,523,392,654,13,0.11749734450667938,-0.35504134377869695
15,1554055200,270,412,142,682,13,-0.15009495147126545,-0.3233265137659827
15,1554069600,259,124,-135,383,13,-0.4465872154148283,-0.6619955914017525
15,1554084000,82,34,-48,116,13,-0.3534650964145035,-0.9644191490229916
15,1554098400,9,163,154,172,13,-0.13725052126432408,-0.9009894889975633
15,1554112800,96,2751,2655,2847,13,2.5397428076990356,2.1289094497170993
15,1554127200,296,751,455,1047,13,0.18493060309312148,0.09009894889975627
15,1554141600,1318,500,-818,1818,13,-1.1776493680265736,0.9633894467498515
15,1554156000,850,187,-663,1037,13,-1.0117421445202477,0.07877222389521547
15,1554170400,146,50,-96,196,14,-0.37259373694519926,-0.7274539826755553
15,1554184800,15,126,111,141,14,-0.1598965413264669,-0.7835957895472218
15,1554199200,106,2877,2771,2983,14,2.573313798508451,2.117404485530523
15,1554213600,322,777,455,1099,14,0.19357126202060523,0.19429241014471335
15,1554228000,1379,592,-787,1971,14,-1.082611911691789,1.0843952390918608
15,1554242400,909,231,-678,1140,14,-0.9706119391196062,0.23614357526722832
15,1554256800,195,54,-141,249,14,-0.4188322577318802,-0.6733536960537677
15,1554271200,11,175,164,186,14,-0.10543783906659823,-0.7376615839249492
15,1554281868,62,1418,1356,1480,14,1.1193692004383724,0.5832020177466207
15,1554285600,67,2877,2810,2944,14,2.613387183190241,2.077594840657887
15,1554300000,340,782,442,1122,14,0.1802134671266752,0.2177698930183193
15,1554314400,1382,574,-808,1956,14,-1.1041898880589067,1.06908383721777
15,1554328800,881,304,-577,1185,14,-0.8668321480206111,0.28207778088950086
15,1554343200,209,52,-157,261,14,-0.4352726206782557,-0.661104574554495
15,1554357600,11,153,142,164,14,-0.12804333811786447,-0.7601183066736158
15,1554362985,8,322,314,330,14,0.04869056355567159,-0.5906721259336771
15,1554372000,113,2843,2730,2956,14,2.531185368458364,2.0898439621571594
15,1554386400,350,943,593,1293,14,0.33536939243309344,0.3923198743829549
15,1554400800,1358,606,-752,1964,14,-1.0466486177465926,1.0772499182172852
15,1554415200,870,296,-574,1166,14,-0.8637495799681657,0.26268333851565245
15,1554429600,208,53,-155,261,14,-0.4332175753099587,-0.661104574554495
15,1554444000,15,168,153,183,14,-0.11674058859223135,-0.7407238642997673
15,1554458400,104,2735,2631,2839,14,2.429460622727666,1.970415027539251
15,1554472800,365,1171,806,1536,14,0.5542317241567166,0.6403645847432266
15,1554487200,1518,768,-750,2286,14,-1.0445935723782958,1.4059346784477684
15,1554501600,674,484,-190,1158,14,-0.469180869255155,0.25451725751613735
15,1554516000,0,3,3,3,14,-0.2708689912145012,-0.9244606867888575
15,1554530400,1,4,3,5,14,-0.2708689912145012,-0.9224191665389787
15,1554544800,0,4,4,4,14,-0.2698414685303527,-0.923439926663918
15,1554559200,2,6,4,8,14,-0.2698414685303527,-0.9193568861641606
15,1554573600,29,21,-8,50,14,-0.2821717407401343,-0.8764849609167061
15,1554588000,9,18,9,27,14,-0.26470385510961036,-0.8999624437903121
15,1554602400,1,18,17,19,14,-0.25648367363642266,-0.9081285247898272
15,1554616800,2,15,13,17,14,-0.2605937643730165,-0.910170045039706
15,1554631200,0,2,2,2,14,-0.27189651389864966,-0.9254814469137969
15,1554645600,2,1,-1,3,14,-0.27497908195109505,-0.9244606867888575
15,1554660000,0,4,4,4,14,-0.2698414685303527,-0.923439926663918
15,1554674400,0,0,0,0,14,-0.2739515592669466,-0.9275229671636757
15,1554688800,0,1,1,1,14,-0.2729240365827981,-0.9265022070387362
15,1554703200,3,105,102,108,14,-0.16914424548380308,-0.8172808736702216
15,1554717600,90,2606,2516,2696,14,2.3112955140505926,1.824446329672918
15,1554732000,258,914,656,1172,14,0.4001033215344468,0.2688078992652888
15,1554746400,1288,460,-828,1748,14,-1.1247403417418762,0.8567657312303771
15,1554760800,822,243,-579,1065,14,-0.8688871933889081,0.1595865658967741
15,1554775200,181,37,-144,218,15,-0.43950927547044805,-0.9183499393574117
15,1554789600,11,161,150,172,15,-0.13662611141703287,-0.9694340140677227
15,1554804000,106,2884,2778,2990,15,2.5707784978767596,2.160020823620456
15,1554818400,315,931,616,1246,15,0.3434540057560673,0.22326807808171095
15,1554832800,1423,599,-824,2022,15,-1.1400553691994355,1.0850342079773911
15,1554847200,886,215,-671,1101,15,-0.9824324981104133,0.06224219040790472
15,1554861600,181,42,-139,223,15,-0.43435820125185254,-0.9127973225410736
15,1554876000,9,175,166,184,15,-0.1201426739175273,-0.9561077337085111
15,1554890400,95,2742,2647,2837,15,2.4358203533495577,1.9901107490405088
15,1554904800,322,1092,770,1414,15,0.5021070916888086,0.40983600311067264
15,1554919200,1364,551,-813,1915,15,-1.1287230059185256,0.9662082081077548
15,1554933600,879,270,-609,1149,15,-0.9185591777998291,0.11554731184475092
15,1554948000,213,65,-148,278,15,-0.44363013484532443,-0.851718537561354
15,1554962400,11,181,170,192,15,-0.1160218145426509,-0.9472235468023701
15,1554976800,116,2850,2734,2966,15,2.525449044753119,2.133368262902033
15,1554991200,316,1103,787,1419,15,0.5196207440320333,0.41538861992701076
15,1555005600,1457,617,-840,2074,15,-1.1565388066989413,1.1427814228673079
15,1555020000,875,257,-618,1132,15,-0.927831111393301,0.09666841466920123
15,1555034400,202,66,-136,268,15,-0.4312675567206952,-0.8628237711940303
15,1555048800,11,162,151,173,15,-0.13559589657331378,-0.9683234907044551
15,1555063200,116,2639,2523,2755,15,2.3080737127283895,1.8990478332525633
15,1555077600,339,1100,761,1439,15,0.4928351580953367,0.43759908719236335
15,1555092000,1385,779,-606,2164,15,-0.9154685332686718,1.2427285255613945
15,1555106400,763,328,-435,1091,15,-0.7393017949927059,0.051136956775228434
15,1555120800,160,59,-101,219,15,-0.3952100371905268,-0.9172394159941442
15,1555135200,18,68,50,86,15,-0.2396475957889428,-1.0649390233087388
15,1555149600,37,390,353,427,15,0.07250750185794425,-0.6862505564344773
15,1555164000,175,601,426,776,15,0.14771318544943848,-0.29867790265407473
15,1555178400,318,498,180,816,15,-0.10571966610545991,-0.25425696812336956
15,1555192800,269,228,-41,497,15,-0.33339714656738084,-0.6085139210057432
15,1555207200,119,57,-62,176,15,-0.3550316582854819,-0.9649919206146522
15,1555221600,14,32,18,46,15,-0.272614470787954,-1.109359957839444
15,1555236000,30,319,289,349,15,0.0065737518599218985,-0.7728713787693523
15,1555250400,155,449,294,604,15,0.011724826078517395,-0.48968792113610693
15,1555264800,305,466,161,771,15,-0.1252937481361228,-0.30423051947041285
15,1555279200,224,158,-66,382,15,-0.35915251766035833,-0.7362241077815206
15,1555293600,58,38,-20,96,15,-0.31176263484927974,-1.0538337896760626
15,1555308000,7,169,162,176,15,-0.1242635332924037,-0.9649919206146522
15,1555322400,78,2535,2457,2613,15,2.2400795330429286,1.74135351566856
15,1555336800,298,1129,831,1427,15,0.5649501971556736,0.4242728068331518
15,1555351200,1325,597,-728,1922,15,-1.0411547442024018,0.9739818716506282
15,1555365600,843,240,-603,1083,15,-0.9123778887375146,0.0422527698690874
15,1555380000,130,41,-89,171,16,-0.7343688567340769,-1.100972399268906
15,1555394400,10,184,174,194,16,-0.479207383628965,-1.0801444154509994
15,1555408800,91,2888,2797,2979,16,2.0656159774155545,1.4418527555433396
15,1555423200,333,862,529,1195,16,-0.1347879047228253,-0.17367433711515254
15,1555437600,1347,847,-500,2194,16,-1.1331192956930163,0.7309846121930502
15,1555452000,832,311,-521,1143,16,-1.1534934057128161,-0.22076369183389782
15,1555466400,138,82,-56,220,16,-0.7023523981315344,-1.0565997380916268
15,1555480800,12,196,184,208,16,-0.46950542647667937,-1.067466512257491
15,1555495200,107,3483,3376,3590,16,2.6273592965328922,1.9951526734885967
15,1555509600,356,1862,1506,2218,16,0.8130933090554803,0.7527181605247788
15,1555524000,1343,1593,250,2936,16,-0.40547250927159423,1.4029134814489925
15,1555538400,838,427,-411,1265,16,-1.0467718770376742,-0.11028482114761082
15,1555552800,148,101,-47,249,16,-0.6936206366944773,-1.030338367190788
15,1555567200,14,201,187,215,16,-0.46659483933099366,-1.0611275606607369
15,1555581600,100,3171,3071,3271,16,2.3314496033881804,1.7062775935793708
15,1555596000,390,2074,1684,2464,16,0.9857881463661644,0.9754870309249969
15,1555610400,1378,1707,329,3085,16,-0.32882704776853783,1.5378425940084743
15,1555624800,763,490,-273,1253,16,-0.9128848683361325,-0.12115159531347511
15,1555639200,160,80,-80,240,16,-0.7256370952970199,-1.0384884478151861
15,1555653600,11,131,120,142,16,-0.5315979522513073,-1.1272337701697446
15,1555668000,80,2084,2004,2164,16,1.2962507752393042,0.7038176767783895
15,1555682400,375,2013,1638,2388,16,0.9411591434656505,0.906664127874523
15,1555696800,757,2017,1260,2774,16,0.5744251631092538,1.2562120302098245
15,1555711200,532,749,217,1281,16,-0.4374889678741368,-0.09579578892645842
15,1555725600,121,110,-11,231,16,-0.658693590946249,-1.0466385284395845
15,1555740000,14,89,75,103,16,-0.5752567594365927,-1.1625507862088036
15,1555754400,46,939,893,985,16,0.21836333562037144,-0.36384288501777773
15,1555768800,227,1539,1312,1766,16,0.6248753403011391,0.3434030002772236
15,1555783200,363,1162,799,1525,16,0.12716493838888657,0.1251619524461156
15,1555797600,293,451,158,744,16,-0.494730515072622,-0.5820839328488857
15,1555812000,109,101,-8,210,16,-0.6557830038005634,-1.065655383229847
15,1555826400,12,59,47,71,16,-0.6024222394629924,-1.1915288506511084
15,1555840800,50,814,764,864,16,0.09320808835588688,-0.47341619119024275
15,1555855200,357,2248,1891,2605,16,1.1866186594184767,1.1031716273739023
15,1555869600,418,1047,629,1465,16,-0.037768333199969056,0.07082808161679413
15,1555884000,222,297,75,519,16,-0.5752567594365927,-0.7858359484588413
15,1555898400,59,96,37,155,16,-0.6121241966152781,-1.1154614314900584
15,1555912800,7,230,223,237,16,-0.4316677935827654,-1.0412051413566523
15,1555927200,93,3251,3158,3344,16,2.4158566306130655,1.7723838030883787
15,1555941600,299,1671,1372,1970,16,0.6830870832148529,0.5281381610969167
15,1555956000,1384,1100,-284,2484,16,-0.9235570212036466,0.9935983212014373
15,1555970400,777,351,-426,1128,16,-1.0613248127661026,-0.2343471595412282
15,1555984800,111,78,-33,189,17,-0.3992221506779173,-0.8881873967746752
15,1555999200,10,188,178,198,17,-0.17758768183111703,-0.8786919530217057
15,1556013600,71,3212,3141,3283,17,2.93474848496068,2.376135155635061
15,1556028000,378,2255,1877,2633,17,1.6070424725324546,1.690353106809486
15,1556042400,1323,958,-365,2281,17,-0.7479550590055839,1.3189757511377902
15,1556056800,797,438,-359,1235,17,-0.741652657047855,0.21539417718155746
15,1556071200,145,63,-82,208,17,-0.4506917666660368,-0.8681414599628506
15,1556085600,11,171,160,182,17,-0.1964948877043038,-0.8955727419158737
15,1556100000,92,2627,2535,2719,17,2.298205887230059,1.781087347115639
15,1556114400,312,1412,1100,1724,17,0.79088141900656,0.7313132877595668
15,1556128800,1343,609,-734,1952,17,-1.1355527794059124,0.9718645295014607
15,1556143200,815,245,-570,1060,17,-0.9632871258946553,0.030760548651595023
15,1556157600,146,56,-90,202,17,-0.45909496927634197,-0.8744717557981637
15,1556172000,9,165,156,174,17,-0.20069648900945639,-0.9040131363629577
15,1556186400,104,2804,2700,2908,17,2.4715219410676044,1.9804916659279983
15,1556200800,352,1263,911,1615,17,0.592355757338099,0.6163129134180473
15,1556215200,1417,714,-703,2131,17,-1.1029903692909795,1.1607183552549651
15,1556229600,827,271,-556,1098,17,-0.9485815213266211,0.070852422275244
15,1556244000,170,81,-89,251,17,-0.4580445689500538,-0.8227743398097742
15,1556258400,16,147,131,163,17,-0.22695649716666022,-0.9156186787276982
15,1556272800,111,2288,2177,2399,17,1.9221625704189005,1.443471569232279
15,1556287200,386,1247,861,1633,17,0.5398357410236914,0.6353038009239863
15,1556301600,1438,893,-545,2331,17,-0.9370271177374514,1.371728216432065
15,1556316000,758,312,-446,1070,17,-0.8330374854349243,0.04131104171045002
15,1556330400,149,54,-95,203,17,-0.46434697090778276,-0.8734167064922782
15,1556344800,7,30,23,37,17,-0.3403997324057807,-1.048554891269271
15,1556359200,30,472,442,502,17,0.0997180043089553,-0.5579569640325138
15,1556373600,159,539,380,698,17,0.03459318407908984,-0.35116730007895586
15,1556388000,270,433,163,703,17,-0.1933436867254393,-0.34589205354952834
15,1556402400,262,196,-66,458,17,-0.43388536144542633,-0.6043791334914758
15,1556416800,109,54,-55,163,17,-0.42233095785625663,-0.9156186787276982
15,1556431200,8,11,3,19,17,-0.36140773893154376,-1.06754577877521
15,1556445600,25,276,251,301,17,-0.10090845801208187,-0.7700218745154992
15,1556460000,134,457,323,591,17,-0.025279634519334872,-0.4640575758087043
15,1556474400,257,345,88,602,17,-0.27212371119705075,-0.45245203344396384
15,1556488800,185,134,-51,319,17,-0.418129356551104,-0.7510309870095602
15,1556503200,55,29,-26,84,17,-0.3918693483939002,-0.9989675738926527
15,1556517600,8,155,147,163,17,-0.21015009194604978,-0.9156186787276982
15,1556523154,12,379,367,391,17,0.02093797983734385,-0.6750674369858043
15,1556524623,4,219,215,223,17,-0.13872286975845538,-0.8523157203745682
15,1556526852,14,423,409,437,17,0.06505479354144626,-0.6265351689150712
15,1556532000,64,2649,2585,2713,17,2.350725903544467,1.774757051280326
15,1556546400,285,884,599,1169,17,0.2646308555361953,0.1457609229931145
15,1556560800,1380,550,-830,1930,17,-1.236391210729575,0.9486534447719798
15,1556575200,826,217,-609,1043,17,-1.0042527386198932,0.01282471045154153
15,1556589600,97,47,-50,144,18,-0.3577326531728786,-0.9792258048172229
15,1556604000,9,161,152,170,18,-0.14386443884557948,-0.9509198361362687
15,1556618400,116,2813,2697,2929,18,2.5506633109711347,2.0527789173542192
15,1556632800,323,1084,761,1407,18,0.5009164647451392,0.3957910584152838
15,1556647200,1408,636,-772,2044,18,-1.1221527063625318,1.0892872910986622
15,1556661600,907,307,-600,1214,18,-0.9400470981234454,0.18567367551435443
15,1556676000,127,43,-84,170,18,-0.3937302734061864,-0.9509198361362687
15,1556690400,12,165,153,177,18,-0.1428056853093057,-0.9432989984144733
15,1556704800,102,2730,2628,2832,18,2.4776093169682456,1.9471758803521975
15,1556719200,341,1112,771,1453,18,0.5115040001078767,0.4458708491585105
15,1556733600,1462,619,-843,2081,18,-1.1973242074379686,1.1295688619138662
15,1556748000,848,249,-599,1097,18,-0.9389883445871717,0.058296816450060455
15,1556762400,141,46,-95,187,18,-0.4053765623051977,-0.9324120873833371
15,1556776800,8,157,149,165,18,-0.14704069945440074,-0.9563632916518369
15,1556791200,106,2670,2564,2776,18,2.4098490906467247,1.8862091785778345
15,1556805600,347,1083,736,1430,18,0.4744476263382952,0.42083095378689717
15,1556820000,1458,675,-783,2133,18,-1.133798995261543,1.1861807992757747
15,1556834400,874,275,-599,1149,18,-0.9389883445871717,0.11490875381196888
15,1556848800,154,50,-104,204,18,-0.4149053441316615,-0.9139043386304055
15,1556863200,8,131,123,139,18,-0.17456829139751845,-0.984669260332791
15,1556877600,96,2507,2411,2603,18,2.24785979959684,1.6978656177391778
15,1556892000,372,1158,786,1530,18,0.5273853031519831,0.5297000640982595
15,1556906400,1458,941,-517,2399,18,-0.8521705546127235,1.4757726327039986
15,1556920800,693,343,-350,1036,18,-0.675358714055006,-0.008113340839870588
15,1556935200,119,60,-59,179,18,-0.3672614349993424,-0.9411216162082461
15,1556949600,12,33,21,45,18,-0.28256115209744176,-1.0870062240254716
15,1556964000,28,445,417,473,18,0.1367052482669664,-0.6210464318928407
15,1556978400,189,526,337,715,18,0.05200496536506575,-0.35758318493934377
15,1556992800,254,444,190,698,18,-0.10363180446717667,-0.3760909336922754
15,1557007200,219,223,4,442,18,-0.30055996221409564,-0.6547958560893631
15,1557021600,91,88,-3,179,18,-0.307971236968012,-0.9411216162082461
15,1557036000,10,25,15,35,18,-0.28891367331508433,-1.097893135056608
15,1557050400,28,258,230,286,18,-0.061281663016226354,-0.8246316681750884
15,1557064800,149,611,462,760,18,0.1843491573992855,-0.3085920852992307
15,1557079200,304,451,147,755,18,-0.14915820652694828,-0.31403554081479884
15,1557093600,192,137,-55,329,18,-0.36302642085424736,-0.7778179507412025
15,1557108000,54,42,-12,96,18,-0.31750001879447576,-1.031482977766677
15,1557122400,7,160,153,167,18,-0.1428056853093057,-0.9541859094456095
15,1557136800,91,2602,2511,2693,18,2.353735153224216,1.7958478170194039
15,1557151200,297,971,674,1268,18,0.4088049070893222,0.24446299508249011
15,1557165600,1521,614,-907,2135,18,-1.265084433759489,1.188358181482002
15,1557180000,835,266,-569,1101,18,-0.9072257384989589,0.06265158086251495
15,1557194400,125,54,-71,179,19,-0.38017986636609746,-0.9150672988027528
15,1557208800,9,165,156,174,19,-0.11993087170274427,-0.920879014678509
15,1557223200,98,2422,2324,2520,19,2.365618998033598,1.8059780742262757
15,1557237600,319,959,640,1278,19,0.43496125788784135,0.36234785068844855
15,1557252000,1401,608,-793,2009,19,-1.2079321753834587,1.2120207117239972
15,1557266400,886,252,-634,1138,19,-1.0256432319848985,0.1996198061672764
15,1557280800,134,45,-89,179,19,-0.400816350524425,-0.9150672988027528
15,1557295200,9,146,137,155,19,-0.14171382720320114,-0.9429635350063823
15,1557309600,119,2639,2520,2758,19,2.590327381090942,2.0826157499122684
15,1557324000,348,1001,653,1349,19,0.44986538533552234,0.4448742161241859
15,1557338400,1427,658,-769,2085,19,-1.1804168631723553,1.3003587930354907
15,1557352800,865,400,-465,1265,19,-0.8318895751650452,0.3472373894114826
15,1557367200,139,69,-70,208,19,-0.3790333950239681,-0.8813593467233671
15,1557381600,10,153,143,163,19,-0.1348349991504253,-0.9336647896051725
15,1557396000,98,2794,2696,2892,19,2.7921063373057007,2.238369735382533
15,1557410400,332,1233,901,1565,19,0.734190278183591,0.6959403419568515
15,1557424800,1772,650,-1122,2422,19,-1.5851212469440012,1.6920684430614552
15,1557439200,890,267,-623,1157,19,-1.0130320472214762,0.22170432649514976
15,1557453600,136,45,-91,181,19,-0.4031092932086836,-0.9127426124524504
15,1557468000,11,165,154,176,19,-0.12222381438700289,-0.9185543283282065
15,1557482400,106,2502,2396,2608,19,2.448164934666908,1.9082642736395838
15,1557496800,392,1206,814,1598,19,0.634447271418341,0.734297666736842
15,1557511200,1474,746,-728,2220,19,-1.1334115381450536,1.4572751216809068
15,1557525600,709,319,-390,1028,19,-0.7459042245053471,0.07176205690064115
15,1557540000,138,60,-78,198,19,-0.3882051657610026,-0.8929827784748794
15,1557554400,10,43,33,53,19,-0.2609468467846493,-1.0615225388718077
15,1557568800,35,415,380,450,19,0.13687870893422097,-0.6000722983367696
15,1557583200,139,537,398,676,19,0.15751519309254852,-0.33738274075259167
15,1557597600,260,425,165,685,19,-0.1096126296235805,-0.3269216521762306
15,1557612000,231,192,-39,423,19,-0.3434927834179595,-0.6314555640658528
15,1557626400,93,48,-45,141,19,-0.3503716114707354,-0.9592363394584995
15,1557640800,9,19,10,28,19,-0.2873156876536234,-1.0905811182505885
15,1557655200,21,289,268,310,19,0.008473918615738346,-0.7628003428579417
15,1557669600,142,526,384,668,19,0.1414645943027382,-0.3466814861538015
15,1557684000,262,333,71,595,19,-0.21738093578373555,-0.43153253793984125
15,1557698400,177,112,-65,289,19,-0.37330103831332156,-0.7872095495361175
15,1557712800,40,38,-2,78,19,-0.3010733437591751,-1.032463959493027
15,1557727200,8,155,147,163,19,-0.13024911378190807,-0.9336647896051725
15,1557735963,25,1167,1142,1192,19,1.0104898716367545,0.26238633762544283
15,1557736043,2,10,8,12,19,-0.28960863033788203,-1.1091786090530082
15,1557736129,27,945,918,972,19,0.7536802909997892,0.006670839092172292
15,1557736210,1,43,42,44,19,-0.25062860470548554,-1.0719836274481689
15,1557741600,69,1558,1489,1627,19,1.4083154273556246,0.7680056188162276
15,1557756000,351,1034,683,1385,19,0.4842595255994016,0.4867185704296301
15,1557770400,1497,534,-963,2031,19,-1.4028323035454413,1.2375922615773243
15,1557784800,884,237,-647,1121,19,-1.0405473594325796,0.1798599721897055
15,1557799200,121,41,-80,162,20,-0.46818522175509303,-0.8777902925283068
15,1557813600,10,165,155,175,20,-0.1553168158089688,-0.8609128308121035
15,1557828000,103,2800,2697,2903,20,3.228987388084852,2.680757597018876
15,1557842400,334,1116,782,1450,20,0.6794427183536691,0.7943766836616865
15,1557856800,1505,640,-865,2145,20,-1.5132988331070398,1.6966717523356347
15,1557871200,893,240,-653,1133,20,-1.2310515902960684,0.3828262710434971
15,1557885600,128,43,-85,171,20,-0.47484199634969143,-0.8661058959555507
15,1557900000,8,157,149,165,20,-0.16330494532248688,-0.8738954936707214
15,1557909187,27,1298,1271,1325,20,1.3304752737053915,0.6320933979289619
15,1557909267,1,27,26,28,20,-0.32706160034960724,-1.0517579748337875
15,1557909350,31,1067,1036,1098,20,1.0176068677592673,0.3373869510383342
15,1557909430,1,18,17,19,20,-0.3390437946198843,-1.0634423714065437
15,1557914400,97,1424,1327,1521,20,1.4050311491648935,0.8865535899578739
15,1557928800,320,1140,820,1460,20,0.7300342052726169,0.8073593465203044
15,1557943200,1462,613,-849,2075,20,-1.4919971544043251,1.6057931123253089
15,1557957600,861,281,-580,1142,20,-1.1338626812149317,0.39451066761625325
15,1557972000,135,45,-90,180,20,-0.48149877094428983,-0.8544214993827944
15,1557986400,11,189,178,200,20,-0.12469565267381623,-0.8284561736655586
15,1557995176,24,1275,1251,1299,20,1.303848175326998,0.5983384744965552
15,1557995257,1,23,22,24,20,-0.3323870200252859,-1.0569510399772346
15,1557995339,3,10,7,13,20,-0.3523573438090811,-1.0712319691217145
15,1557995420,37,960,923,997,20,0.8671637619213437,0.20626205616629284
15,1557995501,2,41,39,43,20,-0.3097539864036514,-1.0322839805458606
15,1557995581,1,28,27,29,20,-0.32573024543068757,-1.0504597085479257
15,1558000800,69,1502,1433,1571,20,1.5461547705703793,0.9514669042509637
15,1558015200,345,1168,823,1513,20,0.7340282700293759,0.8761674596709795
15,1558029600,1458,628,-830,2086,20,-1.4667014109448513,1.6200740414697887
15,1558044000,831,341,-490,1172,20,-1.0140407385121608,0.43345865619210716
15,1558058400,167,57,-110,224,20,-0.5081258693226833,-0.7972977828048755
15,1558072800,12,169,157,181,20,-0.15265410597112947,-0.8531232330969327
15,1558083346,27,1528,1501,1555,20,1.6366869050569173,0.930694643677175
15,1558083426,2,10,8,12,20,-0.3510259888901614,-1.0725302354075763
15,1558083510,57,1270,1213,1327,20,1.2532566884080503,0.6346899305006856
15,1558083590,3,13,10,16,20,-0.34836327905232206,-1.067337170264129
15,1558087200,52,909,857,961,20,0.779294337272645,0.1595244698752682
15,1558101600,394,1086,692,1480,20,0.5596207756508981,0.8333246722375403
15,1558116000,1467,767,-700,2234,20,-1.2936252714852932,1.8122174517773344
15,1558130400,672,316,-356,988,20,-0.835639179376924,0.19457765959353668
15,1558144800,118,56,-62,174,20,-0.44422083321453887,-0.8622110970979653
15,1558159200,11,41,30,52,20,-0.3217361806739285,-1.0205995839731044
15,1558173600,28,426,398,454,20,0.16820242948851286,-0.4986965370566624
15,1558188000,149,567,418,716,20,0.1948295278669064,-0.15855077016087182
15,1558202400,278,368,90,646,20,-0.24185488553874784,-0.24942941017119755
15,1558216800,250,224,-26,474,20,-0.39629205613343044,-0.47273121133942647
15,1558231200,94,60,-34,154,20,-0.4069428954847879,-0.8881764228152011
15,1558245600,10,23,13,33,20,-0.34436921429556305,-1.0452666434044784
15,1558260000,25,291,266,316,20,-0.007536419808884593,-0.6778572845055902
15,1558274400,99,486,387,585,20,0.1535575253803964,-0.3286236536087671
15,1558288800,241,367,126,608,20,-0.19392610845763947,-0.2987635290339458
15,1558303200,204,164,-40,368,20,-0.414931024998306,-0.6103474376407768
15,1558317600,46,43,-3,89,20,-0.3656708929982779,-0.9725637313962179
15,1558332000,7,149,142,156,20,-0.17262442975492462,-0.8855798902434776
15,1558346400,84,2655,2571,2739,20,3.0612366683009724,2.4678419261375413
15,1558360800,274,931,657,1205,20,0.5130233534887093,0.4763014436255464
15,1558375200,1372,567,-805,1939,20,-1.4334175379718592,1.4292288974481047
15,1558389600,899,251,-648,1150,20,-1.22439481570147,0.40489679790314764
15,1558404000,104,47,-57,151,21,-0.39995467996892986,-0.8513378409419342
15,1558418400,8,143,135,151,21,-0.1545468896753639,-0.8513378409419342
15,1558428414,36,1521,1485,1557,21,1.5709766358262716,0.8584226298306573
15,1558428494,1,34,33,35,21,-0.2849197782688208,-0.9923991600099432
15,1558428577,43,1336,1293,1379,21,1.3255688455327055,0.6419664678125057
15,1558428657,0,42,42,42,21,-0.2734162880988099,-0.9838868390317013
15,1558432800,63,1238,1175,1301,21,1.1747453077481183,0.54711489119781
15,1558447200,340,1148,808,1488,21,0.7056585419265626,0.7745154659022727
15,1558461600,1413,652,-761,2065,21,-1.2997832443786717,1.476173923680214
15,1558476000,870,307,-563,1177,21,-1.0467064606384318,0.39632520529752446
15,1558490400,141,48,-93,189,21,-0.44596864064897346,-0.8051280984886209
15,1558504800,13,148,135,161,21,-0.1545468896753639,-0.8391773824015886
15,1558519200,105,2784,2679,2889,21,3.097106331714385,2.4781957074046916
15,1558533600,341,1170,829,1511,21,0.7325000189899213,0.8024845205450676
15,1558548000,1751,676,-1075,2427,21,-1.7011272347546078,1.9163825228407247
15,1558562400,1069,232,-837,1301,21,-1.3969238280365417,0.54711489119781
15,1558576800,124,54,-70,178,21,-0.4165708324367234,-0.8185046028830011
15,1558591200,8,166,158,174,21,-0.1251490814631138,-0.8233687862991393
15,1558605600,110,2847,2737,2957,21,3.171239935032233,2.5608868254790416
15,1558620000,337,1050,713,1387,21,0.5842328123542253,0.6516948346447821
15,1558634400,1444,726,-718,2170,21,-1.2448221246775084,1.6038587383538427
15,1558648800,799,309,-490,1108,21,-0.9534003737038989,0.3124180413691398
15,1558663200,130,62,-68,192,21,-0.41401450128783207,-0.8014799609265173
15,1558677600,9,154,145,163,21,-0.14176523393090734,-0.8367452906935196
15,1558692000,82,2214,2132,2296,21,2.397949762492611,1.7570805159621974
15,1558706400,547,1150,603,1697,21,0.4436345991652031,1.0286690493954957
15,1558720800,1174,732,-442,1906,21,-0.8920484261305074,1.282822632888719
15,1558735200,524,283,-241,807,21,-0.6351371456669306,-0.05361176069526277
15,1558749600,109,80,-29,189,21,-0.36416604388445145,-0.8051280984886209
15,1558764000,11,37,26,48,21,-0.2938669372899404,-0.9765905639074939
15,1558778400,29,349,320,378,21,0.08191374159708247,-0.575295432076089
15,1558792800,142,520,378,662,21,0.15604734491493052,-0.229938409530274
15,1558807200,255,408,153,663,21,-0.13153990933534207,-0.22872236367623944
15,1558821600,237,199,-38,436,21,-0.37566953405446235,-0.5047647725420846
15,1558836000,78,73,-5,151,21,-0.3334900700977557,-0.8513378409419342
15,1558850400,5,17,12,22,21,-0.3117612553321796,-1.0082077561123926
15,1558864800,24,257,233,281,21,-0.029286663379689604,-0.6932518799174414
15,1558879200,123,477,354,600,21,0.12537137112823477,-0.3053332524804167
15,1558893600,275,347,72,622,21,-0.23507132086544022,-0.2785802436916564
15,1558908000,190,151,-39,341,21,-0.376947699628908,-0.6202891286753678
15,1558922400,50,39,-11,89,21,-0.34115906354442965,-0.926732683892077
15,1558936800,7,33,26,40,21,-0.2938669372899404,-0.9863189307397704
15,1558951200,32,293,261,325,21,0.0065019727047887655,-0.6397458623399207
15,1558965600,124,407,283,531,21,0.0346216153425932,-0.38924041640880136
15,1558980000,237,340,103,577,21,-0.19544818805762487,-0.3333023071232116
15,1558994400,175,161,-14,336,21,-0.3449935602677666,-0.6263693579455406
15,1559008800,45,32,-13,77,22,-0.3388119754184888,-0.9921420040982926
15,1559023200,14,155,141,169,22,-0.1655914187019346,-0.8877631207555796
15,1559037600,89,2531,2442,2620,22,2.422593652757748,1.8930264778638728
15,1559052000,304,1023,719,1327,22,0.48454807339006745,0.42604934566683
15,1559066400,1356,559,-797,1915,22,-1.220662082339128,1.0931665565963438
15,1559080800,935,223,-712,1158,22,-1.125053333502069,0.23430987517858545
15,1559095200,134,49,-85,183,22,-0.41979820972752707,-0.8718793776382102
15,1559109600,1,37,36,38,22,-0.2836963437359488,-1.0363895742109643
15,1559124000,121,3007,2886,3128,22,2.922008764330151,2.469379442408419
15,1559138400,330,1110,780,1440,22,0.5531614107907804,0.554253843685597
15,1559152800,1485,614,-871,2099,22,-1.303897934267862,1.3019243232817697
15,1559167200,873,249,-624,1122,22,-1.0260701582354665,0.1934659643053499
15,1559181600,117,40,-77,157,22,-0.4107997392487451,-0.9013777577133247
15,1559196000,8,149,141,157,22,-0.1655914187019346,-0.9013777577133247
15,1559210400,122,2783,2661,2905,22,2.668926782114406,2.216374105610321
15,1559224800,342,1107,765,1449,22,0.5362892786430641,0.564464821403906
15,1559239200,1392,657,-735,2049,22,-1.1509239361285675,1.245196669291165
15,1559253600,939,253,-686,1192,22,-1.0958083044460274,0.2728846798921968
15,1559268000,127,61,-66,188,22,-0.39842684234041975,-0.8662066122391497
15,1559282400,19,152,133,171,22,-0.17458988918071663,-0.8854940145959553
15,1559296800,109,2482,2373,2591,22,2.344981844878253,1.860124438549322
15,1559311200,378,1151,773,1529,22,0.5452877491218462,0.6552290677888738
15,1559325600,1370,842,-528,2212,22,-0.9180885124900823,1.4301288213005368
15,1559340000,652,339,-313,991,22,-0.6762546183728151,0.04483951084996506
15,1559354400,121,81,-40,202,22,-0.36918181328437816,-0.8503228691217803
15,1559368800,11,32,21,43,22,-0.30056847588366514,-1.0307168088119039
15,1559383200,31,458,427,489,22,0.15610390091452314,-0.5247061352157082
15,1559397600,132,541,409,673,22,0.13585734233726357,-0.31594836853028213
15,1559412000,237,403,166,640,22,-0.13747119845574074,-0.35338862016408135
15,1559426400,218,177,-41,395,22,-0.3703066220942259,-0.6313541247180454
15,1559440800,76,56,-20,132,22,-0.34668563708742306,-0.9297415847086272
15,1559455200,10,19,9,29,22,-0.3140661816018382,-1.0466005519292734
15,1559469600,18,272,254,290,22,-0.03848802318913836,-0.7504821980983157
15,1559484000,76,761,685,837,22,0.44630457385524375,-0.12988166344109806
15,1559498400,273,422,149,695,22,-0.15659294822315256,-0.29098820077441595
15,1559512800,183,119,-64,302,22,-0.39617722472072425,-0.7368675611405705
15,1559527200,54,48,-6,102,22,-0.3309383137495545,-0.9637781771029902
15,1559541600,6,154,148,160,22,-0.15771775703300034,-0.8979740984738884
15,1559548516,16,735,719,751,22,0.48454807339006745,-0.22745322830493847
15,1559548597,0,14,14,14,22,-0.3084421375525994,-1.0636188481264548
15,1559548679,14,579,565,593,22,0.31132751667351327,-0.40671261491524996
15,1559548760,0,7,7,7,22,-0.3163157992215337,-1.0715607196851396
15,1559556000,75,2010,1935,2085,22,1.8523155861649367,1.2860405801644004
15,1559570400,281,1143,862,1424,22,0.6453957331982964,0.5361009944086035
15,1559584800,1298,632,-666,1930,22,-1.0733121282490723,1.1101848527935252
15,1559599200,863,245,-618,1108,22,-1.01932130537638,0.17758222118798053
15,1559613600,114,40,-74,154,23,-0.3914874719286201,-0.9461648512116091
15,1559628000,10,142,132,152,23,-0.18092240869808293,-0.9483020419048912
15,1559642400,108,2899,2791,3007,23,2.537002363777637,2.1025376727553233
15,1559656800,314,1105,791,1419,23,0.4926813615394122,0.4056082622893266
15,1559671200,1389,576,-813,1965,23,-1.1468640822556442,0.9890613215553431
15,1559685600,856,257,-599,1113,23,-0.9281217350161541,0.0786180862171635
15,1559700000,154,51,-103,205,23,-0.42113012646107434,-0.8916664885329153
15,1559714400,23,121,98,144,23,-0.21567586573613273,-0.9568508046780196
15,1559728800,103,2875,2772,2978,23,2.517581314256374,2.071548407702733
15,1559743200,325,1149,824,1474,23,0.526412658076343,0.4643810063545847
15,1559757600,1339,654,-685,1993,23,-1.0160275381123978,1.0189819912612927
15,1559772000,851,284,-567,1135,23,-0.8954125989803425,0.10212718384326673
15,1559786400,111,57,-54,168,23,-0.37104426190623785,-0.9312045163586343
15,1559800800,11,161,150,172,23,-0.1625235196779389,-0.9269301349720701
15,1559815200,109,2901,2792,3010,23,2.5380245242787565,2.1057434587952466
15,1559829600,368,1210,842,1578,23,0.5448115470964869,0.5755149224052545
15,1559844000,1363,686,-677,2049,23,-1.0078502541034449,1.0788233306731918
15,1559858400,820,285,-535,1105,23,-0.8627034629445309,0.07006932344403506
15,1559872800,138,56,-82,194,23,-0.399664755937573,-0.9034210373459669
15,1559887200,8,158,150,166,23,-0.1625235196779389,-0.9333417070519164
15,1559901600,105,2479,2374,2584,23,2.1107614348109673,1.6505218411261566
15,1559916000,385,1137,752,1522,23,0.45281710199576686,0.5156735829933554
15,1559930400,1430,704,-726,2134,23,-1.0579361186582814,1.1696539351376816
15,1559944800,625,309,-316,934,23,-0.6388503131994453,-0.1126604808315855
15,1559959200,141,78,-63,219,23,-0.38024370641630983,-0.8767061536799404
15,1559973600,10,45,35,55,23,-0.28007197730663685,-1.0519557905290737
15,1559988000,25,427,402,452,23,0.09506092660407746,-0.6277234379125745
15,1560002400,132,503,371,635,23,0.06337395106938498,-0.4321704894772612
15,1560016800,259,435,176,694,23,-0.13594734664884198,-0.36912336402543894
15,1560031200,202,129,-73,331,23,-0.39046531142750096,-0.7570234748561422
15,1560045600,87,61,-26,148,23,-0.3424237678749027,-0.9525764232914554
15,1560060000,6,33,27,39,23,-0.28824926131558976,-1.0690533160753306
15,1560074400,20,305,285,325,23,-0.0245318520268587,-0.7634350469359885
15,1560088800,133,572,439,705,23,0.13288086514548464,-0.3573688152123873
15,1560103200,255,448,193,703,23,-0.11857061812981705,-0.3595060059056694
15,1560117600,189,117,-72,306,23,-0.3894431509263819,-0.7837383585221686
15,1560132000,54,49,-5,103,23,-0.32095839735140136,-1.0006632138903029
15,1560146400,10,153,143,163,23,-0.1696786431857727,-0.9365474930918396
15,1560160800,90,2717,2627,2807,23,2.369368041594103,1.8888186034271122
15,1560175200,297,1112,815,1409,23,0.5172132135662709,0.39492230882291607
15,1560189600,1509,629,-880,2138,23,-1.2153488358306248,1.1739283165242458
15,1560204000,861,208,-653,1069,23,-0.9833184020765863,0.03159989096495704
15,1560218400,108,62,-46,170,24,-0.40124074701618695,-1.2020471606195744
15,1560232800,10,137,127,147,24,-0.2402755090192471,-1.2264867885449044
15,1560247200,111,2882,2771,2993,24,2.2197943711189554,1.7976515190850493
15,1560261600,319,1174,855,1493,24,0.43708109943030327,0.20376274134614192
15,1560276000,1458,585,-873,2043,24,-1.1707104107356625,0.7881886265170747
15,1560290400,859,273,-586,1132,24,-0.9036755939430513,-0.17983315782968848
15,1560304800,125,55,-70,180,24,-0.4235711846573809,-1.1914212354346483
15,1560319200,11,116,105,127,24,-0.26074507685700826,-1.2477386389147564
15,1560327478,35,1021,986,1056,24,0.5589680715551537,-0.26059018923512645
15,1560333600,120,2223,2103,2343,24,1.5982638567723897,1.106966382064856
15,1560348000,306,1173,867,1479,24,0.4482463182509003,0.18888644608724545
15,1560362400,1460,702,-758,2162,24,-1.0637103970382746,0.9146371362176946
15,1560376800,831,291,-540,1122,24,-0.8608755884640962,-0.19045908301461453
15,1560391200,129,78,-51,207,24,-0.4058929215247691,-1.162731237435348
15,1560405600,9,144,135,153,24,-0.2328320298055158,-1.2201112334339488
15,1560420000,131,2874,2743,3005,24,2.1937421938708956,1.8104026293069606
15,1560434400,359,1280,921,1639,24,0.4984898029435867,0.35890124904606224
15,1560448800,1430,660,-770,2090,24,-1.0748756158588717,0.838130474886227
15,1560463200,887,277,-610,1164,24,-0.9260060315842452,-0.14583019723792512
15,1560477600,140,79,-61,219,24,-0.4151972705419332,-1.1499801272134367
15,1560492000,7,121,114,128,24,-0.2523711627415605,-1.2466760463962638
15,1560506400,108,2515,2407,2623,24,1.88111606689418,1.4044922872427854
15,1560520800,431,1125,694,1556,24,0.28728108025396043,0.270706070011176
15,1560535200,1388,849,-539,2237,24,-0.8599451535623798,0.99433157510464
15,1560549600,678,385,-293,1063,24,-0.6310581677401416,-0.2531520416056782
15,1561168800,9493,9270,-223,18763,25,-0.6225004857483328,4.068423009526477
15,1561183200,9,35,26,44,25,-0.24875002665603174,-0.38323914539540654
15,1561197600,33,415,382,448,25,0.2856080594357723,-0.2871618169810446
15,1561212000,120,492,372,612,25,0.27059800083768787,-0.2481601292088779
15,1561226400,219,375,156,594,25,-0.053619264880934776,-0.2524408022570425
15,1561240800,195,179,-16,374,25,-0.31179227276798616,-0.3047601395123881
15,1561255200,101,53,-48,154,25,-0.35982446028185616,-0.3570794767677337
15,1561269600,9,26,17,35,25,-0.2622590793943077,-0.38537948191948884
15,1561284000,24,229,205,253,25,0.0199300222496787,-0.3335357750028282
15,1561298400,84,454,370,538,25,0.26759598911807103,-0.2657584517402214
15,1561312800,179,366,187,545,25,-0.007088083226873191,-0.26409374555482407
15,1561327200,179,171,-8,350,25,-0.29978422588951864,-0.31046770357660763
15,1561341600,46,33,-13,79,25,-0.3072892551885609,-0.3749156144684197
15,1561356000,5,143,138,148,25,-0.08063737035748667,-0.3585063677837886
15,1561370400,82,2672,2590,2754,25,3.599828997892804,0.2612399635227143
15,1561384800,263,923,660,1186,25,0.7028876884625181,-0.11165422200629437
15,1561399200,1322,583,-739,1905,25,-1.397019509409487,0.05933488475094876
15,1561413600,811,206,-605,1017,25,-1.1958847241951562,-0.15184498562517348
15,1561428000,116,54,-62,170,26,-0.40832891986867964,-0.9401465533967984
15,1561442400,8,127,119,135,26,-0.21598660497933414,-0.9796754717420374
15,1561456800,109,2782,2673,2891,26,2.4980590979344144,2.1329444985287838
15,1561471200,318,1171,853,1489,26,0.5640093018095035,0.5495289693852093
15,1561485600,1333,519,-814,1852,26,-1.2074527916741373,0.9595003225086883
15,1561500000,834,246,-588,1080,26,-0.9672905642432418,0.08760532357941615
15,1561514400,122,50,-72,172,26,-0.4189555671001352,-0.9378877580627848
15,1561528800,9,135,126,144,26,-0.20854795191731523,-0.969510892738976
15,1561543200,116,2796,2680,2912,26,2.505497750996433,2.1566618495359275
15,1561557600,330,1331,1001,1661,26,0.7212836808350457,0.7437853681103839
15,1561572000,1389,621,-768,2010,26,-1.1585702144094419,1.1379451538957672
15,1561586400,879,292,-587,1171,26,-0.9662278995200962,0.19038051127703762
15,1561600800,136,57,-79,193,26,-0.4263942201621541,-0.9141704070556413
15,1561615200,7,148,141,155,26,-0.1926079810701319,-0.9570875184019009
15,1561629600,110,2694,2584,2804,26,2.40348193757446,2.0346869014991897
15,1561644000,327,1094,767,1421,26,0.47262013561898575,0.4727299280287449
15,1561658400,1406,680,-726,2086,26,-1.1139382960373285,1.2237793765882865
15,1561672800,853,399,-454,1252,26,-0.8248934913417374,0.2818617223045908
15,1561687200,147,66,-81,213,26,-0.4285195496084452,-0.8915824537155047
15,1561701600,10,120,110,130,26,-0.22555058748764412,-0.9853224600770716
15,1561708458,17,494,477,511,26,0.1644473659067747,-0.5550219489474697
15,1561716000,72,2475,2403,2547,26,2.2111396226851143,1.7444317010784347
15,1561730400,421,848,427,1269,26,0.11131412974949692,0.30106148264370686
15,1561744800,1393,565,-828,1958,26,-1.222330097798175,1.0792164752114122
15,1561759200,575,238,-337,813,26,-0.7005617187337074,-0.21394385351140724
15,1561773600,114,71,-43,185,26,-0.3881382901289141,-0.923205588391696
15,1561788000,8,43,35,51,26,-0.3052504417235608,-1.074544875770611
15,1561802400,27,382,355,409,26,0.03480226968301694,-0.6702205109821663
15,1561816800,155,490,335,645,26,0.01354897522010583,-0.40368266156855453
15,1561831200,242,358,116,600,26,-0.2191745991487708,-0.4545055565838619
15,1561845600,218,166,-52,384,26,-0.3977022726372241,-0.698455452657337
15,1561860000,91,58,-33,149,26,-0.37751164289745853,-0.9638639044039419
15,1561874400,7,24,17,31,26,-0.32437840674018076,-1.0971328291107476
15,1561888800,27,237,210,264,26,-0.1192841151730886,-0.8339831726981565
15,1561903200,125,427,302,552,26,-0.021518960643697495,-0.5087166446001896
15,1561917600,197,353,156,550,26,-0.1766680102229486,-0.5109754399342034
15,1561932000,162,177,15,339,26,-0.3265037361864719,-0.7492783476726442
15,1561946400,48,52,4,100,26,-0.338193048141073,-1.0192043900872765
15,1561960800,9,127,118,136,26,-0.21704926970247967,-0.9785460740750306
15,1561973182,40,2204,2164,2244,26,1.9571627538533267,1.4022242079753655
15,1561975200,83,2050,1967,2133,26,1.7478178033936522,1.2768610669376075
15,1561989600,268,1073,805,1341,26,0.5130013950985168,0.38237811466819854
15,1562004000,1319,541,-778,1860,26,-1.1691968616408972,0.968535503844743
15,1562018400,787,308,-479,1095,26,-0.8514601094203762,0.10454628858451859
15,1562032800,90,66,-24,156,27,-0.35481101309295354,-0.5902275149436119
15,1562047200,8,118,110,126,27,-0.1175423991640384,-0.6372014516681334
15,1562061600,108,2655,2547,2763,27,4.197559184005859,3.491807586417301
15,1562062373,10,66,56,76,27,-0.21315810925479525,-0.7154913462090023
15,1562063267,17,64,47,81,27,-0.22909406093658805,-0.7076623567549155
15,1562076000,308,1009,701,1317,27,0.9289184279403558,1.2276638362953676
15,1562090400,1356,561,-795,1917,27,-1.719990873833204,2.167142570785796
15,1562104800,774,205,-569,979,27,-1.3198214204904068,0.6984241491990928
15,1562119200,116,56,-60,172,27,-0.4185548198201247,-0.5651747486905337
15,1562133600,8,144,136,152,27,-0.07150520541663696,-0.5964907065068814
15,1562148000,90,2366,2276,2456,27,3.717709972254097,3.0111076339363647
15,1562162400,572,890,318,1462,27,0.25075515081517313,1.454704530463888
15,1562176800,1104,554,-550,1658,27,-1.2861788558288443,1.7616009170640945
15,1562191200,423,194,-229,617,27,-0.7177965791782341,0.1316053127232008
15,1562205600,81,76,-5,157,27,-0.3211684484313909,-0.5886617170527945
15,1562220000,8,26,18,34,27,-0.2804432385779204,-0.7812548576233324
15,1562230157,16,159,143,175,27,-0.059110576330798116,-0.5604773550180816
15,1562230237,1,6,5,7,27,-0.30346183545162114,-0.8235314006754016
15,1562230318,3,4,1,7,27,-0.3105444806435291,-0.8235314006754016
15,1562230398,0,2,2,2,27,-0.3087738193455521,-0.8313603901294886
15,1562230481,5,3,-2,8,27,-0.31585646453745997,-0.8219656027845843
15,1562230561,0,0,0,0,27,-0.31231514194150606,-0.8344919859111234
15,1562230641,0,0,0,0,27,-0.31231514194150606,-0.8344919859111234
15,1562234400,14,107,93,121,27,-0.14764364122964704,-0.6450304411222202
15,1562248800,130,378,248,508,27,0.12680885995678462,-0.03906665737589373
15,1562263200,226,264,38,490,27,-0.24503001261838087,-0.06725101941060659
15,1562277600,180,104,-76,284,27,-0.4468854005877564,-0.3898053849189871
15,1562292000,0,0,0,0,27,-0.31231514194150606,-0.8344919859111234
15,1562306400,47,136,89,183,27,-0.15472628642155495,-0.5479509718915426
15,1562315438,16,625,609,641,27,0.7660175885264738,0.16918446210281796
15,1562315518,2,9,7,11,27,-0.2999205128556672,-0.8172682091121322
15,1562315599,5,11,6,16,27,-0.30169117415364416,-0.8094392196580452
15,1562315681,10,431,421,441,27,0.4331332645068019,-0.14397511606065827
15,1562315762,0,7,7,7,27,-0.2999205128556672,-0.8235314006754016
15,1562320800,29,578,549,607,27,0.6597779106478552,0.115947333815027
15,1562335200,228,617,389,845,27,0.3764721029715386,0.4886072318295637
15,1562349600,562,557,-5,1119,27,-0.3211684484313909,0.9176358539135261
15,1562364000,345,210,-135,555,27,-0.5513544171683982,0.03452584349252318
15,1562378400,85,73,-12,158,27,-0.3335630775172298,-0.5870959191619771
15,1562392800,8,31,23,39,27,-0.2715899320880355,-0.7734258681692455
15,1562407200,54,301,247,355,27,0.12503819865880764,-0.27863373467095304
15,1562421600,131,422,291,553,27,0.2029472957697947,0.03139424771088842
15,1562436000,223,303,80,526,27,-0.17066223810334777,-0.01088229534118087
15,1562450400,224,134,-90,358,27,-0.4716746587594341,-0.2739363409985009
15,1562464800,60,52,-8,112,27,-0.32648043232532187,-0.6591226221395766
15,1562479200,6,20,14,26,27,-0.28752588376982835,-0.7937812407498714
15,1562493600,32,244,212,276,27,0.0630650532296134,-0.4023317680455262
15,1562508000,110,420,310,530,27,0.23658986043135727,-0.004619103777911346
15,1562522400,184,347,163,531,27,-0.023697350371258547,-0.0030533058870939643
15,1562536800,192,140,-52,332,27,-0.4043895294363089,-0.3146470861597528
15,1562551200,49,42,-7,91,27,-0.3247097710273449,-0.6920043778467416
15,1562565600,8,152,144,160,27,-0.05733991503282114,-0.5839643233803423
15,1562574565,26,1197,1171,1223,27,1.7611292379895358,1.0804788345585339
15,1562574645,1,14,13,15,27,-0.28929654506780533,-0.8110050175488627
15,1562574728,20,976,956,996,27,1.3804370589244854,0.7250427133429883
15,1562574808,2,11,9,13,27,-0.2963791902597132,-0.8141366133304974
15,1562580000,46,1493,1447,1539,27,2.249831756231182,1.5752709680568262
15,1562594400,227,942,715,1169,27,0.9537076861120336,0.9959257484543952
15,1562608800,1317,485,-832,1802,27,-1.7855053418583522,1.9870758133417974
15,1562623200,800,223,-577,1023,27,-1.3339867108742225,0.7673192563950576
15,1562637600,95,41,-54,136,28,-0.3253404446943127,-0.9407844013681639
15,1562652000,8,134,126,142,28,-0.12631085744188048,-0.9337320820299086
15,1562666400,91,2810,2719,2901,28,2.740820918922324,2.3091594270111058
15,1562680800,299,983,684,1282,28,0.49068086304065944,0.4062085922385786
15,1562695200,1413,532,-881,1945,28,-1.239770826126321,1.1854898791157777
15,1562709600,862,248,-614,1110,28,-0.9445436050352131,0.20404210454192964
15,1562724000,131,61,-70,192,28,-0.3430319635611956,-0.8749627542111154
15,1562738400,7,111,104,118,28,-0.1506366958838444,-0.9619413593829295
15,1562748943,52,1405,1353,1457,28,1.2304074956621993,0.6119012396043552
15,1562752800,65,2869,2804,2934,28,2.834807112902639,2.347947183371509
15,1562767200,342,1220,878,1562,28,0.7051905293016142,0.735316828023821
15,1562781600,1421,687,-734,2108,28,-1.0772299965368346,1.377077887805044
15,1562796000,837,256,-581,1093,28,-0.9080548473722672,0.18406053308353992
15,1562810400,198,57,-141,255,28,-0.4215380785329883,-0.8009134011594358
15,1562824800,7,103,96,110,28,-0.15948245531728583,-0.9713444518339364
15,1562839200,89,2432,2343,2521,28,2.3250702255505766,1.8625125355882766
15,1562853600,347,837,490,1184,28,0.2761711967797047,0.2910207097137437
15,1562868000,1655,564,-1091,2219,28,-1.4719720112541586,1.5075457955627651
15,1562882400,1161,331,-830,1492,28,-1.1833791097381317,0.6530397690775105
15,1562896800,217,39,-178,256,28,-0.46244971591265494,-0.7997380146030599
15,1562911200,12,93,81,105,28,-0.17606825425498854,-0.9772213846158156
15,1562925600,112,2403,2291,2515,28,2.267572789233207,1.8554602162500213
15,1562940000,422,629,207,1051,28,-0.03674754317828596,0.13469429771575356
15,1562954400,1684,584,-1100,2268,28,-1.4819234906167802,1.5651397368251825
15,1562968800,832,288,-544,1120,28,-0.8671432099926005,0.21579597010568832
15,1562983200,191,70,-121,261,28,-0.3994236799493847,-0.7938610818211806
15,1562997600,10,27,17,37,28,-0.24683432972251998,-1.0571476704493745
15,1563012000,35,294,259,329,28,0.020749893139083347,-0.7139347959876217
15,1563026400,144,426,282,570,28,0.04618145151022747,-0.430666635901038
15,1563040800,312,345,33,657,28,-0.22914281085563712,-0.32840800549633764
15,1563055200,97,142,45,239,28,-0.215874171705475,-0.8197195860614497
15,1563069600,5,34,29,39,28,-0.23356569057235785,-1.0547968973366229
15,1563084000,6,18,12,24,28,-0.25236292936842086,-1.072427695682261
15,1563098400,37,237,200,274,28,-0.04448758268254722,-0.7785810565882944
15,1563112800,89,364,275,453,28,0.038441412005966215,-0.5681868629970144
15,1563127200,214,336,122,550,28,-0.13073373715860118,-0.45417436702855535
15,1563141600,235,176,-59,411,28,-0.3308690443402136,-0.6175530983648007
15,1563156000,74,39,-35,113,28,-0.3043317660398893,-0.9678182921648087
15,1563170400,10,105,95,115,28,-0.16058817524646601,-0.9654675190520571
15,1563180601,24,1366,1342,1390,28,1.2182445764412173,0.5331503403271721
15,1563180681,2,23,21,25,28,-0.24241145000579928,-1.071252309125885
15,1563180766,39,1450,1411,1489,28,1.2945392515546497,0.6495136094083829
15,1563180847,2,37,35,39,28,-0.22693137099727675,-1.0547968973366229
15,1563184800,53,968,915,1021,28,0.7461021666812808,0.09943270102447757
15,1563199200,280,787,507,1067,28,0.29496843557576774,0.15350048261776741
15,1563213600,1321,453,-868,1774,28,-1.2253964670469786,0.9844987779755047
15,1563228000,821,237,-584,1058,28,-0.9113720071598077,0.14292200361038462
15,1563242400,102,58,-44,160,29,-0.3636120231110395,-0.5659704668543976
15,1563256800,9,121,112,130,29,-0.13921679191282288,-0.6034765694340024
15,1563271200,90,2716,2626,2806,29,3.4769986647045914,2.742067780666751
15,1563279637,162,454,292,616,29,0.11970078254665785,0.004122292355596201
15,1563285600,261,1002,741,1263,29,0.7655562877261404,0.8130039046557409
15,1563300000,1400,583,-817,1983,29,-1.4755191623175874,1.7131503665662573
15,1563314400,847,251,-596,1098,29,-1.1576259181201138,0.6067203404679142
15,1563328800,121,48,-73,169,29,-0.4053265212184003,-0.5547186360805161
15,1563343200,11,138,127,149,29,-0.11764032737453282,-0.5797227044669193
15,1563352584,40,1399,1359,1439,29,1.654506626703691,1.0330397064560894
15,1563352665,1,23,22,24,29,-0.26867557914256324,-0.7359981318819396
15,1563352746,30,1139,1109,1169,29,1.2948988843988567,0.6954847832396457
15,1563352827,1,26,25,27,29,-0.26436028623490526,-0.7322475216239791
15,1563357600,82,1384,1302,1466,29,1.5725160614581888,1.0667951987777338
15,1563372000,323,1103,780,1426,29,0.8216550955256946,1.0167870620049273
15,1563386400,1482,600,-882,2082,29,-1.5690171753168443,1.8369205050789534
15,1563400800,793,244,-549,1037,29,-1.0900196625668048,0.5304579318893843
15,1563415200,132,62,-70,194,29,-0.40101122831074226,-0.523463550597512
15,1563429600,11,136,125,147,29,-0.1205171893129715,-0.5822231113055597
15,1563444000,121,2840,2719,2961,29,3.6107727448419897,2.935849310661376
15,1563458400,329,1059,730,1388,29,0.7497335470647277,0.9692793320707611
15,1563472800,1364,588,-776,1952,29,-1.4165434925795946,1.6743940605673324
15,1563487200,801,284,-517,1085,29,-1.0439898715517861,0.5904676960167521
15,1563501600,114,56,-58,170,29,-0.3837500566801102,-0.5534684326611959
15,1563516000,10,135,125,145,29,-0.1205171893129715,-0.5847235181442
15,1563526111,24,1509,1485,1533,29,1.8357489288253275,1.1505588278721846
15,1563526191,2,23,21,25,29,-0.2701140101117826,-0.7347479284626194
15,1563526273,36,1212,1176,1248,29,1.3912737593365523,0.7942508533659385
15,1563526353,1,27,26,28,29,-0.2629218552656859,-0.730997318204659
15,1563526438,2,26,24,28,29,-0.26579871720412457,-0.730997318204659
15,1563526520,1,29,28,30,29,-0.26004499332724723,-0.7284969113660186
15,1563530400,49,1025,976,1074,29,1.1035875654926848,0.5767154584042303
15,1563544800,382,1315,933,1697,29,1.0417350338162532,1.3555921886406912
15,1563559200,1377,1017,-360,2394,29,-0.8181562093843501,2.226983971906844
15,1563573600,535,338,-197,873,29,-0.5836919614015981,0.3254245711208778
15,1563588000,118,86,-32,204,29,-0.3463508514804075,-0.5109615164043104
15,1563602400,10,31,21,41,29,-0.2701140101117826,-0.7147446737534968
15,1563616800,27,371,344,398,29,0.1944991929460634,-0.2684220530561991
15,1563631200,111,473,362,584,29,0.22039095039201148,-0.03588421706264898
15,1563645600,195,309,114,504,29,-0.1363399299743842,-0.13590049060826193
15,1563660000,180,202,22,382,29,-0.26867557914256324,-0.28842530776532166
15,1563674400,79,39,-40,118,29,-0.3578582992341622,-0.6184790104658444
15,1563688800,4,20,16,24,29,-0.2773061649578793,-0.7359981318819396
15,1563703200,23,195,172,218,29,-0.052910933759662646,-0.4934586685338282
15,1563717600,97,343,246,440,29,0.05353295796256833,-0.21591350944475227
15,1563732000,217,343,126,560,29,-0.11907875834375217,-0.06588909912633285
15,1563741102,0,0,0,0,29,-0.3003210604653887,-0.7660030139456234
15,1563741183,0,0,0,0,29,-0.3003210604653887,-0.7660030139456234
15,1563741265,0,0,0,0,29,-0.3003210604653887,-0.7660030139456234
15,1563741346,0,0,0,0,29,-0.3003210604653887,-0.7660030139456234
15,1563741426,0,0,0,0,29,-0.3003210604653887,-0.7660030139456234
15,1563741506,0,0,0,0,29,-0.3003210604653887,-0.7660030139456234
15,1563741587,0,0,0,0,29,-0.3003210604653887,-0.7660030139456234
15,1563741668,0,0,0,0,29,-0.3003210604653887,-0.7660030139456234
15,1563741749,0,0,0,0,29,-0.3003210604653887,-0.7660030139456234
15,1563741829,0,0,0,0,29,-0.3003210604653887,-0.7660030139456234
15,1563741909,0,0,0,0,29,-0.3003210604653887,-0.7660030139456234
15,1563741991,0,0,0,0,29,-0.3003210604653887,-0.7660030139456234
15,1563742071,0,0,0,0,29,-0.3003210604653887,-0.7660030139456234
15,1563742151,0,0,0,0,29,-0.3003210604653887,-0.7660030139456234
15,1563742231,0,0,0,0,29,-0.3003210604653887,-0.7660030139456234
15,1563742311,0,0,0,0,29,-0.3003210604653887,-0.7660030139456234
15,1563742392,0,0,0,0,29,-0.3003210604653887,-0.7660030139456234
15,1563742472,0,0,0,0,29,-0.3003210604653887,-0.7660030139456234
15,1563742552,0,0,0,0,29,-0.3003210604653887,-0.7660030139456234
15,1563742636,0,0,0,0,29,-0.3003210604653887,-0.7660030139456234
15,1563742716,0,0,0,0,29,-0.3003210604653887,-0.7660030139456234
15,1563746400,159,142,-17,301,29,-0.3247743869421174,-0.3896917847302548
15,1563760800,47,41,-6,88,29,-0.3089516462807047,-0.6559851130454493
15,1563775200,10,152,142,162,29,-0.09606386283624277,-0.5634700600157573
15,1563789600,66,2760,2694,2826,29,3.5748119706115062,2.767071849053154
15,1563804000,290,1146,856,1436,29,0.9309758491863642,1.029289096198129
15,1563818400,1435,577,-858,2012,29,-1.5344948320555802,1.7494062657265421
15,1563832800,831,195,-636,1026,29,-1.2151631568888872,0.5167056942768625
15,1563847200,60,83,23,143,30,-0.2221128052699766,-0.6936939646979026
15,1563861600,11,147,136,158,30,-0.09757299226439746,-0.6780141235593319
15,1563876000,80,2682,2602,2762,30,2.6202604490785957,2.0440062980965483
15,1563879285,50,300,250,350,30,0.028068942980169122,-0.4773121569856264
15,1563890400,263,1073,810,1336,30,0.6452573968131278,0.5533760671897567
15,1563904800,1469,610,-859,2079,30,-1.1941846200568864,1.330050864920294
15,1563919200,838,257,-581,1095,30,-0.887794637618382,0.3014532862300536
15,1563933600,118,61,-57,179,30,-0.31028258438897066,-0.6560623459653329
15,1563948000,10,170,160,180,30,-0.07112205852869923,-0.6550170232227615
15,1563962400,101,2784,2683,2885,30,2.709532350436577,2.1725809954328286
15,1563976800,340,912,572,1252,30,0.38295230393412033,0.4655689568137606
15,1563991200,1459,575,-884,2034,30,-1.2217376760315721,1.2830113415045816
15,1564005600,826,273,-553,1099,30,-0.856935214926734,0.3056345772003391
15,1564020000,120,69,-51,189,30,-0.3036698509550461,-0.645609118539619
15,1564034400,13,158,145,171,30,-0.08765389211351061,-0.6644249279059039
15,1564048800,91,2752,2661,2843,30,2.685285661178854,2.12867744024483
15,1564063200,328,1253,925,1581,30,0.7720014542966818,0.8094801391197455
15,1564077600,1462,656,-806,2118,30,-1.135772141390553,1.370818451880578
15,1564092000,829,281,-548,1110,30,-0.8514246037317968,0.3171331273686243
15,1564106400,137,75,-62,212,30,-0.3157931955839078,-0.6215666954604772
15,1564120800,11,186,175,197,30,-0.054590224943887836,-0.637246536599048
15,1564135200,82,2483,2401,2565,30,2.3987338790421227,1.8380777178099859
15,1564149600,424,950,526,1374,30,0.33225468094069877,0.5930983314074693
15,1564164000,1377,540,-837,1917,30,-1.169937930799163,1.16070858062373
15,1564178400,566,299,-267,865,30,-0.5417282545763301,0.06102905543863557
15,1564192800,87,49,-38,136,30,-0.28934226184820955,-0.7010112238959023
15,1564207200,0,0,0,0,30,-0.2474616167666874,-0.8431751168856103
15,1564221600,0,0,0,0,30,-0.2474616167666874,-0.8431751168856103
15,1564236000,0,0,0,0,30,-0.2474616167666874,-0.8431751168856103
15,1564250400,0,0,0,0,30,-0.2474616167666874,-0.8431751168856103
15,1564264800,0,0,0,0,30,-0.2474616167666874,-0.8431751168856103
15,1564279200,0,0,0,0,30,-0.2474616167666874,-0.8431751168856103
15,1564293600,0,0,0,0,30,-0.2474616167666874,-0.8431751168856103
15,1564308000,0,0,0,0,30,-0.2474616167666874,-0.8431751168856103
15,1564309066,0,0,0,0,30,-0.2474616167666874,-0.8431751168856103
15,1564322400,1,1,0,2,30,-0.2474616167666874,-0.8410844714004675
15,1564334911,0,1,1,1,30,-0.24635949452769998,-0.8421297941430389
15,1564336800,0,0,0,0,30,-0.2474616167666874,-0.8431751168856103
15,1564351200,0,0,0,0,30,-0.2474616167666874,-0.8431751168856103
15,1564365600,0,0,0,0,30,-0.2474616167666874,-0.8431751168856103
15,1564380000,5,85,80,90,30,-0.1592918376476933,-0.7490960700541859
15,1564394400,105,2684,2579,2789,30,2.594911637581885,2.0722300121459756
15,1564408800,270,982,712,1252,30,0.53724941739236,0.4655689568137606
15,1564410025,49,20,-29,69,30,-0.2794231616973228,-0.7710478476481849
15,1564410105,3,5,2,8,30,-0.24525737228871256,-0.8348125349450393
15,1564423200,1332,524,-808,1856,30,-1.137976385868528,1.0969438933268756
15,1564437600,762,252,-510,1014,30,-0.8095439586502747,0.21678214408177157
15,1564452000,98,40,-58,138,31,-0.3763061760720244,-1.1013570762010352
15,1564466400,13,130,117,143,31,-0.19261417938414635,-1.0954919304123407
15,1564475900,32,1449,1417,1481,31,1.1719549388686616,0.4740210826422816
15,1564475980,2,24,22,26,31,-0.29233269187185157,-1.23273634186779
15,1564476063,26,1236,1210,1262,31,0.9546735485007145,0.2171276970974667
15,1564476144,1,11,10,12,31,-0.3049287145018775,-1.249158750076134
15,1564480800,70,1343,1273,1413,31,1.0208026673083506,0.3942550999160377
15,1564495200,321,929,608,1250,31,0.32277307989441417,0.20305134720460014
15,1564509600,1454,538,-916,1992,31,-1.2769217941188777,1.0734389822468495
15,1564524000,849,311,-538,1160,31,-0.8801470812730612,0.09747872300810088
15,1564538400,122,45,-77,167,31,-0.3962498785695654,-1.0673392306266076
15,1564552800,8,147,139,155,31,-0.16952147122909883,-1.0814155805194743
15,1564567200,101,2860,2759,2961,31,2.5806101363265603,2.210104236095825
15,1564581600,344,1026,682,1370,31,0.40044855277957403,0.34381484613326585
15,1564596000,1544,583,-961,2127,31,-1.3241568789814748,1.2317979185415986
15,1564610400,853,289,-564,1142,31,-0.9074384636381173,0.07636419816880102
15,1564624800,110,50,-60,160,31,-0.3784055131770287,-1.0755504347307798
15,1564639200,9,147,138,156,31,-0.170571139781601,-1.0802425513617353
15,1564653600,100,2720,2620,2820,31,2.43470620752876,2.044707124854643
15,1564668000,339,1045,706,1384,31,0.4256405980396259,0.36023725434161014
15,1564677698,639,364,-275,1003,31,-0.604084251964993,-0.0866868547569034
15,1564682400,1044,573,-471,1617,31,-0.8098192882554165,0.6335530480947693
15,1564683948,238,34,-204,272,31,-0.5295577847373397,-0.9441711690640252
15,1564696800,825,278,-547,1103,31,-0.8895940982455806,0.03061606101698468
15,1564711200,110,66,-44,176,31,-0.3616108163369941,-1.0567819682069577
15,1564725600,7,142,135,149,31,-0.1737201454391075,-1.0884537554659075
15,1564740000,88,2323,2235,2411,31,2.0305838148154285,1.5649381993394407
15,1564754400,405,1000,595,1405,31,0.3091273887118861,0.3848708666541267
15,1564768800,1367,622,-745,1989,31,-1.0974284716410083,1.069919894773633
15,1564783200,527,336,-191,863,31,-0.5159120935548116,-0.2509109368403467
15,1565402400,8868,9133,265,18001,32,0.25233257111328156,4.392929078501378
15,1565416800,1,2,1,3,32,-0.18238830342122214,-0.309392393792439
15,1565431200,0,5,5,5,32,-0.1758016235040327,-0.30886985556904817
15,1565445600,0,4,4,4,32,-0.17744829348333005,-0.30913112468074355
15,1565460000,0,1,1,1,32,-0.18238830342122214,-0.30991493201582976
15,1565474400,0,1,1,1,32,-0.18238830342122214,-0.30991493201582976
15,1565488800,0,3,3,3,32,-0.1790949634626274,-0.309392393792439
15,1565503200,0,1,1,1,32,-0.18238830342122214,-0.30991493201582976
15,1565516820,1,0,-1,1,32,-0.18568164337981685,-0.30991493201582976
15,1565516893,0,0,0,0,32,-0.1840349734005195,-0.31017620112752514
15,1565516971,0,0,0,0,32,-0.1840349734005195,-0.31017620112752514
15,1565517600,1,5,4,6,32,-0.17744829348333005,-0.3086085864573528
15,1565532000,0,1,1,1,32,-0.18238830342122214,-0.30991493201582976
15,1565546400,1,2,1,3,32,-0.18238830342122214,-0.309392393792439
15,1565560800,0,0,0,0,32,-0.1840349734005195,-0.31017620112752514
15,1565575200,1,2,1,3,32,-0.18238830342122214,-0.309392393792439
15,1565589600,5,116,111,121,32,-0.0012546056985122717,-0.27856263861238173
15,1565604000,77,2615,2538,2692,32,3.9952134340561867,0.39316024755649287
15,1565618400,281,1024,743,1305,32,1.0394408212174207,0.030779989634972426
15,1565632800,1318,504,-814,1822,32,-1.5244243365485726,0.16585612038149447
15,1565647200,738,220,-518,958,32,-1.0370100226765533,-0.05988039212333153
15,1565661600,102,76,-26,178,33,-0.38147843950908317,-0.9150846467983127
15,1565676000,7,223,216,230,33,-0.1314333533968814,-0.8592209985719849
15,1565690400,89,3605,3516,3694,33,3.278272366314961,2.8621574140433896
15,1565704800,311,1698,1387,2009,33,1.0784955550220783,1.0519603513248834
15,1565719200,1353,1248,-105,2601,33,-0.4631047279506697,1.6879465003630767
15,1565731651,786,134,-652,920,33,-1.0282892820968448,-0.11795335864571219
15,1565733600,697,456,-241,1153,33,-0.6036259333690972,0.1323587574453335
15,1565748000,113,57,-56,170,33,-0.4124757642337363,-0.9236790542177477
15,1565762400,8,166,158,174,33,-0.19136151453121075,-0.9193818505080301
15,1565776800,93,2820,2727,2913,33,2.463042726056584,2.0231283897210437
15,1565791200,324,1033,709,1357,33,0.3779560162449181,0.3515161466409272
15,1565805600,1406,603,-803,2009,33,-1.1843091498775988,1.0519603513248834
15,1565820000,764,252,-512,1016,33,-0.8836351000484637,-0.014820469612491638
15,1565834400,112,71,-41,183,33,-0.3969771018714097,-0.9097131421611657
15,1565848800,7,182,175,189,33,-0.17379636385390732,-0.9032673365965894
15,1565863200,96,2753,2657,2849,33,2.3907156350323935,1.9543731303655631
15,1565877600,306,1138,832,1444,33,0.5050450476159958,0.44498032732728326
15,1565892000,1412,596,-816,2008,33,-1.1977413239249486,1.050886050397454
15,1565906400,749,315,-434,1064,33,-0.8030420557643656,0.036745974904118635
15,1565920800,114,77,-37,191,33,-0.39284412524145595,-0.9011187347417307
15,1565935200,7,163,156,170,33,-0.19342800284618764,-0.9236790542177477
15,1565949600,81,2415,2334,2496,33,2.0569777721636284,1.5751449029829918
15,1565964000,392,949,557,1341,33,0.22090290430667564,0.3343273318020571
15,1565978400,1264,587,-677,1851,33,-1.0541203860340558,0.8822208047910413
15,1565992800,500,305,-195,805,33,-0.5560967021246291,-0.24149796530009096
15,1566007200,101,85,-16,186,33,-0.3711459979341988,-0.9064902393788776
15,1566021600,12,67,55,79,33,-0.2977856627525198,-1.0214404386138214
15,1566036000,29,594,565,623,33,0.22916885756658315,-0.43702073409223824
15,1566050400,171,664,493,835,33,0.15477527822741566,-0.20926893747720954
15,1566064800,293,535,242,828,33,-0.10456900530218204,-0.2167890439692152
15,1566079200,272,201,-71,473,33,-0.42797442659606283,-0.5981658732066454
15,1566093600,70,77,7,147,33,-0.34738138231196475,-0.9483879755486234
15,1566108000,8,42,34,50,33,-0.31948379005977695,-1.0525951655092733
15,1566122400,27,334,307,361,33,-0.037408135065433626,-0.718487577078736
15,1566136800,137,581,444,718,33,0.10414631451048226,-0.3349621459864471
15,1566151200,303,443,140,746,33,-0.20995990936600262,-0.3048817200184244
15,1566165600,209,174,-35,383,33,-0.3907776369264791,-0.6948529566752896
15,1566180000,53,58,5,111,33,-0.3494478706269416,-0.9870628089360811
15,1566194400,7,188,181,195,33,-0.1675968989089767,-0.8968215310320131
15,1566196708,5,180,175,185,33,-0.17379636385390732,-0.907564540306307
15,1566208800,72,2417,2345,2489,33,2.068343457896001,1.5676247964909862
15,1566223200,221,886,665,1107,33,0.33249327331542683,0.082940914783582
15,1566237600,1247,491,-756,1738,33,-1.1357466744756424,0.7608247999915212
15,1566252000,775,267,-508,1042,33,-0.8795021234185099,0.01311135450067226
15,1566266400,125,146,21,271,34,-0.31864187476853006,-0.8506501421597165
15,1566280800,9,190,181,199,34,-0.14372981804213553,-0.9355915643592602
15,1566295200,88,2861,2773,2949,34,2.6898455009254563,2.3086988668733133
15,1566309600,302,957,655,1259,34,0.3744471500098083,0.31493492913402266
15,1566324000,1341,658,-683,1999,34,-1.0882549243646662,1.1879439906293332
15,1566338400,798,218,-580,1016,34,-0.9756552878470497,0.028257629210562515
15,1566352800,140,134,-6,274,34,-0.3481582843411092,-0.8471109162347354
15,1566367200,8,198,190,206,34,-0.13389101485127583,-0.9273333705343045
15,1566381600,100,2847,2747,2947,34,2.6614222917074173,2.306339382923326
15,1566396000,274,988,714,1262,34,0.43894597092766635,0.3184741550590036
15,1566410400,1419,562,-857,1981,34,-1.2784717860546202,1.1667086350794473
15,1566424800,805,226,-579,1031,34,-0.9745620874925097,0.045953758835467456
15,1566439200,94,143,49,237,34,-0.28803226484141103,-0.890761369309501
15,1566453600,9,221,212,230,34,-0.10984060705139659,-0.8990195631344566
15,1566468000,95,2627,2532,2722,34,2.4263842154813244,2.040897438549752
15,1566482400,327,1047,720,1374,34,0.4455051730549061,0.4506052562582939
15,1566496800,1357,604,-753,1961,34,-1.1647789491824636,1.143113795579574
15,1566511200,800,298,-502,1098,34,-0.8903856601929323,0.12499647116004288
15,1566525600,110,156,46,266,34,-0.29131186590503094,-0.8565488520346848
15,1566540000,8,169,161,177,34,-0.16559382513293486,-0.9615458878091208
15,1566554400,87,2332,2245,2419,34,2.1126357137283542,1.6834356201266718
15,1566568800,399,906,507,1305,34,0.21265349753789337,0.36920305998373115
15,1566583200,1227,565,-662,1792,34,-1.065297716919327,0.943737401805645
15,1566597600,521,250,-271,771,34,-0.6378563782942002,-0.2607791546628849
15,1566612000,94,122,28,216,34,-0.31098947228675033,-0.9155359507843679
15,1566626400,7,72,65,79,34,-0.2705410591687716,-1.0771606013584998
15,1566640800,30,586,556,616,34,0.2662203149103517,-0.4436391607869027
15,1566655200,167,634,467,801,34,0.16892548335629473,-0.22538689541307505
15,1566669600,252,464,212,716,34,-0.10984060705139659,-0.3256649632875364
15,1566684000,211,224,13,435,34,-0.3273874776048498,-0.6571724582607558
15,1566698400,70,87,17,157,34,-0.32301467618668994,-0.985140727308994
15,1566712800,7,46,39,53,34,-0.2989642683868107,-1.107833892708335
15,1566727200,30,326,296,356,34,-0.018011777270039445,-0.7503720742852551
15,1566741600,175,490,315,665,34,0.0027590294662199082,-0.38583180401221323
15,1566756000,254,445,191,699,34,-0.13279781449673586,-0.3457205768624287
15,1566770400,198,186,-12,384,34,-0.35471748646834894,-0.7173392989854325
15,1566784800,45,64,19,109,34,-0.32082827547761,-1.0417683421086898
15,1566799200,6,209,203,215,34,-0.11967941024225628,-0.9167156927593616
15,1566813600,73,2418,2345,2491,34,2.221955749182351,1.7683770423262155
15,1566828000,244,909,665,1153,34,0.385379153555208,0.18988227978469435
15,1566842400,1261,536,-725,1797,34,-1.1341693392553447,0.9496361116806133
15,1566856800,704,274,-430,978,34,-0.8116752346660547,-0.016572565839196682
15,1566871200,139,132,-7,271,35,-0.40612695600269405,-0.7660854695337453
15,1566885600,13,195,182,208,35,-0.1599574556400348,-0.8460043369200523
15,1566900000,72,2664,2592,2736,35,2.979029295016096,2.360898786136837
15,1566914400,294,957,663,1251,35,0.46653741036228846,0.47709691203102983
15,1566928800,1315,566,-749,1881,35,-1.3725701796486898,1.2762855858940996
15,1566943200,723,235,-488,958,35,-1.0326218220050174,0.10541075101217356
15,1566957600,76,15,-61,91,35,-0.47646109896345384,-0.9944250906374795
15,1566972000,168,305,137,473,35,-0.21856924144066794,-0.5098376725173325
15,1566986400,94,2500,2406,2594,35,2.736767247040146,2.1807641961550024
15,1567000800,317,1004,687,1321,35,0.4977970294559595,0.5658956535713708
15,1567015200,1359,523,-836,1882,35,-1.485886298863247,1.2775541393446759
15,1567029600,730,276,-454,1006,35,-0.9883373616223168,0.16630131663983602
15,1567044000,168,207,39,375,35,-0.3462126860731579,-0.63415591067381
15,1567058400,16,207,191,223,35,-0.14823509847990818,-0.8269760351614078
15,1567072800,80,2617,2537,2697,35,2.9073926679264335,2.3114252015643615
15,1567087200,277,1016,739,1293,35,0.5655262041589133,0.5303761569552344
15,1567101600,1224,579,-645,1803,35,-1.237111830242782,1.177338416749148
15,1567116000,663,235,-428,898,35,-0.9544727742708399,0.0292975439775955
15,1567130400,165,152,-13,317,35,-0.4139418607761118,-0.7077320108072355
15,1567144800,12,197,185,209,35,-0.15605000325332594,-0.844735783469476
15,1567159200,75,1981,1906,2056,35,2.0855251825886665,1.4982824397449523
15,1567173600,480,1446,966,1926,35,0.861190101419885,1.333370491170033
15,1567188000,989,1421,432,2410,35,0.16566357658570494,1.9473503612489629
15,1567202400,366,267,-99,633,35,-0.5259554958617663,-0.3068691204251243
15,1567216800,131,89,-42,220,35,-0.4517139005142976,-0.8307816955131367
15,1567231200,9,61,52,70,35,-0.32928039239741946,-1.0210647130995818
15,1567245600,31,504,473,535,35,0.21906542587072625,-0.43118735858160184
15,1567260000,151,552,401,703,35,0.1252865685897132,-0.21807037888478323
15,1567274400,245,422,177,667,35,-0.1664698762845496,-0.2637383031055301
15,1567288800,208,239,31,447,35,-0.35663255910438163,-0.5428200622323163
15,1567303200,74,60,-14,134,35,-0.4152443449050148,-0.9398772922626986
15,1567317600,10,41,31,51,35,-0.35663255910438163,-1.0451672286605316
15,1567332000,41,314,273,355,35,-0.04143139990986554,-0.659526979685336
15,1567346400,158,609,451,767,35,0.19041077503486117,-0.13688295804789996
15,1567360800,244,380,136,624,35,-0.2198717255695709,-0.318286101480311
15,1567375200,222,218,-4,440,35,-0.4022195036159852,-0.5516999363863504
15,1567389600,67,84,17,151,35,-0.374867336909023,-0.9183118836029015
15,1567404000,10,65,55,75,35,-0.3253729400107106,-1.0147219458467003
15,1567418400,34,444,410,478,35,0.13700892574983983,-0.503494905264451
15,1567432800,132,532,400,664,35,0.12398408446081026,-0.26754396345725895
15,1567447200,213,325,112,538,35,-0.25113134466324194,-0.42738169822987293
15,1567461600,177,138,-39,315,35,-0.44780644812758874,-0.7102691177083881
15,1567476000,57,54,-3,111,36,-0.36474432404649987,-1.0223731033538141
15,1567490400,8,168,160,176,36,-0.20266204166156296,-0.9532425100968687
15,1567504800,77,2733,2656,2810,36,2.279285055472195,1.8481418381922716
15,1567519200,262,996,734,1258,36,0.3681062410927548,0.1975159807341297
15,1567533600,1283,488,-795,1771,36,-1.1522852298677886,0.743115893669714
15,1567548000,826,205,-621,1031,36,-0.9792648793464448,-0.043909321870894906
15,1567562400,109,63,-46,172,36,-0.4075022267615446,-0.9574967004511422
15,1567576800,8,196,188,204,36,-0.17481968640525478,-0.9234631776169537
15,1567591200,106,2776,2670,2882,36,2.293206233100349,1.9247172645691957
15,1567605600,297,1075,778,1372,36,0.41185851363838194,0.31876040583092624
15,1567620000,1438,502,-936,1940,36,-1.292491375979912,0.922855436137772
15,1567634400,925,222,-703,1147,36,-1.0608032054542045,0.07946219840303838
15,1567648800,94,84,-10,178,36,-0.37170491286057694,-0.951115414919732
15,1567663200,13,181,168,194,36,-0.19470708301690348,-0.9340986535026377
15,1567677600,73,2762,2689,2835,36,2.3120992598814154,1.8747305279064814
15,1567692000,318,1033,715,1351,36,0.34921321431168856,0.29642590647099004
15,1567706400,1350,970,-380,2320,36,-0.739621750176078,1.3270035197937602
15,1567720800,798,630,-168,1428,36,-0.5288153460926017,0.37831907079075605
15,1567735200,108,118,10,226,36,-0.3518175162489282,-0.9000651306684492
15,1567749600,10,222,212,232,36,-0.15095481047127632,-0.8936838451370388
15,1567764000,101,3210,3109,3311,36,2.7297345887260382,2.3809791800650353
15,1567778400,339,1466,1127,1805,36,0.7588935845116518,0.7792765116810393
15,1567792800,1584,620,-964,2204,36,-1.32033373123622,1.203631999519827
15,1567807200,611,224,-387,835,36,-0.746582338990155,-0.25236464923029944
15,1567821600,103,97,-6,200,36,-0.36772743353824716,-0.9277173679712273
15,1567836000,6,76,70,82,36,-0.2921553264139821,-1.0532159834222974
15,1567850400,29,616,587,645,36,0.22193387599713685,-0.4544386910582936
15,1567864800,185,871,686,1056,36,0.3203764892247979,-0.017320632156685146
15,1567879200,254,434,180,688,36,-0.18277464504991425,-0.4087061447498528
15,1567893600,197,245,48,442,36,-0.31403146268679566,-0.6703388515376768
15,1567908000,89,100,11,189,36,-0.3508231464183458,-0.9394163914454796
15,1567922400,13,48,35,61,36,-0.3269582704843673,-1.0755504827822335
15,1567936800,30,395,365,425,36,0.0011837736078362457,-0.6884191605433395
15,1567951200,141,631,490,772,36,0.12548000243064064,-0.319368147310108
15,1567965600,223,472,249,695,36,-0.11416312673972623,-0.40126131162987405
15,1567980000,179,175,-4,354,36,-0.3657386938770823,-0.7639310393316951
15,1567994400,54,62,8,116,36,-0.35380625591009307,-1.0170553654109722
15,1568008800,7,177,170,184,36,-0.1927183433557386,-0.9447341293883216
15,1568023200,78,2796,2718,2874,36,2.340935984968306,1.9162088838606486
15,1568037600,287,1094,807,1381,36,0.44069523872527255,0.32833233412804175
15,1568052000,1369,672,-697,2041,36,-1.05483698647071,1.0302737425831794
15,1568066400,839,199,-640,1038,36,-0.9981579061275111,-0.03646448875091617
15,1568080800,98,69,-29,167,37,-0.3443586009066875,-0.9294367492138279
15,1568095200,9,199,190,208,37,-0.11351969538716329,-0.8833595603925024
15,1568109600,109,2939,2830,3048,37,2.6691958779988822,2.308328640889559
15,1568124000,281,1098,817,1379,37,0.5473752532920224,0.4326499056995025
15,1568138400,1393,519,-874,1912,37,-1.2350383961760847,1.0316533603767344
15,1568152800,851,288,-563,1139,37,-0.907226069159774,0.1629297760136945
15,1568167200,120,54,-66,174,37,-0.38335878129126466,-0.9215699120979919
15,1568181600,9,164,155,173,37,-0.15041175791311465,-0.9226937459716827
15,1568196000,98,2815,2717,2913,37,2.550087218986525,2.156611067941292
15,1568210400,278,1029,751,1307,37,0.47780736395737133,0.3517338667937601
15,1568224800,1402,543,-859,1945,37,-1.2192275122363911,1.0687398782085331
15,1568239200,833,296,-537,1129,37,-0.8798205369976387,0.15169143727678583
15,1568253600,110,84,-26,194,37,-0.34119642411874884,-0.8990932346241746
15,1568268000,7,194,187,201,37,-0.11668187217510198,-0.8912263975083384
15,1568282400,106,2783,2677,2889,37,2.507924861814009,2.1296390549727113
15,1568296800,328,1094,766,1422,37,0.49361824789706477,0.4809747622682098
15,1568311200,1424,638,-786,2062,37,-1.1422812103965498,1.2002284414303646
15,1568325600,844,259,-585,1103,37,-0.9304153656046578,0.12247175656082329
15,1568340000,124,71,-53,195,37,-0.36965601521019703,-0.8979694007504837
15,1568354400,13,204,191,217,37,-0.1124656364578504,-0.8732450555292846
15,1568362459,23,1006,983,1029,37,0.7223490355579631,0.03930804990769916
15,1568368800,104,1966,1862,2070,37,1.6488668344239987,1.2092191124198914
15,1568383200,352,953,601,1305,37,0.31969852456043696,0.34948619904637834
15,1568397600,1424,633,-791,2057,37,-1.1475515050431142,1.1946092720619101
15,1568412000,662,274,-388,936,37,-0.7227657565300172,-0.06520850034555145
15,1568426400,129,60,-69,189,37,-0.38652095807920334,-0.9047124039926289
15,1568440800,7,36,29,43,37,-0.28322318300653954,-1.0687921495514954
15,1568455200,36,434,398,470,37,0.10572456190991907,-0.5889150854854953
15,1568469600,138,527,389,665,37,0.096238031546103,-0.3697674801157763
15,1568484000,265,421,156,686,37,-0.14935769898380177,-0.34616696876826814
15,1568498400,209,201,-8,410,37,-0.3222233633911167,-0.6563451179069474
15,1568512800,79,63,-16,142,37,-0.3306558348256199,-0.9575325960560996
15,1568527200,7,20,13,27,37,-0.3000881258755459,-1.0867734915305494
15,1568541600,25,226,201,251,37,-0.10192504716472144,-0.8350347038237952
15,1568556000,108,433,325,541,37,0.02877826007007766,-0.5091228804534438
15,1568570400,200,364,164,564,37,-0.1409252275492986,-0.4832747013585539
15,1568584800,179,163,-16,342,37,-0.3306558348256199,-0.7327658213179262
15,1568599200,47,42,-5,89,37,-0.319061186603178,-1.0170957913617156
15,1568613600,7,134,127,141,37,-0.17992540793387574,-0.9586564299297905
15,1568628000,87,2815,2728,2902,37,2.561681867208967,2.1442488953306924
15,1568642400,261,878,617,1139,37,0.33656346742944326,0.1629297760136945
15,1568656800,1410,598,-812,2008,37,-1.1696867425586852,1.1395414122510577
15,1568671200,775,185,-590,960,37,-0.9356856602512222,-0.03823648737697064
15,1568685600,95,59,-36,154,38,-0.36005519444352035,-0.9027069792741105
15,1568700000,6,164,158,170,38,-0.16525242390395833,-0.886365750620692
15,1568714400,100,2713,2613,2813,38,2.299906347614726,1.8130009575658794
15,1568728800,311,1027,716,1338,38,0.39505657589540044,0.30654394107885985
15,1568743200,1398,586,-812,1984,38,-1.1392662766017683,0.9663210479606326
15,1568757600,798,253,-545,1051,38,-0.8711614326117527,0.013423152108165179
15,1568772000,88,31,-57,119,38,-0.3811420922854317,-0.9384534169534635
15,1568786400,5,118,113,123,38,-0.21043863356519696,-0.9343681097901089
15,1568800800,100,2682,2582,2782,38,2.268778069848095,1.781339827049881
15,1568815200,362,991,629,1353,38,0.30769657055033917,0.3218638429414397
15,1568829600,1430,625,-805,2055,38,-1.1322373106544645,1.0388352501101772
15,1568844000,819,225,-594,1044,38,-0.9203641942428792,0.006273864572294577
15,1568858400,96,42,-54,138,38,-0.3781296783080158,-0.9190482079275291
15,1568872800,3,134,131,137,38,-0.1923641497007015,-0.9200695347183677
15,1568887200,95,3422,3327,3517,38,3.016860874239712,2.532015018316294
15,1568901600,328,1776,1448,2104,38,1.130085586384882,1.0888802628612715
15,1568916000,1420,1133,-287,2553,38,-0.6120938305539846,1.5474559919478286
15,1568930400,772,387,-385,1159,38,-0.7104993538162376,0.12372644551874018
15,1568944800,97,63,-34,160,38,-0.35804691845857645,-0.8965790185290785
15,1568959200,3,109,106,112,38,-0.21746759951250075,-0.9456027044893341
15,1568973600,91,2268,2177,2359,38,1.8621021828969475,1.3493185945251291
15,1568988000,337,1114,777,1451,38,0.4563089934361906,0.42195386844362814
15,1569002400,1435,652,-783,2087,38,-1.1101462748200812,1.0715177074170141
15,1569016800,598,245,-353,843,38,-0.6783669380571345,-0.19901282038627555
15,1569031200,123,61,-62,184,38,-0.38616278224779155,-0.8720671755489507
15,1569045600,11,49,38,60,38,-0.28574898300059465,-0.9987116976129443
15,1569060000,25,418,393,443,38,0.07072000432695441,-0.6075435367217386
15,1569074400,168,486,318,654,38,-0.004590345108443272,-0.39204358385478183
15,1569088800,240,372,132,612,38,-0.19136001170822953,-0.4349393090700054
15,1569103200,227,162,-65,389,38,-0.38917519622520746,-0.662695183427026
15,1569117600,96,60,-36,156,38,-0.36005519444352035,-0.9006643256924332
15,1569132000,8,34,26,42,38,-0.29779863891025826,-1.01709557984804
15,1569146400,21,227,206,248,38,-0.11705380026530382,-0.8067022609352767
15,1569160800,110,458,348,568,38,0.025533794665715804,-0.4798776878669063
15,1569175200,239,308,69,547,38,-0.2546207052339636,-0.5013255504745181
15,1569189600,196,134,-62,330,38,-0.38616278224779155,-0.7229534640865068
15,1569204000,70,37,-33,107,38,-0.35704278046610444,-0.9507093384435273
15,1569218400,8,162,154,170,38,-0.1692689758738462,-0.886365750620692
15,1569232800,101,2945,2844,3046,38,2.531862223875751,2.0509700998312868
15,1569247200,304,991,687,1295,38,0.36593657411371333,0.2626268890727976
15,1569261600,1436,587,-849,2023,38,-1.1764193823232312,1.0061527928033402
15,1569276000,851,259,-592,1110,38,-0.9183559182579352,0.07368143276764597
15,1569290400,76,41,-35,117,39,-0.2982974426180427,-0.7784696740042457
15,1569304800,3,88,85,91,39,-0.17778288463848876,-0.8033544514994196
15,1569319200,147,2891,2744,3038,39,2.4926188625917933,2.01723936689587
15,1569333600,322,1532,1210,1854,39,0.9520410964198293,0.8840248840387197
15,1569348000,1506,660,-846,2166,39,-1.1127749969631948,1.1826422139808068
15,1569362400,853,269,-584,1122,39,-0.8496515453745018,0.18342268686690005
15,1569376800,119,41,-78,160,39,-0.3414818258940495,-0.7373140804545351
15,1569391200,7,116,109,123,39,-0.153679973042578,-0.772727033043821
15,1569405600,161,2915,2754,3076,39,2.502661742423423,2.0536094263118936
15,1569420000,346,1012,666,1358,39,0.4057084335791848,0.4092998979769403
15,1569434400,1474,626,-848,2100,39,-1.1147835729295206,1.1194731634161346
15,1569448800,830,293,-537,1123,39,-0.8024500101658433,0.18437979369363752
15,1569463200,108,58,-50,166,39,-0.3133617623654869,-0.7315714394941103
15,1569477600,6,93,87,99,39,-0.17577430867216287,-0.79569759688552
15,1569492000,210,2956,2746,3166,39,2.4946274385581195,2.139749040718265
15,1569506400,404,1248,844,1652,39,0.5844716945821898,0.690689305037753
15,1569520800,1593,663,-930,2256,39,-1.1971351875488825,1.2687818283871781
15,1569535200,844,254,-590,1098,39,-0.8556772732734795,0.16045212302520104
15,1569549600,114,49,-65,163,39,-0.3284260821129312,-0.7344427599743226
15,1569564000,4,129,125,133,39,-0.1376113653119708,-0.7631559647764464
15,1569578400,95,2724,2629,2819,39,2.3771257445280543,1.8076329718403672
15,1569592800,374,1061,687,1435,39,0.42679848122560676,0.48299712363572456
15,1569607200,1450,607,-843,2057,39,-1.109762133013706,1.0783175698664238
15,1569621600,616,284,-332,900,39,-0.5965709736174386,-0.029055028668815736
15,1569636000,101,67,-34,168,39,-0.2972931546348797,-0.7296572258406354
15,1569650400,0,2,2,2,39,-0.2611387872410136,-0.8885369590790535
15,1569664800,0,5,5,5,39,-0.25812592329152473,-0.8856656385988411
15,1569679200,3,2,-1,5,39,-0.26415165119050243,-0.8856656385988411
15,1569693600,17,21,4,38,39,-0.25913021127468766,-0.8540811133165049
15,1569708000,11,22,11,33,39,-0.252100195392547,-0.8588666474501923
15,1569722400,0,2,2,2,39,-0.2611387872410136,-0.8885369590790535
15,1569736800,0,2,2,2,39,-0.2611387872410136,-0.8885369590790535
15,1569751200,0,8,8,8,39,-0.2551130593420359,-0.8827943181186287
15,1569765600,3,12,9,15,39,-0.2541087713588729,-0.8760945703314665
15,1569780000,0,2,2,2,39,-0.2611387872410136,-0.8885369590790535
15,1569794400,1,1,0,2,39,-0.26314736320733945,-0.8885369590790535
15,1569808800,0,2,2,2,39,-0.2611387872410136,-0.8885369590790535
15,1569823200,5,65,60,70,39,-0.2028900842175625,-0.8234536948609064
15,1569837600,79,2608,2529,2687,39,2.2766969462117594,1.6812948707110227
15,1569852000,220,925,705,1145,39,0.4448756649225398,0.2054361438818616
15,1569866400,1250,493,-757,1743,39,-1.023393366461692,0.7777860262708618
15,1569880800,683,191,-492,874,39,-0.7572570509235106,-0.053939806163989655
15,1569895200,76,35,-41,111,40,-0.37069098980068893,-0.9832427602795396
15,1569909600,11,87,76,98,40,-0.2620569533097189,-0.9962164322735616
15,1569924000,97,2674,2577,2771,40,2.060111638689563,1.6713701246511075
15,1569938400,271,893,622,1164,40,0.24490188364814122,0.06762467123623905
15,1569952800,1317,579,-738,1896,40,-1.0178527285545873,0.7981422019765524
15,1569967200,743,219,-524,962,40,-0.8191545763403344,-0.13396623205548677
15,1569981600,119,44,-75,163,40,-0.4022598551057571,-0.9313480723034517
15,1569996000,1,28,27,29,40,-0.3075532591905525,-1.065076691318755
15,1570010400,91,3492,3401,3583,40,2.8251923743182754,2.4817256368930942
15,1570024800,324,1254,930,1578,40,0.5308786634705239,0.4807862255073999
15,1570039200,1422,594,-828,2016,40,-1.1014173720091796,0.9178991742290629
15,1570053600,902,291,-611,1193,40,-0.8999337316797736,0.09656593953059574
15,1570068000,131,62,-69,193,40,-0.39668887887545096,-0.9014088292403242
15,1570082400,8,159,151,167,40,-0.19241975043089196,-0.9273561732283682
15,1570096800,124,3454,3330,3578,40,2.759269155592986,2.4767357630492395
15,1570111200,349,1150,801,1499,40,0.4111026745189415,0.4019462187744972
15,1570125600,1502,713,-789,2215,40,-1.0652060265121897,1.116496153214476
15,1570140000,855,285,-570,1140,40,-0.8618653941060149,0.04367327678573698
15,1570154400,134,52,-82,186,40,-0.40875932737444765,-0.9083946526217206
15,1570168800,7,154,147,161,40,-0.1961337345844294,-0.9333440218409936
15,1570183200,97,2959,2862,3056,40,2.3247330096291057,1.9557929337508195
15,1570197600,358,1023,665,1381,40,0.28482721329866867,0.2841851960595287
15,1570212000,1427,707,-720,2134,40,-1.0011397998636689,1.0356601969440313
15,1570226400,640,330,-310,970,40,-0.6204564241260815,-0.1259824339053194
15,1570240800,198,69,-129,267,40,-0.45239864117851253,-0.8275586963512761
15,1570255200,12,42,30,54,40,-0.30476777107539943,-1.040127322099482
15,1570269600,41,617,576,658,40,0.2021910658824607,-0.43735056176184645
15,1570284000,172,756,584,928,40,0.20961903418953556,-0.16789737419369805
15,1570298400,281,524,243,805,40,-0.10699811489953091,-0.2906482707525212
15,1570312800,281,322,41,603,40,-0.29455431465317145,-0.492239174044247
15,1570327200,99,73,-26,172,40,-0.35676354922492354,-0.9223662993845135
15,1570341600,7,25,18,32,40,-0.3159097235360117,-1.0620827670124422
15,1570356000,32,389,357,421,40,-0.001149566523713971,-0.6738705819605545
15,1570370400,140,774,634,914,40,0.25604383610875353,-0.18186902095649093
15,1570384800,313,573,260,886,40,-0.09121368224699682,-0.20981231448207668
15,1570399200,243,221,-22,464,40,-0.35304956507138613,-0.6309576669034049
15,1570413600,52,53,1,105,40,-0.33169415618854586,-0.9892306088921652
15,1570428000,9,152,143,161,40,-0.19984771873796683,-0.9333440218409936
15,1570442400,89,2903,2814,2992,40,2.2801651997866563,1.8919225485494806
15,1570456800,278,967,689,1245,40,0.3071111182198933,0.14846062750668357
15,1570471200,1400,572,-828,1972,40,-1.1014173720091796,0.8739882844031424
15,1570485600,845,274,-571,1119,40,-0.8627938901443992,0.02271580664154766
15,1570500000,112,57,-55,169,41,-0.3820441184679576,-0.9469591654764605
15,1570514400,7,162,155,169,41,-0.16013900652278895,-0.9469591654764605
15,1570528800,110,3055,2945,3165,41,2.788028909320166,2.43561004876926
15,1570543200,305,1096,791,1401,41,0.5119164753682933,0.4440038758956114
15,1570557600,1502,542,-960,2044,41,-1.3383494818507082,1.169969164533795
15,1570572000,770,216,-554,986,41,-0.9093329320900488,-0.024542927813325188
15,1570586400,117,58,-59,175,41,-0.38627088250500846,-0.9401849948204277
15,1570600800,13,152,139,165,41,-0.17704606267099227,-0.9514752792471491
15,1570615200,97,2676,2579,2773,41,2.401279999930015,1.9930308992417824
15,1570629600,288,895,607,1183,41,0.31748532966395504,0.19787567539308568
15,1570644000,1295,606,-689,1901,41,-1.0519862183405144,1.0085180972316796
15,1570658400,878,217,-661,1095,41,-1.0223988700811586,0.09852117243793768
15,1570672800,125,60,-65,185,41,-0.3926110285605847,-0.9288947103937064
15,1570687200,10,166,156,176,41,-0.15908231551352622,-0.9390559663777556
15,1570701600,87,2999,2912,3086,41,2.7531581060144967,2.346416801798161
15,1570716000,328,1142,814,1470,41,0.5362203685813356,0.5219068384399888
15,1570730400,1425,647,-778,2072,41,-1.1460317181648956,1.201581960928615
15,1570744800,848,234,-614,1082,41,-0.9727343926458114,0.0838438026831999
15,1570759200,180,86,-94,266,41,-0.42325506782920325,-0.8374434065372633
15,1570773600,11,196,185,207,41,-0.1284382762449077,-0.9040560846549194
15,1570788000,98,2607,2509,2705,41,2.3273116292816254,1.9162569651400772
15,1570802400,353,1147,794,1500,41,0.5150865483960815,0.5557776917201529
15,1570816800,1399,693,-706,2092,41,-1.0699499654979805,1.2241625297820575
15,1570831200,664,298,-366,962,41,-0.7106750223486598,-0.05163961043745646
15,1570845600,165,74,-91,239,41,-0.4200849948014151,-0.867927174489411
15,1570860000,8,51,43,59,41,-0.2784883995602122,-1.0711522941703955
15,1570874400,31,450,419,481,41,0.11882741992256596,-0.594702291362754
15,1570888800,154,568,414,722,41,0.11354396487625242,-0.3226064366787692
15,1570903200,306,481,175,787,41,-0.13900518633753478,-0.2492195879050803
15,1570917600,256,289,33,545,41,-0.2890553096528393,-0.5224444710317373
15,1570932000,143,65,-78,208,41,-0.4063480116809999,-0.9029270562122472
15,1570946400,12,29,17,41,41,-0.30596236580104264,-1.091474806138494
15,1570960800,28,253,225,281,41,-0.08617063587439938,-0.8205079798971813
15,1570975200,156,520,364,676,41,0.060709414413117016,-0.37454174504168747
15,1570989600,295,514,219,809,41,-0.09251078192997564,-0.22438096216629333
15,1571004000,206,173,-33,379,41,-0.35879691626417803,-0.7098631925153119
15,1571018400,68,50,-18,118,41,-0.3429465511252374,-1.0045396160527396
15,1571032800,6,128,122,134,41,-0.1950098098284583,-0.9864751609699853
15,1571047200,59,2009,1950,2068,41,1.736621355103772,1.1970658471579263
15,1571061600,239,1030,791,1269,41,0.5119164753682933,0.29497212146288937
15,1571076000,892,627,-265,1519,41,-0.6039492304131263,0.5772292321309235
15,1571090400,679,282,-397,961,41,-0.7434324436358037,-0.052768638880128595
15,1571104800,117,40,-77,157,42,-0.3597508881842257,-0.7915804392299045
15,1571119200,10,147,137,157,42,-0.15845343546681173,-0.7915804392299045
15,1571133600,113,2819,2706,2932,42,2.258056639444574,1.776654401742324
15,1571148000,257,1110,853,1367,42,0.515046453064349,0.3282625004372654
15,1571162400,1382,621,-761,2003,42,-1.003150223038016,0.9168741612871167
15,1571176800,873,489,-384,1362,42,-0.6485280750264971,0.3236350502733515
15,1571191200,150,102,-48,252,42,-0.33247226141410885,-0.70365888611554
15,1571205600,7,155,148,162,42,-0.1481063701402157,-0.7869529890659905
15,1571220000,108,2935,2827,3043,42,2.37187435803713,1.8793837953812131
15,1571234400,342,1001,659,1343,42,0.33256184639529146,0.3060507396504786
15,1571248800,1514,630,-884,2144,42,-1.1188492262354082,1.0473682559094895
15,1571263200,980,277,-703,1257,42,-0.9485929694977824,0.22645859683115904
15,1571277600,165,73,-92,238,42,-0.373860522720493,-0.7166157465744989
15,1571292000,7,155,148,162,42,-0.1481063701402157,-0.7869529890659905
15,1571306400,88,3215,3127,3303,42,2.654067048762477,2.1200112039047374
15,1571320800,323,1183,860,1506,42,0.5216309491812737,0.4569056149940725
15,1571335200,1469,712,-757,2181,42,-0.9993876538283448,1.0816113871224524
15,1571349600,901,348,-553,1249,42,-0.807496624135109,0.21905467656889677
15,1571364000,160,92,-68,252,42,-0.3512851074624653,-0.70365888611554
15,1571378400,14,158,144,172,42,-0.151868939349887,-0.7776980887381627
15,1571392800,81,2793,2712,2874,42,2.2637004932590807,1.7229759798409225
15,1571407200,409,1062,653,1471,42,0.3269179925807845,0.42451346384667504
15,1571421600,1471,678,-793,2149,42,-1.0332507767153865,1.0519957060734033
15,1571436000,630,434,-196,1064,42,-0.47168732217194653,0.047839020504081536
15,1571450400,510,82,-428,592,42,-0.6899163363328813,-0.388992274969393
15,1571464800,0,2,2,2,42,-0.28544014629321773,-0.9350313943112362
15,1571479200,0,1,1,1,42,-0.28638078859563554,-0.935956884344019
15,1571493600,3,4,1,7,42,-0.28638078859563554,-0.9304039441473223
15,1571508000,28,33,5,61,42,-0.28261821938596426,-0.8804274823770518
15,1571522400,10,11,1,21,42,-0.28638078859563554,-0.9174470836883633
15,1571536800,1,5,4,6,42,-0.28355886168838207,-0.931329434180105
15,1571551200,1,3,2,4,42,-0.28544014629321773,-0.9331804142456707
15,1571565600,3,3,0,6,42,-0.2873214308980534,-0.931329434180105
15,1571580000,0,2,2,2,42,-0.28544014629321773,-0.9350313943112362
15,1571594400,1,1,0,2,42,-0.2873214308980534,-0.9350313943112362
15,1571608800,1,2,1,3,42,-0.28638078859563554,-0.9341059042784534
15,1571623200,1,1,0,2,42,-0.2873214308980534,-0.9350313943112362
15,1571637600,6,41,35,47,42,-0.2543989503134296,-0.8933843428360109
15,1571652000,84,2794,2710,2878,42,2.261819208654245,1.7266779399720535
15,1571666400,374,2509,2135,2883,42,1.720949884763997,1.7313053901359676
15,1571680800,1419,654,-765,2073,42,-1.0069127922476875,0.9816584635819117
15,1571695200,831,296,-535,1127,42,-0.7905650626915883,0.10614489256939699
15,1571709600,124,94,-30,218,43,-0.30830429629814404,-0.7245325246328458
15,1571724000,11,159,148,170,43,-0.1315494712118768,-0.770615865422214
15,1571738400,100,2877,2777,2977,43,2.4790597150341713,1.9242995011560522
15,1571752800,288,1343,1055,1631,43,0.7691057330198332,0.6320458198541832
15,1571767200,1530,612,-918,2142,43,-1.190092412458848,1.1226413853409998
15,1571781600,916,212,-704,1128,43,-0.9775894205012009,0.14913081116559462
15,1571796000,137,70,-67,207,43,-0.34504546780484,-0.7350932902304094
15,1571810400,8,172,164,180,43,-0.11566139704681906,-0.761015169424429
15,1571824800,93,2869,2776,2962,43,2.4780667103988554,1.9098984571593747
15,1571839200,331,1250,919,1581,43,0.6340571026168426,0.5840423398652579
15,1571853600,1451,707,-744,2158,43,-1.0173096059138451,1.138002498937456
15,1571868000,882,266,-616,1148,43,-0.8902050125933834,0.16833220316116476
15,1571882400,177,63,-114,240,43,-0.3917166856646971,-0.7034109934377186
15,1571896800,10,161,151,171,43,-0.12857045730592848,-0.7696557958224356
15,1571911200,112,2920,2808,3032,43,2.509842858728971,1.9771033291438702
15,1571925600,343,1245,902,1588,43,0.6171760238164686,0.5907628270637074
15,1571940000,1411,687,-724,2098,43,-0.9974495132075231,1.0803983229507454
15,1571954400,921,259,-662,1180,43,-0.9358832258179243,0.19905443035407694
15,1571968800,166,73,-93,239,43,-0.3708635883230588,-0.7043710630374972
15,1571983200,9,138,129,147,43,-0.15041655928288286,-0.7926974662171198
15,1571997600,74,2619,2545,2693,43,2.248682639640834,1.6516397348189567
15,1572012000,377,1128,751,1505,43,0.46723232388373637,0.5110770502820914
15,1572026400,1509,975,-534,2484,43,-0.8087786324974625,1.450985188465249
15,1572040800,737,347,-390,1084,43,-0.665785965011943,0.10688774877534037
15,1572055200,117,57,-60,174,43,-0.3380944353576273,-0.7667755870231001
15,1572069600,0,1,1,1,43,-0.2775211526033447,-0.9328676277847816
15,1572084000,0,6,6,6,43,-0.27255612942676416,-0.9280672797858891
15,1572098400,7,5,-2,12,43,-0.280500166509293,-0.922306862187218
15,1572112800,14,13,-1,27,43,-0.2795071618739769,-0.9079058181905405
15,1572127200,1,1,0,2,43,-0.2785141572386608,-0.9319075581850031
15,1572141600,0,1,1,1,43,-0.2775211526033447,-0.9328676277847816
15,1572156000,0,2,2,2,43,-0.27652814796802855,-0.9319075581850031
15,1572170400,0,10,10,10,43,-0.2685841108854997,-0.924227001386775
15,1572184800,1,7,6,8,43,-0.27255612942676416,-0.9261471405863321
15,1572199200,1,4,3,5,43,-0.27553514333271245,-0.9290273493856676
15,1572213600,0,2,2,2,43,-0.27652814796802855,-0.9319075581850031
15,1572228000,0,1,1,1,43,-0.2775211526033447,-0.9328676277847816
15,1572242400,7,104,97,111,43,-0.1821927076129983,-0.8272599718091459
15,1572256800,88,2794,2706,2882,43,2.408556385926728,1.8330928891770941
15,1572271200,271,1120,849,1391,43,0.564546778144715,0.4016291159073417
15,1572285600,1395,681,-714,2076,43,-0.987519466854362,1.0592767917556185
15,1572300000,917,261,-656,1178,43,-0.9299251980060277,0.19713429115451994
15,1572314400,119,39,-80,158,44,-0.40638185801234605,-1.0040803399719553
15,1572328800,6,142,136,148,44,-0.18579332119142802,-1.0148397159839013
15,1572343200,115,2789,2674,2904,44,2.406121986454359,1.9504443129084006
15,1572357600,364,1140,776,1504,44,0.467802343463144,0.44413167123596853
15,1572372000,1519,675,-844,2194,44,-1.1866116826937414,1.1865286160602386
15,1572386400,941,314,-627,1255,44,-0.9650019026468005,0.17622320853851456
15,1572400800,132,53,-79,185,44,-0.4053606147863233,-0.9750300247397014
15,1572415200,7,126,119,133,44,-0.20315445603381507,-1.0309787800018202
15,1572429600,110,2888,2778,2998,44,2.512331281960727,2.0515824474206923
15,1572444000,349,1220,871,1569,44,0.564820449935307,0.5140676153136171
15,1572458400,1520,704,-816,2224,44,-1.1580168723651039,1.2188067440960764
15,1572472800,876,261,-615,1137,44,-0.9527469839345274,0.04926257159755242
15,1572487200,139,50,-89,189,44,-0.41557304704655096,-0.970726274334923
15,1572501600,7,143,136,150,44,-0.18579332119142802,-1.012687840781512
15,1572516000,94,2713,2619,2807,44,2.349953609023107,1.8460783655925248
15,1572530400,375,1085,710,1460,44,0.40040029054564125,0.3967904167834064
15,1572544800,1509,597,-912,2106,44,-1.2560562220632898,1.0918461071551142
15,1572559200,769,215,-554,984,44,-0.8904511471471385,-0.1153558813852205
15,1572573600,106,84,-22,190,44,-0.34714975090302547,-0.9696503367337284
15,1572588000,8,125,117,133,44,-0.20519694248586062,-1.0309787800018202
15,1572602400,93,2765,2672,2858,44,2.404079500002313,1.9009511832534491
15,1572616800,367,1118,751,1485,44,0.4422712628125748,0.42368885681327123
15,1572631200,1483,801,-682,2284,44,-1.0211702800780529,1.283363000167752
15,1572645600,732,401,-331,1133,44,-0.662713907744061,0.04495882119277405
15,1572660000,131,79,-52,210,44,-0.3777870476837085,-0.9481315847098365
15,1572674400,7,35,28,42,44,-0.296087589601887,-1.1288891017105283
15,1572688800,38,576,538,614,44,0.224746455669725,-0.5134527938272204
15,1572703200,192,1157,965,1349,44,0.6608173131814473,0.2773613430508064
15,1572717600,337,569,232,906,44,-0.08775397149324221,-0.19927901427839886
15,1572732000,271,207,-64,478,44,-0.39004196639598177,-0.6597803075896852
15,1572742800,71,69,-2,140,44,-0.3267248863825701,-1.023447216793458
15,1572757200,9,12,3,21,44,-0.3216186702524563,-1.1514837913356148
15,1572771600,25,197,172,222,44,-0.14902856505460835,-0.9352203334955014
15,1572786000,116,540,424,656,44,0.10832472790312939,-0.4682634145770474
15,1572800400,265,552,287,817,44,-0.031585594061989936,-0.29503746078471776
15,1572814800,262,236,-26,498,44,-0.35123472380711657,-0.6382615555657933
15,1572829200,63,59,-4,122,44,-0.32876737283461566,-1.0428140936149608
15,1572843600,5,36,31,41,44,-0.29302385992381874,-1.1299650393117229
15,1572858000,47,1940,1893,1987,44,1.6085310269305766,0.9638095326129575
15,1572872400,230,1832,1602,2062,44,1.311349248157951,1.0445048527025522
15,1572886800,865,718,-147,1583,44,-0.47480515415587154,0.5291307417303415
15,1572901200,1565,330,-1235,1895,44,-1.585917784068644,0.8648232733030549
15,1572915600,190,75,-115,265,45,-0.4771436149580579,-0.9681489503658879
15,1572930000,9,53,44,62,45,-0.3020397483487316,-1.2046319170130604
15,1572944400,48,2082,2034,2130,45,1.8895117897176792,1.2044654969098603
15,1572958800,291,1986,1695,2277,45,1.5161771307204364,1.3757117831026404
15,1572973200,885,740,-145,1625,45,-0.510182080356044,0.6161704320979284
15,1572987600,1616,302,-1314,1918,45,-1.797580948697569,0.9574980637610888
15,1573002000,212,84,-128,296,45,-0.4914602832971852,-0.932035787971492
15,1573016400,12,53,41,65,45,-0.3053435948885302,-1.2011370948458608
15,1573030800,59,2006,1947,2065,45,1.7937002400635196,1.128744349953869
15,1573045200,318,2029,1711,2347,45,1.5337976455993623,1.4572576336706309
15,1573059600,878,701,-177,1579,45,-0.5454231101138958,0.5625831588675346
15,1573074000,1570,339,-1231,1909,45,-1.7061745277631406,0.9470135972594901
15,1573088400,224,77,-147,301,45,-0.5123846447159097,-0.9262110843594927
15,1573102800,12,56,44,68,45,-0.3020397483487316,-1.1976422726786613
15,1573117200,54,1999,1945,2053,45,1.7914976757036538,1.1147650612850706
15,1573131600,286,1965,1679,2251,45,1.4985566158415105,1.3454233243202438
15,1573146000,925,789,-136,1714,45,-0.5002705407366481,0.7198501563915164
15,1573160400,1570,510,-1060,2080,45,-1.51785527499462,1.1462184607898669
15,1573174800,292,95,-197,387,45,-0.5674487537125533,-0.8260261822331043
15,1573189200,9,51,42,60,45,-0.30424231270859736,-1.2069617984578602
15,1573203600,52,2059,2007,2111,45,1.8597771708594917,1.1823316231842629
15,1573218000,281,2126,1845,2407,45,1.6813694577103668,1.5271540770146228
15,1573232400,1122,1011,-111,2133,45,-0.4727384862383264,1.2079603190770598
15,1573246800,1166,617,-549,1783,45,-0.9551000810489234,0.800231066237107
15,1573261200,250,115,-135,365,45,-0.4991692585567153,-0.8516548781259013
15,1573275600,12,15,3,27,45,-0.34719231772597925,-1.2454048422970556
15,1573290000,25,273,248,298,45,-0.07737818364242616,-0.9297059065266923
15,1573304400,134,757,623,891,45,0.3356026338324,-0.23889605814357243
15,1573318800,320,581,261,901,45,-0.06306151530329886,-0.22724665091957377
15,1573333200,341,276,-65,617,45,-0.4220795059614144,-0.5580898160811354
15,1573347600,124,67,-57,191,45,-0.41326924852195146,-1.054354563823478
15,1573362000,13,17,4,30,45,-0.34609103554604637,-1.241910020129856
15,1573376400,20,172,152,192,45,-0.18310127291598166,-1.053189623101078
15,1573390800,117,515,398,632,45,0.08781414334750431,-0.5406157052451375
15,1573405200,264,468,204,732,45,-0.12583459955947243,-0.42412163300515093
15,1573419600,277,232,-45,509,45,-0.40005386236275703,-0.6839034141003209
15,1573434000,70,57,-13,127,45,-0.36481283260490516,-1.1289107700570693
15,1573448400,8,34,26,42,45,-0.32186282758752327,-1.2279307314610577
15,1573462800,40,1659,1619,1699,45,1.4324796850455384,0.7023760455555185
15,1573477200,249,1677,1428,1926,45,1.2221347886783602,0.9668175895402877
15,1573491600,748,654,-94,1402,45,-0.45401668917946764,0.35638865100275857
15,1573506000,1241,327,-914,1568,45,-1.357068076724421,0.5497688109211362
15,1573520400,184,62,-122,246,46,-0.46710551614360235,-0.8866895078159637
15,1573534800,9,55,46,64,46,-0.2782043873297779,-1.0898674796421832
15,1573549200,62,2029,1967,2091,46,1.8817900677378214,1.172999272510274
15,1573563600,378,2095,1717,2473,46,1.6006871974791543,1.5994497408488229
15,1573578000,933,773,-160,1706,46,-0.5098331524229197,0.7431997167240401
15,1573592400,1664,339,-1325,2003,46,-1.8197725278283092,1.0747593740448491
15,1573606800,213,86,-127,299,46,-0.4727275735487757,-0.8275222962401964
15,1573621200,7,49,42,56,46,-0.2827020332539166,-1.0987983795026766
15,1573635600,64,2018,1954,2082,46,1.8671727184843707,1.162952010167219
15,1573650000,338,1923,1585,2261,46,1.4522648819825779,1.3627808945457538
15,1573664400,922,765,-157,1687,46,-0.5064599179798157,0.7219888295553688
15,1573678800,1625,413,-1212,2038,46,-1.6927140304713917,1.1138320609345067
15,1573693200,205,66,-139,271,46,-0.4862205113211917,-0.8587804457519225
15,1573707600,6,24,18,30,46,-0.30968790879874863,-1.1278238040492792
15,1573722000,47,2026,1979,2073,46,1.8952830055102377,1.1529047478241643
15,1573736400,333,2057,1724,2390,46,1.6085580778463968,1.5067916547962061
15,1573750800,874,749,-125,1623,46,-0.47047875058670635,0.6505416306714235
15,1573765200,1553,434,-1119,1987,46,-1.5881437627351676,1.0568975743238627
15,1573779600,236,78,-158,314,46,-0.5075843294608504,-0.8107768590017717
15,1573794000,14,50,36,64,46,-0.28944850214012463,-1.0898674796421832
15,1573808400,57,1854,1797,1911,46,1.6906401159619278,0.9720540256491775
15,1573822800,323,1982,1659,2305,46,1.5354713315791435,1.4119008437784664
15,1573837200,1009,982,-27,1991,46,-0.36028642544530876,1.0613630242541092
15,1573851600,1193,555,-638,1748,46,-1.0473018403574916,0.7900869409916292
15,1573866000,242,124,-118,366,46,-0.46260787021946365,-0.7527260099085661
15,1573880400,12,21,9,33,46,-0.3198076121280607,-1.1244747166015943
15,1573894800,19,249,230,268,46,-0.07131267481939879,-0.8621295331996074
15,1573909200,125,633,508,758,46,0.24127371690823923,-0.3151119167444007
15,1573923600,276,575,299,851,46,0.006271717371993383,-0.2112902058661676
15,1573938000,298,315,17,613,46,-0.31081232027978334,-0.47698447671583943
15,1573952400,112,85,-27,197,46,-0.36028642544530876,-0.9413912694614843
15,1573966800,20,24,4,44,46,-0.32542966953323404,-1.1121947292934162
15,1573981200,18,196,178,214,46,-0.1297820718332016,-0.9224131072579363
15,1573992583,57,449,392,506,46,0.11084198510821762,-0.5964352623499356
15,1573992664,2,1,-1,3,46,-0.33105172693840734,-1.1579655910784437
15,1573992745,2,2,0,4,46,-0.3299273154573727,-1.156849228595882
15,1573995600,47,106,59,153,46,-0.2635870380763272,-0.9905112186941968
15,1574010000,240,484,244,724,46,-0.05557091408491342,-0.3530682411514967
15,1574024400,254,215,-39,469,46,-0.3737793632177248,-0.6377406742047165
15,1574038800,70,42,-28,112,46,-0.3614108369263434,-1.0362820804792243
15,1574053200,10,59,49,69,46,-0.2748311528866739,-1.084285667229375
15,1574067600,45,1880,1835,1925,46,1.7333677522412452,0.9876831004050406
15,1574082000,260,1942,1682,2202,46,1.5613327956429408,1.2969155080746166
15,1574096400,858,799,-59,1657,46,-0.39626759283841817,0.6884979550785194
15,1574110800,1588,343,-1245,1931,46,-1.7298196093455358,0.9943812753004105
15,1574125200,205,81,-124,286,47,-0.40119018873232254,-0.6408957871058539
15,1574139600,11,86,75,97,47,-0.17709359441601305,-0.83852464335535
15,1574154000,56,2085,2029,2141,47,2.0233322613330764,1.298794839046608
15,1574168400,308,1900,1592,2208,47,1.5312206446686178,1.3688537457593923
15,1574182800,905,740,-165,1645,47,-0.44736084384271796,0.7801497983071898
15,1574197200,1606,329,-1277,1935,47,-1.6995990995197845,1.083389842287898
15,1574211600,241,55,-186,296,47,-0.4710092281675547,-0.6304392338651399
15,1574226000,10,87,77,97,47,-0.17484136733745717,-0.83852464335535
15,1574240400,47,2033,1986,2080,47,1.9749093791441252,1.235009864278252
15,1574254800,353,1860,1507,2213,47,1.4355009938299932,1.3740820223797494
15,1574269200,1241,738,-503,1979,47,-0.8279872201186609,1.1293986765470398
15,1574283600,1638,359,-1279,1997,47,-1.7018513265983404,1.1482204723803253
15,1574298000,243,71,-172,314,47,-0.45524363861766354,-0.6116174380318545
15,1574312400,9,96,87,105,47,-0.1635802319446778,-0.8301594007627788
15,1574326800,46,1927,1881,1973,47,1.8566674575199418,1.1231247446026116
15,1574341200,271,2144,1873,2415,47,1.8476585492057183,1.585304397842174
15,1574355600,927,783,-144,1710,47,-0.4237124595178813,0.8481173943718313
15,1574370000,1561,409,-1152,1970,47,-1.5588349071100422,1.1199877786303973
15,1574384400,256,75,-181,331,47,-0.465378660471165,-0.5938412975226406
15,1574398800,12,83,71,95,47,-0.18159804857312478,-0.8406159540034929
15,1574413200,38,1669,1631,1707,47,1.5751390727004575,0.8449804283996171
15,1574427600,241,2168,1927,2409,47,1.908468680326727,1.5790304658977454
15,1574442000,1087,724,-363,1811,47,-0.6703313246197496,0.9537285821030435
15,1574456400,1163,604,-559,1767,47,-0.8910495783182253,0.9077197478439015
15,1574470800,207,73,-134,280,47,-0.41245132412510194,-0.6471697190502824
15,1574485200,0,2,2,2,47,-0.25929988278330246,-0.9378618991421339
15,1574499600,0,0,0,0,47,-0.26155210986185834,-0.9399532097902766
15,1574514000,0,2,2,2,47,-0.25929988278330246,-0.9378618991421339
15,1574528400,6,8,2,14,47,-0.25929988278330246,-0.9253140352532769
15,1574542800,6,9,3,15,47,-0.2581737692440245,-0.9242683799292055
15,1574557200,0,1,1,1,47,-0.2604259963225804,-0.9389075544662053
15,1574571600,0,1,1,1,47,-0.2604259963225804,-0.9389075544662053
15,1574586000,1,1,0,2,47,-0.26155210986185834,-0.9378618991421339
15,1574600400,0,1,1,1,47,-0.2604259963225804,-0.9389075544662053
15,1574614800,0,1,1,1,47,-0.2604259963225804,-0.9389075544662053
15,1574629200,1,1,0,2,47,-0.26155210986185834,-0.9378618991421339
15,1574643600,0,0,0,0,47,-0.26155210986185834,-0.9399532097902766
15,1574651749,0,0,0,0,47,-0.26155210986185834,-0.9399532097902766
15,1574651829,0,0,0,0,47,-0.26155210986185834,-0.9399532097902766
15,1574651909,0,0,0,0,47,-0.26155210986185834,-0.9399532097902766
15,1574651990,0,0,0,0,47,-0.26155210986185834,-0.9399532097902766
15,1574658000,2,1,-1,3,47,-0.2626782234011363,-0.9368162438180625
15,1574672400,46,1840,1794,1886,47,1.7586955796027612,1.0321527314083991
15,1574686800,283,1890,1607,2173,47,1.548112347757787,1.332255809416893
15,1574701200,846,693,-153,1539,47,-0.43384748137138274,0.6693103339556205
15,1574715600,1460,387,-1073,1847,47,-1.4698719375070852,0.9913721737696142
15,1574730000,239,80,-159,319,48,-0.6005317723319984,-0.7510609384718889
15,1574744400,8,9,1,17,48,-0.3637440289727876,-1.1661390154000157
15,1574758800,50,1869,1819,1919,48,2.326756704946245,1.4480282108162004
15,1574773200,247,1943,1696,2190,48,2.144726127238852,1.8204989354768704
15,1574787600,920,657,-263,1577,48,-0.7544438055154854,0.9779729051558712
15,1574802000,1754,359,-1395,2113,48,-2.4297170897819016,1.7146677701673811
15,1574816400,176,109,-67,285,48,-0.4643788199004522,-0.7977915828942609
15,1574830800,9,13,4,22,48,-0.35930425878480243,-1.1592668618084905
15,1574845200,47,1589,1542,1636,48,1.9168179242556114,1.0590643175358696
15,1574859600,409,1520,1111,1929,48,1.2789709405817373,1.461772517999251
15,1574874000,1165,751,-414,1916,48,-0.9779122383107405,1.4439049186612851
15,1574888400,642,407,-235,1049,48,-0.7130059504276235,0.2522734858908018
15,1574902800,169,81,-88,250,48,-0.4954572112163486,-0.8458966580349379
15,1574917200,7,26,19,33,48,-0.3371054078448764,-1.144148123907135
15,1574931600,20,385,365,405,48,0.1749480871694169,-0.6328598966976542
15,1574946000,279,483,204,762,48,-0.06331957958578895,-0.14218813026274923
15,1574960400,247,390,143,637,48,-0.15359490674148804,-0.3139919700508812
15,1574974800,179,181,2,360,48,-0.36226410557679256,-0.6947092790213817
15,1574989200,73,63,-10,136,48,-0.38002318632873333,-1.0025817599217142
15,1575003600,9,22,13,31,48,-0.3459849482208468,-1.146896985343745
15,1575018000,26,854,828,880,48,0.8601526195151332,0.019994694497247344
15,1575032400,245,1213,968,1458,48,1.0673418949544426,0.8144156496775696
15,1575046800,569,1130,561,1699,48,0.4650130727844501,1.145653452789088
15,1575061200,634,635,1,1269,48,-0.3637440289727876,0.554648243917914
15,1575075600,246,119,-127,365,48,-0.5531742236601562,-0.6878371254298564
15,1575090000,10,17,7,27,48,-0.35486448859681724,-1.1523947082169652
15,1575104400,17,281,264,298,48,0.0254758241739151,-0.7799239835562951
15,1575118800,126,684,558,810,48,0.4605733025964649,-0.07621545578410656
15,1575133200,358,726,368,1084,48,0.17938785735740212,0.30037856103147875
15,1575147600,351,411,60,762,48,-0.2764285486090786,-0.14218813026274923
15,1575162000,163,99,-64,262,48,-0.459939049712467,-0.8294034894152772
15,1575176400,13,19,6,32,48,-0.3563444119928123,-1.14552255462544
15,1575190800,15,187,172,202,48,-0.1106771282576311,-0.9118693325135805
15,1575205200,102,563,461,665,48,0.3170207331849434,-0.2755079099383397
15,1575219600,280,536,256,816,48,0.013636437005954561,-0.06796887147427623
15,1575234000,289,186,-103,475,48,-0.5176560621562746,-0.5366497464163003
15,1575248400,82,51,-31,133,48,-0.4111015776446298,-1.0067050520766294
15,1575262800,4,50,46,54,48,-0.29714747615300957,-1.1152850788227286
15,1575277200,47,1850,1803,1897,48,2.303077930610324,1.417790735013489
15,1575291600,319,1782,1463,2101,48,1.799903975972001,1.6981746015477206
15,1575306000,1057,710,-347,1767,48,-0.878757370779071,1.239114741633832
15,1575320400,1390,317,-1073,1707,48,-1.95318175627149,1.1566488985355285
15,1575334800,198,70,-128,268,49,-0.5019869867932389,-1.0186653424514174
15,1575349200,6,12,6,18,49,-0.3498008867247004,-1.2975698038787937
15,1575363600,52,1928,1876,1980,49,1.773990211246695,0.8912724094032558
15,1575378000,257,1998,1741,2255,49,1.6206683940134659,1.1980673169733698
15,1575392400,911,743,-168,1654,49,-0.5474156733808623,0.527580991701957
15,1575406800,1635,491,-1144,2126,49,-1.655875626118874,1.0541526148768436
15,1575421200,271,65,-206,336,49,-0.5905729256391046,-0.942803328943171
15,1575435600,6,11,5,17,49,-0.350936603889391,-1.2986854217245032
15,1575450000,50,1854,1804,1904,49,1.6922185753889727,0.8064854531293334
15,1575464400,347,1950,1603,2297,49,1.463939425286165,1.2449232664931689
15,1575478800,913,1143,230,2056,49,-0.0954002418340092,0.9760593656771782
15,1575493200,1692,818,-874,2510,49,-1.3492319916524158,1.4825498676292936
15,1575507600,351,134,-217,485,49,-0.6030658144507011,-0.7765762699324547
15,1575522000,7,11,4,18,49,-0.3520723210540816,-1.2975698038787937
15,1575536400,58,1946,1888,2004,49,1.7876188172229819,0.9180472377002838
15,1575550800,386,1624,1238,2010,49,1.0494026601741013,0.9247409447745409
15,1575565200,943,645,-298,1588,49,-0.6950589047906385,0.4539502138851297
15,1575579600,1574,588,-986,2162,49,-1.4764323140977615,1.0943148573223858
15,1575594000,308,121,-187,429,49,-0.5689942995099835,-0.839050869292187
15,1575608400,12,16,4,28,49,-0.3520723210540816,-1.2864136254216987
15,1575622800,41,1617,1576,1658,49,1.4332750618395191,0.5320434630847951
15,1575637200,441,2792,2351,3233,49,2.313455864474723,2.2891415700772657
15,1575651600,1025,918,-107,1943,49,-0.4781369263347366,0.8499945491120041
15,1575666000,1224,647,-577,1871,49,-1.0119239937393119,0.7696700642209197
15,1575680400,313,146,-167,459,49,-0.5462799562161718,-0.8055823339209018
15,1575694800,29,23,-6,52,49,-0.36342949270098746,-1.2596387971246705
15,1575709200,19,315,296,334,49,-0.020442908964430545,-0.94503456463459
15,1575723600,148,854,706,1002,49,0.44520112855870964,-0.19980184370064044
15,1575738000,374,725,351,1099,49,0.04202153509355167,-0.09158691266681841
15,1575752400,473,569,96,1042,49,-0.2475863419025477,-0.1551771298722602
15,1575766800,232,162,-70,394,49,-0.4361153912411849,-0.8780974938920196
15,1575781200,23,19,-4,42,49,-0.36115805837160625,-1.2707949755817656
15,1575795600,16,187,171,203,49,-0.16240755455075376,-1.0911805024225352
15,1575810000,126,525,399,651,49,0.0965359589986998,-0.5913837075446768
15,1575824400,313,522,209,835,49,-0.1192503022925115,-0.3861100239341278
15,1575838800,383,363,-20,746,49,-0.3793295330066556,-0.4854000122022738
15,1575853200,117,72,-45,189,49,-0.40772246212392027,-1.1067991522624683
15,1575867600,7,64,57,71,49,-0.29187931132548056,-1.23844205805619
15,1575882000,56,1959,1903,2015,49,1.8046545746933407,0.9303190340030885
15,1575896400,295,1532,1237,1827,49,1.0482669430094107,0.7205828790097014
15,1575910800,903,701,-202,1604,49,-0.5860300569803423,0.47180009941648177
15,1575925200,1674,517,-1157,2191,49,-1.6706399492598516,1.1266677748479614
15,1575939600,249,94,-155,343,50,-0.6109266642468668,-1.0278015752043261
15,1575954000,12,76,64,88,50,-0.3652418331108629,-1.3160230579870644
15,1575968400,52,1928,1876,1980,50,1.6675477286171694,0.8224673162283888
15,1575982800,347,2112,1765,2459,50,1.5430225402331674,1.3638715917300812
15,1575997200,965,839,-126,1804,50,-0.5783930564708663,0.6235379790920675
15,1576011600,1616,527,-1089,2143,50,-1.6587332043428833,1.0067030091444136
15,1576026000,344,111,-233,455,50,-0.6984308506788682,-0.9012101788448491
15,1576040400,11,82,71,93,50,-0.3573888933028628,-1.3103716563638734
15,1576054800,53,2037,1984,2090,50,1.7887073713691712,0.9467981519385895
15,1576069200,385,2144,1759,2529,50,1.5362914489691673,1.4429912144547543
15,1576083600,1155,774,-381,1929,50,-0.8644644351908708,0.7648230196718411
15,1576098000,1578,624,-954,2202,50,-1.5072836509028809,1.0733895482980667
15,1576112400,328,100,-228,428,50,-0.692821607958868,-0.9317277476100801
15,1576126800,20,62,42,82,50,-0.3899225010788633,-1.3228047399348934
15,1576141200,49,1923,1874,1972,50,1.6653040315291694,0.8134250736312832
15,1576155600,350,2249,1899,2599,50,1.6933502451291698,1.5221108371794276
15,1576170000,961,956,-5,1917,50,-0.44264938264686415,0.7512596557761828
15,1576184400,1452,781,-671,2233,50,-1.1898005129508757,1.1084282383618504
15,1576198800,366,180,-186,546,50,-0.6457039691108674,-0.7983546693027739
15,1576213200,20,86,66,106,50,-0.36299813602286285,-1.295678012143577
15,1576227600,39,1797,1758,1836,50,1.5351696004251674,0.6597069494804896
15,1576242000,336,2043,1707,2379,50,1.4779553246811663,1.2734491657590261
15,1576256400,1080,878,-202,1958,50,-0.6636535458148677,0.7976011490863486
15,1576270800,1220,788,-432,2008,50,-0.9216787109348717,0.854115165318258
15,1576285200,320,158,-162,478,50,-0.6187796040548669,-0.8752137313781707
15,1576299600,17,18,1,35,50,-0.43591829138286403,-1.3759279151928883
15,1576314000,19,472,453,491,50,0.071157250505144,-0.8605200871578743
15,1576328400,148,1414,1266,1562,50,0.9832201167771585,0.35001014052962587
15,1576342800,398,717,319,1115,50,-0.07917045439085837,-0.1552251645836445
15,1576357200,423,585,162,1008,50,-0.2553006757988612,-0.2761651593199307
15,1576371600,210,187,-23,397,50,-0.46284265643886446,-0.966766437673864
15,1576386000,24,20,-4,44,50,-0.4415275341028641,-1.3657553922711447
15,1576400400,16,203,187,219,50,-0.22725446219886072,-1.1679563354594615
15,1576414800,144,614,470,758,50,0.0902286757531443,-0.5587352404794779
15,1576429200,335,730,395,1065,50,0.006090034953142972,-0.21173918081555393
15,1576443600,388,464,76,852,50,-0.3517796505828627,-0.45248888996348813
15,1576458000,128,86,-42,214,50,-0.48415777877486477,-1.1736077370826525
15,1576472400,10,54,44,64,50,-0.38767880399086324,-1.343149785778381
15,1576486800,49,2036,1987,2085,50,1.7920729170011713,0.9411467503153985
15,1576501200,307,2068,1761,2375,50,1.5385351460571675,1.2689280444604734
15,1576515600,913,815,-98,1728,50,-0.5469812972388658,0.5376366744195652
15,1576530000,1281,648,-633,1929,50,-1.1471702682788754,0.7648230196718411
15,1576544400,1610,353,-1257,1963,51,-1.9119681123219525,0.7125053749147647
15,1576558800,11,50,39,61,51,-0.44884937449544243,-1.2813687300869099
15,1576573200,59,1898,1839,1957,51,1.5832599835969325,0.7062155512396806
15,1576587600,385,2778,2393,3163,51,2.20869808603203,1.9704701099315942
15,1576602000,967,1971,1004,2938,51,0.6405870313707476,1.7346017221159387
15,1576616400,1597,1007,-590,2604,51,-1.158958700184389,1.3844682042029213
15,1576630800,272,129,-143,401,51,-0.6543182095914493,-0.9249453884988083
15,1576645200,11,59,48,70,51,-0.4386888277049805,-1.2719339945742838
15,1576659600,52,1838,1786,1890,51,1.523425652497546,0.6359791868679077
15,1576674000,340,2183,1843,2523,51,1.5877757821704712,1.2995555845892852
15,1576688400,978,787,-191,1765,51,-0.7085077924739126,0.5049411936369879
15,1576702800,1464,652,-812,2116,51,-1.4095855210157822,0.8728958786294105
15,1576717200,308,95,-213,403,51,-0.7333446846283749,-0.9228487806071135
15,1576731600,11,66,55,77,51,-0.43078618020128795,-1.2645958669533521
15,1576746000,41,2179,2138,2220,51,1.9208159269689438,0.9819194889975358
15,1576760400,350,2951,2601,3301,51,2.443519611856038,2.11513605445853
15,1576774800,959,960,1,1919,51,-0.49174946094405925,0.666380001297481
15,1576789200,1407,701,-706,2108,51,-1.289916858817009,0.8645094470626317
15,1576803600,326,102,-224,428,51,-0.7457631307056061,-0.8966411819609296
15,1576818000,12,53,41,65,51,-0.4465914752086731,-1.2771755143035206
15,1576832400,48,1667,1619,1715,51,1.334891062052309,0.45252599634462004
15,1576846800,327,1926,1599,2253,51,1.312312069184616,1.0165135192104986
15,1576861200,1048,1020,-28,2068,51,-0.5244890006022142,0.8225772892287374
15,1576875600,998,841,-157,1839,51,-0.6701235045988344,0.5825156856296924
15,1576890000,295,172,-123,467,51,-0.6317392167237562,-0.8557573280728826
15,1576904400,10,24,14,34,51,-0.4770731155800587,-1.3096729366247886
15,1576918800,17,295,278,312,51,-0.17903040972651038,-1.0182444396792232
15,1576933200,106,712,606,818,51,0.19126507330365575,-0.48780264308046
15,1576947600,323,747,424,1070,51,-0.014203761792351076,-0.22363004872692582
15,1576962000,411,654,243,1065,51,-0.21854364724497324,-0.22887156845616263
15,1576976400,252,155,-97,407,51,-0.6023865259957552,-0.9186555648237241
15,1576990800,12,19,7,31,51,-0.4849757630837513,-1.3128178484623307
15,1577005200,14,170,156,184,51,-0.31676226621943804,-1.152427344747685
15,1577019600,119,663,544,782,51,0.12127019541380726,-0.5255415851309649
15,1577034000,348,829,481,1177,51,0.05014636788057413,-0.11146152652125854
15,1577048400,442,504,62,946,51,-0.4228835326975954,-0.3536197380119982
15,1577062800,135,117,-18,252,51,-0.5131995041683676,-1.0811426764300647
15,1577077200,10,49,39,59,51,-0.44884937449544243,-1.2834653379786047
15,1577090853,35,934,899,969,51,0.522047318815359,-0.329508747257509
15,1577091600,38,1149,1111,1187,51,0.7613846432129054,-0.10097848706278496
15,1577106000,258,1686,1428,1944,51,1.1192616801658404,0.692587599943665
15,1577120400,835,1072,237,1907,51,-0.22531734510528115,0.6538003539473127
15,1577134800,964,761,-203,1725,51,-0.7220551881945284,0.4630090358030936
15,1577149200,258,181,-77,439,52,-0.9346656512379244,-0.7831721884291585
15,1577163600,14,54,40,68,52,-0.6941909262355338,-1.3431918772962663
15,1577178000,29,1169,1140,1198,52,1.5666825566929257,0.362528468848833
15,1577192400,307,1252,945,1559,52,1.1658913483556077,0.9074532873960727
15,1577206800,737,847,110,1584,52,-0.5503171591400864,0.945190463195743
15,1577221200,507,669,162,1176,52,-0.4434395035834683,0.3293197541451231
15,1577235600,202,198,-4,400,52,-0.7846258655526721,-0.8420421826766442
15,1577250000,41,31,-10,72,52,-0.796957902732282,-1.337153929168319
15,1577264400,21,98,77,119,52,-0.6181433636279402,-1.2662080386649388
15,1577278800,97,440,343,537,52,-0.07142304866523996,-0.6352424592944507
15,1577293200,272,620,348,892,52,-0.061146351015565155,-0.09937456293913194
15,1577307600,378,756,378,1134,52,0.0005138348824837407,0.2659212988016769
15,1577322000,156,127,-29,283,52,-0.8360093538010462,-1.0186521654191014
15,1577336400,6,48,42,54,52,-0.6900802471756639,-1.3643246957440816
15,1577350800,27,1215,1188,1242,52,1.6653388541298038,0.4289458982562528
15,1577365200,217,1436,1219,1653,52,1.7290543795577877,1.0493450684028331
15,1577379600,655,1065,410,1720,52,0.06628469984040256,1.1504806995459496
15,1577394000,823,577,-246,1400,52,-1.2820180317969332,0.6674448493101693
15,1577408400,263,138,-125,401,52,-1.0333219486748026,-0.8405326956446574
15,1577422800,10,50,40,60,52,-0.6941909262355338,-1.3552677735521608
15,1577437200,33,1216,1183,1249,52,1.655062156480129,0.43951230748016046
15,1577451600,251,1518,1267,1769,52,1.8277106769946658,1.2244455641133034
15,1577466000,723,1288,565,2011,52,0.38486232698032186,1.589741425854112
15,1577480400,934,1034,100,1968,52,-0.570870554439436,1.5248334834786794
