remote_unit_id,time_stamp,entries,exits,num_people_exited,sum_exit_entry,week_num,z_score_num_people_exited,z_score_sum_exit_entry
170,1546300800,0,0,0,0,1,-0.08867688619902445,-1.335996887051808
170,1546315200,375,190,-185,565,1,-0.4908574048496741,-0.9041787196500083
170,1546329600,135,161,26,296,1,-0.032154218712987195,-1.1097700241298032
170,1546344000,266,311,45,577,1,0.009150807526809256,-0.8950073603423594
170,1546358400,667,1019,352,1686,1,0.6765530736119415,-0.047420904327145554
170,1546372800,935,813,-122,1748,1,-0.35389863363350693,-3.554790429320448e-05
170,1546387200,546,250,-296,796,1,-0.732165716040064,-0.7276300529777681
170,1546401600,104,68,-36,172,1,-0.1669390411796914,-1.204540736975508
170,1546416000,340,888,548,1228,1,1.1026470285066838,-0.39746111790240973
170,1546430400,908,1803,895,2711,1,1.8570072445703347,0.7359660365345264
170,1546444800,1324,1416,92,2740,1,0.11132639875156891,0.7581301548613444
170,1546459200,2562,1700,-862,4262,1,-1.9626207082361058,1.9213642270481393
170,1546473600,957,375,-582,1332,1,-1.3539150583864739,-0.3179760039027864
170,1546488000,143,86,-57,229,1,-0.2125919649184138,-1.160976780264176
170,1546502400,397,941,544,1338,1,1.093951233508832,-0.31339032424896196
170,1546516800,1034,1977,943,3011,1,1.9613567845445574,0.9652500192257475
170,1546531200,1518,1413,-105,2931,1,-0.31694150489263645,0.9041076238414218
170,1546545600,2550,2029,-521,4579,1,-1.2213041846692325,2.1636409687585294
170,1546560000,1076,411,-665,1487,1,-1.5343528045919004,-0.19951261284565552
170,1546574400,175,72,-103,247,1,-0.3125936073937105,-1.1472197413027025
170,1546588800,372,858,486,1230,1,0.9678622060399796,-0.3959325580178016
170,1546601585,366,971,605,1337,1,1.226562107226073,-0.31415460419126606
170,1546603200,1115,2017,902,3132,1,1.8722248858165755,1.05772789224454
170,1546617600,1453,1619,166,3072,1,0.2721986062118288,1.0118710957062957
170,1546632000,2559,2179,-380,4738,1,-0.9147774109949536,2.2851614795848767
170,1546646400,1134,575,-559,1709,1,-1.3039142371488255,-0.029842465654151943
170,1546660800,318,106,-212,424,1,-0.5495540210851744,-1.011942191514882
170,1546675200,122,285,163,407,1,0.26567675996343987,-1.0249349505340513
170,1546689600,427,766,339,1193,1,0.6482917398689229,-0.42421091588305215
170,1546704000,1234,1475,241,2709,1,0.43524476242155163,0.7344374766499182
170,1546718400,1376,1323,-53,2699,1,-0.20389616992056192,0.7267946772268775
170,1546732800,863,475,-388,1338,1,-0.9321690009906572,-0.31339032424896196
170,1546747200,345,102,-243,447,1,-0.6169464323185264,-0.9943637528418885
170,1546761600,125,211,86,336,1,0.09828270625479107,-1.0791988264376404
170,1546776000,339,569,230,908,1,0.41133132617745893,-0.6420306994397121
170,1546790400,1093,1432,339,2525,1,0.6482917398689229,0.5938099672659694
170,1546804800,1180,1098,-82,2278,1,-0.2669406836549881,0.405032821516864
170,1546819200,634,278,-356,912,1,-0.8626026410078422,-0.6389735796704958
170,1546833600,129,68,-61,197,1,-0.22128775991626567,-1.1854337384179061
170,1546848000,424,885,461,1309,1,0.9135134873034053,-0.33555444257578004
170,1546862400,1074,2132,1058,3206,1,2.211360890732799,1.1142846079750413
170,1546876800,1337,1326,-11,2663,1,-0.11259032244311713,0.699280599303931
170,1546891200,2675,1787,-888,4462,1,-2.019143375722143,2.0742202155089533
170,1546905600,1055,398,-657,1453,2,-1.2325451876683964,-0.4697564070064011
170,1546920000,167,61,-106,228,2,-0.2357058526218447,-1.3479892246110279
170,1546934400,440,915,475,1355,2,0.8154078563836843,-0.5400150324147712
170,1546948800,1241,2198,957,3439,2,1.687416131324588,0.9540561446366919
170,1546963200,1422,1342,-80,2764,2,-0.18866806185739762,0.47013193901781586
170,1546977600,2549,2018,-531,4567,2,-1.0045928170406913,1.7627472615820134
170,1546992000,1054,428,-626,1482,2,-1.1764616679107864,-0.44896558928351604
170,1547006400,160,80,-80,240,2,-0.18866806185739762,-1.3393861276222478
170,1547020800,445,967,522,1412,2,0.9004377089194155,-0.49915032171806617
170,1547035200,1181,2218,1037,3399,2,1.832147795215194,0.9253791546740918
170,1547049600,1470,1526,56,2996,2,0.05737576675663326,0.6364584808008962
170,1547064000,2714,1970,-744,4684,2,-1.3899408721494309,1.8466274572226187
170,1547078400,1246,428,-818,1674,2,-1.5238176612482417,-0.31131603746303577
170,1547092800,179,70,-109,249,2,-0.24113329001774245,-1.332933804880663
170,1547107200,439,904,465,1343,2,0.7973163983973585,-0.5486181294035513
170,1547121600,1168,2239,1071,3407,2,1.893658752368702,0.9311145526666118
170,1547136000,1535,1363,-172,2898,2,-0.355109475331595,0.566199855392526
170,1547150400,2764,2039,-725,4803,2,-1.3555671019754119,1.931941502361354
170,1547164800,1178,456,-722,1634,2,-1.350139664579514,-0.3399930274256358
170,1547179200,164,88,-76,252,2,-0.1814314786628673,-1.3307830306334678
170,1547193600,396,886,490,1282,2,0.842545043363173,-0.5923505390965164
170,1547208000,1128,2162,1034,3290,2,1.8267203578192965,0.8472343570260066
170,1547222400,1517,1435,-82,2952,2,-0.19228635345466277,0.6049137918420361
170,1547236800,2591,2199,-392,4790,2,-0.7531215510307626,1.922621480623509
170,1547251200,1185,472,-713,1657,2,-1.333857352391821,-0.3235037581971408
170,1547265600,310,122,-188,432,2,-0.3840558081097163,-1.2017365758017675
170,1547280000,135,286,151,421,2,0.22924461762672838,-1.2096227480414827
170,1547294400,460,907,447,1367,2,0.764751774021972,-0.5314119354259912
170,1547308800,1291,1676,385,2967,2,0.6525847345067521,0.6156676630780111
170,1547323200,1505,1530,25,3035,2,0.0012922469990232733,0.6644185460144313
170,1547337600,838,482,-356,1320,2,-0.6879923022799898,-0.5651073986320463
170,1547352000,339,122,-217,461,2,-0.4365210362700611,-1.1809457580788825
170,1547366400,123,193,70,316,2,0.08270380793748938,-1.2848998466933077
170,1547380800,376,604,228,980,2,0.368548844121437,-0.8088618133141467
170,1547395200,1049,1329,280,2378,2,0.4626244256503312,0.19339898587872528
170,1547409600,1173,665,-508,1838,2,-0.962982463672142,-0.19374037861637552
170,1547424000,1032,1550,518,2582,2,0.8932011257248853,0.3396516346879856
170,1547438400,116,71,-45,187,2,-0.12534795890525732,-1.377383139322693
170,1547452800,414,975,561,1389,2,0.9709943950660861,-0.5156395909465612
170,1547467200,1145,2304,1159,3449,2,2.052863582648369,0.9612253921273418
170,1547481600,1447,1289,-158,2736,2,-0.32978143415073885,0.4500580460439958
170,1547496000,2622,1816,-806,4438,2,-1.5021079116646507,1.6702639689526284
170,1547510400,1075,450,-625,1525,3,-1.3620308290586995,-0.10348129475828433
170,1547524800,160,67,-93,227,3,-0.2289032471380326,-1.052114518917465
170,1547539200,475,965,490,1440,3,1.0128512270344279,-0.16560288493819986
170,1547541531,74,204,130,278,3,0.2460731640805929,-1.0148415648095157
170,1547553600,1165,2236,1071,3401,3,2.250345823079367,1.267578742624322
170,1547568000,1397,1250,-147,2647,3,-0.3439199565811078,0.7165236956166007
170,1547582400,2693,1952,-741,4645,3,-1.6091037604549354,2.176746485963321
170,1547596800,1249,425,-824,1674,3,-1.7858887027470696,0.005414198615920541
170,1547611200,164,67,-97,231,3,-0.23742300339307518,-1.049191149967822
170,1547625600,447,944,497,1391,3,1.0277608004807524,-0.20141415457132764
170,1547627108,40,97,57,137,3,0.09058761242606529,-1.1178903202844344
170,1547640000,1250,2275,1025,3525,3,2.1523686261463766,1.3582031800632575
170,1547646137,280,262,-18,542,3,-0.06915781735598363,-0.8218992141330722
170,1547654400,1422,1444,22,2866,3,0.016039745194442463,0.8765781456095595
170,1547668800,2660,2086,-574,4746,3,-1.2534039368069063,2.250561551941809
170,1547683200,1194,457,-737,1651,3,-1.6005840041998927,-0.01139517284452719
170,1547697600,197,65,-132,262,3,-0.311970870624698,-1.026535040608088
170,1547712000,399,838,439,1237,3,0.9042243347826345,-0.31396385913258634
170,1547712694,37,83,46,120,3,0.06715828272469812,-1.1303146383204175
170,1547726400,1231,2203,972,3434,3,2.0394818557670624,1.2916965364588775
170,1547740800,1484,1336,-148,2820,3,-0.34604989564486843,0.842959402688664
170,1547755200,2724,2079,-645,4803,3,-1.4046296103339126,2.2922195594742227
170,1547769600,1189,440,-749,1629,3,-1.6261432729650205,-0.02747370206756415
170,1547784000,192,77,-115,269,3,-0.27576190654076693,-1.0214191449462127
170,1547796543,60,159,99,219,3,0.18004505310401267,-1.0579612568167511
170,1547796642,101,206,105,307,3,0.1928246874865766,-0.9936471399246033
170,1547797490,21,46,25,67,3,0.02242956238572442,-1.1690492769031884
170,1547798400,431,1012,581,1443,3,1.206675681836647,-0.16341035822596756
170,1547812800,1080,2141,1061,3221,3,2.2290464324417605,1.1360271398903832
170,1547827200,1493,1526,33,3019,3,0.03946907489580964,0.9883970079334075
170,1547841600,2286,2111,-175,4397,3,-0.4035582503664061,1.9954976110854499
170,1547856000,1078,557,-521,1635,3,-1.1405171664275917,-0.023088648643099525
170,1547870400,306,145,-161,451,3,-0.37373910347375694,-0.8884058577374523
170,1547884800,146,296,150,442,3,0.288671945355806,-0.8949834378741492
170,1547899200,441,894,453,1335,3,0.9340434816752836,-0.2423413198663308
170,1547913600,1288,1776,488,3064,3,1.0085913489069065,1.0212849086168923
170,1547928000,1449,1324,-125,2773,3,-0.29706129717837343,0.8086098175303578
170,1547942400,733,368,-365,1101,3,-0.8082466724809301,-0.4133584034204512
170,1547956800,212,101,-111,313,3,-0.26724215028572434,-0.9892620865001387
170,1547971200,94,198,104,292,3,0.19069474842281595,-1.0046097734857649
170,1547985600,300,532,232,832,3,0.46332694858417944,-0.6099549652839485
170,1548000000,890,1186,296,2076,3,0.5996430486648612,0.2992127780550505
170,1548014400,1159,921,-238,2080,3,-0.5377444113833272,0.30213614700469354
170,1548028800,628,261,-367,889,3,-0.8125065506084513,-0.5682969577515347
170,1548043200,150,64,-86,214,3,-0.21399367369170802,-1.061615468003805
170,1548057600,141,413,272,554,3,0.5485245111346055,-0.8131291072841429
170,1548072000,456,941,485,1397,3,1.0022015317156245,-0.197029101146863
170,1548086400,980,895,-85,1875,3,-0.21186373462794736,0.1523134883354855
170,1548100800,1356,811,-545,2167,3,-1.1916357039578473,0.3657194216594306
170,1548115200,554,224,-330,778,4,-0.7069253371211945,-0.9269182004293118
170,1548129600,98,49,-49,147,4,-0.21342404594029202,-1.374910069484599
170,1548144000,403,983,580,1386,4,0.8912461040696286,-0.4952556704996531
170,1548158400,1030,2275,1245,3305,4,2.059140618785999,0.8671791895908324
170,1548172800,1338,1328,-10,2666,4,-0.14493098417497102,0.41350755040489173
170,1548187200,2519,1883,-636,4402,4,-1.2443324371260207,1.6460176687566805
170,1548201600,1153,444,-709,1597,4,-1.372537398891878,-0.3454517333036695
170,1548216000,150,54,-96,204,4,-0.29596696652926857,-1.3344417073036936
170,1548230400,475,992,517,1467,4,0.7806034658333408,-0.4377479979267873
170,1548244800,1263,2459,1196,3722,4,1.9730852334911086,1.1632372076511412
170,1548259200,1422,1507,85,2929,4,0.021911089355939082,0.6002299934501224
170,1548273600,2641,2208,-433,4849,4,-0.8878172694757602,1.9633748248069396
170,1548288000,1337,476,-861,1813,4,-1.6394847165413342,-0.19209793977602757
170,1548302400,194,75,-119,269,4,-0.3363603106472784,-1.2882935749921347
170,1548316800,420,944,524,1364,4,0.7928970923040395,-0.5108750383589499
170,1548331200,1196,2331,1135,3527,4,1.8659550599607349,1.0247928107164643
170,1548345600,1221,1337,116,2558,4,0.07635429229760449,0.3368306536410708
170,1548360000,2631,2016,-615,4647,4,-1.2074515577139249,1.819960629007941
170,1548374400,1553,456,-1097,2009,4,-2.053955551839174,-0.052943571575019145
170,1548388800,192,59,-133,251,4,-0.3609475635886757,-1.301073057786105
170,1548403200,405,923,518,1328,4,0.7823596981862978,-0.5364340039468902
170,1548417600,1083,2153,1070,3236,4,1.7517999570185334,0.8181911722139469
170,1548432000,1532,1674,142,3206,4,0.12201633347448514,0.7968920342239966
170,1548446400,2487,2251,-236,4738,4,-0.5418394959432413,1.8845680142441237
170,1548460800,1138,601,-537,1739,4,-1.0704654341832829,-0.24463581348457156
170,1548475200,311,110,-201,421,4,-0.4803713635897482,-1.18037794250972
170,1548489600,140,266,126,406,4,0.09391661582717396,-1.191027511504695
170,1548504000,430,903,473,1333,4,0.7033292423032351,-0.5328841476152318
170,1548518400,1187,1930,743,3117,4,1.1775119776016112,0.7337045915204774
170,1548532800,1492,1533,41,3025,4,-0.055363134174166655,0.6683872350179633
170,1548547200,907,568,-339,1475,4,-0.7227314282978071,-0.4320682277961339
170,1548561600,371,104,-267,475,4,-0.5962826988849068,-1.1420394941278096
170,1548576000,125,208,83,333,4,0.018398624650025185,-1.2428554139469075
170,1548590400,407,685,278,1092,4,0.36086393347663015,-0.7039872228011657
170,1548604800,1055,1442,387,2497,4,0.5522932599489375,0.29352240639483856
170,1548619200,1194,1101,-93,2295,4,-0.29069826947039773,0.1501082105958401
170,1548633600,657,260,-397,917,4,-0.8245929047693101,-0.8282321944092089
170,1548648000,119,53,-66,172,4,-0.24327999594056013,-1.3571607878263072
170,1548662400,426,909,483,1335,4,0.7208915658328046,-0.5314642050825685
170,1548676800,1155,2236,1081,3391,4,1.7711185129010598,0.9282367184953566
170,1548691200,1248,1386,138,2634,4,0.11499140406265734,0.3907884698822781
170,1548705600,2573,1882,-691,4455,4,-1.340925216538653,1.6836461458722594
170,1548720000,1173,426,-747,1599,5,-1.5237097850749315,-0.2361144947448742
170,1548734400,141,103,-38,244,5,-0.2333626311336241,-1.2730785031180663
170,1548748800,463,1033,570,1496,5,0.8731692018654096,-0.3149390651230578
170,1548763200,1242,2256,1014,3498,5,1.6812286325423358,1.2171656911596953
170,1548777600,1449,1396,-53,2845,5,-0.2606619362240608,0.7174332207038323
170,1548792000,2592,1910,-682,4502,5,-1.4054127963497058,1.9855139305742227
170,1548806400,1218,469,-749,1687,5,-1.527349692420323,-0.16876923073244549
170,1548820800,183,110,-73,293,5,-0.2970610096779764,-1.2355794356566003
170,1548835200,421,996,575,1417,5,0.8822689702288885,-0.37539674531603356
170,1548849600,1122,2579,1457,3701,5,2.487468109546566,1.3725189706429115
170,1548864000,1630,1450,-180,3080,5,-0.49179605265642473,0.897275687100659
170,1548878400,2629,1699,-930,4328,5,-1.856761307178259,1.8523539767314658
170,1548892800,1122,383,-739,1505,5,-1.5091501556933653,-0.3080514813036049
170,1548907200,142,74,-68,216,5,-0.28796124131449746,-1.2945065416674755
170,1548921600,413,895,482,1308,5,0.7130132786681811,-0.45881303824051917
170,1548936000,1011,2228,1217,3239,5,2.050679228099579,1.0189563345776609
170,1548950400,1338,1144,-194,2482,5,-0.5172754040741656,0.43963400665256386
170,1548964800,2331,1690,-641,4021,5,-1.3307946957691787,1.6174108397790157
170,1548979200,1160,460,-700,1620,5,-1.4381719624582299,-0.22004346583281736
170,1548993600,156,93,-63,249,5,-0.2788614729510186,-1.2692520676628147
170,1549008000,396,880,484,1276,5,0.7166531860135726,-0.48330222515412957
170,1549011189,183,410,227,593,5,0.2489250921307574,-1.0059933083415025
170,1549013412,164,345,181,509,5,0.16520722318675155,-1.07027742398973
170,1549016847,178,387,209,565,5,0.21616592602223336,-1.0274213468909115
170,1549017000,658,1131,473,1789,5,0.6966336956139191,-0.09070994744531222
170,1549017088,393,1103,710,1496,5,1.1279627160428187,-0.3149390651230578
170,1549022400,1110,2299,1189,3409,5,1.999720525264097,1.1490551400562163
170,1549028417,499,423,-76,922,5,-0.3025208706960637,-0.7542138553859451
170,1549028508,307,228,-79,535,5,-0.307980731714151,-1.0503799596224213
170,1549036800,1191,1505,314,2696,5,0.4072610616552902,0.6034054441373337
170,1549051200,2342,2170,-172,4512,5,-0.4772364232748585,1.993166801484726
170,1549065600,1138,486,-652,1624,5,-1.3508141861688323,-0.21698231746861604
170,1549080000,315,122,-193,437,5,-0.5154554504014699,-1.1253780945453533
170,1549094400,134,358,224,492,5,0.24346523111267004,-1.0832873045375853
170,1549108800,523,915,392,1438,5,0.549217448125561,-0.35932571640397676
170,1549123200,1176,1670,494,2846,5,0.7348527227405304,0.7181985077948826
170,1549137600,1309,1461,152,2770,5,0.11242856667857394,0.6600366888750578
170,1549152000,1053,540,-513,1593,5,-1.097840625664119,-0.24070621729117617
170,1549166400,352,149,-203,501,5,-0.5336549871284276,-1.0763997207181324
170,1549180800,117,252,135,369,5,0.0814893542427457,-1.1774176167367756
170,1549195200,463,697,234,1160,5,0.26166476783962783,-0.5720755277159675
170,1549209600,959,1501,542,2460,5,0.8222104990299278,0.4227976906494567
170,1549224000,1207,1231,24,2438,5,-0.1205255034264858,0.4059613746463495
170,1549238400,837,437,-400,1274,5,-0.8921858606494961,-0.48483279933623025
170,1549252800,145,120,-25,265,5,-0.20970323338857896,-1.2570074742060093
170,1549267200,430,895,465,1325,5,0.6820740662323528,-0.4458031576926636
170,1549281600,1148,2130,982,3278,5,1.6229901150160708,1.0488025311286235
170,1549296000,1360,1490,130,2850,5,0.0723895858792668,0.7212596561590839
170,1549310400,2501,2216,-285,4717,5,-0.6828911882894816,2.150050655150043
170,1549324800,1160,445,-715,1605,6,-1.3911920411869088,-0.37597347290888994
170,1549339200,422,289,-133,711,6,-0.34288560902134974,-1.0052515143668126
170,1549353203,365,862,497,1227,6,0.7918790855908534,-0.6420440541964679
170,1549353600,358,599,241,957,6,0.3307683525420852,-0.8320944694018808
170,1549368000,1212,2432,1220,3644,6,2.0941566636934295,1.0592591071053208
170,1549382400,1330,2056,726,3386,6,1.2043570460133843,0.8776553770201484
170,1549396800,2641,2832,191,5473,6,0.24070766249349762,2.346674697515321
170,1549411200,1236,521,-715,1757,6,-1.3911920411869088,-0.2689821280525094
170,1549425600,1132,155,-977,1287,6,-1.8631100570415073,-0.5998106285952651
170,1549440000,445,1019,574,1464,6,0.9305725482656783,-0.4752220230717167
170,1549454400,1275,2293,1018,3568,6,1.7303114758971356,1.0057634346771305
170,1549468800,1589,1532,-57,3121,6,-0.20599336014749664,0.691124413948169
170,1549483200,2800,2047,-753,4847,6,-1.4596381656238353,1.906039290409438
170,1549497600,1254,442,-812,1696,6,-1.5659097798811688,-0.31191944408039896
170,1549512000,192,94,-98,286,6,-0.2798431259873384,-1.3044049457086662
170,1549526400,412,975,563,1387,6,0.910759196454989,-0.5294215859265937
170,1549540800,1214,2256,1042,3470,6,1.7735406071204578,0.9367821728618324
170,1549555200,1571,1526,-45,3097,6,-0.1843787945358356,0.6742310437076879
170,1549569600,2474,2217,-257,4691,6,-0.5662361203418469,1.7962323838463106
170,1549584000,1269,528,-741,1797,6,-1.4380236000121744,-0.2408265109850408
170,1549598400,203,104,-99,307,6,-0.28164433978831016,-1.2896232467482451
170,1549612800,419,941,522,1360,6,0.8369094306151472,-0.548426627447135
170,1549627200,1204,2251,1047,3455,6,1.7825466761253166,0.9262238164615316
170,1549641600,1630,1627,-3,3257,6,-0.10872781489502206,0.7868535119775623
170,1549656000,2582,2353,-229,4935,6,-0.5158021339146378,1.967981647957869
170,1549670400,1199,571,-628,1770,6,-1.2344864405023666,-0.2598315525055821
170,1549684800,360,135,-225,495,6,-0.5085972787107508,-1.1572918465311428
170,1549699200,154,306,152,460,6,0.17046032425559932,-1.181928011465178
170,1549713600,635,823,188,1458,6,0.23530402109058238,-0.479445365631837
170,1549728000,1108,1624,516,2732,6,0.8261021478093167,0.41731103796703717
170,1549742400,1254,1324,70,2578,6,0.022760792575915758,0.30891191225728315
170,1549756800,965,515,-450,1480,6,-0.9138703839293948,-0.4639597762447292
170,1549771200,367,115,-252,482,6,-0.5572300513369881,-1.1664424220780703
170,1549785600,135,197,62,332,6,0.00835108216814175,-1.2720259860810774
170,1549800000,461,643,182,1104,6,0.22449673828475186,-0.7286225766789338
170,1549814400,1037,1234,197,2271,6,0.2515149452993281,0.09281755126446184
170,1549828800,1065,997,-68,2062,6,-0.22580671195818589,-0.05429554791306147
170,1549843200,680,351,-329,1031,6,-0.695923514011813,-0.780006577827064
170,1549857600,125,80,-45,205,6,-0.1843787945358356,-1.36142007027029
170,1549871679,406,877,471,1283,6,0.7450475267655879,-0.6026261903020119
170,1549872000,362,562,200,924,6,0.2569185867022434,-0.8553228534825424
170,1549886400,1113,2268,1155,3381,6,1.977077766630266,0.8741359248867148
170,1549900800,1329,1337,8,2666,6,-0.0889144630843328,0.370854269805714
170,1549915200,2655,1968,-687,4623,6,-1.3407580547596998,1.748367834831614
170,1549929600,1117,408,-709,1525,7,-1.3467971272662258,-0.4338807464669481
170,1549944000,169,83,-86,252,7,-0.12164437966338669,-1.3580249577091539
170,1549958400,439,979,540,1418,7,1.1094079798861756,-0.5115582253380526
170,1549972800,1098,2192,1094,3290,7,2.1988696527143823,0.8474346760330467
170,1549987200,1440,1152,-288,2592,7,-0.5188849174094116,0.3407161690047202
170,1550001600,2584,1668,-916,4252,7,-1.7538703515901226,1.5458060281265282
170,1550016000,1138,377,-761,1515,7,-1.4490570676760937,-0.4411403239315373
170,1550030400,148,82,-66,230,7,-0.08231363335189908,-1.3739960281312502
170,1550044800,455,919,464,1374,7,0.9599511439025227,-0.5435003661822451
170,1550059200,1242,2321,1079,3563,7,2.1693715929807666,1.045621140816332
170,1550073600,1572,1625,53,3197,7,0.1517043072014522,0.7799206056123671
170,1550088000,2891,2305,-586,5196,7,-1.1049130374505771,2.2311101407837493
170,1550102400,1324,480,-844,1804,7,-1.6122796648687672,-0.23133853520490924
170,1550116800,201,67,-134,268,7,-0.21603817081095697,-1.3464096337658111
170,1550131200,417,992,575,1409,7,1.1782367859312788,-0.5180918450561829
170,1550145600,1276,2274,998,3550,7,2.0100820704192417,1.036183690112366
170,1550160000,1574,1590,16,3164,7,0.07894242652520013,0.7559639999792227
170,1550174400,2710,2438,-272,5148,7,-0.4874203203602215,2.196264168953721
170,1550188800,1218,498,-720,1716,7,-1.368429037737544,-0.29522281689329427
170,1550203200,258,83,-175,341,7,-0.29666620074950656,-1.29341471827431
170,1550217600,411,895,484,1306,7,0.9992818902140103,-0.5928654929414516
170,1550232000,1475,2063,588,3538,7,1.2038017710337456,1.027472197154859
170,1550246400,1702,1656,-46,3358,7,-0.04298288704041146,0.8967998027922534
170,1550260800,2534,2370,-164,4904,7,-0.2750342902781884,2.0191304788177447
170,1550275200,1463,601,-862,2064,7,-1.647677336549106,-0.0425895211255899
170,1550289600,611,145,-466,756,7,-0.8689285595816513,-0.992142253493858
170,1550304000,293,352,59,645,7,0.16350353109489849,-1.072723563350798
170,1550318400,869,930,61,1799,7,0.16743660572604724,-0.23496832393720385
170,1550332800,1316,1796,480,3112,7,0.9914157409517128,0.7182141971633589
170,1550347200,1524,1518,-6,3042,7,0.03567860558256376,0.6673971549112344
170,1550361600,1174,596,-578,1770,7,-1.089180738925982,-0.25602109858451255
170,1550376000,430,132,-298,562,7,-0.5385502905651554,-1.1329780563068885
170,1550390400,173,208,35,381,7,0.11630663552111335,-1.2643764084159532
170,1550404800,481,588,107,1069,7,0.25789732224246875,-0.7649174788522158
170,1550419200,1082,1356,274,2438,7,0.5863090539433904,0.2289186760500464
170,1550433600,1223,1265,42,2488,7,0.13007239673013402,0.26521656337299243
170,1550448000,964,361,-603,1325,7,-1.1383441718153415,-0.5790722957587322
170,1550462400,245,82,-163,327,7,-0.273067752962614,-1.3035781267247348
170,1550476800,207,530,323,737,7,0.682669382406535,-1.0059354506765774
170,1550491200,800,936,136,1736,7,0.3149269043941258,-0.28070366196411584
170,1550505600,1219,1593,374,2812,7,0.7829627855008284,0.5004268732256827
170,1550520000,1616,1563,-53,3179,7,-0.056748648249432126,0.7668533661761066
170,1550534400,946,431,-515,1377,8,-1.0722961496280445,-0.4773265502534474
170,1550548800,199,79,-120,278,8,-0.3409513625344144,-1.210855512171234
170,1550563200,356,929,573,1285,8,0.9421421500121318,-0.5387320684485669
170,1550563228,0,0,0,0,8,-0.11877066772115964,-1.396406969326052
170,1550563293,5,11,6,16,8,-0.1076616329804969,-1.385727748770379
170,1550577600,1225,2178,953,3403,8,1.6457143502541052,0.8749297526086416
170,1550592000,1284,1500,216,2784,8,0.2811545829426989,0.4617774073610438
170,1550606400,2556,2073,-483,4629,8,-1.01304796434451,1.6932250276870824
170,1550620800,1197,462,-735,1659,8,-1.479627423452345,-0.2891052879597114
170,1550635200,154,78,-76,232,8,-0.2594851077695543,-1.2415582712687938
170,1550649600,391,866,475,1257,8,0.7606945825813071,-0.5574207044209947
170,1550652440,356,351,-5,707,8,-0.12802819667171192,-0.9245189110222527
170,1550664000,1134,2181,1047,3315,8,1.819755894524488,0.8161940395524403
170,1550678400,1427,1367,-60,2794,8,-0.229861015127787,0.4684519202083394
170,1550692800,2516,1752,-764,4268,8,-1.5333210913655482,1.4522751138997112
170,1550707200,1139,465,-674,1604,8,-1.366685570255607,-0.32581510861983726
170,1550721600,148,81,-67,229,8,-0.2428215556585602,-1.2435606251229825
170,1550736000,387,915,528,1302,8,0.8588243894571612,-0.5273853966081644
170,1550750400,1116,2150,1034,3266,8,1.795686319253052,0.7834889266006918
170,1550764800,1412,1664,252,3076,8,0.3478087913866753,0.6566731825020754
170,1550779200,2458,2184,-274,4642,8,-0.6260832542114246,1.7019018943885666
170,1550793600,1277,548,-729,1825,8,-1.4685183887116822,-0.17830837469460445
170,1550808000,250,97,-153,347,8,-0.4020510536080594,-1.1648013735248943
170,1550822400,371,823,452,1194,8,0.7181099494087665,-0.5994701353589569
170,1550836800,1104,2097,993,3201,8,1.7197745818585233,0.7401045930932704
170,1550851200,1568,1630,62,3198,8,-0.003977308734311358,0.7381022392390817
170,1550865600,2402,2198,-204,4600,8,-0.4964778489036927,1.6738689404299252
170,1551484800,7204,6182,-1022,13386,9,-2.3348560612999276,3.8741818815205904
170,1551499200,375,126,-249,501,9,-0.6047896411845164,-0.6246765734680969
170,1551513600,153,358,205,511,9,0.41131663919374595,-0.6211850263551836
170,1551528000,535,904,369,1439,9,0.7783682470836909,-0.29716945427683655
170,1551542400,1056,1554,498,2610,9,1.067085670362977,0.1116907126453018
170,1551556800,1324,1356,32,2680,9,0.024121955261060073,0.13613154243569436
170,1551571200,1038,622,-416,1660,9,-0.9785556077553751,-0.22000626308145435
170,1551585600,398,161,-237,559,9,-0.577932206460862,-0.6044256002132001
170,1551600000,127,286,159,413,9,0.308363139419737,-0.6554021880617332
170,1551614400,378,750,372,1128,9,0.7850826057646045,-0.4057565694884378
170,1551628800,1065,1338,273,2403,9,0.5635087692944548,0.039415687407998085
170,1551643200,1151,907,-244,2058,9,-0.5935990433829937,-0.08104268798750809
170,1551657600,483,372,-111,855,9,-0.29592914186248953,-0.5010758056709688
170,1551672000,537,188,-349,725,9,-0.8286015972149707,-0.5464659181388407
170,1551686400,321,859,538,1180,9,1.1566104527751588,-0.387600524501289
170,1551700800,940,1881,941,2821,9,2.0585726355778893,0.1853623567277708
170,1551715200,1113,1208,95,2321,9,0.16512348756024625,0.010785001082109662
170,1551729600,2222,1750,-472,3972,9,-1.1038903031324294,0.5872394294240827
170,1551744000,943,445,-498,1388,10,-1.1753254904131774,-0.23938412663210276
170,1551758400,163,83,-80,246,10,-0.3014737296784212,-0.9796367015329686
170,1551772800,471,1051,580,1522,10,1.0782922083238256,-0.15252436740555633
170,1551787200,1226,2296,1070,3522,10,2.1026638895679177,1.1438899494085695
170,1551801600,1522,1457,-65,2979,10,-0.27011541290564284,0.7919134623935343
170,1551816000,2850,2123,-727,4973,10,-1.6540624598109266,2.0844385362572178
170,1551830400,1532,504,-1028,2036,10,-2.2833193497180115,0.18065411201567402
170,1551844800,171,88,-83,259,10,-0.3077453930329768,-0.9712100084736768
170,1551847220,6,8,2,14,10,-0.13004826465389957,-1.1300207622834073
170,1551847299,0,0,0,0,10,-0.1342293735569367,-1.1390956625011062
170,1551847301,0,0,0,0,10,-0.1342293735569367,-1.1390956625011062
170,1551847382,0,0,0,0,10,-0.1342293735569367,-1.1390956625011062
170,1551847466,0,1,1,1,10,-0.13213881910541814,-1.138447455342699
170,1551847544,0,0,0,0,10,-0.1342293735569367,-1.1390956625011062
170,1551847545,1,0,-1,1,10,-0.13631992800845524,-1.138447455342699
170,1551847547,0,0,0,0,10,-0.1342293735569367,-1.1390956625011062
170,1551847549,1,0,-1,1,10,-0.13631992800845524,-1.138447455342699
170,1551847630,1,0,-1,1,10,-0.13631992800845524,-1.138447455342699
170,1551847710,0,3,3,3,10,-0.12795771020238103,-1.137151041025885
170,1551859200,455,1003,548,1458,10,1.0113944658752316,-0.19400962554360834
170,1551873600,1152,2307,1155,3459,10,2.280361017946995,1.1030528984289245
170,1551888000,1481,1505,24,2986,10,-0.08405606672049136,0.7964509125023838
170,1551902400,2686,1996,-690,4682,10,-1.57671194510474,1.8958102531607626
170,1551916800,1229,505,-724,1734,10,-1.647790796456371,-0.015104449823258986
170,1551931200,153,89,-64,242,10,-0.26802485845412427,-0.9822295301665969
170,1551945600,456,935,479,1391,10,0.8671462087204515,-0.23743950515688156
170,1551960000,1209,2281,1072,3490,10,2.106844998470955,1.1231473203395435
170,1551974400,1475,1543,68,3018,10,0.007928329146325089,0.8171935415714098
170,1551988800,2571,2272,-299,4843,10,-0.7593051545609848,2.0001716056642995
170,1552003200,1290,580,-710,1870,10,-1.6185230341351111,0.07305172372010157
170,1552017600,251,153,-98,404,10,-0.33910370980575516,-0.8772199705046526
170,1552032000,404,990,586,1394,10,1.090835535032937,-0.23549488368166038
170,1552046400,1222,2133,911,3355,10,1.7702657317764676,1.03563935395459
170,1552060800,1575,1710,135,3285,10,0.14799547739806831,0.9902648528660956
170,1552075200,2462,2518,56,4980,10,-0.017158324271897576,2.088975986366067
170,1552089600,1201,681,-520,1882,10,-1.2213176883465855,0.08083020962098633
170,1552104000,395,171,-224,566,10,-0.6025135706970932,-0.7722104108427085
170,1552118400,176,405,229,581,10,0.34450759584081253,-0.7624873034666025
170,1552132800,607,1069,462,1676,10,0.831606783044636,-0.052700465010868634
170,1552147200,1262,1929,667,3191,10,1.26017044560594,0.9293333799758317
170,1552161600,1507,1951,444,3458,10,0.793976802917302,1.1024046912705174
170,1552176000,1134,770,-364,1904,10,-0.8951911939096909,0.0950907671059417
170,1552194000,403,212,-191,615,10,-0.5335252737969808,-0.7404482600807624
170,1552208400,146,359,213,505,10,0.3110587246165156,-0.8117510475055393
170,1552222800,463,745,282,1208,10,0.45530698177129597,-0.3560614151453741
170,1552237200,951,1329,378,2280,10,0.6560002091170772,0.33881665866699734
170,1552251600,1006,924,-82,1930,10,-0.30565483858145825,0.11194415322452535
170,1552266000,648,314,-334,962,10,-0.8324745603641343,-0.5155203761135115
170,1552280400,75,82,7,157,10,-0.1195954923963068,-1.0373271386311973
170,1552294800,867,1336,469,2203,10,0.8462406642052659,0.2889047074696535
170,1552309200,857,1748,891,2605,10,1.7284546427460965,0.5494839851492929
170,1552323600,1622,1701,79,3323,10,0.0309244281130292,1.014896724885564
170,1552338000,2589,1965,-624,4554,10,-1.4387353513045154,1.8128397368846585
170,1552352400,888,399,-489,1287,11,-1.2467156749833876,-0.6587853715872574
170,1552366800,98,81,-17,179,11,-0.20464072701902974,-1.510777591585162
170,1552381200,917,1312,395,2229,11,0.7049670665430794,0.06556180462034748
170,1552395600,1022,1823,801,2845,11,1.6013281446649636,0.5392325695289298
170,1552410000,1632,1675,43,3307,11,-0.07217357261678085,0.8944856432103666
170,1552424400,2567,2041,-526,4608,11,-1.3284037535314412,1.8948844502656679
170,1552438800,1019,378,-641,1397,11,-1.5822991328024183,-0.5742013064250104
170,1552453200,95,109,14,204,11,-0.13619936391120116,-1.491553940411924
170,1552467600,927,1368,441,2295,11,0.8065252182514702,0.11631224371769558
170,1552482000,1091,1961,870,3052,11,1.75366537222755,0.6984044012433398
170,1552496400,1716,1707,-9,3423,11,-0.18697843976539658,0.9836833846541905
170,1552510800,2574,2017,-557,4591,11,-1.3968451166392697,1.8818123674678662
170,1552525200,957,372,-585,1329,11,-1.458663122026986,-0.6264896376162177
170,1552539600,102,99,-3,201,11,-0.17373172432517167,-1.4938607785527125
170,1552554000,933,1406,473,2339,11,0.877174367266003,0.1501458697825943
170,1552568400,958,1800,842,2758,11,1.6918473668398337,0.47233426344606183
170,1552582800,1516,1668,152,3184,11,0.16847509121397133,0.799905279438036
170,1552597200,2303,2109,-194,4412,11,-0.5954188325056641,1.7441710250674827
170,1552611600,1026,389,-637,1415,11,-1.5734679891756016,-0.5603602775802792
170,1552626000,133,97,-36,230,11,-0.24658865924640858,-1.4715613431917567
170,1552640400,799,1311,512,2110,11,0.9632780176274647,-0.02594277496426502
170,1552654800,1122,1737,615,2859,11,1.190679966017992,0.5499978141859431
170,1552669200,1440,1857,417,3297,11,0.7535383564905707,0.8867961827410714
170,1552683600,2003,2212,209,4215,11,0.2943188878961078,1.592688653822368
170,1552698000,1044,459,-585,1503,11,-1.458663122026986,-0.4926930254504817
170,1552712400,247,111,-136,358,11,-0.46736724991682344,-1.3731362491847785
170,1552726800,234,568,334,802,11,0.5702921262341263,-1.031724204348073
170,1552741200,751,1381,630,2132,11,1.2237967546185544,-0.009025961931815651
170,1552755600,1378,2057,679,3435,11,1.3319782640470577,0.9929107372173447
170,1552770000,1326,1438,112,2764,11,0.0801636549458054,0.47694793972763894
170,1552784400,998,602,-396,1600,11,-1.041391585659902,-0.41810525889831857
170,1552798800,284,118,-166,402,11,-0.5336008271179479,-1.3393026231198797
170,1552813200,185,363,178,548,11,0.2258775247882792,-1.2270365002681702
170,1552827600,562,861,299,1423,11,0.4930196194994811,-0.554208709204843
170,1552842000,1095,1296,201,2391,11,0.2766566006424746,0.1901310642229292
170,1552856400,1011,897,-114,1908,11,-0.41879595996933217,-0.18126987644402742
170,1552870800,628,285,-343,913,11,-0.9243789326045821,-0.9463711931388966
170,1552885200,95,82,-13,177,11,-0.19580958339221316,-1.512315483679021
170,1552899600,871,1364,493,2235,11,0.9213300854000859,0.07017548090192458
170,1552914000,873,1658,785,2531,11,1.5660035701576973,0.29778351079306153
170,1552928400,1543,1434,-109,2977,11,-0.4077570304358114,0.6407334477236261
170,1552942800,2466,1706,-760,4172,11,-1.8450256557002118,1.5596239738043987
170,1552957200,712,289,-423,1001,12,-1.0852308349918856,-0.4971727764852275
170,1552971600,72,63,-9,135,12,-0.069744674328661,-1.11425912536213
170,1552986000,882,1341,459,2223,12,1.0781962029428105,0.3735887920223645
170,1553000400,938,1636,698,2574,12,1.6644309671904207,0.623701157444758
170,1553014800,1522,1471,-51,2993,12,-0.17276500946840845,0.9222683400999797
170,1553029200,2403,1874,-529,4277,12,-1.3452345379636292,1.8372093007904446
170,1553043600,833,371,-462,1204,12,-1.1808925747645083,-0.35252089562840166
170,1553058000,90,83,-7,173,12,-0.06483894408391112,-1.0871814333790788
170,1553072400,886,1351,465,2237,12,1.09291339367706,0.38356478380559383
170,1553086800,936,1654,718,2590,12,1.7134882696379194,0.6351022909113058
170,1553101200,1576,1621,45,3197,12,0.06271004227958571,1.067632791798465
170,1553115600,2325,1864,-461,4189,12,-1.1784397096421333,1.7745030667244315
170,1553130000,830,334,-496,1164,12,-1.2642899889252563,-0.3810237292947713
170,1553144400,95,72,-23,167,12,-0.10408478604191014,-1.0914568584290343
170,1553158800,858,1378,520,2236,12,1.2278209754076816,0.3828522129639346
170,1553173200,1042,1779,737,2821,12,1.7600927069630434,0.7997061553345903
170,1553187600,1646,1327,-319,2973,12,-0.830132862264892,0.908016923266795
170,1553202000,2470,1686,-784,4156,12,-1.9707151441692388,1.7509882289496765
170,1553216400,865,392,-473,1257,12,-1.2078740911106325,-0.3147546410204619
170,1553230800,102,87,-15,189,12,-0.08446186506291063,-1.075780299912531
170,1553245200,732,1219,487,1951,12,1.1468764263693088,0.17976952309105104
170,1553259600,1035,1722,687,2757,12,1.6374494508442965,0.754101621468399
170,1553274000,1674,1703,29,3377,12,0.023464200321586682,1.195895543297128
170,1553288400,2256,2144,-112,4400,12,-0.3223897819332797,1.9248555143145312
170,1553302800,1086,499,-587,1585,12,-1.4875007150613757,-0.08103140495623101
170,1553317200,261,224,-37,485,12,-0.1384248977551593,-0.8648593307813957
170,1553331600,211,465,254,676,12,0.5753588528559479,-0.7287583000244807
170,1553346000,627,1090,463,1717,12,1.0880076634323101,0.013027946142788745
170,1553360400,1247,1747,500,2994,12,1.178763672960183,0.922980910941639
170,1553374800,1233,1337,104,2570,12,0.2074290844997071,0.620850874078121
170,1553389200,813,452,-361,1265,12,-0.9331531974046394,-0.309054074287188
170,1553403600,223,82,-141,305,12,-0.39352287048215295,-0.9931220822800589
170,1553418000,168,320,152,488,12,0.32516661037370415,-0.8627216182564179
170,1553432400,517,871,354,1388,12,0.8206453650934419,-0.2214078607631014
170,1553446800,1171,1471,300,2642,12,0.6881906484851952,0.6721559746775863
170,1553461200,1144,910,-234,2054,12,-0.6216393268630223,0.2531643197819528
170,1553475600,633,269,-364,902,12,-0.9405117927717642,-0.5677172898094923
170,1553490000,72,71,-1,143,12,-0.050121753349661485,-1.108558558628856
170,1553504400,1134,1562,428,2696,12,1.0021573841491873,0.7106348001271853
170,1553518800,1146,2005,859,3151,12,2.0593422518927857,1.0348545330821397
170,1553525403,619,412,-207,1031,12,-0.555411968558899,-0.4757956512354503
170,1553525485,10,6,-4,16,12,-0.0574803487167863,-1.1990550555195796
170,1553525565,21,7,-14,28,12,-0.08200899994053569,-1.1905042054196686
170,1553525645,11,5,-6,16,12,-0.06238607896153618,-1.1990550555195796
170,1553525726,9,7,-2,16,12,-0.05257461847203642,-1.1990550555195796
170,1553525806,10,4,-6,14,12,-0.06238607896153618,-1.200480197202898
170,1553525886,9,13,4,22,12,-0.03785742773778679,-1.194779630469624
170,1553525967,5,7,2,12,12,-0.042763157982536666,-1.2019053388862164
170,1553533200,2445,1745,-700,4190,12,-1.764674473889744,1.7752156375660908
170,1553537329,369,794,425,1163,12,0.9947987887820625,-0.38173630013643056
170,1553537420,10,9,-1,19,12,-0.050121753349661485,-1.1969173429946018
170,1553537506,10,10,0,20,12,-0.04766888822728654,-1.1962047721529425
170,1553547600,2507,1676,-831,4183,12,-2.085999804920861,1.770227641674476
170,1553562000,828,364,-464,1192,13,-1.0394791520863882,-0.6552427118951076
170,1553576400,92,114,22,206,13,-0.007432435203886331,-1.3434577141115933
170,1553590800,1020,1700,680,2720,13,1.3898653831267438,0.41128114549514594
170,1553605200,1003,1757,754,2760,13,1.547008298866055,0.4392006182016971
170,1553619600,1624,1651,27,3275,13,0.0031853293730941417,0.7986638292985431
170,1553634000,2595,2075,-520,4670,13,-1.1583981153485696,1.772355439939514
170,1553648400,959,435,-524,1394,13,-1.1668923270101539,-0.5142493747270244
170,1553662800,75,91,16,166,13,-0.020173752696262898,-1.3713771868181444
170,1553677200,937,1759,822,2696,13,1.6914098971129892,0.3945294618712153
170,1553691600,1019,1757,738,2776,13,1.5130314522197172,0.45036840728431754
170,1553706000,1771,1696,-75,3467,13,-0.2134170679973075,0.9326772982899886
170,1553720400,2707,2170,-537,4877,13,-1.1944985149103031,1.9168387111959162
170,1553734800,981,465,-516,1446,13,-1.1499039036869851,-0.4779540602085079
170,1553749200,114,106,-8,220,13,-0.07113902266576917,-1.3336858986643003
170,1553763600,993,1505,512,2498,13,1.0331084933402,0.2563280719737871
170,1553778000,1043,1838,795,2881,13,1.6340739683972947,0.5236570231390143
170,1553792400,1795,1618,-177,3413,13,-0.43001946536770913,0.8949860101361444
170,1553806800,2812,2117,-695,4929,13,-1.530019875542886,1.9531340257144327
170,1553821200,1145,450,-695,1595,13,-1.530019875542886,-0.3739540243766049
170,1553835600,141,126,-15,267,13,-0.08600389307354182,-1.3008805182341028
170,1553850000,867,1551,684,2418,13,1.3983595947883283,0.20048912656068485
170,1553853048,347,355,8,702,13,-0.037162176019431656,-0.9972562525503591
170,1553853148,9,13,4,22,13,-0.045656387681016035,-1.4718872885617285
170,1553854646,150,183,33,333,13,0.015926646865470708,-1.2548133882682935
170,1553857417,197,312,115,509,13,0.19005798592795045,-1.1319677083594684
170,1553864400,1057,1702,645,2759,13,1.3155410310878806,0.43850263138403334
170,1553878800,2060,2004,-56,4064,13,-0.1730695626047817,1.3493754284352644
170,1553893200,2317,2103,-214,4420,13,-0.5085909232373647,1.5978587355235694
170,1553907600,1461,552,-909,2013,13,-1.9844601994376503,-0.08219553459314546
170,1553922000,284,128,-156,412,13,-0.38542485414439115,-1.199672429672855
170,1553936400,300,540,240,840,13,0.45550210035246225,-0.9009340717127576
170,1553950800,944,1355,411,2299,13,0.8186296488851944,0.11742869525869519
170,1553965200,1752,1940,188,3692,13,0.34507734875186535,1.0897243322643386
170,1553979600,1696,1532,-164,3228,13,-0.4024132774675599,0.7658584488683454
170,1553994000,1253,614,-639,1867,13,-1.4111009122807048,-0.18410160997205713
170,1554008400,313,147,-166,460,13,-0.4066603832983521,-1.1661690624249936
170,1554022800,211,390,179,601,13,0.3259653725133005,-1.0677529211344008
170,1554037200,538,1024,486,1562,13,0.9778961175399015,-0.39698758935950956
170,1554051600,1142,1210,68,2352,13,0.09025099890433402,0.15442199659487546
170,1554066000,1106,940,-166,2046,13,-0.4066603832983521,-0.059161969610240776
170,1554080400,578,300,-278,878,13,-0.6444983098227147,-0.8744105726415341
170,1554094800,60,83,23,143,13,-0.005308882288490236,-1.3874308836244114
170,1554109200,865,1646,781,2511,13,1.6043442275817494,0.26540190060341623
170,1554123600,953,1683,730,2636,13,1.4960430288965485,0.35265025281138856
170,1554138000,1589,1624,35,3213,13,0.020173752696262898,0.7553886466033888
170,1554152400,2718,1869,-849,4587,13,-1.8570470245138846,1.7144225340734205
170,1554166800,834,369,-465,1203,14,-1.187379328636782,-0.7560724670712374
170,1554181200,87,100,13,187,14,-0.1358187215649202,-1.4852320556278364
170,1554195600,1149,1849,700,2998,14,1.3755246614023793,0.5321573178294471
170,1554210000,1004,1735,731,2739,14,1.4437221066308892,0.34627903688834555
170,1554224400,1698,1594,-104,3292,14,-0.39320907936284455,0.743154285384211
170,1554238800,2597,1944,-653,4541,14,-1.6009638351838742,1.6395325591117627
170,1554253200,883,479,-404,1362,14,-1.053184355767779,-0.6419618621691712
170,1554267600,80,99,19,179,14,-0.12261921603682152,-1.4909734697109593
170,1554282000,936,1748,812,2684,14,1.6219154312602215,0.3068068150668761
170,1554296400,1089,1854,765,2943,14,1.5185193046234484,0.49268509600797766
170,1554310800,1714,1875,161,3589,14,0.18976908146151403,0.956304283220146
170,1554325200,2693,2230,-463,4923,14,-1.1829794934607492,1.9136850815808777
170,1554339600,981,483,-498,1464,14,-1.2599766090413247,-0.5687588326093551
170,1554354000,78,116,38,194,14,-0.08082078186450901,-1.480208318305104
170,1554368400,915,1773,858,2688,14,1.7231116403089781,0.3096775221084375
170,1554382800,1010,1759,749,2769,14,1.4833206232151852,0.36780933970005614
170,1554397200,1786,1686,-100,3472,14,-0.38440940901077875,0.8723361022544747
170,1554411600,2604,2176,-428,4780,14,-1.1059823778801736,1.8110573048450571
170,1554426000,1027,470,-557,1497,14,-1.3897717467342952,-0.5450754995164735
170,1554440400,120,95,-25,215,14,-0.2194155899095452,-1.4651371063369067
170,1554454800,834,1626,792,2460,14,1.5779170794998925,0.14604722073943693
170,1554469200,1188,1739,551,2927,14,1.0477369407879285,0.48120226784173203
170,1554483600,1893,1856,-37,3749,14,-0.2458146009657426,1.0711325648826027
170,1554498000,2354,2059,-295,4413,14,-0.813393338673986,1.5476699337817974
170,1554512400,999,531,-468,1530,14,-1.1939790814008313,-0.5213921664235918
170,1554526800,241,112,-129,353,14,-0.4482070190632558,-1.3660977134030379
170,1554541200,242,511,269,753,14,0.42736018096729034,-1.0790270092468965
170,1554555600,824,1334,510,2158,14,0.9575403196792542,-0.07069116089844982
170,1554570000,1537,1952,415,3489,14,0.7485481488176917,0.8845366071811107
170,1554584400,1485,1533,48,3018,14,-0.05882160598434454,0.5465108530372542
170,1554598800,1003,499,-504,1502,14,-1.2731761145694234,-0.5414871157145217
170,1554613200,253,92,-161,345,14,-0.5186043818797821,-1.3718391274861608
170,1554627600,178,331,153,509,14,0.17216974075738245,-1.2541401387821427
170,1554642000,585,940,355,1525,14,0.6165530935367048,-0.5249805502255436
170,1554656400,1247,1449,202,2696,14,0.2799657025701884,0.31541893619156036
170,1554670800,1077,934,-143,2011,14,-0.479005865295486,-0.17618964467583179
170,1554685200,595,270,-325,865,14,-0.8793908663144795,-0.9986472120831769
170,1554699600,52,86,34,138,14,-0.0896204522165748,-1.5203982168869639
170,1554714000,858,1454,596,2312,14,1.1467332322486687,0.03983106020166462
170,1554728400,958,1615,657,2573,14,1.280928205117672,0.2271446946635469
170,1554742800,1562,1650,88,3212,14,0.02917509753631336,0.6857401445529827
170,1554757200,2567,1949,-618,4516,14,-1.5239667196032984,1.6215906401020037
170,1554771600,837,375,-462,1212,15,-1.172596530687036,-0.6557199327398485
170,1554786000,85,99,14,184,15,-0.14040799882013053,-1.3753842133719023
170,1554800400,818,1501,683,2319,15,1.3102939503793647,0.11924928774622479
170,1554814800,1075,1740,665,2815,15,1.2712616109390196,0.46648030252589273
170,1554829200,1719,1605,-114,3324,15,-0.4179713015070295,0.822812130192931
170,1554843600,2615,1940,-675,4555,15,-1.6344792140644537,1.6845891043739212
170,1554858000,823,394,-429,1217,15,-1.1010372417130698,-0.65221962009086
170,1554872400,93,101,8,194,15,-0.15341877863357892,-1.368383588073925
170,1554886800,903,1462,559,2365,15,1.0414045009014314,0.1514521641169198
170,1554901200,1423,1853,430,3276,15,0.761672734912291,0.7892091287626405
170,1554915600,1720,1823,103,3543,15,0.0525852350793539,0.9761258242186311
170,1554930000,2698,2055,-643,4753,15,-1.5650883883927291,1.8232014852738694
170,1554944400,910,406,-504,1316,15,-1.2636719893811748,-0.582913429640886
170,1554958800,81,103,22,184,15,-0.12306029240219934,-1.3753842133719023
170,1554972304,171,649,478,820,15,0.8657589734198782,-0.9301444444205539
170,1554973200,823,1511,688,2334,15,1.3211362668905717,0.12975022569319056
170,1554987600,1087,1804,717,2891,15,1.3840217026555723,0.5196850547905193
170,1555002000,1791,1669,-122,3460,15,-0.43531900792496064,0.9180206342454206
170,1555016400,2646,1938,-708,4584,15,-1.70603850303842,1.7048909177380551
170,1555030800,1018,378,-640,1396,15,-1.558582998486005,-0.5269084272570685
170,1555045200,128,117,-11,245,15,-0.19461958137616547,-1.3326803990542415
170,1555059600,782,1591,809,2373,15,1.583520326461781,0.15705266435530155
170,1555059830,28,31,3,59,15,-0.1642610951447859,-1.462892029596617
170,1555074000,1152,1717,565,2869,15,1.0544152807148799,0.5042836791349694
170,1555088400,1853,1952,99,3805,15,0.04391138187038831,1.1595422070256332
170,1555102800,2479,2033,-446,4512,15,-1.1379011178511735,1.6544864155926193
170,1555117200,899,482,-417,1381,15,-1.0750156820861732,-0.5374093652040343
170,1555131600,187,95,-92,282,15,-0.37026510885771874,-1.306778085451726
170,1555146000,203,415,212,618,15,0.2889477350236663,-1.0715570754396928
170,1555160400,776,1518,742,2294,15,1.4382332852116073,0.10174772450128185
170,1555174800,1554,2240,686,3794,15,1.316799340286089,1.1518415191978582
170,1555189200,1364,1702,338,3066,15,0.5621741111060824,0.6421959975051198
170,1555203600,891,508,-383,1399,15,-1.0012879298099655,-0.5248082396676754
170,1555218000,239,110,-129,349,15,-0.45049825104065044,-1.2598738959552789
170,1555232400,174,300,126,474,15,0.10245989103090605,-1.1723660797305642
170,1555246800,528,1078,550,1606,15,1.0218883311812588,-0.37989529599954786
170,1555261200,1205,1632,427,2837,15,0.7551673450055668,0.4818816781814425
170,1555275600,1064,1001,-63,2065,15,-0.3073796730927182,-0.05856659482239548
170,1555290000,511,267,-244,778,15,-0.6998715307984112,-0.959547070672058
170,1555304400,68,78,10,146,15,-0.1490818520290961,-1.4019865895042154
170,1555318800,868,1495,627,2363,15,1.1888600054538465,0.15005203905732437
170,1555333200,978,1658,680,2636,15,1.3037885604726405,0.34116910969210124
170,1555347600,1672,1615,-57,3287,15,-0.2943688932792698,0.7969098165904154
170,1555362000,2599,1962,-637,4561,15,-1.5520776085792807,1.6887894795527076
170,1555376400,737,327,-410,1064,16,-1.1649612795986368,-0.7429954206918257
170,1555390800,87,104,17,191,16,-0.11667148590461009,-1.3740217825718979
170,1555405200,933,1464,531,2397,16,1.1452042844905417,0.22053051331291237
170,1555419600,1012,1690,678,2702,16,1.506090934778649,0.44099218613470165
170,1555434000,1732,1785,53,3517,16,-0.028291081752420472,1.0300946889207943
170,1555448400,2743,2185,-558,4928,16,-1.528302941113194,2.050000985155367
170,1555462800,889,474,-415,1363,16,-1.1772363357308855,-0.5268706988107928
170,1555477200,91,80,-11,171,16,-0.185411800245202,-1.388478285707753
170,1555491600,922,1560,638,2482,16,1.4078904857206607,0.2819706516402963
170,1555506000,1184,1832,648,3016,16,1.4324405979851578,0.6679592853676257
170,1555520400,1832,1905,73,3737,16,0.02080914277657376,1.1891162234151997
170,1555534800,2830,2142,-688,4972,16,-1.8474544005516567,2.081805292054248
170,1555549200,935,433,-502,1368,16,-1.3908223124320103,-0.5232565730268292
170,1555563600,88,89,1,177,16,-0.15595166552780546,-1.3841413347669964
170,1555578000,882,1601,719,2483,16,1.6067463950630874,0.282693476797089
170,1555592400,1156,1858,702,3014,16,1.5650112042134423,0.6665136350540402
170,1555606800,1738,1882,144,3620,16,0.19511493985450326,1.1045456800704476
170,1555621200,2486,2166,-320,4652,16,-0.9440102692181629,1.8505012418805675
170,1555635600,961,424,-537,1385,16,-1.4767477053577502,-0.5109685453613524
170,1555650000,149,101,-48,250,16,-0.2762472156238413,-1.3313750983211257
170,1555664400,524,1063,539,1587,16,1.1648443743021393,-0.3649578636892165
170,1555678800,1060,1650,590,2710,16,1.2900499468510747,0.44677478738904364
170,1555693200,1719,1960,241,3679,16,0.4332510288201253,1.14719236432122
170,1555707600,1844,1847,3,3691,16,-0.15104164307490603,1.155866266202733
170,1555722000,928,460,-468,1388,16,-1.3073519307327202,-0.5088000698909741
170,1555736400,219,107,-112,326,16,-0.43336793411662283,-1.2764403864048763
170,1555750800,168,383,215,551,16,0.36942073693243277,-1.1138047261265074
170,1555765200,607,1041,434,1648,16,0.9070681955249196,-0.32086552912485866
170,1555779600,1201,1569,368,2770,16,0.7450374545792386,0.49014429679660876
170,1555794000,1192,1230,38,2422,16,-0.06511625014916614,0.23860114223273118
170,1555808400,737,405,-332,1142,16,-0.9734704039355594,-0.686615058461991
170,1555822800,188,88,-100,276,16,-0.40390779939922633,-1.312581644244514
170,1555837200,153,249,96,402,16,0.07727440098491713,-1.2215056744886272
170,1555851600,531,739,208,1270,16,0.3522356583472848,-0.5940934383925188
170,1555866000,964,1161,197,2125,16,0.32523053485633796,0.02392207066528391
170,1555880400,999,847,-152,1846,16,-0.5315683831746113,-0.1777461480798938
170,1555894800,469,325,-144,794,16,-0.5119282933630136,-0.9381582130258687
170,1555909200,69,59,-10,128,16,-0.18295678901875229,-1.4195597674498412
170,1555923600,757,1160,403,1917,16,0.8309628475049785,-0.12642556194760846
170,1555938000,876,1580,704,2456,16,1.5699212266663416,0.26317719756368474
170,1555952400,1598,1618,20,3216,16,-0.10930645222526095,0.8125243167261761
170,1555966800,2385,1642,-743,4027,16,-1.9824800180063908,1.3987355188850976
170,1555981200,739,317,-422,1056,17,-1.2812618984502762,-0.4563189264674083
170,1555995600,85,90,5,175,17,-0.18621046826206816,-1.1022084637832434
170,1556010000,823,1209,386,2032,17,0.7908728921634757,0.2592181773013262
170,1556024400,947,1843,896,2790,17,2.098779752575621,0.8149324443676179
170,1556038800,1609,1908,299,3517,17,0.567759368916698,1.347919610801911
170,1556053200,2727,2213,-514,4940,17,-1.5171980379756043,2.3911668430384982
170,1556067600,891,417,-474,1308,17,-1.4146171077472007,-0.2715695922976121
170,1556082000,110,111,1,221,17,-0.1964685612849085,-1.0684843789744711
170,1556096400,876,1260,384,2136,17,0.7857438456520555,0.3354639342602897
170,1556110800,1077,1822,745,2899,17,1.7115367409633975,0.8948438627188393
170,1556125200,1541,1897,356,3438,17,0.7139371944921731,1.2900021608042367
170,1556139600,2530,2198,-332,4728,17,-1.050454805436368,2.235742800006765
170,1556154000,933,443,-490,1376,17,-1.4556494798385622,-0.22171659736290517
170,1556168400,116,94,-22,210,17,-0.25545259616624055,-1.0765488340374383
170,1556182463,199,736,537,935,17,1.1781159037756992,-0.5450279321600485
170,1556182800,827,1429,602,2256,17,1.344809915396855,0.42343980767447836
170,1556197200,1400,1771,371,3171,17,0.7524050433278243,1.094255842457667
170,1556211600,1645,1806,161,3451,17,0.21385515962870572,1.299532880424107
170,1556226000,2499,2066,-433,4565,17,-1.309471654263087,2.116242238619159
170,1556240400,935,416,-519,1351,17,-1.5300206542541548,-0.24004490432419448
170,1556254800,153,117,-36,270,17,-0.2913559217461818,-1.032560897330344
170,1556266270,365,466,101,831,17,0.059983764286100374,-0.621273689119012
170,1556266349,349,881,532,1230,17,1.1652932874971487,-0.32875391001683474
170,1556269200,396,1065,669,1461,17,1.5166329735294308,-0.15940035369452152
170,1556283600,985,1659,674,2644,17,1.5294555898079814,0.7078951317136885
170,1556298000,1529,1648,119,3177,17,0.10614518288888197,1.0986546361283764
170,1556312400,2066,1856,-210,3922,17,-0.7375829682397372,1.6448381835747978
170,1556316809,335,74,-261,409,17,-0.8683736542809518,-0.9306555106255755
170,1556319889,392,354,-38,746,17,-0.29648496825760196,-0.6835899327873957
170,1556319983,5,6,1,11,17,-0.1964685612849085,-1.2224421574493012
170,1556320058,286,126,-160,412,17,-0.6093568054542328,-0.9284561137902207
170,1556320130,524,125,-399,649,17,-1.222277863568944,-0.7547037637971982
170,1556320191,601,340,-261,941,17,-0.8683736542809518,-0.5406291384893391
170,1556320259,11,4,-7,15,17,-0.21698474733058923,-1.219509628335495
170,1556320355,17,4,-13,21,17,-0.23237188686484975,-1.2151108346647854
170,1556321022,42,7,-35,49,17,-0.2887913984904717,-1.1945831308681416
170,1556324239,409,104,-305,513,17,-0.9812126775321957,-0.854409753666612
170,1556326800,433,160,-273,593,17,-0.8991479333494728,-0.7957591713904862
170,1556341200,227,123,-104,350,17,-0.46574350313446783,-0.9739103150542182
170,1556355600,249,488,239,737,17,0.4138879735740926,-0.6901881232934598
170,1556370000,806,1277,471,2083,17,1.0088573688988332,0.2966079235023564
170,1556384400,1378,1995,617,3373,17,1.3832777642325063,1.2423485627048845
170,1556385430,86,33,-53,119,17,-0.3349528170932533,-1.1432638713765315
170,1556398800,1216,1468,252,2684,17,0.44722677589832377,0.7372204228517513
170,1556413200,1012,504,-508,1516,17,-1.5018108984413436,-0.11907807837968505
170,1556427600,297,114,-183,411,17,-0.6683408403355648,-0.9291892460686724
170,1556442000,191,348,157,539,17,0.20359706660586535,-0.8353483144268711
170,1556456400,609,887,278,1496,17,0.5139043805467861,-0.1337407239487165
170,1556470800,1079,1414,335,2493,17,0.6600822061222612,0.597192157667501
170,1556485200,1039,989,-50,2028,17,-0.32725924732612305,0.2562856481875199
170,1556499600,648,331,-317,979,17,-1.0119869566007167,-0.5127701119081793
170,1556514000,83,94,11,177,17,-0.17082332872780762,-1.1007421992263402
170,1556522920,220,703,483,923,17,1.0396316479673544,-0.5538255195014674
170,1556526813,634,874,240,1508,17,0.41645249682980273,-0.12494313660729764
170,1556526966,420,602,182,1022,17,0.2677101479986176,-0.4812454239347617
170,1556528400,460,1366,906,1826,17,2.124424985132722,0.10819292794030233
170,1556542800,933,1595,662,2528,17,1.4986813107394603,0.622851787413306
170,1556557200,1597,1624,27,3221,17,-0.1297909566364462,1.1309124563802455
170,1556571600,2633,1932,-701,4565,17,-1.9967638867933908,2.116242238619159
170,1556586000,803,342,-461,1145,18,-1.0517445720646337,-0.7938281401814461
170,1556600400,87,106,19,193,18,-0.09474808927608241,-1.5027174986123928
170,1556614800,916,1460,544,2376,18,0.9519668137738957,0.12281345669722532
170,1556629200,1036,1771,735,2807,18,1.3327716642168401,0.4437497103566139
170,1556643600,1641,1754,113,3395,18,0.09266372193667556,0.8815931376227868
170,1556658000,2394,2241,-153,4635,18,-0.43767182894198,1.8049364196126751
170,1556672400,894,455,-439,1349,18,-1.0078822332701585,-0.641923277660529
170,1556686800,198,104,-94,302,18,-0.3200410112658872,-1.4215526455987655
170,1556701200,892,1622,730,2514,18,1.3228029508544594,0.2255726284025516
170,1556715600,1102,1805,703,2907,18,1.2689718986976033,0.5182128782590243
170,1556730000,1699,1788,89,3487,18,0.04481389779724799,0.9500992520930044
170,1556744400,2551,2140,-411,4691,18,-0.9520574384408264,1.8466357936380249
170,1556758800,930,379,-551,1309,18,-1.2311814125874871,-0.6717085448214931
170,1556773200,763,128,-635,891,18,-1.3986557970754836,-0.9829645866535685
170,1556787600,902,1427,525,2329,18,0.9140857029968489,0.08781576778309245
170,1556790293,271,384,113,655,18,0.09266372193667556,-1.1586976629032568
170,1556802000,982,2006,1024,2988,18,1.908963296562447,0.5785280442599767
170,1556816400,1740,1799,59,3539,18,-0.014998382377036469,0.9888200994022577
170,1556830800,2582,2219,-363,4801,18,-0.8563577901619712,1.9285452783306765
170,1556845200,967,459,-508,1426,18,-1.1454504776710128,-0.584586638375673
170,1556859600,125,93,-32,218,18,-0.196428965572366,-1.48410170663679
170,1556874000,766,1372,606,2138,18,1.075578859467417,-0.054408882910511325
170,1556878238,384,463,79,847,18,0.024876471072486504,-1.015728380530629
170,1556888400,1083,1740,657,2823,18,1.1772597357637005,0.4556638172209996
170,1556902800,1835,1987,152,3822,18,0.17041968616324535,1.199550864566079
170,1556917200,2120,2388,268,4508,18,0.40169383617047866,1.710368196376614
170,1556931600,1758,541,-1217,2299,18,-2.559014032456602,0.06547681741236934
170,1556946000,884,409,-475,1293,18,-1.0796569694793,-0.6836226516858788
170,1556960400,217,475,258,692,18,0.38175640944571715,-1.131146290779365
170,1556974800,698,1328,630,2026,18,1.1234286836068446,-0.13780763096121093
170,1556989200,1190,1976,786,3166,18,1.4344525405131237,0.7110724831262671
170,1557003600,1226,1534,308,2760,18,0.4814435430695246,0.4087520214424811
170,1557018000,1074,491,-583,1565,18,-1.294981178106724,-0.48108283499132265
170,1557032400,231,115,-116,346,18,-0.36390335006036245,-1.3887888517217049
170,1557046800,174,362,188,536,18,0.2421944223723867,-1.2473088327071251
170,1557061200,519,926,407,1445,18,0.6788240676446633,-0.5704386364742151
170,1557075600,1029,1352,323,2381,18,0.5113496831566668,0.12653661509234584
170,1557090000,1038,743,-295,1781,18,-0.7207832884335931,-0.32024239232211626
170,1557104400,911,266,-645,1177,18,-1.418593223800245,-0.7699999264526748
170,1557118800,203,78,-125,281,18,-0.3818470341126478,-1.4371899108582715
170,1557133200,873,1551,678,2424,18,1.2191283318856996,0.15855577729038228
170,1557147600,941,1676,735,2617,18,1.3327716642168401,0.30226969134203424
170,1557162000,2015,1921,-94,3936,18,-0.3200410112658872,1.2844388759748269
170,1557176400,2536,1931,-605,4467,18,-1.3388435169011992,1.6798382975366257
170,1557190800,831,434,-397,1265,19,-1.1361383128572147,-0.4709661891285911
170,1557205200,86,82,-4,168,19,-0.172394827096616,-1.2619909456494969
170,1557219600,862,1451,589,2313,19,1.2818033587966031,0.2847256475477163
170,1557226491,403,994,591,1397,19,1.2867079057979292,-0.37578362954722416
170,1557226570,477,665,188,1142,19,0.2984416850306994,-0.5596590287385013
170,1557226657,481,695,214,1176,19,0.36220079604794003,-0.535142308846331
170,1557227101,15,20,5,35,19,-0.1503243655906481,-1.3578945852276925
170,1557227196,29,55,26,84,19,-0.09882662207672296,-1.322561665383094
170,1557229085,99,133,34,232,19,-0.07920843407141816,-1.2158418258524706
170,1557234000,930,1637,707,2567,19,1.571171631874849,0.46787996674216487
170,1557248400,1676,1782,106,3458,19,0.09735525797632512,1.1103622439163918
170,1557262800,2671,2278,-393,4949,19,-1.1263292188545624,2.1854925191877412
170,1557277200,946,399,-547,1345,19,-1.5039793379566797,-0.41327978938230814
170,1557291600,97,90,-7,187,19,-0.1797516475986053,-1.2482904257097547
170,1557306000,896,1444,548,2340,19,1.1812601452694158,0.3041948074620868
170,1557320400,1056,1786,730,2842,19,1.6275739223901002,0.6661769658700127
170,1557323537,284,389,105,673,19,0.09490298447566202,-0.8978455472510853
170,1557334800,1742,1525,-217,3267,19,-0.6947290827378566,0.9726359645221412
170,1557349200,2690,2129,-561,4819,19,-1.5383111669659633,2.0917521196000313
170,1557363600,975,428,-547,1403,19,-1.5039793379566797,-0.3714571495662529
170,1557378000,109,83,-26,192,19,-0.22634484411120423,-1.244685025725612
170,1557392400,870,1455,585,2325,19,1.2719942647939506,0.2933786075096587
170,1557406800,1103,1775,672,2878,19,1.4853420593516404,0.6921358457558401
170,1557421200,1762,1779,17,3541,19,-0.12089708358269088,1.1702118836531605
170,1557435600,2628,2100,-528,4728,19,-1.457386141444081,2.0261338398886344
170,1557450000,962,425,-537,1387,19,-1.4794566029500489,-0.38299442951550955
170,1557464400,117,91,-26,208,19,-0.22634484411120423,-1.2331477457763553
170,1557478800,810,1268,458,2078,19,0.9605555302097367,0.11527184829300995
170,1557493200,989,1751,762,2740,19,1.7060466744113196,0.5926268061935018
170,1557507600,1847,1919,72,3766,19,0.013977958953779684,1.3324548829395815
170,1557522000,2234,2285,51,4519,19,-0.03751978456014544,1.87542812055147
170,1557536400,1163,587,-576,1750,19,-1.5750952694759097,-0.12124239066675038
170,1557550800,231,93,-138,324,19,-0.5009994761854716,-1.149502466144245
170,1557565200,255,464,209,719,19,0.3499394285446245,-0.8646758673969727
170,1557579600,724,1317,593,2041,19,1.2916124527992554,0.08859188841035406
170,1557594000,1394,1894,500,3288,19,1.0635510172375868,0.9877786444555404
170,1557608400,1331,1416,85,2747,19,0.045857514462399995,0.5976743661713017
170,1557622800,846,507,-339,1353,19,-0.9939064498187549,-0.4075111494076798
170,1557637200,213,95,-118,308,19,-0.45195400617220954,-1.1610397460935016
170,1557651600,180,297,117,477,19,0.12433026648361924,-1.0391772266294788
170,1557666000,482,751,269,1233,19,0.49707583858441057,-0.4940407490271043
170,1557680400,901,952,51,1853,19,-0.03751978456014544,-0.04697115099341101
170,1557694800,841,717,-124,1558,19,-0.4666676471761882,-0.2596897500578296
170,1557709200,517,272,-245,789,19,-0.7633927407564234,-0.814200267618975
170,1557723600,58,61,3,119,19,-0.1552289125919743,-1.2973238654940953
170,1557738000,823,1495,672,2318,19,1.4853420593516404,0.28833104753185895
170,1557752400,1034,1836,802,2870,19,1.8041376144378436,0.6863672057812117
170,1557761486,719,357,-362,1076,19,-1.0503087403340063,-0.6072503085291847
170,1557766800,1536,1442,-94,2978,19,-0.3930994421562951,0.7642438454386938
170,1557781200,2371,1711,-660,4082,19,-1.7810862435316102,1.560316161937399
170,1557795600,735,324,-411,1059,20,-1.1565395837316315,-0.7116149709666761
170,1557810000,81,76,-5,157,20,-0.1764355241176942,-1.3630651601677468
170,1557824400,900,1537,637,2437,20,1.373384195764443,0.28361602761322996
170,1557838800,908,1668,760,2576,20,1.6703122729381237,0.384005801780579
170,1557853200,1717,1546,-171,3263,20,-0.5771677258317671,0.880176843888268
170,1557867600,2605,1855,-750,4460,20,-1.97490233301519,1.7446844674732809
170,1557882000,862,323,-539,1185,20,-1.4655379079448925,-0.6206141684840432
170,1557896400,74,78,4,152,20,-0.1547090794464493,-1.3666763031234068
170,1557910800,883,1409,526,2292,20,1.1054247114857558,0.17889288189908892
170,1557925200,1056,1796,740,2852,20,1.6220312847798015,0.583340892933013
170,1557939600,1808,1837,29,3645,20,-0.09435784424854675,1.1560681657006948
170,1557954000,2628,2178,-450,4806,20,-1.2506875106403594,1.9945755600049553
170,1557968400,904,414,-490,1318,20,-1.3472494869570035,-0.5245577658634862
170,1557982800,103,83,-20,186,20,-0.21264626523643573,-1.3421205310249185
170,1557997200,855,1373,518,2228,20,1.086112316222427,0.13267025206664046
170,1558004186,322,636,314,958,20,0.5936462370075423,-0.7845600586710089
170,1558011600,1132,1648,516,2780,20,1.0812842174065949,0.5313404343715085
170,1558026000,1832,1835,3,3667,20,-0.15712312885436538,1.1719571947055991
170,1558040400,2661,2148,-513,4809,20,-1.4027726233390738,1.9967422457783515
170,1558054800,1009,431,-578,1440,20,-1.5596858348536204,-0.43644587774538135
170,1558069200,127,85,-42,212,20,-0.26575535221059,-1.3233425876554863
170,1558078565,55,168,113,223,20,0.1084223060164058,-1.3153980731530344
170,1558083600,763,1440,677,2203,20,1.4699461720810871,0.11461453728834027
170,1558086921,303,328,25,631,20,-0.10401404188021116,-1.0207288079711754
170,1558098000,1115,1748,633,2863,20,1.3637279981327788,0.5912854074354651
170,1558112400,1814,1887,73,3701,20,0.011860329699761729,1.1965129668040873
170,1558126800,2263,2099,-164,4362,20,-0.5602693799763544,1.6739060655423441
170,1558141200,1145,539,-606,1684,20,-1.6272792182752713,-0.2602221015091715
170,1558155600,286,107,-179,393,20,-0.596480121095096,-1.192619212660593
170,1558170000,303,449,146,752,20,0.18808593647763716,-0.9333391484442024
170,1558184400,715,1382,667,2097,20,1.4458056780019262,0.03805830662834749
170,1558198800,1450,1997,547,3447,20,1.1561197490519939,1.0130669046565575
170,1558213200,1310,1350,40,2660,20,-0.06780330076146963,0.4446730034356676
170,1558227600,870,469,-401,1339,20,-1.1323990896524705,-0.5093909654497141
170,1558242000,194,110,-84,304,20,-0.36714542734306627,-1.2568975572713417
170,1558256400,204,284,80,488,20,0.028758675555174442,-1.1240074965030524
170,1558270800,528,950,422,1478,20,0.8543635730624812,-0.40900119128236506
170,1558285200,1202,1529,327,2731,20,0.6250288793104516,0.49595123340604014
170,1558299600,1009,1004,-5,2013,20,-0.1764355241176942,-0.022608895026741127
170,1558314000,636,302,-334,938,20,-0.9706577793220917,-0.799004630493649
170,1558328400,75,62,-13,137,20,-0.195747919381023,-1.3775097319903868
170,1558340411,282,578,296,860,20,0.5501933476650525,-0.8553384606019456
170,1558342800,887,1329,442,2216,20,0.9026445612208033,0.12400350897305637
170,1558357200,929,1574,645,2503,20,1.392696591027772,0.33128311462794247
170,1558371600,1495,1655,160,3150,20,0.22188262818846258,0.7985650130903512
170,1558386000,2418,1965,-453,4383,20,-1.2579296588641078,1.6890728659561163
170,1558400400,881,366,-515,1247,21,-1.5560965747353306,-0.5363368925545353
170,1558414800,93,89,-4,182,21,-0.13077204946710685,-1.3604669463925698
170,1558429200,916,1285,369,2201,21,0.9096311754351385,0.20189791623559147
170,1558443600,1017,1587,570,2604,21,1.4702774172725415,0.5137518239320497
170,1558454855,1022,811,-211,1833,21,-0.7081540000160742,-0.08287190518449937
170,1558458000,1724,1579,-145,3303,21,-0.5240612041888671,1.0546597184229287
170,1558472400,2709,2134,-575,4843,21,-1.7234536618509733,2.2463595145830912
170,1558486800,942,405,-537,1347,21,-1.6174608400110662,-0.4589537889077715
170,1558501200,83,82,-1,165,21,-0.1224041951113247,-1.3736220740125198
170,1558515600,938,1374,436,2312,21,1.0965132560476063,0.2877931612834993
170,1558530000,1072,1690,618,2762,21,1.6041630869650556,0.6360171276939365
170,1558544400,1775,1827,52,3602,21,0.025427898507493003,1.2860351983267524
170,1558558800,2475,2218,-257,4693,21,-0.836461100138067,2.1302848591129457
170,1558573200,961,392,-569,1353,21,-1.706717953139409,-0.4543108026889657
170,1558587600,106,71,-35,177,21,-0.2172398778101889,-1.364336101574908
170,1558602000,837,1336,499,2173,21,1.272238197519031,0.18023064721449758
170,1558616400,1072,1634,562,2706,21,1.447963138990456,0.5926825896517487
170,1558630800,1786,1643,-143,3429,21,-0.5184826346183458,1.1521624290178512
170,1558645200,2338,1878,-460,4216,21,-1.4026859115459915,1.7611674547178824
170,1558659600,875,397,-478,1272,21,-1.4528930376806843,-0.5169911166428444
170,1558674000,121,80,-41,201,21,-0.23397558652175318,-1.3457641566996847
170,1558688400,705,1273,568,1978,21,1.4646988477020202,0.029333595103308158
170,1558702800,1012,1517,505,2529,21,1.2889739062305954,0.45571449619697674
170,1558717200,2107,2287,180,4394,21,0.3824563510208641,1.8989093792091218
170,1558731600,1761,1739,-22,3500,21,-0.18097917560179966,1.2071044326070535
170,1558746000,970,443,-527,1413,21,-1.5895679921584591,-0.4078809405009074
170,1558760400,231,80,-151,311,21,-0.5407969129004314,-1.2606427426882445
170,1558774800,205,433,228,638,21,0.5163420207133782,-1.0075999937633269
170,1558789200,603,1160,557,1763,21,1.4340167150641523,-0.13704007773723403
170,1558803600,1244,1613,369,2857,21,0.9096311754351385,0.7095310761583621
170,1558818000,1105,1165,60,2270,21,0.0477421767895787,0.2552922577518585
170,1558832400,712,390,-322,1102,21,-1.0177646111800132,-0.6485423928423428
170,1558846800,196,78,-118,274,21,-0.448750514986828,-1.289274491037547
170,1558861200,155,316,161,471,21,0.32945994010091056,-1.1368297768534226
170,1558875600,504,933,429,1437,21,1.0769882625507812,-0.38930899562568405
170,1558890000,1267,1543,276,2810,21,0.6502276904058925,0.6731610174443831
170,1558904400,984,951,-33,1935,21,-0.21166130823966747,-0.0039411394648002805
170,1558918800,639,317,-322,956,21,-1.0177646111800132,-0.761521724166618
170,1558933200,118,67,-51,185,21,-0.2618684343743603,-1.358145453283167
170,1558947600,164,372,208,536,21,0.460556325008164,-1.086530759483026
170,1558962000,469,792,323,1261,21,0.7813240753131457,-0.5255032580439883
170,1558976400,1035,1395,360,2430,21,0.8845276123677921,0.3791052235866806
170,1558990800,861,892,31,1753,21,-0.03314708198298194,-0.1447783881019104
170,1559005200,562,308,-254,870,22,-0.8477252215460038,-0.9167209836228625
170,1559019600,74,71,-3,145,22,-0.19507536662439606,-1.4874860305450877
170,1559034000,881,1326,445,2207,22,0.9698136174587924,0.13584848911508945
170,1559048400,927,1511,584,2438,22,1.331241226359603,0.3177060419965157
170,1559062800,1566,1508,-58,3074,22,-0.3380862910096089,0.8184047590207022
170,1559077200,2266,1873,-393,4139,22,-1.2091528304468144,1.6568389313961087
170,1559091600,791,340,-451,1131,22,-1.3599643507075845,-0.7112455667308614
170,1559106000,84,74,-10,158,22,-0.21327675700069587,-1.477251622807172
170,1559120400,920,1401,481,2321,22,1.0634207679654772,0.22559637235527383
170,1559134800,1042,1665,623,2707,22,1.432648972741845,0.5294795559580034
170,1559149200,1467,1617,150,3084,22,0.20275502302901427,0.8262773803575605
170,1559163600,2546,1694,-852,4240,22,-2.4026439994070454,1.7363524068983773
170,1559178000,745,290,-455,1035,22,-1.3703651452083272,-0.7868227315647008
170,1559192400,95,80,-15,175,22,-0.22627775012662432,-1.4638681665345128
170,1559206800,954,1366,412,2320,22,0.8840070628276646,0.224809110221588
170,1559221200,1003,1607,604,2610,22,1.3832451988633168,0.45311512899047807
170,1559235600,1498,1691,193,3189,22,0.31456356391199886,0.9089399043945724
170,1559250000,2437,1728,-709,4165,22,-2.030815596005492,1.6773077468719402
170,1559264400,805,344,-461,1149,22,-1.3859663369594413,-0.6970748483245165
170,1559278800,110,85,-25,195,22,-0.2522797363784812,-1.4481229238607962
170,1559293200,826,1308,482,2134,22,1.0660209665906628,0.07837835335602401
170,1559307600,960,1667,707,2627,22,1.6510656572574427,0.46649858526313714
170,1559322000,1890,1998,108,3888,22,0.09354668077121536,1.4592361358409662
170,1559336400,2150,1996,-154,4146,22,-0.587705359027435,1.6623497663319096
170,1559350800,1035,632,-403,1667,22,-1.2351548166986714,-0.28927306307525763
170,1559365200,256,108,-148,364,22,-0.5721041672763209,-1.3150756232678913
170,1559379600,243,534,291,777,22,0.5693830291801963,-0.9899363620556444
170,1559394000,740,1267,527,2007,22,1.1830299047240187,-0.021603937622076127
170,1559408400,1303,1660,357,2963,22,0.7409961384424518,0.7310186621815753
170,1559422800,1139,1376,237,2515,22,0.4289723034201692,0.37832522629032445
170,1559437200,842,643,-199,1485,22,-0.704714297160791,-0.4325547714060783
170,1559451600,234,88,-146,322,22,-0.5669037700259495,-1.3481406328826961
170,1559466000,180,304,124,484,22,0.13514985877418637,-1.220604167225592
170,1559480400,502,877,375,1379,22,0.7877997136957942,-0.516004557576776
170,1559494800,950,1392,442,2342,22,0.9620130215832353,0.24212887716267623
170,1559509200,952,942,-10,1894,22,-0.21327675700069587,-0.11056455872857468
170,1559523600,568,391,-177,959,22,-0.6475099274067059,-0.8466546537248237
170,1559538000,83,91,8,174,22,-0.16647318174735348,-1.4646554286681985
170,1559552400,920,1274,354,2194,22,0.7331955425668947,0.1256140813771737
170,1559564080,649,889,240,1538,22,0.4367728992957262,-0.3908298783207294
170,1559566800,933,1538,605,2471,22,1.3858453974885026,0.343685692408148
170,1559581200,1529,1689,160,3218,22,0.22875700928087117,0.9317705062714614
170,1559595600,2535,2046,-489,4581,22,-1.4587718984646407,2.004808794485245
170,1559610000,771,351,-420,1122,23,-1.2957487152001053,-0.7001701209926469
170,1559624400,110,91,-19,201,23,-0.2381186961469993,-1.4105517898379776
170,1559638800,964,1232,268,2196,23,0.518838449659089,0.12822283485956287
170,1559641725,278,317,39,595,23,-0.08514477817921838,-1.1066534429052304
170,1559645393,171,255,84,426,23,0.03354188231302543,-1.2370057795337437
170,1559653200,1019,1631,612,2650,23,1.426132032088686,0.4784001178734393
170,1559667600,1534,1733,199,3267,23,0.33685223690431515,0.9543018439077162
170,1559682000,2550,2087,-463,4637,23,-1.4091604130038047,2.0110042177601626
170,1559696400,818,440,-378,1258,23,-1.1849744987406776,-0.5952711992087544
170,1559710800,958,173,-785,1131,23,-2.258429405859416,-0.6932282805804776
170,1559722769,275,845,570,1120,23,1.3153578156292585,-0.7017127521953512
170,1559725200,1005,1351,346,2356,23,0.7245619945123115,0.25163333107590696
170,1559739600,1043,1801,758,2844,23,1.8112043083524105,0.6280353445357565
170,1559754000,1665,1708,43,3373,23,-0.07459485280213005,1.0360612976510442
170,1559768400,2520,2208,-312,4728,23,-1.01090073001872,2.0811939374832082
170,1559782800,867,387,-480,1254,23,-1.4539975958564302,-0.598356461614163
170,1559797200,92,87,-5,179,23,-0.2011939573271901,-1.4275207330677249
170,1559808667,515,917,402,1432,23,0.8722609497915483,-0.4610622845734802
170,1559811600,859,1213,354,2072,23,0.7456618452664883,0.0325797002918962
170,1559826000,1015,1610,595,2625,23,1.3812948492360608,0.4591172278396355
170,1559840400,1571,1808,237,3379,23,0.43707652798665436,1.0406891912591572
170,1559854800,2486,2152,-334,4638,23,-1.068925319592706,2.0117755333615146
170,1559869200,939,442,-497,1381,23,-1.4988347787090557,-0.5003993802424399
170,1559883600,118,99,-19,217,23,-0.2381186961469993,-1.3982107402163433
170,1559898000,940,1210,270,2150,23,0.5241134123476331,0.09274231719736395
170,1559912400,1019,1642,623,2661,23,1.4551443268756792,0.4868845894883129
170,1559926800,1881,1979,98,3860,23,0.07046662113283461,1.4116919955095415
170,1559941200,2060,2110,50,4170,23,-0.05613248339222545,1.6507998319287083
170,1559955600,1004,603,-401,1607,23,-1.2456365696589355,-0.32608205433685383
170,1559970000,222,101,-121,323,23,-0.507141793262752,-1.3164512864730153
170,1559984400,227,485,258,712,23,0.49246363621636813,-1.0164095175470287
170,1559998800,745,1264,519,2009,23,1.1808462670713822,-0.01601318259328929
170,1560013200,1308,1782,474,3090,23,1.0621596065791383,0.8177789824683855
170,1560027600,1176,1356,180,2532,23,0.28674009136314554,0.3873848769138855
170,1560042000,845,556,-289,1401,23,-0.9502386591004621,-0.4849730682153969
170,1560056400,246,101,-145,347,23,-0.570441345525282,-1.2979397120405636
170,1560070800,186,341,155,527,23,0.22080305775634343,-1.1591029037971765
170,1560085200,533,899,366,1432,23,0.7773116213977532,-0.4610622845734802
170,1560099600,1060,1441,381,2501,23,0.8168738415618345,0.36347409327196883
170,1560114000,981,997,16,1978,23,-0.14580684909747632,-0.03992396623520596
170,1560128400,610,389,-221,999,23,-0.7708899276899605,-0.7950419399589614
170,1560142800,68,71,3,139,23,-0.18009410657301342,-1.458373357121811
170,1560157200,969,1362,393,2331,23,0.8485236176930996,0.2323504410421032
170,1560171600,945,1670,725,2615,23,1.7241674239914317,0.451404071826114
170,1560186000,1520,1264,-256,2784,23,-0.8632017747394833,0.5817564084546274
170,1560200400,2357,1763,-594,4120,23,-1.7546704691034478,1.6122340518611007
170,1560214800,753,317,-436,1070,24,-0.9076542098103723,-0.9516280597584867
170,1560229200,87,63,-24,150,24,-0.048649153665180744,-1.5458909580974025
170,1560243600,980,1358,378,2338,24,0.7895062651949334,-0.1325787607435462
170,1560258000,1060,1876,816,2936,24,1.702720378281326,0.25369212317674916
170,1560272400,1894,1753,-141,3647,24,-0.2925899099005871,0.7129539935234548
170,1560286800,3053,2198,-855,5251,24,-1.7812540120551181,1.749038438018695
170,1560301200,1080,498,-582,1578,24,-1.2120589141725033,-0.6234915898061288
170,1560315600,99,67,-32,166,24,-0.06532886349324271,-1.5355559511697692
170,1560330000,1061,1506,445,2567,24,0.9291988350049524,0.015341025908205708
170,1560344400,1427,2142,715,3569,24,1.4921390417020437,0.6625708347512423
170,1560358800,1970,1796,-174,3766,24,-0.3613937129413427,0.7898206075477275
170,1560373200,3163,2125,-1038,5288,24,-2.1628023743720353,1.772938141538847
170,1560387600,866,413,-453,1279,24,-0.9430985931950039,-0.8166270317662765
170,1560402000,78,78,0,156,24,0.0013899758190051641,-1.54201533049954
170,1560416400,946,1289,343,2235,24,0.7165325346971622,-0.19911036784018568
170,1560430800,1082,1849,767,2931,24,1.6005571555844467,0.2504624335118637
170,1560445200,1605,1536,-69,3141,24,-0.14247252144802933,0.386109399437051
170,1560459600,2484,2217,-267,4701,24,-0.5552953396925631,1.3937725748812997
170,1560474000,884,442,-442,1326,24,-0.9201639921814186,-0.7862679489163537
170,1560488400,114,76,-38,190,24,-0.07783864586428921,-1.5200534407783193
170,1560502800,890,1194,304,2084,24,0.6352189492853602,-0.29664699571972514
170,1560517200,1034,1579,545,2613,24,1.1376952078557268,0.0450541708251515
170,1560531600,1875,2075,200,3950,24,0.41838272152055445,0.9086731872155107
170,1560546000,2042,2064,22,4106,24,0.04725917784617559,1.0094395047599356
170,1561165200,8429,7160,-1269,15589,25,-2.71167796528687,3.9618313304305395
170,1561179600,245,106,-139,351,25,0.010976285573774445,-0.5850444839724952
170,1561194000,229,465,236,694,25,0.9145119882930148,-0.48269651151283904
170,1561208400,782,865,83,1647,25,0.5458694215835648,-0.19833027899373604
170,1561222800,1286,1089,-197,2375,25,-0.12877056978013474,0.018898070716554635
170,1561237200,1096,848,-248,1944,25,-0.25165142534995144,-0.10970827368610371
170,1561251600,842,485,-357,1327,25,-0.5142791362736773,-0.29381526787738027
170,1561266000,203,110,-93,313,25,0.12180999844066794,-0.596383326402428
170,1561280400,189,344,155,533,25,0.7193482765056589,-0.5307373965449226
170,1561294800,587,671,84,1258,25,0.5482788501241495,-0.31440421860541606
170,1561309200,932,771,-161,1703,25,-0.04203114231908766,-0.18162040593909828
170,1561323600,934,718,-216,1652,25,-0.17454971205124292,-0.1968383260424291
170,1561338000,597,358,-239,955,25,-0.22996656848468966,-0.4048165674546167
170,1561352400,69,81,12,150,25,0.37479999520205526,-0.6450209926150343
170,1561366800,1002,1371,369,2373,25,1.234965984190772,0.01830128953603186
170,1561381200,922,1498,576,2420,25,1.733717692091793,0.03232564727831711
170,1561395600,1393,1133,-260,2526,25,-0.28056456783696715,0.06395504984602426
170,1561410000,2360,1440,-920,3800,25,-1.8707874046228303,0.4441046618390329
170,1561424400,778,518,-260,1296,26,-0.46518422680166804,-0.6550003616251939
170,1561438800,100,112,12,212,26,0.0011690004024166559,-1.4210841587825074
170,1561453200,1033,1393,360,2426,26,0.597826805795878,0.1435925265554004
170,1561467600,936,1659,723,2595,26,1.2202026200425056,0.26302810009745387
170,1561482000,1490,1529,39,3019,26,0.047461416338116236,0.5626771130076946
170,1561496400,2410,2037,-373,4447,26,-0.6589265601621885,1.571872373469543
170,1561510800,837,524,-313,1361,26,-0.5560545247495228,-0.609063602570558
170,1561525200,102,98,-4,200,26,-0.026263542374294208,-1.4295647912233633
170,1561539600,1007,1292,285,2299,26,0.4692367615300458,0.053839166556342445
170,1561554000,1230,1716,486,2946,26,0.8138580801624761,0.5110865989924881
170,1561568400,2023,1746,-277,3769,26,-0.49433130350192334,1.0927166405611863
170,1561582800,2458,1972,-486,4430,26,-0.852668893522709,1.5598581441783306
170,1561597200,920,473,-447,1393,26,-0.7858020705044763,-0.5864485827282757
170,1561611600,82,106,24,188,26,0.021743407484949805,-1.4380454236642193
170,1561626000,946,1205,259,2151,26,0.42465887951789066,-0.050755300214213275
170,1561640400,938,1715,777,2653,26,1.312787451913905,0.30401782356159057
170,1561654800,1540,1851,311,3391,26,0.513814643542201,0.8255767186742266
170,1561669200,2540,2306,-234,4846,26,-0.42060634478951286,1.8538534021280006
170,1561683600,952,489,-463,1441,26,-0.8132346132811872,-0.5525260529648522
170,1561698000,124,102,-22,226,26,-0.05712515299809393,-1.4111900876015089
170,1561708889,344,860,516,1204,26,0.865294097868809,-0.7200185436717556
170,1561712400,556,990,434,1546,26,0.7247023161381657,-0.47832051910736334
170,1561726800,1056,1531,475,2587,26,0.7949982070034873,0.2573743451368833
170,1561741200,1797,1957,160,3754,26,0.2549200210869922,1.0821158500101167
170,1561755600,2147,1978,-169,4125,26,-0.309161639759125,1.344308736306577
170,1561770000,1083,551,-532,1634,26,-0.9315374540057528,-0.416129214541087
170,1561784400,247,118,-129,365,26,-0.24058028281734783,-1.312956095161595
170,1561798800,207,457,250,664,26,0.4092280742059908,-1.1016470035102697
170,1561813200,743,1167,424,1910,26,0.7075569769027215,-0.22107466840140197
170,1561827600,1404,1749,345,3153,26,0.5721087969427116,0.6573775085972517
170,1561842000,1785,1353,-432,3138,26,-0.7600840616513098,0.646776718046182
170,1561856400,761,538,-223,1299,26,-0.4017464716305242,-0.65288020351498
170,1561870800,253,99,-154,352,26,-0.2834436309059586,-1.3221434469725224
170,1561885200,158,262,104,420,26,0.15890612136850413,-1.2740865298076725
170,1561899600,682,2576,1894,3258,26,3.227921844513032,0.7315830424547406
170,1561914000,2445,2466,21,4911,26,0.016599805714316518,1.8997901611826367
170,1561928400,2930,832,-2098,3762,26,-3.616497578276329,1.087769604970687
170,1561942800,1900,614,-1286,2514,26,-2.2242960323582524,0.20578383112167675
170,1561957200,146,84,-62,230,26,-0.1257065099398711,-1.4083632101212236
170,1561971600,877,1158,281,2035,26,0.4623786258358681,-0.13273474714248668
170,1561971965,14,30,16,44,26,0.008027136096594372,-1.5398130129544896
170,1561986000,912,1545,633,2457,26,1.065894566923507,0.16550082702761137
170,1562000400,1442,1637,195,3079,26,0.3149287084110472,0.6050802752119739
170,1562014800,2318,1756,-562,4074,26,-0.9829734717120857,1.3082660484329398
170,1562029200,773,399,-374,1172,27,-1.4634936552647484,-0.4235576964575449
170,1562043600,90,102,12,192,27,-0.27047427065277974,-1.306764254363475
170,1562058000,910,1334,424,2244,27,1.0029039326118085,0.5425621301497582
170,1562072400,901,1470,569,2371,27,1.4510588827898796,0.6570184902049144
170,1562086800,1541,1588,47,3129,27,-0.16229893785117636,1.3401517258097053
170,1562101200,2332,1762,-570,4094,27,-2.0692755189537273,2.209839815992585
170,1562115600,826,441,-385,1267,27,-1.497491617002395,-0.33794073421156184
170,1562130000,100,111,11,211,27,-0.27356499444711124,-1.2896408619142783
170,1562144400,745,1113,368,1858,27,0.8298234001292432,0.19468689407660617
170,1562158800,997,1908,911,2905,27,2.5080864204512614,1.1382759411454926
170,1562173200,1809,2193,384,4002,27,0.8792749808385476,2.126926547291212
170,1562187600,1899,1631,-268,3530,27,-1.1358769330656067,1.7015454296059072
170,1562202000,842,448,-394,1290,27,-1.525308131151379,-0.3172124170362186
170,1562216400,163,79,-84,242,27,-0.5671837549086062,-1.2617026952866417
170,1562230800,181,357,176,538,27,0.23640443161759037,-0.9949382655517894
170,1562245200,537,580,43,1117,27,-0.17466183302850244,-0.4731254114420613
170,1562259600,753,1025,272,1778,27,0.5331139158734167,0.12258839955367311
170,1562274000,748,743,-5,1491,27,-0.32301657515641563,-0.13606494954734927
170,1562288400,611,522,-89,1133,27,-0.5826373738802637,-0.4587057125374747
170,1562302800,110,93,-17,203,27,-0.36010526068839394,-1.2968507113665717
170,1562317200,411,994,583,1405,27,1.4943290159105211,-0.21357083115950232
170,1562331600,639,985,346,1624,27,0.7618274766539497,-0.016201202402973045
170,1562346000,1181,1506,325,2687,27,0.6969222769729876,0.9418075435705001
170,1562360400,1222,1250,28,2472,27,-0.22102268994347532,0.7480428395401174
170,1562374800,722,453,-269,1175,27,-1.1389676568599383,-0.4208540029129349
170,1562389200,202,120,-82,322,27,-0.561002307319943,-1.1896042007637087
170,1562403600,191,420,229,611,27,0.4002127927171612,-0.929148389299613
170,1562418000,516,993,477,1509,27,1.1667122937113794,-0.11984278827968933
170,1562432400,913,1306,393,2219,27,0.9070914949875313,0.5200313506113416
170,1562446800,880,1065,185,1945,27,0.2642209457665741,0.2730940068702959
170,1562461200,712,418,-294,1130,27,-1.2162357517182263,-0.46140940608208475
170,1562475600,205,91,-114,296,27,-0.6599054687385518,-1.213036211483662
170,1562490000,135,327,192,462,27,0.2858560123268948,-1.0634318353485759
170,1562504400,434,739,305,1173,27,0.6351078010863571,-0.4226564652760082
170,1562518800,915,1249,334,2164,27,0.7247387911219714,0.47046363562682514
170,1562533200,935,929,-6,1864,27,-0.3261072989507472,0.20009428116582614
170,1562547600,562,357,-205,919,27,-0.9411613340227206,-0.6515691853863207
170,1562562000,59,67,8,126,27,-0.2828371658301058,-1.3662455123448947
170,1562572362,68,214,146,282,27,0.14368271778764463,-1.2256534480251753
170,1562576400,854,1274,420,2128,27,0.9905410374344825,0.43801931309150527
170,1562590800,855,1449,594,2304,27,1.5283269776481678,0.596636001041958
170,1562605200,1325,1497,172,2822,27,0.22404153644026428,1.0634737530779497
170,1562619600,2359,1840,-519,4199,27,-1.9116486054428194,2.3044690900539346
170,1562634000,679,336,-343,1015,28,-1.2452709293529216,-0.748937187476226
170,1562648400,76,78,2,154,28,-0.19962358409474315,-1.4159973372469823
170,1562662800,976,1245,269,2221,28,0.6096165352789775,0.18541187248141858
170,1562677200,919,1503,584,2422,28,1.5643380244277492,0.34113671580769267
170,1562691600,1397,1586,189,2983,28,0.3671475856538927,0.7757717262855024
170,1562706000,2509,1937,-572,4446,28,-1.939338297654727,1.9092316555707713
170,1562720400,889,405,-484,1294,28,-1.6726224530671336,-0.5327818079337858
170,1562734800,95,98,3,193,28,-0.19659272222442958,-1.3857820691388991
170,1562749200,1014,1241,227,2255,28,0.482320336725808,0.21175338826795248
170,1562763600,1049,1770,721,2819,28,1.979566100660707,0.6487126501386917
170,1562778000,1514,1683,169,3197,28,0.3065303482476215,0.9415683256478042
170,1562792400,2194,1977,-217,4171,28,-0.863382333693413,1.6961752778855703
170,1562806800,898,398,-500,1296,28,-1.7211162429921507,-0.5312323070051662
170,1562821200,103,69,-34,172,28,-0.3087346114260313,-1.4020518288894055
170,1562835600,941,1241,300,2182,28,0.7035732532586979,0.15519660437333554
170,1562850000,1008,1631,623,2639,28,1.682541637369978,0.5092575665629239
170,1562864400,1663,1556,-107,3219,28,-0.5299875279589213,0.9586128358626202
170,1562878800,2285,1888,-397,4173,28,-1.4089374703498538,1.69772477881419
170,1562893200,764,353,-411,1117,28,-1.4513695365342438,-0.6699126401166242
170,1562907600,102,86,-16,188,28,-0.2541790977603872,-1.3896558214604482
170,1562920196,136,384,248,520,28,0.5459684360023928,-1.1324386673095876
170,1562922000,810,1138,328,1948,28,0.7884373856274776,-0.02609500427516267
170,1562925485,133,392,259,525,28,0.5793079165758419,-1.1285649149880386
170,1562936400,1074,1569,495,2643,28,1.2945913179698423,0.5123565684201632
170,1562950800,1774,1953,179,3727,28,0.3368389669507571,1.3521860717320096
170,1562965200,1969,2178,209,4147,28,0.4277648230601639,1.6775812667421346
170,1562979600,1023,599,-424,1622,28,-1.4907707408483202,-0.27866365564016443
170,1562994000,253,90,-163,343,28,-0.6997157926964808,-1.269569499492426
170,1563008400,276,492,216,768,28,0.44898085615235883,-0.9403005521607519
170,1563022800,921,1316,395,2237,28,0.9915051309384861,0.1978078799103757
170,1563037200,1395,1700,305,3095,28,0.7187275626102657,0.8625437782882024
170,1563051600,1121,1244,123,2365,28,0.1671107022131977,0.29697593934203287
170,1563066000,795,511,-284,1306,28,-1.0664500790044216,-0.523484802362068
170,1563080400,226,112,-114,338,28,-0.5512035610511162,-1.273443251813975
170,1563094800,177,340,163,517,28,0.28834517702574014,-1.134762918702517
170,1563109200,582,821,239,1403,28,0.5186906791695707,-0.4483340073240153
170,1563123600,978,1247,269,2225,28,0.6096165352789775,0.18851087433865785
170,1563138000,897,1020,123,1917,28,0.1671107022131977,-0.050112268668767126
170,1563152400,578,329,-249,907,28,-0.9603699135434469,-0.8326102376216867
170,1563166800,76,66,-10,142,28,-0.23599392653850587,-1.4252943428187002
170,1563181200,966,1279,313,2245,28,0.7429744575727742,0.20400588362485428
170,1563195600,937,1615,678,2552,28,1.8492390402372239,0.44185427616796946
170,1563210000,1439,1545,106,2984,28,0.11558605041786717,0.7765464767498123
170,1563224400,2493,2069,-424,4562,28,-1.4907707408483202,1.9991027094307106
170,1563238800,693,350,-343,1043,29,-1.42296496924373,-0.7106896681832441
170,1563253200,88,79,-9,167,29,-0.3937751173890465,-1.3940402341341422
170,1563267600,965,1331,366,2296,29,0.7617524108909126,0.2667512669040567
170,1563274347,484,954,470,1438,29,1.0822187120672213,-0.4025578490615491
170,1563282000,955,1596,641,2551,29,1.6091392649628824,0.4656718083623661
170,1563296400,1476,1652,176,3128,29,0.17628512989573328,0.9157782884464624
170,1563310800,2438,2191,-247,4629,29,-1.1271499220040604,2.086679201108903
170,1563325200,864,421,-443,1285,29,-1.7311056434517194,-0.5219101739365347
170,1563339600,94,74,-20,168,29,-0.42767059155192527,-1.3932601535794038
170,1563354000,1027,1231,204,2258,29,0.26256451867397024,0.23710820582399492
170,1563368400,1055,1836,781,2891,29,2.0405362088540673,0.7308991969734453
170,1563382800,1450,1702,252,3152,29,0.410472042293805,0.9345002217601855
170,1563397200,2137,2399,262,4536,29,0.4412861097146039,2.014131709518226
170,1563411600,710,330,-380,1040,29,-1.536977018700686,-0.7130299098474595
170,1563426000,75,73,-2,148,29,-0.3722052701944873,-1.4088617646741732
170,1563440400,932,1250,318,2182,29,0.6138448872710778,0.1778220836638713
170,1563454800,1026,1597,571,2623,29,1.3934407930172903,0.5218376083035359
170,1563469200,1532,1591,59,3123,29,-0.18423945892761395,0.91187788567277
170,1563483600,2341,2040,-301,4381,29,-1.2935458860763747,1.893219223533763
170,1563498000,851,419,-432,1270,29,-1.6972101692888404,-0.5336113822576117
170,1563512400,100,71,-29,171,29,-0.4554032522306443,-1.3909199119151885
170,1563526800,762,1188,426,1950,29,0.946636815415706,-0.0031566050354533285
170,1563541200,969,1607,638,2576,29,1.5998950447366427,0.48517382223082783
170,1563555600,1683,2060,377,3743,29,0.7956478850537914,1.3955278296106204
170,1563570000,1943,2183,240,4126,29,0.3734951613888463,1.6942986820754538
170,1563584400,832,622,-210,1454,29,-1.0131378725471045,-0.3900765601857336
170,1563598800,191,90,-101,281,29,-0.6772645376603964,-1.305111050893957
170,1563613200,215,421,206,636,29,0.26872733215813,-1.0281824539618007
170,1563627600,590,1011,421,1601,29,0.9312297817053066,-0.27540471863917876
170,1563642000,952,1303,351,2255,29,0.7155313097597142,0.2347679641597795
170,1563656400,800,1099,299,1899,29,0.5552981591715599,-0.042940713327115215
170,1563670800,652,434,-218,1086,29,-1.0377891264837436,-0.6771462043294899
170,1563685200,201,82,-119,283,29,-0.7327298590178345,-1.30355088978448
170,1563699600,176,356,180,532,29,0.18861075686405285,-1.1093108316546014
170,1563714000,486,769,283,1255,29,0.5059956512982816,-0.5453125905786887
170,1563728400,796,1139,343,1935,29,0.6908800558230751,-0.014857813356530353
170,1563742800,751,834,83,1585,29,-0.11028569711769658,-0.28788600751499427
170,1563757200,535,266,-269,801,29,-1.194940870329818,-0.8994691624299535
170,1563771600,67,79,12,146,29,-0.3290655758053688,-1.41042192578365
170,1563786000,917,1151,234,2068,29,0.3550067209363669,0.08889290042368593
170,1563800400,988,1544,556,2532,29,1.347219691886092,0.4508502778223352
170,1563814800,1422,1465,43,2887,29,-0.2335419668008922,0.7277788747544914
170,1563829200,2237,1676,-561,3913,29,-2.0947116390171465,1.52814152391616
170,1563843600,663,297,-366,960,30,-1.4796204856702848,-0.6080012542713533
170,1563858000,73,84,11,157,30,-0.26725738338545,-1.2735465415662466
170,1563872400,1203,1269,66,2472,30,-0.09038743477625663,0.6451799093524058
170,1563878547,421,942,521,1363,30,1.3728094128088886,-0.2739853753425339
170,1563878747,11,24,13,35,30,-0.26082574889057025,-1.374663011117899
170,1563879248,24,58,34,82,30,-0.1932935866943328,-1.3357083056348853
170,1563879429,713,645,-68,1358,30,-0.5213069459332005,-0.27812949294710987
170,1563880358,57,90,33,147,30,-0.19650940394177266,-1.2818347767753984
170,1563880451,4,14,10,18,30,-0.27047320063288993,-1.3887530109734572
170,1563886800,945,1544,599,2489,30,1.6236431581091992,0.6592699092079638
170,1563888564,91,113,22,204,30,-0.23188339366361135,-1.2345918360832329
170,1563894728,622,717,95,1339,30,0.00287126539949988,-0.29387713984449837
170,1563901200,1526,905,-621,2431,30,-2.299653883767454,0.6111981449948831
170,1563915600,2373,2097,-276,4470,30,-1.1901969334006957,2.3011693041409447
170,1563930000,884,428,-456,1312,30,-1.769044037939874,-0.31625537490920835
170,1563944400,112,121,9,233,30,-0.2736890178803298,-1.2105559539766926
170,1563958800,980,1146,166,2126,30,0.23119428996773134,0.35840697111575187
170,1563966647,510,1152,642,1662,30,1.761923299749114,-0.026167142588893764
170,1563966711,522,661,139,1183,30,0.14436722428685458,-0.42317360910726715
170,1563966782,595,1068,473,1663,30,1.2184501849317744,-0.02533831906797858
170,1563966880,288,810,522,1098,30,1.3760252300563285,-0.49362360838505787
170,1563967436,565,738,173,1303,30,0.2537050106998105,-0.323714786597445
170,1563973200,486,673,187,1159,30,0.2987264521639688,-0.4430653736092316
170,1563987600,1498,1569,71,3067,30,-0.07430834853905724,1.1383299042969406
170,1564002000,2512,2129,-383,4641,30,-1.5342893788767629,2.4428981262174414
170,1564016400,894,521,-373,1415,30,-1.502131206402364,-0.23088655225494434
170,1564030800,108,88,-20,196,30,-0.3669477180560863,-1.2412224242505543
170,1564044555,450,881,431,1331,30,1.0833858605392994,-0.30050772801181985
170,1564045200,973,1230,257,2203,30,0.5238336594847605,0.42222638222622105
170,1564059600,999,1640,641,2639,30,1.7587074825016742,0.7835934373452416
170,1564074000,1539,1529,-10,3068,30,-0.3347895455816875,1.1391587278178557
170,1564088400,2307,2254,-53,4561,30,-0.47306968722160236,2.3765922445442262
170,1564102800,955,483,-472,1438,30,-1.8204971138989121,-0.2118236112738951
170,1564117200,133,107,-26,240,30,-0.3862426215407256,-1.2047541893302862
170,1564131600,786,1221,435,2007,30,1.0962491295290588,0.2597769721268449
170,1564146000,1023,1493,470,2516,30,1.2088027331894546,0.6816481442726738
170,1564160400,1712,1901,189,3613,30,0.3051580866588486,1.5908675467166313
170,1564174800,1837,1959,122,3796,30,0.08969833108037664,1.7425422510441102
170,1564189200,978,653,-325,1631,30,-1.3477719785252498,-0.05186067173726448
170,1564203600,296,100,-196,396,30,-0.9329315536055053,-1.0754577200675175
170,1564218000,225,473,248,698,30,0.4948913042578015,-0.8251530167511316
170,1564232400,672,1157,485,1829,30,1.2570399919010529,0.11224638540394205
170,1564246800,1065,1549,484,2614,30,1.253824174653613,0.7628728493223619
170,1564261200,990,1102,112,2092,30,0.05754015860597784,0.3302269714046356
170,1564275600,803,482,-321,1285,30,-1.3349087095354901,-0.33863360997391834
170,1564290000,246,100,-146,346,30,-0.7721406912335111,-1.1168988961132766
170,1564304400,148,305,157,453,30,0.20225193474077244,-1.0282147793753518
170,1564318800,595,722,127,1317,30,0.10577741731757603,-0.3121112573046324
170,1564333200,855,1314,459,2169,30,1.173428743467616,0.3940463825151048
170,1564347600,876,943,67,1819,30,-0.08717161752881676,0.10395815019479021
170,1564362000,603,344,-259,947,30,-1.1355280401942176,-0.6187759600432508
170,1564376400,78,67,-11,145,30,-0.3380053628291274,-1.2834924238172287
170,1564390800,888,1277,389,2165,30,0.9483215361468245,0.39073108843144405
170,1564405200,798,1475,677,2273,30,1.87447690340951,0.480244028690284
170,1564419600,1279,1484,205,2763,30,0.35661116261788667,0.8863675539387245
170,1564434000,1996,1907,-89,3903,30,-0.588839108129438,1.831226367782035
170,1564448400,749,342,-407,1091,31,-1.2392686854192032,-0.8787228838096188
170,1564462800,80,78,-2,158,31,-0.14221116062187578,-1.6072611989112546
170,1564477200,948,1248,300,2196,31,0.6758416109553906,-0.015877398078313724
170,1564491600,863,1570,707,2433,31,1.7783167037764087,0.1691853893590793
170,1564506000,1432,1426,-6,2858,31,-0.15304629666925681,0.5010490377172736
170,1564520400,2404,1987,-417,4391,31,-1.2663565255376559,1.69810073873636
170,1564534800,818,414,-404,1232,31,-1.2311423333836675,-0.7686222381190179
170,1564549200,90,67,-23,157,31,-0.1990956248706261,-1.6080420545544505
170,1564563600,938,1242,304,2180,31,0.6866767470027717,-0.028371088369445744
170,1564578000,1033,1639,606,2672,31,1.504729518580038,0.35580988808286385
170,1564592400,1503,1486,-17,2989,31,-0.18284292079955458,0.6033411269759169
170,1564606800,2270,1780,-490,4050,31,-1.4640977584023593,1.431828964406609
170,1564621200,842,345,-497,1187,31,-1.483059246485276,-0.8037607420628267
170,1564635600,100,75,-25,175,31,-0.2045131928943166,-1.5939866529769269
170,1564650000,928,1307,379,2235,31,0.8898355478911657,0.01457597200632057
170,1564664400,994,1585,591,2579,31,1.4640977584023593,0.28319031326565897
170,1564678800,1460,1575,115,3035,31,0.17471656876401884,0.6392604865629216
170,1564693200,2172,2033,-139,4205,31,-0.5133145702446754,1.5528615891019504
170,1564707600,938,405,-533,1343,31,-1.5805754709117052,-0.6819472617242894
170,1564722000,128,108,-20,236,31,-0.19096927283509035,-1.546354458741986
170,1564736400,736,1160,424,1896,31,1.0117308284242021,-0.2501340910370391
170,1564750800,984,1493,509,2477,31,1.2419774694310486,0.20354303765969237
170,1564765200,1762,1959,197,3721,31,0.39683685773532956,1.174927457795207
170,1564779600,1818,1878,60,3696,31,0.025733448112529905,1.155406066715313
170,1565398800,9057,9187,130,18244,32,0.20476974025379918,3.9965085748622995
170,1565413200,197,101,-96,298,32,-0.5317495376882478,-0.5626792084857566
170,1565427600,218,474,256,692,32,0.615395532380781,-0.4625833661454504
170,1565442000,725,1122,397,1847,32,1.0749053473800227,-0.16915519887881691
170,1565456400,1265,1559,294,2824,32,0.7392350569905058,0.07905200408178997
170,1565470800,1072,1186,114,2258,32,0.15262678252338877,-0.06474050039692394
170,1565485200,815,440,-375,1255,32,-1.4409923631122794,-0.31955301275054593
170,1565499600,262,83,-179,345,32,-0.8022411309147518,-0.5507388415060753
170,1565514000,177,327,150,504,32,0.2699484374168122,-0.5103448340641752
170,1565528400,503,801,298,1304,32,0.7522707964231083,-0.30710454504832513
170,1565542800,918,1142,224,2060,32,0.5111096169199603,-0.11504247192834682
170,1565557200,952,841,-111,1793,32,-0.5806335605605076,-0.18287391838738679
170,1565571600,619,292,-327,911,32,-1.284563489921048,-0.40694633702736144
170,1565586000,80,76,-4,156,32,-0.23192753073838795,-0.59875435978607
170,1565600400,728,1204,476,1932,32,1.332361201173924,-0.14756091817088285
170,1565614800,846,1479,633,2325,32,1.8440139739035764,-0.0477191261918465
170,1565629200,1406,1317,-89,2723,32,-0.5089369936811933,0.053392917593538904
170,1565643600,2171,1589,-582,3760,32,-2.1155918787494636,0.31684314223033455
170,1565658000,711,395,-316,1106,33,-1.1554226679429347,-0.6704724966487103
170,1565672400,88,64,-24,152,33,-0.3619349537726944,-1.4828248400330626
170,1565686800,771,1229,458,2000,33,0.947863259343935,0.09078850438442478
170,1565701200,884,1503,619,2387,33,1.3853684716090333,0.4203276625497752
170,1565715600,1393,1498,105,2891,33,-0.011387299224882767,0.849494938299999
170,1565730000,2225,1944,-281,4169,33,-1.0603128391896524,1.9377405303809236
170,1565744400,826,393,-433,1219,33,-1.4733612383467636,-0.574250468553918
170,1565758800,110,82,-28,192,33,-0.37280464848735523,-1.4487639451322512
170,1565773200,767,1241,474,2008,33,0.9913420382025784,0.09760068336458706
170,1565787600,953,1596,643,2549,33,1.4505866398969984,0.5582742868980615
170,1565802000,1434,1616,182,3050,33,0.19785432403233813,0.9848869955307243
170,1565816400,2265,1978,-287,4243,33,-1.0766173812616437,2.0007531859474246
170,1565830800,846,345,-501,1191,33,-1.6581460484959978,-0.598093094984486
170,1565845200,99,62,-37,161,33,-0.3972614615953421,-1.47516113868038
170,1565859600,736,1147,411,1883,33,0.8201443464466703,-0.008839613200448602
170,1565874000,887,1519,632,2406,33,1.4206949794316812,0.43650658762766065
170,1565888400,1345,1534,189,2879,33,0.21687628978299456,0.8392766698297556
170,1565902800,2263,1824,-439,4087,33,-1.489665780418755,1.8679156958342602
170,1565917200,859,407,-452,1266,33,-1.5249922882414026,-0.5342289170454646
170,1565931600,119,64,-55,183,33,-0.4461750878113158,-1.4564276464849337
170,1565946000,606,1067,461,1673,33,0.9560155303799307,-0.18765931142970851
170,1565960400,917,1606,689,2523,33,1.575588129115598,0.536134705212534
170,1565974800,1582,1840,258,3422,33,0.40437852361089377,1.3016533181082706
170,1565989200,1781,1885,104,3666,33,-0.014104722903547974,1.50942477700322
170,1566003600,958,482,-476,1440,33,-1.5902104565293675,-0.38606402422693503
170,1566018000,240,118,-122,358,33,-0.6282424742818846,-1.3074112312938837
170,1566032400,211,494,283,705,33,0.47231411557752395,-1.0119329680293447
170,1566046800,659,1272,613,1931,33,1.369063929537042,0.032033460680525094
170,1566061200,1084,1636,552,2720,33,1.2033010851384645,0.7038846125990302
170,1566075600,996,1297,301,2293,33,0.5212277417934976,0.3402845595328684
170,1566090000,723,462,-261,1185,33,-1.0059643656163484,-0.6032022292196078
170,1566104400,272,94,-178,366,33,-0.7804182002871362,-1.3005990523137214
170,1566118800,170,374,204,544,33,0.25763764496297265,-1.1490280700051108
170,1566133200,480,907,427,1387,33,0.8636231253053136,-0.4311947099705101
170,1566147600,857,1274,417,2131,33,0.8364488885186616,0.20233793518458215
170,1566162000,804,751,-53,1555,33,-0.4407402404539854,-0.2881389513871022
170,1566176400,572,291,-281,863,33,-1.0603128391896524,-0.8773924331711397
170,1566190800,89,68,-21,157,33,-0.35378268273669883,-1.4785672281704612
170,1566205200,662,1170,508,1832,33,1.0837344432771954,-0.052267254198983155
170,1566219600,782,1378,596,2160,33,1.3228677269997335,0.22703208398767044
170,1566234000,1371,1461,90,2832,33,-0.05214865440486086,0.7992551183213021
170,1566248400,2071,1686,-385,3757,33,-1.342924901770834,1.586913312902566
170,1566262800,626,302,-324,928,34,-1.0372338016995688,-0.8406445070169829
170,1566277200,88,72,-16,160,34,-0.2668125534918505,-1.479385419537943
170,1566291600,753,1152,399,1905,34,0.7712550374373803,-0.028079570125084417
170,1566306000,924,1620,696,2544,34,1.5141612410662517,0.5033728297458707
170,1566320400,1451,1602,151,3053,34,0.15091585056882792,0.9267050230703091
170,1566334800,2297,1897,-400,4194,34,-1.2273377460625123,1.8756677589901212
170,1566349200,874,402,-472,1276,34,-1.4074362196695112,-0.5512150310309228
170,1566363600,115,70,-45,185,34,-0.3393522164724474,-1.4585930721251514
170,1566378000,685,1140,455,1825,34,0.9113316280206017,-0.09461508184601776
170,1566392400,880,1661,781,2541,34,1.72677749463007,0.5008777480563357
170,1566406800,1394,1606,212,3000,34,0.3034992795969799,0.8826252465551908
170,1566421200,2316,1851,-465,4167,34,-1.3899266458466086,1.8532120237843062
170,1566435600,867,355,-512,1222,34,-1.5074909272289552,-0.5961265014425529
170,1566450000,109,69,-40,178,34,-0.3268453780275169,-1.4644149294007331
170,1566464400,719,1253,534,1972,34,1.1089396754505036,0.02764392094119726
170,1566478800,913,1525,612,2438,34,1.3040463551914194,0.415213276715634
170,1566493200,1452,1439,-13,2891,34,-0.2593084504248922,0.7919706118354191
170,1566507600,2309,1816,-493,4125,34,-1.4599649411382194,1.8182808801308161
170,1566522000,790,356,-434,1146,34,-1.3123842474880396,-0.6593352375774395
170,1566536400,98,101,3,199,34,-0.21928656740111463,-1.446949357573988
170,1566550800,599,1156,557,1755,34,1.166471132297184,-0.15283365460183443
170,1566565200,867,1411,544,2278,34,1.1339533523403647,0.2821422532737673
170,1566579600,1603,1793,190,3396,34,0.24846919043928575,1.211976029573811
170,1566594000,1888,1739,-149,3627,34,-0.5994944561270016,1.404097319668006
170,1566608400,916,493,-423,1409,34,-1.2848692029091924,-0.4405997427948712
170,1566622800,251,103,-148,354,34,-0.5969930884380156,-1.3180368036146797
170,1566637200,220,495,275,715,34,0.4610854440031041,-1.017795306973968
170,1566651600,687,1198,511,1885,34,1.0514082186038234,-0.04471344805531775
170,1566666000,1275,1773,498,3048,34,1.0188904386470041,0.9225465535877508
170,1566680400,1114,1404,290,2518,34,0.4986059593378956,0.4817487884365674
170,1566694800,885,480,-405,1365,34,-1.2398445845074428,-0.4771942742413845
170,1566709200,250,81,-169,331,34,-0.6495218099067236,-1.337165763234448
170,1566723600,176,359,183,535,34,0.23095961661638306,-1.167500208346068
170,1566738000,480,943,463,1423,34,0.9313425695324906,-0.4289560282437078
170,1566752400,956,1377,421,2333,34,0.8262851265950745,0.327885417581909
170,1566766800,1003,957,-46,1960,34,-0.3418535841614335,0.01766359418305726
170,1566781200,636,302,-334,938,34,-1.0622474785894298,-0.8323275680518663
170,1566795600,82,91,9,173,34,-0.20427836126719806,-1.4685733988832914
170,1566810000,716,1154,438,1870,34,0.8688083773078381,-0.057188856502992755
170,1566824400,831,1679,848,2510,34,1.8943691297921386,0.475095237264474
170,1566838800,1363,1509,146,2872,34,0.13840901212389745,0.7761684278016974
170,1566853200,2352,1832,-520,4184,34,-1.527501868740844,1.8673508200250044
170,1566867600,719,322,-397,1041,35,-1.4538012494734711,-0.6643722283861301
170,1566882000,73,97,24,170,35,-0.3198247311802109,-1.3977698824741052
170,1566896400,759,1179,420,1938,35,0.7468135140552549,0.09091789298805325
170,1566910800,885,1586,701,2471,35,1.5036957032248657,0.5397134723553216
170,1566925200,1644,2100,456,3744,35,0.843780627258479,1.6116023514069775
170,1566939600,2393,1988,-405,4381,35,-1.4753494968519654,2.147967799919079
170,1566954000,896,401,-495,1297,35,-1.7177672798600256,-0.44881562741423386
170,1566968400,80,81,1,161,35,-0.38177594239338186,-1.4053480442270234
170,1566982800,725,1263,538,1988,35,1.0646501628880451,0.13301879161537672
170,1566997200,951,1637,686,2588,35,1.4632927393901891,0.6382295751432585
170,1567011600,1375,1654,279,3029,35,0.36702565400929354,1.0095595010362517
170,1567026000,2253,1785,-468,4038,35,-1.6450419449576075,1.8591556353356395
170,1567040400,835,414,-421,1249,35,-1.5184459916089539,-0.48923249009646436
170,1567054800,92,91,-1,183,35,-0.3871630042380054,-1.386823648831001
170,1567069200,693,1209,516,1902,35,1.0053924825971858,0.06060524597638033
170,1567083600,943,1628,685,2571,35,1.4605992084678772,0.6239152696099686
170,1567098000,1431,1646,215,3077,35,0.1946396749813395,1.0499763637184822
170,1567112400,2109,1829,-280,3938,35,-1.1386581315629927,1.7749538380809926
170,1567126800,820,426,-394,1246,35,-1.4457206567065357,-0.4917585440141038
170,1567141200,128,82,-46,210,35,-0.5083718957420357,-1.3640891635722463
170,1567155600,531,1113,582,1644,35,1.1831655234697636,-0.15663539094060885
170,1567170000,913,1645,732,2558,35,1.587195161816531,0.6129690359668645
170,1567184400,1839,2081,242,3920,35,0.2673650098837576,1.759797514575156
170,1567198800,1646,1723,77,3369,35,-0.17706759229768645,1.2958456117020514
170,1567213200,898,528,-370,1426,35,-1.381075914571053,-0.34019530895573924
170,1567227600,193,95,-98,288,35,-0.6484355037022483,-1.2984117617136217
170,1567242000,195,400,205,595,35,0.16770436575822167,-1.0399122441418556
170,1567256400,647,1234,587,1881,35,1.1966331780813224,0.042922868552904475
170,1567270800,1094,1673,579,2767,35,1.1750849307028282,0.7889507922290766
170,1567285200,1033,1282,249,2315,35,0.2862197263399401,0.4083586686380723
170,1567299600,766,505,-261,1271,35,-1.0874810440390688,-0.47070809470044206
170,1567314000,177,105,-72,282,35,-0.578403699722142,-1.3034638695489007
170,1567328400,159,340,181,499,35,0.10305962362273889,-1.1207459695063167
170,1567342800,535,987,452,1522,35,0.8330065035692319,-0.25936158359127814
170,1567357200,929,1529,600,2458,35,1.2316490800713755,0.5287672387122175
170,1567371600,892,1077,185,1969,35,0.11383374731198602,0.1170204501369938
170,1567386000,716,380,-336,1096,35,-1.2894958632124525,-0.6180612398960742
170,1567400400,127,77,-50,204,35,-0.5191460194312828,-1.3691412714075253
170,1567414800,146,386,240,532,35,0.26197794803913405,-1.0929593764122831
170,1567429200,491,837,346,1328,35,0.547492225804183,-0.42271307026529326
170,1567443600,909,1197,288,2106,35,0.3912674323100996,0.23237691237586017
170,1567458000,793,816,23,1609,35,-0.32251826210252266,-0.18610601997973528
170,1567472400,539,297,-242,836,36,-0.9061894973542272,-0.9374328630676935
170,1567486800,60,94,34,154,36,-0.2320853883784237,-1.468827229293448
170,1567497449,154,425,271,579,36,0.34676487911166837,-1.137679713683557
170,1567501200,722,1220,498,1942,36,0.9011910846823472,-0.07567015185701255
170,1567515600,849,1757,908,2606,36,1.9025776233782872,0.4416991431193818
170,1567530000,1355,1593,238,2948,36,0.2661654747776049,0.7081754968572235
170,1567544400,2291,1977,-314,4268,36,-1.0820427431740018,1.7366807218102966
170,1567558800,805,363,-442,1168,36,-1.3946707357424903,-0.6787482155794963
170,1567573200,73,85,12,158,36,-0.28581832460113266,-1.46571054679359
170,1567587600,792,1286,494,2078,36,0.891421459914582,0.030297053138152563
170,1567602000,1059,1817,758,2876,36,1.5362166945870896,0.6520752118597831
170,1567616400,1477,1839,362,3316,36,0.5690238425783282,0.9949102868441408
170,1567630800,2326,2082,-244,4408,36,-0.9110743097381098,1.8457646093053197
170,1567645200,878,409,-469,1287,36,-1.460615702924906,-0.5860269112087269
170,1567659600,97,108,11,205,36,-0.288260730793074,-1.429089527420261
170,1567674000,827,1519,692,2346,36,1.3750178859189626,0.23911478062862498
170,1567688400,1015,1770,755,2785,36,1.5288894760112657,0.5811706849880183
170,1567702800,1508,1669,161,3177,36,0.07810019799812351,0.8866055699740824
170,1567717200,2379,1968,-411,4347,36,-1.3189561437923096,1.7982352011824883
170,1567731600,933,460,-473,1393,36,-1.4703853276926713,-0.5034348249624953
170,1567746000,145,82,-63,227,36,-0.4689987889967314,-1.411947773671043
170,1567760400,776,1455,679,2231,36,1.3432666054237254,0.1495101587577133
170,1567774800,1017,1792,775,2809,36,1.577737599850092,0.599870779987165
170,1567789200,1626,1662,36,3288,36,-0.22720057599454108,0.9730935093451363
170,1567803600,2130,1847,-283,3977,36,-1.0063281512238211,1.5099420699456418
170,1567818000,975,504,-471,1479,36,-1.4655005153087886,-0.43642615121555256
170,1567832400,255,91,-164,346,36,-0.7156818143828044,-1.3192264693002738
170,1567846800,226,464,238,690,36,0.2661654747776049,-1.051191774312503
170,1567861200,705,1265,560,1970,36,1.0526202685827089,-0.053853374358007966
170,1567875600,1323,1826,503,3149,36,0.9134031156420538,0.8647887924750778
170,1567890000,1198,1499,301,2697,36,0.42003706486990783,0.5126036699911467
170,1567904400,996,490,-506,1486,36,-1.5509847320267347,-0.4309719568408014
170,1567918800,293,99,-194,392,36,-0.7889540001410439,-1.283384620551909
170,1567933200,203,344,141,547,36,0.02925207415929718,-1.1626131736824195
170,1567947600,532,1024,492,1556,36,0.8865366475306994,-0.37643001309329
170,1567962000,1147,1528,381,2675,36,0.6154295602252132,0.4954619162419288
170,1567976400,1016,895,-121,1911,36,-0.6106583481293278,-0.09982444123091047
170,1567990800,603,307,-296,910,36,-1.0380794317190583,-0.8797742368203243
170,1568005200,86,70,-16,156,36,-0.35420569797548956,-1.467268888043519
170,1568019600,854,1329,475,2183,36,0.8450157422676969,0.11210996875941974
170,1568034000,912,1614,702,2526,36,1.399441947838376,0.37936549312222584
170,1568048400,1630,1608,-22,3238,36,-0.36886013512713745,0.9341349780969138
170,1568062800,2280,2082,-198,4362,36,-0.7987236249088092,1.809922760556955
170,1568077200,811,324,-487,1135,37,-1.357461398300958,-0.8286356426922575
170,1568091600,94,79,-15,173,37,-0.3202951776920706,-1.5548871504436235
170,1568106000,925,1344,419,2269,37,0.6333703726135588,0.02746540698554808
170,1568120400,983,1724,741,2707,37,1.3409286841306387,0.3581287753796212
170,1568134800,1496,1632,136,3128,37,0.011510117460348836,0.6759581774204997
170,1568149200,2421,2134,-287,4555,37,-0.917984186178548,1.7532564118916008
170,1568163600,870,415,-455,1285,37,-1.2871450443613726,-0.7153947631052463
170,1568178000,119,78,-41,197,37,-0.3774272152679839,-1.5367686097097017
170,1568192400,889,1460,571,2349,37,0.9673730538265903,0.08786054276528746
170,1568206800,1051,1951,900,3002,37,1.6903130677679545,0.5808358385674102
170,1568221200,1714,1791,77,3505,37,-0.11813566011576208,0.9605702547825214
170,1568235600,2429,2116,-313,4545,37,-0.9751162237544614,1.7457070199191334
170,1568250000,942,412,-530,1354,37,-1.4519489989072762,-0.6633039584952211
170,1568264400,114,76,-38,190,37,-0.3708350570861478,-1.542053184090429
170,1568278800,849,1384,535,2233,37,0.8882671556445566,0.0002875958846653602
170,1568293200,1005,1779,774,2784,37,1.4134424241308363,0.4162590935676203
170,1568307600,1658,1715,57,3373,37,-0.16208338132800307,0.8609182807459514
170,1568322000,2493,2107,-386,4600,37,-1.135525406179141,1.787228675767704
170,1568336400,916,472,-444,1388,37,-1.26297379769464,-0.6376360257888318
170,1568350800,156,88,-68,244,37,-0.4367566389045093,-1.5012864674391049
170,1568365200,772,1249,477,2021,37,0.7608187641290577,-0.15975951393164398
170,1568379600,1048,1852,804,2900,37,1.4793640059491977,0.5038320404482424
170,1568394000,1820,2068,248,3888,37,0.25761735624889837,1.2497119673280237
170,1568408400,2147,2230,83,4377,37,-0.10495134375208978,1.6188772347816807
170,1568422800,1224,598,-626,1822,37,-1.6628980607260329,-0.3099924141837457
170,1568437200,418,129,-289,547,37,-0.9223789582997721,-1.272539890673342
170,1568451600,289,515,226,804,37,0.2092748629154333,-1.0785205169809293
170,1568466000,831,1543,712,2374,37,1.2772044883728892,0.10673402269645602
170,1568480400,1244,2231,987,3475,37,1.8814856550412027,0.9379220788651191
170,1568494800,1280,1672,392,2952,37,0.5740409489770335,0.543088878705073
170,1568509200,1044,635,-409,1679,37,-1.1860652855732183,-0.4179487193900298
170,1568523600,348,119,-229,467,37,-0.7905357946630492,-1.3329350264530813
170,1568538000,225,384,159,609,37,0.06204999685442597,-1.225733660444044
170,1568552400,641,1226,585,1867,37,0.998136458675159,-0.27602015030764226
170,1568566800,1100,1773,673,2873,37,1.1915064320090192,0.48344868212258035
170,1568581200,1177,1225,48,2402,37,-0.18185985587351153,0.1278723202193648
170,1568595600,790,351,-439,1141,37,-1.2519868673915797,-0.8241060075087772
170,1568610000,128,64,-64,192,37,-0.42796709466206106,-1.5405433056959354
170,1568624400,861,1332,471,2193,37,0.7476344477653853,-0.029909972005204327
170,1568638800,911,1705,794,2616,37,1.4573901453430773,0.2894293084301676
170,1568653200,1559,1709,150,3268,37,0.04227352230891753,0.7816496650350435
170,1568667600,2347,1940,-407,4287,37,-1.181670513451994,1.5509327070294738
170,1568682000,778,323,-455,1101,38,-1.3768761812915251,-0.7458085921351522
170,1568696400,75,77,2,152,38,-0.2800303146400025,-1.4234495615700282
170,1568705775,43,203,160,246,38,0.0991855429769353,-1.3563281167577224
170,1568710800,936,1302,366,2238,38,0.5936062180977529,0.06607526692433591
170,1568725200,974,1844,870,2818,38,1.8032568018884914,0.48022886257473435
170,1568739600,1661,1668,7,3329,38,-0.2680298128166817,0.8451124615012061
170,1568754000,2579,2172,-407,4751,38,-1.261671363787645,1.8605028287682175
170,1568768400,860,373,-487,1233,38,-1.4536793929607783,-0.6515529462285097
170,1568782800,90,75,-15,165,38,-0.3208320208392933,-1.414166808564071
170,1568797200,863,1300,437,2163,38,0.7640133439889085,0.012520922659198169
170,1568811600,1126,2243,1117,3369,38,2.39608159196054,0.8736747784426129
170,1568826000,1711,1880,169,3591,38,0.12078644625891277,1.0321956374674206
170,1568840400,2485,2147,-338,4632,38,-1.096064438625818,1.7755299358675323
170,1568854800,838,404,-434,1242,38,-1.3264740736335776,-0.6451264249166931
170,1568869200,68,73,5,141,38,-0.27283001354601,-1.431304198728915
170,1568883600,853,1303,450,2156,38,0.7952146487295426,0.00752251719445198
170,1568898000,1019,1834,815,2853,38,1.6712512818319623,0.5052208898984653
170,1568912400,1650,1897,247,3547,38,0.30799427470271745,1.0007770888318732
170,1568926800,2443,2126,-317,4569,38,-1.0456623309678705,1.7305442866848166
170,1568941200,998,446,-552,1444,38,-1.6096859166639488,-0.5008867243625889
170,1568955600,138,89,-49,227,38,-0.40243543323787484,-1.3698952173048904
170,1568970000,766,1296,530,2062,38,0.9872226779026757,-0.05959892761785398
170,1568984400,1256,1757,501,3013,38,0.9176197673274149,0.6194701576640924
170,1568998800,1767,2031,264,3798,38,0.34879598090200825,1.1800056276392008
170,1569013200,2085,2271,186,4356,38,0.16158815245820354,1.5784499489718256
170,1569027600,1088,572,-516,1660,38,-1.523282303536039,-0.3466502128789922
170,1569042000,251,98,-153,349,38,-0.6520458711629479,-1.2827801506335998
170,1569056400,223,499,276,722,38,0.3775971852779782,-1.0164365451549815
170,1569070800,773,1374,601,2147,38,1.1576298037938313,0.0010959958826354524
170,1569085200,1347,1963,616,3310,38,1.1936313092637938,0.8315453609540379
170,1569099600,1173,1513,340,2686,38,0.5312036086164846,0.385973216668092
170,1569114000,923,589,-334,1512,38,-1.0864640371671614,-0.45233078556219736
170,1569128400,256,99,-157,355,38,-0.6616462726216045,-1.2784958030923887
170,1569142800,164,323,159,487,38,0.09678544261227114,-1.1842401571857464
170,1569157200,592,1004,412,1596,38,0.7040108348723044,-0.3923499199852431
170,1569171600,1048,1314,266,2362,38,0.35359618163133655,0.15461844944269695
170,1569186000,1008,938,-70,1946,38,-0.4528375408958223,-0.14242964674793368
170,1569200400,642,275,-367,917,38,-1.1656673492010787,-0.8771952500656234
170,1569214800,89,78,-11,167,38,-0.31123161938063665,-1.4127386927170007
170,1569229200,895,1389,494,2284,38,0.9008190647747658,0.09892193140695371
170,1569243600,945,1719,774,2664,38,1.5728471668807316,0.37026394235031823
170,1569258000,1621,1746,125,3367,38,0.015182030213689584,0.8722466625955425
170,1569272400,2476,2052,-424,4528,38,-1.302473069986936,1.7012679118198746
170,1569286800,788,326,-462,1114,39,-1.2767844326959599,-0.7825343025373153
170,1569301200,102,87,-15,189,39,-0.25524806195511396,-1.4578971294522258
170,1569315600,943,1360,417,2303,39,0.73200856480114,0.08558072578898601
170,1569330000,999,1836,837,2835,39,1.6918413963697203,0.47400561651193995
170,1569344400,1704,1715,11,3419,39,-0.19582983904848755,0.9003968499371375
170,1569358800,2558,2183,-375,4741,39,-1.0779619175853257,1.8656181009441772
170,1569373200,848,406,-442,1254,39,-1.2310781073831705,-0.6803172260312748
170,1569387600,72,78,6,150,39,-0.20725642037668493,-1.4863718864789086
170,1569402000,946,1453,507,2399,39,0.9376870287086929,0.15567243539312808
170,1569416400,1072,2043,971,3115,39,1.9980737759654101,0.678439769524021
170,1569430800,1739,1958,219,3697,39,0.27951594420452364,1.1033707589991324
170,1569445200,2417,2074,-343,4491,39,-1.0048317970848624,1.6830876071833907
170,1569459600,905,401,-504,1306,39,-1.372767715852818,-0.6423508833290311
170,1569474000,102,73,-29,175,39,-0.2872424896740666,-1.4681188371028298
170,1569488400,964,1431,467,2395,39,0.8462743780831138,0.15275194749295548
170,1569502800,973,1816,843,2789,39,1.7055532939635571,0.4404200056599552
170,1569517200,1750,1790,40,3540,39,-0.12955566734494273,0.9887416089173583
170,1569531600,2591,2090,-501,4681,39,-1.3659117670558996,1.8218107824415886
170,1569546000,985,426,-559,1411,39,-1.498460110462989,-0.5656880759495007
170,1569560400,136,85,-51,221,39,-0.3375194475181351,-1.434533226250845
170,1569574800,767,1323,556,2090,39,1.0496675257250272,-0.0699352548952042
170,1569589200,1046,1844,798,2890,39,1.6027140620097808,0.514162325139313
170,1569603600,1788,2077,289,3865,39,0.43948808279928697,1.2260312508063809
170,1569618000,2282,2347,65,4629,39,-0.0724227607039558,1.783844439739345
170,1569632400,1140,574,-566,1714,39,-1.5144573243224655,-0.34446111751142733
170,1569646800,287,91,-196,378,39,-0.6688903060358593,-1.319904076169071
170,1569661200,228,424,196,652,39,0.22695367009481565,-1.119850655007249
170,1569675600,776,1543,767,2319,39,1.531869257774957,0.09726267738967635
170,1569690000,1403,1911,508,3314,39,0.9399723449743324,0.8237340425576072
170,1569704400,1491,1432,-59,2923,39,-0.35580197764325094,0.5382563503157368
170,1569718800,809,516,-293,1325,39,-0.8905659838028885,-0.6284785658032113
170,1569733200,257,132,-125,389,39,-0.5066328511754564,-1.3118727344435965
170,1569747600,185,311,126,496,39,0.06698153150005229,-1.2337496831139798
170,1569762000,516,1028,512,1544,39,0.9491136100368903,-0.4685818532687622
170,1569776400,1089,1397,308,2486,39,0.48290909184643704,0.21919304722188182
170,1569790800,1217,1025,-192,2242,39,-0.6597490409733013,0.04104328531135407
170,1569805200,617,292,-325,909,39,-0.9636961043033517,-0.9322093074211603
170,1569819600,84,89,5,173,39,-0.2095417366423244,-1.4695790810529161
170,1569834000,695,1180,485,1875,39,0.8874100708646244,-0.2269114795294807
170,1569848400,853,1518,665,2371,39,1.2987669986797303,0.13522902009191998
170,1569862800,1509,1570,61,3079,39,-0.0815640257665137,0.6521553784224677
170,1569877200,2238,1677,-561,3915,39,-1.5030307429942682,1.2625373495585381
170,1569891600,763,316,-447,1079,40,-1.2518359143084883,-0.7542291789128057
170,1569906000,63,71,8,134,40,-0.17921858379531916,-1.4445087950045172
170,1569920400,800,1258,458,2058,40,0.8816117430858372,-0.03911410573419666
170,1569934800,842,1744,902,2586,40,1.9282976656085782,0.34656593373291833
170,1569949200,1525,1704,179,3229,40,0.22389694041952027,0.8162482545233634
170,1569963600,2446,1990,-456,4436,40,-1.2730525208461114,1.6979069811082266
170,1569978000,857,376,-481,1233,40,-1.3319875390061757,-0.6417391674015639
170,1569992400,78,85,7,163,40,-0.18157598452172172,-1.423325611018634
170,1570006800,929,1369,440,2298,40,0.839178530010591,0.13619500311449198
170,1570021200,1112,1950,838,3062,40,1.7774240191188138,0.6942623329494841
170,1570035600,1662,1822,160,3484,40,0.17910632661787143,1.002514182675095
170,1570050000,2551,2121,-430,4672,40,-1.2117601019596447,1.8702942714761037
170,1570064400,867,355,-512,1222,40,-1.4050669615246554,-0.6497741682237954
170,1570078800,76,73,-3,149,40,-0.20514999178574742,-1.4335519757014743
170,1570093200,890,1332,442,2222,40,0.8438933314633961,0.0806804519790739
170,1570107600,993,1759,766,2752,40,1.6076911668178286,0.46782140068659467
170,1570122000,1593,1679,86,3272,40,0.004658672864081281,0.8476578031920867
170,1570136400,2510,2031,-479,4541,40,-1.3272727375533706,1.774604716229528
170,1570150800,957,356,-601,1313,40,-1.614875626174484,-0.5833027977853343
170,1570165200,150,101,-49,251,40,-0.31359042520026564,-1.3590456044407815
170,1570179600,741,1255,514,1996,40,1.0136261837643812,-0.08440229218677456
170,1570194000,1108,1891,783,2999,40,1.6477669791666725,0.6482436918767034
170,1570208400,1716,2112,396,3828,40,0.7354528980488779,1.253790572024882
170,1570222800,2134,2436,302,4570,40,0.5138572297670363,1.7957879002154111
170,1570237200,1110,657,-453,1767,40,-1.2659803186669039,-0.2516764002132316
170,1570251600,232,112,-120,344,40,-0.4809658767748481,-1.2911133247619146
170,1570266000,214,443,229,657,40,0.34176697673964873,-1.0624810286384165
170,1570280400,887,1055,168,1942,40,0.197965532429092,-0.12384684167772951
170,1570294800,1348,1609,261,2957,40,0.417203799984531,0.6175645978281828
170,1570309200,1125,1230,105,2355,40,0.049449286665730105,0.17783091646605553
170,1570323600,847,426,-421,1273,40,-1.1905434954220215,-0.6125209825934491
170,1570338000,260,91,-169,351,40,-0.596478512368574,-1.2860001424204945
170,1570352400,171,304,133,475,40,0.11545650700500205,-1.195423769515339
170,1570366800,518,751,233,1269,40,0.351196579645259,-0.6154428010742605
170,1570381200,911,1055,144,1966,40,0.14138791499543032,-0.10631593079286064
170,1570395600,939,756,-183,1695,40,-0.62948212253821,-0.30426913286783824
170,1570410000,661,256,-405,917,40,-1.1528250837995804,-0.8725628273856706
170,1570424400,92,77,-15,169,40,-0.23343880050257826,-1.418942883297417
170,1570438800,892,1273,381,2165,40,0.7000918871528393,0.03904453862751036
170,1570453200,980,1986,1006,2966,40,2.1734673411544456,0.6241386894100087
170,1570467600,1573,1820,247,3393,40,0.384200189814895,0.9360428122366339
170,1570482000,2455,2020,-435,4475,40,-1.2235471055916576,1.7263947112961384
170,1570496400,816,321,-495,1137,41,-1.4210636232738247,-0.7368410175607313
170,1570510800,92,69,-23,161,41,-0.2746360292568019,-1.487433373412959
170,1570525200,918,1367,449,2285,41,0.871791564760221,0.14602786001955292
170,1570539600,961,1764,803,2725,41,1.7316122602729882,0.48440965978899986
170,1570554000,1678,1741,63,3419,41,-0.06575303543166641,1.0181300439708092
170,1570568400,2500,2043,-457,4543,41,-1.3287664864673696,1.88254173247276
170,1570582800,825,305,-520,1130,41,-1.4817854238043875,-0.7422243643752452
170,1570597200,86,87,1,173,41,-0.2163431007474618,-1.4782047788737922
170,1570611600,694,1105,411,1799,41,0.7794944279537658,-0.2277302188166998
170,1570626000,950,1552,602,2502,41,1.2434089840072644,0.3129116112694847
170,1570640400,1489,1451,-38,2940,41,-0.3110691095751395,0.6497553119490705
170,1570654800,2198,1611,-587,3809,41,-1.6445198492262953,1.3180593664937281
170,1570669200,790,315,-475,1105,41,-1.3724861828493746,-0.7614506029985093
170,1570683600,84,64,-20,148,41,-0.26734941319313443,-1.4974310174970564
170,1570698000,848,1274,426,2122,41,0.8159275082721034,0.020672784195871447
170,1570712400,1021,1769,748,2790,41,1.5980242991057503,0.5343978802094863
170,1570726800,1670,1758,88,3428,41,-0.0050312349011037575,1.0250514898751844
170,1570741200,2451,2324,-127,4775,41,-0.5272387194639425,2.06096122689665
170,1570755600,1010,404,-606,1414,41,-1.690668417629523,-0.5238142936149659
170,1570770000,146,86,-60,232,41,-0.36450429404203466,-1.4328308557228893
170,1570784400,791,1221,430,2012,41,0.8256429963569933,-0.06392266574649029
170,1570798800,1063,1779,716,2842,41,1.5203003944266302,0.5743884565458754
170,1570813200,1767,2038,271,3805,41,0.43945234498261493,1.3149831683140059
170,1570827600,2229,2158,-71,4387,41,-0.3912218862754822,1.7625700034635925
170,1570842000,1092,614,-478,1706,41,-1.3797727989130422,-0.299251826495242
170,1570856400,278,110,-168,388,41,-0.6268224723340653,-1.3128591267137217
170,1570870800,245,496,251,741,41,0.39087490455816476,-1.0413846373532336
170,1570885200,791,1407,616,2198,41,1.2774131923043794,0.0791205496105941
170,1570899600,1483,1974,491,3457,41,0.9738041896515662,1.0473539266781706
170,1570914000,1305,1516,211,2821,41,0.2937200237092645,0.5582384161023337
170,1570928400,952,522,-430,1474,41,-1.263186941894362,-0.4776713209191322
170,1570942800,302,129,-173,431,41,-0.6389668324401778,-1.2797899962817074
170,1570957200,180,345,165,525,41,0.18199191073302923,-1.2074993390582347
170,1570971600,519,1093,574,1612,41,1.1754005674130343,-0.37154248371871473
170,1570986000,1146,1697,551,2843,41,1.1195365109249167,0.5751575060908061
170,1571000400,1089,1045,-44,2134,41,-0.3256423417024745,0.029901378735038182
170,1571014800,669,349,-320,1018,41,-0.9960110195598862,-0.8283579134074681
170,1571029200,138,77,-61,215,41,-0.36693316606325715,-1.4459046979867087
170,1571043600,565,861,296,1426,41,0.5001741455131775,-0.5145856990757991
170,1571058000,816,1642,826,2458,41,1.7874763167611059,0.27907343129254003
170,1571072400,1444,1673,229,3117,41,0.33743972009126966,0.7858770814017798
170,1571086800,2015,1733,-282,3748,41,-0.903713882753431,1.271147344252964
170,1571101200,783,318,-465,1101,42,-1.3024559415850536,-0.7535864024762536
170,1571115600,79,70,-9,149,42,-0.22832098084626246,-1.4597855427160298
170,1571130000,863,1235,372,2098,42,0.6691470455604905,-0.014006000355395655
170,1571144400,979,1762,783,2741,42,1.6372818457000589,0.46297514163428505
170,1571158800,1600,1769,169,3369,42,0.1909685433017744,0.9288291963302718
170,1571173200,2469,2081,-388,4550,42,-1.1210778890041613,1.8049018692537755
170,1571187600,896,407,-489,1303,42,-1.3589893605713057,-0.6037416269211751
170,1571202000,113,114,1,227,42,-0.20476538960199073,-1.4019246887888213
170,1571216400,868,1248,380,2116,42,0.6879915185559079,-0.0006534956029629138
170,1571230800,1072,1973,901,3045,42,1.9152378223824653,0.6884841107864824
170,1571245200,1648,1737,89,3385,42,0.002523813347600538,0.9406980894435454
170,1571259600,2273,1607,-666,3880,42,-1.7759233255949154,1.3078919701354457
170,1571274000,663,299,-364,962,42,-1.064544470017909,-0.8566974113978175
170,1571288400,62,79,17,141,42,-0.16707644361115595,-1.4657199892726664
170,1571302800,911,1383,472,2294,42,0.9047029580032079,0.1313879402822053
170,1571317200,1035,1930,895,2965,42,1.9011044676359021,0.6291396452201147
170,1571331600,1702,1791,89,3493,42,0.002523813347600538,1.020813117958142
170,1571346000,2557,2021,-536,4578,42,-1.4697006394193828,1.8256724322020041
170,1571360400,888,454,-434,1342,42,-1.229433608727811,-0.5748111999575708
170,1571374800,139,116,-23,255,42,-0.2612988085882429,-1.3811541258405924
170,1571389200,783,1181,398,1964,42,0.730391582795597,-0.11340798017906162
170,1571403600,1051,1954,903,3005,42,1.9199489406313195,0.6588118780032985
170,1571418000,1812,1950,138,3762,42,0.11794621044453203,1.2203588834250534
170,1571432400,2222,2337,115,4559,42,0.06376835058270705,1.811578121629992
170,1571446800,1103,596,-507,1699,42,-1.4013894248109948,-0.3099865223676547
170,1571461200,260,106,-154,366,42,-0.5698770538882026,-1.2988136798672572
170,1571475600,255,476,221,731,42,0.3134576177719874,-1.0280545557207044
170,1571490000,734,1267,533,2001,42,1.0483920645932654,-0.08596116485461654
170,1571504400,1362,1927,565,3289,42,1.123769956574935,0.8694847307639041
170,1571518800,1246,1416,170,2662,42,0.19332410242620157,0.4043724818874969
170,1571533200,926,468,-458,1394,42,-1.2859670277140633,-0.5362372973394317
170,1571547600,267,105,-162,372,42,-0.58872152688362,-1.2943628449497797
170,1571562000,168,367,199,535,42,0.2616353170345896,-1.1734484963583054
170,1571576400,515,845,330,1360,42,0.5702135623345492,-0.561458695205138
170,1571590800,1041,1247,206,2288,42,0.2781242309055798,0.12693710536472771
170,1571605200,828,673,-155,1501,42,-0.5722326130126298,-0.4568640746444149
170,1571619600,521,235,-286,756,42,-0.8808108583125895,-1.0095094102312145
170,1571634000,80,61,-19,141,42,-0.25187657209053416,-1.4657199892726664
170,1571648400,852,1319,467,2171,42,0.892925162381072,0.040145824473914904
170,1571662800,976,1739,763,2715,42,1.5901706632115153,0.44368819032521556
170,1571677200,1669,1698,29,3367,42,-0.13880973411802985,0.9273455846911126
170,1571691600,2337,1940,-397,4277,42,-1.1422779211240057,1.6023888805085456
170,1571706000,789,381,-408,1170,43,-1.2613711464781399,-0.6908723180260793
170,1571720400,110,81,-29,191,43,-0.2957333881152759,-1.3841895750635507
170,1571734800,872,1259,387,2131,43,0.7641750748898729,-0.010302467144557162
170,1571749200,975,1739,764,2714,43,1.724717119488289,0.402571854462027
170,1571763600,1634,1649,15,3283,43,-0.1836276852974236,0.805531526836206
170,1571778000,2395,2038,-357,4433,43,-1.1314304454847202,1.619949142355197
170,1571792400,796,321,-475,1117,43,-1.432077557587142,-0.7284063472630414
170,1571806800,89,67,-22,156,43,-0.2778983899397085,-1.4089761981445634
170,1571821200,887,1396,509,2283,43,1.0750136145211906,0.09734229595012688
170,1571835600,1112,2006,894,3118,43,2.055938514177398,0.688680303740003
170,1571850000,1681,2014,333,3695,43,0.6265908032497816,1.0973054899612706
170,1571864400,2651,2386,-265,5037,43,-0.8970276123201198,2.047695437810389
170,1571878800,901,429,-472,1330,43,-1.4244339869404703,-0.5775620410843065
170,1571893200,101,89,-12,190,43,-0.2524198211174693,-1.384897764294437
170,1571907600,880,1461,581,2341,43,1.2584593100413126,0.13841727134151946
170,1571922000,1058,1826,768,2884,43,1.7349085470171848,0.5229640237126605
170,1571936400,1714,1842,128,3556,43,0.10428014239387882,0.9988671868681056
170,1571950800,2532,2279,-253,4811,43,-0.8664533297334329,1.887644671630135
170,1571965200,961,417,-544,1378,43,-1.6078796824605923,-0.5435689580017747
170,1571979600,136,96,-40,232,43,-0.32375981381973895,-1.3551538165972215
170,1571994000,785,1338,553,2123,43,1.1871193173390429,-0.015967980991645796
170,1572008400,1139,1805,666,2944,43,1.4750271450303454,0.5654553775658252
170,1572022800,1842,1961,119,3803,43,0.08134943045386359,1.1737899268969672
170,1572037200,2149,2455,306,4604,43,0.5577986674297358,1.7410495008367166
170,1572051600,1126,548,-578,1674,43,-1.6945068164562054,-0.33394494565949534
170,1572066000,258,154,-104,412,43,-0.4868226542820695,-1.2276797550377272
170,1572080400,237,518,281,755,43,0.4941022453741379,-0.9847708488438021
170,1572094800,755,1081,326,1836,43,0.6087558050742141,-0.21921829025595052
170,1572109200,1419,1569,150,2988,43,0.16033299380280497,0.5966157037248127
170,1572123600,1243,1186,-57,2429,43,-0.3670733808175455,0.20073792365949444
170,1572138000,937,507,-430,1444,43,-1.3174239978870659,-0.49682846876329356
170,1572152400,318,142,-176,460,43,-0.6702683498021914,-1.1936866719551955
170,1572166800,170,330,160,500,43,0.1858115626250441,-1.1653591027197523
170,1572181200,431,640,209,1071,43,0.310656549854016,-0.7609830518838011
170,1572195600,723,838,115,1561,43,0.07115800292496792,-0.4139703287496223
170,1572210000,814,704,-110,1518,43,-0.502109795575413,-0.4444224656777237
170,1572224400,601,285,-316,886,43,-1.0269683133135394,-0.8919980595977257
170,1572238800,96,76,-20,172,43,-0.27280267617526066,-1.3976451704503863
170,1572253200,882,1304,422,2186,43,0.85335006576771,0.02864794055417719
170,1572267600,939,1778,839,2717,43,1.9158063856550827,0.4046964221546852
170,1572282000,1631,1673,42,3304,43,-0.1148355494773779,0.8204035006848137
170,1572296400,2459,2217,-242,4676,43,-0.8384269040289698,1.7920391254605144
170,1572310800,813,460,-353,1273,44,-1.1341886025653827,-0.7074429649008108
170,1572325200,106,104,-2,210,44,-0.34172410761212085,-1.4626013297773581
170,1572339600,897,1328,431,2225,44,0.6358745428572875,-0.031139330505257547
170,1572354000,1013,1780,767,2793,44,1.3944730337527176,0.3723695606046944
170,1572368400,1692,1577,-115,3269,44,-0.5968480048477863,0.710521377802471
170,1572382800,2727,2120,-607,4847,44,-1.707652937944666,1.831537275991739
170,1572397200,920,423,-497,1343,44,-1.459302241520567,-0.657714756489373
170,1572411600,98,111,13,209,44,-0.3078581035542891,-1.4633117327546643
170,1572426000,912,1318,406,2230,44,0.5794312027609013,-0.027587315618726283
170,1572440400,1204,1986,782,3190,44,1.4283390378105494,0.654399542595277
170,1572454800,1592,1941,349,3533,44,0.45074038734114097,0.8980677638113219
170,1572469200,2387,2211,-176,4598,44,-0.7345697546829686,1.6546469346424817
170,1572483600,1024,423,-601,1447,44,-1.6941065363215335,-0.5838328468495227
170,1572498000,111,130,19,241,44,-0.29431170193115647,-1.4405788374808643
170,1572512400,841,1226,385,2067,44,0.532018797079937,-0.1433830009196456
170,1572526800,991,1708,717,2699,44,1.2815863535599452,0.30559168073790655
170,1572541200,1650,1607,-43,3257,44,-0.4342911853701941,0.701996542074796
170,1572555600,2380,2833,453,5213,44,0.6855446821421074,2.0915447656858275
170,1572570000,1509,861,-648,2370,44,-1.8002200157027395,0.0718691012041492
170,1572584400,302,136,-166,438,44,-0.7119924186444142,-1.3006294509515324
170,1572598800,757,1364,607,2121,44,1.033235657135846,-0.1050212401451079
170,1572613200,1009,1798,789,2807,44,1.4441431730375374,0.38231520228698196
170,1572627600,1731,1887,156,3618,44,0.014997801797039743,0.9584520168823535
170,1572642000,2212,2296,84,4508,44,-0.1475590176805524,1.590710666684919
170,1572656400,1043,573,-470,1616,44,-1.39834343421647,-0.4637747436847659
170,1572670800,261,152,-109,413,44,-0.5833016032246537,-1.3183895253841886
170,1572685200,216,504,288,720,44,0.3130186375059587,-1.100295811351169
170,1572699600,761,1471,710,2232,44,1.2657822183329572,-0.026166509664113775
170,1572714000,1510,2212,702,3722,44,1.2477203495021136,1.0323339265222038
170,1572728400,1317,1893,576,3210,44,0.9632459154163273,0.668607602141402
170,1572742800,898,574,-324,1472,44,-1.0687143280535747,-0.5660727724168664
170,1572753600,269,127,-142,396,44,-0.6578068121518834,-1.330466375998395
170,1572768000,161,260,99,421,44,-0.11369301362272072,-1.3127063015657388
170,1572782400,578,881,303,1459,44,0.3468846415637904,-0.5753080111218477
170,1572796800,1069,1646,577,2715,44,0.9655036490201827,0.31695812837480664
170,1572811200,1107,1415,308,2522,44,0.35817330958306764,0.1798503537546997
170,1572825600,721,432,-289,1153,44,-0.9896936519186341,-0.7926913221775612
170,1572840000,121,73,-48,194,44,-0.44557985338947137,-1.4739677774142583
170,1572854400,447,960,513,1407,44,0.8210086983734342,-0.6122489659417728
170,1572868800,1126,2181,1055,3307,44,2.044700311663086,0.7375166909401086
170,1572883200,1423,1651,228,3074,44,0.1775546212746319,0.5719927972277516
170,1572897600,2603,2149,-454,4752,44,-1.3622196965547828,1.7640489931476449
170,1572912000,1023,487,-536,1510,45,-1.3522362647912796,-0.4699375588099276
170,1572926400,172,81,-91,253,45,-0.40328962757620745,-1.3396968394343385
170,1572940800,447,919,472,1366,45,0.7972878033273557,-0.5695758534876644
170,1572955200,1118,2134,1016,3252,45,1.9573484115183652,0.7354090337499164
170,1572969600,1399,1629,230,3028,45,0.28123142983061983,0.5804161309178814
170,1572984000,2717,2398,-319,5115,45,-0.8894915001268511,2.0244794711431364
170,1572998400,1156,630,-526,1786,45,-1.3309116212583565,-0.2789641606775987
170,1573012800,196,86,-110,282,45,-0.4438064502887611,-1.3196307939784053
170,1573027200,467,966,499,1433,45,0.8548643408662477,-0.5232163691584396
170,1573041600,1193,2239,1046,3432,45,2.0213223421171342,0.8599569020970874
170,1573056000,1597,1785,188,3382,45,0.19166792699234333,0.825360272000651
170,1573070400,2730,2511,-219,5241,45,-0.6762450647976214,2.111662978986156
170,1573084800,1264,492,-772,1756,45,-1.8554978521682615,-0.29972213873546055
170,1573099200,206,82,-124,288,45,-0.47366095123485324,-1.315479198366833
170,1573113600,443,940,497,1383,45,0.8505994121596632,-0.557812999254876
170,1573128000,1179,2113,934,3292,45,1.7824863345483968,0.7630863378270655
170,1573142400,1559,1775,216,3334,45,0.2513769288845277,0.7921475071080721
170,1573156800,2767,2219,-548,4986,45,-1.377825837030787,1.9352201654943306
170,1573171200,1184,566,-618,1750,45,-1.5270983417612478,-0.3038737343470329
170,1573185600,232,131,-101,363,45,-0.42461427110913047,-1.2635842532221784
170,1573200000,456,964,508,1420,45,0.8740565200458784,-0.5322114929835131
170,1573214400,1123,2114,991,3237,45,1.9040368026860577,0.7250300447209855
170,1573228800,1573,1927,354,3500,45,0.5456570096388647,0.9070083190282409
170,1573243200,2553,2522,-31,5075,45,-0.27534176637866964,1.9968021670659872
170,1573257600,1193,646,-547,1839,45,-1.3756933726774947,-0.2422917327753761
170,1573272000,445,177,-268,622,45,-0.780735818108944,-1.084373709322638
170,1573286400,190,383,193,573,45,0.20233024875880481,-1.1182784068171456
170,1573300800,563,942,379,1505,45,0.5989686184711721,-0.4733972218195712
170,1573315200,1362,1700,338,3062,45,0.5115375799861879,0.6039418393834581
170,1573329600,1403,1547,144,2950,45,0.09783949544748229,0.5264453879674406
170,1573344000,1000,647,-353,1647,45,-0.9619952881387892,-0.37514279234569187
170,1573358400,404,182,-222,586,45,-0.6826424578574983,-1.1092832829920722
170,1573372800,157,286,129,443,45,0.06585253014809783,-1.2082296450678802
170,1573387200,481,672,191,1153,45,0.19806532005222025,-0.7169574976984835
170,1573401600,912,1143,231,2055,45,0.2833638941839121,-0.0928342907587709
170,1573416000,1159,1022,-137,2181,45,-0.5013829878276531,-0.005650782915751173
170,1573430400,844,388,-456,1232,45,-1.1816391165278957,-0.6622948221461139
170,1573444800,175,98,-77,273,45,-0.3734351266301153,-1.325858187395764
170,1573459200,344,707,363,1051,45,0.5648491888184953,-0.7875346230952137
170,1573473600,991,1923,932,2914,45,1.7782214058418122,0.5015358142980064
170,1573488000,1331,1749,418,3080,45,0.6821347282495717,0.6163966262181751
170,1573502400,2204,2111,-93,4315,45,-0.4075545562827921,1.4709333896001542
170,1573516800,1041,493,-548,1534,46,-1.1960692606246162,-0.41024614469752085
170,1573531200,180,103,-77,283,46,-0.21523594330603404,-1.3296384643689705
170,1573545600,457,981,524,1438,46,1.0363156993871037,-0.48079903253801576
170,1573560000,1222,2244,1022,3466,46,2.073375130437324,1.0096307230924397
170,1573574400,1474,1446,-28,2920,46,-0.11319595912639385,0.6083611734996248
170,1573588800,2623,2042,-581,4665,46,-1.2647900662966187,1.8908068951836214
170,1573603200,1124,425,-699,1549,46,-1.5105190077904462,-0.3992222559724435
170,1573617600,178,78,-100,256,46,-0.2631322624107631,-1.3494814640741097
170,1573632000,428,777,349,1205,46,0.6718871844598174,-0.6520367707342171
170,1573646400,1116,2213,1097,3329,46,2.2295587796918754,0.9089458727367334
170,1573660800,1377,1491,114,2868,46,0.18251175012888993,0.5701450259193568
170,1573675200,2415,2033,-382,4448,46,-0.8503827836078759,1.7313279716275025
170,1573689600,1206,546,-660,1752,46,-1.4293035101780796,-0.2500322952263969
170,1573704000,198,111,-87,309,46,-0.23606042987330753,-1.3105303905788364
170,1573718400,445,887,442,1332,46,0.865554909535461,-0.5587011795285622
170,1573732800,1181,2120,939,3301,46,1.9005318919289542,0.8883679471165891
170,1573747200,1563,1557,-6,3120,46,-0.06738208867839214,0.755346356500656
170,1573761600,2707,2191,-516,4898,46,-1.129430903609341,2.0620446333798226
170,1573776000,1223,617,-606,1840,46,-1.3168512827148025,-0.18535881470594323
170,1573790400,249,116,-133,365,46,-0.33185306808276566,-1.2693745393385478
170,1573804800,429,977,548,1406,46,1.08629446714856,-0.5043166618181808
170,1573819200,1120,1927,807,3047,46,1.6256486692409438,0.7016967647052796
170,1573833600,1444,1751,307,3195,46,0.5844243408772687,0.8104658001260426
170,1573848000,2412,2329,-83,4741,46,-0.22773063524639814,1.9466612647240131
170,1573862400,1241,627,-614,1868,46,-1.3335108719686213,-0.16478088908579885
170,1573876800,450,171,-279,621,46,-0.6358905719649588,-1.081233505097228
170,1573891200,181,374,193,555,46,0.34702519401035065,-1.1297386154875682
170,1573905600,568,844,276,1412,46,0.5198684325187207,-0.49990710632814983
170,1573920000,1141,1522,381,2663,46,0.7385255414750926,0.41948521334329986
170,1573934400,1557,1238,-319,2795,46,-0.7191885182340528,0.5164954341239804
170,1573948800,956,603,-353,1559,46,-0.7899917725627827,-0.39187299682239196
170,1573963200,405,163,-242,568,46,-0.5588399716660468,-1.120184578592501
170,1573977600,133,238,105,371,46,0.16376971221834377,-1.2649649838485169
170,1573992000,428,636,208,1064,46,0.3782619238612609,-0.755661324749944
170,1574006400,926,1046,120,1972,46,0.19500644206925405,-0.08834859392526268
170,1574020800,1163,912,-251,2075,46,-0.577582009576593,-0.012651224679731655
170,1574035200,735,367,-368,1102,46,-0.821228502413693,-0.727734139979748
170,1574049600,137,76,-61,213,46,-0.1819167647983964,-1.3810832784193314
170,1574064000,427,795,368,1222,46,0.711453708937637,-0.6395430301791294
170,1574078400,1162,2059,897,3221,46,1.8130690483464054,0.8295738739161767
170,1574092800,1405,1386,-19,2791,46,-0.0944539212158477,0.5135557304639597
170,1574107200,2556,1978,-578,4534,46,-1.2585427203264368,1.794531600317946
170,1574121600,1034,523,-511,1557,47,-1.4117439885987768,-0.2062795998600349
170,1574136000,161,85,-76,246,47,-0.4461935691598287,-1.0816292968197798
170,1574150400,428,1012,584,1440,47,1.018779481023403,-0.2844000533644515
170,1574164800,1159,2147,988,3306,47,1.9155205602264724,0.9615210256034235
170,1574179200,1405,1562,157,2967,47,0.07098631067758492,0.7351720192957549
170,1574193600,2567,2372,-195,4939,47,-0.7103326494201387,2.051868893746264
170,1574208000,1250,590,-660,1840,47,-1.7424727529583246,-0.017321579845078518
170,1574222400,128,91,-37,219,47,-0.3596269798308196,-1.0996570937823376
170,1574236800,437,941,504,1378,47,0.8412069900921022,-0.3257972167599543
170,1574251200,1207,2139,932,3346,47,1.7912198165745619,0.9882288729553608
170,1574265600,1461,1630,169,3091,47,0.09762218431728004,0.8179663460867606
170,1574280000,2497,2234,-263,4731,47,-0.8612692667117444,1.9129880875161898
170,1574294400,1266,622,-644,1888,47,-1.7069582547720645,0.01472783697724624
170,1574308800,229,108,-121,337,47,-0.5460780953086855,-1.0208689440941225
170,1574323200,422,1026,604,1448,47,1.0631726037562284,-0.27905848389406407
170,1574337600,1208,2095,887,3303,47,1.691335290425705,0.9595179370520281
170,1574352000,1357,1906,549,3263,47,0.941091516240959,0.9328100897000909
170,1574366400,2554,2354,-200,4908,47,-0.721430930103345,2.0311703120485123
170,1574380800,1247,647,-600,1894,47,-1.609293384759849,0.018734014080036835
170,1574395200,268,139,-129,407,47,-0.5638353444018156,-0.9741302112282323
170,1574409600,414,993,579,1407,47,1.0076812003401967,-0.3064340274297998
170,1574424000,1168,2039,871,3207,47,1.655820792239445,0.8954191034073786
170,1574438400,1625,1911,286,3536,47,0.3573219523043075,1.1150911478770629
170,1574452800,2488,2452,-36,4940,47,-0.3574073236941783,2.052536589930062
170,1574467200,1719,1054,-665,2773,47,-1.7535710336415309,0.6056389596388589
170,1574481600,413,171,-242,584,47,-0.814656487842278,-0.8559479866959097
170,1574496000,168,342,174,510,47,0.10872046500048634,-0.9053575042969937
170,1574510400,530,896,366,1426,47,0.5348944432356083,-0.29374779993762956
170,1574524800,1196,1628,432,2824,47,0.6813917482539315,0.639691465012579
170,1574539200,1356,1556,200,2912,47,0.1664315245531591,0.6984487291868411
170,1574553600,938,613,-325,1551,47,-0.9988879471835026,-0.2102857769628255
170,1574568000,383,143,-240,526,47,-0.8102171755689954,-0.8946743653562188
170,1574582400,164,285,121,449,47,-0.00892131024150046,-0.9460869715086981
170,1574596800,404,684,280,1088,47,0.3440040154844599,-0.5194291100614997
170,1574611200,869,984,115,1853,47,-0.02223924706134802,-0.008641529455698897
170,1574625600,1048,915,-133,1963,47,-0.5727139689483806,0.06480505076212867
170,1574640000,864,395,-469,1259,47,-1.3185184308598439,-0.4052530626319678
170,1574654400,142,83,-59,225,47,-0.4084594148369273,-1.095650916679547
170,1574668800,400,992,592,1392,47,1.0365367301165331,-0.31644947018677627
170,1574681551,761,1858,1097,2619,47,2.1574630791203697,0.5028137473339004
170,1574681633,4,17,13,21,47,-0.24864417299875657,-1.2318609381744272
170,1574681714,1014,1207,193,2221,47,0.15089393159667028,0.23707066618212425
170,1574681800,7,5,-2,12,47,-0.2819390150483755,-1.2378702038286131
170,1574681881,6,22,16,28,47,-0.2419852045888328,-1.2271870648878382
170,1574681974,19,48,29,67,47,-0.21312967481249642,-1.2011469137196993
170,1574683200,889,2094,1205,2983,47,2.397185941877626,0.7458551582365298
170,1574683607,15,29,14,44,47,-0.2464245168621153,-1.2165039259470631
170,1574683922,18,35,17,53,47,-0.23976554845219153,-1.2104946602928774
170,1574684120,16,18,2,34,47,-0.2730603905018104,-1.2231808877850476
170,1574684206,8,16,8,24,47,-0.25974245368196286,-1.229857849623032
170,1574697600,1355,1674,319,3029,47,0.4305706048134691,0.7765691826912577
170,1574712000,2578,2383,-195,4961,47,-0.7103326494201387,2.066558209789829
170,1574726400,1175,547,-628,1722,48,-1.774505446582324,-0.026643304960096592
170,1574740800,216,117,-99,333,48,-0.45745309942461315,-1.1235502384548866
170,1574755200,457,1144,687,1601,48,1.499452656465672,-0.1221981926151503
170,1574769600,1162,2198,1036,3360,48,2.368358647312631,1.266901372552118
170,1574784000,1688,1750,62,3438,48,-0.05661108072444028,1.3284987381479378
170,1574798400,2590,2427,-163,5017,48,-0.6167940261128807,2.5754505365556217
170,1574812800,1142,516,-626,1658,48,-1.7695260426233157,-0.07718473314128202
170,1574827200,232,138,-94,370,48,-0.44500458952709226,-1.094330975287639
170,1574841600,356,813,457,1169,48,0.9268212011797106,-0.463352832838152
170,1574856000,920,1788,868,2708,48,1.9500887147559285,0.7520105729562915
170,1574870400,1831,2001,170,3832,48,0.2122767330620111,1.6396444053883603
170,1574884800,1741,1933,192,3674,48,0.26705017661110303,1.514870254566059
170,1574899200,841,484,-357,1325,48,-1.0997962101366914,-0.3401581016465125
170,1574913600,286,112,-174,398,48,-0.6441807478874266,-1.07221910045837
170,1574928000,180,218,38,398,48,-0.11636392823254059,-1.07221910045837
170,1574942400,405,446,41,851,48,-0.10889482229402804,-0.714480554113417
170,1574956800,571,727,156,1298,48,0.17742090534895258,-0.3614802666604501
170,1574971200,494,602,108,1096,48,0.057915210332751973,-0.5210016493573166
170,1574985600,397,364,-33,761,48,-0.29313276877733735,-0.7855544374932091
170,1575000000,114,96,-18,210,48,-0.25578723908477463,-1.2206845457406024
170,1575014400,139,376,237,515,48,0.3790867656887911,-0.9798230520646406
170,1575028800,515,980,465,1495,48,0.946738817015744,-0.20590743304023867
170,1575043200,1284,2031,747,3315,48,1.6488347752359227,1.231364430862222
170,1575057600,1378,1753,375,3131,48,0.7226656388603678,1.086057824841314
170,1575072000,1047,593,-454,1640,48,-1.3412973021485968,-0.09139950981724043
170,1575086400,325,88,-237,413,48,-0.80103197259619,-1.0603734532284048
170,1575100800,180,277,97,457,48,0.030528488558206,-1.0256262213538399
170,1575115200,510,934,424,1444,48,0.8446610358560727,-0.2461826336221208
170,1575129600,1108,1800,692,2908,48,1.511901166363193,0.9099525360224959
170,1575144000,1278,1546,268,2824,48,0.45626752705342066,0.8436169115346901
170,1575158400,1040,516,-524,1556,48,-1.5155764407138892,-0.1577351343050463
170,1575172800,367,110,-257,477,48,-0.8508260121862735,-1.0098320250472195
170,1575187200,164,233,69,397,48,-0.03918316686791102,-1.0730088102737012
170,1575201600,429,621,192,1050,48,0.26705017661110303,-0.5573283008625436
170,1575216000,891,1115,224,2006,48,0.3467206399552368,0.19763428259391375
170,1575230400,959,817,-142,1776,48,-0.5645102845432929,0.016001025067778615
170,1575244800,755,258,-497,1013,48,-1.4483544872672764,-0.5865475640297915
170,1575259200,155,66,-89,221,48,-0.4325560796295714,-1.211997737771961
170,1575273600,502,853,351,1355,48,0.6629127913522675,-0.3164668071865818
170,1575288000,1430,1995,565,3425,48,1.195709014966162,1.3182325105486346
170,1575302400,1416,1435,19,2851,48,-0.16366826584312,0.8649390765486277
170,1575316800,2421,1832,-589,4253,48,-1.677407069381661,1.972112237642721
170,1575331200,1065,460,-605,1525,49,-1.539130565214928,-0.5231013665351484
170,1575345600,176,91,-85,267,49,-0.47699041277894383,-1.3768291666911716
170,1575360000,573,950,377,1523,49,0.46668026111610367,-0.5244586444368273
170,1575374400,1442,2217,775,3659,49,1.2796259931728762,0.9251141545562298
170,1575388800,1524,1714,190,3238,49,0.08471832168239399,0.639407156252823
170,1575403200,2577,2344,-233,4921,49,-0.7792918407799547,1.7815565105156108
170,1575417600,1169,591,-578,1760,49,-1.4839809803769057,-0.36362121308787854
170,1575432000,206,77,-129,283,49,-0.5668638102927579,-1.3659709434777405
170,1575446400,483,1003,520,1486,49,0.7587688030359994,-0.5495682856178867
170,1575460800,1171,2105,934,3276,49,1.6043957705523406,0.6651954363847219
170,1575475200,1435,1776,341,3211,49,0.393147481332074,0.6210839045801579
170,1575489600,2604,2433,-171,5037,49,-0.6526520533741258,1.8602786288129867
170,1575504000,1197,612,-585,1809,49,-1.498279020890467,-0.3303679044967457
170,1575518400,208,103,-105,311,49,-0.5178419571034047,-1.346969052854236
170,1575532800,436,930,494,1366,49,0.7056617954142002,-0.6310049597186204
170,1575547200,1148,2237,1089,3385,49,1.9209952390669127,0.7391670820262215
170,1575561600,1544,1832,288,3376,49,0.28489088887225256,0.7330593314686665
170,1575576000,2607,2407,-200,5014,49,-0.7118867926445942,1.8446699329436793
170,1575590400,1231,681,-550,1912,49,-1.4267888183226605,-0.2604680925602827
170,1575604800,282,133,-149,415,49,-0.6077153546172188,-1.2763906019669335
170,1575619200,444,902,458,1346,49,0.6321290156301704,-0.6445777387354092
170,1575633600,1163,2088,925,3251,49,1.5860125756063332,0.6482294626137357
170,1575648000,1629,1951,322,3580,49,0.3543385142238361,0.8715016774399136
170,1575662400,2425,2663,238,5088,49,0.18276202806110023,1.8948892153057983
170,1575676800,1304,707,-597,2011,49,-1.5227899474851436,-0.19328283642717753
170,1575691200,484,167,-317,651,49,-0.9508683269426906,-1.1162318095688244
170,1575705600,182,317,135,499,49,-0.02762342520987357,-1.2193849300964201
170,1575720000,543,1169,626,1712,49,0.9752819879556422,-0.39619588272817197
170,1575734400,1361,2370,1009,3731,49,1.757589061769069,0.9739761590166699
170,1575748800,1679,1920,241,3599,49,0.18888975970976937,0.884395817505863
170,1575763200,1101,636,-465,1737,49,-1.2531697549437015,-0.3792299089571858
170,1575777600,459,128,-331,587,49,-0.9794644079698133,-1.1596647024225488
170,1575792000,158,244,86,402,49,-0.12770970880480284,-1.2852129083278465
170,1575806400,451,791,340,1242,49,0.39110490411585097,-0.7151561896227117
170,1575820800,1168,1686,518,2854,49,0.7546836486035532,0.3788097991304756
170,1575835200,1229,1528,299,2757,49,0.30735923825070605,0.3129818208990493
170,1575849600,766,380,-386,1146,49,-1.0918061548620808,-0.7803055289032985
170,1575864000,139,79,-60,218,49,-0.42592598237336765,-1.4100824752823045
170,1575878400,406,841,435,1247,49,0.5851497396570404,-0.7117629948685145
170,1575892800,1183,2382,1199,3565,49,2.1456787328514477,0.8613220931773219
170,1575907200,1329,1585,256,2914,49,0.21952841795311506,0.4195281361808424
170,1575921600,2412,2101,-311,4513,49,-0.9386128636453523,1.5046718185731167
170,1575936000,1001,491,-510,1492,50,-1.3341464664498095,-0.5626542011073686
170,1575950400,170,98,-72,268,50,-0.5106125292371829,-1.3173225159301511
170,1575964800,478,905,427,1383,50,0.4276144905552842,-0.6298591409077635
170,1575979200,1232,2114,882,3346,50,1.2831120737327844,0.5804463345800814
170,1575993600,2673,3245,572,5918,50,0.7002455884909711,2.166236290237105
170,1576008000,2665,2367,-298,5032,50,-0.93554099912315,1.6199649447036202
170,1576022400,1217,582,-635,1799,50,-1.5691732750150567,-0.37337056332093543
170,1576036800,194,120,-74,314,50,-0.5143729581742269,-1.2889607982162232
170,1576051200,426,888,462,1314,50,0.4934219969535535,-0.6724017174786556
170,1576065600,1255,2279,1024,3534,50,1.5501025282629053,0.6963594417587442
170,1576080000,1527,1837,310,3364,50,0.20762939773821273,0.5915443980333577
170,1576094400,2543,2428,-115,4971,50,-0.591461751383628,1.5823548407786285
170,1576108800,1465,610,-855,2075,50,-1.9828204580898923,-0.2032002570373668
170,1576123200,199,91,-108,290,50,-0.5783002501039741,-1.3037582161539247
170,1576137600,453,952,499,1405,50,0.5629899322888667,-0.616294841131537
170,1576152000,1225,2239,1014,3464,50,1.5313003835776855,0.6532003061071144
170,1576166400,1525,1870,345,3395,50,0.273436904136482,0.6106577295362222
170,1576180800,2699,2510,-189,5209,50,-0.7305976220542544,1.7290959019941696
170,1576195200,1238,632,-606,1870,50,-1.5146470554279194,-0.3295948685885681
170,1576209600,254,106,-148,360,50,-0.6535088288448533,-1.260599080502295
170,1576224000,406,903,497,1309,50,0.5592295033518228,-0.6754845128823435
170,1576238400,1089,2430,1341,3519,50,2.1461305147843723,0.6871110555476806
170,1576252800,1585,2096,511,3681,50,0.5855525059111304,0.7869936266271665
170,1576267200,2415,2618,203,5033,50,0.0064464496063610455,1.6205815037843578
170,1576281600,1159,665,-494,1824,50,-1.3040630349534579,-0.3579565863024962
170,1576296000,370,150,-220,520,50,-0.7888842705784357,-1.1619496275842842
170,1576310400,151,295,144,446,50,-0.10448620403643567,-1.2075749995588643
170,1576324800,503,1125,622,1628,50,0.79425631191707,-0.47880216612705945
170,1576339200,1260,2517,1257,3777,50,1.988192499428526,0.846183298377973
170,1576353600,1517,2028,511,3545,50,0.5855525059111304,0.7031415916468574
170,1576368000,1139,679,-460,1818,50,-1.2401357430237105,-0.36165594078692165
170,1576382400,457,164,-293,621,50,-0.9261399267805401,-1.09967716042979
170,1576396800,174,224,50,398,50,-0.2812263640775016,-1.2371698354342675
170,1576411200,435,810,375,1245,50,0.32984333819214134,-0.7149442940495478
170,1576425600,1300,2055,755,3355,50,1.044324836230493,0.5859953663067196
170,1576440000,1356,1554,198,2910,50,-0.002954622736248846,0.311626575378502
170,1576454400,779,432,-347,1211,50,-1.027671508080727,-0.7359073027946251
170,1576468800,132,70,-62,202,50,-0.4918103845519632,-1.3580154152588306
170,1576483200,404,908,504,1312,50,0.5723910046314766,-0.6736348356401308
170,1576497600,1121,2215,1094,3336,50,1.6817175410594438,0.5742807437727058
170,1576512000,1578,1807,229,3385,50,0.05533202578793248,0.6044921387288466
170,1576526400,2536,2578,42,5114,50,-0.2962680798256775,1.6705227893241008
170,1576540800,1183,522,-661,1705,51,-1.6504747918958351,-0.024040092200164002
170,1576555200,180,98,-82,278,51,-0.40677880424958357,-0.9138464135987331
170,1576569600,415,837,422,1252,51,0.6758166668621794,-0.30650839184525985
170,1576584000,1109,2342,1233,3451,51,2.417850252321782,1.0646787845776227
170,1576598400,1556,1525,-31,3081,51,-0.2972304530061314,0.833965162350944
170,1576612800,2509,2370,-139,4879,51,-0.5292151968157949,1.955108656306534
170,1576627200,1141,619,-522,1760,51,-1.3519018345852498,0.010255175968666621
170,1576641600,192,88,-104,280,51,-0.4540349557663669,-0.9125993129380483
170,1576656000,426,948,522,1374,51,0.8906173555748308,-0.23043525154349012
170,1576670400,1158,2358,1200,3516,51,2.346966025046607,1.1052095560498771
170,1576684800,1490,2013,523,3503,51,0.8927653624619574,1.0971034017554262
170,1576699200,2451,2624,173,5075,51,0.14096295196767747,2.0773245210536397
170,1576713600,1163,580,-583,1743,51,-1.482930254699967,-0.00034517964715375396
170,1576728000,208,84,-124,292,51,-0.49699509350889715,-0.9051167089739398
170,1576742400,377,856,479,1233,51,0.7982530594283908,-0.318355848121765
170,1576756800,1092,2277,1185,3369,51,2.3147459217397097,1.013547657489548
170,1576771200,1493,1729,236,3222,51,0.27628738585664786,0.9218857589292189
170,1576785600,2503,2549,46,5052,51,-0.1318339226973898,2.062982863455765
170,1576800000,1218,594,-624,1812,51,-1.5709985370721542,0.04267979314647012
170,1576814400,231,101,-130,332,51,-0.5098831348316563,-0.8801746957602449
170,1576828800,352,834,482,1186,51,0.8046970800897703,-0.3476627136478566
170,1576843200,1053,1923,870,2976,51,1.6381237522948577,0.7684923776649946
170,1576857600,1608,2278,670,3886,51,1.2085223748695548,1.3359231782765557
170,1576872000,2477,2795,318,5272,51,0.452423950601022,2.2001639361310876
170,1576886400,1411,625,-786,2036,51,-1.9189756527866493,0.1823550671431621
170,1576900800,510,151,-359,661,51,-1.0017767119836278,-0.6750266370776035
170,1576915200,235,276,41,511,51,-0.14257395713302237,-0.7685591866289597
170,1576929600,665,932,267,1597,51,0.3428755993575698,-0.0913835278771405
170,1576944000,1342,2136,794,3478,51,1.4748752288732427,1.0815146434968668
170,1576957126,1237,785,-452,2022,51,-1.2015413524863938,0.17362536251836885
170,1576957209,6,7,1,13,51,-0.2284942326180829,-1.0790872511394625
170,1576957287,6,5,-1,11,51,-0.23279024639233595,-1.0803343518001471
170,1576957368,7,2,-5,9,51,-0.241382273940842,-1.081581452460832
170,1576957449,8,5,-3,13,51,-0.23708626016658899,-1.0790872511394625
170,1576957529,5,2,-3,7,51,-0.23708626016658899,-1.0828285531215167
170,1576957610,4,2,-2,6,51,-0.23493825327946247,-1.0834521034518592
170,1576957691,5,1,-4,6,51,-0.23923426705371548,-1.0834521034518592
170,1576957772,5,6,1,11,51,-0.2284942326180829,-1.0803343518001471
170,1576957853,4,17,13,21,51,-0.20271814997256477,-1.0740988484967235
170,1576957933,5,3,-2,8,51,-0.23493825327946247,-1.0822050027911743
170,1576958013,5,3,-2,8,51,-0.23493825327946247,-1.0822050027911743
170,1576958094,10,23,13,33,51,-0.20271814997256477,-1.066616244532615
170,1576958175,11,1,-10,12,51,-0.2521223083764746,-1.079710801469805
170,1576958400,1606,1903,297,3509,51,0.4073158059713652,1.1008447037374804
170,1576972800,1184,541,-643,1725,51,-1.611810667927558,-0.011569085593316503
170,1576987200,502,109,-393,611,51,-1.0748089461459294,-0.7062041535947222
170,1577001600,215,216,1,431,51,-0.2284942326180829,-0.8184432130563497
170,1577016000,502,672,170,1174,51,0.13451893130629794,-0.3551453176119651
170,1577030400,1109,1826,717,2935,51,1.309478698564501,0.7429268141209572
170,1577044800,1390,1481,91,2871,51,-0.035173612776696665,0.7030195929790453
170,1577059200,1075,367,-708,1442,51,-1.7514311155907814,-0.18803382908020863
170,1577073600,228,64,-164,292,51,-0.5829153689939577,-0.9051167089739398
170,1577088000,311,725,414,1036,51,0.6586326117651673,-0.4411952631992129
170,1577102400,1018,1373,355,2391,51,0.5319002054247031,0.40371543441470525
170,1577116800,1556,2314,758,3870,51,1.397546980936688,1.3259463729910776
170,1577131200,2051,2309,258,4360,51,0.32354353737343117,1.6314860348588414
170,1577145600,1184,480,-704,1664,52,-2.418312297296259,0.3274166483618859
170,1577160000,275,95,-180,370,52,-0.8450942859449657,-1.007083613009792
170,1577174400,279,636,357,915,52,0.7671539432451955,-0.4450259295109014
170,1577188800,686,1162,476,1848,52,1.1244305526932945,0.5171755726991261
170,1577203200,1218,2007,789,3225,52,2.0641581052752693,1.9372736097229286
170,1577217600,1305,1145,-160,2450,52,-0.7850477969620919,1.1380172708024878
170,1577218177,27,11,-16,38,52,-0.35271307628540066,-1.3494747156182905
170,1577232000,647,266,-381,913,52,-1.4485615002228474,-0.44708852651456704
170,1577246400,166,80,-86,246,52,-0.562875787725459,-1.1349646272370626
170,1577260800,755,543,-212,1298,52,-0.9411686683175639,-0.05003860330892874
170,1577275200,183,283,100,466,52,-0.004443440184732673,-0.9080789568338407
170,1577289600,390,560,170,950,52,0.20571927125532558,-0.40893048194675247
170,1577304000,442,550,108,992,52,0.019575155408416842,-0.3656159448697737
170,1577318400,370,288,-82,658,52,-0.5508664899288842,-0.7100696444819379
170,1577332800,78,80,2,158,52,-0.29867123620081426,-1.2257188953983513
170,1577347200,167,620,453,787,52,1.0553770903629895,-0.5770321377455032
170,1577361600,470,880,410,1350,52,0.926277139049811,0.003588918786378256
170,1577376000,991,1383,392,2374,52,0.8722352989652246,1.0596385846631928
170,1577390400,1401,1471,70,2872,52,-0.09451317365904335,1.5732252385759407
170,1577404800,765,434,-331,1199,52,-1.2984452777656628,-0.15213715499037858
170,1577419200,192,73,-119,265,52,-0.6619524945472007,-1.1153699557022387
170,1577433600,206,667,461,873,52,1.079395685956139,-0.48834046658788016
170,1577448000,573,1024,451,1597,52,1.0493724414647023,0.25831964873908647
170,1577462400,1285,1648,363,2933,52,0.7851678899400576,1.636134447187743
170,1577476800,1508,1714,206,3222,52,0.3138029514244984,1.93417971421743
