remote_unit_id,time_stamp,entries,exits,num_people_exited,sum_exit_entry,week_num,z_score_num_people_exited,z_score_sum_exit_entry
113,1546300800,0,0,0,0,1,-0.14682659483393112,-1.1941744884291845
113,1546315200,317,117,-200,434,1,-0.6461559052003365,-0.4650944852443247
113,1546329600,48,87,39,135,1,-0.049457379312482064,-0.9673869298348156
113,1546344000,166,227,61,393,1,0.005468844827822534,-0.5339707067433552
113,1546358400,289,272,-17,561,1,-0.18926958621507559,-0.25174618938147403
113,1546372800,294,349,55,643,1,-0.009511034483169629,-0.11399374638341295
113,1546387200,193,157,-36,350,1,-0.2367058706998841,-0.6062067439252653
113,1546401600,51,28,-23,79,1,-0.20424946552606774,-1.0614617689554426
113,1546416000,62,494,432,556,1,0.9317247155575046,-0.26014572858867285
113,1546430400,381,1263,882,1644,1,2.0552156638819166,1.567594002897796
113,1546444800,414,513,99,927,1,0.10034141379743956,0.36310008058548143
113,1546459200,1311,535,-776,1846,1,-2.0842243190555845,1.9069353868686292
113,1546473600,305,227,-78,532,1,-0.3415650258768292,-0.3004635167832273
113,1546488000,99,38,-61,137,1,-0.29912203449568475,-0.9640271141519361
113,1546502400,68,550,482,618,1,1.056557043149106,-0.15599144241940718
113,1546516800,384,1356,972,1740,1,2.279913853546799,1.7288651556760137
113,1546531200,455,491,36,946,1,-0.056947318967978146,0.39501832957283706
113,1546545600,1375,604,-771,1979,1,-2.071741086296424,2.1303631297801187
113,1546560000,335,166,-169,501,1,-0.5687598620935437,-0.35254065986786015
113,1546574400,70,27,-43,97,1,-0.2541823965627083,-1.031223427809527
113,1546588800,79,511,432,590,1,0.9317247155575046,-0.2030288619797207
113,1546603200,412,1273,861,1685,1,2.002786086293444,1.6364702243968263
113,1546617600,476,506,30,982,1,-0.0719271982789703,0.45549501186466873
113,1546632000,1316,799,-517,2115,1,-1.4375928621310892,2.358830596215927
113,1546646400,362,255,-107,617,1,-0.413967775879958,-0.15767135026084694
113,1546660800,98,44,-54,142,1,-0.2816455086328606,-0.9556275749447373
113,1546675200,33,144,111,177,1,0.13030117241942388,-0.8968308004943453
113,1546689600,153,318,165,471,1,0.26512008621835337,-0.4029378951110532
113,1546704000,253,359,106,612,1,0.11781793966026376,-0.1660708894680458
113,1546718400,329,365,36,694,1,-0.056947318967978146,-0.028318446469984732
113,1546732800,234,197,-37,431,1,-0.23920251725171612,-0.470134208768644
113,1546747200,138,53,-85,191,1,-0.3590415517396534,-0.8733120907141886
113,1546761600,30,108,78,138,1,0.047911836208966996,-0.9623472063104963
113,1546776000,116,222,106,338,1,0.11781793966026376,-0.6263656380225425
113,1546790400,256,305,49,561,1,-0.02449091379416179,-0.25174618938147403
113,1546804800,263,249,-14,512,1,-0.1817796465595795,-0.3340616736120227
113,1546819200,192,124,-68,316,1,-0.316598560358509,-0.6633236105342174
113,1546833600,37,31,-6,68,1,-0.16180647414492327,-1.07994075521128
113,1546848000,77,559,482,636,1,1.056557043149106,-0.12575310127349135
113,1546862400,399,1377,978,1776,1,2.2948937328577914,1.7893418379678454
113,1546876800,415,434,19,849,1,-0.0993903103491226,0.23206726895317947
113,1546891200,1408,429,-979,1837,1,-2.5910435690774856,1.8918162162956713
113,1546905600,270,128,-142,398,2,-0.4051794619811366,-0.623304360434219
113,1546920000,62,19,-43,81,2,-0.2009937629243476,-1.1157780566434168
113,1546934400,80,531,451,611,2,0.8178722505509428,-0.29239932165642996
113,1546948800,349,1438,1089,1787,2,2.133735644472472,1.5345693431448846
113,1546963200,438,409,-29,847,2,-0.17211901760318551,0.07423724713022842
113,1546977600,1356,551,-805,1907,2,-1.7726049011190264,1.7209947171042022
113,1546992000,385,140,-245,525,2,-0.6176150882725433,-0.426004172993941
113,1547006400,61,29,-32,90,2,-0.1783064630291488,-1.101796153596468
113,1547020800,81,601,520,682,2,0.9601834953480988,-0.18209764206383355
113,1547035200,394,1351,957,1745,2,1.8614880457300864,1.4693204622591234
113,1547049600,460,455,-5,915,2,-0.12261945419547908,0.17987829237384184
113,1547064000,1415,520,-895,1935,2,-1.9582282638979254,1.764493971028043
113,1547078400,355,137,-218,492,2,-0.5619280794388736,-0.4772711508327534
113,1547092800,80,23,-57,103,2,-0.22986850824550967,-1.081600071417542
113,1547107200,93,513,420,606,2,0.7539353144826554,-0.3001670455714015
113,1547121600,397,1485,1088,1882,2,2.1316731626638172,1.6821560975293444
113,1547136000,477,463,-14,940,2,-0.14118179047336898,0.21871691194869972
113,1547150400,1420,678,-742,2098,2,-1.642668547173797,2.017721770656116
113,1547164800,424,148,-276,572,2,-0.6815520243408307,-0.3529875681932082
113,1547179200,77,42,-35,119,2,-0.1844939084551121,-1.056743354889633
113,1547193600,76,516,440,592,2,0.795184950655744,-0.3219166725333219
113,1547208000,396,1339,943,1735,2,1.8326133004089245,1.4537850144291802
113,1547222400,510,480,-30,990,2,-0.17418149941183994,0.29639415109841544
113,1547236800,1337,614,-723,1951,2,-1.6034813928093627,1.789350687555952
113,1547251200,381,204,-177,585,2,-0.47736632528404177,-0.3327914860142821
113,1547265600,91,38,-53,129,2,-0.22161858101089194,-1.0412079070596898
113,1547280000,34,181,147,215,2,0.1908777807199949,-0.9076030557221787
113,1547294400,125,298,173,423,2,0.2445023077450102,-0.5844657408593612
113,1547308800,259,329,70,588,2,0.03206668145360347,-0.32813085166529915
113,1547323200,338,317,-21,655,2,-0.15561916313395002,-0.22404335120468008
113,1547337600,259,148,-111,407,2,-0.34124252591284915,-0.6093224573872702
113,1547352000,97,33,-64,130,2,-0.2443058809060907,-1.0396543622766954
113,1547366400,35,103,68,138,2,0.0279417178362946,-1.027226004012741
113,1547380800,88,250,162,338,2,0.2218150078498114,-0.7165170474138779
113,1547395200,215,284,69,499,2,0.030004199644949037,-0.4663963373517932
113,1547409600,247,197,-50,444,2,-0.21543113558492863,-0.5518413004164805
113,1547424000,191,86,-105,277,2,-0.32886763506092254,-0.8112832791765312
113,1547438400,40,25,-15,65,2,-0.14324427228202344,-1.140634773171326
113,1547452800,76,536,460,612,2,0.8364345868288328,-0.2908457768734356
113,1547467200,403,1420,1017,1823,2,1.9852369542493524,1.59049695533268
113,1547481600,411,428,17,839,2,-0.07724485440508154,0.06180888886627389
113,1547496000,1357,440,-917,1797,2,-2.003602863688323,1.5501047909748278
113,1547510400,272,125,-147,397,3,-0.47318032060194537,-0.5169865275293279
113,1547524800,49,26,-23,75,3,-0.19728207724156344,-1.0307817801973638
113,1547539200,79,559,480,638,3,0.9218857970348245,-0.13243790674362413
113,1547553600,419,1420,1001,1839,3,2.081103416315139,1.7839226474623104
113,1547568000,469,435,-34,904,3,-0.22175692141062958,0.2920016498082315
113,1547582400,1365,506,-859,1871,3,-2.0573702340905897,1.834983045242985
113,1547596800,345,129,-216,474,3,-0.6267043431169966,-0.39412244536958024
113,1547611200,40,26,-14,66,3,-0.17725720473960022,-1.0451425170731783
113,1547625600,88,588,500,676,3,0.9663855137058539,-0.07180368437907332
113,1547640000,394,1487,1093,1881,3,2.285802113001874,1.8509394195494455
113,1547654400,455,436,-19,891,3,-0.18838213390735756,0.27125836320983254
113,1547668800,1423,551,-872,1974,3,-2.086295049926759,1.9993337005995304
113,1547683200,321,158,-163,479,3,-0.5087800939387689,-0.38614425821634984
113,1547697600,53,28,-25,81,3,-0.20173204890866636,-1.0212079556134872
113,1547712000,85,403,318,488,3,0.5614380919994868,-0.3717835213405352
113,1547726400,441,1989,1548,2430,3,3.2981706672677915,2.72694436897414
113,1547740800,497,458,-39,955,3,-0.2328818505783869,0.3733791587711813
113,1547755200,1363,589,-774,1952,3,-1.8682464382387152,1.964229677125317
113,1547769600,384,145,-239,529,3,-0.6778790172886804,-0.3063623866840462
113,1547784000,51,32,-19,83,3,-0.18838213390735756,-1.018016680752195
113,1547798400,76,501,425,577,3,0.7995115761894939,-0.22977179001303463
113,1547812800,366,1142,776,1508,3,1.580481603766059,1.25576665791846
113,1547827200,512,491,-21,1003,3,-0.1928321055744605,0.4499697554421928
113,1547841600,1101,626,-475,1727,3,-1.2029756740068265,1.6052112552299502
113,1547856000,352,167,-185,519,3,-0.5577297822769012,-0.3223187609905069
113,1547870400,84,37,-47,121,3,-0.25068173724679865,-0.9573824583876442
113,1547884800,33,166,133,199,3,0.14981571279246544,-0.8329227387972505
113,1547899200,139,302,163,441,3,0.21656528779900946,-0.44677848058090064
113,1547913600,279,329,50,608,3,-0.03485811139230633,-0.18030702966300635
113,1547928000,283,313,30,596,3,-0.07935782806333568,-0.19945467883075924
113,1547942400,237,145,-92,382,3,-0.3508060997566147,-0.540921088989019
113,1547956800,75,47,-28,122,3,-0.20840700640932078,-0.9557868209569982
113,1547971200,30,108,78,138,3,0.02744149194713475,-0.930256622066661
113,1547985600,123,222,99,345,3,0.07416619445171556,-0.5999596739229237
113,1548000000,219,256,37,475,3,-0.06378292722847541,-0.39252680793893413
113,1548014400,246,214,-32,460,3,-0.21730694974352663,-0.41646136939862527
113,1548028800,176,97,-79,273,3,-0.3218812839204456,-0.7148455689294411
113,1548043200,32,26,-6,58,3,-0.1594573180711885,-1.057907616518347
113,1548057600,36,270,234,306,3,0.3745392819811636,-0.6621895337181206
113,1548072000,176,400,224,576,3,0.3522894236456489,-0.2313674274436807
113,1548086400,274,310,36,584,3,-0.06600791306202687,-0.21860232799851212
113,1548100800,320,261,-59,581,3,-0.27738156724941626,-0.22338924029045032
113,1548115200,166,95,-71,261,4,-0.2863758667511997,-0.8384465463445236
113,1548129600,38,20,-18,58,4,-0.1716399633336024,-1.1633826942596786
113,1548144000,75,604,529,679,4,1.0125211530706564,-0.16936620236159383
113,1548158400,390,1350,960,1740,4,1.945562178976023,1.5289453884658906
113,1548172800,439,377,-62,816,4,-0.2668924114538718,0.049925680714151106
113,1548187200,1358,538,-820,1896,4,-1.9078323131621502,1.7786500144499506
113,1548201600,362,125,-237,487,4,-0.6457373755685799,-0.4766949728035137
113,1548216000,63,19,-44,82,4,-0.22792550085921617,-1.1249665979544385
113,1548230400,85,570,485,655,4,0.9172687049503869,-0.20778229866683381
113,1548244800,402,1326,924,1728,4,1.8676283577867117,1.5097373403132706
113,1548259200,448,441,-7,889,4,-0.14782685130353504,0.16677464030925607
113,1548273600,1318,564,-754,1882,4,-1.764953640981746,1.7562406249385605
113,1548288000,358,137,-221,495,4,-0.6111001217066637,-0.4638896073684337
113,1548302400,56,27,-29,83,4,-0.19545307536366976,-1.1233659272750536
113,1548316800,96,600,504,696,4,0.9584004439114124,-0.14215480081204884
113,1548331200,432,1410,978,1842,4,1.9845290895706786,1.6922137977631606
113,1548345600,458,463,5,921,4,-0.12184891090709793,0.21799610204957606
113,1548360000,1317,521,-796,1838,4,-1.855876432369276,1.6858111150456205
113,1548374400,394,165,-229,559,4,-0.6284187486376218,-0.3614466838877938
113,1548388800,70,31,-39,101,4,-0.21710135902736735,-1.0945538550461236
113,1548403200,83,525,442,608,4,0.8241810851964873,-0.2830138205979288
113,1548417600,422,1260,838,1682,4,1.681453118278912,1.4361064890615607
113,1548432000,514,413,-101,927,4,-0.3513207177422925,0.22760012612588604
113,1548446400,1299,675,-624,1974,4,-1.483525953353677,1.9035023274419804
113,1548460800,345,193,-152,538,4,-0.4617269644271503,-0.3950607681548787
113,1548475200,85,44,-41,129,4,-0.22143101576010688,-1.0497350760233435
113,1548489600,34,175,141,209,4,0.17256774691918947,-0.9216814216725435
113,1548504000,173,352,179,525,4,0.2548312248412404,-0.41586948698688375
113,1548518400,231,338,107,569,4,0.0989635824626176,-0.34543997709394375
113,1548532800,300,319,19,619,4,-0.09154131377792128,-0.2654064431246938
113,1548547200,269,160,-109,429,4,-0.36863934467325055,-0.5695338722078437
113,1548561600,102,40,-62,142,4,-0.2668924114538718,-1.0289263571913385
113,1548576000,32,113,81,145,4,0.04267804493700385,-1.0241243451531836
113,1548590400,117,252,135,369,4,0.1595787767209709,-0.6655741129709437
113,1548604800,207,268,61,475,4,-0.0006185223903913578,-0.4959030209561337
113,1548619200,254,276,22,530,4,-0.08504682867881201,-0.40786613358995877
113,1548633600,185,106,-79,291,4,-0.3036944936821578,-0.7904264259629736
113,1548648000,44,21,-23,65,4,-0.1824641051654512,-1.1521779995039836
113,1548662400,78,578,500,656,4,0.9497411304459333,-0.20618162798744882
113,1548676800,384,1425,1041,1809,4,2.1209132766519736,1.6393916653434555
113,1548691200,363,399,36,762,4,-0.054739231549635364,-0.03651053597263887
113,1548705600,1348,453,-895,1801,4,-2.0701944406398822,1.6265862999083756
113,1548720000,260,130,-130,390,5,-0.3927028531353789,-0.5720861077127724
113,1548734400,52,23,-29,75,5,-0.18003267529798872,-1.0411718966833319
113,1548748800,91,585,494,676,5,0.9212198297411703,-0.14618599455220077
113,1548763200,420,1402,982,1822,5,1.9487747484010356,1.5603927805597397
113,1548777600,435,437,2,872,5,-0.11475767021918579,0.14568960747392518
113,1548792000,1440,525,-915,1965,5,-2.0456344333566787,1.7733428371400255
113,1548806400,365,141,-224,506,5,-0.5906335136969103,-0.39934340447282024
113,1548820800,55,22,-33,77,5,-0.18845525659847942,-1.0381935742136774
113,1548835200,104,576,472,680,5,0.8748956325884715,-0.14022934961289207
113,1548849600,435,1458,1023,1893,5,2.0351062067310655,1.6661232282324692
113,1548864000,483,454,-29,937,5,-0.18003267529798872,0.24248508773769142
113,1548878400,1436,504,-932,1940,5,-2.0814304038837643,1.7361138062693462
113,1548892800,385,120,-265,505,5,-0.67696497202694,-0.40083256570764736
113,1548907200,42,19,-23,61,5,-0.16739880334725266,-1.0620201539709122
113,1548921600,92,560,468,652,5,0.8664730512879808,-0.18192586418805293
113,1548936000,437,1597,1160,2034,5,2.323579616272872,1.8760949623431005
113,1548950400,448,468,20,916,5,-0.07685605436697764,0.2112127018063208
113,1548964800,1277,629,-648,1906,5,-1.4834271315489245,1.6854823242852224
113,1548979200,413,135,-278,548,5,-0.7043383612535348,-0.3367986326100789
113,1548993600,53,25,-28,78,5,-0.17792702997286602,-1.0367044129788503
113,1549008000,85,510,425,595,5,0.7759303023077058,-0.2668080545732018
113,1549022400,421,1339,918,1760,5,1.8140134475931844,1.468064784000455
113,1549036800,512,482,-30,994,5,-0.1821383206231114,0.3273672781228403
113,1549051200,1286,759,-527,2045,5,-1.228644047209081,1.8924757359261994
113,1549065600,416,188,-228,604,5,-0.599056094997401,-0.25340560345975727
113,1549080000,69,44,-25,113,5,-0.17161009399749802,-0.9845837697598993
113,1549094400,30,93,63,123,5,0.013686694613297388,-0.9696921574116275
113,1549108800,137,221,84,358,5,0.05790524644087356,-0.6197392672272418
113,1549123200,178,209,31,387,5,-0.05369395579062821,-0.5765535914172538
113,1549137600,223,264,41,487,5,-0.03263750253940146,-0.4276374679345365
113,1549152000,158,107,-51,265,5,-0.22635687245068756,-0.758231262066169
113,1549166400,66,40,-26,106,5,-0.1737157393226207,-0.9950078984036895
113,1549180800,22,52,30,74,5,-0.055799601115750885,-1.042661057918159
113,1549195200,112,149,37,261,5,-0.04106008383989216,-0.7641879070054777
113,1549209600,163,193,30,356,5,-0.055799601115750885,-0.6227175896968962
113,1549224000,174,179,5,353,5,-0.10844073424381775,-0.6271850734013777
113,1549238400,110,81,-29,191,5,-0.18003267529798872,-0.8684291934433798
113,1549252800,27,19,-8,46,5,-0.13581412347041252,-1.0843575724933199
113,1549267200,77,511,434,588,5,0.7948811102338098,-0.277232183216992
113,1549281600,391,1375,984,1766,5,1.952986039051281,1.476999751409418
113,1549296000,421,377,-44,798,5,-0.21161735517482883,0.03549167609671435
113,1549310400,1270,442,-828,1712,5,-1.862443290071006,1.3965850447287507
113,1549324800,240,126,-114,366,6,-0.4124268798385019,-0.6175798389570348
113,1549339200,50,23,-27,73,6,-0.2158691885733544,-1.0586929330545027
113,1549353600,68,615,547,683,6,1.0809597170150902,-0.1403346142850305
113,1549368000,355,1286,931,1641,6,1.9485246991509138,1.3019395978152224
113,1549382400,415,395,-20,810,6,-0.2000542019198368,0.050864576671892384
113,1549396800,1274,564,-710,1838,6,-1.7589600291951446,1.5985241696145436
113,1549411200,379,119,-260,498,6,-0.7422823157547265,-0.41885312079708353
113,1549425600,58,30,-28,88,6,-0.21812847238099978,-1.0361103514454173
113,1549440000,87,578,491,665,6,0.9544398237869492,-0.16743371221593295
113,1549454400,399,1395,996,1794,6,2.095378146647863,1.5322819302278934
113,1549468800,454,444,-10,898,6,-0.17746136384338307,0.18334905544519328
113,1549483200,1414,625,-789,2039,6,-1.9374434499991293,1.9011307631762877
113,1549497600,355,142,-213,497,6,-0.6360959767953939,-0.4203586262376892
113,1549512000,63,26,-37,89,6,-0.23846202664980815,-1.0346048460048116
113,1549526400,83,585,502,668,6,0.9792919456710484,-0.16291719589411588
113,1549540800,451,1376,925,1827,6,1.9349689963050416,1.581963609767881
113,1549555200,516,466,-50,982,6,-0.267832716149198,0.3098115124560714
113,1549569600,1294,652,-642,1946,6,-1.6053287302752592,1.7611187571999585
113,1549584000,349,164,-185,513,6,-0.5728360301813235,-0.39627053918799815
113,1549598400,73,40,-33,113,6,-0.22942489141922665,-0.9984727154302749
113,1549612800,87,542,455,629,6,0.8731056067117158,-0.2216319080777379
113,1549627200,500,1400,900,1900,6,1.8784869011139071,1.6918655069320965
113,1549641600,532,486,-46,1018,6,-0.25879558091861654,0.3640097083178763
113,1549656000,1338,801,-537,2139,6,-1.3681039304724951,2.0516813072368567
113,1549670400,390,244,-146,634,6,-0.48472396168315385,-0.21410438087470943
113,1549684800,69,57,-12,126,6,-0.1819799314586738,-0.978901144702401
113,1549699200,28,95,67,123,6,-0.0034965106546892767,-0.983417661024218
113,1549713600,98,209,111,307,6,0.09591197688170718,-0.7064046599527707
113,1549728000,199,233,34,432,6,-0.07805287630698661,-0.5182164798770592
113,1549742400,202,290,88,492,6,0.04394844930586357,-0.4278861534407177
113,1549756800,139,156,17,295,6,-0.11646070103695796,-0.724470725240039
113,1549771200,59,42,-17,101,6,-0.19327635049690067,-1.0165387807175432
113,1549785600,24,55,31,79,6,-0.08483072772992273,-1.0496599004108684
113,1549800000,92,146,54,238,6,-0.03286720015407914,-0.8102845353545635
113,1549814400,139,216,77,355,6,0.01909632742176446,-0.6341403988036975
113,1549828800,195,184,-11,379,6,-0.17972064765102844,-0.5980082682291609
113,1549843200,100,76,-24,176,6,-0.2090913371504183,-0.9036258726721164
113,1549857600,18,16,-2,34,6,-0.15938709338222007,-1.1174076452381247
113,1549872000,77,580,503,657,6,0.9815512294786938,-0.1794777557407785
113,1549886400,425,1374,949,1799,6,1.9891918076885304,1.5398094574309218
113,1549900800,494,439,-55,933,6,-0.2791291351874249,0.2360417458663925
113,1549915200,1279,448,-831,1727,6,-2.032333369920235,1.431413065707312
113,1549929600,287,129,-158,416,7,-0.5898401492477001,-0.5630766845403479
113,1549944000,46,27,-19,73,7,-0.2271769800736008,-1.1418624653101126
113,1549958400,90,582,492,672,7,1.1060667569621172,-0.1310966265897363
113,1549972800,415,1268,853,1683,7,2.0479473617955692,1.5748871178949055
113,1549987200,476,420,-56,896,7,-0.3237132193501596,0.24688592411704885
113,1550001600,1220,538,-682,1758,7,-1.9570020244076143,1.701443775497624
113,1550016000,411,152,-259,563,7,-0.8533579915972256,-0.31502563563902014
113,1550030400,55,21,-34,76,7,-0.26631329329382736,-1.136800199006004
113,1550044800,81,613,532,694,7,1.2104302588827212,-0.09397334035960563
113,1550059200,480,1444,964,1924,7,2.337556079625246,1.9815558443249737
113,1550073600,464,462,-2,926,7,-0.18282249175734402,0.29750858715813616
113,1550088000,1312,579,-733,1891,7,-2.090065489356385,1.9258709149797775
113,1550102400,409,151,-258,560,7,-0.8507489040492104,-0.3200879019431289
113,1550116800,52,29,-23,81,7,-0.2376133302656612,-1.128363088499156
113,1550131200,81,576,495,657,7,1.1138940196061624,-0.15640795811027997
113,1550145600,458,1389,931,1847,7,2.2514561905407477,1.8516243425195162
113,1550160000,506,454,-52,960,7,-0.3132768691580992,0.3548809386047017
113,1550174400,1390,709,-681,2099,7,-1.9543929368595991,2.2768547120646496
113,1550188800,348,209,-139,557,7,-0.5402674858354132,-0.32515016824723764
113,1550203200,75,32,-43,107,7,-0.28979508122596326,-1.084490113863547
113,1550217600,92,515,423,607,7,0.926039716149075,-0.2407790631787588
113,1550232000,414,1290,876,1704,7,2.1079563753999166,1.6103229820236666
113,1550246400,542,589,47,1131,7,-0.05497720190460396,0.6434301179388994
113,1550260800,1189,706,-483,1895,7,-1.4377936023526088,1.9326206033852558
113,1550275200,370,213,-157,583,7,-0.587231061699685,-0.2812771936116286
113,1550289600,98,40,-58,138,7,-0.3289313944461898,-1.0321800287210903
113,1550304000,29,175,146,204,7,0.20332246534889128,-0.9208101700306982
113,1550318400,170,340,170,510,7,0.26594056650125375,-0.4044590070116077
113,1550332800,285,371,86,656,7,0.04677721246798507,-0.15809538021164954
113,1550347200,312,439,127,751,7,0.1537498019366043,0.002209719418460233
113,1550361600,265,264,-1,529,7,-0.18021340420932894,-0.37239798708558575
113,1550376000,106,35,-71,141,7,-0.36284953257038616,-1.0271177624169814
113,1550390400,30,98,68,128,7,-0.0001863633962867878,-1.049054249734786
113,1550404800,184,283,99,467,7,0.08069535059218141,-0.4770181573704995
113,1550419200,254,322,68,576,7,-0.0001863633962867878,-0.2930891483212157
113,1550433600,288,297,9,585,7,-0.1541225287291779,-0.27790234940888947
113,1550448000,191,135,-56,326,7,-0.3237132193501596,-0.7149446736636098
113,1550462400,46,23,-23,69,7,-0.2376133302656612,-1.1486121537155909
113,1550476800,36,226,190,262,7,0.31812231746155584,-0.8229396881512627
113,1550491200,160,418,258,578,7,0.4955402707265829,-0.28971430411847654
113,1550505600,272,315,43,587,7,-0.06541355209666437,-0.2745275052061503
113,1550520000,325,295,-30,620,7,-0.25587694310176695,-0.2188425758609543
113,1550534400,164,98,-66,262,8,-0.35811952936666486,-1.0501768627498946
113,1550548800,44,25,-19,69,8,-0.2613860932733703,-1.3380123200432386
113,1550563200,99,577,478,676,8,0.7615185394578505,-0.4327474362242761
113,1550577600,415,1311,896,1726,8,1.6218286732237466,1.1331967614856262
113,1550592000,425,445,20,870,8,-0.18111792289808337,-0.14342060350454178
113,1550606400,1217,634,-583,1851,8,-1.4221873263929048,1.319618689784424
113,1550620800,387,138,-249,525,8,-0.7347624826660882,-0.6579451256092239
113,1550635200,46,22,-24,68,8,-0.27167688434712506,-1.339503695469629
113,1550649600,69,576,507,645,8,0.821205127685628,-0.478980074442378
113,1550664000,373,1263,890,1636,8,1.609479723935241,0.9989729731104916
113,1550678400,494,488,-6,982,8,-0.23463003648160802,0.023613444251181122
113,1550692800,1231,605,-626,1836,8,-1.5106881296271955,1.2972480583885682
113,1550707200,354,165,-189,519,8,-0.6112729897810314,-0.6668933781675662
113,1550721600,48,24,-24,72,8,-0.27167688434712506,-1.3335381937640676
113,1550736000,92,568,476,660,8,0.7574022230283487,-0.45660944304652223
113,1550750400,451,1420,969,1871,8,1.7720742229005657,1.3494461983122317
113,1550764800,454,479,25,933,8,-0.17082713182432863,-0.04946395164194765
113,1550779200,1314,626,-688,1940,8,-1.6382939389417541,1.4523511027331681
113,1550793600,318,174,-144,492,8,-0.5186558701172388,-0.7071605146801065
113,1550808000,44,29,-15,73,8,-0.25315346041436654,-1.332046818337677
113,1550822400,70,571,501,641,8,0.8088561783971223,-0.4849455761479395
113,1550836800,361,1316,955,1677,8,1.7432600078940526,1.0601193655924974
113,1550851200,568,528,-40,1096,8,-0.3046074157831402,0.1936302428596848
113,1550865600,1260,808,-452,2068,8,-1.1525686002605307,1.6432471573111374
113,1551499200,80,45,-35,125,9,-0.37660391365545937,-0.9434001056236736
113,1551513600,42,173,131,215,9,0.23771761486228996,-0.7447485557194318
113,1551528000,143,317,174,460,9,0.3968490951409841,-0.2039748920912181
113,1551542400,259,348,89,607,9,0.08228686668310037,0.12048930608571011
113,1551556800,331,421,90,752,9,0.08598759878260488,0.4405390253758774
113,1551571200,237,156,-81,393,9,-0.546837590232667,-0.3518599347977092
113,1551585600,79,50,-29,129,9,-0.3543995210584323,-0.9345711478501517
113,1551600000,36,114,78,150,9,0.041578813588550714,-0.888219119539162
113,1551614400,148,246,98,394,9,0.115593455578641,-0.34965269535432875
113,1551628800,249,326,77,575,9,0.0378780814890462,0.04985764389753526
113,1551643200,323,331,8,654,9,-0.21747243337676528,0.22422955992459193
113,1551657600,170,120,-50,290,9,-0.4321148951480271,-0.579205597465897
113,1551672000,36,25,-11,61,9,-0.28778634326735103,-1.0846634300000233
113,1551686400,82,434,352,516,9,1.0555794088527877,-0.08036948326191212
113,1551700800,386,1213,827,1599,9,2.8134271561174318,2.3100708339191303
113,1551715200,366,423,57,789,9,-0.036136560501044086,0.5222068847809546
113,1551729600,1161,521,-640,1682,9,-2.6155468338556904,2.4932717077197086
113,1551744000,234,141,-93,375,10,-0.3823989371219374,-0.7366399583430119
113,1551758400,46,28,-18,74,10,-0.2080024332947906,-1.2137933299355905
113,1551772800,105,615,510,720,10,1.0197489536483226,-0.1897365922319168
113,1551787200,416,1360,944,1776,10,2.0289233891280785,1.4842632762124788
113,1551801600,421,507,86,928,10,0.03382738534551959,0.1399906545828884
113,1551816000,1286,681,-605,1967,10,-1.572945736581926,1.7870416615087663
113,1551830400,405,149,-256,554,10,-0.7614206721062696,-0.4528842988245017
113,1551844800,56,22,-34,78,10,-0.24520702077791523,-1.2074524213429982
113,1551859200,101,640,539,741,10,1.087182268461486,-0.15644682212080666
113,1551873600,482,1408,926,1890,10,1.9870682282095633,1.6649791711013624
113,1551888000,481,504,23,985,10,-0.11266567786928369,0.2303486020273302
113,1551902400,1395,646,-749,2041,10,-1.9077870239300476,1.9043484704717257
113,1551916800,378,157,-221,535,10,-0.6800356369869345,-0.4830036146393156
113,1551931200,57,24,-33,81,10,-0.24288173406021993,-1.202696739898554
113,1551945600,92,584,492,676,10,0.9778937927298074,-0.2594865867504333
113,1551960000,467,1449,982,1916,10,2.1172842844004993,1.706195076953213
113,1551974400,491,479,-12,970,10,-0.19405071298861884,0.2065701948051087
113,1551988800,1376,719,-657,2095,10,-1.693860645902081,1.9899507364717233
113,1552003200,429,171,-258,600,10,-0.7660712455416603,-0.379963850009689
113,1552017600,57,33,-24,90,10,-0.22195415360096232,-1.188429695565221
113,1552032000,92,558,466,650,10,0.9174363380697298,-0.30070249260228393
113,1552046400,383,1291,908,1674,10,1.945213067291048,1.3225701071013725
113,1552060800,555,512,-43,1067,10,-0.26613460123717286,0.36033722817547453
113,1552075200,1299,700,-599,1999,10,-1.558994016275754,1.8377689302495055
113,1552089600,367,212,-155,579,10,-0.5265667136190454,-0.41325362012079914
113,1552104000,92,51,-41,143,10,-0.26148402780178226,-1.1044126567133716
113,1552118400,37,169,132,206,10,0.14079057435950293,-1.004543346380041
113,1552132800,167,277,110,444,10,0.08963426657020655,-0.6272592851207929
113,1552147200,277,387,110,664,10,0.08963426657020655,-0.2785093125282105
113,1552161600,378,451,73,829,10,0.003598658015480814,-0.016946833083773687
113,1552176000,300,226,-74,526,10,-0.33821848948572686,-0.49727065897264855
113,1552194000,108,63,-45,171,10,-0.2707851746725634,-1.0600262965652247
113,1552208400,43,149,106,192,10,0.08033311969942539,-1.0267365264541146
113,1552222800,169,218,49,387,10,-0.05220822320920615,-0.7176172325652347
113,1552237200,274,381,107,655,10,0.08265840641712068,-0.2927763568615434
113,1552251600,287,258,-29,545,10,-0.23358058718943878,-0.46715134315783463
113,1552266000,174,108,-66,282,10,-0.31961619574416456,-0.8840660831207854
113,1552280400,16,25,9,41,10,-0.14521969191701775,-1.266105825824478
113,1552294800,219,1006,787,1225,10,1.663853374449918,0.6108031175828746
113,1552309200,368,885,517,1253,10,1.0360259606721895,0.6551894777310215
113,1552323600,608,446,-162,1054,10,-0.5428437206429124,0.3397292752495492
113,1552338000,1145,444,-701,1589,10,-1.7961732614806738,1.1878257995087838
113,1552352400,242,125,-117,367,11,-0.4354005853415244,-0.8979900396069048
113,1552366800,20,39,19,59,11,-0.12990885908298277,-1.425744305762687
113,1552381200,212,1063,851,1275,11,1.7389817015575073,0.657856952826375
113,1552395600,392,1014,622,1406,11,1.224587544842757,0.8823238647302953
113,1552410000,613,492,-121,1105,11,-0.44438563611383447,0.3665640137144174
113,1552424400,1278,554,-724,1832,11,-1.7988820400395746,1.6122697003873188
113,1552438800,330,148,-182,478,11,-0.5814076603915628,-0.7077928852455677
113,1552453200,21,41,20,62,11,-0.12766259638990526,-1.4206038421312994
113,1552467600,211,1106,895,1317,11,1.837817260052918,0.7298234436657999
113,1552482000,367,1027,660,1394,11,1.3099455271797025,0.8617620102047454
113,1552496400,685,589,-96,1274,11,-0.38822906878689667,0.6561434649492459
113,1552510800,1141,562,-579,1703,11,-1.4731739495433354,1.3912297642376568
113,1552525200,277,160,-117,437,11,-0.4354005853415244,-0.7780458882078635
113,1552539600,28,35,7,63,11,-0.15686401139991293,-1.4188903542541704
113,1552554000,204,1136,932,1340,11,1.9209289796967859,0.7692336648397706
113,1552568400,366,917,551,1283,11,1.065102893634254,0.6715648558434083
113,1552582800,666,526,-140,1192,11,-0.4870646272823072,0.5156374590246545
113,1552597200,1079,624,-455,1703,11,-1.1946373756017237,1.3912297642376568
113,1552611600,319,140,-179,459,11,-0.5746688723123302,-0.7403491549110218
113,1552626000,27,34,7,61,11,-0.15686401139991293,-1.4223173300084286
113,1552640400,190,997,807,1187,11,1.640146143062097,0.5070700196390088
113,1552654800,332,832,500,1164,11,0.9505434962873007,0.46765979846503797
113,1552669200,686,607,-79,1293,11,-0.35004260300457896,0.6886997346147
113,1552683600,1078,675,-403,1753,11,-1.077831715561693,1.476904158094115
113,1552698000,303,220,-83,523,11,-0.359027653776889,-0.6306859307747554
113,1552712400,58,37,-21,95,11,-0.2197593668060833,-1.364058742186037
113,1552726800,56,261,205,317,11,0.28789600182943453,-0.983664433463363
113,1552741200,236,363,127,599,11,0.11268751176938854,-0.500460852112939
113,1552755600,434,475,41,909,11,-0.08049107983527752,0.030720389797101448
113,1552770000,349,425,76,774,11,-0.001871885577564583,-0.20060047361533553
113,1552784400,264,185,-79,449,11,-0.35004260300457896,-0.7574840336823134
113,1552798800,64,27,-37,91,11,-0.2556995698953235,-1.3709126936945537
113,1552813200,115,246,131,361,11,0.1216725625416986,-0.9082709668696798
113,1552827600,594,968,374,1562,11,0.6675143969595342,1.1496279735624448
113,1552842000,281,334,53,615,11,-0.05353592751834737,-0.47304504607887243
113,1552856400,284,320,36,604,11,-0.09172239330066508,-0.4918934127272932
113,1552870800,170,108,-62,278,11,-0.31185613722226124,-1.0504904606714003
113,1552885200,18,31,13,49,11,-0.14338643524144787,-1.4428791845339786
113,1552899600,240,1055,815,1295,11,1.658116244606717,0.6921267103689583
113,1552914000,349,881,532,1230,11,1.022423902465781,0.5807499983555627
113,1552928400,874,505,-369,1379,11,-1.0014587839970575,0.836059692047808
113,1552942800,1646,442,-1204,2088,11,-2.8770881327167803,2.0509225969323848
113,1552957200,337,143,-194,480,12,-0.6372497757530126,-0.5468832535485345
113,1552971600,30,25,-5,55,12,-0.1842294007053627,-1.2805707780382913
113,1552986000,252,1131,879,1383,12,1.9346595492529568,1.0119869455438193
113,1553000400,373,958,585,1331,12,1.229961188067724,0.9222181190180139
113,1553014800,589,492,-97,1081,12,-0.4047472552259118,0.4906372222593333
113,1553029200,1157,601,-556,1758,12,-1.5049395946273472,1.65935829068184
113,1553043600,321,130,-191,451,12,-0.6300589761490816,-0.5969466375725415
113,1553058000,28,31,3,59,12,-0.16505393509488017,-1.2736654836901524
113,1553072400,210,1091,881,1301,12,1.9394534156555776,0.8704284114069721
113,1553086800,350,986,636,1336,12,1.35220478133455,0.9308497369531874
113,1553101200,601,508,-93,1109,12,-0.39515952242067054,0.5389742826963055
113,1553115600,1258,575,-683,1833,12,-1.8093501111937573,1.7888325597094443
113,1553130000,348,144,-204,492,12,-0.6612191077661157,-0.5261673705041179
113,1553144400,24,22,-2,46,12,-0.17703860110143174,-1.2961076903216038
113,1553158800,232,1148,916,1380,12,2.0233460777014387,1.0068079747827152
113,1553173200,426,1052,626,1478,12,1.3282354493214468,1.175987686312118
113,1553187600,673,561,-112,1234,12,-0.4407012532455665,0.7547647310756458
113,1553202000,1231,682,-549,1913,12,-1.488161062218175,1.926938446672222
113,1553216400,362,182,-180,544,12,-0.603692710934668,-0.43639854397831235
113,1553230800,26,24,-2,50,12,-0.17703860110143174,-1.289202395973465
113,1553242510,90,492,402,582,12,0.791322412227936,-0.3707982476709929
113,1553245200,179,1055,876,1234,12,1.927468749649026,0.7547647310756458
113,1553259600,416,889,473,1305,12,0.9615046695209685,0.877333705755111
113,1553274000,665,571,-94,1236,12,-0.39755645562198083,0.7582173782497152
113,1553288400,917,549,-368,1466,12,-1.0543161527810077,1.1552718032677012
113,1553302800,299,144,-155,443,12,-0.5437693809019102,-0.6107572262688192
113,1553317200,45,25,-20,70,12,-0.22018339872501744,-1.2546759242327705
113,1553331600,46,144,98,190,12,0.06265471902959989,-1.047517093788604
113,1553346000,207,163,-44,370,12,-0.277709795556465,-0.736778848122354
113,1553360400,292,259,-33,551,12,-0.25134353034205154,-0.4243142788690693
113,1553374800,256,247,-9,503,12,-0.19381713351060395,-0.507177811046736
113,1553389200,206,111,-95,317,12,-0.3999533888232912,-0.8282739982351942
113,1553403600,50,26,-24,76,12,-0.22977113153025872,-1.2443179827105622
113,1553418000,42,111,69,153,12,-0.006856343808399285,-1.1113910665088886
113,1553432400,169,135,-34,304,12,-0.2537404635433619,-0.8507162048666457
113,1553446800,220,245,25,465,12,-0.1123214046660532,-0.5727781073540554
113,1553461200,218,119,-99,337,12,-0.40954112162853246,-0.7937475264944998
113,1553475600,152,55,-97,207,12,-0.4047472552259118,-1.0181695928090138
113,1553490000,16,18,2,34,12,-0.1674508682961905,-1.3168235733660205
113,1553504400,192,1065,873,1257,12,1.920277950045095,0.7944701735774444
113,1553518800,364,887,523,1251,12,1.0813513295864843,0.7841122320552361
113,1553533200,564,436,-128,1000,12,-0.4790521844665316,0.35080501170952083
113,1553547600,1153,444,-709,1597,12,-1.8716703744278254,1.3814201931692498
113,1553562000,220,111,-109,331,13,-0.5141004593890557,-0.9244198760182237
113,1553576400,29,19,-10,48,13,-0.26638957590074663,-1.4311207215326494
113,1553590800,212,1070,858,1282,13,1.9054593823603867,0.7783098203924433
113,1553605200,375,998,623,1373,13,1.3174588003426835,0.9412418943917816
113,1553619600,609,489,-120,1098,13,-0.5416238908877566,0.4488647476904846
113,1553634000,1155,572,-583,1727,13,-1.7001101439694442,1.575065566872724
113,1553648400,294,143,-151,437,13,-0.6191899251113685,-0.7346308667442693
113,1553662800,26,25,-1,51,13,-0.24387040467453674,-1.4257493344777261
113,1553677200,231,1084,853,1315,13,1.892948731679159,0.8373950779965991
113,1553691600,354,995,641,1349,13,1.3624971427951034,0.8982707979523957
113,1553706000,664,530,-134,1194,13,-0.5766537127951943,0.6207491334480283
113,1553720400,1223,549,-674,1772,13,-1.9278039863677887,1.6556363726965726
113,1553734800,290,187,-103,477,13,-0.49908767857158237,-0.6630123726786261
113,1553749200,24,25,1,49,13,-0.23886614440204565,-1.4293302591810084
113,1553763600,257,1093,836,1350,13,1.8504125193629846,0.9000612603040368
113,1553778000,422,914,492,1336,13,0.989679752494517,0.8749947873810617
113,1553792400,694,623,-71,1317,13,-0.41901951421172495,0.8409760026998812
113,1553806800,1231,663,-568,1894,13,-1.662578191925761,1.8740727795967842
113,1553821200,352,169,-183,521,13,-0.699258089471226,-0.5842320292064186
113,1553835600,31,30,-1,61,13,-0.24387040467453674,-1.4078447109613155
113,1553850000,204,1052,848,1256,13,1.880438080997931,0.7317577992497752
113,1553851687,33,246,213,279,13,0.29158544448200996,-1.01752391830356
113,1553864400,403,864,461,1267,13,0.9121137182709051,0.7514528851178272
113,1553878800,762,568,-194,1330,13,-0.726781520969927,0.8642520132712153
113,1553893200,978,661,-317,1639,13,-1.034543527728129,1.417504879928309
113,1553907600,295,229,-66,524,13,-0.4065088635304972,-0.5788606421514954
113,1553922000,56,46,-10,102,13,-0.26638957590074663,-1.334435754544031
113,1553936400,65,251,186,316,13,0.22402793080338024,-0.9512768112928399
113,1553950800,261,332,71,593,13,-0.06371703486485747,-0.45531873988826077
113,1553965200,341,527,186,868,13,0.22402793080338024,0.03705840681303623
113,1553979600,324,548,224,872,13,0.31910887598071097,0.044220256219600546
113,1553994000,305,245,-60,550,13,-0.39149608271302394,-0.5323086210088273
113,1554008400,64,46,-18,110,13,-0.286406616990711,-1.3201120557309025
113,1554022800,60,187,127,247,13,0.07640225276489306,-1.0748187135560745
113,1554037200,219,318,99,537,13,0.006342608950017793,-0.5555846315801612
113,1554051600,289,471,182,760,13,0.21401941025839805,-0.1563115271642004
113,1554066000,244,286,42,530,13,-0.1362788088159783,-0.5681178680416489
113,1554080400,182,146,-36,328,13,-0.33144495944313085,-0.929791263073147
113,1554094800,25,44,19,69,13,-0.19382780194962582,-1.3935210121481867
113,1554109200,236,1051,815,1287,13,1.7978677865018282,0.7872621321506488
113,1554123600,388,976,588,1364,13,1.2298842455740895,0.9251277332270119
113,1554138000,568,468,-100,1036,13,-0.49158128816284574,0.33785608188873767
113,1554152400,1148,440,-708,1588,13,-2.0128764110001374,1.326191299994614
113,1554166800,193,145,-48,338,14,-0.3068802546120498,-0.7555341999604689
113,1554181200,20,41,21,61,14,-0.13667183779564399,-1.1931684983094903
113,1554195600,235,1151,916,1386,14,2.0711040035186055,0.9002085605802332
113,1554210000,383,949,566,1332,14,1.2077279761890105,0.814893571010388
113,1554224400,631,530,-101,1161,14,-0.43762005303624557,0.5447294373725443
113,1554238800,1236,547,-689,1783,14,-1.8880917789499647,1.5274317246400222
113,1554253200,299,149,-150,448,14,-0.5584926968623889,-0.5817444063922654
113,1554267600,24,30,6,54,14,-0.1736736675383409,-1.2042278488092852
113,1554282000,256,1121,865,1377,14,1.9452977823934359,0.8859893956519257
113,1554296400,386,977,591,1363,14,1.2693976924268389,0.8638706946523362
113,1554310800,697,621,-76,1318,14,-0.3759503367984174,0.7927748700107984
113,1554325200,1155,719,-436,1874,14,-1.2639942506231434,1.671203281137354
113,1554339600,289,158,-131,447,14,-0.5116237125216394,-0.5833243136065218
113,1554354000,26,24,-2,50,14,-0.19340797673444593,-1.2105474776663108
113,1554368400,257,1055,798,1312,14,1.7800229428760563,0.78329542672526
113,1554382800,418,1068,650,1486,14,1.4149382227481133,1.0581992820058728
113,1554397200,664,569,-95,1233,14,-0.4228193211391668,0.6584827567990048
113,1554411600,1183,664,-519,1847,14,-1.468737708532733,1.6285457863524313
113,1554426000,317,152,-165,469,14,-0.5954945266050857,-0.5485663548928812
113,1554440400,22,33,11,55,14,-0.16133972429077528,-1.2026479415950289
113,1554454800,225,1109,884,1334,14,1.9921667667341851,0.8180533854389007
113,1554469200,407,926,519,1333,14,1.0917889096618936,0.8164734782246443
113,1554483600,913,749,-164,1662,14,-0.5930277379555726,1.3362629517149984
113,1554498000,1217,798,-419,2015,14,-1.2220588435814204,1.8939701983475057
113,1554512400,273,171,-102,444,14,-0.44008684168575873,-0.5880640352492911
113,1554526800,37,28,-9,65,14,-0.21067549728103782,-1.1868488694524648
113,1554541200,54,139,85,193,14,0.021202635773196185,-0.9846207460276463
113,1554555600,139,179,40,318,14,-0.08980285345489457,-0.7871323442455969
113,1554570000,263,246,-17,509,14,-0.23040980647714285,-0.48537006632262536
113,1554584400,224,184,-40,408,14,-0.2871459454159448,-0.6449406949625213
113,1554598800,182,113,-69,295,14,-0.3586828162518255,-0.823470210173494
113,1554613200,38,29,-9,67,14,-0.21067549728103782,-1.183689055023952
113,1554627600,30,102,72,132,14,-0.010865616670474474,-1.0809950860972863
113,1554642000,118,122,4,240,14,-0.17860724483736717,-0.9103651069575956
113,1554656400,179,207,28,386,14,-0.1194043172490521,-0.679698653676162
113,1554670800,172,110,-62,282,14,-0.3414152957052336,-0.844009003958827
113,1554685200,99,52,-47,151,14,-0.3044134659625367,-1.0509768490264149
113,1554699600,11,34,23,45,14,-0.13173826049661774,-1.2184470137375927
113,1554714000,215,1042,827,1257,14,1.851559813711937,0.6964005299411583
113,1554728400,359,884,525,1243,14,1.1065896415589724,0.6742818289415687
113,1554742800,567,423,-144,990,14,-0.54369196496531,0.2745653037347008
113,1554757200,1123,395,-728,1518,14,-1.9842965362809768,1.1087563128620774
113,1554771600,171,99,-72,270,15,-0.3959496448037837,-0.9581782012864306
113,1554786000,19,20,1,39,15,-0.20659047915592832,-1.374024540310405
113,1554800400,193,1080,887,1273,15,2.0916591203509194,0.8474230023544628
113,1554814800,305,957,652,1262,15,1.4820782446352205,0.8276207957342735
113,1554829200,593,479,-114,1072,15,-0.504896014080632,0.48558268138554994
113,1554843600,1216,569,-647,1785,15,-1.887477319427302,1.7691257104941809
113,1554858000,237,117,-120,354,15,-0.5204597811201818,-0.806961350732258
113,1554872400,23,27,4,50,15,-0.19880859563615344,-1.3542223336902157
113,1554886800,225,941,716,1166,15,1.6480917597237512,0.6548015379580763
113,1554901200,395,983,588,1378,15,1.3160647295466896,1.0364440655471785
113,1554915600,625,467,-158,1092,15,-0.6190303057039969,0.5215866934222577
113,1554930000,1069,535,-534,1604,15,-1.5943597068491149,1.443289401561976
113,1554944400,229,197,-32,426,15,-0.292191197873452,-0.6773469074001102
113,1554958800,31,20,-11,51,15,-0.23771801323502784,-1.3524221330883803
113,1554973200,252,934,682,1186,15,1.5598970798329692,0.690805549994784
113,1554987600,400,915,515,1315,15,1.1267055638988344,0.923031427631549
113,1555002000,654,491,-163,1145,15,-0.6320001115702883,0.6169973253195332
113,1555016400,1080,559,-521,1639,15,-1.5606382115967572,1.5062964226262143
113,1555030800,327,136,-191,463,15,-0.7046310244215205,-0.6107394851322009
113,1555045200,19,20,1,39,15,-0.20659047915592832,-1.374024540310405
113,1555059600,194,1027,833,1221,15,1.9515852169949715,0.7538125710590227
113,1555074000,388,924,536,1312,15,1.1811787485372585,0.9176308258260428
113,1555088400,724,546,-178,1270,15,-0.6709095291691627,0.8420224005489566
113,1555102800,1105,677,-428,1782,15,-1.319399822483736,1.7637251086886747
113,1555117200,297,305,8,602,15,-0.18843275094312026,-0.36051160147708206
113,1555131600,32,31,-1,63,15,-0.2117784015024449,-1.3308197258663557
113,1555146000,57,167,110,224,15,0.07615128872922561,-1.0409874289708583
113,1555160400,269,326,57,595,15,-0.061328653453463916,-0.3731130056899297
113,1555174800,316,463,147,779,15,0.17212785213978243,-0.04187609495221851
113,1555189200,283,364,81,647,15,0.0009264147047351152,-0.2795025743944896
113,1555203600,198,172,-26,370,15,-0.27662743083390223,-0.7781581411028918
113,1555218000,34,29,-5,63,15,-0.22215424619547808,-1.3308197258663557
113,1555232400,53,149,96,202,15,0.03983583230360951,-1.0805918422112368
113,1555246800,238,241,3,479,15,-0.20140255680941174,-0.5819362755028347
113,1555261200,221,363,142,584,15,0.15915804627349098,-0.392915212310119
113,1555275600,213,236,23,449,15,-0.14952333334424586,-0.6359422935578962
113,1555290000,127,70,-57,197,15,-0.3570402272049093,-1.0895928452204138
113,1555304400,9,35,26,44,15,-0.14174144982447098,-1.365023537301228
113,1555318800,224,1045,821,1269,15,1.920457682915872,0.8402221999471212
113,1555333200,378,877,499,1255,15,1.0852021851267015,0.8150193915214258
113,1555347600,624,471,-153,1095,15,-0.6060604998377054,0.5269872952277638
113,1555362000,1107,477,-630,1584,15,-1.843379979481911,1.4072853895252682
113,1555376400,233,107,-126,340,16,-0.4253030210343773,-0.949739905715009
113,1555390800,28,32,4,60,16,-0.11238636629139115,-1.4211026949620444
113,1555405200,249,1093,844,1342,16,1.909536633586365,0.7370655043761681
113,1555419600,360,869,509,1229,16,1.103174484825593,0.5468369501443288
113,1555434000,620,505,-115,1125,16,-0.39882545794074,0.37175934270971556
113,1555448400,1209,535,-674,1744,16,-1.74436707333558,1.4138077946522691
113,1555462800,293,219,-74,512,16,-0.3001363591371828,-0.6601884780346872
113,1555477200,25,32,7,57,16,-0.10516521272039916,-1.4261530105611198
113,1555491600,228,1099,871,1327,16,1.974527015725293,0.7118139263807912
113,1555506000,395,968,573,1363,16,1.2572257610067556,0.7724177135696958
113,1555520400,834,788,-46,1622,16,-0.23273892580792427,1.2084282936232036
113,1555534800,1902,606,-1296,2508,16,-3.241552913721252,2.6999548338834662
113,1555549200,434,385,-49,819,16,-0.23996007937891625,-0.14337284839597322
113,1555563600,61,26,-35,87,16,-0.20626136271428697,-1.3756498545703661
113,1555578000,255,1064,809,1319,16,1.825289841924792,0.6983464181165902
113,1555592400,488,1061,573,1549,16,1.2572257610067556,1.0855372807123693
113,1555606800,804,623,-181,1427,16,-0.5576908365025637,0.8801577796833039
113,1555621200,1123,614,-509,1737,16,-1.3472036269310208,1.4020237249210932
113,1555635600,456,298,-158,754,16,-0.5023286591249585,-0.2527963530426065
113,1555650000,52,38,-14,90,16,-0.15571328771734308,-1.3705995389712906
113,1555664400,154,681,527,835,16,1.146501406251545,-0.1164378318675712
113,1555678800,632,728,96,1360,16,0.10906234321902976,0.7673673979706204
113,1555693200,1003,651,-352,1654,16,-0.969296590049107,1.2622983266800076
113,1555707600,838,598,-240,1436,16,-0.6997068567320728,0.89530872648053
113,1555722000,326,337,11,663,16,-0.09553700795907652,-0.405989259547893
113,1555736400,59,34,-25,93,16,-0.18219085081098035,-1.3655492233722153
113,1555750800,69,287,218,356,16,0.40272258843937053,-0.922804889186607
113,1555765200,355,330,-25,685,16,-0.18219085081098035,-0.36895361182134023
113,1555779600,385,433,48,818,16,-0.006476113916842018,-0.14505628692899836
113,1555794000,305,439,134,744,16,0.20053028845159493,-0.2696307383728577
113,1555808400,254,176,-78,430,16,-0.3097645638985055,-0.7982304377427476
113,1555822800,59,33,-26,92,16,-0.18459790200131102,-1.3672326619052404
113,1555837200,60,199,139,259,16,0.21256554440324824,-1.0860984268900442
113,1555851600,305,343,38,648,16,-0.03054662582014864,-0.4312408375432699
113,1555866000,358,461,103,819,16,0.1259117015513444,-0.14337284839597322
113,1555880400,253,324,71,577,16,0.04888606346076321,-0.550764973388054
113,1555894800,169,119,-50,288,16,-0.2423671305692469,-1.0372787094323155
113,1555909200,18,42,24,60,16,-0.06424534248477791,-1.4211026949620444
113,1555923600,159,954,795,1113,16,1.7915911252601626,0.35155808031341407
113,1555938000,369,854,485,1223,16,1.0454052562576572,0.536736318946178
113,1555952400,627,557,-70,1184,16,-0.29050815437586014,0.47108221615819806
113,1555966800,1117,510,-607,1627,16,-1.5830946435834257,1.2168454862883291
113,1555981200,187,119,-68,306,17,-0.37922184383017515,-0.9275544250365116
113,1555995600,32,36,4,68,17,-0.19693494894185065,-1.3581816152582835
113,1556010000,169,1088,919,1257,17,2.119627673597274,0.7931449779084677
113,1556024400,356,886,530,1242,17,1.1347720887145205,0.7660046087768434
113,1556038800,583,479,-104,1062,17,-0.47036529127433746,0.44032017919735206
113,1556053200,1106,536,-570,1642,17,-1.6501665831904382,1.4897477856201575
113,1556067600,322,135,-187,457,17,-0.6805015728817115,-0.6543413757781605
113,1556082000,32,40,8,72,17,-0.18680789922583263,-1.3509441834898503
113,1556096400,191,1131,940,1322,17,2.1727946846063686,0.9107532441455062
113,1556110800,367,878,511,1245,17,1.0866686025634347,0.7714326826031682
113,1556125200,871,536,-335,1407,17,-1.0552024123743786,1.0645486692247104
113,1556139600,1110,540,-570,1650,17,-1.6501665831904382,1.5042226491570239
113,1556154000,309,189,-120,498,17,-0.5108734901384095,-0.5801577001517209
113,1556168400,35,33,-2,68,17,-0.21212552351587768,-1.3581816152582835
113,1556182800,198,1053,855,1251,17,1.9575948781409853,0.782288830255818
113,1556197200,373,885,512,1258,17,1.0892003649924393,0.794954335850576
113,1556211600,641,523,-118,1164,17,-0.5058099652804006,0.6248746892923972
113,1556226000,1116,673,-443,1789,17,-1.3286327547068657,1.7557234031100755
113,1556240400,347,162,-185,509,17,-0.6754380480237026,-0.5602547627885297
113,1556254800,30,30,0,60,17,-0.20706199865786867,-1.3726564787951498
113,1556269200,215,1007,792,1222,17,1.7980938451137012,0.7298174499346777
113,1556283600,410,998,588,1408,17,1.2816143095967818,1.0663580271668187
113,1556298000,791,693,-98,1484,17,-0.4551747167003104,1.2038692307670484
113,1556312400,997,672,-325,1669,17,-1.0298847880843336,1.5386004500570811
113,1556326800,356,144,-212,500,17,-0.7437956336068242,-0.5765389842675043
113,1556341200,42,32,-10,74,17,-0.23237962294791376,-1.3473254676056339
113,1556355600,80,237,157,317,17,0.19042470269583903,-0.9076514876733205
113,1556370000,222,267,45,489,17,-0.09313268935266583,-0.5964419216306954
113,1556384400,294,426,132,720,17,0.12713064197072632,-0.1784802370036815
113,1556398800,268,367,99,635,17,0.04358248181357758,-0.3322756620828858
113,1556413200,266,211,-55,477,17,-0.34630893225311654,-0.6181542169359948
113,1556427600,42,29,-13,71,17,-0.23997491023492729,-1.3527535414319587
113,1556442000,57,175,118,232,17,0.09168596796466323,-1.0614469127525248
113,1556456400,197,254,57,451,17,-0.06275154020461174,-0.6651975234308103
113,1556470800,228,324,96,552,17,0.035987194526564056,-0.48245237127787344
113,1556485200,218,279,61,497,17,-0.05262449048859371,-0.5819670580938291
113,1556499600,116,84,-32,200,17,-0.2880783963860129,-1.11934636689999
113,1556514000,16,25,9,41,17,-0.1842761367968281,-1.4070342796952071
113,1556528400,233,978,745,1211,17,1.6791010109504894,0.7099145125714865
113,1556542800,338,834,496,1172,17,1.0486921661283672,0.6393495528292634
113,1556557200,588,477,-111,1065,17,-0.488087628277369,0.44574825302367693
113,1556571600,1125,444,-681,1569,17,-1.9311922128099386,1.3576646558462526
113,1556586000,241,112,-129,353,18,-0.5106379559007701,-0.8674089232556629
113,1556600400,22,30,8,52,18,-0.18559829400321548,-1.3971010931006462
113,1556614800,203,1137,934,1340,18,2.011385114151058,0.8694886569337013
113,1556629200,382,933,551,1315,18,1.1026975922038802,0.8254942906675066
113,1556643600,627,509,-118,1136,18,-0.48453988085790073,0.510494628201553
113,1556658000,1266,593,-673,1859,18,-1.8013063943844903,1.7828117006199018
113,1556672400,330,112,-218,442,18,-0.7217951085203492,-0.71078897934801
113,1556686800,37,37,0,74,18,-0.20457871221621135,-1.358386050786395
113,1556700209,189,716,527,905,18,1.0457563375648926,0.10398668390191464
113,1556700291,2,4,2,6,18,-0.19983360766296238,-1.4780507270304444
113,1556701200,180,1208,1028,1388,18,2.23440502815376,0.9539578401647949
113,1556715600,355,1031,676,1386,18,1.399266626781941,0.9504382908634994
113,1556730000,654,520,-134,1174,18,-0.5225007172838925,0.5773660649261689
113,1556744400,1246,576,-670,1822,18,-1.7941887375546168,1.7177000385459338
113,1556758800,375,132,-243,507,18,-0.7811089154359614,-0.5964036270559039
113,1556773200,32,40,8,72,18,-0.18559829400321548,-1.3619056000876906
113,1556787600,228,1095,867,1323,18,1.8524241116172178,0.8395724878726889
113,1556802000,364,924,560,1288,18,1.1240505626935007,0.7779803751000164
113,1556816400,696,571,-125,1267,18,-0.5011477467942721,0.7410251074364129
113,1556830800,1180,612,-568,1792,18,-1.5521884053389192,1.6649067990265
113,1556845200,381,155,-226,536,18,-0.7407755267333451,-0.5453701621871181
113,1556859600,37,35,-2,72,18,-0.20932381676946032,-1.3619056000876906
113,1556874000,208,984,776,1192,18,1.6365218544443896,0.609042008637829
113,1556888400,433,938,505,1371,18,0.9935601874791539,0.9240416711037825
113,1556902800,782,683,-99,1465,18,-0.43946138760203546,1.0894604882646743
113,1556917200,1067,610,-457,1677,18,-1.2888351026336013,1.4625327142020048
113,1556931600,415,369,-46,784,18,-0.3137161169409377,-0.10894604882646738
113,1556946000,47,39,-8,86,18,-0.22355913042920725,-1.3372687549786215
113,1556960400,67,280,213,347,18,0.3007749227048041,-0.8779675711595496
113,1556974800,233,284,51,517,18,-0.08357854610836259,-0.578805880549426
113,1556989200,329,430,101,759,18,0.035049067722861704,-0.152940415092662
113,1557003600,289,452,163,741,18,0.18214730887357983,-0.18461635880432214
113,1557018000,276,192,-84,468,18,-0.4038731034526682,-0.6650348384311675
113,1557032400,74,36,-38,110,18,-0.2947356987279418,-1.2950341633630746
113,1557046800,65,190,125,255,18,0.09199032236184937,-1.039866839019146
113,1557061200,212,283,71,495,18,-0.03612750057587286,-0.6175209228636773
113,1557075600,328,338,10,666,18,-0.1808531894499665,-0.31659945760290603
113,1557090000,290,298,8,588,18,-0.18559829400321548,-0.4538618803534333
113,1557104400,180,98,-82,278,18,-0.3991279988994192,-0.9993920220542467
113,1557118800,20,23,3,43,18,-0.1974610553863379,-1.4129390649564764
113,1557133200,221,1052,831,1273,18,1.7670122296587363,0.7515837553402996
113,1557147600,351,875,524,1226,18,1.0386386807350192,0.6688743467598537
113,1557162000,607,474,-133,1081,18,-0.520128165007268,0.41370702241592483
113,1557176400,1192,497,-695,1689,18,-1.8535025444702289,1.4836500100097783
113,1557190800,223,185,-38,408,19,-0.30369814190898337,-0.722622696924627
113,1557205200,26,25,-1,51,19,-0.20903596020731288,-1.3556580727147134
113,1557219600,247,1098,851,1345,19,1.9707526562743967,0.9388735134824068
113,1557234000,355,907,552,1262,19,1.2057798906311676,0.7916972216320505
113,1557248400,592,504,-88,1096,19,-0.4316200090734029,0.49734463793133804
113,1557262800,1186,593,-593,1779,19,-1.7236308674340408,1.7084459311095708
113,1557277200,315,149,-166,464,19,-0.6311781218498974,-0.6233230301340251
113,1557291600,43,34,-9,77,19,-0.22950345895362004,-1.3095546559905054
113,1557306000,213,1045,832,1258,19,1.9221423467519172,0.7846043882898647
113,1557320400,340,927,587,1267,19,1.2953251976462614,0.8005632633097828
113,1557334800,602,528,-74,1130,19,-0.39580188626736545,0.5576337213399177
113,1557349200,1165,554,-611,1719,19,-1.7696827396132317,1.602053430976783
113,1557363600,324,176,-148,500,19,-0.5851262496707064,-0.5594875300543526
113,1557378000,34,32,-2,66,19,-0.21159439755060128,-1.3290599476815166
113,1557392400,233,1110,877,1343,19,2.0372720271998945,0.9353270968113139
113,1557406800,425,918,493,1343,19,1.0548320873771526,0.9353270968113139
113,1557421200,679,615,-64,1294,19,-0.3702175128344815,0.8484398883695372
113,1557435600,1160,574,-586,1734,19,-1.705721806031022,1.62865155600998
113,1557450000,364,209,-155,573,19,-0.6030353110737251,-0.4300433215594609
113,1557464400,40,35,-5,75,19,-0.21926970958046646,-1.3131010726615984
113,1557478800,213,984,771,1197,19,1.7660776688113253,0.6764386798215306
113,1557493200,547,923,376,1470,19,0.7554949182124108,1.1605245554257144
113,1557507600,700,599,-101,1299,19,-0.464879694536152,0.8573059300472695
113,1557522000,1013,608,-405,1621,19,-1.242644646895823,1.42827901409323
113,1557536400,308,156,-152,464,19,-0.5953599990438599,-0.6233230301340251
113,1557550800,49,34,-15,83,19,-0.24485408301335038,-1.2989154059772268
113,1557565200,86,274,188,360,19,0.2745086976741931,-0.807736697030857
113,1557579600,178,254,76,432,19,-0.012036284774106747,-0.6800656968715119
113,1557594000,310,381,71,691,19,-0.024828471490548704,-0.22080473796497857
113,1557608400,277,303,26,580,19,-0.13995815193852632,-0.4176308632106357
113,1557622800,289,157,-132,446,19,-0.5441912521780922,-0.6552407801738614
113,1557637200,48,26,-22,74,19,-0.2627631444163691,-1.3148742809971448
113,1557651600,54,183,129,237,19,0.12356089442017801,-1.0258413223030718
113,1557666000,177,265,88,442,19,0.01866496334535395,-0.6623336135160472
113,1557680400,269,357,88,626,19,0.01866496334535395,-0.3360632797754985
113,1557694800,255,206,-49,461,19,-0.3318409526851557,-0.6286426551406645
113,1557709200,172,79,-93,251,19,-0.44441219578984487,-1.0010164056054214
113,1557723600,17,34,17,51,19,-0.16298408802812184,-1.3556580727147134
113,1557735968,85,686,601,771,19,1.3311433204522987,-0.0789480711212617
113,1557736048,1,17,16,18,19,-0.16554252537141023,-1.4141739477877466
113,1557738000,238,914,676,1152,19,1.523026121198928,0.5966443047219399
113,1557752400,431,1061,630,1492,19,1.4053380034076621,1.1995351388077364
113,1557766800,697,501,-196,1198,19,-0.7079312421485492,0.678211888157077
113,1557781200,1186,497,-689,1683,19,-1.9692408523897265,1.5382179308971105
113,1557795600,211,116,-95,327,20,-0.40773456145987313,-0.9520086436111066
113,1557810000,28,55,27,83,20,-0.11306151591397894,-1.382935524341081
113,1557824400,231,1063,832,1294,20,1.8312975141224543,0.7558040353474396
113,1557838800,415,1036,621,1451,20,1.3216580664979978,1.0330807577843493
113,1557853200,642,544,-98,1186,20,-0.41498061995690333,0.5650659078112213
113,1557867600,1335,597,-738,1932,20,-1.9608064326566765,1.8825718628299137
113,1557882000,331,121,-210,452,20,-0.6855001371793636,-0.731246921925669
113,1557896400,24,47,23,71,20,-0.12272292724335253,-1.404128649622883
113,1557910800,237,1028,791,1265,20,1.732268047996375,0.704587315916418
113,1557925200,379,998,619,1377,20,1.316827360833311,0.9023898185465702
113,1557939600,677,526,-151,1203,20,-0.5429943200711033,0.5950895019604409
113,1557954000,1193,543,-650,1736,20,-1.7482553834104577,1.5364174832271473
113,1557968400,357,211,-146,568,20,-0.5309175559093863,-0.5263800442015827
113,1557982800,39,30,-9,69,20,-0.20001421787834117,-1.40766083716985
113,1557997200,215,1103,888,1318,20,1.9665572727336844,0.7981902859110436
113,1558011600,405,940,535,1345,20,1.113937722916466,0.8458748177950981
113,1558026000,684,522,-162,1206,20,-0.5695632012268806,0.6003877832808914
113,1558040400,1168,593,-575,1761,20,-1.567103920984703,1.5805698275642348
113,1558054800,379,176,-203,555,20,-0.6685926673529599,-0.5493392632568682
113,1558069200,49,36,-13,85,20,-0.20967562920771476,-1.379403336794114
113,1558083600,235,961,726,1196,20,1.5752701138940544,0.5827268455460564
113,1558098000,452,894,442,1346,20,0.8893099095085302,0.8476409115685817
113,1558112400,813,569,-244,1382,20,-0.7676221334790391,0.9112202874139878
113,1558126800,1113,602,-511,1715,20,-1.4125213397147258,1.4993295139839937
113,1558141200,310,244,-66,554,20,-0.3376893293219147,-0.5511053570303518
113,1558155600,46,33,-13,79,20,-0.20967562920771476,-1.3899998994350151
113,1558170000,55,327,272,382,20,0.478699928010153,-0.8548734860695141
113,1558184400,263,334,71,597,20,-0.006785991290869541,-0.47516332477056117
113,1558198800,349,451,102,800,20,0.06808994651177572,-0.11664628875341031
113,1558213200,311,433,122,744,20,0.11639700315864362,-0.21554754006848642
113,1558227600,293,154,-139,447,20,-0.5140100860829826,-0.7400773907930864
113,1558242000,61,45,-16,106,20,-0.21692168770474496,-1.3423153675509605
113,1558256400,54,195,141,249,20,0.16228870697316813,-1.0897639579428198
113,1558270800,215,244,29,459,20,-0.10823081024929215,-0.7188842655112844
113,1558285200,241,386,145,627,20,0.17195011830254173,-0.4221805115660561
113,1558299600,258,318,60,576,20,-0.033354872446646894,-0.5122512940137147
113,1558314000,172,118,-54,290,20,-0.308705095333794,-1.0173541132299961
113,1558328400,20,35,15,55,20,-0.1420457499020997,-1.432386149998619
113,1558342800,242,1112,870,1354,20,1.9230809217515032,0.8617696617564496
113,1558357200,359,967,608,1326,20,1.2902584796775338,0.8123190360989117
113,1558371600,633,550,-83,1183,20,-0.3787503274717524,0.5597676264907708
113,1558386000,1143,480,-663,1623,20,-1.779654970230922,1.3368488868235116
113,1558400400,269,129,-140,398,21,-0.647058065807909,-0.6305958612369797
113,1558414800,31,34,3,65,21,-0.22696845300841972,-1.2726769169687036
113,1558429200,237,1139,902,1376,21,2.41401449738837,1.2551557078489841
113,1558437000,154,675,521,829,21,1.2947547597897304,0.20044598567104727
113,1558443600,372,935,563,1307,21,1.4181377229895804,1.1221118854901584
113,1558453537,367,361,-6,728,21,-0.2534076594083876,0.0057006804791430235
113,1558458000,618,480,-138,1098,21,-0.6411826866079161,0.719124075736614
113,1558472400,1208,608,-600,1816,21,-1.9983952818062662,2.1035510968038147
113,1558486800,341,133,-208,474,21,-0.8468209586076662,-0.4840548395084181
113,1558501200,37,44,7,81,21,-0.215217694608434,-1.2418261755521642
113,1558515600,234,1142,908,1376,21,2.4316406349883484,1.2551557078489841
113,1558530000,391,938,547,1329,21,1.3711346893896377,1.1645316549379
113,1558544400,643,617,-26,1260,21,-0.3121614514083162,1.0314878325790742
113,1558558800,1198,614,-584,1812,21,-1.9513922482063233,2.0958384114496798
113,1558573200,360,183,-177,543,21,-0.7557525810077769,-0.35101101714959243
113,1558587600,42,34,-8,76,21,-0.2592830386083805,-1.251467032244833
113,1558602000,262,1130,868,1392,21,2.314133050988491,1.2860064492655234
113,1558616400,421,999,578,1420,21,1.462203066989527,1.3399952467444671
113,1558630800,710,574,-136,1284,21,-0.6353073074079233,1.0777639447038831
113,1558645200,1159,548,-611,1707,21,-2.030709867406227,1.8933804209036404
113,1558659600,368,141,-227,509,21,-0.9026370610075983,-0.4165688426597384
113,1558674000,36,40,4,76,21,-0.22403076340842332,-1.251467032244833
113,1558685140,75,489,414,564,21,0.9804219725901125,-0.31051941904038466
113,1558687210,152,561,409,713,21,0.9657335245901304,-0.023221889598862556
113,1558688400,76,406,330,482,21,0.7336560461904125,-0.4686294688001485
113,1558702800,377,716,339,1093,21,0.7600952525903804,0.7094832190439454
113,1558717200,924,633,-291,1557,21,-1.0906491954073698,1.6041547201235846
113,1558731600,624,590,-34,1214,21,-0.3356629682082876,0.9427919510065238
113,1558746000,270,179,-91,449,21,-0.503111275408084,-0.5322591229717607
113,1558760400,59,39,-20,98,21,-0.2945353138083376,-1.2090472627970914
113,1558774800,64,219,155,283,21,0.21956036619103744,-0.8523355651683558
113,1558789200,180,237,57,417,21,-0.06833321460861258,-0.5939606058048393
113,1558803600,291,359,68,650,21,-0.03601862900865187,-0.144696683926486
113,1558818000,258,332,74,590,21,-0.01839249140867329,-0.2603869642385083
113,1558832400,258,172,-86,430,21,-0.48842282740810183,-0.5688943784039011
113,1558846800,53,32,-21,85,21,-0.29747300340833405,-1.2341134901980295
113,1558861200,45,177,132,222,21,0.15199350539111958,-0.9699540168189118
113,1558875600,205,268,63,473,21,-0.050707077008634006,-0.48598301084695184
113,1558890000,256,304,48,560,21,-0.09477242100858044,-0.3182321043945195
113,1558904400,274,247,-27,521,21,-0.3150991410083126,-0.393430786597334
113,1558918800,183,133,-50,316,21,-0.3826660018082304,-0.7887059109967436
113,1558933200,42,22,-20,64,21,-0.2945353138083376,-1.2746050883072373
113,1558947600,75,192,117,267,21,0.10792816139117314,-0.8831863065848952
113,1558962000,226,180,-46,406,21,-0.3709152434082447,-0.6151704905287101
113,1558976400,216,302,86,518,21,0.016859783791283854,-0.3992153006129351
113,1558990800,189,235,46,424,21,-0.1006478002085733,-0.5804634064351034
113,1559005200,147,120,-27,267,22,-0.26238918654393023,-0.983533570058491
113,1559019600,16,44,28,60,22,-0.12055719381748145,-1.353684545476562
113,1559034000,237,1084,847,1321,22,1.9914501160545466,0.9011965173359382
113,1559048400,402,864,462,1266,22,0.9986261669694052,0.8028472243504603
113,1559062800,623,491,-132,1114,22,-0.5331593544762415,0.5310455419178671
113,1559077200,1108,546,-562,1654,22,-1.642027661246659,1.4966567821389218
113,1559091600,342,199,-143,541,22,-0.5615257530215313,-0.4935752740944743
113,1559106000,31,29,-2,60,22,-0.19792009894099896,-1.353684545476562
113,1559120400,240,1032,792,1272,22,1.849618123328098,0.8135762381306942
113,1559134800,401,933,532,1334,22,1.1791396122576128,0.9244427138597784
113,1559149200,645,554,-91,1199,22,-0.42743005080743424,0.6830399038045146
113,1559163600,1281,617,-664,1898,22,-1.9050615386666188,1.932970009201769
113,1559178000,353,122,-231,475,22,-0.7884569413838494,-0.6115944256770477
113,1559192400,33,40,7,73,22,-0.1747112274039437,-1.3304383489527218
113,1559206800,240,1079,839,1319,22,1.9708200080216087,0.8976201794091935
113,1559221200,413,893,480,1306,22,1.0450439100435158,0.8743739828853533
113,1559235600,703,529,-174,1232,22,-0.641467421649166,0.7420494795958014
113,1559250000,1268,672,-596,1940,22,-1.7297056203866457,2.0080731056634065
113,1559264400,329,138,-191,467,22,-0.6853064012191593,-0.6258997773840262
113,1559278800,25,32,7,57,22,-0.1747112274039437,-1.359049052366679
113,1559293200,236,979,743,1215,22,1.7232587116263527,0.7116506072184718
113,1559307600,392,838,446,1230,22,0.9573659509035292,0.7384731416690568
113,1559322000,753,554,-199,1307,22,-0.7059365092520973,0.8761621518487256
113,1559336400,1040,560,-480,1600,22,-1.4305690539090448,1.4000956581168165
113,1559350800,353,361,8,714,22,-0.17213246389982648,-0.1842220434310623
113,1559365200,66,41,-25,107,22,-0.2572316595356957,-1.2696406041980628
113,1559379600,75,274,199,349,22,0.32041136538656834,-0.8369037150619605
113,1559394000,185,313,128,498,22,0.1373191565942436,-0.5704665395194842
113,1559408400,329,375,46,704,22,-0.07413945074337094,-0.20210373306478555
113,1559422800,322,311,-11,633,22,-0.22112897047805422,-0.3290637294642205
113,1559437200,296,297,1,593,22,-0.1901838084286472,-0.40059048799911345
113,1559451600,61,33,-28,94,22,-0.26496795004804746,-1.292886800721903
113,1559466000,55,171,116,226,22,0.10637399454483658,-1.0568484975567563
113,1559480400,201,296,95,497,22,0.05221996095837432,-0.5722547084828565
113,1559494800,260,369,109,629,22,0.08832265001601583,-0.3362164053177098
113,1559509200,336,247,-89,583,22,-0.4222725237991998,-0.41847217763283673
113,1559523600,168,244,76,412,22,0.003223454380146563,-0.724249070369504
113,1559538000,21,36,15,57,22,-0.15408111937100571,-1.359049052366679
113,1559548514,64,329,265,393,22,0.4906097566583069,-0.7582242806735782
113,1559548595,2,2,0,4,22,-0.19276257193276447,-1.453822007425412
113,1559552400,180,1100,920,1280,22,2.179699851855106,0.8278815898376729
113,1559566800,369,933,564,1302,22,1.2616600443893649,0.867221307031864
113,1559581200,594,454,-140,1048,22,-0.5537894625091795,0.4130263903352938
113,1559595600,1135,484,-651,1619,22,-1.8715376131130945,1.4340708684208907
113,1559610000,253,129,-124,382,23,-0.5051583334365749,-0.8513954896294138
113,1559624400,27,42,15,69,23,-0.15272091555979092,-1.3997484539267906
113,1559638800,224,1134,910,1358,23,2.1165703722079905,0.8584846801924381
113,1559653200,378,925,547,1303,23,1.1961762521412813,0.7621287279996083
113,1559667600,717,554,-163,1271,23,-0.6040436521214279,0.7060670830874164
113,1559682000,1186,547,-639,1733,23,-1.8109516442750186,1.5154570815071866
113,1559696400,387,155,-232,542,23,-0.7789946005638602,-0.5710872650684545
113,1559710800,44,62,18,106,23,-0.14511435258403302,-1.3349271769970688
113,1559725200,266,1127,861,1393,23,1.9923298436039445,0.919802104315148
113,1559739600,383,894,511,1277,23,1.1048974964321863,0.7165786415084524
113,1559754000,633,503,-130,1136,23,-0.5203714593880907,0.46955701861410704
113,1559768400,1219,517,-702,1736,23,-1.9706894667659351,1.5207128607177045
113,1559782800,311,116,-195,427,23,-0.6851803238628458,-0.772558801471644
113,1559797200,37,32,-5,69,23,-0.20343133539817712,-1.3997484539267906
113,1559811600,236,1073,837,1309,23,1.931477339797881,0.7726402864206443
113,1559826000,428,949,521,1377,23,1.1302527063513792,0.891771281859052
113,1559840400,678,659,-19,1337,23,-0.23892862928504743,0.8216942257188121
113,1559854800,1214,674,-540,1888,23,-1.559935066075007,1.787005674050616
113,1559869200,292,160,-132,452,23,-0.5254425013719293,-0.7287606413839941
113,1559883600,42,43,1,85,23,-0.18821820944666126,-1.3717176314706947
113,1559898000,220,1014,794,1234,23,1.8224499371453506,0.6412458061576946
113,1559912400,389,866,477,1255,23,1.0186897827069297,0.6780362606313205
113,1559926274,705,574,-131,1279,23,-0.52290698038001,0.7200824943154644
113,1559926800,684,595,-89,1279,23,-0.416415098719399,0.7200824943154644
113,1559941200,1050,623,-427,1673,23,-1.2734211939881255,1.4103414972968267
113,1559955600,325,202,-123,527,23,-0.5026228124446556,-0.5973661611210445
113,1559970000,54,31,-23,85,23,-0.24907071325272467,-1.3717176314706947
113,1559984400,65,174,109,239,23,0.0856180576806241,-1.1019209653307713
113,1559998800,253,503,250,756,23,0.4431265175412466,-0.1961750147181714
113,1560013200,298,447,149,745,23,0.18703889735739646,-0.21544620515673735
113,1560027600,209,371,162,580,23,0.22000067025234746,-0.5045140617352266
113,1560042000,260,183,-77,443,23,-0.38598884681636736,-0.7445279790155481
113,1560056400,54,40,-14,94,23,-0.22625102432545088,-1.3559502938391406
113,1560070800,49,185,136,234,23,0.15407712446244543,-1.1106805973483012
113,1560085200,195,267,72,462,23,-0.008196219020390333,-0.7112413773489342
113,1560099600,297,399,102,696,23,0.06786941073718893,-0.30129059892853116
113,1560114000,210,208,-2,418,23,-0.1958247724224192,-0.788326139103198
113,1560128400,176,126,-50,302,23,-0.317529780034546,-0.9915496019098935
113,1560142800,26,34,8,60,23,-0.1704695625032261,-1.4155157915583445
113,1560157200,254,1040,786,1294,23,1.8021657692099964,0.7463613903680544
113,1560171600,396,895,499,1291,23,1.0744712445291544,0.7411056111575364
113,1560186000,724,592,-132,1316,23,-0.5254425013719293,0.7849037712451863
113,1560200400,1196,615,-581,1811,23,-1.6638914267436988,1.6521073409806541
113,1560214800,223,147,-76,370,24,-0.48923093086643427,-1.1425019189262515
113,1560229200,36,43,7,79,24,-0.3020725637666709,-1.662264381712375
113,1560243600,232,1119,887,1351,24,1.6822571115079288,0.6096870020125357
113,1560258000,407,873,466,1280,24,0.732935755495876,0.4828721055939283
113,1560272400,594,590,-4,1184,24,-0.3268766847076034,0.3114040766335576
113,1560286800,1172,694,-478,1866,24,-1.39570880525324,1.5295415323728574
113,1560301200,341,313,-28,654,24,-0.380994766760547,-0.6352423332518219
113,1560315600,33,34,1,67,24,-0.3156020842799068,-1.6836978853324214
113,1560330000,241,1133,892,1374,24,1.6935317119356255,0.6507678839509579
113,1560333128,118,424,306,542,24,0.3721485418095851,-0.835288367038921
113,1560344400,285,896,611,1181,24,1.059899167899077,0.3060457007285461
113,1560358800,662,580,-82,1242,24,-0.5027604513796702,0.41499934413044826
113,1560373200,1194,606,-588,1800,24,-1.643750014662565,1.4116572624626025
113,1560387600,349,172,-177,521,24,-0.7169778595059054,-0.8727969983740019
113,1560402000,39,37,-2,76,24,-0.32236684453652475,-1.6676227576173865
113,1560414534,144,626,482,770,24,0.7690144768645051,-0.4280517982580407
113,1560416400,162,1111,949,1273,24,1.8220621568113664,0.47036922848223456
113,1560430800,419,1051,632,1470,24,1.1072524896954028,0.8222359129113285
113,1560445200,670,627,-43,1297,24,-0.4148185680436368,0.5132362357223272
113,1560459600,1200,656,-544,1856,24,-1.544533530898835,1.5116802793561521
113,1560474000,365,184,-181,549,24,-0.7259975398480627,-0.8227854899272272
113,1560488400,36,44,8,80,24,-0.29981764368113156,-1.6604782564107046
113,1560502800,226,959,733,1185,24,1.334999418334874,0.3131902019352282
113,1560517200,409,846,437,1255,24,0.6675430730152357,0.43821897305216506
113,1560531600,794,577,-217,1371,24,-0.8071746629274781,0.6454095080459462
113,1560546000,942,616,-326,1558,24,-1.0529609522512637,0.9794149394583349
113,1561179600,57,46,-11,103,25,-0.1337363984006956,-1.1565469883014023
113,1561194000,70,231,161,301,25,0.4162568912246686,-0.723276296857605
113,1561208400,199,268,69,467,25,0.12207443398319469,-0.3600291515057343
113,1561222800,325,304,-21,629,25,-0.1657127524486819,-0.005534949415354456
113,1561237200,261,342,81,603,25,0.16044605884077823,-0.06242908061504504
113,1561251600,651,377,-274,1028,25,-0.9747145098627349,0.8675711409183587
113,1561266000,74,37,-37,111,25,-0.21687491892545993,-1.1390411017784208
113,1561280400,43,165,122,208,25,0.291549110437522,-0.9267822276872674
113,1561294800,226,244,18,470,25,-0.041004971661535355,-0.35346444405961613
113,1561309200,290,334,44,624,25,0.04213354886322899,-0.01647612849221803
113,1561323600,292,282,-10,574,25,-0.13053876299589698,-0.12588791926085377
113,1561338000,192,118,-74,310,25,-0.3351874289030092,-0.7035821745192505
113,1561352400,27,38,11,65,25,-0.06338841949512576,-1.2396999492855656
113,1561366800,227,1065,838,1292,25,2.58105606027334,1.4452653961767554
113,1561381200,325,830,505,1155,25,1.5162434704753969,1.1454770894706936
113,1561395600,620,472,-148,1092,25,-0.5718124488581077,1.0076182331022125
113,1561410000,1227,477,-750,1704,25,-2.496788962546882,2.346818552110314
113,1561424400,239,252,13,491,26,-0.20961370956570197,-0.6716609160949578
113,1561438800,43,39,-4,82,26,-0.2557494027315192,-1.4150752986129467
113,1561453200,232,1097,865,1329,26,2.1025986773329044,0.8515206304822417
113,1561467600,383,961,578,1344,26,1.323719622121754,0.8787852166381581
113,1561482000,646,501,-145,1147,26,-0.6384042695774154,0.520710318457122
113,1561496400,1174,598,-576,1772,26,-1.8080797845460763,1.6567347416203078
113,1561510800,308,255,-53,563,26,-0.3887287536212278,-0.5407909025465588
113,1561525200,31,29,-2,60,26,-0.250321674123776,-1.4550633583082908
113,1561539600,226,1114,888,1340,26,2.1650175563219514,0.8715146603299138
113,1561554000,460,1005,545,1465,26,1.234162100093991,1.0987195449625509
113,1561568400,714,549,-165,1263,26,-0.6926815556548473,0.7315564513962093
113,1561582800,1133,791,-342,1924,26,-1.1730355374401211,1.9330158813335943
113,1561597200,364,187,-177,551,26,-0.7252479273013066,-0.562602571471292
113,1561611600,49,48,-1,97,26,-0.2476078098199044,-1.3878107124570302
113,1561626000,206,1021,815,1227,26,1.9669054621393243,0.6661214446220097
113,1561640400,428,943,515,1371,26,1.152746170977843,0.9278614717188077
113,1561654800,674,562,-112,1236,26,-0.5488467475496523,0.6824801963155597
113,1561669200,1131,709,-422,1840,26,-1.3901446817498493,1.7803341988604624
113,1561683600,408,186,-222,594,26,-0.8473718209755288,-0.48444409115766485
113,1561698000,51,41,-10,92,26,-0.2720325885547488,-1.3968989078423357
113,1561712400,204,1004,800,1208,26,1.9261974975812501,0.6315863021578489
113,1561726800,401,822,421,1223,26,0.8976429264139123,0.6588508883137654
113,1561741200,766,642,-124,1408,26,-0.5814131191961116,0.9951141175700684
113,1561755600,875,633,-242,1508,26,-0.9016491070529609,1.1768780252761781
113,1561770000,364,261,-103,625,26,-0.524421968814808,-0.4280972797687708
113,1561784400,77,41,-36,118,26,-0.34259306045541055,-1.3496402918387471
113,1561798800,64,234,170,298,26,0.2164629861421398,-1.0224652579677496
113,1561813200,210,252,42,462,26,-0.13091164475342545,-0.7243724493297297
113,1561827600,331,357,26,688,26,-0.1743334736153711,-0.31358601791392166
113,1561842000,302,377,75,679,26,-0.04135412272566254,-0.32994476960747154
113,1561856400,311,229,-82,540,26,-0.4674308184335043,-0.5825966013189641
113,1561870800,93,38,-55,131,26,-0.394156482228971,-1.326010983836953
113,1561885200,52,150,98,202,26,0.021064756263384343,-1.196958609365615
113,1561899600,227,233,6,460,26,-0.22861075969280317,-0.7280077274838519
113,1561914000,260,385,125,645,26,0.09433909246791763,-0.39174449822754887
113,1561928400,291,315,24,606,26,-0.1797612022231143,-0.46263242223293166
113,1561942800,198,196,-2,394,26,-0.250321674123776,-0.8479719065698843
113,1561957200,44,36,-8,80,26,-0.2666048599470056,-1.418710576767069
113,1561971600,197,1021,824,1218,26,1.9913302408741687,0.6497626929284599
113,1561986000,338,816,478,1154,26,1.0523331917345937,0.5334337919965496
113,1562000400,584,480,-104,1064,26,-0.5271358331186796,0.3698462750610509
113,1562014800,1087,556,-531,1643,26,-1.6859558908718542,1.4222593006794262
113,1562029200,236,170,-66,406,27,-0.5039215514754759,-0.48902101341677023
113,1562043600,27,51,24,78,27,-0.18906564699185527,-1.2337070298108184
113,1562058000,185,1054,869,1239,27,2.767081456215472,1.402209022120553
113,1562063264,102,612,510,714,27,1.511156237219696,0.21025731905081146
113,1562072400,386,876,490,1262,27,1.4411882584455582,1.4544278586359893
113,1562086800,674,532,-142,1206,27,-0.7697998708172,1.3272863436418836
113,1562101200,1153,542,-611,1695,27,-2.410548973070734,2.437504215643986
113,1562115600,315,144,-171,459,27,-0.8712534400397,-0.36869065101163445
113,1562130000,30,54,24,84,27,-0.18906564699185527,-1.2200847246328783
113,1562144400,205,952,747,1157,27,2.3402767856932307,1.216037518022041
113,1562158800,384,747,363,1131,27,0.9968915932297825,1.1570075289176347
113,1562173200,951,551,-400,1502,27,-1.672386797003579,1.9993200657535855
113,1562187600,623,514,-109,1137,27,-0.6543527058398725,1.1706298340955748
113,1562202000,300,205,-95,505,27,-0.6053751206979759,-0.2642529779807618
113,1562216400,32,29,-3,61,27,-0.2835224183369415,-1.2723035611483147
113,1562230800,60,210,150,270,27,0.2517326192852136,-0.7977932641167413
113,1562245200,227,208,-19,435,27,-0.3394968013562518,-0.42317987172339405
113,1562259600,283,331,48,614,27,-0.10510407246288977,-0.01678110058152025
113,1562274000,263,244,-19,507,27,-0.3394968013562518,-0.2597122095881152
113,1562288400,110,363,253,473,27,0.6120677099720239,-0.33690527226310796
113,1562302800,36,37,1,73,27,-0.2695288225821139,-1.2450589507924348
113,1562315434,99,448,349,547,27,0.947914008087886,-0.16889684173518252
113,1562315514,2,7,5,9,27,-0.2555352268272863,-1.3903635393571272
113,1562317200,75,279,204,354,27,0.440646161975386,-0.6070809916255827
113,1562331600,327,403,76,730,27,-0.007148902179096692,0.24658346619198454
113,1562346000,525,468,-57,993,27,-0.4724359610271139,0.843694509825017
113,1562360400,460,463,3,923,27,-0.2625320247047001,0.6847676160823848
113,1562374800,299,174,-125,473,27,-0.7103270888591828,-0.33690527226310796
113,1562389200,42,31,-11,73,27,-0.31150960984659665,-1.2450589507924348
113,1562403600,72,242,170,314,27,0.32170059805935153,-0.6978963594785155
113,1562418000,216,224,8,440,27,-0.24504003001116562,-0.41182795074177747
113,1562432400,251,324,73,575,27,-0.01764409899521738,-0.10532608423812963
113,1562446800,210,266,56,476,27,-0.07711688095323462,-0.33009411967413804
113,1562461200,225,150,-75,375,27,-0.535407141923838,-0.5594029235027931
113,1562475600,62,27,-35,89,27,-0.39547118437556217,-1.208732803651262
113,1562490000,51,165,114,216,27,0.12579025749176537,-0.9203940107182005
113,1562504400,195,218,23,413,27,-0.19256404593056217,-0.47312832404250704
113,1562518800,206,290,84,496,27,0.020838289330558476,-0.28468643574767166
113,1562533200,231,220,-11,451,27,-0.31150960984659665,-0.38685372458222095
113,1562547600,168,139,-29,307,27,-0.37448079074332075,-0.7137890488527786
113,1562562000,24,31,7,55,27,-0.24853842894987252,-1.2859258663262545
113,1562574562,93,729,636,822,27,1.9519545034967651,0.45545881225372975
113,1562576400,208,566,358,774,27,0.9793995985362479,0.3464803708302105
113,1562590800,287,834,547,1121,27,1.6405969979518513,1.1343036869544016
113,1562605200,511,438,-73,949,27,-0.5284103440464242,0.743797605186791
113,1562619600,1076,525,-551,1601,27,-2.20064503674832,2.224088101189594
113,1562634000,235,119,-116,354,28,-0.5676984355264851,-0.8349529185526673
113,1562648400,24,30,6,54,28,-0.2608096941462059,-1.3712208498924499
113,1562662800,217,1132,915,1349,28,2.0257629772855457,0.9436690537242777
113,1562677200,310,907,597,1217,28,1.2258398645074413,0.7077111639347734
113,1562691600,603,468,-135,1071,28,-0.6154925837742334,0.4467274373494126
113,1562706000,1145,540,-605,1685,28,-1.7977688825343254,1.544289136824834
113,1562720400,364,128,-236,492,28,-0.8695562139333171,-0.5882696701363674
113,1562734800,31,28,-3,59,28,-0.28344902752671836,-1.3622830510367867
113,1562749200,199,1177,978,1376,28,2.184238310949133,0.991933167544858
113,1562763600,352,1009,657,1361,28,1.3767687537108573,0.9651197709778689
113,1562778000,610,547,-63,1157,28,-0.4343779167301343,0.600457577666817
113,1562792400,1193,607,-586,1800,28,-1.749974734286577,1.749858510505084
113,1562806800,327,209,-118,536,28,-0.5727293984999323,-0.5096170402065326
113,1562821200,33,39,6,72,28,-0.2608096941462059,-1.3390447740120628
113,1562835600,186,1206,1020,1392,28,2.2898885333915238,1.0205341238829797
113,1562850000,370,889,519,1259,28,1.0296323085430006,0.7827886743223429
113,1562864400,744,662,-82,1406,28,-0.4821720649778827,1.0455599606788364
113,1562878800,1202,725,-477,1927,28,-1.4757872522337045,1.9768786014389252
113,1562893200,393,202,-191,595,28,-0.756359547030755,-0.4041510137097088
113,1562907600,31,33,2,64,28,-0.27087162009310034,-1.3533452521811238
113,1562920218,91,727,636,818,28,1.3239436424896616,-0.005525184747137208
113,1562922000,222,604,382,826,28,0.6850113448618674,0.008775293421923657
113,1562925510,89,457,368,546,28,0.649794604047737,-0.49174144249520657
113,1562936400,407,758,351,1165,28,0.6070314187734359,0.6147580558358778
113,1562950800,818,664,-154,1482,28,-0.6632867320219819,1.1814145032849146
113,1562965200,959,573,-386,1532,28,-1.2468784369418568,1.270792491841545
113,1562979600,312,421,109,733,28,-0.0017151010136751946,-0.1574677652934089
113,1562994000,70,47,-23,117,28,-0.3337586572611903,-1.2586045843110953
113,1563008400,53,245,192,298,28,0.20706986238438357,-0.9350562657360934
113,1563022800,300,265,-35,565,28,-0.3639444351018735,-0.457777806843687
113,1563037200,330,487,157,817,28,0.11902801034905758,-0.0073127445182698154
113,1563051600,161,348,187,509,28,0.19449245495076556,-0.5578811540271131
113,1563066000,9,10,1,19,28,-0.27338710157982393,-1.433785441882091
113,1563080400,36,37,1,73,28,-0.27338710157982393,-1.3372572142409302
113,1563094800,53,181,128,234,28,0.046079047234073196,-1.0494600910885803
113,1563109200,212,213,1,425,28,-0.27338710157982393,-0.7080361748022521
113,1563123600,237,366,129,603,28,0.048594528720796795,-0.3898505355406479
113,1563138000,242,312,70,554,28,-0.09981887899589557,-0.47744096432614574
113,1563152400,137,150,13,287,28,-0.24320132373914075,-0.9547194232185521
113,1563166800,21,30,9,51,28,-0.25326324968603514,-1.3765835292058475
113,1563181200,218,1050,832,1268,28,1.8169780138874871,0.7988767122625364
113,1563195600,325,830,505,1155,28,0.9944155677288702,0.5968824581245517
113,1563210000,583,497,-86,1080,28,-0.4922339909247771,0.4628154752896061
113,1563224400,1197,548,-649,1745,28,-1.9084500679501637,1.6515427230927904
113,1563238800,234,314,80,548,29,-0.04010367524280345,-0.460245333400025
113,1563253200,32,36,4,68,29,-0.23646564814033968,-1.3124943237952407
113,1563267600,222,1105,883,1327,29,2.034615591029849,0.9228837572622103
113,1563282000,382,914,532,1296,29,1.1277333214635963,0.8678426766325192
113,1563296400,620,552,-68,1172,29,-0.42249278035905824,0.6476783541137553
113,1563310800,1228,571,-657,1799,29,-1.944298070314964,1.7609285978175055
113,1563325200,296,233,-63,529,29,-0.40957422951053607,-0.4939801892698356
113,1563339600,34,36,2,70,29,-0.24163306847974853,-1.3089432863352606
113,1563352583,162,593,431,755,29,0.8667785943234495,-0.0927129562920883
113,1563352663,4,12,8,16,29,-0.22613080746152198,-1.4048212977547223
113,1563354000,169,1086,917,1255,29,2.1224617367997998,0.795046408702928
113,1563368400,363,950,587,1313,29,1.2698373807973395,0.8980264950423498
113,1563382800,632,502,-130,1134,29,-0.5826828108807325,0.580208642374134
113,1563397200,1280,688,-592,1968,29,-1.7763569092841764,2.0609912631858207
113,1563411600,351,123,-228,474,29,-0.835886407511766,-0.5916337194192874
113,1563426000,39,31,-8,70,29,-0.26747017017679275,-1.3089432863352606
113,1563435485,56,262,206,318,29,0.285443806139954,-0.8686146412977325
113,1563440400,224,1159,935,1383,29,2.168968519854479,1.0223128061416522
113,1563454800,421,975,554,1396,29,1.1845749451970937,1.0453945496315225
113,1563469200,663,528,-135,1191,29,-0.5956013617292546,0.6814132099835659
113,1563483600,1153,611,-542,1764,29,-1.647171400798955,1.6987854422678546
113,1563498000,326,256,-70,582,29,-0.42766020069846705,-0.39987769658036393
113,1563512400,41,41,0,82,29,-0.24680048881915737,-1.28763706157538
113,1563526800,187,935,748,1122,29,1.685814718119752,0.5589024176142536
113,1563541200,389,832,443,1221,29,0.8977831163599026,0.7346787718832668
113,1563555600,807,557,-250,1364,29,-0.8927280312452633,0.9885779502718415
113,1563570000,1040,649,-391,1689,29,-1.257031165173587,1.565621537518602
113,1563584400,342,401,59,743,29,-0.09436158880659636,-0.11401918105196869
113,1563598800,50,35,-15,85,29,-0.28555614136472374,-1.28231050538541
113,1563613200,61,234,173,295,29,0.200181370539708,-0.9094515720875033
113,1563621154,133,116,-17,249,29,-0.2907235617041326,-0.9911254336670448
113,1563627600,295,239,-56,534,29,-0.39148825832260514,-0.48510259561988545
113,1563642000,304,410,106,714,29,0.02707278916951158,-0.16550922422167963
113,1563656400,247,344,97,591,29,0.0038193976421717606,-0.38389802801045364
113,1563670800,252,179,-73,431,29,-0.43541133120758035,-0.6679810248088588
113,1563685200,58,30,-28,88,29,-0.31914437357088127,-1.27698394919544
113,1563699600,48,168,120,216,29,0.06324473154537351,-1.0497175517567159
113,1563714000,233,227,-6,460,29,-0.26230274983738394,-0.6164909816391478
113,1563728400,221,419,198,640,29,0.2647741247823186,-0.296897610240942
113,1563742800,250,300,50,550,29,-0.11761498033393618,-0.45669429594004496
113,1563757200,168,109,-59,277,29,-0.3992393888317184,-0.9414109092273238
113,1563771600,25,38,13,63,29,-0.21321225661299986,-1.3213719174451908
113,1563786000,255,1041,786,1296,29,1.78399570456852,0.8678426766325192
113,1563800400,316,904,588,1220,29,1.2724210909670441,0.7329032531532768
113,1563814800,568,463,-105,1031,29,-0.5180900566381219,0.39733021318516065
113,1563829200,1188,555,-633,1743,29,-1.8822890262420577,1.6614995489380637
113,1563843600,233,144,-89,377,30,-0.3505942839078513,-0.711971267472424
113,1563858000,33,44,11,77,30,-0.1024068589267329,-1.2307267159285937
113,1563872400,245,1110,865,1355,30,2.017113750412018,0.9791714944946894
113,1563886800,351,914,563,1265,30,1.2675877269690408,0.8235448599578385
113,1563901200,566,512,-54,1078,30,-0.26372868516445985,0.500187297086826
113,1563915600,1132,548,-584,1680,30,-1.5791220375643875,1.54115656365554
113,1563930000,322,142,-180,464,30,-0.576444840640669,-0.5615321874201348
113,1563944400,42,44,2,86,30,-0.12474372717503356,-1.2151640524749088
113,1563958800,190,1110,920,1300,30,2.153616834151633,0.8840663289443916
113,1563973200,399,898,499,1297,30,1.108747774981125,0.87887877445983
113,1563987600,619,507,-112,1126,30,-0.4076773916535085,0.5831881688398132
113,1564002000,1210,554,-656,1764,30,-1.7578169835507929,1.6864080892232676
113,1564016400,307,218,-89,525,30,-0.3505942839078513,-0.4560519129007136
113,1564030800,50,48,-2,98,30,-0.1346712241742783,-1.194413834536662
113,1564045200,235,1035,800,1270,30,1.855791924174291,0.8321907840987747
113,1564059600,417,879,462,1296,30,1.0169184277381111,0.8771495896316427
113,1564074000,649,514,-135,1163,30,-0.46476049939916575,0.6471680074827408
113,1564088400,1107,677,-430,1784,30,-1.196913403093465,1.7209917857870123
113,1564102800,358,166,-192,524,30,-0.6062273316384033,-0.45778109772890085
113,1564117200,49,38,-11,87,30,-0.15700809242257893,-1.2134348676467215
113,1564131600,206,926,720,1132,30,1.6572419841893964,0.5935632778089366
113,1564146000,335,805,470,1140,30,1.0367734217366005,0.6073967564344345
113,1564160400,771,548,-223,1319,30,-0.68316543338255,0.9169208406799491
113,1564174800,901,649,-252,1550,30,-0.7551397866270743,1.3163625359912
113,1564189200,309,228,-81,537,30,-0.3307392899093618,-0.4353016949624668
113,1564203600,62,49,-13,111,30,-0.16197184092220132,-1.1719344317702278
113,1564218000,48,157,109,205,30,0.14081681755476314,-1.009391057920628
113,1564232400,160,139,-21,299,30,-0.1818268349206908,-0.8468476840710282
113,1564246800,227,249,22,476,30,-0.07510624217880987,-0.540781969481888
113,1564261200,212,213,1,425,30,-0.12722560142484474,-0.6289703957194369
113,1564275600,203,101,-102,304,30,-0.3828586491553967,-0.838201759930092
113,1564290000,58,36,-22,94,30,-0.18430870917050196,-1.2013305738494109
113,1564304400,45,120,75,165,30,0.05643309306118288,-1.0785584510481174
113,1564318800,160,126,-34,286,30,-0.21409120016823618,-0.8693270868374622
113,1564333200,181,199,18,380,30,-0.08503373917805461,-0.7067837129878624
113,1564347600,179,122,-57,301,30,-0.2711743079138934,-0.8433893144146537
113,1564362000,101,85,-16,186,30,-0.16941746367163488,-1.0422455696561854
113,1564376400,22,22,0,44,30,-0.12970747567465593,-1.2877898152587726
113,1564390800,235,1039,804,1274,30,1.865719421173536,0.8391075234115236
113,1564405200,344,816,472,1160,30,1.041737170236223,0.6419804529981791
113,1564419600,700,445,-255,1145,30,-0.7625854093765079,0.6160426805753706
113,1564434000,1493,485,-1008,1978,30,-2.63143671948433,2.0564536424553355
113,1564448400,326,135,-191,461,31,-0.604987990503675,-0.9917217542919514
113,1564462800,29,31,2,60,31,-0.1808462662698287,-1.681590215680151
113,1564477200,326,1080,754,1406,31,1.4717681203822564,0.6340281110742546
113,1564491600,332,926,594,1258,31,1.1201480381158553,0.37941331734494405
113,1564506000,646,490,-156,1136,31,-0.5280710975078998,0.1695281495410529
113,1564520400,1256,591,-665,1847,31,-1.646662484217888,1.3927113815784842
113,1564534800,332,327,-5,659,31,-0.19622964486898373,-0.6510884491676034
113,1564549200,30,30,0,60,31,-0.1852415172981587,-1.681590215680151
113,1564563600,223,1124,901,1347,31,1.7948190709645124,0.5325262676281105
113,1564578000,469,922,453,1391,31,0.8102828406185894,0.6082225576557434
113,1564592400,708,535,-173,1243,31,-0.5654307312487049,0.35360776392643284
113,1564606800,1279,670,-609,1949,31,-1.5235954554246476,1.5681891448243603
113,1564621200,296,158,-138,454,31,-0.48851383825292966,-1.0037643458872565
113,1564635600,21,24,3,45,31,-0.17864864075566367,-1.707395769098662
113,1564650000,233,1066,833,1299,31,1.6453805360012919,0.4499484966888747
113,1564664400,396,820,424,1216,31,0.7465517007078041,0.3071577677731127
113,1564678800,674,515,-159,1189,31,-0.5346639740503948,0.2607077716197925
113,1564693200,1175,613,-562,1788,31,-1.4203070562588924,1.29120953813234
113,1564707600,323,178,-145,501,31,-0.5038972168520847,-0.9229069451759215
113,1564722000,27,46,19,73,31,-0.14348663252902358,-1.6592254027174413
113,1564736400,214,1049,835,1263,31,1.649775787029622,0.3880151684844478
113,1564750800,375,847,472,1222,31,0.8520377253877244,0.31747998914051717
113,1564765200,803,657,-146,1460,31,-0.5060948423662497,0.726928103380895
113,1564779600,945,627,-318,1572,31,-0.8840864308026308,0.9196095689057786
113,1565413200,41,36,-5,77,32,-0.0965001096072892,-0.9368031509470055
113,1565427600,53,160,107,213,32,0.3182543118199764,-0.6467416958794446
113,1565442000,171,147,-24,318,32,-0.1668602346708432,-0.42279719012875433
113,1565456400,226,238,12,464,32,-0.03354631349779354,-0.11140768689446111
113,1565470800,229,239,10,468,32,-0.04095264245185185,-0.10287646762776814
113,1565485200,206,142,-64,348,32,-0.3149868137520095,-0.3588130456285571
113,1565499600,37,21,-16,58,32,-0.13723491885460995,-0.9773264424637971
113,1565514000,52,113,61,165,32,0.14790874587663513,-0.7491163270797603
113,1565528400,190,149,-41,339,32,-0.22981403078033888,-0.37800828897861627
113,1565542800,261,222,-39,483,32,-0.22240770182628056,-0.07088439537766952
113,1565557200,206,196,-10,402,32,-0.115015931992435,-0.24364158552820206
113,1565571600,145,78,-67,223,32,-0.32609630718309696,-0.6254136477127122
113,1565586000,20,20,0,40,32,-0.07798428722214343,-1.0157169291639154
113,1565600400,197,946,749,1143,32,2.695685906072695,1.3367667836266697
113,1565614800,355,776,421,1131,32,1.4810479576071316,1.3111731258265908
113,1565629200,604,560,-44,1164,32,-0.24092352421142635,1.3815556847768078
113,1565643600,1216,524,-692,1740,32,-2.6405741053263196,2.6100512591805947
113,1565658000,226,293,67,519,33,-0.06931074478783021,-0.696145714768714
113,1565672400,24,32,8,56,33,-0.23118824298221596,-1.6124964606830452
113,1565686800,228,1055,827,1283,33,2.0158909268686642,0.8159319739538541
113,1565701200,337,908,571,1245,33,1.3135072058896347,0.7407239213734121
113,1565715600,668,508,-160,1176,33,-0.6921275598747042,0.6041619311615573
113,1565730000,1160,575,-585,1735,33,-1.8581942841562966,1.7105119678054257
113,1565744400,337,235,-102,572,33,-0.5329937480903928,-0.5912502730117819
113,1565758800,28,28,0,56,33,-0.25313773426281067,-1.6124964606830452
113,1565773200,198,1120,922,1318,33,2.276541135825726,0.8852025486989978
113,1565787600,362,850,488,1212,33,1.0857812338534647,0.6754116651851337
113,1565802000,646,524,-122,1170,33,-0.5878674762918795,0.5922869754909611
113,1565816400,1213,604,-609,1817,33,-1.9240427579980808,1.8728030286369055
113,1565830800,333,130,-203,463,33,-0.8101060755079006,-0.8069786343609441
113,1565845200,21,31,10,52,33,-0.2257008701620673,-1.620413097796776
113,1565859600,253,1025,772,1278,33,1.8649881743145758,0.8060361775616907
113,1565874000,362,848,486,1210,33,1.0802938610333161,0.6714533466282684
113,1565888400,655,565,-90,1220,33,-0.5000695111695008,0.6912449394125951
113,1565902800,1091,620,-471,1711,33,-1.5454140334078226,1.6630121451230413
113,1565917200,362,342,-20,704,33,-0.30801146246429734,-0.33000124825866806
113,1565931600,29,24,-5,53,33,-0.2668561663131823,-1.6184339385183433
113,1565946000,194,933,739,1127,33,1.7744465227821227,0.5071831265183558
113,1565960400,334,761,427,1095,33,0.9184163628389304,0.4438500296085101
113,1565974800,775,535,-240,1310,33,-0.911622472680651,0.8693692744715364
113,1565989200,851,590,-261,1441,33,-0.969239887292212,1.1286391399462177
113,1566003600,381,392,11,773,33,-0.22295718375199297,-0.19343925804681308
113,1566018000,50,33,-17,83,33,-0.29978040323407434,-1.5590591601653627
113,1566032400,120,273,153,393,33,0.16664628647856258,-0.9455197838512317
113,1566046800,339,410,71,749,33,-0.058335999147532874,-0.24093908072919742
113,1566061200,418,683,265,1101,33,0.4739391644068881,0.45572498527910615
113,1566075600,456,602,146,1058,33,0.14744048160804224,0.3706211363065009
113,1566090000,310,281,-29,591,33,-0.33270464015496637,-0.5536462467215609
113,1566104400,70,42,-28,112,33,-0.32996095374489204,-1.501663541090815
113,1566118800,74,207,133,281,33,0.11177255827707588,-1.167185623035692
113,1566133200,340,365,25,705,33,-0.18454557401095228,-0.3280220889802354
113,1566147600,349,537,188,886,33,0.2626753108311643,0.03020574041607983
113,1566162000,339,500,161,839,33,0.18859577775915726,-0.06281474567025616
113,1566176400,194,167,-27,361,33,-0.3272172673348177,-1.0088528807610775
113,1566190800,29,40,11,69,33,-0.22295718375199297,-1.5867673900634203
113,1566205200,232,854,622,1086,33,1.4534352128034256,0.426037596102616
113,1566219600,331,772,441,1103,33,0.956827972579971,0.45968330383597156
113,1566234000,587,441,-146,1028,33,-0.6537159501336636,0.31124635795352046
113,1566248400,1042,488,-554,1530,33,-1.7731400054439923,1.3047843157267263
113,1566262800,255,146,-109,401,34,-0.4517375178871141,-0.4701734161405022
113,1566277200,39,39,0,78,34,-0.11541172629586717,-1.0570079778924435
113,1566291600,198,1090,892,1288,34,2.63690576085452,1.1413505970916091
113,1566306000,365,780,415,1145,34,1.1650947279276875,0.8815445836844029
113,1566320400,858,502,-356,1360,34,-1.2138702749792054,1.272162016429503
113,1566334800,1408,540,-868,1948,34,-2.79367582814176,2.340455274355638
113,1566349200,277,159,-118,436,34,-0.4795075373762996,-0.40658453174013703
113,1566363600,26,30,4,56,34,-0.10306949541178473,-1.0969781338012443
113,1566370091,22,189,167,211,34,0.3998764131145753,-0.8153702171710558
113,1566370172,0,17,17,17,34,-0.06295724503851674,-1.167834319275937
113,1566370253,0,4,4,4,34,-0.10306949541178473,-1.1914530477675012
113,1566370335,2,4,2,6,34,-0.10924061085382594,-1.1878193972303375
113,1566370416,2,3,1,5,34,-0.11232616857484656,-1.1896362224989194
113,1566370496,1,5,4,6,34,-0.10306949541178473,-1.1878193972303375
113,1566370577,3,1,-2,4,34,-0.1215828417379084,-1.1914530477675012
113,1566370657,2,3,1,5,34,-0.11232616857484656,-1.1896362224989194
113,1566370738,0,19,19,19,34,-0.05678612959647552,-1.1642006687387734
113,1566370818,1,5,4,6,34,-0.10306949541178473,-1.1878193972303375
113,1566378000,161,789,628,950,34,1.822318522505078,0.5272636563109399
113,1566392400,416,719,303,1135,34,0.8195122631733788,0.8633763309985842
113,1566406800,847,496,-351,1343,34,-1.1984424863741023,1.2412759868636114
113,1566421200,1265,574,-691,1839,34,-2.247532111521111,2.142421320080215
113,1566435600,276,131,-145,407,34,-0.5628175958438562,-0.459272464529011
113,1566450000,21,35,14,56,34,-0.07221391820157859,-1.0969781338012443
113,1566464400,203,991,788,1194,34,2.316007757868376,0.9705690218449141
113,1566478800,379,863,484,1242,34,1.37799821067811,1.0577766347368434
113,1566493200,713,507,-206,1220,34,-0.7510366168261136,1.0178064788280425
113,1566507600,1022,610,-412,1632,34,-1.38666150735636,1.7663384894837695
113,1566522000,286,195,-91,481,34,-0.396197478908743,-0.3248273946539532
113,1566536400,25,22,-3,47,34,-0.12466839945892902,-1.1133295612184813
113,1566550800,163,690,527,853,34,1.5106771926819962,0.3510316052584993
113,1566565200,398,681,283,1079,34,0.7578011087529665,0.761634115958
113,1566579600,712,493,-219,1205,34,-0.7911488671993815,0.9905540997993145
113,1566594000,748,537,-211,1285,34,-0.7664644054312166,1.1359001212858635
113,1566608400,310,214,-96,524,34,-0.4116252675138461,-0.24670390810493317
113,1566622800,55,42,-13,97,34,-0.15552397666913514,-1.022488297789388
113,1566637200,72,306,234,378,34,0.6066087804229564,-0.511960397317885
113,1566651600,296,407,111,703,34,0.2270851807374209,0.07850781497122004
113,1566666000,364,523,159,887,34,0.37519195134641037,0.4128036643902826
113,1566680400,386,515,129,901,34,0.28262521971579196,0.43823921815042866
113,1566694800,288,306,18,594,34,-0.05987168731749613,-0.11952613930420287
113,1566709200,86,39,-47,125,34,-0.26043293918383603,-0.971617190269096
113,1566723600,87,189,102,276,34,0.19931516124823537,-0.6972765747132349
113,1566738000,279,307,28,586,34,-0.029016110107289998,-0.13406074145285776
113,1566752400,324,537,213,861,34,0.5418120682815235,0.3655662074071542
113,1566766800,300,347,47,647,34,0.029609486592101657,-0.023234400069364208
113,1566781200,195,164,-31,359,34,-0.2110640156475062,-0.5464800774209404
113,1566795600,23,36,13,59,34,-0.0752994759225992,-1.091527657995499
113,1566810000,187,702,515,889,34,1.4736505000297488,0.4164373149274463
113,1566824400,327,782,455,1109,34,1.288517036768512,0.8161388740154558
113,1566838800,523,437,-86,960,34,-0.38076969030363994,0.5454319089967585
113,1566853200,986,405,-581,1391,34,-1.9081207622088436,1.3284835997555409
113,1566867600,192,150,-42,342,35,-0.3584485455529384,-0.77738780222512
113,1566882000,33,36,3,69,35,-0.2111088867675853,-1.3503839799258932
113,1566896400,189,975,786,1164,35,2.3526011760975587,0.9478973921706143
113,1566910800,360,795,435,1155,35,1.2033518375718044,0.929007408290369
113,1566925200,664,458,-206,1122,35,-0.8954197464595586,0.859744134062803
113,1566939600,1043,560,-483,1603,35,-1.8023772016493989,1.8693088281070223
113,1566954000,279,151,-128,430,35,-0.6400310045649465,-0.5926857376182775
113,1566968400,28,43,15,71,35,-0.17181831109149115,-1.3461862057302831
113,1566982800,185,997,812,1182,35,2.437730756729096,0.9856773599311048
113,1566997200,394,845,451,1239,35,1.2557392718065967,1.1053139245059915
113,1567011600,696,521,-175,1217,35,-0.7939190926296487,1.0591384083542807
113,1567026000,1110,527,-583,1637,35,-2.12979866561685,1.9406709894323932
113,1567040400,257,142,-115,399,35,-0.5974662142491779,-0.6577512376502334
113,1567054800,32,28,-4,60,35,-0.2340283892453069,-1.3692739638061384
113,1567069200,184,974,790,1158,35,2.3656980346562566,0.9353040695837841
113,1567083600,356,796,440,1152,35,1.219722910770177,0.9227107469969539
113,1567098000,615,494,-121,1109,35,-0.617111502087225,0.8324586017913377
113,1567112400,1026,598,-428,1624,35,-1.6222953964673006,1.913385457160928
113,1567126800,276,194,-82,470,35,-0.4894171311399189,-0.5087302537060763
113,1567141200,32,30,-2,62,35,-0.22747995996595788,-1.3650761896105283
113,1567155600,157,783,626,940,35,1.8287268337496365,0.4777466822622876
113,1567170000,409,630,221,1039,35,0.5026699046814586,0.6855365049449855
113,1567184400,891,640,-251,1531,35,-1.0427594052449116,1.7181889570650601
113,1567198800,583,514,-69,1097,35,-0.44685234082415026,0.8072719566176773
113,1567213200,238,385,147,623,35,0.2603780213455446,-0.18760052774190675
113,1567227600,55,42,-13,97,35,-0.2634963210023775,-1.2916151411873522
113,1567242000,76,262,186,338,35,0.3880723922928506,-0.7857833506163402
113,1567256400,373,267,-106,640,35,-0.5679982824921073,-0.15191944707922125
113,1567270800,321,462,141,783,35,0.24073273350749752,0.14822140790689797
113,1567285200,291,481,190,772,35,0.4011692508515487,0.12513364983104266
113,1567299600,227,199,-28,426,35,-0.31260954059749524,-0.6010812860094976
113,1567314000,51,45,-6,96,35,-0.24057681852465593,-1.2937140282851574
113,1567328400,53,180,127,233,35,0.19489372855205433,-1.0061664958858683
113,1567342800,334,242,-92,576,35,-0.522159277536664,-0.2862482213387431
113,1567357200,277,382,105,659,35,0.12286100647921505,-0.11204059222092569
113,1567371600,250,433,183,683,35,0.3782497483738271,-0.061667301873604974
113,1567386000,184,151,-33,335,35,-0.3289806137958678,-0.7920800119097553
113,1567400400,51,27,-24,78,35,-0.29951268203879716,-1.3314939960456478
113,1567414800,64,201,137,265,35,0.22763587494879947,-0.9390021087561073
113,1567429200,283,208,-75,491,35,-0.46649762866219735,-0.46465362465217064
113,1567443600,250,250,0,500,35,-0.22093153068660884,-0.4457636407719254
113,1567458000,174,279,105,453,35,0.12286100647921505,-0.5444113343687618
113,1567472400,123,102,-21,225,36,-0.2520211903009656,-1.093071330556439
113,1567486800,23,39,16,62,36,-0.1545253153376346,-1.4017955489230953
113,1567501200,201,1031,830,1232,36,1.990383933855647,0.814200374322229
113,1567515600,301,792,491,1093,36,1.0971109172997227,0.550932482586246
113,1567530000,603,472,-131,1075,36,-0.541873791543301,0.516840237613241
113,1567544400,1062,489,-573,1551,36,-1.7065542438079575,1.4183907157882618
113,1567558800,266,236,-30,502,36,-0.27573640312988396,-0.5684295606940845
113,1567573200,26,28,2,54,36,-0.19141564640484093,-1.4169476577999864
113,1567587600,216,1202,986,1418,36,2.401447622890232,1.1664869057099472
113,1567602000,360,985,625,1345,36,1.4502040860858403,1.0282239122083159
113,1567616400,591,545,-46,1136,36,-0.31789678149240547,0.6323750677995358
113,1567630800,1144,510,-634,1654,36,-1.8672906863150707,1.613474117578235
113,1567645200,247,247,0,494,36,-0.19668569370015612,-0.5835816695709756
113,1567659600,27,22,-5,49,36,-0.20986081193844408,-1.4264177258480435
113,1567674000,232,899,667,1131,36,1.5608750792874593,0.6229049997514788
113,1567688400,363,875,512,1238,36,1.1524464139005322,0.8255644559798974
113,1567702800,628,504,-124,1132,36,-0.5234286260096978,0.6247990133610902
113,1567717200,1076,505,-571,1581,36,-1.7012841965126422,1.4752111240766035
113,1567731600,256,156,-100,412,36,-0.46018805846591554,-0.7388907855591095
113,1567746000,27,22,-5,49,36,-0.20986081193844408,-1.4264177258480435
113,1567760400,230,989,759,1219,36,1.803297254871958,0.789578197397281
113,1567774800,431,805,374,1236,36,0.7888131505237842,0.8217764287606746
113,1567789200,769,609,-160,1378,36,-0.6182894773253712,1.0907263613254918
113,1567803600,1009,600,-409,1609,36,-1.274410365592112,1.5282435051457224
113,1567818000,297,187,-110,484,36,-0.48653829494249146,-0.6025218056670895
113,1567832400,56,24,-32,80,36,-0.2810064504251991,-1.3677033039500903
113,1567846800,100,276,176,376,36,0.2670784682875804,-0.8070752755051194
113,1567861200,268,250,-18,518,36,-0.24411611935799282,-0.5381253429403022
113,1567875600,334,382,48,716,36,-0.0702045586125916,-0.16311064823724736
113,1567890000,256,391,135,647,36,0.1590424987336191,-0.29379758730043315
113,1567904400,288,172,-116,460,36,-0.502348436828437,-0.6479781322977628
113,1567918800,51,35,-16,86,36,-0.23884607206267763,-1.356339222292422
113,1567933200,69,202,133,271,36,0.1537724514383039,-1.0059467045143151
113,1567947600,218,234,16,452,36,-0.1545253153376346,-0.6631302411746539
113,1567962000,295,323,28,618,36,-0.12290503156574349,-0.34872398197916343
113,1567976400,268,224,-44,492,36,-0.31262673419709025,-0.5873696967901983
113,1567990800,166,133,-33,299,36,-0.2836414740728567,-0.9529143234451963
113,1568005200,36,35,-1,71,36,-0.1993207173478137,-1.384749426436593
113,1568019600,280,1029,749,1309,36,1.776947018395382,0.9600394222623059
113,1568034000,407,880,473,1287,36,1.049680491641886,0.9183711228508554
113,1568048400,587,496,-91,1083,36,-0.4364728456369972,0.5319923464901322
113,1568062800,1090,475,-615,1565,36,-1.8172252370095765,1.4449069063228213
113,1568077200,240,146,-94,386,37,-0.3918229399795819,-0.8110930414704709
113,1568091600,33,38,5,71,37,-0.13690199107720333,-1.4027433110108762
113,1568106000,257,1065,808,1322,37,1.9307901500198676,0.9469534737353046
113,1568120400,393,879,486,1272,37,1.1016533263171817,0.8530407325384148
113,1568134800,602,486,-116,1088,37,-0.4484720397356661,0.5074418449338607
113,1568149200,1168,479,-689,1647,37,-1.9239235924736755,1.5573862915150878
113,1568163600,328,118,-210,446,37,-0.6905181932389347,-0.6983977520342033
113,1568178000,36,32,-4,68,37,-0.1600766227956014,-1.4083780754826896
113,1568192400,262,1047,785,1309,37,1.8715660911839616,0.9225361610241133
113,1568206800,342,824,482,1166,37,1.0913534899978936,0.6539457212010087
113,1568221200,643,514,-129,1157,37,-0.48194650777335213,0.6370414277855685
113,1568235600,1132,469,-663,1601,37,-1.8569746563983034,1.4709865696139492
113,1568250000,300,167,-133,467,37,-0.4922463440926402,-0.6589544007315096
113,1568264400,33,39,6,72,37,-0.13432703199738133,-1.4008650561869385
113,1568278800,240,1096,856,1336,37,2.054388185851324,0.9732490412704337
113,1568293200,403,942,539,1345,37,1.238126157547748,0.9901533346858739
113,1568307600,689,498,-191,1187,37,-0.6415939707223165,0.6933890725037023
113,1568322000,1180,631,-549,1811,37,-1.5634293212985946,1.865420082640886
113,1568336400,321,146,-175,467,37,-0.6003946254451644,-0.6589544007315096
113,1568350800,34,36,2,70,37,-0.14462686831666935,-1.404621565834814
113,1568365200,224,1007,783,1231,37,1.8664161730243176,0.7760322847569653
113,1568379600,377,811,434,1188,37,0.9677554541664373,0.6952673273276402
113,1568394000,668,524,-144,1192,37,-0.5205708939706822,0.7027803466233913
113,1568408400,959,606,-353,1565,37,-1.0587373416534815,1.4033693959521887
113,1568422800,344,207,-137,551,37,-0.5025461804119282,-0.5011809955207349
113,1568437200,72,37,-35,109,37,-0.23990035427008355,-1.33136962770124
113,1568451600,63,232,169,295,37,0.2853912980136057,-0.9820142304488102
113,1568466000,217,282,65,499,37,0.01759555371211705,-0.5988502463655002
113,1568480400,340,357,17,697,37,-0.10600248211933926,-0.22695579122581688
113,1568494800,295,345,50,640,37,-0.021028832485213044,-0.33401631619027117
113,1568509200,240,208,-32,448,37,-0.23217547703061753,-0.6946412423863276
113,1568523600,80,47,-33,127,37,-0.23475043611043955,-1.2975610408703597
113,1568538000,62,206,144,268,37,0.22101732101805555,-1.0327271106951306
113,1568552400,234,232,-2,466,37,-0.15492670463595737,-0.6608326555554473
113,1568566800,278,345,67,623,37,0.022745471871761062,-0.3659466481972137
113,1568581200,291,239,-52,530,37,-0.28367465862705765,-0.5406243468234285
113,1568595600,180,128,-52,308,37,-0.28367465862705765,-0.9575969177376189
113,1568610000,22,39,17,61,37,-0.10600248211933926,-1.4215258592502542
113,1568624400,279,1035,756,1314,37,1.7968922778691234,0.9319274351438023
113,1568638800,415,944,529,1359,37,1.2123765667495279,1.016448902221003
113,1568653200,573,468,-105,1041,37,-0.420147489857624,0.4191638682087844
113,1568667600,1104,445,-659,1549,37,-1.8466748200790153,1.3733173187691838
113,1568682000,211,124,-87,335,38,-0.4061902999087456,-0.9885130974348427
113,1568696400,33,50,17,83,38,-0.15713931310338333,-1.447149894876995
113,1568710800,244,1033,789,1277,38,1.6915853197210367,0.7259149310989167
113,1568725200,356,917,561,1273,38,1.1455889255708194,0.7186349819331682
113,1568739600,688,532,-156,1220,38,-0.5714260507699955,0.6221756554870014
113,1568754000,1229,503,-726,1732,38,-1.9364170361455386,1.5540091487028027
113,1568768400,291,238,-53,529,38,-0.3247697849916079,-0.635435562896043
113,1568782800,37,48,11,85,38,-0.17150763926523116,-1.4435099202941206
113,1568797200,274,1250,976,1524,38,2.1393981517652936,1.1754517920838834
113,1568811600,410,962,552,1372,38,1.1240364363280475,0.8988137237854423
113,1568826000,717,510,-207,1227,38,-0.693556823145702,0.6349155665270612
113,1568840400,1193,493,-700,1686,38,-1.874154289444198,1.4702897332966955
113,1568854800,299,223,-76,522,38,-0.3798483686120246,-0.6481754739361028
113,1568869200,27,49,22,76,38,-0.14516570796851014,-1.4598898059170546
113,1568883600,249,1111,862,1360,38,1.866399954690185,0.876973876288197
113,1568898000,408,916,508,1324,38,1.0186687111411636,0.8114543337964609
113,1568912400,724,633,-91,1357,38,-0.41576918401664414,0.8715139144138857
113,1568926800,1138,540,-598,1678,38,-1.6298927446927851,1.4557298349651986
113,1568941200,315,291,-24,606,38,-0.25532287520934344,-0.4952965414553854
113,1568955600,36,39,3,75,38,-0.19066540748102825,-1.461709793208492
113,1568970000,228,1043,815,1271,38,1.7538480664223772,0.714995007350294
113,1568984400,398,940,542,1338,38,1.1000892260583013,0.8369341558765805
113,1568998800,759,560,-199,1319,38,-0.6743990549299049,0.8023543973392754
113,1569013200,1070,594,-476,1664,38,-1.3377367794018793,1.430250012885079
113,1569027600,364,328,-36,692,38,-0.2840595275330391,-0.33877763439179376
113,1569042000,71,47,-24,118,38,-0.25532287520934344,-1.383450339676696
113,1569056400,63,262,199,325,38,0.2786999138060006,-1.006712970349214
113,1569070800,281,356,75,637,38,-0.018245493538854383,-0.43887693542083495
113,1569085200,339,486,147,825,38,0.1541744204033195,-0.09671932463065788
113,1569099600,319,400,81,719,38,-0.0038771673770065587,-0.28963797752299175
113,1569114000,301,194,-107,495,38,-0.45408472044823833,-0.6973151308049048
113,1569128400,69,48,-21,117,38,-0.24813871212841954,-1.3852703269681332
113,1569142800,47,187,140,234,38,0.13741137321449703,-1.172331813869991
113,1569157200,251,265,14,516,38,-0.16432347618430723,-0.6590953976847255
113,1569171600,321,419,98,740,38,0.03683309008156227,-0.2514182444028124
113,1569186000,274,295,21,569,38,-0.14756042899548477,-0.5626360712385585
113,1569200400,224,119,-105,343,38,-0.44929527839428907,-0.9739531991033459
113,1569214800,32,40,8,72,38,-0.17869180234615506,-1.4671697550828031
113,1569229200,259,1119,860,1378,38,1.861610512636236,0.909733647534065
113,1569243600,352,977,625,1329,38,1.2988510712971961,0.8205542702536466
113,1569258000,664,569,-95,1233,38,-0.4253480681245427,0.6458354902756838
113,1569272400,1141,466,-675,1607,38,-1.814286263769832,1.3265107372731637
113,1569286800,253,141,-112,394,39,-0.41703041451669487,-0.7231935861446557
113,1569301200,29,30,1,59,39,-0.14255720035829328,-1.3034144766650015
113,1569315600,263,1124,861,1387,39,1.946353987041931,0.9966850535171456
113,1569330000,385,1011,626,1396,39,1.3755468602523349,1.012273077441573
113,1569344400,707,607,-100,1314,39,-0.3878828165529708,0.8702488594634583
113,1569358800,1193,508,-685,1701,39,-1.8088282172845185,1.540533888213828
113,1569373200,300,123,-177,423,39,-0.5749132368202002,-0.6729655090548347
113,1569387600,30,31,1,61,39,-0.14255720035829328,-1.2999504713484622
113,1569402000,283,1152,869,1435,39,1.9657857190177472,1.0798211811140908
113,1569416400,363,978,615,1341,39,1.348828228785588,0.91701293123674
113,1569430800,696,621,-75,1317,39,-0.32715865412854567,0.8754448674382674
113,1569445200,1220,534,-686,1754,39,-1.8112571837814957,1.6323300291021217
113,1569459600,350,170,-180,520,39,-0.5822001363111312,-0.5049612512026749
113,1569474000,22,33,11,55,39,-0.11826753538852322,-1.3103424872980802
113,1569488400,313,1143,830,1456,39,1.8710560256356439,1.1161932369377543
113,1569502800,312,1018,706,1330,39,1.5698641800104953,0.8979609019957734
113,1569517200,777,621,-156,1398,39,-0.5239049403836831,1.0157370827581123
113,1569531600,1120,553,-567,1673,39,-1.522210170641232,1.4920378137822767
113,1569546000,327,157,-170,484,39,-0.5579104713413612,-0.5673133469003836
113,1569560400,34,36,2,70,39,-0.14012823386131626,-1.284362447424035
113,1569574800,253,1069,816,1322,39,1.837050494677966,0.8841048807296159
113,1569589200,382,827,445,1209,39,0.9359039242994969,0.688388580345141
113,1569603600,747,613,-134,1360,39,-0.47046767745018897,0.9499209817438641
113,1569618000,1050,637,-413,1687,39,-1.1481493301067733,1.5162858509980524
113,1569632400,338,201,-137,539,39,-0.47775457694112,-0.47205320069555073
113,1569646800,62,19,-43,81,39,-0.24943172622528148,-1.2653104181830683
113,1569661200,70,192,122,262,39,0.15134774577592433,-0.9518179370362546
113,1569675600,177,177,0,354,39,-0.14498616685527027,-0.7924736924754432
113,1569690000,295,265,-30,560,39,-0.21785516176458042,-0.43568114487188725
113,1569704400,268,191,-77,459,39,-0.3320165871224997,-0.6106134133571258
113,1569718800,228,111,-117,339,39,-0.4291752470015799,-0.8184537323494886
113,1569733200,41,25,-16,66,39,-0.18384963080690236,-1.2912904580571136
113,1569747600,62,137,75,199,39,0.037186320418005105,-1.0609341045072451
113,1569762000,201,153,-48,354,39,-0.2615765587101665,-0.7924736924754432
113,1569776400,240,186,-54,426,39,-0.27615035769202856,-0.6677695010800256
113,1569790800,222,180,-42,402,39,-0.2470027597283045,-0.7093375648784982
113,1569805200,161,56,-105,217,39,-0.4000276490378558,-1.0297580566583906
113,1569819600,23,26,3,49,39,-0.13769926736433927,-1.3207345032476985
113,1569834000,200,1017,817,1217,39,1.839479461174943,0.7022446016112985
113,1569848400,318,803,485,1121,39,1.0330625841785772,0.5359723464174083
113,1569862800,526,481,-45,1007,39,-0.2542896592192355,0.3385240433746638
113,1569877200,948,339,-609,1287,39,-1.6242267635142662,0.8234847876901767
113,1569891600,231,132,-99,363,40,-0.42513506408590185,-0.9030520013311031
113,1569906000,20,36,16,56,40,-0.1431904863658818,-1.4465777682714591
113,1569920400,248,1065,817,1313,40,1.820614789753562,0.7788681243800959
113,1569934800,339,856,517,1195,40,1.0851071957013358,0.569955940344389
113,1569949200,550,471,-79,1021,40,-0.3761012244824201,0.26189899100360103
113,1569963600,1128,508,-620,1636,40,-1.7024665857566015,1.3507209671219036
113,1569978000,258,123,-135,381,40,-0.513395975372169,-0.8711840410544699
113,1569992400,31,44,13,75,40,-0.15054556230640406,-1.412939365757235
113,1570006800,271,1112,841,1383,40,1.8794553972777401,0.9027990810114473
113,1570021200,381,901,520,1282,40,1.0924622716418582,0.7239844150147831
113,1570035600,646,528,-118,1174,40,-0.4717172117092095,0.5327766533549836
113,1570050000,1190,585,-605,1775,40,-1.6656912060539901,1.596812438147016
113,1570064400,320,132,-188,452,40,-0.6433356503213957,-0.7454826421855276
113,1570078800,29,46,17,75,40,-0.14073879438570772,-1.412939365757235
113,1570093200,270,1174,904,1444,40,2.033911992028708,1.0107960575044823
113,1570107600,431,993,562,1424,40,1.19543333480917,0.9753872127526675
113,1570122000,701,595,-106,1296,40,-0.44229690794712045,0.7487706063410534
113,1570136400,1315,608,-707,1923,40,-1.915763788031747,1.858837889310445
113,1570150800,381,138,-243,519,40,-0.7781787092309704,-0.6268630122669484
113,1570165200,42,40,-2,82,40,-0.18732094200901536,-1.4005462700940998
113,1570179600,241,1068,827,1309,40,1.845131709555303,0.771786355429733
113,1570194000,395,857,462,1252,40,0.950264136791761,0.670871147887061
113,1570208400,765,576,-189,1341,40,-0.6457873423015698,0.8284405070326365
113,1570222800,1091,770,-321,1861,40,-0.9694106836845493,1.749070470579819
113,1570237200,368,281,-87,649,40,-0.3957147603238128,-0.3967055213801527
113,1570251600,69,39,-30,108,40,-0.2559683174538898,-1.3545147719167407
113,1570266000,81,310,229,391,40,0.3790199054111988,-0.8534796186785625
113,1570280400,228,347,119,575,40,0.10933378759204919,-0.5277182469618672
113,1570294800,395,392,-3,787,40,-0.18977263398918945,-0.15238449259263115
113,1570309200,323,430,107,753,40,0.07991348382996015,-0.21257952867071617
113,1570323600,290,233,-57,523,40,-0.32216400091859015,-0.6197812433165855
113,1570338000,77,52,-25,129,40,-0.24370985755301938,-1.3173354849273353
113,1570352400,58,200,142,258,40,0.1657227031360532,-1.0889484362781303
113,1570366800,249,265,16,514,40,-0.1431904863658818,-0.6357152234549021
113,1570381200,314,425,111,739,40,0.0897202517506565,-0.23736571999698647
113,1570395600,306,314,8,620,40,-0.1628040222072745,-0.44804834627028406
113,1570410000,214,137,-77,351,40,-0.37119784052207194,-0.9242973081821919
113,1570424400,37,39,2,76,40,-0.17751417408831902,-1.4111689235196443
113,1570438800,248,1099,851,1347,40,1.9039723170794811,0.8390631604581809
113,1570453200,377,963,586,1340,40,1.254273942333348,0.8266700647950457
113,1570467600,661,531,-130,1192,40,-0.5011375154712986,0.5646446136316169
113,1570482000,1203,482,-721,1685,40,-1.9500874757541842,1.4374726367638495
113,1570496400,318,144,-174,462,41,-0.6285201791686754,-0.7562094428981546
113,1570510800,46,41,-5,87,41,-0.18145772484066078,-1.4818719497918325
113,1570525200,262,1166,904,1428,41,2.2231563046514413,1.1130971748599594
113,1570539600,395,972,577,1367,41,1.3581301356262299,0.9950560737385877
113,1570554000,708,521,-187,1229,41,-0.6629095987323688,0.7280122712017144
113,1570568400,1155,510,-645,1665,41,-1.8744753033609527,1.5717158792167638
113,1570582800,358,148,-210,506,41,-0.7237524179604418,-0.6710650420892964
113,1570597200,42,46,4,88,41,-0.15764966514271914,-1.4799368497734493
113,1570611600,250,983,733,1233,41,1.770803170390551,0.7357526712752469
113,1570626000,367,836,469,1203,41,1.0724334192509306,0.6776996707237527
113,1570640400,624,510,-114,1134,41,-0.469799781182398,0.544177769455316
113,1570654800,1012,455,-557,1467,41,-1.6416853863144125,1.1885660755769019
113,1570669200,357,155,-202,512,41,-0.702589698228938,-0.6594544419789976
113,1570683600,36,46,10,82,41,-0.1417776253440914,-1.491547449883748
113,1570698000,248,1139,891,1387,41,2.188766885087748,1.0337580741062506
113,1570712400,460,952,492,1412,41,1.1332762384790036,1.0821355745658292
113,1570726800,686,576,-110,1262,41,-0.4592184213166462,0.791870571808358
113,1570741200,1196,668,-528,1864,41,-1.5649705272877117,1.9568007828750087
113,1570755600,465,188,-277,653,41,-0.9009901957117847,-0.3866053393869747
113,1570770000,54,49,-5,103,41,-0.18145772484066078,-1.450910349497702
113,1570784400,218,980,762,1198,41,1.8475180294172517,0.6680241706318369
113,1570798800,398,892,494,1290,41,1.1385669184118794,0.846053372323086
113,1570813200,755,592,-163,1347,41,-0.5994214395378579,0.9563540733709249
113,1570827600,1080,630,-450,1710,41,-1.3586340099055512,1.658795380044005
113,1570842000,382,231,-151,613,41,-0.5676773599406024,-0.46400934012230033
113,1570856400,82,40,-42,122,41,-0.27933530359886516,-1.4141434491484224
113,1570870800,79,280,201,359,41,0.3634823082455582,-0.9555247447916181
113,1570885200,236,304,68,540,41,0.011652092709310046,-0.6052716414642696
113,1570899600,347,406,59,753,41,-0.01215596698863156,-0.19309533754866065
113,1570914000,348,451,103,799,41,0.10423899153463852,-0.10408073670303616
113,1570928400,323,218,-105,541,41,-0.44599172148445637,-0.6033365414458864
113,1570942800,73,45,-28,118,41,-0.24230054406873378,-1.421883849221955
113,1570957200,64,191,127,255,41,0.16772715072914945,-1.1567751467034648
113,1570971600,249,337,88,586,41,0.06455889203806917,-0.5162570406186452
113,1570986000,339,459,120,798,41,0.14920977096408378,-0.1060158367214193
113,1571000400,299,373,74,672,41,0.027524132507937782,-0.349838439037695
113,1571014800,218,137,-81,355,41,-0.3825035622899454,-0.9632651448651507
113,1571029200,35,36,1,71,41,-0.16558568504203303,-1.5128335500859627
113,1571043600,207,816,609,1023,41,1.4427810145522444,0.32938166741478736
113,1571058000,338,773,435,1111,41,0.9824918603920401,0.49967046903250373
113,1571072400,597,537,-60,1134,41,-0.3269514229947484,0.544177769455316
113,1571086800,867,411,-456,1278,41,-1.374506049704179,0.8228321721024883
113,1571101200,234,130,-104,364,42,-0.440551848690459,-0.7811870889726701
113,1571115600,34,61,27,95,42,-0.10505959662918199,-1.2322838536250837
113,1571130000,256,1106,850,1362,42,2.002651269374108,0.89239867728424
113,1571144400,409,1014,605,1423,42,1.3752039277327885,0.9946919956626684
113,1571158800,736,534,-202,1270,42,-0.6915307853469869,0.7381202298938234
113,1571173200,1162,574,-588,1736,42,-1.6800804746267803,1.5195741047191944
113,1571187600,406,318,-88,724,42,-0.39957569576694424,-0.17748881657538787
113,1571202000,39,58,19,97,42,-0.12554767309093937,-1.2289299743339877
113,1571216400,253,1132,879,1385,42,2.0769205465479788,0.9309682891318442
113,1571230800,352,923,571,1275,42,1.2881296027703197,0.7465049281215635
113,1571245200,704,601,-103,1305,42,-0.43799083913273934,0.7968131174880037
113,1571259600,1302,695,-607,1997,42,-1.728739656223454,1.957255352207224
113,1571274000,415,166,-249,581,42,-0.8118982345598115,-0.41729118588875275
113,1571288400,46,80,34,126,42,-0.08713252972514429,-1.1802987246130956
113,1571302800,254,1048,794,1302,42,1.8592347341418067,0.7917822985513596
113,1571317200,426,1044,618,1470,42,1.4084970519831443,1.0735081590034248
113,1571331600,706,526,-180,1232,42,-0.6351885750771541,0.6743965233629993
113,1571346000,1331,625,-706,1956,42,-1.9822796024377016,1.8885008267397558
113,1571360400,441,189,-252,630,42,-0.8195812632329705,-0.33512114325690046
113,1571374800,66,98,32,164,42,-0.09225454884058364,-1.1165750180822713
113,1571389200,238,988,750,1226,42,1.746550313602141,0.6643348854897112
113,1571403600,405,925,520,1330,42,1.1575181153266165,0.8387366086267039
113,1571418000,746,565,-181,1311,42,-0.6377495846348737,0.8068747553612917
113,1571432400,1070,779,-291,1849,42,-0.9194606359840377,1.709068284666119
113,1571446800,333,284,-49,617,42,-0.29969632301587706,-0.3569213586490245
113,1571461200,51,39,-12,90,42,-0.20493896938024922,-1.2406685518528238
113,1571475600,40,189,149,229,42,0.207383569412618,-1.0075739411216509
113,1571490000,141,180,39,321,42,-0.07432748193654592,-0.8532954937312344
113,1571504400,227,238,11,465,42,-0.14603574955269674,-0.6118161847723215
113,1571518800,251,230,-21,481,42,-0.22798805539972625,-0.5849851504435534
113,1571533200,198,118,-80,316,42,-0.37908761930518686,-0.8616801919589744
113,1571547600,49,35,-14,84,42,-0.21006098849568855,-1.2507301897261118
113,1571562000,43,136,93,179,42,0.06396703418031638,-1.0914209233990513
113,1571576400,167,167,0,334,42,-0.17420685468761316,-0.8314952783391103
113,1571590800,296,214,-82,510,42,-0.3842096384206262,-0.5363539007226612
113,1571605200,223,115,-108,338,42,-0.4507958869213377,-0.8247875197569182
113,1571619600,144,36,-108,180,42,-0.4507958869213377,-1.0897439837535032
113,1571634000,94,101,7,195,42,-0.15627978778357543,-1.0645898890702832
113,1571646751,105,639,534,744,42,1.1933722491346919,-0.14395002366442777
113,1571646830,2,12,10,14,42,-0.14859675911041642,-1.3681159649144723
113,1571648400,254,843,589,1097,42,1.334227774809274,0.4480096712140184
113,1571662800,417,947,530,1364,42,1.1831282109038133,0.895752556575336
113,1571677200,627,557,-70,1184,42,-0.3534775237279902,0.593903420376695
113,1571691600,1067,494,-573,1561,42,-1.6416653312609852,1.2261096667482934
113,1571706000,364,163,-201,527,43,-0.5669277337302973,-0.49967071918099704
113,1571720400,42,54,12,96,43,-0.0936856411716298,-1.1316164579230084
113,1571734800,282,971,689,1253,43,1.4104688032519286,0.5648132862173793
113,1571749200,366,1063,697,1429,43,1.4282431541461509,0.8228700147988037
113,1571763600,695,583,-112,1278,43,-0.3691880800320747,0.6014690715272406
113,1571778000,1281,646,-635,1927,43,-1.5311862697418546,1.5530532581712437
113,1571792400,403,180,-223,583,43,-0.6158071986894086,-0.4175617600869074
113,1571806800,41,57,16,98,43,-0.08479846572451867,-1.1286839950982193
113,1571821200,284,1172,888,1456,43,1.8526057817457071,0.8624582629334541
113,1571835600,374,1542,1168,1916,43,2.4747080630434857,1.5369247126349048
113,1571850000,650,612,-38,1262,43,-0.20477533426051886,0.5780093689289293
113,1571864400,1200,644,-556,1844,43,-1.3556645546614097,1.4313560509425036
113,1571878800,420,173,-247,593,43,-0.6691302513720753,-0.40289944596296284
113,1571893200,38,44,6,82,43,-0.10701640434229648,-1.1521436976965307
113,1571907600,284,1083,799,1367,43,1.6548661280474846,0.7319636672303473
113,1571922000,422,997,575,1419,43,1.1571843030092615,0.8082077006748591
113,1571936400,780,665,-115,1445,43,-0.37585346161740807,0.846329717397115
113,1571950800,1820,732,-1088,2552,43,-2.53765888912719,2.4694478909177797
113,1571965200,631,185,-446,816,43,-1.111267229865854,-0.07592984099899877
113,1571979600,75,51,-24,126,43,-0.17367022019562992,-1.0876295155511746
113,1571994000,263,982,719,1245,43,1.477122619105262,0.5530834349182235
113,1572008400,413,997,584,1410,43,1.1771804477652614,0.7950116179633091
113,1572022800,794,626,-168,1420,43,-0.4936085362916305,0.8096739320872537
113,1572037200,1036,772,-264,1808,43,-0.7069007470222975,1.3785717200963032
113,1572051600,362,224,-138,586,43,-0.426954720438297,-0.413163065849724
113,1572066000,42,30,-12,72,43,-0.14700869385429655,-1.1668060118204753
113,1572080400,41,121,80,162,43,0.05739634142925937,-1.034845184704974
113,1572094800,113,126,13,239,43,-0.091463847309852,-0.9219453659506008
113,1572109200,196,176,-20,372,43,-0.1647830447485188,-0.7269365881021379
113,1572123600,181,103,-78,284,43,-0.29364708873163015,-0.8559649523928502
113,1572138000,161,64,-97,225,43,-0.335861172105408,-0.9424726057241233
113,1572152400,34,26,-8,60,43,-0.13812151840718542,-1.1844007887692087
113,1572166800,30,88,58,118,43,0.008516876470148168,-1.09935936685033
113,1572181200,123,138,15,261,43,-0.08702025958629644,-0.8896882748779228
113,1572195600,131,141,10,272,43,-0.09812922889518536,-0.8735597293415838
113,1572210000,134,79,-55,213,43,-0.24254582991074117,-0.9600673826728567
113,1572224400,104,40,-64,144,43,-0.2625419746667412,-1.0612373501280743
113,1572238800,16,51,35,67,43,-0.04258438235074081,-1.1741371688824476
113,1572253200,280,995,715,1275,43,1.4682354436581508,0.5970703772900573
113,1572267600,374,902,528,1276,43,1.0527599915057055,0.5985366087024517
113,1572282000,614,558,-56,1172,43,-0.24476762377251893,0.4460485418134281
113,1572296400,1192,505,-687,1697,43,-1.646719550554299,1.2158200333205185
113,1572310800,268,148,-120,416,44,-0.47279400869031313,-0.7478237482347586
113,1572325200,40,46,6,86,44,-0.16113159040566724,-1.2792993482005957
113,1572339600,269,992,723,1261,44,1.6123759803093414,0.6130758941020059
113,1572354000,435,999,564,1434,44,1.2190876905691932,0.8916979510537932
113,1572368400,711,585,-126,1296,44,-0.4876350762276772,0.6694445183408068
113,1572382800,1290,669,-621,1959,44,-1.7120231480602144,1.7372273146358064
113,1572397200,289,148,-141,437,44,-0.5247377450710874,-0.7140025736914781
113,1572411600,46,65,19,111,44,-0.12897594407471172,-1.2390360451728808
113,1572426000,246,1144,898,1390,44,2.0452404501491275,0.8208345377250149
113,1572440400,420,982,562,1402,44,1.2141406680567384,0.840160923178318
113,1572454800,704,605,-99,1309,44,-0.4208502723095388,0.6903814359152185
113,1572469200,1263,572,-691,1835,44,-1.8851689359961288,1.5375213316183407
113,1572483600,320,150,-170,470,44,-0.5964695715016806,-0.6608550136948944
113,1572498000,30,57,27,87,44,-0.10918785402489294,-1.277688816079487
113,1572512400,284,1028,744,1312,44,1.6643197166901158,0.6952130322785444
113,1572526800,424,1027,603,1451,44,1.3155546295620597,0.9190769971126393
113,1572541200,815,628,-187,1443,44,-0.6385192628575453,0.9061927401437706
113,1572555600,1118,572,-546,1690,44,-1.5265098038431633,1.303994174057594
113,1572570000,356,209,-147,565,44,-0.5395788126084515,-0.5078544621895776
113,1572584400,43,64,21,107,44,-0.12402892156225702,-1.245478173657315
113,1572598800,260,963,703,1223,44,1.5629057551847945,0.5518756734998792
113,1572613200,424,940,516,1364,44,1.1003591502702803,0.7789607025761914
113,1572627600,827,689,-138,1516,44,-0.5173172113024054,1.0237615849846982
113,1572642000,1161,766,-395,1927,44,-1.1530096041528337,1.6856902867603314
113,1572656400,347,177,-170,524,44,-0.5964695715016806,-0.5738862791550301
113,1572670800,53,48,-5,101,44,-0.18834021422416808,-1.2551413663839668
113,1572685200,70,235,165,305,44,0.2321566993344811,-0.9265928136778129
113,1572699600,205,294,89,499,44,0.04416984386120266,-0.6141495821827451
113,1572714000,297,415,118,712,44,0.11590167029179575,-0.2711062403866139
113,1572728400,275,298,23,573,44,-0.11908189904980232,-0.4949702052207089
113,1572742800,201,125,-76,326,44,-0.3639595134163098,-0.8927716391345324
113,1572753600,56,36,-20,92,44,-0.2254428830675783,-1.2696361554739442
113,1572768000,51,137,86,188,44,0.03674931009252061,-1.1150250718475188
113,1572782400,151,294,143,445,44,0.17773945169747946,-0.7011183167226093
113,1572796800,231,392,161,623,44,0.22226265430957173,-0.41444359916527906
113,1572811200,290,279,-11,569,44,-0.20318128176153216,-0.5014123337051433
113,1572825600,171,127,-44,298,44,-0.28480715321703465,-0.9378665385255731
113,1572840000,31,37,6,68,44,-0.16113159040566724,-1.3082889263805504
113,1572854400,113,566,453,679,44,0.9445279411279575,-0.3242538003831976
113,1572868800,473,1353,880,1826,44,2.000717247537035,1.5230265425283633
113,1572883200,481,574,93,1055,44,0.05406388888611205,0.2813062771536349
113,1572897600,1454,546,-908,2000,44,-2.4219208785974633,1.803259131601259
113,1572912000,281,212,-69,493,45,-0.34888314951146837,-0.6309845043504567
113,1572926400,61,54,-7,115,45,-0.20410359232774508,-1.2024014224422857
113,1572940800,114,585,471,699,45,0.912100090475799,-0.319577400840095
113,1572955200,459,1421,962,1880,45,2.0586607772049628,1.4657225469547457
113,1572969600,522,531,9,1053,45,-0.16674112595775198,0.21555907800780816
113,1572984000,1423,536,-887,1959,45,-2.259039242677366,1.585145659466001
113,1572998400,373,192,-181,565,45,-0.6104204141014202,-0.5221431866186799
113,1573012800,83,52,-31,135,45,-0.2601472918827348,-1.1721677230723475
113,1573027200,121,507,386,628,45,0.7136119878852106,-0.426907033603375
113,1573041600,490,1397,907,1887,45,1.9302272990581113,1.476304341734224
113,1573056000,503,518,15,1021,45,-0.15273020106900456,0.1671851590159073
113,1573070400,1378,646,-732,2024,45,-1.897090349718058,1.6834051824182996
113,1573084800,411,232,-179,643,45,-0.6057501058051711,-0.4042317590759215
113,1573099200,58,49,-9,107,45,-0.20877390062399423,-1.2144949021902607
113,1573113600,109,551,442,660,45,0.8443806201801866,-0.37853311461147415
113,1573128000,450,1340,890,1790,45,1.8905296785399937,1.3296708997900246
113,1573142400,546,580,34,1126,45,-0.10836227225463774,0.325912080708082
113,1573156800,1478,919,-559,2397,45,-1.4931086820925075,2.247263675667644
113,1573171200,388,287,-101,675,45,-0.42360808225145463,-0.35585784008402066
113,1573185600,72,54,-18,126,45,-0.22979028795711534,-1.1857728877888196
113,1573200000,108,545,437,653,45,0.8327048494395637,-0.3891149093909525
113,1573214400,475,1249,774,1724,45,1.6196517973575435,1.229899691869229
113,1573228800,604,589,-15,1193,45,-0.22278482551274165,0.42719497359737435
113,1573243200,1572,802,-770,2374,45,-1.9858262073467916,2.2124949213922154
113,1573257600,543,269,-274,812,45,-0.8275897498770052,-0.14875699939994513
113,1573272000,116,66,-50,182,45,-0.3045152206971016,-1.101118529552993
113,1573286400,61,198,137,259,45,0.1321586050021929,-0.9847187869787317
113,1573300800,210,372,162,582,45,0.19053745870530714,-0.4964445421542325
113,1573315200,431,981,550,1412,45,1.09657726817764,0.7582539816981958
113,1573329600,366,624,258,990,45,0.4147122569252658,0.12032292499250336
113,1573344000,313,257,-56,570,45,-0.31852614558584896,-0.5145847617761953
113,1573358400,117,69,-48,186,45,-0.2998449124008524,-1.0950717896790056
113,1573372800,44,120,76,164,45,-0.010285798033405825,-1.1283288589859373
113,1573387200,205,260,55,465,45,-0.059324035144021785,-0.67331168346837
113,1573401600,258,457,199,715,45,0.2769381621859162,-0.2953904413441446
113,1573416000,316,315,-1,631,45,-0.19009266743899766,-0.42237197869788434
113,1573430400,244,135,-109,379,45,-0.44228931543645117,-0.8033165907591036
113,1573444800,59,20,-39,79,45,-0.2788285250677313,-1.256822081308174
113,1573459200,87,453,366,540,45,0.6669089049227193,-0.5599353108311024
113,1573473600,409,1272,863,1681,45,1.8274805165406303,1.1648972382238623
113,1573488000,496,582,86,1078,45,0.013065743447839869,0.25335120222023066
113,1573502400,1076,509,-567,1585,45,-1.511789915277504,1.0197754812481599
113,1573516800,257,121,-136,378,46,-0.46034429271326766,-0.7410554038509696
113,1573531200,38,22,-16,60,46,-0.17884280821012896,-1.2097331183046844
113,1573545600,125,582,457,707,46,0.9307422098730759,-0.25616556719917033
113,1573560000,567,1417,850,1984,46,1.8526595716208552,1.6259144370693634
113,1573574400,562,533,-29,1095,46,-0.20933880236463567,0.3156801976059911
113,1573588800,1442,671,-771,2113,46,-1.9499563148757095,1.8160384155741724
113,1573603200,374,163,-211,537,46,-0.6362827205277293,-0.5067165466241121
113,1573617600,52,25,-27,77,46,-0.20464711095625002,-1.18467802036219
113,1573632000,115,583,468,698,46,0.956546512619197,-0.26943003081578487
113,1573646400,508,1382,874,1890,46,1.908959868521483,1.487374483740278
113,1573660800,495,543,48,1038,46,-0.028708683141788354,0.23167192803409883
113,1573675200,1408,672,-736,2080,46,-1.8678517152289609,1.767402048979919
113,1573689600,373,176,-197,549,46,-0.6034408806690298,-0.48903059513529273
113,1573704000,62,30,-32,92,46,-0.21637633947721413,-1.162570581001166
113,1573718400,122,468,346,590,46,0.6703533367076726,-0.4286035942151597
113,1573732800,460,1414,954,1874,46,2.096627524856909,1.463793215088519
113,1573747200,510,568,58,1078,46,-0.0052502260998601325,0.2906250996634969
113,1573761600,1386,701,-685,2087,46,-1.748213584315127,1.7777188540150637
113,1573776000,395,173,-222,568,46,-0.6620870232738504,-0.4610278386113287
113,1573790400,55,35,-20,90,46,-0.18822619102690027,-1.1655182395826358
113,1573804800,121,506,385,627,46,0.7618413191711927,-0.3740719104579665
113,1573819200,458,1292,834,1750,46,1.8151260403537701,1.2810383830373848
113,1573833600,596,617,21,1213,46,-0.09204651715499455,0.4895920539127155
113,1573848000,1344,829,-515,2173,46,-1.349419814602347,1.9044681730182695
113,1573862400,439,276,-163,715,46,-0.5236821267264739,-0.2443749328732907
113,1573876800,130,63,-67,193,46,-0.2984809391239629,-1.0137138226369358
113,1573891200,46,165,119,211,46,0.13784636185590202,-0.9871848954037066
113,1573905600,191,278,87,469,46,0.06277929932173171,-0.6069369383940889
113,1573920000,311,461,150,772,46,0.2105675786858795,-0.16036666330139843
113,1573934400,365,498,133,863,46,0.17068820171460153,-0.026248197844517783
113,1573948800,288,232,-56,520,46,-0.27267663637784184,-0.5317716445666064
113,1573963200,126,76,-50,202,46,-0.2586015621526849,-1.0004493590203212
113,1573977600,38,114,76,152,46,0.036974996575610666,-1.0741408235570689
113,1573992000,171,280,109,451,46,0.1143879048139738,-0.6334658656273181
113,1574006400,229,395,166,624,46,0.24810110995296467,-0.3784933983301713
113,1574020800,331,299,-32,630,46,-0.21637633947721413,-0.36965042258576164
113,1574035200,217,112,-105,329,46,-0.38762307588329015,-0.8132730390969822
113,1574049600,42,24,-18,66,46,-0.18353449961851462,-1.2008901425602747
113,1574064000,119,526,407,645,46,0.8134499246634348,-0.34754298322473737
113,1574078400,466,1360,894,1826,46,1.9558767826053394,1.393049409133241
113,1574092800,453,549,96,1002,46,0.0838919106594671,0.17861407356764056
113,1574107200,1445,531,-914,1976,46,-2.285412250575283,1.6141238027434839
113,1574121600,308,161,-147,469,47,-0.4663109015712201,-0.47817176488228014
113,1574136000,40,27,-13,67,47,-0.1468467805678328,-1.0549705130620626
113,1574150400,118,475,357,593,47,0.7352556430982368,-0.30025374305568053
113,1574164800,421,1355,934,1776,47,2.1108586118964046,1.3971415780803462
113,1574179200,493,478,-15,971,47,-0.1516149017768386,0.242109258964115
113,1574193600,1340,602,-738,1942,47,-1.8752907188324284,1.635322155686923
113,1574208000,403,152,-251,555,47,-0.7142532044395207,-0.3547770078089933
113,1574222400,42,24,-18,66,47,-0.15876708359034727,-1.0564053358187289
113,1574236800,136,551,415,687,47,0.8735311581594044,-0.16538040392906472
113,1574251200,484,1340,856,1824,47,1.924901884745179,1.4660130704003203
113,1574265600,503,519,16,1022,47,-0.07770902303724897,0.3152852195540874
113,1574280000,1319,588,-731,1907,47,-1.858602294600908,1.5851033592036088
113,1574294400,321,154,-167,475,47,-0.513992113661278,-0.46956282834228336
113,1574308800,68,23,-45,91,47,-0.2231367199119253,-1.0205347669020757
113,1574323200,100,586,486,686,47,1.0427994610791096,-0.16681522668573084
113,1574337600,384,1468,1084,1852,47,2.468467702571838,1.5061881075869719
113,1574352000,530,524,-6,1054,47,-0.13015835633631256,0.36119954776740343
113,1574366400,1333,723,-610,2056,47,-1.5701309614560583,1.7988919499468614
113,1574380800,459,173,-286,632,47,-0.7976953255971219,-0.24429565554570162
113,1574395200,94,34,-60,128,47,-0.25889762897946866,-0.967446324905429
113,1574409600,51,481,430,532,47,0.9092920672269477,-0.3877779312123142
113,1574424000,593,1466,873,2059,47,1.9654309150217282,1.8031964182168598
113,1574438400,603,613,10,1216,47,-0.09201338666426633,0.5936408343473158
113,1574452800,1290,857,-433,2147,47,-1.1481522344590467,1.929460820803479
113,1574467200,426,267,-159,693,47,-0.4949196288252548,-0.15677146738906797
113,1574481600,57,51,-6,108,47,-0.13015835633631256,-0.9961427800387516
113,1574496000,38,95,57,133,47,0.020037461747369534,-0.9602722111220984
113,1574510400,122,149,27,271,47,-0.05148435638771718,-0.762266670702173
113,1574524800,254,162,-92,416,47,-0.33518756832356117,-0.5542173709855848
113,1574539200,260,128,-132,388,47,-0.43054999250367676,-0.5943924081722363
113,1574553600,197,55,-142,252,47,-0.45439059854870567,-0.7895283030788294
113,1574568000,63,23,-40,86,47,-0.21121641688941087,-1.0277088806854062
113,1574582400,20,61,41,81,47,-0.018107507924676716,-1.034882994468737
113,1574596800,101,134,33,235,47,-0.03717999276069984,-0.8139202899421536
113,1574611200,173,149,-24,322,47,-0.17307144721736462,-0.6890907101122006
113,1574625600,179,98,-81,277,47,-0.30896290167402934,-0.7536577341621763
113,1574640000,137,42,-95,179,47,-0.34233975013706985,-0.8942703643154566
113,1574654400,23,23,0,46,47,-0.11585399270929522,-1.0851017909520513
113,1574668800,110,561,451,671,47,0.9593573399215084,-0.1883375680357227
113,1574683200,458,1287,829,1745,47,1.860532248423601,1.3526620726236964
113,1574697600,467,529,62,996,47,0.03195776476988398,0.27797982788076814
113,1574712000,1309,680,-629,1989,47,-1.6154281129416133,1.702758825250231
113,1574726400,604,242,-362,846,48,-1.3656677159100858,0.28326073397623674
113,1574740800,55,29,-26,84,48,-0.2918821795314848,-1.1196294749645677
113,1574755200,119,580,461,699,48,1.2644676901601186,0.01262443382623902
113,1574769600,439,1482,1043,1921,48,3.124417637101624,2.2624037452772403
113,1574784000,539,572,33,1111,48,-0.1033305526078614,0.7711424995527633
113,1574798400,1279,697,-582,1976,48,-2.0687415790151227,2.3636622249251986
113,1574812800,386,213,-173,599,48,-0.7616633516971227,-0.1714818928064125
113,1574827200,50,25,-25,75,48,-0.28868638924464374,-1.1361990443615064
113,1574841600,110,484,374,594,48,0.9864339352049452,-0.18068720913804506
113,1574856000,417,1030,613,1447,48,1.7502278137599618,1.3897397570384724
113,1574870400,932,636,-296,1568,48,-1.154745556978575,1.6125084122639806
113,1574884800,846,647,-199,1493,48,-0.8447538991549907,1.474428667289492
113,1574899200,268,225,-43,493,48,-0.34621061440778306,-0.3666345990370231
113,1574913600,73,33,-40,106,48,-0.33662324354725986,-1.0791260831053844
113,1574928000,63,200,137,263,48,0.22903163722361036,-0.7900791502921216
113,1574942400,341,514,173,855,48,0.34408008754988906,0.2998303033731754
113,1574956800,376,288,-88,664,48,-0.4900211773156314,-0.05181278049518901
113,1574971200,213,248,35,461,48,-0.09693897203417925,-0.4255486235594716
113,1574985600,130,122,-8,252,48,-0.23435795436834547,-0.8103308462217133
113,1575000000,40,29,-11,69,48,-0.2439453252288687,-1.1472454239594656
113,1575014400,48,284,236,332,48,0.5454148756208768,-0.6630457849155921
113,1575028800,260,510,250,770,48,0.5901559396366518,0.1433399257354216
113,1575043200,408,647,239,1055,48,0.5550022464814001,0.6680429566384783
113,1575057600,498,689,191,1187,48,0.4016043127130284,0.9110633077935784
113,1575072000,293,229,-64,522,48,-0.4133222104314456,-0.31324376431355416
113,1575086400,67,39,-28,106,48,-0.29827376010516693,-1.0791260831053844
113,1575100800,36,148,112,184,48,0.1491368800525835,-0.9355231483319163
113,1575115200,202,316,114,518,48,0.15552846062626566,-0.3206080173788602
113,1575129600,266,371,105,637,48,0.12676634804469597,-0.10152148868600491
113,1575144000,324,310,-14,634,48,-0.2535326960893919,-0.10704467848498446
113,1575158400,189,185,-4,374,48,-0.22157479322098117,-0.5857211277298784
113,1575172800,84,44,-40,128,48,-0.33662324354725986,-1.038622691246201
113,1575187200,31,102,71,133,48,0.01810947829209944,-1.0294173749145685
113,1575201600,168,237,69,405,48,0.011717897718417289,-0.5286481664737565
113,1575216000,228,323,95,551,48,0.09480844517628523,-0.2598529295900852
113,1575230400,236,253,17,489,48,-0.1544631971973186,-0.37399885210232914
113,1575244800,155,87,-68,242,48,-0.4261053715788099,-0.8287414788849784
113,1575259200,31,23,-8,54,48,-0.23435795436834547,-1.1748613729543633
113,1575273600,101,552,451,653,48,1.232509787291708,-0.07206447642478067
113,1575288000,465,1301,836,1766,48,2.4628890477255214,1.9770389389966307
113,1575302400,524,467,-57,991,48,-0.3909516784235581,0.5502149075935814
113,1575316800,1269,494,-775,1763,48,-2.68552910437545,1.9715157491976512
113,1575331200,322,152,-170,474,49,-0.5879118441314634,-0.6418267319429656
113,1575345600,55,25,-30,80,49,-0.2533926218077741,-1.2099741995899216
113,1575360000,123,513,390,636,49,0.7501650451632936,-0.4082229508292426
113,1575374400,497,1460,963,1957,49,2.119304433673822,1.496657264301795
113,1575388800,494,470,-24,964,49,-0.23905608370818746,0.06475260599360404
113,1575403200,1290,576,-714,1866,49,-1.8877579651606557,1.3654353872564322
113,1575417600,399,160,-239,559,49,-0.7527820322767101,-0.5192568467907035
113,1575432000,85,35,-50,120,49,-0.3011810821397297,-1.152294253635916
113,1575446400,100,530,430,630,49,0.8457419658272048,-0.41687494272234343
113,1575460800,450,1436,986,1886,49,2.174261163055571,1.394275360233435
113,1575475200,511,532,21,1043,49,-0.13153204796128734,0.17867049925276526
113,1575489600,1537,716,-821,2253,49,-2.1434262279366183,1.9234888643614372
113,1575504000,432,195,-237,627,49,-0.7480031862435146,-0.42120093866889385
113,1575518400,74,23,-51,97,49,-0.3035705051563275,-1.1854602225594693
113,1575532800,108,571,463,679,49,0.9245929253749315,-0.34621700892868645
113,1575547200,507,1439,932,1946,49,2.0452323201592906,1.4807952791644436
113,1575561600,581,568,-13,1149,49,-0.21277243052561187,0.3315223560308803
113,1575576000,1403,896,-507,2299,49,-1.3931474007249154,1.9898208022085437
113,1575590400,452,206,-246,658,49,-0.7695079933928947,-0.37649898055453945
113,1575604800,82,23,-59,105,49,-0.32268588928910974,-1.173924233368668
113,1575619200,96,524,428,620,49,0.8409631197940093,-0.43129492921084484
113,1575633600,471,1256,785,1727,49,1.6939871367194168,1.1649975750662624
113,1575648000,629,554,-75,1183,49,-0.3609166575546742,0.38055031009178514
113,1575662400,1288,968,-320,2256,49,-0.9463252966211304,1.9278148603079877
113,1575676800,432,287,-145,719,49,-0.5281762687165188,-0.2885370629746808
113,1575691200,120,80,-40,200,49,-0.2772868519737519,-1.0369343617279045
113,1575705600,54,207,153,261,49,0.18387179022961966,-0.9489724441480458
113,1575720000,211,359,148,570,49,0.17192467514663076,-0.5033948616533519
113,1575734400,351,448,97,799,49,0.05006410130014396,-0.1731771710666694
113,1575748800,466,634,168,1100,49,0.21971313547858637,0.26086442223722334
113,1575763200,320,277,-43,597,49,-0.28445512102354525,-0.4644608981343981
113,1575777600,129,62,-67,191,49,-0.341801273421892,-1.0499123495675557
113,1575792000,36,109,73,145,49,-0.0072820510982027666,-1.1162442874146623
113,1575806400,167,290,123,457,49,0.11218909973168624,-0.666340708973418
113,1575820800,300,479,179,779,49,0.24599678866116195,-0.20201714404367224
113,1575835200,320,361,41,681,49,-0.08374358762933173,-0.3433330116309862
113,1575849600,222,131,-91,353,49,-0.3991474258202387,-0.8163085684538328
113,1575864000,66,27,-39,93,49,-0.27489742895715413,-1.1912282171548698
113,1575878400,113,563,450,676,49,0.8935304261591605,-0.3505430048752369
113,1575892800,564,1504,940,2068,49,2.064347704292073,1.6567191143241609
113,1575907200,454,530,76,984,49,-0.0001137820484094262,0.09359257897060687
113,1575921600,1393,722,-671,2115,49,-1.7850127754469511,1.7244930508201175
113,1575936000,409,161,-248,570,50,-0.7851999877250067,-0.5512206351255018
113,1575950400,61,30,-31,91,50,-0.26594932104921865,-1.2349952520606877
113,1575964800,113,544,431,657,50,0.8395520983250399,-0.42702775062996695
113,1575979200,485,1473,988,1958,50,2.172375238133399,1.4301554991250998
113,1575993600,517,576,59,1093,50,-0.05059190169059685,0.19536417626719604
113,1576008000,1423,683,-740,2106,50,-1.962487213552139,1.6414261532094578
113,1576022400,457,180,-277,637,50,-0.8545929339627848,-0.4555778390197451
113,1576036800,84,27,-57,111,50,-0.32816368664170936,-1.2064451636709097
113,1576051200,124,601,477,725,50,0.9496236682194465,-0.3299574501047214
113,1576065600,471,1466,995,1937,50,2.1891252596390696,1.4001779063158326
113,1576080000,504,522,18,1026,50,-0.14869917050952455,0.09972138016143933
113,1576094400,1424,742,-682,2166,50,-1.8237013210765827,1.727076418378792
113,1576108800,483,193,-290,676,50,-0.8857001167590302,-0.39990516665967774
113,1576123200,82,30,-52,112,50,-0.3161993855662304,-1.2050176592514208
113,1576137600,131,588,457,719,50,0.9017664639175307,-0.3385224766216548
113,1576152000,507,1429,922,1936,50,2.0144464639370763,1.3987504018963437
113,1576166400,588,652,64,1240,50,-0.038627600615117864,0.4052073259320652
113,1576180800,1313,924,-389,2237,50,-1.1225932780535142,1.8284292321625044
113,1576195200,556,227,-329,783,50,-0.9790216651477662,-0.24716219377436482
113,1576209600,100,54,-46,154,50,-0.3018422242756556,-1.1450624736328867
113,1576224000,103,500,397,603,50,0.7581948510117827,-0.5041129892823679
113,1576238400,436,1346,910,1782,50,1.9857321413559268,1.1789147212950524
113,1576252800,671,593,-78,1264,50,-0.3784137511587211,0.439467431999799
113,1576267200,1388,1317,-71,2705,50,-0.36166372965305055,2.4965013004833123
113,1576281600,591,370,-221,961,50,-0.72059276191742,0.006933592894660447
113,1576296000,202,77,-125,279,50,-0.4908781812682236,-0.9666244211967735
113,1576310400,45,177,132,222,50,0.12408689401139637,-1.0479921731076411
113,1576324800,197,377,180,574,50,0.23894418433599465,-0.5455106174475461
113,1576339200,326,526,200,852,50,0.2868013886379106,-0.14866438882963032
113,1576353600,412,560,148,972,50,0.16237265745292911,0.022636141509038414
113,1576368000,381,228,-153,609,50,-0.557878267290906,-0.49554796276543445
113,1576382400,134,88,-46,222,50,-0.3018422242756556,-1.0479921731076411
113,1576396800,50,129,79,179,50,-0.0027346973886809016,-1.1093748631456641
113,1576411200,177,321,144,498,50,0.15280121659254595,-0.654000953328703
113,1576425600,337,489,152,826,50,0.1719440983133123,-0.18577950373634186
113,1576440000,380,306,-74,686,50,-0.3688423102983379,-0.3856301224647887
113,1576454400,218,145,-73,363,50,-0.36644945008324215,-0.8467140499597053
113,1576468800,74,24,-50,98,50,-0.3114136651360388,-1.2250027211242653
113,1576483200,111,542,431,653,50,0.8395520983250399,-0.4327377683079226
113,1576497600,493,1341,848,1834,50,1.8373748080199874,1.2531449511084753
113,1576512000,477,539,62,1016,50,-0.04341332104530946,0.08544633596655028
113,1576526400,1361,665,-696,2026,50,-1.857201364087924,1.5272257996503453
113,1576540800,424,189,-235,613,51,-0.8098310839985922,-0.4621711721835095
113,1576555200,84,32,-52,116,51,-0.32649813543412726,-1.2029083533996165
113,1576569600,131,565,434,696,51,0.9571074000977305,-0.338466572503556
113,1576584000,568,1563,995,2131,51,2.438800209631418,1.800281626782387
113,1576598400,524,674,150,1198,51,0.20701692254413462,0.40972269303062053
113,1576612800,1444,850,-594,2294,51,-1.758008835554018,2.043219575551452
113,1576627200,560,216,-344,776,51,-1.097717922214585,-0.2192332234144442
113,1576641600,74,35,-39,109,51,-0.2921630079404767,-1.2133412714449139
113,1576656000,121,561,440,682,51,0.972954382017877,-0.35933240859415055
113,1576670400,492,1389,897,1881,51,2.1799661716023606,1.4276774108789125
113,1576684800,586,600,14,1186,51,-0.15218133431251693,0.39183769066725377
113,1576699200,1359,757,-602,2116,51,-1.7791381447808798,1.7779253738281784
113,1576713600,499,252,-247,751,51,-0.8415250478388849,-0.25649364500479166
113,1576728000,87,39,-48,126,51,-0.31593348082069633,-1.1880041847634775
113,1576742400,136,518,382,654,51,0.8197668901231285,-0.4010640807753397
113,1576756800,562,1452,890,2014,51,2.161478026028856,1.6259028537395608
113,1576771200,559,665,106,1224,51,0.0908057217963944,0.44847353148458186
113,1576785600,1316,896,-420,2212,51,-1.2984463598697726,1.9210053927351125
113,1576800000,589,215,-374,804,51,-1.1769528318153168,-0.1775015512332551
113,1576814400,94,29,-65,123,51,-0.3608332629277778,-1.1924754353543192
113,1576828800,106,379,273,485,51,0.5318800519071356,-0.6529445307260884
113,1576843200,486,1259,773,1745,51,1.8524618785860016,1.2249807174274225
113,1576857600,701,633,-68,1334,51,-0.36875675388785095,0.6124193864821106
113,1576872000,1188,923,-265,2111,51,-0.8890659935993241,1.770473289510109
113,1576886400,539,278,-261,817,51,-0.8785013389858932,-0.15812613200627443
113,1576900800,127,39,-88,166,51,-0.4215800269550056,-1.1283875102189216
113,1576915200,50,170,120,220,51,0.12778201294340266,-1.0479049995837713
113,1576929600,183,297,114,480,51,0.11193503102325626,-0.6603966150441579
113,1576944000,304,464,160,768,51,0.23342855907771193,-0.2311565583233554
113,1576958400,422,471,49,893,51,-0.059740606444996326,-0.04485445037161821
113,1576972800,313,238,-75,551,51,-0.3872448994613551,-0.5545770177275712
113,1576987200,112,44,-68,156,51,-0.36875675388785095,-1.1432916788550607
113,1577001600,46,96,50,142,51,-0.05709944279163859,-1.1641575149456551
113,1577016000,196,249,53,445,51,-0.049175951831565395,-0.7125612052706443
113,1577030400,258,438,180,696,51,0.28625183214486655,-0.338466572503556
113,1577044800,369,505,136,874,51,0.17004063139712636,-0.07317237078028227
113,1577059200,245,198,-47,443,51,-0.3132923171673386,-0.715542038997872
113,1577073600,54,29,-25,83,51,-0.2551867167934685,-1.252092109898875
113,1577088000,76,440,364,516,51,0.7722259443626893,-0.6067416079540575
113,1577102400,352,1077,725,1429,51,1.7256860232248306,0.7540089885254309
113,1577116800,526,594,68,1120,51,-0.009558497031199415,0.2934701776687365
113,1577131200,1019,571,-448,1590,51,-1.372398942163789,0.9939661035672683
113,1577145600,367,275,-92,642,52,-1.0459048066448156,-0.11991011750611717
113,1577160000,83,35,-48,118,52,-0.8053831437926977,-1.1744483257277456
113,1577174400,60,353,293,413,52,1.058659743311216,-0.580767464228928
113,1577188800,294,689,395,983,52,1.6162326890138528,0.5663447088365837
113,1577203200,684,577,-107,1261,52,-1.127900828071674,1.1258134528930965
113,1577217600,409,493,84,902,52,-0.08381815523634409,0.4033340316114847
113,1577232000,252,218,-34,470,52,-0.7288535237942965,-0.46605624692237685
113,1577246400,73,25,-48,98,52,-0.8053831437926977,-1.2146978756598688
113,1577260800,31,105,74,136,52,-0.13848216952091633,-1.1382237307888345
113,1577275200,132,182,50,314,52,-0.2696758038038897,-0.7800027363929379
113,1577289600,237,293,56,530,52,-0.23687739523314638,-0.34530759712600717
113,1577304000,326,410,84,736,52,-0.08381815523634409,0.06926276717486196
113,1577318400,215,200,-15,415,52,-0.6249918966536093,-0.5767425092357157
113,1577332800,59,20,-39,79,52,-0.7561855309365827,-1.2529349480953857
113,1577347200,45,376,331,421,52,1.2663829975925904,-0.5646676442560787
113,1577361600,294,785,491,1079,52,2.1410072261457462,0.7595425485107752
113,1577376000,495,598,103,1093,52,0.020043471904343184,0.7877172334632614
113,1577390400,776,683,-93,1459,52,-1.0513712080732727,1.5242839972211164
113,1577404800,388,256,-132,644,52,-1.2645608637831045,-0.11588516251290484
113,1577419200,88,40,-48,128,52,-0.8053831437926977,-1.1543235507616838
113,1577433600,72,384,312,456,52,1.1625213704519033,-0.4942309318748631
113,1577448000,335,771,436,1106,52,1.840355147580599,0.8138794409191416
113,1577462400,614,697,83,1311,52,-0.08928455666480131,1.2264373277234046
113,1577476800,898,1146,248,2044,52,0.8126716790306409,2.70158333273572
