remote_unit_id,time_stamp,entries,exits,num_people_exited,sum_exit_entry,week_num,z_score_num_people_exited,z_score_sum_exit_entry
144,1546300800,0,0,0,0,1,0.8953634444437519,-1.2454493195037015
144,1546315200,105,124,19,229,1,0.9503249851103761,-0.8956440527420323
144,1546329600,74,73,-1,147,1,0.8924707317770875,-1.0209018338531977
144,1546344000,230,94,-136,324,1,0.5019545217773895,-0.7505283307229992
144,1546358400,441,172,-269,613,1,0.11722373711102044,-0.30907102900194067
144,1546372800,426,197,-229,623,1,0.2329322437775976,-0.29379568984204246
144,1546387200,170,139,-31,309,1,0.8056893517771546,-0.7734413394628465
144,1546401600,29,21,-8,50,1,0.8722217431104365,-1.1690726237042104
144,1546416000,353,263,-90,616,1,0.6350193044439533,-0.30448842725397124
144,1546430400,997,560,-437,1557,1,-0.3687519908886037,1.132920987692451
144,1546444800,1074,330,-744,1404,1,-1.2568147795545834,0.8992082985460084
144,1546459200,1517,465,-1052,1982,1,-2.1477702808872277,1.7821229019881253
144,1546473600,339,214,-125,553,1,0.5337743611106983,-0.40072306396133
144,1546488000,38,36,-2,74,1,0.8895780191104231,-1.1324118097204547
144,1546502400,355,273,-82,628,1,0.6581610057772688,-0.28615802026209336
144,1546516800,1134,610,-524,1744,1,-0.620417992888409,1.4185698299825478
144,1546531200,1149,360,-789,1509,1,-1.3869868495544828,1.0595993597249398
144,1546545600,1564,521,-1043,2085,1,-2.121735866887248,1.9394588953350769
144,1546560000,374,231,-143,605,1,0.48170553311073855,-0.32129130032985925
144,1546574400,43,48,5,91,1,0.909827007777074,-1.1064437331486277
144,1546588800,365,279,-86,644,1,0.646590155110611,-0.2617174776062562
144,1546603200,1146,596,-550,1742,1,-0.6956285222216843,1.4155147621505682
144,1546617600,1137,359,-778,1496,1,-1.3551670102211741,1.039741418817072
144,1546632000,1534,461,-1073,1995,1,-2.208517246887181,1.801980842895993
144,1546646400,410,242,-168,652,1,0.4093877164441278,-0.24949720627833763
144,1546660800,58,89,31,147,1,0.9850375371103492,-1.0209018338531977
144,1546675200,113,105,-8,218,1,0.8722217431104365,-0.9124469258179203
144,1546689600,486,181,-305,667,1,0.013086081111100975,-0.2265841975384903
144,1546704000,628,202,-426,830,1,-0.336932151555295,0.02240383076785066
144,1546718400,690,279,-411,969,1,-0.29354146155532856,0.2347310450904359
144,1546732800,303,209,-94,512,1,0.6234484537772956,-0.4633519545169127
144,1546747200,48,90,42,138,1,1.016857376443658,-1.034649639097106
144,1546761600,94,91,-3,185,1,0.8866853064437586,-0.9628555450455845
144,1546776000,366,148,-218,514,1,0.2647520831109063,-0.46029688668493307
144,1546790400,592,255,-337,847,1,-0.07948072422216076,0.04837190733967763
144,1546804800,531,301,-230,832,1,0.23003953111093317,0.025458898599830308
144,1546819200,237,147,-90,384,1,0.6350193044439533,-0.6588762957636098
144,1546833600,39,29,-10,68,1,0.8664363177771076,-1.1415770132163936
144,1546848000,401,290,-111,691,1,0.5742723384440003,-0.18992338355473457
144,1546862400,1198,628,-570,1826,1,-0.7534827755549728,1.5438276110937132
144,1546876800,1166,364,-802,1530,1,-1.4245921142211204,1.091677571960726
144,1546891200,1668,546,-1122,2214,1,-2.350260167553738,2.1365107704977637
144,1546905600,368,215,-153,583,2,0.5989022323044768,-0.5478118289098622
144,1546920000,45,32,-13,77,2,0.9630744273355341,-1.2727244682618168
144,1546934400,439,317,-122,756,2,0.6795403612042109,-0.2999662032025734
144,1546948800,1188,628,-560,1816,2,-0.45979836325009676,1.218625491882549
144,1546963200,1093,367,-726,1460,2,-0.8916025373583504,0.7086079037218852
144,1546977600,1504,483,-1021,1987,2,-1.6589653768880783,1.4636058502406206
144,1546992000,317,237,-80,554,2,0.7887920197135281,-0.5893582054735118
144,1547006400,43,37,-6,80,2,0.981283037087087,-1.268426567237991
144,1547020800,342,282,-60,624,2,0.8408166190036791,-0.48907384825090944
144,1547035200,1277,686,-591,1963,2,-0.5404364921498309,1.429222642050014
144,1547049600,1258,386,-872,1644,2,-1.271382112176453,0.9722124998498688
144,1547064000,1736,426,-1310,2162,2,-2.4107208366307606,1.714316743297127
144,1547078400,388,246,-142,634,2,0.6275157619140599,-0.47474751150482336
144,1547092800,42,36,-6,78,2,0.981283037087087,-1.2712918345872084
144,1547107200,408,291,-117,699,2,0.6925465110267487,-0.38162632265526397
144,1547121600,1256,590,-666,1846,2,-0.7355287394878972,1.261604502120807
144,1547136000,1208,398,-810,1606,2,-1.1101058543769846,0.9177724202147417
144,1547150400,1692,525,-1167,2217,2,-2.038744951706181,1.7931115954006003
144,1547164800,434,255,-179,689,2,0.5312702532272805,-0.39595265940135
144,1547179200,33,46,13,79,2,1.0307064064127305,-1.2698592009125997
144,1547193600,398,344,-54,742,2,0.8564239987907244,-0.3200230746470939
144,1547208000,1197,642,-555,1839,2,-0.446792213427559,1.251576066398547
144,1547222400,1162,396,-766,1558,2,-0.9956517359386524,0.8490060038335286
144,1547236800,1508,459,-1049,1967,2,-1.7317998158942898,1.4349531767484485
144,1547251200,401,207,-194,608,2,0.4922518037596672,-0.5119959870446471
144,1547265600,51,59,8,110,2,1.0177002565901927,-1.225447556999733
144,1547280000,98,105,7,203,2,1.0150990266256852,-1.0922126252611326
144,1547294400,504,197,-307,701,2,0.19831281777031384,-0.37876105530604676
144,1547308800,678,205,-473,883,2,-0.23349135633793977,-0.11802172652728045
144,1547323200,700,260,-440,960,2,-0.14765076750919054,-0.007708933582417776
144,1547337600,352,197,-155,549,2,0.5936997723754617,-0.5965213738465549
144,1547352000,63,83,20,146,2,1.0489150161642833,-1.173872744713823
144,1547366400,79,78,-1,157,2,0.9942891869096246,-1.1581137742931285
144,1547380800,397,184,-213,581,2,0.4428284344340237,-0.5506770962590795
144,1547395200,589,204,-385,793,2,-0.004583119461275203,-0.246958757242055
144,1547409600,526,239,-287,765,2,0.25033741706046486,-0.287072500131096
144,1547424000,211,135,-76,346,2,0.7991969395715582,-0.8873460097921019
144,1547438400,33,22,-11,55,2,0.9682768872645492,-1.3042424091032063
144,1547452800,379,291,-88,670,2,0.7679821799974677,-0.42317269921891354
144,1547467200,1198,568,-630,1766,2,-0.6418844607656254,1.1469938081521187
144,1547481600,1087,386,-701,1473,2,-0.8265717882456616,0.7272321414917972
144,1547496000,1639,481,-1158,2120,2,-2.015333882025613,1.6541461289635655
144,1547510400,428,207,-221,635,3,0.34272808104522595,-0.3815040516042309
144,1547524800,79,41,-38,120,3,0.8508700623171408,-1.1342802453826941
144,1547539200,403,290,-113,693,3,0.6426151519597986,-0.29672537346995737
144,1547553600,1223,617,-606,1840,3,-0.7263137921224636,1.3798460717026588
144,1547568000,1181,418,-763,1599,3,-1.1622607378038332,1.027576047041281
144,1547582400,1713,522,-1191,2235,3,-2.3507020929097324,1.9572181038240046
144,1547596800,414,246,-168,660,3,0.48989488436441436,-0.3449615179256647
144,1547611200,41,31,-10,72,3,0.9286185621838818,-1.2044419100455412
144,1547625600,392,267,-125,659,3,0.6092943663026239,-0.3464232192728074
144,1547640000,1276,661,-615,1937,3,-0.7513043813653447,1.5216311023754956
144,1547654401,1201,362,-839,1563,3,-1.3732923802992731,0.9749547985441457
144,1547668800,1726,537,-1189,2263,3,-2.3451486286335363,1.9981457415439987
144,1547683200,449,269,-180,718,3,0.45657409870723964,-0.2601828397913912
144,1547697600,44,26,-18,70,3,0.9064047050790986,-1.2073653127398265
144,1547712000,386,232,-154,618,3,0.5287691342977849,-0.4063529745056559
144,1547726400,1276,679,-597,1955,3,-0.7013232028795826,1.5479417266240634
144,1547740800,1233,432,-801,1665,3,-1.2677765590515533,1.1240483359526956
144,1547755200,1680,529,-1151,2209,3,-2.2396328073858163,1.9192138687982958
144,1547769600,412,287,-125,699,3,0.6092943663026239,-0.2879551653871015
144,1547784000,53,35,-18,88,3,0.9064047050790986,-1.181054688491259
144,1547798400,393,296,-97,689,3,0.6870428661693649,-0.30257217885852794
144,1547812800,1160,606,-554,1766,3,-0.5819237209413731,1.271680172014103
144,1547827200,1208,419,-789,1627,3,-1.2344557733943784,1.068503684761275
144,1547841600,1553,453,-1100,2006,3,-2.098019468342824,1.6224884953283383
144,1547856000,424,248,-176,672,3,0.46768102725963123,-0.327421101759953
144,1547870400,48,67,19,115,3,1.0091437941887207,-1.1415887521184074
144,1547884800,129,127,-2,256,3,0.950832419288665,-0.9354888621712942
144,1547899200,474,206,-268,680,3,0.21222167055462487,-0.3157274909828118
144,1547913600,661,225,-436,886,3,-0.25426932864582147,-0.014617013471426472
144,1547928000,639,247,-392,886,3,-0.13209311456951411,-0.014617013471426472
144,1547942400,276,165,-111,441,3,0.6481686162359944,-0.6650741129499045
144,1547956800,40,84,44,124,3,1.078562097641168,-1.1284334399941236
144,1547971200,85,75,-10,160,3,0.9286185621838818,-1.0758121914969883
144,1547985600,360,136,-224,496,3,0.3343978846309323,-0.5846805388570588
144,1548000000,472,185,-287,657,3,0.15946375993076486,-0.34934662196709265
144,1548014400,447,219,-228,666,3,0.3232909560785407,-0.33619130984280887
144,1548028800,195,150,-45,345,3,0.8314329373504554,-0.8053974422755986
144,1548043200,40,38,-2,78,3,0.950832419288665,-1.1956717019626855
144,1548057600,144,145,1,289,3,0.9591626157029587,-0.8872527177155868
144,1548072000,504,257,-247,761,3,0.27053304545468065,-0.19732968186425737
144,1548086400,593,247,-346,840,3,-0.004363436217010933,-0.08185527543998825
144,1548100800,594,300,-294,894,3,0.1400266349640796,-0.0029234026942852945
144,1548115200,200,158,-42,358,4,0.8343757983514045,-0.8544709035359825
144,1548129600,39,25,-14,64,4,0.9072481294959461,-1.2682845567839063
144,1548144000,377,296,-81,673,4,0.7328750514000788,-0.4110991321989213
144,1548158400,1143,568,-575,1711,4,-0.5528010766500469,1.0499164190641566
144,1548172800,1098,375,-723,1473,4,-0.9379833984140522,0.7149244140539325
144,1548187200,1633,511,-1122,2144,4,-1.976414117223769,1.6593766634735136
144,1548201600,377,266,-111,643,4,0.6547975537452129,-0.45332501518340335
144,1548216000,33,39,6,72,4,0.95929979459919,-1.2570243213213776
144,1548230400,398,297,-101,695,4,0.6808233862968349,-0.38013348467696784
144,1548244800,1258,731,-527,1989,4,-0.4278770804022614,1.441209601387023
144,1548259200,1177,381,-796,1558,4,-1.1279719760408926,0.8345644158432982
144,1548273600,1725,482,-1243,2207,4,-2.291326691098395,1.7480510177409259
144,1548288000,439,275,-164,714,4,0.5168606412216165,-0.35339042545346255
144,1548302400,40,36,-4,76,4,0.9332739620475681,-1.2513942035901136
144,1548316800,394,270,-124,664,4,0.6209639714281043,-0.4237668970942659
144,1548331200,1240,698,-542,1938,4,-0.4669158292296944,1.3694256003134038
144,1548345600,1207,353,-854,1560,4,-1.2789218048403002,0.8373794747089303
144,1548360000,1646,533,-1113,2179,4,-1.9529908679273094,1.708640193622076
144,1548374400,413,253,-160,666,4,0.5272709742422652,-0.4209518382286338
144,1548388800,39,29,-10,68,4,0.9176584625165949,-1.262654439052642
144,1548403200,369,336,-33,705,4,0.8577990476478643,-0.36605819034880716
144,1548417600,1200,604,-596,1804,4,-0.607455325008453,1.1808166563160507
144,1548432000,952,424,-528,1376,4,-0.4304796636574236,0.5783940590707739
144,1548446400,1651,502,-1149,2153,4,-2.0466838651131485,1.6720444283688582
144,1548460800,412,274,-138,686,4,0.5845278058558335,-0.39280124957231244
144,1548475200,51,72,21,123,4,0.998338543426623,-1.1852403202477584
144,1548489600,124,142,18,266,4,0.9905307936611364,-0.9839636113550607
144,1548504000,452,199,-253,651,4,0.2852307315121808,-0.4420647797208748
144,1548518400,667,249,-418,916,4,-0.14419550558958183,-0.06906948002461699
144,1548532800,661,269,-392,930,4,-0.07652834095536468,-0.04936406796519205
144,1548547200,287,173,-114,460,4,0.6469898039797263,-0.7109029013887437
144,1548561600,66,76,10,142,4,0.9697101276198389,-1.158497261024253
144,1548576000,82,86,4,168,4,0.9540946280888657,-1.1219014957710354
144,1548590400,405,152,-253,557,4,0.2852307315121808,-0.5743725464055851
144,1548604800,577,239,-338,816,4,0.06401115482339399,-0.20982242330622372
144,1548619200,518,265,-253,783,4,0.2852307315121808,-0.2562708945891539
144,1548633600,176,144,-32,320,4,0.8604016309030266,-0.9079570219829931
144,1548648000,30,30,0,60,4,0.9436842950682168,-1.2739146745151706
144,1548662400,400,319,-81,719,4,0.7328750514000788,-0.3463527782893822
144,1548676800,1168,607,-561,1775,4,-0.5163649110777762,1.1399983027643847
144,1548691200,1078,430,-648,1508,4,-0.7427896542768874,0.7641879442024948
144,1548705600,1679,484,-1195,2163,4,-2.1664026948506097,1.686119722697019
144,1548720000,419,260,-159,679,5,0.5662374457427891,-0.38617525015925264
144,1548734400,32,30,-2,62,5,0.997488279333451,-1.2700602026965142
144,1548748800,434,315,-119,749,5,0.6761102695875437,-0.285896568347894
144,1548763200,1195,661,-534,1856,5,-0.46382027780178553,1.299939156868878
144,1548777600,1200,407,-793,1607,5,-1.1752468121965718,0.9432335601399023
144,1548792000,1677,541,-1136,2218,5,-2.1174062766653425,1.818523197093333
144,1548806400,421,266,-155,687,5,0.5772247281272646,-0.3747148293808117
144,1548820800,30,23,-7,53,5,0.9837541763528567,-1.2829531760722603
144,1548835200,420,308,-112,728,5,0.6953380137603757,-0.3159801728913016
144,1548849600,1242,623,-619,1865,5,-0.6973000284718891,1.3128321302446242
144,1548864000,1199,388,-811,1587,5,-1.2246895829267113,0.9145825081937998
144,1548878400,1633,515,-1118,2148,5,-2.0679635059352033,1.7182445152819745
144,1548892800,359,218,-141,577,5,0.6156802164729286,-0.5322956150843753
144,1548907200,41,32,-9,73,5,0.9782605351606188,-1.2543021241261578
144,1548921600,380,258,-122,638,5,0.667869807799187,-0.44490990664876273
144,1548936000,1204,698,-506,1902,5,-0.3869093011104573,1.3658365763449138
144,1548950400,1059,358,-701,1417,5,-0.922539317353636,0.6710485666519288
144,1548964800,1494,511,-983,2005,5,-1.6971427254591562,1.5133894938673418
144,1548979200,370,226,-144,596,5,0.607439754684572,-0.5050771157355779
144,1548993600,41,29,-12,70,5,0.9700200733722623,-1.2585997819180732
144,1549008000,368,298,-70,666,5,0.8107044787973681,-0.40479843392421927
144,1549022400,1166,646,-520,1812,5,-0.4253647894561214,1.2369068425874528
144,1549036800,1005,339,-666,1344,5,-0.8264005964894757,0.5664722270486547
144,1549051200,1450,375,-1075,1825,5,-1.949850220302092,1.2555300263524194
144,1549065600,393,243,-150,636,5,0.5909588311078589,-0.447775011843373
144,1549080000,49,48,-1,97,5,1.0002350999295697,-1.2199208617908348
144,1549094400,128,87,-41,215,5,0.8903622760848152,-1.0508796553088302
144,1549108800,480,191,-289,671,5,0.20915076824733655,-0.39763567093769364
144,1549123200,594,198,-396,792,5,-0.08475903553738207,-0.22429680666377366
144,1549137600,658,217,-441,875,5,-0.20836596236273103,-0.10539494108744837
144,1549152000,252,170,-82,422,5,0.7777426316439418,-0.7543412676666695
144,1549166400,54,83,29,137,5,1.0826397178131357,-1.1626187578986298
144,1549180800,83,59,-24,142,5,0.9370582262188359,-1.1554559949121042
144,1549195200,395,151,-244,546,5,0.3327576950726855,-0.5767047456008342
144,1549209600,526,184,-342,710,5,0.06356927665303667,-0.3417661196427938
144,1549224000,547,265,-282,812,5,0.2283785124201686,-0.19564575471767118
144,1549238400,208,114,-94,322,5,0.7447807844905153,-0.8975965273971819
144,1549252800,37,25,-12,62,5,0.9700200733722623,-1.2700602026965142
144,1549267200,370,315,-55,685,5,0.8519067877391511,-0.37757993457542194
144,1549281600,1172,672,-500,1844,5,-0.3704283775337441,1.2827485257012168
144,1549296000,1092,430,-662,1522,5,-0.8154133141050003,0.8214665893689668
144,1549310400,1711,475,-1236,2186,5,-2.3920883362772294,1.7726815139795693
144,1549324800,406,266,-140,672,6,0.6110761055160091,-0.4107673360850425
144,1549339200,44,40,-4,84,6,0.9738385727840653,-1.2430328481913182
144,1549353600,417,296,-121,713,6,0.6617561560902229,-0.3527352170436185
144,1549355438,205,86,-119,291,6,0.6670908982559296,-0.950041417909007
144,1549368000,994,512,-482,1506,6,-0.3011648048198381,0.7696908902697773
144,1549382400,1103,398,-705,1501,6,-0.8959885562961362,0.7626138025817988
144,1549396800,1576,510,-1066,2086,6,-1.8589095172061971,1.5906330620752875
144,1549411200,410,320,-90,730,6,0.7444446596586768,-0.32867311890449147
144,1549425600,41,40,-1,81,6,0.9818406860326254,-1.2472791008041055
144,1549440000,371,322,-49,693,6,0.8538068740556644,-0.3810435677955326
144,1549454400,1218,588,-630,1806,6,-0.6959357250821345,1.1943161515484895
144,1549468800,1186,422,-764,1608,6,-1.053363450184484,0.9140634791045394
144,1549483200,1757,529,-1228,2286,6,-2.2910236326284403,1.873716569594429
144,1549497600,415,269,-146,684,6,0.595071879018889,-0.393782325633894
144,1549512000,32,41,9,73,6,1.008514396861159,-1.258602441104871
144,1549526400,420,319,-101,739,6,0.7151035777472899,-0.3159343610661301
144,1549540800,1262,675,-587,1937,6,-0.5812387685194403,1.3797358489735272
144,1549555200,1245,460,-785,1705,6,-1.1093782429244046,1.051358980251323
144,1549569600,1503,488,-1015,1991,6,-1.722873591980676,1.4561683960036953
144,1549584000,481,284,-197,765,6,0.4590359537933679,-0.2791335050886417
144,1549598400,47,41,-6,88,6,0.9685038306183587,-1.2373711780409355
144,1549612800,374,279,-95,653,6,0.73110780424441,-0.4376602692993609
144,1549627200,1228,595,-633,1823,6,-0.7039378383306946,1.2183782496876165
144,1549641600,1225,385,-840,1610,6,-1.256083652481339,0.9168943141797309
144,1549656000,1536,466,-1070,2002,6,-1.8695790015376104,1.4717379889172482
144,1549670400,411,265,-146,676,6,0.595071879018889,-0.4051056659346597
144,1549684800,46,81,35,127,6,1.077866045015346,-1.182169894074703
144,1549699200,98,84,-14,182,6,0.9471648619555317,-1.104321929506939
144,1549713600,502,190,-312,692,6,0.15228827926523214,-0.38245898533312833
144,1549728000,617,181,-436,798,6,-0.1784657350085838,-0.2324247263479834
144,1549742400,632,268,-364,900,6,0.013584982956857726,-0.08805213751322125
144,1549756800,321,156,-165,477,6,0.5443918284446753,-0.6867737559162054
144,1549771200,46,77,31,123,6,1.0671965606839326,-1.1878315642250856
144,1549785600,84,66,-18,150,6,0.9364953776241184,-1.1496152907100017
144,1549800000,390,142,-248,532,6,0.3230000285678468,-0.6089257913484415
144,1549814400,575,202,-373,777,6,-0.010421356788822464,-0.26214849463749323
144,1549828800,512,273,-239,785,6,0.34700636831352705,-0.2508251543367276
144,1549843200,204,151,-53,355,6,0.8431373897242509,-0.8594546955028817
144,1549857600,39,24,-15,63,6,0.9444974908726784,-1.2727566164808282
144,1549872000,414,304,-110,718,6,0.6910972380016097,-0.34565812935563994
144,1549886400,1297,716,-581,2013,6,-0.5652345420223202,1.4873075818308008
144,1549900800,1188,400,-788,1588,6,-1.1173803561729645,0.8857551283526253
144,1549915200,1751,541,-1210,2292,6,-2.24301095313708,1.882209074820003
144,1549929600,412,268,-144,680,7,0.5278654094965611,-0.3342468499414596
144,1549944000,41,41,0,82,7,0.9259364813962121,-1.207810209268171
144,1549958400,389,291,-98,680,7,0.6550270019089496,-0.3342468499414596
144,1549972800,1184,701,-483,1885,7,-0.40926023893386737,1.4260271433506597
144,1549987200,1143,391,-752,1534,7,-1.1528791163019656,0.9132834324415029
144,1550001600,1591,517,-1074,2108,7,-2.0430102631886853,1.751787392731691
144,1550016000,390,255,-135,645,7,0.5527448514902893,-0.3853751402030564
144,1550030400,38,32,-6,70,7,0.9093501867337267,-1.2253399087864327
144,1550044800,409,279,-130,688,7,0.5665667637090271,-0.32256038359595174
144,1550059200,1299,742,-557,2041,7,-0.6138245397711881,1.6539132370880627
144,1550073600,1206,421,-785,1627,7,-1.2441037369456356,1.0491386037080317
144,1550088000,1795,524,-1271,2319,7,-2.587593604606958,2.0600179425944605
144,1550102400,446,331,-115,777,7,0.6080325003652408,-0.19254844550217695
144,1550116800,43,33,-10,76,7,0.8982926569587364,-1.216575059027302
144,1550131200,411,295,-116,706,7,0.6052681179214933,-0.2962658343185591
144,1550145600,1241,665,-576,1906,7,-0.666347806202392,1.4567041175076176
144,1550160000,1322,410,-912,1732,7,-1.5951803073015778,1.2025234744928222
144,1550174400,1721,502,-1219,2223,7,-2.443845717532084,1.919780346448366
144,1550188800,428,277,-151,705,7,0.5085147323903281,-0.2977266426117475
144,1550203200,43,39,-4,82,7,0.9148789516212218,-1.207810209268171
144,1550217600,372,297,-75,669,7,0.7186077981151439,-0.35031574116653286
144,1550232000,1213,637,-576,1850,7,-0.666347806202392,1.374898853089063
144,1550246400,1218,387,-831,1605,7,-1.3712653293580241,1.0170008212578852
144,1550260800,1478,471,-1007,1949,7,-1.8577966394575975,1.5195188741147223
144,1550275200,411,283,-128,694,7,0.5720955285965224,-0.31379553383682085
144,1550289600,62,62,0,124,7,0.9259364813962121,-1.1464562609542548
144,1550304000,137,127,-10,264,7,0.8982926569587364,-0.9419430999078675
144,1550318400,432,183,-249,615,7,0.23760525290306556,-0.4291993889987108
144,1550332800,623,288,-335,911,7,-0.00013163725922604516,0.003199865785079466
144,1550347200,593,306,-287,899,7,0.13255872004065763,-0.014329833733182301
144,1550361600,306,227,-79,533,7,0.7075502683401536,-0.5489856690401662
144,1550376000,44,84,40,128,7,1.0365117791461151,-1.140613027781501
144,1550390400,91,77,-14,168,7,0.8872351271837461,-1.0821806960539617
144,1550404800,350,162,-188,512,7,0.40623258197166773,-0.5796626431971243
144,1550419200,538,228,-310,766,7,0.06897792383446337,-0.20861733672725022
144,1550433600,478,243,-235,721,7,0.2763066071155316,-0.2743537099207319
144,1550448000,210,135,-75,345,7,0.7186077981151439,-0.8236176281596006
144,1550462400,46,33,-13,79,7,0.8899995096274936,-1.2121926341477365
144,1550476800,157,112,-45,269,7,0.8015392714275712,-0.9346390584419251
144,1550491200,543,222,-321,765,7,0.038569716953240026,-0.2100781450204387
144,1550505600,672,189,-483,861,7,-0.40926023893386737,-0.06984054887434457
144,1550520000,593,284,-309,877,7,0.07174230627821095,-0.046467616183328876
144,1550534400,250,153,-97,403,8,0.7879580956912584,-1.0028332803424227
144,1550548800,40,28,-12,68,8,1.0196102811949574,-1.4800055342308691
144,1550563200,370,347,-23,717,8,0.9896317630709494,-0.5555733169962372
144,1550577600,1168,687,-481,1855,8,-0.2585647188195699,1.0653879514367537
144,1550592000,1007,385,-622,1392,8,-0.6428348147727646,0.40589316471928905
144,1550606400,1543,512,-1031,2055,8,-1.757490625019975,1.350266908982095
144,1550620800,377,287,-90,664,8,0.8070353344974454,-0.6310662407457526
144,1550635200,34,29,-5,63,8,1.0386875200011443,-1.4871275081695026
144,1550649600,375,289,-86,664,8,0.8179366138152665,-0.6310662407457526
144,1550664000,1245,709,-536,1954,8,-0.4084573094396104,1.2064030354216975
144,1550678400,1020,412,-608,1432,8,-0.6046803371603907,0.4628689562283572
144,1550692800,1579,507,-1072,2086,8,-1.8692287380276416,1.3944231474016227
144,1550707200,406,253,-153,659,8,0.6353401852417626,-0.6381882146843861
144,1550721600,40,47,7,87,8,1.0713913579546077,-1.4529420332640617
144,1550736000,400,314,-86,714,8,0.8179366138152665,-0.5598465013594174
144,1550750400,1208,714,-494,1922,8,-0.29399387660248855,1.1608224022144429
144,1550764800,1011,406,-605,1417,8,-0.5965043776720249,0.44150303441245664
144,1550779200,1427,477,-950,1904,8,-1.5367397188340972,1.1351832960353623
144,1550793600,419,324,-95,743,8,0.793408735350169,-0.5185390525153428
144,1550808000,41,50,9,91,8,1.0768419976135184,-1.4472444541131548
144,1550822400,349,296,-53,645,8,0.9078721681872909,-0.65812974171256
144,1550836800,1210,592,-618,1802,8,-0.6319335354549436,0.9898950276872382
144,1550851200,944,419,-525,1363,8,-0.3784787913156023,0.36458571587521454
144,1550865600,1455,414,-1041,1869,8,-1.7847438233145279,1.0853294784649277
144,1551499200,50,86,36,136,9,0.960541971596641,-1.0119624107028082
144,1551513600,109,107,-2,216,9,0.8216321633021637,-0.8684066707887769
144,1551528000,473,181,-292,654,9,-0.23846900526095258,-0.0824389947594549
144,1551542400,624,238,-386,862,9,-0.5820880047262386,0.2908059290170268
144,1551556800,709,281,-428,990,9,-0.735619898104345,0.520495112879477
144,1551571200,275,214,-61,489,9,0.6059564083186332,-0.3785227083321447
144,1551585600,51,127,76,178,9,1.106762822432933,-0.9365956472479419
144,1551600000,88,57,-31,145,9,0.715622046445852,-0.9958123899624798
144,1551614400,368,168,-200,536,9,0.0978389516625188,-0.29418371113265124
144,1551628800,557,224,-333,781,9,-0.3883453773681518,0.14545574235406997
144,1551643200,496,292,-204,788,9,0.0832168665788896,0.1580168695965477
144,1551657600,156,124,-32,280,9,0.7119665251749447,-0.7535620788575518
144,1551672000,37,30,-7,67,9,0.8033545569476273,-1.1357792363786603
144,1551686400,347,285,-62,632,9,0.6023008870477259,-0.12191682323581354
144,1551700800,1042,695,-347,1737,9,-0.4395226751608539,1.8609468343267455
144,1551715200,926,407,-519,1333,9,-1.068272333756909,1.1359903477608868
144,1551729600,1569,506,-1063,2075,9,-3.056875905130479,2.467469835463528
144,1551744000,371,245,-126,616,10,0.6565113154805544,-0.5575861867577998
144,1551758400,33,29,-4,62,10,0.9658413366780129,-1.3287872444455182
144,1551772800,423,309,-114,732,10,0.6869372192048946,-0.39610726493149057
144,1551787200,1273,644,-629,1917,10,-0.6188411489647047,1.2534834451045136
144,1551801600,1271,384,-887,1655,10,-1.2729980790380184,0.8887638113244013
144,1551816000,1734,465,-1269,2199,10,-2.2415560142628475,1.6460442723029551
144,1551830400,476,289,-187,765,10,0.5018463048818252,-0.3501692957912474
144,1551844800,45,45,0,90,10,0.9759833045861263,-1.2898095736598574
144,1551859200,410,317,-93,727,10,0.74018255072249,-0.40306756328607285
144,1551873600,1226,732,-494,1958,10,-0.27654973206587763,1.3105578916120884
144,1551888000,1199,417,-782,1616,10,-1.0067714214500418,0.8344734841586594
144,1551902400,1728,508,-1220,2236,10,-2.1173169073884583,1.6975504801268642
144,1551916800,421,265,-156,686,10,0.580446556169704,-0.46014200979364767
144,1551931200,35,53,18,88,10,1.0216221601726365,-1.2925936930016904
144,1551945600,422,330,-92,752,10,0.7427180426995182,-0.3682660715131614
144,1551960000,1286,745,-541,2031,10,-0.39571785498621,1.41217824758899
144,1551974400,1285,470,-815,1755,10,-1.0904426566919774,1.0279697784160473
144,1551988800,1648,508,-1140,2156,10,-1.9144775492261905,1.5861857064535474
144,1552003200,421,300,-121,721,10,0.6691887753656962,-0.4114199213115716
144,1552017600,53,43,-10,96,10,0.9506283848158428,-1.2814572156343587
144,1552032000,376,300,-76,676,10,0.7832859143319718,-0.4740626065028123
144,1552046400,1182,677,-505,1859,10,-0.30444014381318946,1.172743984191359
144,1552060800,1262,387,-875,1649,10,-1.2425721753136783,0.8804114532989026
144,1552075200,1599,462,-1137,2061,10,-1.9068710732951055,1.4539400377164837
144,1552089600,428,241,-187,669,10,0.5018463048818252,-0.4838070241992275
144,1552104000,52,63,11,115,10,1.0038737163334381,-1.255008081886946
144,1552118400,109,92,-17,201,10,0.9328799409766444,-1.1352909501881303
144,1552132800,519,193,-326,712,10,0.14941292007488483,-0.42394845834981976
144,1552147200,729,243,-486,972,10,-0.25626579624965085,-0.062012943911540344
144,1552161600,715,287,-428,1002,10,-0.10920726158200667,-0.02025115378404657
144,1552176000,311,215,-96,526,10,0.7325760747914049,-0.6828715571402811
144,1552194000,59,133,74,192,10,1.163609710886224,-1.1478194872263785
144,1552208400,120,103,-17,223,10,0.9328799409766444,-1.1046656374279684
144,1552222800,416,182,-234,598,10,0.38267818196149284,-0.5826432608342961
144,1552237200,536,213,-323,749,10,0.15701939600596987,-0.37244225052591073
144,1552251600,419,258,-161,677,10,0.5677690962845623,-0.4726705468318958
144,1552266000,152,120,-32,272,10,0.8948475613212191,-1.0364547135530617
144,1552280400,19,31,12,50,10,1.0064092083104665,-1.3454919604965159
144,1552294800,807,498,-309,1305,10,0.19251628368436674,0.4015429265036406
144,1552309200,1006,524,-482,1530,10,-0.24612382834153745,0.7147563524598439
144,1552323600,1455,438,-1017,1893,10,-1.6026120360517035,1.2200740130025185
144,1552338000,1400,506,-894,1906,10,-1.2907465228772168,1.2381707887244326
144,1552352400,255,240,-15,495,11,0.9840356273660439,-0.7234202524460964
144,1552366800,23,47,24,70,11,1.0929615512665625,-1.3601847796328999
144,1552381200,881,537,-344,1418,11,0.06514770523090041,0.6594824736560672
144,1552395600,1017,566,-451,1583,11,-0.23370034239359913,0.9066969371521202
144,1552410000,1448,460,-988,1908,11,-1.7335265253315082,1.3936345167655582
144,1552424400,1437,518,-919,1955,11,-1.5408114291998216,1.4640531821250398
144,1552438800,293,240,-53,533,11,0.8779026758732309,-0.6664860123682176
144,1552453200,35,44,9,79,11,1.0510669651509783,-1.346700354351297
144,1552467600,874,502,-372,1376,11,-0.013055522184856472,0.5965551556752536
144,1552482000,988,541,-447,1529,11,-0.22252845276277672,0.8257903854625028
144,1552496400,1526,430,-1096,1956,11,-2.0351675453637132,1.4655514516007735
144,1552510800,1486,537,-949,2023,11,-1.6246006014309897,1.5659355064749283
144,1552525200,310,231,-79,541,11,0.8052853932728853,-0.6544998565623483
144,1552539600,25,41,16,66,11,1.0706177720049175,-1.3661778575358345
144,1552551775,602,339,-263,941,11,0.29137847025505426,-0.05519206626888632
144,1552554000,301,147,-154,448,11,0.595812462694965,-0.7938389178055782
144,1552568400,1008,579,-429,1587,11,-0.17225494942407585,0.9126900150550548
144,1552582800,1436,369,-1067,1805,11,-1.9541713455402507,1.2393127607649916
144,1552597200,1324,530,-794,1854,11,-1.191689878236621,1.3127279650759407
144,1552611600,289,258,-31,547,11,0.9393480688427542,-0.6455102397079464
144,1552626000,24,49,25,73,11,1.095754523674268,-1.355689971205699
144,1552640400,819,523,-296,1342,11,0.19921038080076936,0.5456139935003094
144,1552654800,1045,526,-519,1571,11,-0.42362246611758014,0.8887177034433164
144,1552669200,1405,386,-1019,1791,11,-1.820108669970382,1.2183369881047204
144,1552683600,1155,473,-682,1628,11,-0.8788769685735934,0.9741190635601347
144,1552698000,280,221,-59,501,11,0.8611448414269973,-0.7144306355916945
144,1552712400,31,55,24,86,11,1.0929615512665625,-1.3362124680211613
144,1552726800,218,130,-88,348,11,0.7801486416035348,-0.9436658653789437
144,1552741200,641,225,-416,866,11,-0.13594630812390301,-0.16756227694891046
144,1552755600,691,271,-420,962,11,-0.14711819775472543,-0.02372840727847957
144,1552770000,607,272,-335,879,11,0.09028445690025085,-0.14808477376437293
144,1552784400,227,184,-43,411,11,0.905832399950287,-0.8492748884077235
144,1552798800,29,57,28,86,11,1.1041334408973849,-1.3362124680211613
144,1552813200,159,90,-69,249,11,0.8332151173499412,-1.0919945434765757
144,1552827600,446,156,-290,602,11,0.215968215247003,-0.5631054185425953
144,1552842000,514,202,-312,716,11,0.1545228222774797,-0.3923026983089587
144,1552856400,423,219,-204,642,11,0.4561638423096849,-0.5031746395132491
144,1552870800,135,96,-39,231,11,0.9170042895811094,-1.1189633940397814
144,1552885200,17,15,-2,32,11,1.0203442686662167,-1.4171190197107788
144,1552899600,793,470,-323,1263,11,0.12380012579271808,0.42725070491735057
144,1552914000,998,494,-504,1492,11,-0.3817278800019961,0.7703544148603576
144,1552928400,1423,359,-1064,1782,11,-1.945792428317134,1.2048525628231175
144,1552942800,1283,497,-786,1780,11,-1.1693460989749762,1.2018560238716502
144,1552957200,258,198,-60,456,12,0.852421719402421,-0.7753494723752803
144,1552971600,22,30,8,52,12,1.0486429195808133,-1.395132288942094
144,1552986000,841,487,-354,1328,12,0.0040535892193716136,0.5623995772441791
144,1553000400,1029,530,-499,1559,12,-0.41435926410220036,0.9167803461227285
144,1553014800,1384,367,-1017,1751,12,-1.909103112519954,1.211330595580224
144,1553029200,1359,513,-846,1872,12,-1.4156645061889968,1.39695861737375
144,1553043600,281,253,-28,534,12,0.9447611077216644,-0.6556884335331726
144,1553058000,30,26,-4,56,12,1.014015648961097,-1.3889958254117296
144,1553072400,859,476,-383,1335,12,-0.07962898144494278,0.5731383884223169
144,1553086800,1007,486,-521,1493,12,-0.47784259357168024,0.8155286978717143
144,1553101200,1442,490,-952,1932,12,-1.7215387299964906,1.4890055703292173
144,1553115600,1379,543,-836,1922,12,-1.386808447339233,1.4736644115033062
144,1553130000,245,207,-38,452,12,0.9159050488719008,-0.7814859359056447
144,1553144400,27,27,0,54,12,1.0255580725010025,-1.3920640571769118
144,1553158800,874,468,-406,1342,12,-0.14599791679939902,0.5838771996004548
144,1553173200,959,527,-432,1486,12,-0.22102366980878432,0.8047898866935765
144,1553187600,1445,400,-1045,1845,12,-1.989900077299292,1.3555374885437896
144,1553202000,1289,465,-824,1754,12,-1.3521811767195169,1.2159329432279975
144,1553216400,267,194,-73,461,12,0.8149088428977284,-0.7676788929623246
144,1553230800,32,38,6,70,12,1.0428717078108607,-1.3675182030554538
144,1553245200,783,469,-314,1252,12,0.11947782461842595,0.44580677016725373
144,1553259600,948,550,-398,1498,12,-0.12291306971958815,0.82319927728467
144,1553274000,1283,393,-890,1676,12,-1.5426311651279565,1.09627190438589
144,1553288400,1147,461,-686,1608,12,-0.9539675645927793,0.9919520243696935
144,1553302800,279,208,-71,487,12,0.820680054667681,-0.7277918800149554
144,1553317200,25,64,39,89,12,1.1380967020150805,-1.3383700012862225
144,1553331600,189,139,-50,328,12,0.8812777782521846,-0.9717163053469441
144,1553346000,490,195,-295,685,12,0.17430433643297674,-0.4240369352619131
144,1553360400,615,248,-367,863,12,-0.03345928728532104,-0.15096430816069317
144,1553374800,551,282,-269,833,12,0.24933008944236207,-0.19698778463842687
144,1553389200,210,235,25,445,12,1.0976982196254115,-0.7922247470837827
144,1553403600,31,62,31,93,12,1.1150118549352697,-1.332233537755858
144,1553418000,156,75,-81,231,12,0.7918239958179174,-1.120525545958283
144,1553432400,445,199,-246,644,12,0.31569902479681833,-0.4869356864481491
144,1553446800,522,193,-329,715,12,0.07619373634378057,-0.3780134587841794
144,1553461200,390,244,-146,634,12,0.6042596132944541,-0.5022768452740604
144,1553475600,129,112,-17,241,12,0.9765027724564044,-1.1051843871323717
144,1553490000,23,33,10,56,12,1.054414131350766,-1.3889958254117296
144,1553504400,785,495,-290,1280,12,0.18873236585785855,0.48876201487980514
144,1553518800,924,512,-412,1436,12,-0.16331155210925716,0.7280840925640204
144,1553533200,1433,342,-1091,1775,12,-2.1226379480082045,1.248149376762411
144,1553547600,1266,490,-776,1756,12,-1.2136720942406516,1.2190011749931797
144,1553562000,255,164,-91,419,13,0.7274181131814971,-0.7656193403472433
144,1553576400,30,38,8,68,13,1.0173830106603419,-1.3115274967568096
144,1553590800,861,506,-355,1367,13,-0.04582161342875572,0.7087992701264566
144,1553605200,948,534,-414,1482,13,-0.21862897657271374,0.8876580678105025
144,1553619600,1377,397,-980,1774,13,-1.8764080874113616,1.3418038845386886
144,1553634000,1364,579,-785,1943,13,-1.3052651075287887,1.6046485524395908
144,1553648400,273,207,-66,480,13,0.8006415721408013,-0.6707464128800538
144,1553662800,30,35,5,65,13,1.0085961955852254,-1.3161933784355238
144,1553677200,840,506,-334,1346,13,0.015686092097059838,0.676138098375457
144,1553691600,969,472,-497,1441,13,-0.4617308603176038,0.823891018201408
144,1553706000,1498,371,-1127,1869,13,-2.3069620260920707,1.4895568043646397
144,1553720400,1418,546,-872,1964,13,-1.5600827447071672,1.6373097241905905
144,1553734800,284,214,-70,498,13,0.7889258187073126,-0.6427511228077684
144,1553749200,21,28,7,49,13,1.0144540723019697,-1.3410780807219997
144,1553763600,858,466,-392,1324,13,-0.154192332688526,0.6419216327315526
144,1553778000,1171,577,-594,1748,13,-0.7458378810797043,1.3013662433231652
144,1553792400,1375,390,-985,1765,13,-1.8910527792032223,1.3278062395025458
144,1553806800,1303,513,-790,1816,13,-1.3199097993206494,1.407126228040688
144,1553821200,245,197,-48,442,13,0.8533624625915004,-0.7298475808104342
144,1553835600,29,53,24,82,13,1.0642460243942966,-1.289753382256143
144,1553850000,773,515,-258,1288,13,0.23828540733334472,0.5859310525869816
144,1553852895,244,166,-78,410,13,0.7654943118403352,-0.7796169853833861
144,1553857279,255,128,-127,383,13,0.621976332280099,-0.8216099204918142
144,1553864400,463,221,-242,684,13,0.28514842106729943,-0.35346645872748544
144,1553878800,1452,361,-1091,1813,13,-2.2015202451906726,1.4024603463619738
144,1553893200,1088,437,-651,1525,13,-0.9127873675069179,0.9545357052054066
144,1553907600,294,206,-88,500,13,0.7362049282566135,-0.6396405350219588
144,1553922000,29,45,16,74,13,1.0408145175273191,-1.302195733399381
144,1553936400,218,164,-54,382,13,0.8357888324412673,-0.823165214384719
144,1553950800,579,214,-365,793,13,-0.07511099701247742,-0.18393942440086805
144,1553965200,591,236,-355,827,13,-0.04582161342875572,-0.13105943204210665
144,1553979600,610,248,-362,858,13,-0.06632418193736091,-0.08284532136205949
144,1553994000,222,228,6,450,13,1.0115251339435976,-0.7174052296671962
144,1554008400,22,76,54,98,13,1.1521141751454615,-1.2648686799696671
144,1554022800,140,97,-43,237,13,0.8680071543833612,-1.0486828288559074
144,1554037200,449,167,-282,616,13,0.16799088673241266,-0.45922644344500824
144,1554051600,481,249,-232,730,13,0.3144378046510211,-0.2819229396538671
144,1554066000,396,247,-149,643,13,0.5575396883959112,-0.4172335083365801
144,1554080400,142,114,-28,256,13,0.9119412297589438,-1.0191322448907172
144,1554094800,19,25,6,44,13,1.0115251339435976,-1.3488545501865234
144,1554109200,839,474,-365,1313,13,-0.07511099701247742,0.6248133999096003
144,1554123600,918,582,-336,1500,13,0.009828215380315499,0.915653357882788
144,1554128193,305,107,-198,412,13,0.4140217088356749,-0.7765063975975766
144,1554138000,1113,243,-870,1356,13,-1.554224867990423,0.6916910373045044
144,1554152400,1348,525,-823,1873,13,-1.416564765146931,1.4957779799362585
144,1554166800,260,186,-74,446,14,0.8419792344292975,-0.8266577738391386
144,1554181200,26,32,6,58,14,1.0524897060181388,-1.3998765765489212
144,1554195600,928,512,-416,1440,14,-0.05795303161299947,0.6418460660926243
144,1554210000,1008,502,-506,1510,14,-0.294777312150446,0.7452618294681005
144,1554224400,1566,429,-1137,1995,14,-1.9551786568074323,1.4617853328553287
144,1554238800,1440,502,-938,1942,14,-1.4315338587301896,1.3834848262996111
144,1554253200,279,217,-62,496,14,0.8735558051676237,-0.7527893714280841
144,1554267600,22,25,3,47,14,1.0445955633335573,-1.4161276250793533
144,1554282000,875,538,-337,1413,14,0.1499260590809814,0.6019571287906549
144,1554296400,1028,519,-509,1547,14,-0.30267145483502755,0.7999244472522808
144,1554310800,1461,424,-1037,1885,14,-1.6920405673213808,1.299274847551009
144,1554325200,1389,499,-890,1888,14,-1.3052275757768848,1.3037069516956723
144,1554339600,287,240,-47,527,14,0.9130265185905314,-0.7069909619332303
144,1554354000,30,27,-3,57,14,1.0288072779643942,-1.4013539445971424
144,1554368400,891,553,-338,1444,14,0.14729467818612088,0.6477555382855086
144,1554382800,1029,474,-555,1503,14,-0.42371497599861135,0.7349202531305529
144,1554397200,1510,344,-1166,1854,14,-2.0314887027583874,1.2534764380561552
144,1554411600,1450,507,-943,1957,14,-1.444690763204492,1.4056453470229275
144,1554426000,305,250,-55,555,14,0.8919754714316472,-0.6656246565830398
144,1554440400,31,38,7,69,14,1.0551210869129992,-1.3836255280184893
144,1554454800,838,505,-333,1343,14,0.16045158266042345,0.4985413654151786
144,1554469200,1027,497,-530,1524,14,-0.35793045362709847,0.7659449821431957
144,1554483600,1578,408,-1170,1986,14,-2.0420142263378294,1.448489020421339
144,1554498000,1320,486,-834,1806,14,-1.1578702456646957,1.182562771741543
144,1554512400,294,211,-83,505,14,0.8182968063755528,-0.7394930589940943
144,1554526800,32,50,18,82,14,1.084066276756465,-1.3644197433916152
144,1554541200,211,139,-72,350,14,0.8472419962190184,-0.9684851064683632
144,1554555600,576,195,-381,771,14,0.03414529970711863,-0.34651315816728456
144,1554570000,688,284,-404,972,14,-0.026376460874673265,-0.04956218047484558
144,1554584400,647,265,-382,912,14,0.03151391881225812,-0.13820426336811092
144,1554598800,202,213,11,415,14,1.0656466104924414,-0.8724561833339923
144,1554613200,22,66,44,88,14,1.1524821800228384,-1.3555555351022885
144,1554627600,167,96,-71,263,14,0.849873377113879,-1.0970161266635978
144,1554642000,503,167,-336,670,14,0.1525574399758419,-0.49572733103761457
144,1554656400,565,220,-345,785,14,0.12887501192209724,-0.32583000549218927
144,1554670800,457,245,-212,702,14,0.47884867093854605,-0.4484515534945397
144,1554685200,120,102,-18,222,14,0.9893365645414864,-1.1575882166406626
144,1554699600,24,44,20,68,14,1.089329038546186,-1.3851028960667104
144,1554714000,859,522,-337,1381,14,0.1499260590809814,0.55468135124758
144,1554728400,896,533,-363,1429,14,0.08151015581460794,0.6255950175621923
144,1554742800,1299,282,-1017,1581,14,-1.6394129494241703,0.8501549608917979
144,1554757200,1250,495,-755,1745,14,-0.9499911549707148,1.0924433208000566
144,1554771600,238,221,-17,459,15,0.9687205162983804,-0.7436647100259037
144,1554786000,23,34,11,57,15,1.0480151595831857,-1.3336069170913467
144,1554800400,883,441,-442,1324,15,-0.2348588907031287,0.5257382977144154
144,1554814800,1047,555,-492,1602,15,-0.3764564679974239,0.9337082817049457
144,1554829200,1425,413,-1012,1838,15,-1.849071271858094,1.2800425127184893
144,1554843600,1441,569,-872,2010,15,-1.4525980554340674,1.5324555963385298
144,1554858000,279,217,-62,496,15,0.8412826967335147,-0.6893665466890345
144,1554872400,29,24,-5,53,15,1.0027039348490112,-1.3394769888034408
144,1554886800,878,573,-305,1451,15,0.1531184710832401,0.7121130745733987
144,1554887403,48,32,-16,80,15,0.9715524678442663,-1.2998540047468066
144,1554894656,551,277,-274,828,15,0.2409089690057031,-0.2021505945852358
144,1554901200,387,172,-215,559,15,0.40799411021297144,-0.5969129172235547
144,1554915600,1458,364,-1094,1822,15,-2.081291298620738,1.2565622258701135
144,1554930000,1468,520,-948,1988,15,-1.6678263729213962,1.500170201922013
144,1554944400,294,211,-83,505,15,0.7818117142699107,-0.6761588853368231
144,1554958800,24,33,9,57,15,1.042351256491414,-1.3336069170913467
144,1554973200,886,530,-356,1416,15,0.008688942243059009,0.6607499470925765
144,1554987600,1031,620,-411,1651,15,-0.1470683927806657,1.0056166601780967
144,1555002000,1457,437,-1020,1894,15,-1.8717268842251813,1.3622235166878047
144,1555016400,1456,574,-882,2030,15,-1.4809175708929265,1.5618059548989995
144,1555030800,298,239,-59,537,15,0.8497785513711724,-0.6291983116400715
144,1555045200,28,42,14,70,15,1.0565110142208434,-1.3145291840270414
144,1555059600,782,494,-288,1276,15,0.20126164736330046,0.45529743716928783
144,1555074000,992,484,-508,1476,15,-0.42176769273159836,0.7488010227739859
144,1555088400,1441,426,-1015,1867,15,-1.8575671264957516,1.3226005326311705
144,1555102800,1207,500,-707,1707,15,-0.9853260503628932,1.087797664147412
144,1555117200,305,229,-76,534,15,0.801635375091112,-0.633600865424142
144,1555131600,32,45,13,77,15,1.0536790626749575,-1.304256558530877
144,1555146000,223,130,-93,353,15,0.7534921988110517,-0.8992216103963937
144,1555160400,600,201,-399,801,15,-0.11308497423003486,-0.24177357864187002
144,1555174800,676,247,-429,923,15,-0.19804352060661196,-0.0627363914230042
144,1555189200,648,278,-370,926,15,-0.030958379399343643,-0.05833383763893374
144,1555203600,239,181,-58,420,15,0.8526105029170583,-0.8008979092188198
144,1555218000,18,60,42,78,15,1.1358056575056488,-1.3027890406028535
144,1555232400,160,98,-62,258,15,0.8412826967335147,-1.0386358135586253
144,1555246800,475,193,-282,668,15,0.2182533566386159,-0.43695346306899424
144,1555261200,550,234,-316,784,15,0.12196700407849516,-0.26672138341826934
144,1555275600,471,244,-227,715,15,0.3740106916623406,-0.36798012045189016
144,1555290000,135,148,13,283,15,1.0536790626749575,-1.001947865358038
144,1555304400,19,28,9,47,15,1.042351256491414,-1.3482820963715816
144,1555318800,820,530,-290,1350,15,0.19559774427152865,0.5638937638430261
144,1555333200,959,524,-435,1483,15,-0.2150352298819274,0.7590736482701503
144,1555347600,1407,420,-987,1827,15,-1.7782724832109464,1.263899815510231
144,1555362000,1358,555,-803,1913,15,-1.25719339876794,1.3901063573202512
144,1555376400,196,176,-20,372,16,0.9094700825030448,-0.8586328618603961
144,1555390800,22,41,19,63,16,1.0195337688820614,-1.3334842395918582
144,1555405200,898,531,-367,1429,16,-0.06981451168974243,0.7656969318682624
144,1555419600,1017,488,-529,1505,16,-0.5270021320333492,0.8824888564882983
144,1555434000,1475,415,-1060,1890,16,-2.025561554270727,1.4741321588397964
144,1555448400,1458,440,-1018,1898,16,-1.9070314304779399,1.4864260456419056
144,1555462800,272,182,-90,454,16,0.7119198761817334,-0.7326205221387784
144,1555477200,29,32,3,61,16,0.9743794360086186,-1.3365577112923854
144,1555491600,833,451,-382,1284,16,-0.1121466987585949,0.5428702335800358
144,1555506000,1068,541,-527,1609,16,-0.5213578404241689,1.0423093849157161
144,1555520400,1467,380,-1087,1847,16,-2.1017594909946613,1.4080525172784604
144,1555534800,1411,518,-893,1929,16,-1.5542632049041691,1.534064857000078
144,1555549200,312,221,-91,533,16,0.7090977303771432,-0.6112183899679514
144,1555563600,29,49,20,78,16,1.0223559146866514,-1.3104332018379037
144,1555578000,840,535,-305,1375,16,0.10515852819484782,0.6827131959540262
144,1555592400,1037,540,-497,1577,16,-0.4366934662864639,0.9931338377072798
144,1555606800,1426,422,-1004,1848,16,-1.8675213892136775,1.409589253128724
144,1555621200,1364,482,-882,1846,16,-1.5232196010536774,1.4065157814281968
144,1555635600,313,193,-120,506,16,0.6272555020440284,-0.6527102579250695
144,1555650000,29,45,16,74,16,1.0110673314682908,-1.3165801452389583
144,1555664400,549,430,-119,979,16,0.6300776478486185,0.0741657992496282
144,1555678800,867,391,-476,1258,16,-0.3774284043900704,0.5029151014731814
144,1555693200,1173,339,-834,1512,16,-1.3877566024333496,0.8932460074401438
144,1555707600,1065,349,-716,1414,16,-1.05474339749171,0.7426458941143079
144,1555722000,284,194,-90,478,16,0.7119198761817334,-0.6957388617324511
144,1555736400,29,48,19,77,16,1.0195337688820614,-1.3119699376881675
144,1555750800,168,134,-34,302,16,0.8699600412387826,-0.9662043713788503
144,1555765200,418,193,-225,611,16,0.330930192562061,-0.49135299364738816
144,1555779600,549,259,-290,808,16,0.14749071526370028,-0.18861603114545278
144,1555794000,464,218,-246,682,16,0.27166513066566755,-0.38224474827867033
144,1555808400,173,159,-14,332,16,0.9264029573305859,-0.9201022958709414
144,1555822800,23,73,50,96,16,1.1070202888243565,-1.2827719565331583
144,1555837200,126,96,-30,222,16,0.8812486244571432,-1.0891432393999407
144,1555851600,395,205,-190,600,16,0.4297052957227168,-0.5082570880002881
144,1555866000,405,215,-190,620,16,0.4297052957227168,-0.4775223709950155
144,1555880400,351,263,-88,614,16,0.7175641677909137,-0.48674278609659727
144,1555894800,123,116,-7,239,16,0.9461579779627171,-1.063018729945459
144,1555909200,22,39,17,61,16,1.013889477272881,-1.3365577112923854
144,1555923600,689,517,-172,1206,16,0.4805039202053398,0.4230048372594725
144,1555938000,926,470,-456,1396,16,-0.3209854882982671,0.7149846488095626
144,1555952400,1194,424,-770,1618,16,-1.207139270939579,1.0561400075680887
144,1555966800,1244,544,-700,1788,16,-1.0095890646182675,1.3173851021129062
144,1555981200,257,177,-80,434,17,0.7879484927359974,-0.800898860488781
144,1555995600,24,28,4,52,17,1.0413379118743897,-1.4060306306078574
144,1556010000,838,552,-286,1390,17,0.16654110770613054,0.7135146793903732
144,1556024400,973,570,-403,1543,17,-0.18639415466520165,0.9558842103542964
144,1556038800,1342,372,-970,1714,17,-1.89677273384935,1.2267678037845635
144,1556053200,1275,488,-787,1763,17,-1.344745785012138,1.3043894182762774
144,1556067600,287,208,-79,495,17,0.7909650334400259,-0.7042678710195045
144,1556082000,35,33,-2,68,17,1.023238667650219,-1.3806847973044405
144,1556096400,794,549,-245,1343,17,0.2902192765712982,0.6390612940615863
144,1556110800,940,464,-476,1404,17,-0.4066016260592807,0.7356922835308629
144,1556125200,1275,385,-890,1660,17,-1.6554494775270716,1.1412256163855319
144,1556139600,1294,477,-817,1771,17,-1.4352420061329925,1.317062334927986
144,1556154000,267,223,-44,490,17,0.8965439580810227,-0.7121884439268222
144,1556168400,23,34,11,57,17,1.062453696802589,-1.3981100577005396
144,1556182800,834,517,-317,1351,17,0.07302834588124765,0.6517342107132947
144,1556197200,984,484,-500,1468,17,-0.47899860295596425,0.8370756167445301
144,1556211600,1361,443,-918,1804,17,-1.7399126172398691,1.369338116116283
144,1556226000,1332,433,-899,1765,17,-1.682598343863328,1.3075576474392046
144,1556240400,317,205,-112,522,17,0.6914191902070861,-0.6614967773199886
144,1556254800,28,31,3,59,17,1.0383213711703614,-1.3949418285376125
144,1556269200,731,463,-268,1194,17,0.22083884037864318,0.4030282214235173
144,1556283600,855,488,-367,1343,17,-0.07779868932017636,0.6390612940615863
144,1556298000,1253,423,-830,1676,17,-1.4744570352853628,1.1665714496889485
144,1556312400,1157,520,-637,1677,17,-0.892264679407866,1.1681555642704122
144,1556326800,255,214,-41,469,17,0.9055935801931082,-0.7454548501375567
144,1556341200,27,59,32,86,17,1.1258010515871872,-1.3521707348380967
144,1556355600,202,134,-68,336,17,0.8241469811843393,-0.956142089472209
144,1556370000,535,203,-332,738,17,0.02778023532082045,-0.3193280277238617
144,1556384400,680,265,-415,945,17,-0.2225926431135434,0.00858369063909322
144,1556398800,652,272,-380,924,17,-0.1170137184725466,-0.02468271557164134
144,1556413200,206,231,25,437,17,1.104685266658988,-0.7961465167443904
144,1556427600,55,67,12,122,17,1.0654702375066176,-1.2951426099054089
144,1556442000,145,94,-51,239,17,0.8754281731528234,-1.1098012038741734
144,1556456400,455,177,-278,632,17,0.19067343333835837,-0.48724417335899806
144,1556470800,578,218,-360,796,17,-0.056682904391977,-0.2274493819989758
144,1556485200,482,255,-227,737,17,0.34451700924381085,-0.3209121423053253
144,1556499600,138,127,-11,265,17,0.9960898013139626,-1.068614224756121
144,1556514000,23,25,2,48,17,1.0353048304663328,-1.4123670889337114
144,1556526784,604,381,-223,985,17,0.3565831720599248,0.07194827389763524
144,1556528400,211,139,-72,350,17,0.8120808183682253,-0.9339644853317193
144,1556542800,967,554,-413,1521,17,-0.21655956170548646,0.9210336895620983
144,1556557200,1411,391,-1020,1802,17,-2.047599769050774,1.3661698869533558
144,1556571600,1435,492,-943,1927,17,-1.8153261348405811,1.5641842096362997
144,1556586000,269,81,-188,350,18,0.5731310324120283,-0.876471167173491
144,1556600400,26,30,4,56,18,1.140021438900357,-1.3091708969203246
144,1556614800,936,514,-422,1450,18,-0.11776665049562221,0.7424733999064986
144,1556629200,978,535,-443,1513,18,-0.17977028870528317,0.8351947705665344
144,1556643600,1331,348,-983,1679,18,-1.7741495569537074,1.0795082234167874
144,1556658000,1345,445,-900,1790,18,-1.5290875583155237,1.242874447913041
144,1556672400,283,99,-184,382,18,0.5849412492138685,-0.8293745979493459
144,1556686800,26,24,-2,50,18,1.1223061136975967,-1.3180015036498518
144,1556701200,884,603,-281,1487,18,0.2985434917692441,0.7969288080719165
144,1556715600,1130,541,-589,1671,18,-0.6108432019724497,1.067734081110751
144,1556730000,1524,438,-1086,1962,18,-2.078262639601092,1.496018507492821
144,1556744400,1487,539,-948,2026,18,-1.670810159937606,1.5902116459411113
144,1556758800,306,91,-215,397,18,0.4934120689996071,-0.8072980811255278
144,1556773200,33,30,-3,63,18,1.1193535594971367,-1.298868522402543
144,1556787600,870,510,-360,1380,18,0.06529170993290057,0.6394496547286811
144,1556790260,193,153,-40,346,18,1.010109054080115,-0.8823582383265092
144,1556802000,799,377,-422,1176,18,-0.11776665049562221,0.3392090259247557
144,1556816400,1465,416,-1049,1881,18,-1.9690181341840705,1.3768053166442036
144,1556830800,1425,513,-912,1938,18,-1.5645182087210443,1.4606960805747122
144,1556845200,342,96,-246,438,18,0.40188288878534567,-0.7469556018070919
144,1556859600,53,40,-13,93,18,1.089828017492536,-1.2547154887549068
144,1556874000,825,550,-275,1375,18,0.31625881697200436,0.6320908157874083
144,1556878212,353,205,-148,558,18,0.6912332004304301,-0.5703434672165476
144,1556888400,714,336,-378,1050,18,0.012145734324619762,0.15376628460468417
144,1556902800,1564,490,-1074,2054,18,-2.0428319891955713,1.6314211440122384
144,1556917200,1177,513,-664,1690,18,-0.8322847670069531,1.0956976690875873
144,1556931600,285,96,-189,381,18,0.5701784782115683,-0.8308463657376004
144,1556946000,22,20,-2,42,18,1.1223061136975967,-1.3297756459558883
144,1556960400,213,128,-85,341,18,0.8772441150594129,-0.8897170772677819
144,1556974800,565,210,-355,775,18,0.08005448093520079,-0.2509698571653132
144,1556989200,709,253,-456,962,18,-0.21815349331126374,0.024250719238285
144,1557003600,609,244,-365,853,18,0.05052893893060034,-0.13617196968145942
144,1557018000,207,82,-125,289,18,0.7591419470410111,-0.9662490022570177
144,1557032400,19,27,8,46,18,1.151831655702197,-1.32388857480287
144,1557046800,165,92,-73,257,18,0.9126747654649334,-1.013345571481163
144,1557061200,482,190,-292,672,18,0.2660653955641836,-0.4025619393555305
144,1557075600,518,248,-270,766,18,0.3310215879743046,-0.26421576725960405
144,1557090000,446,271,-175,717,18,0.6115142370180089,-0.33633238888407635
144,1557104400,188,51,-137,239,18,0.7237112966354906,-1.0398373916697445
144,1557118800,32,28,-4,60,18,1.1164010052966766,-1.3032838257673065
144,1557133200,772,475,-297,1247,18,0.2513026245618834,0.4437045388908278
144,1557147600,959,560,-399,1519,18,-0.04985790388504118,0.8440253772960615
144,1557162000,1365,449,-916,1814,18,-1.5763284255228844,1.2781968748311496
144,1557176400,1314,454,-860,1768,18,-1.4109853902971219,1.210495556571441
144,1557190800,196,205,9,401,19,0.8548492130720283,-0.7514050477386733
144,1557205200,17,50,33,67,19,0.9175120458503194,-1.2342493232772629
144,1557219600,917,539,-378,1456,19,-0.15558896547791595,0.7737467806841171
144,1557226460,515,332,-183,847,19,0.35354655084569936,-0.10664891932486807
144,1557227076,39,14,-25,53,19,0.7660768666361158,-1.2544883048866649
144,1557234000,442,203,-239,645,19,0.2073332743630201,-0.39866851111766777
144,1557248400,1411,462,-949,1873,19,-1.6464421953280919,1.3765793043355896
144,1557262800,1348,559,-789,1907,19,-1.2286899768061512,1.425731116815566
144,1557277200,183,232,49,415,19,0.9592872677025135,-0.7311660661292714
144,1557291600,24,47,23,71,19,0.8914025321926982,-1.228466757103148
144,1557306000,868,527,-341,1395,19,-0.05898376494471714,0.6855626465288657
144,1557320400,1070,529,-541,1599,19,-0.5811740380971431,0.9804735214087228
144,1557334800,1478,404,-1074,1882,19,-1.9728111160483581,1.389590078227348
144,1557349200,1485,551,-934,2036,19,-1.60727792484166,1.6122188759307696
144,1557363600,193,284,91,477,19,1.0689472250645229,-0.6415362904304912
144,1557378000,28,55,27,83,19,0.9018463376557466,-1.2111190585808034
144,1557392400,893,511,-382,1404,19,-0.16603277094096447,0.6985734204206241
144,1557406800,1062,543,-519,1605,19,-0.5237331080503762,0.9891473706698951
144,1557421200,1538,430,-1108,1968,19,-2.0615834624842706,1.5139152509708174
144,1557435600,1353,486,-867,1839,19,-1.4323441833355972,1.3274274918556135
144,1557450000,210,232,22,442,19,0.888791580826936,-0.6921337444539961
144,1557464400,21,38,17,59,19,0.8757368239981254,-1.2458144556254926
144,1557478800,806,493,-313,1299,19,0.014122873296622497,0.5467810583501094
144,1557493200,928,476,-452,1404,19,-0.34879936654431354,0.6985734204206241
144,1557507600,1479,361,-1118,1840,19,-2.087692976141892,1.3288731333991421
144,1557522000,1246,395,-851,1641,19,-1.3905689614834031,1.0411904662369287
144,1557536400,196,225,29,421,19,0.9070682403872709,-0.7224922168680991
144,1557550800,28,89,61,117,19,0.9906186840916591,-1.1619672461008272
144,1557565200,158,147,-11,305,19,0.8026301857567857,-0.8901866359174296
144,1557579600,375,201,-174,576,19,0.37704511313755856,-0.4984177776211488
144,1557594000,500,210,-290,710,19,0.07417475470915148,-0.3047018107883015
144,1557608400,448,286,-162,734,19,0.4083765295267041,-0.27000641374361245
144,1557622800,150,175,25,325,19,0.8966244349242224,-0.8612738050468554
144,1557637200,25,70,45,95,19,0.9488434622394649,-1.193771360058459
144,1557651600,113,92,-21,205,19,0.7765206720991644,-1.0347507902703008
144,1557666000,255,178,-77,433,19,0.6303073956164852,-0.7051445183457545
144,1557680400,293,198,-95,491,19,0.5833102710327668,-0.6212973088210892
144,1557694800,269,244,-25,513,19,0.7660768666361158,-0.5894931948634576
144,1557709200,145,137,-8,282,19,0.8104630398540721,-0.9234363914185899
144,1557723600,28,42,14,70,19,0.867903969900839,-1.2299123986466767
144,1557738000,832,480,-352,1312,19,-0.08770422996810057,0.5655743984159827
144,1557752400,963,565,-398,1528,19,-0.20780799279315854,0.8778329718181843
144,1557766800,1400,442,-958,1842,19,-1.6699407576199512,1.3317644164861997
144,1557781200,1334,513,-821,1847,19,-1.3122404205105394,1.3389926242038432
144,1557795600,250,201,-49,451,20,0.8760181132464855,-0.8209224347246431
144,1557810000,27,29,2,56,20,1.0093536350665646,-1.4070180233153315
144,1557824400,875,535,-340,1410,20,0.11522131227309346,0.6020286271955347
144,1557838800,1036,525,-511,1561,20,-0.3318448491236421,0.8260803585302029
144,1557853200,1504,410,-1094,1914,20,-1.8560528730668984,1.3498569225112487
144,1557867600,1398,550,-848,1948,20,-1.2129050619347526,1.4003056567190546
144,1557882000,290,218,-72,508,20,0.8158864073276264,-0.7363466156115565
144,1557896400,24,26,2,50,20,1.0093536350665646,-1.4159207411167092
144,1557910800,829,523,-306,1352,20,0.20411166015314613,0.5159690217822184
144,1557925200,1007,554,-453,1561,20,-0.18020837332825812,0.8260803585302029
144,1557939600,1465,387,-1078,1852,20,-1.8142221211233442,1.257862171897014
144,1557954000,1447,418,-1029,1865,20,-1.6861154432962095,1.2771513937999985
144,1557968400,257,255,-2,512,20,0.998895947080676,-0.730411470410638
144,1557982800,30,42,12,72,20,1.0354978550312859,-1.383277442511658
144,1557997200,874,567,-307,1441,20,0.201497238156674,0.648026002502652
144,1558011600,1052,551,-501,1603,20,-0.3057006291589207,0.8883993831398458
144,1558026000,1489,377,-1112,1866,20,-1.903112469003397,1.2786351801002283
144,1558040400,1501,530,-971,2031,20,-1.5344789675008255,1.5234599196381107
144,1558054800,299,279,-20,578,20,0.9518363511441775,-0.632481574595485
144,1558069200,41,46,5,87,20,1.017196901055981,-1.3610206480082143
144,1558083600,1004,504,-500,1508,20,-0.3030862071624486,0.7474396846180346
144,1558098000,856,489,-367,1345,20,0.044631918368345735,0.5055825176806112
144,1558112400,1495,349,-1146,1844,20,-1.9920028168834496,1.2459918814951771
144,1558126800,1295,369,-926,1664,20,-1.4168299776595792,0.9789103474538509
144,1558141200,266,220,-46,486,20,0.8838613792359019,-0.7689899142166075
144,1558155600,30,47,17,77,20,1.0485699650136466,-1.3758585110105102
144,1558170000,249,166,-83,415,20,0.7871277653664328,-0.8743387415329084
144,1558184400,543,211,-332,754,20,0.13613668824487055,-0.371335185755077
144,1558198800,658,236,-422,894,20,-0.09916129143762184,-0.16360510372293427
144,1558213200,640,257,-383,897,20,0.002801166424791534,-0.1591537448222455
144,1558227600,207,177,-30,384,20,0.9256921311794561,-0.9203361168400257
144,1558242000,23,68,45,91,20,1.1217737809148665,-1.355085502807296
144,1558256400,173,103,-70,276,20,0.8211152513205706,-1.0805850372648216
144,1558270800,511,194,-317,705,20,0.17535301819195262,-0.444040714466327
144,1558285200,523,222,-301,745,20,0.21718377013550683,-0.38468926245714335
144,1558299600,499,233,-266,732,20,0.30868854001203166,-0.403978484360128
144,1558314000,136,106,-30,242,20,0.9256921311794561,-1.1310337714726275
144,1558328400,21,26,5,47,20,1.017196901055981,-1.4203721000173979
144,1558342800,839,519,-320,1358,20,0.16750975220253622,0.524871739583596
144,1558357200,777,565,-212,1342,20,0.4498673278215271,0.5011311587799225
144,1558371600,1344,426,-918,1770,20,-1.3959146016878021,1.1361916952781874
144,1558386000,1371,514,-857,1885,20,-1.2364348599030017,1.3068271198045904
144,1558400400,276,195,-81,471,21,0.6614796585968064,-0.5927663494805284
144,1558414800,29,30,1,59,21,0.8752686924000533,-1.169793178430296
144,1558429200,859,529,-330,1388,21,0.01229100716987311,0.691538510099415
144,1558443600,1047,448,-599,1495,21,-0.6890413110383399,0.8413974195596702
144,1558458000,1473,420,-1053,1893,21,-1.8727025469733907,1.3988165407295912
144,1558472400,1435,564,-871,1999,21,-1.3981951792637446,1.547274899634143
144,1558486800,288,240,-48,528,21,0.7475167087859179,-0.5129349678054392
144,1558501200,24,25,1,49,21,0.8752686924000533,-1.1837986839873291
144,1558515600,831,514,-317,1345,21,0.046184390577704966,0.6313148362041724
144,1558530000,1008,573,-435,1581,21,-0.2614632434318457,0.9618447673501557
144,1558544400,1510,416,-1094,1926,21,-1.9795970638750142,1.4450347090678006
144,1558558800,1496,536,-960,2032,21,-1.6302344964404396,1.5934930679723525
144,1558573200,288,190,-98,478,21,0.6171575418327185,-0.5829624955906052
144,1558587600,25,37,12,62,21,0.9039477091297573,-1.165591526763186
144,1558602000,789,482,-307,1271,21,0.07225622396834486,0.5276740950821267
144,1558616400,1031,590,-441,1621,21,-0.27710634346622964,1.0178667895782885
144,1558630800,1449,229,-1220,1678,21,-2.3081021645970767,1.0976981712533775
144,1558645200,2154,825,-1329,2979,21,-2.5922851485550513,2.919814444223395
144,1558659600,256,212,-44,468,21,0.7579454421421739,-0.5969680011476384
144,1558674000,25,45,20,70,21,0.9248051758422692,-1.1543871223175595
144,1558688400,712,516,-196,1228,21,0.3616535746044476,0.467450421186884
144,1558702800,922,533,-389,1455,21,-0.1415328098349022,0.7853753973315375
144,1558717200,1534,380,-1154,1914,21,-2.1360280642188534,1.4282281023993608
144,1558731600,1089,400,-689,1489,21,-0.9236878115540988,0.8329941162254503
144,1558746000,287,167,-120,454,21,0.5597995083733107,-0.6165757089274849
144,1558760400,29,38,9,67,21,0.8961261591125653,-1.1585887739846694
144,1558774800,199,136,-63,335,21,0.7084089586999581,-0.7832412250561799
144,1558789200,478,156,-322,634,21,0.033148473882385024,-0.36447660890088746
144,1558803600,516,240,-276,756,21,0.1530789074793285,-0.19360944110508255
144,1558818000,531,245,-286,776,21,0.1270070740886886,-0.16559842999101618
144,1558832400,172,158,-14,330,21,0.8361609423140935,-0.7902439778346965
144,1558846800,20,35,15,55,21,0.9117692591469492,-1.1753953806531092
144,1558861200,163,113,-50,276,21,0.74230234210779,-0.8658737078426757
144,1558875600,384,158,-226,542,21,0.28343807443252794,-0.4933272600255928
144,1558890000,462,202,-260,664,21,0.1947938409043523,-0.3224600922297879
144,1558904400,395,224,-171,619,21,0.4268331580810473,-0.38548486723643727
144,1558918800,133,132,-1,265,21,0.8700543257219254,-0.8812797639554122
144,1558933200,16,27,11,43,21,0.9013405257906932,-1.192201987321549
144,1558947600,147,123,-24,270,21,0.8100891089234536,-0.8742770111768956
144,1558962000,351,170,-181,521,21,0.40076132469040743,-0.5227388216953626
144,1558976400,524,255,-269,779,21,0.17132919085277643,-0.1613967783239062
144,1558990800,451,242,-209,693,21,0.32776019119661576,-0.28184412611439164
144,1559005200,149,136,-13,285,22,0.9815958976602357,-1.0369598941988436
144,1559019600,18,29,11,47,22,1.0489465657455612,-1.3874400667233286
144,1559034000,849,545,-304,1394,22,0.16496904712566346,0.5961599013039034
144,1559048400,977,565,-412,1542,22,-0.13810895925830152,0.8141055548065242
144,1559062800,1471,412,-1059,1883,22,-1.953770719725203,1.316264121322698
144,1559077200,1355,529,-826,1884,22,-1.2999079837301672,1.3177367270896077
144,1559091600,190,210,20,400,22,1.0742030662775583,-0.8676102310042396
144,1559106000,28,39,11,67,22,1.0489465657455612,-1.3579879513851365
144,1559120400,901,547,-354,1448,22,0.024655155281235224,0.6756806127170217
144,1559134800,1005,499,-506,1504,22,-0.4018990759258266,0.7581465356639594
144,1559149200,1406,415,-991,1821,22,-1.7629438268167805,1.224962563774303
144,1559163600,1281,468,-813,1749,22,-1.2634263718506158,1.1189349485568116
144,1559178000,205,259,54,464,22,1.1696165127317695,-0.7733634619220252
144,1559192400,22,47,25,69,22,1.0882344554620011,-1.3550427398513174
144,1559206800,873,492,-381,1365,22,-0.05111434631475602,0.553454334063525
144,1559221200,1057,595,-462,1652,22,-0.27842285110272974,0.9760921891665802
144,1559235600,1466,469,-997,1935,22,-1.779781493838112,1.3928396212019973
144,1559250000,1332,487,-845,1819,22,-1.35322726263105,1.2220173522404836
144,1559264400,207,224,17,431,22,1.0657842327668927,-0.821959452230042
144,1559278800,24,48,24,72,22,1.0854281776251127,-1.3506249225505886
144,1559293200,814,487,-327,1301,22,0.10042465687722646,0.4592075649813105
144,1559307600,989,543,-446,1532,22,-0.2335224057125127,0.7993794971374283
144,1559322000,1351,393,-958,1744,22,-1.6703366581994579,1.1115719197222635
144,1559336400,1296,427,-869,1723,22,-1.4205779307163755,1.080647198617162
144,1559350800,306,258,-48,564,22,0.883376173369136,-0.6261028852310652
144,1559365200,56,56,0,112,22,1.0180775095397872,-1.2917206918742046
144,1559379600,214,128,-86,342,22,0.7767376155673705,-0.9530213654849965
144,1559394000,547,179,-368,726,22,-0.014632734435204681,-0.3875407509917098
144,1559408400,654,206,-448,860,22,-0.23913496138628984,-0.19021157822582335
144,1559422800,595,243,-352,838,22,0.03026771095501235,-0.22260890509783457
144,1559437200,226,175,-51,401,22,0.8749573398584702,-0.86613762523733
144,1559451600,29,56,27,85,22,1.0938470111357783,-1.3314810475807637
144,1559466000,167,102,-65,269,22,0.8356694501420304,-1.0605215864693973
144,1559480400,451,151,-300,602,22,0.1761941584732177,-0.5701438660885003
144,1559494800,544,255,-289,799,22,0.2070632146789919,-0.280040530007309
144,1559509200,483,221,-262,704,22,0.2828327162749832,-0.41993807786372106
144,1559523600,148,132,-16,280,22,0.9731770641495701,-1.0443229230333917
144,1559538000,26,32,6,58,22,1.0349151765611184,-1.371241403287323
144,1559552400,844,544,-300,1388,22,0.1761941584732177,0.5873242667024458
144,1559566800,970,541,-429,1511,22,-0.1858156824854071,0.7684547760323266
144,1559581200,1432,451,-981,1883,22,-1.734881048447895,1.316264121322698
144,1559595600,1433,559,-874,1992,22,-1.4346093199008183,1.4767781499158446
144,1559610000,260,166,-94,426,23,0.7651413258329727,-0.8449404219339687
144,1559624400,21,37,16,58,23,1.0771682413019756,-1.4027721745891915
144,1559638800,849,547,-302,1396,23,0.17512679476431267,0.6254313174018087
144,1559653200,1022,465,-557,1487,23,-0.5482083274592849,0.7633734084116599
144,1559667600,1339,407,-932,1746,23,-1.6119364483763405,1.155977821285852
144,1559682000,1348,499,-849,1847,23,-1.3764979576133654,1.3090783838352473
144,1559696400,284,219,-65,503,23,0.8474029671838916,-0.7282201910794791
144,1559710800,24,34,10,58,23,1.0601485913673028,-1.4027721745891915
144,1559725200,880,533,-347,1413,23,0.04747942025426603,0.6512007190190336
144,1559739600,839,520,-319,1359,23,0.1269044532827395,0.5693449727054954
144,1559754000,1434,462,-972,1896,23,-1.7254007812741596,1.3833548943790135
144,1559768400,1415,552,-863,1967,23,-1.416210474127602,1.4909800423097765
144,1559782800,290,204,-86,494,23,0.7878341924125365,-0.7418628154650688
144,1559797200,21,40,19,61,23,1.085678066269312,-1.3982246331273283
144,1559811600,831,490,-341,1321,23,0.06449907018893891,0.511742780855228
144,1559826000,1026,536,-490,1562,23,-0.3581555698554377,0.8770619449582406
144,1559840400,1441,380,-1061,1821,23,-1.9778589219718075,1.2696663578324328
144,1559854800,1392,506,-886,1898,23,-1.4814524655438484,1.3863865886869222
144,1559869200,339,224,-115,563,23,0.7055725510616176,-0.6372693618422146
144,1559883600,24,43,19,67,23,1.085678066269312,-1.3891295502036018
144,1559898000,758,550,-208,1308,23,0.44176797707418786,0.4920367678538206
144,1559912400,1012,568,-444,1580,23,-0.22767158702294563,0.90434719372942
144,1559926800,1481,351,-1130,1832,23,-2.1735848962205457,1.2863406765259313
144,1559941200,1271,356,-915,1627,23,-1.5637141068947673,0.9755920099652773
144,1559955600,246,206,-40,452,23,0.9183181752450287,-0.805528395931154
144,1559970000,39,67,28,106,23,1.1112075411713214,-1.3300115111993798
144,1559984400,225,148,-77,373,23,0.8133636673145459,-0.9252803210935524
144,1559998800,518,197,-321,715,23,0.12123123663784853,-0.4068605944411443
144,1560013200,657,260,-397,917,23,-0.094350995868008,-0.10065946934235356
144,1560027600,605,260,-345,865,23,0.053152636899156995,-0.17948352134798287
144,1560042000,230,202,-28,432,23,0.9523574751143744,-0.8358453390102423
144,1560056400,24,64,40,88,23,1.145246841040667,-1.3572967599705592
144,1560070800,141,100,-41,241,23,0.9154815669225832,-1.1253721454155345
144,1560085200,430,182,-248,612,23,0.32830364417636865,-0.5629928512984484
144,1560099600,582,303,-279,885,23,0.24036878618055874,-0.14916657826889468
144,1560114000,449,219,-230,668,23,0.3793625939803873,-0.4781054106770016
144,1560128400,125,120,-5,245,23,1.0175994665306205,-1.1193087567997169
144,1560142800,20,37,17,57,23,1.080004849624421,-1.404288021743146
144,1560157200,837,460,-377,1297,23,-0.037618829419098394,0.4753624491603221
144,1560171600,994,527,-467,1521,23,-0.2929135784391917,0.8149122116461098
144,1560186000,1255,438,-817,1693,23,-1.28572649129511,1.0756379221262682
144,1560200400,1312,534,-778,1846,23,-1.1750987667197361,1.307562536681293
144,1560214800,175,201,26,376,24,1.1206736322495363,-1.1041628378064365
144,1560229200,17,24,7,41,24,1.076486699791785,-1.5954950606760454
144,1560243600,888,532,-356,1420,24,0.23228372704632624,0.4270337015245234
144,1560258000,1056,546,-510,1602,24,-0.1258629886638684,0.6939664315611467
144,1560272400,1498,321,-1177,1819,24,-1.677056880733348,1.0122323789125052
144,1560286800,1435,453,-982,1888,24,-1.2235594160353742,1.113432150190126
144,1560301200,254,237,-17,491,24,1.020671627213573,-0.9354965523437351
144,1560315600,20,32,12,52,24,1.088114839912246,-1.5793617638057
144,1560327498,552,353,-199,905,24,0.5974073268287975,-0.32829792467800956
144,1560330000,340,157,-183,497,24,0.6346173752142722,-0.9266965722326376
144,1560344400,1047,505,-542,1552,24,-0.20028308543481796,0.6206332639686678
144,1560358800,1518,334,-1184,1852,24,-1.693336276901993,1.0606322695235413
144,1560373200,1408,462,-946,1870,24,-1.139836807168056,1.0870322098568337
144,1560387600,202,242,40,444,24,1.1532324245868268,-1.0044297298806653
144,1560402000,22,41,19,63,24,1.1043942360808912,-1.5632284669353547
144,1560416400,819,519,-300,1338,24,0.36251889639548796,0.30676730667285795
144,1560430800,1105,577,-528,1682,24,-0.16772429309752754,0.811299499709113
144,1560445200,1402,386,-1016,1788,24,-1.302630768854508,0.9667658150051683
144,1560459600,1377,422,-955,1799,24,-1.1607674593848856,0.9828991118755137
144,1560474000,209,234,25,443,24,1.1183480042254443,-1.005896393232515
144,1560488400,30,51,21,81,24,1.1090454921290755,-1.5368285266020623
144,1560502800,768,507,-261,1275,24,0.4532183893350827,0.2143675155063345
144,1560517200,1092,534,-558,1626,24,-0.23749313382029275,0.7291663520055366
144,1560531600,1389,329,-1060,1718,24,-1.4049584019145638,0.8640993803756978
144,1560546000,1186,413,-773,1599,24,-0.73750315900011,0.689566441505598
144,1561179600,28,64,36,92,25,1.0730969841576685,-1.244115084924412
144,1561194000,246,192,-54,438,25,0.7202411092895763,-0.610257576953395
144,1561208400,546,216,-330,762,25,-0.3618502403059062,-0.016703147523887744
144,1561222800,709,340,-369,1049,25,-0.5147544527487461,0.5090688316312623
144,1561237200,663,298,-365,961,25,-0.4990719694212753,0.3478565174652232
144,1561251600,222,223,1,445,25,0.9358752550422992,-0.5974338701447328
144,1561266000,30,67,37,97,25,1.0770176049895361,-1.2349552943467963
144,1561280400,179,106,-73,285,25,0.6457493134840901,-0.8905471686284401
144,1561294800,447,183,-264,630,25,-0.10308926540263862,-0.25852161877294627
144,1561309200,542,267,-275,809,25,-0.1462160945531832,0.06939888390570127
144,1561323600,476,326,-150,802,25,0.34386150943027805,0.05657517709703908
144,1561338000,161,154,-7,315,25,0.9045102883873577,-0.835588425162745
144,1561352400,23,41,18,64,25,1.0025258091840499,-1.2954099121590608
144,1561366800,801,522,-279,1323,25,-0.16189857788065398,1.011025355284611
144,1561381200,922,570,-352,1492,25,-0.44810389860699534,1.3206262768080268
144,1561395600,1257,409,-848,1666,25,-2.392731831213369,1.6393869889090584
144,1561410000,1323,556,-767,1879,25,-2.0751615438320865,2.029594067515494
144,1561424400,252,193,-59,445,26,0.8585750832912181,-0.8164437236800847
144,1561438800,26,30,4,56,26,1.0567769390222042,-1.4288889742533273
144,1561453200,848,499,-349,1347,26,-0.05378266531173388,0.6036735411452748
144,1561467600,997,575,-422,1572,26,-0.28344513306351143,0.9579156526593611
144,1561482000,1367,420,-947,1787,26,-1.9351272641550625,1.2964136703283768
144,1561496400,1236,531,-705,1767,26,-1.1737804532519094,1.264925482638236
144,1561510800,249,228,-21,477,26,0.9781254089702256,-0.7660626233758591
144,1561525200,26,49,23,75,26,1.116552101861708,-1.3989751959476933
144,1561539600,834,526,-308,1360,26,0.07520584397351106,0.6241408631438664
144,1561554000,1074,530,-544,1604,26,-0.6672645997171671,1.0082967529635867
144,1561568400,1311,394,-917,1705,26,-1.8407454280926883,1.1673121007987988
144,1561582800,1340,520,-820,1860,26,-1.5355774914910112,1.4113455553973917
144,1561597200,291,213,-78,504,26,0.7987999204517143,-0.7235535699941688
144,1561611600,33,43,10,76,26,1.0756533062346791,-1.3974007865631863
144,1561626000,803,532,-271,1335,26,0.1916101084504394,0.5847806285311902
144,1561640400,1012,558,-454,1570,26,-0.3841190915300441,0.954766833890347
144,1561654800,1312,443,-869,1755,26,-1.6897344903928893,1.2460325700241512
144,1561669200,1313,469,-844,1782,26,-1.6110829603409107,1.2885416234058418
144,1561683600,272,268,-4,540,26,1.031608449405571,-0.6668748321519149
144,1561698000,30,53,23,83,26,1.116552101861708,-1.386379920871637
144,1561712400,696,480,-216,1176,26,0.3646434745647924,0.33444953639456915
144,1561726800,930,526,-404,1456,26,-0.22681603142608686,0.7752841640565433
144,1561741200,1360,443,-917,1803,26,-1.8407454280926883,1.3216042204804896
144,1561755600,1133,438,-695,1571,26,-1.142319841231118,0.956341243274854
144,1561770000,341,239,-102,580,26,0.7232944516018149,-0.6038984567716329
144,1561784400,27,54,27,81,26,1.1291363466700246,-1.389528739640651
144,1561798800,199,162,-37,361,26,0.9277884297369593,-0.9486941119786769
144,1561813200,499,173,-326,672,26,0.018576742336086447,-0.45905279339698424
144,1561827600,575,267,-308,842,26,0.07520584397351106,-0.19140319803078568
144,1561842000,548,244,-304,792,26,0.08779008878182763,-0.2701236672561382
144,1561856400,206,164,-42,370,26,0.9120581237265636,-0.9345244275181135
144,1561870800,25,68,43,93,26,1.1794733259032908,-1.3706358270265664
144,1561885200,146,100,-46,246,26,0.899473878918247,-1.1297511911969877
144,1561899600,531,167,-364,698,26,-0.10097358334292106,-0.4181181493998009
144,1561914000,579,217,-362,796,26,-0.09468146093876277,-0.26382602971811
144,1561928400,420,265,-155,685,26,0.5565532078916202,-0.4385854713983926
144,1561942800,152,131,-21,283,26,0.9781254089702256,-1.0714980439702269
144,1561957200,23,39,16,62,26,1.094529673447154,-1.419442517946285
144,1561971600,813,552,-261,1365,26,0.22307072047123086,0.6320129100664017
144,1561986000,946,546,-400,1492,26,-0.21423178661777026,0.8319629018987971
144,1562000400,1220,408,-812,1628,26,-1.5104090018743779,1.046082578191756
144,1562014800,1210,508,-702,1718,26,-1.164342269645672,1.1877794227973906
144,1562029200,194,183,-11,377,27,0.5803949595141502,-0.4621068909534615
144,1562043600,18,40,22,58,27,0.6751826299822823,-0.9665469504301425
144,1562058000,827,531,-296,1358,27,-0.2382258308924458,1.0891648906973974
144,1562063214,419,290,-129,709,27,0.24145722874931394,0.06289028693449483
144,1562072400,514,276,-238,790,27,-0.07162931916057715,0.19097694780474925
144,1562086800,1295,419,-876,1714,27,-1.9041909482111323,1.65211367180617
144,1562101200,1274,518,-756,1792,27,-1.559508510145197,1.7754563822738225
144,1562115600,187,178,-9,365,27,0.5861396668152491,-0.4810826925638696
144,1562130000,22,35,13,57,27,0.6493314471273371,-0.9681282672310098
144,1562144400,769,493,-276,1262,27,-0.18077875788145661,0.937358477814133
144,1562158800,914,542,-372,1456,27,-0.4565247083342047,1.2441339371823965
144,1562173200,1356,422,-934,1778,27,-2.070787459943001,1.7533179470616798
144,1562187600,875,376,-499,1251,27,-0.821313621953986,0.9199639930045922
144,1562202000,216,194,-22,410,27,0.5487990693581061,-0.40992343652483937
144,1562216400,24,41,17,65,27,0.660820861729535,-0.9554777328240711
144,1562230271,198,120,-78,318,27,0.3879472649273364,-0.5554045822046345
144,1562230351,3,3,0,6,27,0.6119908496701942,-1.048775424075244
144,1562230434,3,6,3,9,27,0.6206079106218426,-1.044031473672642
144,1562230521,2,0,-2,2,27,0.6062461423690954,-1.0551006912787133
144,1562230603,3,0,-3,3,27,0.6033737887185459,-1.0535193744778462
144,1562230800,9,2,-7,11,27,0.591884374116348,-1.0408688400709074
144,1562245200,339,156,-183,495,27,0.08635013161964313,-0.2755115084511156
144,1562259600,519,228,-291,747,27,-0.2238640626396985,0.1229803253674537
144,1562274000,505,177,-328,682,27,-0.3301411477100285,0.020194733311076695
144,1562288400,146,210,64,356,27,0.7958214833053596,-0.4953145437716756
144,1562302800,25,44,19,69,27,0.6665655690306339,-0.9491524656206017
144,1562317200,417,395,-22,812,27,0.5487990693581061,0.22576591742383068
144,1562331600,629,398,-231,1027,27,-0.05152284360673093,0.5657490296103085
144,1562346000,992,321,-671,1313,27,-1.3153584498484931,1.0180056346583672
144,1562360400,836,344,-492,1180,27,-0.8012071464001399,0.8076905001430112
144,1562374800,147,197,50,344,27,0.7556085321976672,-0.5142903453820836
144,1562389200,12,52,40,64,27,0.7268849956921726,-0.9570590496249384
144,1562403600,86,150,64,236,27,0.7958214833053596,-0.6850725598757562
144,1562418000,141,164,23,305,27,0.6780549836328318,-0.5759617006159099
144,1562432400,294,259,-35,553,27,0.5114584719009632,-0.18379513400080996
144,1562446800,272,216,-56,488,27,0.4511390452394245,-0.28658072605718693
144,1562461200,119,133,14,252,27,0.6522038007778866,-0.6597714910618788
144,1562475600,17,41,24,58,27,0.6809273372833813,-0.9665469504301425
144,1562490000,67,118,51,185,27,0.7584808858482167,-0.7657197167199905
144,1562504400,160,194,34,354,27,0.7096508737888758,-0.4984771773734103
144,1562518800,223,257,34,480,27,0.7096508737888758,-0.2992312604641257
144,1562533200,231,241,10,472,27,0.6407143861756889,-0.3118817948710644
144,1562547600,103,93,-10,196,27,0.5832673131646996,-0.7483252319104498
144,1562562000,15,29,14,44,27,0.6522038007778866,-0.9886853856422851
144,1562576400,1126,494,-632,1620,27,-1.2033366574770643,1.5034698925246401
144,1562590800,1197,463,-734,1660,27,-1.496316729833109,1.5667225645593337
144,1562605200,1722,359,-1363,2081,27,-3.3030271760287193,2.2324569377244834
144,1562619600,1713,546,-1167,2259,27,-2.740045860521025,2.5139313282788693
144,1562634000,319,177,-142,496,28,0.5863093198106107,-0.6650334336338465
144,1562648400,27,32,5,59,28,0.921123775544902,-1.236360789342419
144,1562662800,1192,531,-661,1723,28,-0.5957906973737238,0.9391282722115052
144,1562677200,1161,545,-616,1706,28,-0.4932964762305734,0.9169027229047644
144,1562691600,1254,441,-813,1695,28,-0.9419933999016985,0.9025214851180497
144,1562706000,1324,463,-861,1787,28,-1.051320569121059,1.0228009284251176
144,1562720400,262,203,-59,465,28,0.7753542165857548,-0.705562376487315
144,1562734800,27,24,-3,51,28,0.9029025806750086,-1.2468198713691208
144,1562748910,783,575,-208,1358,28,0.43598446213399017,0.4619326547432466
144,1562749200,39,3,-36,42,28,0.8277401518366984,-1.25858633864916
144,1562763600,1007,527,-480,1534,28,-0.18353616344238555,0.6920324593306809
144,1562778000,1323,379,-944,1702,28,-1.240365465896203,0.9116731818914137
144,1562792400,1253,545,-708,1798,28,-0.7028402172343475,1.0371821662118323
144,1562806800,175,215,40,390,28,1.0008415031006856,-0.8036162704876422
144,1562821200,30,22,-8,52,28,0.8915143338813253,-1.2455124861157831
144,1562835600,1041,511,-530,1552,28,-0.2974186313792193,0.7155653938907593
144,1562850000,1221,554,-667,1775,28,-0.6094565935261439,1.0071123053850655
144,1562864400,1801,428,-1373,2229,28,-2.2174770407942366,1.6006652104003787
144,1562878800,1638,525,-1113,2163,28,-1.625288207522701,1.514377783680091
144,1562893200,287,227,-60,514,28,0.7730765672270181,-0.641500499073768
144,1562907600,37,38,1,75,28,0.9120131781099553,-1.215442625289016
144,1562922000,968,482,-486,1450,28,-0.1972020595948056,0.5822120980503145
144,1562936400,1092,560,-532,1652,28,-0.30197393009669266,0.8463039192245289
144,1562950800,1671,416,-1255,2087,28,-1.948714416463309,1.415016504426426
144,1562965200,1548,376,-1172,1924,28,-1.7596695196881649,1.201912708132382
144,1562979600,229,210,-19,439,28,0.8664601909352219,-0.7395543930740951
144,1562994000,35,55,20,90,28,0.9552885159259522,-1.1958318464889506
144,1563008400,141,192,51,333,28,1.0258956460467892,-0.8781372299278908
144,1563022800,299,224,-75,523,28,0.738911826845968,-0.6297340317937288
144,1563037200,351,219,-132,570,28,0.6090858133979775,-0.5682869248868571
144,1563051600,316,209,-107,525,28,0.6660270473663944,-0.6271192612870533
144,1563066000,223,165,-58,388,28,0.7776318659444915,-0.8062310409943175
144,1563080400,36,78,42,114,28,1.005396801818159,-1.164454600408846
144,1563094800,77,99,22,176,28,0.9598438146434255,-1.083396714701909
144,1563109200,342,176,-166,518,28,0.5316457352009305,-0.6362709580604172
144,1563123600,461,215,-246,676,28,0.3494337865019965,-0.4297040880330614
144,1563138000,409,228,-181,637,28,0.4974809948198804,-0.4806921129132315
144,1563152400,131,140,9,271,28,0.9302343729798487,-0.9591951156348278
144,1563166800,24,25,1,49,28,0.9120131781099553,-1.2494346418757962
144,1563181200,1077,516,-561,1593,28,-0.3680257615000563,0.7691681892776049
144,1563195600,1193,566,-627,1759,28,-0.5183506191766768,0.9861941413316623
144,1563210000,1685,428,-1257,2113,28,-1.9532697151807823,1.4490085210132062
144,1563224400,1679,469,-1210,2148,28,-1.8462201953201587,1.4947670048800255
144,1563238800,299,213,-86,512,29,0.6161476293694055,-0.5817312921480841
144,1563253200,30,44,14,74,29,0.9041282507020361,-1.2754890559029033
144,1563267600,1104,479,-625,1583,29,-0.9360679196134734,1.1146489931976038
144,1563279527,1046,498,-548,1544,29,-0.7143228411873478,1.052876041630394
144,1563282000,199,75,-124,274,29,0.5067149932630058,-0.9587046888915703
144,1563291433,960,272,-688,1232,29,-1.1174957110530306,0.5586924290927145
144,1563296400,803,160,-643,963,29,-0.9879044314533469,0.1326174554624717
144,1563310800,1725,503,-1222,2228,29,-2.6553122289692777,2.136278576809153
144,1563325200,314,210,-104,524,29,0.564311117529532,-0.5627242301274041
144,1563339600,32,29,-3,61,29,0.8551715450754889,-1.2960800397586398
144,1563354000,1113,453,-660,1566,29,-1.0368611370798941,1.0877223220016405
144,1563368400,812,505,-307,1317,29,-0.02028954377570811,0.693325785072531
144,1563382800,1245,442,-803,1687,29,-1.4486734255855558,1.279376864043497
144,1563397200,1189,472,-717,1661,29,-1.2010100912394934,1.2381948963320237
144,1563411600,191,210,19,401,29,0.9185272817686676,-0.7575466158393739
144,1563426000,23,49,26,72,29,0.9386859252619517,-1.2786568995730165
144,1563440400,671,521,-150,1192,29,0.4318400317165219,0.4953355556904479
144,1563454800,836,563,-273,1399,29,0.0776238674773863,0.8232073755471775
144,1563469200,920,377,-543,1297,29,-0.6999238101207162,0.6616473483713977
144,1563483600,1108,493,-615,1601,29,-0.9072698574802103,1.1431595862286237
144,1563498000,328,223,-105,551,29,0.5614313113162057,-0.5199583405808742
144,1563512400,38,42,4,80,29,0.875330188568773,-1.2659855248925633
144,1563526800,918,490,-428,1408,29,-0.3687460955881911,0.8374626720626875
144,1563541200,1162,487,-675,1649,29,-1.0800582302797888,1.2191878343113436
144,1563555600,1680,353,-1327,2033,29,-2.95769188136854,1.827413818973103
144,1563570000,1013,326,-687,1339,29,-1.1146159048397044,0.7281720654437777
144,1563584400,248,190,-58,438,29,0.696782203342542,-0.6989415079422773
144,1563598800,41,61,20,102,29,0.9214070879819939,-1.2311392445213167
144,1563613200,146,144,-2,290,29,0.8580513512888152,-0.9333619395306637
144,1563627600,298,176,-122,474,29,0.5124746056896585,-0.6419203218802374
144,1563642000,362,246,-116,608,29,0.5297534429696164,-0.4296747959826443
144,1563656400,308,254,-54,562,29,0.7083014281958473,-0.5025352003952509
144,1563670800,127,189,62,316,29,1.0423589489416987,-0.8921799718191904
144,1563685200,30,48,18,78,29,0.9156474755553413,-1.2691533685626766
144,1563699600,125,106,-19,231,29,0.809094645662268,-1.0268133277990068
144,1563714000,257,159,-98,416,29,0.5815899548094898,-0.7337877883135239
144,1563728400,290,216,-74,506,29,0.6507053039293211,-0.5912348231584241
144,1563742800,261,202,-59,463,29,0.6939023971292158,-0.6593434620658607
144,1563757200,123,160,37,283,29,0.9703637936085411,-0.9444493923760603
144,1563771600,18,21,3,39,29,0.8724503823554467,-1.3309263201298864
144,1563786000,632,551,-81,1183,29,0.630546660436037,0.4810802591749379
144,1563800400,851,488,-363,1339,29,-0.18155869172198125,0.7281720654437777
144,1563814800,1132,401,-731,1533,29,-1.2413273782260619,1.0354529014447706
144,1563829200,935,644,-291,1579,29,0.025787355637512787,1.108313305857377
144,1563843600,151,198,47,349,30,0.9992407380111433,-0.9153643284163605
144,1563858000,22,40,18,62,30,0.9064899973544163,-1.3779587278265069
144,1563872400,730,579,-151,1309,30,0.36597706042383443,0.6319897602029442
144,1563886800,910,560,-350,1470,30,-0.2704849185654306,0.8914939354818067
144,1563901200,1241,434,-807,1675,30,-1.7321086592593709,1.221918506489054
144,1563915600,1172,587,-585,1759,30,-1.0220857480251153,1.3573119892432433
144,1563930000,197,286,89,483,30,1.1335693968932998,-0.6993794868799159
144,1563944400,28,40,12,68,30,0.8873001889426796,-1.3682877647726361
144,1563958800,752,579,-173,1331,30,0.2956144295808001,0.6674499580671366
144,1563973200,922,519,-403,1441,30,-0.4399948928691042,0.8447509473880985
144,1563987600,1331,469,-862,1800,30,-1.9080152363669567,1.4233969034446927
144,1564002000,1237,572,-665,1809,30,-1.2779498601816037,1.4379033480254986
144,1564016400,255,214,-41,469,30,0.717790214639006,-0.7219450673389475
144,1564030800,30,37,7,67,30,0.8713086819328991,-1.3698995919482813
144,1564045200,701,539,-162,1240,30,0.33079574500231723,0.5207736850834316
144,1564059600,599,598,-1,1197,30,0.8457222707172503,0.45146511653069193
144,1564074000,1079,462,-617,1541,30,-1.1244313928877108,1.0059336649526094
144,1564088400,1119,455,-664,1574,30,-1.2747515587796476,1.0591239617488981
144,1564102800,211,259,48,470,30,1.0024390394130993,-0.7203332401633024
144,1564117200,22,72,50,94,30,1.0088356422170117,-1.3263802582058632
144,1564131600,649,540,-109,1189,30,0.5003057193059909,0.4385704991255311
144,1564146000,852,514,-338,1366,30,-0.23210530174195732,0.7238639092147153
144,1564160400,1350,423,-927,1773,30,-2.1159048274941035,1.3798775697022747
144,1564174800,1420,436,-984,1856,30,-2.2982080074056013,1.5136592252808188
144,1564189200,285,248,-37,533,30,0.7305834202468304,-0.6187881280976605
144,1564203600,38,62,24,100,30,0.9256798057661528,-1.3167092951519928
144,1564218000,173,157,-16,330,30,0.7977477496879086,-0.9459890447536176
144,1564232400,505,194,-311,699,30,-0.14575116388914247,-0.3512248169405724
144,1564246800,507,247,-260,754,30,0.01736220761061891,-0.26257432228009137
144,1564261200,549,207,-342,756,30,-0.24489850734978175,-0.2593506679288012
144,1564275600,168,164,-4,332,30,0.836127366511382,-0.9427653904023274
144,1564290000,24,69,45,93,30,0.9928441352072311,-1.3279920853815084
144,1564304400,126,113,-13,239,30,0.807342653893777,-1.0926653177373225
144,1564318800,381,157,-224,538,30,0.1325010580810387,-0.6107289922194349
144,1564333200,474,218,-256,692,30,0.030155413218443332,-0.3625076071700881
144,1564347600,425,252,-173,677,30,0.2956144295808001,-0.38668501480476475
144,1564362000,128,141,13,269,30,0.8904984903446357,-1.0443105024679693
144,1564376400,15,31,16,46,30,0.9000933945505041,-1.4037479626368286
144,1564390800,714,542,-172,1256,30,0.2988127309827562,0.5465629198937534
144,1564405200,892,525,-367,1417,30,-0.3248560423986844,0.8060670951726159
144,1564419600,1225,427,-798,1652,30,-1.7033239466417658,1.1848464814492166
144,1564434000,1220,515,-705,1735,30,-1.4058819162598482,1.3186281370277606
144,1564448400,162,225,63,387,31,1.1526359893979266,-1.100154359284521
144,1564462800,17,38,21,55,31,1.0307841721652982,-1.619130733375994
144,1564477200,808,588,-220,1396,31,0.33158683994950316,0.4770961270356471
144,1564491600,828,569,-259,1397,31,0.21843872394777697,0.4786593088853202
144,1564506000,1263,415,-848,1678,31,-1.4903879510526514,0.9179134086434642
144,1564520400,1225,523,-702,1748,31,-1.066807824482087,1.0273361381205819
144,1564534800,170,219,49,389,31,1.1120187169870503,-1.097027995585175
144,1564549200,21,40,19,61,31,1.0249817046780303,-1.6097516422779552
144,1564563600,779,582,-197,1361,31,0.3983152160530853,0.4223847622970882
144,1564578000,956,560,-396,1516,31,-0.17903029893008165,0.6646779489964203
144,1564592400,1267,405,-862,1672,31,-1.5310052234635276,0.9085343175454256
144,1564606800,1270,542,-728,1812,31,-1.1422399018165712,1.127379776499661
144,1564621200,164,209,45,373,31,1.1004137820125144,-1.1220389051799446
144,1564635600,20,31,11,51,31,1.0017718347289581,-1.6253834607746862
144,1564650000,737,572,-165,1309,31,0.49115469584937343,0.3410993061140865
144,1564664400,872,574,-298,1446,31,0.1052906079460508,0.5552552195193026
144,1564678800,1240,407,-833,1647,31,-1.4468694448981416,0.8694547713035977
144,1564693200,1237,466,-771,1703,31,-1.2669929527928334,0.9569929548852919
144,1564707600,160,216,56,376,31,1.1323273531924885,-1.1173493596309254
144,1564722000,19,47,28,66,31,1.0510928083707363,-1.6019357330295896
144,1564736400,649,538,-111,1187,31,0.6478213180056096,0.15039112045396705
144,1564750800,879,456,-423,1335,31,-0.25736361000819974,0.38174203420558733
144,1564765200,1203,467,-736,1670,31,-1.1654497717656431,0.9054079538460793
144,1564779600,1155,389,-766,1544,31,-1.2524867840746634,0.7084470407872674
144,1565398800,9932,4583,-5349,14515,32,-4.042467981004176,4.071771836095506
144,1565413200,33,67,34,100,32,0.45641666191848584,-0.42513221732962786
144,1565427600,194,132,-62,326,32,0.3761839058864265,-0.3546292470851547
144,1565442000,512,190,-322,702,32,0.15888685829959903,-0.23733227004125249
144,1565456400,593,252,-341,845,32,0.14300745866825393,-0.19272198355913012
144,1565470800,611,206,-405,817,32,0.08951895464688103,-0.20145686482835687
144,1565485200,190,173,-17,363,32,0.4137930102764543,-0.3430867254079622
144,1565499600,23,51,28,74,32,0.4514021146664821,-0.43324317850819555
144,1565514000,177,142,-35,319,32,0.3987493685204432,-0.3568129674024614
144,1565528400,458,140,-318,598,32,0.16222988980093483,-0.2697761147555233
144,1565542800,442,206,-236,648,32,0.23076203557831887,-0.254178112489047
144,1565557200,418,237,-181,655,32,0.2767287187216862,-0.2519943921717403
144,1565571600,142,123,-19,265,32,0.4121214945257864,-0.37365880985025585
144,1565586000,22,28,6,50,32,0.43301544140913517,-0.4407302195961042
144,1565600400,722,541,-181,1263,32,0.2767287187216862,-0.06232268461138777
144,1565614800,869,584,-285,1453,32,0.18980989968695525,-0.0030502759987776143
144,1565629200,1218,399,-819,1617,32,-0.256484805741375,0.04811117143526484
144,1565643600,1218,502,-716,1720,32,-0.17040174458197796,0.08024305610420614
144,1565658000,235,180,-55,415,33,0.7859435006464064,-0.7627844417561076
144,1565672400,23,34,11,57,33,1.0092955432183925,-1.381756756101088
144,1565684052,427,310,-117,737,33,0.5761279455030255,-0.20605515343464492
144,1565686800,345,204,-141,549,33,0.4949090209313942,-0.5311020671130144
144,1565688140,114,119,5,233,33,0.9889908120754847,-1.0774575177638908
144,1565701200,852,486,-366,1338,33,-0.26651839692764934,0.8330575865690789
144,1565706033,320,133,-187,453,33,0.3392394155024342,-0.6970834698423947
144,1565715600,952,267,-685,1219,33,-1.3460532693589156,0.6273098061024514
144,1565730000,1150,533,-617,1683,33,-1.1159329830726268,1.429553252627789
144,1565744400,225,189,-36,414,33,0.8502418159322812,-0.7645134147012053
144,1565758800,27,41,14,68,33,1.0194479087898465,-1.362738053705013
144,1565773200,749,501,-248,1250,33,0.13280798221620463,0.6809079674004804
144,1565787600,949,572,-377,1521,33,-0.30374373735631366,1.14945963552196
144,1565802000,1180,404,-776,1584,33,-1.6540083583596843,1.2583849310631157
144,1565816400,1320,476,-844,1796,33,-1.8841286446459728,1.6249271954238302
144,1565830800,245,213,-32,458,33,0.8637783033608865,-0.688438605116906
144,1565845200,26,39,13,65,33,1.0160637869326952,-1.3679249725403062
144,1565859600,728,493,-235,1221,33,0.17680156635917157,0.6307677519926468
144,1565874000,954,555,-399,1509,33,-0.3781944182136424,1.1287119601807873
144,1565888400,1267,407,-860,1674,33,-1.9382745943603936,1.4139924961219095
144,1565902800,1289,482,-807,1771,33,-1.7589161359313745,1.5817028717963875
144,1565917200,226,223,-3,449,33,0.9619178372182743,-0.7039993616227854
144,1565931600,23,53,30,76,33,1.0735938585042673,-1.3489062701442314
144,1565946000,623,505,-118,1128,33,0.5727438236458742,0.46997326809855977
144,1565960400,799,444,-355,1243,33,-0.229293056498985,0.6688051567847965
144,1565974800,1224,364,-860,1588,33,-1.9382745943603936,1.2653008228435065
144,1565989200,1132,378,-754,1510,33,-1.5795576775023557,1.1304409331258851
144,1566003600,276,189,-87,465,33,0.6776516012175646,-0.676335794501222
144,1566018000,40,71,31,111,33,1.0769779803614186,-1.2883922170658115
144,1566032400,200,144,-56,344,33,0.7825593787892551,-0.885541520858045
144,1566046800,522,173,-349,695,33,-0.20898832535607714,-0.2786720171287488
144,1566061200,623,240,-383,863,33,-0.32404846849922153,0.011795437647666553
144,1566075600,636,250,-386,886,33,-0.3342008340706754,0.05156181538491389
144,1566090000,236,205,-31,441,33,0.8671624252180378,-0.7178311451835672
144,1566104400,33,49,16,82,33,1.026216152504149,-1.3385324324736452
144,1566118800,154,120,-34,274,33,0.8570100596465838,-1.0065696270148847
144,1566133200,454,202,-252,656,33,0.1192714947875994,-0.34610196198755944
144,1566147600,536,255,-281,791,33,0.021131960930211562,-0.11269061439936857
144,1566162000,434,230,-204,664,33,0.281709343930862,-0.33227017842677775
144,1566176400,147,108,-39,255,33,0.8400894503608273,-1.0394201129717413
144,1566190800,16,43,27,59,33,1.0634414929328133,-1.3782988102108924
144,1566205200,702,529,-173,1231,33,0.38661712150255245,0.6480574814436239
144,1566219600,895,544,-351,1439,33,-0.21575656907037977,1.0076838540239477
144,1566234000,1186,386,-800,1572,33,-1.7352272829313153,1.237637255721943
144,1566248400,1233,458,-775,1691,33,-1.650624236502533,1.4433850361885705
144,1566262800,221,146,-75,367,34,0.68545298412583,-0.6644199445354682
144,1566277200,25,36,11,61,34,1.0068258006708062,-1.1787896599611605
144,1566291600,745,507,-238,1252,34,0.07633938997663064,0.8232179579211909
144,1566306000,915,574,-341,1489,34,-0.3085606112342131,1.221602345358737
144,1566320400,1201,410,-791,1611,34,-1.9901625582718798,1.426677852816039
144,1566334800,1208,515,-693,1723,34,-1.6239470231392323,1.6149438924489723
144,1566349200,236,195,-41,431,34,0.8125073534575648,-0.5568393504595064
144,1566363600,28,32,4,60,34,0.9806675481613315,-1.1804706067435975
144,1566378000,731,467,-264,1198,34,-0.0208198336299901,0.7324468316695982
144,1566392400,912,519,-393,1431,34,-0.5028790584474546,1.1241074319773965
144,1566406800,1223,402,-821,1625,34,-2.1022693547410576,1.4502111077701558
144,1566421200,1206,532,-674,1738,34,-1.5529460520420866,1.6401580941855258
144,1566435600,259,227,-32,486,34,0.8461393923983181,-0.46438727742547675
144,1566450000,21,33,12,54,34,1.0105626938864456,-1.1905562874382187
144,1566464400,692,484,-208,1176,34,0.18844618644580843,0.6954660024559863
144,1566478800,895,478,-417,1373,34,-0.5925644956227968,1.0266125185960562
144,1566493200,1139,403,-736,1542,34,-1.7846334314117207,1.310692524827893
144,1566507600,1077,486,-591,1563,34,-1.2427839151440279,1.3459924072590679
144,1566522000,251,190,-61,441,34,0.7377694891447796,-0.5400298826351374
144,1566536400,27,29,2,56,34,0.9731937617300529,-1.1871943938733451
144,1566550800,597,366,-231,963,34,0.10249764248610546,0.337424337796926
144,1566565200,784,474,-310,1258,34,-0.19271692154939604,0.8333036386158124
144,1566571300,399,144,-255,543,34,0.012812205310763236,-0.36857331082657324
144,1566571374,6,1,-5,7,34,0.9470355092205781,-1.2695607862127534
144,1566571456,5,7,2,12,34,0.9731937617300529,-1.2611560523005687
144,1566571538,6,1,-5,7,34,0.9470355092205781,-1.2695607862127534
144,1566571621,5,9,4,14,34,0.9806675481613315,-1.257794158735695
144,1566571702,9,6,-3,15,34,0.9545092956518566,-1.256113211953258
144,1566571789,7,6,-1,13,34,0.9619830820831352,-1.259475105518132
144,1566579600,789,141,-648,930,34,-1.4557868284354658,0.2819530939765082
144,1566594000,1129,424,-705,1553,34,-1.6687897417269035,1.3291829394346988
144,1566608400,283,214,-69,497,34,0.7078743434196655,-0.4458968628186708
144,1566622800,28,40,12,68,34,1.0105626938864456,-1.1670230324841022
144,1566637200,232,186,-46,418,34,0.7938228873793685,-0.5786916586311861
144,1566651600,520,168,-352,688,34,-0.3496664366062449,-0.12483602737322233
144,1566666000,716,259,-457,975,34,-0.7420402242483672,0.35759569918616885
144,1566680400,630,238,-392,868,34,-0.4991421652318153,0.1777343934654202
144,1566694800,196,219,23,415,34,1.0516685192584774,-0.5837344989784968
144,1566709200,36,59,23,95,34,1.0516685192584774,-1.1216374693583058
144,1566723600,161,124,-37,285,34,0.8274549263201219,-0.8022575806952943
144,1566738000,435,224,-211,659,34,0.17723550679889066,-0.1735834840638925
144,1566752400,508,195,-313,703,34,-0.2039276011963138,-0.09962182563666878
144,1566766800,490,237,-253,727,34,0.020285991742041754,-0.059279102858183115
144,1566781200,169,138,-31,307,34,0.8498762856139573,-0.7652767514816824
144,1566795600,32,28,-4,60,34,0.9507724024362174,-1.1804706067435975
144,1566810000,703,441,-262,1144,34,-0.01334604719871158,0.6416757054180054
144,1566824400,871,459,-412,1330,34,-0.5738800295446005,0.9543318069512694
144,1566838800,1106,358,-748,1464,34,-1.8294761499993917,1.1795786757978144
144,1566853200,1143,513,-630,1656,34,-1.388522750553959,1.5023204580256997
144,1566867600,215,185,-30,400,35,0.7933863684423883,-0.6728188208719533
144,1566882000,25,34,9,59,35,0.9261584410776428,-1.2584152101665134
144,1566896400,756,527,-229,1283,35,0.11590835679070513,0.8435495420227576
144,1566910800,898,547,-351,1445,35,-0.2994299217093217,1.1217507592242786
144,1566925200,1261,407,-854,1668,35,-2.011849217492219,1.5047067557424219
144,1566939600,1304,489,-815,1793,35,-1.8790771448569648,1.719368188768287
144,1566954000,258,212,-46,470,35,0.7389157745407454,-0.5526084183774689
144,1566968400,23,40,17,63,35,0.9533937380284642,-1.2515460443096855
144,1566982800,730,494,-236,1224,35,0.09207747195873638,0.7422293456345492
144,1566997200,964,531,-433,1495,35,-0.5785917154552414,1.2076153324346246
144,1567011600,1265,381,-884,1646,35,-2.1139815810577995,1.4669263435298696
144,1567026000,1277,470,-807,1747,35,-1.8518418479061434,1.6403727814147686
144,1567040400,262,238,-24,500,35,0.8138128411555043,-0.5010896744512613
144,1567054800,31,38,7,69,35,0.9193496168399374,-1.241242295524444
144,1567069200,707,547,-160,1254,35,0.35081279299154,0.7937480895607568
144,1567083600,966,560,-406,1526,35,-0.48667258824621906,1.2608513678250393
144,1567098000,1242,404,-838,1646,35,-1.9573786235905763,1.4669263435298696
144,1567112400,1266,520,-746,1786,35,-1.64417270865613,1.7073471485188385
144,1567126800,281,204,-77,485,35,0.6333789988563123,-0.5268490464143651
144,1567141200,30,42,12,72,35,0.9363716774342008,-1.2360904211318233
144,1567155600,616,437,-179,1053,35,0.2861289627333391,0.4485725052551658
144,1567156989,123,83,-40,206,35,0.7593422472538615,-1.005973364928096
144,1567170000,752,339,-413,1091,35,-0.5105034730781878,0.5138295808950287
144,1567184400,1313,386,-927,1699,35,-2.260371302168465,1.5579427911328365
144,1567198800,1024,384,-640,1408,35,-1.283305024057746,1.0582109750486226
144,1567213200,266,193,-73,459,35,0.646996647331723,-0.571498624483745
144,1567227600,34,63,29,97,35,0.9942466834546964,-1.1931581345266502
144,1567242000,199,158,-41,357,35,0.7559378351350088,-0.746662353832851
144,1567256400,442,172,-270,614,35,-0.023672540082254712,-0.30531844753167237
144,1567270800,527,210,-317,737,35,-0.18367990966833062,-0.09409159743422113
144,1567285200,485,201,-284,686,35,-0.07133430974619222,-0.18167346210877408
144,1567299600,177,199,22,376,35,0.9704157986227275,-0.7140338160129195
144,1567314000,27,41,14,68,35,0.9431805016719061,-1.242959586988651
144,1567328400,154,110,-44,264,35,0.7457245987784508,-0.9063704600040946
144,1567342800,375,124,-251,499,35,0.041011290175946194,-0.5028069659154683
144,1567357200,443,243,-200,686,35,0.21463630823743282,-0.18167346210877408
144,1567371600,430,244,-186,674,35,0.26229807790137033,-0.20228095967925713
144,1567386000,162,109,-53,271,35,0.7150848897087766,-0.8943494197546461
144,1567400400,25,24,-1,49,35,0.8921143198891159,-1.2755881248085825
144,1567414800,154,135,-19,289,35,0.8308349017497677,-0.8634381733989216
144,1567429200,364,179,-185,543,35,0.265702490020223,-0.4272461414903637
144,1567443600,456,237,-219,693,35,0.14995247797923192,-0.16965242185932564
144,1567458000,370,227,-143,597,35,0.40868779901203556,-0.33451240242319
144,1567472400,132,141,9,273,36,1.0280236637591555,-1.0601797985070174
144,1567486800,15,31,16,46,36,1.0472158759222996,-1.3870799989910376
144,1567501200,811,535,-276,1346,36,0.24662645425972124,0.4850356866002675
144,1567515600,962,555,-407,1517,36,-0.11254208765054506,0.73129090370497
144,1567530000,1347,426,-921,1773,36,-1.5217988093442616,1.0999536848675655
144,1567544400,1366,591,-775,1957,36,-1.1215040985129725,1.364930058828181
144,1567558800,248,206,-42,454,36,0.8881946894276778,-0.7995236915131512
144,1567573200,28,40,12,68,36,1.0362488975433601,-1.3553980412348772
144,1567587600,820,549,-271,1369,36,0.2603351772333955,0.5181577333453444
144,1567602000,1061,570,-491,1631,36,-0.34284863360827306,0.8954610484414383
144,1567616400,1415,410,-1005,1825,36,-1.7521053553019896,1.1748383122912176
144,1567630800,1333,536,-797,1869,36,-1.1818224795971393,1.2382022278035387
144,1567645200,272,190,-82,462,36,0.7785249056382835,-0.78800297960182
144,1567659600,28,39,11,67,36,1.0335071529486253,-1.3568381302237935
144,1567674000,882,559,-323,1441,36,0.11776445830718293,0.6218441405473244
144,1567688400,1031,544,-487,1575,36,-0.3318816552293336,0.8148160650621206
144,1567702800,1549,450,-1099,1999,36,-2.009829347207066,1.4254137963626694
144,1567717200,1475,568,-907,2043,36,-1.4834143850179735,1.4887777118749903
144,1567731600,286,244,-42,530,36,0.8881946894276778,-0.6900769283555056
144,1567746000,28,41,13,69,36,1.038990642138095,-1.3539579522459608
144,1567760400,874,506,-368,1380,36,-0.00561404845588563,0.5339987122234248
144,1567774800,1001,558,-443,1559,36,-0.21124489306099992,0.7917746412394583
144,1567789200,1563,395,-1168,1958,36,-2.1990097242437714,1.3663701478170973
144,1567803600,1263,412,-851,1675,36,-1.3298766877128216,0.9588249639537594
144,1567818000,269,189,-80,458,36,0.7840083948277532,-0.7937633355574856
144,1567832400,36,55,19,91,36,1.0554411097065042,-1.3222759944898002
144,1567846800,215,156,-59,371,36,0.8415850313171852,-0.9190510775932114
144,1567861200,568,181,-387,749,36,-0.057707195755847915,-0.3746974397828165
144,1567875600,655,258,-397,913,36,-0.08512464170319649,-0.13852284560052874
144,1567890000,645,284,-361,929,36,0.013578163707258369,-0.11548142177786654
144,1567904400,207,210,3,417,36,1.0115731961907464,-0.8528069841030576
144,1567918800,24,57,33,81,36,1.093825534032792,-1.336676884378964
144,1567933200,167,128,-39,295,36,0.8964199232118824,-1.028497840750857
144,1567947600,470,188,-282,658,36,0.2301759866913121,-0.5057455377742078
144,1567962000,571,228,-343,799,36,0.0629295664124858,-0.30269299033699704
144,1567976400,414,214,-200,628,36,0.4549990434595704,-0.5489482074416995
144,1567990800,119,140,21,259,36,1.060924598895974,-1.0803410443518469
144,1568005200,19,32,13,51,36,1.038990642138095,-1.3798795540464557
144,1568019600,896,577,-319,1473,36,0.12873143668612236,0.6679269881926488
144,1568034000,1028,585,-443,1613,36,-0.21124489306099992,0.8695394466409433
144,1568048400,1491,403,-1088,1894,36,-1.9796701566649828,1.2742044525264484
144,1568062800,1294,527,-767,1821,36,-1.0995701417550936,1.1690779563355522
144,1568077200,235,195,-40,430,37,0.8888962437474841,-0.8358884504662208
144,1568091600,22,33,11,55,37,1.018429936795114,-1.3618880147653531
144,1568106000,921,578,-343,1499,37,0.11931371446450686,0.6635609741625054
144,1568120400,928,534,-394,1462,37,-0.010219978583122975,0.6116623504849911
144,1568134800,1528,409,-1119,1937,37,-1.8516303209268805,1.2779284652638918
144,1568149200,1294,549,-745,1843,37,-0.9017165719109284,1.1460779078129093
144,1568163600,301,181,-120,482,37,0.6857061370061039,-0.7629498442167412
144,1568178000,26,36,10,62,37,1.0158900604608467,-1.3520693562317692
144,1568192400,885,571,-314,1456,37,0.19297012815825715,0.6032463574562049
144,1568206800,1032,551,-481,1583,37,-0.23118921966437386,0.781384876565511
144,1568221200,1597,399,-1198,1996,37,-2.0522805513339932,1.3606857300469553
144,1568235600,1471,582,-889,2053,37,-1.2674587640454125,1.4406376638204235
144,1568250000,333,228,-105,561,37,0.7238042820201127,-0.6521392693377239
144,1568264400,24,48,24,72,37,1.0514483291405883,-1.3380427011837923
144,1568278800,976,599,-377,1575,37,0.0329579190994203,0.7701635525271295
144,1568293200,1170,507,-663,1677,37,-0.6934467125010136,0.9132354340164935
144,1568307600,1580,444,-1136,2024,37,-1.8948082186094237,1.3999603641812906
144,1568322000,1512,557,-955,2069,37,-1.435090602107051,1.4630803118971865
144,1568336400,269,246,-23,515,37,0.9320741414300274,-0.7166618825584176
144,1568350800,36,43,7,79,37,1.0082704314580448,-1.3282240426502085
144,1568365200,808,595,-213,1403,37,0.44949763791924957,0.5289050857019275
144,1568379600,796,568,-228,1364,37,0.4113994929052408,0.4742011310148178
144,1568394000,1702,394,-1308,2096,37,-2.331666948103391,1.500952280526724
144,1568408400,1401,473,-928,1874,37,-1.3665139410818354,1.1895605384616377
144,1568422800,277,233,-44,510,37,0.8787367384104151,-0.723675210082406
144,1568437200,38,43,5,81,37,1.0031906787895104,-1.3254187116406133
144,1568451600,177,160,-17,337,37,0.9473133994356309,-0.9663363424124056
144,1568466000,455,214,-241,669,37,0.37838110055976654,-0.5006513948195739
144,1568480400,718,248,-470,966,37,-0.2032505799874341,-0.08405973989466119
144,1568494800,589,233,-356,822,37,0.08629532211903258,-0.2860435725855279
144,1568509200,232,150,-82,382,37,0.7822214377082596,-0.9032163946965097
144,1568523600,38,65,27,103,37,1.05906795814339,-1.2945600705350642
144,1568538000,147,107,-40,254,37,0.8888962437474841,-1.0827575793106134
144,1568552400,539,164,-375,703,37,0.038037671767954806,-0.4529607676564526
144,1568566800,540,182,-358,722,37,0.08121556945049808,-0.42631012306529653
144,1568581200,437,198,-239,635,37,0.38346085322830104,-0.5483420219826952
144,1568595600,135,119,-16,254,37,0.9498532757698982,-1.0827575793106134
144,1568610000,21,21,0,42,37,0.9904912971181742,-1.380122666327723
144,1568624400,914,502,-412,1416,37,-0.055937752599933506,0.5471397372642974
144,1568638800,855,453,-402,1308,37,-0.03053898925726099,0.3956518627461474
144,1568653200,1420,386,-1034,1806,37,-1.635740832514164,1.094179284135395
144,1568667600,1355,557,-798,1912,37,-1.0363300176270926,1.2428618276439496
144,1568682000,283,215,-68,498,38,0.860892279615751,-0.7698013542859539
144,1568696400,20,34,14,54,38,1.0768364173431104,-1.403028335085445
144,1568710800,896,567,-329,1463,38,0.17355789002013106,0.6064689981273548
144,1568725200,1068,532,-536,1600,38,-0.37156938448673993,0.8018566025632339
144,1568739600,1583,430,-1153,2013,38,-1.9964173476304086,1.390871789658256
144,1568754000,1545,538,-1007,2083,38,-1.6119314438719392,1.4907048722167344
144,1568768400,264,198,-66,462,38,0.8661592098042231,-0.8211440824588856
144,1568782800,26,26,0,52,38,1.0399679060238052,-1.4058807088728302
144,1568797200,921,534,-387,1455,38,0.020816914554437734,0.5950595029778144
144,1568811600,1083,566,-517,1649,38,-0.3215335476962542,0.8717397603541687
144,1568826000,1523,434,-1089,1957,38,-1.8278755815992986,1.3110053236114734
144,1568840400,1497,567,-930,2064,38,-1.4091546316157602,1.463607321236576
144,1568854800,265,274,9,539,38,1.06366909187193,-0.7113276916445594
144,1568869200,26,33,7,59,38,1.0584021616834578,-1.3958974006169824
144,1568883600,918,551,-367,1469,38,0.07348621643915956,0.61502611948951
144,1568898000,1032,544,-488,1576,38,-0.24516305996340754,0.7676281171146127
144,1568912400,1519,489,-1030,2008,38,-1.6725011410393693,1.3837408551897934
144,1568926800,1495,542,-953,2037,38,-1.4697243287831903,1.4251002751068773
144,1568941200,287,234,-53,521,38,0.9003942560292924,-0.7369990557310253
144,1568955600,28,46,18,74,38,1.087370277720055,-1.3745045972115941
144,1568970000,831,497,-334,1328,38,0.1603905645489506,0.41393376747886085
144,1568984400,1083,548,-535,1631,38,-0.36893591939250386,0.8460683962677028
144,1568998800,1532,420,-1112,1952,38,-1.8884452787667287,1.3038743891430107
144,1569013200,1331,442,-889,1773,38,-1.3011825627520803,1.0485869351720447
144,1569027600,324,227,-97,551,38,0.7845217918829043,-0.6942134489202488
144,1569042000,29,57,28,86,38,1.1137049286624159,-1.3573903544872836
144,1569056400,232,155,-77,387,38,0.8371910937676261,-0.9281080994858267
144,1569070800,619,237,-382,856,38,0.033984240025618194,-0.25922644634402175
144,1569085200,772,252,-520,1024,38,-0.32943394297896245,-0.01962704820367371
144,1569099600,608,254,-354,862,38,0.10772126266422875,-0.25066932498186645
144,1569114000,181,200,19,381,38,1.090003742814291,-0.936665220847982
144,1569128400,38,67,29,105,38,1.1163383937566518,-1.330292803507125
144,1569142800,168,119,-49,287,38,0.9109281164062367,-1.0707267888550815
144,1569157200,570,180,-390,750,38,0.01291651927172946,-0.4104022570754318
144,1569171600,602,251,-351,853,38,0.11562165794693703,-0.2635050070250994
144,1569186000,496,261,-235,757,38,0.42110360887832365,-0.400418948819584
144,1569200400,131,140,9,271,38,1.06366909187193,-1.0935457791541623
144,1569214800,22,27,5,49,38,1.0531352314949858,-1.4101592695539078
144,1569229200,948,529,-419,1477,38,-0.0634539684611172,0.6264356146390505
144,1569243600,1043,556,-487,1599,38,-0.24252959486917144,0.8004304156695413
144,1569258000,1459,416,-1043,1875,38,-1.7067361872644384,1.1940579983286845
144,1569272400,788,311,-477,1099,38,-0.21619494392681052,0.08733696882326737
144,1569286800,1682,728,-954,2410,39,-1.4252012154347344,1.8328972914117256
144,1569301200,22,32,10,54,39,1.0797278872967089,-1.4379566811720992
144,1569315600,969,581,-388,1550,39,0.045535166459453214,0.6389522929303635
144,1569330000,1137,602,-535,1739,39,-0.3364405369653623,0.9013425309687094
144,1569344400,1648,443,-1205,2091,39,-2.0774182328471746,1.3900269954634066
144,1569358800,1538,583,-955,2121,39,-1.4277996896076923,1.4316762395964773
144,1569373200,267,235,-32,502,39,0.9705919720324758,-0.8159946354515756
144,1569387600,23,37,14,60,39,1.0901217839885404,-1.429626832345485
144,1569402000,954,538,-416,1492,39,-0.02722211038336879,0.55843042093976
144,1569416400,1072,581,-491,1653,39,-0.22210767335521345,0.7819480311205732
144,1569430800,1597,414,-1183,2011,39,-2.0202518010421002,1.2789623444418845
144,1569445200,1556,509,-1047,2065,39,-1.6668593135198218,1.3539309838814118
144,1569459600,290,200,-90,490,39,0.8198804700009159,-0.832654333104804
144,1569474000,24,36,12,60,39,1.0849248356426247,-1.429626832345485
144,1569488400,913,514,-399,1427,39,0.016951950556915996,0.4681903919847733
144,1569502800,1169,474,-695,1643,39,-0.7521964046386309,0.7680649497428829
144,1569517200,1427,390,-1037,1817,39,-1.6408745717902424,1.0096305657146933
144,1569531600,1440,531,-909,1971,39,-1.3082698776516275,1.2234300189311234
144,1569546000,321,263,-58,584,39,0.9030316435355696,-0.7021533681545155
144,1569560400,164,33,-131,197,39,0.7133430289096409,-1.2394286174711284
144,1569574800,856,543,-313,1399,39,0.24042072943129786,0.4293177641272406
144,1569589200,1087,542,-545,1629,39,-0.36242527869494157,0.7486286358141165
144,1569603600,1539,466,-1073,2005,39,-1.734419642016728,1.2706324956152704
144,1569618000,1269,448,-821,1717,39,-1.0796041504313298,0.8707997519377908
144,1569632400,269,232,-37,501,39,0.9575996011676862,-0.8173829435893446
144,1569646800,35,61,26,96,39,1.1213034740640357,-1.3796477393858002
144,1569661200,200,160,-40,360,39,0.9498041786488124,-1.0131343910147772
144,1569675600,601,275,-326,876,39,0.2066405651828448,-0.2967673919259599
144,1569690000,712,301,-411,1013,39,-0.014229739518579147,-0.10656917705160339
144,1569704400,662,306,-356,968,39,0.12868633999410692,-0.16904304325120956
144,1569718800,221,233,12,454,39,1.0849248356426247,-0.8826334260644888
144,1569733200,34,51,17,85,39,1.0979172065074143,-1.3949191289012595
144,1569747600,173,101,-72,274,39,0.8666530051141587,-1.1325288908629134
144,1569762000,477,172,-305,649,39,0.26120852281496126,-0.6119133391995288
144,1569776400,568,289,-279,857,39,0.32876885131186745,-0.3231452465435714
144,1569790800,410,312,-98,722,39,0.7990926766172525,-0.5105668451423899
144,1569805200,154,164,10,318,39,1.0797278872967089,-1.0714433328010764
144,1569819600,21,32,11,53,39,1.0823263614696668,-1.4393449893098682
144,1569834000,714,490,-224,1204,39,0.4716849308245535,0.15859767726228055
144,1569848400,857,509,-348,1366,39,0.14947413337777035,0.3835035955808627
144,1569862800,1170,417,-753,1587,39,-0.9029079066701907,0.6903196940278175
144,1569877200,1159,541,-618,1700,39,-0.5521138933208704,0.8471985135957174
144,1569891600,265,167,-98,432,40,0.7656134755509367,-0.8407447529188941
144,1569906000,27,29,2,56,40,1.036284906301268,-1.3894281622128513
144,1569920400,830,540,-290,1370,40,0.24592432851030085,0.5280452415431587
144,1569934800,963,548,-415,1511,40,-0.09241495992761314,0.7338015200283926
144,1569949200,1266,394,-872,1660,40,-1.3293833984566268,0.9512319136049874
144,1569963600,1343,553,-790,1896,40,-1.1074328252413552,1.2956183088001307
144,1569978000,249,199,-50,448,40,0.8955357623110958,-0.8173965227361725
144,1569992400,24,25,1,49,40,1.0335781919937648,-1.399643012917792
144,1570006800,925,491,-434,1416,40,-0.14384253177017609,0.5951714033184832
144,1570021200,974,547,-427,1521,40,-0.12489553161765289,0.7483941638925936
144,1570035600,1477,401,-1076,1878,40,-1.8815531171873023,1.2693515498445689
144,1570050000,1444,535,-909,1979,40,-1.4295318278342493,1.416737252872999
144,1570064400,258,247,-11,505,40,1.001097620303725,-0.7342184527102268
144,1570078800,27,37,10,64,40,1.0579386207612944,-1.3777540471214904
144,1570093200,889,534,-355,1423,40,0.06998789852258558,0.6053862540234239
144,1570107600,1090,561,-529,1651,40,-0.4009803909829907,0.9380985341272065
144,1570122000,1573,403,-1170,1976,40,-2.1359842620926135,1.4123594597137386
144,1570136400,1483,483,-1000,1966,40,-1.6758428298170505,1.3977668158495375
144,1570150800,300,223,-77,523,40,0.8224544760085063,-0.707951693754665
144,1570165200,30,34,4,64,40,1.0416983349162745,-1.3777540471214904
144,1570179600,819,549,-270,1368,40,0.3000586146603671,0.5251267127703184
144,1570194000,1003,570,-433,1573,40,-0.14113581746267276,0.8242759119864387
144,1570208400,1535,385,-1150,1920,40,-2.0818499759425473,1.330640654074213
144,1570222800,1328,451,-877,1779,40,-1.3429169699941432,1.124884375588979
144,1570237200,297,198,-99,495,40,0.7629067612434335,-0.7488110965744278
144,1570251600,30,51,21,81,40,1.087712478143831,-1.3529465525523487
144,1570266000,239,137,-102,376,40,0.7547866183209235,-0.9224635585584195
144,1570280400,596,199,-397,795,40,-0.04369410239255353,-0.31103178064839815
144,1570294800,688,294,-394,982,40,-0.0355739594700436,-0.03814934038783968
144,1570309200,585,269,-316,854,40,0.17554975651521473,-0.22493518184961234
144,1570323600,207,168,-39,375,40,0.9253096196936322,-0.9239228229448396
144,1570338000,27,72,45,99,40,1.1526736215239104,-1.326679793596787
144,1570352400,137,100,-37,237,40,0.9307230483086388,-1.1253013082708132
144,1570366800,489,186,-303,675,40,0.2107370425127578,-0.48614350701881004
144,1570381200,607,217,-390,824,40,-0.024747102240030346,-0.26871311344221527
144,1570395600,469,227,-242,696,40,0.3758466152704598,-0.45549895490398795
144,1570410000,118,110,-8,228,40,1.009217763226235,-1.1384346877485942
144,1570424400,24,24,0,48,40,1.0308714776862613,-1.4011022773042119
144,1570438800,841,526,-315,1367,40,0.17825647082271806,0.5236674483838983
144,1570453200,955,556,-399,1511,40,-0.04910753100756016,0.7338015200283926
144,1570467600,1470,400,-1070,1870,40,-1.8653128313422824,1.257677434753208
144,1570482000,1268,533,-735,1801,40,-0.958563538328673,1.1569881920902212
144,1570496400,244,77,-167,321,41,0.5568772055110267,-0.9674576937586773
144,1570510800,32,33,1,65,41,1.0499535716906985,-1.3478879729267752
144,1570525200,875,502,-373,1377,41,-0.04772833873309464,0.6018172078097261
144,1570539600,1010,599,-411,1609,41,-0.1592575167975442,0.9465821483058148
144,1570554000,1513,396,-1117,1909,41,-2.231352246100213,1.3923988817059294
144,1570568400,1368,489,-879,1857,41,-1.5328273940123445,1.3151239812499096
144,1570582800,296,78,-218,374,41,0.40719330863505493,-0.888696737524657
144,1570597200,23,31,8,54,41,1.0704984202815182,-1.3642345864847794
144,1570611600,691,531,-160,1222,41,0.5774220541018463,0.37147856221966696
144,1570626000,882,506,-376,1388,41,-0.05653327384344592,0.6181638213677304
144,1570640400,1198,364,-834,1562,41,-1.400753367357075,0.8767375267397969
144,1570654800,1313,554,-759,1867,41,-1.180629989598293,1.3299845390299134
144,1570669200,267,104,-163,371,41,0.5686171189914951,-0.8931549048586582
144,1570683600,23,30,7,53,41,1.067563441911401,-1.3657206422627797
144,1570698000,883,594,-289,1477,41,0.19880984435674126,0.7504227856097644
144,1570712400,1091,573,-518,1664,41,-0.47330020240007326,1.0283152160958358
144,1570726800,1605,502,-1103,2107,41,-2.1902625489185734,1.686637925750005
144,1570741200,1460,525,-935,1985,41,-1.6971861827389016,1.5053391208339586
144,1570755600,287,91,-196,378,41,0.471762832777631,-0.8827525144126556
144,1570770000,25,38,13,63,41,1.0851733121321037,-1.3508600844827758
144,1570784400,808,567,-241,1375,41,0.33968880612236174,0.5988450962537254
144,1570798800,1011,537,-474,1548,41,-0.34416115411492115,0.8559327458477916
144,1570813200,1492,470,-1022,1962,41,-1.9525293009390887,1.4711598379399498
144,1570827600,1251,539,-712,1790,41,-1.0426860062027894,1.215558244123884
144,1570842000,268,217,-51,485,41,0.8973346964446096,-0.7237445461666147
144,1570856400,32,57,25,89,41,1.1203930525735089,-1.312222634254766
144,1570870800,239,154,-85,393,41,0.7975454318606284,-0.8604616777426498
144,1570885200,547,208,-339,755,41,0.05206092585088656,-0.3225094861065115
144,1570899600,652,252,-400,904,41,-0.1269727547262562,-0.10108717518445455
144,1570914000,642,292,-350,934,41,0.01977616377959852,-0.05650550184444309
144,1570928400,206,228,22,434,41,1.1115881174631574,-0.7995333908446342
144,1570942800,28,56,28,84,41,1.12919798768386,-1.3196529131447678
144,1570957200,179,99,-80,278,41,0.8122203237112139,-1.0313580922126937
144,1570971600,452,202,-250,654,41,0.3132740007913079,-0.4726011196845501
144,1570986000,610,248,-362,858,41,-0.015443576661806605,-0.16944574097247214
144,1571000400,486,240,-246,726,41,0.3250139142717763,-0.36560510366852256
144,1571014800,140,130,-10,270,41,1.0176688096194104,-1.043246538436697
144,1571029200,22,30,8,52,41,1.0704984202815182,-1.3672066980407802
144,1571043600,556,481,-75,1037,41,0.8268952155617993,0.09655824328959627
144,1571058000,818,506,-312,1324,41,0.1313053418440481,0.5230562515757059
144,1571072400,1156,326,-830,1482,41,-1.3890134538766066,0.7578530644997663
144,1571086800,1223,465,-758,1688,41,-1.1776950112281759,1.063980554767845
144,1571101200,224,177,-47,401,42,0.9212693840746115,-0.9263577371720683
144,1571115600,23,29,6,52,42,1.0584705380821102,-1.4257711658185126
144,1571130000,914,569,-345,1483,42,0.14983648040980674,0.6219669900355329
144,1571144400,1025,566,-459,1591,42,-0.1452754357572662,0.7765132659490458
144,1571158800,1569,430,-1139,1999,42,-1.9055921286836663,1.3603547527334277
144,1571173200,1374,533,-841,1907,42,-1.1341592250188615,1.2287042213996946
144,1571187600,487,100,-387,587,42,0.041111037611411445,-0.6601947064321294
144,1571202000,110,173,63,283,42,1.2060264961656468,-1.0952138534479434
144,1571216400,948,563,-385,1511,42,0.04628843964943027,0.6620345430501473
144,1571230800,1077,512,-565,1589,42,-0.41967774377226386,0.7736512978765733
144,1571245200,1533,391,-1142,1924,42,-1.9133582317406945,1.2530309500157104
144,1571259600,1332,544,-788,1876,42,-0.9969580710113627,1.1843437162763715
144,1571274000,267,228,-39,495,42,0.9419789922266868,-0.7918452377658626
144,1571288400,22,31,9,53,42,1.0662366411391386,-1.4243401817822763
144,1571302800,883,508,-375,1391,42,0.07217544983952438,0.4903164587017997
144,1571317200,1134,555,-579,1689,42,-0.4559195580383956,0.9167497015001963
144,1571331600,1563,440,-1123,2003,42,-1.8641729123795157,1.3660786888783727
144,1571346000,1539,476,-1063,2015,42,-1.7088508512389509,1.3832504973132074
144,1571360400,307,231,-76,538,42,0.8461970545233385,-0.7303129242077047
144,1571374800,26,45,19,71,42,1.0921236513292327,-1.3985824691300242
144,1571389200,789,576,-213,1365,42,0.4915450149190491,0.45311087375965775
144,1571403600,1051,536,-515,1587,42,-0.29024269282179327,0.7707893298041009
144,1571418000,1570,396,-1174,1966,42,-1.9961966643489957,1.3131322795376321
144,1571432400,1348,428,-920,1776,42,-1.3386666055206051,1.0412453126527483
144,1571446800,290,216,-74,506,42,0.8513744565613574,-0.7761044133672641
144,1571461200,26,50,24,76,42,1.1050671564242798,-1.391427548948843
144,1571475600,217,135,-82,352,42,0.830664848409282,-0.9964759549476435
144,1571490000,696,209,-487,905,42,-0.21775906428952974,-0.2051417829090082
144,1571504400,746,328,-418,1074,42,-0.03913869397788032,0.03669451921491471
144,1571518800,656,271,-385,927,42,0.04628843964943027,-0.17366013411181114
144,1571533200,196,196,0,392,42,1.0429383319680539,-0.9392365934981943
144,1571547600,26,53,27,79,42,1.112833259481308,-1.3871345968401343
144,1571562000,156,98,-58,254,42,0.8927936728655079,-1.1367123904987941
144,1571576400,504,182,-322,686,42,0.20937660384702322,-0.5185272868447426
144,1571590800,561,257,-304,818,42,0.2559732221891926,-0.32963739406156023
144,1571605200,432,270,-162,702,42,0.6235687668885291,-0.4956315422649629
144,1571619600,129,122,-7,251,42,1.024817424834988,-1.1410053426075029
144,1571634000,26,30,4,56,42,1.0532931360440916,-1.4200472296735678
144,1571648400,879,566,-313,1445,42,0.23267491301810792,0.5675895966585561
144,1571662800,992,541,-451,1533,42,-0.12456582760519092,0.6935161918473444
144,1571677200,1436,458,-978,1894,42,-1.488811264623151,1.2101014289286236
144,1571691600,1393,536,-857,1929,42,-1.1755784413230121,1.2601858701968915
144,1571706000,269,176,-93,445,43,0.7928714233776216,-0.860005177849101
144,1571720400,23,26,3,49,43,1.028714844923809,-1.4130580378416098
144,1571734800,930,564,-366,1494,43,0.12219169335565118,0.6050262618785291
144,1571749200,1051,559,-492,1610,43,-0.18735279742371982,0.7670316451086578
144,1571763600,1559,428,-1131,1987,43,-1.75718557209053,1.2935491406065764
144,1571778000,1519,534,-985,2053,43,-1.3985070351557032,1.3857246172719946
144,1571792400,273,212,-61,485,43,0.8714858972263508,-0.8041412525973325
144,1571806800,31,30,-1,61,43,1.018888035692718,-1.396298860266079
144,1571821200,904,520,-384,1424,43,0.07797105181574103,0.5072643926879341
144,1571835600,1102,567,-535,1669,43,-0.2929909966579496,0.8494309348550165
144,1571850000,1612,416,-1196,2028,43,-1.916871222095761,1.3508096639896392
144,1571864400,1448,537,-911,1985,43,-1.216711064380517,1.290755944343988
144,1571878800,282,243,-39,525,43,0.9255333479973521,-0.748277327345564
144,1571893200,28,35,7,63,43,1.0385416541549002,-1.3935056640034906
144,1571907600,948,510,-438,1458,43,-0.05469087280398939,0.5547487291519374
144,1571922000,1162,500,-662,1662,43,-0.6049921897450934,0.839654747935957
144,1571936400,1571,450,-1121,2021,43,-1.732618549012802,1.3410334770705796
144,1571950800,1611,466,-1145,2077,43,-1.791579404399349,1.4192429724230557
144,1571965200,290,271,-19,561,43,0.9746673941528078,-0.6979997946189723
144,1571979600,28,51,23,79,43,1.0778488910792647,-1.3711600939027833
144,1571994000,866,578,-288,1444,43,0.31381447336192847,0.5351963553138184
144,1572008400,1089,516,-573,1605,43,-0.38634568435331545,0.7600486544521868
144,1572022800,1562,399,-1163,1961,43,-1.8358000459392592,1.2572375891929268
144,1572037200,1360,457,-903,1817,43,-1.1970574459183347,1.05612745828656
144,1572051600,322,234,-88,556,43,0.8051549349164856,-0.7049827852754433
144,1572066000,45,69,24,114,43,1.0803055933870376,-1.3222791593074859
144,1572080400,250,147,-103,397,43,0.7683044002998938,-0.9270418881512233
144,1572094800,620,240,-380,860,43,0.08779786104683218,-0.2804169533620024
144,1572109200,734,286,-448,1020,43,-0.07925789588171725,-0.056961252354928195
144,1572123600,721,295,-426,1016,43,-0.02521044511071596,-0.06254764488010506
144,1572138000,247,221,-26,468,43,0.9574704779983982,-0.8278834208293342
144,1572152400,39,56,17,95,43,1.0631086772326281,-1.348814523802076
144,1572166800,161,130,-31,291,43,0.9451869664595344,-1.07508129006841
144,1572181200,417,175,-242,592,43,0.4268227795194766,-0.6547052525488517
144,1572195600,503,226,-277,729,43,0.3408381987474291,-0.4633713085615444
144,1572210000,487,248,-239,735,43,0.43419288644279497,-0.4549917197737791
144,1572224400,147,144,-3,291,43,1.0139746310771725,-1.07508129006841
144,1572238800,23,33,10,56,43,1.0459117610782185,-1.4032818509225502
144,1572253200,800,537,-263,1337,43,0.3752320310562481,0.38576035526533753
144,1572267600,1049,559,-490,1608,43,-0.18243939280817423,0.7642384488460695
144,1572282000,1480,393,-1087,1873,43,-1.6490906705485273,1.1343369536390362
144,1572296400,1444,508,-936,1952,43,-1.2781286220748367,1.244668206011279
144,1572310800,280,195,-85,475,44,0.6806272063963676,-0.7521226628613586
144,1572325200,23,38,15,61,44,0.9115719686248976,-1.3110554289880918
144,1572339600,943,544,-399,1487,44,-0.04453934700121648,0.6141574321151004
144,1572354000,1133,573,-560,1706,44,-0.41636041418914976,0.9098247649212708
144,1572368400,1623,428,-1195,2051,44,-1.882859654340315,1.3756020700268818
144,1572382800,1480,519,-961,1999,44,-1.3424489107255548,1.3053979544747318
144,1572397200,295,213,-82,508,44,0.6875555492632236,-0.707570051068648
144,1572411600,34,30,-4,64,44,0.867692463801477,-1.3070051915523908
144,1572426000,915,601,-314,1516,44,0.151763700893034,0.6533097273268764
144,1572440400,1086,532,-554,1618,44,-0.40250372845543797,0.7910178001407092
144,1572454800,1568,363,-1205,1931,44,-1.9059541305631682,1.2135925725988432
144,1572469200,1480,541,-939,2021,44,-1.2916410630352784,1.3350996956698722
144,1572483600,298,239,-59,537,44,0.7406728445757855,-0.668417755856872
144,1572498000,30,25,-5,55,44,0.8653830161791917,-1.3191559038594938
144,1572512400,907,540,-367,1447,44,0.029362976911913117,0.5601542663057542
144,1572526800,1066,552,-514,1618,44,-0.31012582356402596,0.7910178001407092
144,1572541200,1565,345,-1220,1910,44,-1.9405958448974476,1.1852409105489365
144,1572555600,1412,484,-928,1896,44,-1.26623713919014,1.1663398025156653
144,1572570000,286,223,-63,509,44,0.7314350540866443,-0.7062199719234143
144,1572584400,28,58,30,86,44,0.9462136829591772,-1.2773034503572505
144,1572598800,807,439,-368,1246,44,0.027053529289627818,0.2887883581137895
144,1572613200,1082,537,-545,1619,44,-0.3817186998548703,0.7923678792859429
144,1572627600,1550,418,-1132,1968,44,-1.737364454136341,1.2635455009724885
144,1572642000,1358,426,-932,1784,44,-1.275474929679281,1.015130938249496
144,1572656400,209,237,28,446,44,0.9415947877146066,-0.7912749580731346
144,1572670800,32,77,45,109,44,0.9808553972934567,-1.2462516300168764
144,1572685200,104,179,75,283,44,1.0501388259620157,-1.0113378587462205
144,1572699600,236,274,38,510,44,0.9646892639374596,-0.7048698927781807
144,1572714000,306,248,-58,554,44,0.7429822921980708,-0.6454664103878999
144,1572728400,236,300,64,536,44,1.0247349021168775,-0.6697678350021057
144,1572742800,109,201,92,310,44,1.0893994355408658,-0.9748857218249117
144,1572753600,27,72,45,99,44,0.9808553972934567,-1.259752421469213
144,1572768000,103,95,-8,198,44,0.8584546733123358,-1.1260945860910812
144,1572782400,390,234,-156,624,44,0.5166564252141114,-0.550960870221544
144,1572796800,1045,418,-627,1463,44,-0.5710934048822649,0.5817555326294926
144,1572811200,647,318,-329,965,44,0.11712198655875451,-0.0905838816968676
144,1572825600,187,154,-33,341,44,0.8007184827552033,-0.9330332683226684
144,1572840000,29,30,1,59,44,0.8792397019129035,-1.3137555872785591
144,1572854400,452,322,-130,774,44,0.5767020633935293,-0.34844899843649574
144,1572868800,1324,717,-607,2041,44,-0.5249044524365589,1.3621012785745454
144,1572883200,1247,432,-815,1679,44,-1.0052695578719013,0.8733726279999622
144,1572897600,1716,529,-1187,2245,44,-1.8643840733620327,1.637517424202211
144,1572912000,400,231,-169,631,45,0.5668650087934504,-0.5436467187214823
144,1572926400,30,40,10,70,45,0.9907451695363545,-1.2949314100127178
144,1572940800,413,341,-72,754,45,0.7965654310954711,-0.3789265457645804
144,1572955200,1324,690,-634,2014,45,-0.5342761909018037,1.3084508357451465
144,1572969600,1308,426,-882,1734,45,-1.121551497405939,0.9334780842985405
144,1572984000,1828,587,-1241,2415,45,-1.97167986448249,1.8454653833526071
144,1572998400,429,292,-137,721,45,0.6426424676972098,-0.423119762899359
144,1573012800,34,36,2,70,45,0.9718008048104146,-1.2949314100127178
144,1573027200,455,324,-131,779,45,0.6568507412416646,-0.3454468358139906
144,1573041600,1321,631,-690,1952,45,-0.6668867439833827,1.2254211550676837
144,1573056000,1355,397,-958,1752,45,-1.3015229623023676,0.9575834754629652
144,1573070400,1765,521,-1244,2286,45,-1.9787840012547175,1.6727100800075636
144,1573084800,445,312,-133,757,45,0.6521146500601797,-0.37490898057050964
144,1573099200,41,34,-7,75,45,0.9504883944937323,-1.2882354680225998
144,1573113600,479,329,-150,808,45,0.6118578750175575,-0.3066103722713064
144,1573128000,1355,653,-702,2008,45,-0.6953032910722924,1.300415705357005
144,1573142400,1388,408,-980,1796,45,-1.3536199652987022,1.0165077649760033
144,1573156800,1857,504,-1353,2361,45,-2.236900970645648,1.773149209859333
144,1573171200,517,284,-233,801,45,0.41531009098593147,-0.31598469105747157
144,1573185600,49,36,-13,85,45,0.9362801209492775,-1.274843584042364
144,1573200000,390,347,-43,737,45,0.865238753227003,-0.40169274853098147
144,1573214400,1305,576,-729,1881,45,-0.7592405220223394,1.1303387788080086
144,1573228800,1214,339,-875,1553,45,-1.1049751782707418,0.6910849842562702
144,1573243200,1607,453,-1154,2060,45,-1.7656598980878941,1.3700535020542317
144,1573257600,440,281,-159,721,45,0.5905454647008751,-0.423119762899359
144,1573272000,57,72,15,129,45,1.002585397490067,-1.2159192945293258
144,1573286400,122,121,-1,243,45,0.9646966680381872,-1.0632518171546363
144,1573300800,507,209,-298,716,45,0.2613871275876702,-0.42981570488947696
144,1573315200,743,238,-505,981,45,-0.22879830969602352,-0.07493077941322485
144,1573329600,776,311,-465,1087,45,-0.13407648606632425,0.06702319077727599
144,1573344000,311,206,-105,517,45,0.7184199266009691,-0.6963141960961718
144,1573358400,45,85,40,130,45,1.061786537258629,-1.2145801061313022
144,1573372800,97,85,-12,182,45,0.9386481665400199,-1.1449423094340754
144,1573387200,419,143,-276,562,45,0.31348413058400476,-0.6360507181851102
144,1573401600,583,254,-329,837,45,0.18797771427465326,-0.2677739087286222
144,1573416000,583,299,-284,882,45,0.2945397658580649,-0.20751043081756054
144,1573430400,178,153,-25,331,45,0.9078635738603676,-0.9454032381285602
144,1573444800,26,31,5,57,45,0.9789049415826421,-1.3123408591870245
144,1573459200,317,296,-21,613,45,0.9173357562233376,-0.567752109885907
144,1573473600,1130,671,-459,1801,45,-0.11986821252186937,1.0232037069661213
144,1573488000,1056,442,-614,1498,45,-0.48691527908695403,0.6174296223649726
144,1573502400,1653,512,-1141,2165,45,-1.7348753054082418,1.510668283846709
144,1573516800,328,238,-90,566,46,0.737270759406222,-0.6109282748261665
144,1573531200,33,41,8,74,46,0.9667479558457267,-1.269743736208481
144,1573545600,430,315,-115,745,46,0.6787306582736953,-0.3712372837947961
144,1573560000,1355,713,-642,2068,46,-0.5552946735999676,1.4003335605320368
144,1573574400,1277,416,-861,1693,46,-1.0681059595209017,0.8981876296003949
144,1573588800,1817,559,-1258,2376,46,-1.9977227655054255,1.8127627518038922
144,1573603200,341,280,-61,621,46,0.805177276719953,-0.5372802049561923
144,1573617600,34,38,4,72,46,0.9573815396645224,-1.2724218478401161
144,1573632000,406,201,-205,607,46,0.46798629419659915,-0.5560269863776404
144,1573646400,1309,596,-713,1905,46,-0.7215485608163436,1.1820674625537497
144,1573660800,1251,362,-889,1613,46,-1.1336708727893314,0.7910631643349779
144,1573675200,1836,470,-1366,2306,46,-2.250616002397941,1.7190288446966524
144,1573689600,358,351,-7,709,46,0.9316238951662107,-0.41944329316423373
144,1573704000,37,37,0,74,46,0.9480151234833182,-1.269743736208481
144,1573718400,410,254,-156,664,46,0.5827248924163515,-0.47970080487603073
144,1573732800,1302,657,-645,1959,46,-0.5623194857358709,1.2543764766079062
144,1573747200,1215,356,-859,1571,46,-1.0634227514302994,0.734822820070634
144,1573761600,1784,523,-1261,2307,46,-2.0047475776413286,1.7203679005124701
144,1573776000,344,304,-40,648,46,0.8543509616712754,-0.5011256979291141
144,1573790400,43,54,11,97,46,0.9737727679816299,-1.2389454524446735
144,1573804800,416,306,-110,722,46,0.6904386785002007,-0.4020355675586035
144,1573819200,1338,687,-651,2025,46,-0.5763691100076773,1.3427541604518753
144,1573833600,1271,403,-868,1674,46,-1.0844971878380092,0.8727455690998583
144,1573848000,1663,457,-1206,2120,46,-1.87595935514977,1.4699644629545578
144,1573862400,455,316,-139,771,46,0.6225321611864697,-0.3364218325835356
144,1573876800,43,92,49,135,46,1.0627537217030705,-1.1880613314436004
144,1573891200,116,112,-4,228,46,0.9386487073021139,-1.063529140572553
144,1573905600,559,222,-337,781,46,0.15889456021685813,-0.32303127442535845
144,1573920000,769,207,-562,976,46,-0.36796634997588223,-0.06191539034090461
144,1573934400,738,317,-421,1055,46,-0.037800179588431584,0.04387001910869464
144,1573948800,298,265,-33,563,46,0.8707421899883829,-0.6149454422736197
144,1573963200,57,100,43,157,46,1.048704097431264,-1.1586021034956107
144,1573977600,107,103,-4,210,46,0.9386487073021139,-1.087632145257272
144,1573992000,428,164,-264,592,46,0.32983165552383614,-0.576112823614906
144,1574006400,597,208,-389,805,46,0.0371311498612026,-0.29089393484573334
144,1574020800,563,244,-319,807,46,0.20104343303227737,-0.28821582321409794
144,1574035200,182,162,-20,344,46,0.9011830425772968,-0.9081986659376986
144,1574049600,25,30,5,55,46,0.9597231437098235,-1.2951857967090172
144,1574064000,418,286,-132,704,46,0.6389233895035772,-0.42613857224332224
144,1574078400,1271,627,-644,1898,46,-0.5599778816905698,1.1726940718430259
144,1574092800,1128,373,-755,1501,46,-0.8198959307189884,0.6410889129633942
144,1574107200,1617,519,-1098,2136,46,-1.6230661182572546,1.4913893560076412
144,1574121600,396,263,-133,659,47,0.6031289477125067,-0.45484984059463307
144,1574136000,38,30,-8,68,47,0.8921348034729865,-1.24548588704001
144,1574150400,448,328,-120,776,47,0.6331855567115966,-0.298327983684127
144,1574164800,1337,710,-627,2047,47,-0.5390221942529093,1.402007743950516
144,1574179200,1230,406,-824,1636,47,-0.9944954229314255,0.8521745542905331
144,1574193600,1856,481,-1375,2337,47,-2.26843323512362,1.7899679021047619
144,1574208000,396,300,-96,696,47,0.6886746810176088,-0.4053514755887465
144,1574222400,39,49,10,88,47,0.9337516467024956,-1.218730014063855
144,1574236800,464,331,-133,795,47,0.6031289477125067,-0.27290990435677986
144,1574251200,1283,660,-623,1943,47,-0.529774006868574,1.2628772044745107
144,1574265600,1322,422,-900,1744,47,-1.1702109832337972,0.9966562683617696
144,1574280000,1871,506,-1365,2377,47,-2.245312766662782,1.8434796480570717
144,1574294400,406,295,-111,701,47,0.6539939783263512,-0.3986625073447078
144,1574308800,34,53,19,87,47,0.9545600683172502,-1.2200678077126628
144,1574323200,436,335,-101,771,47,0.6771144467871896,-0.3050169519281657
144,1574337600,1358,577,-781,1935,47,-0.8950774085498204,1.2521748552840486
144,1574352000,1320,412,-908,1732,47,-1.1887073580024679,0.9806027445760765
144,1574366400,1816,530,-1286,2346,47,-2.0626610658221587,1.8020080449440317
144,1574380800,387,342,-45,729,47,0.8065890701678845,-0.36120428517809094
144,1574395200,56,62,6,118,47,0.9245034593181602,-1.1785962045996228
144,1574409600,418,336,-82,754,47,0.7210433368627824,-0.32775944395789736
144,1574424000,1198,662,-536,1860,47,-0.3286259312592801,1.1518403316234678
144,1574438400,1372,365,-1007,1737,47,-1.4175999957647678,0.9872917128201153
144,1574452800,1649,483,-1166,2132,47,-1.785215444292098,1.5157202040991744
144,1574467200,421,264,-157,685,47,0.5476398234064946,-0.4200672057256317
144,1574481600,58,59,1,117,47,0.9129432250877411,-1.1799339982484305
144,1574496000,138,140,2,278,47,0.9152552719338248,-0.9645492207903836
144,1574510400,516,228,-288,744,47,0.2447616865695118,-0.3411373804459748
144,1574524800,751,253,-498,1004,47,-0.2407681511080942,0.0066889682440387215
144,1574539200,745,287,-458,1032,47,-0.1482862772647407,0.04414719041065556
144,1574553600,324,221,-103,545,47,0.6724903530950218,-0.607358316558716
144,1574568000,48,67,19,115,47,0.9545600683172502,-1.182609585546046
144,1574582400,104,99,-5,203,47,0.899070944011238,-1.0648837444509645
144,1574596800,388,152,-236,540,47,0.3649881225658714,-0.6140472848027546
144,1574611200,560,214,-346,774,47,0.11066296949664918,-0.30100357098174246
144,1574625600,542,291,-251,833,47,0.3303074198746138,-0.22207374570208555
144,1574640000,194,148,-46,342,47,0.8042770233218006,-0.878930427266688
144,1574654400,41,33,-8,74,47,0.8921348034729865,-1.2374591251471636
144,1574668800,413,317,-96,730,47,0.6886746810176088,-0.35986649152928324
144,1574679023,960,570,-390,1530,47,0.008932908268960307,0.7103684275169122
144,1574679520,36,11,-25,47,47,0.8528300070895612,-1.2735795536649726
144,1574683200,308,109,-199,417,47,0.4505338558709734,-0.7785959036061072
144,1574697600,1218,371,-847,1589,47,-1.0476725003913536,0.7892982527965692
144,1574712000,1748,541,-1207,2289,47,-1.8800093649815355,1.7257538069619902
144,1574726400,452,249,-203,701,48,0.24024423362109665,-0.036787258018469396
144,1574740800,33,37,4,70,48,0.908788223789428,-1.1628748342310204
144,1574755200,400,308,-92,708,48,0.5987388370446945,-0.024295002814843633
144,1574769600,1314,618,-696,1932,48,-1.3519885545575863,2.160065049933433
144,1574784000,1334,416,-918,1750,48,-2.068977761404782,1.8352664146391628
144,1574798400,1717,509,-1208,2226,48,-3.005585283862831,2.6847397684857146
144,1574812800,441,279,-162,720,48,0.3726611592099932,-0.002879708180056607
144,1574827200,45,50,5,95,48,0.9120179049013523,-1.118259637075214
144,1574841600,350,277,-73,627,48,0.6601027781712564,-0.16884824159965606
144,1574847583,558,302,-256,860,48,0.06907113468910842,0.24696539589245867
144,1574856000,537,296,-241,833,48,0.117516351367973,0.19878098296418786
144,1574863336,540,196,-344,736,48,-0.21514080316023051,0.025674017999659425
144,1574870400,686,161,-525,847,48,-0.7997130844185298,0.2237654933714394
144,1574884800,1232,329,-903,1561,48,-2.0205325447259175,1.4979755241412673
144,1574899200,343,162,-181,505,48,0.31129721808343136,-0.3865704037199908
144,1574913600,40,39,-1,79,48,0.8926398182298064,-1.1468133632549302
144,1574928000,116,81,-35,197,48,0.7828306604243801,-0.9362296326795244
144,1574942400,306,128,-178,434,48,0.3209862614192043,-0.5132775636424807
144,1574956800,429,163,-266,592,48,0.03677432356986536,-0.23130951761778487
144,1574971200,379,157,-222,536,48,0.17888029249453483,-0.331247559246791
144,1574985600,194,106,-88,300,48,0.6116575614923918,-0.7524150203976024
144,1575000000,28,34,6,62,48,0.9152475860132766,-1.1771516973208784
144,1575014400,171,198,27,369,48,0.983070889363687,-0.6292770762475771
144,1575028800,510,357,-153,867,48,0.40172828921731196,0.25945765109608443
144,1575043200,798,322,-476,1120,48,-0.6414587099342389,0.7109634463128442
144,1575057600,834,309,-525,1143,48,-0.7997130844185298,0.7520094276961861
144,1575072000,320,174,-146,494,48,0.4243360570007821,-0.4062010904685456
144,1575086400,36,59,23,95,48,0.9701521649159898,-1.118259637075214
144,1575100800,102,106,4,208,48,0.908788223789428,-0.9165989459309697
144,1575115200,395,176,-219,571,48,0.18856933583030774,-0.26878628322866216
144,1575129600,571,225,-346,796,48,-0.22160016538407912,0.13275049117359455
144,1575144000,580,205,-375,785,48,-0.315260917629884,0.11311980442503977
144,1575158400,254,200,-54,454,48,0.7214667192978182,-0.47758540591783566
144,1575172800,39,60,21,99,48,0.9636928026921412,-1.111121205530285
144,1575187200,113,87,-26,200,48,0.8118977904316989,-0.9308758090208277
144,1575201600,332,141,-191,473,48,0.2790004069641883,-0.44367785607942284
144,1575216000,517,183,-334,700,48,-0.18284399204098745,-0.03857186590470165
144,1575230400,459,226,-233,685,48,0.14335380026336747,-0.06534098419818543
144,1575244800,185,129,-56,314,48,0.7150073570739696,-0.727430509990351
144,1575259200,27,24,-3,51,48,0.8861804560059579,-1.1967823840694332
144,1575273600,393,280,-113,673,48,0.5309155336942841,-0.08675627883297245
144,1575288000,1168,635,-533,1803,48,-0.8255505333139244,1.9298506326094722
144,1575302400,1223,305,-918,1528,48,-2.068977761404782,1.4390834638956032
144,1575316800,1477,475,-1002,1952,48,-2.340270974806424,2.195757207658078
144,1575331200,355,269,-86,624,49,0.7576796894279579,-0.5596450634198441
144,1575345600,38,21,-17,59,49,0.9266619689386723,-1.3526927975027834
144,1575360000,427,318,-109,745,49,0.7013522629243865,-0.3898065221383651
144,1575374400,1254,699,-555,1953,49,-0.3909100075361727,1.3057716420602026
144,1575388800,1229,429,-800,1658,49,-0.9909195507263903,0.8917024711673405
144,1575403200,1672,483,-1189,2155,49,-1.9435877641998376,1.5893037522987046
144,1575417600,448,325,-123,773,49,0.667066003313517,-0.35050504151124595
144,1575432000,44,33,-11,77,49,0.9413560802004735,-1.3274275599567782
144,1575446400,409,320,-89,729,49,0.7503326337970573,-0.41226451106814743
144,1575460800,1152,669,-483,1821,49,-0.2145806723945578,1.1204932333894981
144,1575475200,1225,446,-779,1671,49,-0.9394901613100859,0.9099495871727886
144,1575489600,1760,513,-1247,2273,49,-2.085630839730583,1.7549314206558495
144,1575504000,468,292,-176,760,49,0.5372680205009392,-0.3687521575166941
144,1575518400,43,47,4,90,49,0.9780913583549766,-1.3091804439513302
144,1575532800,444,304,-140,748,49,0.6254326880717467,-0.3855956492140309
144,1575547200,1288,676,-612,1964,49,-0.5305040645232846,1.321211509449428
144,1575561600,1211,433,-778,1644,49,-0.9370411427664523,0.8720517308537808
144,1575576000,1788,522,-1266,2310,49,-2.1321621920596203,1.8068655200559711
144,1575590400,470,288,-182,758,49,0.522573909239138,-0.3715594061329169
144,1575604800,39,64,25,103,49,1.0295207477712809,-1.290933327945882
144,1575619200,375,280,-95,655,49,0.7356385225352561,-0.5161327098683908
144,1575633600,1229,601,-628,1830,49,-0.5696883612214212,1.1331258521625007
144,1575648000,1332,378,-954,1710,49,-1.3680684064459556,0.9646909351891331
144,1575662400,1689,393,-1296,2082,49,-2.2056327483686267,1.4868391778065726
144,1575676800,453,237,-216,690,49,0.4393072787555976,-0.4670058590844919
144,1575691200,68,98,30,166,49,1.0417658404894488,-1.202504996534864
144,1575705600,123,142,19,265,49,1.0148266365094798,-1.0635461900318357
144,1575720000,536,264,-272,800,49,0.3021622403121193,-0.31260718519223823
144,1575734400,686,275,-411,961,49,-0.03825133725294286,-0.0866236715863033
144,1575748800,727,276,-451,1003,49,-0.1362120789982845,-0.027671450645624616
144,1575763200,358,248,-110,606,49,0.6989032443807529,-0.5849103009658493
144,1575777600,59,97,38,156,49,1.061357988838517,-1.2165412396159778
144,1575792000,95,117,22,212,49,1.0221736921403803,-1.1379382783617398
144,1575806400,432,172,-260,604,49,0.3315504628357218,-0.587717549582072
144,1575820800,657,200,-457,857,49,-0.15090619026008573,-0.23260059962988858
144,1575835200,555,286,-269,841,49,0.30950929594301996,-0.25505858855967095
144,1575849600,224,149,-75,373,49,0.7846188934079269,-0.9119547647558047
144,1575864000,35,30,-5,65,49,0.9560501914622748,-1.344271051654115
144,1575878400,395,322,-73,717,49,0.789516930495194,-0.42910800276548416
144,1575892800,1186,592,-594,1778,49,-0.48642173073788086,1.0601373881407081
144,1575907200,1255,370,-885,1625,49,-1.1990861269352413,0.8453828689996643
144,1575921600,1547,496,-1051,2043,49,-1.605623205178409,1.4320978297902283
144,1575936000,440,256,-184,696,50,0.5419732732374615,-0.4586681315721857
144,1575950400,46,52,6,98,50,0.98738488193313,-1.2835219760922354
144,1575964800,418,278,-140,696,50,0.6451212247248794,-0.4586681315721857
144,1575979200,1322,602,-720,1924,50,-0.7145563176092667,1.2351788936295216
144,1575993600,1211,439,-772,1650,50,-0.8364584420943971,0.8572358277457529
144,1576008000,1838,417,-1421,2255,50,-2.3578907265338125,1.6917451520511544
144,1576022400,443,314,-129,757,50,0.6709082125967339,-0.3745275220141205
144,1576036800,43,23,-20,66,50,0.9264338196905648,-1.3276613122538434
144,1576051200,398,302,-96,700,50,0.7482691762122974,-0.4531507145519847
144,1576065600,1335,644,-691,1979,50,-0.6465724404925595,1.3110433776572852
144,1576080000,1270,389,-881,1659,50,-1.091984049188228,0.8696500160412052
144,1576094400,1765,470,-1295,2235,50,-2.062512501819843,1.6641580669501492
144,1576108800,460,294,-166,754,50,0.5841701624823142,-0.3786655847792712
144,1576123200,46,57,11,103,50,0.9991062400567002,-1.2766252048169842
144,1576137600,413,293,-120,706,50,0.6920066572191603,-0.4448745890216832
144,1576152000,1350,514,-836,1864,50,-0.9864918260760961,1.1524176383265066
144,1576166400,1265,383,-882,1648,50,-1.0943283208129422,0.8544771192356524
144,1576180800,1813,470,-1343,2283,50,-2.1750375398061172,1.7303670711925614
144,1576195200,468,341,-127,809,50,0.675596755846162,-0.30280110075150746
144,1576209600,37,58,21,95,50,1.0225489563038408,-1.287660038857386
144,1576224000,383,332,-51,715,50,0.8537613993244294,-0.432460400726231
144,1576238400,1184,652,-532,1836,50,-0.2738332521630263,1.1137957191850996
144,1576252800,1340,440,-900,1780,50,-1.136525210057795,1.0365518809022856
144,1576267200,1533,448,-1085,1981,50,-1.5702154606298935,1.3138020861673858
144,1576281600,459,288,-171,747,50,0.572448804358744,-0.38832106456462295
144,1576296000,57,80,23,137,50,1.0272374995532687,-1.2297271601452755
144,1576310400,115,106,-9,221,50,0.9522208075624193,-1.1138614027210545
144,1576324800,557,187,-370,744,50,0.10593875104064902,-0.3924591273297737
144,1576339200,756,303,-453,1059,50,-0.08863579381061673,0.04203746301105509
144,1576353600,701,235,-466,936,50,-0.11911132493189931,-0.12762311036012566
144,1576368000,340,266,-74,606,50,0.7998431519560064,-0.5828100145267082
144,1576382400,66,83,17,149,50,1.0131718698049845,-1.2131749090846726
144,1576396800,88,102,14,190,50,1.0061390549308424,-1.1566213846276123
144,1576411200,403,158,-245,561,50,0.39897270412990465,-0.6448809560039694
144,1576425600,636,216,-420,852,50,-0.011274830195053234,-0.2434888677843467
144,1576440000,560,259,-301,819,50,0.26769349314591817,-0.28900755820100493
144,1576454400,217,158,-59,375,50,0.8350072263267171,-0.901440847443316
144,1576468800,26,38,12,64,50,1.0014505116814143,-1.3304200207639438
144,1576483200,399,295,-104,694,50,0.7295150032145851,-0.46142684008228624
144,1576497600,1281,688,-593,1969,50,-0.41683382127058305,1.2972498351067827
144,1576512000,1180,410,-770,1590,50,-0.8317698988449691,0.774474572442738
144,1576526400,1656,540,-1116,2196,50,-1.6428878809960288,1.6103632510031896
144,1576540800,440,280,-160,720,51,0.5371210632223041,-0.3324665363147316
144,1576555200,32,35,3,67,51,0.9605585112669719,-1.295117214626369
144,1576569600,397,320,-77,717,51,0.752736450876951,-0.336889127486148
144,1576584000,1194,706,-488,1900,51,-0.31494938437678177,1.407085991109054
144,1576598400,1242,453,-789,1695,51,-1.0968798865942357,1.1048755943956
144,1576612800,1730,497,-1233,2227,51,-2.250292321758852,1.8891484287934421
144,1576627200,437,241,-196,678,51,0.44360113604679474,-0.39438281271456127
144,1576641600,37,47,10,84,51,0.9787429415510988,-1.2700558646550093
144,1576656000,396,320,-76,716,51,0.7553342266318261,-0.3383633245432868
144,1576670400,1223,633,-590,1856,51,-0.5799225113740585,1.342221320594947
144,1576684800,1283,427,-856,1710,51,-1.2709308621708781,1.126988550252682
144,1576699200,1683,443,-1240,2126,51,-2.2684767520429787,1.7402545260224231
144,1576713600,458,255,-203,713,51,0.4254167057626679,-0.34278591571470324
144,1576728000,39,47,8,86,51,0.9735473900413482,-1.2671074705407317
144,1576742400,392,284,-108,676,51,0.6722054024758178,-0.3973312068288389
144,1576756800,1260,643,-617,1903,51,-0.6500624567556906,1.4115085822804705
144,1576771200,1271,391,-880,1662,51,-1.3332774802878844,1.0562270915100194
144,1576785600,1621,450,-1171,2071,51,-2.0892302249565855,1.6591736878797891
144,1576800000,442,288,-154,730,51,0.5527077177515557,-0.31772456574334357
144,1576814400,42,49,7,91,51,0.970949614286473,-1.2597364852550377
144,1576828800,340,279,-61,619,51,0.7943008629549552,-0.48136043908575055
144,1576843200,1100,587,-513,1687,51,-0.3798937782486633,1.0930820179384895
144,1576857600,1177,401,-776,1578,51,-1.0631088017808572,0.93239453871036
144,1576872000,1453,388,-1065,1841,51,-1.813865994939808,1.3201083647378649
144,1576886400,430,270,-160,700,51,0.5371210632223041,-0.36195047745750764
144,1576900800,55,72,17,127,51,0.9969273718352255,-1.206665391198041
144,1576915200,126,123,-3,249,51,0.9449718567377203,-1.026813350227107
144,1576929600,463,197,-266,660,51,0.2617568332055264,-0.4209183597430597
144,1576944000,667,225,-442,892,51,-0.1954516996525197,-0.07890464248685775
144,1576958400,637,262,-375,899,51,-0.021400724075877165,-0.06858526308688613
144,1576972800,282,189,-93,471,51,0.7111720387989467,-0.6995416035422932
144,1576987200,46,50,4,96,51,0.9631562870218472,-1.2523654999693437
144,1577001600,90,94,4,184,51,0.9631562870218472,-1.1226361589411291
144,1577016000,356,127,-229,483,51,0.3578745361359111,-0.6818512388566276
144,1577030400,557,142,-415,699,51,-0.12531175427088764,-0.36342467451464644
144,1577044800,468,261,-207,729,51,0.41502560274316685,-0.31919876280048237
144,1577059200,188,130,-58,318,51,0.802094190219581,-0.9250937532845298
144,1577073600,27,36,9,63,51,0.9761451657962235,-1.3010140028549242
144,1577088000,252,263,11,515,51,0.9813407173059739,-0.634676933028186
144,1577102400,891,563,-328,1454,51,0.10069473640326015,0.7495941036251487
144,1577116800,1038,297,-741,1335,51,-0.9721866503602231,0.5741646538256313
144,1577131200,1296,389,-907,1685,51,-1.4034174256695164,1.0901336238242119
144,1577145600,336,226,-110,562,52,0.39653218687296954,-0.18975317042416087
144,1577160000,36,56,20,92,52,0.9307206251474363,-1.2217761995391732
144,1577174400,205,238,33,443,52,0.9841394689748829,-0.4510526182213661
144,1577188800,724,431,-293,1155,52,-0.3554407685441644,1.1123524812039292
144,1577203200,1013,337,-676,1350,52,-1.9292420905374008,1.5405322486027109
144,1577217600,767,270,-497,1037,52,-1.193705702451789,0.8532488270856919
144,1577232000,263,139,-124,402,52,0.33900420121264235,-0.5410801590590587
144,1577246400,33,42,9,75,52,0.8855200649857505,-1.2591046920816311
144,1577260800,89,91,2,180,52,0.856756072155587,-1.0285463557899794
144,1577275200,216,113,-103,329,52,0.4252961797031331,-0.7013730976237308
144,1577289600,335,154,-181,489,52,0.10478311673845309,-0.350046108988833
144,1577304000,308,146,-162,454,52,0.18285681156318284,-0.4268988877527169
144,1577318400,188,104,-84,292,52,0.5033698745278629,-0.7826174637455509
144,1577332800,40,21,-19,61,52,0.7704640936650962,-1.2898458035871845
144,1577347200,191,224,33,415,52,0.9841394689748829,-0.5125348412324732
144,1577361600,645,497,-148,1142,52,0.24038479722351003,1.0838071633773436
144,1577376000,788,301,-487,1089,52,-1.1526142841229838,0.9674300983920338
144,1577390400,986,392,-594,1378,52,-1.5922924602411987,1.6020144716138178
144,1577404800,229,167,-62,396,52,0.5937709948512342,-0.5542549211328673
144,1577419200,39,34,-5,73,52,0.8279920793254234,-1.2634962794395672
144,1577433600,199,263,64,462,52,1.1115228657941787,-0.409332538320972
144,1577448000,723,433,-290,1156,52,-0.3431133430455228,1.1145482748828972
144,1577462400,895,359,-536,1254,52,-1.353962233934129,1.329736055421772
144,1577476800,1011,265,-746,1276,52,-2.216882018839037,1.3780435163590705
