remote_unit_id,time_stamp,entries,exits,num_people_exited,sum_exit_entry,week_num,z_score_num_people_exited,z_score_sum_exit_entry
176,1546300800,0,0,0,0,1,0.4146352055561246,-1.2746854538268217
176,1546315200,214,137,-77,351,1,0.16895359053807643,-0.7543783057396858
176,1546329600,60,98,38,158,1,0.5358806779026938,-1.0404731193602477
176,1546344000,179,191,12,370,1,0.4529232494550412,-0.7262135313418066
176,1546358400,512,291,-221,803,1,-0.2905029362489227,-0.08435314637961307
176,1546372800,400,292,-108,692,1,0.07004281046587524,-0.24889472312511762
176,1546387200,262,130,-132,392,1,-0.006533277331957956,-0.693601687302157
176,1546401600,69,30,-39,99,1,0.29019906288464564,-1.1279321556483988
176,1546416000,238,422,184,660,1,1.0017185453395123,-0.29633013263733515
176,1546430400,1245,935,-310,2180,1,-0.5744725951658874,1.9568518191929978
176,1546444800,817,601,-216,1418,1,-0.2745495846243741,0.8272961301833177
176,1546459200,1464,631,-833,2095,1,-2.243193175093669,1.83085151267617
176,1546473600,536,181,-355,717,1,-0.7180527597868247,-0.21183580944369768
176,1546488000,87,36,-51,123,1,0.25191101898572904,-1.0923555985142357
176,1546502400,248,409,161,657,1,0.928333127866589,-0.30077720227910554
176,1546516800,744,1003,259,1747,1,1.241018819707741,1.3149914342308042
176,1546531200,814,537,-277,1351,1,-0.4691804744438668,0.7279782415171122
176,1546545600,1477,539,-938,2016,1,-2.578213559209189,1.7137453454428828
176,1546560000,495,213,-282,708,1,-0.4851338260684154,-0.22517701836900886
176,1546574400,97,35,-62,132,1,0.21681364541172218,-1.0790143895889246
176,1546588800,201,396,195,597,1,1.0368159189135193,-0.38971859511451346
176,1546603200,758,1035,277,1793,1,1.2984508855561159,1.383179835404617
176,1546617600,916,617,-299,1533,1,-0.5393752215918806,0.9977671331178495
176,1546632000,1484,592,-892,2076,1,-2.4314427242633423,1.8026867382782907
176,1546646400,534,252,-282,786,1,-0.4851338260684154,-0.10955320768297863
176,1546660800,161,41,-120,202,1,0.03175476656695864,-0.9752494312809487
176,1546675200,78,165,87,243,1,0.6922235238232699,-0.91447281284342
176,1546689600,270,342,72,612,1,0.6443634689496242,-0.3674832469056615
176,1546704000,447,408,-39,855,1,0.29019906288464564,-0.007270605922259565
176,1546718400,480,468,-12,948,1,0.376347161657208,0.13058855297262265
176,1546732800,331,235,-96,566,1,0.10833085436479183,-0.43567164807947417
176,1546747200,120,44,-76,164,1,0.17214426086298615,-1.031578980076707
176,1546761600,80,107,27,187,1,0.5007833043286869,-0.9974847794898006
176,1546776000,207,276,69,483,1,0.634791457974895,-0.5587072415017884
176,1546790400,380,418,38,798,1,0.5358806779026938,-0.09176492911589705
176,1546804800,410,365,-45,775,1,0.27105504093518734,-0.1258591297028034
176,1546819200,306,135,-171,441,1,-0.1309694200034369,-0.6209662164865739
176,1546833600,53,25,-28,78,1,0.3252964364586525,-1.1590616431407916
176,1546848000,238,416,178,654,1,0.982574523390054,-0.305224271920876
176,1546862400,768,977,209,1745,1,1.0814853034622554,1.3120267211362906
176,1546876800,806,669,-137,1475,1,-0.022486628956506535,0.9117904533769552
176,1546891200,1801,635,-1166,2436,1,-3.3056863932886045,2.336335095290738
176,1546905600,472,162,-310,634,2,-0.3607213537377701,-0.5275828758455303
176,1546920000,87,32,-55,119,2,0.2941906141434839,-1.250248799760344
176,1546934400,273,430,157,703,2,0.8386664462643696,-0.43075967438898255
176,1546948800,726,931,205,1657,2,0.9619439931596645,0.9079263283580703
176,1546963200,834,661,-173,1495,2,-0.008866688640782645,0.6806022901557406
176,1546977600,1548,622,-926,2170,2,-1.9427832055607208,1.6277857826654478
176,1546992000,2091,521,-1570,2612,2,-3.5967569597392606,2.248015565908841
176,1547006400,93,20,-73,113,2,0.24796153405774835,-1.2586682085826524
176,1547020800,256,437,181,693,2,0.900305219712017,-0.4447920224261634
176,1547035200,781,898,117,1679,2,0.7359351571849572,0.9387974940398681
176,1547049600,896,671,-225,1567,2,-0.14241736444401876,0.7816351960234427
176,1547064000,1515,607,-908,2122,2,-1.8965541254749854,1.5604305120869797
176,1547078400,554,197,-357,751,2,-0.48143061840607965,-0.3634044038105145
176,1547092800,76,28,-48,104,2,0.3121685897323811,-1.2712973218161152
176,1547107200,236,452,216,688,2,0.9901950976565028,-0.4518081964447538
176,1547121600,778,951,173,1729,2,0.8797589618961346,1.0089592342257723
176,1547136000,851,653,-198,1504,2,-0.07307374431541538,0.6932314033892033
176,1547150400,1566,662,-904,2228,2,-1.8862809965670442,1.7091734012810968
176,1547164800,571,234,-337,805,2,-0.43006497386637343,-0.2876297244097379
176,1547179200,104,32,-72,136,2,0.25052981628473364,-1.2263938080971366
176,1547193600,225,407,182,632,2,0.9028735019390023,-0.5303893454529666
176,1547208000,692,886,194,1578,2,0.9336928886628261,0.7970707788643415
176,1547222400,818,635,-183,1453,2,-0.034549510910635746,0.621666428399581
176,1547236800,1651,682,-969,2333,2,-2.053219341321089,1.8565130556714957
176,1547251200,417,276,-141,693,2,0.07331834262274727,-0.4447920224261634
176,1547265600,131,58,-73,189,2,0.24796153405774835,-1.1520223635000781
176,1547280000,76,177,101,253,2,0.6948426415531922,-1.0622153360621207
176,1547294400,337,419,82,756,2,0.6460452792404714,-0.356388229791924
176,1547308800,583,443,-140,1026,2,0.07588662484973258,0.022485167211958826
176,1547323200,571,393,-178,964,2,-0.021708099775709193,-0.06451539061856243
176,1547337600,295,242,-53,537,2,0.2993271785974545,-0.6636966518061845
176,1547352000,113,39,-74,152,2,0.24539325183076302,-1.203942051237647
176,1547366400,60,101,41,161,2,0.5407457079340736,-1.1913129380041845
176,1547380800,254,283,29,537,2,0.5099263212102499,-0.6636966518061845
176,1547395200,410,376,-34,786,2,0.3481245409101754,-0.3142911856803815
176,1547409600,424,301,-123,725,2,0.11954742270848284,-0.3998885087071847
176,1547424000,228,151,-77,379,2,0.2376884051498071,-0.885407750793642
176,1547438400,44,34,-10,78,2,0.40976331435782287,-1.3077814267127854
176,1547452800,197,436,239,633,2,1.049265588877165,-0.5289861106492485
176,1547467200,754,917,163,1671,2,0.8540761396262815,0.9275716156101235
176,1547481600,786,611,-175,1397,2,-0.014003253094753264,0.5430852793913682
176,1547496000,1396,581,-815,1977,2,-1.6577038783653515,1.3569614655478575
176,1547510400,313,192,-121,505,3,-0.4388740479889574,-0.3112589162604047
176,1547524800,57,23,-34,80,3,-0.04324883144864726,-1.0896010359776784
176,1547539200,199,388,189,587,3,0.9708249994535272,-0.16108467198554247
176,1547539766,24,20,-4,44,3,0.09317365701352866,-1.1555311920007887
176,1547553600,596,898,302,1494,3,1.484683039327723,1.4999889811522629
176,1547568000,643,573,-70,1216,3,-0.20695581760325837,0.9908616651960227
176,1547582400,1271,655,-616,1926,3,-2.68984510761486,2.2911508534295857
176,1547596800,343,212,-131,555,3,-0.4843482108096827,-0.21968925511719603
176,1547611200,60,34,-26,94,3,-0.006869501192067014,-1.06396153085758
176,1547624994,141,122,-19,263,3,0.024962412782440702,-0.7544560761935347
176,1547625600,177,393,216,570,3,1.0936052390694855,-0.1922183567742334
176,1547640000,536,930,394,1466,3,1.903045337278396,1.448709970912066
176,1547654400,632,574,-58,1206,3,-0.152386822218388,0.972547732967381
176,1547668800,1182,623,-559,1805,3,-2.430642379536726,2.069552273463021
176,1547683200,327,202,-125,529,3,-0.4570637131172475,-0.2673054789116645
176,1547697600,74,36,-38,110,3,-0.06143849657693738,-1.0346592392917533
176,1547712000,166,391,225,557,3,1.1345319856081382,-0.21602646867146766
176,1547719177,298,354,56,652,3,0.36601863393788053,-0.042044112499371185
176,1547726400,593,910,317,1503,3,1.552894283558811,1.5164715201580405
176,1547740800,690,625,-65,1315,3,-0.18421873619289572,1.1721695942595758
176,1547755200,1191,634,-557,1825,3,-2.421547546972581,2.1061801379203042
176,1547769600,342,212,-130,554,3,-0.47980079452761015,-0.2215206483400602
176,1547784000,54,32,-22,86,3,0.011320163936223109,-1.0786126766404933
176,1547797214,111,69,-42,180,3,-0.0796281617052275,-0.906461713691261
176,1547797916,28,25,-3,53,3,0.09772107329560119,-1.1390486529950112
176,1547798400,150,408,258,558,3,1.2845967229165318,-0.2141950754486035
176,1547812800,564,870,306,1434,3,1.5028727044560133,1.3901053877804126
176,1547827200,665,591,-74,1256,3,-0.2251454827315485,1.0641173941105897
176,1547841600,1127,556,-571,1683,3,-2.485211374921596,1.8461223002735918
176,1547856000,354,217,-137,571,3,-0.511632708502118,-0.19038696355136925
176,1547870400,103,45,-58,148,3,-0.152386822218388,-0.9650662968229147
176,1547884800,64,74,10,138,3,0.1568374849625441,-0.9833802290515564
176,1547899200,229,239,10,468,3,0.1568374849625441,-0.37902046550637913
176,1547913600,406,278,-128,684,3,-0.4707059619634651,0.016560470632282366
176,1547928000,359,304,-55,663,3,-0.13874457337217042,-0.021898787047865277
176,1547942400,235,157,-78,392,3,-0.24333514785983862,-0.5182063504440563
176,1547956800,72,43,-29,115,3,-0.020511750038284607,-1.0255022731774324
176,1547971200,34,49,15,83,3,0.17957456637290675,-1.0841068563090859
176,1547985600,145,158,13,303,3,0.1704797338087617,-0.6812003472789677
176,1548000000,253,278,25,531,3,0.22504872919363206,-0.2636426924659362
176,1548014400,277,253,-24,530,3,0.0022253313720780477,-0.2654740856888004
176,1548028800,167,112,-55,279,3,-0.13874457337217042,-0.725153784627708
176,1548043200,48,22,-26,70,3,-0.006869501192067014,-1.10791496820632
176,1548057600,59,214,155,273,3,0.8162128458630611,-0.736142143964893
176,1548072000,219,573,354,792,3,1.7211486859954948,0.21435093870161312
176,1548086400,360,408,48,768,3,0.3296393036813003,0.17039750135287293
176,1548100800,499,310,-189,809,3,-0.7480983551698895,0.24548462349030406
176,1548115200,186,123,-63,309,4,-0.21313846276796514,-0.744704651219272
176,1548129600,35,15,-20,50,4,-0.04193758046991095,-1.1918497086588997
176,1548144000,153,391,238,544,4,0.9852677133184142,-0.33899388481652093
176,1548158400,558,874,316,1432,4,1.2958181509753497,1.194074883547917
176,1548172800,609,570,-39,1179,4,-0.11758448195044652,0.7572883988675083
176,1548187200,1227,619,-608,1846,4,-2.383010110499117,1.9088164039340398
176,1548201600,344,180,-164,524,4,-0.6152614653750227,-0.37352246068058487
176,1548216000,51,13,-38,64,4,-0.11360306608304992,-1.1676797055540549
176,1548230400,167,360,193,527,4,0.8061039992855669,-0.36834317430097524
176,1548244800,542,934,392,1476,4,1.598405756897492,1.2700377504488576
176,1548259200,624,646,22,1270,4,0.12528188596074666,0.9143934190489992
176,1548273600,1187,606,-581,1793,4,-2.2755118820794085,1.8173156778942705
176,1548288000,374,195,-179,569,4,-0.6749827033859719,-0.295833164986441
176,1548302400,54,27,-27,81,4,-0.06980749154168721,-1.1383304160696006
176,1548316800,153,362,209,515,4,0.8698066531639126,-0.3890603198194136
176,1548331200,555,930,375,1485,4,1.5307216871517497,1.2855756095876862
176,1548345600,606,633,27,1239,4,0.1451889652977297,0.8608741264597001
176,1548360000,1257,643,-614,1900,4,-2.4068986057034967,2.0020435587670127
176,1548374400,372,211,-161,583,4,-0.6033172177728329,-0.2716631618815963
176,1548388800,56,29,-27,85,4,-0.06980749154168721,-1.1314247008967877
176,1548403200,157,419,262,576,4,1.0808216941359328,-0.28374816343401865
176,1548407700,178,185,7,363,4,0.0655606479497975,-0.6514774963862994
176,1548408340,26,38,12,64,4,0.08546772728678055,-1.1676797055540549
176,1548417600,502,875,373,1377,4,1.5227588554169564,1.099121299921741
176,1548432000,575,643,68,1218,4,0.3084270158609907,0.824619121802433
176,1548446400,1076,678,-398,1754,4,-1.5469127783458294,1.7499849549593458
176,1548460800,357,223,-134,580,4,-0.4958189893531244,-0.2768424482612059
176,1548475200,91,47,-44,138,4,-0.13749156128742956,-1.0399239748570184
176,1548489600,63,105,42,168,4,0.20491020330867885,-0.9881311110609226
176,1548495957,53,79,26,132,4,0.1412075494303331,-1.0502825476162376
176,1548504000,193,335,142,528,4,0.6030517900483398,-0.36661674550777207
176,1548518400,370,382,12,752,4,0.08546772728678055,0.020103304169743784
176,1548532800,346,398,52,744,4,0.24472436198264494,0.006291873824118217
176,1548547200,197,203,6,400,4,0.06157923208240089,-0.5875996310377811
176,1548561600,73,56,-17,129,4,-0.02999333286772112,-1.0554618339958473
176,1548576000,53,99,46,152,4,0.22083586677826528,-1.0157539717521737
176,1548590400,132,226,94,358,4,0.4119438284133025,-0.6601096403523153
176,1548604800,272,410,138,682,4,0.5871261265787533,-0.10074671135447992
176,1548619200,260,278,18,538,4,0.10935622249116021,-0.3493524575757401
176,1548633600,151,104,-47,255,4,-0.1494358088896194,-0.8379318060522445
176,1548648000,51,26,-25,77,4,-0.061844659806894,-1.1452361312424133
176,1548662400,150,411,261,561,4,1.0768402782685362,-0.3096445953320666
176,1548676800,560,762,202,1322,4,0.8419367420921363,1.0041677162955653
176,1548691200,560,544,-16,1104,4,-0.026011917000324514,0.6278062393772686
176,1548705600,1315,558,-757,1873,4,-2.976241074741212,1.9554299813505263
176,1548720000,349,187,-162,536,5,-0.4593850329887002,-0.4850818637937651
176,1548734400,62,23,-39,85,5,-0.008980197076833566,-1.2659453518520212
176,1548748800,160,390,230,550,5,0.9760515172344845,-0.4608421989759922
176,1548763200,552,946,394,1498,5,1.5765912984503068,1.1805293901132026
176,1548777600,632,610,-22,1242,5,0.053270877805294346,0.7372898048739263
176,1548792000,1217,637,-580,1854,5,-1.9900291095021982,1.7969094383365711
176,1548806400,345,239,-106,584,5,-0.25432266867110237,-0.40197444156140083
176,1548820800,66,21,-45,87,5,-0.030951164682290474,-1.2624825425923394
176,1548835200,166,362,196,528,5,0.8515493674702287,-0.4989331008324925
176,1548849600,535,941,406,1476,5,1.6205332336612206,1.1424384882567022
176,1548864000,659,554,-105,1213,5,-0.25066084073685957,0.6870790706085396
176,1548878400,1157,644,-513,1801,5,-1.7446866379079295,1.705144992955002
176,1548892800,353,201,-152,554,5,-0.42276675364627203,-0.4539165804566285
176,1548907200,64,20,-44,84,5,-0.027289336748047656,-1.267676756481862
176,1548921600,171,354,183,525,5,0.803945604325072,-0.5041273147220152
176,1548936000,694,842,148,1536,5,0.6757816266265734,1.2463227660471576
176,1548950400,595,527,-68,1122,5,-0.1151732071698753,0.5295212492930156
176,1548964800,1350,639,-711,1989,5,-2.4697285688880073,2.0306490633650958
176,1548979200,490,193,-297,683,5,-0.9537318041114807,-0.23056538320714948
176,1548993600,72,24,-48,96,5,-0.04193664848501893,-1.2468999009237711
176,1549008000,197,389,192,586,5,0.8369020557332574,-0.398511632301719
176,1549022400,544,745,201,1289,5,0.8698585071414427,0.8186658224764497
176,1549036800,639,574,-65,1213,5,-0.10418772336714684,0.6870790706085396
176,1549051200,1428,565,-863,1993,5,-3.026326414892916,2.0375746818844593
176,1549065600,388,221,-167,609,5,-0.4776941726599144,-0.35868932581537777
176,1549080000,72,40,-32,112,5,0.016652598462866163,-1.2191974268463164
176,1549094400,73,149,76,222,5,0.41213001536109056,-1.0287429175638148
176,1549108800,219,381,162,600,5,0.7270472177059728,-0.37427196748394603
176,1549123200,397,427,30,824,5,0.2436859303859209,0.013562669600420626
176,1549137600,381,421,40,802,5,0.2803042097283491,-0.024528232256079672
176,1549152000,260,195,-65,455,5,-0.10418772336714684,-0.6253256388108799
176,1549166400,77,50,-27,127,5,0.03496173813408025,-1.1932263573987025
176,1549180800,47,83,36,130,5,0.2656568979913778,-1.1880321435091796
176,1549195200,177,280,103,457,5,0.5109993695856466,-0.621862829551198
176,1549209600,296,392,96,688,5,0.48536657404594685,-0.22190836005794487
176,1549224000,309,416,107,725,5,0.5256466813226178,-0.15784638875383072
176,1549238400,253,164,-89,417,5,-0.19207159378897448,-0.691119014744835
176,1549252800,43,35,-8,78,5,0.1045364688846938,-1.2780651842609076
176,1549267200,167,357,190,524,5,0.8295783998647718,-0.5058587193518562
176,1549281600,530,982,452,1512,5,1.7889773186363902,1.2047690549309755
176,1549296000,619,565,-54,1184,5,-0.06390761609047584,0.6368683363431528
176,1549310400,1102,587,-515,1689,5,-1.752010293776415,1.5112276744128188
176,1549324800,319,228,-91,547,6,-0.33955249869658105,-0.49489751942253435
176,1549339200,63,27,-36,90,6,-0.11646766593517544,-1.3299065724988461
176,1549353600,158,387,229,545,6,0.9583956191879609,-0.49855182600054887
176,1549368000,525,873,348,1398,6,1.441070075526275,1.0600099295226328
176,1549382400,624,613,-11,1237,6,-0.015065469225445579,0.765838249992466
176,1549396800,1115,569,-546,1684,6,-2.185072478813664,1.5825757701787053
176,1549411200,376,192,-184,568,6,-0.7167686704567762,-0.4565273003533822
176,1549425600,62,21,-41,83,6,-0.1367481052771214,-1.342696645521897
176,1549440000,167,352,185,519,6,0.7799277529788364,-0.5460578115147373
176,1549454400,540,947,407,1487,6,1.6803792597612375,1.2226265722442777
176,1549468800,666,548,-118,1214,6,-0.4490668711430893,0.7238137243452993
176,1549483200,1138,617,-521,1755,6,-2.083670282103934,1.71230365369822
176,1549497600,387,213,-174,600,6,-0.6762077917728843,-0.3980583951051503
176,1549512000,36,23,-13,59,6,-0.023177644962223964,-1.3865483244580707
176,1549526400,165,419,254,584,6,1.0597978158976908,-0.42729284772926623
176,1549540800,542,867,325,1409,6,1.3477800545533236,1.0801086157017123
176,1549555200,682,635,-47,1317,6,-0.16108463248745655,0.9120105131130457
176,1549569600,1120,694,-426,1814,6,-1.698341934606961,1.8201056977496475
176,1549584000,400,244,-156,644,6,-0.6031982101418787,-0.31766365038883143
176,1549598400,222,64,-158,286,6,-0.6113103858786572,-0.9717845278534258
176,1549612800,174,410,236,584,6,0.9867882342666853,-0.42729284772926623
176,1549627200,565,925,360,1490,6,1.4897431299469452,1.2281080321112994
176,1549641600,669,617,-52,1286,6,-0.18136507182940254,0.8553687611538211
176,1549656000,1075,612,-463,1687,6,-1.8484171857373612,1.5880572300457272
176,1549670400,369,217,-152,586,6,-0.586973858668322,-0.4236385411512517
176,1549684800,99,50,-49,149,6,-0.16919680822423494,-1.2221045284474186
176,1549699200,79,139,60,218,6,0.2729167694301872,-1.0960309515059186
176,1549713600,240,398,158,638,6,0.6704133805323281,-0.3286265701228749
176,1549728000,360,481,121,841,6,0.520338129401928,0.04228554754559623
176,1549742400,410,459,49,869,6,0.22829980287790605,0.09344583963779914
176,1549756800,239,237,-2,476,6,0.021439321590057167,-0.6246254029420489
176,1549771200,76,64,-12,140,6,-0.01912155709383477,-1.238548908048484
176,1549785600,43,100,57,143,6,0.2607485058250196,-1.233067448181462
176,1549800000,195,317,122,512,6,0.5243942172703172,-0.558847884537788
176,1549814400,301,476,175,777,6,0.7393668742949444,-0.07465226295086758
176,1549828800,308,379,71,687,6,0.31753373598246837,-0.2390960589615198
176,1549843200,189,131,-58,320,6,-0.2057015990397377,-0.9096613160271794
176,1549857600,37,23,-14,60,6,-0.027233732830613158,-1.3847211711690637
176,1549872000,175,397,222,572,6,0.9300030041092365,-0.4492186871973532
176,1549886400,540,928,388,1468,6,1.6033135902618427,1.18791065975314
176,1549900800,702,560,-142,1262,6,-0.5464129799844301,0.8115170822176472
176,1549915200,1176,569,-607,1745,6,-2.432493838785405,1.6940321208081475
176,1549929600,402,166,-236,568,7,-1.148617626349428,-0.010249671709792865
176,1549944000,292,184,-108,476,7,-0.4984768814428783,-0.17821616685402206
176,1549958400,162,443,281,605,7,1.4773414761246833,0.05730207090256018
176,1549972800,531,922,391,1453,7,2.0360561787787494,1.6055149826667598
176,1549987200,596,598,2,1194,7,0.060237821211188,1.1326527843802885
176,1550001600,1166,628,-538,1794,7,-2.682543446363319,2.2280864483643916
176,1550016000,318,201,-117,519,7,-0.54418990256912,-0.09971008760182798
176,1550030400,83,57,-26,140,7,-0.08198046673711977,-0.79165901868512
176,1550044800,153,363,210,516,7,1.1167165316843315,-0.1051872559217485
176,1550046872,79,105,26,184,7,0.18213921088116608,-0.7113272166596191
176,1550059200,547,913,366,1460,7,1.909075564539189,1.6182950420799076
176,1550073600,616,643,27,1259,7,0.1872184354507485,1.251324764645233
176,1550088000,1156,698,-458,1854,7,-2.2762054807967256,2.3376298147628023
176,1550102400,399,245,-154,644,7,-0.7321212116436696,0.1285052590615269
176,1550116800,58,25,-33,83,7,-0.11753503872419672,-0.8957252167636098
176,1550131200,167,430,263,597,7,1.3859154338721997,0.04269628871610547
176,1550145600,567,910,343,1477,7,1.7922533994387935,1.649332329226124
176,1550160000,621,610,-11,1231,7,-0.0057920981933834645,1.2002045269926416
176,1550174400,1218,621,-597,1839,7,-2.982217695968682,2.3102439731631996
176,1550177152,62,76,14,138,7,0.12118851604617706,-0.7953104642317337
176,1550177232,2,0,-2,2,7,0.03992092293285832,-1.0436087614014637
176,1550177313,2,0,-2,2,7,0.03992092293285832,-1.0436087614014637
176,1550177393,4,7,3,11,7,0.06531704578077042,-1.0271772564417023
176,1550177474,1,4,3,5,7,0.06531704578077042,-1.0381315930815433
176,1550177554,6,0,-6,6,7,0.01960402465452864,-1.0363058703082364
176,1550177636,5,1,-4,6,7,0.02976247379369348,-1.0363058703082364
176,1550177716,4,0,-4,4,7,0.02976247379369348,-1.03995731585485
176,1550177797,2,0,-2,2,7,0.03992092293285832,-1.0436087614014637
176,1550177877,3,1,-2,4,7,0.03992092293285832,-1.03995731585485
176,1550177958,2,8,6,10,7,0.08055471948951769,-1.029002979215009
176,1550178038,3,1,-2,4,7,0.03992092293285832,-1.03995731585485
176,1550188800,325,182,-143,507,7,-0.676249741378263,-0.12161876088151005
176,1550203200,69,33,-36,102,7,-0.13277271243294397,-0.8610364840707799
176,1550217600,163,378,215,541,7,1.1421126545322435,-0.05954418658907752
176,1550232000,513,856,343,1369,7,1.7922533994387935,1.4521542697089853
176,1550245983,628,409,-219,1037,7,-1.062270808666527,0.8460143089711147
176,1550246048,4,0,-4,4,7,0.02976247379369348,-1.03995731585485
176,1550246400,579,521,-58,1100,7,-0.24451565296375727,0.9610348436894456
176,1550260800,1095,564,-531,1659,7,-2.6469888743762424,1.9816138739679685
176,1550275200,353,210,-143,563,7,-0.676249741378263,-0.01937828557632706
176,1550289600,87,37,-50,124,7,-0.20388185640709788,-0.8208705830580295
176,1550304000,54,118,64,172,7,0.3751497445252981,-0.7332358899393012
176,1550318400,184,341,157,525,7,0.8475176294964631,-0.08875575096198696
176,1550332800,391,340,-51,731,7,-0.2089610809766803,0.2873431403392219
176,1550347200,377,385,8,762,7,0.09071316862868253,0.34394054631173393
176,1550361600,223,204,-19,427,7,-0.04642589475004283,-0.2676765827460572
176,1550376000,75,36,-39,111,7,-0.14801038614169124,-0.8446049791110184
176,1550390400,49,84,35,133,7,0.22785223200740787,-0.8044390780982679
176,1550404800,169,252,83,421,7,0.47165501134736404,-0.27863091938589823
176,1550419200,297,414,117,711,7,0.6443486467131664,0.25082868487308513
176,1550433600,301,295,-6,596,7,0.01960402465452864,0.040870565942798635
176,1550448000,202,143,-59,345,7,-0.24959487753333967,-0.417385850157218
176,1550462400,45,24,-21,69,7,-0.05658434388920767,-0.9212853355899057
176,1550476800,66,162,96,228,7,0.5376849307519356,-0.6309954146341182
176,1550491200,240,392,152,632,7,0.8221215066485511,0.10659658578184485
176,1550505600,396,446,50,842,7,0.3040406005511442,0.48999836817628106
176,1550520000,517,381,-136,898,7,-0.6406951693911861,0.592238843481464
176,1550534400,241,149,-92,390,8,-0.1828959347599896,-0.9303419654853576
176,1550548800,43,26,-17,69,8,0.07053954065800985,-1.4598059901658036
176,1550563200,136,395,259,531,8,1.0031820901962478,-0.6977736555789936
176,1550577600,566,914,348,1480,8,1.303925521025607,0.867526529535471
176,1550592000,584,609,25,1193,8,0.21246340689208953,0.39414280653457395
176,1550606400,1086,698,-388,1784,8,-1.1831212777430273,1.3689504033761426
176,1550620800,344,228,-116,572,8,-0.2639952868937494,-0.6301474094360083
176,1550635200,61,34,-27,95,8,0.03674814393560992,-1.4169210535873251
176,1550649600,146,409,263,555,8,1.016698648885208,-0.6581875602757827
176,1550664000,560,913,353,1473,8,1.3208212193868072,0.8559805850720346
176,1550678400,651,448,-203,1099,8,-0.5579804383786288,0.2390972665969979
176,1550692800,1160,558,-602,1718,8,-1.9062571676023858,1.2600886412923125
176,1550707200,363,224,-139,587,8,-0.34171549935526924,-0.6054060998715015
176,1550721600,49,21,-28,70,8,0.03336900426336993,-1.4581565695281697
176,1550736000,161,428,267,589,8,1.0302152075741677,-0.6021072585962339
176,1550750400,814,902,88,1716,8,0.4253492062432091,1.256789800017045
176,1550764800,613,623,10,1236,8,0.16177631180848964,0.4650678939528268
176,1550779200,1166,603,-563,1769,8,-1.774470720385026,1.3442090938116358
176,1550793600,391,258,-133,649,8,-0.3214406613218293,-0.5031420203382067
176,1550808000,64,28,-36,92,8,0.0063358868854499865,-1.4218693155002264
176,1550822400,133,438,305,571,8,1.1586225151192875,-0.6317968300736421
176,1550836800,617,845,228,1462,8,0.8984287603568081,0.8378369580580629
176,1550851200,630,689,59,1319,8,0.3273541557482493,0.6019698068764312
176,1550865600,1324,554,-770,1878,8,-2.4739526325387047,1.5239959433137187
176,1551484800,8636,8216,-420,16852,9,-2.055162717789571,4.096455428468884
176,1551499200,91,41,-50,132,9,-0.17062689230718867,-0.35255318451290063
176,1551513600,75,81,6,156,9,0.11460015154960433,-0.346167047747855
176,1551528000,216,317,101,533,9,0.5984674580923781,-0.24585148273026333
176,1551542400,334,366,32,700,9,0.2470269933402582,-0.20141461440682087
176,1551556800,371,368,-3,739,9,0.0687600909297626,-0.19103714216362172
176,1551571200,286,182,-104,468,9,-0.4456672560262391,-0.2631472698022619
176,1551585600,87,49,-38,136,9,-0.10950681148073303,-0.351488828385393
176,1551600000,46,74,28,120,9,0.226653633064773,-0.35574625289542344
176,1551614400,180,224,44,404,9,0.3081470741667139,-0.28017696784238355
176,1551628800,292,368,76,660,9,0.4711339563705956,-0.21205817568189692
176,1551643200,290,294,4,584,9,0.10441347141186172,-0.2322809421045414
176,1551657600,149,109,-40,258,9,-0.11969349161847563,-0.31902596649641113
176,1551672000,31,15,-16,46,9,0.002546670034435652,-0.37543684125431415
176,1551686400,133,300,167,433,9,0.9346279026378842,-0.2724603859179534
176,1551700800,445,818,373,1263,9,1.9838559568253726,-0.0516064894601256
176,1551715200,448,547,99,995,9,0.5882807779546355,-0.12291835000313507
176,1551729600,1151,595,-556,1746,9,-2.747856967156068,0.07691451293641757
176,1551744000,305,200,-105,505,10,-0.17714346171979486,-0.48227932966323733
176,1551758400,56,22,-34,78,10,0.08060976343746604,-1.0191676419055138
176,1551772800,165,418,253,583,10,1.1225136454111826,-0.3842060548274116
176,1551787200,542,842,300,1384,10,1.2931390198110595,0.6229310367558754
176,1551801600,599,589,-10,1188,10,0.16773761419485,0.3764904999889287
176,1551816000,1311,604,-707,1915,10,-2.3626003848841757,1.2905837154459194
176,1551830400,397,203,-194,600,10,-0.5002425749450938,-0.3628311103119112
176,1551844800,65,19,-46,84,10,0.037045838058774046,-1.0116235438412196
176,1551859200,178,380,202,558,10,0.9373669625517417,-0.41563979676197116
176,1551862886,170,282,112,452,10,0.6106375222115518,-0.5489188625645035
176,1551863543,42,65,23,107,10,0.28753840898625294,-0.9827045012614248
176,1551873600,582,735,153,1317,10,0.7594809339220827,0.5386886083712559
176,1551888000,651,588,-63,1239,10,-0.024669722894372928,0.44061533353543014
176,1551902400,1337,619,-718,1956,10,-2.402533983147977,1.3421350522185969
176,1551916800,355,234,-121,589,10,-0.23522869555805084,-0.37666195676311737
176,1551931200,64,16,-48,80,10,0.029785183828992052,-1.0166529425507491
176,1551945600,160,409,249,569,10,1.1079923369516185,-0.40180895031076497
176,1551960000,606,924,318,1530,10,1.3584849078790975,0.8065040896537029
176,1551974400,765,616,-149,1381,10,-0.3368778547749988,0.6191589877237282
176,1551988800,1585,703,-882,2288,10,-2.9979076299901006,1.7595751451095474
176,1552003200,401,268,-133,669,10,-0.27879262093674284,-0.2760739825725269
176,1552017600,68,125,57,193,10,0.4109695308925469,-0.8745724290065401
176,1552032000,147,383,236,530,10,1.0607980844580356,-0.45084558772867783
176,1552046400,600,843,243,1443,10,1.0862103742622726,0.6971146677214358
176,1552060800,654,643,-11,1297,10,0.164107287079959,0.5135416148236082
176,1552075200,1334,702,-632,2036,10,-2.090325851267351,1.4427230264091875
176,1552089600,2438,1885,-553,4323,10,-1.8035300091909623,4.318281738582692
176,1552104000,122,66,-56,188,10,0.0007425669098640632,-0.880859177393452
176,1552118400,88,105,17,193,10,0.265756446296907,-0.8745724290065401
176,1552132800,241,279,38,520,10,0.34199331570961794,-0.46341908450250163
176,1552147200,393,321,-72,714,10,-0.05734266692839191,-0.21949324709031975
176,1552161600,422,348,-74,770,10,-0.06460332115817391,-0.14908166515690643
176,1552176000,273,254,-19,527,10,0.135064670160831,-0.45461763676082495
176,1552194000,109,75,-34,184,10,0.08060976343746604,-0.8858885761029816
176,1552208400,61,82,21,143,10,0.28027775475647093,-0.9374399128756592
176,1552222800,195,217,22,412,10,0.28390808187136196,-0.5992128496597987
176,1552237200,318,281,-37,599,10,0.06971878209279303,-0.3640884599892935
176,1552251600,268,286,18,554,10,0.26938677341179795,-0.42066919547150067
176,1552266000,166,105,-61,271,10,-0.01740906866459093,-0.7764991541707145
176,1552280400,27,21,-6,48,10,0.18225892265441399,-1.0568881322269854
176,1552294800,303,586,283,889,10,1.2314234588579125,0.0005429464515968722
176,1552309200,448,724,276,1172,10,1.2060111690536754,0.3563729051508106
176,1552323600,740,606,-134,1346,10,-0.2824229480516338,0.5751517490153448
176,1552338000,1034,639,-395,1673,10,-1.2299383250381846,0.9863050935193833
176,1552352400,274,126,-148,400,11,-0.6225504615471763,-0.7523839414773712
176,1552366800,33,18,-15,51,11,-0.08678400722932224,-1.3574418885032549
176,1552381200,321,703,382,1024,11,1.5124587173134454,0.3294388635201974
176,1552395600,509,599,90,1108,11,0.3361895093374047,0.4750688565006393
176,1552410000,821,1429,608,2250,11,2.4228588577332575,2.4549432848776
176,1552424400,1119,665,-454,1784,11,-1.8552161383987806,1.647043561914672
176,1552438800,305,133,-172,438,11,-0.7192301224767139,-0.6865037065576475
176,1552453200,32,23,-9,55,11,-0.06261409199693785,-1.3505071269327578
176,1552464328,114,404,290,518,11,1.1418533504168846,-0.5478084751477028
176,1552467600,334,552,218,886,11,0.8518143676282718,0.09018958933804279
176,1552472540,143,341,198,484,11,0.7712479835203239,-0.6067539484969293
176,1552477767,120,277,157,397,11,0.6060868960990304,-0.7575850126552441
176,1552482000,486,641,155,1127,11,0.5980302576882357,0.5080089739605012
176,1552496400,925,670,-255,1595,11,-1.0535806165246981,1.3193760777086776
176,1552510800,1106,621,-485,1727,11,-1.9800940337661,1.5482232095350863
176,1552525200,296,159,-137,455,11,-0.5782389502878049,-0.6570309698830342
176,1552539600,35,23,-12,58,11,-0.07469904961313004,-1.3453060557548848
176,1552552203,164,488,324,652,11,1.2788162034003963,-0.31549396253604545
176,1552554000,334,521,187,855,11,0.7269364722609525,0.03644518716668922
176,1552568400,526,812,286,1338,11,1.125740073595295,0.8738176468042304
176,1552582800,719,605,-114,1324,11,-0.4855876085636648,0.84954598130749
176,1552597200,1146,553,-593,1699,11,-2.4151525079490193,1.4996798785416057
176,1552611600,295,179,-116,474,11,-0.4936442469744596,-0.6240908524231724
176,1552626000,40,20,-20,60,11,-0.10692560325630923,-1.3418386749696363
176,1552640400,285,630,345,915,11,1.3634109067137417,0.14046661072414773
176,1552654800,493,799,306,1292,11,1.206306457703243,0.7940678887435121
176,1552669200,782,693,-89,1475,11,-0.3848796284287298,1.1113332305937607
176,1552683600,924,596,-328,1520,11,-1.3476479185187082,1.1893492982618545
176,1552698000,240,158,-82,398,11,-0.356681393990948,-0.7558513222626199
176,1552712400,58,29,-29,87,11,-0.14318047610488582,-1.2950290343687798
176,1552726800,95,179,84,274,11,0.31201959410502034,-0.9708289309480341
176,1552741200,354,444,90,798,11,0.3361895093374047,-0.06237516521289638
176,1552755600,606,537,-69,1143,11,-0.3043132443207818,0.5357480202424901
176,1552770000,500,419,-81,919,11,-0.3526530747855506,0.14740137229464498
176,1552784400,263,176,-87,439,11,-0.37682299001793496,-0.6847700161650232
176,1552798800,54,31,-23,85,11,-0.11901056087250143,-1.2984964151540284
176,1552813200,77,124,47,201,11,0.16297178350531655,-1.0973883296096087
176,1552827600,289,339,50,628,11,0.17505674112150874,-0.35710253195902886
176,1552842000,355,451,96,806,11,0.3603594245697891,-0.0485056420719019
176,1552856400,304,306,2,610,11,-0.018302580737566444,-0.3883089590262664
176,1552870800,128,99,-29,227,11,-0.14318047610488582,-1.0523123794013767
176,1552885200,18,35,17,53,11,0.042122207343394544,-1.3539745077180063
176,1552899600,420,723,303,1143,11,1.1942215000870509,0.5357480202424901
176,1552914000,513,778,265,1291,11,1.0411453702819495,0.7923341983508878
176,1552928400,1029,657,-372,1686,11,-1.5248939635561938,1.4771419034374897
176,1552942800,1047,567,-480,1614,11,-1.9599524377391129,1.3523161951685394
176,1552957200,252,124,-128,376,12,-0.6104951984051643,-0.7852315387127213
176,1552971600,29,38,9,67,12,-0.04126626476458729,-1.3624690623860471
176,1552986000,316,733,417,1049,12,1.653955668997131,0.47198805168258023
176,1553000400,445,858,413,1303,12,1.6373358461171141,0.9464810323072558
176,1553014800,772,605,-167,1377,12,-0.7725384714853286,1.0847191447727125
176,1553029200,1066,550,-516,1616,12,-2.222618017766798,1.5311908863841197
176,1553043600,302,140,-162,442,12,-0.7517636928853075,-0.6619380870543411
176,1553058000,26,42,16,68,12,-0.012181574724557808,-1.3606009797851626
176,1553072400,335,671,336,1006,12,1.31740425567679,0.39166049984454465
176,1553086800,428,874,446,1302,12,1.7744493848772531,0.9446129497063712
176,1553101200,776,658,-118,1434,12,-0.5689456412051221,1.1911998530231316
176,1553115600,1062,626,-436,1688,12,-1.8902215601664616,1.6656928336478072
176,1553130000,286,137,-149,423,12,-0.6977492685252528,-0.6974316564711476
176,1553144400,29,41,12,70,12,-0.028801397604574657,-1.3568648145833935
176,1553158800,327,728,401,1055,12,1.5874763774770637,0.4831965472878875
176,1553173200,485,893,408,1378,12,1.6165610675170932,1.086587227373597
176,1553187600,804,657,-147,1461,12,-0.6894393570852443,1.2416380832470144
176,1553202000,1040,643,-397,1683,12,-1.7281782870862972,1.6563524206433844
176,1553216400,279,166,-113,445,12,-0.5481708626051012,-0.6563338392516874
176,1553230800,203,108,-95,311,12,-0.4733816596450253,-0.906656907770217
176,1553245200,283,701,418,984,12,1.6581106247171353,0.35056268262508455
176,1553259600,501,780,279,1281,12,1.08057177963655,0.9053832150877956
176,1553274000,748,672,-76,1420,12,-0.3944375009649453,1.165046696610748
176,1553288400,905,601,-304,1506,12,-1.3417674051259056,1.3257018002868193
176,1553302800,331,198,-133,529,12,-0.6312699770051854,-0.4994149007773853
176,1553317200,65,35,-30,100,12,-0.20330953784475156,-1.300822336556857
176,1553331600,88,206,118,294,12,0.4116239087158718,-0.9384143119852544
176,1553346000,254,429,175,683,12,0.6484563847561119,-0.21173018024116477
176,1553360400,362,392,30,754,12,0.045987805355501156,-0.07909631557836176
176,1553374800,349,359,10,708,12,-0.03711130904458308,-0.16502811521905103
176,1553389200,248,186,-62,434,12,-0.33626812088488633,-0.6768827478614176
176,1553403600,53,34,-19,87,12,-0.15760502492470524,-1.325107410368356
176,1553418000,62,114,52,176,12,0.1373968311955938,-1.1588480588896313
176,1553432400,372,354,-18,726,12,-0.15345006920470103,-0.13140262840312913
176,1553446800,348,432,84,780,12,0.27035541423572856,-0.030526167955363486
176,1553461200,233,311,78,544,12,0.2454256799157033,-0.4713936617641171
176,1553475600,143,87,-56,230,12,-0.31133838656486107,-1.0579715984418656
176,1553490000,25,31,6,56,12,-0.053731131924599926,-1.383017970995777
176,1553499469,61,271,210,332,12,0.7938798349562592,-0.8674271731516415
176,1553499566,3,4,1,7,12,-0.07450591052462098,-1.47455401843912
176,1553504400,307,504,197,811,12,0.7398654105962045,0.02738439267205754
176,1553518800,468,780,312,1248,12,1.217685318396689,0.8437364892586056
176,1553533200,643,618,-25,1261,12,-0.1825347592447305,0.8680215630701047
176,1553547600,989,545,-444,1534,12,-1.9234612059264953,1.3780081131115867
176,1553562000,223,141,-82,364,13,-0.39464845453134995,-0.804139343701365
176,1553576400,25,48,23,73,13,0.03518599458775434,-1.3421102812851453
176,1553590800,328,720,392,1048,13,1.5457470586348923,0.46036966422752074
176,1553605200,435,757,322,1192,13,1.259190759222156,0.7265820869493914
176,1553619600,806,671,-135,1477,13,-0.6116125098009931,1.2534608402530938
176,1553634000,1061,571,-490,1632,13,-2.064862313965584,1.5400089341551073
176,1553648400,267,137,-130,404,13,-0.5911442027000834,-0.7301914485008454
176,1553662800,27,38,11,65,13,-0.013937942454429008,-1.3568998603252493
176,1553677200,318,685,367,1003,13,1.4434055231303438,0.37717828212693616
176,1553691600,479,788,309,1267,13,1.2059731607597908,0.8652343904503658
176,1553706000,685,645,-40,1330,13,-0.22271467488370825,0.9817023253911842
176,1553720400,1089,575,-514,1664,13,-2.163110188049951,1.5991672503155232
176,1553734800,265,166,-99,431,13,-0.46424069867444306,-0.6802766192404947
176,1553749200,25,43,18,68,13,0.014717687486844613,-1.3513537681852104
176,1553763600,320,689,369,1009,13,1.4515928459707075,0.38827046640701407
176,1553778000,492,814,322,1306,13,1.259190759222156,0.9373335882708724
176,1553792400,654,609,-45,1263,13,-0.243182981984618,0.8578396009303138
176,1553806800,1043,582,-461,1625,13,-1.9461461327803076,1.5270680524950164
176,1553821200,260,150,-110,410,13,-0.5092709742964444,-0.7190992642207674
176,1553835600,30,43,13,73,13,-0.005750619614065116,-1.3421102812851453
176,1553850000,270,570,300,840,13,1.1691302079781534,0.07584060918481864
176,1553864400,509,727,218,1236,13,0.8334499715232339,0.807924771669963
176,1553878800,695,619,-76,1314,13,-0.3700864860102583,0.9521231673109763
176,1553893200,1044,597,-447,1641,13,-1.8888348728977604,1.5566472105752243
176,1553907600,311,180,-131,491,13,-0.5952378641202654,-0.5693547764397152
176,1553922000,72,28,-44,100,13,-0.23908932056443605,-1.2921954520247947
176,1553936400,89,130,41,219,13,0.10887190015102938,-1.0722004638032487
176,1553950800,255,388,133,643,13,0.48548875080776843,-0.28835277467774056
176,1553965200,365,397,32,762,13,0.07202894736939186,-0.06835778645619466
176,1553979600,283,381,98,664,13,0.34221060110140034,-0.24953012969746774
176,1553994000,223,193,-30,416,13,-0.1817780606818888,-0.7080070799406895
176,1554008400,38,32,-6,70,13,-0.0835301865975221,-1.3476563734251843
176,1554022800,51,105,54,156,13,0.16208949861339467,-1.1886683987440672
176,1554037200,194,288,94,482,13,0.32583595542067256,-0.585993052859832
176,1554051600,287,360,73,647,13,0.23986906559685164,-0.2809579851576886
176,1554066000,207,310,103,517,13,0.3626789082023101,-0.5212886445593774
176,1554080400,156,89,-67,245,13,-0.33324353322862077,-1.024134331922911
176,1554094800,15,27,12,42,13,-0.009844281034247062,-1.399419900065548
176,1554109200,335,708,373,1043,13,1.4679674916514354,0.4511261773274558
176,1554123600,447,866,419,1313,13,1.656275916979805,0.9502744699309633
176,1554138000,720,642,-78,1362,13,-0.3782738088506222,1.0408606415516
176,1554152400,1078,572,-506,1650,13,-2.130360896688495,1.5732854869953412
176,1554166800,217,131,-86,348,14,-0.5286367011828615,-0.8835924737389768
176,1554181200,23,36,13,59,14,-0.09730400818475748,-1.4213504684363143
176,1554195600,339,717,378,1056,14,1.492962991252697,0.43382157555415457
176,1554210000,458,766,308,1224,14,1.1879802790318152,0.7464282991152366
176,1554224400,797,683,-114,1480,14,-0.6506297860712142,1.2227814016845044
176,1554238800,1078,592,-486,1670,14,-2.271395056730757,1.576324719997633
176,1554253200,245,157,-88,402,14,-0.537350492960601,-0.7831117411657719
176,1554267600,22,30,8,52,14,-0.11908848762910618,-1.4343757485846926
176,1554282000,342,687,345,1029,14,1.3491854269199957,0.3835812092675521
176,1554296400,504,793,289,1297,14,1.10519925714329,0.8822633635197544
176,1554310800,649,690,41,1339,14,0.024689076703595172,0.9604150444100249
176,1554325200,990,600,-390,1590,14,-1.8531330513992617,1.4274643754447367
176,1554339600,235,169,-66,404,14,-0.44149878340546683,-0.7793902325519495
176,1554354000,30,31,1,61,14,-0.14958675885119435,-1.4176289598224918
176,1554368400,310,788,478,1098,14,1.9286525801396708,0.511973256444425
176,1554382800,498,847,349,1345,14,1.3666130104754746,0.9715795702514921
176,1554397200,696,744,48,1440,14,0.05518734792568333,1.1483512294080562
176,1554411600,1005,595,-410,1600,14,-1.9402709691766564,1.4460719185138486
176,1554426000,432,175,-257,607,14,-1.2736658981795865,-0.4016571082489753
176,1554440400,46,38,-8,84,14,-0.18879882185102198,-1.3748316107635343
176,1554454800,444,666,222,1110,14,0.8132872325890177,0.5343023081273595
176,1554469200,593,909,316,1502,14,1.2228354461427733,1.2637179964365508
176,1554483600,726,610,-116,1336,14,-0.6593435778489537,0.9548327814892913
176,1554498000,978,652,-326,1630,14,-1.5742917145115984,1.501894547721185
176,1554512400,281,211,-70,492,14,-0.45892636696094574,-0.6156438535437636
176,1554526800,40,29,-11,69,14,-0.2018695095176312,-1.4027429253672024
176,1554541200,79,195,116,274,14,0.3514562683688255,-1.0212882924504059
176,1554555600,294,416,122,710,14,0.3775976437020439,-0.2099994146371215
176,1554570000,356,468,112,824,14,0.3340286848133465,0.0021265763507555997
176,1554584400,297,422,125,719,14,0.39066833136865314,-0.19325262587492067
176,1554598800,216,169,-47,385,14,-0.3587177615169418,-0.8147445643832623
176,1554613200,50,93,43,143,14,0.03340286848133465,-1.2650471066557734
176,1554627600,61,128,67,189,14,0.13796836981420835,-1.179452408537858
176,1554642000,229,355,126,584,14,0.39502522725752287,-0.444454457307933
176,1554656400,262,430,168,692,14,0.5780148545900519,-0.24349299216152312
176,1554670800,227,327,100,554,14,0.2817459341469097,-0.500277086515269
176,1554685200,144,84,-60,228,14,-0.41535740807224836,-1.106882990568321
176,1554699600,23,40,17,63,14,-0.07987642462927853,-1.4139074512086696
176,1554714000,307,622,315,929,14,1.2184785502539035,0.19750577857643187
176,1554728400,433,815,382,1248,14,1.5103905748081758,0.7910864024811055
176,1554742800,627,569,-58,1196,14,-0.4066436162945089,0.6943271785217229
176,1554757200,955,543,-412,1498,14,-1.948984760954396,1.256274979208906
176,1554771600,319,122,-197,441,15,-1.022197213308322,-0.7594191027419681
176,1554786000,107,110,3,217,15,-0.1764908613148319,-1.1833563791079822
176,1554800400,309,513,204,822,15,0.6734440224386256,-0.038347217494417406
176,1554814800,490,812,322,1302,15,1.1724107701147848,0.8700898032898985
176,1554829200,687,651,-36,1338,15,-0.3414035999535625,0.9382225798487221
176,1554843600,1069,599,-470,1668,15,-2.1765863837794357,1.5627730316379393
176,1554858000,319,163,-156,482,15,-0.8488274111496565,-0.6818234405499745
176,1554872400,70,43,-27,113,15,-0.30334681411385545,-1.3801844002779173
176,1554886800,349,729,380,1078,15,1.4176656121928968,0.4461525269238844
176,1554901200,469,925,456,1394,15,1.7390340259504231,1.0442068989402256
176,1554915600,691,677,-14,1368,15,-0.24837590123427858,0.9949998936477419
176,1554930000,1009,651,-358,1660,15,-1.7029908266630815,1.5476324146248674
176,1554944400,286,183,-103,469,15,-0.6247152278713817,-0.7064269431962164
176,1554958800,26,41,15,67,15,-0.12574848019522253,-1.4672429481030809
176,1554973200,402,679,277,1081,15,0.9821268409162495,0.45183025830378637
176,1554987600,537,898,361,1435,15,1.3373235087535154,1.1218025611322193
176,1555002000,688,677,-11,1365,15,-0.23569030595437623,0.9893221622678399
176,1555016400,1044,598,-446,1642,15,-2.075101621540217,1.5135660263454556
176,1555030800,270,178,-92,448,15,-0.5782013785117397,-0.7461710628555301
176,1555045200,35,24,-11,59,15,-0.23569030595437623,-1.4823835651161528
176,1555059600,289,655,366,944,15,1.3584661675533525,0.19254719195492953
176,1555074000,472,764,292,1236,15,1.0455548173157612,0.745179712932055
176,1555088400,759,662,-97,1421,15,-0.5993440373115769,1.0953064813593434
176,1555102800,934,548,-386,1482,15,-1.8213897159421701,1.210753686084017
176,1555117200,274,195,-79,469,15,-0.5232304656321628,-0.7064269431962164
176,1555131600,40,30,-10,70,15,-0.23146177419440878,-1.461565216723179
176,1555146000,72,237,165,309,15,0.508531283799895,-1.009239283457655
176,1555160400,282,526,244,808,15,0.8425852928373236,-0.06484329726729328
176,1555174800,376,506,130,882,15,0.36053267220103424,0.07520741010362207
176,1555189200,328,546,218,874,15,0.7326434670781699,0.060066793090550144
176,1555203600,203,261,58,464,15,0.05607838548337784,-0.7158898288293863
176,1555218000,60,30,-30,90,15,-0.31603240939375776,-1.423713674190499
176,1555232400,67,143,76,210,15,0.13219195716279195,-1.19660441899442
176,1555246800,241,414,173,655,15,0.5423595378796346,-0.35440759764229396
176,1555261200,286,467,181,753,15,0.5761877919593742,-0.1689350392321628
176,1555275600,262,392,130,654,15,0.36053267220103424,-0.35630017476892795
176,1555290000,156,96,-60,252,15,-0.44288836219278127,-1.1171161796757925
176,1555304400,18,32,14,50,15,-0.12997701195518996,-1.4994167592558587
176,1555318800,299,718,419,1017,15,1.5825783508316273,0.3307053221992109
176,1555333200,466,838,372,1304,15,1.3838373581131571,0.8738749575431665
176,1555347600,664,661,-3,1325,15,-0.20186205187463663,0.9136190772024803
176,1555362000,1024,633,-391,1657,15,-1.8425323747420073,1.5419546832449653
176,1555376400,226,156,-70,382,16,-0.35341752645573393,-0.7686758355205554
176,1555390800,26,31,5,57,16,-0.042599003734233545,-1.385018987818436
176,1555405200,343,688,345,1031,16,1.3664449659365683,0.4621140286065969
176,1555419600,635,812,177,1447,16,0.6702114750404075,1.251033263547884
176,1555434000,815,546,-269,1361,16,-1.178122673410115,1.087939383247522
176,1555448400,1019,520,-499,1539,16,-2.1312994764227167,1.4255057866598995
176,1555462800,300,189,-111,489,16,-0.5233316522101541,-0.565756705379407
176,1555477200,37,33,-4,70,16,-0.0798972264608136,-1.3603652617265207
176,1555488326,81,317,236,398,16,0.9147220462479877,-0.7383327880228137
176,1555491600,321,747,426,1068,16,1.7021289704757887,0.5322823259451248
176,1555506000,543,756,213,1299,16,0.8194043659467276,0.9703600741937723
176,1555520400,778,619,-159,1397,16,-0.7222555067519144,1.156211240117441
176,1555534800,1101,526,-575,1627,16,-2.446262246113837,1.5923925478974794
176,1555549200,322,206,-116,528,16,-0.5440528870582542,-0.49179552710366137
176,1555563600,45,34,-11,79,16,-0.10890695524815364,-1.343297297509041
176,1555578000,319,703,384,1022,16,1.5280705977517486,0.44504606438911715
176,1555592400,525,908,383,1433,16,1.5239263507821286,1.22448309698736
176,1555606800,792,688,-104,1480,16,-0.4943219234228141,1.3136157990119766
176,1555621200,978,592,-386,1570,16,-1.6629995688556556,1.4842954411867744
176,1555635600,330,204,-126,534,16,-0.5854953567544542,-0.4804168842920082
176,1555650000,52,34,-18,86,16,-0.13791668403549368,-1.330022214228779
176,1555664400,183,625,442,808,16,1.768436921989709,0.03920780410682038
176,1555678800,476,752,276,1228,16,1.080491925032788,0.835712800922543
176,1555693200,808,554,-254,1362,16,-1.115958968865815,1.0898358237161307
176,1555707600,630,421,-209,1051,16,-0.9294678552329146,0.5000428379787741
176,1555722000,262,163,-99,425,16,-0.4736006885747141,-0.6871288953703742
176,1555736400,52,22,-30,74,16,-0.18764764767093373,-1.3527794998520852
176,1555750800,87,200,113,287,16,0.4049796689847271,-0.9488376800383974
176,1555765200,238,310,72,548,16,0.23506554323030682,-0.45386671773148407
176,1555779600,395,394,-1,789,16,-0.06746448555195358,0.003175435203251975
176,1555794000,284,328,44,612,16,0.11902662808094666,-0.33249452774051685
176,1555808400,208,166,-42,374,16,-0.2373786113063738,-0.7838473592694263
176,1555822800,53,34,-19,87,16,-0.1420609310051137,-1.3281257737601702
176,1555837200,72,110,38,182,16,0.09416114626322664,-1.147963929242328
176,1555851600,201,257,56,458,16,0.16875759171638674,-0.6245463599062818
176,1555866000,270,326,56,596,16,0.16875759171638674,-0.36283757523825866
176,1555880400,228,259,31,487,16,0.0651514174758866,-0.5695495863166248
176,1555894800,151,86,-65,237,16,-0.3326962916076339,-1.0436597034688406
176,1555909200,23,49,26,72,16,0.044430182627786564,-1.356572380789303
176,1555923600,256,697,441,953,16,1.764292675020089,0.31419167205510556
176,1555938000,477,864,387,1341,16,1.5405033386606086,1.0500105738753445
176,1555952400,672,707,35,1379,16,0.08172840535436662,1.1220753116824813
176,1555966800,985,623,-362,1608,16,-1.5635376415847755,1.556360178993911
176,1555981200,242,133,-109,375,17,-0.5607063220772606,-0.8078379827630174
176,1555995600,29,42,13,71,17,-0.033213939162655824,-1.3967012447487461
176,1556010000,324,714,390,1038,17,1.5968239982046064,0.47642630242296335
176,1556024400,544,823,279,1367,17,1.1168924039134496,1.1137158195062027
176,1556038800,693,597,-96,1290,17,-0.5044981173404585,0.9645629538058701
176,1556053200,1020,572,-448,1592,17,-2.0264433532907935,1.549552115383798
176,1556067600,325,152,-173,477,17,-0.8374236377045943,-0.6102588619651742
176,1556082000,37,39,2,76,17,-0.0807747277861038,-1.3870159937292441
176,1556091015,87,79,-8,166,17,-0.12401180835287468,-1.212681475378206
176,1556096400,280,730,450,1010,17,1.8562464816052318,0.4221888967137515
176,1556110800,464,849,385,1313,17,1.575205457921221,1.0091151084955798
176,1556125200,698,611,-87,1309,17,-0.46558474483036466,1.001366907679978
176,1556139600,860,549,-311,1409,17,-1.4340953495260325,1.1950719280700204
176,1556154000,299,162,-137,461,17,-0.6817701476642191,-0.641251665227581
176,1556168400,45,32,-13,77,17,-0.14563034863626012,-1.3850789435253437
176,1556182800,332,685,353,1017,17,1.4368468001075543,0.43574824814105445
176,1556197200,470,821,351,1291,17,1.4281993839942,0.9665000040097704
176,1556211600,745,679,-66,1424,17,-0.3747868756401458,1.2241276811285269
176,1556226000,1007,573,-434,1580,17,-1.9659114404973144,1.526307512936993
176,1556240400,311,160,-151,471,17,-0.7423020604576983,-0.6218811631885768
176,1556254800,57,52,-5,109,17,-0.11104068418284341,-1.32309333700053
176,1556269200,283,687,404,970,17,1.6573559109980858,0.3447068885577345
176,1556283600,497,835,338,1332,17,1.3719911792573978,1.045919062369688
176,1556298000,762,717,-45,1479,17,-0.283989006449927,1.3306654423430502
176,1556312400,956,588,-368,1544,17,-1.6805467087566266,1.4565737055965777
176,1556326800,285,175,-110,460,17,-0.5650300301339377,-0.6431887154314815
176,1556341200,69,25,-44,94,17,-0.2796652983932499,-1.3521490900590365
176,1556355600,104,263,159,367,17,0.5980474371121991,-0.8233343843942208
176,1556370000,318,425,107,743,17,0.37321461816499046,-0.0950035077276616
176,1556384400,433,415,-18,848,17,-0.16724888891964557,0.10838676368188287
176,1556398800,384,381,-3,765,17,-0.10239326806948923,-0.05238840324185228
176,1556413200,275,222,-53,497,17,-0.3185786709033437,-0.5715178578871658
176,1556427600,60,26,-34,86,17,-0.236428217826479,-1.3676454916902399
176,1556442000,76,147,71,223,17,0.21756112812461528,-1.1022696137558818
176,1556456400,222,316,94,538,17,0.3170064134281883,-0.49209879952724844
176,1556470800,295,383,88,678,17,0.29106416508812577,-0.22091177098118914
176,1556485200,281,316,35,597,17,0.06190763808424012,-0.3778128374971234
176,1556499600,164,107,-57,271,17,-0.33587350313005204,-1.0092912039686615
176,1556514000,37,37,0,74,17,-0.08942214389945798,-1.390890094137045
176,1556523750,68,309,241,377,17,0.9525914977597203,-0.8039638823552167
176,1556528400,275,526,251,801,17,0.9958285783264912,0.01734540409856296
176,1556542800,490,785,295,1275,17,1.186071732820283,0.9355072007473637
176,1556557200,737,587,-150,1324,17,-0.7379783524010213,1.0304226607384845
176,1556571600,1030,554,-476,1584,17,-2.147507178877752,1.5340557137525945
176,1556586000,262,154,-108,416,18,-0.508476406800404,-0.7234984399958182
176,1556600400,36,37,1,73,18,-0.0444130676919858,-1.362599315407986
176,1556614800,355,714,359,1069,18,1.4797582662604334,0.49321547150314876
176,1556629200,478,801,323,1279,18,1.326489640499855,0.8845017217554965
176,1556643600,803,630,-173,1433,18,-0.7852114255347817,1.1714449719405515
176,1556658000,1012,478,-534,1490,18,-2.322155144967249,1.2776512398661886
176,1556672400,299,142,-157,441,18,-0.717092036307858,-0.6769167435372053
176,1556686800,40,33,-7,73,18,-0.07847276230544768,-1.362599315407986
176,1556701200,353,704,351,1057,18,1.4456985716469715,0.4708562572030146
176,1556715600,467,827,360,1294,18,1.484015728087116,0.9124507396306641
176,1556730000,779,668,-111,1447,18,-0.5212487922804522,1.1975307219573745
176,1556744400,1073,603,-470,1676,18,-2.049677588059554,1.6242190615182681
176,1556758800,292,182,-110,474,18,-0.5169913304537694,-0.6154289042118364
176,1556773200,34,36,2,70,18,-0.04015560586530307,-1.3681891189830195
176,1556787600,352,649,297,1001,18,1.2157956330061037,0.36651325713572186
176,1556790374,106,181,75,287,18,0.2706391074825366,-0.9638599937222603
176,1556793653,104,233,129,337,18,0.5005420461234042,-0.8706966008050346
176,1556802000,483,803,320,1286,18,1.3137172550198066,0.8975445967639081
176,1556816400,812,639,-173,1451,18,-0.7852114255347817,1.2049837933907526
176,1556830800,1099,605,-494,1704,18,-2.1518566718999397,1.6763905615519143
176,1556845200,296,150,-146,446,18,-0.6702599562143479,-0.6676004042454827
176,1556859600,47,40,-7,87,18,-0.07847276230544768,-1.3365135653911628
176,1556874000,344,705,361,1049,18,1.4882731899137989,0.4559501143362585
176,1556888400,472,812,340,1284,18,1.3988664915534614,0.8938180610472191
176,1556902800,817,718,-99,1535,18,-0.47015925036025935,1.3614982934916917
176,1556917200,988,644,-344,1632,18,-1.5132373978975293,1.5422352757511095
176,1556931600,309,195,-114,504,18,-0.5340211777605004,-0.559530868461501
176,1556946000,41,38,-3,79,18,-0.06144291499871674,-1.351419708257919
176,1556960400,83,207,124,290,18,0.4792547369899906,-0.9582701901472268
176,1556974800,280,398,118,678,18,0.45370996602989416,-0.23532226110955579
176,1556989200,398,399,1,797,18,-0.0444130676919858,-0.013593385966558756
176,1557003600,359,401,42,760,18,0.13014286720200635,-0.08253429672530573
176,1557018000,235,170,-65,405,18,-0.32540554825304635,-0.7439943864376078
176,1557032400,64,30,-34,94,18,-0.19342423162588152,-1.3234706903827513
176,1557046800,58,140,82,198,18,0.30044134026931574,-1.129690833114922
176,1557061200,211,323,112,534,18,0.4281651950697978,-0.5036328327111657
176,1557075600,309,436,127,745,18,0.49202712247003877,-0.11048331460047342
176,1557090000,261,304,43,565,18,0.13440032902868906,-0.44587152910248573
176,1557104400,152,101,-51,253,18,-0.26580108267948804,-1.0272111009059737
176,1557118800,23,36,13,59,18,0.006676474228207017,-1.3886850654248093
176,1557133200,330,625,295,955,18,1.2072807093527382,0.28080293565187425
176,1557147600,447,803,356,1250,18,1.466985880780385,0.8304669538635056
176,1557162000,756,605,-151,1361,18,-0.6915472653477616,1.0372896861397465
176,1557176400,924,547,-377,1471,18,-1.6537336381780596,1.242249150557643
176,1557190800,280,120,-160,400,19,-0.6124579675530902,-0.7939921399071325
176,1557205200,34,41,7,75,19,0.0743174416263462,-1.405996923335466
176,1557219600,358,708,350,1066,19,1.4848801083841108,0.46014689321062185
176,1557234000,476,753,277,1229,19,1.1846728935930997,0.7670908307454476
176,1557248400,802,592,-210,1394,19,-0.8180793475469335,1.0778009515629092
176,1557262800,992,562,-430,1554,19,-1.722813419519844,1.3790956141737811
176,1557277200,310,185,-125,495,19,-0.46852300155739995,-0.6150984339819273
176,1557291600,43,21,-22,64,19,-0.044942958770082884,-1.4267109313899635
176,1557306000,342,707,365,1049,19,1.5465665223822638,0.4281343353082167
176,1557320400,445,852,407,1297,19,1.7192884815770921,0.8951410623550682
176,1557334800,856,658,-198,1514,19,-0.7687302163484111,1.3037719485210633
176,1557349200,994,581,-413,1575,19,-1.6529021503219372,1.418640538641458
176,1557363600,643,452,-191,1095,19,-0.739943223149273,0.5147565508088424
176,1557378000,45,46,1,91,19,0.04964287602708501,-1.3758674570743787
176,1557392400,351,685,334,1036,19,1.419081266786081,0.40365414397108335
176,1557406800,482,816,334,1298,19,1.419081266786081,0.8970241539963861
176,1557421200,876,707,-169,1583,19,-0.6494698159519819,1.4337052717720016
176,1557435600,1003,566,-437,1569,19,-1.751600412718982,1.4073419887935503
176,1557450000,407,159,-248,566,19,-0.9743515963422543,-0.4813989274483529
176,1557464400,59,29,-30,88,19,-0.07784237956909781,-1.3815167319983326
176,1557478800,319,590,271,909,19,1.1599983279938384,0.1645015055237038
176,1557493200,486,740,254,1226,19,1.0900870587959317,0.7614415558214938
176,1557507600,812,546,-266,1358,19,-1.0483752931400379,1.0100096524754631
176,1557522000,904,515,-389,1419,19,-1.5542038879248923,1.124878242595858
176,1557536400,312,152,-160,464,19,-0.6124579675530902,-0.6734742748627837
176,1557550800,59,37,-22,96,19,-0.044942958770082884,-1.366451998867789
176,1557565200,110,216,106,326,19,0.48144777401415584,-0.9333409213646607
176,1557579600,277,350,73,627,19,0.34573766321821925,-0.3665303373279579
176,1557594000,373,434,61,807,19,0.2963885320196969,-0.027573841890727056
176,1557608400,307,311,4,618,19,0.061980158826715606,-0.3834781620998195
176,1557622800,195,144,-51,339,19,-0.16420335916651196,-0.9088607300275273
176,1557637200,48,31,-17,79,19,-0.024380820770698558,-1.3984645567701943
176,1557651600,56,112,56,168,19,0.27582639402031256,-1.2308694006928966
176,1557666000,183,314,131,497,19,0.5842584640110775,-0.6113322506992913
176,1557680400,258,346,88,604,19,0.40742407721637225,-0.4098414450782708
176,1557694800,209,232,23,441,19,0.14011628322437603,-0.7167853826130965
176,1557709200,155,80,-75,235,19,-0.26290162156355673,-1.1047022607245942
176,1557723600,18,37,19,55,19,0.12366657282486858,-1.443658756161825
176,1557738000,337,617,280,954,19,1.1970101763927303,0.2492406293830115
176,1557752400,436,811,375,1247,19,1.5876907983810324,0.8009864802891706
176,1557766800,752,621,-131,1373,19,-0.4931975671566612,1.0382560270952323
176,1557781200,1083,546,-537,1629,19,-2.1628431727066686,1.5203274872726273
176,1557795600,259,152,-107,411,20,-0.4181140592848828,-0.8130487357905135
176,1557810000,37,35,-2,72,20,-0.0023568999959689,-1.4691092571951796
176,1557824400,351,712,361,1063,20,1.434974993545705,0.44875498089338695
176,1557838800,460,784,324,1244,20,1.2884700897962782,0.7990409819973532
176,1557853200,783,646,-137,1429,20,-0.5369018190817154,1.1570681101975397
176,1557867600,1099,617,-482,1716,20,-1.9029610567452895,1.7124939793513425
176,1557882000,299,164,-135,463,20,-0.5289826350952599,-0.7124140835396503
176,1557896400,33,31,-2,64,20,-0.0023568999959689,-1.48459151138762
176,1557910800,371,697,326,1068,20,1.2963892737827336,0.45843138976366227
176,1557925200,486,830,344,1316,20,1.3676619296608332,0.9383812697293177
176,1557939600,807,667,-140,1474,20,-0.5487805950613986,1.2441557900300175
176,1557954000,978,482,-496,1460,20,-1.958395344650478,1.2170618451932467
176,1557968400,314,197,-117,511,20,-0.45770997921716033,-0.6195205583850073
176,1557982800,47,37,-10,84,20,-0.03403363594179091,-1.445885875906519
176,1557997200,348,700,352,1048,20,1.399338665606655,0.41972575428256104
176,1558011600,465,790,325,1255,20,1.292429681789506,0.8203290815119589
176,1558026000,840,679,-161,1519,20,-0.6319320269191814,1.3312434698624953
176,1558040400,1013,508,-505,1521,20,-1.9940316725895277,1.3351140334106053
176,1558054800,330,197,-133,527,20,-0.5210634511088044,-0.5885560500001263
176,1558069200,41,51,10,92,20,0.045158203922764116,-1.4304036217140783
176,1558083600,287,637,350,924,20,1.3914194816201997,0.17975081429973333
176,1558098000,480,733,253,1213,20,1.0073390582771078,0.7390472470016463
176,1558112400,794,510,-284,1304,20,-1.1189618420861946,0.9151578884406569
176,1558126800,977,515,-462,1492,20,-1.8237692168807345,1.2789908619630086
176,1558141200,330,205,-125,535,20,-0.4893867151629824,-0.5730737958076858
176,1558155600,63,31,-32,94,20,-0.12114465979280144,-1.4265330581659683
176,1558170000,92,217,125,309,20,0.5005112831439555,-1.0104474767441298
176,1558184400,305,433,128,738,20,0.5123900591236388,-0.18021159567450823
176,1558198800,410,489,79,899,20,0.3183700514554789,0.13136876994835678
176,1558213200,355,427,72,782,20,0.2906529075028847,-0.0950591976160855
176,1558227600,265,243,-22,508,20,-0.08154873986052392,-0.6253264037071725
176,1558242000,58,53,-5,111,20,-0.014235675975652154,-1.3936332680070322
176,1558256400,72,157,85,229,20,0.34212760341484544,-1.1652700186685347
176,1558270800,236,321,85,557,20,0.34212760341484544,-0.5304975967784745
176,1558285200,341,420,79,761,20,0.3183700514554789,-0.1357001148712418
176,1558299600,286,359,73,645,20,0.29461249949611246,-0.360192800661629
176,1558314000,178,126,-52,304,20,-0.20033649965735648,-1.0201238856144053
176,1558328400,25,24,-1,49,20,0.0016026919972588513,-1.513620737998446
176,1558342800,302,641,339,943,20,1.3478639696946944,0.2165211680067795
176,1558357200,425,745,320,1170,20,1.2726317218233671,0.6558301307172786
176,1558371600,725,623,-102,1348,20,-0.39831609931874407,1.0003102864990796
176,1558386000,1116,539,-577,1655,20,-2.2791222961019257,1.5944417911339837
176,1558400400,310,113,-197,423,21,-1.1106772596521466,-0.5652570780274576
176,1558414800,42,42,0,84,21,-0.041568126985629776,-1.2860446750031664
176,1558429200,342,630,288,972,21,1.5213934476740496,0.6020361099951506
176,1558443600,487,800,313,1287,21,1.657067195474369,1.2717944965654995
176,1558458000,780,674,-106,1454,21,-0.616824817658984,1.6268727523027957
176,1558472400,1003,522,-481,1525,21,-2.6519310346637748,1.777834166418652
176,1558486800,319,147,-172,466,21,-0.9750035118518272,-0.47382974271785444
176,1558501200,36,41,5,77,21,-0.014433377425565896,-1.3009281947047298
176,1558515600,364,640,276,1004,21,1.4562700487298963,0.6700750572022971
176,1558527082,332,595,263,927,21,1.3857196998737302,0.5063563404851007
176,1558527439,416,418,2,834,21,-0.030714227161604223,0.30861815016433103
176,1558527535,336,625,289,961,21,1.5268203975860624,0.578647721892694
176,1558527812,374,560,186,934,21,0.9678445566487465,0.521239860186664
176,1558529133,49,38,-11,87,21,-0.10126457601777031,-1.2796660237024966
176,1558530000,106,126,20,232,21,0.06697087125462574,-0.9713645441701136
176,1558544400,805,635,-170,1440,21,-0.9641496120278017,1.597105712899669
176,1558558800,980,598,-382,1578,21,-2.1146629933745102,1.8905236727304886
176,1558573200,310,137,-173,447,21,-0.98043046176384,-0.5142278676220977
176,1558587600,43,47,4,90,21,-0.01986032733757867,-1.2732873724018265
176,1558602000,331,619,288,950,21,1.5213934476740496,0.5552593337902373
176,1558616400,491,684,193,1175,21,1.0058332060328359,1.0336581813404866
176,1558630800,754,633,-121,1387,21,-0.6982290663391757,1.4844162065878326
176,1558645200,949,504,-445,1453,21,-2.456560837831315,1.6247465352025723
176,1558659600,287,144,-143,431,21,-0.8176219644034567,-0.548247341225671
176,1558674000,44,40,-4,84,21,-0.06327592663368088,-1.2860446750031664
176,1558688400,290,617,327,907,21,1.7330444942425478,0.4638319984806341
176,1558702800,489,625,136,1114,21,0.6964970610481077,0.9039589382268635
176,1558717200,870,670,-200,1540,21,-1.1269581093881849,1.809727422922002
176,1558731600,634,491,-143,1125,21,-0.8176219644034567,0.92734732632932
176,1558746000,291,175,-116,466,21,-0.6710943167791118,-0.47382974271785444
176,1558760400,46,27,-19,73,21,-0.1446801753138725,-1.3094330631056232
176,1558774800,93,189,96,282,21,0.47941906456759664,-0.8650536891589472
176,1558789200,227,368,141,595,21,0.7236318106081716,-0.19954773678904483
176,1558803600,335,365,30,700,21,0.12124037037475349,0.023705058734404812
176,1558818000,302,359,57,661,21,0.26776801799909844,-0.05921740817430506
176,1558832400,217,147,-70,364,21,-0.4214546208265241,-0.6907038869406341
176,1558846800,51,22,-29,73,21,-0.19894967443400025,-1.3094330631056232
176,1558861200,65,143,78,208,21,0.38173396615136673,-1.0223937545754735
176,1558875600,205,283,78,488,21,0.38173396615136673,-0.42705296651294117
176,1558890000,263,293,30,556,21,0.12124037037475349,-0.2824702036977547
176,1558904400,258,293,35,551,21,0.14837511993481736,-0.29310128919887135
176,1558918800,200,131,-69,331,21,-0.4160276709145113,-0.760869051248004
176,1558933200,31,25,-6,56,21,-0.07412982645770644,-1.3455787538094197
176,1558947600,66,153,87,219,21,0.43057651535948166,-0.999005366473017
176,1558962000,172,303,131,475,21,0.6693623114880438,-0.45469378881584444
176,1558976400,343,379,36,722,21,0.15380206984683015,0.07048183493931807
176,1558990800,270,298,28,568,21,0.11038647055072794,-0.25695559849507477
176,1559005200,190,98,-92,288,22,-0.34005588352694976,-0.9894678915677678
176,1559019600,25,31,6,56,22,0.06932405698107166,-1.4245676314222888
176,1559034000,336,596,260,932,22,1.1303700252365558,0.21830897251116108
176,1559048400,438,758,320,1196,22,1.381010805139426,0.7134224695869953
176,1559062800,734,691,-43,1425,22,-0.13536591327293906,1.142895919702018
176,1559077200,1005,556,-449,1561,22,-1.831368523949028,1.3979543878925995
176,1559091600,297,121,-176,418,22,-0.6909529753909681,-0.7456620028561828
176,1559106000,49,26,-23,75,22,-0.05181898663864898,-1.388934463072134
176,1559120400,345,614,269,959,22,1.1679661422219862,0.2689455801666441
176,1559134800,466,756,290,1222,22,1.2556904151879908,0.7621836473293123
176,1559149200,833,690,-143,1523,22,-0.5531005464443896,1.32668805119229
176,1559163600,1226,583,-643,1809,22,-2.641773712301642,1.863061006357777
176,1559178000,349,132,-217,481,22,-0.8622241749912628,-0.6275099183267224
176,1559192400,20,42,22,62,22,0.13616159828850374,-1.4133150519432927
176,1559206800,341,621,280,962,22,1.213916951870846,0.27457186990614224
176,1559221200,443,750,307,1193,22,1.3267053028271374,0.7077961798474972
176,1559235600,819,558,-261,1377,22,-1.0460274135867011,1.0528752838700484
176,1559250000,1174,670,-504,1844,22,-2.0611225721933257,1.9287010533185884
176,1559264400,329,141,-188,470,22,-0.7410811313715422,-0.6481396473715488
176,1559278800,44,40,-4,84,22,0.027550593663926613,-1.3720555938536398
176,1559293200,302,674,372,976,22,1.5982328143885802,0.3008278886904668
176,1559307600,513,810,297,1323,22,1.2849318395099925,0.9516020685590822
176,1559322000,832,685,-147,1517,22,-0.5698099317712475,1.3154354717132937
176,1559336400,788,542,-246,1330,22,-0.9833672186109834,0.9647300779512444
176,1559350800,285,245,-40,530,22,-0.12283387427779556,-0.5356138525815864
176,1559365200,57,36,-21,93,22,-0.04346429397521997,-1.3551767246351454
176,1559379600,101,225,124,326,22,0.5622509241233832,-0.9182015548674584
176,1559394000,326,376,50,702,22,0.25312729557650987,-0.21303990751702784
176,1559408400,470,349,-121,819,22,-0.4611989271466704,0.006385392323398696
176,1559422800,365,375,10,740,22,0.08603344230792968,-0.14177357081671835
176,1559437200,235,224,-11,459,22,-0.00169083065807492,-0.6687693764163752
176,1559451600,45,42,-3,87,22,0.031727939995641115,-1.3664293041141415
176,1559466000,68,138,70,206,22,0.33667422221079996,-1.143253144447383
176,1559480400,246,356,110,602,22,0.5037680754793802,-0.4005828988336317
176,1559494800,343,394,51,737,22,0.2573046419082244,-0.14739986055621648
176,1559509200,267,306,39,573,22,0.2071764859276503,-0.45497036631544685
176,1559523600,171,136,-35,307,22,-0.10194714261922302,-0.9538347232176131
176,1559538000,20,54,34,74,22,0.1862897542690778,-1.3908098929853001
176,1559552400,317,578,261,895,22,1.1345473715682703,0.14891806572401764
176,1559566800,418,755,337,1173,22,1.4520256927785726,0.6702875815841765
176,1559581200,688,628,-60,1316,22,-0.20638080091208563,0.93847405916692
176,1559595600,1030,503,-527,1533,22,-2.1572015378227594,1.3454423503239503
176,1559610000,259,150,-109,409,23,-0.40625466565163304,-0.7349347753122706
176,1559624400,28,28,0,56,23,0.04925203514512819,-1.3772824130402506
176,1559638800,311,680,369,991,23,1.591288480961687,0.32411997017692007
176,1559653200,466,806,340,1272,23,1.4700986247864019,0.8354505259887115
176,1559667600,726,584,-142,1310,23,-0.5441603640579921,0.9045984303333665
176,1559682000,1010,520,-490,1530,23,-1.9984386381614132,1.3049284028550538
176,1559696400,335,160,-175,495,23,-0.682066062464351,-0.5784421496901565
176,1559710800,39,30,-9,69,23,0.01164139012521212,-1.3536265510276053
176,1559725200,364,674,310,1038,23,1.3447298080533483,0.4096450097610987
176,1559739600,453,815,362,1268,23,1.5620357570573078,0.8281717992155899
176,1559754000,741,455,-286,1196,23,-1.145930684376649,0.6971547172994014
176,1559768400,1292,1218,-74,2510,23,-0.2599910461297373,3.0882164622698425
176,1559782800,276,177,-99,453,23,-0.3644650600739485,-0.6548687808079332
176,1559797200,40,28,-12,68,23,-0.0008954915480932365,-1.3554462327208858
176,1559811600,345,625,280,970,23,1.2193609913202947,0.2859066546180318
176,1559826000,488,795,307,1283,23,1.332192926380043,0.8554670246147958
176,1559840400,780,615,-165,1395,23,-0.6402764568866665,1.0592713742622002
176,1559854800,1080,498,-582,1578,23,-2.382903009476111,1.3922731241325128
176,1559869200,365,156,-209,521,23,-0.8241507214284783,-0.5311304256648662
176,1559883600,49,28,-21,77,23,-0.0385061365680093,-1.3390690974813622
176,1559898000,294,626,332,920,23,1.4366669403242542,0.19492256995401194
176,1559912400,449,738,289,1187,23,1.2569716363402108,0.6807775820598778
176,1559926800,837,579,-258,1416,23,-1.0289197887591324,1.0974846898210886
176,1559941200,803,468,-335,1271,23,-1.3506997517073032,0.8336308442954311
176,1559955600,342,184,-158,526,23,-0.6110237329822873,-0.5220320171984643
176,1559970000,65,31,-34,96,23,-0.09283262381899919,-1.3044951453090348
176,1559984400,83,200,117,283,23,0.538190420404037,-0.9642146686656006
176,1559998800,250,388,138,638,23,0.6259485921171746,-0.31822766755105986
176,1560013200,374,400,26,774,23,0.15790500964710794,-0.07075095726492593
176,1560027600,387,365,-22,752,23,-0.042685097125777755,-0.11078395451709466
176,1560042000,244,161,-83,405,23,-0.2976016911496533,-0.7422135020853922
176,1560056400,66,45,-21,111,23,-0.0385061365680093,-1.2771999199098287
176,1560070800,64,118,54,182,23,0.2749159052646246,-1.1480025196869206
176,1560085200,199,316,117,515,23,0.538190420404037,-0.5420485158245486
176,1560099600,328,416,88,744,23,0.417000564228752,-0.12534140806333782
176,1560114000,297,306,9,603,23,0.08686268016504425,-0.38191652681587374
176,1560128400,188,93,-95,281,23,-0.3477492178428747,-0.9678540320521614
176,1560142800,27,47,20,74,23,0.13283124630049722,-1.3445281425612035
176,1560157200,318,591,273,909,23,1.1901082674159156,0.17490607132792757
176,1560171600,462,665,203,1127,23,0.897581028372124,0.571596680463054
176,1560186000,748,571,-177,1319,23,-0.6904239835798879,0.9209755655728901
176,1560200400,1046,473,-573,1519,23,-2.3452923644561947,1.2849119042289694
176,1560214800,268,113,-155,381,24,-0.46630819513197513,-1.0824282153888836
176,1560229200,33,36,3,69,24,0.12192888934588572,-1.6805996158930872
176,1560243600,358,615,257,973,24,1.0675758479368773,0.052563672747297736
176,1560258000,466,777,311,1243,24,1.2686189021255132,0.5702120001067047
176,1560272400,814,533,-281,1347,24,-0.9354086549054591,0.7696024669414393
176,1560286800,999,538,-461,1537,24,-1.6055521688675791,1.1338735121202812
176,1560301200,303,183,-120,486,24,-0.33600251186156294,-0.8811205325268919
176,1560315600,39,38,-1,77,24,0.10703681125783861,-1.6652618876750307
176,1560330000,356,631,275,987,24,1.1345901993330891,0.07940469712889661
176,1560344400,490,756,266,1246,24,1.1010830236349833,0.5759636481884759
176,1560358800,836,693,-143,1529,24,-0.42163196086783383,1.1185357839022247
176,1560373200,1027,531,-496,1558,24,-1.7358578521379913,1.1741350486926796
176,1560387600,311,147,-164,458,24,-0.49981537083008115,-0.9348025812900896
176,1560402000,43,43,0,86,24,0.11075983077985038,-1.648006943429717
176,1560416400,360,633,273,993,24,1.1271441602890657,0.090907993292439
176,1560430800,502,846,344,1348,24,1.391478546351902,0.7715196829686963
176,1560445200,793,566,-227,1359,24,-0.7343656007168231,0.7926090592685241
176,1560459600,992,550,-442,1542,24,-1.5348147979493554,1.1434595922565665
176,1560474000,312,147,-165,459,24,-0.5035383903520929,-0.9328853652628326
176,1560488400,41,41,0,82,24,0.11075983077985038,-1.6556758075387454
176,1560502800,317,687,370,1004,24,1.488277053924208,0.1119973695922667
176,1560517200,467,784,317,1251,24,1.2909570192575839,0.5855497283247613
176,1560531600,847,570,-277,1417,24,-0.9205165768174121,0.9038075888494337
176,1560546000,730,532,-198,1262,24,-0.6263980345784815,0.6066391046245889
176,1561165200,9903,8847,-1056,18750,25,-3.4804916253026765,4.103647572489389
176,1561179600,58,48,-10,106,25,0.014106088071832517,-0.3727969417766427
176,1561194000,102,233,131,335,25,0.48517518710223956,-0.3178137947177003
176,1561208400,314,469,155,783,25,0.5653571614052876,-0.2102485113884157
176,1561222800,386,469,83,855,25,0.3248112384961436,-0.19296123371049495
176,1561237200,350,492,142,842,25,0.5219252586578033,-0.1960825477356751
176,1561251600,260,246,-14,506,25,0.0007424256879911826,-0.27675651023263853
176,1561266000,48,54,6,102,25,0.06756073760719786,-0.3737573460920827
176,1561280400,79,141,62,220,25,0.25465201098097656,-0.3454254187866015
176,1561294800,237,331,94,568,25,0.3615613100517072,-0.26187024334331793
176,1561309200,374,449,75,823,25,0.2980839137284609,-0.20064446823401527
176,1561323600,281,329,48,610,25,0.20787919263753185,-0.2517859980311975
176,1561338000,218,153,-65,371,25,-0.1696442697059858,-0.3091701558787399
176,1561352400,27,40,13,67,25,0.09094714677892018,-0.38216088385218305
176,1561366800,319,622,303,941,25,1.0598126696074168,-0.17231254092853407
176,1561381200,465,758,293,1223,25,1.0264035136478136,-0.10460403669001117
176,1561395600,662,624,-38,1286,25,-0.07943954861505682,-0.08947766872183052
176,1561410000,973,495,-478,1468,25,-1.5494424108376035,-0.04577927236930865
176,1561424400,317,190,-127,507,26,-0.3646926375658846,-0.5903853389378956
176,1561438800,40,33,-7,73,26,0.10853840847684598,-1.4393949354706208
176,1561453200,329,634,305,963,26,1.3389391281879455,0.3016616104144607
176,1561467600,508,742,234,1250,26,1.0589440926126632,0.8631034403796498
176,1561482000,720,638,-82,1358,26,-0.18723099529986065,1.0743777178578395
176,1561496400,1047,510,-537,1557,26,-1.981565378211881,1.4636701365445037
176,1561510800,444,195,-249,639,26,-0.8458108677093275,-0.3321612220201083
176,1561525200,45,25,-20,70,26,0.05727171182221683,-1.4452636654005704
176,1561539600,316,589,273,905,26,1.2127441825765506,0.1881994984354329
176,1561554000,496,822,326,1318,26,1.4217545612454234,0.99612798545851
176,1561568400,712,604,-108,1316,26,-0.2897643886091189,0.9922154988385435
176,1561582800,1028,525,-503,1553,26,-1.847483248499774,1.4558451633045708
176,1561597200,417,240,-177,657,26,-0.5618722400836891,-0.29694884244041
176,1561611600,33,21,-12,54,26,0.08882044822506555,-1.4765635583603023
176,1561626000,341,587,246,928,26,1.1062671972169362,0.23319309456504736
176,1561640400,506,787,281,1293,26,1.2442929189793994,0.947221902708929
176,1561654800,776,616,-160,1392,26,-0.49483117522763553,1.1408899903972696
176,1561669200,1124,500,-624,1624,26,-2.3246578865928607,1.5947384383133807
176,1561683600,397,222,-175,619,26,-0.5539850559829769,-0.37128608821977305
176,1561698000,57,34,-23,91,26,0.04544093567114857,-1.4041825558909224
176,1561711465,241,243,2,484,26,0.14403073693005078,-0.6353789350675101
176,1561712400,304,623,319,927,26,1.3941494168929307,0.23123685125506413
176,1561726800,491,785,294,1276,26,1.2955596156340285,0.913965766439214
176,1561741200,1240,625,-615,1865,26,-2.289165558139656,2.0661930760193408
176,1561755600,877,518,-359,1395,26,-1.2796059932484973,1.1467587203272194
176,1561770000,359,173,-186,532,26,-0.5973645685368938,-0.5414792561883147
176,1561784400,60,40,-20,100,26,0.05727171182221683,-1.3865763661010733
176,1561797314,69,39,-30,108,26,0.01783579131865595,-1.3709264196212074
176,1561798800,96,173,77,269,26,0.43980014070675744,-1.0559712467139062
176,1561813200,262,347,85,609,26,0.47134887710960616,-0.3908485213196054
176,1561827600,396,360,-36,756,26,-0.005825760983480583,-0.10328075475206948
176,1561842000,286,309,23,595,26,0.22684616998752863,-0.41823592765937073
176,1561856400,236,158,-78,394,26,-0.1714566270984363,-0.8114408329660014
176,1561870800,63,38,-25,101,26,0.03755375157043639,-1.3846201227910901
176,1561885200,72,145,73,217,26,0.4240257725053331,-1.1576958988330346
176,1561899600,253,496,243,749,26,1.094436421065868,-0.11697445792195214
176,1561914000,479,496,17,975,26,0.20318461768539212,0.3251365301342595
176,1561928400,488,340,-148,828,26,-0.44750807062336245,0.03756876356672362
176,1561942800,245,141,-104,386,26,-0.27399002040769455,-0.8270907794458674
176,1561957200,39,43,4,82,26,0.15191792103076296,-1.4217887456807716
176,1561971600,282,648,366,930,26,1.579498243259667,0.23710558118501385
176,1561986000,422,726,304,1148,26,1.3349955361375894,0.6635666227613596
176,1562000400,697,561,-136,1258,26,-0.4001849660190894,0.8787533868595158
176,1562014800,943,493,-450,1436,26,-1.6384728698309012,1.2269646960365321
176,1562029200,338,142,-196,480,27,-1.1730525402623442,-0.35282538502379596
176,1562043600,56,27,-29,83,27,-0.19626696241508476,-1.2892724959211537
176,1562058000,292,614,322,906,27,1.8567374556950238,0.6520271823370967
176,1562063356,184,300,116,484,27,0.6518402758355298,-0.3433901496495153
176,1562072400,530,643,113,1173,27,0.6342932295268965,1.2818291435703322
176,1562086800,745,599,-146,1344,27,-0.8806017684517875,1.6851854558208315
176,1562101200,968,601,-367,1569,27,-2.1732341798544486,2.21591744562412
176,1562115600,394,161,-233,555,27,-1.3894661114021563,-0.17591472175603318
176,1562130000,50,26,-24,76,27,-0.16702188523402908,-1.3057841578261449
176,1562143401,195,466,271,661,27,1.558437668448256,0.0741190156624049
176,1562144400,257,575,318,832,27,1.8333413939501793,0.4774753279129041
176,1562158800,423,717,294,1140,27,1.692965023481112,1.2039884517325166
176,1562173200,855,708,-147,1563,27,-0.8864507838879987,2.2017645925626987
176,1562187600,690,479,-211,1169,27,-1.2607877718055114,1.2723939081960516
176,1562202000,333,143,-190,476,27,-1.1379584476450775,-0.36226062039807666
176,1562216400,52,29,-23,81,27,-0.16117286979781795,-1.293990113608294
176,1562230800,117,172,55,289,27,0.2950503342266506,-0.8033578741456986
176,1562245200,232,265,33,497,27,0.16637199463000563,-0.31272563468310305
176,1562259600,262,306,44,568,27,0.2307111644283281,-0.14525020678962097
176,1562274000,409,264,-145,673,27,-0.8747527530155764,0.10242472178524695
176,1562288400,237,264,27,501,27,0.1312779020127388,-0.3032903993088224
176,1562302800,27,30,3,57,27,-0.009098468456328432,-1.350601525853978
176,1562313283,32,193,161,225,27,0.915045970465031,-0.9543216401341895
176,1562317200,162,471,309,633,27,1.780700255024279,0.008072368042440128
176,1562331600,286,496,210,782,27,1.2016477268393766,0.3595348857343955
176,1562346000,555,572,17,1127,27,0.07278774765062747,1.1733239367661044
176,1562360400,476,470,-6,946,27,-0.061739607382228646,0.7463795360799035
176,1562374800,312,154,-158,466,27,-0.9507899536863211,-0.38584870883377836
176,1562389200,70,37,-33,107,27,-0.2196630241599293,-1.2326610836754697
176,1562403600,131,133,2,264,27,-0.014947483892539568,-0.8623280952349528
176,1562418000,183,225,42,408,27,0.21901313355590585,-0.5226596217608482
176,1562432400,336,292,-44,628,27,-0.2840021939582518,-0.0037216761754107256
176,1562446800,321,224,-97,545,27,-0.594000012077442,-0.19950281019173488
176,1562461200,205,137,-68,342,27,-0.424378564427319,-0.6783410054364795
176,1562475600,54,28,-26,82,27,-0.17871991610645135,-1.2916313047647239
176,1562490000,83,92,9,175,27,0.02599562416093838,-1.072262082312698
176,1562504400,189,183,-6,372,27,-0.061739607382228646,-0.6075767401293743
176,1562518800,296,258,-38,554,27,-0.24890810134098498,-0.17827353059960335
176,1562533200,273,229,-44,502,27,-0.2840021939582518,-0.3009315904652522
176,1562547600,187,113,-74,300,27,-0.45947265704458584,-0.7774109768664267
176,1562562000,37,28,-9,65,27,-0.07928665369086206,-1.3317310551054167
176,1562576400,303,559,256,862,27,1.470702436905089,0.5482395932200091
176,1562590800,405,727,322,1132,27,1.8567374556950238,1.1851179809839552
176,1562605200,627,617,-10,1244,27,-0.0851356691270732,1.4493045714638144
176,1562619600,894,499,-395,1393,27,-2.33700661206836,1.8007670891557697
176,1562634000,277,120,-157,397,28,-0.5281943525964182,-0.766141577561811
176,1562648400,34,28,-6,62,28,0.1468980666229458,-1.4322075684351847
176,1562662800,354,627,273,981,28,1.3942542584256117,0.3950003289159509
176,1562677200,457,727,270,1184,28,1.3808418262556905,0.7986164368183236
176,1562691600,684,556,-128,1240,28,-0.39854084162051384,0.9099588114120816
176,1562706000,1018,505,-513,1523,28,-2.119802970093727,1.4726354544483944
176,1562720400,326,117,-209,443,28,-0.7606765102083847,-0.6746817698597956
176,1562734800,36,36,0,72,28,0.1737229309627881,-1.4123250015434423
176,1562749200,335,593,258,928,28,1.327192097576006,0.28962272438971565
176,1562763600,473,772,299,1245,28,1.510495337231595,0.9199000948579529
176,1562778000,719,644,-75,1363,28,-0.1615878732852404,1.1545143841805143
176,1562792400,1042,561,-481,1603,28,-1.9767370269479014,1.6316959895823344
176,1562806800,334,143,-191,477,28,-0.6802019171888578,-0.6070810424278711
176,1562821200,48,26,-22,74,28,0.07536509505003305,-1.4083484881650938
176,1562835600,334,627,293,961,28,1.4836704728917527,0.3552351951324659
176,1562850000,603,766,163,1369,28,0.9024650788618367,1.1664439243155598
176,1562864400,751,611,-140,1362,28,-0.45219057030019844,1.15252612749134
176,1562878800,1003,569,-434,1572,28,-1.7666089229524702,1.5700600322179326
176,1562893200,294,127,-167,421,28,-0.5729024598294886,-0.718423417021629
176,1562907600,47,28,-19,75,28,0.0887775272199542,-1.4063602314759194
176,1562922000,319,556,237,875,28,1.233305072386558,0.1842451198634804
176,1562936400,459,763,304,1222,28,1.5328493908481302,0.8741701910069452
176,1562950800,825,569,-256,1394,28,-0.9708046142038158,1.2161503415449162
176,1562965200,752,460,-292,1212,28,-1.1317538002428695,0.8542876241152026
176,1562979600,354,224,-130,578,28,-0.40748246306712793,-0.4062671168212718
176,1562994000,63,29,-34,92,28,0.021715366370348498,-1.3725598677599573
176,1563008400,108,137,29,245,28,0.30337644193869245,-1.068356594316297
176,1563022800,346,313,-33,659,28,0.026186177093655547,-0.24521832499815757
176,1563037200,399,306,-93,705,28,-0.24206246630476724,-0.15375851729614207
176,1563051600,384,371,-13,755,28,0.11560239155979647,-0.05434568283742957
176,1563066000,377,269,-108,646,28,-0.30912462715437294,-0.2710656619574228
176,1563080400,53,37,-16,90,28,0.10218995938987534,-1.3765363811383058
176,1563094800,81,72,-9,153,28,0.13348563445302467,-1.251276209720328
176,1563109200,238,212,-26,450,28,0.057481852156804875,-0.6607639730355758
176,1563123600,311,248,-63,559,28,-0.10793814460555586,-0.4440439939155825
176,1563138000,249,249,0,498,28,0.1737229309627881,-0.5653276519552118
176,1563152400,198,89,-109,287,28,-0.31359543787767996,-0.9848498133709785
176,1563166800,30,29,-1,59,28,0.16925212023948105,-1.4381723385027074
176,1563181200,323,642,319,965,28,1.5999115516977358,0.3631882218891629
176,1563195600,430,768,338,1198,28,1.6848569554405697,0.8264520304667631
176,1563210000,730,585,-145,1315,28,-0.47454462391673363,1.0590780631001504
176,1563224400,1047,502,-545,1549,28,-2.2628689132395525,1.5243301283669248
176,1563238800,282,177,-105,459,29,-0.4810835231716452,-0.6187741916325927
176,1563253200,50,34,-16,84,29,-0.09167464278714764,-1.3514229300338358
176,1563267600,332,620,288,952,29,1.2384410834700126,0.3444146831189083
176,1563282000,495,745,250,1240,29,1.0721766176878675,0.9070889142110631
176,1563296400,787,673,-114,1460,29,-0.5204619492779428,1.3369095074064592
176,1563310800,1033,504,-529,1537,29,-2.3362449308461057,1.4873467150248476
176,1563325200,306,174,-132,480,29,-0.5992188014905377,-0.5777458622821231
176,1563339600,40,27,-13,67,29,-0.07854850075171514,-1.3846363395080257
176,1563354000,340,642,302,982,29,1.2996964129686976,0.4030265821910078
176,1563368400,467,858,391,1325,29,1.6891052933531951,1.0731559615820117
176,1563382800,747,579,-168,1326,29,-0.7567325059157278,1.0751096915510816
176,1563397200,1029,615,-414,1644,29,-1.833076152821193,1.6963958217153359
176,1563411600,303,163,-140,466,29,-0.6342218469183578,-0.6050980818491029
176,1563426000,26,25,-1,51,29,-0.026043932609985124,-1.4158960190131453
176,1563440400,331,608,277,939,29,1.19031189600676,0.3190161935209986
176,1563454800,456,838,382,1294,29,1.6497268672468977,1.012590332540842
176,1563469200,724,551,-173,1275,29,-0.7786094093081153,0.9754694631285125
176,1563483600,1010,536,-474,1546,29,-2.095598993529843,1.5049302847464776
176,1563498000,317,178,-139,495,29,-0.6298464662398803,-0.5484399127460734
176,1563512400,39,38,-1,77,29,-0.026043932609985124,-1.3650990398173257
176,1563526800,271,583,312,854,29,1.3434502197534726,0.1529491461500501
176,1563541200,430,735,305,1165,29,1.3128225550041301,0.7605591665308145
176,1563555600,840,637,-203,1477,29,-0.9098708296624404,1.3701229168806488
176,1563570000,575,586,11,1161,29,0.026460635531744887,0.7527442466545345
176,1563584400,298,144,-154,442,29,-0.6954771764170428,-0.6519876011067824
176,1563598800,65,33,-32,98,29,-0.16168073364278765,-1.324070710466856
176,1563613200,90,163,73,253,29,0.29773423759734996,-1.021242565261009
176,1563627600,227,344,117,571,29,0.49025098745036,-0.39995643509675477
176,1563642000,292,398,106,690,29,0.4421217999871075,-0.16746256877742693
176,1563656400,278,377,99,655,29,0.41149413523776496,-0.2358431176948763
176,1563670800,215,140,-75,355,29,-0.3498221028173202,-0.8219621084158708
176,1563685200,61,25,-36,86,29,-0.17918225635669766,-1.347515470095696
176,1563699600,65,123,58,188,29,0.23210352742018744,-1.1482350132505579
176,1563714000,174,243,69,417,29,0.28023271488344,-0.700830850333532
176,1563728400,296,326,30,622,29,0.1095928684228174,-0.3003162066741857
176,1563742800,245,236,-9,481,29,-0.061046978037805136,-0.5757921323130532
176,1563757200,156,99,-57,255,29,-0.27106525060472514,-1.017335105322869
176,1563771600,37,49,12,86,29,0.030836016210222385,-1.347515470095696
176,1563786000,297,613,316,910,29,1.3609517424673827,0.26235802441796907
176,1563800400,439,804,365,1243,29,1.57534539571278,0.912950104118273
176,1563814800,733,616,-117,1349,29,-0.5335880913133753,1.1200454808396911
176,1563829200,988,535,-453,1523,29,-2.0037159992818157,1.459994495457868
176,1563843600,321,240,-81,561,30,-0.504443354199992,-0.48101466573766266
176,1563858000,39,48,9,87,30,-0.07065493234723015,-1.4636811236301783
176,1563872400,330,572,242,902,30,1.052375093116031,0.22592470586855648
176,1563879438,195,307,112,502,30,0.42579181710648617,-0.6033296889774483
176,1563879526,241,555,314,796,30,1.3994058305982402,0.006172291234365193
176,1563886800,411,689,278,1100,30,1.2258904618571358,0.6364056313173289
176,1563901200,736,674,-62,1410,30,-0.41286579847552,1.2790777873229826
176,1563915600,977,616,-361,1593,30,-1.8540073332974734,1.6584616729650299
176,1563930000,365,182,-183,547,30,-0.9960702322997886,-0.5100385695572728
176,1563944400,55,27,-28,82,30,-0.24899017244225444,-1.4740468035657535
176,1563958800,336,656,320,992,30,1.4283250587217577,0.4125069447089076
176,1563973200,449,764,315,1213,30,1.4042257019521598,0.8706699978613253
176,1563987600,746,614,-132,1360,30,-0.7502567932498903,1.175420987967232
176,1564002000,968,635,-333,1603,30,-1.7190509353877252,1.67919303283618
176,1564016400,361,216,-145,577,30,-0.8129151208508448,-0.4478444899438225
176,1564030800,50,22,-28,72,30,-0.24899017244225444,-1.4947781634369035
176,1564045200,320,670,350,990,30,1.572921199339345,0.4083606727346775
176,1564059600,457,820,363,1277,30,1.6355795269402995,1.003350701036686
176,1564074000,680,660,-20,1340,30,-0.21043120161089782,1.1339582682249318
176,1564088400,924,554,-370,1478,30,-1.8973861754827495,1.4200510344468034
176,1564102800,332,175,-157,507,30,-0.8707535770978797,-0.5929640090418733
176,1564117200,66,34,-32,100,30,-0.2682696578579327,-1.4367303557976832
176,1564131600,284,606,322,890,30,1.437964801429597,0.20104707402317634
176,1564146000,443,704,261,1147,30,1.143952648840503,0.7338430227117344
176,1564160400,842,635,-207,1477,30,-1.1117471447938585,1.4179778984596885
176,1564174800,729,586,-143,1315,30,-0.8032753781430056,1.0821298685470564
176,1564189200,330,211,-119,541,30,-0.6875984656489358,-0.5224773854799629
176,1564203600,64,44,-20,108,30,-0.21043120161089782,-1.4201452679007631
176,1564218000,88,190,102,278,30,0.3775931035672904,-1.067712150091211
176,1564232400,241,370,129,611,30,0.5077296301231189,-0.37735786638191204
176,1564246800,366,412,46,778,30,0.10768030774779415,-0.031144156533705024
176,1564261200,356,366,10,722,30,-0.06583506099331057,-0.1472397718121457
176,1564275600,229,172,-57,401,30,-0.3887664417059221,-0.8127164236760646
176,1564290000,57,42,-15,99,30,-0.18633184484129994,-1.4388034917847983
176,1564304400,66,149,83,215,30,0.28601554784281846,-1.1983197172794569
176,1564318800,226,336,110,562,30,0.416152074398647,-0.47894152975054766
176,1564333200,311,383,72,694,30,0.23299696294970312,-0.20528757945136605
176,1564347600,288,297,9,585,30,-0.07065493234723015,-0.4312594020469024
176,1564362000,183,118,-65,301,30,-0.42732541253727874,-1.0200300223875658
176,1564376400,41,39,-2,80,30,-0.12367351724034548,-1.4781930755399835
176,1564390800,308,681,373,989,30,1.6837782404794952,0.4062875367475625
176,1564405200,425,738,313,1163,30,1.3945859592443208,0.7670131985055746
176,1564419600,710,582,-128,1292,30,-0.730977307834212,1.0344477408434112
176,1564434000,980,576,-404,1556,30,-2.061261801516015,1.5817556414417744
176,1564448400,300,136,-164,436,31,-0.6259972337029388,-0.9704644177705619
176,1564462800,35,35,0,70,31,0.025834806470280015,-1.6597075812324487
176,1564477200,320,624,304,944,31,1.2341088321572222,-0.01380997230980108
176,1564491600,498,755,257,1253,31,1.0473033084490437,0.5680920427440869
176,1564506000,745,660,-85,1405,31,-0.31200497044876635,0.8543351051654169
176,1564520400,979,551,-428,1530,31,-1.6752878349573888,1.089732360446116
176,1564534800,322,143,-179,465,31,-0.6856160178651235,-0.9158522545454397
176,1564549200,38,37,-1,75,31,0.021860220859467705,-1.6502916910212206
176,1564563600,316,623,307,939,31,1.2460325889896593,-0.023225862521029043
176,1564578000,490,808,318,1298,31,1.2897530307085947,0.6528350546451386
176,1564592400,773,694,-79,1467,31,-0.2881574567838925,0.9710921437846437
176,1564606800,1030,721,-309,1751,31,-1.2023121472707239,1.5059147077823918
176,1564621200,313,137,-176,450,31,-0.6736922610326865,-0.9440999251791237
176,1564635600,35,42,7,77,31,0.05365690574596619,-1.6465253349367295
176,1564650000,337,690,353,1027,31,1.4288635270870256,0.14249380519658308
176,1564664400,486,787,301,1273,31,1.2221850753247854,0.6057556035889987
176,1564678800,801,568,-233,1369,31,-0.9002436408489882,0.7865406956445756
176,1564693200,938,559,-379,1497,31,-1.4805331400275856,1.0275874850520115
176,1564707600,339,137,-202,476,31,-0.7770314869138066,-0.8951372960807382
176,1564722000,40,37,-3,77,31,0.013911049637843086,-1.6465253349367295
176,1564736400,295,652,357,947,31,1.4447618695302746,-0.008160438183064304
176,1564750800,445,763,318,1208,31,1.2897530307085947,0.48334903084303527
176,1564765200,868,598,-270,1466,31,-1.0473033084490437,0.969208965742398
176,1564779600,751,581,-170,1332,31,-0.6498447473678127,0.7168631080814887
176,1565398800,9109,8964,-145,18073,32,-0.9584407604703542,4.104037949266003
176,1565413200,53,34,-19,87,32,-0.24055976814975866,-0.37129981446634697
176,1565427600,107,237,130,344,32,0.6083629926103107,-0.307352199361309
176,1565442000,260,365,105,625,32,0.46592628778479567,-0.23743282253439968
176,1565456400,400,392,-8,792,32,-0.17788761802653205,-0.19587931388637886
176,1565470800,321,358,37,679,32,0.07849845065939494,-0.22399635866018935
176,1565485200,271,166,-105,437,32,-0.7305420327495302,-0.28421162268905786
176,1565499600,64,38,-26,102,32,-0.28044204550090285,-0.36756746339017743
176,1565514000,71,154,83,225,32,0.3405819875383425,-0.33696218456558724
176,1565528400,204,301,97,505,32,0.4203465422406309,-0.267291631143756
176,1565542800,321,461,140,782,32,0.6653376745405166,-0.19836754793715855
176,1565557200,254,351,97,605,32,0.4203465422406309,-0.24240929063595906
176,1565571600,219,118,-101,337,32,-0.7077521599774479,-0.3090939631968547
176,1565586000,37,48,11,85,32,-0.06963572235914066,-0.3717974612765029
176,1565600400,274,635,361,909,32,1.9244781451980693,-0.1667669754922565
176,1565614800,408,746,338,1154,32,1.7934363767585955,-0.10580524124815412
176,1565629200,706,550,-156,1256,32,-1.0211129105935808,-0.08042525393020128
176,1565643600,925,504,-421,1429,32,-2.5309419817440397,-0.03737880485171265
176,1565658000,303,116,-187,419,33,-0.8802029066445433,-0.6873162460549116
176,1565672400,40,30,-10,70,33,-0.07249461903435087,-1.4055488608503672
176,1565686800,305,586,281,891,33,1.2554325656807113,0.2840470610610056
176,1565701200,427,771,344,1198,33,1.542921956186034,0.915844805308011
176,1565715600,909,633,-276,1542,33,-1.2863387122790468,1.6237875545619844
176,1565730000,957,565,-392,1522,33,-1.8156842567015457,1.5826280923960558
176,1565744400,306,140,-166,446,33,-0.7843731098094356,-0.6317509721309078
176,1565758800,43,35,-8,78,33,-0.06336797171672157,-1.3890850759839959
176,1565772687,222,603,381,825,33,1.711764931562176,0.1482208359134409
176,1565773200,318,565,247,883,33,1.1002795612810132,0.2675832761946341
176,1565787600,461,822,361,1283,33,1.620498458385883,1.0907725195132079
176,1565802000,784,641,-143,1425,33,-0.6794166656566988,1.3830047008913018
176,1565816400,924,533,-391,1457,33,-1.8111209330427311,1.4488598403567876
176,1565830800,328,146,-182,474,33,-0.85738628835047,-0.5741277250986077
176,1565845200,38,44,6,82,33,0.000518559506683481,-1.38085318355081
176,1565859600,294,672,378,966,33,1.698074960585732,0.43839504418323816
176,1565874000,443,798,355,1241,33,1.593118516432995,1.0043376489647577
176,1565888400,799,654,-145,1453,33,-0.688543312974328,1.440627947923602
176,1565902800,898,551,-347,1449,33,-1.6103346920548867,1.432396055490416
176,1565917200,343,156,-187,499,33,-0.8802029066445433,-0.5226783973911968
176,1565931600,38,26,-12,64,33,-0.08162126635198015,-1.4178966995001459
176,1565946000,292,560,268,852,33,1.1961093581161208,0.20378610983744463
176,1565946076,0,5,5,5,33,-0.0040447641521311655,-1.5393171128896355
176,1565960400,446,687,241,1133,33,1.0728996193281255,0.7820765532687428
176,1565974800,808,594,-214,1402,33,-1.0034126454325387,1.3356713194004837
176,1565989200,668,464,-204,1132,33,-0.9577794088443922,0.7800185801604463
176,1566003600,332,193,-139,525,33,-0.6611633710214402,-0.4691710965754895
176,1566018000,70,45,-25,115,33,-0.14094447391657056,-1.3129400709770276
176,1566032400,80,198,118,278,33,0.5116108092939239,-0.9774904543247088
176,1566046800,241,337,96,578,33,0.41121768880000165,-0.36009852183577845
176,1566061200,364,390,26,754,33,0.09178503268297641,0.0021047452243940384
176,1566075600,322,383,61,705,33,0.251501360741489,-0.09873593708213126
176,1566090000,269,157,-112,426,33,-0.5379536322334448,-0.6729104342968365
176,1566104400,61,33,-28,94,33,-0.1546344448930145,-1.3561575062512528
176,1566118800,76,160,84,236,33,0.3564578048942259,-1.063925324873159
176,1566133200,193,313,120,506,33,0.5207374566115531,-0.5082725856331217
176,1566147600,329,338,9,667,33,0.01420853048312742,-0.17693891519739577
176,1566162000,281,299,18,580,33,0.05527844341245924,-0.3559825756191856
176,1566176400,201,89,-112,290,33,-0.5379536322334448,-0.9527947770251516
176,1566190800,32,46,14,78,33,0.03702514877720065,-1.3890850759839959
176,1566205200,275,599,324,874,33,1.451655483009741,0.2490615182199662
176,1566219600,407,689,282,1096,33,1.259995889339526,0.7059315482617747
176,1566234000,654,523,-131,1177,33,-0.624656781750923,0.8726273700337859
176,1566248400,855,506,-349,1361,33,-1.619461339372516,1.25129442196033
176,1566262800,261,126,-135,387,34,-0.6935323929744165,-0.7889684740016449
176,1566277200,41,47,6,88,34,0.006979091111289541,-1.410034486445239
176,1566291600,295,636,341,931,34,1.6713148866340664,0.3409977827519175
176,1566306000,430,657,227,1087,34,1.1049438995009422,0.6650322240268361
176,1566320400,747,623,-124,1370,34,-0.6388825608826239,1.2528639348012078
176,1566334800,948,533,-415,1481,34,-2.0846190280382295,1.4834269026314384
176,1566349200,324,144,-180,468,34,-0.9170998878953864,-0.6207198218012063
176,1566363600,39,48,9,87,34,0.02188359077268754,-1.4121116302995653
176,1566378000,313,597,284,910,34,1.3881293930675043,0.29737776181106307
176,1566392400,421,699,278,1120,34,1.3583203937447084,0.7335779712196073
176,1566406800,713,603,-110,1316,34,-0.5693282291294331,1.140698166667582
176,1566421200,939,627,-312,1566,34,-1.5728978729968983,1.6599841302491825
176,1566435600,304,128,-176,432,34,-0.8972272216801891,-0.6954970005569568
176,1566450000,40,47,7,87,34,0.011947257665088874,-1.4121116302995653
176,1566464400,295,649,354,944,34,1.7359010518334577,0.3680006528581607
176,1566478800,430,683,253,1113,34,1.2341162298997248,0.7190379642393225
176,1566493200,794,696,-98,1490,34,-0.5097102304838411,1.5021211973203759
176,1566507600,845,596,-249,1441,34,-1.2599033801075405,1.4003411484583823
176,1566522000,298,169,-129,467,34,-0.6637233936516205,-0.6227969656555328
176,1566536400,42,52,10,94,34,0.026851757326486873,-1.3975716233192805
176,1566550800,267,594,327,861,34,1.6017605548808755,0.19559771294906939
176,1566565200,437,731,294,1168,34,1.4378110586054975,0.8332808762272746
176,1566579600,862,607,-255,1469,34,-1.2897123794303362,1.4585011763795215
176,1566594000,647,525,-122,1172,34,-0.6289462277750252,0.8415894516445802
176,1566608400,335,177,-158,512,34,-0.8078002237118012,-0.5293254922108447
176,1566622800,75,45,-30,120,34,-0.17187490482548645,-1.343565883106794
176,1566637200,110,223,113,333,34,0.5385729123678181,-0.9011342421352706
176,1566651600,264,366,102,630,34,0.4839230802760255,-0.28422251740032933
176,1566666000,376,417,41,793,34,0.1808649204942662,0.054351930854874095
176,1566680400,360,349,-11,709,34,-0.07747974030329913,-0.12012815290854363
176,1566694800,260,158,-102,418,34,-0.5295828966990385,-0.7245770145175264
176,1566709200,53,34,-19,87,34,-0.11722507273369379,-1.4121116302995653
176,1566723600,89,137,48,226,34,0.21564208637086155,-1.1233886345481956
176,1566738000,187,260,73,447,34,0.3398462502158448,-0.6643398427420608
176,1566752400,307,344,37,651,34,0.16099225427906888,-0.2406024964594749
176,1566766800,297,266,-31,563,34,-0.1768430713792858,-0.42339115564019825
176,1566781200,195,110,-85,305,34,-0.4451240652844498,-0.9592942700564098
176,1566795600,31,36,5,67,34,0.002010924557490208,-1.4536545073860934
176,1566810000,283,573,290,856,34,1.4179383923903002,0.18521199367743738
176,1566824400,400,741,341,1141,34,1.6713148866340664,0.7771979921604618
176,1566838800,689,577,-112,1266,34,-0.5792645622370318,1.036840973951262
176,1566853200,964,570,-394,1534,34,-1.9802875304084435,1.5935155269107375
176,1566867600,277,99,-178,376,35,-0.8524150729051326,-0.6709565237679799
176,1566882000,44,37,-7,81,35,-0.02421633729844127,-1.31608700099018
176,1566896400,290,696,406,986,35,1.9760531235528076,0.6630420901491116
176,1566910800,435,738,303,1173,35,1.4771965752049174,1.0719892062187775
176,1566925200,775,591,-184,1366,35,-0.8814746776632622,1.4940576201302507
176,1566939600,988,522,-466,1510,35,-2.2472761012953497,1.8089687683336297
176,1566954000,288,149,-139,437,35,-0.6635276419772907,-0.5375566623762708
176,1566968400,36,36,0,72,35,0.009686534919376507,-1.3357689477528911
176,1566982800,299,670,371,969,35,1.8065387624637186,0.6258650795973238
176,1566997200,417,706,289,1123,35,1.409390830769282,0.9626450575370487
176,1567011600,766,610,-156,1376,35,-0.7458631887919911,1.5159264498665965
176,1567026000,948,541,-407,1489,35,-1.9615233211737428,1.7630442258873036
176,1567040400,287,149,-138,436,35,-0.6586843745176025,-0.5397435453499053
176,1567054800,45,33,-12,78,35,-0.04843267459688254,-1.3226476499110835
176,1567069200,296,608,312,904,35,1.5207859823421117,0.4837176863110764
176,1567083600,400,708,308,1108,35,1.5014129125033586,0.92984181293253
176,1567098000,801,539,-262,1340,35,-1.259249539518946,1.4371986628157516
176,1567112400,885,550,-335,1435,35,-1.6128080640761886,1.6449525453110365
176,1567126800,288,181,-107,469,35,-0.5085430832672666,-0.46757640721996424
176,1567141200,56,33,-23,89,35,-0.10170861665345333,-1.2985919372011032
176,1567155600,248,664,416,912,35,2.02448579814969,0.501212750100153
176,1567170000,425,618,193,1043,35,0.9444371546392095,0.7876944196462825
176,1567184400,882,573,-309,1455,35,-1.4868831101242939,1.688690204783728
176,1567198800,571,448,-123,1019,35,-0.5860353626222787,0.7352092282790527
176,1567213200,325,158,-167,483,35,-0.7991391308485619,-0.4369600455890802
176,1567227600,75,33,-42,108,35,-0.19373069838753015,-1.2570411607020464
176,1567242000,100,203,103,303,35,0.5085430832672666,-0.830598980843304
176,1567256400,225,362,137,587,35,0.6732141768966673,-0.20952421633108426
176,1567270800,351,343,-8,694,35,-0.029059604758129524,0.024472261847815403
176,1567285200,351,329,-22,680,35,-0.09686534919376508,-0.006144099783068666
176,1567299600,240,166,-74,406,35,-0.3487152570975543,-0.6053500345589425
176,1567314000,51,29,-22,80,35,-0.09686534919376508,-1.3182738839638144
176,1567328400,66,136,70,202,35,0.3487152570975543,-1.0514741611803962
176,1567342800,216,224,8,440,35,0.04843267459688254,-0.530996013455367
176,1567357200,308,363,55,671,35,0.2760662452022305,-0.025826046545779854
176,1567371600,293,315,22,608,35,0.1162384190325181,-0.16359967388475816
176,1567386000,199,132,-67,331,35,-0.3148123848797365,-0.7693662575815358
176,1567400400,45,31,-14,76,35,-0.05811920951625905,-1.3270214158583526
176,1567414800,71,142,71,213,35,0.3535585245572425,-1.0274184484704159
176,1567429200,211,282,71,493,35,0.3535585245572425,-0.41509121585273445
176,1567443600,245,321,76,566,35,0.3777748618556838,-0.25544875877741036
176,1567458000,262,229,-33,491,35,-0.15014129125033587,-0.4194649818000036
176,1567472400,182,88,-94,270,36,-0.36933786145090214,-0.9959268526782048
176,1567486800,31,33,2,64,36,0.06416418349346067,-1.4005835226026824
176,1567501200,310,586,276,896,36,1.3014512701054963,0.23375797922821767
176,1567515600,409,704,295,1113,36,1.387248549834068,0.6600225295855559
176,1567530000,764,544,-220,1308,36,-0.9383092954403782,1.043071319077173
176,1567544400,1040,561,-479,1601,36,-2.1078616875298573,1.6186266796979107
176,1567558800,257,149,-108,406,36,-0.43255690967195504,-0.7287748764173846
176,1567573200,39,49,10,88,36,0.10028935390549092,-1.3534390562037142
176,1567583188,111,96,-15,207,36,-0.012601803632103567,-1.1196810769754966
176,1567587600,287,627,340,914,36,1.5904526334017381,0.26911632902744387
176,1567602000,453,712,259,1165,36,1.224685282979932,0.7621688734499871
176,1567616400,838,605,-233,1443,36,-0.9970126973599274,1.3082589425713695
176,1567630800,966,553,-413,1519,36,-1.8098290316306076,1.4575497528347692
176,1567645200,312,139,-173,451,36,-0.7260739192697007,-0.6403790019193191
176,1567659600,47,44,-3,91,36,0.04158595198594178,-1.347545997903843
176,1567674000,309,599,290,908,36,1.3646703183265492,0.2573302124277018
176,1567688400,449,773,324,1222,36,1.5182022925776777,0.8741369811475367
176,1567702800,806,580,-226,1386,36,-0.965403173249401,1.19629083487382
176,1567717200,974,571,-403,1545,36,-1.7646725686155698,1.5086229247669847
176,1567731600,318,184,-134,502,36,-0.5499637135110533,-0.5401970108215115
176,1567746000,55,41,-14,96,36,-0.008086157330599789,-1.3377242340707247
176,1567760400,311,693,382,1004,36,1.780109778064897,0.4459080780235749
176,1567774800,463,718,255,1181,36,1.206622697773917,0.7935985177159659
176,1567789200,826,652,-174,1478,36,-0.7305895655712045,1.3770112894031983
176,1567803600,911,609,-302,1520,36,-1.308592292163688,1.4595141056013927
176,1567818000,312,195,-117,507,36,-0.47319772638548907,-0.5303752469883931
176,1567832400,91,42,-49,133,36,-0.16613377788323205,-1.2650431817056487
176,1567846800,97,207,110,304,36,0.5518539840558688,-0.9291388586129997
176,1567861200,271,352,81,623,36,0.4209002413122592,-0.3025103260600464
176,1567875600,394,411,17,805,36,0.13189887801601738,0.055001877465462985
176,1567890000,344,422,78,766,36,0.40735330240774786,-0.02160788043286046
176,1567904400,259,186,-73,445,36,-0.27450928911932276,-0.6521651185190611
176,1567918800,56,47,-9,103,36,0.014492074176919107,-1.323973764704359
176,1567933200,90,136,46,226,36,0.26285262075962695,-1.0823583744096466
176,1567947600,221,297,76,518,36,0.3983220098047403,-0.5087673665555326
176,1567962000,293,335,42,628,36,0.24479003555361187,-0.292688562226928
176,1567976400,267,280,13,547,36,0.11383629281000225,-0.45180113632344593
176,1567990800,186,83,-103,269,36,-0.40997867816443617,-0.9978912054448285
176,1568005200,30,43,13,73,36,0.11383629281000225,-1.3829043477030694
176,1568019600,358,626,268,984,36,1.265326099693466,0.40662102269110134
176,1568034000,447,738,291,1185,36,1.3691859646280529,0.8014559287824606
176,1568048400,822,613,-209,1435,36,-0.8886371861238367,1.29254412043838
176,1568062800,962,520,-442,1482,36,-1.9407827743742172,1.384868700469693
176,1568077200,279,151,-128,430,37,-0.4462902988250237,-0.7170812590691673
176,1568091600,35,36,1,71,37,0.07335123929051082,-1.3856958638197552
176,1568106000,356,706,350,1062,37,1.479203152486802,0.45997843508785674
176,1568120400,505,744,239,1249,37,1.0320697359687838,0.8082540091501408
176,1568134800,812,554,-258,1366,37,-0.969960065918198,1.0261590474671847
176,1568149200,1119,513,-606,1632,37,-2.3717837501368493,1.5215670832990968
176,1568163600,318,132,-186,450,37,-0.6799275795281322,-0.6798325345705273
176,1568178000,37,29,-8,66,37,0.03709717849175259,-1.3950080449444153
176,1568192400,350,629,279,979,37,1.193198895074376,0.3053962284185008
176,1568206800,456,720,264,1176,37,1.1327754604097788,0.6722961647301048
176,1568221200,844,611,-233,1455,37,-0.8692543414772029,1.1919158714861329
176,1568235600,1048,563,-485,1611,37,-1.884368043842433,1.4824559225755247
176,1568250000,287,186,-101,473,37,-0.337528116428749,-0.6369965013970913
176,1568264400,36,36,0,72,37,0.06932301031287101,-1.3838334275948232
176,1568275687,172,140,-32,312,37,-0.05958031697160267,-0.9368487336111433
176,1568278800,312,696,384,1008,37,1.6161629377265552,0.3594068789415288
176,1568293200,530,823,293,1353,37,1.2495941007613331,1.0019473765430689
176,1568307600,868,648,-220,1516,37,-0.8168873647678855,1.3055244812069848
176,1568322000,1230,649,-581,1879,37,-2.2710780256958545,1.9815888308573009
176,1568336400,321,145,-176,466,37,-0.6396452897517342,-0.6500335549716153
176,1568350800,48,29,-19,77,37,-0.007213340262285233,-1.3745212464701633
176,1568365200,308,725,417,1033,37,1.7490944939886688,0.40596778456482874
176,1568379600,460,803,343,1263,37,1.4510055496433234,0.8343281162991888
176,1568394000,866,626,-240,1492,37,-0.8974519443206815,1.2608260118086168
176,1568408400,874,609,-265,1483,37,-0.9981576687616766,1.2440640857842287
176,1568422800,269,204,-65,473,37,-0.19251187323371616,-0.6369965013970913
176,1568437200,48,42,-6,90,37,0.0451536364470322,-1.3503095755460472
176,1568451600,101,201,100,302,37,0.47214590807685125,-0.9554730958604633
176,1568466000,306,400,94,706,37,0.4479765342110124,-0.20304886098793526
176,1568480400,441,408,-33,849,37,-0.06360854594924246,0.06327951917734076
176,1568494800,367,357,-10,724,37,0.02904072053647299,-0.16952500893915926
176,1568509200,198,169,-29,367,37,-0.047495630038683255,-0.8344147412398832
176,1568523600,50,27,-23,77,37,-0.023326256172844444,-1.3745212464701633
176,1568538000,67,150,83,217,37,0.4036660154569746,-1.1137801749796832
176,1568552400,276,333,57,609,37,0.2989320620383397,-0.38370517480633926
176,1568566800,405,398,-7,803,37,0.041125407469392396,-0.022392547169531245
176,1568581200,255,302,47,557,37,0.2586497722619417,-0.48055185850280324
176,1568595600,129,106,-23,235,37,-0.023326256172844444,-1.0802563229309072
176,1568610000,21,63,42,84,37,0.2385086273737427,-1.3614841928956394
176,1568624400,336,647,311,983,37,1.3221022223588497,0.3128459733182288
176,1568638800,432,765,333,1197,37,1.4107232598669253,0.7114073254536768
176,1568653200,753,544,-209,1297,37,-0.7725768460138477,0.8976509479468767
176,1568667600,968,534,-434,1502,37,-1.6789283659828032,1.2794503740579368
176,1568682000,269,123,-146,392,38,-0.5572074784292221,-0.8147452322907571
176,1568696400,42,37,-5,79,38,0.047259033250179494,-1.4085602139226412
176,1568710800,339,693,354,1032,38,1.58629078993745,0.3994451454868972
176,1568725200,436,767,331,1203,38,1.4876898695925833,0.7238616370493642
176,1568739600,853,634,-219,1487,38,-0.8701582256107563,1.2626586171881984
176,1568754000,982,503,-479,1485,38,-1.9847773251614258,1.2588642722576433
176,1568768400,366,159,-207,525,38,-0.8187142671699561,-0.5624212944088384
176,1568782800,52,33,-19,85,38,-0.012758918264087328,-1.3971771791309757
176,1568797200,340,601,261,941,38,1.1876001120212492,0.226802451146637
176,1568811600,468,788,320,1256,38,1.4405329076885165,0.8244117777090763
176,1568826000,893,652,-241,1545,38,-0.9644721494188898,1.3726946201742982
176,1568840400,1016,603,-413,1619,38,-1.701835553737025,1.5130853826048396
176,1568854800,332,176,-156,508,38,-0.6000774437965556,-0.5946732263185573
176,1568869200,42,42,0,84,38,0.06869401593384622,-1.3990743515962534
176,1568883600,328,728,400,1056,38,1.783492630627184,0.44497728465355924
176,1568898000,460,784,324,1244,38,1.4576808938354497,0.8016457081257452
176,1568912400,818,586,-232,1404,38,-0.9258891805882897,1.1051933025701588
176,1568926800,953,572,-381,1525,38,-1.564651664561558,1.3347511708687465
176,1568941200,318,180,-138,498,38,-0.5229115061353553,-0.6136449509713332
176,1568955600,39,39,0,78,38,0.06869401593384622,-1.4104573863879188
176,1568970000,311,596,285,907,38,1.2904880289028493,0.1622985873271991
176,1568984400,501,667,166,1168,38,0.7803354410315814,0.6574606007646487
176,1568998800,800,671,-129,1471,38,-0.4843285373047553,1.232303857743757
176,1569013200,835,588,-247,1423,38,-0.9901941286392899,1.1412395794104329
176,1569027600,335,201,-134,536,38,-0.505763519988422,-0.541552397290785
176,1569042000,64,49,-15,113,38,0.004389067882846051,-1.3440563501032035
176,1569056400,95,226,131,321,38,0.6302905622459143,-0.9494444773254657
176,1569070800,275,375,100,650,38,0.4973936696071806,-0.3252747362491403
176,1569085200,391,417,26,808,38,0.1801559258889132,-0.025521486735281818
176,1569099600,294,311,17,605,38,0.14157295705831308,-0.41064749718663157
176,1569114000,232,189,-43,421,38,-0.11564683514568759,-0.7597272307977072
176,1569128400,63,30,-33,93,38,-0.07277686977835415,-1.3819997994087552
176,1569142800,70,136,66,206,38,0.3516357873582469,-1.167619310832388
176,1569157200,223,290,67,513,38,0.3559227838949803,-0.5851873639921694
176,1569171600,340,329,-11,669,38,0.02153705402977943,-0.28922845940886616
176,1569186000,275,290,15,565,38,0.1329989639848464,-0.48653439579773494
176,1569200400,203,110,-93,313,38,-0.32999666198235483,-0.9646218570476864
176,1569214800,28,36,8,64,38,0.10298998822771298,-1.437017800901805
176,1569229200,371,695,324,1066,38,1.4576808938354497,0.4639490093063351
176,1569243600,496,788,292,1284,38,1.3204970046599829,0.8775326067368486
176,1569258000,915,635,-280,1550,38,-1.1316650143514904,1.3821804825006863
176,1569272400,1124,585,-539,1709,38,-2.2419971173654267,1.6838309044798223
176,1569286800,297,143,-154,440,39,-0.6491595035586089,-0.7695616940527017
176,1569301200,34,41,7,75,39,0.025854576567996262,-1.4600727136504728
176,1569315600,387,733,346,1120,39,1.447157515468115,0.5168697945130085
176,1569330000,498,800,302,1298,39,1.2626816177937634,0.8536121547552091
176,1569344400,909,683,-226,1592,39,-0.9510291542984571,1.409804592458619
176,1569358800,1010,584,-426,1594,39,-1.7895559619091466,1.4135882144838123
176,1569373200,324,158,-166,482,39,-0.6994711120152503,-0.6901056315236431
176,1569387600,37,52,15,89,39,0.059395648872423844,-1.4335873594741197
176,1569402000,392,748,356,1140,39,1.4890838558486497,0.5547060147649411
176,1569416400,543,850,307,1393,39,1.2836447879840307,1.033334200951889
176,1569430800,920,657,-263,1577,39,-1.1061566137064347,1.3814274272696696
176,1569445200,1085,600,-485,1685,39,-2.0369213701543,1.5857430166301059
176,1569459600,345,174,-171,519,39,-0.7204342822055175,-0.6201086240575677
176,1569474000,39,36,-3,75,39,-0.016071763812538217,-1.4600727136504728
176,1569488400,381,751,370,1132,39,1.547780732381398,0.5395715266641681
176,1569502800,552,776,224,1328,39,0.9356561628255944,0.910366485133108
176,1569517200,870,656,-214,1526,39,-0.9007175458418157,1.2849450656272414
176,1569531600,1007,529,-478,1536,39,-2.007572931887926,1.3038631757532078
176,1569546000,363,179,-184,542,39,-0.7749385247002123,-0.5765969707678452
176,1569560400,50,32,-18,82,39,-0.07896127438333993,-1.4468300365622961
176,1569574800,302,689,387,991,39,1.6190555110283065,0.27282617388804287
176,1569589200,501,774,273,1275,39,1.1410952306902136,0.8101005014654865
176,1569603600,865,634,-231,1499,39,-0.9719923244887244,1.2338661682871324
176,1569618000,893,608,-285,1501,39,-1.1983945625436105,1.2376497903123256
176,1569632400,363,195,-168,558,39,-0.7078563800913572,-0.5463279945662991
176,1569646800,67,43,-24,110,39,-0.10411707861166061,-1.3938593282095906
176,1569661200,121,239,118,360,39,0.491236954791929,-0.9209065750604324
176,1569675600,288,479,191,767,39,0.7972992395698306,-0.15093949293360284
176,1569690000,392,443,51,835,39,0.21033047424234796,-0.022296344077031835
176,1569704400,379,494,115,873,39,0.47865905267776865,0.049592474401640205
176,1569718800,239,222,-17,461,39,-0.07476864034528648,-0.7298336627881724
176,1569733200,58,48,-10,106,39,-0.045420202078912356,-1.401426572259977
176,1569747600,65,153,88,218,39,0.3654579336503256,-1.189543738849154
176,1569762000,225,323,98,548,39,0.40738427403086,-0.5652461046922654
176,1569776400,315,442,127,757,39,0.52897066113441,-0.16985760305956918
176,1569790800,274,315,41,589,39,0.1684041338618135,-0.4876818531758035
176,1569805200,175,107,-68,282,39,-0.2885929762860123,-1.0684678340429696
176,1569819600,21,32,11,53,39,0.04262511272021005,-1.5016925559275986
176,1569834000,254,566,312,820,39,1.304607958174298,-0.050673509265981326
176,1569848400,408,760,352,1168,39,1.472313319696436,0.6076767231176469
176,1569862800,686,555,-131,1241,39,-0.5527289206833796,0.7457789270372011
176,1569877200,831,497,-334,1328,39,-1.4038336304082295,0.910366485133108
176,1569891600,241,115,-126,356,40,-0.5580673146070808,-0.893727070440056
176,1569906000,28,35,7,63,40,0.012460507390568058,-1.4575641118034994
176,1569920400,276,695,419,971,40,1.779809850721631,0.2897534088722913
176,1569934800,423,755,332,1178,40,1.4066074408434697,0.6880956189823009
176,1569949200,772,617,-155,1389,40,-0.6824681178998013,1.094135263104098
176,1569963600,919,599,-320,1518,40,-1.3902657918066588,1.342377509984249
176,1569978000,302,129,-173,431,40,-0.7596824095987312,-0.7494001827190381
176,1569992400,34,42,8,76,40,0.016750190262730832,-1.4325474512651897
176,1570006800,357,681,324,1038,40,1.3722899778661675,0.41868542856973395
176,1570021200,446,776,330,1222,40,1.398028075099144,0.7727673931119647
176,1570035600,805,629,-176,1434,40,-0.7725514582152195,1.1807313957367087
176,1570050000,1039,658,-381,1697,40,-1.651936447008588,1.686837682011745
176,1570064400,303,142,-161,445,40,-0.7082062151327779,-0.7224591636777814
176,1570078800,29,45,16,74,40,0.05106765324003302,-1.4363961682710835
176,1570093200,334,682,348,1016,40,1.4752423667980739,0.376349541504902
176,1570107600,509,805,296,1314,40,1.2521788574456096,0.94980837538308
176,1570122000,802,632,-170,1434,40,-0.7468133609822429,1.1807313957367087
176,1570136400,1046,582,-464,1628,40,-2.007980125398098,1.5540569453084085
176,1570150800,330,166,-164,496,40,-0.7210752637492662,-0.6243168800274891
176,1570165200,49,41,-8,90,40,-0.051884735691873546,-1.405606432223933
176,1570179600,318,652,334,970,40,1.415186806587795,0.28782905036934436
176,1570194000,481,669,188,1150,40,0.7888931072520301,0.6342135808997874
176,1570208400,826,561,-265,1387,40,-1.1543332338377064,1.0902865460982043
176,1570222800,974,574,-400,1548,40,-1.7334404215796808,1.4001082650726562
176,1570237200,325,211,-114,536,40,-0.5065911201411276,-0.5473425399096129
176,1570251600,60,43,-17,103,40,-0.09049188154133851,-1.3805897716856232
176,1570266000,106,270,164,376,40,0.6859407183201235,-0.8552399003811179
176,1570280400,272,456,184,728,40,0.771734375763379,-0.1778657073438069
176,1570294800,440,405,-35,845,40,-0.16770617324026843,0.04728423750098109
176,1570309200,333,473,140,806,40,0.5829883293882169,-0.02776574411394825
176,1570323600,221,211,-10,432,40,-0.06046410143619909,-0.7474758242160912
176,1570338000,70,36,-34,106,40,-0.16341649036810565,-1.3748166961767825
176,1570352400,82,142,60,224,40,0.23981369961519505,-1.1477423928290476
176,1570366800,225,331,106,556,40,0.4371391117346826,-0.5088553698506748
176,1570381200,320,377,57,697,40,0.22694465099870673,-0.23752082093516103
176,1570395600,308,297,-11,605,40,-0.06475378430836187,-0.4145618032062764
176,1570410000,171,87,-84,258,40,-0.37790063397624435,-1.082314203728853
176,1570424400,25,48,23,73,40,0.08109543334517244,-1.4383205267740304
176,1570438800,334,703,369,1037,40,1.5653257071134923,0.4167610700667871
176,1570453200,428,746,318,1174,40,1.3465518806331906,0.6803981849705132
176,1570467600,796,611,-185,1407,40,-0.8111586040646845,1.1287737161571423
176,1570482000,984,586,-398,1570,40,-1.7248610558353552,1.442444152137488
176,1570496400,284,178,-106,462,41,-0.5140665393476216,-0.6897464645194911
176,1570510800,35,47,12,82,41,0.030316744628193067,-1.4675021218411726
176,1570525200,364,674,310,1038,41,1.4051152075501656,0.4891673739470575
176,1570539600,455,816,361,1271,41,1.640399508251577,0.9660543954100884
176,1570554000,860,577,-283,1437,41,-1.3306414653113436,1.305810814134823
176,1570568400,961,528,-433,1489,41,-2.022654114433142,1.412240535663053
176,1570582800,315,162,-153,477,41,-0.730897169405785,-0.6590455833094248
176,1570597200,36,52,16,88,41,0.04877041527144102,-1.4552217693571459
176,1570611600,266,614,348,880,41,1.5804250786610212,0.1657847585343584
176,1570626000,410,719,309,1129,41,1.4005017898893537,0.6754193866214602
176,1570640400,759,551,-208,1310,41,-0.9846351407504444,1.045876686556261
176,1570654800,933,605,-328,1538,41,-1.538245260047883,1.5125300809492699
176,1570669200,296,171,-125,467,41,-0.6017214749030494,-0.679512837449469
176,1570683600,33,44,11,77,41,0.02570332696738108,-1.4777357489111946
176,1570698000,347,714,367,1061,41,1.668080014216449,0.5362420584691593
176,1570712400,500,843,343,1343,41,1.5573579903569612,1.113418625218407
176,1570726800,797,624,-173,1421,41,-0.8231655226220248,1.2730632075107522
176,1570741200,951,575,-376,1526,41,-1.7596893077668587,1.4879693759812167
176,1570755600,331,215,-116,546,41,-0.5602007159557415,-0.5178215297431195
176,1570770000,49,40,-9,89,41,-0.0665650262488587,-1.4531750439431415
176,1570784400,312,569,257,881,41,1.1606040715271304,0.1678314839483628
176,1570798800,526,759,233,1285,41,1.0498820476676427,0.9947085512061504
176,1570813200,834,606,-228,1440,41,-1.0769034939666842,1.3119509903768363
176,1570827600,848,525,-323,1373,41,-1.5151781717438233,1.1748203876385397
176,1570842000,328,194,-134,522,41,-0.6432422338503573,-0.5669429396792256
176,1570856400,70,37,-33,107,41,-0.17728705010834644,-1.4163339864910618
176,1570870800,103,221,118,324,41,0.5193390166742639,-0.9721945716521017
176,1570885200,300,376,76,676,41,0.32557547492016037,-0.2517472259225442
176,1570899600,412,478,66,890,41,0.27944129831204045,0.18625201267440264
176,1570914000,373,406,33,779,41,0.12719851550524483,-0.040934508280088495
176,1570928400,252,165,-87,417,41,-0.42641160379219384,-0.7818491081496902
176,1570942800,55,46,-9,101,41,-0.0665650262488587,-1.4286143389750885
176,1570957200,65,125,60,190,41,0.2517607923471685,-1.2464557771286946
176,1570971600,294,344,50,638,41,0.20562661573904864,-0.3295227916547124
176,1570986000,324,433,109,757,41,0.47781825772695596,-0.08596246738818583
176,1571000400,283,319,36,602,41,0.1410387684876808,-0.40320490655887165
176,1571014800,193,117,-76,310,41,-0.37566400952326195,-1.0008487274481637
176,1571029200,23,41,18,64,41,0.057997250593065,-1.504343179293252
176,1571043600,238,541,303,779,41,1.3728212839244818,-0.040934508280088495
176,1571058000,429,736,307,1165,41,1.3912749545677296,0.7491015015256194
176,1571072400,594,570,-24,1164,41,-0.13576629116103853,0.747054776111615
176,1571086800,827,536,-291,1363,41,-1.3675488065978396,1.1543531334984956
176,1571101200,268,122,-146,390,42,-0.7099971301134619,-0.8343528604074624
176,1571115600,34,40,6,74,42,-0.027681658392200305,-1.4258560473807993
176,1571130000,360,592,232,952,42,0.986813714035465,0.2176243265514471
176,1571144400,442,751,309,1193,42,1.3324603674732092,0.6687390988950364
176,1571158800,829,589,-240,1418,42,-1.1319553823621369,1.0899043427842794
176,1571173200,971,630,-341,1601,42,-1.5853360576506068,1.432452074480864
176,1571187600,310,164,-146,474,42,-0.7099971301134619,-0.6771178360221449
176,1571202000,36,50,14,86,42,0.008229682224708202,-1.4033939010400398
176,1571216400,342,664,322,1006,42,1.3908162959756856,0.31870398508486547
176,1571230800,492,814,322,1306,42,1.3908162959756856,0.8802576436038563
176,1571245200,856,650,-206,1506,42,-0.9793321847402756,1.2546267492831835
176,1571259600,1128,665,-463,1793,42,-2.1329840020584614,1.791846415933018
176,1571274000,288,156,-132,444,42,-0.647152284033872,-0.733273201874044
176,1571288400,42,46,4,88,42,-0.03665949354642743,-1.3996502099832464
176,1571302800,322,617,295,939,42,1.2696155213936193,0.19329033468229084
176,1571317200,506,843,337,1349,42,1.458150059632389,0.9607470013249116
176,1571331600,816,614,-202,1430,42,-0.9613765144318214,1.112366489125039
176,1571346000,979,608,-371,1587,42,-1.7200035849640136,1.406246237083311
176,1571360400,330,194,-136,524,42,-0.6651079543423263,-0.5835255596023131
176,1571374800,41,57,16,98,42,0.01720751737893533,-1.38093175469928
176,1571389200,275,700,425,975,42,1.8531748064183826,0.2606767737045697
176,1571403600,474,811,337,1285,42,1.458150059632389,0.8409488875075269
176,1571418000,883,707,-176,1590,42,-0.8446646574268688,1.4118617736685009
176,1571432400,899,628,-271,1527,42,-1.2711118272526574,1.2939355053795127
176,1571446800,364,236,-128,600,42,-0.6291966137254177,-0.4412652994441688
176,1571461200,61,31,-30,92,42,-0.18928269116828858,-1.3921628278696598
176,1571475600,88,215,127,303,42,0.5154773684385409,-0.9972034213779697
176,1571490000,275,435,160,710,42,0.6636116484832885,-0.23536229132053882
176,1571504400,395,467,72,862,42,0.2685869016972949,0.049158228995749856
176,1571518800,362,411,49,773,42,0.16534179742368293,-0.11743602303155076
176,1571533200,233,180,-53,413,42,-0.29252779544190055,-0.7913004132543398
176,1571547600,65,61,-4,126,42,-0.07257083416333593,-1.3285200799041743
176,1571562000,70,142,72,212,42,0.2685869016972949,-1.1675413644620636
176,1571576400,224,370,146,594,42,0.6007668024036986,-0.4524963726145486
176,1571590800,334,470,136,804,42,0.5558776266325629,-0.059408811651255035
176,1571605200,257,293,36,550,42,0.1069858689212066,-0.5348575758640006
176,1571619600,176,86,-90,262,42,-0.4586177457951024,-1.0739490880422318
176,1571634000,19,49,30,68,42,0.08005236345852522,-1.4370871205511793
176,1571648400,326,619,293,945,42,1.2606376862393922,0.20452140785267064
176,1571662800,435,769,334,1204,42,1.4446833069010483,0.6893293997073994
176,1571677200,739,653,-86,1392,42,-0.44066207548664815,1.041236359045967
176,1571691600,949,607,-342,1556,42,-1.5898249752277205,1.3482190257030153
176,1571706000,309,183,-126,492,43,-0.609350461236499,-0.6491075905813799
176,1571720400,35,42,7,77,43,-0.013441554291981598,-1.445752098667104
176,1571734800,360,667,307,1027,43,1.3307138749061782,0.3778919559869631
176,1571749200,464,718,254,1182,43,1.0932464157478365,0.6754338806936794
176,1571763600,789,716,-73,1505,43,-0.37188300207815755,1.2954728592760623
176,1571778000,1022,692,-330,1714,43,-1.5233761530912477,1.6966745512999568
176,1571792400,287,187,-100,474,43,-0.4928569907059919,-0.6836608463537728
176,1571806800,30,49,19,79,43,0.04032466287594479,-1.441912848025727
176,1571821200,330,702,372,1032,43,1.6219475512324462,0.38749008259040557
176,1571835600,475,799,324,1274,43,1.4068826825607406,0.8520394101970206
176,1571850000,781,667,-114,1448,43,-0.5555842440685728,1.1860542159968182
176,1571864400,955,585,-370,1540,43,-1.7025968769843358,1.3626597455001594
176,1571878800,337,183,-154,520,43,-0.7348049679616607,-0.5953580816021021
176,1571893200,39,39,0,78,43,-0.04480518097327199,-1.4438324733464154
176,1571907600,351,637,286,988,43,1.236622994862307,0.30302656848011195
176,1571922000,468,854,386,1322,43,1.6846748045950268,0.9441814255900681
176,1571936400,876,660,-216,1536,43,-1.012597089995947,1.3549812442174054
176,1571950800,1039,636,-403,1675,43,-1.8504539741961332,1.6218091637931058
176,1571965200,319,189,-130,508,43,-0.6272725336258079,-0.618393585450364
176,1571979600,45,47,2,92,43,-0.035844144778617595,-1.4169577188567766
176,1571994000,310,722,412,1032,43,1.801168275125534,0.38749008259040557
176,1572008400,467,800,333,1267,43,1.4472073454366854,0.8386020329522011
176,1572022800,821,588,-233,1409,43,-1.0887658976505095,1.111188828489967
176,1572037200,842,570,-272,1412,43,-1.2635061034462702,1.1169477044520324
176,1572051600,339,182,-157,521,43,-0.7482465222536423,-0.5934384562814137
176,1572066000,80,38,-42,118,43,-0.23298694106101436,-1.3670474605188758
176,1572080400,106,235,129,341,43,0.5331816535819367,-0.9389710140053421
176,1572094800,281,402,121,683,43,0.4973375088033191,-0.282459154329878
176,1572109200,423,468,45,891,43,0.15681813340645198,0.11682291237332827
176,1572123600,339,366,27,705,43,0.07616880765456238,-0.2402273972747312
176,1572138000,271,211,-60,482,43,-0.31363626681290396,-0.6683038437882648
176,1572152400,80,58,-22,138,43,-0.14337657911447038,-1.328654954105106
176,1572166800,60,148,88,208,43,0.34948041159152154,-1.1942811816569114
176,1572181200,196,311,115,507,43,0.4704544002193559,-0.6203132107710525
176,1572195600,279,401,122,680,43,0.5018180269006464,-0.2882180302919435
176,1572210000,267,312,45,579,43,0.15681813340645198,-0.4821001876814811
176,1572224400,197,88,-109,285,43,-0.5331816535819367,-1.0464700319638978
176,1572238800,23,42,19,65,43,0.04032466287594479,-1.4687876025153659
176,1572253200,313,636,323,949,43,1.4024021644634135,0.2281611809732608
176,1572267600,454,698,244,1152,43,1.0484412347745646,0.6178451210730246
176,1572282000,802,590,-212,1392,43,-0.9946750176066382,1.0785551980382626
176,1572296400,962,525,-437,1487,43,-2.002791589505258,1.2609196035036694
176,1572310800,309,154,-155,463,44,-0.6196134954127108,-0.7028561312605617
176,1572325200,36,29,-7,65,44,0.021769114347616383,-1.4564383784973274
176,1572339600,360,679,319,1039,44,1.434544322333202,0.38775536222782286
176,1572354000,464,733,269,1197,44,1.2178610082249832,0.6869161538444284
176,1572368400,826,618,-208,1444,44,-0.8492978083674225,1.1545915685868433
176,1572382800,1035,569,-466,1604,44,-1.9673837091658306,1.45753920566695
176,1572397200,320,180,-140,500,44,-0.5546085011802452,-0.6327994901857871
176,1572411600,44,27,-17,71,44,-0.021567548474027344,-1.4450778421068236
176,1572426000,348,703,355,1051,44,1.5905563084911192,0.4104764350088309
176,1572440400,463,834,371,1297,44,1.6598949690057492,0.8762584270194952
176,1572454800,811,626,-185,1437,44,-0.749623483877642,1.1413376094645886
176,1572469200,1049,666,-383,1715,44,-1.6076894077461878,1.6677091288912742
176,1572483600,355,205,-150,560,44,-0.5979451640018889,-0.5191941262807469
176,1572498000,46,28,-18,74,44,-0.025901214756191716,-1.4393975739115714
176,1572510967,191,532,341,723,44,1.5298849805408181,-0.21056622100538813
176,1572512400,339,628,289,967,44,1.3045343338682707,0.2514289255417748
176,1572526800,508,754,246,1262,44,1.1181866837352026,0.8099886314082217
176,1572541200,896,707,-189,1603,44,-0.7669581490062994,1.4556457829351994
176,1572555600,926,564,-362,1490,44,-1.516682415820736,1.241689014247374
176,1572570000,342,229,-113,571,44,-0.43759951156180715,-0.4983664762314896
176,1572584400,69,58,-11,127,44,0.004434449218958893,-1.339046169128786
176,1572598800,314,686,372,1000,44,1.6642286352879136,0.3139118756895468
176,1572613200,477,777,300,1254,44,1.3522046629720788,0.7948412495542164
176,1572627600,807,705,-102,1512,44,-0.38992918245799907,1.2833443143458887
176,1572642000,852,658,-194,1510,44,-0.7886264804171214,1.2795574688823874
176,1572656400,401,225,-176,626,44,-0.7106204873381626,-0.3942282259852029
176,1572670800,71,36,-35,107,44,-0.09957354155298605,-1.3769146237637995
176,1572685200,125,142,17,267,44,0.12577710511956133,-1.0739669866836925
176,1572699600,294,316,22,610,44,0.1474454365303832,-0.42452298969321356
176,1572714000,469,354,-115,823,44,-0.4462668441261359,-0.021223947830321346
176,1572728400,381,364,-17,745,44,-0.021567548474027344,-0.16891092090687343
176,1572742800,247,203,-44,450,44,-0.1385765380924654,-0.7274706267733204
176,1572753600,90,39,-51,129,44,-0.168912202067616,-1.3352593236652848
176,1572768000,67,101,34,168,44,0.19944943191635567,-1.2614158371270088
176,1572782400,341,200,-141,541,44,-0.5589421674624095,-0.5551691581840097
176,1572796800,418,273,-145,691,44,-0.5762768325910671,-0.2711557484214095
176,1572811200,341,344,3,685,44,0.06510577716926011,-0.2825162848119135
176,1572825600,233,129,-104,362,44,-0.3985965150223278,-0.8940918271673791
176,1572840000,42,24,-18,66,44,-0.025901214756191716,-1.4545449557655767
176,1572854400,197,384,187,581,44,0.8625003730875046,-0.47943224891398295
176,1572868800,480,949,469,1429,44,2.084594264657858,1.1261902276105833
176,1572883200,677,634,-43,1311,44,-0.13424287181030103,0.9027663452640045
176,1572897600,1133,611,-522,1744,44,-2.2100690209670355,1.7226183881120436
176,1572912000,380,231,-149,611,45,-0.6234650614481467,-0.40727587323591513
176,1572926400,74,34,-40,108,45,-0.16288364280854442,-1.309647147277021
176,1572940800,167,440,273,607,45,1.1597033666794883,-0.41445178794001936
176,1572955200,518,937,419,1455,45,1.7766289366004235,1.1068421293300754
176,1572969600,702,657,-45,1359,45,-0.18401123081953535,0.9346201764315741
176,1572984000,1189,683,-506,1872,45,-2.1319748454328997,1.8549312372329403
176,1572998400,391,241,-150,632,45,-0.627690579050345,-0.369602321039368
176,1573012800,72,31,-41,103,45,-0.1671091604107426,-1.3186170406571511
176,1573027200,196,407,211,603,45,0.8977212753432006,-0.4216277026441236
176,1573041600,528,904,376,1432,45,1.5949316797059014,1.0655806197814761
176,1573056000,685,646,-39,1331,45,-0.15865812520634623,0.8843887735028446
176,1573070400,1122,686,-436,1808,45,-1.8361886132790264,1.740116601967273
176,1573084800,456,282,-174,738,45,-0.7291030015031015,-0.17944058138060615
176,1573099200,69,42,-27,111,45,-0.10795191397996796,-1.3042652112489428
176,1573113600,169,448,279,617,45,1.1850564722926773,-0.3965120011797588
176,1573128000,542,918,376,1460,45,1.5949316797059014,1.1158120227102057
176,1573142400,667,585,-82,1252,45,-0.3403553821008683,0.7426644580967863
176,1573156800,1198,601,-597,1799,45,-2.5164969472329344,1.7239707938830384
176,1573171200,438,245,-193,683,45,-0.809387835944867,-0.2781094085620392
176,1573185600,75,41,-34,116,45,-0.1375305371953553,-1.2952953178688125
176,1573200000,166,355,189,521,45,0.8047598880948404,-0.5687339540782601
176,1573214400,529,884,355,1413,45,1.5061958100597395,1.0314950249369812
176,1573228800,667,614,-53,1281,45,-0.21781537163712086,0.7946898397015418
176,1573243200,1079,746,-333,1825,45,-1.4009603002526132,1.770614239459716
176,1573257600,395,273,-122,668,45,-0.5093760861887957,-0.30501908870243
176,1573272000,96,59,-37,155,45,-0.15020709000194984,-1.2253301495037963
176,1573286400,71,158,87,229,45,0.37375709267062535,-1.0925757274778682
176,1573300800,227,373,146,600,45,0.6230626312003185,-0.42700963867220176
176,1573315200,377,477,100,854,45,0.4286888214992018,0.028660945038416274
176,1573329600,388,416,28,804,45,0.12445155414093233,-0.06103798876288649
176,1573344000,296,253,-43,549,45,-0.17556019561513897,-0.5185025511495306
176,1573358400,88,59,-29,147,45,-0.11640294918436435,-1.2396819789120048
176,1573372800,60,91,31,151,45,0.13712810694752686,-1.2325060642079007
176,1573387200,192,307,115,499,45,0.49207158553217456,-0.6082014849508334
176,1573401600,307,401,94,708,45,0.40333571588601264,-0.2332599416613878
176,1573416000,341,346,5,687,45,0.02726464929037402,-0.27093349385793497
176,1573430400,227,126,-101,353,45,-0.42064021654263384,-0.8701223716506374
176,1573444800,52,27,-25,79,45,-0.0995008787755716,-1.3616725288817766
176,1573459200,130,405,275,535,45,1.1681544018838845,-0.5436182526138954
176,1573473600,539,926,387,1465,45,1.6414123733300816,1.124781916090336
176,1573488000,754,583,-171,1337,45,-0.7164264486965068,0.895152645559001
176,1573502400,1010,630,-380,1640,45,-1.599559627555928,1.4387281843948958
176,1573516800,384,197,-187,581,46,-0.7692959047126687,-0.46684624235039
176,1573531200,80,26,-54,106,46,-0.2235393738865362,-1.3152323358911333
176,1573545600,164,415,251,579,46,1.0280075577072263,-0.47041839432319316
176,1573560000,533,929,396,1462,46,1.623005279284589,1.1066867016693887
176,1573574400,668,660,-8,1328,46,-0.034781476006821195,0.867352519491579
176,1573588800,1214,709,-505,1923,46,-2.074187459620264,1.9300677314005104
176,1573603200,438,259,-179,697,46,-0.7364684442118488,-0.2596614279278085
176,1573617600,88,33,-55,121,46,-0.2276428064491387,-1.2884411960951099
176,1573632000,170,391,221,561,46,0.9049045808291514,-0.5025677620784214
176,1573646400,540,994,454,1534,46,1.861004367915534,1.2352841726903012
176,1573660800,637,613,-24,1250,46,-0.10043639700846119,0.7280385925522569
176,1573675200,1206,657,-549,1863,46,-2.254738492374774,1.8229031722164162
176,1573689600,430,236,-194,666,46,-0.7980199326508863,-0.31502978350625704
176,1573704000,94,37,-57,131,46,-0.2358496715743437,-1.2705804362310942
176,1573718400,168,401,233,569,46,0.9541457715803814,-0.4882791541872088
176,1573732800,515,951,436,1466,46,1.787142581788689,1.113831005614995
176,1573747200,648,658,10,1306,46,0.03908031012002381,0.8280588477907446
176,1573761600,1126,622,-504,1748,46,-2.0700840270576615,1.6175044337802362
176,1573776000,495,301,-194,796,46,-0.7980199326508863,-0.08283990527405358
176,1573790400,99,38,-61,137,46,-0.2522634018247537,-1.2598639803126848
176,1573804800,166,445,279,611,46,1.1429036694600965,-0.4132639627583431
176,1573819200,506,919,413,1425,46,1.6927636328488314,1.0406018901725307
176,1573833600,675,702,27,1377,46,0.10883866368426633,0.9548702428252557
176,1573848000,1021,694,-327,1715,46,-1.3437764634770188,1.5585639262289845
176,1573862400,423,273,-150,696,46,-0.6174688998963763,-0.26144750391421007
176,1573876800,103,85,-18,188,46,-0.0758158016328462,-1.168774105006205
176,1573891200,67,150,83,217,46,0.33863088719000634,-1.1169779014005596
176,1573905600,215,389,174,604,46,0.7120432503868338,-0.425766494663154
176,1573920000,398,472,74,870,46,0.3016999941265838,0.04932971771966222
176,1573934400,402,411,9,813,46,0.034976877557421314,-0.05247661350522698
176,1573948800,308,227,-81,535,46,-0.33433205307680375,-0.549005737724862
176,1573963200,87,66,-21,153,46,-0.0881260993206537,-1.2312867645302599
176,1573977600,52,109,57,161,46,0.23194164056234134,-1.2169981566390473
176,1573992000,164,292,128,456,46,0.5232853525071188,-0.6901057406505856
176,1574006400,341,409,68,750,46,0.2770793987509688,-0.16499940064852556
176,1574020800,380,315,-65,695,46,-0.26867713207516375,-0.26323357990061164
176,1574035200,212,117,-95,329,46,-0.3917801089532387,-0.9169373909235844
176,1574049600,46,33,-13,79,46,-0.0552986388198337,-1.3634563875239756
176,1574064000,153,346,193,499,46,0.7900084690762813,-0.6133044732353183
176,1574078400,505,829,324,1334,46,1.327558134777209,0.8780689754099883
176,1574092800,629,607,-22,1236,46,-0.0922295318832562,0.703033528742635
176,1574107200,1130,683,-447,1813,46,-1.836188370989319,1.733599372896338
176,1574121600,375,233,-142,608,47,-0.7701429590827397,-0.1481172304098977
176,1574136000,70,39,-31,109,47,-0.22558391747976012,-1.0017664090322496
176,1574150400,180,432,252,612,47,1.162796341742251,-0.14127435122254414
176,1574164800,582,921,339,1503,47,1.5896128878635052,1.382976987760453
176,1574179200,634,674,40,1308,47,0.12273763165367729,1.0493866273769688
176,1574193600,1208,776,-432,1984,47,-2.192864779486921,2.205833210039714
176,1574208000,468,283,-185,751,47,-0.9810982634874975,0.09651570053799076
176,1574222400,89,30,-59,119,47,-0.3629501622084397,-0.9846592110638658
176,1574236800,173,394,221,567,47,1.0107122850783559,-0.2182567420802713
176,1574251200,506,945,439,1451,47,2.0802066190373605,1.2940195583248573
176,1574265600,647,687,40,1334,47,0.12273763165367729,1.0938653420947666
176,1574280000,1253,808,-445,2061,47,-2.256641964539522,2.3375586343962698
176,1574294400,453,244,-209,697,47,-1.0988407589692228,0.004136831508718198
176,1574308800,77,37,-40,114,47,-0.2697373532854071,-0.9932128100480577
176,1574323200,177,409,232,586,47,1.0646775955074799,-0.18575306594034205
176,1574337600,560,837,277,1397,47,1.2854447745357147,1.2016406892955847
176,1574352000,643,650,7,1293,47,-0.039158299633695014,1.023725830424393
176,1574366400,1261,656,-605,1917,47,-3.0415919344176907,2.091214983651543
176,1574380800,474,258,-216,732,47,-1.1331823201513926,0.06401202439806152
176,1574395200,102,43,-59,145,47,-0.3629501622084397,-0.9401804963460679
176,1574409600,158,377,219,535,47,1.0009004104548787,-0.2729997755790995
176,1574424000,519,943,424,1462,47,2.0066175593612825,1.3128374760900794
176,1574438400,662,668,6,1330,47,-0.04406423694543357,1.0870224629074132
176,1574452800,1046,716,-330,1762,47,-1.6924591736895882,1.8260534151415937
176,1574467200,450,236,-214,686,47,-1.1233704455279157,-0.014681086256503988
176,1574481600,116,70,-46,186,47,-0.29917297715583846,-0.8700409846756944
176,1574496000,85,156,71,241,47,0.2748216883175725,-0.7759513958495834
176,1574510400,220,384,164,604,47,0.7310738583092582,-0.1549601095972512
176,1574524800,402,456,54,858,47,0.19142075401801706,0.27956271879969746
176,1574539200,394,494,100,888,47,0.4170938703579906,0.3308843127048489
176,1574553600,302,266,-36,568,47,-0.2501136040384529,-0.2165460222834329
176,1574568000,112,78,-34,190,47,-0.24030172941497577,-0.8631981054883408
176,1574582400,46,116,70,162,47,0.2699157510058339,-0.9110982597998154
176,1574596800,148,342,194,490,47,0.8782519776614148,-0.3499821664368266
176,1574611200,316,425,109,741,47,0.46124730616363757,0.07940850256960695
176,1574625600,347,330,-17,677,47,-0.15690079511542035,-0.030077564428049413
176,1574640000,232,127,-105,359,47,-0.5886232785484132,-0.5740864598226545
176,1574654400,52,44,-8,96,47,-0.11274735930977335,-1.0240057663911486
176,1574665089,28,176,148,204,47,0.6525788613214413,-0.8392480283326035
176,1574665887,77,81,4,158,47,-0.05387611156891068,-0.917941138987169
176,1574665949,10,37,27,47,47,0.058960446601076084,-1.1078310364362292
176,1574666030,3,1,-2,4,47,-0.08331173543934202,-1.1813919877002796
176,1574666117,33,266,233,299,47,1.0695835328192185,-0.6767296476329573
176,1574666197,2,0,-2,2,47,-0.08331173543934202,-1.1848134272939563
176,1574666278,1,7,6,8,47,-0.04406423694543357,-1.174549108512926
176,1574666364,14,9,-5,23,47,-0.09802954737455769,-1.1488883115603503
176,1574668800,141,195,54,336,47,0.19142075401801706,-0.6134330151499372
176,1574674235,218,299,81,517,47,0.32388106143495804,-0.3037927319221903
176,1574674323,254,422,168,676,47,0.7506976075562124,-0.031788284224887796
176,1574674404,3,12,9,15,47,-0.029346425010217905,-1.1625740699350573
176,1574674491,202,519,317,721,47,1.481682267005257,0.045194106632839334
176,1574674571,4,0,-4,4,47,-0.09312361006281913,-1.1813919877002796
176,1574683200,444,544,100,988,47,0.4170938703579906,0.501956292388687
176,1574697600,623,608,-15,1231,47,-0.14708892049194322,0.9176612030204134
176,1574712000,1093,753,-340,1846,47,-1.7415185468069736,1.9697538780760178
176,1574726400,408,256,-152,664,48,-0.9852386149489155,0.01720026890765084
176,1574740800,72,31,-41,103,48,-0.4063146897041658,-1.167807731098404
176,1574755200,170,409,239,579,48,1.0540339505528606,-0.16234639775993323
176,1574769600,553,907,354,1460,48,1.6538199992298535,1.698601994406438
176,1574784000,839,650,-189,1489,48,-1.1782132566971655,1.759859092445967
176,1574798400,1110,667,-443,1777,48,-2.502958094644611,2.368205445390252
176,1574812800,406,234,-172,640,48,-1.0895492321101317,-0.0334952605043729
176,1574827200,90,34,-56,124,48,-0.4845476525750779,-1.1234491428628832
176,1574841600,134,418,284,552,48,1.288732839165597,-0.21937886834845993
176,1574856000,413,890,477,1303,48,2.295330294771333,1.366968739502783
176,1574870400,785,611,-174,1396,48,-1.0999802938262533,1.563413915974375
176,1574884800,722,538,-184,1260,48,-1.1521356024068614,1.2761392493062405
176,1574899200,323,224,-99,547,48,-0.7088154794716927,-0.2299404369759649
176,1574913600,78,36,-42,114,48,-0.4115302205622266,-1.1445722801178932
176,1574928000,67,138,71,205,48,0.1778247663986447,-0.9523517310973032
176,1574942400,161,216,55,377,48,0.09437627266967177,-0.589033770311133
176,1574956800,264,264,0,528,48,-0.19247792452367268,-0.2700743977604837
176,1574971200,224,229,5,453,48,-0.16640027023336865,-0.42849792717305785
176,1574985600,151,123,-28,274,48,-0.3385127885493753,-0.8066020840377349
176,1575000000,37,44,7,81,48,-0.15596920851724705,-1.2142786330594257
176,1575014400,62,274,212,336,48,0.9132146173852187,-0.6756386330566736
176,1575028800,225,534,309,759,48,1.419121110617117,0.21787007283024482
176,1575043200,391,566,175,957,48,0.7202399756369688,0.6361081904794407
176,1575057600,418,506,88,924,48,0.26648879098567846,0.566401837537908
176,1575072000,297,210,-87,507,48,-0.646229109174963,-0.31443298599600444
176,1575086400,96,44,-52,140,48,-0.4636855291428347,-1.0896521232548675
176,1575100800,67,166,99,233,48,0.32385963042434734,-0.8932069467832755
176,1575115200,166,375,209,541,48,0.8975680248110364,-0.24261431932897082
176,1575129600,313,419,106,732,48,0.36036834643077303,0.16083760224171811
176,1575144000,373,513,140,886,48,0.5376963956048405,0.4861339159688704
176,1575158400,250,206,-44,456,48,-0.4219612822783482,-0.4221609859965549
176,1575172800,86,43,-43,129,48,-0.4167457514202874,-1.1128875742353783
176,1575187200,58,118,60,176,48,0.12045392695997581,-1.013608829136832
176,1575201600,133,296,163,429,48,0.6576536053402391,-0.4791934565850816
176,1575216000,253,387,134,640,48,0.5064032104564756,-0.0334952605043729
176,1575230400,269,308,39,577,48,0.010927778940698836,-0.1665710252109352
176,1575244800,202,110,-92,312,48,-0.6723067634652671,-0.7263341624686973
176,1575259200,45,26,-19,71,48,-0.29157301082682807,-1.2354017703144358
176,1575273600,160,374,214,534,48,0.9236456791013403,-0.2574005154074777
176,1575288000,460,915,455,1375,48,2.180588615893995,1.519055327738854
176,1575302400,653,607,-46,1260,48,-0.43239234399446985,1.2761392493062405
176,1575316800,1014,632,-382,1646,48,-2.1848107123029017,2.091492347349622
176,1575331200,378,201,-177,579,49,-0.6930930671620713,-0.47891621512214033
176,1575345600,68,40,-28,108,49,-0.11322991017006032,-1.3270738308380023
176,1575360000,162,419,257,581,49,0.9959043162911687,-0.4753146965840687
176,1575374400,542,977,435,1519,49,1.6886267454494102,1.2137974977715122
176,1575388800,612,558,-54,1170,49,-0.21441408521564612,0.5853325128780178
176,1575403200,1159,567,-592,1726,49,-2.3081481688512295,1.586554666461923
176,1575417600,476,273,-203,749,49,-0.7942772422076572,-0.17278713938605422
176,1575432000,97,50,-47,147,49,-0.18717219193414225,-1.2568442193456062
176,1575446400,181,431,250,612,49,0.9686624230096649,-0.4194911592439589
176,1575460800,482,1002,520,1484,49,2.0194211638676713,1.1507709233552592
176,1575475200,685,608,-77,1293,49,-0.3039231631405874,0.8068259029694212
176,1575489600,1179,638,-541,1817,49,-2.1096715178002725,1.7504237599441808
176,1575504000,450,248,-202,698,49,-0.7903855431674424,-0.26462586210688005
176,1575518400,95,23,-72,118,49,-0.28446466793951325,-1.3090662381476443
176,1575532800,198,426,228,624,49,0.8830450441249384,-0.3978820480155293
176,1575547200,590,967,377,1557,49,1.4629082011169494,1.2822263499948727
176,1575561600,719,637,-82,1356,49,-0.32338165834166166,0.9202737369186768
176,1575576000,1087,621,-466,1708,49,-1.8177940897841596,1.5541409996192785
176,1575590400,452,281,-171,733,49,-0.6697428729207823,-0.20159928769062702
176,1575604800,92,48,-44,140,49,-0.17549709481349773,-1.2694495342288568
176,1575619200,138,389,251,527,49,0.9725541220498797,-0.5725556971120019
176,1575633600,539,904,365,1443,49,1.4162078126343716,1.0769397933247913
176,1575648000,665,644,-21,1309,49,-0.08598801688855644,0.835638051273994
176,1575662400,1055,722,-333,1777,49,-1.300198117435586,1.6783933891827487
176,1575676800,408,272,-136,680,49,-0.533533406513263,-0.29703952894952446
176,1575691200,124,68,-56,192,49,-0.2221974832960758,-1.1758100522389952
176,1575705600,72,158,86,230,49,0.33042378041443127,-1.1073812000156347
176,1575720000,233,429,196,662,49,0.7585106748380636,-0.32945319579216886
176,1575734400,392,418,26,810,49,0.09692183800154099,-0.06294082397487039
176,1575748800,419,416,-3,835,49,-0.01593743416468934,-0.01792184224897537
176,1575763200,298,256,-42,554,49,-0.16771369673306805,-0.5239351968480354
176,1575777600,105,58,-47,163,49,-0.18717219193414225,-1.2280320710410333
176,1575792000,58,104,46,162,49,0.17475581880583776,-1.2298328303100692
176,1575806400,180,251,71,431,49,0.27204829481120874,-0.7454285869394388
176,1575820800,319,389,70,708,49,0.2681565957709939,-0.24661826941652204
176,1575835200,319,353,34,672,49,0.1280554303232597,-0.31144560310181085
176,1575849600,219,132,-87,351,49,-0.34284015354273584,-0.8894893284623028
176,1575864000,43,27,-16,70,49,-0.06652952168748225,-1.3955026830613628
176,1575878400,149,425,276,574,49,1.0698465980552507,-0.48792001146731934
176,1575892800,525,1028,503,1553,49,1.9532622801840192,1.2750233129187294
176,1575907200,594,627,33,1221,49,0.12416373128304486,0.6771712355988436
176,1575921600,1163,682,-481,1845,49,-1.8761695753873822,1.8008450194771832
176,1575936000,400,228,-172,628,50,-0.3730441932560148,-0.4573088177316036
176,1575950400,72,32,-40,104,50,0.0017577290729714398,-1.3270333649695167
176,1575964800,155,450,295,605,50,0.9529595774078985,-0.4954837501485349
176,1575979200,543,912,369,1455,50,1.1630758065923301,0.9153289696076221
176,1575993600,932,696,-236,1628,50,-0.5547663374155233,1.2024708525697576
176,1576008000,1175,666,-509,1841,50,-1.3299248585959267,1.5560039223439475
176,1576022400,1882,207,-1675,2089,50,-4.640675172501971,1.9676292805786848
176,1576036800,90,38,-52,128,50,-0.032315172956936394,-1.287198652882284
176,1576051200,146,397,251,543,50,0.8280256032982364,-0.5983900897072193
176,1576065600,520,942,422,1462,50,1.3135644572244232,0.9269474272997316
176,1576080000,646,712,66,1358,50,0.3027350303371573,0.7543303415883901
176,1576094400,1191,782,-409,1973,50,-1.0459840083466947,1.7750948388237269
176,1576108800,451,281,-170,732,50,-0.3673653762510301,-0.28469173202026204
176,1576123200,73,32,-41,105,50,-0.00108167942952088,-1.3253735852992155
176,1576137600,177,411,234,588,50,0.7797556587558669,-0.5237000045436581
176,1576152000,518,906,388,1424,50,1.2170245681396843,0.8638757998282799
176,1576166400,692,636,-56,1328,50,-0.043672806966905675,0.7045369514793492
176,1576180800,1200,624,-576,1824,50,-1.5201652282629121,1.5277876679488243
176,1576195200,495,289,-206,784,50,-0.46958408234075366,-0.19838318916459124
176,1576209600,111,47,-64,158,50,-0.06638807498684424,-1.2374052627732433
176,1576224000,151,415,264,566,50,0.8649379138306366,-0.560215157290288
176,1576238400,530,915,385,1445,50,1.2085063426322074,0.8987311729046085
176,1576252800,716,681,-35,1397,50,0.01595477158543304,0.8190617487301431
176,1576267200,1118,682,-436,1800,50,-1.1226480379139874,1.4879529558615916
176,1576281600,413,277,-136,690,50,-0.27082548716629123,-0.3544024781729192
176,1576296000,100,65,-35,165,50,0.01595477158543304,-1.2257868050811338
176,1576310400,70,135,65,205,50,0.299895621834665,-1.1593956182690794
176,1576324800,216,369,153,585,50,0.5497635700539891,-0.5286793435545621
176,1576339200,417,452,35,869,50,0.2147133667598954,-0.05730191718897555
176,1576353600,438,456,18,894,50,0.16644342221752598,-0.015807425431441525
176,1576368000,297,237,-60,534,50,-0.055030440976874956,-0.6133281067399315
176,1576382400,114,75,-39,189,50,0.004597137575463759,-1.1859520929939011
176,1576396800,57,103,46,160,50,0.24594686028731094,-1.2340857034326407
176,1576411200,225,301,76,526,50,0.3311291153620805,-0.6266063441023424
176,1576425600,346,502,156,848,50,0.5582817955614661,-0.09215729026530414
176,1576440000,356,414,58,770,50,0.28001976231721876,-0.22162010454881031
176,1576454400,233,172,-61,405,50,-0.057869849479367276,-0.8274396842088071
176,1576468800,48,29,-19,77,50,0.06138530762531016,-1.3718474160676535
176,1576483200,174,355,181,529,50,0.6292670081237741,-0.6216270050914383
176,1576497600,523,869,346,1392,50,1.0977694110350067,0.8107628503786364
176,1576512000,689,666,-23,1355,50,0.05002767361534088,0.749351002577486
176,1576526400,1127,663,-464,1790,50,-1.2021514759837721,1.471355159158578
176,1576540800,426,197,-229,623,51,-1.0912503840487187,-0.36514114299094247
176,1576555200,76,27,-49,103,51,-0.30450110849957573,-1.301576389928728
176,1576569600,160,380,220,540,51,0.8712519755155325,-0.5146106150983197
176,1576584000,511,985,474,1496,51,1.9814426199015451,1.206989569656532
176,1576598400,673,697,24,1370,51,0.014569431028687827,0.9800841059754533
176,1576612800,1108,662,-446,1770,51,-2.0397203440162968,1.7004189113122115
176,1576627200,461,246,-215,707,51,-1.0300587737282298,-0.21387083387022326
176,1576641600,59,39,-20,98,51,-0.1777470585499916,-1.3105805749954376
176,1576656000,171,412,241,583,51,0.9630393909962658,-0.4371746235246183
176,1576670400,513,899,386,1412,51,1.5968096407441865,1.0557192605358128
176,1576684800,677,676,-1,1353,51,-0.09470130168647092,0.949469876748641
176,1576699200,1183,760,-423,1943,51,-1.9391912699183507,2.011963714620359
176,1576713600,454,271,-183,725,51,-0.8901922358528266,-0.18145576763006915
176,1576728000,79,40,-39,119,51,-0.26079281541351224,-1.2727629977152577
176,1576742400,154,401,247,555,51,0.9892643668479039,-0.4875980598981913
176,1576756800,521,941,420,1462,51,1.7454178372368023,1.1457611112029076
176,1576771200,649,735,86,1384,51,0.2855608481622815,1.0052958241622398
176,1576785600,1223,808,-415,2031,51,-1.9042246354494998,2.170437371794446
176,1576800000,453,264,-189,717,51,-0.9164172117044647,-0.19586246373680433
176,1576814400,93,34,-59,127,51,-0.34820940158563923,-1.2583563016085224
176,1576828800,154,440,286,594,51,1.1597267098835515,-0.41736541637785746
176,1576843200,512,890,378,1402,51,1.5618430062753357,1.037710890402394
176,1576857600,680,702,22,1382,51,0.0058277724114751284,1.001694150135556
176,1576872000,899,684,-215,1583,51,-1.0300587737282298,1.363662389817277
176,1576886400,401,237,-164,638,51,-0.8071464789893059,-0.33812858779081406
176,1576900800,101,61,-40,162,51,-0.26516364472211856,-1.1953270061415562
176,1576915200,69,147,78,216,51,0.2505942136934307,-1.0980818074210938
176,1576929600,197,380,183,577,51,0.7095312910970976,-0.44797964560466963
176,1576944000,349,431,82,780,51,0.26807753092785613,-0.08240973189626492
176,1576958400,417,397,-20,814,51,-0.1777470585499916,-0.021181273442640484
176,1576972800,280,200,-80,480,51,-0.43999681706637256,-0.6226608358988335
176,1576987200,82,50,-32,132,51,-0.23019701025326778,-1.249352116541813
176,1577001600,47,98,51,145,51,0.13258182236105928,-1.2259412353683683
176,1577016000,163,273,110,436,51,0.3904607515688339,-0.7018976644858769
176,1577030400,317,382,65,699,51,0.19377343268154815,-0.22827752997695844
176,1577044800,356,388,32,744,51,0.049536065497538626,-0.14723986437657316
176,1577059200,238,158,-80,396,51,-0.43999681706637256,-0.7739311450195527
176,1577073600,52,35,-17,87,51,-0.16463457062417253,-1.3303897821421984
176,1577088000,83,372,289,455,51,1.1728391978093704,-0.6676817612323809
176,1577102400,370,814,444,1184,51,1.8503177406433546,0.6451284214938607
176,1577116800,618,606,-12,1224,51,-0.14278042408114078,0.7171619020275366
176,1577131200,878,556,-322,1434,51,-1.4977375097491092,1.0953376748293346
176,1577145600,354,175,-179,529,52,-1.3299388478915402,-0.18182906800515186
176,1577160000,85,29,-56,114,52,-0.6481084416783017,-1.1834980488299922
176,1577174400,77,328,251,405,52,1.0536959055368542,-0.48112293215522467
176,1577188800,301,657,356,958,52,1.6357462523042527,0.8536311555463098
176,1577203200,625,497,-128,1122,52,-1.0472286794616608,1.2494714274867287
176,1577217600,441,405,-36,846,52,-0.537241708960702,0.5833012137333408
176,1577232000,232,165,-67,397,52,-0.7090851446729816,-0.5004322137132938
176,1577246400,43,34,-9,77,52,-0.3875716197919424,-1.2728034760360625
176,1577260800,40,67,27,107,52,-0.1880115009002629,-1.200393670193303
176,1577275200,118,166,48,284,52,-0.07160143154678315,-0.7731758157210216
176,1577289600,185,260,75,445,52,0.0780686576219765,-0.3845765243648786
176,1577304000,226,256,30,482,52,-0.17138149099262293,-0.2952710971588085
176,1577318400,152,118,-34,270,52,-0.5261550356889421,-0.8069670584476426
176,1577332800,34,24,-10,58,52,-0.39311495642782235,-1.3186630197364768
176,1577347200,71,340,269,411,52,1.153475964982694,-0.46664097098667273
176,1577361600,262,689,427,951,52,2.029323153451732,0.8367355341829992
176,1577376000,524,591,67,1115,52,0.0337219645349366,1.232575806123418
176,1577390400,674,565,-109,1239,52,-0.9419052833799411,1.5318696702734909
176,1577404800,334,173,-161,507,52,-1.2301587884457004,-0.2349295922898422
176,1577419200,78,30,-48,108,52,-0.6037617485912619,-1.1979800099985443
176,1577433600,78,342,264,420,52,1.125759281803294,-0.4449180292338449
176,1577448000,332,814,482,1146,52,2.3342066684251312,1.3073992721609362
176,1577462400,564,639,75,1203,52,0.0780686576219765,1.4449779032621795
176,1577476800,691,619,-72,1310,52,-0.7368018278523816,1.703239544101355
