remote_unit_id,time_stamp,entries,exits,num_people_exited,sum_exit_entry,week_num,z_score_num_people_exited,z_score_sum_exit_entry
179,1546311600,116,286,170,402,1,-0.8198675863441638,-0.913350092012851
179,1546326000,33,112,79,145,1,-1.0357351748676822,-1.1118980618277041
179,1546340400,104,395,291,499,1,-0.5328348587469579,-0.838411753211136
179,1546354800,388,871,483,1259,1,-0.07737796867535847,-0.2512660058987301
179,1546369200,548,894,346,1442,1,-0.4023654371118643,-0.10988749042745338
179,1546383600,203,363,160,566,1,-0.8435892993687263,-0.7866502202243845
179,1546398000,67,60,-7,127,1,-1.2397419068789195,-1.125804145316682
179,1546412400,99,293,194,392,1,-0.7629354750852139,-0.9210756939511722
179,1546426800,1061,2143,1082,3204,1,1.3435526414959336,1.25136357110473
179,1546441200,762,1698,936,2460,1,0.9972156313373214,0.6765787868936378
179,1546455600,1390,2480,1090,3870,1,1.3625300119155834,1.765888660196917
179,1546470000,420,971,551,1391,1,0.08392967989166633,-0.14928806031289116
179,1546484400,95,105,10,200,1,-1.1994149947371633,-1.069407251166938
179,1546498800,113,304,191,417,1,-0.7700519889925826,-0.9017616891053694
179,1546513200,1324,2228,904,3552,1,0.9213061496587215,1.5202145185583054
179,1546527600,774,1745,971,2519,1,1.0802416269232902,0.7221598383297324
179,1546542000,1393,2631,1238,4024,1,1.713611364679108,1.8848629300470625
179,1546556400,475,1011,536,1486,1,0.04834711035482262,-0.07589484189884041
179,1546570800,91,119,28,210,1,-1.1567159112929508,-1.0616816492286167
179,1546585200,106,351,245,457,1,-0.6419547386599452,-0.8708592813520848
179,1546599600,1273,2334,1061,3607,1,1.2937370441443523,1.5627053292190716
179,1546614000,781,1772,991,2553,1,1.127685052972415,0.7484268849200243
179,1546628400,1409,2768,1359,4177,1,2.000644092276314,2.003064639703376
179,1546642800,637,944,307,1581,1,-0.49488011790765796,-0.0025016234847896578
179,1546657200,123,204,81,327,1,-1.0309908322627699,-0.9712921065502595
179,1546671600,28,154,126,182,1,-0.9242431236522387,-1.0833133346559158
179,1546686000,277,1127,850,1404,1,0.7932088993260842,-0.13924477779307368
179,1546700400,635,1623,988,2258,1,1.1205685390650464,0.5205216277395509
179,1546714800,1074,1563,489,2637,1,-0.06314494086062099,0.8133219412019218
179,1546729200,587,548,-39,1135,1,-1.3156513885575194,-0.3470634699339121
179,1546743600,140,220,80,360,1,-1.033363003565226,-0.9457976201537998
179,1546758000,31,130,99,161,1,-0.9882917488185573,-1.0995370987263904
179,1546772400,184,722,538,906,1,0.053091452959735115,-0.523979754321466
179,1546786800,549,1467,918,2016,1,0.954516547893109,0.33356206083217954
179,1546801200,803,1132,329,1935,1,-0.4426923492536205,0.27098468513177837
179,1546815600,284,412,128,696,1,-0.9194987810473262,-0.6862173950262097
179,1546830000,77,93,16,170,1,-1.1851819669224257,-1.0925840569819012
179,1546844400,134,342,208,476,1,-0.7297250768508264,-0.8561806376692747
179,1546858800,1375,2240,865,3615,1,0.8287914688629279,1.5688858107697283
179,1546873200,727,1581,854,2308,1,0.8026975845359092,0.5591496374311565
179,1546887600,1274,2582,1308,3856,1,1.8796633558510454,1.7550728174832675
179,1546902000,477,1079,602,1556,1,0.20491041631693493,-0.021815628330592484
179,1546916400,98,98,0,196,2,-1.3286254236505135,-1.146193200961451
179,1546930800,124,316,192,440,2,-0.8480892101450533,-0.9670043444284245
179,1546945200,1457,2414,957,3871,2,1.0665472655407646,1.5526553554273694
179,1546959600,704,1622,918,2326,2,0.9689383471724681,0.4180373909047225
179,1546974000,1383,2604,1221,3987,2,1.7272845591107724,1.6378435003365133
179,1546988400,543,1207,664,1750,2,0.333228981389203,-0.004965811402749797
179,1547002800,93,90,-3,183,2,-1.3361338019865363,-1.1557401482357514
179,1547017200,101,357,256,458,2,-0.6879104723099,-0.953785494356316
179,1547031600,1532,2331,799,3863,2,0.6711060065102297,1.5467803109508769
179,1547046000,760,1547,787,2307,2,0.6410724931661385,0.40408416027305233
179,1547060400,1372,2503,1131,3875,2,1.5020332090300879,1.5555928776656158
179,1547074800,511,1236,725,1747,2,0.4858993408883336,-0.007168953081434548
179,1547089200,92,92,0,184,2,-1.3286254236505135,-1.15500576767619
179,1547103600,122,359,237,481,2,-0.7354635351047111,-0.9368947414863996
179,1547118000,1495,2293,798,3788,2,0.6686032137315554,1.491701768983758
179,1547132400,747,1761,1014,2508,2,1.209206453925198,0.5516946527449307
179,1547146800,1415,2457,1042,3872,2,1.2792846517280778,1.553389735986931
179,1547161200,518,1223,705,1741,2,0.4358434853148481,-0.01157523643880405
179,1547175600,205,166,-39,371,2,-1.4262343420188102,-1.0176766030381739
179,1547190000,96,339,243,435,2,-0.7204467784326655,-0.9706762472262325
179,1547204400,1421,2183,762,3604,2,0.5785026736992817,1.3565757460244265
179,1547218800,748,1672,924,2420,2,0.9839551038445137,0.4870691635035113
179,1547233200,1348,2498,1150,3846,2,1.5495862718248992,1.5342958414383299
179,1547247600,595,903,308,1498,2,-0.5577652478188379,-0.1900297124122689
179,1547262000,124,181,57,305,2,-1.18596623526608,-1.0661457199692383
179,1547276400,29,154,125,183,2,-1.0157763263162296,-1.1557401482357514
179,1547290800,260,942,682,1202,2,0.37827925140533986,-0.4074063580424977
179,1547305200,644,1378,734,2022,2,0.508424475896402,0.19478570079800098
179,1547319600,842,1349,507,2191,2,-0.05970948486265771,0.31889601536390866
179,1547334000,528,492,-36,1020,2,-1.4187259636827874,-0.5410636198827059
179,1547348400,108,205,97,313,2,-1.085854524119109,-1.0602706754927456
179,1547362800,30,97,67,127,2,-1.1609383074793374,-1.1968654595712003
179,1547377200,177,634,457,811,2,-0.1848491237963713,-0.694549156831077
179,1547391600,496,1168,672,1664,2,0.3532513236185972,-0.068122539525046
179,1547406000,672,937,265,1609,2,-0.6653853373018315,-0.10851347030093311
179,1547420400,250,407,157,657,2,-0.9356869573986529,-0.8076437630035609
179,1547434800,89,59,-30,148,2,-1.4037092070107418,-1.1814434678204069
179,1547449200,90,308,218,398,2,-0.7830165978995223,-0.997848327930011
179,1547463600,1392,2217,825,3609,2,0.7361786187557607,1.3602476488222344
179,1547478000,670,1552,882,2222,2,0.8788378071401942,0.34166181271031776
179,1547492400,1327,2590,1263,3917,2,1.8324018558150919,1.5864368611672024
179,1547506800,536,1099,563,1635,2,0.08044691074310152,-0.08941957575233193
179,1547521200,91,94,3,185,3,-0.8641234921325444,-1.0763032530943575
179,1547535600,150,352,202,502,3,-0.4728877954573731,-0.8013119616745813
179,1547541439,699,178,-521,877,3,-1.8943119597596283,-0.4760068062095462
179,1547550000,814,2209,1395,3023,3,1.8725603760676484,1.3856061634650274
179,1547564400,681,1590,909,2271,3,0.917080232428788,0.7332608917058105
179,1547578800,1348,2461,1113,3809,3,1.3181459717339887,2.067445769319741
179,1547593200,538,1140,602,1678,3,0.31351561494498115,0.21884500586376857
179,1547607600,79,107,28,186,3,-0.8149732789823971,-1.075435772679784
179,1547621932,115,285,170,400,3,-0.5358000682895614,-0.8897949639610708
179,1547622000,70,369,299,439,3,-0.2821849684348022,-0.8559632277927072
179,1547627065,552,161,-391,713,3,-1.6387308513788632,-0.6182735941995883
179,1547633433,818,181,-637,999,3,-2.1223689487763107,-0.3701741956315882
179,1547636400,265,2337,2072,2602,3,3.203548148173633,1.0203969089296148
179,1547650800,756,1504,748,2260,3,0.6005528597418405,0.723718607145503
179,1547665200,1325,2537,1212,3862,3,1.5127808158085714,2.1134222312921325
179,1547679600,507,1137,630,1644,3,0.368563853673146,0.18935067176827206
179,1547694000,103,117,14,220,3,-0.8424973983464795,-1.0459414385842876
179,1547708400,109,350,241,459,3,-0.3962134629431435,-0.8386136195012386
179,1547722800,1458,2124,666,3582,3,0.4393401606093578,1.8705277152115731
179,1547737200,727,1545,818,2272,3,0.7381734565622524,0.7341283721203841
179,1547751600,1337,2406,1069,3743,3,1.2316415965897298,2.010192061957895
179,1547766000,497,1101,604,1598,3,0.31744763199699294,0.1494465726978944
179,1547780400,105,126,21,231,3,-0.8287353386644384,-1.0363991540239799
179,1547794800,62,357,295,419,3,-0.2900490025388257,-0.8733128360841756
179,1547797452,274,370,96,644,3,-0.6812846992139969,-0.6781297428051547
179,1547809200,1085,2337,1252,3422,3,1.5914211568488068,1.7317308488798246
179,1547823600,768,1589,821,2357,3,0.7440714821402701,0.8078642073591253
179,1547838000,1269,2381,1112,3650,3,1.316179963207983,1.9295163834025661
179,1547852400,537,990,453,1527,3,0.020580344570104207,0.08785546326318112
179,1547866800,119,180,61,299,3,-0.750094997624203,-0.9774104858329868
179,1547881200,30,151,121,181,3,-0.6321344860638498,-1.0797731747526513
179,1547895600,247,735,488,982,3,0.0893906429803102,-0.38492136267933647
179,1547910000,618,1196,578,1814,3,0.2663314103208399,0.3368223422457546
179,1547924400,891,1352,461,2243,3,0.03630841277815129,0.7089714400977547
179,1547938800,439,466,27,905,3,-0.8169392875084031,-0.4517173546014903
179,1547953200,109,145,36,254,3,-0.7992452107743501,-1.016447104488791
179,1547967600,29,101,72,130,3,-0.7284689038381382,-1.124014675895896
179,1547982000,159,610,451,769,3,0.016648327518092434,-0.5696946909834764
179,1547996400,435,1193,758,1628,3,0.6202129450018993,0.1754709851350972
179,1548010800,625,854,229,1479,3,-0.4198055652552142,0.04621640336365664
179,1548025200,198,308,110,506,3,-0.6537605798499145,-0.7978420400162876
179,1548039600,65,74,9,139,3,-0.852327440976509,-1.116207352164735
179,1548054000,29,191,162,220,3,-0.5515281364976085,-1.0459414385842876
179,1548068400,465,1169,704,1634,3,0.5140484845975815,0.1806758676225378
179,1548082800,493,1179,686,1672,3,0.47866033112947554,0.21364012337632798
179,1548097200,744,1135,391,1879,3,-0.1013121840422607,0.3932085691930273
179,1548111600,271,430,159,701,3,-0.5574261620756261,-0.6286833591744694
179,1548126000,59,59,0,118,4,-1.2995406686762434,-1.215952104466456
179,1548140400,111,323,212,434,4,-0.7567802149076205,-0.9781057008691796
179,1548154800,1353,2242,889,3595,4,0.9764689700044441,1.4011110135959814
179,1548169200,676,1434,758,2110,4,0.6410839726285498,0.28338345238726137
179,1548183600,1279,2258,979,3537,4,1.2068861437741425,1.3574556610369877
179,1548198000,471,1100,629,1571,4,0.3108193568919821,-0.12231025501442223
179,1548212400,100,91,-9,191,4,-1.322582386053213,-1.1610065745215157
179,1548226800,121,327,206,448,4,-0.7721413598256004,-0.9675682019756294
179,1548241200,1410,2344,934,3754,4,1.0916775568892934,1.5207868938870162
179,1548255600,720,1502,782,2222,4,0.7025285523004694,0.3676834435356631
179,1548270000,1314,2460,1146,3774,4,1.6344380106579162,1.535840463734945
179,1548284400,494,1163,669,1657,4,0.41322698967851473,-0.057579904668328005
179,1548298800,93,124,31,217,4,-1.2201747532666805,-1.141436933719208
179,1548313200,122,367,245,489,4,-0.672293917858731,-0.9367083837873752
179,1548327600,1400,2308,908,3708,4,1.0251125955780471,1.4861636832367797
179,1548342000,704,1572,868,2276,4,0.9227049627915145,0.40832808212507116
179,1548356400,1304,2439,1135,3743,4,1.6062759116416196,1.5125074304706552
179,1548370800,535,1050,515,1585,4,0.018957603450364128,-0.11177275612087201
179,1548385200,122,148,26,270,4,-1.2329757073649972,-1.1015449736221965
179,1548399600,97,352,255,449,4,-0.6466920096620978,-0.966815523483233
179,1548414000,1402,2329,927,3731,4,1.07375622115165,1.5034752885618978
179,1548428400,697,1637,940,2334,4,1.1070387018072732,0.45198343468406493
179,1548442800,1320,2396,1076,3716,4,1.455224653281484,1.4921851111759512
179,1548457200,572,1024,452,1596,4,-0.14233441818842474,-0.10349329270451112
179,1548471600,106,205,99,311,4,-1.046081777529575,-1.0706851554339423
179,1548486000,33,144,111,177,4,-1.0153594876936154,-1.171544073415066
179,1548500400,299,942,643,1241,4,0.3466620283672685,-0.3706941575052489
179,1548514800,642,1465,823,2107,4,0.8074963759066652,0.28112541691007203
179,1548529200,890,1493,603,2383,4,0.2442543955807359,0.4888646808114907
179,1548543600,516,546,30,1062,4,-1.2227349440863438,-0.5054236076442125
179,1548558000,113,186,73,299,4,-1.1126467388408212,-1.0797172973426996
179,1548572400,27,122,95,149,4,-1.0563225408082284,-1.1926190712021663
179,1548586800,205,578,373,783,4,-0.34458949294182667,-0.7154209070228205
179,1548601200,545,1201,656,1746,4,0.3799445090228916,0.009408481154955557
179,1548615600,678,964,286,1642,4,-0.5673260942525351,-0.06887008205427467
179,1548630000,227,402,175,629,4,-0.8515072752351631,-0.831333394851873
179,1548644400,68,60,-8,128,4,-1.3200221952335498,-1.2084253195424917
179,1548658800,128,343,215,471,4,-0.7490996424486305,-0.9502565966505112
179,1548673200,1321,2293,972,3614,4,1.1889648080364992,1.415411904951514
179,1548687600,1649,1502,-147,3151,4,-1.6758887191667506,1.06692176297196
179,1548702000,1330,2430,1100,3760,4,1.5166692329534037,1.5253029648413947
179,1548716400,491,1138,647,1629,4,0.35690279164592176,-0.07865490245542844
179,1548730800,88,76,-12,164,5,-1.339307588305111,-1.1680304525272676
179,1548745200,134,362,228,496,5,-0.6577192362015356,-0.9224963046666217
179,1548759600,1518,2290,772,3808,5,0.8872143618999023,1.5269286884492181
179,1548774000,756,1489,733,2245,5,0.7764562546830713,0.3709953357197322
179,1548788400,1387,2662,1275,4049,5,2.3157099498503126,1.7051628138540844
179,1548802800,748,1123,375,1871,5,-0.24024637053809558,0.09439963903334206
179,1548817200,86,108,22,194,5,-1.2427492384237713,-1.14584363193745
179,1548831600,172,305,133,477,5,-0.9275146255758676,-0.9365479577068393
179,1548846000,2018,2272,254,4290,5,-0.5838804980569816,1.883396939258951
179,1548860400,1038,1572,534,2610,5,0.21130591273052324,0.6409349862291771
179,1548874800,1922,2343,421,4265,5,-0.10960860305157692,1.8649079221007696
179,1548889200,637,1053,416,1690,5,-0.12380836038706808,-0.039460845191889526
179,1548903600,67,65,-2,132,5,-1.3109080736341288,-1.1916963944897394
179,1548918000,71,277,206,348,5,-0.7201981684776967,-1.0319512862430542
179,1548932400,1463,2092,629,3555,5,0.48110130210485524,1.339819834808425
179,1548946800,610,1372,762,1982,5,0.85881484722892,0.17649087521566642
179,1548961200,1207,2153,946,3360,5,1.3813659171749946,1.1956055009746118
179,1548975600,574,1057,483,1631,5,0.06646838790851343,-0.08309492568519707
179,1548990000,93,107,14,200,5,-1.265468850160557,-1.1414062678194865
179,1549004400,99,336,237,435,5,-0.6321596729976515,-0.9676095065325837
179,1549018800,1177,2219,1042,3396,5,1.654001258016425,1.2222296856823927
179,1549033200,832,1525,693,2357,5,0.6628581959991421,0.4538261325883838
179,1549047600,1159,2240,1081,3399,5,1.7647593652332558,1.2244483677413744
179,1549062000,533,963,430,1496,5,-0.08404903984769284,-0.18293561833937533
179,1549076400,131,197,66,328,5,-1.1177913738714491,-1.0467424999695991
179,1549090800,33,130,97,163,5,-1.0297528783914038,-1.1687700132135947
179,1549105200,279,884,605,1163,5,0.4129424668944977,-0.42920932688634833
179,1549119600,654,1476,822,2130,5,1.029211935254814,0.2859458567920989
179,1549134000,932,1427,495,2359,5,0.10054780551369222,0.45530525396103827
179,1549148400,467,615,148,1082,5,-0.8849153535693941,-0.4891137424788553
179,1549162800,130,182,52,312,5,-1.1575506944108243,-1.058575470950835
179,1549177200,31,78,47,109,5,-1.1717504517463155,-1.208706290275266
179,1549191600,231,542,311,773,5,-0.4220032644323824,-0.7176379945539745
179,1549206000,539,1160,621,1699,5,0.45838169036806936,-0.032804799014944305
179,1549220400,713,1149,436,1862,5,-0.06700933104510345,0.08774359285639685
179,1549234800,315,445,130,760,5,-0.9360344799771623,-0.7272522834762286
179,1549249200,78,111,33,189,5,-1.2115097722856907,-1.1495414353690863
179,1549263600,116,332,216,448,5,-0.6917986538067143,-0.9579952176103295
179,1549278000,1419,2417,998,3836,5,1.5290433934641028,1.547636387666381
179,1549292400,695,1501,806,2196,5,0.9837727117812423,0.3347568620896971
179,1549306800,1312,2342,1030,3654,5,1.619921840411246,1.4130363427548223
179,1549321200,495,1213,718,1708,5,0.7338569826765978,-0.02614875283799909
179,1549335600,104,94,-10,198,6,-1.516773270478267,-1.1723693426042316
179,1549350000,114,325,211,439,6,-0.9202691819866445,-0.9944787974546239
179,1549364400,1558,2312,754,3870,6,0.5453494607778397,1.538062532040414
179,1549378800,729,1646,917,2375,6,0.9853049649594436,0.43455064407915445
179,1549393200,1352,2495,1143,3847,6,1.5953046210639987,1.5210854260717792
179,1549407600,556,1230,674,1786,6,0.3294203789709175,-0.0002108957263183963
179,1549422000,122,109,-13,231,6,-1.5248706110460266,-1.1480108862144514
179,1549436400,126,372,246,498,6,-0.825800208696116,-0.950928829969865
179,1549450800,1602,2392,790,3994,6,0.6425175475909547,1.6295912772626189
179,1549465200,806,1560,754,2366,6,0.5453494607778397,0.42790742870012344
179,1549479600,1373,2429,1056,3802,6,1.360481744598971,1.4878693491766242
179,1549494000,475,1208,733,1683,6,0.48866807680352264,-0.07623880506411755
179,1549508400,88,96,8,184,6,-1.4681892270717094,-1.1827032331938354
179,1549522800,107,334,227,441,6,-0.87708336562526,-0.9930025273703947
179,1549537200,1549,2439,890,3988,6,0.9124288998496074,1.6251624670099314
179,1549551600,852,1692,840,2544,6,0.777473223720281,0.5592954661965143
179,1549566000,1314,2442,1128,3756,6,1.5548179182252009,1.4539151372393548
179,1549580400,519,1212,693,1731,6,0.38070353590006156,-0.040808323042618916
179,1549594800,121,148,27,269,6,-1.4169060701425655,-1.119961754614098
179,1549609200,107,380,273,487,6,-0.7529241435862798,-0.9590483154331252
179,1549623600,1383,2144,761,3527,6,0.5642432554359453,1.2848822125951216
179,1549638000,794,1659,865,2453,6,0.8449510617849442,0.4921251773640897
179,1549652400,1301,2439,1138,3740,6,1.581809053451066,1.4421049765655218
179,1549666800,524,973,449,1497,6,-0.27788016361105106,-0.21353192289742476
179,1549681200,104,233,129,337,6,-1.1415964908387397,-1.0697685717503085
179,1549695600,29,93,64,122,6,-1.317038869806864,-1.2284676058049377
179,1549710000,349,977,628,1326,6,0.20526115693193728,-0.3397530150990136
179,1549724400,678,1537,859,2215,6,0.828756380649425,0.31644903734082563
179,1549738800,845,1791,946,2636,6,1.063579257114453,0.6272038900710533
179,1549753200,508,771,263,1279,6,-0.7799152788121451,-0.37444536207839774
179,1549767600,120,183,63,303,6,-1.3197379833294505,-1.0948651631822033
179,1549782000,23,81,58,104,6,-1.3332335509423832,-1.2417540365629998
179,1549796400,219,610,391,829,6,-0.4344287479210696,-0.7066061310299474
179,1549810800,483,1214,731,1697,6,0.4832698497583496,-0.06590491447451378
179,1549825200,575,1245,670,1820,6,0.31862392488057145,0.02488569570557647
179,1549839600,240,513,273,753,6,-0.7529241435862798,-0.7627043942306536
179,1549854000,80,76,-4,156,6,-1.500578589342748,-1.203371014373043
179,1549868400,108,375,267,483,6,-0.7691188247217989,-0.9620008556015834
179,1549882800,1431,2323,892,3754,6,0.9178271268947804,1.4524388671551256
179,1549897200,730,1381,651,2111,6,0.2673407679514274,0.23968299296091194
179,1549911600,1325,2407,1082,3732,6,1.4306586961862207,1.4361998962286053
179,1549926000,498,1163,665,1661,6,0.3051283572676388,-0.09247777599063776
179,1549940400,100,104,4,204,7,-0.9093449115025548,-1.0543068337985808
179,1549954800,119,369,250,488,7,-0.43299332282729747,-0.8215526010565121
179,1549969200,1420,2218,798,3638,7,0.6281476145468532,1.7600524452023485
179,1549983600,667,1419,752,2086,7,0.5390737402417237,0.4880997366963957
179,1549998000,1218,2243,1025,3461,7,1.0677078203569483,1.614990828317327
179,1550012400,428,1113,685,1541,7,0.40933570592773083,0.04144108583573568
179,1550026800,93,111,18,204,7,-0.8822354714966458,-1.0543068337985808
179,1550041200,117,334,217,451,7,-0.49689414569836854,-0.8518762158855845
179,1550055600,1516,2399,883,3915,7,0.7927406431541575,1.9870697778416198
179,1550070000,706,1638,932,2344,7,0.8876236831748389,0.6995454833423596
179,1550074012,366,77,-289,443,7,-1.4767067630547923,-0.8584326731459244
179,1550084400,1018,2491,1473,3509,7,1.9352099005460348,1.654329571879367
179,1550098800,567,1229,662,1796,7,0.36479876877516615,0.25042816100907206
179,1550113200,105,137,32,242,7,-0.855126031490737,-1.023163661811966
179,1550127600,128,347,219,475,7,-0.49302136855466727,-0.8322068441045646
179,1550142000,1447,2355,908,3802,7,0.8411503574504235,1.8944598190393178
179,1550144722,135,66,-69,201,7,-1.0507012772476516,-1.0567655052712084
179,1550156400,612,1603,991,2215,7,1.0018706089140266,0.5938226100193776
179,1550170800,1377,2526,1149,3903,7,1.3078200032664276,1.97723509195111
179,1550185200,493,1158,665,1651,7,0.37060793449071805,0.1315923731654102
179,1550199600,109,151,42,260,7,-0.8357621457722305,-1.0084116329762012
179,1550214000,107,375,268,482,7,-0.39813832853398595,-0.8264699440017671
179,1550228116,1172,206,-966,1378,7,-2.7876418261976754,-0.09214673084369109
179,1550228400,266,2259,1993,2525,7,2.9421319579083676,0.8478853288575513
179,1550228515,1,0,-1,1,7,-0.919026854361808,-1.2206769367797075
179,1550242800,783,1716,933,2499,7,0.8895600717466895,0.8265768427614464
179,1550257200,1269,2490,1221,3759,7,1.4472399804396736,1.8592188612649905
179,1550271600,503,1016,513,1519,7,0.07627687156942081,0.02341082836980078
179,1550286000,139,173,34,312,7,-0.8512532543470357,-0.9657946607839913
179,1550300400,40,91,51,131,7,-0.8183346486255748,-1.114134506299183
179,1550314800,306,938,632,1244,7,0.3067071116196469,-0.20196738995438548
179,1550329200,659,1485,826,2144,7,0.682366494558671,0.5356340518338605
179,1550343600,800,1513,713,2313,7,0.4635545859395488,0.6741392114585423
179,1550358000,452,514,62,966,7,-0.7970343743352177,-0.4298042797511992
179,1550372400,111,144,33,255,7,-0.8531896429188863,-1.0125094187639136
179,1550386800,30,79,49,109,7,-0.8222074257692761,-1.132164763765118
179,1550401200,210,590,380,800,7,-0.18126280848671428,-0.5658507679032535
179,1550415600,492,1284,792,1776,7,0.6165292831157493,0.23403701785822212
179,1550430000,598,989,391,1587,7,-0.15996253419635725,0.07914071508269047
179,1550444400,248,376,128,624,7,-0.6692327285930755,-0.7100928276307327
179,1550458800,77,82,5,159,7,-0.9074085229307042,-1.091186905887993
179,1550473200,40,152,112,192,7,-0.7002149457426857,-1.0641415196890909
179,1550487600,469,1346,877,1815,7,0.7811223117230537,0.26599974700237944
179,1550502000,682,1520,838,2202,7,0.7056031574208788,0.5831683669713252
179,1550516400,900,1241,341,2141,7,-0.2567819627888892,0.533175380361233
179,1550530800,292,506,214,798,7,-0.5027033114139204,-0.5674898822183385
179,1550545200,97,65,-32,162,8,-1.6518560386826995,-1.3134903281712844
179,1550559600,97,330,233,427,8,-0.969173316866989,-1.1233244130088778
179,1550574000,1425,2173,748,3598,8,0.35754970854844825,1.1522081038967527
179,1550588400,690,1453,763,2143,8,0.3961921267644319,0.10808958857108501
179,1550602800,1253,2429,1176,3682,8,1.4601467083111808,1.2124871109671005
179,1550617200,476,1139,663,1615,8,0.13857600532454115,-0.27080702729967276
179,1550631600,93,101,8,194,8,-1.5488095901067434,-1.29052689690639
179,1550646000,118,346,228,464,8,-0.9820541229389836,-1.0967729456088435
179,1550660400,1462,2219,757,3681,8,0.38073515947803843,1.2117695037400726
179,1550674800,741,1592,851,2333,8,0.6228943136315357,0.24443496170639556
179,1550689200,1270,2339,1069,3609,8,1.1844974583704975,1.1601017833940601
179,1550703600,397,1100,703,1497,8,0.24162245390049744,-0.3554846800889709
179,1550718000,98,112,14,210,8,-1.5333526228203498,-1.279045181273943
179,1550732400,117,369,252,486,8,-0.9202262537934098,-1.0809855866142286
179,1550746800,1483,2252,769,3735,8,0.41164909405082534,1.2505202939995819
179,1550761200,745,1612,867,2357,8,0.6641128930619182,0.2616575351550664
179,1550775600,1357,2364,1007,3721,8,1.0247754630777652,1.2404737928211906
179,1550790000,520,1195,675,1715,8,0.16948993989732802,-0.19904630459687772
179,1550804400,105,121,16,226,8,-1.528200300391552,-1.2675634656414958
179,1550818800,98,306,208,404,8,-1.0335773472269618,-1.1398293792305205
179,1550833200,1378,2332,954,3710,8,0.8882389187146232,1.2325801133238832
179,1550847600,780,1841,1061,2621,8,1.1638881686553062,0.45110584309044527
179,1550862000,1273,2429,1156,3702,8,1.4086234840232026,1.2268392555076595
179,1550876400,525,1000,475,1525,8,-0.34574230298245345,-0.33539167773218825
179,1551495600,9327,7931,-1396,17258,9,-3.319933914514327,3.9884317484676615
179,1551510000,30,94,64,124,9,-0.5084795506617663,-0.5471451813623518
179,1551524400,280,846,566,1126,9,0.4581985936217853,-0.28190366836540576
179,1551538800,640,1347,707,1987,9,0.7297157616376833,-0.05398655989198206
179,1551553200,771,1363,592,2134,9,0.5082655891424473,-0.015073882835543869
179,1551567600,441,575,134,1016,9,-0.3736837934907532,-0.3110219981355296
179,1551582000,115,218,103,333,9,-0.4333790573807733,-0.49182035479911657
179,1551596400,29,80,51,109,9,-0.5335130484220973,-0.5511158626946414
179,1551610800,206,596,390,802,9,0.11928354702038074,-0.3676703851428614
179,1551625200,514,1188,674,1702,9,0.66616919039992,-0.12942950520548469
179,1551639600,570,1068,498,1638,9,0.32725414379851536,-0.14637107888992035
179,1551654000,239,362,123,601,9,-0.394865983903341,-0.42087751499554216
179,1551668400,72,79,7,151,9,-0.6182418100724485,-0.5399979549642305
179,1551682800,111,275,164,386,9,-0.3159141832746047,-0.47779061409169327
179,1551697200,1225,1997,772,3222,9,0.8548832504393383,0.27293286979986264
179,1551711600,684,1417,733,2101,9,0.7797827571583453,-0.023809381766581015
179,1551726000,1091,2200,1109,3291,9,1.5038285385340733,0.29119800392839484
179,1551740400,421,1035,614,1456,9,0.5506299699676229,-0.1945486790550343
179,1551754800,95,107,12,202,10,-1.421314782452255,-1.1732987502339864
179,1551769200,137,362,225,499,10,-0.8871289503315999,-0.9583816516209227
179,1551783600,1595,2398,803,3993,10,0.5624457490380652,1.5699696701098678
179,1551798000,776,1501,725,2277,10,0.36682840206430417,0.32822643367883275
179,1551812400,1401,2618,1217,4019,10,1.6007224368218738,1.588783961570944
179,1551826800,579,1281,702,1860,10,0.3091463638540926,0.026474143706955323
179,1551841200,74,119,45,193,10,-1.3385535971941254,-1.1798113895858975
179,1551855600,134,362,228,496,10,-0.8796052062172245,-0.960552531404893
179,1551870000,1461,2418,957,3879,10,0.9486646135760037,1.4874762383189948
179,1551884400,816,1694,878,2510,10,0.7505393518974508,0.49683143023386256
179,1551898800,1357,2321,964,3678,10,0.9662200165095464,1.342027292792982
179,1551913200,530,1321,791,1851,10,0.5323507725805635,0.0199615043550443
179,1551927600,85,108,23,193,10,-1.393727720699545,-1.1798113895858975
179,1551942000,105,397,292,502,10,-0.7190986651105488,-0.9562107718369524
179,1551956400,1547,2458,911,4005,10,0.8333005371555805,1.5786531892457492
179,1551970800,733,1730,997,2463,10,1.048981201767676,0.46282098028499385
179,1551985200,1424,2441,1017,3865,10,1.0991394958635121,1.4773454659938
179,1551999600,477,1308,831,1785,10,0.6326673607722358,-0.027797850892303202
179,1552014000,103,170,67,273,10,-1.2833794736887056,-1.1219212620133552
179,1552028400,119,364,245,483,10,-0.8369706562357637,-0.9699596771354312
179,1552042800,1405,2405,1000,3810,10,1.0565049458820515,1.437546003287677
179,1552057200,799,1850,1051,2649,10,1.1844085958264337,0.5974155268911551
179,1552071600,1350,2549,1199,3899,10,1.5555799721356212,1.5019487702121304
179,1552086000,527,1059,532,1586,10,-0.11719913596051479,-0.17179954322900248
179,1552100400,125,245,120,370,10,-1.1504599943347398,-1.0517294823316474
179,1552114800,29,103,74,132,10,-1.265824070755163,-1.223952611859961
179,1552129200,341,1020,679,1361,10,0.251464325643881,-0.33461552702677805
179,1552143600,662,1269,607,1931,10,0.07089446689887083,0.07785163192758673
179,1552158000,783,1459,676,2242,10,0.2439405815295056,0.30289950286584544
179,1552172400,464,699,235,1163,10,-0.8620498032836819,-0.4778935927688206
179,1552190400,124,234,110,358,10,-1.175539141382658,-1.0604130014675288
179,1552204800,36,126,90,162,10,-1.225697435478494,-1.2022438140202578
179,1552219200,243,750,507,993,10,-0.17989700358031,-0.6009101138604732
179,1552233600,541,1248,707,1789,10,0.3216859373780516,-0.02490334451367608
179,1552248000,539,837,298,1376,10,-0.7040511768817979,-0.32376112810692637
179,1552262400,173,290,117,463,10,-1.1579837384491152,-0.9844322090285669
179,1552276800,28,29,1,57,10,-1.4489018442049648,-1.2782246064592198
179,1552291200,419,913,494,1332,10,-0.2124998947426035,-0.3556006982718247
179,1552305600,1324,2379,1055,3703,10,1.194440254645601,1.3601179576594016
179,1552320000,861,1744,883,2605,10,0.7630789254214099,0.5655759567262567
179,1552334400,1195,2558,1363,3753,10,1.9668779837214778,1.3962992873922406
179,1552348800,351,652,301,1003,11,-0.5409569060574506,-0.5531943921886475
179,1552363200,32,43,11,75,11,-1.1750965589093634,-1.2664481552328504
179,1552377600,417,924,507,1341,11,-0.09049908368678157,-0.2934101552178065
179,1552392000,1403,2258,855,3661,11,0.6704684997355138,1.4897242523927006
179,1552406400,911,1779,868,2690,11,0.6988954496909443,0.7434210154143375
179,1552420800,1272,2681,1409,3953,11,1.8818939055284782,1.7141532381781608
179,1552435200,404,742,338,1146,11,-0.46004943310737906,-0.4432856765471379
179,1552449600,44,58,14,102,11,-1.1685364935350333,-1.2456961599718661
179,1552464000,435,918,483,1353,11,-0.14297960668142262,-0.28418704621292457
179,1552478400,1354,2302,948,3656,11,0.8738305263397479,1.485881290307333
179,1552486132,412,162,-250,574,11,-1.745822246476085,-0.8829205391131767
179,1552492800,484,1728,1244,2212,11,1.521090309940321,0.3760338400532071
179,1552507200,1274,2601,1327,3875,11,1.7025854519634547,1.6542030296464283
179,1552521600,342,779,437,1121,11,-0.24356727575448467,-0.4625004869739752
179,1552536000,43,81,38,124,11,-1.1160559705403923,-1.2287871267962491
179,1552550400,421,902,481,1323,11,-0.14735298359764273,-0.3072448187251294
179,1552551969,252,23,-229,275,11,-1.6999017888557741,-1.1127296718181514
179,1552564800,1152,2365,1213,3517,11,1.4533029677389095,1.3790469443341173
179,1552579200,919,1831,912,2750,11,0.7951097418477863,0.7895365604387471
179,1552593600,1275,2659,1384,3934,11,1.8272266940757271,1.6995499822537645
179,1552608000,362,823,461,1185,11,-0.1910867527598436,-0.4133105722812716
179,1552622400,53,87,34,140,11,-1.1248027243728325,-1.2164896481230731
179,1552636800,375,905,530,1280,11,-0.04020524915025056,-0.3402942926592896
179,1552651200,1448,2223,775,3671,11,0.4955334230867102,1.4974101765634353
179,1552665600,1030,1856,826,2886,11,0.6070545344503225,0.8940651291607423
179,1552680000,1166,2429,1263,3595,11,1.5626373906444118,1.4389971528658498
179,1552694400,407,728,321,1135,11,-0.4972231368952498,-0.45174019313494634
179,1552708800,69,151,82,220,11,-1.0198416783835502,-1.1550022547571936
179,1552723200,64,233,169,297,11,-0.8295997825279765,-1.0958206386425347
179,1552737600,460,1141,681,1601,11,0.2899847080243661,-0.09357612677869794
179,1552752000,805,1436,631,2241,11,0.18065028511886388,0.3983230201483385
179,1552766400,840,1331,491,2171,11,-0.12548609901654229,0.34452155095319387
179,1552780800,350,494,144,844,11,-0.8842669939807276,-0.6754005865033332
179,1552795200,57,118,61,175,11,-1.0657621360038612,-1.189588913525501
179,1552809600,41,169,128,210,11,-0.9192540093104883,-1.1626881789279286
179,1552824000,306,866,560,1172,11,0.02539540459305076,-0.42330227370322704
179,1552838400,575,1182,607,1757,11,0.12816976212422285,0.026324290284767182
179,1552852800,483,903,420,1386,11,-0.28074097954235544,-0.25882349644949926
179,1552867200,194,311,117,505,11,-0.9433075823496988,-0.9359534158912478
179,1552881600,35,32,-3,67,11,-1.205710197322904,-1.2725968945694384
179,1552896000,400,768,368,1168,11,-0.3944487793640777,-0.426376643371521
179,1552910400,1201,2089,888,3290,11,0.7426292188531453,1.2045764656584341
179,1552924800,804,1596,792,2400,11,0.532707126874581,0.520529214463024
179,1552939200,1114,2606,1492,3720,11,2.063389047551612,1.5350712050000366
179,1552953600,328,684,356,1012,12,-0.4897010920497611,-0.5680367381763757
179,1552968000,28,46,18,74,12,-1.2784232049086683,-1.3180828347441629
179,1552982400,429,841,412,1270,12,-0.35902523903171735,-0.3617340804850227
179,1552996800,1322,2142,820,3464,12,0.5930416900997446,1.3926381325957078
179,1553011200,827,1631,804,2458,12,0.5557057320945892,0.5882176921402771
179,1553025600,1218,2681,1463,3899,12,2.093480502431926,1.7404740089357797
179,1553040000,365,769,404,1134,12,-0.377693218034295,-0.47048276826030955
179,1553054400,40,54,14,94,12,-1.287757194409957,-1.3020903806595618
179,1553068800,420,783,363,1203,12,-0.47336661042250566,-0.4153088016684361
179,1553083200,1301,2204,903,3505,12,0.786721972251488,1.4254226634691398
179,1553097600,831,1590,759,2421,12,0.45069835020508975,0.5586316520837653
179,1553112000,1170,2555,1385,3725,12,1.9114677071567936,1.601339658399751
179,1553126400,344,750,406,1094,12,-0.3730262232836506,-0.5024676764295116
179,1553140800,43,54,11,97,12,-1.2947576865359238,-1.2996915125468718
179,1553155200,393,829,436,1222,12,-0.30302130202398425,-0.4001159702880651
179,1553169600,1258,2165,907,3423,12,0.7960559617527769,1.3598536017222758
179,1553184000,855,1679,824,2534,12,0.6023756796010334,0.648989017661761
179,1553198400,1087,2418,1331,3505,12,1.785458848889394,1.4254226634691398
179,1553212800,318,761,443,1079,12,-0.28668682039672877,-0.5144620169929623
179,1553227200,36,45,9,81,12,-1.2994246812865682,-1.3124854758145525
179,1553241600,333,717,384,1050,12,-0.4243631655407392,-0.5376510754156338
179,1553256000,1155,2170,1015,3325,12,1.0480736782875757,1.2814905767077307
179,1553270400,896,1707,811,2603,12,0.5720402137218447,0.7041629842536344
179,1553284800,1109,2431,1322,3540,12,1.7644573725114943,1.4534094581171917
179,1553299200,360,673,313,1033,12,-0.5900414791886162,-0.5512446613875447
179,1553313600,65,125,60,190,12,-1.1804163151451355,-1.2253266010534771
179,1553328000,52,203,151,255,12,-0.9680680539908143,-1.1733511252785238
179,1553342400,474,1087,613,1561,12,0.110007733408047,-0.12904387355407806
179,1553356800,683,1541,858,2224,12,0.6817145903619886,0.40110597935044534
179,1553371200,851,1201,350,2052,12,-0.5037020763016944,0.26357087422287667
179,1553385600,321,514,193,835,12,-0.8700611642272814,-0.7095699568250946
179,1553400000,57,125,68,182,12,-1.1617483361425578,-1.2317235826873174
179,1553414400,47,117,70,164,12,-1.1570813413919132,-1.2461167913634583
179,1553428800,367,859,492,1226,12,-0.17234544900594048,-0.3969174794711449
179,1553443200,588,1381,793,1969,12,0.5300372609660449,0.1972021897717825
179,1553457600,500,962,462,1462,12,-0.2423503702656068,-0.20820652127285305
179,1553472000,220,367,147,587,12,-0.9774020434921031,-0.9078763874741471
179,1553486400,43,30,-13,73,12,-1.3507616235436568,-1.318882457448393
179,1553500800,381,850,469,1231,12,-0.22601588863835131,-0.39291936594999466
179,1553515200,1256,2171,915,3427,12,0.8147239407553546,1.363052092539196
179,1553529600,834,1529,695,2363,12,0.30135451818446823,0.5122535352384223
179,1553544000,1082,2612,1530,3694,12,2.249824826578514,1.5765513545686194
179,1553558400,305,769,464,1074,13,-0.2794233658083434,-0.5641261598763607
179,1553572800,35,47,12,82,13,-1.371573494798583,-1.3365390661528962
179,1553587200,409,812,403,1221,13,-0.4268153079950793,-0.44966577961159193
179,1553601600,1319,2217,898,3536,13,0.7692340589300724,1.352890549047863
179,1553616000,880,1639,759,2519,13,0.43337373165210047,0.5610115917058909
179,1553630400,1233,2703,1470,3936,13,2.1513355495991364,1.6643473660948531
179,1553644800,353,846,493,1199,13,-0.2093517867359608,-0.46679590454917635
179,1553659200,39,55,16,94,13,-1.3619084494092888,-1.3271953616414864
179,1553673600,395,863,468,1258,13,-0.2697583204190493,-0.4208560240347453
179,1553688000,1245,2175,930,3420,13,0.8465544220444257,1.262568072104236
179,1553702400,874,1594,720,2468,13,0.3391395391064825,0.5213008475323996
179,1553716800,1177,2557,1380,3734,13,1.9338720283400181,1.507061673486123
179,1553731200,342,817,475,1159,13,-0.2528444909877845,-0.49794158625387536
179,1553745600,39,49,10,88,13,-1.37640601749323,-1.3318672138971912
179,1553760000,429,815,386,1244,13,-0.46789175089957946,-0.43175701263139
179,1553774400,1402,2188,786,3590,13,0.49861278802983605,1.3949372193492067
179,1553788800,875,1690,815,2565,13,0.5686843671022187,0.5968291256662948
179,1553803200,1183,2610,1427,3793,13,2.0474363116642245,1.5530015540005542
179,1553817600,360,885,525,1245,13,-0.13203142362160758,-0.43097837058877253
179,1553832000,49,72,23,121,13,-1.344994619978024,-1.3061720264908145
179,1553846400,370,834,464,1204,13,-0.2794233658083434,-0.462902694336089
179,1553860800,1337,2197,860,3534,13,0.677416127731778,1.3513332649626282
179,1553875200,1046,1886,840,2932,13,0.6290909007853072,0.8825907553069081
179,1553889600,1206,2473,1267,3679,13,1.6608344960924581,1.464236361142162
179,1553904000,385,732,347,1117,13,-0.5621259434451975,-0.5306445520438093
179,1553918400,57,134,77,191,13,-1.214516507222553,-1.2516670835075914
179,1553932800,82,218,136,300,13,-1.071957087730464,-1.1667951008622865
179,1553947200,558,1114,556,1672,13,-0.057127321854577875,-0.09849821839111061
179,1553961600,710,1544,834,2254,13,0.6145933327013658,0.35467145041225995
179,1553976000,748,1441,693,2189,13,0.27390048272874695,0.304059717642124
179,1553990400,385,647,262,1032,13,-0.7675081579676982,-0.5968291256662948
179,1554004800,52,173,121,225,13,-1.1082010079403173,-1.2251932540585972
179,1554019200,47,154,107,201,13,-1.1420286668028468,-1.2438806630814165
179,1554033600,371,962,591,1333,13,0.027441825301745982,-0.36245787083843467
179,1554048000,568,1429,861,1997,13,0.6798323890791015,0.15456044545956882
179,1554062400,562,879,317,1441,13,-0.6346137838649036,-0.27836453023574736
179,1554076800,214,365,151,579,13,-1.035713167520611,-0.949553970972011
179,1554091200,35,34,-1,69,13,-1.4029848923137889,-1.3466614127069232
179,1554105600,437,894,457,1331,13,-0.2963371952396082,-0.36401515492366965
179,1554120000,1347,2090,743,3437,13,0.39471355009492387,1.2758049868287331
179,1554134400,888,1618,730,2506,13,0.3633021525797179,0.5508892451518637
179,1554148800,1248,2720,1472,3968,13,2.1561680722937835,1.6892639114586123
179,1554163200,367,712,345,1079,14,-0.5995699218440943,-0.5919420223570215
179,1554177600,43,76,33,119,14,-1.3395872766378223,-1.3026320244841427
179,1554192000,447,979,532,1426,14,-0.15603387906708424,-0.3350571986714892
179,1554206400,1415,2273,858,3688,14,0.6171893826725161,1.33950611884054
179,1554220800,948,1634,686,2582,14,0.20923109733751225,0.5207320122232525
179,1554235200,1336,2851,1515,4187,14,2.1754951586323856,1.7089168595295332
179,1554249600,394,784,390,1178,14,-0.4928366495180758,-0.5186521158876621
179,1554264000,42,62,20,104,14,-1.370421333087561,-1.313736555767379
179,1554278400,482,955,473,1437,14,-0.2959730583389751,-0.3269138757304493
179,1554292800,1469,2317,848,3786,14,0.5934708777111787,1.4120557232243502
179,1554307200,964,1658,694,2622,14,0.2282059013065822,0.5503440956452159
179,1554321600,1310,2730,1420,4040,14,1.95016936149968,1.6000924529538176
179,1554336000,408,822,414,1230,14,-0.43591223761086595,-0.48015640743910976
179,1554350400,36,77,41,113,14,-1.3206124726687523,-1.307073836997437
179,1554364800,438,998,560,1436,14,-0.08962206517533942,-0.32765417781599837
179,1554379200,1411,2361,950,3772,14,0.8353996283168206,1.4016914940266632
179,1554393600,929,1823,894,2752,14,0.7025760005333309,0.6465833667665969
179,1554408000,1320,2634,1314,3954,14,1.6987532089095032,1.5364264735965965
179,1554422400,399,873,474,1272,14,-0.2936012078428414,-0.4490637198460482
179,1554436800,52,71,19,123,14,-1.3727931835836946,-1.2996708161419464
179,1554451200,370,944,574,1314,14,-0.056416158229467016,-0.41797103225298665
179,1554465600,1346,2295,949,3641,14,0.8330277778206868,1.304711920819733
179,1554480000,976,1868,892,2844,14,0.6978322995410634,0.7146911586371126
179,1554494400,1304,2614,1310,3918,14,1.6892658069249682,1.5097755985168293
179,1554508800,361,655,294,1016,14,-0.7205342971469152,-0.6385810537466139
179,1554523200,55,111,56,166,14,-1.285034715226746,-1.2678378264633356
179,1554537600,62,258,196,320,14,-0.9529756457680221,-1.1538313052887768
179,1554552000,488,1208,720,1696,14,0.2898740142060595,-0.1351756355732364
179,1554566400,792,1697,905,2489,14,0.7286663559908021,0.4518839182671876
179,1554580800,843,1455,612,2298,14,0.033714160623615236,0.31048621992731246
179,1554595200,380,651,271,1031,14,-0.7750868585579913,-0.6274765224633776
179,1554609600,55,168,113,223,14,-1.1498392369471226,-1.2256406075870379
179,1554624000,50,138,88,188,14,-1.2091354993504664,-1.2515511805812558
179,1554638400,379,840,461,1219,14,-0.32443526429258,-0.4882997303801497
179,1554652800,572,1297,725,1869,14,0.30173326668672823,-0.007103374773244771
179,1554667200,509,1038,529,1547,14,-0.16314943055548548,-0.24548064632004998
179,1554681600,241,388,147,629,14,-1.0691963200785755,-0.9250779608541095
179,1554696000,39,41,2,80,14,-1.4131146420179683,-1.331503805820557
179,1554710400,418,961,543,1379,14,-0.12994352360961306,-0.36985139669229616
179,1554724800,1277,2355,1078,3632,14,1.1389964918219397,1.2980492020497911
179,1554739200,915,1592,677,2507,14,0.18788444287230857,0.4652093558070711
179,1554753600,1255,2740,1485,3995,14,2.1043396437483732,1.566778859104109
179,1554768000,350,720,370,1070,15,-0.5023016810686156,-0.5840671273206581
179,1554782400,38,56,18,94,15,-1.291796825892558,-1.3033197446737501
179,1554796800,485,717,232,1202,15,-0.8118196639825476,-0.48679115858028094
179,1554811200,1430,2443,1013,3873,15,0.9398726885955747,1.4815733300981093
179,1554825600,982,1749,767,2731,15,0.38812324079247856,0.6399888126624217
179,1554840000,1362,2887,1525,4249,15,2.0882292628849455,1.7586624531767596
179,1554854400,447,836,389,1283,15,-0.459686886319596,-0.4270990868532313
179,1554868800,37,68,31,105,15,-1.2626393347484919,-1.2952134139453855
179,1554883200,442,966,524,1408,15,-0.1568975552081408,-0.33498169221272256
179,1554887267,99,799,700,898,15,0.23785001720383042,-0.7108206623459981
179,1554897600,1479,1520,41,2999,15,-1.2402104954069026,0.8374885067716723
179,1554912000,976,1688,712,2664,15,0.26476462441373755,0.590613889135109
179,1554926400,1290,2780,1490,4070,15,2.009728325189383,1.6267503440515512
179,1554940800,405,850,445,1255,15,-0.3340853860066961,-0.44773338325270523
179,1554955200,42,52,10,94,15,-1.3097398973658294,-1.3033197446737501
179,1554969600,437,972,535,1409,15,-0.1322258319323926,-0.3342447530555985
179,1554984000,1449,2300,851,3749,15,0.5765254912618284,1.3901928746147247
179,1554998400,945,1800,855,2745,15,0.5854970269984642,0.6503059608621586
179,1555012800,1332,2711,1379,4043,15,1.760768208497742,1.6068529868092012
179,1555027200,421,894,473,1315,15,-0.2712846358502461,-0.40351703382526105
179,1555041600,44,79,35,123,15,-1.2536677990118563,-1.281948509117152
179,1555056000,393,915,522,1308,15,-0.16138332307645867,-0.4086756079251295
179,1555070400,1275,2477,1202,3752,15,1.363777752151612,1.392403692086097
179,1555084800,976,1989,1013,2965,15,0.9398726885955747,0.812432575429454
179,1555099200,1284,2553,1269,3837,15,1.51405097574026,1.4550435204416428
179,1555113600,353,681,328,1034,15,-0.5965028063032906,-0.6105969369771246
179,1555128000,48,121,73,169,15,-1.168438209513817,-1.248049307889445
179,1555142400,78,273,195,351,15,-0.8948063695464279,-1.1139263812928641
179,1555156800,429,1294,865,1723,15,0.6079258663400534,-0.10284585771864059
179,1555171200,778,1637,859,2415,15,0.5944685627350998,0.4071160390112156
179,1555185600,782,1366,584,2148,15,-0.02232451915860516,0.21035328405908904
179,1555200000,373,608,235,981,15,-0.8050910121800708,-0.6496547123047003
179,1555214400,57,172,115,229,15,-1.074237084279142,-1.2038329584620007
179,1555228800,51,165,114,216,15,-1.076479968213301,-1.2134131675046136
179,1555243200,324,938,614,1262,15,0.04496199886616266,-0.4425748091528367
179,1555257600,597,1300,703,1897,15,0.2445786690063072,0.025381555620947537
179,1555272000,607,959,352,1566,15,-0.5426735918834763,-0.21854530538711953
179,1555286400,204,434,230,638,15,-0.8163054318508655,-0.9024248431982562
179,1555300800,43,44,1,87,15,-1.3299258527732598,-1.3084783187736186
179,1555315200,386,886,500,1272,15,-0.21072676962795506,-0.43520541758159603
179,1555329600,1458,2379,921,3837,15,0.7335273666529534,1.4550435204416428
179,1555344000,1021,1850,829,2871,15,0.527182044710332,0.7431602946597914
179,1555358400,1266,2887,1621,4153,15,2.3035461205642025,1.687916294092849
179,1555372800,348,655,307,1003,16,-0.5595538158249772,-0.5699494961759669
179,1555387200,32,35,3,67,16,-1.1662508278314516,-1.275331706939982
179,1555401600,473,993,520,1466,16,-0.13446676464938814,-0.22102645815915167
179,1555416000,1431,2427,996,3858,16,0.8154930304660127,1.581616969348887
179,1555430400,1014,1755,741,2769,16,0.3065859973684766,0.7609318972099848
179,1555444800,1398,2920,1522,4318,16,1.8652385183456364,1.9282791669465869
179,1555459200,414,853,439,1267,16,-0.29611958692742907,-0.37099553929380874
179,1555473600,38,69,31,107,16,-1.110370839883487,-1.245187168018443
179,1555488000,458,1167,709,1625,16,0.242723153999374,-0.10120191594603371
179,1555502400,1505,2532,1027,4037,16,0.8773601599798309,1.7165137810227746
179,1555516800,947,1753,806,2700,16,0.4363073979619662,0.7089325675703299
179,1555531200,1378,2673,1295,4051,16,1.412211473196065,1.7270643696453132
179,1555545600,389,835,446,1224,16,-0.2821495899404379,-0.4034009186344633
179,1555560000,43,80,37,123,16,-1.0983965567517802,-1.2331293524498272
179,1555574400,419,947,528,1366,16,-0.11850105380711248,-0.2963878054629995
179,1555588800,1402,2614,1212,4016,16,1.2465672232074552,1.7006878980889666
179,1555603200,1071,1988,917,3059,16,0.6578316358985408,0.9794798043911433
179,1555617600,1392,2656,1264,4048,16,1.3503443436822469,1.7248035292261978
179,1555632000,429,857,428,1286,16,-0.31807243933555807,-0.35667688330607766
179,1555646400,52,105,53,157,16,-1.066465135067229,-1.207506494366519
179,1555660800,266,614,348,880,16,-0.4777295477583145,-0.6626439533596996
179,1555675200,1011,2218,1207,3229,16,1.236588653931033,1.1075940948076846
179,1555689600,992,2106,1114,3098,16,1.0509872653895784,1.008870729839644
179,1555704000,956,1860,904,2816,16,0.6318873557798429,0.7963517304427933
179,1555718400,396,587,191,983,16,-0.7910566230379741,-0.5850217656367365
179,1555732800,56,122,66,178,16,-1.040520854948531,-1.191680611432711
179,1555747200,63,273,210,336,16,-0.7531380597875694,-1.0726096826926315
179,1555761600,354,1558,1204,1912,16,1.2306015123651795,0.1150851508160094
179,1555776000,765,1817,1052,2582,16,0.9272530063619423,0.6200061777517895
179,1555790400,879,1436,557,2315,16,-0.06062535200386327,0.41879138045051595
179,1555804800,420,566,146,986,16,-0.8808637465257746,-0.582760925217621
179,1555819200,53,100,47,153,16,-1.0784394181989356,-1.210520948258673
179,1555833600,51,172,121,223,16,-0.9307565929078859,-1.1577680051459796
179,1555848000,308,972,664,1280,16,0.1529160305115735,-0.3611985641443085
179,1555862400,537,1371,834,1908,16,0.49218738590993094,0.11207069692385549
179,1555876800,563,918,355,1481,16,-0.4637595507713233,-0.2097222560635745
179,1555891200,204,394,190,598,16,-0.7930523368932585,-0.8751629527565503
179,1555905600,32,44,12,76,16,-1.1482894031338917,-1.2685491856826356
179,1555920000,355,844,489,1199,16,-0.19633389416320626,-0.42224125546042524
179,1555929573,980,172,-808,1152,16,-2.7847747644671452,-0.4576610886932337
179,1555929680,4,3,-1,7,16,-1.1742336832525895,-1.3205485153222907
179,1555929744,130,1639,1509,1769,16,1.8392942382269386,0.007318424171507079
179,1555934400,225,681,456,906,16,-0.2621924513875933,-0.6430500030606993
179,1555948800,922,1920,998,2842,16,0.8194844581765817,0.8159456807417937
179,1555963200,1213,2499,1286,3712,16,1.394250048498505,1.4715894022852694
179,1555977600,306,667,361,973,17,-0.44003057557833336,-0.5743965394141943
179,1555992000,33,54,21,87,17,-1.2130777459019642,-1.264669620959962
179,1556006400,404,937,533,1341,17,-0.048959654120496555,-0.2876916929030855
179,1556020800,1352,2429,1077,3781,17,1.1879158183973129,1.6132860937466582
179,1556035200,950,1806,856,2756,17,0.6854351576869528,0.814719605502401
179,1556049600,1340,2641,1301,3981,17,1.697217483551705,1.7691039451113912
179,1556064000,408,816,408,1224,17,-0.33316817262183146,-0.3788451359514543
179,1556078400,47,76,29,123,17,-1.1948884007178788,-1.23662240771431
179,1556092800,426,922,496,1348,17,-0.13308537559689168,-0.2822380681053198
179,1556107200,1359,1888,529,3247,17,-0.058054326712539274,1.1972524306028207
179,1556121600,848,1740,892,2588,17,0.7672872110153373,0.6838326103560253
179,1556136000,1296,2531,1235,3827,17,1.5471553857830003,1.6491241995605468
179,1556150400,365,923,558,1288,17,0.007882049579770423,-0.32898342351473975
179,1556164800,50,66,16,116,17,-1.2244460866420177,-1.2420760325120757
179,1556179200,381,895,514,1276,17,-0.09215934893269946,-0.33833249459662373
179,1556182430,499,41,-458,540,17,-2.3021647887990797,-0.9117421876188414
179,1556193600,843,2271,1428,3114,17,1.9859733383490612,1.0936335594452733
179,1556208000,999,1750,751,2749,17,0.4467000021458315,0.8092659807046353
179,1556222400,1228,2426,1198,3654,17,1.463029664306605,1.5143417581300525
179,1556236800,385,856,471,1241,17,-0.18992707929715866,-0.365600618585452
179,1556251200,73,94,21,167,17,-1.2130777459019642,-1.2023424804140685
179,1556265600,353,862,509,1215,17,-0.10352768967275286,-0.3858569392628673
179,1556266232,12,94,82,106,17,-1.0743839888733129,-1.2498669250803123
179,1556280000,1296,2432,1136,3728,17,1.322062239129943,1.5719943631350037
179,1556294400,986,1993,1007,2979,17,1.0287590480365654,0.9884565097740784
179,1556308800,1248,2450,1202,3698,17,1.4721243368986479,1.5486216854302937
179,1556323200,369,694,325,1063,17,-0.5218826289067178,-0.5042785063000644
179,1556337600,67,132,65,199,17,-1.1130363473894944,-1.1774116241957113
179,1556352000,65,282,217,347,17,-0.7674387888918711,-1.0621064141858088
179,1556366400,441,1231,790,1672,17,0.535373059918248,-0.02981314889445225
179,1556380800,761,1501,740,2262,17,0.421689652517714,0.42984951263151033
179,1556395200,773,1322,549,2095,17,-0.012580963752325688,0.2997416067419582
179,1556409600,344,621,277,965,17,-0.6310187000112304,-0.5806292534687837
179,1556424000,70,143,73,213,17,-1.0948470022054089,-1.16650437460018
179,1556438400,48,152,104,200,17,-1.0243632896170778,-1.1766325349388878
179,1556452800,328,977,649,1305,17,0.21478585104874223,-0.31573890614873745
179,1556467200,566,1387,821,1953,17,0.605856772506579,0.18911093227299772
179,1556481600,589,953,364,1542,17,-0.4332095711343013,-0.13109475228152875
179,1556496000,224,385,161,609,17,-0.8947642051804692,-0.8579850288980085
179,1556510400,49,35,-14,84,17,-1.2926561310823381,-1.2670068887304329
179,1556524800,439,932,493,1371,17,-0.1399063800409237,-0.26431901519837553
179,1556526780,52,306,254,358,17,-0.683313067415476,-1.0535364323607486
179,1556539200,1301,1933,632,3234,17,0.17613349253256066,1.187124270264113
179,1556553600,833,1672,839,2505,17,0.6467827991707713,0.6191682020396609
179,1556568000,1198,2640,1442,3838,17,2.017804692421211,1.6576941813856072
179,1556582400,407,828,421,1235,18,-0.18105605361882882,-0.2901181779577466
179,1556596800,98,109,11,207,18,-0.9670701165700463,-1.1287358884919647
179,1556611200,461,959,498,1420,18,-0.033438778381648965,-0.1391996211009077
179,1556615946,751,68,-683,819,18,-2.2975427011752774,-0.6294809868898816
179,1556616026,14,7,-7,21,18,-1.0015780510410752,-1.2804702213318135
179,1556616114,12,5,-7,17,18,-1.0015780510410752,-1.2837333252638534
179,1556625600,629,2311,1682,2940,18,2.236416466823818,1.1007798730742009
179,1556640000,937,1745,808,2682,18,0.5608645375082959,0.8903096694576365
179,1556654400,1297,2600,1303,3897,18,1.509832735461595,1.8814774888147137
179,1556668800,444,1206,762,1650,18,0.47267759386011055,0.04842885499137848
179,1556683200,77,165,88,242,18,-0.8194528413328663,-1.100183729086617
179,1556696543,317,213,-104,530,18,-1.1875374756905097,-0.8652402459797542
179,1556696624,9,2,-7,11,18,-1.0015780510410752,-1.288627981161913
179,1556696707,10,3,-7,13,18,-1.0015780510410752,-1.286996429195893
179,1556696788,8,1,-7,9,18,-1.0015780510410752,-1.290259533127933
179,1556696868,8,4,-4,12,18,-0.995826728629237,-1.2878122051789032
179,1556697600,173,1023,850,1196,18,0.6413830512740304,-0.32193344129513424
179,1556712000,1382,2383,1001,3765,18,0.9308662793365519,1.7737950590574016
179,1556726400,906,1749,843,2655,18,0.6279632989797412,0.868283717916368
179,1556740800,1372,2577,1205,3949,18,1.321956203341548,1.9238978399312305
179,1556755200,486,1358,872,1844,18,0.6835594156275103,0.2066893956953068
179,1556769600,117,205,88,322,18,-0.8194528413328663,-1.0349216504458216
179,1556784000,474,946,472,1420,18,-0.08328357261757982,-0.1391996211009077
179,1556790257,137,1315,1178,1452,18,1.2701943016350044,-0.11309478964458962
179,1556798400,1439,1112,-327,2551,18,-1.6150524416371475,0.7834430156833343
179,1556812800,996,1730,734,2726,18,0.4189985846829542,0.9262038127100738
179,1556827200,1382,2565,1183,3947,18,1.279779838988068,1.9222662879652106
179,1556841600,469,1356,887,1825,18,0.7123160276867012,0.19118965201811797
179,1556856000,133,186,53,319,18,-0.8865516028043118,-1.0373689783948516
179,1556870400,404,985,581,1389,18,0.12568114167920724,-0.16448867657421584
179,1556878210,122,1515,1393,1637,18,1.6823724078167401,0.03782376721224926
179,1556884800,1313,948,-365,2261,18,-1.687902525520431,0.5468679806104517
179,1556899200,987,1906,919,2893,18,0.7736634667463084,1.0624384018727338
179,1556913600,1291,2484,1193,3775,18,1.2989509136941952,1.781952818887501
179,1556928000,440,1429,989,1869,18,0.9078609896891991,0.2270837952705553
179,1556942400,187,374,187,561,18,-0.6296592017422066,-0.8399511905064461
179,1556956800,58,358,300,416,18,-0.41302605756296856,-0.9582387080428874
179,1556971200,461,1269,808,1730,18,0.5608645375082959,0.11369093363217367
179,1556985600,677,1342,665,2019,18,0.28671816921067617,0.3494501927220463
179,1557000000,779,1179,400,1958,18,-0.22131531050169606,0.29968785775844
179,1557014400,359,677,318,1036,18,-0.37851812309193955,-0.45245759857672463
179,1557028800,121,256,135,377,18,-0.7293487902140683,-0.9900539713802751
179,1557043200,49,169,120,218,18,-0.7581054022732592,-1.1197623526788554
179,1557057600,343,1066,723,1409,18,0.39791040250621423,-0.14817315691401703
179,1557072000,579,1405,826,1984,18,0.595372471979325,0.3208980333166984
179,1557086400,579,859,280,1438,18,-0.4513682069752231,-0.12451565340672878
179,1557100800,309,311,2,620,18,-0.9843240838055607,-0.7918204075088596
179,1557115200,93,42,-51,135,18,-1.085930779748035,-1.1874717592686805
179,1557129600,441,999,558,1440,18,0.08158766985511455,-0.12288410144070891
179,1557144000,1344,2240,896,3584,18,0.7295699949222157,1.6261396061326023
179,1557158400,893,1556,663,2449,18,0.28288395426945073,0.7002338654163205
179,1557172800,1181,2658,1477,3839,18,1.8434094353482091,1.8341624818001372
179,1557187200,422,776,354,1198,19,-0.37664029741280247,-0.440211343611417
179,1557201600,89,59,-30,148,19,-1.154125265657972,-1.2626370007284644
179,1557216000,483,1005,522,1488,19,-0.03649062380554088,-0.21306520974099438
179,1557226456,190,1821,1631,2011,19,2.2089021620900136,0.19658109375635402
179,1557227073,8,105,97,113,19,-0.8969883100143873,-1.2900511892990327
179,1557230400,1383,387,-996,1770,19,-3.1099858888997263,0.00781482388472694
179,1557244800,948,1647,699,2595,19,0.3218813537449669,0.65400641161955
179,1557259200,1332,2733,1401,4065,19,1.7432210613181673,1.8054023315834165
179,1557273600,411,784,373,1195,19,-0.3381709890881717,-0.44256113120318
179,1557288000,55,121,66,176,19,-0.9597540235966796,-1.24070564987201
179,1557302400,485,972,487,1457,19,-0.10735513914038705,-0.23734634818921196
179,1557316800,1395,2376,981,3771,19,0.8928468773000132,1.575123147590643
179,1557331200,993,1721,728,2714,19,0.3805976664509823,0.747214652759482
179,1557345600,1238,2470,1232,3708,19,1.4010466872727672,1.5257776081636203
179,1557360000,342,865,523,1207,19,-0.034465923367402417,-0.43316198083612806
179,1557374400,51,73,22,124,19,-1.048840842874772,-1.2814353014625683
179,1557388800,397,943,546,1340,19,0.012102186709782213,-0.32898806426796867
179,1557403200,1416,2326,910,3742,19,0.7490931461921824,1.552408534203601
179,1557417600,1027,1810,783,2837,19,0.49195619054859774,0.8435559440217647
179,1557432000,1310,2469,1159,3779,19,1.2532435552886594,1.5813892478353444
179,1557446400,375,891,516,1266,19,-0.048638826434371646,-0.38694949153145586
179,1557460800,66,77,11,143,19,-1.0711125476942949,-1.2665533133814029
179,1557475200,398,950,552,1348,19,0.024250389338612986,-0.32272196402326736
179,1557489600,1261,2379,1118,3640,19,1.1702308373249826,1.472515756083659
179,1557504000,1004,1875,871,2879,19,0.6701298291047824,0.8764529703064465
179,1557518400,1264,2613,1349,3877,19,1.6379366385349672,1.6581489758329357
179,1557532800,491,730,239,1221,19,-0.6094808477987256,-0.4221963054079007
179,1557547200,91,143,52,234,19,-0.988099829730618,-1.1952764230979254
179,1557561600,62,286,224,348,19,-0.6398513543708025,-1.1059844946109316
179,1557576000,401,1145,744,1546,19,0.4129928734611977,-0.16763598296690985
179,1557590400,661,1456,795,2117,19,0.5162525958062593,0.27960692199864645
179,1557604800,779,1149,370,1928,19,-0.3442450904025871,0.13157030371757789
179,1557619200,397,576,179,973,19,-0.7309628740870333,-0.6164454129936414
179,1557633600,73,122,49,195,19,-0.9941739310450334,-1.2258236617908442
179,1557648000,53,157,104,210,19,-0.882815406947418,-1.2140747238320293
179,1557662400,289,841,552,1130,19,0.024250389338612986,-0.49347319569137815
179,1557676800,509,1217,708,1726,19,0.34010365768821305,-0.026648727461130287
179,1557691200,584,695,111,1279,19,-0.8686425038804487,-0.3767670786338162
179,1557705600,200,346,146,546,19,-0.7977779885456026,-0.9508985135545741
179,1557720000,45,45,0,90,19,-1.093384252513818,-1.308066227502549
179,1557734400,414,810,396,1224,19,-0.2916028790109871,-0.41984651781613774
179,1557748800,1241,2326,1085,3567,19,1.1034157228664132,1.4153375913507595
179,1557763200,945,1845,900,2790,19,0.7288461418107978,0.8067426050841444
179,1557777600,1262,2464,1202,3726,19,1.3403056741286132,1.5398763337141983
179,1557792000,344,588,244,932,20,-0.8121643863953747,-0.6620014326748604
179,1557806400,37,38,1,75,20,-1.435882280959925,-1.323984901563965
179,1557820800,426,937,511,1363,20,-0.1268447244664245,-0.3290785912615535
179,1557835200,1389,2248,859,3637,20,0.7663809023173758,1.4274563075177042
179,1557849600,951,1743,792,2694,20,0.5944093017584258,0.6990427589034386
179,1557864000,1305,2666,1361,3971,20,2.0548845363560764,1.6854521985433297
179,1557878400,374,738,364,1112,20,-0.5041555495733746,-0.5229617309245235
179,1557892800,31,29,-2,60,20,-1.4435825018804749,-1.3355715433764932
179,1557906895,403,232,-171,635,20,-1.877361613738125,-0.8914169405629165
179,1557907200,150,889,739,1039,20,0.4583720654953757,-0.5793500544121601
179,1557921600,1400,2312,912,3712,20,0.9024181385804259,1.4853895165803448
179,1557936000,984,1719,735,2703,20,0.4481051042679757,0.7059947439909555
179,1557950400,1317,2541,1224,3858,20,1.703241114317626,1.5981661635556184
179,1557964800,385,764,379,1149,20,-0.46565444497062464,-0.4943813477869542
179,1557979200,37,62,25,99,20,-1.374280513595525,-1.3054462746639202
179,1557993600,456,929,473,1385,20,-0.22438085612672454,-0.3120848499365123
179,1558008000,1310,2090,780,3400,20,0.5636084180762257,1.2443873668797605
179,1558022400,922,1778,856,2700,20,0.7586806813968258,0.7036774156284499
179,1558036800,1308,2496,1188,3804,20,1.610838463271026,1.556454253030517
179,1558051200,404,829,425,1233,20,-0.34758439085552456,-0.4294961536367969
179,1558065600,53,77,24,130,20,-1.3768472539023748,-1.2815005482513622
179,1558080000,390,861,471,1251,20,-0.22951433674042454,-0.4155921834617632
179,1558094400,1320,2328,1008,3648,20,1.148825208038026,1.4359531781802248
179,1558108800,958,1812,854,2770,20,0.7535472007831258,0.7577484107535809
179,1558123200,1292,2437,1145,3729,20,1.500468630076476,1.4985210439678764
179,1558137600,403,721,318,1124,20,-0.6222256036884747,-0.513692417474501
179,1558152000,69,194,125,263,20,-1.1176064829105248,-1.1787656575136132
179,1558166400,120,246,126,366,20,-1.1150397426036749,-1.0992040504009202
179,1558180800,449,1123,674,1572,20,0.29153394555012563,-0.16763804867366217
179,1558195200,691,1479,788,2170,20,0.5841423405310258,0.29428273825245754
179,1558209600,705,1343,638,2048,20,0.1991312945035256,0.2000447181772291
179,1558224000,377,758,381,1135,20,-0.46052096435692463,-0.5051955468119804
179,1558238400,63,175,112,238,20,-1.150974106899575,-1.1980767272011599
179,1558252800,47,156,109,203,20,-1.1586743278201248,-1.2251122247637254
179,1558267200,299,921,622,1220,20,0.1580634495939256,-0.43953790987432123
179,1558281600,531,1378,847,1909,20,0.7355800186351757,0.09267517071446883
179,1558296000,558,1090,532,1648,20,-0.0729431780225745,-0.10893239682351986
179,1558310400,223,460,237,683,20,-0.8301315685433247,-0.8543396867628267
179,1558324800,28,41,13,69,20,-1.405081397277725,-1.3286195582889764
179,1558339200,420,902,482,1322,20,-0.20128019336507452,-0.3607487455491302
179,1558353600,1304,2232,928,3536,20,0.9434859834900259,1.3494395859800152
179,1558368000,913,1703,790,2616,20,0.5892758211447258,0.6387922214782926
179,1558382400,1269,2448,1179,3717,20,1.587737800509376,1.489251730517854
179,1558396800,398,778,380,1176,21,-0.3016033588581523,-0.31795988102405276
179,1558411200,45,68,23,113,21,-1.3180345025920843,-1.190451494708828
179,1558425600,478,881,403,1359,21,-0.23611899945792703,-0.16775671516863053
179,1558440000,1399,2369,970,3768,21,1.3782128170606707,1.809507910764223
179,1558454400,1005,1849,844,2854,21,1.0194724133898712,1.0593128638141907
179,1558468800,1393,2608,1215,4001,21,2.075763601976114,2.0007501929735856
179,1558483200,403,774,371,1177,21,-0.32722767340606657,-0.317139098696974
179,1558497600,41,62,21,103,21,-1.323728794713843,-1.1986593179796161
179,1558512000,435,863,428,1298,21,-0.164940347935943,-0.21782443712043795
179,1558526400,1420,2197,777,3617,21,0.828713627310954,1.6855697793753226
179,1558540800,944,1705,761,2649,21,0.7831592903368843,0.8910524867630345
179,1558555200,1340,2509,1169,3849,21,1.9447948831756634,1.8759912792576066
179,1558569600,602,822,220,1424,21,-0.7571467285988501,-0.11440586390850786
179,1558584000,82,43,-39,125,21,-1.4945575583666049,-1.1806021067838823
179,1558598400,391,881,490,1272,21,0.011582707838577386,-0.239164777624487
179,1558612800,1422,2266,844,3688,21,1.0194724133898712,1.7438453245979182
179,1558627200,939,1885,946,2824,21,1.309881311599566,1.0346893940018262
179,1558641600,1304,2623,1319,3927,21,2.3718667923075674,1.9400123007697536
179,1558656000,446,791,345,1237,21,-0.40125347098893,-0.26789215907224534
179,1558670400,44,98,54,142,21,-1.229772974704824,-1.1666488072235424
179,1558684800,323,913,590,1236,21,0.2962973139265135,-0.26871294139932417
179,1558687136,54,438,384,492,21,-0.2902147746146349,-0.8793749927459589
179,1558688944,39,377,338,416,21,-0.4211834934150855,-0.9417544496039485
179,1558699200,1133,1613,480,2746,21,-0.016888752770216224,0.9706683724896791
179,1558713600,1092,1959,867,3051,21,1.0849567727900966,1.2210069822487162
179,1558728000,1086,1846,760,2932,21,0.7803121442760049,1.1233338853263377
179,1558742400,407,586,179,993,21,-0.8738797170949039,-0.468163046879475
179,1558756800,87,121,34,208,21,-1.2867158959224112,-1.112477173636341
179,1558771200,63,262,199,325,21,-0.8169367958773167,-1.0164456413681202
179,1558785600,371,1058,687,1429,21,0.5724704818318115,-0.11030195227311382
179,1558800000,564,1390,826,1954,21,0.9682237842940427,0.3206087694432615
179,1558814400,676,1112,436,1788,21,-0.1421631794489081,0.18435890314817902
179,1558828800,299,477,178,776,21,-0.8767268631557833,-0.6462728118555768
179,1558843200,47,104,57,151,21,-1.221231536522186,-1.1592617662798332
179,1558857600,49,174,125,223,21,-1.0276256043823895,-1.100165438730159
179,1558872000,303,828,525,1131,21,0.11123281996935502,-0.35489508574259926
179,1558886400,492,1352,860,1844,21,1.065026750363941,0.23032271346459238
179,1558900800,561,828,267,1389,21,-0.6233308637375201,-0.14313324535626623
179,1558915200,189,414,225,603,21,-0.7429109982944533,-0.788268154440211
179,1558929600,39,111,72,150,21,-1.1785243456089955,-1.160082548606912
179,1558944000,40,182,142,222,21,-0.9792241213474403,-1.1009862210572376
179,1558958400,296,906,610,1202,21,0.3532402351441007,-0.2966195405200037
179,1558972800,448,1148,700,1596,21,0.6094833806232433,0.026768696349047473
179,1558987200,515,814,299,1329,21,-0.5322221897893806,-0.19238018498099482
179,1559001600,223,376,153,599,22,-0.949542412363412,-0.899211157272676
179,1559016000,43,40,-3,83,22,-1.3234472074715962,-1.285037528818607
179,1559030400,437,918,481,1355,22,-0.16338361239235816,-0.33393065942631184
179,1559044800,1310,2287,977,3597,22,1.0254418900028939,1.3424699704302339
179,1559059200,922,1716,794,2638,22,0.586822803433678,0.6254011907547533
179,1559073600,1328,2753,1425,4081,22,2.0992197631340894,1.7043691251361073
179,1559088000,412,623,211,1035,22,-0.8105265270026768,-0.5732028278268892
179,1559102400,48,60,12,108,22,-1.2874948233265784,-1.266344390662312
179,1559116800,463,929,466,1392,22,-0.19933599653737585,-0.306264814954995
179,1559131200,1447,2272,825,3719,22,0.6611243973333812,1.433692484632954
179,1559145600,971,1680,709,2651,22,0.38309262661191096,0.6351216225960268
179,1559160000,1291,2777,1486,4068,22,2.2454261253238283,1.6946486932948337
179,1559174400,398,669,271,1067,22,-0.666716990422606,-0.5492756109868315
179,1559188800,50,58,8,108,22,-1.2970821257652498,-1.266344390662312
179,1559203200,443,863,420,1306,22,-0.3095899745820968,-0.3705692102126502
179,1559217600,1340,2387,1047,3727,22,1.1932196826796433,1.4396742888429683
179,1559232000,992,1846,854,2838,22,0.7306323400137488,0.7749462960051142
179,1559246400,1303,2335,1032,3638,22,1.1572672985346255,1.3731267170065578
179,1559260800,397,720,323,1117,22,-0.542082058719878,-0.5118893346742412
179,1559275200,57,66,9,123,22,-1.294685300155582,-1.255128507768535
179,1559289600,404,877,473,1281,22,-0.18255821726970092,-0.38926234836894535
179,1559304000,1324,2217,893,3541,22,0.8241085387907948,1.3005973409601328
179,1559318400,975,1985,1010,2960,22,1.1045371351219329,0.8661688102078344
179,1559332800,1216,2310,1094,3526,22,1.305870486334032,1.2893814580663556
179,1559347200,430,645,215,1075,22,-0.8009392245640055,-0.543293806776817
179,1559361600,70,148,78,218,22,-1.1293043330885004,-1.1840945827746134
179,1559376000,78,267,189,345,22,-0.8632566904153695,-1.0891334409406344
179,1559390400,430,1131,701,1561,22,0.3639180217345682,-0.1798992010184401
179,1559404800,665,1307,642,1972,22,0.22250531076416522,0.12741599027105155
179,1559419200,689,1145,456,1834,22,-0.22330425263405432,0.02422986764830254
179,1559433600,317,492,175,809,22,-0.8968122489507193,-0.7421887967597971
179,1559448000,68,133,65,201,22,-1.1604630660141826,-1.1968059167208942
179,1559462400,60,167,107,227,22,-1.059796390408133,-1.1773650530383473
179,1559476800,306,881,575,1187,22,0.06191799491641947,-0.459548547836615
179,1559491200,595,1317,722,1912,22,0.414251359537593,0.08255245869594328
179,1559505600,551,1009,458,1560,22,-0.21851060141471862,-0.1806469265446919
179,1559520000,203,369,166,572,22,-0.9183836794377299,-0.9193997464814747
179,1559534400,37,39,2,76,22,-1.311463079423257,-1.2902716075023697
179,1559548800,422,837,415,1259,22,-0.32157410263043607,-0.40571230994648505
179,1559563200,1363,2214,851,3577,22,0.7234418631847452,1.3275154599051977
179,1559577600,890,1760,870,2650,22,0.7689815497684344,0.634373897069775
179,1559592000,1333,2741,1408,4074,22,2.0584737277697363,1.6991350464523447
179,1559606400,341,764,423,1105,23,-0.23234495362051216,-0.4862268655055581
179,1559620800,48,58,10,106,23,-1.1190248228273336,-1.2591522098762218
179,1559635200,438,933,495,1371,23,-0.07776638078058203,-0.2804229199574134
179,1559649600,1447,2395,948,3842,23,0.8947904733373117,1.6313874163187727
179,1559664000,993,1796,803,2789,23,0.5834864030346747,0.8166823236037488
179,1559678400,1380,2619,1239,3999,23,1.5195455385653627,1.7528581661347828
179,1559692800,423,903,480,1326,23,-0.10997025012223413,-0.3152393769110469
179,1559707200,41,60,19,101,23,-1.0997025012223423,-1.2630207050932922
179,1559721600,438,1055,617,1493,23,0.18415842319818848,-0.18603163666089595
179,1559736000,1452,2308,856,3760,23,0.6972734080418455,1.5679440947588184
179,1559750400,935,1764,829,2699,23,0.6393064432268716,0.7470494096964818
179,1559764800,1337,2773,1436,4110,23,1.9424896892523937,1.8387387599537455
179,1559779200,373,925,552,1298,23,0.04460832271769599,-0.3369029501266411
179,1559793600,34,46,12,80,23,-1.11473097358178,-1.2792683850049877
179,1559808000,438,936,498,1374,23,-0.07132560691225161,-0.2781018228271712
179,1559822400,1467,2251,784,3718,23,0.5426948352019153,1.535448734935427
179,1559836800,936,1837,901,2773,23,0.7938850160668017,0.8043031389091236
179,1559848808,607,2247,1640,2854,23,2.3804623122988624,0.8669727614256639
179,1559848899,1138,263,-875,1401,23,-3.0190531139848082,-0.2572119486549911
179,1559848997,8,46,38,54,23,-1.058910933389583,-1.299384560133754
179,1559851200,115,320,205,435,23,-0.7003745213858562,-1.0046052245929902
179,1559865600,416,841,425,1257,23,-0.22805110437495854,-0.3686246109066183
179,1559880000,46,113,67,159,23,-0.9966501193290556,-1.2181461605752757
179,1559894400,383,877,494,1260,23,-0.07991330540335884,-0.3663035137763761
179,1559908800,1240,2360,1120,3600,23,1.2640615084549225,1.444152247812566
179,1559923200,958,1859,901,2817,23,0.7938850160668017,0.838345896819343
179,1559937600,1273,2162,889,3435,23,0.7681219205934801,1.316491905649243
179,1559952000,404,694,290,1098,23,-0.5178859284498275,-0.4916427588094567
179,1559966400,60,138,78,198,23,-0.9730339484785107,-1.1879718978821268
179,1559980800,77,278,201,355,23,-0.7089622198769634,-1.0665011480661164
179,1559995200,436,1155,719,1591,23,0.4031447347214228,-0.11020913040631633
179,1560009600,643,1444,801,2087,23,0.579192553789121,0.2735455951270662
179,1560024000,719,1061,342,1780,23,-0.40624584806543357,0.036019988798944365
179,1560038400,315,552,237,867,23,-0.6316729334569984,-0.6703672378381086
179,1560052800,71,151,80,222,23,-0.9687400992329571,-1.1694031208401887
179,1560067200,47,167,120,214,23,-0.8828631143218848,-1.1755927131875015
179,1560081600,353,843,490,1196,23,-0.08850100389446607,-0.41582025255487703
179,1560096000,559,1289,730,1848,23,0.4267609055719677,0.08863152375110166
179,1560110400,629,963,334,1592,23,-0.423421245047648,-0.10943543136290225
179,1560124800,212,385,173,597,23,-0.769076109314714,-0.8792659795599096
179,1560139200,31,43,12,74,23,-1.11473097358178,-1.2839105792654724
179,1560153600,413,758,345,1171,23,-0.39980507419710315,-0.435162728640229
179,1560168000,1315,2288,973,3603,23,0.9484635889067319,1.4464733449428082
179,1560182400,868,1584,716,2452,23,0.3967039608530924,0.5559457459732047
179,1560196800,1193,2651,1458,3844,23,1.9897220309534835,1.6329348144056008
179,1560211200,332,684,352,1016,24,-0.6683354184009612,-0.8373574108446615
179,1560225600,47,70,23,117,24,-1.339134511281855,-1.4886722922889968
179,1560240000,440,854,414,1294,24,-0.5419234312927077,-0.6359496944469694
179,1560254400,1442,2274,832,3716,24,0.31033803017906597,1.1187606980537874
179,1560268800,918,1683,765,2601,24,0.1737315279814372,0.310956367897576
179,1560283200,1224,2968,1744,4192,24,2.1698175824811177,1.463617075770699
179,1560297600,598,893,295,1491,24,-0.7845528904198394,-0.49322552131623065
179,1560312000,63,86,23,149,24,-1.339134511281855,-1.4654886702576078
179,1560326400,445,866,421,1311,24,-0.5276511101675823,-0.6236333952427939
179,1560340800,1430,2321,891,3751,24,0.43063330823369433,1.144117784650619
179,1560355200,948,1730,782,2678,24,0.20839287928531317,0.36674195841060586
179,1560369600,1226,3003,1777,4229,24,2.237101382070995,1.4904231387444926
179,1560384000,611,976,365,1587,24,-0.6418296791685855,-0.4236746552220636
179,1560398400,52,97,45,149,24,-1.2942786448886037,-1.4654886702576078
179,1560412800,398,828,430,1226,24,-0.5093009830067068,-0.685214891263671
179,1560427200,1333,2127,794,3460,24,0.23285971549981382,0.9332917218026752
179,1560441600,868,1753,885,2621,24,0.41839989012644396,0.3254461316671942
179,1560456000,1252,2732,1480,3984,24,1.6315471857621027,1.3129235325666704
179,1560470400,398,898,500,1296,24,-0.3665777717554528,-0.6345007180700075
179,1560484800,68,112,44,180,24,-1.2963175479064786,-1.4430295364146997
179,1560499200,365,814,449,1179,24,-0.4705618256670807,-0.7192658361222737
179,1560513600,1292,2332,1040,3624,24,0.7344298578970777,1.0521077847135438
179,1560528000,946,1799,853,2745,24,0.3531549935544422,0.41528266703882666
179,1560542400,1208,2319,1111,3527,24,0.8791919721662068,0.9818324304308959
179,1561161600,9707,7796,-1911,17503,25,-3.4903191920202694,3.9741937621428796
179,1561176000,62,130,68,192,25,-0.328823266621789,-0.5132837357868594
179,1561190400,69,229,160,298,25,-0.18185124785642257,-0.48580568051676803
179,1561204800,420,825,405,1245,25,0.20954162820352065,-0.24031777164151746
179,1561219200,644,1119,475,1763,25,0.3213681642206473,-0.10603821852918399
179,1561233600,606,1100,494,1706,25,0.35172108113958167,-0.12081415391027088
179,1561248000,329,467,138,796,25,-0.21699673060466237,-0.3567106661346405
179,1561262400,54,155,101,209,25,-0.2761050424994293,-0.5088768778661844
179,1561276800,42,133,91,175,25,-0.2920802619304474,-0.5176905937075345
179,1561291200,301,651,350,952,25,0.12167792133292116,-0.31627126403903427
179,1561305600,489,1012,523,1501,25,0.39804921748953415,-0.17395567589488162
179,1561320000,438,780,342,1218,25,0.10889774578810668,-0.24731689892729544
179,1561334400,212,406,194,618,25,-0.12753550179096107,-0.4028530608334732
179,1561348800,36,80,44,116,25,-0.36716379325623244,-0.532984982961642
179,1561363200,411,834,423,1245,25,0.23829702317935322,-0.24031777164151746
179,1561377600,1257,2140,883,3397,25,0.9731571170061855,0.3175385957286401
179,1561392000,836,1572,736,2408,25,0.7383213913702195,0.061163155519957095
179,1561406400,1171,2584,1413,3755,25,1.8198437468501443,0.4103418389993262
179,1561420800,303,686,383,989,26,-0.08495727577607483,-0.2589547066531065
179,1561435200,36,49,13,85,26,-0.9651146528162098,-0.927388475244115
179,1561449600,380,719,339,1099,26,-0.189624639532199,-0.17761873923605898
179,1561464000,1421,2385,964,3806,26,1.29712768654911,1.823985477108919
179,1561478400,900,1704,804,2604,26,0.916519091072295,0.9352051786062727
179,1561492800,1203,2613,1410,3816,26,2.358074146440732,1.8313796559650142
179,1561507200,352,864,512,1216,26,0.22190840432710737,-0.09110684661974482
179,1561521600,45,57,12,102,26,-0.9674934565379398,-0.9148183711887531
179,1561536000,421,849,428,1270,26,0.02208889170177943,-0.05117828079683059
179,1561550400,1522,2173,651,3695,26,0.5525621216475906,1.741910091806262
179,1561564800,862,1705,843,2567,26,1.0092924362197686,0.9078467168387204
179,1561572000,0,0,0,0,26,-0.996039101198701,-0.9902389955209244
179,1561575600,0,0,0,0,26,-0.996039101198701,-0.9902389955209244
179,1561579200,1617,2457,840,4074,26,1.0021560250545785,2.022149470452271
179,1561582800,0,0,0,0,26,-0.996039101198701,-0.9902389955209244
179,1561586400,0,0,0,0,26,-0.996039101198701,-0.9902389955209244
179,1561590000,0,0,0,0,26,-0.996039101198701,-0.9902389955209244
179,1561593600,497,835,338,1332,26,-0.19200344325392907,-0.005334371889040177
179,1561597200,5,0,-5,5,26,-1.0079331198073516,-0.9865419060928768
179,1561600800,0,0,0,0,26,-0.996039101198701,-0.9902389955209244
179,1561604400,0,0,0,0,26,-0.996039101198701,-0.9902389955209244
179,1561608000,50,64,14,114,26,-0.9627358490944797,-0.9059453565614388
179,1561611600,0,0,0,0,26,-0.996039101198701,-0.9902389955209244
179,1561615200,0,0,0,0,26,-0.996039101198701,-0.9902389955209244
179,1561618800,0,0,0,0,26,-0.996039101198701,-0.9902389955209244
179,1561622400,442,774,332,1216,26,-0.20627626558430964,-0.09110684661974482
179,1561626000,5,0,-5,5,26,-1.0079331198073516,-0.9865419060928768
179,1561629600,1,0,-1,1,26,-0.9984179049204311,-0.9894995776353149
179,1561636800,1387,2217,830,3604,26,0.9783679878372774,1.6746230642157955
179,1561651200,862,1648,786,2510,26,0.8737006240811532,0.8656998973589776
179,1561665600,1229,2716,1487,3945,26,2.5412420330139494,1.9267645632086428
179,1561680000,383,860,477,1243,26,0.13865027406655406,-0.0711425637082877
179,1561694400,54,76,22,130,26,-0.9437054193206389,-0.8941146703916865
179,1561707706,91,574,483,665,26,0.15292309639693463,-0.49852610159059185
179,1561708800,367,260,-107,627,26,-1.2505710994238213,-0.5266239812437536
179,1561723200,1220,2327,1107,3547,26,1.6372966187565134,1.6324762447360526
179,1561737600,909,1861,952,2770,26,1.2685820418883489,1.0579485476174535
179,1561752000,1168,2057,889,3225,26,1.118717407419353,1.3943836855697864
179,1561766400,361,760,399,1121,26,-0.046896416228393314,-0.16135154575264948
179,1561780800,50,164,114,214,26,-0.7248554769214702,-0.8320035680004866
179,1561795200,61,258,197,319,26,-0.5274147680178723,-0.7543646900114866
179,1561809600,382,1167,785,1549,26,0.8713218203594232,0.15511930928822626
179,1561824000,658,1491,833,2149,26,0.9855043990024677,0.5987700406539399
179,1561838400,739,1216,477,1955,26,0.13865027406655406,0.4553229708456925
179,1561852800,344,561,217,905,26,-0.4798386935832705,-0.32106580904430637
179,1561867200,56,159,103,215,26,-0.7510223178605013,-0.8312641501148771
179,1561881600,48,161,113,209,26,-0.7272342806432004,-0.8357006574285342
179,1561896000,380,843,463,1223,26,0.10534702196233274,-0.08593092142047816
179,1561910400,605,1251,646,1856,26,0.5406681030389401,0.3821206001703497
179,1561924800,550,982,432,1532,26,0.03160410658869981,0.14254920523286438
179,1561939200,200,543,343,743,26,-0.1801094246452786,-0.44085150651304905
179,1561953600,31,49,18,80,26,-0.9532206342075593,-0.9310855646721626
179,1561968000,366,739,373,1105,26,-0.10874531299337577,-0.17318223192240184
179,1561982400,1261,2193,932,3454,26,1.221005967453747,1.5637103813743671
179,1561996800,816,1550,734,2366,26,0.7500028305511883,0.7592237218312063
179,1562011200,1134,2605,1471,3739,26,2.5031811734662677,1.774444478773081
179,1562025600,320,760,440,1080,27,0.006835278464828343,-0.20417182223189373
179,1562040000,45,71,26,116,27,-1.0779234139034204,-1.0833517877641425
179,1562054400,413,797,384,1210,27,-0.1398953659134855,-0.08561020862277305
179,1562068800,1301,2301,1000,3602,27,1.474141722247967,2.095923481785048
179,1562083200,866,1634,768,2500,27,0.866257624109238,1.0908858033446553
179,1562097600,1182,2415,1233,3597,27,2.08464601046488,2.0913634197231583
179,1562112000,329,790,461,1119,27,0.061859270106696035,-0.16860333814915754
179,1562126400,41,79,38,120,27,-1.0464811329652104,-1.079703738114631
179,1562140800,334,794,460,1128,27,0.05923908002851186,-0.16039522643775686
179,1562155200,1145,2165,1020,3310,27,1.5265455238116505,1.8296158573707149
179,1562169600,900,1902,1002,2802,27,1.4793821024043352,1.3663135518827665
179,1562184000,1045,1666,621,2711,27,0.4810896826161642,1.2833204223563819
179,1562198400,300,630,330,930,27,-0.281385630135431,-0.3409736840885714
179,1562212800,59,97,38,156,27,-1.0464811329652104,-1.0468712912690286
179,1562227200,62,185,123,247,27,-0.8237649763195554,-0.963878161742644
179,1562230316,22,111,89,133,27,-0.9128514389778174,-1.067847576753719
179,1562230397,1,7,6,8,27,-1.130327215467104,-1.1818491283009505
179,1562230479,41,52,11,93,27,-1.117226265076183,-1.1043280732488332
179,1562230559,2,3,1,5,27,-1.1434281658580248,-1.1845851655380841
179,1562241600,261,764,503,1025,27,0.17190725339043142,-0.25433250491267556
179,1562256000,507,1067,560,1574,27,0.32125808784692944,0.24636230948276486
179,1562270400,558,623,65,1181,27,-0.9757360008542376,-0.11205856858173074
179,1562284800,220,758,538,978,27,0.2636139061268776,-0.2971970882944346
179,1562299200,32,181,149,213,27,-0.7556400342867668,-0.9948865837634909
179,1562313600,144,532,388,676,27,-0.1294146056007488,-0.5726248368325457
179,1562328000,520,1706,1186,2226,27,1.9614970767902236,0.840994402353124
179,1562342400,663,1557,894,2220,27,1.196401573960444,0.8355223278788569
179,1562356800,801,1292,491,2093,27,0.1404649724522213,0.7196967515068697
179,1562371200,353,490,137,843,27,-0.787082315224977,-0.42031876396544454
179,1562385600,58,118,60,176,27,-0.9888369512451585,-1.0286310430214713
179,1562400000,108,257,149,365,27,-0.7556400342867668,-0.8562606970820575
179,1562414400,256,691,435,947,27,-0.006265671926092536,-0.325469473078148
179,1562428800,584,1391,807,1975,27,0.9684450371584209,0.6120792868462833
179,1562443200,839,1123,284,1962,27,-0.4019143737319031,0.6002231254853713
179,1562457600,357,481,124,838,27,-0.8211447862413712,-0.4248788260273338
179,1562472000,55,138,83,193,27,-0.9285725794469224,-1.013126832011048
179,1562486400,79,192,113,271,27,-0.8499668771013972,-0.9419898638455756
179,1562500800,275,753,478,1028,27,0.10640250143582702,-0.251596467675542
179,1562515200,534,1083,549,1617,27,0.29243599698690353,0.2855788432150125
179,1562529600,606,830,224,1436,27,-0.5591257784229536,0.12050459657462137
179,1562544000,242,422,180,664,27,-0.6744141418630574,-0.58356898578108
179,1562558400,47,50,3,97,27,-1.1381877857016565,-1.1006800235993217
179,1562572800,328,748,420,1076,27,-0.045568523098855174,-0.20781987188140513
179,1562587200,1162,2197,1035,3359,27,1.5658483749844132,1.8743044655772299
179,1562601600,804,1545,741,2349,27,0.7955124919982652,0.9531719290755997
179,1562616000,1128,2601,1473,3729,27,2.713491629229082,2.211749058157035
179,1562630400,309,675,366,984,28,-0.35683544277286794,-0.643566795047743
179,1562644800,36,51,15,87,28,-1.201212344435407,-1.3506869372732642
179,1562659200,425,781,356,1206,28,-0.38089176475755565,-0.4685604722226976
179,1562673600,1407,2203,796,3610,28,0.6775864025687041,1.4265530416124785
179,1562688000,762,1604,842,2366,28,0.7882454836982675,0.44588698037663865
179,1562702400,1189,2654,1465,3843,28,2.2869543433443127,1.610230848901828
179,1562716800,400,818,418,1218,28,-0.2317425684524918,-0.45910067098891133
179,1562731200,40,48,8,88,28,-1.2180517698246884,-1.349898620503782
179,1562745600,437,765,328,1202,28,-0.44824946631468127,-0.4717137393006263
179,1562760000,1440,2271,831,3711,28,0.7617835295151111,1.5061730353301792
179,1562774400,892,1584,692,2476,28,0.42740065392795173,0.5326018250196791
179,1562788800,1198,2444,1246,3642,28,1.7601208918796514,1.4517791782359084
179,1562803200,321,821,500,1142,28,-0.03448072817805249,-0.5190127454695574
179,1562817600,46,72,26,118,28,-1.1747503902522505,-1.3262491174193163
179,1562832000,405,783,378,1188,28,-0.3279678563912427,-0.48275017407337695
179,1562846400,1401,2280,879,3681,28,0.8772538750416121,1.4825235322457138
179,1562860800,889,1746,857,2635,28,0.8243299666752991,0.6579441913673467
179,1562875200,1153,2355,1202,3508,28,1.6542730751470256,1.3461447311252954
179,1562889600,248,697,449,945,28,-0.15716797029995985,-0.6743111490575482
179,1562904000,38,85,47,123,28,-1.1242321140844063,-1.3223075335719054
179,1562918400,361,766,405,1127,28,-0.2630157870325858,-0.5308374970117903
179,1562932800,1015,2348,1333,3363,28,1.9694108931464347,1.2318387995503786
179,1562947200,852,1829,977,2681,28,1.1130058304915518,0.6942067627635273
179,1562961600,1079,2276,1197,3355,28,1.6422449141546815,1.2255322653945209
179,1562976000,397,711,314,1108,28,-0.4819283170932441,-0.5458155156319519
179,1562990400,86,203,117,289,28,-0.9558378601915922,-1.1914469498378624
179,1563004800,117,392,275,509,28,-0.5757479728335262,-1.0180172605517814
179,1563019200,416,1043,627,1459,28,0.2710345610274816,-0.2691163295437044
179,1563033600,720,1451,731,2171,28,0.5212203096682338,0.2921652103276123
179,1563048000,850,1267,417,2117,28,-0.23414820065096056,0.24959610477557423
179,1563062400,911,807,-104,1718,28,-1.487482576053191,-0.06494228624781814
179,1563076800,128,187,59,315,28,-1.095364527702781,-1.1709507138313255
179,1563091200,57,167,110,224,28,-0.9726772855808736,-1.2426875398542045
179,1563105600,303,812,509,1115,28,-0.012830038391833542,-0.5402972982455765
179,1563120000,765,1161,396,1926,28,-0.2846664768188048,0.09902760180447662
179,1563134400,979,841,-138,1820,28,-1.569274070801129,0.015466024239364868
179,1563148800,326,396,70,722,28,-1.0689025735196245,-0.8501057886520758
179,1563163200,39,35,-4,74,28,-1.2469193562063137,-1.3609350552765325
179,1563177600,413,778,365,1191,28,-0.3592410749713367,-0.48038522376493037
179,1563192000,1448,2273,825,3721,28,0.7473497363242985,1.514056203025001
179,1563206400,1160,1588,428,2748,28,-0.2076862464678041,0.7470239863188338
179,1563220800,1549,2541,992,4090,28,1.1490903134685833,1.804945090963928
179,1563235200,364,616,252,980,29,-0.6708119625747585,-0.5625850539777335
179,1563249600,36,43,7,79,29,-1.291331118893912,-1.2496040165640698
179,1563264000,433,743,310,1176,29,-0.5239135500583875,-0.4131336481320932
179,1563278400,1590,2295,705,3885,29,0.47651529380310503,1.6524982826630068
179,1563292800,1238,1687,449,2925,29,-0.1718639062691534,0.9204913968884421
179,1563307200,1660,2706,1046,4366,29,1.3401766501493555,2.019264232722971
179,1563321600,368,726,358,1094,29,-0.402342450044839,-0.47565923629200396
179,1563336000,66,58,-8,124,29,-1.329322087648146,-1.215291193793387
179,1563350400,426,773,347,1199,29,-0.43020249379794384,-0.3955959831604109
179,1563364800,1491,2282,791,3773,29,0.6943301813273793,1.5670974793226409
179,1563379200,877,1675,798,2552,29,0.7120593000793551,0.6360762214781164
179,1563393600,1198,2621,1423,3819,29,2.2950163315057672,1.6021728092660055
179,1563408000,230,682,452,912,29,-0.16426571251830663,-0.6144355417200985
179,1563422400,34,54,20,88,29,-1.2584056126402428,-1.2427414520099334
179,1563436800,356,790,434,1146,29,-0.2098548750233873,-0.43600886331254834
179,1563451200,1254,2405,1151,3659,29,1.6061134314289927,1.4801716616369114
179,1563465600,1026,1913,887,2939,29,0.9374723813544762,0.9311664973059878
179,1563480000,1250,2459,1209,3709,29,1.7530118439453637,1.5182970202710033
179,1563494400,318,737,419,1055,29,-0.24784584377762117,-0.5053970160265956
179,1563508800,48,64,16,112,29,-1.2685365376413718,-1.2244412798655693
179,1563523200,303,730,427,1033,29,-0.22758399377536312,-0.5221721738255961
179,1563537600,1114,2256,1142,3370,29,1.5833188501764524,1.25980708873186
179,1563552000,979,1830,851,2809,29,0.8462940563443149,0.8320405648573488
179,1563566400,1019,1928,909,2947,29,0.9931924688606859,0.9372665546874425
179,1563580800,326,681,355,1007,29,-0.4099406437956858,-0.5419973603153239
179,1563595200,47,149,102,196,29,-1.0507216501170975,-1.1603906773602948
179,1563609600,61,273,212,334,29,-0.7721212125860489,-1.055164687530201
179,1563624000,293,1045,752,1338,29,0.5955536625663712,-0.2896074861576354
179,1563638400,630,1333,703,1963,29,0.4714498313025405,0.18695949676851356
179,1563652800,737,1004,267,1741,29,-0.6328209938205246,0.017682904433145456
179,1563667200,378,441,63,819,29,-1.1494981688781056,-0.6853487087795095
179,1563681600,52,113,61,165,29,-1.15456363137867,-1.1840283997134318
179,1563696000,43,202,159,245,29,-0.9063559688510087,-1.1230278258988846
179,1563710400,219,804,585,1023,29,0.17258754376923388,-0.5297972455524145
179,1563724800,545,1086,541,1631,29,0.061147368756814466,-0.06619288456185676
179,1563739200,551,648,97,1199,29,-1.0633853063685088,-0.3955959831604109
179,1563753600,195,373,178,568,29,-0.8582340750956458,-0.8767380091226509
179,1563768000,34,40,6,74,29,-1.2938638501441944,-1.253416552427479
179,1563782400,359,672,313,1031,29,-0.5163153563075407,-0.5236971881709598
179,1563796800,1212,2149,937,3361,29,1.0641089438685891,1.2529445241777235
179,1563811200,842,1570,728,2412,29,0.534768112559597,0.529325217302659
179,1563825600,1018,2272,1254,3290,29,1.8669847502080654,1.198806514917313
179,1563840000,260,574,314,834,30,-0.4959820065385805,-0.7043571466994525
179,1563854400,26,54,28,80,30,-1.1337745234281673,-1.3251135142188724
179,1563868800,355,686,331,1041,30,-0.45807126252766095,-0.5339372951390813
179,1563879203,145,1781,1636,1926,30,2.4521358512517475,0.19466931660453474
179,1563883200,1356,1077,-279,2433,30,-1.8183979593900665,0.6120744602813859
179,1563888296,90,599,509,689,30,-0.061123472295680305,-0.8237333712224179
179,1563897600,900,1210,310,2110,30,-0.5049021815999732,0.34615362910264247
179,1563912000,1250,2845,1595,4095,30,2.3607040568724713,1.9803729786066853
179,1563926400,358,784,426,1142,30,-0.2462171048195814,-0.450785580126533
179,1563940800,46,91,45,137,30,-1.0958637794172479,-1.278186308716741
179,1563955200,378,825,447,1203,30,-0.19938618574726907,-0.4005652373961821
179,1563969600,1310,2281,971,3591,30,0.9691567472951909,1.5654376878509988
179,1563984000,949,1509,560,2458,30,0.0526087597370782,0.6326565679577593
179,1563998400,1216,2491,1275,3707,30,1.6470900519610454,1.6609386674693711
179,1564012800,370,911,541,1281,30,0.010237928195462287,-0.33634906144589727
179,1564027200,69,122,53,191,30,-1.0780234292944622,-1.2337289561357747
179,1564041600,366,797,431,1163,30,-0.23506688599284037,-0.43349660967837944
179,1564056000,1381,2293,912,3674,30,0.8375841651396467,1.6337702853365583
179,1564070400,885,1600,715,2485,30,0.39826554336605013,0.6548852442482425
179,1564084800,1217,2628,1411,3845,30,1.9503760040484015,1.7745519018429519
179,1564099200,372,876,504,1248,30,-0.07227369112242134,-0.3635174435787101
179,1564113600,52,76,24,128,30,-1.1426946984895603,-1.2855958674802355
179,1564128000,320,777,457,1097,30,-0.17708574809378702,-0.487833373944005
179,1564142400,1136,2234,1098,3370,30,1.252372305494413,1.3834918559918585
179,1564156800,879,1756,877,2635,30,0.7595326333524595,0.7783778903064825
179,1564171200,1212,2240,1028,3452,30,1.0962692419200386,1.451001169170363
179,1564185600,474,751,277,1225,30,-0.5784936258564641,-0.38245298264097355
179,1564200000,59,177,118,236,30,-0.9330705845468289,-1.1966811623183027
179,1564214400,72,307,235,379,30,-0.6721554640010887,-1.0789515064094473
179,1564228800,404,1018,614,1422,30,0.17303112306588134,-0.22026597415115168
179,1564243200,758,1321,563,2079,30,0.059298891033122816,0.32063181558393955
179,1564257600,808,1092,284,1900,30,-0.5628833194990267,0.17326392462110646
179,1564272000,436,525,89,961,30,-0.9977418537419268,-0.599800039703476
179,1564286400,48,148,100,196,30,-0.9732113723230965,-1.2296125346005
179,1564300800,48,203,155,251,30,-0.8505589652289453,-1.1843318977124786
179,1564315200,294,740,446,1034,30,-0.2016162295126173,-0.5397002852884658
179,1564329600,543,1189,646,1732,30,0.24439252355702393,0.03495216103587766
179,1564344000,717,908,191,1625,30,-0.7702773896764098,-0.05313925981900021
179,1564358400,214,461,247,675,30,-0.6453949388169102,-0.8352593515211869
179,1564372800,30,56,26,86,30,-1.1382346109588637,-1.3201738083765426
179,1564387200,345,796,451,1141,30,-0.19046601068587626,-0.45160886443358794
179,1564401600,1227,2203,976,3430,30,0.9803069661219319,1.4328889144151544
179,1564416000,869,1460,591,2329,30,0.12174011646287258,0.5264528923476729
179,1564430400,1125,2499,1374,3624,30,1.8678643847305179,1.5926060699838116
179,1564444800,403,686,283,1089,31,-0.8428538194989494,-0.7328692399706643
179,1564459200,40,78,38,118,31,-1.448423279256259,-1.4839812449084937
179,1564473600,381,842,461,1223,31,-0.4028890691446591,-0.6292142361996355
179,1564488000,1334,2206,872,3540,31,0.6129845959992359,1.163089075274052
179,1564502400,920,1585,665,2505,31,0.10134019530632529,0.36247020286349235
179,1564516800,1236,2669,1433,3905,31,1.999615073239443,1.4454329288294665
179,1564531200,465,810,345,1275,31,-0.6896076704991404,-0.588989906378042
179,1564545600,46,75,29,121,31,-1.4706686879820379,-1.4816606104957093
179,1564560000,360,812,452,1172,31,-0.42513447787043784,-0.6686650212169674
179,1564574400,1306,2159,853,3465,31,0.5660220664670365,1.1050732149544462
179,1564588800,913,1579,666,2492,31,0.10381190738696738,0.35241412040809406
179,1564603200,1190,2451,1261,3641,31,1.5744805953690053,1.2412171005044543
179,1564617600,408,794,386,1202,31,-0.5882674751928152,-0.6454586770891251
179,1564632000,57,96,39,153,31,-1.4459515671756171,-1.4569071767593442
179,1564646400,339,801,462,1140,31,-0.40041735706401704,-0.6934184549533324
179,1564660800,1311,2187,876,3498,31,0.6228714443218043,1.1306001934950727
179,1564675200,929,1575,646,2504,31,0.05437766577412577,0.36169665805923096
179,1564689600,1196,2524,1328,3720,31,1.7400853047720246,1.3023271400411056
179,1564704000,462,879,417,1341,31,-0.5116444006929106,-0.537935949296789
179,1564718400,55,102,47,157,31,-1.4261778705304804,-1.4538129975422986
179,1564732800,327,796,469,1123,31,-0.3831153724995225,-0.7065687166257765
179,1564747200,1112,2218,1106,3330,31,1.1913652228694827,1.0006446663791557
179,1564761600,982,1833,851,2815,31,0.5610786423057522,0.6022690921845295
179,1564776000,1177,2168,991,3345,31,0.9071183335956435,1.0122478384430769
179,1565395200,9977,8193,-1784,18170,32,-3.4873632554118505,3.9928760835013
179,1565409600,63,153,90,216,32,-0.365809923010297,-0.5170541546052427
179,1565424000,78,288,210,366,32,-0.16592390385971728,-0.4793751117336831
179,1565438400,386,1020,634,1406,32,0.540340030472331,-0.21813374782420306
179,1565452800,646,1393,747,2039,32,0.7285660318391269,-0.05912818690622147
179,1565467200,751,1198,447,1949,32,0.22885098396267764,-0.08173561262915724
179,1565481600,362,580,218,942,32,-0.15259816924967864,-0.33468758710689417
179,1565496000,61,154,93,215,32,-0.3608127725315325,-0.5173053482243865
179,1565510400,45,203,158,248,32,-0.2525411788249685,-0.5090159587926433
179,1565524800,317,853,536,1170,32,0.3770997814993576,-0.27741544194212353
179,1565539200,604,1145,541,1749,32,0.38542836563063176,-0.1319743364579034
179,1565553600,640,851,211,1491,32,-0.16425818703346245,-0.19678229019698595
179,1565568000,233,393,160,626,32,-0.24920974517245884,-0.4140647707563131
179,1565582400,40,48,8,88,32,-0.5023987027631931,-0.5492069378556402
179,1565596800,307,778,471,1085,32,0.2688281877927936,-0.29876689956934066
179,1565611200,1216,2056,840,3272,32,0.8834776966808262,0.2505935454979986
179,1565625600,821,1523,702,2344,32,0.6536087746576595,0.01748586693261642
179,1565640000,1136,2427,1291,3563,32,1.634715985321755,0.3236908886688243
179,1565654400,304,674,370,978,33,-0.4405852574026774,-0.5921704520374269
179,1565668800,31,52,21,83,33,-1.3407941649867927,-1.3366913996622474
179,1565683200,384,720,336,1104,33,-0.5282846925254852,-0.48735521248354163
179,1565697600,1273,2396,1123,3669,33,1.5016992910524483,1.6463835927205523
179,1565712000,924,1723,799,2647,33,0.6659752622351034,0.7962155385612604
179,1565726400,1198,2399,1201,3597,33,1.702892112804772,1.5864891701183321
179,1565740800,392,741,349,1133,33,-0.49475255556676456,-0.4632310700465363
179,1565755200,35,48,13,83,33,-1.3614293261921593,-1.3366913996622474
179,1565769600,372,723,351,1095,33,-0.4895937652654229,-0.49484201530881916
179,1565784000,1277,2156,879,3433,33,0.8723268742887688,1.450062985302164
179,1565798400,915,1634,719,2549,33,0.45962365018143797,0.714692574463794
179,1565812800,1215,2410,1195,3625,33,1.6874157419007472,1.6097814455747512
179,1565827200,320,726,406,1046,33,-0.34772703197852795,-0.5356034973575523
179,1565841600,39,53,14,92,33,-1.3588499310414885,-1.3292045968369697
179,1565856000,377,753,376,1130,33,-0.42510888649865247,-0.46572667098829545
179,1565870400,1244,2246,1002,3490,33,1.1895924778212794,1.4974794031955883
179,1565884800,896,1562,666,2458,33,0.32291570719588464,0.6389926792304323
179,1565899200,1169,2371,1202,3540,33,1.7054715079554428,1.539072752224908
179,1565913600,353,791,438,1144,33,-0.2651863871570618,-0.45408053326008596
179,1565928000,59,68,9,127,33,-1.3717469067948425,-1.300089252516446
179,1565942400,295,750,455,1045,33,-0.2213366695956579,-0.5364353643381388
179,1565956800,1038,1975,937,3013,33,1.0219317930276761,1.1006788534558796
179,1565971200,873,1783,910,2656,33,0.9522881239595641,0.8037023413865378
179,1565985600,1141,2133,992,3274,33,1.1637985263145711,1.3177961353889278
179,1566000000,421,645,224,1066,33,-0.8171769494006168,-0.5189661577458246
179,1566014400,67,174,107,241,33,-1.1189661820291024,-1.2052564167295974
179,1566028800,78,306,228,384,33,-0.8068593687979335,-1.0862994385057434
179,1566043200,372,1213,841,1585,33,0.7743098585632777,-0.08722719482148736
179,1566057600,657,1476,819,2133,33,0.7175631652485197,0.3686359105398551
179,1566072000,813,1220,407,2033,33,-0.34514763682785715,0.285449212481216
179,1566086400,432,551,119,983,33,-1.0880134402210526,-0.5880111171344949
179,1566100800,67,152,85,219,33,-1.1757128753438604,-1.223557490302498
179,1566115200,41,245,204,286,33,-0.8687648524140331,-1.1678224026032098
179,1566129600,273,892,619,1165,33,0.2016841351143562,-0.43661132666777175
179,1566144000,565,1299,734,1864,33,0.4983145774415002,0.14486369276211586
179,1566158400,610,831,221,1441,33,-0.8249151348526292,-0.20701604002592772
179,1566172800,219,378,159,597,33,-0.9848376341942199,-0.9091117716408421
179,1566187200,39,55,16,94,33,-1.3536911407401468,-1.327540862875797
179,1566201600,351,723,372,1074,33,-0.43542646710133576,-0.5123112219011334
179,1566216000,1096,2013,917,3109,33,0.9703438900142598,1.1805380835921733
179,1566230400,824,1381,557,2205,33,0.04176163577276551,0.42853033314207534
179,1566244800,1081,2403,1322,3484,33,2.014998926035941,1.49248820131207
179,1566259200,299,629,330,928,34,-0.531285447752628,-0.6252677354270625
179,1566273600,39,54,15,93,34,-1.3851370602122088,-1.3394928504497672
179,1566288000,350,660,310,1010,34,-0.5854982485437125,-0.5551282630535753
179,1566302400,1166,2101,935,3267,34,1.1086517761776777,1.3754179460556997
179,1566316800,1045,1529,484,2574,34,-0.11384688166127743,0.7826538685578142
179,1566331200,1140,2503,1363,3643,34,2.268805713106886,1.697033087670714
179,1566345600,336,789,453,1125,34,-0.1978767228874584,-0.4567619298468555
179,1566360000,37,57,20,94,34,-1.3715838600144377,-1.3386374910305783
179,1566374400,360,712,352,1072,34,-0.4716513668824351,-0.5020959790638655
179,1566388800,1249,2151,902,3400,34,1.0192006548723884,1.4891807488078193
179,1566403200,872,1555,683,2427,34,0.42557048621001325,0.6569160339370506
179,1566417600,1160,2347,1187,3507,34,1.7917330661453423,1.580704206661028
179,1566432000,302,786,484,1088,34,-0.11384688166127743,-0.4884102283568436
179,1566446400,42,81,39,123,34,-1.3200816992629074,-1.3138320678741011
179,1566460800,343,771,428,1114,34,-0.265642723876314,-0.46617088345793306
179,1566475200,1208,2116,908,3324,34,1.0354644951097138,1.424173432949465
179,1566489600,863,1535,672,2398,34,0.3957534457749168,0.6321106107805734
179,1566504000,1099,2341,1242,3440,34,1.9408182683208248,1.523395125575374
179,1566518400,317,726,409,1043,34,-0.3171448846278443,-0.5269014022203427
179,1566532800,41,68,27,109,34,-1.352609379737558,-1.3258070997427454
179,1566547200,263,716,453,979,34,-0.1978767228874584,-0.5816444050484302
179,1566561600,989,2028,1039,3017,34,1.3905583402913173,1.1615780912584828
179,1566576000,944,1755,811,2699,34,0.772532411272954,0.8895737959564227
179,1566590400,1103,2005,902,3108,34,1.0192006548723884,1.2394157984046696
179,1566604800,382,638,256,1020,34,-0.7318728106796406,-0.5465746688616866
179,1566619200,68,172,104,240,34,-1.1438900966918828,-1.2137550158290036
179,1566633600,68,320,252,388,34,-0.7427153708378575,-1.0871618217890513
179,1566648000,392,1110,718,1502,34,0.5204428875944112,-0.13429142881265227
179,1566662400,681,1423,742,2104,34,0.5854982485437125,0.38063494153904626
179,1566676800,817,1244,427,2061,34,-0.2683533639158682,0.3438544865139249
179,1566691200,447,625,178,1072,34,-0.9433027337648702,-0.5020959790638655
179,1566705600,63,148,85,211,34,-1.195392257443413,-1.2385604389854807
179,1566720000,47,229,182,276,34,-0.9324601736066532,-1.1829620767382043
179,1566734400,280,900,620,1180,34,0.2548001637180971,-0.4097171617914678
179,1566748800,610,1207,597,1817,34,0.19245544280834995,0.13514678823184115
179,1566763200,658,916,258,1574,34,-0.7264515306005321,-0.07270555063105377
179,1566777600,243,406,163,649,34,-0.9839623343581835,-0.8639130133807567
179,1566792000,45,58,13,103,34,-1.3905583402913173,-1.3309392562578786
179,1566806400,320,651,331,971,34,-0.5285748077130737,-0.5884872804019412
179,1566820800,1127,2094,967,3221,34,1.195392257443413,1.3360714127730118
179,1566835200,849,1487,638,2336,34,0.30359168443007317,0.5790783267908636
179,1566849600,1129,2242,1113,3371,34,1.5911457032183298,1.4643753256513419
179,1566864000,290,656,366,946,35,-0.3154741648372113,-0.5005167689026055
179,1566878400,40,90,50,130,35,-1.1787675907587511,-1.2376133099747135
179,1566892800,354,807,453,1161,35,-0.07779527858666078,-0.30630628320345943
179,1566907200,1212,2049,837,3261,35,0.9712701503812864,1.5906333445556422
179,1566921600,876,1473,597,2349,35,0.3156042572763194,0.7668195633574038
179,1566936000,1166,2502,1336,3668,35,2.3345088197953636,1.958278310507049
179,1566950400,343,815,472,1158,35,-0.02588839538251756,-0.309016196957401
179,1566964800,32,94,62,126,35,-1.1459842961035027,-1.2412265283133024
179,1566979200,361,681,320,1042,35,-0.4411434610156633,-0.4137995287764752
179,1566993600,1221,2185,964,3406,35,1.3182266854826648,1.7216125093294847
179,1567008000,880,1513,633,2393,35,0.4139541412420645,0.8065649650818801
179,1567022400,1114,2408,1294,3522,35,2.2197672885019943,1.826395841148559
179,1567036800,338,756,418,1094,35,-0.17341322133113513,-0.36682769037482127
179,1567051200,34,88,54,122,35,-1.1678398258736684,-1.244839746651891
179,1567065600,326,742,416,1068,35,-0.17887710377367652,-0.3903136095756482
179,1567080000,1144,2149,1005,3293,35,1.4302362755547633,1.6195390912643521
179,1567094400,906,1513,607,2419,35,0.34292366948902636,0.8300508842827071
179,1567108800,1161,2309,1148,3470,35,1.8209038701964728,1.779424002746905
179,1567123200,325,834,509,1159,35,0.07519342980449818,-0.3081128923727538
179,1567137600,38,92,54,130,35,-1.1678398258736684,-1.2376133099747135
179,1567152000,244,657,413,901,35,-0.1870729274374886,-0.5411654752117292
179,1567166400,949,1978,1029,2927,35,1.49580286486526,1.2889296132834802
179,1567180800,918,1833,915,2751,35,1.1843615656404007,1.1299480063855747
179,1567195200,1079,1668,589,2747,35,0.29374872750615383,1.1263347880469858
179,1567209600,388,561,173,949,35,-0.8427388205424556,-0.49780685514866396
179,1567224000,57,142,85,199,35,-1.0831496480142768,-1.1752852936340574
179,1567238400,51,245,194,296,35,-0.785368054895771,-1.0876647489232798
179,1567252800,359,984,625,1343,35,0.3920986114718989,-0.14190484879767065
179,1567267200,619,1264,645,1883,35,0.4467374358973128,0.3458796269118126
179,1567281600,772,1042,270,1814,35,-0.5777405220791981,0.2835516105711564
179,1567296000,354,477,123,831,35,-0.9793358816059904,-0.6043967961370326
179,1567310400,47,127,80,174,35,-1.0968093541206303,-1.1978679082502373
179,1567324800,40,191,151,231,35,-0.9028415274104109,-1.1463795469253473
179,1567339200,273,810,537,1083,35,0.15168778400007765,-0.37676404080594034
179,1567353600,588,1280,692,1868,35,0.5751386732970355,0.33233005814210476
179,1567368000,693,708,15,1401,35,-1.2743855335032255,-0.08951318288813355
179,1567382400,211,432,221,643,35,-0.7116056419214621,-0.7742180580507045
179,1567396800,36,94,58,130,35,-1.1569120609885857,-1.2376133099747135
179,1567411200,51,219,168,270,35,-0.8563985266488091,-1.1111506681241068
179,1567425600,274,996,722,1270,35,0.6570969099351563,-0.2078460834769156
179,1567440000,533,1401,868,1934,35,1.055960328240678,0.3919481607288194
179,1567454400,694,748,54,1442,35,-1.1678398258736684,-0.05247769491759871
179,1567468800,190,391,201,581,36,-0.8867803253827101,-0.9634254040729046
179,1567483200,38,61,23,99,36,-1.299503335565188,-1.3273321841839574
179,1567497600,370,787,417,1157,36,-0.3859479085320629,-0.5285492519069991
179,1567512000,1219,2297,1078,3516,36,1.1466920337747788,1.252479989341909
179,1567526400,832,1550,718,2382,36,0.31197133902370006,0.39631756476528257
179,1567540800,1239,2844,1605,4083,36,2.368630384146497,1.6805612016302225
179,1567555200,336,676,340,1012,36,-0.5644853904649325,-0.6380232832682079
179,1567569600,38,75,37,113,36,-1.267041975213757,-1.3167622777077028
179,1567584000,420,952,532,1372,36,-0.1193010199310239,-0.36622568816451695
179,1567598400,1323,2260,937,3583,36,0.8197597616639396,1.3030645417639848
179,1567612800,992,1638,646,2630,36,0.14502720007348435,0.5835559080589363
179,1567627200,1258,2603,1345,3861,36,1.7657765490484953,1.5129526846496129
179,1567641600,351,764,413,1115,36,-0.395222582918186,-0.560258971335763
179,1567656000,34,79,45,113,36,-1.2484926264415108,-1.3167622777077028
179,1567670400,433,906,473,1339,36,-0.25610246712633955,-0.3911404677156886
179,1567684800,1347,2266,919,3613,36,0.7780237269263857,1.3257143413559591
179,1567699200,980,1766,786,2746,36,0.4696408035877927,0.6711351331479034
179,1567713600,1266,2607,1341,3873,36,1.7565018746623724,1.5220126044864024
179,1567728000,404,823,419,1227,36,-0.38131057133900137,-0.4756997195257258
179,1567742400,56,94,38,150,36,-1.2647233066172263,-1.288827524877601
179,1567756800,376,885,509,1261,36,-0.1726303976512317,-0.45002994665482166
179,1567771200,1248,2313,1065,3561,36,1.1165493420198787,1.2864546887298705
179,1567785600,1039,1965,926,3004,36,0.794254407102101,0.8659234096388819
179,1567800000,1293,2643,1350,3936,36,1.7773698920311491,1.5695771836295487
179,1567814400,529,774,245,1303,36,-0.784758907135356,-0.4183202272260577
179,1567828800,58,143,85,201,36,-1.15574588258028,-1.2503228655712448
179,1567843200,78,337,259,415,36,-0.7522975467839252,-1.0887542951484954
179,1567857600,453,1216,763,1669,36,0.4163114258675849,-0.14199267220397194
179,1567872000,853,1643,790,2496,36,0.4789154779739158,0.4823868032147847
179,1567886400,991,1357,366,2348,36,-0.5042000069551323,0.37064779189437846
179,1567900800,517,649,132,1166,36,-1.0467684585433334,-0.5217543120294068
179,1567915200,53,152,99,205,36,-1.123284522228849,-1.247302892292315
179,1567929600,43,241,198,284,36,-0.8937363311723024,-1.1876584200334495
179,1567944000,348,1062,714,1410,36,0.302696664637577,-0.3375359420146829
179,1567958400,797,1360,563,2157,36,-0.0474222934385699,0.22644406782547577
179,1567972800,707,1007,300,1714,36,-0.6572321343261635,-0.10801797281601057
179,1567987200,203,447,244,650,36,-0.7870775757318869,-0.9113308650113637
179,1568001600,34,39,5,73,36,-1.3412393703027419,-1.3469620104970017
179,1568016000,411,978,567,1389,36,-0.038147619052446805,-0.3533908017290649
179,1568030400,1300,2266,966,3566,36,0.887001150963332,1.2902296553285328
179,1568044800,990,1586,596,2576,36,0.02909377024694564,0.5427862687933827
179,1568059200,1299,2749,1450,4048,36,2.0092367516842264,1.6541364354395858
179,1568073600,378,690,312,1068,37,-0.591894387299058,-0.5938184719956595
179,1568088000,35,53,18,88,37,-1.2971642796438199,-1.3171772073042316
179,1568102400,427,906,479,1333,37,-0.19128189742975432,-0.39821636499895374
179,1568116800,1383,2346,963,3729,37,0.9697746600357723,1.3703219307146572
179,1568131200,936,1601,665,2537,37,0.25490925895162575,0.4904815098087206
179,1568145600,1348,2817,1469,4165,37,2.183606515567914,1.6921427558111242
179,1568160000,376,839,463,1215,37,-0.2296639323872924,-0.48531466169937365
179,1568174400,37,84,47,121,37,-1.2275968412832823,-1.2928192090744532
179,1568188800,453,989,536,1442,37,-0.05454589789352495,-0.31776115872483707
179,1568203200,1319,2352,1033,3671,37,1.1376960629750013,1.3275109035229256
179,1568217600,1027,1715,688,2742,37,0.3100834342030867,0.6417963472967383
179,1568232000,1277,2761,1484,4038,37,2.2195896733406055,1.598401368684401
179,1568246400,398,901,503,1299,37,-0.13370884499344723,-0.4233124843872103
179,1568260800,34,67,33,101,37,-1.261181121871128,-1.307581632244016
179,1568275200,428,965,537,1393,37,-0.052147020708678826,-0.35392909549026563
179,1568289600,1395,2407,1012,3802,37,1.0873196420932325,1.4242047752835612
179,1568304000,1022,1820,798,2842,37,0.573959924536161,0.7156084631445517
179,1568318400,1381,2662,1281,4043,37,1.7326176048168414,1.6020919744767916
179,1568332800,415,923,508,1338,37,-0.12171445906921657,-0.3945257592065631
179,1568347200,45,78,33,123,37,-1.261181121871128,-1.291342966757497
179,1568361600,390,917,527,1307,37,-0.07613579255714012,-0.41740751511938523
179,1568376000,1304,2321,1017,3625,37,1.0993140280174634,1.2935573302329313
179,1568390400,1098,1749,651,2847,37,0.22132497836377993,0.7192990689369424
179,1568404800,1377,2511,1134,3888,37,1.3799826586444603,1.4876831949126808
179,1568419200,506,746,240,1252,37,-0.7646135446079793,-0.4580041788356827
179,1568433600,72,134,62,206,37,-1.1916136835105902,-1.2300789106038117
179,1568448000,79,294,215,373,37,-0.8245854742291324,-1.1068126771379632
179,1568462400,424,1073,649,1497,37,0.21652722399408766,-0.2771644950085396
179,1568476800,827,1262,435,2089,37,-0.296832493562984,0.1598032308105162
179,1568491200,885,1169,284,2054,37,-0.6590629484747496,0.13396899026378148
179,1568505600,357,563,206,920,37,-0.8461753688927476,-0.7030604034504234
179,1568520000,59,121,62,180,37,-1.1916136835105902,-1.2492700607242433
179,1568534400,50,184,134,234,37,-1.0188945262016689,-1.209411518166424
179,1568548800,331,777,446,1108,37,-0.2704448445296766,-0.5642936256565341
179,1568563200,694,1216,522,1910,37,-0.08813017848137077,0.027679543442930055
179,1568577600,688,862,174,1550,37,-0.9229394388078238,-0.2380440736091985
179,1568592000,213,390,177,603,37,-0.9157428072532854,-0.9370448106879922
179,1568606400,40,28,-12,68,37,-1.3691305951892039,-1.3319396304737943
179,1568620800,423,968,545,1391,37,-0.03295600322990979,-0.35540533780722194
179,1568635200,1320,2406,1086,3726,37,1.2648365537718462,1.3681075672392229
179,1568649600,999,1702,703,2701,37,0.34606659197577866,0.6115333797991347
179,1568664000,1339,2687,1348,4026,37,1.893342376201532,1.5895439147826633
179,1568678400,337,659,322,996,38,-0.3663371434765049,-0.7249450208022461
179,1568692800,40,45,5,85,38,-1.2943076016664183,-1.338749986191393
179,1568707200,452,987,535,1439,38,0.25718874798864205,-0.42646466990499904
179,1568721600,1457,2365,908,3822,38,1.3490908959534298,1.1791305359373028
179,1568736000,1276,1685,409,2961,38,-0.11165755400482517,0.5990140977374614
179,1568750400,1664,2956,1292,4620,38,2.4731939115525683,1.716799429878619
179,1568764800,488,841,353,1329,38,-0.2755892437796995,-0.5005794297214712
179,1568779200,66,50,-16,116,38,-1.3557819853319963,-1.3178630993340235
179,1568793600,453,912,459,1365,38,0.0347100261513126,-0.47632369014517123
179,1568808000,1697,2326,629,4023,38,0.5323597986821811,1.314558415238311
179,1568822400,1304,1582,278,2886,38,-0.49514061401390613,0.5484813069535031
179,1568836800,1721,2708,987,4429,38,1.5803516726001277,1.588109256015472
179,1568851200,500,785,285,1285,38,-0.4746491527920469,-0.5302253336480601
179,1568865600,38,35,-3,73,38,-1.3177264144914005,-1.3468352327168263
179,1568880000,445,938,493,1383,38,0.1342399806574863,-0.4641958203570212
179,1568894400,1653,2307,654,3960,38,0.6055435887602499,1.272110870979786
179,1568908800,1252,1734,482,2986,38,0.10203911302313598,0.6158583613321141
179,1568923200,1661,2687,1026,4348,38,1.6945183851219152,1.533533841968797
179,1568937600,506,824,318,1330,38,-0.37804654988899594,-0.4999056591776851
179,1568952000,39,86,47,125,38,-1.1713588343352628,-1.3117991644399485
179,1568966400,397,995,598,1392,38,0.4416118989853756,-0.45813188546294625
179,1568980800,1505,2378,873,3883,38,1.2466335898441334,1.2202305391082555
179,1568995200,1409,2025,616,3434,38,0.49430422784158523,0.9177075649482918
179,1569009600,1656,2593,937,4249,38,1.4339840924439897,1.466830558133972
179,1569024000,654,801,147,1455,38,-0.8786236740229871,-0.41568434120442127
179,1569038400,65,164,99,229,38,-1.0191365509728794,-1.241727027886193
179,1569052800,81,276,195,357,38,-0.7381107970730949,-1.1554843982815708
179,1569067200,619,1276,657,1895,38,0.6143256435696182,-0.11922530193853258
179,1569081600,1148,1533,385,2681,38,-0.1819139924797713,0.4103583454773504
179,1569096000,1260,1399,139,2659,38,-0.9020424868479692,0.395535393514056
179,1569110400,515,623,108,1138,38,-0.9927903865447746,-0.6292696035846184
179,1569124800,58,175,117,233,38,-0.9664442221166698,-1.2390319457110486
179,1569139200,49,188,139,237,38,-0.9020424868479692,-1.236336863535904
179,1569153600,490,956,466,1446,38,0.05520148737317189,-0.4217482760984963
179,1569168000,922,1372,450,2294,38,0.008363861723207801,0.14960914503212558
179,1569182400,937,1050,113,1987,38,-0.9781536285291609,-0.057238411910210396
179,1569196800,287,430,143,717,38,-0.8903330804354782,-0.912927002518571
179,1569211200,39,58,19,97,38,-1.2533246792226997,-1.3306647396659597
179,1569225600,470,987,517,1457,38,0.20449641913243244,-0.41433680011684904
179,1569240000,1596,2378,782,3974,38,0.9802445939599627,1.2815436585927915
179,1569254400,1279,1833,554,3112,38,0.3128084284479744,0.7007534498491641
179,1569268800,1636,2899,1263,4535,38,2.3883007150620084,1.6595289336567995
179,1569283200,491,780,289,1271,39,-0.5596998279820357,-0.453438302246005
179,1569297600,39,51,12,90,39,-1.2606953924930704,-1.2730675675062484
179,1569312000,530,980,450,1510,39,-0.15226197279692155,-0.2875692130019761
179,1569326400,1677,2441,764,4118,39,0.6423683783094499,1.52241649724249
179,1569340800,1276,1781,505,3057,39,-0.013075127857907435,0.7860687830671149
179,1569355200,1688,2918,1230,4606,39,1.8216605554290968,1.8610948049876204
179,1569369600,558,873,315,1431,39,-0.49390241037450167,-0.34239623413284753
179,1569384000,34,53,19,87,39,-1.2429807031371958,-1.27514960628337
179,1569398400,494,959,465,1453,39,-0.11430192417719043,-0.3271279497672884
179,1569412800,1648,2419,771,4067,39,0.6600830676653245,1.487021838031421
179,1569427200,1265,1774,509,3039,39,-0.0029524482259791355,0.7735765504043848
179,1569441600,1744,2939,1195,4683,39,1.7330871086497242,1.9145338002670773
179,1569456000,518,938,420,1456,39,-0.2281820700363838,-0.3250459109901667
179,1569470400,43,72,29,115,39,-1.217674004057375,-1.2557172443635676
179,1569484800,493,1031,538,1524,39,0.07043697910550104,-0.2778530320420748
179,1569499200,1659,2690,1031,4349,39,1.318057243740664,1.6827334830808611
179,1569513600,1125,1847,722,2972,39,0.5360802421742028,0.727077684382
179,1569528000,1441,2832,1391,4273,39,2.2290984106142107,1.6299885007271113
179,1569542400,461,888,427,1349,39,-0.21046738068050927,-0.39930529404084075
179,1569556800,43,87,44,130,39,-1.179713955437644,-1.245307050477959
179,1569571200,395,943,548,1338,39,0.09574367818532178,-0.40693943622362033
179,1569585600,1341,2471,1130,3812,39,1.5685935646308893,1.3100485419760766
179,1569600000,1055,1859,804,2914,39,0.7435951746287329,0.6868249346909805
179,1569614400,1419,2630,1211,4049,39,1.7735778271774374,1.474529605368691
179,1569628800,481,793,312,1274,39,-0.5014944200984479,-0.4513562634688833
179,1569643200,55,167,112,222,39,-1.007628401694863,-1.1814578613128934
179,1569657600,72,229,157,301,39,-0.8937482558356695,-1.126630840182022
179,1569672000,442,871,429,1313,39,-0.20540604086454511,-0.42428975936630114
179,1569686400,699,1333,634,2032,39,0.31338129027178024,0.0747055342172001
179,1569700800,841,1088,247,1929,39,-0.6659879641172828,0.0032222028693549925
179,1569715200,593,576,-17,1169,39,-1.3340848198245507,-0.5242276206681429
179,1569729600,65,136,71,201,39,-1.111385867922128,-1.1960321327527454
179,1569744000,92,161,69,253,39,-1.116447207738092,-1.1599434606159693
179,1569758400,314,633,319,947,39,-0.48377973074257336,-0.6782984901751488
179,1569772800,547,977,430,1524,39,-0.20287537095656305,-0.2778530320420748
179,1569787200,556,899,343,1455,39,-0.42304365295100355,-0.3257399239158739
179,1569801600,206,335,129,541,39,-0.9646070132591676,-0.9600677380122858
179,1569816000,33,50,17,83,39,-1.24804204295316,-1.277925657986199
179,1569830400,323,776,453,1099,39,-0.14466996307297533,-0.5728085254676493
179,1569844800,1069,2053,984,3122,39,1.1991157580655065,0.8311796232380851
179,1569859200,834,1505,671,2339,39,0.407016076867117,0.2877675024093209
179,1569873600,1039,2287,1248,3326,39,1.867212613772774,0.9727582600823609
179,1569888000,311,570,259,881,40,-0.7008377330856869,-0.7289820673291372
179,1569902400,35,43,8,78,40,-1.3077238331505225,-1.309736288587286
179,1569916800,351,869,518,1220,40,-0.07460864975185239,-0.483806873049545
179,1569931200,1391,2117,726,3508,40,0.42830891524211506,1.1709448806723042
179,1569945600,1226,1688,462,2914,40,-0.21000953263484362,0.7413458676868241
179,1569960000,1609,2522,913,4131,40,0.8804511491549608,1.6215175828439443
179,1569974400,420,707,287,1127,40,-0.6331372916441912,-0.5510673245775747
179,1569988800,38,50,12,88,40,-1.2980523415160232,-1.302503981971369
179,1570003200,464,988,524,1452,40,-0.06010141230010333,-0.3160173595602666
179,1570017600,1452,2435,983,3887,40,1.0497022527586999,1.445049301415565
179,1570032000,958,1545,587,2503,40,0.0922245809432618,0.44409806577262834
179,1570046400,1288,2618,1330,3906,40,1.8887041520515204,1.4587906839858078
179,1570060800,356,764,408,1120,40,-0.34057466970058514,-0.5561299392087168
179,1570075200,39,60,21,99,40,-1.2762914853383995,-1.2945484446938602
179,1570089600,428,858,430,1286,40,-0.2873814657108386,-0.43607364938449167
179,1570104000,1386,2537,1151,3923,40,1.4559049014076735,1.471085605232867
179,1570118400,1053,1784,731,2837,40,0.44039827978523927,0.685657106744262
179,1570132800,1453,2778,1325,4231,40,1.8766147875083963,1.693840649003116
179,1570147200,423,767,344,1190,40,-0.4953185358525751,-0.5055037928972965
179,1570161600,45,77,32,122,40,-1.2496948833435262,-1.2779141394772506
179,1570176000,415,1011,596,1426,40,0.1139854371208854,-0.33482135676165126
179,1570190400,1261,2346,1085,3607,40,1.2963252894384338,1.2425447161698842
179,1570204800,1002,1810,808,2812,40,0.6265744937493521,0.667576340204469
179,1570219200,1326,2711,1385,4037,40,2.021687162025887,1.5535339006543227
179,1570233600,474,729,255,1203,40,-0.7105092247201862,-0.49610179429660417
179,1570248000,63,118,55,181,40,-1.1940838064451549,-1.2352435304433393
179,1570262400,83,284,201,367,40,-0.8410743617859278,-1.1007226273872799
179,1570276800,491,1163,672,1654,40,0.2977437781763735,-0.16992476591873967
179,1570291200,806,1548,742,2354,40,0.46699488178011256,0.33633669719546244
179,1570305600,925,1374,449,2299,40,-0.24144188044696657,0.29655901080791797
179,1570320000,442,582,140,1024,40,-0.9885646092120431,-0.6255600827215216
179,1570334400,61,150,89,211,40,-1.1118761275519102,-1.2135466105955877
179,1570348800,44,153,109,197,40,-1.0635186693794134,-1.2236718398578719
179,1570363200,317,925,608,1242,40,0.14299991202438353,-0.4678957984945272
179,1570377600,637,1272,635,1909,40,0.2082824805572543,0.01449905278714823
179,1570392000,637,922,285,1559,40,-0.6379730374614409,-0.23863167876995284
179,1570406400,261,342,81,603,40,-1.1312191108209089,-0.9300401912516346
179,1570420800,33,37,4,70,40,-1.3173953247850219,-1.3155221338800198
179,1570435200,455,1000,545,1455,40,-0.009326081218981618,-0.31384766757549143
179,1570449600,1384,2399,1015,3783,40,1.1270741858346949,1.3698333126100264
179,1570464000,980,1749,769,2729,40,0.5322774503129833,0.6075481952923564
179,1570478400,1319,2792,1473,4111,40,2.2344599779848733,1.6070529696121099
179,1570492800,385,1015,630,1400,41,0.3474156168726954,-0.41729588152614056
179,1570507200,64,156,92,220,41,-1.2314667803226835,-1.3198525668903511
179,1570521600,441,1004,563,1445,41,0.1507889986346092,-0.38287634691479355
179,1570536000,1412,2333,921,3745,41,1.2014207796679655,1.3763443109984983
179,1570550400,1133,1700,567,2833,41,0.16252790121598748,0.6787750762085322
179,1570564800,1479,2736,1257,4215,41,2.187488596503741,1.7358372280503451
179,1570579200,484,1111,627,1595,41,0.3386114399366617,-0.26814456487697014
179,1570593600,71,158,87,229,41,-1.2461404085494063,-1.3129686599680819
179,1570608000,348,753,405,1101,41,-0.31289765332983294,-0.6459945670548685
179,1570622400,1150,2273,1123,3423,41,1.7942353600275687,1.1300534188906375
179,1570636800,1063,1591,528,2654,41,0.04807360104754923,0.5418618163100629
179,1570651200,1367,2138,771,3505,41,0.7612119328662799,1.1927734597379809
179,1570665600,469,1036,567,1505,41,0.16252790121598748,-0.3369836340996642
179,1570680000,60,151,91,211,41,-1.234401505968028,-1.3267364738126206
179,1570694400,449,1000,551,1449,41,0.11557229089047436,-0.37981683272711825
179,1570708800,1490,2419,929,3909,41,1.224898584830722,1.5017843926931853
179,1570723200,1220,1788,568,3008,41,0.16546262686133204,0.8126288219193262
179,1570737600,1658,2754,1096,4412,41,1.7149977676032653,1.8865183017933531
179,1570752000,597,1268,671,1865,41,0.4677393683318228,-0.06162735720888807
179,1570766400,79,211,132,290,41,-1.1140777545089007,-1.2663110686060337
179,1570780800,379,947,568,1326,41,0.16546262686133204,-0.47389689399813345
179,1570795200,1403,2402,999,3805,41,1.4303293800048418,1.4222370238136277
179,1570809600,1357,1923,566,3280,41,0.1595931755706429,1.020675786681246
179,1570824000,1628,2503,875,4131,41,1.066423399982115,1.671587430109164
179,1570838400,581,713,132,1294,41,-1.1140777545089007,-0.4983730074995358
179,1570852800,57,173,116,230,41,-1.1610333648344138,-1.312203781421163
179,1570867200,84,282,198,366,41,-0.920385861916159,-1.208180299040203
179,1570881600,494,1179,685,1673,41,0.5088255273666468,-0.208484038217302
179,1570896000,1003,1373,370,2376,41,-0.4156130509168929,0.3292255802666303
179,1570910400,1236,1380,144,2616,41,-1.0788610467647657,0.5127964315271477
179,1570924800,503,605,102,1108,41,-1.2021195238692377,-0.6406404172264367
179,1570939200,72,171,99,243,41,-1.2109237008052716,-1.3022603603112182
179,1570953600,68,168,100,236,41,-1.2079889751599269,-1.3076145101396501
179,1570968000,419,916,497,1335,41,-0.042902893958132446,-0.46701298707586403
179,1570982400,856,1445,589,2301,41,0.22709186541356802,0.2718596892477186
179,1570996800,927,961,34,1888,41,-1.4016808677526684,-0.044035150629755146
179,1571011200,261,493,232,754,41,-0.8206051899744436,-0.9114074228357
179,1571025600,44,65,21,109,41,-1.4398323011421479,-1.4047540855983405
179,1571040000,289,653,364,942,41,-0.4332214047889603,-0.7676102560149612
179,1571054400,1062,1958,896,3020,41,1.1280526385343512,0.821807364482352
179,1571068800,787,1600,813,2387,41,0.8844704099707518,0.33763924428273734
179,1571083200,1184,2096,912,3280,41,1.1750082488598643,1.020675786681246
179,1571097600,359,642,283,1001,42,-0.6893466947069216,-0.67080226875608
179,1571112000,37,47,10,84,42,-1.351327364850101,-1.3255893373608971
179,1571126400,443,826,383,1269,42,-0.446862932749713,-0.47943592809513014
179,1571140800,1382,2295,913,3677,42,0.8383010056234923,1.2400049238137028
179,1571155200,1188,1670,482,2858,42,-0.20680400841207655,0.6551950991819195
179,1571169600,1608,2745,1137,4353,42,1.3814646324076394,1.7227050965256507
179,1571184000,423,912,489,1335,42,-0.18983014507507195,-0.4323083964398216
179,1571198400,35,78,43,113,42,-1.271307723404222,-1.3048817855729586
179,1571212800,450,963,513,1413,42,-0.1316340422053419,-0.37661222266536604
179,1571227200,1524,2565,1041,4089,42,1.1486802209287192,1.5341949699044166
179,1571241600,1370,1828,458,3198,42,-0.2650001112818066,0.8979732925577514
179,1571256000,1400,2636,1236,4036,42,1.621523556745276,1.496350133878184
179,1571270400,376,804,428,1180,42,-0.33774523986896915,-0.5429866904788038
179,1571284800,27,63,36,90,42,-1.2882815867412267,-1.3213050163013238
179,1571299200,445,962,517,1407,42,-0.12193469172705355,-0.38089654372493953
179,1571313600,1507,2500,993,4007,42,1.032288015189259,1.4756425820902455
179,1571328000,977,1901,924,2878,42,0.8649742194387853,0.6694761693804978
179,1571342400,1419,2723,1304,4142,42,1.7864125148761778,1.5720398059306493
179,1571356800,399,983,584,1382,42,0.04052942878427617,-0.3987478814731625
179,1571371200,47,194,147,241,42,-1.019124610968725,-1.2134829363020572
179,1571385600,414,969,555,1383,42,-0.029790862183314313,-0.39803382796323356
179,1571400000,1319,2488,1169,3807,42,1.4590594362339462,1.332831880104462
179,1571414400,1058,1840,782,2898,42,0.5206472774595491,0.6837572395790762
179,1571428800,1327,2586,1259,3913,42,1.6772948219954338,1.4085215521569272
179,1571443200,536,779,243,1315,42,-0.7863401994898049,-0.44658946663839993
179,1571457600,68,162,94,230,42,-1.1476410048060457,-1.2213375249112752
179,1571472000,70,257,187,327,42,-0.9221311061858418,-1.1520743344481703
179,1571486400,473,1184,711,1657,42,0.34848380646993105,-0.20238316624271022
179,1571500800,840,1604,764,2444,42,0.47700020030725154,0.3595769460713477
179,1571515200,936,1426,490,2362,42,-0.18740530745549988,0.3010245582571765
179,1571529600,429,604,175,1033,42,-0.9512291576207068,-0.6479525564383546
179,1571544000,68,153,85,221,42,-1.1694645433821944,-1.2277640065006354
179,1571558400,42,163,121,205,42,-1.0821703890775993,-1.2391888626594982
179,1571572800,357,902,545,1259,42,-0.05403923837903517,-0.48657646319441933
179,1571587200,661,1398,737,2059,42,0.41152958457880523,0.08466634474871455
179,1571601600,723,842,119,1565,42,-1.0870200643167436,-0.2680760891561706
179,1571616000,199,323,124,522,42,-1.0748958762188832,-1.0128339000120314
179,1571630400,32,42,10,74,42,-1.351327364850101,-1.3327298724601864
179,1571644800,401,941,540,1342,42,-0.06616342647689559,-0.4273100218703192
179,1571659200,1293,2183,890,3476,42,0.7825297403733343,1.0964801683179903
179,1571673600,906,1596,690,2502,42,0.29756221645891723,0.40099204964722496
179,1571688000,1268,2883,1615,4151,42,2.5405370145630966,1.5784662875200095
179,1571702400,459,778,319,1237,43,-0.6416645256092874,-0.5899973832784784
179,1571716800,35,72,37,107,43,-1.4532701045623417,-1.3976954278843563
179,1571731200,440,949,509,1389,43,-0.09483807170474734,-0.4813512746235284
179,1571745600,1450,2386,936,3836,43,1.1340824325965086,1.267708119315041
179,1571760000,1375,1716,341,3091,43,-0.5783477783150776,0.7351992314996613
179,1571774400,1590,2831,1241,4421,43,2.0118827928116914,1.6858526822304736
179,1571788800,447,855,408,1302,43,-0.3855195024645292,-0.5435368762878747
179,1571803200,36,68,32,104,43,-1.467660274401935,-1.3998397589762304
179,1571817600,440,911,471,1351,43,-0.20420336248565538,-0.5085128017872659
179,1571832000,1516,2325,809,3841,43,0.7685721186708423,1.2712820044681643
179,1571846400,1168,1580,412,2748,43,-0.37400736659285466,0.4900307099953992
179,1571860800,1604,2787,1183,4391,43,1.8449568226724107,1.6644093713117334
179,1571875200,485,1014,529,1499,43,-0.0372773923463747,-0.4027258012548146
179,1571889600,38,75,37,113,43,-1.4532701045623417,-1.3934067657006084
179,1571904000,448,973,525,1421,43,-0.04878952821804922,-0.4584784096435389
179,1571918400,1491,2391,900,3882,43,1.0304732097514377,1.300587862723776
179,1571932800,1243,1698,455,2941,43,-0.25025190597235347,0.6279826769059607
179,1571947200,1729,2710,981,4439,43,1.263593961152847,1.6987186687817175
179,1571961600,495,1073,578,1568,43,0.10374627208163828,-0.3534061861417123
179,1571976000,51,104,53,155,43,-1.4072215610756436,-1.3633861304143722
179,1571990400,408,926,518,1334,43,-0.06893576599347966,-0.5206640113078853
179,1572004800,1503,2457,954,3960,43,1.1858870440190439,1.3563404711125002
179,1572019200,1313,1852,539,3165,43,-0.008497052667188374,0.7880927317658869
179,1572033600,1613,2521,908,4134,43,1.0534974814947868,1.480711674441193
179,1572048000,767,934,167,1701,43,-1.0791256887329195,-0.2583408410686311
179,1572062400,320,541,221,861,43,-0.9237118544653135,-0.8587535467933546
179,1572076800,179,548,369,727,43,-0.49776282721335585,-0.9545336688970605
179,1572091200,495,1446,951,1941,43,1.1772529421152882,-0.08679435371871012
179,1572105600,889,1761,872,2650,43,0.9498882586497162,0.41998256099418146
179,1572120000,1084,1598,514,2682,43,-0.08044790186515417,0.44285542597417094
179,1572134400,438,791,353,1229,43,-0.5438113707000539,-0.5957155995234757
179,1572148800,64,239,175,303,43,-1.0561014169895704,-1.257599129881921
179,1572163200,54,208,154,262,43,-1.1165401303158617,-1.2869049881375325
179,1572177600,334,1076,742,1410,43,0.575743842820294,-0.46634095698041034
179,1572192000,628,1337,709,1965,43,0.4807687218789791,-0.06963970498371802
179,1572206400,781,1032,251,1813,43,-0.8373708354277545,-0.178285813638668
179,1572220800,245,484,239,729,43,-0.871907243042778,-0.9531041148358111
179,1572235200,31,53,22,84,43,-1.4964406140811213,-1.4141352995887237
179,1572249600,462,905,443,1367,43,-0.28478831358737705,-0.49707636929727117
179,1572264000,1368,2318,950,3686,43,1.1743749081473696,1.1604915647213405
179,1572278400,908,1548,640,2456,43,0.2821843780925935,0.28131581705299535
179,1572292800,1506,2821,1315,4327,43,2.22485730643767,1.6186636413517543
179,1572307200,482,678,196,1160,44,-0.67178265120355,-0.6305055648377931
179,1572321600,39,57,18,96,44,-1.1010550182357735,-1.3644857847364933
179,1572336000,433,906,473,1339,44,-0.0037576755410450384,-0.5070258097984441
179,1572350400,1535,2455,920,3990,44,1.0742465270623474,1.3217162606446518
179,1572364800,1261,1770,509,3031,44,0.08306145486996644,0.6601682992885864
179,1572379200,1634,2889,1255,4523,44,1.8821467683870376,1.689396201627741
179,1572393600,457,852,395,1309,44,-0.1918657914315699,-0.5277207408106255
179,1572408000,37,62,25,99,44,-1.0841735206558545,-1.3624162916352751
179,1572422400,467,943,476,1410,44,0.003477251993205918,-0.4580478064029482
179,1572436800,1539,2353,814,3892,44,0.818612420852147,1.2541128193381925
179,1572451200,1274,1637,363,2911,44,-0.26903835179691343,0.5773885752398609
179,1572465600,1556,2742,1186,4298,44,1.7157434350992655,1.5341842190363806
179,1572480000,480,884,404,1364,44,-0.17016100882881705,-0.4897800339549596
179,1572494400,38,65,27,103,44,-1.0793502356330205,-1.3596569675003176
179,1572508800,436,838,402,1274,44,-0.174984293851651,-0.5518648269915039
179,1572523200,1498,2544,1046,4042,44,1.3781134835008877,1.3575874743990994
179,1572537600,1275,1906,631,3181,44,0.37728184126283865,0.7636429543494934
179,1572552000,1622,2667,1045,4289,44,1.3757018409894706,1.5279757397327263
179,1572566400,447,747,300,1194,44,-0.42097183001618355,-0.6070513096906542
179,1572580800,54,120,66,174,44,-0.9852961776877581,-1.3106789641048215
179,1572595200,393,900,507,1293,44,0.07823816984713247,-0.5387580373504556
179,1572609600,1442,2371,929,3813,44,1.0959513096651003,1.1996161676727815
179,1572624000,1289,1827,538,3116,44,0.15299908770105902,0.7188039371564338
179,1572638400,1707,2503,796,4210,44,0.7752028556466413,1.4734790880673152
179,1572652800,323,865,542,1188,44,0.16264565774672696,-0.6111902958930905
179,1572667200,763,332,-431,1095,44,-2.183882505862,-0.6753445820308528
179,1572681600,101,420,319,521,44,-0.37515062229926077,-1.0713075953972568
179,1572696000,734,1283,549,2017,44,0.17952715532664584,-0.039320368923144645
179,1572710400,1257,1614,357,2871,44,-0.28350820686541534,0.5497953338902857
179,1572724800,1436,1513,77,2949,44,-0.9587681100621712,0.6036021545219573
179,1572739200,654,586,-68,1240,44,-1.3084562742176342,-0.5753190821386427
179,1572750000,83,171,88,254,44,-0.9322400424365844,-1.2554924814056712
179,1572764400,62,130,68,192,44,-0.9804728926649241,-1.2982620054975127
179,1572778800,316,828,512,1144,44,0.09029638240421739,-0.6415428613776232
179,1572793200,961,2299,1338,3260,44,2.0823130968346475,0.8181396060149044
179,1572807600,1202,1086,-116,2288,44,-1.4242151147656494,0.14762384122022726
179,1572822000,390,448,58,838,44,-1.004589317779094,-0.8526311577018734
179,1572836400,70,68,-2,138,44,-1.149287868464113,-1.3355128813194392
179,1572850800,134,320,186,454,44,-0.6958990763177199,-1.1175262746577952
179,1572865200,1495,2537,1042,4032,44,1.3684669134552196,1.3506891640617056
179,1572879600,761,1682,921,2443,44,1.0766581695737645,0.25454765144983116
179,1572894000,1598,2619,1021,4217,44,1.317822420715463,1.4783079053034909
179,1572908400,653,1277,624,1930,44,0.3604003436829198,-0.09933566885847069
179,1572922800,89,106,17,195,45,-1.5149801929596896,-1.2231528786505312
179,1572937200,129,357,228,486,45,-0.906516360192467,-1.0232869150040373
179,1572951600,1552,2550,998,4102,45,1.3139440721808102,1.4602709013042836
179,1572966000,1064,1820,756,2884,45,0.6160850791492087,0.6237185173818458
179,1572980400,1763,2594,831,4357,45,0.8323636926920605,1.6354111787264687
179,1572994800,733,1171,438,1904,45,-0.3009362422724823,-0.0493696076132191
179,1573009200,94,131,37,225,45,-1.4573058960149292,-1.202548140130274
179,1573023600,145,350,205,495,45,-0.9728418016789414,-1.0171054934479604
179,1573038000,1642,2513,871,4155,45,0.9477122865815814,1.4966726060234044
179,1573052400,1010,1648,638,2658,45,0.27580672717512217,0.4684961538625757
179,1573066800,1747,2584,837,4331,45,0.8496659817754886,1.6175537386755792
179,1573081200,686,1360,674,2046,45,0.37962046167569097,0.04815948804933111
179,1573095600,114,134,20,248,45,-1.5063290484179754,-1.1867511739314103
179,1573110000,133,320,187,453,45,-1.0247486689292258,-1.0459521273763202
179,1573124400,1584,2549,965,4133,45,1.2187814822219554,1.4815624644418826
179,1573138800,1026,1747,721,2773,45,0.515155059495878,0.5474809848568946
179,1573153200,1725,2676,951,4401,45,1.178409474360623,1.6656314618895125
179,1573167600,648,1247,599,1895,45,0.1633418481328393,-0.05555102916929623
179,1573182000,104,158,54,262,45,-1.4082827436118828,-1.1771356292886237
179,1573196400,102,341,239,443,45,-0.8747954968728486,-1.0528203735497392
179,1573210800,1506,2495,989,4001,45,1.2879906385556679,1.3909016149527513
179,1573225200,1098,1819,721,2917,45,0.515155059495878,0.6463837297541285
179,1573239600,1378,2654,1276,4032,45,2.1156167997129804,1.4121931780903503
179,1573254000,616,1008,392,1624,45,-0.43358712524543125,-0.24168050046895193
179,1573268400,107,360,253,467,45,-0.8344234890115163,-1.0363365827335336
179,1573282800,38,173,135,211,45,-1.174701840985603,-1.2121636847730608
179,1573297200,374,1179,805,1553,45,0.7573871066638719,-0.29044504830022705
179,1573311600,745,1808,1063,2553,45,1.5013855372512817,0.39637956904167587
179,1573326000,1070,1757,687,2827,45,0.41710875468978525,0.5845695141933572
179,1573340400,585,836,251,1421,45,-0.8401909187059924,-0.3811058977893582
179,1573354800,139,433,294,572,45,-0.7161911802747575,-0.9642199979126338
179,1573369200,29,140,111,169,45,-1.2439109973193154,-1.2410103187014208
179,1573383600,273,765,492,1038,45,-0.14521564052162905,-0.644159726231307
179,1573398000,703,1443,740,2146,45,0.5699456415934004,0.1168419497835214
179,1573412400,870,1304,434,2174,45,-0.3124711016614343,0.13607303906909468
179,1573426800,305,657,352,962,45,-0.5489357191349522,-0.6963583971492916
179,1573441200,66,116,50,182,45,-1.419817603000835,-1.2320815986759759
179,1573455600,86,296,210,382,45,-0.9584232274427513,-1.0947166752075954
179,1573470000,1277,2248,971,3525,45,1.2360837713053836,1.0639730970980055
179,1573484400,771,1684,913,2455,45,1.0688283101655782,0.3290707565421694
179,1573498800,1386,2281,895,3667,45,1.0169214429152937,1.1615021927605558
179,1573513200,592,1071,479,1663,45,-0.18270393353572334,-0.2148943403926177
179,1573527600,103,105,2,208,46,-1.4994917167011497,-1.214348835378777
179,1573542000,118,324,206,442,46,-0.9707167638800009,-1.0498445644156678
179,1573556400,1603,2447,844,4050,46,0.6830009807273171,1.4866144511180865
179,1573570800,964,1589,625,2553,46,0.1153455166693192,0.43420892277716927
179,1573585200,1426,2697,1271,4123,46,1.7897995339362902,1.537934159580937
179,1573599600,589,1246,657,1835,46,0.19829060730793077,-0.07055204539168765
179,1573614000,127,150,23,277,46,-1.445059000969561,-1.165841165735809
179,1573628400,138,482,344,620,46,-0.6130160605009886,-0.9247088369309093
179,1573642800,1618,2422,804,4040,46,0.5793196174290527,1.479584354068381
179,1573657200,736,1624,888,2360,46,0.797050480355408,0.2985280497178526
179,1573671600,1408,2728,1320,4136,46,1.9168092039766642,1.5470732857455542
179,1573686000,595,1266,671,1861,46,0.23457908446232334,-0.05227379306245327
179,1573700400,120,126,6,246,46,-1.4891235803713232,-1.1876344665898961
179,1573714800,92,532,440,624,46,-0.3641807885851539,-0.9218967981110271
179,1573729200,1562,2562,1000,4124,46,1.0873582975905485,1.5386371692859075
179,1573743600,775,1717,942,2492,46,0.9370203208080651,0.39132533077396553
179,1573758000,1469,2547,1078,4016,46,1.2895369560221641,1.4627121211490879
179,1573772400,587,1314,727,1901,46,0.37973299307989355,-0.02415340486363116
179,1573786800,119,178,59,297,46,-1.351745774001123,-1.1517809716363978
179,1573801200,119,333,214,452,46,-0.9499804912203481,-1.042814467365962
179,1573815600,1525,2507,982,4032,46,1.0407016841063295,1.4739602764286166
179,1573830000,842,1806,964,2648,46,0.9940450706221104,0.5009948447493717
179,1573844400,1369,2657,1288,4026,46,1.8338641133380527,1.4697422181987934
179,1573858800,627,1096,469,1723,46,-0.2890118001939122,-0.14928913234838956
179,1573873200,126,393,267,519,46,-0.8126026848501476,-0.9957128171329351
179,1573887600,38,161,123,199,46,-1.1858555927238998,-1.220675922723512
179,1573902000,399,1114,715,1513,46,0.34862858409041425,-0.2969211703922056
179,1573916400,807,1571,764,2378,46,0.4756382541307882,0.3111822244073225
179,1573930800,1051,1725,674,2776,46,0.24235518670969317,0.5909800869856026
179,1573945200,637,847,210,1484,46,-0.9603486275501746,-0.31730845183635165
179,1573959600,151,312,161,463,46,-1.0873582975905485,-1.035081360611286
179,1573974000,114,128,14,242,46,-1.4683873077116705,-1.1904465054097781
179,1573988400,275,748,473,1023,46,-0.27864366386408573,-0.6413959258277765
179,1574002800,641,1321,680,1962,46,0.25790739120443285,0.01873018713957256
179,1574017200,772,1302,530,2074,46,-0.13089772116405887,0.09746727409627448
179,1574031600,301,584,283,885,46,-0.7711301395308419,-0.7384112651137128
179,1574046000,61,96,35,157,46,-1.4139545919800816,-1.2502023303322751
179,1574060400,104,276,172,380,46,-1.0588459226835258,-1.093431166123842
179,1574074800,1536,2502,966,4038,46,0.9992291387870237,1.47817833465844
179,1574089200,761,1503,742,2264,46,0.41861350431674277,0.2310391180406795
179,1574103600,1498,2568,1070,4066,46,1.2688006833625114,1.4978626063976155
179,1574118000,549,1227,678,1776,46,0.2527233230395196,-0.11202961798495026
179,1574132400,69,102,33,171,47,-1.2740148555636566,-1.256934513563081
179,1574146800,122,323,201,445,47,-0.7909189387076182,-1.0685024049954719
179,1574161200,1633,2597,964,4230,47,1.4031416836802224,1.534473985254163
179,1574175600,995,1610,615,2605,47,0.39956742783047616,0.4169477939316644
179,1574190000,1712,2658,946,4370,47,1.3513814068742183,1.630753164814255
179,1574204400,724,1476,752,2200,47,0.7935206457428408,0.13842588163282635
179,1574218800,142,131,-11,273,47,-1.400539976645,-1.1867882541692996
179,1574233200,145,326,181,471,47,-0.8484303573809562,-1.050621985934312
179,1574247600,1599,2357,758,3956,47,0.8107740713448421,1.3460418766865538
179,1574262000,995,1632,637,2627,47,0.46282998837114786,0.4320773792911075
179,1574276400,1625,2511,886,4136,47,1.1788471508542047,1.4698293932638153
179,1574290800,721,1287,566,2008,47,0.2586644520807983,0.006385863950414232
179,1574305200,141,160,19,301,47,-1.314272848634993,-1.167532418257281
179,1574319600,131,377,246,508,47,-0.661518246692608,-1.0251767741934306
179,1574334000,1613,2478,865,4091,47,1.1184601612471998,1.4388825141194999
179,1574348400,1028,1661,633,2689,47,0.45132770463648025,0.47471530166771975
179,1574362800,1673,2491,818,4164,47,0.9833083273648557,1.4890852291758336
179,1574377200,754,1329,575,2083,47,0.2845445904838004,0.05796399585760647
179,1574391600,127,186,59,313,47,-1.1992500112883173,-1.1592799171521302
179,1574406000,118,393,275,511,47,-0.578126689616268,-1.0231136489171428
179,1574420400,1501,2455,954,3956,47,1.3743859743435536,1.3460418766865538
179,1574434800,1077,1838,761,2915,47,0.8194007841458428,0.6301374058147257
179,1574449200,1619,2470,851,4089,47,1.0782021681758633,1.4375070972686415
179,1574463600,852,1157,305,2009,47,-0.4918595616062612,0.007073572375843462
179,1574478000,124,328,204,452,47,-0.7822922259066176,-1.0636884460174674
179,1574492400,202,179,-23,381,47,-1.4350468278490027,-1.1125157442229427
179,1574506800,400,1083,683,1483,47,0.595106251319825,-0.3546610593999314
179,1574521200,939,1500,561,2439,47,0.24428659741246386,0.3027881953104123
179,1574535600,1281,1498,217,2779,47,-0.7449098037689479,0.5366090599563504
179,1574550000,723,693,-30,1416,47,-1.4551758243846709,-0.40073752390368983
179,1574564400,142,363,221,505,47,-0.7334075200342803,-1.0272398994697183
179,1574578800,28,92,64,120,47,-1.184872156619983,-1.2920076432599716
179,1574593200,242,714,472,956,47,-0.011639215683889781,-0.7170833996011355
179,1574607600,773,1315,542,2088,47,0.18965074967279286,0.06140253798475262
179,1574622000,960,1073,113,2033,47,-1.0439691808703049,0.023578574586144978
179,1574636400,374,556,182,930,47,-0.8455547864472892,-0.7349638186622955
179,1574650800,74,108,34,182,47,-1.2711392846299896,-1.2493697208833594
179,1574665200,104,370,266,474,47,-0.6040068280192701,-1.0485588606580243
179,1574679600,1502,2572,1070,4074,47,1.7079522026489133,1.427191470887203
179,1574694000,802,1667,865,2469,47,1.1184601612471998,0.32341944807328915
179,1574708400,1484,2661,1177,4145,47,2.015638292551271,1.4760187690926783
179,1574722800,706,1193,487,1899,47,0.03149434832111364,-0.06857435442137182
179,1574737200,90,131,41,221,48,-1.0344437486549385,-1.0050113239508942
179,1574751600,122,344,222,466,48,-0.4897432307305192,-0.807340078974028
179,1574766000,1515,2563,1048,4078,48,1.9960171438858922,2.106898846970626
179,1574780400,1078,1777,699,2855,48,0.9457382446835585,1.120156264902433
179,1574794800,1768,2525,757,4293,48,1.120283162029505,2.2803654497054264
179,1574809200,690,1206,516,1896,48,0.3950189365058306,0.3464145345644145
179,1574823600,92,139,47,231,48,-1.016387377895013,-0.9969431098702057
179,1574838000,106,331,225,437,48,-0.4807150453505564,-0.8307378998080245
179,1574852400,1144,2275,1131,3419,48,2.245796939398195,1.5752035390532593
179,1574866800,1160,1818,658,2978,48,0.8223530444907342,1.2193952980949005
179,1574881200,1437,1965,528,3402,48,0.4311316780256816,1.561487575116089
179,1574895600,519,780,261,1299,48,-0.37237682079100337,-0.13525784605268354
179,1574910000,95,143,48,238,48,-1.0133779827683589,-0.9912953600137238
179,1574924400,29,83,54,112,48,-0.9953216120084333,-1.0929548574303978
179,1574938800,233,397,164,630,48,-0.6642881480764657,-0.6750213680507382
179,1574953200,410,674,264,1084,48,-0.3633486354110406,-0.30872444878748434
179,1574967600,337,482,145,819,48,-0.7214666554828965,-0.5225321219257272
179,1574982000,238,327,89,565,48,-0.8899927825755345,-0.7274647595752128
179,1574996400,48,100,52,148,48,-1.0013404022617418,-1.0639092867399196
179,1575010800,37,170,133,207,48,-0.7575793970027475,-1.016306823663858
179,1575025200,394,1294,900,1688,48,1.5506266651410632,0.1785956816860956
179,1575039600,780,1472,692,2252,48,0.9246724787969787,0.6336429558369219
179,1575054000,1113,1418,305,2531,48,-0.23996343521821634,0.8587461286881286
179,1575068400,527,584,57,1111,48,-0.9862934266284705,-0.28694027076962564
179,1575082800,92,193,101,285,48,-0.8538800410556835,-0.9533747538344883
179,1575097200,23,112,89,135,48,-0.8899927825755345,-1.0743979650448143
179,1575111600,256,960,704,1216,48,0.9607852203168298,-0.20222402292239733
179,1575126000,723,1368,645,2091,48,0.7832309078442289,0.5037447091378385
179,1575140400,1079,1344,265,2423,48,-0.36033924028438635,0.7716094166166937
179,1575154800,616,701,85,1317,48,-0.9020303630821516,-0.12073506070744439
179,1575169200,108,220,112,328,48,-0.8207766946624867,-0.9186814332875282
179,1575183600,25,105,80,130,48,-0.9170773387154227,-1.0784320720851586
179,1575198000,205,643,438,848,48,0.160286116626799,-0.4991343010917308
179,1575212400,610,1229,619,1839,48,0.7049866345512185,0.3004257143044906
179,1575226800,710,898,188,1608,48,-0.5920626650367636,0.11404996904058834
179,1575241200,271,414,143,685,48,-0.727485445736205,-0.6306461906069519
179,1575255600,70,92,22,162,48,-1.0916222560613693,-1.0526137870269556
179,1575270000,115,327,212,442,48,-0.5198371819970616,-0.8267037927676802
179,1575284400,1437,2320,883,3757,48,1.4994669479879406,1.8479091749805279
179,1575298800,637,1563,926,2200,48,1.6288709384340736,0.5916882426173422
179,1575313200,1293,2313,1020,3606,48,1.9117540803395732,1.726079142362133
179,1575327600,488,1079,591,1567,48,0.6207235710048994,0.08097029130976585
179,1575342000,85,88,3,173,49,-1.3456654796305465,-1.2227045330111443
179,1575356400,123,307,184,430,49,-0.9209654764690314,-1.0430414184938994
179,1575370800,1445,2599,1154,4044,49,1.3550511150595301,1.483427437013194
179,1575385200,752,1555,803,2307,49,0.5314616061662054,0.2691284879219318
179,1575399600,1417,2672,1255,4089,49,1.5920384096413702,1.514885959010377
179,1575414000,580,1358,778,1938,49,0.4728013847350569,0.011168607545031545
179,1575428400,87,128,41,215,49,-1.2565019430552007,-1.1933432458137736
179,1575442800,123,331,208,454,49,-0.8646516638951288,-1.0262635400954019
179,1575457200,1568,2486,918,4054,49,0.8012986247494884,1.4904182196792346
179,1575471600,771,1681,910,2452,49,0.782527353891521,0.3704948365795213
179,1575486000,1478,2524,1046,4002,49,1.1016389584769688,1.4540661498158232
179,1575500400,566,1383,817,1949,49,0.5643113301676486,0.018858468477676266
179,1575514800,101,124,23,225,49,-1.2987373024856277,-1.186352463147733
179,1575529200,105,317,212,422,49,-0.8552660284661451,-1.048634044626732
179,1575543600,1487,2468,981,3955,49,0.9491223827559826,1.421209471285432
179,1575558000,819,1749,930,2568,49,0.8294555310364398,0.4515879155055929
179,1575572400,1480,2597,1117,4077,49,1.2682339873414306,1.506497019811128
179,1575586800,613,1437,824,2050,49,0.5807361921683701,0.0894653734046869
179,1575601200,82,177,95,259,49,-1.12979586476392,-1.1625838020831947
179,1575615600,106,363,257,469,49,-0.7496776298900778,-1.015777366096341
179,1575630000,1449,2568,1119,4017,49,1.2729268050559224,1.464552323814884
179,1575644400,842,1733,891,2575,49,0.737945585603848,0.4564814633718214
179,1575658800,1400,2768,1368,4168,49,1.8571826105101614,1.570113142072098
179,1575673200,628,1126,498,1754,49,-0.18419309529380629,-0.11746179351011654
179,1575687600,104,266,162,370,49,-0.972586471328442,-1.0849861144901434
179,1575702000,25,141,116,166,49,-1.0805212787617553,-1.2275980808773728
179,1575716400,372,1130,758,1502,49,0.4258732075901381,-0.29362951669434106
179,1575730800,803,1524,721,2327,49,0.3390560798720383,0.2831100532540131
179,1575745200,1021,1591,570,2612,49,-0.015251657572098608,0.48234735923617184
179,1575759600,546,712,166,1258,49,-0.9632008358994583,-0.46420461374573313
179,1575774000,150,294,144,444,49,-1.014821830758869,-1.0332543227614426
179,1575788400,24,114,90,138,49,-1.1415279090501498,-1.2471722723422867
179,1575802800,272,747,475,1019,49,-0.23816049901046288,-0.6312843194641048
179,1575817200,685,1330,645,2015,49,0.16072900672134688,0.0649976340735446
179,1575831600,1449,1264,-185,2713,49,-1.786790344792783,0.5529542641631825
179,1575846000,376,514,138,890,49,-1.0289002839023447,-0.7214654158560293
179,1575860400,60,76,16,136,49,-1.3151621644863492,-1.2485704288754949
179,1575874800,113,300,187,413,49,-0.9139262498972935,-1.0549257490261685
179,1575889200,1451,2379,928,3830,49,0.8247627133219478,1.3338246879599238
179,1575903600,778,1707,929,2485,49,0.8271091221791937,0.39356441937745545
179,1575918000,1381,2521,1140,3902,49,1.322201391058087,1.3841583231554164
179,1575932400,539,1320,781,1859,49,0.4798406113067947,-0.044058575516689645
179,1575946800,88,105,17,193,50,-1.2406501687550526,-1.1969269382024514
179,1575961200,120,316,196,436,50,-0.7363131962936875,-1.0372887121851726
179,1575975600,1579,2563,984,4142,50,1.4838964925306461,1.397358471436374
179,1575990000,809,1569,760,2378,50,0.8527708957074851,0.23850320108871934
179,1576004400,1476,2757,1281,4233,50,2.3207014133184978,1.4571406877638324
179,1576018800,612,1303,691,1915,50,0.6583616716860651,-0.06566346000593153
179,1576033200,84,139,55,223,50,-1.1335842192939807,-1.1772185152373553
179,1576047600,109,337,228,446,50,-0.6461523967475217,-1.0307192378634737
179,1576062000,1579,2552,973,4131,50,1.4529037176866515,1.3901320496825056
179,1576076400,820,1523,703,2343,50,0.6921719715158773,0.2155100409627738
179,1576090800,1501,2572,1071,4073,50,1.7290211662967845,1.352029098616653
179,1576105200,610,1204,594,1814,50,0.3850617480617499,-0.13201515065508862
179,1576119600,93,143,50,236,50,-1.1476718442230691,-1.168678198619147
179,1576134000,128,334,206,462,50,-0.7081379464355106,-1.020208078948756
179,1576148400,1829,2471,642,4300,50,0.5203029473809987,1.5011561657192138
179,1576162800,1187,1761,574,2948,50,0.3287112483453963,0.6129632374255465
179,1576177200,2032,2716,684,4748,50,0.6386389967853413,1.7954686153313166
179,1576191600,841,1400,559,2241,50,0.2864483735581311,0.14850140288144684
179,1576206000,114,223,109,337,50,-0.9814378700598259,-1.10232650796999
179,1576220400,142,333,191,475,50,-0.750400821222776,-1.0116677623305477
179,1576234800,1894,2358,464,4252,50,0.018783499905451268,1.46962268897506
179,1576249200,1218,1823,605,3041,50,0.4160545229057444,0.6740593486173446
179,1576263600,1942,2707,765,4649,50,0.8668585206365735,1.7304308195464992
179,1576278000,807,1023,216,1830,50,-0.6799626965773339,-0.12150399174037066
179,1576292400,170,280,110,450,50,-0.9786203450740082,-1.0280914481347945
179,1576306800,38,170,132,208,50,-0.9166347953860191,-1.1870727267199035
179,1576321200,477,940,463,1417,50,0.015965974919633585,-0.3928232812265279
179,1576335600,1070,1525,455,2595,50,-0.0065742249669078715,0.3810607938695816
179,1576350000,1224,1532,308,2756,50,-0.4207503978821071,0.48682933044893106
179,1576364400,693,790,97,1483,50,-1.015248169889638,-0.34946475070331634
179,1576378800,159,282,123,441,50,-0.9419925202583783,-1.0340039750243233
179,1576393200,37,104,67,141,50,-1.0997739194641685,-1.231088204675285
179,1576407600,358,628,270,986,50,-0.5278163473431791,-0.6759676244917429
179,1576422000,908,1287,379,2195,50,-0.2207061238890517,0.1182818210016327
179,1576436400,900,1180,280,2080,50,-0.49964109748500224,0.0427328663020974
179,1576450800,470,519,49,989,50,-1.1504893692088867,-0.6739967821952332
179,1576465200,69,73,4,142,50,-1.2772779935706824,-1.230431257243115
179,1576479600,108,306,198,414,50,-0.7306781463220522,-1.0517415556929097
179,1576494000,1486,2407,921,3893,50,1.306392418424132,1.2337785608260758
179,1576508400,921,1637,716,2558,50,0.7287997963315072,0.35675373887929634
179,1576522800,1412,2767,1355,4179,50,2.529198262269006,1.4216655264266593
179,1576537200,596,1259,663,1855,50,0.57947097208317,-0.10508030593612386
179,1576551600,79,123,44,202,51,-1.229998712319602,-1.125193067943046
179,1576566000,133,307,174,440,51,-0.8969063374592892,-0.950481706126491
179,1576580400,1504,2347,843,3851,51,0.8172382685526277,1.5534697861267384
179,1576594800,824,1621,797,2445,51,0.6993748128328248,0.5213514049751582
179,1576609200,1524,2743,1219,4267,51,1.7806439066101474,1.8588476286296243
179,1576623600,667,1295,628,1962,51,0.26635472551441824,0.16679011187685563
179,1576638000,83,131,48,214,51,-1.2197497161700537,-1.1163840917170011
179,1576652400,134,324,190,458,51,-0.8559103528610968,-0.9372682417874239
179,1576666800,1530,2467,937,3997,51,1.0580896780670077,1.6606456635436166
179,1576681200,890,1694,804,2584,51,0.7173105560945339,0.6233887129268436
179,1576695600,1431,2708,1277,4139,51,1.9292543507785946,1.764885215551813
179,1576710000,600,1245,645,1845,51,0.30991295914999756,0.08090259367291901
179,1576724400,100,159,59,259,51,-1.1915649767587966,-1.0833504308693331
179,1576738800,98,334,236,432,51,-0.7380468971412939,-0.9563543569438542
179,1576753200,1273,2401,1128,3674,51,1.5474792442079286,1.423537386792578
179,1576767600,798,1768,970,2566,51,1.1426438963007792,0.6101752485877764
179,1576782000,1453,2641,1188,4094,51,1.7012141864511499,1.7318515547041453
179,1576796400,582,1227,645,1809,51,0.30991295914999756,0.05447566499478466
179,1576810800,105,163,58,268,51,-1.1941272257961835,-1.0767436986997996
179,1576825200,79,298,219,377,51,-0.7816051307768732,-0.9967288313132261
179,1576839600,1418,2336,918,3754,51,1.0094069463566542,1.48226389496621
179,1576854000,928,1831,903,2759,51,0.9709732107958489,0.7518529495566633
179,1576857083,135,387,252,522,51,-0.6970509125431016,-0.8902870352485183
179,1576868400,1268,2035,767,3303,51,0.6225073417112141,1.1511932051373601
179,1576882800,589,870,281,1459,51,-0.622745690458878,-0.20245280826485484
179,1576897200,107,196,89,303,51,-1.114697505637186,-1.0510508513738357
179,1576911600,22,152,130,174,51,-1.009645295104318,-1.145747345803817
179,1576926000,251,979,728,1230,51,0.5225796292531203,-0.3705574379118761
179,1576940400,645,1388,743,2033,51,0.5610133648139256,0.21890988788095395
179,1576954800,812,1433,621,2245,51,0.2484189822527091,0.37453513454107845
179,1576969200,489,589,100,1078,51,-1.0865127662259286,-0.4821378034417767
179,1576983600,100,163,63,263,51,-1.1813159806092484,-1.0804141054606515
179,1576998000,19,99,80,118,51,-1.137757746973669,-1.1868559015253592
179,1577012400,179,599,420,778,51,-0.26659307426208206,-0.7023622090928963
179,1577026800,519,1227,708,1746,51,0.47133464850537987,0.00822853980804955
179,1577041200,726,1067,341,1793,51,-0.4690107482156567,0.04273036336005828
179,1577055600,277,463,186,740,51,-0.866159349010645,-0.7302573004753714
179,1577070000,69,77,8,146,51,-1.3222396776655345,-1.1663016236645882
179,1577084400,58,252,194,310,51,-0.8456613567115487,-1.0459122819086428
179,1577098800,828,2023,1195,2851,51,1.719149929712859,0.81938843395634
179,1577113200,843,1709,866,2552,51,0.8761699964125291,0.5998981096573908
179,1577127600,1408,1978,570,3386,51,0.11774428134597102,1.2121219573675033
179,1577142000,454,716,262,1170,51,-0.6714284221692314,-0.41460231904210004
179,1577156400,84,121,37,205,52,-0.7861561133678849,-0.9823414104158602
179,1577170800,49,256,207,305,52,-0.35747206386653635,-0.882777090054243
179,1577179848,365,330,-35,695,52,-0.9677164166861032,-0.49447624064393586
179,1577185200,227,1506,1279,1733,52,2.3457591188713796,0.5390014047096509
179,1577199600,876,1638,762,2514,52,1.042055274211396,1.3165987467338813
179,1577214000,1092,1191,99,2283,52,-0.6298125188438637,1.0866051666985455
179,1577228400,328,358,30,686,52,-0.8038078095238228,-0.5034370294764814
179,1577242800,51,90,39,141,52,-0.7811127716090456,-1.0460625754472952
179,1577257200,14,57,43,71,52,-0.7710260880913667,-1.1157575997004272
179,1577271600,166,436,270,602,52,-0.19860679846309537,-0.5870710585802399
179,1577286000,251,501,250,752,52,-0.24904021605148932,-0.437724578037814
179,1577300400,261,467,206,728,52,-0.35999373474595603,-0.46162001492460214
179,1577314800,129,271,142,400,52,-0.5213806710288167,-0.7881909857107067
179,1577329200,43,75,32,118,52,-0.7987644677649834,-1.0689623691304673
179,1577343600,44,242,198,286,52,-0.38016710178131363,-0.9016943109229503
179,1577358000,478,1678,1200,2156,52,2.1465471193972236,0.9601584798392917
179,1577372400,735,1553,818,2288,52,1.183268843458899,1.0915833827166264
179,1577386800,1255,1452,197,2707,52,-0.3826887726607333,1.5087578850318026
179,1577401200,431,582,151,1013,52,-0.4986856331140394,-0.17786170189399308
179,1577415600,73,102,29,175,52,-0.8063294804032426,-1.0122107065243453
179,1577430000,52,299,247,351,52,-0.25660522868974844,-0.836977502687899
179,1577444400,701,1834,1133,2535,52,1.977595170476104,1.337507254009821
179,1577458800,887,1762,875,2649,52,1.327004083585822,1.4510105792220647
179,1577473200,1377,1784,407,3161,52,0.14686211201740323,1.9607798994735448
179,1577487600,567,670,103,1237,52,-0.6197258353261849,0.04516237571602947
