remote_unit_id,time_stamp,entries,exits,num_people_exited,sum_exit_entry,week_num,z_score_num_people_exited,z_score_sum_exit_entry
185,1546300800,0,0,0,0,1,1.3055208361472512,-1.3780393977669454
185,1546315200,90,5,-85,95,1,0.9749740712503939,-1.0153496090406846
185,1546329600,100,7,-93,107,1,0.9438637874953957,-0.9695361620436833
185,1546344000,195,3,-192,198,1,0.5588740260272914,-0.6221175223164231
185,1546358400,374,10,-364,384,1,-0.10999707470517261,0.08799090613709779
185,1546372800,276,10,-266,286,1,0.2711039012935569,-0.28615224433841324
185,1546387200,115,6,-109,121,1,0.881643219985399,-0.9160871405471818
185,1546401600,20,2,-18,22,1,1.235522697698505,-1.2940480782724428
185,1546416000,583,5,-578,588,1,-0.9421971651513777,0.8668195050861207
185,1546430400,848,13,-835,861,1,-1.941615030780699,1.9090754242679013
185,1546444800,531,18,-513,549,1,-0.6894261096420164,0.7179258023458663
185,1546459200,426,25,-401,451,1,-0.2538821370720399,0.34378265187035534
185,1546473600,124,8,-116,132,1,0.8544217216997755,-0.8740914807999305
185,1546488000,24,4,-20,28,1,1.2277451267597554,-1.2711413547739423
185,1546502400,561,6,-555,567,1,-0.8527550993557577,0.7866459728413684
185,1546516800,846,14,-832,860,1,-1.9299486743725747,1.9052576370181513
185,1546531200,533,25,-508,558,1,-0.6699821822951425,0.7522858875936174
185,1546545600,454,28,-426,482,1,-0.3511017738064096,0.4621340566126088
185,1546560000,108,7,-101,115,1,0.9127535037403973,-0.9389938640456824
185,1546574400,28,12,-16,40,1,1.2433002686372545,-1.2253279077769408
185,1546588800,603,3,-600,606,1,-1.0277504454776232,0.9355396755816228
185,1546603200,883,13,-870,896,1,-2.0777225222088163,2.0426979780091554
185,1546617600,539,23,-516,562,1,-0.7010924660501408,0.7675570365926178
185,1546632000,517,20,-497,537,1,-0.6272055421320197,0.6721123553488649
185,1546646400,181,12,-169,193,1,0.6483160918229115,-0.6412064585651737
185,1546660800,49,14,-35,63,1,1.1694133447191335,-1.1375188010326882
185,1546675200,136,14,-122,150,1,0.8310890088835267,-0.8053713103044285
185,1546689600,448,23,-425,471,1,-0.34721298833703484,0.4201383968653576
185,1546704000,495,16,-479,511,1,-0.5572074036832735,0.5728498868553621
185,1546718400,349,16,-333,365,1,0.010555274845445892,0.01545294839184565
185,1546732800,157,11,-146,168,1,0.7377581576185317,-0.7366511398089265
185,1546747200,52,22,-30,74,1,1.1888572720660073,-1.0955231412854372
185,1546761600,108,14,-94,122,1,0.9399750020260208,-0.9122693532974316
185,1546776000,369,16,-353,385,1,-0.06722043454204991,0.0918086933868479
185,1546790400,469,18,-451,487,1,-0.4483214105407794,0.48122299286135933
185,1546804800,319,20,-299,339,1,0.14277398080418877,-0.08380952010165726
185,1546819200,134,6,-128,140,1,0.807756296067278,-0.8435491828019296
185,1546833600,24,6,-18,30,1,1.235522697698505,-1.263505780274442
185,1546848000,651,5,-646,656,1,-1.2066345770688636,1.1264290380691284
185,1546862400,875,13,-862,888,1,-2.046612238453818,2.0121556800111544
185,1546876800,552,14,-538,566,1,-0.7866457463763862,0.7828281855916183
185,1546891200,484,23,-461,507,1,-0.4872092652345273,0.5575787378563616
185,1546905600,132,11,-121,143,2,0.9148927137522608,-0.9159485449121646
185,1546920000,29,1,-28,30,2,1.21686761149743,-1.2783269872390346
185,1546934400,690,8,-682,698,2,-0.9066977984524687,0.8638747780206929
185,1546948800,977,18,-959,995,2,-1.8061284078654989,1.8163207724550328
185,1546963200,543,16,-527,559,2,-0.40340630221052026,0.4181172250699412
185,1546977600,433,30,-403,463,2,-0.0007731052169615271,0.1102558935356091
185,1546992000,124,10,-114,134,2,0.9376220071309295,-0.9448105447435082
185,1547006400,41,7,-34,48,2,1.1973853600299995,-1.2206029875763473
185,1547020800,677,6,-671,683,2,-0.8709803374288466,0.8157714449684534
185,1547035200,943,10,-933,953,2,-1.721705318173301,1.6816314399087626
185,1547049600,604,16,-588,620,2,-0.6014758587960612,0.613737446149048
185,1547064000,466,19,-447,485,2,-0.1436429493114501,0.18080744867889353
185,1547078400,122,7,-115,129,2,0.9343749652196911,-0.9608449890942546
185,1547092800,22,2,-20,24,2,1.242843946787337,-1.2975683204599304
185,1547107200,777,6,-771,783,2,-1.1956845285526843,1.1364603319833828
185,1547121600,1249,10,-1239,1259,2,-2.7153001430122443,2.662939434174446
185,1547136000,571,17,-554,588,2,-0.49107643381395644,0.5111170023042707
185,1547150400,486,37,-449,523,2,-0.15013703313392687,0.3026692257445667
185,1547164800,136,11,-125,147,2,0.9019045461073073,-0.9031209894315674
185,1547179200,34,2,-32,36,2,1.2038794438524762,-1.2590856540181388
185,1547193600,644,5,-639,649,2,-0.7670749962692185,0.7067372233833775
185,1547208000,918,10,-908,928,2,-1.640529270392342,1.6014592181550302
185,1547222400,577,10,-567,587,2,-0.5332879786600554,0.5079101134341214
185,1547236800,526,45,-481,571,2,-0.2540423742935549,0.4565998915117327
185,1547251200,159,18,-141,177,2,0.8499518755274933,-0.8069143233270886
185,1547265600,45,6,-39,51,2,1.1811501504738078,-1.2109823209658994
185,1547280000,165,7,-158,172,2,0.7947521630364408,-0.8229487676778351
185,1547294400,483,15,-468,498,2,-0.21183082944745604,0.22249700399083436
185,1547308800,527,12,-515,539,2,-0.36444179927565973,0.3539794476669553
185,1547323200,403,18,-385,421,2,0.05767364918532926,-0.024433439010661192
185,1547337600,159,13,-146,172,2,0.8337166659713013,-0.8229487676778351
185,1547352000,46,7,-39,53,2,1.1811501504738078,-1.2045685432256008
185,1547366400,108,5,-103,113,2,0.9733394681545516,-1.0121552110166434
185,1547380800,327,21,-306,348,2,0.31418996017316103,-0.25853632653155956
185,1547395200,430,13,-417,443,2,-0.04623169197429881,0.046118116132623246
185,1547409600,303,17,-286,320,2,0.37913079839792857,-0.34832921489573976
185,1547424000,120,9,-111,129,2,0.9473631328646446,-0.9608449890942546
185,1547438400,25,5,-20,30,2,1.242843946787337,-1.2783269872390346
185,1547452800,610,10,-600,620,2,-0.6404403617309218,0.613737446149048
185,1547467200,904,10,-894,914,2,-1.5950706836350046,1.5565627739729402
185,1547481600,474,22,-452,496,2,-0.159878158867642,0.21608322625053575
185,1547496000,450,21,-429,471,2,-0.08519619490915933,0.13591100449680343
185,1547510400,106,15,-91,121,3,0.9799791711550939,-0.9596606812128381
185,1547524800,28,6,-22,34,3,1.236433897361294,-1.2776331267289527
185,1547539200,676,6,-670,682,3,-1.1720104878795432,1.0907133640117623
185,1547553600,931,16,-915,947,3,-2.0826106026696745,2.059250123342456
185,1547568000,553,18,-535,571,3,-0.6702512409543687,0.6850243818015472
185,1547582400,490,24,-466,514,3,-0.4137965147481685,0.4766976071530584
185,1547596800,117,12,-105,129,3,0.9279448788813721,-0.930421835648138
185,1547611200,31,6,-25,37,3,1.2252836918740682,-1.26666855964219
185,1547625600,660,6,-654,666,3,-1.112542725281004,1.0322356728823618
185,1547640000,863,13,-850,876,3,-1.8410228171131091,1.7997553689557417
185,1547654400,548,15,-533,563,3,-0.6628177706295514,0.655785536236847
185,1547668800,471,30,-441,501,3,-0.320878135687951,0.4291844831104206
185,1547683200,126,17,-109,143,3,0.9130779382317373,-0.8792538559099126
185,1547697600,24,6,-18,30,3,1.251300838010929,-1.2922525495113026
185,1547712000,650,10,-640,660,3,-1.0605084330072823,1.0103065387088368
185,1547726400,957,12,-945,969,3,-2.1941126575419356,2.1396569486453814
185,1547740800,543,28,-515,571,3,-0.5959165377061948,0.6850243818015472
185,1547755200,534,28,-506,562,3,-0.5624659212445164,0.6521306805412596
185,1547769600,134,8,-126,142,3,0.8498934404707894,-0.8829087116055001
185,1547784000,35,5,-30,40,3,1.2067000160620245,-1.2557039925554274
185,1547798400,658,8,-650,666,3,-1.0976757846313692,1.0322356728823618
185,1547812800,852,12,-840,864,3,-1.8038554654890222,1.7558971006086914
185,1547827200,607,16,-591,623,3,-0.8783884100492559,0.8750768779720984
185,1547841600,506,32,-474,538,3,-0.4435303960474381,0.5644141438471589
185,1547856000,173,11,-162,184,3,0.7160909746240762,-0.7294047723908241
185,1547870400,53,5,-48,58,3,1.139798783138668,-1.189916590034852
185,1547884800,162,6,-156,168,3,0.7383913855985283,-0.7878824635202245
185,1547899200,466,16,-450,482,3,-0.3543287521496293,0.35974222489425767
185,1547913600,546,14,-532,560,3,-0.6591010354671427,0.6448209691500845
185,1547928000,333,34,-299,367,3,0.20689825737408435,-0.060566180098307464
185,1547942400,122,18,-104,140,3,0.9316616140437808,-0.8902184229966752
185,1547956800,37,4,-33,41,3,1.1955498105747984,-1.2520491368598399
185,1547971200,111,2,-109,113,3,0.9130779382317373,-0.9888995267775383
185,1547985600,323,17,-306,340,3,0.18088111123722345,-0.1592472838791706
185,1548000000,384,22,-362,406,3,-0.02725605785766373,0.08197319202960593
185,1548014400,269,22,-247,291,3,0.40016848581933673,-0.3383352129629592
185,1548028800,108,13,-95,121,3,0.9651122305054591,-0.9596606812128381
185,1548043200,32,6,-26,38,3,1.2215669567116594,-1.2630137039466025
185,1548057600,270,5,-265,275,3,0.33326725289598014,-0.3968129040923596
185,1548072000,403,15,-388,418,3,-0.12389117208028992,0.1258314603766562
185,1548086400,345,21,-324,366,3,0.11397987831386686,-0.06422103579389499
185,1548100800,266,27,-239,293,3,0.42990236711860635,-0.3310255015717842
185,1548115200,76,17,-59,93,4,1.1311029076935544,-1.0846325341908045
185,1548129600,20,4,-16,24,4,1.2894470382451428,-1.334369048931152
185,1548144000,535,8,-527,543,4,-0.5922704201702469,0.5440838662897222
185,1548158400,909,14,-895,923,4,-1.9474015839605865,1.9194443822510556
185,1548172800,525,20,-505,545,4,-0.5112571440740853,0.5513226058474134
185,1548187200,457,21,-436,478,4,-0.2571700508633966,0.3088248306647572
185,1548201600,120,14,-106,134,4,0.9580290905790273,-0.9362383732581344
185,1548216000,22,3,-19,25,4,1.278399773322939,-1.3307496791523064
185,1548230400,564,7,-557,571,4,-0.7027430693922854,0.6454262200973994
185,1548244800,980,13,-967,993,4,-2.212535942093479,2.1728002667702486
185,1548259200,552,14,-538,566,4,-0.6327770582183276,0.6273293712031713
185,1548273600,459,21,-438,480,4,-0.26453489414486586,0.3160635702224484
185,1548288000,113,10,-103,123,4,0.9690763555012312,-0.9760514408254362
185,1548302400,31,4,-27,35,4,1.248940400197062,-1.2945559813638503
185,1548316800,582,10,-572,592,4,-0.7579793940033047,0.7214329854531573
185,1548331200,919,15,-904,934,4,-1.980543378727198,1.9592574498183575
185,1548345600,509,11,-498,520,4,-0.4854801925889429,0.46083836137627304
185,1548360000,442,29,-413,471,4,-0.17247435312650042,0.2834892422128379
185,1548374400,131,36,-95,167,4,0.9985357286271082,-0.8167991705562291
185,1548388800,29,3,-26,32,4,1.2526228218377968,-1.305414090700387
185,1548403200,549,8,-541,557,4,-0.6438243231405315,0.5947550431935608
185,1548417600,849,10,-839,859,4,-1.7411859720794476,1.6878047164049366
185,1548432000,540,22,-518,562,4,-0.5591286254036353,0.6128518920877889
185,1548446400,506,38,-468,544,4,-0.3750075433669044,0.5477032360685677
185,1548460800,151,14,-137,165,4,0.8438740197162542,-0.8240379101139204
185,1548475200,32,7,-25,39,4,1.2563052434785313,-1.2800785022484678
185,1548489600,176,5,-171,181,4,0.7186716839312771,-0.7661279936523905
185,1548504000,458,15,-443,473,4,-0.2829470023485389,0.2907279817705291
185,1548518400,536,15,-521,551,4,-0.5701758903258392,0.573038824520487
185,1548532800,394,18,-376,412,4,-0.03622475241931954,0.06994642526094659
185,1548547200,190,10,-180,200,4,0.6855298891646656,-0.6973599678543237
185,1548561600,42,3,-39,45,4,1.2047513405082468,-1.258362283575394
185,1548576000,154,5,-149,159,4,0.7996849600274387,-0.845754128786994
185,1548590400,375,13,-362,388,4,0.01532915055096511,-0.01691844943134817
185,1548604800,419,20,-399,439,4,-0.12092045015621576,0.1676694092897782
185,1548619200,319,13,-306,332,4,0.22154476243210372,-0.2196031570467026
185,1548633600,107,13,-94,120,4,1.0022181502678427,-0.986909550161973
185,1548648000,28,6,-22,34,4,1.2673525084007353,-1.2981753511426959
185,1548661320,503,3,-500,506,4,-0.4928450358704122,0.4101671844724344
185,1548662400,119,1,-118,120,4,0.9138400308902119,-0.986909550161973
185,1548676800,888,13,-875,901,4,-1.873753151145894,1.8398182471164524
185,1548691200,542,16,-526,558,4,-0.5885879985295123,0.5983744129724063
185,1548705600,463,28,-435,491,4,-0.253487629222662,0.3558766377897502
185,1548720000,115,15,-100,130,5,0.9905092523978849,-0.9755237974176165
185,1548734400,21,4,-17,25,5,1.3052403848251046,-1.35878080825162
185,1548748800,647,78,-569,725,5,-0.7879112428836333,1.1962659306417365
185,1548763200,690,47,-643,737,5,-1.0685149031199497,1.2400667318799083
185,1548777600,567,12,-555,579,5,-0.7348240639200059,0.6633561822439792
185,1548792000,446,41,-405,487,5,-0.16603286073828366,0.32755003941799526
185,1548806400,123,19,-104,142,5,0.9753414869797057,-0.9317229961794447
185,1548820800,19,3,-16,22,5,1.3090323261796495,-1.369731008561163
185,1548835200,657,6,-651,663,5,-1.098850433956308,0.969961790911182
185,1548849600,933,14,-919,947,5,-2.1150907169743185,2.0065807535479148
185,1548864000,553,18,-535,571,5,-0.6589852368291096,0.634155648085198
185,1548878400,420,38,-382,458,5,-0.07881820958375291,0.22169810309241333
185,1548892800,94,15,-79,109,5,1.070140020843326,-1.0521751995844173
185,1548907200,26,5,-21,31,5,1.2900726194069254,-1.336880407632534
185,1548921600,579,12,-567,591,5,-0.7803273601745437,0.7071569834821511
185,1548936000,841,20,-821,861,5,-1.7434804642289268,1.6926750113410172
185,1548950400,428,20,-408,448,5,-0.1774086848019181,0.18519743539393682
185,1548964800,380,31,-349,411,5,0.04631585511622599,0.05014496490957371
185,1548979200,113,11,-102,124,5,0.9829253696887953,-0.9974241980367025
185,1548993600,29,8,-21,37,5,1.2900726194069254,-1.314980007013448
185,1549008000,571,6,-565,577,5,-0.7727434774654541,0.6560560487042839
185,1549022400,874,16,-858,890,5,-1.883782294347085,1.798526947666599
185,1549036800,547,26,-521,573,5,-0.6058980578654822,0.6414557816248934
185,1549051200,459,44,-415,503,5,-0.2039522742837318,0.3859511077355577
185,1549065600,152,19,-133,171,5,0.865375187697906,-0.8258710598538628
185,1549080000,52,5,-47,57,5,1.1914821441887602,-1.2419786716164951
185,1549094400,161,7,-154,168,5,0.785744419252465,-0.8368212601634057
185,1549108800,460,23,-437,483,5,-0.28737498408371775,0.31294977233860466
185,1549123200,475,16,-459,491,5,-0.37079769388370365,0.34215030649738587
185,1549137600,370,17,-353,387,5,0.031148089698046725,-0.037456637566769944
185,1549152000,169,15,-154,184,5,0.785744419252465,-0.7784201918458433
185,1549166400,40,11,-29,51,5,1.2597370885705668,-1.263879072235581
185,1549180800,102,3,-99,105,5,0.9943011937524298,-1.0667754666638078
185,1549195200,330,14,-316,344,5,0.1714499198162049,-0.19440950867021897
185,1549209600,421,22,-399,443,5,-0.14328121261101476,0.16694710154469858
185,1549224000,322,11,-311,333,5,0.19040962658892896,-0.23456024313854315
185,1549238400,117,13,-104,130,5,0.9753414869797057,-0.9755237974176165
185,1549252800,30,3,-27,33,5,1.2673209712796565,-1.3295802740928386
185,1549267200,702,6,-696,708,5,-1.2694877949108248,1.1342147955543262
185,1549281600,871,10,-861,881,5,-1.8951581184107194,1.7656763467379701
185,1549296000,545,24,-521,569,5,-0.6058980578654822,0.6268555145455027
185,1549310400,477,29,-448,506,5,-0.3290863389837107,0.39690130804510065
185,1549324800,117,19,-98,136,6,1.0174801351633334,-0.9769796921734505
185,1549339200,28,3,-25,31,6,1.2716015178947424,-1.3376427126392898
185,1549353600,600,6,-594,606,6,-0.7091528214774747,0.6374166851498302
185,1549368000,874,14,-860,888,6,-1.635129366772747,1.6060545115437985
185,1549382400,511,14,-497,525,6,-0.3714846827795748,0.3591909265047542
185,1549396800,422,36,-386,458,6,0.014919063565444741,0.12905357058845673
185,1549411200,148,17,-131,165,6,0.9026033457094086,-0.8773680008066949
185,1549425600,28,9,-19,37,6,1.2924882068863652,-1.3170333971840988
185,1549440000,728,4,-724,732,6,-1.1616977496292995,1.0702123097088374
185,1549454400,968,13,-955,981,6,-1.9658352758067728,1.9254989010992563
185,1549468800,573,11,-562,584,6,-0.5977571468554871,0.5618491951474639
185,1549483200,461,18,-443,479,6,-0.1835044818549707,0.20118617468162459
185,1549497600,115,18,-97,133,6,1.0209612499952703,-0.9872843499010459
185,1549512000,19,4,-15,23,6,1.3064126662141136,-1.3651217999128775
185,1549526400,705,6,-699,711,6,-1.0746698788308715,0.9980797056156695
185,1549540800,987,13,-974,1000,6,-2.031976457613578,1.990761733374027
185,1549555200,538,17,-521,555,6,-0.4550314387460655,0.46223750378070827
185,1549569600,481,47,-434,528,6,-0.15217444836753669,0.36949558423234957
185,1549584000,141,15,-126,156,6,0.920008919869094,-0.9082819739894811
185,1549598400,23,7,-16,30,6,1.3029315513821764,-1.3410775985484882
185,1549612800,644,5,-639,649,6,-0.8658029889146448,0.7851167792453644
185,1549627200,934,23,-911,957,6,-1.8126662232015398,1.843061639278493
185,1549641600,599,21,-578,620,6,-0.653454984166481,0.6855050878786088
185,1549656000,562,21,-541,583,6,-0.5246537353848078,0.5584143092382654
185,1549670400,198,7,-191,205,6,0.6937364557931818,-0.739972564438756
185,1549684800,37,7,-30,44,6,1.254195943735057,-1.2929891958197097
185,1549699200,182,5,-177,187,6,0.7424720634403014,-0.8018005108043285
185,1549713600,518,15,-503,533,6,-0.39237137177119746,0.3866700137783419
185,1549728000,494,22,-472,516,6,-0.284456811981147,0.32827695332196793
185,1549742400,423,27,-396,450,6,-0.019892084753926387,0.10157448331486897
185,1549756800,139,25,-114,164,6,0.9617822978523395,-0.8808028867158934
185,1549771200,49,4,-45,53,6,1.2019792212560003,-1.2620752226369234
185,1549785600,117,4,-113,121,6,0.9652634126842766,-1.0285029808114274
185,1549800000,356,24,-332,380,6,0.20289926449004883,-0.13886753032902388
185,1549814400,421,21,-400,442,6,-0.03381654408167484,0.07409539604128121
185,1549828800,310,15,-295,325,6,0.331700513271722,-0.3277862553349397
185,1549843200,100,9,-91,109,6,1.041847938986893,-1.0697216117218091
185,1549857600,31,4,-27,35,6,1.2646392882308684,-1.3239031690024958
185,1549872000,655,6,-649,661,6,-0.900614137234016,0.8263354101557461
185,1549886400,862,12,-850,874,6,-1.6003182184533757,1.55796610881502
185,1549900800,484,37,-447,521,6,-0.19742894118271914,0.3454513828679603
185,1549915200,443,28,-415,471,6,-0.08603326656073153,0.17370708740803684
185,1549929600,109,16,-93,125,7,1.0062311920858127,-0.971625945231707
185,1549944000,18,4,-14,22,7,1.2949689846431705,-1.3410128719451584
185,1549958400,632,7,-625,639,7,-0.9381802717181655,0.8717224074936721
185,1549972800,835,12,-823,847,7,-1.661852207494834,1.6176688226043314
185,1549987200,475,19,-456,494,7,-0.320500690171413,0.35171168542133757
185,1550001600,367,35,-332,402,7,0.13270799688064203,0.02177384796854597
185,1550016000,97,17,-80,114,7,1.0537450060509475,-1.011075034492367
185,1550030400,25,4,-21,29,7,1.2693846232773285,-1.3159089060520113
185,1550044800,698,6,-692,704,7,-1.1830591590769373,1.104830662215753
185,1550059200,934,16,-918,950,7,-2.009068540316973,1.9870557493177827
185,1550073600,584,15,-569,599,7,-0.733505380791431,0.7282711738185453
185,1550088000,492,26,-466,518,7,-0.35704977783690134,0.4377824256264136
185,1550102400,123,9,-114,132,7,0.9294781079882872,-0.9465219793385597
185,1550116800,26,6,-20,32,7,1.2730395320438774,-1.3051500635263766
185,1550131200,665,7,-658,672,7,-1.058792261014277,0.9900696752756517
185,1550145600,1010,9,-1001,1019,7,-2.3124259679405257,2.2345091274073763
185,1550160000,622,14,-608,636,7,-0.8760468226868354,0.8609635649680376
185,1550174400,517,28,-489,545,7,-0.44111267946752447,0.5346120083571242
185,1550188800,141,9,-132,150,7,0.8636897501904083,-0.8819689241847527
185,1550203200,59,4,-55,63,7,1.1451177252146683,-1.1939753574281535
185,1550217600,655,11,-644,666,7,-1.0076235382825933,0.9685519902243827
185,1550232000,955,15,-940,970,7,-2.089476533181047,2.0587813661553462
185,1550246400,621,20,-601,641,7,-0.8504624613209936,0.8788949691774285
185,1550260800,509,41,-468,550,7,-0.364359595369999,0.5525434125665151
185,1550275200,164,11,-153,175,7,0.7869366660928828,-0.7923119031377985
185,1550289600,49,2,-47,51,7,1.174356995347059,-1.2370107275306914
185,1550304000,160,6,-154,166,7,0.783281757326334,-0.824588430714702
185,1550318400,433,16,-417,449,7,-0.17795924827600862,0.19032904753681992
185,1550332800,505,21,-484,526,7,-0.42283813563478034,0.46647267236143897
185,1550347200,364,16,-348,380,7,0.07422945661586074,-0.05712433055277376
185,1550361600,163,8,-155,171,7,0.7796268485597851,-0.8066570265053111
185,1550376000,53,6,-47,59,7,1.174356995347059,-1.2083204807956662
185,1550390400,126,5,-121,131,7,0.9038937466224455,-0.9501082601804379
185,1550404800,335,17,-318,352,7,0.18387671961232568,-0.1575401941253625
185,1550419200,439,16,-423,455,7,-0.1998887008753016,0.21184673258808895
185,1550433600,314,21,-293,335,7,0.27524943877604646,-0.21850696843729137
185,1550448000,132,18,-114,150,7,0.9294781079882872,-0.8819689241847527
185,1550462400,30,3,-27,33,7,1.2474551706780357,-1.3015637826844986
185,1550476800,285,7,-278,292,7,0.33007307027427896,-0.37271704463805266
185,1550491200,486,14,-472,500,7,-0.37897923043619436,0.37322937047260657
185,1550505600,454,18,-436,472,7,-0.2474025148404364,0.2728135069000178
185,1550520000,388,25,-363,413,7,0.01940582511762827,0.06122293722920583
185,1550534400,105,14,-91,119,8,1.051803525257699,-1.054861661366197
185,1550548800,21,3,-18,24,8,1.2949116751589507,-1.3696633089990413
185,1550563200,530,6,-524,536,8,-0.3901941310058905,0.3269518866642873
185,1550577600,934,9,-925,943,8,-1.7256238311483834,1.6756284191544724
185,1550592000,492,15,-477,507,8,-0.23367244545302976,0.2308545415974191
185,1550606400,437,28,-409,465,8,-0.007215538695699317,0.0916790763281617
185,1550620800,121,15,-106,136,8,1.001849795825935,-0.9985287349476881
185,1550635200,26,5,-21,31,8,1.2849209292725978,-1.3464673981208317
185,1550649600,544,7,-537,551,8,-0.433487363180086,0.3766574099747364
185,1550664000,911,14,-897,925,8,-1.6323768695424237,1.6159817911819334
185,1550678400,478,19,-459,497,8,-0.17372797013491287,0.19771752605711973
185,1550692800,369,40,-329,409,8,0.25920435160704236,-0.09388821069751487
185,1550707200,86,20,-66,106,8,1.1350597409773056,-1.0979397815685863
185,1550721600,25,5,-20,30,8,1.288251177901382,-1.3497810996748616
185,1550736000,542,5,-537,547,8,-0.433487363180086,0.36340260375861666
185,1550750400,979,18,-961,997,8,-1.845512781784617,1.8545683030720892
185,1550764800,518,23,-495,541,8,-0.29361692077114665,0.34352039443443705
185,1550779200,399,27,-372,426,8,0.11600366056931871,-0.03755528427900591
185,1550793600,138,13,-125,151,8,0.9385750718790337,-0.948823211637239
185,1550808000,28,11,-17,39,8,1.298241923787735,-1.3199577856885922
185,1550822400,543,11,-532,554,8,-0.41683612003616466,0.38659851463682626
185,1550836800,930,10,-920,940,8,-1.708972588004462,1.6656873144923825
185,1550851200,527,14,-513,541,8,-0.3535613960892635,0.34352039443443705
185,1550865600,447,34,-413,481,8,-0.0205365332108364,0.1446983011926407
185,1551499200,38,5,-33,43,9,1.2827067059690216,-1.3551908497840397
185,1551513600,185,11,-174,196,9,0.5869275762546643,-0.617928477835015
185,1551528000,546,21,-525,567,9,-1.1451183423959697,1.169812306433535
185,1551542400,542,17,-525,559,9,-1.1451183423959697,1.1312626399263965
185,1551556800,425,23,-402,448,9,-0.5381620803047219,0.5963860171398492
185,1551571200,135,13,-122,148,9,0.8435269716103138,-0.8492264768778464
185,1551585600,58,15,-43,73,9,1.2333606684006275,-1.21062960038227
185,1551600000,117,4,-113,121,9,0.8879384054218685,-0.9793316013394389
185,1551614400,381,20,-361,401,9,-0.33584332627430596,0.3699067264104103
185,1551628800,472,17,-455,489,9,-0.7996960794172108,0.7939530579889343
185,1551643200,281,32,-249,313,9,0.21683229449170832,-0.05413960516811376
185,1551657600,80,19,-61,99,9,1.144537800777518,-1.08534318423407
185,1551672000,27,11,-16,38,9,1.3665949698352915,-1.3792843913510013
185,1551686400,453,7,-446,460,9,-0.7552846456056561,0.6542105169005571
185,1551700800,723,15,-708,738,9,-2.0481508298975823,1.9938114280236217
185,1551715200,367,13,-354,380,9,-0.30130109997643006,0.26871385182917157
185,1551729600,416,23,-393,439,9,-0.4937506464931672,0.5530176423193184
185,1551744000,112,16,-96,128,10,1.00660829756859,-0.9915656732989467
185,1551758400,20,12,-8,32,10,1.3020676581001582,-1.310080076959029
185,1551772800,727,8,-719,735,10,-1.0851096752855813,1.0223743581767821
185,1551787200,988,23,-965,1011,10,-1.9110528876806472,1.9381032686995188
185,1551801600,554,19,-535,573,10,-0.4673310123559385,0.4848813020003933
185,1551816000,457,32,-425,489,10,-0.09800681169147807,0.20618119879782124
185,1551830400,121,14,-107,135,10,0.9696758775021439,-0.9683406646987324
185,1551844800,22,3,-19,25,10,1.2651352380337122,-1.3333050855592434
185,1551859200,696,7,-689,703,10,-0.9843848932861831,0.9162028902900882
185,1551873600,904,14,-890,918,10,-1.6592409326821518,1.629542440153814
185,1551888000,549,12,-537,561,10,-0.47404599782256507,0.445067001542883
185,1551902400,447,35,-412,482,10,-0.054359406158405475,0.1829561901976069
185,1551916800,139,11,-128,150,10,0.899168530102565,-0.9185727891268445
185,1551931200,21,7,-14,28,10,1.2819227017002786,-1.3233515104448659
185,1551945600,714,6,-708,720,10,-1.0481772552191353,0.9726064826048944
185,1551960000,949,12,-937,961,10,-1.8170430911478754,1.7722103501265591
185,1551974400,514,21,-493,535,10,-0.32631631755678087,0.358802683884944
185,1551988800,472,29,-443,501,10,-0.15844168089111704,0.24599549925533154
185,1552003200,147,11,-136,158,10,0.8723085882360588,-0.892029922155171
185,1552017600,29,10,-19,39,10,1.2651352380337122,-1.2868550683588147
185,1552032000,682,3,-679,685,10,-0.9508099659530503,0.8564814396038227
185,1552046400,910,11,-899,921,10,-1.6894583672819712,1.6394960152681917
185,1552060800,610,28,-582,638,10,-0.6251331708216625,0.7005420961452407
185,1552075200,491,44,-447,535,10,-0.17187165182437017,0.358802683884944
185,1552089600,156,17,-139,173,10,0.862236110036119,-0.8422620465832832
185,1552104000,39,9,-30,48,10,1.2282028179672662,-1.256994343015682
185,1552118400,192,4,-188,196,10,0.6977189661037685,-0.7659513040397218
185,1552132800,522,23,-499,545,10,-0.34646127395666054,0.39198126759953594
185,1552147200,602,20,-582,622,10,-0.6251331708216625,0.6474563622018936
185,1552161600,435,24,-411,459,10,-0.0510019134250922,0.1066454476540455
185,1552176000,170,9,-161,179,10,0.7883712699032269,-0.822354896354528
185,1552194000,39,7,-32,46,10,1.2214878325006395,-1.2636300597586003
185,1552208400,159,10,-149,169,10,0.8286611827029863,-0.8555334800691199
185,1552222800,332,18,-314,350,10,0.2746748817062956,-0.2550011148350063
185,1552237200,420,14,-406,434,10,-0.03421444975852582,0.023698988367565732
185,1552251600,229,20,-209,249,10,0.6272116187041896,-0.5901048103523846
185,1552266000,91,11,-80,102,10,1.0603281813016023,-1.0778299909568856
185,1552280400,39,7,-32,46,10,1.2214878325006395,-1.2636300597586003
185,1552294800,1025,9,-1016,1034,10,-2.0822850170796245,2.01441401124308
185,1552309200,584,13,-571,597,10,-0.5882007507552165,0.5645099029154139
185,1552323600,596,20,-576,616,10,-0.6049882144217829,0.6275492119731385
185,1552338000,371,29,-342,400,10,0.1806650851735239,-0.08910819626204676
185,1552352400,82,7,-75,89,11,0.9931059561513632,-1.027577401695654
185,1552366800,33,5,-28,38,11,1.1412195518041124,-1.1860791675332296
185,1552381200,1140,7,-1133,1147,11,-2.341025622584989,2.2605572699936567
185,1552395600,688,15,-673,703,11,-0.8914031970474446,0.8806595438782937
185,1552410000,637,20,-617,657,11,-0.7149274235037435,0.7376971668483236
185,1552424400,366,26,-340,392,11,0.1579973849177778,-0.08589043995476457
185,1552438800,87,20,-67,107,11,1.0183167809433205,-0.9716356019882745
185,1552453200,33,15,-18,48,11,1.172733082794059,-1.1550003899180188
185,1552467600,1072,23,-1049,1095,11,-2.0763119622694375,2.09894762639456
185,1552482000,668,10,-658,678,11,-0.8441329005625247,0.8029625998402665
185,1552496400,569,23,-546,592,11,-0.49118135347512254,0.5356851123494529
185,1552510800,352,24,-328,376,11,0.19581362210571374,-0.13561648413910196
185,1552525200,84,14,-70,98,11,1.0088627216463364,-0.9996065018419643
185,1552539600,28,2,-26,30,11,1.1475222580021016,-1.2109421896253982
185,1552551807,792,9,-783,801,11,-1.2380520379368574,1.1852315645073603
185,1552552994,141,1,-140,142,11,0.7882680047167102,-0.8628598803350365
185,1552554000,111,1,-110,112,11,0.8828085976865501,-0.9560962131806691
185,1552568400,654,10,-644,664,11,-0.8000139571765994,0.7594523111789713
185,1552582800,592,16,-576,608,11,-0.5857219464449624,0.5854111565337904
185,1552597200,395,33,-362,428,11,0.08866761673989523,0.025993159459994582
185,1552611600,99,10,-89,109,11,0.948987012765438,-0.9654198464652324
185,1552626000,28,7,-21,35,11,1.163279023497075,-1.1954028008177928
185,1552640400,1077,5,-1072,1082,11,-2.1487930835463147,2.058545215494786
185,1552654800,669,17,-652,686,11,-0.8252247819685568,0.8278256219324351
185,1552669200,588,18,-570,606,11,-0.5668138278509944,0.5791954010107482
185,1552683600,427,32,-395,459,11,-0.015327035526928615,0.1223373700671483
185,1552698000,112,16,-96,128,11,0.9269275410724753,-0.9063701689963317
185,1552712400,29,2,-27,31,11,1.144370904903107,-1.2078343118638772
185,1552726800,281,7,-274,288,11,0.3659866894514255,-0.4091097271529577
185,1552741200,535,11,-524,546,11,-0.42185158529724,0.39272273531948293
185,1552755600,584,26,-558,610,11,-0.5289975906630585,0.5916269120568325
185,1552770000,431,25,-406,456,11,-0.04999191961586989,0.11301373678258504
185,1552784400,130,17,-113,147,11,0.873354538389566,-0.847320491527431
185,1552798800,28,6,-22,34,11,1.1601276703980803,-1.1985106785793138
185,1552813200,189,8,-181,197,11,0.659062527657929,-0.6919266034513767
185,1552827600,422,25,-397,447,11,-0.02162974172491794,0.08504283692889525
185,1552842000,517,29,-488,546,11,-0.30840287373343217,0.39272273531948293
185,1552856400,297,12,-285,309,11,0.3313218053624842,-0.34384429416101486
185,1552870800,91,18,-73,109,11,0.9994086623493526,-0.9654198464652324
185,1552885200,37,3,-34,40,11,1.1223114332101443,-1.1798634120101874
185,1552899600,1064,15,-1049,1079,11,-2.0763119622694375,2.0492215822102224
185,1552914000,631,18,-613,649,11,-0.7023220111077649,0.7128341447561549
185,1552928400,625,16,-609,641,11,-0.6897165987117863,0.6879711226639862
185,1552942800,400,25,-375,425,11,0.047700026452964624,0.01666952617543132
185,1552957200,74,12,-62,86,12,1.0509366811643757,-1.0541962169489885
185,1552971600,27,3,-24,30,12,1.167813201486189,-1.2234779471506694
185,1552986000,1107,14,-1093,1121,12,-2.120107857040613,2.0744929037427933
185,1553000400,666,16,-650,682,12,-0.7575736859205258,0.7474450544831873
185,1553014800,619,21,-598,640,12,-0.5976373949538338,0.6204837568319266
185,1553029200,392,21,-371,413,12,0.10054602907384073,-0.06571182809274435
185,1553043600,95,9,-86,104,12,0.9771199314874409,-0.9997842322413052
185,1553058000,37,2,-35,39,12,1.1339805245509271,-1.1962719547968277
185,1553072400,1055,12,-1043,1067,12,-1.9663229618803324,1.9112569496197438
185,1553086800,669,15,-654,684,12,-0.7698764775333482,0.7534908305618188
185,1553101200,621,23,-598,644,12,-0.5976373949538338,0.6325753089891895
185,1553115600,387,24,-363,411,12,0.12515161229948565,-0.0717576041713758
185,1553130000,77,6,-71,83,12,1.0232554000355252,-1.0632648810669356
185,1553144400,32,5,-27,37,12,1.1585861077765722,-1.2023177308754591
185,1553158800,1067,14,-1053,1081,12,-1.9970799409123887,1.953577382170164
185,1553173200,662,17,-645,679,12,-0.7421951964044977,0.73837639036524
185,1553187600,579,19,-560,598,12,-0.48076087463202044,0.4935224591806659
185,1553202000,367,37,-330,404,12,0.22664964310527091,-0.09291782044658593
185,1553216400,88,17,-71,105,12,1.0232554000355252,-0.9967613442019895
185,1553230800,33,5,-28,38,12,1.1555104098733666,-1.1992948428361434
185,1553245200,1027,15,-1012,1042,12,-1.8709763268809585,1.8356847486368506
185,1553259600,643,14,-629,657,12,-0.6929840299532078,0.671872853500294
185,1553274000,636,27,-609,663,12,-0.6314700718890955,0.6900101817361883
185,1553288400,449,50,-399,499,12,0.01442648778408352,0.19425654328840852
185,1553302800,136,16,-120,152,12,0.87254620277845,-0.8546856063541501
185,1553317200,40,15,-25,55,12,1.1647375035829834,-1.147905746167776
185,1553331600,279,11,-268,290,12,0.41734291310401905,-0.43752705692857924
185,1553346000,535,14,-521,549,12,-0.36080865640700144,0.34540094525419507
185,1553360400,578,19,-559,597,12,-0.47768517672881483,0.4904995711413501
185,1553374800,343,20,-323,363,12,0.24817952842771024,-0.21685623005853089
185,1553389200,114,7,-107,121,12,0.912530275520123,-0.9483951355729378
185,1553403600,33,8,-25,41,12,1.1647375035829834,-1.1902261787181962
185,1553418000,178,9,-169,187,12,0.7218370055213749,-0.7488845249780995
185,1553432400,410,13,-397,423,12,0.02057788359049475,-0.03548294769958704
185,1553446800,478,16,-462,494,12,-0.1793424801178702,0.17914210309182985
185,1553461200,280,11,-269,291,12,0.41426721520081344,-0.4345041688892635
185,1553475600,78,5,-73,83,12,1.017104004229114,-1.0632648810669356
185,1553490000,41,4,-37,45,12,1.127829128744516,-1.1781346265609334
185,1553504400,1104,14,-1090,1118,12,-2.1108807633309965,2.0654242396248463
185,1553518800,621,11,-610,632,12,-0.6345457697923012,0.5963006525174007
185,1553533200,575,21,-554,596,12,-0.4623066872127867,0.4874766831020344
185,1553547600,375,40,-335,415,12,0.21127115358924287,-0.05966605201411289
185,1553562000,75,16,-59,91,13,1.0639349677411218,-1.0474401866026541
185,1553576400,26,3,-23,29,13,1.1736893288808214,-1.2327472214496757
185,1553590800,1131,11,-1120,1142,13,-2.170769953626134,2.0938129363686317
185,1553605200,656,20,-636,676,13,-0.6951835427479514,0.7010213518732757
185,1553619600,622,42,-580,664,13,-0.524454536530641,0.665155474160949
185,1553634000,399,37,-362,436,13,0.14016909481531736,-0.016296202373259613
185,1553648400,94,14,-80,108,13,0.9999115904096304,-0.9966301931768579
185,1553662800,39,4,-35,43,13,1.137104541834255,-1.1909036974519613
185,1553677200,1050,11,-1039,1061,13,-1.9238226410618102,1.8517182618104262
185,1553691600,693,12,-681,705,13,-0.8323764941725758,0.7876972230113988
185,1553706000,569,43,-526,612,13,-0.35982299482109165,0.5097366707408663
185,1553720400,397,34,-363,431,13,0.1371203625614368,-0.031240318086729103
185,1553734800,86,11,-75,97,13,1.0151552516790332,-1.0295072477464908
185,1553749200,27,3,-24,30,13,1.1706405966269409,-1.229758398306982
185,1553763600,1092,11,-1081,1103,13,-2.051869395724793,1.9772488338035699
185,1553778000,681,14,-667,695,13,-0.7896942426182482,0.7578089915844598
185,1553792400,612,28,-584,640,13,-0.5366494655461631,0.5934237187362954
185,1553806800,413,32,-381,445,13,0.08224318199158703,0.01060320591098546
185,1553821200,103,7,-96,110,13,0.9511318743475418,-0.9906525468914701
185,1553835600,25,4,-21,29,13,1.1797867933885824,-1.2327472214496757
185,1553850000,1008,10,-998,1018,13,-1.798824618652708,1.7231988666745885
185,1553864400,694,14,-680,708,13,-0.8293277619186953,0.7966636924394804
185,1553878800,661,31,-630,692,13,-0.6768911492246681,0.748842522156378
185,1553893200,429,23,-406,452,13,0.00602487564457347,0.031524967909842744
185,1553907600,148,8,-140,156,13,0.8169876551767978,-0.8531666823275509
185,1553922000,30,5,-25,35,13,1.1675918643730603,-1.2148142825935124
185,1553936400,267,6,-261,273,13,0.44809105245725217,-0.5034743746323649
185,1553950800,549,21,-528,570,13,-0.36592045932885275,0.3842060987477226
185,1553965200,591,39,-552,630,13,-0.43909003342198577,0.5635354873093564
185,1553979600,409,25,-384,434,13,0.07309698522994541,-0.02227384865864741
185,1553994000,135,13,-122,148,13,0.8718648357466476,-0.877077267469102
185,1554008400,32,6,-26,38,13,1.1645431321191797,-1.2058478131654307
185,1554022800,173,5,-168,178,13,0.7316231520681427,-0.7874125731882851
185,1554037200,431,21,-410,452,13,-0.0061700533709487014,0.031524967909842744
185,1554051600,418,18,-400,436,13,0.024317269167856728,-0.016296202373259613
185,1554066000,256,18,-238,274,13,0.5182118942965046,-0.500485551489671
185,1554080400,76,8,-68,84,13,1.0364963774561968,-1.0683619486015115
185,1554094800,32,6,-26,38,13,1.1645431321191797,-1.2058478131654307
185,1554109200,1094,7,-1087,1101,13,-2.0701617892480764,1.971271187518182
185,1554123600,611,14,-597,625,13,-0.5762829848466102,0.548591371595887
185,1554138000,638,26,-612,664,13,-0.6220139686548184,0.665155474160949
185,1554152400,366,22,-344,388,13,0.1950462753851671,-0.15975971322256668
185,1554166800,63,12,-51,75,14,1.1133324089497127,-1.1170588266670671
185,1554181200,36,4,-32,40,14,1.1708179645849033,-1.2219235354735418
185,1554195600,1143,11,-1132,1154,14,-2.157293151136658,2.1157703391096843
185,1554210000,640,15,-625,655,14,-0.6233364823449928,0.6206992049830865
185,1554224400,650,28,-622,678,14,-0.6142598156657522,0.6896102993416271
185,1554238800,372,18,-354,390,14,0.19658907434641,-0.173276447408794
185,1554253200,70,25,-45,95,14,1.131485742308194,-1.05713613592051
185,1554267600,33,3,-30,36,14,1.1768690757043971,-1.2339080736228534
185,1554282000,1086,14,-1072,1100,14,-1.9757598175518454,1.9539790740939804
185,1554296400,693,11,-682,704,14,-0.7957931492505647,0.7675097973121513
185,1554310800,609,13,-596,622,14,-0.5355953711123335,0.5218267652512675
185,1554325200,394,25,-369,419,14,0.1512057409502069,-0.08638854582628631
185,1554339600,99,5,-94,104,14,0.9832335198805972,-1.0301709250845594
185,1554354000,28,6,-22,34,14,1.2010735201823721,-1.239900342697509
185,1554368400,1098,11,-1087,1109,14,-2.0211431509480486,1.9809442849299312
185,1554382800,696,17,-679,713,14,-0.786716482571324,0.7944750081481019
185,1554397200,615,20,-595,635,14,-0.5325698155525866,0.5607765142365295
185,1554411600,387,29,-358,416,14,0.1844868521074225,-0.09537694943826987
185,1554426000,106,13,-93,119,14,0.9862590754403441,-0.9852289070246417
185,1554440400,38,5,-33,43,14,1.1677924090251566,-1.2129351318615584
185,1554454800,1043,10,-1033,1053,14,-1.8577631507217174,1.8131607508395715
185,1554469200,661,10,-651,671,14,-0.7020009268984115,0.6686373575803322
185,1554483600,631,23,-608,654,14,-0.5719020378292959,0.6177030704457587
185,1554498000,414,41,-373,455,14,0.1391035187112194,0.021472297517516323
185,1554512400,114,14,-100,128,14,0.9650801865221159,-0.958263696188691
185,1554526800,35,4,-31,39,14,1.1738435201446502,-1.2249196700108698
185,1554541200,308,8,-300,316,14,0.3599690745727412,-0.394990403171055
185,1554555600,585,9,-576,594,14,-0.475084259917396,0.4379349982060876
185,1554570000,605,17,-588,622,14,-0.5113909266343585,0.5218267652512675
185,1554584400,449,22,-427,471,14,-0.024276481515111806,0.06941045011476195
185,1554598800,168,11,-157,179,14,0.7926235196165441,-0.8054608347849705
185,1554613200,44,7,-37,51,14,1.155690186786169,-1.1889660555629356
185,1554627600,187,11,-176,198,14,0.7351379639813536,-0.7485342785757414
185,1554642000,492,12,-480,504,14,-0.18463092618169613,0.16828288984658102
185,1554656400,519,17,-502,536,14,-0.25119314849612734,0.26415919504107227
185,1554670800,289,13,-276,302,14,0.43258240800666614,-0.4369362866936449
185,1554685200,78,12,-66,90,14,1.0679490755535097,-1.0721168086071493
185,1554699600,32,10,-22,42,14,1.2010735201823721,-1.2159312663988862
185,1554714000,1048,12,-1036,1060,14,-1.866839817400958,1.8341336926008664
185,1554728400,636,12,-624,648,14,-0.6203109267852459,0.5997262632217916
185,1554742800,584,21,-563,605,14,-0.43575203764068665,0.470892478116694
185,1554757200,425,25,-400,450,14,0.05741351859805379,0.006491624830877067
185,1554771600,91,9,-82,100,15,0.9770055662177694,-1.0007250660942664
185,1554786000,33,6,-27,39,15,1.1459362228515935,-1.1849968880891217
185,1554800400,1054,11,-1043,1065,15,-1.9746737251477753,1.914394740873527
185,1554814800,687,13,-674,700,15,-0.8413025924590282,0.8117846584452942
185,1554829200,646,20,-626,666,15,-0.6938722012149635,0.7090757740547191
185,1554843600,378,39,-339,417,15,0.18763867976517312,-0.04311576162919858
185,1554858000,71,5,-66,76,15,1.026149029965791,-1.0732254550758489
185,1554872400,41,10,-31,51,15,1.133650356914588,-1.1487466935983306
185,1554886800,1136,8,-1128,1144,15,-2.23574837630914,2.153041854604569
185,1554887383,49,1,-48,50,15,1.0814354266823152,-1.1517675431392298
185,1554894635,388,7,-381,395,15,0.058637087426616545,-0.10957445152898247
185,1554901200,235,7,-228,242,15,0.5285714595170726,-0.5717644312865704
185,1554915600,595,17,-578,612,15,-0.5464418099708989,0.5459498988461586
185,1554930000,397,40,-357,437,15,0.13235228304864888,0.01730122918878678
185,1554944400,92,10,-82,102,15,0.9770055662177694,-0.994683367012468
185,1554958800,39,6,-33,45,15,1.1275074239460854,-1.1668717908437263
185,1554973200,1133,13,-1120,1146,15,-2.2111766444351293,2.1590835536863677
185,1554987600,713,22,-691,735,15,-0.893517522691301,0.9175143923767686
185,1555002000,583,27,-556,610,15,-0.4788695473173692,0.5399081997643601
185,1555016400,385,31,-354,416,15,0.14156668250140292,-0.046136611170097847
185,1555030800,87,7,-80,94,15,0.983148499186272,-1.018850163339662
185,1555045200,41,8,-33,49,15,1.1275074239460854,-1.1547883926801292
185,1555059600,1060,14,-1046,1074,15,-1.9838881246005293,1.9415823867416204
185,1555074000,669,14,-655,683,15,-0.7829447292582525,0.7604302162500066
185,1555088400,685,32,-653,717,15,-0.7768017962897499,0.8631391006405817
185,1555102800,496,44,-452,540,15,-0.1594370329552291,0.3284487319014114
185,1555117200,123,18,-105,141,15,0.9063618370799883,-0.8768702349173965
185,1555131600,35,10,-25,45,15,1.152079155820096,-1.1668717908437263
185,1555146000,303,8,-295,311,15,0.3227832050722324,-0.363325812964521
185,1555160400,563,14,-549,577,15,-0.4573692819276098,0.44022016491468424
185,1555174800,612,22,-590,634,15,-0.583299407781915,0.6124085887459425
185,1555189200,431,15,-416,446,15,-0.0488642395221806,0.044488875056880185
185,1555203600,169,11,-158,180,15,0.743574113414667,-0.7590571028223251
185,1555218000,53,5,-48,58,15,1.0814354266823152,-1.1276007468120357
185,1555232400,193,10,-183,203,15,0.6667874513083832,-0.6895775633816419
185,1555246800,497,20,-477,517,15,-0.23622369506151278,0.2589691924607282
185,1555261200,471,18,-453,489,15,-0.16250849943948045,0.1743854053155487
185,1555275600,302,13,-289,315,15,0.3412120039777405,-0.3512424148009239
185,1555290000,92,17,-75,109,15,0.9985058316075287,-0.9735374202261731
185,1555304400,37,3,-34,40,15,1.124435957461834,-1.1819760385482225
185,1555318800,1052,9,-1043,1061,15,-1.9746737251477753,1.9023113427099299
185,1555333200,600,15,-585,615,15,-0.5679420753606582,0.5550124474688565
185,1555347600,591,28,-563,619,15,-0.5003698127071287,0.5670958456324535
185,1555362000,382,29,-353,411,15,0.14463814898565427,-0.061240858874594184
185,1555376400,93,14,-79,107,16,1.123074584227767,-1.121249034422732
185,1555390800,41,3,-38,44,16,1.2570963745285442,-1.3237350394106209
185,1555405200,1113,15,-1098,1128,16,-2.207857228369598,2.1603098718095635
185,1555419600,685,17,-668,702,16,-0.802262842288276,0.7911187904628859
185,1555434000,606,16,-590,622,16,-0.5472945583014317,0.5339937047639793
185,1555448400,396,27,-369,423,16,0.17511557966129418,-0.10560494591205086
185,1555462800,98,10,-88,108,16,1.0936551668446697,-1.1180349708514956
185,1555477200,33,8,-25,41,16,1.2995910885263515,-1.3333772301243298
185,1555491600,1110,11,-1099,1121,16,-2.211126052523275,2.137811426810909
185,1555506000,711,14,-697,725,16,-0.8970587427449234,0.8650422526013216
185,1555520400,603,17,-586,620,16,-0.5342192616867217,0.5275655776215067
185,1555534800,422,45,-377,467,16,0.14896498643187425,0.03581385122234779
185,1555549200,80,10,-70,90,16,1.1524940016108645,-1.1758881151337497
185,1555563600,33,4,-29,37,16,1.2865157919116417,-1.3462334844092751
185,1555578000,1071,11,-1060,1082,16,-2.0836419105298534,2.012462947532692
185,1555592400,733,19,-714,752,16,-0.9526287533574407,0.9518219690247026
185,1555606800,650,22,-628,672,16,-0.6715098761411764,0.6946968833257959
185,1555621200,435,24,-411,459,16,0.037824965206839506,0.010101342652457124
185,1555635600,86,10,-76,96,16,1.1328810566887995,-1.1566037337063315
185,1555650000,40,7,-33,47,16,1.2734404952969316,-1.314092848696912
185,1555664400,714,7,-707,721,16,-0.9297469842816983,0.8521859983163763
185,1555678800,636,14,-622,650,16,-0.6518969312191114,0.6239874847585967
185,1555693200,536,19,-517,555,16,-0.3086703950829747,0.31865144549114505
185,1555707600,410,24,-386,434,16,0.11954556904877682,-0.0702502466284512
185,1555722000,122,9,-113,131,16,1.0119345630027323,-1.04411150871306
185,1555736400,65,9,-56,74,16,1.1982575397623494,-1.227313132273531
185,1555750800,391,11,-380,402,16,0.13915851397084178,-0.17310028090801383
185,1555765200,628,30,-598,658,16,-0.5734451515308516,0.6496999933284873
185,1555779600,754,37,-717,791,16,-0.9624352258184732,1.0771704483029196
185,1555794000,462,26,-436,488,16,-0.04389563863509781,0.10330918621831077
185,1555808400,214,19,-195,233,16,0.7438909824011779,-0.7162770244469541
185,1555822800,58,14,-44,72,16,1.2374834296064792,-1.2337412594160035
185,1555837200,306,16,-290,322,16,0.4333526878018161,-0.43022536660692046
185,1555851600,594,17,-577,611,16,-0.5047998443036242,0.4986390054803797
185,1555866000,624,34,-590,658,16,-0.5472945583014317,0.6496999933284873
185,1555880400,368,14,-354,382,16,0.22414794196645657,-0.2373815523327405
185,1555894800,157,12,-145,169,16,0.9073321900850525,-0.9219770930060793
185,1555909200,55,5,-50,60,16,1.2178704846844144,-1.2723100222708397
185,1555923600,831,6,-825,837,16,-1.3154682344156423,1.2250173725797908
185,1555938000,658,13,-645,671,16,-0.7270798867536937,0.6914828197545596
185,1555952400,517,32,-485,549,16,-0.20406802216529493,0.29936706406372704
185,1555966800,308,27,-281,335,16,0.4627721051849135,-0.3884425401808481
185,1555981200,69,20,-49,89,17,1.143052241977367,-1.0969973045170893
185,1555995600,42,3,-39,45,17,1.1757554727771615,-1.2385925296351028
185,1556010000,952,11,-941,963,17,-1.7740759453643131,1.7155987580543612
185,1556024400,685,18,-667,703,17,-0.8780074214499406,0.8788997005388267
185,1556038800,609,21,-588,630,17,-0.6196518981315631,0.6439803497748497
185,1556053200,427,29,-398,456,17,0.0017094870645346513,0.084035595899069
185,1556067600,106,20,-86,126,17,1.0220502880181268,-0.9779285924860324
185,1556082000,29,8,-21,37,17,1.2346212882167917,-1.2643371160201962
185,1556096400,944,4,-940,948,17,-1.7708056222843338,1.6673276585823111
185,1556110800,694,12,-682,706,17,-0.9270622676496325,0.8885539204332368
185,1556125200,563,25,-538,588,17,-0.45613574413259,0.5088212712531096
185,1556139600,371,20,-351,391,17,0.15541467182356936,-0.1251391684798146
185,1556154000,106,10,-96,116,17,0.9893470572183322,-1.0101093254673992
185,1556168400,34,1,-33,35,17,1.1953774112570383,-1.2707732626164694
185,1556182451,844,9,-835,853,17,-1.4274216988864903,1.3616106952593274
185,1556182800,39,1,-38,40,17,1.179025795857141,-1.254682896125786
185,1556182913,5,0,-5,5,17,1.2869464574964633,-1.3673154615605696
185,1556197200,655,16,-639,671,17,-0.7864383752105157,0.7759213549984533
185,1556211600,610,21,-589,631,17,-0.6229222212115426,0.6471984230729864
185,1556226000,427,24,-403,451,17,-0.014642128335362659,0.06794522940838565
185,1556240400,111,18,-93,129,17,0.9991580264582706,-0.9682743725916224
185,1556254800,42,7,-35,49,17,1.1888367650970793,-1.2257202364425561
185,1556269200,863,7,-856,870,17,-1.496098483566059,1.4163179413276508
185,1556283600,623,19,-604,642,17,-0.6719770674112345,0.6825972293524898
185,1556298000,497,23,-474,520,17,-0.24683506701390445,0.28999228697981594
185,1556312400,377,34,-343,411,17,0.18157725646340506,-0.060777702517081186
185,1556326800,131,13,-118,144,17,0.917399949458784,-0.9200032731195723
185,1556341200,69,11,-58,80,17,1.1136193342575518,-1.1259599642003193
185,1556355600,498,16,-482,514,17,-0.2729976516537402,0.2706838471909959
185,1556370000,816,18,-798,834,17,-1.30641974492725,1.3004673025947306
185,1556384400,818,32,-786,850,17,-1.2671758679674967,1.3519564753649174
185,1556398800,567,23,-544,590,17,-0.4757576826124668,0.515257417849383
185,1556413200,197,15,-182,212,17,0.7080992723400984,-0.7011742888462787
185,1556427600,50,8,-42,58,17,1.1659445035372231,-1.196757576759326
185,1556442000,246,6,-240,252,17,0.5184205337012896,-0.5724513569208118
185,1556456400,487,26,-461,513,17,-0.20432086697417146,0.26746577389285925
185,1556470800,470,19,-451,489,17,-0.17161763617437684,0.19023201473757914
185,1556485200,281,16,-265,297,17,0.4366624567018031,-0.4276380585046617
185,1556499600,88,15,-73,103,17,1.0645644880578597,-1.0519442783431758
185,1556514000,36,8,-28,44,17,1.2117290266569356,-1.2418106029332394
185,1556528400,1082,9,-1073,1091,17,-2.2057585919216023,2.127512140215855
185,1556542800,629,24,-605,653,17,-0.675247390491214,0.7179960356319932
185,1556557200,639,24,-615,663,17,-0.7079506212910086,0.7501767686133599
185,1556571600,397,26,-371,423,17,0.09000821022398013,-0.022160822939441133
185,1556586000,75,8,-67,83,18,1.047226082263631,-1.068964242134569
185,1556600400,41,3,-38,44,18,1.1362560062193678,-1.1871195963436167
185,1556614800,1082,9,-1073,1091,18,-2.0411912797871024,1.9848972204992803
185,1556629200,681,9,-672,690,18,-0.8101223312957065,0.7700178092729177
185,1556643600,639,19,-620,658,18,-0.6504824676509371,0.6730698263321606
185,1556658000,374,22,-352,396,18,0.17227682959518276,-0.12069178399528843
185,1556672400,94,19,-75,113,18,1.0226661032413589,-0.9780755081276092
185,1556686800,30,2,-28,32,18,1.1669559799972082,-1.2234750899464009
185,1556701200,1097,7,-1090,1104,18,-2.093381235209431,2.024282338568963
185,1556715600,668,10,-658,678,18,-0.7671423680067302,0.7336623156701337
185,1556730000,642,21,-621,663,18,-0.6535524650287211,0.6882179486666539
185,1556744400,394,23,-371,417,18,0.1139468794172862,-0.05706967019041656
185,1556758800,92,8,-84,100,18,0.9950361268413026,-1.0174606261972918
185,1556773200,24,1,-23,25,18,1.1823059668861284,-1.2446824612146914
185,1556787600,1142,13,-1129,1155,18,-2.2131111329430078,2.1787931863807946
185,1556802000,674,22,-652,696,18,-0.748722383740026,0.7881955560743097
185,1556816400,661,23,-638,684,18,-0.7057424204510496,0.7518400624715257
185,1556830800,414,29,-385,443,18,0.0709669161283098,0.021700565948948602
185,1556845200,106,7,-99,113,18,0.9489861661745421,-0.9780755081276092
185,1556859600,25,6,-19,31,18,1.1945859563972645,-1.2265047144132994
185,1556874000,994,7,-987,1001,18,-1.7771715052976758,1.7122310184784009
185,1556888400,647,21,-626,668,18,-0.6689024519176412,0.7033660710011471
185,1556891380,121,5,-116,126,18,0.8967962107522136,-0.9386903900579266
185,1556902800,522,17,-505,539,18,-0.2974327692057737,0.31254451477122
185,1556917200,434,32,-402,466,18,0.018776960705981307,0.09138192868761778
185,1556931600,131,8,-123,139,18,0.8753062291077255,-0.8993052719882442
185,1556946000,42,9,-33,51,18,1.151605993108288,-1.1659122250753262
185,1556960400,313,12,-301,325,18,0.32884669586216825,-0.3357951211450933
185,1556974800,608,11,-597,619,18,-0.5798725279619044,0.5549144721231128
185,1556989200,614,24,-590,638,18,-0.5583825463174161,0.6124773369941874
185,1557003600,394,21,-373,415,18,0.10780688466171816,-0.06312891912421388
185,1557018000,163,6,-157,169,18,0.7709263182630685,-0.8084165379812843
185,1557032400,45,9,-36,54,18,1.1423960009749359,-1.1568233516746302
185,1557046800,200,5,-195,205,18,0.6542664179072754,-0.6993500571729325
185,1557061200,445,16,-429,461,18,-0.06411296849418748,0.07623380635312449
185,1557075600,451,24,-427,475,18,-0.05797297373861942,0.11864854888970573
185,1557090000,234,32,-202,266,18,0.6327764362627871,-0.5145429646921142
185,1557104400,96,6,-90,102,18,0.9766161425745984,-1.0114013772634947
185,1557118800,44,4,-40,48,18,1.1301160114637998,-1.1750010984760222
185,1557133200,1050,13,-1037,1063,18,-1.9306713741868773,1.9000677354261177
185,1557147600,620,17,-603,637,18,-0.5982925122286086,0.6094477125272887
185,1557162000,627,9,-618,636,18,-0.644342472895369,0.60641808806039
185,1557176400,395,27,-368,422,18,0.1231568715506383,-0.04192154785592326
185,1557190800,97,18,-79,115,19,1.007964997428612,-0.9851321399677646
185,1557205200,18,1,-17,19,19,1.1916289015153874,-1.265783082407532
185,1557219600,1143,15,-1128,1158,19,-2.0995097668782794,2.064023411747624
185,1557234000,667,22,-645,689,19,-0.6687087076216269,0.6929266200366775
185,1557248400,672,23,-649,695,19,-0.6805579917562576,0.7104673039391629
185,1557262800,385,30,-355,415,19,0.1903643921390962,-0.10809794484349175
185,1557277200,92,16,-76,108,19,1.016851960529585,-1.005596271187331
185,1557291600,26,1,-25,27,19,1.167930333246126,-1.2423955038708847
185,1557306000,1142,7,-1135,1149,19,-2.1202460141138832,2.037712385893896
185,1557320400,685,13,-672,698,19,-0.7486913755303839,0.7192376458904056
185,1557334800,634,15,-619,649,19,-0.5916883607465276,0.5759887273534411
185,1557349200,439,35,-404,474,19,0.04521066148987056,0.06438544686428192
185,1557363600,91,13,-78,104,19,1.0109273184622696,-1.0172900604556545
185,1557378000,14,5,-9,19,19,1.2153274697846486,-1.265783082407532
185,1557392400,1110,13,-1097,1123,19,-2.0076778148348917,1.9617027556497921
185,1557406800,737,9,-728,746,19,-0.9145813534152132,0.8595631171102893
185,1557421200,650,22,-628,672,19,-0.6183492500494466,0.643228015646302
185,1557435600,420,39,-381,459,19,0.11334404526399688,0.020533737108068276
185,1557450000,92,7,-85,99,19,0.990191071226666,-1.0319072970410592
185,1557464400,34,3,-31,37,19,1.1501564070441799,-1.2131610307000755
185,1557478800,1077,12,-1065,1089,19,-1.9128835417578465,1.8623055468690413
185,1557493200,654,17,-637,671,19,-0.6450101393523656,0.6403045683292211
185,1557507600,644,29,-615,673,19,-0.5798390766118969,0.6461514629633829
185,1557522000,506,37,-469,543,19,-0.14734020569787773,0.26610331174286467
185,1557536400,148,21,-127,169,19,0.865773587813044,-0.8272659848453955
185,1557550800,40,4,-36,44,19,1.1353448018758916,-1.1926968994805092
185,1557565200,319,8,-311,327,19,0.3207065176200335,-0.36536130874661177
185,1557579600,603,10,-593,613,19,-0.5146680138714284,0.47074462393852834
185,1557594000,597,21,-576,618,19,-0.464308556299248,0.4853618605239329
185,1557608400,452,27,-425,479,19,-0.016998080216940426,0.07900268344968647
185,1557622800,131,14,-117,145,19,0.8953967981496207,-0.8974287204553373
185,1557637200,34,6,-28,40,19,1.159043370145153,-1.204390688748833
185,1557651600,229,6,-223,235,19,0.5813907685819081,-0.6343184619180555
185,1557666000,367,20,-347,387,19,0.2140629604083575,-0.18995446972175722
185,1557680400,385,27,-358,412,19,0.1814774290381232,-0.11686828679473447
185,1557694800,212,12,-200,224,19,0.6495241523560344,-0.6664763824059454
185,1557709200,89,8,-81,97,19,1.0020403553612967,-1.037754191675221
185,1557723600,43,7,-36,50,19,1.1353448018758916,-1.1751562155780237
185,1557738000,1052,11,-1041,1063,19,-1.8417878369500624,1.7862959166249377
185,1557752400,630,20,-610,650,19,-0.5650274714436087,0.578912174670522
185,1557766800,585,20,-565,605,19,-0.43172302492901365,0.4473570454018811
185,1557781200,351,43,-308,394,19,0.32959348072100647,-0.16949033850219083
185,1557795600,64,14,-50,78,20,1.2529951625083287,-1.2523318383093154
185,1557810000,34,2,-32,36,20,1.3052984225633393,-1.37247723248877
185,1557824400,1152,10,-1142,1162,20,-1.9200692808289792,1.848563573369942
185,1557838800,671,16,-655,687,20,-0.5049755226739711,0.4897763772927766
185,1557853200,665,17,-648,682,20,-0.48463536598591145,0.47547335417617487
185,1557867600,372,45,-327,417,20,0.44810610499511044,-0.2825868710037174
185,1557882000,82,8,-74,90,20,1.1832574824349813,-1.2180045828294712
185,1557896400,29,5,-24,34,20,1.3285443159211217,-1.3781984417354107
185,1557910800,1131,14,-1117,1145,20,-1.847425864085909,1.799933294773496
185,1557925200,657,14,-643,671,20,-0.4701066826372974,0.44400670331965103
185,1557939600,668,30,-638,698,20,-0.4555779992886833,0.5212430281493005
185,1557954000,435,31,-404,466,20,0.2243643814264541,-0.14241724446102033
185,1557968400,96,9,-87,105,20,1.1454829057285847,-1.1750955134796661
185,1557982800,43,3,-40,46,20,1.2820525292055567,-1.3438711862555666
185,1557997200,1110,9,-1101,1119,20,-1.800934077370344,1.725557574567167
185,1558011600,714,20,-694,734,20,-0.6182992527931607,0.624224794588833
185,1558026000,651,27,-624,678,20,-0.414897685912564,0.4640309356828935
185,1558040400,448,18,-430,466,20,0.14881522801366107,-0.14241724446102033
185,1558054800,141,10,-131,151,20,1.017630492260781,-1.04350770080693
185,1558069200,37,4,-33,41,20,1.3023926858936166,-1.3581742093721683
185,1558083600,1095,9,-1086,1104,20,-1.757348027324502,1.6826485052173619
185,1558098000,657,17,-640,674,20,-0.46138947262812896,0.45258851718961207
185,1558112400,663,21,-642,684,20,-0.46720094596757455,0.4811945634228156
185,1558126800,475,32,-443,507,20,0.11104065130726454,-0.025132454904886057
185,1558141200,131,12,-119,143,20,1.0524993322974547,-1.0663925377934929
185,1558155600,82,10,-72,92,20,1.189068955774427,-1.2122833735828304
185,1558170000,521,10,-511,531,20,-0.08654944223388651,0.0435220560548023
185,1558184400,860,22,-838,882,20,-1.0367253332332453,1.0475942788402446
185,1558198800,940,24,-916,964,20,-1.2633727934716243,1.282163857952513
185,1558213200,624,40,-584,664,20,-0.2986682191236516,0.4239824709564086
185,1558227600,251,16,-235,267,20,0.7154338786096089,-0.7116775645017697
185,1558242000,88,13,-75,101,20,1.1803517457652584,-1.1865379319729474
185,1558256400,354,12,-342,366,20,0.4045200549492683,-0.42847770679305514
185,1558270800,680,23,-657,703,20,-0.5107869960134167,0.5355460512659022
185,1558285200,793,32,-761,825,20,-0.8129836096645889,0.8845398153109847
185,1558299600,508,29,-479,537,20,0.0064341311972433875,0.06068568379472439
185,1558314000,160,16,-144,176,20,0.9798559155543846,-0.9719925852239213
185,1558328400,67,7,-60,74,20,1.2239377958111006,-1.263774256802597
185,1558342800,1099,11,-1088,1110,20,-1.7631595006639476,1.699812132957284
185,1558357200,649,17,-632,666,20,-0.4381435792703465,0.42970368020304933
185,1558371600,624,16,-608,640,20,-0.36840589919699906,0.35532795999672023
185,1558386000,416,31,-385,447,20,0.2795733781511875,-0.19676873230410694
185,1558400400,102,12,-90,114,21,1.0097076718950586,-1.0114396197985138
185,1558414800,33,4,-29,37,21,1.2056233834517944,-1.2538433348146982
185,1558429200,1141,17,-1124,1158,21,-2.3112242256404305,2.2751769837975466
185,1558443600,654,20,-634,674,21,-0.7374750672338642,0.7514964894101008
185,1558458000,682,20,-662,702,21,-0.8274035905713822,0.8396432948705315
185,1558472400,410,40,-370,450,21,0.11042243851987774,0.04632204572665495
185,1558486800,109,12,-97,121,21,0.9872255410606791,-0.9894029184334061
185,1558501200,39,4,-35,43,21,1.186352985593755,-1.234954733644606
185,1558515600,1157,14,-1143,1171,21,-2.3722471521908894,2.3161022863327463
185,1558530000,677,17,-660,694,21,-0.8209801246187024,0.8144584933104084
185,1558544400,627,21,-606,648,21,-0.6475465438963461,0.6696458843397008
185,1558558800,441,22,-419,463,21,-0.04695247732077891,0.08724734826185493
185,1558573200,91,34,-57,125,21,1.1156948601142764,-0.9768105176533446
185,1558587600,44,6,-38,50,21,1.176717786664735,-1.2129180322794983
185,1558602000,1090,12,-1078,1102,21,-2.1634845087287937,2.098883372876685
185,1558616400,716,14,-702,730,21,-0.9558729096249795,0.9277901003309622
185,1558630800,657,29,-628,686,21,-0.7182046693758246,0.7892736917502854
185,1558645200,392,20,-372,412,21,0.10399897256719787,-0.07330576168392962
185,1558659600,120,9,-111,129,21,0.9422612793919201,-0.9642181168732831
185,1558674000,49,6,-43,55,21,1.1606591217830353,-1.1971775313044215
185,1558688400,973,15,-958,988,21,-1.7780765515680022,1.7399999506449313
185,1558702800,690,12,-678,702,21,-0.8787913181928212,0.8396432948705315
185,1558717200,672,29,-643,701,21,-0.7663806640209236,0.8364951946755161
185,1558731600,473,27,-446,500,21,-0.13366926768195705,0.20372705547742412
185,1558746000,155,7,-148,162,21,0.8234271592673426,-0.8603308104377754
185,1558760401,62,11,-51,73,21,1.134965257972316,-1.1405117277941446
185,1558774800,294,8,-286,302,21,0.380208008532432,-0.41959678313562176
185,1558789200,546,21,-525,567,21,-0.3873961728128117,0.4146497685434548
185,1558803600,657,21,-636,678,21,-0.7438985331865441,0.7640888901901624
185,1558818000,386,13,-373,399,21,0.10078723959085795,-0.1142310642191296
185,1558832400,162,14,-148,176,21,0.8234271592673426,-0.8162574077075601
185,1558846800,47,4,-43,51,21,1.1606591217830353,-1.209769932084483
185,1558861200,180,5,-175,185,21,0.7367103689061644,-0.7879245059524216
185,1558875600,460,10,-450,470,21,-0.1465161995873168,0.10928404962696261
185,1558890000,551,23,-528,574,21,-0.39703137174183145,0.43668646990856247
185,1558904400,346,24,-322,370,21,0.26458562138419445,-0.2055259698745757
185,1558918800,148,8,-140,156,21,0.849121023078062,-0.8792194116078678
185,1558933200,48,5,-43,53,21,1.1606591217830353,-1.2034737316944522
185,1558947600,226,4,-222,230,21,0.5857589190181877,-0.6462599971767293
185,1558962000,464,12,-452,476,21,-0.15293966553999666,0.12817265079705492
185,1558976400,531,14,-517,545,21,-0.3617023090020922,0.34539156425311635
185,1558990800,331,29,-302,360,21,0.3288202809109931,-0.23700697182472955
185,1559005200,120,6,-114,126,22,1.0678786188298837,-1.1311984908759873
185,1559019600,43,3,-40,46,22,1.3012799372070483,-1.379035405934889
185,1559034000,1002,11,-991,1013,22,-1.6982424111265113,1.616693304839586
185,1559048400,594,17,-577,611,22,-0.39245665696237503,0.3713128066686045
185,1559062800,588,49,-539,637,22,-0.27260192590383114,0.45185980406274756
185,1559077200,373,24,-349,397,22,0.32667172938888844,-0.2916509411139577
185,1559091600,85,15,-70,100,22,1.2066577811081978,-1.2117454882701304
185,1559106000,42,6,-36,48,22,1.3138962246868948,-1.3728394830584165
185,1559120400,1080,8,-1072,1088,22,-1.9537222325934076,1.8490404127073063
185,1559134800,584,13,-571,597,22,-0.373532225742605,0.3279413465332967
185,1559149200,610,18,-592,628,22,-0.4397677350118003,0.42397815111862114
185,1559163600,334,42,-292,376,22,0.5064538259767043,-0.35670813131691936
185,1559178000,94,5,-89,99,22,1.1467304155789257,-1.2148434497083667
185,1559192400,40,6,-34,46,22,1.3202043684268183,-1.379035405934889
185,1559206800,1038,16,-1022,1054,22,-1.7960186390953234,1.743709723807273
185,1559221200,668,11,-657,679,22,-0.6447824065593096,0.581974184468671
185,1559235600,632,25,-607,657,22,-0.4870788130612255,0.513819032827473
185,1559250000,378,51,-327,429,22,0.39606131052804544,-0.19251617509039695
185,1559264400,110,11,-99,121,22,1.115189696879309,-1.1466882980671687
185,1559278800,43,3,-40,46,22,1.3012799372070483,-1.379035405934889
185,1559293200,1082,8,-1074,1090,22,-1.9600303763333309,1.8552363355837789
185,1559307600,703,19,-684,722,22,-0.729942347048275,0.7151865263128306
185,1559322000,698,17,-681,715,22,-0.72048013143839,0.6935007962451768
185,1559336400,497,34,-463,531,22,-0.032892463786743306,0.12347589160970275
185,1559350800,188,16,-172,204,22,0.8849424503721062,-0.8895574986935582
185,1559365200,83,6,-77,89,22,1.1845792780184659,-1.2458230640907293
185,1559379600,453,13,-440,466,22,0.03965118922237538,-0.07789160187565491
185,1559394000,733,30,-703,763,22,-0.789869712577547,0.8422029452805178
185,1559408400,809,48,-761,857,22,-0.9728058810353245,1.1334113204747274
185,1559422800,584,33,-551,617,22,-0.3104507883433713,0.38990057529802213
185,1559437200,246,21,-225,267,22,0.717776641264137,-0.694385928084673
185,1559451600,81,18,-63,99,22,1.2287362841979295,-1.2148434497083667
185,1559466000,322,11,-311,333,22,0.4465264604474323,-0.48992047316107906
185,1559480400,649,23,-626,672,22,-0.5470061785904975,0.560288454401017
185,1559494800,756,25,-731,781,22,-0.8781837249364741,0.8979662511687707
185,1559509200,427,31,-396,458,22,0.1784303515006894,-0.10267529338154509
185,1559523600,180,17,-163,197,22,0.9133290972017613,-0.911243228761212
185,1559538000,82,8,-74,90,22,1.194041493628351,-1.242725102652493
185,1559552400,1047,9,-1038,1056,22,-1.8464837890147103,1.7499056466837457
185,1559566800,668,17,-651,685,22,-0.6258579753395395,0.6005619530980886
185,1559581200,619,32,-587,651,22,-0.42399737566199186,0.49523126419805535
185,1559595600,453,34,-419,487,22,0.1058866984915707,-0.012834411672693202
185,1559610000,111,9,-102,120,23,0.737143812134996,-0.7448742149145249
185,1559624400,36,3,-33,39,23,0.9404599601855546,-0.9775063712662383
185,1559638800,972,8,-964,980,23,-1.802834733076329,1.725047445116012
185,1559653200,688,21,-667,709,23,-0.9276913132065339,0.9467349220133663
185,1559667600,568,13,-555,581,23,-0.5976708989795403,0.5791186749390538
185,1559682000,390,32,-358,422,23,-0.01718856324098919,0.12247036802643119
185,1559696400,120,28,-92,148,23,0.7666099205481205,-0.664458160867019
185,1559710800,32,5,-27,37,23,0.9581396252334292,-0.9832503751267744
185,1559725200,1068,11,-1057,1079,23,-2.0768695413183864,2.0093756362125506
185,1559739600,669,15,-654,684,23,-0.8893853722694721,0.8749348737566646
185,1559754000,590,19,-571,609,23,-0.6448166724405394,0.6595347289865596
185,1559768400,366,36,-330,402,23,0.06531654031575919,0.06503032942106986
185,1559782800,101,11,-90,112,23,0.7725031422307453,-0.7678502303566694
185,1559797200,25,4,-21,29,23,0.9758192902813039,-1.0062263905689188
185,1559811600,1018,9,-1009,1027,23,-1.935432220935389,1.8600315358386112
185,1559826000,745,15,-730,760,23,-1.1133277962092176,1.0932070204570377
185,1559840400,554,42,-512,596,23,-0.4709666328031053,0.6221987038930747
185,1559854800,402,26,-376,428,23,-0.07022755838461316,0.13970237960803958
185,1559869200,117,5,-112,122,23,0.7076777037218717,-0.7391302110539887
185,1559883600,22,2,-20,24,23,0.9787659011226163,-1.0205864002202591
185,1559898000,1038,8,-1030,1046,23,-1.9973110486029502,1.9145995725137044
185,1559912400,715,22,-693,737,23,-1.0043031950806574,1.0271509760608721
185,1559926800,686,26,-660,712,23,-0.9070650373173468,0.9553509278041704
185,1559941200,462,23,-439,485,23,-0.255864041387297,0.3034064896333194
185,1559955600,64,8,-56,72,23,0.8726879108353683,-0.882730307567392
185,1559970000,0,0,0,0,23,1.0376981179488651,-1.0895144465466928
185,1559984400,0,0,0,0,23,1.0376981179488651,-1.0895144465466928
185,1559998800,0,0,0,0,23,1.0376981179488651,-1.0895144465466928
185,1560013200,0,0,0,0,23,1.0376981179488651,-1.0895144465466928
185,1560027600,0,0,0,0,23,1.0376981179488651,-1.0895144465466928
185,1560042000,0,0,0,0,23,1.0376981179488651,-1.0895144465466928
185,1560056400,2,2,0,4,23,1.0376981179488651,-1.0780264388256207
185,1560070800,118,3,-115,121,23,0.6988378711979343,-0.7420022129842568
185,1560085200,336,16,-320,352,23,0.09478264872888362,-0.07856976709233346
185,1560099600,411,18,-393,429,23,-0.12031994268692467,0.14257438153830765
185,1560114000,250,14,-236,264,23,0.34229795939912877,-0.3313059369559233
185,1560128400,109,14,-95,123,23,0.7577700880241831,-0.7362582091237206
185,1560142800,46,8,-38,54,23,0.9257269059789923,-0.9344263423122172
185,1560157200,1022,10,-1012,1032,23,-1.9442720534593263,1.8743915454899516
185,1560171600,599,21,-578,620,23,-0.6654429483297265,0.6911267502195083
185,1560186000,587,33,-554,620,23,-0.5947242881382279,0.6911267502195083
185,1560200400,323,31,-292,354,23,0.177287752285632,-0.07282576323179733
185,1560214800,136,9,-127,145,24,1.1893398971216325,-1.2513654664675977
185,1560229200,305,32,-273,337,24,0.7573010209538737,-0.678971971382955
185,1560243600,1251,9,-1242,1260,24,-2.110135081830771,2.072690507591655
185,1560258000,691,16,-675,707,24,-0.432285473699818,0.4240779931030751
185,1560272400,597,18,-579,615,24,-0.14820511676759313,0.14980611004168382
185,1560286800,422,23,-399,445,24,0.3844455524803285,-0.3570006303978435
185,1560301200,223,15,-208,238,24,0.9496470959600677,-0.9741123672859738
185,1560315600,95,6,-89,101,24,1.3017883717406382,-1.3825389757578281
185,1560330000,1101,8,-1093,1109,24,-1.6692186945088807,1.6225268734365457
185,1560344400,717,14,-703,731,24,-0.515142244471717,0.4956271799886554
185,1560358800,635,31,-604,666,24,-0.22218437638536004,0.301848132173542
185,1560373200,399,21,-378,420,24,0.4465881305592527,-0.43153103340365634
185,1560387600,255,18,-237,273,24,0.8638311548034581,-0.8697698030778359
185,1560402000,115,15,-100,130,24,1.2692374975088208,-1.2960837082710854
185,1560416400,1131,9,-1122,1140,24,-1.7550346356654902,1.7149445731637536
185,1560430800,645,23,-622,668,24,-0.2754494433101522,0.30781056441400706
185,1560445200,650,20,-630,670,24,-0.2991228063878376,0.31377299665447206
185,1560459600,446,29,-417,475,24,0.33118048555553636,-0.2675641467908681
185,1560474000,215,18,-197,233,24,0.9821979701918852,-0.9890184478871364
185,1560488400,114,9,-105,123,24,1.2544416455852674,-1.316952221112713
185,1560502800,1089,12,-1077,1101,24,-1.6218719683535099,1.5986771444746855
185,1560517200,738,16,-722,754,24,-0.5713664817812198,0.5641951507540032
185,1560531600,645,25,-620,670,24,-0.26953110254073087,0.31377299665447206
185,1560546000,509,34,-475,543,24,0.15954860324231718,-0.06484145061505717
185,1561179600,96,14,-82,110,25,1.5391144277390847,-1.5068786482476717
185,1561194000,480,17,-463,497,25,-0.10321430190688438,0.0900963500321519
185,1561208400,810,24,-786,834,25,-1.4955297341264329,1.4807438291543757
185,1561222800,837,33,-804,870,25,-1.5731200678104944,1.6292996429478477
185,1561237200,620,27,-593,647,25,-0.663588934069551,0.7090789075049518
185,1561251600,243,21,-222,264,25,0.9356340546408284,-0.8713898892422639
185,1561266000,75,6,-69,81,25,1.5951518909553513,-1.6265486093590797
185,1561280400,348,12,-336,360,25,0.4442286079751053,-0.47524105245967196
185,1561294800,655,16,-639,671,25,-0.8618753423732638,0.8081161167005998
185,1561309200,759,21,-738,780,25,-1.2886221776356022,1.2579101084641677
185,1561323600,463,25,-438,488,25,0.004550050432089974,0.052957396583783914
185,1561338000,197,12,-185,209,25,1.0951252961025104,-1.0983501603156238
185,1561352400,93,9,-84,102,25,1.5304932795519668,-1.5398910513128878
185,1561362025,447,8,-439,455,25,0.00023947633853099967,-0.08321876606023207
185,1561366800,500,3,-497,503,25,-0.24977382108788948,0.1148556523310639
185,1561381200,596,26,-570,622,25,-0.5644457299176946,0.6059151479261518
185,1561395600,617,26,-591,643,25,-0.6549677858824331,0.6925727059723438
185,1561410000,392,25,-367,417,25,0.3106008110747771,-0.24002768062000804
185,1561424400,234,17,-217,251,26,0.7964460623359315,-0.7895824200137448
185,1561438800,81,10,-71,91,26,1.312759335857861,-1.3500549944821472
185,1561453200,994,14,-980,1008,26,-1.9018212506588097,1.8621534479398836
185,1561467600,730,14,-716,744,26,-0.9682136875780606,0.9373737000670197
185,1561482000,633,23,-610,656,26,-0.5933561054320022,0.6291137841093984
185,1561496400,400,30,-370,430,26,0.25537804282322446,-0.16255372732721973
185,1561510800,224,15,-209,239,26,0.8247372006111057,-0.831617863098875
185,1561525200,102,10,-92,112,26,1.2384950978855287,-1.2764929690831692
185,1561539600,1024,15,-1009,1039,26,-2.0043766269063163,1.9707450092431364
185,1561554000,757,16,-741,773,26,-1.05662349468798,1.0389593541894178
185,1561568400,570,25,-545,595,26,-0.3634906069462116,0.4154336150933201
185,1561582800,455,27,-428,482,26,0.05026729032821137,0.019599859375011016
185,1561597200,208,11,-197,219,26,0.8671739080238671,-0.9016769349074253
185,1561611600,96,15,-81,111,26,1.2773954130138931,-1.2799959226735969
185,1561626000,983,7,-976,990,26,-1.8876756815212226,1.7991002833121883
185,1561640400,736,23,-713,759,26,-0.9576045107248703,0.9899180039234324
185,1561654800,596,26,-570,622,26,-0.4519004140561311,0.510013362034863
185,1561669200,430,41,-389,471,26,0.1881865894196857,-0.01893263011969164
185,1561683600,235,28,-207,263,26,0.8318099851798992,-0.7475469769286146
185,1561698000,82,9,-73,91,26,1.3056865512890674,-1.3500549944821472
185,1561712400,890,4,-886,894,26,-1.5694003759255128,1.4628167386311468
185,1561726800,729,17,-712,746,26,-0.9540681184404736,0.9443796072478747
185,1561741200,657,26,-631,683,26,-0.6676203434043345,0.7236935310509414
185,1561755600,512,28,-484,540,26,-0.1477706775980082,0.22277116761980684
185,1561770000,231,19,-212,250,26,0.8141280237579154,-0.7930853736041723
185,1561784400,74,7,-67,81,26,1.3269049049954482,-1.385084530386422
185,1561798800,301,9,-292,310,26,0.5312166410061732,-0.5829081581785215
185,1561813200,577,20,-557,597,26,-0.40592731435897295,0.42243952227417514
185,1561827600,623,19,-604,642,26,-0.5721377517256215,0.5800724338434133
185,1561842000,399,26,-373,425,26,0.24476886597003414,-0.1800684952793573
185,1561856400,210,11,-199,221,26,0.8601011234550735,-0.8946710277265703
185,1561870800,55,7,-48,62,26,1.394096358398987,-1.451640648604545
185,1561885200,205,11,-194,216,26,0.8777830848770574,-0.9121857956787078
185,1561899600,571,13,-558,584,26,-0.40946370664336973,0.3769011255986175
185,1561914000,581,20,-561,601,26,-0.4200728834965601,0.4364513366358852
185,1561928400,303,16,-287,319,26,0.548898602428157,-0.5513815758646738
185,1561942800,145,12,-133,157,26,1.0935030142252609,-1.1188600575139311
185,1561957200,61,3,-58,64,26,1.3587324355550192,-1.44463474142369
185,1561971600,878,7,-871,885,26,-1.5163544916595613,1.4312901563172993
185,1561986000,741,18,-723,759,26,-0.992968433568838,0.9899180039234324
185,1562000400,573,31,-542,604,26,-0.3528814300930213,0.44696019740716775
185,1562014800,405,18,-387,423,26,0.19525937398847926,-0.1870744024602123
185,1562029200,143,13,-130,156,27,1.0127557399879805,-1.01128191340146
185,1562043600,45,9,-36,54,27,1.3940484654938874,-1.4133379750565365
185,1562058000,970,5,-965,975,27,-2.3742594280698097,2.2169917581231244
185,1562072400,812,14,-798,826,27,-1.6968563944582518,1.6296745700191404
185,1562086800,618,17,-601,635,27,-0.8977641931320426,0.8768048859395364
185,1562101200,374,34,-340,408,27,0.16093156598542244,-0.01796693754774162
185,1562115600,139,7,-132,146,27,1.0046431288070037,-1.050699174348036
185,1562130000,36,4,-32,40,27,1.4102736878558408,-1.468522140381743
185,1562144400,909,15,-894,924,27,-2.086261731145135,2.0159637272955866
185,1562158800,702,23,-679,725,27,-1.2141560291901354,1.2315602344587215
185,1562173200,571,28,-543,599,27,-0.662498468883717,0.7349027465318624
185,1562187600,433,25,-408,458,27,-0.11489721416778682,0.179119367185139
185,1562202000,144,11,-133,155,27,1.0005868232165154,-1.0152236394961176
185,1562216400,46,6,-40,52,27,1.377823243131934,-1.4212214272458517
185,1562230800,254,7,-247,261,27,0.538167985900841,-0.5974006734624107
185,1562245200,441,18,-423,459,27,-0.1757417980251124,0.1830610932797966
185,1562259600,498,16,-482,514,27,-0.4150638278639263,0.3998560284859653
185,1562274000,332,14,-318,346,27,0.2501702889761666,-0.2623539554165136
185,1562288400,128,9,-119,137,27,1.0573751014833526,-1.0861747091999545
185,1562302800,45,13,-32,58,27,1.4102736878558408,-1.3975710706779059
185,1562317200,546,15,-531,561,27,-0.6138228017978565,0.585117154934873
185,1562331600,543,19,-524,562,27,-0.5854286626644379,0.5890588810295306
185,1562346000,593,26,-567,619,27,-0.7598498030554379,0.8137372684250146
185,1562360400,418,32,-386,450,27,-0.025658491177042653,0.1475855584278781
185,1562374800,166,10,-156,176,27,0.9072917946352829,-0.9324473915083077
185,1562389200,69,5,-64,74,27,1.280471908960213,-1.3345034531633841
185,1562403600,404,13,-391,417,27,-0.04594001912948451,0.01750859730417689
185,1562418000,657,18,-639,675,27,-1.0519038055706007,1.034473929725841
185,1562432400,697,28,-669,725,27,-1.173592973285252,1.2315602344587215
185,1562446800,428,21,-407,449,27,-0.11084090857729846,0.14364383233322048
185,1562461200,187,30,-157,217,27,0.9032354890447944,-0.7708366216273456
185,1562475600,59,11,-48,70,27,1.345372798408027,-1.3502703575420145
185,1562490000,302,10,-292,312,27,0.35563423432886426,-0.39637264263487243
185,1562504400,569,20,-549,589,27,-0.6868363024266472,0.6954854855852862
185,1562518800,669,30,-639,699,27,-1.0519038055706007,1.1290753559976237
185,1562533200,431,20,-411,451,27,-0.12706613093925195,0.15152728452253572
185,1562547600,157,11,-146,168,27,0.9478548505401665,-0.9639812002655685
185,1562562000,70,5,-65,75,27,1.2764156033697247,-1.3305617270687267
185,1562571377,367,7,-360,374,27,0.079805454175655,-0.15198562476610045
185,1562576400,523,5,-518,528,27,-0.5610908291215078,0.4550401938111719
185,1562590800,638,24,-614,662,27,-0.9504961658083914,0.9832314904952919
185,1562605200,564,29,-535,593,27,-0.63004802415981,0.7112523899639167
185,1562619600,336,30,-306,366,27,0.2988459560620271,-0.18351943352336134
185,1562634000,124,7,-117,131,28,1.006573707218886,-1.0650370210365268
185,1562648400,39,4,-35,43,28,1.2770246237161433,-1.3531629784183892
185,1562662800,996,10,-986,1006,28,-1.8595463712703404,1.7998517597490362
185,1562677200,686,23,-663,709,28,-0.7942336148238268,0.8274266535852507
185,1562691600,677,22,-655,699,28,-0.7678481595558018,0.79468506751913
185,1562706000,392,34,-358,426,28,0.21171186726962998,-0.09916023208596558
185,1562720400,133,18,-115,151,28,1.0131700710358924,-0.9995538489042853
185,1562734800,53,9,-44,62,28,1.247340986539615,-1.2909539648927597
185,1562749200,990,9,-981,999,28,-1.8430554617278248,1.7769326495027518
185,1562763600,704,20,-684,724,28,-0.8634954349023928,0.8765390326844318
185,1562778000,594,25,-569,619,28,-0.48420451542453197,0.5327523789901643
185,1562792400,400,22,-378,422,28,0.14574822909956725,-0.11225686651241386
185,1562806800,154,18,-136,172,28,0.9439082509573264,-0.9307965181654319
185,1562821200,47,8,-39,55,28,1.2638318960821306,-1.3138730751390442
185,1562835600,1006,10,-996,1016,28,-1.8925281903553717,1.8325933458151569
185,1562850000,714,12,-702,726,28,-0.9228627092554492,0.8830873498976559
185,1562864400,641,24,-617,665,28,-0.6425172470326825,0.6833636748943196
185,1562878800,336,37,-299,373,28,0.40630459987131506,-0.2726906382364054
185,1562893200,101,9,-92,110,28,1.0890282549314645,-1.1337943517753803
185,1562907600,51,5,-46,56,28,1.2407446227226089,-1.310598916532432
185,1562922000,885,8,-877,893,28,-1.5000445432434981,1.429871837201872
185,1562936400,692,21,-671,713,28,-0.820619070091852,0.8405232880116991
185,1562950800,614,20,-594,634,28,-0.5666590631371103,0.5818647580893453
185,1562965200,450,28,-422,478,28,0.0006282251254292136,0.07109601545786216
185,1562979600,204,14,-190,218,28,0.765806427898157,-0.7801852222612765
185,1562994000,78,6,-72,84,28,1.1549918931015273,-1.218922475547294
185,1563008400,387,11,-376,398,28,0.1523445929165735,-0.19083667307110358
185,1563022800,680,17,-663,697,28,-0.7942336148238268,0.7881367503059059
185,1563037200,709,19,-690,728,28,-0.8832845263534116,0.8896356671108802
185,1563051600,302,71,-231,373,28,0.6305809696495284,-0.2726906382364054
185,1563066000,19,15,-4,34,28,1.3792682628797406,-1.3826304058778978
185,1563080400,46,8,-38,54,28,1.2671300779906338,-1.3171472337456562
185,1563094800,234,6,-228,240,28,0.6404755153750378,-0.708153732915811
185,1563109200,563,18,-545,581,28,-0.40504814962045665,0.40833435193890555
185,1563123600,617,23,-594,640,28,-0.5666590631371103,0.6015097097290177
185,1563138000,382,21,-361,403,28,0.20181732154412058,-0.17446588003804323
185,1563152400,143,18,-125,161,28,0.9801882519508609,-0.9668122628381646
185,1563166800,56,9,-47,65,28,1.2374464408141057,-1.2811314890729235
185,1563181200,937,13,-924,950,28,-1.6550590929431457,1.6164988777787601
185,1563195600,644,9,-635,653,28,-0.701884521385739,0.6440737716149747
185,1563210000,587,20,-567,607,28,-0.4776081516075257,0.4934624757108194
185,1563224400,381,15,-366,396,28,0.1853264120016049,-0.19738499028432774
185,1563238800,119,10,-109,129,29,1.0264359028288705,-1.04851271268904
185,1563253200,57,6,-51,63,29,1.2369425419340339,-1.2838549992942236
185,1563267600,956,5,-951,961,29,-2.029539789008154,1.918226415424791
185,1563282000,702,12,-690,714,29,-1.0822599130349198,1.0374757367659975
185,1563296400,589,19,-570,608,29,-0.6467289355759612,0.6595017613091873
185,1563310800,380,26,-354,406,29,0.13722682385016383,-0.060788267391526485
185,1563325200,120,11,-109,131,29,1.0264359028288705,-1.0413811282464585
185,1563339600,58,2,-56,60,29,1.2187954178732439,-1.2945523759580955
185,1563354000,966,15,-951,981,29,-2.029539789008154,1.9895422598506043
185,1563368400,663,20,-643,683,29,-0.9116769468634943,0.9269361779059869
185,1563382800,551,23,-528,574,29,-0.49429309346532585,0.5382648257853048
185,1563397200,374,33,-341,407,29,0.18440934640821766,-0.05722247517023583
185,1563411600,81,13,-68,94,29,1.175242320127348,-1.173315440434213
185,1563426000,57,4,-53,61,29,1.2296836923097179,-1.2909865837368049
185,1563440400,929,8,-921,937,29,-1.9206570446434144,1.832647402113815
185,1563454800,695,24,-671,719,29,-1.013300841603918,1.0553046978724507
185,1563469200,569,24,-545,593,29,-0.5559933152720116,0.6060148779898273
185,1563483600,393,34,-359,427,29,0.1190796997893739,0.014093369255577417
185,1563498000,133,5,-128,138,29,0.9574768313978688,-1.016420582697424
185,1563512400,56,5,-51,61,29,1.2369425419340339,-1.2909865837368049
185,1563526800,812,11,-801,823,29,-1.4851260671844562,1.4261470888866796
185,1563541200,596,21,-575,617,29,-0.6648760596367512,0.6915938913008032
185,1563555600,547,24,-523,571,29,-0.4761459694045359,0.5275674491214327
185,1563570000,431,31,-400,462,29,-0.029726717509103558,0.1388960970007506
185,1563584400,221,9,-212,230,29,0.6526051471765979,-0.688367698338683
185,1563598800,55,5,-50,60,29,1.2405719667461916,-1.2945523759580955
185,1563613200,376,13,-363,389,29,0.10456200054074194,-0.12140673515346774
185,1563627600,529,13,-516,542,29,-0.45073999571943,0.42415947470400356
185,1563642000,512,24,-488,536,29,-0.34911610097900636,0.40276472137625957
185,1563656400,334,22,-312,356,29,0.28966266596079926,-0.2390778784560596
185,1563670800,137,16,-121,153,29,0.9828828050829747,-0.962933699378064
185,1563685200,57,5,-52,62,29,1.2333131171218759,-1.2874207915155143
185,1563699600,234,8,-226,242,29,0.6017931998063861,-0.6455781916831951
185,1563714000,480,11,-469,491,29,-0.28015702954800464,0.24230407141817978
185,1563728400,508,20,-488,528,29,-0.34911610097900636,0.3742383836059343
185,1563742800,307,14,-293,321,29,0.358621737391801,-0.36388060620123275
185,1563757200,113,10,-103,123,29,1.0482124517018185,-1.0699074660167838
185,1563771600,51,7,-44,58,29,1.2623485156191396,-1.301683960400677
185,1563786000,922,13,-909,935,29,-1.8771039468975186,1.8255158176712338
185,1563800400,582,9,-573,591,29,-0.6576172100124352,0.598883293547246
185,1563814800,552,26,-526,578,29,-0.48703424384100985,0.5525279946704674
185,1563829200,308,45,-263,353,29,0.4675044817565406,-0.24977525511993157
185,1563843600,80,7,-73,87,30,1.1351970924551702,-1.1536421522013203
185,1563858000,42,5,-37,47,30,1.2623592615726764,-1.2912900293034266
185,1563872400,930,16,-914,946,30,-1.8354524694287957,1.8023460085664131
185,1563875909,256,11,-245,267,30,0.5276445066715291,-0.5342267052418417
185,1563879156,147,3,-144,150,30,0.8844050366956439,-0.9368467457655028
185,1563886800,297,10,-287,307,30,0.3792886427011051,-0.39657882813973533
185,1563888273,54,2,-52,56,30,1.209375024440382,-1.2603192569554527
185,1563901200,510,22,-488,532,30,-0.33070013487163813,0.3776904805596128
185,1563915600,383,27,-356,410,30,0.13556115189255147,-0.04213554460181152
185,1563930000,97,5,-92,102,30,1.0680837254209308,-1.1020241982880303
185,1563944400,50,5,-45,55,30,1.2341010017687861,-1.2637604538830052
185,1563958800,1000,11,-989,1011,30,-2.100373655090267,2.026023808857336
185,1563973200,697,12,-685,709,30,-1.0265597825424362,0.9867823367364333
185,1563987600,611,30,-581,641,30,-0.6592024050918626,0.7527809456628526
185,1564002000,408,23,-385,431,30,0.033124960103449216,0.030129590876794305
185,1564016400,124,17,-107,141,30,1.0150994882886364,-0.9678175181134766
185,1564030800,53,2,-51,55,30,1.2129073069158685,-1.2637604538830052
185,1564045200,1002,14,-988,1016,30,-2.0968413726147808,2.043229793495099
185,1564059600,720,19,-701,739,30,-1.0830763021502168,1.090018244563013
185,1564074000,579,12,-567,591,30,-0.6097504504350546,0.5807210992852196
185,1564088400,407,34,-373,441,30,0.07551234980928463,0.06454156015232089
185,1564102800,129,11,-118,140,30,0.9762443810582873,-0.9712587150410293
185,1564117200,52,3,-49,55,30,1.2199718718668409,-1.2637604538830052
185,1564131600,840,16,-824,856,30,-1.5175470466350298,1.4926382850866742
185,1564146000,643,14,-629,657,30,-0.8287519639152043,0.8078400965036951
185,1564160400,584,18,-566,602,30,-0.6062181679595683,0.6185742654882989
185,1564174800,489,23,-466,512,30,-0.2529899204109399,0.3088665420085596
185,1564189200,174,13,-161,187,30,0.8243562346123771,-0.8095224594460544
185,1564203600,72,5,-67,77,30,1.1563907873080879,-1.1880541214768467
185,1564218000,401,12,-389,413,30,0.01899583020150408,-0.03181195381915355
185,1564232400,629,16,-613,645,30,-0.7722354443074237,0.7665457333730632
185,1564246800,728,16,-712,744,30,-1.121931409380566,1.1072242292007763
185,1564261200,490,19,-471,509,30,-0.2706513327883713,0.2985429512259017
185,1564275600,204,13,-191,217,30,0.7183877603477885,-0.7062865516194746
185,1564290000,55,6,-49,61,30,1.2199718718668409,-1.2431132723176892
185,1564304400,281,11,-270,292,30,0.439337444784372,-0.4481967820530252
185,1564318800,551,18,-533,569,30,-0.48965284626852096,0.5050147668790612
185,1564333200,614,20,-594,634,30,-0.7051220772731843,0.728692567169984
185,1564347600,379,15,-364,394,30,0.1073028920886612,-0.09719469544265405
185,1564362000,128,8,-120,136,30,0.9691798161073147,-0.98502350275124
185,1564376400,50,7,-43,57,30,1.2411655667197588,-1.2568780600279
185,1564390800,881,9,-872,890,30,-1.6870966054583716,1.6096389806234646
185,1564405200,626,20,-606,646,30,-0.7475094669790198,0.7699869303006158
185,1564419600,566,26,-540,592,30,-0.5143788235969249,0.5841622962127723
185,1564434000,361,21,-340,382,30,0.19207767150033203,-0.13848905857328594
185,1564448400,125,10,-115,135,31,1.0478164766050555,-1.0766920974666832
185,1564462800,47,6,-41,53,31,1.2840640407094837,-1.335825037152929
185,1564477200,948,10,-938,958,31,-1.5796395403941903,1.524117772798931
185,1564491600,663,14,-649,677,31,-0.6569970265268974,0.636113430703381
185,1564506000,595,20,-575,615,31,-0.4207494624224694,0.44018364703817076
185,1564520400,377,25,-352,402,31,0.29118576454087425,-0.23292996458585813
185,1564534800,127,10,-117,137,31,1.041431407304936,-1.0703717818645795
185,1564549200,45,5,-40,50,31,1.2872565753595433,-1.3453055105560843
185,1564563600,969,8,-961,977,31,-1.6530678373455667,1.5841607710189147
185,1564578000,700,24,-676,724,31,-0.743195462078513,0.7846408473528147
185,1564592400,545,39,-506,584,31,-0.20046457156834066,0.3422187552055656
185,1564606800,337,31,-306,368,31,0.43804235844362677,-0.3403753298216186
185,1564621200,91,11,-80,102,31,1.1595551893571499,-1.1809773049013919
185,1564635600,38,3,-35,41,31,1.3032192486098426,-1.3737469307655503
185,1564650000,980,8,-972,988,31,-1.6881857184962248,1.6189225068304844
185,1564664400,684,14,-670,698,31,-0.7240402541781539,0.7024767445254684
185,1564678800,590,30,-560,620,31,-0.37286144267157184,0.45598443604342964
185,1564693200,394,37,-357,431,31,0.27522309129057504,-0.14128538835535656
185,1564707600,126,14,-112,140,31,1.057394080555235,-1.0608913084614242
185,1564722000,42,5,-37,47,31,1.296834179309723,-1.3547859839592395
185,1564736400,865,8,-857,873,31,-1.3210442337393435,1.2555043597095297
185,1564750800,657,12,-645,669,31,-0.644226887926658,0.6108321682949668
185,1564765200,607,19,-588,626,31,-0.4622524128732473,0.4749453828497403
185,1564779600,475,27,-448,502,31,-0.015297561864870112,0.08308581551931975
185,1565413200,61,8,-53,69,32,1.359799152037456,-1.3753209615788926
185,1565427600,300,8,-292,308,32,0.2681445472699824,-0.3219884324752092
185,1565442000,526,21,-505,547,32,-0.7047526527947535,0.7313440966284742
185,1565456400,620,19,-601,639,32,-1.1432415316971698,1.1368110115972563
185,1565470800,371,21,-350,392,32,0.003224182933105925,0.04822048988759169
185,1565485200,163,9,-154,172,32,0.8984723106922057,-0.9213743067768868
185,1565499600,64,10,-54,74,32,1.3552315595488893,-1.3532847162001544
185,1565514000,211,8,-203,219,32,0.6746602787524307,-0.7142336002167482
185,1565528400,488,25,-463,513,32,-0.5129137682749465,0.5814976280530548
185,1565542800,550,22,-528,572,32,-0.8098072800317908,0.841525323522165
185,1565557200,357,19,-338,376,32,0.05803529279590795,-0.022295495324370376
185,1565571600,119,9,-110,128,32,1.0994463801891463,-1.1152932661097825
185,1565586000,53,6,-47,59,32,1.3872047069688571,-1.419393452336369
185,1565600400,817,11,-806,828,32,-2.079597991853371,1.9697810869135581
185,1565614800,619,14,-605,633,32,-1.161511901651437,1.1103675171427705
185,1565629200,524,27,-497,551,32,-0.6682119128862188,0.7489730929314647
185,1565643600,377,21,-356,398,32,-0.024181371998295086,0.07466398434207747
185,1565658000,102,12,-90,114,33,1.1545741500051605,-1.1446992687557485
185,1565672400,36,3,-33,39,33,1.364162451120747,-1.414030214123287
185,1565686800,861,7,-854,868,33,-1.6546444824914721,1.562974502005907
185,1565701200,612,19,-593,631,33,-0.6949506826464183,0.7118887146444848
185,1565715600,504,16,-488,520,33,-0.3088669700650748,0.3132789155005275
185,1565730000,345,24,-321,369,33,0.30518998232620487,-0.228974054506117
185,1565744400,96,6,-90,102,33,1.1545741500051605,-1.1877922200145545
185,1565758800,37,2,-35,39,33,1.3568084756430072,-1.414030214123287
185,1565773200,916,16,-900,932,33,-1.8237859184794893,1.7928035753862066
185,1565787600,687,11,-676,698,33,-1.0001406649726232,0.952491025839486
185,1565802000,570,28,-542,598,33,-0.5074243079640515,0.5933830986827677
185,1565816400,386,24,-362,410,33,0.1544334850325374,-0.08173980437186251
185,1565830800,95,13,-82,108,33,1.1839900519161202,-1.1662457443851515
185,1565845200,36,8,-28,44,33,1.3825473898150968,-1.3960748177654512
185,1565859600,931,12,-919,943,33,-1.8936486855180181,1.8323054473734455
185,1565874000,661,11,-650,672,33,-0.9045389837620048,0.8591229647787392
185,1565888400,596,24,-572,620,33,-0.6177339401301496,0.6723868426572457
185,1565902800,437,25,-412,462,33,-0.029415901910959507,0.10499631774963096
185,1565917200,143,11,-132,154,33,1.0001406649726232,-1.0010560978930612
185,1565931600,45,4,-41,49,33,1.3347465492097876,-1.3781194214076153
185,1565946000,828,16,-812,844,33,-1.5002109974589348,1.4767885994882946
185,1565960400,604,19,-585,623,33,-0.6655347807354588,0.6831600804719473
185,1565974800,638,19,-619,657,33,-0.7905523638570368,0.8052567757052315
185,1565989200,463,23,-440,486,33,-0.13237155859931776,0.19118222026724332
185,1566003600,168,9,-159,177,33,0.9008619960231349,-0.918461274647016
185,1566018000,64,5,-59,69,33,1.2685607699101287,-1.3062978359762716
185,1566032400,333,10,-323,343,33,0.297836006848465,-0.3223421155668637
185,1566046800,582,14,-568,596,33,-0.6030259891746699,0.5862009401396333
185,1566061200,714,22,-692,736,33,-1.058972468794542,1.088952038159039
185,1566075600,482,23,-459,505,33,-0.2022343256378466,0.2594127264270198
185,1566090000,230,14,-216,244,33,0.6912736949075484,-0.6778589634520148
185,1566104400,73,7,-66,80,33,1.242821855738039,-1.2667959639890327
185,1566118800,265,10,-255,275,33,0.5478711730916208,-0.5665355060334321
185,1566133200,534,18,-516,552,33,-0.41182262675343306,0.42819345219067734
185,1566147600,648,25,-623,673,33,-0.8052603148125165,0.8627140440503064
185,1566162000,376,18,-358,394,33,0.16914143598801715,-0.13919707271693743
185,1566176400,125,9,-116,134,33,1.058972468794542,-1.0728776833244047
185,1566190800,54,5,-49,59,33,1.305330647298828,-1.3422086286919435
185,1566205200,850,9,-841,859,33,-1.606843641886163,1.5306547885618023
185,1566219600,599,14,-585,613,33,-0.6655347807354588,0.6472492877562754
185,1566234000,533,17,-516,550,33,-0.41182262675343306,0.421011293647543
185,1566248400,313,22,-291,335,33,0.415499614492303,-0.35107074973940117
185,1566262800,112,13,-99,125,34,1.1142690416205936,-1.1189451400196417
185,1566277200,37,4,-33,41,34,1.358574489961358,-1.4245608754062868
185,1566291600,898,15,-883,913,34,-1.7877835568515181,1.7480215205122203
185,1566306000,595,13,-582,608,34,-0.6736026485095467,0.6383453384535682
185,1566320400,541,17,-524,558,34,-0.45890998178584447,0.45643121024723177
185,1566334800,407,35,-372,442,34,0.10373286893834047,0.03439043280853126
185,1566349200,118,14,-104,132,34,1.0957610531099298,-1.0934771620707546
185,1566363600,42,7,-35,49,34,1.3511712945570926,-1.395454614893273
185,1566378000,897,9,-888,906,34,-1.8062915453621822,1.7225535425633332
185,1566392400,594,20,-574,614,34,-0.6439898668924843,0.6601750338383285
185,1566406800,564,28,-536,592,34,-0.503329154211438,0.5801328174275405
185,1566421200,369,36,-333,405,34,0.2480951793215195,-0.10022602206415769
185,1566435600,105,9,-96,114,34,1.1253738347269922,-1.1589662482250356
185,1566450000,41,5,-36,46,34,1.3474696968549598,-1.406369462585653
185,1566464400,930,10,-920,940,34,-1.9247426718304315,1.8462551497436421
185,1566478800,637,13,-624,650,34,-0.829069751999124,0.7911532061468908
185,1566493200,541,17,-524,558,34,-0.45890998178584447,0.45643121024723177
185,1566507600,385,40,-345,425,34,0.20367600689592597,-0.027460370781623125
185,1566522000,113,17,-96,130,34,1.1253738347269922,-1.100753727199008
185,1566536400,50,5,-45,55,34,1.3141553175357648,-1.3736249195085126
185,1566550800,831,11,-820,842,34,-1.554582901617152,1.4897034584592226
185,1566565200,588,20,-568,608,34,-0.6217802806796875,0.6383453384535682
185,1566579600,576,28,-548,604,34,-0.5477483266370315,0.6237922081970613
185,1566594000,431,26,-405,457,34,-0.018419855232041787,0.08896467127043219
185,1566608400,176,10,-166,186,34,0.8662619955776963,-0.8970099036079112
185,1566622800,75,6,-69,81,34,1.2253169726845776,-1.2790295728412178
185,1566637200,412,12,-400,424,34,8.813327862218938e-05,-0.031098653345749853
185,1566651600,624,17,-607,641,34,-0.7661425910628665,0.7584086630697502
185,1566666000,726,17,-709,743,34,-1.1437055566804117,1.1295134846106765
185,1566680400,481,21,-460,502,34,-0.22200772884934555,0.25268738665613494
185,1566694800,163,17,-146,180,34,0.9402939496203523,-0.9188395989926716
185,1566709200,59,7,-52,66,34,1.288244133620835,-1.3336038113031186
185,1566723600,277,7,-270,284,34,0.48129583455588565,-0.5404582123234918
185,1566738000,536,17,-519,553,34,-0.4404019932751805,0.43823979742659813
185,1566752400,631,23,-608,654,34,-0.7698441887649993,0.8057063364033977
185,1566766800,365,17,-348,382,34,0.19257121378952757,-0.18390652103907246
185,1566781200,138,7,-131,145,34,0.9958179151523442,-1.0461794887371072
185,1566795600,46,9,-37,55,34,1.3437680991528271,-1.3736249195085126
185,1566810000,869,10,-859,879,34,-1.698945212000331,1.6243199133319115
185,1566824400,595,14,-581,609,34,-0.6699010508074138,0.6419836210176949
185,1566838800,548,27,-521,575,34,-0.4478051886794461,0.5182820138373861
185,1566853200,361,33,-328,394,34,0.26660316783218346,-0.1402471302695517
185,1566867600,202,13,-189,215,35,0.7198498590930565,-0.7242544094247957
185,1566882000,85,8,-77,93,35,1.1602990964985895,-1.1896519005073958
185,1566896400,967,10,-957,977,35,-2.300373483116313,2.182572543074723
185,1566910800,642,16,-626,658,35,-0.9986886832838895,0.9656725458997278
185,1566925200,553,21,-532,574,35,-0.6290259304613884,0.6452349290887572
185,1566939600,331,24,-307,355,35,0.2558051268265128,-0.1901917147398447
185,1566954000,196,18,-178,214,35,0.7631082663382428,-0.7280691429582596
185,1566968400,86,5,-81,91,35,1.1445687665912492,-1.1972813675743237
185,1566982800,935,9,-926,944,35,-2.1784634263344245,2.0566863364704133
185,1566997200,665,17,-648,682,35,-1.085205497774262,1.0572261507028622
185,1567011600,504,22,-482,526,35,-0.43239680661963265,0.4621277194824883
185,1567026000,389,24,-365,413,35,0.02771534317007602,0.031062830201063568
185,1567040400,157,15,-142,172,35,0.904681235504307,-0.8882879513637449
185,1567054800,75,5,-70,80,35,1.1878271738364354,-1.239243436442427
185,1567069200,935,15,-920,950,35,-2.154867931473414,2.0795747376711966
185,1567083600,679,17,-662,696,35,-1.1402616524499536,1.1106324201713573
185,1567098000,596,38,-558,634,35,-0.7312730748591015,0.8741189410965934
185,1567112400,434,35,-399,469,35,-0.10599246104231795,0.24468790807504395
185,1567126800,183,12,-171,195,35,0.7906363436760887,-0.8005490800940744
185,1567141200,76,10,-66,86,35,1.203557503743776,-1.2163550352416435
185,1567155600,824,13,-811,837,35,-1.726216441498386,1.6485098483897722
185,1567170000,639,22,-617,661,35,-0.9632954409923734,0.9771167465001196
185,1567184400,607,20,-587,627,35,-0.8453179666873198,0.8474158063623458
185,1567198800,477,31,-446,508,35,-0.29082383745356843,0.3934625158801375
185,1567213200,163,21,-142,184,35,0.904681235504307,-0.8425111489621777
185,1567227600,51,8,-43,59,35,1.2940069007109836,-1.3193528406451696
185,1567242000,316,8,-308,324,35,0.25187254434967765,-0.3084484542772267
185,1567256400,505,17,-488,522,35,-0.45599230148064335,0.44686878534863256
185,1567270800,582,72,-510,654,35,-0.5425091159710159,0.950413611765872
185,1567285200,379,17,-362,396,35,0.03951309060058137,-0.033787639867823335
185,1567299600,152,13,-139,165,35,0.9164789829348124,-0.9149910860979925
185,1567314000,51,4,-47,55,35,1.2782765708036432,-1.3346117747790254
185,1567328400,201,8,-193,209,35,0.7041195291857161,-0.7471428106255793
185,1567342800,425,16,-409,441,35,-0.1453182858106691,0.13787536913805376
185,1567357200,519,14,-505,533,35,-0.5228462035868403,0.48883085421673583
185,1567371600,347,14,-333,361,35,0.15355798242879976,-0.16730331353906108
185,1567386000,115,7,-108,122,35,1.038389039716701,-1.0790246280369418
185,1567400400,29,3,-26,32,35,1.3608608028171807,-1.4223506460486959
185,1567414800,232,5,-227,237,35,0.5704117249733222,-0.6403302716885891
185,1567429200,358,13,-345,371,35,0.10636699270677835,-0.12915597820442173
185,1567443600,400,17,-383,417,35,-0.043071141412956086,0.04632176433491931
185,1567458000,253,12,-241,265,35,0.5153555702976305,-0.5335177327515989
185,1567472400,50,15,-35,65,36,1.1705468200838158,-1.1678544975076242
185,1567486800,36,6,-30,42,36,1.1861382720829026,-1.238753658178336
185,1567501200,969,9,-960,978,36,-1.7138717997472284,1.646533923899324
185,1567515600,617,24,-593,641,36,-0.5694592230142627,0.6077070914632435
185,1567530000,570,22,-548,592,36,-0.4291361550224822,0.4566610535125968
185,1567544400,380,32,-348,412,36,0.19452192494098686,-0.0982019430407994
185,1567558800,86,13,-73,99,36,1.0520517848907567,-1.0630470426030938
185,1567573200,81,7,-74,88,36,1.0489334944909394,-1.0969553368369125
185,1567587600,1018,10,-1008,1028,36,-1.863549738938461,1.800662534053045
185,1567602000,689,23,-666,712,36,-0.7970944222009289,0.8265697178815276
185,1567616400,557,26,-531,583,36,-0.3761252182255873,0.42891790368492694
185,1567630800,350,34,-316,384,36,0.2943072177351419,-0.18451396472688325
185,1567645200,98,9,-89,107,36,1.0021591384936792,-1.0383864649784984
185,1567659600,52,4,-48,56,36,1.1300090448861904,-1.195597647335294
185,1567674000,1130,12,-1118,1142,36,-2.2065616829183687,2.1520757652035294
185,1567688400,658,13,-645,671,36,-0.7316103238047647,0.7001842575554762
185,1567702800,608,31,-577,639,36,-0.5195665766171852,0.6015419470570946
185,1567717200,383,22,-361,405,36,0.15398414974336136,-0.11977994846232036
185,1567731600,99,17,-82,116,36,1.0239871712924007,-1.0106433151508287
185,1567746000,56,6,-50,62,36,1.1237724640865556,-1.1771022141168475
185,1567760400,1120,8,-1112,1128,36,-2.1878519405194647,2.108919754360487
185,1567774800,655,15,-640,670,36,-0.7160188718056779,0.6971016853524018
185,1567789200,652,20,-632,672,36,-0.6910725486071392,0.7032668297585506
185,1567803600,393,30,-363,423,36,0.14774756894372668,-0.06429364880698075
185,1567818000,135,16,-119,151,36,0.9086104264991589,-0.9027532880432239
185,1567832400,47,7,-40,54,36,1.154955368084729,-1.2017627917414428
185,1567846800,328,10,-318,338,36,0.2880706369355072,-0.3263122860683067
185,1567861200,563,20,-543,583,36,-0.41354470302339547,0.42891790368492694
185,1567875600,598,23,-575,621,36,-0.5133299958175505,0.546055647401755
185,1567890000,408,32,-376,440,36,0.10720979374610119,-0.011889921354715557
185,1567904400,149,12,-137,161,36,0.8524811993024467,-0.8719275660124796
185,1567918800,38,9,-29,47,36,1.18925656248272,-1.223340797162964
185,1567933200,245,5,-240,250,36,0.5312972881212601,-0.597578639938856
185,1567947600,456,22,-434,478,36,-0.07365104944330483,0.10524782236211253
185,1567962000,501,15,-486,516,36,-0.23580215023380677,0.2223855660789406
185,1567976400,340,24,-316,364,36,0.2943072177351419,-0.2461654087883717
185,1567990800,88,12,-76,100,36,1.0426969136913047,-1.0599644704000195
185,1568005200,52,3,-49,55,36,1.126890754486373,-1.1986802195383686
185,1568019600,1128,16,-1112,1144,36,-2.1878519405194647,2.158240909609678
185,1568034000,642,15,-627,657,36,-0.6754810966080524,0.6570282467124343
185,1568048400,566,25,-541,591,36,-0.4073081222237608,0.45357848130952233
185,1568062800,348,29,-319,377,36,0.28495234653568985,-0.20609197014840422
185,1568077200,98,12,-86,110,37,1.10383519020037,-1.1192209273707243
185,1568091600,38,8,-30,46,37,1.2630050980755014,-1.2969317108058065
185,1568106000,1257,14,-1243,1271,37,-2.184728799291187,2.104563753381314
185,1568120400,671,13,-658,684,37,-0.5219717259527592,0.4746226615626694
185,1568134800,641,28,-613,669,37,-0.3940673356959571,0.432971696695072
185,1568149200,385,26,-359,411,37,0.3278818893091038,-0.2834248990276032
185,1568163600,105,10,-95,115,37,1.0782543121490096,-1.1053372724148585
185,1568178000,41,6,-35,47,37,1.2487934991580791,-1.2941549798146332
185,1568192400,1183,9,-1174,1192,37,-1.9886087342307568,1.8852020050786344
185,1568206800,698,13,-685,711,37,-0.5987143601068405,0.5495943983243448
185,1568221200,661,20,-641,681,37,-0.47365228963352285,0.4662924685891499
185,1568235600,450,28,-422,478,37,0.1488157429495808,-0.09738392261900149
185,1568250000,85,10,-75,95,37,1.1351007078186994,-1.1608718922383217
185,1568264400,39,3,-36,42,37,1.2459511793745945,-1.308038634770499
185,1568278800,1180,12,-1168,1192,37,-1.97155481552985,1.8852020050786344
185,1568293200,687,15,-672,702,37,-0.561764202921542,0.5246038194037863
185,1568307600,622,28,-594,650,37,-0.3400632598097518,0.38021380786278197
185,1568322000,408,21,-387,429,37,0.24829693537153802,-0.2334437411864863
185,1568336400,95,7,-88,102,37,1.098150550633401,-1.1414347753001095
185,1568350800,44,5,-39,49,37,1.2374242200241412,-1.288601517832287
185,1568365200,1148,10,-1138,1158,37,-1.886285222025315,1.7907931513787472
185,1568379600,694,14,-680,708,37,-0.584502761189418,0.5412642053508252
185,1568394000,675,27,-648,702,37,-0.4935485281179143,0.5246038194037863
185,1568408400,495,34,-461,529,37,0.03796527139368564,0.04422935793082966
185,1568422800,162,16,-146,178,37,0.9332960031913005,-0.9304032199709494
185,1568437200,92,12,-80,104,37,1.120889108901277,-1.1358813133177632
185,1568451600,455,12,-443,467,37,0.0891270274964065,-0.12792796352190625
185,1568466000,779,22,-757,801,37,-0.8033613845177239,0.7995001875299291
185,1568480400,813,129,-684,942,37,-0.595872040323356,1.1910192572853446
185,1568494800,499,22,-477,521,37,-0.007511845142066226,0.02201551000144438
185,1568509200,211,25,-186,236,37,0.8196032118519209,-0.7693528224829062
185,1568523600,65,10,-55,75,37,1.1919471034883893,-1.2164065120617849
185,1568538000,339,18,-321,357,37,0.43589004108151447,-0.4333683725509538
185,1568552400,676,27,-649,703,37,-0.4963908479013988,0.5273805503949595
185,1568566800,689,26,-663,715,37,-0.5361833248701817,0.5607013222890374
185,1568581200,507,20,-487,527,37,-0.03593504297691114,0.03867589594848334
185,1568595600,156,14,-142,170,37,0.9446652823252385,-0.9526170679003346
185,1568610000,71,9,-62,80,37,1.1720508650039978,-1.202522857105919
185,1568624400,1174,14,-1160,1188,37,-1.9488162572619738,1.8740950811139419
185,1568638800,638,12,-626,650,37,-0.43101749288125546,0.38021380786278197
185,1568653200,634,21,-613,655,37,-0.3940673356959571,0.39409746281864777
185,1568667600,376,31,-345,407,37,0.3676743662778867,-0.2945318229922958
185,1568682000,93,13,-80,106,38,1.096924479459216,-1.102426175632641
185,1568696400,70,9,-61,79,38,1.1527857260838779,-1.1812901223376255
185,1568710800,1182,6,-1176,1188,38,-2.125387431100237,2.057973466396739
185,1568725200,719,15,-704,734,38,-0.7376764623191588,0.7318908069869993
185,1568739600,663,19,-644,682,38,-0.5612725256096998,0.580004687407029
185,1568754000,393,24,-369,417,38,0.24724551764198785,-0.19403034506781913
185,1568768400,104,11,-93,115,38,1.0587036265054997,-1.0761381933976462
185,1568782800,72,4,-68,76,38,1.1322052668011078,-1.1900527830826237
185,1568797200,1170,14,-1156,1184,38,-2.066586118863751,2.0462899187367416
185,1568811600,680,17,-663,697,38,-0.6171337722343617,0.6238179911320205
185,1568826000,682,24,-658,706,38,-0.6024334441752401,0.6501059733670154
185,1568840400,402,21,-381,423,38,0.21196473030009602,-0.17650502357782258
185,1568854800,101,15,-86,116,38,1.07928408578827,-1.0732173064826467
185,1568869200,85,14,-71,99,38,1.1233850699656347,-1.122872384037637
185,1568883600,1212,14,-1198,1226,38,-2.1900688745603722,2.1689671691667174
185,1568898000,688,12,-676,700,38,-0.6553546251880779,0.6325806518770187
185,1568912400,688,22,-666,710,38,-0.6259539690698347,0.661789521027013
185,1568926800,406,29,-377,435,38,0.2237249927473933,-0.14145438059782944
185,1568941200,135,11,-124,146,38,0.9675615925389459,-0.9855906990326639
185,1568955600,91,6,-85,97,38,1.0822241514000943,-1.1287141578676358
185,1568970000,1025,10,-1015,1035,38,-1.6520368675965218,1.611077768401827
185,1568984400,755,11,-744,766,38,-0.8552790867921315,0.825359188266981
185,1568998800,686,22,-664,708,38,-0.6200738378461861,0.6559477471970142
185,1569013200,476,24,-452,500,38,0.003220071860569428,0.04840326887713332
185,1569027600,173,10,-163,183,38,0.8528990336777974,-0.8775178831776851
185,1569042000,52,6,-46,58,38,1.1968867102612426,-1.2426287475526134
185,1569056400,350,7,-343,357,38,0.32368722354942014,-0.3692835599677848
185,1569070800,585,15,-570,600,38,-0.3437076703347001,0.340491960377076
185,1569085200,627,21,-606,648,38,-0.4495500323603756,0.48069453229704856
185,1569099600,428,27,-401,455,38,0.15316341806360967,-0.08303664229784091
185,1569114000,165,10,-155,175,38,0.876419558572392,-0.9008849784976806
185,1569128400,62,9,-53,71,38,1.1763062509784725,-1.204657217657621
185,1569142800,233,9,-224,242,38,0.6735550313565141,-0.7051855551927189
185,1569157200,515,16,-499,531,38,-0.13496301189517354,0.13895076324211555
185,1569171600,566,22,-544,588,38,-0.26726596442726785,0.3054413173970829
185,1569186000,369,27,-342,396,38,0.32662728916124445,-0.2553689702828071
185,1569200400,107,14,-93,121,38,1.0587036265054997,-1.0586128719076495
185,1569214800,53,7,-46,60,38,1.1968867102612426,-1.2367869737226147
185,1569229200,1130,8,-1122,1138,38,-1.966623888061724,1.911929120646768
185,1569243600,644,14,-630,658,38,-0.5201116070441593,0.5099034014470428
185,1569258000,662,20,-642,682,38,-0.555392394386051,0.580004687407029
185,1569272400,368,28,-340,396,38,0.3325074203848931,-0.2553689702828071
185,1569286800,89,8,-81,97,39,1.0924987770539,-1.1169407725496223
185,1569301200,46,5,-41,51,39,1.2111872111880537,-1.2514750351784172
185,1569315600,1169,12,-1157,1181,39,-2.1002201011548336,2.053388372876762
185,1569330000,670,13,-657,683,39,-0.6166146744779125,0.5969087470258952
185,1569344400,694,21,-673,715,39,-0.664090048131574,0.6904977992894048
185,1569358800,419,27,-392,446,39,0.16969620166085544,-0.09623517130072187
185,1569373200,96,12,-84,108,39,1.0835971444938386,-1.0847695358340408
185,1569387601,43,4,-39,47,39,1.2171216328947616,-1.2631736667113558
185,1569402000,1181,13,-1168,1194,39,-2.1328594205417257,2.0914089253588126
185,1569416400,743,12,-731,755,39,-0.8361882776260968,0.8074841146187917
185,1569430800,664,23,-641,687,39,-0.5691393008242511,0.608607378558834
185,1569445200,404,32,-372,436,39,0.2290404187279323,-0.1254817501330686
185,1569459600,116,5,-111,121,39,1.003482451453285,-1.04674898335199
185,1569474000,41,4,-37,45,39,1.2230560546014693,-1.2690229824778252
185,1569488400,1198,11,-1187,1209,39,-2.189236426755449,2.1352787936073323
185,1569502800,690,12,-678,702,39,-0.6789261023983433,0.6524772468073541
185,1569517200,674,23,-651,697,39,-0.5988114093577895,0.6378539573911807
185,1569531600,443,27,-416,470,39,0.09848314118036326,-0.026043382103089756
185,1569546000,112,10,-102,122,39,1.0301873491334694,-1.0438243254687554
185,1569560400,64,5,-59,69,39,1.1577774158276848,-1.198831193280193
185,1569574800,1160,9,-1151,1169,39,-2.0824168360347106,2.0182924782779454
185,1569589200,727,13,-714,740,39,-0.7857456931190815,0.7636142463702715
185,1569603600,660,24,-636,684,39,-0.5543032465574819,0.59983340490913
185,1569618000,504,30,-474,534,39,-0.07361508831415955,0.16113472242392923
185,1569632400,167,15,-152,182,39,0.8818268064657774,-0.8683448524746752
185,1569646800,50,8,-42,58,39,1.2082200003347,-1.2310024299957745
185,1569661200,347,6,-341,353,39,0.32102395518190135,-0.36822835444154633
185,1569675600,589,12,-577,601,39,-0.37923780620960523,0.35708680060065223
185,1569690000,654,26,-628,680,39,-0.5305655597306511,0.5881347733761912
185,1569704400,441,12,-429,453,39,0.05990940008676332,-0.07576256611807917
185,1569718800,164,15,-149,179,39,0.890728439025839,-0.8771188261243792
185,1569733200,63,8,-55,71,39,1.1696462592411,-1.1929818775137238
185,1569747600,250,10,-240,260,39,0.6207122513706393,-0.6402215375823708
185,1569762000,491,22,-469,513,39,-0.05877903404739034,0.09971690687600111
185,1569776400,627,31,-596,658,39,-0.4356148124233282,0.5237922999450285
185,1569790800,465,21,-444,486,39,0.015401237286455694,0.020751144028664986
185,1569805200,98,10,-88,108,39,1.0717283010804233,-1.0847695358340408
185,1569819600,48,5,-43,53,39,1.205252789481346,-1.2456257194119478
185,1569834000,895,11,-884,906,39,-1.2901715381892347,1.249107454987227
185,1569848400,578,17,-561,595,39,-0.3317624325559438,0.33953885330124417
185,1569862800,556,16,-540,572,39,-0.2694510046355131,0.27227172198684674
185,1569877200,400,24,-376,424,39,0.21717157531451692,-0.16057764473188466
185,1569891600,88,10,-78,98,40,1.071238274950543,-1.0864457826466427
185,1569906000,42,5,-37,47,40,1.193200080534995,-1.2364984531237275
185,1569920400,938,8,-930,946,40,-1.4631875386580675,1.4085476401880228
185,1569934800,660,14,-646,674,40,-0.618378934121864,0.6082667309769036
185,1569949200,598,16,-582,614,40,-0.42799953028271953,0.4317341774744509
185,1569963600,398,34,-364,432,40,0.22048031404436624,-0.10374790148298908
185,1569978000,103,12,-91,115,40,1.0325674585457167,-1.0364282258209478
185,1569992400,45,3,-42,48,40,1.1783266896100617,-1.2335562438986867
185,1570006800,1160,7,-1153,1167,40,-2.1265407739100866,2.0587758789220567
185,1570021200,703,16,-687,719,40,-0.7403407397063159,0.7406661461037433
185,1570035600,645,24,-621,669,40,-0.5440119794971982,0.5935556848516993
185,1570050000,428,30,-398,458,40,0.11934125575482075,-0.02725046163192623
185,1570064400,100,10,-90,110,40,1.0355421367307034,-1.051139271946152
185,1570078800,42,5,-37,47,40,1.193200080534995,-1.2364984531237275
185,1570093200,1186,9,-1177,1195,40,-2.1979330503497656,2.1411577372232014
185,1570107600,676,23,-653,699,40,-0.6392016814167704,0.6818219616029256
185,1570122000,690,23,-667,713,40,-0.6808471760065833,0.723012890753498
185,1570136400,462,28,-434,490,40,0.012252841095302,0.0669002335693819
185,1570150800,89,11,-78,100,40,1.071238274950543,-1.080561364196561
185,1570165200,48,2,-46,50,40,1.1664279768701151,-1.227671825448605
185,1570179600,1127,11,-1116,1138,40,-2.016477681065581,1.9734518113958714
185,1570194000,707,12,-695,719,40,-0.7641381651862089,0.7406661461037433
185,1570208400,712,23,-689,735,40,-0.7462900960762892,0.7877414937043973
185,1570222800,503,26,-477,529,40,-0.11565832085912317,0.18164639334597618
185,1570237200,145,16,-129,161,40,0.9195296875162248,-0.9010866014690673
185,1570251600,56,3,-53,59,40,1.1456052295752088,-1.201191942423237
185,1570266000,357,7,-350,364,40,0.2621258086341791,-0.30381812878576886
185,1570280400,567,11,-556,578,40,-0.3506578974730671,0.3258146453729793
185,1570294800,607,21,-586,628,40,-0.43989824302266606,0.47292510662502324
185,1570309200,418,18,-400,436,40,0.11339189938484749,-0.09197906458282556
185,1570323600,137,15,-122,152,40,0.9403524348111312,-0.9275664844944352
185,1570338000,50,4,-46,54,40,1.1664279768701151,-1.2159029885484414
185,1570352400,229,11,-218,240,40,0.6547833290524145,-0.6686520726908378
185,1570366800,473,16,-457,489,40,-0.05616475715939054,0.06395802434434102
185,1570381200,567,15,-552,582,40,-0.33875918473312056,0.3375834822731428
185,1570395600,301,26,-275,327,40,0.48522667250817647,-0.4126798701122814
185,1570410000,94,8,-86,102,40,1.04744084947065,-1.074676945746479
185,1570424400,45,7,-38,52,40,1.1902254023500083,-1.221787406998523
185,1570438800,1125,12,-1113,1137,40,-2.007553646510621,1.9705096021708306
185,1570453200,639,10,-629,649,40,-0.5678094049770912,0.5347115003508817
185,1570467600,669,19,-650,688,40,-0.6302776468618105,0.649457660127476
185,1570482000,384,31,-353,415,40,0.2532017740792192,-0.15376545830868402
185,1570496400,81,12,-69,93,41,0.7212178316232801,-0.6957062408524238
185,1570510800,41,3,-38,44,41,0.8072958971447313,-0.8279707622080164
185,1570525200,1151,10,-1141,1161,41,-2.2554172083443214,2.1871204695102855
185,1570539600,719,14,-705,733,41,-1.044770867461976,1.0318303646083755
185,1570554000,674,22,-652,696,41,-0.8976051425382046,0.931957154605173
185,1570568400,421,29,-392,450,41,-0.17566007687442067,0.26793527188117827
185,1570582800,105,8,-97,113,41,0.6434699014748726,-0.6417207219317739
185,1570597200,39,10,-29,49,41,0.8322863032638622,-0.8144743824778539
185,1570611600,895,9,-886,904,41,-1.5473557016356103,1.493406551379933
185,1570626000,645,30,-615,675,41,-0.7948668062706661,0.8752723597384906
185,1570640400,560,20,-540,580,41,-0.5866134219445746,0.6188411448654032
185,1570654800,387,36,-351,423,41,-0.06181489344282398,0.19505482133830082
185,1570669200,89,14,-75,103,41,0.7045575608771928,-0.6687134813920989
185,1570683600,48,8,-40,56,41,0.8017424735627021,-0.7955794508556263
185,1570698000,1173,10,-1163,1183,41,-2.3165048677466418,2.2465045403230004
185,1570712400,691,17,-674,708,41,-0.9586928019405248,0.9643484659575631
185,1570726800,695,27,-668,722,41,-0.9420325311944374,1.002138329202018
185,1570741200,405,24,-381,429,41,-0.14511624717326058,0.2112504770144958
185,1570755600,105,10,-95,115,41,0.6490233250569017,-0.6363221700397089
185,1570770000,47,6,-41,53,41,0.7989657617716877,-0.8036772786937239
185,1570784400,1144,8,-1136,1152,41,-2.2415336493892486,2.1628269859959928
185,1570798800,693,15,-678,708,41,-0.9697996491045829,0.9643484659575631
185,1570813200,682,21,-661,703,41,-0.9225955486573355,0.9508520862274006
185,1570827600,460,25,-435,485,41,-0.29505868388804646,0.36240992999231575
185,1570842000,132,6,-126,138,41,0.5629452595354506,-0.5742388232809614
185,1570856400,0,0,0,0,41,0.9128109452032843,-0.9467389038334463
185,1570870800,0,0,0,0,41,0.9128109452032843,-0.9467389038334463
185,1570885200,0,0,0,0,41,0.9128109452032843,-0.9467389038334463
185,1570899600,0,0,0,0,41,0.9128109452032843,-0.9467389038334463
185,1570914000,0,0,0,0,41,0.9128109452032843,-0.9467389038334463
185,1570928400,0,0,0,0,41,0.9128109452032843,-0.9467389038334463
185,1570942800,0,0,0,0,41,0.9128109452032843,-0.9467389038334463
185,1570957200,0,0,0,0,41,0.9128109452032843,-0.9467389038334463
185,1570971600,0,0,0,0,41,0.9128109452032843,-0.9467389038334463
185,1570986000,0,1,1,1,41,0.9155876569942989,-0.9440396278874138
185,1571000400,1,0,-1,1,41,0.9100342334122697,-0.9440396278874138
185,1571014800,0,0,0,0,41,0.9128109452032843,-0.9467389038334463
185,1571029200,4,2,-2,6,41,0.9072575216212552,-0.9305432481572513
185,1571043600,725,8,-717,733,41,-1.0780914089541505,1.0318303646083755
185,1571058000,563,10,-553,573,41,-0.6227106752277638,0.5999462132431757
185,1571072400,560,20,-540,580,41,-0.5866134219445746,0.6188411448654032
185,1571086800,334,27,-307,361,41,0.06036042536181637,0.027699712684285876
185,1571101200,105,12,-93,117,42,1.0072897617706364,-1.01321135679157
185,1571115600,39,4,-35,43,42,1.1635502126190904,-1.2102863237424553
185,1571130000,1187,14,-1173,1201,42,-1.902387598855745,1.8736705915159957
185,1571144400,671,10,-661,681,42,-0.5229849982624974,0.4888194724016654
185,1571158800,744,19,-725,763,42,-0.6954103233366534,0.7071998411850791
185,1571173200,422,30,-392,452,42,0.20174019618981423,-0.12104765505445317
185,1571187600,98,12,-86,110,42,1.0261487817006223,-1.031853583395032
185,1571202000,43,3,-40,46,42,1.150079484097672,-1.2022967980552572
185,1571216400,1173,13,-1160,1186,42,-1.867363704700057,1.8337229630800054
185,1571230800,821,14,-807,835,42,-0.9163302710879158,0.8989484576778325
185,1571245200,762,25,-737,787,42,-0.7277400717880577,0.7711160466826635
185,1571259600,405,49,-356,454,42,0.298729441544027,-0.11572130459632113
185,1571274000,81,12,-69,93,42,1.071949258673445,-1.0771275622891543
185,1571288400,42,3,-39,45,42,1.1527736298019555,-1.2049599732843232
185,1571302800,1350,11,-1339,1361,42,-2.349615785766837,2.299778628166559
185,1571317200,882,8,-874,890,42,-1.0968380332749228,1.0454230952764636
185,1571331600,791,26,-765,817,42,-0.8031761515080009,0.8510113035546442
185,1571346000,567,28,-539,595,42,-0.19429922233988772,0.25978640270198766
185,1571360400,124,17,-107,141,42,0.9695717219106649,-0.9492951512939853
185,1571374800,57,2,-55,59,42,1.1096672985334166,-1.167675520077399
185,1571389200,1225,11,-1214,1236,42,-2.0128475727313764,1.9668817245333066
185,1571403600,766,12,-754,778,42,-0.7735405487608803,0.7471474696210694
185,1571418000,632,34,-598,666,42,-0.35325381889262525,0.4488718439656751
185,1571432400,535,33,-502,568,42,-0.09461583128139131,0.18788067151720514
185,1571446800,151,12,-139,163,42,0.8833590593735869,-0.890705296254533
185,1571461200,47,5,-42,52,42,1.1446911926891046,-1.1863177466808612
185,1571475600,338,7,-331,345,42,0.3660830841511191,-0.4060074045645173
185,1571490000,615,16,-599,631,42,-0.3559479645969089,0.3556607109483644
185,1571504400,688,14,-674,702,42,-0.5580088924181854,0.5447461522120518
185,1571518800,444,16,-428,460,42,0.10475095083560151,-0.09974225322192501
185,1571533200,146,16,-130,162,42,0.9076063707121401,-0.893368471483599
185,1571547600,35,5,-30,40,42,1.1770209411405088,-1.2182758494296533
185,1571562000,233,4,-229,237,42,0.6408859459880552,-0.6936303293036474
185,1571576400,508,15,-493,523,42,-0.07036851994283812,0.06803778620923424
185,1571590800,435,22,-413,457,42,0.1451631363998568,-0.10773177890912307
185,1571605200,269,18,-251,287,42,0.581614740493814,-0.5604715678503465
185,1571619600,68,14,-54,82,42,1.1123614442377003,-1.1064224898088806
185,1571634000,37,3,-34,40,42,1.1662443583233741,-1.2182758494296533
185,1571648400,1050,11,-1039,1061,42,-1.541372074481731,1.500826059446753
185,1571662800,639,15,-624,654,42,-0.42330160720400106,0.41691374121688285
185,1571677200,635,18,-617,653,42,-0.4044425872740153,0.41425056598781684
185,1571691600,391,29,-362,420,42,0.28256456731832486,-0.2062692623845658
185,1571706000,93,9,-84,102,43,0.9905245567429094,-1.0116185985729818
185,1571720400,38,3,-35,41,43,1.1216683767234104,-1.1727380098339528
185,1571734800,1172,10,-1162,1182,43,-1.8946394828281128,1.84098737129339
185,1571749200,712,13,-699,725,43,-0.6554642042368481,0.6339124377480826
185,1571763600,788,23,-765,811,43,-0.8321069005371148,0.8610643946078123
185,1571778000,409,24,-385,433,43,0.1849268054341175,-0.1373476948454179
185,1571792400,102,9,-93,111,43,0.9664369163383275,-0.9878468821574288
185,1571806800,43,5,-38,48,43,1.1136391632552165,-1.1542488970663005
185,1571821200,1468,10,-1458,1478,43,-2.686855211689915,2.622812711182692
185,1571835600,707,14,-693,721,43,-0.6394057773004602,0.6233472304522812
185,1571850000,662,22,-640,684,43,-0.4975563393623673,0.5256190629661185
185,1571864400,397,38,-359,435,43,0.25451332215846495,-0.13206509119751722
185,1571878800,73,8,-65,81,43,1.041376242041471,-1.0670859368759391
185,1571893200,47,5,-42,52,43,1.1029335452976246,-1.1436836897704992
185,1571907600,1198,16,-1182,1214,43,-1.9481675726160723,1.925509029659801
185,1571922000,764,14,-750,778,43,-0.7919608331961451,0.7739014344174509
185,1571936400,679,19,-660,698,43,-0.551084429150327,0.5625972885014233
185,1571950800,431,42,-389,473,43,0.17422118747652557,-0.03169562188740413
185,1571965200,133,14,-119,147,43,0.89685039961398,-0.8927600164952164
185,1571979600,46,9,-37,55,43,1.1163155677446144,-1.135759784298648
185,1571994000,1172,11,-1161,1183,43,-1.8919630783387147,1.8436286731173404
185,1572008400,728,17,-711,745,43,-0.6875810581096239,0.6867384742270896
185,1572022800,650,26,-624,676,43,-0.4547338675319997,0.5044886483745158
185,1572037200,459,26,-433,485,43,0.056459389943014464,0.0
185,1572051600,151,8,-143,159,43,0.8326166918684286,-0.8610643946078123
185,1572066000,44,5,-39,49,43,1.1109627587658184,-1.1516075952423501
185,1572080400,333,8,-325,341,43,0.34551107479799625,-0.38034746264884955
185,1572094800,640,22,-618,662,43,-0.43867544059561175,0.46751042283921096
185,1572109200,639,23,-616,662,43,-0.43332263161681583,0.46751042283921096
185,1572123600,456,14,-442,470,43,0.03237174953843265,-0.03961952735925516
185,1572138000,153,10,-143,163,43,0.8326166918684286,-0.8504991873120109
185,1572152400,61,4,-57,65,43,1.0627874779566548,-1.1093467660591445
185,1572166800,206,9,-197,215,43,0.6880908494409377,-0.7131514924665929
185,1572181200,380,26,-354,406,43,0.2678953446054549,-0.2086628440920772
185,1572195600,391,21,-370,412,43,0.2250728727750872,-0.19281503314837514
185,1572210000,262,15,-247,277,43,0.5542706249710387,-0.5493907793816716
185,1572224400,83,10,-73,93,43,1.019965006126287,-1.035390314988535
185,1572238800,48,3,-45,51,43,1.0949043318294305,-1.1463249915944493
185,1572253200,1169,16,-1153,1185,43,-1.870551842423531,1.848911276765241
185,1572267600,707,12,-695,719,43,-0.6447585862792562,0.6180646268043806
185,1572282000,629,23,-606,652,43,-0.406558586722836,0.4410974045997075
185,1572296400,398,33,-365,431,43,0.23845489522207708,-0.1426302984933186
185,1572310800,95,7,-88,102,44,1.0444184940194359,-1.084623482679091
185,1572325200,37,6,-31,43,44,1.213691926737771,-1.257499085051175
185,1572339600,1195,8,-1187,1203,44,-2.2192920771639044,2.141411063281321
185,1572354000,695,24,-671,719,44,-0.6869220546610804,0.7232451048391417
185,1572368400,654,20,-634,674,44,-0.5770428088614593,0.5913908318434845
185,1572382800,438,29,-409,467,44,0.09114179397407442,-0.015138823936538473
185,1572397200,103,9,-94,112,44,1.0266002379438215,-1.0553225331245006
185,1572411600,44,3,-41,47,44,1.183994833278414,-1.2457787052293388
185,1572426000,1191,11,-1180,1202,44,-2.1985041117423543,2.138480968325862
185,1572440400,699,14,-685,713,44,-0.7284979855041802,0.7056645351063874
185,1572454800,660,28,-632,688,44,-0.5711033901695879,0.6324121612199112
185,1572469200,396,40,-356,436,44,0.2485363893086668,-0.10597176755576897
185,1572483600,111,13,-98,124,44,1.0147214005600786,-1.0201613936589922
185,1572498000,45,8,-37,53,44,1.1958736706621569,-1.2281981354965845
185,1572512400,1121,16,-1105,1137,44,-1.9757759107971766,1.9480247962210238
185,1572526800,693,17,-676,710,44,-0.7017706013907589,0.6968742502400103
185,1572541200,601,20,-581,621,44,-0.4196482135268669,0.436095799204155
185,1572555600,414,29,-385,443,44,0.16241481827653134,-0.08546110286755564
185,1572570000,126,7,-119,133,44,0.952357504295429,-0.9937905390598606
185,1572584400,51,6,-45,57,44,1.1721159958946712,-1.2164777556747484
185,1572598800,1079,7,-1072,1086,44,-1.8777755023812983,1.7985899534926124
185,1572613200,710,25,-685,735,44,-0.7284979855041802,0.7701266241264865
185,1572627600,692,16,-676,708,44,-0.7017706013907589,0.6910140603290922
185,1572642000,483,29,-454,512,44,-0.04249512659303231,0.11671544905911871
185,1572656400,138,11,-127,149,44,0.9285998295279433,-0.9469090197725158
185,1572670800,54,14,-40,68,44,1.1869645426243496,-1.1842467111646988
185,1572685200,318,7,-311,325,44,0.3821733098757735,-0.43121230761172336
185,1572699600,575,18,-557,593,44,-0.34837518922440996,0.35405314045130165
185,1572714000,671,15,-656,686,44,-0.6423764144720447,0.6265519713089931
185,1572728400,432,37,-395,469,44,0.1327177248171743,-0.009278634025620375
185,1572742800,148,12,-136,160,44,0.9018724454145219,-0.9146779752624663
185,1572753600,53,8,-45,61,44,1.1721159958946712,-1.2047573758529122
185,1572768000,151,14,-137,165,44,0.8989027360685863,-0.9000275004851711
185,1572782400,475,19,-456,494,44,-0.04843454528490372,0.06397373986085583
185,1572796800,537,27,-510,564,44,-0.2087988499654318,0.26908038674298923
185,1572811200,378,16,-362,394,44,0.23071813323305257,-0.229035755685049
185,1572825600,121,8,-113,129,44,0.9701757603710431,-1.0055109188816969
185,1572840000,25,4,-21,29,44,1.243389020197128,-1.2985204144276017
185,1572854400,729,10,-719,739,44,-0.8294681032659942,0.7818470039483227
185,1572868800,963,12,-951,975,44,-1.5184406715230778,1.473349413436658
185,1572883200,531,27,-504,558,44,-0.19098059388981758,0.25149981701023494
185,1572897600,517,31,-486,548,44,-0.1375258256629749,0.22219886745564446
185,1572912000,136,12,-124,148,45,0.5429195606115778,-0.5145207393686738
185,1572926400,17,3,-14,20,45,0.8931194187353131,-0.9068183637984811
185,1572940800,616,6,-610,622,45,-1.004327085280562,0.9382064010979567
185,1572955200,961,12,-949,973,45,-2.0835793753164373,2.013960043089069
185,1572969600,580,10,-570,590,45,-0.8769816823264763,0.840131994990505
185,1572984000,467,26,-441,493,45,-0.4662927577995504,0.5428439514772915
185,1572998400,154,9,-145,163,45,0.47606322406068285,-0.4685483615058057
185,1573012800,22,4,-18,26,45,0.8803848784399045,-0.888429412653334
185,1573027200,762,5,-757,767,45,-1.4723214411368264,1.382606053772348
185,1573041600,1048,14,-1034,1062,45,-2.354188356593869,2.2867294850754196
185,1573056000,553,20,-533,573,45,-0.7591871845939472,0.7880299667459211
185,1573070400,526,50,-476,576,45,-0.5777199853843753,0.7972244423184948
185,1573084800,82,9,-73,91,45,0.7052849493780369,-0.6892157752475724
185,1573099200,0,0,0,0,45,0.9376903097692431,-0.9681148676156386
185,1573113600,735,7,-728,742,45,-1.3799960239951143,1.3059854240009012
185,1573128000,1041,14,-1027,1055,45,-2.331902911076904,2.2652757087394146
185,1573142400,594,20,-574,614,45,-0.8897162226218849,0.9136877995710938
185,1573156800,526,30,-496,556,45,-0.641392686861418,0.7359279385013373
185,1573171200,81,14,-67,95,45,0.7243867598211498,-0.6769564744841409
185,1573185600,0,0,0,0,45,0.9376903097692431,-0.9681148676156386
185,1573200000,676,5,-671,681,45,-1.1985288247855423,1.1190310873585712
185,1573214400,963,14,-949,977,45,-2.0835793753164373,2.026219343852501
185,1573228800,677,22,-655,699,45,-1.1475906636039082,1.1741979407940129
185,1573243200,565,37,-528,602,45,-0.7432690092246865,0.8769098972807994
185,1573257600,148,15,-133,163,45,0.5142668449469086,-0.4685483615058057
185,1573272000,29,2,-27,31,45,0.8517321627752353,-0.8731052866990446
185,1573286400,182,6,-176,188,45,0.37737053677126653,-0.39192773173435896
185,1573300800,531,11,-520,542,45,-0.7177999286338694,0.6930203858293271
185,1573313349,544,21,-523,565,45,-0.7273508338554258,0.7635113652190582
185,1573313418,3,0,-3,3,45,0.9281394045476866,-0.958920392043065
185,1573313480,7,1,-6,8,45,0.9185884993261302,-0.9435962660887756
185,1573313546,5,0,-5,5,45,0.9217721343999824,-0.9527907416613492
185,1573313619,3,0,-3,3,45,0.9281394045476866,-0.958920392043065
185,1573313680,5,0,-5,5,45,0.9217721343999824,-0.9527907416613492
185,1573313746,3,0,-3,3,45,0.9281394045476866,-0.958920392043065
185,1573313819,3,1,-2,4,45,0.9313230396215387,-0.9558555668522071
185,1573313881,2,0,-2,2,45,0.9313230396215387,-0.9619852172339228
185,1573313947,6,1,-5,7,45,0.9217721343999824,-0.9466610912796335
185,1573314029,6,0,-6,6,45,0.9185884993261302,-0.9497259164704913
185,1573314110,7,0,-7,7,45,0.9154048642522781,-0.9466610912796335
185,1573314201,2,0,-2,2,45,0.9313230396215387,-0.9619852172339228
185,1573314282,6,0,-6,6,45,0.9185884993261302,-0.9497259164704913
185,1573314362,5,1,-4,6,45,0.9249557694738345,-0.9497259164704913
185,1573315200,35,5,-30,40,45,0.8421812575536789,-0.8455218599813238
185,1573315448,12,2,-10,14,45,0.9058539590307216,-0.9252073149436284
185,1573329600,472,26,-446,498,45,-0.4822109331688111,0.5581680774315808
185,1573344000,158,11,-147,169,45,0.4696959539129786,-0.4501594103606585
185,1573358400,51,6,-45,57,45,0.7944267314458968,-0.7934198317367399
185,1573372800,138,5,-133,143,45,0.5142668449469086,-0.5298448653229632
185,1573387200,454,19,-435,473,45,-0.44719094735643755,0.4815474476601341
185,1573401600,448,45,-403,493,45,-0.34531462499316906,0.5428439514772915
185,1573416000,329,16,-313,345,45,-0.058787468346476544,0.08924982323032668
185,1573430400,94,11,-83,105,45,0.6734485986395154,-0.6463082225755622
185,1573444800,26,2,-24,28,45,0.8612830679967917,-0.8822997622716182
185,1573459200,498,7,-491,505,45,-0.6254745114921574,0.5796218537675859
185,1573473600,831,16,-815,847,45,-1.6569722754202505,1.6277920690409775
185,1573488000,459,22,-437,481,45,-0.4535582175041418,0.506066049186997
185,1573502400,418,24,-394,442,45,-0.31666190932849986,0.3865378667435401
185,1573516800,66,7,-59,73,46,1.1141151175715238,-1.1334997621932288
185,1573531200,0,0,0,0,46,1.3018464694919805,-1.3600519310905197
185,1573545600,729,7,-722,736,46,-0.9954761760430993,0.9240904840931239
185,1573560000,1045,15,-1030,1060,46,-1.9754974708142972,1.9296096994728802
185,1573574400,622,18,-604,640,46,-0.6200134722021861,0.6261588647213443
185,1573588800,516,33,-483,549,46,-0.23500510639921565,0.3437445171918449
185,1573603200,78,13,-65,91,46,1.0950237936474094,-1.0776375835610201
185,1573617600,0,0,0,0,46,1.3018464694919805,-1.3600519310905197
185,1573632000,702,9,-693,711,46,-0.9032014437432139,0.8465041248817229
185,1573646400,1001,16,-985,1017,46,-1.8323125413834402,1.7961611616292705
185,1573660800,565,17,-548,582,46,-0.44182778224378655,0.4461585113508941
185,1573675200,494,34,-460,528,46,-0.1618216980234444,0.2785719754542681
185,1573689600,64,11,-53,75,46,1.133206441495638,-1.127292853456317
185,1573704000,0,0,0,0,46,1.3018464694919805,-1.3600519310905197
185,1573718400,701,8,-693,709,46,-0.9032014437432139,0.8402972161448109
185,1573732800,1002,9,-993,1011,46,-1.857767639948926,1.7775404354185342
185,1573747200,621,21,-600,642,46,-0.6072859229194433,0.6323657734582564
185,1573761600,518,21,-497,539,46,-0.2795515288888155,0.3127099735072845
185,1573776000,76,13,-63,89,46,1.1013875682887808,-1.0838444922979322
185,1573790400,2,4,2,6,46,1.3082102441333519,-1.3414312048797834
185,1573804800,644,11,-633,655,46,-0.7122882045020715,0.6727106802481848
185,1573819200,1006,19,-987,1025,46,-1.8386763160248116,1.820988796576919
185,1573833600,616,27,-589,643,46,-0.5722851623919005,0.6354692278267124
185,1573848000,528,43,-485,571,46,-0.24136888104058707,0.4120205132978777
185,1573862400,140,17,-123,157,46,0.9104743290476386,-0.8728095952429218
185,1573876800,34,5,-29,39,46,1.2095717371920949,-1.2390172107207342
185,1573891200,211,6,-205,217,46,0.6495595687514106,-0.6866023331355595
185,1573905600,524,13,-511,537,46,-0.3240979513784154,0.3065030647703724
185,1573920000,619,38,-581,657,46,-0.5468300638264149,0.6789175889850969
185,1573934400,473,24,-449,497,46,-0.12682093749590165,0.18236489003213094
185,1573948800,161,14,-147,175,46,0.8341090333511816,-0.8169474166107131
185,1573963200,44,6,-38,50,46,1.1809347513059236,-1.2048792126677177
185,1573977600,132,7,-125,139,46,0.9041105544062671,-0.9286717738751304
185,1573992000,406,17,-389,423,46,0.06409230174524073,-0.047290733233615816
185,1574006400,480,16,-464,496,46,-0.17454924730618723,0.17926143566367492
185,1574020800,332,16,-316,348,46,0.29637007615529726,-0.2800498108678186
185,1574035200,100,7,-93,107,46,1.0059309486682098,-1.0279823136657236
185,1574049600,18,4,-14,22,46,1.2573000470023805,-1.2917759349844868
185,1574064000,680,6,-674,686,46,-0.8427455846501855,0.768917765670322
185,1574078400,866,12,-854,878,46,-1.4154853023736127,1.364781004413881
185,1574092800,514,21,-493,535,46,-0.2668239796060727,0.3002961560334604
185,1574107200,465,26,-439,491,46,-0.09500206428904458,0.16374416382139473
185,1574121600,66,14,-52,80,47,1.1551485415883203,-1.130579856477177
185,1574136000,0,0,0,0,47,1.318471155353381,-1.3766605922265658
185,1574150400,671,10,-661,681,47,-0.7576105311601783,0.7181016708401063
185,1574164800,967,12,-955,979,47,-1.6810114628318675,1.6347524115065797
185,1574179200,568,19,-549,587,47,-0.40583874766620154,0.4289568063345745
185,1574193600,519,32,-487,551,47,-0.21110793894632154,0.31822047524734953
185,1574208000,67,9,-58,76,47,1.1363036246154288,-1.1428838932646463
185,1574222400,0,0,0,0,47,1.318471155353381,-1.3766605922265658
185,1574236800,728,5,-723,733,47,-0.9523413398800583,0.878054149077209
185,1574251200,1059,12,-1047,1071,47,-1.9699668564162056,1.9177452576183767
185,1574265600,586,21,-565,607,47,-0.4560918595939125,0.4904769902719217
185,1574280000,546,35,-511,581,47,-0.286487606837888,0.4105007511533703
185,1574294400,84,9,-75,93,47,1.0829096931922357,-1.0905917369179012
185,1574308800,0,0,0,0,47,1.318471155353381,-1.3766605922265658
185,1574323200,694,8,-686,702,47,-0.8361310185472267,0.7826978639743208
185,1574337600,1074,12,-1062,1086,47,-2.0170791488484348,1.963885395571387
185,1574352000,610,14,-596,624,47,-0.5534572639538525,0.5427691466186668
185,1574366400,611,25,-586,636,47,-0.5220490689990331,0.5796812569810751
185,1574380800,99,5,-94,104,47,1.023234122778079,-1.0567556357523604
185,1574395200,0,0,0,0,47,1.318471155353381,-1.3766605922265658
185,1574409600,650,7,-643,657,47,-0.7010757802415034,0.6442774501152897
185,1574424000,967,19,-948,986,47,-1.659025726363494,1.656284475884651
185,1574438400,592,19,-573,611,47,-0.481218415557768,0.5027810270593911
185,1574452800,573,35,-538,608,47,-0.37128973321590025,0.49355299946878906
185,1574467200,164,16,-148,180,47,0.8536298700220546,-0.822978936790441
185,1574481600,38,14,-24,52,47,1.2430914874618146,-1.216708113989463
185,1574496000,190,9,-181,199,47,0.7499828266711507,-0.7645347620499612
185,1574510400,526,13,-513,539,47,-0.2927692458288519,0.2813083648849412
185,1574524800,625,17,-608,642,47,-0.5911470978996357,0.5981373121622793
185,1574539200,500,24,-476,524,47,-0.17655892449602026,0.23516822693193082
185,1574553600,182,11,-171,193,47,0.7813910216259701,-0.7829908172311654
185,1574568000,54,8,-46,62,47,1.173993458561212,-1.1859480220207894
185,1574582400,141,12,-129,153,47,0.9133054404362113,-0.9060311851058598
185,1574596800,367,11,-356,378,47,0.20033941496181198,-0.21392911581070373
185,1574611200,472,21,-451,493,47,-0.09803843710897187,0.13981194182904266
185,1574625600,286,16,-270,302,47,0.47044989157325845,-0.4477058147726231
185,1574640000,115,19,-96,134,47,1.0169524837871151,-0.9644753598463396
185,1574654400,35,2,-33,37,47,1.2148241120024772,-1.2628482519424735
185,1574668800,658,4,-654,662,47,-0.7356247946918048,0.6596574960996265
185,1574683200,958,17,-941,975,47,-1.6370399898951205,1.62244837471911
185,1574697600,617,19,-598,636,47,-0.5597389029448163,0.5796812569810751
185,1574712000,555,28,-527,583,47,-0.33674071876559897,0.41665276954710506
185,1574726400,124,14,-110,138,48,0.9164000065996916,-0.8777023385629162
185,1574740800,24,4,-20,28,48,1.3191148532499466,-1.3557642417194342
185,1574755200,704,8,-696,712,48,-1.7057211060341915,1.6169115924538229
185,1574769600,960,12,-948,972,48,-2.833322676654906,2.7468760908237746
185,1574784000,599,25,-574,624,48,-1.1598187583527346,1.2344620699286084
185,1574798400,507,30,-477,537,48,-0.7257816458519041,0.856358564704817
185,1574812800,149,15,-134,164,48,0.8090093808262903,-0.7647058887259212
185,1574827200,28,2,-26,30,48,1.2922671968065962,-1.3470722071165884
185,1574841600,642,7,-635,649,48,-1.432769932193463,1.3431125024641808
185,1574847661,561,8,-553,569,48,-1.0658519608010084,0.9954311183503495
185,1574856000,356,13,-343,369,48,-0.12618398528374652,0.1262276580657714
185,1574863371,257,12,-245,269,48,0.31232773662430896,-0.3083740720765176
185,1574870400,397,12,-385,409,48,-0.3141175803871989,0.300068350122687
185,1574884800,506,25,-481,531,48,-0.7436800834808043,0.8302824608962797
185,1574899200,163,11,-152,174,48,0.7284664114962393,-0.7212457157116923
185,1574913600,25,9,-16,34,48,1.3370132908788468,-1.329688137910897
185,1574928000,156,6,-150,162,48,0.7374156303106894,-0.7733979233287669
185,1574942400,300,6,-294,306,48,0.09307187567028122,-0.14757143192387068
185,1574956800,355,17,-338,372,48,-0.10381093824762125,0.1392657099700401
185,1574971200,299,13,-286,312,48,0.12886875092808167,-0.12149532811533334
185,1574985600,147,12,-135,159,48,0.8045347714190652,-0.7864359752330355
185,1575000000,31,5,-26,36,48,1.2922671968065962,-1.320996103308051
185,1575014400,244,4,-240,248,48,0.33470078366043426,-0.3996404354063983
185,1575028800,511,13,-498,524,48,-0.8197484434036303,0.7998603397863194
185,1575043200,521,28,-493,549,48,-0.797375396367505,0.9085107723218917
185,1575057600,398,20,-378,418,48,-0.2827953145366235,0.33918250583549303
185,1575072000,168,13,-155,181,48,0.715042583274564,-0.6908235946017319
185,1575086400,38,3,-35,41,48,1.2519957121415708,-1.2992660168009367
185,1575100800,153,4,-149,157,48,0.7418902397179143,-0.7951280098358814
185,1575115200,419,12,-407,431,48,-0.41255898734615015,0.39568073075399063
185,1575129600,583,23,-560,606,48,-1.0971742266515838,1.1562337585029965
185,1575144000,426,17,-409,443,48,-0.42150820616060025,0.4478329383710653
185,1575158400,155,12,-143,167,48,0.7687378961612648,-0.7516678368216525
185,1575172800,62,7,-55,69,48,1.1625035239970696,-1.1775775323610957
185,1575187200,119,9,-110,128,48,0.9164000065996916,-0.9211625115771451
185,1575201600,375,13,-362,388,48,-0.2112015640210226,0.20880198679280634
185,1575216000,424,15,-409,439,48,-0.42150820616060025,0.4304488691653737
185,1575230400,229,21,-208,250,48,0.4778882846916361,-0.39094840080355253
185,1575244800,92,5,-87,97,48,1.0193160229658678,-1.0558890479212548
185,1575259200,19,5,-14,24,48,1.345962509693297,-1.3731483109251257
185,1575273600,694,7,-687,701,48,-1.6654496213691659,1.569105402138171
185,1575275268,201,3,-198,204,48,0.5226343787638866,-0.5908651966690055
185,1575288000,683,10,-673,693,48,-1.602805089668015,1.5343372637267878
185,1575302400,524,27,-497,551,48,-0.8152738339964052,0.9172028069247374
185,1575316800,404,29,-375,433,48,-0.26937148631494834,0.4043727653568364
185,1575331200,103,13,-90,116,49,1.0854416820151493,-1.084352380345033
185,1575345600,19,6,-13,25,49,1.336771129973694,-1.3761084379077728
185,1575360000,707,7,-700,714,49,-0.9056097888252692,0.832901712210113
185,1575374400,913,11,-902,924,49,-1.5649415873658667,1.5061849219702814
185,1575388800,563,22,-541,585,49,-0.3866307988848979,0.4193134547860096
185,1575403200,566,37,-529,603,49,-0.34746257322902074,0.47702344419402404
185,1575417600,140,14,-126,154,49,0.967937005047518,-0.9625201804836693
185,1575432000,25,9,-16,34,49,1.3269790735597247,-1.3472534432037655
185,1575446400,720,8,-712,728,49,-0.9447780144811463,0.8777872595274576
185,1575460800,1014,14,-1000,1028,49,-1.8848154302221964,1.839620416327698
185,1575475200,610,16,-594,626,49,-0.5596237955316883,0.5507639862153758
185,1575489600,561,29,-532,590,49,-0.35725462964299004,0.4353440073993469
185,1575504000,127,20,-107,147,49,1.02995336233599,-0.9849629541423416
185,1575518400,23,7,-16,30,49,1.3269790735597247,-1.3600778852944353
185,1575532800,709,8,-701,717,49,-0.9088738076299256,0.8425200437781154
185,1575547200,1085,22,-1063,1107,49,-2.0904486149155512,2.092903147618428
185,1575561600,610,17,-593,627,49,-0.5563597767270319,0.5539700967380433
185,1575576000,539,35,-504,574,49,-0.26586210311261016,0.38404623903666746
185,1575590400,165,14,-151,179,49,0.8863365349311074,-0.8823674174169825
185,1575604800,17,12,-5,29,49,1.3628832804109452,-1.3632839958171028
185,1575619200,634,9,-625,643,49,-0.6608083784760375,0.6052678651007227
185,1575633600,958,9,-949,967,49,-1.7183504711847188,1.6440476744449823
185,1575648000,616,20,-596,636,49,-0.5661518331410011,0.5828250914420505
185,1575662400,558,30,-528,588,49,-0.34419855442436437,0.428931786354012
185,1575676800,189,24,-165,213,49,0.8406402716659175,-0.7733596596462887
185,1575691200,49,5,-44,54,49,1.2355865470293448,-1.283131232750416
185,1575705600,212,5,-207,217,49,0.7035514818703477,-0.7605352175556188
185,1575720000,552,15,-537,567,49,-0.37357472366627215,0.36160346537799515
185,1575734400,572,26,-546,598,49,-0.40295089290818,0.4609928915806867
185,1575748800,480,15,-465,495,49,-0.13856536973100964,0.13076350774593745
185,1575763200,160,13,-147,173,49,0.8993926101497332,-0.9016040805529875
185,1575777600,49,4,-45,53,49,1.2323225282246884,-1.2863373432730836
185,1575792000,136,5,-131,141,49,0.9516169110242358,-1.0041996172783465
185,1575806400,393,16,-377,409,49,0.14866828507875565,-0.14496199720346484
185,1575820800,522,18,-504,540,49,-0.26586210311261016,0.2750384812659735
185,1575835200,313,19,-294,332,49,0.41958184586523883,-0.39183250744885995
185,1575849600,122,8,-114,130,49,1.0071052307033952,-1.0394668330276886
185,1575864000,16,5,-11,21,49,1.3432991675830068,-1.3889328799984426
185,1575878400,671,8,-663,679,49,-0.7848410930529816,0.7206878439167517
185,1575892800,968,22,-946,990,49,-1.7085584147707495,1.717788216466334
185,1575907200,555,19,-536,574,49,-0.3703107048616157,0.38404623903666746
185,1575921600,471,49,-422,520,49,0.0017874388692165778,0.21091627081262415
185,1575936000,61,27,-34,88,50,1.2405490607949157,-1.1604887305740177
185,1575950400,10,12,2,22,50,1.3569082530977639,-1.3699206811697973
185,1575964800,701,8,-693,709,50,-0.889470598304444,0.8100755318499099
185,1575979200,1074,14,-1060,1088,50,-2.0756879198362572,2.0127226420893116
185,1575993600,556,17,-539,573,50,-0.391711831231149,0.3785187851676971
185,1576008000,517,34,-483,551,50,-0.21070864320449628,0.3087081349691039
185,1576022400,140,17,-123,157,50,0.9528832798239856,-0.941537145860248
185,1576036800,22,2,-20,24,50,1.285799857801579,-1.3635742584244708
185,1576051200,656,8,-648,664,50,-0.7440216079258838,0.6672810200800601
185,1576065600,1028,14,-1014,1042,50,-1.9270067296715068,1.8667549189467985
185,1576080000,605,22,-583,627,50,-0.533928621823519,0.5498721992915169
185,1576094400,510,41,-469,551,50,-0.1654578461978331,0.3087081349691039
185,1576108800,142,19,-123,161,50,0.9528832798239856,-0.9288443003695945
185,1576123200,29,6,-23,35,50,1.2761032584430083,-1.328668933325174
185,1576137600,687,10,-677,697,50,-0.8377554017254004,0.77199699537795
185,1576152000,980,18,-962,998,50,-1.758932340789615,1.727133618549612
185,1576166400,542,48,-494,590,50,-0.2462628408525888,0.4324633785029737
185,1576180800,513,35,-478,548,50,-0.19454764427354515,0.29918850085111387
185,1576195200,127,13,-114,140,50,0.9819730778996976,-0.9954817391955245
185,1576209600,21,7,-14,28,50,1.3051930565187204,-1.3508814129338174
185,1576224000,634,11,-623,645,50,-0.6632166132711281,0.6069900039994568
185,1576238400,940,22,-918,962,50,-1.6167155501972452,1.6128980091337322
185,1576252800,638,19,-619,657,50,-0.6502878141263672,0.6450685404714168
185,1576267200,554,53,-501,607,50,-0.2688882393559204,0.4864079718382503
185,1576281600,157,16,-141,173,50,0.8947036836725615,-0.8907657638976346
185,1576296000,42,12,-30,54,50,1.2534778599396768,-1.2683779172445708
185,1576310400,179,6,-173,185,50,0.7912732905144741,-0.8526872274256747
185,1576324800,540,15,-525,555,50,-0.3464610342244858,0.3214009804597572
185,1576339200,575,24,-551,599,50,-0.43049822866543175,0.4610222808569437
185,1576353600,453,14,-439,467,50,-0.06849185261212629,0.04215837966538421
185,1576368000,189,13,-176,202,50,0.7815766911559034,-0.798742634090398
185,1576382400,58,11,-47,69,50,1.198530463574443,-1.2207797466546209
185,1576396800,140,8,-132,148,50,0.9237934817482735,-0.9700960482142179
185,1576411200,447,10,-437,457,50,-0.062027453039745835,0.010426265938750914
185,1576425600,528,22,-506,550,50,-0.2850492382868715,0.3055349235964405
185,1576440000,354,23,-331,377,50,0.28058572429641826,-0.24343064387431543
185,1576454400,115,16,-99,131,50,1.030456074692551,-1.0240406415494945
185,1576468800,17,3,-14,20,50,1.3051930565187204,-1.376267103915124
185,1576483200,681,19,-662,700,50,-0.789272404932547,0.7815166294959399
185,1576497600,1002,14,-988,1016,50,-1.8429695352305608,1.784251423257552
185,1576512000,612,21,-591,633,50,-0.5597862201130408,0.5689114675274969
185,1576526400,526,30,-496,556,50,-0.25272724042496925,0.32457419183242053
185,1576540800,128,19,-109,147,51,1.0143002831128116,-0.9825329139139432
185,1576555200,33,3,-30,36,51,1.2934747616999795,-1.3645971765435871
185,1576569600,663,12,-651,675,51,-0.90104867124472,0.8348538488649043
185,1576584000,1016,18,-998,1034,51,-2.12729606453266,2.0705391667391586
185,1576598400,548,26,-522,574,51,-0.44518148469099017,0.48720979007576876
185,1576612800,474,28,-446,502,51,-0.176608568581816,0.2393843224241077
185,1576627200,130,17,-113,147,51,1.0001648664754867,-0.9825329139139432
185,1576641600,23,2,-21,25,51,1.3252794491339606,-1.4024594007681466
185,1576656000,659,10,-649,669,51,-0.8939809629260576,0.8142017265605993
185,1576670400,953,15,-938,968,51,-1.9152648149727858,1.8433658213918027
185,1576684800,619,21,-598,640,51,-0.7137544008001644,0.7143831354231247
185,1576699200,488,30,-458,518,51,-0.21901481849379087,0.2944566485689213
185,1576713600,141,17,-124,158,51,0.9612924707228431,-0.9446706896893838
185,1576728000,26,5,-21,31,51,1.3252794491339606,-1.3818072784638415
185,1576742400,659,11,-648,670,51,-0.8904471087667263,0.8176437469446501
185,1576756800,942,19,-923,961,51,-1.8622570025828171,1.8192716787034466
185,1576771200,584,33,-551,617,51,-0.5476632553115961,0.6352166665899551
185,1576785600,523,44,-479,567,51,-0.2932257558397469,0.4631156473874128
185,1576800000,153,23,-130,176,51,0.9400893457668555,-0.8827143227764686
185,1576814400,26,5,-21,31,51,1.3252794491339606,-1.3818072784638415
185,1576828800,630,11,-619,641,51,-0.7879653381461204,0.7178251558071755
185,1576843200,954,14,-940,968,51,-1.922332523291448,1.8433658213918027
185,1576857600,577,28,-549,605,51,-0.5405955469929337,0.593912421981345
185,1576872000,517,103,-414,620,51,-0.06352523548321634,0.6455427277421077
185,1576886400,204,22,-182,226,51,0.7563289294816311,-0.7106133035739262
185,1576900800,47,6,-41,53,51,1.2546023659473358,-1.306082830014723
185,1576915200,179,6,-173,185,51,0.7881336169156123,-0.8517361393200109
185,1576929600,508,7,-501,515,51,-0.37097054734503415,0.2841305874167687
185,1576944000,590,18,-572,608,51,-0.6218741926575522,0.6042384831334976
185,1576958400,454,21,-433,475,51,-0.1306684645105099,0.14644977205473483
185,1576972800,160,22,-138,182,51,0.9118185124922057,-0.8620622004721635
185,1576987200,51,5,-46,56,51,1.2369330951506796,-1.2957567688625702
185,1577001600,134,6,-128,140,51,0.9471570540855181,-1.006627056602299
185,1577016000,401,12,-389,413,51,0.02482111850006464,-0.06695549175641771
185,1577030400,530,12,-518,542,51,-0.43104606805366524,0.3770651377861416
185,1577044800,372,20,-352,392,51,0.1555737223953205,-0.1392379198214855
185,1577059200,116,14,-102,130,51,1.0390372622281303,-1.0410472604428076
185,1577073600,29,12,-17,41,51,1.3394148657712857,-1.347387074623333
185,1577088000,401,5,-396,406,51,8.413938474596275e-05,-0.09104963444477365
185,1577102400,765,15,-750,780,51,-1.2509002330185126,1.1962659891902434
185,1577116800,517,24,-493,541,51,-0.34269971407038424,0.37362311740209075
185,1577131200,474,24,-450,498,51,-0.19074398521914096,0.22561624088790433
185,1577145600,152,28,-124,180,52,0.7861572971905785,-0.626010793429166
185,1577160000,28,14,-14,42,52,1.3227279447043134,-1.2813040133524902
185,1577174400,323,6,-317,329,52,-0.15528029344715655,0.08151594402427835
185,1577188800,589,19,-570,608,52,-1.389392782728747,1.4063478886518688
185,1577203200,478,17,-461,495,52,-0.8577000501924096,0.8697672085697264
185,1577217600,302,21,-281,323,52,0.02032464573915672,0.05302493446239469
185,1577232000,143,10,-133,153,52,0.7422560623940001,-0.7542203364576425
185,1577246400,34,5,-29,39,52,1.2495592200433494,-1.2955495181334322
185,1577260800,77,3,-74,80,52,1.030053046060458,-1.1008609527938937
185,1577275200,185,8,-177,193,52,0.5276278033885061,-0.5642802727117514
185,1577289600,287,10,-277,297,52,0.03983630564874708,-0.07043610697243452
185,1577304000,252,19,-233,271,52,0.25446456465424105,-0.19389714840726374
185,1577318400,96,9,-87,105,52,0.9666401513542893,-0.9821484129527118
185,1577332800,24,11,-13,35,52,1.3276058596817109,-1.3145435245080213
185,1577347200,337,5,-332,342,52,-0.2284490181081204,0.14324646474169295
185,1577361600,585,10,-575,595,52,-1.413782357615735,1.3446173679344542
185,1577376000,530,22,-508,552,52,-1.0869620541300964,1.1404317994076212
185,1577390400,426,25,-401,451,52,-0.5650251515485541,0.6608331384492462
185,1577404800,136,12,-124,148,52,0.7861572971905785,-0.7779628444258788
185,1577419200,29,8,-21,37,52,1.2885825398625301,-1.3050465213207267
185,1577433600,349,4,-345,353,52,-0.2918619128142891,0.195479982271813
185,1577448000,702,13,-689,715,52,-1.96986466503906,1.9144375591721274
185,1577462400,597,24,-573,621,52,-1.4040265276609396,1.4680784093692834
185,1577476800,503,17,-486,520,52,-0.9796479246273493,0.9884797484109084
