remote_unit_id,time_stamp,entries,exits,num_people_exited,sum_exit_entry,week_num,z_score_num_people_exited,z_score_sum_exit_entry
181,1546311600,93,342,249,435,1,0.9677219929950005,-0.6246774418681537
181,1546326000,72,159,87,231,1,0.3544998149541405,-1.0875265439939619
181,1546340400,257,193,-64,450,1,-0.2170838201333277,-0.5906444196530207
181,1546354800,359,265,-94,624,1,-0.330643482733487,-0.19586136195747844
181,1546369200,332,371,39,703,1,0.17280435479388576,-0.016620778291111533
181,1546383600,131,331,200,462,1,0.7822412107480737,-0.5634180018809144
181,1546398000,38,124,86,162,1,0.35071449286746853,-1.2440784461835734
181,1546412400,198,73,-125,271,1,-0.44798846742031817,-0.9967718180869407
181,1546426800,997,394,-603,1391,1,-2.2573724248495224,1.5443605073096534
181,1546441200,569,406,-163,975,1,-0.5918307067138532,0.6005113578766328
181,1546455600,545,783,238,1328,1,0.9260834500416087,1.401421814006095
181,1546470000,159,568,409,727,1,1.5733735268625166,0.037832057253101195
181,1546484400,47,182,135,229,1,0.5361952751143954,-1.092064280289313
181,1546498800,250,101,-149,351,1,-0.5388361975004455,-0.8152623662728983
181,1546513200,1115,432,-683,1547,1,-2.5601981917832806,1.8983039383470361
181,1546527600,530,428,-102,958,1,-0.36092605942686273,0.5619405993661487
181,1546542000,603,752,149,1355,1,0.589189784327803,1.4626812539933343
181,1546556400,200,547,347,747,1,1.338683557488854,0.0832094202066118
181,1546570800,56,200,144,256,1,0.5702631738944431,-1.0308048403020738
181,1546585200,265,95,-170,360,1,-0.618327961320557,-0.7948425529438184
181,1546599600,1101,470,-631,1571,1,-2.3633614432763377,1.952756773891249
181,1546601564,89,27,-62,116,1,-0.20951317595998373,-1.3484463809766478
181,1546614000,512,517,5,1029,1,0.0441034038470386,0.7230302378511114
181,1546628400,645,824,179,1469,1,0.7027494469279623,1.7213322228283447
181,1546642800,233,574,341,807,1,1.3159716249688223,0.21934150906714364
181,1546657200,58,234,176,292,1,0.6913934806679463,-0.9491255869857546
181,1546671600,111,79,-32,190,1,-0.09595351335982448,-1.1805501380486587
181,1546686000,474,267,-207,741,1,-0.7583848785274201,0.06959621132055863
181,1546700400,462,433,-29,895,1,-0.08459754709980856,0.4190019060625903
181,1546714800,467,461,-6,928,1,0.0024648608936468685,0.49387455493588284
181,1546729200,210,414,204,624,1,0.7973824990947616,-0.19586136195747844
181,1546743600,59,230,171,289,1,0.6724668702345864,-0.9559321914287812
181,1546758000,86,69,-17,155,1,-0.039173682059744856,-1.2599605232173023
181,1546772400,381,164,-217,545,1,-0.7962380993941399,-0.37510194562384536
181,1546786800,469,299,-170,768,1,-0.618327961320557,0.13085565130779794
181,1546801200,414,486,72,900,1,0.2977199836540609,0.43034624680096795
181,1546815600,132,376,244,508,1,0.9487953825616406,-0.45905006708783996
181,1546830000,48,144,96,192,1,0.3885677137341883,-1.1760124017533076
181,1546844400,239,87,-152,326,1,-0.5501921637604615,-0.8719840699647865
181,1546858800,1092,415,-677,1507,1,-2.5374862592632486,1.807549212440015
181,1546873200,498,379,-119,877,1,-0.42527653490028633,0.37816227940443076
181,1546887600,609,904,295,1513,1,1.1418468089819114,1.8211624213260682
181,1546902000,210,530,320,740,1,1.236479861148711,0.0673273431728831
181,1546916400,51,187,136,238,2,0.541867961048914,-1.1244713923276677
181,1546930800,257,82,-175,339,2,-0.5071729915553419,-0.9219662916588516
181,1546945200,1189,413,-776,1602,2,-2.534419334047811,1.610349967199712
181,1546959600,497,443,-54,940,2,-0.09902522542957032,0.2830393073704411
181,1546974000,641,815,174,1456,2,0.6700465983446108,1.3176198216784527
181,1546988400,226,579,353,805,2,1.2738354424480252,0.012364172813112466
181,1547002800,39,184,145,223,2,0.5722260593557895,-1.1545464072784821
181,1547017200,251,140,-111,391,2,-0.2912931813731156,-0.817706239829362
181,1547031600,1216,600,-616,1816,2,-1.994719808592245,2.039420180497996
181,1547046000,551,453,-98,1004,2,-0.2474425949298509,0.4113593711605821
181,1547060400,609,850,241,1459,2,0.896045774629129,1.3236348246686156
181,1547074800,183,528,345,711,2,1.2468504661752469,-0.1761059208786571
181,1547089200,50,200,150,250,2,0.589091669526276,-1.1004113803670164
181,1547103600,250,82,-168,332,2,-0.4835611373166609,-0.9360012986358982
181,1547118000,1182,499,-683,1681,2,-2.220718984876763,1.768745045940667
181,1547132400,544,403,-141,947,2,-0.3924868423960342,0.29707431434748777
181,1547146800,641,854,213,1495,2,0.801598357674405,1.3958148605505698
181,1547161200,197,548,351,745,2,1.2670891983798305,-0.1079358869901447
181,1547175600,45,181,136,226,2,0.541867961048914,-1.1485314042883192
181,1547190000,250,89,-161,339,2,-0.4599492830779799,-0.9219662916588516
181,1547204400,1141,488,-653,1629,2,-2.1195253238538445,1.6644849941111775
181,1547218800,544,437,-107,981,2,-0.27780069323672646,0.36524434823600016
181,1547233200,631,828,197,1459,2,0.7476284051288484,1.3236348246686156
181,1547247600,233,552,319,785,2,1.1591492932887173,-0.02773584712130659
181,1547262000,63,265,202,328,2,0.7644940152993348,-0.944021302622782
181,1547276400,108,74,-34,182,2,-0.031562784747624605,-1.2367514481440411
181,1547290800,459,235,-224,694,2,-0.6724559712261089,-0.2101909378229133
181,1547305200,503,371,-132,874,2,-0.3621287440891586,0.1507092415868582
181,1547319600,429,497,68,926,2,0.31249566273029855,0.2549692934163478
181,1547334000,220,379,159,599,2,0.6194497678331515,-0.4006660325114038
181,1547348400,53,213,160,266,2,0.6228228898672489,-1.0683313644194812
181,1547362800,72,84,12,156,2,0.12360082882085054,-1.288881474058786
181,1547377200,348,172,-176,520,2,-0.5105461135894392,-0.559061111252359
181,1547391600,378,282,-96,660,2,-0.24069635086165633,-0.2783609717114257
181,1547406000,311,438,127,749,2,0.5115098627420384,-0.09991588300326089
181,1547420400,131,330,199,461,2,0.754374649197043,-0.6773561700588953
181,1547434800,40,123,83,163,2,0.3630924932417578,-1.2748464670817392
181,1547449200,243,92,-151,335,2,-0.4262180627370071,-0.9299862956457353
181,1547463600,1140,437,-703,1577,2,-2.288181425558709,1.560224942281688
181,1547478000,550,431,-119,981,2,-0.3182781576458939,0.36524434823600016
181,1547492400,639,835,196,1474,2,0.7442552830947511,1.3537098396194298
181,1547506800,188,565,377,753,2,1.35479037126636,-0.09189587901637708
181,1547521200,55,157,102,212,3,0.4335947917075217,-1.120081003570942
181,1547535600,292,109,-183,401,3,-0.6479651863864491,-0.7109068085774128
181,1547550000,1168,467,-701,1635,3,-2.613747883413385,1.9606326444491222
181,1547564400,517,455,-62,972,3,-0.18877656410795624,0.5252755477257894
181,1547578800,629,830,201,1459,3,0.8092945735717431,1.5796027062540896
181,1547593200,201,570,369,771,3,1.4468457185534522,0.09012203876441699
181,1547607600,46,177,131,223,3,0.5436482631626977,-1.0962666324337524
181,1547622000,252,85,-167,337,3,-0.5872460297215244,-0.8494631497392429
181,1547636400,1134,499,-635,1633,3,-2.363281362170571,1.956302758787815
181,1547650800,546,448,-98,994,3,-0.32539466660403676,0.5729042900001685
181,1547665200,640,846,206,1486,3,0.8282693100295321,1.6380561626817367
181,1547679600,230,571,341,801,3,1.340587194389834,0.15507032368402482
181,1547694000,42,169,127,211,3,0.5284684739964665,-1.1222459464015957
181,1547708400,240,113,-127,353,3,-0.43544813805921273,-0.8148240644487853
181,1547722800,1125,477,-648,1602,3,-2.4126156769608222,1.8891895310375537
181,1547737200,520,374,-146,894,3,-0.5075521365988107,0.35641000693480906
181,1547751600,638,831,193,1469,3,0.7789349952392808,1.6012521345606257
181,1547766000,217,596,379,813,3,1.48479519146903,0.18104963765186793
181,1547780400,44,200,156,244,3,0.6385219454516424,-1.050802832990027
181,1547794800,244,96,-148,340,3,-0.5151420311819264,-0.842968321247282
181,1547797311,62,105,43,167,3,0.20969290150561196,-1.2175034309503538
181,1547809200,1089,384,-705,1473,3,-2.6289276725796165,1.60991190588324
181,1547823600,515,451,-64,966,3,-0.1963664586910718,0.5122858907418678
181,1547838000,692,796,104,1488,3,0.4411846862906373,1.642386048343044
181,1547852400,360,487,127,847,3,0.5284684739964665,0.25465769389409015
181,1547866800,55,259,204,314,3,0.8206794154464164,-0.8992568348442755
181,1547881200,112,71,-41,183,3,-0.10908267098524259,-1.1828643456598964
181,1547895600,462,230,-232,692,3,-0.8339176036727809,-0.08090844485721693
181,1547910000,483,411,-72,894,3,-0.22672603702353414,0.35641000693480906
181,1547924400,405,492,87,897,3,0.3766705823341548,0.3629048354267698
181,1547938800,197,363,166,560,3,0.6764714183672204,-0.36668089850349134
181,1547953200,66,213,147,279,3,0.6043674198276223,-0.9750298339171513
181,1547967600,78,95,17,173,3,0.11102427192510936,-1.2045137739664322
181,1547982000,314,192,-122,506,3,-0.41647340160142376,-0.4835878113587854
181,1547996400,372,429,57,801,3,0.26282216358742105,0.15507032368402482
181,1548010800,309,491,182,800,3,0.737190575032145,0.15290538085337121
181,1548025200,127,268,141,395,3,0.5815977360782756,-0.7238964655613344
181,1548039600,32,165,133,197,3,0.5512381577458132,-1.152555146030746
181,1548054000,172,50,-122,222,3,-0.41647340160142376,-1.098431575264406
181,1548068400,449,206,-243,655,3,-0.8756620238799165,-0.1610113295913999
181,1548082800,367,296,-71,663,3,-0.22293108973197634,-0.14369178694617116
181,1548097200,326,515,189,841,3,0.7637552060730496,0.24166803691016858
181,1548111600,121,379,258,500,3,1.0256065691905372,-0.496577468342707
181,1548126000,30,121,91,151,4,0.3656649157099788,-1.3399207103927162
181,1548140400,228,73,-155,301,4,-0.5064891944095603,-1.027838646981998
181,1548154800,1054,416,-638,1470,4,-2.218889337449143,1.4043209005321995
181,1548169200,527,431,-96,958,4,-0.29731402165731313,0.33908079075694786
181,1548183600,639,774,135,1413,4,0.5216599597964005,1.2857297164361265
181,1548198000,181,589,408,770,4,1.4895383015144257,-0.052062062051152366
181,1548212400,43,165,122,208,4,0.47557051495268493,-1.2213295262966435
181,1548226800,274,96,-178,370,4,-0.5880320583638261,-0.8842808978130676
181,1548241200,1158,442,-716,1600,4,-2.495426006511436,1.6747920221548218
181,1548255600,547,462,-85,1009,4,-0.2583152606357077,0.445188692316592
181,1548270000,581,837,256,1418,4,0.9506463310340599,1.2961324518831505
181,1548284400,187,606,419,793,4,1.528537062536031,-0.004209478994842235
181,1548298800,46,202,156,248,4,0.5961121399285562,-1.138107642720452
181,1548313200,242,98,-144,340,4,-0.4674904333879549,-0.9466973104952113
181,1548327600,1102,548,-554,1650,4,-1.9210806169205201,1.7788193766250613
181,1548342000,601,616,15,1217,4,0.096218930469796,0.877942486912788
181,1548356400,737,850,113,1587,4,0.4436624377531896,1.6477449099925596
181,1548370800,221,574,353,795,4,1.2945444964063986,-4.8384816032658495e-05
181,1548385200,48,219,171,267,4,0.6492922685943817,-1.0985772480217608
181,1548399600,256,92,-164,348,4,-0.5383972716090556,-0.930052933779973
181,1548409769,267,386,119,653,4,0.46493448921951985,-0.29548607151151257
181,1548414000,1077,406,-671,1483,4,-2.3358856205139595,1.4313680126944617
181,1548428400,558,517,-41,1075,4,-0.10232021654928607,0.5825048002173081
181,1548442800,666,802,136,1468,4,0.5252053017074555,1.4001598063533898
181,1548457200,254,609,355,863,4,1.3016351802285087,0.14142881726349293
181,1548471600,69,239,170,308,4,0.6457469266833267,-1.0132748173561645
181,1548486000,127,65,-62,192,4,-0.17677239668144185,-1.25461827972712
181,1548500400,473,248,-225,721,4,-0.7546631281834129,-0.154008869431987
181,1548514800,522,435,-87,957,4,-0.2654059444578178,0.33700024366754305
181,1548529200,433,489,56,922,4,0.2415779488230525,0.26418109553837543
181,1548543600,203,391,188,594,4,0.7095630810823174,-0.4182383497863951
181,1548558000,67,190,123,257,4,0.47911585686374,-1.1193827189158088
181,1548572400,82,70,-12,152,4,0.000494698871310006,-1.3378401633033115
181,1548586800,321,160,-161,481,4,-0.5277612458758905,-0.6533401708891362
181,1548601200,390,317,-73,707,4,-0.21577115770304725,-0.18313652868365402
181,1548615600,336,443,107,779,4,0.4223903862868594,-0.033337138246509274
181,1548630000,129,350,221,479,4,0.8265593641471336,-0.6575012650679457
181,1548644400,32,136,104,168,4,0.4117543605536943,-1.3045514098728348
181,1548658800,250,90,-160,340,4,-0.5242159039648354,-0.9466973104952113
181,1548673200,1076,454,-622,1530,4,-2.1621638668722625,1.5291537258964867
181,1548687600,518,450,-68,968,4,-0.19804444814777208,0.3598862616509957
181,1548702000,616,867,251,1483,4,0.9329196214787848,1.4313680126944617
181,1548716400,186,507,321,693,4,1.1810935552526374,-0.21226418793532106
181,1548730800,50,175,125,225,5,0.45342027366005505,-1.0676740365388466
181,1548745200,256,109,-147,365,5,-0.3897952897930573,-0.7930131740088375
181,1548759600,1220,475,-745,1695,5,-2.243629506502473,1.8162650200262493
181,1548774000,488,402,-86,890,5,-0.20069179945982252,0.23696506047869675
181,1548788400,607,843,236,1450,5,0.7975266249221707,1.3356085105987334
181,1548802800,166,604,438,770,5,1.4237381830748497,0.0015414640244032082
181,1548817200,42,185,143,227,5,0.5092213035944522,-1.063750309931275
181,1548831600,265,101,-164,366,5,-0.4424962625088768,-0.7910513107050517
181,1548846000,1172,485,-687,1657,5,-2.0638261878249713,1.7417142144823898
181,1548860400,522,428,-94,950,5,-0.22549225720844346,0.35467685870584353
181,1548874800,553,865,312,1418,5,1.0331309735340697,1.2728288848775884
181,1548889200,159,534,375,693,5,1.2284345783044597,-0.14952201036710183
181,1548903600,33,163,130,196,5,0.4689205597529431,-1.1245680723486342
181,1548918000,218,76,-142,294,5,-0.37429500370016916,-0.9323054685776279
181,1548932400,1061,395,-666,1456,5,-1.9987249862348413,1.3473796904214481
181,1548946800,428,408,-20,836,5,0.003911976966300331,0.13102444207426467
181,1548961200,593,781,188,1374,5,0.648723878430445,1.1865068995110142
181,1548975600,182,564,382,746,5,1.250134978834503,-0.0455432552664555
181,1548990000,45,173,128,218,5,0.4627204453157879,-1.0814070796653472
181,1549004400,234,86,-148,320,5,-0.39289534701163487,-0.8812970226791976
181,1549018800,1085,506,-579,1591,5,-1.7290200082185885,1.6122312364325282
181,1549033200,503,404,-99,907,5,-0.24099254330133157,0.270316736643055
181,1549047600,625,739,114,1364,5,0.41931964425570123,1.1668882664731564
181,1549062000,210,528,318,738,5,1.0517313168455356,-0.06123816169674174
181,1549076400,49,230,181,279,5,0.6270234779004017,-0.9617334181344146
181,1549090800,80,55,-25,135,5,-0.011588309126587763,-1.2442417338795668
181,1549105200,432,220,-212,652,5,-0.5912990090006025,-0.22995840582231877
181,1549119600,424,371,-53,795,5,-0.0983899112467611,0.0505880466190477
181,1549134000,399,469,70,868,5,0.282917126638286,0.19380406779540962
181,1549148400,189,345,156,534,5,0.5495220474359612,-0.4614582756690408
181,1549162800,49,215,166,264,5,0.5805226196217375,-0.9911613676912013
181,1549177200,58,60,2,118,5,0.07211323577500794,-1.277593410043925
181,1549191600,304,165,-139,469,5,-0.36499483204443633,-0.5889793904151165
181,1549206000,381,240,-141,621,5,-0.37119494648159157,-0.29077616823967795
181,1549220400,308,446,138,754,5,0.4937210175015641,-0.029848348836169266
181,1549234800,136,273,137,409,5,0.49062096028298646,-0.7066911886422632
181,1549249200,39,125,86,164,5,0.3325180421355279,-1.1873476980697792
181,1549263600,210,80,-130,290,5,-0.33709431707723775,-0.940152921792771
181,1549278000,1576,498,-1078,2074,5,-3.2759485602888203,2.5598112121610597
181,1549292400,459,456,-3,915,5,0.05661294968211985,0.28601164307334126
181,1549306800,613,862,249,1475,5,0.8378273687636798,1.3846550931933779
181,1549321200,177,568,391,745,5,1.2780354938017016,-0.047505118570241284
181,1549335600,43,176,133,219,6,0.468634179315199,-1.0150978196344511
181,1549350000,204,89,-115,293,6,-0.31460003184844804,-0.882695524208029
181,1549353942,79,119,40,198,6,0.1749213501288314,-1.0526714440122193
181,1549364400,1105,383,-722,1488,6,-2.2316289277207617,1.2554226249078397
181,1549378800,542,448,-94,990,6,-0.2482777800966876,0.364390961092189
181,1549393200,582,807,225,1389,6,0.7591888060371972,1.0782898242697887
181,1549407600,203,545,342,748,6,1.128698494368434,-0.06860032935638025
181,1549422000,41,203,162,244,6,0.5602220507819158,-0.970367314422822
181,1549436400,219,88,-131,307,6,-0.36513127127836076,-0.8576464412895167
181,1549450800,1444,596,-848,2040,6,-2.6295624382313245,2.2430721799806093
181,1549465200,563,501,-62,1064,6,-0.1472153012368622,0.496793256518611
181,1549479600,642,862,220,1504,6,0.7433977937153494,1.2840501482432825
181,1549494000,174,633,459,807,6,1.4982081826996707,0.036963662943064315
181,1549508400,45,171,126,216,6,0.44652676206461217,-1.0204654802598465
181,1549522800,202,105,-97,307,6,-0.25775238748979623,-0.8576464412895167
181,1549527108,120,234,114,354,6,0.40862833249217767,-0.7735530914916542
181,1549537200,1403,646,-757,2049,6,-2.3421660139736957,2.259175161856796
181,1549551600,538,449,-89,987,6,-0.2324867677748399,0.3590233004667935
181,1549566000,639,931,292,1570,6,0.9707883711499566,1.402138682001983
181,1549580400,216,637,421,853,6,1.378196489053628,0.11926779253246178
181,1549594800,44,174,130,218,6,0.4591595719220904,-1.0168870398429162
181,1549609200,207,100,-107,307,6,-0.2893344121334917,-0.8576464412895167
181,1549623600,1310,507,-803,1817,6,-2.4874433273346948,1.8440760734928783
181,1549638000,568,465,-103,1033,6,-0.27670160227601354,0.44132743005619096
181,1549652400,712,978,266,1690,6,0.8886751070763484,1.6168451070178025
181,1549666800,252,600,348,852,6,1.147647709154651,0.11747857232399661
181,1549681200,51,187,136,238,6,0.47810878670830764,-0.981102635673613
181,1549695600,86,49,-37,135,6,-0.06826023962762356,-1.1653923171455247
181,1549710000,435,214,-221,649,6,-0.6493694930716198,-0.2457331299944313
181,1549724400,444,324,-120,768,6,-0.3303910441702958,-0.03281592518707701
181,1549738800,403,460,57,863,6,0.22861079202311366,0.1371599946171134
181,1549753200,178,337,159,515,6,0.5507474433888072,-0.485488637928763
181,1549767600,42,181,139,223,6,0.48758339410141627,-1.0079409388005904
181,1549782000,62,62,0,124,6,0.04859325155404959,-1.1850737394386415
181,1549796400,313,141,-172,454,6,-0.49461757231751213,-0.594631070645138
181,1549810800,368,286,-82,654,6,-0.21037935052425308,-0.2367870289521055
181,1549825200,309,383,74,692,6,0.2823002339173959,-0.16879666103042934
181,1549839600,130,303,173,433,6,0.5949622778899808,-0.6322046950229063
181,1549854000,36,137,101,173,6,0.36757170045537363,-1.0974019492238485
181,1549868400,228,88,-140,316,6,-0.3935550934576867,-0.8415434594133303
181,1549882800,1177,503,-674,1680,6,-2.0800352094310237,1.5989529049331508
181,1549897200,461,395,-66,856,6,-0.15984811109434036,0.12463545315785726
181,1549911600,623,879,256,1502,6,0.857093082432653,1.2804717078263521
181,1549926000,195,585,390,780,6,1.280292212658172,-0.011345282685495062
181,1549940400,48,154,106,202,7,0.42242214087732616,-1.0611397718938511
181,1549954800,202,90,-112,292,7,-0.3193686381546643,-0.8909323400955503
181,1549969200,1237,590,-647,1827,7,-2.1398184857790445,2.0120499689088027
181,1549983600,452,464,12,916,7,0.10256740129472476,0.28917252037266883
181,1549998000,534,794,260,1328,7,0.946439480193503,1.0683443192715572
181,1550012400,150,462,312,612,7,1.1233803999626015,-0.28575036036825846
181,1550026800,43,116,73,159,7,0.3101327110238597,-1.142461100419706
181,1550041200,216,110,-106,326,7,-0.29895237818130677,-0.8266317547495255
181,1550055600,1391,606,-785,1997,7,-2.609392465166268,2.3335528956389266
181,1550070000,533,448,-85,981,7,-0.2274954682745554,0.412100110004775
181,1550084400,657,814,157,1471,7,0.5959603506508652,1.3387850164621906
181,1550098800,190,672,482,862,7,1.7018410992077317,0.1870480612936883
181,1550113200,38,192,154,230,7,0.5857522206641864,-1.0081863486677132
181,1550127600,204,139,-65,343,7,-0.15944126836336361,-0.7944814620765132
181,1550142000,1401,538,-863,1939,7,-2.874803844819916,2.223863661813355
181,1550156400,533,468,-65,1001,7,-0.15944126836336361,0.44992398373773074
181,1550170800,668,870,202,1538,7,0.7490823004510467,1.4654949934675923
181,1550185200,240,623,383,863,7,1.3649728096473324,0.1889392549803361
181,1550199600,50,206,156,256,7,0.5925576406553056,-0.9590153128148706
181,1550214000,203,94,-109,297,7,-0.30916050816798557,-0.8814763716623114
181,1550228400,1297,525,-772,1822,7,-2.5651572352239933,2.002594000475564
181,1550242800,600,513,-87,1113,7,-0.23430088826567458,0.6617376766422829
181,1550257200,684,864,180,1548,7,0.6742226805487357,1.4844069303340701
181,1550271600,229,483,254,712,7,0.9260232202201455,-0.09663099170347975
181,1550286000,55,251,196,306,7,0.7286660404776891,-0.8644556284824813
181,1550300400,96,72,-24,168,7,-0.019930158545420452,-1.125440357239876
181,1550314800,433,233,-200,666,7,-0.6188071177639082,-0.18362590128927794
181,1550329200,459,338,-121,797,7,-0.3499930281147006,0.06412047166158215
181,1550343600,409,466,57,875,7,0.25568935109490626,0.21163357922010953
181,1550358000,225,325,100,550,7,0.4020058809039686,-0.40300436894042124
181,1550372400,61,210,149,271,7,0.5687386706863885,-0.9306474075151538
181,1550386800,61,53,-8,114,7,0.034513201383532977,-1.2275648163188564
181,1550401200,324,190,-134,514,7,-0.39422825805697526,-0.4710873416597416
181,1550415600,375,245,-130,620,7,-0.3806174180747369,-0.27062081087507617
181,1550430000,292,448,156,740,7,0.5925576406553056,-0.04367756847734171
181,1550444400,126,353,227,479,7,0.8341500503400364,-0.5372791206924141
181,1550458800,39,122,83,161,7,0.3441598109794556,-1.1386787130464104
181,1550473200,141,59,-82,200,7,-0.21728733828787664,-1.0649221592671467
181,1550487600,548,254,-294,802,7,-0.9386618573465094,0.07357644009482109
181,1550502000,416,276,-140,692,7,-0.4146445180303328,-0.13445486543643548
181,1550516400,404,523,119,927,7,0.4666573708196008,0.3099756509257945
181,1550530800,142,391,249,533,7,0.9090096702423475,-0.43515466161343364
181,1550545200,38,142,104,180,8,0.3790490026871813,-1.360066407786703
181,1550559600,200,80,-120,280,8,-0.28732360635346177,-1.1574242809746789
181,1550574000,1057,362,-695,1419,8,-1.9978782947390412,1.1506695434142782
181,1550588400,492,420,-72,912,8,-0.14452947584475256,0.12327396047731487
181,1550602800,526,820,294,1346,8,0.9442757692841554,1.0027407908415005
181,1550617200,174,602,428,776,8,1.3429093836209687,-0.1523193319870382
181,1550631600,46,160,114,206,8,0.4087977798764957,-1.3073794548155768
181,1550646000,217,81,-136,298,8,-0.33492164985636486,-1.1209486981485144
181,1550660400,1070,424,-646,1494,8,-1.8521092865114006,1.3026511385232964
181,1550674800,465,432,-33,897,8,-0.028509244806426318,0.09287764145551122
181,1550689200,565,792,227,1357,8,0.7449589621157486,1.025031424790823
181,1550703600,173,583,410,756,8,1.2893615846802027,-0.19284775734944307
181,1550718000,36,154,118,190,8,0.4206972907522214,-1.3398021951055006
181,1550732400,197,96,-101,293,8,-0.23080092969376437,-1.1310808044891156
181,1550746800,1117,482,-635,1599,8,-1.8193856316031547,1.5154253716759218
181,1550761200,507,473,-34,980,8,-0.03148412252535776,0.2610706067094914
181,1550775600,636,745,109,1381,8,0.39392339128183845,1.073665535225709
181,1550790000,203,629,426,832,8,1.3369596281831058,-0.03883974097230458
181,1550804400,52,185,133,237,8,0.4653204565361931,-1.2445603955038493
181,1550818800,192,81,-111,273,8,-0.2605497068830788,-1.1716092298515204
181,1550833200,1100,392,-708,1492,8,-2.03655170508515,1.298598295987056
181,1550847600,522,436,-86,958,8,-0.18617776390979274,0.21648933881084606
181,1550862000,643,799,156,1442,8,0.5337426440716162,1.1972772325810437
181,1550876400,267,563,296,830,8,0.9502255247220183,-0.04289258350854507
181,1551510000,85,56,-29,141,9,-0.2956491515299227,-1.3071246851015987
181,1551524400,419,216,-203,635,9,-1.1057743856434117,0.145926033728682
181,1551538800,454,386,-68,840,9,-0.47722894538294613,0.7489126680610859
181,1551553200,368,589,221,957,9,0.8683238859894581,1.0930562593629947
181,1551567600,200,403,203,603,9,0.7845178272880626,0.05180129080850184
181,1551582000,51,202,151,253,9,0.5424114354840315,-0.9776880848809684
181,1551596400,58,57,-1,115,9,-0.16528417132775208,-1.3836010387242452
181,1551610800,332,171,-161,503,9,-0.9102269153401558,-0.24233853081706108
181,1551625200,381,293,-88,674,9,-0.5703467883844966,0.2606405641626515
181,1551639600,303,438,135,741,9,0.4679171610827911,0.4577142446517787
181,1551654000,110,287,177,397,9,0.663464631386047,-0.5541267417401577
181,1551668400,52,137,85,189,9,0.23512255357891493,-1.1659375707213286
181,1551682800,188,83,-105,271,9,-0.6494969549358145,-0.9247429169883671
181,1551687706,94,115,21,209,9,-0.06285454402604657,-1.107109606396216
181,1551697200,844,305,-539,1149,9,-2.6701541480694595,1.6578047168840753
181,1551711600,401,465,64,866,9,0.13734881842728694,0.8253890216837323
181,1551726000,473,787,314,1260,9,1.3013218559466677,1.9842999188884503
181,1551740400,145,589,444,734,9,1.9065878354567458,0.43712445713798925
181,1551754800,47,153,106,200,10,0.40849384775310904,-1.104544203268392
181,1551769200,225,97,-128,322,10,-0.27963649525507334,-0.8935859280551021
181,1551783600,1328,609,-719,1937,10,-2.01760672054497,1.899017469235581
181,1551798000,499,512,13,1011,10,0.13500614732678015,0.29780957704290456
181,1551812400,597,900,303,1497,10,0.9878172561830745,1.1381843455155187
181,1551826800,177,619,442,796,10,1.3965784428417811,-0.07396115386576221
181,1551841200,92,213,121,305,10,0.4526047671767105,-0.9229817532897407
181,1551855600,316,130,-186,446,10,-0.45019871702633224,-0.6791693204612663
181,1551870000,1729,630,-1099,2359,10,-3.135083345942873,2.6287256015307316
181,1551884400,562,435,-127,997,10,-0.27669576729349993,0.2736012503790844
181,1551898800,621,877,256,1498,10,0.8496030419891233,1.1399135117057917
181,1551913200,183,577,394,760,10,1.2554235006862566,-0.1362111367155855
181,1551927600,49,163,114,212,10,0.4320196714456965,-1.0837942089851176
181,1551942000,204,81,-123,285,10,-0.2649328554472062,-0.9575650770951982
181,1551946120,102,144,42,246,10,0.22028725821240958,-1.02500255851584
181,1551946203,494,265,-229,759,10,-0.5766500193739897,-0.13794030290585838
181,1551952543,141,223,82,364,10,0.33791637667534674,-0.8209609480636415
181,1551956400,829,359,-470,1188,10,-1.2853654581131861,0.6038719927212024
181,1551970800,540,520,-20,1060,10,0.03796212459485698,0.3825387203662752
181,1551985200,648,940,292,1588,10,0.9554692486057668,1.29553846883035
181,1551999600,210,599,389,809,10,1.2407198608783894,-0.051481993392214924
181,1552014000,35,216,181,251,10,0.6290484448711162,-1.0163567275644758
181,1552028400,194,94,-100,288,10,-0.19729611233101735,-0.9523775785243795
181,1552042800,1282,629,-653,1911,10,-1.8235186750811236,1.8540591482884865
181,1552057200,545,485,-60,1030,10,-0.07966699386808018,0.33066373465808907
181,1552071600,708,876,168,1584,10,0.5908189813706617,1.2886218040692583
181,1552086000,259,554,295,813,10,0.9642914324904871,-0.044565328631123446
181,1552100400,51,251,200,302,10,0.6849222761410114,-0.9281692518605594
181,1552114800,83,68,-15,151,10,0.05266576440272413,-1.1892733465917626
181,1552129200,434,256,-178,690,10,-0.4266728933337448,-0.25725277003468633
181,1552143600,548,342,-206,890,10,-0.5090132762578008,0.08858046801988745
181,1552158000,427,555,128,982,10,0.47318986290772447,0.2476637575249914
181,1552172400,217,459,242,676,10,0.8084328505270953,-0.2814610966985065
181,1552190400,52,222,170,274,10,0.5967004372938085,-0.9765859051881998
181,1552204800,90,64,-26,154,10,0.02031775682541641,-1.184085848020944
181,1552219200,296,202,-94,498,10,-0.17965174456157676,-0.5892526785670771
181,1552233600,345,392,47,737,10,0.23499089802027673,-0.17598195909186148
181,1552248000,270,483,213,753,10,0.723151739641466,-0.14831530004749557
181,1552262400,84,298,214,382,10,0.7260924676030394,-0.7898359566387299
181,1552276800,31,77,46,108,10,0.2320501700587033,-1.263627492773496
181,1552291200,587,275,-312,862,10,-0.8207304401845844,0.04016381469224713
181,1552305600,959,425,-534,1384,10,-1.4735720476538856,0.9427885660146846
181,1552320000,1514,579,-935,2093,10,-2.652803960244831,2.1687673949181487
181,1552334400,573,881,308,1454,10,1.0025208959909417,1.0638301993337855
181,1552348800,127,536,409,663,11,1.323221648326169,-0.2539392060774696
181,1552363200,35,144,109,179,11,0.3541054400673397,-1.2652503159952357
181,1552377600,607,270,-337,877,11,-1.0866473228774536,0.1932107474812121
181,1552392000,1144,407,-737,1551,11,-2.378802267222559,1.6015241526146302
181,1552406400,551,519,-32,1070,11,-0.10137917781431018,0.5964814999897428
181,1552420800,553,961,408,1514,11,1.3199912609653062,1.5242131793357927
181,1552435200,132,520,388,652,11,1.255383513748051,-0.27692354948469156
181,1552449600,26,113,87,139,11,0.28303691812835885,-1.3488297465669519
181,1552464000,619,291,-328,910,11,-1.0575738366296885,0.26216377770287796
181,1552464361,42,34,-8,76,11,-0.023849881153603817,-1.480467349717405
181,1552477800,1056,397,-659,1453,11,-2.1268320530752636,1.3967545477139254
181,1552478400,259,424,165,683,11,0.5350071322756546,-0.21214949079161152
181,1552486002,246,151,-95,397,11,-0.3048935815486643,-0.8097424193793824
181,1552486137,155,244,89,399,11,0.28949769285008436,-0.8055634478507966
181,1552492800,333,336,3,669,11,0.011684379815886596,-0.2414022914917122
181,1552507200,528,1018,490,1546,11,1.584883024556053,1.5910767237931656
181,1552521600,134,552,418,686,11,1.3522951345739338,-0.2058810334987328
181,1552536000,28,120,92,148,11,0.29918885493267267,-1.3300243746883158
181,1552550400,555,307,-248,862,11,-0.7991428477606674,0.1618684610168185
181,1552551973,59,55,-4,114,11,-0.010928331710152757,-1.4010668906742745
181,1552564800,1055,464,-591,1519,11,-1.9071657125365955,1.5346606081572571
181,1552579200,630,547,-83,1177,11,-0.26612893321831116,0.8200564767690837
181,1552593600,597,851,254,1448,11,0.8225116073924406,1.386307118892461
181,1552608000,150,517,367,667,11,1.1875453791699329,-0.245581263020298
181,1552622400,35,141,106,176,11,0.3444142779847514,-1.2715187732881144
181,1552636800,556,268,-288,824,11,-0.928358342195178,0.08246800197368812
181,1552651200,1124,430,-694,1554,11,-2.23989561070546,1.6077926099075088
181,1552665600,623,644,21,1267,11,0.06983135231141635,1.008110195555445
181,1552680000,630,974,344,1604,11,1.1132464698700892,1.712266898122154
181,1552694400,187,530,343,717,11,1.1100160825092265,-0.14110697480565274
181,1552708800,51,213,162,264,11,0.5253159701930662,-1.0876440260303388
181,1552723200,153,97,-56,250,11,-0.17890847447501654,-1.1168968267304396
181,1552737600,471,289,-182,760,11,-0.5859372819437249,-0.05125908694105782
181,1552752000,536,411,-125,947,11,-0.40180520237454725,0.3394747509817154
181,1552766400,397,504,107,901,11,0.34764466534561417,0.2433584058242418
181,1552780800,164,389,225,553,11,0.7288303739274203,-0.4837826401496892
181,1552795200,44,157,113,201,11,0.3670269895107907,-1.2192816291807917
181,1552809600,105,67,-38,172,11,-0.12076150197948676,-1.279876716345286
181,1552824000,362,189,-173,551,11,-0.55686379569596,-0.487961611678275
181,1552838400,378,353,-25,731,11,-0.07876646628827082,-0.11185417410555207
181,1552852800,256,401,145,657,11,0.47039938505839923,-0.26647612066322707
181,1552867200,99,320,221,419,11,0.7159088244839693,-0.7637737325649385
181,1552881600,29,70,41,99,11,0.13443909952867164,-1.4324091771386682
181,1552896000,552,328,-224,880,11,-0.721613551099961,0.1994792047740908
181,1552910400,1054,416,-638,1470,11,-2.0589939184971455,1.432275805706905
181,1552924800,546,539,-7,1085,11,-0.020619493792741053,0.6278237864541364
181,1552939200,478,914,436,1392,11,1.4104421070694637,1.2692959160920583
181,1552953600,132,466,334,598,12,1.1426417310593646,-0.5347482059038859
181,1552968000,29,99,70,128,12,0.2849642659912469,-1.5051407031039878
181,1552982400,651,340,-311,991,12,-0.952820257459332,0.276665094946412
181,1552996800,1124,404,-720,1528,12,-2.28157057265956,1.38539013961972
181,1553011200,580,563,-17,1143,12,0.0023205559119808413,0.5904941578707003
181,1553025600,576,908,332,1484,12,1.1361441745058183,1.294544884562689
181,1553040000,133,537,404,670,12,1.3700562104334866,-0.38609233399238096
181,1553054400,28,81,53,109,12,0.22973503528610298,-1.5443693359695239
181,1553068800,607,292,-315,899,12,-0.9658153705664246,0.08671592528171122
181,1553083200,1110,468,-642,1578,12,-2.0281658670712526,1.4886233840027094
181,1553097600,657,602,-55,1259,12,-0.12113301860539973,0.829995284839236
181,1553112000,609,889,280,1498,12,0.9672077041136132,1.323450192989926
181,1553126400,138,506,368,644,12,1.2531001924696525,-0.4397736210715355
181,1553140800,30,108,78,138,12,0.3109544922054323,-1.48449405422739
181,1553155200,609,347,-262,956,12,-0.7936301218974465,0.20440182387831932
181,1553169600,1126,392,-734,1518,12,-2.3270534685343844,1.364743490743122
181,1553184000,612,611,-1,1223,12,0.054301008340351606,0.7556673488834835
181,1553198400,554,902,348,1456,12,1.188124626934189,1.236734267708215
181,1553212800,147,466,319,613,12,1.0939100569077669,-0.503778232588989
181,1553227200,34,152,118,186,12,0.44090562327635924,-1.38539013961972
181,1553241600,567,327,-240,894,12,-0.7221569998084367,0.07639260084341228
181,1553256000,998,490,-508,1488,12,-1.592829577983647,1.302803544113328
181,1553270400,629,643,14,1272,12,0.1030326824919492,0.8568359283788133
181,1553284800,584,953,369,1537,12,1.2563489707464257,1.403972123608658
181,1553299200,190,546,356,736,12,1.2141148531483743,-0.24982445140683474
181,1553313600,36,170,134,206,12,0.49288607570473,-1.344096841866524
181,1553328000,162,99,-63,261,12,-0.1471232448195851,-1.2305402730452355
181,1553342400,515,263,-252,778,12,-0.7611423391297147,-0.1631085261251235
181,1553356800,535,422,-113,957,12,-0.3095621586582437,0.20646648876597912
181,1553371200,400,458,58,858,12,0.24597892666996884,0.002064664887659791
181,1553385600,153,349,196,502,12,0.6943103288646667,-0.7329560351192258
181,1553400000,35,147,112,182,12,0.4214129536157202,-1.393648799170359
181,1553414400,97,63,-34,160,12,-0.0529086747931631,-1.4390714266988744
181,1553428800,395,184,-211,579,12,-0.6279424297820146,-0.573976838769422
181,1553443200,389,331,-58,720,12,-0.13087935343571924,-0.2828590896093914
181,1553457600,295,455,160,750,12,0.5773543109008324,-0.22091914297959764
181,1553472000,102,307,205,409,12,0.7235493333556252,-0.9249698696715865
181,1553486400,28,84,56,112,12,0.23948137011642248,-1.5381753413065444
181,1553500800,598,328,-270,926,12,-0.8196203481116319,0.14246187724852558
181,1553515200,1083,477,-606,1560,12,-1.911209849107418,1.451459416024833
181,1553529600,570,537,-33,1107,12,-0.049659896516389926,0.5161662219149478
181,1553544000,522,859,337,1381,12,1.1523880658896841,1.0818844011337305
181,1553558400,139,436,297,575,13,1.044978442926298,-0.49373055933204224
181,1553572800,25,83,58,108,13,0.25457397584631886,-1.482828300694507
181,1553587200,679,355,-324,1034,13,-1.0087503188170788,0.4784233235060122
181,1553601600,1103,478,-625,1581,13,-2.0041969489052534,1.6369596501125825
181,1553616000,566,543,-23,1109,13,-0.013303688728904178,0.6372719971723609
181,1553630400,584,781,197,1365,13,0.7142652767840474,1.1794754699534982
181,1553644800,158,507,349,665,13,1.2169492893202685,-0.3031121509324237
181,1553659200,29,104,75,133,13,0.3107952140905015,-1.4298787428057242
181,1553673600,593,314,-279,907,13,-0.8599293940530659,0.20943956943099495
181,1553688000,1044,456,-588,1500,13,-1.8818330774326206,1.4654030825529258
181,1553702400,626,634,8,1260,13,0.08921739277519354,0.9570873268206098
181,1553716800,545,850,305,1395,13,1.0714354962176782,1.2430149394200376
181,1553731200,123,527,404,650,13,1.3988415306985065,-0.33488188566569344
181,1553745600,26,112,86,138,13,0.34717366236614905,-1.4192888312279677
181,1553760000,694,325,-369,1019,13,-1.1575712435810914,0.44665358877274247
181,1553774400,1093,402,-691,1495,13,-2.222467638559139,1.4548131709751693
181,1553788800,631,587,-44,1218,13,-0.08275345361877683,0.8681320695674545
181,1553803200,669,943,274,1612,13,0.9689144147135804,1.7026171018946734
181,1553817600,175,488,313,663,13,1.0978925495090583,-0.3073481155635263
181,1553832000,44,99,55,143,13,0.24465258086205136,-1.408698919650211
181,1553846400,754,249,-505,1003,13,-1.6073411495345524,0.4127658717239214
181,1553852898,176,208,32,384,13,0.1685885526493337,-0.8982651816023437
181,1553857281,47,74,27,121,13,0.15205289434222116,-1.4552945305923402
181,1553860800,1056,279,-777,1335,13,-2.506880961441474,1.1159360004869585
181,1553875200,578,612,34,1190,13,0.1752028159721787,0.8088285647320176
181,1553889600,493,805,312,1298,13,1.0945854178476357,1.0375706548115597
181,1553904000,193,503,310,696,13,1.0879711545247908,-0.23745469915033288
181,1553918400,37,166,129,203,13,0.4893803238073169,-1.281619980717132
181,1553932800,180,61,-119,241,13,-0.3307883282254649,-1.201136652726182
181,1553947200,458,364,-94,822,13,-0.2481100366899022,0.029411072609133036
181,1553961600,350,452,102,802,13,0.4000877689489092,-0.0129485737018933
181,1553976000,396,480,84,876,13,0.34055939904330407,0.14378211764890414
181,1553990400,173,374,201,547,13,0.7274938034297374,-0.5530340641674791
181,1554004800,42,148,106,190,13,0.4133162955945992,-1.3091537508192992
181,1554019200,104,64,-40,168,13,-0.06952492697308679,-1.3557493617614282
181,1554033600,382,202,-180,584,13,-0.5325233595722378,-0.47466871849208037
181,1554048000,374,317,-57,691,13,-0.12574616521726942,-0.24804461072808948
181,1554062400,269,384,115,653,13,0.4430804805474018,-0.3285279387190395
181,1554076800,101,330,229,431,13,0.8200934899495675,-0.7987200127714318
181,1554091200,27,71,44,98,13,0.2082741325864038,-1.5040081238500203
181,1554105600,544,250,-294,794,13,-0.9095363689744035,-0.029892432226303833
181,1554120000,917,445,-472,1362,13,-1.4982058047076097,1.1731215230068441
181,1554134400,510,533,23,1043,13,0.13882436769653114,0.49748516434597406
181,1554148800,489,966,477,1455,13,1.6402621419823493,1.3700938783531167
181,1554163200,125,490,365,615,14,1.2846666309717423,-0.45401151037418225
181,1554177600,31,88,57,119,14,0.2154748701629886,-1.6163523957268882
181,1554192000,581,304,-277,885,14,-0.9439733379867637,0.1787143747976536
181,1554206400,962,419,-543,1381,14,-1.8673662223215965,1.3410552601503594
181,1554220800,536,557,21,1093,14,0.09050440461391351,0.6661476493004012
181,1554235200,503,960,457,1463,14,1.6040355984860453,1.5332164549062504
181,1554249600,130,497,367,627,14,1.2916094346133575,-0.42589035992210067
181,1554264000,23,91,68,114,14,0.2536602901918727,-1.6280695417485889
181,1554278400,538,319,-219,857,14,-0.7426320323799205,0.11309835707612986
181,1554292800,962,379,-583,1341,14,-2.0062222951539024,1.2473180919767541
181,1554307200,554,543,-11,1097,14,-0.02058045365193102,0.6755213661177617
181,1554321600,490,843,353,1333,14,1.2430098091220505,1.228570658342033
181,1554336000,154,511,357,665,14,1.256895416405281,-0.3368400501571756
181,1554350400,31,103,72,134,14,0.26754589747510327,-1.581200957661786
181,1554364800,547,290,-257,837,14,-0.8745453015706108,0.06622977298932721
181,1554379200,963,411,-552,1374,14,-1.8986088387088653,1.3246512557199785
181,1554393600,600,511,-89,1111,14,-0.2913497956749271,0.7083293749785236
181,1554408000,524,928,404,1452,14,1.4200513019832404,1.507438733658509
181,1554422400,139,557,418,696,14,1.4686509274745472,-0.2641937448226315
181,1554436800,44,125,81,169,14,0.29878851386237204,-1.4991809355098815
181,1554451200,544,262,-282,806,14,-0.961330347090802,-0.006416532345216904
181,1554465600,926,432,-494,1358,14,-1.697267533102022,1.2871563884505364
181,1554480000,619,552,-67,1171,14,-0.21497895561715896,0.8489351272389316
181,1554494400,550,806,256,1356,14,0.9062838325037093,1.282469530041856
181,1554508800,184,502,318,686,14,1.1215107453937831,-0.28762803686603283
181,1554523200,54,157,103,211,14,0.37515935392014016,-1.400756908927596
181,1554537600,195,92,-103,287,14,-0.33994942116623406,-1.2226562893977457
181,1554552000,538,244,-294,782,14,-1.0029871689404937,-0.0626588332493801
181,1554566400,528,473,-55,1001,14,-0.17332213376746727,0.45055216250110897
181,1554580800,394,440,46,834,14,0.17728945013410455,0.059199485376306815
181,1554595200,187,463,276,650,14,0.9757118689198621,-0.3719914882222776
181,1554609600,39,173,134,212,14,0.48277281036517705,-1.3984134797232557
181,1554624000,117,80,-37,197,14,-0.11083690099292971,-1.4335649177883578
181,1554638400,403,221,-182,624,14,-0.6141901650100378,-0.43292064753512105
181,1554652800,415,343,-72,758,14,-0.23233596472119716,-0.11890113415354328
181,1554667200,292,438,146,730,14,0.5244296322148688,-0.184517151875067
181,1554681600,118,288,170,406,14,0.6077432759142521,-0.94378821408127
181,1554696000,33,66,33,99,14,0.1321612264636052,-1.6632209798136908
181,1554710400,537,287,-250,824,14,-0.8502454888249573,0.03576519333290549
181,1554724800,969,395,-574,1364,14,-1.9749796787666334,1.3012169636765771
181,1554739200,532,485,-47,1017,14,-0.14555091920100613,0.48804702977055114
181,1554753600,479,752,273,1231,14,0.9652976634574392,0.9895408794993396
181,1554768000,146,512,366,658,15,1.1405830145633649,-0.25069890986658766
181,1554782400,27,98,71,125,15,0.1807669531428976,-0.6302766226748675
181,1554796800,548,177,-371,725,15,-1.2573303321040399,-0.20298463827530294
181,1554811200,947,472,-475,1419,15,-1.5957061639268486,0.2912497570135268
181,1554825600,551,534,-17,1085,15,-0.10555105839947909,0.05339055236443581
181,1554840000,515,852,337,1367,15,1.0462282153050817,0.2542177850322312
181,1554854400,127,572,445,699,15,1.3976185021979985,-0.22150062426595074
181,1554868800,31,105,74,136,15,0.1905277944454786,-0.6224429362942089
181,1554883200,580,264,-316,844,15,-1.0783815748900545,-0.11823839470272263
181,1554897600,963,422,-541,1385,15,-1.8104446725836314,0.2670365445642181
181,1554912000,588,569,-19,1157,15,-0.11205828593453311,0.10466559049238357
181,1554926400,529,855,326,1384,15,1.0104384638622845,0.2663243912568855
181,1554940800,222,605,383,827,15,1.195894448611324,-0.13034500092737697
181,1554955200,43,133,90,176,15,0.24258561472591073,-0.5939568040009046
181,1554969600,586,246,-340,832,15,-1.1564683053107025,-0.12678423439071393
181,1554984000,969,431,-538,1400,15,-1.8006838312810503,0.2777188441742072
181,1555113600,3978,4710,732,8688,15,2.3314056534782495,5.4678921480142515
181,1555128000,30,154,124,184,15,0.353208482821829,-0.5882595775422437
181,1555142400,192,89,-103,281,15,-0.38536184240680177,-0.5191807067309807
181,1555156800,513,300,-213,813,15,-0.7432593568347726,-0.14031514723003347
181,1555171200,522,481,-41,1003,15,-0.18363778882012727,-0.005006018836838017
181,1555185600,370,516,146,886,15,0.42478798570742315,-0.08832795579475311
181,1555200000,177,393,216,570,15,0.6525409494343137,-0.31336840091185714
181,1555214400,39,150,111,189,15,0.3109115038439779,-0.5846988110055806
181,1555228800,133,65,-68,198,15,-0.2714853605433565,-0.5782894312395872
181,1555243200,395,188,-207,583,15,-0.7237376742296106,-0.3041104079165332
181,1555257600,395,374,-21,769,15,-0.11856551346958713,-0.1716498927526682
181,1555272000,263,413,150,676,15,0.4378024407775312,-0.23788015033460072
181,1555286400,93,318,225,411,15,0.6818234733420567,-0.4266007767777417
181,1555300800,27,78,51,105,15,0.11569467779235744,-0.6445196888215197
181,1555315200,529,256,-273,785,15,-0.9384761828863931,-0.16025543983534649
181,1555329600,914,459,-455,1373,15,-1.5306338885763084,0.25849070487622683
181,1555344000,486,728,242,1214,15,0.737134907390016,0.1452583290103422
181,1555358400,480,914,434,1394,15,1.3618287507552014,0.2734459243302116
181,1555372800,115,446,331,561,16,1.199156751049551,-0.45826561191231463
181,1555387200,23,79,56,102,16,0.19223123490107308,-1.5520435574918119
181,1555401600,581,274,-307,855,16,-1.136910446414918,0.24232418329546793
181,1555416000,969,422,-547,1391,16,-2.0156818059626804,1.5195899323817654
181,1555430400,519,592,73,1111,16,0.2544775395357063,0.852361555993401
181,1555444800,498,935,437,1433,16,1.5872807681831465,1.61967418884002
181,1555459200,134,503,369,637,16,1.3382955496446136,-0.2771607668926157
181,1555473600,31,110,79,141,16,0.27644682352440036,-1.459108176494861
181,1555488000,544,280,-264,824,16,-0.9794639111626104,0.16845247019532758
181,1555502400,996,439,-557,1435,16,-2.0522972792771705,1.6244401058142226
181,1555516800,572,581,9,1153,16,0.020138510322969563,0.9524458124516557
181,1555531200,517,902,385,1419,16,1.3968803069477977,1.5863127700206017
181,1555545600,144,490,346,634,16,1.2540799610212863,-0.28430964235391964
181,1555560000,27,103,76,130,16,0.2654621815300533,-1.4853207198529754
181,1555574400,515,259,-256,774,16,-0.9501715325110184,0.04930454584026253
181,1555588800,992,413,-579,1405,16,-2.132851320569049,1.5529513512011837
181,1555603200,555,520,-35,1075,16,-0.14096957226078694,0.7665750504577542
181,1555617600,506,832,326,1338,16,1.180849014392306,1.3932931325653963
181,1555632000,174,476,302,650,16,1.0929718784375297,-0.2461823065602988
181,1555646400,35,108,73,143,16,0.2544775395357063,-1.4543422595206585
181,1555660800,383,148,-235,531,16,-0.8732790385505892,-0.5297543665253537
181,1555675200,774,341,-433,1115,16,-1.5982654101774934,0.8618933899418062
181,1555689600,539,572,33,1111,16,0.10801564627774583,0.852361555993401
181,1555704000,527,650,123,1177,16,0.43755490610815684,1.009636816142087
181,1555718400,173,519,346,692,16,1.2540799610212863,-0.14609805010204416
181,1555732800,35,134,99,169,16,0.3496777701533806,-1.3923853388560246
181,1555747200,160,67,-93,227,16,-0.35333931748482955,-1.2541737466041492
181,1555761600,421,296,-125,717,16,-0.4705088320911979,-0.08652408792451163
181,1555776000,409,362,-47,771,16,-0.18490814023817506,0.04215567037895863
181,1555790400,358,478,120,836,16,0.4265702641138098,0.1970479720405432
181,1555804800,166,357,191,523,16,0.6865401246466896,-0.548818034422164
181,1555819200,34,142,108,176,16,0.3826316961364217,-1.3757046294463156
181,1555833600,116,65,-51,181,16,-0.19955432956397112,-1.363789837010809
181,1555848000,347,161,-186,508,16,-0.6938632193095876,-0.5845624117286836
181,1555862400,352,306,-46,658,16,-0.18124659290672604,-0.2271186386634884
181,1555876800,229,393,164,622,16,0.5876783466975662,-0.31290514419913523
181,1555891200,96,351,255,447,16,0.9208791538594263,-0.729922879441863
181,1555905600,33,66,33,99,16,0.10801564627774583,-1.5591924329531157
181,1555920000,446,181,-265,627,16,-0.9831254584940595,-0.30099035176362876
181,1555934400,821,353,-468,1174,16,-1.7264195667782087,1.002487940680783
181,1555948800,492,441,-51,933,16,-0.19955432956397112,0.4281949452893694
181,1555963200,388,746,358,1134,16,1.2980185289986745,0.907169601196731
181,1555977600,104,423,319,527,17,1.2008617004676634,-0.5293952621444347
181,1555992000,35,81,46,116,17,0.16842318415084043,-1.522601468925602
181,1556001219,32,41,9,73,17,0.02849561966834063,-1.626513553819982
181,1556006400,443,170,-273,613,17,-1.0379793312523335,-0.32157109235567466
181,1556020800,872,385,-487,1257,17,-1.8472901096105758,1.234693620946203
181,1556035200,512,476,-36,988,17,-0.1416865533509159,0.584638950327872
181,1556049600,471,802,331,1273,17,1.2462436132727983,1.2733585827673677
181,1556064000,141,501,360,642,17,1.3559165692185415,-0.2514908490548137
181,1556078400,31,107,76,138,17,0.28187796616367816,-1.4694371464215006
181,1556092800,458,192,-266,650,17,-1.0115065487826715,-0.23215836814423138
181,1556107200,887,532,-355,1419,17,-1.34808906875409,1.6261763593854952
181,1556121600,527,469,-58,996,17,-0.22488672682699687,0.6039714312384544
181,1556136000,439,801,362,1240,17,1.3634802213527306,1.1936120990112156
181,1556150400,143,493,350,636,17,1.3180983085475957,-0.26599020973775045
181,1556164800,33,114,81,147,17,0.3007870964991511,-1.4476881053970954
181,1556179200,467,164,-303,631,17,-1.1514341132651713,-0.27807301030686443
181,1556193600,889,383,-506,1272,17,-1.919144804885373,1.2709420226535448
181,1556208000,526,522,-4,1048,17,-0.020668119203889036,0.7296325571572395
181,1556222400,481,819,338,1300,17,1.2727163957424605,1.338605705840583
181,1556236800,168,512,344,680,17,1.295407352145028,-0.15966156472954762
181,1556251200,38,150,112,188,17,0.4180237045790834,-1.3486091407303609
181,1556265600,425,198,-227,623,17,-0.8640153321659825,-0.29740549121744675
181,1556280000,862,377,-485,1239,17,-1.8397264574763865,1.1911955388973927
181,1556294400,496,565,69,1061,17,0.25540518369401605,0.7610478386369358
181,1556308800,488,876,388,1364,17,1.46180769909719,1.4932655531252417
181,1556323200,224,467,243,691,17,0.9134429193684745,-0.13307940347749694
181,1556337600,41,149,108,190,17,0.402896400310705,-1.3437760205027154
181,1556352000,183,115,-68,298,17,-0.26270498749794274,-1.0827875282098538
181,1556366400,520,279,-241,799,17,-0.9169608971053068,0.12790908881536453
181,1556380800,508,434,-74,942,17,-0.28539594390051026,0.4734771850920237
181,1556395200,436,460,24,896,17,0.08522301067475947,0.36231541985617527
181,1556409600,176,395,219,571,17,0.8226790937582044,-0.4230666171362319
181,1556424000,38,154,116,192,17,0.4331510088474617,-1.3389429002750697
181,1556438400,121,75,-46,196,17,-0.1795048140218618,-1.3292766598197787
181,1556452800,363,182,-181,545,17,-0.6900513330796314,-0.48589718009562444
181,1556467200,438,349,-89,787,17,-0.34212333490692914,0.09891036744949103
181,1556481600,286,411,125,697,17,0.467187443451313,-0.11858004279456018
181,1556496000,112,297,185,409,17,0.6940970074769883,-0.8145493555755241
181,1556510400,36,91,55,127,17,0.20245961875469173,-1.4960193076735513
181,1556524800,575,289,-286,864,17,-1.0871430701245632,0.28498549621384595
181,1556539200,939,387,-552,1326,17,-2.0931088039717243,1.4014362687999755
181,1556553600,569,506,-63,1075,17,-0.2437958571624698,0.794879680230455
181,1556568000,476,879,403,1355,17,1.5185350901036088,1.4715165121008364
181,1556582400,146,249,103,395,18,0.5797978918655954,-0.8140763668308587
181,1556596800,38,96,58,134,18,0.40551524029524794,-1.3990743642456376
181,1556611200,574,287,-287,861,18,-0.9306517550774163,0.230402816292846
181,1556625600,1050,390,-660,1440,18,-2.375261289204963,1.528156994465861
181,1556640000,574,492,-82,1066,18,-0.1366974534791665,0.6898840020017719
181,1556654400,493,802,309,1295,18,1.3776251412765195,1.2031581070132062
181,1556668800,166,267,101,433,18,0.5720519962402466,-0.7289042446018871
181,1556683200,42,103,61,145,18,0.4171340837332711,-1.3744192762319878
181,1556697600,562,292,-270,854,18,-0.8648116422619516,0.2147132148296144
181,1556712000,944,381,-563,1325,18,-1.9995853513755473,1.2703992561413417
181,1556726400,505,565,60,1070,18,0.4132611359205967,0.69884948855219
181,1556740800,496,845,349,1341,18,1.532543053783495,1.306261202343014
181,1556755200,175,261,86,436,18,0.5139577790501307,-0.7221801296890735
181,1556769600,31,88,57,119,18,0.40164229248257355,-1.4326949388097052
181,1556784000,576,269,-307,845,18,-1.008110711330904,0.19454087009117374
181,1556798400,980,395,-585,1375,18,-2.084790203254384,1.3824678380215676
181,1556812800,556,586,30,1142,18,0.297072701540365,0.8602282464597152
181,1556827200,540,902,362,1442,18,1.582891375348262,1.53263973774107
181,1556841600,189,270,81,459,18,0.49459303998675885,-0.6706285820241696
181,1556856000,52,118,66,170,18,0.43649882279664304,-1.318384985291875
181,1556870400,493,273,-220,766,18,-0.6711642516282322,0.017472510720416935
181,1556878219,200,226,26,426,18,0.2815809102896675,-0.7445938460651187
181,1556883633,75,131,56,206,18,0.39776934466989916,-1.2376956063381124
181,1556884800,1006,356,-650,1362,18,-2.336531811078219,1.3533300067327088
181,1556899200,618,625,7,1243,18,0.2079949018488541,1.0866067818577714
181,1556913600,520,828,308,1348,18,1.373752193463845,1.3219508038062455
181,1556928000,250,273,23,523,18,0.2699620668516443,-0.5271807972174806
181,1556942400,52,124,72,176,18,0.45973650967268936,-1.3049367554662479
181,1556956800,206,106,-100,312,18,-0.2064105141073055,-1.0001102127520336
181,1556971200,518,261,-257,779,18,-0.8144633206971846,0.04661034200927565
181,1556985600,538,435,-103,973,18,-0.21802935754532868,0.48143643970455186
181,1557000000,416,493,77,909,18,0.4791012487360613,0.3379886548978628
181,1557014400,202,274,72,476,18,0.45973650967268936,-0.6325252641848929
181,1557028800,66,146,80,212,18,0.49072009217408447,-1.2242473765124853
181,1557043200,132,80,-52,212,18,-0.020509019098934836,-1.2242473765124853
181,1557057600,418,205,-213,623,18,-0.6440536169395115,-0.30304363345702895
181,1557072000,417,351,-66,768,18,-0.07473028847637628,0.021955253995625968
181,1557086400,250,436,186,686,18,0.9012525603175696,-0.1618372202879444
181,1557100800,102,179,77,281,18,0.4791012487360613,-1.0695927335177735
181,1557115200,40,76,36,116,18,0.3203103884164114,-1.4394190537225189
181,1557129600,550,257,-293,807,18,-0.9538894419534626,0.1093687478622021
181,1557144000,908,393,-515,1301,18,-1.8136838563671769,1.2166063368388333
181,1557158400,554,592,38,1146,18,0.3280562840417602,0.8691937330101333
181,1557172800,488,875,387,1363,18,1.6797150706651218,1.3555713783703134
181,1557187200,152,418,266,570,19,0.9520807509926819,-0.32495413975330023
181,1557201600,41,110,69,151,19,0.2429137103162896,-1.2305212256225502
181,1557216000,511,296,-215,807,19,-0.7794387747197277,0.1872639971226239
181,1557226351,850,276,-574,1126,19,-2.0717787117899045,0.8767052868416948
181,1557226950,26,12,-14,38,19,-0.05587240326818022,-1.4747433752722523
181,1557230400,255,430,175,685,19,0.6244959758579016,-0.07640947418059443
181,1557244800,550,569,19,1119,19,0.06292207562684994,0.8615764811111822
181,1557259200,519,875,356,1394,19,1.2760656934336732,1.4559224205241743
181,1557273600,151,544,393,695,19,1.4092595031038586,-0.05479689456557654
181,1557288000,38,111,73,149,19,0.25731304109144476,-1.2348437415455535
181,1557302400,533,260,-273,793,19,-0.9882290709594775,0.15700638566159883
181,1557316800,1031,412,-619,1443,19,-2.2337711830104,1.561824060637762
181,1557331200,586,658,72,1244,19,0.253713208397656,1.131733726298906
181,1557345600,517,912,395,1429,19,1.416459168491436,1.531566449176737
181,1557360000,199,498,299,697,19,1.070875229887712,-0.05047437864257296
181,1557374400,46,110,64,156,19,0.2249145468473456,-1.2197149358150412
181,1557388800,572,268,-304,840,19,-1.0998238844669301,0.2585855098521829
181,1557403200,966,365,-601,1331,19,-2.168974194522202,1.3197631689495617
181,1557417600,552,521,-31,1073,19,-0.11706955906258971,0.7621586148820999
181,1557432000,534,997,463,1531,19,1.661247791669074,1.7520147612499195
181,1557446400,183,494,311,677,19,1.1140732222131775,-0.09369953787260875
181,1557460800,39,117,78,156,19,0.27531220456038874,-1.2197149358150412
181,1557475200,510,273,-237,783,19,-0.858635093983081,0.13539380604658094
181,1557489600,936,394,-542,1330,19,-1.956584065588663,1.31760191098806
181,1557504000,568,644,76,1212,19,0.26811253917281114,1.0625734715308486
181,1557518400,564,824,260,1388,19,0.9304817548299491,1.4429548727551635
181,1557532800,230,481,251,711,19,0.8980832605858499,-0.02021676718154791
181,1557547200,50,195,145,245,19,0.5165009950442379,-1.027362977241382
181,1557561600,173,87,-86,260,19,-0.3150603572209733,-0.994944107818855
181,1557576000,151,274,123,425,19,0.4373046757808844,-0.6383365441710597
181,1557590400,969,374,-595,1343,19,-2.147375198359469,1.345698264487583
181,1557604800,380,528,148,908,19,0.5273004931256042,0.4055510512343046
181,1557619200,160,407,247,567,19,0.8836839298106947,-0.3314379136378056
181,1557633600,41,158,117,199,19,0.41570567961815164,-1.1267808434704643
181,1557648000,107,69,-38,176,19,-0.14226838791911126,-1.1764897765850053
181,1557662400,355,161,-194,516,19,-0.7038422881501629,-0.44166206967439686
181,1557676800,301,337,36,638,19,0.12411923142125941,-0.17798859837117856
181,1557691200,195,385,190,580,19,0.6784934662647335,-0.30334156013828234
181,1557705600,123,260,137,383,19,0.48770233349392744,-0.7291093785541349
181,1557720000,38,77,39,115,19,0.1349187295026258,-1.3083265122366146
181,1557734400,522,238,-284,760,19,-1.0278272305911542,0.08568487293203977
181,1557736091,81,64,-17,145,19,-0.06667190134954659,-1.2434887733915607
181,1557736174,4,0,-4,4,19,-0.01987407633029229,-1.548226145963313
181,1557736255,228,108,-120,336,19,-0.4374546688097922,-0.830688502744719
181,1557736336,12,8,-4,20,19,-0.01987407633029229,-1.5136460185792846
181,1557748800,688,325,-363,1013,19,-1.312214013400469,0.6324831371919926
181,1557763200,530,533,3,1063,19,0.005324752526229257,0.7405460352670821
181,1557777600,485,868,383,1353,19,1.3732611761659705,1.367310844102601
181,1557792000,113,453,340,566,20,1.4242757640512298,-0.21668731715631845
181,1557806400,21,81,60,102,20,0.293114426071684,-1.1602600350340933
181,1557820800,588,315,-273,903,20,-1.0521595937397048,0.468623040440255
181,1557835200,941,385,-556,1326,20,-2.195440517483317,1.3288197207469332
181,1557849600,508,520,12,1028,20,0.09920105384661893,0.7228182769375003
181,1557864000,530,978,448,1508,20,1.8605808515576263,1.6989279850869226
181,1557878400,131,517,386,648,20,1.610109412433584,-0.049935242014125504
181,1557892800,30,97,67,127,20,0.3213934595211726,-1.1094209877346441
181,1557907200,605,361,-244,966,20,-0.9350035980203947,0.5967374396348667
181,1557911034,125,131,6,256,20,0.07496188231848579,-0.8470915036694869
181,1557921600,1096,417,-679,1513,20,-2.6923435338100465,1.7090957945468122
181,1557936000,625,550,-75,1175,20,-0.25226693331131145,1.0217518750582608
181,1557950400,613,898,285,1511,20,1.2020833583766761,1.7050286707628564
181,1557964800,160,502,342,662,20,1.4323554878939408,-0.021465375526434027
181,1557979200,27,124,97,151,20,0.44258931716183825,-1.060615502327173
181,1557993600,613,325,-288,938,20,-1.1127575225600375,0.5397977066594837
181,1557995283,79,50,-29,129,20,-0.06643328492895746,-1.1053538639506881
181,1557995365,5,10,5,15,20,0.07092202039713028,-1.337179919636176
181,1557995444,4,2,-2,6,20,0.04264298694764161,-1.3554819766639776
181,1557995527,281,110,-171,391,20,-0.6400936777614415,-0.5725606482524619
181,1557995608,14,8,-6,22,20,0.026483539262219528,-1.3229449863923302
181,1558008000,749,318,-431,1067,20,-1.6904577773138771,0.8021271907246409
181,1558022400,620,611,-9,1231,20,0.014363953498152964,1.1356313410090269
181,1558036800,631,959,328,1590,20,1.3757974209949637,1.8656800602291155
181,1558051200,180,536,356,716,20,1.4889135547929182,0.08834696664037596
181,1558065600,34,147,113,181,20,0.5072271079035265,-0.9996086455678341
181,1558080000,592,313,-279,905,20,-1.076398765267838,0.4726901642242109
181,1558083443,107,135,28,242,20,0.16383884458830728,-0.8755613701571784
181,1558083526,5,1,-4,6,20,0.034563263104930575,-1.3554819766639776
181,1558083606,3,0,-3,3,20,0.03860312502628609,-1.3615826623399114
181,1558083689,499,234,-265,733,20,-1.0198406983688606,0.12291751880400133
181,1558083769,6,6,0,12,20,0.050722710790352656,-1.3432806053121098
181,1558083850,10,0,-10,10,20,0.010324091576797444,-1.3473477290960658
181,1558094400,555,262,-293,817,20,-1.132956832166815,0.2937367177301502
181,1558108800,618,604,-14,1222,20,-0.005835356108624643,1.117329283981225
181,1558123200,631,811,180,1442,20,0.7778978566343465,1.5647129002163769
181,1558137600,223,485,262,708,20,1.1091665341854993,0.07207847150455227
181,1558152000,33,163,130,196,20,0.5759047605665704,-0.9691052171881647
181,1558166400,180,90,-90,270,20,-0.3128648621316443,-0.8186216371817954
181,1558180800,471,252,-219,723,20,-0.8340070499865065,0.1025818998842217
181,1558195200,544,411,-133,955,20,-0.4865789247499317,0.574368258823109
181,1558209600,417,488,71,905,20,0.3375529072065947,0.4726901642242109
181,1558224000,183,408,225,591,20,0.9596916430953449,-0.16584826985686937
181,1558238400,39,170,131,209,20,0.5799446224879259,-0.9426689125924511
181,1558252800,99,68,-31,167,20,-0.0745130087716685,-1.0280785120555256
181,1558267200,407,204,-203,611,20,-0.7693692592448182,-0.12517703201731012
181,1558281600,448,300,-148,748,20,-0.5471768535702646,0.15342094718367077
181,1558296000,304,448,144,752,20,0.6324628274655477,0.16155519475158261
181,1558310400,110,328,218,438,20,0.9314126096458563,-0.47698323932949765
181,1558324800,30,89,59,119,20,0.28907456415032845,-1.1256894828704678
181,1558339200,576,326,-250,902,20,-0.9592427695485277,0.46658947854827704
181,1558353600,1026,427,-599,1453,20,-2.369154580101605,1.5870820810281345
181,1558368000,545,527,-18,1072,20,-0.021994803794046728,0.8122950001845307
181,1558382400,514,865,351,1379,20,1.4687142451861406,1.4365985010217652
181,1558396800,150,465,315,615,21,1.2732183420964716,-0.1627082163763826
181,1558411200,25,120,95,145,21,0.39081460825524694,-1.1917795260066577
181,1558425600,619,356,-263,975,21,-1.0450969222682005,0.6255166165319133
181,1558428556,102,120,18,222,21,0.08197330141081831,-1.0231869923012722
181,1558428636,1,3,2,4,21,0.017798484404183794,-1.5005009188957403
181,1558428722,488,159,-329,647,21,-1.3098180424205679,-0.09264378678453408
181,1558428800,8,2,-6,10,21,-0.014288924099133467,-1.4873638383472687
181,1558440000,602,295,-307,897,21,-1.2215776690364453,0.45473456940178253
181,1558454400,620,555,-65,1175,21,-0.25093356181109827,1.0634193014809665
181,1558468800,567,872,305,1439,21,1.233109081467325,1.641450845613717
181,1558483200,191,454,263,645,21,1.0646501868249094,-0.09702281363402461
181,1558497600,25,121,96,146,21,0.3948255343181616,-1.1895900125819125
181,1558512000,608,375,-233,983,21,-0.9247691403807607,0.6430327239298754
181,1558526400,1126,422,-704,1548,21,-2.8139153160135644,1.8801078089109509
181,1558540800,570,567,-3,1137,21,-0.002256145910389495,0.9802177913406465
181,1558555200,552,945,393,1497,21,1.5860705750038149,1.7684426242489424
181,1558569600,166,497,331,663,21,1.337393159103106,-0.05761157198860982
181,1558584000,28,117,89,145,21,0.36674905187775897,-1.1917795260066577
181,1558598400,612,309,-303,921,21,-1.2055339647847867,0.5072828915956689
181,1558612800,1103,429,-674,1532,21,-2.6935875341261246,1.8450755941150268
181,1558627200,635,526,-109,1161,21,-0.4274143085793432,1.0327661135345327
181,1558641600,536,875,339,1411,21,1.3694805676064234,1.5801444697208493
181,1558656000,174,515,341,689,21,1.3775024197322527,-0.0006842229452328957
181,1558670400,30,118,88,148,21,0.3627381258148443,-1.185210985732422
181,1558684800,523,338,-185,861,21,-0.7322446893608572,0.3759120861109529
181,1558687139,78,65,-13,143,21,-0.04236540653953607,-1.1961585528561482
181,1558688947,35,66,31,101,21,0.13411534022870886,-1.2881181166954496
181,1558699200,990,464,-526,1454,21,-2.099970476814755,1.6742935469848959
181,1558713600,570,638,68,1208,21,0.2825196045565512,1.1356732444975604
181,1558728000,557,749,192,1306,21,0.7798744363579687,1.3502455601225964
181,1558742400,187,486,299,673,21,1.209043525089837,-0.03571643774115716
181,1558756800,35,164,129,199,21,0.5271860943943453,-1.0735458010704133
181,1558771200,148,96,-52,244,21,-0.1987915229932077,-0.9750176969568765
181,1558785600,500,242,-258,742,21,-1.025042291953627,0.11535998856626622
181,1558800000,442,357,-85,799,21,-0.3311520830693914,0.2401622537767464
181,1558814400,361,491,130,852,21,0.5311970204572599,0.3562064652882455
181,1558828800,155,400,245,555,21,0.9924535176924455,-0.2940790218610986
181,1558843200,31,160,129,191,21,0.5271860943943453,-1.0910619084683755
181,1558857600,84,73,-11,157,21,-0.034343554413706755,-1.1655053649097147
181,1558872000,381,214,-167,595,21,-0.6600480202283933,-0.20649848487128794
181,1558886400,393,328,-65,721,21,-0.25093356181109827,0.06938020664661562
181,1558900800,243,480,237,723,21,0.9603661091891282,0.07375923349610616
181,1558915200,101,284,183,385,21,0.7437761017917368,-0.6662963040677938
181,1558929600,34,112,78,146,21,0.3226288651856978,-1.1895900125819125
181,1558944000,158,85,-73,243,21,-0.28302097031441553,-0.9772072103816217
181,1558958400,356,188,-168,544,21,-0.664058946291308,-0.3181636695332965
181,1558972800,412,370,-42,782,21,-0.15868226236406113,0.2029405255560769
181,1558987200,290,418,128,708,21,0.5231751683314306,0.040916532124927164
181,1559001600,123,337,214,460,22,0.6983365859371398,-0.6940597742508132
181,1559016000,30,85,55,115,22,0.15996806181471385,-1.401795603166667
181,1559030400,590,326,-264,916,22,-0.9201549519906563,0.24138236483796746
181,1559044800,900,426,-474,1326,22,-1.6312077196995207,1.0824597267379676
181,1559059200,554,498,-56,1052,22,-0.21587411540282878,0.5203738800047968
181,1559073600,501,918,417,1419,22,1.3856875947223755,1.2732406893152848
181,1559088000,152,502,350,654,22,1.1588279021676424,-0.2960865834981302
181,1559102400,39,119,80,158,22,0.24461720082767385,-1.313585050577155
181,1559116800,606,371,-235,977,22,-0.8219619507356227,0.36651826502308943
181,1559131200,1010,434,-576,1444,22,-1.9765762068723978,1.324525894309187
181,1559145600,618,588,-30,1206,22,-0.1278390108293503,0.8362907427672359
181,1559160000,469,991,522,1460,22,1.7412139785768075,1.3573484255052848
181,1559174400,153,526,373,679,22,1.2367051100595656,-0.24480137850422778
181,1559188800,40,134,94,174,22,0.2920207186749315,-1.2807625193810572
181,1559203200,605,300,-305,905,22,-1.0589795399719109,0.21881687464065036
181,1559217600,1139,471,-668,1610,22,-2.288085038440091,1.6650596554686994
181,1559232000,622,539,-83,1161,22,-0.30729518553682567,0.7439773737782115
181,1559246400,550,1093,543,1643,22,1.812319255347694,1.7327561260606508
181,1559260800,232,651,419,883,22,1.3924595258434123,0.17368589424601621
181,1559275200,46,132,86,178,22,0.26493299419078425,-1.272556886582033
181,1559289600,526,282,-244,808,22,-0.8524356407802883,0.01983027926430887
181,1559304000,1032,436,-596,1468,22,-2.044295518082766,1.3737596911033336
181,1559318400,635,652,17,1287,22,0.031301370515014554,1.00245480694748
181,1559332800,641,885,244,1526,22,0.7999155527526918,1.4927413666891873
181,1559347200,215,520,305,735,22,1.0064594519443144,-0.1299225193178863
181,1559361600,40,201,161,241,22,0.5188804112296644,-1.1433181699973987
181,1559376000,171,111,-60,282,22,-0.2294179776449024,-1.0592104338073987
181,1559390400,498,258,-240,756,22,-0.8388917785382147,-0.08684294712300823
181,1559404800,450,365,-85,815,22,-0.31406711665786247,0.03419013666260155
181,1559419200,327,468,141,795,22,0.4511611000192964,-0.0068380273325204044
181,1559433600,153,406,253,559,22,0.8303892427973574,-0.4909703624749595
181,1559448000,41,152,111,193,22,0.3495821332037443,-1.2417857635856915
181,1559462400,106,71,-35,177,22,-0.14476883863194234,-1.274608294781789
181,1559476800,373,198,-175,571,22,-0.6188040171045186,-0.46635346407788636
181,1559491200,388,337,-51,725,22,-0.19894428760023675,-0.15043660131544725
181,1559505600,256,395,139,651,22,0.4443891688982596,-0.3022408080973985
181,1559520000,102,395,293,497,22,0.9658278652180936,-0.6181576708598376
181,1559534400,42,107,65,149,22,0.19382771741989785,-1.3320477243749598
181,1559548643,156,214,58,370,22,0.17012595849626905,-0.8786865122288621
181,1559548724,3,2,-1,5,22,-0.02964600957431668,-1.6274505051398378
181,1559548800,551,343,-208,894,22,-0.7305408806016259,0.1962513844433333
181,1559548888,7,2,-5,9,22,-0.043189871816390286,-1.6192448723408135
181,1559563200,1044,448,-596,1492,22,-2.044295518082766,1.42299348789748
181,1559577600,545,564,19,1109,22,0.03807330163605136,0.6373041473908944
181,1559592000,507,884,377,1391,22,1.2502489723016392,1.215801259722114
181,1559606400,158,512,354,670,23,1.2416687538948008,-0.40284570411780596
181,1559620800,31,104,73,135,23,0.3423637748542093,-1.5271710017860587
181,1559635200,480,186,-294,666,23,-0.8321733330030758,-0.4112518745676621
181,1559649600,997,338,-659,1335,23,-2.0003096936785774,0.9946801331707698
181,1559664000,553,477,-76,1030,23,-0.1344918901886667,0.3537096363692426
181,1559678400,535,826,291,1361,23,1.0400452176686183,1.0493202410948343
181,1559692800,150,563,413,713,23,1.4304907957574162,-0.312479371781853
181,1559707200,31,110,79,141,23,0.36156601639956004,-1.5145617461112746
181,1559721600,622,273,-349,895,23,-1.008193880502124,0.07000138368659936
181,1559736000,1098,404,-694,1502,23,-2.11232276935979,1.3456377494522618
181,1559750400,612,555,-57,1167,23,-0.07368479196172277,0.6416209742768139
181,1559764800,561,991,430,1552,23,1.4848971468025767,1.450714880075463
181,1559779200,137,482,345,619,23,1.2128653915767749,-0.5100243773534712
181,1559793600,26,135,109,161,23,0.4575772241263136,-1.472530893861994
181,1559808000,499,239,-260,738,23,-0.7233606309127552,-0.25994080647025236
181,1559822400,962,367,-595,1329,23,-1.795485783861503,0.9820708774959857
181,1559836800,559,463,-96,1022,23,-0.1984993620065024,0.3368972954695304
181,1559851200,558,841,283,1399,23,1.0144422289414843,1.1291788603684674
181,1559865600,165,555,390,720,23,1.3568822031669052,-0.2977685734946048
181,1559880000,31,124,93,155,23,0.406371246672045,-1.4851401495367782
181,1559894400,534,309,-225,843,23,-0.6113475552315426,-0.03927883216152988
181,1559908800,986,453,-533,1439,23,-1.5970626212262125,1.2132405648670284
181,1559923200,694,534,-160,1228,23,-0.40332327182357663,0.7698150736371193
181,1559937600,626,884,258,1510,23,0.9344328891691895,1.362450090351974
181,1559952000,187,511,324,698,23,1.1456575461680474,-0.3440025109688133
181,1559966400,42,183,141,225,23,0.5599891790348507,-1.3380321666642965
181,1559980800,178,96,-82,274,23,-0.1536941317340174,-1.2350565786535594
181,1559995200,526,309,-217,835,23,-0.5857445665044083,-0.05609117306124207
181,1560009600,1052,714,-338,1766,23,-0.9729897710023143,1.900444999142764
181,1560024000,947,492,-455,1439,23,-1.3474334811366533,1.2132405648670284
181,1560038400,222,390,168,612,23,0.6463992659889289,-0.5247351756407194
181,1560052800,55,175,120,230,23,0.4927813336261232,-1.3275244536019764
181,1560067200,106,81,-25,187,23,0.02872716294681435,-1.4178907859379295
181,1560081600,442,201,-241,643,23,-0.6625535326858112,-0.45958735465433465
181,1560096000,462,351,-111,813,23,-0.24650496586987913,-0.10232511053545058
181,1560110400,299,476,177,775,23,0.675202628306955,-0.18218372980908348
181,1560124800,96,317,221,413,23,0.8160190663061935,-0.9429421555210601
181,1560139200,23,105,82,128,23,0.3711671371722354,-1.5418818000733068
181,1560153600,526,332,-194,858,23,-0.5121359739138973,-0.00775569297456952
181,1560168000,995,468,-527,1463,23,-1.5778603796808617,1.2636775875661648
181,1560182400,547,518,-29,1065,23,0.01592566858324721,0.4272636278054834
181,1560196800,499,938,439,1437,23,1.5137005091206026,1.2090374796421002
181,1560211200,141,449,308,590,24,1.0519198157299106,-0.6786454003335504
181,1560225600,42,121,79,163,24,0.33490101050860593,-1.5600834887336783
181,1560240000,530,259,-271,789,24,-0.7609792594802878,-0.267858094498362
181,1560254400,1016,477,-539,1493,24,-1.600110437643212,1.185379409561802
181,1560268800,589,446,-143,1035,24,-0.3602001893129209,0.23994932879538844
181,1560283200,564,904,340,1468,24,1.1521145832717523,1.13377296410512
181,1560297600,167,491,324,658,24,1.1020171995008314,-0.5382758686913754
181,1560312000,31,124,93,155,24,0.37873622130816165,-1.5765975512798165
181,1560326400,606,307,-299,913,24,-0.8486496810793993,-0.011890125033219505
181,1560340800,1123,449,-674,1572,24,-2.0228071132103564,1.3484557772049168
181,1560355200,624,544,-80,1168,24,-0.16294174071492007,0.5144956186249364
181,1560369600,574,855,281,1429,24,0.9673804806164816,1.053266909192696
181,1560384000,169,521,352,690,24,1.189687621099943,-0.47221961850682254
181,1560398400,48,116,68,164,24,0.30045905916609783,-1.5580192309154108
181,1560412800,514,307,-207,821,24,-0.5605897243966044,-0.2018018443138091
181,1560414544,55,58,3,113,24,0.09693843759673185,-1.6632963796470421
181,1560427200,1033,445,-588,1478,24,-1.753533675441657,1.1544155422877926
181,1560441600,595,543,-52,1138,24,-0.07527131911580857,0.4525678840769181
181,1560456000,547,904,357,1451,24,1.2053430535283556,1.0986805811945761
181,1560470400,162,512,350,674,24,1.1834254481285778,-0.505247743599099
181,1560484800,51,140,89,191,24,0.3662118753654315,-1.5022842698221943
181,1560499200,490,275,-215,765,24,-0.5856384162820647,-0.3174002821367767
181,1560513600,991,439,-552,1430,24,-1.640814561957085,1.0553311670109633
181,1560528000,623,590,-33,1213,24,-0.015780675887840066,0.607387220446964
181,1560542400,549,859,310,1408,24,1.0581819887012756,1.0099174950090832
181,1561161600,5688,9327,3639,15015,25,3.985745515336151,4.096497122073177
181,1561176000,36,199,163,235,25,-0.029908173813188724,-0.37446216687876716
181,1561190400,157,108,-49,265,25,-0.2748214598027342,-0.36538714802433153
181,1561204800,516,303,-213,819,25,-0.46428268103992976,-0.19780179984575397
181,1561219200,531,444,-87,975,25,-0.3187210110650112,-0.1506117018026888
181,1561233600,411,441,30,852,25,-0.18355660323115827,-0.1878192791058748
181,1561248000,179,396,217,575,25,0.03247539903320493,-0.27161195319516357
181,1561262400,39,170,131,209,25,-0.066876216981422,-0.38232718321927806
181,1561276800,112,87,-25,199,25,-0.2470954274265592,-0.3853521895040899
181,1561291200,426,240,-186,666,25,-0.43309089461673295,-0.24408439600337556
181,1561305600,462,289,-173,751,25,-0.41807262707963816,-0.21837184258247466
181,1561320000,288,422,134,710,25,-0.06341046293440013,-0.23077436835020335
181,1561334400,103,372,269,475,25,0.092548469181584,-0.3018620160432823
181,1561348800,26,114,88,140,25,-0.11655202498873546,-0.40319972658447994
181,1561363200,445,297,-148,742,25,-0.38919134335445593,-0.22109434823880536
181,1561377600,1009,382,-627,1391,25,-0.9425567395289478,-0.02477144035451499
181,1561392000,600,460,-140,1060,25,-0.3799493325623976,-0.12489914838178788
181,1561406400,528,905,377,1433,25,0.21731561487437132,-0.012066413958305133
181,1561420800,173,509,336,682,26,1.1601979201709962,-0.2633280167181874
181,1561435200,26,99,73,125,26,0.25405733993986956,-1.6356371330258894
181,1561449600,444,300,-144,744,26,-0.49359477378695354,-0.11057547594426007
181,1561464000,953,414,-539,1367,26,-1.8545283448565166,1.4243411837679452
181,1561478400,590,502,-88,1092,26,-0.30065229282519274,0.7468097529158482
181,1561492800,447,893,446,1340,26,1.5391920792030265,1.3578199160115576
181,1561507200,148,578,430,726,26,1.4840656560710948,-0.15492298778185187
181,1561521600,25,125,100,150,26,0.34708317897500424,-1.5740433665847897
181,1561536000,515,290,-225,805,26,-0.7726722908923576,0.039713314172023284
181,1561550400,1035,423,-612,1458,26,-2.106042650395955,1.6485424936135482
181,1561564800,620,454,-166,1074,26,-0.5693936055933596,0.7024622410782564
181,1561579200,480,919,439,1399,26,1.5150742690828063,1.503181204812553
181,1561593600,144,529,385,673,26,1.3290225910125368,-0.2855017726369833
181,1561608000,24,138,114,162,26,0.39531879921544444,-1.5444783586930617
181,1561622400,496,172,-324,668,26,-1.1137670340211847,-0.29782052592520325
181,1561636800,969,351,-618,1320,26,-2.1267150590704293,1.3085449028586777
181,1561651200,510,472,-38,982,26,-0.12838222053790632,0.47579718057500936
181,1561665600,558,811,253,1369,26,0.8742296001741008,1.4292686850832332
181,1561680000,163,550,387,713,26,1.3359133939040284,-0.18695174633122372
181,1561694400,27,147,120,174,26,0.41599120788991883,-1.514913350801334
181,1561708800,435,198,-237,633,26,-0.8140171082413064,-0.3840517989427429
181,1561723200,888,371,-517,1259,26,-1.7787295130501106,1.1582561127423945
181,1561737600,607,558,-49,1165,26,-0.16628163644110933,0.9266635509238594
181,1561752000,533,774,241,1307,26,0.832884782825152,1.2765161443093058
181,1561766400,197,485,288,682,26,0.9948186507752013,-0.2633280167181874
181,1561780800,41,203,162,244,26,0.5606980686112394,-1.3424508047662547
181,1561795200,154,105,-49,259,26,-0.16628163644110933,-1.3054945449015949
181,1561809600,492,285,-207,777,26,-0.7106550648689345,-0.029271704242008416
181,1561824000,496,454,-42,950,26,-0.14216382632088922,0.3969571595304017
181,1561838400,404,472,68,876,26,0.23683033271114093,0.21463961086474653
181,1561852800,189,360,171,549,26,0.591706681622951,-0.591006854184838
181,1561867200,42,187,145,229,26,0.5021262440335621,-1.3794070646309144
181,1561881600,101,75,-26,176,26,-0.08703740318895757,-1.5099858494860459
181,1561896000,471,211,-260,682,26,-0.893261341493458,-0.2633280167181874
181,1561910400,475,321,-154,796,26,-0.5280487882444108,0.01753955825322738
181,1561924800,279,516,237,795,26,0.8191031770421691,0.015075807595583392
181,1561939200,114,365,251,479,26,0.8673387972826093,-0.7634694002199173
181,1561953600,32,151,119,183,26,0.4125458064441731,-1.4927395948825382
181,1561968000,382,238,-144,620,26,-0.49359477378695354,-0.41608055749211476
181,1561982400,918,382,-536,1300,26,-1.8441921405192794,1.259269889705798
181,1561996800,530,479,-51,1009,26,-0.1731724393326008,0.5423184483313971
181,1562011200,455,685,230,1140,26,0.794985366921949,0.8650697844827597
181,1562025600,191,484,293,675,27,1.6689168731981894,0.5794871207272063
181,1562040000,42,142,100,184,27,0.5208206829909336,-0.6151852995625038
181,1562054400,419,187,-232,606,27,-1.4541427115624805,0.411600365126412
181,1562057449,67,101,34,168,27,0.12820747804959223,-0.654115561730804
181,1562068800,972,375,-597,1347,27,-3.6254127085865657,2.2145581317958114
181,1562083200,569,514,-55,1083,27,-0.4012254801288832,1.5722088060188595
181,1562097600,511,855,344,1366,27,1.972299804289226,2.260787818120668
181,1562112000,171,508,337,679,27,1.9306590098257503,0.5892196862692813
181,1562126400,40,144,104,184,27,0.5446154226843483,-0.6151852995625038
181,1562140800,421,232,-189,653,27,-1.1983492598582732,0.5259580102457936
181,1562155200,928,431,-497,1359,27,-3.0305442162511995,2.243755828422037
181,1562169600,547,544,-3,1091,27,-0.09189386411449306,1.5916739371030095
181,1562184000,504,796,292,1300,27,1.6629681882748357,2.10020048667643
181,1562198400,171,503,332,674,27,1.900915585208982,0.5770539793416876
181,1562212800,28,149,121,177,27,0.6457430663813604,-0.6322172892611352
181,1562227200,118,79,-39,197,27,-0.3060465213552247,-0.58355446155076
181,1562230276,16,34,18,50,27,0.03302851927593373,-0.9412262452220174
181,1562230356,0,0,0,0,27,-0.07404780934443209,-1.0628833144979553
181,1562230437,1,0,-1,1,27,-0.07999649426778575,-1.0604501731124365
181,1562230520,78,53,-25,131,27,-0.22276493242827353,-0.744141792994998
181,1562230600,4,8,4,12,27,-0.05025306965101747,-1.0336856178717302
181,1562230681,0,7,7,7,27,-0.03240701488095649,-1.045851324799324
181,1562230762,0,0,0,0,27,-0.07404780934443209,-1.0628833144979553
181,1562230842,1,0,-1,1,27,-0.07999649426778575,-1.0604501731124365
181,1562230925,11,0,-11,11,27,-0.13948334350132233,-1.036118759257249
181,1562231006,2,3,1,5,27,-0.06809912442107843,-1.0507176075703615
181,1562231085,2,7,5,9,27,-0.044304384727663806,-1.0409850420282865
181,1562241600,261,150,-111,411,27,-0.734351835836688,-0.06286220504974578
181,1562256000,365,326,-39,691,27,-0.3060465213552247,0.6184173828955064
181,1562270400,330,358,28,688,27,0.0925153685094703,0.6111179587389501
181,1562284800,158,392,234,550,27,1.3179444627203236,0.27534444753736154
181,1562299200,33,201,168,234,27,0.9253312577789823,-0.49352823028656595
181,1562313600,283,175,-108,458,27,-0.716505781066627,0.051495440069635835
181,1562315640,27,37,10,64,27,-0.014560960110895523,-0.9071622658247548
181,1562315721,4,3,-1,7,27,-0.07999649426778575,-1.045851324799324
181,1562315805,132,77,-55,209,27,-0.4012254801288832,-0.5543567649245349
181,1562315886,5,2,-3,7,27,-0.09189386411449306,-1.045851324799324
181,1562315967,4,3,-1,7,27,-0.07999649426778575,-1.045851324799324
181,1562328000,456,268,-188,724,27,-1.1924005749349196,0.6987110486176255
181,1562342400,529,494,-35,1023,27,-0.2822517816618101,1.4262203228877341
181,1562356800,482,601,119,1083,27,0.6338456965346531,1.5722088060188595
181,1562371200,181,454,273,635,27,1.5499431747311163,0.482161465306456
181,1562385600,61,159,98,220,27,0.5089233131442262,-0.5275922096838286
181,1562400000,133,102,-31,235,27,-0.2584570419683955,-0.4910950889010472
181,1562414400,368,214,-154,582,27,-0.9901452875408953,0.3532049718739618
181,1562428800,411,407,-4,818,27,-0.09784254903784671,0.9274263388563887
181,1562443200,351,377,26,728,27,0.08061799866276298,0.7084436141597005
181,1562457600,183,302,119,485,27,0.6338456965346531,0.1171902574786423
181,1562472000,46,147,101,193,27,0.5267693679142873,-0.593287027092835
181,1562486400,89,70,-19,159,27,-0.18707282288815158,-0.6760138342004728
181,1562500800,284,205,-79,489,27,-0.5439939182893709,0.12692282302071733
181,1562515200,331,345,14,676,27,0.009233779582519103,0.5819202621127251
181,1562529600,291,442,151,733,27,0.8242036140819701,0.7206093210872943
181,1562544000,149,329,180,478,27,0.9967154768592261,0.100158267780011
181,1562558400,40,95,55,135,27,0.25312986144001903,-0.7344092274529229
181,1562572495,361,244,-117,605,27,-0.77004394537681,0.40916722374089326
181,1562572800,108,177,69,285,27,0.33641145036697023,-0.3694380196251093
181,1562574671,189,65,-124,254,27,-0.8116847398402856,-0.4448654025761908
181,1562574738,48,42,-6,90,27,-0.10973991888455403,-0.843900589801267
181,1562574818,4,7,3,11,27,-0.05620175457437112,-1.036118759257249
181,1562574900,28,10,-18,38,27,-0.18112413796479793,-0.9704239418482424
181,1562574980,12,0,-12,12,27,-0.14543202842467598,-1.0336856178717302
181,1562575074,14,0,-14,14,27,-0.1573293982713833,-1.0288193351006927
181,1562576291,135,32,-103,167,27,-0.6867623564498587,-0.6565487031163227
181,1562587200,543,299,-244,842,27,-1.5255269306427244,0.9858217321088388
181,1562601600,531,421,-110,952,27,-0.7284031509133343,1.2534672845159023
181,1562616000,443,863,420,1306,27,2.424399858464104,2.1147993349895424
181,1562630400,140,431,291,571,28,1.0949952075338496,-0.22563212932635326
181,1562644800,30,140,110,170,28,0.355014066447465,-1.1220020664742536
181,1562659200,464,246,-218,710,28,-0.9859462334217847,0.08507964439823062
181,1562673600,940,440,-500,1380,28,-2.1388450278215663,1.5827551004807574
181,1562688000,512,454,-58,966,28,-0.3318192578758092,0.6573257888118528
181,1562702400,528,860,332,1388,28,1.2626152450175059,1.600637792493683
181,1562716800,150,522,372,672,28,1.4261469889039997,0.00013685733683358386
181,1562731200,26,129,103,155,28,0.3263960112673286,-1.1555321139984893
181,1562745600,480,234,-246,714,28,-1.1004184541423305,0.09402099040469347
181,1562760000,1021,440,-581,1461,28,-2.4699968091917164,1.76381735711163
181,1562774400,531,511,-20,1042,28,-0.17646410118364006,0.8272113629346468
181,1562788800,531,852,321,1383,28,1.21764401544872,1.5894611099856044
181,1562803200,151,506,355,657,28,1.3566459977522398,-0.03339319018740209
181,1562817600,22,134,112,156,28,0.3631906536417897,-1.1532967774968734
181,1562832000,449,223,-226,672,28,-1.0186525821990835,0.00013685733683358386
181,1562846400,944,440,-504,1384,28,-2.1551982022102156,1.59169644648722
181,1562860800,572,527,-45,1099,28,-0.2786714411126987,0.9546255435267423
181,1562875200,495,902,407,1397,28,1.569237264804682,1.6207558210082245
181,1562889600,126,504,378,630,28,1.4506767504869738,-0.0937472757310263
181,1562904000,31,114,83,145,28,0.24463013932408165,-1.1778854790146465
181,1562918400,423,218,-205,641,28,-0.9327984166586741,-0.06915857421325347
181,1562925461,122,215,93,337,28,0.28551307529570513,-0.7487008707044298
181,1562932800,910,376,-534,1286,28,-2.277847010125086,1.3726334693288804
181,1562947200,625,585,-40,1210,28,-0.258229973126887,1.2027478952060864
181,1562961600,561,794,233,1355,28,0.8578741788984336,1.5268716879403645
181,1562976000,218,521,303,739,28,1.144054730699798,0.14990440294508625
181,1562990400,37,198,161,235,28,0.5635170399027447,-0.9767051938692324
181,1563004800,157,127,-30,284,28,-0.21734703715526352,-0.8671737052900624
181,1563019200,376,326,-50,702,28,-0.2991129090985104,0.06719695238530493
181,1563033600,441,459,18,900,28,-0.021108944491470886,0.5097935797052158
181,1563048000,372,469,97,841,28,0.30186624968435455,0.37790872610988885
181,1563062400,165,442,277,607,28,1.0377590971735768,-0.14516001526818767
181,1563076800,46,172,126,218,28,0.4204267640020626,-1.0147059143966994
181,1563091200,59,62,3,121,28,-0.08243334844890608,-1.2315335550534234
181,1563105600,233,166,-67,399,28,-0.3686139002502703,-0.6101100076042556
181,1563120000,280,345,65,625,28,0.1710408545751594,-0.10492395823910486
181,1563134400,249,375,126,624,28,0.4204267640020626,-0.10715929474072057
181,1563148800,92,317,225,409,28,0.8251678301211349,-0.5877566425880986
181,1563163200,31,118,87,149,28,0.26098331371273104,-1.1689441330081836
181,1563177600,426,226,-200,652,28,-0.9123569486728624,-0.04456987269548065
181,1563180727,74,120,46,194,28,0.09336327622907482,-1.0683539904354764
181,1563180806,3,0,-3,3,28,-0.10696311003188017,-1.4953032622440774
181,1563180890,387,135,-252,522,28,-1.1249482157253046,-0.3351636179055231
181,1563180970,9,1,-8,10,28,-0.1274045780176919,-1.4796559067327675
181,1563181055,6,1,-5,7,28,-0.11513969722620486,-1.4863619162376145
181,1563181135,1,0,-1,1,28,-0.09878652283755547,-1.4997739352473087
181,1563192000,533,287,-246,820,28,-1.1004184541423305,0.3309666595759589
181,1563206400,477,511,34,988,28,0.044303753063126665,0.7065031918473984
181,1563220800,439,855,416,1294,28,1.606031907179143,1.3905161613418062
181,1563235200,170,531,361,701,29,1.5276135627980059,0.2568613686953618
181,1563249600,28,103,75,131,29,0.26446600017446686,-1.1695901137321154
181,1563264000,430,210,-220,640,29,-1.03843096127289,0.10420603461101777
181,1563278400,915,450,-465,1365,29,-2.120497929254593,1.9185522184003527
181,1563292800,509,554,45,1063,29,0.13196800409507464,1.1627831873598298
181,1563307200,477,876,399,1353,29,1.6954443578319027,1.8885216608755637
181,1563321600,150,453,303,603,29,1.2714507703778477,0.01161181557625171
181,1563336000,27,111,84,138,29,0.3042153989982845,-1.1520722885093218
181,1563350400,474,248,-226,722,29,-1.0649305604887684,0.30941484436374256
181,1563352763,64,81,17,145,29,0.008303207754308583,-1.134554463286528
181,1563352845,1,0,-1,1,29,-0.07119558989332674,-1.4949211535839961
181,1563352928,288,77,-211,365,29,-0.9986815624490722,-0.58399424199873
181,1563353008,12,0,-12,12,29,-0.11977818845577055,-1.4673931425196063
181,1563364800,571,310,-261,881,29,-1.219511555914726,0.7073197315671967
181,1563379200,467,473,6,940,29,-0.04027939080813523,0.8549699727307426
181,1563393600,459,894,435,1353,29,1.8544419531271734,1.8885216608755637
181,1563408000,127,510,383,637,29,1.6247787599228936,0.09669839522982053
181,1563422400,34,132,98,166,29,0.36604779716866753,-1.0820009876181476
181,1563436800,421,198,-223,619,29,-1.0516807608808292,0.05165255894263703
181,1563451200,915,427,-488,1342,29,-2.222079726248794,1.8609936498111739
181,1563465600,372,401,29,773,29,0.061302406186065465,0.43704471384409577
181,1563480000,463,745,282,1208,29,1.178702173122273,1.5256524241176967
181,1563494400,128,457,329,585,29,1.3862823669799875,-0.03343402071093178
181,1563508800,31,128,97,159,29,0.36163119729935445,-1.099518812840941
181,1563523200,411,219,-192,630,29,-0.9147661649321238,0.07918057000702694
181,1563526252,69,84,15,153,29,-0.0005299919843175654,-1.1145340916033355
181,1563526333,0,0,0,0,29,-0.06677899002401368,-1.4974237000443953
181,1563526419,330,115,-215,445,29,-1.0163479619263245,-0.38379052516680334
181,1563526497,10,1,-9,11,29,-0.10652838884783133,-1.4698956889800052
181,1563537600,518,255,-263,773,29,-1.228344755653352,0.43704471384409577
181,1563552000,504,541,37,1045,29,0.09663520514057007,1.1177373510726463
181,1563566400,353,532,179,885,29,0.7237923865830265,0.717329917408793
181,1563580800,147,455,308,602,29,1.2935337697244131,0.009109269115852628
181,1563595200,36,151,115,187,29,0.4411299949469898,-1.0294475119497668
181,1563609600,161,98,-63,259,29,-0.34502478179073737,-0.8492641668010328
181,1563624000,419,258,-161,677,29,-0.7778515689834186,0.19680025364578382
181,1563638400,346,299,-47,645,29,-0.27435918388172814,0.11671876691301318
181,1563652800,284,383,99,667,29,0.3704643970379806,0.171774789041793
181,1563667200,145,336,191,481,29,0.7767915850147834,-0.2936988525924364
181,1563681600,33,156,123,189,29,0.4764627939014944,-1.0244424190289685
181,1563696000,114,68,-46,182,29,-0.26994258401241505,-1.0419602442517621
181,1563710400,293,177,-116,470,29,-0.5791045748643302,-0.3212268636568263
181,1563724800,326,232,-94,558,29,-0.4819393777394426,-0.10100277514170701
181,1563739200,224,347,123,571,29,0.4764627939014944,-0.06846967115651893
181,1563753600,102,295,193,397,29,0.7856247847534096,-0.5039127552659594
181,1563768000,36,87,51,123,29,0.1584676033109531,-1.189610485415308
181,1563782400,434,211,-223,645,29,-1.0516807608808292,0.11671876691301318
181,1563796800,853,368,-485,1221,29,-2.2088299266408544,1.558185528102885
181,1563811200,504,496,-8,1000,29,-0.10211178897851826,1.0051227603546875
181,1563825600,396,804,408,1200,29,1.7351937566557205,1.5056320524345042
181,1563840000,129,555,426,684,30,1.505715844812212,-0.20590661226563298
181,1563854400,33,88,55,121,30,0.14172164134358303,-1.688058135441633
181,1563868800,442,212,-230,654,30,-0.9060906173856873,-0.2848844909428621
181,1563883200,886,354,-532,1240,30,-2.0164039582145983,1.2578167392190136
181,1563897600,508,464,-44,972,30,-0.2222552485307951,0.5522810230357668
181,1563912000,441,804,363,1245,30,1.274094187619426,1.2709797189985519
181,1563926400,147,465,318,612,30,1.108650146767436,-0.3954535210909829
181,1563940800,29,129,100,158,30,0.30716568219557305,-1.5906520850730506
181,1563955200,467,227,-240,694,30,-0.9428559597972407,-0.1795806527065566
181,1563969600,860,417,-443,1277,30,-1.6891924107517735,1.3552227895875963
181,1563984000,524,475,-49,999,30,-0.24063791973657175,0.6233611138452729
181,1563998400,450,812,362,1262,30,1.2704176533782707,1.3157338502489817
181,1564012800,166,522,356,688,30,1.2483584479313388,-0.19537622844200242
181,1564027200,38,478,440,516,30,1.5571873241883867,-0.6481827328581161
181,1564041600,449,214,-235,663,30,-0.924473288591464,-0.26119112733969335
181,1564056000,905,402,-503,1307,30,-1.9097844652210936,1.4342006682648254
181,1564070400,530,514,-16,1044,30,-0.11931228977844573,0.7418279318611166
181,1564084800,477,779,302,1256,30,1.0498255989089507,1.299938274513536
181,1564099200,186,516,330,702,30,1.1527685576613,-0.15851988505929548
181,1564113600,32,145,113,177,30,0.3549606273305924,-1.5406327619108053
181,1564128000,435,250,-185,685,30,-0.7406465765336973,-0.20327401630972533
181,1564142400,916,387,-529,1303,30,-2.0053743554911323,1.4236702844411948
181,1564156800,581,579,-2,1160,30,-0.06784081040227105,1.0472090627464026
181,1564171200,518,781,263,1299,30,0.9064407635038926,1.4131399006175642
181,1564185600,221,522,301,743,30,1.0461490646677953,-0.05058345086708234
181,1564200000,38,170,132,208,30,0.4248147779125438,-1.4590222872776686
181,1564214400,175,95,-80,270,30,-0.35461048121238714,-1.295801338011395
181,1564228800,445,252,-193,697,30,-0.77005885046294,-0.1716828648388337
181,1564243200,465,430,-35,895,30,-0.1891664403603971,0.3495711344308786
181,1564257600,393,397,4,790,30,-0.04578160495533905,0.07314855906057664
181,1564272000,203,380,177,583,30,0.5902588187645338,-0.4717988038123044
181,1564286400,40,173,133,213,30,0.4284913121536991,-1.4458593074981303
181,1564300800,119,70,-49,189,30,-0.24063791973657175,-1.5090416104399136
181,1564315200,343,215,-128,558,30,-0.5310841247878433,-0.5376137027099953
181,1564329600,418,319,-99,737,30,-0.42446463179433847,-0.06637902660252817
181,1564344000,290,371,81,661,30,0.23731153161362173,-0.26645631925150864
181,1564358400,113,333,220,446,30,0.7483497911342132,-0.8324644497716508
181,1564372800,28,93,65,121,30,0.17848698375513636,-1.688058135441633
181,1564387200,450,207,-243,657,30,-0.9538855625207067,-0.2769867030751392
181,1564401600,837,379,-458,1216,30,-1.7443404243691036,1.1946344362772303
181,1564416000,490,506,16,996,30,-0.001663194061475033,0.61546332597755
181,1564430400,444,871,427,1315,30,1.5093923790533674,1.4552614359120866
181,1564444800,151,473,322,624,31,1.1878712507484213,-0.1403830362319131
181,1564459200,31,148,117,179,31,0.41243252958264365,-1.1241696680933513
181,1564472568,122,131,9,253,31,0.003908715505063268,-0.9605736888624604
181,1564472669,2,8,6,10,31,-0.007439168219313964,-1.4977875125530884
181,1564473600,413,231,-182,644,31,-0.7185732149469539,-0.0961679067100507
181,1564476023,42,75,33,117,31,0.09469178530008113,-1.2612365696111247
181,1564476103,0,9,9,9,31,0.003908715505063268,-1.4999982690291815
181,1564476186,296,85,-211,381,31,-0.8282694242826004,-0.6775968599225412
181,1564476266,9,3,-6,12,31,-0.05283070311682289,-1.4933659996009023
181,1564488000,629,287,-342,916,31,-1.323793680247073,0.5051578547872778
181,1564502400,504,498,-6,1002,31,-0.05283070311682289,0.6952829117312861
181,1564516800,449,861,412,1310,31,1.5283077624797383,1.376195906367967
181,1564531200,165,474,309,639,31,1.1386970879427867,-0.1072216890905163
181,1564545600,31,126,95,157,31,0.3292147156038773,-1.1728063105673998
181,1564560000,461,217,-244,678,31,-0.95309614525075,-0.021002186522884634
181,1564574400,887,399,-488,1286,31,-1.8760573548334316,1.3231377509417321
181,1564588800,546,425,-121,971,31,-0.48783291255128347,0.6267494609723994
181,1564603200,415,822,407,1237,31,1.5093946229391095,1.2148106836131691
181,1564617600,150,476,326,626,31,1.2030017623809244,-0.13596152327972685
181,1564632000,33,108,75,141,31,0.2535621574413624,-1.20817841418489
181,1564646400,437,217,-220,654,31,-0.8623130754557322,-0.07406034194911951
181,1564660800,937,430,-507,1367,31,-1.9479272850878209,1.5022090255052747
181,1564675200,553,501,-52,1054,31,-0.22683158689060715,0.8102422484881283
181,1564689600,450,781,331,1231,31,1.221914901921553,1.2015461447566105
181,1564704000,183,552,369,735,31,1.3656547624303312,0.10501093261442318
181,1564718400,40,143,103,183,31,0.35947573886888323,-1.1153266421889787
181,1564732800,375,204,-171,579,31,-0.6769643079575707,-0.23986707765610346
181,1564747200,847,412,-435,1259,31,-1.675578075702767,1.2634473260872179
181,1564761600,554,489,-65,1043,31,-0.2760057496962418,0.7859239272511039
181,1564776000,481,847,366,1328,31,1.354306878705954,1.4159895229376431
181,1565409600,49,202,153,251,32,0.8022946918415153,-0.7332309577417125
181,1565424000,189,105,-84,294,32,-0.3868121221237086,-0.621689927613551
181,1565438400,505,233,-272,738,32,-1.33006984796954,0.5300360578958372
181,1565452800,495,390,-105,885,32,-0.4921760170320195,0.9113507422874589
181,1565467200,437,494,57,931,32,0.3206311722606651,1.0306737047501433
181,1565481600,206,403,197,609,32,1.0230571383160716,0.19541296751135276
181,1565496000,51,186,135,237,32,0.7119827819201059,-0.7695466419694861
181,1565510400,132,80,-52,212,32,-0.22625761559675847,-0.8343960780905102
181,1565524800,401,192,-209,593,32,-1.0139781632446072,0.15390932839389732
181,1565539200,417,367,-50,784,32,-0.2162229589388241,0.6493590203585216
181,1565553600,337,459,122,796,32,0.6467575136435324,0.6804867496966132
181,1565568000,128,379,251,507,32,1.2939928680803,-0.06917273186242562
181,1565582400,29,105,76,134,32,0.4159604105110417,-1.0367263187881055
181,1565594939,64,89,25,153,32,0.1600766657337151,-0.9874407473361271
181,1565595011,1,4,3,5,32,0.049695442496436926,-1.3713494091725897
181,1565595104,1,5,4,6,32,0.054712770825404114,-1.3687554317277488
181,1565595193,2,0,-2,2,32,0.024608800851600977,-1.3791313415071127
181,1565596800,432,193,-239,625,32,-1.1644980131136229,0.2369166066288082
181,1565611200,862,323,-539,1185,32,-2.6696965118037794,1.6895439757397483
181,1565625600,514,477,-37,991,32,-0.15099769066225063,1.1863123514406013
181,1565640000,424,845,421,1269,32,2.146938684004722,1.9074380811063893
181,1565654400,152,510,358,662,33,1.2284715925054208,-0.28302358660945687
181,1565668800,37,97,60,134,33,0.263882480096522,-1.590047963254878
181,1565683200,424,196,-228,620,33,-0.6683378701510043,-0.3869914347517063
181,1565697600,885,396,-489,1281,33,-1.513162562562825,1.249264461010838
181,1565712000,507,506,-1,1013,33,0.06643303091215011,0.5858505728650562
181,1565726400,431,862,431,1293,33,1.4647635562834396,1.2789695604800524
181,1565740800,145,482,337,627,33,1.1604971919665386,-0.3696634600613314
181,1565755200,26,134,108,160,33,0.4192525384711097,-1.525686914404914
181,1565769600,465,211,-254,676,33,-0.7524966517705727,-0.24836763722870706
181,1565784000,885,379,-506,1264,33,-1.5681894582371583,1.207182236762785
181,1565798400,504,441,-63,945,33,-0.13425329448835904,0.41752167587284283
181,1565812800,476,771,295,1247,33,1.0245483908887745,1.1651000125147315
181,1565827200,151,489,338,640,33,1.163734068182676,-0.3374829356363494
181,1565841600,25,147,122,172,33,0.4645688054970311,-1.4959818149357
181,1565856000,458,183,-275,641,33,-0.8204710523094548,-0.33500751068058154
181,1565870400,905,308,-597,1213,33,-1.8627451939056474,1.080935564018625
181,1565884800,522,499,-23,1021,33,-0.00477824584286926,0.6056539725111989
181,1565899200,477,879,402,1356,33,1.3708941460154596,1.4349213326934265
181,1565913600,157,526,369,683,33,1.2640772308829304,-0.23103966253833214
181,1565928000,37,176,139,213,33,0.5195957011713643,-1.3944893917492185
181,1565942400,475,191,-284,666,33,-0.84960293825469,-0.2731218867863855
181,1565956800,1371,371,-1000,1742,33,-3.167206309008957,2.390435365619814
181,1565971200,851,464,-387,1315,33,-1.1830011885168261,1.333428909506945
181,1565985600,509,655,146,1164,33,0.542253834684325,0.9596397411860005
181,1566000000,202,426,224,628,33,0.79473017954303,-0.3671880351055635
181,1566014400,35,221,186,256,33,0.6717288833298147,-1.2880461186512013
181,1566028800,187,109,-78,296,33,-0.1828064377304177,-1.1890291204204875
181,1566043200,564,288,-276,852,33,-0.823707928525592,0.18730715498643338
181,1566057600,558,468,-90,1026,33,-0.22164895232406465,0.6180310972900381
181,1566072000,404,532,128,936,33,0.4839900627938546,0.3952428512709322
181,1566086400,217,449,232,666,33,0.820625189272128,-0.2731218867863855
181,1566100800,55,165,110,220,33,0.4257262909033842,-1.3771614170588435
181,1566115200,129,76,-53,205,33,-0.10188453232698659,-1.4142927913953613
181,1566129600,408,187,-221,595,33,-0.6456797366380437,-0.4488770586459023
181,1566144000,419,380,-39,799,33,-0.056568265301065165,0.05610963233073769
181,1566158400,316,473,157,789,33,0.5778594730618347,0.03135538277305926
181,1566172800,121,358,237,479,33,0.8368095703528142,-0.7360263535149721
181,1566187200,28,94,66,122,33,0.28330373739334547,-1.6197530627240924
181,1566201600,440,204,-236,644,33,-0.6942328798801023,-0.327581235813278
181,1566216000,881,392,-489,1273,33,-1.513162562562825,1.2294610613646955
181,1566230400,483,475,-8,958,33,0.043774897399189404,0.44970220029782476
181,1566244800,433,681,248,1114,33,0.872415208730324,0.8358684933976084
181,1566259200,161,489,328,650,34,1.190633036535596,-0.2967456917489392
181,1566273600,34,125,91,159,34,0.3357887458781146,-1.599873812542513
181,1566288000,483,188,-295,671,34,-1.0564892971336484,-0.2410110878046112
181,1566302400,853,359,-494,1212,34,-1.7742699462511118,1.194818470951648
181,1566316800,493,464,-29,957,34,-0.0970438063535216,0.518041137341951
181,1566331200,516,847,331,1363,34,1.2014538503413867,1.595576813598959
181,1566345600,148,514,366,662,34,1.3276966780756139,-0.2648973466378946
181,1566360000,28,117,89,145,34,0.3285748700075873,-1.6370302151720648
181,1566374400,449,192,-257,641,34,-0.9194256555936302,-0.3206319505822226
181,1566388800,919,365,-554,1284,34,-1.9906862223669297,1.3859085416179155
181,1566403200,520,460,-60,980,34,-0.20885888234669425,0.5790837988047864
181,1566417600,479,878,399,1357,34,1.4467256299393139,1.5796526410434366
181,1566432000,152,493,341,645,34,1.237523229694023,-0.3100158355452078
181,1566446400,29,108,79,137,34,0.29250549065495096,-1.6582624452460946
181,1566460800,432,186,-246,618,34,-0.8797493383057302,-0.38167461204505804
181,1566475200,827,320,-507,1147,34,-1.821160139409539,1.0223066016001567
181,1566489600,539,428,-111,967,34,-0.3928127170451396,0.5445814249344881
181,1566504000,579,847,268,1426,34,0.9742167604197778,1.762780625431943
181,1566518400,168,579,411,747,34,1.4900088851624775,-0.03930490210132893
181,1566532800,37,194,157,231,34,0.5738466496055145,-1.4087837418762454
181,1566547200,410,226,-184,636,34,-0.6561191863193849,-0.3339020943784912
181,1566561600,862,331,-531,1193,34,-1.9077266498558663,1.1443919245258276
181,1566576000,562,467,-95,1029,34,-0.33510171008092143,0.7091312080082185
181,1566590400,550,758,208,1308,34,0.7578004843039599,1.4496052318400048
181,1566604800,183,525,342,708,34,1.2411301676292867,-0.1428120237122238
181,1566619200,40,212,172,252,34,0.6279507186344689,-1.3530491379319174
181,1566633600,198,122,-76,320,34,-0.2665698893109124,-1.1725751823026649
181,1566648000,538,284,-254,822,34,-0.9086048417878393,0.15974725484269964
181,1566662400,544,374,-170,918,34,-0.605622055225694,0.4145340157310562
181,1566676800,422,485,63,907,34,0.2347944836907328,0.3853396993792653
181,1566691200,190,474,284,664,34,1.031927767383996,-0.2595892891193872
181,1566705600,43,182,139,225,34,0.5089217667707691,-1.4247079144317676
181,1566720000,154,87,-67,241,34,-0.23410744789353968,-1.3822434542837083
181,1566734400,367,212,-155,579,34,-0.5515179861967395,-0.4851817336559529
181,1566748800,469,377,-92,846,34,-0.3242808962751305,0.22344394506478876
181,1566763200,361,391,30,752,34,0.11576553182703284,-0.026034758305060357
181,1566777600,116,420,304,536,34,1.1040665260892686,-0.5993049703038626
181,1566792000,24,102,78,126,34,0.28889855271968734,-1.6874567615978855
181,1566806400,438,209,-229,647,34,-0.8184313934062485,-0.30470777802670035
181,1566820800,818,357,-461,1175,34,-1.6552409943874118,1.0966194068592607
181,1566835200,487,400,-87,887,34,-0.30624620659881235,0.33225912419419107
181,1566849600,420,806,386,1226,34,1.3998354367808867,1.2319748735812002
181,1566864000,157,420,263,577,35,1.0959499630692486,-0.3214912712970977
181,1566878400,33,107,74,140,35,0.30964746787368685,-1.4816664174604741
181,1566892800,479,210,-269,689,35,-1.1173459493330733,-0.0241466114108319
181,1566907200,867,336,-531,1203,35,-2.207352582884593,1.3404529884243521
181,1566921600,480,475,-5,955,35,-0.019018654456733165,0.6820469558190494
181,1566936000,489,841,352,1330,35,1.4662193920237725,1.6776205938311
181,1566950400,157,505,348,662,35,1.449578069374131,-0.09582791334769955
181,1566964800,25,124,99,149,35,0.4136557344339463,-1.4577726501481847
181,1566979200,471,215,-256,686,35,-1.0632616507217385,-0.03211120051492831
181,1566993600,899,395,-504,1294,35,-2.0950236549995127,1.5820455245819431
181,1567008000,557,528,-29,1085,35,-0.11886659035458229,1.0271791503298935
181,1567022400,494,866,372,1360,35,1.5494260052719802,1.757266484872064
181,1567036800,137,506,369,643,35,1.5369450132847489,-0.14627031100697677
181,1567051200,32,101,69,133,35,0.28884581456163494,-1.5002504587033656
181,1567065600,461,245,-216,706,35,-0.8968484242253233,0.02098606017904773
181,1567080000,905,387,-518,1292,35,-2.153268284273258,1.5767357985125454
181,1567094400,515,469,-46,984,35,-0.18959221161555873,0.7590379838253146
181,1567108800,511,814,303,1325,35,1.262363189565664,1.664346278657606
181,1567123200,155,498,343,653,35,1.428776416062079,-0.11972168065998876
181,1567137600,32,166,134,198,35,0.5592673076183096,-1.3276843614479434
181,1567152000,458,215,-243,673,35,-1.0091773521104035,-0.06662441996601273
181,1567166400,817,378,-439,1195,35,-1.8246021619428379,1.3192140841467617
181,1567180800,608,611,3,1219,35,0.014263990842549873,1.382930796979533
181,1567195200,468,624,156,1092,35,0.6507945821913379,1.0457631915727852
181,1567209600,187,448,261,635,35,1.0876293017444278,-0.1675092152845672
181,1567224000,39,162,123,201,35,0.5135036703317954,-1.3197197723438472
181,1567238400,168,89,-79,257,35,-0.32688312347510123,-1.1710474424007142
181,1567252800,444,259,-185,703,35,-0.7678781736906015,0.013021471074951323
181,1567267200,441,356,-85,797,35,-0.35184510744956354,0.26257859633663866
181,1567281600,398,445,47,843,35,0.1973185399886066,0.38470229593278354
181,1567296000,168,374,206,542,35,0.8588111153118569,-0.41441147751155577
181,1567310400,44,176,132,220,35,0.5509466462934888,-1.2692773746845698
181,1567324800,125,81,-44,206,35,-0.18127155029073796,-1.3064454571703532
181,1567339200,373,203,-170,576,35,-0.7054732137544458,-0.3241461343317965
181,1567353600,413,294,-119,707,35,-0.49329634997151645,0.02364092321374653
181,1567368000,287,331,44,618,35,0.18483754800137545,-0.21264188687444682
181,1567382400,141,354,213,495,35,0.8879334299487296,-0.5391900401423995
181,1567396800,38,110,72,148,35,0.30132680654886607,-1.4604275131828837
181,1567411200,144,68,-76,212,35,-0.3144021314878701,-1.2905162789621603
181,1567425600,355,217,-138,572,35,-0.5723426325573138,-0.3347655864705917
181,1567440000,371,292,-79,663,35,-0.32688312347510123,-0.09317305031300074
181,1567454400,326,356,30,682,35,0.12659291872763012,-0.042730652653723514
181,1567468800,120,287,167,407,36,0.6286155360534814,-0.9319657304322284
181,1567483200,31,80,49,111,36,0.23007151703326215,-1.63616544846137
181,1567497600,475,244,-231,719,36,-0.7156261552181056,-0.18970116277989008
181,1567512000,921,347,-574,1268,36,-1.874105803726031,1.1163989899160516
181,1567526400,546,508,-38,1054,36,-0.06377025970198423,0.6072816262057937
181,1567540800,440,805,365,1245,36,1.2973588900026627,1.061680768582706
181,1567555200,146,437,291,583,36,1.0474245051933726,-0.5132523845770632
181,1567569600,24,126,102,150,36,0.4090785764236996,-1.5433823775048277
181,1567584000,506,222,-284,728,36,-0.8946332146085431,-0.16828968486684184
181,1567598400,906,390,-516,1296,36,-1.6782112859025335,1.183012476756646
181,1567612800,593,438,-155,1031,36,-0.45893678703559143,0.5525634048724483
181,1567627200,533,897,364,1430,36,1.2939813983160506,1.5018055923509195
181,1567641600,164,589,425,753,36,1.5000083911993844,-0.10881335733059679
181,1567656000,27,143,116,170,36,0.456363460036268,-1.4958013154758316
181,1567670400,557,282,-275,839,36,-0.8642357894290347,0.09578520939408622
181,1567684800,995,368,-627,1363,36,-2.0531128631164686,1.3424090345537827
181,1567699200,619,497,-122,1116,36,-0.34747956137739455,0.7547829184956815
181,1567713600,500,903,403,1403,36,1.4257035740939197,1.4375711586117748
181,1567728000,140,541,401,681,36,1.4189485907206958,-0.2801051806349826
181,1567742400,39,132,93,171,36,0.3786811512441914,-1.4934222623743818
181,1567756800,547,292,-255,839,36,-0.7966859556967942,0.09578520939408622
181,1567771200,964,365,-599,1329,36,-1.9585430958913317,1.2615212291044895
181,1567785600,682,615,-67,1297,36,-0.161717518613733,1.1853915298580957
181,1567800000,509,899,390,1408,36,1.3817961821679634,1.4494664241190238
181,1567814400,199,436,237,635,36,0.8650399541163232,-0.38954162330167347
181,1567828800,36,184,148,220,36,0.5644431940078529,-1.3768486604033414
181,1567843200,188,105,-83,293,36,-0.21575738559952545,-1.203177783997506
181,1567857600,553,254,-299,807,36,-0.9452955899077234,0.019655510147692543
181,1567872000,506,441,-65,947,36,-0.15496253524050896,0.35272294435066487
181,1567886400,429,462,33,891,36,0.1760316500474697,0.21949597066947596
181,1567900800,204,448,244,652,36,0.8886823959226074,-0.3490977205770268
181,1567915200,34,171,137,205,36,0.5272907854551205,-1.4125344569250886
181,1567929600,140,89,-51,229,36,-0.10767765162794059,-1.3554371824902933
181,1567944000,436,189,-247,625,36,-0.769666022203898,-0.4133321543161715
181,1567958400,454,374,-80,828,36,-0.20562491053968937,0.0696156252781384
181,1567972800,295,423,128,718,36,0.4968933602756123,-0.19208021588133986
181,1567987200,116,267,151,383,36,0.574575669067689,-0.9890630048670237
181,1568001600,29,93,64,122,36,0.28073389233244256,-1.6099958643454222
181,1568016000,590,302,-288,892,36,-0.9081431813549912,0.22187502377092574
181,1568030400,969,351,-618,1320,36,-2.0227154379369603,1.2401097511914412
181,1568044800,532,542,10,1074,36,0.09834934125539309,0.6548626882347898
181,1568059200,481,834,353,1315,36,1.2568289897633185,1.2282144856841921
181,1568073600,139,490,351,629,37,1.5599835378981286,0.3882680098645981
181,1568088000,32,132,100,164,37,0.45922952724297805,-0.5177548258673942
181,1568098072,52,72,20,124,37,0.10839159556006155,-0.5956922741024043
181,1568098144,1,0,-1,1,37,0.016296638493295965,-0.8353499274250603
181,1568098209,2,0,-2,2,37,0.01191116434725951,-0.833401491219185
181,1568098270,1,1,0,2,37,0.02068211263933242,-0.833401491219185
181,1568098332,1,0,-1,1,37,0.016296638493295965,-0.8353499274250603
181,1568098393,3,0,-3,3,37,0.007525690201223053,-0.8314530550133098
181,1568098464,2,0,-2,2,37,0.01191116434725951,-0.833401491219185
181,1568098532,1,0,-1,1,37,0.016296638493295965,-0.8353499274250603
181,1568098600,1,0,-1,1,37,0.016296638493295965,-0.8353499274250603
181,1568098665,2,0,-2,2,37,0.01191116434725951,-0.833401491219185
181,1568098730,2,14,12,16,37,0.0733078023917699,-0.8061233843369315
181,1568098793,1,5,4,6,37,0.038224009223478246,-0.825607746395684
181,1568098865,2,1,-1,3,37,0.016296638493295965,-0.8314530550133098
181,1568098932,2,9,7,11,37,0.051380431661587615,-0.8158655653663078
181,1568099003,1,1,0,2,37,0.02068211263933242,-0.833401491219185
181,1568099067,0,0,0,0,37,0.02068211263933242,-0.8372983636309356
181,1568099131,1,0,-1,1,37,0.016296638493295965,-0.8353499274250603
181,1568099193,3,0,-3,3,37,0.007525690201223053,-0.8314530550133098
181,1568099266,5,0,-5,5,37,-0.0012452580908498595,-0.8275561826015593
181,1568099335,4,0,-4,4,37,0.0031402160551865965,-0.8295046188074345
181,1568099401,4,0,-4,4,37,0.0031402160551865965,-0.8295046188074345
181,1568099467,2,5,3,7,37,0.03383853507744179,-0.8236593101898089
181,1568099532,1,12,11,13,37,0.06892232824573344,-0.8119686929545573
181,1568099594,1,1,0,2,37,0.02068211263933242,-0.833401491219185
181,1568099667,3,1,-2,4,37,0.01191116434725951,-0.8295046188074345
181,1568099732,2,0,-2,2,37,0.01191116434725951,-0.833401491219185
181,1568099794,5,0,-5,5,37,-0.0012452580908498595,-0.8275561826015593
181,1568099869,1,9,8,10,37,0.05576590580762407,-0.8178140015721831
181,1568099933,3,6,3,9,37,0.03383853507744179,-0.8197624377780584
181,1568100002,2,0,-2,2,37,0.01191116434725951,-0.833401491219185
181,1568100068,1,0,-1,1,37,0.016296638493295965,-0.8353499274250603
181,1568100133,3,2,-1,5,37,0.016296638493295965,-0.8275561826015593
181,1568100195,4,0,-4,4,37,0.0031402160551865965,-0.8295046188074345
181,1568100269,1,13,12,14,37,0.0733078023917699,-0.810020256748682
181,1568100349,4,1,-3,5,37,0.007525690201223053,-0.8275561826015593
181,1568100431,2,0,-2,2,37,0.01191116434725951,-0.833401491219185
181,1568100510,2,1,-1,3,37,0.016296638493295965,-0.8314530550133098
181,1568100591,4,9,5,13,37,0.0426094833695147,-0.8119686929545573
181,1568100671,2,6,4,8,37,0.038224009223478246,-0.8217108739839336
181,1568102400,599,297,-302,896,37,-1.3037310794636774,0.9085004768332905
181,1568116800,1005,380,-625,1385,37,-2.7202392286334525,1.8612857815062889
181,1568131200,533,575,42,1108,37,0.2048720267728636,1.3215689524788439
181,1568145600,536,953,417,1489,37,1.8494248315365347,2.063923146917315
181,1568160000,151,525,374,676,37,1.660849443256967,0.47984451154073493
181,1568174400,29,99,70,128,37,0.32766530286188433,-0.5878985292789033
181,1568188800,607,301,-306,908,37,-1.3212729760478232,0.9318817113037935
181,1568203200,951,391,-560,1342,37,-2.435183409141083,1.777503024653653
181,1568217600,550,587,37,1137,37,0.18294465604268131,1.3780736024492262
181,1568232000,517,943,426,1460,37,1.8888940988508627,2.007418496946933
181,1568246400,155,524,369,679,37,1.6389220725267848,0.4856898201583607
181,1568260800,31,142,111,173,37,0.5074697428493791,-0.500218900014517
181,1568275200,568,267,-301,835,37,-1.2993456053176409,0.7896458682749
181,1568289600,1013,335,-678,1348,37,-2.952669358373385,1.7891936418889045
181,1568304000,566,560,-6,1126,37,-0.0056307322368863155,1.3566408041845985
181,1568318400,514,944,430,1458,37,1.9064359954350085,2.0035216245351823
181,1568332800,122,494,372,616,37,1.6520784949648941,0.3629383391882198
181,1568347200,29,131,102,160,37,0.468000475535051,-0.5255485706908952
181,1568361600,562,266,-296,828,37,-1.2774182345874585,0.7760068148337733
181,1568376000,968,356,-612,1324,37,-2.663228064734979,1.7424311729478985
181,1568390400,648,630,-18,1278,37,-0.05825642198932379,1.6528031074776368
181,1568404800,574,909,335,1483,37,1.4898159515615452,2.0522325296820636
181,1568419200,217,520,303,737,37,1.3494807788883787,0.5986991200991253
181,1568433600,46,207,161,253,37,0.7267434501512019,-0.3443440035444968
181,1568448000,175,98,-77,273,37,-0.3169993966054747,-0.3053752794269917
181,1568462400,536,253,-283,789,37,-1.2204070706889847,0.7000178028046384
181,1568476800,484,349,-135,833,37,-0.5713568970755891,0.7857489958631495
181,1568491200,423,459,36,882,37,0.17855918189664485,0.8812223699510369
181,1568505600,175,410,235,585,37,1.0512685369578996,0.30253681680608696
181,1568520000,41,183,142,224,37,0.6434194413765092,-0.4008486535148791
181,1568534400,122,63,-59,185,37,-0.23806086197681847,-0.4768376655440139
181,1568548800,420,176,-244,596,37,-1.0493735789935628,0.32396961507071476
181,1568563200,466,319,-147,785,37,-0.6239825868280267,0.6922240579811374
181,1568577600,304,414,110,718,37,0.5030842687033426,0.5616788321874956
181,1568592000,95,337,242,432,37,1.0819668559801547,0.0044260773071733905
181,1568606400,25,92,67,117,37,0.314508880423775,-0.609331327543531
181,1568620800,594,274,-320,868,37,-1.3826696140923336,0.8539442630687833
181,1568635200,998,372,-626,1370,37,-2.724624702779489,1.83205923841816
181,1568649600,457,447,-10,904,37,-0.02317262882103214,0.9240879664802925
181,1568664000,484,840,356,1324,37,1.5819109086283107,1.7424311729478985
181,1568678400,139,470,331,609,38,1.1515707890778086,-0.47215253453799955
181,1568692800,33,99,66,132,38,0.2906194300104337,-1.5370071869002964
181,1568707200,600,257,-343,857,38,-1.0381696487010996,0.08148258870277533
181,1568721600,1004,400,-604,1404,38,-1.8861255155561367,1.302605219399162
181,1568736000,623,587,-36,1210,38,-0.040765621404178484,0.8695196794446848
181,1568750400,486,774,288,1260,38,1.011869247795178,0.9811396639690345
181,1568764800,147,441,294,588,38,1.0313624861136845,-0.5190329280382264
181,1568779200,25,121,96,146,38,0.3880856216029667,-1.5057535912334785
181,1568793600,552,260,-292,812,38,-0.8724771229937934,-0.01897539736913946
181,1568808000,1004,346,-658,1350,38,-2.0615646604226963,1.182055636112864
181,1568822400,584,523,-61,1107,38,-0.12198744773128933,0.6395825113245243
181,1568836800,511,948,437,1459,38,1.4959513327047587,1.4253872023759466
181,1568851200,185,502,317,687,38,1.1060865663346267,-0.2980253586800139
181,1568865600,22,102,80,124,38,0.33610365275361576,-1.5548663844241923
181,1568880000,564,244,-320,808,38,-0.9634455684801575,-0.027904996131087444
181,1568894400,957,354,-603,1311,38,-1.8828766425030523,1.0949920481838713
181,1568908800,602,560,-42,1162,38,-0.06025885972268508,0.7623644943013089
181,1568923200,601,805,204,1406,38,0.7389639113360855,1.3070700187801358
181,1568937600,163,555,392,718,38,1.349752045315959,-0.22882096827491705
181,1568952000,27,131,104,158,38,0.4140766060276422,-1.4789647949476346
181,1568966400,499,310,-189,809,38,-0.5378431985260967,-0.025672596440600447
181,1568980800,974,374,-600,1348,38,-1.8731300233437989,1.1775908367318901
181,1568995200,637,643,6,1280,38,0.09568704682536772,1.0257876577787743
181,1569009600,604,891,287,1495,38,1.0086203747420937,1.5057535912334785
181,1569024000,185,489,304,674,38,1.0638512166445289,-0.32704655465634486
181,1569038400,29,189,160,218,38,0.5960134970003705,-1.3450208135184147
181,1569052800,182,88,-94,270,38,-0.22920025848307563,-1.2289360296130911
181,1569067200,544,243,-301,787,38,-0.9017169804715534,-0.07478538963131436
181,1569081600,519,432,-87,951,38,-0.2064581471114846,0.2913281596085529
181,1569096000,276,460,184,736,38,0.6739864502743969,-0.18863777384615113
181,1569110400,203,393,190,596,38,0.6934796885929035,-0.5011737305143305
181,1569124800,40,155,115,195,38,0.449814209611571,-1.3963660063996157
181,1569139200,118,73,-45,191,38,-0.0700054788819384,-1.4052956051615637
181,1569153600,423,164,-259,587,38,-0.7652643122420071,-0.5212653277287135
181,1569168000,434,350,-84,784,38,-0.1967115279522313,-0.08148258870277533
181,1569182400,312,383,71,695,38,0.3068637952758559,-0.2801661611561179
181,1569196800,98,298,200,396,38,0.7259684191237479,-0.9476536686117296
181,1569211200,27,87,60,114,38,0.2711261916919271,-1.5771903813290624
181,1569225600,628,273,-355,901,38,-1.0771561253381128,0.17970817508420314
181,1569240000,1099,397,-702,1496,38,-2.2045150747584112,1.5079859909239655
181,1569254400,521,579,58,1100,38,0.26462844558575827,0.6239557134911152
181,1569268800,542,988,446,1530,38,1.5251911901825184,1.5838875804005232
181,1569283200,134,510,376,644,39,1.2648123886217757,-0.4248024229812909
181,1569297600,27,117,90,144,39,0.3481401060029288,-1.5655761931356529
181,1569312000,607,290,-317,897,39,-0.9563550654161997,0.15242910471681628
181,1569326400,1032,419,-613,1451,39,-1.9050788264482932,1.4164064420478495
181,1569340800,591,544,-47,1135,39,-0.09096514825854692,0.6954374193102926
181,1569355200,565,927,362,1492,39,1.2199403188432307,1.5099498912005072
181,1569369600,130,537,407,667,39,1.3641719717028395,-0.3723268295541902
181,1569384000,28,109,81,137,39,0.319293775431007,-1.581547025917814
181,1569398400,609,279,-330,888,39,-0.9980219873534201,0.13189517685403776
181,1569412800,1035,360,-675,1395,39,-2.1037979926104207,1.2886397797905609
181,1569427200,604,586,-18,1190,39,0.0019841391398676385,0.8209225340272724
181,1569441600,521,989,468,1510,39,1.5596859900236426,1.5510177469260642
181,1569456000,136,518,382,654,39,1.2840432756697235,-0.40198694757820363
181,1569470400,27,112,85,139,39,0.33211436679630557,-1.5769839308371965
181,1569484800,616,293,-323,909,39,-0.9755859524641476,0.17980767520052096
181,1569499200,1055,322,-733,1377,39,-2.28969656740725,1.2475719240650038
181,1569513600,575,527,-48,1102,39,-0.09417029609987156,0.6201463504801047
181,1569528000,533,852,319,1385,39,1.0821189616662712,1.2658243043874735
181,1569542400,148,518,370,666,39,1.2455815015738279,-0.37460837709449896
181,1569556800,32,141,109,173,39,0.4090379149880969,-1.4994113144666998
181,1569571200,568,247,-321,815,39,-0.9691756567814983,-0.03465779358849909
181,1569585600,1012,390,-622,1402,39,-1.933925157020215,1.304610612572722
181,1569600000,654,626,-28,1280,39,-0.03006733927337876,1.0262618126550576
181,1569614400,545,909,364,1454,39,1.22635061452588,1.4232510846687756
181,1569628800,212,511,299,723,39,1.0180160048397784,-0.2445601672969017
181,1569643200,50,165,115,215,39,0.4282688020360447,-1.4035863177737335
181,1569657600,220,106,-114,326,39,-0.3057100536272978,-1.1503345407994652
181,1569672000,508,276,-232,784,39,-0.6839174989036053,-0.10538576733806954
181,1569686400,556,489,-67,1045,39,-0.1550681050850397,0.49009814068250745
181,1569700800,453,485,32,938,39,0.16224153120609963,0.24597255386947398
181,1569715200,210,406,196,616,39,0.6878857771833405,-0.48868575410993514
181,1569729600,38,160,122,198,39,0.4507048369253172,-1.4423726259589817
181,1569744000,136,70,-66,206,39,-0.15186295724371507,-1.424120245636512
181,1569758400,404,228,-176,632,39,-0.5044292197894255,-0.4521809934649956
181,1569772800,418,318,-100,736,39,-0.26083798384875284,-0.21490004927288828
181,1569787200,316,439,123,755,39,0.45390998476664185,-0.17155064600702252
181,1569801600,195,301,106,496,39,0.39942247146412296,-0.7624714589469821
181,1569816000,43,76,33,119,39,0.16544667904742427,-1.622614881643371
181,1569830400,461,185,-276,646,39,-0.8249440039218896,-0.4202393279006734
181,1569844800,826,375,-451,1201,39,-1.3858448761537014,0.8460195569706683
181,1569859200,523,491,-32,1014,39,-0.04288793063867732,0.419370166932937
181,1569873600,472,840,368,1312,39,1.2391712058911786,1.0992713339449367
181,1569888000,155,405,250,560,40,0.8480682213864233,-0.5765531828678042
181,1569902400,34,94,60,128,40,0.2109392055077133,-1.5299783514745706
181,1569916800,498,233,-265,731,40,-0.8788867427058698,-0.1991557202942925
181,1569931200,904,401,-503,1305,40,-1.6769746678592012,1.0676638324378462
181,1569945600,497,512,15,1009,40,0.06004022806275564,0.4143910317258026
181,1569960000,528,829,301,1357,40,1.019087062490709,1.1824279731034757
181,1569974400,152,471,319,623,40,1.079446653468692,-0.4375120124459841
181,1569988800,25,132,107,157,40,0.36854480417244684,-1.4659752730264313
181,1570003200,582,301,-281,883,40,-0.9325397124640769,0.13630869088216238
181,1570017600,958,392,-566,1350,40,-1.8882332362821421,1.1669789541677178
181,1570032000,582,618,36,1200,40,0.13045975087040254,0.8359285484014795
181,1570046400,501,897,396,1398,40,1.337651570430064,1.2729150840129142
181,1570060800,160,512,352,672,40,1.1901059035949941,-0.3293688798956796
181,1570075200,30,114,84,144,40,0.29141866014502404,-1.4946663081928386
181,1570089600,589,244,-345,833,40,-1.1471515914969055,0.025958555626749605
181,1570104000,1061,387,-674,1448,40,-2.2503907821500406,1.3832652192683268
181,1570118400,594,515,-79,1109,40,-0.2551709692667115,0.6350913022366282
181,1570132800,522,971,449,1493,40,1.5153770327541252,1.4825803409981984
181,1570147200,163,461,298,624,40,1.009027130661045,-0.4353050097408758
181,1570161600,39,126,87,165,40,0.30147859197468785,-1.4483192513855652
181,1570176000,381,283,-98,664,40,-0.31888387085458253,-0.34702490153654564
181,1570190400,1010,499,-511,1509,40,-1.703801152738305,1.5178923842799306
181,1570204800,633,616,-17,1249,40,-0.047265711453658696,0.944071680951784
181,1570219200,570,928,358,1498,40,1.210225767254322,1.4936153545237396
181,1570233600,213,493,280,706,40,0.9486675396830619,-0.25433078792199887
181,1570248000,38,207,169,245,40,0.5764500619854996,-1.2717590349769048
181,1570262400,191,74,-117,265,40,-0.3825967724424535,-1.2276189808747398
181,1570276800,536,295,-241,831,40,-0.7984072880685591,0.021544550216533093
181,1570291200,519,390,-129,909,40,-0.4228364997611089,0.19369076121497705
181,1570305600,443,465,22,908,40,0.08351340233197127,0.1914837585098688
181,1570320000,179,405,226,584,40,0.7675887667491126,-0.5235851179452061
181,1570334400,35,152,117,187,40,0.40207791027132633,-1.3997651918731837
181,1570348800,104,65,-39,169,40,-0.12103854487119355,-1.4394912405651323
181,1570363200,402,183,-219,585,40,-0.7246344546510242,-0.5213781152400978
181,1570377600,425,336,-89,761,40,-0.28870407536559095,-0.13294563914104482
181,1570392000,286,472,186,758,40,0.6334563423535947,-0.13956664725636958
181,1570406400,98,316,218,414,40,0.740762281870009,-0.8987755778136096
181,1570420800,24,72,48,96,40,0.17069947818905792,-1.6006024380380348
181,1570435200,574,301,-273,875,40,-0.9057132275849733,0.11865266924129635
181,1570449600,1003,385,-618,1388,40,-2.0626053879963155,1.2508450569618315
181,1570464000,590,590,0,1180,40,0.00974056891443642,0.7917884942993143
181,1570478400,479,1043,564,1522,40,1.9010077528912392,1.546583419446338
181,1570492800,149,282,133,431,41,0.553946131583389,-0.8128176113465314
181,1570507200,30,109,79,139,41,0.3587395084586025,-1.4865399136954
181,1570521600,567,247,-320,814,41,-1.0836205401856538,0.07086609344667638
181,1570536000,1022,393,-629,1415,41,-2.200636216955266,1.4575342568428067
181,1570550400,585,571,-14,1156,41,0.022550324188136718,0.8599518037319951
181,1570564800,549,1001,452,1550,41,1.7071111830057393,1.7690154582712219
181,1570579200,159,323,164,482,41,0.6660091930068777,-0.6951469352513523
181,1570593600,26,109,83,135,41,0.3731992583196978,-1.495768986330316
181,1570608000,486,259,-227,745,41,-0.7474313559151881,-0.08833540950562477
181,1570622400,899,347,-552,1246,41,-1.9222860321291815,1.0676059380176053
181,1570636800,560,510,-50,1070,41,-0.10758742456172099,0.6615267420813009
181,1570651200,408,824,416,1232,41,1.5769734342558817,1.0353041837953993
181,1570665600,160,276,116,436,41,0.492492194673734,-0.8012812705528864
181,1570680000,26,116,90,142,41,0.39850382057661454,-1.479618109219213
181,1570694400,597,318,-279,915,41,-0.935408104109427,0.3039001774783056
181,1570708800,985,419,-566,1404,41,-1.972895156643015,1.4321543070967877
181,1570723200,616,571,-45,1187,41,-0.08951273723535187,0.9314771166525941
181,1570737600,553,892,339,1445,41,1.2986232494297971,1.5267523016046767
181,1570752000,164,317,153,481,41,0.6262448808888655,-0.6974542034100814
181,1570766400,37,129,92,166,41,0.4057336955071622,-1.424243673409717
181,1570780800,566,287,-279,853,41,-0.935408104109427,0.16084955163710746
181,1570795200,970,403,-567,1373,41,-1.976510094108289,1.3606289941761884
181,1570809600,635,622,-13,1257,41,0.026165261653410543,1.0929858877636243
181,1570824000,552,904,352,1456,41,1.3456174364783569,1.5521322513506957
181,1570838400,218,495,277,713,41,1.0744971265828198,-0.16216799058495282
181,1570852800,41,178,137,219,41,0.5684058814444843,-1.3019584609970798
181,1570867200,179,112,-67,291,41,-0.16904136147137602,-1.1358351535685918
181,1570881600,531,301,-230,832,41,-0.7582761683110095,0.11239692030379841
181,1570896000,491,413,-78,904,41,-0.2088056735893881,0.2785202277322866
181,1570910400,398,523,125,921,41,0.5250266318611985,0.3177437864306796
181,1570924800,198,432,234,630,41,0.9190548155760454,-0.35367124775946
181,1570939200,50,158,108,208,41,0.4635726949515434,-1.3273384107430988
181,1570953600,133,68,-65,201,41,-0.16181148654082836,-1.343489287854202
181,1570968000,440,188,-252,628,41,-0.8378047925470337,-0.358285784076918
181,1570982400,457,335,-122,792,41,-0.3678629220614364,0.020106193954638335
181,1570996800,325,457,132,782,41,0.5503311941181153,-0.0029664876326516865
181,1571011200,109,391,282,500,41,1.0925718139091891,-0.6536161083942302
181,1571025600,31,86,55,117,41,0.2719810092920307,-1.537299813187438
181,1571040000,339,165,-174,504,41,-0.5558396702556754,-0.6443870357593142
181,1571054400,724,282,-442,1006,41,-1.5246429109490605,0.5138615799226448
181,1571068800,512,387,-125,899,41,-0.37870773445725786,0.26698388693864156
181,1571083200,397,824,427,1221,41,1.6167377463738937,1.0099242340493801
181,1571097600,164,396,232,560,42,0.7927022469400792,-0.6668744759262152
181,1571112000,30,79,49,109,42,0.2022662095351515,-1.663634226813485
181,1571126400,569,257,-312,826,42,-0.9624737331051703,-0.07898513283084098
181,1571140800,993,438,-555,1431,42,-1.7464953565445005,1.258131606164277
181,1571155200,629,589,-40,1218,42,-0.08488574308254555,0.7873781096255
181,1571169600,712,919,207,1631,42,0.7120415860924115,1.700153668642002
181,1571184000,232,432,200,664,42,0.6894566010550646,-0.4370230034377982
181,1571198400,164,535,371,699,42,1.2411755212531117,-0.35966914250419635
181,1571212800,573,286,-287,859,42,-0.8818130722575025,-0.006051492522016353
181,1571227200,995,380,-615,1375,42,-1.9400809425789032,1.134365428670514
181,1571241600,628,629,1,1257,42,0.047397740707629504,0.8735724118086563
181,1571256000,498,931,433,1429,42,1.4412139601553275,1.2537113855395
181,1571270400,136,653,517,789,42,1.712233780603491,-0.16075921438922008
181,1571284800,26,137,111,163,42,0.40230464843736746,-1.5442882699444993
181,1571299200,606,288,-318,894,42,-0.9818322917086105,0.07130236841158552
181,1571313600,1043,369,-674,1412,42,-2.130440102179399,1.2161395102288932
181,1571328000,623,555,-68,1178,42,-0.17522568323193338,0.6989736971299549
181,1571342400,537,938,401,1475,42,1.337968314270313,1.3553764599093765
181,1571356800,155,527,372,682,42,1.2444019476870185,-0.397241017814803
181,1571371200,30,139,109,169,42,0.395851795569554,-1.5310276080701675
181,1571385600,532,294,-238,826,42,-0.7237181769960738,-0.07898513283084098
181,1571400000,1022,411,-611,1433,42,-1.9271752368432762,1.2625518267890543
181,1571414400,648,614,-34,1262,42,-0.0655271844791053,0.8846229633705994
181,1571428800,657,886,229,1543,42,0.7830229676383591,1.505663961151803
181,1571443200,200,588,388,788,42,1.2960247706295258,-0.16296932470160871
181,1571457600,41,160,119,201,42,0.42811605990862117,-1.4603040780737315
181,1571472000,189,99,-90,288,42,-0.24620706477788099,-1.2680244808959211
181,1571486400,547,300,-247,847,42,-0.7527560149012341,-0.03257281627067985
181,1571500800,603,443,-160,1046,42,-0.4720569151513505,0.4072391358946565
181,1571515200,430,504,74,934,42,0.2829268703828192,0.1597067809071305
181,1571529600,164,416,252,580,42,0.8572307756182134,-0.6226722696784427
181,1571544000,41,181,140,222,42,0.49587101502066205,-1.4138917615135704
181,1571558400,122,76,-46,198,42,-0.1042443016859858,-1.4669344090108973
181,1571572800,430,173,-257,603,42,-0.7850202792403013,-0.5718397324935043
181,1571587200,402,346,-56,748,42,-0.13650856602505287,-0.2513737371971537
181,1571601600,281,409,128,690,42,0.4571538978137815,-0.37956013531569394
181,1571616000,95,251,156,346,42,0.5474938379631694,-1.1398380827773809
181,1571630400,27,76,49,103,42,0.2022662095351515,-1.6768948886878168
181,1571644800,536,251,-285,787,42,-0.8753602193896891,-0.16517943501399734
181,1571659200,998,378,-620,1376,42,-1.9562130747484365,1.1365755389829026
181,1571673600,553,568,15,1121,42,0.09256771078232343,0.5729974093238034
181,1571688000,523,908,385,1431,42,1.2863454913278056,1.258131606164277
181,1571702400,136,494,358,630,43,1.206484954498376,-0.46561165405438953
181,1571716800,27,98,71,125,43,0.2475656849794901,-1.5952871496496313
181,1571731200,544,272,-272,816,43,-0.8984597834699104,-0.04953315468663712
181,1571745600,1026,418,-608,1444,43,-2.0210969770529967,1.3552910259743765
181,1571760000,603,554,-49,1157,43,-0.15337616987161212,0.7132774274875756
181,1571774400,525,933,408,1458,43,1.3735440606863354,1.3866087624859276
181,1571788800,141,498,357,639,43,1.203143772374617,-0.44547882343982087
181,1571803200,21,142,121,163,43,0.4146247911674494,-1.5102818648325635
181,1571817600,559,333,-226,892,43,-0.7447654057769878,0.12047741494749827
181,1571832000,1037,387,-650,1424,43,-2.1614266262508823,1.310551402386446
181,1571846400,667,562,-105,1229,43,-0.34048236880212646,0.8743400724041249
181,1571860800,530,933,403,1463,43,1.3568381500675395,1.3977936683829102
181,1571875200,143,530,387,673,43,1.3033792360873924,-0.3694214633403392
181,1571889600,31,102,71,133,43,0.2475656849794901,-1.577391300214459
181,1571904000,547,304,-243,851,43,-0.8015655018808939,0.02876118659224102
181,1571918400,983,456,-527,1439,43,-1.7504612250285025,1.3441061200773938
181,1571932800,605,504,-101,1109,43,-0.32711764030708973,0.6059023308765428
181,1571947200,520,973,453,1493,43,1.5238972562554987,1.4649031037648057
181,1571961600,152,560,408,712,43,1.3735440606863354,-0.28217919734387503
181,1571976000,34,138,104,172,43,0.3578246950635432,-1.4901490342179948
181,1571990400,506,265,-241,771,43,-0.7948831376333756,-0.15019730775948043
181,1572004800,1007,429,-578,1436,43,-1.920861513340221,1.3373951765392043
181,1572019200,669,614,-55,1283,43,-0.1734232626141672,0.9951370560915369
181,1572033600,550,775,225,1325,43,0.7621077320384045,1.0890902656261907
181,1572048000,204,429,225,633,43,0.7621077320384045,-0.45890071051619996
181,1572062400,44,184,140,228,43,0.4781072515188739,-1.36487808817179
181,1572076800,204,106,-98,310,43,-0.31709409393581217,-1.1814456314612753
181,1572091200,572,302,-270,874,43,-0.8917774192223921,0.08021175371836094
181,1572105600,512,367,-145,879,43,-0.47412965375249383,0.09139665961534353
181,1572120000,424,547,123,971,43,0.4213071554149677,0.29719892811982324
181,1572134400,205,423,218,628,43,0.7387194571720903,-0.4700856164131825
181,1572148800,46,193,147,239,43,0.5014955263851881,-1.3402712951984281
181,1572163200,131,73,-58,204,43,-0.18344680898544477,-1.4185656364773063
181,1572177600,391,192,-199,583,43,-0.6545534884354899,-0.5707497694860258
181,1572192000,312,401,89,713,43,0.30770696320715546,-0.2799422161644785
181,1572206400,288,480,192,768,43,0.6518487219543515,-0.15690825129767
181,1572220800,92,359,267,451,43,0.9024373812362902,-0.8660312851663663
181,1572235200,32,86,54,118,43,0.19076558887558395,-1.610946017905407
181,1572249600,594,277,-317,871,43,-1.0488129790390737,0.07350081018017139
181,1572264000,963,421,-542,1384,43,-1.8005789568848904,1.2210721552105852
181,1572278400,535,583,48,1118,43,0.17071849613302884,0.6260351614911114
181,1572292800,554,839,285,1393,43,0.9625786594639556,1.241204985825154
181,1572307200,135,528,393,663,44,1.2235821086888437,-0.3873548322882056
181,1572321600,34,101,67,135,44,0.18153022535954777,-1.5099619438878256
181,1572336000,564,271,-293,835,44,-0.9692019157402882,-0.02165706108529913
181,1572350400,1049,379,-670,1428,44,-2.174274185725394,1.2391497896316983
181,1572364800,569,531,-38,1100,44,-0.15409998246123774,0.5417726445470858
181,1572379200,590,993,403,1583,44,1.2555468903860614,1.568703013680829
181,1572393600,140,484,344,624,44,1.066954678372477,-0.4702746757586321
181,1572408000,25,113,88,138,44,0.24865626692370488,-1.5035834943901005
181,1572422400,576,284,-292,860,44,-0.9660054375705664,0.03149668472907681
181,1572436800,1053,356,-697,1409,44,-2.2605790963078816,1.1987529428127726
181,1572451200,584,582,-2,1166,44,-0.039026768351254126,0.6820985334970383
181,1572465600,560,1026,466,1586,44,1.4569250150785327,1.5750814631785541
181,1572480000,150,550,400,700,44,1.245957455876896,-0.3086872884829292
181,1572494400,27,109,82,136,44,0.22947739790537428,-1.5078357940552505
181,1572508800,538,276,-262,814,44,-0.8701110924789135,-0.06630620756937493
181,1572523200,967,370,-597,1337,44,-1.9409312793357052,1.0456701548673697
181,1572537600,579,596,17,1175,44,0.021706316873459437,0.7012338819902137
181,1572552000,531,865,334,1396,44,1.0349898966752595,1.171112994989297
181,1572566400,179,475,296,654,44,0.9135237262258323,-0.40649018078138094
181,1572580800,38,150,112,188,44,0.32537174299702726,-1.3972760027613484
181,1572595200,542,272,-270,814,44,-0.8956829178366876,-0.06630620756937493
181,1572609600,1004,424,-580,1428,44,-1.8865911504504351,1.2391497896316983
181,1572624000,601,638,37,1239,44,0.08563588026789476,0.8373074712750161
181,1572638400,624,876,252,1500,44,0.7728786867580746,1.392232577577101
181,1572652800,240,546,306,786,44,0.94548850792305,-0.125838402881476
181,1572667200,65,164,99,229,44,0.2838175267906443,-1.310103859625772
181,1572681600,148,128,-20,276,44,-0.09656337540624593,-1.2101748174947453
181,1572696000,418,338,-80,756,44,-0.2883520655895519,-0.1896228978587271
181,1572710400,453,410,-43,863,44,-0.17008237330984657,0.03787513422680192
181,1572724800,429,519,90,948,44,0.25504922326314844,0.21859786999568012
181,1572739200,228,362,134,590,44,0.39569426273090613,-0.5425637700661834
181,1572750000,49,176,127,225,44,0.3733189155428538,-1.318608458956072
181,1572764400,73,61,-12,134,44,-0.0709915500484718,-1.5120880937204006
181,1572778800,323,210,-113,533,44,-0.3938358451903702,-0.6637543105229605
181,1572793200,553,783,230,1336,44,0.7025561670241957,1.0435440050347948
181,1572807600,438,490,52,928,44,0.13358305281372126,0.17607487334417937
181,1572822000,145,357,212,502,44,0.6450195599692039,-0.7296649553327867
181,1572836400,30,124,94,154,44,0.2678351359420355,-1.4695650970688998
181,1572850800,228,75,-153,303,44,-0.521694971979241,-1.152768772015219
181,1572865200,1200,447,-753,1647,44,-2.4395818738123007,1.7047766029656315
181,1572879600,499,444,-55,943,44,-0.20844011134650775,0.20796712083280494
181,1572894000,596,854,258,1450,44,0.7920575557764051,1.285925085948349
181,1572908400,178,654,476,832,44,1.4888897967757504,-0.028035510583024243
181,1572922800,35,180,145,215,45,0.40657732684366343,-1.2120002695827925
181,1572937200,223,112,-111,335,45,-0.45975628754854214,-0.9689636912945266
181,1572951600,994,451,-543,1445,45,-1.9216942618353892,1.2791246578719324
181,1572966000,519,439,-80,958,45,-0.354848701430736,0.2928012109853869
181,1572980400,591,883,292,1474,45,0.9040423319829378,1.3378584976249301
181,1572994800,170,606,436,776,45,1.3913549900785536,-0.07580426608514962
181,1573009200,33,201,168,234,45,0.48441198751171316,-1.1735194780204836
181,1573023600,233,106,-127,339,45,-0.513902138448055,-0.960862472018251
181,1573038000,1151,485,-666,1636,45,-2.337940490625394,1.665957878314089
181,1573052400,555,504,-51,1059,45,-0.256709346675369,0.497356997711344
181,1573066800,575,994,419,1569,45,1.333825023497821,1.5302624554364739
181,1573081200,188,644,456,832,45,1.4590373037029445,0.037612803782707774
181,1573095600,40,190,150,230,45,0.4234979052497612,-1.1816206972967591
181,1573110000,228,112,-116,340,45,-0.47667686595463993,-0.9588371671991822
181,1573124400,1182,531,-651,1713,45,-2.287178755407101,1.8219063493823928
181,1573138800,538,485,-53,1023,45,-0.2634775780378081,0.42444602422486427
181,1573153200,649,918,269,1567,45,0.826207671314888,1.526211845798336
181,1573167600,255,697,442,952,45,1.4116596841658708,0.2806493820709736
181,1573182000,45,192,147,237,45,0.4133455582061025,-1.167443563563277
181,1573196400,228,109,-119,337,45,-0.48682921299829857,-0.9649130816563888
181,1573210800,1101,548,-553,1649,45,-1.9555354186475846,1.6922868409619845
181,1573225200,563,514,-49,1077,45,-0.24994111531292987,0.5338124844545838
181,1573239600,684,969,285,1653,45,0.880353522214401,1.70038806023826
181,1573254000,248,605,357,853,45,1.1240098512622088,0.0801442049831543
181,1573268400,72,260,188,332,45,0.5520943011361042,-0.9750396057517332
181,1573282800,114,72,-42,186,45,-0.226252305544393,-1.27073410933579
181,1573297200,467,261,-206,728,45,-0.7812472772643997,-0.17301889740045595
181,1573311600,545,402,-143,947,45,-0.5680479893475678,0.2705228579756292
181,1573326000,473,586,113,1059,45,0.29828562504463774,0.497356997711344
181,1573340400,218,487,269,705,45,0.826207671314888,-0.21960090823904024
181,1573354800,67,167,100,234,45,0.2542921211887835,-1.1735194780204836
181,1573369200,62,65,3,127,45,-0.0739670998895131,-1.390227093660854
181,1573383600,337,174,-163,511,45,-0.6357303029719589,-0.6125100431384034
181,1573398000,401,302,-99,703,45,-0.41914689937390753,-0.22365151787717802
181,1573412400,328,493,165,821,45,0.4742596404680545,0.015334450772950073
181,1573426800,125,364,239,489,45,0.7246842008783014,-0.6570667491579187
181,1573441200,44,159,115,203,45,0.30505385640707683,-1.236303927411619
181,1573455600,196,103,-93,299,45,-0.3988422052865902,-1.0418746647810064
181,1573470000,907,376,-531,1283,45,-1.8810848736607546,0.9510252771827735
181,1573484400,496,407,-89,903,45,-0.38530574256171196,0.1814094459365984
181,1573498800,494,851,357,1345,45,1.1240098512622088,1.0765941759650444
181,1573513200,186,600,414,786,45,1.3169044450917233,-0.0555512178944608
181,1573527600,61,213,152,274,46,0.4534828433963812,-1.0700266957069104
181,1573542000,182,93,-89,275,46,-0.2500967612722531,-1.0681965474246295
181,1573556400,1136,481,-655,1617,46,-1.9024870361371782,1.3878624473963634
181,1573570800,565,476,-89,1041,46,-0.2500967612722531,0.33369703680255425
181,1573585200,638,1102,464,1740,46,1.3643410867848205,1.6129706861169164
181,1573599600,206,684,478,890,46,1.40521293103943,0.057344646178135526
181,1573614000,64,192,128,256,46,0.3834168246741935,-1.102969364787967
181,1573628400,196,97,-99,293,46,-0.2792909357398313,-1.035253878343573
181,1573642800,1216,474,-742,1690,46,-2.1564763540051084,1.5214632720028705
181,1573657200,519,509,-10,1028,46,-0.019462782978385454,0.3099051091329023
181,1573671600,603,1048,445,1651,46,1.308872155296422,1.4500874889939146
181,1573686000,215,668,453,883,46,1.3322274948704844,0.04453360820216909
181,1573700400,68,197,129,265,46,0.38633624212095136,-1.0864980302474387
181,1573714800,200,95,-105,295,46,-0.2968074404203782,-1.0315935817790112
181,1573729200,1184,483,-701,1667,46,-2.036780238688038,1.4793698615104094
181,1573743600,540,410,-130,950,46,-0.3697928765893237,0.16715354311499064
181,1573758000,713,1003,290,1716,46,0.85636245104896,1.5690471273421744
181,1573772400,328,622,294,950,46,0.8680401208359912,0.16715354311499064
181,1573786800,101,226,125,327,46,0.3746585723339201,-0.9730288367460217
181,1573801200,204,95,-109,299,46,-0.3084851102074095,-1.0242729886498874
181,1573815600,1171,478,-693,1649,46,-2.0134248991139754,1.4464271924293528
181,1573830000,642,549,-93,1191,46,-0.2617744310592844,0.6082192791446921
181,1573844400,678,921,243,1599,46,0.7191498310513427,1.3549197783153069
181,1573858800,254,644,390,898,46,1.148304195724742,0.07198583243638287
181,1573873200,60,225,165,285,46,0.4914352702042328,-1.0498950646018204
181,1573887600,105,88,-17,193,46,-0.039898705105690185,-1.2182687065716649
181,1573902000,499,263,-236,762,46,-0.6792511259456524,-0.17691433395382208
181,1573916400,549,385,-164,934,46,-0.46905306977908945,0.13787117059849596
181,1573930800,440,598,158,1038,46,0.47099934807692806,0.3282065919557115
181,1573945200,235,414,179,649,46,0.5323071144588423,-0.3837210898515659
181,1573959600,65,268,203,333,46,0.6023731331810299,-0.9620479470523362
181,1573974000,59,51,-8,110,46,-0.013623948084869818,-1.370171014000981
181,1573988400,364,185,-179,549,46,-0.5128443314804567,-0.5667359180796577
181,1574002800,476,294,-182,770,46,-0.5216025838207302,-0.16227314769557472
181,1574017200,341,473,132,814,46,0.3950944944612248,-0.0817466232752143
181,1574031600,120,327,207,447,46,0.6140508029680611,-0.7534110428723115
181,1574046000,37,132,95,169,46,0.2870760489311855,-1.2621922653464068
181,1574060400,222,98,-124,320,46,-0.35227637190877675,-0.9858398747219882
181,1574074800,1485,519,-966,2004,46,-2.81042586207886,2.0961298326390794
181,1574089200,625,421,-204,1046,46,-0.5858297676494022,0.34284777821395884
181,1574103600,584,889,305,1473,46,0.9001537127503273,1.1243210947479112
181,1574118000,152,572,420,724,46,1.2358867191274765,-0.246459968680497
181,1574132400,38,156,118,194,47,0.3537126919111829,-1.2593840881455194
181,1574146800,215,102,-113,317,47,-0.39004988652884665,-1.0261447463745381
181,1574161200,1182,606,-576,1788,47,-1.880794794830724,1.7632460808215071
181,1574175600,543,494,-49,1037,47,-0.18398579553247482,0.3391587176507186
181,1574190000,632,931,299,1563,47,0.9364876992602968,1.3365887483136143
181,1574204400,191,657,466,848,47,1.4741861867039545,-0.01923344165591129
181,1574218800,53,236,183,289,47,0.562996534329373,-1.0792398810866313
181,1574233200,202,98,-104,300,47,-0.3610721237324819,-1.0583810781640233
181,1574247600,1210,528,-682,1738,47,-2.2220884455434646,1.6684333402641975
181,1574262000,566,381,-185,947,47,-0.6218719888997649,0.1684957846475615
181,1574276400,640,964,324,1604,47,1.0169814848057546,1.4143351955706083
181,1574290800,189,713,524,902,47,1.6609317691694168,0.08316431814598295
181,1574305200,60,206,146,266,47,0.4438657317220956,-1.1228537417429938
181,1574319600,198,103,-95,301,47,-0.33209436093611705,-1.0564848233528772
181,1574334000,1196,526,-670,1722,47,-2.183451428481645,1.6380932632858585
181,1574348400,575,449,-126,1024,47,-0.43190665501248465,0.3145074051058181
181,1574362800,693,922,229,1615,47,0.7111050997330153,1.4351939984932163
181,1574377200,196,609,413,805,47,1.303539361347584,-0.10077239853519745
181,1574391600,58,235,177,293,47,0.5436780257984631,-1.0716548618420465
181,1574406000,205,99,-106,304,47,-0.36751162657611847,-1.0507960589194385
181,1574420400,1131,467,-664,1598,47,-2.164132919950735,1.4029576667037311
181,1574434800,580,591,11,1171,47,0.009199289776623744,0.593256862344308
181,1574449200,720,914,194,1634,47,0.5984137999693744,1.4712228399049938
181,1574463600,320,596,276,916,47,0.8624334165584757,0.10971188550202961
181,1574478000,61,287,226,348,47,0.7014458454675604,-0.9673608472290062
181,1574492400,120,66,-54,186,47,-0.20008455264156638,-1.274554126634689
181,1574506800,541,244,-297,785,47,-0.9824841481434158,-0.13869749475812124
181,1574521200,573,431,-142,1004,47,-0.48342267776157766,0.2765823088828943
181,1574535600,489,566,77,1055,47,0.2217028836166322,0.37329130425135
181,1574550000,233,413,180,646,47,0.5533372800639181,-0.4022769135074416
181,1574564400,85,232,147,317,47,0.4470854831439139,-1.0261447463745381
181,1574578800,78,107,29,185,47,0.06715481536935332,-1.276450381445835
181,1574593200,384,180,-204,564,47,-0.6830472659143129,-0.5577698080214292
181,1574607600,465,409,-56,874,47,-0.206524055485203,0.030069183433889642
181,1574622000,325,515,190,840,47,0.5855347942821012,-0.03440348014508081
181,1574636400,141,342,201,483,47,0.6209520599221026,-0.7113664477242706
181,1574650800,40,153,113,193,47,0.33761393480209134,-1.2612803429566657
181,1574665200,225,113,-112,338,47,-0.38683013510702835,-0.9863233953404681
181,1574679600,1150,487,-663,1637,47,-2.160913168528917,1.4769116043384325
181,1574694000,546,453,-93,999,47,-0.32565485809248046,0.26710103482716335
181,1574708400,614,987,373,1601,47,1.1747493044748518,1.4086464311371696
181,1574722800,187,624,437,811,47,1.3808133954712236,-0.08939486966832032
181,1574737200,41,190,149,231,48,0.6620938780815653,-1.068422346437157
181,1574751600,212,94,-118,306,48,-0.44557742563418484,-0.89762658945786
181,1574766000,1146,532,-614,1678,48,-2.503273929915129,2.22679712488341
181,1574780400,633,470,-163,1103,48,-0.6322636004177382,0.9173629880421346
181,1574794800,646,835,189,1481,48,0.828037144555835,1.7781736032177906
181,1574809200,242,566,324,808,48,1.3880956689064952,0.24556634392356688
181,1574823600,42,177,135,219,48,0.604013734815571,-1.0957496675538443
181,1574838000,220,110,-110,330,48,-0.4123887723393309,-0.8429719472244851
181,1574852400,984,411,-573,1395,48,-2.3331820817790025,1.5823278018815303
181,1574866800,590,541,-49,1131,48,-0.15932529096606965,0.9811267373144054
181,1574881200,613,820,207,1433,48,0.9027116144692564,1.6688643187510406
181,1574895600,199,404,205,603,48,0.8944144511455429,-0.2212753918198445
181,1574910000,59,226,167,285,48,0.7367683479949867,-0.9454494014120631
181,1574924400,97,63,-34,160,48,-0.09709656603821852,-1.230108996377558
181,1574938800,341,173,-168,514,48,-0.6530065087270219,-0.42395302343527674
181,1574953200,351,336,-15,687,48,-0.018273514462940413,-0.029984144003032027
181,1574967600,301,337,36,638,48,0.19330415029175343,-0.14157070522950596
181,1574982000,176,297,121,473,48,0.5459335915495765,-0.517321370583959
181,1574996400,79,149,70,228,48,0.3343559267948827,-1.0752541767163288
181,1575010800,137,63,-74,200,48,-0.2630398325124882,-1.1390179259885995
181,1575025200,529,236,-293,765,48,-1.1715792164591148,0.14764344325543668
181,1575039600,557,395,-162,952,48,-0.6281150187558815,0.5734941973238169
181,1575054000,490,580,90,1070,48,0.41732756003201754,0.8422128549712439
181,1575068400,234,487,253,721,48,1.0935463709146664,0.04744326582758254
181,1575082800,57,214,157,271,48,0.6952825313764193,-0.9773312760481986
181,1575097200,94,47,-47,141,48,-0.15102812764235615,-1.273377254812313
181,1575111600,522,215,-307,737,48,-1.2296593597251093,0.08387969398316587
181,1575126000,640,349,-291,989,48,-1.1632820531354013,0.6577534374336033
181,1575140400,472,517,45,989,48,0.23064138524846411,0.6577534374336033
181,1575154800,214,441,227,655,48,0.9856832477063913,-0.10285700031419868
181,1575169200,56,240,184,296,48,0.8072942362465513,-0.9203993570550996
181,1575183600,90,60,-30,150,48,-0.08050223939079154,-1.2528817639747976
181,1575198000,357,171,-186,528,48,-0.7276809786404433,-0.39207114879914134
181,1575212400,414,275,-139,689,48,-0.5326976405331764,-0.025429590483584112
181,1575226800,282,446,164,728,48,0.7243226030094164,0.06338420314565026
181,1575241200,124,361,237,485,48,1.0271690643249587,-0.48999404946727154
181,1575255600,39,154,115,193,48,0.5210421015784361,-1.1549588633066672
181,1575270000,225,92,-133,317,48,-0.5078061505620359,-0.8725765451008966
181,1575284400,1162,503,-659,1665,48,-2.6899601046986823,2.1971925270069987
181,1575298800,525,468,-57,993,48,-0.19251394426092358,0.6668625444724992
181,1575313200,565,867,302,1432,48,1.2968268723456469,1.6665870419913167
181,1575327600,169,569,400,738,48,1.7033878752076075,0.08615697074288983
181,1575342000,33,155,122,188,49,0.3987436482492858,-1.2685455951284825
181,1575356400,250,114,-136,364,49,-0.38542807088488135,-0.931264498833621
181,1575370800,1186,475,-711,1661,49,-2.133097599962967,1.554267216475672
181,1575385200,542,448,-94,990,49,-0.25777220963048203,0.26838303685151194
181,1575399600,681,947,266,1628,49,0.8364208868357977,1.4910270109203854
181,1575414000,192,674,482,866,49,1.4929367447155655,0.03075317355285939
181,1575428400,33,160,127,193,49,0.4139407745890953,-1.258963745801924
181,1575442800,211,105,-106,316,49,-0.2942453128460247,-1.0232502523685834
181,1575457200,1245,464,-781,1709,49,-2.3458573687202993,1.646252970010634
181,1575471600,587,450,-137,1037,49,-0.3884674961528432,0.35845242052116244
181,1575486000,644,939,295,1583,49,0.9245642196066926,1.4047903669813582
181,1575500400,184,592,408,776,49,1.2680192748863859,-0.14172011432519485
181,1575514800,44,228,184,272,49,0.5871880148629229,-1.1075705264422986
181,1575529200,207,99,-108,306,49,-0.30032416338194845,-1.0424139510217003
181,1575543600,1234,467,-767,1701,49,-2.303305414968833,1.6309220110881404
181,1575558000,597,487,-110,1084,49,-0.3064030139178722,0.448521804190813
181,1575572400,678,809,131,1487,49,0.42609847566094283,1.2208188599114338
181,1575586800,205,670,465,875,49,1.4412665151602135,0.048000502340664816
181,1575601200,46,203,157,249,49,0.505123532627952,-1.1516470333444682
181,1575615600,241,108,-133,349,49,-0.37630979508099566,-0.9600100468132967
181,1575630000,1149,469,-680,1618,49,-2.0388754166561487,1.4718633122672682
181,1575644400,587,488,-99,1075,49,-0.2729693359702915,0.4312744754030076
181,1575658800,727,830,103,1557,49,0.34099456815800994,1.3549647504832536
181,1575673200,270,620,350,890,49,1.0917326093445963,0.07674605032034053
181,1575687600,64,291,227,355,49,0.7178833013852841,-0.9485118276214264
181,1575702000,118,76,-42,194,49,-0.09972209569646386,-1.2570473759366123
181,1575716400,523,238,-285,761,49,-0.8383024358112027,-0.17046566230487056
181,1575730800,518,388,-130,906,49,-0.36719151927711,0.10740796816532794
181,1575745200,500,514,14,1014,49,0.07048571930940188,0.31437591361899303
181,1575759600,255,419,164,674,49,0.5263995095036852,-0.3371898405869897
181,1575774000,64,273,209,337,49,0.6631736465619701,-0.9830064851970373
181,1575788400,65,61,-4,126,49,0.015776064486087895,-1.3873605267778089
181,1575802800,415,164,-251,579,49,-0.7349619767004985,-0.5192449777916025
181,1575817200,425,272,-153,697,49,-0.4370983004402334,-0.29311333368482023
181,1575831600,345,457,112,802,49,0.3683493955696669,-0.0918944978270903
181,1575846000,168,351,183,519,49,0.5841485895949611,-0.6342271697103053
181,1575860400,42,121,79,163,49,0.2680483617269246,-1.3164548417612756
181,1575874800,232,89,-143,321,49,-0.40670404776061453,-1.0136684030420247
181,1575889200,1115,527,-588,1642,49,-1.759248292003655,1.5178561890347493
181,1575903600,597,568,-29,1165,49,-0.06020956721295931,0.6037477632810618
181,1575918000,603,1039,436,1642,49,1.3531231823893188,1.5178561890347493
181,1575932400,220,807,587,1027,49,1.8120763978515637,0.3392887218680453
181,1575946800,38,163,125,201,50,0.43210394469077,-1.2865546278751216
181,1575961200,237,123,-114,360,50,-0.3140614426833827,-0.9703494162542736
181,1575975600,1183,466,-717,1649,50,-2.1966460811210986,1.5931003810996456
181,1575990000,575,469,-106,1044,50,-0.2890851954072604,0.3899296073222048
181,1576004400,647,786,139,1433,50,0.475812377423984,1.1635385841807575
181,1576018800,195,642,447,837,50,1.4373978975546913,-0.02173378139172948
181,1576033200,32,185,153,217,50,0.519520810157198,-1.2547352355107597
181,1576047600,235,116,-119,351,50,-0.3296715972309591,-0.9882478244592273
181,1576062000,1190,538,-652,1728,50,-1.993714072002605,1.7502086308986833
181,1576076400,581,390,-191,971,50,-0.5544578227160595,0.24475362965980285
181,1576090800,631,933,302,1564,50,0.9847034156749753,1.424059859163972
181,1576105200,217,702,485,919,50,1.5560350721162721,0.14134060447562613
181,1576119600,50,222,172,272,50,0.5788393974379884,-1.1453560742582651
181,1576134000,242,94,-148,336,50,-0.4202104936069023,-1.0180785048008167
181,1576148400,1195,475,-720,1670,50,-2.2060121738496443,1.6348633335778706
181,1576162800,638,462,-176,1100,50,-0.5076273590733302,0.501297480597472
181,1576177200,692,896,204,1588,50,0.6787443865424774,1.471788947710515
181,1576191600,211,653,442,864,50,1.4217877430071149,0.03196144322313151
181,1576206000,50,221,171,271,50,0.575717366528473,-1.1473447862810378
181,1576220400,241,109,-132,350,50,-0.3702579990546578,-0.9902365364819999
181,1576234800,1153,454,-699,1607,50,-2.1404495247498234,1.509574476143195
181,1576249200,607,499,-108,1106,50,-0.295329257226291,0.5132297527341078
181,1576263600,641,888,247,1529,50,0.8129917156516347,1.35445493836693
181,1576278000,309,664,355,973,50,1.1501710538792853,0.2487310537053481
181,1576292400,76,373,297,449,50,0.9690932611273989,-0.7933540462275096
181,1576306800,105,72,-33,177,50,-0.06117693901264472,-1.3342837164216648
181,1576321200,470,292,-178,762,50,-0.5138714208923608,-0.17088718309967668
181,1576335600,563,350,-213,913,50,-0.6231425027253957,0.12940833233899035
181,1576350000,482,556,74,1038,50,0.27288036830549056,0.377997335185569
181,1576364400,263,484,221,747,50,0.7318189120042372,-0.20071786344126613
181,1576378800,61,297,236,358,50,0.7786493756469665,-0.9743268402998189
181,1576393200,77,73,-4,150,50,0.0293619573632985,-1.3879789410365257
181,1576407600,390,184,-206,574,50,-0.6012882863587887,-0.544765043380931
181,1576422000,467,276,-191,743,50,-0.5544578227160595,-0.20867271153235664
181,1576436400,358,452,94,810,50,0.3353209864957962,-0.07542900600659047
181,1576450800,145,328,183,473,50,0.6131817374426565,-0.7456249576809666
181,1576465200,41,166,125,207,50,0.43210394469077,-1.274622355738486
181,1576479600,241,129,-112,370,50,-0.3078173808643521,-0.9504622960265474
181,1576494000,1190,464,-726,1654,50,-2.224744359306736,1.6030439412135087
181,1576508400,527,441,-86,968,50,-0.22664457721695477,0.23878749359148496
181,1576522800,649,883,234,1532,50,0.772405313827936,1.3604210744352478
181,1576537200,193,555,362,748,50,1.1720252702458922,-0.19872915141849348
181,1576551600,52,192,140,244,51,0.5712511888477471,-1.1111360272070967
181,1576566000,248,134,-114,382,51,-0.3706643152187064,-0.8212993592286839
181,1576580400,1121,535,-586,1656,51,-2.1209954881295965,1.8544391552966624
181,1576594800,522,506,-16,1028,51,-0.007248097114326685,0.5354722894238858
181,1576609200,621,868,247,1489,51,0.9680423657576313,1.5036947817285833
181,1576623600,169,529,360,698,51,1.387083515204518,-0.15761539487231854
181,1576638000,34,181,147,215,51,0.5972094901409171,-1.172043732796763
181,1576652400,228,105,-123,333,51,-0.40403927402421064,-0.9242123790181203
181,1576666800,1177,420,-757,1597,51,-2.7551197054341774,1.730523478407341
181,1576681200,586,454,-132,1040,51,-0.4374142328297149,0.5606754779437477
181,1576695600,687,925,238,1612,51,0.9346674069521268,1.7620274640571685
181,1576710000,208,569,361,777,51,1.3907918439606852,0.008305596216772784
181,1576724400,36,202,166,238,51,0.6676677365080927,-1.1237376214670276
181,1576738800,247,91,-156,338,51,-0.5264141229777264,-0.9137110504681778
181,1576753200,1087,495,-592,1582,51,-2.1432454606665994,1.6990194927575135
181,1576767600,548,448,-100,996,51,-0.31874771263236645,0.46826378670425384
181,1576782000,624,912,288,1536,51,1.120083844760484,1.6024072700980427
181,1576796400,225,635,410,860,51,1.572499953012875,0.1826276501458181
181,1576810800,48,220,172,268,51,0.6899177090450956,-1.0607296501673726
181,1576825200,240,103,-137,343,51,-0.45595587661055065,-0.9032097219182353
181,1576839600,1068,478,-590,1546,51,-2.1358288031542654,1.6234099271979276
181,1576854000,633,484,-149,1117,51,-0.5004558216845564,0.722395937612862
181,1576868400,684,888,204,1572,51,0.8085842292424441,1.6780168356576286
181,1576882800,293,528,235,821,51,0.9235424206836255,0.1007172874562667
181,1576897200,52,256,204,308,51,0.8085842292424441,-0.9767190217678328
181,1576911600,103,71,-32,174,51,-0.06658135721300092,-1.2581546269062915
181,1576926000,472,203,-269,675,51,-0.9454552724246131,-0.20592150620205402
181,1576940400,569,404,-165,973,51,-0.5597890817832306,0.4199576753745184
181,1576954800,475,505,30,980,51,0.16333502566936176,0.43465953534443785
181,1576969200,226,432,206,658,51,0.8160008867547783,-0.24162602327185848
181,1576983600,82,200,118,282,51,0.48966795621207004,-1.0313259302275337
181,1576998000,85,61,-24,146,51,-0.036914727163663806,-1.3169620667859694
181,1577012400,354,159,-195,513,51,-0.6710389444682447,-0.5461645512201907
181,1577026800,458,263,-195,721,51,-0.6710389444682447,-0.1093092835425831
181,1577041200,372,417,45,789,51,0.21895995701186888,0.03350878473663476
181,1577055600,140,373,233,513,51,0.9161257631712911,-0.5461645512201907
181,1577070000,53,149,96,202,51,0.408084723576393,-1.1993471870266135
181,1577084400,207,82,-125,289,51,-0.4114559315365449,-1.0166240702576141
181,1577090879,96,167,71,263,51,0.3153765046722145,-1.071230978717315
181,1577090966,435,178,-257,613,51,-0.9009553273506075,-0.3361379802213409
181,1577098800,413,195,-218,608,51,-0.756330505860089,-0.34663930877128335
181,1577113200,568,393,-175,961,51,-0.596872369344902,0.3947544868546564
181,1577127600,558,755,197,1313,51,0.7826259279492741,1.1340480167706077
181,1577142000,212,533,321,745,51,1.2424586937139996,-0.05890290650285915
181,1577156400,54,175,121,229,52,0.6124760524461592,-1.0770647129550508
181,1577170800,177,91,-86,268,52,-0.43765013878201187,-0.964946489062594
181,1577183863,127,279,152,406,52,0.7697413274610061,-0.5682204660585162
181,1577185200,659,276,-383,935,52,-1.9443529348919966,0.952562622123782
181,1577199600,512,442,-70,954,52,-0.3564809645808006,1.0071843209431839
181,1577214000,493,654,161,1147,52,0.8153989879491874,1.5620257878981623
181,1577228400,240,414,174,654,52,0.8813489419876717,0.14473644484736273
181,1577242800,72,137,65,209,52,0.3283839427419197,-1.1345612380281054
181,1577257200,83,41,-42,124,52,-0.2144349097286808,-1.378921469588588
181,1577271600,272,129,-143,401,52,-0.7268153218738271,-0.5825945973267799
181,1577286000,300,187,-113,487,52,-0.5746231202465559,-0.33535953951264447
181,1577300400,283,373,90,656,52,0.45521077743131233,0.1504860973546682
181,1577314800,138,274,136,412,52,0.6885721532597948,-0.5509715085365997
181,1577329200,43,118,75,161,52,0.3791146766176767,-1.2725528982034369
181,1577343600,176,91,-85,267,52,-0.43257706539443613,-0.9678213153162467
181,1577358000,683,275,-408,958,52,-2.071179769581389,1.018683625957795
181,1577372400,520,368,-152,888,52,-0.7724729823620085,0.8174457882021033
181,1577386800,504,592,88,1096,52,0.4450646306561609,1.4154096489618726
181,1577401200,178,525,347,703,52,1.7589906380382687,0.28560293127634684
181,1577415600,39,173,134,212,52,0.6784260064846434,-1.1259367592671472
181,1577430000,187,93,-94,280,52,-0.4782347258826175,-0.9304485740187611
181,1577437900,91,166,75,257,52,0.3791146766176767,-0.9965695778527741
181,1577444400,694,262,-432,956,52,-2.192933530883206,1.0129339734504894
181,1577458800,554,459,-95,1013,52,-0.48330779927019324,1.1767990699086954
181,1577473200,517,686,169,1203,52,0.855983575049793,1.7230160581027156
181,1577487600,248,571,323,819,52,1.6372368767364518,0.6190827767000644
