remote_unit_id,time_stamp,entries,exits,num_people_exited,sum_exit_entry,week_num,z_score_num_people_exited,z_score_sum_exit_entry
192,1546300800,0,0,0,0,1,0.6775959271742295,-1.4297282007329946
192,1546315200,109,141,32,250,1,0.9433353278518379,-0.786231003780856
192,1546329600,37,63,26,100,1,0.8935091902247864,-1.1723293219521391
192,1546344000,195,106,-89,301,1,-0.06149178096036917,-0.6549575756026197
192,1546358400,452,225,-227,677,1,-1.2074929463825559,0.3128622086133969
192,1546372800,348,262,-86,610,1,-0.03657871214684338,0.14040495983022375
192,1546387200,139,161,22,300,1,0.8602917651400853,-0.6575315643904283
192,1546401600,20,26,6,46,1,0.727422064801281,-1.3113247164938011
192,1546416000,182,105,-77,287,1,0.03816049429373401,-0.6909934186319394
192,1546430400,624,361,-263,985,1,-1.5064497721448653,1.1056507552584318
192,1546444800,562,343,-219,905,1,-1.1410580962131536,0.8997316522337474
192,1546459200,618,580,-38,1198,1,0.36203038886956934,1.653910367061654
192,1546473600,188,249,61,437,1,1.1841616597159206,-0.3048951004606562
192,1546488000,28,46,18,74,1,0.8270743400553843,-1.2392530304351617
192,1546502400,214,134,-80,348,1,0.013247425480208217,-0.5339801025756176
192,1546516800,659,329,-330,988,1,-2.0628416423136082,1.1133727216218574
192,1546531200,547,379,-168,926,1,-0.7175359263832152,0.9537854167777271
192,1546545600,642,591,-51,1233,1,0.25407375734429094,1.7439999746349533
192,1546560000,186,307,121,493,1,1.6824230359864365,-0.16075172834337714
192,1546574400,33,42,9,75,1,0.7523351336148069,-1.236679041647353
192,1546588800,214,111,-103,325,1,-0.1777527687568229,-0.5931818446952144
192,1546603200,701,381,-320,1082,1,-1.9797980796018555,1.3553276676758617
192,1546617600,523,283,-240,806,1,-1.3154495779078343,0.6449067622407005
192,1546632000,654,506,-148,1160,1,-0.5514488009597098,1.5560987931249288
192,1546646400,239,251,12,490,1,0.7772482024283326,-0.16847369470680282
192,1546660800,47,80,33,127,1,0.9516396841230133,-1.1028316246813081
192,1546675200,54,62,8,116,1,0.7440307773436315,-1.1311455013472023
192,1546689600,334,163,-171,497,1,-0.7424489951967409,-0.15045577319214293
192,1546704000,513,312,-201,825,1,-0.9915796833319989,0.693812549209063
192,1546718400,458,357,-101,815,1,-0.16114405621447236,0.6680726613309775
192,1546732800,181,240,59,421,1,1.1675529471735702,-0.34607892106559307
192,1546747200,39,71,32,110,1,0.9433353278518379,-1.1465894340740537
192,1546761600,49,76,27,125,1,0.9018135464959616,-1.1079796022569253
192,1546776000,307,133,-174,440,1,-0.7673620640102667,-0.29717313409723056
192,1546790400,520,293,-227,813,1,-1.2074929463825559,0.6629246837553604
192,1546804800,383,397,14,780,1,0.7938569149706831,0.5779830537576781
192,1546819200,142,190,48,332,1,1.0762050281906421,-0.5751639231805544
192,1546833600,21,26,5,47,1,0.7191177085301058,-1.3087507277059927
192,1546848000,252,160,-92,412,1,-0.08640484977389497,-0.36924482015587007
192,1546862400,719,379,-340,1098,1,-2.145885205025361,1.3965114882807985
192,1546876800,556,349,-207,905,1,-1.0414058209590504,0.8997316522337474
192,1546891200,689,681,-8,1370,1,0.6111610770048274,2.0966364385647256
192,1546905600,167,273,106,440,2,1.441854847717219,-0.4986823635005519
192,1546920000,18,40,22,58,2,0.8482884646663033,-1.3802226720068163
192,1546934400,261,148,-113,409,2,-0.10565750809409724,-0.5702209749238351
192,1546948800,753,387,-366,1140,2,-1.8934229237117368,1.1167056363800372
192,1546963200,550,342,-208,892,2,-0.7769528222588235,0.5443967449937713
192,1546977600,708,644,-64,1352,2,0.24058954868560367,1.605937430629587
192,1546992000,204,298,94,502,2,1.3570596501385166,-0.3556051406539854
192,1547006400,27,30,3,57,2,0.714029401833358,-1.3825303691495028
192,1547020800,266,144,-122,410,2,-0.16925390627812395,-0.5679132777811485
192,1547035200,741,391,-350,1132,2,-1.780362660273467,1.0982440592385447
192,1547049600,583,391,-192,974,2,-0.6638925588205538,0.733627910694069
192,1547064000,771,651,-120,1422,2,-0.15512137334834022,1.767476230617646
192,1547078400,192,312,120,504,2,1.540782578225705,-0.3509897463686123
192,1547092800,25,43,18,68,2,0.8200233988067358,-1.3571457005799505
192,1547107200,273,154,-119,427,2,-0.14805510688344836,-0.5286824263554771
192,1547121600,752,396,-356,1148,2,-1.8227602590628182,1.1351672135215296
192,1547136000,583,388,-195,971,2,-0.6850913582152294,0.7267048192660093
192,1547150400,734,636,-98,1370,2,0.00033648887928058847,1.647475979197945
192,1547164800,201,326,125,527,2,1.5761139105501643,-0.2979127120868215
192,1547179200,30,41,11,71,2,0.7705595335524928,-1.350222609151891
192,1547193600,249,140,-109,389,2,-0.07739244223452982,-0.6163749177775663
192,1547208000,751,420,-331,1171,2,-1.6461035974405218,1.1882442478033204
192,1547222400,610,369,-241,979,2,-1.010139615600255,0.7451663964075017
192,1547236800,739,591,-148,1330,2,-0.3529768343653122,1.5551680934904828
192,1547251200,217,353,136,570,2,1.6538428416639745,-0.19868173495129962
192,1547265600,37,74,37,111,2,0.954282461639681,-1.2579147234444288
192,1547280000,60,53,-7,113,2,0.6433667371844394,-1.2532993291590557
192,1547294400,358,188,-170,546,2,-0.5084346965929329,-0.25406646637577696
192,1547308800,523,311,-212,834,2,-0.8052178881183909,0.4105503107179511
192,1547323200,557,366,-191,923,2,-0.6568262923556619,0.6159353564170545
192,1547337600,211,237,26,448,2,0.8765535305258706,-0.4802207863590594
192,1547352000,44,58,14,102,2,0.7917583329471684,-1.2786839977286077
192,1547366400,44,48,4,92,2,0.7210956682982498,-1.3017609691554732
192,1547380800,320,156,-164,476,2,-0.4660370978035819,-0.4156052663638359
192,1547395200,452,279,-173,731,2,-0.5296334959876086,0.17285750502123587
192,1547409600,349,304,-45,653,2,0.3748486115185489,-0.00714287210831548
192,1547424000,141,196,55,337,2,1.0814752580077343,-0.7363751691972671
192,1547438400,20,23,3,43,2,0.714029401833358,-1.4148381291471146
192,1547452800,264,147,-117,411,2,-0.13392257395366466,-0.565605580638462
192,1547467200,758,370,-388,1128,2,-2.0488807859393576,1.0890132706677986
192,1547481600,587,338,-249,925,2,-1.0666697473193896,0.6205507507024277
192,1547496000,707,663,-44,1370,2,0.38191487798344076,1.647475979197945
192,1547510400,191,293,102,484,3,1.385194200839997,-0.36457720187498344
192,1547524800,21,30,9,51,3,0.7820093013437842,-1.358610334303536
192,1547539200,397,148,-249,545,3,-0.8913423553231286,-0.22454020169451755
192,1547553600,934,426,-508,1360,3,-2.571179871124409,1.6464459482576081
192,1547568000,532,404,-128,936,3,-0.10655340006461517,0.6730740125769931
192,1547582400,767,679,-88,1446,3,0.15288096531009998,1.8438751616267897
192,1547596800,194,318,124,512,3,1.52788310179609,-0.300297923103622
192,1547611200,22,48,26,70,3,0.892268906628038,-1.3149922522801123
192,1547625600,274,150,-124,424,3,-0.08060996352714364,-0.5023185135279007
192,1547640000,777,404,-373,1181,3,-1.6955888879847454,1.2355177018264052
192,1547654400,597,433,-164,1030,3,-0.34004432890185876,0.8888687341665634
192,1547668800,775,687,-88,1462,3,0.15288096531009998,1.8806061780675676
192,1547683200,201,312,111,513,3,1.4435669330493077,-0.29800223457607344
192,1547697600,26,46,20,72,3,0.8533537518218308,-1.3104008752250151
192,1547712000,267,156,-111,423,3,0.0037062052196387744,-0.5046142020554493
192,1547726400,784,405,-379,1189,3,-1.7345040427909528,1.253883210046794
192,1547740800,610,328,-282,938,3,-1.1053757067572685,0.6776653896320903
192,1547755200,815,660,-155,1475,3,-0.2816715966925479,1.9104501289256997
192,1547769600,241,365,124,606,3,1.52788310179609,-0.0845032015140517
192,1547784000,29,37,8,66,3,0.7755234422094163,-1.3241750063903068
192,1547798400,260,149,-111,409,3,0.0037062052196387744,-0.5367538414411299
192,1547812800,802,364,-438,1166,3,-2.1171697317186577,1.2010823739131757
192,1547827200,628,389,-239,1017,3,-0.8264837639794497,0.8590247833084314
192,1547841600,750,589,-161,1339,3,-0.32058675149875515,1.5982364891790872
192,1547856000,259,302,43,561,3,1.002528511912292,-0.18780918525373963
192,1547870400,40,71,31,111,3,0.9246982022998774,-1.220869022650619
192,1547884800,61,51,-10,112,3,0.6587779777907945,-1.2185733341230702
192,1547899200,437,160,-277,597,3,-1.0729464110854292,-0.1051643982619893
192,1547913600,561,305,-256,866,3,-0.9367433692637037,0.5123758156485897
192,1547928000,483,320,-163,803,3,-0.33355846976749093,0.36774743841302654
192,1547942400,228,202,-26,430,3,0.5550042316409084,-0.48854438236260894
192,1547956800,34,56,22,90,3,0.8663254700905665,-1.2690784817291398
192,1547971200,42,41,-1,83,3,0.7171507100001054,-1.2851483014219802
192,1547985600,272,131,-141,403,3,-0.19086956881139758,-0.5505279726064217
192,1548000000,514,246,-268,760,3,-1.0145736788761182,0.26903283172843584
192,1548014400,406,297,-109,703,3,0.016677923488374533,0.1381785856581645
192,1548028800,156,203,47,359,3,1.0284719484497635,-0.651538267818561
192,1548043200,27,40,13,67,3,0.8079527378812558,-1.3218793178627581
192,1548057600,81,64,-17,145,3,0.6133769638502193,-1.1428156127139657
192,1548072000,467,205,-262,672,3,-0.9756585240699109,0.06701224130415726
192,1548086400,459,268,-191,727,3,-0.5151625255297915,0.1932751103193314
192,1548100800,421,374,-47,795,3,0.418801189819183,0.3493819301926376
192,1548115200,123,209,86,332,4,1.0214269379655063,-0.724133553598214
192,1548129600,25,25,0,50,4,0.5806244153145036,-1.3164332818229656
192,1548144000,265,151,-114,416,4,-0.003695207734500057,-0.5477038473185007
192,1548158400,822,385,-437,1207,4,-1.6592674730400103,1.1136758868154655
192,1548172800,540,382,-158,922,4,-0.22922207978850145,0.5150750976521526
192,1548187200,794,577,-217,1371,4,-0.5316331127700034,1.4581338847901435
192,1548201600,168,335,167,503,4,1.436601406974009,-0.36497308010022633
192,1548216000,24,40,16,64,4,0.6626341869705041,-1.2870283307763466
192,1548230400,242,143,-99,385,4,0.07318895319300042,-0.6128148103502997
192,1548244800,782,370,-412,1152,4,-1.5311272048275095,0.998156436275177
192,1548259200,595,386,-209,981,4,-0.4906282269420031,0.6389959627771894
192,1548273600,841,526,-315,1367,4,-1.0339429641630065,1.4497324702053953
192,1548288000,184,400,216,584,4,1.6877563326705105,-0.19484443475907431
192,1548302400,27,37,10,64,4,0.6318805225995039,-1.2870283307763466
192,1548316800,243,151,-92,394,4,0.10906822829250064,-0.5939116275346161
192,1548331200,766,417,-349,1183,4,-1.2082137289320076,1.063267399306976
192,1548345600,549,436,-113,985,4,0.001430402993999975,0.6473973773619376
192,1548360000,842,654,-188,1496,4,-0.3829904016435024,1.7206780905635264
192,1548374400,187,358,171,545,4,1.4571038498880091,-0.2767582269603697
192,1548388800,33,56,23,89,4,0.6985134620700043,-1.23451948962167
192,1548403200,224,154,-70,378,4,0.22183166431950135,-0.6275172858736091
192,1548417600,832,406,-426,1238,4,-1.60288575502651,1.1787868498472642
192,1548432000,722,406,-316,1128,4,-1.0390685748915065,0.9477479487666874
192,1548446400,903,632,-271,1535,4,-0.8084160921090051,1.8025918827648217
192,1548460800,201,357,156,558,4,1.3802196889605085,-0.24945362955993794
192,1548475200,54,88,34,142,4,0.7548951800835046,-1.1232007463737559
192,1548489600,60,53,-7,113,4,0.5447451402150033,-1.1841110021131807
192,1548504000,390,170,-220,560,4,-0.5470099449555035,-0.24525292226756382
192,1548518400,635,348,-287,983,4,-0.8904258637650055,0.6431966700695635
192,1548532800,537,325,-212,862,4,-0.5060050591275032,0.38905387888092896
192,1548547200,150,297,147,447,4,1.3340891924040084,-0.48259288428670183
192,1548561600,52,110,58,162,4,0.8779098375675054,-1.0811936734500145
192,1548576000,56,44,-12,100,4,0.5191170865725032,-1.2114155995136124
192,1548590400,71,135,64,206,4,0.9086635019385056,-0.9887781130177838
192,1548604800,1028,340,-688,1368,4,-2.9457957658935188,1.4518328238515825
192,1548619200,513,331,-182,844,4,-0.3522367372725022,0.3512475132495618
192,1548633600,101,218,117,319,4,1.1803208705490074,-0.7514381509986457
192,1548648000,21,22,1,43,4,0.5857500260430036,-1.331135757346275
192,1548661371,62,107,45,169,4,0.811276898097005,-1.066491197926705
192,1548662400,234,103,-131,337,4,-0.0908305901190006,-0.7136317853672787
192,1548676800,790,441,-349,1231,4,-1.2082137289320076,1.1640843743239548
192,1548691200,559,384,-175,943,4,-0.316357462173002,0.559182524222081
192,1548705600,739,606,-133,1345,4,-0.10108181157600066,1.40352468998928
192,1548720000,251,235,-16,486,5,0.5499890099169217,-0.45386296727812725
192,1548734400,25,62,37,87,5,0.780462567159969,-1.3010266569246915
192,1548748800,192,115,-77,307,5,0.28472699120322564,-0.8339188581220747
192,1548763200,781,415,-366,1196,5,-0.9720061794239571,1.0536212924939545
192,1548777600,557,380,-177,937,5,-0.15012877717988257,0.5037080202672374
192,1548792000,769,647,-122,1416,5,0.08904189543082694,1.5207290912965714
192,1548806400,235,181,-54,416,5,0.38474381793134055,-0.6024881759880508
192,1548820800,17,50,33,67,5,0.7630683364246447,-1.3434910022703839
192,1548835200,256,131,-125,387,5,0.07599622237933369,-0.6640614767393048
192,1548849600,799,419,-380,1218,5,-1.0328859869975922,1.1003320723742163
192,1548864000,629,434,-195,1063,5,-0.22840281548884206,0.7712333959450999
192,1548878400,727,700,-27,1427,5,0.5021548753947798,1.5440844812367023
192,1548892800,204,209,5,413,5,0.6413087212773744,-0.6088578277899047
192,1548907200,21,24,3,45,5,0.6326116059097122,-1.3902017821506456
192,1548921600,230,148,-82,378,5,0.26298420278407025,-0.6831704321448664
192,1548936000,712,393,-319,1105,5,-0.7676239682838962,0.8604085211710539
192,1548950400,564,351,-213,915,5,-0.3066768537978015,0.45699724038697576
192,1548964800,275,628,353,903,5,2.154606795250591,0.43151863317956024
192,1548979200,1032,310,-722,1342,5,-2.5200927148678223,1.3636110135175095
192,1548993600,30,36,6,66,5,0.6456572789612055,-1.3456142195376686
192,1549008000,238,168,-70,406,5,0.31516689499004324,-0.623720348660897
192,1549022400,688,390,-298,1078,5,-0.6763042569234435,0.8030816549543691
192,1549036800,658,384,-274,1042,5,-0.5719388725114976,0.7266458333321227
192,1549051200,919,605,-314,1524,5,-0.7458811798647408,1.7500365561633107
192,1549065600,304,348,44,652,5,0.8109024709467866,-0.10140890090887993
192,1549080000,49,72,23,121,5,0.7195827595863339,-1.2288372698370145
192,1549094400,60,79,19,139,5,0.7021885288510096,-1.190619359025891
192,1549108800,545,196,-349,741,5,-0.8980806987988287,0.08755743587945146
192,1549123200,675,260,-415,935,5,-1.18508550593168,0.4994615857326682
192,1549137600,616,384,-232,1000,5,-0.3892994497905921,0.6374707081061687
192,1549152000,275,275,0,550,5,0.6195659328582189,-0.3179770621719114
192,1549166400,41,87,46,128,5,0.8195995863144487,-1.213974748966022
192,1549180800,47,47,0,94,5,0.6195659328582189,-1.2861641360536993
192,1549195200,388,164,-224,552,5,-0.35451098831994343,-0.31373062763734216
192,1549209600,590,320,-270,910,5,-0.5545446417761732,0.4463811540505526
192,1549224000,473,352,-121,825,5,0.09339045311465803,0.26590768633135975
192,1549238400,178,239,61,417,5,0.884827951571915,-0.6003649587207661
192,1549252800,31,28,-3,59,5,0.6065202598067257,-1.360476740408661
192,1549267200,263,118,-145,381,5,-0.010974931297287946,-0.6768007803430126
192,1549281600,177,382,205,559,5,1.5110202580435907,-0.2988681067663498
192,1549296000,1358,354,-1004,1712,5,-3.7463859817081877,2.1492014024128197
192,1549310400,808,583,-225,1391,5,-0.3588595460037745,1.467648659614456
192,1549324800,154,319,165,473,6,1.256278168685525,-0.2824216577306787
192,1549339200,29,37,8,66,6,0.4322454174265716,-1.1678958200523828
192,1549353600,156,140,-16,296,6,0.3062786274252029,-0.6675050157919603
192,1549356349,0,0,0,0,6,0.39025648742611535,-1.3114862247531998
192,1549356446,0,0,0,0,6,0.39025648742611535,-1.3114862247531998
192,1549357229,1,1,0,2,6,0.39025648742611535,-1.3071350003683266
192,1549357294,1,0,-1,1,6,0.38500787117605834,-1.3093106125607632
192,1549368000,170,394,224,564,6,1.56594652743889,-0.0844409482189463
192,1549382400,199,345,146,544,6,1.1565544599344415,-0.1279531920676787
192,1549396800,423,622,199,1045,6,1.434731121187464,0.9620285163430677
192,1549411200,185,397,212,582,6,1.5029631324382056,-0.04527992875508714
192,1549425600,29,45,16,74,6,0.4742343474270278,-1.1504909225128899
192,1549440000,261,140,-121,401,6,-0.24482607883078514,-0.4390657355861153
192,1549454400,816,427,-389,1243,6,-1.6514552338460688,1.3927997304455184
192,1549468800,632,434,-198,1066,6,-0.6489695300851763,1.0077163723842368
192,1549483200,791,661,-130,1452,6,-0.2920636250812984,1.847502678664772
192,1549497600,201,379,178,580,6,1.3245101799362666,-0.04963115313996039
192,1549512000,37,30,-7,67,6,0.35351617367571614,-1.1657202078599462
192,1549526400,278,154,-124,432,6,-0.2605719275809562,-0.3716217576205801
192,1549540800,863,429,-434,1292,6,-1.887642965098635,1.4994047278749127
192,1549555200,600,372,-228,972,6,-0.8064280175868871,0.8032088262951945
192,1549569600,858,613,-245,1471,6,-0.8956544938378566,1.8888393103210677
192,1549584000,188,400,212,588,6,1.5029631324382056,-0.03222625560046743
192,1549598400,33,59,26,92,6,0.5267205099275981,-1.1113299030490307
192,1549612800,269,168,-101,437,6,-0.13985375382964454,-0.360743696658397
192,1549627200,828,414,-414,1242,6,-1.7826706400974945,1.3906241182530819
192,1549641600,703,395,-308,1098,6,-1.2263173175914495,1.0773359625422085
192,1549656000,935,570,-365,1505,6,-1.5254884438447,1.9628101248639127
192,1549670400,356,391,35,747,6,0.5739580561781114,0.3136960829969551
192,1549684800,42,89,47,131,6,0.6369414511787957,-1.0264810275440026
192,1549699200,71,61,-10,132,6,0.33777032492554504,-1.024305415351566
192,1549713600,433,212,-221,645,6,-0.7696877038364879,0.09178363936841989
192,1549728000,659,343,-316,1002,6,-1.2683062475919056,0.8684771920682931
192,1549742400,655,404,-251,1059,6,-0.9271461913381988,0.9924870870371804
192,1549756800,310,347,37,657,6,0.5844552886782254,0.11789098567765932
192,1549771200,52,87,35,139,6,0.5739580561781114,-1.0090761300045097
192,1549785600,46,47,1,93,6,0.39550510367617236,-1.1091542908565941
192,1549800000,374,158,-216,532,6,-0.7434446225862028,-0.15406053837691813
192,1549814400,514,330,-184,844,6,-0.5754889025843779,0.5247304656633072
192,1549828800,459,337,-122,796,6,-0.2500746950808422,0.42030108042634945
192,1549843200,166,213,47,379,6,0.6369414511787957,-0.48692920381972093
192,1549857600,19,16,-3,35,6,0.37451063867594425,-1.2353397980179182
192,1549872000,267,134,-133,401,6,-0.30780947383146945,-0.4390657355861153
192,1549884238,747,145,-602,892,6,-2.7694104951082164,0.6291598509002649
192,1549884318,3,0,-3,3,6,0.37451063867594425,-1.3049593881758899
192,1549886400,158,414,256,572,6,1.7339022474407149,-0.06703605067945334
192,1549900800,527,366,-161,893,6,-0.4547707288330663,0.6313354630927016
192,1549915200,754,644,-110,1398,6,-0.1870913000801578,1.7300196202731946
192,1549929600,224,300,76,524,7,1.2414132297545126,-0.36597375161475726
192,1549944000,25,33,8,58,7,0.8188296559548834,-1.4696468281330977
192,1549958400,259,162,-97,421,7,0.16631090229369153,-0.6099186590855492
192,1549972800,731,374,-357,1105,7,-1.4494498210578313,1.0100649982933023
192,1549987200,582,357,-225,939,7,-0.6291405307409044,0.6169110697481425
192,1550001600,697,581,-116,1278,7,0.04823608020261871,1.4197977069578365
192,1550016000,224,307,83,531,7,1.2849144799985919,-0.349394971495383
192,1550030400,20,33,13,53,7,0.8499019775577974,-1.4814888139326505
192,1550044800,304,172,-132,476,7,-0.051195348926705776,-0.4796568152904661
192,1550059200,830,421,-409,1251,7,-1.772601965728136,1.3558509836402501
192,1550073600,612,403,-209,1015,7,-0.5297091016115799,0.7969092539013481
192,1550088000,791,593,-198,1384,7,-0.4613499940851693,1.6708478059083602
192,1550102400,286,383,97,669,7,1.3719169804867508,-0.022556163427720002
192,1550116800,25,38,13,63,7,0.8499019775577974,-1.4578048423335446
192,1550131200,262,154,-108,416,7,0.09795179476728094,-0.6217606448851022
192,1550145600,875,383,-492,1258,7,-2.288402504336507,1.3724297637596243
192,1550160000,637,365,-272,1002,7,-0.921220353808295,0.7661200908225103
192,1550174400,906,562,-344,1468,7,-1.3686617848902551,1.8697931673408508
192,1550188800,318,382,64,700,7,1.166839657907519,0.05086414852950865
192,1550203200,33,74,41,107,7,1.0239069785341153,-1.353595367297478
192,1550217600,278,145,-133,423,7,-0.05740981324728856,-0.605181864765728
192,1550232000,812,380,-432,1192,7,-1.9155346451015398,1.2161155512055246
192,1550246400,622,355,-267,977,7,-0.8901480322053811,0.7069101618247453
192,1550260800,831,539,-292,1370,7,-1.0455096402199506,1.6376902456696116
192,1550275200,339,420,81,759,7,1.2724855513574265,0.19059958096423416
192,1550289600,49,113,64,162,7,1.166839657907519,-1.223333523502395
192,1550304000,64,48,-16,112,7,0.6696825122608967,-1.341753381497925
192,1550318400,412,193,-219,605,7,-0.5918537448174077,-0.1741335816619985
192,1550332800,635,312,-323,947,7,-1.2381580341580167,0.6358582470274272
192,1550347200,578,409,-169,987,7,-0.28113052878826866,0.7305941334238513
192,1550361600,263,301,38,564,7,1.0052635855723668,-0.27123786521833315
192,1550376000,52,84,32,136,7,0.9679767996488702,-1.2849118496600707
192,1550390400,53,47,-6,100,7,0.7318271554667245,-1.3701741474168523
192,1550404800,388,174,-214,562,7,-0.5607814232144938,-0.27597465953815437
192,1550419200,587,323,-264,910,7,-0.8715046392436328,0.548227552110735
192,1550433600,457,355,-102,812,7,0.13523858069077763,0.316124630439496
192,1550448000,159,250,91,409,7,1.3346301945632542,-0.6383394250044764
192,1550462400,23,55,32,78,7,0.9679767996488702,-1.4222788849348855
192,1550476800,92,89,-3,181,7,0.7504705484284728,-1.1783339774640935
192,1550491200,430,288,-142,718,7,-0.11333999213253358,0.09349529740789948
192,1550505600,517,295,-222,812,7,-0.610497137779156,0.316124630439496
192,1550520000,566,398,-168,964,7,-0.27491606446768585,0.6761209987459075
192,1550534400,185,284,99,469,8,1.3308207662478408,-0.6208094262582303
192,1550548800,27,38,11,65,8,0.8014002617619791,-1.5017355490446787
192,1550563200,208,161,-47,369,8,0.4524640201690248,-0.8388604467499254
192,1550577600,761,383,-378,1144,8,-1.538879013749387,0.8510349620607116
192,1550592000,557,368,-189,925,8,-0.4018281575240703,0.37350322718389933
192,1550606400,743,574,-169,1317,8,-0.2815053155954654,1.228263227511344
192,1550620800,243,330,87,573,8,1.258627061090678,-0.39403636494686745
192,1550635200,26,41,15,67,8,0.8254648301477001,-1.4973745286348445
192,1550649600,205,175,-30,380,8,0.554738435808339,-0.814874834495839
192,1550664000,801,411,-390,1212,8,-1.6110727189065501,0.9993096559950643
192,1550678400,590,373,-217,963,8,-0.5702801362241172,0.45636261497074343
192,1550692800,700,604,-96,1304,8,0.15767305744394272,1.1999165948474237
192,1550707200,216,337,121,553,8,1.4631758923693063,-0.43764656904520643
192,1550721600,28,40,12,68,8,0.8074164038584094,-1.4951940184299277
192,1550736000,228,171,-57,399,8,0.3923025992047224,-0.7734451406024169
192,1550750400,776,378,-398,1154,8,-1.6592018556779922,0.8728400641098811
192,1550764800,545,316,-229,861,8,-0.6424738413812802,0.23395057406921446
192,1550779200,812,614,-198,1426,8,-0.45597343639194254,1.4659388398472917
192,1550793600,292,392,100,684,8,1.336836908344271,-0.15199973220108587
192,1550808000,33,52,19,85,8,0.8495293985334211,-1.4581253449463396
192,1550822400,211,144,-67,355,8,0.3321411782404199,-0.8693875896187627
192,1550836800,797,405,-392,1202,8,-1.6231050030994107,0.9775045539458947
192,1550851200,691,384,-307,1075,8,-1.1117329249028396,0.700579757921442
192,1550865600,836,603,-233,1439,8,-0.6665384097670012,1.494285472511212
192,1551484800,4300,7324,3024,11624,9,4.064591520437995,4.084844838065708
192,1551499200,52,84,32,136,9,-0.051435046786656835,-0.4023845912009202
192,1551513600,79,54,-25,133,9,-0.12984865451787514,-0.4035563955435212
192,1551528000,430,179,-251,609,9,-0.44075173078551266,-0.21763010651750142
192,1551542400,631,328,-303,959,9,-0.5122869518736416,-0.08091959988072221
192,1551556800,637,372,-265,1009,9,-0.46001121338616274,-0.06138952750403946
192,1551571200,280,300,20,580,9,-0.0679431747300712,-0.2289575484959774
192,1551585600,46,95,49,141,9,-0.02804853220015313,-0.4004315839632519
192,1551600000,54,53,-1,107,9,-0.09683239863104638,-0.4137120331793962
192,1551614400,373,142,-231,515,9,-0.41323818421315534,-0.254346642585665
192,1551628800,547,330,-217,877,9,-0.39397870161250526,-0.11294891857848191
192,1551643200,432,376,-56,808,9,-0.17249465170502895,-0.1399004184583041
192,1551657600,146,197,51,343,9,-0.0252971775429174,-0.3215300915614536
192,1551672000,22,21,-1,43,9,-0.09683239863104638,-0.4387105258215501
192,1551686400,159,109,-50,268,9,-0.16424058773332176,-0.3508252001264778
192,1551700800,601,312,-289,913,9,-0.4930274692729915,-0.09888726646727033
192,1551715200,474,314,-160,788,9,-0.3155650938812869,-0.14771244740897718
192,1551729600,608,530,-78,1138,9,-0.20275955293462197,-0.011001940772197976
192,1551744000,214,335,121,549,10,1.1425976332240964,-0.2991470287402779
192,1551758400,18,28,10,46,10,0.5046586911773016,-1.4020754980539094
192,1551772800,313,147,-166,460,10,-0.5068480998158147,-0.4942973940860298
192,1551787200,804,426,-378,1230,10,-1.7252540071484321,1.1940821712648575
192,1551801600,581,384,-197,965,10,-0.6850112277748295,0.6130164766960458
192,1551816000,779,682,-97,1461,10,-0.1102914601651044,1.7005960408701237
192,1551830400,293,375,82,668,10,0.9184569238563035,-0.03821564136786799
192,1551844800,20,41,21,61,10,0.5678778656143713,-1.3691849870405806
192,1551859200,276,161,-115,437,10,-0.21374101833485493,-0.5447295109731342
192,1551873600,806,405,-401,1211,10,-1.857439553698669,1.1524208573146408
192,1551888000,584,374,-210,958,10,-0.7597247975640938,0.5976675715564922
192,1551902400,855,670,-185,1525,10,-0.6160448556616626,1.8409288878603274
192,1551916800,289,366,77,655,10,0.8897209354758172,-0.0667207509127531
192,1551931200,25,40,15,65,10,0.5333946795577877,-1.3604141841036927
192,1551945600,285,147,-138,432,10,-0.3459265648850917,-0.5556930146442438
192,1551960000,838,379,-459,1217,10,-2.1907770189123092,1.1655770617199726
192,1551974400,594,395,-199,989,10,-0.696505623127024,0.6656412943173721
192,1551988800,863,639,-224,1502,10,-0.8401855650294554,1.790496770973223
192,1552003200,285,399,114,684,10,1.1023672494914156,-0.0031324296203170806
192,1552017600,33,50,17,83,10,0.5448890749099823,-1.320945570887698
192,1552032000,265,136,-129,401,10,-0.29420178580021644,-0.6236667374051237
192,1552046400,866,385,-481,1251,10,-2.317215367786449,1.240128886683518
192,1552060800,700,419,-281,1119,10,-1.1677758325669987,0.9506923897662232
192,1552075200,903,602,-301,1505,10,-1.2827197860889437,1.7970748731758888
192,1552089600,398,369,-29,767,10,0.2805179818095087,0.17886173132010325
192,1552104000,49,89,40,138,10,0.677074621460219,-1.2003470305054917
192,1552118400,31,77,46,108,10,0.7115578075168025,-1.2661280525321497
192,1552132800,121,288,167,409,10,1.4069687263245698,-0.6061251315313483
192,1552147200,212,323,111,535,10,1.0851256564631238,-0.3298448390193849
192,1552161600,248,372,124,620,10,1.159839226252388,-0.14346527661052072
192,1552176000,264,326,62,590,10,0.8035129703343585,-0.20924629863717867
192,1552194000,55,107,52,162,10,0.7460409935733859,-1.1477222128841653
192,1552208400,31,85,54,116,10,0.7575353889255805,-1.2485864466583743
192,1552222800,180,219,39,399,10,0.6713274237841218,-0.6280521388735676
192,1552237200,209,310,101,519,10,1.0276536797021514,-0.3649280507669358
192,1552251600,175,294,119,469,10,1.131103237871902,-0.4745630874780324
192,1552266000,121,164,43,285,10,0.6943162144885108,-0.8780200225748678
192,1552280400,16,15,-1,31,10,0.44143951674023174,-1.4349660090672385
192,1552294800,641,322,-319,963,10,-1.3861693442586942,0.6086310752276018
192,1552309200,558,354,-204,912,10,-0.7252416115075103,0.49680333778228336
192,1552323600,629,441,-188,1070,10,-0.6332864486899543,0.8432500537893486
192,1552338000,601,620,19,1221,10,0.5563834702621767,1.1743478646568601
192,1552352400,176,198,22,374,11,0.9536918367731535,-0.7639062659418694
192,1552366800,19,13,-6,32,11,0.7958574764329642,-1.5698468317601584
192,1552381200,617,340,-277,957,11,-0.731753654002439,0.609963178128489
192,1552395600,593,320,-273,913,11,-0.7092058882395548,0.5062749181986507
192,1552410000,699,432,-267,1131,11,-0.6753842395952285,1.020003115123759
192,1552424400,677,659,-18,1336,11,0.7282141791443116,1.503096144342324
192,1552438800,177,235,58,412,11,1.1566217286391112,-0.6743573141842817
192,1552453200,16,22,6,38,11,0.8635007737216167,-1.5557075235879076
192,1552467600,645,294,-351,939,11,-1.1488873206157963,0.5675452536117369
192,1552482000,599,317,-282,916,11,-0.7599383612060442,0.5133445722847759
192,1552496400,709,489,-220,1198,11,-0.4104479918813394,1.1778920563805582
192,1552510800,770,680,-90,1450,11,0.3223543954123964,1.771742999615087
192,1552525200,259,94,-165,353,11,-0.10041621264168195,-0.8133938445447467
192,1552539600,162,272,110,434,11,1.4497426835566052,-0.6225131842193625
192,1552552184,428,134,-294,562,11,-0.8275816584946968,-0.3208746098780145
192,1552554000,183,308,125,491,11,1.5342968051674208,-0.48818975658298097
192,1552568400,594,359,-235,953,11,-0.4950021134921551,0.6005369726803218
192,1552582800,797,383,-414,1180,11,-1.5040146313812224,1.1354741318638062
192,1552597200,757,558,-199,1315,11,-0.2920722216261975,1.4536085657394466
192,1552611600,194,287,93,481,11,1.3539146790643477,-0.5117552702033987
192,1552626000,22,26,4,48,11,0.8522268908401747,-1.5321420099674898
192,1552640400,589,307,-282,896,11,-0.7599383612060442,0.46621354504394036
192,1552654800,619,319,-300,938,11,-0.861403307139023,0.5651887022496952
192,1552669200,850,432,-418,1282,11,-1.5265623971441065,1.3758423707920677
192,1552683600,708,553,-155,1261,11,-0.0440467982344715,1.3263547921891905
192,1552698000,222,263,41,485,11,1.0607937241468532,-0.5023290647552316
192,1552712400,21,38,17,59,11,0.9255071295695483,-1.5062199449850304
192,1552726800,145,79,-66,224,11,0.4576409899897015,-1.1173889702481365
192,1552741200,525,184,-341,709,11,-1.092517906208586,0.025538440342127294
192,1552755600,635,289,-346,924,11,-1.1207026134121911,0.5321969831811102
192,1552770000,478,298,-180,776,11,-0.18497033425249762,0.18342738159892663
192,1552784400,226,233,7,459,11,0.8691377151623378,-0.563599400168318
192,1552798800,31,43,12,74,11,0.8973224223659431,-1.4708716745544037
192,1552813200,94,64,-30,158,11,0.6605708818556592,-1.272921360142894
192,1552827600,412,155,-257,567,11,-0.6190148251880181,-0.3090918530678056
192,1552842000,452,245,-207,697,11,-0.33716775315196584,-0.0027401760023740766
192,1552856400,303,246,-57,549,11,0.5083734629561909,-0.35150977758455765
192,1552870800,116,130,14,246,11,0.9085963052473851,-1.0655448402832173
192,1552885200,16,21,5,37,11,0.8578638322808957,-1.5580640749499495
192,1552899600,505,255,-250,760,11,-0.5795562351029707,0.14572255980625812
192,1552914000,577,282,-295,859,11,-0.8332185999354178,0.3790211446483944
192,1552928400,1055,374,-681,1429,11,-3.0090779960537413,1.7222554210122096
192,1552942800,503,616,113,1119,11,1.4666535078787684,0.9917244987792575
192,1552957200,162,140,-22,302,12,0.7100947604817538,-0.868079386610817
192,1552971600,21,21,0,42,12,0.8770058667359233,-1.5333490126751106
192,1552986000,592,232,-360,824,12,-1.854266781059578,0.4675773241798033
192,1553000400,571,316,-255,887,12,-1.0576455921192236,0.6287772720338437
192,1553014800,608,406,-202,1014,12,-0.6555415634159969,0.9537358970729409
192,1553029200,598,623,25,1221,12,1.0666775783883886,1.4833928685933593
192,1553043600,185,127,-58,312,12,0.4369674957022036,-0.8424920933006518
192,1553058000,18,26,8,44,12,0.9377008144647122,-1.5282315540130775
192,1553072400,569,263,-306,832,12,-1.444575883890253,0.4880471588279354
192,1553086800,582,330,-252,912,12,-1.0348849867209278,0.6927455053092565
192,1553101200,666,427,-239,1093,12,-0.9362556966616457,1.1558755142232455
192,1553115600,568,638,70,1206,12,1.4080866593628263,1.4450119286281116
192,1553130000,188,155,-33,343,12,0.626639207354669,-0.7631714840391399
192,1553144400,12,27,15,39,12,0.9908088937274026,-1.5410252006681602
192,1553158800,509,253,-256,762,12,-1.065232460585322,0.3089361056567794
192,1553173200,533,304,-229,837,12,-0.8603870120006596,0.500840805483018
192,1553187600,637,415,-222,1052,12,-0.8072789327379692,1.0509676116515685
192,1553202000,592,615,23,1207,12,1.0515038414561915,1.447570657959128
192,1553216400,206,144,-62,350,12,0.40662002183780915,-0.7452603787220243
192,1553230800,16,39,23,55,12,1.0515038414561915,-1.500085531371896
192,1553245200,481,218,-263,699,12,-1.1183405398480124,0.14773615780273905
192,1553259600,569,337,-232,906,12,-0.8831476173989554,0.6773931293231574
192,1553274000,650,429,-221,1079,12,-0.7996920642718707,1.1200533035890143
192,1553288400,627,600,-27,1227,12,0.6721604181512607,1.4987452445794585
192,1553302800,215,240,25,455,12,1.0666775783883886,-0.47659379896529036
192,1553317200,23,37,14,60,12,0.9832220252613039,-1.4872918847168133
192,1553331600,120,95,-25,215,12,0.687334155083458,-1.0906888384092537
192,1553346000,420,197,-223,617,12,-0.8148658012040678,-0.06207964734061508
192,1553360400,544,291,-253,835,12,-1.0424718551870262,0.49572334682098496
192,1553374800,477,321,-156,798,12,-0.30654561397546065,0.4010503615733739
192,1553389200,203,213,10,416,12,0.9528745513969095,-0.5763842428749344
192,1553403600,24,47,23,71,12,1.0515038414561915,-1.4591458620756317
192,1553418000,81,60,-21,141,12,0.7176816289478524,-1.2800348089044757
192,1553432400,434,151,-283,585,12,-1.2700779091699848,-0.14395898593314352
192,1553446800,544,273,-271,817,12,-1.1790354875768014,0.4496662188626877
192,1553461200,311,298,-13,609,12,0.7783765766766413,-0.08254948198874719
192,1553475600,108,163,55,271,12,1.2942836323713471,-0.9473999958723289
192,1553490000,14,15,1,29,12,0.8845927352020219,-1.5666124939783252
192,1553504400,542,245,-297,787,12,-1.3762940676953654,0.37290433893219227
192,1553518800,525,296,-229,821,12,-0.8603870120006596,0.45990113618675377
192,1553533200,601,394,-207,995,12,-0.69347590574649,0.9051200397836272
192,1553547600,548,618,70,1166,12,1.4080866593628263,1.342662755387451
192,1553562000,110,227,117,337,13,1.446240912676889,-0.9002041846124049
192,1553576400,16,26,10,42,13,0.8039435847225517,-1.6353917033882073
192,1553590800,574,231,-343,805,13,-1.3150373196501681,0.2661272011064952
192,1553605200,568,341,-227,909,13,-0.6187149828024756,0.525311953488473
192,1553619600,685,369,-316,1054,13,-1.1529622929701018,0.8866753101748843
192,1553634000,634,578,-56,1212,13,0.4077601861712782,1.280436760909043
192,1553648400,140,277,137,417,13,1.5662964879954566,-0.7008312981647297
192,1553662800,15,30,15,45,13,0.8339574785521936,-1.6279152201464195
192,1553677200,566,281,-285,847,13,-0.9668761512263219,0.3707979664915247
192,1553691600,548,344,-204,892,13,-0.4806510711861228,0.482945215118342
192,1553706000,672,411,-261,1083,13,-0.8228094608440407,0.9589479815121666
192,1553720400,671,642,-29,1313,13,0.5698352128513445,1.532145030049233
192,1553734800,152,311,159,463,13,1.698357620845881,-0.5861918884573164
192,1553749200,16,32,16,48,13,0.839960257318122,-1.6204387369046318
192,1553763600,565,254,-311,819,13,-1.1229483991404599,0.30101745623483833
192,1553778000,558,366,-192,924,13,-0.4086177259949822,0.5626943696974122
192,1553792400,684,394,-290,1078,13,-0.9968900450559638,0.946487176109187
192,1553806800,642,539,-103,1181,13,0.12562958417264405,1.2031797674105689
192,1553821200,156,338,182,494,13,1.836421532462234,-0.5089348949588423
192,1553835600,20,23,3,43,13,0.7619241333610529,-1.6328995423076114
192,1553850000,555,244,-311,799,13,-1.1229483991404599,0.25117423462291955
192,1553864400,617,332,-285,949,13,-0.9668761512263219,0.6249983967123106
192,1553878800,799,422,-377,1221,13,-1.5191317976917333,1.3028662106344064
192,1553893200,767,528,-239,1295,13,-0.6907483279936163,1.487286130598506
192,1553907600,208,349,141,557,13,1.59030760305917,-0.35192874688129805
192,1553922000,21,55,34,76,13,0.9480102751048329,-1.5506582266479454
192,1553936400,132,84,-48,216,13,0.45578241629870525,-1.2017556753645138
192,1553950800,518,221,-297,739,13,-1.0389094964174626,0.10164456978716312
192,1553965200,649,297,-352,946,13,-1.3690623285435237,0.6175219134705228
192,1553979600,605,343,-262,948,13,-0.8288122396099691,0.6225062356317147
192,1553994000,290,302,12,592,13,0.8159491422544084,-0.26470310906044014
192,1554008400,29,80,51,109,13,1.0500575141256154,-1.4684169109882794
192,1554022800,114,64,-50,178,13,0.44377685876684847,-1.2964577964271595
192,1554037200,482,194,-288,676,13,-0.9848844875241071,-0.055361578290381123
192,1554051600,516,338,-178,854,13,-0.3245788232719848,0.3882430940556963
192,1554066000,381,339,-42,720,13,0.49179908889427554,0.054293509255840255
192,1554080400,111,176,65,287,13,1.1340964168486127,-1.024812238642202
192,1554094800,17,19,2,36,13,0.7559213545951244,-1.650344669871783
192,1554109200,628,276,-352,904,13,-1.3690623285435237,0.5128511480854933
192,1554123600,527,326,-201,853,13,-0.4626427348883377,0.3857509329751003
192,1554138000,678,443,-235,1121,13,-0.6667372129299027,1.0536501025748124
192,1554152400,629,614,-15,1243,13,0.6538741155743419,1.3576937544075172
192,1554166800,187,137,-50,324,14,0.7072664791738057,-0.9142537473637854
192,1554181200,15,24,9,39,14,1.0475783889587942,-1.5352739128356112
192,1554195600,669,310,-359,979,14,-1.0750450483441847,0.5130031241591824
192,1554210000,505,277,-228,782,14,-0.31943724865209167,0.08373655364006075
192,1554224400,729,442,-287,1171,14,-0.65974915843708,0.9313746040559913
192,1554238800,652,686,34,1338,14,1.1917783507320943,1.2952706308412365
192,1554253200,209,127,-82,336,14,0.5226905281039814,-0.8881055298702349
192,1554267600,18,24,6,42,14,1.0302743935459981,-1.5287368584622234
192,1554282000,656,335,-321,991,14,-0.8558611064487683,0.5391513416527329
192,1554296400,572,313,-259,885,14,-0.49824520125098387,0.30817542045970303
192,1554310800,737,464,-273,1201,14,-0.578997179844032,0.9967451477898677
192,1554325200,704,662,-42,1366,14,0.7534104669412618,1.3562831383261877
192,1554339600,228,126,-102,354,14,0.4073305586853413,-0.8488832036299091
192,1554354000,21,21,0,42,14,0.9956664027204061,-1.5287368584622234
192,1554368400,645,300,-345,945,14,-0.9942930697511365,0.4389165079274558
192,1554382800,579,364,-215,943,14,-0.24445326852997554,0.4345584716785307
192,1554397200,739,444,-295,1183,14,-0.7058931462045361,0.9575228215495418
192,1554411600,858,710,-148,1568,14,0.14200262902246896,1.796444799467622
192,1554426000,402,145,-257,547,14,-0.48670920430911985,-0.4283327056086376
192,1554440400,28,25,-3,53,14,0.97836240730761,-1.5047676590931356
192,1554454800,982,312,-670,1294,14,-2.868892572804039,1.1993938333648844
192,1554469200,910,311,-599,1221,14,-2.4593646813678665,1.0403255102791185
192,1554483600,849,493,-356,1342,14,-1.0577410529313886,1.3039867033390866
192,1554498000,836,591,-245,1427,14,-0.41749322265793576,1.489203243918403
192,1554512400,246,330,84,576,14,1.4801782742786946,-0.3651411799992238
192,1554526800,20,42,22,62,14,1.1225623690809103,-1.4851564959729726
192,1554541200,148,98,-50,246,14,0.7072664791738057,-1.084217161071864
192,1554555600,557,239,-318,796,14,-0.8385571110359723,0.1142428073825364
192,1554570000,643,310,-333,953,14,-0.9250770880999525,0.45634865292315613
192,1554584400,604,338,-266,942,14,-0.5386211905475079,0.43237945355406815
192,1554598800,233,274,41,507,14,1.2321543400286183,-0.5154934305871395
192,1554613200,30,58,28,88,14,1.1571703599065022,-1.4285020247369464
192,1554627600,105,57,-48,162,14,0.7188024761156697,-1.267254683526718
192,1554642000,429,185,-244,614,14,-0.41172522418700375,-0.28233849126964705
192,1554656400,517,329,-188,846,14,-0.08871730981481135,0.2231937136056637
192,1554670800,356,296,-60,652,14,0.6495864944644856,-0.19953580254007028
192,1554685200,129,174,45,303,14,1.2552263339123464,-0.9600131279774989
192,1554699600,14,22,8,36,14,1.0418103904878622,-1.5418109672089988
192,1554714000,609,305,-304,914,14,-0.7578051324429242,0.37136694606911685
192,1554728400,553,294,-259,847,14,-0.49824520125098387,0.22537273173012626
192,1554742800,687,386,-301,1073,14,-0.7405011370301282,0.7178308278586617
192,1554757200,630,610,-20,1240,14,0.880306433301766,1.081726854643907
192,1554771600,145,245,100,390,15,1.4900569062952642,-0.7806134714420012
192,1554786000,7,15,8,22,15,0.930307743751525,-1.6512413986037542
192,1554800400,655,313,-342,968,15,-1.1991727659257436,0.5868401750240128
192,1554814800,539,310,-229,849,15,-0.5116547728013683,0.30530560075159807
192,1554829200,740,390,-350,1130,15,-1.2478466061469382,0.9701057299158713
192,1554843600,676,660,-16,1336,15,0.7842862230879409,1.4574681021857656
192,1554858000,174,267,93,441,15,1.447467296101719,-0.6599557967538235
192,1554872400,9,24,15,33,15,0.9728973539450705,-1.6252171942592453
192,1554886800,640,302,-338,942,15,-1.1748358458151462,0.525328419300628
192,1554901200,573,311,-262,884,15,-0.7124343637137964,0.3881098873023083
192,1554915600,708,389,-319,1097,15,-1.0592354752898088,0.8920331168823445
192,1554930000,696,575,-121,1271,15,0.14544207018476035,1.3036887128773038
192,1554944400,188,290,102,478,15,1.502225366350563,-0.5724198366859299
192,1554958800,16,26,10,42,15,0.9424762038068237,-1.6039246634319198
192,1554973200,663,296,-367,959,15,-1.351278516616977,0.5655476441966872
192,1554987600,567,321,-246,888,15,-0.615086683271407,0.3975732343366752
192,1555002000,754,432,-322,1186,15,-1.0774881653727568,1.1025925883970076
192,1555016400,733,590,-143,1323,15,0.01158900957647489,1.4267122243240733
192,1555030800,215,320,105,535,15,1.520478056433511,-0.4375671414462019
192,1555045200,19,30,11,49,15,0.9485604338344731,-1.5873638061217776
192,1555059600,641,277,-364,918,15,-1.333025826534029,0.4685483370944267
192,1555074000,642,317,-325,959,15,-1.0957408554557049,0.5655476441966872
192,1555088400,799,449,-350,1248,15,-1.2478466061469382,1.2492744674296943
192,1555102800,775,607,-168,1382,15,-0.1405167411147586,1.5662965930809847
192,1555117200,252,295,43,547,15,1.1432557947192519,-0.4091771003431013
192,1555131600,28,35,7,63,15,0.9242235137238757,-1.5542420915014936
192,1555146000,167,86,-81,253,15,0.3888112712907339,-1.104733107369067
192,1555160400,522,194,-328,716,15,-1.1139935455386527,-0.009350688141100632
192,1555174800,636,309,-327,945,15,-1.1079093155110036,0.5324259295764032
192,1555189200,597,376,-221,973,15,-0.46298093258017353,0.5986693588169714
192,1555203600,211,266,55,477,15,1.216266555051044,-0.5747856734445217
192,1555218000,31,38,7,69,15,0.9242235137238757,-1.5400470709499432
192,1555232400,94,72,-22,166,15,0.7477808429220449,-1.3105609053665466
192,1555246800,485,208,-277,693,15,-0.8036978141285365,-0.06376493358871019
192,1555261200,542,320,-222,862,15,-0.4690651626078229,0.33606147861329044
192,1555275600,357,333,-24,690,15,0.7356123828667462,-0.07086244386448534
192,1555290000,131,154,23,285,15,1.021571194166265,-1.0290263310941319
192,1555304400,17,14,-3,31,15,0.8633812134473824,-1.6299488677764287
192,1555318800,633,289,-344,922,15,-1.2113412259810423,0.47801168412879363
192,1555333200,566,333,-233,899,15,-0.5359916929119656,0.4235974386811841
192,1555347600,728,410,-318,1138,15,-1.0531512452621594,0.9890324239846051
192,1555362000,591,588,-3,1179,15,0.8633812134473824,1.0860317310868657
192,1555376400,158,214,56,372,16,1.2538033327457878,-0.7898828368933015
192,1555390800,19,19,0,38,16,0.8841223200069018,-1.6055233548130095
192,1555405200,697,296,-401,993,16,-1.7630577890697634,0.7266224374424429
192,1555419600,615,331,-284,946,16,-0.990688530311734,0.6118466759387715
192,1555434000,706,431,-275,1137,16,-0.9312755104072702,1.078275834389862
192,1555448400,675,667,-8,1342,16,0.8313107467584896,1.5788935175441738
192,1555462800,208,269,61,477,16,1.2868105660260456,-0.5334689016191417
192,1555477200,15,23,8,38,16,0.9369338932553142,-1.6055233548130095
192,1555491600,670,329,-341,999,16,-1.3669709897066715,0.7412746623152521
192,1555506000,633,306,-327,939,16,-1.27455073652195,0.5947524135871608
192,1555520400,758,428,-330,1186,16,-1.2943550764901046,1.1979356708511364
192,1555534800,747,612,-135,1359,16,-0.007072978560055296,1.6204081546837996
192,1555549200,191,291,100,482,16,1.5442669856120554,-0.5212587142251341
192,1555563600,15,28,13,43,16,0.9699411265355719,-1.5933131674190018
192,1555578000,643,307,-336,950,16,-1.3339637564264137,0.6216148258539775
192,1555592400,656,329,-327,985,16,-1.27455073652195,0.7070861376120308
192,1555606800,760,460,-300,1220,16,-1.0963116768085586,1.2809649451303882
192,1555621200,723,588,-135,1311,16,-0.007072978560055296,1.5031903557013266
192,1555635600,241,345,104,586,16,1.5706727722362614,-0.26728681642977603
192,1555650000,19,27,8,46,16,0.9369338932553142,-1.5859870549825972
192,1555664400,345,191,-154,536,16,-0.13250046502503446,-0.3893886903698521
192,1555678800,596,300,-296,896,16,-1.0699058901843523,0.48974480199869547
192,1555693200,647,387,-260,1034,16,-0.8322538105664972,0.8267459740733053
192,1555707600,641,471,-170,1112,16,-0.238123611521859,1.017224897419824
192,1555722000,244,276,32,520,16,1.0953686130005509,-0.4284612900306764
192,1555736400,29,47,18,76,16,1.0029483598158295,-1.5127259306185517
192,1555750800,112,74,-38,186,16,0.6332673470769435,-1.2441018079503843
192,1555765200,499,216,-283,715,16,-0.9840870836556824,0.047736018335620176
192,1555779600,610,303,-307,913,16,-1.1425218034009192,0.5312594391383213
192,1555794000,497,340,-157,837,16,-0.15230480499318905,0.3456645907494057
192,1555808400,245,271,26,516,16,1.0557599330642418,-0.4382294399458825
192,1555822800,34,47,13,81,16,0.9699411265355719,-1.500515743224544
192,1555837200,106,71,-35,177,16,0.6530716870450982,-1.266080145259598
192,1555851600,435,213,-222,648,16,-0.5813988376365388,-0.11588049274408171
192,1555866000,532,269,-263,801,16,-0.8520581505346517,0.25775124151255097
192,1555880400,343,277,-66,620,16,0.4484268407075006,-0.1842575421505243
192,1555894800,121,168,47,289,16,1.194390312841324,-0.9925719476338277
192,1555909200,17,21,4,38,16,0.9105281066311081,-1.6055233548130095
192,1555923600,491,261,-230,752,16,-0.6342104108849511,0.13809140505127646
192,1555938000,546,312,-234,858,16,-0.6606161975091572,0.39694737780423767
192,1555952400,615,394,-221,1009,16,-0.5747973909804873,0.7656950371032673
192,1555966800,563,583,20,1146,16,1.0161512531279326,1.1002541716990757
192,1555981200,149,230,81,379,17,1.3657429426632643,-0.763314958250317
192,1555995600,16,20,4,36,17,0.8580551821200884,-1.6227799799492197
192,1556010000,524,286,-238,810,17,-0.737534922444179,0.3166542089573421
192,1556024400,555,328,-227,883,17,-0.6650080995094395,0.49957242057256046
192,1556038800,675,375,-300,1050,17,-1.1463224698945285,0.9180291512539505
192,1556053200,699,681,-18,1380,17,0.7130015362506096,1.7449196969117868
192,1556067600,189,257,68,446,17,1.2800294246494814,-0.5954311201925139
192,1556082000,17,15,-2,32,17,0.8184950968829579,-1.6328028956541634
192,1556096400,559,320,-239,879,17,-0.7441282699837007,0.489549504867617
192,1556110800,579,321,-258,900,17,-0.8694018732346143,0.5421698123185702
192,1556125200,651,404,-247,1055,17,-0.7968750502998748,0.9305577958851298
192,1556139600,653,562,-91,1215,17,0.23168716586552063,1.3314744240828686
192,1556154000,186,251,65,437,17,1.2602493820309162,-0.6179826805286367
192,1556168400,19,20,1,39,17,0.8382751395015231,-1.6152627931705121
192,1556182800,545,308,-237,853,17,-0.7309415749046572,0.42440055278548444
192,1556197200,672,349,-323,1021,17,-1.297969463303529,0.8453630123931103
192,1556211600,757,351,-406,1108,17,-1.8452173090838357,1.0633614289756308
192,1556226000,702,538,-164,1240,17,-0.24962720451956827,1.3941176472387653
192,1556240400,192,280,88,472,17,1.4118963754399168,-0.5302821681103813
192,1556254800,26,44,18,70,17,0.9503620476733932,-1.5375851964572003
192,1556269200,495,244,-251,739,17,-0.8232484404579619,0.13874745519459547
192,1556283600,634,352,-282,986,17,-1.0276422141831367,0.7576624999748549
192,1556298000,680,351,-329,1031,17,-1.3375295485406598,0.8704203016554689
192,1556312400,705,535,-170,1240,17,-0.2891872897566989,1.3941176472387653
192,1556326800,229,296,67,525,17,1.2734360771099595,-0.3974785350198803
192,1556341200,34,51,17,85,17,0.9437687001338714,-1.4999992625636622
192,1556355600,140,92,-48,232,17,0.5152011100649566,-1.1316571104069897
192,1556370000,527,216,-311,743,17,-1.2188492928292678,0.14877037089953893
192,1556384400,628,344,-284,972,17,-1.04082890926218,0.7225822950075528
192,1556398800,519,338,-181,857,17,-0.36171411269143827,0.4344234684904279
192,1556413200,256,264,8,520,17,0.8844285722781755,-0.41000717965105965
192,1556427600,31,54,23,85,17,0.983328785371002,-1.4999992625636622
192,1556442000,107,56,-51,163,17,0.49542106744639125,-1.3045524063172647
192,1556456400,445,233,-212,678,17,-0.566107886416613,-0.014102009305792487
192,1556470800,541,244,-297,785,17,-1.1265424272759632,0.2540109858014454
192,1556485200,376,347,-29,723,17,0.6404747133158701,0.09865579237482158
192,1556499600,140,166,26,306,17,1.0031088279895672,-0.9462331698655354
192,1556514000,20,21,1,41,17,0.8382751395015231,-1.6102513353180405
192,1556526933,491,142,-349,633,17,-1.469396499331095,-0.12685981098640656
192,1556528400,143,305,162,448,17,1.8998040933645273,-0.5904196623400422
192,1556542800,533,303,-230,836,17,-0.6847881421280049,0.3818031610394747
192,1556557200,711,446,-265,1157,17,-0.9155553060112667,1.1861421463611883
192,1556571600,660,646,-14,1306,17,0.7393749264086966,1.5594957563703327
192,1556586000,183,229,46,412,18,1.2627491740413972,-0.7238934553027099
192,1556600400,17,22,5,39,18,0.9881275426067817,-1.5792649193826809
192,1556614800,686,326,-360,1012,18,-1.4566747860184546,0.6520391946918814
192,1556629200,558,379,-179,937,18,-0.24432075456320043,0.48004761344255753
192,1556643600,703,444,-259,1147,18,-0.7801678402892795,0.9616240409406644
192,1556658000,729,658,-71,1387,18,0.47907281116700645,1.5119971009385011
192,1556672400,184,259,75,443,18,1.456993742617101,-0.652803601719656
192,1556686800,13,22,9,35,18,1.0149198968930857,-1.588437803715978
192,1556701200,619,368,-251,987,18,-0.7265831317166717,0.5947086676087735
192,1556715600,599,323,-276,922,18,-0.8940353460060714,0.44564929719269275
192,1556730000,742,532,-210,1274,18,-0.4519615002820561,1.252863118522853
192,1556744400,731,614,-117,1345,18,0.17096073687451094,1.4156818154388797
192,1556758800,190,274,84,464,18,1.5172765397612848,-0.6046459589698453
192,1556773200,17,17,0,34,18,0.9546370997489018,-1.5907310247993025
192,1556787600,635,279,-356,914,18,-1.4298824317321506,0.4273035285260982
192,1556802000,624,329,-295,953,18,-1.0212990288660153,0.5167391507757466
192,1556816400,708,415,-293,1123,18,-1.0079028517228632,0.9065867349408808
192,1556830800,793,645,-148,1438,18,-0.03668000884434474,1.6289513761880412
192,1556845200,213,283,70,496,18,1.423503299759221,-0.5312628843034671
192,1556859600,18,26,8,44,18,1.0082218083215095,-1.5677988139660592
192,1556874000,613,326,-287,939,18,-0.9677143202934073,0.48463405560920614
192,1556888400,664,323,-341,987,18,-1.3294111031585107,0.5947086676087735
192,1556902800,787,420,-367,1207,18,-1.5035614060194864,1.0992173059401236
192,1556917200,782,579,-203,1361,18,-0.4050748802810242,1.4523733527720688
192,1556931600,262,263,1,525,18,0.9613351883204777,-0.4647594728870619
192,1556946000,22,45,23,67,18,1.1086931368951496,-1.5150547290496
192,1556960400,137,88,-49,225,18,0.6264307597416783,-1.1527257978843575
192,1556974800,513,184,-329,697,18,-1.249034040299599,-0.07032544655527903
192,1556989200,576,271,-305,847,18,-1.0882799145817752,0.2736577159433688
192,1557003600,581,329,-252,910,18,-0.7332812202882477,0.4181306441928009
192,1557018000,230,275,45,505,18,1.2560510854698212,-0.5106238945535483
192,1557032400,24,53,29,77,18,1.1488816683246055,-1.4921225182163567
192,1557046800,96,70,-26,166,18,0.780486796887926,-1.2880258418004924
192,1557061200,450,188,-262,638,18,-0.8002621060040076,-0.20562549047141385
192,1557075600,533,281,-252,814,18,-0.7332812202882477,0.1979814201936663
192,1557090000,338,313,-25,651,18,0.7871848854595019,-0.1758136163881977
192,1557104400,153,139,-14,292,18,0.8608638597468379,-0.9990799853016282
192,1557118800,17,18,1,35,18,0.9613351883204777,-1.588437803715978
192,1557133200,643,320,-323,963,18,-1.2088455088701429,0.5396713616089898
192,1557147600,536,335,-201,871,18,-0.3916787031378722,0.3286950219431525
192,1557162000,711,406,-305,1117,18,-1.0882799145817752,0.8928274084409349
192,1557176400,644,618,-26,1262,18,0.780486796887926,1.2253444655229613
192,1557190800,184,257,73,441,19,1.2941289563424343,-0.6574584675244622
192,1557205200,133,41,-92,174,19,0.23716800555244374,-1.3007478187869455
192,1557219600,667,287,-380,954,19,-1.6077092903719035,0.5785244433281739
192,1557234000,609,341,-268,950,19,-0.8902570086235463,0.5688871496763015
192,1557248400,679,424,-255,1103,19,-0.8069812973491833,0.937513631860421
192,1557262800,678,631,-47,1309,19,0.525430083040623,1.43383425493185
192,1557277200,198,276,78,474,19,1.3261580760633431,-0.5779507948965149
192,1557291600,17,23,6,40,19,0.8649387520822563,-1.623597156124671
192,1557306000,660,321,-339,981,19,-1.3450705086604513,0.6435761754783126
192,1557320400,611,359,-252,970,19,-0.787763825516638,0.6170736179356635
192,1557334800,727,461,-266,1188,19,-0.8774453607351828,1.1423061219627098
192,1557349200,676,668,-8,1344,19,0.7752572168637117,1.5181605743857336
192,1557363600,179,287,108,466,19,1.518332794388796,-0.5972253822002598
192,1557378000,19,18,-1,37,19,0.820097984472984,-1.6308251263635754
192,1557392400,616,309,-307,925,19,-1.140084142446635,0.5086540643520989
192,1557406800,629,316,-313,945,19,-1.1785190861117254,0.5568405326114609
192,1557421200,739,430,-309,1169,19,-1.1528957903349986,1.0965289771163158
192,1557435600,722,596,-126,1318,19,0.019369991450263864,1.455518165648563
192,1557450000,172,290,118,462,19,1.5823910338306135,-0.6068626758521322
192,1557464400,19,25,6,44,19,0.8649387520822563,-1.6139598624727987
192,1557478800,606,249,-357,855,19,-1.460375339655723,0.3400014254443318
192,1557493200,633,336,-297,969,19,-1.0760259030048174,0.6146642945226953
192,1557507600,718,409,-309,1127,19,-1.1528957903349986,0.9953373937716554
192,1557522000,749,553,-196,1302,19,-0.42903768464245945,1.4169689910410732
192,1557536400,268,312,44,580,19,1.1083600619611633,-0.32256251312189615
192,1557550800,35,42,7,77,19,0.8713445760264381,-1.5344521898448513
192,1557565200,139,98,-41,237,19,0.5638650267057136,-1.148960443769955
192,1557579600,524,197,-327,721,19,-1.2682006213302701,0.01715208810660618
192,1557594000,556,307,-249,863,19,-0.7685463536840927,0.35927601274807663
192,1557608400,512,345,-167,857,19,-0.24326879026118836,0.344820072270268
192,1557622800,176,276,100,452,19,1.467086202835342,-0.6309559099818132
192,1557637200,23,38,15,61,19,0.9225911675798922,-1.5730013644523408
192,1557651600,91,81,-10,172,19,0.7624455689753482,-1.3055664656128816
192,1557666000,387,209,-178,596,19,-0.3137328536471877,-0.2840133385144065
192,1557680400,452,287,-165,739,19,-0.23045714237282483,0.06051990954003201
192,1557694800,300,291,-9,591,19,0.76885139291953,-0.296059955579247
192,1557709200,104,168,64,272,19,1.2364765408447984,-1.0646341243160715
192,1557723600,14,17,3,31,19,0.845721280249711,-1.645281066841384
192,1557738000,640,319,-321,959,19,-1.2297656776651795,0.5905710603930143
192,1557752400,569,330,-239,899,19,-0.7044881142422752,0.4460116556149283
192,1557766800,683,445,-238,1128,19,-0.6980822902980934,0.9977467171846236
192,1557781200,588,613,25,1201,19,0.9866494070217098,1.173627326331295
192,1557795600,159,234,75,393,20,0.9461077073446417,-0.7697817979084336
192,1557810000,11,21,10,32,20,0.5807789886670077,-1.6312692218741607
192,1557824400,635,293,-342,928,20,-1.3976165340180253,0.5069377916252616
192,1557838800,277,367,90,644,20,1.030414334731788,-0.1707974671178588
192,1557853200,504,503,-1,1007,20,0.5189541285831005,0.6954627403601438
192,1557867600,722,640,-82,1362,20,0.0636983406925105,1.5426318137890442
192,1557882000,190,299,109,489,20,1.1372027294221732,-0.5406881893192097
192,1557896400,14,16,2,30,20,0.5358154540605298,-1.6360420053864362
192,1557910800,628,339,-289,967,20,-1.0997331172501084,0.6000070701146338
192,1557925200,304,345,41,649,20,0.7550126852671101,-0.15886550833717006
192,1557939600,452,466,14,918,20,0.6032607559702468,0.4830738740638842
192,1557954000,752,639,-113,1391,20,-0.11053535590759184,1.611837174717039
192,1557968400,182,307,125,489,20,1.2271297986351293,-0.5406881893192097
192,1557982800,22,29,7,51,20,0.5639176631895785,-1.5859277785075434
192,1557997200,652,321,-331,973,20,-1.335791673934118,0.6143254206514603
192,1558011600,280,315,35,595,20,0.7212900343122515,-0.28773066316860846
192,1558026000,459,511,52,970,20,0.8168375453510173,0.6071662453830471
192,1558040400,766,621,-145,1387,20,-0.2903894943335039,1.602291607692488
192,1558054800,213,334,121,547,20,1.2046480313318904,-0.40227746746322035
192,1558069200,29,45,16,74,20,0.6145016396218663,-1.5310407681163751
192,1558083600,583,297,-286,880,20,-1.0828717917726791,0.39239098733064975
192,1558098000,274,374,100,648,20,1.0866187529898854,-0.16125190009330778
192,1558112400,390,459,69,849,20,0.9123850563897831,0.3184128428903796
192,1558126800,832,549,-283,1381,20,-1.0660104662952499,1.5879732571556615
192,1558141200,253,340,87,593,20,1.0135530092543588,-0.29250344668088396
192,1558155600,27,52,25,79,20,0.6650856160541541,-1.5191088093356864
192,1558170000,189,112,-77,301,20,0.09180054982155927,-0.9893298394731064
192,1558184400,545,241,-304,786,20,-1.1840397446372548,0.16807016225370144
192,1558198800,734,325,-409,1059,20,-1.7741861363472788,0.8195551116793066
192,1558213200,645,304,-341,949,20,-1.3919960921922157,0.5570520185041544
192,1558227600,250,367,117,617,20,1.1821662640286512,-0.235230044533578
192,1558242000,24,57,33,81,20,0.7100491506606321,-1.5143360258234109
192,1558256400,133,68,-65,201,20,0.1592458517312763,-1.2279690150868812
192,1558270800,630,207,-423,837,20,-1.8528723219086154,0.28977614181672656
192,1558285200,677,316,-361,993,20,-1.5044049287084107,0.6620532557742153
192,1558299600,420,354,-66,774,20,0.15362540990546655,0.13943346118004846
192,1558314000,194,200,6,394,20,0.5582972213637688,-0.7673954061522958
192,1558328400,15,22,7,37,20,0.5639176631895785,-1.619337263093472
192,1558342800,672,319,-353,991,20,-1.4594413941019326,0.6572804722619398
192,1558357200,588,334,-254,922,20,-0.9030176533467671,0.4926194410884352
192,1558371600,899,472,-427,1371,20,-1.8753540892118543,1.564109339594284
192,1558386000,762,653,-109,1415,20,-0.08805358860435282,1.669110576864345
192,1558400400,196,328,132,524,21,1.2319825211368995,-0.3622283610489342
192,1558414800,19,27,8,46,21,0.706192734268711,-1.424468585474643
192,1558429200,672,347,-325,1019,21,-0.7058072578853766,0.7377902814002831
192,1558443600,774,343,-431,1117,21,-1.1552727208533444,0.9555717500063908
192,1558454839,220,329,109,549,21,1.134456996153284,-0.3066718639555394
192,1558458000,909,173,-736,1082,21,-2.4485459869404216,0.8777926540756381
192,1558472400,808,635,-173,1443,21,-0.06129074495017748,1.6800284721042593
192,1558486800,214,334,120,548,21,1.1810996385367523,-0.30889412383927517
192,1558501200,18,20,2,38,21,0.6807512929686373,-1.4422466645445295
192,1558515600,701,346,-355,1047,21,-0.8330144643857449,0.8000135581448854
192,1558530000,776,352,-424,1128,21,-1.125591039336592,0.9800166087274845
192,1558544400,1084,447,-637,1531,21,-2.0287622054892065,1.875587341873009
192,1558558800,811,598,-213,1409,21,-0.23090035361733516,1.6044716360572424
192,1558573200,200,352,152,552,21,1.3167873254704785,-0.30000508430433204
192,1558587600,20,35,15,55,21,0.7358744157854635,-1.404468246521021
192,1558602000,667,338,-329,1005,21,-0.7227682187520924,0.7066786430279821
192,1558616400,680,333,-347,1013,21,-0.7990925426523133,0.7244567220978684
192,1558630800,1260,399,-861,1659,21,-2.9785760140252893,2.1600366069911905
192,1558645200,716,607,-109,1323,21,0.21008462891727478,1.4133572860559642
192,1558659600,193,309,116,502,21,1.1641386776700364,-0.41111807849112164
192,1558674000,17,21,4,38,21,0.6892317734019952,-1.4422466645445295
192,1558687303,110,245,135,355,21,1.2447032417869364,-0.7377902814002831
192,1558688400,521,155,-366,676,21,-0.8796571067692132,-0.02444485872109372
192,1558702800,660,339,-321,999,21,-0.6888462970186608,0.6933450837255674
192,1558717200,832,465,-367,1297,21,-0.8838973469858922,1.3555785290788336
192,1558731600,656,468,-188,1124,21,-0.1248943482003616,0.9711275691925414
192,1558746000,209,293,84,502,21,1.0284509907363104,-0.41111807849112164
192,1558760400,25,37,12,62,21,0.7231536951354267,-1.3889124273348705
192,1558774800,124,74,-50,198,21,0.4602588017013323,-1.0866850831468027
192,1558789200,465,187,-278,652,21,-0.5065159677014663,-0.07777909593075275
192,1558803600,508,264,-244,772,21,-0.36234780033438235,0.18889209011754238
192,1558818000,424,271,-153,695,21,0.02351405938340135,0.017778079069886342
192,1558832400,161,243,82,404,21,1.0199705103029526,-0.6288995470972293
192,1558846800,25,43,18,68,21,0.7485951364355004,-1.3755788680324557
192,1558861200,118,67,-51,185,21,0.45601856148465336,-1.115574461635368
192,1558875600,444,144,-300,588,21,-0.5998012524684031,-0.22000372848984348
192,1558890000,526,259,-267,785,21,-0.459873325317998,0.21778146860610767
192,1558904400,285,299,14,584,21,0.7316341755687846,-0.22889276802478664
192,1558918800,126,189,63,315,21,0.9394059461860528,-0.8266806767497149
192,1558933200,17,43,26,60,21,0.7825170581689319,-1.393356947102342
192,1558947600,101,83,-18,184,21,0.5959464886350585,-1.1177967215191038
192,1558962000,391,168,-223,559,21,-0.27330275578412455,-0.28444926511818147
192,1558976400,482,285,-197,767,21,-0.16305651015047207,0.1777807906988634
192,1558990800,437,332,-105,769,21,0.22704558978399053,0.182225310466335
192,1559005200,183,177,-6,360,22,0.6398807137847903,-0.3859716230987322
192,1559019600,17,25,8,42,22,0.7103790948425861,-1.0265876288284037
192,1559034000,645,313,-332,958,22,-1.0017244451324567,0.8187087901916565
192,1559048400,605,335,-270,940,22,-0.6895173290193607,0.7824475068484676
192,1559062800,731,490,-241,1221,22,-0.5434849682567835,1.3485264301504731
192,1559077200,672,621,-51,1293,22,0.4132787746704463,1.493571563523229
192,1559091600,150,290,140,440,22,1.3750781162446615,-0.22481036379567013
192,1559106000,18,26,8,44,22,0.7103790948425861,-1.0225585973458273
192,1559120400,663,324,-339,987,22,-1.0369736356613546,0.8771297466890166
192,1559134800,607,215,-392,822,22,-1.303860363951582,0.5447346493764511
192,1559149200,804,274,-530,1078,22,-1.99877297723557,1.0604506791462496
192,1559163600,639,677,38,1316,22,0.8614470542521487,1.5399054255728593
192,1559178000,161,234,73,395,22,1.0376930068966383,-0.3154635721536425
192,1559192400,20,20,0,40,22,0.6700943056667027,-1.0306166603109803
192,1559206800,684,306,-378,990,22,-1.233361982893786,0.8831732939128814
192,1559221200,622,206,-416,828,22,-1.424714731479232,0.5568217438241808
192,1559235600,833,265,-568,1098,22,-2.190125725821016,1.1007409939720152
192,1559250000,690,620,-70,1310,22,0.31760240037772336,1.5278183311251297
192,1559264400,178,288,110,466,22,1.224010156835099,-0.17243295452217497
192,1559278800,20,31,11,51,22,0.7254858907835424,-1.0084569871568092
192,1559293200,644,286,-358,930,22,-1.1326500099540777,0.7623023494355848
192,1559307600,640,213,-427,853,22,-1.4801063165960717,0.6071846373563876
192,1559322000,789,270,-519,1059,22,-1.9433813921187304,1.0221748800617725
192,1559336400,734,401,-333,1135,22,-1.0067600437794422,1.1752780763996813
192,1559350800,201,243,42,444,22,0.8815894488400904,-0.21675230083051703
192,1559365200,5,6,1,11,22,0.6751299043136881,-1.0890376168083402
192,1559379600,1,5,4,6,22,0.6902367002546445,-1.0991101955147817
192,1559394000,9,12,3,21,22,0.685201101607659,-1.0688924593954576
192,1559408400,1,0,-1,1,22,0.6650587070197174,-1.109182774221223
192,1559422800,1,0,-1,1,22,0.6650587070197174,-1.109182774221223
192,1559437200,0,1,1,1,22,0.6751299043136881,-1.109182774221223
192,1559451600,0,6,6,6,22,0.7003078975486152,-1.0991101955147817
192,1559466000,0,0,0,0,22,0.6700943056667027,-1.1111972899625113
192,1559480400,1,2,1,3,22,0.6751299043136881,-1.1051537427386464
192,1559494800,1,2,1,3,22,0.6751299043136881,-1.1051537427386464
192,1559509200,5,3,-2,8,22,0.6600231083727319,-1.0950811640322051
192,1559523600,0,0,0,0,22,0.6700943056667027,-1.1111972899625113
192,1559538000,3,2,-1,5,22,0.6650587070197174,-1.10112471125607
192,1559552400,710,321,-389,1031,22,-1.2887535680106257,0.9657684393057007
192,1559566800,450,280,-170,730,22,-0.18595746432081867,0.3593992011779298
192,1559581200,619,392,-227,1011,22,-0.4729865871989876,0.9254781244799352
192,1559595600,622,607,-15,1229,22,0.5945603259619214,1.3646425560807793
192,1559610000,160,229,69,389,23,1.0342964611889538,-0.7085071124698158
192,1559624400,10,17,7,27,23,0.6445832525453371,-1.6255192975375847
192,1559638800,679,279,-400,958,23,-1.9136953912925994,0.7328739187554895
192,1559653200,562,346,-216,908,23,-0.7571271591889621,0.6062147771715435
192,1559667600,655,429,-226,1084,23,-0.8199841283250295,1.0520549555470333
192,1559682000,664,591,-73,1255,23,0.14172749945679922,1.4852292197641286
192,1559696400,192,270,78,462,23,1.0908677334114143,-0.5235847657572547
192,1559710800,15,28,13,43,23,0.6822974340269774,-1.584988372230722
192,1559725200,731,309,-422,1040,23,-2.051980723391947,0.9405949109531608
192,1559739600,288,341,53,629,23,0.9337253105712462,-0.10054323286687511
192,1559754000,446,441,-5,887,23,0.5691548895820564,0.5530179377062862
192,1559768400,674,610,-64,1284,23,0.19829877167925974,1.5586915218828172
192,1559782800,188,253,65,441,23,1.009153673534527,-0.576781605222512
192,1559797200,18,16,-2,34,23,0.5880119803228766,-1.6077870177158322
192,1559811600,665,303,-362,968,23,-1.6748389085755437,0.7582057470722786
192,1559826000,309,339,30,648,23,0.7891542815582917,-0.05241275906497563
192,1559840400,463,408,-55,871,23,0.25487004390172024,0.5124870123994234
192,1559854800,690,624,-66,1314,23,0.1857273778520463,1.634687006833185
192,1559869200,186,291,105,477,23,1.2605815500787958,-0.4855870232820709
192,1559883600,19,28,9,47,23,0.6571546463725505,-1.5748556409040062
192,1559898000,648,296,-352,944,23,-1.6119819394394765,0.6974093591119845
192,1559912400,285,250,-35,535,23,0.3805839821738547,-0.3386624190446935
192,1559926800,448,430,-18,878,23,0.487440829705169,0.5302192922211759
192,1559941200,689,544,-145,1233,23,-0.3108426783228848,1.4294991974671922
192,1559955600,222,306,84,528,23,1.1285819148930547,-0.356394698866446
192,1559970000,24,64,40,88,23,0.8520112506943589,-1.4709951448051706
192,1559984400,138,106,-32,244,23,0.3994410729146749,-1.0758186230632591
192,1559998800,516,198,-318,714,23,-1.398268244376848,0.11477730782583306
192,1560013200,572,292,-280,864,23,-1.1594117616597925,0.494754732577671
192,1560027600,502,284,-218,786,23,-0.7696985530161756,0.2971664717067153
192,1560042000,238,271,33,509,23,0.8080113722991118,-0.4045251726683455
192,1560056400,29,59,30,88,23,0.7891542815582917,-1.4709951448051706
192,1560070800,99,50,-49,149,23,0.2925842253833606,-1.3164709920727564
192,1560085200,447,165,-282,612,23,-1.171983155487006,-0.14360734100541675
192,1560099600,514,284,-230,798,23,-0.8451269159794563,0.3275646656868623
192,1560114000,371,329,-42,700,23,0.33658410377860765,0.07931274818232818
192,1560128400,133,179,46,312,23,0.8897254321759992,-0.9035621905090926
192,1560142800,18,16,-2,34,23,0.5880119803228766,-1.6077870177158322
192,1560157200,743,314,-429,1057,23,-2.0959806017871943,0.9836590190917025
192,1560171600,555,307,-248,862,23,-0.9582694604243774,0.48968836691431317
192,1560186000,680,458,-222,1138,23,-0.7948413406706025,1.188846828457695
192,1560200400,564,682,118,1246,23,1.3422956099556833,1.4624305742790182
192,1560214800,48,63,15,111,24,1.089206929194242,-1.2836641063698926
192,1560229200,0,3,3,3,24,1.0169111016745502,-1.5040268697125485
192,1560243600,620,287,-333,907,24,-1.0073720688768133,0.34049107530375655
192,1560258000,609,303,-306,912,24,-0.8447064569575073,0.35069305508813875
192,1560272400,671,371,-300,1042,24,-0.8085585431976615,0.6159445294820765
192,1560286800,636,636,0,1272,24,0.9988371447946275,1.0852355995636584
192,1560301200,60,81,21,141,24,1.1253548429540876,-1.2224522276635994
192,1560315600,3,4,1,7,24,1.004861797087935,-1.4958652858850428
192,1560330000,745,331,-414,1076,24,-1.4953689046347314,0.6853179920158755
192,1560344400,664,344,-320,1008,24,-0.9290515890638141,0.5465710669482774
192,1560358800,697,383,-314,1080,24,-0.8929036753039684,0.6934795758433813
192,1560373200,682,660,-22,1342,24,0.8662947943418595,1.2280633165450094
192,1560387600,64,72,8,136,24,1.0470343631410886,-1.2326542074479816
192,1560402000,0,3,3,3,24,1.0169111016745502,-1.5040268697125485
192,1560416400,699,260,-439,959,24,-1.6459852119674223,0.44659166506133163
192,1560430800,589,365,-224,954,24,-0.3506849689062817,0.4363896852769494
192,1560445200,665,445,-220,1110,24,-0.32658635973305117,0.7546914545496746
192,1560459600,647,649,2,1296,24,1.0108864493812426,1.1342051025286932
192,1560474000,67,74,7,141,24,1.041009710847781,-1.2224522276635994
192,1560488400,2,10,8,12,24,1.0470343631410886,-1.4856633061006606
192,1560502800,648,263,-385,911,24,-1.3206539881288102,0.3486526591312623
192,1560517200,607,322,-285,929,24,-0.7181887587980471,0.3853797863550383
192,1560531600,758,431,-327,1189,24,-0.9712241551169676,0.9158827351429136
192,1560546000,690,532,-158,1222,24,0.046942082452021895,0.9832158017198362
192,1561165200,9878,7342,-2536,17220,25,-4.047036143025328,4.102176483853276
192,1561179600,0,3,3,3,25,0.3241416465084687,-0.2979505591966697
192,1561194000,0,1,1,1,25,0.32069841863171894,-0.2984616966820678
192,1561208400,3,4,1,7,25,0.32069841863171894,-0.29692828422587336
192,1561222800,3,4,1,7,25,0.32069841863171894,-0.29692828422587336
192,1561237200,1,1,0,2,25,0.3189768046933441,-0.29820612793936874
192,1561251600,0,1,1,1,25,0.32069841863171894,-0.2984616966820678
192,1561266000,1,2,1,3,25,0.32069841863171894,-0.2979505591966697
192,1561280400,1,0,-1,1,25,0.3172551907549692,-0.2984616966820678
192,1561294800,1,2,1,3,25,0.32069841863171894,-0.2979505591966697
192,1561309200,0,1,1,1,25,0.32069841863171894,-0.2984616966820678
192,1561323600,0,2,2,2,25,0.32242003257009383,-0.29820612793936874
192,1561338000,0,1,1,1,25,0.32069841863171894,-0.2984616966820678
192,1561352400,1,4,3,5,25,0.3241416465084687,-0.2974394217112715
192,1561366800,623,281,-342,904,25,-0.26981516223086166,-0.06768312202480457
192,1561381200,540,271,-269,811,25,-0.14413734472949613,-0.09145101509581839
192,1561395600,578,319,-259,897,25,-0.1269212053457474,-0.0694721032236981
192,1561410000,557,613,56,1170,25,0.41538718524233686,0.0002981635331489383
192,1561424400,38,68,30,106,26,0.819329041944597,-1.2539235048809796
192,1561438800,1,3,2,4,26,0.6356593977724951,-1.5195915709002732
192,1561453200,614,238,-376,852,26,-1.8438807985508792,0.6890998014954225
192,1561467600,555,311,-244,866,26,-0.9780096188823993,0.7255640458510119
192,1561482000,615,350,-265,965,26,-1.1157618520114756,0.9834183452226791
192,1561496400,556,601,45,1157,26,0.9177234941796515,1.4834994106707613
192,1561510800,53,69,16,122,26,0.7274942198585461,-1.212250082760306
192,1561525200,0,6,6,6,26,0.6618979183685098,-1.514382393135189
192,1561539600,664,276,-388,940,26,-1.9225963603389227,0.9183036231591268
192,1561554000,306,337,31,643,26,0.8258886720936006,0.14474072504412488
192,1561568400,368,392,24,760,26,0.7799712610505751,0.4494776243015499
192,1561582800,605,646,41,1251,26,0.891484973583637,1.728330765629718
192,1561597200,51,82,31,133,26,0.8258886720936006,-1.183599605052343
192,1561611600,1,4,3,5,26,0.6422190279214988,-1.516986982017731
192,1561626000,595,215,-380,810,26,-1.8701193191468937,0.5797070684286546
192,1561640400,300,335,35,635,26,0.8521271926896151,0.12390401398378814
192,1561654800,372,386,14,758,26,0.7143749595605389,0.4442684465364657
192,1561669200,626,600,-26,1226,26,0.45198975360039334,1.6632160435661656
192,1561683600,52,78,26,130,26,0.7930905213485825,-1.1914133716999693
192,1561698000,2,6,4,8,26,0.6487786580705025,-1.5091732153701047
192,1561712400,569,249,-320,818,26,-1.4765415102066757,0.6005437794889913
192,1561726800,279,334,55,613,26,0.9833197956696879,0.06660305856786207
192,1561741200,403,364,-39,767,26,0.3667145616633461,0.46770974647934455
192,1561755600,653,486,-167,1139,26,-0.47291809740911933,1.4366168107850035
192,1561770000,242,244,2,486,26,0.6356593977724951,-0.26417972951498386
192,1561784400,25,51,26,76,26,0.7930905213485825,-1.3320611713572423
192,1561798800,133,98,-35,231,26,0.39295308225936065,-0.9283498945632178
192,1561813200,465,192,-273,657,26,-1.1682388932035048,0.1812049693997142
192,1561827600,584,286,-298,870,26,-1.3322296469285957,0.7359824013811802
192,1561842000,437,274,-163,711,26,-0.4466795768131048,0.3218527690569873
192,1561856400,231,237,6,468,26,0.6618979183685098,-0.3110623294007416
192,1561870800,22,46,24,68,26,0.7799712610505751,-1.3528978824175792
192,1561885200,98,61,-37,159,26,0.37983382196135335,-1.1158802941062487
192,1561899600,556,172,-384,728,26,-1.8963578397429082,0.3661307800602029
192,1561914000,557,295,-262,852,26,-1.0960829615644647,0.6890998014954225
192,1561928400,313,318,5,631,26,0.6553382882195061,0.11348565845361977
192,1561942800,136,188,52,324,26,0.963640905222677,-0.6861231284868031
192,1561957200,18,29,11,47,26,0.6946960691135279,-1.4075942489509632
192,1561971600,568,244,-324,812,26,-1.5027800308026902,0.5849162461937388
192,1561986000,550,301,-249,851,26,-1.0108077696274176,0.6864952126128805
192,1562000400,582,330,-252,912,26,-1.0304866600744285,0.8453751344479482
192,1562014800,534,541,7,1075,26,0.6684575485175134,1.2699231223023095
192,1562029200,151,222,71,373,27,1.2091884922287346,-0.13717548073097666
192,1562043600,15,24,9,39,27,0.7276084921866361,-0.9748090922353501
192,1562058000,618,296,-322,914,27,-1.8434073144897272,1.2195903391009575
192,1562072400,563,295,-268,858,27,-1.4239666692917705,1.0791487754954339
192,1562086800,579,359,-220,938,27,-1.0511305402269202,1.279779580646182
192,1562101200,627,560,-67,1187,27,0.13728462116728984,1.9042429616778853
192,1562115600,154,269,115,423,27,1.550954943871514,-0.011781227511759076
192,1562130000,21,32,11,53,27,0.7431433308976716,-0.9396987013339692
192,1562144400,514,234,-280,748,27,-1.5171757015579832,0.8032814184131551
192,1562158800,605,297,-308,902,27,-1.734663443512479,1.1894957183283454
192,1562173200,720,393,-327,1113,27,-1.8822444112673156,1.7186594669134434
192,1562187600,591,471,-120,1062,27,-0.274388604675149,1.5907573286298415
192,1562202000,183,219,36,402,27,0.9373288147856144,-0.06444681386383046
192,1562216400,18,28,10,46,27,0.7353759115421539,-0.9572538967846597
192,1562230800,124,77,-47,201,27,0.29263300827764416,-0.5685317118050851
192,1562245200,410,162,-248,572,27,-1.2686182821814163,0.3618936470815093
192,1562259600,446,196,-250,642,27,-1.2841531208924517,0.5374456015884139
192,1562274000,392,204,-188,596,27,-0.8025731208503536,0.42208288862673377
192,1562288400,113,253,140,366,27,1.7451404277594567,-0.1547306761816671
192,1562302800,16,42,26,58,27,0.8596546212304372,-0.9271592760120474
192,1562317200,266,177,-89,443,27,-0.033598604654099855,0.038376473775927955
192,1562331600,439,209,-230,648,27,-1.1288047337820974,0.5524929119747201
192,1562346000,542,315,-227,857,27,-1.1055024757155443,1.0766408904310496
192,1562360400,474,340,-134,814,27,-0.383132475652397,0.9688018326625224
192,1562374800,151,161,10,312,27,0.7353759115421539,-0.2901564696584221
192,1562389200,0,13,13,13,27,0.7586781696087069,-1.0400141039093431
192,1562403600,0,7,7,7,27,0.7120736534756007,-1.0550614142956494
192,1562418000,0,1,1,1,27,0.6654691373424944,-1.0701087246819554
192,1562432400,1,0,-1,1,27,0.649934298631459,-1.0701087246819554
192,1562446800,5,2,-3,7,27,0.6343994599204236,-1.0550614142956494
192,1562461200,2,0,-2,2,27,0.6421668792759413,-1.0676008396175711
192,1562475600,1,4,3,5,27,0.6810039760535298,-1.0600771844244181
192,1562490000,0,0,0,0,27,0.6577017179869767,-1.0726166097463399
192,1562504400,1,1,0,2,27,0.6577017179869767,-1.0676008396175711
192,1562518800,2,1,-1,3,27,0.649934298631459,-1.0650929545531866
192,1562533200,0,1,1,1,27,0.6654691373424944,-1.0701087246819554
192,1562547600,0,1,1,1,27,0.6654691373424944,-1.0701087246819554
192,1562562000,3,3,0,6,27,0.6577017179869767,-1.0575692993600336
192,1562572518,209,90,-119,299,27,-0.26662118531963125,-0.32275897549541865
192,1562576400,390,251,-139,641,27,-0.42196957242998556,0.5349377165240295
192,1562590800,545,272,-273,817,27,-1.4628037660693591,0.9763254878556754
192,1562605200,564,324,-240,888,27,-1.2064789273372745,1.1543853274269644
192,1562619600,561,569,8,1130,27,0.7198410728311184,1.7612935130079774
192,1562634000,131,203,72,334,28,1.0441582582234492,-0.35009828021026623
192,1562648400,12,16,4,28,28,0.6852995355415996,-1.0256933398592665
192,1562662800,647,239,-408,886,28,-1.4889621371778428,0.8686222195487147
192,1562677200,556,364,-192,920,28,-0.34905795924726135,0.9436883372874926
192,1562691600,571,313,-258,884,28,-0.697362013614939,0.8642065655640807
192,1562706000,648,536,-112,1184,28,0.07312877331962066,1.526554663259179
192,1562720400,161,220,59,381,28,0.9755529141813309,-0.24633041157136748
192,1562734800,1,2,1,3,28,0.6694675330703415,-1.0808890146671915
192,1562749200,689,241,-448,930,28,-1.7000555034612836,0.9657666072106624
192,1562763600,604,159,-445,763,28,-1.6842235009900255,0.5970594994937244
192,1562778000,660,152,-508,812,28,-2.016695552886445,0.7052430221172571
192,1562792400,636,617,-19,1253,28,0.563920849928621,1.6788947257290516
192,1562806800,138,281,143,419,28,1.4188489833765572,-0.1624329858633217
192,1562821200,1,2,1,3,28,0.6694675330703415,-1.0808890146671915
192,1562835600,637,257,-380,894,28,-1.341196780779434,0.8862848354872507
192,1562850000,581,197,-384,778,28,-1.362306117407778,0.6301769043784793
192,1562864400,602,208,-394,810,28,-1.4150794589786384,0.7008273681326231
192,1562878800,589,617,28,1206,28,0.8119555553116642,1.5751268570901529
192,1562893200,113,198,85,311,28,1.1127636022655676,-0.4008783010335571
192,1562907600,1,2,1,3,28,0.6694675330703415,-1.0808890146671915
192,1562922000,550,239,-311,789,28,-0.9770607239404984,0.6544630012939663
192,1562936400,624,203,-421,827,28,-1.557567481219961,0.738360427002012
192,1562950800,661,207,-454,868,28,-1.7317195084037997,0.8288813336870088
192,1562965200,669,484,-185,1153,28,-0.3121166201476592,1.4581120264973522
192,1562979600,204,231,27,435,28,0.8066782211545782,-0.1271077539862498
192,1562994000,0,1,1,1,28,0.6694675330703415,-1.0853046686518253
192,1563008400,0,0,0,0,28,0.6641901989132555,-1.0875124956441424
192,1563022800,0,1,1,1,28,0.6694675330703415,-1.0853046686518253
192,1563037200,0,0,0,0,28,0.6641901989132555,-1.0875124956441424
192,1563051600,0,0,0,0,28,0.6641901989132555,-1.0875124956441424
192,1563066000,0,1,1,1,28,0.6694675330703415,-1.0853046686518253
192,1563080400,0,1,1,1,28,0.6694675330703415,-1.0853046686518253
192,1563094800,0,2,2,2,28,0.6747448672274275,-1.0830968416595084
192,1563109200,0,0,0,0,28,0.6641901989132555,-1.0875124956441424
192,1563123600,0,1,1,1,28,0.6694675330703415,-1.0853046686518253
192,1563138000,1,0,-1,1,28,0.6589128647561695,-1.0853046686518253
192,1563152400,0,0,0,0,28,0.6641901989132555,-1.0875124956441424
192,1563166800,3,4,1,7,28,0.6694675330703415,-1.0720577066979233
192,1563181200,590,251,-339,841,28,-1.124826080338907,0.76927000489445
192,1563195600,522,276,-246,798,28,-0.6340340037299067,0.6743334442248192
192,1563210000,617,376,-241,993,28,-0.6076473329444766,1.1048597077266331
192,1563224400,568,599,31,1167,28,0.8277875577829222,1.4890216043897901
192,1563238800,116,203,87,319,29,1.1116769462708451,-0.3881093858808865
192,1563253200,0,2,2,2,29,0.5848124184414962,-1.0845705547779854
192,1563267600,646,258,-388,904,29,-1.8325660033637516,0.8971580709165989
192,1563279750,492,131,-361,623,29,-1.6652090357003113,0.2797902839762683
192,1563282000,118,347,229,465,29,1.991850628056346,-0.06734178127843717
192,1563296400,641,370,-271,1011,29,-1.1073524768221774,1.1322411783992157
192,1563310800,669,629,-40,1298,29,0.3244793576317003,1.7627911956656745
192,1563325200,138,244,106,382,29,1.2294466642562292,-0.24969596745654193
192,1563339600,2,2,0,4,29,0.5724156060219822,-1.0801764780026095
192,1563354000,642,297,-345,939,29,-1.5660345363441988,0.9740544144856792
192,1563368400,597,323,-274,920,29,-1.1259476954514485,0.932310685119607
192,1563382800,601,319,-282,920,29,-1.175534945129505,0.932310685119607
192,1563397200,626,614,-12,1240,29,0.4980347315048976,1.63536296917977
192,1563411600,123,228,105,351,29,1.223248258046472,-0.31780415747487023
192,1563426000,2,1,-1,3,29,0.5662171998122251,-1.0823735163902974
192,1563440400,605,274,-331,879,29,-1.4792568494076002,0.8422321112243987
192,1563454800,591,332,-259,923,29,-1.0329716023050928,0.9389018002826711
192,1563469200,605,348,-257,953,29,-1.0205747898855788,1.0048129519133113
192,1563483600,674,584,-90,1258,29,0.014559047143847982,1.6749096601581541
192,1563498000,162,254,92,416,29,1.1426689773196304,-0.17499666227514962
192,1563512400,1,2,1,3,29,0.5786140122317392,-1.0823735163902974
192,1563526800,584,262,-322,846,29,-1.4234711935197868,0.7697298444306944
192,1563541200,558,300,-258,858,29,-1.026773196095336,0.7960943050829504
192,1563555600,659,348,-311,1007,29,-1.3552887252124592,1.1234530248484638
192,1563570000,469,305,-164,774,29,-0.4441230123781735,0.6115430805171577
192,1563584400,132,160,28,292,29,0.7459709798951795,-0.4474294223484628
192,1563598800,1,3,2,4,29,0.5848124184414962,-1.0801764780026095
192,1563613200,1,3,2,4,29,0.5848124184414962,-1.0801764780026095
192,1563627600,0,0,0,0,29,0.5724156060219822,-1.0889646315533614
192,1563642000,10,3,-7,13,29,0.5290267625536829,-1.0604031325134173
192,1563656400,1,1,0,2,29,0.5724156060219822,-1.0845705547779854
192,1563670800,4,2,-2,6,29,0.5600187936024681,-1.0757824012272335
192,1563685200,0,1,1,1,29,0.5786140122317392,-1.0867675931656735
192,1563699600,0,0,0,0,29,0.5724156060219822,-1.0889646315533614
192,1563714000,0,3,3,3,29,0.5910108246512533,-1.0823735163902974
192,1563728400,0,0,0,0,29,0.5724156060219822,-1.0889646315533614
192,1563742800,2,2,0,4,29,0.5724156060219822,-1.0801764780026095
192,1563757200,0,0,0,0,29,0.5724156060219822,-1.0889646315533614
192,1563771600,4,3,-1,7,29,0.5662171998122251,-1.0735853628395455
192,1563786000,621,272,-349,893,29,-1.590828161183227,0.8729906486520308
192,1563800400,527,306,-221,833,29,-0.7974321663343251,0.7411683453907503
192,1563814800,531,338,-193,869,29,-0.6238767924611278,0.8202617273475186
192,1563829200,487,597,110,1084,29,1.2542402890952573,1.2926249807004404
192,1563843600,123,183,60,306,30,0.9507372427454719,-0.48970703397944626
192,1563858000,13,16,3,29,30,0.6608665143791118,-1.04880925510966
192,1563872400,874,269,-605,1143,30,-2.4310879215287295,1.1997101468363982
192,1563886800,674,320,-354,994,30,-1.1546396264417753,0.8989656307771857
192,1563901200,604,328,-276,932,30,-0.7579744192035982,0.7738236173834195
192,1563915600,878,566,-312,1444,30,-0.9410506686981415,1.8072544376674247
192,1563930000,232,272,40,504,30,0.8490282152485035,-0.0900599589477411
192,1563944400,23,21,-2,44,30,0.6354392575048696,-1.018532961546652
192,1563958800,864,263,-601,1127,30,-2.4107461160293355,1.167415433702523
192,1563973200,989,322,-667,1311,30,-2.7463859067693317,1.5388046347420874
192,1563987600,628,372,-256,1000,30,-0.6562653917066298,0.9110761482023889
192,1564002000,603,613,10,1216,30,0.6964646740030508,1.3470547755097035
192,1564016400,164,267,103,431,30,1.1694116518639541,-0.23740458762104652
192,1564030800,11,27,16,38,30,0.7269773822521413,-1.0306434789718553
192,1564045200,616,288,-328,904,30,-1.0224178906957162,0.7173078693991379
192,1564059600,596,309,-287,905,30,-0.8139143843269309,0.7193262889700052
192,1564074000,608,364,-244,972,30,-0.5952399752084487,0.8545604002181074
192,1564088400,604,566,-38,1170,30,0.45236300801032636,1.2542074752498125
192,1564102800,171,289,118,460,30,1.2456934224866805,-0.1788704200658978
192,1564117200,20,33,13,53,30,0.7117210281275961,-1.0003671854088472
192,1564131600,563,266,-297,829,30,-0.8647688980754151,0.5659264015840981
192,1564146000,581,282,-299,863,30,-0.874939800825112,0.6345526669935828
192,1564160400,681,379,-302,1060,30,-0.8901961549496572,1.0321813224544207
192,1564174800,623,500,-123,1123,30,0.020099641148210418,1.1593417554190542
192,1564189200,200,204,4,404,30,0.6659519657539602,-0.29190191603446086
192,1564203600,1,2,1,3,30,0.6506956116294149,-1.1012881639522072
192,1564218000,0,0,0,0,30,0.6456101602545664,-1.1073434226648087
192,1564232400,2,0,-2,2,30,0.6354392575048696,-1.1033065835230744
192,1564246800,0,0,0,0,30,0.6456101602545664,-1.1073434226648087
192,1564261200,1,7,6,8,30,0.6761228685036571,-1.0911960660978712
192,1564275600,0,0,0,0,30,0.6456101602545664,-1.1073434226648087
192,1564290000,0,3,3,3,30,0.6608665143791118,-1.1012881639522072
192,1564304400,0,2,2,2,30,0.6557810630042634,-1.1033065835230744
192,1564318800,2,3,1,5,30,0.6506956116294149,-1.0972513248104727
192,1564333200,9,3,-6,12,30,0.6150974520054759,-1.0831223878144023
192,1564347600,2,2,0,4,30,0.6456101602545664,-1.09926974438134
192,1564362000,0,1,1,1,30,0.6506956116294149,-1.1053250030939414
192,1564376400,3,4,1,7,30,0.6506956116294149,-1.0932144856687382
192,1564390800,585,248,-337,833,30,-1.068186953069352,0.574000079867567
192,1564405200,493,335,-158,828,30,-0.1578911569714844,0.5639079820132309
192,1564419600,583,338,-245,921,30,-0.6003254265832972,0.7516210021038803
192,1564434000,563,588,25,1151,30,0.7727464446257771,1.2158575034033359
192,1564448400,152,228,76,380,31,1.324592738949362,-0.8273107053056878
192,1564462800,15,25,10,40,31,0.9834160266068008,-1.601264149626439
192,1564477200,611,279,-332,890,31,-0.7844996646228347,0.333619461175439
192,1564491600,553,276,-277,829,31,-0.5001857376707003,0.19476310792965715
192,1564506000,572,328,-244,900,31,-0.3295973814994197,0.35638279777310816
192,1564520400,597,603,6,1200,31,0.962738650101191,1.0392828957031828
192,1564534800,150,262,112,412,31,1.51068912749985,-0.7544680281931465
192,1564549200,11,18,7,29,31,0.9679079942275934,-1.626303819883875
192,1564563600,629,277,-352,906,31,-0.8878865471508836,0.3700407997317096
192,1564578000,733,308,-425,1041,31,-1.2652486683782618,0.6773458438002432
192,1564584530,1,16,15,17,31,1.009262747238813,-1.6536198238010782
192,1564592400,736,350,-386,1086,31,-1.0636442474485666,0.7797808584897544
192,1564606800,785,631,-154,1416,31,0.13564358987680014,1.5309709662128363
192,1564621200,197,251,54,448,31,1.2108671681685084,-0.6725200164415376
192,1564635600,16,18,2,34,31,0.9420612735955812,-1.6149221515850405
192,1564650000,782,267,-515,1049,31,-1.7304896397544818,0.6955565130783785
192,1564664400,737,347,-390,1084,31,-1.0843216239541764,0.7752281911702206
192,1564678800,827,318,-509,1145,31,-1.699473574996067,0.9140845444160024
192,1564693200,815,575,-240,1390,31,-0.30892000499380995,1.4717862910588966
192,1564707600,238,271,33,509,31,1.102310941514057,-0.5336636631957558
192,1564722000,15,35,20,50,31,1.0351094678708253,-1.5785008130287699
192,1564736400,551,246,-305,797,31,-0.6449273732099687,0.12192043081711586
192,1564750800,560,306,-254,866,31,-0.3812908227634441,0.27898745334103303
192,1564765200,641,365,-276,1006,31,-0.4950163935442979,0.5976741657084012
192,1564779600,622,440,-182,1062,31,-0.009098045662468253,0.7251488506553484
192,1565398800,4536,8802,4266,13338,32,4.088716377585194,4.103060421325812
192,1565413200,31,58,27,89,32,-0.10030325373411411,-0.3732409707272458
192,1565427600,125,84,-41,209,32,-0.1675014926889886,-0.33269782278805293
192,1565442000,437,149,-288,586,32,-0.4115892135986062,-0.2053247663457552
192,1565456400,492,203,-289,695,32,-0.4125774229950014,-0.16849807363432162
192,1565470800,356,223,-133,579,32,-0.2584167571573482,-0.20768978330887478
192,1565485200,152,210,58,362,32,-0.06966876244586251,-0.281005309165582
192,1565499600,22,34,12,56,32,-0.11512639468004231,-0.3843903364105239
192,1565514000,95,53,-42,148,32,-0.1684897020853838,-0.3533072563238093
192,1565528400,362,139,-223,501,32,-0.34735560283291733,-0.23404282946935018
192,1565542800,459,203,-256,662,32,-0.3799665129139594,-0.1796474393175997
192,1565557200,311,256,-55,567,32,-0.1813364242385216,-0.21174409810279407
192,1565571600,97,160,63,257,32,-0.06472771546388645,-0.31648056361237575
192,1565586000,18,22,4,40,32,-0.12303206985120402,-0.38979608946908295
192,1565600400,447,207,-240,654,32,-0.364155162571636,-0.18235031584687922
192,1565614800,509,265,-244,774,32,-0.36810800015721684,-0.1418071679076863
192,1565629200,599,284,-315,883,32,-0.43827086730127696,-0.10498047519625274
192,1565643600,539,548,9,1087,32,-0.11809102286922794,-0.03605712369962479
192,1565658000,130,207,77,337,33,1.256996224415431,-0.3019981804877626
192,1565672400,21,24,3,45,33,0.7077562039622946,-1.0025288567695707
192,1565686800,467,212,-255,679,33,-1.2071617051851269,0.5184863787190127
192,1565701200,558,285,-273,843,33,-1.3407606290791332,0.911935114712905
192,1565715600,572,322,-250,894,33,-1.1700508929923474,1.0342880752963715
192,1565730000,550,522,-28,1072,33,0.4776691683670617,1.4613238985092545
192,1565744400,146,219,73,365,33,1.2273075746612072,-0.234824006049781
192,1565758800,19,20,1,39,33,0.6929118790851827,-1.0169233227205667
192,1565773200,478,246,-232,724,33,-1.0364519690983414,0.6264448733514831
192,1565787600,582,297,-285,879,33,-1.4298265783418038,0.9983019104188813
192,1565802000,630,344,-286,974,33,-1.4372487407803598,1.226214287976319
192,1565816400,575,537,-38,1112,33,0.40344754398150273,1.5572870048492282
192,1565830800,162,247,85,409,33,1.316373523923878,-0.1292645890758099
192,1565845200,18,16,-2,34,33,0.670645391769515,-1.0289187110130635
192,1565859600,449,241,-208,690,33,-0.8583200705729997,0.5448762329625055
192,1565874000,539,279,-260,818,33,-1.2442725173779063,0.8519581732504214
192,1565888400,648,328,-320,976,33,-1.6896022636912602,1.2310124432933176
192,1565902800,628,490,-138,1118,33,-0.338768699874087,1.5716814708002242
192,1565917200,163,258,95,421,33,1.390595148309437,-0.10047565717381779
192,1565931600,20,21,1,41,33,0.6929118790851827,-1.012125167403568
192,1565946000,424,174,-250,598,33,-1.1700508929923474,0.32416108838056595
192,1565960400,572,282,-290,854,33,-1.4669373905345833,0.9383249689563977
192,1565974800,668,321,-347,989,33,-1.8900006495322694,1.262200452853809
192,1565989200,549,407,-142,956,33,-0.36845734962831056,1.1830308901233306
192,1566003600,124,221,97,345,33,1.405439473186549,-0.28280555921976785
192,1566018000,1,0,-1,1,33,0.678067554208071,-1.1080882737435418
192,1566032400,0,2,2,2,33,0.7003340415237386,-1.1056891960850426
192,1566046800,1,2,1,3,33,0.6929118790851827,-1.1032901184265431
192,1566061200,0,0,0,0,33,0.6854897166466268,-1.1104873514020412
192,1566075600,0,0,0,0,33,0.6854897166466268,-1.1104873514020412
192,1566090000,0,0,0,0,33,0.6854897166466268,-1.1104873514020412
192,1566104400,0,0,0,0,33,0.6854897166466268,-1.1104873514020412
192,1566118800,0,0,0,0,33,0.6854897166466268,-1.1104873514020412
192,1566133200,0,0,0,0,33,0.6854897166466268,-1.1104873514020412
192,1566147600,0,0,0,0,33,0.6854897166466268,-1.1104873514020412
192,1566162000,1,1,0,2,33,0.6854897166466268,-1.1056891960850426
192,1566176400,0,1,1,1,33,0.6929118790851827,-1.1080882737435418
192,1566190800,5,1,-4,6,33,0.6558010668924033,-1.0960928854510452
192,1566205200,421,219,-202,640,33,-0.8137870959416644,0.4249223500375383
192,1566219600,492,278,-214,770,33,-0.9028530452043352,0.7368024456424529
192,1566234000,515,285,-230,800,33,-1.0216076442212296,0.8087747753974333
192,1566248400,532,472,-60,1004,33,0.240159970333273,1.2981866177312993
192,1566262800,124,199,75,323,34,1.2978289431520247,-0.30841192735390865
192,1566277200,14,16,2,30,34,0.686123556571839,-1.021415342348686
192,1566291600,454,211,-243,665,34,-1.3668602751013867,0.5238309665990396
192,1566306000,530,282,-248,812,34,-1.4087579043192076,0.8815494034735525
192,1566320400,574,315,-259,889,34,-1.5009326885984138,1.0689257275506783
192,1566334800,563,533,-30,1096,34,0.41797872957778504,1.5726516896800946
192,1566349200,141,204,63,345,34,1.1972746330292543,-0.2548758347604441
192,1566363600,13,27,14,40,34,0.7866778666946093,-0.9970807548062022
192,1566378000,451,221,-230,672,34,-1.2579264391350522,0.5408651778787784
192,1566392400,507,301,-206,808,34,-1.0568178188895119,0.8718155684565589
192,1566406800,577,339,-238,916,34,-1.3249626458835657,1.1346291139153848
192,1566421200,533,477,-56,1010,34,0.20011105764511616,1.3633742368147332
192,1566435600,152,196,44,348,34,1.0380636420015348,-0.247575458497699
192,1566450000,11,16,5,27,34,0.7112621341025316,-1.028715718611431
192,1566464400,442,225,-217,667,34,-1.1489926031687179,0.5286978841075364
192,1566478800,527,282,-245,809,34,-1.383619326788515,0.8742490272108073
192,1566493200,571,325,-246,896,34,-1.3919988526320792,1.085959938830417
192,1566507600,580,534,-46,1114,34,0.283906316080758,1.6164539472565655
192,1566522000,140,219,79,359,34,1.3313470465262813,-0.22080741220096672
192,1566536400,16,22,6,38,34,0.7196416599460957,-1.001947672314699
192,1566550800,398,213,-185,611,34,-0.8808477761746639,0.39242419386962674
192,1566565200,479,271,-208,750,34,-1.0735768705766402,0.7306749607101526
192,1566579600,650,342,-308,992,34,-1.9115294549330588,1.3195719792382623
192,1566594000,564,429,-135,993,34,-0.46187148399645456,1.3220054379925106
192,1566608400,124,185,61,309,34,1.180515581342126,-0.34248034991338605
192,1566622800,0,4,4,4,34,0.7028826082589673,-1.084685269959144
192,1566637200,0,1,1,1,34,0.6777440307282748,-1.0919856462218893
192,1566651600,0,0,0,0,34,0.6693645048847106,-1.0944191049761376
192,1566666000,0,0,0,0,34,0.6693645048847106,-1.0944191049761376
192,1566680400,0,0,0,0,34,0.6693645048847106,-1.0944191049761376
192,1566694800,0,1,1,1,34,0.6777440307282748,-1.0919856462218893
192,1566709200,0,1,1,1,34,0.6777440307282748,-1.0919856462218893
192,1566723600,1,0,-1,1,34,0.6609849790411464,-1.0919856462218893
192,1566738000,0,1,1,1,34,0.6777440307282748,-1.0919856462218893
192,1566752400,2,2,0,4,34,0.6693645048847106,-1.084685269959144
192,1566766800,0,1,1,1,34,0.6777440307282748,-1.0919856462218893
192,1566781200,0,4,4,4,34,0.7028826082589673,-1.084685269959144
192,1566795600,3,5,2,8,34,0.686123556571839,-1.0749514349421505
192,1566810000,387,224,-163,611,34,-0.6964982076162518,0.39242419386962674
192,1566824400,487,327,-160,814,34,-0.6713596300855592,0.8864163209820493
192,1566838800,566,269,-297,835,34,-1.8193546706538528,0.9375189548212655
192,1566853200,541,543,2,1084,34,0.686123556571839,1.543450184629114
192,1566867600,42,65,23,107,35,1.207108957433494,-1.1685751255240144
192,1566882000,0,2,2,2,35,1.0410914772438258,-1.4541304146890228
192,1566896400,409,222,-187,631,35,-0.4530658444631871,0.256481746118503
192,1566910800,526,276,-250,802,35,-0.9511182850321914,0.7215289313300879
192,1566925200,585,305,-280,890,35,-1.1882861138745744,0.9608514593921901
192,1566939600,582,503,-79,1085,35,0.4007383393693917,1.4911684249843482
192,1566954000,58,54,-4,112,35,0.9936579114753492,-1.154977254611395
192,1566968400,0,5,5,5,35,1.0648082601280642,-1.4459716921414512
192,1566982800,478,252,-226,730,35,-0.761384021958285,0.525719590188368
192,1566997200,576,305,-271,881,35,-1.1171357652218594,0.9363752917494751
192,1567011600,606,366,-240,972,35,-0.8720623420847304,1.183856542359149
192,1567026000,627,491,-136,1118,35,-0.049880535431136,1.5809143730076367
192,1567040400,61,70,9,131,35,1.0964306373070485,-1.1033053451434411
192,1567054800,0,2,2,2,35,1.0410914772438258,-1.4541304146890228
192,1567069200,427,218,-209,645,35,-0.6269889189476013,0.2945557846738375
192,1567083600,565,334,-231,899,35,-0.8009119934320155,0.9853276270349051
192,1567098000,594,336,-258,930,35,-1.0143630393901601,1.0696344266931457
192,1567112400,675,481,-194,1156,35,-0.5084050045264098,1.6842581919435444
192,1567126800,55,55,0,110,35,1.0252802886543335,-1.1604164029764428
192,1567141200,0,5,5,5,35,1.0648082601280642,-1.4459716921414512
192,1567155600,349,213,-136,562,35,-0.049880535431136,0.06883112752435472
192,1567170000,587,262,-325,849,35,-1.5440378571381488,0.8493489179087107
192,1567184400,740,372,-368,1112,35,-1.8839784118122311,1.5645969279124934
192,1567198800,581,376,-205,957,35,-0.5953665417686169,1.1430629296212906
192,1567213200,183,218,35,401,35,1.301976088970447,-0.3690203158619913
192,1567227600,27,41,14,68,35,1.135958608780779,-1.274638518642446
192,1567242000,114,75,-39,189,35,0.7169621111592357,-0.9455700425570556
192,1567256400,454,165,-289,619,35,-1.2594364625272894,0.22384685592821635
192,1567270800,520,246,-274,766,35,-1.1408525481060978,0.6236242607592279
192,1567285200,411,250,-161,661,35,-0.2475203927997885,0.33806897159421967
192,1567299600,168,209,41,377,35,1.3494096547389236,-0.4342900962425646
192,1567314000,23,45,22,68,35,1.1992033631387478,-1.274638518642446
192,1567328400,101,64,-37,165,35,0.7327732997487278,-1.010839822937629
192,1567342800,468,158,-310,626,35,-1.4254539427169575,0.24288387520588356
192,1567357200,528,239,-289,767,35,-1.2594364625272894,0.6263438349417518
192,1567371600,398,267,-131,665,35,-0.0103525639574055,0.3489472683243152
192,1567386000,156,186,30,342,35,1.2624481174967166,-0.5294751926309007
192,1567400400,25,30,5,55,35,1.0648082601280642,-1.3099929830152566
192,1567414800,82,78,-4,160,35,0.9936579114753492,-1.0244376938502484
192,1567429200,391,168,-223,559,35,-0.7376672390740467,0.060672404976783056
192,1567443600,481,257,-224,738,35,-0.7455728333687928,0.5474761836485591
192,1567458000,341,281,-60,622,35,0.5509446309695676,0.232005578475788
192,1567472400,113,148,35,261,36,1.0611269816144484,-1.056516668096773
192,1567486800,16,11,-5,27,36,0.8266546247668524,-1.632255277137809
192,1567501200,441,270,-171,711,36,-0.14640565615067166,0.05067296467445011
192,1567515600,530,298,-232,828,36,-0.5039760003432557,0.3385422691949681
192,1567530000,620,381,-239,1001,36,-0.5450086627915851,0.7641951724603494
192,1567544400,670,560,-110,1230,36,0.21116468804191244,1.327631674470594
192,1567558800,197,203,6,400,36,0.8911345228999412,-0.7145180926407729
192,1567573200,14,27,13,41,36,0.9321671853482706,-1.5978093774515931
192,1567587600,497,286,-211,783,36,-0.3808780129982678,0.2278233059178458
192,1567602000,610,330,-280,940,36,-0.7853428285603712,0.6141094666846948
192,1567616400,628,355,-273,983,36,-0.7443101661120418,0.7199075871495005
192,1567630800,628,568,-60,1196,36,0.5042551341014077,1.2439773466612127
192,1567645200,187,190,3,377,36,0.8735490961363716,-0.7711077849824133
192,1567659600,21,19,-2,40,36,0.844240051530422,-1.6002697988577514
192,1567674000,647,322,-325,969,36,-1.0491242300139167,0.6854616874632847
192,1567688400,579,304,-275,883,36,-0.7560337839544217,0.4738654465336732
192,1567702800,727,440,-287,1167,36,-0.8263754910087004,1.1726251258826228
192,1567717200,723,564,-159,1287,36,-0.07606394909639283,1.4678756946216156
192,1567731600,204,253,49,457,36,1.1431923065111071,-0.5742740724897514
192,1567746000,27,25,-2,52,36,0.844240051530422,-1.5707447419838523
192,1567760400,603,316,-287,919,36,-0.8263754910087004,0.562440617155371
192,1567774800,640,319,-321,959,36,-1.0256769943291573,0.660857473401702
192,1567789200,818,429,-389,1247,36,-1.4242800009700707,1.3694588383752848
192,1567803600,715,174,-541,889,36,-2.315274956990936,0.4886279749706228
192,1567818000,399,769,370,1168,36,3.0248329702130663,1.1750855472887811
192,1567832400,23,47,24,70,36,0.9966470834813596,-1.5264571566730032
192,1567846800,122,86,-36,208,36,0.6449385482099653,-1.1869190026231615
192,1567861200,523,192,-331,715,36,-1.0842950835410563,0.0605146502990832
192,1567875600,650,319,-331,969,36,-1.0842950835410563,0.6854616874632847
192,1567890000,572,285,-287,857,36,-0.8263754910087004,0.40989448997355804
192,1567904400,274,246,-28,520,36,0.6918330195794845,-0.4192675239017801
192,1567918800,25,63,38,88,36,1.0787124083780182,-1.4821695713621543
192,1567933200,95,54,-41,149,36,0.6156295036040158,-1.3320838655864997
192,1567947600,504,173,-331,677,36,-1.0842950835410563,-0.0329813631349312
192,1567962000,515,277,-238,792,36,-0.5391468538703952,0.24996709857327026
192,1567976400,361,304,-57,665,36,0.5218405608649773,-0.06250642000883048
192,1567990800,118,156,38,274,36,1.0787124083780182,-1.0245311898167155
192,1568005200,18,15,-3,33,36,0.8383782426092321,-1.6174927487008595
192,1568019600,639,326,-313,965,36,-0.978782522959638,0.6756200018386516
192,1568034000,525,316,-209,841,36,-0.369154395155888,0.37052774747502565
192,1568048400,713,424,-289,1137,36,-0.8380991088510803,1.0988124836978745
192,1568062800,634,588,-46,1222,36,0.5863204589980663,1.307948303221328
192,1568077200,189,210,21,399,37,1.1528297664385496,-0.7469242457105308
192,1568091600,12,15,3,27,37,1.0338320461453296,-1.5954006463926114
192,1568106000,651,324,-327,975,37,-1.1477928258970378,0.566845665023013
192,1568120400,558,327,-231,885,37,-0.5131383176665308,0.3615691164708968
192,1568134800,729,405,-324,1134,37,-1.1279598725148345,0.9295009007984184
192,1568149200,696,629,-67,1325,37,0.5710631338939184,1.3651433538367983
192,1568163600,195,234,39,429,37,1.2718274867317698,-0.6784987295264922
192,1568178000,15,17,2,32,37,1.0272210616845951,-1.5839963936952715
192,1568192400,692,328,-364,1020,37,-1.3923992509442122,0.6694839392990711
192,1568206800,544,274,-270,818,37,-0.7709667116351743,0.20875213032654358
192,1568221200,703,435,-268,1138,37,-0.7577447427137054,0.9386243029562902
192,1568235600,744,634,-110,1378,37,0.2867908020823372,1.4860284324286002
192,1568250000,191,218,27,409,37,1.1924956732029564,-0.7241157403158514
192,1568264400,20,29,9,49,37,1.0734979529097364,-1.5452219345243163
192,1568278800,681,316,-365,997,37,-1.3990102354049467,0.6170243768913081
192,1568293200,582,335,-247,917,37,-0.618914069038282,0.4345563337338714
192,1568307600,719,433,-286,1152,37,-0.8767424630069255,0.9705562105088417
192,1568322000,808,645,-163,1453,37,-0.0635913743365885,1.657092222888697
192,1568336400,188,231,43,419,37,1.2982714245747076,-0.7013072349211718
192,1568350800,20,26,6,46,37,1.0536649995275331,-1.5520644861427202
192,1568365200,660,355,-305,1015,37,-1.0023511677608798,0.6580796866017313
192,1568379600,606,322,-284,928,37,-0.8635204940854566,0.459645689668019
192,1568394000,856,417,-439,1273,37,-1.8882230854992956,1.2465391257844645
192,1568408400,848,527,-321,1375,37,-1.108126919132631,1.4791858808101963
192,1568422800,261,297,36,558,37,1.2519945333495663,-0.3842690099351255
192,1568437200,24,46,22,70,37,1.1594407508992841,-1.497324073195489
192,1568451600,122,92,-30,214,37,0.8156695589410929,-1.1688815955121032
192,1568466000,534,241,-293,775,37,-0.9230193542320666,0.11067555712942138
192,1568480400,619,300,-319,919,37,-1.0949049502111623,0.43911803481280737
192,1568494800,572,304,-268,876,37,-0.7577447427137054,0.34104146161568516
192,1568509200,220,248,28,468,37,1.1991066576636908,-0.5895455584872418
192,1568523600,31,46,15,77,37,1.113163859674143,-1.4813581194192134
192,1568538000,102,42,-60,144,37,0.6173400251190595,-1.3285411332748602
192,1568552400,479,251,-228,730,37,-0.49330536428432753,0.008037282853363269
192,1568566800,557,303,-254,860,37,-0.6651909602634232,0.30454785298419784
192,1568581200,390,306,-84,696,37,0.4586763980614328,-0.06951163548854732
192,1568595600,132,169,37,301,37,1.2586055178103008,-0.9704475985783908
192,1568610000,14,12,-2,26,37,1.0007771238416574,-1.5976814969320794
192,1568624400,665,334,-331,999,37,-1.1742367637399755,0.621586077970244
192,1568638800,487,328,-159,815,37,-0.03714743649365071,0.20190957870813972
192,1568653200,723,431,-292,1154,37,-0.9164083697713321,0.9751179115877775
192,1568667600,638,599,-39,1237,37,0.756170698794483,1.1644285063636182
192,1568682000,192,194,2,386,38,0.9677183370813014,-0.804550749045281
192,1568696400,15,22,7,37,38,0.9988346823250731,-1.6177000891477238
192,1568710800,691,333,-358,1024,38,-1.2726585204702645,0.6819514830044567
192,1568725200,553,344,-209,897,38,-0.34539143220586643,0.3860490010760607
192,1568739600,671,451,-220,1122,38,-0.4138473917421643,0.9102856816578647
192,1568754000,722,647,-75,1369,38,0.48852662032721644,1.4857810598965564
192,1568768400,199,228,29,427,38,1.135746601397669,-0.7090231761392634
192,1568782800,11,15,4,26,38,0.9801648751788101,-1.6433294379761676
192,1568797200,713,332,-381,1045,38,-1.4157937085916146,0.7308802398587585
192,1568811600,559,308,-251,867,38,-0.6067687322535491,0.3161507769984868
192,1568826000,721,404,-317,1125,38,-1.017504489471336,0.9172755040656222
192,1568840400,721,588,-133,1309,38,0.12757701549946418,1.3459846117414085
192,1568854800,179,249,70,428,38,1.3909006323965971,-0.7066932353366776
192,1568869200,15,13,-2,28,38,0.9428252608862839,-1.6386695563709959
192,1568883600,669,329,-340,998,38,-1.1606396775926862,0.6213730221372261
192,1568898000,573,292,-281,865,38,-0.7934668037161796,0.3114908953933152
192,1568912400,705,417,-288,1122,38,-0.8370296870574601,0.9102856816578647
192,1568926800,761,616,-145,1377,38,0.05289778691441197,1.5044205863172426
192,1568941200,255,287,32,542,38,1.154416408543932,-0.44107998384189684
192,1568955600,18,33,15,51,38,1.048620834715108,-1.5850809179115226
192,1568970000,664,314,-350,978,38,-1.2228723680802298,0.5747742060855101
192,1568984400,724,313,-411,1037,38,-1.602491780054245,0.7122407134380722
192,1568998800,820,425,-395,1245,38,-1.5029194752741755,1.1968684003759176
192,1569013200,836,602,-234,1438,38,-0.5009731584247251,1.6465469752749762
192,1569027600,251,304,53,555,38,1.2851050585677732,-0.4107907534082815
192,1569042000,29,48,19,77,38,1.0735139109101253,-1.524502457044292
192,1569056400,142,95,-47,237,38,0.6627781536923383,-1.1517119286305646
192,1569070800,546,202,-344,748,38,-1.1855327537877036,0.03888782149077711
192,1569085200,616,289,-327,905,38,-1.0797371799588797,0.40468852749674705
192,1569099600,542,335,-207,877,38,-0.3329448941083577,0.33945018502434476
192,1569114000,221,105,-116,326,38,0.2333725893282881,-0.9443471972004287
192,1569128400,152,311,159,463,38,1.9447715777357344,-0.6251453072461747
192,1569142800,90,59,-31,149,38,0.7623504584724078,-1.3567467192581146
192,1569157200,426,185,-241,611,38,-0.5445360417660056,-0.2803140684634769
192,1569171600,544,318,-226,862,38,-0.45118700603469036,0.30450107298555784
192,1569186000,323,290,-33,613,38,0.7499039203748992,-0.27565418685830534
192,1569200400,120,164,44,284,38,1.229095637128984,-1.0422047109090322
192,1569214800,21,15,-6,36,38,0.9179321846912666,-1.6200300299503096
192,1569229200,672,302,-370,974,38,-1.3473377490553167,0.565454442875167
192,1569243600,516,314,-202,830,38,-0.301828548864586,0.22994296730281238
192,1569258000,730,397,-333,1127,38,-1.1170767942514057,0.9219353856707937
192,1569272400,653,645,-8,1298,38,0.9054856465937579,1.320355262912965
192,1569286800,193,218,25,411,39,1.1297990648132872,-0.7070533734303294
192,1569301200,13,14,1,27,39,0.9748762709985961,-1.5963426822258022
192,1569315600,655,327,-328,982,39,-1.1488570275444594,0.6153013018879391
192,1569330000,564,308,-256,872,39,-0.6840886461003866,0.36055696863923586
192,1569344400,779,453,-326,1232,39,-1.1359467947265685,1.1942656956349917
192,1569358800,730,658,-72,1388,39,0.5036527731455777,1.5555394773331526
192,1569373200,198,239,41,437,39,1.2330809273564145,-0.6468410764806358
192,1569387600,13,13,0,26,39,0.9684211545896506,-1.5986585398007904
192,1569402000,720,322,-398,1042,39,-1.6007151761706415,0.7542527563872317
192,1569416400,586,354,-232,940,39,-0.5291658522856956,0.5180352837384342
192,1569430800,741,468,-273,1209,39,-0.7938256250524593,1.141000971410263
192,1569445200,719,618,-101,1337,39,0.31645439728615943,1.437430741008754
192,1569459600,203,240,37,443,39,1.2072604617206326,-0.6329459310307066
192,1569474000,19,16,-3,35,39,0.9490558053628143,-1.5778158216258966
192,1569488400,686,343,-343,1029,39,-1.2456837736786412,0.7241466079123849
192,1569502800,589,334,-255,923,39,-0.6776335296914411,0.47866570496363464
192,1569517200,759,460,-299,1219,39,-0.9616586516850412,1.1641595471601451
192,1569531600,733,492,-241,1225,39,-0.5872618999662047,1.1780546926100743
192,1569546000,204,271,67,475,39,1.4009139539889963,-0.5588384886310839
192,1569560400,20,27,7,47,39,1.013606969452269,-1.550025530726038
192,1569574800,648,328,-320,976,39,-1.0972160962728958,0.6014061564380098
192,1569589200,656,327,-329,983,39,-1.1553121439534049,0.6176171594629273
192,1569603600,855,435,-420,1290,39,-1.7427277371674417,1.328585434984308
192,1569618000,868,600,-268,1468,39,-0.761550043007732,1.7408080833322095
192,1569632400,282,303,21,585,39,1.1039785991775053,-0.30409415538238066
192,1569646800,28,45,17,73,39,1.0781581335417234,-1.4898132337763446
192,1569661200,139,94,-45,233,39,0.6779409161871051,-1.119276021778231
192,1569675600,535,195,-340,730,39,-1.226318424451805,0.03170519299090993
192,1569690000,640,294,-346,934,39,-1.2650491229054777,0.5041401382885049
192,1569704400,611,317,-294,928,39,-0.9293830696403139,0.4902449928385757
192,1569718800,197,261,64,458,39,1.38154860476216,-0.5982080674058834
192,1569733200,29,58,29,87,39,1.1556195304490688,-1.4573912277265095
192,1569747600,110,54,-56,164,39,0.606934635688705,-1.2790701944524174
192,1569762000,468,178,-290,646,39,-0.903562604004532,-0.1628268433080998
192,1569776400,464,330,-134,794,39,0.10343555579095932,0.17992007779015542
192,1569790800,353,305,-48,658,39,0.6585755669602686,-0.13503655240824125
192,1569805200,131,171,40,302,39,1.226625810947469,-0.9594818491040443
192,1569819600,18,15,-3,33,39,0.9490558053628143,-1.582447536775873
192,1569834000,421,222,-199,643,39,-0.31614701079049545,-0.16977441603306442
192,1569848400,486,293,-193,779,39,-0.2774163123368227,0.14518221416533225
192,1569862800,575,332,-243,907,39,-0.6001721327840955,0.44161198376382327
192,1569877200,555,560,5,1115,39,1.000696736634378,0.9233103593613711
192,1569891600,183,192,9,375,40,0.5595610408210865,-0.6656407691183849
192,1569906000,11,27,16,38,40,0.5980881944513908,-1.4321132264972998
192,1569920400,514,300,-214,814,40,-0.6678039962586081,0.3328203845591926
192,1569934800,547,270,-277,817,40,-1.0145483789313468,0.33964358150915325
192,1569949200,707,391,-316,1098,40,-1.2291996634430424,0.9787496958221357
192,1569963600,670,585,-85,1255,40,0.04219640635699999,1.3358303362034105
192,1569978000,170,207,37,377,40,0.7136696553423039,-0.6610919711517445
192,1569992400,13,19,6,32,40,0.5430494035509561,-1.4457596203972212
192,1570006800,667,298,-369,965,40,-1.5209052552153464,0.6762546310405461
192,1570021200,638,305,-333,943,40,-1.3227656079737813,0.6262178534075012
192,1570035600,693,476,-217,1169,40,-0.6843156335287385,1.1402320236378714
192,1570050000,695,627,-68,1322,40,0.13576235088773905,1.4882150680858655
192,1570064400,182,235,53,417,40,0.8017317207829994,-0.5701160118189356
192,1570078800,19,15,-4,34,40,0.48801061265052137,-1.4412108224305806
192,1570093200,643,302,-341,945,40,-1.3667966406941292,0.6307666513741417
192,1570107600,579,314,-265,893,40,-0.9485018298508252,0.5124979042414901
192,1570122000,734,411,-323,1145,40,-1.2677268170733467,1.085646448038186
192,1570136400,772,674,-98,1446,40,-0.029354021813565168,1.7702405420175729
192,1570150800,229,289,60,518,40,0.8402588744133037,-0.34040171450359313
192,1570165200,20,15,-5,35,40,0.48250673356047785,-1.4389364234472604
192,1570179600,636,297,-339,933,40,-1.3557888825140423,0.603473863574299
192,1570194000,639,364,-275,1003,40,-1.0035406207512598,0.7626817924067145
192,1570208400,879,426,-453,1305,40,-1.9832310987789983,1.4495502853694215
192,1570222800,852,552,-300,1404,40,-1.1411375980023468,1.6747157847181235
192,1570237200,232,303,71,535,40,0.9008015444037819,-0.3017369317871494
192,1570251600,39,54,15,93,40,0.5925843153613474,-1.3070212824146876
192,1570266000,60,136,76,196,40,0.9283209398539993,-1.0727581871327045
192,1570280400,146,246,100,392,40,1.0604140380150426,-0.6269759864019411
192,1570294800,268,303,35,571,40,0.7026618971622168,-0.21985856838762138
192,1570309200,212,334,122,546,40,1.181499377995999,-0.2767185429706269
192,1570323600,109,273,164,382,40,1.412662299777825,-0.6497199762351433
192,1570338000,22,58,36,80,40,0.7081657762522604,-1.3365884691978505
192,1570352400,31,84,53,115,40,0.8017317207829994,-1.2569845047816426
192,1570366800,96,238,142,334,40,1.2915769597968685,-0.758891127434514
192,1570381200,180,345,165,525,40,1.4181661788678686,-0.3244809216203516
192,1570395600,193,332,139,525,40,1.275065322526738,-0.3244809216203516
192,1570410000,86,173,87,259,40,0.9888636098444775,-0.9294710511835307
192,1570424400,18,20,2,38,40,0.5210338871907821,-1.4321132264972998
192,1570438800,644,307,-337,951,40,-1.3447811243339554,0.644413045274063
192,1570453200,564,306,-258,870,40,-0.9099746762205209,0.460186727625125
192,1570467600,741,438,-303,1179,40,-1.1576492352724772,1.1629760134710736
192,1570482000,634,534,-100,1168,40,-0.04036177999365211,1.137957624654551
192,1570496400,166,240,74,406,41,1.487260203602799,-0.6781225410091498
192,1570510800,15,20,5,35,41,1.0028182490067654,-1.5914690216042375
192,1570525200,676,314,-362,990,41,-1.573851277612718,0.7595980645637109
192,1570539600,545,322,-223,867,41,-0.5979464705279545,0.45679047126668715
192,1570554000,732,467,-265,1199,41,-0.8928241820211924,1.2741247881334503
192,1570568400,667,540,-127,1207,41,0.07605972717087492,1.293819590949517
192,1570582800,185,236,51,421,41,1.3257795520707878,-0.6411947857290249
192,1570597200,18,22,4,40,41,0.9957973511140692,-1.579159769844196
192,1570611600,442,219,-223,661,41,-0.5979464705279545,-0.050350701247027396
192,1570626000,522,336,-186,858,41,-0.33817324849819735,0.43463381809861223
192,1570640400,586,362,-224,948,41,-0.6049673684206507,0.6562003497793614
192,1570654800,683,504,-179,1187,41,-0.28902696324932436,1.2445825839093505
192,1570669200,201,241,40,442,41,1.2485496752511303,-0.5894959283368502
192,1570683600,16,18,2,34,41,0.981755555328677,-1.593930871956246
192,1570698000,651,358,-293,1009,41,-1.0894093230166844,0.806373221251869
192,1570712400,567,390,-177,957,41,-0.2749851674639321,0.6783570029474363
192,1570726800,778,423,-355,1201,41,-1.524704992363845,1.2790484888374671
192,1570741200,785,628,-157,1413,41,-0.1345672096100093,1.8009607634632316
192,1570755600,227,305,78,532,41,1.5153437951735835,-0.3679293966561011
192,1570770000,25,25,0,50,41,0.9677137595432846,-1.5545412663241127
192,1570784400,632,311,-321,943,41,-1.2859944640121763,0.6438910980193197
192,1570798800,651,303,-348,954,41,-1.475558707114972,0.6709714518914113
192,1570813200,825,435,-390,1260,41,-1.7704364186082098,1.4242976596059582
192,1570827600,780,537,-243,1317,41,-0.7383644283818773,1.5646231296704325
192,1570842000,279,297,18,576,41,1.0940899216118152,-0.25960798116773487
192,1570856400,29,41,12,70,41,1.0519645342556383,-1.5053042592839463
192,1570870800,133,83,-50,216,41,0.6166688649084777,-1.145874107890731
192,1570885200,510,195,-315,705,41,-1.2438690766559994,0.05797071424133882
192,1570899600,629,306,-323,935,41,-1.3000362597975685,0.6241962952032531
192,1570914000,534,338,-196,872,41,-0.40838222742515873,0.46909972302672875
192,1570928400,220,277,57,497,41,1.3679049394269647,-0.4540941589763924
192,1570942800,42,56,14,98,41,1.0660063300410307,-1.4363724494277132
192,1570957200,87,60,-27,147,41,0.7781495164404889,-1.3157417821793054
192,1570971600,438,178,-260,616,41,-0.8577196925577117,-0.16113396708740194
192,1570986000,500,288,-212,788,41,-0.5207165937082969,0.26230429345802964
192,1571000400,360,267,-93,627,41,0.3147702555225437,-0.13405361321531037
192,1571014800,118,181,63,299,41,1.4100303267831416,-0.9415405286740404
192,1571029200,19,18,-1,37,41,0.9606928616505885,-1.586545320900221
192,1571043600,315,185,-130,500,41,0.05499703349278649,-0.44670860792036743
192,1571058000,486,296,-190,782,41,-0.3662568400689819,0.2475331913459797
192,1571072400,565,315,-250,880,41,-0.7875107136307503,0.48879452584279537
192,1571086800,566,479,-87,1045,41,0.3568956428787205,0.8949998339241687
192,1571101200,161,157,-4,318,42,0.9416173776069721,-0.9244691963257913
192,1571115600,19,15,-4,34,42,0.9416173776069721,-1.5752256775163511
192,1571130000,584,294,-290,878,42,-0.9147272703193282,0.3587125975710875
192,1571144400,516,294,-222,810,42,-0.47335861277041763,0.2028976654550379
192,1571158800,680,382,-298,1062,42,-0.9666529947368471,0.7803294727086333
192,1571173200,679,596,-83,1275,42,0.428850848983973,1.2683968336015532
192,1571187600,198,243,45,441,42,1.2596624396642753,-0.642627480880584
192,1571202000,18,18,0,36,42,0.9675802398157315,-1.570642885395291
192,1571216400,620,328,-292,948,42,-0.9277087014237079,0.5191103218081973
192,1571230800,555,329,-226,884,42,-0.4993214749791771,0.3724609739342683
192,1571245200,691,406,-285,1097,42,-0.8822736925583788,0.8605283348271883
192,1571259600,689,693,4,1382,42,0.9935431020244909,1.5135762120782783
192,1571274000,162,219,57,381,42,1.3375510262905537,-0.7801112445123924
192,1571288400,13,20,7,33,42,1.0130152486810606,-1.5775170735768813
192,1571302800,657,334,-323,991,42,-1.1289208835415936,0.6176403524109934
192,1571317200,563,363,-200,926,42,-0.3305628706222407,0.4686996084765342
192,1571331600,757,449,-308,1206,42,-1.0315601502587457,1.1102905054249737
192,1571346000,844,635,-209,1479,42,-0.38897931059194946,1.735841629949702
192,1571360400,225,304,79,529,42,1.4803467684387306,-0.4409846275539316
192,1571374800,21,21,0,42,42,0.9675802398157315,-1.55689450903211
192,1571389200,578,308,-270,886,42,-0.784912959275531,0.3770437660553286
192,1571403600,657,328,-329,985,42,-1.1678651768547328,0.6038919760478125
192,1571418000,901,459,-442,1360,42,-1.9013160342521873,1.4631654987466152
192,1571432400,849,525,-324,1374,42,-1.1354115990937834,1.4952450435940372
192,1571446800,277,296,19,573,42,1.0909038353073388,-0.3401632008906054
192,1571461200,32,58,26,90,42,1.1363388441726678,-1.4469074981266632
192,1571475600,133,81,-52,214,42,0.6300630311018587,-1.162774386620926
192,1571490000,522,217,-305,739,42,-1.0120880036021762,0.04020854515739792
192,1571504400,632,290,-342,922,42,-1.252244479033201,0.45953402423441364
192,1571518800,611,311,-300,922,42,-0.9796344258412268,0.45953402423441364
192,1571533200,233,281,48,514,42,1.2791345863208448,-0.4753555684618837
192,1571547600,37,61,24,98,42,1.1233574130682882,-1.428576329642422
192,1571562000,98,68,-30,166,42,0.7728587732500357,-1.2727613975263725
192,1571576400,463,197,-266,660,42,-0.7589500970667715,-0.14081174362448318
192,1571590800,519,331,-188,850,42,-0.25267428399596237,0.2945535078762435
192,1571605200,358,276,-82,634,42,0.4353415645361629,-0.20038804119826684
192,1571619600,118,172,54,290,42,1.318078879633984,-0.9886282860206351
192,1571634000,18,29,11,47,42,1.03897811088982,-1.5454375287294593
192,1571648400,611,323,-288,934,42,-0.9017458392149484,0.48703077696077535
192,1571662800,543,292,-251,835,42,-0.6615893637839236,0.2601825669682914
192,1571677200,743,375,-368,1118,42,-1.4210030833901373,0.9086476520983212
192,1571691600,696,642,-54,1338,42,0.617081599997479,1.412754785414952
192,1571706000,177,206,29,383,43,1.2148080319314492,-0.7958204065061051
192,1571720400,20,17,-3,37,43,0.9882326787652171,-1.5903286606519365
192,1571734800,622,335,-287,957,43,-1.0226235805850914,0.5222366393890022
192,1571749200,569,335,-234,904,43,-0.6473581519035198,0.40053450797360035
192,1571763600,731,478,-253,1209,43,-0.78188726784597,1.100895830269781
192,1571778000,677,575,-102,1252,43,0.28726517990718703,1.1996352953803902
192,1571792400,164,241,77,405,43,1.554671061680797,-0.7453025406355609
192,1571806800,17,26,9,43,43,1.0731984362025542,-1.5765510608690607
192,1571821200,650,322,-328,972,43,-1.3129232518293261,0.5566806388461915
192,1571835600,563,342,-221,905,43,-0.5553119146797381,0.4028307746040796
192,1571850000,748,475,-273,1223,43,-0.9234968635748649,1.133043563096491
192,1571864400,728,635,-93,1363,43,0.35098949798518975,1.4545208913635903
192,1571878800,208,255,47,463,43,1.3422566680874546,-0.6121190760677626
192,1571893200,19,22,3,41,43,1.0307155574838855,-1.5811435941300191
192,1571907600,651,332,-319,983,43,-1.2491989337513234,0.5819395717814636
192,1571922000,587,329,-258,916,43,-0.8172896667781937,0.4280897075393517
192,1571936400,695,391,-304,1086,43,-1.142991736954652,0.8184550347208295
192,1571950800,742,606,-136,1348,43,0.04652886716806558,1.420076891906401
192,1571965200,267,264,-3,531,43,0.9882326787652171,-0.4559729451951715
192,1571979600,22,31,9,53,43,1.0731984362025542,-1.553588394564268
192,1571994000,535,267,-268,802,43,-0.8880944646426412,0.1663153116647137
192,1572008400,674,365,-309,1039,43,-1.178394135886876,0.7105305030883033
192,1572022800,819,439,-380,1258,43,-1.681108200724453,1.213412895163266
192,1572037200,877,624,-253,1501,43,-0.78188726784597,1.7714056863697312
192,1572051600,351,329,-22,680,43,0.8537035628227669,-0.11382921725375861
192,1572066000,37,56,19,93,43,1.1440032340670017,-1.4617377293450966
192,1572080400,135,90,-45,225,43,0.6908525277345376,-1.1586305341218315
192,1572094800,540,196,-344,736,43,-1.426210928412442,0.01476171405308113
192,1572109200,654,335,-319,989,43,-1.2491989337513234,0.5957171715643392
192,1572123600,621,386,-235,1007,43,-0.6544386316899645,0.6370499709129663
192,1572138000,249,303,54,552,43,1.3918200265925678,-0.4077513459551066
192,1572152400,38,54,16,92,43,1.1227617947076673,-1.464033995975576
192,1572166800,81,61,-20,142,43,0.8678645223956564,-1.3492206644516118
192,1572181200,397,213,-184,610,43,-0.29333416258128236,-0.2745678813873083
192,1572195600,406,312,-94,718,43,0.34390901819874503,-0.02657108529554593
192,1572210000,353,290,-63,643,43,0.5634038915785322,-0.198791082581492
192,1572224400,113,148,35,261,43,1.2572909106501176,-1.0759649354245775
192,1572238800,13,14,1,27,43,1.016554597910996,-1.613291326956729
192,1572253200,625,295,-330,920,43,-1.3270842114022157,0.43727477406126886
192,1572267600,549,316,-233,865,43,-0.640277672117075,0.3109801093849084
192,1572282000,695,426,-269,1121,43,-0.895174944429086,0.8988243667876044
192,1572296400,696,591,-105,1287,43,0.26602374054785277,1.280004627447165
192,1572310800,161,235,74,396,44,1.4036629199483306,-0.7816488436909347
192,1572325200,19,27,8,46,44,0.971910410616687,-1.5589616567241331
192,1572339600,659,319,-340,978,44,-1.3046028204047067,0.5109113196956981
192,1572354000,567,304,-263,871,44,-0.8008915595177891,0.2732756882826918
192,1572368400,739,490,-249,1229,44,-0.7093076939019859,1.0683556513280776
192,1572382800,697,615,-82,1312,44,0.38315698880080934,1.2526898327045217
192,1572397200,209,264,55,473,44,1.279370530898312,-0.610640024823631
192,1572411600,15,20,5,35,44,0.9522852965561578,-1.5833914879908908
192,1572426000,653,336,-317,989,44,-1.1541436126073157,0.5353411509624558
192,1572440400,624,381,-243,1005,44,-0.6700574657809274,0.5708754509868306
192,1572454800,758,464,-294,1222,44,-1.0036844048099247,1.0528093950674136
192,1572469200,767,655,-112,1422,44,0.1869058481955168,1.4969881453720983
192,1572483600,226,269,43,495,44,1.200870074656195,-0.5617803622901156
192,1572498000,17,29,12,46,44,0.9980772293640594,-1.5589616567241331
192,1572512400,587,309,-278,896,44,-0.8990171298204354,0.3287980320707774
192,1572526800,553,321,-232,874,44,-0.5980987142256534,0.27993836953726203
192,1572541200,745,488,-257,1233,44,-0.7616413313967305,1.0772392263341712
192,1572555600,775,616,-159,1391,44,-0.12055427208610821,1.4281404390748722
192,1572570000,275,311,36,586,44,1.1550781418482934,-0.35967903090148406
192,1572584400,29,46,17,75,44,1.030785752798275,-1.4945557379299539
192,1572598800,648,326,-322,974,44,-1.1868521360415312,0.5020277446896044
192,1572613200,661,306,-355,967,44,-1.402728390707353,0.4864814884289405
192,1572627600,899,472,-427,1371,44,-1.8737311281600553,1.3837225640444037
192,1572642000,759,558,-201,1317,44,-0.39530586893351777,1.263794301462139
192,1572656400,254,304,50,558,44,1.2466620074640966,-0.42186405594413995
192,1572670800,31,48,17,79,44,1.030785752798275,-1.48567216292386
192,1572685200,148,107,-41,255,44,0.6513668809613758,-1.0947948626557376
192,1572699600,540,238,-302,778,44,-1.0560180423046694,0.06673256939101334
192,1572714000,641,357,-284,998,44,-0.9382673579414939,0.5553291947261666
192,1572728400,547,358,-189,905,44,-0.3168054126914008,0.3487860758344882
192,1572742800,183,234,51,417,44,1.2532037121509396,-0.7350100749089428
192,1572753600,20,44,24,64,44,1.0765776856061764,-1.5189855691967116
192,1572768000,64,53,-11,117,44,0.8476180215666684,-1.40127820036597
192,1572782400,424,186,-238,610,44,-0.6373489423467119,-0.3063775808649219
192,1572796800,589,331,-258,920,44,-0.7681830360835736,0.38209948210733957
192,1572811200,476,436,-40,912,44,0.657908585648219,0.36433233209515214
192,1572825600,171,234,63,405,44,1.3317041683930566,-0.7616607999272238
192,1572840000,23,37,14,60,44,1.0111606387377456,-1.5278691442028052
192,1572854400,282,143,-139,425,44,0.0102798216507535,-0.7172429248967553
192,1572868800,841,401,-440,1242,44,-1.9587732890890153,1.097227270097882
192,1572883200,624,403,-221,1027,44,-0.5261399626703794,0.6197351135203459
192,1572897600,759,680,-79,1439,44,0.4027821028613386,1.5347433391479968
192,1572912000,245,359,114,604,45,1.4977875689180598,-0.2988928710153381
192,1572926400,29,35,6,64,45,0.8633119980726807,-1.4640510550352537
192,1572940800,253,147,-106,400,45,0.20533733201080615,-0.739063740533973
192,1572955200,839,345,-494,1184,45,-2.074074903989259,0.9525733266356824
192,1572969600,624,365,-259,989,45,-0.6935030600201475,0.5318217601840461
192,1572984000,747,727,-20,1474,45,0.7105678791654598,1.5783064254611927
192,1572998400,322,372,50,694,45,1.1218020454541313,-0.1046998403453522
192,1573012800,33,41,8,74,45,0.8750615456809284,-1.4424740516274777
192,1573027200,277,170,-107,447,45,0.19946255820668227,-0.6376518245174247
192,1573041600,839,438,-401,1277,45,-1.5277209402057383,1.1532394583280012
192,1573056000,590,389,-201,979,45,-0.35276617938096244,0.5102447567762699
192,1573070400,889,660,-229,1549,45,-0.517259845896431,1.7401339510195142
192,1573084800,320,395,75,715,45,1.2686713905572284,-0.05938813318902214
192,1573099200,50,46,-4,96,45,0.8045642600314419,-1.3950046441303698
192,1573113600,290,165,-125,455,45,0.09371662973245243,-0.6203902217912037
192,1573128000,831,433,-398,1264,45,-1.5100966187933667,1.125189353897892
192,1573142400,657,379,-278,1036,45,-0.8051237622985011,0.6332336762005943
192,1573156800,916,643,-273,1559,45,-0.7757498932778818,1.7617109544272904
192,1573171200,342,395,53,737,45,1.139426366866503,-0.01191872569191447
192,1573185600,54,75,21,129,45,0.9514336051345389,-1.3238005328847084
192,1573200000,261,172,-89,433,45,0.3052084866809121,-0.6678596292883114
192,1573214400,871,380,-491,1251,45,-2.0564505825768875,1.097139249467783
192,1573228800,709,430,-279,1139,45,-0.8109985361026251,0.8554768113006894
192,1573243200,969,555,-414,1524,45,-1.6040929996593487,1.6861914425000737
192,1573257600,355,389,34,744,45,1.0278056645881493,0.0031851766935288815
192,1573272000,40,102,62,142,45,1.1922993311036179,-1.2957504284545993
192,1573286400,74,70,-4,144,45,0.8045642600314419,-1.291435027773044
192,1573300800,450,186,-264,636,45,-0.7228769290407668,-0.22984646011045423
192,1573315200,699,343,-356,1042,45,-1.2633561190201639,0.6461798782452601
192,1573329600,666,392,-274,1058,45,-0.7816246670820056,0.680703083697702
192,1573344000,313,339,26,652,45,0.9808074741551582,-0.1953232546580123
192,1573358400,56,93,37,149,45,1.045429986000521,-1.280646526069156
192,1573372800,44,42,-2,86,45,0.8163138076396896,-1.416581647538146
192,1573387200,410,153,-257,563,45,-0.6817535124118996,-0.38735858498722064
192,1573401600,589,308,-281,897,45,-0.8227480837108728,0.333313328832505
192,1573416000,451,314,-137,765,45,0.023219344082965873,0.04849688384985893
192,1573430400,182,223,41,405,45,1.0689290812170165,-0.7282752388300848
192,1573444800,30,44,14,74,45,0.9103101885056717,-1.4424740516274777
192,1573459200,206,147,-59,353,45,0.4814517008046285,-0.8404756565505211
192,1573473600,688,346,-342,1034,45,-1.1811092857624295,0.6289182755190391
192,1573488000,549,386,-163,935,45,-0.129524774824255,0.4153059417820546
192,1573502400,794,640,-154,1434,45,-0.07665181058714009,1.4919984118300877
192,1573516800,290,306,16,596,46,0.6999410615225735,-0.2568278390495833
192,1573531200,33,52,19,85,46,0.7149067112344086,-1.3940341690851012
192,1573545600,291,167,-124,458,46,0.0015440749702687047,-0.5639403117401929
192,1573560000,809,395,-414,1204,46,-1.4451353971737915,1.096247402949624
192,1573574400,538,357,-181,895,46,-0.2828032695545983,0.4085825184467374
192,1573588800,759,591,-168,1350,46,-0.21795212080331283,1.4211634972454863
192,1573603200,287,340,53,627,46,0.8845174079685398,-0.18783880532922897
192,1573617600,32,61,29,93,46,0.764792210273859,-1.3762305474798486
192,1573632000,290,156,-134,446,46,-0.04834142406918165,-0.5906457441480719
192,1573646400,696,420,-276,1116,46,-0.7567155104293767,0.900407565291844
192,1573660800,276,411,135,687,46,1.2935785000920328,-0.05431164328983352
192,1573675200,333,718,385,1051,46,2.5407159760782916,0.7557531397491656
192,1573689600,1131,397,-734,1528,46,-3.0414713664362023,1.8172940779623594
192,1573704000,40,65,25,105,46,0.7448380106580789,-1.3495251150719694
192,1573718400,281,180,-101,461,46,0.11628072276100451,-0.5572639536382231
192,1573732800,703,404,-299,1107,46,-0.8714521582201125,0.8803784909859347
192,1573747200,258,420,162,678,46,1.4282693474985486,-0.07434071759574283
192,1573761600,896,628,-268,1524,46,-0.7168071111978164,1.808392267159733
192,1573776000,316,371,55,687,46,0.8944945077764299,-0.05431164328983352
192,1573790400,45,64,19,109,46,0.7149067112344086,-1.3406233042693432
192,1573804800,255,145,-110,400,46,0.07138377362549919,-0.6930165683782751
192,1573819200,813,417,-396,1230,46,-1.355341498902781,1.1541091731666955
192,1573833600,619,374,-245,993,46,-0.6020704634070805,0.6266768831110833
192,1573848000,974,660,-314,1634,46,-0.946280406779288,2.053192064231958
192,1573862400,354,399,45,753,46,0.8446090087369795,0.09256823495350149
192,1573876800,47,84,37,131,46,0.8047006095054193,-1.2916633448548982
192,1573891200,71,74,3,145,46,0.6350899127712881,-1.2605070070457058
192,1573905600,485,164,-321,649,46,-0.9812002561069033,-0.13887884591478397
192,1573920000,594,189,-405,783,46,-1.4002384480382861,0.1593318159731992
192,1573934400,703,283,-420,986,46,-1.4750666965974617,0.6110987142064872
192,1573948800,329,290,-39,619,46,0.42557081680559666,-0.2056424269344817
192,1573963200,57,95,38,152,46,0.8096891594093643,-1.2449288381411097
192,1573977600,44,47,3,91,46,0.6350899127712881,-1.3806814528811617
192,1573992000,354,152,-202,506,46,-0.38756281753744404,-0.4571185821086765
192,1574006400,541,299,-242,840,46,-0.5871048136952455,0.2861826199106249
192,1574020800,425,368,-57,793,46,0.3357769185345861,0.18158634297976511
192,1574035200,165,169,4,334,46,0.6400784626752332,-0.8398964466216101
192,1574049600,22,34,12,56,46,0.6799868619067934,-1.4585722974041424
192,1574064000,279,155,-124,434,46,0.0015440749702687047,-0.6173511765559511
192,1574078400,785,425,-360,1210,46,-1.1757537023607596,1.1096001191535636
192,1574092800,488,375,-113,863,46,0.05641812391366409,0.3373680320257265
192,1574107200,842,628,-214,1470,46,-0.44742541638478445,1.6882178213242771
192,1574121600,269,353,84,622,47,1.150882009558993,-0.2327673454437847
192,1574136000,35,42,7,77,47,0.7185492857915654,-1.399918394120287
192,1574150400,307,170,-137,477,47,-0.08996905476050666,-0.5432937712384505
192,1574164800,866,433,-433,1299,47,-1.751923421450877,1.2170698287837238
192,1574179200,578,403,-175,981,47,-0.3033280612950812,0.5360532535926636
192,1574193600,836,682,-154,1518,47,-0.18541913663123738,1.6860718098115293
192,1574208000,282,385,103,667,47,1.25756151282628,-0.13639707536957807
192,1574222400,37,50,13,87,47,0.752237549981235,-1.378502778548241
192,1574236800,287,156,-131,443,47,-0.05628079057083699,-0.6161068641834065
192,1574251200,720,449,-271,1169,47,-0.8423402883297959,0.938666826347127
192,1574265600,248,427,179,675,47,1.6842795258954293,-0.11926458291194132
192,1574280000,864,726,-138,1590,47,-0.09558376545878494,1.84026424193026
192,1574294400,339,396,57,735,47,0.9992848207054793,0.009229110520334165
192,1574308800,36,49,13,85,47,0.752237549981235,-1.3827859016626503
192,1574323200,335,169,-166,504,47,-0.2527956650105767,-0.48547160919392646
192,1574337600,709,441,-268,1150,47,-0.8254961562349611,0.8979771567602397
192,1574352000,264,473,209,737,47,1.8527208468437775,0.013512233634743348
192,1574366400,1078,565,-513,1643,47,-2.2011002773131394,1.9537670044621034
192,1574380800,372,424,52,796,47,0.9712112672140879,0.13986436550981424
192,1574395200,62,76,14,138,47,0.7578522606795133,-1.269283139130807
192,1574409600,285,189,-96,474,47,0.14023408386890274,-0.5497184559100642
192,1574424000,854,376,-478,1230,47,-2.0045854028733996,1.069302081336607
192,1574438400,634,383,-251,1017,47,-0.7300460743642304,0.613149469652029
192,1574452800,916,608,-308,1524,47,-1.0500845841660922,1.698921179154757
192,1574467200,395,371,-24,766,47,0.5444932541449388,0.07561751879367651
192,1574481600,47,99,52,146,47,0.9712112672140879,-1.2521506466731702
192,1574496000,67,60,-7,127,47,0.6399433360156694,-1.2928403162600575
192,1574510400,427,171,-256,598,47,-0.7581196278556217,-0.28416482281669486
192,1574524800,718,288,-430,1006,47,-1.735079289356042,0.5895922925227784
192,1574539200,630,388,-242,1018,47,-0.6795136780797258,0.6152910312092336
192,1574553600,299,304,5,603,47,0.7073198643950088,-0.27345701503067193
192,1574568000,55,97,42,152,47,0.9150641602313051,-1.2393012773299428
192,1574582400,47,45,-2,92,47,0.6680168895070608,-1.3677949707622181
192,1574596800,347,148,-199,495,47,-0.4380811180537599,-0.5047456632087678
192,1574611200,487,291,-196,778,47,-0.42123698595892506,0.10131625748013161
192,1574625600,391,326,-65,717,47,0.3142901155155294,-0.029318997509348483
192,1574640000,143,208,65,351,47,1.0442025062917055,-0.8131305274462289
192,1574654400,24,34,10,58,47,0.7353934178864002,-1.4406080637071743
192,1574668800,267,152,-115,419,47,0.03355458060161545,-0.6675043415563168
192,1574683200,813,407,-406,1220,47,-1.6003262325973635,1.047886465764561
192,1574697600,625,330,-295,955,47,-0.9770933450884746,0.4803726531053443
192,1574712000,890,660,-230,1550,47,-0.6121371497003866,1.7546017796420763
192,1574726400,207,286,79,493,48,1.239191600757634,-0.21717428737907093
192,1574740800,29,30,1,59,48,0.7505551438387595,-1.3272844697530766
192,1574755200,281,181,-100,462,48,0.1178335778284221,-0.2964678718343571
192,1574769600,827,406,-421,1233,48,-1.8930933794915612,1.6756403092955008
192,1574784000,689,383,-306,1072,48,-1.1726678340342465,1.2638252416406277
192,1574798400,932,639,-293,1571,48,-1.0912284245477673,2.540196165614427
192,1574812800,299,379,80,678,48,1.2454561707181322,0.25602936178957203
192,1574827200,27,59,32,86,48,0.9447568126142095,-1.2582223155500853
192,1574841600,239,128,-111,367,48,0.048923308262939814,-0.5394643403263629
192,1574856000,710,281,-429,991,48,-1.9432099391755484,1.0566387790316545
192,1574870400,813,307,-506,1120,48,-2.4255818261339246,1.3866024046681675
192,1574884800,656,446,-210,1102,48,-0.5712691178264009,1.3405609685328401
192,1574899200,236,310,74,546,48,1.207868750955142,-0.08160783653616242
192,1574913600,35,59,24,94,48,0.8946402529302224,-1.2377594550454956
192,1574928000,96,60,-36,156,48,0.518766055300319,-1.0791722861349233
192,1574942400,416,161,-255,577,48,-0.8531747660488285,-0.0023142520808763015
192,1574956800,468,222,-246,690,48,-0.7967936364043429,0.28672365254645693
192,1574971200,337,191,-146,528,48,-0.17033664035450385,-0.12764927267148984
192,1574985600,206,180,-26,386,48,0.581411754905303,-0.4908650466279617
192,1575000000,26,47,21,73,48,0.8758465430487272,-1.2914744638700442
192,1575014400,75,85,10,160,48,0.8069362734832449,-1.0689408558826283
192,1575028800,434,186,-248,620,48,-0.8093227763253398,0.10767362313129476
192,1575043200,579,266,-313,845,48,-1.216519823757735,0.6831915748228875
192,1575057600,504,411,-93,915,48,0.16168556755191085,0.8622416042380497
192,1575072000,206,287,81,493,48,1.2517207406786306,-0.21717428737907093
192,1575086400,27,61,34,88,48,0.9572859525352063,-1.253106600423938
192,1575100800,38,52,14,90,48,0.8319945533252385,-1.2479908852977903
192,1575115200,348,139,-209,487,48,-0.5650045478659025,-0.2325214327575134
192,1575129600,542,256,-286,798,48,-1.0473764348242787,0.5629722693584215
192,1575144000,447,328,-119,775,48,-0.0011932514210473081,0.5041415454077254
192,1575158400,213,252,39,465,48,0.9886088023376983,-0.2887942991451358
192,1575172800,42,78,36,120,48,0.9698150924562031,-1.1712551584055781
192,1575187200,47,51,4,98,48,0.7693488537202547,-1.2275280247932006
192,1575201600,381,162,-219,543,48,-0.6276502474708864,-0.08928140922538365
192,1575216000,492,262,-230,754,48,-0.6965605170363687,0.45042653658317666
192,1575230400,302,308,6,610,48,0.7818779936412515,0.08209504750055731
192,1575244800,165,157,-8,322,48,0.694174014194274,-0.6545679306646814
192,1575259200,25,41,16,66,48,0.8445236932462353,-1.3093794668115604
192,1575273600,266,160,-106,426,48,0.08024615806543177,-0.3885507441050119
192,1575288000,743,350,-393,1093,48,-1.7176854205976064,1.3175402504651765
192,1575302400,547,335,-212,882,48,-0.5837982577473976,0.7778323046566161
192,1575316800,679,659,-20,1338,48,0.6189991746682934,1.9442153534182443
192,1575331200,204,301,97,505,49,1.294102156410431,-0.5012748710762408
192,1575345600,24,42,18,66,49,0.8800793085683897,-1.4659451636243808
192,1575360000,312,130,-182,442,49,-0.16807979989247432,-0.6397127490501197
192,1575374400,783,437,-346,1220,49,-1.0275702688303827,1.069885172595559
192,1575388800,586,375,-211,961,49,-0.3200628706192996,0.5007516742585014
192,1575403200,829,654,-175,1483,49,-0.1313942310963441,1.6478083774706405
192,1575417600,281,373,92,654,49,1.2678981786989094,-0.17385830253484477
192,1575432000,29,55,26,84,49,0.9220056729068242,-1.4263914842032726
192,1575446400,262,159,-103,421,49,0.24594304794956695,-0.6858587083747459
192,1575460800,873,329,-544,1202,49,-2.065247786206638,1.0303314931744507
192,1575475200,632,316,-316,948,49,-0.8703464025612532,0.47218512800992324
192,1575489600,805,673,-132,1478,49,0.09395997722274167,1.6368212442981105
192,1575504000,282,389,107,671,49,1.3465101118334744,-0.13650204974824254
192,1575518400,32,45,13,77,49,0.8538753308568681,-1.4417734706448146
192,1575532800,302,172,-130,474,49,0.10444156830735031,-0.5693950967459273
192,1575547200,852,328,-524,1180,49,-1.9604318753605516,0.9819881072153184
192,1575561600,698,244,-454,942,49,-1.5935761873992493,0.45900056820288715
192,1575576000,860,672,-188,1532,49,-0.19952457314630026,1.7554822825614351
192,1575590400,253,367,114,620,49,1.3831956806296046,-0.24857080810804924
192,1575604800,37,65,28,102,49,0.9324872639914329,-1.3868378047821643
192,1575619200,270,175,-95,445,49,0.2878694122880015,-0.6331204691466016
192,1575633600,863,319,-544,1182,49,-2.065247786206638,0.9863829604843304
192,1575648000,745,229,-516,974,49,-1.9185055110221172,0.5293182205070796
192,1575662400,911,641,-270,1552,49,-0.6292698076152545,1.7994308152515555
192,1575676800,373,353,-20,726,49,0.6809290779608256,-0.0156435848504118
192,1575691200,53,104,51,157,49,1.0530255614644322,-1.2659793398843335
192,1575705600,91,72,-19,163,49,0.6861698735031299,-1.2527947800772974
192,1575720000,460,208,-252,668,49,-0.5349354878537768,-0.14309432965176058
192,1575734400,702,319,-383,1021,49,-1.2214797038956426,0.6325972723288622
192,1575748800,699,424,-275,1123,49,-0.6554737853267761,0.8567347890484757
192,1575763200,353,343,-10,696,49,0.7333370333838687,-0.0815663838855922
192,1575777600,61,99,38,160,49,0.9848952194144761,-1.2593870599808155
192,1575792000,47,58,11,105,49,0.8433937397722594,-1.3802455248786463
192,1575806400,368,182,-186,550,49,-0.18904298206169162,-0.4023906725234702
192,1575820800,624,337,-287,961,49,-0.7183633318344279,0.5007516742585014
192,1575835200,418,391,-27,809,49,0.6442435091646953,0.16674282581358735
192,1575849600,179,200,21,379,49,0.8958016951953026,-0.7781506270239985
192,1575864000,26,41,15,67,49,0.8643569219414767,-1.4637477369898748
192,1575878400,265,136,-129,401,49,0.10968236384965463,-0.7298072410648663
192,1575892800,787,424,-363,1211,49,-1.1166637930495562,1.050108332885005
192,1575907200,598,397,-201,995,49,-0.2676549151962564,0.5754641798317058
192,1575921600,715,669,-46,1384,49,0.5446683938609131,1.4302631406545452
192,1575936000,254,322,68,576,50,1.2179340993600556,-0.48147510292049167
192,1575950400,31,51,20,82,50,0.995508594847883,-1.485964337248733
192,1575964800,254,173,-81,427,50,0.5274882624368534,-0.7844485764324511
192,1575979200,814,410,-404,1224,50,-0.9692500283429737,0.8361545000040029
192,1575993600,614,387,-227,1001,50,-0.14905598045433774,0.3827109792444932
192,1576008000,817,562,-255,1379,50,-0.2788041914197717,1.1513282476171152
192,1576022400,221,399,178,620,50,1.7276592138671174,-0.392006426178705
192,1576036800,283,61,-222,344,50,-0.12588665706765312,-0.9532190348317305
192,1576051200,300,169,-131,469,50,0.29579502857000717,-0.699046657724382
192,1576065600,881,411,-470,1292,50,-1.2750850970472107,0.9744242731504005
192,1576080000,524,331,-193,855,50,0.008495418575117743,0.08583764278311017
192,1576094400,868,605,-263,1473,50,-0.3158751088384671,1.3424658752018412
192,1576108800,271,341,70,612,50,1.2272018287147295,-0.4082734583135753
192,1576123200,36,43,7,79,50,0.935268354042503,-1.4920644742993092
192,1576137600,272,178,-94,450,50,0.46724802163147344,-0.7376808590446989
192,1576152000,878,461,-417,1339,50,-1.0294902691483536,1.0699930869427636
192,1576166400,591,414,-177,1005,50,0.08263725341250856,0.3908444953119284
192,1576180800,874,599,-275,1473,50,-0.37148148496651023,1.3424658752018412
192,1576195200,329,318,-11,647,50,0.8518587898504383,-0.33710519272351774
192,1576209600,337,281,-56,618,50,0.6433348793702767,-0.3960731842124226
192,1576224000,407,140,-267,547,50,-0.3344105675478148,-0.5404430944093965
192,1576238400,1282,424,-858,1706,50,-3.073024591853938,1.8162431861299388
192,1576252800,1166,430,-736,1596,50,-2.507693101218833,1.592571494275472
192,1576267200,1316,652,-664,1968,50,-2.1740548444505743,2.3489884885469414
192,1576281600,691,387,-304,1078,50,-0.5058635606092811,0.5392811635426199
192,1576296000,120,79,-41,199,50,0.7128428495303305,-1.2480589922762548
192,1576310400,117,57,-60,174,50,0.624799420660929,-1.2988934676977244
192,1576324800,533,200,-333,733,50,-0.6402456362520519,-0.16223459727366196
192,1576339200,676,377,-299,1053,50,-0.4826942372225964,0.4884466881211502
192,1576353600,685,500,-185,1185,50,0.04556633599381315,0.7568527183465102
192,1576368000,416,357,-59,773,50,0.6294332853382658,-0.08089943659931045
192,1576382400,54,109,55,163,50,1.1576938585546754,-1.3212606368831712
192,1576396800,46,46,0,92,50,0.9028313013011445,-1.4656305470801452
192,1576411200,366,173,-193,539,50,0.008495418575117743,-0.5567101265442669
192,1576425600,597,359,-238,956,50,-0.20002849190504393,0.29120892348584776
192,1576440000,469,385,-84,854,50,0.5135866684048427,0.08380426376625137
192,1576454400,207,243,36,450,50,1.0696504296852738,-0.7376808590446989
192,1576468800,26,30,4,56,50,0.9213667600104922,-1.5388321916870615
192,1576483200,268,162,-106,430,50,0.4116416455034303,-0.7783484393818747
192,1576497600,814,418,-396,1232,50,-0.9321791109242783,0.8524215321388733
192,1576512000,625,352,-273,977,50,-0.36221375561183633,0.3339098828398823
192,1576526400,830,581,-249,1411,50,-0.25100100335575015,1.2163963761565963
192,1576540800,233,332,99,565,51,1.3584184835572986,-0.3771420376787119
192,1576555200,23,57,34,80,51,1.0124134023750422,-1.3751133688706265
192,1576569600,282,142,-140,424,51,0.08618441582561708,-0.6672739092211036
192,1576584000,787,442,-345,1229,51,-1.0050623786722688,0.9891527332726929
192,1576598400,653,430,-223,1083,51,-0.3556374570686489,0.6887324974912094
192,1576612800,792,698,-94,1490,51,0.33104955020075244,1.5262053465532903
192,1576627200,256,363,107,619,51,1.4010037243181916,-0.2660277038965193
192,1576641600,33,49,16,82,51,0.9165966106630327,-1.3709980231749899
192,1576656000,257,157,-100,414,51,0.2991106196300826,-0.6878506376992874
192,1576670400,828,429,-399,1257,51,-1.2925127538082972,1.0467675730116077
192,1576684800,732,413,-319,1145,51,-0.8666603461993662,0.816308214055949
192,1576699200,910,651,-259,1561,51,-0.5472710404926678,1.6723001187483955
192,1576713600,267,374,107,641,51,1.4010037243181916,-0.22075890124451494
192,1576728000,25,52,27,77,51,0.9751513167092607,-1.3812863874140817
192,1576742400,254,185,-69,439,51,0.4641284275785434,-0.6364088165038279
192,1576756800,837,411,-426,1248,51,-1.4362379413763116,1.0282485173812421
192,1576771200,722,420,-302,1142,51,-0.7761667095824684,0.8101351955124938
192,1576785600,915,718,-197,1633,51,-0.2172354245957463,1.820452563791319
192,1576800000,379,402,23,781,51,0.9538586963288141,0.06731529745005836
192,1576814400,45,73,28,118,51,0.9804744718043723,-1.2969218006535281
192,1576828800,245,150,-95,395,51,0.3257263951056408,-0.7269464218078366
192,1576843200,825,427,-398,1252,51,-1.2871895987131856,1.0364792087725156
192,1576857600,837,408,-429,1245,51,-1.4522074066616464,1.0220754988377871
192,1576872000,819,605,-214,1424,51,-0.30772906121264415,1.3903989385972773
192,1576886400,405,340,-65,745,51,0.48542104795898994,-0.006760925071403351
192,1576900800,40,83,43,123,51,1.0603217982310469,-1.2866334364144363
192,1576915200,64,62,-2,126,51,0.8207798189510231,-1.280460417870981
192,1576929600,420,168,-252,588,51,-0.5100089548268864,-0.32981556217888913
192,1576944000,745,349,-396,1094,51,-1.2765432885229624,0.7113668988172116
192,1576958400,695,402,-293,1097,51,-0.7282583137264635,0.7175399173606667
192,1576972800,346,291,-55,637,51,0.5386525989101063,-0.22898959263578847
192,1576987200,45,72,27,117,51,0.9751513167092607,-1.2989794735013465
192,1577001600,40,50,10,90,51,0.8846576800923628,-1.3545366403924428
192,1577016000,369,154,-215,523,51,-0.3130522163077558,-0.46356429728708387
192,1577030400,578,281,-297,859,51,-0.7495509341069101,0.22781377957989207
192,1577044800,492,328,-164,820,51,-0.041571306457062245,0.1475645385149752
192,1577059200,178,239,61,417,51,1.1561385899430563,-0.6816776191558322
192,1577073600,23,49,26,72,51,0.969828161614149,-1.3915747516531736
192,1577088000,124,120,-4,244,51,0.8101335087607998,-1.0376550218284122
192,1577102400,600,306,-294,906,51,-0.7335814688215752,0.32452440342735595
192,1577116800,757,306,-451,1063,51,-1.5693168187541024,0.6475790405348417
192,1577131200,1117,446,-671,1563,51,-2.740410939678663,1.676415464444032
192,1577145600,202,273,71,475,52,1.0321659859401489,0.03568287127180492
192,1577160000,28,63,35,91,52,0.7744972740498604,-1.2744898045885724
192,1577174400,94,96,2,190,52,0.5383009548170958,-0.9367109115933189
192,1577188800,480,210,-270,690,52,-1.4085293127984178,0.7692430934332141
192,1577203200,600,324,-276,924,52,-1.451474098113466,1.5676295677856316
192,1577217600,525,311,-214,836,52,-1.0077113165246356,1.2673816629009618
192,1577232000,189,237,48,426,52,0.8675443088991313,-0.1315006212207953
192,1577246400,94,41,-53,135,52,0.14464042276248834,-1.1243658521462374
192,1577260800,28,41,13,69,52,0.6170330612280174,-1.34955178080974
192,1577275200,177,118,-59,295,52,0.10169563744744024,-0.5784605705377469
192,1577289600,408,179,-229,587,52,-1.1150732798122558,0.4178165683977483
192,1577304000,329,205,-124,534,52,-0.3635395367989141,0.2369854438649358
192,1577318400,139,188,49,327,52,0.8747017731183059,-0.46927951421604885
192,1577332800,16,31,15,47,52,0.6313479896663667,-1.4246137570309074
192,1577347200,80,101,21,181,52,0.6742927749814148,-0.9674180836837964
192,1577361600,422,229,-193,651,52,-0.8574045679219672,0.6361786810411445
192,1577376000,559,259,-300,818,52,-1.6232532393736583,1.2059673187200066
192,1577390400,545,381,-164,926,52,-0.6498381055659014,1.5744533838057377
192,1577404800,151,270,119,421,52,1.3757242684605335,-0.14856016127106064
192,1577419200,21,53,32,74,52,0.7530248813923363,-1.3324922407594746
192,1577433600,98,110,12,208,52,0.6098755970088426,-0.8752965674123637
192,1577448000,472,251,-221,723,52,-1.0578135660588583,0.8818360577649653
192,1577462400,561,307,-254,868,52,-1.2940098852916229,1.37656271922266
192,1577476800,235,418,183,653,52,1.833801978487713,0.6430024970612507
