remote_unit_id,time_stamp,entries,exits,num_people_exited,sum_exit_entry,week_num,z_score_num_people_exited,z_score_sum_exit_entry
138,1546300800,0,0,0,0,1,-0.6910585134343894,-1.4273628521323116
138,1546315200,642,319,-323,961,1,-1.303516852315354,-0.6566132643526768
138,1546329600,126,135,9,261,1,-0.6739931108030313,-1.2180333595095387
138,1546344000,186,455,269,641,1,-0.1809925903415736,-0.9132624507100994
138,1546358400,706,1050,344,1756,1,-0.03878090174692237,-0.01900044199595499
138,1546372800,876,1193,317,2069,1,-0.08997710964099682,0.232034543409899
138,1546387200,763,408,-355,1171,1,-1.3641938394490718,-0.4881872358056182
138,1546401600,173,87,-86,260,1,-0.8541279163562562,-1.2188353882169056
138,1546416000,253,658,405,911,1,0.0768846049767273,-0.6967146997210241
138,1546430400,888,2152,1264,3040,1,1.7056824783474662,1.0108044182632032
138,1546444800,866,1393,527,2259,1,0.3082156184240266,0.38441999780961866
138,1546459200,1581,2347,766,3928,1,0.7613968660789819,1.723005910405051
138,1546473600,939,599,-340,1538,1,-1.3357515017301416,-0.19384270020194913
138,1546488000,216,84,-132,300,1,-0.9413510853609756,-1.186754239922228
138,1546502400,266,729,463,995,1,0.18686164415659093,-0.6293442883022007
138,1546516800,904,2222,1318,3126,1,1.808074894135615,1.0797788870967606
138,1546531200,1002,1460,458,2462,1,0.17738086491694752,0.5472318254051086
138,1546545600,1665,2614,949,4279,1,1.108393386249931,2.004517986690849
138,1546560000,1092,716,-376,1808,1,-1.4040131122555743,0.022705050787126188
138,1546574400,236,93,-143,329,1,-0.9622087996881911,-1.1634954074085864
138,1546588800,269,739,470,1008,1,0.2001347350920917,-0.6189179151064303
138,1546603200,941,2237,1296,3178,1,1.766359465481184,1.1214843798798417
138,1546617600,1002,1606,604,2608,1,0.45421961871453526,0.6643280166806828
138,1546632000,1634,3167,1533,4801,1,2.215748401440282,2.4231769719363947
138,1546646400,1192,1030,-162,2222,1,-0.998235760798836,0.3547449356370417
138,1546660800,441,155,-286,596,1,-1.2333590859419927,-0.949353742541612
138,1546675200,104,268,164,372,1,-0.38008895437408535,-1.1290081729918078
138,1546689600,338,1059,721,1397,1,0.6760698529221911,-0.3069287479406885
138,1546704000,848,1730,882,2578,1,0.9813509444387092,0.6402671554596744
138,1546718400,1080,1946,866,3026,1,0.9510124508718503,0.999576016360066
138,1546732800,1061,951,-110,2012,1,-0.8996356567065446,0.1863189070899831
138,1546747200,428,175,-253,603,1,-1.1707859429603462,-0.9437395415900434
138,1546761600,72,165,93,237,1,-0.5147160195770218,-1.2372820484863454
138,1546776000,254,809,555,1063,1,0.3613079821660298,-0.5748063362012483
138,1546790400,773,1607,834,2380,1,0.8903354637381323,0.4814654714010191
138,1546804800,1007,1498,491,2505,1,0.23995400789859406,0.5817190598218873
138,1546819200,848,444,-404,1292,1,-1.4571054759975774,-0.39114176221421776
138,1546833600,194,66,-128,260,1,-0.9337664619692608,-1.2188353882169056
138,1546848000,297,746,449,1043,1,0.16031546228558935,-0.5908469103485873
138,1546862400,988,2245,1257,3233,1,1.6924093874119654,1.1655959587850238
138,1546876800,852,1239,387,2091,1,0.042753799714011005,0.2496791749719718
138,1546891200,1717,2431,714,4148,1,0.6627967619866904,1.8994522260257791
138,1546905600,940,544,-396,1484,2,-1.3845931612795983,-0.35166874539436577
138,1546920000,212,63,-149,275,2,-0.9672189214558312,-1.1576202119265862
138,1546934400,310,785,475,1095,2,0.08720021073052811,-0.6109864629138312
138,1546948800,986,2375,1389,3361,2,1.6316538755034966,0.8995892386262941
138,1546963200,847,1194,347,2041,2,-0.12909089330769943,0.019642228020395863
138,1546977600,1507,2527,1020,4034,2,1.0081271771432938,1.348228888730665
138,1546992000,1187,646,-541,1833,2,-1.629610427572903,-0.11901608880235175
138,1547006400,170,75,-95,245,2,-0.8759711119397039,-1.1776190076221749
138,1547020800,299,765,466,1064,2,0.07199224247784024,-0.6316518851326062
138,1547035200,1009,2096,1087,3105,2,1.1213420519133035,0.7289328486906048
138,1547049600,921,1435,514,2356,2,0.15310140649217557,0.22962958282407614
138,1547064000,1776,2840,1064,4616,2,1.0824772441564345,1.7362055252250839
138,1547078400,1133,700,-433,1833,2,-1.4471148085406484,-0.11901608880235175
138,1547092800,219,72,-147,291,2,-0.9638393729552338,-1.1469541875556057
138,1547107200,296,768,472,1064,2,0.08213088797963215,-0.6316518851326062
138,1547121600,1022,2325,1303,3347,2,1.4863332899778126,0.8902564673016862
138,1547136000,802,1491,689,2293,2,0.4488119002944398,0.18763211186334008
138,1547150400,1649,2847,1198,4496,2,1.308906993696454,1.6562103424427295
138,1547164800,1113,817,-296,1930,2,-1.215615736249733,-0.05435331605328195
138,1547179200,210,86,-124,296,2,-0.9249745651983649,-1.1436210549396741
138,1547193600,162,553,391,715,2,-0.05474082629455872,-0.8643045417246201
138,1547208000,1261,3016,1755,4277,2,2.2501112511128034,1.5102191338649327
138,1547222400,1015,1527,512,2542,2,0.14972185799157825,0.35362211613672545
138,1547236800,1552,1858,306,3410,2,-0.1983716375699442,0.9322539382624222
138,1547251200,2522,4403,1881,6925,2,2.4630228066504336,3.2754461672622193
138,1547265600,395,142,-253,537,2,-1.142955443486891,-0.9829640628517792
138,1547280000,100,226,126,326,2,-0.5025310026237017,-1.1236222592440857
138,1547294400,352,931,579,1283,2,0.26293673276158797,-0.4856606765548094
138,1547308800,806,1477,671,2283,2,0.418395963789064,0.18096584663147722
138,1547323200,1147,1834,687,2981,2,0.4454323517938425,0.6462711598155052
138,1547337600,1025,872,-153,1897,2,-0.9739780184570258,-0.0763519913184294
138,1547352000,477,180,-297,657,2,-1.2173055105000317,-0.9029688800694248
138,1547366400,84,157,73,241,2,-0.5920890378895303,-1.18028551371492
138,1547380800,270,708,438,978,2,0.024678563469477957,-0.6889817661266268
138,1547395200,720,1288,568,2008,2,0.2443492160083028,-0.002356447244751595
138,1547409600,888,1138,250,2026,2,-0.29299899558666875,0.009642830172601563
138,1547424000,716,373,-343,1089,2,-1.2950351260137698,-0.614986222052949
138,1547438400,151,67,-84,218,2,-0.8573835951864187,-1.1956179237482045
138,1547451889,223,560,337,783,2,-0.14598863581068597,-0.8189739381479526
138,1547452800,182,547,365,729,2,-0.09867495680232369,-0.8549717704000122
138,1547467200,969,2213,1244,3182,2,1.386636609210192,0.7802630909759488
138,1547481600,802,1235,433,2037,2,0.016229692217984693,0.016975721927650716
138,1547496000,1718,2595,877,4313,2,0.7664894593505864,1.534217688699639
138,1547510400,850,595,-255,1445,3,-1.1643055974041359,-0.28439716199217513
138,1547524800,170,71,-99,241,3,-0.8761864647912303,-1.2301060912760777
138,1547539200,296,734,438,1030,3,0.11560824170319416,-0.610368263032723
138,1547553600,1043,2264,1221,3307,3,1.5617446573179696,1.178152693760837
138,1547568000,887,1270,383,2157,3,0.0140277782819775,0.27485928123883707
138,1547582400,1743,2737,994,4480,3,1.1424943810158572,2.0995119745332773
138,1547596800,987,742,-245,1729,3,-1.145836422236642,-0.0613229627258725
138,1547611200,169,68,-101,237,3,-0.8798802998247292,-1.233247981406589
138,1547625600,296,754,458,1050,3,0.15254659203818205,-0.5946588123801665
138,1547640000,711,2365,1654,3076,3,2.361459942070457,0.9967085387238093
138,1547654400,1151,1413,262,2564,3,-0.20944924124469916,0.5945466020183623
138,1547668800,1930,2883,953,4813,3,1.066770762829132,2.3610743278983435
138,1547683200,1085,718,-367,1803,3,-1.3711603592800679,-0.0031979953114133685
138,1547697600,153,74,-79,227,3,-0.8392481144562425,-1.2411027067328673
138,1547712000,301,768,467,1069,3,0.1691688496889266,-0.5797348342602378
138,1547726400,1060,2382,1322,3442,3,1.7482833265096585,1.2841914856655936
138,1547740800,921,1446,525,2367,3,0.27629006566039144,0.4398085130906806
138,1547755200,1621,2962,1341,4583,3,1.7833747593278968,2.1804156453939436
138,1547769600,1179,782,-397,1961,3,-1.4265678847825498,0.12090666484378317
138,1547784000,232,84,-148,316,3,-0.9666854231119506,-1.171195651328991
138,1547798400,282,685,403,967,3,0.050966128616965374,-0.659853032588276
138,1547812800,1049,2144,1095,3193,3,1.329033050207546,1.0886088250412649
138,1547827200,782,1508,726,2290,3,0.6475204865270195,0.37932712807833796
138,1547841600,1492,2955,1463,4447,3,2.0086986963713227,2.073591380956559
138,1547856000,1163,888,-275,2051,3,-1.2012439477391237,0.1915991927802875
138,1547870400,391,162,-229,553,3,-1.1162857419686516,-0.9850386610961961
138,1547884800,109,235,126,344,3,-0.4606300235226167,-1.1492024204154117
138,1547899200,329,915,586,1244,3,0.38895203418210444,-0.4422771410503682
138,1547913600,756,1587,831,2343,3,0.841446825785706,0.42095717230761276
138,1547928000,1058,1620,562,2678,3,0.344626013780119,0.6840904707379345
138,1547942400,972,665,-307,1637,3,-1.2603453082751044,-0.1335864357276325
138,1547956800,339,146,-193,485,3,-1.0497967113656734,-1.0384507933148883
138,1547971200,84,133,49,217,3,-0.60284267231232,-1.2489574320591457
138,1547985600,252,648,396,900,3,0.03803770599971962,-0.7124796922743404
138,1548000000,726,1319,593,2045,3,0.4018804567993502,0.18688635758452055
138,1548014400,863,1212,349,2075,3,-0.04876741728750189,0.21045053356335533
138,1548028800,666,443,-223,1109,3,-1.1052042368681552,-0.5483159329551247
138,1548043200,189,93,-96,282,3,-0.8706457122409822,-1.1979017174383368
138,1548057600,78,398,320,476,3,-0.10232802527323431,-1.0455200461085388
138,1548072000,416,901,485,1317,3,0.20241336499041568,-0.3849376461685369
138,1548086400,569,954,385,1523,3,0.017721613315476288,-0.2231303044472047
138,1548100800,715,1109,394,1824,3,0.03434387096622083,0.013296927873770981
138,1548115200,594,308,-286,902,4,-1.100262489247126,-0.8144357830093273
138,1548129600,120,51,-69,171,4,-0.730765001240998,-1.3650448026722513
138,1548144000,277,773,496,1050,4,0.23129067029569444,-0.702958170273195
138,1548158400,969,2263,1294,3232,4,1.590087884253713,0.9405833904716753
138,1548172800,875,1190,315,2065,4,-0.07690769527623709,0.06156734950500999
138,1548187200,1565,2593,1028,4158,4,1.1371554796010401,1.6380716971855847
138,1548201600,1047,628,-419,1675,4,-1.3267286915734624,-0.2321912245969604
138,1548216000,159,72,-87,231,4,-0.7614145624580961,-1.3198511758873328
138,1548230400,313,723,410,1036,4,0.08485387781400322,-0.7135033498563427
138,1548244800,1016,2601,1585,3617,4,2.0855891239301334,1.2305758290082358
138,1548259200,893,1393,500,2286,4,0.23810168389949404,0.22803054149612653
138,1548273600,1692,2628,936,4320,4,0.9805021667136495,1.7600944895048645
138,1548288000,1122,689,-433,1811,4,-1.350567239186761,-0.12975233721781174
138,1548302400,215,68,-147,283,4,-0.8635797665150899,-1.28068336600707
138,1548316800,298,737,439,1035,4,0.13423372644155027,-0.7142565769694246
138,1548331200,1096,2306,1210,3402,4,1.4470565985739217,1.068631999695611
138,1548345600,983,1228,245,2211,4,-0.19610043334272995,0.17153850801497839
138,1548360000,1745,2830,1085,4575,4,1.2342124234551843,1.9521674033407683
138,1548374400,1106,813,-293,1919,4,-1.1121817630537751,-0.04840380900495841
138,1548388800,228,77,-151,305,4,-0.8703907801188896,-1.2641123695192666
138,1548403200,294,764,470,1058,4,0.1870190818709971,-0.6969323533685392
138,1548417600,923,2167,1244,3090,4,1.504950214206218,0.8336251404140347
138,1548432000,1078,1464,386,2542,4,0.043987796191205665,0.4208566824451122
138,1548446400,1664,3329,1665,4993,4,2.221809396006125,2.267016336609034
138,1548460800,1251,970,-281,2221,4,-1.0917487222423765,0.17907077914579814
138,1548475200,423,148,-275,571,4,-1.081532201836677,-1.0637539574394612
138,1548489600,109,225,116,334,4,-0.4157556220652668,-1.2422687832398893
138,1548504000,365,923,558,1288,4,0.33686138115458814,-0.5236901173596848
138,1548518400,958,1696,738,2654,4,0.6433569933255697,0.5052181191102935
138,1548532800,1265,1808,543,3073,4,0.3113200801403397,0.8208202794916412
138,1548547200,1414,984,-430,2398,4,-1.3454589789839113,0.31239197816130776
138,1548561600,767,165,-602,932,4,-1.6383325639472937,-0.7918389696168681
138,1548576000,123,150,27,273,4,-0.5673006747498077,-1.28821563713789
138,1548590400,272,737,465,1009,4,0.1785053148662476,-0.733840481909556
138,1548604800,928,1397,469,2325,4,0.1853163284700472,0.2574063989063236
138,1548619200,1065,1144,79,2209,4,-0.47875749790041305,0.17003205378881445
138,1548633600,737,406,-331,1143,4,-1.1768863922898714,-0.6329080487565713
138,1548648000,148,60,-88,208,4,-0.763117315859046,-1.3371753994882183
138,1548662400,268,761,493,1029,4,0.22618241009284476,-0.7187759396479164
138,1548676800,1062,2348,1286,3410,4,1.5764658570461139,1.074657816600267
138,1548691200,1000,1226,226,2226,4,-0.22845274796077802,0.18283691471120803
138,1548705600,1658,2369,711,4027,4,0.5973826514999225,1.5393989453718455
138,1548720000,1056,622,-434,1678,5,-1.3687544445240256,-0.18339506979140377
138,1548734400,156,62,-94,218,5,-0.7493973019669516,-1.2862032026566832
138,1548748800,313,777,464,1090,5,0.2670770672884816,-0.627539715082352
138,1548763200,943,2468,1525,3411,5,2.1998356797974687,1.1256230769589588
138,1548777600,1013,1277,264,2290,5,-0.09725066362744429,0.2788779283685627
138,1548792000,1884,2695,811,4579,5,0.899185680427613,2.0078695832511824
138,1548806400,1253,675,-578,1928,5,-1.6310704107834924,0.005441939260870106
138,1548820800,157,60,-97,217,5,-0.7548622179306905,-1.2869585506928922
138,1548835200,302,805,503,1107,5,0.33812097481708714,-0.6146987984667973
138,1548849600,1103,2392,1289,3495,5,1.7699289573166759,1.1890723120005227
138,1548864000,962,1403,441,2365,5,0.22517937823315012,0.3355290310842448
138,1548878400,1632,2446,814,4078,5,0.9046505963913519,1.6294402171104254
138,1548892800,954,615,-339,1569,5,-1.195698772338961,-0.26572800573819516
138,1548907200,139,69,-70,208,5,-0.7056779742570405,-1.2937566830187741
138,1548921600,266,669,403,935,5,0.1559571093591242,-0.7446186606947617
138,1548936000,1007,2180,1173,3187,5,1.558618873385439,0.9564251168481213
138,1548950400,1008,1210,202,2218,5,-0.21019226021138132,0.22449286976150779
138,1548964800,1362,2553,1191,3915,5,1.5914083691678722,1.5063184872083428
138,1548979200,976,681,-295,1657,5,-1.1155466715374571,-0.19925737855179476
138,1548993600,201,78,-123,279,5,-0.8022248229497608,-1.2401269724479282
138,1549008000,279,651,372,930,5,0.09948631106715569,-0.7483954008758071
138,1549022400,910,2285,1375,3195,5,1.9265898816105242,0.9624679011377941
138,1549026293,105,389,284,494,5,-0.0608178905358517,-1.0777271446629728
138,1549026294,81,21,-60,102,5,-0.6874615877112442,-1.3738235748569383
138,1549036800,1304,1576,272,2880,5,-0.08267755439080725,0.724533269731929
138,1549051200,1593,2986,1393,4579,5,1.9593793773929575,2.0078695832511824
138,1549065600,1263,1005,-258,2268,5,-1.0481460413180108,0.2622602715719626
138,1549080000,374,157,-217,531,5,-0.973458856480246,-1.0497792673232362
138,1549094400,143,268,125,411,5,-0.35045843661401277,-1.1404210316683276
138,1549108800,520,999,479,1519,5,0.29440164710717603,-0.30349540754864995
138,1549123200,1147,1605,458,2752,5,0.2561472353610038,0.6278487210971648
138,1549137600,1317,1917,600,3234,5,0.5148199243113112,0.9919264745499488
138,1549152000,1172,900,-272,2072,5,-1.0736489824821256,0.11421205647497985
138,1549166400,505,191,-314,696,5,-1.1501578059744701,-0.9251468413487355
138,1549180800,129,143,14,272,5,-0.5526603272723516,-1.245414408701392
138,1549195200,446,768,322,1214,5,0.008404378338174218,-0.5338765585924241
138,1549209600,884,1232,348,2116,5,0.05576698335724458,0.14744737006818007
138,1549224000,1070,1140,70,2210,5,-0.45064856261589237,0.21845008547183503
138,1549238400,873,394,-479,1267,5,-1.450728183980109,-0.493843112673342
138,1549252800,161,53,-108,214,5,-0.7749002431310664,-1.2892245948015195
138,1549267200,289,666,377,955,5,0.10859450434005384,-0.7295116999705797
138,1549281600,1044,2285,1241,3329,5,1.6824903018968536,1.0636845379898128
138,1549296000,1083,1294,211,2377,5,-0.19379751232016465,0.344593207518754
138,1549310400,1896,2578,682,4474,5,0.6641942939868408,1.9285580394492272
138,1549324800,1063,629,-434,1692,6,-1.3607428796923549,-0.3510340660882567
138,1549339200,180,61,-119,241,6,-0.8213544479351085,-1.3589834656147612
138,1549353600,313,764,451,1077,6,0.15468176191133728,-0.7782490079964581
138,1549368000,1051,2367,1316,3418,6,1.6358595189590137,0.847946405023216
138,1549382400,1069,1403,334,2472,6,-0.045662512741354216,0.19079951877092563
138,1549396800,1978,2715,737,4693,6,0.6444122110623609,1.733635918735341
138,1549411200,1379,761,-618,2140,6,-1.6758142176076989,-0.03982708401529043
138,1549425600,175,60,-115,235,6,-0.8145050710239053,-1.3631514162675242
138,1549440000,306,820,514,1126,6,0.26255944826278654,-0.7442107443322274
138,1549454400,1094,2390,1296,3484,6,1.601612634402998,0.8937938622036083
138,1549468800,1128,1582,454,2710,6,0.15981879459473963,0.35612822799718896
138,1549483200,1937,2922,985,4859,6,1.0690735795569548,1.848949220128449
138,1549497600,1242,817,-425,2059,6,-1.345331781642148,-0.09609441782759014
138,1549512000,183,57,-126,240,6,-0.833340857529714,-1.3596781240568885
138,1549526400,290,853,563,1143,6,0.34646431542502487,-0.7324015508160658
138,1549540800,1139,2520,1381,3659,6,1.7471618937660645,1.0153590895758609
138,1549555200,1173,1448,275,2621,6,-0.14669082218160037,0.294303626647872
138,1549569600,1848,2894,1046,4742,6,1.1735265774528025,1.7676741823995716
138,1549584000,1369,822,-547,2191,6,-1.5542377774338432,-0.004399503466805432
138,1549598400,210,70,-140,280,6,-0.8573136767189249,-1.331891786371802
138,1549612800,297,772,475,1069,6,0.19577802337855604,-0.7838062755334754
138,1549627200,1159,2487,1328,3646,6,1.656407649692623,1.0063285298282079
138,1549641600,1267,1743,476,3010,6,0.19749036760635683,0.564525760635336
138,1549656000,1999,3505,1506,5504,6,1.9612049222411623,2.2970039153004653
138,1549670400,1418,1100,-318,2518,6,-1.1621109492674642,0.22275380710877485
138,1549684800,451,169,-282,620,6,-1.100466557066636,-1.0957079160485688
138,1549699200,169,230,61,399,6,-0.5131324869309677,-1.2492274317586705
138,1549713600,609,1160,551,1769,6,0.3259161846914155,-0.29754536604446563
138,1549728000,1203,1872,669,3075,6,0.5279728035719078,0.6096785593736012
138,1549742400,1570,2134,564,3704,6,0.3481766596528256,1.0466187194715828
138,1549756800,1190,1114,-76,2304,6,-0.7477236461396749,0.0740969004935633
138,1549771200,503,208,-295,711,6,-1.1227270320280462,-1.0324939978149976
138,1549785600,122,177,55,299,6,-0.5234065522977724,-1.318693275971386
138,1549800000,451,841,390,1292,6,0.05022876401548957,-0.6288974429391194
138,1549814400,1055,1582,527,2637,6,0.2848199232241967,0.3054181617219065
138,1549828800,1147,1222,75,2369,6,-0.4891596677417568,0.11924969923182849
138,1549843200,747,437,-310,1184,6,-1.148412195445058,-0.7039205546888524
138,1549857600,173,78,-95,251,6,-0.7802581864678897,-1.3520368811934897
138,1549872000,287,787,500,1074,6,0.23858662907357558,-0.7803329833228396
138,1549886400,882,2415,1533,3297,6,2.007438216391783,0.76389273352583
138,1549900800,972,1230,258,2202,6,-0.17580067405421365,0.0032417393965932934
138,1549915200,1772,2500,728,4272,6,0.6290011130121539,1.441184714599808
138,1549929600,1220,702,-518,1922,7,-1.5164184781892522,-0.03521847536200844
138,1549944000,180,77,-103,257,7,-0.7932541502989487,-1.2763963993970406
138,1549958400,290,749,459,1039,7,0.18606718048261892,-0.6934527738142207
138,1549972800,1056,2375,1319,3431,7,1.6846727756287903,1.0896689044391108
138,1549987200,980,1226,246,2206,7,-0.18509908901288627,0.17648995132024328
138,1550001600,1633,2749,1116,4382,7,1.330932152588473,1.798593952942003
138,1550016000,1275,756,-519,2031,7,-1.518161042834771,0.046035815160405065
138,1550030400,200,74,-126,274,7,-0.8333331371458812,-1.2637237118843705
138,1550044800,319,818,499,1137,7,0.25576976630337106,-0.6203984575647112
138,1550059200,931,2523,1592,3454,7,2.1603929238554236,1.1068143051915467
138,1550073600,990,1410,420,2400,7,0.11810715930738556,0.32110767940600676
138,1550074020,36,50,14,86,7,-0.5893740867732488,-1.4038687267303682
138,1550088000,1598,3052,1454,4650,7,1.9199190027738287,1.9983751443182123
138,1550102400,1352,804,-548,2156,7,-1.5686954175548162,0.13921734098886093
138,1550116800,231,95,-136,326,7,-0.8507587836010693,-1.2249601971397328
138,1550131200,269,795,526,1064,7,0.30281901173237874,-0.6748164686485295
138,1550145600,1108,2406,1298,3514,7,1.6480789180728952,1.1515414375892055
138,1550160000,1202,1454,252,2656,7,-0.17464370113977346,0.5119434443026843
138,1550174400,2020,3358,1338,5378,7,1.7177815038936475,2.5410643507431394
138,1550188800,1369,1028,-341,2397,7,-1.207984535932424,0.31887132278612385
138,1550203200,349,118,-231,467,7,-1.0163024249253556,-1.1198514360052347
138,1550217600,290,737,447,1027,7,0.16515640473639326,-0.7023982002937524
138,1550228127,769,1749,980,2518,7,1.0939433607979157,0.40907103978806914
138,1550228518,13,72,59,85,7,-0.5109586777249026,-1.404614178936996
138,1550232000,588,1715,1127,2303,7,1.3501003636891797,0.24879881536312504
138,1550246400,966,1658,692,2624,7,0.5920847428885002,0.48808897369059967
138,1550260800,1853,2518,665,4371,7,0.5450354974594924,1.7903939786690988
138,1550275200,1556,1186,-370,2742,7,-1.2585189106524692,0.576052334072662
138,1550289600,502,177,-325,679,7,-1.180103501604123,-0.9618155682001736
138,1550304000,118,255,137,373,7,-0.3750386353744359,-1.1899239434282336
138,1550318400,374,1050,676,1424,7,0.5642037085601993,-0.4064536742625766
138,1550332800,1058,1828,770,2886,7,0.7280047852389668,0.6833974518270431
138,1550347200,1511,2039,528,3550,7,0.30630414102341635,1.1783777170278007
138,1550361600,1287,1099,-188,2386,7,-0.9413721451680469,0.3106713485132197
138,1550376000,468,199,-269,667,7,-1.08251988145507,-0.9707609946797053
138,1550390400,92,177,85,269,7,-0.4656519969414136,-1.2674509729175087
138,1550404800,306,893,587,1199,7,0.4091154551090258,-0.5741804207537972
138,1550419200,945,1625,680,2570,7,0.5711739671422745,0.44783455453270676
138,1550433600,1311,1519,208,2830,7,-0.2513165455426008,0.6416521282558949
138,1550448000,934,562,-372,1496,7,-1.2620040399435069,-0.35278111538538603
138,1550462400,311,67,-244,378,7,-1.0389557653171,-1.1861966823950953
138,1550476800,108,339,231,447,7,-0.21123755869566832,-1.1347604801377877
138,1550491200,430,1115,685,1545,7,0.5798867903698686,-0.3162539572606313
138,1550505600,777,1407,630,2184,7,0.48404573486633434,0.16009000277443505
138,1550520000,1208,1628,420,2836,7,0.11810715930738556,0.6461248414956609
138,1550534400,980,444,-536,1424,8,-1.4930404548372327,-0.48526776202414984
138,1550548800,180,52,-128,232,8,-0.8299751998286878,-1.3255248047413846
138,1550563200,256,733,477,989,8,0.15324656311290444,-0.7919051895258252
138,1550577600,928,2237,1309,3165,8,1.505379632149937,0.7419868616089923
138,1550592000,1025,1253,228,2278,8,-0.2514182616349575,0.11672847495615077
138,1550606400,1773,2585,812,4358,8,0.6976751425929597,1.5829488179526676
138,1550620800,1330,644,-686,1974,8,-1.7368144456491976,-0.09756526748180168
138,1550635200,195,90,-105,285,8,-0.7925965212375199,-1.2881643825400309
138,1550649600,263,730,467,993,8,0.13699496372544012,-0.7890855350200627
138,1550664000,1104,2191,1087,3295,8,1.1445941257482288,0.8336256330462746
138,1550678400,1043,1283,240,2326,8,-0.23191634237000028,0.15056432902530115
138,1550692800,1725,2797,1072,4522,8,1.1202167266670324,1.6985546526889312
138,1550707200,1265,662,-603,1927,8,-1.6019261707332437,-0.13069620792451145
138,1550721600,185,62,-123,247,8,-0.8218494001349557,-1.314951100344775
138,1550736000,274,696,422,970,8,0.0638627664818506,-0.8052985484281973
138,1550739624,460,694,234,1154,8,-0.24166730200247888,-0.6755944411631207
138,1550750400,663,1860,1197,2523,8,1.3233617190103366,0.28943231343410586
138,1550764800,1110,1504,394,2614,8,0.018358288196950467,0.3535794534402035
138,1550779200,1913,2968,1055,4881,8,1.0925890077083429,1.9516186445811186
138,1550793600,1526,885,-641,2411,8,-1.6636822484056082,0.21048198727275497
138,1550808000,256,97,-159,353,8,-0.8803551579298272,-1.240230255942068
138,1550822400,264,704,440,968,8,0.0931156453792864,-0.8067083756810786
138,1550824736,229,398,169,627,8,-0.34730269802099706,-1.0470839222973345
138,1550832352,621,1421,800,2042,8,0.6781732233280025,-0.04963114088383863
138,1550836800,650,1662,1012,2312,8,1.0227071303422464,0.14069553825513229
138,1550851200,1281,1641,360,2922,8,-0.03689714972042827,0.5706928503839185
138,1550865600,1852,3391,1539,5243,8,1.8791664180616168,2.2067973773526277
138,1551484800,9416,9137,-279,18553,9,-1.2040400059690273,3.983114394174445
138,1551499200,483,181,-302,664,9,-1.256883487626101,-0.4814954784318021
138,1551513600,122,251,129,373,9,-0.26664259222615266,-0.5541211966345199
138,1551528000,436,1182,746,1618,9,1.150941241791871,-0.24340291772598516
138,1551542400,1090,1749,659,2839,9,0.9510550285672875,0.06132561122768625
138,1551556800,1330,1864,534,3194,9,0.663862193474495,0.1499239959767062
138,1551571200,1202,1053,-149,2255,9,-0.9053594574725231,-0.0844249710073212
138,1551585600,552,220,-332,772,9,-1.3258097680483714,-0.4545416036349172
138,1551600000,113,176,63,289,9,-0.4182804091551471,-0.5750853214765415
138,1551614400,352,950,598,1302,9,0.8109049250420047,-0.3222679587983522
138,1551628800,941,1440,499,2381,9,0.5834481996485131,-0.05297878374428878
138,1551643200,1098,1152,54,2250,9,-0.4389582932818281,-0.08567283558125106
138,1551657600,712,353,-359,1065,9,-1.3878434204284145,-0.3814167396026275
138,1551672000,173,77,-96,250,9,-0.7835896953931791,-0.5848186651531944
138,1551686400,240,492,252,732,9,0.01595515750515517,-0.46452452022635604
138,1551700800,867,1794,927,2661,9,1.5667964670062346,0.01690163239578329
138,1551715200,598,1061,463,1659,9,0.5007366631417889,-0.2331704282197603
138,1551729600,1409,2413,1004,3822,9,1.7437072534233948,0.3066557864622964
138,1551744000,787,576,-211,1363,10,-0.9522215107480043,-0.4899181848385605
138,1551758400,139,75,-64,214,10,-0.6961876397782438,-1.3181688958991729
138,1551772800,334,785,451,1119,10,0.20080177212261793,-0.6658043236538689
138,1551787200,875,2395,1520,3270,10,2.062707949446931,0.8847329082794446
138,1551801600,1113,1311,198,2424,10,-0.23985516226751413,0.27489818107554725
138,1551816000,1856,2579,723,4435,10,0.674551519767345,1.7245171366394219
138,1551830400,1280,775,-505,2055,10,-1.4642892526875253,0.008906438358953729
138,1551844800,168,59,-109,227,10,-0.7745653553812317,-1.3087979130934393
138,1551859200,305,831,526,1136,10,0.3314312981275978,-0.6535499615232941
138,1551862853,406,779,373,1185,10,0.06494706507743889,-0.6182285647939904
138,1551863470,69,172,103,241,10,-0.40531922854048863,-1.2987060854564954
138,1551873600,647,1834,1187,2481,10,1.4827128539848204,0.3159863364545333
138,1551888000,1144,1447,303,2591,10,-0.056973825860542324,0.39527926788766415
138,1551902400,1669,3019,1350,4688,10,1.7666143571689765,1.9068908789356227
138,1551916800,1371,726,-645,2097,10,-1.708131034563488,0.039181921269785515
138,1551931200,188,53,-135,241,10,-0.8198502577296247,-1.2987060854564954
138,1551945600,300,764,464,1064,10,0.22344422329681446,-0.7054507893704344
138,1551946172,46,74,28,120,10,-0.5359487545454685,-1.3859283100329391
138,1551960000,963,2403,1440,3366,10,1.9233697883749523,0.9539340120756316
138,1551974400,1092,1489,397,2581,10,0.10674851339903244,0.38807081957556133
138,1551988800,1799,2963,1164,4762,10,1.4426531326766265,1.9602333964451835
138,1552003200,1440,837,-603,2277,10,-1.634978500000699,0.16893399088763603
138,1552017600,225,83,-142,308,10,-0.8320423468234228,-1.2504094817654066
138,1552032000,272,772,500,1044,10,0.2861463957792048,-0.71986768599464
138,1552046400,1090,2305,1215,3395,10,1.5314812103600128,0.9748385121807297
138,1552060800,1264,1714,450,2978,10,0.1990600451092182,0.6742462175660427
138,1552075200,1725,3202,1477,4927,10,1.9878136878707422,2.07917279359488
138,1552089600,1363,1080,-283,2443,10,-1.077625855712785,0.28859423286854263
138,1552104000,495,191,-304,686,10,-1.1142021229941794,-0.9779301355679204
138,1552118400,108,248,140,356,10,-0.3408753290446986,-1.215808929867313
138,1552132800,539,1087,548,1626,10,0.3697492924223919,-0.30033599423025664
138,1552147200,1384,1842,458,3226,10,0.21299386121641606,0.8530157357061923
138,1552161600,1890,2103,213,3993,10,-0.21372925706651816,1.4059037212444776
138,1552176000,1481,1062,-419,2543,10,-1.3145007295351485,0.3606787159895707
138,1552194000,604,249,-355,853,10,-1.2030302006775657,-0.8575490487558035
138,1552208400,116,261,145,377,10,-0.33216669397769993,-1.2006711884118972
138,1552222800,380,886,506,1266,10,0.29659675785960316,-0.5598401334659576
138,1552237200,991,1398,407,2389,10,0.12416578353302976,0.24966861198318746
138,1552251600,1072,1319,247,2391,10,-0.15451053861092728,0.251110301645608
138,1552266000,695,300,-395,995,10,-1.272699281213555,-0.7551890827239437
138,1552280400,104,53,-51,157,10,-0.6735451886040473,-1.3592570512781588
138,1552294800,698,1419,721,2117,10,0.6710680657405454,0.053598817893991124
138,1552309200,820,1896,1076,2716,10,1.2893811554974501,0.48538487178894923
138,1552323600,1315,1543,228,2858,10,-0.18760335186552218,0.5877448378208091
138,1552338000,1784,2554,770,4338,10,0.7564126893971324,1.6545951880120244
138,1552352400,1134,441,-693,1575,11,-1.8405785125773961,-0.49040640162815347
138,1552366800,103,63,-40,166,11,-0.7309835611064834,-1.5370178587222718
138,1552381200,734,1494,760,2228,11,0.6283976964382797,-0.00535510178254716
138,1552395600,924,1942,1018,2866,11,1.066798151996466,0.4685541314509855
138,1552410000,1372,1632,260,3004,11,-0.22121558952719722,0.5710611442820631
138,1552424400,2101,2592,491,4693,11,0.1713057485888531,1.8256578448015564
138,1552438800,1101,535,-566,1636,11,-1.6247767379421652,-0.44509533073905394
138,1552453200,114,80,-34,194,11,-0.7207882016748977,-1.5162193343797343
138,1552467600,717,1483,766,2200,11,0.6385930558698655,-0.026153626125084643
138,1552482000,873,2056,1183,2929,11,1.3471705363650732,0.5153508112216948
138,1552496400,1436,1578,142,3014,11,-0.4217243250150498,0.5784891886901122
138,1552510800,1946,2923,977,4869,11,0.9971298625472969,1.9563914263832205
138,1552525200,1085,552,-533,1637,11,-1.5687022610684436,-0.44435252629824906
138,1552539600,93,60,-33,153,11,-0.7190889751029668,-1.5466743164527357
138,1552552071,426,979,553,1405,11,0.27665779604857227,-0.6166831565649882
138,1552554000,437,1170,733,1607,11,0.582518578996144,-0.46663665952239636
138,1552568400,824,2050,1226,2874,11,1.4202372789581044,0.47449656697742476
138,1552582800,1479,1685,206,3164,11,-0.31297382441146876,0.6899098548108488
138,1552597200,2015,3041,1026,5056,11,1.0803919645719136,2.0952958568137388
138,1552611600,1327,649,-678,1976,11,-1.815090113998432,-0.19254182086538452
138,1552626000,209,65,-144,274,11,-0.9077031245873025,-1.4567949791153416
138,1552640400,681,1458,777,2139,11,0.6572845481611059,-0.07146469701418416
138,1552654800,927,2187,1260,3114,11,1.4780109824037568,0.6527696327706032
138,1552669200,1530,1853,323,3383,11,-0.11416431549554713,0.852584027347124
138,1552683600,1681,2970,1289,4651,11,1.5272885529897544,1.7944600582877501
138,1552698000,1308,791,-517,2099,11,-1.5415146359175482,-0.10117687464638056
138,1552712400,266,152,-114,418,11,-0.8567263274293739,-1.3498311396394345
138,1552726800,125,423,298,548,11,-0.15664497979382097,-1.2532665623347963
138,1552741200,599,1529,930,2128,11,0.9172662136665419,-0.07963554586303817
138,1552755600,1329,2240,911,3569,11,0.8849809087998538,0.9907456533368373
138,1552770000,1567,2291,724,3858,11,0.5672255398487653,1.2054161367294562
138,1552784400,1253,848,-405,2101,11,-1.3512012598612815,-0.09969126576477075
138,1552798800,322,117,-205,439,11,-1.0113559454750907,-1.3342322463825314
138,1552813200,178,272,94,450,11,-0.5032872004677356,-1.3260613975336775
138,1552827600,486,1267,781,1753,11,0.6640814544488297,-0.35818721116487945
138,1552842000,1041,1873,832,2914,11,0.7507420096173084,0.5042087446096212
138,1552856400,1198,1403,205,2601,11,-0.3146730509833997,0.2717109546376843
138,1552870800,764,387,-377,1151,11,-1.3036229158472148,-0.8053554845294354
138,1552885200,126,71,-55,197,11,-0.7564719596854477,-1.5139909210573197
138,1552899600,651,1428,777,2079,11,0.6572845481611059,-0.11603296346247877
138,1552914000,727,1832,1105,2559,11,1.214630863754459,0.2405131681238781
138,1552928400,989,1359,370,2348,11,-0.0343006666147923,0.08378143111404206
138,1552942800,1470,2625,1155,4095,11,1.2995921923510065,1.38146078920022
138,1552957200,937,413,-524,1350,12,-1.6205415511352288,-0.6220790097856047
138,1552971600,109,67,-42,176,12,-0.7698675420290036,-1.5602491218672259
138,1552986000,731,1456,725,2187,12,0.5837983604284126,0.046786734517902065
138,1553000400,780,1959,1179,2739,12,1.3850556221176784,0.4879024942019352
138,1553014800,1165,1545,380,2710,12,-0.025086563101976718,0.4647279343634625
138,1553029200,1717,2627,910,4344,12,0.9103018701476068,1.7704945128484446
138,1553043600,969,471,-498,1440,12,-1.5746545713909097,-0.5501579620110341
138,1553058000,120,66,-54,186,12,-0.7910461480648433,-1.552257894336718
138,1553072400,683,1518,835,2201,12,0.7779355824236093,0.05797445306061305
138,1553086800,756,1943,1187,2699,12,1.3991746928082383,0.4559375840799038
138,1553101200,1118,1526,408,2644,12,0.024330184314982416,0.4119858326621107
138,1553115600,1666,2956,1290,4622,12,1.580957727949195,1.9926506381965627
138,1553130000,1099,524,-575,1623,12,-1.7105506267875472,-0.4039184982027405
138,1553144400,123,68,-55,191,12,-0.7928110319011633,-1.548262280571464
138,1553158800,678,1422,744,2100,12,0.617331153318492,-0.0227369449975162
138,1553173200,800,1962,1162,2762,12,1.355052596900239,0.5062823175221033
138,1553187600,1057,1448,391,2505,12,-0.005672840902457058,0.3009077699880516
138,1553202000,1602,2917,1315,4519,12,1.6250798238571942,1.910340994632332
138,1553216400,956,550,-406,1506,12,-1.4122852584494725,-0.4974158603096823
138,1553230800,134,76,-58,210,12,-0.7981056834101232,-1.5330789482634992
138,1553245200,617,1308,691,1925,12,0.5237923099935337,-0.16258342678140353
138,1553259600,792,1932,1140,2724,12,1.3162251525011996,0.47591565290617344
138,1553274000,1244,1911,667,3155,12,0.4814350979218544,0.8203375594710617
138,1553288400,1623,2753,1130,4376,12,1.298576314138,1.7960664409460698
138,1553302800,1234,849,-385,2083,12,-1.3752226978867532,-0.03632203179937954
138,1553317200,287,141,-146,428,12,-0.9534154610062806,-1.3588701880984282
138,1553331600,154,477,323,631,12,-0.12568494177221495,-1.196648269229119
138,1553346000,562,1383,821,1945,12,0.7532272087151296,-0.14660097172038783
138,1553360400,1164,2034,870,3198,12,0.8397065166948081,0.8546998378522453
138,1553374800,1461,2011,550,3472,12,0.274943689072418,1.0736594721881605
138,1553389200,1267,788,-479,2055,12,-1.5411217785008302,-0.05869746888480151
138,1553403600,306,152,-154,458,12,-0.9675345316968403,-1.3348965055069046
138,1553418000,117,357,240,474,12,-0.2721703001867724,-1.322110541458092
138,1553432400,499,1111,612,1610,12,0.3843664869242561,-0.4143070939924007
138,1553446800,1116,1661,545,2777,12,0.2661192698908182,0.5182691588178651
138,1553461200,1166,1298,132,2464,12,-0.46277775450932906,0.2681437371129694
138,1553475600,826,353,-473,1179,12,-1.5305324754829104,-0.7587290005572889
138,1553490000,115,69,-46,184,12,-0.7769270773742836,-1.5538561398428197
138,1553504400,695,1379,684,2074,12,0.5114381231392939,-0.0435141365768366
138,1553518800,884,1813,929,2697,12,0.9438346630376863,0.45433933857380226
138,1553533200,1286,1324,38,2610,12,-0.6286768351234061,0.384815659058384
138,1553547600,1804,2358,554,4162,12,0.28200322441769793,1.6250541717932019
138,1553562000,1037,428,-609,1465,13,-1.7041548026467783,-0.49403187173241087
138,1553576400,145,78,-67,223,13,-0.720547567700257,-1.4140159829037047
138,1553590800,727,1471,744,2198,13,0.7512337377271024,0.04892171400716912
138,1553605200,855,2009,1154,2864,13,1.4952908711737332,0.5422465272439498
138,1553619600,1314,1613,299,2927,13,-0.05634046808692338,0.5889123879555372
138,1553634000,2036,2711,675,4747,13,0.6260143664885232,1.93703725295695
138,1553648400,1103,491,-612,1594,13,-1.7095991231354122,-0.3984779664658272
138,1553662800,110,78,-32,188,13,-0.6570304953328617,-1.4399414610768086
138,1553677200,690,1506,816,2196,13,0.8818974294543156,0.047440258111563174
138,1553691600,929,2151,1222,3080,13,1.618695468916101,0.7022437639693923
138,1553706000,1368,1360,-8,2728,13,-0.6134759314237906,0.44150752634274537
138,1553720400,2001,2719,718,4720,13,0.7040496268256088,1.9170375983662697
138,1553734800,1130,536,-594,1666,13,-1.6769332002036088,-0.3451455542240131
138,1553749200,131,71,-60,202,13,-0.707844153226778,-1.429571269807567
138,1553763600,619,1512,893,2131,13,1.0216349886625853,-0.0007070584956301423
138,1553778000,986,2032,1046,3018,13,1.2992953335829134,0.6563186312056078
138,1553792400,1436,1772,336,3208,13,0.010806151272894495,0.797056941288173
138,1553806800,2110,2903,793,5013,13,0.8401576390414559,2.134070887072541
138,1553821200,1226,555,-671,1781,13,-1.8166707594118785,-0.25996184022667107
138,1553835600,155,85,-70,240,13,-0.7259918881888909,-1.401423607791054
138,1553850000,635,1426,791,2061,13,0.8365280920490333,-0.05255801484183833
138,1553852964,302,580,278,882,13,-0.09445071150736056,-0.9258762653015448
138,1553857333,238,650,412,888,13,0.14872893698495285,-0.9214318976147269
138,1553864400,500,1500,1000,2000,13,1.2158157527571938,-0.09774241965781974
138,1553878800,1491,2021,530,3512,13,0.36287220953788557,1.022238237420277
138,1553893200,1871,3276,1405,5147,13,1.950799018722768,2.2333284320781397
138,1553907600,1374,796,-578,2170,13,-1.6478968242642282,0.028181331468685848
138,1553922000,303,137,-166,440,13,-0.9002101438251752,-1.2532780182304593
138,1553936400,145,468,323,613,13,-0.012785904177852327,-1.1251320832605447
138,1553950800,611,1323,712,1934,13,0.6931609858483411,-0.14663046421281603
138,1553965200,1170,1878,708,3048,13,0.6859018918634959,0.678540469639697
138,1553979600,1533,2101,568,3634,13,0.4318336023939147,1.1126070470522398
138,1553994000,1247,846,-401,2093,13,-1.326681915434829,-0.028854720512143158
138,1554008400,346,137,-209,483,13,-0.9782454041622607,-1.2214267164749315
138,1554022800,109,246,137,355,13,-0.350333774473153,-1.316239893793712
138,1554037200,481,1048,567,1529,13,0.43001882889770343,-0.4466252830730205
138,1554051600,918,1250,332,2168,13,0.0035470572880493194,0.026699875573079897
138,1554066000,970,1051,81,2021,13,-0.45196109026098547,-0.0821871327539573
138,1554080400,687,274,-413,961,13,-1.3484591973893647,-0.8673587574251098
138,1554094800,100,64,-36,164,13,-0.6642895893177069,-1.4577189318240802
138,1554109200,734,1444,710,2178,13,0.6895314388559185,0.03410715505110964
138,1554123600,819,1868,1049,2687,13,1.3047396540715472,0.41113768048282345
138,1554138000,1267,1318,51,2585,13,-0.5064042951473243,0.3355834298069201
138,1554152400,1683,2381,698,4064,13,0.667754156901383,1.4311200646075188
138,1554166800,1094,515,-579,1609,14,-1.4870316163585249,-0.5229594211128342
138,1554181200,156,61,-95,217,14,-0.708752041246885,-1.475667248482295
138,1554195600,788,1559,771,2347,14,0.6837895125685699,-0.017860012636783804
138,1554210000,901,2129,1228,3030,14,1.4186526651016678,0.44959648599349045
138,1554224400,1362,1596,234,2958,14,-0.1797148920490967,0.40031849492265625
138,1554238800,1951,2582,631,4533,14,0.45866732142057487,1.478274549597154
138,1554253200,1289,659,-630,1948,14,-1.5690404145624375,-0.2909422131543232
138,1554267600,155,88,-67,243,14,-0.663727603017286,-1.4578724183733827
138,1554282000,720,1518,798,2238,14,0.7272059351471118,-0.09246141578568555
138,1554296400,820,1838,1018,2658,14,1.0809693783796752,0.19499353212751386
138,1554310800,1398,1489,91,2887,14,-0.409661130150263,0.35172492039447256
138,1554325200,2149,3000,851,5149,14,0.8124307646531385,1.8998751398698466
138,1554339600,1443,622,-821,2065,14,-1.876171403914345,-0.21086547766421768
138,1554354000,211,63,-148,274,14,-0.7939768707529117,-1.436655505551218
138,1554368400,741,1551,810,2292,14,0.7465021229597971,-0.05550292248255991
138,1554382800,958,2067,1109,3025,14,1.227298802625872,0.4461744032802381
138,1554397200,1429,1780,351,3209,14,0.008422939124584852,0.5721070471279255
138,1554411600,2131,2941,810,5072,14,0.7465021229597971,1.84717506608576
138,1554426000,1386,664,-722,2050,14,-1.7169778544596914,-0.2211317258039748
138,1554440400,201,94,-107,295,14,-0.7280482290595702,-1.422282758155558
138,1554454800,688,1462,774,2150,14,0.6886135595217412,-0.15269007153892733
138,1554469200,945,2179,1234,3124,14,1.4283007590080106,0.5139316410026351
138,1554483600,1551,1876,325,3427,14,-0.033385467802899936,0.721309853425729
138,1554498000,1917,2942,1025,4859,14,1.092225487937075,1.7013943425012088
138,1554512400,1241,727,-514,1968,14,-1.382510599039813,-0.27725388230131376
138,1554526800,228,115,-113,343,14,-0.7376963229659129,-1.3894307641083352
138,1554541200,158,457,299,615,14,-0.07519387473038472,-1.203269464507406
138,1554555600,412,1376,964,1788,14,0.9941365332225915,-0.4004488599783992
138,1554570000,1993,3759,1766,5752,14,2.2837650853703915,2.3125783150880825
138,1554584400,1558,2110,552,3668,14,0.3316340849870634,0.8862542402044934
138,1554598800,1387,939,-448,2326,14,-1.276381566070044,-0.03223276003244377
138,1554613200,337,143,-194,480,14,-0.8679455907015386,-1.2956656977652201
138,1554627600,158,283,125,441,14,-0.35498859801432137,-1.3223579429285888
138,1554642000,524,1127,603,1651,14,0.41364288319097586,-0.49421392632151423
138,1554656400,1199,1486,287,2685,14,-0.09449006254307002,0.21347277877907667
138,1554670800,1249,1078,-171,2327,14,-0.8309612307272253,-0.031548343489793296
138,1554685200,814,326,-488,1140,14,-1.3407021921123283,-0.8439507796159068
138,1554699600,112,69,-43,181,14,-0.6251352273919154,-1.5003062440177122
138,1554714000,722,1497,775,2219,14,0.6902215751727984,-0.10546533009604457
138,1554728400,875,2034,1159,2909,14,1.3076995851787274,0.36678208433278303
138,1554742800,1296,1533,237,2829,14,-0.17489084509592537,0.31202876092074505
138,1554757200,1927,2762,835,4689,14,0.7867025142362247,1.585043530250628
138,1554771600,1270,500,-770,1770,15,-1.852208789763558,-0.3465568176892483
138,1554786000,153,89,-64,242,15,-0.6608429372899031,-1.4907746621563476
138,1554800400,743,1571,828,2314,15,0.8443955052122218,0.0608086976184101
138,1554814800,824,2027,1203,2851,15,1.4772031463986532,0.46293237725115377
138,1554829200,1320,1620,300,2940,15,-0.046597653578273605,0.5295785736893552
138,1554843600,1932,2489,557,4421,15,0.3870865165148274,1.6386012357677415
138,1554858000,1260,543,-717,1803,15,-1.7627719764758758,-0.3218453066503646
138,1554872400,213,88,-125,301,15,-0.7637796469228959,-1.446593475753495
138,1554886323,674,1439,765,2113,15,0.7380838214929013,-0.08970686961842692
138,1554886800,513,1221,708,1734,15,0.6418970600325637,-0.3735148297316669
138,1554887227,46,110,64,156,15,-0.44484459576493446,-1.5551743575910142
138,1554901200,878,1847,969,2725,15,1.08233117829832,0.3685793351026888
138,1554915600,1387,1541,154,2928,15,-0.2929707618801909,0.5205925696752157
138,1554930000,2038,2626,588,4664,15,0.4393986148529057,1.820567817054067
138,1554944400,1389,621,-768,2010,15,-1.8488338156772304,-0.16683673740645782
138,1554958800,172,77,-95,249,15,-0.7131550356279813,-1.485532826481433
138,1554973200,733,1494,761,2227,15,0.731333873320246,-0.0043398314841014436
138,1554987600,868,2032,1164,2900,15,1.4113911517152644,0.49962522697555684
138,1555002000,1492,1548,56,3040,15,-0.45834449211024497,0.6044619404738513
138,1555016400,2084,2693,609,4777,15,0.47483584275934587,1.9051860215205474
138,1555030800,1503,695,-808,2198,15,-1.9163332974037832,-0.026056007851605292
138,1555045200,223,86,-137,309,15,-0.7840294914408616,-1.4406028064107352
138,1555059600,692,1438,746,2130,15,0.7060215676727888,-0.0769766972650626
138,1555074000,897,2153,1256,3050,15,1.5666399596863356,0.6119502771523009
138,1555088400,1502,1933,431,3435,15,0.17446314907618643,0.9002512392726106
138,1555102800,1791,3131,1340,4922,15,1.708388871312096,2.0137669033580665
138,1555117200,1415,838,-577,2253,15,-1.5265237904329412,0.015129843879867525
138,1555131600,256,122,-134,378,15,-0.7789670303113702,-1.388933283329433
138,1555146000,157,392,235,549,15,-0.1562843113839217,-1.260882726127945
138,1555160400,621,1383,762,2004,15,0.7330213603634099,-0.17132973941352758
138,1555174800,1349,2100,751,3449,15,0.7144590028886079,0.91073491062244
138,1555189200,1469,2270,801,3739,15,0.7988333550467988,1.1278966742974785
138,1555203600,1204,902,-302,2106,15,-1.0624648535628916,-0.09494870529334164
138,1555218000,383,158,-225,541,15,-0.9325283512392776,-1.2668733954707045
138,1555232400,112,286,174,398,15,-0.2592210210169146,-1.3739566099725338
138,1555246800,560,1253,693,1813,15,0.6165847543851065,-0.31435696997191503
138,1555261200,1238,1718,480,2956,15,0.25715001419121347,0.5415599123748747
138,1555275600,1000,1162,162,2162,15,-0.2794708655348804,-0.053014019894023864
138,1555290000,732,315,-417,1047,15,-1.2565258635267305,-0.8879635595411546
138,1555304400,93,53,-40,146,15,-0.6203432482539714,-1.562662694269464
138,1555318800,721,1371,650,2092,15,0.5440228115290624,-0.10543237664317108
138,1555333200,881,2373,1492,3254,15,1.9648869018729962,0.7647123453926729
138,1555347600,1250,1479,229,2729,15,-0.1664092336429046,0.3715746697740686
138,1555362000,1876,2542,666,4418,15,0.5710226042196834,1.6363547347642067
138,1555376400,1023,369,-654,1392,16,-1.7476170233826684,-0.5926757315923963
138,1555390800,95,54,-41,149,16,-0.6515621676176401,-1.4944631829494723
138,1555405200,763,1588,825,2351,16,0.8968611685854833,0.10307178719395602
138,1555419600,925,2130,1205,3055,16,1.5763078980972465,0.6138186622988486
138,1555434000,1472,1660,188,3132,16,-0.2421061122013407,0.6696816017634463
138,1555448400,2142,2872,730,5014,16,0.7269994862075425,2.0350589014046507
138,1555462800,1053,444,-609,1497,16,-1.6671562264668018,-0.5164989959588541
138,1555477200,108,49,-59,157,16,-0.6837464863839867,-1.4886592411869166
138,1555491600,757,1611,854,2368,16,0.9487136821534863,0.11540516343938666
138,1555506000,918,2154,1236,3072,16,1.6317364470837323,0.6261520385442793
138,1555520400,1471,1776,305,3247,16,-0.032908040220087316,0.7531132646001829
138,1555534800,2083,2926,843,5009,16,0.92904548735183,2.0314314378030534
138,1555549200,1186,601,-585,1787,16,-1.6242438014450062,-0.3061061070662136
138,1555563600,135,47,-88,182,16,-0.7355989999519897,-1.4705219231789304
138,1555578000,746,1514,768,2260,16,0.7949441591587189,0.03705194964488609
138,1555592400,1013,2182,1169,3195,16,1.5119392605645532,0.7153876431435716
138,1555606800,1462,1921,459,3383,16,0.2424466870031009,0.8517802745636281
138,1555621200,2193,2919,726,5112,16,0.7198474153705766,2.1061571879959566
138,1555635600,1381,662,-719,2043,16,-1.8638381744833648,-0.1203799706644345
138,1555650000,181,72,-109,253,16,-0.7731473718460609,-1.4190119400362495
138,1555664400,428,1166,738,1594,16,0.7413036278814744,-0.4461262020878674
138,1555678800,885,2110,1225,2995,16,1.6120682522820762,0.5702890990796816
138,1555693200,1382,2181,799,3563,16,0.8503727081452048,0.9823689642211291
138,1555707600,1801,2548,747,4349,16,0.7573957872646477,1.5526062423922165
138,1555722000,1315,757,-558,2072,16,-1.5759673232954863,-0.09934068177517046
138,1555736400,247,89,-158,336,16,-0.8607602395988935,-1.358796044249735
138,1555750800,131,349,218,480,16,-0.18846558092409624,-1.2543250925237344
138,1555765200,475,1145,670,1620,16,0.6197184236530536,-0.4272633913595617
138,1555779600,1010,1556,546,2566,16,0.39800422770710986,0.2590527220626377
138,1555794000,1246,1854,608,3100,16,0.5088613256800817,0.6464658347132238
138,1555808400,1190,679,-511,1869,16,-1.4919304909611366,-0.24661570400001875
138,1555822800,381,86,-295,467,16,-1.1057186657649765,-1.2637564978878872
138,1555837200,113,238,125,351,16,-0.35475122788355407,-1.3479136534449434
138,1555851600,499,1020,521,1519,16,0.3533037849760728,-0.5005381561118262
138,1555866000,942,1386,444,2328,16,0.21562642136447868,0.08638545462660867
138,1555880400,1102,1225,123,2327,16,-0.358327263302037,0.08565996190628922
138,1555894800,768,362,-406,1130,16,-1.304188631490781,-0.7827548243160921
138,1555909200,99,44,-55,143,16,-0.6765944155470208,-1.498816139271389
138,1555923600,622,1299,677,1921,16,0.632234547617744,-0.20889008254340735
138,1555938000,832,1705,873,2537,16,0.9826860186290745,0.23801343317337365
138,1555952400,1224,1419,195,2643,16,-0.22958998823665033,0.3149156615272353
138,1555966800,1797,2410,613,4207,16,0.5178014142262891,1.4495862761068548
138,1555981200,990,352,-638,1342,17,-1.7590412428899578,-0.49130781896044046
138,1555995600,82,51,-31,133,17,-0.6183732665652026,-1.324494442555185
138,1556010000,715,1443,728,2158,17,0.8079315011950762,0.07104146545090079
138,1556024400,777,2078,1301,2855,17,1.8847070373303065,0.5513814792189214
138,1556038800,1484,1664,180,3148,17,-0.2218642995066798,0.7533034649205428
138,1556053200,2180,2710,530,4890,17,0.43585199656196,1.9538089225731854
138,1556067600,1201,525,-676,1726,17,-1.8304504407488387,-0.2266728615903975
138,1556082000,118,56,-62,174,17,-0.6766281385027108,-1.2962391476276545
138,1556096400,730,1441,711,2171,17,0.7759852811003137,0.08000046140353244
138,1556110800,970,2091,1121,3061,17,1.5464529422092919,0.6933471073913924
138,1556125200,1510,1813,303,3323,17,0.009275998826013617,0.8739053335136613
138,1556139600,2164,2836,672,5000,17,0.7026968938240938,2.0296158114031457
138,1556154000,1288,594,-694,1882,17,-1.8642758502609402,-0.11916491015881758
138,1556168400,143,76,-67,219,17,-0.6860240855894056,-1.2652272385608525
138,1556182800,705,1423,718,2128,17,0.7891396070216865,0.05036685940636618
138,1556197200,946,2072,1126,3018,17,1.5558488892959867,0.6637135053942261
138,1556211600,1550,1875,325,3425,17,0.050618166007470974,0.9441989940650789
138,1556226000,1989,2916,927,4905,17,1.1818901952455316,1.9641462255954527
138,1556240400,1241,644,-597,1885,17,-1.68199447677906,-0.11709744955436412
138,1556254800,169,67,-102,236,17,-0.7517957151962695,-1.2535116284689496
138,1556269200,636,1252,616,1888,17,0.5974622864531115,-0.11502998894991066
138,1556283600,955,2047,1092,3002,17,1.4919564491064616,0.652687048837141
138,1556298000,1438,1893,455,3331,17,0.29491279026153716,0.8794185617922038
138,1556312400,1755,2868,1113,4623,17,1.53141942687058,1.7698049287768274
138,1556326800,1225,606,-619,1831,17,-1.7233366439605173,-0.15431174043452642
138,1556341200,282,130,-152,412,17,-0.8457551860632181,-1.1322206063410132
138,1556355600,157,442,285,599,17,-0.024549410686087857,-1.0033488953300809
138,1556370000,646,1542,896,2188,17,1.1236353233080234,0.09171607149543538
138,1556384400,1371,2113,742,3484,17,0.8342401530378218,0.9848590526193303
138,1556398800,1523,1946,423,3469,17,0.2347787289066901,0.9745217495970631
138,1556413200,1244,859,-385,2103,17,-1.2836063203031982,0.03313802103592067
138,1556427600,319,140,-179,459,17,-0.8964933003313703,-1.0998303902045756
138,1556442000,118,282,164,400,17,-0.25193133018410335,-1.140490448758827
138,1556456400,497,1125,628,1622,17,0.6200125594611792,-0.29834482921145083
138,1556470800,1091,1525,434,2616,17,0.25544981249741877,0.3866737843974624
138,1556485200,1036,1084,48,2120,17,-0.46991730259542397,0.04485363112782362
138,1556499600,719,322,-397,1041,17,-1.3061565933112658,-0.6987430329406044
138,1556514000,104,72,-32,176,17,-0.6202524559825416,-1.2948608405580189
138,1556523449,202,534,332,736,17,0.06377249192884377,-0.9089348610600395
138,1556523529,7,14,7,21,17,-0.5469640687063217,-1.401679638454781
138,1556523610,4,12,8,16,17,-0.5450848792889827,-1.40512540612887
138,1556523690,10,13,3,23,17,-0.5544808263756776,-1.4003013313851453
138,1556526844,242,518,276,760,17,-0.0414621154421386,-0.8923951762244118
138,1556528400,491,1128,637,1619,17,0.6369252642172298,-0.3004122898159043
138,1556542800,819,1944,1125,2763,17,1.5539696998786476,0.487979354015682
138,1556557200,1429,1596,167,3025,17,-0.2462937619320864,0.6685375801379508
138,1556571600,2014,2561,547,4575,17,0.4677982166567225,1.7367255591055721
138,1556586000,1018,435,-583,1453,18,-1.6710823824166503,-0.4524171640860333
138,1556600400,94,51,-43,145,18,-0.6852366125429936,-1.3384290012161975
138,1556614800,786,1604,818,2390,18,0.8866396983111146,0.18228703422510126
138,1556629200,890,2054,1164,2944,18,1.5183112471560873,0.557555044752709
138,1556643600,1512,1614,102,3126,18,-0.420518766928771,0.6808380373809123
138,1556658000,2136,2740,604,4876,18,0.4959526709908136,1.866251428036713
138,1556672400,1279,497,-782,1776,18,-2.0343848050182385,-0.23362372112499116
138,1556686800,106,69,-37,175,18,-0.6742827706555086,-1.3181076288049551
138,1556696499,225,607,382,832,18,0.09066052115386584,-0.8730695729987489
138,1556696580,6,18,12,24,18,-0.5848263952410471,-1.4203918699415414
138,1556696660,5,17,12,22,18,-0.5848263952410471,-1.421746628102291
138,1556696741,10,20,10,30,18,-0.5884776758702088,-1.416327595459293
138,1556701200,555,1257,702,1812,18,0.6748654218197365,-0.2092380742315004
138,1556703803,281,650,369,931,18,0.06692719706431484,-0.8060090440416493
138,1556715600,696,1583,887,2279,18,1.012608880017193,0.10709795630350473
138,1556730000,1437,1627,190,3064,18,-0.25986241924565656,0.6388405343976783
138,1556744400,2125,2910,785,5035,18,0.8263935679299467,1.9739547018162973
138,1556758800,1239,561,-678,1800,18,-1.8445182123018307,-0.2173666231959973
138,1556773200,128,60,-68,188,18,-0.7308776204075148,-1.3093017007600836
138,1556787600,767,1542,775,2309,18,0.8081371647841382,0.12741932871474704
138,1556802000,956,2124,1168,3080,18,1.5256138084144106,0.6496785996836741
138,1556816400,1462,1725,263,3187,18,-0.1265906762812548,0.7221581612837716
138,1556830800,2118,2892,774,5010,18,0.8063115244695573,1.9570202248069288
138,1556845200,1265,659,-606,1924,18,-1.7130721096520098,-0.13337161722952914
138,1556859600,145,74,-71,219,18,-0.7363545413512573,-1.2883029492684666
138,1556874000,680,1488,808,2168,18,0.8683832951653061,0.03190887838190823
138,1556888400,964,2098,1134,3062,18,1.4635420377186619,0.6374857762369288
138,1556902800,1632,2102,470,3734,18,0.2513168688369803,1.0926845182487563
138,1556917200,2033,3200,1167,5233,18,1.5237881680998298,2.1080757597304967
138,1556931600,1493,903,-590,2396,18,-1.6838618646187162,0.1863513087073497
138,1556946000,297,160,-137,457,18,-0.8568468021135931,-1.1270867281392776
138,1556960400,171,440,269,611,18,-0.11563683439376973,-1.0227703497615672
138,1556974800,654,1643,989,2297,18,1.1988241921044391,0.11929077975025011
138,1556989200,1284,2069,785,3353,18,0.8263935679299467,0.8346030886259791
138,1557003600,1501,2380,879,3881,18,0.9980037575005462,1.1922592430638435
138,1557018000,1258,975,-283,2233,18,-1.1233902880423967,0.07593851860626655
138,1557032400,347,132,-215,479,18,-0.9992467466508991,-1.1121843883710332
138,1557046800,104,280,176,384,18,-0.2854213836497884,-1.1765354010066338
138,1557061200,465,1219,754,1684,18,0.7697987181779404,-0.2959425965194675
138,1557075600,1046,1718,672,2764,18,0.6200962123823112,0.43562681028525524
138,1557090000,1107,1485,378,2592,18,0.08335795989554245,0.3191176084607994
138,1557104400,850,329,-521,1179,18,-1.5578926829126378,-0.6380190321087129
138,1557118800,107,52,-55,159,18,-0.7071442963179637,-1.3289456940909512
138,1557133200,720,1467,747,2187,18,0.7570192359758745,0.04477908090902835
138,1557147600,792,1882,1090,2674,18,1.3832138638771048,0.37466269305152833
138,1557162000,1382,1603,221,2985,18,-0.20326756949365032,0.5853275870480735
138,1557176400,1903,2636,733,4539,18,0.7314602715717428,1.6379746779504247
138,1557190800,1099,475,-624,1574,19,-1.6600541285663968,-0.5136362573569372
138,1557205200,149,70,-79,219,19,-0.7191211104680206,-1.490609499542208
138,1557219600,776,1639,863,2415,19,0.907225500630457,0.09273606491451127
138,1557234000,886,2091,1205,2977,19,1.4976825505197133,0.49794563104596673
138,1557248400,1479,1727,248,3206,19,-0.15456129960899495,0.6630577140425918
138,1557262800,2172,2478,306,4650,19,-0.05442530869210353,1.7042011544230575
138,1557277200,1171,615,-556,1786,19,-1.5426533116293517,-0.3607814032290572
138,1557291600,128,63,-65,191,19,-0.6949503540398054,-1.5107978765024939
138,1557306000,771,1599,828,2370,19,0.8467986095599191,0.060290459085480134
138,1557320400,942,2027,1085,2969,19,1.290504638277869,0.49217752334302783
138,1557334800,1522,1942,420,3464,19,0.14239370793764855,0.8490791874623703
138,1557349200,2152,2914,762,5066,19,0.7328507578269048,2.0041427549758786
138,1557363600,1303,580,-723,1883,19,-1.8309759061659185,-0.29084309733092345
138,1557378000,172,69,-103,241,19,-0.7605566929163895,-1.474747203359126
138,1557392400,763,1587,824,2350,19,0.8398926791518577,0.045870189828132964
138,1557406800,944,2130,1186,3074,19,1.4648793810814214,0.5678839369441004
138,1557421200,1491,1665,174,3156,19,-0.28232101215813227,0.6270070408992239
138,1557435600,2039,2774,735,4813,19,0.6862357275724899,1.821726348870437
138,1557450000,1274,666,-608,1940,19,-1.6324304069341509,-0.249745329947484
138,1557464400,162,64,-98,226,19,-0.7519242799063126,-1.4855624053021363
138,1557478800,697,1420,723,2117,19,0.6655179363483054,-0.12212594701996156
138,1557493200,912,2241,1329,3153,19,1.711766393169619,0.6248440005106218
138,1557507600,1588,1992,404,3580,19,0.11476998630540264,0.9327167491549838
138,1557522000,1975,3178,1203,5153,19,1.4942295853156826,2.066870926245339
138,1557536400,1436,896,-540,2332,19,-1.5150295899971058,0.03289194749652051
138,1557550800,360,143,-217,503,19,-0.9573757095461416,-1.2858416760878781
138,1557565200,154,455,301,609,19,-0.06305772170218038,-1.2094142490239381
138,1557579600,547,1333,786,1880,19,0.7742863402752737,-0.2930061377195255
138,1557594000,1261,1934,673,3195,19,0.5791938062475369,0.6551265659510509
138,1557608400,1563,2117,554,3680,19,0.37374237660770804,1.0048180954417196
138,1557622800,1296,725,-571,2021,19,-1.5685505506595823,-0.19134323945522796
138,1557637200,314,92,-222,406,19,-0.9660081225562185,-1.355779981986012
138,1557651600,104,291,187,395,19,-0.2598767383319325,-1.3637111300775528
138,1557666000,408,977,569,1385,19,0.39963961563793854,-0.649907801838868
138,1557680400,771,1235,464,2006,19,0.21835894242632478,-0.20215844139823835
138,1557694800,854,1110,256,1964,19,-0.140749438792872,-0.2324410068386674
138,1557709200,776,290,-486,1066,19,-1.421799529488276,-0.8799110964935553
138,1557723600,129,39,-90,168,19,-0.7381124190901897,-1.5273811861484432
138,1557738000,734,1399,665,2133,19,0.565381945431414,-0.11058973161408382
138,1557752400,874,1910,1036,2784,19,1.205906990779116,0.35879003271256654
138,1557766800,1104,1471,367,2575,19,0.05089013003083399,0.20809821897328862
138,1557781200,1674,2679,1005,4353,19,1.1523860301166395,1.490060155951452
138,1557795600,1026,386,-640,1412,20,-1.6377570965612331,-0.6860972190486752
138,1557810000,119,54,-65,173,20,-0.7147271343219384,-1.5677865331410086
138,1557824400,758,1589,831,2347,20,0.7235943372718149,-0.02073845498383918
138,1557838800,923,2057,1134,2980,20,1.2099909956344346,0.4297129863563118
138,1557853200,1322,1701,379,3023,20,-0.0019874765232481754,0.46031237336678016
138,1557867600,1988,2957,969,4945,20,0.9451215282092457,1.8280338113695767
138,1557882000,1097,510,-587,1607,20,-1.5526778130852634,-0.547332557024458
138,1557896400,124,64,-60,188,20,-0.7067007868242055,-1.5571123283699149
138,1557910800,748,1562,814,2310,20,0.6963047557795227,-0.04706816008587012
138,1557925200,905,2081,1176,2986,20,1.2774123146153917,0.43398266826474924
138,1557939600,1438,1834,396,3272,20,0.025302104969044018,0.6375041725669344
138,1557954000,2063,2962,899,5025,20,0.8327526632409837,1.884962903482076
138,1557968400,1278,627,-651,1905,20,-1.6554150610562457,-0.335271688905398
138,1557982800,158,85,-73,243,20,-0.7275692903183112,-1.5179735775425716
138,1557997200,748,1568,820,2316,20,0.7059363727768022,-0.042798478177432674
138,1558011600,912,2218,1306,3130,20,1.4860973495564498,0.536455034067248
138,1558026000,1549,1914,365,3463,20,-0.02446124951690057,0.7734223799855265
138,1558040400,2097,3091,994,5188,20,0.9852532656979107,2.0009559286612935
138,1558054800,1308,670,-638,1978,20,-1.6345465575621398,-0.28332389235274236
138,1558069200,176,87,-89,263,20,-0.7532536023110568,-1.5037413045144468
138,1558083600,662,1499,837,2161,20,0.7332259542690944,-0.15309859414540014
138,1558098000,942,2192,1250,3134,20,1.3962022575818402,0.539301488672873
138,1558112400,1499,2034,535,3533,20,0.24843456540602135,0.8232353355839634
138,1558126800,1704,3437,1733,5141,20,2.171547425862848,1.9675100870452
138,1558141200,1473,944,-529,2417,20,-1.4595721821115606,0.029074500614597733
138,1558155600,394,159,-235,553,20,-0.9876229492448603,-1.2973733456066368
138,1558170000,178,461,283,639,20,-0.15609334847972173,-1.2361745715857
138,1558184400,578,1426,848,2004,20,0.7508839187641071,-0.2648219374161801
138,1558198800,1364,2052,688,3416,20,0.4940407988366511,0.7399765383694331
138,1558213200,1522,2056,534,3578,20,0.24682929590647476,0.8552579498972444
138,1558227600,1363,768,-595,2131,20,-1.5655199690816362,-0.1744470036875874
138,1558242000,386,127,-259,513,20,-1.0261494172339787,-1.3258378916628863
138,1558256400,148,314,166,462,20,-0.3439098799266739,-1.3621301878846046
138,1558270800,536,1226,690,1762,20,0.4972513378357443,-0.43703244105649053
138,1558285200,1125,1647,522,2772,20,0.22756606191191556,0.28169734686381354
138,1558299600,1366,1492,126,2858,20,-0.40812065990853785,0.3428961208847503
138,1558314000,950,365,-585,1315,20,-1.5494672740861701,-0.7551237432350806
138,1558328400,117,49,-68,166,20,-0.7195429428205782,-1.5727678287008522
138,1558342800,719,1461,742,2180,20,0.5807253518121674,-0.13957793476868155
138,1558357200,938,2005,1067,2943,20,1.1024379391648125,0.40338328125428086
138,1558371600,1380,1677,297,3057,20,-0.13361957548606934,0.4845072375145924
138,1558386000,1833,2476,643,4309,20,0.4218036713570541,1.3754475290752068
138,1558400400,1101,475,-626,1576,21,-1.7384518828802542,-0.39908933744924857
138,1558414800,122,63,-59,185,21,-0.6953019058371324,-1.4207622383939928
138,1558429200,823,1501,678,2324,21,0.6606090872506643,0.15030773653110274
138,1558443600,1016,2233,1217,3249,21,1.6522454851805453,0.8297091983383553
138,1558458000,1420,1869,449,3289,21,0.23930160093166092,0.8590887210111015
138,1558472400,2257,3068,811,5325,21,0.905298588038557,2.354506425053876
138,1558486800,1244,502,-742,1746,21,-1.9518652820636795,-0.2742263660900778
138,1558501200,116,63,-53,179,21,-0.684263281741438,-1.4251691667949047
138,1558515600,791,1626,835,2417,21,0.9494530844213346,0.21861512674523734
138,1558530000,939,2115,1176,3054,21,1.5768148871933,0.6864840253087183
138,1558544400,1323,2200,877,3523,21,1.0267234530911955,1.0309589286466658
138,1558558800,1988,2952,964,4940,21,1.1867835024787643,2.071728519328695
138,1558573200,1225,645,-580,1870,21,-1.6538224314799304,-0.18314984580456503
138,1558587600,158,68,-90,226,21,-0.7523347969982201,-1.390648227654428
138,1558602000,712,1506,794,2218,21,0.8740224864340894,0.0724520014483257
138,1558616400,952,2046,1094,2998,21,1.42595369121881,0.6453526935668739
138,1558630800,1399,1763,364,3162,21,0.08292109290932345,0.7658087365251327
138,1558645200,1812,2752,940,4564,21,1.1426290060959867,1.7955610062048821
138,1558659600,1201,591,-610,1792,21,-1.7090155519584023,-0.24043991501641984
138,1558674000,156,60,-96,216,21,-0.7633734210939146,-1.3979931083226145
138,1558688400,591,1185,594,1776,21,0.5060683499109425,-0.25219172408551827
138,1558702800,856,1779,923,2635,21,1.1113529044915194,0.37873352531170335
138,1558717200,1670,2482,812,4152,21,0.9071383587211727,1.4929519226755976
138,1558731600,1763,2549,786,4312,21,0.8593043209731636,1.610470013366582
138,1558746000,1351,764,-587,2115,21,-1.6667008262582403,-0.00320026943399541
138,1558760400,335,107,-228,442,21,-1.0062231511991917,-1.2319988052215993
138,1558774800,161,369,208,530,21,-0.2040831335787312,-1.167363855341558
138,1558789200,517,1192,675,1709,21,0.655089775202817,-0.30140242456236793
138,1558803600,1080,1830,750,2910,21,0.7930725763989971,0.5807177436868325
138,1558818000,1337,1689,352,3026,21,0.06084384471793463,0.6659183594377961
138,1558832400,1059,701,-358,1760,21,-1.2453933399392372,-0.26394353315461666
138,1558846800,283,88,-195,371,21,-0.9455107186728724,-1.2841474579657235
138,1558861200,117,243,126,360,21,-0.35494432955322147,-1.2922268267007289
138,1558875600,432,985,553,1417,21,0.43063775192369735,-0.5158729400734141
138,1558890000,987,1504,517,2491,21,0.3644060073495309,0.27296724368981756
138,1558904400,1060,1346,286,2406,21,-0.060581020334703875,0.21053575801023217
138,1558918800,870,541,-329,1411,21,-1.192039990143381,-0.5202798684743261
138,1558933200,205,49,-156,254,21,-0.8737596620508588,-1.3700825617835057
138,1558947600,112,269,157,381,21,-0.2979114383921337,-1.276802577297537
138,1558962000,420,952,532,1372,21,0.3920025675887669,-0.5489249030802534
138,1558976400,862,1324,462,2186,21,0.26321861980566547,0.048948383310128844
138,1558990800,986,1158,172,2144,21,-0.2703148781528977,0.018099884503745483
138,1559005200,758,351,-407,1109,22,-1.3769849776304628,-0.8650316888436952
138,1559019600,107,53,-54,160,22,-0.7887360429423993,-1.6090795330771055
138,1559034000,693,1599,906,2292,22,0.8110344309968099,0.062480007392473856
138,1559048400,701,1835,1134,2536,22,1.1909799185573722,0.25378419495090604
138,1559062800,1140,1572,432,2712,22,0.021147759489325384,0.39177410073075875
138,1559077200,1762,2497,735,4259,22,0.5260753153263883,1.6046740111934412
138,1559091600,923,492,-431,1415,22,-1.416979239478943,-0.6251174208400876
138,1559106000,107,58,-49,165,22,-0.7804039050572993,-1.6051593652992688
138,1559120400,782,1624,842,2406,22,0.7043830660675293,0.15185983272715117
138,1559134800,836,2044,1208,2880,22,1.3142955592568528,0.5234917380660726
138,1559149200,1327,1671,344,2998,22,-0.12549786728843548,0.6160076976230193
138,1559163600,1516,2848,1332,4364,22,1.520932578807334,1.6869975345280126
138,1559178000,1091,474,-617,1565,22,-1.7269347688046648,-0.507512387504986
138,1559192400,134,61,-73,195,22,-0.8203981669057795,-1.5816383586322484
138,1559206800,773,1530,757,2303,22,0.5627367220208286,0.07110437650371465
138,1559221200,900,2117,1217,3017,22,1.3292934074500329,0.630904335178799
138,1559235600,1296,1668,372,2964,22,-0.0788378951318752,0.5893505567337296
138,1559250000,1586,2785,1199,4371,22,1.2992977110636728,1.692485769416984
138,1559264400,1167,616,-551,1783,22,-1.6169505487213442,-0.3365930723913047
138,1559278800,156,59,-97,215,22,-0.8603924287542598,-1.5659576875209016
138,1559293200,677,1539,862,2216,22,0.7377116176079296,0.0028934571693556435
138,1559307600,875,2038,1163,2913,22,1.2393063182909523,0.549364845399795
138,1559322000,1467,1984,517,3451,22,0.16279410353602622,0.9711748982950267
138,1559336400,1834,2957,1123,4791,22,1.172649215210152,2.021779862755269
138,1559350800,1469,953,-516,2422,22,-1.558625583525644,0.1644043696162287
138,1559365200,422,154,-268,576,22,-1.1453515444246816,-1.28292157396109
138,1559379600,187,462,275,649,22,-0.24048137010281614,-1.2256871244046739
138,1559394000,598,1412,814,2010,22,0.6577230939109691,-0.15861745527751742
138,1559408400,1212,2042,830,3254,22,0.6843859351432893,0.8167202878482597
138,1559422800,1431,1945,514,3376,22,0.15779482080496618,0.9123723816274758
138,1559437200,1292,861,-431,2153,22,-1.416979239478943,-0.046500656831387085
138,1559451600,354,136,-218,490,22,-1.062030165573681,-1.3503484597398816
138,1559466000,147,283,136,430,22,-0.4721148033085975,-1.3973904730739224
138,1559480400,499,1245,746,1744,22,0.5444060186736084,-0.36717038105843114
138,1559494800,1198,1849,651,3047,22,0.3860953988567075,0.6544253418458192
138,1559509200,1185,1354,169,2539,22,-0.4171226932669372,0.25613629561760803
138,1559523600,916,420,-496,1336,22,-1.5252970319852437,-0.6870560717299079
138,1559538000,139,56,-83,195,22,-0.8370624426759796,-1.5816383586322484
138,1559552400,585,1522,937,2107,22,0.8626936858844302,-0.08256620038748495
138,1559566800,664,1905,1241,2569,22,1.3692876692985132,0.27965730228462843
138,1559581200,1117,1454,337,2571,22,-0.13716286032757555,0.2812253693957631
138,1559595600,1630,2739,1109,4369,22,1.149319229131872,1.6909177023058493
138,1559610000,950,442,-508,1392,23,-1.6347499083340713,-0.5900741471920538
138,1559624400,103,52,-51,155,23,-0.8409619979532182,-1.5443619404878226
138,1559638800,725,1614,889,2339,23,0.7917746229614465,0.14049217475709197
138,1559653200,875,2093,1218,2968,23,1.3632324402815792,0.6257363315744232
138,1559667600,1192,1476,284,2668,23,-0.2590824575208643,0.39430032673308874
138,1559682000,1916,2827,911,4743,23,0.8299876077062579,1.995066026885652
138,1559696400,1072,644,-428,1716,23,-1.4957936001711212,-0.3401232619634125
138,1559710800,140,73,-67,213,23,-0.8687532595858083,-1.499617646218498
138,1559725200,686,1676,990,2362,23,0.967206962017171,0.15823560179492763
138,1559739600,776,1794,1018,2570,23,1.0158416698742037,0.3186978984849195
138,1559754000,1155,1615,460,2770,23,0.04662142043762614,0.47298856837914244
138,1559768400,1742,2919,1177,4661,23,1.2920173323480673,1.9318068522290206
138,1559782800,1111,539,-572,1650,23,-1.7459149548644315,-0.3910391830285061
138,1559797200,138,72,-66,210,23,-0.8670163057337714,-1.5019320062669115
138,1559809736,270,832,562,1102,23,0.22379071334538764,-0.813795618538677
138,1559811600,734,1335,601,2069,23,0.2915319135748259,-0.06780022960010902
138,1559826000,750,2099,1349,2849,23,1.5907733948984102,0.5339333829873605
138,1559840400,1212,1804,592,3016,23,0.275899328906494,0.6627660923490367
138,1559854800,1740,3090,1350,4830,23,1.592510348750447,2.062182468289639
138,1559869200,1222,648,-574,1870,23,-1.7493888625685052,-0.22131944614486085
138,1559883600,170,78,-92,248,23,-0.9121771058867303,-1.472616778987009
138,1559893846,134,510,376,644,23,-0.09928270313347157,-1.1671212525964476
138,1559898000,707,1492,785,2199,23,0.6111314223496113,0.03248870583113591
138,1559912400,897,2074,1177,2971,23,1.2920173323480673,0.6280506916228366
138,1559926800,1357,2099,742,3456,23,0.5364424067120256,1.0022055661163272
138,1559941200,1763,3148,1385,4911,23,1.6533037335717378,2.124670189596799
138,1559955600,1410,858,-552,2268,23,-1.7111758778236938,0.08571898694464283
138,1559970000,344,160,-184,504,23,-1.071976860274123,-1.2751247215224037
138,1559984400,168,462,294,630,23,-0.24171291900049552,-1.1779215994890433
138,1559998800,624,1348,724,1972,23,0.5051772373753618,-0.14263120449880715
138,1560013200,1230,2107,877,3337,23,0.7709311767370041,0.9104026175292645
138,1560027600,1351,2214,863,3565,23,0.7466138228084878,1.0862939812086787
138,1560042000,1125,942,-183,2067,23,-1.0702399064220862,-0.06934313629905124
138,1560056400,355,166,-189,521,23,-1.0806616295343074,-1.2620100145813946
138,1560070800,136,317,181,453,23,-0.43798870428066267,-1.3144688423454305
138,1560085200,467,1157,690,1624,23,0.44612080640610796,-0.4110969701147551
138,1560099600,1040,1725,685,2765,23,0.43743603714592355,0.4691313016317869
138,1560114000,1180,1474,294,2654,23,-0.24171291900049552,0.3834999798404931
138,1560128400,767,404,-363,1171,23,-1.3828915997887241,-0.7605653374251701
138,1560142800,112,59,-53,171,23,-0.844435905657292,-1.5320186868962848
138,1560157200,789,1529,740,2318,23,0.5329684990079518,0.12429165441819856
138,1560171600,776,1831,1055,2607,23,1.080108962399568,0.34724167241535076
138,1560186000,1002,1449,447,2451,23,0.024041020361146737,0.22689494989785683
138,1560200400,1509,1734,225,3243,23,-0.36156273479104006,0.8378860026789797
138,1560214800,873,358,-515,1231,24,-1.6492312548506438,-0.8854892413205392
138,1560229200,104,59,-45,163,24,-0.9045619507630903,-1.63574906657269
138,1560243600,808,1615,807,2423,24,0.4453492132424324,-0.048120597406153855
138,1560258000,829,2040,1211,2869,24,1.0854479342027976,0.2651901535886581
138,1560272400,1207,1591,384,2798,24,-0.22485316043636586,0.2153133299997979
138,1560286800,1805,2798,993,4603,24,0.7400481293281451,1.483308633913779
138,1560301200,1040,599,-441,1639,24,-1.5319854495262206,-0.5988731283028637
138,1560315600,141,72,-69,213,24,-0.9425876173547951,-1.600624542918563
138,1560330000,827,1618,791,2445,24,0.41999876884796244,-0.03266580699833802
138,1560344400,936,2096,1160,3032,24,1.0046433926954248,0.3796961007011118
138,1560358800,1295,1646,351,2941,24,-0.27713845199996007,0.3157694676506009
138,1560373200,1940,3065,1125,5005,24,0.9491892955825219,1.7657098040929595
138,1560387600,1142,638,-504,1780,24,-1.6318028243294456,-0.49982197159822583
138,1560402000,141,64,-77,205,24,-0.9552628395520302,-1.6062444667032234
138,1560416400,730,1594,864,2324,24,0.5356601713977315,-0.11766715424132512
138,1560430800,784,2344,1560,3128,24,1.6384045025571727,0.4471351861170355
138,1560445200,1134,1624,490,2758,24,-0.056906466323002704,0.1872137110764964
138,1560459600,1815,2736,921,4551,24,0.6259711295530305,1.446779129313487
138,1560474000,1064,632,-432,1696,24,-1.5177258245543312,-0.5588311713371591
138,1560488400,142,71,-71,213,24,-0.9457564229041039,-1.600624542918563
138,1560502800,664,1545,881,2209,24,0.5625950185668557,-0.198453558645817
138,1560517200,878,2121,1243,2999,24,1.1361488229917374,0.35651391508938807
138,1560531600,1377,2163,786,3540,24,0.4120767549746906,0.7365612610270412
138,1560546000,1911,3120,1209,5031,24,1.0822791286534887,1.7839745563931055
138,1561165200,9883,7127,-2756,17010,25,-3.503821367547314,3.9254028368398366
138,1561179600,342,167,-175,509,25,-0.4643193025017886,-0.6423537451349981
138,1561194000,180,575,395,755,25,0.20693841817854833,-0.574256774092891
138,1561208400,658,1440,782,2098,25,0.662687081166777,-0.20249160291585913
138,1561222800,1297,2186,889,3483,25,0.7886951094348402,0.18089988039031296
138,1561237200,1416,2084,668,3500,25,0.5284355370307097,0.18560576863306022
138,1561251600,1299,1014,-285,2313,25,-0.5938602661418536,-0.14297595749287934
138,1561266000,352,94,-258,446,25,-0.5620638477938377,-0.6597932133287084
138,1561280400,238,440,202,678,25,-0.02034709075356576,-0.5955716796629814
138,1561294800,525,1249,724,1774,25,0.5943836639747428,-0.2921802964835124
138,1561309200,1066,1743,677,2809,25,0.5390343431467151,-0.005674747586842259
138,1561323600,1120,1442,322,2562,25,0.12097032412650517,-0.07404853558440508
138,1561338000,849,490,-359,1339,25,-0.6810060053178975,-0.4125956721067505
138,1561352400,129,73,-56,202,25,-0.32417953274571826,-0.7273365504599041
138,1561366800,740,1465,725,2205,25,0.5955613090987434,-0.17287218868209708
138,1561381200,715,1852,1137,2567,25,1.080751100186987,-0.07266445080712648
138,1561395600,1141,1549,408,2690,25,0.222247804790556,-0.03861596528607293
138,1561410000,1542,2449,907,3991,25,0.8098927216668509,0.3215228937618187
138,1561424400,811,520,-291,1331,26,-1.1163079285549335,-0.7679747469805918
138,1561438800,110,64,-46,174,26,-0.7318083526925709,-1.6109238630956566
138,1561453200,800,1446,646,2246,26,0.3542067758656128,-0.10133823769339714
138,1561467600,863,1955,1092,2818,26,1.0541529425375058,0.31540065117247756
138,1561482000,1143,1695,552,2838,26,0.20668448961637972,0.3299719409929627
138,1561496400,1672,2901,1229,4573,26,1.2691588278156434,1.5940313329200475
138,1561510800,1129,603,-526,1732,26,-1.4851136441780162,-0.47582038607986493
138,1561525200,128,77,-51,205,26,-0.7396552828122109,-1.5883383638739046
138,1561535825,161,581,420,742,26,-0.00047446554211775214,-1.197099232193879
138,1561539600,700,1596,896,2296,26,0.7465532818476155,-0.06491001314218432
138,1561554000,852,2106,1254,2958,26,1.3083934784138436,0.41739967991587346
138,1561568400,1287,1703,416,2990,26,-0.006752009637829797,0.4407137436286497
138,1561582800,1930,3203,1273,5133,26,1.338211812868476,2.002027447893631
138,1561597200,1248,617,-631,1865,26,-1.6498991766904574,-0.37892130877363883
138,1561611600,178,89,-89,267,26,-0.7992919517214754,-1.5431673654304006
138,1561626000,801,1135,334,1936,26,-0.1354416635999267,-0.32719322991091665
138,1561640400,939,2232,1293,3171,26,1.369599533347036,0.5725839165040401
138,1561654800,1303,1771,468,3074,26,0.07485606360642678,0.5019131608746872
138,1561669200,1969,2143,174,4112,26,-0.38654342742840847,1.2581631025578655
138,1561683600,1495,541,-954,2036,26,-2.156810862419205,-0.254336780808491
138,1561698000,244,101,-143,345,26,-0.8840387970135879,-1.4863393351305088
138,1561712400,694,1428,734,2122,26,0.4923127459712777,-0.19168023458040495
138,1561726800,966,2123,1157,3089,26,1.1561630340928266,0.5128416282400511
138,1561741200,1589,2389,800,3978,26,0.5958922235505265,1.160535460760615
138,1561755600,2029,2825,796,4854,26,0.5896146794548144,1.7987579548978636
138,1561770000,1481,1148,-333,2629,26,-1.1822221415599101,0.17770196236889307
138,1561784400,352,147,-205,499,26,-0.9813407304971246,-1.3741404035127731
138,1561798800,161,448,287,609,26,-0.20920280672454322,-1.2939983095001049
138,1561813200,605,1421,816,2026,26,0.6210023999333747,-0.26162242571873356
138,1561827600,1262,2157,895,3419,26,0.7449838958236875,0.7532679102780556
138,1561842000,1451,2031,580,3482,26,0.25062729828636404,0.7991674732125839
138,1561856400,1265,1154,-111,2419,26,-0.8338184442478915,0.024703419253799222
138,1561870800,403,168,-235,571,26,-1.0284223112149649,-1.3216837601590268
138,1561885200,123,368,245,491,26,-0.2751170197295197,-1.3799689194409672
138,1561899600,482,2404,1922,2886,26,2.356743342397755,0.364943036562127
138,1561914000,1856,2893,1037,4749,26,0.9678367112214652,1.7222586833403168
138,1561928400,1758,1927,169,3685,26,-0.3943903575480485,0.9470660648905079
138,1561942800,1451,622,-829,2073,26,-1.9606376094282036,-0.22737989464059352
138,1561957200,249,127,-122,376,26,-0.8510816905110997,-1.4637538359087567
138,1561971600,713,1411,698,2124,26,0.43581484910986934,-0.19022310559835642
138,1561986000,792,1906,1114,2698,26,1.088679435063922,0.22797291224956678
138,1562000400,1171,1615,444,2786,26,0.03719079903215451,0.29208658745970134
138,1562014800,1627,2525,898,4152,26,0.7496920538954716,1.2873056821988356
138,1562029200,904,459,-445,1363,27,-1.7086846214446023,-0.3751087313679052
138,1562043600,129,69,-60,198,27,-0.8279530435937458,-1.4478815541998413
138,1562058000,787,1465,678,2252,27,0.8603064484943894,0.44351362013217327
138,1562072400,849,2025,1176,2874,27,1.999538463480692,1.016273015669911
138,1562086800,1223,1644,421,2867,27,0.2723895250978437,1.0098271703825088
138,1562101200,1761,2445,684,4206,27,0.8740321354219353,2.242825290358442
138,1562115600,884,473,-411,1357,27,-1.630905728855176,-0.3806337416142499
138,1562130000,125,69,-56,194,27,-0.8188025856420487,-1.4515648943640713
138,1562144400,645,1379,734,2024,27,0.9884128598181504,0.23356323077107327
138,1562158800,819,1836,1017,2655,27,1.635807759900728,0.814610141678328
138,1562173200,1375,2108,733,3483,27,0.986125245330226,1.5770615556739016
138,1562187600,1614,2133,519,3747,27,0.49657574491442535,1.82016200651307
138,1562202000,1056,656,-400,1712,27,-1.6057419694880086,-0.053737302038853
138,1562216400,243,85,-158,328,27,-1.0521392634103275,-1.328172998862372
138,1562230800,142,278,136,420,27,-0.3795806039605825,-1.243456175085086
138,1562245200,465,764,299,1229,27,-0.006699442428921209,-0.4985006268696043
138,1562259600,760,1139,379,1899,27,0.17630971660502298,0.11845885063889128
138,1562274000,812,1044,232,1856,27,-0.15996961311984947,0.07886294387342067
138,1562288400,631,786,155,1417,27,-0.33611592869002077,-0.32538363915080254
138,1562302800,136,78,-58,214,27,-0.8233778146178972,-1.4331481935429222
138,1562317200,276,801,525,1077,27,0.5103014318419712,-0.6384675531103375
138,1562331600,496,1215,719,1711,27,0.9540986424992859,-0.054658137079910456
138,1562346000,1213,1586,373,2799,27,0.16258402967747718,0.9472103875906017
138,1562360400,1247,1706,459,2953,27,0.3593188756389672,1.0890189839134499
138,1562374800,1034,641,-393,1675,27,-1.5897286680725387,-0.08780819855797888
138,1562389200,299,87,-212,386,27,-1.1756704457582399,-1.2747645664810396
138,1562403600,118,418,300,536,27,-0.004411827940996906,-1.1366393103224213
138,1562418000,414,1210,796,1624,27,1.1302449580694571,-0.13477078565190914
138,1562432400,885,1485,600,2370,27,0.6818725184362938,0.552172154976953
138,1562446800,1053,1385,332,2438,27,0.06879183567258078,0.6147889377688601
138,1562461200,871,573,-298,1444,27,-1.3724052917197298,-0.3005210930422512
138,1562475600,239,101,-138,340,27,-1.0063869736518414,-1.3171229783696827
138,1562490000,96,278,182,374,27,-0.2743503375160646,-1.2858145869737292
138,1562504400,396,986,590,1382,27,0.6589963735570509,-0.35761286558781347
138,1562518800,782,1341,559,2123,27,0.5880803244313975,0.32472589983576144
138,1562533200,970,1078,108,2048,27,-0.443633809622463,0.2556632717564522
138,1562547600,759,410,-349,1169,27,-1.4890736306038692,-0.5537507293330516
138,1562562000,122,50,-72,172,27,-0.8554044174488374,-1.4718232652673353
138,1562576400,780,1480,700,2260,27,0.9106339672287241,0.4508803004606329
138,1562590800,753,1879,1126,2632,27,1.885157739084477,0.7934309357340066
138,1562605200,1099,1431,332,2530,27,0.06879183567258078,0.6995057615461461
138,1562619600,1575,2442,867,4017,27,1.2926655867120826,2.068787467598583
138,1562634000,898,415,-483,1313,28,-1.6128820127902823,-0.16581502099765488
138,1562648400,96,68,-28,164,28,-0.6261556110966935,-0.9581138529617751
138,1562662800,818,1607,789,2425,28,1.145614653043223,0.6009702715559584
138,1562677200,888,1890,1002,2778,28,1.6075327268030788,0.8443832286345785
138,1562691600,1168,1547,379,2715,28,0.2564765767918573,0.8009412561247964
138,1562706000,1931,2880,949,4811,28,1.4925953657266828,2.2462487859740534
138,1562720400,1084,526,-558,1610,28,-1.775529221860654,0.03898284940560334
138,1562734800,116,64,-52,180,28,-0.6782027179992125,-0.9470809710545289
138,1562749200,824,1590,766,2414,28,1.0957361755949757,0.5933851652447266
138,1562763600,968,2017,1049,2985,28,1.7094583111538453,0.9871211383095767
138,1562778000,1316,1684,368,3000,28,0.23262165279486946,0.99746446509762
138,1562792400,1807,2829,1022,4636,28,1.6509053158885114,2.1255766401135476
138,1562806800,1133,598,-535,1731,28,-1.7256507444124067,0.12241901882915299
138,1562821200,136,70,-66,206,28,-0.7085635303590152,-0.9291525379552538
138,1562835600,826,1611,785,2437,28,1.1369401352261366,0.6092449329863932
138,1562850000,974,2134,1160,3108,28,1.9501761805779954,1.071936417971532
138,1562864400,1368,1591,223,2959,28,-0.08182961807451597,0.9691927052103015
138,1562878800,1652,2746,1094,4398,28,1.8070466365960682,1.9614625217432597
138,1562893200,946,567,-379,1513,28,-1.3873445495460335,-0.027903997157076955
138,1562907600,129,72,-57,201,28,-0.6890458652705705,-0.9326003135512683
138,1562922000,754,1424,670,2178,28,0.8875477479848998,0.43065015711284466
138,1562936400,905,2091,1186,2996,28,2.0065605463890575,0.9947062446208085
138,1562948471,599,1168,569,1767,28,0.6685161731034658,0.14724300312045702
138,1562948537,8,8,0,16,28,-0.5654339863770881,-1.0601680106038027
138,1562948603,5,5,0,10,28,-0.5654339863770881,-1.0643053413190202
138,1562948672,6,7,1,13,28,-0.5632653569228164,-1.0622366759614115
138,1562948738,6,8,2,14,28,-0.5610967274685448,-1.0615471208422085
138,1562948803,8,2,-6,10,28,-0.5784457631027178,-1.0643053413190202
138,1562948872,5,2,-3,7,28,-0.5719398747399029,-1.0663740066766287
138,1562948938,7,6,-1,13,28,-0.5676026158313596,-1.0622366759614115
138,1562949009,6,9,3,15,28,-0.5589280980142732,-1.0608575657230057
138,1562949073,9,10,1,19,28,-0.5632653569228164,-1.0580993452461942
138,1562949139,6,13,7,19,28,-0.5502535801971867,-1.0580993452461942
138,1562949210,5,9,4,14,28,-0.5567594685600016,-1.0615471208422085
138,1562949274,4,9,5,13,28,-0.5545908391057299,-1.0622366759614115
138,1562949339,6,15,9,21,28,-0.5459163212886434,-1.0567202350077884
138,1562949410,8,5,-3,13,28,-0.5719398747399029,-1.0622366759614115
138,1562949474,12,10,-2,22,28,-0.5697712452856313,-1.0560306798885855
138,1562949542,7,12,5,19,28,-0.5545908391057299,-1.0580993452461942
138,1562949622,7,13,6,20,28,-0.5524222096514583,-1.0574097901269912
138,1562950800,1514,2026,512,3540,28,0.5449042942099833,1.3698242294671805
138,1562965200,1789,2812,1023,4601,28,1.653073945342783,2.1014422109414466
138,1562979600,1397,845,-552,2242,28,-1.7625174451350243,0.47478168474182963
138,1562994000,328,142,-186,470,28,-0.96879906487161,-0.7471099864856909
138,1563008400,199,434,235,633,28,-0.055806064623256484,-0.6347125020556199
138,1563022800,606,1241,635,1847,28,0.811645717085393,0.20240741265668818
138,1563037200,1138,1713,575,2851,28,0.6815279498290956,0.8947207523363895
138,1563051600,913,1389,476,2302,28,0.46683363385620485,0.516154991894003
138,1563066000,942,1044,102,1986,28,-0.34423378204138244,0.2982555742258899
138,1563080400,273,133,-140,406,28,-0.8690421099751153,-0.7912415141146758
138,1563094800,133,237,104,370,28,-0.3398965231328392,-0.8160654984059799
138,1563109200,490,1018,528,1508,28,0.5796023654783292,-0.0313517727530914
138,1563123600,1057,1451,394,2508,28,0.28900601860593167,0.6582033464497983
138,1563138000,1123,1250,127,2373,28,-0.29001804568459183,0.5651134053574082
138,1563152400,825,404,-421,1229,28,-1.4784269866254416,-0.22373765101069762
138,1563166800,108,63,-45,171,28,-0.6630223118193111,-0.953286967127355
138,1563181200,831,1454,623,2285,28,0.7856221636341335,0.5044325548675539
138,1563195600,826,1363,537,2189,28,0.5991200305667739,0.4382352634240765
138,1563210000,1159,1502,343,2661,28,0.17840591643807888,0.7637052796878404
138,1563224400,1680,2573,893,4253,28,1.3711521162874718,1.8614770294588407
138,1563238800,966,510,-456,1476,29,-1.5718757225301798,-0.47540093514994786
138,1563253200,141,60,-81,201,29,-0.8519070809792879,-1.4926858291664147
138,1563267600,872,1562,690,2434,29,0.6283484460493458,0.2889590087463465
138,1563279626,659,1765,1106,2424,29,1.4270336590764685,0.28098030369523697
138,1563282000,522,1270,748,1792,29,0.7397035959425504,-0.22327385553488624
138,1563296400,1287,1682,395,2969,29,0.061973114695977535,0.7158197289807071
138,1563310800,1770,2776,1006,4546,29,1.2350420213295639,1.9740615155406822
138,1563325200,1128,595,-533,1723,29,-1.7197092835952963,-0.2783269203875421
138,1563339600,134,60,-74,194,29,-0.8384676663370046,-1.4982709227021913
138,1563354000,849,1568,719,2417,29,0.6840260209959481,0.2753952101594603
138,1563368400,877,1960,1083,2837,29,1.3828755823946803,0.6105008223060612
138,1563382800,1229,1455,226,2684,29,-0.26249275309629105,0.4884266350240851
138,1563397200,1749,2972,1223,4721,29,1.6516638752403467,2.1136888539350993
138,1563411600,895,323,-572,1218,29,-1.794586022316589,-0.681251525468574
138,1563426000,150,65,-85,215,29,-0.8595867464891641,-1.4815156420948614
138,1563440400,774,1526,752,2300,29,0.7473832614524266,0.18204436106147862
138,1563454800,868,1833,965,2701,29,1.156325449853333,0.5019904336109713
138,1563469200,1261,1616,355,2877,29,-0.014823540402784267,0.6424156425104993
138,1563483600,1714,2833,1119,4547,29,1.451992571983566,1.9748593860457933
138,1563498000,1206,630,-576,1836,29,-1.8022656878264653,-0.18816755331000423
138,1563512400,153,63,-90,216,29,-0.8691863283765093,-1.4807177715897504
138,1563526800,705,1361,656,2066,29,0.5630712892153983,-0.004657337134484722
138,1563541200,843,1731,888,2574,29,1.0084918887882166,0.4006608794618801
138,1563555600,1465,1984,519,3449,29,0.3000427455021391,1.0987975714339653
138,1563570000,1892,2942,1050,4834,29,1.319518341938202,2.2038482210126373
138,1563584400,1164,857,-307,2021,29,-1.2858081822872922,-0.04056150986447767
138,1563598800,290,130,-160,420,29,-1.0035804747993426,-1.3179521885471157
138,1563613200,158,443,285,601,29,-0.14921768682561742,-1.173537627122033
138,1563627600,520,1171,651,1691,29,0.5534717073280531,-0.3038587765510926
138,1563642000,912,1440,528,2352,29,0.3173219928993605,0.22353362732724824
138,1563656400,1025,1422,397,2447,29,0.06581294745091562,0.29933132531278894
138,1563670800,980,644,-336,1624,29,-1.3414857572338945,-0.35731610039352657
138,1563685200,290,115,-175,405,29,-1.0323792204613782,-1.32992024612378
138,1563699600,104,270,166,374,29,-0.37768773574443376,-1.3546542317822197
138,1563714000,399,913,514,1312,29,0.2904431636147939,-0.6062516979881444
138,1563728400,847,1340,493,2187,29,0.2501249196879439,0.09188499398394076
138,1563742800,918,1138,220,2056,29,-0.27401225136110535,-0.012636042185594266
138,1563757200,693,372,-321,1065,29,-1.3126870115718587,-0.8033257127505501
138,1563771600,109,43,-66,152,29,-0.8231083353172522,-1.5317814839168515
138,1563786000,794,1415,621,2209,29,0.49587421600398174,0.10943814509638176
138,1563800400,777,1795,1018,2572,29,1.2580810178591926,0.3990651384516582
138,1563814800,1136,1370,234,2506,29,-0.2471334220765387,0.3464056851143352
138,1563829200,1521,2323,802,3844,29,0.8433790803258788,1.4139564209527922
138,1563843600,767,371,-396,1138,30,-1.4154374833688024,-0.7984909720165929
138,1563858000,104,62,-42,166,30,-0.7524697190732883,-1.553740664618949
138,1563872400,813,1406,593,2219,30,0.43675211801047265,0.04145235895372309
138,1563886800,892,1931,1039,2823,30,1.2720165894110353,0.510763896332142
138,1563901200,1190,1445,255,2635,30,-0.19625100157111983,0.3646867952938262
138,1563915600,1679,2863,1184,4542,30,1.5435711821309492,1.8464369638048277
138,1563930000,985,544,-441,1529,30,-1.4997130466267068,-0.4946816820911595
138,1563944400,140,71,-69,211,30,-0.8030350570280309,-1.5187754010725438
138,1563958256,426,1006,580,1432,30,0.41240584418041143,-0.5700512501800777
138,1563958800,840,1656,816,2496,30,0.854384353710754,0.2566829812282629
138,1563973200,984,2088,1104,3072,30,1.3937479585613417,0.7042383546222518
138,1563987600,1292,1650,358,2942,30,-0.0033536012252499223,0.6032275932659695
138,1564002000,1917,3040,1123,4957,30,1.4293309741591234,2.168894394288344
138,1564016400,1150,568,-582,1718,30,-1.7637764781681404,-0.34782757519625684
138,1564030800,164,66,-98,230,30,-0.8573459755720138,-1.5040122897973949
138,1564045200,796,1549,753,2345,30,0.736398565149688,0.13935509688365816
138,1564059600,923,2029,1106,2952,30,1.3974935391505818,0.6109976518318374
138,1564074000,1251,1628,377,2879,30,0.032229414372531906,0.5542762243010021
138,1564088400,1905,2863,958,4768,30,1.1203205755468075,2.0220402873934415
138,1564102800,1316,606,-710,1922,30,-2.003493635879513,-0.18931838045255245
138,1564117200,166,87,-79,253,30,-0.8217629599742319,-1.4861411550958987
138,1564131600,696,1393,697,2089,30,0.6315223086509626,-0.059558402402559135
138,1564146000,899,1964,1065,2863,30,1.320709137071158,0.5418441305956134
138,1564160400,1440,2115,675,3555,30,0.5903209221693205,1.0795321833536695
138,1564174800,1952,2697,745,4649,30,0.7214162427927272,1.9295765904596138
138,1564189200,1373,835,-538,2208,30,-1.681373705204856,0.03290529453126844
138,1564203600,314,140,-174,454,30,-0.9996780379631411,-1.3299629779219548
138,1564218000,166,434,268,600,30,-0.17190472774105856,-1.216520122860284
138,1564232400,597,1254,657,1851,30,0.5566106968661588,-0.24448579627021427
138,1564246800,1126,1646,520,2772,30,0.3000384265032056,0.4711365976462159
138,1564261200,1230,1699,469,2929,30,0.20452612147758073,0.5931265171303414
138,1564275600,1181,790,-391,1971,30,-1.406073531895702,-0.15124509347979992
138,1564290000,325,143,-182,468,30,-1.0146603603201019,-1.3190848959297397
138,1564304400,121,299,178,420,30,-0.3404558542568672,-1.3563811770459056
138,1564318800,515,983,468,1498,30,0.20265333118296064,-0.5187688636453498
138,1564333200,942,1433,491,2375,30,0.24572750795922285,0.16266527258126176
138,1564347600,1083,1188,105,2271,30,-0.47716954576413423,0.08185666349623598
138,1564362000,817,457,-360,1274,30,-1.348017032762479,-0.69281817552079
138,1564376400,107,58,-49,165,30,-0.765579251135629,-1.554517670475536
138,1564390800,761,1433,672,2194,30,0.5847025512854602,0.022027212539053428
138,1564405200,806,1885,1079,2691,30,1.3469282011958392,0.4081991232626862
138,1564419600,1083,1491,408,2574,30,0.09028591350575488,0.31728943804203225
138,1564434000,1592,2431,839,4023,30,0.8974585304870163,1.4431709242362856
138,1564448400,941,429,-512,1370,31,-1.6176612133156458,-0.7176666495701142
138,1564462800,143,53,-90,196,31,-0.9111858314188844,-1.5838007901549591
138,1564477200,804,1453,649,2257,31,0.325983143040136,-0.06327058253539736
138,1564491600,890,1893,1003,2783,31,0.918618889939315,0.324792925086092
138,1564506000,1253,1503,250,2756,31,-0.3419876564309725,0.30487331537928547
138,1564520400,1747,2926,1179,4673,31,1.2132626511095281,1.719165604562546
138,1564534800,1087,527,-560,1614,31,-1.698018602725704,-0.5376523988863815
138,1564549200,142,68,-74,210,31,-0.8844000349488651,-1.5734721036403188
138,1564563600,782,1515,733,2297,31,0.4666085745077378,-0.03376004963642478
138,1564578000,878,2036,1158,2914,31,1.1781062932426278,0.42143992033022715
138,1564592400,1194,1592,398,2786,31,-0.09421903908329315,0.3270062150535149
138,1564606800,1555,2676,1121,4231,31,1.116164138905708,1.3930742160288991
138,1564621200,979,455,-524,1434,31,-1.6377505606681604,-0.670449796931758
138,1564635600,138,58,-80,196,31,-0.8944447086251224,-1.5838007901549591
138,1564647833,442,940,498,1382,31,0.07319218885432802,-0.7088134897004224
138,1564650000,441,1184,743,1625,31,0.4833496973014999,-0.529537002339164
138,1564664400,882,2025,1143,2907,31,1.1529946090519847,0.41627557707290697
138,1564678800,1339,1690,351,3029,31,-0.17290231621397512,0.5062827024147732
138,1564693200,1892,2931,1039,4823,31,0.9788869319968586,1.8298301029336932
138,1564707600,1169,632,-537,1801,31,-1.6595140203000511,-0.39969065758368466
138,1564722000,194,65,-129,259,31,-0.9764762103145568,-1.5373217008390774
138,1564736400,689,1352,663,2041,31,0.349420714951403,-0.22262746018984925
138,1564750800,854,1954,1100,2808,31,1.0810077810388075,0.34323700814794983
138,1564765200,1428,2135,707,3563,31,0.4230816552439563,0.9002483166160571
138,1564779600,1743,2871,1128,4614,31,1.1278829248613413,1.6756375685365614
138,1565398800,9774,7021,-2753,16795,32,-3.4963270209579274,3.9388572898555854
138,1565413200,314,123,-191,437,32,-0.44416398125293227,-0.6054402469437328
138,1565427600,142,454,312,596,32,0.15507021428633885,-0.5612696082133811
138,1565442000,521,1321,800,1842,32,0.7364346028015759,-0.21512737011263833
138,1565456400,1077,1799,722,2876,32,0.6435116062765995,0.07212068301430231
138,1565470800,1317,1663,346,2980,32,0.19557511020748242,0.10101216998258261
138,1565485200,1065,801,-264,1866,32,-0.531130375436564,-0.20846010388918904
138,1565499600,361,122,-239,483,32,-0.5013473637298408,-0.5926613200154549
138,1565514000,117,323,206,440,32,0.02879024464983243,-0.6046068386658016
138,1565528400,546,1048,502,1594,32,0.3814211032574352,-0.28402245442161445
138,1565542800,968,1545,577,2513,32,0.4707701383776049,-0.028721718615368336
138,1565557200,962,1260,298,2222,32,0.13839172773057384,-0.10956232157469109
138,1565571600,745,374,-371,1119,32,-0.6586016655413394,-0.41597876509404846
138,1565586000,130,71,-59,201,32,-0.28690967944143364,-0.6710016981409842
138,1565600400,592,1207,615,1799,32,0.5160403161718242,-0.22707288876298498
138,1565614800,615,1853,1238,2468,32,1.2582329679033668,-0.04122284278433577
138,1565629200,1075,1516,441,2591,32,0.3087505546930306,-0.007053103389158114
138,1565643600,1590,2683,1093,4273,32,1.0854915000043721,0.4602111377709136
138,1565658000,992,466,-526,1458,33,-1.4250068043217468,-0.5031416238464039
138,1565672400,118,61,-57,179,33,-0.7728661922869122,-1.4783989626292746
138,1565686800,630,1413,783,2043,33,0.3951468441933886,-0.05707004981358193
138,1565701200,682,4007,3325,4689,33,3.9297767712563947,1.9605459927348745
138,1565715600,1111,1559,448,2670,33,-0.07066787868863615,0.42102717568826314
138,1565730000,1773,2714,941,4487,33,0.6148445343884928,1.8065178594790965
138,1565744400,1063,480,-583,1543,33,-1.5042648317971958,-0.43832780539719046
138,1565758800,138,104,-34,242,33,-0.7408848829547136,-1.43036048542574
138,1565772610,623,1221,598,1844,33,0.1379058778257033,-0.20881063653585813
138,1565772703,14,42,28,56,33,-0.6546743969287866,-1.5721883705028423
138,1565773200,427,1163,736,1590,33,0.3297937338188956,-0.40248957637233124
138,1565787600,767,2027,1260,2794,33,1.058411389908988,0.515579099072998
138,1565802000,1169,1445,276,2614,33,-0.3098324528250787,0.378326307062899
138,1565816400,1658,2840,1182,4498,33,0.9499530365215315,1.814905530101936
138,1565830800,1097,503,-594,1600,33,-1.5195602406082473,-0.39486442126065907
138,1565845200,129,71,-58,200,33,-0.7742566839970079,-1.462386136894763
138,1565859600,595,1405,810,2000,33,0.4326901203659697,-0.08985821679377226
138,1565874000,840,2610,1770,3450,33,1.7675621620577422,1.0157892743986925
138,1565888400,1236,1664,428,2900,33,-0.09847771289054807,0.5964057432567231
138,1565902800,1755,2759,1004,4514,33,0.7024455121245153,1.8271057782806115
138,1565917200,1221,666,-555,1887,33,-1.4653310639145192,-0.17602246955566778
138,1565931600,182,78,-104,260,33,-0.8382193026614053,-1.41663520622473
138,1565945993,551,1254,703,1805,33,0.2839075073857409,-0.23854874147137958
138,1565946000,330,1003,673,1333,33,0.24219275608287302,-0.598456062742306
138,1565960400,771,1923,1152,2694,33,0.9082382852186637,0.4393275479562764
138,1565974800,1313,2086,773,3399,33,0.38124192709243265,0.9769009833291644
138,1565989200,1615,2694,1079,4309,33,0.8067323903816851,1.670790098491332
138,1566003600,1253,801,-452,2054,33,-1.3221104177746728,-0.04868237919074254
138,1566018000,309,124,-185,433,33,-0.9508491311791486,-1.2847200227928015
138,1566032400,153,498,345,651,33,-0.21388852482848258,-1.118491641358348
138,1566046800,491,1564,1073,2055,33,0.7983894401211116,-0.04791986367957532
138,1566061200,1134,2065,931,3199,33,0.6009396172875369,0.824397881095721
138,1566075600,1288,2211,923,3499,33,0.5898156836067721,1.053152534445886
138,1566090000,1155,955,-200,2110,33,-0.9717065068305826,-0.005981510565378384
138,1566104400,354,108,-246,462,33,-1.03566912549498,-1.262607072968952
138,1566118800,125,313,188,438,33,-0.4321957233134912,-1.2809074452369653
138,1566133200,427,1311,884,1738,33,0.5355865069130439,-0.2896372807195831
138,1566147600,999,1744,745,2743,33,0.34230815920975594,0.47669080800347
138,1566162000,1035,1370,335,2405,33,-0.22779344192943854,0.21896056522895066
138,1566176400,765,469,-296,1234,33,-1.1051937109997598,-0.6739450983478605
138,1566190800,133,81,-52,214,33,-0.7659137337364343,-1.451710919738422
138,1566205200,603,1358,755,1961,33,0.3562130763107119,-0.11959632172929373
138,1566219600,750,1791,1041,2541,33,0.7538937053980524,0.32266267474769217
138,1566234000,1066,1377,311,2443,33,-0.2611652429717328,0.2479361546533049
138,1566248400,1588,2477,889,4065,33,0.5425389654635218,1.484736313766531
138,1566262800,948,375,-573,1323,34,-1.7337247624763252,-0.593862038494806
138,1566277200,125,60,-65,185,34,-0.8618853451946253,-1.4942817273569529
138,1566291381,636,1287,651,1923,34,0.36692769176147133,-0.11912406545676721
138,1566291600,419,1137,718,1556,34,0.48191438656043567,-0.40950545896503426
138,1566306000,718,1872,1154,2590,34,1.2301860124163828,0.4086263145705192
138,1566310022,258,396,138,654,34,-0.5134928221470169,-1.1231948784322192
138,1566320400,903,1186,283,2089,34,-0.26464101997015377,0.012220107083756843
138,1566334800,1762,2765,1003,4527,34,0.9710368942873735,1.9412387375283209
138,1566349200,1113,452,-661,1565,34,-1.8847520631078007,-0.40238438936946364
138,1566363600,135,70,-65,205,34,-0.8618853451946253,-1.4784571282556849
138,1566375449,376,821,445,1197,34,0.0133865107377899,-0.6935570128327941
138,1566378000,403,1104,701,1507,34,0.4527386580293552,-0.44827572676314076
138,1566392400,688,2016,1328,2704,34,1.5288081750286184,0.4988265294477466
138,1566406800,1019,1468,449,2487,34,0.020251388039220608,0.3271296291989892
138,1566421200,1764,2639,875,4403,34,0.7513608206415909,1.8431262231004597
138,1566435600,1013,484,-529,1497,34,-1.6582111121605876,-0.4561880263137747
138,1566450000,142,80,-62,222,34,-0.8567366872185522,-1.4650062190196071
138,1566464400,663,1475,812,2138,34,0.6432390031440574,0.050990374881863344
138,1566478800,754,1998,1244,2752,34,1.3846457516985737,0.5368055672907897
138,1566493200,1125,1613,488,2738,34,0.08718394172817001,0.5257283479199021
138,1566507600,1712,2843,1131,4555,34,1.190712967933156,1.963393176270096
138,1566522000,1058,522,-536,1580,34,-1.6702246474380913,-0.3905159400435127
138,1566536400,140,70,-70,210,34,-0.8704664418214136,-1.4745009784803678
138,1566550800,568,1187,619,1755,34,0.3120086733500257,-0.2520506979074181
138,1566565200,736,1831,1095,2567,34,1.1289290722202798,0.39042802560406104
138,1566579600,1346,1951,605,3297,34,0.2879816027950182,0.9680258928003416
138,1566594000,1650,2674,1024,4324,34,1.0070775001198846,1.7806190566504512
138,1566608400,1239,780,-459,2019,34,-1.53807575938555,-0.04316598977068101
138,1566622800,310,144,-166,454,34,-1.0352234970557508,-1.2814408694448987
138,1566637200,162,543,381,705,34,-0.09645152608510142,-1.0828421507239858
138,1566651600,612,1601,989,2213,34,0.947009823732366,0.11033262151161818
138,1566666000,1215,2129,914,3344,34,0.8182933743305404,1.0052137006883213
138,1566680400,1367,2272,905,3639,34,0.8028474004023213,1.2386265374320236
138,1566694800,1267,1024,-243,2291,34,-1.167372385108292,0.1720485580065632
138,1566709200,317,175,-142,492,34,-0.9940342332471666,-1.2513741311524895
138,1566723600,122,325,203,447,34,-0.4019385659987679,-1.2869794791303426
138,1566738000,499,1389,890,1888,34,0.7771041105219562,-0.14681711388398613
138,1566752400,981,1961,980,2942,34,0.931563849804147,0.6871392587528352
138,1566766800,1089,1625,536,2714,34,0.1695624693453385,0.5067388289983805
138,1566781200,861,405,-456,1266,34,-1.532927101409477,-0.6389621459334196
138,1566795600,130,66,-64,196,34,-0.8601691258692676,-1.4855781978512554
138,1566810000,580,1222,642,1802,34,0.3514817178332522,-0.21486289001943837
138,1566824400,781,2028,1247,2809,34,1.3897944096746466,0.5819056747294034
138,1566838800,1459,1487,28,2946,34,-0.7022769479363613,0.6903041785730889
138,1566853200,1653,2940,1287,4593,34,1.4584431826889537,1.9934599145625052
138,1566867600,943,449,-494,1392,35,-1.5706076111025065,-0.4759297599028866
138,1566882000,123,84,-39,207,35,-0.6843408111211418,-1.4660243991925817
138,1566896400,668,1389,721,2057,35,0.7960169207158633,0.07969297016263843
138,1566910800,903,1965,1062,2868,35,1.4602300609216776,0.7573020439718727
138,1566925200,1205,1580,375,2785,35,0.12206458490585835,0.6879536430764763
138,1566939600,1803,2645,842,4448,35,1.0317054543372812,2.077428229691466
138,1566954000,1025,501,-524,1526,35,-1.6290427847276514,-0.36396969098742743
138,1566968400,129,87,-42,216,35,-0.6901843284836563,-1.458504693071394
138,1566982800,574,1511,937,2085,35,1.216750170816907,0.10308761142855527
138,1566997200,822,1967,1145,2789,35,1.6219007079512453,0.691295734685893
138,1567011600,1161,1521,360,2682,35,0.09284699809328588,0.6018947841339966
138,1567026000,1750,2644,894,4394,35,1.132993088620866,2.0323099929643407
138,1567040400,1124,501,-623,1625,35,-1.8218788576906297,-0.28125292365436433
138,1567054800,175,76,-99,251,35,-0.8012111583714316,-1.429261391488998
138,1567069200,598,1396,798,1994,35,0.946000533020402,0.02705502731432553
138,1567083600,849,1937,1088,2786,35,1.5108738780634698,0.6887891659788306
138,1567098000,1284,1782,498,3066,35,0.3616487967689526,0.9227355786379989
138,1567112400,1798,2641,843,4439,35,1.0336532934581195,2.0699085235702785
138,1567126800,1292,599,-693,1891,35,-1.9582275961493014,-0.05900383162815429
138,1567141200,190,90,-100,280,35,-0.8031589974922698,-1.405031227320727
138,1567155600,417,1176,759,1593,35,0.8700348073077135,-0.30798965652969784
138,1567170000,744,1815,1071,2559,35,1.4777606130092211,0.4991254671444333
138,1567184400,1490,2150,660,3640,35,0.6771987343447352,1.4023257245892942
138,1567198800,1519,2293,774,3812,35,0.899252394120286,1.546035663794212
138,1567213200,1286,792,-494,2078,35,-1.5706076111025065,0.09723895111207606
138,1567227600,337,124,-213,461,35,-1.0232648181469823,-1.2538015819946218
138,1567242000,169,383,214,552,35,-0.19153751354908616,-1.177768997880392
138,1567256400,542,1193,651,1735,35,0.6596681822571918,-0.1893454043954053
138,1567270800,1146,1592,446,2738,35,0.26036116248536806,0.6486840666658302
138,1567285200,1267,1719,452,2986,35,0.272048197210397,0.8558937464496651
138,1567299600,1161,737,-424,1898,35,-1.434258872643835,-0.053155171311675076
138,1567314000,281,108,-173,389,35,-0.9453512533134558,-1.3139592309641221
138,1567328400,104,250,146,354,35,-0.3239905737660813,-1.3432025325465182
138,1567342800,477,1042,565,1519,35,0.49215401786510965,-0.36981835130390667
138,1567357200,1031,1561,530,2592,35,0.42397964863577386,0.526697722922121
138,1567371600,1173,1447,274,2620,35,-0.07466716629879627,0.5500923641880379
138,1567386000,862,682,-180,1544,35,-0.958986127159323,-0.34893027874505234
138,1567400400,220,82,-138,302,35,-0.8771768840841201,-1.3866497234689352
138,1567414800,103,292,189,395,35,-0.24023349157004026,-1.308946093549997
138,1567429200,348,847,499,1195,35,0.36359663588979074,-0.6405277716666586
138,1567443600,699,1126,427,1825,35,0.2233522191894429,-0.1141483431835297
138,1567458000,843,977,134,1820,35,-0.3473646432161393,-0.11832595769530058
138,1567472400,695,308,-387,1003,36,-1.3295004775534018,-0.9557145732790131
138,1567486800,99,55,-44,154,36,-0.7207412162338954,-1.578842572071901
138,1567501200,653,1496,843,2149,36,0.8535137831550318,-0.11460186819462012
138,1567515600,818,1909,1091,2727,36,1.2936662519807973,0.30962426054777004
138,1567530000,1390,1592,202,2982,36,-0.2841383640922088,0.49678284675764806
138,1567544400,2089,2334,245,4423,36,-0.20782160538451558,1.5544123476534686
138,1567558800,969,430,-539,1399,36,-1.5992713455433871,-0.6650682982236731
138,1567573200,125,83,-42,208,36,-0.7171915995498167,-1.5392089891098093
138,1567587600,747,1585,838,2332,36,0.8446397414448349,0.0197119407324688
138,1567602000,859,2113,1254,2972,36,1.5829600117332157,0.4894432943572607
138,1567616400,1409,1661,252,3070,36,-0.19539794699023993,0.5613709078810569
138,1567630800,2184,2647,463,4831,36,0.17908661318006858,1.8538660855892732
138,1567645200,1125,544,-581,1669,36,-1.6738132959090408,-0.46690038341321405
138,1567659600,116,85,-31,201,36,-0.6976687077873835,-1.5443466757900803
138,1567674000,755,1625,870,2380,36,0.901433608390095,0.054941792254328194
138,1567688400,912,2172,1260,3084,36,1.593608861785452,0.5716462812415992
138,1567702800,1559,1775,216,3334,36,-0.2592910473036575,0.7551350912512836
138,1567717200,2147,2886,739,5033,36,0.6689337155829366,2.0021250440770983
138,1567731600,1355,629,-726,1984,36,-1.9311605055047505,-0.23570448280101178
138,1567746000,220,88,-132,308,36,-0.8769243503333607,-1.4658134651059356
138,1567760400,664,1539,875,2203,36,0.9103076501002918,-0.07496828523252831
138,1567774800,915,1943,1028,2858,36,1.1818533264323166,0.4057723969928446
138,1567789200,1449,1766,317,3215,36,-0.08003540475768044,0.6677944176866738
138,1567803600,1730,2913,1183,4643,36,1.45694861944842,1.7158825004619906
138,1567818000,1261,912,-349,2173,36,-1.2620577605559054,-0.09698694243369044
138,1567832400,346,123,-223,469,36,-1.038431909458944,-1.3476466714596989
138,1567846800,124,526,402,650,36,0.0708233043156666,-1.2148007730126873
138,1567861200,587,1547,960,2134,36,1.0611663591736389,-0.1256111967952012
138,1567875600,1331,2187,856,3518,36,0.8765862916015437,0.8901828554184112
138,1567890000,1431,2200,769,3631,36,0.7221779658441179,0.9731197975427885
138,1567904400,1275,964,-311,2239,36,-1.194615043558409,-0.048545896591133765
138,1567918800,370,165,-205,535,36,-1.0064853593022351,-1.2992056256171423
138,1567933200,150,311,161,461,36,-0.3569055061158232,-1.3535183133800086
138,1567947600,480,1271,791,1751,36,0.7612237493689842,-0.40671605373003755
138,1567962000,1172,1775,603,2947,36,0.42755978106558135,0.47109441335629226
138,1567976400,1197,1296,99,2493,36,-0.4669436233222646,0.13787873437870551
138,1567990800,881,422,-459,1303,36,-1.457286678180237,-0.7355280012673919
138,1568005200,119,58,-61,177,36,-0.7509129580485648,-1.56196160155101
138,1568019600,768,1632,864,2400,36,0.8907847583378588,0.06962089705510294
138,1568034000,852,2079,1227,2931,36,1.5350401864981524,0.4593511295156725
138,1568048400,1430,1658,228,3088,36,-0.23799334719918497,0.5745821022017542
138,1568062800,2046,2708,662,4754,36,0.5322734732459046,1.7973515321062905
138,1568077200,1013,420,-593,1433,37,-1.6926212406054244,-0.6767420645900926
138,1568091600,140,63,-77,203,37,-0.7779600381019771,-1.5013014894992693
138,1568106000,742,1702,960,2444,37,1.060225363053207,0.0010055602742794839
138,1568120400,935,2098,1163,3033,37,1.4200630066737492,0.39585556130802346
138,1568134800,1523,1754,231,3277,37,-0.23199947536736118,0.5594266992574861
138,1568149200,2182,2791,609,4973,37,0.4380430334433038,1.696380182709489
138,1568163600,1160,578,-582,1738,37,-1.6731226490791882,-0.4722781421532642
138,1568178000,100,85,-15,185,37,-0.6680588858631907,-1.5133682127906232
138,1568192400,795,1328,533,2123,37,0.30332549198930764,-0.21418433842153003
138,1568206800,960,2133,1173,3093,37,1.4377889989703276,0.4360779722792028
138,1568221200,1545,1743,198,3288,37,-0.29049524994607,0.5668008079355357
138,1568235600,2242,2957,715,5199,37,0.6259385517870353,1.8478845973675981
138,1568250000,1240,619,-621,1859,37,-1.7422540190358442,-0.3911629466947192
138,1568264400,117,74,-43,191,37,-0.7176916642936104,-1.5093459716935052
138,1568278800,733,1655,922,2388,37,0.9928665923262089,-0.03653535663215458
138,1568293200,961,2080,1119,3041,37,1.342068640568804,0.401218549437514
138,1568307600,1415,1782,367,3197,37,0.00907401986610558,0.5057968179625804
138,1568322000,2076,2858,782,4934,37,0.7447027001741108,1.6702356155782225
138,1568336400,1194,692,-502,1886,37,-1.5313147107065608,-0.3730628617576885
138,1568350800,153,81,-72,234,37,-0.7690970419536879,-1.4805199104974933
138,1568365200,691,1568,877,2259,37,0.913099626991606,-0.12301354022019019
138,1568379600,996,2187,1191,3183,37,1.469695785104169,0.49641158873597185
138,1568394000,1677,2202,525,3879,37,0.2891446981520449,0.9629915560016523
138,1568408400,2151,3478,1327,5629,37,1.7107692803376355,2.136145209327717
138,1568422800,1435,1007,-428,2442,37,-1.4001423677118803,-0.0003351867580931613
138,1568437200,395,177,-218,572,37,-1.027896529483733,-1.2539336620265162
138,1568451600,156,533,377,689,37,0.02680001216268402,-1.1754999606327166
138,1568466000,587,1434,847,2021,37,0.8599216501018706,-0.2825624370725349
138,1568480400,1294,1980,686,3274,37,0.5745331741269577,0.5574155787089272
138,1568494800,1706,2237,531,3943,37,0.29978029352999197,1.005895461037577
138,1568509200,1281,888,-393,2169,37,-1.3381013946738558,-0.18334715667695922
138,1568523600,371,151,-220,522,37,-1.0314417279430488,-1.2874523378358325
138,1568538000,153,341,188,494,37,-0.30822124224264846,-1.3062227962890494
138,1568552400,516,1218,702,1734,37,0.6028947618014833,-0.4749596362180095
138,1568566800,1161,1700,539,2861,37,0.3139610873672547,0.28055131652397597
138,1568581200,1388,1475,87,2863,37,-0.4872537644380907,0.2818920635563486
138,1568595600,907,418,-489,1325,37,-1.5082709207210088,-0.7491424043382154
138,1568610000,129,50,-79,179,37,-0.7815052365612928,-1.517390453887741
138,1568624400,711,1471,760,2182,37,0.7057055171216382,-0.174632300966537
138,1568638800,852,2033,1181,2885,37,1.4519697928075905,0.2966402809124477
138,1568653200,1407,1800,393,3207,37,0.05516159983720952,0.5125005531244435
138,1568667600,2503,3051,548,5554,37,0.3299144804341753,2.0858671956137425
138,1568682000,1199,424,-775,1623,38,-1.94120561512207,-0.5636668594817872
138,1568696400,111,76,-35,187,38,-0.6885028511589053,-1.5303925498948439
138,1568710800,804,1599,795,2403,38,0.7165556543673468,-0.038565161346561405
138,1568725200,968,2108,1140,3076,38,1.300585997025849,0.4145033551213962
138,1568739600,1465,1769,304,3234,38,-0.1146295579379421,0.5208701093590444
138,1568754000,2269,2833,564,5102,38,0.3255092510220887,1.77842135566238
138,1568768400,1156,509,-647,1665,38,-1.724521893787901,-0.5353921526591211
138,1568782800,154,70,-84,224,38,-0.771452088232142,-1.5054838795986856
138,1568797200,773,1718,945,2491,38,0.970481890305826,0.02067708151997688
138,1568811600,986,2206,1220,3192,38,1.4360133228597047,0.49259540253637846
138,1568826000,1539,1790,251,3329,38,-0.20435016130287145,0.5848248033626937
138,1568840400,2313,3037,724,5350,38,0.5963639026898,1.9453767673771696
138,1568854800,1232,566,-666,1798,38,-1.7566858836734418,-0.44585558105401213
138,1568869200,147,75,-72,222,38,-0.7511379893570636,-1.5068302942092888
138,1568883600,770,1671,901,2441,38,0.8959968610972054,-0.012983283745101692
138,1568898000,973,2177,1204,3150,38,1.4089278576929336,0.4643206957137125
138,1568912400,1504,1692,188,3196,38,-0.3109991803970328,0.49528823175758474
138,1568926800,2220,3188,968,5408,38,1.0094172464830595,1.9844227910846608
138,1568941200,1110,632,-478,1742,38,-1.4384316679638809,-0.48355519015090015
138,1568955600,199,87,-112,286,38,-0.8188516522739914,-1.463745026669988
138,1568970000,703,1504,801,2207,38,0.726712703804886,-0.17051379318566942
138,1568984400,939,2107,1168,3046,38,1.3479855610676985,0.39430713596234906
138,1568998800,1563,2238,675,3801,38,0.5134146656165633,0.9025786514650355
138,1569013200,2046,3289,1243,5335,38,1.4749486790369382,1.9352786577976462
138,1569027600,1490,857,-633,2347,38,-1.7008221117669762,-0.07626477044344941
138,1569042000,297,151,-146,448,38,-0.8764082657533802,-1.3546854432111337
138,1569056400,177,462,285,639,38,-0.1467935478234828,-1.2261028478985334
138,1569070800,645,1490,845,2135,38,0.8011977330135066,-0.21898471916738255
138,1569085200,1320,2084,764,3404,38,0.6640775656067278,0.6353153512603116
138,1569099600,1663,2296,633,3959,38,0.44231531955378917,1.0089454057026839
138,1569114000,1490,1253,-237,2743,38,-1.0304568488893908,0.1903253224559729
138,1569128400,368,134,-234,502,38,-1.0253783241706214,-1.3183322487248488
138,1569142800,128,283,155,411,38,-0.3668629523034982,-1.3795941135072918
138,1569157200,535,1279,744,1814,38,0.6302207341482639,-0.435084264169187
138,1569171600,1096,1757,661,2853,38,0.48971488359563864,0.26437812603914573
138,1569186000,1377,1443,66,2820,38,-0.5175258522936625,0.2421622849641939
138,1569200400,889,475,-414,1364,38,-1.3300898072967964,-0.7380275515548942
138,1569214800,111,51,-60,162,38,-0.7308238904819853,-1.547222732527383
138,1569229200,729,1534,805,2263,38,0.7334840700965788,-0.1328141840887814
138,1569243600,920,2092,1172,3012,38,1.3547569273593913,0.3714180875820956
138,1569258000,1409,1602,193,3011,38,-0.3025349725324168,0.37074488027679403
138,1569272400,2073,2864,791,4937,38,0.7097842880756541,1.6673421502876207
138,1569286800,1173,453,-720,1626,39,-1.5402107953599222,-0.6148782537240237
138,1569301200,107,88,-19,195,39,-0.44498119829232413,-1.5692066496883166
138,1569315600,758,1617,859,2375,39,0.9267899660805018,-0.11537303459246866
138,1569330000,999,2311,1312,3310,39,1.634548892573543,0.5081748691298331
138,1569344400,1428,1773,345,3201,39,0.12372575368000922,0.4354831883750407
138,1569358800,2447,2808,361,5255,39,0.1487238614590129,1.8052878881029635
138,1569373200,1915,599,-1316,2514,39,-2.4713903101278087,-0.022674469226265516
138,1569387600,214,69,-145,283,39,-0.641841297051978,-1.5105197881615118
138,1569402000,946,1780,834,2726,39,0.8877304226758086,0.11870751536103712
138,1569416400,1239,2226,987,3465,39,1.1267748283125312,0.6115437729554553
138,1569430800,2130,1860,-270,3990,39,-0.8371390140754442,0.9616642536551434
138,1569445200,3050,2909,-141,5959,39,-0.635591770107227,2.2747827803174023
138,1569459600,1829,675,-1154,2504,39,-2.2182844688653964,-0.029343430763402435
138,1569474000,267,72,-195,339,39,-0.7199603838613644,-1.473173603553545
138,1569488400,928,1674,746,2602,39,0.7502408298912885,0.036012392300539355
138,1569502800,1205,2133,928,3338,39,1.0345943058774552,0.5268479614338164
138,1569517200,2099,1807,-292,3906,39,-0.8715114122715742,0.9056449767431933
138,1569531600,2263,2951,688,5214,39,0.6596226891924003,1.777945145800702
138,1569546000,1287,677,-610,1964,39,-1.368348804379272,-0.38946735376879593
138,1569560400,174,98,-76,272,39,-0.5340369572550246,-1.5178556458523622
138,1569574800,716,1575,859,2291,39,0.9267899660805018,-0.17139231150441878
138,1569589200,1039,2251,1212,3290,39,1.4783107189547702,0.4948369460555592
138,1569603600,1625,2271,646,3896,39,0.5940026562725157,0.8989760152060564
138,1569618000,2045,3257,1212,5302,39,1.4783107189547702,1.8366320073275069
138,1569632400,1537,889,-648,2426,39,-1.4277193103544057,-0.0813613307530704
138,1569646800,290,151,-139,441,39,-0.6324670066348516,-1.4051501958747483
138,1569661200,184,507,323,691,39,0.08935335548387918,-1.2384261574463256
138,1569675600,625,1633,1008,2258,39,1.1595848447724735,-0.1933998845769706
138,1569690000,1374,2129,755,3503,39,0.7643022655169781,0.6368858267965756
138,1569704400,1591,2287,696,3878,39,0.6721217430819021,0.8869718844392099
138,1569718800,1319,1068,-251,2387,39,-0.8074537610878774,-0.10737028074790436
138,1569733200,388,158,-230,546,39,-0.774643744627935,-1.3351260997348107
138,1569747600,159,326,167,485,39,-0.15437819536140654,-1.375806765111346
138,1569762000,540,1318,778,1858,39,0.8002370454492957,-0.46015834606244727
138,1569776400,1148,1649,501,2797,39,0.36745730452529496,0.16605714227470922
138,1569790800,1243,1422,179,2665,39,-0.13562961452715377,0.07802684998450193
138,1569805200,833,475,-358,1308,39,-0.9746286068599643,-0.8269512306049777
138,1569819600,126,48,-78,174,39,-0.5371617207274001,-1.5832114689163042
138,1569834000,642,1390,748,2032,39,0.753365593363664,-0.3441184153162649
138,1569848400,801,1822,1021,2623,39,1.179895807342914,0.050017211528526874
138,1569862800,1334,1541,207,2875,39,-0.09188292591389738,0.21807504226437718
138,1569877200,1909,2343,434,4252,39,0.2627777282007171,1.1363910459281306
138,1569891600,1047,359,-688,1406,40,-1.8928048476440174,0.037042634049729725
138,1569906000,113,61,-52,174,40,-0.5532839750986487,-0.7411435699763634
138,1569920400,739,1540,801,2279,40,1.243274679431539,0.5884684101169207
138,1569934800,941,2036,1095,2977,40,1.8624871582496811,1.0293563731122235
138,1569949200,1455,1677,222,3132,40,0.023805205840708204,1.1272612932616102
138,1569963600,2017,2656,639,4673,40,0.9020759666133792,2.1006256929403513
138,1569978000,1147,480,-667,1627,40,-1.848575384871293,0.17663610084337142
138,1569992400,118,74,-44,192,40,-0.5364346559471347,-0.729773966346112
138,1570002508,241,724,483,965,40,0.5735142431588548,-0.24151265489142862
138,1570002589,6,20,14,26,40,-0.41427709209865765,-0.8346269776028746
138,1570002669,11,28,17,39,40,-0.4079585974168399,-0.8264155972032486
138,1570002749,10,19,9,29,40,-0.4248079165683539,-0.8327320436644994
138,1570002830,5,11,6,16,40,-0.4311264112501717,-0.8409434240641254
138,1570002910,5,9,4,14,40,-0.4353387410380502,-0.8422067133563755
138,1570002990,4,24,20,28,40,-0.4016401027350221,-0.8333636883106245
138,1570003071,9,19,10,28,40,-0.42270175167441465,-0.8333636883106245
138,1570003151,4,17,13,21,40,-0.4163832569925969,-0.8377852008334999
138,1570003232,5,12,7,17,40,-0.4290202463562324,-0.8403117794180003
138,1570003313,7,5,-2,12,40,-0.44797573040168576,-0.8434700026486256
138,1570003393,6,6,0,12,40,-0.44376340061380726,-0.8434700026486256
138,1570003473,6,16,10,22,40,-0.42270175167441465,-0.8371535561873749
138,1570003553,7,19,12,26,40,-0.41848942188653615,-0.8346269776028746
138,1570003634,10,12,2,22,40,-0.43955107082592876,-0.8371535561873749
138,1570003714,7,18,11,25,40,-0.42059558678047543,-0.8352586222489996
138,1570003794,7,27,20,34,40,-0.4016401027350221,-0.829573820433874
138,1570003874,12,24,12,36,40,-0.41848942188653615,-0.8283105311416238
138,1570003955,11,23,12,34,40,-0.41848942188653615,-0.829573820433874
138,1570004036,8,8,0,16,40,-0.44376340061380726,-0.8409434240641254
138,1570004116,10,15,5,25,40,-0.433232576144111,-0.8352586222489996
138,1570004197,12,15,3,27,40,-0.4374449059319895,-0.8339953329567495
138,1570004277,7,15,8,22,40,-0.4269140814622932,-0.8371535561873749
138,1570004357,8,17,9,25,40,-0.4248079165683539,-0.8352586222489996
138,1570004438,12,15,3,27,40,-0.4374449059319895,-0.8339953329567495
138,1570004519,6,24,18,30,40,-0.4058524325229006,-0.8321003990183743
138,1570004599,10,12,2,22,40,-0.43955107082592876,-0.8371535561873749
138,1570004681,14,22,8,36,40,-0.4269140814622932,-0.8283105311416238
138,1570004761,7,10,3,17,40,-0.4374449059319895,-0.8403117794180003
138,1570004843,10,24,14,34,40,-0.41427709209865765,-0.829573820433874
138,1570004924,9,27,18,36,40,-0.4058524325229006,-0.8283105311416238
138,1570005004,11,25,14,36,40,-0.41427709209865765,-0.8283105311416238
138,1570006800,537,1348,811,1885,40,1.2643363283709317,0.33960041954364095
138,1570021200,1058,2152,1094,3210,40,1.860380993355742,1.1765295756593661
138,1570024414,272,288,16,560,40,-0.4100647623107791,-0.4973287365720842
138,1570024541,102,284,182,386,40,-0.06044138991686215,-0.6072349049978474
138,1570035600,1479,1543,64,3022,40,-0.30896884740169467,1.0577803821878518
138,1570050000,2562,2863,301,5425,40,0.19019223246190964,2.5756224668264083
138,1570064400,1098,548,-550,1646,40,-1.6021540922803996,0.18863734911974786
138,1570078800,147,189,42,336,40,-0.3553044750683584,-0.6388171373041012
138,1570093200,801,1602,801,2403,40,1.243274679431539,0.6667923462364301
138,1570107600,987,2110,1123,3097,40,1.9214597752799805,1.1051537306472325
138,1570122000,1435,1726,291,3161,40,0.16913058352251706,1.1455789879992373
138,1570136400,2143,3156,1013,5299,40,1.689781636946662,2.4960352414146487
138,1570150800,1308,650,-658,1958,40,-1.8296199008258396,0.38571047871077146
138,1570165200,191,66,-125,257,40,-0.7070340123562145,-0.6887170643479821
138,1570179600,633,1525,892,2158,40,1.4349356847800117,0.5120394079357865
138,1570194000,822,2201,1379,3023,40,2.4606379881284304,1.058412026833977
138,1570208400,1657,2188,531,3845,40,0.6746101580679392,1.577623925948789
138,1570222800,2045,3679,1634,5724,40,2.9977100360829416,2.764484216017806
138,1570237200,1397,834,-563,2231,40,-1.6295342359016098,0.5581494671029171
138,1570251600,300,164,-136,464,40,-0.7302018261895464,-0.5579666226000914
138,1570266000,170,534,364,704,40,0.32288062078008295,-0.40637190753007335
138,1570280400,632,1451,819,2083,40,1.2811856475224457,0.4646660594764059
138,1570294800,1418,2146,728,3564,40,1.0895246421739733,1.4001317803876427
138,1570309200,1570,2242,672,3812,40,0.9715794081133747,1.5567796526266615
138,1570323600,1180,872,-308,2052,40,-1.0924621879470988,0.44508507544652853
138,1570338000,344,125,-219,469,40,-0.9050135123865048,-0.5548083993694661
138,1570352400,105,314,209,419,40,-0.0035749377805021597,-0.5863906316757199
138,1570366800,591,1151,560,1742,40,0.7356889399921778,0.24927523514775513
138,1570381200,1052,1690,638,2742,40,0.89996980171944,0.8809198812728307
138,1570395600,1277,1310,33,2587,40,-0.3742599591138117,0.7830149611234439
138,1570410000,749,351,-398,1100,40,-1.2820170284016321,-0.1562406276645434
138,1570424400,153,60,-93,213,40,-0.6396367357501582,-0.7165094287774855
138,1570438800,686,1541,855,2227,40,1.357007583704259,0.5556228885184168
138,1570453200,882,1911,1029,2793,40,1.72348027524969,0.9131337582252096
138,1570467600,1520,1622,102,3142,40,-0.22893458143200285,1.133577739722861
138,1570482000,1816,2625,809,4441,40,1.2601239985830532,1.9540841350393339
138,1570496400,1044,447,-597,1491,41,-1.6690446750938053,-0.6343876842863743
138,1570510800,152,60,-92,212,41,-0.8020031712916155,-1.5317212710492953
138,1570525200,792,1640,848,2432,41,0.8118958654886985,0.02580848861738543
138,1570539600,936,2183,1247,3119,41,1.4969444991858742,0.5078008061358582
138,1570554000,1509,1865,356,3374,41,-0.03282575801759347,0.6867062515029769
138,1570568400,2028,2780,752,4808,41,0.6470721340728367,1.6927862854498328
138,1570582800,1195,566,-629,1761,41,-1.7239859188990927,-0.44495838919177794
138,1570597200,138,87,-51,225,41,-0.731609702666091,-1.5226006012854814
138,1570611600,664,1393,729,2057,41,0.6075831150877864,-0.23728775456955387
138,1570626000,849,1599,750,2448,41,0.6436383063350062,0.03703392832669484
138,1570640400,1247,1549,302,2796,41,-0.12553910693901577,0.2811872420041745
138,1570654800,1883,2600,717,4483,41,0.5869801486608037,1.4647695413544854
138,1570669200,1113,500,-613,1613,41,-1.696515296996449,-0.54879370650289
138,1570683600,116,68,-48,184,41,-0.7264589610593454,-1.5513657905405867
138,1570698000,739,1661,922,2400,41,0.9389474917884253,0.0033576091987666083
138,1570712400,990,2228,1238,3218,41,1.4814922743656374,0.5772582143372103
138,1570726800,1525,1668,143,3193,41,-0.39852841209653694,0.5597184647914143
138,1570741200,2227,3103,876,5330,41,0.8599694538183249,2.0590162559660525
138,1570755600,1389,688,-701,2077,41,-1.8476037174609892,-0.2232559549329171
138,1570770000,203,91,-112,294,41,-0.83634144866992,-1.4741908925390845
138,1570784400,723,1521,798,2244,41,0.7260501720429371,-0.10609042796700015
138,1570798800,981,2333,1352,3314,41,1.6772204554219732,0.6446108525930667
138,1570813200,1653,2221,568,3874,41,0.33115998219243475,1.037501242418896
138,1570827600,2224,3300,1076,5524,41,1.2033522276013704,2.195124712441429
138,1570842000,1509,875,-634,2384,41,-1.7325704882436688,-0.007867830510542802
138,1570856400,328,152,-176,480,41,-0.9462239362804945,-1.3436951559183625
138,1570870800,145,480,335,625,41,-0.06888094926481325,-1.241964608552746
138,1570885200,704,1505,801,2209,41,0.7312009136496828,-0.13064607733111447
138,1570899600,1532,2210,678,3742,41,0.5200205077731098,0.9448913648170933
138,1570914000,1698,2570,872,4268,41,0.853101798342664,1.3139276952606402
138,1570928400,1427,1038,-389,2465,41,-1.311926590359438,0.048960958017836086
138,1570942800,378,113,-265,491,41,-1.0990292706139497,-1.3359776661182123
138,1570957200,105,347,242,452,41,-0.22855393907392943,-1.363339675409654
138,1570971600,558,1384,826,1942,41,0.7741237603725635,-0.31797060248021525
138,1570986000,1187,1923,736,3110,41,0.619601512170193,0.5014864962993717
138,1571000400,1418,1748,330,3166,41,-0.07746551860938938,0.5407755352819547
138,1571014800,983,554,-429,1537,41,-1.3806031451160472,-0.6021145451221097
138,1571029200,153,63,-90,216,41,-0.798569343553785,-1.528914911121968
138,1571043600,486,1073,587,1559,41,0.3637813457018241,-0.5866795655218092
138,1571058000,734,1806,1072,2540,41,1.1964845721257096,0.10158020665522395
138,1571072400,1155,1813,658,2968,41,0.48568223039480524,0.4018607188792507
138,1571086800,1602,2372,770,3974,41,0.6779765837133107,1.10766024060208
138,1571101200,1118,412,-706,1530,42,-1.9131834048417118,-0.6282650713637341
138,1571115600,125,100,-25,225,42,-0.7357321042159287,-1.4996454185838937
138,1571130000,779,1613,834,2392,42,0.7494817977481646,-0.052686635115628704
138,1571144400,924,2099,1175,3023,42,1.3390719497502086,0.36864746380844843
138,1571158800,1456,1688,232,3144,42,-0.2913782359915143,0.4494421166924632
138,1571173200,2179,2859,680,5038,42,0.483215277489177,1.7141121378686948
138,1571187600,1218,644,-574,1862,42,-1.6849549589054365,-0.40658056923569347
138,1571202000,144,71,-73,215,42,-0.8187242663745742,-1.5063226626238948
138,1571216400,787,1709,922,2496,42,0.9016340950390147,0.016756702900384005
138,1571230800,1029,2167,1138,3196,42,1.2750988247529194,0.4841637857004696
138,1571245200,1379,1758,379,3137,42,-0.03721473938066246,0.44476804586446234
138,1571259600,1862,2926,1064,4788,42,1.1471525747583409,1.547181036868664
138,1571274000,1107,620,-487,1727,42,-1.5345316649928915,-0.49672336377570997
138,1571288400,147,71,-76,218,42,-0.8239112765094895,-1.5043194894118945
138,1571302800,670,1623,953,2293,42,0.9552331997664733,-0.11879135111164081
138,1571317200,974,2233,1259,3207,42,1.4843082335278381,0.4915087541444709
138,1571331600,1510,1832,322,3342,42,-0.13576793194405398,0.5816515486844874
138,1571346000,2134,3150,1016,5284,42,1.0641604125996955,1.8783723412527247
138,1571360400,1361,834,-527,2195,42,-1.6036918001250962,-0.1842283427036528
138,1571374800,192,83,-109,275,42,-0.8809683879935583,-1.4662591983838875
138,1571389200,699,1527,828,2226,42,0.7391077774783339,-0.163528886179649
138,1571403600,953,2183,1230,3136,42,1.4341671355569898,0.44410032146046224
138,1571418000,1657,2227,570,3884,42,0.2930249058756144,0.9435581756525536
138,1571432400,2213,3508,1295,5721,42,1.5465523551468223,2.170167905800778
138,1571446800,1386,1093,-293,2479,42,-1.1991050096016993,0.0054053880323819276
138,1571461200,300,181,-119,481,42,-0.8982584217766094,-1.3287079711598622
138,1571475600,187,495,308,682,42,-0.15997397924032558,-1.1944953659558377
138,1571490000,727,1697,970,2424,42,0.9846262571976602,-0.031319454187624794
138,1571504400,1437,2333,896,3770,42,0.8566800072030817,0.8674375935965397
138,1571518800,1617,2342,725,3959,42,0.5610204295129071,0.9936375059525628
138,1571533200,1177,1083,-94,2260,42,-0.8550333373189816,-0.14082625644364483
138,1571547600,372,165,-207,537,42,-1.0504107190674594,-1.2913154045358555
138,1571562000,144,322,178,466,42,-0.38474441841999046,-1.3387238372198642
138,1571576400,548,1305,757,1853,42,0.6163485376186708,-0.41259008887169457
138,1571590800,1140,1596,456,2736,42,0.09591852074883135,0.17701055986041334
138,1571605200,941,1288,347,2229,42,-0.09254284748642612,-0.16152571296764862
138,1571619600,753,357,-396,1110,42,-1.377192357567126,-0.9087093210437854
138,1571634000,116,64,-52,180,42,-0.7824151954301668,-1.5296930167638991
138,1571648400,588,1505,917,2093,42,0.8929890781474891,-0.25233623191166527
138,1571662800,989,2018,1029,3007,42,1.086637456517662,0.35796387334444646
138,1571677200,1906,1764,-142,3670,42,-0.938025499477627,0.8006651531965275
138,1571691600,2533,2755,222,5288,42,-0.3086682697745654,1.8810432388687253
138,1571706000,1735,500,-1235,2235,43,-1.9826250872277296,-0.2457647397278419
138,1571720400,238,67,-171,305,43,-0.5019928925380994,-1.483367386329002
138,1571734800,882,1638,756,2520,43,0.7879939913691255,-0.0630099447634219
138,1571749200,1167,2117,950,3284,43,1.057958884009904,0.42690115472014617
138,1571763600,1933,1807,-126,3740,43,-0.43937217001833123,0.7193088266632182
138,1571778000,2681,2906,225,5587,43,0.04906946563586068,1.9036881470115823
138,1571792400,1780,570,-1210,2350,43,-1.9478357969389695,-0.17202157684746192
138,1571806800,247,65,-182,312,43,-0.5173001802651539,-1.478878672066718
138,1571821200,864,1593,729,2457,43,0.7504215578572646,-0.1034083731239779
138,1571835600,1238,2107,869,3345,43,0.9452415834743212,0.46601709329147817
138,1571850000,1984,1823,-161,3807,43,-0.4880771764225954,0.7622722346022222
138,1571864400,2720,2932,212,5652,43,0.030979034685705426,1.9453690651613624
138,1571878800,1915,469,-1446,2384,43,-2.276246697264865,-0.1502192504306539
138,1571893200,270,72,-198,342,43,-0.5395653260499603,-1.459641325228358
138,1571907600,855,1691,836,2546,43,0.8993197202931579,-0.04633757750350989
138,1571922000,1202,2259,1057,3461,43,1.2068570464457973,0.5404015010664702
138,1571936400,2052,1849,-203,3901,43,-0.5465231841077124,0.8225492546957502
138,1571950800,2316,3300,984,5616,43,1.1052723188026177,1.9222842489553305
138,1571965200,2103,685,-1418,2788,43,-2.2372826921414535,0.10884368699259413
138,1571979600,386,77,-309,463,43,-0.6940297749320552,-1.382050692980306
138,1571994000,759,1550,791,2309,43,0.8366989977733896,-0.1983126175265539
138,1572008400,1138,2231,1093,3369,43,1.2569536244616117,0.48140697076216615
138,1572022800,2136,2147,11,4283,43,-0.24872685923592586,1.0675048044375341
138,1572037200,2579,3596,1017,6175,43,1.151194181983781,2.2807401450434384
138,1572051600,2010,942,-1068,2952,43,-1.750232628098812,0.21400784970896214
138,1572066000,589,178,-411,767,43,-0.8359700793101964,-1.187112245018258
138,1572080400,215,568,353,783,43,0.22719063191431244,-1.176852326704466
138,1572094800,581,1567,986,2148,43,1.1080554620257186,-0.3015530455590859
138,1572109200,1324,2148,824,3472,43,0.8826208609545529,0.5474551949072022
138,1572123600,1522,2058,536,3580,43,0.48184823682803646,0.6167096435252982
138,1572138000,1230,1000,-230,2230,43,-0.5840956176195733,-0.24897096420090192
138,1572152400,402,239,-163,641,43,-0.4908603196456962,-1.26790910173937
138,1572166800,104,310,206,414,43,0.022629605016403,-1.413471692816294
138,1572181200,346,1066,720,1412,43,0.7378974133533109,-0.773509287993518
138,1572195600,764,1284,520,2048,43,0.45958309104323,-0.36567753502028594
138,1572210000,1031,1205,174,2236,43,-0.02190068655320994,-0.24512349483322993
138,1572224400,736,339,-397,1075,43,-0.8164880767484908,-0.989608817477762
138,1572238800,121,67,-54,188,43,-0.33917901398670214,-1.558393038998606
138,1572253200,602,1589,987,2191,43,1.1094470336372688,-0.2739795150907699
138,1572267600,843,2026,1183,2869,43,1.3821950695011482,0.16078452345616612
138,1572282000,1436,1740,304,3176,43,0.15900362294834264,0.3576467061020501
138,1572296400,1963,2591,628,4554,43,0.6098728250906736,1.2412821708773862
138,1572310800,1103,514,-589,1617,44,-1.4658906407308088,-0.5462142033650274
138,1572325200,159,65,-94,224,44,-0.7208869391444418,-1.5178115455581587
138,1572339600,730,1609,879,2339,44,0.7435344783172452,-0.042629651273540695
138,1572354000,884,2178,1294,3062,44,1.3681335412633913,0.4616523863471585
138,1572368400,1339,1679,340,3018,44,-0.06769177452124325,0.43096302306180473
138,1572382800,1993,2869,876,4862,44,0.7390193043682369,1.7171263389298121
138,1572397200,1088,527,-561,1615,44,-1.4237490172067313,-0.5476091744234525
138,1572411600,123,74,-49,197,44,-0.6531593299093175,-1.5366436548468985
138,1572426000,759,1587,828,2346,44,0.6667765211841044,-0.03774725256905259
138,1572440400,951,2175,1224,3126,44,1.262779482453198,0.506291460216764
138,1572454800,1321,1714,393,3035,44,0.012076298577903103,0.4428202770584187
138,1572469200,1943,3256,1313,5199,44,1.3967296429404437,1.9521789622744534
138,1572483600,1168,595,-573,1763,44,-1.4418097130027645,-0.4443813160999898
138,1572498000,160,75,-85,235,44,-0.707341417297417,-1.5101392047368203
138,1572512400,721,1311,590,2032,44,0.3085727212294471,-0.25675770874180437
138,1572526800,925,1977,1052,2902,44,1.003909509376723,0.35005470167314484
138,1572541200,1437,1970,533,3407,44,0.22278441619828973,0.7022848939255004
138,1572555600,1517,2775,1258,4292,44,1.3139514538752919,1.3195595872786385
138,1572570000,2146,797,-1349,2943,44,-2.6097347078129074,0.37865160837086087
138,1572584400,432,156,-276,588,44,-0.9948074920509443,-1.2639268129247776
138,1572598800,657,1499,842,2156,44,0.6878473329461431,-0.1702695031194438
138,1572613200,943,2195,1252,3138,44,1.3049211059772752,0.514661286567315
138,1572627600,1533,2160,627,3693,44,0.3642598666005493,0.9017657552802999
138,1572642000,1980,3608,1628,5588,44,1.8708229075863139,2.223500833138149
138,1572656400,1364,796,-568,2160,44,-1.4342844230877507,-0.16747956100259348
138,1572670800,368,166,-202,534,44,-0.88343320130874,-1.3015910315022572
138,1572685200,232,380,148,612,44,-0.3566629072577735,-1.2471871602236755
138,1572699600,732,1580,848,2312,44,0.6968776808441596,-0.0614617605622805
138,1572714000,1470,2203,733,3673,44,0.523796012798842,0.8878160446960481
138,1572728400,1682,2155,473,3837,44,0.13248093721812404,1.002203671486912
138,1572742800,1250,947,-303,2197,44,-1.035444057592019,-0.1416725964217278
138,1572753600,364,138,-226,502,44,-0.9195545929008063,-1.32391056843706
138,1572768000,108,169,61,277,44,-0.48760295177901375,-1.4808448125098916
138,1572782400,617,1001,384,1618,44,-0.0014692232691217515,-0.5455167178358147
138,1572796800,1146,1825,679,2971,44,0.4425228817166929,0.3981812031888132
138,1572811200,1331,1684,353,3015,44,-0.04812602074220736,0.428870566474167
138,1572825600,963,474,-489,1437,44,-1.3153848424305326,-0.6717615986232927
138,1572840000,220,61,-159,281,44,-0.8187157080396212,-1.4780548703930414
138,1572854400,352,804,452,1156,44,0.10087471957506604,-0.8677550323320291
138,1572868800,980,2246,1266,3226,44,1.325991917739314,0.5760400131380224
138,1572883200,1132,1617,485,2749,44,0.15054163301415716,0.2433394157036193
138,1572897600,1995,2876,881,4871,44,0.7465445942832507,1.7234037086927254
138,1572912000,1381,742,-639,2123,45,-1.7222782083425414,-0.1466196293942058
138,1572926400,223,113,-110,336,45,-0.890001695456651,-1.3573567472897632
138,1572940800,304,872,568,1176,45,0.17669674638953753,-0.7882357741323663
138,1572955200,1072,2437,1365,3509,45,1.4306180710966354,0.792429976315499
138,1572969600,1191,1564,373,2755,45,-0.13009705325649015,0.2815761504099309
138,1572984000,2025,2933,908,4958,45,0.7116192688492782,1.7741636550120088
138,1572998400,1435,790,-645,2225,45,-1.7317180175624192,-0.07751208265366476
138,1573012800,210,82,-128,292,45,-0.9183211231162843,-1.3871678458837222
138,1573027200,340,861,521,1201,45,0.10275157416716163,-0.7712976499312534
138,1573041600,1136,2600,1464,3736,45,1.5863749232246187,0.9462281440616052
138,1573056000,1226,1745,519,2971,45,0.09960497109386904,0.42792154350754724
138,1573070400,2113,3072,959,5185,45,0.7918576472182393,1.9279618227581148
138,1573084800,1459,870,-589,2329,45,-1.6436131315102267,-0.007049485977034664
138,1573099200,265,69,-196,334,45,-1.0253056276082324,-1.3587117972258522
138,1573113600,345,875,530,1220,45,0.1169112879969783,-0.7584246755384074
138,1573128000,1108,2516,1408,3624,45,1.4982700371724262,0.8703453476406189
138,1573142400,1222,1650,428,2872,45,-0.04356546874094388,0.36084657167113976
138,1573156800,1918,3198,1280,5116,45,1.2968874404817003,1.881212599963043
138,1573171200,1237,994,-243,2231,45,-1.0992507998306082,-0.07344693284539763
138,1573185600,260,72,-188,332,45,-1.0127192153150621,-1.3600668471619413
138,1573200000,267,831,564,1098,45,0.17040354024295237,-0.8410827216398389
138,1573214400,1075,2445,1370,3520,45,1.438484578779867,0.7998827509639888
138,1573228800,1405,1901,496,3306,45,0.06341903575100424,0.6548924078024615
138,1573243200,1959,3610,1651,5569,45,1.8805823105774762,2.1881314104872107
138,1573257600,1448,1245,-203,2693,45,-1.0363187383647565,0.23956960239117067
138,1573272000,501,241,-260,742,45,-1.1259969259535954,-1.082281610263688
138,1573286400,132,319,187,451,45,-0.4227311390727012,-1.2794413759646435
138,1573300800,430,1362,932,1792,45,0.7493785057287893,-0.370880393816942
138,1573315200,899,2238,1339,3137,45,1.3897122311438317,0.5403906882029376
138,1573329600,1283,2477,1194,3760,45,1.161583508330119,0.9624887432946736
138,1573344000,1316,1298,-18,2614,45,-0.7452579540851918,0.18604512991565356
138,1573358400,548,294,-254,842,45,-1.1165571167337176,-1.014529113459236
138,1573372800,90,178,88,268,45,-0.5784879912006845,-1.4034284451167907
138,1573387200,355,1148,793,1503,45,0.5306895921349541,-0.5666851095818083
138,1573401600,947,1797,850,2744,45,0.620367779723793,0.2741233757614412
138,1573416000,1265,1729,464,2994,45,0.013073386578322771,0.4435046177725712
138,1573430400,943,653,-290,1596,45,-1.1731959720529843,-0.5036752875536679
138,1573444800,263,96,-167,359,45,-0.9796798830454898,-1.3417736730247394
138,1573459200,221,566,345,787,45,-0.17414949628258644,-1.0517929867016846
138,1573473600,904,2008,1104,2912,45,1.0199863700319522,0.38794757039292055
138,1573488000,1113,1580,467,2693,45,0.01779329118826166,0.23956960239117067
138,1573502400,1724,2626,902,4350,45,0.7021794596294003,1.3622284744409405
138,1573516800,1294,654,-640,1948,46,-1.5878268104474,-0.26155143462985503
138,1573531200,212,76,-136,288,46,-0.8684569514154338,-1.3772055198175883
138,1573545600,351,788,437,1139,46,-0.05060193311123386,-0.8052647809653227
138,1573560000,1119,2546,1427,3665,46,1.3624460042729858,0.8924112546878186
138,1573574400,1016,1531,515,2547,46,0.06072911650085618,0.14102494912162222
138,1573588800,1761,2832,1071,4593,46,0.8543196752742159,1.5161022131542141
138,1573603200,1729,753,-976,2482,46,-2.067406716468711,0.09733969879800615
138,1573617600,275,60,-215,335,46,-0.9812153221763967,-1.3456177234297428
138,1573632000,346,781,435,1127,46,-0.05345657540897975,-0.8133297502558364
138,1573646400,862,2462,1600,3324,46,1.609372563028006,0.6632317106823865
138,1573660800,1160,1477,317,2637,46,-0.22188047097598776,0.20151221880047523
138,1573675200,2051,2982,931,5033,46,0.654494714432003,1.8118177538063842
138,1573689600,1181,837,-344,2018,46,-1.1653397503810072,-0.2145057804351916
138,1573704000,229,71,-158,300,46,-0.8998580166906386,-1.3691405505270746
138,1573718400,331,821,490,1152,46,0.02504608777903245,-0.7965277309005995
138,1573732800,920,2526,1606,3446,46,1.6179364899212438,0.7452255651359428
138,1573747200,1349,1638,289,2987,46,-0.26184546314443036,0.4367404897737925
138,1573761600,1858,3239,1381,5097,46,1.2967892314248302,1.854830923355791
138,1573776000,1461,1041,-420,2502,46,-1.2738161576953513,0.11078131428219572
138,1573790400,249,100,-149,349,46,-0.8870121263507821,-1.3362085925908103
138,1573804800,285,724,439,1009,46,-0.047747290813487955,-0.8926352816125548
138,1573819200,1001,2187,1186,3188,46,1.0184616073946051,0.5718287253898976
138,1573833600,1253,1786,533,3039,46,0.08642089718056926,0.4716886900326854
138,1573848000,1856,3550,1694,5406,46,1.7435407510220633,2.0625038825865194
138,1573862400,1654,1259,-395,2913,46,-1.2381331289735276,0.3870065124822911
138,1573876800,496,256,-240,752,46,-1.0168983508982206,-1.0653600405843906
138,1573891200,121,303,182,424,46,-0.4145688260738359,-1.2858025345250994
138,1573905600,463,1293,830,1756,46,0.5103352783958351,-0.3905909432780748
138,1573920000,1200,2322,1122,3522,46,0.9271130538667364,0.7963037039758631
138,1573934400,1519,2554,1035,4073,46,0.8029361139147898,1.1666202105652854
138,1573948800,1253,1296,43,2549,46,-0.6129664657671758,0.14236911067004118
138,1573963200,504,257,-247,761,46,-1.026889598940331,-1.0593113136165053
138,1573977600,94,188,94,282,46,-0.5401730871746554,-1.3812380044628452
138,1573992000,323,1032,709,1355,46,0.3376294193822083,-0.6600953337360754
138,1574006400,865,1786,921,2651,46,0.6402215029432735,0.21092134963940792
138,1574020800,1245,1565,320,2810,46,-0.2175985075293689,0.3177821927387149
138,1574035200,835,495,-340,1330,46,-1.1596304657855154,-0.6768973530913124
138,1574049600,210,72,-138,282,46,-0.8713115937131797,-1.3812380044628452
138,1574064000,298,772,474,1070,46,0.002208949397065263,-0.8516383543857766
138,1574078400,1071,2417,1346,3488,46,1.246832991214277,0.7734529576527409
138,1574092800,1029,2873,1844,3902,46,1.9576389233530056,1.0516943981754647
138,1574107200,1830,2800,970,4630,46,0.710160239238048,1.5409692017999648
138,1574121600,1219,619,-600,1838,47,-1.6697151758640139,-0.28446631740915934
138,1574136000,176,67,-109,243,47,-0.8806401625343238,-1.3787183187436167
138,1574150400,327,808,481,1135,47,0.06753551539748343,-0.7667604596901145
138,1574164800,1153,2464,1311,3617,47,1.401409774182907,0.9360191436403702
138,1574179200,1088,1533,445,2621,47,0.00968072826944096,0.25271193779139245
138,1574193600,1770,2958,1188,4728,47,1.2037392514954286,1.6982222618112681
138,1574208000,1357,807,-550,2164,47,-1.589361304852844,-0.06081355726180316
138,1574222400,194,72,-122,266,47,-0.901532168997228,-1.3629391362792327
138,1574236800,298,815,517,1113,47,0.1253903025255259,-0.7818535907430036
138,1574251200,993,2565,1572,3558,47,1.8208569808612152,0.8955421103621678
138,1574265600,1205,1459,254,2664,47,-0.2972710589932288,0.28221214848567566
138,1574280000,1963,3075,1112,5038,47,1.0816013675584502,1.910898199374705
138,1574294400,1307,858,-449,2165,47,-1.4270464854102805,-0.060127505850308204
138,1574308800,224,66,-158,290,47,-0.9593869561252705,-1.3464739024033536
138,1574323200,297,798,501,1095,47,0.09967706380195147,-0.7942025161499129
138,1574337600,1124,2604,1480,3728,47,1.6730058582006622,1.0121708503163105
138,1574352000,1183,1660,477,2843,47,0.06110720571658982,0.40501535114327303
138,1574366400,1926,3155,1229,5081,47,1.2696294257245881,1.9403984100689882
138,1574380800,1365,1052,-313,2417,47,-1.2084839562598977,0.11275744984642111
138,1574395200,314,76,-238,390,47,-1.0879531497431425,-1.277868761253858
138,1574409600,294,702,408,996,47,-0.04978113627882491,-0.8621216058879136
138,1574424000,1085,2492,1407,3577,47,1.5556892065243537,0.908577087180572
138,1574438400,1259,1798,539,3057,47,0.16074600577044074,0.551830353203194
138,1574452800,1795,3381,1586,5176,47,1.8433560647443428,2.0055732941610094
138,1574467200,1398,1242,-156,2640,47,-0.9561728012848236,0.26574691460979666
138,1574481600,495,218,-277,713,47,-1.1506291691318553,-1.0562741553409867
138,1574496000,127,285,158,412,47,-0.4515504913346754,-1.262775630200969
138,1574510400,471,1288,817,1759,47,0.6075135285925465,-0.338664378917261
138,1574524800,1041,2011,970,3052,47,0.853396373886727,0.5484000961457192
138,1574539200,1431,2257,826,3688,47,0.6219772253745571,0.9847287938565122
138,1574553600,1196,1034,-162,2230,47,-0.9658152658061641,-0.01553416410313596
138,1574568000,504,268,-236,772,47,-1.0847389949026958,-1.0157971220627842
138,1574582400,77,170,93,247,47,-0.5560105236491966,-1.3759741130976368
138,1574596800,350,1063,713,1413,47,0.44037747688931267,-0.5760381672945163
138,1574611200,786,1519,733,2305,47,0.4725190252937807,0.035919691758985864
138,1574625600,1043,1316,273,2359,47,-0.2667365880089842,0.07296646797971357
138,1574640000,755,495,-260,1250,47,-1.1233088529880575,-0.6878645473681945
138,1574654400,179,88,-91,267,47,-0.8517127689703025,-1.3622530848677377
138,1574668800,251,768,517,1019,47,0.1253903025255259,-0.8463424234235296
138,1574683200,980,2335,1355,3315,47,1.4721211806727368,0.728831617368893
138,1574697600,1170,1640,470,2810,47,0.04985766377502601,0.38237565456393946
138,1574712000,1917,2643,726,4560,47,0.4612694833522169,1.5829656246801154
138,1574726400,1347,856,-491,2203,48,-1.753952763891068,0.556203940120048
138,1574740800,212,83,-129,295,48,-0.9558711866420168,-1.1739396413355911
138,1574755200,291,787,496,1078,48,0.4220320889951574,-0.46392788856841843
138,1574769600,939,2306,1367,3245,48,2.3422780939231234,1.5010727094474987
138,1574784000,1174,1687,513,2861,48,0.4595110580924885,1.1528677119218356
138,1574798400,1844,2590,746,4434,48,0.973193399250027,2.5792387043902423
138,1574812800,1281,815,-466,2096,48,-1.698836632865581,0.4591780684136783
138,1574827200,197,88,-109,285,48,-0.9117782818216271,-1.1830074798128218
138,1574841600,244,749,505,993,48,0.44187389616433265,-0.5410045156248804
138,1574856000,577,1863,1286,2440,48,2.1637018294005452,0.7711117120304183
138,1574870400,1032,1779,747,2811,48,0.9753980444910465,1.1075285195356814
138,1574884800,1257,1841,584,3098,48,0.6160408702048715,1.3677754838322058
138,1574899200,921,781,-140,1702,48,-0.980122284293231,0.1019052324107843
138,1574913600,254,113,-141,367,48,-0.9823269295342505,-1.1086512042995293
138,1574928000,123,173,50,296,48,-0.5612396884995301,-1.1730328574878681
138,1574942400,334,444,110,778,48,-0.42896097403836136,-0.7359630428853429
138,1574956800,566,755,189,1321,48,-0.25479399999782254,-0.24357941357170967
138,1574971200,492,632,140,1124,48,-0.362821616807777,-0.4222158315731567
138,1574985600,385,414,29,799,48,-0.6075372385609391,-0.7169205820831581
138,1575000000,144,59,-85,203,48,-0.8588667960371597,-1.2573637553261146
138,1575014400,64,286,222,350,48,-0.18204070704417977,-1.1240665297108217
138,1575028800,287,905,618,1192,48,0.6909988083995338,-0.3605545299279872
138,1575043200,821,1540,719,2361,48,0.9136679777425011,0.6994757880602949
138,1575057600,987,1754,767,2741,48,1.0194909493114361,1.0440536501950657
138,1575072000,891,731,-160,1622,48,-1.0242151891136206,0.029362524592937794
138,1575086400,445,250,-195,695,48,-1.1013777725493024,-0.8112261022463586
138,1575100800,76,204,128,280,48,-0.38927735970001076,-1.1875413990514374
138,1575115200,276,906,630,1182,48,0.7174545512917675,-0.369622368405218
138,1575129600,782,1802,1020,2584,48,1.577266195289364,0.901688586102542
138,1575144000,1159,1827,668,2986,48,0.8012310704505077,1.2662156928872208
138,1575158400,997,960,-37,1957,48,-0.7530438244682247,0.33313511358017
138,1575172800,444,148,-296,592,48,-1.3240469418922696,-0.904624838561836
138,1575187200,97,167,70,264,48,-0.5171467836791405,-1.2020499406150067
138,1575201600,246,710,464,956,48,0.35148344128253406,-0.5745555179906343
138,1575216000,596,1081,485,1677,48,0.39778099134394307,0.07923563621770727
138,1575230400,681,860,179,1541,48,-0.27684045240801736,-0.044086967072631794
138,1575244800,635,380,-255,1015,48,-1.2336564870104711,-0.5210552709749726
138,1575259200,142,57,-85,199,48,-0.8588667960371597,-1.2609908907170069
138,1575273600,283,754,471,1037,48,0.3669159579696704,-0.5011060263250647
138,1575288000,997,2036,1039,3033,48,1.6191544548687342,1.3088345337302054
138,1575302400,912,1267,355,2179,48,0.11117711001141088,0.5344411277746941
138,1575316800,1554,2338,784,3892,48,1.056969918408767,2.0877618589243325
138,1575331200,1068,616,-452,1684,49,-1.4214075016384153,-0.4308147578276832
138,1575345600,179,67,-112,246,49,-0.9081783650383352,-1.4403785693265676
138,1575360000,325,779,454,1104,49,-0.05380280234526054,-0.8380101755393333
138,1575374400,897,2423,1526,3320,49,1.5643784754055805,0.7177571445451782
138,1575388800,953,1386,433,2339,49,-0.08550224901761844,0.02903523976047344
138,1575403200,1598,2545,947,4143,49,0.6903794457248558,1.2955534010567096
138,1575417600,1298,822,-476,2120,49,-1.4576354406925385,-0.1247161334789255
138,1575432000,215,71,-144,286,49,-0.9564822837771662,-1.412296126725764
138,1575446400,297,827,530,1124,49,0.06091900465946326,-0.8239689542389317
138,1575460800,1045,2508,1463,3553,49,1.469280135388507,0.8813373726948585
138,1575475200,1082,1585,503,2667,49,0.02016257322357454,0.2593112690870618
138,1575489600,1661,2876,1215,4537,49,1.094924765162566,1.5721654606746236
138,1575504000,1330,1006,-324,2336,49,-1.228191826683091,0.02692905656541318
138,1575518400,230,101,-129,331,49,-0.9338398218683391,-1.3807033787998602
138,1575532800,273,811,538,1084,49,0.07299498434417102,-0.8520513968397351
138,1575547200,1086,2472,1386,3558,49,1.3530488309231947,0.8848476780199589
138,1575561600,1174,1655,481,2829,49,-0.013046370909371822,0.3730451616203158
138,1575576000,1974,3159,1185,5133,49,1.049639841344912,1.9905938554265952
138,1575590400,1149,1193,44,2342,49,-0.6726967611865337,0.0311414229555337
138,1575604800,1070,263,-807,1333,49,-1.9572791001473224,-0.6772381916497335
138,1575619200,268,712,444,980,49,-0.06889777695114525,-0.9250657476018241
138,1575633600,1034,2497,1463,3531,49,1.469280135388507,0.8658920292644166
138,1575648000,1276,1945,669,3221,49,0.2707391516812607,0.6482530991081897
138,1575662400,1764,3582,1818,5346,49,2.005151733897414,2.1401328622758733
138,1575676800,1515,1351,-164,2866,49,-0.9866722329889356,0.39902142102605903
138,1575691200,570,223,-347,793,49,-1.2629102682766258,-1.0563511667605803
138,1575705600,121,270,149,391,49,-0.5141995278247442,-1.3385797148986551
138,1575720000,447,1211,764,1658,49,0.4141414104371655,-0.44906834551820546
138,1575734400,1121,2245,1124,3366,49,0.9575604962490152,0.7500519535361022
138,1575748800,1609,2651,1042,4260,49,0.8337817044807605,1.3776945456640597
138,1575763200,1369,1378,9,2747,49,-0.7255291723071302,0.3154761542886687
138,1575777600,505,225,-280,730,49,-1.1617739384171983,-1.1005810138568457
138,1575792000,105,173,68,278,49,-0.6364688221324104,-1.4179126152459247
138,1575806400,351,976,625,1327,49,0.20432126341536802,-0.6814505580398541
138,1575820800,931,1909,978,2840,49,0.7371738670030983,0.38076783333553677
138,1575835200,939,1709,770,2648,49,0.42319839520069635,0.24597210885168017
138,1575849600,939,554,-385,1493,49,-1.3202711717789877,-0.5649084212465197
138,1575864000,206,66,-140,272,49,-0.9504442939348123,-1.4221249816360453
138,1575878400,302,776,474,1078,49,-0.02361285313349112,-0.8562637632298556
138,1575892800,978,2336,1358,3314,49,1.3107829020267174,0.7135447781550578
138,1575907200,1054,1509,455,2563,49,-0.05229330488467207,0.1862969183249728
138,1575921600,1660,3070,1410,4730,49,1.3892767699773179,1.7076632462235002
138,1575936000,1210,851,-359,2061,50,-1.1945309144714662,-0.2114131132317894
138,1575950400,274,95,-179,369,50,-0.9309853091074236,-1.3468319069669672
138,1575964800,329,830,501,1159,50,0.06463142226784858,-0.8167013827052707
138,1575979200,1145,2655,1510,3800,50,1.5419509545585095,0.9555450914404767
138,1575993600,1133,1468,335,2601,50,-0.1784161915678796,0.15095458689645883
138,1576008000,1810,2945,1135,4755,50,0.9928976100500875,1.596399079630249
138,1576022400,1368,882,-486,2250,50,-1.3804769804783186,-0.08458441818690253
138,1576036800,199,89,-110,288,50,-0.8299594937178739,-1.4011870619862046
138,1576051200,295,767,472,1062,50,0.02217129695919727,-0.8817933584690487
138,1576065600,1143,2561,1418,3704,50,1.4072498673724434,0.8911241669732326
138,1576080000,1076,1581,505,2657,50,0.07048799127593841,0.18853345950235123
138,1576094400,1548,3132,1584,4680,50,1.6502974812081714,1.5460702323902145
138,1576108800,1330,994,-336,2324,50,-1.1608556426749497,-0.03492662224340185
138,1576123200,246,81,-165,327,50,-0.9104873175791092,-1.3750160614213867
138,1576137600,284,803,519,1087,50,0.09098598280425284,-0.8650170760557039
138,1576152000,935,2511,1576,3446,50,1.6385843431919918,0.717992932467514
138,1576166400,1125,1617,492,2742,50,0.05145414199964645,0.24557281970772363
138,1576180800,1865,3315,1450,5180,50,1.4541024194371621,1.8815958806571111
138,1576195200,1513,1173,-340,2686,50,-1.1667122116830395,0.20799394710183122
138,1576209600,348,131,-217,479,50,-0.986622714684277,-1.27301626434825
138,1576224000,276,759,483,1035,50,0.03827686173144432,-0.8999117434754611
138,1576238400,848,2372,1524,3220,50,1.562448946086824,0.5663353394508767
138,1576252800,1359,1887,528,3246,50,0.10416326307245496,0.5837826731607554
138,1576267200,1796,3769,1973,5565,50,2.219848817244908,2.1399506298226214
138,1576281600,1618,1280,-338,2898,50,-1.1637839271789945,0.35025682196699537
138,1576296000,492,251,-241,743,50,-1.021762128732816,-1.0958587220633287
138,1576310400,95,274,179,369,50,-0.4068223828833832,-1.3468319069669672
138,1576324800,433,1446,1013,1879,50,0.8142722553033475,-0.33354444920093973
138,1576339200,1091,2396,1305,3487,50,1.2418017928939056,0.7455060356253994
138,1576353600,1470,2519,1049,3989,50,0.866981376376156,1.0823737864853635
138,1576368000,1255,1405,150,2660,50,-0.4492825081920345,0.1905466133919526
138,1576382400,600,230,-370,830,50,-1.2106364792437132,-1.0374772592648887
138,1576396800,127,159,32,286,50,-0.6220512939306847,-1.4025291645792721
138,1576411200,440,871,431,1311,50,-0.037858535373723544,-0.7147015856321342
138,1576425600,1240,1826,586,3066,50,0.1890835136897576,0.4629934397846726
138,1576440000,1379,1660,281,3039,50,-0.25747987317709237,0.44487505477826017
138,1576454400,1140,521,-619,1661,50,-1.5752078999973056,-0.47983363184530664
138,1576468800,290,79,-211,369,50,-0.9778378611721422,-1.3468319069669672
138,1576483200,347,789,442,1136,50,-0.021752970601476497,-0.832135562525548
138,1576497600,1201,2284,1083,3485,50,0.9167622129449196,0.7441639330323319
138,1576512000,1380,1445,65,2825,50,-0.5737345996139435,0.3012700773200285
138,1576526400,2250,2788,538,5038,50,0.11880468559267957,1.7863065965493126
138,1576540800,1766,831,-935,2597,51,-2.1618145591178473,0.4051324298947217
138,1576555200,379,99,-280,478,51,-1.1585499664977863,-1.2215018747055875
138,1576569600,214,738,524,952,51,0.07293817467248713,-0.8576393639077836
138,1576584000,980,2347,1367,3327,51,1.3641626808995275,0.9655114022204535
138,1576598400,949,1445,496,2394,51,0.030050527965064674,0.24930101704249766
138,1576612800,1600,2878,1278,4478,51,1.227841232436649,1.8490678366682856
138,1576627200,1226,795,-431,2021,51,-1.3898369183842432,-0.03702960854311601
138,1576641600,220,103,-117,323,51,-0.9088825945938628,-1.340486451021325
138,1576656000,195,788,593,983,51,0.17862558977292106,-0.8338424486446361
138,1576670400,702,2244,1542,2946,51,1.6322104728209181,0.6730396372120921
138,1576684800,1046,1643,597,2689,51,0.18475239644540997,0.4757555332563208
138,1576699200,1646,3238,1592,4884,51,1.7087955562270298,2.1607306623727336
138,1576713600,1290,950,-340,2240,51,-1.2504520665851202,0.13108408315460354
138,1576728000,251,93,-158,344,51,-0.9716823629868743,-1.3243659600366122
138,1576742400,249,705,456,954,51,-0.031217538759824554,-0.8561040790520966
138,1576756800,904,2287,1383,3191,51,1.3886699075894833,0.8611120320337419
138,1576771200,960,1748,788,2708,51,0.47730741505675606,0.49034073938534667
138,1576785600,1587,2982,1395,4569,51,1.4070503276069501,1.9189232976020412
138,1576800000,1227,844,-383,2071,51,-1.3163152383143761,0.0013525128490574064
138,1576814400,363,114,-249,477,51,-1.1110672147859972,-1.222269517133431
138,1576828800,233,693,460,926,51,-0.02509073208733563,-0.8775980670317137
138,1576843200,944,2178,1234,3122,51,1.1604463590392708,0.8081447045125425
138,1576857600,1126,1862,736,2988,51,0.39765892831440003,0.7052806191815177
138,1576872000,1622,3037,1415,4659,51,1.4376843609693948,1.9880111161079532
138,1576886400,1215,1071,-144,2286,51,-0.950238539633163,0.16639563483540307
138,1576900800,561,159,-402,720,51,-1.3454175700086985,-1.0357324071674683
138,1576915200,112,248,136,360,51,-0.5213620725589384,-1.3120836811911167
138,1576929600,341,1175,834,1516,51,0.5477656917903787,-0.4246890346040675
138,1576944000,963,1841,878,2804,51,0.6151605651877569,0.5640344124583196
138,1576958400,1274,2065,791,3339,51,0.4819025200611227,0.9747231113545751
138,1576972800,1138,880,-258,2018,51,-1.1248525297990972,-0.03933253582664641
138,1576987200,420,154,-266,574,51,-1.1371061431440752,-1.1478082016326145
138,1577001600,106,164,58,270,51,-0.6408348026724724,-1.3811714996970288
138,1577016000,268,974,706,1242,51,0.35170787827073313,-0.6350230598331777
138,1577030400,683,1792,1109,2475,51,0.9689836505239922,0.31148005369781856
138,1577044800,986,1676,690,2662,51,0.32720065158077744,0.45502918770454714
138,1577059200,735,595,-140,1330,51,-0.9441117329606741,-0.5674705261829526
138,1577073600,186,84,-102,270,51,-0.8859070695720292,-1.3811714996970288
138,1577088000,137,580,443,717,51,-0.051129660445413554,-1.0380353344509985
138,1577102400,516,1356,840,1872,51,0.556955901799112,-0.15140833029179276
138,1577116800,923,1834,911,2757,51,0.6657067202357905,0.5279552183496766
138,1577131200,1207,2168,961,3375,51,0.742291803641902,1.00235823875694
138,1577145600,869,720,-149,1589,52,-1.1060717373104538,0.28075944639120404
138,1577160000,233,96,-137,329,52,-1.0802644996466142,-0.8817379580294029
138,1577174400,100,419,319,519,52,-0.09958946842071392,-0.7064407303786764
138,1577188800,427,1007,580,1434,52,0.4617179507677948,0.13775381330771666
138,1577203200,788,1415,627,2203,52,0.5627962982844994,0.8472462767993411
138,1577217600,802,1493,691,2295,52,0.70043489915831,0.932127039661798
138,1577232000,577,480,-97,1057,52,-0.9942403741004826,-0.21007279103083
138,1577246400,192,79,-113,271,52,-1.0286500243189354,-0.9352497433122562
138,1577260800,42,98,56,140,52,-0.6651980938865293,-1.056112568692494
138,1577275200,148,353,205,501,52,-0.344758226227189,-0.7230478361561137
138,1577289600,460,820,360,1280,52,-0.01141473973592903,-0.004329202788135284
138,1577304000,484,762,278,1246,52,-0.18776419710549883,-0.03569818036773896
138,1577318400,418,424,6,842,52,-0.7727282508191937,-0.4084354433724415
138,1577332800,114,80,-34,194,52,-0.8587523763653253,-1.0062912513601823
138,1577347200,83,481,398,564,52,0.070308179532896,-0.6649229659350834
138,1577361600,354,1135,781,1489,52,0.8939891816371062,0.1884977476276638
138,1577376000,694,1607,913,2301,52,1.1778687959393404,0.9376627415876104
138,1577390400,1093,1801,708,2894,52,0.7369951525154159,1.484774615255404
138,1577404800,792,692,-100,1484,52,-1.0006921835164426,0.18388466268948678
138,1577419200,256,83,-173,339,52,-1.1576862126381329,-0.8725117881530489
138,1577433600,104,491,387,595,52,0.04665154500770981,-0.6363218393183858
138,1577437062,93,278,185,371,52,-0.3877702890002548,-0.842988044548716
138,1577437928,31,78,47,109,52,-0.6845535221344089,-1.0847136953091914
138,1577448000,286,1082,796,1368,52,0.9262482287169055,0.07686109212378012
138,1577462400,1287,3004,1717,4291,52,2.9069537194165855,2.773670546982061
138,1577476800,1225,2472,1247,3697,52,1.8961702442495392,2.225636056326632
