remote_unit_id,time_stamp,entries,exits,num_people_exited,sum_exit_entry,week_num,z_score_num_people_exited,z_score_sum_exit_entry
118,1546300800,0,0,0,0,1,0.7598470581035464,-1.227546016872397
118,1546315200,144,56,-88,200,1,0.5931459178053193,-0.8967540213499737
118,1546329600,50,56,6,106,1,0.7712130449420619,-1.0522262592455127
118,1546344000,194,229,35,423,1,0.8261486479948866,-0.5279209463424719
118,1546358400,731,340,-391,1071,1,0.019163582460287674,0.5438451191501793
118,1546372800,931,245,-686,1176,1,-0.5396641037667234,0.7175109167994516
118,1546387200,465,75,-390,540,1,0.021057913600040255,-0.3344076289618543
118,1546401600,46,16,-30,62,1,0.703017123910969,-1.1250004982604458
118,1546416000,87,94,7,181,1,0.7731073760818145,-0.9281792609246039
118,1546430400,463,476,13,939,1,0.7844733629203299,0.32552240210538
118,1546444800,1060,240,-820,1300,1,-0.793504476493569,0.9226019540233539
118,1546459200,1787,173,-1614,1960,1,-2.2976034014571174,2.0142155392473504
118,1546473600,576,161,-415,737,1,-0.02630036489377424,-0.008577513372267415
118,1546488000,51,15,-36,66,1,0.6916511370724535,-1.1183846583499972
118,1546502400,83,96,13,179,1,0.7844733629203299,-0.9314871808798282
118,1546516800,463,569,106,1032,1,0.9606461589173199,0.4793406800233068
118,1546531200,1056,239,-817,1295,1,-0.7878214830743113,0.9143321541352933
118,1546545600,1848,153,-1695,2001,1,-2.4510442237770764,2.0820278983294473
118,1546560000,615,87,-528,702,1,-0.24035978368581576,-0.06646611258869148
118,1546574400,62,16,-46,78,1,0.6727078256749277,-1.098537138618652
118,1546588800,82,102,20,184,1,0.797733680898598,-0.9232173809917676
118,1546598126,259,402,143,661,1,1.0307364110881654,-0.13427847167078824
118,1546603200,188,123,-65,311,1,0.6367155340196287,-0.7131644638350289
118,1546617600,1054,206,-848,1260,1,-0.8465457484066413,0.8564435549188693
118,1546632000,1860,153,-1707,2013,1,-2.4737761974541073,2.101875418060793
118,1546646400,676,118,-558,794,1,-0.29718971787839316,0.0856982053516232
118,1546660800,96,29,-67,125,1,0.6329268717401235,-1.0208010196708825
118,1546675200,49,52,3,101,1,0.7655300515228042,-1.0604960591335733
118,1546689600,340,296,-44,636,1,0.6764964879544328,-0.17562747111109114
118,1546704000,970,293,-677,1263,1,-0.5226151235089501,0.8614054348517056
118,1546718400,1242,208,-1034,1450,1,-1.1988913404006212,1.1706959506651713
118,1546732800,528,103,-425,631,1,-0.045243676291300036,-0.1838972709991517
118,1546747200,85,33,-52,118,1,0.6613418388364123,-1.0323787395141673
118,1546761600,47,44,-3,91,1,0.7541640646842886,-1.0770356589096943
118,1546776000,279,293,14,572,1,0.7863676940600826,-0.28148090967826656
118,1546790400,1074,285,-789,1359,1,-0.734780211161239,1.0201855927024688
118,1546804800,1188,179,-1009,1367,1,-1.1515330619068067,1.0334172725233657
118,1546819200,440,67,-373,507,1,0.05326154297583411,-0.38898830822305414
118,1546833600,29,11,-18,40,1,0.725749097588,-1.1613876177679123
118,1546848000,90,104,14,194,1,0.7863676940600826,-0.9066777812156465
118,1546862400,506,536,30,1042,1,0.8166769922961238,0.495880279799428
118,1546876800,966,210,-756,1176,1,-0.6722672835494039,0.7175109167994516
118,1546891200,1821,150,-1671,1971,1,-2.4055802764230143,2.0324090990010837
118,1546905600,486,115,-371,601,2,0.09033742955813563,-0.27738977882994725
118,1546920000,34,18,-16,52,2,0.7351105624982037,-1.1690743627224498
118,1546934400,83,93,10,176,2,0.7823333835022651,-0.9676738373988245
118,1546948800,483,615,132,1098,2,1.0039173897520912,0.5298365202494222
118,1546963200,981,216,-765,1197,2,-0.6252699348880244,0.6906321009513489
118,1546977600,1868,153,-1715,2021,2,-2.350719163882573,2.028971075682537
118,1546992000,564,113,-451,677,2,-0.054963558146668444,-0.1539507471799833
118,1547006400,28,22,-6,50,2,0.7532731859613042,-1.1723227582921858
118,1547020800,86,100,14,186,2,0.7895984328875053,-0.9514318595501451
118,1547035200,501,572,71,1073,2,0.8931253866271782,0.4892315756277235
118,1547049600,1023,212,-811,1235,2,-0.7088180028182868,0.7523516167763309
118,1547064000,1756,187,-1569,1943,2,-2.0855448613213055,1.9022836484628372
118,1547078400,539,122,-417,661,2,0.0067893616278732905,-0.17993791173787044
118,1547092800,39,21,-18,60,2,0.7314780378055836,-1.1560807804435063
118,1547107200,91,67,-24,158,2,0.7205804637277233,-0.9969093975264476
118,1547121600,480,598,118,1078,2,0.9784897169037504,0.4973525645520633
118,1547136000,968,224,-744,1192,2,-0.5871284256155134,0.6825111120270092
118,1547150400,1900,152,-1748,2052,2,-2.4106558213108045,2.0793212070134435
118,1547164800,552,92,-460,644,2,-0.0713099192634589,-0.20754927408062554
118,1547179200,52,31,-21,83,2,0.7260292507666535,-1.1187242313915435
118,1547193600,89,84,-5,173,2,0.7550894483076143,-0.9725464307534284
118,1547208000,482,491,9,973,2,0.780517121155955,0.3268117971409289
118,1547222400,1046,241,-805,1287,2,-0.6979204287404265,0.8368099015894641
118,1547236800,1850,161,-1689,2011,2,-2.303496342878512,2.0127290978338577
118,1547251200,665,114,-551,779,2,-0.23658979277767353,0.01171742687654725
118,1547265600,75,25,-50,100,2,0.673357642723662,-1.0911128690487883
118,1547280000,55,70,15,125,2,0.7914146952338154,-1.0505079244270898
118,1547294400,304,191,-113,495,2,0.5589331149061287,-0.4495547440259496
118,1547308800,875,255,-620,1130,2,-0.36191189467306706,0.5818108493651964
118,1547323200,1009,218,-791,1227,2,-0.6724927558920858,0.7393580344973874
118,1547337600,432,117,-315,549,2,0.19204812095149848,-0.3618480636430805
118,1547352000,50,28,-22,78,2,0.7242129884203434,-1.1268452203158832
118,1547366400,33,36,3,69,2,0.7696195470780947,-1.1414630003796948
118,1547380800,210,195,-15,405,2,0.7369268248445138,-0.5957325446640648
118,1547395200,813,182,-631,995,2,-0.3818907804824776,0.3625441484080237
118,1547409600,846,140,-706,986,2,-0.5181104564557314,0.3479263683442122
118,1547424000,324,74,-250,398,2,0.3101051734616518,-0.6071019291581404
118,1547438400,18,10,-8,28,2,0.7496406612686841,-1.2080551095592806
118,1547452800,88,102,14,190,2,0.7895984328875053,-0.9449350684106732
118,1547467200,523,572,49,1095,2,0.853167615008357,0.5249639268948183
118,1547481600,972,207,-765,1179,2,-0.6252699348880244,0.6613965408237259
118,1547496000,1770,136,-1634,1906,2,-2.203601913831459,1.8421883304227231
118,1547510400,530,94,-436,624,3,-0.10946694995869044,-0.15116575757725786
118,1547524800,24,16,-8,40,3,0.7357984677635685,-1.144147466697499
118,1547539200,94,92,-2,186,3,0.7476479829652825,-0.8959020394174386
118,1547553600,571,521,-50,1092,3,0.6528518613515711,0.644579858635538
118,1547568000,981,259,-722,1240,3,-0.6742938412403868,0.8962259082071059
118,1547582400,1773,125,-1648,1898,3,-2.503069020704901,2.015030642113131
118,1547596800,478,100,-378,578,3,0.005078363657877358,-0.22938007028193436
118,1547611200,21,21,0,42,3,0.7515978213658537,-1.1407468444059912
118,1547625600,75,114,39,189,3,0.8286196701769941,-0.890801105980177
118,1547640000,504,596,92,1100,3,0.9332903877921337,0.6581823478015687
118,1547654400,999,214,-785,1213,3,-0.7987137508583829,0.8503175072717523
118,1547668800,1818,171,-1647,1989,3,-2.501094101504615,2.16975895637673
118,1547683200,547,93,-454,640,3,-0.14501549556383217,-0.12396077924519645
118,1547697600,30,20,-10,50,3,0.7318486293629972,-1.1271443552399605
118,1547712000,90,102,12,192,3,0.7752968517692815,-0.8857001725429156
118,1547726400,495,597,102,1092,3,0.9530395797949902,0.644579858635538
118,1547740800,1054,223,-831,1277,3,-0.889560034071523,0.9591374205999978
118,1547755200,1836,189,-1647,2025,3,-2.501094101504615,2.2309701576238683
118,1547769600,598,98,-500,696,3,-0.23586177877697218,-0.02874335508298157
118,1547784000,32,27,-5,59,3,0.7417232253644255,-1.111841554928176
118,1547798400,78,106,28,184,3,0.806895558973852,-0.8993026617089462
118,1547812800,463,538,75,1001,3,0.8997167613872776,0.4898515443719388
118,1547827200,990,215,-775,1205,3,-0.7789645588555264,0.8367150181057216
118,1547841600,1806,195,-1611,2001,3,-2.4299970102943313,2.190162690125776
118,1547856000,658,136,-522,794,3,-0.2793100011832565,0.1378871372008945
118,1547870400,56,32,-24,88,3,0.7041997605589981,-1.0625325317013146
118,1547884800,42,57,15,99,3,0.7812216093701385,-1.0438291090980225
118,1547899200,288,221,-67,509,3,0.6192782349467151,-0.34670153933894915
118,1547913600,952,271,-681,1223,3,-0.5933221540286752,0.8673206187292907
118,1547928000,1033,172,-861,1205,3,-0.9488076100800925,0.8367150181057216
118,1547942400,335,72,-263,407,3,0.2321940716907273,-0.5201332762058405
118,1547956800,34,10,-24,44,3,0.7041997605589981,-1.1373462221144834
118,1547971200,28,35,7,63,3,0.7654222557678533,-1.1050403103451605
118,1547985600,184,169,-15,353,3,0.721974033361569,-0.6119500780765478
118,1548000000,707,187,-520,894,3,-0.2753601627826852,0.3079182517762782
118,1548014400,717,164,-553,881,3,-0.3405324963921117,0.2858142068814783
118,1548028800,289,70,-219,359,3,0.319090516503296,-0.6017482112020247
118,1548043200,9,7,-2,16,3,0.7476479829652825,-1.184954934195591
118,1548057600,39,60,21,99,3,0.7930711245718525,-1.0438291090980225
118,1548072000,251,267,16,518,3,0.7831965285704242,-0.3313987390271646
118,1548086400,576,169,-407,745,3,-0.052194293150406544,0.054571891058956455
118,1548100800,878,154,-724,1032,3,-0.6782436796409582,0.5425611898903078
118,1548115200,293,39,-254,332,4,0.3007641546049451,-0.7169283659705422
118,1548129600,24,18,-6,42,4,0.7537368894755506,-1.1920201775875827
118,1548144000,77,96,19,173,4,0.7993994635552487,-0.9774097385467817
118,1548158400,524,567,43,1091,4,0.8432355346717589,0.5265015823650915
118,1548172800,1064,179,-885,1243,4,-0.8517592151666359,0.7755152215574713
118,1548187200,1903,123,-1780,2026,4,-2.486479367219829,2.0582631129234805
118,1548201600,499,64,-435,563,4,-0.029832881732069414,-0.33849316430317544
118,1548216000,58,14,-44,72,4,0.6843297768744094,-1.142872748799613
118,1548230400,83,108,25,191,4,0.8103584813343763,-0.9479212812739999
118,1548244800,506,598,92,1104,4,0.9327341798679673,0.5477988015065449
118,1548259200,1004,210,-794,1214,4,-0.6855474455165347,0.7280060403957672
118,1548273600,1836,156,-1680,1992,4,-2.3038290709010365,2.0025626936304484
118,1548288000,610,77,-533,687,4,-0.2088301721244861,-0.135350458646234
118,1548302400,58,31,-27,89,4,0.7153803272486041,-1.1150225391530968
118,1548316800,80,106,26,186,4,0.8121849842975642,-0.9561125194053282
118,1548331200,505,620,115,1125,4,0.9747437480212897,0.5822020016581237
118,1548345600,835,174,-661,1009,4,-0.4426225514125406,0.39216527701130754
118,1548360000,1547,201,-1346,1748,4,-1.6937770811962694,1.6028302728216282
118,1548374400,600,96,-504,696,4,-0.15586158619203627,-0.12060623000984308
118,1548388800,63,36,-27,99,4,0.7153803272486041,-1.0986400628904402
118,1548403200,85,78,-7,163,4,0.7519103865123626,-0.9937922148094382
118,1548417600,477,574,97,1051,4,0.941866694683907,0.46097167731446514
118,1548432000,1003,97,-906,1100,4,-0.8901157773935823,0.5412458110014824
118,1548446400,1826,153,-1673,1979,4,-2.291043550158721,1.9812654744889946
118,1548460800,675,149,-526,824,4,-0.19604465138217064,0.08908946615216101
118,1548475200,53,40,-13,93,4,0.7409513687332351,-1.1084695486480343
118,1548489600,41,48,7,89,4,0.7774814279969936,-1.1150225391530968
118,1548504000,323,251,-72,574,4,0.6331876939051475,-0.3204724404142532
118,1548518400,915,284,-631,1199,4,-0.3878274625169028,0.7034323260017824
118,1548532800,1014,264,-750,1278,4,-0.6051813151362659,0.8328538884767693
118,1548547200,462,108,-354,570,4,0.11811385828615255,-0.32702543091931585
118,1548561600,46,32,-14,78,4,0.7391248657700472,-1.133043263042019
118,1548576000,27,18,-9,45,4,0.7482573805859868,-1.1871054347087857
118,1548590400,221,191,-30,412,4,0.7099008183590404,-0.5858685558692897
118,1548604800,833,271,-562,1104,4,-0.2617987580569359,0.5477988015065449
118,1548619200,912,241,-671,1153,4,-0.4608875810444198,0.6280729351935621
118,1548633600,377,54,-323,431,4,0.17473545014497824,-0.5547418509702422
118,1548648000,22,11,-11,33,4,0.7446043746596109,-1.2067644062239737
118,1548662400,82,103,21,185,4,0.8030524694816246,-0.9577507670315938
118,1548676800,486,545,59,1031,4,0.8724595820827657,0.428206724789152
118,1548691200,1089,214,-875,1303,4,-0.8334941855347566,0.8738100791334107
118,1548705600,1816,131,-1685,1947,4,-2.3129615857169763,1.9288415504484937
118,1548720000,559,72,-487,631,5,0.03477961958338353,-0.28579096483836747
118,1548734400,94,27,-67,121,5,0.6421575915177317,-0.8648668173118176
118,1548748800,80,90,10,170,5,0.7535102197056954,-0.8092301177604468
118,1548763200,481,648,167,1129,5,0.9805538901668684,0.27965957345923675
118,1548777600,1038,278,-760,1316,5,-0.3600160621739428,0.4919873860328351
118,1548792000,1763,113,-1650,1876,5,-1.647078907463395,1.127835380905643
118,1548806400,503,70,-433,573,5,0.11287107311779972,-0.3516466500216226
118,1548820800,41,23,-18,64,5,0.7130183549100723,-0.9295870596470855
118,1548835200,99,122,23,221,5,0.7723100140750919,-0.7513225325131019
118,1548849600,452,526,74,978,5,0.8460630535242628,0.10820770341317601
118,1548864000,929,187,-742,1116,5,-0.3339855776624707,0.2648988164354037
118,1548878400,1641,134,-1507,1775,5,-1.4402811694000335,1.01315565325894
118,1548892800,512,64,-448,576,5,0.091179002691573,-0.3482403214776611
118,1548907200,53,12,-41,65,5,0.6797571802565247,-0.9284516167990984
118,1548921600,85,73,-12,158,5,0.721695183080563,-0.8228554319362927
118,1548936000,432,467,35,899,5,0.7896636704160733,0.018507718422190608
118,1548950400,792,209,-583,1001,5,-0.10404963114446748,0.13432288891688063
118,1548964800,1543,156,-1387,1699,5,-1.2667446059902199,0.9268619968119163
118,1548979200,508,96,-412,604,5,0.14323997171451713,-0.3164479217340207
118,1548993600,68,18,-50,86,5,0.6667419380007886,-0.9046073169913681
118,1549008000,84,94,10,178,5,0.7535102197056954,-0.8001465749765496
118,1549011570,110,139,29,249,5,0.7809868422455826,-0.7195301327694614
118,1549065600,3931,860,-3071,4791,5,-3.7020410458412725,4.437651282788206
118,1549080000,90,27,-63,117,5,0.6479421436313921,-0.8694085887037662
118,1549094400,69,54,-15,123,5,0.7173567689953176,-0.8625959316158432
118,1549108800,450,366,-84,816,5,0.6175732450346747,-0.07573403796074343
118,1549123200,1393,195,-1198,1588,5,-0.9934245186197631,0.8008278406853419
118,1549137600,1770,191,-1579,1961,5,-1.5444031074459217,1.2243480229845514
118,1549152000,777,158,-619,935,5,-0.1561106001674116,0.05938366094972826
118,1549166400,103,43,-60,146,5,0.6522805577166375,-0.8364807461121386
118,1549180800,54,47,-7,101,5,0.7289258732226386,-0.8875756742715607
118,1549195200,427,352,-75,779,5,0.6305884872904107,-0.11774542333626824
118,1549209600,1356,218,-1138,1574,5,-0.9066562369148562,0.7849316408135216
118,1549224000,1567,179,-1388,1746,5,-1.2681907440186349,0.9802278106673127
118,1549238400,556,93,-463,649,5,0.06948693226534627,-0.26535299357459863
118,1549252800,45,16,-29,61,5,0.6971108365975061,-0.932993388191047
118,1549267200,78,99,21,177,5,0.7694177380182617,-0.8012820178245368
118,1549281600,549,526,-23,1075,5,0.7057876647679967,0.21834565966793024
118,1549296000,1045,206,-839,1251,5,-0.47426096641873683,0.4181836009136699
118,1549310400,1748,185,-1563,1933,5,-1.52126489899128,1.192555623240911
118,1549324800,587,124,-463,711,6,0.11067640881981954,-0.281802638579536
118,1549339200,59,16,-43,75,6,0.7998157845987169,-1.2371919115502896
118,1549353600,55,91,36,146,6,0.9294396195666524,-1.1305368197563845
118,1549368000,466,524,58,990,6,0.965537396393166,0.13730680663876624
118,1549382400,1617,226,-1391,1843,6,-1.41199345004403,1.418670092557088
118,1549396800,1870,178,-1692,2048,6,-1.9058766693522398,1.7266178928070952
118,1549411200,769,86,-683,855,6,-0.25030135944531723,-0.06548808620879937
118,1549425600,60,21,-39,81,6,0.8063790167489922,-1.2281788052015088
118,1549440000,96,109,13,205,6,0.89170103470257,-1.041907940660041
118,1549454400,526,537,11,1063,6,0.8884194186274323,0.246966267215598
118,1549468800,977,270,-707,1247,6,-0.2896807523469685,0.5233681952448725
118,1549483200,1677,179,-1498,1856,6,-1.587559910063892,1.438198489646113
118,1549497600,591,78,-513,669,6,0.028636006941379372,-0.3448943830210009
118,1549512000,61,20,-41,81,6,0.8030974006738546,-1.2281788052015088
118,1549526400,82,101,19,183,6,0.9015458829279828,-1.0749559972722371
118,1549540800,500,554,54,1054,6,0.9589741642428908,0.23344660769242695
118,1549555200,1026,230,-796,1256,6,-0.43571266769059197,0.5368878547680437
118,1549569600,1728,190,-1538,1918,6,-1.653192231566644,1.531333921916847
118,1549584000,648,92,-556,740,6,-0.04191873867407917,-0.238239291227096
118,1549598400,65,18,-47,83,6,0.7932525524484417,-1.225174436418582
118,1549612800,90,101,11,191,6,0.8884194186274323,-1.0629385221405294
118,1549627200,489,621,132,1110,6,1.0869571911732576,0.3175689336143801
118,1549641600,1003,246,-757,1249,6,-0.37172115422540863,0.5263725640277995
118,1549656000,1957,157,-1800,2114,6,-2.0830839374096706,1.8257620626436828
118,1549670400,821,134,-687,955,6,-0.25686459159559244,0.08473035293754552
118,1549684800,130,39,-91,169,6,0.7210569987954144,-1.0959865787527254
118,1549699200,78,54,-24,132,6,0.8309911373125243,-1.1515674012368728
118,1549713600,463,395,-68,858,6,0.7587955836594968,-0.06098153303440902
118,1549728000,1415,187,-1228,1602,6,-1.144541739920315,1.0566436542143969
118,1549742400,1839,161,-1678,2000,6,-1.8829053568262766,1.6545130420168497
118,1549756800,782,137,-645,919,6,-0.18795065401770267,0.030651714844861358
118,1549771200,110,49,-61,159,6,0.7702812399224785,-1.1110084226673598
118,1549785600,47,44,-3,91,6,0.865448106101469,-1.2131569612868742
118,1549800000,370,278,-92,648,6,0.7194161907578456,-0.3764402552417333
118,1549814400,1323,275,-1048,1598,6,-0.8491962931579304,1.0506349166485431
118,1549828800,1503,135,-1368,1638,6,-1.3742548651799475,1.1107222923070812
118,1549843200,581,69,-512,650,6,0.030276814978948175,-0.3734358864588064
118,1549857600,73,17,-56,90,6,0.7784852801103225,-1.2146591456783378
118,1549872000,92,91,-1,183,6,0.8687297221766067,-1.0749559972722371
118,1549886400,539,531,-8,1070,6,0.8572440659136251,0.25748155795584216
118,1549900800,1076,178,-898,1254,6,-0.60307508752261,0.5338834859851167
118,1549915200,1769,188,-1581,1957,6,-1.7237469771821026,1.5899191131839214
118,1549929600,579,77,-502,656,7,-0.09219625958859677,-0.4130518811641576
118,1549944000,59,15,-44,74,7,0.6400445535601427,-1.2259858733683984
118,1549958400,79,79,0,158,7,0.7103908325525979,-1.1086551940811884
118,1549972800,455,484,29,939,7,0.756755425524898,-0.017759235470342943
118,1549987200,779,172,-607,951,7,-0.26006806172968333,-0.0009977098578843708
118,1550001600,1228,47,-1181,1275,7,-1.1777672467676232,0.4515634816784971
118,1550016000,408,28,-380,436,7,0.10285478670866569,-0.7203465173925647
118,1550030400,42,20,-22,62,7,0.6752176930563702,-1.242747398980857
118,1550044800,109,326,217,435,7,1.0573258903108433,-0.721743311193603
118,1550059200,617,1551,934,2168,7,2.203650482074263,1.6989003460056225
118,1550073600,1064,214,-850,1278,7,-0.6485713752561979,0.45575386308161175
118,1550088000,1807,181,-1626,1988,7,-1.889223932032228,1.4474774618187438
118,1550102400,706,88,-618,794,7,-0.2776546314777971,-0.22029433662088402
118,1550116800,56,29,-27,85,7,0.6672237977163186,-1.210621141556978
118,1550131200,110,104,-6,214,7,0.7007981581445358,-1.0304347412230483
118,1550145600,511,578,67,1089,7,0.8175090301092912,0.1917598346853892
118,1550160000,1088,192,-896,1280,7,-0.7221152123846739,0.4585474506836882
118,1550174400,1811,174,-1637,1985,7,-1.9068105017803418,1.443287080415629
118,1550188800,670,89,-581,759,7,-0.21849980596141425,-0.26918211965722155
118,1550203200,86,30,-56,116,7,0.6208592047440185,-1.1673205337247934
118,1550217600,94,89,-5,183,7,0.7023969372125461,-1.073735349055233
118,1550232000,501,723,222,1224,7,1.0653197856508951,0.38032699782554813
118,1550246400,1105,710,-395,1815,7,0.07887310068851047,1.205832134239133
118,1550260800,2008,508,-1500,2516,7,-1.6877777694629241,2.184984588766921
118,1550275200,875,139,-736,1014,7,-0.4663105615030182,0.08700029960752313
118,1550289600,140,55,-85,195,7,0.5744946117717183,-1.0569738234427744
118,1550304000,47,128,81,175,7,0.8398919370614361,-1.0849096994635388
118,1550318400,379,692,313,1071,7,1.2108086808398368,0.16661754626670136
118,1550332800,1408,405,-1003,1813,7,-0.8931845726617812,1.2030385466370563
118,1550347200,1596,211,-1385,1807,7,-1.5039181766417342,1.1946577838308272
118,1550361600,797,156,-641,953,7,-0.3144265500420351,0.001795877744192058
118,1550376000,98,39,-59,137,7,0.6160628675399874,-1.1379878639029908
118,1550390400,45,74,29,119,7,0.756755425524898,-1.1631301523216788
118,1550404800,361,422,61,783,7,0.8079163557012291,-0.23565906843230439
118,1550419200,1605,351,-1254,1956,7,-1.2944781187323786,1.4027800601855211
118,1550433600,1625,182,-1443,1807,7,-1.5966473625863342,1.1946577838308272
118,1550448000,622,123,-499,745,7,-0.08739992238456572,-0.2887372328717565
118,1550462400,56,20,-36,76,7,0.6528347861042254,-1.223192285766322
118,1550476800,88,123,35,211,7,0.7663480999329602,-1.034625122626163
118,1550491200,463,503,40,966,7,0.7743419952730118,0.019954197157688845
118,1550505600,1249,317,-932,1566,7,-0.7796712588330464,0.8580304777806175
118,1550520000,1891,207,-1684,2098,7,-1.9819531179768282,1.6011247799329473
118,1550534400,702,98,-604,800,8,-0.2549371933216288,0.030687187365981302
118,1550548800,46,21,-25,67,8,0.71357632871896,-1.0755607637453752
118,1550563200,75,99,24,174,8,0.7955403400833622,-0.9140757285899659
118,1550577600,631,510,-121,1141,8,0.552993775841764,0.5453264115528471
118,1550592000,1207,228,-979,1435,8,-0.8822127904981759,0.9890329567462153
118,1550606400,1864,122,-1742,1986,8,-2.1585095388867237,1.8206054274997727
118,1550620800,662,75,-587,737,8,-0.22650069958295863,-0.06439278660402616
118,1550635200,60,13,-47,73,8,0.6767761603512693,-1.0665055281291842
118,1550649600,69,77,8,146,8,0.7687765812704962,-0.9563334947988581
118,1550664000,535,508,-27,1043,8,0.7102308588673518,0.3974242298217244
118,1550678400,964,176,-788,1140,8,-0.5627204196695879,0.5438172056168152
118,1550692800,1534,156,-1378,1690,8,-1.549634025894022,1.3738804704343406
118,1550707200,488,106,-382,594,8,0.11640996020688715,-0.2802092354565828
118,1550708386,13,5,-8,18,8,0.7420128224576302,-1.1495118546109366
118,1550708465,0,0,0,0,8,0.7553947018640632,-1.1766775614595102
118,1550721600,32,21,-11,53,8,0.7369946176802178,-1.0966896468498215
118,1550736000,61,92,31,153,8,0.807249484563991,-0.945769053246635
118,1550739615,82,145,63,227,8,0.8607770021897231,-0.834087813980277
118,1550750400,384,414,30,798,8,0.8055767496381869,0.027668775493917573
118,1550764800,1097,260,-837,1357,8,-0.6446844310339901,0.8713148937357298
118,1550779200,1858,142,-1716,2000,8,-2.1150184308158164,1.8417343106042188
118,1550793600,703,80,-623,783,8,-0.28671915691190714,0.005030686453439606
118,1550808000,57,31,-26,88,8,0.7119035937931559,-1.0438674390887062
118,1550822400,82,93,11,175,8,0.7737947860479085,-0.912566522653934
118,1550836800,471,580,109,1051,8,0.9377228087767129,0.4094978773099793
118,1550851200,1053,227,-826,1280,8,-0.6262843468501447,0.7551060366612763
118,1550865600,1892,150,-1742,2042,8,-2.1585095388867237,1.9051209599175571
118,1551499200,113,31,-82,144,9,0.6741435751939946,-1.0499941993906785
118,1551513600,55,70,15,125,9,0.8771499220703454,-1.0845870315411468
118,1551528000,334,333,-1,667,9,0.8436643390804318,-0.09778097756463588
118,1551542400,1051,220,-831,1271,9,-0.8934002785213329,1.0019069497449813
118,1551556800,1293,188,-1105,1481,9,-1.466840887223602,1.3842487787764708
118,1551571200,642,88,-554,730,9,-0.31368112300845474,0.016921571144810944
118,1551585600,128,43,-85,171,9,0.6678650283833858,-1.000835964229487
118,1551600000,39,38,-1,77,9,0.8436643390804318,-1.1719794496054872
118,1551614400,310,280,-30,590,9,0.7829717199112136,-0.23797298154284868
118,1551628800,1031,197,-834,1228,9,-0.8996788253319417,0.923617908562343
118,1551643200,1059,165,-894,1224,9,-1.0252497615441174,0.9163352070569812
118,1551657600,417,65,-352,482,9,0.10907436223920366,-0.4346059221876147
118,1551672000,30,8,-22,38,9,0.7997145114061703,-1.2429857892827638
118,1551686400,69,94,25,163,9,0.8980784114390413,-1.0154013672402105
118,1551700800,398,496,98,894,9,1.0508563838305218,0.31551233286464075
118,1551715200,902,204,-698,1106,9,-0.6150513699176765,0.701495512648811
118,1551729600,1690,171,-1519,1861,9,-2.333280347087615,2.0761054217858326
118,1551744000,494,82,-412,576,10,0.1297251925191998,-0.4396077586156042
118,1551758400,43,17,-26,60,10,0.8172390274722132,-1.2737885960831967
118,1551772800,91,101,10,192,10,0.8813594887631678,-1.0603934981263707
118,1551787200,526,574,48,1100,10,0.9490421979036199,0.4075061150917959
118,1551801600,1040,205,-835,1245,10,-0.623690227649517,0.6419173969383093
118,1551816000,1801,189,-1612,1990,10,-2.0076235171792876,1.8463063967703952
118,1551830400,633,76,-557,709,10,-0.1285377765693674,-0.22459603112880228
118,1551844800,62,22,-40,84,10,0.792303292525731,-1.234989487363774
118,1551859200,97,92,-5,189,10,0.8546426298919367,-1.0652433867162985
118,1551873600,508,530,22,1038,10,0.9027329758601528,0.30727508423328675
118,1551888000,966,188,-778,1154,10,-0.5221661639388389,0.49480410971049743
118,1551902400,1725,163,-1562,1888,10,-1.9185673209418506,1.6814101847128478
118,1551916800,577,65,-512,642,10,-0.04838719995567412,-0.3329102096371912
118,1551931200,72,16,-56,88,10,0.763805309729751,-1.22852296924387
118,1551945600,97,119,22,216,10,0.9027329758601528,-1.021594389406948
118,1551960000,535,547,12,1082,10,0.8849217366126654,0.37840678355222873
118,1551974400,1050,198,-852,1248,10,-0.6539693343702455,0.6467672855282371
118,1551988800,1840,187,-1653,2027,10,-2.080649598093986,1.9061216893795054
118,1552003200,708,74,-634,782,10,-0.26568431877502036,-0.10658207544055759
118,1552017600,74,23,-51,97,10,0.7727109293534947,-1.2139733034740863
118,1552032000,93,105,12,198,10,0.8849217366126654,-1.050693720946515
118,1552046400,532,538,6,1070,10,0.874234993064173,0.35900722919251726
118,1552060800,1101,234,-867,1335,10,-0.6806861932414766,0.7874140546361452
118,1552075200,1857,200,-1657,2057,10,-2.087774093792981,1.9546205752787842
118,1552089600,847,130,-717,977,10,-0.4135176045291657,0.2086606829047535
118,1552104000,119,42,-77,161,10,0.7264017073100275,-1.1105090135556253
118,1552118400,53,52,-1,105,10,0.8617671255909317,-1.2010402672342788
118,1552132800,389,361,-28,750,10,0.8136767796227158,-0.15831422039978812
118,1552147200,1123,283,-840,1406,10,-0.6325958472732607,0.9021947512644379
118,1552161600,1567,193,-1374,1760,10,-1.5837160230890877,1.474481604875926
118,1552176000,697,166,-531,863,10,-0.08222855452590017,0.024364916487494715
118,1552194000,124,30,-94,154,10,0.696122600589299,-1.121825420265457
118,1552208400,61,78,17,139,10,0.8938273562364091,-1.1460748632150963
118,1552222800,319,303,-16,622,10,0.8350502667197006,-0.3652428002367103
118,1552237200,909,264,-645,1173,10,-0.28527668194725647,0.5255200707800406
118,1552251600,1062,170,-892,1232,10,-0.7252142913601951,0.6209012130486219
118,1552266000,362,48,-314,410,10,0.3042753371445763,-0.7079682605916127
118,1552280400,31,18,-13,49,10,0.8403936384939469,-1.2915715209129321
118,1552294800,194,239,45,433,10,0.9436988261293736,-0.6707857814021657
118,1552309200,599,447,-152,1046,10,0.5928174129538721,0.3202081204730944
118,1552323600,1299,173,-1126,1472,10,-1.1419972897514004,1.008892300242851
118,1552338000,1711,83,-1628,1794,10,-2.0361214999752675,1.5294470088951082
118,1552352400,386,50,-336,436,11,0.2917545617468963,-0.717724034767315
118,1552366800,28,10,-18,38,11,0.869981884300917,-1.3678175034842175
118,1552381200,174,196,22,370,11,0.9427148808485927,-0.8255284793284093
118,1552395600,615,381,-234,996,11,0.477223702943469,0.19698034332681927
118,1552410000,1186,87,-1099,1273,11,-1.0956273474000153,0.6494323303483821
118,1552424400,1695,132,-1563,1827,11,-1.939330107353052,1.5543363043915077
118,1552438800,470,104,-366,574,11,0.2372048143361396,-0.4923147415941176
118,1552453200,33,25,-8,58,11,0.888165133437836,-1.3351494899808556
118,1552467600,188,191,3,379,11,0.9081667074884467,-0.8108278732518964
118,1552482000,615,521,-94,1136,11,0.7317891908603336,0.4256564378503528
118,1552496400,1252,228,-1024,1480,11,-0.9592529788731237,0.9875462701081781
118,1552510800,1624,125,-1499,1749,11,-1.822957312876771,1.4269310517283962
118,1552525200,448,88,-360,536,11,0.24811476381829092,-0.5543839672505053
118,1552539600,32,18,-14,50,11,0.8772551839556847,-1.3482166953822003
118,1552554000,192,253,61,445,11,1.0136295524825765,-0.703023428690802
118,1552568400,538,434,-104,972,11,0.7136059417234146,0.15777872712278493
118,1552582800,1230,237,-993,1467,11,-0.902884906548675,0.9663120613309928
118,1552597200,1672,231,-1441,1903,11,-1.7174944678826416,1.678474755704283
118,1552611600,559,86,-473,645,11,0.04264404857110743,-0.3763432936571827
118,1552626000,48,26,-22,74,11,0.8627085846461495,-1.309015079178166
118,1552640400,194,275,81,469,11,1.0499960507564141,-0.6638218124867677
118,1552654800,598,442,-156,1040,11,0.6190530462114363,0.26884997303421554
118,1552669200,1297,232,-1065,1529,11,-1.033804300334491,1.0675829031914148
118,1552683600,1802,179,-1623,1981,11,-2.0484296021745654,1.8058800083673945
118,1552698000,643,127,-516,770,11,-0.03554392271764382,-0.17216820926117063
118,1552712400,74,17,-57,91,11,0.7990672126669334,-1.2812472677003084
118,1552726800,102,121,19,223,11,0.937259906107517,-1.0656383785781196
118,1552741200,571,447,-124,1018,11,0.6772394434495769,0.2329151581805174
118,1552755600,1341,279,-1062,1620,11,-1.0283493255934155,1.2162223646317116
118,1552770000,1336,247,-1089,1583,11,-1.0774440982630964,1.155786539650492
118,1552784400,566,106,-460,672,11,0.06628227244910198,-0.3322414754276441
118,1552798800,72,23,-49,95,11,0.8136138119764685,-1.274713664999636
118,1552813200,93,94,1,187,11,0.904530057661063,-1.124440802884171
118,1552827600,545,362,-183,907,11,0.5699582735417553,0.05160768323685864
118,1552842000,1129,213,-916,1342,11,-0.7628738881943996,0.7621369769349807
118,1552856400,1185,218,-967,1403,11,-0.855608458792686,0.8617744181202347
118,1552870800,367,55,-312,422,11,0.33539435967550163,-0.7405916442196683
118,1552885200,27,15,-12,42,11,0.8808918337830685,-1.361283900783545
118,1552899600,206,224,18,430,11,0.9354415811938251,-0.7275244388183235
118,1552914000,623,520,-103,1143,11,0.7154242666371065,0.4370902425765295
118,1552928400,1269,190,-1079,1459,11,-1.0592608491261775,0.953244855929648
118,1552942800,1784,149,-1635,1933,11,-2.070249501138868,1.727476775959326
118,1552957200,420,71,-349,491,12,0.3050220991699257,-0.6551165700347338
118,1552971600,45,24,-21,69,12,0.861723800039679,-1.3171810065323744
118,1552986000,194,326,132,520,12,1.1214047763600212,-0.6096192509389243
118,1553000400,665,502,-163,1167,12,0.6207126978338712,0.4054416268193067
118,1553014800,1291,199,-1092,1490,12,-0.9560430342027166,0.9121876291622876
118,1553029200,1725,128,-1597,1853,12,-1.8131599821881597,1.48168855439604
118,1553043600,449,92,-357,541,12,0.29144400890480976,-0.5766729164212693
118,1553058000,34,17,-17,51,12,0.8685128451722369,-1.3454207218332217
118,1553072400,224,261,37,485,12,0.9601649544617695,-0.6645298084683495
118,1553086800,633,461,-172,1094,12,0.6054373462856157,0.29091389254364847
118,1553101200,1254,203,-1051,1457,12,-0.8864553215939974,0.860414817777401
118,1553115600,1635,161,-1474,1796,12,-1.6043968443620025,1.3922627892766906
118,1553130000,489,92,-397,581,12,0.2235535575792301,-0.5139179935304976
118,1553144400,42,14,-28,56,12,0.8498429710577026,-1.3375763564718752
118,1553158800,179,283,104,462,12,1.0738814604321154,-0.7006138891305432
118,1553173200,570,465,-105,1035,12,0.7191538522559616,0.19835038127976035
118,1553187600,1333,193,-1140,1526,12,-1.0375115757934121,0.968667059763982
118,1553202000,2355,153,-2202,2508,12,-2.840003058487552,2.5093004167324255
118,1553216400,786,65,-721,851,12,-0.3263590981579652,-0.09032226401778913
118,1553230800,72,18,-54,90,12,0.8057141776960758,-1.2842346720147193
118,1553245200,298,259,-39,557,12,0.8311730969431681,-0.5515709472649606
118,1553259600,1038,526,-512,1564,12,0.028368510018188565,1.0282842365102152
118,1553274000,1492,174,-1318,1666,12,-1.3396240841922418,1.1883092898816827
118,1553288400,1804,180,-1624,1984,12,-1.8589860368329258,1.6872109268633173
118,1553302800,615,74,-541,689,12,-0.020852067192856694,-0.3444797017254142
118,1553317200,66,33,-33,99,12,0.8413566646420051,-1.2701148143642957
118,1553331600,81,107,26,188,12,0.9414950803472351,-1.1304851109323288
118,1553346000,730,359,-371,1089,12,0.2676823509408569,0.28306952718230205
118,1553360400,1179,216,-963,1395,12,-0.7370963286777221,0.7631446872967049
118,1553374800,1155,226,-929,1381,12,-0.6793894450509794,0.7411804642849349
118,1553389200,489,109,-380,598,12,0.25240699939260147,-0.48724715130191965
118,1553403600,48,23,-25,71,12,0.854934754907121,-1.3140432603878358
118,1553418000,73,111,38,184,12,0.9618622157449089,-1.136760603221406
118,1553432400,495,283,-212,778,12,0.537546894960036,-0.20484999829344736
118,1553446800,1093,234,-859,1327,12,-0.560581155231215,0.6564613183823932
118,1553461200,1014,154,-860,1168,12,-0.5622784165143545,0.407010499891576
118,1553475600,372,51,-321,423,12,0.3525454150978315,-0.7617999389490455
118,1553490000,23,16,-7,39,12,0.8854854580036319,-1.3642471987004532
118,1553504400,186,295,109,481,12,1.0823677668478129,-0.6708053007574266
118,1553518800,647,498,-149,1145,12,0.6444743557978241,0.3709264192293823
118,1553533200,1183,179,-1004,1362,12,-0.8066840412864413,0.7113718759118184
118,1553547600,1707,142,-1565,1849,12,-1.758847621127696,1.475413062106963
118,1553562000,385,57,-328,442,13,0.06427672403766678,-0.2903771998846445
118,1553576400,34,16,-18,50,13,0.60078814008156,-0.8672302442282587
118,1553590800,197,241,44,438,13,0.7080904232903387,-0.29626345543917115
118,1553605200,605,456,-149,1061,13,0.3740687997533342,0.6205208471783585
118,1553619600,1221,204,-1017,1425,13,-1.128163165169567,1.156170102640286
118,1553634000,1661,160,-1501,1821,13,-1.965813246992936,1.738909402538427
118,1553648400,456,69,-387,525,13,-0.03783351320939678,-0.16823739712821598
118,1553662800,34,18,-16,52,13,0.6042495040560367,-0.8642871164509953
118,1553677200,171,262,91,433,13,0.7894324766905418,-0.3036212748823295
118,1553691600,596,467,-129,1063,13,0.40868243949810146,0.6234639749556219
118,1553706000,1189,173,-1016,1362,13,-1.1264324831823287,1.0634615776564909
118,1553720400,1569,158,-1411,1727,13,-1.810051868141483,1.60058239700705
118,1553734800,458,87,-371,545,13,-0.010142601413582935,-0.1388061193555826
118,1553749200,38,17,-21,55,13,0.5955960941198449,-0.8598724247851003
118,1553763600,168,247,79,415,13,0.7686642928436814,-0.33010942487769956
118,1553778000,548,457,-91,1005,13,0.47444835501315935,0.538113269414985
118,1553792400,1209,202,-1007,1411,13,-1.1108563452971834,1.1355682081994427
118,1553806800,1641,202,-1439,1843,13,-1.8585109637841573,1.7712838080883238
118,1553821200,534,80,-454,614,13,-0.15378920635436727,-0.03726821103999744
118,1553835600,31,20,-11,51,13,0.6129029139922286,-0.865758680339627
118,1553850000,205,233,28,438,13,0.6803995114945248,-0.29626345543917115
118,1553864400,566,497,-69,1063,13,0.5125233587324034,0.6234639749556219
118,1553878800,1357,208,-1149,1565,13,-1.3566131874850313,1.3621890470487197
118,1553893200,1731,183,-1548,1914,13,-2.047155300393139,1.8757648441811723
118,1553907600,424,133,-291,557,13,0.1283119575654863,-0.12114735269200257
118,1553922000,3,28,25,31,13,0.6752074655328097,-0.8951899581122604
118,1553936400,1,21,20,22,13,0.666554055596618,-0.9084340331099454
118,1553950800,3,7,4,10,13,0.6388631438008041,-0.9260927997735254
118,1553965200,1,4,3,5,13,0.6371324618135658,-0.9334506192166838
118,1553979600,0,3,3,3,13,0.6371324618135658,-0.9363937469939471
118,1553994000,2,8,6,10,13,0.6423245077752808,-0.9260927997735254
118,1554008400,2,15,13,17,13,0.6544392816859493,-0.9157918525531037
118,1554022800,1,12,11,13,13,0.6509779177114726,-0.9216781081076304
118,1554037200,2,13,11,15,13,0.6509779177114726,-0.918734980330367
118,1554051600,1,10,9,11,13,0.6475165537369959,-0.9246212358848938
118,1554066000,0,1,1,1,13,0.6336710978390889,-0.9393368747712104
118,1554080400,1,2,1,3,13,0.6336710978390889,-0.9363937469939471
118,1554094800,3,2,-1,5,13,0.6302097338646122,-0.9334506192166838
118,1554109200,221,258,37,479,13,0.6959756493796702,-0.23592933600527274
118,1554109719,13,38,25,51,13,0.6752074655328097,-0.865758680339627
118,1554123600,632,373,-259,1005,13,0.183693781157114,0.538113269414985
118,1554138000,1517,171,-1346,1688,13,-1.6975575389709892,1.543191405350415
118,1554152400,2165,82,-2083,2247,13,-2.9730701635656644,2.365795619095518
118,1554166800,635,77,-558,712,14,0.006359741078397902,-0.09268506058523933
118,1554181200,41,19,-22,60,14,0.42299344550322315,-0.4550055118119853
118,1554195600,236,284,48,520,14,0.47740456361840555,-0.1993806535845265
118,1554210000,739,461,-278,1200,14,0.2240042135391275,0.1784995716212822
118,1554224400,1553,119,-1434,1672,14,-0.6745565370487419,0.44079290441119645
118,1554238800,2091,77,-2014,2168,14,-1.1253915157173962,0.7164231863260216
118,1554253200,645,85,-560,730,14,0.004805137703678406,-0.08268234874155617
118,1554267600,47,21,-26,68,14,0.41988423875378417,-0.4505598621036817
118,1554282000,248,249,1,497,14,0.44087138431249734,-0.21216189649589942
118,1554296400,747,386,-361,1133,14,0.15948817348826838,0.14126725531423928
118,1554310800,1368,102,-1266,1470,14,-0.5439698535723041,0.32854024927652975
118,1554325200,2011,101,-1910,2112,14,-1.0445521402319822,0.6853036383678962
118,1554339600,704,78,-626,782,14,-0.046496773662065,-0.05378562563758255
118,1554354000,54,33,-21,87,14,0.4237707471905829,-0.4400014440464606
118,1554368400,227,260,33,487,14,0.4657450383080093,-0.21771895863127896
118,1554512400,8654,1653,-7001,10307,14,-5.001795030580462,5.239316058311429
118,1554526800,30,16,-14,46,14,0.4292118590021011,-0.46278539880151665
118,1554541200,11,16,5,27,14,0.4439805910619363,-0.4733438168587378
118,1554555600,1,5,4,6,14,0.4432032893745766,-0.4850136473430348
118,1554570000,3,3,0,6,14,0.4400940826251376,-0.4850136473430348
118,1554584400,1,3,2,4,14,0.4416486859998571,-0.4861250597701107
118,1554598800,1,3,2,4,14,0.4416486859998571,-0.4861250597701107
118,1554613200,1,3,2,4,14,0.4416486859998571,-0.4861250597701107
118,1554627600,0,2,2,2,14,0.4416486859998571,-0.48723647219718663
118,1554642000,2,3,1,5,14,0.44087138431249734,-0.48556935355657277
118,1554656400,1,4,3,5,14,0.44242598768721686,-0.48556935355657277
118,1554670800,0,6,6,6,14,0.4447578927492961,-0.4850136473430348
118,1554685200,2,28,26,30,14,0.46030392649649104,-0.4716766982181239
118,1554699600,3,18,15,21,14,0.4517536079355338,-0.4766780541399655
118,1554714000,208,256,48,464,14,0.47740456361840555,-0.2305002015426519
118,1554728400,628,459,-169,1087,14,0.3087300974613401,0.1157047694914934
118,1554742800,1255,189,-1066,1444,14,-0.3885095161003544,0.31409188772454294
118,1554757200,1695,139,-1556,1834,14,-0.7693873429066311,0.530817311004345
118,1554771600,546,86,-460,632,15,0.12663247026190175,-0.4301829513879843
118,1554786000,43,18,-25,61,15,0.8929707384583059,-1.3942655175207417
118,1554800400,214,305,91,519,15,1.097327609977347,-0.620973371655938
118,1554814800,610,454,-156,1064,15,0.6621884094152508,0.29921051370720175
118,1554829200,1296,167,-1129,1463,15,-1.0519429353091199,0.9728864224409499
118,1554843600,1715,144,-1571,1859,15,-1.8306130836833974,1.6414970987782038
118,1554858000,522,88,-434,610,15,0.17243659663685923,-0.4673279889622762
118,1554872400,50,27,-23,77,15,0.896494132794841,-1.3672509447394385
118,1554886800,223,271,48,494,15,1.0215746317418404,-0.6631836416267243
118,1554901200,686,420,-266,1106,15,0.46840172090581533,0.37012376725812257
118,1554915600,1294,136,-1158,1430,15,-1.10303215318888,0.9171688660795121
118,1554930000,1679,129,-1550,1808,15,-1.7936174431497776,1.5553881480377998
118,1554944400,581,138,-443,719,15,0.15658132212245088,-0.28329121188964823
118,1554958800,51,27,-24,78,15,0.8947324356265735,-1.3655625339406072
118,1554973200,216,277,61,493,15,1.0444766949293192,-0.6648720524255557
118,1554987600,619,468,-151,1087,15,0.6709968952565888,0.33804396208032506
118,1555002000,1261,119,-1142,1380,15,-1.0748449984965984,0.8327483261379397
118,1555016400,1694,143,-1551,1837,15,-1.7953791403180452,1.604352061203912
118,1555030800,632,82,-550,714,15,-0.03192027488218187,-0.2917332658838055
118,1555045200,46,25,-21,71,15,0.9000175271313763,-1.3773814095324273
118,1555059600,187,288,101,475,15,1.114944581660023,-0.6952634468045218
118,1555074000,655,383,-272,1038,15,0.45783153789620973,0.255311832937584
118,1555088400,1278,126,-1152,1404,15,-1.0924619701792744,0.8732701853098944
118,1555102800,1803,164,-1639,1967,15,-1.9504084911255937,1.8238454650520004
118,1555117200,574,102,-472,676,15,0.10549210424269059,-0.3558928762394005
118,1555131600,56,26,-30,82,15,0.8841622526169679,-1.3588088907452813
118,1555146000,97,116,19,213,15,0.9704854138620801,-1.1376270760983616
118,1555160400,589,350,-239,939,15,0.5159675444490404,0.08815916385327058
118,1555174800,1322,231,-1091,1553,15,-0.9849984429149511,1.1248433943357803
118,1555189200,1324,172,-1152,1496,15,-1.0924619701792744,1.0286039788023877
118,1555203600,590,102,-488,692,15,0.07730494955040906,-0.3288783034580974
118,1555218000,63,21,-42,84,15,0.8630218865977567,-1.3554320691476185
118,1555232400,74,93,19,167,15,0.9704854138620801,-1.2152939728446082
118,1555246800,519,300,-219,819,15,0.5512014878143923,-0.11445013200650331
118,1555261200,1227,197,-1030,1424,15,-0.8775349156506278,0.9070384012865235
118,1555275600,1039,137,-902,1176,15,-0.6520376781123756,0.488312523176324
118,1555290000,438,62,-376,500,15,0.2746150323963798,-0.6530531768337355
118,1555304400,28,19,-9,47,15,0.9211578931505874,-1.417903268704382
118,1555318800,184,264,80,448,15,1.0779489411264034,-0.740850538372971
118,1555333200,710,439,-271,1149,15,0.45959323506447736,0.4427254316078749
118,1555347600,1232,193,-1039,1425,15,-0.8933901901650362,0.9087268120853549
118,1555362000,1825,144,-1681,1969,15,-2.0243997721928326,1.8272222866496635
118,1555376400,427,50,-377,477,16,0.22502801198739023,-0.6322359757655082
118,1555390800,38,23,-15,61,16,0.8901380225348787,-1.3169884533612781
118,1555405200,205,285,80,490,16,1.0646834672918164,-0.6108374608406404
118,1555419600,673,450,-223,1123,16,0.5079753645407417,0.4311056120394614
118,1555434000,1312,184,-1128,1496,16,-1.1547996618279797,1.045078386422207
118,1555448400,1668,173,-1495,1841,16,-1.8290962747310964,1.6129620517360066
118,1555462800,489,72,-417,561,16,0.15153519314236388,-0.49396864855867
118,1555477200,35,21,-14,56,16,0.8919753430060045,-1.325218651409304
118,1555491600,194,290,96,484,16,1.094080594829827,-0.6207136984982716
118,1555506000,643,470,-173,1113,16,0.5998413880970247,0.4146452159434092
118,1555520400,1350,173,-1177,1523,16,-1.2448283649131369,1.0895214558815478
118,1555534800,1711,158,-1553,1869,16,-1.9356608620563849,1.6590511608049525
118,1555549200,525,87,-438,612,16,0.11295146324872504,-0.410020628468804
118,1555563600,46,12,-34,58,16,0.8552289335834913,-1.3219265721900937
118,1555578000,219,301,82,520,16,1.0683581082340676,-0.5614562725524839
118,1555592400,651,457,-194,1108,16,0.5612576582033858,0.40641501789538315
118,1555606800,1286,239,-1047,1525,16,-1.0059767036668013,1.0928135351007582
118,1555621200,1870,169,-1701,2039,16,-2.2075842917829824,1.9388778944378393
118,1555635600,625,83,-542,708,16,-0.07812986574834349,-0.25200082594670326
118,1555650000,48,19,-29,67,16,0.8644155359391196,-1.3071122157036468
118,1555664400,152,182,30,334,16,0.9728174437355335,-0.8676196399390541
118,1555678800,632,394,-238,1026,16,0.48041555747385684,0.2714397699077554
118,1555693200,1489,161,-1328,1650,16,-1.5222637560531114,1.2985684863014102
118,1555707600,1602,217,-1385,1819,16,-1.626991022907274,1.5767491803246918
118,1555722000,618,104,-514,722,16,-0.026684892556825036,-0.22895627141223027
118,1555736400,69,33,-36,102,16,0.8515542926412399,-1.249500829367464
118,1555750800,78,60,-18,138,16,0.8846260611215018,-1.1902434034216764
118,1555765200,444,298,-146,742,16,0.6494490408174175,-0.19603547922012593
118,1555779600,1056,217,-839,1273,16,-0.6238140456726642,0.6780115534802438
118,1555794000,1049,265,-784,1314,16,-0.522761419760753,0.7454991774740577
118,1555808400,496,75,-421,571,16,0.14418591125786123,-0.47750825246261785
118,1555822800,36,29,-7,65,16,0.9048365863038841,-1.3104042949228571
118,1555837200,69,66,-3,135,16,0.9121858681883867,-1.195181522250492
118,1555851600,423,245,-178,668,16,0.5906547857413964,-0.31784241033091193
118,1555866000,1081,224,-857,1305,16,-0.656885814152926,0.7306848209876107
118,1555880400,1077,179,-898,1256,16,-0.7322159534690781,0.6500288801169551
118,1555894800,417,47,-370,464,16,0.23788925528526986,-0.653634490690376
118,1555909200,24,15,-9,39,16,0.9011619453616327,-1.353201324772593
118,1555923600,163,264,101,427,16,1.1032671971854553,-0.714537956245769
118,1555938000,615,431,-184,1046,16,0.5796308629146424,0.30436056209985973
118,1555952400,1354,196,-1158,1550,16,-1.2099192759617494,1.1339645253408885
118,1555966800,1613,176,-1437,1789,16,-1.7225316874058083,1.5273679920365353
118,1555981200,410,79,-331,489,17,0.26783782048589916,-0.6247135628987036
118,1555995600,34,12,-22,46,17,0.8148085890564734,-1.394833522568304
118,1556010000,157,240,83,397,17,1.0006724424542415,-0.7846481820625935
118,1556024400,647,436,-211,1083,17,0.4802536529404911,0.40790778257249866
118,1556038800,1357,203,-1154,1560,17,-1.1889807637651773,1.2371340145417975
118,1556053200,1710,167,-1543,1877,17,-1.8775620873054795,1.7882130827478093
118,1556067600,550,75,-475,625,17,0.012938821540388811,-0.3882884736999098
118,1556082000,37,14,-23,51,17,0.8130384571193517,-1.3861414237007013
118,1556096400,148,235,87,383,17,1.007752970202728,-0.8089860588918811
118,1556110800,662,416,-246,1078,17,0.4182990351412351,0.39921568370489596
118,1556125200,1257,131,-1126,1388,17,-1.1394170695257724,0.9381258134962641
118,1556139600,1658,83,-1575,1741,17,-1.9342063092933706,1.5517879935490158
118,1556154000,501,62,-439,563,17,0.07666357127676639,-0.49607049965818345
118,1556168400,42,12,-30,54,17,0.8006475335595006,-1.3809261643801396
118,1556182800,165,223,58,388,17,0.9564191440262014,-0.8002939600242783
118,1556197200,629,482,-147,1111,17,0.5935420969162735,0.45658353623107384
118,1556211600,1378,133,-1245,1511,17,-1.3500627700432428,1.151951445639291
118,1556226000,1622,105,-1517,1727,17,-1.8315386569403178,1.527450116719728
118,1556240400,554,66,-488,620,17,-0.010072893642191983,-0.3969805725675125
118,1556254800,52,29,-23,81,17,0.8130384571193517,-1.3339888304950849
118,1556269200,148,616,468,764,17,1.6821732382460572,-0.1466481251805544
118,1556283600,602,795,193,1397,17,1.1953869555376173,0.953771591457949
118,1556298000,1195,159,-1036,1354,17,-0.9801051951848284,0.8790195411965657
118,1556312400,1560,100,-1460,1660,17,-1.7306411365243866,1.4109759918938518
118,1556326800,503,96,-407,599,17,0.13330779326465758,-0.4334873878114439
118,1556341200,54,19,-35,73,17,0.7917968738738926,-1.3478961886832492
118,1556355600,76,82,6,158,17,0.8643722832958782,-1.2001305079340032
118,1556370000,545,366,-179,911,17,0.5368978749283823,0.10889958152696536
118,1556384400,1157,151,-1006,1308,17,-0.9270012370711804,0.7990522316146207
118,1556398800,1172,176,-996,1348,17,-0.9092999176999644,0.8685890225554425
118,1556413200,547,76,-471,623,17,0.020019349288875207,-0.3917653132469509
118,1556427600,77,23,-54,100,17,0.7581643670685823,-1.3009588547981947
118,1556442000,69,59,-10,128,17,0.8360501723019326,-1.2522831011396194
118,1556456400,493,293,-200,786,17,0.49972510424882866,-0.10840289016310246
118,1556470800,1040,201,-839,1241,17,-0.6313892035718734,0.6825781067887444
118,1556485200,973,179,-794,1152,17,-0.5517332664014014,0.5278587469454161
118,1556499600,366,51,-315,417,17,0.2961599314798447,-0.7498797865921827
118,1556514000,23,20,-3,43,17,0.8484410958617837,-1.4000487818888656
118,1556528400,209,283,74,492,17,0.9847412550201471,-0.619498303578142
118,1556542800,653,460,-193,1113,17,0.5121160278086799,0.4600603757781149
118,1556557200,1273,153,-1120,1426,17,-1.1287962779030427,1.0041857648900447
118,1556571600,1639,126,-1513,1765,17,-1.8244581291918314,1.5935100681135086
118,1556586000,383,70,-313,453,18,0.2271612810709837,-0.5684659871703842
118,1556600400,31,11,-20,42,18,0.7783683647463313,-1.2965727165413898
118,1556614800,198,289,91,487,18,0.9871874305755586,-0.5082333136944372
118,1556629200,586,555,-31,1141,18,0.7576745834479395,0.6503598761076008
118,1556643600,1062,140,-922,1202,18,-0.9185217017218037,0.7584243785203292
118,1556658000,1848,133,-1715,1981,18,-2.410355208051328,2.1384612208074665
118,1556672400,460,61,-399,521,18,0.06537353637446529,-0.44800064021849034
118,1556686800,39,15,-24,54,18,0.7708433533650979,-1.2753141259028202
118,1556701200,192,270,78,462,18,0.96273114358655,-0.552522044191457
118,1556715600,566,439,-127,1005,18,0.5770743102983374,0.40942918220381314
118,1556730000,1205,172,-1033,1377,18,-1.127340767551031,1.068445491999468
118,1556744400,1705,127,-1578,1832,18,-2.1526235682440835,1.8745003870452284
118,1556758800,506,54,-452,560,18,-0.034332864426877455,-0.37891022064313945
118,1556773200,37,21,-16,58,18,0.7858933761275647,-1.2682279290232972
118,1556787600,193,258,65,451,18,0.9382748565975414,-0.5720090856101457
118,1556790297,82,239,157,321,18,1.11135011836591,-0.8023104841946488
118,1556793569,120,150,30,270,18,0.872431007011749,-0.8926594944085692
118,1556802000,333,164,-169,497,18,0.49806169079538665,-0.49051782149562934
118,1556816400,1216,175,-1041,1391,18,-1.1423907903134978,1.0932471810777988
118,1556830800,1658,121,-1537,1779,18,-2.075492201586441,1.7806082783915462
118,1556845200,457,58,-399,515,18,0.06537353637446529,-0.4586299355377751
118,1556859600,37,23,-14,60,18,0.7896558818181815,-1.2646848305835354
118,1556874000,170,244,74,414,18,0.9552061322053166,-0.6375564067457351
118,1556888400,592,400,-192,992,18,0.4547928753532945,0.3863990423453628
118,1556902800,1306,178,-1128,1484,18,-1.3060597878553246,1.2580012585267126
118,1556917200,1446,152,-1294,1598,18,-1.6183477601765113,1.4599578695931228
118,1556931600,540,78,-462,618,18,-0.05314539287996099,-0.2761603658900535
118,1556946000,60,28,-32,88,18,0.7557933306026311,-1.2150814524268734
118,1556960400,63,94,31,157,18,0.8743122598570574,-1.0928445562550986
118,1556974800,526,340,-186,866,18,0.4660803924251446,0.163183840640383
118,1556989200,1070,246,-824,1316,18,-0.734158922881585,0.9603809895867395
118,1557003600,1204,188,-1016,1392,18,-1.0953594691807889,1.0950187302976797
118,1557018000,529,93,-436,622,18,-0.004232818901943796,-0.26907416901053033
118,1557032400,69,30,-39,99,18,0.7426245606854726,-1.1955944110081846
118,1557046800,56,65,9,121,18,0.8329246972602736,-1.1566203281708072
118,1557061200,418,273,-145,691,18,0.5432117590827871,-0.14683727283875564
118,1557075600,913,187,-726,1100,18,-0.5497961440413663,0.5777263580924884
118,1557090000,871,198,-673,1069,18,-0.4500897432400236,0.5228083322761838
118,1557104400,270,46,-224,316,18,0.3945927843034272,-0.8111682302940527
118,1557118800,28,12,-16,40,18,0.7858933761275647,-1.3001158149811514
118,1557133200,183,264,81,447,18,0.968374902122475,-0.5790952824896689
118,1557147600,617,519,-98,1136,18,0.6316306428122798,0.6415021300081969
118,1557162000,1202,174,-1028,1376,18,-1.1179345033244892,1.066673942779587
118,1557176400,1521,129,-1392,1650,18,-1.80271053901673,1.552078429026924
118,1557190800,455,59,-396,514,19,0.0833704555933225,-0.508464236569964
118,1557205200,28,14,-14,42,19,0.8556542832718825,-1.381022670240581
118,1557219600,188,300,112,488,19,1.110386645281041,-0.55652889605182
118,1557234000,633,442,-191,1075,19,0.4978159652113979,0.5286232237885446
118,1557248400,1199,179,-1020,1378,19,-1.1781612419758438,1.0887613708270976
118,1557262800,1502,119,-1383,1621,19,-1.912033046811753,1.537981072907521
118,1557277200,379,54,-325,433,19,0.22691011990007057,-0.6582041372634385
118,1557291600,41,15,-26,56,19,0.8313940583186293,-1.3551416997503507
118,1557306000,204,257,53,461,19,0.9911072059275462,-0.6064421962829782
118,1557320400,587,426,-161,1013,19,0.558466527594531,0.4140074973318111
118,1557334800,1204,184,-1020,1388,19,-1.1781612419758438,1.1072477783201191
118,1557349200,1539,130,-1409,1669,19,-1.9645968675438015,1.6267158288740244
118,1557363600,417,74,-343,491,19,0.19051978247019077,-0.5509829738039136
118,1557378000,21,7,-14,28,19,0.8556542832718825,-1.406903640730811
118,1557392400,186,288,102,474,19,1.0901697911533301,-0.5824098665420502
118,1557406800,593,479,-114,1072,19,0.6534857419947726,0.5230773015406383
118,1557421200,1230,161,-1069,1391,19,-1.2772238272016276,1.1127937005680255
118,1557435600,1590,165,-1425,1755,19,-1.9969438341481391,1.7856989333140099
118,1557450000,471,66,-405,537,19,0.0651752868783826,-0.4659454993360144
118,1557464400,34,17,-17,51,19,0.8495892270335693,-1.3643849034968616
118,1557478800,191,246,55,437,19,0.9951505767530885,-0.6508095742662299
118,1557493200,607,424,-183,1031,19,0.5139894485135668,0.44728303081924986
118,1557507600,1191,152,-1039,1343,19,-1.2165732648184948,1.024058944601522
118,1557522000,1442,184,-1258,1626,19,-1.6593223702153654,1.5472242766540318
118,1557536400,544,109,-435,653,19,0.0045247244952496095,-0.2515031724169645
118,1557550800,63,44,-19,107,19,0.845545856208027,-1.2608610215359408
118,1557565200,89,90,1,179,19,0.885979564463449,-1.1277588875861857
118,1557579600,510,328,-182,838,19,0.5160111339263378,0.09049536620393406
118,1557594000,1135,259,-876,1394,19,-0.8870385425368054,1.118339622815932
118,1557608400,1195,214,-981,1409,19,-1.099315510877771,1.1460692340554643
118,1557622800,552,87,-465,639,19,-0.05612583788788338,-0.2773841429071947
118,1557637200,46,33,-13,79,19,0.8576759686846537,-1.3126229625164012
118,1557651600,42,73,31,115,19,0.9466301268465821,-1.2460718955415238
118,1557666000,392,294,-98,686,19,0.6858327085991102,-0.19049802768999344
118,1557680400,897,165,-732,1062,19,-0.595915843097767,0.5045908940476167
118,1557694800,735,150,-585,885,19,-0.29872808742041534,0.17738148142113533
118,1557709200,300,55,-245,355,19,0.38864495292175855,-0.8023981157090065
118,1557723600,16,11,-5,27,19,0.8738494519868225,-1.4087522814801132
118,1557738000,176,273,97,449,19,1.0800613640894745,-0.6286258852746041
118,1557752400,533,453,-80,986,19,0.72222304602899,0.36409419710065294
118,1557766800,1122,151,-971,1273,19,-1.07909865675006,0.8946540921503713
118,1557781200,1473,157,-1316,1630,19,-1.7765801241560892,1.5546188396512404
118,1557795600,370,64,-306,434,20,0.2959806954594995,-0.7072222142919569
118,1557810000,23,17,-6,40,20,0.8903004982945105,-1.415171715356823
118,1557824400,184,255,71,439,20,1.0428425810221633,-0.6982380835677834
118,1557838800,585,445,-140,1030,20,0.6248376530282056,0.3636861680295158
118,1557853200,1243,199,-1044,1442,20,-1.1660460195146274,1.1039785397014064
118,1557867600,1581,169,-1412,1750,20,-1.8950783109922409,1.6574009923104895
118,1557882000,450,52,-398,502,20,0.11372262259009619,-0.5850380364431982
118,1557896400,21,16,-5,37,20,0.8922815643039606,-1.420562193791327
118,1557910800,217,276,59,493,20,1.0190697889087628,-0.6012094717467104
118,1557925200,635,470,-165,1105,20,0.5753110027919547,0.49844812889211726
118,1557939600,1190,161,-1029,1351,20,-1.1363300293728769,0.94046736052145
118,1557954000,1579,141,-1438,1720,20,-1.9465860272379418,1.603496207965449
118,1557968400,498,79,-419,577,20,0.07212023639164541,-0.4502760755805968
118,1557982800,44,24,-20,68,20,0.8625655741622099,-1.3648605833014518
118,1557997200,195,244,49,439,20,0.9992591288142625,-0.6982380835677834
118,1558011600,594,473,-121,1067,20,0.6624779072077562,0.4301687353883992
118,1558026000,1180,189,-991,1369,20,-1.0610495210137754,0.9728102311284743
118,1558040400,1635,136,-1499,1771,20,-2.067431053814394,1.695134341352018
118,1558054800,569,80,-489,649,20,-0.06655438426985713,-0.3209045931524994
118,1558069200,38,17,-21,55,20,0.8605845081527599,-1.3882193231843027
118,1558083600,198,256,58,454,20,1.0170887228993128,-0.6712856913952632
118,1558098000,580,493,-87,1073,20,0.7298341515290575,0.4409496922574073
118,1558112400,1203,221,-982,1424,20,-1.043219926928725,1.071635669094382
118,1558126800,1572,174,-1398,1746,20,-1.8673433868599403,1.6502136877311508
118,1558141200,644,83,-561,727,20,-0.20919113695025976,-0.18075215385539395
118,1558155600,73,27,-46,100,20,0.811057857916509,-1.307362146666742
118,1558170000,99,106,7,205,20,0.916054356417361,-1.1186954014591
118,1558184400,537,344,-193,881,20,0.5198411545273537,0.09595907244914766
118,1558198800,1148,276,-872,1424,20,-0.8253026658892211,1.071635669094382
118,1558213200,1169,209,-960,1378,20,-0.9996364747208243,0.9889816664319865
118,1558227600,510,99,-411,609,20,0.0879687644672457,-0.39277763894588685
118,1558242000,59,30,-29,89,20,0.8447359800771597,-1.3271272342599234
118,1558256400,69,105,36,174,20,0.973505270691412,-1.174397011948975
118,1558270800,444,310,-134,754,20,0.6367240490849058,-0.13223784794485743
118,1558285200,1088,225,-863,1313,20,-0.8074730718041707,0.8721879670177319
118,1558299600,1008,158,-850,1166,20,-0.7817192136813202,0.6080545237270331
118,1558314000,352,66,-286,418,20,0.3356020156485003,-0.7359714326093119
118,1558328400,23,17,-6,40,20,0.8903004982945105,-1.415171715356823
118,1558342800,166,320,154,486,20,1.2072710598065164,-0.6137872547605532
118,1558357200,597,418,-179,1015,20,0.5475760786596542,0.33673377585699554
118,1558371600,1148,207,-941,1355,20,-0.9619962205412737,0.9476546651007887
118,1558386000,1425,165,-1260,1590,20,-1.5939562775558351,1.3699088091369398
118,1558400400,426,76,-350,502,21,0.15463131467767746,-0.4921873077637165
118,1558414800,30,20,-10,50,21,0.8720241586014054,-1.3342640787249995
118,1558429200,176,273,97,449,21,1.0977919065421078,-0.5909263981640439
118,1558443600,500,484,-16,984,21,0.8593642848851042,0.4057795143675631
118,1558458000,1076,206,-870,1282,21,-0.9425577407350828,0.9609540226561966
118,1558472400,1677,144,-1533,1821,21,-2.341473786386352,1.96511194201047
118,1558486800,488,91,-397,579,21,0.05546230389998567,-0.34873617642739174
118,1558501200,37,15,-22,52,21,0.8467044111688031,-1.3305380753136664
118,1558515600,178,247,69,425,21,1.038712495866036,-0.6356384391000413
118,1558530000,575,460,-115,1035,21,0.6504763685661364,0.5007926013565575
118,1558544400,1183,201,-982,1384,21,-1.1788753834393697,1.1509801966341853
118,1558558800,1599,156,-1443,1755,21,-2.151575680641836,1.8421538294364772
118,1558573200,517,75,-442,592,21,-0.03948674897227243,-0.3245171542537265
118,1558587600,26,26,0,52,21,0.8931239481285738,-1.3305380753136664
118,1558602000,173,276,103,449,21,1.1104517802584088,-0.5909263981640439
118,1558616400,561,436,-125,997,21,0.6293765790389679,0.4299985365412283
118,1558630800,1200,212,-988,1412,21,-1.1915352571556708,1.2031442443928488
118,1558645200,1499,160,-1339,1659,21,-1.932137869559284,1.6633056656924878
118,1558659600,459,79,-380,538,21,0.09133194609617205,-0.42511924635972054
118,1558674000,38,16,-22,54,21,0.8467044111688031,-1.3268120719023333
118,1558688400,186,250,64,436,21,1.028162601102452,-0.6151454203377091
118,1558702800,540,414,-126,954,21,0.6272666000862511,0.3498894631975665
118,1558717200,1353,132,-1221,1485,21,-1.683160353138696,1.3391433689065073
118,1558731600,1480,137,-1343,1617,21,-1.9405777853701514,1.5850595940544925
118,1558746000,577,79,-498,656,21,-0.15764557032441584,-0.20528504509106701
118,1558760400,48,28,-20,76,21,0.8509243690742369,-1.285826034377669
118,1558774800,79,73,-6,152,21,0.8804640744122727,-1.1442379047470108
118,1558789200,537,274,-263,811,21,0.3381994835640431,0.08348021928724905
118,1558803600,1060,199,-861,1259,21,-0.9235679301606312,0.9181049834258658
118,1558818000,1038,227,-811,1265,21,-0.8180689825247889,0.9292829936598651
118,1558832400,484,55,-429,539,21,-0.012057022586953426,-0.423256244654054
118,1558846800,35,27,-8,62,21,0.876244116506839,-1.3119080582570009
118,1558861200,56,59,3,115,21,0.8994538849867243,-1.2131689678566733
118,1558875600,435,234,-201,669,21,0.4690181786324876,-0.1810660229174018
118,1558890000,968,356,-612,1324,21,-0.39818317093413635,1.039200094294192
118,1558904400,917,203,-714,1120,21,-0.6134010241112547,0.6591477463382146
118,1558918800,408,82,-326,490,21,0.20527080954288177,-0.5145433282317151
118,1558933200,33,17,-16,50,21,0.8593642848851042,-1.3342640787249995
118,1558947600,64,66,2,130,21,0.8973439060340075,-1.185223942271675
118,1558962000,399,246,-153,645,21,0.5702971683628962,-0.2257780638533991
118,1558976400,907,222,-685,1129,21,-0.5522116344824661,0.6759147616892136
118,1558990800,957,168,-789,1125,21,-0.7716494455650182,0.6684627548665474
118,1559005200,334,62,-272,396,22,0.35115476884977015,-0.7590935499356262
118,1559019600,26,18,-8,44,22,0.8640785044585505,-1.3741902362742557
118,1559034000,189,295,106,484,22,1.0855682993805238,-0.6053193783509687
118,1559048400,622,455,-167,1077,22,0.5551585273305351,0.43090884607746116
118,1559062800,1148,224,-924,1372,22,-0.9156114266688843,0.946401807639665
118,1559077200,1539,147,-1392,1686,22,-1.8248853216117222,1.4950960107940106
118,1559091600,387,59,-328,446,22,0.24235276432669556,-0.6717218615352526
118,1559106000,22,23,1,45,22,0.881564540899759,-1.3724428025062483
118,1559120400,171,305,134,476,22,1.1399693016420611,-0.6192988484950286
118,1559134800,578,472,-106,1050,22,0.67367499654317,0.38372813434125946
118,1559149200,1193,214,-979,1407,22,-1.022470538254047,1.0075619895199264
118,1559163600,1532,125,-1407,1657,22,-1.854028715680403,1.4444204315217941
118,1559178000,378,61,-317,439,22,0.26372458664372805,-0.6839538979113049
118,1559192400,34,20,-14,54,22,0.8524211468310783,-1.356715898594181
118,1559206800,192,294,102,486,22,1.0777967276288756,-0.6018245108149538
118,1559221200,606,468,-138,1074,22,0.6115024225299844,0.42566654477343874
118,1559235600,1141,170,-971,1311,22,-1.0069273947507507,0.8398083477912093
118,1559250000,1556,166,-1390,1722,22,-1.8209995357358983,1.5580036264422796
118,1559264400,414,73,-341,487,22,0.21709515613383895,-0.6000770770469463
118,1559278800,28,19,-9,47,22,0.8621356115206384,-1.3689479349702334
118,1559293200,185,188,3,373,22,0.885450326775583,-0.799284526599798
118,1559307600,563,564,1,1127,22,0.881564540899759,0.5182805344778347
118,1559322000,1146,168,-978,1314,22,-1.020527645316135,0.8450506490952316
118,1559336400,1881,155,-1726,2036,22,-2.473811562874346,2.106697829596625
118,1559350800,858,99,-759,957,22,-0.5950340919133966,0.22121679391656474
118,1559365200,105,23,-82,128,22,0.7203044270530591,-1.2274057997616283
118,1559379600,137,94,-43,231,22,0.7960772516316289,-1.0474201216568588
118,1559394000,710,285,-425,995,22,0.053892149349227016,0.2876192771008486
118,1559408400,1159,265,-894,1424,22,-0.857324638531523,1.0372683635760533
118,1559422800,1088,257,-831,1345,22,-0.7349223834430639,0.8992210959034632
118,1559437200,469,79,-390,548,22,0.12189340217614865,-0.49348361719849065
118,1559451600,55,27,-28,82,22,0.8252206457003096,-1.307787753089972
118,1559466000,69,86,17,155,22,0.9126508279063517,-1.1802250880254266
118,1559480400,438,338,-100,776,22,0.6853323541706422,-0.09506871809278741
118,1559494800,1038,263,-775,1301,22,-0.6261203789199894,0.8223340101111345
118,1559509200,957,191,-766,1148,22,-0.6086343424787809,0.5549766436059915
118,1559523600,366,61,-305,427,22,0.2870393018986726,-0.7049231031273946
118,1559538000,32,24,-8,56,22,0.8640785044585505,-1.353221031058166
118,1559552400,180,244,64,424,22,1.0039667959882177,-0.710165404431417
118,1559566800,626,470,-156,1096,22,0.5765303496475676,0.4641100876696031
118,1559581200,1247,210,-1037,1457,22,-1.1351583286529456,1.0949336779202998
118,1559595600,1547,170,-1377,1717,22,-1.7957419275430417,1.5492664576022421
118,1559610000,494,59,-435,553,23,0.044184951548085716,-0.5005713455410133
118,1559624400,32,29,-3,61,23,0.8871836485916886,-1.38990212400026
118,1559638800,162,277,115,439,23,1.1174471815804505,-0.7066357942083997
118,1559653200,620,514,-106,1134,23,0.6861909036947186,0.5496343095094386
118,1559667600,1238,187,-1051,1425,23,-1.1578687460881631,1.075640928476188
118,1559682000,1721,186,-1535,1907,23,-2.102339508516644,1.9468958781049621
118,1559696400,469,96,-373,565,23,0.16517087566082503,-0.4788803509444463
118,1559710800,41,22,-19,63,23,0.8559614746271108,-1.3862869582341655
118,1559725200,198,311,113,509,23,1.1135444098348783,-0.5801049923950923
118,1559739600,617,483,-134,1100,23,0.6315520992567072,0.48817649148583214
118,1559754000,1190,212,-978,1402,23,-1.0154175773747764,1.0340665221661014
118,1559768400,1617,172,-1445,1789,23,-1.9267147799658935,1.733601097905387
118,1559782800,451,76,-375,527,23,0.1612681039152528,-0.5475685005002419
118,1559797200,32,16,-16,48,23,0.8618156322454691,-1.4134007014798744
118,1559811600,148,242,94,390,23,1.076468078251942,-0.7952073554777149
118,1559826000,530,452,-78,982,23,0.7408297081327299,0.2748817112862567
118,1559840400,1126,130,-996,1256,23,-1.0505425230849266,0.7701594212412031
118,1559854800,1529,163,-1366,1692,23,-1.7725552960157902,1.5582655582498037
118,1559869200,526,73,-453,599,23,0.009060005837935595,-0.41742253292083986
118,1559883600,46,30,-16,76,23,0.8618156322454691,-1.3627883807545513
118,1559898000,192,234,42,426,23,0.9749960128670639,-0.730134371688014
118,1559912400,607,437,-170,1044,23,0.5613022078364069,0.3869518500351862
118,1559926800,1255,126,-1129,1381,23,-1.3100768441654802,0.9961072816221093
118,1559941200,1407,130,-1277,1537,23,-1.5988819533378258,1.2780902113774801
118,1559955600,589,94,-495,683,23,-0.07289820081908135,-0.2655855707448709
118,1559970000,61,29,-32,90,23,0.8305934582808913,-1.33748222039189
118,1559984400,102,115,13,217,23,0.9184058225562666,-1.1079191942448892
118,1559998800,534,390,-144,924,23,0.612038240528846,0.17004190406951622
118,1560013200,1168,225,-943,1393,23,-0.9471190718272622,1.0177982762186761
118,1560027600,1205,182,-1023,1387,23,-1.1032299416501516,1.0069527789203927
118,1560042000,584,103,-481,687,23,-0.04557879860007571,-0.2583552392126819
118,1560056400,53,33,-20,86,23,0.8540100887543247,-1.3447125519240788
118,1560070800,59,64,5,123,23,0.9027947355739776,-1.2778319852513307
118,1560085200,491,316,-175,807,23,0.5515452784724764,-0.04144529324701196
118,1560099600,1096,252,-844,1348,23,-0.7539318704214365,0.93645704648155
118,1560114000,1064,220,-844,1284,23,-0.7539318704214365,0.820771741966526
118,1560128400,415,70,-345,485,23,0.21980968009883634,-0.6234869815882262
118,1560142800,26,16,-10,42,23,0.8735239474821859,-1.4242461987781578
118,1560157200,180,291,111,471,23,1.109641638089306,-0.6487931419508878
118,1560171600,588,470,-118,1058,23,0.6627742732212851,0.41225801039784765
118,1560186000,1053,171,-882,1224,23,-0.828084533587309,0.712316768983691
118,1560200400,1523,120,-1403,1643,23,-1.8447565733088767,1.4696939969804885
118,1560214800,366,69,-297,435,24,0.32475775525831485,-0.7479007211899746
118,1560229200,26,24,-2,50,24,0.8161629502206721,-1.3827746452869305
118,1560243600,157,287,130,444,24,1.036045952712303,-0.7330595125747211
118,1560258000,576,476,-100,1052,24,0.652916478673855,0.2695465805446276
118,1560272400,1200,191,-1009,1391,24,-0.8612778339389677,0.8285654383858434
118,1560286800,1687,142,-1545,1829,24,-1.754136086480742,1.5508375909948477
118,1560301200,450,68,-382,518,24,0.1831664278962797,-0.6110317972937477
118,1560315600,32,16,-16,48,24,0.7928420257139839,-1.3860726916458759
118,1560330000,201,274,73,475,24,0.9410964743636441,-0.6819397940110701
118,1560344400,574,461,-113,1035,24,0.6312613344890733,0.24151318649359316
118,1560358800,1182,174,-1008,1356,24,-0.8596120536170614,0.7708496271043019
118,1560373200,1642,157,-1485,1799,24,-1.6541892671663645,1.5013668956106694
118,1560387600,458,106,-352,564,24,0.2331398375534686,-0.5351767310380076
118,1560402000,40,23,-17,63,24,0.7911762453920776,-1.3613373439537866
118,1560416400,187,290,103,477,24,0.991069884020833,-0.6786417476521248
118,1560430800,572,489,-83,1061,24,0.6812347441462621,0.2843877891598811
118,1560445200,1116,163,-953,1279,24,-0.7679941359122151,0.6438748422849108
118,1560459600,1737,117,-1620,1854,24,-1.8790696106237144,1.5920631704816632
118,1560474000,476,80,-396,556,24,0.15984550338959158,-0.5483689164737885
118,1560488400,37,22,-15,59,24,0.7945078060358902,-1.367933436671677
118,1560502800,191,277,86,468,24,0.962751618548426,-0.6934829562673783
118,1560517200,597,488,-109,1085,24,0.6379244557766984,0.3239643454672238
118,1560531600,1384,215,-1169,1599,24,-1.127802685443975,1.1715622597161468
118,1560546000,1678,150,-1528,1828,24,-1.725817821008335,1.5491885678153752
118,1561179600,50,23,-27,73,25,0.8251920905525625,-1.304667676316979
118,1561194000,87,115,28,202,25,0.9464104102173929,-1.0616424309111236
118,1561208400,520,358,-162,878,25,0.527656215011615,0.21188521168080054
118,1561222800,1052,289,-763,1341,25,-0.7969294235077141,1.0841386118584055
118,1561237200,1109,202,-907,1311,25,-1.1143010240847249,1.0276211129268111
118,1561251600,514,123,-391,637,25,0.02294721131622999,-0.24213869640300678
118,1561266000,69,35,-34,104,25,0.8097643044134022,-1.2462662607543316
118,1561280400,77,79,2,156,25,0.8891072045576549,-1.1483025959395683
118,1561294800,428,307,-121,735,25,0.6180189623981249,-0.05751486655979882
118,1561309200,1008,200,-808,1208,25,-0.89610804868803,0.8335776999283375
118,1561323600,987,179,-808,1166,25,-0.89610804868803,0.7544532014241055
118,1561338000,409,61,-348,470,25,0.11771789759964289,-0.5567527737888815
118,1561352400,28,19,-9,47,25,0.8648635406246887,-1.3536495087243607
118,1561366800,173,286,113,459,25,1.1337478133357675,-0.5774758567304661
118,1561381200,589,490,-99,1079,25,0.6665062902640572,0.5905524545224822
118,1561395600,1214,179,-1035,1393,25,-1.396409113486512,1.1821022766731688
118,1561410000,1605,150,-1455,1755,25,-2.3220762818361265,1.8640800971144065
118,1561424400,438,77,-361,515,26,0.16475166794877527,-0.551856443618152
118,1561438800,23,19,-4,42,26,0.871153300554991,-1.3918825036072877
118,1561453200,169,286,117,455,26,1.1105779435391707,-0.6584136605300931
118,1561467600,552,435,-117,987,26,0.6475583860325753,0.28639366275578465
118,1561482000,1181,204,-977,1385,26,-1.0541374236070478,0.993223201604994
118,1561496400,1649,135,-1514,1784,26,-2.116707946602952,1.7018286940694023
118,1561510800,443,84,-359,527,26,0.16870910006421624,-0.5305450002357638
118,1561525200,29,18,-11,47,26,0.8573022881509476,-1.3830027355312926
118,1561539600,214,259,45,473,26,0.968110387383295,-0.6264464954565108
118,1561554000,662,491,-171,1153,26,0.5407077189156688,0.5812019628788218
118,1561568400,1220,175,-1045,1395,26,-1.1886901155320413,1.0109827377569842
118,1561582800,1668,135,-1533,1803,26,-2.1543035516996416,1.7355718127581836
118,1561597200,566,90,-476,656,26,-0.06280067868908135,-0.30144698387509045
118,1561611600,40,17,-23,57,26,0.8335576954583016,-1.3652431993793024
118,1561626000,186,235,49,421,26,0.9760252516141771,-0.7187960834468597
118,1561640400,771,467,-304,1238,26,0.27753848323884334,0.7321580201707383
118,1561654800,1358,166,-1192,1524,26,-1.4795613760169537,1.2400807541176575
118,1561669200,1578,182,-1396,1760,26,-1.883219451791934,1.6592058073046259
118,1561683600,494,94,-400,588,26,0.08758174169767606,-0.4222118297086237
118,1561698000,31,24,-7,55,26,0.8652171523818295,-1.3687951066097004
118,1561712400,150,235,85,385,26,1.047259029692115,-0.7827304135940244
118,1561726800,558,487,-71,1045,26,0.738579324687718,0.38939897243732774
118,1561741200,1216,177,-1039,1393,26,-1.1768178191857184,1.007430830526586
118,1561755600,1451,172,-1279,1623,26,-1.6517096730386365,1.4159001620223604
118,1561770000,523,85,-438,608,26,0.012390531504297362,-0.3866927574046433
118,1561784400,57,31,-26,88,26,0.8276215472851401,-1.3101886373081328
118,1561798800,71,95,24,166,26,0.9265573501711647,-1.1716642553226093
118,1561813200,503,356,-147,859,26,0.5881969043009606,0.0590716000103103
118,1561827600,1120,306,-814,1426,26,-0.7316067061986077,1.0660372998281538
118,1561842000,1012,325,-687,1337,26,-0.48030976686810517,0.9079774280754411
118,1561856400,438,123,-315,561,26,0.2557726066039179,-0.4701625773189972
118,1561870800,69,37,-32,106,26,0.8157492509388172,-1.2782214722345506
118,1561885200,75,81,6,156,26,0.8909404611321958,-1.1894237914745995
118,1561899600,479,304,-175,783,26,0.5327928546847868,-0.07590087474481509
118,1561914000,1008,223,-785,1231,26,-0.6742239405247135,0.7197263448643452
118,1561928400,908,199,-709,1107,26,-0.523841520137956,0.4995080965796668
118,1561942800,394,86,-308,480,26,0.26962361900796133,-0.6140148201501177
118,1561957200,34,20,-14,54,26,0.851366139977786,-1.3705710602248995
118,1561971600,149,255,106,404,26,1.0888120669042451,-0.7489872949052431
118,1561986000,538,464,-74,1002,26,0.7326431765145565,0.3130329669837699
118,1562000400,1114,196,-918,1310,26,-0.9373931762015388,0.8600266804650676
118,1562014800,1531,161,-1370,1692,26,-1.8317728342912012,1.5384409614710925
118,1562029200,442,73,-369,515,27,0.08244536929711656,-0.41222722660320094
118,1562043600,25,13,-12,38,27,0.8045165534331946,-1.260302833274851
118,1562058000,183,260,77,443,27,0.984528697377483,-0.5402386389309972
118,1562072400,565,508,-57,1073,27,0.7134991772815882,0.5798612189372196
118,1562086800,1125,165,-960,1290,27,-1.1129161708273152,0.9656733922029388
118,1562101200,1592,161,-1431,1753,27,-2.0655647078807964,1.7888578909219617
118,1562115600,442,78,-364,520,27,0.0925584110917395,-0.40333754519154846
118,1562130000,27,19,-8,46,27,0.812606986868893,-1.246079343016207
118,1562144400,150,253,103,403,27,1.0371165147095225,-0.6113560902242173
118,1562158800,666,460,-206,1126,27,0.41213053180182446,0.6740918419007363
118,1562173200,1422,201,-1221,1623,27,-1.6408169525066327,1.5577261742189963
118,1562187600,1406,205,-1201,1611,27,-1.6003647853281409,1.5363909388310304
118,1562202000,479,82,-397,561,27,0.025812335247228077,-0.3304421576159978
118,1562216400,49,15,-34,64,27,0.7600191695368537,-1.2140764899342578
118,1562230800,67,84,17,151,27,0.8631721958420077,-1.059396033371504
118,1562245200,343,219,-124,562,27,0.5779844172336407,-0.3286642213336673
118,1562259600,801,305,-496,1106,27,-0.17442589228630617,0.6385331162541263
118,1562274000,721,221,-500,942,27,-0.18251632572200455,0.34695156595192383
118,1562288400,658,123,-535,781,27,-0.25330761828436515,0.06070382449671283
118,1562302800,34,26,-8,60,27,0.812606986868893,-1.2211882350635799
118,1562317200,112,151,39,263,27,0.9076695797383486,-0.8602671697504877
118,1562331600,528,323,-205,851,27,0.41415314016074906,0.18515936425984802
118,1562346000,1134,218,-916,1352,27,-1.0239214030346333,1.07590544170743
118,1562360400,1194,206,-988,1400,27,-1.1695492048772036,1.161246383259294
118,1562374800,411,91,-320,502,27,0.18155317888442138,-0.4353403982734975
118,1562389200,38,18,-20,56,27,0.788335686561798,-1.2282999801929018
118,1562403600,73,69,-4,142,27,0.8206974203045914,-1.0753974599124785
118,1562418000,430,299,-131,729,27,0.5638261587211686,-0.03174886218447333
118,1562432400,581,203,-378,784,27,0.06424189406679526,0.06603763334370434
118,1562446800,673,206,-467,879,27,-0.11577024987749311,0.2349415801651021
118,1562461200,358,84,-274,442,27,0.27459316339495243,-0.5420165752133277
118,1562475600,51,32,-19,83,27,0.7903582949207225,-1.1802957005699783
118,1562490000,52,61,9,113,27,0.846991328970611,-1.126957612100063
118,1562504400,417,255,-162,672,27,0.5011252995945064,-0.13309123027731198
118,1562518800,952,215,-737,1167,27,-0.661874506787132,0.7469872294762869
118,1562533200,805,167,-638,972,27,-0.46163627925359774,0.4002896544218389
118,1562547600,435,69,-366,504,27,0.08851319437389031,-0.4317845257088365
118,1562562000,34,15,-19,49,27,0.7903582949207225,-1.2407455341692153
118,1562576400,219,243,24,462,27,0.8773304543544798,-0.5064578495667176
118,1562590800,849,444,-405,1293,27,0.009631468375831368,0.9710072010499303
118,1562605200,1518,144,-1374,1662,27,-1.9502760314220948,1.627065689229886
118,1562619600,2228,95,-2133,2323,27,-3.485435775845857,2.802281571850348
118,1562634000,544,61,-483,605,28,0.010209928348093974,-0.44709051588460214
118,1562648400,43,11,-32,54,28,0.8093688654125408,-1.3575594281163395
118,1562662800,245,245,0,490,28,0.8660719385523685,-0.6371157879474874
118,1562677200,813,416,-397,1229,28,0.16259943741138094,0.5840031342653146
118,1562691600,1502,137,-1365,1639,28,-1.5526685250684074,1.2614845390112535
118,1562706000,1987,112,-1875,2099,28,-2.4563737532344114,2.0215856272627946
118,1562720400,627,56,-571,683,28,-0.14572352278643225,-0.31820380961586253
118,1562734800,32,15,-17,47,28,0.835948430946835,-1.3691261838071238
118,1562749200,189,273,84,462,28,1.0149175055444164,-0.6833828107106247
118,1562763600,638,563,-75,1201,28,0.7331741108808973,0.5377361115021773
118,1562778000,1300,166,-1134,1466,28,-1.143343215840276,0.9756204340818695
118,1562792400,1772,121,-1651,1893,28,-2.0594522412556175,1.6811925312197131
118,1562806800,470,67,-403,537,28,0.15196761119766325,-0.5594532854522213
118,1562821200,35,19,-16,54,28,0.8377204019824547,-1.3575594281163395
118,1562835600,189,259,70,448,28,0.9901099110457418,-0.7065163220921933
118,1562850000,579,464,-115,1043,28,0.6622952694561127,0.276657911624474
118,1562864400,1277,193,-1084,1470,28,-1.0547446640592952,0.9822300087623176
118,1562878800,1558,150,-1408,1708,28,-1.6288632796000508,1.3754997022489845
118,1562893200,390,50,-340,440,28,0.26360178644169907,-0.7197354714530897
118,1562907600,39,23,-16,62,28,0.8377204019824547,-1.344340278755443
118,1562922000,206,243,37,449,28,0.9316348668702944,-0.7048639284220813
118,1562936400,596,535,-61,1131,28,0.757981705379572,0.42206855459433407
118,1562950800,1218,184,-1034,1402,28,-0.9661461122783144,0.8698672391946985
118,1562965200,1726,204,-1522,1930,28,-1.830867977660687,1.742331097013859
118,1562979600,672,89,-583,761,28,-0.16698717521386763,-0.18931710334712296
118,1562994000,82,31,-51,113,28,0.7757014157357681,-1.2600682015797287
118,1563008400,83,100,17,183,28,0.896195446157902,-1.1444006446718855
118,1563022800,491,362,-129,853,28,0.6374876749574381,-0.037296885696814726
118,1563037200,1043,273,-770,1316,28,-0.49834575887473587,0.7277613835650626
118,1563051600,1208,259,-949,1467,28,-0.8155285742506471,0.9772728277519815
118,1563066000,554,159,-395,713,28,0.1661433794826202,-0.26863199951250116
118,1563080400,53,24,-29,77,28,0.8146847785193997,-1.3195543737037625
118,1563094800,68,87,19,155,28,0.8997393882291412,-1.1906676674350227
118,1563109200,441,358,-83,799,28,0.7189983425959404,-0.1265261438828652
118,1563123600,947,292,-655,1239,28,-0.29456908977848,0.600527070966435
118,1563138000,983,231,-752,1214,28,-0.46645028023358276,0.5592172292136338
118,1563152400,374,75,-299,449,28,0.33625259890210335,-0.7048639284220813
118,1563166800,19,20,1,39,28,0.8678439095879882,-1.3823453331680202
118,1563181200,179,299,120,478,28,1.0787084628267225,-0.656944511988832
118,1563195600,580,547,-33,1127,28,0.8075968943769212,0.41545897991388586
118,1563210000,1249,172,-1077,1421,28,-1.0423408668099579,0.9012627189268274
118,1563224400,1650,178,-1472,1828,28,-1.7422694258797062,1.57378694266243
118,1563238800,430,69,-361,499,29,0.13700255304384898,-0.48969428681715277
118,1563253200,34,13,-21,47,29,0.7141604827601545,-1.1672881435554097
118,1563267600,175,339,164,514,29,1.0282022974587326,-0.4672077650227416
118,1563282000,654,488,-166,1142,29,0.46801960096937717,0.4742279474366066
118,1563296400,1279,177,-1102,1456,29,-1.120862229073158,0.9449458036662807
118,1563310800,1812,142,-1670,1954,29,-2.0850554763639275,1.6914983272407322
118,1563325200,438,82,-356,520,29,0.14549016965732406,-0.4582131563049771
118,1563339600,44,18,-26,62,29,0.7056728661466795,-1.1448016217609986
118,1563354000,168,305,137,473,29,0.9823691677459672,-0.5286709245941321
118,1563368400,604,470,-134,1074,29,0.5223403472956176,0.3722890486352759
118,1563382800,1269,158,-1111,1427,29,-1.1361399389774132,0.9014718615304191
118,1563397200,1774,169,-1605,1943,29,-1.9747164603887513,1.675008211258164
118,1563411600,400,74,-326,474,29,0.19641586933817454,-0.5271718231411714
118,1563426000,32,15,-17,47,29,0.7209505760509346,-1.1672881435554097
118,1563440400,161,293,132,454,29,0.9738815511324921,-0.5571538522003863
118,1563454800,609,506,-103,1115,29,0.5749635702991632,0.4337522082066665
118,1563469200,1131,183,-948,1314,29,-0.8594436373781256,0.7320733973458549
118,1563483600,1497,176,-1321,1673,29,-1.4926198367433665,1.2702508189587625
118,1563498000,465,77,-388,542,29,0.09116942333108354,-0.4252329243398407
118,1563512400,28,14,-14,42,29,0.7260431460190196,-1.1747836508202134
118,1563526800,167,260,93,427,29,0.9076781415473865,-0.5976295914303265
118,1563541200,613,497,-116,1110,29,0.552895767104128,0.42625670094186274
118,1563570000,2850,414,-2436,3264,29,-3.3853583415483097,3.655321230619309
118,1563584400,579,129,-450,708,29,-0.014077022676007482,-0.17638208314835693
118,1563598800,74,23,-51,97,29,0.6632347830793041,-1.0923330709073724
118,1563613200,78,105,27,183,29,0.7956416022495153,-0.9634103459527483
118,1563627600,431,314,-117,745,29,0.551198243781433,-0.12091532938880936
118,1563642000,924,205,-719,1129,29,-0.47071079648096686,0.45473962854811695
118,1563656400,858,226,-632,1084,29,-0.3230262674065005,0.3872800631648834
118,1563670800,434,103,-331,537,29,0.18792825272469946,-0.4327284316046444
118,1563685200,55,17,-38,72,29,0.6853025862743393,-1.1298106072313912
118,1563699600,62,86,24,148,29,0.7905490322814303,-1.0158788968063746
118,1563714000,426,261,-165,687,29,0.4697171242920722,-0.2078632136605326
118,1563728400,828,151,-677,979,29,-0.3994148169277762,0.2298744106040051
118,1563742800,791,153,-638,944,29,-0.3332114073426706,0.177405859750379
118,1563757200,333,59,-274,392,29,0.2846870821183154,-0.6500981422839526
118,1563771600,16,14,-2,30,29,0.7464134258913598,-1.1927728682557424
118,1563786000,150,256,106,406,29,0.9297459447424217,-0.6291107219425021
118,1563800400,560,491,-69,1051,29,0.6326793632707938,0.3378097152171788
118,1563814800,1233,181,-1052,1414,29,-1.0359860629384072,0.8819835426419295
118,1563829200,1515,158,-1357,1673,29,-1.553730676360387,1.2702508189587625
118,1563843600,388,64,-324,452,30,0.2257700021960334,-0.6109112311095732
118,1563858000,25,11,-14,36,30,0.8424737172110182,-1.3383762891636302
118,1563872400,176,244,68,420,30,1.0056017966665947,-0.666870081729116
118,1563886800,557,496,-61,1053,30,0.7489734765474559,0.44006593208871586
118,1563901200,1113,215,-898,1328,30,-0.9161265539930028,0.9209623046004122
118,1563915600,1592,160,-1432,1752,30,-1.9784484372768796,1.662417075309355
118,1563930000,448,64,-384,512,30,0.10640799283829444,-0.5059883861979304
118,1563944400,34,13,-21,47,30,0.8285481494526152,-1.3191404342631623
118,1563958800,149,246,97,395,30,1.0632934345228353,-0.7105879337756339
118,1563973200,610,455,-155,1065,30,0.5619729952203315,0.46105050107104445
118,1563987600,1203,195,-1008,1398,30,-1.134956904482191,1.0433722903306621
118,1564002000,1573,117,-1456,1690,30,-2.026193241019975,1.5539968022339907
118,1564016400,480,68,-412,548,30,0.05070572180468292,-0.44303467925094464
118,1564030800,34,15,-19,49,30,0.8325268830978733,-1.3156430060994408
118,1564045200,146,297,151,443,30,1.1707192429448003,-0.6266496578463197
118,1564059600,633,515,-118,1148,30,0.6355795676576039,0.6061937698654837
118,1564074000,1219,202,-1017,1421,30,-1.1528612058858518,1.0835927142134587
118,1564088400,1644,197,-1447,1841,30,-2.0082889396163144,1.8180526285949583
118,1564102800,535,104,-431,639,30,0.012907752174732244,-0.28390169780161967
118,1564117200,38,26,-12,64,30,0.8464524508562761,-1.28941229487153
118,1564131600,174,240,66,414,30,1.0016230630213367,-0.6773623662202803
118,1564146000,629,498,-131,1127,30,0.6097177989634271,0.5694707741464087
118,1564160400,1249,228,-1021,1477,30,-1.1608186731763677,1.1815207027976586
118,1564174800,1564,239,-1325,1803,30,-1.7655861872555785,1.7516014934842512
118,1564189200,573,104,-469,677,30,-0.06268818708516911,-0.21745056269091256
118,1564203600,77,25,-52,102,30,0.7668777779511168,-1.222961159760823
118,1564218000,91,83,-8,174,30,0.854409918146792,-1.0970537458668517
118,1564232400,517,335,-182,852,30,0.508260091009349,0.08857440163471238
118,1564246800,1138,175,-963,1313,30,-1.0454353974638866,0.8947315933725015
118,1564261200,1079,198,-881,1277,30,-0.8823073180083101,0.8317778864255158
118,1564275600,510,89,-421,599,30,0.032801420401022074,-0.3538502610760482
118,1564290000,64,32,-32,96,30,0.8066651144036965,-1.2334534442519873
118,1564304400,64,58,-6,122,30,0.85838865179205,-1.1879868781236087
118,1564318800,514,286,-228,800,30,0.4167492171684158,-0.002358730622044744
118,1564333200,944,180,-764,1124,30,-0.6495513997607191,0.5642246319008266
118,1564347600,881,137,-744,1018,30,-0.6097640633081394,0.3788609392235909
118,1564362000,361,34,-327,395,30,0.21980190172814648,-0.7105879337756339
118,1564376400,16,15,-1,31,30,0.8683354859051949,-1.3471198595729337
118,1564386314,51,66,15,117,30,0.9001653550672586,-1.1967304485329124
118,1564390800,120,286,166,406,30,1.2005597452842351,-0.691352078875166
118,1564405200,620,412,-208,1032,30,0.45653655362099543,0.40334293636964086
118,1564419600,1227,219,-1008,1446,30,-1.134956904482191,1.1273105662599765
118,1564434000,1575,180,-1395,1755,30,-1.9048418648396073,1.667663217554937
118,1564448400,469,66,-403,535,31,0.12494194287137664,-0.5852714213108124
118,1564462800,24,19,-5,43,31,0.8438849779963099,-1.4262162914541652
118,1564477200,177,250,73,427,31,0.9847833617645131,-0.769869075732524
118,1564491600,615,457,-158,1072,31,0.5675073790663733,0.33258913817492025
118,1564506000,1035,185,-850,1220,31,-0.682514179492556,0.5855562942343029
118,1564520400,1608,126,-1482,1734,31,-1.8241523659220982,1.4641043902783748
118,1564534800,457,65,-392,522,31,0.14481222776176425,-0.6074915093430555
118,1564549200,32,14,-18,46,31,0.8204019140349428,-1.4210885788313399
118,1564563600,162,269,107,431,31,1.0462006059711657,-0.7630321255687569
118,1564578000,564,490,-74,1054,31,0.7192441000475149,0.30182286243796835
118,1564592400,1135,166,-969,1301,31,-0.8974745342158401,0.7240045350505865
118,1564606800,1511,144,-1367,1655,31,-1.6164175693407734,1.3290746245439746
118,1564621200,446,98,-348,544,31,0.22429336732331465,-0.5698882834423364
118,1564635600,37,20,-17,57,31,0.8222083035704325,-1.4022869658809805
118,1564650000,171,313,142,484,31,1.109424239713308,-0.6724425358988428
118,1564664400,605,489,-116,1094,31,0.6433757395569442,0.3701923640756393
118,1564678800,1260,213,-1047,1473,31,-1.038372917984043,1.0179933920925717
118,1564693200,1574,170,-1404,1744,31,-1.6832539821538952,1.4811967656877925
118,1564707600,541,73,-468,614,31,0.007526623064540793,-0.45024165557641227
118,1564722000,33,24,-9,57,31,0.8366594198543508,-1.4022869658809805
118,1564736400,159,257,98,416,31,1.0299431001517576,-0.7886706886828835
118,1564750800,635,503,-132,1138,31,0.6144735069891076,0.44539881587707736
118,1564765200,1360,254,-1106,1614,31,-1.1449499005779402,1.2589958853653618
118,1564779600,1585,198,-1387,1783,31,-1.6525453600505688,1.5478570297845216
118,1565413200,60,20,-40,80,32,0.7834920103699952,-1.2586152996006337
118,1565427600,78,145,67,223,32,1.023177844016652,-0.9965654714635027
118,1565442000,537,301,-236,838,32,0.3444413244378014,0.13043204115422796
118,1565456400,1151,252,-899,1403,32,-1.1407148223634458,1.1658037397379968
118,1565470800,1126,253,-873,1379,32,-1.0824734048418283,1.1218233490016951
118,1565485200,486,118,-368,604,32,0.04875412778958931,-0.2983767685247135
118,1565499600,50,25,-25,75,32,0.8170928281709283,-1.2677778810040299
118,1565514000,69,84,15,153,32,0.9066950089734168,-1.1248416111110493
118,1565528400,456,319,-137,775,32,0.5662067219239605,0.014983515471436028
118,1565542800,1023,263,-760,1286,32,-0.8293472440747981,0.9513993348985261
118,1565557200,929,212,-717,1141,32,-0.733024899712123,0.6856844742000368
118,1565571600,354,72,-282,426,32,0.2413988165149396,-0.6245646664856177
118,1565586000,31,15,-16,46,32,0.8372533188514882,-1.3209208531437278
118,1565600400,159,262,103,421,32,1.1038198067388916,-0.6337272478890138
118,1565614800,556,479,-77,1035,32,0.7006099931276932,0.4914377484480376
118,1565629200,1139,232,-907,1371,32,-1.1586352585239434,1.1071632187562612
118,1565643600,1627,153,-1474,1780,32,-2.4287461713992182,1.8566623775540692
118,1565658000,390,83,-307,473,33,0.21422663021155236,-0.5758149707498424
118,1565672400,20,21,1,41,33,0.8328060249474096,-1.3705500102512225
118,1565686800,141,300,159,441,33,1.1501292209482716,-0.6346842329351299
118,1565701200,561,483,-78,1044,33,0.6741444269469787,0.47463342636887973
118,1565715600,1146,169,-977,1315,33,-1.1313843908047605,0.9731824905005324
118,1565730000,1613,151,-1462,1764,33,-2.1054461000479123,1.7991918255378463
118,1565744400,415,66,-349,481,33,0.12987489456575363,-0.5610976552035206
118,1565758800,35,19,-16,54,33,0.7986636557574435,-1.3466343724884493
118,1565773200,147,261,114,408,33,1.059752361327773,-0.6953931595637075
118,1565787600,593,448,-145,1041,33,0.5395833248453474,0.469114433039009
118,1565802000,1204,177,-1027,1381,33,-1.2318031237164258,1.0946003437576877
118,1565816400,1510,181,-1329,1691,33,-1.838332270502883,1.6648963211776595
118,1565830800,423,73,-350,496,33,0.12786651990752032,-0.5335026885541672
118,1565845200,35,28,-7,63,33,0.8167390276815433,-1.3300773924988374
118,1565859600,145,245,100,390,33,1.0316351161125068,-0.7285071195429317
118,1565874000,583,495,-88,1078,33,0.6540606803646457,0.5371820174407476
118,1565888400,1200,172,-1028,1372,33,-1.2338114983746589,1.0780433637680755
118,1565902800,1503,170,-1333,1673,33,-1.8463657691358164,1.6317823611984352
118,1565917200,436,62,-374,498,33,0.07966552810992106,-0.5298233596675866
118,1565931600,38,26,-12,64,33,0.8066971543903767,-1.328237728055547
118,1565946000,132,245,113,377,33,1.0577439866695397,-0.7524227573057046
118,1565960400,533,412,-121,945,33,0.5877843166429467,0.2925066464831468
118,1565974800,1277,133,-1144,1410,33,-1.466782958729722,1.1479506126131045
118,1565989200,1413,167,-1246,1580,33,-1.671637173869519,1.4606935679724438
118,1566003600,475,120,-355,595,33,0.1178246466163538,-0.3513759086684342
118,1566018000,52,26,-26,78,33,0.7785799091751104,-1.3024824258494838
118,1566032400,95,109,14,204,33,0.8589148955044426,-1.0706847059949147
118,1566046800,488,401,-87,889,33,0.656069055022879,0.18948543765889383
118,1566061200,1033,254,-779,1287,33,-0.7337262084745666,0.9216718860884059
118,1566075600,1068,222,-846,1290,33,-0.8682873105761979,0.9271908794182766
118,1566090000,440,152,-288,592,33,0.25238574871798514,-0.35689490199830487
118,1566104400,53,18,-35,71,33,0.7605045372510107,-1.3153600769525156
118,1566118800,66,95,29,161,33,0.8890405153779422,-1.1497902770563946
118,1566133200,415,287,-128,702,33,0.5737256940353136,-0.15453181323637943
118,1566147600,913,229,-684,1142,33,-0.5429306159424029,0.6549205418113224
118,1566162000,927,204,-723,1131,33,-0.6212572276135017,0.6346842329351299
118,1566176400,341,61,-280,402,33,0.26845274598385155,-0.7064311462234488
118,1566190800,24,17,-7,41,33,0.8167390276815433,-1.3705500102512225
118,1566205200,126,230,104,356,33,1.03966861474544,-0.7910557106147995
118,1566219600,547,479,-68,1026,33,0.6942281735293118,0.44151946638965556
118,1566234000,1149,211,-938,1360,33,-1.0530577791336617,1.055967390448593
118,1566248400,1488,117,-1371,1605,33,-1.9226840061486818,1.5066851790546996
118,1566262800,377,55,-322,432,34,0.14851378417054506,-0.638856640835041
118,1566277200,32,16,-16,48,34,0.7855962788834441,-1.3395829672351731
118,1566291600,159,238,79,397,34,0.9833833278956187,-0.7027249257933864
118,1566306000,556,557,1,1113,34,0.8209897508119385,0.6038377036401933
118,1566320400,1160,158,-1002,1318,34,-1.2672250929692308,0.9779233726819304
118,1566334800,1510,193,-1317,1703,34,-1.923045308114862,1.6804745072237297
118,1566349200,415,86,-329,501,34,0.13394000161175323,-0.5129448790600173
118,1566363600,25,20,-5,45,34,0.808497937190117,-1.3450573916601742
118,1566378000,124,254,130,378,34,1.0895637436811016,-0.7373962804850597
118,1566392400,526,567,41,1093,34,0.9042685082907488,0.5673415408068531
118,1566406800,1196,196,-1000,1392,34,-1.2630611550952902,1.1129591751652892
118,1566421200,1556,205,-1351,1761,34,-1.9938322519718508,1.7863133794404162
118,1566435600,417,70,-347,487,34,0.09646456074628859,-0.5384921930433555
118,1566450000,41,7,-34,48,34,0.7481208380179795,-1.3395829672351731
118,1566464400,146,278,132,424,34,1.0937276815550423,-0.6534551059683772
118,1566478800,532,471,-61,1003,34,0.6919076767197825,0.4031088080568221
118,1566493200,1159,253,-906,1412,34,-1.067356075020086,1.1494553379986294
118,1566507600,1330,139,-1191,1469,34,-1.6607172220566095,1.253469402073649
118,1566522000,419,53,-366,472,34,0.056907150943853686,-0.5658643151683607
118,1566536400,32,16,-16,48,34,0.7855962788834441,-1.3395829672351731
118,1566550800,129,212,83,341,34,0.9917112036434996,-0.804914181726739
118,1566565200,523,447,-76,970,34,0.6606781426652286,0.34289013938181073
118,1566579600,1178,188,-990,1366,34,-1.2422414657255876,1.065514163481947
118,1566594000,1450,196,-1254,1646,34,-1.7918812650857359,1.57646044314871
118,1566608400,521,132,-389,653,34,0.009021865393537746,-0.2355740415266317
118,1566622800,65,21,-44,86,34,0.7273011486482769,-1.2702402578518268
118,1566637200,98,108,10,206,34,0.8397274712446708,-1.0512632808517854
118,1566651600,465,329,-136,794,34,0.535760006447013,0.021723906448416833
118,1566666000,1037,228,-809,1265,34,-0.8654050881339708,0.8812085411735789
118,1566680400,971,288,-683,1259,34,-0.6030770020757182,0.8702596923235768
118,1566694800,439,123,-316,562,34,0.1610055977923666,-0.40163158241832964
118,1566709200,58,45,-13,103,34,0.7918421856943548,-1.2392185194434875
118,1566723600,42,77,35,119,34,0.8917766946689273,-1.2100215891768153
118,1566738000,394,317,-77,711,34,0.6585961737282583,-0.12973516930994505
118,1566752400,886,256,-630,1142,34,-0.4927326484162945,0.6567571397485366
118,1566766800,958,227,-731,1185,34,-0.7030115110502906,0.735223889840218
118,1566781200,334,87,-247,421,34,0.30466145444331444,-0.6589295303933782
118,1566795600,21,12,-9,33,34,0.8001700614422359,-1.3669550893601783
118,1566810000,120,224,104,344,34,1.035432551319875,-0.799439757301738
118,1566824400,552,430,-122,982,34,0.5649075715645967,0.36478783708181484
118,1566838800,1153,240,-913,1393,34,-1.0819298575788776,1.1147839833069562
118,1566853200,1578,145,-1433,1723,34,-2.164553704803412,1.7169706700570697
118,1566867600,389,61,-328,450,35,0.07516253523172255,-0.572081613482694
118,1566882000,34,15,-19,49,35,0.789784793281023,-1.3459149227972498
118,1566896400,134,237,103,371,35,1.0719333870739507,-0.7245325646942898
118,1566910800,550,485,-65,1035,35,0.6834008972607388,0.556827329033553
118,1566925200,1137,188,-949,1325,35,-1.3610200610421144,1.1164574031014363
118,1566939600,1524,177,-1347,1701,35,-2.2814720309567473,1.842046740513588
118,1566954000,425,90,-335,515,35,0.05897368148950538,-0.44664728653644437
118,1566968400,35,21,-14,56,35,0.8013482602397496,-1.3324066106645767
118,1566982800,143,228,85,371,35,1.030304906022535,-0.7245325646942898
118,1566997200,545,464,-81,1009,35,0.6463978029928139,0.5066535982550532
118,1567011600,1090,168,-922,1258,35,-1.298577339464991,0.9871635584029942
118,1567026000,1440,193,-1247,1633,35,-2.0502026917822165,1.71082313693905
118,1567040400,431,100,-331,531,35,0.06822445505648661,-0.415771144518906
118,1567054800,42,27,-15,69,35,0.7990355668480043,-1.3073197452753267
118,1567069200,141,257,116,398,35,1.1019984011666397,-0.6724290750396937
118,1567083600,545,455,-90,1000,35,0.6255835624671061,0.4892857683701878
118,1567098000,1051,176,-875,1227,35,-1.1898807500529616,0.9273410332440136
118,1567112400,1502,205,-1297,1707,35,-2.1658373613694817,1.853625293770165
118,1567126800,454,93,-361,547,35,-0.0011563466958726546,-0.3848950025013676
118,1567141200,56,28,-28,84,35,0.7689705527553152,-1.2783733621338844
118,1567155600,131,203,72,334,35,1.000239891929846,-0.7959336431098473
118,1567170000,595,442,-153,1037,35,0.4798838787871516,0.5606868467857453
118,1567184400,1324,225,-1099,1549,35,-1.7079240698039106,1.5487233913469736
118,1567198800,1395,188,-1207,1583,35,-1.957694956112404,1.6143351931342427
118,1567213200,459,108,-351,567,35,0.021970587221580434,-0.3462998249794446
118,1567227600,69,38,-31,107,35,0.7620324725800793,-1.233988907983673
118,1567242000,84,110,26,194,35,0.8938559959095619,-1.0660998857633082
118,1567256400,483,418,-65,901,35,0.6834008972607388,0.29823963963666905
118,1567270800,956,288,-668,1244,35,-0.7111532179616825,0.9601469341376481
118,1567285200,1002,274,-728,1276,35,-0.8499148214664011,1.0218992181727249
118,1567299600,443,141,-302,584,35,0.13529256341710058,-0.3134939240858101
118,1567314000,64,26,-38,90,35,0.7458436188378621,-1.2667948088773076
118,1567328400,64,79,15,143,35,0.8684163686003635,-1.1645175884442118
118,1567342800,419,388,-31,807,35,0.7620324725800793,0.11684230528363108
118,1567357200,914,293,-621,1207,35,-0.602456628549653,0.8887458557220906
118,1567371600,929,310,-619,1239,35,-0.5978312417661624,0.9504981397571673
118,1567386000,378,144,-234,522,35,0.29255571405578157,-0.4331389744037713
118,1567400400,37,30,-7,67,35,0.8175371139819667,-1.311179263027519
118,1567414800,65,71,6,136,35,0.8476021280746557,-1.1780259005768847
118,1567429200,367,265,-102,632,35,0.5978312417661624,-0.22086549803319497
118,1567443600,706,228,-478,934,35,-0.27174147353007383,0.36192168254784196
118,1567458000,694,168,-526,862,35,-0.38275075633384864,0.22297904346891928
118,1567472400,277,56,-221,333,36,0.41553628817954846,-0.8714222112150182
118,1567486800,20,12,-8,32,36,0.8205245912685822,-1.3866221174106064
118,1567501200,137,250,113,387,36,1.0505883690797235,-0.7789943210669725
118,1567515600,603,504,-99,1107,36,0.647501419526319,0.45337754757363696
118,1567530000,1205,172,-1033,1377,36,-1.128362782751416,0.9155169983138655
118,1567544400,1581,134,-1447,1715,36,-1.9155231465019322,1.4940471255368182
118,1567558800,431,70,-361,501,36,0.14934679319145117,-0.583868775198876
118,1567573200,26,31,5,57,36,0.8452421872317627,-1.3438314275272518
118,1567587600,128,287,159,415,36,1.1380506317186698,-0.7310687483976155
118,1567602000,539,523,-16,1062,36,0.8053137629835482,0.37635430578359885
118,1567616400,1123,187,-936,1310,36,-0.9439314897953771,0.8008379494264755
118,1567630800,1479,136,-1343,1615,36,-1.7177823787964885,1.3228843660034002
118,1567645200,439,84,-355,523,36,0.16075491440522677,-0.5462129681015241
118,1567659600,45,20,-25,65,36,0.7882015811628847,-1.3301384067645783
118,1567674000,213,269,56,482,36,0.9422112175488553,-0.6163896995102254
118,1567688400,599,479,-120,1078,36,0.6075729952781044,0.40374034730894576
118,1567702800,1131,224,-907,1355,36,-0.8887922372621283,0.8778611912165135
118,1567717200,1587,152,-1435,1739,36,-1.8927069040743811,1.5351261878248386
118,1567731600,451,79,-372,530,36,0.12843190429952925,-0.5342315749341848
118,1567746000,44,31,-13,75,36,0.811017823590436,-1.3130221308112366
118,1567760400,185,274,89,459,36,1.0049558842246211,-0.6557571342029115
118,1567774800,628,489,-139,1117,36,0.5714472781011484,0.47049382352697877
118,1567789200,1224,181,-1043,1405,36,-1.1473763181077086,0.9634425709832225
118,1567803600,1489,244,-1245,1733,36,-1.5314497323048204,1.5248564222528336
118,1567818000,542,127,-415,669,36,0.046673702267470786,-0.2963153391827338
118,1567832400,51,24,-27,75,36,0.7843988740916262,-1.3130221308112366
118,1567846800,79,119,40,198,36,0.911789560978787,-1.1024919365851324
118,1567861200,493,405,-88,898,36,0.668416308418241,0.09564738014879338
118,1567875600,1088,308,-780,1396,36,-0.6473203382372115,0.9480379226252149
118,1567890000,1046,299,-747,1345,36,-0.5845756715614457,0.8607449152631718
118,1567904400,525,134,-391,659,36,0.09230618712257319,-0.3134316151360756
118,1567918800,63,44,-19,107,36,0.7996097023766603,-1.2582500477605427
118,1567933200,69,106,37,175,36,0.9060855003718993,-1.1418593712778187
118,1567947600,458,347,-111,805,36,0.6246851770987678,-0.06353398621728534
118,1567962000,1600,258,-1342,1858,36,-1.7158810252608594,1.7388098716696059
118,1567976400,1335,171,-1164,1506,36,-1.3774400959188497,1.1363169581119748
118,1567990800,348,70,-278,418,36,0.3071591366486803,-0.7259338656116129
118,1568005200,29,12,-17,41,36,0.8034124094479188,-1.3712174690525987
118,1568019600,189,257,68,446,36,0.9650274599764065,-0.6780082929422558
118,1568034000,635,522,-113,1157,36,0.6208824700275093,0.5389589273403459
118,1568048400,1141,201,-940,1342,36,-0.9515369039378941,0.8556100324771692
118,1568062800,1640,162,-1478,1802,36,-1.9744651061064395,1.6429587263308918
118,1568077200,424,70,-354,494,37,0.17882123334380218,-0.6947975776869287
118,1568091600,17,15,-2,32,37,0.7985336369431392,-1.4461268352346976
118,1568106000,207,282,75,489,37,0.9340957252304942,-0.7029288467080085
118,1568120400,642,561,-81,1203,37,0.6594504554535153,0.45821636950218
118,1568134800,1226,177,-1049,1403,37,-1.0447586544446616,0.78346713034537
118,1568149200,1604,100,-1504,1704,37,-1.8458073579608503,1.272969525414371
118,1568163600,424,57,-367,481,37,0.15593412752905395,-0.7159388771417361
118,1568178000,35,9,-26,44,37,0.7562805185159117,-1.4266117895841064
118,1568192400,237,842,605,1079,37,1.8671854238317684,0.25656089777940216
118,1568206800,564,539,-25,1103,37,0.7580410651170462,0.29559098908058495
118,1568221200,1194,208,-986,1402,37,-0.9338442185731893,0.7818408765411541
118,1568235600,1609,174,-1435,1783,37,-1.724329642482571,1.401443575947431
118,1568250000,486,74,-412,560,37,0.07670953047800233,-0.587464826608676
118,1568264400,35,17,-18,52,37,0.7703648913249875,-1.4136017591503787
118,1568278800,189,335,146,524,37,1.0590945339110422,-0.6460099635604503
118,1568293200,590,479,-111,1069,37,0.6066340574194808,0.24029835973724264
118,1568307600,1198,228,-970,1426,37,-0.9056754729550376,0.8208709678423368
118,1568322000,1572,148,-1424,1720,37,-1.7049636298700916,1.2989895862818261
118,1568336400,445,66,-379,511,37,0.13480756831544016,-0.6671512630152576
118,1568350800,42,18,-24,60,37,0.7598016117181806,-1.4005917287166512
118,1568365200,201,303,102,504,37,0.9816304834611251,-0.6785350396447692
118,1568379600,623,550,-73,1173,37,0.6735348282625911,0.40942875537570145
118,1568394000,1344,208,-1136,1552,37,-1.1979262087433613,1.0257789471735466
118,1568408400,1909,236,-1673,2145,37,-2.1433397335525775,1.990147453073605
118,1568422800,709,134,-575,843,37,-0.21025956550691796,-0.12723500001556212
118,1568437200,84,34,-50,118,37,0.7140274000886841,-1.306269008072126
118,1568451600,83,130,47,213,37,0.8848004203987287,-1.1517748966716108
118,1568466000,554,481,-73,1035,37,0.6735348282625911,0.18500573039390034
118,1568480400,1398,358,-1040,1756,37,-1.0289137350344513,1.3575347232336004
118,1568494800,1368,370,-998,1738,37,-0.9549707777868031,1.3282621547577134
118,1568509200,651,129,-522,780,37,-0.1169505956467905,-0.22968898968116697
118,1568523600,85,37,-48,122,37,0.7175484932909532,-1.2997639928552622
118,1568538000,76,68,-8,144,37,0.7879703573363324,-1.2639864091625113
118,1568552400,436,433,-3,869,37,0.7967730903420047,-0.0849524011059474
118,1568566800,1240,336,-904,1576,37,-0.7894793972801619,1.0648090384747293
118,1568581200,1288,232,-1056,1520,37,-1.057082480652603,0.9737388254386362
118,1568595600,482,78,-404,560,37,0.09079390328707816,-0.587464826608676
118,1568610000,21,24,3,45,37,0.8073363699488116,-1.4249855357798904
118,1568624400,171,306,135,477,37,1.039728521298563,-0.7224438923585998
118,1568638800,614,506,-108,1120,37,0.6119156972228843,0.3232373037522561
118,1568653200,1215,225,-990,1440,37,-0.9408864049777272,0.8436385211013602
118,1568667600,1621,202,-1419,1823,37,-1.6961608968644193,1.466493728116069
118,1568682000,440,54,-386,494,38,0.09519184396924675,-0.6901031500555928
118,1568696400,25,16,-9,41,38,0.7689007872992136,-1.3315447377836742
118,1568710800,181,271,90,452,38,0.9458163984123878,-0.7495745555403156
118,1568725200,602,542,-60,1144,38,0.6777624421803056,0.23028764911273608
118,1568739600,1161,235,-926,1396,38,-0.8698023984662495,0.5871160820210728
118,1568768400,2192,284,-1908,2476,38,-2.624662298598948,2.116380794485373
118,1568782800,34,13,-21,47,38,0.747456470800647,-1.3230488227144281
118,1568797200,183,259,76,442,38,0.9207980291640602,-0.7637344139890591
118,1568811600,629,565,-64,1194,38,0.6706143366807834,0.3010869413564537
118,1568826000,1259,193,-1066,1452,38,-1.1199860909495263,0.6664112893340365
118,1568840400,1645,192,-1453,1837,38,-1.8115652980282986,1.211565839610662
118,1568854800,526,78,-448,604,38,-0.015603791273347259,-0.5343447071194141
118,1568869200,32,15,-17,47,38,0.7546045763001692,-1.3230488227144281
118,1568883600,200,292,92,492,38,0.949390451162149,-0.6929351217453414
118,1568898000,561,563,2,1124,38,0.7885580774228996,0.20196793221524903
118,1568912400,1223,214,-1009,1437,38,-1.018125587581335,0.6451715016609212
118,1568926800,1634,214,-1420,1848,38,-1.7525934276572406,1.22714168390428
118,1568941200,573,66,-507,639,38,-0.12103834739129962,-0.48478520254881174
118,1568955600,28,16,-12,44,38,0.763539708174572,-1.3272967802490512
118,1568970000,164,221,57,385,38,0.8868445280413297,-0.8444456071468971
118,1568984400,654,993,339,1647,38,1.3907859657576445,0.9425285290845352
118,1568998800,1492,884,-608,2376,38,-0.30152801125423506,1.9747822099979377
118,1569013200,1911,726,-1185,2637,38,-1.3326422295603115,2.3443545155101435
118,1569027600,803,240,-563,1043,38,-0.22111182438461036,0.08727307878042652
118,1569042000,87,45,-42,132,38,0.7099289169281555,-1.2026900259001083
118,1569056400,100,399,299,499,38,1.3193049107624226,-0.683023220831221
118,1569070800,521,479,-42,1000,38,0.7099289169281555,0.02638568745082938
118,1569085200,1318,310,-1008,1628,38,-1.0163385612064544,0.9156247980319224
118,1569099600,1470,314,-1156,1784,38,-1.2808184646887757,1.1365185898323213
118,1569114000,681,193,-488,874,38,-0.0870848462685692,-0.152028529003339
118,1569128400,71,41,-30,112,38,0.7313732334267221,-1.2310097427975952
118,1569142800,70,94,24,164,38,0.8278726576702717,-1.157378478864129
118,1569157200,460,357,-103,817,38,0.600920308060442,-0.23273972216117705
118,1569171600,1190,306,-884,1496,38,-0.7947472907212665,0.728714666508508
118,1569186000,1234,220,-1014,1454,38,-1.0270607194557377,0.6692432610237852
118,1569200400,461,66,-395,527,38,0.07910860659532182,-0.6433756171747391
118,1569214800,24,24,0,48,38,0.7849840246731385,-1.3216328368695538
118,1569229200,191,302,111,493,38,0.9833439522848794,-0.6915191359004671
118,1569243600,551,470,-81,1021,38,0.640234888307814,0.05612139019319077
118,1569258000,1157,190,-967,1347,38,-0.943070479836352,0.5177327756222295
118,1569272400,1385,157,-1228,1542,38,-1.4094843636801753,0.7938500153727281
118,1569286800,366,72,-294,438,39,0.3415640854592299,-0.6891734199581524
118,1569301200,22,12,-10,34,39,0.8678074865645896,-1.3891551384934049
118,1569315600,196,310,114,506,39,1.0975757321176338,-0.5713547148581594
118,1569330000,611,466,-145,1077,39,0.6176565740673235,0.41797588237854644
118,1569344400,1148,101,-1047,1249,39,-1.053722115358854,0.7159879011608816
118,1569358800,1605,140,-1465,1745,39,-1.828263459239278,1.57537139718436
118,1569373200,427,55,-372,482,39,0.1970324471274762,-0.6129377872463921
118,1569387600,26,28,2,54,39,0.8900431232310132,-1.3545025781698774
118,1569402000,188,263,75,451,39,1.025309912951757,-0.6666492557478596
118,1569416400,597,422,-175,1019,39,0.5620674824012645,0.31748345744031714
118,1569430800,1115,139,-976,1254,39,-0.9221612650825142,0.7246510412417635
118,1569445200,1567,121,-1446,1688,39,-1.7930570345174406,1.476611600262307
118,1569459600,462,65,-397,527,39,0.1507082040724269,-0.5349695265184556
118,1569474000,34,12,-22,46,39,0.8455718498981659,-1.3683636022992884
118,1569488400,206,237,31,443,39,0.9437792451748704,-0.6805102798772705
118,1569502800,613,481,-132,1094,39,0.6417451804559492,0.4474305586535447
118,1569517200,1384,167,-1217,1551,39,-1.3687269681331893,1.2392415620461446
118,1569531600,1598,163,-1435,1761,39,-1.7726743675732188,1.6030934454431818
118,1569546000,470,85,-385,555,39,0.17294384073885058,-0.48645594206551734
118,1569560400,38,19,-19,57,39,0.8511307590647719,-1.3493046941213485
118,1569574800,189,240,51,429,39,0.9808386396189097,-0.7047670721037397
118,1569589200,633,465,-168,1098,39,0.5750382704566782,0.45436107071825016
118,1569603600,1277,191,-1086,1468,39,-1.125987934524731,1.0954334367035061
118,1569618000,1839,189,-1650,2028,39,-2.1710628578466427,2.065705125762272
118,1569632400,572,107,-465,679,39,0.024706262962692908,-0.27161006805964777
118,1569646800,68,34,-34,102,39,0.8233362132317423,-1.2713364333934118
118,1569661200,103,140,37,243,39,0.9548970635080821,-1.027035883112544
118,1569675600,550,378,-172,928,39,0.5676263915678703,0.1598143079682677
118,1569690000,1224,218,-1006,1442,39,-0.9777503567485734,1.0503851082829205
118,1569704400,1281,201,-1080,1482,39,-1.114870116191519,1.1196902289299753
118,1569718800,546,80,-466,626,39,0.022853293240490936,-0.36343935291699525
118,1569733200,58,39,-19,97,39,0.8511307590647719,-1.2799995734742937
118,1569747600,95,83,-12,178,39,0.8641015471201856,-1.139656704164008
118,1569762000,475,320,-155,795,39,0.5991268768453039,-0.07062521818318916
118,1569776400,1063,218,-845,1281,39,-0.679422231474056,0.7714319976785254
118,1569790800,1109,166,-943,1275,39,-0.8610132642498491,0.7610362295814672
118,1569805200,381,61,-320,442,39,0.29338687268197866,-0.6822429078934469
118,1569819600,24,18,-6,42,39,0.8752193654533975,-1.3752941143639938
118,1569834000,133,251,118,384,39,1.1049876110064418,-0.7827353328316762
118,1569848400,555,442,-113,997,39,0.6769516051777866,0.27936564108443707
118,1569862800,1184,167,-1017,1351,39,-0.998133023692795,0.8927159588108712
118,1569877200,1564,140,-1424,1704,39,-1.752291700628997,1.504333648521129
118,1569891600,347,50,-297,397,40,0.27646337328626686,-0.7130896989950368
118,1569906000,28,9,-19,37,40,0.80538133928503,-1.3298688448565412
118,1569920400,120,226,106,346,40,1.0432041657233229,-0.80046674465875
118,1569934800,566,528,-38,1094,40,0.7692322696664096,0.4810632584090425
118,1569949200,1311,138,-1173,1449,40,-1.390198994393289,1.0892760272446926
118,1569963600,1670,157,-1513,1827,40,-2.0370770823054456,1.7368941303992724
118,1569978000,413,79,-334,492,40,0.20606781666053217,-0.5503285355038066
118,1569992400,14,18,4,32,40,0.8491407393496759,-1.3384352218823956
118,1570006800,211,243,32,454,40,0.9024130524718534,-0.6154330009002986
118,1570021200,587,468,-119,1055,40,0.6151230781343958,0.41424551760737954
118,1570035600,1167,177,-990,1344,40,-1.0420263764876283,0.9093821097017539
118,1570050000,1582,139,-1443,1721,40,-1.9038962995000015,1.5552869374511626
118,1570064400,364,71,-293,435,40,0.2840737037322922,-0.6479852335985448
118,1570078800,24,23,-1,47,40,0.8396278262921442,-1.312736090804833
118,1570093200,173,270,97,443,40,1.0260809222197658,-0.6342790303571779
118,1570107600,570,523,-47,1093,40,0.7521090261628525,0.47934998300387166
118,1570122000,1163,188,-975,1351,40,-1.0134876373150332,0.9213750375379498
118,1570136400,1459,157,-1302,1616,40,-1.6356321512776073,1.3753930199082238
118,1570150800,375,58,-317,433,40,0.23841172105613997,-0.6514117844088865
118,1570165200,33,16,-17,49,40,0.8091865045080427,-1.3093095399944912
118,1570179600,183,280,97,463,40,1.0260809222197658,-0.600013522253761
118,1570194000,612,508,-104,1120,40,0.6436618173069909,0.5256084189434845
118,1570208400,1260,200,-1060,1460,40,-1.1752071592930724,1.108122056701572
118,1570222800,1720,185,-1535,1905,40,-2.078933899758585,1.870529612002598
118,1570237200,522,108,-414,630,40,0.053861207740024765,-0.31389652959022984
118,1570251600,75,27,-48,102,40,0.7502064435513461,-1.2185059435204364
118,1570266000,87,84,-3,171,40,0.8358226610691315,-1.100289940563648
118,1570280400,484,364,-120,848,40,0.6132204955228895,0.0595975087370145
118,1570294800,1141,241,-900,1382,40,-0.8707939414520577,0.9744865750982461
118,1570309200,1243,240,-1003,1483,40,-1.0667599504372107,1.1475273910205015
118,1570323600,487,103,-384,590,40,0.11093868608521504,-0.3824275457970637
118,1570338000,58,25,-33,83,40,0.7787451827239412,-1.2510581762186823
118,1570352400,62,59,-3,121,40,0.8358226610691315,-1.1859537108221903
118,1570366800,378,307,-71,685,40,0.7064470434867002,-0.21966638230583332
118,1570381200,970,208,-762,1178,40,-0.6082375410641824,0.6249783924433936
118,1570395600,975,171,-804,1146,40,-0.6881460107474487,0.5701535794779264
118,1570410000,310,57,-253,367,40,0.3601770081925459,-0.7644879611501623
118,1570424400,21,18,-3,39,40,0.8358226610691315,-1.3264422940461995
118,1570438800,195,244,49,439,40,0.9347569568674613,-0.6411321319778613
118,1570453200,581,419,-162,1000,40,0.533312025839623,0.32001537032298305
118,1570467600,1210,233,-977,1443,40,-1.0172928025380459,1.0789963748136677
118,1570482000,1615,170,-1445,1785,40,-1.9077014647230142,1.664936563382097
118,1570496400,355,53,-302,408,41,0.2604536947707257,-0.6617819913679497
118,1570510800,21,21,0,42,41,0.8629695919933932,-1.303322810647014
118,1570525200,188,238,50,426,41,0.9627238796130401,-0.6302308035345531
118,1570539600,639,514,-125,1153,41,0.6135838729442759,0.6440866161809654
118,1570554000,1243,156,-1087,1399,41,-1.305688620857731,1.0752861832373857
118,1570568400,1696,132,-1564,1828,41,-2.2573445247491626,1.8272561599333381
118,1570582800,387,57,-330,444,41,0.20459129370372345,-0.5986796157011565
118,1570597200,25,30,5,55,41,0.8729450207553578,-1.2805358416562276
118,1570611600,143,250,107,393,41,1.0764437674994376,-0.6880746478957802
118,1570626000,565,478,-87,1043,41,0.6893971315352075,0.4512738016435417
118,1570640400,1030,159,-871,1189,41,-0.8747500983408563,0.7071889918477586
118,1570654800,1515,152,-1363,1667,41,-1.856332288518182,1.5450483132012907
118,1570669200,363,57,-306,420,41,0.252473351761154,-0.6407478661456852
118,1570683600,33,14,-19,47,41,0.8250629626979273,-1.2945585918044038
118,1570698000,170,230,60,400,41,0.9826747371369695,-0.6758047415161259
118,1570712400,570,458,-112,1028,41,0.6395199877253841,0.42498114511571117
118,1570726800,1203,236,-967,1439,41,-1.0662783305705783,1.145399933978267
118,1570741200,1645,157,-1488,1802,41,-2.105718007567299,1.7816822219517652
118,1570755600,386,75,-311,461,41,0.2424979229991893,-0.5688812716362819
118,1570770000,36,14,-22,50,41,0.8190777054407485,-1.2893000604988376
118,1570784400,191,218,27,409,41,0.9168369073080025,-0.6600291475994277
118,1570798800,599,461,-138,1060,41,0.5876477581631676,0.4810721457084162
118,1570813200,1252,202,-1050,1454,41,-1.2318704480191922,1.1716925905060975
118,1570827600,1721,157,-1564,1878,41,-2.2573445247491626,1.9148983483594397
118,1570842000,591,101,-490,692,41,-0.11462242667914671,-0.16397436110769212
118,1570856400,66,30,-36,96,41,0.7911465049072474,-1.208669247146824
118,1570870800,92,68,-24,160,41,0.8150875339359627,-1.0964872459614141
118,1570885200,435,330,-105,765,41,0.6534855879921346,-0.03601676600558367
118,1570899600,1065,350,-715,1415,41,-0.5635167209675579,1.1033316835337381
118,1570914000,1113,270,-843,1383,41,-0.818887697273854,1.047240682941033
118,1570928400,444,85,-359,529,41,0.14673380688432824,-0.4496878953767836
118,1570942800,50,41,-9,91,41,0.8450138202218567,-1.2174334659894344
118,1570957200,55,45,-10,100,41,0.8430187344694637,-1.201657872072736
118,1570971600,422,227,-195,649,41,0.47392787027677014,-0.23934664315413956
118,1570986000,941,222,-719,1163,41,-0.5714970639771296,0.6616150538661857
118,1571000400,969,171,-798,1140,41,-0.7291088384161718,0.6212996471901789
118,1571014800,376,53,-323,429,41,0.21855689397047404,-0.624972272228987
118,1571029200,26,28,2,54,41,0.866959763498179,-1.2822886854247495
118,1571043600,114,145,31,259,41,0.9248172503175742,-0.9229557128777327
118,1571058000,487,366,-121,853,41,0.6215642159538476,0.11823348562435529
118,1571072400,992,213,-779,1205,41,-0.691202209120706,0.7352344921441111
118,1571086800,1366,149,-1217,1515,41,-1.565049768668813,1.2786160603859416
118,1571101200,363,71,-292,434,42,0.11043440734063205,-0.6893273570869436
118,1571115600,25,13,-12,38,42,0.591615819095294,-1.295839159608768
118,1571130000,176,248,72,424,42,0.7359702426216927,-0.7046433116960805
118,1571144400,568,493,-75,1061,42,0.4833500014504951,0.270982996905945
118,1571158800,1193,184,-1009,1377,42,-1.121733707759699,0.7549671625546736
118,1571173200,1644,141,-1503,1785,42,-1.9706751984982813,1.3798581106074623
118,1571187600,325,61,-264,386,42,0.15855254851609824,-0.7628439392108011
118,1571202000,20,13,-7,33,42,0.6002083443051988,-1.3034971369133364
118,1571216400,171,256,85,427,42,0.7583108081674449,-0.7000485253133395
118,1571230800,595,447,-148,1042,42,0.3578991333858868,0.24188268314858474
118,1571245200,1175,192,-983,1367,42,-1.0770525766681947,0.7396512079455365
118,1571259600,1427,160,-1267,1587,42,-1.5651080085907803,1.0766022093465502
118,1571274000,282,59,-223,341,42,0.2290112552373166,-0.8317657349519175
118,1571288400,23,17,-6,40,42,0.6019268493471797,-1.2927759686869407
118,1571302800,192,273,81,465,42,0.7514367879995211,-0.641847897798619
118,1571317200,573,435,-138,1008,42,0.3750841838056962,0.18980843747751902
118,1571331600,1182,187,-995,1369,42,-1.097674637171966,0.742714398867364
118,1571346000,1580,179,-1401,1759,42,-1.7953876842162257,1.3400366286237062
118,1571360400,379,54,-325,433,42,0.05372374095526116,-0.6908589525478572
118,1571374800,27,17,-10,44,42,0.595052829179256,-1.2866495868432857
118,1571389200,188,250,62,438,42,0.7187851922018833,-0.6832009752432888
118,1571403600,594,438,-156,1032,42,0.3441510930500393,0.22656672853944776
118,1571418000,1185,188,-997,1373,42,-1.1011116472559277,0.7488407807110188
118,1571432400,1795,190,-1605,1985,42,-2.1459627127803365,1.686177202790202
118,1571446800,498,82,-416,580,42,-0.10266021786500401,-0.46571441979354367
118,1571461200,39,13,-26,52,42,0.567556748507561,-1.2743968231559761
118,1571475600,87,300,213,387,42,0.9782794535410048,-0.7613123437498874
118,1571490000,487,1381,894,1868,42,2.148581387130022,1.506980533863299
118,1571504400,1198,1017,-181,2215,42,0.30118846700051594,2.0384441588003526
118,1571518800,1143,162,-981,1305,42,-1.0736155665842326,0.6446922893688873
118,1571533200,457,105,-352,562,42,0.007324104821775888,-0.49328313808999025
118,1571547600,57,45,-12,102,42,0.591615819095294,-1.1978170501102914
118,1571562000,61,87,26,148,42,0.6569190106905697,-1.1273636589082612
118,1571576400,432,1183,751,1615,42,1.9028351661267482,1.1194868822521336
118,1571590800,1073,725,-348,1798,42,0.014198124989699632,1.3997688515993403
118,1571605200,874,288,-586,1162,42,-0.3948060750017631,0.4256741384582285
118,1571619600,277,89,-188,366,42,0.28915893170664936,-0.793475848429075
118,1571634000,12,19,7,31,42,0.6242674148929319,-1.3065603278351638
118,1571648400,197,291,94,488,42,0.7737773535452733,-0.6066212021976038
118,1571662800,574,429,-145,1003,42,0.3630546485118296,0.18215046017295053
118,1571677200,1176,171,-1005,1347,42,-1.1148596875917751,0.7090192987272627
118,1571691600,1723,131,-1592,1854,42,-2.1236221472345846,1.4855381974105075
118,1571706000,362,35,-327,397,43,0.19174979979903067,-0.6409605336673345
118,1571720400,21,8,-13,29,43,0.7904231804215726,-1.2788669089643288
118,1571734800,164,274,110,438,43,1.0249353645507848,-0.5698894429413106
118,1571749200,645,469,-176,1114,43,0.4796468713722913,0.6019168334194722
118,1571763600,1235,149,-1086,1384,43,-1.2553619705592791,1.0699459674688974
118,1571778000,1586,111,-1475,1697,43,-1.9970305854069508,1.6125130747187864
118,1571792400,248,53,-195,301,43,0.4434214120352585,-0.8073708924404635
118,1571806800,23,13,-10,36,43,0.7961429897905777,-1.266732820303788
118,1571821200,191,254,63,445,43,0.9353250177697037,-0.55775535428077
118,1571835600,591,445,-146,1036,43,0.536844965062343,0.46670841691630494
118,1571850000,1230,199,-1031,1429,43,-1.1504987987941842,1.1479508231438014
118,1571864400,1645,133,-1512,1778,43,-2.0675749009580144,1.7529218149336139
118,1571878800,342,58,-284,400,43,0.27373373408810486,-0.6357602099556742
118,1571893200,31,14,-17,45,43,0.7827967679295657,-1.2511318491688073
118,1571907600,186,262,76,448,43,0.9601108583687261,-0.5525550305691097
118,1571922000,569,482,-87,1051,43,0.6493345493194449,0.49271003547460634
118,1571936400,1164,172,-992,1336,43,-1.076141276997117,0.9867407880823328
118,1571950800,1570,190,-1380,1760,43,-1.8159032887217865,1.7217198726636522
118,1571965200,351,50,-301,401,43,0.24132148099707554,-0.6340267687184541
118,1571979600,24,24,0,48,43,0.815209021020595,-1.245931525457147
118,1571994000,175,243,68,418,43,0.9448580333847123,-0.6045582676857125
118,1572008400,560,500,-60,1060,43,0.7008128336404914,0.5083110066095872
118,1572022800,1280,152,-1128,1432,43,-1.3354393017253516,1.1531511468554618
118,1572037200,1868,178,-1690,2046,43,-2.406950256852322,2.217484066508599
118,1572051600,502,79,-423,581,43,0.008715899990865,-0.32200734601883735
118,1572066000,68,18,-50,86,43,0.7198788648705087,-1.1800607584427834
118,1572080400,83,60,-23,143,43,0.7713571491915553,-1.0812546079212382
118,1572094800,436,347,-89,783,43,0.6455213430734414,0.028147783899621415
118,1572109200,1027,177,-850,1204,43,-0.8054036335308719,0.7579265447692806
118,1572123600,1049,169,-880,1218,43,-0.8626017272209237,0.7821947220903619
118,1572138000,411,66,-345,477,43,0.1574309435849996,-0.5022852346897271
118,1572152400,37,37,0,74,43,0.815209021020595,-1.2008620532894245
118,1572166800,44,52,8,96,43,0.8304618460046088,-1.1627263460705826
118,1572181200,336,245,-91,581,43,0.641708136827438,-0.32200734601883735
118,1572195600,590,166,-424,756,43,0.0068092968678632754,-0.018655129505321093
118,1572210000,737,137,-600,874,43,-0.3287528527804405,0.18589093648664987
118,1572224400,253,33,-220,286,43,0.3957563339602153,-0.8333725109987647
118,1572238800,19,19,0,38,43,0.815209021020595,-1.2632659378293478
118,1572253200,198,198,0,396,43,0.815209021020595,-0.6426939749045546
118,1572267600,636,566,-70,1202,43,0.6817468024104741,0.7544596622948404
118,1572282000,1196,172,-1024,1368,43,-1.137152576933172,1.0422109076733759
118,1572296400,1398,114,-1284,1512,43,-1.6328693889136208,1.2918264458330693
118,1572310800,316,49,-267,365,44,0.4023059940167726,-0.8084884685560553
118,1572325200,21,15,-6,36,44,0.8540657057983605,-1.3340173827769402
118,1572339600,173,241,68,414,44,0.9821508348092322,-0.7302182047359235
118,1572354000,617,445,-172,1062,44,0.5667396055847835,0.3048661004772481
118,1572368400,1147,171,-976,1318,44,-0.8248880123171194,0.7137882951293653
118,1572382800,1575,131,-1444,1706,44,-1.634939909304794,1.3335609963989803
118,1572397200,395,78,-317,473,44,0.3157619879283458,-0.6359744176871933
118,1572411600,33,19,-14,52,44,0.8402186648242121,-1.3084597456111828
118,1572426000,174,269,95,443,44,1.0288845980969825,-0.6838949873729883
118,1572440400,593,454,-139,1047,44,0.6238586496031452,0.28090581563435063
118,1572454800,1141,164,-977,1305,44,-0.8266188924388879,0.6930227149321875
118,1572469200,1683,138,-1545,1821,44,-1.809758801603416,1.517256513527861
118,1572483600,411,94,-317,505,44,0.3157619879283458,-0.5848591433556787
118,1572498000,32,22,-10,54,44,0.8471421853112863,-1.3052650409654631
118,1572512400,172,263,91,435,44,1.0219610776099084,-0.6966738059558669
118,1572526800,520,467,-53,987,44,0.7727143400752393,0.18506467626276066
118,1572541200,1043,186,-857,1229,44,-0.6189132778266636,0.5716239383948402
118,1572555600,1478,205,-1273,1683,44,-1.3389594084823746,1.2968218929732043
118,1572570000,394,123,-271,517,44,0.39538247352969846,-0.5656909154813606
118,1572584400,44,33,-11,77,44,0.8454113051895178,-1.2685259375396871
118,1572598800,185,215,30,400,44,0.9163773901820278,-0.7525811372559611
118,1572613200,558,422,-136,980,44,0.6290512899684508,0.17388321000274184
118,1572627600,1210,190,-1020,1400,44,-0.9010467376749349,0.8447711856038715
118,1572642000,1735,159,-1576,1894,44,-1.8634160853782407,1.633863233096629
118,1572656400,558,103,-455,661,44,0.07690053112428784,-0.33567218098954477
118,1572670800,73,26,-47,99,44,0.7830996208058505,-1.2333841864367707
118,1572685200,116,116,0,232,44,0.8644509865289717,-1.020936327496413
118,1572699600,678,443,-235,1121,44,0.4576941579133657,0.39910988752597826
118,1572714000,1534,253,-1281,1787,44,-1.3528064494565228,1.4629465345506267
118,1572728400,1652,213,-1439,1865,44,-1.6262855086959516,1.5875400157336936
118,1572742800,671,150,-521,821,44,-0.03733755691243553,-0.08009580933197155
118,1572753600,88,40,-48,128,44,0.7813687406840819,-1.1870609690738356
118,1572768000,75,65,-10,140,44,0.8471421853112863,-1.1678927411995175
118,1572782400,453,349,-104,802,44,0.6844394538650439,-0.11044550346630838
118,1572796800,1403,199,-1204,1602,44,-1.2195286800803455,1.1674363548215578
118,1572811200,1552,189,-1363,1741,44,-1.4947386194415428,1.3894683276990745
118,1572825600,614,83,-531,697,44,-0.05464635813012089,-0.2781674973665908
118,1572840000,50,18,-32,68,44,0.8090628226323785,-1.2829021084454255
118,1572854400,87,88,1,175,44,0.8661818666507402,-1.1119854098994235
118,1572868800,515,573,58,1088,44,0.9648420335915467,0.3463972608716038
118,1572883200,1098,202,-896,1300,44,-0.6864176025756364,0.6850359533178882
118,1572897600,1915,143,-1772,2058,44,-2.202668589244874,1.8958290140456413
118,1572912000,573,78,-495,651,45,-0.127079739304634,-0.22119309582207333
118,1572926400,61,16,-45,77,45,0.7276558738119432,-1.1971307155289812
118,1572940800,64,72,8,136,45,0.82832473491234,-1.0968165699493513
118,1572955200,431,567,136,998,45,1.0714495315321664,0.36879009936659746
118,1572969600,949,278,-671,1227,45,-0.4613763346568953,0.7581450033960084
118,1572984000,1573,207,-1366,1780,45,-1.7814680038036088,1.6983775882355905
118,1572998400,582,83,-499,665,45,-0.13467738919900357,-0.19738973924385605
118,1573012800,45,17,-28,62,45,0.7599458858630138,-1.2226343118627854
118,1573027200,86,103,17,189,45,0.8454194471746715,-1.006703862903243
118,1573041600,486,620,134,1106,45,1.0676507065849816,0.5524159929699878
118,1573056000,1018,169,-849,1187,45,-0.7994717549563414,0.6901354131725306
118,1573070400,1722,179,-1543,1901,45,-2.1176640116294627,1.904106598661611
118,1573084800,631,94,-537,725,45,-0.20685506319551453,-0.0953753539086392
118,1573099200,73,28,-45,101,45,0.7276558738119432,-1.1563249613948945
118,1573113600,84,96,12,180,45,0.8359223848067097,-1.0220060207035255
118,1573128000,487,639,152,1126,45,1.1018401311096446,0.5864207880817267
118,1573142400,998,188,-810,1186,45,-0.725394668486238,0.6884351734169436
118,1573156800,1750,151,-1599,1901,45,-2.2240311101506367,1.904106598661611
118,1573171200,607,112,-495,719,45,-0.127079739304634,-0.1055767924421609
118,1573185600,63,22,-41,85,45,0.7352535237063127,-1.1835287974842856
118,1573200000,92,93,1,185,45,0.8150288475971933,-1.0135048219255909
118,1573214400,462,497,35,959,45,0.8796088716993347,0.3024807488987065
118,1573228800,1081,210,-871,1291,45,-0.841258829375374,0.8669603477535731
118,1573243200,1938,153,-1785,2091,45,-2.5773218302388217,2.2271521522231312
118,1573257600,788,82,-706,870,45,-0.5278557712326291,0.15115941065146818
118,1573272000,88,36,-52,124,45,0.7143599864967964,-1.1172194470163948
118,1573286400,57,39,-18,96,45,0.7789400105989378,-1.1648261601728291
118,1573300800,353,298,-55,651,45,0.7086617490760192,-0.22119309582207333
118,1573315200,1016,227,-789,1243,45,-0.6855070065407978,0.7853488394853996
118,1573329600,1238,202,-1036,1440,45,-1.154661887518119,1.1202960713360282
118,1573344000,545,92,-453,637,45,-0.047304415413753464,-0.24499645240029058
118,1573358400,83,51,-32,134,45,0.7523482359686443,-1.1002170494605252
118,1573372800,31,24,-7,55,45,0.7998335478084542,-1.234535990151894
118,1573387200,276,258,-18,534,45,0.7789400105989378,-0.42012114722574617
118,1573401600,830,233,-597,1063,45,-0.32081981161105816,0.47930568347974906
118,1573416000,1004,200,-804,1204,45,-0.7139981936446836,0.7190394890175087
118,1573430400,378,79,-299,457,45,0.24520510551947516,-0.5510396084059411
118,1573444800,33,13,-20,46,45,0.775141185651753,-1.2498381479521765
118,1573459200,69,60,-9,129,45,0.7960347228612693,-1.1087182482384599
118,1573473600,394,471,77,865,45,0.9593841955902151,0.14265821187353345
118,1573488000,896,228,-668,1124,45,-0.45567809723611813,0.5830203085705529
118,1573502400,1458,148,-1310,1606,45,-1.6751009052824348,1.4025358707634614
118,1573516800,503,71,-432,574,46,0.008556841608573307,-0.3513182711923666
118,1573531200,56,18,-38,74,46,0.720107670446116,-1.1846723539936426
118,1573545600,86,76,-10,162,46,0.7706747344244186,-1.038002035420618
118,1573560000,497,627,130,1124,46,1.023510054315931,0.565371219889037
118,1573574400,1004,138,-866,1142,46,-0.7752326500551159,0.5953719668698829
118,1573588800,1940,134,-1806,2074,46,-2.472841226469558,2.1487439772114616
118,1573603200,573,106,-467,679,46,-0.054651988364304856,-0.1763139138040986
118,1573617600,55,25,-30,80,46,0.7345554030113453,-1.1746721050000273
118,1573632000,81,100,19,181,46,0.8230477649733747,-1.0063345802741694
118,1573646400,483,573,90,1056,46,0.9512713914897846,0.4520350646280635
118,1573660800,911,177,-734,1088,46,-0.5368450627288325,0.5053697259273452
118,1573675200,1697,156,-1541,1853,46,-1.9942600852463377,1.7804014726132975
118,1573689600,579,79,-500,658,46,-0.11424888519587569,-0.2113147852817522
118,1573704000,64,19,-45,83,46,0.7074659044515403,-1.1696719805032196
118,1573718400,84,80,-4,164,46,0.7815105338483405,-1.0346686190894128
118,1573732800,462,548,86,1010,46,0.94404752520717,0.3753664890103461
118,1573747200,920,188,-732,1108,46,-0.5332331295875252,0.5387038892393962
118,1573761600,1721,175,-1546,1896,46,-2.0032899180996058,1.8520699237342073
118,1573776000,629,84,-545,713,46,-0.19551738087529047,-0.11964583617361185
118,1573790400,66,18,-48,84,46,0.7020480047395794,-1.168005272337617
118,1573804800,80,90,10,170,46,0.8067940658374918,-1.0246683700957975
118,1573819200,497,576,79,1073,46,0.9314057592125944,0.48036910344330686
118,1573833600,987,250,-737,1237,46,-0.5422629624407935,0.7537092426021254
118,1573848000,1778,153,-1625,1931,46,-2.1459612771812453,1.9104047095302967
118,1573862400,784,77,-707,861,46,-0.48808396532118364,0.12702697233556584
118,1573876800,111,32,-79,143,46,0.6460630410493159,-1.0696694905670665
118,1573891200,55,29,-26,84,46,0.74177926929396,-1.168005272337617
118,1573905600,339,318,-21,657,46,0.7508091021472283,-0.21298149344735476
118,1573920000,961,256,-705,1217,46,-0.48447203217987633,0.7203750792900744
118,1573934400,1335,175,-1160,1510,46,-1.3061868218272925,1.208720571811622
118,1573948800,499,111,-388,610,46,0.08801937071733443,-0.2913167772306747
118,1573963200,86,37,-49,123,46,0.7002420381689257,-1.1030036538791175
118,1573977600,23,39,16,62,46,0.8176298652614138,-1.2046728519808731
118,1573992000,249,255,6,504,46,0.7995701995548772,-0.4679878427845452
118,1574006400,870,248,-622,1118,46,-0.3345768068156224,0.5553709708954216
118,1574020800,944,149,-795,1093,46,-0.6470090235387059,0.5137032667553579
118,1574035200,361,63,-298,424,46,0.250556362076164,-0.6013244960327494
118,1574049600,33,15,-18,48,46,0.7562270018591892,-1.2280067662993088
118,1574064000,69,92,23,161,46,0.8302716312559894,-1.0396687435862206
118,1574078400,518,674,156,1192,46,1.0704651851529263,0.6787073751500106
118,1574092800,934,177,-757,1111,46,-0.5783822938538667,0.5437040137362038
118,1574107200,1728,101,-1627,1829,46,-2.1495732103225524,1.7404004766388363
118,1574121600,520,115,-405,635,47,0.07340004711942373,-0.24451030612884883
118,1574136000,59,32,-27,91,47,0.7691010310406,-1.143106329038924
118,1574150400,84,92,8,176,47,0.8335177888110793,-1.002700700459225
118,1574164800,510,559,49,1069,47,0.9089774193422122,0.47238431508985096
118,1574179200,1086,191,-895,1277,47,-0.8284345616672864,0.8159651473789974
118,1574193600,1862,126,-1736,1988,47,-2.3762772269522316,1.99041693467507
118,1574208000,588,121,-467,709,47,-0.040709638073996725,-0.12227481771828712
118,1574222400,85,18,-67,103,47,0.6954818793029094,-1.1232843579453196
118,1574236800,65,71,6,136,47,0.8298368312241948,-1.0687739374379068
118,1574251200,547,581,34,1128,47,0.8813702374405782,0.5698423396334069
118,1574265600,1019,209,-810,1228,47,-0.6719938642246938,0.735025432080112
118,1574280000,1780,161,-1619,1941,47,-2.1609412081194868,1.9127808812251186
118,1574294400,602,56,-546,658,47,-0.18610746275593568,-0.20651819486610667
118,1574308800,74,13,-61,87,47,0.706524752063563,-1.1497136527367924
118,1574323200,85,97,12,182,47,0.8408797039848483,-0.9927897149124226
118,1574337600,540,532,-8,1072,47,0.8040701281160031,0.47733980786325214
118,1574352000,988,196,-792,1184,47,-0.638865245942733,0.6623448714035618
118,1574366400,1735,168,-1567,1903,47,-2.065236310860489,1.8500113060953707
118,1574380800,716,102,-614,818,47,-0.31126002071000974,0.05777475304862136
118,1574395200,72,16,-56,88,47,0.7157271460307744,-1.1480618218123253
118,1574409600,75,89,14,164,47,0.8445606615717329,-1.0225226715528295
118,1574424000,501,569,68,1070,47,0.9439465164176153,0.47403614601431804
118,1574438400,1054,227,-827,1281,47,-0.7032820037132123,0.8225724710768656
118,1574452800,1813,172,-1641,1985,47,-2.2014317415752163,1.9854614419016687
118,1574467200,695,86,-609,781,47,-0.3020576267427984,-0.0033429911566594975
118,1574481600,88,26,-62,114,47,0.7046842732701207,-1.105114217776182
118,1574496000,51,42,-9,93,47,0.8022296493225608,-1.1398026671899901
118,1574510400,322,286,-36,608,47,0.7525367218996196,-0.2891097410894592
118,1574524800,963,196,-767,1159,47,-0.5928532761066764,0.6210490982918855
118,1574539200,1142,184,-958,1326,47,-0.944384725654149,0.8969048626778828
118,1574553600,511,71,-440,582,47,0.00898328934894444,-0.3320573451256025
118,1574568000,92,32,-60,124,47,0.7083652308570053,-1.0885959085315116
118,1574582400,26,40,14,66,47,0.8445606615717329,-1.1844021021506004
118,1574596800,214,214,0,428,47,0.8187939584635412,-0.5864393074935282
118,1574611200,682,168,-514,850,47,-0.1272121413657832,0.11063334263156697
118,1574625600,788,126,-662,914,47,-0.39960300279523847,0.21635052179745817
118,1574640000,331,40,-291,371,47,0.28321462957184196,-0.6805936701881501
118,1574654400,24,13,-11,37,47,0.7985486917356763,-1.2323051989601448
118,1574668800,93,91,-2,184,47,0.8151130008766567,-0.9894860530634885
118,1574683200,507,602,95,1109,47,0.9936394438405565,0.538457552068533
118,1574697600,1060,210,-850,1270,47,-0.7456130159623844,0.8044023309077281
118,1574712000,1737,161,-1576,1898,47,-2.081800620001469,1.8417521514730355
118,1574726400,536,63,-473,599,48,-0.22220147911813648,-0.13693789047841987
118,1574740800,47,13,-34,60,48,0.7301348463072935,-1.1267207655264626
118,1574755200,83,99,16,182,48,0.8386013981780714,-0.9026882780387794
118,1574769600,530,542,12,1072,48,0.8299240740284092,0.7316470815025156
118,1574784000,1087,213,-874,1300,48,-1.0921032251217753,1.1503307466434316
118,1574798400,1922,133,-1789,2055,48,-3.0770411243570113,2.5367613044565527
118,1574812800,567,81,-486,648,48,-0.25040278260453874,-0.04695762911041599
118,1574827200,58,16,-42,74,48,0.7127801980079691,-1.1010121194213185
118,1574841600,92,86,-6,178,48,0.7908761153549292,-0.910033605497392
118,1574856000,482,492,10,974,48,0.8255854119535782,0.5516865587665077
118,1574870400,1300,170,-1130,1470,48,-1.6474519707001583,1.4625071636344655
118,1574884800,1646,166,-1480,1812,48,-2.4067178337956037,2.0905326613458395
118,1574899200,524,94,-430,618,48,-0.12892024450926748,-0.1020475850500102
118,1574913600,64,31,-33,95,48,0.7323041773447091,-1.0624491502636026
118,1574928000,43,33,-10,76,48,0.7821987912052669,-1.0973394556920124
118,1574942400,277,202,-75,479,48,0.6411922737732556,-0.35729771423679674
118,1574956800,788,234,-554,1022,48,-0.3979172931487967,0.6398304882698586
118,1574971200,668,251,-417,919,48,-0.10071894102286523,0.4506883062105851
118,1574985600,330,100,-230,430,48,0.30494596297384413,-0.4472779756048006
118,1575000000,34,22,-12,56,48,0.7778601291304358,-1.1340660929850752
118,1575014400,43,48,5,91,48,0.8147387567665003,-1.0697944777222153
118,1575028800,367,309,-58,676,48,0.6780709014093201,0.004459663099871942
118,1575043200,996,238,-758,1234,48,-0.8404608247815706,1.0291328435763243
118,1575057600,1242,223,-1019,1465,48,-1.4066562255470312,1.4533255043111997
118,1575072000,489,90,-399,579,48,-0.06167098234938519,-0.17366452777148267
118,1575086400,56,23,-33,79,48,0.7323041773447091,-1.0918304600980528
118,1575100800,48,34,-14,82,48,0.7735214670556047,-1.0863214645040935
118,1575115200,291,248,-43,539,48,0.7106108669705535,-0.2471178023576083
118,1575129600,882,247,-635,1129,48,-0.5736331071794569,0.8363179977877445
118,1575144000,1009,180,-829,1189,48,-0.9944833284380752,0.9464979096669329
118,1575158400,443,94,-349,537,48,0.04679556952139272,-0.2507904660869146
118,1575172800,67,23,-44,90,48,0.708441535933138,-1.0716308095868683
118,1575187200,29,27,-2,56,48,0.7995534395045915,-1.1340660929850752
118,1575201600,263,218,-45,481,48,0.7062722048957224,-0.35362505050749043
118,1575216000,693,154,-539,847,48,-0.3653773275875633,0.318472411955559
118,1575230400,652,104,-548,756,48,-0.38490130692430335,0.15136621227212319
118,1575244800,288,43,-245,331,48,0.2724059974126108,-0.6290748302054615
118,1575259200,32,10,-22,42,48,0.7561668187562802,-1.159774739090219
118,1575273600,82,79,-3,161,48,0.7973841084671759,-0.9412512471964953
118,1575288000,466,589,123,1055,48,1.0707198191815361,0.7004294398034122
118,1575302400,872,203,-669,1075,48,-0.6473903624515859,0.737156077096475
118,1575316800,1539,138,-1401,1677,48,-2.2353406818397747,1.8426278596176655
118,1575331200,358,79,-279,437,49,0.3184173522678697,-0.5571023013934335
118,1575345600,41,10,-31,51,49,0.7785093855007388,-1.2033458711253457
118,1575374400,591,626,35,1217,49,0.9009532330546475,0.7487784871840057
118,1575388800,960,168,-792,1128,49,-0.633305280992057,0.5997741407950415
118,1575403200,1842,184,-1658,2026,49,-2.239916977684253,2.1032112537982988
118,1575417600,551,70,-481,621,49,-0.05633502963954781,-0.249048371780294
118,1575432000,45,17,-28,62,49,0.7840750149350074,-1.1849296035941255
118,1575446400,76,89,13,165,49,0.8601386172033446,-1.0124863712563354
118,1575460800,515,604,89,1119,49,1.0011345628714818,0.5847062855422249
118,1575475200,1057,205,-852,1262,49,-0.7446178696774285,0.8241177634480888
118,1575489600,1813,110,-1703,1923,49,-2.323401419198282,1.9307680214605085
118,1575504000,636,88,-548,724,49,-0.18063408700487937,-0.07660513944250394
118,1575518400,69,20,-49,89,49,0.7451156088951273,-1.1397260378356757
118,1575532800,87,89,2,176,49,0.8397313092776931,-0.9940701037251152
118,1575547200,500,589,89,1089,49,1.0011345628714818,0.5344801013661695
118,1575561600,997,228,-769,1225,49,-0.5906354553293313,0.7621721362976205
118,1575576000,1761,168,-1593,1929,49,-2.1193283399417675,1.9408132582957196
118,1575590400,601,73,-528,674,49,-0.1435298907764222,-0.1603154464025962
118,1575604800,84,20,-64,104,49,0.7172874617237844,-1.114612945747648
118,1575619200,92,76,-16,168,49,0.8063375326720816,-1.0074637528387298
118,1575633600,517,513,-4,1030,49,0.828600050409156,0.4357019391532607
118,1575648000,1084,270,-814,1354,49,-0.6741198968433599,0.9781447282546586
118,1575662400,1767,188,-1579,1955,49,-2.0933554025818473,1.9843426179149675
118,1575676800,814,106,-708,920,49,-0.47746765683253684,0.25153926384105774
118,1575691200,120,27,-93,147,49,0.6634863771925216,-1.0426220817619687
118,1575705600,47,37,-10,84,49,0.8174687915406188,-1.148097068531685
118,1575720000,290,232,-58,522,49,0.7284187205923216,-0.4147947795612767
118,1575734400,886,151,-735,1037,49,-0.5275583217409541,0.44742138212767363
118,1575748800,1009,88,-921,1097,49,-0.8726273466656058,0.5478737504797844
118,1575763200,461,60,-401,521,49,0.09208175527428092,-0.4164689857004785
118,1575777600,97,43,-54,140,49,0.7358395598380131,-1.0543415247363817
118,1575792000,33,23,-10,56,49,0.8174687915406188,-1.1949748404293365
118,1575806400,206,189,-17,395,49,0.8044823228606588,-0.627418959239911
118,1575820800,704,143,-561,847,49,-0.20475181455337654,0.12932221567932303
118,1575835200,816,66,-750,882,49,-0.5553864689122969,0.1879194305513876
118,1575849600,346,38,-308,384,49,0.2646162677366068,-0.6458352267711314
118,1575864000,35,17,-18,52,49,0.802627113049236,-1.2016716649861439
118,1575878400,87,75,-12,162,49,0.8137583719177731,-1.0175089896739409
118,1575892800,474,509,35,983,49,0.9009532330546475,0.35701425061077396
118,1575907200,872,151,-721,1023,49,-0.501585384381034,0.4239824961788478
118,1575921600,1677,103,-1574,1780,49,-2.084079353524733,1.6913565435546447
118,1575936000,467,63,-404,530,50,0.09876006511003825,-0.4165617899628151
118,1575950400,41,18,-23,59,50,0.7602747414979961,-1.1836124582160412
118,1575964800,80,83,3,163,50,0.8054174753197466,-1.0142424592811463
118,1575979200,473,621,148,1094,50,1.0571750293256623,0.5019447427225766
118,1575993600,863,157,-706,1020,50,-0.42559015081952417,0.38143147424967055
118,1576008000,1644,134,-1510,1778,50,-1.8215423813074985,1.615878197255924
118,1576022400,560,72,-488,632,50,-0.04708569031407844,-0.2504489063920528
118,1576036800,48,21,-27,69,50,0.7533297055254191,-1.167326881395378
118,1576051200,83,71,-12,154,50,0.7793735904225828,-1.028899478419743
118,1576065600,440,530,90,970,50,0.956472007723296,0.3000035901463557
118,1576080000,831,136,-695,967,50,-0.4064913018949375,0.2951179171001568
118,1576094400,2210,116,-2094,2326,50,-2.8355176333037386,2.508327807028255
118,1576108800,900,78,-822,978,50,-0.6269961940242568,0.31303205160288605
118,1576123200,86,15,-71,101,50,0.6769343098270724,-1.1152130355692567
118,1576137600,115,98,-17,213,50,0.7706922954568616,-0.9328145751778314
118,1576152000,703,567,-136,1270,50,0.5640774752726962,0.7885708947662449
118,1576166400,1248,139,-1109,1387,50,-1.1253025250566555,0.9791121435680017
118,1576180800,1938,118,-1820,2056,50,-2.359782669182215,2.0686172328703547
118,1576195200,612,77,-535,689,50,-0.12868986299185803,-0.15762111851427385
118,1576209600,71,21,-50,92,50,0.7133957486831015,-1.1298700547078533
118,1576224000,81,81,0,162,50,0.8002086983403138,-1.0158710169632126
118,1576238400,458,495,37,953,50,0.8644502810866509,0.27231810955122865
118,1576252800,919,170,-749,1089,50,-0.5002492875247267,0.49380195431224505
118,1576267200,1662,202,-1460,1864,50,-1.734729431650286,1.7559341579136256
118,1576281600,668,123,-545,791,50,-0.1460524529233005,0.00849176505648847
118,1576296000,103,33,-70,136,50,0.6786705688202166,-1.0582135166969362
118,1576310400,52,48,-4,100,50,0.7932636623677368,-1.116841593251323
118,1576324800,283,317,34,600,50,0.8592415041072182,-0.3025627522181743
118,1576339200,963,239,-724,1202,50,-0.4568428126961206,0.6778289723857367
118,1576353600,1078,178,-900,1256,50,-0.762424395489508,0.7657710872173167
118,1576368000,507,85,-422,592,50,0.06750740323344182,-0.3155912136747047
118,1576382400,107,34,-73,141,50,0.6734617918407838,-1.0500707282866049
118,1576396800,33,40,7,73,50,0.8123625112923235,-1.160812650667113
118,1576411200,256,268,12,524,50,0.8210438062580447,-0.4263331360552129
118,1576425600,832,197,-635,1029,50,-0.30231576230628265,0.39608849338826724
118,1576440000,858,123,-735,981,50,-0.47594166162070733,0.31791772464908497
118,1576454400,414,66,-348,480,50,0.19599056872611606,-0.49798967406613
118,1576468800,38,20,-18,58,50,0.7689560364637174,-1.1852410158981075
118,1576483200,84,74,-10,158,50,0.7828461084088714,-1.0223852476914776
118,1576497600,499,565,66,1064,50,0.9148017918878341,0.45308801226058765
118,1576512000,1022,214,-808,1236,50,-0.6026885681202373,0.7331999335759908
118,1576526400,1850,116,-1734,1966,50,-2.2104643957718095,1.922047041484388
118,1576540800,511,79,-432,590,51,-0.015230458569163566,-0.3134503223528914
118,1576555200,44,20,-24,64,51,0.7390734086018965,-1.186464003822896
118,1576569600,70,79,9,149,51,0.8000832802113205,-1.0453876484522677
118,1576584000,505,578,73,1083,51,0.9184054554538398,0.5047925387967516
118,1576598400,867,183,-684,1050,51,-0.481124023586583,0.4500217184763901
118,1576612800,1617,153,-1464,1770,51,-1.923175534354786,1.6450214345570047
118,1576627200,541,93,-448,634,51,-0.04481100237979337,-0.24042256192574274
118,1576641600,57,15,-42,72,51,0.705795296814938,-1.1731862291997779
118,1576656000,82,92,10,174,51,0.8019320641994848,-1.0038946027550242
118,1576670400,478,631,153,1109,51,1.066308174506989,0.5479453063218849
118,1576684800,999,188,-811,1187,51,-0.7159195900834572,0.6774036088972848
118,1576699200,1812,143,-1669,1955,51,-2.3021762519284805,1.952069972716607
118,1576713600,604,89,-515,693,51,-0.16867952958680568,-0.14249897408024795
118,1576728000,67,17,-50,84,51,0.6910050249096231,-1.153269567265101
118,1576742400,76,58,-18,134,51,0.7501661125308827,-1.070283475870614
118,1576756800,470,534,64,1004,51,0.9017663995603604,0.37367451439346194
118,1576771200,935,189,-746,1124,51,-0.5957486308527735,0.572841133740231
118,1576785600,1767,132,-1635,1899,51,-2.239317596330892,1.8591255503547814
118,1576800000,655,102,-553,757,51,-0.23893332113705149,-0.03627677709530443
118,1576814400,79,17,-62,96,51,0.6688196170516507,-1.133352905330424
118,1576828800,86,72,-14,158,51,0.7575612484835401,-1.0304501520012601
118,1576843200,501,928,427,1429,51,1.5728749872640244,1.0790562912466024
118,1576857600,1077,525,-552,1602,51,-0.2370845371488871,1.366188167471528
118,1576872000,1846,173,-1673,2019,51,-2.309571387881138,2.0582921697015504
118,1576886400,729,105,-624,834,51,-0.37019698429672127,0.09152180365220575
118,1576900800,90,23,-67,113,51,0.6595756971108289,-1.1051376342562986
118,1576915200,38,49,11,87,51,0.8037808481876493,-1.148290401781432
118,1576929600,331,293,-38,624,51,0.7131904327675954,-0.25701978020464017
118,1576944000,963,151,-812,1114,51,-0.7177683740716215,0.5562439154613337
118,1576958400,1059,144,-915,1203,51,-0.9081931248525509,0.7039591581435207
118,1576972800,493,68,-425,561,51,-0.002288970652013026,-0.3615822553616939
118,1576987200,69,26,-43,95,51,0.7039465128267737,-1.1350126271583139
118,1577001600,32,37,5,69,51,0.7926881442586631,-1.1781653946834472
118,1577016000,253,253,0,506,51,0.7834442243178412,-0.45286695589562975
118,1577030400,818,192,-626,1010,51,-0.37389455227304996,0.3836328453608004
118,1577044800,936,118,-818,1054,51,-0.7288610780006076,0.4566606057879491
118,1577059200,380,57,-323,437,51,0.186286996140752,-0.567387762020022
118,1577073600,50,12,-38,62,51,0.7131904327675954,-1.1897834474786755
118,1577088000,61,75,14,136,51,0.8093272001521423,-1.0669640322148344
118,1577102400,453,411,-42,864,51,0.705795296814938,0.141313458488898
118,1577116800,1152,210,-942,1362,51,-0.9581102925329886,0.9678549287779897
118,1577131200,1602,143,-1459,1745,51,-1.9139316144139642,1.6035283888597611
118,1577145600,553,97,-456,650,52,-0.2936452326704874,-0.13041864188274685
118,1577160000,49,35,-14,84,52,0.7548194688335618,-1.1086664780700646
118,1577174400,54,55,1,109,52,0.7904008501063237,-1.0654576513833456
118,1577188800,359,359,0,718,52,0.7880287580214729,-0.012890633294871227
118,1577203200,1106,232,-874,1338,52,-1.2851797241381178,1.0586882685357595
118,1577217600,1229,237,-992,1466,52,-1.565086590150511,1.2799174611717605
118,1577232000,436,86,-350,522,52,-0.042203471676303686,-0.35164783451874804
118,1577246400,42,17,-25,59,52,0.7287264559002031,-1.1518753047567836
118,1577260800,35,23,-12,58,52,0.7595636530032633,-1.1536036578242523
118,1577275200,219,212,-7,431,52,0.7714241134275174,-0.5089279636584051
118,1577289600,759,292,-467,1051,52,-0.3197382456038461,0.5626509381722256
118,1577304000,858,298,-560,1156,52,-0.5403428094949696,0.7441280102564453
118,1577318400,500,78,-422,578,52,-0.21299410178556058,-0.2548600627404975
118,1577332800,40,17,-23,57,52,0.7334706400699047,-1.155332010891721
118,1577347200,51,48,-3,99,52,0.7809124817669205,-1.082741182058033
118,1577361600,308,236,-72,544,52,0.617238127912216,-0.3136240670344353
118,1577376000,971,373,-598,1344,52,-0.6304823087192997,1.069058386940572
118,1577390400,1464,533,-931,1997,52,-1.4203889729746129,2.1976729399976715
118,1577404800,603,176,-427,779,52,-0.22485456220981453,0.09253890382072308
118,1577419200,49,33,-16,82,52,0.7500752846638602,-1.1121231842050021
118,1577433600,53,201,148,254,52,1.1390983865793898,-0.8148464566003755
118,1577448000,334,653,319,987,52,1.5447261330888749,0.452036341854225
118,1577462400,1031,240,-791,1271,52,-1.0882960810955022,0.9428886130153525
118,1577476800,1589,188,-1401,1777,52,-2.5352722528544844,1.8174352651545445
