remote_unit_id,time_stamp,entries,exits,num_people_exited,sum_exit_entry,week_num,z_score_num_people_exited,z_score_sum_exit_entry
159,1546300800,0,0,0,0,1,0.20353502398582426,-1.159376353474823
159,1546315200,79,132,53,211,1,0.4185819964771054,-0.7177161252732414
159,1546329600,14,32,18,46,1,0.2765698448319197,-1.063090237374004
159,1546344000,141,63,-78,204,1,-0.11294919968058956,-0.7323683603320615
159,1546358400,303,203,-100,506,1,-0.20221398071470625,-0.10022907636581692
159,1546372800,233,209,-24,442,1,0.10615526285769693,-0.2341923683321734
159,1546387200,74,132,58,206,1,0.43886944671213196,-0.7281820074581129
159,1546401600,19,17,-2,36,1,0.19542004389181364,-1.0840220017437474
159,1546416000,117,163,46,280,1,0.39017956614806826,-0.5732869511220132
159,1546430400,386,725,339,1111,1,1.5790241499206228,1.1661426680036466
159,1546444800,584,390,-194,974,1,-0.583618045133205,0.8793774961381648
159,1546459200,943,355,-588,1298,1,-2.1822691236532954,1.5575666617178445
159,1546473600,162,176,14,338,1,0.2603398846438985,-0.45188271777750266
159,1546488000,30,22,-8,52,1,0.17107510360978181,-1.0505311787521583
159,1546502400,130,180,50,310,1,0.4064095263360895,-0.5104916580127836
159,1546516800,488,804,316,1292,1,1.485701878839501,1.5450076030959987
159,1546531200,585,424,-161,1009,1,-0.44972087358202995,0.9526386714322661
159,1546545600,1070,330,-740,1400,1,-2.799007610798102,1.7710706582892253
159,1546560000,163,176,13,339,1,0.2562823945968932,-0.44978954134052834
159,1546574400,35,26,-9,61,1,0.1670176135627765,-1.0316925908193892
159,1546588800,191,248,57,439,1,0.4348119566651266,-0.24047189764309637
159,1546601681,416,731,315,1147,1,1.4816443887924955,1.2414970197347222
159,1546603200,58,50,-8,108,1,0.17107510360978181,-0.9333132982815963
159,1546617600,631,417,-214,1048,1,-0.6647678460733111,1.0342725524742646
159,1546632000,982,339,-643,1321,1,-2.405431076238587,1.605709719768254
159,1546646400,165,235,70,400,1,0.4875593272761956,-0.3221057786850948
159,1546660800,26,59,33,85,1,0.3374321955369993,-0.9814563563320057
159,1546675200,27,47,20,74,1,0.28468482492593034,-1.0044812971387231
159,1546689600,249,278,29,527,1,0.32120223534897807,-0.05627237118935619
159,1546704000,411,289,-122,700,1,-0.29147876174882303,0.3058471524072012
159,1546718400,419,278,-141,697,1,-0.3685710726419238,0.2995676230962782
159,1546732800,106,198,92,304,1,0.5768241083103123,-0.5230507166346295
159,1546747200,33,42,9,75,1,0.240052434408872,-1.0023881207017489
159,1546761600,20,37,17,57,1,0.2725123547849144,-1.0400652965672865
159,1546776000,206,152,-54,358,1,-0.015569438552462223,-0.41001918903801626
159,1546790400,441,306,-135,747,1,-0.34422613235989197,0.4042264449449942
159,1546804800,316,327,11,643,1,0.24816741450288263,0.18653609549966493
159,1546819200,109,168,59,277,1,0.44292693675913725,-0.5795664804329362
159,1546833600,22,19,-3,41,1,0.19136255384480835,-1.0735561195588756
159,1546848000,169,209,40,378,1,0.36583462586603643,-0.36815566029852986
159,1546862400,551,1024,473,1575,1,2.1227278162193337,2.1373765347597313
159,1546876800,695,375,-320,1070,1,-1.0948617910558733,1.0803224340876996
159,1546891200,1188,443,-745,1631,1,-2.819295061033128,2.2545944152302932
159,1546905600,218,184,-34,402,2,0.12814224538505134,-0.5652664176130705
159,1546920000,28,28,0,56,2,0.23300592814141427,-1.1454240262544393
159,1546934400,177,193,16,370,2,0.2823535435561733,-0.6189226126319254
159,1546948800,548,1027,479,1575,2,1.7103501646207626,1.40156848104683
159,1546963200,624,433,-191,1057,2,-0.35608123087227156,0.5330088241791161
159,1546977600,1335,456,-879,1791,2,-2.47802869370691,1.7637477974241007
159,1546992000,230,185,-45,415,2,0.09421575978740451,-0.5434685883866607
159,1547006400,31,32,1,63,2,0.23609015410483672,-1.1336867335940648
159,1547020800,180,200,20,380,2,0.29469044740986305,-0.6021550516885332
159,1547035200,570,1022,452,1592,2,1.6270760636083568,1.4300733346505967
159,1547049600,727,438,-289,1165,2,-0.6583353752876706,0.7140984823677514
159,1547064000,1276,467,-809,1743,2,-2.262132876267339,1.6832635048958184
159,1547078400,230,193,-37,423,2,0.11888956749478403,-0.5300545396319469
159,1547092800,27,22,-5,49,2,0.21758479832430208,-1.1571613189148138
159,1547107200,173,203,30,376,2,0.32553270704408743,-0.60886207606589
159,1547121600,586,1039,453,1625,2,1.630160289571779,1.4854062857637909
159,1547136000,741,458,-283,1199,2,-0.639830019507136,0.7711081895752848
159,1547150400,1299,506,-793,1805,2,-2.2127852608525798,1.7872223827448497
159,1547164800,248,185,-63,433,2,0.03869969244580061,-0.5132869786885548
159,1547179200,32,20,-12,52,2,0.195995216580345,-1.152131050631796
159,1547193600,151,189,38,340,2,0.35020651475146697,-0.6692252954621019
159,1547208000,508,955,447,1463,2,1.6116549337912445,1.2137717984808378
159,1547222400,725,458,-267,1183,2,-0.590482404092377,0.7442800920658573
159,1547236800,1134,434,-700,1568,2,-1.925952246254293,1.3898311883864556
159,1547251200,211,215,4,426,2,0.24534283199510404,-0.5250242713489293
159,1547265600,33,43,10,76,2,0.2638481877756387,-1.111888904367655
159,1547280000,41,56,15,97,2,0.27926931759275087,-1.0766770263865315
159,1547294400,275,297,22,572,2,0.30085889933670795,-0.2802178815754037
159,1547308800,452,304,-148,756,2,-0.2234595144451067,0.02830523978301205
159,1547323200,437,297,-140,734,2,-0.1987857067377272,-0.008583394292450704
159,1547337600,183,175,-8,358,2,0.20833212043403476,-0.639043685763996
159,1547352000,33,66,33,99,2,0.3347853849343548,-1.073323514197853
159,1547366400,20,30,10,50,2,0.2638481877756387,-1.1554845628204746
159,1547380800,219,187,-32,406,2,0.13431069731189624,-0.5585593932357136
159,1547395200,423,359,-64,782,2,0.03561546648237818,0.07190089823583168
159,1547409600,319,248,-71,567,2,0.014025884738421103,-0.2886016620470998
159,1547424000,79,161,82,240,2,0.4859124571420542,-0.8369009048960235
159,1547438400,25,9,-16,34,2,0.18365831272665525,-1.1823126603299021
159,1547452800,166,189,23,355,2,0.30394312530013035,-0.6440739540470136
159,1547467200,529,1081,552,1610,2,1.9354986599506006,1.4602549443487027
159,1547481600,677,461,-216,1138,2,-0.4331868799578326,0.6688260678205926
159,1547496000,1188,430,-758,1618,2,-2.1048373521327948,1.4736689931034164
159,1547510400,218,173,-45,391,3,0.08400396096082689,-0.613518629081085
159,1547524800,26,26,0,52,3,0.23651835694157886,-1.1895343389957893
159,1547539200,181,200,19,381,3,0.3009133241334519,-0.6305102429428757
159,1547553600,579,1050,471,1629,3,1.8328357015401162,1.4900431670086018
159,1547568000,659,493,-166,1152,3,-0.32609030378741727,0.6795431858011861
159,1547582400,1324,494,-830,1818,3,-2.5765249467034015,1.811184668996446
159,1547596800,251,259,8,510,3,0.263632027338157,-0.4113184241257759
159,1547611200,28,29,1,57,3,0.2399075657411511,-1.181038532064894
159,1547625600,161,206,45,367,3,0.3890327529223308,-0.6542985023493827
159,1547640000,574,1119,545,1693,3,2.0836371527084636,1.598789495724062
159,1547654400,761,478,-283,1239,3,-0.7226277333373724,0.827370226398765
159,1547668800,1328,518,-810,1846,3,-2.508740770711956,1.8587611878094599
159,1547683200,260,225,-35,485,3,0.11789604895654955,-0.4537974587802526
159,1547697600,37,26,-11,63,3,0.19923706014628392,-1.1708435637478196
159,1547712000,161,191,30,352,3,0.3381946209287468,-0.6797859231420688
159,1547726400,585,1095,510,1680,3,1.9650148447234346,1.5767003977037342
159,1547740800,703,534,-169,1237,3,-0.33625793018613404,0.8239719036264069
159,1547755200,1409,539,-870,1948,3,-2.712093298686292,2.032075649199725
159,1547769600,392,242,-150,634,3,-0.271862962994261,-0.20062241223957142
159,1547784000,31,37,6,68,3,0.25685360973901245,-1.1623477568169243
159,1547798400,170,184,14,354,3,0.2839672801355906,-0.6763876003697106
159,1547812800,592,975,383,1567,3,1.5345853271777565,1.3846951610654994
159,1547827200,830,606,-224,1436,3,-0.5226644141626087,1.1621050194760416
159,1547841600,1026,390,-636,1416,3,-1.919018439586382,1.1281217917524602
159,1547856000,331,230,-101,561,3,-0.10579173181521999,-0.3246611934306434
159,1547870400,30,74,44,104,3,0.38564354412275853,-1.1011779469144778
159,1547884800,35,55,20,90,3,0.3043025329330242,-1.1249662063209847
159,1547899200,305,335,30,640,3,0.3381946209287468,-0.190427443922497
159,1547913600,560,354,-206,914,3,-0.4616586557703079,0.27514277589056774
159,1547928000,518,360,-158,878,3,-0.29897663339083913,0.2139729659881213
159,1547942400,238,224,-14,462,3,0.18906943374756713,-0.4928781706623712
159,1547956800,31,50,19,81,3,0.3009133241334519,-1.1402586587965964
159,1547971200,31,37,6,68,3,0.25685360973901245,-1.1623477568169243
159,1547985600,263,238,-25,501,3,0.1517881369522722,-0.4266108766013875
159,1548000000,502,298,-204,800,3,-0.4548802381711634,0.08143837786615395
159,1548014400,460,389,-71,849,3,-0.004115467828052016,0.1646972857889283
159,1548028800,130,225,95,355,3,0.558493192900944,-0.6746884389835315
159,1548043200,27,33,6,60,3,0.25685360973901245,-1.1759410479063568
159,1548057600,40,77,37,117,3,0.36191908252575267,-1.07908884889415
159,1548072000,292,336,44,628,3,0.38564354412275853,-0.21081738055664584
159,1548086400,550,562,12,1112,3,0.27718886253644603,0.6115767303540233
159,1548100800,630,362,-268,992,3,-0.6717896013437884,0.4076773640125351
159,1548115200,124,219,95,343,4,0.37789084441539017,-0.8464802453101125
159,1548129600,23,27,4,50,4,0.16759690042068703,-1.2154511258281857
159,1548144000,145,186,41,331,4,0.25310103149545643,-0.8615916806896923
159,1548158400,560,1326,766,1886,4,1.928519816068641,1.0965984872475225
159,1548172800,820,622,-198,1442,4,-0.2992094367983244,0.5374753782030702
159,1548187200,1547,542,-1005,2089,4,-2.16412386321289,1.3522336024187473
159,1548201600,485,292,-193,777,4,-0.2876548244909231,-0.2999499990819766
159,1548216000,40,34,-6,74,4,0.14448767580588448,-1.185228255069026
159,1548230400,180,210,30,390,4,0.22768088441917364,-0.7872937900734249
159,1548244800,636,1355,719,1991,4,1.8199064603790691,1.2288235468188458
159,1548259200,847,759,-88,1606,4,-0.0450079660354964,0.7439983283906607
159,1548273600,1681,574,-1107,2255,4,-2.3998379542838757,1.561275125169601
159,1548288000,535,304,-231,839,4,-0.3754698780271728,-0.22187424962081437
159,1548302400,30,33,3,63,4,0.16528597795920677,-1.1990804041669743
159,1548316800,156,204,48,360,4,0.26927748872581825,-0.8250723785223745
159,1548331200,653,1414,761,2067,4,1.9169652037612397,1.324529304222851
159,1548345600,891,729,-162,1620,4,-0.21601622818503524,0.7616283363335038
159,1548360000,1734,801,-933,2535,4,-1.9977374459863115,1.913875284026463
159,1548374400,526,280,-246,806,4,-0.4101337149493766,-0.2634306969146588
159,1548388800,50,40,-10,90,4,0.13524398595996345,-1.1650796745629197
159,1548403200,152,211,59,363,4,0.294697635802101,-0.8212945196774795
159,1548417600,740,1281,541,2021,4,1.4085622622355838,1.2666021352677952
159,1548432000,1157,659,-498,1816,4,-0.9924861752424008,1.008448447533307
159,1548446400,1593,632,-961,2225,4,-2.062443274907759,1.5234965367206517
159,1548460800,286,417,131,703,4,0.4610840530286794,-0.3931371839227187
159,1548475200,46,100,54,146,4,0.2831430234946998,-1.0945596427915474
159,1548489600,49,106,57,155,4,0.29007579087914054,-1.0832260662568625
159,1548504000,401,416,15,817,4,0.19301704749696982,-0.24957854781671066
159,1548518400,694,460,-234,1154,4,-0.38240264541161356,0.1748009290931552
159,1548532800,685,455,-230,1140,4,-0.37315895556569256,0.15717092115031212
159,1548547200,285,370,85,655,4,0.35478161980058764,-0.45358292544103784
159,1548561600,37,122,85,159,4,0.35478161980058764,-1.078188921130336
159,1548576000,22,58,36,80,4,0.24154641918805517,-1.1776725373792363
159,1548590400,330,301,-29,631,4,0.09133645919183862,-0.4838057962001974
159,1548604800,617,441,-176,1058,4,-0.2483691426457588,0.05390944605651685
159,1548619200,510,430,-80,940,4,-0.026520586343654364,-0.09468633517601778
159,1548633600,139,272,133,411,4,0.46570589795163986,-0.7608487781591603
159,1548648000,19,34,15,53,4,0.19301704749696982,-1.2116732669832908
159,1548662400,144,208,64,352,4,0.3062522481095023,-0.8351466687754276
159,1548676800,662,1398,736,2060,4,1.8591921422242335,1.3157143002514295
159,1548691200,866,799,-67,1665,4,0.003521405655588947,0.8182962190069281
159,1548705600,1661,759,-902,2420,4,-1.9260988496804237,1.7690573616388232
159,1548720000,646,143,-503,789,5,-0.9307518312960238,-0.2942777529590608
159,1548734400,79,37,-42,116,5,0.14038277258096196,-1.15336217673413
159,1548748800,161,164,3,325,5,0.24494038033468074,-0.8865737004057653
159,1548763200,660,1421,761,2081,5,2.0061551953862105,1.3549601007071936
159,1548777600,876,757,-119,1633,5,-0.0385269117976235,0.7830881514483068
159,1548792000,1764,731,-1033,2495,5,-2.1622081003953784,1.8834310538169687
159,1548806400,631,183,-448,814,5,-0.8029591995970341,-0.2623652557905961
159,1548820800,65,37,-28,102,5,0.17291180610434115,-1.1712331751484701
159,1548835200,181,205,24,386,5,0.2937339306197495,-0.8087072073147115
159,1548849600,729,1458,729,2187,5,1.9318031187613438,1.490269088701484
159,1548864000,908,866,-42,1774,5,0.14038277258096196,0.9630746354784476
159,1548878400,1783,665,-1118,2448,5,-2.3597058039301806,1.8234355591402553
159,1548892800,608,135,-473,743,5,-0.8610467594602113,-0.35299674774903583
159,1548907200,45,26,-19,71,5,0.1938233276550849,-1.2108046716373664
159,1548921600,162,185,23,347,5,0.29141042822522245,-0.8584907028975164
159,1548936000,540,1338,798,1878,5,2.0921247839837127,1.0958306236992608
159,1548950400,777,769,-8,1546,5,0.21938185399488283,0.6720326613020497
159,1548964800,1601,662,-939,2263,5,-1.9437988753098323,1.5872830800936166
159,1548979200,616,141,-475,757,5,-0.8656937642492654,-0.3351257493346956
159,1548993600,61,40,-21,101,5,0.18917632286603073,-1.1725096750352089
159,1549008000,160,192,32,352,5,0.3123219497759662,-0.8521082034638234
159,1549013450,332,534,202,866,5,0.7073173568455705,-0.1959872616801896
159,1549022400,438,638,200,1076,5,0.7026703520565164,0.07207771453491373
159,1549036800,1041,708,-333,1749,5,-0.5357564242264194,0.931162138309983
159,1549051200,1481,706,-775,2187,5,-1.5627444826073906,1.490269088701484
159,1549065600,467,382,-85,849,5,0.040472169616297356,-0.21768775975474558
159,1549080000,39,61,22,100,5,0.28908692583069534,-1.1737861749219474
159,1549094400,36,51,15,87,5,0.2728224090690058,-1.190380673449549
159,1549108800,343,498,155,841,5,0.5981127443027976,-0.22789975884865427
159,1549123200,708,413,-295,1121,5,-0.44746333323439025,0.12952020943815015
159,1549137600,783,510,-273,1293,5,-0.39634628055479443,0.34907818995718715
159,1549152000,363,339,-24,702,5,0.18220581568244948,-0.4053332431053179
159,1549166400,43,139,96,182,5,0.46102610302569963,-1.0691131842093833
159,1549180800,23,38,15,61,5,0.2728224090690058,-1.2235696705047523
159,1549195200,330,224,-106,554,5,-0.008321380668771408,-0.5942552263426288
159,1549209600,620,457,-163,1077,5,-0.1407610171568152,0.07335421442165231
159,1549224000,500,427,-73,927,5,0.06835419835062237,-0.11812076858913577
159,1549238400,187,278,91,465,5,0.4494085910530642,-0.7078637162623631
159,1549252800,25,30,5,55,5,0.24958738512373493,-1.2312286698251838
159,1549267200,152,192,40,344,5,0.3309099689321829,-0.8623202025577321
159,1549281600,660,1433,773,2093,5,2.0340372241205356,1.3702780993480568
159,1549296000,849,803,-46,1652,5,0.13108876300285363,0.80734164929634
159,1549310400,1649,702,-947,2351,5,-1.962386894466049,1.6996150701266124
159,1549324800,645,252,-393,897,6,-0.7270853601957008,-0.26367457261344873
159,1549339200,35,36,1,71,6,0.21903467916251707,-1.2578489311729268
159,1549353600,163,217,54,380,6,0.3463046336954753,-0.8859362474018873
159,1549368000,681,1398,717,2079,6,1.9383797253058772,1.1589817128796545
159,1549382400,860,775,-85,1635,6,0.012521168033565958,0.6245829051309761
159,1549396800,1677,754,-923,2431,6,-1.9997849055252832,1.5826492361398679
159,1549411200,612,338,-274,950,6,-0.4413282924707568,-0.1998837239407461
159,1549425600,44,44,0,88,6,0.2166333592656688,-1.2373877155609279
159,1549440000,195,230,35,425,6,0.3006795556553582,-0.8317742060760077
159,1549454400,767,1437,670,2204,6,1.8255176901540087,1.3094318276737644
159,1549468800,908,840,-68,1748,6,0.05334360627998652,0.7605898089048514
159,1549483200,1782,810,-972,2592,6,-2.1174495804708484,1.7764289839946814
159,1549497600,622,289,-333,911,6,-0.5830061663848046,-0.2468241597565084
159,1549512000,32,27,-5,59,6,0.20462675978142744,-1.2722921421931614
159,1549526400,188,197,9,385,6,0.2382452383373032,-0.8799182428101229
159,1549540800,731,1427,696,2158,6,1.8879520074720637,1.2540661854295319
159,1549555200,972,847,-125,1819,6,-0.08353162784036479,0.8460454741079059
159,1549569600,1817,749,-1068,2566,6,-2.3479762905682824,1.7451353601175066
159,1549584000,604,389,-215,993,6,-0.299650418556709,-0.14812888445157232
159,1549598400,59,70,11,129,6,0.24304787813099976,-1.18804007790846
159,1549612800,208,214,6,422,6,0.2310412786467584,-0.8353850088310663
159,1549627200,821,1256,435,2077,6,1.2612075143946655,1.1565745110429486
159,1549641600,1049,707,-342,1756,6,-0.604618045456439,0.7702186162516744
159,1549656000,1604,678,-926,2282,6,-2.006988865215828,1.403312699305289
159,1549670400,482,449,-33,931,6,0.13738980266967593,-0.22275214138945082
159,1549684800,55,122,67,177,6,0.37752179235450284,-1.1302672338275217
159,1549699200,57,64,7,121,6,0.23344259854360666,-1.197668885255283
159,1549713600,477,586,109,1063,6,0.4783772280221301,-0.06387682016687077
159,1549728000,799,498,-301,1297,6,-0.50616392968566,0.21776579472770294
159,1549742400,862,540,-322,1402,6,-0.5565916475194737,0.34414389115475524
159,1549756800,323,406,83,729,6,0.41594291070407513,-0.4658795268967324
159,1549771200,54,112,58,166,6,0.3559099132828684,-1.1435068439294034
159,1549785600,23,43,20,66,6,0.2646597572026342,-1.2638669357646912
159,1549800000,366,286,-80,652,6,0.0245277675178073,-0.5585567976099041
159,1549814400,595,524,-71,1119,6,0.04613964658944172,0.003524831260890457
159,1549828800,557,443,-114,1000,6,-0.05711710897503383,-0.13970367802310216
159,1549843200,182,253,71,435,6,0.3871270719418959,-0.8197381968924788
159,1549857600,35,31,-4,66,6,0.20702807967827572,-1.2638669357646912
159,1549872000,171,220,49,391,6,0.334298034211234,-0.8726966373000056
159,1549886400,679,1434,755,2113,6,2.0296298813861116,1.1999041441036524
159,1549900800,867,789,-78,1656,6,0.02933040731150384,0.6498585244163866
159,1549915200,1672,762,-910,2434,6,-1.9685677468662557,1.5862600388949266
159,1549929600,664,249,-415,913,7,-0.8294586852312508,-0.16850111507675472
159,1549944000,43,35,-8,78,7,0.19781160351208799,-1.2372226372161073
159,1549958400,176,214,38,390,7,0.3139158621906963,-0.8378919606802054
159,1549972800,647,1391,744,2038,7,2.0958638323449894,1.2713931512786603
159,1549987200,923,765,-158,1688,7,-0.18078924000511304,0.823426046190309
159,1550001600,1600,673,-927,2273,7,-2.12174956443663,1.5721710646951248
159,1550016000,625,247,-378,872,7,-0.7360704771636745,-0.22097726167281873
159,1550030400,49,25,-24,74,7,0.15742751353691986,-1.2423422612742598
159,1550044800,189,232,43,421,7,0.32653589030793634,-0.7982148742295229
159,1550046856,131,179,48,310,7,0.33915591842517634,-0.9402844418432572
159,1550059200,626,1314,688,1940,7,1.9545195174319008,1.1459623618539219
159,1550073600,951,845,-106,1796,7,-0.04954094758581669,0.9616558957604289
159,1550088000,1714,778,-936,2492,7,-2.1444656150476624,1.852470481878979
159,1550102400,703,286,-417,989,7,-0.8345066964781468,-0.07122825797185557
159,1550116800,59,28,-31,87,7,0.1397594741727838,-1.225703483085264
159,1550131200,194,203,9,397,7,0.2407196991107041,-0.8289326185784385
159,1550145600,732,1439,707,2171,7,2.002475624277413,1.4416206512122338
159,1550160000,950,797,-153,1747,7,-0.168169211887873,0.8989405010480597
159,1550174400,1881,794,-1087,2675,7,-2.525590464188311,2.0866932825394597
159,1550188800,573,384,-189,957,7,-0.2590334143320013,-0.11218525043707626
159,1550203200,46,85,39,131,7,0.3164398678141443,-1.1693876184455854
159,1550217600,178,224,46,402,7,0.33410790717828037,-0.8225330885057477
159,1550232000,821,1292,471,2113,7,1.4068102971436833,1.3673861023690213
159,1550246400,1083,751,-332,1834,7,-0.6199662184850663,1.0102923243128783
159,1550260800,1393,685,-708,2078,7,-1.5689923329015167,1.3225893918601863
159,1550275200,496,426,-70,922,7,0.04132325485831156,-0.1569819609459114
159,1550289600,55,113,58,168,7,0.36439597465965645,-1.122031095907674
159,1550304000,56,51,-5,107,7,0.205383620382432,-1.200105362794501
159,1550318400,396,379,-17,775,7,0.1750955529010559,-0.345128145083019
159,1550332800,777,493,-284,1270,7,-0.4988139485595619,0.2884253321133637
159,1550347200,769,505,-264,1274,7,-0.4483338360906018,0.29354495617151627
159,1550361600,336,415,79,751,7,0.4174000927520646,-0.3758458894319345
159,1550376000,58,124,66,182,7,0.3845880196472405,-1.1041124117041399
159,1550390400,30,36,6,66,7,0.2331476822403601,-1.252581509390565
159,1550404800,363,261,-102,624,7,-0.039444925092024664,-0.5383939532782791
159,1550419200,655,519,-136,1174,7,-0.1252611162892569,0.16555435471770158
159,1550433600,561,529,-32,1090,7,0.13723546854933583,0.05804224949649725
159,1550448000,263,278,15,541,7,0.25586373285139213,-0.6446261524849453
159,1550462400,36,45,9,81,7,0.2407196991107041,-1.2333829191724928
159,1550476800,69,137,68,206,7,0.3896360308941365,-1.0733946673552244
159,1550491200,393,1028,635,1421,7,1.8207472193891565,0.4816911403086238
159,1550505600,750,812,62,1562,7,0.37449199715344844,0.6621578883585025
159,1550520000,1303,537,-766,1840,7,-1.7153846590615012,1.0179717604001073
159,1550534400,613,222,-391,835,8,-0.5804336214143611,-0.485924261618096
159,1550548800,46,21,-25,67,8,0.19183674067345288,-1.3810427895158317
159,1550563200,133,200,67,333,8,0.3859593453512641,-1.071014757717918
159,1550577600,652,1453,801,2105,8,1.9347201261503224,0.9942847623794617
159,1550592000,888,773,-115,1661,8,0.0019341926190724037,0.4767943634385833
159,1550606400,1651,672,-979,2323,8,-1.8211302687029802,1.248367886183767
159,1550620800,624,271,-353,895,8,-0.5002525455691782,-0.4159931266260854
159,1550635200,59,30,-29,89,8,0.18339662742659152,-1.3554013733520944
159,1550649600,148,194,46,342,8,0.34164875080524193,-1.0605250874691163
159,1550664000,702,1450,748,2152,8,1.8228886256294095,1.0490641514565366
159,1550678400,976,832,-144,1808,8,-0.05925662842067242,0.6481256441690093
159,1550692800,1598,616,-982,2214,8,-1.8274603536381262,1.1213263242816143
159,1550707200,611,269,-342,880,8,-0.47704223414030944,-0.433475910374088
159,1550721600,33,30,-3,63,8,0.23825736353119034,-1.3857048651819657
159,1550736000,155,199,44,354,8,0.33742869418181126,-1.0465388604707142
159,1550750400,697,1454,757,2151,8,1.8418788804348476,1.0478986325400033
159,1550764800,981,761,-220,1742,8,-0.21961878011103816,0.5712013956777976
159,1550779200,1588,875,-713,2463,8,-1.2598627377867002,1.4115405344984584
159,1550793600,675,345,-330,1020,8,-0.4517218943997254,-0.27030326205939664
159,1550808000,53,58,5,111,8,0.25513759002491304,-1.3297599571883572
159,1550822400,150,224,74,374,8,0.40072954353327145,-1.0232284821400441
159,1550836800,815,1264,449,2079,8,1.1919901604265233,0.9639812705495905
159,1550851200,1113,693,-420,1806,8,-0.6416244424541059,0.6457946063359422
159,1550865600,1453,726,-727,2179,8,-1.2894031341507148,1.0805331622029415
159,1551499200,46,121,75,167,9,0.5533563717554666,-1.0160038901649
159,1551513600,53,53,0,106,9,0.23108238475379278,-1.115947652161053
159,1551528000,442,597,155,1039,9,0.8971152912239186,0.4127003796817467
159,1551542400,714,518,-196,1232,9,-0.6111269679439147,0.7289158889482636
159,1551556800,854,542,-312,1396,9,-1.1095774011731703,0.9976171507084128
159,1551571200,626,387,-239,1013,9,-0.7958973871582078,0.37010139915879625
159,1551585600,61,111,50,172,9,0.4459317094215753,-1.007811778525871
159,1551600000,31,33,2,64,9,0.23967635774050408,-1.184761389928896
159,1551614400,367,301,-66,668,9,-0.05251872380768017,-0.1951543039342004
159,1551628800,708,500,-208,1208,9,-0.6626908058641826,0.6895937530809247
159,1551643200,631,461,-170,1092,9,-0.49940531911666786,0.49953676305545347
159,1551657600,254,235,-19,489,9,0.1494396413800354,-0.4884319006114364
159,1551672000,43,22,-21,65,9,0.1408456683933241,-1.1831229676010901
159,1551686400,113,147,34,260,9,0.3771799255278849,-0.8636306136789617
159,1551687695,53,84,31,137,9,0.3642889660478179,-1.0651565599990735
159,1551700800,487,1063,576,1550,9,2.706146604926648,1.249934189190504
159,1551715200,729,693,-36,1422,9,0.07639087099298934,1.0402161312313634
159,1551729600,1356,732,-624,2088,9,-2.450237187100133,2.1314054015500177
159,1551744000,649,192,-457,841,10,-0.9842429458805384,-0.23919097018570404
159,1551758400,39,24,-15,63,10,0.08080609929171807,-1.1790423580871068
159,1551772800,200,230,30,430,10,0.18923869438844101,-0.7356934386014836
159,1551787200,687,1422,735,2109,10,1.888016017570434,1.2925976671651682
159,1551801600,933,808,-125,1741,10,-0.18425135538916024,0.848040712476587
159,1551816000,1788,782,-1006,2570,10,-2.3071206060605585,1.849501895728853
159,1551830400,601,305,-296,906,10,-0.5962952167567075,-0.16066868199342746
159,1551844800,44,34,-10,78,10,0.09285416541357619,-1.1609218300427353
159,1551859200,194,218,24,412,10,0.17478101504221127,-0.7574380722547295
159,1551873600,760,1495,735,2255,10,1.888016017570434,1.468970806797051
159,1551888000,935,740,-195,1675,10,-0.3529242810951737,0.7683103890813523
159,1551902400,1637,813,-824,2450,10,-1.8685709992249233,1.7045376713738807
159,1551916800,598,313,-285,911,10,-0.5697894712886196,-0.15462850597863695
159,1551931200,42,31,-11,73,10,0.09044455218920457,-1.1669620060575256
159,1551945600,183,201,18,384,10,0.16032333569598156,-0.7912630579375562
159,1551946264,39,49,10,88,10,0.1410464299010086,-1.1488414780131542
159,1551960000,745,1340,595,2085,10,1.5506701661584068,1.2636048222941738
159,1551974400,998,784,-214,1782,10,-0.3987069323582345,0.8975701557978691
159,1551988800,1874,733,-1141,2607,10,-2.632418391350727,1.8941991982383026
159,1552003200,648,368,-280,1016,10,-0.5577414051667615,-0.027784809668036328
159,1552017600,54,66,12,120,10,0.14586565634975185,-1.110184351518495
159,1552032000,180,215,35,395,10,0.20128676051029912,-0.7779746707050171
159,1552046400,823,1318,495,2141,10,1.3097088437212447,1.3312547936598276
159,1552060800,1087,705,-382,1792,10,-0.8035219540526668,0.9096505078274502
159,1552075200,1591,781,-810,2372,10,-1.8348364140837206,1.610310925543149
159,1552089600,490,403,-87,893,10,-0.09268605286303863,-0.17637313963188278
159,1552104000,73,118,45,191,10,0.22538289275401532,-1.0244138521084698
159,1552118400,27,80,53,107,10,0.24465979854898828,-1.1258888091569503
159,1552132800,122,589,467,711,10,1.2422396734388395,-0.39623554657025717
159,1552147200,337,574,237,911,10,0.6880286318333666,-0.15462850597863695
159,1552161600,400,588,188,988,10,0.5699575838391572,-0.06160979535086316
159,1552176000,286,363,77,649,10,0.3024905159339072,-0.4711337291536595
159,1552194000,45,108,63,153,10,0.2687559307927045,-1.0703191898208777
159,1552208400,34,58,24,92,10,0.17478101504221127,-1.1440093372013218
159,1552222800,100,341,241,441,10,0.697667084730853,-0.7224050513689445
159,1552237200,224,488,264,712,10,0.7530881888914003,-0.3950275113672991
159,1552251600,255,392,137,647,10,0.4470673093962045,-0.47354979955957566
159,1552266000,149,184,35,333,10,0.20128676051029912,-0.8528728532884194
159,1552280400,15,17,2,32,10,0.12176952410603564,-1.216491449378808
159,1552294800,413,563,150,976,10,0.4783922813130355,-0.07610621778636037
159,1552309200,610,1134,524,1744,10,1.3795876272280219,0.8516648180854614
159,1552323600,1114,684,-430,1798,10,-0.9191833888225046,0.9168987190451988
159,1552338000,1359,644,-715,2003,10,-1.6059231577684165,1.1645459356516095
159,1552352400,375,192,-183,567,11,-0.22290595100407923,-0.5853710624440253
159,1552366800,20,16,-4,36,11,0.31698030532603283,-1.3421794934368747
159,1552381200,405,608,203,1013,11,0.9413180430932573,0.05029100953866938
159,1552395600,673,1200,527,1873,11,1.9185423282941305,1.2760071124649417
159,1552410000,1231,774,-457,2005,11,-1.0493240193529658,1.4641402817512996
159,1552424400,1406,698,-708,2104,11,-1.8063712279499387,1.605240158716068
159,1552438800,365,214,-151,579,11,-0.1263899722188078,-0.5682680470543564
159,1552453200,23,18,-5,41,11,0.3139641809889931,-1.3350532370245127
159,1552467600,360,607,247,967,11,1.0740275139230056,-0.015270549455061462
159,1552482000,675,1185,510,1860,11,1.867268214564455,1.2574788457928003
159,1552496400,1221,780,-441,2001,11,-1.0010660299603302,1.45843927662141
159,1552510800,1466,675,-791,2141,11,-2.0567095479242363,1.6579744561675474
159,1552525200,379,236,-143,615,11,-0.10226097752248994,-0.5169590008853496
159,1552539600,18,21,3,39,11,0.33809317568531094,-1.3379037395894575
159,1552554000,428,547,119,975,11,0.6879635987819198,-0.0038685391952821852
159,1552568400,751,1173,422,1924,11,1.6018492729049585,1.3486949278710345
159,1552582800,1339,767,-572,2106,11,-1.3961783181125351,1.6080906612810129
159,1552597200,1421,623,-798,2044,11,-2.0778224182835143,1.5197250817677235
159,1552611600,323,279,-44,602,11,0.19633533184444352,-0.535487267557491
159,1552626000,27,39,12,66,11,0.36523829471866853,-1.2994219549627024
159,1552640400,414,512,98,926,11,0.6246249877040855,-0.07370585203643025
159,1552654800,718,953,235,1671,11,1.0378340218785287,0.9881063534055149
159,1552669200,1196,565,-631,1761,11,-1.5741296539978793,1.1163789688280317
159,1552683600,1020,431,-589,1451,11,-1.4474524318422106,0.6745510712615848
159,1552698000,230,286,56,516,11,0.49794776554841674,-0.6580588778501182
159,1552712400,23,51,28,74,11,0.41349628411130424,-1.2880199447029232
159,1552726800,129,195,66,324,11,0.5281090089188141,-0.9317071240848208
159,1552741200,530,357,-173,887,11,-0.1927447076336819,-0.12929065205285423
159,1552755600,741,288,-453,1029,11,-1.0372595220048069,0.07309503005822793
159,1552770000,459,333,-126,792,11,-0.050986863792814495,-0.26468952388773315
159,1552784400,158,253,95,411,11,0.6155766146929663,-0.8077102625097212
159,1552798800,16,48,32,64,11,0.4255607814594632,-1.3022724575276474
159,1552813200,86,62,-24,148,11,0.2566578185852382,-1.182551349799965
159,1552827600,396,226,-170,622,11,-0.1836963346225627,-0.5069822419080428
159,1552842000,487,322,-165,809,11,-0.16861571293736405,-0.24046025208570218
159,1552856400,361,259,-102,620,11,0.021400120296139073,-0.5098327444729875
159,1552870800,122,147,25,269,11,0.404447911100185,-1.0100959446208033
159,1552885200,10,12,2,22,11,0.3350770513482712,-1.3621330113914885
159,1552899600,324,517,193,841,11,0.9111567997228599,-0.19485221104658507
159,1552914000,559,801,242,1360,11,1.058946892237807,0.5448532045565955
159,1552928400,942,481,-461,1423,11,-1.0613885167011248,0.6346440353523574
159,1552942800,996,490,-506,1486,11,-1.1971141118679127,0.7244348661481191
159,1552957200,327,173,-154,500,12,-0.20563205096880782,-0.6718218607082447
159,1552971600,24,33,9,57,12,0.35211637253850525,-1.4402909090506522
159,1552986000,312,610,298,922,12,1.341007749186441,0.060218632295132135
159,1553000400,603,824,221,1427,12,1.0775315000449495,0.936238653543249
159,1553014800,980,522,-458,1502,12,-1.2458499696572936,1.0663406368969297
159,1553029200,1001,730,-271,1731,12,-0.6059790788851,1.4635853594035015
159,1553043600,450,153,-297,603,12,-0.6949450850887205,-0.4931484702358565
159,1553058000,23,29,6,52,12,0.34185106413039523,-1.4489643746075642
159,1553072400,346,607,261,953,12,1.2144022788197502,0.11399411874798683
159,1553086800,598,827,229,1425,12,1.1049056557999095,0.9327692673204842
159,1553101200,1037,407,-630,1444,12,-1.8343943183889369,0.9657284364367499
159,1553115600,1037,553,-484,1590,12,-1.334815975860914,1.2189936306985818
159,1553130000,374,175,-199,549,12,-0.35961167709045866,-0.5868218982505067
159,1553144400,14,27,13,41,12,0.36580345041598533,-1.4680459988327708
159,1553158800,350,664,314,1014,12,1.395756060696361,0.21981039854231382
159,1553173200,590,808,218,1398,12,1.0672661916368393,0.8859325533131591
159,1553187600,1096,413,-683,1509,12,-2.0157481002655477,1.0784834886766066
159,1553202000,980,515,-465,1495,12,-1.2698023559428837,1.0541977851172528
159,1553216400,298,120,-178,418,12,-0.2877545182336883,-0.8140666958416023
159,1553230800,24,34,10,58,12,0.35553814200787526,-1.4385562159392697
159,1553245200,335,512,177,847,12,0.9269736433926685,-0.06988335105854858
159,1553259600,631,687,56,1318,12,0.5129395375988961,0.7471571044025663
159,1553274000,1056,451,-605,1507,12,-1.7488500816546864,1.0750141024538418
159,1553288400,915,429,-486,1344,12,-1.341659514799654,0.792259125298509
159,1553302800,249,278,29,527,12,0.42055176192590565,-0.6249851467009196
159,1553317200,11,43,32,54,12,0.4308170703340157,-1.4454949883847994
159,1553331600,109,127,18,236,12,0.3829122977628354,-1.1297808421132007
159,1553346000,451,334,-117,785,12,-0.07902658060211713,-0.17743432396425798
159,1553360400,552,441,-111,993,12,-0.05849596378589701,0.1833818432032832
159,1553374800,524,407,-117,931,12,-0.07902658060211713,0.07583087029757382
159,1553389200,227,268,41,495,12,0.4616129955583459,-0.6804953262651567
159,1553403600,9,64,55,73,12,0.5095177681295261,-1.4125358192685336
159,1553418000,76,53,-23,129,12,0.24261974951866466,-1.3153930050311187
159,1553432400,421,268,-153,689,12,-0.20221028149943782,-0.3439648626569693
159,1553446800,547,474,-73,1021,12,0.07153127605016371,0.23195325032199068
159,1553461200,448,395,-53,843,12,0.1399666654375641,-0.07682212350407822
159,1553475600,127,231,104,358,12,0.6771844721286571,-0.9181482825245468
159,1553490000,13,21,8,34,12,0.34869460306913524,-1.4801888506124476
159,1553504400,359,608,249,967,12,1.1733410451873099,0.13827982230734057
159,1553518800,643,1109,466,1752,12,1.915865020040604,1.500013914742532
159,1553533200,1096,647,-449,1743,12,-1.2150540444329634,1.4844016767400903
159,1553547600,1342,590,-752,1932,12,-2.251850193652079,1.812258674791366
159,1553562000,411,273,-138,684,13,-0.1452518372556812,-0.5930800334802215
159,1553576400,16,27,11,43,13,0.26401695947824627,-1.442247754660593
159,1553590800,352,622,270,974,13,0.9754305054788315,-0.20890118926445284
159,1553605200,692,1203,511,1895,13,1.6374021834176,1.0111978297794195
159,1553619600,1274,739,-535,2013,13,-1.2357197050635282,1.1675188767361806
159,1553634000,1525,628,-897,2153,13,-2.2300506071956203,1.352984525667931
159,1553648400,348,331,-17,679,13,0.18710738693764245,-0.5997038066563555
159,1553662800,20,26,6,46,13,0.2502831072388527,-1.4382734907549126
159,1553677200,358,596,238,954,13,0.8875338511467128,-0.2353962819689886
159,1553691600,739,1404,665,2143,13,2.060404832390921,1.339736979315663
159,1553706000,1250,778,-472,2028,13,-1.0626731668471696,1.1873901962645823
159,1553720400,1559,709,-850,2268,13,-2.1009523961453214,1.5053313087190117
159,1553734800,399,283,-116,682,13,-0.08482288740234961,-0.5957295427506751
159,1553749200,29,27,-2,56,13,0.22830894365582308,-1.4250259444026447
159,1553763600,369,565,196,934,13,0.7721694923358071,-0.26189137467352436
159,1553778000,751,1229,478,1980,13,1.5467587586376026,1.1238019737736966
159,1553792400,1255,772,-483,2027,13,-1.0928876417738353,1.1860654416293557
159,1553806800,1426,725,-701,2151,13,-1.6916835994113937,1.3503350163974774
159,1553821200,445,342,-103,787,13,-0.04911487157992641,-0.4566303060518623
159,1553835600,27,44,17,71,13,0.2804975821655185,-1.405154624874243
159,1553850000,402,551,149,953,13,0.643071281285508,-0.2367210366042154
159,1553864400,865,1042,177,1907,13,0.7199808538261117,1.027094885402141
159,1553878800,1372,770,-602,2142,13,-1.4197533250714016,1.3384122246804364
159,1553893200,1208,632,-576,1840,13,-1.3483372934265552,0.9383363248419462
159,1553907600,332,425,93,757,13,0.4892521362043003,-0.496372945108666
159,1553922000,39,105,66,144,13,0.41508933411157517,-1.3084475365026873
159,1553936400,130,189,59,319,13,0.39586194097642424,-1.0766154753379993
159,1553950800,584,479,-105,1063,13,-0.05460841247568383,-0.09099802672926864
159,1553965200,736,561,-175,1297,13,-0.24688234382719337,0.2189945579137999
159,1553979600,684,553,-131,1237,13,-0.12602444412053024,0.1395092798001926
159,1553994000,301,325,24,626,13,0.29972497530066944,-0.6699158023233752
159,1554008400,31,95,64,126,13,0.4095957932158178,-1.3322931199367696
159,1554022800,94,60,-34,154,13,0.14041228932370442,-1.2951999901504194
159,1554037200,503,414,-89,917,13,-0.010660085309624505,-0.2844122034723798
159,1554051600,747,570,-177,1317,13,-0.2523758847229508,0.24548965061833566
159,1554066000,512,438,-74,950,13,0.03054147140855611,-0.24069530050989577
159,1554080400,165,176,11,341,13,0.26401695947824627,-1.04747087336301
159,1554094800,17,12,-5,29,13,0.22006863231218693,-1.460794319553768
159,1554109200,386,531,145,917,13,0.6320841994939931,-0.2844122034723798
159,1554123600,645,1285,640,1930,13,1.9917355711939533,1.0575642420123572
159,1554138000,1129,719,-410,1848,13,-0.8923733990786897,0.9489343619237605
159,1554152400,1426,723,-703,2149,13,-1.6971771403071512,1.3476855071270237
159,1554166800,338,149,-189,487,14,-0.21078883284787256,-0.8230436398378916
159,1554181200,20,27,7,47,14,0.3388512279705268,-1.4028860577481597
159,1554195600,430,651,221,1081,14,0.9389684372314322,-0.04025637565902995
159,1554210000,675,1077,402,1752,14,1.4465442076810768,0.8440033116541287
159,1554224400,1247,788,-459,2035,14,-0.9679460594854636,1.2169474122645965
159,1554238800,1585,706,-879,2291,14,-2.145746189810605,1.554310273594207
159,1554253200,353,126,-227,479,14,-0.317351701782052,-0.833586229254442
159,1554267600,15,21,6,36,14,0.33604694194594315,-1.4173821181959163
159,1554282000,426,669,243,1095,14,1.000662729772273,-0.02180684418006688
159,1554296400,697,1183,486,1880,14,1.682104233746105,1.0126847423189338
159,1554310800,1295,774,-521,2069,14,-1.1418117930096512,1.2617534172849354
159,1554325200,1518,669,-849,2187,14,-2.0616176090730947,1.4172566111790528
159,1554339600,507,152,-355,659,14,-0.6763003129287619,-0.5963779673820597
159,1554354000,25,24,-1,49,14,0.31641693977385743,-1.400250410394022
159,1554368400,417,643,226,1060,14,0.9529898673543505,-0.06793067287747456
159,1554382800,691,1152,461,1843,14,1.6119970831315134,0.9639252662673886
159,1554397200,1300,819,-481,2119,14,-1.0296403520263044,1.327644601138375
159,1554411600,1523,811,-712,2334,14,-1.677430423705132,1.610976691708165
159,1554426000,613,214,-399,827,14,-0.7996888980104434,-0.37498358963450285
159,1554440400,33,31,-2,64,14,0.3136126537492738,-1.3804830552379903
159,1554454800,425,625,200,1050,14,0.8800784307151751,-0.08110890964816246
159,1554469200,873,1127,254,2000,14,1.0315098760426933,1.1708235835671887
159,1554483600,1289,702,-587,1991,14,-1.3268946706321734,1.1589631704735697
159,1554498000,1308,637,-671,1945,14,-1.5624546966972015,1.0983432813284053
159,1554512400,332,380,48,712,14,0.45382695497845726,-0.5265333124974138
159,1554526800,24,40,16,64,14,0.36408980219177983,-1.3804830552379903
159,1554541200,130,191,61,321,14,0.490282673298045,-1.041802370231311
159,1554555600,539,573,34,1112,14,0.4145669506342859,0.0005961583301025625
159,1554570000,722,449,-273,1171,14,-0.44634885891290094,0.07834775527716122
159,1554584400,743,430,-313,1173,14,-0.5585202998962477,0.0809834026312988
159,1554598800,283,280,-3,563,14,0.3108083677246901,-0.7228890403806636
159,1554613200,25,87,62,112,14,0.49308695932262864,-1.3172275187386882
159,1554627600,81,57,-24,138,14,0.25191836120843303,-1.2829641031348997
159,1554642000,458,382,-76,840,14,0.10609548793008218,-0.3578518818326085
159,1554656400,586,445,-141,1031,14,-0.0761831036678564,-0.1061475595124695
159,1554670800,478,402,-76,880,14,0.10609548793008218,-0.3051389347498569
159,1554685200,156,230,74,386,14,0.5267383916176327,-0.9561438312218395
159,1554699600,16,22,6,38,14,0.33604694194594315,-1.4147464708417787
159,1554714000,390,609,219,999,14,0.9333598651822649,-0.1483179171786708
159,1554728400,658,1171,513,1829,14,1.7578199564098642,0.9454757347884256
159,1554742800,1165,702,-463,1867,14,-0.9791632035837983,0.9955530345170396
159,1554757200,1344,725,-619,2069,14,-1.4166318234188509,1.2617534172849354
159,1554771600,429,216,-213,645,15,-0.3397226890250148,-0.57200299995941
159,1554786000,16,15,-1,31,15,0.2874162864797028,-1.3782446155958383
159,1554800400,429,645,216,1074,15,0.9293462755576448,-0.008684346689006403
159,1554814800,654,1178,524,1832,15,1.8404727116682722,0.9866432504647602
159,1554829200,1206,693,-513,1899,15,-1.2271835034184833,1.0746207557540772
159,1554843600,1437,653,-784,2090,15,-2.0288564390872494,1.3254223006833246
159,1554858000,394,233,-161,627,15,-0.1858961478634803,-0.5956387476490772
159,1554872400,16,29,13,45,15,0.32883112448473134,-1.3598612562816526
159,1554886800,415,639,224,1054,15,0.953011897274804,-0.03494628856641449
159,1554887562,41,103,62,144,15,0.47378305750233113,-1.2298646439884826
159,1554901200,705,1090,385,1795,15,1.429282534332632,0.9380586579915553
159,1554915600,1217,754,-463,1971,15,-1.0792733676862385,1.1691637465127465
159,1554930000,1574,740,-834,2314,15,-2.1767665748194944,1.6195560497102952
159,1554944400,457,252,-205,709,15,-0.31605706730785565,-0.48796478595170406
159,1554958800,37,24,-13,61,15,0.2519178539039641,-1.3388517027797262
159,1554973200,416,601,185,1017,15,0.837641991403653,-0.08353088103961946
159,1554987600,701,1159,458,1860,15,1.6452313325017092,1.0234099690931315
159,1555002000,1287,779,-508,2066,15,-1.2123924898452587,1.2939079704304348
159,1555016400,1498,724,-774,2222,15,-1.9992744119408006,1.498751117074218
159,1555030800,447,307,-140,754,15,-0.12377389085593753,-0.4288754167275359
159,1555045200,23,19,-4,42,15,0.2785416783357681,-1.363800547563264
159,1555059600,431,598,167,1029,15,0.784394342540045,-0.0677737159131746
159,1555059818,11,28,17,39,15,0.3406639353433109,-1.3677398388448752
159,1555074000,853,993,140,1846,15,0.7045228692446329,1.005026609778946
159,1555088400,1277,731,-546,2008,15,-1.3248041930017647,1.2177483389859514
159,1555102800,1234,707,-527,1941,15,-1.2685983414235118,1.1297708336966343
159,1555117200,370,280,-90,650,15,0.024136244876307198,-0.565437514490058
159,1555131600,24,62,38,86,15,0.40278619235085367,-1.306024275432966
159,1555146000,118,176,58,294,15,0.46195024664375156,-1.032900079907922
159,1555160400,600,552,-48,1152,15,0.14838075889139277,0.09373722663288515
159,1555174800,836,530,-306,1366,15,-0.61483554148699,0.3747400047211517
159,1555189200,685,539,-146,1224,15,-0.1415231071438069,0.1882802173915543
159,1555203600,296,312,16,608,15,0.337705732628666,-0.620587592432615
159,1555218000,24,69,45,93,15,0.42349361135336794,-1.2968325957758733
159,1555232400,86,66,-20,152,15,0.2312104349014498,-1.2193598672375194
159,1555246800,556,467,-89,1023,15,0.027094447590952093,-0.07565229847639704
159,1555261200,735,510,-225,1245,15,-0.37522112160075355,0.21585525636283276
159,1555275600,521,386,-135,907,15,-0.10898287728271305,-0.22797156136536395
159,1555290000,161,210,49,371,15,0.4353264222119475,-0.9317916036799008
159,1555304400,20,14,-6,34,15,0.2726252729064783,-1.3743053243142271
159,1555318800,400,668,268,1068,15,1.0831728167191794,-0.016562929252228832
159,1555333200,692,1314,622,2006,15,2.1303765777034718,1.2151221447982106
159,1555347600,1183,822,-361,2005,15,-0.7775366907924592,1.2138090477043402
159,1555362000,1421,727,-694,2148,15,-1.7626181947692092,1.401581932127808
159,1555376400,402,220,-182,622,16,-0.27115393429007645,-0.580527765298536
159,1555390800,19,13,-6,32,16,0.2626329850900155,-1.3799430486604545
159,1555405200,399,667,268,1066,16,1.0936421663976585,0.021066108960263615
159,1555419600,708,1265,557,1973,16,1.9701445510615594,1.249997739484433
159,1555434000,1280,784,-496,2064,16,-1.2234783245477405,1.3732973848843222
159,1555448400,1510,718,-792,2228,16,-2.121210870777895,1.5955077348357707
159,1555462800,391,223,-168,614,16,-0.22869361115756912,-0.5913672945644604
159,1555477200,20,16,-4,36,16,0.2686987455375165,-1.3745232840274921
159,1555491600,421,588,167,1009,16,0.7873212637988557,-0.05616553705944714
159,1555506000,741,1161,420,1902,16,1.5546399604077379,1.1537969172493547
159,1555520400,1267,765,-502,2032,16,-1.2416756058902436,1.329939267820625
159,1555534800,1559,714,-845,2273,16,-2.2819535226366727,1.656480086956595
159,1555549200,402,304,-98,706,16,-0.016391995495032563,-0.46671270800633063
159,1555563600,23,20,-3,43,16,0.271731625761267,-1.3650386959198084
159,1555578000,433,578,145,1011,16,0.7205978988763443,-0.05345565474296607
159,1555592400,775,1236,461,2011,16,1.6789880495815093,1.3014855034975736
159,1555606800,1283,786,-497,2069,16,-1.226511204771491,1.3800720906755248
159,1555621200,1376,727,-649,2103,16,-1.6875089987815703,1.4261400900557033
159,1555635600,424,306,-118,730,16,-0.077049599970043,-0.4341941202085577
159,1555650000,30,38,8,68,16,0.3050933082225228,-1.331165166963795
159,1555664400,279,414,135,693,16,0.6902690966388391,-0.4843269430634577
159,1555678800,798,840,42,1638,16,0.40821123583004054,0.7960924514738523
159,1555693200,1155,679,-476,1834,16,-1.16282072007273,1.061660918488998
159,1555707600,1011,600,-411,1611,16,-0.9656835055289461,0.7595090402013577
159,1555722000,293,386,93,679,16,0.5628881272413172,-0.5032961192788252
159,1555736400,27,61,34,88,16,0.3839481940400364,-1.3040663437989841
159,1555750800,87,74,-13,161,16,0.24140282352376183,-1.2051556392474247
159,1555765200,508,385,-123,893,16,-0.09221400108879561,-0.21333871141534974
159,1555779600,639,463,-176,1102,16,-0.2529566529475733,0.06984399065692304
159,1555794000,609,446,-163,1055,16,-0.2135292100388165,0.006161756219617677
159,1555808400,225,253,28,478,16,0.36575091269753324,-0.7756392920851737
159,1555822800,28,53,25,81,16,0.35665227202628164,-1.313550931906668
159,1555837200,89,49,-40,138,16,0.15951505748249772,-1.2363192858869572
159,1555851600,455,329,-126,784,16,-0.10131264176004719,-0.36102729766356856
159,1555866000,525,415,-110,940,16,-0.05278655818003883,-0.14965647697804438
159,1555880400,397,355,-42,752,16,0.15344929703499668,-0.40438541472726586
159,1555894800,139,232,93,371,16,0.5628881272413172,-0.9206179960169114
159,1555909200,21,29,8,50,16,0.3050933082225228,-1.3555541078121247
159,1555923600,299,523,224,822,16,0.9601954365526355,-0.3095395336504281
159,1555938000,582,1098,516,1680,16,1.845796461887788,0.8529999801199549
159,1555952400,1058,724,-334,1782,16,-0.7321517283001557,0.99120397826049
159,1555966800,1317,578,-739,1895,16,-1.9604682189191174,1.144312329141671
159,1555981200,367,184,-183,551,17,-0.24170984724268024,-0.744373941997882
159,1555995600,18,16,-2,34,17,0.3036977688863952,-1.4627124947974024
159,1556010000,370,584,214,954,17,0.9545709461454024,-0.18443112424506425
159,1556024400,676,1215,539,1891,17,1.9338940137804828,1.1174706629370454
159,1556038800,1182,715,-467,1897,17,-1.097487543268412,1.1258072805710824
159,1556053200,1450,633,-817,2083,17,-2.152143154567729,1.384242427226229
159,1556067600,364,216,-148,580,17,-0.13624428611274852,-0.7040802901000366
159,1556082000,23,21,-2,44,17,0.3036977688863952,-1.4488181320740074
159,1556096400,376,591,215,967,17,0.9575842478919718,-0.16636845270465078
159,1556110800,741,1193,452,1934,17,1.6717367618289383,1.1772164226476438
159,1556125200,1158,803,-355,1961,17,-0.7599977476526304,1.2147312020008103
159,1556139600,1364,622,-742,1986,17,-1.9261455235750182,1.2494671088092977
159,1556154000,398,242,-156,640,17,-0.16035070008530433,-0.6207141137596667
159,1556168400,21,18,-3,39,17,0.3006844671398258,-1.455765313435705
159,1556182800,365,578,213,943,17,0.951557644398833,-0.19971492324079873
159,1556197200,718,1130,412,1848,17,1.551204691966159,1.057724903226447
159,1556211600,1260,746,-514,2006,17,-1.2391127253571774,1.2772558342560878
159,1556226000,1495,681,-814,2176,17,-2.1431032493280204,1.5134600005538024
159,1556240400,369,275,-94,644,17,0.026474008202003286,-0.6151563686703087
159,1556254800,22,48,26,70,17,0.38807021779034057,-1.4126927889931806
159,1556269200,395,514,119,909,17,0.668307280221302,-0.24695575650034166
159,1556283600,875,1020,145,1895,17,0.7466531256321084,1.1230284080264035
159,1556298000,1244,739,-505,1983,17,-1.211993009638052,1.2452987999922793
159,1556312400,1176,655,-521,1831,17,-1.2602058375831637,1.0341044865966755
159,1556326800,352,336,-16,688,17,0.26151154443442254,-0.5540211726873707
159,1556341200,33,86,53,119,17,0.4694293649477165,-1.3446104116485451
159,1556355600,153,222,69,375,17,0.5176421928928281,-0.9889147259296337
159,1556370000,637,555,-82,1192,17,0.06263362916083702,0.14625470857173628
159,1556384400,829,537,-292,1366,17,-0.5701597376187534,0.388016619958809
159,1556398800,767,495,-272,1262,17,-0.5098937026873638,0.24351524763550114
159,1556413200,371,307,-64,678,17,0.11687306059908761,-0.5679155354107657
159,1556427600,30,97,67,127,17,0.5116155893996892,-1.333494921469829
159,1556442000,79,64,-15,143,17,0.26452484618099203,-1.3112639411123972
159,1556456400,450,381,-69,831,17,0.10180655186624023,-0.35533178574282254
159,1556470800,598,452,-146,1050,17,-0.13021768261960956,-0.05104524210047244
159,1556485200,489,391,-98,880,17,0.014420801215725376,-0.28724940839818713
159,1556499600,184,207,23,391,17,0.3790303125506322,-0.9666837455722017
159,1556514000,16,22,6,38,17,0.3278041828589511,-1.4571547497080446
159,1556528400,456,610,154,1066,17,0.7737728413512337,-0.028814261743040467
159,1556542800,633,1119,486,1752,17,1.7741890212123006,0.9243390210818552
159,1556557200,1182,674,-508,1856,17,-1.2210329148777606,1.0688403934051631
159,1556571600,1294,669,-625,1963,17,-1.5735892192263892,1.2175100745454892
159,1556586000,406,173,-233,579,18,-0.41954949830891963,-0.6439860771789164
159,1556600400,17,16,-1,33,18,0.3039467497688301,-1.422338979109758
159,1556614800,419,637,218,1056,18,0.9869022598077406,0.03600354593648914
159,1556624953,462,899,437,1361,18,1.669857769846651,0.4707977493960252
159,1556629200,202,246,44,448,18,0.4442800737494282,-0.8307337514517008
159,1556643600,1190,754,-436,1944,18,-1.0526087153769508,1.3018961776481874
159,1556658000,1407,594,-813,2001,18,-2.228290118503294,1.3831527992783303
159,1556672400,384,233,-151,617,18,-0.1638309968331633,-0.5898149960921546
159,1556686800,28,27,-1,55,18,0.3039467497688301,-1.3909767742700538
159,1556701200,411,615,204,1026,18,0.9432430034582212,-0.006763097026743914
159,1556715600,653,1207,554,1860,18,2.034724412196206,1.182149577351135
159,1556730000,1160,808,-352,1968,18,-0.7906531772798344,1.336109492018774
159,1556744400,1446,675,-771,2121,18,-2.097312349454736,1.5542193711312626
159,1556758800,406,223,-183,629,18,-0.26362358277492187,-0.5727083389068613
159,1556773200,20,21,1,41,18,0.31018378639019006,-1.4109345409862293
159,1556787600,413,593,180,1006,18,0.8683985640019022,-0.03527419233556595
159,1556802000,673,1122,449,1795,18,1.7072799895748105,1.0894885175974633
159,1556816400,1236,767,-469,2003,18,-1.1555198196293892,1.3860039088092126
159,1556830800,1469,700,-769,2169,18,-2.091075312833376,1.6226459998724354
159,1556845200,395,265,-130,660,18,-0.09834211230888422,-0.5285161411781871
159,1556859600,27,21,-6,48,18,0.28835415821543037,-1.4009556576281414
159,1556874000,442,574,132,1016,18,0.7187096850892644,-0.021018644681154934
159,1556888400,821,1005,184,1826,18,0.8808726372446221,1.1336807153261375
159,1556902800,1206,633,-573,1839,18,-1.4798457239401048,1.1522129272768717
159,1556917200,1265,681,-584,1946,18,-1.5141494253575842,1.3047472871790697
159,1556931600,334,336,2,670,18,0.31330230470087,-0.5142605935237762
159,1556946000,24,75,51,99,18,0.4661097019241879,-1.3282523645906452
159,1556960400,102,146,44,248,18,0.4442800737494282,-1.1158447045399211
159,1556974800,564,442,-122,1006,18,-0.07339396582344457,-0.03527419233556595
159,1556989200,682,422,-260,1104,18,-0.5037494926972784,0.10443017467766202
159,1557003600,630,413,-217,1043,18,-0.3696532053380404,0.017471333985754817
159,1557018000,260,305,45,565,18,0.4473985920601082,-0.6639438438950919
159,1557032400,30,68,38,98,18,0.4255689638853485,-1.3296779193560864
159,1557046800,86,66,-20,152,18,0.24469490186591095,-1.252697962022267
159,1557061200,409,379,-30,788,18,0.2135097187591114,-0.34604513120172614
159,1557075600,592,471,-121,1063,18,-0.07027544751276461,0.045982429294576854
159,1557090000,481,351,-130,832,18,-0.09834211230888422,-0.2833207215223177
159,1557104400,169,148,-21,317,18,0.241576383555231,-1.017481425724485
159,1557118800,27,18,-9,45,18,0.2789986032833905,-1.4052323219244647
159,1557133200,416,574,158,990,18,0.7997911611669432,-0.05808306858262358
159,1557147600,625,995,370,1620,18,1.4609170430310938,0.8400164336452706
159,1557162000,1061,657,-404,1718,18,-0.9528161294351921,0.9797208006584985
159,1557176400,1228,689,-539,1917,18,-1.3738161013769863,1.2634061989812777
159,1557190800,387,205,-182,592,19,-0.2988063741095028,-0.6070780331034554
159,1557205200,23,25,2,48,19,0.3547955673335308,-1.4503219324497836
159,1557219600,422,576,154,998,19,0.8947276059169064,0.022254730011635023
159,1557234000,674,1016,342,1690,19,1.5625382852173972,1.0949105725624788
159,1557248400,1084,717,-367,1801,19,-0.9559605000169006,1.2669695299658656
159,1557262800,1336,721,-615,2057,19,-1.8369022471792502,1.6637901884817847
159,1557277200,354,256,-98,610,19,-0.00042287910290051827,-0.5791765805515549
159,1557291600,22,21,-1,43,19,0.34413901394043783,-1.4580723359364227
159,1557306000,425,590,165,1015,19,0.9338016350249139,0.04860610186620778
159,1557320400,753,971,218,1724,19,1.1220674116362224,1.1476133162716244
159,1557334800,1165,688,-477,1853,19,-1.346700791096975,1.3475737262269118
159,1557349200,1295,633,-662,1928,19,-2.003854917004373,1.4638297785264975
159,1557363600,337,253,-84,590,19,0.04930770339819986,-0.6101781944981111
159,1557378000,191,41,-150,232,19,-0.18513647124984478,-1.1651070841414668
159,1557392400,427,579,152,1006,19,0.8876232369881777,0.0346553755902575
159,1557406800,692,937,245,1629,19,1.217976392174059,1.0003556500254824
159,1557421200,1209,714,-495,1923,19,-1.4106401114555327,1.4560793750398584
159,1557435600,1154,486,-668,1640,19,-2.0251680237905587,1.0174065376960884
159,1557450000,301,295,-6,596,19,0.32637809161861625,-0.6008777103141442
159,1557464400,31,26,-5,57,19,0.3299302760829806,-1.4363712061738332
159,1557478800,393,538,145,931,19,0.8627579457376275,-0.08160067670932818
159,1557493200,689,928,239,1617,19,1.1966632853878731,0.9817546816575489
159,1557507600,1088,618,-470,1706,19,-1.3218354998464248,1.1197118637197239
159,1557522000,1187,563,-624,1750,19,-1.868871907358529,1.1879154144021473
159,1557536400,309,289,-20,598,19,0.2766475091175159,-0.5977775489194886
159,1557550800,44,72,28,116,19,0.44715236340700293,-1.3449164450314925
159,1557565200,118,149,31,267,19,0.45780891680009583,-1.1108542597349933
159,1557579600,558,461,-97,1019,19,0.003129305361463795,0.054806424655519013
159,1557594000,584,489,-95,1073,19,0.01023367429019242,0.1385107823112207
159,1557608400,560,470,-90,1030,19,0.027994596612013985,0.07185731232612491
159,1557622800,264,273,9,537,19,0.37966085858408094,-0.6923324714564849
159,1557637200,26,54,28,80,19,0.44715236340700293,-1.4007193501352937
159,1557651600,85,67,-18,152,19,0.2837518780462445,-1.2891135399276914
159,1557666000,396,300,-96,696,19,0.006681489825828108,-0.4458696405813633
159,1557680400,484,367,-117,851,19,-0.06791438392582247,-0.2056071324955529
159,1557694800,333,336,3,669,19,0.3583477517978951,-0.48772181940921416
159,1557709200,140,153,13,293,19,0.39386959644153824,-1.0705521616044704
159,1557723600,20,22,2,42,19,0.3547955673335308,-1.4596224166337504
159,1557738000,391,591,200,982,19,1.058128091277665,-0.002546561145609922
159,1557752400,575,965,390,1540,19,1.7330431395068844,0.8623984679633075
159,1557766800,1039,608,-431,1647,19,-1.1833003057362166,1.028257102577383
159,1557781200,1147,538,-609,1685,19,-1.8155891403930644,1.08716016907584
159,1557795600,263,235,-28,498,20,-0.017986409514678975,-0.7557827269574092
159,1557810000,26,19,-7,45,20,0.04672166933693501,-1.5287071632677665
159,1557824400,435,629,194,1064,20,0.666070424059526,0.20994625969085165
159,1557838800,251,1022,771,1273,20,2.4440019239348243,0.5665493660680363
159,1557853200,847,740,-107,1587,20,-0.26141203948027447,1.1023071431131846
159,1557867600,1285,562,-723,1847,20,-2.1595156857942848,1.5459282323862373
159,1557882000,259,235,-24,494,20,-0.0056610611619905965,-0.7626076667923792
159,1557896400,22,28,6,50,20,0.08677905148317223,-1.5201759884740538
159,1557910800,457,665,208,1122,20,0.7092091432939353,0.30890788729791724
159,1557925200,302,753,451,1055,20,1.4579740557197542,0.19459014506216907
159,1557936813,533,594,61,1127,20,0.2562525913326374,0.3174390620916298
159,1557939600,331,124,-207,455,20,-0.569545748297484,-0.8291508301833371
159,1557954000,1203,592,-611,1795,20,-1.8144059319190102,1.4572040145316267
159,1557968400,279,308,29,587,20,0.15764980451113042,-0.6039278156293257
159,1557982800,20,24,4,44,20,0.08061637730682805,-1.530413398226509
159,1557997200,407,546,139,953,20,0.49659688421006076,0.02055417927043301
159,1558011600,386,764,378,1150,20,1.2330364482831915,0.35668246614270754
159,1558026000,975,709,-266,1684,20,-0.7513446364996375,1.267811934111208
159,1558040400,1186,626,-560,1812,20,-1.6572577404222333,1.4862100088302495
159,1558054800,320,332,12,652,20,0.10526707401220481,-0.4930225433110626
159,1558069200,27,62,35,89,20,0.17613782704016298,-1.4536328250830959
159,1558083600,358,522,164,880,20,0.5736303114143632,-0.10400097271777024
159,1558098000,363,999,636,1362,20,2.0280214170315918,0.7184042773961198
159,1558112400,764,784,20,1548,20,0.12991777071758157,1.0357639797222267
159,1558126800,1063,493,-570,1556,20,-1.6880711113039544,1.0494138593921667
159,1558141200,259,346,87,605,20,0.3363673556251119,-0.5732155863719606
159,1558155600,22,49,27,71,20,0.15148713033478622,-1.484345054340461
159,1558170000,134,233,99,367,20,0.373343400683177,-0.9792995065526781
159,1558184400,584,491,-93,1075,20,-0.21827332024586513,0.22871484423701927
159,1558198800,718,637,-81,1355,20,-0.18129727518779998,0.7064606326849222
159,1558213200,708,493,-215,1201,20,-0.5941964450028606,0.4437004490385756
159,1558227600,204,366,162,570,20,0.567467637238019,-0.6329338099279485
159,1558242000,27,73,46,100,20,0.210032535010056,-1.4348642405369283
159,1558256400,94,155,61,249,20,0.2562525913326374,-1.1806352316842943
159,1558270800,572,408,-164,980,20,-0.43704825350608384,0.06662252315648079
159,1558285200,650,537,-113,1187,20,-0.279900062009307,0.41981315961618043
159,1558299600,562,430,-132,992,20,-0.3384454666845768,0.08709734266139091
159,1558314000,196,270,74,466,20,0.2963099734788746,-0.8103822456371695
159,1558328400,12,28,16,40,20,0.11759242236489319,-1.537238338061479
159,1558342800,392,635,243,1027,20,0.8170559413799587,0.14681556621737876
159,1558357200,728,1156,428,1884,20,1.3871033026917963,1.60905892585971
159,1558371600,1415,645,-770,2060,20,-2.304338528938373,1.909356278598392
159,1558386000,1068,435,-633,1503,20,-1.8821953478587963,0.9589834065788136
159,1558400400,254,380,126,634,21,0.6785731496332639,-0.23732737521823383
159,1558414800,16,21,5,37,21,0.2778676567786649,-1.1948051450166435
159,1558429200,401,687,286,1088,21,1.208431652581494,0.49080479812930045
159,1558443600,853,975,122,1828,21,0.6653266870595581,1.6776281643785855
159,1558458000,1269,667,-602,1936,21,-1.732283038781183,1.8508402232365893
159,1558472400,1272,555,-717,1827,21,-2.1131188377752235,1.6760243490187892
159,1558486800,334,367,33,701,21,0.3705928947946051,-0.12987174611187965
159,1558501200,16,47,31,63,21,0.3639696635077523,-1.1531059456619388
159,1558515600,454,1016,562,1470,21,2.122437570167191,1.103462265571499
159,1558530000,982,934,-48,1916,21,0.10235202767706365,1.8187639160406626
159,1558544400,1502,514,-988,2016,21,-3.010566677143788,1.9791454520202958
159,1558558800,1236,453,-783,1689,21,-2.3316854702413683,1.4546978293668955
159,1558573200,190,358,168,548,21,0.8176610066571743,-0.3752554961607183
159,1558587600,15,36,21,51,21,0.3308535070734879,-1.1723517299794948
159,1558598926,205,230,25,435,21,0.34409996964719364,-0.5564866318177037
159,1558602000,197,319,122,516,21,0.6653266870595581,-0.4265775876742009
159,1558616400,676,897,221,1573,21,0.9931766357587756,1.268655247630521
159,1558630800,1015,530,-485,1545,21,-1.3448240085002896,1.2237484175562237
159,1558645200,1082,477,-605,1559,21,-1.7422178857114623,1.2462018325933724
159,1558659600,167,273,106,440,21,0.6123408367647352,-0.548467555018722
159,1558674000,15,28,13,43,21,0.30436058192607635,-1.1851822528578655
159,1558688400,321,468,147,789,21,0.7481170781452191,0.01126400555019748
159,1558702800,586,700,114,1286,21,0.6388337619121467,0.808360239368974
159,1558717200,1080,420,-660,1500,21,-1.9243567460999162,1.1515767263653889
159,1558731600,576,420,-156,996,21,-0.25530246181299165,0.343253785028038
159,1558746000,184,250,66,434,21,0.47987621102767763,-0.5580904471775
159,1558760400,14,32,18,46,21,0.3209186601432086,-1.1803708067784764
159,1558774800,67,86,19,153,21,0.324230275786635,-1.008762563280269
159,1558789200,311,218,-93,529,21,-0.04667067627712606,-0.4057279879968486
159,1558803600,463,333,-130,796,21,-0.16920045508390427,0.022490713068771796
159,1558818000,374,309,-65,683,21,0.046054561738814205,-0.1587404225882136
159,1558832400,147,209,62,356,21,0.46662974845397187,-0.6831880452416139
159,1558846800,14,38,24,52,21,0.34078835400376717,-1.1707479146196984
159,1558861200,72,54,-18,126,21,0.20170049697985679,-1.05206557799477
159,1558875600,312,229,-83,541,21,-0.013554519842861677,-0.38648220367929265
159,1558890000,431,314,-117,745,21,-0.12614945171936057,-0.05930387028084109
159,1558904400,291,292,1,583,21,0.2646211942049591,-0.3191219585678467
159,1558918800,76,159,83,235,21,0.5361736769659271,-0.87724970377697
159,1558933200,12,15,3,27,21,0.271244425491812,-1.2108432986146067
159,1558947600,60,64,4,124,21,0.2745560411352384,-1.0552732087143626
159,1558962000,263,214,-49,477,21,0.09904041203363721,-0.4891263867062578
159,1558976400,398,260,-138,658,21,-0.19569338023131577,-0.1988358065831219
159,1558990800,306,268,-38,574,21,0.13546818411132802,-0.3335562968060137
159,1559005200,100,151,51,251,22,0.5404293416368982,-0.6377703599081554
159,1559019600,11,15,4,26,22,0.3551209433592987,-0.9833364571366165
159,1559034000,382,566,184,948,22,1.0648126814437222,0.4327166168395665
159,1559048400,541,832,291,1373,22,1.4866849924161296,1.0854525782711044
159,1559062800,945,456,-489,1401,22,-1.5886458726163724,1.1284563592595351
159,1559077200,987,430,-557,1417,22,-1.8567516403371547,1.153029948395781
159,1559091600,207,224,17,431,22,0.4063764577765071,-0.36131748212538645
159,1559106000,6,16,10,22,22,0.37877733462877955,-0.9894798544206781
159,1559120400,421,524,103,945,22,0.7454513993057317,0.4281090688765204
159,1559134800,613,727,114,1340,22,0.7888214499664464,1.0347695506775967
159,1559149200,1065,562,-503,1627,22,-1.6438441189118276,1.4755583058090116
159,1559163600,1061,471,-590,1532,22,-1.986861792319299,1.3296526203125503
159,1559178000,176,161,-15,337,22,0.2802090376726096,-0.5056873183008325
159,1559192400,10,18,8,28,22,0.3708918708722859,-0.9802647584945858
159,1559206800,420,564,144,984,22,0.9071034063138503,0.48800719239612034
159,1559221200,661,644,-17,1305,22,0.272323573916116,0.9810148244420582
159,1559235600,1140,607,-533,1747,22,-1.7621260752592316,1.6598602243308573
159,1559250000,1189,495,-694,1684,22,-2.396905907656966,1.5631017171068884
159,1559264400,222,183,-39,405,22,0.18558347259468647,-0.40124956447178645
159,1559278800,9,21,12,30,22,0.3866627983852731,-0.9771930598525551
159,1559293200,354,515,161,869,22,0.9741298482440459,0.3113845204793513
159,1559307600,681,722,41,1403,22,0.5010020228544303,1.1315280579015659
159,1559322000,1052,536,-516,1588,22,-1.695099633329036,1.4156601822894117
159,1559336400,883,504,-379,1387,22,-1.1549453660092248,1.1069544687653197
159,1559350800,387,172,-215,559,22,-0.50833733797675,-0.16472876903541744
159,1559365200,0,1,1,1,22,0.34329274772455837,-1.0217326901620012
159,1559379600,0,2,2,2,22,0.34723547960280515,-1.0201968408409858
159,1559394000,0,2,2,2,22,0.34723547960280515,-1.0201968408409858
159,1559398365,0,2,2,2,22,0.34723547960280515,-1.0201968408409858
159,1559408400,0,1,1,1,22,0.34329274772455837,-1.0217326901620012
159,1559422800,0,1,1,1,22,0.34329274772455837,-1.0217326901620012
159,1559437200,0,4,4,4,22,0.3551209433592987,-1.0171251421989551
159,1559451600,0,4,4,4,22,0.3551209433592987,-1.0171251421989551
159,1559466000,0,2,2,2,22,0.34723547960280515,-1.0201968408409858
159,1559480400,0,2,2,2,22,0.34723547960280515,-1.0201968408409858
159,1559494800,2,5,3,7,22,0.35117821148105194,-1.0125175942359088
159,1559509200,0,1,1,1,22,0.34329274772455837,-1.0217326901620012
159,1559523600,0,0,0,0,22,0.3393500158463116,-1.0232685394830165
159,1559538000,0,3,3,3,22,0.35117821148105194,-1.0186609915199705
159,1559552400,409,571,162,980,22,0.9780725801222927,0.4818637951120588
159,1559566800,445,800,355,1245,22,1.7390198326239246,0.8888638651811352
159,1559581200,824,483,-341,1307,22,-1.0051215546358465,0.9840865230840891
159,1559595600,972,474,-498,1446,22,-1.6241304595205937,1.1975695787052272
159,1559610000,202,179,-23,381,23,0.011970228093821443,-0.7339739777418091
159,1559624400,7,17,10,24,23,0.13779062561332237,-1.4286675181767627
159,1559638800,415,551,136,966,23,0.6181957797786896,0.40438938683647624
159,1559638841,0,0,0,0,23,0.09966323242559483,-1.4753696049286924
159,1559653200,459,805,346,1264,23,1.4188710367209685,0.984273630672936
159,1559667600,897,483,-414,1380,23,-1.478810845546326,1.2100003833072628
159,1559682000,1095,536,-559,1631,23,-2.0316580467683756,1.6984263739211938
159,1559696400,215,195,-20,410,23,0.02340844605013971,-0.6775422895832274
159,1559710800,11,21,10,32,23,0.13779062561332237,-1.4131001559261194
159,1559725200,435,557,122,992,23,0.564817429315871,0.4549833141510667
159,1559739600,254,870,616,1124,23,2.4483106527896124,0.7118447912866798
159,1559754000,625,626,1,1251,23,0.10347597174436758,0.9589766670156409
159,1559768400,1056,530,-526,1586,23,-1.9058376492488747,1.6108599612613257
159,1559782800,272,185,-87,457,23,-0.23204508830763493,-0.5860840363606985
159,1559797200,9,17,8,26,23,0.13016514697577686,-1.4247756776141018
159,1559811600,429,602,173,1031,23,0.7592671345732815,0.5308742051229524
159,1559826000,285,899,614,1184,23,2.4406851741520668,0.8286000081665039
159,1559840400,663,554,-109,1217,23,-0.31592535332063554,0.8928153774504072
159,1559854800,1095,518,-577,1613,23,-2.1002873545062855,1.6633998088572464
159,1559869200,202,219,17,421,23,0.16447980084473166,-0.656137166488593
159,1559883600,13,17,4,30,23,0.11491418970068584,-1.4169919964887803
159,1559898000,414,554,140,968,23,0.6334467370537806,0.408281227399137
159,1559912400,230,605,375,835,23,1.5294404769653782,0.14947382998219352
159,1559926800,635,532,-103,1167,23,-0.29304891740799904,0.7955193633838871
159,1559941200,834,446,-388,1280,23,-1.3796796232582342,1.0154083551742226
159,1559955600,233,262,29,495,23,0.21023267267000473,-0.5121390656701432
159,1559970000,16,44,28,60,23,0.20641993335123196,-1.3586143880488681
159,1559984400,93,122,29,215,23,0.21023267267000473,-1.0569967444426558
159,1559998800,414,381,-33,795,23,-0.026157165093906115,0.07163701872897744
159,1560013200,544,323,-221,867,23,-0.7429521570231842,0.21174327898476641
159,1560027600,384,302,-82,686,23,-0.21298139171377115,-0.14046829193603638
159,1560042000,201,207,6,408,23,0.12253966833823135,-0.6814341301458882
159,1560056400,11,51,40,62,23,0.25217280517650503,-1.3547225474862075
159,1560070800,60,69,9,129,23,0.13397788629454963,-1.2243458886370704
159,1560085200,364,310,-54,674,23,-0.10622469078813399,-0.1638193353120012
159,1560099600,532,411,-121,943,23,-0.36167822514590864,0.35963322036587697
159,1560114000,313,287,-26,600,23,0.0005320101375031761,-0.307817436130451
159,1560128400,104,158,54,262,23,0.3055511556393236,-0.9655384912201269
159,1560142800,9,15,6,24,23,0.12253966833823135,-1.4286675181767627
159,1560157200,424,557,133,981,23,0.6067575618223713,0.43357819105643225
159,1560171600,542,796,254,1338,23,1.0680990193938749,1.128271731491386
159,1560186000,885,465,-420,1350,23,-1.5016872814589626,1.1516227748673507
159,1560200400,982,461,-521,1443,23,-1.8867739526550107,1.332593361031078
159,1560214800,84,61,-23,145,24,0.2581279737249317,-1.2052535302854004
159,1560229200,0,32,32,32,24,0.442889016864849,-1.3918099503750534
159,1560243600,413,607,194,1020,24,0.9870942712042418,0.2393205190813814
159,1560258000,594,868,274,1462,24,1.255837606680485,0.9690367817329443
159,1560272400,987,518,-469,1505,24,-1.2401161215551246,1.0400272778732547
159,1560286800,1114,501,-613,1615,24,-1.7238541254123625,1.221630872650793
159,1560301200,75,54,-21,129,24,0.2648465571118378,-1.2316685986166787
159,1560315600,0,10,10,10,24,0.3689845996088821,-1.4281306693305609
159,1560330000,435,591,156,1026,24,0.8594411868530261,0.24922616970561076
159,1560333177,147,334,187,481,24,0.9635792293500705,-0.6505370953285562
159,1560344400,410,528,118,938,24,0.7317881025018105,0.10394329388358015
159,1560358800,997,555,-442,1552,24,-1.1494152458318925,1.1176215410963848
159,1560373200,1095,498,-597,1593,24,-1.670105458317114,1.1853101536952853
159,1560387600,106,60,-46,166,24,0.18086426477551176,-1.1705837531005976
159,1560402000,0,1,1,1,24,0.3387509743678047,-1.442989145266905
159,1560416400,412,552,140,964,24,0.8056925197577774,0.1468677799219074
159,1560430800,550,800,250,1350,24,1.175214606037612,0.7841313034139963
159,1560445200,931,449,-482,1380,24,-1.2837869135700142,0.833659556535143
159,1560459600,1017,502,-515,1519,24,-1.3946435394539645,1.0631404626631231
159,1560474000,69,50,-19,119,24,0.27156514049874386,-1.2481780163237275
159,1560488400,1,2,1,3,24,0.3387509743678047,-1.4396872617254952
159,1560502800,368,502,134,870,24,0.7855367695970592,-0.008320746524352603
159,1560517200,551,757,206,1308,24,1.0274057715256781,0.7147917490443907
159,1560531600,1017,447,-570,1464,24,-1.5794045825938818,0.9723386652743541
159,1560546000,813,411,-402,1224,24,-1.0150435780937708,0.5761126403051797
159,1561165200,9178,4598,-4580,13776,25,-4.026458718030147,4.046971364156576
159,1561179600,0,4,4,4,25,0.26288556887326137,-0.3455416649769802
159,1561194000,0,6,6,6,25,0.26475701053421397,-0.34490377461550276
159,1561208400,0,4,4,4,25,0.26288556887326137,-0.3455416649769802
159,1561222800,0,1,1,1,25,0.2600784063818324,-0.34649850051919634
159,1561237200,0,2,2,2,25,0.2610141272123087,-0.3461795553384576
159,1561251600,1,2,1,3,25,0.2600784063818324,-0.3458606101577189
159,1561266000,1,2,1,3,25,0.2600784063818324,-0.3458606101577189
159,1561280400,1,3,2,4,25,0.2610141272123087,-0.3455416649769802
159,1561294800,0,0,0,0,25,0.2591426855513561,-0.346817445699935
159,1561309200,0,3,3,3,25,0.26194984804278504,-0.3458606101577189
159,1561323600,0,0,0,0,25,0.2591426855513561,-0.346817445699935
159,1561338000,0,1,1,1,25,0.2600784063818324,-0.34649850051919634
159,1561352400,1,1,0,2,25,0.2591426855513561,-0.3461795553384576
159,1561366800,387,766,379,1153,25,0.6137808803018779,0.020926347691801107
159,1561381200,513,873,360,1386,25,0.596002184522828,0.09524057480392124
159,1561395600,1131,494,-637,1625,25,-0.3369114834620539,0.17146847300047366
159,1561410000,1066,534,-532,1600,25,-0.23866079626204126,0.16349484348200582
159,1561424400,103,65,-38,168,26,0.0637380202417651,-1.0749839278011697
159,1561438800,1,1,0,2,26,0.1584548547909803,-1.3371127730945997
159,1561453200,379,748,369,1127,26,1.078205169229412,0.4393628350687068
159,1561467600,486,970,484,1456,26,1.3648482211546684,0.9588832573671316
159,1561482000,1030,525,-505,1555,26,-1.1002820254025374,1.1152131108855026
159,1561496400,1086,474,-612,1560,26,-1.3669846911069066,1.123108558032895
159,1561510800,65,59,-6,124,26,0.14349956512531473,-1.1444638626982235
159,1561525200,0,14,14,14,26,0.19335053067753324,-1.318163699940858
159,1561539600,394,831,437,1225,26,1.247698452106955,0.5941135991575993
159,1561554000,342,939,597,1281,26,1.646506176524703,0.682542607208395
159,1561568400,849,610,-239,1459,26,-0.43726418355803104,0.9636205256555671
159,1561582800,1150,463,-687,1613,26,-1.553925811927726,1.2068002977952552
159,1561597200,75,76,1,151,26,0.1609474030685912,-1.1018284481023042
159,1561611600,0,2,2,2,26,0.16343995134620215,-1.3371127730945997
159,1561626000,348,718,370,1066,26,1.080697717507023,0.34303837987051866
159,1561640400,430,1026,596,1456,26,1.644013628247092,0.9588832573671316
159,1561654800,1616,633,-983,2249,26,-2.29172010210056,2.211101174943578
159,1561669200,1721,485,-1236,2206,26,-2.922334816336124,2.1432003294760027
159,1561683600,142,67,-75,209,26,-0.02848626602983916,-1.0102412611925515
159,1561698000,0,0,0,0,26,0.1584548547909803,-1.340270951953557
159,1561712400,329,682,353,1011,26,1.0383243967876372,0.2561884612492014
159,1561726800,369,799,430,1168,26,1.2302506141636784,0.5041055016773252
159,1561741200,803,394,-409,1197,26,-0.8609973907518885,0.5498990951322015
159,1561755600,912,461,-451,1373,26,-0.9656844184115474,0.8278188347204166
159,1561770000,248,242,-6,490,26,0.14349956512531473,-0.5665171315090943
159,1561784400,11,51,40,62,26,0.25815678589541735,-1.2423674073258901
159,1561798800,82,109,27,191,26,0.22575365828647528,-1.0386648709231643
159,1561813200,434,300,-134,734,26,-0.1755466144088838,-0.18121931071634165
159,1561827600,516,335,-181,851,26,-0.2926963834565973,0.00353415253264226
159,1561842000,418,328,-90,746,26,-0.06587449019400304,-0.1622702375625997
159,1561856400,174,254,80,428,26,0.35785871699985433,-0.664420676136761
159,1561870800,9,51,42,60,26,0.2631418824506392,-1.245525586184847
159,1561885200,74,77,3,151,26,0.16593249962381307,-1.1018284481023042
159,1561899600,560,223,-337,783,26,-0.6815339147639018,-0.10384392867189539
159,1561914000,468,414,-54,882,26,0.023857247799990287,0.0524859248464756
159,1561928400,380,443,63,823,26,0.3154853962804686,-0.0406803514927556
159,1561942800,119,186,67,305,26,0.3254555893909123,-0.858648675962616
159,1561957200,9,32,23,41,26,0.21578346517603159,-1.2755282853449386
159,1561971600,361,667,306,1028,26,0.9211746277399236,0.28303298155033585
159,1561986000,545,864,319,1409,26,0.9535777553488657,0.8846660541816423
159,1562000400,1037,477,-560,1514,26,-1.2373721806711384,1.0504704442768844
159,1562014800,1084,394,-690,1478,26,-1.5614034567605586,0.9936232248156586
159,1562029200,197,210,13,407,27,0.23420848622379506,-0.27211838910753733
159,1562043600,10,11,1,21,27,0.18859756000401426,-0.9349163644998744
159,1562058000,374,728,354,1102,27,1.5303189729692326,0.921261385238769
159,1562072400,587,865,278,1452,27,1.2414497735772876,1.5222440054131678
159,1562086800,1030,457,-573,1487,27,-1.993125077508834,1.5823422674306078
159,1562101200,1066,440,-626,1506,27,-2.1945733349795327,1.6149670382400751
159,1562115600,179,224,45,403,27,0.3558376228098772,-0.2789867619095305
159,1562130000,9,19,10,28,27,0.22280575466884986,-0.9228967120963865
159,1562144400,342,670,328,1012,27,1.4314952994930408,0.7667229971939236
159,1562158800,579,746,167,1325,27,0.8195487060443153,1.304173168949886
159,1562173200,1183,513,-670,1696,27,-2.3618133977853955,1.941214746334749
159,1562187600,830,400,-430,1230,27,-1.4495948733897794,1.1410493149025491
159,1562202000,182,232,50,414,27,0.3748421754014525,-0.26009873670404937
159,1562216400,14,30,16,44,27,0.24561121777874026,-0.8954232208884139
159,1562230800,104,56,-48,160,27,0.0023529446065759987,-0.6962404096306132
159,1562245200,286,162,-124,448,27,-0.2865162547853691,-0.20171756788710776
159,1562259600,400,249,-151,649,27,-0.3891408387798758,0.14341816541304703
159,1562274000,333,246,-87,579,27,-0.1458825656077116,0.02322164137816724
159,1562288400,102,335,233,437,27,1.0704088002531096,-0.22060559309258887
159,1562302800,11,33,22,44,27,0.26841668088863063,-0.8954232208884139
159,1562317200,180,358,178,538,27,0.861358721745781,-0.047179179842262345
159,1562331600,409,496,87,905,27,0.51547586457911,0.5829940247406074
159,1562346000,762,375,-387,1137,27,-1.2861557211022316,0.9813596472562088
159,1562360400,572,293,-279,865,27,-0.8756573851242043,0.5143102967206761
159,1562374800,119,179,60,298,27,0.4128512805846032,-0.45928154796185017
159,1562389200,1,2,1,3,27,0.18859756000401426,-0.9658240421088435
159,1562403600,0,0,0,0,27,0.18479664948569918,-0.9709753217103383
159,1562418000,0,1,1,1,27,0.18859756000401426,-0.96925822850984
159,1562432400,1,1,0,2,27,0.18479664948569918,-0.9675411353093418
159,1562446800,0,0,0,0,27,0.18479664948569918,-0.9709753217103383
159,1562461200,0,0,0,0,27,0.18479664948569918,-0.9709753217103383
159,1562475600,0,0,0,0,27,0.18479664948569918,-0.9709753217103383
159,1562490000,1,4,3,5,27,0.19619938104064438,-0.962389855707847
159,1562504400,0,4,4,4,27,0.20000029155895946,-0.9641069489083453
159,1562518800,0,1,1,1,27,0.18859756000401426,-0.96925822850984
159,1562533200,0,0,0,0,27,0.18479664948569918,-0.9709753217103383
159,1562547600,0,1,1,1,27,0.18859756000401426,-0.96925822850984
159,1562562000,1,4,3,5,27,0.19619938104064438,-0.962389855707847
159,1562576400,372,764,392,1136,27,1.6747535726652052,0.9796425540557107
159,1562590800,535,809,274,1344,27,1.2262461315040272,1.3367979397593535
159,1562605200,1043,434,-609,1477,27,-2.1299578561681765,1.565171335425625
159,1562619600,1082,502,-580,1584,27,-2.0197314511370394,1.7489003078789411
159,1562634000,171,203,32,374,28,0.4008949217707327,-0.5084595613328114
159,1562648400,10,11,1,21,28,0.30538436584292045,-1.0040496906024363
159,1562662800,442,709,267,1151,28,1.1249265554170513,0.5824002982776659
159,1562677200,608,821,213,1429,28,0.9585533289621526,0.9726950743030361
159,1562691600,1193,539,-654,1732,28,-1.7126612513415,1.3980883014098247
159,1562706000,1447,562,-885,2009,28,-2.424368942287456,1.7869791393919383
159,1562720400,245,217,-28,462,28,0.21603578126528963,-0.3849130135262194
159,1562734800,1,1,0,2,28,0.30230338016782976,-1.0307245134243141
159,1562749200,450,596,146,1046,28,0.7521272887310746,0.43498680373570947
159,1562763600,667,735,68,1402,28,0.5118104060739986,0.9347887471351045
159,1562778000,1089,615,-474,1704,28,-1.1580838298251708,1.3587780361986361
159,1562792400,1174,527,-647,1701,28,-1.691094351615865,1.3545662220688661
159,1562806800,173,251,78,424,28,0.5426202628249057,-0.4382626591699751
159,1562821200,1,1,0,2,28,0.30230338016782976,-1.0307245134243141
159,1562835600,377,744,367,1121,28,1.4330251229261233,0.5402821569799641
159,1562850000,617,670,53,1287,28,0.4655956209476378,0.7733358721605809
159,1562864400,1215,416,-799,1631,28,-2.159404174229654,1.256290559040895
159,1562878800,1136,505,-631,1641,28,-1.6417985808144135,1.2703299394734624
159,1562893200,119,191,72,310,28,0.5241343487743615,-0.5983115961012421
159,1562907600,1,1,0,2,28,0.30230338016782976,-1.0307245134243141
159,1562922000,368,659,291,1027,28,1.1988702116192287,0.40831198091383164
159,1562936400,670,605,-65,1275,28,0.10203931128693307,0.7564886156415
159,1562950800,1196,534,-662,1730,28,-1.7373091367422258,1.395280425323311
159,1562965200,872,391,-481,1263,28,-1.1796507295508059,0.7396413591224194
159,1562979600,142,230,88,372,28,0.5734301195758129,-0.5112674374193249
159,1562994000,0,0,0,0,28,0.30230338016782976,-1.0335323895108275
159,1563008400,0,1,1,1,28,0.30538436584292045,-1.0321284514675708
159,1563022800,0,1,1,1,28,0.30538436584292045,-1.0321284514675708
159,1563037200,0,2,2,2,28,0.3084653515180112,-1.0307245134243141
159,1563051600,0,0,0,0,28,0.30230338016782976,-1.0335323895108275
159,1563066000,0,0,0,0,28,0.30230338016782976,-1.0335323895108275
159,1563080400,0,0,0,0,28,0.30230338016782976,-1.0335323895108275
159,1563094800,1,3,2,4,28,0.3084653515180112,-1.0279166373378006
159,1563109200,0,1,1,1,28,0.30538436584292045,-1.0321284514675708
159,1563123600,0,0,0,0,28,0.30230338016782976,-1.0335323895108275
159,1563138000,0,2,2,2,28,0.3084653515180112,-1.0307245134243141
159,1563152400,0,1,1,1,28,0.30538436584292045,-1.0321284514675708
159,1563166800,2,5,3,7,28,0.31154633719310193,-1.0237048232080306
159,1563181200,423,763,340,1186,28,1.3498385096986738,0.6315381297916514
159,1563195600,535,856,321,1391,28,1.2912997818719503,0.9193454286592805
159,1563210000,1173,553,-620,1726,28,-1.6079077383884155,1.3896646731502842
159,1563224400,1002,477,-525,1479,28,-1.3152140992547974,1.0428919764658726
159,1563238800,145,205,60,350,29,0.37302001085758096,-0.5273086841545305
159,1563253200,1,3,2,4,29,0.21242758774713613,-1.0089403744271748
159,1563267600,403,757,354,1160,29,1.1870574659346633,0.6002105907611975
159,1563282000,589,910,321,1499,29,1.0956859148545826,1.0720982873000022
159,1563296400,1132,471,-661,1603,29,-1.6233099384981209,1.2168661942027623
159,1563310800,1187,452,-735,1639,29,-1.8282037197079988,1.2669781619767948
159,1563325200,168,233,65,401,29,0.3868641852636538,-0.4563167298079846
159,1563339600,1,0,-1,1,29,0.20412108310349245,-1.0131163717416776
159,1563354000,448,771,323,1219,29,1.1012235846170118,0.6823385379464173
159,1563368400,625,930,305,1555,29,1.0513845567551496,1.1500502371707193
159,1563382800,1106,504,-602,1610,29,-1.4599486805064614,1.226610187936602
159,1563397200,1197,579,-618,1776,29,-1.5042500386058946,1.4576820393390846
159,1563411600,147,193,46,340,29,0.334256322520577,-0.5412286752028728
159,1563426000,0,1,1,1,29,0.20965875286592156,-1.0131163717416776
159,1563440400,399,850,451,1249,29,1.4556344494124764,0.7240985110914442
159,1563454800,683,1124,441,1807,29,1.4279461006003307,1.5008340115889458
159,1563469200,1153,491,-662,1644,29,-1.6260787733793354,1.2739381575009658
159,1563483600,1124,427,-697,1551,29,-1.7229879942218453,1.1444822407513824
159,1563498000,166,216,50,382,29,0.3453316620454353,-0.482764712799835
159,1563512400,1,0,-1,1,29,0.20412108310349245,-1.0131163717416776
159,1563526800,347,671,324,1018,29,1.1039924194982262,0.4025467178747366
159,1563541200,595,814,219,1409,29,0.8132647569706969,0.9468183678649214
159,1563555600,1254,446,-808,1700,29,-2.030328666036662,1.351890107371683
159,1563570000,1122,410,-712,1532,29,-1.7645205174400638,1.118034257759532
159,1563584400,220,150,-70,370,29,0.013071476299687388,-0.4994687020578458
159,1563598800,0,0,0,0,29,0.206889917984707,-1.0145083708465117
159,1563613200,0,1,1,1,29,0.20965875286592156,-1.0131163717416776
159,1563622481,0,1,1,1,29,0.20965875286592156,-1.0131163717416776
159,1563627600,0,0,0,0,29,0.206889917984707,-1.0145083708465117
159,1563642000,13,6,-7,19,29,0.18750807381620505,-0.9880603878546613
159,1563656400,0,0,0,0,29,0.206889917984707,-1.0145083708465117
159,1563670800,0,0,0,0,29,0.206889917984707,-1.0145083708465117
159,1563685200,0,0,0,0,29,0.206889917984707,-1.0145083708465117
159,1563699600,1,0,-1,1,29,0.20412108310349245,-1.0131163717416776
159,1563714000,0,1,1,1,29,0.20965875286592156,-1.0131163717416776
159,1563728400,0,1,1,1,29,0.20965875286592156,-1.0131163717416776
159,1563742800,1,0,-1,1,29,0.20412108310349245,-1.0131163717416776
159,1563757200,0,0,0,0,29,0.206889917984707,-1.0145083708465117
159,1563771600,0,6,6,6,29,0.2235029272719944,-1.0061563762175063
159,1563786000,379,689,310,1068,29,1.0652287311612225,0.4721466731164482
159,1563800400,523,886,363,1409,29,1.2119769798655944,0.9468183678649214
159,1563814800,1092,451,-641,1543,29,-1.5679332408738296,1.1333462479127085
159,1563829200,1054,413,-641,1467,29,-1.5679332408738296,1.0275543159453069
159,1563843600,169,133,-36,302,30,0.0742771056376611,-0.5977636047092167
159,1563858000,8,11,3,19,30,0.18193718010123727,-0.996196277421407
159,1563872400,358,689,331,1047,30,1.0873860114872116,0.4511139259288815
159,1563879366,282,691,409,973,30,1.302706160414364,0.3469301175165066
159,1563886800,198,184,-14,382,30,0.1350084296940374,-0.48513246047962233
159,1563901200,1383,788,-595,2171,30,-1.4688506283402643,2.033581502354683
159,1563915600,1213,439,-774,1652,30,-1.9629827649807807,1.3028869541651895
159,1563930000,178,237,59,415,30,0.33652600497201335,-0.4386721134849146
159,1563944400,10,14,4,24,30,0.18469769483107257,-0.9891568309070574
159,1563958800,386,731,345,1117,30,1.1260332177049055,0.5496661771297766
159,1563973200,607,1130,523,1737,30,1.6174048396155867,1.4225575449091334
159,1563987600,1382,550,-832,1932,30,-2.1230926193112274,1.6970959589687697
159,1564002000,1148,443,-705,1591,30,-1.7725072486221458,1.2170057066901236
159,1564016400,205,273,68,478,30,0.36137063754053095,-0.349975087404109
159,1564030800,10,16,6,26,30,0.19021872429074313,-0.9863410523013175
159,1564045200,387,706,319,1093,30,1.054259834729188,0.5158768338608983
159,1564059600,628,984,356,1612,30,1.1563988797330937,1.2465713820503923
159,1564074000,1109,510,-599,1619,30,-1.4798926872596054,1.2564266071704817
159,1564088400,1086,453,-633,1539,30,-1.5737501880740052,1.1437954629408873
159,1564102800,194,249,55,443,30,0.32548394605267217,-0.39925121300455657
159,1564117200,15,25,10,40,30,0.20126078321008428,-0.9666306020611385
159,1564131600,318,656,338,974,30,1.1067096145960584,0.34833800681937654
159,1564146000,581,831,250,1412,30,0.8637843183705533,0.9649935214764062
159,1564160400,1175,553,-622,1728,30,-1.543384526045817,1.4098865411833041
159,1564174800,850,327,-523,1177,30,-1.2700935677921237,0.6341395353019724
159,1564189200,131,245,114,376,30,0.48835431511295413,-0.4935797962968419
159,1564203600,0,4,4,4,30,0.18469769483107257,-1.017314616964456
159,1564218000,0,4,4,4,30,0.18469769483107257,-1.017314616964456
159,1564232400,1,0,-1,1,30,0.17089512118189615,-1.0215382848730659
159,1564246800,0,1,1,1,30,0.1764161506415667,-1.0215382848730659
159,1564261200,1,0,-1,1,30,0.17089512118189615,-1.0215382848730659
159,1564275600,0,2,2,2,30,0.17917666537140198,-1.020130395570196
159,1564290000,0,1,1,1,30,0.1764161506415667,-1.0215382848730659
159,1564304400,0,0,0,0,30,0.17365563591173142,-1.0229461741759358
159,1564318800,0,1,1,1,30,0.1764161506415667,-1.0215382848730659
159,1564333200,0,0,0,0,30,0.17365563591173142,-1.0229461741759358
159,1564347600,0,0,0,0,30,0.17365563591173142,-1.0229461741759358
159,1564362000,0,1,1,1,30,0.1764161506415667,-1.0215382848730659
159,1564376400,0,6,6,6,30,0.19021872429074313,-1.0144988383587161
159,1564390800,309,672,363,981,30,1.1757224828419406,0.35819323193946606
159,1564405200,518,897,379,1415,30,1.2198907185193053,0.9692171893850159
159,1564419600,1066,426,-640,1492,30,-1.593073791182852,1.0776246657060005
159,1564434000,1068,386,-682,1454,30,-1.7090154098359343,1.0241248721969431
159,1564448400,197,201,4,398,31,0.2632990425059563,-1.1123050858228851
159,1564462800,12,20,8,32,31,0.27348126693241614,-1.7750118741629692
159,1564477200,366,694,328,1060,31,1.088059221049204,0.08636129090152905
159,1564491600,534,910,376,1444,31,1.2102459141667221,0.7816602163730926
159,1564506000,1097,492,-605,1589,31,-1.2869446264225557,1.0442079877100112
159,1564520400,1080,465,-615,1545,31,-1.3124001874887055,0.9645383191663944
159,1564549200,208,203,-5,411,31,0.24038903754642166,-1.0887663201168167
159,1564563600,377,658,281,1035,31,0.9684180840383008,0.04109443377447413
159,1564578000,589,931,342,1520,31,1.1236970065418135,0.9192714620393395
159,1564592400,1090,467,-623,1557,31,-1.332764636341625,0.9862664105873808
159,1564606800,1109,407,-702,1516,31,-1.533863568764207,0.9120287648990107
159,1564621200,195,229,34,424,31,0.3396657257044052,-1.0652275544107481
159,1564635600,13,14,1,27,31,0.25566237418611143,-1.78406524558838
159,1564650000,322,598,276,920,31,0.955690303505226,-0.1671331090099785
159,1564664400,550,880,330,1430,31,1.093150333262434,0.7563107763819419
159,1564678800,1058,488,-570,1546,31,-1.197850162691032,0.9663489934514766
159,1564693200,1117,410,-707,1527,31,-1.5465913492972818,0.931946182034915
159,1564707600,177,268,91,445,31,0.484762423781458,-1.027203394424022
159,1564722000,12,32,20,44,31,0.3040279402117957,-1.753283782741983
159,1564736400,312,553,241,865,31,0.8665958397737022,-0.2667201946894993
159,1564750800,533,777,244,1310,31,0.8742325080935471,0.5390298621720783
159,1564765200,1091,445,-646,1536,31,-1.391312426793769,0.9482422506006547
159,1564779600,746,356,-390,1102,31,-0.7396500635003389,0.16240961087498132
159,1565398800,8810,3016,-5794,11826,32,-4.059975929581515,4.0688880555674185
159,1565413200,14,22,8,36,32,0.29064993546712187,-0.4336874253377774
159,1565427600,84,113,29,197,32,0.3063967715867395,-0.37220187381735864
159,1565442000,291,276,-15,567,32,0.27340340066944546,-0.2308996746710548
159,1565456400,411,235,-176,646,32,0.15267765708571043,-0.20072974566414126
159,1565470800,352,229,-123,581,32,0.19241967205426916,-0.22555310497362707
159,1565485200,114,149,35,263,32,0.310895867620916,-0.3469966166723423
159,1565499600,15,42,27,57,32,0.3048970729086807,-0.4256675707916358
159,1565514000,46,67,21,113,32,0.3003979768745042,-0.4042812920019249
159,1565528400,296,247,-49,543,32,0.24790852314244552,-0.24006522272378802
159,1565542800,404,217,-187,621,32,0.14442931435638692,-0.21027719155240504
159,1565557200,307,182,-125,489,32,0.19091997337621033,-0.2606877058424378
159,1565571600,83,135,52,218,32,0.3236433063844159,-0.3641820192712171
159,1565586000,13,16,3,29,32,0.28690068877197483,-0.4363607101864912
159,1565600400,298,686,388,984,32,0.5755926842982977,-0.07164827725481503
159,1565614800,500,757,257,1257,32,0.477362420885445,0.03260983184502539
159,1565629200,1039,365,-674,1404,32,-0.22074731375093581,0.08874881366801639
159,1565643600,884,374,-510,1258,32,-0.09777202215011255,0.03299172968055594
159,1565658000,167,176,9,343,33,0.23866860210961674,-0.46728938666586584
159,1565672400,13,14,1,27,33,0.2133072326254829,-1.0038757112747403
159,1565686800,298,667,369,965,33,1.3799302288956397,0.5889026826591974
159,1565701200,491,734,243,1225,33,0.9804886595205317,1.0303977598690308
159,1565715600,1092,409,-683,1501,33,-1.9550898582679608,1.4990617649071618
159,1565730000,943,371,-572,1314,33,-1.6032008566756037,1.1815249209139354
159,1565744400,189,146,-43,335,33,0.07381970046274675,-0.48087385058001453
159,1565758800,9,19,10,28,33,0.24183877329513348,-1.0021776532854718
159,1565773200,307,682,375,989,33,1.39895125600874,0.6296560744016435
159,1565787600,491,824,333,1315,33,1.2658040662170373,1.183222978903204
159,1565802000,1089,403,-686,1492,33,-1.9646003718245109,1.4837792430037444
159,1565816400,990,399,-591,1389,33,-1.6634341092004215,1.3088792701090797
159,1565830800,244,192,-52,436,33,0.045288159793096174,-0.3093699936638869
159,1565845200,14,12,-2,26,33,0.2037967190689327,-1.005573769264009
159,1565859600,301,643,342,944,33,1.294335606886688,0.553243464884557
159,1565874000,493,853,360,1346,33,1.3513986882259892,1.2358627765705303
159,1565888400,1053,432,-621,1485,33,-1.7585392447659234,1.4718928370788644
159,1565902800,952,339,-613,1291,33,-1.7331778752817897,1.1424695871607577
159,1565917200,174,164,-10,338,33,0.17843534958479887,-0.47577967661220877
159,1565931600,11,14,3,25,33,0.21964757499651635,-1.0072718272532775
159,1565946000,275,558,283,833,33,1.107295506941201,0.36475902807574345
159,1565960400,560,701,141,1261,33,0.6571311985978252,1.0915278474827002
159,1565974800,960,398,-562,1358,33,-1.5714991448204365,1.2562394724417534
159,1565989200,666,300,-366,966,33,-0.9501455924591573,0.590600740648466
159,1566003600,113,126,13,239,33,0.2513492868516837,-0.6438874175497992
159,1566018000,0,0,0,0,33,0.21013706143996616,-1.0497232769849922
159,1566032400,0,1,1,1,33,0.2133072326254829,-1.0480252189957238
159,1566046800,0,1,1,1,33,0.2133072326254829,-1.0480252189957238
159,1566061200,0,0,0,0,33,0.21013706143996616,-1.0497232769849922
159,1566075600,0,0,0,0,33,0.21013706143996616,-1.0497232769849922
159,1566090000,0,0,0,0,33,0.21013706143996616,-1.0497232769849922
159,1566104400,0,0,0,0,33,0.21013706143996616,-1.0497232769849922
159,1566118800,0,0,0,0,33,0.21013706143996616,-1.0497232769849922
159,1566133200,0,0,0,0,33,0.21013706143996616,-1.0497232769849922
159,1566147600,0,0,0,0,33,0.21013706143996616,-1.0497232769849922
159,1566162000,0,0,0,0,33,0.21013706143996616,-1.0497232769849922
159,1566176400,0,0,0,0,33,0.21013706143996616,-1.0497232769849922
159,1566190800,2,8,6,10,33,0.22915808855306655,-1.0327426970923064
159,1566205200,269,591,322,860,33,1.2309321831763533,0.4106065937859954
159,1566219600,479,747,268,1226,33,1.0597429391584499,1.0320958178582995
159,1566234000,882,344,-538,1226,33,-1.495415036368035,1.0320958178582995
159,1566248400,847,322,-525,1169,33,-1.4542028109563174,0.9353065124699899
159,1566262800,136,143,7,279,34,0.25523182672188094,-0.5429402021454173
159,1566277200,7,14,7,21,34,0.25523182672188094,-1.0038693803378131
159,1566291600,282,542,260,824,34,1.1532759958433074,0.43072802310596164
159,1566306000,499,722,223,1221,34,1.021941473086419,1.1399872624175167
159,1566320400,926,424,-502,1350,34,-1.5515052566093679,1.3704518515137145
159,1566334800,967,373,-594,1340,34,-1.878066772653523,1.3525863794907536
159,1566349200,139,164,25,303,34,0.3191242972522591,-0.5000630692903107
159,1566363600,10,14,4,24,34,0.2445830816334846,-0.9985097387309249
159,1566378000,297,589,292,886,34,1.2668626101195353,0.5414939496483204
159,1566392400,492,640,148,1132,34,0.7557228458765098,0.980984561413163
159,1566406800,896,393,-503,1289,34,-1.5550548383055,1.2614724721736519
159,1566421200,941,337,-604,1278,34,-1.913562589614844,1.2418204529483947
159,1566435600,155,156,1,311,34,0.23393433654508825,-0.48577069167194187
159,1566450000,10,21,11,31,34,0.2694301535064094,-0.9860039083148522
159,1566464400,293,548,255,841,34,1.1355280873626468,0.4610993255449955
159,1566478800,453,682,229,1135,34,1.0432389632632115,0.9863442030200513
159,1566493200,912,400,-512,1312,34,-1.587001073570689,1.3025630578264624
159,1566507600,879,307,-572,1186,34,-1.7999759753386162,1.0774581103371528
159,1566522000,128,153,25,281,34,0.3191242972522591,-0.5393671077408251
159,1566536400,13,14,1,27,34,0.23393433654508825,-0.9931500971240366
159,1566550800,247,520,273,767,34,1.1994205578930248,0.3288948325750835
159,1566565200,517,658,141,1175,34,0.730875774003585,1.0578060911118956
159,1566579600,849,329,-520,1178,34,-1.615397727139746,1.063165732718784
159,1566594000,788,320,-468,1108,34,-1.4308194789408757,0.9381074285580564
159,1566608400,110,161,51,271,34,0.41141342135169423,-0.5572325797637862
159,1566622800,0,1,1,1,34,0.23393433654508825,-1.0396003243837353
159,1566637200,0,0,0,0,34,0.23038475484895612,-1.0413868715860315
159,1566651600,0,0,0,0,34,0.23038475484895612,-1.0413868715860315
159,1566666000,0,0,0,0,34,0.23038475484895612,-1.0413868715860315
159,1566680400,0,0,0,0,34,0.23038475484895612,-1.0413868715860315
159,1566694800,1,0,-1,1,34,0.226835173152824,-1.0396003243837353
159,1566709200,0,0,0,0,34,0.23038475484895612,-1.0413868715860315
159,1566723600,0,0,0,0,34,0.23038475484895612,-1.0413868715860315
159,1566738000,0,0,0,0,34,0.23038475484895612,-1.0413868715860315
159,1566752400,0,0,0,0,34,0.23038475484895612,-1.0413868715860315
159,1566766800,0,0,0,0,34,0.23038475484895612,-1.0413868715860315
159,1566781200,0,4,4,4,34,0.2445830816334846,-1.034240682776847
159,1566795600,2,11,9,13,34,0.2623309901141452,-1.0181617579561821
159,1566810000,267,628,361,895,34,1.5117837471526514,0.5575728744689854
159,1566824400,474,753,279,1227,34,1.2207180480698177,1.1507065456312933
159,1566838800,917,417,-500,1334,34,-1.5444060932171035,1.3418670962769768
159,1566853200,997,440,-557,1437,34,-1.7467322498966344,1.525881458113476
159,1566867600,72,33,-39,105,35,0.1994002233475217,-1.1219845405513387
159,1566882000,0,1,1,1,35,0.3245842200679389,-1.3086543231798238
159,1566896400,274,574,300,848,35,1.2603345955530576,0.21162746418870385
159,1566910800,619,865,246,1484,35,1.0913361999804945,1.353184981032132
159,1566925200,1024,454,-570,1478,35,-1.4624173331160168,1.3424155704958731
159,1566939600,1135,387,-748,1522,35,-2.0194861185218738,1.4213912477617707
159,1566954000,46,45,-1,91,35,0.31832502023191805,-1.1471131651359425
159,1566968400,0,1,1,1,35,0.3245842200679389,-1.3086543231798238
159,1566982800,304,625,321,929,35,1.3260561938312767,0.35701450642819704
159,1566997200,536,929,393,1465,35,1.5513873879280278,1.3190818476673125
159,1567011600,1057,517,-540,1574,35,-1.368529335575704,1.5147261390760134
159,1567026000,1097,373,-724,1470,35,-1.9443757204896233,1.3280563564475283
159,1567040400,58,51,-7,109,35,0.2995474207238555,-1.1148049335271664
159,1567054800,0,0,0,0,35,0.3214546201499285,-1.310449224935867
159,1567069200,267,571,304,838,35,1.2728529952250993,0.19367844662827258
159,1567083600,559,846,287,1405,35,1.2196497966189221,1.211387742304725
159,1567098000,1065,430,-635,1495,35,-1.665841327786695,1.3729289003486063
159,1567112400,1239,287,-952,1526,35,-2.6579245017960016,1.4285708547859433
159,1567126800,26,54,28,80,35,0.4090834178542206,-1.1668570844524169
159,1567141200,0,0,0,0,35,0.3214546201499285,-1.310449224935867
159,1567155600,216,496,280,712,35,1.197742597192849,-0.03247917463316129
159,1567170000,580,702,122,1282,35,0.703265810147201,0.9906148263114205
159,1567184400,1074,427,-647,1501,35,-1.7033965268028202,1.383698310884865
159,1567198800,675,382,-293,1057,35,-0.5955181558271276,0.5867619312017172
159,1567213200,201,209,8,410,35,0.3464914194940119,-0.5745395049581853
159,1567227600,10,48,38,58,35,0.44037941703432487,-1.2063449230853658
159,1567242000,71,84,13,155,35,0.36213941908406405,-1.0322394527491825
159,1567256400,517,229,-288,746,35,-0.5798701562370754,0.028547485072304996
159,1567270800,599,351,-248,950,35,-0.45468615951665825,0.3947074433051027
159,1567285200,436,381,-55,817,35,0.1493266246593548,0.15598550975136694
159,1567299600,162,273,111,435,35,0.6688402110490863,-0.5296669610571072
159,1567314000,17,59,42,76,35,0.4528978167063666,-1.1740366914765894
159,1567328400,70,62,-8,132,35,0.29641782080584506,-1.0735221931381744
159,1567342800,545,247,-298,792,35,-0.6111661554171798,0.11111296585028879
159,1567357200,815,389,-426,1204,35,-1.011754944922515,0.8506124893400567
159,1567371600,463,452,-11,915,35,0.2870290210518137,0.3318858818435933
159,1567386000,167,290,123,457,35,0.7063954100652114,-0.4901791224241584
159,1567400400,14,33,19,47,35,0.3809170185921267,-1.2260888424018401
159,1567414800,69,64,-5,133,35,0.30580662055987634,-1.0717272913821312
159,1567429200,504,247,-257,751,35,-0.4828525587787521,0.03752199385252063
159,1567443600,516,374,-142,890,35,-0.12294856820755264,0.28701333794251516
159,1567458000,390,333,-57,723,35,0.14306742482333396,-0.012735255316686903
159,1567472400,125,189,64,314,36,0.3744630521780266,-1.005920307268053
159,1567486800,11,16,5,27,36,0.22911226218787153,-1.405675133320048
159,1567501200,294,727,433,1021,36,1.28352138279442,-0.021158418700943427
159,1567515600,598,1160,562,1758,36,1.6013222626034032,1.0053896886172458
159,1567530000,1180,709,-471,1889,36,-0.9435483485801591,1.1878561771636267
159,1567544400,1379,520,-859,1899,36,-1.899414560718806,1.2017849167473198
159,1567558800,322,196,-126,518,36,-0.09361576304450665,-0.7217740197607116
159,1567573200,14,22,8,36,36,0.23650298032296418,-1.393139267694724
159,1567587600,314,668,354,982,36,1.0888991385703142,-0.07548050307734692
159,1567602000,623,1132,509,1755,36,1.4707529088834335,1.0012110667421377
159,1567616400,1222,777,-445,1999,36,-0.879495458076023,1.3410723125842519
159,1567630800,1464,530,-934,1994,36,-2.084182514096122,1.3341079427924054
159,1567645200,384,149,-235,533,36,-0.36214518861953887,-0.7008809103851718
159,1567659600,18,26,8,44,36,0.23650298032296418,-1.3819962760277695
159,1567674000,368,660,292,1028,36,0.9361576304450665,-0.011408300992358183
159,1567688400,624,1213,589,1837,36,1.6678387258192369,1.115426731328422
159,1567702800,1225,749,-476,1974,36,-0.9558662121386469,1.306250463625019
159,1567717200,1500,603,-897,2103,36,-1.9930303237633127,1.4859312042546613
159,1567731600,341,249,-92,590,36,-0.009854290846790174,-0.6214870947581206
159,1567746000,17,28,11,45,36,0.2438936984580568,-1.3806034020694002
159,1567760400,369,639,270,1008,36,0.8819590307877205,-0.03926578015974459
159,1567774800,751,1029,278,1780,36,0.9016676124813009,1.0360329157013708
159,1567789200,1361,612,-749,1973,36,-1.6284215624320761,1.3048575896666497
159,1567803600,1141,419,-722,1560,36,-1.5619050992162427,0.7296006448601203
159,1567818000,200,316,116,516,36,0.5025688331862989,-0.7245597676774502
159,1567832400,22,48,26,70,36,0.28084728913352,-1.3457815531101671
159,1567846800,115,137,22,252,36,0.2709929982867298,-1.0922784926869509
159,1567861200,536,382,-154,918,36,-0.16259579897203788,-0.16462443641298344
159,1567875600,754,406,-348,1160,36,-0.6405289050413613,0.17245106151239212
159,1567890000,628,444,-184,1072,36,-0.23650298032296418,0.049878153175891914
159,1567904400,179,382,203,561,36,0.7168996591039851,-0.6618804395508309
159,1567918800,60,68,8,128,36,0.23650298032296418,-1.2649948635247465
159,1567933200,98,76,-22,174,36,0.16259579897203788,-1.200922661439758
159,1567947600,529,284,-245,813,36,-0.38678091573651435,-0.3108762020417621
159,1567962000,655,504,-151,1159,36,-0.15520508083694523,0.1710581875540228
159,1567976400,422,396,-26,818,36,0.1527415081252477,-0.30391183224991547
159,1567990800,138,197,59,335,36,0.36214518861953887,-0.9766699541422973
159,1568005200,11,14,3,25,36,0.22418511676447644,-1.4084608812367865
159,1568019600,407,668,261,1075,36,0.8597868763824427,0.05405677505099988
159,1568034000,611,1184,573,1795,36,1.6284215624320761,1.0569260250769106
159,1568048400,1133,741,-392,1874,36,-0.7489261043560532,1.166963067788087
159,1568062800,1465,643,-822,2108,36,-1.8082623703859968,1.492895574046508
159,1568077200,454,187,-267,641,37,-0.35420010502844673,-0.5989699789415731
159,1568091600,13,15,2,28,37,0.28854849545523314,-1.406694736841727
159,1568106000,395,621,226,1016,37,0.823774095858,-0.10484798185746592
159,1568120400,653,1277,624,1930,37,1.7747552965736306,1.0994920323688648
159,1568134800,1226,805,-421,2031,37,-0.7221677053053489,1.232575556916851
159,1568149200,1592,604,-988,2196,37,-2.0769575063248524,1.4499892356338582
159,1568163600,379,199,-180,578,37,-0.14632230487201492,-0.6819824744517031
159,1568178000,10,12,2,22,37,0.28854849545523314,-1.4146006887950728
159,1568192400,432,653,221,1085,37,0.8118270958490097,-0.013929534393990198
159,1568206800,663,1181,518,1844,37,1.5214788963830355,0.9861733877042428
159,1568221200,1265,687,-578,1952,37,-1.0973035055876454,1.1284805228644657
159,1568235600,1578,636,-942,2214,37,-1.9670451062421415,1.4737070914938952
159,1568250000,440,207,-233,647,37,-0.27296050496731245,-0.5910640269882275
159,1568264400,16,20,4,36,37,0.2933272954588293,-1.3961534675705995
159,1568278800,456,688,232,1144,37,0.8381104958687884,0.063812326480576
159,1568293200,661,1232,571,1893,37,1.6481170964783332,1.0507386619898995
159,1568307600,1286,784,-502,2070,37,-0.9157091054509923,1.2839642446135981
159,1568322000,1713,654,-1059,2367,37,-2.2466049064525153,1.675308866304211
159,1568336400,395,250,-145,645,37,-0.06269330480908261,-0.5936993443060093
159,1568350800,14,41,27,55,37,0.34828349550018484,-1.3711179530516713
159,1568365200,411,565,154,976,37,0.6517372957285392,-0.15755432821310403
159,1568379600,766,1040,274,1806,37,0.9384652959443072,0.9361023586663866
159,1568394000,1363,685,-678,2048,37,-1.3362435057674518,1.254975754117997
159,1568408400,1402,563,-839,1965,37,-1.7209369060569406,1.1456100854300482
159,1568422800,358,350,-8,708,37,0.2646544954372525,-0.5106868487958793
159,1568437200,30,75,45,105,37,0.39129269553255003,-1.3052350201071237
159,1568451600,108,156,48,264,37,0.3984608955379442,-1.0957272933434623
159,1568466000,518,450,-68,968,37,0.1212904953293685,-0.16809559748423164
159,1568480400,674,477,-197,1151,37,-0.18694210490258206,0.07303593709281267
159,1568494800,675,402,-273,1077,37,-0.36853650503923513,-0.02447080366511782
159,1568509200,210,305,95,515,37,0.5107626956224534,-0.7649949699618331
159,1568523600,17,59,42,76,37,0.38412449552715583,-1.3434471212149615
159,1568538000,88,68,-20,156,37,0.2359816954156757,-1.238034428503685
159,1568552400,464,330,-134,794,37,-0.03640990478930387,-0.3973682041312574
159,1568566800,541,493,-48,1034,37,0.16907849536532985,-0.08113012599742878
159,1568581200,460,423,-37,883,37,0.19536189538510856,-0.28009658348996264
159,1568595600,127,177,50,304,37,0.4032396955415403,-1.0430209469878242
159,1568610000,14,15,1,29,37,0.2861590954534351,-1.405377078182836
159,1568624400,404,621,217,1025,37,0.8022694958418174,-0.09298905392744736
159,1568638800,552,1190,638,1742,37,1.8082068965988036,0.8517722044973657
159,1568653200,1167,688,-479,1855,37,-0.8607529054096368,1.0006676329520432
159,1568667600,1511,628,-883,2139,37,-1.8260705061360554,1.3748826920770738
159,1568682000,423,193,-230,616,38,-0.2897866965826422,-0.6791159841226312
159,1568696400,15,12,-3,27,38,0.2813992379261258,-1.4406395422217948
159,1568710800,430,693,263,1123,38,0.9507184387161359,-0.02361098589465843
159,1568725200,632,1235,603,1867,38,1.8062392216808105,0.9383135085463904
159,1568739600,1196,825,-371,2021,38,-0.6445761977532868,1.1374215356215538
159,1568754000,1561,669,-892,2230,38,-1.9555359857668027,1.4076395723664181
159,1568768400,484,186,-298,670,38,-0.4608908531755772,-0.6092988837196519
159,1568782800,14,20,6,34,38,0.30404537629872014,-1.431589177354742
159,1568797200,429,636,207,1065,38,0.80980913328666,-0.09859972336452513
159,1568811600,725,1258,533,1983,38,1.6301025898939658,1.0882909834861239
159,1568826000,1259,733,-526,1992,38,-1.0345930252813003,1.0999271668866204
159,1568840400,1560,643,-917,2203,38,-2.018441925690676,1.3727310221649285
159,1568854800,383,211,-172,594,38,-0.14384491595925658,-0.7075599879905117
159,1568869200,15,19,4,34,38,0.29901290110481027,-1.431589177354742
159,1568883600,436,697,261,1133,38,0.945685963522226,-0.010681893227440032
159,1568898000,707,1168,461,1875,38,1.4489334829132112,0.9486567826801651
159,1568912400,1257,795,-462,2052,38,-0.8735538190761849,1.1775017228899307
159,1568926800,1690,740,-950,2430,38,-2.1014777663901882,1.6662214257107861
159,1568941200,472,275,-197,747,38,-0.2067508558831297,-0.5097448701820702
159,1568955600,22,29,7,51,38,0.30656161389567504,-1.4096097198204707
159,1568970000,427,615,188,1042,38,0.7620006189445165,-0.12833663649912747
159,1568984400,940,1086,146,2026,38,0.6563186398724096,1.1438860819551628
159,1568998800,1486,701,-785,2187,38,-1.6862985628926257,1.3520444738973791
159,1569013200,1338,686,-652,2024,38,-1.3516389624976206,1.1413002634217193
159,1569027600,319,424,105,743,38,0.5531528983972577,-0.5149165072489575
159,1569042000,43,67,24,110,38,0.34933765304390874,-1.3333280730838821
159,1569056400,105,232,127,337,38,0.6085101255302661,-1.0398376695380245
159,1569070800,603,494,-109,1097,38,0.01467805264890372,-0.057226626829426266
159,1569085200,829,467,-362,1296,38,-0.6219300593806925,0.20006231724821985
159,1569099600,705,436,-269,1141,38,-0.38791996286388436,-0.00033861909366531375
159,1569114000,238,365,127,603,38,0.6085101255302661,-0.6959238045900151
159,1569128400,34,72,38,106,38,0.3845649794012777,-1.3384997101507694
159,1569142800,85,82,-3,167,38,0.2813992379261258,-1.2596322448807373
159,1569157200,511,353,-158,864,38,-0.10861758960188762,-0.35847448597561493
159,1569171600,678,469,-209,1147,38,-0.2369457070465888,0.007418836506665725
159,1569186000,393,414,21,807,38,0.34178894025304396,-0.4321703141787598
159,1569200400,146,190,44,336,38,0.39966240498300726,-1.0411305788047462
159,1569214800,14,11,-3,25,38,0.2813992379261258,-1.4432253607552386
159,1569229200,409,741,332,1150,38,1.1243388329060258,0.011297564306831244
159,1569243600,626,1187,561,1813,38,1.7005572426087037,0.868496408143411
159,1569258000,1224,731,-493,1955,38,-0.9515571845817876,1.0520895240179122
159,1569272400,1515,695,-820,2210,38,-1.774366878786048,1.3817813870319815
159,1569286800,472,185,-287,657,39,-0.5370090133548363,-0.3058345983277685
159,1569301200,19,17,-2,36,39,0.2686645212821127,-1.1251357650835754
159,1569315600,440,678,238,1118,39,0.947126445186912,0.3023744803750124
159,1569320509,204,639,435,843,39,1.5040306077254346,-0.06044004596612588
159,1569330000,448,570,122,1018,39,0.619203181966259,0.1704419253418712
159,1569344400,1368,803,-565,2171,39,-1.3228940752112288,1.6916242848739889
159,1569346965,485,159,-326,644,39,-0.6472590759893662,-0.32298583048207685
159,1569347044,14,0,-14,14,39,0.23474142508687276,-1.1541609271908664
159,1569347124,12,0,-12,12,39,0.24039527445274608,-1.1567995782915292
159,1569347205,17,26,9,43,39,0.29976069279441603,-1.1159004862312554
159,1569347280,14,5,-9,19,39,0.24887604850155606,-1.1475642994392092
159,1569347362,18,7,-11,25,39,0.24322219913568274,-1.1396483461372209
159,1569347445,12,37,25,49,39,0.34499148772140265,-1.107984532929267
159,1569347526,15,0,-15,15,39,0.23191450040393607,-1.152841601640535
159,1569347606,12,5,-7,17,39,0.2545298978674294,-1.150202950539872
159,1569347687,14,22,8,36,39,0.29693376811147937,-1.1251357650835754
159,1569358800,1080,591,-489,1671,39,-1.1080477993080424,1.0319615097082833
159,1569373200,484,200,-284,684,39,-0.5285282393060263,-0.27021280846882034
159,1569387600,23,11,-12,34,39,0.24039527445274608,-1.127774416184238
159,1569402000,439,794,355,1233,39,1.2778766330905016,0.45409691866312474
159,1569416400,740,1286,546,2026,39,1.8178192475314043,1.5003220800759343
159,1569430800,1351,838,-513,2189,39,-1.1758939916985223,1.7153721447799544
159,1569445200,1583,720,-863,2303,39,-2.1653176307263546,1.8657752575177353
159,1569459600,516,208,-308,724,39,-0.5963744316965063,-0.2174397864555639
159,1569474000,16,15,-1,31,39,0.27149144596504937,-1.1317323928352323
159,1569488400,461,717,256,1178,39,0.9980110894797719,0.3815340133948971
159,1569502800,699,1129,430,1828,39,1.4898959843107513,1.2390956211103148
159,1569517200,1335,712,-623,2047,39,-1.4868557068215553,1.5280279166328938
159,1569531600,1655,582,-1073,2237,39,-2.7589718141430537,1.778699771195862
159,1569546000,444,290,-154,734,39,-0.16102803052426012,-0.20424653095224976
159,1569560400,19,45,26,64,39,0.3478184124043393,-1.0881946496742958
159,1569574800,458,641,183,1099,39,0.7916455876253955,0.2773072949187156
159,1569589200,793,1065,272,1858,39,1.0432418844067586,1.2786753876202572
159,1569603600,1400,682,-718,2082,39,-1.7554135517005383,1.5742043108944932
159,1569618000,1310,472,-838,1782,39,-2.0946445136529377,1.17840664579507
159,1569632400,323,406,83,729,39,0.5089531193317292,-0.21084315870390682
159,1569646800,26,67,41,93,39,0.39022228264838926,-1.0499342087146848
159,1569661200,125,152,27,277,39,0.35064533708727597,-0.807178307453705
159,1569675600,619,475,-144,1094,39,-0.1327587836948935,0.2707106671670585
159,1569690000,729,402,-327,1131,39,-0.6500860006723028,0.31952571252932077
159,1569704400,675,401,-274,1076,39,-0.5002589924766597,0.2469628072610931
159,1569718800,216,361,145,577,39,0.6842224496738023,-0.41138064235428146
159,1569733200,30,54,24,84,39,0.342164563038466,-1.0618081386676674
159,1569747600,92,86,-6,178,39,0.25735682255036607,-0.9377915369365147
159,1569762000,468,354,-114,822,39,-0.047951043206793595,-0.08814588252308553
159,1569776400,558,467,-91,1025,39,0.017068224500749664,0.1796772041941911
159,1569790800,461,397,-64,858,39,0.09339519094003958,-0.0406501627111547
159,1569805200,168,192,24,360,39,0.342164563038466,-0.6976742867761978
159,1569819600,19,22,3,41,39,0.282799144696796,-1.1185391373319182
159,1569834000,282,589,307,871,39,1.1421842483095417,-0.023498930556846345
159,1569848400,556,1114,558,1670,39,1.8517423437266443,1.0306421841579518
159,1569862800,1090,740,-350,1830,39,-0.7151052683798461,1.2417342722109777
159,1569877200,1318,552,-766,1870,39,-1.8911059364814982,1.2945072942242342
159,1569891600,449,166,-283,615,40,-0.463090461543901,-0.4409556088592849
159,1569906000,13,15,2,28,40,0.20379991678628367,-1.1332199734044206
159,1569920400,345,619,274,964,40,0.8402707339996528,-0.029370833346078224
159,1569934800,636,1184,548,1820,40,1.4814214836925321,0.9801322263653973
159,1569949200,1217,772,-445,1989,40,-0.8421649923842165,1.1794383210981536
159,1569963600,1471,523,-948,1994,40,-2.0191680109809984,1.1853349511198328
159,1569978000,448,203,-245,651,40,-0.37417174443320966,-0.39849987270319487
159,1569992400,20,14,-6,34,40,0.1850801868682434,-1.1261440173784056
159,1570006800,431,709,278,1140,40,0.849630598958673,0.1781905434170289
159,1570021200,659,1302,643,1961,40,1.7037182764692602,1.1464171929767502
159,1570035600,1288,654,-634,1942,40,-1.284418611697918,1.1240099988943693
159,1570050000,1576,724,-852,2300,40,-1.7945312519645154,1.5462087084465985
159,1570064400,491,216,-275,707,40,-0.4443707316258607,-0.332457616460388
159,1570078800,15,23,8,38,40,0.21783971422481388,-1.1214267133610623
159,1570093200,421,677,256,1098,40,0.7981513416840622,0.1286588512349238
159,1570107600,750,1324,574,2074,40,1.542260605926163,1.2796810314666995
159,1570122000,1419,766,-653,2185,40,-1.3288779702532636,1.4105862179479773
159,1570136400,1618,653,-965,2271,40,-2.058947437056834,1.5120082543208593
159,1570150800,370,293,-77,663,40,0.018942583845636005,-0.38434796065116483
159,1570165200,18,26,8,44,40,0.21783971422481388,-1.1143507573350473
159,1570179600,417,663,246,1080,40,0.7747516792865119,0.10743098315687874
159,1570194000,829,1028,199,1857,40,0.6647732660180253,1.023767288525823
159,1570208400,1442,731,-711,2173,40,-1.4645960121590555,1.3964343058959474
159,1570222800,1265,477,-788,1742,40,-1.6447734126201932,0.888144798027202
159,1570237200,307,308,1,615,40,0.20145995054652865,-0.4409556088592849
159,1570251600,1,1,0,2,40,0.1991199843067736,-1.1638824495171523
159,1570266000,1,0,-1,1,40,0.19678001806701859,-1.1650617755214883
159,1570280400,1,0,-1,1,40,0.19678001806701859,-1.1650617755214883
159,1570294800,0,1,1,1,40,0.20145995054652865,-1.1650617755214883
159,1570309200,0,0,0,0,40,0.1991199843067736,-1.166241101525824
159,1570323600,2,0,-2,2,40,0.19444005182726354,-1.1638824495171523
159,1570338000,0,2,2,2,40,0.20379991678628367,-1.1638824495171523
159,1570352400,13,55,42,68,40,0.29739856637648504,-1.0860469332309872
159,1570366800,116,366,250,482,40,0.784111544245532,-0.5978059674359512
159,1570381200,274,536,262,810,40,0.8121911391225924,-0.21098703801379695
159,1570395600,230,443,213,673,40,0.6975327933745957,-0.3725547006078065
159,1570410000,131,199,68,330,40,0.3582376886101159,-0.7770635200949981
159,1570424400,17,17,0,34,40,0.1991199843067736,-1.1261440173784056
159,1570438800,408,650,242,1058,40,0.7653918143274917,0.08148581106149035
159,1570453200,644,1250,606,1894,40,1.617139525598324,1.0674023506862491
159,1570467600,1264,757,-507,2021,40,-0.9872428992490286,1.2171767532369002
159,1570482000,1537,633,-904,2170,40,-1.916209496431777,1.3928963278829398
159,1570496400,454,136,-318,590,41,-0.5190098249191244,-0.7068844682632468
159,1570510800,21,9,-12,30,41,0.2479574361893713,-1.463881358194111
159,1570525200,426,670,244,1096,41,0.8896032494043221,-0.02288370700428747
159,1570539600,717,1268,551,1985,41,1.6590769394706888,1.1788488557609593
159,1570554000,1285,729,-556,2014,41,-1.115539916892399,1.2180504804180934
159,1570568400,1448,607,-841,2055,41,-1.8298721698856057,1.2734734670023173
159,1570582800,412,197,-215,609,41,-0.26084764225842166,-0.6812006452120211
159,1570597200,21,22,1,43,41,0.280541012641693,-1.4463082161064302
159,1570611600,323,564,241,887,41,0.8820839625307093,-0.3054057605677707
159,1570626000,670,1198,528,1868,41,1.6014290734396581,1.0206905769718324
159,1570640400,1156,757,-399,1913,41,-0.7220305705066674,1.0815206841984197
159,1570654800,1468,582,-886,2050,41,-1.9426614729897964,1.266714566199363
159,1570669200,444,203,-241,647,41,-0.32601479516306503,-0.6298329991095696
159,1570683600,19,13,-6,32,41,0.2629960099365967,-1.4611777978729292
159,1570698000,445,714,269,1159,41,0.9522639733510946,0.06227844311293474
159,1570712400,674,1246,572,1920,41,1.7117119475859777,1.0909831453225554
159,1570726800,1350,830,-520,2180,41,-1.0253084744090466,1.442445987076171
159,1570741200,1705,680,-1025,2385,41,-2.2910550981338518,1.7195609199972908
159,1570755600,458,307,-151,765,41,-0.10043618895468397,-0.47032294015985177
159,1570770000,18,52,34,70,41,0.3632531682514328,-1.4098101517704777
159,1570784400,448,661,213,1109,41,0.8119039517103241,-0.005310564916606695
159,1570798800,812,1140,328,1952,41,1.1001432818654777,1.134240110461462
159,1570813200,1455,648,-807,2103,41,-1.7446535853179952,1.3383589147106771
159,1570827600,1321,585,-736,1906,41,-1.5666971293091612,1.072058223074284
159,1570842000,317,369,52,686,41,0.408368889493109,-0.5771135728465273
159,1570856400,32,72,40,104,41,0.3782917419986582,-1.3638496263103896
159,1570870800,148,145,-3,293,41,0.2705152968102094,-1.108363175958723
159,1570885200,628,525,-103,1153,41,0.019872401023119293,0.05416776214938977
159,1570899600,766,506,-260,1272,41,-0.37363694536261216,0.2150296012596984
159,1570914000,714,499,-215,1213,41,-0.26084764225842166,0.1352745717848395
159,1570928400,246,392,146,638,41,0.6439732115329737,-0.641999020554887
159,1570942800,40,77,37,117,41,0.37077245512504553,-1.3462764842227088
159,1570957200,91,86,-5,177,41,0.2655024388944676,-1.2651696745872592
159,1570971600,552,403,-149,955,41,-0.09542333103894217,-0.21348470964759433
159,1570986000,773,497,-276,1270,41,-0.4137398086885466,0.21232604093851673
159,1571000400,468,477,9,945,41,0.30059244430466026,-0.22700251125350263
159,1571014800,171,234,63,405,41,0.43593960802968895,-0.9569637979725502
159,1571029200,17,29,12,46,41,0.30811173117827295,-1.4422528756246578
159,1571043600,221,520,299,741,41,1.0274568420872217,-0.5027656640140317
159,1571058000,632,1137,505,1769,41,1.5437812074086272,0.8868643410733403
159,1571072400,1063,704,-359,1767,41,-0.6217734121918314,0.8841607807521586
159,1571086800,1272,552,-720,1824,41,-1.5265942659832268,0.9612122499058359
159,1571101200,477,160,-317,637,42,-0.3157480340248937,-0.6535115644431111
159,1571115600,25,27,2,52,42,0.3006576427732304,-1.3384400777889816
159,1571130000,424,633,209,1057,42,0.7006450255231103,-0.16176801639992217
159,1571144400,690,1213,523,1903,42,1.3073891713369379,0.8287439875156442
159,1571158800,1226,780,-446,2006,42,-0.5650155334197464,0.9493382385833786
159,1571173200,1628,700,-928,2328,42,-1.4963871203059402,1.3263416254164901
159,1571187600,425,215,-210,640,42,-0.1089912709609461,-0.6499991105285169
159,1571202000,20,17,-3,37,42,0.2909961117889338,-1.3560023473619525
159,1571216400,440,722,282,1162,42,0.8417033778938409,-0.038832129389124934
159,1571230800,735,1326,591,2061,42,1.4387859927233717,1.0137332270176056
159,1571245200,1096,653,-443,1749,42,-0.5592186148291685,0.6484380198998082
159,1571259600,2990,615,-2375,3605,42,-4.292434187161381,2.8214761750620907
159,1571274000,440,202,-238,642,42,-0.16309584447300715,-0.6476574745854541
159,1571288400,20,10,-10,30,42,0.27746996841091853,-1.3641980731626724
159,1571302800,437,675,238,1112,42,0.7566819052320306,-0.09737302796569504
159,1571317200,715,1276,561,1991,42,1.3808168068175921,0.9317759690104076
159,1571331600,1356,824,-532,2180,42,-0.7311938663496482,1.1530605656298425
159,1571346000,1707,801,-906,2508,42,-1.453876383975035,1.5370888602921424
159,1571360400,438,299,-139,737,42,0.02820246901606585,-0.5364297672899709
159,1571374800,23,29,6,52,42,0.30838686756066774,-1.3384400777889816
159,1571389200,412,620,208,1032,42,0.698712719326251,-0.19103846568820723
159,1571403600,859,1177,318,2036,42,0.9112664009807765,0.9844627777293207
159,1571418000,1530,695,-835,2225,42,-1.3166826439980233,1.2057473743487557
159,1571432400,1429,666,-763,2095,42,-1.177556597824152,1.0535410380496735
159,1571446800,391,337,-54,728,42,0.19244849574910833,-0.5469671290337536
159,1571461200,28,48,20,76,42,0.33543915431669824,-1.3103404464722277
159,1571475600,140,241,101,381,42,0.49195595626230343,-0.9532409651551501
159,1571490000,656,738,82,1394,42,0.4552421385219763,0.2327976400061604
159,1571504400,958,635,-323,1593,42,-0.32734187120604963,0.46579041634090945
159,1571518800,717,454,-263,1171,42,-0.21140349939449024,-0.02829476764534231
159,1571533200,217,375,158,592,42,0.6020974094832848,-0.7061983731620243
159,1571547600,24,55,31,79,42,0.3566945224821508,-1.3068279925576336
159,1571562000,89,82,-7,171,42,0.2832668870014965,-1.1991127391767447
159,1571576400,544,383,-161,927,42,-0.014308267314839262,-0.3139743526990045
159,1571590800,686,526,-160,1212,42,-0.012375961117979938,0.019708769187445182
159,1571605200,429,340,-89,769,42,0.12481777885903202,-0.49896359220096603
159,1571619600,185,177,-8,362,42,0.2813345808046372,-0.9754865066142467
159,1571634000,22,22,0,44,42,0.29679303037951177,-1.3478066215612328
159,1571648400,414,630,216,1044,42,0.7141711689011255,-0.17698865002983039
159,1571662800,635,1133,498,1768,42,1.2590815164154547,0.6706835613589048
159,1571677200,1208,762,-446,1970,42,-0.5650155334197464,0.9071887916082481
159,1571691600,1439,600,-839,2039,42,-1.3244118687854605,0.9879752316439149
159,1571706000,402,189,-213,591,43,-0.21928727298748552,-0.7175658138921741
159,1571720400,24,12,-12,36,43,0.29013021698509367,-1.4216006283473714
159,1571734800,424,589,165,1013,43,0.7387217380057232,-0.1822456486667809
159,1571749200,685,1215,530,1900,43,1.663783349149959,0.9429415232643181
159,1571763600,1263,743,-520,2006,43,-0.9973527924978428,1.0774058301692748
159,1571778000,1556,659,-897,2215,43,-1.9528273881180536,1.3425288503875383
159,1571792400,389,154,-235,543,43,-0.2750444111934395,-0.7784553113585696
159,1571806800,21,13,-8,34,43,0.3002678784770853,-1.4241376907418046
159,1571821200,444,652,208,1096,43,0.847701599044633,-0.07695755929780544
159,1571835600,686,1247,561,1933,43,1.742350225712894,0.984803052772465
159,1571850000,1371,831,-540,2202,43,-1.048041099957801,1.3260379448237227
159,1571864400,1595,746,-849,2341,43,-1.831175450214154,1.5023637812368262
159,1571878800,509,204,-305,713,43,-0.4524534873032929,-0.5628050078317524
159,1571893200,19,18,-1,37,43,0.31800878608807065,-1.4203320971501547
159,1571907600,399,710,311,1109,43,1.1087463824634174,-0.06046665373399001
159,1571922000,715,1193,478,1908,43,1.5319937497540679,0.9530897728420508
159,1571936400,1320,806,-514,2126,43,-0.9821463002598554,1.2296295738352634
159,1571950800,1658,836,-822,2494,43,-1.7627462351432106,1.6964490544109618
159,1571965200,545,225,-320,770,43,-0.4904697178982615,-0.4904987295904078
159,1571979600,32,31,-1,63,43,0.31800878608807065,-1.387350286022524
159,1571994000,451,587,136,1038,43,0.6652236921887839,-0.1505323687363666
159,1572008400,886,1212,326,2098,43,1.1467626130583861,1.1941107003131994
159,1572022800,1388,732,-656,2120,43,-1.3420332832255581,1.222018386651964
159,1572037200,1358,586,-772,1944,43,-1.6360254664933152,0.9987568959418474
159,1572051600,370,404,34,774,43,0.4067133241429974,-0.48542460480154154
159,1572066000,38,58,20,96,43,0.3712315089210267,-1.3454887565143772
159,1572080400,136,176,40,312,43,0.4219198163809848,-1.0714860179155976
159,1572094800,672,534,-138,1206,43,-0.029206120012642528,0.06258087239601744
159,1572109200,877,540,-337,1417,43,-0.5335547792392259,0.3302409550087141
159,1572123600,747,452,-295,1199,43,-0.4271093335733138,0.05370115401550144
159,1572138000,280,371,91,651,43,0.551175000403878,-0.6414539420591798
159,1572152400,42,86,44,128,43,0.43205747787297644,-1.3048957582034468
159,1572166800,85,72,-13,157,43,0.28759580161209575,-1.2681083534841662
159,1572181200,509,406,-103,915,43,0.059498418042284194,-0.3065617059940049
159,1572195600,575,464,-111,1039,43,0.03922309505830095,-0.14926383753915004
159,1572210000,458,368,-90,826,43,0.09244581789125698,-0.4194609825462798
159,1572224400,170,156,-14,326,43,0.2850613862390979,-1.0537265811545655
159,1572238800,15,16,1,31,43,0.32307761683406644,-1.4279432843334543
159,1572253200,407,694,287,1101,43,1.0479204135114677,-0.07061490331172258
159,1572267600,611,1218,607,1829,43,1.8589333328707978,0.8528758082619415
159,1572282000,1285,780,-505,2065,43,-0.9593365619028742,1.1522491708050524
159,1572296400,1529,649,-880,2178,43,-1.909742326777089,1.2955931960905251
159,1572310800,491,206,-285,697,44,-0.3766323891522047,-0.520539904152707
159,1572325200,22,14,-8,36,44,0.33549847634377283,-1.378943754410352
159,1572339600,444,710,266,1154,44,1.0399167331881694,0.07294051879395531
159,1572354000,703,1270,567,1973,44,1.8137484678967948,1.1365301607924596
159,1572368400,1434,781,-653,2215,44,-1.3227123837461388,1.4508020696613704
159,1572382800,1676,638,-1038,2314,44,-2.312497160699032,1.5793678505622886
159,1572397200,443,234,-209,677,44,-0.18124630331215313,-0.5465127891831955
159,1572411600,17,14,-3,31,44,0.3483528240964078,-1.3854369756679743
159,1572426000,428,483,55,911,44,0.4974632580269735,-0.24263003432648
159,1572440400,776,1323,547,2099,44,1.7623310768862548,1.3001593364845372
159,1572454800,1312,835,-477,2147,44,-0.8702393428533877,1.3624942605577095
159,1572469200,1642,665,-977,2307,44,-2.155674118116885,1.5702773408016175
159,1572483600,479,238,-241,717,44,-0.26351412892901693,-0.4945670191222185
159,1572498000,21,20,-1,41,44,0.35349456319746175,-1.37245053315273
159,1572512400,431,622,191,1053,44,0.8471015168986448,-0.05822255061001163
159,1572526800,706,1197,491,1903,44,1.6183623820567432,1.0456250631857498
159,1572541200,1347,759,-588,2106,44,-1.1556058629618842,1.309249846245208
159,1572555600,1598,582,-1016,2180,44,-2.255938030587438,1.4053495208580156
159,1572570000,433,351,-82,784,44,0.1452541296047752,-0.407557854270082
159,1572584400,38,46,8,84,44,0.3766323891522047,-1.3166088303371797
159,1572598800,427,564,137,991,44,0.7082745611701871,-0.138738494204526
159,1572613200,856,928,72,1784,44,0.5411680403859324,0.8910863972543432
159,1572627600,1280,655,-625,1935,44,-1.2507280363313829,1.0871816792345315
159,1572642000,1236,507,-729,1743,44,-1.5180984695861903,0.8378419829418418
159,1572656400,300,346,46,646,44,0.47432543207223055,-0.5867707609804527
159,1572670800,30,60,30,90,44,0.4331915192637986,-1.308816964828033
159,1572685200,167,134,-33,301,44,0.27122673758059795,-1.0348030277563793
159,1572699600,658,601,-57,1259,44,0.20952586836795006,0.20929816520401995
159,1572714000,730,405,-325,1135,44,-0.4794671711732845,0.04826627801499123
159,1572728400,650,425,-225,1075,44,-0.22238021612058503,-0.02965237707647428
159,1572742800,180,245,65,425,44,0.5231719535322434,-0.8737711405673506
159,1572753600,17,60,43,77,44,0.4666128234206495,-1.3256993400978507
159,1572768000,69,27,-42,96,44,0.248088911625855,-1.3010250993188865
159,1572782400,440,291,-149,731,44,-0.026994130280533445,-0.4763859996008766
159,1572796800,614,500,-114,1114,44,0.06298630398791137,0.020994748732978307
159,1572811200,463,431,-32,894,44,0.27379760713112494,-0.2647069866023952
159,1572825600,168,250,82,418,44,0.5668767358912024,-0.8828616503280217
159,1572840000,31,41,10,72,44,0.38177412825325874,-1.3321925613554728
159,1572854400,190,203,13,393,44,0.3894867369048397,-0.9153277566161323
159,1572868800,664,1138,474,1802,44,1.5746575996977843,0.9144619937817828
159,1572883200,950,596,-354,1546,44,-0.5540223881385674,0.58200906539153
159,1572897600,1402,751,-651,2153,44,-1.3175706446450848,1.3702861260668562
159,1572912000,432,356,-76,788,45,0.05747236044581062,-0.40334117958640486
159,1572926400,40,45,5,85,45,0.25299333068245833,-1.2475955159303853
159,1572940800,147,213,66,360,45,0.4002375181446251,-0.9173395522111895
159,1572955200,658,1022,364,1680,45,1.1195615814843907,0.6678890736409502
159,1572969600,987,667,-320,1654,45,-0.5315043894028566,0.6366648734347716
159,1572984000,1287,687,-600,1974,45,-1.2073793482455895,1.0209627221261994
159,1572998400,351,373,22,724,45,0.2940285960407671,-0.48020074932469037
159,1573012800,39,40,1,79,45,0.24333797412756214,-1.2548011005933495
159,1573027200,202,235,33,437,45,0.3205808265667316,-0.8248678823698147
159,1573041600,724,1483,759,2207,45,2.0730280412803888,1.3007795932046453
159,1573056000,1006,761,-245,1767,45,-0.35046645399855314,0.7723700512539321
159,1573070400,1848,847,-1001,2695,45,-2.1753288428739315,1.8868338124590727
159,1573084800,694,282,-412,976,45,-0.7535775901654688,-0.177566193480191
159,1573099200,61,43,-18,104,45,0.19747503049180526,-1.2247778311643318
159,1573113600,189,241,52,430,45,0.3664437702024884,-0.8332743978099397
159,1573128000,756,1433,677,2189,45,1.8750932319050173,1.2791628392157526
159,1573142400,1006,850,-156,1856,45,-0.13563477065211305,0.8792528904212354
159,1573156800,1962,880,-1082,2842,45,-2.3708498131105795,2.0633706367016975
159,1573171200,735,331,-404,1066,45,-0.7342668770556764,-0.06948242353572694
159,1573185600,51,65,14,116,45,0.27471788293097477,-1.2103666618384032
159,1573200000,192,241,49,433,45,0.3592022527863163,-0.8296716054784575
159,1573214400,875,1261,386,2136,45,1.1726660425363198,1.2155135080262347
159,1573228800,1199,824,-375,2023,45,-0.6642655420326791,1.0798083302070742
159,1573243200,1739,592,-1147,2331,45,-2.527749357127642,1.4496950095725736
159,1573257600,441,441,0,882,45,0.2409241349888381,-0.2904536865332979
159,1573272000,56,104,48,160,45,0.3567884136475923,-1.1575257076433318
159,1573286400,53,94,41,147,45,0.33989153967652397,-1.1731378077464212
159,1573300800,491,572,81,1063,45,0.4364451052254858,-0.07308521586720908
159,1573315200,809,516,-293,1325,45,-0.46633073265730735,0.24155864774889743
159,1573329600,1002,498,-504,1500,45,-0.975650790928081,0.451721533752022
159,1573344000,423,431,8,854,45,0.26023484809863046,-0.3240797482937979
159,1573358400,77,126,49,203,45,0.3592022527863163,-1.1058856842254212
159,1573372800,41,33,-8,74,45,0.22161342187904573,-1.260805754479153
159,1573387200,405,316,-89,721,45,0.02609245164239802,-0.4838035416561725
159,1573401600,672,476,-196,1148,45,-0.23218833620107487,0.028993900191451434
159,1573416000,623,482,-141,1105,45,-0.09942718357125237,-0.02264612322645918
159,1573430400,221,276,55,497,45,0.3736852876186606,-0.752812035740172
159,1573444800,39,35,-4,74,45,0.23126877843394192,-1.260805754479153
159,1573459200,145,211,66,356,45,0.4002375181446251,-0.9221432753198323
159,1573473600,580,1436,856,2016,45,2.3071704377366213,1.0714018147669493
159,1573488000,805,842,37,1647,45,0.3302361831216278,0.6282583579946467
159,1573502400,1634,844,-790,2478,45,-1.666008784603158,1.6262318338151982
159,1573516800,739,240,-499,979,46,-0.8391905054875783,-0.21756772600665164
159,1573531200,52,25,-27,77,46,0.10658053378392553,-1.2664778471616518
159,1573545600,196,235,39,431,46,0.23882817910578838,-0.8548213251119068
159,1573560000,706,1645,939,2351,46,2.0422051607675544,1.377892014818914
159,1573574400,920,868,-52,1788,46,0.05648672873776536,0.7231953427454494
159,1573588800,1777,957,-820,2734,46,-1.482394962280275,1.8232718112738642
159,1573603200,726,266,-460,992,46,-0.7610441696155685,-0.20245039610087004
159,1573617600,69,47,-22,116,46,0.11659929479315756,-1.2211258574443071
159,1573632000,198,224,26,422,46,0.2127794004817851,-0.8652871688928324
159,1573646400,566,1562,996,2128,46,2.1564190362727995,1.118571663358199
159,1573660800,711,921,210,1632,46,0.581469805621524,0.5417873838760703
159,1573675200,1805,826,-979,2631,46,-1.8009915623738537,1.7034960435588256
159,1573689600,781,462,-319,1243,46,-0.47851510915522516,0.08943035823383623
159,1573704000,67,28,-39,95,46,0.08253550736176865,-1.2455461595998003
159,1573718400,208,244,36,452,46,0.23281692250024916,-0.8304010229564134
159,1573732800,519,1603,1084,2122,46,2.332749230035283,1.1115944341709152
159,1573747200,675,885,210,1560,46,0.581469805621524,0.45806063362866445
159,1573761600,2060,865,-1195,2925,46,-2.2338020379726773,2.0453802737357325
159,1573776000,769,300,-469,1069,46,-0.7790779394321862,-0.11290928819739442
159,1573790400,69,73,4,142,46,0.16869685204116414,-1.1908911976327439
159,1573804800,179,233,54,412,46,0.2688844621334845,-0.8769158842049721
159,1573819200,688,1180,492,1868,46,1.1465279265422106,0.816225065242567
159,1573833600,1007,760,-247,1767,46,-0.3342449506222839,0.6987750405899561
159,1573848000,1662,634,-1028,2296,46,-1.8991754202643276,1.3139340806021458
159,1573862400,430,420,-10,850,46,0.14064432121531445,-0.3675781535332537
159,1573876800,65,135,70,200,46,0.300944497363027,-1.1234446488223335
159,1573891200,51,70,19,121,46,0.19875313506886025,-1.2153114997882373
159,1573905600,588,686,98,1274,46,0.3570495590147264,0.12547937570146928
159,1573920000,903,388,-515,1291,46,-0.8712505407171208,0.14524819173210674
159,1573934400,900,579,-321,1479,46,-0.48252261355891796,0.3638680396003329
159,1573948800,389,346,-43,735,46,0.07452049855438303,-0.5013083796228601
159,1573963200,53,113,60,166,46,0.28090697534456294,-1.1629822808836086
159,1573977600,45,40,-5,85,46,0.15066308222454647,-1.25717487491194
159,1573992000,381,281,-100,662,46,-0.03969337695086215,-0.5861980014014798
159,1574006400,665,509,-156,1174,46,-0.15190350025426091,0.009192222580072353
159,1574020800,558,550,-8,1108,46,0.14465182561900725,-0.06755729848004961
159,1574035200,312,253,-59,565,46,0.04246046332484052,-0.6989965399292348
159,1574049600,45,30,-15,75,46,0.1306255602060824,-1.2688035902240797
159,1574064000,193,228,35,421,46,0.23081317029840273,-0.8664500404240464
159,1574078400,713,1539,826,2252,46,1.8157811619589104,1.262767733228731
159,1574092800,865,813,-52,1678,46,0.05648672873776536,0.5952794743119129
159,1574107200,1867,741,-1126,2608,46,-2.095543136045275,1.6767499983409042
159,1574121600,725,225,-500,950,47,-0.851032517363093,-0.2070554002277804
159,1574136000,51,25,-26,76,47,0.12795484861774922,-1.2417123062394007
159,1574150400,184,257,73,441,47,0.3324268934112163,-0.8096187470926715
159,1574164800,666,1457,791,2123,47,1.8153655617113107,1.1815630788930784
159,1574179200,974,814,-160,1788,47,-0.14880529281987287,0.7849840588542994
159,1574193600,1937,824,-1113,2761,47,-2.117106895730722,1.9368389439221558
159,1574208000,685,344,-341,1029,47,-0.522638021179646,-0.11353378057684449
159,1574222400,51,49,-2,100,47,0.17752382917374124,-1.2133006749530404
159,1574236800,205,247,42,452,47,0.2684002935263933,-0.7965967494197562
159,1574251200,586,1614,1028,2200,47,2.3048592447017318,1.2727170626034843
159,1574265600,642,1003,361,1645,47,0.9272546600831205,0.6156980891064028
159,1574280000,1923,749,-1174,2672,47,-2.2430947213105354,1.8314791445685699
159,1574294400,765,391,-374,1156,47,-0.5907953694441349,0.036811101646812006
159,1574308800,71,39,-32,110,47,0.11556260347875122,-1.2014624952503903
159,1574323200,191,271,80,462,47,0.34688451274004733,-0.7847585697171061
159,1574337600,527,1412,885,1939,47,2.009510735555613,0.9637405723643162
159,1574352000,585,879,294,1464,47,0.7888745893643094,0.40142703648843564
159,1574366400,1996,924,-1072,2920,47,-2.032426553947569,2.1250660011942926
159,1574380800,765,368,-397,1133,47,-0.6382989758102939,0.009583288330716736
159,1574395200,71,74,3,145,47,0.18785070012290625,-1.160028866291115
159,1574409600,178,244,66,422,47,0.3179692740823853,-0.8321112885277067
159,1574424000,765,1266,501,2031,47,1.2164070466597405,1.0726518256286972
159,1574438400,991,783,-208,1774,47,-0.2479432539318569,0.7684106072705893
159,1574452800,1674,708,-966,2382,47,-1.8134968898252712,1.4881719331917165
159,1574467200,487,362,-125,849,47,-0.07651719617571784,-0.3266210152245466
159,1574481600,56,121,65,177,47,0.3159038998925523,-1.1221466912426346
159,1574496000,52,74,22,126,47,0.22709280972973325,-1.18252140772615
159,1574510400,451,444,-7,895,47,0.16719695822457623,-0.27216538859235606
159,1574524800,826,451,-375,1277,47,-0.592860743633968,0.18005307604887844
159,1574539200,775,542,-233,1317,47,-0.29957760867768185,0.2274057948594789
159,1574553600,349,397,48,746,47,0.2807925386653913,-0.4485542661618428
159,1574568000,66,126,60,192,47,0.3055770289433873,-1.1043894216886594
159,1574582400,33,39,6,72,47,0.19404682269240525,-1.2464475781204607
159,1574596800,372,288,-84,660,47,0.008163145607435186,-0.5503626116046338
159,1574611200,603,398,-205,1001,47,-0.2417471313623579,-0.14668068374426482
159,1574625600,484,381,-103,865,47,-0.031078963999391824,-0.3076799277003064
159,1574640000,176,259,83,435,47,0.3530806353095463,-0.8167216549142615
159,1574654400,37,15,-22,52,47,0.13621634537708122,-1.270123937525761
159,1574668800,188,234,46,422,47,0.2766617902857253,-0.8321112885277067
159,1574683200,671,1337,666,2008,47,1.5571937879821856,1.045424012312602
159,1574697600,968,647,-321,1615,47,-0.4813305373829859,0.5801835499984525
159,1574712000,1668,694,-974,2362,47,-1.8300198833439354,1.4644955737864163
159,1574726400,559,335,-224,894,48,-0.3517534217543238,0.22312892680590588
159,1574740800,50,44,-6,94,48,0.26369743427139536,-0.9670809383597453
159,1574755200,180,267,87,447,48,0.5262521572548443,-0.44190083535540176
159,1574769600,702,1305,603,2007,48,1.9830073944533355,1.8790084017176178
159,1574784000,1133,688,-445,1821,48,-0.9756737849730573,1.602284608066604
159,1574798400,1812,608,-1204,2420,48,-3.1184591048057215,2.4934542446093855
159,1574812800,540,304,-236,844,48,-0.3856314505263817,0.14874081023305266
159,1574827200,24,59,35,83,48,0.37944736590926,-0.983446324005773
159,1574841600,198,202,4,400,48,0.29192912491477696,-0.5118256649338837
159,1574856000,870,592,-278,1462,48,-0.5042045512285844,1.0681779310735182
159,1574870400,1894,522,-1372,2416,48,-3.592751507614533,2.487503195283557
159,1574884800,810,388,-422,1198,48,-0.9107408964932796,0.6754086755688533
159,1574899200,187,281,94,468,48,0.5460143407052115,-0.4106578263948034
159,1574913600,42,58,16,100,48,0.32580715368683494,-0.958154364371003
159,1574928000,86,37,-49,123,48,0.14230116450485444,-0.9239358307474905
159,1574942400,334,163,-171,497,48,-0.20212546134440124,-0.36751271878254854
159,1574956800,396,324,-72,720,48,0.07736827602507673,-0.03574171886762327
159,1574971200,244,255,11,499,48,0.31169130836514414,-0.3645371941196344
159,1574985600,125,235,110,360,48,0.591185045734622,-0.5713361581921663
159,1575000000,21,56,35,77,48,0.37944736590926,-0.9923728979945154
159,1575014400,39,56,17,95,48,0.3286303227511731,-0.9655931760282883
159,1575028800,321,192,-129,513,48,-0.08355236064219845,-0.34370852147923553
159,1575043200,477,345,-132,822,48,-0.09202186783521293,0.11601003894099726
159,1575057600,453,370,-83,823,48,0.046313416317356956,0.11749780127245432
159,1575072000,157,301,144,458,48,0.6871727939221195,-0.425535449709374
159,1575086400,26,79,53,105,48,0.43026440906734686,-0.9507155527137177
159,1575100800,28,48,20,76,48,0.3370998299441876,-0.9938606603259725
159,1575115200,283,192,-91,475,48,0.023728063802651668,-0.40024349007460397
159,1575129600,490,315,-175,805,48,-0.21341813760175388,0.09071807930622718
159,1575144000,463,345,-118,808,48,-0.052497500934478684,0.09518136630059837
159,1575158400,192,314,122,506,48,0.62506307450668,-0.354122857799435
159,1575172800,40,80,40,120,48,0.3935632112309508,-0.9283991177418617
159,1575187200,32,36,4,68,48,0.29192912491477696,-1.005762758977629
159,1575201600,270,242,-28,512,48,0.20158771485595584,-0.34519628381069256
159,1575216000,455,397,-58,852,48,0.11689264292581099,0.16064290888470917
159,1575230400,367,407,40,774,48,0.3935632112309508,0.04459744703105819
159,1575244800,156,213,57,369,48,0.4415570853246995,-0.5579462972090528
159,1575259200,42,29,-13,71,48,0.24393525082102824,-1.0012994719832577
159,1575273600,176,218,42,394,48,0.3992095493596271,-0.5207522389226261
159,1575288000,603,1275,672,1878,48,2.177806059892669,1.6870870609596567
159,1575302400,972,740,-232,1712,48,-0.37433877426902906,1.4401185139377841
159,1575316800,1463,620,-843,2083,48,-2.0992950725796455,1.9920783389083547
159,1575331200,592,244,-348,836,49,-0.5592365242968281,-0.36399084768730877
159,1575345600,51,20,-31,71,49,0.21273600908709822,-1.2747474816093736
159,1575360000,177,259,82,436,49,0.4879186471703275,-0.8402034667315257
159,1575374400,700,1478,778,2178,49,2.182848878196235,1.2337024892060389
159,1575388800,926,708,-218,1634,49,-0.2426547282718741,0.5860533273059039
159,1575403200,1690,714,-976,2404,49,-2.0885701235558365,1.5027626189660213
159,1575417600,677,299,-378,976,49,-0.6322938618410482,-0.19731643102183288
159,1575432000,63,40,-23,103,49,0.23221796576555695,-1.2366504720858362
159,1575446400,187,231,44,418,49,0.39537935294764864,-0.8616330345885154
159,1575460800,709,1213,504,1922,49,1.5155918619590245,0.92892641301774
159,1575475200,1414,1016,-398,2430,49,-0.680998753537195,1.5337164392038953
159,1575489600,1790,714,-1076,2504,49,-2.3320945820365706,1.6218157737270755
159,1575504000,663,309,-354,972,49,-0.5738479918056721,-0.20207855721227505
159,1575518400,49,38,-11,87,49,0.261440900783245,-1.2556989768476048
159,1575532800,174,257,83,431,49,0.49035389175513483,-0.8461561244695783
159,1575547200,756,1173,417,1929,49,1.303725583080786,0.9372601338510138
159,1575561600,1077,984,-93,2061,49,0.061750844829043236,1.0944102981356054
159,1575576000,1819,820,-999,2639,49,-2.1445807490064053,1.7825375326544988
159,1575590400,713,354,-359,1067,49,-0.5860242147297088,-0.08897806018927355
159,1575604800,69,61,-8,130,49,0.268746634537667,-1.2045061203003515
159,1575619200,170,209,39,379,49,0.38320313002361195,-0.9080637649453266
159,1575633600,809,1263,454,2072,49,1.3938296327186575,1.1075061451593213
159,1575648000,1085,906,-179,1991,49,-0.14768018946438788,1.0110730898028675
159,1575662400,1554,571,-983,2125,49,-2.105616835649488,1.17060431718268
159,1575676800,494,415,-79,909,49,0.09584426901634598,-0.2770820447117392
159,1575691200,82,114,32,196,49,0.36615641792996056,-1.1259310381580558
159,1575705600,61,108,47,169,49,0.40268508670207065,-1.1580753899435403
159,1575720000,438,496,58,934,49,0.42947277713495136,-0.24731875602147566
159,1575734400,723,539,-184,1262,49,-0.15985641238842457,0.14317559159478216
159,1575748800,847,630,-217,1477,49,-0.24021948368706675,0.39913987433104875
159,1575763200,385,389,4,774,49,0.2979695695553551,-0.4378038036391624
159,1575777600,74,108,34,182,49,0.37102690709957525,-1.1425984798246034
159,1575792000,43,55,12,98,49,0.3174515262338138,-1.2426031298238889
159,1575806400,378,337,-41,715,49,0.18838356323902486,-0.5080451649481844
159,1575820800,645,503,-142,1148,49,-0.057576139826516354,0.007454995167180364
159,1575835200,571,425,-146,996,49,-0.0673171181657457,-0.17350580006962205
159,1575849600,251,232,-19,483,49,0.2419589441047863,-0.7842484839938302
159,1575864000,48,29,-19,77,49,0.2419589441047863,-1.2676042923237103
159,1575878400,170,218,48,388,49,0.40512033128687797,-0.8973489810168317
159,1575892800,665,1430,765,2095,49,2.15119069859374,1.1348883707543638
159,1575907200,962,771,-191,1733,49,-0.17690312448207596,0.7039159505193475
159,1575921600,1711,811,-900,2522,49,-1.9034915351104789,1.6432453415840653
159,1575936000,699,233,-466,932,50,-0.8606731846629004,-0.17522611952956524
159,1575950400,77,57,-20,134,50,0.2910720714526483,-1.249664213593398
159,1575964800,165,257,92,422,50,0.5802995797148489,-0.8618970819011876
159,1575979200,741,1313,572,2054,50,1.8198460436957087,1.335449997688004
159,1575993600,1121,706,-415,1827,50,-0.7289713728649341,1.0298140987500466
159,1576008000,1652,636,-1016,2288,50,-2.2809868413076355,1.650510792187925
159,1576022400,512,349,-163,861,50,-0.0782094792749828,-0.2708214888009087
159,1576036800,78,33,-45,111,50,0.22651235978697853,-1.2806317275827064
159,1576051200,194,232,38,426,50,0.4408506025170022,-0.8565114272943514
159,1576065600,675,1220,545,1895,50,1.7501215550967855,1.1213702270662629
159,1576080000,894,598,-296,1492,50,-0.42166714533634597,0.5787655254275104
159,1576094400,1633,639,-994,2272,50,-2.224174295041846,1.62896817376058
159,1576108800,464,305,-159,769,50,-0.06787992540847562,-0.3946915447581426
159,1576123200,67,43,-24,110,50,0.28074251758614116,-1.2819781412344156
159,1576137600,187,240,53,427,50,0.47958642951640407,-0.8551650136426423
159,1576152000,703,1281,578,1984,50,1.8353403744954695,1.2412010420683697
159,1576166400,922,720,-202,1642,50,-0.17892262947342763,0.7807275731838699
159,1576180800,1631,739,-892,2370,50,-1.9607706714459132,1.7609167116280682
159,1576195200,520,281,-239,801,50,-0.2744710027386189,-0.35160630790345254
159,1576209600,66,35,-31,101,50,0.2626657983197536,-1.294095864099797
159,1576224000,166,212,46,378,50,0.4615097102500165,-0.9211392825763864
159,1576238400,736,1208,472,1944,50,1.5616071970330296,1.187344496000007
159,1576252800,1065,731,-334,1796,50,-0.5197979070681641,0.9880752755470656
159,1576267200,1485,624,-861,2109,50,-1.8807166289804829,1.4095027485320026
159,1576281600,416,394,-22,810,50,0.28590729451939473,-0.339488585038071
159,1576296000,490,79,-411,569,50,-0.7186418189984269,-0.6639742750999553
159,1576310400,65,85,20,150,50,0.39436761011772,-1.228121595166053
159,1576324800,423,429,6,852,50,0.3582141715849449,-0.2829392116662903
159,1576339200,766,570,-196,1336,50,-0.1634282986736669,0.36872499576089646
159,1576353600,847,561,-286,1408,50,-0.3958432606700781,0.465666778683949
159,1576368000,382,365,-17,747,50,0.2988192368525287,-0.42431264509574196
159,1576382400,53,111,58,164,50,0.49249837184953804,-1.209271804042126
159,1576396800,46,38,-8,84,50,0.3220607330521698,-1.316984896178851
159,1576411200,367,251,-116,618,50,0.043162778656476386,-0.5980000061662112
159,1576425600,582,531,-51,1113,50,0.2110180289872178,0.06847475142977527
159,1576440000,694,437,-257,1131,50,-0.3209539951379011,0.09271019716053842
159,1576454400,234,275,41,509,50,0.44859776791688255,-0.7447590942024991
159,1576468800,39,37,-2,76,50,0.33755506385193057,-1.3277562053925236
159,1576483200,175,238,63,413,50,0.505410314182672,-0.8740148047665692
159,1576497600,645,1193,548,1838,50,1.7578687204966659,1.0446246489188464
159,1576512000,990,682,-308,1672,50,-0.4526558069358675,0.8211199827351418
159,1576526400,1425,550,-875,1975,50,-1.916870067513258,1.229083319202988
159,1576540800,422,298,-124,720,51,-0.07253951641983522,-0.1535600265738056
159,1576555200,51,44,-7,95,51,0.3070762276558519,-1.1199831139778802
159,1576569600,168,220,52,388,51,0.4985063891982924,-0.66692397060285
159,1576584000,617,1141,524,1758,51,2.0299476815378164,1.4514754369868814
159,1576598400,937,706,-231,1643,51,-0.41970947040358325,1.2736535889045317
159,1576612800,1516,594,-922,2110,51,-2.661713565756573,1.9957649198128562
159,1576627200,437,297,-140,734,51,-0.12445278056693773,-0.13191214941595433
159,1576641600,48,37,-11,85,51,0.2940979116190763,-1.1354458833763454
159,1576656000,183,233,50,416,51,0.4920172311799046,-0.6236282162871475
159,1576670400,702,1114,412,1816,51,1.6665548325080988,1.5411594994979796
159,1576684800,959,677,-282,1636,51,-0.5851829998724725,1.262829650325606
159,1576699200,1535,602,-933,2137,51,-2.697403934857706,2.0375143971887124
159,1576713600,338,300,-38,638,51,0.20649427837084078,-0.28035473564122015
159,1576728000,44,48,4,92,51,0.3427665967569849,-1.1246219447974197
159,1576742400,156,225,69,381,51,0.5536642323545888,-0.6777479091817756
159,1576756800,730,1018,288,1748,51,1.2642270353680543,1.4360126675884162
159,1576771200,972,646,-326,1618,51,-0.7279444762770044,1.2349966654083688
159,1576785600,1488,514,-974,2002,51,-2.830431674234656,1.8287670103094322
159,1576800000,319,296,-23,615,51,0.2551629635087494,-0.3159191052576901
159,1576814400,42,79,37,121,51,0.4498377040603838,-1.0797799135418706
159,1576828800,167,202,35,369,51,0.443348546041996,-0.6963032324599339
159,1576843200,673,816,143,1489,51,0.7937630790349379,1.0355269401681677
159,1576857600,867,494,-373,1361,51,-0.8804396897091181,0.8376034918678132
159,1576872000,1042,407,-635,1449,51,-1.7305193901179217,0.9736758625743069
159,1576886400,216,286,70,502,51,0.5569088113637827,-0.49064839946034683
159,1576900800,33,82,49,115,51,0.4887726521707107,-1.0890575751809497
159,1576915200,42,53,11,95,51,0.3654786498213422,-1.1199831139778802
159,1576929600,316,232,-84,548,51,0.05724364394792106,-0.41951966022740694
159,1576944000,602,328,-274,930,51,-0.5592263677989212,0.17115813079396347
159,1576958400,488,320,-168,808,51,-0.21530099282436713,-0.017487655867311894
159,1576972800,159,252,93,411,51,0.6315341285752426,-0.6313596009863801
159,1576987200,21,55,34,76,51,0.4401039670328021,-1.149362375834964
159,1577001600,28,39,11,67,51,0.3654786498213422,-1.1632788682935826
159,1577016000,254,146,-108,400,51,-0.020626252272732706,-0.6483686473246918
159,1577030400,481,291,-190,772,51,-0.2866817310266331,-0.07315362570178659
159,1577044800,347,273,-74,620,51,0.08968943403986013,-0.3081877205584575
159,1577059200,121,195,74,316,51,0.5698871274005584,-0.7782559102717994
159,1577073600,22,20,-2,42,51,0.32329912270182143,-1.2019357917897457
159,1577088000,65,198,133,263,51,0.7613172889429989,-0.860208588083665
159,1577102400,417,528,111,945,51,0.6899365507407329,0.19435228489166126
159,1577116800,690,353,-337,1043,51,-0.7636348453781374,0.3458874249966202
159,1577131200,625,412,-213,1037,51,-0.36130704823809295,0.33660976335754106
159,1577145600,148,215,67,363,52,0.7551219770696853,-0.12901344937892154
159,1577160000,35,37,2,72,52,0.21991512371725047,-1.1115978882692035
159,1577174400,53,110,57,163,52,0.6727824611693107,-0.8043292149392527
159,1577188800,337,218,-119,555,52,-0.7763930186772822,0.5192896855589964
159,1577203200,485,255,-230,740,52,-1.69036164517144,1.1439567687023027
159,1577217600,287,260,-27,547,52,-0.018869472393835855,0.49227705493658314
159,1577232000,155,162,7,317,52,0.26108488166743776,-0.2843360754577977
159,1577246400,27,25,-2,52,52,0.18697931735710063,-1.1791294648252364
159,1577260800,15,22,7,37,52,0.26108488166743776,-1.2297781472422613
159,1577275200,120,71,-49,191,52,-0.20001640737465995,-0.7097850077608063
159,1577289600,271,149,-122,420,52,-0.8010948734473945,0.06345154380577285
159,1577304000,170,189,19,359,52,0.35989230074788725,-0.14251976469012817
159,1577318400,73,117,44,190,52,0.5657410904988237,-0.713161586588608
159,1577332800,14,18,4,32,52,0.23638302689732538,-1.2466610413812695
159,1577347200,43,140,97,183,52,1.002140524770809,-0.7367976383832195
159,1577361600,286,321,35,607,52,0.49163552618848655,0.6948717846046825
159,1577376000,491,274,-217,765,52,-1.583320274500953,1.228371239397344
159,1577390400,509,273,-236,782,52,-1.7397653547116647,1.2857730794699722
159,1577404800,99,232,133,331,52,1.2985627820121577,-0.23706397186857453
159,1577419200,16,28,12,44,52,0.302254639617625,-1.2061420954476498
159,1577433600,55,147,92,202,52,0.9609707668206218,-0.6726426406549881
159,1577448000,319,543,224,862,52,2.0478523767055665,1.5558993856941048
159,1577462400,578,442,-136,1020,52,-0.9163701957079189,2.0893988404867665
159,1577476800,525,270,-255,795,52,-1.8962104349223765,1.3296686042313937
