remote_unit_id,time_stamp,entries,exits,num_people_exited,sum_exit_entry,week_num,z_score_num_people_exited,z_score_sum_exit_entry
143,1547150400,0,0,0,0,2,-0.23799799997671625,-0.4090222151309332
143,1547164800,0,6,6,6,2,-0.14509275661231136,-0.3730690958410736
143,1547179200,0,9,9,9,2,-0.0986401349301089,-0.35509253619614384
143,1547193600,0,6,6,6,2,-0.14509275661231136,-0.3730690958410736
143,1547208000,0,9,9,9,2,-0.0986401349301089,-0.35509253619614384
143,1547222400,0,145,145,145,2,2.007212047996402,0.45984483437400636
143,1547236800,4,10,6,14,2,-0.14509275661231136,-0.3251316034545942
143,1547251200,0,83,83,83,2,1.0471911998975516,0.08832926837879083
143,1547265600,0,44,44,44,2,0.44330711802891964,-0.14536600700529637
143,1547280000,0,26,26,26,2,0.16459138793570496,-0.25322536487487507
143,1547294400,0,11,11,11,2,-0.06767172047530727,-0.34310816309952397
143,1547304132,0,1,1,1,2,-0.22251379274931543,-0.40303002858262327
143,1547308800,0,4,4,4,2,-0.176061171067113,-0.3850534689376935
143,1547323200,0,19,19,19,2,0.056201937343899264,-0.2951706707130446
143,1547337600,1,31,30,32,2,0.22652821684530824,-0.2172722455850155
143,1547352000,0,24,24,24,2,0.13362297348090335,-0.26520973797149494
143,1547366400,0,31,31,31,2,0.24201242407270906,-0.22326443213332542
143,1547380800,0,43,43,43,2,0.42782291080151885,-0.1513581935536063
143,1547395200,7,34,27,41,2,0.18007559516310578,-0.16334256665022615
143,1547409600,7,46,39,53,2,0.36588608189191557,-0.09143632807050701
143,1547424000,0,11,11,11,2,-0.06767172047530727,-0.34310816309952397
143,1547438400,0,21,21,21,2,0.08717035179870089,-0.2831862976164247
143,1547452800,0,25,25,25,2,0.14910718070830417,-0.259217551423185
143,1547467200,3,43,40,46,2,0.3813702891193164,-0.1333816339086765
143,1547481600,116,149,33,265,2,0.2729808385275107,1.1789072201711979
143,1547496000,576,298,-278,874,2,-4.542607609194143,4.828148828091944
143,1547505309,0,0,0,0,2,-0.23799799997671625,-0.4090222151309332
143,1547510400,142,119,-23,261,3,-0.12715766944207468,-0.6715661688721472
143,1547524800,36,21,-15,57,3,-0.09260917057479402,-1.1051393758660506
143,1547539200,81,330,249,411,3,1.0474912920454682,-0.35276234020015945
143,1547553600,277,623,346,900,3,1.4663918408112462,0.6865381412705206
143,1547568000,354,352,-2,706,3,-0.03646785991546293,0.2742185228547498
143,1547582400,955,646,-309,1601,3,-1.3622665039473587,2.1764147005976104
143,1547585644,0,1,1,1,3,-0.02351217284023268,-1.2241594719035926
143,1547585708,0,0,0,0,3,-0.027830735198642764,-1.2262848307614058
143,1547596800,284,136,-148,420,3,-0.6669779642433352,-0.33363411047984015
143,1547611200,56,35,-21,91,3,-0.11852054472525451,-1.0328771747004
143,1547624991,5,107,102,112,3,0.4126626253591858,-0.9882446386863217
143,1547625600,107,244,137,351,3,0.5638123079035386,-0.48028387166895453
143,1547640000,398,662,264,1060,3,1.1122697274216193,1.0265955585206408
143,1547654400,606,308,-298,914,3,-1.3147623180048478,0.7162931652799062
143,1547668800,1014,456,-558,1470,3,-2.43758853119147,1.897992690224074
143,1547683200,333,204,-129,537,3,-0.5849252794335437,-0.08496712411568973
143,1547697600,60,11,-49,71,3,-0.23944029076073686,-1.075384351856665
143,1547712000,103,224,121,327,3,0.4947153101689774,-0.5312924842564726
143,1547717957,21,401,380,422,3,1.613222960997189,-0.3293833927642137
143,1547726400,428,649,221,1077,3,0.9265715460099857,1.062726659103466
143,1547740800,575,349,-226,924,3,-1.0038258281993218,0.7375467538580387
143,1547755200,1035,455,-580,1490,3,-2.5325969030764917,1.940499867380339
143,1547769600,331,240,-91,571,3,-0.4208199098139604,-0.012704922950039178
143,1547784000,73,51,-22,124,3,-0.1228391070836646,-0.9627403323925626
143,1547798400,100,346,246,446,3,1.0345356049702379,-0.27837478017669565
143,1547812800,466,813,347,1279,3,1.4707104031696563,1.492049148381743
143,1547827200,568,417,-151,985,3,-0.6799336513185655,0.867193644184647
143,1547856000,1270,665,-605,1935,3,-2.640560962036744,2.8862845591072364
143,1547870400,98,43,-55,141,3,-0.2653516649111974,-0.9266092318097374
143,1547884800,49,84,35,133,3,0.12331894734571018,-0.9436121026722434
143,1547899200,214,268,54,482,3,0.20537163215550178,-0.20186186129541858
143,1547913600,322,366,44,688,3,0.16218600857140095,0.23596206341411127
143,1547928000,295,365,70,660,3,0.2744686298900631,0.17645201539534022
143,1547942400,206,181,-25,387,3,-0.13579479415889487,-0.4037709527876775
143,1547956800,66,32,-34,98,3,-0.17466185538458562,-1.0179996626957073
143,1547971200,43,52,9,95,3,0.011036326027047991,-1.024375739269147
143,1547985600,117,204,87,321,3,0.34788418998303455,-0.5440446374033521
143,1548000000,241,285,44,526,3,0.16218600857140095,-0.1083460715516355
143,1548014400,232,279,47,511,3,0.17514169564663118,-0.14022645441883427
143,1548028800,168,104,-64,272,3,-0.3042187261368881,-0.6481872214362014
143,1548043200,33,20,-13,53,3,-0.08397204585797385,-1.1136408112973035
143,1548057600,63,241,178,304,3,0.7408733645983522,-0.5801757379861774
143,1548072000,195,778,583,973,3,2.489891119754436,0.841689337890888
143,1548086400,351,489,138,840,3,0.5681308702619488,0.5590166098017255
143,1548100800,466,471,5,937,3,-0.006237923406592344,0.765176419009611
143,1548115200,211,134,-77,345,4,-0.23939206138059366,-0.7746657933406256
143,1548129600,33,25,-8,58,4,0.020734745473909688,-1.3177834268500712
143,1548144000,130,314,184,444,4,0.7445658601994842,-0.5873185957189003
143,1548158400,464,823,359,1287,4,1.4043077616420652,1.007971177969123
143,1548172800,548,500,-48,1048,4,-0.13006340342725167,0.5556885493671804
143,1548187200,1108,560,-548,1668,4,-2.0150402646917684,1.728974029422429
143,1548201600,389,208,-181,597,4,-0.6314672485236132,-0.29778201757623424
143,1548216000,54,28,-26,82,4,-0.04712442153161293,-1.2723659243963197
143,1548230400,139,355,216,494,4,0.8652043793204133,-0.4926987989402513
143,1548244800,452,810,358,1262,4,1.400537807919536,0.9606612795797984
143,1548259200,542,536,-6,1078,4,0.028274652918967753,0.6124604274343699
143,1548273600,1232,590,-642,1822,4,-2.369415914609498,2.020403003500668
143,1548288000,382,231,-151,613,4,-0.5183686368477421,-0.26750368260706653
143,1548302400,56,23,-33,79,4,-0.07351409758931617,-1.2780431122030387
143,1548316800,147,357,210,504,4,0.8425846569852391,-0.4737748395845215
143,1548331200,501,921,420,1422,4,1.6342749387163362,1.2634446292714754
143,1548345600,618,460,-158,1078,4,-0.5447583129054454,0.6124604274343699
143,1548360000,1093,602,-491,1695,4,-1.8001529025076137,1.7800687196828995
143,1548374400,412,229,-183,641,4,-0.6390071559686713,-0.21451659641102303
143,1548388800,52,24,-28,76,4,-0.05466432897667099,-1.2837203000097575
143,1548403200,133,324,191,457,4,0.7709555362571875,-0.5627174485564516
143,1548417600,513,801,288,1314,4,1.1366410473425037,1.0590658682295935
143,1548432000,682,500,-182,1182,4,-0.6352372022461422,0.8092696047339599
143,1548446400,1043,578,-465,1621,4,-1.7021341057218589,1.6400314204504989
143,1548460800,376,307,-69,683,4,-0.2092324316003614,-0.1350359671169578
143,1548475200,111,45,-66,156,4,-0.19792257043277428,-1.132328625163919
143,1548489600,56,124,68,180,4,0.3072512283861163,-1.0869111227101675
143,1548504000,196,382,186,578,4,0.7521057676445423,-0.3337375403521209
143,1548518400,365,398,33,763,4,0.17530284809760008,0.016355707728880706
143,1548532800,379,431,52,810,4,0.24693196882565172,0.10529831670081083
143,1548547200,252,258,6,510,4,0.07351409758931617,-0.4624204639710836
143,1548561600,100,42,-58,142,4,-0.16776294065254202,-1.1588221682619408
143,1548576000,48,113,65,161,4,0.29594136721852915,-1.122866645486054
143,1548590400,162,303,141,465,4,0.5824578501307357,-0.5475782810718678
143,1548604800,276,372,96,648,4,0.4128099326169292,-0.20126982486201217
143,1548619200,277,300,23,577,4,0.13760331087230973,-0.33562993628769383
143,1548633600,172,129,-43,301,4,-0.1112136348146065,-0.8579312145058368
143,1548648000,37,29,-8,66,4,0.020734745473909688,-1.3026442593654874
143,1548662400,129,375,246,504,4,0.9783029909962844,-0.4737748395845215
143,1548676800,455,1028,573,1483,4,2.2110778582632786,1.3788807813414274
143,1548691200,601,468,-133,1069,4,-0.45050946984221957,0.595428864014213
143,1548705600,1199,521,-678,1720,4,-2.5051342486205432,1.827378618072224
143,1548720000,353,171,-182,524,5,-0.6417829612637386,-0.5027433992430542
143,1548734400,42,32,-10,74,5,0.03685521825896277,-1.3672088186970248
143,1548748800,163,334,171,497,5,0.7510035350822706,-0.5546113244102925
143,1548763200,500,883,383,1383,5,1.5874645470521116,1.147425034781303
143,1548777600,657,421,-236,1078,5,-0.8548437850673773,0.5615095838180563
143,1548792000,1194,588,-606,1782,5,-2.314704985203421,1.9139177066971569
143,1548806400,369,243,-126,612,5,-0.4208309958377428,-0.33369238388316663
143,1548820800,59,38,-21,97,5,-0.006546060664000691,-1.3230250305915996
143,1548835200,162,333,171,495,5,0.7510035350822706,-0.558453392941199
143,1548842633,322,575,253,897,5,1.0745403415989072,0.21380238177101477
143,1548849600,521,747,226,1268,5,0.9680099296970879,0.9265060942541772
143,1548864000,637,481,-156,1118,5,-0.5391981201730977,0.6383509544361871
143,1548878400,1287,675,-612,1962,5,-2.338378410070492,2.2597038744787454
143,1548892800,410,255,-155,665,5,-0.5352525493619191,-0.2318775678141434
143,1548907200,56,32,-24,88,5,-0.01838277309753618,-1.340314338980679
143,1548921600,134,311,177,445,5,0.7746769599493416,-0.6545051062138624
143,1548936000,496,761,265,1257,5,1.121887191333049,0.9053747173341913
143,1548950400,570,452,-118,1022,5,-0.3892664293483148,0.4539316649526733
143,1548964800,1113,654,-459,1767,5,-1.7347060759601822,1.885102192715358
143,1548979200,407,222,-185,629,5,-0.653619673697274,-0.30103480137046107
143,1548993600,65,33,-32,98,5,-0.04994733958696415,-1.3211039963261464
143,1549008000,146,333,187,479,5,0.8141326680611265,-0.5891899411884512
143,1549011212,146,150,4,296,5,0.09209320961546172,-0.9407392117663993
143,1549022400,564,767,203,1331,5,0.8772618010399825,1.0475312529777332
143,1549036800,591,393,-198,984,5,-0.7049120942425945,0.38093236286544907
143,1549051200,1020,580,-440,1600,5,-1.6597402305477906,1.5642894703846622
143,1549065600,435,304,-131,739,5,-0.44055884989363525,-0.08972103217060158
143,1549080000,97,47,-50,144,5,-0.12096761418817709,-1.2327364201152962
143,1549094400,60,167,107,227,5,0.49848700316684685,-1.0732905760826748
143,1549108800,218,463,245,681,5,1.0429757751094793,-0.20114101956689112
143,1549123200,384,624,240,1008,5,1.0232479210535868,0.42703718523632755
143,1549137600,397,667,270,1064,5,1.1416150453889415,0.5346151041017105
143,1549152000,290,256,-34,546,5,-0.05783848120932114,-0.4604806454030823
143,1549166400,103,52,-51,155,5,-0.12491318499935558,-1.21160504319531
143,1549180800,43,91,48,134,5,0.2656983253073156,-1.2519467627698286
143,1549195200,167,410,243,577,5,1.0350846334871222,-0.400928583174031
143,1549209600,357,500,143,857,5,0.6405275523692727,0.13696101115288406
143,1549224000,326,500,174,826,5,0.7628402475158061,0.07740894892383274
143,1549238400,274,203,-71,477,5,-0.20382460122292548,-0.5930320097193578
143,1549252800,39,24,-15,63,5,0.017127364203070285,-1.3883401956170107
143,1549267200,142,313,171,455,5,0.7510035350822706,-0.6352947635593297
143,1549281600,507,806,299,1313,5,1.256036598913118,1.0129526361995742
143,1549296000,696,427,-269,1123,5,-0.9850476218362677,0.6479561257634534
143,1549310400,1192,542,-650,1734,5,-2.4883101008952746,1.8217080619554
143,1549324800,381,217,-164,598,6,-0.4471764425170992,-0.3693171791383429
143,1549339200,60,28,-32,88,6,0.04951523431199089,-1.3242057031462258
143,1549353600,124,308,184,432,6,0.8622834327595928,-0.6801240320507126
143,1549353911,0,9,9,9,6,0.2037906793876931,-1.472119807845486
143,1549368000,540,807,267,1347,6,1.1745971386445508,1.033058319845783
143,1549382400,649,554,-95,1203,6,-0.187542156901893,0.7634427365964984
143,1549396800,1137,503,-634,1640,6,-2.215699837287344,1.5816511385405079
143,1549411200,447,215,-232,662,6,-0.7030479123987516,-0.24948803102754977
143,1549425600,69,26,-43,95,6,0.008124261242900051,-1.3110993900716077
143,1549440000,136,309,173,445,6,0.820892459690502,-0.6557837363407077
143,1549454400,506,867,361,1373,6,1.5283018175985998,1.0817389112657927
143,1549468800,717,516,-201,1233,6,-0.5864006246585866,0.8196126497734327
143,1549483200,1251,540,-711,1791,6,-2.50543664877098,1.8643730348644105
143,1549497600,493,231,-262,724,6,-0.815932384405363,-0.13340354379521893
143,1549512000,72,35,-37,107,6,0.03070115564422233,-1.288631424800834
143,1549526400,143,333,190,476,6,0.8848603271609151,-0.5977414927245424
143,1549526924,14,21,7,35,6,0.1962650479205857,-1.4234392164254763
143,1549540800,569,724,155,1293,6,0.7531617764865352,0.9319524761273014
143,1549555200,705,487,-218,1192,6,-0.6503684921289996,0.7428471017649559
143,1549569600,1150,629,-521,1779,6,-1.7905016593957748,1.8419050695936368
143,1549584000,511,312,-199,823,6,-0.5788749931914792,0.05195716968866421
143,1549598400,63,37,-26,100,6,0.07209212871331316,-1.301737737875452
143,1549612800,149,325,176,474,6,0.8321809068911631,-0.6014861536030046
143,1549627200,571,729,158,1300,6,0.7644502236871963,0.9450587892019193
143,1549641600,687,480,-207,1167,6,-0.6089775190599088,0.6960388407841773
143,1549656000,1086,536,-550,1622,6,-1.8996233156688325,1.5479491906343472
143,1549670400,426,369,-57,795,6,-0.04455515902685193,-0.0004680826098077857
143,1549684800,142,70,-72,212,6,-0.10099739503015762,-1.092036728681564
143,1549699200,68,192,124,260,6,0.6365144887463701,-1.0021648675984691
143,1549713600,282,543,261,825,6,1.1520202442432286,0.0557018305671265
143,1549728000,419,582,163,1001,6,0.7832643023549648,0.3852319878718076
143,1549742400,430,663,233,1093,6,1.0466614037037247,0.5574863882810728
143,1549756800,310,393,83,703,6,0.48223904367066783,-0.17272248301907292
143,1549771200,118,59,-59,177,6,-0.05208079049395935,-1.1575682940546541
143,1549785600,46,134,88,180,6,0.5010531223384364,-1.1519513027369606
143,1549800000,198,410,212,608,6,0.9676422732990967,-0.3505938747460315
143,1549814400,346,587,241,933,6,1.0767639295721543,0.2579135180040899
143,1549828800,352,445,93,797,6,0.519867201006205,0.0032765782686544997
143,1549843200,284,182,-102,466,6,-0.21388186703676898,-0.6164647971168538
143,1549857600,43,20,-23,63,6,0.0833805759139743,-1.3710139641270043
143,1549872000,174,312,138,486,6,0.689193909016122,-0.579018188332231
143,1549886400,629,787,158,1416,6,0.7644502236871963,1.1622491201527319
143,1549900800,771,515,-256,1286,6,-0.7933554900040407,0.9188461630526833
143,1549915200,1221,461,-760,1682,6,-2.689814619715112,1.6602890169882158
143,1549929600,406,241,-165,647,7,-0.5271998750177564,-0.23056870893356088
143,1549944000,69,27,-42,96,7,-0.02414953250912516,-1.3634394227638087
143,1549958400,146,329,183,475,7,0.8960645086652005,-0.5842053019985384
143,1549972800,505,797,292,1302,7,1.3418570886118737,1.1161287820987664
143,1549987200,636,459,-177,1095,7,-0.5762779572137205,0.6905312543984736
143,1550001600,1133,606,-527,1739,7,-2.007722021262672,2.014612451688273
143,1550016000,390,231,-159,621,7,-0.5026608339197745,-0.2840254032340807
143,1550030400,73,36,-37,109,7,-0.003700331594140147,-1.3367110756135487
143,1550044800,172,343,171,515,7,0.8469864264692365,-0.5019642338438924
143,1550059200,609,815,206,1424,7,0.9901308328741316,1.3669640399704366
143,1550073600,752,524,-228,1276,7,-0.7848598065465677,1.0626720877982465
143,1550088000,1218,558,-660,1776,7,-2.551670765601273,2.090685439731321
143,1550102400,442,249,-193,691,7,-0.6417154001416726,-0.14010353396345035
143,1550116800,73,34,-39,107,7,-0.011880011960134152,-1.340823129021281
143,1550131200,175,324,149,499,7,0.7570099424433024,-0.5348606611057508
143,1550145600,568,790,222,1358,7,1.0555682758020835,1.2312662775152707
143,1550160000,741,472,-269,1213,7,-0.9525432540494448,0.9331424054546792
143,1550174400,1244,502,-742,1746,7,-2.887037660607027,2.029004638615336
143,1550188800,462,253,-209,715,7,-0.7071528430696247,-0.09075889307066277
143,1550203200,117,46,-71,163,7,-0.14275489781603826,-1.2256856336047768
143,1550217600,127,319,192,446,7,0.9328730703121736,-0.6438300764106567
143,1550232000,516,725,209,1241,7,1.0024003534231225,0.9907111531629313
143,1550246400,690,468,-222,1158,7,-0.7603207654485856,0.820060936742041
143,1550260800,1066,501,-565,1567,7,-2.1631359482165577,1.6609758586232957
143,1550275200,441,298,-143,739,7,-0.43722339099182245,-0.041414252177875206
143,1550289600,122,54,-68,176,7,-0.13048537726704723,-1.1989572864545168
143,1550304000,77,130,53,207,7,0.36438528487559013,-1.1352204586346661
143,1550318400,233,397,164,630,7,0.8183575451882574,-0.2655211628992854
143,1550332800,392,454,62,846,7,0.4011938465225632,0.17858060513580268
143,1550347200,369,541,172,910,7,0.8510762666522335,0.3101663141832362
143,1550361600,297,342,45,639,7,0.3316665634116141,-0.24701692256449007
143,1550376000,120,38,-82,158,7,-0.18774313982900528,-1.2359657671241076
143,1550390400,55,123,68,178,7,0.4257328876205452,-1.1948452330467845
143,1550404800,181,370,189,551,7,0.9206035497631826,-0.4279472725047111
143,1550419200,331,489,158,820,7,0.7938185040902754,0.12512391083528282
143,1550433600,311,423,112,734,7,0.6056858556724133,-0.051694385697205955
143,1550448000,248,174,-74,422,7,-0.15502441836502925,-0.6931747173034443
143,1550462400,64,51,-13,115,7,0.09445583279778792,-1.324374915390352
143,1550476800,49,210,161,259,7,0.8060880246392664,-1.0283070700336265
143,1550491200,260,539,279,799,7,1.2886891662329127,0.0819473500540937
143,1550505600,393,481,88,874,7,0.5075296912804852,0.23614935284405483
143,1550520000,427,421,-6,848,7,0.12308471407876695,0.18269265854353497
143,1550534400,254,194,-60,448,8,0.20328808032557913,-0.6956799212501124
143,1550548800,45,33,-12,78,8,0.3549339406043136,-1.2950924463218618
143,1550563200,134,346,212,480,8,1.0626146219050743,-0.6438388380006638
143,1550577600,527,715,188,1242,8,0.9867916917657071,0.5906269568768309
143,1550592000,648,461,-187,1109,8,-0.19794159166190584,0.3751624546213101
143,1550606400,1199,498,-701,1697,8,-1.8218160121466875,1.327742359329928
143,1550620800,439,219,-220,658,8,-0.3021981206035358,-0.355472812425606
143,1550635200,85,41,-44,126,8,0.2538367004184906,-1.2173308214476888
143,1550649600,167,355,188,522,8,0.9867916917657071,-0.5757974162357625
143,1550652499,26,185,159,211,8,0.895172317847305,-1.079627944066341
143,1550664000,648,704,56,1352,8,0.5697655759991874,0.7688306805468104
143,1550678400,755,476,-279,1231,8,-0.4885961571961469,0.5728065845098329
143,1550692800,1278,514,-764,1792,8,-2.0208512037625264,1.4816455752267286
143,1550707200,471,241,-230,712,8,-0.33379100816160545,-0.2679909844421615
143,1550721600,68,38,-30,106,8,0.2980667429997882,-1.2497314984785943
143,1550735653,105,315,210,420,8,1.0562960443934604,-0.74104086909338
143,1550736000,138,172,34,310,8,0.5002612233714341,-0.9192445927633595
143,1550750400,593,687,94,1280,8,0.6898185487198523,0.652188243235551
143,1550764800,691,506,-185,1197,8,-0.1916230141502919,0.5177254335572937
143,1550779200,1162,483,-679,1645,8,-1.7523116595189343,1.243500599049574
143,1550793600,499,278,-221,777,8,-0.30535740935934275,-0.16268878409171905
143,1550808000,87,40,-47,127,8,0.2443588341510697,-1.2157107875961437
143,1550822400,131,296,165,427,8,0.9141280503821468,-0.7297006321325631
143,1550836800,611,725,114,1336,8,0.7530043238359916,0.742910138922086
143,1550851200,523,491,-32,1014,8,0.2917481654881742,0.2212592387245096
143,1550865600,1739,777,-962,2516,8,-2.646390377412306,2.654550083745503
143,1551484800,9421,8402,-1019,17823,9,-3.3803088023079266,4.103274581139874
143,1551499200,118,36,-82,154,9,-0.0573334418296676,-0.3548507517979411
143,1551513600,65,140,75,205,9,0.4994511169697845,-0.34198276877797235
143,1551528000,253,373,120,626,9,0.6590390478358695,-0.2357588305150927
143,1551542400,421,452,31,873,9,0.34340958456739035,-0.17343742255563602
143,1551556800,430,485,55,915,9,0.428523147695969,-0.1628402600686029
143,1551571200,323,288,-35,611,9,0.10934728596379897,-0.23954353140331883
143,1551585600,103,48,-55,151,9,0.03841931668998341,-0.35560769197558634
143,1551600000,75,111,36,186,9,0.3611415768858442,-0.3467767232363921
143,1551614400,172,298,126,470,9,0.6803174386180142,-0.2751197197526443
143,1551628800,346,371,25,717,9,0.3221311937852457,-0.21279831179318762
143,1551643200,329,388,59,717,9,0.4427087415507321,-0.21279831179318762
143,1551657600,222,138,-84,360,9,-0.06442623875704916,-0.30287419293296913
143,1551672000,40,39,-1,79,9,0.22992483372928543,-0.3737742562390717
143,1551686400,155,294,139,449,9,0.7264206186459943,-0.2804183009961609
143,1551700800,531,655,124,1186,9,0.6732246416906327,-0.0944633306879844
143,1551715200,557,461,-96,1018,9,-0.1069830203213385,-0.1368519806361169
143,1551729600,1075,472,-603,1547,9,-1.9050070414125628,-0.0033781959780092422
143,1551744000,369,233,-136,602,10,-0.06387885918643738,-0.43716282545889973
143,1551758400,69,35,-34,104,10,0.32101148224070425,-1.3668728058654425
143,1551772800,182,276,94,458,10,0.8040111263845682,-0.7059946270222374
143,1551787200,620,793,173,1413,10,1.1021124692546092,1.0768829458457312
143,1551801600,679,477,-202,1156,10,-0.3129255506981172,0.5970928555556076
143,1551816000,1321,482,-839,1803,10,-2.7166034672578157,1.8049690750797707
143,1551830400,469,230,-239,699,10,-0.45254263533345296,-0.2560747369058181
143,1551844800,81,29,-52,110,10,0.2530896572829734,-1.3556714808003034
143,1551859200,182,313,131,495,10,0.9436282110199039,-0.6369197891205465
143,1551873600,671,874,203,1545,10,1.2153155108508273,1.3233120972787906
143,1551888000,744,513,-231,1257,10,-0.42235515757446146,0.7856484941521154
143,1551902400,1318,532,-786,1850,10,-2.516611427104497,1.8927127880900267
143,1551916800,498,272,-226,770,10,-0.4034879839750917,-0.12352572363500577
143,1551931200,89,34,-55,123,10,0.24176935312335157,-1.3314019431591688
143,1551945600,177,334,157,511,10,1.0417375137366263,-0.6070495889468422
143,1551960000,652,834,182,1486,10,1.1360733817334747,1.2131657341382565
143,1551974400,768,514,-254,1282,10,-0.509144156131562,0.8323206819235281
143,1551988800,1319,512,-807,1831,10,-2.5958535562218494,1.857241925383753
143,1552003200,514,306,-208,820,10,-0.33556615901736087,-0.0301813480921802
143,1552017600,103,36,-67,139,10,0.1964881364848643,-1.3015317429854647
143,1552032000,184,319,135,503,10,0.9587219498993996,-0.6219846890336944
143,1552046400,617,740,123,1357,10,0.9134407332609124,0.9723372452377665
143,1552060800,747,472,-275,1219,10,-0.5883862852489148,0.714706768739568
143,1552075200,1154,497,-657,1651,10,-2.0298383482407587,1.5212021734295809
143,1552089600,423,341,-82,764,10,0.13988661568675526,-0.13472704870014485
143,1552104000,187,62,-125,249,10,-0.022371077267824065,-1.0961741167912484
143,1552118400,75,152,77,227,10,0.7398627361467113,-1.1372456420300916
143,1552132800,327,387,60,714,10,0.6757143459088543,-0.22807142424297042
143,1552147200,474,369,-105,843,10,0.05309761712965468,0.012757064657519567
143,1552161600,495,423,-72,918,10,0.17762096288549462,0.15277362797175795
143,1552176000,311,248,-63,559,10,0.21158187536436004,-0.5174389884257298
143,1552194000,134,52,-82,186,10,0.13988661568675526,-1.2137880299752086
143,1552208400,75,126,51,201,10,0.6417534334299889,-1.1857847173123608
143,1552222800,233,324,91,557,10,0.7926908222249464,-0.5211727634474428
143,1552237200,368,351,-17,719,10,0.3851598724785612,-0.21873698668868788
143,1552251600,353,257,-96,610,10,0.08705852960852012,-0.4222277253720476
143,1552266000,220,92,-128,312,10,-0.03369138142744588,-0.9785602036072881
143,1552280400,30,26,-4,56,10,0.4342145238369224,-1.456483406386555
143,1552294800,358,520,162,878,10,1.060604687335996,0.07809812753749747
143,1552309200,547,631,84,1178,10,0.7662767791858288,0.6381643807944509
143,1552323600,839,495,-344,1334,10,-0.8487532809202164,0.9293988324880668
143,1552338000,1084,546,-538,1630,10,-1.5807996165757603,1.4819975357015942
143,1552352400,316,154,-162,470,11,-0.20564672323646196,-0.7569794737288096
143,1552366800,45,27,-18,72,11,0.36856905798889444,-1.577261392751938
143,1552381200,362,510,148,872,11,1.0305122502347914,0.07154648468148597
143,1552395600,616,656,40,1272,11,0.5998504143157741,0.895950423398198
143,1552410000,856,437,-419,1293,11,-1.2304623883400494,0.9392316301808253
143,1552424400,1142,466,-676,1608,11,-2.2552780534436367,1.588449731920236
143,1552438800,372,177,-195,549,11,-0.3372378397672728,-0.5941596958322589
143,1552453200,55,34,-21,89,11,0.35660622921336615,-1.5422242253564777
143,1552467600,377,482,105,859,11,0.8590450377855531,0.044753356673192836
143,1552482000,553,742,189,1295,11,1.1940042435003444,0.943353649874409
143,1552496400,894,515,-379,1409,11,-1.0709580046663392,1.1783087724086718
143,1552510800,1108,414,-694,1522,11,-2.327055026096806,1.411202885096143
143,1552525200,403,137,-266,540,11,-0.6203581207881081,-0.612708784453385
143,1552539600,51,36,-15,87,11,0.3805318867644227,-1.5463462450500614
143,1552554000,367,477,110,844,11,0.8789830857447668,0.013838208971316136
143,1552568400,577,652,75,1229,11,0.7394167500302705,0.8073269999861514
143,1552582800,931,499,-432,1430,11,-1.282301313034005,1.2215899791912992
143,1552597200,1048,482,-566,1530,11,-1.816640998340934,1.4276909638704773
143,1552611600,390,190,-200,580,11,-0.35717588772648656,-0.5302683905817138
143,1552626000,53,49,-4,102,11,0.424395592274693,-1.5154310973481846
143,1552640400,354,491,137,845,11,0.9866485447245211,0.015899218818107918
143,1552654800,631,678,47,1309,11,0.6277636814586735,0.9722077877294939
143,1552669200,932,451,-481,1383,11,-1.4776941830343,1.1247225163920855
143,1552683600,925,472,-453,1397,11,-1.366041114462703,1.1535766542471706
143,1552698000,318,227,-91,545,11,0.0774735577843735,-0.6024037352194261
143,1552712400,89,61,-28,150,11,0.3286929620704669,-1.4165026247021792
143,1552726800,113,279,166,392,11,1.102289222887961,-0.9177382417785684
143,1552741200,394,488,94,882,11,0.8151813322752828,0.09215658314940378
143,1552755600,598,542,-56,1140,11,0.21703989349886982,0.623897123621683
143,1552770000,477,501,24,978,11,0.5360486608462901,0.29001352844141465
143,1552784400,317,293,-24,610,11,0.3446434004378379,-0.46843809517796037
143,1552798800,74,45,-29,119,11,0.32470535247862414,-1.4803939299527245
143,1552813200,122,163,41,285,11,0.6038380239076169,-1.138266295385289
143,1552827600,291,442,151,733,11,1.0424750790103197,-0.21493388402257144
143,1552842000,461,446,-15,907,11,0.3805318867644227,0.1436818293191983
143,1552856400,327,365,38,692,11,0.5918751951320886,-0.29943528774103445
143,1552870800,189,135,-54,324,11,0.22501511268255533,-1.0578869113604095
143,1552885200,33,31,-2,64,11,0.43237081145837847,-1.5937494715262723
143,1552899600,309,471,162,780,11,1.08633878452059,-0.11806642122335778
143,1552914000,498,642,144,1140,11,1.0145618118674204,0.623897123621683
143,1552928400,862,422,-440,1284,11,-1.314202189768747,0.9206825415596993
143,1552942800,1072,483,-589,1555,11,-1.9083560189533173,1.4792162100402717
143,1552957200,323,143,-180,466,12,-0.3660818407285348,-0.7214500162954188
143,1552971600,25,48,23,73,12,0.4501351503937161,-1.501705157756052
143,1552986000,343,519,176,862,12,1.065313473751866,0.06476127128323438
143,1553000400,599,642,43,1241,12,0.5305506174993566,0.817221064193107
143,1553014800,942,436,-506,1378,12,-1.6768539545504746,1.0892184035826915
143,1553029200,1102,489,-613,1591,12,-2.1070767035656512,1.5121047779621186
143,1553043600,277,172,-105,449,12,-0.06452383908238297,-0.7552015109641994
143,1553058000,31,41,10,72,12,0.39786509677504983,-1.503690539795392
143,1553072400,785,506,-279,1291,12,-0.7641384029014551,0.9164901661601087
143,1553086800,546,780,234,1326,12,1.2985183283582233,0.9859785375370098
143,1553101200,871,488,-383,1359,12,-1.1822988318507857,1.051496144835231
143,1553115600,1162,548,-614,1710,12,-2.1110974769209334,1.7483652406435828
143,1553130000,296,190,-106,486,12,-0.06854461243766499,-0.6817423755086182
143,1553144400,272,102,-170,374,12,-0.3258741071757145,-0.904105163914702
143,1553158800,371,510,139,881,12,0.916544859606431,0.102483530030695
143,1553173200,561,704,143,1265,12,0.9326279530275591,0.8648702331372679
143,1553187600,938,430,-508,1368,12,-1.6848955012610387,1.0693645831892913
143,1553202000,1179,554,-625,1733,12,-2.1553259838290355,1.7940290275484034
143,1553216400,305,172,-133,477,12,-0.17710549303027964,-0.6996108138626785
143,1553230800,93,47,-46,140,12,0.17270178887925644,-1.3686845611202698
143,1553245200,330,523,193,853,12,1.1336666207916604,0.046892832929174066
143,1553259600,554,621,67,1175,12,0.6270491780261253,0.6861858495966648
143,1553274000,787,526,-261,1313,12,-0.6917644825063787,0.9601685710255894
143,1553288400,890,513,-377,1403,12,-1.1581741917190935,1.1388529545661925
143,1553302800,363,230,-133,593,12,-0.17710549303027964,-0.4693064972992346
143,1553317200,62,39,-23,101,12,0.265179576050743,-1.446114460654531
143,1553331600,93,234,141,327,12,0.9245864063169951,-0.9974181197636836
143,1553346000,251,458,207,709,12,1.1899574477656085,-0.23900218073579074
143,1553360400,358,502,144,860,12,0.9366487263828411,0.060790507204554305
143,1553374800,339,512,173,851,12,1.0532511536860198,0.042922068850494
143,1553389200,258,217,-41,475,12,0.19280565565566657,-0.7035815779413586
143,1553403600,60,37,-23,97,12,0.265179576050743,-1.4540559888118911
143,1553418000,60,151,91,211,12,0.7235477385528938,-1.2277224363271273
143,1553432400,242,357,115,599,12,0.8200462990796624,-0.4573942050631944
143,1553446800,345,404,59,749,12,0.594882991183869,-0.1595868991621894
143,1553461200,287,332,45,619,12,0.5385921642099207,-0.4176865642763937
143,1553475600,208,114,-94,322,12,-0.020295332174280707,-1.0073450299603837
143,1553490000,34,38,4,72,12,0.37374045664335764,-1.503690539795392
143,1553504400,357,576,219,933,12,1.238206728028993,0.20572339607637674
143,1553518800,534,529,-5,1063,12,0.33755349644581945,0.4638230611905811
143,1553533200,807,633,-174,1440,12,-0.34195720059684265,1.2123120900217736
143,1553547600,1045,482,-563,1527,12,-1.90603803580155,1.3850403274443566
143,1553562000,312,158,-154,470,13,-0.1299327088192375,-0.609437731104645
143,1553576400,31,36,5,67,13,0.27954847546338074,-1.1315485291345697
143,1553590800,377,566,189,943,13,0.7534134937527,0.0033622874267553652
143,1553605200,502,868,366,1370,13,1.209251038520143,0.5565665324857574
143,1553619600,886,418,-468,1304,13,-0.9385936639434018,0.47105955315579456
143,1553634000,1076,596,-480,1672,13,-0.9694979042666183,0.9478257409349813
143,1553648400,361,194,-167,555,13,-0.163412302502722,-0.49931510620999586
143,1553662800,36,47,11,83,13,0.295000595624989,-1.110819564448518
143,1553677200,340,541,201,881,13,0.7843177340759164,-0.07696245073169458
143,1553691600,364,572,208,936,13,0.8023452075977927,-0.005706634623392209
143,1553706000,1036,1139,103,2175,13,0.5319331047696485,1.5994925682527283
143,1553720400,1423,741,-682,2164,13,-1.4897192830407622,1.585241405031068
143,1553734800,299,175,-124,474,13,-0.05267210801119632,-0.604255489933132
143,1553749200,106,1089,983,1195,13,2.798244061805523,0.329843481232068
143,1553763600,3131,1379,-1752,4510,13,-4.245347378527565,4.624625852123383
143,1553778000,505,601,96,1106,13,0.5139056312477722,0.21453861516590603
143,1553792400,743,427,-316,1170,13,-0.5471399531826598,0.2974544739101124
143,1553806800,1009,438,-571,1447,13,-1.2038550600510098,0.6563246750373807
143,1553821200,345,169,-176,514,13,-0.18659048274513435,-0.5524330782180031
143,1553835600,85,49,-36,134,13,0.17395898769239113,-1.0447459895117286
143,1553850000,327,442,115,769,13,0.562837345092865,-0.22206520353405576
143,1553864400,532,540,8,1072,13,0.28727453554418486,0.17048956520804637
143,1553878800,645,352,-293,997,13,-0.487906825896495,0.0733225432421795
143,1553893200,1108,615,-493,1723,13,-1.0029774979501027,1.0138993158717708
143,1553907600,454,157,-297,611,13,-0.49820823933756714,-0.4267637298088153
143,1553922000,87,33,-54,120,13,0.12760262720756643,-1.0628838336120237
143,1553936400,115,219,104,334,13,0.5345084581299165,-0.7856339309360836
143,1553950800,388,446,58,834,13,0.4160422035575868,-0.13785378449697114
143,1553965200,505,421,-84,926,13,0.05034202639952525,-0.018662237552174457
143,1553979600,432,488,56,920,13,0.41089149683705073,-0.026435599309443808
143,1553994000,343,207,-136,550,13,-0.08357634833441278,-0.505792907674387
143,1554008400,77,26,-51,103,13,0.13532868728837055,-1.0849083585909536
143,1554022800,78,145,67,223,13,0.4392203837999991,-0.9294411234455665
143,1554037200,252,371,119,623,13,0.5731387585339371,-0.4112170062942766
143,1554051600,363,369,6,732,13,0.2821238288236488,-0.27000093437055006
143,1554066000,289,334,45,623,13,0.3825626098741023,-0.4112170062942766
143,1554080400,203,104,-99,307,13,0.011711725995504664,-0.8206140588437957
143,1554094800,31,29,-2,60,13,0.26152100194150446,-1.1406174511847171
143,1554109200,381,566,185,947,13,0.7431120803116278,0.008544528598268264
143,1554123600,482,594,112,1076,13,0.5551112850120609,0.1756718063795593
143,1554138000,795,433,-362,1228,13,-0.6656062077549897,0.37259697089704946
143,1554152400,1069,480,-589,1549,13,-1.2502114205358346,0.7884718249109597
143,1554166800,312,158,-154,470,14,-0.520736159245718,-0.7070669925001503
143,1554181200,42,28,-14,70,14,0.11141380620280437,-1.5776770770446835
143,1554195600,351,561,210,912,14,1.1228537509204402,0.25495715092155885
143,1554210000,410,701,291,1111,14,1.488597659501371,0.6880856679824641
143,1554224400,825,528,-297,1353,14,-1.1664321953824228,1.2148047691319066
143,1554238800,1054,506,-548,1560,14,-2.2997867762937023,1.6653454878837026
143,1554253200,382,220,-162,602,14,-0.5568590144142049,-0.41976566460045434
143,1554267600,42,45,3,87,14,0.18817487343583922,-1.5406761484515408
143,1554281041,267,457,190,724,14,1.0325466129992227,-0.15422958881437174
143,1554282000,371,419,48,790,14,0.3913659337585786,-0.010578924864523756
143,1554296400,559,648,89,1207,14,0.5764955664970743,0.8970320882731521
143,1554310800,775,483,-292,1258,14,-1.1438554109021186,1.00803487405258
143,1554325200,1055,503,-552,1558,14,-2.317848203877946,1.66099243746098
143,1554339600,354,200,-154,554,14,-0.520736159245718,-0.5242388747457983
143,1554354000,38,43,5,81,14,0.19720558722796097,-1.5537352997197087
143,1554368400,325,537,212,862,14,1.1318844647125619,0.14613089035349222
143,1554382800,467,666,199,1133,14,1.0731848250637706,0.7359692226324134
143,1554397200,846,542,-304,1388,14,-1.198039693654849,1.2909831515295533
143,1554411600,1021,547,-474,1568,14,-1.9656503659851976,1.6827576895745933
143,1554426000,363,199,-164,562,14,-0.5658897282063268,-0.5068266730549077
143,1554440400,33,47,14,80,14,0.23784379929250885,-1.5559118249310702
143,1554454800,304,541,237,845,14,1.2447683871140838,0.10912996176034954
143,1554469200,546,652,106,1198,14,0.6532566337301093,0.8774433613709001
143,1554483600,732,462,-270,1194,14,-1.0445175591887794,0.8687372605254547
143,1554498000,914,576,-338,1490,14,-1.3515618281209187,1.5129887230884091
143,1554512400,404,248,-156,652,14,-0.5297668730378398,-0.3109394040323877
143,1554526800,67,36,-31,103,14,0.03465273896976951,-1.5058517450697595
143,1554541200,104,242,138,346,14,0.7977480544040573,-0.9769561187089556
143,1554555600,304,521,217,825,14,1.1544612491928663,0.06559945753312289
143,1554570000,421,428,7,849,14,0.20623630102008272,0.11783606260579488
143,1554584400,354,605,251,959,14,1.307983383658936,0.3572538358555415
143,1554598800,290,244,-46,534,14,-0.0330776144711436,-0.5677693789730249
143,1554613200,67,48,-19,115,14,0.0888370217225,-1.4797334425334234
143,1554627600,89,172,83,261,14,0.5494034251207092,-1.1619607616746688
143,1554642000,251,412,161,663,14,0.9016012630134574,-0.286997626707413
143,1554656400,305,480,175,785,14,0.9648162595583096,-0.02146155092133042
143,1554670800,277,361,84,638,14,0.55391878201677,-0.34141075699144635
143,1554685200,187,127,-60,314,14,-0.09629261101599583,-1.0466049254725183
143,1554699600,30,34,4,64,14,0.1926902303319001,-1.5907362283128514
143,1554714000,361,536,175,897,14,0.9648162595583096,0.22230927275113885
143,1554728400,496,547,51,1043,14,0.4049120044467612,0.5400819536098934
143,1554742800,589,425,-164,1014,14,-0.5658897282063268,0.4769627224804148
143,1554757200,937,523,-414,1460,14,-1.6947289522215452,1.4476929667475693
143,1554771600,362,198,-164,560,15,-0.5240689847339991,-0.5464313397420765
143,1554786000,35,43,8,78,15,0.24152744513827784,-1.5782339739868851
143,1554800400,346,432,86,778,15,0.5887165238012871,-0.07976541802969413
143,1554814800,522,664,142,1186,15,0.8379804777131913,0.7936276831567829
143,1554829200,875,507,-368,1382,15,-1.4321019596987927,1.2131988788247965
143,1554843600,1087,542,-545,1629,15,-2.2199540997417753,1.7419442121411195
143,1554858000,361,159,-202,520,15,-0.6932123820313626,-0.6320581143682017
143,1554872400,50,28,-22,78,15,0.10799318411404349,-1.5782339739868851
143,1554886800,369,554,185,923,15,1.0293795851812606,0.2306316399900097
143,1554901200,539,703,164,1242,15,0.9359056024642964,0.9135051676333582
143,1554915600,818,465,-353,1283,15,-1.3653348291866756,1.0012726116251365
143,1554930000,991,513,-478,1504,15,-1.9217275834543186,1.4743605414344783
143,1554944400,339,233,-106,572,15,-0.2659027467538127,-0.5207433073542389
143,1554958800,36,34,-2,70,15,0.1970160247968664,-1.5953593289121102
143,1554973200,332,519,187,851,15,1.0382818692495428,0.07650344566298437
143,1554987600,558,608,50,1166,15,0.42847541057220595,0.7508142958437203
143,1555002000,778,531,-247,1309,15,-0.8935137735677141,1.056930015132118
143,1555016400,990,540,-450,1530,15,-1.7970956064983665,1.5300179449414597
143,1555030800,379,199,-180,578,15,-0.5952872572802574,-0.5078992911603201
143,1555045200,49,27,-22,76,15,0.10799318411404349,-1.5825153127181915
143,1555059600,293,525,232,818,15,1.2385832607858944,0.005861356596431074
143,1555074000,490,549,59,1039,15,0.4685356888794762,0.4789492864057728
143,1555088400,793,435,-358,1228,15,-1.3875905393573813,0.8835357965142143
143,1555102800,834,553,-281,1387,15,-1.044852602728513,1.223902225653062
143,1555117200,386,223,-163,609,15,-0.519617842699858,-0.4415385408250731
143,1555131600,60,44,-16,104,15,0.13470003631889035,-1.5225765704799037
143,1555146000,114,321,207,435,15,1.1273047099323656,-0.8140150104487177
143,1555160400,344,546,202,890,15,1.10504899976166,0.15998955092345643
143,1555174800,447,643,196,1090,15,1.0783421475568131,0.5881234240540825
143,1555189200,389,628,239,1017,15,1.2697412550248823,0.43185456036140396
143,1555203600,267,245,-22,512,15,0.10799318411404349,-0.6491834692934267
143,1555218000,86,26,-60,112,15,-0.06115021318332003,-1.5054512155546786
143,1555232400,84,203,119,287,15,0.7356042109279449,-1.130834076565381
143,1555246800,304,490,186,794,15,1.0338307272154017,-0.045514708179244044
143,1555261200,338,540,202,878,15,1.10504899976166,0.13430151853561886
143,1555275600,270,458,188,728,15,1.042733011283684,-0.18679888631235061
143,1555290000,191,121,-70,312,15,-0.10566163352473149,-1.0773173424240527
143,1555304400,23,27,4,50,15,0.22372287700171326,-1.6381727162251727
143,1555318800,331,477,146,808,15,0.8557850458497559,-0.015545337060100226
143,1555333200,529,631,102,1160,15,0.6599347963475455,0.7379702796498016
143,1555347600,707,421,-286,1128,15,-1.067108312899219,0.6694688599489014
143,1555362000,996,544,-452,1540,15,-1.805997890566649,1.5514246385979908
143,1555376400,268,163,-105,431,16,-0.307866486623773,-0.698539225568991
143,1555390800,23,49,26,72,16,0.343877033731748,-1.5013881045330313
143,1555405200,360,496,136,856,16,0.8911425851753152,0.25190861164470574
143,1555419600,552,569,17,1121,16,0.2991007613409107,0.844540792495599
143,1555434000,802,462,-340,1264,16,-1.477024710162303,1.1643385353698545
143,1555448400,964,569,-395,1533,16,-1.7506574858840867,1.765916107629818
143,1555462800,345,221,-124,566,16,-0.40239417278220735,-0.3966322655128755
143,1555477200,30,35,5,65,16,0.23939906481979426,-1.5170425394989038
143,1555491600,324,549,225,873,16,1.3339301677069286,0.2899265251332536
143,1555506000,518,567,49,1085,16,0.45830528539722115,0.7640322698139682
143,1555520400,783,431,-352,1214,16,-1.5367264066834196,1.0525211427564785
143,1555534800,1018,470,-548,1488,16,-2.5118541165283212,1.6652804542777795
143,1555549200,364,291,-73,655,16,-0.14866196256746253,-0.1975973066610661
143,1555563600,41,49,8,90,16,0.25432448895007337,-1.4611338431922158
143,1555578000,280,448,168,728,16,1.0503471092316257,-0.034343913445537014
143,1555592400,546,673,127,1219,16,0.8463663127844779,1.063702882017816
143,1555606800,855,526,-329,1381,16,-1.4222981550179463,1.4259912340851546
143,1555621200,1005,496,-509,1501,16,-2.3178236028346926,1.6943529763572571
143,1555635600,378,241,-137,619,16,-0.46707101068008344,-0.27810582934269684
143,1555650000,47,52,5,99,16,0.23939906481979426,-1.441006712521808
143,1555664400,203,450,247,653,16,1.443383277995642,-0.20207000236560113
143,1555678800,475,548,73,1023,16,0.577708678439454,0.6253787029733818
143,1555693200,742,418,-324,1160,16,-1.397422448134148,0.9317583587340323
143,1555707600,609,471,-138,1080,16,-0.47204615205684314,0.7528505305526306
143,1555722000,311,260,-51,571,16,-0.039208852278749075,-0.3854505262515379
143,1555736400,49,34,-15,83,16,0.1398962372846002,-1.4767882781580886
143,1555750800,72,227,155,299,16,0.9856702713337495,-0.9937371420683038
143,1555765200,258,386,128,644,16,0.8513414541612376,-0.22219713303600883
143,1555779600,341,413,72,754,16,0.5727335370626943,0.02380113071341855
143,1555794000,311,452,141,763,16,0.9160182920591137,0.043928261383826245
143,1555808400,260,192,-68,452,16,-0.12378625568366401,-0.6515759206713729
143,1555822800,45,34,-11,79,16,0.15979680279163902,-1.4857336695671586
143,1555837200,96,148,52,244,16,0.47323070952750024,-1.1167362739430176
143,1555851600,224,382,158,606,16,1.0005956954640287,-0.30717835142217464
143,1555866000,262,339,77,601,16,0.5976092439464928,-0.31836009068351223
143,1555880400,256,351,95,607,16,0.6871617887281675,-0.30494200356990714
143,1555894800,181,124,-57,305,16,-0.06905970053930728,-0.9803190549546986
143,1555909200,18,34,16,52,16,0.294125619964151,-1.5461150615783816
143,1555923600,276,484,208,760,16,1.2493527643020137,0.03721921782702368
143,1555938000,409,564,155,973,16,0.9856702713337495,0.5135613103600057
143,1555952400,726,452,-274,1178,16,-1.1486653792961625,0.9720126200748477
143,1555966800,889,585,-304,1474,16,-1.2979196205989538,1.633971584346034
143,1555981200,301,158,-143,459,17,-0.5837831480190419,-0.6459731856703939
143,1555995600,29,39,10,68,17,0.20534965058734328,-1.5515637110332163
143,1556010000,327,554,227,881,17,1.3245772146238504,0.3314160769974095
143,1556024400,486,610,124,1096,17,0.7933309515097479,0.8293750615319538
143,1556038800,734,472,-262,1206,17,-1.197553102490675,1.0841447745496278
143,1556053200,903,500,-403,1403,17,-1.9247931325789123,1.5404141696812799
143,1556067600,324,185,-139,509,17,-0.5631522251796592,-0.5301687706623602
143,1556082000,35,42,7,77,17,0.18987645845780632,-1.5307189163317703
143,1556096400,333,515,182,848,17,1.0924793326807958,0.25498516309210734
143,1556110800,474,651,177,1125,17,1.0666906791315676,0.8965416222366134
143,1556125200,757,499,-258,1256,17,-1.1769221796512923,1.1999491895576613
143,1556139600,943,477,-466,1420,17,-2.2497301672991883,1.5797876707840113
143,1556154000,323,186,-137,509,17,-0.5528367637599679,-0.5301687706623602
143,1556168400,47,42,-5,89,17,0.12798368993965845,-1.5029258567298422
143,1556182800,298,513,215,811,17,1.2626844461057023,0.1692898959861625
143,1556197200,483,631,148,1114,17,0.9171164885460436,0.871064650934846
143,1556211600,800,464,-336,1264,17,-1.5792251750192534,1.2184778959589466
143,1556226000,946,451,-495,1397,17,-2.3993043578847124,1.526517639880316
143,1556240400,349,185,-164,534,17,-0.6920954929258007,-0.4722665631583435
143,1556254800,40,40,0,80,17,0.15377234348888671,-1.5237706514312883
143,1556269200,299,469,170,768,17,1.030586564162648,0.06969809907925364
143,1556283600,519,572,53,1091,17,0.42713207111070645,0.8177946200311504
143,1556298000,724,509,-215,1233,17,-0.9551397591279291,1.1466791586539657
143,1556312400,775,529,-246,1304,17,-1.1150294111331445,1.3111214279653736
143,1556326800,337,228,-109,565,17,-0.4084203038842896,-0.40046782585336266
143,1556341200,62,30,-32,92,17,-0.011275039226174224,-1.4959775918293603
143,1556355600,98,271,173,369,17,1.046059756292185,-0.8544211326848542
143,1556370000,329,495,166,824,17,1.0099556413232653,0.19939904388825125
143,1556384400,413,447,34,860,17,0.32913518762363897,0.2827782226940354
143,1556398800,350,475,125,825,17,0.7984886822195935,0.20171513218841192
143,1556413200,289,236,-53,525,17,-0.11958738413293298,-0.4931113578597895
143,1556427600,69,31,-38,100,17,-0.04222142348524815,-1.4774488854280747
143,1556442000,93,148,55,241,17,0.43744753253039775,-1.1508804351054203
143,1556456400,249,347,98,596,17,0.6592299530537609,-0.32866908854838184
143,1556470800,326,410,84,736,17,0.5870217231159217,-0.004416726525887841
143,1556485200,257,337,80,594,17,0.5663908002765391,-0.3333012651487032
143,1556499600,163,120,-43,283,17,-0.06801007703447642,-1.0536047264986719
143,1556514000,26,30,4,56,17,0.17440326632826936,-1.5793567706351443
143,1556526971,36,229,193,265,17,1.149214370489098,-1.095294315901564
143,1556528400,323,546,223,869,17,1.3039462917844677,0.3036230173954815
143,1556542800,407,593,186,1000,17,1.1131102555201784,0.6070305847165294
143,1556557200,611,430,-181,1041,17,-0.7797769149931768,0.7019902050231169
143,1556571600,819,528,-291,1347,17,-1.3471272930761988,1.4107132248722825
143,1556586000,243,198,-45,441,18,0.08979722638735015,-0.6679510823919631
143,1556600400,20,32,12,52,18,0.3302250820069254,-1.5331637283347863
143,1556614800,344,547,203,891,18,1.1358692999602389,0.3329375825804545
143,1556629200,469,611,142,1080,18,0.8785693141217461,0.75331082186887
143,1556643600,774,404,-370,1178,18,-1.2810633538997016,0.9712821311295298
143,1556658000,932,427,-505,1359,18,-1.8504977487881693,1.373861794151769
143,1556672400,319,190,-129,509,18,-0.26451750820991865,-0.5167056841294645
143,1556686800,43,32,-11,75,18,0.2332103332481494,-1.4820071965695294
143,1556701200,319,529,210,848,18,1.1653955278433448,0.23729711014975685
143,1556715600,466,647,181,1113,18,1.0430725837561923,0.8267093239668473
143,1556730000,801,459,-342,1260,18,-1.1629584423672787,1.153666287857837
143,1556744400,975,510,-465,1485,18,-1.6817764465989937,1.6541106203440459
143,1556758800,651,147,-504,798,18,-1.84627971623344,0.1260872584861549
143,1556773200,129,90,-39,219,18,0.11510542171572648,-1.161722823778356
143,1556787600,324,497,173,821,18,1.0093283233183572,0.1772437902514118
143,1556802000,588,605,17,1193,18,0.35131524478057236,1.0046450866286103
143,1556816400,950,401,-549,1351,18,-2.0360911811962628,1.3560682178855925
143,1556830800,1028,510,-518,1538,18,-1.9053321719996514,1.7719930631074639
143,1556845200,360,143,-217,503,18,-0.6357043730261049,-0.5300508663290967
143,1556859600,48,41,-7,89,18,0.250082463467067,-1.450868438103721
143,1556874000,292,512,220,804,18,1.2075758533906387,0.1394324406857871
143,1556874746,29,46,17,75,18,0.35131524478057236,-1.4820071965695294
143,1556876987,84,134,50,218,18,0.4905103190866422,-1.1639470208116278
143,1556878304,167,286,119,453,18,0.7815545653629702,-0.6412607179926987
143,1556888400,358,430,72,788,18,0.5833070352906888,0.1038452881534345
143,1556902800,779,433,-346,1212,18,-1.1798305725861964,1.046904830260779
143,1556917200,878,515,-363,1393,18,-1.251537126016596,1.4494844932830182
143,1556931600,370,231,-139,601,18,-0.30669783375721255,-0.3120795570684368
143,1556946000,95,37,-58,132,18,0.03496280317586807,-1.3552279656730233
143,1556960400,76,265,189,341,18,1.0768168441940276,-0.8903707857191671
143,1556974800,317,480,163,797,18,0.9671479977710633,0.12386306145288285
143,1556989200,424,527,103,951,18,0.7140660444872999,0.4663894045767769
143,1557003600,373,493,120,866,18,0.7857725979176995,0.27733265674865354
143,1557018000,272,210,-62,482,18,0.018090672956950507,-0.5767590040278096
143,1557032400,61,34,-27,95,18,0.16572181237247915,-1.4375232559040887
143,1557046800,69,169,100,238,18,0.7014119468231117,-1.1194630801461871
143,1557061200,254,418,164,672,18,0.9713660303257927,-0.15416156770612205
143,1557075600,375,454,79,829,18,0.6128332631737945,0.1950373665175881
143,1557090000,275,339,64,614,18,0.5495627748528537,-0.2831649956359003
143,1557104400,176,110,-66,286,18,0.0012185427380329457,-1.0127016225491292
143,1557118800,32,28,-4,60,18,0.26273656113125515,-1.51537015206861
143,1557133200,358,514,156,872,18,0.9376217698879576,0.2906778389482858
143,1557147600,520,646,126,1166,18,0.8110807932460758,0.9445917667302653
143,1557162000,771,398,-373,1169,18,-1.2937174515638898,0.9512643578300815
143,1557176400,983,459,-524,1442,18,-1.930640367328028,1.5584701479133483
143,1557190800,322,141,-181,463,19,-0.44413585048201226,-0.5989686725357835
143,1557205200,36,35,-1,71,19,0.33538752739540906,-1.4144203498940624
143,1557219600,364,530,166,894,19,1.05861199464835,0.29761212578416113
143,1557234000,538,563,25,1101,19,0.4479853486443699,0.7282205370422319
143,1557248400,760,453,-307,1213,19,-0.9898022149962071,0.9612067305731687
143,1557262800,1045,476,-569,1521,19,-2.1244417983511203,1.6019187627832452
143,1557277200,331,148,-183,479,19,-0.452797221347317,-0.5656849306027925
143,1557291600,30,23,-7,53,19,0.309403414799495,-1.4518645595686772
143,1557305048,281,457,176,738,19,1.1019188489748735,-0.02690435806250093
143,1557306000,368,424,56,792,19,0.5822365970565925,0.08542827096134363
143,1557320400,542,804,262,1346,19,1.4743577961829748,1.2378778353911564
143,1557334800,893,420,-473,1313,19,-1.7086959968164956,1.1692301176543625
143,1557349200,1016,616,-400,1632,19,-1.3925559602328748,1.83282472244337
143,1557363600,302,192,-110,494,19,-0.1366571847636961,-0.5344814225406134
143,1557378000,29,32,3,61,19,0.3527102691260184,-1.4352226886021817
143,1557392400,342,520,178,862,19,1.1105802198401782,0.23104464191817917
143,1557406800,539,645,106,1184,19,0.7987708686892095,0.9008799483196226
143,1557416418,357,346,-11,703,19,0.29208067306888563,-0.0997125435409187
143,1557416484,4,1,-3,5,19,0.32672615653010434,-1.5517157853676502
143,1557421200,906,434,-472,1340,19,-1.7043653113838433,1.2253964321662847
143,1557435600,1031,527,-504,1558,19,-1.8429472452287183,1.6788874160032867
143,1557450000,295,185,-110,480,19,-0.1366571847636961,-0.5636046967319804
143,1557464400,33,27,-6,60,19,0.3137341002321473,-1.4373029224729936
143,1557478800,318,516,198,834,19,1.197193928493225,0.17279809353544495
143,1557493200,520,534,14,1054,19,0.40034780888519417,0.6304495451140709
143,1557507600,877,381,-496,1258,19,-1.8083017617674995,1.054817254759706
143,1557522000,884,457,-427,1341,19,-1.509484466914488,1.2274766660370966
143,1557536400,352,194,-158,546,19,-0.34453008553100845,-0.4263092612583927
143,1557550800,80,42,-38,122,19,0.17515216638727243,-1.3083284224826537
143,1557565200,99,231,132,330,19,0.9113686899381704,-0.875639777353771
143,1557579600,295,395,100,690,19,0.7727867560932955,-0.12675558386147387
143,1557594000,403,394,-9,797,19,0.3007420439341903,0.0958294403154033
143,1557608400,344,412,68,756,19,0.6342048222484206,0.010539851612113921
143,1557622800,254,183,-71,437,19,0.0322395471097452,-0.6530547531768938
143,1557637200,51,36,-15,87,19,0.27475793133827625,-1.3811366079610714
143,1557651600,71,140,69,211,19,0.6385355076810729,-1.1231876079803913
143,1557666000,217,336,119,553,19,0.85506977931369,-0.41174762416270916
143,1557680400,315,376,61,691,19,0.6038900242198543,-0.12467534999066193
143,1557694800,231,326,95,557,19,0.7511333289300338,-0.4034266886794614
143,1557709200,172,136,-36,308,19,0.18381353725257712,-0.9214049225116335
143,1557723600,29,32,3,61,19,0.3527102691260184,-1.4352226886021817
143,1557738000,339,474,135,813,19,0.9243607462361274,0.1291131822483943
143,1557752400,520,636,116,1156,19,0.8420777230157329,0.8426333999368885
143,1557766800,818,382,-436,1200,19,-1.548460635808359,0.9341636902526136
143,1557781200,1108,519,-589,1627,19,-2.211055507004167,1.8224235530893105
143,1557795600,280,175,-105,455,20,-0.05299770082496904,-0.8288529294979933
143,1557810000,33,30,-3,63,20,0.33845428250980225,-1.6901401442957062
143,1557824400,392,559,167,951,20,0.9908742547344211,0.2609390565725822
143,1557838800,501,575,74,1076,20,0.6339621522821296,0.5355842143524652
143,1557853200,820,459,-361,1279,20,-1.035465423704395,0.981607950586995
143,1557867600,1044,487,-557,1531,20,-1.7876672740339554,1.535292588671239
143,1557882000,290,200,-90,490,20,0.004568767312497328,-0.7519522853196261
143,1557896400,36,40,4,76,20,0.36531863430728656,-1.6615770478865983
143,1557910800,367,491,124,858,20,0.8258503794070176,0.056603059184349325
143,1557925200,570,575,5,1145,20,0.3691563988497843,0.6871883414469605
143,1557939600,910,401,-509,1311,20,-1.603454575994063,1.0519171109786452
143,1557954000,1056,447,-609,1503,20,-1.9872310302438392,1.4737720733285453
143,1557968400,392,194,-198,586,20,-0.4099098032772605,-0.5410248041446759
143,1557982800,46,38,-8,84,20,0.31926545979731347,-1.6439997577886858
143,1557997200,321,519,198,840,20,1.1098449555518517,0.017054156464046184
143,1558011600,551,571,20,1122,20,0.42672286698725065,0.6366536324154621
143,1558026000,894,470,-424,1364,20,-1.2772445898817537,1.1683666578773155
143,1558040400,1034,538,-496,1572,20,-1.5535636369415922,1.6253762004230408
143,1558054800,406,217,-189,623,20,-0.3753699223947807,-0.4597298374418306
143,1558069200,62,41,-21,103,20,0.2693745207448426,-1.6022536938061436
143,1558083600,318,491,173,809,20,1.0139008419894076,-0.05105784266536478
143,1558098000,556,561,5,1117,20,0.3691563988497843,0.6256678261042667
143,1558112400,1027,412,-615,1439,20,-2.0102576174988256,1.3331537525452453
143,1558126800,1062,498,-564,1560,20,-1.8145316258314397,1.599010265276172
143,1558141200,476,292,-184,768,20,-0.3561810996822919,-0.14114145441716638
143,1558155600,97,41,-56,138,20,0.1350527617574211,-1.5253530496277765
143,1558170000,105,315,210,420,20,1.1558981300618247,-0.9057535736763604
143,1558184400,304,500,196,804,20,1.102169426466856,-0.062043648976560103
143,1558198800,438,600,162,1038,20,0.9716854320219324,0.45209208638738074
143,1558213200,347,612,265,959,20,1.3669751798992014,0.27851634667049474
143,1558227600,279,269,-10,548,20,0.31158993071231794,-0.6245169321097603
143,1558242000,378,210,-168,588,20,-0.29477686700232775,-0.5366304816201978
143,1558256400,86,189,103,275,20,0.7452573240145646,-1.2243419567010247
143,1558270800,266,463,197,729,20,1.1060071910093539,-0.22683074364448988
143,1558285200,417,462,45,879,20,0.5226669805496946,0.10274344569136966
143,1558299600,307,486,179,793,20,1.0369274292443942,-0.0862124228611898
143,1558314000,229,126,-103,355,20,-0.04532217173997352,-1.0485690557218996
143,1558328400,40,27,-13,67,20,0.3000766370848247,-1.68135149924675
143,1558342800,352,490,138,842,20,0.8795790830019862,0.02144847898852431
143,1558357200,483,583,100,1066,20,0.7337440303870714,0.5136126017300745
143,1558371600,806,427,-379,1233,20,-1.1045451854693547,0.8805385325239982
143,1558386000,1014,481,-533,1495,20,-1.6955609250140093,1.4561947832306328
143,1558400400,319,168,-151,487,21,-0.3540548228866505,-0.5188329436286698
143,1558414800,39,31,-8,70,21,0.3458968776588476,-1.433738317643221
143,1558429200,363,556,193,919,21,1.3297450721318904,0.4289826956382034
143,1558443600,588,577,-11,1165,21,0.3312125762488022,0.968711045776284
143,1558458000,863,477,-386,1340,21,-1.5043251000068747,1.352664140386707
143,1558472400,1054,540,-514,1594,21,-2.1308552935021456,1.9099446319926927
143,1558486800,392,185,-207,577,21,-0.6281617825408315,-0.3213713521147379
143,1558501200,36,35,-1,71,21,0.38016024761562023,-1.4315442999597328
143,1558515600,397,490,93,887,21,0.84026835846371,0.3587741297665832
143,1558530000,551,593,42,1144,21,0.5906352344929379,0.9226366744230332
143,1558544400,915,513,-402,1428,21,-1.5826413741937835,1.5457376965336627
143,1558558800,1039,526,-513,1565,21,-2.1259605263654637,1.846318119171537
143,1558573200,387,172,-215,559,21,-0.667319919634286,-0.36086367041752426
143,1558587600,35,38,3,73,21,0.3997393161623474,-1.4271562645927567
143,1558602000,338,504,166,842,21,1.1975863594414817,0.2600433340096172
143,1558616400,549,558,9,1107,21,0.4291079189824383,0.8414580201339723
143,1558630800,941,510,-431,1451,21,-1.724589621157556,1.5962001032538897
143,1558645200,1036,495,-541,1531,21,-2.2630140061925546,1.7717215179329404
143,1558659600,399,180,-219,579,21,-0.6868989881810132,-0.3169833167477616
143,1558674000,52,35,-17,87,21,0.30184397342871133,-1.3964400170239228
143,1558688400,309,490,181,799,21,1.2710078664917088,0.1657005736196275
143,1558702800,529,570,41,1099,21,0.5857404673562561,0.8239058786660672
143,1558717200,931,435,-496,1366,21,-2.042749485041873,1.4097086001573986
143,1558731600,682,430,-252,1112,21,-0.8484263036915128,0.8524281085514129
143,1558746000,323,226,-97,549,21,-0.08973739750583307,-0.38280384725240557
143,1558760400,71,27,-44,98,21,0.1696852607383026,-1.3723058225055533
143,1558774800,105,220,115,325,21,0.9479532354707096,-0.8742638083537473
143,1558789200,259,399,140,658,21,1.0703224138877547,-0.14365591975219916
143,1558803600,362,390,28,752,21,0.5221084945793926,0.0625817424956853
143,1558818000,338,412,74,750,21,0.7472677828667557,0.05819370712870902
143,1558832400,281,193,-88,474,21,-0.045684493275696826,-0.5473551735140155
143,1558846800,64,30,-34,94,21,0.21863293210512066,-1.381081893239506
143,1558861200,90,169,79,259,21,0.7717416185501647,-1.019068975463964
143,1558875600,243,328,85,571,21,0.8011102213702556,-0.33453545821566666
143,1558890000,324,376,52,700,21,0.639582905859756,-0.05150717704569759
143,1558904400,306,330,24,636,21,0.5025294260326654,-0.19192430878893807
143,1558918800,245,100,-145,345,21,-0.3246862200665597,-0.8303834546839846
143,1558933200,41,30,-11,71,21,0.3312125762488022,-1.4315442999597328
143,1558947600,94,184,90,278,21,0.8255840570536646,-0.9773826394776894
143,1558962000,267,323,56,590,21,0.6591619744064832,-0.29284912222939213
143,1558976400,407,346,-61,753,21,0.08647421941471191,0.06477576017917341
143,1558990800,281,350,69,631,21,0.7227939471833467,-0.20289439720637872
143,1559005200,190,136,-54,326,22,0.1951955416767903,-1.0045003086954123
143,1559019600,43,28,-15,71,22,0.3517725726594458,-1.5289834554450157
143,1559034000,366,549,183,915,22,1.1467021145713887,0.20695292046347555
143,1559048400,484,553,69,1037,22,0.6890154086220883,0.45788211224171715
143,1559062800,792,493,-299,1285,22,-0.7884293965475838,0.9679676824138804
143,1559077200,994,456,-538,1450,22,-1.7479655607746265,1.3073391303106827
143,1559091600,301,243,-58,544,22,0.17913635901190253,-0.5561186381408494
143,1559106000,37,23,-14,60,22,0.3557873683256677,-1.5516082186381357
143,1559120400,408,539,131,947,22,0.9379327399278483,0.272770413388916
143,1559134800,648,582,-66,1230,22,0.14701799368212706,0.8548438664482797
143,1559149200,1125,460,-665,1585,22,-2.2578446103848124,1.5850066785898844
143,1559163600,1347,554,-793,1901,22,-2.77173845566122,2.234954421228609
143,1559178000,373,152,-221,525,22,-0.4752753345822729,-0.5951977745653296
143,1559192400,58,44,-14,102,22,0.3557873683256677,-1.4652227591734952
143,1559206800,424,523,99,947,22,0.8094592786087463,0.272770413388916
143,1559221200,568,591,23,1159,22,0.5043348079758793,0.7088113040199588
143,1559235600,881,465,-416,1346,22,-1.2581604894955503,1.0934322783030013
143,1559250000,1176,498,-678,1674,22,-2.3100369540456973,1.7680615807887656
143,1559264400,360,189,-171,549,22,-0.2745355512711761,-0.5458346548712493
143,1559278800,56,35,-21,91,22,0.32768379866211417,-1.4878475223666154
143,1559293200,331,506,175,837,22,1.1145837492416133,0.04652278145771453
143,1559307600,506,522,16,1028,22,0.4762312383123257,0.43937094235643703
143,1559322000,891,463,-428,1354,22,-1.3063380374902136,1.1098866515343613
143,1559336400,856,533,-323,1389,22,-0.8847844925369103,1.1818745344215618
143,1559350800,347,284,-63,631,22,0.15906238068079287,-0.3771773292498082
143,1559365200,98,48,-50,146,22,0.21125472434167802,-1.3747237064010147
143,1559379600,124,266,142,390,22,0.9820954922562896,-0.8728653228445313
143,1559394000,347,472,125,819,22,0.9138439659305166,0.009500441687154292
143,1559408400,427,417,-10,844,22,0.3718465509905554,0.06092035803515462
143,1559422800,385,434,49,819,22,0.6087194952976496,0.009500441687154292
143,1559437200,305,243,-62,548,22,0.1630771763470148,-0.5478914515251693
143,1559451600,87,58,-29,145,22,0.29556543333233865,-1.3767805030549347
143,1559466000,100,184,84,284,22,0.7492373436154174,-1.0908857681600528
143,1559480400,261,453,192,714,22,1.1828352755673863,-0.2064632069744471
143,1559494800,459,354,-105,813,22,-0.009559037300528412,-0.002840338236365788
143,1559509200,319,341,22,660,22,0.5003200123096574,-0.3175302262861278
143,1559523600,206,150,-56,356,22,0.1871659503443464,-0.9427964090778118
143,1559538000,27,49,22,76,22,0.5003200123096574,-1.5186994721754155
143,1559552400,355,533,178,888,22,1.1266281362402792,0.1514194108076352
143,1559566800,478,610,132,1088,22,0.9419475355940702,0.5627787415916379
143,1559581200,886,409,-477,1295,22,-1.5030630251350885,0.9885356489530805
143,1559595600,831,505,-326,1336,22,-0.8968288795355761,1.072864311763801
143,1559610000,380,159,-221,539,23,-0.3648014147385162,-0.5650189395449831
143,1559624400,46,36,-10,82,23,0.46494118639524107,-1.4819556957592421
143,1559638800,380,511,131,891,23,1.0194137302808324,0.14124306961785982
143,1559653200,560,579,19,1139,23,0.578981638683767,0.6388367578916809
143,1559667600,845,420,-425,1265,23,-1.1670170101474568,0.8916464543533803
143,1559682000,1073,480,-593,1553,23,-1.827665147543055,1.469497189122979
143,1559696400,417,191,-226,608,23,-0.38446356168481377,-0.4265755343397667
143,1559710800,40,25,-15,65,23,0.4452790394489435,-1.5160649405199476
143,1559721230,104,311,207,415,23,1.3182783638645554,-0.8138157836818936
143,1559725200,401,443,42,844,23,0.6694275146367357,0.046941039985321134
143,1559739600,591,646,55,1237,23,0.7205490966971094,0.8354665218063361
143,1559754000,981,543,-438,1524,23,-1.2181385922078305,1.4113108304135402
143,1559768400,1283,536,-747,1819,23,-2.4332592734890204,2.0032065483199
143,1559782800,393,197,-196,590,23,-0.26649068000702836,-0.4626912052628666
143,1559797200,62,29,-33,91,23,0.37449531044227224,-1.4638978602976922
143,1559811600,394,531,137,925,23,1.0430083066163895,0.20946155913927075
143,1559826000,549,548,-1,1097,23,0.5003330508985766,0.5545668590711145
143,1559840400,944,495,-449,1439,23,-1.261395315489685,1.2407646066100129
143,1559854800,1129,556,-573,1685,23,-1.7490165597578649,1.7343454425590452
143,1559869200,492,182,-310,674,23,-0.7147876303826128,-0.29415140762173364
143,1559883600,60,31,-29,91,23,0.3902250279993103,-1.4638978602976922
143,1559898000,365,508,143,873,23,1.0666028829519465,0.10512739869475989
143,1559912400,570,576,6,1146,23,0.5278600566233933,0.652881741028442
143,1559926800,1000,487,-513,1487,23,-1.513070796402294,1.337073062404946
143,1559941200,897,536,-361,1433,23,-0.915341529234848,1.2287260496356462
143,1559955600,417,242,-175,659,23,-0.1839096628325786,-0.32424780005765025
143,1559970000,89,39,-50,128,23,0.30764401082486054,-1.3896600922890978
143,1559984400,122,223,101,345,23,0.901440848603047,-0.9542656150495044
143,1559998800,304,400,96,704,23,0.8817787016567494,-0.23395862274990045
143,1560013200,439,397,-42,836,23,0.3391034459389366,0.03088963068616561
143,1560027600,344,460,116,804,23,0.9604272894419397,-0.033316006510456464
143,1560042000,311,213,-98,524,23,0.1188874001404039,-0.5951153319808996
143,1560056400,94,45,-49,139,23,0.31157644021412,-1.367589404502759
143,1560070800,82,138,56,220,23,0.724481526086369,-1.2050688853488094
143,1560085200,289,346,57,635,23,0.7284139554756284,-0.37240202795511684
143,1560099600,382,430,48,812,23,0.6930220909722928,-0.01726459721130095
143,1560114000,270,334,64,604,23,0.755940961200445,-0.43460123898934444
143,1560128400,215,118,-97,333,23,0.12281982952966342,-0.9783427289982377
143,1560142800,41,32,-9,73,23,0.46887361578450054,-1.500013531220792
143,1560157200,418,522,104,940,23,0.9132381367708255,0.23955795157518736
143,1560171600,537,554,17,1091,23,0.5711167799052479,0.5425283020967478
143,1560186000,906,426,-480,1332,23,-1.38330062655673,1.026077007233808
143,1560200400,1184,411,-773,1595,23,-2.5355024376097677,1.5537670879435455
143,1560214800,325,142,-183,467,24,0.08611679948250871,-0.9677678812712079
143,1560229200,52,40,-12,92,24,0.7007660952672315,-1.7122683455366043
143,1560243600,361,523,162,884,24,1.3261987120306338,-0.13988336500808732
143,1560258000,575,569,-6,1144,24,0.7223327372245902,0.3763036235492541
143,1560272400,904,445,-459,1349,24,-0.9059487305559912,0.7832972106810041
143,1560286800,1195,481,-714,1676,24,-1.8225310137437356,1.4325016155204295
143,1560301200,430,259,-171,689,24,0.1292500833972261,-0.5270236064260934
143,1560315600,55,27,-28,82,24,0.6432550500476083,-1.732121691250348
143,1560330000,407,552,145,959,24,1.265093226484784,0.009016727844991947
143,1560344400,551,575,24,1126,24,0.8301659470113837,0.3405676012645151
143,1560358800,987,396,-591,1383,24,-1.3804148536178824,0.8507985861077333
143,1560373200,1190,496,-694,1686,24,-1.7506422072192067,1.4523549612341735
143,1560387600,448,176,-272,624,24,-0.23378838955164527,-0.6560703535654288
143,1560402000,57,34,-23,91,24,0.6612272516787406,-1.7142536801079786
143,1560416400,415,518,103,933,24,1.1141267327832733,-0.042601971010742194
143,1560430800,614,631,17,1245,24,0.8050048647277985,0.5768224152580675
143,1560445200,889,400,-489,1289,24,-1.0137819403427846,0.6641771363985407
143,1560459600,1121,515,-606,1636,24,-1.4343314585112792,1.353088232665454
143,1560474000,489,197,-292,686,24,-0.3056771960761743,-0.5329796101402166
143,1560488400,55,36,-19,91,24,0.6756050129836464,-1.7142536801079786
143,1560502800,362,481,119,843,24,1.1716377780028964,-0.2212820824344373
143,1560517200,571,509,-62,1080,24,0.5210440789559091,0.24924221098129315
143,1560531600,995,475,-520,1470,24,-1.1252095904558046,1.0235226938173052
143,1560546000,889,493,-396,1382,24,-0.6794989900037249,0.8488132515363589
143,1561165200,9542,9958,416,19500,25,1.7290560895910798,4.1065697084836685
143,1561179600,123,50,-73,173,25,-0.5051118053855327,-0.3692472434050406
143,1561194000,90,321,231,411,25,0.8838187469107662,-0.31413033780409305
143,1561208400,332,549,217,881,25,0.8198548398971209,-0.20528602842407065
143,1561222800,481,542,61,1023,25,0.10711416174507275,-0.17240115197308514
143,1561237200,435,564,129,999,25,0.41779599581135013,-0.17795915926057565
143,1561251600,305,327,22,632,25,-0.07107100779293928,-0.2629503540317846
143,1561266000,109,51,-58,160,25,-0.4365790478709127,-0.3722578306857646
143,1561280400,78,200,122,278,25,0.3858140423045275,-0.34493096152226965
143,1561294800,292,477,185,769,25,0.6736516238659316,-0.231223395765693
143,1561309200,390,563,173,953,25,0.6188254178542355,-0.18861200656159913
143,1561323600,351,480,129,831,25,0.41779599581135013,-0.2168652102730092
143,1561338000,259,203,-56,462,25,-0.42744134686896335,-0.30231957231817574
143,1561352400,40,40,0,80,25,-0.17158571881438195,-0.3907845216440663
143,1561366800,346,484,138,830,25,0.45891565032012216,-0.21709679390998796
143,1561381200,544,540,-4,1084,25,-0.18986112081828063,-0.1582745501173801
143,1561395600,825,417,-408,1242,25,-2.0356767232120463,-0.12168433547473427
143,1561410000,1027,479,-548,1506,25,-2.6753157933484997,-0.06054625531233869
143,1561424400,404,144,-260,548,26,-1.251518284808753,0.39825623287143685
143,1561438800,39,29,-10,68,26,0.15741520109133264,-0.5429182343083265
143,1561453200,365,536,171,901,26,1.1774830448829947,1.0904116222765545
143,1561466386,364,523,159,887,26,1.1098542375597906,1.0629607003171446
143,1561466467,2,2,0,4,26,0.21377254052733607,-0.6684081632656282
143,1561466968,21,14,-7,35,26,0.17432240292213366,-0.6076239789269352
143,1561467053,4,7,3,11,26,0.2306797423581371,-0.6546827022859234
143,1561467133,2,3,1,5,26,0.21940827447093642,-0.6664473831256704
143,1561467213,4,0,-4,4,26,0.1912296047529347,-0.6684081632656282
143,1561467294,4,5,1,9,26,0.21940827447093642,-0.658604262565839
143,1561467361,2,4,2,6,26,0.22504400841453676,-0.6644866029857126
143,1561467423,3,1,-2,4,26,0.2025010726401354,-0.6684081632656282
143,1561467485,3,6,3,9,26,0.2306797423581371,-0.658604262565839
143,1561467547,3,1,-2,4,26,0.2025010726401354,-0.6684081632656282
143,1561467600,443,577,134,1020,26,0.9689608889697819,1.3237444589315375
143,1561467614,0,0,0,0,26,0.21377254052733607,-0.6762512838254596
143,1561467684,4,6,2,10,26,0.22504400841453676,-0.6566434824258812
143,1561467750,3,3,0,6,26,0.21377254052733607,-0.6644866029857126
143,1561467815,2,1,-1,3,26,0.20813680658373573,-0.6703689434055862
143,1561467895,4,4,0,8,26,0.21377254052733607,-0.660565042705797
143,1561467975,4,2,-2,6,26,0.2025010726401354,-0.6644866029857126
143,1561468057,4,0,-4,4,26,0.1912296047529347,-0.6684081632656282
143,1561468138,5,0,-5,5,26,0.18559387080933434,-0.6664473831256704
143,1561468218,7,0,-7,7,26,0.17432240292213366,-0.6625258228457548
143,1561468299,7,13,6,20,26,0.24758694418893812,-0.6370356810263028
143,1561468379,4,2,-2,6,26,0.2025010726401354,-0.6644866029857126
143,1561468459,6,1,-5,7,26,0.18559387080933434,-0.6625258228457548
143,1561468552,6,2,-4,8,26,0.1912296047529347,-0.660565042705797
143,1561468631,3,3,0,6,26,0.21377254052733607,-0.6644866029857126
143,1561468717,4,6,2,10,26,0.22504400841453676,-0.6566434824258812
143,1561482000,795,439,-356,1234,26,-1.792548743394386,1.7433514088825153
143,1561496400,1147,563,-584,1710,26,-3.077496082535264,2.6766827555024473
143,1561510800,431,154,-277,585,26,-1.3473257618499588,0.47080509804987697
143,1561525200,63,30,-33,93,26,0.027793320388524768,-0.4938987308093805
143,1561539600,366,480,114,846,26,0.8562462100977751,0.9825687145788733
143,1561554000,546,553,7,1099,26,0.25322267813253846,1.4786460899882068
143,1561568400,927,485,-442,1412,26,-2.2772218625440153,2.092370273795011
143,1561582800,1164,534,-630,1698,26,-3.33673984394088,2.653153393822953
143,1561597200,530,195,-335,725,26,-1.6741983305787789,0.7453143176439746
143,1561611600,74,26,-48,100,26,-0.05674268876548037,-0.4801732698296756
143,1561626000,373,405,32,778,26,0.39411602672254703,0.8492356650617401
143,1561640400,602,622,20,1224,26,0.32648721939934294,1.7237436074829369
143,1561654800,898,494,-404,1392,26,-2.0630639726872024,2.053154670995854
143,1561669200,1120,460,-660,1580,26,-3.50581186224889,2.421781337307928
143,1561683600,444,198,-246,642,26,-1.1726180095983483,0.5825695660274738
143,1561698000,45,31,-14,76,26,0.13487226531693128,-0.5272319931886638
143,1561708892,85,257,172,342,26,1.1831187788265949,-0.0056644759598782546
143,1561712400,325,366,41,691,26,0.4448376322149501,0.678647792885408
143,1561726800,563,518,-45,1081,26,-0.039835486934679344,1.4433520474689658
143,1561737642,442,327,-115,769,26,-0.4343368629867033,0.8315886438021196
143,1561737723,5,6,1,11,26,0.21940827447093642,-0.6546827022859234
143,1561737794,672,286,-386,958,26,-1.9616207617023962,1.2021760902541514
143,1561737862,4,4,0,8,26,0.21377254052733607,-0.660565042705797
143,1561737926,7,3,-4,10,26,0.1912296047529347,-0.6566434824258812
143,1561737989,6,8,2,14,26,0.22504400841453676,-0.6488003618660498
143,1561738063,8,2,-6,10,26,0.179958136865734,-0.6566434824258812
143,1561738126,13,14,1,27,26,0.21940827447093642,-0.623310220046598
143,1561738193,20,8,-12,28,26,0.14614373320413196,-0.6213494399066402
143,1561738194,7,8,1,15,26,0.21940827447093642,-0.646839581726092
143,1561738264,2,1,-1,3,26,0.20813680658373573,-0.6703689434055862
143,1561738328,9,3,-6,12,26,0.179958136865734,-0.6527219221459656
143,1561738395,11,10,-1,21,26,0.20813680658373573,-0.635074900886345
143,1561738464,6,0,-6,6,26,0.179958136865734,-0.6644866029857126
143,1561738529,9,7,-2,16,26,0.2025010726401354,-0.6448788015861342
143,1561738599,15,10,-5,25,26,0.18559387080933434,-0.6272317803265136
143,1561738672,10,2,-8,12,26,0.16868666897853332,-0.6527219221459656
143,1561738752,10,0,-10,10,26,0.15741520109133264,-0.6566434824258812
143,1561738832,6,8,2,14,26,0.22504400841453676,-0.6488003618660498
143,1561738912,9,3,-6,12,26,0.179958136865734,-0.6527219221459656
143,1561738995,11,2,-9,13,26,0.16305093503493298,-0.6507611420060078
143,1561739072,7,6,-1,13,26,0.20813680658373573,-0.6507611420060078
143,1561739153,8,2,-6,10,26,0.179958136865734,-0.6566434824258812
143,1561739236,6,0,-6,6,26,0.179958136865734,-0.6644866029857126
143,1561739313,7,8,1,15,26,0.21940827447093642,-0.646839581726092
143,1561739394,8,6,-2,14,26,0.2025010726401354,-0.6488003618660498
143,1561739477,5,2,-3,7,26,0.19686533869653505,-0.6625258228457548
143,1561739558,7,9,2,16,26,0.22504400841453676,-0.6448788015861342
143,1561739638,9,3,-6,12,26,0.179958136865734,-0.6527219221459656
143,1561739724,79,34,-45,113,26,-0.039835486934679344,-0.4546831280102237
143,1561739804,4,1,-3,5,26,0.19686533869653505,-0.6664473831256704
143,1561739886,5,8,3,13,26,0.2306797423581371,-0.6507611420060078
143,1561739968,5,4,-1,9,26,0.20813680658373573,-0.658604262565839
143,1561740973,59,30,-29,89,26,0.05033625616292614,-0.5017418513692119
143,1561741055,8,3,-5,11,26,0.18559387080933434,-0.6546827022859234
143,1561741136,4,6,2,10,26,0.22504400841453676,-0.6566434824258812
143,1561741200,207,330,123,537,26,0.9069678155901783,0.37668765133190063
143,1561754454,811,407,-404,1218,26,-2.0630639726872024,1.71197892664319
143,1561754532,4,0,-4,4,26,0.1912296047529347,-0.6684081632656282
143,1561754613,1,7,6,8,26,0.24758694418893812,-0.660565042705797
143,1561754693,7,4,-3,11,26,0.19686533869653505,-0.6546827022859234
143,1561754774,4,0,-4,4,26,0.1912296047529347,-0.6684081632656282
143,1561754856,4,0,-4,4,26,0.1912296047529347,-0.6684081632656282
143,1561754935,3,11,8,14,26,0.2588584120761388,-0.6488003618660498
143,1561755015,5,0,-5,5,26,0.18559387080933434,-0.6664473831256704
143,1561755096,2,2,0,4,26,0.21377254052733607,-0.6684081632656282
143,1561755176,3,0,-3,3,26,0.19686533869653505,-0.6703689434055862
143,1561755257,2,1,-1,3,26,0.20813680658373573,-0.6703689434055862
143,1561755337,8,3,-5,11,26,0.18559387080933434,-0.6546827022859234
143,1561755600,714,512,-202,1226,26,-0.9246457160799331,1.7276651677628525
143,1561770000,445,246,-199,691,26,-0.9077385142491321,0.678647792885408
143,1561784400,93,46,-47,139,26,-0.051106954821880025,-0.4037028443713198
143,1561798800,109,203,94,312,26,0.7435315312257683,-0.06448788015861347
143,1561813200,280,419,139,699,26,0.9971395586877837,0.6943340340050708
143,1561827600,411,395,-16,806,26,0.12360079742973058,0.9041375089805597
143,1561842000,323,477,154,800,26,1.0816755678417889,0.8923728281408126
143,1561856400,268,225,-43,493,26,-0.028564019047478656,0.2904133251737556
143,1561870800,81,41,-40,122,26,-0.01165681721667763,-0.4370361067506031
143,1561885200,75,159,84,234,26,0.6871741917897648,-0.217428731075325
143,1561899600,266,914,648,1180,26,3.865728135980358,1.637469281324792
143,1561914000,500,930,430,1430,26,2.637138136275483,2.127664316314252
143,1561928400,952,943,-9,1895,26,0.16305093503493298,3.039427081394648
143,1561942800,258,156,-102,414,26,-0.36107232171989884,0.13551169411708625
143,1561957200,48,39,-9,87,26,0.16305093503493298,-0.5056634116491275
143,1561971600,304,542,238,846,26,1.5550772191042175,0.9825687145788733
143,1561986000,520,530,10,1050,26,0.2701298799633395,1.3825678631302727
143,1562000400,934,428,-506,1362,26,-2.6379088349344375,1.994331266797119
143,1562014800,1026,448,-578,1474,26,-3.043681678873662,2.213938642472397
143,1562029200,354,151,-203,505,27,-0.7656696683722097,-0.07862841512065613
143,1562043600,65,28,-37,93,27,0.06401405964547975,-0.9872234342926817
143,1562058000,321,531,210,852,27,1.2985434621778251,0.6866203024829673
143,1562072400,549,497,-52,1046,27,-0.010957361560937982,1.1144538794717367
143,1562086800,889,508,-381,1397,27,-1.6553305333550337,1.888523907941108
143,1562101200,1057,419,-638,1476,27,-2.9398408833583245,2.0627447975396276
143,1562115600,420,155,-265,575,27,-1.0755515426920697,0.07574452502993073
143,1562130000,54,25,-29,79,27,0.10399881762223588,-1.0180980223227991
143,1562144400,276,471,195,747,27,1.2235720409714075,0.455060892257087
143,1562158800,492,540,48,1032,27,0.48885211314851357,1.0835792914416194
143,1562173200,999,402,-597,1401,27,-2.734918998727449,1.8973452188068558
143,1562187600,817,473,-344,1290,27,-1.4704010277125366,1.6525538422823538
143,1562202000,328,184,-144,512,27,-0.47078207829363344,-0.06319112110559745
143,1562216400,62,30,-32,92,27,0.08900453338095234,-0.9894287620091187
143,1562230800,83,189,106,272,27,0.7787416084799955,-0.5924697730504667
143,1562243998,196,252,56,448,27,0.5288368711252697,-0.20433209495756258
143,1562244062,1,0,-1,1,27,0.2439454705408823,-1.1901135842048816
143,1562244198,3,11,8,14,27,0.28892832326473294,-1.1614443238912011
143,1562244262,2,0,-2,2,27,0.2389473757937878,-1.1879082564884447
143,1562244328,221,138,-83,359,27,-0.16589829872086798,-0.4006062617204516
143,1562244401,4,0,-4,4,27,0.22895118629959876,-1.1834976010555707
143,1562244480,1,1,0,2,27,0.24894356528797684,-1.1879082564884447
143,1562244653,6,5,-1,11,27,0.2439454705408823,-1.168060307040512
143,1562245200,14,23,9,37,27,0.29392641801182745,-1.1107217864131511
143,1562259600,285,368,83,653,27,0.6637854292968217,0.24776008691201323
143,1562262932,62,94,32,156,27,0.4088825971950013,-0.8482877881571536
143,1562263790,26,17,-9,43,27,0.20396071256412618,-1.0974898201145296
143,1562274000,272,214,-58,486,27,-0.04094593004350507,-0.12052964173295828
143,1562288400,206,286,80,492,27,0.6487911450555381,-0.10729767543433655
143,1562302800,46,31,-15,77,27,0.1739721440815591,-1.022508677755673
143,1562317200,155,595,440,750,27,2.4481052540095636,0.4616768754063979
143,1562331600,325,581,256,906,27,1.528455820544173,0.8057079991705629
143,1562346000,595,520,-75,1115,27,-0.12591354074411185,1.2666214919058865
143,1562360400,512,530,18,1042,27,0.3389092707356781,1.105632568605989
143,1562374800,347,171,-176,518,27,-0.6307211102006579,-0.049959154806975714
143,1562389200,84,28,-56,112,27,-0.030949740549316044,-0.9453222076803796
143,1562403600,97,193,96,290,27,0.7287606610090503,-0.5527738741546016
143,1562418000,150,257,107,407,27,0.7837397032270901,-0.29475053133147777
143,1562432400,361,319,-42,680,27,0.03902358591000717,0.307303935255811
143,1562446800,299,283,-16,582,27,0.16897404933446458,0.09118181904498941
143,1562461200,242,132,-110,374,27,-0.3008468568924199,-0.3675263459738973
143,1562475600,51,28,-23,79,27,0.13398738610480296,-1.0180980223227991
143,1562490000,77,110,33,187,27,0.41388069194209587,-0.7799226289476079
143,1562504400,201,259,58,460,27,0.5388330606194588,-0.17786816236031913
143,1562518800,344,307,-37,651,27,0.06401405964547975,0.24334943147913932
143,1562533200,326,246,-80,572,27,-0.15090401447958443,0.06912854188061987
143,1562547600,231,105,-126,336,27,-0.3808163728459321,-0.45132879919850155
143,1562562000,38,24,-14,62,27,0.17897023882865362,-1.0555885935022273
143,1562576400,331,517,186,848,27,1.1785891882475568,0.6777989916172195
143,1562590800,514,557,43,1071,27,0.463861639413041,1.1695870723826605
143,1562605200,853,447,-406,1300,27,-1.7802829020323965,1.6746071194467234
143,1562619600,1108,510,-598,1618,27,-2.739917093474544,2.375901333273675
143,1562634000,361,138,-223,499,28,-0.31731868789453455,-0.6213776721974622
143,1562648400,51,29,-22,80,28,0.49591882370402673,-1.4841679732335153
143,1562662800,362,523,161,885,28,1.2363290954579407,0.1734601707617658
143,1562677200,571,592,21,1163,28,0.6698950077773508,0.7459081509241113
143,1562691600,929,412,-517,1341,28,-1.5068302720237736,1.1124395914597138
143,1562706000,1087,471,-616,1558,28,-1.9073800911693335,1.559278482449746
143,1562720400,422,162,-260,584,28,-0.4670191253529761,-0.44634861351473065
143,1562734800,50,23,-27,73,28,0.4756890348582914,-1.4985821310073875
143,1562749200,374,528,154,902,28,1.208007391073911,0.20846598249831208
143,1562763600,523,575,52,1098,28,0.79531969862091,0.6120624001667283
143,1562778000,833,484,-349,1317,28,-0.8271093668070655,1.0630196219492956
143,1562792400,1118,527,-591,1645,28,-1.8062311469406567,1.7384258719250125
143,1562806800,410,226,-184,636,28,-0.15952633489779874,-0.3392720129088243
143,1562821200,49,33,-16,82,28,0.5201945703189091,-1.4800496424409806
143,1562835600,381,531,150,912,28,1.1918235599973228,0.2290576364609864
143,1562850000,593,583,-10,1176,28,0.5444703169337916,0.7726773010755879
143,1562864400,946,457,-489,1403,28,-1.3935434544876555,1.2401078460282946
143,1562878800,1189,580,-609,1769,28,-1.8790583867853041,1.9937623810621738
143,1562893200,358,132,-226,490,28,-0.32945656120197575,-0.6399101607638691
143,1562907600,68,31,-37,99,28,0.4352294571668207,-1.4450438307044342
143,1562922000,309,468,159,777,28,1.2282371799196465,-0.04892969203511666
143,1562936400,516,581,65,1097,28,0.8479171496198219,0.6100032347704609
143,1562950800,957,417,-540,1374,28,-1.599887300714156,1.180392049536539
143,1562965200,927,478,-449,1405,28,-1.2317051437217728,1.2442261768208294
143,1562979600,462,186,-276,648,28,-0.5317544496593293,-0.3145620281536151
143,1562994000,124,34,-90,158,28,0.22079369540202592,-1.3235530723246558
143,1563008400,156,230,74,386,28,0.8843307695421456,-0.8540633619756818
143,1563022800,388,375,-13,763,28,0.5323324436263503,-0.07775800758286068
143,1563037200,454,385,-69,839,28,0.3057588085541144,0.078738562533464
143,1563051600,376,314,-62,690,28,0.3340805129381439,-0.22807708151038306
143,1563066000,305,192,-113,497,28,0.1277366667116433,-0.6254960029899971
143,1563080400,77,32,-45,109,28,0.4028617950136441,-1.42445217674176
143,1563094800,79,126,47,205,28,0.7750899097751747,-1.2267722987000866
143,1563109200,263,302,39,565,28,0.7427222476219981,-0.4854727560438118
143,1563123600,351,357,6,708,28,0.6092056412401448,-0.19101210437756933
143,1563138000,289,259,-30,548,28,0.4635511615508502,-0.5204785677803582
143,1563152400,210,104,-106,314,28,0.15605837109567278,-1.0023232705069367
143,1563166800,35,38,3,73,28,0.5970677679327036,-1.4985821310073875
143,1563181200,368,540,172,908,28,1.2808346309185583,0.22082097487591668
143,1563195600,523,538,15,1061,28,0.6456192611624684,0.5358732805048334
143,1563210000,908,361,-547,1269,28,-1.6282090050981857,0.9641796829284589
143,1563224400,1100,426,-674,1526,28,-2.1420456417798635,1.4933851897691883
143,1563238800,380,293,-87,673,29,0.07692388950503071,-0.2171045750963536
143,1563253200,45,28,-17,73,29,0.34530098014294275,-1.4230035346624699
143,1563267600,391,498,107,889,29,0.8207118264158155,0.21701905034744828
143,1563279776,68,397,329,465,29,1.671850599581765,-0.6351495477459406
143,1563282000,582,625,43,1207,29,0.5753384864040102,0.8561454989174899
143,1563296400,916,465,-451,1381,29,-1.3186369818121118,1.2058561971916637
143,1563310800,1125,526,-599,1651,29,-1.8860628305894114,1.7485107289964161
143,1563325200,425,274,-151,699,29,-0.16844945050677457,-0.16484895351515524
143,1563339600,68,23,-45,91,29,0.2379501438877779,-1.3868265658754866
143,1563350818,159,330,171,489,29,1.0660851664276207,-0.586913589363296
143,1563350904,24,128,104,152,29,0.8092099511027622,-1.264226838319598
143,1563354000,381,402,21,783,29,0.4909914007749522,0.0039769008241010515
143,1563368400,575,560,-15,1135,29,0.35296889701831163,0.711437623769556
143,1563382800,1009,502,-507,1511,29,-1.5333386543224414,1.4671343050976555
143,1563397200,1255,579,-676,1834,29,-2.181277630291115,2.1163099116640813
143,1563411600,410,206,-204,616,29,-0.37164924770405083,-0.3316649762551347
143,1563426000,64,36,-28,100,29,0.3031274373284137,-1.3687380814819947
143,1563435503,95,261,166,356,29,1.0469153742391986,-0.8542211920671184
143,1563440400,384,388,4,772,29,0.42581410733431635,-0.018131246767944417
143,1563454800,625,662,37,1287,29,0.5523347357779035,1.0169320268596387
143,1563469200,915,466,-449,1381,29,-1.310969064936743,1.2058561971916637
143,1563483600,1082,505,-577,1587,29,-1.8017157449603534,1.619881506642697
143,1563498000,453,246,-207,699,29,-0.3831511230171042,-0.16484895351515524
143,1563512400,75,27,-48,102,29,0.22644826857472455,-1.364718418283441
143,1563526800,346,514,168,860,29,1.0545832911145674,0.1587339339684193
143,1563541200,577,572,-5,1149,29,0.3913084813951562,0.739575266159432
143,1563546629,201,189,-12,390,29,0.364470772331365,-0.7858869176917052
143,1563555600,980,382,-598,1362,29,-1.882228872151727,1.1676693968054033
143,1563570000,590,437,-153,1027,29,-0.17611736738214348,0.49437581104765504
143,1563584400,318,324,6,642,29,0.43348202420968523,-0.2794093546739363
143,1563598800,88,32,-56,120,29,0.19577660107324887,-1.3285414494964576
143,1563613200,111,235,124,346,29,0.8858891198564512,-0.874319508059887
143,1563627600,267,370,103,637,29,0.8053759926650776,-0.2894585126703206
143,1563642000,371,427,56,798,29,0.6251799460939081,0.03412437481325396
143,1563656400,318,398,80,716,29,0.7171949485983351,-0.1306818163274486
143,1563670800,285,193,-92,478,29,0.05775409731660842,-0.6090217369553415
143,1563685200,86,35,-51,121,29,0.21494639326167117,-1.3265316178971807
143,1563699600,79,158,79,237,29,0.7133609901606507,-1.0933911523810649
143,1563714000,258,358,100,616,29,0.7938741173520243,-0.3316649762551347
143,1563728400,410,380,-30,790,29,0.2954595204530448,0.018045722019039076
143,1563742800,312,285,-27,597,29,0.30696139576609816,-0.369851776641395
143,1563757200,266,121,-145,387,29,-0.14544569988066783,-0.7919164124895357
143,1563771600,40,24,-16,64,29,0.34913493858062716,-1.4410920190559617
143,1563786000,449,533,84,982,29,0.732530782349073,0.4039333890801963
143,1563800400,648,554,-94,1202,29,0.050086180441239504,0.8460963409211056
143,1563814800,1105,450,-655,1555,29,-2.1007645030997413,1.5555668954658375
143,1563829200,1259,440,-819,1699,29,-2.7295336868799924,1.8449826457617053
143,1563843600,437,112,-325,549,30,-0.6254922186846666,-0.5690926261541843
143,1563858000,49,24,-25,73,30,0.49542969219953187,-1.5164903930019193
143,1563872400,484,520,36,1004,30,0.7233504807459856,0.3365081803914449
143,1563886800,689,626,-63,1315,30,0.35344625015420006,0.9555012591512047
143,1563901200,1048,416,-632,1464,30,-1.7725689741561632,1.2520606441518611
143,1563915600,1402,525,-877,1927,30,-2.6879885347115917,2.1735841022411497
143,1563930000,609,197,-412,806,30,-0.9505595728410842,-0.05757744531412559
143,1563944400,83,26,-57,109,30,0.375864688371884,-1.444838461055452
143,1563958800,509,592,83,1101,30,0.8989615801178433,0.5295703303583154
143,1563973200,534,549,15,1083,30,0.6448859469840916,0.4937443643850816
143,1563987600,923,435,-488,1358,30,-1.2345264569317478,1.041085511198374
143,1564002000,1157,465,-692,1622,30,-1.9967533563330029,1.5665330121391345
143,1564016400,447,186,-261,633,30,-0.3863622110293709,-0.40190478494576043
143,1564030800,81,26,-55,107,30,0.38333750111111203,-1.4488191239413668
143,1564045200,359,519,160,878,30,1.1866648705781209,0.08572641857880914
143,1564059600,588,565,-23,1153,30,0.5029025049387599,0.6330675653921015
143,1564074000,908,451,-457,1359,30,-1.118697859473714,1.0430758426413314
143,1564088400,1055,498,-557,1553,30,-1.4923384964351136,1.4292001425750722
143,1564102800,482,159,-323,641,30,-0.6180194059454386,-0.385982133402101
143,1564117200,60,29,-31,89,30,0.4730112539818479,-1.4846450899146006
143,1564131600,347,525,178,872,30,1.2539201852311728,0.07378442992106457
143,1564146000,576,561,-15,1137,30,0.5327937558956718,0.6012222623047827
143,1564160400,1069,454,-615,1523,30,-1.7090500658727252,1.3694901992863493
143,1564174800,905,533,-372,1438,30,-0.8011033180565243,1.200312026634968
143,1564189200,389,243,-146,632,30,0.04332452147623849,-0.40389511638871783
143,1564203600,100,42,-58,142,30,0.37212828200227005,-1.379157523437857
143,1564218000,105,190,85,295,30,0.9064343928570713,-1.0746368126653707
143,1564232400,301,341,40,642,30,0.7382961062244415,-0.38399180195914356
143,1564246800,426,385,-41,811,30,0.435647190285708,-0.047625788099338456
143,1564261200,352,423,71,775,30,0.8541247036824754,-0.11927772004580582
143,1564275600,309,198,-111,507,30,0.17409874441272832,-0.6526865467583962
143,1564290000,75,34,-41,109,30,0.435647190285708,-1.444838461055452
143,1564304400,83,137,54,220,30,0.7906057953990375,-1.2239116708871776
143,1564318800,241,344,103,585,30,0.9736897075101232,-0.4974406942077169
143,1564333200,339,421,82,760,30,0.8952251737482293,-0.1491326916901672
143,1564347600,302,348,46,650,30,0.7607145444421255,-0.36806915041548416
143,1564362000,214,117,-97,331,30,0.22640843358732424,-1.0029848807189032
143,1564376400,34,32,-2,66,30,0.5813670387006538,-1.5304227131026213
143,1564390800,377,511,134,888,30,1.089518304968157,0.10562973300838341
143,1564405200,499,552,53,1051,30,0.7868693890294235,0.43005375821044395
143,1564419600,836,429,-407,1265,30,-0.9318775409930142,0.8559846870033333
143,1564434000,1060,484,-576,1544,30,-1.5633302174577794,1.4112871595884553
143,1564448400,376,118,-258,494,31,-0.25341309380089605,-0.8952693979751528
143,1564462800,48,41,-7,89,31,0.6906564652940933,-1.7007881009575174
143,1564477200,394,523,129,917,31,1.2021841945248446,-0.05394986374912751
143,1564491600,595,581,-14,1176,31,0.6643278321719223,0.4611843191457674
143,1564506000,957,419,-538,1376,31,-1.3065584186877368,0.8589713329642191
143,1564520400,1087,447,-640,1534,31,-1.6902042156108001,1.1732230738807958
143,1564534800,420,202,-218,622,31,-0.10296376167420451,-0.6406857091313437
143,1564549200,65,42,-23,107,31,0.6304767324434167,-1.6649872697138568
143,1564563600,370,530,160,900,31,1.3187824269230304,-0.0877617599236959
143,1564578000,578,621,43,1199,31,0.8787181304524577,0.5069298257348893
143,1564592400,979,478,-501,1457,31,-1.1673927864705471,1.020075073560692
143,1564606800,1118,591,-527,1709,31,-1.2651848523528966,1.521286710971941
143,1564621200,409,149,-260,558,31,-0.26093556040723065,-0.7679775535532483
143,1564635600,61,36,-25,97,31,0.6229542658370821,-1.6848766204047794
143,1564650000,369,514,145,883,31,1.2623639273755212,-0.12157365609826429
143,1564664400,549,570,21,1119,31,0.7959709977827774,0.3478150202075087
143,1564678800,923,447,-476,1370,31,-1.0733619538913648,0.8470377225496656
143,1564693200,1125,561,-564,1686,31,-1.4043504845700863,1.475541204382819
143,1564707600,445,150,-295,595,31,-0.3925787260180857,-0.6943869559968348
143,1564722000,54,42,-12,96,31,0.6718502987782569,-1.6868655554738716
143,1564736400,342,517,175,859,31,1.3752009264705398,-0.16930809775647848
143,1564750800,577,590,13,1167,31,0.7658811313574391,0.4432839035239371
143,1564765200,917,361,-556,1278,31,-1.3742606181447479,0.6640556961931777
143,1564779600,859,512,-347,1371,31,-0.5881628577827847,0.8490266576187578
143,1565398800,8683,9930,1247,18613,32,3.4637741655174676,4.103838522655721
143,1565413200,82,41,-41,123,32,-0.20895120623450902,-0.3678875408472275
143,1565427600,109,221,112,330,32,0.22732750640373048,-0.3178254913531707
143,1565442000,322,407,85,729,32,0.15033714534992348,-0.22132907711100322
143,1565456400,458,383,-75,841,32,-0.3059020312652289,-0.19424236434127198
143,1565470800,350,411,61,761,32,0.08190126885765063,-0.21359001631965144
143,1565485200,292,227,-65,519,32,-0.2773870827267819,-0.27211666355424924
143,1565499600,91,33,-58,124,32,-0.257426618749869,-0.36764569519749773
143,1565514000,91,158,67,249,32,0.09901023798071884,-0.33741498898127986
143,1565528400,253,333,80,586,32,0.1360796710807,-0.2559130050223565
143,1565542800,340,433,93,773,32,0.1731491041806811,-0.2106878685228945
143,1565557200,329,359,30,688,32,-0.006495071611535158,-0.23124474874992268
143,1565571600,221,127,-94,348,32,-0.3600804334882783,-0.3134722696580353
143,1565586000,38,28,-10,66,32,-0.12055486576532326,-0.38167274288182285
143,1565600400,327,511,184,838,32,0.4326351358805491,-0.1949679012904612
143,1565614800,546,571,25,1117,32,-0.02075254588075867,-0.1274929650158629
143,1565629200,912,464,-448,1376,32,-1.369509611749303,-0.06485494173585944
143,1565643600,1063,451,-612,1514,32,-1.8371547677798343,-0.031480242073154904
143,1565658000,398,205,-193,603,33,-0.2938657182642335,-0.3678876100492582
143,1565672400,52,39,-13,91,33,0.4765468896976101,-1.4528165378133227
143,1565682491,109,292,183,401,33,1.3154406183671732,-0.7959259760811742
143,1565686800,376,388,12,764,33,0.5835486408034217,-0.026728318310948875
143,1565701200,588,609,21,1197,33,0.6220692712015139,0.8907994663020197
143,1565705946,161,130,-31,291,33,0.3995056289014257,-1.029016175405485
143,1565715600,916,356,-560,1272,33,-1.8646514244975478,1.049724602204959
143,1565730000,1132,504,-628,1636,33,-2.1556961875053555,1.8210412617872234
143,1565744400,417,207,-210,624,33,-0.36662690901618544,-0.3233885719964352
143,1565758800,51,27,-24,78,33,0.429466119211053,-1.480363561369832
143,1565773200,363,518,155,881,33,1.1955986571286643,0.22119489369763617
143,1565787600,585,589,4,1174,33,0.549308080449562,0.8420624246251184
143,1565802000,873,430,-443,1303,33,-1.3638832293223495,1.1154136583781737
143,1565816400,1030,540,-490,1570,33,-1.5650465214012754,1.681187142192637
143,1565830800,444,171,-273,615,33,-0.6362713218028306,-0.34245958830478795
143,1565845200,45,42,-3,87,33,0.5193475901399347,-1.4612925450614793
143,1565859600,365,473,108,838,33,0.9944353650497383,0.13007781577995106
143,1565874000,573,571,-2,1144,33,0.5236276601841672,0.7784923702639427
143,1565888400,912,414,-498,1326,33,-1.599287081755135,1.164150700055075
143,1565902800,1162,550,-612,1712,33,-2.087215066797636,1.9820853995022016
143,1565917200,441,249,-192,690,33,-0.28958564822000105,-0.18353445240184882
143,1565931600,62,41,-21,103,33,0.44230632934375036,-1.4273885160688524
143,1565946000,305,437,132,742,33,1.0971570461113176,-0.07334635817581102
143,1565960400,534,520,-14,1054,33,0.47226681965337763,0.5877822071804157
143,1565974800,955,511,-444,1466,33,-1.368163299366582,1.4608109537405614
143,1565989200,822,422,-400,1244,33,-1.1798402174203535,0.9903925514678615
143,1566003600,420,213,-207,633,33,-0.353786698883488,-0.30431755568808255
143,1566018000,86,38,-48,124,33,0.32674443814947385,-1.3828894780160295
143,1566032400,112,186,74,298,33,0.8489129835458346,-1.0141831627212108
143,1566046800,305,388,83,693,33,0.8874336139439267,-0.17717744696573126
143,1566061200,444,364,-80,808,33,0.18978219673403499,0.06650776141877542
143,1566075600,376,416,40,792,33,0.7033906020419307,0.0326037324261484
143,1566090000,272,181,-91,453,33,0.14270142624747786,-0.6857378818551365
143,1566104400,85,39,-46,124,33,0.33530457823793874,-1.3828894780160295
143,1566118800,81,168,87,249,33,0.9045538941208565,-1.1180142515111309
143,1566133200,261,363,102,624,33,0.9687549447843435,-0.3233885719964352
143,1566147600,367,370,3,737,33,0.5450280104053296,-0.08394136723600697
143,1566162000,313,340,27,653,33,0.6477496914669086,-0.2619375194472988
143,1566176400,186,144,-42,330,33,0.35242485841486865,-0.9463751047359567
143,1566190800,48,35,-13,83,33,0.4765468896976101,-1.4697685523096362
143,1566205200,338,483,145,821,33,1.1527979566863396,0.09405478497528487
143,1566219600,514,491,-23,1005,33,0.43374618925528546,0.48395111839049554
143,1566234000,872,422,-450,1294,33,-1.3938437196319768,1.096342642069821
143,1566248400,1070,474,-596,1544,33,-2.0187339460899167,1.6260930950796182
143,1566262800,321,185,-136,506,34,-0.20933157680872896,-0.2938150684615702
143,1566271690,14,11,-3,25,34,0.4228459825818466,-1.2100822360576233
143,1566271771,0,0,0,0,34,0.43710562677862647,-1.257705269716462
143,1566271851,0,0,0,0,34,0.43710562677862647,-1.257705269716462
143,1566277200,49,19,-30,68,34,0.2945091848108275,-1.128170618164421
143,1566278560,3,11,8,14,34,0.4751313446367062,-1.2310363708675123
143,1566278643,0,0,0,0,34,0.43710562677862647,-1.257705269716462
143,1566278724,1,1,0,2,34,0.43710562677862647,-1.2538954270237548
143,1566278804,1,0,-1,1,34,0.43235241204636654,-1.2558003483701083
143,1566278902,0,0,0,0,34,0.43710562677862647,-1.257705269716462
143,1566291600,392,514,122,906,34,1.0169978241143423,0.4681534700798462
143,1566306000,540,615,75,1155,34,0.793596731698124,0.942478885321878
143,1566320400,912,386,-526,1298,34,-2.063085322390116,1.2148826378504343
143,1566334800,1076,468,-608,1544,34,-2.452848930435433,1.6834932890534053
143,1566349200,390,209,-181,599,34,-0.42322623976042745,-0.11665738325069087
143,1566363600,44,48,4,92,34,0.45611848570766633,-1.082452505851936
143,1566378000,374,521,147,895,34,1.1358281924208415,0.44719933526995725
143,1566392400,554,576,22,1130,34,0.5416763508883458,0.8948558516630394
143,1566406800,940,368,-572,1308,34,-2.281733200074074,1.2339318513139697
143,1566421200,1088,551,-537,1639,34,-2.115370684444976,1.8644608169569918
143,1566435600,368,215,-153,583,34,-0.2901362272571484,-0.14713612479234753
143,1566450000,60,53,-7,113,34,0.4038331236528067,-1.0424491575785118
143,1566464400,340,510,170,850,34,1.2451521312628206,0.3614778746840479
143,1566478800,519,536,17,1055,34,0.517910277227046,0.7519867506865239
143,1566493200,853,421,-432,1274,34,-1.6162831375576792,1.1691645255379493
143,1566507600,987,525,-462,1512,34,-1.7588795795254781,1.622535805970092
143,1566522000,407,229,-178,636,34,-0.40896659556364756,-0.04617529343560985
143,1566536400,51,45,-6,96,34,0.4085863383850667,-1.074832820466522
143,1566550800,292,468,176,760,34,1.2736714196563805,0.19003495351222924
143,1566565200,525,447,-78,972,34,0.0663548776623491,0.5938782789391799
143,1566579600,1000,932,-68,1932,34,0.11388702498494876,2.422602771438579
143,1566594000,800,496,-304,1296,34,-1.0078716518284034,1.2110727951577271
143,1566608400,392,200,-192,592,34,-0.47551160181528707,-0.12999183267516565
143,1566622800,62,37,-25,99,34,0.31827525847212734,-1.0691180564274614
143,1566637200,115,214,99,329,34,0.9076738852723631,-0.630986146766147
143,1566651600,256,376,120,632,34,1.0074913946498223,-0.05379497882102401
143,1566666000,458,355,-103,813,34,-0.05247549064415006,0.29099578486896693
143,1566680400,354,381,27,735,34,0.5654424245496456,0.14241191985339072
143,1566694800,288,236,-52,524,34,0.18993846070110823,-0.2595264842272064
143,1566709200,89,44,-45,133,34,0.22321096382692798,-1.004350730651441
143,1566723600,85,149,64,234,34,0.7413113696432643,-0.8119536746697333
143,1566738000,226,330,104,556,34,0.9314399589336629,-0.19856900114389314
143,1566752400,325,334,9,659,34,0.4798845593689662,-0.002362102469478408
143,1566766800,324,296,-28,620,34,0.3040156142753474,-0.07665403497726651
143,1566781200,223,117,-106,340,34,-0.06673513484092997,-0.610032011956258
143,1566795600,39,38,-1,77,34,0.43235241204636654,-1.1110263260472393
143,1566810000,319,422,103,741,34,0.926686744201403,0.15384144793151194
143,1566824400,503,506,3,1009,34,0.4513652709754064,0.664360368754261
143,1566838800,819,375,-444,1194,34,-1.6733217143447987,1.016770817829666
143,1566853200,1027,437,-590,1464,34,-2.367291065254754,1.531099581345122
143,1566867600,321,187,-134,508,35,-0.18597062557338268,-0.4771166814261611
143,1566882000,52,34,-18,86,35,0.3213355825976814,-1.4186014355563412
143,1566896400,348,539,191,887,35,1.2353614231817538,0.36843479206990115
143,1566910800,544,537,-7,1081,35,0.3694422057863168,0.801250058186619
143,1566925200,950,475,-475,1425,35,-1.6772759444210796,1.568716303259562
143,1566939600,1137,478,-659,1615,35,-2.4819685504855262,1.9926075432707806
143,1566954000,362,244,-118,606,35,-0.1159973554808221,-0.2584780418414273
143,1566968400,51,59,8,110,35,0.43504214649809236,-1.365057278923345
143,1566982800,369,510,141,879,35,1.016694954142502,0.3505867398589025
143,1566997200,601,524,-77,1125,35,0.06330914913136435,0.8994143453471117
143,1567011600,972,425,-547,1397,35,-1.9921556598376022,1.5062481205210667
143,1567026000,1138,491,-647,1629,35,-2.4294885979161056,2.023841634640028
143,1567040400,373,230,-143,603,35,-0.225330590000448,-0.2651710614205518
143,1567054800,54,59,5,113,35,0.42192215835573726,-1.3583642593442207
143,1567069200,349,499,150,848,35,1.0560549185695673,0.2814255375412826
143,1567083600,618,573,-45,1191,35,0.20325568931648547,1.0466607760878508
143,1567098000,910,427,-483,1337,35,-1.71226257946736,1.3723877289385766
143,1567112400,1068,447,-621,1515,35,-2.3157820340156947,1.7695068906332971
143,1567126800,396,212,-184,608,35,-0.4046370946126344,-0.25401602878867763
143,1567141200,45,35,-10,80,35,0.3563222176439617,-1.4319874747145902
143,1567155600,278,496,218,774,35,1.3534413164629497,0.11633105458954486
143,1567170000,516,468,-48,984,35,0.19013570117413037,0.58484242512826
143,1567184400,893,409,-484,1302,35,-1.716635908848145,1.2943025005154574
143,1567198800,652,474,-178,1126,35,-0.3783971183279242,0.9016453518734865
143,1567213200,376,327,-49,703,35,0.18576237179334534,-0.04207040878306838
143,1567227600,61,35,-26,96,35,0.28634894755140117,-1.3962913702925928
143,1567242000,117,213,96,330,35,0.8198951320071755,-0.8742358431208815
143,1567256400,287,339,52,626,35,0.6274686392526339,-0.21385791131393062
143,1567270800,416,344,-72,760,35,0.08517579603528952,0.08509696322029718
143,1567285200,318,444,126,762,35,0.9510950134307266,0.08955897627304685
143,1567299600,253,250,-3,503,35,0.38693552330945696,-0.4882717140580352
143,1567314000,67,37,-30,104,35,0.268855630028261,-1.378443318081594
143,1567328400,87,164,77,251,35,0.7368018737722598,-1.0504853587044936
143,1567342800,256,272,16,528,35,0.4700287815443726,-0.4324965508986644
143,1567357200,353,350,-3,703,35,0.38693552330945696,-0.04207040878306838
143,1567371600,276,299,23,575,35,0.5006420872098679,-0.32763924415904716
143,1567386000,214,184,-30,398,35,0.268855630028261,-0.7225273993273928
143,1567400400,51,30,-21,81,35,0.3082155944553263,-1.4297564681882153
143,1567414800,84,155,71,239,35,0.7105618974875496,-1.0772574370209915
143,1567429200,239,345,106,584,35,0.8636284258150259,-0.3075601854216737
143,1567443600,337,338,1,675,35,0.4044288408325971,-0.10453859152156374
143,1567458000,291,280,-11,571,35,0.35194888826317666,-0.3365632702645465
143,1567472400,196,160,-36,356,36,0.29603076989097926,-0.9302750999411723
143,1567486800,36,39,3,75,36,0.4643398296207342,-1.530718454029535
143,1567501200,385,519,134,904,36,1.029685645636065,0.2406962809855994
143,1567515600,498,633,135,1131,36,1.0340012625522126,0.7257519442527111
143,1567530000,810,406,-404,1216,36,-1.292116255251324,0.9073807168417176
143,1567544400,1062,501,-561,1563,36,-1.9696681110864913,1.648853470822721
143,1567558800,353,234,-119,587,36,-0.062165434149268436,-0.436672200316931
143,1567573200,51,46,-5,97,36,0.42981489429155373,-1.4837086540653217
143,1567587600,367,542,175,909,36,1.206625939198115,0.2513803264320115
143,1567602000,522,599,77,1121,36,0.7836954814156538,0.7043838533598867
143,1567616400,941,457,-484,1398,36,-1.637365608543129,1.29627997109112
143,1567630800,1101,504,-597,1605,36,-2.1250303200678036,1.738599452572583
143,1567645200,393,240,-153,633,36,-0.20889640929828557,-0.33837898220993917
143,1567659600,50,56,6,106,36,0.47728668036917693,-1.4644773722617799
143,1567674000,377,537,160,914,36,1.1418916854559014,0.2620643718784237
143,1567688400,549,521,-28,1070,36,0.33055570522015976,0.5954065898064828
143,1567702800,933,479,-454,1412,36,-1.5078971010587021,1.3261952983410739
143,1567717200,1155,561,-594,1716,36,-2.112083469319361,1.9757852614829325
143,1567731600,438,201,-237,639,36,-0.5714082302546808,-0.3255581276742446
143,1567746000,58,41,-17,99,36,0.37802749129778296,-1.479435035886757
143,1567760400,354,501,147,855,36,1.0857886655459832,0.1359926356107603
143,1567774800,575,525,-50,1100,36,0.23561213306491338,0.6595108624849557
143,1567789200,939,424,-515,1363,36,-1.7711497329437034,1.2214916529662347
143,1567803600,987,500,-487,1487,36,-1.6503124592915717,1.486455980037256
143,1567818000,431,213,-218,644,36,-0.48941150884787715,-0.3148740822278325
143,1567832400,81,39,-42,120,36,0.2701370683940939,-1.434562045011826
143,1567846800,109,216,107,325,36,0.9131639889000808,-0.9965161817089276
143,1567861200,288,387,99,675,36,0.8786390535709002,-0.2486330004600771
143,1567875600,483,431,-52,914,36,0.22698089923261827,0.2620643718784237
143,1567890000,399,438,39,837,36,0.6197020386020464,0.09753007200367657
143,1567904400,282,215,-67,497,36,0.16224664549040482,-0.6289850183523497
143,1567918800,79,44,-35,123,36,0.30034638680712683,-1.4281516177439786
143,1567933200,113,146,33,259,36,0.5938083371051611,-1.137545581601568
143,1567947600,244,358,114,602,36,0.9433733073131136,-0.4046200639776945
143,1567962000,358,301,-57,659,36,0.20540281465188046,-0.282821945888596
143,1567976400,334,279,-55,613,36,0.2140340484841756,-0.3811151639955878
143,1567990800,216,110,-106,326,36,-0.006062414239350118,-0.9943793726196453
143,1568005200,43,35,-8,78,36,0.416868043543111,-1.524308026761688
143,1568019600,354,563,209,917,36,1.353356914347132,0.268474799146271
143,1568034000,415,557,142,972,36,1.0642105809652453,0.38599929905680463
143,1568048400,655,445,-210,1100,36,-0.45488657351869666,0.6595108624849557
143,1568062800,801,419,-382,1220,36,-1.1971726830960776,0.9159279531988473
143,1568077200,222,176,-46,398,37,-0.10798184528819622,-0.9254653390466567
143,1568091600,27,29,2,56,37,0.13911395505346508,-1.7244906519075198
143,1568106000,360,514,154,874,37,0.9215839894687258,0.18662837125091872
143,1568120400,390,515,125,905,37,0.7722969434289721,0.25905464229971037
143,1568134800,668,373,-295,1041,37,-1.3897913095605643,0.576795702384732
143,1568149200,838,448,-390,1286,37,-1.8788350810701022,1.1491968768026017
143,1568163600,268,135,-133,403,37,-0.5558429834074573,-0.9137836824258838
143,1568178000,41,23,-18,64,37,0.036157371577772865,-1.705800001314283
143,1568192400,341,610,269,951,37,1.513584344453956,0.36652588321082064
143,1568206800,431,693,262,1124,37,1.4775495402374637,0.7707112022895612
143,1568221200,733,364,-369,1097,37,-1.7707306684206254,0.7076302565373879
143,1568235600,839,628,-211,1467,37,-0.9573736589626569,1.5720728464745788
143,1568250000,237,160,-77,397,37,-0.2675645496755191,-0.9278016703708113
143,1568264400,41,18,-23,59,37,0.010418225708849815,-1.717481657935056
143,1568278800,332,749,417,1081,37,2.275463062174078,0.6702489553509148
143,1568293200,459,829,370,1288,37,2.0335150910062016,1.1538695394509109
143,1568307600,716,553,-163,1269,37,-0.7102778586209957,1.1094792442919739
143,1568322000,929,571,-358,1500,37,-1.7141045475089947,1.6491717801716796
143,1568336400,261,168,-93,429,37,-0.34992981645607296,-0.853039067997865
143,1568350800,232,143,-89,375,37,-0.3293384997609345,-0.9792009595022119
143,1568365200,333,604,271,937,37,1.5238800028015251,0.3338172446726566
143,1568379600,480,605,125,1085,37,0.7722969434289721,0.679594280647533
143,1568394000,706,499,-207,1205,37,-0.9367823422675186,0.9599540395460815
143,1568408400,768,648,-120,1416,37,-0.4889212041482574,1.4529199489426958
143,1568422800,422,312,-110,734,37,-0.43744291241041133,-0.14045801413072112
143,1568437200,112,41,-71,153,37,-0.23667757463281147,-1.4978665134645264
143,1568451600,136,269,133,405,37,0.813479576819249,-0.9091110197775747
143,1568466000,376,465,89,841,37,0.5869750931727261,0.10952943755381789
143,1568480400,587,459,-128,1046,37,-0.5301038375385343,0.5884773590055048
143,1568494800,549,489,-60,1038,37,-0.18005145372118075,0.5697867084122682
143,1568509200,337,277,-60,614,37,-0.18005145372118075,-0.42081777302926954
143,1568523600,93,46,-47,139,37,-0.11312967446198083,-1.5305751520026905
143,1568538000,104,182,78,286,37,0.5303489722610955,-1.1871344473519685
143,1568552400,319,415,96,734,37,0.6230098973892184,-0.14045801413072112
143,1568566800,528,458,-70,986,37,-0.23152974545902688,0.44829747955623056
143,1568581200,412,338,-74,750,37,-0.2521210621541653,-0.103076712944248
143,1568595600,241,167,-74,408,37,-0.2521210621541653,-0.902102025805111
143,1568610000,23,49,26,72,37,0.2626618552242957,-1.6871093507210466
143,1568624400,365,590,225,955,37,1.2870798608074332,0.3758712085074389
143,1568638800,457,637,180,1094,37,1.0554275479871256,0.7006212625649242
143,1568653200,679,399,-280,1078,37,-1.3125738719537952,0.663239961378451
143,1568667600,810,503,-307,1313,37,-1.4515652596459796,1.212277822554775
143,1568682000,250,167,-83,417,38,-0.4801075450287738,-0.6962451277536937
143,1568696400,31,32,1,63,38,0.017363014664623443,-1.483063244991707
143,1568705690,105,243,138,348,38,0.8287138084502833,-0.8496079811136454
143,1568705787,3,11,8,14,38,0.058818894639073215,-1.5919730973777595
143,1568710800,348,394,46,742,38,0.28386510021465766,0.026116138072165687
143,1568725200,445,653,208,1098,38,1.243272608194781,0.8173795554075687
143,1568739600,669,479,-190,1148,38,-1.1137902817810774,0.9285120578423163
143,1568754000,854,548,-306,1402,38,-1.800773435643388,1.4930651702108342
143,1568768400,265,198,-67,463,38,-0.3853512479443172,-0.594003225513726
143,1568782800,38,42,4,80,38,0.03512982036795906,-1.4452781941638926
143,1568797200,331,600,269,931,38,1.604530990829272,0.44619699727551165
143,1568811600,464,683,219,1147,38,1.308417562440345,0.9262894077936213
143,1568826000,738,469,-269,1207,38,-1.581649498635582,1.0596484107153186
143,1568840400,854,577,-277,1431,38,-1.6290276471778102,1.5575220216229877
143,1568854800,255,214,-41,469,38,-0.2313722651820752,-0.5806673252215563
143,1568869200,39,46,7,85,38,0.052896626071294674,-1.4341649439204178
143,1568883600,351,606,255,957,38,1.5216192308803724,0.5039858985415804
143,1568898000,489,659,170,1148,38,1.0182264026191965,0.9285120578423163
143,1568912400,716,510,-206,1226,38,-1.208546578865534,1.1018787616405226
143,1568926800,904,585,-319,1489,38,-1.8777629270245089,1.686435724447295
143,1568941200,297,226,-71,523,38,-0.4090403222154313,-0.46064422259202886
143,1568955600,38,39,1,77,38,0.017363014664623443,-1.4519461443099775
143,1568970000,311,570,259,881,38,1.5453083051514864,0.33506449484076406
143,1568984400,473,601,128,1074,38,0.7694911227724979,0.7640359542388898
143,1568998800,716,461,-255,1177,38,-1.4987377386866825,0.9929689092544699
143,1569013200,760,558,-202,1318,38,-1.1848575045944199,1.306362566120458
143,1569027600,278,271,-7,549,38,-0.030015133877604867,-0.4028553213259601
143,1569042000,59,40,-19,99,38,-0.10108235669094733,-1.4030478432386886
143,1569056400,92,221,129,313,38,0.7754133913402764,-0.9274007328179689
143,1569070800,311,411,100,722,38,0.6036676028746988,-0.018336862901733357
143,1569085200,398,482,84,880,38,0.5089113057902422,0.3328418447920691
143,1569099600,351,401,50,752,38,0.3075541744857718,0.04834263855911521
143,1569114000,238,247,9,485,38,0.06474116320685175,-0.5451049244424371
143,1569128400,55,51,-4,106,38,-0.012248328174269251,-1.387489292897824
143,1569142800,82,169,87,251,38,0.5266781114935778,-1.065205035837056
143,1569157200,237,413,176,650,38,1.0537600140258678,-0.1783676664077699
143,1569171600,347,437,90,784,38,0.5444449171969135,0.11946744011735368
143,1569186000,257,347,90,604,38,0.5444449171969135,-0.28060956864773773
143,1569200400,158,133,-25,291,38,-0.13661596809761856,-0.9762990338892578
143,1569214800,30,33,3,63,38,0.02920755180018052,-1.483063244991707
143,1569229200,363,600,237,963,38,1.4150183966603587,0.5173217988337502
143,1569243600,522,617,95,1139,38,0.5740562600358061,0.9085082074040617
143,1569258000,758,410,-348,1168,38,-2.0495087154900866,0.9729650588162153
143,1569272400,828,569,-259,1397,38,-1.5224268129577967,1.4819519199673594
143,1569286800,256,172,-84,428,39,-0.5394026999287633,-0.8159190817665233
143,1569301200,35,36,1,71,39,-0.08673047643424403,-1.6206744239588171
143,1569315600,378,670,292,1048,39,1.4630061945881692,0.5816952380072082
143,1569330000,481,655,174,1136,39,0.834590637266366,0.7800663027492862
143,1569344400,768,563,-205,1331,39,-1.183794923962138,1.2196385484845726
143,1569358800,895,541,-354,1436,39,-1.9773027039701776,1.4563312961881885
143,1569373200,317,206,-111,523,39,-0.6831927003329048,-0.6017685005108709
143,1569387600,36,37,1,73,39,-0.08673047643424403,-1.6161659906692245
143,1569402000,384,613,229,997,39,1.1274961936451726,0.4667301891225948
143,1569416400,489,694,205,1183,39,0.9996828599526024,0.8860144850547143
143,1569430800,760,527,-233,1287,39,-1.332910479936803,1.1204530161135338
143,1569445200,877,636,-241,1513,39,-1.3755149245009932,1.629905977837507
143,1569459600,294,213,-81,507,39,-0.523426033217192,-0.6378359668276123
143,1569474000,35,43,8,78,39,-0.04945158744057774,-1.6048949074452428
143,1569488400,387,615,228,1002,39,1.1221706380746488,0.4780012723465765
143,1569502800,580,737,157,1317,39,0.744056192567462,1.188079515457424
143,1569517200,764,523,-241,1287,39,-1.3755149245009932,1.1204530161135338
143,1569531600,872,546,-326,1418,39,-1.8281871479955125,1.4157553965818543
143,1569546000,298,232,-66,530,39,-0.4435426996593357,-0.5859889839972965
143,1569560400,41,38,-3,79,39,-0.10803269871633907,-1.6026406908004465
143,1569574800,351,590,239,941,39,1.18075174935041,0.3404940570139997
143,1569589200,452,567,115,1019,39,0.5203828586054643,0.5163229553081143
143,1569603600,755,456,-299,1211,39,-1.684397147591371,0.9491325511090118
143,1569618000,714,509,-205,1223,39,-1.183794923962138,0.9761831508465679
143,1569632400,320,244,-76,564,39,-0.4967982553645733,-0.509345618074221
143,1569646800,55,44,-11,99,39,-0.15063714328052913,-1.5575563579045195
143,1569661200,94,289,195,383,39,0.9464273042473649,-0.9173588307823587
143,1569675600,287,570,283,857,39,1.4150761944534553,0.15113985885110703
143,1569690000,427,644,217,1071,39,1.0635895267988875,0.6335422208375241
143,1569704400,358,615,257,973,39,1.2766117496198377,0.4126289896474826
143,1569718800,289,278,-11,567,39,-0.15063714328052913,-0.5025829681398319
143,1569733200,59,41,-18,100,39,-0.18791603227419543,-1.5553021412597232
143,1569747600,78,196,118,274,39,0.5363595253170356,-1.1630684450651598
143,1569762000,251,439,188,690,39,0.9091484152536985,-0.22531432082988193
143,1569776400,318,512,194,830,39,0.941101748676841,0.09027600944160583
143,1569790800,278,420,142,698,39,0.6641728590096058,-0.2072805876715112
143,1569805200,179,184,5,363,39,-0.065428254152149,-0.9624431636782855
143,1569819600,29,25,-4,54,39,-0.11335825428686282,-1.658996106920355
143,1569834000,267,520,253,787,39,1.2553095273377428,-0.006655306284636842
143,1569848400,408,602,194,1010,39,0.941101748676841,0.4960350055049472
143,1569862800,610,456,-154,1066,39,-0.9121915898654263,0.6222711376135424
143,1569877200,700,454,-246,1154,39,-1.402142702353612,0.8206422023556204
143,1569891600,257,178,-79,435,40,-0.4408084393034055,-0.740374990322556
143,1569906000,36,35,-1,71,40,-0.014068354445853366,-1.5809254768851015
143,1569920400,309,543,234,852,40,1.271622926855746,0.22256334181090956
143,1569934800,439,629,190,1068,40,1.030897750782255,0.7213515426282443
143,1569949200,630,472,-158,1102,40,-0.8730195508899007,0.7998645001643062
143,1569963600,777,537,-240,1314,40,-1.3216437426632248,1.2894158824479867
143,1569978000,246,150,-96,396,40,-0.5338158936954361,-0.830433971025686
143,1569992400,29,34,5,63,40,0.018757805927804492,-1.5993991139524102
143,1570006800,345,567,222,912,40,1.2059706061084303,0.36111561981572476
143,1570021200,446,664,218,1110,40,1.1840864991926583,0.8183381372316149
143,1570035600,765,441,-324,1206,40,-1.7812099878944345,1.0400217820393192
143,1570050000,855,564,-291,1419,40,-1.6006661058393163,1.5318823689564132
143,1570064400,265,190,-75,455,40,-0.4189243323876336,-0.6941908976542843
143,1570078800,39,45,6,84,40,0.024228832656747468,-1.550905816650725
143,1570093200,419,605,186,1024,40,1.0090136438664832,0.6197465387580464
143,1570107600,483,713,230,1196,40,1.2497388199399742,1.0169297357051834
143,1570122000,791,466,-325,1257,40,-1.7866810146233776,1.157791218343412
143,1570136400,876,515,-361,1391,40,-1.9836379768653247,1.4672246392208328
143,1570150800,295,229,-66,524,40,-0.3696850918271468,-0.5348557779487468
143,1570165200,40,48,8,88,40,0.03517088611463342,-1.5416689981170706
143,1570179600,341,562,221,903,40,1.2004995793794873,0.34033277811500245
143,1570194000,473,524,51,997,40,0.2704250354591814,0.5573980136558796
143,1570208400,726,506,-220,1232,40,-1.2122232080843651,1.1000611025080724
143,1570222800,783,544,-239,1327,40,-1.3161727159342818,1.3194355426823632
143,1570237200,298,282,-16,580,40,-0.09613375537999802,-0.405540318477586
143,1570251600,54,54,0,108,40,-0.00859732771691039,-1.4954849054487989
143,1570266000,87,297,210,384,40,1.1403182853611145,-0.858144426626649
143,1570280400,318,447,129,765,40,0.6971651203167336,0.02166253870392752
143,1570294800,409,501,92,910,40,0.49473713134584346,0.35649721054889755
143,1570309200,340,501,161,841,40,0.8722379756429087,0.1971620908433601
143,1570323600,252,245,-7,497,40,-0.04689451481951122,-0.5972043030509137
143,1570338000,60,32,-28,92,40,-0.16178607612731374,-1.5324321795834162
143,1570352400,71,185,114,256,40,0.6150997193825889,-1.1537226197035881
143,1570366800,227,410,183,637,40,0.9926005636796542,-0.2739156543730116
143,1570381200,312,512,200,824,40,1.0856080180716847,0.15790561207532913
143,1570395600,278,300,22,578,40,0.11176526031983508,-0.4101587277444132
143,1570410000,141,126,-15,267,40,-0.09066272865105504,-1.1283213687360385
143,1570424400,24,39,15,63,40,0.07346807321723425,-1.5993991139524102
143,1570438800,357,606,249,963,40,1.3536883277898906,0.4788850561198177
143,1570453200,442,634,192,1076,40,1.0418398042401409,0.739825179695553
143,1570467600,659,477,-182,1136,40,-1.004324192384532,0.8783774577003681
143,1570482000,841,492,-349,1333,40,-1.917985656118009,1.3332907704828447
143,1570496400,269,171,-98,440,41,-0.684903379997672,-0.7087209615601167
143,1570510800,33,45,12,78,41,-0.021120368546183717,-1.57623513107626
143,1570525200,365,573,208,938,41,1.1616202700401046,0.48471013352010256
143,1570539600,481,625,144,1106,41,0.7754192451956022,0.8873133945110199
143,1570554000,694,498,-196,1192,41,-1.2762736992908161,1.0934079209706562
143,1570568400,793,557,-236,1350,41,-1.51764933981863,1.4720467021406856
143,1570582800,254,161,-93,415,41,-0.6547314249316952,-0.7686321611123366
143,1570597200,30,44,14,74,41,-0.009051586519793021,-1.5858209230046152
143,1570611600,280,599,319,879,41,1.831437672504788,0.34331970257686373
143,1570626000,419,703,284,1122,41,1.620233987042951,0.9256565622244406
143,1570640400,663,460,-203,1123,41,-1.3185144363831836,0.9280530102065294
143,1570654800,758,536,-222,1294,41,-1.433167865633895,1.337845615143713
143,1570669200,262,227,-35,489,41,-0.3047367461663651,-0.5912950104377658
143,1570683600,29,30,1,59,41,-0.08749866969133255,-1.621767642735947
143,1570698000,368,547,179,915,41,0.9866229306574394,0.4295918299320603
143,1570712400,470,699,229,1169,41,1.2883424813172069,1.038289617382614
143,1570726800,697,480,-217,1177,41,-1.4029959105679184,1.0574612012393243
143,1570741200,881,559,-322,1440,41,-2.03660696695343,1.687727020528677
143,1570755600,355,236,-119,591,41,-0.8116255912747743,-0.34685731626470884
143,1570770000,42,42,0,84,41,-0.0935330607045279,-1.5618564431837272
143,1570784400,322,551,229,873,41,1.2883424813172069,0.32894101468433096
143,1570798800,496,654,158,1150,41,0.8599007193803371,0.9927571057229269
143,1570813200,660,450,-210,1110,41,-1.360755173475551,0.896899186439375
143,1570827600,787,572,-215,1359,41,-1.3909271285415277,1.4936147339794847
143,1570842000,317,210,-107,527,41,-0.7392128991164302,-0.5002299871183916
143,1570856400,55,38,-17,93,41,-0.1961177079288488,-1.540288411344928
143,1570870800,92,262,170,354,41,0.9323134115386813,-0.9148154880197529
143,1570885200,277,448,171,725,41,0.9383478025518767,-0.02573328666481049
143,1570899600,409,435,26,844,41,0.06336110563855116,0.259444023203756
143,1570914000,341,472,131,813,41,0.6969721620240626,0.18515413575900336
143,1570928400,237,235,-2,472,41,-0.10560184273091859,-0.6320346261332753
143,1570942800,53,54,1,107,41,-0.08749866969133255,-1.506738139595685
143,1570957200,67,154,87,221,41,0.4314589574434674,-1.2335430696375624
143,1570971600,234,447,213,681,41,1.1917922251060813,-0.1311769978767174
143,1570986000,331,452,121,783,41,0.6366282518921093,0.11326069629633954
143,1571000400,283,385,102,668,41,0.5219748226413976,-0.16233082164387172
143,1571014800,182,147,-35,329,41,-0.3047367461663651,-0.9747266875719728
143,1571029200,27,43,16,70,41,0.003017195506597674,-1.5954067149329703
143,1571043600,266,480,214,746,41,1.1978266161192765,0.02459212095905418
143,1571058000,340,548,208,888,41,1.1616202700401046,0.36488773441566286
143,1571072400,506,430,-76,936,41,-0.5521467777073743,0.47991723755592497
143,1571086800,700,517,-183,1217,41,-1.1978266161192765,1.1533191205228759
143,1571101200,219,163,-56,382,42,-0.2581226577621866,-0.8630332430799854
143,1571115600,27,33,6,60,42,0.0995949584234089,-1.5891989607066714
143,1571130000,382,560,178,942,42,1.0919728613898998,0.39986365714033806
143,1571144400,386,582,196,968,42,1.1958263628631371,0.4584981560791388
143,1571158800,765,443,-322,1208,42,-1.7928466239778063,0.9997396847449918
143,1571173200,836,606,-230,1442,42,-1.2620398386701484,1.5274501751941982
143,1571187600,316,235,-81,551,42,-0.40236363203057196,-0.48190899997778064
143,1571202000,28,38,10,66,42,0.12267351430635054,-1.5756679224900252
143,1571216400,338,553,215,891,42,1.3054495033071098,0.2848498322988443
143,1571230800,493,623,130,1116,42,0.8150301907945999,0.7922637654230814
143,1571245200,810,463,-347,1273,42,-1.9370875982461915,1.1463259320919936
143,1571259600,908,657,-251,1565,42,-1.383202257055592,1.804836458635448
143,1571274000,295,213,-82,508,42,-0.40813327100130736,-0.5788814405304127
143,1571288400,36,38,2,74,42,0.07651640254046725,-1.5576265382011634
143,1571302800,354,520,166,874,42,1.0227371937410747,0.24651189068501306
143,1571317200,485,656,171,1141,42,1.051585388594752,0.8486430913257744
143,1571331600,726,519,-207,1245,42,-1.1293381423432338,1.0831810870809773
143,1571346000,872,611,-261,1483,42,-1.440898646762946,1.6199122696746149
143,1571360400,351,254,-97,605,42,-0.4946778555623385,-0.36012965602796376
143,1571374800,41,69,28,110,42,0.22652701577958795,-1.4764403089012854
143,1571389200,347,594,247,941,42,1.4900779503706432,0.39760848410423033
143,1571403600,512,591,79,1103,42,0.5207786032870939,0.762946515953681
143,1571418000,740,411,-329,1151,42,-1.8332340967729541,0.8711948216868517
143,1571432400,834,527,-307,1361,42,-1.706302039416775,1.344781159269473
143,1571446800,326,260,-66,586,42,-0.31581904746954076,-0.4029779437140104
143,1571461200,68,41,-27,109,42,-0.0908031276108597,-1.4786954819373932
143,1571475600,99,271,172,370,42,1.0573550275654873,-0.890095319513278
143,1571490000,290,440,150,730,42,0.9304229702093082,-0.07823302651449868
143,1571504400,409,503,94,912,42,0.6073231878481251,0.33220846605710647
143,1571518800,361,466,105,827,42,0.6707892165262146,0.14051875798795022
143,1571533200,247,242,-5,489,42,0.036128929745319366,-0.6217297282164593
143,1571547600,55,40,-15,95,42,-0.021567459962034748,-1.5102679044429013
143,1571562000,65,169,104,234,42,0.6650195775554792,-1.1967988524239281
143,1571576400,229,428,199,657,42,1.2131352797753434,-0.24286065815036229
143,1571590800,338,393,55,731,42,0.38230726798944403,-0.07597785347839096
143,1571605200,243,296,53,539,42,0.37076799004797323,-0.5089710764110733
143,1571619600,167,123,-44,290,42,-0.1888869901133617,-1.0705091624018956
143,1571634000,23,49,26,72,42,0.21498773783811712,-1.5621368842733787
143,1571648400,352,532,180,884,42,1.1035121393313705,0.2690636210460903
143,1571662800,435,623,188,1058,42,1.149669251097254,0.6614637293288337
143,1571677200,738,470,-268,1208,42,-1.481286119558094,0.9997396847449918
143,1571691600,749,517,-232,1266,42,-1.273579116611619,1.1305397208392396
143,1571706000,280,174,-106,454,43,-0.6907193745252048,-0.732227694949529
143,1571720400,32,43,11,75,43,0.007962182991645016,-1.5848685470494999
143,1571734800,380,587,207,967,43,1.178403082763462,0.42187456660003586
143,1571749200,500,630,130,1130,43,0.7185870149959623,0.7885776243633479
143,1571763600,726,514,-212,1240,43,-1.3237129223609831,1.036045945553313
143,1571778000,877,514,-363,1391,43,-2.225430146164781,1.3757524591868107
143,1571792400,301,212,-89,513,43,-0.589201541381731,-0.599494686311275
143,1571806800,28,44,16,72,43,0.037820369210313814,-1.5916176830819535
143,1571821200,354,545,191,899,43,1.0828568868637216,0.268894149864421
143,1571835600,501,665,164,1166,43,0.9216226812829102,0.869567256752791
143,1571850000,752,492,-260,1244,43,-1.6103515100602037,1.0450447935965845
143,1571864400,869,606,-263,1475,43,-1.6282664217914051,1.5647282680955115
143,1571878800,306,216,-90,522,43,-0.5951731786254647,-0.5792472782139142
143,1571893200,43,65,22,108,43,0.07365019267271637,-1.5106280506925103
143,1571907600,361,533,172,894,43,0.9693957792327803,0.2576455898103317
143,1571922000,436,701,265,1137,43,1.5247580429000198,0.804325608439073
143,1571936400,719,609,-110,1328,43,-0.7146059235001399,1.2340206025052851
143,1571950800,828,687,-141,1515,43,-0.8997266780558864,1.654716748528226
143,1571965200,330,199,-131,529,43,-0.8400103056185487,-0.5634992941381891
143,1571979600,30,52,22,82,43,0.07365019267271637,-1.5691205629737748
143,1571994000,331,602,271,933,43,1.5605878663624222,0.34538435823222846
143,1572008400,496,642,146,1138,43,0.8141332108957026,0.8065753204498908
143,1572022800,690,475,-215,1165,43,-1.3416278340921846,0.8673175447419732
143,1572037200,742,582,-160,1324,43,-1.0131877856868277,1.2250217544620137
143,1572051600,312,278,-34,590,43,-0.26076149297637413,-0.42626686147829934
143,1572066000,56,63,7,119,43,-0.01592436598329002,-1.485881218573514
143,1572080400,95,261,166,356,43,0.9335659557703777,-0.9526994720096797
143,1572094800,309,473,164,782,43,0.9216226812829102,0.00567784459873079
143,1572109200,382,519,137,901,43,0.7603884757020987,0.27339357388605673
143,1572123600,401,515,114,916,43,0.6230408190962222,0.3071392540483247
143,1572138000,224,253,29,477,43,0.11545165337885269,-0.6804843187007181
143,1572152400,63,49,-14,112,43,-0.14132874810169896,-1.5016292026492388
143,1572166800,73,200,127,273,43,0.700672103264761,-1.1394255689075625
143,1572181200,201,414,213,615,43,1.2142329062258643,-0.3700240612078527
143,1572195600,321,453,132,774,43,0.7305302894834298,-0.01231985148781213
143,1572210000,256,354,98,610,43,0.527494623196482,-0.38127262126194206
143,1572224400,170,129,-41,299,43,-0.30256295368251046,-1.080933056626298
143,1572238800,29,38,9,67,43,-0.003981091495822503,-1.6028662431360428
143,1572253200,370,566,196,936,43,1.1127150730823905,0.35213349426468205
143,1572267600,470,646,176,1116,43,0.9932823282077153,0.7570816562118978
143,1572282000,693,446,-247,1139,43,-1.532720225891665,0.8088250324607087
143,1572296400,829,526,-303,1355,43,-1.8671319115407554,1.2947628267973676
143,1572310800,273,138,-135,411,44,-0.6087451220083312,-0.760434681756213
143,1572325200,37,31,-6,68,44,0.14928316368257627,-1.5263454714772509
143,1572339600,357,559,202,916,44,1.3715303220058999,0.3672182302237407
143,1572354000,464,590,126,1054,44,0.9249400141569931,0.6753689269628171
143,1572368400,782,479,-303,1261,44,-1.5959447498848616,1.1375949720714318
143,1572382800,843,489,-354,1332,44,-1.8956303512045227,1.2961362725676233
143,1572397200,291,155,-136,446,44,-0.6146213102695011,-0.6822805195397805
143,1572411600,33,41,8,74,44,0.2315497993389538,-1.512947615097291
143,1572426000,350,625,275,975,44,1.8004920650712972,0.49896381796001255
143,1572440400,530,664,134,1194,44,0.9719495202463517,0.987985575828547
143,1572454800,743,467,-276,1210,44,-1.4372876668332766,1.023713192841773
143,1572469200,869,613,-256,1482,44,-1.31976390160988,1.6310826820666195
143,1572483600,284,153,-131,437,44,-0.5852403689636518,-0.7023773041097203
143,1572498000,42,32,-10,74,44,0.12577841063789696,-1.512947615097291
143,1572512400,363,561,198,924,44,1.3480255689612206,0.38508203873035385
143,1572526800,487,638,151,1125,44,1.0718447206862387,0.8339102274590087
143,1572541200,753,455,-298,1208,44,-1.5665638085790126,1.0192472407151199
143,1572555600,838,520,-318,1358,44,-1.684087573802409,1.354193650214116
143,1572570000,274,200,-74,474,44,-0.2502976380769718,-0.6197571897666346
143,1572584400,55,45,-10,100,44,0.12577841063789696,-1.4548902374507984
143,1572598800,318,533,215,851,44,1.4479207694011076,0.22207478610750905
143,1572613200,498,628,130,1126,44,0.9484447672016724,0.8361432035223354
143,1572627600,696,530,-166,1226,44,-0.7909069581045958,1.0594408098549994
143,1572642000,787,580,-207,1367,44,-1.0318306768125587,1.3742904347840559
143,1572656400,326,219,-107,545,44,-0.4442118506955761,-0.4612158892704431
143,1572670800,59,39,-20,98,44,0.06701652802619872,-1.4593561895774516
143,1572685200,125,268,143,393,44,1.0248352145968802,-0.8006282508960926
143,1572699600,325,364,39,689,44,0.41371163543521833,-0.13966733615140678
143,1572714000,430,427,-3,857,44,0.16691172846608573,0.2354726424874689
143,1572728400,332,408,76,740,44,0.6311306010985018,-0.025785556921748092
143,1572742800,266,198,-68,464,44,-0.21504050850995288,-0.642086950399901
143,1572753600,79,30,-49,109,44,-0.1033929315477262,-1.4347934528808586
143,1572768000,65,100,35,165,44,0.390206882390539,-1.3097467933345668
143,1572782400,328,299,-29,627,44,0.014130833675670295,-0.27811185207765854
143,1572796800,336,413,77,749,44,0.6370067893596717,-0.005688772351808323
143,1572811200,303,349,46,652,44,0.4548449532634071,-0.2222874504944925
143,1572825600,211,142,-69,353,44,-0.2209166967711227,-0.8899472934291581
143,1572840000,45,22,-23,67,44,0.049387963242689244,-1.5285784475405775
143,1572854400,177,380,203,557,44,1.3774065102670696,-0.4344201765105234
143,1572868800,540,706,166,1246,44,1.1599875446037862,1.1041003311215323
143,1572883200,587,498,-89,1085,44,-0.3384404619945192,0.7445911849259431
143,1572897600,941,535,-406,1476,44,-2.2011921407853534,1.6176848256866596
143,1572912000,343,261,-82,604,45,-0.6195279192707056,-0.34636131834325234
143,1572926400,63,44,-19,107,45,-0.23759155524687356,-1.448151345636311
143,1572940800,161,353,192,514,45,1.0415921401345318,-0.5458806391810296
143,1572955200,534,683,149,1217,45,0.780905415483345,1.012586944696275
143,1572969600,524,469,-55,993,45,-0.4558409061176347,0.5160055239444737
143,1572984000,880,598,-282,1478,45,-1.8320243129971565,1.591192975125829
143,1572998400,346,280,-66,626,45,-0.5225282077725895,-0.297589928805129
143,1573012800,53,42,-11,95,45,-0.18909169949781554,-1.4747539217480148
143,1573027200,172,386,214,558,45,1.1749667434444415,-0.44833786010478294
143,1573041600,502,789,287,1291,45,1.6175279271545961,1.1766361640517806
143,1573056000,572,502,-70,1074,45,-0.5467781356471185,0.6955729126984733
143,1573070400,1007,611,-396,1618,45,-2.5231472574212335,1.9015563630957046
143,1573084800,358,364,6,722,45,-0.08602950603106722,-0.08476931991149994
143,1573099200,62,55,-7,117,45,-0.16484177162328653,-1.4259825322098914
143,1573113600,166,408,242,574,45,1.3447162385661446,-0.4128677586225114
143,1573128000,584,705,121,1289,45,0.611155920361642,1.1722024013664967
143,1573142400,587,534,-53,1121,45,-0.4437159421803702,0.7997663358026459
143,1573156800,1030,625,-405,1655,45,-2.5777095951389235,1.9835809727734575
143,1573171200,418,307,-111,725,45,-0.7953398963610411,-0.07811867588357405
143,1573185600,86,50,-36,136,45,-0.34065374871362186,-1.383861786699694
143,1573200000,155,338,183,493,45,0.9870298024168417,-0.5924351473765109
143,1573214400,527,671,144,1198,45,0.7505930056401838,0.9704661991860775
143,1573228800,609,468,-141,1077,45,-0.9772143554200087,0.7022235567263991
143,1573243200,882,632,-250,1514,45,-1.6380248900009244,1.6710007034609398
143,1573257600,386,364,-22,750,45,-0.25577900115277036,-0.022696642317524805
143,1573272000,103,65,-38,168,45,-0.3527787126508864,-1.3129215837351509
143,1573286400,67,234,167,301,45,0.8900300909187255,-1.018076365163769
143,1573300800,276,421,145,697,45,0.7566554876088161,-0.14019135347754919
143,1573315200,380,440,60,820,45,0.2413445202750745,0.13248505166741306
143,1573329600,383,610,227,993,45,1.2537790090366607,0.5160055239444737
143,1573344000,275,341,66,616,45,0.277719412086868,-0.3197587422315487
143,1573358400,95,65,-30,160,45,-0.3042788569018284,-1.3306566344762867
143,1573372800,54,111,57,165,45,0.22315707436917773,-1.3195722277630768
143,1573387200,191,390,199,581,45,1.0840295139149576,-0.39734958922401764
143,1573401600,322,443,121,765,45,0.611155920361642,0.010556577822104736
143,1573416000,292,407,115,699,45,0.5747810285498485,-0.13575759079226524
143,1573430400,172,143,-29,315,45,-0.2982163749331961,-0.9870400263667815
143,1573444800,39,36,-3,75,45,-0.1405918437487575,-1.519091548600854
143,1573459200,147,400,253,547,45,1.4114035402210994,-0.4727235548738446
143,1573473600,498,681,183,1179,45,0.9870298024168417,0.9283454536758801
143,1573488000,467,502,35,969,45,0.08978247105926815,0.4628003717210665
143,1573502400,773,561,-212,1334,45,-1.4076505751928987,1.2719620617853853
143,1573516800,305,176,-129,481,46,-0.26966685199116275,-0.6063019020735815
143,1573531200,71,27,-44,98,46,0.06682761204534582,-1.3419866268797693
143,1573545600,165,384,219,549,46,1.1079810713583078,-0.47568424858318775
143,1573560000,540,761,221,1301,46,1.1158985881591668,0.9687933311929303
143,1573574400,599,560,-39,1159,46,0.08662140404749338,0.6960329371394612
143,1573588800,972,577,-395,1549,46,-1.322696586505413,1.445163596863778
143,1573603200,391,209,-182,600,46,-0.4794810472139269,-0.3777210084653925
143,1573617600,72,37,-35,109,46,0.10245643764921143,-1.3208573005798527
143,1573632000,150,375,225,525,46,1.1317336217608849,-0.521784596873915
143,1573646400,683,728,45,1411,46,0.41915710968357245,1.1800865941920966
143,1573660800,823,393,-430,1216,46,-1.461253130520446,0.8055212643299383
143,1573675200,1544,611,-933,2155,46,-3.4525086059364907,2.609197391204639
143,1573689600,596,215,-381,811,46,-1.2672739688994,0.027577886923917213
143,1573704000,92,40,-52,132,46,0.035157544841909714,-1.2766778001345724
143,1573718400,150,307,157,457,46,0.8625380505316779,-0.6524022503643087
143,1573732800,562,695,133,1257,46,0.7675278489213695,0.8842760259932638
143,1573747200,576,488,-88,1064,46,-0.10735775757355275,0.5135523918219995
143,1573761600,1001,517,-484,1518,46,-1.6750260841436395,1.385617313654922
143,1573776000,403,235,-168,638,46,-0.42405842960791373,-0.30472879033840783
143,1573790400,87,34,-53,121,46,0.031198786441480202,-1.297807126434489
143,1573804800,160,396,236,556,46,1.1752799641656095,-0.462238313665059
143,1573819200,582,719,137,1301,46,0.7833628825230876,0.9687933311929303
143,1573833600,678,523,-155,1201,46,-0.37259457040233007,0.7767085466482337
143,1573848000,1060,639,-421,1699,46,-1.4256243049165804,1.7332907736808227
143,1573862400,450,343,-107,793,46,-0.1825741671817135,-0.0069973742941281695
143,1573876800,101,52,-49,153,46,0.047033820043198254,-1.2363399953801861
143,1573891200,57,190,133,247,46,0.7675278489213695,-1.0557802979081714
143,1573905600,248,427,179,675,46,0.9496307353411271,-0.23365742005687012
143,1573920000,419,490,71,909,46,0.5220848280947398,0.21582097577771983
143,1573934400,374,489,115,863,46,0.6962701977136383,0.12746197488715943
143,1573948800,278,272,-6,550,46,0.2172604312616673,-0.4737634007377408
143,1573963200,104,60,-44,164,46,0.06682761204534582,-1.2152106690802695
143,1573977600,49,113,64,162,46,0.4943735192917332,-1.2190523647711635
143,1573992000,211,359,148,570,46,0.8269092249278123,-0.4353464438288015
143,1574006400,325,493,168,818,46,0.9060843929364025,0.04102382184204597
143,1574020800,296,437,141,733,46,0.7991979161248056,-0.12224824502094611
143,1574035200,217,148,-69,365,46,-0.032141347965392,-0.8291202521454295
143,1574049600,41,30,-11,71,46,0.19746663925951974,-1.3938495187068374
143,1574064000,162,291,129,453,46,0.7516928153196515,-0.6600856417460965
143,1574078400,563,642,79,1205,46,0.5537548952981759,0.7843919380300216
143,1574092800,634,424,-210,1058,46,-0.5903262824259533,0.5020273047493177
143,1574107200,1217,545,-672,1762,46,-2.419272663424388,1.8543041879439814
143,1574121600,344,284,-60,628,47,0.035921218339245505,-0.39829325510956787
143,1574136000,60,27,-33,87,47,0.1457181498667507,-1.43057560284535
143,1574150400,173,362,189,535,47,1.0484929202040156,-0.5757465976963104
143,1574164800,611,724,113,1335,47,0.7394348907191861,0.9507337686412604
143,1574179200,667,487,-180,1154,47,-0.452065144005222,0.6053675857573849
143,1574193600,1224,615,-609,1839,47,-2.1966163893866932,1.91241639943393
143,1574208000,474,212,-262,686,47,-0.7855224916072748,-0.287623428550094
143,1574222400,96,30,-66,126,47,0.01152190022202213,-1.3561596849863935
143,1574236800,167,360,193,527,47,1.0647591322821643,-0.5910114013596862
143,1574251200,604,757,153,1361,47,0.9020970115006752,1.0003443805472314
143,1574265600,652,516,-136,1168,47,-0.2731368111455839,0.6320809921682925
143,1574280000,1262,621,-641,1883,47,-2.3267460860118847,1.9963728195824963
143,1574294400,474,230,-244,704,47,-0.7123245372556047,-0.2532776203074986
143,1574308800,99,32,-67,131,47,0.007455347202484901,-1.3466191826967837
143,1574323200,143,347,204,490,47,1.109491215497074,-0.6616111183027988
143,1574337600,541,717,176,1258,47,0.9956277309500315,0.8038100333812692
143,1574352000,737,566,-171,1303,47,-0.4154661668293869,0.8896745539877575
143,1574366400,1148,563,-585,1711,47,-2.0990191169177996,1.6681795408199187
143,1574380800,539,209,-330,748,47,-1.0620480969358064,-0.16932120015893223
143,1574395200,100,41,-59,141,47,0.03998777135878274,-1.3275381781175641
143,1574409600,195,354,159,549,47,0.9264963296178986,-0.549033191285403
143,1574424000,635,664,29,1299,47,0.3978444370780589,0.8820421521560696
143,1574438400,775,486,-289,1261,47,-0.8953194231347801,0.8095343347550351
143,1574452800,1085,558,-527,1643,47,-1.8631590417846406,1.538428709681225
143,1574467200,514,358,-156,872,47,-0.3544678715363285,0.06728325662339124
143,1574481600,122,64,-58,186,47,0.044054324378319965,-1.2416736575110758
143,1574496000,74,173,99,247,47,0.6825031484456648,-1.125279529577836
143,1574510400,247,510,263,757,47,1.3494178436497706,-0.15214829603763455
143,1574524800,431,534,103,965,47,0.6987693605238138,0.24473659921013385
143,1574539200,432,560,128,992,47,0.8004331860122446,0.29625531157402685
143,1574553600,350,294,-56,644,47,0.052187430417394425,-0.36776364778281645
143,1574568000,118,69,-49,187,47,0.08065330155415502,-1.2397655570531538
143,1574582400,65,126,61,191,47,0.5279741337032502,-1.2321331552214658
143,1574596800,190,400,210,590,47,1.1338905336142973,-0.4708010725106025
143,1574611200,337,461,124,798,47,0.7841669739340956,-0.07391617726283406
143,1574625600,341,379,38,720,47,0.434443414253894,-0.2227480129807472
143,1574640000,259,152,-107,411,47,-0.15520677357900428,-0.812351054478634
143,1574654400,55,46,-9,101,47,0.2433154223356442,-1.4038621964344427
143,1574668800,192,363,171,555,47,0.9752949658523454,-0.5375845885378712
143,1574683200,558,770,212,1328,47,1.1420236396533718,0.9373770654358066
143,1574697600,691,485,-206,1176,47,-0.55779552251319,0.6473457958316682
143,1574712000,1236,620,-616,1856,47,-2.225082260523454,1.9448541072186034
143,1574726400,456,268,-188,724,48,-0.9377643703892408,0.20424456213551823
143,1574740800,81,32,-49,113,48,-0.22736923200945724,-1.2244341867959163
143,1574755200,194,356,162,550,48,0.8510003665382717,-0.20261321579258262
143,1574769600,578,686,108,1264,48,0.5750195214123126,1.4669066315675554
143,1574784000,761,512,-249,1273,48,-1.24952051025375,1.4879509993914226
143,1574798400,1121,580,-541,1701,48,-2.7418613764904176,2.4887276025708895
143,1574812800,457,244,-213,701,48,-1.0655332801697774,0.1504645110300796
143,1574827200,90,57,-33,147,48,-0.1455971297499138,-1.144933241683529
143,1574841600,142,342,200,484,48,1.0452091094046874,-0.35693857983427607
143,1574856000,473,672,199,1145,48,1.040098353013466,1.188653323674199
143,1574870400,883,426,-457,1309,48,-2.312557839627815,1.5721284706868919
143,1574884800,744,468,-276,1212,48,-1.3875109328167297,1.3453169508074332
143,1574899200,374,213,-161,587,48,-0.7997739478262612,-0.11609748140557268
143,1574913600,66,40,-26,106,48,-0.10982183501136356,-1.240802028436702
143,1574928000,73,119,46,192,48,0.2581526251565818,-1.0397114025641925
143,1574942400,189,234,45,423,48,0.2530418687653604,-0.49957262841826544
143,1574956800,273,364,91,637,48,0.48813666276154777,0.0008156731714678046
143,1574971200,241,248,7,489,48,0.058833125898944766,-0.345247264376572
143,1574985600,156,189,33,345,48,0.19171279207070283,-0.6819571495584485
143,1575000000,40,46,6,86,48,0.0537223695077233,-1.2875672902675181
143,1575014400,84,309,225,393,48,1.172978019185224,-0.5697205211644897
143,1575028800,257,677,420,934,48,2.1695755154734093,0.6952798113590882
143,1575043200,446,569,123,1015,48,0.6516808672806346,0.8846791217738937
143,1575057600,455,568,113,1023,48,0.60057330336842,0.9033852265062202
143,1575072000,314,222,-92,536,48,-0.4471317568319802,-0.23534889907415396
143,1575086400,63,53,-10,116,48,-0.028049732751820128,-1.217419397521294
143,1575100800,69,172,103,241,48,0.5494657394562054,-0.9251365110786928
143,1575115200,197,405,208,602,48,1.086095160534459,-0.08102353503246053
143,1575129600,315,393,78,708,48,0.4216968296756687,0.16683235267086527
143,1575144000,360,445,85,805,48,0.457472124414219,0.3936438725503238
143,1575158400,316,289,-27,605,48,-0.11493259140258502,-0.0740087457578381
143,1575172800,106,57,-49,163,48,-0.22736923200945724,-1.107521032218876
143,1575187200,50,128,78,178,48,0.4216968296756687,-1.0724470858457638
143,1575201600,166,262,96,428,48,0.513690444717655,-0.48788131296056136
143,1575216000,260,360,100,620,48,0.5341334702825409,-0.03893479938472596
143,1575230400,257,310,53,567,48,0.2939279198951321,-0.16286274323638886
143,1575244800,225,132,-93,357,48,-0.4522425132232017,-0.6538979924599588
143,1575259200,48,29,-19,77,48,-0.07404654027281331,-1.3086116580913856
143,1575273600,154,339,185,493,48,0.9685477635363654,-0.33589421201040875
143,1575275280,89,86,-3,175,48,0.00772556198673012,-1.0794618751203862
143,1575288000,467,707,240,1174,48,1.249639365053546,1.2564629533288825
143,1575302400,657,458,-199,1115,48,-0.9939826906926769,1.1185054309279747
143,1575316800,1038,525,-513,1563,48,-2.5987601975362167,2.1660472959382573
143,1575331200,401,181,-220,582,49,-0.4891004815900739,-0.4819866049922782
143,1575345600,76,32,-44,108,49,0.2296730293271878,-1.3988019434392756
143,1575360000,188,355,167,543,49,1.0913844543473141,-0.5574207784088033
143,1575374400,589,748,159,1337,49,1.0587129311238022,0.9783416239686566
143,1575388800,673,409,-264,1082,49,-0.6687938593193894,0.4851181823990694
143,1575403200,1168,539,-629,1707,49,-2.15943210639212,1.693999166638254
143,1575417600,474,213,-261,687,49,-0.6565420381105724,-0.2788945996400952
143,1575432000,92,27,-65,119,49,0.1439102808654691,-1.377525638116666
143,1575446400,188,394,206,582,49,1.2506581300619346,-0.4819866049922782
143,1575460800,627,724,97,1351,49,0.805508626141585,1.0054205580156144
143,1575475200,723,477,-246,1200,49,-0.5952829320664876,0.7133549122234274
143,1575489600,1235,538,-697,1773,49,-2.437140053791971,1.8216569985739117
143,1575504000,509,221,-288,730,49,-0.7668084289899251,-0.1957235879244393
143,1575518400,111,40,-71,151,49,0.11940663844783517,-1.3156309317236197
143,1575532800,178,385,207,563,49,1.2547420704648735,-0.5187365869131494
143,1575547200,635,743,108,1378,49,0.8504319705739138,1.057644216534747
143,1575561600,766,473,-293,1239,49,-0.78722813100462,0.7887890856399525
143,1575576000,1236,618,-618,1854,49,-2.114508761959791,1.97832797413131
143,1575590400,557,192,-365,749,49,-1.0812718400162271,-0.1589736060035681
143,1575604800,128,43,-85,171,49,0.06223147280668934,-1.276946740227966
143,1575619200,154,325,171,479,49,1.10772021595907,-0.6812101911948958
143,1575633600,658,666,8,1324,49,0.44203793028001515,0.9531968994964816
143,1575648000,742,484,-258,1226,49,-0.6442902169017555,0.7636443611677775
143,1575662400,1139,642,-497,1781,49,-1.6203519732041733,1.8371306751721732
143,1575676800,528,325,-203,853,49,-0.4196734947401112,0.0421841897738322
143,1575691200,152,61,-91,213,49,0.03772783038905542,-1.1957099380870926
143,1575705600,69,159,90,228,49,0.7769210433210121,-1.1666967944653523
143,1575720000,276,420,144,696,49,0.9974538250797175,-0.26148671346705094
143,1575734400,443,423,-20,866,49,0.3276875989977235,0.06732891424600723
143,1575748800,389,551,162,940,49,1.0709647523326191,0.21046042277992666
143,1575763200,334,292,-42,626,49,0.2378409101330658,-0.3968813837018396
143,1575777600,129,68,-61,197,49,0.16024604247722504,-1.2266572912836158
143,1575792000,71,103,32,174,49,0.5400524999505508,-1.2711441115036177
143,1575806400,222,389,167,611,49,1.0913844543473141,-0.42589452732358
143,1575820800,339,431,92,770,49,0.7850889241268901,-0.1183552049331315
143,1575835200,347,385,38,732,49,0.5645561423681847,-0.1918551687748739
143,1575849600,261,175,-86,436,49,0.058147532403750354,-0.7643812029105517
143,1575864000,57,37,-20,94,49,0.3276875989977235,-1.4258808774862335
143,1575878400,205,351,146,556,49,1.0056217058855954,-0.5322760539366282
143,1575892800,604,667,63,1271,49,0.6666546524416594,0.8506837920329987
143,1575907200,702,467,-235,1169,49,-0.5503595876341587,0.6533944154051639
143,1575921600,1185,577,-608,1762,49,-2.073669357930401,1.800380693251302
143,1575936000,313,283,-30,596,50,0.21449901790351933,-0.5245294474621669
143,1575950400,80,31,-49,111,50,0.1403029987067233,-1.430546987087736
143,1575964800,172,399,227,571,50,1.218097803881234,-0.5712313824944127
143,1575979200,631,821,190,1452,50,1.0736108191295786,1.0745448080419306
143,1575993600,715,536,-179,1251,50,-0.3673539747450389,0.699061250382674
143,1576008000,1265,474,-791,1739,50,-2.7572468036102578,1.6106830222121127
143,1576022400,549,283,-266,832,50,-0.7070936415935258,-0.0836631807577662
143,1576036800,101,42,-59,143,50,0.10125246228735697,-1.3707685102464615
143,1576051200,208,358,150,566,50,0.9174086734521132,-0.5805717695008619
143,1576065600,629,738,109,1367,50,0.7573014741327113,0.9157582289322946
143,1576080000,769,528,-241,1297,50,-0.6094673005451101,0.7849928108420063
143,1576094400,1194,607,-587,1801,50,-1.960615860655185,1.7265038210920824
143,1576108800,512,302,-210,814,50,-0.48841063764507453,-0.1172885739809832
143,1576123200,99,32,-67,131,50,0.07001203315186391,-1.3931854390619394
143,1576137600,183,410,227,593,50,1.218097803881234,-0.5301336796660364
143,1576152000,653,780,127,1433,50,0.8275924396875707,1.0390513374174237
143,1576166400,783,410,-373,1193,50,-1.1249343812807455,0.5907127611078636
143,1576180800,1247,709,-538,1956,50,-1.76926823220029,2.0160558182920068
143,1576195200,579,290,-289,869,50,-0.7969098753580685,-0.014544316910042366
143,1576209600,153,61,-92,214,50,-0.027614307896551893,-1.2381350147548833
143,1576224000,180,315,135,495,50,0.8588328688230638,-0.7132052649924401
143,1576238400,613,699,86,1312,50,0.6674852403681687,0.8130139718613538
143,1576252800,813,516,-297,1329,50,-0.8281503044935615,0.844771287683281
143,1576267200,1207,608,-599,1815,50,-2.0074765043584244,1.7526569047101401
143,1576281600,549,370,-179,919,50,-0.3673539747450389,0.07885955315444931
143,1576296000,123,68,-55,191,50,0.11687267685510351,-1.2811007949845494
143,1576310400,71,182,111,253,50,0.7651115814165845,-1.1652799961045797
143,1576324800,252,492,240,744,50,1.2688635012264102,-0.24805399207127155
143,1576339200,411,510,99,921,50,0.7182509377133449,0.08259570795702897
143,1576353600,522,537,15,1059,50,0.3902264317906678,0.34039038933502597
143,1576368000,355,348,-7,703,50,0.3043152516680619,-0.32464516552415473
143,1576382400,121,73,-48,194,50,0.14420805234865994,-1.27549656278068
143,1576396800,67,125,58,192,50,0.558143738393943,-1.2792327175832596
143,1576411200,230,345,115,575,50,0.7807317959843311,-0.5637590728892534
143,1576425600,374,473,99,847,50,0.7182509377133449,-0.0556420197384187
143,1576440000,388,484,96,872,50,0.7065357767875351,-0.008940084706172866
143,1576454400,269,198,-71,467,50,0.05439181858411739,-0.7655114322285554
143,1576468800,55,38,-17,93,50,0.26526471524869555,-1.4641723803109532
143,1576483200,185,377,192,562,50,1.0814209264134518,-0.5880440791060212
143,1576497600,630,702,72,1332,50,0.6128144893810559,0.8503755198871505
143,1576512000,692,489,-203,1181,50,-0.4610752621515181,0.5682958322923857
143,1576526400,1254,586,-668,1840,50,-2.276925205652052,1.7993588397423859
143,1576540800,471,273,-198,744,51,-0.6005291016649001,-0.20199337568981388
143,1576555200,81,29,-52,110,51,0.02916386198235834,-1.4177889470886298
143,1576569600,149,367,218,516,51,1.1936645481793433,-0.6392195433221957
143,1576584000,558,707,149,1265,51,0.8960699283734471,0.7971067705227778
143,1576598400,686,498,-188,1184,51,-0.5573994466205674,0.6417764214954843
143,1576612800,1253,595,-658,1848,51,-2.5844932337042077,1.9151017517932978
143,1576627200,504,298,-206,802,51,-0.6350328257003663,-0.09076917515175184
143,1576641600,120,48,-72,168,51,-0.057095448106307206,-1.3065647465505679
143,1576656000,211,371,160,582,51,0.9435125489222131,-0.5126540737444009
143,1576670400,605,693,88,1298,51,0.6329790326030172,0.8603895053116751
143,1576684800,777,459,-318,1236,51,-1.1180849621968936,0.7414946702537467
143,1576699200,1363,667,-696,2030,51,-2.7483859228726724,2.2641156224472163
143,1576713600,531,281,-250,812,51,-0.8248033078954307,-0.07159258885208597
143,1576728000,102,50,-52,152,51,0.02916386198235834,-1.3372472846300332
143,1576742400,199,364,165,563,51,0.9650773764443795,-0.549089587713766
143,1576756800,640,767,127,1407,51,0.801184687275915,1.069414295978033
143,1576771200,774,528,-246,1302,51,-0.8075514458776974,0.8680601398315415
143,1576785600,1176,606,-570,1782,51,-2.2049522693140795,1.788536282215503
143,1576800000,554,316,-238,870,51,-0.7730477218422313,0.03963161168597605
143,1576814400,110,63,-47,173,51,0.05072868950452473,-1.2969764534007349
143,1576828800,159,394,235,553,51,1.266984961754709,-0.5682661740134319
143,1576843200,579,795,216,1374,51,1.1850386171704768,1.0061315611891357
143,1576857600,745,577,-168,1322,51,-0.47114013653190184,0.9064133124308732
143,1576872000,1061,760,-301,1821,51,-1.0447645486215278,1.8633249687842
143,1576886400,487,418,-69,905,51,-0.044156551593007375,0.10674966373480659
143,1576900800,112,68,-44,180,51,0.06366758601782456,-1.2835528429909688
143,1576915200,70,158,88,228,51,0.6329790326030172,-1.1915052287525725
143,1576929600,270,450,180,720,51,1.0297718590108786,-0.24801718280901194
143,1576944000,470,512,42,982,51,0.43458261939908643,0.25440937824223375
143,1576958400,414,615,201,1029,51,1.1203441346039775,0.3445393338506633
143,1576972800,319,356,37,675,51,0.41301779187692006,-0.33431182115750835
143,1576987200,120,49,-71,169,51,-0.05278248260187393,-1.3046470879206011
143,1577001600,59,128,69,187,51,0.5510326880187849,-1.2701292325812026
143,1577016000,241,297,56,538,51,0.49496413646115234,-0.5970310534629307
143,1577030400,364,446,82,810,51,0.6071012395764175,-0.07542790611201915
143,1577044800,362,309,-53,671,51,0.024850896477925065,-0.3419824556773747
143,1577059200,238,200,-38,438,51,0.08954537904442422,-0.7887969164595894
143,1577073600,56,42,-14,98,51,0.19305655115082287,-1.4408008506482288
143,1577088000,108,382,274,490,51,1.435190616427607,-0.6890786677013269
143,1577102400,498,674,176,1172,51,1.0125199969931455,0.6187645179358853
143,1577116800,616,527,-89,1143,51,-0.13041586168167293,0.5631524176668542
143,1577131200,858,465,-393,1323,51,-1.4415573750293893,0.9083309710608398
143,1577145600,334,280,-54,614,52,-0.6655158975762503,0.1623568427394786
143,1577160000,93,42,-51,135,52,-0.644460027370448,-1.0494016296154944
143,1577174400,80,336,256,416,52,1.5102573570233178,-0.3385370560627858
143,1577180059,14,145,131,159,52,0.6329294317815564,-0.9886872176394623
143,1577183859,8,54,46,62,52,0.0363464426171587,-1.2340746327092584
143,1577188800,378,584,206,962,52,1.1593261869266132,1.0427158163919432
143,1577203200,609,335,-274,944,52,-2.20961304600175,0.9971800074099193
143,1577217600,466,478,12,944,52,-0.2022867530486004,0.9971800074099193
143,1577232000,250,244,-6,494,52,-0.328621974283414,-0.14121521714068164
143,1577246400,46,46,0,92,52,-0.28651023387180946,-1.1581816177392183
143,1577260800,54,102,48,156,52,0.050383689421026875,-0.9962765191364663
143,1577275200,122,184,62,306,52,0.14864441704810413,-0.616811444286266
143,1577289600,203,309,106,512,52,0.4574638467332041,-0.09567940815865761
143,1577304000,191,332,141,523,52,0.7031156658008972,-0.06785196933630959
143,1577318400,137,188,51,325,52,0.07143955962682914,-0.568745868138574
143,1577332800,38,45,7,83,52,-0.23737987005827083,-1.1809495222302304
143,1577347200,70,384,314,454,52,1.917337514335495,-0.24240590376740173
143,1577361600,316,607,291,923,52,1.7559091760910108,0.9440548969308912
143,1577376000,501,467,-34,968,52,-0.5251434295375685,1.0578944193859514
143,1577390400,715,562,-153,1277,52,-1.3603596143677252,1.8395924735773639
143,1577404800,320,242,-78,562,52,-0.8339628592226686,0.030808950124742496
143,1577419200,81,35,-46,116,52,-0.6093669103607776,-1.0974672057631865
143,1577433600,98,345,247,443,52,1.447089746405911,-0.27023334258974974
143,1577437897,45,208,163,253,52,0.8575253806434473,-0.7508891040666701
143,1577437984,100,153,53,253,52,0.08547680643069733,-0.7508891040666701
143,1577448000,321,368,47,689,52,0.043365066019092784,0.35208938016457875
143,1577462400,702,530,-172,1232,52,-1.493713459004473,1.7257529511223038
143,1577476800,834,664,-170,1498,52,-1.4796762122006046,2.3986710171899923
