remote_unit_id,time_stamp,entries,exits,num_people_exited,sum_exit_entry,week_num,z_score_num_people_exited,z_score_sum_exit_entry
131,1546300800,0,0,0,0,1,0.08920776279246094,-1.076281980263852
131,1546315200,125,85,-40,210,1,-0.04755675159319347,-0.7630782293934188
131,1546329600,51,73,22,124,1,0.16442824570457087,-0.8913426226070248
131,1546344000,106,120,14,226,1,0.13707534282744,-0.7392150864699573
131,1546358400,215,232,17,447,1,0.14733268140636407,-0.40960542483964435
131,1546372800,229,188,-41,417,1,-0.050975864452834835,-0.4543488178211348
131,1546387200,123,70,-53,193,1,-0.09200521876853116,-0.7884328187495968
131,1546401600,46,13,-33,59,1,-0.023622961575703948,-0.9882866407335874
131,1546416000,159,385,226,544,1,0.8619272690714084,-0.26493512086615856
131,1546430400,640,1025,385,1665,1,1.4055662137543847,1.4069763302088678
131,1546444800,681,582,-99,1263,1,-0.24928441031203372,0.8074148642568958
131,1546459200,1417,656,-761,2073,1,-2.512737123394614,2.015486474757138
131,1546473600,387,112,-275,499,1,-0.8510482736089131,-0.3320502103383942
131,1546488000,59,23,-36,82,1,-0.03388030015462803,-0.9539833727811114
131,1546502400,163,451,288,614,1,1.0739122663691727,-0.16053387057601418
131,1546516800,597,1257,660,1854,1,2.345822250155759,1.6888597059922577
131,1546531200,698,665,-33,1363,1,-0.023622961575703948,0.9565595075285306
131,1546545600,1305,732,-573,2037,1,-1.8699439057820384,1.9617944031793495
131,1546560000,394,137,-257,531,1,-0.7895042421353686,-0.2843239244914711
131,1546574400,60,21,-39,81,1,-0.04413763873355211,-0.9554748192138277
131,1546588800,183,509,326,692,1,1.2038385550355444,-0.04420104882413903
131,1546603200,605,1186,581,1791,1,2.0757123342440913,1.5948985807311278
131,1546606081,132,144,12,276,1,0.13023711710815727,-0.6646427648341399
131,1546606165,56,51,-5,107,1,0.07211219849425414,-0.9166972119632028
131,1546617600,671,530,-141,1201,1,-0.39288715041697087,0.7149451854284822
131,1546632000,1376,697,-679,2073,1,-2.232369868904023,2.015486474757138
131,1546646400,345,155,-190,500,1,-0.5604236805393975,-0.3305587639056779
131,1546660800,120,25,-95,145,1,-0.23560795887346828,-0.8600222475199815
131,1546675200,67,130,63,197,1,0.3046118729498667,-0.7824670330187313
131,1546689600,235,325,90,560,1,0.3969279201601834,-0.241071977942697
131,1546704000,389,352,-37,741,1,-0.03729941301426939,0.02887982637896203
131,1546718400,346,305,-41,651,1,-0.050975864452834835,-0.1053503525655093
131,1546732800,236,112,-124,348,1,-0.33476223180306774,-0.5572586216785628
131,1546747200,89,20,-69,109,1,-0.14671102452279292,-0.91371431909777
131,1546761600,38,78,40,116,1,0.22597227717811538,-0.9032741940687555
131,1546776000,140,224,84,364,1,0.37641324300233525,-0.5333954787551012
131,1546790400,315,358,43,673,1,0.23622961575703946,-0.07253853104574964
131,1546804800,258,272,14,530,1,0.13707534282744,-0.2858153709241874
131,1546819200,190,73,-117,263,1,-0.3108284417855782,-0.6840315684594523
131,1546833600,40,15,-25,55,1,0.003729941301426935,-0.9942524264644528
131,1546848000,193,436,243,629,1,0.9200521876853115,-0.13816217408526896
131,1546862400,705,1118,413,1823,1,1.5013013738243428,1.642624866578051
131,1546876800,718,674,-44,1392,1,-0.061233203031758915,0.9998114540773047
131,1546891200,1548,686,-862,2234,1,-2.8580675222183918,2.25560935042447
131,1546905600,372,131,-241,503,2,-0.4491540852622991,-0.542211423654139
131,1546920000,55,21,-34,76,2,0.1628729897044456,-1.1274469870904835
131,1546933954,40,98,58,138,2,0.4348850230229988,-1.0424713315095624
131,1546934400,184,430,246,614,2,0.9907356998043901,-0.3900775886624897
131,1546945746,248,370,122,618,2,0.6241107853315576,-0.3845952883024303
131,1546948800,757,1175,418,1932,2,1.4992799360086417,1.4163403799770937
131,1546963200,675,673,-2,1348,2,0.257485870858725,0.6159245274084165
131,1546977600,1455,727,-728,2182,2,-1.8890438703289885,1.7589841524808083
131,1546992000,389,135,-254,524,2,-0.4875905682312251,-0.513429346763827
131,1547006400,55,14,-41,69,2,0.142176421951947,-1.1370410127205877
131,1547020800,210,400,190,610,2,0.8251631577844012,-0.3955598890225491
131,1547035200,751,1088,337,1839,2,1.2597910805868722,1.288876896605712
131,1547049600,787,651,-136,1438,2,-0.13870556897481992,0.7392762855097538
131,1547064000,1638,516,-1122,2154,2,-3.053964969541054,1.7206080499603924
131,1547078400,475,144,-331,619,2,-0.7152528135087098,-0.3832247132124154
131,1547092800,49,18,-31,67,2,0.1717429473126593,-1.1397821629006173
131,1547107200,712,1288,576,2000,2,1.9664310367078963,1.5095394860981042
131,1547110507,214,130,-84,344,2,0.015040362900884072,-0.7601328629665015
131,1547110881,32,25,-7,57,2,0.24270260817836883,-1.1534879138007659
131,1547121600,735,1105,370,1840,2,1.3573606142772228,1.2902474716957268
131,1547136000,768,679,-89,1447,2,0.0002571002205279185,0.7516114613198874
131,1547150400,1605,788,-817,2393,2,-2.152185946039328,2.0481754964739434
131,1547164800,491,139,-352,630,2,-0.7773425167662057,-0.36814838722225196
131,1547179200,72,26,-46,98,2,0.12739315927159084,-1.0972943351101567
131,1547193600,197,378,181,575,2,0.7985532849597602,-0.44353001717306917
131,1547208000,783,1052,269,1835,2,1.0587387081340285,1.2833945962456526
131,1547222400,810,561,-249,1371,2,-0.472807305550869,0.6474477544787582
131,1547236800,1482,725,-757,2207,2,-1.974786793875054,1.7932485297311798
131,1547251200,493,148,-345,641,2,-0.7566459490137071,-0.3530720612320885
131,1547265600,106,27,-79,133,2,0.029823625581240226,-1.0493242069596367
131,1547280000,68,113,45,181,2,0.3964485400540728,-0.9835366026389234
131,1547294400,284,362,78,646,2,0.4940180737444234,-0.3462191857820142
131,1547308800,511,381,-130,892,2,-0.12096565375839254,-0.009057713638359017
131,1547323200,509,303,-206,812,2,-0.3456712464998061,-0.1187037208395477
131,1547337600,318,143,-175,461,2,-0.2540150178815979,-0.5997755774347631
131,1547352000,88,24,-64,112,2,0.07417341362230868,-1.0781062838499487
131,1547366400,45,78,33,123,2,0.360968709621218,-1.0630299578597853
131,1547380800,189,247,58,436,2,0.4348850230229988,-0.6340399546851345
131,1547395200,432,320,-112,752,2,-0.06774590810911038,-0.20093822624043922
131,1547409600,377,215,-162,592,2,-0.2155785349126719,-0.42023024064281655
131,1547424000,222,57,-165,279,2,-0.2244484925208856,-0.8492202438174673
131,1547438400,42,24,-18,66,2,0.21017943028158528,-1.141152737990632
131,1547452800,203,401,198,604,2,0.8488163780729711,-0.4037833395626383
131,1547467200,719,1150,431,1869,2,1.5377164189775678,1.3299941493061578
131,1547481600,714,570,-144,1284,2,-0.16235878926338976,0.5282077216474655
131,1547496000,1356,569,-787,1925,2,-2.063486369957191,1.4067463543469898
131,1547510400,402,116,-286,518,3,-0.9483513839636448,-0.16398441564171126
131,1547524800,65,23,-42,88,3,0.08495665820069832,-0.9215269803360451
131,1547539200,203,424,221,627,3,1.1987272118450516,0.028043815873829193
131,1547541648,168,87,-81,255,3,-0.080203233784586,-0.6273185889315015
131,1547553600,679,958,279,1637,3,1.4443496153103463,1.8073879794581948
131,1547568000,695,509,-186,1204,3,-0.5248644814372746,1.044560234079947
131,1547582400,1367,654,-713,2021,3,-2.756640457751245,2.4838911069991814
131,1547596800,456,141,-315,597,3,-1.071162585696292,-0.02480799096531038
131,1547611200,51,19,-32,70,3,0.12730534845333533,-0.9532380644395289
131,1547625600,190,368,178,558,3,1.0166278437587124,-0.09351533985619181
131,1547627203,88,80,-8,168,3,0.22894220505966417,-0.7805888287650062
131,1547640000,640,1031,391,1671,3,1.9186549461398807,1.8672866938758863
131,1547654400,703,556,-147,1259,3,-0.3597045894519903,1.1414552132850362
131,1547668800,1257,572,-685,1829,3,-2.6380641250438615,2.145639543228688
131,1547683200,461,128,-333,589,3,-1.1473902281510386,-0.03890180612241426
131,1547697600,56,18,-38,74,3,0.10189613430175314,-0.9461911568609769
131,1547712000,168,327,159,495,3,0.9361653322787021,-0.20450413421838493
131,1547719171,384,687,303,1071,3,1.5459864719166752,0.8102505570930949
131,1547721533,63,128,65,191,3,0.5380876439039143,-0.7400691101883325
131,1547726400,533,594,61,1127,3,0.5211481678028596,0.908907263192822
131,1547740800,702,566,-136,1268,3,-0.31312103017408954,1.157310755336778
131,1547755200,1248,639,-609,1887,3,-2.3162140791238204,2.2478197031176914
131,1547769600,458,143,-315,601,3,-1.071162585696292,-0.017761083386758435
131,1547784000,69,20,-49,89,3,0.05531257502385242,-0.9197652534414071
131,1547797210,85,275,190,360,3,1.067446272061877,-0.442337264994513
131,1547797732,89,85,-4,174,3,0.24588168116071896,-0.7700184673971784
131,1547797941,23,40,17,63,3,0.3348139306912567,-0.9655701527019948
131,1547798400,162,149,-13,311,3,0.20776785993334565,-0.5286618828317743
131,1547812800,528,956,428,1484,3,2.075345100074638,1.537843764578583
131,1547827200,714,477,-237,1191,3,-0.7408428017257235,1.021657784449653
131,1547841600,1038,514,-524,1552,3,-1.9562502119764056,1.6576411934139659
131,1547856000,252,95,-157,347,3,-0.4020532797046273,-0.4652397146248068
131,1547870400,58,19,-39,77,3,0.09766126527648943,-0.940905976177063
131,1547884800,55,83,28,138,3,0.3813974899691574,-0.8334406356041458
131,1547899200,157,164,7,321,3,0.29246524043861966,-0.5110446138853945
131,1547913600,296,201,-95,497,3,-0.13949140013827782,-0.20098068042910894
131,1547928000,259,189,-70,448,3,-0.0336196745066853,-0.28730529826637025
131,1547942400,152,69,-83,221,3,-0.08867297183511341,-0.687217303349193
131,1547956800,41,17,-24,58,3,0.16118430065544495,-0.9743787871751847
131,1547971200,30,35,5,65,3,0.2839955023880923,-0.9620466989127188
131,1547985600,94,98,4,192,3,0.2797606333628286,-0.7383073832936946
131,1548000000,166,121,-45,287,3,0.07225205112490722,-0.5709433283030859
131,1548014400,163,115,-48,278,3,0.059547444049116126,-0.5867988703548278
131,1548028800,107,61,-46,168,3,0.06801718209964353,-0.7805888287650062
131,1548043200,36,11,-25,47,3,0.15694943163018124,-0.9937577830162025
131,1548057600,51,160,109,211,3,0.7244218810155171,-0.7048345722955729
131,1548072000,198,309,111,507,3,0.7328916190660445,-0.18336341148272908
131,1548086400,284,225,-59,509,3,0.012963884771215413,-0.17983995769345312
131,1548100800,348,195,-153,543,3,-0.3851138036035725,-0.11994124327576161
131,1548115200,148,51,-97,199,4,-0.23663619713746323,-0.868423475809855
131,1548129600,25,16,-9,41,4,0.0831607207083085,-1.1161589937243728
131,1548144000,178,340,162,518,4,0.7045842769767967,-0.3682486010330755
131,1548158400,538,938,400,1476,4,1.5694895775142248,1.1338439696131777
131,1548172800,594,582,-12,1176,4,0.07225855305447539,0.6634600748387768
131,1548187200,1029,522,-507,1551,4,-1.7265991098279905,1.2514399433067778
131,1548201600,335,120,-215,455,4,-0.6654547915215662,-0.46702921893569965
131,1548216000,42,13,-29,55,4,0.010479603016087663,-1.0942077453015673
131,1548230400,188,360,172,548,4,0.7409248358229071,-0.3212102115556354
131,1548244800,546,961,415,1507,4,1.6240004157833905,1.1824503054065323
131,1548259200,633,584,-49,1217,4,-0.062201514676133184,0.7277458737912783
131,1548273600,1207,602,-605,1809,4,-2.082736586519873,1.6559700928127625
131,1548288000,322,115,-207,437,4,-0.6363823444446779,-0.4952522526221637
131,1548302400,38,16,-22,54,4,0.03591799420836496,-1.095775691617482
131,1548316800,163,322,159,485,4,0.6936821093229636,-0.41999082945825955
131,1548331200,619,900,281,1519,4,1.137036927245511,1.2012656611975083
131,1548345600,581,436,-145,1017,4,-0.41107087959879324,0.4141566106083444
131,1548360000,1197,513,-684,1710,4,-2.369827001404145,1.5007434075372101
131,1548374400,342,105,-237,447,4,-0.7454040209830092,-0.479572789463017
131,1548388800,47,18,-29,65,4,0.010479603016087663,-1.0785282821424207
131,1548403200,169,301,132,470,4,0.5955626004384654,-0.4435100241969796
131,1548404862,65,111,46,176,4,0.28303379436191584,-0.9044862410758924
131,1548417600,516,838,322,1354,4,1.2860332185145635,0.9425545190715879
131,1548432000,773,616,-157,1389,4,-0.45467955021412576,0.9974326401286013
131,1548446400,1084,647,-437,1731,4,-1.4722151979052176,1.5336702801714182
131,1548460800,321,140,-181,461,4,-0.5418968914447908,-0.45762154104021163
131,1548475200,60,22,-38,82,4,-0.02222689994541172,-1.0518731947718714
131,1548489600,41,90,49,131,4,0.29393596201574895,-0.9750438252920525
131,1548504000,207,326,119,533,4,0.5483198739385219,-0.34472940629435544
131,1548518400,388,314,-74,702,4,-0.15305291179140926,-0.07974647890477636
131,1548532800,314,267,-47,581,4,-0.0549334029069111,-0.26946798313045134
131,1548547200,170,96,-74,266,4,-0.15305291179140926,-0.7633710726435722
131,1548561600,45,21,-24,66,4,0.028649882439142873,-1.076960335826506
131,1548576000,22,68,46,90,4,0.28303379436191584,-1.039329624244554
131,1548590400,126,203,77,329,4,0.39568952678485814,-0.664590454740948
131,1548604800,276,213,-63,489,4,-0.11307829706068778,-0.4137190441946009
131,1548619200,227,430,203,657,4,0.8535805682458495,-0.15030406312093647
131,1548633600,120,48,-72,168,4,-0.14578480002218716,-0.9170298116032097
131,1548648000,22,16,-6,38,4,0.09406288836214163,-1.1208628326721166
131,1548662400,187,400,213,587,4,0.8899211270919599,-0.2600603052349633
131,1548676800,612,1239,627,1851,4,2.3944202633209315,1.7218238380811786
131,1548691200,754,777,23,1531,4,0.19945050901586184,1.2200810169884844
131,1548705600,1601,804,-797,2405,4,-2.7804753163651927,2.5904660970979054
131,1548720000,582,118,-464,700,5,-1.0211361365380314,-0.32076176355431013
131,1548734400,38,16,-22,54,5,0.052818383811638024,-1.1558935329387783
131,1548748800,168,362,194,530,5,0.5776468371951868,-0.5405332818133807
131,1548763200,600,1282,682,1882,5,1.7633703800246858,1.2072966751646395
131,1548777600,856,690,-166,1546,5,-0.2970672517773945,0.7729247331937705
131,1548792000,1688,774,-914,2462,5,-2.114528747753758,1.9571053845191153
131,1548806400,637,119,-518,756,5,-1.1523432498839186,-0.24836643989249862
131,1548820800,41,13,-28,54,5,0.038239815662095,-1.1558935329387783
131,1548835200,174,379,205,553,5,0.6043742121360157,-0.5107994881665653
131,1548849600,636,1255,619,1891,5,1.610295414454484,1.218931637896002
131,1548864000,919,789,-130,1708,5,-0.20959584288013638,0.9823540623582966
131,1548878400,1669,713,-956,2382,5,-2.2165787248005593,1.8536834935736703
131,1548892800,526,119,-407,645,5,-0.8826397391173726,-0.3918643135793035
131,1548907200,35,11,-24,46,5,0.04795886109512368,-1.1662357220333228
131,1548921600,165,286,121,451,5,0.4002742580424134,-0.6426623991220076
131,1548936000,573,933,360,1506,5,0.9809872226658771,0.721213787721048
131,1548950400,786,1868,1082,2654,5,2.735274923327554,2.205317922788183
131,1548964800,1397,740,-657,2137,5,-1.4900800786816655,1.5369539525532452
131,1548979200,606,143,-463,749,5,-1.0187063751797742,-0.25741585535022504
131,1548993600,38,14,-24,52,5,0.04795886109512368,-1.1584790802124145
131,1549008000,170,373,203,543,5,0.5995146894195014,-0.5237272245347458
131,1549022400,599,1042,443,1641,5,1.1826574154012224,0.8957382286914864
131,1549036800,799,527,-272,1326,5,-0.5546219557526546,0.48851453309379683
131,1549051200,1204,563,-641,1767,5,-1.4512038969495507,1.0586277069305623
131,1549065600,375,153,-222,528,5,-0.43313388783979606,-0.5431188290870168
131,1549080000,73,20,-53,93,5,-0.022504218294334265,-1.1054753611028738
131,1549094400,47,125,78,172,5,0.2957945196373551,-1.0033462437942469
131,1549108800,234,443,209,677,5,0.6140932575690444,-0.3504955572011256
131,1549123200,475,463,-12,938,5,0.07711599739420973,-0.013081637991611309
131,1549137600,472,351,-121,823,5,-0.18772799065582185,-0.16175060622568846
131,1549152000,232,115,-117,347,5,-0.17800894522279317,-0.7771108573510861
131,1549166400,47,21,-26,68,5,0.04309933837860934,-1.1377947020233254
131,1549180800,34,70,36,104,5,0.1937445425905539,-1.0912548510978752
131,1549195200,153,269,116,422,5,0.3881254512511276,-0.6801528345897314
131,1549209600,330,334,4,664,5,0.11599217912632445,-0.36730161447976034
131,1549224000,319,263,-56,582,5,-0.029793502369105773,-0.47330905269884144
131,1549238400,152,96,-56,248,5,-0.029793502369105773,-0.9050954473960743
131,1549252800,31,20,-11,51,5,0.0795457587524669,-1.1597718538492325
131,1549267200,150,396,246,546,5,0.7039944278245597,-0.5198489036242917
131,1549281600,556,1241,685,1797,5,1.7706596640994574,1.0974109160351042
131,1549296000,827,736,-91,1563,5,-0.11483514990810674,0.7949018850196776
131,1549310400,1416,747,-669,2163,5,-1.5192372149807514,1.5705660671105148
131,1549324800,526,138,-388,664,6,-0.8698971762064067,-0.3284955766630586
131,1549339200,41,13,-28,54,6,0.08657963396410621,-1.161234386055544
131,1549353600,179,416,237,595,6,0.7906528414507338,-0.42269062231565124
131,1549368000,601,1152,551,1753,6,1.6249131703216813,1.1581479699409032
131,1549382400,808,792,-16,1600,6,0.11846219430312332,0.9492806947981979
131,1549396800,1478,757,-721,2235,6,-1.7546382256141313,1.8161481439198837
131,1549411200,599,166,-433,765,6,-0.9894567774777209,-0.1906158721570897
131,1549425600,59,24,-35,83,6,0.06798147376634625,-1.1216451639696718
131,1549440000,228,395,167,623,6,0.6046712394731341,-0.38446654581894696
131,1549454400,670,1311,641,1981,6,1.8640323728643093,1.4694011642712095
131,1549468800,922,747,-175,1669,6,-0.30398173018885327,1.0434757404507906
131,1549483200,1683,738,-945,2421,6,-2.3497793519424506,2.0700652235051336
131,1549497600,680,125,-555,805,6,-1.3135961409243946,-0.13601004859036933
131,1549512000,167,44,-123,211,6,-0.16582396871977914,-0.9469065285561667
131,1549526400,160,394,234,554,6,0.7826822013659795,-0.4786615914715396
131,1549540800,611,1215,604,1826,6,1.7657278118190067,1.257803597950168
131,1549555200,843,788,-55,1631,6,0.01484387320131775,0.9916002080624062
131,1549569600,1392,748,-644,2140,6,-1.5500584634387715,1.6864593129489227
131,1549584000,564,149,-415,713,6,-0.9416329369691953,-0.26160344279382614
131,1549598400,43,12,-31,55,6,0.07860899387935194,-1.1598692404663762
131,1549612800,162,317,155,479,6,0.5727886791341169,-0.5810475106591403
131,1549627200,611,855,244,1466,6,0.8092510016484937,0.7663511858496846
131,1549641600,814,425,-389,1239,6,-0.8725540562346582,0.45646313710854663
131,1549656000,1128,507,-621,1635,6,-1.4889502227889888,0.9970607904190782
131,1549670400,397,141,-256,538,6,-0.5191890124772187,-0.5005039208982277
131,1549684800,67,27,-40,94,6,0.05469707362508912,-1.1066285624888237
131,1549699200,45,113,68,158,6,0.341640116676243,-1.0192592447820712
131,1549713600,241,335,94,576,6,0.41071899741078005,-0.4486283885098434
131,1549728000,476,350,-126,826,6,-0.17379460880453343,-0.10734199121784113
131,1549742400,420,372,-48,792,6,0.033442033399077725,-0.15375694124955344
131,1549756800,223,146,-77,369,6,-0.0436074874202136,-0.7312135254676213
131,1549771200,64,35,-29,99,6,0.0839227539358548,-1.0998028345429838
131,1549785600,486,1408,922,1894,6,2.6106156608029596,1.3506334980135926
131,1549800000,146,264,118,410,6,0.47448411808881424,-0.6752425563117329
131,1549814400,325,322,-3,647,6,0.15300163467039185,-0.35170305167891475
131,1549828800,314,252,-62,566,6,-0.003754286996442225,-0.4622798444015235
131,1549843200,142,76,-66,218,6,-0.014381807109447925,-0.9373505094319906
131,1549857600,32,17,-15,49,6,0.12111907433137474,-1.1680601140013842
131,1549872000,168,368,200,536,6,0.6923482804054311,-0.5032342120765637
131,1549886400,632,1253,621,1885,6,1.810894772299281,1.3383471877110804
131,1549900800,840,725,-115,1565,6,-0.14456892849376773,0.9015005991773176
131,1549906510,487,152,-335,639,6,-0.7290825347090812,-0.36262421639225884
131,1549907204,100,40,-60,140,6,0.0015594730600606247,-1.0438318653870953
131,1549907649,40,7,-33,47,6,0.0732952338228491,-1.1707904051797202
131,1549908082,43,23,-20,66,6,0.10783467419011762,-1.144852638985528
131,1549915200,1543,759,-784,2302,6,-1.922021667393971,1.9076128983941403
131,1549929600,611,158,-453,769,7,-1.4089579129046992,-0.0016672953933114971
131,1549944000,45,19,-26,64,7,0.07697276689729288,-1.0987476641922933
131,1549958400,197,379,182,576,7,0.8007984844589189,-0.3020027722418271
131,1549972800,542,875,333,1417,7,1.3262681159579839,1.0067129584814973
131,1549987200,586,487,-99,1073,7,-0.1770622205161624,0.4713999842022778
131,1550001600,1139,481,-658,1620,7,-2.1223438364630325,1.3226098590009203
131,1550016000,283,118,-165,401,7,-0.40673768858860143,-0.574327686482709
131,1550030400,38,15,-23,53,7,0.08741256090058556,-1.1158652302302916
131,1550044800,178,330,152,508,7,0.6964005444259921,-0.40782045320399835
131,1550059200,638,1209,571,1847,7,2.154491773552537,1.675854176330522
131,1550073600,897,781,-116,1678,7,-0.23622105320148762,1.4128661162921843
131,1550088000,1524,805,-719,2329,7,-2.334619647863317,2.4259147972682653
131,1550102400,626,155,-471,781,7,-1.4715966769244553,0.017006413011777556
131,1550116800,45,18,-27,63,7,0.07349283556286199,-1.100303806559384
131,1550131200,163,399,236,562,7,0.9887147765181871,-0.32378876538109763
131,1550145600,672,1173,501,1845,7,1.910896580142374,1.6727418915963403
131,1550160000,821,785,-36,1606,7,0.042173453552983936,1.3008238658616498
131,1550174400,1503,762,-741,2265,7,-2.4111781372207965,2.3263216857744573
131,1550188800,570,154,-416,724,7,-1.280200453530756,-0.07169370191239544
131,1550203200,58,22,-36,80,7,0.042173453552983936,-1.0738493863188412
131,1550217600,154,373,219,527,7,0.9295559438328619,-0.37825374822927404
131,1550232000,558,952,394,1510,7,1.5385439273582684,1.1514341986209375
131,1550246400,763,614,-149,1377,7,-0.3510587872377071,0.9444672637978672
131,1550260800,1050,565,-485,1615,7,-1.5203157156064877,1.3148291471654667
131,1550275200,326,121,-205,447,7,-0.5459349419658373,-0.5027451375965344
131,1550289600,57,21,-36,78,7,0.042173453552983936,-1.0769616710530228
131,1550304000,45,91,46,136,7,0.3275278229763173,-0.986705413761759
131,1550318400,210,373,163,583,7,0.7346797891047319,-0.2911097756721918
131,1550332800,401,345,-56,746,7,-0.02742517313563395,-0.03745856983639884
131,1550347200,360,283,-77,643,7,-0.10050373115868273,-0.19774123364674653
131,1550361600,181,117,-64,298,7,-0.055264623811081104,-0.7346103502930568
131,1550376000,59,27,-32,86,7,0.056093178890707515,-1.0645125321162967
131,1550390400,29,60,31,89,7,0.2753288529598539,-1.0598441050150245
131,1550404800,140,209,69,349,7,0.40756624366822786,-0.6552470895714283
131,1550419200,285,337,52,622,7,0.3484074109829026,-0.23042022335565238
131,1550433600,251,253,2,504,7,0.17441084426135792,-0.4140450226723614
131,1550448000,161,58,-103,219,7,-0.19098194585388598,-0.8575455972932263
131,1550462400,31,12,-19,43,7,0.10133228623830914,-1.1314266539011992
131,1550476800,47,166,119,213,7,0.5815628103897725,-0.8668824514957709
131,1550491200,226,383,157,609,7,0.7138002010981466,-0.2506500741278322
131,1550505600,334,370,36,704,7,0.2927285096320083,-0.10281654925421052
131,1550520000,378,306,-72,684,7,-0.08310407448652826,-0.1339393965960256
131,1550534400,191,75,-116,266,8,-0.04459587511025153,-1.1293267421324353
131,1550548800,36,19,-17,55,8,0.1978750614159674,-1.4182919597646244
131,1550563200,162,384,222,546,8,0.7832341910095666,-0.7458657898243172
131,1550577600,629,1140,511,1769,8,1.4910533895558016,0.9290368697214987
131,1550592000,803,706,-97,1509,8,0.0019389510917500788,0.572965985435389
131,1550606400,1520,721,-799,2241,8,-1.7174004170032569,1.5754424750408977
131,1550620800,648,116,-532,764,8,-1.0634636487961815,-0.4473140483844253
131,1550635200,42,15,-27,57,8,0.17338304762544024,-1.4155529529624236
131,1550649600,194,376,182,570,8,0.685266135847458,-0.7129977081979071
131,1550664000,713,1140,427,1853,8,1.2853204737153734,1.044075155413934
131,1550678400,823,697,-126,1520,8,-0.0690878889007787,0.5880305228474936
131,1550692800,1554,632,-922,2186,8,-2.018652186626741,1.5001197879803745
131,1550707200,605,139,-466,744,8,-0.9018163577787023,-0.47470411640643373
131,1550721600,41,16,-25,57,8,0.17828145038354565,-1.4155529529624236
131,1550736000,167,353,186,520,8,0.6950629413636689,-0.7814728782529282
131,1550750400,659,1151,492,1810,8,1.4445185633538,0.9851865091666159
131,1550764800,754,690,-64,1444,8,0.08276259660048972,0.48394826436386157
131,1550779200,1463,735,-728,2198,8,-1.543507119090514,1.5165538287935796
131,1550793600,727,154,-573,881,8,-1.163880905337343,-0.2870821504556759
131,1550808000,63,22,-41,85,8,0.1390942283187022,-1.3772068577316117
131,1550822400,169,371,202,540,8,0.7342501634285123,-0.7540828102309197
131,1550836800,531,1025,494,1556,8,1.4494169661119054,0.6373326452871088
131,1550851200,666,635,-31,1301,8,0.16358624210922937,0.2881092780065012
131,1550865600,1101,602,-499,1703,8,-0.9826400032874418,0.8386496452488708
131,1551484800,9002,8560,-442,17562,9,-2.5309054141549856,4.225830489906646
131,1551499200,65,20,-45,85,9,0.039183376767342945,-0.34023078163399767
131,1551513600,46,102,56,148,9,0.6930346812589178,-0.3237713286325065
131,1551528000,220,416,196,636,9,1.5993632221383283,-0.19627588316063865
131,1551542400,430,345,-85,775,9,-0.21976763491248866,-0.15996058209385663
131,1551556800,455,278,-177,733,9,-0.8153549617761013,-0.1709335507615174
131,1551571200,256,108,-148,364,9,-0.6276154783082234,-0.2673389183416798
131,1551585600,52,20,-32,72,9,0.12334245556328821,-0.3436271766977974
131,1551600000,34,59,25,93,9,0.4923476472070482,-0.33814069236396704
131,1551614400,157,218,61,375,9,0.7254035577188966,-0.26446504559538764
131,1551628800,322,338,16,660,9,0.4340836695790861,-0.1900056153505468
131,1551643200,303,167,-136,470,9,-0.549930174804274,-0.23964523551377404
131,1551657600,154,51,-103,205,9,-0.3362955901684129,-0.30887944258353833
131,1551672000,19,13,-6,32,9,0.29166061315517877,-0.3540776230479505
131,1551686400,161,221,60,382,9,0.7189297824269009,-0.26263621748411087
131,1551695111,276,370,94,646,9,0.9390381423547577,-0.1936632715731004
131,1551700800,476,569,93,1045,9,0.9325643670627619,-0.0894200692303232
131,1551715200,396,383,-13,779,9,0.24634418611120823,-0.15891553745884132
131,1551729600,840,456,-384,1296,9,-2.1554264472192295,-0.02384351838311248
131,1551744000,253,113,-140,366,10,-0.11670709941229289,-0.7517751639377698
131,1551758400,43,14,-29,57,10,0.19016740564135037,-1.178887980887574
131,1551772800,165,402,237,567,10,0.9255603636978288,-0.47394449660148946
131,1551787200,621,1226,605,1847,10,1.9429461101819796,1.2953254247439776
131,1551801600,851,666,-185,1517,10,-0.24111568254214827,0.8391855231470994
131,1551816000,1562,678,-884,2240,10,-2.1735956738259015,1.8385465802820782
131,1551830400,650,129,-521,779,10,-1.1700331032450684,-0.18090916587864647
131,1551844800,54,16,-38,70,10,0.1652856890153793,-1.160918833248909
131,1551859200,173,389,216,562,10,0.8675030249038963,-0.4808557072317452
131,1551873600,621,1237,616,1858,10,1.9733570971692775,1.3105300881305402
131,1551888000,831,763,-68,1594,10,0.08234663359547571,0.9456181668530377
131,1551902400,1542,707,-835,2249,10,-2.0381285499733925,1.8509867594165386
131,1551916800,587,149,-438,736,10,-0.9405683832500019,-0.24034557729884576
131,1551931200,67,16,-51,83,10,0.1293454316667544,-1.1429496856102441
131,1551945600,223,394,171,617,10,0.7430944417740409,-0.40483239029893214
131,1551960000,651,1186,535,1837,10,1.749421647535538,1.2815030034834662
131,1551974400,832,669,-163,1501,10,-0.1802937085675523,0.817069649130281
131,1551988800,1462,762,-700,2224,10,-1.6649028005838264,1.8164307062652598
131,1552003200,621,141,-480,762,10,-1.0566830608378668,-0.20440728202151595
131,1552017600,65,21,-44,86,10,0.14869787793139858,-1.1388029592320907
131,1552032000,171,384,213,555,10,0.8592091193619059,-0.49053140211410323
131,1552046400,649,1006,357,1655,10,1.257316585377443,1.0299349365421575
131,1552060800,776,552,-224,1328,10,-0.3489364545880229,0.5779417613234328
131,1552075200,1207,558,-649,1765,10,-1.5239064063699903,1.1819815704077836
131,1552089600,372,151,-221,523,10,-0.3406425490460326,-0.5347631501477399
131,1552104000,92,24,-68,116,10,0.08234663359547571,-1.0973356954505564
131,1552118400,59,93,34,152,10,0.36433942202314784,-1.0475749789127151
131,1552132800,267,328,61,595,10,0.4389845719010611,-0.4352417170720574
131,1552147200,481,308,-173,789,10,-0.20794006037418683,-0.16708674461813502
131,1552161600,472,236,-236,708,10,-0.3821120767559844,-0.27904835682827783
131,1552176000,235,109,-126,344,10,-0.07800220688300455,-0.782184490710895
131,1552194000,75,22,-53,97,10,0.12381616130542751,-1.1235982958455282
131,1552208400,61,68,7,129,10,0.2896942721452347,-1.0793665478118915
131,1552222800,149,165,16,314,10,0.31457598877120574,-0.8236517544924294
131,1552237200,310,184,-126,494,10,-0.07800220688300455,-0.5748481718032231
131,1552251600,251,134,-117,385,10,-0.05312049025703347,-0.725512563542798
131,1552266000,130,50,-80,180,10,0.04917101142751429,-1.008872199383283
131,1552280400,24,20,-4,44,10,0.2592832851579367,-1.1968571285262388
131,1552294800,376,678,302,1054,10,1.1052616504409531,0.19920741878541873
131,1552309200,628,1017,389,1645,10,1.3457849111586737,1.0161125152816461
131,1552323600,994,668,-326,1662,10,-0.6309292430156952,1.0396106314245155
131,1552338000,1508,621,-887,2129,10,-2.181889579367892,1.6851177042904009
131,1552352400,334,261,-73,595,11,0.042133868679672656,-0.3704905721762056
131,1552366800,35,20,-15,55,11,0.232392341437364,-0.9747134516313598
131,1552381200,358,684,326,1042,11,1.3509809485127562,0.12967170026167202
131,1552395600,677,987,310,1664,11,1.2984958525796,0.8256469428933496
131,1552410000,978,658,-320,1636,11,-0.7681047997884268,0.7943168676623417
131,1552424400,1476,638,-838,2114,11,-2.46730978062436,1.329166009105978
131,1552438800,403,88,-315,491,11,-0.7517032073093155,-0.48685942303423535
131,1552453200,26,21,-5,47,11,0.2651955263955867,-0.9836649016973621
131,1552464325,146,339,193,485,11,0.914698588568395,-0.49357301058373704
131,1552467600,356,383,27,739,11,0.37016571826189915,-0.20936447098816452
131,1552472535,98,191,93,289,11,0.5866667389861686,-0.712883537200793
131,1552477763,60,161,101,221,11,0.6129092869527467,-0.7889708627618124
131,1552482000,675,1042,367,1717,11,1.4854740068414691,0.8849502995806148
131,1552496400,1041,690,-351,1731,11,-0.869794673158917,0.9006153371961187
131,1552510800,1582,699,-883,2281,11,-2.614924112936362,1.5160275292337757
131,1552525200,371,83,-288,454,11,-0.6631346079221143,-0.5282598795894959
131,1552539600,24,17,-7,41,11,0.25863488940394214,-0.9903784892468638
131,1552554000,368,786,418,1154,11,1.6527702501284045,0.254992001185704
131,1552568400,684,919,235,1603,11,1.0524719653929302,0.7573921361400822
131,1552582800,954,700,-254,1654,11,-0.5516037790641574,0.8144576303108467
131,1552597200,1324,672,-652,1996,11,-1.8571705404014187,1.1971321206324443
131,1552611600,389,110,-279,499,11,-0.6336117414597139,-0.47790797296823306
131,1552626000,30,25,-5,55,11,0.2651955263955867,-0.9747134516313598
131,1552640400,313,677,364,990,11,1.4756330513540024,0.07148727483265715
131,1552654800,596,840,244,1436,11,1.0819948318553305,0.5705306160122845
131,1552669200,862,579,-283,1441,11,-0.646733015443003,0.5761252723035359
131,1552683600,940,520,-420,1460,11,-1.0961366493706532,0.5973849662102914
131,1552698000,359,103,-256,462,11,-0.5581644160558018,-0.5193084295234937
131,1552712400,41,24,-17,65,11,0.22583170444571948,-0.9635241390488569
131,1552726800,101,259,158,360,11,0.7998874412146157,-0.6334394178650228
131,1552741200,454,531,77,985,11,0.5341816430530123,0.06589261854140573
131,1552755600,797,448,-349,1245,11,-0.8632340361672725,0.35681474568648
131,1552770000,576,329,-247,905,11,-0.5286415495934015,-0.02362188211861711
131,1552784400,275,88,-187,363,11,-0.3318224398440655,-0.6300826240902718
131,1552798800,33,27,-6,60,11,0.2619152078997644,-0.9691187953401084
131,1552813200,67,107,40,174,11,0.4128098587075886,-0.8415606318995759
131,1552827600,261,310,49,571,11,0.4423327251699889,-0.3973449223742125
131,1552842000,404,355,-49,759,11,0.12086151257940701,-0.1869858458231588
131,1552856400,346,237,-109,583,11,-0.07595759716992888,-0.38391774727520905
131,1552870800,165,56,-109,221,11,-0.07595759716992888,-0.7889708627618124
131,1552885200,19,20,1,39,11,0.28487743737052024,-0.9926163517633644
131,1552896554,0,0,0,0,11,0.28159711887469796,-1.0362546708351255
131,1552899600,361,683,322,1044,11,1.337859674529467,0.1319095627781726
131,1552928400,530,369,-161,899,11,-0.24653415895268663,-0.030335469668118824
131,1552942800,2880,2170,-710,5050,11,-2.04742901315911,4.614348183328816
131,1552957200,2071,1321,-750,3392,12,-1.8150350034485352,2.753856507762692
131,1552971600,357,494,137,851,12,0.6018543706255876,-0.22977926192401815
131,1552986000,354,688,334,1042,12,1.1386381436724897,-0.005507545273029708
131,1553000400,1409,2268,859,3677,12,2.569153274888853,3.0885027865351096
131,1553014800,960,670,-290,1630,12,-0.5616312694303882,0.6849205667205892
131,1553029200,1415,663,-752,2078,12,-1.820484584900788,1.2109610330014418
131,1553043600,431,93,-338,524,12,-0.6924212242844557,-0.6137418344102654
131,1553058000,28,25,-3,53,12,0.22038366896789055,-1.1667888424867867
131,1553072400,350,662,312,1012,12,1.0786927476977088,-0.0407334693543368
131,1553086800,585,1054,469,1639,12,1.5064848916995546,0.6954883439449813
131,1553101200,997,678,-319,1675,12,-0.640650200488054,0.7377594528425498
131,1553115600,1433,626,-807,2059,12,-1.9703480748377404,1.1886512810832806
131,1553130000,416,100,-316,516,12,-0.6324758283096747,-0.6231354141652806
131,1553144400,26,25,-1,51,12,0.22583325042014338,-1.1691372374255404
131,1553158800,392,641,249,1033,12,0.9070309319517451,-0.016075322497421832
131,1553173200,689,933,244,1622,12,0.893406978321113,0.675526986965574
131,1553187600,949,673,-276,1622,12,-0.5234841992646184,0.675526986965574
131,1553202000,1487,654,-833,2141,12,-2.041192633717027,1.2849354735721865
131,1553216400,411,71,-340,482,12,-0.6978708057367085,-0.6630581281240954
131,1553230800,32,27,-5,59,12,0.21493408751563775,-1.1597436576705253
131,1553245200,360,530,170,890,12,0.6917724645877589,-0.18398556061831894
131,1553259600,558,657,99,1215,12,0.49831232303278405,0.1976286169291745
131,1553274000,840,479,-361,1319,12,-0.7550914109853629,0.3197451537443724
131,1553288400,978,544,-434,1522,12,-0.9540011339925907,0.5581072400278837
131,1553302800,270,127,-143,397,12,-0.16108703268980637,-0.762864913021132
131,1553317200,37,19,-18,56,12,0.17951180807599446,-1.163266250078656
131,1553331600,83,206,123,289,12,0.5637073004598178,-0.8896782397138376
131,1553346000,293,391,98,684,12,0.49558753230665764,-0.42587023930996093
131,1553360400,510,329,-181,839,12,-0.26462908028260984,-0.24386963155654098
131,1553374800,399,290,-109,689,12,-0.06844414800150855,-0.4199992519630764
131,1553389200,230,96,-134,326,12,-0.13656391615466873,-0.8462329333468922
131,1553403600,37,16,-21,53,12,0.17133743589761524,-1.1667888424867867
131,1553418000,45,86,41,131,12,0.34027446091745245,-1.0752014398753882
131,1553432400,207,308,101,515,12,0.5037619044850369,-0.6243096116346575
131,1553446800,374,331,-43,705,12,0.1113920399228343,-0.401212092453046
131,1553461200,308,201,-107,509,12,-0.06299456654925574,-0.631354796450919
131,1553475600,135,56,-79,191,12,0.013299573782283648,-1.004749591712774
131,1553490000,17,23,6,40,12,0.24490678550302822,-1.1820534095886863
131,1553504400,331,797,466,1128,12,1.4983105195211754,0.09547343709338395
131,1553518800,603,1074,471,1677,12,1.5119344731518074,0.7401078477813037
131,1553533200,919,623,-296,1542,12,-0.5779800137871466,0.5815911894154218
131,1553547600,1416,670,-746,2086,12,-1.8041358405440295,1.2203546127564568
131,1553562000,347,95,-252,442,13,-0.697456115624498,-0.6014591777553709
131,1553576400,22,21,-1,43,13,0.11349300679046385,-1.1711714699286446
131,1553590800,393,728,335,1121,13,1.1990663340073053,0.36805121418862113
131,1553605200,682,965,283,1647,13,1.0310609381285085,1.1191005016150422
131,1553619600,992,658,-334,1650,13,-0.9623877014333699,1.1233840526840142
131,1553634000,1505,751,-754,2256,13,-2.3193543604544216,1.9886613686163546
131,1553648400,414,125,-289,539,13,-0.8169984165382573,-0.4629576931919435
131,1553662800,157,64,-93,221,13,-0.18374730899509986,-0.9170141065029738
131,1553677200,379,735,356,1114,13,1.266914666958358,0.3580562616943532
131,1553691600,647,1122,475,1769,13,1.6513885536809894,1.2932982450865695
131,1553706000,1023,707,-316,1730,13,-0.9042319874753248,1.2376120811899336
131,1553720400,1535,738,-797,2273,13,-2.458281899354196,2.0129348246738625
131,1553734800,378,113,-265,491,13,-0.7394574645941973,-0.5314945102954952
131,1553749200,24,16,-8,40,13,0.09087689580677966,-1.1754550209976167
131,1553763600,360,732,372,1092,13,1.3186086349210646,0.3266435538552253
131,1553778000,700,1065,365,1765,13,1.2959925239373804,1.2875868436612734
131,1553792400,1009,813,-196,1822,13,-0.5165272277550245,1.3689743139717412
131,1553806800,1564,690,-874,2254,13,-2.7070591201747223,1.9858056679037066
131,1553821200,451,155,-296,606,13,-0.8396145275219414,-0.3672917193182359
131,1553835600,28,22,-6,50,13,0.09733864180211799,-1.1611765174343767
131,1553850000,320,707,387,1027,13,1.3670717298861021,0.23383328069416567
131,1553852750,131,127,-4,258,13,0.10380038779745633,-0.8641836433189859
131,1553853070,113,340,227,453,13,0.8501320502590349,-0.5857528238358071
131,1553854649,55,100,45,155,13,0.2621131646832457,-1.0112522300203572
131,1553857427,79,118,39,197,13,0.24272792669723067,-0.9512825150547496
131,1553864400,616,877,261,1493,13,0.9599817321797867,0.899211546741147
131,1553878800,804,686,-118,1490,13,-0.26451913393682913,0.8949279956721751
131,1553893200,774,551,-223,1325,13,-0.6037607986920921,0.6593326868787159
131,1553907600,274,132,-142,406,13,-0.34206008588088926,-0.6528617905830347
131,1553922000,32,16,-16,48,13,0.06502991182542628,-1.1640322181470246
131,1553936400,59,182,123,241,13,0.5141212585014411,-0.8884570993764939
131,1553950800,329,401,72,730,13,0.3493467356203133,-0.1902382751340606
131,1553965200,465,325,-140,790,13,-0.3355983398855509,-0.10456725375462096
131,1553979600,349,278,-71,627,13,-0.11266810304637812,-0.337306861835432
131,1553994000,204,121,-83,325,13,-0.15143857901840815,-0.7685176694452783
131,1554008400,29,23,-6,52,13,0.09733864180211799,-1.1583208167217287
131,1554022800,39,103,64,142,13,0.32349975163895994,-1.0298142846525693
131,1554037200,194,243,49,437,13,0.2750366566739224,-0.608598429536991
131,1554051600,283,260,-23,543,13,0.04241380084174209,-0.45724629176664755
131,1554066000,219,219,0,438,13,0.11672387978813302,-0.607170579180667
131,1554080400,142,72,-70,214,13,-0.10943723004870894,-0.9270090589972416
131,1554094800,18,17,-1,35,13,0.11349300679046385,-1.1825942727792367
131,1554104906,45,37,-8,82,13,0.09087689580677966,-1.115485306032009
131,1554109200,372,752,380,1124,13,1.344455618902418,0.3723347652575931
131,1554123600,522,1067,545,1589,13,1.8775496635178313,1.0362851809482505
131,1554138000,856,752,-104,1608,13,-0.21928691196946076,1.0634143377184064
131,1554152400,1202,616,-586,1818,13,-1.7765676968460011,1.3632629125464453
131,1554166800,297,119,-178,416,14,-0.4388069798608341,-0.5048715452523248
131,1554181200,17,22,5,39,14,-0.11357357125809822,-0.8057649526418652
131,1554195600,389,736,347,1125,14,0.4942396841634081,0.060999610819781704
131,1554210000,573,1021,448,1594,14,0.6737400900042623,0.4353205871213585
131,1554224400,2367,5530,3163,7897,14,5.498924266815344,5.465907183344895
131,1554238800,1364,741,-623,2105,14,-1.229675104605192,0.843162844882778
131,1554253200,400,109,-291,509,14,-0.639634166593671,-0.43064585059124455
131,1554267600,21,19,-2,40,14,-0.12601419344508813,-0.8049668268928214
131,1554282000,377,739,362,1116,14,0.5208981602783864,0.05381647907838684
131,1554296400,538,1170,632,1708,14,1.0007507303479968,0.5263069225123601
131,1554310800,911,728,-183,1639,14,-0.4476931385658269,0.47123624582833284
131,1554325200,1182,721,-461,1903,14,-0.9417635625634256,0.6819414435759156
131,1554339600,322,99,-223,421,14,-0.5187824082057692,-0.5008809165071054
131,1554354000,17,23,6,40,14,-0.11179633951709966,-0.8049668268928214
131,1554368400,377,747,370,1124,14,0.5351160142063749,0.06020148507073783
131,1554382800,560,1080,520,1640,14,0.8017007753561584,0.4720343715773767
131,1554397200,809,751,-58,1560,14,-0.22553917094100728,0.4081843116538668
131,1554411600,1221,723,-498,1944,14,-1.0075211369803723,0.7146645992867143
131,1554426000,361,146,-215,507,14,-0.5045645542777807,-0.4322421020893323
131,1554440400,28,21,-7,49,14,-0.1349003521500809,-0.7977836951514266
131,1554454800,325,656,331,981,14,0.4658039763074312,-0.05393049704253612
131,1554469200,849,879,30,1728,14,-0.0691427777331343,0.5422694374932376
131,1554483600,1005,600,-405,1605,14,-0.8422385850675065,0.44409997036084115
131,1554498000,856,591,-265,1447,14,-0.5934261413277085,0.3179961020119091
131,1554512400,244,135,-109,379,14,-0.3161779897319337,-0.5344021979669481
131,1554526800,32,19,-13,51,14,-0.14556374259607224,-0.7961874436533387
131,1554541200,86,236,150,322,14,0.14412503118669248,-0.5798953656624489
131,1554555600,270,389,119,659,14,0.08903084721573723,-0.31092698823466347
131,1554570000,482,403,-79,885,14,-0.262861037501977,-0.130550568950748
131,1554584400,330,274,-56,604,14,-0.22198470745901017,-0.35482390443207656
131,1554598800,186,123,-63,309,14,-0.23442532964600007,-0.5902710004000193
131,1554613200,37,15,-22,52,14,-0.16155882826505927,-0.7953893179042949
131,1554627600,50,108,58,158,14,-0.019380288985174726,-0.7107879885056443
131,1554642000,176,260,84,436,14,0.02682773628078775,-0.48890903027144733
131,1554656400,281,298,17,579,14,-0.09224679036611555,-0.37477704815817336
131,1554670800,222,203,-19,425,14,-0.1562271330420636,-0.49768841351092996
131,1554685200,126,65,-61,191,14,-0.23087086616400296,-0.6844498387871965
131,1554699600,12,21,9,33,14,-0.106464644294104,-0.8105537071361285
131,1554714000,349,751,402,1100,14,0.5919874299183288,0.04104646709368486
131,1554728400,512,963,451,1475,14,0.679071785227258,0.34034362298513754
131,1554742800,865,625,-240,1490,14,-0.5489953478027446,0.35231550922079563
131,1554757200,1147,608,-539,1755,14,-1.0803876383613131,0.5638188327174222
131,1554771600,303,113,-190,416,15,-0.562923287291338,-0.7409218853777817
131,1554786000,255,101,-154,356,15,-0.4329808926757826,-0.834516396958207
131,1554800400,369,598,229,967,15,0.9494618055952646,0.11858771263579077
131,1554814800,606,1005,399,1611,15,1.5630786690576095,1.1231688035990224
131,1554829200,862,726,-136,1588,15,-0.36800969536800493,1.0872909074931927
131,1554843600,1259,697,-562,1956,15,-1.90566136498541,1.6613372451864683
131,1554858000,342,129,-213,471,15,-0.6459420394068317,-0.6551269164290585
131,1554872400,27,19,-8,46,15,0.09400770770952524,-1.3180880401237378
131,1554883364,169,283,114,452,15,0.5343680450177962,-0.6847651784295266
131,1554886800,368,774,406,1142,15,1.588345245788412,0.3915717047453646
131,1554901200,546,1055,509,1601,15,1.960124874827362,1.1075697183356183
131,1554915600,936,756,-180,1692,15,-0.526828177675906,1.2495213942325967
131,1554930000,1315,810,-505,2125,15,-1.6999192401774474,1.9249617861379995
131,1554944400,339,110,-229,449,15,-0.7036942147915229,-0.6894449040085477
131,1554958800,23,34,11,57,15,0.16258841597884613,-1.300929046333993
131,1554973200,356,756,400,1112,15,1.5666881800191526,0.34477444895515197
131,1554987600,617,1057,440,1674,15,1.7110686184808808,1.221443040758469
131,1555002000,893,750,-143,1643,15,-0.39327627209880733,1.1730858764419159
131,1555016400,1251,696,-555,1947,15,-1.8803947882546075,1.6472980684494043
131,1555030800,412,107,-305,519,15,-0.9780170478688066,-0.5802513071647183
131,1555045200,34,30,-4,64,15,0.10844575155569806,-1.2900096866496102
131,1555058761,277,456,179,733,15,0.7689862575181046,-0.24643088252786796
131,1555059576,50,53,3,103,15,0.13371232828650048,-1.2291732541223337
131,1555059600,487,641,154,1128,15,0.6787484834795244,0.3697329853765987
131,1555074000,554,864,310,1418,15,1.2418321934802643,0.822106458015321
131,1555088400,962,564,-398,1526,15,-1.3137015672923247,0.9905765788600867
131,1555102800,900,551,-349,1451,15,-1.1368355301767077,0.873583439384555
131,1555117200,267,95,-172,362,15,-0.4979520899835603,-0.8251569458001645
131,1555131600,49,19,-30,68,15,0.014598466555574738,-1.2837700525442486
131,1555146000,79,206,127,285,15,0.5812916875178579,-0.9452699023283769
131,1555160400,320,420,100,740,15,0.48383489155619136,-0.235511522843485
131,1555174800,542,429,-113,971,15,-0.28499094325251123,0.12482734674115245
131,1555189200,405,377,-28,782,15,0.02181748847866115,-0.1699953647371873
131,1555203600,194,110,-84,304,15,-0.18031512536775832,-0.915631640327909
131,1555218000,47,40,-7,87,15,0.09761721867106844,-1.2541317905437805
131,1555232400,61,114,53,175,15,0.31418787636366075,-1.1168598402258234
131,1555246800,273,324,51,597,15,0.3069688544405743,-0.45857844211016535
131,1555261200,418,330,-88,748,15,-0.19475316921393113,-0.22303225463276163
131,1555275600,322,281,-41,603,15,-0.025106154021400512,-0.4492189909521228
131,1555290000,140,61,-79,201,15,-0.1622675705600423,-1.0763022185409723
131,1555304400,15,14,-1,29,15,0.11927428444032767,-1.344606485071525
131,1555318800,352,543,191,895,15,0.8123003890566229,0.0062742987392803914
131,1555333200,542,905,363,1447,15,1.4331362744420542,0.8673438052791933
131,1555347600,902,635,-267,1537,15,-0.8408556313301647,1.0077355726498312
131,1555362000,1373,643,-730,2016,15,-2.5120592065246683,1.7549317567668936
131,1555376400,314,118,-196,432,16,-0.6831132948233607,-0.599844838289344
131,1555390800,18,18,0,36,16,0.029971747401582902,-1.2319966156577615
131,1555405200,368,754,386,1122,16,1.4343126979058085,0.5016317434889596
131,1555419600,564,1135,571,1699,16,2.1073776612303723,1.422721580715164
131,1555434000,883,699,-184,1582,16,-0.6394550269320376,1.235949464674495
131,1555448400,1368,714,-654,2082,16,-2.349403852675525,2.0341209007457297
131,1555462800,346,118,-228,464,16,-0.7995353425335555,-0.548761866380785
131,1555477200,20,19,-1,39,16,0.026333558410639314,-1.2272075870413341
131,1555491600,373,756,383,1129,16,1.4233981309329777,0.5128061435939568
131,1555506000,564,1095,531,1659,16,1.9618501015926288,1.3588678658294653
131,1555520400,868,683,-185,1551,16,-0.6430932159229812,1.1864628356380786
131,1555534800,1325,734,-591,2059,16,-2.120197946246079,1.9974050146864528
131,1555549200,339,136,-203,475,16,-0.7085806177599658,-0.5312020947872178
131,1555563600,23,20,-3,43,16,0.019057180428752134,-1.2208222155527644
131,1555578000,337,649,312,986,16,1.165086712575983,0.28452911287758376
131,1555592400,601,996,395,1597,16,1.4670563988243008,1.2598946077566322
131,1555606800,959,756,-203,1715,16,-0.7085806177599658,1.4482630666694436
131,1555621200,1293,671,-622,1964,16,-2.23298180496533,1.8457524418329183
131,1555635600,328,136,-192,464,16,-0.6685605388595863,-0.548761866380785
131,1555650000,31,25,-6,56,16,0.008142613455921365,-1.2000697582149122
131,1555664400,189,528,339,717,16,1.26331781533146,-0.14488711972874035
131,1555678800,383,655,272,1038,16,1.0195591529382393,0.36753894222899214
131,1555693200,647,534,-113,1181,16,-0.3811436085750427,0.5958159729453651
131,1555707600,514,392,-122,906,16,-0.413887309493535,0.15682168310618624
131,1555722000,207,126,-81,333,16,-0.2647215608648479,-0.7578827826314484
131,1555736400,24,15,-9,39,16,-0.0027719535169094048,-1.2272075870413341
131,1555750800,66,151,85,217,16,0.33921781163178805,-0.9430585557999748
131,1555765200,217,257,40,474,16,0.1754993070393265,-0.5327984376593603
131,1555779600,328,269,-59,597,16,-0.18468140306408887,-0.3364482643858366
131,1555794000,219,204,-15,423,16,-0.024601087462570944,-0.6142119241386261
131,1555808400,398,355,-43,753,16,-0.12647037920899146,-0.08741877633161148
131,1555822800,36,14,-22,50,16,-0.050068410399176075,-1.209647815447767
131,1555837200,43,81,38,124,16,0.16822292905743932,-1.0915184429092244
131,1555851600,167,238,71,405,16,0.28828316575857776,-0.6429460958371906
131,1555866000,221,237,16,458,16,0.08818277125668034,-0.5583399236136397
131,1555880400,180,163,-17,343,16,-0.031877465444458124,-0.7419193539100237
131,1555894800,101,78,-23,179,16,-0.05370659939011966,-1.0037195849413885
131,1555909200,14,20,6,34,16,0.05180088134724444,-1.2351893014020465
131,1555923600,313,568,255,881,16,0.9577099400921983,0.11691311130262454
131,1555938000,397,663,266,1060,16,0.9977300189925778,0.4026584854161264
131,1555952400,620,508,-112,1128,16,-0.3775054195840991,0.5112098007218143
131,1555966800,930,502,-428,1432,16,-1.5271731407222735,0.9964980338531249
131,1555981200,868,152,-716,1020,17,-2.9542204948164503,0.5822824595989565
131,1555995600,18,24,6,42,17,0.064627265986108,-1.2615778411287029
131,1556010000,373,663,290,1036,17,1.2520964682962556,0.6124478632918425
131,1556024400,438,735,297,1173,17,1.2813650753954493,0.8707391324121794
131,1556038800,611,469,-142,1080,17,-0.5541947126825605,0.6954027234472792
131,1556053200,844,556,-288,1400,17,-1.1646542321800306,1.298710797305
131,1556067600,251,103,-148,354,17,-0.5792820901961551,-0.6733524691174251
131,1556082000,24,24,0,48,17,0.039539888472513336,-1.2502658147438708
131,1556096400,362,619,257,981,17,1.1141158919714849,0.5087542880975469
131,1556110800,424,754,330,1178,17,1.41934565172022,0.8801658210662062
131,1556125200,631,539,-92,1170,17,-0.3451332334026049,0.8650831192197632
131,1556139600,853,571,-282,1424,17,-1.139566854666436,1.343958902844329
131,1556154000,227,109,-118,336,17,-0.4538452026281818,-0.7072885482719219
131,1556168400,24,23,-1,47,17,0.035358658886914224,-1.252151152474676
131,1556182800,325,640,315,965,17,1.3566272079362334,0.47858888440466074
131,1556197200,430,745,315,1175,17,1.3566272079362334,0.8745098078737901
131,1556211600,643,588,-55,1231,17,-0.19042773873543778,0.9800887207988913
131,1556226000,911,508,-403,1419,17,-1.6454956345239284,1.3345322141903022
131,1556240400,236,128,-108,364,17,-0.4120329067721907,-0.6544990918093713
131,1556254800,26,26,0,52,17,0.039539888472513336,-1.2427244638206492
131,1556265875,117,103,-14,220,17,-0.01899732572587422,-0.9259877250453457
131,1556269200,261,638,377,899,17,1.6158634422433782,0.3541565941715058
131,1556283600,447,765,318,1212,17,1.3691708966930307,0.944267303913589
131,1556298000,607,522,-85,1129,17,-0.3158646263034111,0.7877842722567427
131,1556312400,774,477,-297,1251,17,-1.2022852984504226,1.0177954754149987
131,1556326800,207,123,-84,330,17,-0.311683396717812,-0.7186005746567542
131,1556341200,33,19,-14,52,17,-0.01899732572587422,-1.2427244638206492
131,1556355600,74,205,131,279,17,0.587280964185997,-0.8147527989278284
131,1556370000,242,283,41,525,17,0.2109703014820769,-0.3509597171497055
131,1556384400,472,338,-134,810,17,-0.5207448759977675,0.1863615361298272
131,1556398800,297,281,-16,578,17,-0.027359784897072442,-0.25103681741702044
131,1556413200,158,109,-49,267,17,-0.16534036122184312,-0.837376851697493
131,1556427600,41,22,-19,63,17,-0.03990347365386977,-1.22198574878179
131,1556442000,34,103,69,137,17,0.328044729878852,-1.082470756702192
131,1556456400,226,229,3,455,17,0.052083577229310674,-0.4829333583060819
131,1556470800,270,271,1,541,17,0.04372111805811245,-0.3207943134568194
131,1556485200,219,217,-2,436,17,0.031177429301315115,-0.5187547751913841
131,1556499600,139,51,-88,190,17,-0.32840831506020846,-0.9825478569695071
131,1556514000,14,26,12,40,17,0.08971464349970268,-1.2653485165903138
131,1556524563,176,258,82,434,17,0.3824007144916405,-0.5225254506529948
131,1556526005,50,131,81,181,17,0.37821948490604135,-0.9995158965467554
131,1556526068,8,3,-5,11,17,0.01863374054451778,-1.3200233107836696
131,1556528400,350,737,387,1087,17,1.6576757380993694,0.7086000875629168
131,1556542800,557,908,351,1465,17,1.5071514730178013,1.4212577498073498
131,1556557200,979,665,-314,1644,17,-1.2733662014056075,1.7587332036215122
131,1556571600,1303,679,-624,1982,17,-2.5695473729413325,2.39597735663373
131,1556586000,301,102,-199,403,18,-0.2730894137845821,-0.7803374303563407
131,1556600400,23,24,1,47,18,0.1879094048043921,-1.2510219199054848
131,1556614800,409,783,374,1192,18,1.047672201472829,0.262836901818588
131,1556629200,574,1107,533,1681,18,1.4141662622510636,0.9093670012273841
131,1556643600,995,677,-318,1672,18,-0.5473837108450218,0.8974676742444001
131,1556658000,1390,749,-641,2139,18,-1.2918968028662152,1.5149105299170131
131,1556672400,364,83,-281,447,18,-0.4620989294060616,-0.7221629428839746
131,1556686800,27,24,-3,51,18,0.17868942843261262,-1.2457333301352698
131,1556700213,300,556,256,856,18,0.7756828985053342,-0.18140463887948055
131,1556700294,7,33,26,40,18,0.24553425712801388,-1.2602769520033612
131,1556701200,376,734,358,1110,18,1.0107922959857112,0.1544208115291784
131,1556715600,573,1153,580,1726,18,1.5225009846194726,0.968863636142304
131,1556730000,1016,825,-191,1841,18,-0.25464946104102315,1.120910592035988
131,1556744400,1404,815,-589,2219,18,-1.172037110033082,1.6206823253213152
131,1556758800,371,134,-237,505,18,-0.3606791893164873,-0.6454783912158557
131,1556773200,21,37,16,58,18,0.22248431619856515,-1.2364782980373932
131,1556787600,381,716,335,1097,18,0.957777431847979,0.1372328947759793
131,1556802000,628,1115,487,1743,18,1.3081365339755995,0.9913401426657181
131,1556816400,996,792,-204,1788,18,-0.2846143842493065,1.050836777580638
131,1556830800,1340,794,-546,2134,18,-1.0729223640364525,1.5082997927042443
131,1556845200,403,110,-293,513,18,-0.48975885852140005,-0.6349012116754255
131,1556859600,2415,361,-2054,2776,18,-4.548853456197318,2.357118450823768
131,1556874000,340,618,278,958,18,0.8263927685501213,-0.04654559973899546
131,1556888400,971,970,-1,1941,18,0.18329941661850235,1.2531253362913657
131,1556902800,1078,549,-529,1627,18,-1.0337374644563897,0.8379710393294802
131,1556917200,977,555,-422,1532,18,-0.7871030965112884,0.7123670322868716
131,1556931600,345,106,-239,451,18,-0.365289177502377,-0.7168743531137596
131,1556946000,34,24,-10,58,18,0.1625544697819985,-1.2364782980373932
131,1556960400,86,196,110,282,18,0.439153760935383,-0.9403172709053476
131,1556974800,292,396,104,688,18,0.4253237963777138,-0.4035254092285148
131,1556989200,433,342,-91,775,18,-0.02415005174653605,-0.28849858172633636
131,1557003600,364,247,-117,611,18,-0.0840798981631027,-0.5053307623051555
131,1557018000,234,90,-144,324,18,-0.14631473867261421,-0.884787078318089
131,1557032400,42,38,-4,80,18,0.17638443433966774,-1.2073910543012103
131,1557046800,47,122,75,169,18,0.3584789676823125,-1.0897199319139241
131,1557061200,185,273,88,458,18,0.38844389089059583,-0.7076193210158831
131,1557075600,286,299,13,585,18,0.21556933391973054,-0.5397065958115537
131,1557090000,263,201,-62,464,18,0.04269477694886521,-0.6996864363605605
131,1557104400,121,75,-46,196,18,0.07957468243598315,-1.0540219509649722
131,1557118800,16,22,6,38,18,0.19943437526911645,-1.2629212468884687
131,1557133200,361,710,349,1071,18,0.9900473491492072,0.10285706126958115
131,1557147600,568,1130,562,1698,18,1.4810110909464649,0.9318435077507983
131,1557162000,987,711,-276,1698,18,-0.4505739589413372,0.9318435077507983
131,1557176400,1278,681,-597,1959,18,-1.190477062776641,1.2769239902573337
131,1557190800,311,92,-219,403,19,-0.4413782440430414,-0.7346116183021777
131,1557205200,26,24,-2,50,19,0.2227659389201878,-1.1914444631051677
131,1557219600,407,731,324,1138,19,1.2205124995008914,0.21658424835560622
131,1557234000,742,870,128,1612,19,0.6206403342437813,0.8300085215471567
131,1557248400,971,665,-306,1636,19,-0.707648031682677,0.8610679784176148
131,1557262800,1353,627,-726,1980,19,-1.9930883858050559,1.306253526894183
131,1557277200,392,161,-231,553,19,-0.4781051113036808,-0.5404900128618136
131,1557291600,21,14,-7,35,19,0.20746307756158805,-1.2108566236492042
131,1557306000,384,683,299,1067,19,1.1439981927078926,0.12470002178050058
131,1557320400,718,951,233,1669,19,0.942000422774376,0.903774731614495
131,1557334800,1031,692,-339,1723,19,-0.8086469166494353,0.973658509573026
131,1557349200,1423,659,-764,2082,19,-2.109390132130414,1.4382562185936307
131,1557363600,350,108,-242,458,19,-0.5117714062926002,-0.6634336963073775
131,1557378000,19,19,0,38,19,0.2288870834636277,-1.2069741915403969
131,1557392400,385,779,394,1164,19,1.434752558521288,0.2502319932986027
131,1557406800,960,1297,337,2257,19,1.2602999390332508,1.6647314249407221
131,1557421200,983,1417,434,2400,19,1.557175449390086,1.8497940221272025
131,1557435600,1368,651,-717,2019,19,-1.9655432353595763,1.3567251443086779
131,1557450000,340,132,-208,472,19,-0.40771194905412195,-0.6453156797996101
131,1557464400,30,28,-2,58,19,0.2227659389201878,-1.181091310815015
131,1557478800,357,612,255,969,19,1.0093330127522149,-0.002126093773870612
131,1557493200,867,1022,155,1889,19,0.7032757855802199,1.1884864195936955
131,1557507600,1013,562,-451,1575,19,-1.1514310110820698,0.7821251922052002
131,1557522000,860,507,-353,1367,19,-0.8514949284535146,0.5129432326612287
131,1557536400,260,118,-142,378,19,-0.2057141791206052,-0.766965219208905
131,1557550800,38,38,0,76,19,0.2288870834636277,-1.1577967181621713
131,1557565200,85,214,129,299,19,0.6237009065155011,-0.8692025980741633
131,1557579600,317,404,87,721,19,0.4951568711032633,-0.32307381476860586
131,1557594000,430,352,-78,782,19,-0.009837553730528392,-0.24413102855619112
131,1557608400,316,239,-77,555,19,-0.006776981458808441,-0.5379017247892754
131,1557622800,193,98,-95,291,19,-0.06186728234976754,-0.8795557503643161
131,1557637200,40,16,-24,56,19,0.1554333489423489,-1.1836795988875533
131,1557651600,46,99,53,145,19,0.391097413864785,-1.0685007796596038
131,1557666000,171,230,59,401,19,0.4094608474951047,-0.7371999063747158
131,1557680400,261,241,-20,502,19,0.1676756380292287,-0.6064913587115374
131,1557694800,208,144,-64,352,19,0.03301045807355091,-0.8006129641519014
131,1557709200,115,47,-68,162,19,0.020768168986671106,-1.0465003310430292
131,1557723600,20,15,-5,35,19,0.21358422210502795,-1.2108566236492042
131,1557738000,394,660,266,1054,19,1.0429993077411344,0.10787614930900236
131,1557752400,875,1273,398,2148,19,1.4469948476081678,1.523669724987391
131,1557766800,1378,720,-658,2098,19,-1.7849694713280992,1.4589625231739363
131,1557781200,1496,602,-894,2098,19,-2.5072645274540073,1.4589625231739363
131,1557795600,347,89,-258,436,20,-0.5404313766971021,-0.7906715229826998
131,1557810000,20,20,0,40,20,0.31546379718978584,-1.3922333251072436
131,1557824400,425,715,290,1140,20,1.2775165120238845,0.2787716807942668
131,1557838800,717,899,182,1616,20,0.9192348113270478,1.0018611197116476
131,1557853200,1026,1228,202,2254,20,0.9855832744190546,1.9710440231345234
131,1557867600,1524,821,-703,2345,20,-2.0166846804942535,2.1092817099863757
131,1557882000,399,111,-288,510,20,-0.6399540713351123,-0.6782584589493255
131,1557896400,32,24,-8,56,20,0.28892441195298313,-1.3679277977486761
131,1557910800,386,700,314,1086,20,1.3571346677342928,0.19674052595910171
131,1557925200,523,997,474,1520,20,1.8879223724703473,0.856027955560243
131,1557939600,945,674,-271,1619,20,-0.5835578777069065,1.006418406091379
131,1557954000,1232,665,-567,1897,20,-1.5655151314686073,1.428726943946488
131,1557968400,410,118,-292,528,20,-0.6532237639535137,-0.6509147406709371
131,1557982800,32,21,-11,53,20,0.2789721424891821,-1.3724850841284075
131,1557997200,390,687,297,1077,20,1.300738474106087,0.18306866681990752
131,1558011600,643,971,328,1614,20,1.4035785918986976,0.9988229287918267
131,1558026000,850,630,-220,1480,20,-0.41436929682228907,0.7952641371638245
131,1558040400,1376,667,-709,2043,20,-2.0365892194218556,1.6505148810934156
131,1558054800,555,135,-420,690,20,-1.0778539277423573,-0.404821276165442
131,1558069200,62,23,-39,85,20,0.18608429416037256,-1.3238740294112727
131,1558083600,468,574,106,1042,20,0.6671106515774219,0.1299003257230413
131,1558098000,781,798,17,1579,20,0.37185999081799165,0.9456545876949605
131,1558112400,1099,572,-527,1671,20,-1.4328182052845937,1.0854113700067232
131,1558126800,1137,466,-671,1603,20,-1.9105271395470427,0.9821128787328116
131,1558141200,485,144,-341,629,20,-0.8157774985289303,-0.4974860992199803
131,1558155600,64,17,-47,81,20,0.15954490892356984,-1.3299504112509146
131,1558170000,118,233,115,351,20,0.6969674599688249,-0.9197946370750892
131,1558184400,418,414,-4,832,20,0.3021941045713845,-0.18910972085815614
131,1558198800,713,415,-298,1128,20,-0.6731283028811157,0.2605425352753412
131,1558213200,575,318,-257,893,20,-0.5371139535425017,-0.09644489780361783
131,1558227600,371,128,-243,499,20,-0.49067002937809695,-0.6949685090083406
131,1558242000,58,18,-40,76,20,0.18276687100577224,-1.337545888550467
131,1558256400,69,158,89,227,20,0.6107144579492161,-1.1081624741039868
131,1558270800,303,316,13,619,20,0.35859029819959026,-0.5126770538190849
131,1558285200,411,332,-79,743,20,0.05338736797635894,-0.3243092167901874
131,1558299600,365,235,-130,600,20,-0.11580121290825843,-0.5415398675573838
131,1558314000,174,63,-111,237,20,-0.05277017297085195,-1.0929715195048821
131,1558328400,27,18,-9,45,20,0.2856069887983828,-1.3846378478076913
131,1558340413,165,411,246,576,20,1.1315498932214696,-0.5779981585952348
131,1558342800,375,569,194,944,20,0.9590438891822519,-0.01897102934818417
131,1558357200,544,918,374,1462,20,1.5561800570103133,0.7679204188854362
131,1558371600,817,633,-184,1450,20,-0.2949420632566768,0.7496912733665105
131,1558386000,1178,575,-603,1753,20,-1.6849423650342195,1.2099771977193812
131,1558400400,274,105,-169,379,21,-0.6896469096817882,-0.5136121689798795
131,1558414800,36,23,-13,59,21,0.07486641686596976,-1.125326377204253
131,1558428523,311,647,336,958,21,1.7852199486939668,0.5932082265260963
131,1558428604,9,19,10,28,21,0.18758312526724177,-1.1845861911259892
131,1558429200,408,631,223,1039,21,1.2314378595920654,0.7480483854828908
131,1558436834,297,192,-105,489,21,-0.3760004167391183,-0.30333540990275115
131,1558443600,565,908,343,1473,21,1.8195250338595714,1.5776857803871973
131,1558454074,234,358,124,592,21,0.7462659408213728,-0.10643989913053092
131,1558454294,379,171,-208,550,21,-0.8807752413187278,-0.18672738895997995
131,1558458000,786,642,-144,1428,21,-0.5671287483760579,1.4916634698556448
131,1558472400,1255,646,-609,1901,21,-2.845966548662644,2.395853533887297
131,1558486800,381,152,-229,533,21,-0.9836904968155413,-0.2192247062718998
131,1558501200,25,25,0,50,21,0.1385758607449496,-1.1425308393105635
131,1558515600,410,687,277,1097,21,1.496077088012443,0.8589215857235585
131,1558530000,594,873,279,1467,21,1.5058785409169013,1.5662161389829903
131,1558544400,920,639,-281,1559,21,-1.2385282723314608,1.7420839738474978
131,1558558800,1040,568,-472,1608,21,-2.1745670247072417,1.8357527119818549
131,1558573200,353,118,-235,471,21,-1.0130948555289168,-0.33774433411537214
131,1558587600,23,21,-2,44,21,0.12877440784049116,-1.1540004807147706
131,1558602000,371,603,232,974,21,1.2755443976621281,0.623793936937315
131,1558616400,510,719,209,1229,21,1.1628276892608562,1.1112536966161126
131,1558630800,806,565,-241,1371,21,-1.042499214242292,1.3827018765156782
131,1558645200,916,491,-425,1407,21,-1.9442328814524683,1.4515197249409204
131,1558659600,240,137,-103,377,21,-0.3661989638346599,-0.5174353827812819
131,1558674000,21,23,2,44,21,0.14837731364940804,-1.1540004807147706
131,1558688400,283,578,295,861,21,1.5842901641525688,0.40778235715808303
131,1558702800,437,597,160,1034,21,0.9226920931016246,0.738490350979385
131,1558717200,864,516,-348,1380,21,-1.5668769446308184,1.3999063386219888
131,1558731600,528,350,-178,878,21,-0.7337534477518513,0.4402796744700029
131,1558746000,211,110,-101,321,21,-0.35639751093020144,-0.6244853692205472
131,1558760400,38,30,-8,68,21,0.09937004912711585,-1.1081219150979424
131,1558774800,56,154,98,210,21,0.6188470530634129,-0.8366737351983768
131,1558789200,181,251,70,432,21,0.48162671240099486,-0.4122970032427177
131,1558803600,261,245,-16,506,21,0.060164237509282105,-0.2708380925908313
131,1558818000,232,214,-18,446,21,0.050362784604823664,-0.38553450663290134
131,1558832400,148,97,-51,245,21,-0.11136118831874053,-0.7697674936738359
131,1558846800,36,13,-23,49,21,0.025859152343677576,-1.1444424462112648
131,1558861200,50,83,33,133,21,0.30029983366851376,-0.9838674665523667
131,1558875600,172,159,-13,331,21,0.07486641686596976,-0.6053693002135355
131,1558890000,292,199,-93,491,21,-0.31719169931236774,-0.2995121961013488
131,1558904400,189,183,-6,372,21,0.10917150203157429,-0.5269934172847878
131,1558918800,112,65,-47,177,21,-0.09175828250982367,-0.8997567629215153
131,1558933200,21,18,-3,39,21,0.12387368138826194,-1.1635585152182764
131,1558947600,43,121,78,164,21,0.5208325240188286,-0.9246076526306305
131,1558962000,160,186,26,346,21,0.2659947485029093,-0.576695196703018
131,1558976400,217,212,-5,429,21,0.11407222848380351,-0.4180318239448212
131,1558990800,190,212,22,402,21,0.2463918426939924,-0.4696452102637527
131,1559005200,96,59,-37,155,22,-0.05774031816494396,-1.1563664292059057
131,1559019600,16,20,4,36,22,0.14394087428948507,-1.3896090706834114
131,1559034000,363,633,270,996,22,1.4524090985060245,0.4920122387149547
131,1559048400,447,720,273,1167,22,1.4671662589295194,0.8271760344515386
131,1559062800,686,513,-173,1199,22,-0.7267315906967086,0.8898967447648175
131,1559077200,898,531,-367,1429,22,-1.6810279647493727,1.3407018501415093
131,1559091600,220,81,-139,301,22,-0.5594837725637674,-0.8702031884015707
131,1559106000,24,23,-1,47,22,0.11934560691699372,-1.3680488265132218
131,1559120400,407,712,305,1119,22,1.6245759701134639,0.7330949689816203
131,1559134800,535,771,236,1306,22,1.2851612803730834,1.0996191198748437
131,1559149200,763,520,-243,1283,22,-1.0710653339115874,1.0545386093371745
131,1559163600,994,642,-352,1636,22,-1.6072421626318987,1.746426444980532
131,1559178000,253,81,-172,334,22,-0.7218125372222103,-0.8055224558910019
131,1559192400,26,21,-5,47,22,0.09966939301900064,-1.3680488265132218
131,1559206800,396,577,181,973,22,1.0146133392756786,0.4469317281772855
131,1559221200,456,828,372,1284,22,1.954152552904848,1.0564986315344644
131,1559235600,773,498,-275,1271,22,-1.228475045095532,1.031018342969695
131,1559250000,998,571,-427,1569,22,-1.9761711732192688,1.6151049577621044
131,1559264400,226,122,-104,348,22,-0.387316900956328,-0.7780821451289425
131,1559278800,23,24,1,47,22,0.12918371386599026,-1.3680488265132218
131,1559293200,315,641,326,956,22,1.7278760930779276,0.4136113508233561
131,1559307600,504,715,211,1219,22,1.1621849435106266,0.9290971887106169
131,1559322000,694,521,-173,1215,22,-0.7267315906967086,0.921257099921457
131,1559336400,723,422,-301,1145,22,-1.356370435432487,0.7840555461111595
131,1559350800,249,193,-56,442,22,-0.15120233418041107,-0.5938400585836857
131,1559365200,51,23,-28,74,22,-0.01346883689445954,-1.3151282271863927
131,1559379600,111,187,76,298,22,0.4981127244533604,-0.8760832549934406
131,1559394000,353,304,-49,657,22,-0.11676895985892319,-0.17243528616634332
131,1559408400,439,298,-141,737,22,-0.5693218795127639,-0.015633510383146157
131,1559422800,330,301,-29,631,22,-0.01838789036895781,-0.2233958632958824
131,1559437200,153,149,-4,302,22,0.10458844649349891,-0.8682431662042808
131,1559451600,31,24,-7,55,22,0.08983128607000411,-1.352368648934902
131,1559466000,60,99,39,159,22,0.3161077458969245,-1.1485263404167458
131,1559480400,280,269,-11,549,22,0.07015507217201103,-0.38411768347365954
131,1559494800,433,290,-143,723,22,-0.5791599864617605,-0.043073821145205665
131,1559509200,274,183,-91,457,22,-0.3233692057878505,-0.5644397256243363
131,1559523600,141,74,-67,215,22,-0.20531192239989204,-1.0387650973685076
131,1559538000,19,28,9,47,22,0.1685361416619764,-1.3680488265132218
131,1559552400,385,652,267,1037,22,1.4376519380825297,0.5723731488038433
131,1559566800,441,700,259,1141,22,1.3982995102865436,0.7762154573219996
131,1559581200,639,511,-128,1150,22,-0.5053741843442865,0.7938556570976093
131,1559595600,950,583,-367,1533,22,-1.6810279647493727,1.5445441586596658
131,1559610000,173,101,-72,274,23,-0.27542953250663593,-0.7870200257176388
131,1559624400,25,24,-1,49,23,0.0929243211386976,-1.2190383374764402
131,1559638800,405,614,209,1019,23,1.1824216347375713,0.6434406065503926
131,1559638844,0,0,0,0,23,0.09811240358440652,-1.3131223253705793
131,1559653200,449,772,323,1221,23,1.7738630335483887,1.0312970464405167
131,1559667600,665,507,-158,1172,23,-0.7216046228376034,0.9372130585463776
131,1559682000,962,535,-427,1497,23,-2.117198800733304,1.5612395088646462
131,1559696400,223,112,-111,335,23,-0.47776474788928397,-0.6698950611963638
131,1559710800,26,20,-6,46,23,0.06698390891015299,-1.2247985816332243
131,1559725200,389,660,271,1049,23,1.5040827463715247,0.7010430481182328
131,1559739600,485,724,239,1209,23,1.3380641081088391,1.0082560698133805
131,1559754000,708,534,-174,1242,23,-0.8046139419689462,1.0716187555380048
131,1559768400,947,630,-317,1577,23,-1.5465097317053222,1.7148460197122202
131,1559782800,211,95,-116,306,23,-0.5037051601178286,-0.7255774213786093
131,1559797200,23,20,-3,43,23,0.08254815624727976,-1.2305588257900082
131,1559809741,241,131,-110,372,23,-0.472576665443575,-0.5988520499293608
131,1559811600,347,606,259,953,23,1.4418257570230175,0.5167152351011441
131,1559826000,482,696,214,1178,23,1.208362046966116,0.9487335468599456
131,1559840400,660,549,-111,1209,23,-0.47776474788928397,1.0082560698133805
131,1559854800,915,538,-377,1453,23,-1.8577946784478576,1.4767559278984808
131,1559869200,258,100,-158,358,23,-0.7216046228376034,-0.6257331893276863
131,1559883600,33,20,-13,53,23,0.030667331790190527,-1.2113580119340617
131,1559893850,103,79,-24,182,23,-0.026401575112607628,-0.9636675131923488
131,1559898000,324,637,313,961,23,1.7219822090912995,0.5320758861859016
131,1559912400,464,704,240,1168,23,1.343252190554548,0.9295327330039989
131,1559926800,735,506,-229,1241,23,-1.0899584764829369,1.06969867415241
131,1559941200,719,473,-246,1192,23,-1.1781558780599886,0.9756146862582711
131,1559955600,282,147,-135,429,23,-0.6022787265862981,-0.48940741095046447
131,1559970000,52,27,-25,79,23,-0.03158965755831655,-1.1614358959086
131,1559984400,91,154,63,245,23,0.4249615976640687,-0.8427023858998843
131,1559998800,228,250,22,478,23,0.21225021739000283,-0.3953234230563255
131,1560013200,298,241,-57,539,23,-0.1976082958210021,-0.2781984585350505
131,1560027600,246,271,25,517,23,0.2278144647271296,-0.3204402490181333
131,1560042000,148,95,-53,243,23,-0.1768559660381664,-0.8465425486710737
131,1560056400,36,20,-16,56,23,0.015103084453063756,-1.2055977677772776
131,1560070800,40,73,33,113,23,0.26931912429280097,-1.0961531287983812
131,1560085200,156,177,21,333,23,0.2070621349442939,-0.6737352239675531
131,1560099600,265,246,-19,511,23,-0.00046116288406301375,-0.3319607373317013
131,1560114000,212,211,-1,423,23,0.0929243211386976,-0.5009278992640326
131,1560128400,98,57,-41,155,23,-0.11459897668965932,-1.015509710603405
131,1560142800,14,18,4,32,23,0.11886473336724222,-1.2516797210315498
131,1560157200,375,638,263,1013,23,1.4625780868058533,0.6319201182368246
131,1560171600,476,781,305,1257,23,1.6804775495256281,1.100419976321925
131,1560186000,760,600,-160,1360,23,-0.7319807877290213,1.2981883590381762
131,1560200400,1064,569,-495,1633,23,-2.4699884070415106,1.8223705773055219
131,1560214800,224,87,-137,311,24,-0.4028420692990837,-0.9552355179103938
131,1560229200,25,21,-4,46,24,0.14263525756856696,-1.430528294728813
131,1560243600,378,640,262,1018,24,1.2335899113038682,0.3128097394881811
131,1560258000,471,776,305,1247,24,1.409947242546793,0.7235344409652301
131,1560272400,740,513,-227,1253,24,-0.7719620649238097,0.7342957868554585
131,1560286800,969,607,-362,1576,24,-1.3256420583608988,1.3136149072794183
131,1560301200,248,126,-122,374,24,-0.34132207002829607,-0.842241386062996
131,1560315600,33,16,-17,49,24,0.08931792486721765,-1.425147621783699
131,1560330000,397,697,300,1094,24,1.3894405761231972,0.44912012076440694
131,1560333184,156,144,-12,300,24,0.10982459129081355,-0.9749646520424792
131,1560340989,186,121,-65,307,24,-0.10754607279930288,-0.9624097485038794
131,1560341086,2,4,2,6,24,0.16724325727688205,-1.5022706006636688
131,1560344400,488,809,321,1297,24,1.4755685751022998,0.8132123233837998
131,1560358800,824,600,-224,1424,24,-0.7596580650696522,1.0409941447269666
131,1560373200,1093,582,-511,1675,24,-1.9367407177840563,1.4911771144681862
131,1560387600,266,128,-138,394,24,-0.4069434025838029,-0.8063702330955682
131,1560402000,28,15,-13,43,24,0.10572325800609438,-1.4359089676739272
131,1560416400,352,689,337,1041,24,1.5411899076578066,0.35406156540072314
131,1560430800,507,769,262,1276,24,1.2335899113038682,0.7755476127680005
131,1560445200,783,600,-183,1383,24,-0.5915034003961659,0.9674582811437396
131,1560459600,1026,561,-465,1587,24,-1.7480793866869742,1.3333440414115036
131,1560474000,295,140,-155,435,24,-0.4766660684240289,-0.732834369512341
131,1560488400,29,17,-12,46,24,0.10982459129081355,-1.430528294728813
131,1560502800,346,623,277,969,24,1.295109910574656,0.22492541471798283
131,1560517200,495,639,144,1134,24,0.7496325837070053,0.5208624266992626
131,1560531600,797,490,-307,1287,24,-1.100068727701344,0.7952767469000859
131,1560546000,754,451,-303,1205,24,-1.0836633945624672,0.6482050197336315
131,1561165200,9395,9219,-176,18614,25,-1.1810445079132053,4.21975773727959
131,1561179600,50,28,-22,78,25,-0.2457978962341691,-0.3565441578876185
131,1561194000,74,187,113,261,25,0.5740611464714794,-0.311363792824196
131,1561208400,221,329,108,550,25,0.5436959967416406,-0.2400133802376982
131,1561222800,378,392,14,770,25,-0.02716881817932948,-0.18569818726527773
131,1561237200,267,406,139,673,25,0.7319599250666414,-0.2096462496212995
131,1561251600,172,193,21,365,25,0.01534239144244489,-0.28568751978268814
131,1561266000,41,24,-17,65,25,-0.21543274650433025,-0.359753692017807
131,1561280400,47,103,56,150,25,0.22789843955131675,-0.33876827655118996
131,1561294800,221,280,59,501,25,0.24611752938922005,-0.2521108550361009
131,1561309200,282,383,101,665,25,0.5011847871198662,-0.2116213475475693
131,1561323600,228,350,122,578,25,0.6287184159851894,-0.23310053749575377
131,1561338000,99,129,30,228,25,0.0699996609561548,-0.31951107177005905
131,1561352400,173,85,-88,258,25,-0.6466178726680417,-0.31210445454654717
131,1561362040,80,65,-15,145,25,-0.20328668661239474,-0.3400027127551086
131,1561366800,346,607,261,953,25,1.472869578474709,-0.14051782220185524
131,1561381200,466,756,290,1222,25,1.6489874469077743,-0.07410515443103204
131,1561395600,713,540,-173,1253,25,-1.162825418075302,-0.06645164996673643
131,1561410000,1032,560,-472,1592,25,-2.978661371919664,0.017243124658947843
131,1561424400,291,127,-164,418,26,-0.7860961127591679,-0.575896674313636
131,1561438800,34,25,-9,59,26,-0.03277985632000213,-1.2705710084353101
131,1561451084,268,358,90,626,26,0.4483705268250134,-0.17341126624313952
131,1561451176,5,15,10,20,26,0.05956213640479883,-1.3460370224485283
131,1561453200,394,610,216,1004,26,1.0607437417368513,0.5580285618849743
131,1561467600,464,782,318,1246,26,1.5564744395226249,1.0263048539669943
131,1561482000,680,527,-153,1207,26,-0.7326349590763884,0.9508388399537762
131,1561496400,980,615,-365,1595,26,-1.762977193689957,1.7016289280852792
131,1561510800,248,128,-120,376,26,-0.5722514980280499,-0.6571677663278709
131,1561525200,27,23,-4,50,26,-0.008479331918738722,-1.2879862424383606
131,1561538207,257,439,182,696,26,0.8955001758082601,-0.03795944621941473
131,1561538288,7,0,-7,7,26,-0.02305964655949677,-1.3711923604529344
131,1561538386,5,11,6,16,26,0.0401217168837881,-1.353777126449884
131,1561539600,350,705,355,1055,26,1.7362983200919742,0.6567148879022595
131,1561554000,517,842,325,1359,26,1.5904951736843937,1.2449627920052928
131,1561568400,709,527,-182,1236,26,-0.8735780006037162,1.006954593963605
131,1561582800,1017,605,-412,1622,26,-1.991402123061833,1.7538746300944301
131,1561597200,292,155,-137,447,26,-0.6548732809923455,-0.5197809203038072
131,1561611600,24,16,-8,40,26,-0.02791975143974945,-1.3073365024417498
131,1561626000,334,597,263,931,26,1.2891686711087273,0.41677166386023273
131,1561640400,527,738,211,1265,26,1.036443217335588,1.0630703479734338
131,1561654800,767,586,-181,1353,26,-0.8687178957234635,1.2333526360032592
131,1561669200,1058,612,-446,1670,26,-2.1566456889904244,1.8467558781106985
131,1561683600,310,138,-172,448,26,-0.8249769518011894,-0.5178458943034683
131,1561698000,27,26,-1,53,26,0.006100982722019324,-1.2821811644373438
131,1561712400,316,575,259,891,26,1.2697282515877166,0.3393706238466757
131,1561726800,447,641,194,1088,26,0.9538214343712924,0.720570745913444
131,1561741200,682,541,-141,1223,26,-0.6743137005133563,0.9817992559591989
131,1561755600,713,511,-202,1224,26,-0.9707800982087699,0.9837342819595379
131,1561770000,288,135,-153,423,26,-0.7326349590763884,-0.5662215443119414
131,1561784400,47,24,-23,71,26,-0.10082132464353968,-1.247350696431243
131,1561798800,84,160,76,244,26,0.38032905850147586,-0.912591198372609
131,1561813200,218,278,60,496,26,0.3025673804174329,-0.4249646462871998
131,1561827600,338,314,-24,652,26,-0.10568142952379236,-0.12310059023432744
131,1561842000,245,299,54,544,26,0.27340675113591684,-0.3320833982709314
131,1561856400,148,127,-21,275,26,-0.09110111488303432,-0.8526053923621023
131,1561870800,33,19,-14,52,26,-0.05708038072126555,-1.2841161904376828
131,1561885200,52,89,37,141,26,0.19078496817162124,-1.1118988764075184
131,1561899600,207,546,339,753,26,1.6585366420079313,0.07233703579990401
131,1561914000,493,517,24,1010,26,0.12760360472833637,0.5696387178870078
131,1561928400,396,247,-149,643,26,-0.7131945395553777,-0.14051582423737777
131,1561942800,199,79,-120,278,26,-0.5722514980280499,-0.8468003143610856
131,1561957200,27,21,-6,48,26,-0.018199541679244088,-1.2918562944390384
131,1561971600,322,609,287,931,26,1.405811188234792,0.41677166386023273
131,1561986000,394,769,375,1163,26,1.8335004176970278,0.8656976959388635
131,1562000400,661,499,-162,1160,26,-0.7763759029986625,0.8598926179378467
131,1562014800,968,557,-411,1525,26,-1.9865420181815805,1.5661771080615545
131,1562029200,270,107,-163,377,27,-1.0857128715890512,-0.38622584015743394
131,1562043600,22,27,5,49,27,-0.029019053710675098,-1.1403878378779164
131,1562058000,344,677,333,1021,27,2.034049828813773,1.094506862684001
131,1562063350,186,158,-28,344,27,-0.23658391079392752,-0.46210189480614106
131,1562072400,471,700,229,1171,27,1.3799060367938263,1.4393980201781242
131,1562086800,674,549,-125,1223,27,-0.8466987937356091,1.5589602881094202
131,1562101200,847,597,-250,1444,27,-1.632929312990353,2.0670999268174284
131,1562115600,274,111,-163,385,27,-1.0857128715890512,-0.36783164509108074
131,1562130000,28,23,-5,51,27,-0.09191749525105462,-1.1357892891113281
131,1562144400,281,581,300,862,27,1.826484971730521,0.7289222357402307
131,1562158800,402,693,291,1095,27,1.7698763743441792,1.2646531670477685
131,1562173200,769,648,-121,1417,27,-0.8215394171194572,2.0050195184684863
131,1562187600,667,392,-275,1059,27,-1.790175416841302,1.181879289249179
131,1562202000,214,97,-117,311,27,-0.7963800405033054,-0.5379779494548481
131,1562216400,24,13,-11,37,27,-0.12965656017528235,-1.1679791304774463
131,1562230800,51,127,76,178,27,0.41755988122601956,-0.8437814424329706
131,1562245200,168,152,-16,320,27,-0.1611057809454721,-0.5172844800052008
131,1562259600,207,212,5,419,27,-0.029019053710675098,-0.2896563160590795
131,1562274000,309,154,-155,463,27,-1.0353941183567477,-0.1884882431941367
131,1562288400,109,233,124,342,27,0.7194724006198413,-0.46670044357272933
131,1562302800,27,18,-9,45,27,-0.11707687186720643,-1.149584935411093
131,1562317200,160,345,185,505,27,1.1031528940161563,-0.09191871909578225
131,1562331600,274,357,83,631,27,0.46158879030428523,0.19778985319928116
131,1562346000,464,398,-66,862,27,-0.47559798864736974,0.7289222357402307
131,1562360400,352,287,-65,639,27,-0.46930814449333175,0.2161840482656344
131,1562374800,168,126,-42,294,27,-0.32464172895045884,-0.5770656139708488
131,1562389200,40,17,-23,57,27,-0.20513469002373774,-1.1219936428115633
131,1562403600,70,141,71,211,27,0.3861106604558298,-0.7679053877842635
131,1562418000,127,180,53,307,27,0.27289346568314665,-0.5471750469880248
131,1562432400,240,258,18,498,27,0.05274892029181829,-0.10801363977884132
131,1562446800,207,187,-20,394,27,-0.18626515756162393,-0.34713817564143334
131,1562461200,122,120,-2,242,27,-0.07304796278894077,-0.6966278819021448
131,1562475600,47,18,-29,65,27,-0.24287375494796548,-1.10359944774521
131,1562490000,42,76,34,118,27,0.15338642675642553,-0.9817379054306198
131,1562504400,135,206,71,341,27,0.3861106604558298,-0.4689997179560235
131,1562518800,212,240,28,452,27,0.11564736183219781,-0.2137802614103724
131,1562533200,163,189,26,352,27,0.10306767352412191,-0.4437076997397878
131,1562547600,96,72,-24,168,27,-0.2114245341777757,-0.8667741862659122
131,1562562000,22,23,1,45,27,-0.05417843032682691,-1.149584935411093
131,1562572459,85,268,183,353,27,1.0905732057080804,-0.44140842535649366
131,1562576400,325,606,281,931,27,1.7069779328037997,0.8875721681875274
131,1562590800,410,739,329,1149,27,2.0088904521976216,1.3888139837456528
131,1562605200,673,498,-175,1171,27,-1.1611910014375066,1.4393980201781242
131,1562619600,1000,581,-419,1581,27,-2.6959129750227673,2.3821005173287273
131,1562634000,239,102,-137,341,28,-0.5661257936256443,-0.7464486924484859
131,1562648400,24,16,-8,40,28,-0.001978368600126401,-1.3034762805444517
131,1562662800,381,731,350,1112,28,1.5636400667420083,0.6803561926744034
131,1562677200,450,804,354,1254,28,1.5811330101536523,0.9431399717761547
131,1562691600,742,512,-230,1254,28,-0.9728367279463664,0.9431399717761547
131,1562706000,1027,623,-404,1650,28,-1.733779766352879,1.6759736092711797
131,1562720400,298,94,-204,392,28,-0.8591325957706807,-0.6520686027710962
131,1562734800,25,21,-4,46,28,0.015514574811517561,-1.292372740582406
131,1562749200,382,683,301,1065,28,1.3493515099493698,0.593378462971711
131,1562763600,466,788,322,1254,28,1.4411894628605004,0.9431399717761547
131,1562778000,745,574,-171,1319,28,-0.7148158126246179,1.0634283213649847
131,1562792400,1057,661,-396,1718,28,-1.698793879529591,1.8018137288410323
131,1562806800,233,112,-121,345,28,-0.49615401997906833,-0.7390463324737886
131,1562821200,26,21,-5,47,28,0.011141338958606571,-1.2905221505887317
131,1562835600,367,715,348,1082,28,1.5548935950361862,0.6248384928641743
131,1562850000,439,815,376,1254,28,1.677344198917694,0.9431399717761547
131,1562864400,781,561,-220,1342,28,-0.9291043694172565,1.1059918912194935
131,1562878800,1125,606,-519,1731,28,-2.2367018894376427,1.8258713987587982
131,1562893200,233,127,-106,360,28,-0.43055548218540346,-0.711287482568674
131,1562907600,29,17,-12,46,28,-0.019471312011770363,-1.292372740582406
131,1562922000,309,571,262,880,28,1.178795311685841,0.2510193141419646
131,1562936400,488,687,199,1175,28,0.9032814529524487,0.7969433622758846
131,1562950800,692,451,-241,1143,28,-1.0209423223283873,0.7377244824783069
131,1562965200,717,490,-227,1207,28,-0.9597170203876334,0.8561622420734624
131,1562979600,246,161,-85,407,28,-0.3387175292742727,-0.6243097528659817
131,1562994000,47,32,-15,79,28,-0.03259101957050334,-1.2313032707911538
131,1563008400,81,180,99,261,28,0.4659578676613496,-0.8944958919424303
131,1563022800,219,316,97,535,28,0.4572113959555276,-0.38743423367567065
131,1563037200,296,325,29,621,28,0.15983135795758027,-0.22828349421968042
131,1563051600,259,256,-3,515,28,0.019887810664428553,-0.4244460335491568
131,1563066000,183,131,-52,314,28,-0.19440074612820998,-0.7964146222776921
131,1563080400,48,21,-27,69,28,-0.08506984980543522,-1.2498091707278969
131,1563094800,47,73,26,120,28,0.1467116503988473,-1.1554290810505072
131,1563109200,186,204,18,390,28,0.11172576357555936,-0.6557697827584449
131,1563123600,197,207,10,404,28,0.07673987675227144,-0.6298615228470046
131,1563138000,167,173,6,340,28,0.05924693334062747,-0.7482992824421602
131,1563152400,87,76,-11,163,28,-0.015098076158859374,-1.0758537113225122
131,1563166800,22,17,-5,39,28,0.011141338958606571,-1.305326870538126
131,1563181200,328,650,322,978,28,1.4411894628605004,0.43237713352204654
131,1563195600,427,792,365,1219,28,1.629238604535673,0.878369321997554
131,1563210000,696,501,-195,1197,28,-0.8197734730944817,0.8376563421367194
131,1563224400,979,576,-403,1555,28,-1.7294065304999677,1.5001675598721205
131,1563238800,243,106,-137,349,29,-0.6046786675641991,-0.6731844645683605
131,1563253200,29,22,-7,51,29,-0.02121679535312979,-1.220684445924293
131,1563267600,388,669,281,1057,29,1.2713756600067776,0.6275873032168751
131,1563282000,426,759,333,1185,29,1.5047604088912052,0.8627550804435843
131,1563296400,704,570,-134,1274,29,-0.5912141628208667,1.0262701755465304
131,1563310800,976,650,-326,1626,29,-1.4529424663941384,1.672981562919981
131,1563325200,256,143,-113,399,29,-0.4969626296175402,-0.5813220515891772
131,1563339600,16,18,2,34,29,0.019176718876867317,-1.2519176663372151
131,1563352732,282,545,263,827,29,1.1905886315467833,0.20502020351263187
131,1563352813,5,3,-2,8,29,0.001224045885757489,-1.2996861210863906
131,1563354000,356,571,215,927,29,0.9751565556534655,0.3887450294709985
131,1563368400,415,855,440,1270,29,1.984994411403393,1.0189211825081959
131,1563382800,763,600,-163,1363,29,-0.7213710420064129,1.1897852706494767
131,1563397200,1129,627,-502,1756,29,-2.2428600780029706,1.9118238366658573
131,1563411600,320,108,-212,428,29,-0.9412912861475082,-0.5280418520612509
131,1563426000,22,16,-6,38,29,-0.016728627105352337,-1.2445686732988805
131,1563440400,363,664,301,1027,29,1.3611390249623265,0.572469855429365
131,1563454800,481,801,320,1282,29,1.4464142216700984,1.0409681616231998
131,1563469200,726,622,-104,1348,29,-0.4565691153875431,1.1622265467557218
131,1563483600,1106,629,-477,1735,29,-2.130655871808534,1.8732416232146005
131,1563498000,308,149,-159,457,29,-0.7034183690153031,-0.47476165253332453
131,1563512400,33,18,-15,51,29,-0.05712214133534944,-1.220684445924293
131,1563526800,306,596,290,902,29,1.3117691742367745,0.34281382298140683
131,1563541200,466,596,130,1062,29,0.5936622545923818,0.6367735445147934
131,1563555600,663,499,-164,1162,29,-0.7258592102541904,0.82049837047316
131,1563570000,532,330,-202,862,29,-0.8964096036697338,0.26932389259806017
131,1563584400,179,135,-44,314,29,-0.18727902052089568,-0.7374881536537887
131,1563598800,35,22,-13,57,29,-0.048145804839794526,-1.2096609563667908
131,1563613200,56,155,99,211,29,0.45452903891128055,-0.9267247243909064
131,1563627600,196,243,47,439,29,0.22114429002685285,-0.5078321212058305
131,1563642000,225,268,43,493,29,0.203191617035743,-0.40862071518831256
131,1563656400,217,247,30,464,29,0.14484542981463608,-0.46190091471623884
131,1563670800,146,99,-47,245,29,-0.20074352526422803,-0.8642582835650617
131,1563685200,47,20,-27,67,29,-0.11098016030867891,-1.1912884737709541
131,1563699600,43,86,43,129,29,0.203191617035743,-1.077379081676767
131,1563714000,185,172,-13,357,29,-0.048145804839794526,-0.6584864784916912
131,1563728400,202,253,51,455,29,0.23909696301796268,-0.4784361490524919
131,1563742800,175,205,30,380,29,0.14484542981463608,-0.6162297685212668
131,1563757200,99,62,-37,161,29,-0.15586184278645349,-1.0185871373700897
131,1563771600,16,15,-1,31,29,0.0057122141335349454,-1.2574294111159663
131,1563786000,342,649,307,991,29,1.3880680344489913,0.5063289180843531
131,1563800400,439,788,349,1227,29,1.5765711008556444,0.9399195073460982
131,1563814800,739,500,-239,1239,29,-1.0624718288374997,0.9619664864611023
131,1563829200,1134,604,-530,1738,29,-2.3685287889407394,1.8787533679933515
131,1563843600,245,83,-162,328,30,-0.7625312722150236,-0.7407267025404655
131,1563858000,32,22,-10,54,30,-0.03273603057591687,-1.2613167180370175
131,1563872400,367,635,268,1002,30,1.3020210561061336,0.539848737038644
131,1563879433,255,468,213,723,30,1.0379504094604042,0.009758903741060095
131,1563886800,419,727,308,1146,30,1.4940724354848458,0.8134434897083648
131,1563888395,52,40,-12,92,30,-0.04233859954485248,-1.1891181027491744
131,1563901200,701,474,-227,1175,30,-1.074614763705431,0.8685424329543502
131,1563915600,1017,629,-388,1646,30,-1.8476215657047481,1.7634252698115618
131,1563930000,296,115,-181,411,30,-0.8537556774199119,-0.5830297270433348
131,1563944400,32,26,-6,58,30,-0.01353089263804564,-1.253716863796192
131,1563958800,354,662,308,1016,30,1.4940724354848458,0.5664482268815335
131,1563973200,486,773,287,1259,30,1.393245461311022,1.0281393720116871
131,1563987600,765,543,-222,1308,30,-1.050608341283092,1.1212375864618005
131,1564002000,1055,620,-435,1675,30,-2.073281936474735,1.8185242130575472
131,1564016400,283,125,-158,408,30,-0.7433261342771523,-0.588729617723954
131,1564030800,21,21,0,42,30,0.015276814268761204,-1.2841162807594941
131,1564045200,333,665,332,998,30,1.6093032631120732,0.5322488827978185
131,1564059600,531,799,268,1330,30,1.3020210561061336,1.1630367847863412
131,1564074000,736,555,-181,1291,30,-0.8537556774199119,1.088938205938292
131,1564088400,1013,631,-382,1644,30,-1.8188138587979412,1.759625342691149
131,1564102800,289,150,-139,439,30,-0.6521017290722639,-0.5298307473575558
131,1564117200,33,26,-7,59,30,-0.018332177122513445,-1.2518169002359856
131,1564131600,303,562,259,865,30,1.2588094957459233,0.27955372929036804
131,1564146000,431,653,222,1084,30,1.0811619698206145,0.6956457489755683
131,1564160400,668,524,-144,1192,30,-0.676108151494603,0.9008418134778589
131,1564174800,660,479,-181,1139,30,-0.8537556774199119,0.80014374478692
131,1564189200,215,135,-80,350,30,-0.36882594448866335,-0.6989275042159249
131,1564203600,47,25,-22,72,30,-0.09035144438953056,-1.2271173739533023
131,1564218000,63,155,92,218,30,0.4569949868397995,-0.9497226941631689
131,1564232400,223,260,37,483,30,0.19292434019407007,-0.44623235070847445
131,1564246800,302,285,-17,587,30,-0.06634502196719153,-0.2486361404470095
131,1564261200,240,276,36,516,30,0.18812305570960225,-0.38353355322166344
131,1564275600,146,119,-27,265,30,-0.1143578668118696,-0.8604244068334683
131,1564290000,38,25,-13,63,30,-0.04713988402932029,-1.2442170459951598
131,1564304400,37,86,49,123,30,0.25053975400768375,-1.1302192323827762
131,1564318800,177,223,46,400,30,0.23613590055428033,-0.6039293262056051
131,1564333200,211,285,74,496,30,0.370571866119379,-0.4215328244257913
131,1564347600,187,178,-9,365,30,-0.02793474609144906,-0.670428050812829
131,1564362000,105,50,-55,155,30,-0.2487938323769682,-1.0694203984561717
131,1564376400,14,20,6,34,30,0.04408452117556805,-1.2993159892411454
131,1564390800,341,668,327,1009,30,1.5852968406897343,0.5531484819600888
131,1564405200,442,780,338,1222,30,1.63811097001888,0.9578407202840507
131,1564419600,647,511,-136,1158,30,-0.6376978756188606,0.8362430524308415
131,1564434000,1051,635,-416,1686,30,-1.9820575312698465,1.8394238122198174
131,1564448400,231,76,-155,307,31,-0.5864291079040094,-1.098678297413717
131,1564462800,21,18,-3,39,31,0.009972728068621291,-1.5885028492238666
131,1564477200,358,671,313,1029,31,1.249860755485406,0.22092366679123818
131,1564491600,474,794,320,1268,31,1.2773266295104615,0.6577448156070059
131,1564506000,698,547,-151,1245,31,-0.5707343227468349,0.6157076339218065
131,1564520400,1062,663,-399,1725,31,-1.5438110024916532,1.4930053386564028
131,1564534800,218,136,-82,354,31,-0.29999927878557486,-1.0127762304917878
131,1564549200,29,19,-10,48,31,-0.017493145956434066,-1.572053517260093
131,1564563600,345,687,342,1032,31,1.363647947874921,0.2264067774458294
131,1564578000,456,848,392,1304,31,1.5598327623396022,0.7235421434621007
131,1564592400,733,580,-153,1313,31,-0.5785817153254221,0.7399914754258743
131,1564606800,1084,634,-450,1718,31,-1.7439195132456278,1.4802114137956899
131,1564621200,259,95,-164,354,31,-0.6217423745076519,-1.0127762304917878
131,1564635600,22,19,-3,41,31,0.009972728068621291,-1.5848474421208059
131,1564650000,361,684,323,1045,31,1.2890977183783423,0.25016692361572473
131,1564664400,481,800,319,1281,31,1.2734029332211678,0.6815049617769012
131,1564678800,769,620,-149,1389,31,-0.5628869301682476,0.8788969453421854
131,1564693200,1001,604,-397,1605,31,-1.5359636099130658,1.2736809124727537
131,1564707600,269,111,-158,380,31,-0.5982001967718902,-0.9652559381519972
131,1564722000,28,20,-8,48,31,-0.009645753377846822,-1.572053517260093
131,1564736400,290,598,308,888,31,1.230242274038938,-0.03678253397454948
131,1564750800,430,641,211,1071,31,0.8496437339774564,0.29768721595551534
131,1564765200,680,511,-169,1191,31,-0.6413608559541201,0.5170116421391644
131,1564779600,665,455,-210,1120,31,-0.8022324038151586,0.3872446899805054
131,1565398800,8593,8823,230,17416,32,1.3033187038254406,4.10058785000957
131,1565413200,48,19,-29,67,32,-0.3278415101971645,-0.35304528697126497
131,1565427600,69,159,90,228,32,0.4216104800294378,-0.31171524287339686
131,1565442000,231,284,53,515,32,0.1885875923119228,-0.2380399468728493
131,1565456400,273,274,1,547,32,-0.13890403366944964,-0.22982527972296246
131,1565470800,236,251,15,487,32,-0.05073321128984937,-0.24522778062900027
131,1565485200,151,88,-63,239,32,-0.5419706502619079,-0.30889145104062327
131,1565499600,34,19,-15,53,32,-0.23967068781756423,-0.3566392038493405
131,1565514000,59,87,28,146,32,0.031139695205493735,-0.3327653274449819
131,1565528400,162,264,102,426,32,0.4971854706405237,-0.26088698988347203
131,1565542800,237,309,72,546,32,0.30824799411280884,-0.2300819880713964
131,1565557200,187,218,31,405,32,0.05003344285826522,-0.2662778652005853
131,1565571600,112,53,-59,165,32,-0.5167789867248793,-0.32788786882473653
131,1565586000,21,18,-3,39,32,-0.1640956972064783,-0.360233120727416
131,1565600400,311,592,281,903,32,1.6245124139225557,-0.1384371076804714
131,1565614800,434,706,272,1140,32,1.5678311709642414,-0.07759722910162202
131,1565629200,644,500,-144,1144,32,-1.052101836886738,-0.07657039570788617
131,1565643600,971,524,-447,1495,32,-2.960370349816658,0.013534234592435069
131,1565658000,241,110,-131,351,33,-0.7678286519044596,-0.5618478417594349
131,1565672400,23,30,7,53,33,-0.015376202232428464,-1.2002626089534851
131,1565684037,127,384,257,511,33,1.3477622935502367,-0.2190748123935019
131,1565684121,73,240,167,313,33,0.8570324350684773,-0.643256436233844
131,1565684205,141,272,131,413,33,0.6607404916757734,-0.42902329288013585
131,1565686800,335,272,-63,607,33,-0.39705498105157466,-0.013410994773942109
131,1565688127,55,115,60,170,33,0.2736091588734965,-0.9496098312296466
131,1565688210,34,62,28,96,33,0.0991274314133154,-1.1081423573113907
131,1565688293,51,154,103,205,33,0.508068980148115,-0.8746282310558487
131,1565701200,371,637,266,1008,33,1.3968352793984127,0.8456639100744274
131,1565706022,76,150,74,226,33,0.3499449146373258,-0.82963927095157
131,1565706106,175,142,-33,317,33,-0.2334783615576549,-0.6346871104996956
131,1565715600,649,466,-183,1115,33,-1.051361459027254,1.0748933734628952
131,1565730000,937,567,-370,1504,33,-2.070989053872687,1.9082603011088197
131,1565744400,246,94,-152,340,33,-0.8823322855502034,-0.5854134875283428
131,1565758800,22,19,-3,41,33,-0.06990174206373506,-1.22597058615593
131,1565773200,317,627,310,944,33,1.6367476546561617,0.7085546983280543
131,1565787600,483,793,310,1276,33,1.6367476546561617,1.419808734262365
131,1565802000,677,557,-120,1234,33,-0.7078505580900223,1.3298308140538078
131,1565816400,983,601,-382,1584,33,-2.1364197016702553,2.079646815791786
131,1565830800,247,94,-153,341,33,-0.8877848395333341,-0.5832711560948057
131,1565845200,26,24,-2,50,33,-0.0644491880806044,-1.2066896032540964
131,1565859600,291,638,347,929,33,1.8384921520319961,0.6764197268249981
131,1565874000,475,806,331,1281,33,1.7512512883019056,1.4305203914300506
131,1565888400,698,554,-144,1252,33,-0.8387118536851581,1.3683927798574753
131,1565902800,969,606,-363,1575,33,-2.032821175990773,2.0603658328899526
131,1565917200,286,104,-182,390,33,-1.0459089050441233,-0.4782969158514887
131,1565931600,29,23,-6,52,33,-0.08625940401312705,-1.202404940387022
131,1565946000,235,559,324,794,33,1.713083410419991,0.3872049832974921
131,1565960400,406,659,253,1065,33,1.325952077617714,0.9677768017860411
131,1565974800,629,489,-140,1118,33,-0.8169016377526355,1.0813203677635064
131,1565989200,623,416,-207,1039,33,-1.1822227546223898,0.9120761845140769
131,1566003600,240,134,-106,374,33,-0.6315148023261931,-0.512574218788082
131,1566018000,40,27,-13,67,33,-0.12442728189504167,-1.170269968883966
131,1566032400,72,161,89,233,33,0.43173322438428574,-0.8146429509168105
131,1566046800,277,281,4,558,33,-0.03173386418182045,-0.11838523501725909
131,1566061200,295,283,-12,578,33,-0.11897472791191101,-0.07553860634651746
131,1566075600,244,260,16,504,33,0.03369678361574748,-0.23407113242826147
131,1566090000,139,132,-7,271,33,-0.09171195799625771,-0.7332343564424014
131,1566104400,55,21,-34,76,33,-0.23893091554078555,-1.1509889859821323
131,1566118800,47,75,28,122,33,0.0991274314133154,-1.0524417400394264
131,1566133200,154,236,82,390,33,0.3935653465023711,-0.4782969158514887
131,1566147600,231,261,30,492,33,0.11003253937957673,-0.25977910963070644
131,1566162000,199,207,8,406,33,-0.009923648249297803,-0.4440196129148954
131,1566176400,99,50,-49,149,33,-0.32071922528774544,-0.9945987913339253
131,1566190800,12,24,12,36,33,0.011886567683224838,-1.2366822433236155
131,1566205200,317,549,232,866,33,1.2114484439719702,0.5414528465121619
131,1566219600,385,632,247,1017,33,1.29323675371893,0.8649448929762612
131,1566234000,527,465,-62,992,33,-0.391602427068444,0.8113866071378342
131,1566248400,823,515,-308,1338,33,-1.7329307069185864,1.5526332831416643
131,1566262800,189,93,-96,282,34,-0.6653436034884198,-0.8161007268674982
131,1566277200,30,23,-7,53,34,-0.13741866401915356,-1.3170425094325373
131,1566291600,327,596,269,923,34,1.499741822424863,0.5860987605743799
131,1566306000,396,690,294,1086,34,1.6480353447476905,0.9426643088630322
131,1566320400,528,498,-30,1026,34,-0.27384870455615495,0.8114131867935896
131,1566334800,761,578,-183,1339,34,-1.1814050611718598,1.4961065402558484
131,1566349200,211,106,-105,317,34,-0.7187292715246377,-0.73953757232699
131,1566363600,18,23,5,41,34,-0.06623777330419633,-1.3432927338464258
131,1566378000,294,612,318,906,34,1.790397126177605,0.5489109426547045
131,1566392400,425,657,232,1082,34,1.2802674093870783,0.9339142340584027
131,1566406800,632,518,-114,1150,34,-0.7721149395608556,1.0826655057371042
131,1566421200,862,539,-323,1401,34,-2.0118487861796943,1.6317326997276056
131,1566435600,209,98,-111,307,34,-0.7543197168821164,-0.7614127593385638
131,1566450000,24,23,-1,47,34,-0.10182821866167495,-1.3301676216394815
131,1566464400,319,564,245,883,34,1.3573800409949486,0.49859801252808483
131,1566478800,400,638,238,1038,34,1.315857854744557,0.8376634112074781
131,1566493200,600,515,-85,1115,34,-0.6000944536663757,1.006102351196596
131,1566507600,838,677,-161,1515,34,-1.0509067615277714,1.8811098316595465
131,1566522000,203,97,-106,300,34,-0.7246610124175509,-0.7767253902466654
131,1566536400,24,26,2,50,34,-0.08403299598293563,-1.3236050655360094
131,1566550800,255,540,285,795,34,1.5946496767114726,0.30609636682623576
131,1566565200,427,625,198,1052,34,1.0785882190280327,0.8682886730236814
131,1566579600,634,493,-141,1127,34,-0.9322719436695094,1.0323525756104845
131,1566594000,610,448,-162,1058,34,-1.0568385024206846,0.8814137852306256
131,1566608400,195,134,-61,329,34,-0.4577326722364612,-0.7132873479131016
131,1566622800,46,20,-26,66,34,-0.25012174098450257,-1.2886047663174915
131,1566637200,77,189,112,266,34,0.5684585022375057,-0.8511010260860162
131,1566651600,187,273,86,460,34,0.41423323902176507,-0.42672239806148526
131,1566666000,309,315,6,624,34,-0.060306032411283225,-0.06796933107167558
131,1566680400,243,257,14,500,34,-0.012852105267978399,-0.3392216500151902
131,1566694800,157,119,-38,276,34,-0.32130263169945983,-0.8292258390744425
131,1566709200,42,16,-26,58,34,-0.25012174098450257,-1.3061049159267504
131,1566723600,38,98,60,136,34,0.26000797580602436,-1.1354784572364751
131,1566738000,148,220,72,368,34,0.33118886652098156,-0.6279741185679639
131,1566752400,230,258,28,488,34,0.07019226723280506,-0.36547187442907875
131,1566766800,227,175,-52,402,34,-0.4043470042002433,-0.5535984827286131
131,1566781200,121,61,-60,182,34,-0.4518009313435481,-1.0348525969832358
131,1566795600,20,21,1,41,34,-0.08996473687584874,-1.3432927338464258
131,1566810000,280,521,241,801,34,1.3336530774232962,0.31922147903318
131,1566824400,419,774,355,1193,34,2.0098715392153896,1.1767288098868716
131,1566838800,609,485,-124,1094,34,-0.8314323484899866,0.9601644584722913
131,1566853200,853,483,-370,1336,34,-2.29064060814661,1.4895439841523763
131,1566867600,168,85,-83,253,35,-0.28723884095621843,-0.7997066724057402
131,1566882000,24,24,0,48,35,0.0191609753147049,-1.1438771437350126
131,1566896400,294,785,491,1079,35,1.8317189245800467,0.5870484949990352
131,1566910800,600,896,296,1496,35,1.1118639345459496,1.2871416000932137
131,1566925200,814,667,-147,1481,35,-0.5234989402494604,1.2619583948739985
131,1566939600,1320,589,-731,1909,35,-2.6793723463002945,1.980519183795601
131,1566954000,280,153,-127,433,35,-0.44966765922032237,-0.49750820977515964
131,1566968400,22,23,1,45,35,0.02285253936616181,-1.1489137847788555
131,1566982800,280,811,531,1091,35,1.9793814866383228,0.6071950591744073
131,1566997200,543,972,429,1515,35,1.6028419533897182,1.3190403267042194
131,1567011600,924,709,-215,1633,35,-0.7745252957485302,1.5171482077620444
131,1567026000,1306,626,-680,1932,35,-2.4911025796759922,2.0191334317983975
131,1567040400,293,130,-163,423,35,-0.582563965072771,-0.5142970132546363
131,1567054800,25,37,12,62,35,0.06345974393218778,-1.1203728188637452
131,1567069200,292,782,490,1074,35,1.8280273605285897,0.5786540932592968
131,1567083600,593,939,346,1532,35,1.296442137118795,1.3475812926193298
131,1567098000,835,653,-182,1488,35,-0.6527036820504523,1.2737105573096323
131,1567112400,1283,662,-621,1945,35,-2.273300300640035,2.0409588763217172
131,1567126800,330,131,-199,461,35,-0.7154602709252197,-0.45049956003262487
131,1567141200,28,17,-11,45,35,-0.021446229251321083,-1.1489137847788555
131,1567155600,216,568,352,784,35,1.3185915214275366,0.09177879235447256
131,1567170000,469,725,256,1194,35,0.9642013724876733,0.7801197350130172
131,1567184400,856,576,-280,1432,35,-1.0144769590932292,1.1796932578245627
131,1567198800,545,437,-108,982,35,-0.37952794224264114,0.4241971012481112
131,1567213200,218,153,-65,371,35,-0.2207906880299941,-0.6015987913479152
131,1567227600,43,30,-13,73,35,-0.028829357354234898,-1.101905135036321
131,1567242000,68,198,130,266,35,0.49906430200410296,-0.7778812278824205
131,1567256400,254,369,115,623,35,0.4436908412322493,-0.17852094366510232
131,1567270800,440,275,-165,715,35,-0.5899470931756848,-0.024063951653916667
131,1567285200,310,260,-50,570,35,-0.16541722725814048,-0.26750160210632884
131,1567299600,148,164,16,312,35,0.07822600013801542,-0.7006527318768276
131,1567314000,39,21,-18,60,35,-0.04728717761151944,-1.1237305795596406
131,1567328400,48,98,50,146,35,0.20373917788755028,-0.9793468696361409
131,1567342800,228,233,5,461,35,0.03761879557198944,-0.45049956003262487
131,1567357200,294,270,-24,564,35,-0.06943656192026089,-0.2775748841940148
131,1567371600,239,234,-5,473,35,0.0007031550574203642,-0.43035299585725284
131,1567386000,126,136,10,262,35,0.05607661582927397,-0.7845967492742112
131,1567400400,19,15,-4,34,35,0.004394719108877272,-1.16738146860628
131,1567414800,46,103,57,149,35,0.22958012624774862,-0.9743102285922979
131,1567429200,144,195,51,339,35,0.20743074193900718,-0.6553229624822406
131,1567443600,250,238,-12,488,35,-0.02513779330277799,-0.40516979063803776
131,1567458000,171,218,47,389,35,0.19266448573317957,-0.5713789450848571
131,1567472400,96,89,-7,185,36,0.04265037184655441,-1.056049196759575
131,1567486800,11,21,10,32,36,0.09188259120029314,-1.2818280074997128
131,1567501200,318,761,443,1079,36,1.3458561782690504,0.26320738364358315
131,1567515600,561,1025,464,1586,36,1.4066724492354334,1.011376383939334
131,1567530000,891,675,-216,1566,36,-0.562616324914116,0.9818628139079433
131,1567544400,1399,654,-745,2053,36,-2.094607150686339,1.7005182441723037
131,1567558800,337,130,-207,467,36,-0.536552208785666,-0.639907859316968
131,1567573200,26,32,6,58,36,0.08029853958764874,-1.243460366458905
131,1567586213,214,653,439,867,36,1.334272126656406,-0.04963645868915684
131,1567586308,263,174,-89,437,36,-0.19482268621265597,-0.6841782143640539
131,1567587600,282,679,397,961,36,1.2126395847236395,0.08907732045837881
131,1567602000,593,1079,486,1672,36,1.4703847331049777,1.1382847350743133
131,1567616400,1013,694,-319,1707,36,-0.8609056539397093,1.1899334826292467
131,1567630800,1430,682,-748,2112,36,-2.103295189395822,1.7875832757649057
131,1567645200,338,115,-223,453,36,-0.5828884152362436,-0.6605673583389415
131,1567659600,26,35,9,61,36,0.08898657829713204,-1.2390333309541965
131,1567674000,376,792,416,1168,36,1.2676638298837006,0.3945427702832711
131,1567688400,630,1075,445,1705,36,1.3516482040753726,1.1869821256261077
131,1567702800,1015,716,-299,1731,36,-0.8029853958764873,1.2253497666669155
131,1567717200,1326,630,-696,1956,36,-1.9527025184314448,1.5573774295200595
131,1567731600,308,111,-197,419,36,-0.507592079754055,-0.7107404273923055
131,1567746000,36,21,-15,57,36,0.01948226862126559,-1.2449360449604747
131,1567760400,327,677,350,1004,36,1.076526978275068,0.15253149602586852
131,1567774800,518,817,299,1335,36,0.9288303202138517,0.6409810800453823
131,1567789200,990,572,-418,1562,36,-1.1476109313526583,0.9759600999016652
131,1567803600,1005,562,-443,1567,36,-1.2200112539316859,0.9833384924095129
131,1567818000,255,178,-77,433,36,-0.1600705313747227,-0.6900809283703321
131,1567832400,33,26,-7,59,36,0.04265037184655441,-1.2419846879573355
131,1567846800,64,249,185,313,36,0.598684849253486,-0.8671623485586755
131,1567861200,302,421,119,723,36,0.4075479976448532,-0.2621341629151689
131,1567875600,502,333,-169,835,36,-0.42650371846554413,-0.09685817073938174
131,1567890000,353,352,-1,705,36,0.06002644926552102,-0.2886963759434204
131,1567904400,159,138,-21,297,36,0.0021061912022989813,-0.8907732045837878
131,1567918800,46,20,-26,66,36,-0.012373873313506529,-1.2316549384463489
131,1567933200,52,95,43,147,36,0.18745101700460948,-1.112124979819217
131,1567947600,217,247,30,464,36,0.14980284926351517,-0.6443348948216767
131,1567962000,275,305,30,580,36,0.14980284926351517,-0.4731561886396114
131,1567976400,202,200,-2,402,36,0.05713043636235992,-0.7358269619189874
131,1567990800,97,74,-23,171,36,-0.0036858346040232223,-1.0767086957815484
131,1568005200,20,26,6,46,36,0.08029853958764874,-1.2611685084777393
131,1568019600,366,875,509,1241,36,1.536993029877683,0.5022673008978467
131,1568034000,553,1001,448,1554,36,1.3603362427848558,0.964154671889109
131,1568048400,1002,694,-308,1696,36,-0.8290495120049372,1.1737010191119819
131,1568062800,1465,631,-834,2096,36,-2.3523522990676766,1.7639724197397935
131,1568077200,343,89,-254,432,37,-0.4801412032208734,-0.8079126687451778
131,1568091600,27,28,1,55,37,0.22245645854925286,-1.3422466229204897
131,1568106000,387,840,453,1227,37,1.467845255098653,0.3188658287863157
131,1568120400,651,1040,389,1691,37,1.291507018419092,0.9765076185405458
131,1568134800,1038,766,-272,1804,37,-0.5297363322869999,1.136666071648796
131,1568149200,1548,689,-859,2237,37,-2.1470885968323494,1.7503705866565147
131,1568163600,359,111,-248,470,37,-0.4636094935321645,-0.7540540738946158
131,1568178000,34,18,-16,52,37,0.17561661443124443,-1.3464986172507971
131,1568192400,419,824,405,1243,37,1.3355915775889822,0.34154313188128915
131,1568206800,621,1015,394,1636,37,1.3052834431596827,0.8985543891515746
131,1568221200,1068,697,-371,1765,37,-0.802509542150696,1.081390145354798
131,1568235600,1402,722,-680,2124,37,-1.653892591119202,1.5902121335482649
131,1568250000,360,124,-236,484,37,-0.4305460741547468,-0.734211433686514
131,1568264400,28,26,-2,54,37,0.21419060370489842,-1.3436639543639255
131,1568278800,366,887,521,1253,37,1.6552046315706865,0.3557164463156476
131,1568293200,645,1003,358,1648,37,1.2060931850274295,0.9155623664728046
131,1568307600,1060,697,-363,1757,37,-0.7804672625657508,1.0700514938073113
131,1568322000,1690,713,-977,2403,37,-2.4722122207102903,1.9856476062668644
131,1568336400,369,116,-253,485,37,-0.4773859182727552,-0.7327941022430782
131,1568350800,86,92,6,178,37,0.23623288328984357,-1.1679148553778813
131,1568365200,324,707,383,1031,37,1.2749753087303832,0.041068865872890915
131,1568379600,535,746,211,1281,37,0.8010662976540627,0.39540172673185114
131,1568394000,932,590,-342,1522,37,-0.7226062786552698,0.7369786045998887
131,1568408400,969,604,-365,1573,37,-0.7859778324619872,0.8092625082151166
131,1568422800,358,179,-179,537,37,-0.2734948321120127,-0.6590928671844144
131,1568437200,38,37,-1,75,37,0.21694588865301656,-1.3138999940517728
131,1568451600,91,248,157,339,37,0.652280910455683,-0.939724492984711
131,1568466000,457,482,25,939,37,0.28858329730408827,-0.08932562692320643
131,1568480400,772,393,-379,1165,37,-0.8245518217356411,0.23099127929329358
131,1568494800,499,315,-184,814,37,-0.2872712568526034,-0.26649205735268655
131,1568509200,224,148,-76,372,37,0.01029951754415592,-0.8929525553513281
131,1568523600,60,26,-34,86,37,0.1260214853651179,-1.2983093481739787
131,1568538000,54,113,59,167,37,0.38226298554010507,-1.1835055012556754
131,1568552400,336,322,-14,658,37,0.18112718432748073,-0.4875957625286777
131,1568566800,543,322,-221,865,37,-0.3892167999329747,-0.19420815373745864
131,1568581200,370,223,-147,593,37,-0.18532571377223217,-0.5797223063520074
131,1568595600,165,73,-92,238,37,-0.033785041625734355,-1.0828749687717307
131,1568610000,17,24,7,41,37,0.2389881682379617,-1.3620892631285915
131,1568624400,365,880,515,1245,37,1.6386729218819778,0.3443777947681608
131,1568638800,590,1069,479,1659,37,1.5394826637497245,0.9311530123505989
131,1568653200,1051,653,-398,1704,37,-0.8769022357498858,0.9949329273052118
131,1568667600,1466,717,-749,2183,37,-1.8440072525393538,1.6738346887109794
131,1568682000,383,90,-293,473,38,-0.7993859439398827,-0.6500886129465563
131,1568696400,29,22,-7,51,38,0.14389253798035118,-1.2299975683358106
131,1568710800,391,882,491,1273,38,1.7863844400652338,0.4492648569856793
131,1568725200,743,954,211,1697,38,0.8628950172062636,1.0319221960497642
131,1568739600,1045,651,-394,1696,38,-1.1325017714711543,1.030548004212349
131,1568754000,1242,632,-610,1874,38,-1.8449078976766455,1.2751541512722713
131,1568768400,325,114,-211,439,38,-0.5289354701026129,-0.6968111354186762
131,1568782800,25,27,2,52,38,0.17357612657224664,-1.2286233764983951
131,1568797200,367,803,436,1170,38,1.6049847320036503,0.307723097731904
131,1568811600,709,1150,441,1859,38,1.6214756145547033,1.254541273711042
131,1568826000,1132,802,-330,1934,38,-0.9214184748176752,1.357605661517189
131,1568840400,1480,804,-676,2284,38,-2.0625875473505455,1.838572804612542
131,1568854800,365,131,-234,496,38,-0.6047935298374568,-0.6184822006860045
131,1568869200,28,22,-6,50,38,0.14719071449056179,-1.231371760173226
131,1568883600,374,810,436,1184,38,1.6049847320036503,0.32696178345571814
131,1568884376,36,95,59,131,38,0.3615721876542513,-1.120062221342587
131,1568898000,705,958,253,1663,38,1.001418430635109,0.9851996735776442
131,1568912400,1009,802,-207,1811,38,-0.5157427640617704,1.1885800655151078
131,1568926800,1477,766,-711,2243,38,-2.178023725207917,1.782230939278515
131,1568941200,426,122,-304,548,38,-0.8356658855521993,-0.5470242251404092
131,1568955600,28,26,-2,54,38,0.16038342053140422,-1.2258749928235646
131,1568970000,343,650,307,993,38,1.179519962186482,0.06449114250939686
131,1568984400,730,842,112,1572,38,0.5363755426954135,0.8601482163728523
131,1568998800,1064,633,-431,1697,38,-1.2545343023489468,1.0319221960497642
131,1569013200,923,549,-374,1472,38,-1.066538241266942,0.7227290326313229
131,1569027600,270,134,-136,404,38,-0.28157223183681723,-0.7449078497282116
131,1569042000,46,31,-15,77,38,0.11750712589866631,-1.1942685805630129
131,1569056400,77,208,131,285,38,0.599040896389415,-0.9084366783806317
131,1569070800,300,384,84,684,38,0.4440266004095165,-0.3601341352519291
131,1569085200,501,355,-146,856,38,-0.31455399693892333,-0.12377313921649848
131,1569099600,321,264,-57,585,38,-0.021016287530179225,-0.4961791271560433
131,1569114000,181,116,-65,297,38,-0.047401699611864086,-0.8919463763316481
131,1569128400,43,20,-23,63,38,0.09112171381698145,-1.213507266286827
131,1569142800,52,114,62,166,38,0.3714667171848831,-1.0719655070330516
131,1569157200,220,280,60,500,38,0.3648703641644619,-0.6129854333363434
131,1569171600,292,287,-5,579,38,0.1504888910007724,-0.504424278180535
131,1569186000,224,250,26,474,38,0.2527323628173012,-0.648714421109141
131,1569200400,111,77,-34,188,38,0.05484177220466476,-1.0417332866099152
131,1569214800,15,19,4,34,38,0.18017247959266786,-1.2533588295718705
131,1569229200,414,844,430,1258,38,1.5851956729423868,0.4286519794244499
131,1569243600,618,1003,385,1621,38,1.4367777299829094,0.9274836164062018
131,1569258000,1044,725,-319,1769,38,-0.8851385332053586,1.1308640083436654
131,1569272400,1321,804,-517,2125,38,-1.538177482227059,1.6200763024635103
131,1569286800,337,89,-248,426,39,-0.7039080638139176,-0.7378267115438258
131,1569301200,21,23,2,44,39,0.10713491545154216,-1.3116641132603
131,1569315600,430,808,378,1238,39,1.3269435562667935,0.481953315141454
131,1569330000,648,1027,379,1675,39,1.3301877281838554,1.1384112851678916
131,1569344400,995,732,-263,1727,39,-0.7525706425698452,1.2165252770245845
131,1569358800,1481,696,-785,2177,39,-2.446028383276125,1.8925117450151954
131,1569373200,406,107,-299,513,39,-0.8693608315840714,-0.6071359943989745
131,1569387600,27,23,-4,50,39,0.08766988394917113,-1.3026509603537584
131,1569402000,400,877,477,1277,39,1.6481165760559158,0.5405388090339737
131,1569416400,597,1079,482,1676,39,1.6643374356412248,1.1399134773189818
131,1569430800,982,840,-142,1822,39,-0.3600258406053627,1.3592335313781578
131,1569445200,1484,716,-768,2200,39,-2.390877460686074,1.927062164490271
131,1569459600,385,126,-259,511,39,-0.7395939549015978,-0.6101403787011549
131,1569474000,27,26,-1,53,39,0.09740239970035665,-1.2981443839004876
131,1569488400,404,872,468,1276,39,1.6189190288023592,0.5390366168828834
131,1569502800,682,955,273,1637,39,0.9863055049753006,1.0813279834264622
131,1569517200,1033,803,-230,1836,39,-0.6455129693068045,1.3802642214934213
131,1569531600,1433,663,-770,2096,39,-2.3973658045201978,1.7708341807768855
131,1569546000,414,137,-277,551,39,-0.797989049408711,-0.5500526926575451
131,1569560400,32,23,-9,55,39,0.07144902436386194,-1.2951399995983073
131,1569574800,356,780,424,1136,39,1.4761754644516383,0.32872971573024895
131,1569589200,557,802,245,1359,39,0.895468691297569,0.6637185654233738
131,1569603600,935,624,-311,1559,39,-0.9082908945888135,0.9641569956414231
131,1569618000,872,599,-273,1471,39,-0.7850123617404636,0.8319640863454814
131,1569632400,280,140,-140,420,39,-0.353537496771239,-0.7468398644503673
131,1569646800,49,23,-26,72,39,0.016298101773810674,-1.269602733029773
131,1569661200,70,220,150,290,39,0.5872723591766943,-0.9421248440920993
131,1569675600,314,441,127,755,39,0.512656405084272,-0.24360549383513486
131,1569690000,521,454,-67,975,39,-0.11671294682572472,0.08687677940471929
131,1569704400,367,362,-5,729,39,0.08442571203210929,-0.28266248976348124
131,1569718800,185,104,-81,289,39,-0.16213135366459047,-0.9436270362431896
131,1569733200,35,32,-3,67,39,0.09091405586623297,-1.2771136937852243
131,1569747600,59,109,50,168,39,0.2628551674705104,-1.1253922865251094
131,1569762000,233,318,85,551,39,0.3764011845676748,-0.5500526926575451
131,1569776400,317,396,79,713,39,0.35693615306530374,-0.3066975641809252
131,1569790800,256,251,-5,507,39,0.08442571203210929,-0.616149147305516
131,1569805200,123,85,-38,208,39,-0.022631961230931395,-1.0653046004814994
131,1569819600,20,18,-2,38,39,0.09415822778329482,-1.3206772661668413
131,1569834000,298,570,272,868,39,0.9830613330582387,-0.07385778076193704
131,1569848400,432,669,237,1101,39,0.8695153159610743,0.2761529904420903
131,1569862800,558,480,-78,1038,39,-0.15239883791340494,0.1815148849234048
131,1569877200,857,510,-347,1367,39,-1.0250810836030397,0.6757361026320958
131,1569891600,203,87,-116,290,40,-0.2768627732766446,-0.8918742781178511
131,1569906000,31,27,-4,58,40,0.08490458380483767,-1.2324614769727007
131,1569920400,321,634,313,955,40,1.1088354069729616,0.08437782204798921
131,1569934800,445,681,236,1126,40,0.8601203489794426,0.3354140763763482
131,1569949200,680,487,-193,1167,40,-0.5255778312701637,0.39560405548431726
131,1569963600,954,604,-350,1558,40,-1.0326981443218843,0.9696109294164129
131,1569978000,221,80,-141,301,40,-0.35761441548233264,-0.8757257471376643
131,1569992400,23,22,-1,45,40,0.09459478086952024,-1.2515461044947398
131,1570006800,368,895,527,1263,40,1.8000694642536512,0.5365366894932205
131,1570021200,601,1054,453,1655,40,1.5610446033248144,1.1120116116962422
131,1570035600,1081,746,-335,1827,40,-0.9842471589984716,1.3645159142955272
131,1570050000,1530,766,-764,2296,40,-2.3699453392480776,2.0530305533598567
131,1570064400,314,91,-223,405,40,-0.6224798019169893,-0.7230487269613525
131,1570078800,25,19,-6,44,40,0.07844445242838263,-1.2530141527656657
131,1570093200,423,819,396,1242,40,1.3769308590958458,0.505707675803773
131,1570107600,656,1024,368,1680,40,1.2864890198254753,1.1487128184693942
131,1570122000,990,748,-242,1738,40,-0.6838510499933121,1.2338596181831065
131,1570136400,1455,704,-751,2159,40,-2.32795448530112,1.8519079402429843
131,1570150800,439,114,-325,553,40,-0.9519465021161964,-0.5057775828642932
131,1570165200,29,22,-7,51,40,0.07521438674015511,-1.2427378148691832
131,1570179600,336,682,346,1018,40,1.2154275746844698,0.17686486311633198
131,1570194000,568,842,274,1410,40,0.9828628451320883,0.7523397853193536
131,1570208400,938,591,-347,1529,40,-1.0230079472572018,0.9270375295595567
131,1570222800,997,634,-363,1631,40,-1.0746889982688421,1.0767784531940163
131,1570237200,261,132,-129,393,40,-0.3188536272236024,-0.7406653062124653
131,1570251600,43,34,-9,77,40,0.06875425536370007,-1.2045685598251052
131,1570266000,86,234,148,320,40,0.5758745684154207,-0.8478328299900689
131,1570280400,303,410,107,713,40,0.4434418751980924,-0.2708898595161211
131,1570294800,491,365,-126,856,40,-0.30916343015891984,-0.06095895677369228
131,1570309200,307,366,59,673,40,0.2883987221631714,-0.3296117903531641
131,1570323600,189,106,-83,295,40,-0.17027060556513643,-0.8845340367632207
131,1570338000,45,26,-19,71,40,0.03645359848142487,-1.2133768494506618
131,1570352400,41,105,64,146,40,0.30454905060430904,-1.103273229131206
131,1570366800,208,265,57,473,40,0.2819385907867164,-0.6232214445383792
131,1570381200,284,291,7,575,40,0.1204353063753404,-0.47348052090391957
131,1570395600,229,196,-33,425,40,-0.008767321153760416,-0.693687761542831
131,1570410000,117,59,-58,176,40,-0.08951896335944842,-1.0592317810034237
131,1570424400,15,20,5,35,40,0.11397517499888536,-1.2662265872040004
131,1570438800,365,794,429,1159,40,1.483523026807354,0.3838596693169087
131,1570453200,542,1045,503,1587,40,1.7225478877361906,1.012184329273269
131,1570467600,994,690,-304,1684,40,-0.8841151226634184,1.1545850115530985
131,1570482000,1336,701,-635,2037,40,-1.9532668654667276,1.672806051190003
131,1570496400,348,108,-240,456,41,-0.8911195257742657,-0.6076321221355934
131,1570510800,28,30,2,58,41,0.12008275846930207,-1.3254032021736526
131,1570525200,388,642,254,1030,41,1.173070261070042,0.4275452646529646
131,1570539600,482,751,269,1233,41,1.2357480886058003,0.7936445843708693
131,1570554000,752,536,-216,1288,41,-0.7908350017170523,0.8928340552304
131,1570568400,938,547,-391,1485,41,-1.5220763229675662,1.2481127053999923
131,1570582800,277,97,-180,374,41,-0.6404082156312324,-0.7555146059625302
131,1570597200,28,28,0,56,41,0.11172571479786762,-1.3290100920230903
131,1570611600,292,659,367,951,41,1.6452432285060883,0.285073115600184
131,1570626000,452,746,294,1198,41,1.340211134498731,0.7305240120057133
131,1570640400,660,452,-208,1112,41,-0.7574068270313146,0.5754277484799014
131,1570654800,924,577,-347,1501,41,-1.3382213621960084,1.276967824195492
131,1570669200,271,125,-146,396,41,-0.4983384732168468,-0.7158388176187178
131,1570683600,35,25,-10,60,41,0.0699404964406954,-1.3217963123242151
131,1570698000,376,769,393,1145,41,1.753884796234736,0.63494143099562
131,1570712400,710,1042,332,1752,41,1.4989949642559854,1.7296325002998965
131,1570726800,971,769,-202,1740,41,-0.7323356960170112,1.7079911612032714
131,1570741200,1459,702,-757,2161,41,-3.05141531484007,2.4672414745098616
131,1570755600,440,179,-261,619,41,-0.9788684843243274,-0.3136705994064384
131,1570770000,43,30,-13,73,41,0.05740493093354374,-1.2983515283028715
131,1570784400,362,702,340,1064,41,1.532423138941723,0.4888623920934018
131,1570798800,580,846,266,1426,41,1.2232125230986488,1.1417094548415865
131,1570813200,887,572,-315,1459,41,-1.2045086634530573,1.201223137357305
131,1570827600,924,508,-416,1432,41,-1.6265393688604968,1.1525301243898989
131,1570842000,307,145,-162,452,41,-0.5651948225883223,-0.6148459018344683
131,1570856400,39,25,-14,64,41,0.05322640909782652,-1.3145825326253402
131,1570870800,71,207,136,278,41,0.6800046844554098,-0.9286453187355295
131,1570885200,317,385,68,702,41,0.39586519962663874,-0.16398467065478278
131,1570899600,498,342,-156,840,41,-0.5401236915740191,0.08489072895640362
131,1570914000,353,294,-59,647,41,-0.13480707350944846,-0.2631741415143136
131,1570928400,186,159,-27,345,41,-0.0010943747664973712,-0.8078145087793737
131,1570942800,48,35,-13,83,41,0.05740493093354374,-1.2803170790556841
131,1570957200,38,82,44,120,41,0.2955806755694254,-1.2135896168410907
131,1570971600,234,262,28,496,41,0.22872432619794986,-0.5354943251468437
131,1570986000,314,332,18,646,41,0.18693910784077764,-0.26497758643903235
131,1571000400,275,245,-30,520,41,-0.013629940273649038,-0.4922116469535939
131,1571014800,133,84,-49,217,41,-0.09302185515227626,-1.0386554591433728
131,1571029200,18,22,4,40,41,0.12843980214073653,-1.35786521081859
131,1571043600,242,486,244,728,41,1.1312850427128698,-0.11709510261209549
131,1571058000,356,545,189,901,41,0.9014663417484227,0.1949008693642469
131,1571072400,492,462,-30,954,41,-0.013629940273649038,0.2904834503743402
131,1571086800,665,536,-129,1201,41,-0.427303602009654,0.7359343467798695
131,1571101200,172,87,-85,259,42,0.041350424737251035,-0.9806113478810536
131,1571115600,22,18,-4,40,42,0.2519404620967242,-1.265845146433009
131,1571130000,395,812,417,1207,42,1.346488680965097,0.2540993417411091
131,1571144400,601,1005,404,1606,42,1.3126902799074038,0.7737718788289181
131,1571158800,987,737,-250,1724,42,-0.3876292809950091,0.9274594963135333
131,1571173200,1626,729,-897,2355,42,-2.0697497028663565,1.7492975186253314
131,1571187600,493,135,-358,628,42,-0.6684159974743066,-0.5000119338825536
131,1571202000,38,26,-12,64,42,0.23114144606122067,-1.2345866479615617
131,1571216400,403,860,457,1263,42,1.4504837611426147,0.32703583817448584
131,1571230800,675,1021,346,1696,42,1.1618974136500033,0.8909912480968449
131,1571245200,1177,717,-460,1894,42,-0.9336034519269765,1.148873860486284
131,1571259600,1817,824,-993,2641,42,-2.3193378952923984,2.1217946254100766
131,1571274000,447,131,-316,578,42,-0.5592211632879132,-0.5651338056980685
131,1571288400,29,25,-4,54,42,0.2519404620967242,-1.2476110223246648
131,1571302800,398,766,368,1164,42,1.219094707747638,0.1980945319797663
131,1571317200,709,1066,357,1775,42,1.1904960606988206,0.9938838055653585
131,1571331600,1098,730,-368,1828,42,-0.694414767518686,1.0629129896898044
131,1571346000,1679,745,-934,2424,42,-2.1659451520305604,1.8391657017307421
131,1571360400,512,146,-366,658,42,-0.6892150135098101,-0.4609388107932446
131,1571374800,35,36,1,71,42,0.2649398471189139,-1.2254695859073896
131,1571389200,331,726,395,1057,42,1.2892913868674625,0.05873372629456437
131,1571403600,648,880,232,1528,42,0.8655114351440781,0.6721817587967148
131,1571418000,1032,597,-435,1629,42,-0.868606526816028,0.803727939864055
131,1571432400,1090,578,-512,1668,42,-1.0687970561577493,0.8545229998801566
131,1571446800,319,164,-155,483,42,-0.14064096557340477,-0.6888653621475468
131,1571461200,49,27,-22,76,42,0.20514267601684127,-1.2189573987258382
131,1571475600,80,238,158,318,42,0.6731205368156706,-0.9037675391387461
131,1571490000,361,414,53,775,42,0.4001334513496868,-0.30855363074493974
131,1571504400,547,372,-175,919,42,-0.1926385056621636,-0.12100263991625679
131,1571518800,353,285,-68,638,42,0.08554833381269601,-0.4869875595194506
131,1571533200,205,129,-76,334,42,0.06474931777719249,-0.8829285401577812
131,1571547600,37,26,-11,63,42,0.23374132306565862,-1.2358890853978721
131,1571562000,51,95,44,146,42,0.37673455830974534,-1.1277867781841173
131,1571576400,240,289,49,529,42,0.389733943331935,-0.628953240077273
131,1571590800,391,297,-94,688,42,0.01795153169730957,-0.4218656877039357
131,1571605200,308,185,-123,493,42,-0.0574449014313907,-0.6758409877844438
131,1571619600,123,59,-64,182,42,0.09594784183044777,-1.0808990304769466
131,1571634000,22,25,3,47,42,0.2701396011277898,-1.2567280843788369
131,1571648400,379,755,376,1134,42,1.2398937237831416,0.15902140889045735
131,1571662800,628,996,368,1624,42,1.219094707747638,0.7972157526825034
131,1571677200,1236,724,-512,1960,42,-1.0687970561577493,1.2348347312827637
131,1571691600,1626,654,-972,2280,42,-2.2647404781992018,1.6516147109020591
131,1571706000,387,449,62,836,43,0.35121067904918024,-0.19548840227091874
131,1571720400,34,23,-11,57,43,0.13973936287384903,-1.282502261125426
131,1571734800,425,802,377,1227,43,1.2637238926824588,0.3501116218781343
131,1571749200,724,1012,288,1736,43,1.0059026989892468,1.060368430808743
131,1571763600,1084,738,-346,1822,43,-0.8307111976567806,1.1803725281919106
131,1571778000,1650,744,-906,2394,43,-2.4529569107826092,1.9785393154380957
131,1571792400,444,119,-325,563,43,-0.769876983414562,-0.5764316416384162
131,1571806800,35,26,-9,61,43,0.14553309756358412,-1.2769206752006275
131,1571821200,428,815,387,1243,43,1.2926925661311344,0.3724379655773283
131,1571835600,607,1083,476,1690,43,1.5505137598243464,0.9961801926735603
131,1571850000,1115,699,-416,1814,43,-1.0334919117975092,1.1692093563423136
131,1571864400,1515,760,-755,2275,43,-2.015529941707609,1.8124871341753404
131,1571878800,419,183,-236,602,43,-0.51205578972135,-0.5220111788716308
131,1571893200,35,22,-13,57,43,0.13394562818411393,-1.282502261125426
131,1571907600,398,796,398,1194,43,1.3245581069246775,0.3040635379985467
131,1571922000,633,1017,384,1650,43,1.2840019640965317,0.9403643334255753
131,1571936400,921,811,-110,1732,43,-0.14705050426803853,1.0547868448839446
131,1571950800,1513,739,-774,2252,43,-2.0705704212600926,1.7803930151077492
131,1571965200,481,141,-340,622,43,-0.8133299935875753,-0.4941032492476383
131,1571979600,43,42,-1,85,43,0.16870803632252454,-1.2434311596518366
131,1571994000,344,695,351,1039,43,1.1884053417159026,0.08777708341260496
131,1572008400,578,863,285,1441,43,0.9972120969546442,0.6487264688548539
131,1572022800,890,560,-330,1450,43,-0.7843613201388998,0.6612850371856505
131,1572037200,898,503,-395,1401,43,-0.9726576975552906,0.5929106096068689
131,1572051600,297,163,-134,460,43,-0.21657532054485978,-0.7201574792019775
131,1572066000,65,37,-28,102,43,0.09049261801110066,-1.2197094194714428
131,1572080400,70,221,151,291,43,0.6090318727423923,-0.9559794845247139
131,1572094800,312,410,98,722,43,0.4554979034644121,-0.35456360112767593
131,1572109200,439,378,-61,817,43,-0.005104004369528535,-0.2220009354137116
131,1572123600,357,282,-75,639,43,-0.04566014719767425,-0.47038150906724474
131,1572138000,184,133,-51,317,43,0.02386466907914698,-0.9196991760135237
131,1572152400,52,25,-27,77,43,0.09338948535596821,-1.2545943315014334
131,1572166800,37,93,56,130,43,0.33382947497997495,-1.1806383179978535
131,1572181200,236,286,50,522,43,0.31644827091076966,-0.6336428973676007
131,1572195600,305,219,-86,524,43,-0.07752568799121731,-0.6308521044052015
131,1572210000,211,194,-17,405,43,0.12235815880464372,-0.7969042856679568
131,1572224400,114,60,-54,174,43,0.015174067044544324,-1.11924087282507
131,1572238800,20,20,0,40,43,0.1716049036673921,-1.3062240013058195
131,1572253200,401,753,352,1154,43,1.1913022090607701,0.24824767875056175
131,1572267600,545,1021,476,1566,43,1.5505137598243464,0.8231510290048069
131,1572282000,1039,642,-397,1681,43,-0.9784514322450257,0.9836216243427637
131,1572296400,1457,675,-782,2132,43,-2.093745360019033,1.6129454373637941
131,1572310800,343,119,-224,462,44,-0.5231958092730102,-0.6702587726382463
131,1572325200,32,22,-10,54,44,0.0856114538694076,-1.2450471149574072
131,1572339600,388,724,336,1112,44,1.0699446924080833,0.24545794919375008
131,1572354000,618,1021,403,1639,44,1.260552573859214,0.9878928913559994
131,1572368400,1055,718,-337,1773,44,-0.844668803362231,1.1766714155490572
131,1572382800,1506,625,-881,2131,44,-2.3922910049952932,1.6810200100349875
131,1572397200,393,140,-253,533,44,-0.605697728110067,-0.570234330715059
131,1572411600,26,19,-7,45,44,0.09414613512841347,-1.2577262695673885
131,1572426000,396,833,437,1229,44,1.3572789614612804,0.41028695912350943
131,1572440400,587,1160,573,1747,44,1.744184511869546,1.1400427466757774
131,1572454800,1110,729,-381,1839,44,-0.9698441284943169,1.2696518826889214
131,1572469200,1543,689,-854,2232,44,-2.3154788736642407,1.8233083006581132
131,1572483600,358,116,-242,474,44,-0.5744038968270454,-0.653353233158271
131,1572498000,31,20,-11,51,44,0.08276656011640565,-1.2492734998274009
131,1572511021,230,460,230,690,44,0.7683859545898762,-0.3490535225187153
131,1572512400,379,707,328,1086,44,1.0471855423840677,0.20882928032047024
131,1572526800,684,1122,438,1806,44,1.3601238552142825,1.2231616491189894
131,1572541200,987,693,-294,1680,44,-0.722338371983147,1.0456534845792484
131,1572555600,1437,680,-757,2117,44,-2.039524179623051,1.661296880641683
131,1572570000,377,188,-189,565,44,-0.4236245279179419,-0.5251528921017915
131,1572584400,54,39,-15,93,44,0.07138698510439784,-1.1901041116474873
131,1572598800,332,695,363,1027,44,1.146756823739136,0.12571037787725825
131,1572613200,567,867,300,1434,44,0.9675285173000129,0.6990899252397544
131,1572627600,989,654,-335,1643,44,-0.8389790158562271,0.993528071182658
131,1572642000,959,544,-415,1503,44,-1.0665705160963834,0.7962967772496126
131,1572656400,286,184,-102,470,44,-0.17611877140677207,-0.6589884129849295
131,1572670800,53,33,-20,86,44,0.05716251633938808,-1.1999656763441395
131,1572685200,78,203,125,281,44,0.4696721105246712,-0.9252506597945407
131,1572699600,275,438,163,713,44,0.5777780731387454,-0.31665123851542926
131,1572714000,428,349,-79,777,44,-0.11068621508772714,-0.2264883612888942
131,1572728400,274,291,17,565,44,0.16242358520046032,-0.5251528921017915
131,1572742800,197,129,-68,326,44,-0.07939238380470566,-0.8618548867446333
131,1572753600,35,20,-15,55,44,0.07138698510439784,-1.2436383200007426
131,1572768000,39,58,19,97,44,0.16811337270646423,-1.184468931820829
131,1572782400,235,225,-10,460,44,0.0856114538694076,-0.6730763625515755
131,1572796800,286,304,18,590,44,0.16526847895346228,-0.48993301818517626
131,1572811200,208,243,35,451,44,0.2136316727544955,-0.685755517161557
131,1572825600,166,105,-61,271,44,-0.05947812753369199,-0.9393386093611868
131,1572840000,23,15,-8,38,44,0.09130124137541151,-1.267587834264041
131,1572854400,163,438,275,601,44,0.8964061734749641,-0.4744362736618655
131,1572868800,590,1219,629,1809,44,1.9034985620376554,1.227388033988983
131,1572883200,852,744,-108,1596,44,-0.19318813392478376,0.9273147082194213
131,1572897600,1455,718,-737,2173,44,-1.9826263045630121,1.7401893982149013
131,1572912000,555,154,-401,709,45,-1.0347125247266904,-0.3113923601761314
131,1572926400,55,20,-35,75,45,0.05650598035691859,-1.18091372833574
131,1572940800,170,409,239,579,45,0.8734291235069428,-0.48968538519308585
131,1572955200,635,1231,596,1866,45,1.9378143866622664,1.2754155624747632
131,1572969600,854,792,-62,1646,45,-0.023993745427937807,0.9736889047537632
131,1572984000,1356,749,-607,2105,45,-1.648895617751891,1.6032004315443946
131,1572998400,590,159,-431,749,45,-1.124156664487642,-0.2565329678632223
131,1573012800,55,13,-42,68,45,0.03563568107936323,-1.190514121990499
131,1573027200,163,421,258,584,45,0.9300770786888788,-0.4828279611539722
131,1573041600,638,1205,567,1843,45,1.8513517182266799,1.2438714118948404
131,1573056000,851,761,-90,1612,45,-0.10747494253815926,0.9270584212877906
131,1573070400,1576,796,-780,2372,45,-2.164690157040045,1.9693868752330628
131,1573084800,623,189,-434,812,45,-1.133101078463737,-0.17012942497039057
131,1573099200,54,14,-40,68,45,0.041598623730093334,-1.190514121990499
131,1573113600,157,430,273,587,45,0.9747991485693546,-0.478713506730504
131,1573128000,678,1180,502,1858,45,1.6575560820779514,1.2644436840121813
131,1573142400,916,775,-141,1691,45,-0.2595299801317769,1.0354057211057859
131,1573156800,1585,853,-732,2438,45,-2.0215795334225226,2.0599048725493625
131,1573171200,682,226,-456,908,45,-1.198693447621768,-0.038466883419408834
131,1573185600,62,33,-29,95,45,0.0743948083091089,-1.1534840321792854
131,1573200000,146,334,188,480,45,0.7213740859133252,-0.6254623811675357
131,1573214400,616,986,370,1602,45,1.2640018671297646,0.9133435732095633
131,1573228800,828,581,-247,1409,45,-0.5755659406204724,0.6486470052997771
131,1573243200,1141,652,-489,1793,45,-1.297082001358815,1.1752971715037042
131,1573257600,389,207,-182,596,45,-0.381770304471744,-0.4663701434600995
131,1573272000,92,27,-65,119,45,-0.03293815940403296,-1.12056839679154
131,1573286400,45,119,74,164,45,0.38148635482170923,-1.0588515804395173
131,1573300800,221,452,231,673,45,0.8495773529040224,-0.36076581325774953
131,1573315200,457,376,-81,833,45,-0.08064170060987379,-0.14132824400611332
131,1573329600,424,337,-87,761,45,-0.09853052856206411,-0.24007515016934963
131,1573344000,228,180,-48,408,45,0.017746853127172918,-0.7242092873307721
131,1573358400,63,24,-39,87,45,0.04458009505545838,-1.1644559106418673
131,1573372800,31,68,37,99,45,0.2711719157832023,-1.1479980929479945
131,1573387200,141,253,112,394,45,0.49478226518558127,-0.7434100746402902
131,1573401600,293,268,-25,561,45,0.08632069361056911,-0.514372111733895
131,1573416000,277,266,-11,543,45,0.12806129216567982,-0.539058838274704
131,1573430400,144,85,-59,229,45,-0.015049331451842653,-0.96970506793104
131,1573444800,37,14,-23,51,45,0.0922836362612992,-1.2138293637234854
131,1573459200,116,370,254,486,45,0.9181511933874186,-0.6172334723205994
131,1573473600,608,1132,524,1740,45,1.7231484512359827,1.1026084766890996
131,1573488000,889,704,-185,1593,45,-0.3907147184478391,0.9010002099391587
131,1573502400,1349,679,-670,2028,45,-1.8367283112498893,1.4975961013420447
131,1573516800,473,152,-321,625,46,-0.845780240030364,-0.42577185038265436
131,1573531200,57,27,-30,84,46,0.021137412909178834,-1.1488202797096105
131,1573545600,163,378,215,541,46,0.7510165365180722,-0.538038149945435
131,1573560000,626,1277,651,1903,46,2.0499034666955316,1.2822797072510792
131,1573574400,890,735,-155,1625,46,-0.35124989505454224,0.9107317158409244
131,1573588800,1538,855,-683,2393,46,-1.9242138838933003,1.937166454700633
131,1573603200,621,211,-410,832,46,-1.1109200033005333,-0.14911561217437355
131,1573617600,52,25,-27,77,46,0.03007470830030814,-1.1581758046731756
131,1573632000,150,381,231,531,46,0.7986821119374284,-0.5514031856076708
131,1573646400,594,1254,660,1848,46,2.0767153528689195,1.2087720111087825
131,1573660800,942,723,-219,1665,46,-0.5419121967319674,0.9641918584898675
131,1573675200,1540,839,-701,2379,46,-1.9778376562400761,1.918455404773503
131,1573689600,584,210,-374,794,46,-1.0036724586069816,-0.19990274769086955
131,1573704000,62,29,-33,91,46,0.012200117518049529,-1.1394647547460455
131,1573718400,153,363,210,516,46,0.7361210441995234,-0.5714507391010244
131,1573732800,615,1268,653,1883,46,2.055861663622951,1.2555496359266078
131,1573747200,928,759,-169,1687,46,-0.392957273546479,0.9935949369467862
131,1573761600,1463,805,-658,2268,46,-1.8497364223005561,1.7701035089226858
131,1573776000,597,237,-360,834,46,-0.961965080115045,-0.14644260504192638
131,1573790400,64,31,-33,95,46,0.012200117518049529,-1.134118740481151
131,1573804800,151,346,195,497,46,0.6914345672438769,-0.5968443068592725
131,1573819200,575,1052,477,1627,46,1.5315403340100315,0.9134047229733716
131,1573833600,816,649,-167,1465,46,-0.38699907661905947,0.6968911452451518
131,1573848000,1094,646,-448,1740,46,-1.2241257449215046,1.064429625956636
131,1573862400,377,217,-160,594,46,-0.3661453873730911,-0.4672034609355853
131,1573876800,64,52,-12,116,46,0.07476118525595468,-1.106052165590456
131,1573891200,47,102,55,149,46,0.2743607823245092,-1.061947547905078
131,1573905600,224,453,229,677,46,0.7927239150100089,-0.35627366493902823
131,1573920000,446,373,-73,819,46,-0.10696382103034123,-0.16649015853528007
131,1573934400,421,363,-58,784,46,-0.06227734407469469,-0.21326778335310534
131,1573948800,199,192,-7,391,46,0.08965667757450352,-0.7385136848789718
131,1573963200,69,39,-30,108,46,0.021137412909178834,-1.1167441941202445
131,1573977600,23,65,42,88,46,0.23563250229628221,-1.143474265444716
131,1573992000,134,232,98,366,46,0.4024620162640293,-0.7719262740345613
131,1574006400,301,339,38,640,46,0.22371610844144313,-0.4057242968893007
131,1574020800,251,287,36,538,46,0.2177579115140236,-0.5420476606441057
131,1574035200,143,87,-56,230,46,-0.05631914714727516,-0.953690759040968
131,1574049600,27,12,-15,39,46,0.06582388986482537,-1.2089629401896715
131,1574064000,156,331,175,487,46,0.6318525979696815,-0.6102093425215083
131,1574078400,585,1069,484,1654,46,1.552394023256,0.9494903192614081
131,1574092800,895,747,-148,1642,46,-0.3303962058085739,0.9334522764667252
131,1574107200,1484,824,-660,2308,46,-1.8556946192279755,1.823563651571629
131,1574121600,596,177,-419,773,47,-1.1885078034308,-0.19122261994338863
131,1574136000,56,23,-33,79,47,-0.02419501279191164,-1.1102294590937425
131,1574150400,172,384,212,556,47,0.7148118102819943,-0.4785777843463091
131,1574164800,717,1275,558,1992,47,1.758470425725143,1.4229983266333859
131,1574179200,863,790,-73,1653,47,-0.14484918798765137,0.97408864583804
131,1574193600,1576,887,-689,2463,47,-2.002923486002043,2.046704697295946
131,1574208000,572,210,-362,782,47,-1.016575603776871,-0.17930466381607857
131,1574222400,43,29,-14,72,47,0.03311572042606473,-1.1194989805260949
131,1574236800,156,374,218,530,47,0.7329099365613553,-0.5130074353807604
131,1574251200,603,1263,660,1866,47,2.066138572474279,1.2561469408510448
131,1574265600,918,773,-145,1691,47,-0.3620267033399829,1.024408905042238
131,1574280000,1593,870,-723,2463,47,-2.105479534918422,2.046704697295946
131,1574294400,523,216,-307,739,47,-0.8506761128827288,-0.2362460097576711
131,1574308800,57,23,-34,80,47,-0.02721136717180513,-1.1089052417462637
131,1574323200,161,331,170,492,47,0.5881249263264675,-0.5633276945849585
131,1574337600,641,1159,518,1800,47,1.6378162505294032,1.1687485959174377
131,1574352000,969,780,-189,1749,47,-0.4947462960552966,1.101213511196014
131,1574366400,1527,925,-602,2452,47,-1.7405006549513093,2.032138306473678
131,1574380800,574,248,-326,822,47,-0.9079868461007051,-0.12633596991692272
131,1574395200,64,32,-32,96,47,-0.021178658412018145,-1.0877177641866014
131,1574409600,154,313,159,467,47,0.5549450281476391,-0.5964331282719308
131,1574424000,577,1021,444,1598,47,1.4146060264172848,0.9012566917267008
131,1574438400,827,616,-211,1443,47,-0.5611060924129534,0.6960030028674719
131,1574452800,1170,640,-530,1810,47,-1.5233231395989777,1.1819907693922267
131,1574467200,397,183,-214,580,47,-0.5701551555526339,-0.4467965680068156
131,1574481600,76,41,-35,117,47,-0.030227721551698623,-1.0599091998895445
131,1574496000,46,106,60,152,47,0.25632594453818325,-1.0135615927277832
131,1574510400,229,416,187,645,47,0.6394029507846569,-0.36072244042068735
131,1574524800,428,384,-44,812,47,-0.057374910970740066,-0.13957814339171168
131,1574539200,383,323,-60,706,47,-0.10563658104903596,-0.2799451822244747
131,1574553600,194,157,-37,351,47,-0.03626043031148561,-0.7500423405794828
131,1574568000,64,47,-17,111,47,0.024066657286384255,-1.0678545039744178
131,1574582400,31,66,35,97,47,0.18091708504084592,-1.0863935468391224
131,1574596800,147,220,73,367,47,0.29553855147679864,-0.7288548630198205
131,1574611200,281,281,0,562,47,0.07534468174457365,-0.4706324802614357
131,1574625600,264,259,-5,523,47,0.060262909845106176,-0.5222769568131127
131,1574640000,151,86,-65,237,47,-0.12071835294850343,-0.901003118192077
131,1574654400,30,19,-11,49,47,0.04216478356574522,-1.1499559795181096
131,1574668800,162,401,239,563,47,0.7962533785391186,-0.46930826291395683
131,1574681588,539,1067,528,1606,47,1.667979794328338,0.9118504305065319
131,1574681675,264,525,261,789,47,0.8626131748967755,-0.1700351423837263
131,1574681756,0,9,9,9,47,0.10249187116361508,-1.2029246734172654
131,1574681839,441,395,-46,836,47,-0.06340761973052705,-0.10779692705221816
131,1574681919,3,0,-3,3,47,0.06629561860489316,-1.2108699775021388
131,1574683200,529,1205,676,1734,47,2.114400242552575,1.0813502509838306
131,1574697600,922,723,-199,1645,47,-0.5249098398542315,0.9634949070582088
131,1574712000,1456,700,-756,2156,47,-2.205019229454907,1.6401699716199247
131,1574726400,570,155,-415,725,48,-1.58916627584973,0.18416504697595565
131,1574740800,53,22,-31,75,48,-0.025451093463320466,-0.8998276147882621
131,1574755200,149,358,209,507,48,0.9518708955281855,-0.179389414969582
131,1574769600,614,1155,541,1769,48,2.303832980299769,1.9252240298710992
131,1574784000,880,744,-136,1624,48,-0.45302946364710434,1.6834102822467738
131,1574798400,1419,788,-631,2207,48,-2.4687560659420855,2.655668315798372
131,1574812800,598,164,-434,762,48,-1.6665375999782241,0.24586924464561113
131,1574827200,57,19,-38,76,48,-0.05395631814223939,-0.8981599337701633
131,1574841600,111,343,232,454,48,1.0455309194732048,-0.2677765089288182
131,1574847633,208,534,326,742,48,1.4283153651615446,0.21251562428363518
131,1574856000,530,976,446,1506,48,1.9169763596572975,1.4866239221111157
131,1574863322,353,338,-15,691,48,0.03970370580277993,0.12746389236059658
131,1574870400,1005,621,-384,1626,48,-1.4629288522716606,1.6867456442829714
131,1574884800,890,466,-424,1356,48,-1.6258158504369116,1.2364717693962963
131,1574899200,279,134,-145,413,48,-0.4896790382342858,-0.3361514306708689
131,1574913600,49,20,-29,69,48,-0.01730674355505792,-0.9098337008968549
131,1574928000,50,48,-2,98,48,0.09264198020648651,-0.8614709513719898
131,1574942400,121,92,-29,213,48,-0.01730674355505792,-0.6696876342906282
131,1574956800,146,197,51,343,48,0.30846725277544407,-0.45288910193778464
131,1574971200,96,123,27,219,48,0.21073505387629346,-0.6596815481820354
131,1574985600,73,73,0,146,48,0.10078633011474905,-0.7814222625032475
131,1575000000,21,17,-4,38,48,0.08449763029822395,-0.9615318124579176
131,1575014400,45,178,133,223,48,0.6423855990142086,-0.6530108241096403
131,1575028800,228,314,86,542,48,0.4509933761700387,-0.12102057933612412
131,1575043200,345,348,3,693,48,0.11300285497714288,0.13079925439679416
131,1575057600,310,307,-3,617,48,0.08856980525235522,0.004055497021285623
131,1575072000,190,105,-85,295,48,-0.24534854098640932,-0.5329377908065269
131,1575086400,46,24,-22,70,48,0.011198481123861006,-0.9081660198787561
131,1575100800,41,71,30,112,48,0.2229515787386873,-0.8381234171186066
131,1575115200,176,233,57,409,48,0.3329003025002317,-0.34282215474326405
131,1575129600,228,241,13,469,48,0.15372460451845563,-0.24276129365733629
131,1575144000,262,238,-24,500,48,0.003054131215598456,-0.19106318209627357
131,1575158400,157,136,-21,293,48,0.01527065607799228,-0.5362731528427245
131,1575172800,53,21,-32,74,48,-0.02952326841745174,-0.9014952958063609
131,1575187200,30,70,40,100,48,0.26367332828000006,-0.8581355893357923
131,1575201600,106,151,45,257,48,0.2840342030506564,-0.5963096694942811
131,1575216000,203,209,6,412,48,0.1252193798395367,-0.33781911168896767
131,1575230400,217,186,-31,403,48,-0.025451093463320466,-0.3528282408518568
131,1575244800,127,59,-68,186,48,-0.17612156676617763,-0.7147150217792957
131,1575259200,23,14,-9,37,48,0.06413675552756758,-0.9631994934760164
131,1575273600,136,328,192,464,48,0.8826439213079538,-0.2510996987478303
131,1575288000,604,1050,446,1654,48,1.9169763596572975,1.7334407127897375
131,1575302400,855,606,-249,1461,48,-0.9131852334639384,1.41157827629667
131,1575316800,1411,700,-711,2111,48,-2.7945300622725875,2.4955709380608875
131,1575331200,433,162,-271,595,49,-0.6438092459487965,-0.44933746633282384
131,1575345600,52,20,-32,72,49,0.12719495481880305,-1.2008333385322156
131,1575360000,162,366,204,528,49,0.8885212785893198,-0.5456094040715604
131,1575374400,709,1132,423,1841,49,1.5950062993763672,1.3410331966890539
131,1575388800,828,704,-124,1532,49,-0.16959327309173738,0.8970327674163732
131,1575403200,1359,701,-658,2060,49,-1.892255378572483,1.655713112581342
131,1575417600,644,148,-496,792,49,-1.3696500207300095,-0.16626923148907594
131,1575432000,79,21,-58,100,49,0.0433200208440851,-1.1606002899249823
131,1575446400,167,397,230,564,49,0.9723962125640379,-0.4938811987194035
131,1575460800,674,1158,484,1832,49,1.7917897983170517,1.3281011453510145
131,1575475200,875,671,-204,1546,49,-0.4276699930139464,0.9171492917199897
131,1575489600,1373,772,-601,2145,49,-1.708375715627909,1.777849152996157
131,1575504000,617,182,-435,799,49,-1.172866521789325,-0.15621096933726764
131,1575518400,88,18,-70,106,49,0.00460851285575374,-1.1519789223662895
131,1575532800,169,390,221,559,49,0.9433625815727893,-0.5010656716849808
131,1575547200,655,1109,454,1764,49,1.6950110283462232,1.2303923130191625
131,1575561600,854,664,-190,1518,49,-0.38250656702755986,0.8769162431127565
131,1575576000,1343,674,-669,2017,49,-1.9277409275617867,1.5939266450773768
131,1575590400,650,124,-526,774,49,-1.466428790700838,-0.19213333416515443
131,1575604800,85,28,-57,113,49,0.04654597984311271,-1.1419206602144811
131,1575619200,156,308,152,464,49,0.7207714106398839,-0.6375706580309507
131,1575633600,595,885,290,1480,49,1.1659537525056947,0.8223142485743686
131,1575648000,822,638,-184,1460,49,-0.3631508130333942,0.7935763567120592
131,1575662400,1079,647,-432,1726,49,-1.1631886447922424,1.1757903184807745
131,1575676800,420,180,-240,600,49,-0.5438045169789405,-0.4421529933672465
131,1575691200,93,39,-54,132,49,0.056223856840195555,-1.1146196629452874
131,1575705600,42,102,60,144,49,0.42398318272934354,-1.0973769278279015
131,1575720000,221,423,202,644,49,0.8820693605912646,-0.37892963127016577
131,1575734400,463,368,-95,831,49,-0.07604046211993659,-0.11023034235757255
131,1575748800,460,321,-139,781,49,-0.2179826580771516,-0.18207507201334613
131,1575763200,240,159,-81,399,49,-0.030877036133550008,-0.7309688065834563
131,1575777600,68,27,-41,95,49,0.09816132382755453,-1.1677847628905598
131,1575792000,29,53,24,82,49,0.3078486587643494,-1.186464392601061
131,1575806400,162,251,89,413,49,0.5175359937011443,-0.7108522822798398
131,1575820800,311,291,-20,602,49,0.16590646280713442,-0.43927920418101557
131,1575835200,291,277,-14,568,49,0.1852622168013001,-0.48813362034694163
131,1575849600,152,99,-53,251,49,0.059449815839223166,-0.9436292063645462
131,1575864000,28,13,-15,41,49,0.18203625780227248,-1.2453770709187952
131,1575878400,157,332,175,489,49,0.794968467617519,-0.6016482932030639
131,1575892800,587,1183,596,1770,49,2.153097206208144,1.2390136805778553
131,1575907200,868,701,-167,1569,49,-0.3083095100499248,0.9501978673616456
131,1575921600,1502,824,-678,2326,49,-1.9567745585530352,2.0379270743500575
131,1575936000,604,167,-437,771,50,-1.2635131408217175,-0.22073122875429405
131,1575950400,54,15,-39,69,50,0.0866681327176183,-1.2333404630146965
131,1575964800,147,376,229,523,50,0.995835422437573,-0.5784621263277695
131,1575979200,621,1188,567,1809,50,2.1424717803679636,1.276545673186301
131,1575993600,933,700,-233,1633,50,-0.5714604277513042,1.0226721329728667
131,1576008000,1525,830,-695,2355,50,-2.1387562779401814,2.064130633166614
131,1576022400,635,193,-442,828,50,-1.280475217122463,-0.1385108208442614
131,1576036800,63,25,-38,88,50,0.09006054797776739,-1.2059336603780189
131,1576051200,164,340,176,504,50,0.8160374136496714,-0.6058689289644471
131,1576065600,670,1175,505,1845,50,1.9321420342387203,1.3284743518663216
131,1576080000,912,734,-178,1646,50,-0.3848775884431045,1.0414241558295407
131,1576094400,1208,709,-499,1917,50,-1.4738428869509608,1.4323317092263628
131,1576108800,549,222,-327,771,50,-0.8903474622053181,-0.22073122875429405
131,1576123200,75,22,-53,97,50,0.03917431907553111,-1.1929514907080137
131,1576137600,150,351,201,501,50,0.9008477951533986,-0.6101963188544488
131,1576152000,680,1093,413,1773,50,1.6200398303050045,1.2246169945062804
131,1576166400,834,741,-93,1575,50,-0.09652229133043227,0.9390092617661668
131,1576180800,1399,844,-555,2243,50,-1.6638181415193094,1.9025747439398828
131,1576195200,630,190,-440,820,50,-1.2736903866021647,-0.1500505272175993
131,1576209600,80,37,-43,117,50,0.07309847167702195,-1.1641022247746688
131,1576224000,140,323,183,463,50,0.839784320470715,-0.6650099241278039
131,1576238400,578,889,311,1467,50,1.274013473769798,0.7832232257261049
131,1576252800,737,606,-131,1343,50,-0.2254340712160975,0.6043577769393671
131,1576267200,1154,679,-475,1833,50,-1.3924249207073827,1.3111647923063148
131,1576281600,416,232,-184,648,50,-0.405232080003999,-0.39815421424436453
131,1576296000,81,31,-50,112,50,0.049351564855978365,-1.171314541258005
131,1576310400,43,101,58,144,50,0.4157324129520795,-1.1251557157646535
131,1576324800,230,361,131,591,50,0.6633787269429626,-0.48037462215439725
131,1576339200,470,405,-65,875,50,-0.001534664046257908,-0.07071504590090111
131,1576353600,469,344,-125,813,50,-0.205079579655203,-0.16014777029427
131,1576368000,286,156,-130,442,50,-0.2220416559559484,-0.695301653357816
131,1576382400,63,38,-25,101,50,0.1341619463597055,-1.1871816375213449
131,1576396800,33,96,63,129,50,0.43269448925282494,-1.146792665214662
131,1576411200,207,262,55,469,50,0.40555516717163226,-0.6563551443478005
131,1576425600,429,347,-82,776,50,-0.05920572346879235,-0.21351891227095784
131,1576440000,420,273,-147,693,50,-0.27971271537848286,-0.3332433658943388
131,1576454400,184,103,-81,287,50,-0.05581330820864326,-0.9188834643412381
131,1576468800,31,15,-16,46,50,0.16469368370104726,-1.2665171188380429
131,1576483200,158,336,178,494,50,0.8228222441699696,-0.6202935619311195
131,1576497600,579,1087,508,1666,50,1.9423192800191675,1.0702734217628855
131,1576512000,834,676,-158,1510,50,-0.3170292832401228,0.8452491474827962
131,1576526400,1285,737,-548,2022,50,-1.640071234698266,1.5837903553764228
131,1576540800,489,190,-299,679,51,-1.2353631667538327,-0.15376863446232483
131,1576555200,56,18,-38,74,51,-0.10920507661200202,-1.1437004818622927
131,1576569600,166,382,216,548,51,0.986749539847864,-0.36811751381669805
131,1576584000,623,1088,465,1711,51,2.0611302465348977,1.5348423845736536
131,1576598400,704,724,20,1428,51,0.14105227675284926,1.07178335512871
131,1576612800,1337,765,-572,2102,51,-2.4132986403504604,2.1746165206618975
131,1576627200,554,193,-361,747,51,-1.5028796479369495,-0.0425035673165433
131,1576641600,46,24,-22,70,51,-0.040168565338939595,-1.1502454858120446
131,1576656000,160,439,279,599,51,1.2585808029855472,-0.2846687134573619
131,1576670400,694,957,263,1651,51,1.1895442917124848,1.4366673253273758
131,1576684800,751,741,-10,1492,51,0.01160881811585722,1.1765034183247396
131,1576699200,1315,720,-595,2035,51,-2.5125386253054875,2.064987704503554
131,1576713600,516,230,-286,746,51,-1.1792710013444694,-0.04413981830398126
131,1576728000,61,17,-44,78,51,-0.13509376833940043,-1.137155477912541
131,1576742400,145,293,148,438,51,0.6933443669373487,-0.5481051224348741
131,1576756800,602,1046,444,1648,51,1.9705198254890035,1.4317585723650619
131,1576771200,736,703,-33,1439,51,-0.08763116683917001,1.0897821159905274
131,1576785600,1127,741,-386,1868,51,-1.6107491968011096,1.791733789601414
131,1576800000,413,186,-227,599,51,-0.9246988660250518,-0.2846687134573619
131,1576814400,65,19,-46,84,51,-0.14372333224853323,-1.127337971987913
131,1576828800,133,293,160,426,51,0.7451217503921455,-0.5677401342841296
131,1576843200,513,886,373,1399,51,1.664170306714789,1.0243320764930088
131,1576857600,743,594,-149,1337,51,-0.5881458735688725,0.9228845152718552
131,1576872000,893,618,-275,1511,51,-1.131808399844239,1.2075921870860609
131,1576886400,305,183,-122,488,51,-0.4716467607955797,-0.46629257306297583
131,1576900800,68,30,-38,98,51,-0.10920507661200202,-1.1044304581637816
131,1576915200,37,85,48,122,51,0.2618661714807085,-1.0651604344652705
131,1576929600,167,271,104,438,51,0.503493960936427,-0.5481051224348741
131,1576944000,271,294,23,565,51,0.15399662261654845,-0.34030124703025266
131,1576958400,300,332,32,632,51,0.19282966020764608,-0.2306724308719091
131,1576972800,171,126,-45,297,51,-0.13940855029396682,-0.7788165116636269
131,1576987200,47,20,-27,67,51,-0.061742475111771604,-1.1551542387743585
131,1577001600,25,61,36,86,51,0.2100887880259117,-1.1240654700130372
131,1577016000,122,190,68,312,51,0.3481618105720365,-0.7542727468520575
131,1577030400,259,318,59,577,51,0.3093287729809389,-0.32066623518099713
131,1577044800,268,277,9,545,51,0.09358967525261884,-0.3730262667790119
131,1577059200,129,87,-42,216,51,-0.12646420443026762,-0.911352841646102
131,1577073600,31,17,-14,48,51,-0.005650309702408386,-1.1862430075356798
131,1577088000,85,262,177,347,51,0.8184730436197744,-0.6970039622917287
131,1577102400,327,615,288,942,51,1.2974138405766449,0.2765653752338596
131,1577116800,482,510,28,992,51,0.17557053238938047,0.3583779246057578
131,1577131200,563,421,-142,984,51,-0.5579423998869076,0.3452879167062541
131,1577145600,186,110,-76,296,52,-1.3537635242707013,-0.3380531845837621
131,1577160000,36,18,-18,54,52,-0.653228644796792,-1.1215379795009568
131,1577174400,71,201,130,272,52,1.1343431166193905,-0.4157541559805087
131,1577188800,234,435,201,669,52,1.9918944345960727,0.8695494125406744
131,1577203200,400,361,-39,761,52,-0.9068705839166558,1.167403136228203
131,1577217600,334,405,71,739,52,0.4217300495683448,1.0961772457811854
131,1577232000,107,74,-33,181,52,-0.8344014584538376,-0.7103703391931728
131,1577246400,24,19,-5,43,52,-0.4962122062940192,-1.1571509247244658
131,1577260800,25,38,13,63,52,-0.27880482990556454,-1.092400115227177
131,1577275200,77,69,-8,146,52,-0.5324467690254283,-0.8236842558134283
131,1577289600,110,113,3,223,52,-0.3995867056769282,-0.5743936392488663
131,1577304000,98,119,21,217,52,-0.18217932928847358,-0.593818882098053
131,1577318400,53,63,10,116,52,-0.3150393926369736,-0.9208104700593616
131,1577332800,17,11,-6,28,52,-0.5082903938711555,-1.2057140318474324
131,1577347200,75,201,126,276,52,1.086030366310845,-0.40280399408105094
131,1577361600,226,433,207,659,52,2.064363560058891,0.83717400779203
131,1577376000,376,389,13,765,52,-0.27880482990556454,1.1803532981276608
131,1577390400,473,423,-50,896,52,-1.0397306472651557,1.6044711003349026
131,1577404800,188,128,-60,316,52,-1.1605125230365194,-0.2733023750864733
131,1577419200,37,13,-24,50,52,-0.7256977702596101,-1.1344881414004147
131,1577433600,87,237,150,324,52,1.3759068681621178,-0.24740205128755777
131,1577448000,284,469,185,753,52,1.7986434333618908,1.1415028124292874
131,1577462400,412,434,22,846,52,-0.17010114171133722,1.4425940765916805
131,1577476800,442,475,33,917,52,-0.03724107836283717,1.6724594503070556
