remote_unit_id,time_stamp,entries,exits,num_people_exited,sum_exit_entry,week_num,z_score_num_people_exited,z_score_sum_exit_entry
189,1546311600,466,230,-236,696,1,-1.548800700903633,-0.15570325536266408
189,1546326000,141,48,-93,189,1,-0.02186422525898107,-1.2834396906322454
189,1546340400,81,128,47,209,1,1.4730386180294897,-1.2389530462429128
189,1546354800,334,362,28,696,1,1.27015894644034,-0.15570325536266408
189,1546369200,580,404,-176,984,1,-0.9081280537800029,0.4849044238437253
189,1546383600,498,296,-202,794,1,-1.185752867533576,0.06228130214506563
189,1546398000,169,56,-113,225,1,-0.23542177430019115,-1.2033637307314466
189,1546412400,46,78,32,124,1,1.312870456248582,-1.4280212848975762
189,1546426800,516,481,-35,997,1,0.5974526669605282,0.5138207426967915
189,1546441200,491,434,-57,925,1,0.36253936301519707,0.35366882289519413
189,1546455600,818,669,-149,1487,1,-0.6198253625743693,1.60374353023544
189,1546470000,600,464,-136,1064,1,-0.48101295569758273,0.6628510014010557
189,1546484400,222,56,-166,278,1,-0.8013492792593979,-1.0854741230997154
189,1546498800,75,77,2,152,1,0.9925341326867668,-1.3657399827525105
189,1546513200,599,496,-103,1095,1,-0.12864299977958613,0.7318053002045212
189,1546527600,509,438,-71,947,1,0.21304907868635004,0.40260413172346
189,1546542000,846,697,-149,1543,1,-0.6198253625743693,1.7283061345255712
189,1546556400,685,469,-216,1154,1,-1.335243151862423,0.8630409011530523
189,1546570800,279,86,-193,365,1,-1.0896519704650316,-0.8919572200061184
189,1546585200,82,81,-1,163,1,0.9605005003305853,-1.3412723283383776
189,1546599600,636,497,-139,1133,1,-0.5130465880537642,0.8163299245442531
189,1546614000,510,481,-29,991,1,0.6615199316728912,0.5004747493799917
189,1546628400,855,801,-54,1656,1,0.3945729953713786,1.9796556753253003
189,1546642800,775,539,-236,1314,1,-1.548800700903633,1.2189340562677131
189,1546657200,410,167,-243,577,1,-1.6235458430680565,-0.420398789479193
189,1546671600,72,81,9,153,1,1.0672792748511903,-1.363515650533044
189,1546686000,189,228,39,417,1,1.3876155984130056,-0.7762919445938538
189,1546700400,404,406,2,810,1,0.9925341326867668,0.09787061765653171
189,1546714800,625,635,10,1260,1,1.077957152303251,1.098820116416515
189,1546729200,688,528,-160,1216,1,-0.7372820145470349,1.0009494987599834
189,1546743600,434,188,-246,622,1,-1.6555794754242381,-0.3203038396031947
189,1546758000,74,37,-37,111,1,0.5760969120564072,-1.4569376037506425
189,1546772400,159,192,33,351,1,1.3235483337006424,-0.9230978710786513
189,1546786800,430,479,49,909,1,1.4943943729336107,0.31807950738372803
189,1546801200,619,506,-113,1125,1,-0.23542177430019115,0.79853526678852
189,1546815600,472,358,-114,830,1,-0.24609965175225165,0.1423572620458643
189,1546830000,155,60,-95,215,1,-0.04321998016310208,-1.225607052926113
189,1546844400,62,61,-1,123,1,0.9605005003305853,-1.4302456171170428
189,1546858800,662,478,-184,1140,1,-0.993551073396487,0.8319002500805195
189,1546873200,423,406,-17,829,1,0.7896544610976173,0.14013292982639766
189,1546887600,745,696,-49,1441,1,0.44796238263168114,1.501424248139975
189,1546902000,560,302,-258,862,1,-1.7837140048489641,0.21353589306879645
189,1546916400,192,32,-160,224,2,-0.6707788444565053,-1.1953887005057993
189,1546930800,62,79,17,141,2,1.3678842502653508,-1.3663406618597218
189,1546945200,681,520,-161,1201,2,-0.6822967150481541,0.8169012542265179
189,1546959600,451,409,-42,860,2,0.6883298853580654,0.1145564491459446
189,1546974000,784,654,-130,1438,2,-0.32524272670703813,1.3050411920684413
189,1546988400,626,437,-189,1063,2,-1.0047970916143234,0.5326678726983094
189,1547002800,177,75,-102,252,2,-0.0027423501408688176,-1.1377181593261627
189,1547017200,72,92,20,164,2,1.4024378620402975,-1.3189684316050203
189,1547031600,599,533,-66,1132,2,0.4119009911584917,0.6747845634624137
189,1547046000,513,403,-110,916,2,-0.09488531487406004,0.22989753150521763
189,1547060400,839,744,-95,1583,2,0.0778827440006735,1.603692208891559
189,1547074800,700,405,-295,1105,2,-2.225691374329107,0.6191736844677641
189,1547089200,214,70,-144,284,2,-0.48649291499012276,-1.0718089694065782
189,1547103600,60,80,20,140,2,1.4024378620402975,-1.3684003240447087
189,1547118000,707,516,-191,1223,2,-1.0278328327976212,0.8622138222962323
189,1547132400,468,397,-71,865,2,0.3543116382002472,0.12485476007087969
189,1547146800,861,773,-88,1634,2,0.15850783814221583,1.7087349803258969
189,1547161200,703,473,-230,1176,2,-1.4770297858719286,0.7654096996018425
189,1547175600,238,96,-142,334,2,-0.463457173806825,-0.9688258601572272
189,1547190000,71,73,2,144,2,1.1951161913906172,-1.3601616753047607
189,1547204400,660,486,-174,1146,2,-0.83202903273959,0.7036198340522319
189,1547218800,473,423,-50,896,2,0.5961869206248742,0.18870428780547727
189,1547233200,794,826,32,1620,2,1.5406523091400843,1.6798997097360788
189,1547247600,753,610,-143,1363,2,-0.4749750443984739,1.1505665281944149
189,1547262000,365,154,-211,519,2,-1.2581902446305993,-0.5877883559346287
189,1547276400,66,41,-25,107,2,0.8841336854160968,-1.4363691761492805
189,1547290800,197,218,21,415,2,1.4139557326319463,-0.8019932231732787
189,1547305200,481,453,-28,934,2,0.8495800736411501,0.26697145083498397
189,1547319600,744,627,-117,1371,2,-0.1755104090156024,1.1670438256743112
189,1547334000,717,481,-236,1198,2,-1.5461370094218219,0.8107222676715569
189,1547348400,403,172,-231,575,2,-1.4885476564635773,-0.4724472735753557
189,1547362800,99,46,-53,145,2,0.5616333088499275,-1.3581020131197736
189,1547377200,127,182,55,309,2,1.8055633327480092,-1.0203174147819027
189,1547391600,435,390,-45,825,2,0.6537762735831187,0.042468272671398945
189,1547406000,610,463,-147,1073,2,-0.5210465267650695,0.5532644945481796
189,1547420400,468,212,-256,680,2,-1.7764944212548,-0.25618274415171877
189,1547434800,162,51,-111,213,2,-0.10640318546570895,-1.2180449845406565
189,1547449200,57,66,9,123,2,1.2757412855321595,-1.403414581189488
189,1547463600,654,534,-120,1188,2,-0.2100640207905491,0.7901256458216867
189,1547478000,399,366,-33,765,2,0.7919907206829055,-0.08111145842782216
189,1547492400,806,683,-123,1489,2,-0.2446176325654958,1.4100839635027793
189,1547506800,541,410,-131,951,2,-0.336760597298687,0.30198570797976326
189,1547521200,172,52,-120,224,3,-0.3271672084610178,-1.1648972830781124
189,1547535600,75,76,1,151,3,0.9597242415381251,-1.3181443040133862
189,1547550000,715,524,-191,1239,3,-1.0822853320142338,0.9658660902000104
189,1547564400,464,440,-24,904,3,0.6938375783151617,0.2626092133052605
189,1547578800,794,698,-96,1492,3,-0.07191601176697293,1.4969824778250005
189,1547593200,691,495,-196,1186,3,-1.1354626646588266,0.8546045544524827
189,1547607600,164,59,-105,223,3,-0.16763521052723976,-1.1669965573374996
189,1547622000,79,90,11,169,3,1.0660789068273104,-1.2803573673444146
189,1547636400,706,525,-181,1231,3,-0.9759306667250485,0.9490718961249118
189,1547650800,505,478,-27,983,3,0.661931178728406,0.4284518797968582
189,1547665200,829,757,-72,1586,3,0.18333518492707193,1.694314258207408
189,1547679600,732,454,-278,1186,3,-2.0075709200301466,0.8546045544524827
189,1547694000,191,70,-121,261,3,-0.3378026749899363,-1.087224135480782
189,1547708400,74,83,9,157,3,1.0448079737694733,-1.3055486584570624
189,1547722800,709,590,-119,1299,3,-0.31653174193209926,1.091822545763249
189,1547737200,501,417,-84,918,3,0.05570958658004951,0.2919990529366829
189,1547751600,808,787,-21,1595,3,0.7257439779019172,1.713207726541894
189,1547766000,730,507,-223,1237,3,-1.422620260939627,0.9616675416812357
189,1547780400,238,76,-162,314,3,-0.7738568026755963,-0.9759625997332542
189,1547794800,84,85,1,169,3,0.9597242415381251,-1.2803573673444146
189,1547809200,678,518,-160,1196,3,-0.7525858696177592,0.8755972970463559
189,1547823600,469,407,-62,876,3,0.2896898502162573,0.20382953404241574
189,1547838000,791,838,47,1629,3,1.4489557018683776,1.7845830513610625
189,1547852400,718,566,-152,1284,3,-0.667502137386411,1.0603334318724396
189,1547866800,389,125,-264,514,3,-1.858674388625287,-0.5561077478557916
189,1547881200,76,52,-24,128,3,0.6938375783151617,-1.3664276119792944
189,1547895600,198,205,7,403,3,1.0235370407116362,-0.7891271906477834
189,1547910000,477,527,50,1004,3,1.4808621014551333,0.4725366392439918
189,1547924400,697,532,-165,1229,3,-0.8057632022623519,0.9448733476061373
189,1547938800,656,452,-204,1108,3,-1.2205463968901749,0.6908611622202724
189,1547953200,395,156,-239,551,3,-1.5927877254023235,-0.478434600258461
189,1547967600,61,26,-35,87,3,0.5768474464970578,-1.4524978566141742
189,1547982000,126,150,24,276,3,1.2043399717032515,-1.0557350215899721
189,1547996400,377,422,45,799,3,1.4276847688105407,0.04218541606959263
189,1548010800,574,433,-141,1007,3,-0.550512005568307,0.47883446202215374
189,1548025200,472,278,-194,750,3,-1.1141917316009895,-0.060679022640385716
189,1548039600,214,94,-120,308,3,-0.3271672084610178,-0.9885582452895781
189,1548054000,41,75,34,116,3,1.3106946369924368,-1.3916189030919421
189,1548068400,247,299,52,546,3,1.5021330345129704,-0.48893097155539755
189,1548082800,367,372,5,739,3,1.0022661076537993,-0.08377103949364616
189,1548097200,544,447,-97,991,3,-0.08255147829589146,0.44524607387195675
189,1548111600,403,246,-157,649,3,-0.7206794700310036,-0.2727057228385043
189,1548126000,123,52,-71,175,4,0.32146139302673815,-1.3262724051759318
189,1548140400,56,75,19,131,4,1.2583342269828448,-1.4153817091121297
189,1548154800,672,575,-97,1247,4,0.05080924099497402,0.844754272542343
189,1548169200,408,383,-25,791,4,0.8003075081598593,-0.0787421500691619
189,1548183600,777,642,-135,1419,4,-0.3447592888976043,1.193090642474753
189,1548198000,629,403,-226,1032,4,-1.2920418210087787,0.40933381012683084
189,1548212400,178,59,-119,237,4,-0.1782041184165187,-1.2007092950840166
189,1548226800,77,78,1,155,4,1.0709596601916234,-1.3667766342378398
189,1548241200,675,508,-167,1183,4,-0.6778696298597755,0.7151407395442371
189,1548255600,488,383,-105,871,4,-0.032468344245568784,0.08327476617847056
189,1548270000,843,647,-196,1490,4,-0.9797508763567432,1.3368806556445267
189,1548284400,645,476,-169,1121,4,-0.6986890261699112,0.589577629452322
189,1548298800,197,78,-119,275,4,-0.1782041184165187,-1.1237512598663912
189,1548313200,83,70,-13,153,4,0.9252238860206735,-1.3708270571440306
189,1548327600,663,568,-95,1231,4,0.07162863730510972,0.8123508892928166
189,1548342000,406,437,31,843,4,1.383250604843659,0.026568845491799196
189,1548356400,774,806,32,1580,4,1.393660302998727,1.519149686423113
189,1548370800,742,492,-250,1234,4,-1.5418745767304072,0.8184265236521028
189,1548385200,272,105,-167,377,4,-0.6778696298597755,-0.9171796916506598
189,1548399600,75,78,3,153,4,1.091779056501759,-1.3708270571440306
189,1548414000,684,538,-146,1222,4,-0.45926596860335067,0.7941239862149579
189,1548428400,518,451,-67,969,4,0.3631001856470095,0.2817454885818203
189,1548442800,860,848,-12,1708,4,0.9356335841757414,1.778376752419325
189,1548457200,805,648,-157,1453,4,-0.573772648309097,1.2619478318799966
189,1548471600,462,160,-302,622,4,-2.0831788807939353,-0.42100288564228544
189,1548486000,65,41,-24,106,4,0.8107172063149272,-1.4660119954395148
189,1548500400,208,251,43,459,4,1.5081669827044732,-0.7511123524968366
189,1548514800,495,492,-3,987,4,1.029320867571352,0.3181992947375376
189,1548529200,826,655,-171,1481,4,-0.719508422480047,1.318653752566668
189,1548543600,765,508,-257,1273,4,-1.614742463815882,0.8974097703228237
189,1548558000,470,178,-292,648,4,-1.9790818992432568,-0.36834738786180493
189,1548572400,69,36,-33,105,4,0.7170299229193164,-1.4680372068926102
189,1548586800,151,177,26,328,4,1.3312021140683197,-1.0164150528523348
189,1548601200,490,407,-83,897,4,0.19654501516592393,0.1359302639589511
189,1548615600,663,444,-219,1107,4,-1.2191739339233039,0.5612246691089863
189,1548630000,531,264,-267,795,4,-1.7188394453665605,-0.07064130425678028
189,1548644400,169,46,-123,215,4,-0.2198429110367901,-1.2452639470521156
189,1548658800,74,85,11,159,4,1.1750566417423018,-1.3586757884254583
189,1548673200,684,553,-131,1237,4,-0.3031204962773329,0.824502158011389
189,1548687600,453,426,-27,879,4,0.7794881118497236,0.0994764578032338
189,1548702000,743,682,-61,1425,4,0.42555837457741663,1.2052419111933252
189,1548716400,599,483,-116,1082,4,-0.14697502395131515,0.5105943827816012
189,1548730800,164,50,-114,214,5,0.15315008648464015,-1.1827536405181134
189,1548745200,75,76,1,151,5,0.8992852368950298,-1.3014452357084658
189,1548759600,715,556,-159,1271,5,-0.13881584193681665,0.8086275676755804
189,1548774000,471,415,-56,886,5,0.5294617275611845,0.08329004151231453
189,1548788400,865,805,-60,1670,5,0.5035092005903883,1.560341003881147
189,1548802800,582,488,-94,1070,5,0.28291272133862094,0.42994485921112213
189,1548817200,192,63,-129,255,5,0.05582811034415456,-1.1055099039656615
189,1548831600,86,92,6,178,5,0.9317258956085249,-1.2505774091983148
189,1548846000,706,553,-153,1259,5,-0.0998870514806224,0.78601964478218
189,1548860400,499,443,-56,942,5,0.5294617275611845,0.18879368168151686
189,1548874800,809,791,-18,1600,5,0.776010733783748,1.428461453669644
189,1548889200,583,461,-122,1044,5,0.10124503254304784,0.38096102627542106
189,1548903600,133,51,-82,184,5,0.3607703022510094,-1.2392734477516145
189,1548918000,70,79,9,149,5,0.9511902908366221,-1.305213222857366
189,1548932400,661,525,-136,1186,5,0.01041118814526128,0.648488113847327
189,1548946800,402,373,-29,775,5,0.7046412846140586,-0.12583324525164005
189,1548961200,773,740,-33,1513,5,0.6786887576432624,1.2645540126924906
189,1548975600,600,438,-162,1038,5,-0.15828023716491377,0.36965706482872085
189,1548990000,206,81,-125,287,5,0.08178063731495072,-1.0452221095832603
189,1549004400,73,77,4,150,5,0.9187496321231269,-1.303329229282916
189,1549018800,618,488,-130,1106,5,0.04933997860145552,0.49776862789132365
189,1549021029,47,21,-26,68,5,0.7241056798421557,-1.4578167023878192
189,1549033200,394,484,90,878,5,1.4767289619952444,0.0682180929167142
189,1549047600,814,810,-4,1624,5,0.8668445781815346,1.473677299456445
189,1549062000,747,597,-150,1344,5,-0.08042265625252527,0.9461590986104335
189,1549076400,458,119,-339,577,5,-1.3066795556226438,-0.49886397299274826
189,1549090800,74,32,-42,106,5,0.620295571958971,-1.3862249465587178
189,1549105200,206,227,21,433,5,1.0290478717490106,-0.7701590477135543
189,1549119600,627,445,-182,1072,5,-0.28804287201889456,0.4337128463600222
189,1549134000,945,556,-389,1501,5,-1.6310861427575958,1.24194608979909
189,1549148400,1058,501,-557,1559,5,-2.721092275531035,1.3512177171171924
189,1549162800,562,236,-326,798,5,-1.2223338429675563,-0.0825013930392891
189,1549177200,86,37,-49,123,5,0.5748786497600777,-1.3541970557930672
189,1549191600,158,218,60,376,5,1.282085009714273,-0.8775466814572066
189,1549206000,577,433,-144,1010,5,-0.04149386579633104,0.3169052447441197
189,1549220400,814,458,-356,1272,5,-1.4169777952485276,0.8105115612500305
189,1549234800,586,187,-399,773,5,-1.6959674601845864,-0.12960123240054014
189,1549249200,185,78,-107,263,5,0.19856700868353344,-1.0904379553700612
189,1549263600,73,95,22,168,5,1.0355360034917096,-1.2694173449428152
189,1549278000,847,492,-355,1339,5,-1.4104896635058284,0.9367391307381833
189,1549292400,565,435,-130,1000,5,0.04933997860145552,0.29806530899961925
189,1549306800,1153,691,-462,1844,5,-2.104719759974626,1.8881558858354541
189,1549321200,798,343,-455,1141,5,-2.0593028377757325,0.563708402997075
189,1549335600,196,59,-137,255,6,0.20602933078587726,-1.1688593713580886
189,1549350000,72,84,12,156,6,1.1827956581025594,-1.3398096796981143
189,1549364400,834,545,-289,1379,6,-0.790403432651275,0.7720309980781633
189,1549378800,575,373,-202,948,6,-0.22007678515764179,0.02779278702209169
189,1549393200,1149,712,-437,1861,6,-1.7606142812611334,1.604334519491218
189,1549407600,887,548,-339,1435,6,-1.1181773679924434,0.8687301623917133
189,1549422000,257,91,-166,348,6,0.015920448287999534,-1.0082696877659432
189,1549436400,80,94,14,174,6,1.1959066155162061,-1.308727805454473
189,1549450800,886,519,-367,1405,6,-1.3017307717834978,0.8169270386523115
189,1549465200,606,394,-212,1000,6,-0.2856315722258755,0.11758486817038803
189,1549479600,1179,693,-486,1872,6,-2.081832737895479,1.6233289981956653
189,1549494000,900,543,-357,1443,6,-1.236175984715264,0.8825443287222204
189,1549508400,191,79,-112,270,6,0.3699162984564615,-1.1429578094883877
189,1549522800,66,84,18,150,6,1.2221285303434997,-1.3501703044459945
189,1549537200,906,581,-325,1487,6,-1.0264006660969163,0.9585222435400096
189,1549551600,624,465,-159,1089,6,0.06180879923576312,0.27126746859727985
189,1549566000,1313,805,-508,2118,6,-2.226053269445593,2.0481146128587597
189,1549580400,876,522,-354,1398,6,-1.216509548594794,0.8048396431131177
189,1549594800,261,63,-198,324,6,-0.1938548703303483,-1.0497121867574646
189,1549609200,78,98,20,176,6,1.2352394877571464,-1.3052742638718464
189,1549623600,716,589,-127,1305,6,0.27158411785411096,0.6442499595209724
189,1549638000,549,462,-87,1011,6,0.5338032661270458,0.13657934687483533
189,1549652400,921,920,-1,1841,6,1.0975744349138556,1.5697991036649501
189,1549666800,915,719,-196,1634,6,-0.18074391291670155,1.212357549863078
189,1549681200,451,125,-326,576,6,-1.0329561448037397,-0.6145659473464898
189,1549695600,70,49,-21,119,6,0.9664648607773881,-1.4037001989767097
189,1549710000,217,278,61,495,6,1.5040141147369044,-0.7544343814428746
189,1549724400,573,571,-2,1144,6,1.0910189562070323,0.36623986211951637
189,1549738800,744,680,-64,1424,6,0.6845792763839833,0.8497356836872659
189,1549753200,727,530,-197,1257,6,-0.18729939162352494,0.5613649615379296
189,1549767600,496,179,-317,675,6,-0.9739568364423293,-0.4436156390064641
189,1549782000,88,50,-38,138,6,0.8550217227613909,-1.3708915539417552
189,1549796400,151,208,57,359,6,1.477792199909611,-0.9892752090614958
189,1549810800,470,452,-18,922,6,0.9861312968978583,-0.017103253552056486
189,1549825200,731,487,-244,1218,6,-0.4954068908442233,0.49402090067670734
189,1549839600,520,256,-264,776,6,-0.6265164649806907,-0.2692117890838116
189,1549854000,184,60,-124,244,6,0.29125055397458105,-1.1878538500625357
189,1549868400,70,71,1,141,6,1.1106853923275022,-1.3657112415678152
189,1549882800,693,500,-193,1193,6,-0.16107747679623144,0.45085163089387253
189,1549897200,449,409,-40,858,6,0.8419107653477441,-0.12761658419611352
189,1549911600,794,709,-85,1503,6,0.5469142235406925,0.9861505762010239
189,1549926000,642,377,-265,1019,6,-0.6330719436875141,0.15039351320534247
189,1549940400,193,38,-155,231,7,-0.5101822176824554,-1.2255200644721278
189,1549954800,87,72,-15,159,7,0.6334973248157673,-1.3637149660257584
189,1549969200,680,575,-105,1255,7,-0.10172523821880448,0.739918535401731
189,1549983600,439,455,16,894,7,0.8867406520832308,0.04702465400088822
189,1549998000,715,764,49,1479,7,1.1563222585292403,1.1698582291241375
189,1550012400,627,420,-207,1047,7,-0.9349774763246524,0.34068881980235344
189,1550026800,190,34,-156,224,7,-0.5183513572717284,-1.238955679900953
189,1550041200,75,64,-11,139,7,0.6661738831728593,-1.4021024386795446
189,1550055600,686,592,-94,1278,7,-0.011864702736801262,0.7840641289535852
189,1550070000,465,491,26,956,7,0.968432047975961,0.16602581922762577
189,1550084400,832,868,36,1700,7,1.050123443868691,1.5940398019484763
189,1550098800,755,462,-293,1217,7,-1.6375234810021322,0.666982337359537
189,1550113200,223,50,-173,273,7,-0.6572267302893698,-1.1449063718991765
189,1550127600,94,77,-17,171,7,0.6171590456372212,-1.3406824824334866
189,1550142000,698,598,-100,1296,7,-0.06087954027243938,0.8186128543419929
189,1550156400,480,478,-2,958,7,0.7396961394763165,0.16986456649300438
189,1550170800,872,934,62,1806,7,1.2625210731897896,1.7974934070135435
189,1550185200,777,535,-242,1312,7,-1.2208973619492083,0.8493228324650219
189,1550199600,327,38,-289,365,7,-1.6048469226450401,-0.9683239976917595
189,1550214000,89,76,-13,165,7,0.6498356039943133,-1.3521987242296225
189,1550228400,634,557,-77,1191,7,0.12701067028084007,0.6170786229096148
189,1550242800,449,465,16,914,7,0.8867406520832308,0.08541212665467453
189,1550257200,911,895,-16,1806,7,0.6253281852264942,1.7974934070135435
189,1550271600,861,715,-146,1576,7,-0.43665996137899826,1.3560374714950012
189,1550286000,505,181,-324,686,7,-1.8907668082695959,-0.3522050615984893
189,1550300400,89,52,-37,141,7,0.45377625385176085,-1.3982636914141662
189,1550314800,176,303,127,479,7,1.7935151464925358,-0.7495154035651775
189,1550329200,524,555,31,1079,7,1.009277745922326,0.4021087760484115
189,1550343600,845,690,-155,1535,7,-0.5101822176824554,1.2773431525547392
189,1550358000,854,666,-188,1520,7,-0.7797638241284651,1.2485525480643995
189,1550372400,532,182,-350,714,7,-2.1031644375906944,-0.2984625998831885
189,1550386800,99,57,-42,156,7,0.41293055590539574,-1.3694730869238263
189,1550401200,150,214,64,364,7,1.2788593523683358,-0.9702433713244488
189,1550415600,494,522,28,1016,7,0.9847703271545071,0.28118823718898467
189,1550430000,747,547,-200,1294,7,-0.8777934991997414,0.8147741070766142
189,1550444400,681,331,-350,1012,7,-2.1031644375906944,0.2735107426582274
189,1550458800,273,83,-190,356,7,-0.7961021033070111,-0.9855983603859633
189,1550473200,58,59,1,117,7,0.7642035582441356,-1.4443286585987096
189,1550487600,283,285,2,568,7,0.7723726978334086,-0.5786911502558285
189,1550502000,509,457,-52,966,7,0.33123916001266557,0.1852195555545189
189,1550516400,672,498,-174,1170,7,-0.6653958698786429,0.5767717766231392
189,1550530800,553,381,-172,934,7,-0.6490575907000968,0.12379959930846082
189,1550545200,179,70,-109,249,8,-0.574106490020942,-1.264447759803558
189,1550559600,77,62,-15,139,8,0.6907218708064458,-1.464121290481952
189,1550574000,652,583,-69,1235,8,-0.035881655626308934,0.5253531606409566
189,1550588400,440,417,-23,857,8,0.5830769039275191,-0.16079769932661594
189,1550602800,842,677,-165,1519,8,-1.3276212581734284,1.040873912574265
189,1550617200,721,535,-186,1256,8,-1.6101892962306106,0.5634726528613773
189,1550631600,218,72,-146,290,8,-1.0719644618359776,-1.1900239892779747
189,1550646000,83,83,0,166,8,0.8925561837044331,-1.4151105147699825
189,1550660400,678,561,-117,1239,8,-0.6817514568998686,0.5326140163019891
189,1550674800,520,512,-8,1032,8,0.7849112168255065,0.1568647358435565
189,1550689200,792,789,-3,1581,8,0.8521893211248356,1.1534171753202689
189,1550703600,659,546,-113,1205,8,-0.6279289734604053,0.47089674318321273
189,1550718000,193,78,-115,271,8,-0.654840215180137,-1.2245130536678792
189,1550732400,77,99,22,176,8,1.1885798426214813,-1.3969583756174013
189,1550746800,625,561,-64,1186,8,0.0313964486730202,0.4364076787933083
189,1550761200,460,532,72,992,8,1.8613608856147725,0.08425617923323139
189,1550775600,862,822,-40,1684,8,0.35433134930980004,1.3403842085918563
189,1550790000,786,719,-67,1505,8,-0.008970413906577282,1.0154609177606513
189,1550804400,266,113,-153,379,8,-1.1661538078550384,-1.0284699508200013
189,1550818800,92,82,-10,174,8,0.7579999751057749,-1.4005888034479175
189,1550833200,618,542,-76,1160,8,-0.13007100164536972,0.38921211699659697
189,1550847600,525,531,6,1056,8,0.9732899088636281,0.2004298698097516
189,1550862000,894,910,16,1804,8,1.1078461174622865,1.5582098784228315
189,1550876400,884,655,-229,1539,8,-2.1887809932048414,1.0771781908794276
189,1551495600,5123,7633,2510,12756,9,4.068601403893879,4.07648756464052
189,1551510000,99,47,-52,146,9,-0.18454655806849485,-0.45314262350037593
189,1551524400,179,249,70,428,9,0.01798429726304673,-0.35184558043489356
189,1551538800,463,470,7,933,9,-0.08660130835897885,-0.17044484728571413
189,1551553200,698,639,-59,1337,9,-0.1961671809153866,-0.025324260766370593
189,1551567600,704,536,-168,1240,9,-0.3771168795312721,-0.06016756990591595
189,1551582000,497,168,-329,665,9,-0.644391205009782,-0.2667129591351797
189,1551596400,98,50,-48,148,9,-0.1779062021559853,-0.45242420475523065
189,1551610800,144,158,14,302,9,-0.07498068551208711,-0.39710596137904525
189,1551625200,495,407,-88,902,9,-0.2443097612810809,-0.18158033783546576
189,1551639600,743,546,-197,1289,9,-0.42525945989696645,-0.042566310649856956
189,1551654000,460,297,-163,757,9,-0.3688164346406352,-0.23366569685849747
189,1551668400,157,41,-116,198,9,-0.29079225266864783,-0.43446373612659905
189,1551682800,63,67,4,130,9,-0.09158157529336101,-0.45888997346153804
189,1551697200,582,388,-194,970,9,-0.42027919296258426,-0.15715410050052672
189,1551711600,395,367,-28,762,9,-0.1447044225934375,-0.2318696499956343
189,1551726000,654,690,36,1344,9,-0.038458727993284536,-0.022809795158362164
189,1551740400,581,447,-134,1028,9,-0.32067385427494083,-0.13631995689131404
189,1551754800,176,73,-103,249,10,-0.2247214957354436,-1.2291763852635387
189,1551769200,81,84,3,165,10,0.9056484353597388,-1.3845946784879908
189,1551783600,674,581,-93,1255,10,-0.11808282299061505,0.6321426978769237
189,1551798000,493,490,-3,983,10,0.8416652317128417,0.12888346267393586
189,1551812400,855,830,-25,1685,10,0.6070601516742189,1.4277363417639999
189,1551826800,746,583,-163,1329,10,-0.8645535322044148,0.76905881333656
189,1551841200,203,100,-103,303,10,-0.2247214957354436,-1.1292646253335337
189,1551855600,85,77,-8,162,10,0.7883458953404274,-1.3901453318174355
189,1551870000,601,562,-39,1163,10,0.457766009831459,0.46192266244061897
189,1551884400,480,415,-65,895,10,0.18050546069490483,-0.033935701656442566
189,1551898800,877,722,-155,1599,10,-0.7792425940085519,1.2686176129865847
189,1551913200,628,524,-104,1152,10,-0.23538536300992643,0.44157026689932166
189,1551927600,190,102,-88,292,10,-0.06476348661820079,-1.149617020874831
189,1551942000,69,85,16,154,10,1.044278709928016,-1.404947074029288
189,1551956400,617,554,-63,1171,10,0.20183319524387053,0.47672440465247157
189,1551970800,449,437,-12,886,10,0.745690426242496,-0.05058766164477672
189,1551985200,948,873,-75,1821,10,0.0738667879500763,1.679365959365494
189,1551999600,809,654,-155,1463,10,-0.7792425940085519,1.0169879953850909
189,1552014000,310,127,-183,437,10,-1.0778308776940717,-0.8813354432850029
189,1552028400,103,94,-9,197,10,0.7776820280659446,-1.3253877096405804
189,1552042800,641,533,-108,1174,10,-0.27804083210785785,0.4822750579819163
189,1552057200,547,578,31,1125,10,1.2042367190452588,0.3916143869343192
189,1552071600,956,898,-58,1854,10,0.2551525316162848,1.7404231459893857
189,1552086000,899,783,-116,1682,10,-0.3633517703037207,1.4221856884345552
189,1552100400,498,182,-316,680,10,-2.496125225200291,-0.4317325235999807
189,1552114800,80,56,-24,136,10,0.6177240189487018,-1.4382509940059562
189,1552129200,246,304,58,550,10,1.4921611354562958,-0.6722608345425852
189,1552143600,569,537,-32,1106,10,0.532413080752839,0.3564602491811693
189,1552158000,845,746,-99,1591,10,-0.18206602663751217,1.2538158707747322
189,1552172400,858,597,-261,1455,10,-1.9096125251037341,1.0021862531732382
189,1552190400,579,232,-347,811,10,-2.8267051107092596,-0.1893539948808947
189,1552204800,98,61,-37,159,10,0.4790937443804247,-1.3956959851468802
189,1552219200,183,274,91,457,10,1.8440687555142299,-0.8443310877553715
189,1552233600,495,475,-20,970,10,0.6603794880466332,0.1048306315796754
189,1552248000,604,453,-151,1057,10,-0.7365871249106205,0.26579957813357225
189,1552262400,508,251,-257,759,10,-1.8669570560058026,-0.2855653192579365
189,1552276800,110,30,-80,140,10,0.020547451577662034,-1.43085012290003
189,1552291200,171,198,27,369,10,1.1615812499473273,-1.0071502520857498
189,1552305600,654,574,-80,1228,10,0.020547451577662034,0.5821868179119212
189,1552320000,600,469,-131,1069,10,-0.5233097794209635,0.2880021914513511
189,1552334400,868,846,-22,1714,10,0.6390517534976675,1.4813926572819656
189,1552348800,622,241,-381,863,11,-1.347063763066902,0.019453344024628425
189,1552363200,129,19,-110,148,11,0.3606974032538241,-1.3265925570343335
189,1552377600,199,148,-51,347,11,0.7324978047775247,-0.9519588027535874
189,1552392000,680,575,-105,1255,11,0.3922059118575275,0.757425362507304
189,1552406400,586,544,-42,1130,11,0.7892131202641908,0.5221026525319611
189,1552420800,900,911,11,1811,11,1.1232033114634472,1.8041407764776296
189,1552435200,699,227,-472,926,11,-1.9205186196543045,0.1380559898522013
189,1552449600,167,20,-147,187,11,0.1275344395864187,-1.2531718715220264
189,1552464000,188,189,1,377,11,1.0601862942560403,-0.8954813523595051
189,1552478400,690,570,-120,1260,11,0.2976803860464172,0.7668382709063177
189,1552492800,649,528,-121,1177,11,0.29137868432567654,0.61058399148269
189,1552507200,941,888,-53,1829,11,0.7198944013360432,1.838027246714079
189,1552521600,696,252,-444,948,11,-1.7440709714735654,0.17947278680786166
189,1552536000,136,30,-106,166,11,0.38590421013678683,-1.2927060867978841
189,1552550400,176,174,-2,350,11,1.0412811890938183,-0.9463110577141792
189,1552564800,703,501,-202,1204,11,-0.2190591550543191,0.6614136968373641
189,1552579200,678,512,-166,1190,11,0.007802106892345629,0.6350575533201257
189,1552593600,908,850,-58,1758,11,0.6883858927323399,1.7043639474480843
189,1552608000,814,329,-485,1143,11,-2.0024407420239334,0.5465762143693967
189,1552622400,213,19,-194,232,11,-0.1686455412883936,-1.168455695930903
189,1552636800,168,177,9,345,11,1.110599908021966,-0.9557239661131929
189,1552651200,663,539,-124,1202,11,0.2724735791634545,0.6576485334777586
189,1552665600,670,583,-87,1253,11,0.5056365428308599,0.7536601991476986
189,1552680000,968,986,18,1954,11,1.167315223508632,2.0733499566894222
189,1552694400,867,309,-558,1176,11,-2.4624649676380037,0.6087014098028872
189,1552708800,324,91,-233,415,11,-0.41441190839728037,-0.8239432485270008
189,1552723200,86,41,-45,127,11,0.7703080151019688,-1.366126772310191
189,1552737600,315,201,-114,516,11,0.33549059637086137,-0.6338024988669237
189,1552752000,561,346,-215,907,11,-0.30098127742394803,0.10228693793594916
189,1552766400,844,354,-490,1198,11,-2.033949250627637,0.6501182067585476
189,1552780800,690,226,-464,916,11,-1.870105005888379,0.11923017305417385
189,1552795200,305,75,-230,380,11,-0.3955068032350583,-0.8898336073200969
189,1552809600,59,29,-30,88,11,0.8648335409130791,-1.439547457822498
189,1552824000,231,132,-99,363,11,0.43001612218197166,-0.9218374958767435
189,1552838400,488,305,-183,793,11,-0.09932682236024605,-0.11232737356156365
189,1552852800,579,283,-296,862,11,-0.8114191168039436,0.017570762344825682
189,1552867200,470,132,-338,602,11,-1.0760905890750525,-0.4719004744038877
189,1552881600,108,35,-73,143,11,0.5938603669212296,-1.336005465433347
189,1552896000,157,157,0,314,11,1.0538845925352998,-1.014083998187078
189,1552910400,602,493,-109,1095,11,0.3669991049745648,0.456212293738865
189,1552924800,526,498,-28,1024,11,0.8774369443545604,0.32254899447287017
189,1552939200,963,875,-88,1838,11,0.4993348411101192,1.8549704818323036
189,1552953600,764,367,-397,1131,12,-1.438896372603093,0.5643752185817759
189,1552968000,99,38,-61,137,12,0.47539228221914354,-1.3449587684866318
189,1552982400,175,184,9,359,12,0.8742024186404428,-0.9185280389804079
189,1552996800,695,532,-163,1227,12,-0.10573105942332113,0.7487776962060889
189,1553011200,558,458,-100,1016,12,0.2531980633558482,0.34347641726098427
189,1553025600,871,892,21,1763,12,0.9425698705983798,1.77835819627517
189,1553040000,687,411,-276,1098,12,-0.7495245653605614,0.5009868668984183
189,1553054400,154,50,-104,204,12,0.23040891270320255,-1.2162612059779967
189,1553068800,186,206,20,392,12,0.9368725829352185,-0.8551396872970504
189,1553083200,698,453,-245,1151,12,-0.5729086478025575,0.6027924014201744
189,1553097600,581,439,-142,1020,12,0.013911981503068655,0.351159853828664
189,1553112000,840,919,79,1759,12,1.2730125550617422,1.77067475970749
189,1553126400,746,471,-275,1217,12,-0.7438272776974,0.7295691047868896
189,1553140800,167,50,-117,217,12,0.1563441730821041,-1.1912900371330375
189,1553155200,160,186,26,346,12,0.9710563089141869,-0.943499207825367
189,1553169600,659,503,-156,1162,12,-0.0658500457811912,0.6239218519812937
189,1553184000,540,453,-87,993,12,0.32726280297694665,0.29929665699682595
189,1553198400,778,935,157,1713,12,1.7174009927883327,1.6823152391791736
189,1553212800,725,529,-196,1254,12,-0.2937415523076479,0.800640893037927
189,1553227200,166,59,-107,225,12,0.2133170497137183,-1.1759231639976782
189,1553241600,149,172,23,321,12,0.9539644459247026,-0.9915206863733651
189,1553242488,50,5,-45,55,12,0.5665488848297262,-1.5024692181240658
189,1553256000,648,528,-120,1176,12,0.13925231009261985,0.6508138799681726
189,1553270400,593,517,-76,1110,12,0.3899329672717223,0.5240371766014574
189,1553284800,900,1056,156,1956,12,1.7117037051251713,2.149084010665716
189,1553299200,881,302,-579,1183,12,-2.475802727298471,0.6642598939616121
189,1553313600,313,83,-230,396,12,-0.48744933285513614,-0.8474562507293706
189,1553328000,75,39,-36,114,12,0.617824473798179,-1.38913852875079
189,1553342400,290,186,-104,476,12,0.23040891270320255,-0.6937875193757764
189,1553356800,596,323,-273,919,12,-0.7324327023710772,0.15715308049475132
189,1553371200,853,312,-541,1165,12,-2.2593057960983374,0.6296844294070534
189,1553385600,798,258,-540,1056,12,-2.253608508435176,0.42031078293778135
189,1553400000,353,86,-267,439,12,-0.6982489763921086,-0.7648593076268138
189,1553414400,67,21,-46,88,12,0.5608515971665649,-1.4390808664407082
189,1553428800,217,142,-75,359,12,0.3956302549348837,-0.9185280389804079
189,1553443200,573,197,-376,770,12,-1.3192533316767032,-0.12905493165131782
189,1553457600,703,309,-394,1012,12,-1.4218045096136087,0.33579298069330454
189,1553472000,523,133,-390,656,12,-1.399015358960963,-0.34803287383018955
189,1553486400,113,24,-89,137,12,0.31586822765062383,-1.3449587684866318
189,1553500800,181,183,2,364,12,0.8343214049983129,-0.9089237432708083
189,1553515200,634,564,-70,1198,12,0.4241166932506908,0.693072781090411
189,1553529600,567,498,-69,1065,12,0.4298139809138522,0.4375985152150607
189,1553544000,779,821,42,1600,12,1.0622129115247696,1.4652581561422218
189,1553558400,695,407,-288,1102,13,-1.4912354399678316,0.3114884364460734
189,1553572800,142,56,-86,198,13,0.11328472143826646,-1.371054308607919
189,1553587200,184,159,-25,343,13,0.5978180375064446,-1.1011774302530197
189,1553601600,679,569,-110,1248,13,-0.07735133734265609,0.583226534651696
189,1553616000,451,466,15,917,13,0.9155448021413155,-0.03283723593776354
189,1553630400,872,808,-64,1680,13,0.28803444198744543,1.3872735101642233
189,1553644800,735,490,-245,1225,13,-1.1496791679853453,0.5404184780850568
189,1553659200,147,43,-104,190,13,-0.029692322647425457,-1.3859440674137065
189,1553673600,194,183,-11,377,13,0.7090224051286494,-1.0378959553284226
189,1553688000,679,566,-113,1245,13,-0.10118084469027142,0.5776428750995257
189,1553702400,620,501,-119,1121,13,-0.14883985938550204,0.3468516136098188
189,1553716800,863,953,90,1816,13,1.5112824858316984,1.6403994098626116
189,1553731200,771,498,-273,1269,13,-1.372087903229755,0.6223121515168883
189,1553745600,161,41,-120,202,13,-0.15678302850137382,-1.3636094292050251
189,1553760000,175,176,1,351,13,0.8043404345191106,-1.0862876714472323
189,1553774400,700,610,-90,1310,13,0.08151204497477936,0.6986221653965495
189,1553788800,606,494,-112,1100,13,-0.09323767557439964,0.3077659967446265
189,1553803200,883,829,-54,1712,13,0.36746613314616317,1.4468325453873736
189,1553817600,847,497,-350,1344,13,-1.9837119251518815,0.7619036403211465
189,1553832000,197,69,-128,266,13,-0.220328381428348,-1.2444913587587247
189,1553846400,158,194,36,352,13,1.0823513535746228,-1.0844264515965087
189,1553860800,638,546,-92,1184,13,0.06562570674303582,0.4641084642053957
189,1553875200,676,537,-139,1213,13,-0.3077032417029375,0.5180838398763755
189,1553889600,928,1056,128,1984,13,1.8131229122348258,1.95308434478415
189,1553904000,833,495,-338,1328,13,-1.8883938957614204,0.7321241227095715
189,1553918400,303,105,-198,408,13,-0.7763502195393721,-0.9801981399559959
189,1553932800,63,81,18,144,13,0.9393743094889309,-1.471560180546985
189,1553947200,268,345,77,613,13,1.4080212873253655,-0.5986480705576902
189,1553961600,611,675,64,1286,13,1.3047600888190323,0.6539528889791869
189,1553976000,911,789,-122,1700,13,-0.17266936673311736,1.4244979071786923
189,1553990400,961,536,-425,1497,13,-2.5794496088422645,1.0466702774818333
189,1554004800,428,111,-317,539,13,-1.7215873443281131,-0.7363783395112249
189,1554019200,77,58,-19,135,13,0.6454770522016752,-1.4883111592034959
189,1554033600,252,276,24,528,13,0.9870333241841615,-0.7568517578691828
189,1554048000,587,501,-86,1088,13,0.11328472143826646,0.2854313585359452
189,1554062400,616,511,-105,1127,13,-0.03763549176329723,0.35801893271415947
189,1554076800,521,238,-283,759,13,-1.4515195943884727,-0.32690997235206753
189,1554091200,103,40,-63,143,13,0.2959776111033172,-1.4734214003977084
189,1554105600,176,171,-5,347,13,0.75668141982388,-1.0937325508501259
189,1554120000,644,622,-22,1266,13,0.6216475448540599,0.616728491964718
189,1554134400,566,460,-106,1026,13,-0.045578660879169,0.17003572779109175
189,1554148800,812,760,-52,1572,13,0.38335247137790673,1.1862617662860915
189,1554163200,598,377,-221,975,14,-0.8123099024026884,0.019922942467673455
189,1554177600,96,39,-57,135,14,0.31757511531736776,-1.46923258774318
189,1554192000,197,207,10,404,14,0.7791744823127565,-0.9923482572351806
189,1554206400,650,934,284,1584,14,2.666909207040167,1.0995607018705422
189,1554220800,602,524,-78,1126,14,0.17289471670687273,0.2876163770651007
189,1554235200,916,929,13,1845,14,0.7998431106856844,1.562262598757486
189,1554249600,662,427,-235,1089,14,-0.9087635014763517,0.22202262156771788
189,1554264000,137,33,-104,170,14,-0.006233395858502005,-1.4071844406510612
189,1554278400,197,202,5,399,14,0.7447267683578768,-1.0012122782483404
189,1554292800,696,584,-112,1280,14,-0.06134973818630962,0.5606282242704238
189,1554307200,637,479,-158,1116,14,-0.37826870657120343,0.269888335038781
189,1554321600,930,898,-32,1828,14,0.48981368509176654,1.5321249273127426
189,1554336000,754,430,-324,1184,14,-1.5219328098732114,0.3904390208177549
189,1554350400,155,41,-114,196,14,-0.07512882376826152,-1.36109153138263
189,1554364800,179,214,35,393,14,0.9514130520871553,-1.0118491034641321
189,1554379200,704,554,-150,1258,14,-0.3231523642433958,0.5216265318125205
189,1554393600,640,509,-131,1149,14,-0.1922510512148527,0.32839087372563597
189,1554408000,996,996,0,1992,14,0.710279054402997,1.8228648165443855
189,1554422400,857,531,-326,1388,14,-1.5357118954551634,0.7520910781546765
189,1554436800,205,61,-144,266,14,-0.2818151074975401,-1.2369952371983923
189,1554451200,172,183,11,355,14,0.7860640251037324,-1.079215663164147
189,1554465600,670,611,-59,1281,14,0.3037960297354158,0.5624010284730558
189,1554480000,703,495,-208,1198,14,-0.722745846120001,0.41525827965460244
189,1554494400,919,1065,146,1984,14,1.716152301885486,1.8086823829233296
189,1554508800,843,545,-298,1388,14,-1.3428046973078367,0.7520910781546765
189,1554523200,263,95,-168,358,14,-0.4471641344809629,-1.0738972505562512
189,1554537600,74,85,11,159,14,0.7860640251037324,-1.4266852868800128
189,1554552000,302,415,113,717,14,1.4887973897832796,-0.43746054181137445
189,1554566400,674,592,-82,1266,14,0.14533654554296893,0.5358089654335763
189,1554580800,968,717,-251,1685,14,-1.018996186131967,1.2786139263363712
189,1554595200,939,446,-493,1385,14,-2.6862655415481473,0.7467726655467806
189,1554609600,392,101,-291,493,14,-1.294577897771005,-0.8345686832009354
189,1554624000,73,65,-8,138,14,0.6551627120751894,-1.4639141751352842
189,1554638400,230,297,67,527,14,1.1718784213983857,-0.7742933403114485
189,1554652800,574,456,-118,1030,14,-0.10268699493216533,0.11742717361243173
189,1554667200,801,513,-288,1314,14,-1.2739092693980771,0.6209035671599108
189,1554681600,530,287,-243,817,14,-0.9638798438041594,-0.26018012154817755
189,1554696000,115,45,-70,160,14,0.22801105903468036,-1.424912482677381
189,1554710400,190,183,-7,373,14,0.6620522548661654,-1.0473051875167716
189,1554724800,664,567,-97,1231,14,0.041993403678329655,0.4737608183414574
189,1554739200,643,467,-176,1110,14,-0.5022804768087705,0.2592515098229892
189,1554753600,857,875,18,1732,14,0.8342908246405641,1.3619357238600736
189,1554768000,672,361,-311,1033,15,-1.4990149267191408,0.15691481752405945
189,1554782400,128,42,-86,170,15,0.27369074935342597,-1.4077439103926006
189,1554796800,197,182,-15,379,15,0.8330778738029915,-1.0288172891474303
189,1554811200,684,646,-38,1330,15,0.6518679602489069,0.6953894898198277
189,1554825600,619,460,-159,1079,15,-0.3014537588834513,0.2403149351186902
189,1554840000,947,917,-30,1864,15,0.7148974953981537,1.6635560723314111
189,1554854400,696,378,-318,1074,15,-1.5541657699747318,0.23124970494536076
189,1554868800,138,45,-93,183,15,0.21853990609783497,-1.384174311941944
189,1554883200,201,202,1,403,15,0.9591369441014851,-0.985304184315449
189,1554897600,680,584,-96,1264,15,0.19490383041686743,0.5757284515318792
189,1554912000,641,465,-176,1106,15,-0.4353915210756008,0.2892671780546691
189,1554926400,1011,848,-163,1859,15,-0.3329685264580747,1.6544908421580815
189,1554940800,793,472,-321,1265,15,-1.5778018456556995,0.577541497566545
189,1554955200,110,45,-65,155,15,0.43914327912019885,-1.4349396009125888
189,1554969600,194,197,3,391,15,0.9748943278887968,-1.0070607367314397
189,1554984000,731,558,-173,1289,15,-0.4117554453946332,0.6210546023985264
189,1554998400,623,501,-122,1124,15,-0.009942158818184745,0.3219020066786551
189,1555012800,974,922,-52,1896,15,0.5415662737377249,1.7215735454407195
189,1555027200,810,460,-350,1270,15,-1.8062839105717192,0.5866067277398745
189,1555041600,172,62,-110,234,15,0.08460214390568549,-1.2917089641739838
189,1555056000,187,212,25,399,15,1.1482255495492255,-0.9925563684541125
189,1555070400,705,638,-67,1343,15,0.4233858953328872,0.7189590882704843
189,1555084800,743,584,-159,1327,15,-0.3014537588834513,0.6899503517158301
189,1555099200,971,1023,52,1994,15,1.3609502306779335,1.8992520568379763
189,1555113600,834,390,-444,1224,15,-2.546880948575369,0.5032066101452437
189,1555128000,275,71,-204,346,15,-0.6559948940979646,-1.0886478082914046
189,1555142400,63,82,19,145,15,1.1009533981872905,-1.4530700612592478
189,1555156800,298,380,82,678,15,1.5973109874876092,-0.48671652478233024
189,1555171200,594,520,-74,1114,15,0.3682350520772962,0.3037715463319962
189,1555185600,791,838,47,1629,15,1.3215567712096543,1.2374902541849278
189,1555200000,831,509,-322,1340,15,-1.5856805375493552,0.7135199501664865
189,1555214400,361,98,-263,459,15,-1.12083771582366,-0.8837736063741594
189,1555228800,84,54,-30,138,15,0.7148974953981537,-1.465761383501909
189,1555243200,239,301,62,540,15,1.4397371496144922,-0.7369168775662226
189,1555257600,591,513,-78,1104,15,0.3367202845026728,0.2856410859853374
189,1555272000,697,480,-217,1177,15,-0.7584178887154908,0.41799344651594705
189,1555286400,560,263,-297,823,15,-1.388713240207959,-0.2238248497557767
189,1555300800,122,27,-95,149,15,0.20278252231052327,-1.445817877120584
189,1555315200,182,184,2,366,15,0.967015635995141,-1.0523868875980869
189,1555329600,700,633,-67,1333,15,0.4233858953328872,0.7008286279238254
189,1555344000,626,485,-141,1111,15,-0.15963730479764596,0.29833240822799856
189,1555358400,936,708,-228,1644,15,-0.8450834995457052,1.264685944704916
189,1555372800,646,320,-326,966,16,-1.6801684195170514,0.040356217669361
189,1555387200,103,28,-75,131,16,0.19892509613632814,-1.440075323820688
189,1555401600,222,197,-25,419,16,0.5732465135971607,-0.9294594148995693
189,1555416000,700,569,-131,1269,16,-0.22031489141980432,0.5775667051801213
189,1555430400,639,515,-124,1154,16,-0.16790989297528777,0.37367493599286905
189,1555444800,932,899,-33,1831,16,0.5133550868034275,1.5739769163386932
189,1555459200,759,399,-360,1158,16,-1.9347069833904176,0.3807668236167735
189,1555473600,146,33,-113,179,16,-0.08555918113390461,-1.354972672333835
189,1555488000,164,214,50,378,16,1.1347286397884095,-1.0021512630445897
189,1555502400,747,595,-152,1342,16,-0.377529886753354,0.7069936543163771
189,1555516800,676,554,-122,1230,16,-0.15293703627685445,0.5084208008470532
189,1555531200,971,999,28,1970,16,0.9700272161056431,1.820420011269372
189,1555545600,817,448,-369,1265,16,-2.0020848385333676,0.5704748175562169
189,1555560000,138,38,-100,176,16,0.011764387405911866,-1.3602915880517632
189,1555574400,182,224,42,406,16,1.0748372129946762,-0.9525080496772588
189,1555588800,677,634,-43,1311,16,0.438490803311261,0.6520315252311178
189,1555603200,677,535,-142,1212,16,-0.30266560326118747,0.47650730653948326
189,1555617600,987,1018,31,2005,16,0.9924865011532931,1.882474027978536
189,1555632000,906,413,-493,1319,16,-2.930401953836232,0.6662153004789266
189,1555646400,208,66,-142,274,16,-0.30266560326118747,-1.1865403412661049
189,1555660800,114,149,35,263,16,1.0224322145501596,-1.206043032231842
189,1555675200,548,545,-3,1093,16,0.737947937279927,0.26552364972832654
189,1555689600,767,592,-175,1359,16,-0.549717738785337,0.7371341767179709
189,1555704000,1008,885,-123,1893,16,-0.16042346462607113,1.6839011745092118
189,1555718400,839,595,-244,1434,16,-1.066281294881286,0.8701070696661789
189,1555732800,293,80,-213,373,16,-0.8342020160555698,-1.0110161225744703
189,1555747200,66,70,4,136,16,0.7903529357244437,-1.4312104642908074
189,1555761600,248,354,106,602,16,1.5539686273445419,-0.6050055561059419
189,1555776000,607,553,-54,1160,16,0.35614009146987785,0.38431276742872567
189,1555790400,811,751,-60,1562,16,0.3112215213745779,1.0970474736311207
189,1555804800,805,562,-243,1367,16,-1.0587948665320694,0.7513179519657798
189,1555819200,336,80,-256,416,16,-1.1561184350718858,-0.9347783306174977
189,1555833600,64,52,-12,116,16,0.6705700821369772,-1.4666699024103296
189,1555848000,220,286,66,506,16,1.2545114933758759,-0.775210859079648
189,1555862400,503,509,6,1012,16,0.8053257924228769,0.1219129253442619
189,1555876800,631,486,-145,1117,16,-0.32512488830883746,0.3080749754717531
189,1555891200,536,278,-258,814,16,-1.1710912917703191,-0.2291355120390072
189,1555905600,106,40,-66,146,16,0.266302951279278,-1.4134807452310465
189,1555920000,154,176,22,330,16,0.9251086460103434,-1.0872539145314428
189,1555934400,597,599,2,1196,16,0.7753800790260102,0.4481397560438655
189,1555948800,594,452,-142,1046,16,-0.30266560326118747,0.18219397014744954
189,1555963200,797,883,86,1680,16,1.404240060360209,1.3062581585363011
189,1555977600,652,241,-411,893,17,-1.7286290764096992,-0.08190722383995383
189,1555992000,117,14,-103,131,17,0.19776183782495524,-1.4471982612221856
189,1556006400,192,184,-8,376,17,0.7919408535791506,-1.0082267334549326
189,1556020800,681,657,-24,1338,17,0.6918685982942334,0.7154084082270976
189,1556035200,642,518,-124,1160,17,0.06641700276350154,0.39648215540027704
189,1556049600,988,871,-117,1859,17,0.11019861445065277,1.6488947999280723
189,1556064000,788,247,-541,1035,17,-2.5417161505996506,0.172517090212903
189,1556078400,146,21,-125,167,17,0.06016248680819422,-1.382696322448222
189,1556092800,194,189,-5,383,17,0.8107044014450725,-0.9956846898044397
189,1556107200,694,621,-73,1315,17,0.3853973164841748,0.6741988362326208
189,1556121600,656,551,-105,1207,17,0.1852528059143406,0.4806930199107296
189,1556136000,957,896,-61,1853,17,0.4604515079478626,1.6381444767990785
189,1556150400,761,244,-517,1005,17,-2.391607767672275,0.11876547456793327
189,1556164800,132,29,-103,161,17,0.19776183782495524,-1.3934466455772159
189,1556179200,171,175,4,346,17,0.8669950450428383,-1.0619783490999024
189,1556193600,691,662,-29,1353,17,0.6605960185176968,0.7422842160495825
189,1556208000,742,554,-188,1296,17,-0.33387201837616687,0.6401561463241399
189,1556222400,1055,933,-122,1988,17,0.07892603467411617,1.880026747201442
189,1556236800,852,319,-533,1171,17,-2.4916800229571923,0.4161910811367659
189,1556251200,213,25,-188,238,17,-0.33387201837616687,-1.2554841654217934
189,1556265600,161,191,30,352,17,1.0296124598808287,-1.0512280259709084
189,1556280000,683,635,-48,1318,17,0.5417602153668578,0.6795739977971177
189,1556294400,629,523,-106,1152,17,0.17899828995903327,0.3821483912282851
189,1556308800,863,1046,183,1909,17,1.9865534010428483,1.738480826003022
189,1556323200,836,542,-294,1378,17,-0.9968507096387427,0.7870772290870572
189,1556337600,299,79,-220,378,17,-0.534016528946001,-1.0046432924119346
189,1556352000,69,60,-9,129,17,0.7856863376238432,-1.4507817022651837
189,1556366400,294,366,72,660,17,1.292302130003736,-0.49937810534921895
189,1556380800,742,569,-173,1311,17,-0.24005427904655707,0.6670319541466248
189,1556395200,944,716,-228,1660,17,-0.5840526565884596,1.292342416149773
189,1556409600,888,508,-380,1396,17,-1.534739081795172,0.8193281984740391
189,1556424000,388,114,-274,502,17,-0.8717603905325962,-0.7824699477460597
189,1556438400,80,50,-30,130,17,0.6543415025623895,-1.4489899817436847
189,1556452800,249,291,42,540,17,1.1046666513445165,-0.714384567929098
189,1556467200,560,394,-166,954,17,-0.19627266735940585,0.027387727971484678
189,1556481600,615,510,-105,1125,17,0.1852528059143406,0.3337719371478123
189,1556496000,530,252,-278,782,17,-0.8967784543538255,-0.28078820172634195
189,1556510400,108,31,-77,139,17,0.3603792526629455,-1.4328644970501938
189,1556524800,176,209,33,385,17,1.0483760077467505,-0.9921012487614417
189,1556539200,675,622,-53,1297,17,0.5104876355903212,0.6419478668456389
189,1556553600,607,433,-174,1040,17,-0.2463087950018644,0.181475692820398
189,1556568000,820,794,-26,1614,17,0.6793595663836188,1.2099232721608193
189,1556582400,676,221,-455,897,18,-1.5077473342089176,0.04909456230858031
189,1556596800,130,20,-110,150,18,0.40532261961658295,-1.3771024727556804
189,1556611200,179,203,24,382,18,1.1483700799430092,-0.9341604217049327
189,1556625600,701,588,-113,1289,18,0.3886872287137525,0.7975138899460504
189,1556640000,620,498,-122,1118,18,0.33878105600526115,0.4710350505939908
189,1556654400,919,821,-98,1740,18,0.4718641832279047,1.6585779633248745
189,1556668800,746,248,-498,994,18,-1.7461879371494873,0.23429016123928084
189,1556683200,153,24,-129,177,18,0.2999651438986568,-1.325553182331671
189,1556697600,188,209,21,397,18,1.1317346890401787,-0.9055219270249275
189,1556712000,772,568,-204,1340,18,-0.11591962867210412,0.8948847718580683
189,1556726400,665,528,-137,1193,18,0.25560410149110896,0.6142275239940169
189,1556740800,1013,872,-141,1885,18,0.23342358028733506,1.9354167452315918
189,1556755200,769,300,-469,1069,18,-1.5853791584221262,0.37748263463930704
189,1556769600,144,30,-114,174,18,0.383142098412809,-1.331280881267672
189,1556784000,198,206,8,404,18,1.0596479951279134,-0.8921572961742584
189,1556798400,739,586,-153,1325,18,0.16688201667601332,0.866246277178063
189,1556812800,669,510,-159,1179,18,0.13361123487035245,0.5874982622926788
189,1556827200,890,870,-20,1760,18,0.904384346701496,1.696762622898215
189,1556841600,810,248,-562,1058,18,-2.10107627640987,0.3564810718739698
189,1556856000,183,28,-155,211,18,0.15579175607412635,-1.2606392610569925
189,1556870400,181,193,12,374,18,1.0818285163316874,-0.9494342855342689
189,1556884800,696,600,-96,1296,18,0.48295444382979164,0.8108785207967196
189,1556899200,725,466,-259,1191,18,-0.42090179522399546,0.6104090580366829
189,1556913600,925,1012,87,1937,18,1.4977132889024483,2.034696860122277
189,1556928000,806,305,-501,1111,18,-1.7628233280523176,0.4576704197433217
189,1556942400,327,88,-239,415,18,-0.3099991892051259,-0.8711557334089213
189,1556956800,91,44,-47,135,18,0.7546658285760222,-1.4057409674356858
189,1556971200,313,203,-110,516,18,0.40532261961658295,-0.6783232025635527
189,1556985600,649,343,-306,992,18,-0.681522919368339,0.2304716952819468
189,1557000000,825,304,-521,1129,18,-1.8737259340711871,0.49203661335932797
189,1557014400,816,195,-621,1011,18,-2.4282389641655353,0.2667471218766201
189,1557028800,391,83,-308,474,18,-0.692613179970226,-0.7585109876675673
189,1557043200,68,30,-38,98,18,0.8045720012845134,-1.4763825876463652
189,1557057600,210,165,-45,375,18,0.765756089177909,-0.9475250525556019
189,1557072000,535,287,-248,822,18,-0.3599053619136172,-0.09409791109144587
189,1557086400,608,305,-303,913,18,-0.6648875284655086,0.07964228996725256
189,1557100800,443,95,-348,538,18,-0.9144183920079652,-0.6363200770328783
189,1557115200,114,25,-89,139,18,0.521770355936396,-1.3981040355210177
189,1557129600,199,190,-9,389,18,0.9653807800118743,-0.9207957908542637
189,1557144000,648,625,-23,1273,18,0.8877489557986656,0.7669661622873782
189,1557158400,590,485,-105,1075,18,0.43304827112130034,0.3889380325113091
189,1557172800,818,831,13,1649,18,1.087373646632631,1.4848377622661761
189,1557187200,697,320,-377,1017,19,-1.6584061043257783,0.18093334594196825
189,1557201600,137,33,-104,170,19,0.22690862819448485,-1.4075471201339396
189,1557216000,203,214,11,417,19,1.0210888268751817,-0.9443184600149912
189,1557230400,666,625,-41,1291,19,0.661981258776084,0.6947983373289797
189,1557244800,619,474,-145,1093,19,-0.05623387742211143,0.3234652413631831
189,1557259200,945,854,-91,1799,19,0.3166855202192593,1.6475115330392054
189,1557273600,751,416,-335,1167,19,-1.3683576839380454,0.4622462974312081
189,1557288000,150,45,-105,195,19,0.22000271342334837,-1.3606616282190662
189,1557302400,195,204,9,399,19,1.0072769973329088,-0.9780760141936999
189,1557316800,712,570,-142,1282,19,-0.03551613310870195,0.6779195602396253
189,1557331200,658,489,-169,1147,19,-0.2219758319293873,0.42473790389930943
189,1557345600,938,877,-61,1815,19,0.5238629633533541,1.6775182478647244
189,1557360000,822,349,-473,1171,19,-2.3213739223548817,0.46974797613758784
189,1557374400,142,50,-92,192,19,0.3097796054481228,-1.3662878872488509
189,1557388800,198,221,23,419,19,1.1039598041288197,-0.9405676206618013
189,1557403200,727,594,-133,1321,19,0.026637099831526508,0.7510609276268277
189,1557417600,735,457,-278,1192,19,-0.9747205419832652,0.5091317893460814
189,1557432000,951,998,47,1949,19,1.2697017586360955,1.928824484528445
189,1557446400,845,468,-377,1313,19,-1.6584061043257783,0.7360575702140683
189,1557460800,243,50,-193,293,19,-0.38771778643666316,-1.1768704999127628
189,1557475200,189,203,14,392,19,1.0418065711885913,-0.9912039519298644
189,1557489600,731,532,-199,1263,19,-0.42915327506348216,0.6422865863843216
189,1557504000,700,536,-164,1236,19,-0.18744625807370482,0.5916502551162585
189,1557518400,950,999,49,1949,19,1.2835135881783686,1.928824484528445
189,1557532800,887,484,-403,1371,19,-1.837959888375327,0.8448319114565743
189,1557547200,395,81,-314,476,19,-1.223333473744179,-0.8336686990958901
189,1557561600,79,84,5,163,19,0.9796533382483628,-1.420675057870104
189,1557576000,284,299,15,583,19,1.0487124859597277,-0.6329987937002324
189,1557590400,644,517,-127,1161,19,0.06807258845834548,0.45099377937163854
189,1557604800,826,653,-173,1479,19,-0.24959949101393328,1.047377236528827
189,1557619200,871,393,-478,1264,19,-2.355903496210564,0.6441620060609166
189,1557633600,354,76,-278,430,19,-0.9747205419832652,-0.9199380042192571
189,1557648000,68,45,-23,113,19,0.786287724656541,-1.5144460416998506
189,1557662400,231,298,67,529,19,1.4078200540588255,-0.7342714562363587
189,1557676800,466,353,-113,819,19,0.1647553952542564,-0.19039975002382836
189,1557691200,472,404,-68,876,19,0.4755215599553987,-0.08350082845791722
189,1557705600,429,190,-239,619,19,-0.7053898659089419,-0.5654836853428148
189,1557720000,99,28,-71,127,19,0.4548038156419892,-1.4881901662275216
189,1557734400,197,191,-6,388,19,0.9036882757658613,-0.9987056306362442
189,1557748800,645,551,-94,1196,19,0.29596777590584983,0.5166334680524611
189,1557763200,606,458,-148,1064,19,-0.07695162173552092,0.2690780707419301
189,1557777600,748,774,26,1522,19,1.1246775484422291,1.128020282622409
189,1557792000,613,273,-340,886,20,-1.4972863308208977,-0.1188956708969479
189,1557806400,135,32,-103,167,20,0.26129634021051423,-1.4511448247915806
189,1557820800,250,210,-40,460,20,0.7287676831429148,-0.9082393976829194
189,1557835200,681,637,-44,1318,20,0.6990869629567307,0.6815655731676992
189,1557849600,648,454,-194,1102,20,-0.41394004402517554,0.28133495113537565
189,1557864000,910,913,3,1823,20,1.0478354251443946,1.6172899441229
189,1557878400,678,395,-283,1073,20,-1.0743360681677732,0.22760028428844334
189,1557892800,145,44,-101,189,20,0.2761367003036063,-1.4103805947697698
189,1557907200,204,213,9,417,20,1.0923565054236708,-0.9879149381800949
189,1557921600,715,582,-133,1297,20,0.03869093881413299,0.6426542626923344
189,1557936000,661,445,-216,1106,20,-0.5771840050491884,0.2887466293211594
189,1557950400,903,909,6,1812,20,1.0700959652840327,1.5969078291119947
189,1557964800,825,411,-414,1236,20,-2.0463796542653045,0.529626170359132
189,1557979200,184,51,-133,235,20,0.03869093881413299,-1.3251462956332565
189,1557993600,199,246,47,445,20,1.3743233471924206,-0.9360331908796085
189,1558008000,693,605,-88,1298,20,0.3725990409087049,0.6445071822387803
189,1558022400,706,474,-232,1180,20,-0.6959068857939251,0.42586267575815917
189,1558036800,1021,939,-82,1960,20,0.41712012118798114,1.8711399219859943
189,1558051200,919,466,-453,1385,20,-2.3357666760806004,0.8057111827795773
189,1558065600,194,54,-140,248,20,-0.0132503215116893,-1.3010583415294592
189,1558080000,194,212,18,406,20,1.1591381258425852,-1.0082970531910003
189,1558094400,672,502,-170,1174,20,-0.23585572290807055,0.4147451584794835
189,1558108800,748,535,-213,1283,20,-0.5549234649095504,0.6167133890420913
189,1558123200,973,941,-32,1914,20,0.7881291235152832,1.785905622849481
189,1558137600,883,502,-381,1385,20,-1.8015137127292853,0.8057111827795773
189,1558152000,345,77,-268,422,20,-0.9630333674695827,-0.9786503404478651
189,1558166400,100,73,-27,173,20,0.8252300237480134,-1.4400273075129049
189,1558180800,270,316,46,586,20,1.3669031671458745,-0.6747715348307306
189,1558195200,635,537,-98,1172,20,0.29839724044324445,0.4110393193865916
189,1558209600,797,613,-184,1410,20,-0.3397382435597151,0.8520341714407259
189,1558224000,852,444,-408,1296,20,-2.0018585739860284,0.6408013431458884
189,1558238400,339,98,-241,437,20,-0.7626885062128395,-0.9508565472511761
189,1558252800,78,59,-19,137,20,0.8845914641203817,-1.5067324111849587
189,1558267200,241,304,63,545,20,1.4930462279371572,-0.7507412362350142
189,1558281600,562,418,-144,980,20,-0.042931041697873464,0.05527876646897069
189,1558296000,690,524,-166,1214,20,-0.20617500272188638,0.4888619403373212
189,1558310400,600,270,-330,870,20,-1.4230845303554371,-0.148542383640083
189,1558324800,105,45,-60,150,20,0.580364082211994,-1.4826444570811614
189,1558339200,190,204,14,394,20,1.129457405656401,-1.0305320877483515
189,1558353600,690,602,-88,1292,20,0.3725990409087049,0.6333896649601047
189,1558368000,704,562,-142,1266,20,-0.028090681604781384,0.5852137567525102
189,1558382400,904,860,-44,1764,20,0.6990869629567307,1.5079676908825896
189,1558396800,761,369,-392,1130,21,-2.05974871828333,0.4373931843860632
189,1558411200,165,57,-108,222,21,0.036913059467443186,-1.2620375541122406
189,1558425600,238,193,-45,431,21,0.5020176087572273,-0.8708690250966619
189,1558440000,712,577,-135,1289,21,-0.16241746165675003,0.734980725598872
189,1558454400,653,531,-122,1184,21,-0.06644350704139775,0.5384606512130549
189,1558468800,965,1026,61,1991,21,1.284574469467023,2.048857794349763
189,1558483200,835,490,-345,1325,21,-1.712765959289364,0.8023590368168664
189,1558497600,190,54,-136,244,21,-0.16980007355023868,-1.2208619194790218
189,1558512000,228,207,-21,435,21,0.6792002942009547,-0.8633825460724402
189,1558526400,692,612,-80,1304,21,0.24362619248512504,0.763055021939703
189,1558540800,674,485,-189,1159,21,-0.5610785039051365,0.49167015731166985
189,1558555200,969,897,-72,1866,21,0.30268708763303415,1.8149053248428382
189,1558569600,838,476,-362,1314,21,-1.8382703614786708,0.781771219500257
189,1558584000,168,45,-123,213,21,-0.07382611893488637,-1.2788821319167392
189,1558598400,198,209,11,407,21,0.9154438747925912,-0.9157878992419914
189,1558612800,726,585,-141,1311,21,-0.20671313301768185,0.7761563602320908
189,1558627200,692,488,-204,1180,21,-0.6718176823074661,0.5309741721888332
189,1558641600,904,876,-28,1780,21,0.6275220109465343,1.6539460258220737
189,1558656000,841,448,-393,1289,21,-2.0671313301768186,0.734980725598872
189,1558670400,212,57,-155,269,21,-0.3100696995265228,-1.1740714255776368
189,1558684800,163,205,42,368,21,1.1443048434907388,-0.9887810697281522
189,1558687298,118,45,-73,163,21,0.2953044757395455,-1.3724631197195092
189,1558699200,474,640,166,1114,21,2.05974871828333,0.4074472682891768
189,1558713600,711,689,-22,1400,21,0.6718176823074661,0.9427305185210214
189,1558728000,969,840,-129,1809,21,-0.11812179029581821,1.7082229987476802
189,1558742400,826,476,-350,1302,21,-1.7496790187568072,0.7593117824275921
189,1558756800,331,111,-220,442,21,-0.7899394726032842,-0.8502812077800525
189,1558771200,72,64,-8,136,21,0.775174248816307,-1.422996853133005
189,1558785600,240,350,110,590,21,1.6463224522479663,-0.5732814838838531
189,1558800000,557,470,-87,1027,21,0.1919479092307046,0.24461634951235695
189,1558814400,791,591,-200,1382,21,-0.6422872347335115,0.9090413629120242
189,1558828800,795,503,-292,1298,21,-1.321487528934466,0.7518253034033705
189,1558843200,327,86,-241,413,21,-0.9449743223665457,-0.9045581807056591
189,1558857600,61,56,-5,117,21,0.7973220844967729,-1.4585576284980577
189,1558872000,254,270,16,524,21,0.9523569342600343,-0.6968083877835096
189,1558886400,530,460,-70,990,21,0.3174523114200114,0.17536641853830712
189,1558900800,648,552,-96,1200,21,0.12550440218930684,0.5684065673099412
189,1558915200,628,370,-258,998,21,-1.0704787245558525,0.19033937658675032
189,1558929600,197,78,-119,275,21,-0.04429567136093183,-1.1628417070413044
189,1558944000,60,66,6,126,21,0.8785308153251479,-1.4417130506935592
189,1558958400,199,322,123,521,21,1.7422964068633184,-0.7024232470516758
189,1558972800,467,453,-14,920,21,0.7308785774553751,0.04435303561442906
189,1558987200,621,462,-159,1083,21,-0.33960014710047737,0.3494270558514594
189,1559001600,549,213,-336,762,22,-1.5282522769521296,-0.3232580984669742
189,1559016000,115,50,-65,165,22,0.16349713136037178,-1.4293407350609848
189,1559030400,183,225,42,408,22,0.8314572298453817,-0.9791261945377945
189,1559044800,628,572,-56,1200,22,0.2196806910460268,0.48823971531556626
189,1559059200,583,489,-94,1072,22,-0.017538783182294432,0.2510896692786595
189,1559073600,830,806,-24,1636,22,0.4194444588172447,1.29603205962878
189,1559088000,636,241,-395,877,22,-1.8965667237803125,-0.11019360398069071
189,1559102400,141,20,-121,161,22,-0.18608946223925954,-1.436751673999638
189,1559116800,231,191,-40,422,22,0.31956257493163576,-0.9531879082525079
189,1559131200,686,602,-84,1288,22,0.04488739424621116,0.6512803719659397
189,1559145600,660,529,-131,1189,22,-0.24851563966776513,0.4678596332342696
189,1559160000,907,987,80,1894,22,1.0686767040737029,1.7740376211719202
189,1559174400,710,238,-472,948,22,-2.3772482899798058,0.021350562180406034
189,1559188800,126,16,-110,142,22,-0.11742066706790338,-1.4719536339582415
189,1559203200,205,199,-6,404,22,0.5318115781885547,-0.9865371334764479
189,1559217600,691,587,-104,1278,22,-0.07996496061080002,0.6327530246193064
189,1559232000,659,484,-175,1143,22,-0.5231908203531898,0.3826338354397562
189,1559246400,906,992,86,1898,22,1.1061324105308064,1.7814485601105736
189,1559260800,759,281,-478,1040,22,-2.4147039964369093,0.1918021577694328
189,1559275200,207,34,-173,241,22,-0.5107055848674886,-1.2885328952265713
189,1559289600,173,191,18,364,22,0.6816344040169682,-1.0606465228629811
189,1559304000,680,597,-83,1277,22,0.05113001198906172,0.630900289884643
189,1559318400,714,536,-178,1250,22,-0.5419186735817414,0.580876452048733
189,1559332800,950,899,-51,1849,22,0.2508937797602796,1.6906645581120703
189,1559347200,947,537,-410,1484,22,-1.990205989923071,1.0144163799599533
189,1559361600,314,118,-196,432,22,-0.6542857929530514,-0.9346605609058745
189,1559376000,77,83,6,160,22,0.6067229911027615,-1.4386044087343015
189,1559390400,275,424,149,699,22,1.4994173283303915,-0.43998038675076423
189,1559404800,577,661,84,1238,22,1.0936471750451051,0.5586436352327729
189,1559419200,798,949,151,1747,22,1.5119025638160926,1.5016856151764102
189,1559433600,736,557,-179,1293,22,-0.5481612913245919,0.6605440456392564
189,1559448000,325,108,-217,433,22,-0.7853807655529133,-0.9328078261712112
189,1559462400,85,56,-29,141,22,0.3882313701029919,-1.4738063686929048
189,1559476800,234,473,239,707,22,2.061252925186942,-0.4251585088734575
189,1559491200,589,723,134,1312,22,1.4057780621876332,0.6957460055978597
189,1559505600,710,690,-20,1400,22,0.44441492978864694,0.8587866622482332
189,1559520000,538,307,-231,845,22,-0.8727774139528209,-0.1694811154899174
189,1559534400,113,51,-62,164,22,0.18222498458892347,-1.431193469795648
189,1559548800,199,181,-18,380,22,0.45690016527434807,-1.031002767108368
189,1559563200,670,562,-108,1232,22,-0.10493543158220225,0.5475272268247929
189,1559577600,639,479,-160,1118,22,-0.42955155421043134,0.3363154670731729
189,1559592000,826,813,-13,1639,22,0.48811325398860084,1.30159026383277
189,1559606400,380,377,-3,757,23,0.7187896990577478,-0.2231728964808027
189,1559620800,50,48,-2,98,23,0.7256399752911096,-1.4251537154719793
189,1559635200,188,207,19,395,23,0.8694957761917071,-0.8834415709494005
189,1559649600,718,577,-141,1295,23,-0.22654842114617918,0.7581103821493231
189,1559664000,618,510,-108,1128,23,-0.000489305445240114,0.4535112975187822
189,1559678400,974,935,-39,1909,23,0.4721797546567234,1.8780136034855635
189,1559692800,380,450,70,830,23,1.2188598640931585,-0.0900247936183507
189,1559707200,47,42,-5,89,23,0.7050891465910243,-1.4415692350029665
189,1559721600,205,196,-9,401,23,0.6776880416575771,-0.8724978912620757
189,1559736000,742,572,-170,1314,23,-0.4252064319136711,0.7927653678258518
189,1559750400,604,524,-80,1128,23,0.19131842908889,0.4535112975187822
189,1559764800,910,923,13,1833,23,0.8283941187915365,1.7393936607794491
189,1559779200,409,396,-13,805,23,0.65028693672413,-0.13562345898220413
189,1559793600,46,41,-5,87,23,0.7050891465910243,-1.4452171282320747
189,1559808000,193,215,22,408,23,0.8900466048917927,-0.8597302649601967
189,1559822400,688,609,-79,1297,23,0.19816870532225178,0.7617582753784314
189,1559836800,647,545,-102,1192,23,0.040612351954930626,0.570243880850247
189,1559851200,952,883,-69,1835,23,0.2666714676558697,1.7430415540085573
189,1559865600,428,477,49,905,23,1.075004063192561,0.04677120247320961
189,1559880000,76,67,-9,143,23,0.6776880416575771,-1.343076117817043
189,1559894400,177,197,20,374,23,0.876346052425069,-0.9217444498550373
189,1559908800,674,583,-91,1257,23,0.11596539052191031,0.688800410796266
189,1559923200,764,522,-242,1286,23,-0.9184263207157198,0.741694862618336
189,1559937600,1007,1089,82,2096,23,1.3010631788935,2.219091620407187
189,1559952000,875,543,-332,1418,23,-1.534951181718281,0.982455815739482
189,1559966400,356,97,-259,453,23,-1.0348810166828704,-0.7776526673052605
189,1559980800,99,40,-59,139,23,0.3351742299894876,-1.3503719042752595
189,1559995200,308,197,-111,505,23,-0.021040134145325483,-0.6828074433484453
189,1560009600,704,323,-381,1027,23,-1.8706147171530088,0.26929268944881435
189,1560024000,802,383,-419,1185,23,-2.1309252140207566,0.557476254548368
189,1560038400,807,299,-508,1106,23,-2.740599798789956,0.4133844719985912
189,1560052800,378,81,-297,459,23,-1.2951915135506182,-0.7667089876179356
189,1560067200,68,44,-24,112,23,0.5749338981571502,-1.3996184628682213
189,1560081600,241,238,-3,479,23,0.7187896990577478,-0.7302300553268529
189,1560096000,590,324,-266,914,23,-1.082832950316403,0.06318672200419684
189,1560110400,695,358,-337,1053,23,-1.5692025628850899,0.31671530142722193
189,1560124800,529,184,-345,713,23,-1.6240047727519842,-0.30342654752118475
189,1560139200,114,41,-73,155,23,0.23927036272242252,-1.3211887584423934
189,1560153600,206,210,4,416,23,0.7667416326912804,-0.8451386920437636
189,1560168000,724,548,-176,1272,23,-0.4663080893138418,0.7161596100145781
189,1560182400,553,455,-98,1008,23,0.06801345688837779,0.23463770377228574
189,1560196800,807,850,43,1657,23,1.0339024057923902,1.4183790566179209
189,1560211200,597,274,-323,871,24,-1.3982705811103282,-0.1967022212726482
189,1560225600,117,19,-98,136,24,0.2692782567862647,-1.5011485307649461
189,1560240000,178,206,28,384,24,1.2031056060083567,-1.0610088236165245
189,1560254400,674,525,-149,1199,24,-0.10869947980362969,0.3854180365688127
189,1560268800,656,434,-222,1090,24,-0.6497264360989687,0.19196953624954674
189,1560283200,905,848,-57,1753,24,0.573142711691866,1.3686333501181094
189,1560297600,751,321,-430,1072,24,-2.191282695132263,0.1600239123436129
189,1560312000,152,44,-108,196,24,0.19516497510197167,-1.3946631177451667
189,1560326400,214,243,29,457,24,1.210516934176786,-0.9314515711091262
189,1560340800,758,577,-181,1335,24,-0.34586198119336736,0.6267849727469794
189,1560355200,694,535,-159,1229,24,-0.1828127614879227,0.4386607430787024
189,1560369600,998,955,-43,1953,24,0.6769013060498763,1.7235847268507076
189,1560384000,711,291,-420,1002,24,-2.11716941344797,0.035790930487203575
189,1560398400,108,59,-49,167,24,0.6324333370393005,-1.4461310673713934
189,1560412800,196,184,-12,380,24,0.9066524792711846,-1.0681078511511766
189,1560427200,712,554,-158,1266,24,-0.1754014333194934,0.504326747774233
189,1560441600,608,484,-124,1092,24,0.07658372440710286,0.19551905001687273
189,1560456000,898,891,-7,1789,24,0.9437091201133312,1.432524597929977
189,1560470400,751,335,-416,1086,24,-2.087524100774253,0.18487050871489477
189,1560484800,151,62,-89,213,24,0.33598021030212843,-1.3644922507228958
189,1560499200,178,183,5,361,24,1.0326450581344828,-1.1018282319407733
189,1560513600,706,646,-60,1352,24,0.5509087271865781,0.6569558397692502
189,1560528000,696,567,-129,1263,24,0.03952708356495634,0.4990024771232441
189,1560542400,985,933,-52,1918,24,0.6101993525340126,1.6614682359225028
189,1561161600,5477,8633,3156,14110,25,4.075274302200916,4.075565395584675
189,1561176000,353,105,-248,458,25,-0.41808027202762993,-0.3609144292149693
189,1561190400,100,80,-20,180,25,-0.11711527704404928,-0.4512558730542823
189,1561204800,305,359,54,664,25,-0.01943365586516786,-0.29397076939159344
189,1561219200,664,456,-208,1120,25,-0.365279395714721,-0.14578480395732465
189,1561233600,777,661,-116,1438,25,-0.2438373801950306,-0.04244459122026875
189,1561248000,767,442,-325,1209,25,-0.5197219589299795,-0.11686254315984673
189,1561262400,353,109,-244,462,25,-0.41280018439633903,-0.359614552325195
189,1561276800,67,55,-12,122,25,-0.10655510178146751,-0.4701040879560095
189,1561291200,241,273,32,514,25,-0.04847413783726774,-0.3427161527581293
189,1561305600,562,517,-45,1079,25,-0.15011582473961735,-0.1591085420775111
189,1561320000,723,599,-124,1322,25,-0.2543975554576124,-0.0801410210237231
189,1561334400,599,268,-331,867,25,-0.5276420903769158,-0.22800201723554836
189,1561348800,128,42,-86,170,25,-0.20423672296034895,-0.454505565278718
189,1561363200,208,186,-22,394,25,-0.11975532085969473,-0.3817124594513579
189,1561377600,689,532,-157,1221,25,-0.2979582784157622,-0.11296291249052387
189,1561392000,643,558,-85,1201,25,-0.2029167010525262,-0.11946229693939531
189,1561406400,843,861,18,1704,25,-0.06695444454678585,0.043997221949721395
189,1561420800,715,295,-420,1010,26,-0.8549174891904066,-0.2206773834860991
189,1561435200,128,53,-75,181,26,-0.04730790232466017,-1.3428580809367374
189,1561449600,195,187,-8,382,26,0.10953222034202101,-1.0707732556199965
189,1561464000,707,575,-132,1282,26,-0.1807390514590009,0.14751700699227682
189,1561478400,591,465,-126,1056,26,-0.16669366733959662,-0.15840921450813847
189,1561492800,921,900,-21,1821,26,0.07910055474997839,0.8771375087122938
189,1561507200,735,382,-353,1117,26,-0.6980773665237254,-0.07583620781997329
189,1561521600,152,42,-110,194,26,-0.12923930968785183,-1.3252605549212269
189,1561536000,197,206,9,403,26,0.1493274753469998,-1.04234648282571
189,1561550400,740,664,-76,1404,26,-0.04964879967789422,0.3126630203686072
189,1561564800,696,597,-99,1293,26,-0.10348943880227732,0.16240722131309349
189,1561579200,1000,1010,10,2010,26,0.15166837270023384,1.1329784638608713
189,1561593600,874,388,-486,1262,26,-1.0094167145038537,0.12044389004533741
189,1561608000,249,53,-196,302,26,-0.33055648206597993,-1.1790657234077542
189,1561622400,204,186,-18,390,26,0.08612324680968053,-1.0599440088412206
189,1561636800,740,603,-137,1343,26,-0.19244353822517113,0.23009001368044202
189,1561651200,770,573,-197,1343,26,-0.332897379419214,0.23009001368044202
189,1561665600,1148,1123,-25,2271,26,0.0697369653370422,1.4862826400184304
189,1561680000,995,505,-490,1500,26,-1.01878030391679,0.44261398171391636
189,1561694400,331,103,-228,434,26,-0.40546519736946945,-1.000383151557954
189,1561708800,183,197,14,380,26,0.16103196211317003,-1.0734805673146903
189,1561708883,0,0,0,0,26,0.1282593991678934,-1.5878697893065392
189,1561723200,673,715,42,1388,26,0.22657708800372336,0.29100452681105565
189,1561737600,907,1021,114,1928,26,0.39512169743657477,1.0219786843784195
189,1561752000,1632,1687,55,3319,26,0.25700875359576597,2.9049139680380556
189,1561766400,1634,833,-801,2467,26,-1.7467993807725786,1.7515991860984366
189,1561780800,625,159,-466,784,26,-0.9625987674391727,-0.5266036049865144
189,1561795200,116,96,-20,212,26,0.08144145210321244,-1.3008947496689813
189,1561809600,343,394,51,737,26,0.24764516418282978,-0.590225429811822
189,1561824000,910,914,4,1824,26,0.13762298858082958,0.8811984762543347
189,1561838400,1268,1046,-222,2314,26,-0.3914198132500652,1.5444898414543502
189,1561852800,1321,706,-615,2027,26,-1.3113924730710458,1.1559906132657698
189,1561867200,743,199,-544,942,26,-1.1451887609914284,-0.3127259811056931
189,1561881600,128,78,-50,206,26,0.011214531506191013,-1.3090166847530633
189,1561896000,200,1125,925,1325,26,2.2935894509093875,0.20572420842819655
189,1561910400,106,1914,1808,2020,26,4.360601813815052,1.146515022334341
189,1561924800,178,1180,1002,1358,26,2.473838547108409,0.25039485139064654
189,1561939200,273,517,244,790,26,0.699438353357001,-0.5184816699024326
189,1561953600,527,144,-383,671,26,-0.7683042871207468,-0.679566715736722
189,1561968000,222,207,-15,429,26,0.09314593886938267,-1.007151430794689
189,1561982400,663,616,-47,1279,26,0.018237223565893156,0.1434560394502359
189,1561996800,664,560,-104,1224,26,-0.11519392556844756,0.06900496784615254
189,1562011200,994,824,-170,1818,26,-0.2696931508818947,0.8730765411702529
189,1562025600,710,420,-290,1130,27,-1.913362617526386,0.7032812160898197
189,1562040000,189,54,-135,243,27,-0.4718638743141684,-1.140882817429582
189,1562054400,202,169,-33,371,27,0.4767352986383878,-0.8747576806872106
189,1562068800,667,561,-106,1228,27,-0.2021641094551083,0.9070332739081978
189,1562083200,623,481,-142,1104,27,-0.5369638175560104,0.6492245476890255
189,1562097600,931,854,-77,1785,27,0.0675356554039518,2.065093439263673
189,1562112000,777,407,-370,1184,27,-2.6573619688617245,0.8155527581530077
189,1562126400,184,48,-136,232,27,-0.4811638662058601,-1.1637529463683796
189,1562140800,176,176,0,352,27,0.7836350310642148,-0.9142606306724064
189,1562155200,553,569,16,1122,27,0.9324349013312825,0.6866483950434215
189,1562169600,728,618,-110,1346,27,-0.2393640770218752,1.1523673843425715
189,1562184000,993,853,-140,1846,27,-0.518363833772627,2.19191869974246
189,1562198400,774,486,-288,1260,27,-1.8947626337430026,0.9735645580937906
189,1562212800,221,51,-170,272,27,-0.7973635905233788,-1.0805888411363884
189,1562227200,65,77,12,142,27,0.8952349337645156,-1.3508721831403594
189,1562241600,228,292,64,520,27,1.3788345121324854,-0.5649713886980439
189,1562256000,482,413,-69,895,27,0.1419355905374856,0.21469209785187227
189,1562270400,488,439,-49,927,27,0.32793542837132017,0.2812233820374651
189,1562284800,497,266,-231,763,27,-1.3646630959165742,-0.059749449413698225
189,1562299200,211,49,-162,260,27,-0.722963655389845,-1.1055380727059858
189,1562313600,73,141,68,214,27,1.4160344796992523,-1.2011767937227755
189,1562328000,345,431,86,776,27,1.5834343337497034,-0.03272111521330113
189,1562342400,535,478,-57,1013,27,0.25353549323778635,0.46002620828624585
189,1562356800,752,657,-95,1409,27,-0.09986419864649929,1.2833508500829574
189,1562371200,652,470,-182,1122,27,-0.9089634932236795,0.6866483950434215
189,1562385600,254,77,-177,331,27,-0.8624635337652209,-0.9579217859192016
189,1562400000,77,49,-28,126,27,0.5232352580968465,-1.3841378252331558
189,1562414400,129,225,96,354,27,1.6764342526666207,-0.9101024254108068
189,1562428800,529,444,-85,973,27,-0.006864279729582015,0.3768621030542548
189,1562443200,594,564,-30,1158,27,0.504635274313463,0.7614960897522135
189,1562457600,560,419,-141,979,27,-0.5276638256643187,0.38933671883905346
189,1562472000,260,72,-188,332,27,-0.9647634445738299,-0.9558426832884018
189,1562486400,56,67,11,123,27,0.8859349418728238,-1.3903751331255552
189,1562500800,182,252,70,434,27,1.4346344634826358,-0.7437742149468246
189,1562515200,453,456,3,909,27,0.81153500673929,0.24379953468306914
189,1562529600,529,516,-13,1045,27,0.6627351364722224,0.5265574924718387
189,1562544000,449,209,-240,658,27,-1.4483630229417996,-0.27805522564767476
189,1562558400,114,52,-62,166,27,0.2070355337793277,-1.3009737200011648
189,1562572800,156,167,11,323,27,0.8859349418728238,-0.9745546069655998
189,1562587200,643,532,-111,1175,27,-0.24866406891356693,0.7968408344758097
189,1562601600,543,443,-100,986,27,-0.14636415810495793,0.4038904372546519
189,1562616000,812,853,41,1665,27,1.1649346986235756,1.8156011235677
189,1562630400,636,327,-309,963,28,-1.4070932071008642,0.06556442275717166
189,1562644800,131,47,-84,178,28,0.12094986427389638,-1.3509880138771317
189,1562659200,181,192,11,373,28,0.7661236055210174,-0.9991055614647889
189,1562673600,701,590,-111,1291,28,-0.06241530429107486,0.6574487529687023
189,1562688000,620,536,-84,1156,28,0.12094986427389638,0.4138378243755418
189,1562702400,1200,892,-308,2092,28,-1.4003019045614207,2.102873595954788
189,1562716800,932,345,-587,1277,28,-3.2950753130661234,0.6321853974108931
189,1562731200,125,28,-97,153,28,0.03266293126113245,-1.3961011488017911
189,1562745600,182,178,-4,360,28,0.6642540674293668,-1.0225643916256117
189,1562760000,705,556,-149,1261,28,-0.32048480078992325,0.6033129910591111
189,1562774400,576,520,-56,1096,28,0.311106335378311,0.30556630055635936
189,1562788800,955,939,-16,1894,28,0.5827584369560461,1.7455775673514857
189,1562803200,756,388,-368,1144,28,-1.8077800569280233,0.39218351961170533
189,1562817600,109,33,-76,142,28,0.17528028458944342,-1.4159509281686413
189,1562832000,192,218,26,410,28,0.8679931436126681,-0.932338121776293
189,1562846400,727,598,-129,1325,28,-0.1846587500010557,0.718802616466239
189,1562860800,616,468,-148,1084,28,-0.3136934982504799,0.2839119957925229
189,1562875200,883,981,98,1864,28,1.3569669264525914,1.6914418054418945
189,1562889600,729,419,-310,1148,28,-1.4138845096403074,0.39940162119965084
189,1562904000,141,43,-98,184,28,0.02587162872168907,-1.3401608614952136
189,1562918400,153,199,46,352,28,1.0038191944015356,-1.0370005948015029
189,1562932800,662,582,-80,1244,28,0.1481150744316699,0.5726360593103427
189,1562947200,716,557,-159,1273,28,-0.3883978261843571,0.6249672958229475
189,1562961600,952,1030,78,1982,28,1.2211408756637236,1.904375802286287
189,1562976000,874,517,-357,1391,28,-1.7330757289941463,0.8379012926673397
189,1562990400,326,92,-234,418,28,-0.8977455166426106,-0.9179019186004022
189,1563004800,68,86,18,154,28,0.8136627232971211,-1.3942966234048049
189,1563019200,258,354,96,612,28,1.3433843213737047,-0.5678239915850456
189,1563033600,635,613,-22,1248,28,0.5420106217193859,0.5798541608982882
189,1563048000,754,602,-152,1356,28,-0.34085870840825344,0.7747429037728166
189,1563062400,702,598,-104,1300,28,-0.014876186514971208,0.6736894815415796
189,1563076800,323,130,-193,453,28,-0.619302112525432,-0.854743529705879
189,1563091200,82,60,-22,142,28,0.5420106217193859,-1.4159509281686413
189,1563105600,206,351,145,557,28,1.67615814580643,-0.6670728884192961
189,1563120000,478,442,-36,920,28,0.44693238616717856,-0.012030169313242424
189,1563134400,548,471,-77,1019,28,0.16848898205000004,0.1666178449884086
189,1563148800,552,249,-303,801,28,-1.366345391864204,-0.22676869155462093
189,1563163200,117,49,-68,166,28,0.22961070490499044,-1.3726423186409684
189,1563177600,179,187,8,366,28,0.7457496979026873,-1.0117372392436936
189,1563192000,647,535,-112,1182,28,-0.06920660683051824,0.4607554846971875
189,1563206400,484,434,-50,918,28,0.3518541506149713,-0.015639220107215173
189,1563220800,785,886,101,1671,28,1.3773408340709214,1.3431684038235243
189,1563235200,635,329,-306,964,29,-1.5428535237635892,0.23293152021676564
189,1563249600,107,37,-70,144,29,0.07886059368547724,-1.3995799889947542
189,1563264000,189,203,14,392,29,0.6560808727775178,-0.9058448008429776
189,1563278400,703,609,-94,1312,29,-0.08605948605510579,0.9257534777845814
189,1563292800,588,484,-104,1072,29,-0.1547761859470154,0.4479452311860878
189,1563307200,824,1126,302,1950,29,2.6351218296645142,2.1959270666589106
189,1563321600,885,389,-496,1274,29,-2.8484708217098715,0.8501005054064866
189,1563336000,159,38,-121,197,29,-0.2715945757632617,-1.2940640012042537
189,1563350400,185,201,16,386,29,0.6698242127558998,-0.9177900070079399
189,1563364800,746,614,-132,1360,29,-0.34718294564436225,1.0213151271042802
189,1563379200,627,514,-113,1141,29,-0.216621215849734,0.5853151020831547
189,1563393600,849,1020,171,1869,29,1.7349330610804985,2.0346667834319185
189,1563408000,751,363,-388,1114,29,-2.106330462877248,0.5315616743408241
189,1563422400,99,30,-69,129,29,0.0857322636746682,-1.4294430044071602
189,1563436800,178,202,24,380,29,0.7247975726694275,-0.9297352131729022
189,1563451200,661,561,-100,1222,29,-0.12728950599025154,0.7465753853101463
189,1563465600,555,545,-10,1100,29,0.4911607930369348,0.5036895266225787
189,1563480000,802,959,157,1761,29,1.638729681231825,1.8196530724625966
189,1563494400,781,440,-341,1221,29,-1.7833619733852728,0.7445845176159859
189,1563508800,155,36,-119,191,29,-0.2578512357848798,-1.306009207369216
189,1563523200,149,178,29,327,29,0.7591559226153822,-1.035251200963403
189,1563537600,694,528,-166,1222,29,-0.5808197252768549,0.7465753853101463
189,1563552000,597,514,-83,1111,29,-0.010471116174005235,0.525589071258343
189,1563566400,510,535,25,1045,29,0.7316692426586183,0.39419180344375726
189,1563580800,625,393,-232,1018,29,-1.034349944563458,0.3404383757014267
189,1563595200,280,99,-181,379,29,-0.6838947751147193,-0.9317260808670625
189,1563609600,82,63,-19,145,29,0.42931576313421616,-1.397589121300594
189,1563624000,239,296,57,535,29,0.9515626823127291,-0.6211507205780418
189,1563638400,440,415,-25,855,29,0.3880857431990704,0.01592694155328312
189,1563652800,546,547,1,1093,29,0.5667491629180353,0.489753452763456
189,1563667200,609,397,-212,1006,29,-0.896916544779639,0.31654796337150204
189,1563681600,237,101,-136,338,29,-0.3746696256011261,-1.0133516563276386
189,1563696000,68,47,-21,115,29,0.41557242315583426,-1.4573151521254055
189,1563710400,212,271,59,483,29,0.965306022291111,-0.7246758406743821
189,1563724800,449,429,-20,878,29,0.4224440931450252,0.061716898518972094
189,1563739200,524,423,-101,947,29,-0.1341611759794425,0.199086769416039
189,1563753600,470,222,-248,692,29,-1.1442966643905135,-0.3085844925948605
189,1563768000,115,28,-87,143,29,-0.03795779613076907,-1.4015708566889147
189,1563782400,175,167,-8,342,29,0.5049041330153167,-1.005388185550997
189,1563796800,688,532,-156,1220,29,-0.5121030253849452,0.7425936499218255
189,1563811200,557,420,-137,977,29,-0.381541295590317,0.25881280024085074
189,1563825600,753,771,18,1524,29,0.6835675527342817,1.347817428946584
189,1563840000,510,300,-210,810,30,-1.0250027794822116,-0.13650915724797869
189,1563854400,99,28,-71,127,30,0.13670683546967183,-1.4527786311355466
189,1563868800,171,166,-5,337,30,0.6883099619935877,-1.0480691296474218
189,1563883200,665,608,-57,1273,30,0.25371355927777517,0.7557789341282204
189,1563897600,530,479,-51,1009,30,0.30385929805267664,0.2470012751145777
189,1563912000,822,838,16,1660,30,0.8638200477057427,1.5016007297277647
189,1563926400,700,417,-283,1117,30,-1.6351092679101793,0.45513759016561334
189,1563940800,160,55,-105,215,30,-0.14745235092143635,-1.2831860781309992
189,1563955200,188,198,10,386,30,0.8136743089308414,-0.953636912633526
189,1563969600,684,611,-73,1295,30,0.11999158921137135,0.7981770723793573
189,1563984000,524,431,-93,955,30,-0.047160873371633466,0.14293311758905988
189,1563998400,875,886,11,1761,30,0.8220319320599916,1.6962467280625295
189,1564012800,817,387,-430,1204,30,-2.8636798678952644,0.6228029550678365
189,1564027200,122,49,-73,171,30,0.11999158921137135,-1.3679823546332728
189,1564041600,185,176,-9,361,30,0.6548794694769867,-1.0018166151916361
189,1564056000,693,580,-113,1273,30,-0.21431333595463828,0.7557789341282204
189,1564070400,617,458,-159,1075,30,-0.5987639998955494,0.3741956898679884
189,1564084800,954,892,-62,1846,30,0.21192544363202398,1.860057716760104
189,1564099200,840,428,-412,1268,30,-2.71324265157056,0.7461429936165984
189,1564113600,183,50,-133,233,30,-0.3814657985376431,-1.2484966922891598
189,1564128000,176,177,1,353,30,0.7384557007684892,-1.0172341200102313
189,1564142400,620,575,-45,1195,30,0.3540050368275781,0.6054582621469169
189,1564156800,639,583,-56,1222,30,0.26207118240692545,0.6574923409096758
189,1564171200,959,943,-16,1902,30,0.596376107572935,1.9679802504902706
189,1564185600,844,528,-316,1372,30,-1.9109108311721372,0.9465705562583364
189,1564200000,277,88,-189,365,30,-0.8494926937700565,-0.9941078627823385
189,1564214400,89,78,-11,167,30,0.6381642232186863,-1.3756911070425706
189,1564228800,228,308,80,536,30,1.3987079279713581,-0.6645586972848654
189,1564243200,558,471,-87,1029,30,0.002984865403267977,0.2855450371610658
189,1564257600,689,633,-56,1322,30,0.26207118240692545,0.8502111511421162
189,1564272000,670,458,-212,1128,30,-1.041718025740512,0.4763366592911818
189,1564286400,289,93,-196,382,30,-0.9079960556741082,-0.9613456650428236
189,1564300800,57,47,-10,104,30,0.6465218463478365,-1.497103957489008
189,1564315200,193,314,121,507,30,1.741370476266518,-0.7204471522522731
189,1564329600,452,463,11,915,30,0.8220319320599916,0.06584559349608374
189,1564344000,550,567,17,1117,30,0.8721776708348931,0.45513759016561334
189,1564358400,517,256,-261,773,30,-1.4512415590688739,-0.20781511703398164
189,1564372800,96,42,-54,138,30,0.2787864286652259,-1.4315795620099783
189,1564387200,165,206,41,371,30,1.0727606259344988,-0.982544734168392
189,1564401600,630,559,-71,1189,30,0.13670683546967183,0.5938951335329704
189,1564416000,523,442,-81,965,30,0.05313060417816942,0.16220499861230395
189,1564430400,772,795,23,1567,30,0.9223234096097944,1.3223722362115953
189,1564444800,662,313,-349,975,31,-1.8195894940207082,-0.03474050325697023
189,1564459200,111,43,-68,154,31,0.1422508813071345,-1.5196144212078162
189,1564473600,188,188,0,376,31,0.6170022888597798,-1.1181016200079528
189,1564488000,647,577,-70,1224,31,0.12828760461440966,0.41560493592666026
189,1564502400,596,512,-84,1108,31,0.030544667765335633,0.20580545421862356
189,1564516800,819,908,89,1727,31,1.238368101686036,1.3253388954020262
189,1564531200,829,415,-414,1244,31,-2.273395986534266,0.4517772603590804
189,1564545600,146,49,-97,195,31,-0.06021663073737596,-1.4454611561213548
189,1564560000,186,209,23,395,31,0.7775799708261156,-1.0837379117971537
189,1564574400,728,589,-139,1317,31,-0.35344544128459804,0.5838062445374138
189,1564588800,621,482,-139,1103,31,-0.35344544128459804,0.19676237311051856
189,1564603200,818,963,145,1781,31,1.629339849082332,1.4230041713695607
189,1564617600,726,425,-301,1151,31,-1.4844708533953117,0.28357595174832684
189,1564632000,118,42,-76,160,31,0.08639777453623507,-1.50876272387809
189,1564646400,174,204,30,378,31,0.8264514392506527,-1.1144843875647108
189,1564660800,673,614,-59,1287,31,0.20508562642439637,0.5295477578887836
189,1564675200,593,547,-46,1140,31,0.29584692492710796,0.2636811733104958
189,1564689600,946,876,-70,1822,31,0.12828760461440966,1.4971574364560218
189,1564704000,831,423,-408,1254,31,-2.2315061564560916,0.46986342257529046
189,1564718400,192,65,-127,257,31,-0.26966578112824885,-1.3333269503808525
189,1564732800,166,206,40,372,31,0.896267822714277,-1.125336084894437
189,1564747200,638,622,-16,1260,31,0.5052960753179809,0.4807151199050165
189,1564761600,647,645,-2,1292,31,0.6030390121670549,0.5385908389968886
189,1564776000,936,953,17,1889,31,0.735690140747941,1.6183347233046292
189,1565395200,5505,8631,3126,14136,32,4.0558016319428365,4.082049514088951
189,1565409600,283,90,-193,373,32,-0.3775738043569574,-0.3689687797486364
189,1565424000,67,36,-31,103,32,-0.161181270256154,-0.4562880371297414
189,1565438400,251,390,139,641,32,0.06589731491135577,-0.2822963316814655
189,1565452800,544,552,8,1096,32,-0.10908677130596058,-0.13514721276145517
189,1565467200,747,540,-207,1287,32,-0.3962743937236935,-0.07337692328074753
189,1565481600,620,401,-219,1021,32,-0.41230347032375303,-0.15940256203398434
189,1565496000,344,81,-263,425,32,-0.4710767511906379,-0.3521517375863495
189,1565510400,68,52,-16,120,32,-0.1411449245060796,-0.4507901579613015
189,1565524800,221,372,151,593,32,0.08192639151141527,-0.29781975521588416
189,1565539200,505,447,-58,952,32,-0.1972466926062879,-0.18171748336471116
189,1565553600,688,512,-176,1200,32,-0.3548659458402064,-0.10151312843688137
189,1565568000,561,272,-289,833,32,-0.5058064171574336,-0.2202026375437908
189,1565582400,124,36,-88,160,32,-0.2373193841064367,-0.43785397168261925
189,1565596800,154,187,33,341,32,-0.07569286172250325,-0.3793177287715822
189,1565611200,573,600,27,1173,32,-0.08370740002253302,-0.11024505417499188
189,1565625600,770,466,-304,1236,32,-0.5258427629075079,-0.08987056078606737
189,1565640000,793,767,-26,1560,32,-0.15450248833946253,0.01491254807125867
189,1565654400,603,313,-290,916,33,-2.314316511932336,0.4932319772973426
189,1565668800,117,32,-85,149,33,-0.3782067978134646,-0.7858207943202015
189,1565683200,143,199,56,342,33,0.9534589079951248,-0.46397309559505673
189,1565683988,34,8,-26,42,33,0.17901502234757632,-0.964254492577147
189,1565684072,18,37,19,55,33,0.6040147156907432,-0.9425756320412564
189,1565697600,584,533,-51,1117,33,-0.057095918398627474,0.828420513275343
189,1565712000,528,469,-59,997,33,-0.13265141943741268,0.6283079544825069
189,1565726400,826,895,69,1721,33,1.0762365971831507,1.8356537258659513
189,1565740800,685,415,-270,1100,33,-2.125427759335373,0.8000712341130246
189,1565755200,144,50,-94,194,33,-0.463206736482098,-0.7107785847728879
189,1565769600,159,196,37,355,33,0.7740145930280099,-0.44229423505916615
189,1565784000,651,588,-63,1239,33,-0.1704291699568053,1.031868281381393
189,1565798400,576,496,-80,1072,33,-0.3309846096642239,0.7533783037280295
189,1565812800,831,858,27,1689,33,0.6795702167295283,1.7822903768545284
189,1565827200,720,397,-323,1117,33,-2.6259829537173247,0.828420513275343
189,1565841600,146,43,-103,189,33,-0.5482066751507314,-0.7191166080559228
189,1565856000,154,200,46,354,33,0.8590145316966432,-0.44396183971577313
189,1565870400,591,551,-40,1142,33,0.04679289552970219,0.8701106296905172
189,1565884800,541,512,-29,1053,33,0.15068170945803186,0.7216938152524971
189,1565899200,898,963,65,1861,33,1.038458846663758,2.069118377790927
189,1565913600,769,431,-338,1200,33,-2.767649518165047,0.9668316997737213
189,1565928000,169,46,-123,215,33,-0.7370954277476944,-0.6757588869841417
189,1565942400,159,177,18,336,33,0.594570278060895,-0.47397872353469855
189,1565956800,542,593,51,1135,33,0.9062367198458839,0.8584373970942685
189,1565971200,590,502,-88,1092,33,-0.4065401107030091,0.7867303968601689
189,1565985600,794,890,96,1684,33,1.3312364131890506,1.7739523535714936
189,1566000000,755,436,-319,1191,33,-2.588205203197932,0.9518232578642586
189,1566014400,5,9,4,14,33,0.46234815124302087,-1.010947422962142
189,1566028800,0,1,1,1,33,0.43401483835347643,-1.0326262834980326
189,1566043200,0,2,2,2,33,0.4434592759833246,-1.0309586788414258
189,1566057600,0,0,0,0,33,0.4245704007236283,-1.0342938881546395
189,1566072000,2,1,-1,3,33,0.4151259630937801,-1.0292910741848187
189,1566086400,2,3,1,5,33,0.43401483835347643,-1.0259558648716047
189,1566100800,1,1,0,2,33,0.4245704007236283,-1.0309586788414258
189,1566115200,0,1,1,1,33,0.43401483835347643,-1.0326262834980326
189,1566129600,0,1,1,1,33,0.43401483835347643,-1.0326262834980326
189,1566144000,0,0,0,0,33,0.4245704007236283,-1.0342938881546395
189,1566158400,0,1,1,1,33,0.43401483835347643,-1.0326262834980326
189,1566172800,4,4,0,8,33,0.4245704007236283,-1.020953050901784
189,1566187200,0,2,2,2,33,0.4434592759833246,-1.0309586788414258
189,1566201600,160,153,-7,313,33,0.3584593373146912,-0.5123336306366588
189,1566216000,529,554,25,1083,33,0.660681341469832,0.7717219549507062
189,1566230400,481,420,-61,901,33,-0.151540294697109,0.46821790744823805
189,1566244800,723,673,-50,1396,33,-0.04765148076877932,1.2936822124686869
189,1566259200,529,291,-238,820,34,-1.708801701875946,0.30654104804274496
189,1566273600,109,24,-85,133,34,-0.3172467992964467,-0.8501132477890013
189,1566288000,179,171,-8,350,34,0.38307821703441247,-0.48476538433122995
189,1566302400,598,569,-29,1167,34,0.19208048530781452,0.8907609034337435
189,1566316800,515,477,-38,992,34,0.11022431456784396,0.5961255296774762
189,1566331200,785,943,158,1728,34,1.8928698106827582,1.8352777301609773
189,1566345600,814,383,-431,1197,34,-3.464161807744204,0.9412698246491036
189,1566360000,139,35,-104,174,34,-0.49005427085860676,-0.7810843887946759
189,1566374400,151,171,20,322,34,0.637741859336543,-0.5319070441322327
189,1566388800,612,571,-41,1183,34,0.0829389243211871,0.9176989947486022
189,1566403200,547,467,-80,1014,34,-0.271771148885352,0.633165405235407
189,1566417600,795,763,-32,1558,34,0.16479509506115766,1.5490605099406034
189,1566432000,678,393,-285,1071,34,-2.1362728157402366,0.7291323555445911
189,1566446400,130,67,-63,197,34,-0.1171539374876298,-0.7423608825295664
189,1566460800,156,184,28,340,34,0.7105028999942947,-0.5016016914030167
189,1566475200,596,551,-45,1147,34,0.04655840399231131,0.8570882892901701
189,1566489600,545,501,-44,1046,34,0.055653534074530255,0.6870415878651244
189,1566504000,842,800,-42,1642,34,0.07384379423896816,1.6904854893436116
189,1566518400,767,420,-347,1187,34,-2.700170880837812,0.9244335175773168
189,1566532800,141,43,-98,184,34,-0.43548349036529305,-0.7642480817228892
189,1566547200,130,174,44,304,34,0.8560249813097979,-0.5622123968614487
189,1566561600,531,540,9,1071,34,0.5376954284321346,0.7291323555445911
189,1566576000,576,512,-64,1088,34,-0.12624906756984874,0.7577540775666285
189,1566590400,830,914,84,1744,34,1.219830184598556,1.862215821475836
189,1566604800,701,449,-252,1150,34,-1.8361335230270115,0.8621391814117061
189,1566619200,0,1,1,1,34,0.464934387774383,-1.0723525011365858
189,1566633600,1,3,2,4,34,0.47402951785660197,-1.0673016090150498
189,1566648000,0,0,0,0,34,0.45583925769216405,-1.0740361318437646
189,1566662400,0,0,0,0,34,0.45583925769216405,-1.0740361318437646
189,1566676800,0,0,0,0,34,0.45583925769216405,-1.0740361318437646
189,1566691200,1,2,1,3,34,0.464934387774383,-1.0689852397222284
189,1566705600,0,1,1,1,34,0.464934387774383,-1.0723525011365858
189,1566720000,0,5,5,5,34,0.5013149081032588,-1.0656179783078712
189,1566734400,0,0,0,0,34,0.45583925769216405,-1.0740361318437646
189,1566748800,0,1,1,1,34,0.464934387774383,-1.0723525011365858
189,1566763200,0,1,1,1,34,0.464934387774383,-1.0723525011365858
189,1566777600,0,0,0,0,34,0.45583925769216405,-1.0740361318437646
189,1566792000,0,1,1,1,34,0.464934387774383,-1.0723525011365858
189,1566806400,143,177,34,320,34,0.7650736804876084,-0.5352743055465901
189,1566820800,590,594,4,1184,34,0.4922197780210399,0.9193826254557809
189,1566835200,501,441,-60,942,34,-0.08986854724097294,0.5119439943185428
189,1566849600,817,704,-113,1521,34,-0.5719104415985773,1.4867661737749926
189,1566864000,542,285,-257,827,35,-1.4498979548363582,0.07057937816583425
189,1566878400,99,55,-44,154,35,0.2689977652757621,-1.3646700486222754
189,1566892800,153,182,29,335,35,0.8581028712296812,-0.9786668595455327
189,1566907200,595,558,-37,1153,35,0.32548729598367215,0.7658116413648294
189,1566921600,520,498,-22,1018,35,0.4465362903577651,0.4779087102854909
189,1566936000,788,907,119,1695,35,1.5843968374742388,1.921688594290766
189,1566950400,741,276,-465,1017,35,-3.128444010157114,0.4757760959811995
189,1566964800,133,43,-90,176,35,-0.10221915080478965,-1.3177525339278646
189,1566979200,155,182,27,337,35,0.8419630053131355,-0.9744016309369499
189,1566993600,623,557,-66,1180,35,0.09145924019375909,0.8233922275806971
189,1567008000,577,506,-71,1083,35,0.05110957540239477,0.6165286400644316
189,1567022400,833,825,-8,1658,35,0.5595153517735852,1.8427818650319845
189,1567036800,625,290,-335,915,35,-2.0793527255816415,0.25824943694347713
189,1567051200,123,58,-65,181,35,0.09952917315203196,-1.3070894624064076
189,1567065600,158,177,19,335,35,0.7774035416469526,-0.9786668595455327
189,1567080000,601,514,-87,1115,35,-0.07800935192997106,0.6847722978017563
189,1567094400,586,504,-82,1090,35,-0.037659687138606734,0.6314569401944714
189,1567108800,812,877,65,1689,35,1.148620457727504,1.9088929084650177
189,1567123200,672,372,-300,1044,35,-1.7969050720420912,0.5333566821970672
189,1567137600,173,55,-118,228,35,-0.32817727363642984,-1.206856590104712
189,1567152000,136,158,22,294,35,0.8016133405217711,-1.06610404602148
189,1567166400,497,454,-43,951,35,0.277067698234035,0.33502355189796734
189,1567180800,665,573,-92,1238,35,-0.11835901672133538,0.9470838572295981
189,1567195200,834,780,-54,1614,35,0.18829843569303345,1.748946835643163
189,1567209600,683,438,-245,1121,35,-1.3530587593370837,0.6975679836275047
189,1567224000,299,91,-208,390,35,-1.0544712398809877,-0.8613730728095058
189,1567238400,72,63,-9,135,35,0.5514454188153124,-1.4051897204038117
189,1567252800,229,300,71,529,35,1.1970400554771414,-0.5649396845130018
189,1567267200,496,500,4,996,35,0.6563545472728596,0.4309911955910802
189,1567281600,650,574,-76,1224,35,0.010759910611030448,0.9172272569695185
189,1567296000,681,451,-230,1132,35,-1.2320097649629909,0.7210267409747101
189,1567310400,282,98,-184,380,35,-0.8607928488824389,-0.8826992158524198
189,1567324800,67,47,-20,114,35,0.46267615627431086,-1.4499746207939312
189,1567339200,196,246,50,442,35,1.0275714633534114,-0.7504771289863532
189,1567353600,408,488,80,896,35,1.2696694521015972,0.2177297651619406
189,1567368000,638,578,-60,1216,35,0.13987883794339628,0.9001663425351873
189,1567382400,614,337,-277,951,35,-1.6112966140018155,0.33502355189796734
189,1567396800,242,82,-160,324,35,-0.6671144578838901,-1.002125616892738
189,1567411200,54,62,8,116,35,0.688634279105951,-1.4457093921853483
189,1567425600,205,256,51,461,35,1.0356413963116842,-0.7099574572048167
189,1567440000,380,359,-21,739,35,0.45460622331603795,-0.1170906806118086
189,1567454400,459,392,-67,851,35,0.08338930723548622,0.12176212146882776
189,1567468800,406,259,-147,665,36,-0.4548782685798982,-0.49559317100662814
189,1567483200,111,34,-77,145,36,0.1200753469080213,-1.5351393537558364
189,1567497600,189,201,12,390,36,0.8510878008855189,-1.0453531714989979
189,1567512000,615,501,-114,1116,36,-0.18382870699273615,0.40601322980085836
189,1567526400,563,464,-99,1027,36,-0.0606243608167534,0.2280909023687823
189,1567540800,854,821,-33,1675,36,0.4814747623575707,1.5235253762562573
189,1567555200,613,402,-211,1015,36,-0.9805501455974246,0.2041013750745698
189,1567569600,120,55,-65,175,36,0.2186388238488075,-1.4751655355203053
189,1567584000,188,200,12,388,36,0.8510878008855189,-1.0493514260480334
189,1567598400,653,625,-28,1278,36,0.522542877749565,0.7298718482727271
189,1567612800,634,461,-173,1095,36,-0.6684324686182683,0.3640315570359865
189,1567627200,829,882,53,1711,36,1.1878463470998717,1.595493958138895
189,1567641600,733,354,-379,1087,36,-2.3604388227684314,0.3480385388398448
189,1567656000,517,120,-397,637,36,-2.5082840381796108,-0.551568734693124
189,1567670400,196,209,13,405,36,0.8593014239639178,-1.0153662623812323
189,1567684800,704,628,-76,1332,36,0.12828896998642014,0.8378247210966834
189,1567699200,666,524,-142,1190,36,-0.41381015318790393,0.5539486481151688
189,1567713600,879,894,15,1773,36,0.8757286701207155,1.7194398491589928
189,1567728000,715,414,-301,1129,36,-1.719776222653321,0.4320018843695886
189,1567742400,165,59,-106,224,36,-0.11811972236554535,-1.3772082990689376
189,1567756800,157,208,51,365,36,1.171419100943074,-1.0953313533619407
189,1567771200,637,603,-34,1240,36,0.47326113927917185,0.6539050118410542
189,1567785600,680,548,-132,1228,36,-0.33167392240391547,0.6299154845468417
189,1567800000,901,974,73,1875,36,1.3521188086678488,1.923350831159799
189,1567814400,784,549,-235,1333,36,-1.177677099478997,0.839823848371201
189,1567828800,329,107,-222,436,36,-1.0708999994598118,-0.9533933168711833
189,1567843200,71,103,32,174,36,1.0153602624534959,-1.477164662794823
189,1567857600,271,338,67,609,36,1.3028370701974556,-0.6075442983796198
189,1567872000,575,586,11,1161,36,0.84287417780712,0.4959739571541552
189,1567886400,765,664,-101,1429,36,-0.07705160697355111,1.031740066724901
189,1567900800,794,498,-296,1292,36,-1.6787081072613268,0.757859630115975
189,1567915200,378,129,-249,507,36,-1.2926678225765809,-0.811455280380426
189,1567929600,76,50,-26,126,36,0.5389701239063627,-1.573122771971673
189,1567944000,225,335,110,560,36,1.6560228625686062,-0.7055015348309875
189,1567958400,542,520,-22,1062,36,0.5718246162199581,0.2980603569769021
189,1567972800,642,508,-134,1150,36,-0.34810116856071316,0.47398355713446044
189,1567987200,521,270,-251,791,36,-1.3090950687333787,-0.24370313441739688
189,1568001600,103,39,-64,142,36,0.22685244692720635,-1.5411367355793897
189,1568016000,201,220,19,421,36,0.9085831624343109,-0.983380225988949
189,1568030400,679,587,-92,1266,36,-0.0031289992679614555,0.7058823209785147
189,1568044800,595,508,-87,1103,36,0.03793911612403279,0.3800245752321281
189,1568059200,819,796,-23,1615,36,0.5636109931415592,1.403577739785195
189,1568073600,636,308,-328,944,37,-1.805853603666572,-0.003335891691756671
189,1568088000,112,31,-81,143,37,0.23066398350997092,-1.423919034654748
189,1568102400,208,198,-10,406,37,0.816059727192297,-0.9574853684883726
189,1568116800,699,580,-119,1279,37,-0.08264641451718951,0.590790641257809
189,1568131200,637,487,-150,1124,37,-0.3382417392235572,0.3158962752662189
189,1568145600,918,853,-65,1771,37,0.36258415110035425,1.4633585642762756
189,1568160000,687,372,-315,1059,37,-1.6986684674993855,0.2006179927536166
189,1568174400,141,44,-97,185,37,0.09874381591958757,-1.3494315290312204
189,1568188800,221,178,-43,399,37,0.5439743815371314,-0.9698999527589605
189,1568203200,699,617,-82,1316,37,0.22241897303557195,0.6564105866880595
189,1568217600,592,517,-75,1109,37,0.2801340463563647,0.2892935946863876
189,1568232000,932,938,6,1870,37,0.9479798947826803,1.6389362561031622
189,1568246400,749,364,-385,1113,37,-2.2758192007073124,0.29638764284100927
189,1568260800,130,31,-99,161,37,0.08225379497078966,-1.3919958179589504
189,1568275200,184,198,14,382,37,1.013939978577872,-1.0000496574161026
189,1568289600,696,620,-76,1316,37,0.2718890358819657,0.6564105866880595
189,1568304000,629,459,-170,1088,37,-0.5031419487115364,0.2520498418746238
189,1568318400,974,919,-55,1893,37,0.44503425584434386,1.679727032992237
189,1568332800,754,421,-333,1175,37,-1.8470786560385668,0.40634538923764535
189,1568347200,183,49,-134,232,37,-0.2063215716331739,-1.2660764632144157
189,1568361600,187,220,33,407,37,1.1705951775914523,-0.9557118564497171
189,1568376000,678,574,-104,1252,37,0.04102874259879486,0.5429058162141126
189,1568390400,680,622,-58,1302,37,0.420299224421147,0.6315814181468836
189,1568404800,1076,1050,-26,2126,37,0.6841395596019136,2.0929553379989496
189,1568419200,878,571,-307,1449,37,-1.6327083837041938,0.8922876878292304
189,1568433600,348,81,-267,429,37,-1.3029079647282353,-0.9166945915992979
189,1568448000,62,74,12,136,37,0.9974499576290741,-1.436333618925336
189,1568462400,274,373,99,647,37,1.7147658689017835,-0.5300689671724164
189,1568476800,596,580,-16,1176,37,0.7665896643459033,0.40811890127630074
189,1568491200,870,703,-167,1573,37,-0.47840691728833956,1.1122031806225023
189,1568505600,782,530,-252,1312,37,-1.1792328076122511,0.6493165385334378
189,1568520000,323,80,-243,403,37,-1.1050277133426605,-0.9628059046043388
189,1568534400,59,56,-3,115,37,0.8737748005130896,-1.4735773717370997
189,1568548800,227,258,31,485,37,1.1541051566426543,-0.8173779174345944
189,1568563200,526,523,-3,1049,37,0.8737748005130896,0.1828828723670624
189,1568577600,711,487,-224,1198,37,-0.9483725143290802,0.44713616612671997
189,1568592000,542,264,-278,806,37,-1.393603079946624,-0.2480805530262046
189,1568606400,113,37,-76,150,37,0.2718890358819657,-1.41150445038416
189,1568620800,216,185,-31,401,37,0.6429145072299188,-0.9663529286816497
189,1568635200,713,624,-89,1337,37,0.16470389971477925,0.6936543394998234
189,1568649600,603,478,-125,1081,37,-0.13211647736358328,0.23963525760403584
189,1568664000,907,1021,114,1928,37,1.838441026017768,1.7417999543451765
189,1568678400,777,334,-443,1111,38,-2.1836869098890044,0.3133655681598323
189,1568692800,108,34,-74,142,38,0.28173013166849475,-1.5077613621513
189,1568707200,215,210,-5,425,38,0.7427430743987589,-0.9758945703266865
189,1568721600,726,654,-72,1380,38,0.29509282566067635,0.8189209285867617
189,1568736000,618,520,-98,1138,38,0.12137780376231594,0.36410904299822294
189,1568750400,932,891,-41,1823,38,0.5022145825394907,1.6514897935277644
189,1568764800,708,371,-337,1079,38,-1.4754641283033814,0.25322515353655445
189,1568779200,118,41,-77,159,38,0.2616860906802224,-1.4758117668826836
189,1568793600,221,214,-7,435,38,0.7293803804065773,-0.9571006907569122
189,1568808000,740,613,-127,1353,38,-0.0723812591243168,0.768177453748371
189,1568822400,620,488,-132,1108,38,-0.10578799410477072,0.3077274042889
189,1568836800,995,907,-88,1902,38,0.18819127372322378,1.7999614421289813
189,1568851200,729,412,-317,1141,38,-1.3418371883815656,0.36974720686915524
189,1568865600,129,39,-90,168,38,0.1748285797310422,-1.4588972752698866
189,1568880000,200,229,29,429,38,0.9699088722658457,-0.9683770184987767
189,1568894400,729,548,-181,1277,38,-0.4331739969132191,0.6253439690180861
189,1568908800,662,494,-168,1156,38,-0.34631648596403897,0.39793802622381674
189,1568923200,959,903,-56,1862,38,0.4019943775981289,1.7247859238498842
189,1568937600,780,465,-315,1245,38,-1.328474494389384,0.5652035543948083
189,1568952000,194,49,-145,243,38,-0.19264550505395092,-1.3179431784965792
189,1568966400,184,229,45,413,38,1.076810424203298,-0.9984472258104157
189,1568980800,694,584,-110,1278,38,0.04120163980922653,0.6272233569750635
189,1568995200,652,570,-82,1222,38,0.22827935569976848,0.5219776313843273
189,1569009600,990,1045,55,2035,38,1.143623894164206,2.04992004040698
189,1569024000,871,305,-566,1176,38,-3.005492590408171,0.4355257853633654
189,1569038400,361,647,286,1008,38,2.687015050261177,0.11978860859115673
189,1569052800,66,86,20,152,38,0.9097767493010286,-1.4889674825815256
189,1569067200,294,378,84,672,38,1.3373829570508386,-0.5116857449532606
189,1569081600,606,510,-96,1116,38,0.1347404977544975,0.32276250794471945
189,1569096000,780,551,-229,1331,38,-0.7538786527255767,0.7268309186948675
189,1569110400,733,406,-327,1139,38,-1.4086506583424736,0.3659884309552004
189,1569124800,349,104,-245,453,38,-0.8607802046630292,-0.9232717075313184
189,1569139200,72,45,-27,117,38,0.5957534404847616,-1.5547460610757358
189,1569153600,234,272,38,506,38,1.0300409952306626,-0.8236641458115144
189,1569168000,547,459,-88,1006,38,0.18819127372322378,0.11602983267720186
189,1569182400,630,440,-190,1070,38,-0.4933061198780362,0.23631066192375755
189,1569196800,511,232,-279,743,38,-1.087946002530116,-0.3782492000078629
189,1569211200,135,29,-106,164,38,0.06792702779358967,-1.4664148270977964
189,1569225600,189,198,9,387,38,0.8362819323440298,-1.047311312691829
189,1569240000,722,607,-115,1329,38,0.007794904828772613,0.7230721427809126
189,1569254400,605,469,-136,1074,38,-0.13251338208913385,0.24382821375166727
189,1569268800,884,808,-76,1692,38,0.2683674376763132,1.4052899711637206
189,1569283200,603,316,-287,919,39,-1.4616616058139533,-0.03982694242641381
189,1569297600,121,32,-89,153,39,0.22984659262034052,-1.4572079067434331
189,1569312000,214,217,3,431,39,1.0157998969433457,-0.9428059379704157
189,1569326400,710,628,-82,1338,39,0.2896473875144822,0.7354767443214074
189,1569340800,641,560,-81,1201,39,0.2981903582136453,0.4819764935231938
189,1569355200,943,917,-26,1860,39,0.7680537466676158,1.7013682108664259
189,1569369600,733,388,-345,1121,39,-1.9571539063654133,0.33394714999139025
189,1569384000,114,43,-71,157,39,0.3836200652052763,-1.4498064395668429
189,1569398400,208,220,12,428,39,1.0926866332358136,-0.9483570383528582
189,1569412800,761,591,-170,1352,39,-0.46213403401187064,0.7613818794394731
189,1569427200,595,517,-78,1112,39,0.3238192703111346,0.3172938488440623
189,1569441600,975,890,-85,1865,39,0.2640184754169929,1.7106200448371636
189,1569456000,732,427,-305,1159,39,-1.6154350783988893,0.4042610881689969
189,1569470400,133,42,-91,175,39,0.21276065122201432,-1.416499837272187
189,1569484800,204,214,10,418,39,1.0756006918374874,-0.9668607062943337
189,1569499200,758,680,-78,1438,39,0.3238192703111346,0.920513423736162
189,1569513600,702,536,-166,1238,39,-0.42796215121521824,0.550440064906653
189,1569528000,1014,898,-116,1912,39,-0.0008136162570632102,1.7975872841620981
189,1569542400,770,396,-374,1166,39,-2.2049000566411427,0.41721365572802976
189,1569556800,201,48,-153,249,39,-0.31690353212609795,-1.2795726945052688
189,1569571200,187,208,21,395,39,1.1695733695282815,-1.0094191425597272
189,1569585600,699,564,-135,1263,39,-0.16313005954116214,0.5966992347603416
189,1569600000,720,545,-175,1265,39,-0.5048488875076862,0.6003999683486366
189,1569614400,981,964,-17,1945,39,0.8449404829600837,1.8586493883689672
189,1569628800,853,576,-277,1429,39,-1.3762318988223223,0.903860122588834
189,1569643200,357,132,-225,489,39,-0.9319974224658412,-0.8354846639098581
189,1569657600,69,80,11,149,39,1.0841436625366505,-1.4646093739200232
189,1569672000,279,368,89,647,39,1.7504953770713725,-0.543126710434546
189,1569686400,658,543,-115,1201,39,0.0077293544420998905,0.4819764935231938
189,1569700800,804,643,-161,1447,39,-0.38524729771940275,0.9371667248834898
189,1569715200,744,437,-307,1181,39,-1.6325210197972155,0.4449691576402429
189,1569729600,361,109,-252,470,39,-1.1626576313432448,-0.8706416329986614
189,1569744000,75,53,-22,128,39,0.8022256294642682,-1.5034670765971216
189,1569758400,217,306,89,523,39,1.7504953770713725,-0.7725721929088415
189,1569772800,505,452,-53,957,39,0.5373935377902122,0.03048699575119289
189,1569787200,710,450,-260,1160,39,-1.2310013969365496,0.4061114549631445
189,1569801600,552,261,-291,813,39,-1.495833488610606,-0.23596582260605356
189,1569816000,102,36,-66,138,39,0.4263349187010918,-1.4849634086556462
189,1569830400,224,169,-55,393,39,0.520307596391886,-1.0131198761480222
189,1569844800,577,563,-14,1140,39,0.870569395057573,0.3691041190801936
189,1569859200,558,495,-63,1053,39,0.4519638307985811,0.20812220798935718
189,1569873600,821,803,-18,1624,39,0.8363975122609206,1.2646816474476053
189,1569888000,295,356,61,651,40,0.9931026670070164,-0.4697106638944722
189,1569902400,29,55,26,84,40,0.7507216408572049,-1.4407749706904578
189,1569916800,171,177,6,348,40,0.6122181973430271,-0.9886392087960307
189,1569931200,674,606,-68,1280,40,0.0997554563405686,0.607537041528235
189,1569945600,632,441,-191,1073,40,-0.7520407212716258,0.2530215009519228
189,1569960000,859,874,15,1733,40,0.6745447469244071,1.3833609056879907
189,1569974400,372,360,-12,732,40,0.4875650981802669,-0.3309871914950457
189,1569988800,45,40,-5,85,40,0.5360413034102292,-1.4390623352287366
189,1570003200,185,233,48,418,40,0.9030754287228008,-0.8687547264755386
189,1570017600,728,617,-111,1345,40,-0.198026947214914,0.7188583465401205
189,1570032000,679,483,-196,1162,40,-0.7866665821501703,0.4054460570451198
189,1570046400,924,904,-20,1828,40,0.4321637207745957,1.5460612745515157
189,1570060800,384,407,23,791,40,0.7299461243300783,-0.2299416992534881
189,1570075200,43,39,-4,82,40,0.542966475585938,-1.4442002416139006
189,1570089600,195,199,4,394,40,0.5983678529916092,-0.9098579775568502
189,1570104000,751,602,-149,1353,40,-0.4611834898918521,0.732559430233891
189,1570118400,644,508,-136,1152,40,-0.37115625160763643,0.38831970242790664
189,1570132800,981,912,-69,1893,40,0.0928302841648597,1.6573825795634012
189,1570147200,386,539,153,925,40,1.630218507172235,-0.00044854738283186575
189,1570161600,63,67,4,130,40,0.5983678529916092,-1.3619937394512773
189,1570176000,161,224,63,385,40,1.0069530113584342,-0.925271696712342
189,1570190400,649,627,-22,1276,40,0.4183133764231779,0.6006864996813498
189,1570204800,725,570,-155,1295,40,-0.5027345229461055,0.6332265734540548
189,1570219200,1360,1065,-295,2425,40,-1.472258627545351,2.5685046451991407
189,1570233600,1214,495,-719,1709,40,-4.408531630045924,1.3422576546066791
189,1570248000,428,106,-322,534,40,-1.6592382762894915,-0.6700890129158661
189,1570262400,102,103,1,205,40,0.5775923364644825,-1.2335460798221787
189,1570276800,382,405,23,787,40,0.7299461243300783,-0.23679224110037336
189,1570291200,598,557,-41,1155,40,0.28673510508470884,0.3934576088130706
189,1570305600,868,649,-219,1517,40,-0.945945542191475,1.0134316459561867
189,1570320000,793,527,-266,1320,40,-1.2714286344497931,0.6760424599970876
189,1570334400,312,119,-193,431,40,-0.7658910656230437,-0.8464904654731615
189,1570348800,72,66,-6,138,40,0.5291161312345203,-1.3482926557575068
189,1570363200,229,279,50,508,40,0.9169257730742185,-0.7146175349206203
189,1570377600,508,451,-57,959,40,0.17593235027336648,0.05778105831569285
189,1570392000,686,535,-151,1221,40,-0.4750338342432699,0.5064915492866774
189,1570406400,480,273,-207,753,40,-0.8628434760829682,-0.2950218467988981
189,1570420800,106,57,-49,163,40,0.23133372767903765,-1.305476769214474
189,1570435200,210,184,-26,394,40,0.3906126877203423,-0.9098579775568502
189,1570449600,718,613,-105,1331,40,-0.15647591416066062,0.6948814500760221
189,1570464000,610,569,-41,1179,40,0.28673510508470884,0.4345608598943822
189,1570478400,910,807,-103,1717,40,-0.14262556980924282,1.3559587383004497
189,1570492800,629,363,-266,992,41,-1.2370619417219333,0.10026358291678084
189,1570507200,92,43,-49,135,41,0.5528384451416481,-1.466773934888954
189,1570521600,215,208,-7,423,41,0.8992707780829865,-0.9401615601771084
189,1570536000,734,611,-123,1345,41,-0.05754233194547177,0.745729444976786
189,1570550400,684,461,-223,1145,41,-0.8823812199010392,0.3800264069824488
189,1570564800,912,910,-2,1822,41,0.9405127224807649,1.61793119059328
189,1570579200,660,418,-242,1078,41,-1.0391006086125971,0.2575158892543458
189,1570593600,142,46,-96,188,41,0.16516416780253143,-1.3698626298204546
189,1570608000,142,187,45,329,41,1.3281869998198816,-1.1120419880344468
189,1570622400,642,597,-45,1239,41,0.5858320006598708,0.5519068348397872
189,1570636800,569,510,-59,1079,41,0.4703545563460914,0.2593444044443175
189,1570651200,777,930,153,1707,41,2.2190129988118943,1.4076519437465362
189,1570665600,611,410,-201,1021,41,-0.7009166645508144,0.15329052342595972
189,1570680000,122,41,-81,163,41,0.28889000099586654,-1.4155755095697466
189,1570694400,198,200,2,398,41,0.9735062779989876,-0.9858744399264006
189,1570708800,757,600,-157,1357,41,-0.3379875538503647,0.7676716272564461
189,1570723200,669,497,-172,1166,41,-0.46171338704369985,0.41842522597185416
189,1570737600,1038,942,-96,1980,41,0.16516416780253143,1.9068365906088065
189,1570752000,789,545,-244,1334,41,-1.0555973863717083,0.7256157778870974
189,1570766400,207,62,-145,269,41,-0.2390068872956966,-1.221752899432748
189,1570780800,182,171,-11,353,41,0.8662772225647638,-1.0681576234751264
189,1570795200,706,601,-105,1307,41,0.09092866788653037,0.6762458677578619
189,1570809600,749,606,-143,1355,41,-0.22251010953658526,0.7640145968765027
189,1570824000,1089,954,-135,2043,41,-0.15652299850013987,2.0220330475770227
189,1570838400,845,545,-300,1390,41,-1.5175071636268262,0.8280126285255118
189,1570852800,346,85,-261,431,41,-1.1958199973241548,-0.9255334386573348
189,1570867200,83,77,-6,160,41,0.9075191669625422,-1.4210610551396616
189,1570881600,281,335,54,616,41,1.4024224997358827,-0.587258128512573
189,1570896000,605,533,-72,1138,41,0.3631255009118676,0.36722680065264696
189,1570910400,843,666,-177,1509,41,-0.5029553314414782,1.0456059361321424
189,1570924800,899,471,-428,1370,41,-2.5733009402099527,0.791442324726078
189,1570939200,382,93,-289,475,41,-1.4267748859517138,-0.8450787702985807
189,1570953600,73,64,-9,137,41,0.8827740003238751,-1.4631169045090104
189,1570968000,240,271,31,511,41,1.212709555506102,-0.7792522234596
189,1570982400,617,431,-186,1048,41,-0.5771908313574793,0.20266043355519525
189,1570996800,778,489,-289,1267,41,-1.4267748859517138,0.6031052601589945
189,1571011200,560,233,-327,793,41,-1.7402136633748293,-0.2636109398875846
189,1571025600,145,45,-100,190,41,0.13217061228430874,-1.3662055994405111
189,1571040000,163,166,3,329,41,0.9817546668785432,-1.1120419880344468
189,1571054400,574,542,-32,1116,41,0.6930610560940946,0.3269994664732699
189,1571068800,554,501,-53,1055,41,0.5198448896234255,0.21546003988499704
189,1571083200,814,784,-30,1598,41,0.7095578338532059,1.2083437880396224
189,1571097600,636,334,-302,970,42,-1.751995685863241,-0.006728249806138225
189,1571112000,124,36,-88,160,42,0.2629674906612389,-1.428436687103158
189,1571126400,226,208,-18,434,42,0.9220675951318632,-0.9475130922644129
189,1571140800,690,602,-88,1292,42,0.2629674906612389,0.5584447339094671
189,1571155200,655,574,-81,1229,42,0.32887750110830133,0.44786741100858785
189,1571169600,962,797,-165,1759,42,-0.4620426242564478,1.378121079857255
189,1571184000,668,520,-148,1188,42,-0.30197545602786763,0.3759043913429362
189,1571198400,134,42,-92,176,42,0.22530462754863181,-1.4003535574775379
189,1571212800,213,227,14,440,42,1.2233705000327202,-0.9369819186548054
189,1571227200,754,650,-104,1404,42,0.11231603821081049,0.7550266412888081
189,1571241600,706,483,-223,1189,42,-1.0081541393892508,0.37765958694453744
189,1571256000,881,929,48,1810,42,1.5435048364898805,1.4676360555389192
189,1571270400,608,392,-216,1000,42,-0.9422441289421885,0.04592761824189954
189,1571284800,97,34,-63,131,42,0.4983603851150333,-1.4793373595495944
189,1571299200,206,215,9,421,42,1.1762919211419611,-0.9703306350852293
189,1571313600,724,688,-36,1412,42,0.7525847111251313,0.7690682061016182
189,1571328000,662,547,-115,1209,42,0.008743164651140953,0.41276349897656267
189,1571342400,1030,1058,28,2088,42,1.355190520926845,1.955580432784069
189,1571356800,792,492,-300,1284,42,-1.7331642543069374,0.5444031690966571
189,1571371200,184,51,-133,235,42,-0.160739719355591,-1.2967970169830636
189,1571385600,210,209,-1,419,42,1.0821347633604435,-0.9738410262884318
189,1571400000,795,595,-200,1390,42,-0.79159267649176,0.7304539028663904
189,1571414400,724,628,-96,1352,42,0.1876417644360247,0.6637564700055426
189,1571428800,1079,978,-101,2057,42,0.1405631855452658,1.90116936913443
189,1571443200,895,536,-359,1431,42,-2.288691485217892,0.8024169225320421
189,1571457600,330,86,-244,416,42,-1.205884170730438,-0.9791066130932357
189,1571472000,78,88,10,166,42,1.185707636920113,-1.4179055134935503
189,1571486400,329,384,55,713,42,1.609414846936943,-0.45781351941766174
189,1571500800,680,526,-154,1206,42,-0.35846975069677833,0.40749791217175885
189,1571515200,918,765,-153,1683,42,-0.3490540349186265,1.2447262141355593
189,1571529600,821,469,-352,1290,42,-2.2227814747708297,0.5549343427062646
189,1571544000,339,95,-244,434,42,-1.205884170730438,-0.9475130922644129
189,1571558400,75,48,-27,123,42,0.8373261531284972,-1.4933789243624045
189,1571572800,291,311,20,602,42,1.2798647947016308,-0.6526402311954015
189,1571587200,662,510,-152,1172,42,-0.33963831914047476,0.3478212617173161
189,1571601600,627,542,-85,1169,42,0.29121463799569425,0.34255567491251226
189,1571616000,461,192,-269,653,42,-1.4412770651842324,-0.5631252555137373
189,1571630400,117,36,-81,153,42,0.32887750110830133,-1.4407230563143667
189,1571644800,223,164,-59,387,42,0.5360232482276404,-1.0300072855396722
189,1571659200,686,621,-65,1307,42,0.47952895355872976,0.584772667933486
189,1571673600,657,505,-152,1162,42,-0.33963831914047476,0.3302693057013035
189,1571688000,936,849,-87,1785,42,0.2723832064393907,1.4237561654988877
189,1571702400,358,356,-2,714,43,0.6069685783456107,-0.4031683439360535
189,1571716800,50,50,0,100,43,0.6247087873160461,-1.4283019717632026
189,1571731200,201,212,11,413,43,0.7222799366534406,-0.9057175653952911
189,1571745600,747,592,-155,1339,43,-0.7501574078926962,0.6403308700573801
189,1571760000,609,477,-132,1086,43,-0.5461450047326893,0.21792238823283822
189,1571774400,970,957,-13,1927,43,0.509397429008216,1.6220549305824026
189,1571788800,356,388,32,744,43,0.9085521308430121,-0.35308038166436867
189,1571803200,35,42,7,77,43,0.6867995187125698,-1.466702742838161
189,1571817600,197,207,10,404,43,0.713409832168223,-0.9207439540767965
189,1571832000,785,644,-141,1429,43,-0.6259759450996485,0.7905947568724345
189,1571846400,669,548,-121,1217,43,-0.4485738553952947,0.4366398234858619
189,1571860800,1025,955,-70,1980,43,0.0038014733508076,1.7105436639290459
189,1571875200,416,461,45,877,43,1.0238634891508422,-0.13102374892656599
189,1571889600,47,47,0,94,43,0.6247087873160461,-1.4383195642175397
189,1571904000,198,207,9,405,43,0.7045397276830052,-0.9190743553344071
189,1571918400,743,636,-107,1379,43,-0.324392392602247,0.7071148197529599
189,1571932800,700,514,-186,1214,43,-1.0251306469344446,0.4316310272586934
189,1571947200,1019,1010,-9,2029,43,0.5448778469490868,1.792354002306131
189,1571961600,436,549,113,985,43,1.6270305941456453,0.049292915251499335
189,1571976000,67,62,-5,129,43,0.5803582648899576,-1.3798836082339074
189,1571990400,173,209,36,382,43,0.944032548783883,-0.9574751264093654
189,1572004800,752,579,-173,1331,43,-0.9098192886266147,0.6269740801182642
189,1572019200,691,543,-148,1234,43,-0.6880666764961724,0.4650230021064833
189,1572033600,1042,1107,65,2149,43,1.201265578855196,1.9927058513928704
189,1572048000,867,562,-305,1429,43,-2.08067308067535,0.7905947568724345
189,1572062400,322,90,-232,412,43,-1.4331554532544584,-0.9073871641376806
189,1572076800,80,103,23,183,43,0.828721190476053,-1.2897252761448748
189,1572091200,325,428,103,753,43,1.5383295492934683,-0.3380539929828632
189,1572105600,683,615,-68,1298,43,0.021541682321242983,0.5718773216194108
189,1572120000,1075,864,-211,1939,43,-1.2468832590648868,1.6420901154910763
189,1572134400,895,543,-352,1438,43,-2.4975679914805813,0.80562114555394
189,1572148800,415,171,-244,586,43,-1.5395967070770706,-0.6168769829619087
189,1572163200,83,52,-31,135,43,0.3497355482742976,-1.3698660157795703
189,1572177600,258,327,69,585,43,1.236745996796067,-0.6185465817042982
189,1572192000,456,527,71,983,43,1.2544862057665023,0.045953717766720345
189,1572206400,632,535,-97,1167,43,-0.23569134775007008,0.3531598863663872
189,1572220800,516,286,-230,802,43,-1.4154152442840229,-0.256243654605778
189,1572235200,117,32,-85,149,43,-0.1292500939274578,-1.3464916333861174
189,1572249600,197,203,6,400,43,0.6779294142273522,-0.9274223490463546
189,1572264000,736,600,-136,1336,43,-0.5816254226735601,0.6353220738302117
189,1572278400,659,454,-205,1113,43,-1.1936626321535806,0.26300155427735455
189,1572292800,942,842,-100,1784,43,-0.2623016612057232,1.383302310420705
189,1572307200,641,406,-235,1047,44,-0.775032958314362,0.06092250213377901
189,1572321600,134,42,-92,176,44,0.04072836668991938,-1.4036028331784345
189,1572336000,213,220,7,433,44,0.6054862070774988,-0.9714753806236253
189,1572350400,721,652,-69,1373,44,0.17193473364864995,0.6090686092655605
189,1572364800,671,511,-160,1182,44,-0.34718610953589274,0.28791552195828973
189,1572379200,984,927,-57,1911,44,0.240390229453205,1.5136778290106476
189,1572393600,679,433,-246,1112,44,-0.8377838294685375,0.17021543760483973
189,1572408000,136,32,-104,168,44,-0.0277271291146357,-1.4170542713902574
189,1572422400,208,187,-21,395,44,0.44575671686687024,-1.0353697121297838
189,1572436800,763,586,-177,1349,44,-0.44416472859234574,0.5687142946300919
189,1572451200,680,500,-180,1180,44,-0.4612786025434845,0.284552662405334
189,1572465600,991,823,-168,1814,44,-0.39282310673892945,1.3505791406922956
189,1572480000,768,390,-378,1158,44,-1.5907942833186435,0.24756120732282116
189,1572494400,126,52,-74,178,44,0.143411610396752,-1.400239973625479
189,1572508800,196,196,0,392,44,0.5655538345248416,-1.0404140014592174
189,1572523200,750,629,-121,1379,44,-0.12470574817108873,0.6191571879244276
189,1572537600,656,509,-147,1165,44,-0.27302598908095804,0.25933121575816614
189,1572552000,890,1479,589,2369,44,3.9255777535984198,2.283772666637506
189,1572566400,532,904,372,1436,44,2.687674204466049,0.7149986851836655
189,1572580800,448,85,-363,533,44,-1.5052249135629496,-0.8033324029758395
189,1572595200,206,205,-1,411,44,0.5598492098744621,-1.0084668357061382
189,1572609600,701,601,-100,1302,44,-0.00490863051311734,0.4896870951356326
189,1572624000,745,619,-126,1364,44,-0.1532288714229867,0.5939357412772598
189,1572638400,1056,1090,34,2146,44,0.7595110726377478,1.908813826482944
189,1572652800,896,617,-279,1513,44,-1.026036442931064,0.8444687779724604
189,1572667200,343,97,-246,440,44,-0.8377838294685375,-0.9597053721882803
189,1572681600,83,86,3,169,44,0.5826677084759804,-1.4153728416137796
189,1572696000,296,356,60,652,44,0.907831313547617,-0.6032422595749746
189,1572710400,688,628,-60,1316,44,0.22327635550206626,0.5132271120063225
189,1572724800,998,850,-148,1848,44,-0.2787306137313377,1.4077477530925426
189,1572739200,849,338,-511,1187,44,-2.349509361819129,0.29632267084067904
189,1572750000,341,138,-203,479,44,-0.5924849695022151,-0.8941296109056439
189,1572764400,71,54,-17,125,44,0.4685752154683886,-1.4893557517788052
189,1572778800,279,230,-49,509,44,0.28602722665624175,-0.8436867176113081
189,1572793200,542,577,35,1119,44,0.7652156972881273,0.18198544604018474
189,1572807600,763,714,-49,1477,44,0.28602722665624175,0.7839373060192576
189,1572822000,555,316,-239,871,44,-0.7978514569158803,-0.23500913852632385
189,1572836400,190,52,-138,242,44,-0.22168436722754176,-1.292628467930896
189,1572850800,89,85,-4,174,44,0.5427353359233232,-1.4069656927313903
189,1572865200,756,585,-171,1341,44,-0.40993698069006823,0.555262856418269
189,1572879600,497,436,-61,933,44,0.21757173085168666,-0.1307604923846967
189,1572894000,1017,812,-205,1829,44,-0.6038942188029742,1.3758005873394634
189,1572908400,715,551,-164,1266,44,-0.3700046081374111,0.4291556231824297
189,1572922800,223,79,-144,302,45,-0.17115018805081825,-1.2848870125780423
189,1572937200,89,92,3,181,45,0.6762285296923669,-1.492928424561399
189,1572951600,764,663,-101,1427,45,0.07672249809174611,0.6493823137134955
189,1572966000,566,499,-67,1065,45,0.2727148545765644,0.026977428275685077
189,1572980400,995,843,-152,1838,45,-0.21726603663548139,1.356035374252004
189,1572994800,769,583,-186,1352,45,-0.4132583931202997,0.5204310252940596
189,1573009200,234,105,-129,339,45,-0.08468297195457486,-1.221271043624454
189,1573023600,99,93,-6,192,45,0.6243482000346209,-1.4740155689265484
189,1573038000,769,614,-155,1383,45,-0.23455947985473005,0.5737308911740931
189,1573052400,593,528,-65,1121,45,0.28424381672273025,0.12326105696219718
189,1573066800,988,909,-79,1897,45,0.20354108169956975,1.4574770544752935
189,1573081200,777,606,-171,1383,45,-0.3267911770240563,0.5737308911740931
189,1573095600,890,278,-612,1168,45,-2.868927330253612,0.204070531038377
189,1573110000,86,119,33,205,45,0.8491629618848535,-1.4516640122671793
189,1573124400,775,628,-147,1403,45,-0.1884436312700669,0.608117901419276
189,1573138800,608,500,-108,1108,45,0.03637113058016587,0.1009095003028283
189,1573153200,1019,935,-84,1954,45,0.17471867633415528,1.5554800336740648
189,1573167600,132,644,512,776,45,3.6103493958915593,-0.46991486976720775
189,1573182000,1253,620,-633,1873,45,-2.989981432788352,1.4162126421810741
189,1573196400,93,96,3,189,45,0.6762285296923669,-1.4791736204633257
189,1573210800,715,575,-140,1290,45,-0.14809226375848666,0.4138312935339927
189,1573225200,630,525,-105,1155,45,0.05366457379941455,0.1817189743790081
189,1573239600,1007,1011,4,2018,45,0.6819930107654498,1.66551846645865
189,1573254000,971,756,-215,1727,45,-0.5804283442397036,1.1651874673912388
189,1573268400,512,226,-286,738,45,-0.989706500428589,-0.5352501892330552
189,1573282800,93,47,-46,140,45,0.39376895711130516,-1.5634217955640237
189,1573297200,273,263,-10,536,45,0.6012902757422893,-0.8825589927094025
189,1573311600,624,627,3,1251,45,0.6762285296923669,0.346776623555886
189,1573326000,829,788,-41,1617,45,0.42259136247671963,0.976058911042733
189,1573340400,988,667,-321,1655,45,-1.1914633379864903,1.0413942305085804
189,1573354800,576,189,-387,765,45,-1.571919088809961,-0.4888277254020583
189,1573369200,91,46,-45,137,45,0.3995334381843881,-1.5685798471008012
189,1573383600,211,245,34,456,45,0.8549274429579364,-1.0201070336901341
189,1573398000,603,587,-16,1190,45,0.5667033893037919,0.24189624230807816
189,1573412400,800,697,-103,1497,45,0.06519353594558033,0.7697368495716356
189,1573426800,641,445,-196,1086,45,-0.4709032038511286,0.06308378903312711
189,1573441200,255,75,-180,330,45,-0.37867150668180233,-1.2367451982347863
189,1573455600,80,83,3,163,45,0.6762285296923669,-1.5238767337820636
189,1573470000,708,568,-140,1276,45,-0.14809226375848666,0.3897603863623646
189,1573484400,518,451,-67,969,45,0.2727148545765644,-0.13808022090119282
189,1573498800,898,804,-94,1702,45,0.11707386560332636,1.1222037045847604
189,1573513200,691,526,-165,1217,45,-0.29220429058555897,0.28831870613907506
189,1573527600,238,87,-151,325,46,-0.32938684443473054,-1.1618141832722089
189,1573542000,91,104,13,195,46,1.2854292299185963,-1.3963852530746073
189,1573556400,805,581,-224,1386,46,-1.0481769263115164,0.7526466248842889
189,1573570800,543,476,-67,1019,46,0.4977140716974613,0.09043445090367186
189,1573585200,930,751,-179,1681,46,-0.6050871498121279,1.28494251405127
189,1573599600,735,548,-187,1283,46,-0.6838586656342414,0.566794161887004
189,1573614000,220,116,-104,336,46,0.1333958110201863,-1.1419658619812367
189,1573628400,88,90,2,178,46,1.1771183956631903,-1.4270599314333825
189,1573642800,767,630,-137,1397,46,-0.1915366917460319,0.772494946175261
189,1573657200,567,473,-94,1040,46,0.23186020579782818,0.12832670064098237
189,1573671600,919,876,-43,1795,46,0.7340286191638018,1.490643298339527
189,1573686000,800,608,-192,1408,46,-0.7330908630230623,0.7923432674662333
189,1573700400,283,131,-152,414,46,-0.33923328391249474,-1.0012232200997977
189,1573714800,79,99,20,178,46,1.3543543062629455,-1.4270599314333825
189,1573729200,800,618,-182,1418,46,-0.6346264682454203,0.8103871959125716
189,1573743600,536,428,-108,964,46,0.09401005310912955,-0.008807155551189
189,1573758000,1029,861,-168,1890,46,-0.49677631555672175,1.6620606185797413
189,1573772400,893,673,-220,1566,46,-1.0087911684004596,1.077437336918379
189,1573786800,386,151,-235,537,46,-1.1564877605669224,-0.779282900209836
189,1573801200,95,99,4,194,46,1.1968112746187187,-1.398189645919241
189,1573815600,706,523,-183,1229,46,-0.6444729077231846,0.469356948276777
189,1573830000,608,531,-77,1139,46,0.3992496769198194,0.3069615922597319
189,1573844400,965,949,-16,1914,46,0.9998824850634349,1.7053660468509533
189,1573858800,975,676,-299,1651,46,-1.7866598871438306,1.230810728712255
189,1573873200,556,225,-331,781,46,-2.1017459504322846,-0.3390110461191806
189,1573887600,78,66,-12,144,46,1.0392682429744917,-1.4884092881509328
189,1573902000,242,299,57,541,46,1.7186725669402205,-0.7720653288313007
189,1573916400,517,530,13,1047,46,1.2854292299185963,0.1409574505534192
189,1573930800,800,723,-77,1523,46,0.3992496769198194,0.9998484445991241
189,1573945200,789,573,-216,1362,46,-0.9694054104894028,0.7093411966130769
189,1573959600,579,213,-366,792,46,-2.446371332154031,-0.31916272482820846
189,1573974000,101,41,-60,142,46,0.5666391480418106,-1.4920180738402005
189,1573988400,154,221,67,375,46,1.8171369617178623,-1.0715945410405172
189,1574002800,559,470,-89,1029,46,0.28109240318664913,0.1084783793500102
189,1574017200,696,611,-85,1307,46,0.3204781610977059,0.610099590158216
189,1574031600,553,326,-227,879,46,-1.077716244744809,-0.16218054734506487
189,1574046000,198,50,-148,248,46,-0.299847526001438,-1.300752432309014
189,1574060400,70,86,16,156,46,1.3149685483518887,-1.4667565740153268
189,1574074800,741,592,-149,1333,46,-0.3096939654792022,0.6570138041186957
189,1574089200,555,456,-99,1011,46,0.18262800840900725,0.07599930814660119
189,1574103600,884,791,-93,1675,46,0.24170664527559238,1.274116156983467
189,1574118000,685,526,-159,1211,46,-0.40815836025684404,0.43687787707336795
189,1574132400,234,77,-157,311,47,-0.31723637758052725,-1.1549600716119401
189,1574146800,95,111,16,206,47,1.4029423683150783,-1.3404164478065461
189,1574161200,742,601,-141,1343,47,-0.1581447016595464,0.6678111687007576
189,1574175600,525,410,-115,935,47,0.10037927171204751,-0.05281932165542521
189,1574190000,1017,856,-161,1873,47,-0.35700929656077246,1.603924305683054
189,1574204400,854,515,-339,1369,47,-2.1269041911816844,0.7137336999489458
189,1574218800,255,107,-148,362,47,-0.2277473098749755,-1.0648812603174174
189,1574233200,80,97,17,177,47,1.4128855980601396,-1.3916377326602944
189,1574247600,772,658,-114,1430,47,0.11032250145710881,0.8214750232620026
189,1574262000,523,444,-79,967,47,0.45833554253425446,0.003700716803883254
189,1574276400,987,830,-157,1817,47,-0.31723637758052725,1.5050142383792642
189,1574290800,841,666,-175,1507,47,-0.4962145129916307,0.9574763658047135
189,1574305200,300,99,-201,399,47,-0.7547384863632246,-0.9995299658488419
189,1574319600,91,109,18,200,47,1.4228288278052008,-1.3510139550176665
189,1574334000,785,636,-149,1421,47,-0.2376905396200368,0.805578762445322
189,1574348400,581,492,-89,1073,47,0.3589032450836414,0.19092334420034254
189,1574362800,979,820,-159,1799,47,-0.33712283707064983,1.4732217167459032
189,1574377200,890,599,-291,1489,47,-1.6496291634187419,0.9256838441713525
189,1574391600,400,155,-245,555,47,-1.1922405951459218,-0.7239947783597132
189,1574406000,76,96,20,172,47,1.4427152872953235,-1.4004689886695614
189,1574420400,739,588,-151,1327,47,-0.2575769991101594,0.6395511494711035
189,1574434800,613,500,-113,1113,47,0.12026573120217011,0.2615733922744781
189,1574449200,939,958,19,1897,47,1.4327720575502623,1.6463143345275355
189,1574463600,952,695,-257,1647,47,-1.3115593520866575,1.2047515340641881
189,1574478000,480,198,-282,678,47,-1.5601400957131901,-0.5067458805317463
189,1574492400,83,60,-23,143,47,1.0151564082576874,-1.4516902735233097
189,1574506800,239,272,33,511,47,1.5719772739811204,-0.8017098312412623
189,1574521200,579,519,-60,1098,47,0.6472569076904192,0.23507962424667728
189,1574535600,888,719,-169,1607,47,-0.4365551345212629,1.1341014859900524
189,1574550000,794,554,-240,1348,47,-1.1425244464206155,0.6766424247100247
189,1574564400,528,224,-304,752,47,-1.7788911501045388,-0.3760432915945955
189,1574578800,67,39,-28,106,47,0.9654402595323809,-1.517041567991885
189,1574593200,172,189,17,361,47,1.4128855980601396,-1.0666475115192708
189,1574607600,467,444,-23,911,47,1.0151564082576874,-0.09520935049990656
189,1574622000,670,484,-186,1154,47,-0.605590040187305,0.3339896915504671
189,1574636400,525,323,-202,848,47,-0.7646817161082858,-0.2064831762166701
189,1574650800,164,66,-98,230,47,0.26941417737808965,-1.2980264189620647
189,1574665200,78,81,3,159,47,1.2736803816292812,-1.4234302542936554
189,1574679600,709,588,-121,1297,47,0.04071989324167969,0.5865636134155018
189,1574694000,555,491,-64,1046,47,0.607483988710174,0.14323456175030103
189,1574708400,940,837,-103,1777,47,0.21969802865278315,1.4343641903051287
189,1574722800,682,429,-253,1111,47,-1.2717864331064124,0.25804088987077134
189,1574737200,234,78,-156,312,48,-0.829189098701729,-0.7760556966692437
189,1574751600,58,82,24,140,48,0.884896893446548,-1.0623279176270688
189,1574766000,572,624,52,1196,48,1.1515324922251688,0.6952503691837646
189,1574780400,568,474,-94,1042,48,-0.23878170140621138,0.43893686902385143
189,1574794800,1042,803,-239,1845,48,-1.6195731950812122,1.7754286912862558
189,1574809200,772,681,-91,1453,48,-0.21021360153707344,1.1229943272428407
189,1574823600,286,103,-183,389,48,-1.0863019975239705,-0.647898946589287
189,1574838000,84,72,-12,156,48,0.5420796950168926,-1.0356979435844804
189,1574852400,543,506,-37,1049,48,0.30401219610740965,0.45058748266748383
189,1574866800,673,530,-143,1203,48,-0.7053939992687979,0.706900982827397
189,1574881200,905,703,-202,1608,48,-1.2672332966951774,1.3809722007804155
189,1574895600,620,483,-137,1103,48,-0.648257799530522,0.5404636450612196
189,1574910000,262,91,-171,353,48,-0.9720295980474187,-0.707816388185111
189,1574924400,59,56,-3,115,48,0.6277839946243065,-1.1039372520686133
189,1574938800,239,150,-89,389,48,-0.1911682016243148,-0.647898946589287
189,1574953200,438,398,-40,836,48,0.2754440962382717,0.09607595322552595
189,1574967600,369,333,-36,702,48,0.313534896063789,-0.12695007938115177
189,1574982000,282,278,-4,560,48,0.6182612946679271,-0.3632910990091237
189,1574996400,132,98,-34,230,48,0.3325802959765476,-0.9125343136375091
189,1575010800,37,69,32,106,48,0.9610784930975825,-1.1189166124675691
189,1575025200,201,267,66,468,48,1.2848502916144795,-0.5164134497540069
189,1575039600,404,502,98,906,48,1.5895766902186175,0.21258208966185013
189,1575082800,1736,1411,-325,3147,48,-2.4385253913298333,3.9424428290018856
189,1575097200,63,43,-20,106,48,0.465898095365858,-1.1189166124675691
189,1575111600,148,217,69,365,48,1.3134183914836173,-0.6878439076531696
189,1575126000,474,425,-49,899,48,0.18973979663085785,0.2009314760182177
189,1575140400,656,535,-121,1191,48,-0.49589460022845294,0.6869285022954558
189,1575154800,612,471,-141,1083,48,-0.6863485993560393,0.5071761775079842
189,1575169200,414,162,-252,576,48,-1.7433682945141433,-0.33666112496653533
189,1575183600,64,38,-26,102,48,0.40876189562758214,-1.1255741059782163
189,1575198000,152,171,19,323,48,0.8372833936646514,-0.7577475895149641
189,1575212400,400,340,-60,740,48,0.08499009711068538,-0.06370389103000436
189,1575226800,425,428,3,853,48,0.6849201943625823,0.1243703006457761
189,1575241200,332,75,-257,407,48,-1.7909817942960398,-0.6179402257913751
189,1575255600,124,282,158,406,48,2.1609386876013765,-0.6196045991690369
189,1575270000,60,79,19,139,48,0.8372833936646514,-1.0639922910047306
189,1575284400,721,524,-197,1245,48,-1.219619796913281,0.7768046646891915
189,1575298800,465,402,-63,867,48,0.05642199724154742,0.14767152793304095
189,1575313200,756,725,-31,1481,48,0.36114839584568553,1.1695967818173703
189,1575327600,562,478,-84,1040,48,-0.14355470184241823,0.43560812226852785
189,1575342000,177,73,-104,250,49,-0.006528335002907647,-1.295366900901891
189,1575356400,78,83,5,161,49,0.9575593309103536,-1.4510558329481684
189,1575370800,724,622,-102,1346,49,0.011161346940454946,0.6218810712635008
189,1575385200,442,513,71,955,49,1.5413188350413192,-0.062100641434189245
189,1575399600,917,862,-55,1779,49,0.42686887260947587,1.379333965376288
189,1575414000,686,586,-100,1272,49,0.028851028883817537,0.4924318468654725
189,1575428400,234,65,-169,299,49,-0.5814429981621919,-1.2096505225842777
189,1575442800,99,99,0,198,49,0.9133351260519471,-1.3863312207491543
189,1575457200,727,662,-65,1389,49,0.3384204628926629,0.6971015665218144
189,1575471600,613,482,-131,1095,49,-0.24533904123830264,0.18280329661613454
189,1575486000,932,816,-116,1748,49,-0.1126664266630832,1.3251052362365734
189,1575500400,775,594,-181,1369,49,-0.6875810898223674,0.6621152896574826
189,1575514800,229,118,-111,347,49,-0.06844222180467673,-1.1256834581098811
189,1575529200,92,101,9,193,49,0.9929386947970787,-1.3950777899652373
189,1575543600,749,669,-80,1418,49,0.20574784831744344,0.7478316679750958
189,1575558000,575,552,-23,1127,49,0.7099037837032773,0.2387813395990657
189,1575572400,1013,868,-145,1881,49,-0.3691668148418408,1.557763977384381
189,1575586800,895,616,-279,1511,49,-1.5543755050471344,0.9105178553942395
189,1575601200,367,124,-243,491,49,-1.2359612300666079,-0.873782264686691
189,1575615600,97,89,-8,186,49,0.8425763982784967,-1.4073229868677535
189,1575630000,755,621,-134,1376,49,-0.2718735641533465,0.6743604865599987
189,1575644400,624,537,-87,1161,49,0.14383396151567437,0.29825801026843
189,1575658800,982,1029,47,2011,49,1.3290426517209681,1.7851747770025388
189,1575673200,937,689,-248,1626,49,-1.2801854349250144,1.1116889473641482
189,1575687600,587,202,-385,789,49,-2.4919286480453517,-0.35248673940814457
189,1575702000,92,57,-35,149,49,0.6037656920431018,-1.4720475990667676
189,1575716400,242,301,59,543,49,1.4351807433811437,-0.7828179448394278
189,1575730800,653,659,6,1312,49,0.9664041718820349,0.5624044005941364
189,1575745200,977,759,-218,1736,49,-1.0148402057745753,1.3041134701179742
189,1575759600,889,588,-301,1477,49,-1.748962006424123,0.8510411847248751
189,1575774000,549,249,-300,798,49,-1.7401171654524417,-0.3367429148191952
189,1575788400,106,51,-55,157,49,0.42686887260947587,-1.4580530883210348
189,1575802800,203,257,54,460,49,1.3909565385227372,-0.9280109938264055
189,1575817200,567,499,-68,1066,49,0.311885939977619,0.13207319516285318
189,1575831600,814,525,-289,1339,49,-1.6428239147639474,0.6096358743609845
189,1575846000,554,297,-257,851,49,-1.3597890036701459,-0.24402928112871547
189,1575860400,197,69,-128,266,49,-0.21880451832325876,-1.2673778794104256
189,1575874800,79,100,21,179,49,1.0990767864572544,-1.4195681837702696
189,1575889200,697,618,-79,1315,49,0.21459268928912476,0.5676523421237862
189,1575903600,528,522,-6,1050,49,0.8602660802218594,0.1040841736713876
189,1575918000,824,850,26,1674,49,1.1433009913156609,1.195656011838545
189,1575932400,692,559,-133,1251,49,-0.26302872318166526,0.4556962561579239
189,1575946800,203,75,-128,278,50,-0.14457593014565837,-1.257165571833173
189,1575961200,75,81,6,156,50,0.93456642377976,-1.4588852558712884
189,1575975600,785,701,-84,1486,50,0.20976932039701632,0.7401899881507898
189,1575990000,565,456,-109,1021,50,0.008436791679587519,-0.028659627240387862
189,1576004400,901,797,-104,1698,50,0.04870329742307328,1.090719275167843
189,1576018800,798,555,-243,1353,50,-1.070705562245831,0.520282463748582
189,1576033200,248,105,-143,353,50,-0.2653754473761156,-1.133157569350725
189,1576047600,89,108,19,197,50,1.0392593387128228,-1.3910942145142167
189,1576062000,798,677,-121,1475,50,-0.0882028221047783,0.7220021477866975
189,1576076400,568,446,-122,1014,50,-0.09625612325347546,-0.04023370747208301
189,1576090800,980,846,-134,1826,50,-0.19289573703784127,1.3023595994045543
189,1576105200,851,585,-266,1436,50,-1.2559314886658655,0.6575179864958245
189,1576119600,264,96,-168,360,50,-0.4667079760935444,-1.1215834891190297
189,1576134000,75,101,26,176,50,1.0956324467537029,-1.4258164552093022
189,1576148400,808,676,-132,1484,50,-0.17678913474044697,0.7368831080845912
189,1576162800,576,531,-45,1107,50,0.5238480651962052,0.11353621560615254
189,1576177200,952,886,-66,1838,50,0.35472874107356506,1.322200879801746
189,1576191600,853,603,-250,1456,50,-1.127078670286711,0.6905867871578106
189,1576206000,344,135,-209,479,50,-0.7968933231901276,-0.9248241251802122
189,1576220400,78,107,29,185,50,1.1197923501997944,-1.4109354949114083
189,1576234800,769,641,-128,1410,50,-0.14457593014565837,0.6145285456352425
189,1576249200,658,582,-76,1240,50,0.27419572958659355,0.33344374000836036
189,1576263600,1081,1117,36,2198,50,1.1761654582406744,1.9174392917174963
189,1576278000,1027,827,-200,1854,50,-0.7244136128518534,1.3486559203313349
189,1576292400,575,211,-364,786,50,-2.0451550012381863,-0.417218035018725
189,1576306800,63,61,-2,124,50,0.8701400145901828,-1.5117953369304662
189,1576321200,220,267,47,487,50,1.2647517708763432,-0.9115966049154177
189,1576335600,625,604,-21,1229,50,0.7171272927649369,0.315255899644268
189,1576350000,969,772,-197,1741,50,-0.7002537094057618,1.161817196591113
189,1576364400,935,680,-255,1615,50,-1.1673451760301967,0.9534837524206005
189,1576378800,601,242,-359,843,50,-2.0048884954947006,-0.3229719531320645
189,1576393200,103,41,-62,144,50,0.38694194566835366,-1.47872653626848
189,1576407600,178,253,75,431,50,1.4902442030398633,-1.004189246768979
189,1576422000,641,532,-109,1173,50,0.008436791679587519,0.22266325779070678
189,1576436400,825,584,-241,1409,50,-1.0545989599484367,0.6128751056021432
189,1576450800,641,354,-287,995,50,-1.4250508127885055,-0.07164906810096984
189,1576465200,226,108,-118,334,50,-0.06404291865868685,-1.1645729299796117
189,1576479600,97,97,0,194,50,0.8862466168875771,-1.3960545346135147
189,1576494000,729,580,-149,1309,50,-0.3136952542682986,0.44753110229221255
189,1576508400,694,977,283,1671,50,3.165330841968871,1.0460763942741615
189,1576522800,893,843,-50,1736,50,0.48358155945271947,1.1535499964256166
189,1576537200,755,554,-201,1309,50,-0.7324669140005504,0.44753110229221255
189,1576551600,256,86,-170,342,51,-0.9676347789012546,-1.075880205275666
189,1576566000,83,98,15,181,51,0.9382010213681365,-1.3692192620908772
189,1576580400,714,589,-125,1303,51,-0.5040530977546459,0.6750442270188556
189,1576594800,511,497,-14,1008,51,0.6394483824069888,0.13755961981085993
189,1576609200,870,897,27,1767,51,1.0618228030072323,1.5204437447968557
189,1576623600,759,641,-118,1400,51,-0.43194039179850685,0.851776453795722
189,1576638000,256,107,-149,363,51,-0.7512966610328372,-1.0376185891693341
189,1576652400,96,85,-11,181,51,0.6703538278167627,-1.3692192620908772
189,1576666800,748,611,-137,1359,51,-0.6276748793937416,0.7770752033024073
189,1576681200,590,520,-70,1110,51,0.06254673475787575,0.323401755184472
189,1576695600,954,919,-35,1873,51,0.42311026453857137,1.7135738070478643
189,1576710000,896,673,-223,1569,51,-1.513630981140594,1.1596913643657263
189,1576724400,275,99,-176,374,51,-1.0294456697208025,-1.0175767902564936
189,1576738800,91,98,7,189,51,0.8557865002754061,-1.354643408336084
189,1576753200,645,596,-49,1241,51,0.27888485262629314,0.5620813604192091
189,1576767600,577,549,-28,1126,51,0.49522297049471053,0.3525534626940582
189,1576782000,887,935,48,1822,51,1.2781609208756497,1.6206527393610581
189,1576796400,788,695,-93,1483,51,-0.17439501338372423,1.0030009365017005
189,1576810800,341,107,-234,448,51,-1.626950947643098,-0.8827501430246574
189,1576825200,75,84,9,159,51,0.8763901305485887,-1.4093028599165582
189,1576839600,577,600,23,1177,51,1.020615542460867,0.4454745303808642
189,1576854000,622,556,-66,1178,51,0.10375399530424097,0.4472965121002134
189,1576868400,975,891,-84,1866,51,-0.0816786771544025,1.7008199350124202
189,1576882800,766,710,-56,1476,51,0.206772146670154,0.9902470644662564
189,1576897200,441,159,-282,600,51,-2.1214380741994807,-0.6058089216835884
189,1576911600,76,54,-22,130,51,0.5570338613142584,-1.4621403297776832
189,1576926000,196,248,52,444,51,1.3193681814220146,-0.8900380699020539
189,1576940400,519,491,-28,1010,51,0.49522297049471053,0.1412035832495582
189,1576954800,773,613,-160,1386,51,-0.8646166275353416,0.826268709724834
189,1576969200,784,509,-275,1293,51,-2.0493253682433417,0.6568244098253643
189,1576983600,434,173,-261,607,51,-1.9050999563310633,-0.5930550496481444
189,1576998000,73,39,-34,112,51,0.4334120796751627,-1.4949360007259678
189,1577012400,152,254,102,406,51,1.83445893825158,-0.9592733752373211
189,1577026800,435,475,40,910,51,1.1957463997829192,-0.040994588685355604
189,1577041200,738,600,-138,1338,51,-0.6379766945303329,0.7388135871960755
189,1577055600,549,350,-199,899,51,-1.2663874178624024,-0.06103638759819612
189,1577070000,208,89,-119,297,51,-0.44224220693509814,-1.157869382646377
189,1577084400,63,94,31,157,51,1.1030300635535975,-1.4129468233552565
189,1577098800,373,428,55,801,51,1.3502736268317885,-0.23959059609441163
189,1577113200,562,530,-32,1092,51,0.4540157099483453,0.2906060842361875
189,1577127600,857,745,-112,1602,51,-0.370129500978959,1.2198167611042479
189,1577142000,595,491,-104,1086,51,-0.2877149798862286,0.2796741939200927
189,1577156400,242,103,-139,345,52,-1.6748347991631363,-0.7216489846000488
189,1577170800,55,64,9,119,52,0.32416157403157475,-1.2242458120872939
189,1577185200,255,338,83,593,52,1.3236597606289302,-0.1701268022246648
189,1577199600,516,486,-30,1002,52,-0.2026009837697342,0.7394400227411903
189,1577214000,626,583,-43,1209,52,-0.3781885030368372,1.1997831346432244
189,1577228400,441,376,-65,817,52,-0.6753366125657807,0.3280222657272949
189,1577242800,204,115,-89,319,52,-0.9994981865973555,-0.7794698585587584
189,1577257200,49,28,-21,77,52,-0.08104039350789369,-1.3176487623282862
189,1577271600,111,122,11,233,52,0.35117503853420595,-0.9707235185760287
189,1577286000,309,251,-58,560,52,-0.5807894868065714,-0.24351483455687317
189,1577300400,339,350,11,689,52,0.35117503853420595,0.043365655469032205
189,1577314800,281,243,-38,524,52,-0.31065484178025915,-0.32357450619200956
189,1577329200,124,67,-57,191,52,-0.5672827545552558,-1.064126468817021
189,1577343600,46,70,24,116,52,0.526762557801309,-1.230917451390222
189,1577358000,247,344,97,591,52,1.5127540121473488,-0.17457456175995018
189,1577372400,451,492,41,943,52,0.7563770060736744,0.6082311164502723
189,1577386800,682,735,53,1417,52,0.9184577930894617,1.6623501263129012
189,1577401200,616,444,-172,1060,52,-2.1205569634565515,0.8684250492644655
189,1577415600,235,109,-126,344,52,-1.4992472798960332,-0.7238728643676915
189,1577430000,62,72,10,134,52,0.33766830628289035,-1.1908876155726538
189,1577444400,284,421,137,705,52,2.0530233021999735,0.07894773175131505
189,1577458800,516,575,59,1091,52,0.9994981865973555,0.9373653220613885
189,1577473200,826,837,11,1663,52,0.35117503853420595,2.209424549153
189,1577487600,697,629,-68,1326,52,-0.7158568093197276,1.4599770674574177
