remote_unit_id,time_stamp,entries,exits,num_people_exited,sum_exit_entry,week_num,z_score_num_people_exited,z_score_sum_exit_entry
193,1546300800,0,0,0,0,1,0.39215199191526645,-1.841715304248177
193,1546315200,136,249,113,385,1,0.7181553819362605,-1.0028033216657655
193,1546329600,163,83,-80,246,1,0.1613531317234123,-1.3056832322604544
193,1546344000,360,105,-255,465,1,-0.3435193749462687,-0.8284839486616281
193,1546358400,558,231,-327,789,1,-0.5512383491189374,-0.12249048799487147
193,1546372800,454,438,-16,892,1,0.34599221987689566,0.10194570474795549
193,1546387200,188,348,160,536,1,0.8537497122989749,-0.6737755051204561
193,1546401600,46,112,66,158,1,0.5825610515735462,-1.4974345425650055
193,1546416000,686,90,-596,776,1,-1.327299516514047,-0.15081738610804382
193,1546430400,1005,215,-790,1220,1,-1.8869867524792934,0.816655134064919
193,1546444800,715,413,-302,1128,1,-0.479113705308983,0.6161878551101609
193,1546459200,588,859,271,1447,1,1.1739831308151725,1.311286354964159
193,1546473600,188,534,346,722,1,1.3903570622450359,-0.26848296288583656
193,1546488000,44,145,101,189,1,0.6835355529074824,-1.4298857855259024
193,1546502400,696,105,-591,801,1,-1.3128745877520562,-0.09634258204425086
193,1546516800,1014,283,-731,1297,1,-1.7167725930878008,0.9844375305814013
193,1546531200,763,453,-310,1216,1,-0.5021935913281684,0.8079391654147121
193,1546545600,618,883,265,1501,1,1.1566732163007836,1.428951931741952
193,1546560000,232,585,353,817,1,1.410551962511823,-0.06147870744342337
193,1546574400,54,153,99,207,1,0.6777655814026861,-1.3906639265999714
193,1546588800,679,102,-577,781,1,-1.2724847872184817,-0.13992242529528523
193,1546603200,1076,294,-782,1370,1,-1.863906866460108,1.1435039584476767
193,1546617600,740,411,-329,1151,1,-0.5570083206237338,0.6663046748488505
193,1546632000,631,831,200,1462,1,0.969149142394902,1.3439712374024348
193,1546646400,232,484,252,716,1,1.1191684015196073,-0.2815569158611469
193,1546660800,74,201,127,275,1,0.758545182469835,-1.2424924595464546
193,1546675200,312,90,-222,402,1,-0.24831484511712884,-0.9657604549023864
193,1546689600,722,211,-511,933,1,-1.082075727560202,0.19128438341257592
193,1546704000,761,438,-323,1199,1,-0.5396984061093447,0.7708962986513329
193,1546718400,611,598,-13,1209,1,0.35464717713409016,0.7926862202768501
193,1546732800,251,512,261,763,1,1.1451332732911907,-0.17914428422121614
193,1546747200,65,230,165,295,1,0.8681746410609658,-1.1989126162954202
193,1546761600,249,78,-171,327,1,-0.10118057174482181,-1.1291848670937652
193,1546776000,669,165,-504,834,1,-1.0618808272934148,-0.02443584068004416
193,1546790400,791,438,-353,1229,1,-0.62624797868129,0.8362660635278845
193,1546804800,529,642,113,1171,1,0.7181553819362605,0.7098845180998848
193,1546819200,208,452,244,660,1,1.0960885155004219,-0.4035804769640431
193,1546833600,62,116,54,178,1,0.5479412225447681,-1.4538546993139712
193,1546848000,808,155,-653,963,1,-1.491743704400743,0.25665414828912747
193,1546862400,1102,492,-610,1594,1,-1.3676893170476214,1.6315982028592615
193,1546876800,825,609,-216,1434,1,-0.2310049306027398,1.2829594568509868
193,1546891200,699,1062,363,1761,1,1.4394018200358047,1.9954898940053984
193,1546905600,209,592,383,801,2,1.3470976931220342,-0.38315499500892597
193,1546920000,47,122,75,169,2,0.519249247680606,-1.6051500829519578
193,1546934400,756,196,-560,952,2,-1.1875162161353257,-0.09119097874405603
193,1546948800,1113,437,-676,1550,2,-1.4993032929898897,1.0650638671260912
193,1546963200,750,609,-141,1359,2,-0.06131979197961651,0.695758389599004
193,1546977600,798,1010,212,1808,2,0.8874805367243581,1.5639162922673921
193,1546992000,213,662,449,875,2,1.5244937885737686,-0.24007329167382416
193,1547006400,61,142,81,203,2,0.5353761654489454,-1.5394098408790733
193,1547020800,834,179,-655,1013,2,-1.4428590808007014,0.02675474968082521
193,1547035200,1171,441,-730,1612,2,-1.6444455529049453,1.1849431320825279
193,1547049600,783,598,-185,1381,2,-0.17958385561410625,0.7382961932932235
193,1547064000,791,1018,227,1809,2,0.9277978311452069,1.5658498287989475
193,1547078400,247,667,420,914,2,1.4465470193601278,-0.1646653669431624
193,1547092800,55,153,98,208,2,0.5810690991259074,-1.529742158221296
193,1547107200,850,164,-686,1014,2,-1.5261814892704555,0.02868828621238064
193,1547121600,1149,463,-686,1612,2,-1.5261814892704555,1.1849431320825279
193,1547136000,816,571,-245,1387,2,-0.3408530332975014,0.749897412482556
193,1547150400,773,998,225,1771,2,0.9224221918890937,1.4923754405998413
193,1547164800,259,649,390,908,2,1.3659124305184303,-0.17626658613249496
193,1547179200,39,168,129,207,2,0.6643915075956616,-1.5316756947528516
193,1547193600,756,185,-571,941,2,-1.217082232043948,-0.11245988059116577
193,1547208000,1125,460,-665,1585,2,-1.4697372770812673,1.1327376457305314
193,1547222400,785,575,-210,1360,2,-0.2467793463155209,0.6976919261305595
193,1547236800,758,961,203,1719,2,0.8632901600718489,1.391831540958959
193,1547251200,299,684,385,983,2,1.3524733323781473,-0.0312513462658377
193,1547265600,60,208,148,268,2,0.7154600805287367,-1.4137299663279703
193,1547280000,327,85,-242,412,2,-0.3327895744133316,-1.1353007057839883
193,1547294400,755,196,-559,951,2,-1.184828396507269,-0.09312451527561146
193,1547308800,748,419,-329,1167,2,-0.5666298820542545,0.3245193755403615
193,1547323200,591,562,-29,1153,2,0.23971600636272103,0.2974498640985854
193,1547337600,268,478,210,746,2,0.8821048974682449,-0.48949950424447464
193,1547352000,73,222,149,295,2,0.7181479001567932,-1.3615244799759736
193,1547366400,222,70,-152,292,2,-0.09088580788823895,-1.36732508957064
193,1547380800,631,175,-456,806,2,-0.9079829748174408,-0.37348731235114885
193,1547395200,754,418,-336,1172,2,-0.5854446194506506,0.3341870581981386
193,1547409600,483,545,62,1028,2,0.4843075925158703,0.055757797654156664
193,1547424000,161,441,280,602,2,1.0702522714322058,-0.7679287647884566
193,1547438400,42,112,70,154,2,0.505810149540323,-1.6341531309252892
193,1547451908,647,84,-563,731,2,-1.1955796750194954,-0.5185025522178061
193,1547452800,199,167,-32,366,2,0.23165254747855127,-1.2242433862355382
193,1547467200,1091,450,-641,1541,2,-1.4052296060079092,1.0476620383420923
193,1547481600,790,534,-256,1324,2,-0.3704190492061238,0.628084610994564
193,1547496000,744,1071,327,1815,2,1.1965797939508653,1.5774510479882802
193,1547510400,220,628,408,848,3,1.4441842004777297,-0.24163634629214653
193,1547524800,49,140,91,189,3,0.5728043198849402,-1.55765578601549
193,1547539200,826,196,-630,1022,3,-1.4091038627882497,0.10584071366515509
193,1547553600,1102,441,-661,1543,3,-1.494317668145904,1.146274898939604
193,1547568000,770,552,-218,1322,3,-0.27658490126071267,0.704939092901882
193,1547582400,786,1048,262,1834,3,1.042854665567486,1.7274003267992293
193,1547596800,238,693,455,931,3,1.5733793247296575,-0.07588579470331874
193,1547611200,60,160,100,220,3,0.5975438117629689,-1.4957489534943615
193,1547625600,844,179,-665,1023,3,-1.5053129978694724,0.10783770826261084
193,1547640000,1195,442,-753,1637,3,-1.7472102517879755,1.3339923911004452
193,1547654400,809,570,-239,1379,3,-0.3343103823094463,0.8187677849568601
193,1547668800,808,1036,228,1844,3,0.9493943629171552,1.7473702727737868
193,1547683200,261,646,385,907,3,1.3809610545672117,-0.1238136650422569
193,1547697600,53,191,138,244,3,0.7019994441368679,-1.4478210831554235
193,1547712000,813,167,-646,980,3,-1.453085181682523,0.02196694057201332
193,1547726400,1175,481,-694,1656,3,-1.5850291383653428,1.3719352884521046
193,1547740800,826,519,-307,1345,3,-0.5212309876101078,0.7508699686433644
193,1547755200,820,1068,248,1888,3,1.0043710115349969,1.83523803506184
193,1547769600,255,674,419,929,3,1.4744213572175426,-0.07987978389823025
193,1547784000,49,168,119,217,3,0.6497716279499184,-1.5017399372867288
193,1547798400,784,176,-608,960,3,-1.3486295493086238,-0.017972951377101806
193,1547812800,1134,437,-697,1571,3,-1.593275635658019,1.2021907476683653
193,1547827200,821,541,-280,1362,3,-0.44701251197602165,0.7848188768001122
193,1547841600,810,968,158,1778,3,0.7569760927547096,1.6155686293417069
193,1547856000,339,650,311,989,3,1.177547454681198,0.039939891949115125
193,1547870400,64,225,161,289,3,0.7652225900473858,-1.3579563262699144
193,1547884800,350,92,-258,442,3,-0.38653819849639587,-1.0524161528591836
193,1547899200,772,224,-548,996,3,-1.183699603455099,0.05391885413130542
193,1547913600,757,429,-328,1186,3,-0.5789564686588414,0.43334782764789914
193,1547928000,536,565,29,1101,3,0.4023767091696312,0.26360328686415985
193,1547942400,242,420,178,662,3,0.8119527413725512,-0.6130773414189172
193,1547956800,47,195,148,242,3,0.7294877684457888,-1.451815072350335
193,1547971200,213,66,-147,279,3,-0.08141779866737495,-1.3779262722444718
193,1547985600,547,154,-393,701,3,-0.7576305766668266,-0.5351945521181427
193,1548000000,612,348,-264,960,3,-0.40303119308174834,-0.017972951377101806
193,1548014400,446,494,48,940,3,0.4546045253565807,-0.057912843326216934
193,1548028800,176,403,227,579,3,0.9466455304862631,-0.778827893007745
193,1548043200,37,127,90,164,3,0.5700554874540481,-1.607580650951884
193,1548057600,389,103,-286,492,3,-0.4635055065613741,-0.9525664229863958
193,1548072000,666,240,-426,906,3,-0.8483420468862652,-0.12581065963971266
193,1548086400,639,396,-243,1035,3,-0.34530571203301463,0.13180164343207992
193,1548100800,474,632,158,1106,3,0.7569760927547096,0.27358825985143864
193,1548115200,158,407,249,565,4,1.074436397529739,-0.8601387407804377
193,1548129600,40,115,75,155,4,0.5821800378565316,-1.6465252083269806
193,1548144000,708,150,-558,858,4,-1.2086146499201373,-0.29816011885083504
193,1548158400,1067,462,-605,1529,4,-1.3415804482226705,0.9888284658411901
193,1548172800,833,553,-280,1386,4,-0.4221360982583459,0.714552210087152
193,1548187200,768,949,181,1717,4,0.882060348921819,1.3494154314478977
193,1548201600,221,692,471,913,4,1.7024876150438315,-0.19266925125312806
193,1548216000,49,153,104,202,4,0.6642227644687329,-1.5563784669253038
193,1548230400,769,179,-590,948,4,-1.299144555147394,-0.12553869914549634
193,1548244800,1201,465,-736,1666,4,-1.7121872477467521,1.2515966269482057
193,1548259200,861,537,-324,1398,4,-0.5466147179458237,0.7375683993811971
193,1548273600,793,1020,227,1813,4,1.0121970876860003,1.533544945800259
193,1548288000,239,673,434,912,4,1.597812412124816,-0.19458726702763182
193,1548302400,50,151,101,201,4,0.6557355858536775,-1.5582964826998076
193,1548316800,715,149,-566,864,4,-1.2312471262269515,-0.28665202420381247
193,1548331200,1132,503,-629,1635,4,-1.409477877143113,1.1921381379385891
193,1548345600,755,539,-216,1294,4,-0.2410762878038328,0.5380947588328058
193,1548360000,836,994,158,1830,4,0.8169919795397284,1.566151213966823
193,1548374400,252,632,380,884,4,1.4450431970538207,-0.24829170871373718
193,1548388800,39,149,110,188,4,0.6811971216988435,-1.5832306877683564
193,1548403200,788,201,-587,989,4,-1.2906573765323386,-0.046900052390842044
193,1548417600,981,441,-540,1422,4,-1.1576915782298056,0.7836007779692875
193,1548432000,878,618,-260,1496,4,-0.3655549074913106,0.9255339452825659
193,1548446400,859,988,129,1847,4,0.7349492529275271,1.598757482133387
193,1548460800,328,614,286,942,4,1.1791116004487545,-0.1370467937925189
193,1548475200,55,247,192,302,4,0.9131800038436885,-1.3645768894749275
193,1548489600,346,75,-271,421,4,-0.39667456241318,-1.1363330123089797
193,1548504000,760,241,-519,1001,4,-1.0982813279244183,-0.023883863096796885
193,1548518400,779,455,-324,1234,4,-0.5466147179458237,0.42301381236257996
193,1548532800,637,560,-77,1197,4,0.1521629880270629,0.35204722870594074
193,1548547200,299,504,205,803,4,0.9499577778422614,-0.403650986448542
193,1548561600,69,239,170,308,4,0.8509406939999495,-1.3530687948279048
193,1548576000,212,70,-142,282,4,-0.03172588196580199,-1.4029372049650026
193,1548590400,648,173,-475,821,4,-0.9738027082369406,-0.36912670250747426
193,1548604800,791,405,-386,1196,4,-0.7220164093236333,0.35012921293143695
193,1548619200,501,570,69,1071,4,0.565205680626421,0.11037724111846656
193,1548633600,168,404,236,572,4,1.0376586235311662,-0.8467126303589113
193,1548648000,37,114,77,151,4,0.5878381569332352,-1.6541972714249957
193,1548662400,736,145,-591,881,4,-1.3019736146857457,-0.2540457560372485
193,1548676800,1074,462,-612,1536,4,-1.3613838649911327,1.0022545762627164
193,1548691200,811,519,-292,1330,4,-0.45608481271856716,0.6071433267149412
193,1548705600,786,1019,233,1805,4,1.029171444916111,1.518200819604229
193,1548720000,237,603,366,840,5,1.1886175763946685,-0.3149966208129761
193,1548734400,48,146,98,194,5,0.5362659532098039,-1.4962666022777535
193,1548748800,673,172,-501,845,5,-0.9217886075653227,-0.3058536643000908
193,1548763200,1243,482,-761,1725,5,-1.5546670479685494,1.3033066819677175
193,1548777600,798,549,-249,1347,5,-0.3083833499437335,0.6120991695935907
193,1548792000,778,1012,234,1790,5,0.8673100604976456,1.422165116635226
193,1548806400,225,687,462,912,5,1.4222957697743215,-0.18333804702742815
193,1548820800,58,144,86,202,5,0.5070561790373472,-1.481637871857137
193,1548835200,769,174,-595,943,5,-1.1505985052495662,-0.12665171664753944
193,1548849600,1197,448,-749,1645,5,-1.5254572737960927,1.157019377761553
193,1548864000,783,549,-234,1332,5,-0.2718711322281627,0.5846703000549349
193,1548878400,696,1063,367,1759,5,1.1910517242423733,1.3654787862553373
193,1548892800,191,595,404,786,5,1.281115194607448,-0.41374055115213704
193,1548907200,40,125,85,165,5,0.5046220311896424,-1.549295750052488
193,1548921600,684,143,-541,827,5,-1.0191545214735114,-0.3387683077464778
193,1548936000,1092,365,-727,1457,5,-1.471906021146589,0.8132442128770667
193,1548950400,695,491,-204,1186,5,-0.1988466967970212,0.31769596987868487
193,1548964800,736,915,179,1651,5,0.7334319288738861,1.1679909255770153
193,1548979200,204,561,357,765,5,1.166710245765326,-0.4521409685062552
193,1548993600,49,143,94,192,5,0.5265293618189849,-1.4999237848829077
193,1549008000,668,156,-512,824,5,-0.9485642338900746,-0.34425408165420895
193,1549022400,1105,431,-674,1536,5,-1.3428961852182388,0.9577029257806541
193,1549036800,789,598,-191,1387,5,-0.16720277477685985,0.6852428216966729
193,1549051200,818,970,152,1788,5,0.6677099369858587,1.418507934030072
193,1549065600,305,715,410,1020,5,1.2957200816936763,0.014149813650893777
193,1549080000,67,207,140,274,5,0.638500162813402,-1.349979298071589
193,1549094400,298,84,-214,382,5,-0.22318817527406837,-1.152491437393267
193,1549108800,731,236,-495,967,5,-0.9071837204790943,-0.08276552538569013
193,1549123200,713,454,-259,1167,5,-0.33272482842078077,0.28295273512972086
193,1549137600,678,589,-89,1267,5,0.08108030568902147,0.4658118653874263
193,1549152000,309,545,236,854,5,0.8721783561930551,-0.28939634257689734
193,1549166400,76,249,173,325,5,0.7188270417876578,-1.2567211416401594
193,1549180800,245,76,-169,321,5,-0.11365152212735603,-1.2640355068504676
193,1549195200,661,181,-480,842,5,-0.8706715027635236,-0.311339438207822
193,1549209600,687,507,-180,1194,5,-0.14042714845210794,0.33232470029930133
193,1549224000,543,645,102,1188,5,0.5460025446006227,0.321353152483839
193,1549238400,227,474,247,701,5,0.8989539825178069,-0.5691708118711867
193,1549252800,53,127,74,180,5,0.4778464048648906,-1.5218668805138322
193,1549267200,223,144,-79,367,5,0.10542178416606865,-1.179920306931923
193,1549281600,1932,435,-1497,2367,5,-3.3461998638792223,2.4772622982221866
193,1549296000,780,593,-187,1373,5,-0.15746618338604096,0.6596425434605941
193,1549310400,722,906,184,1628,5,0.7456026681124096,1.125933325617743
193,1549324800,248,641,393,889,6,1.333289552047777,-0.3641111659061651
193,1549339200,52,142,90,194,6,0.5820856365494812,-1.6134828519060427
193,1549353600,762,167,-595,929,6,-1.1161806410621782,-0.29220488181984117
193,1549368000,1245,459,-786,1704,6,-1.58971182211886,1.1009793723526842
193,1549382400,890,551,-339,1441,6,-0.4815001051956311,0.6281955544851047
193,1549396800,845,1053,208,1898,6,0.8746336960504677,1.449724850171355
193,1549411200,256,735,479,991,6,1.5465025445654452,-0.18075014148603916
193,1549425600,57,165,108,222,6,0.6267116117275977,-1.5631484530456161
193,1549440000,871,154,-717,1025,6,-1.4186455839360799,-0.11962980001266384
193,1549454400,1268,478,-790,1746,6,-1.5996287054917748,1.1764809706433244
193,1549468800,874,610,-264,1484,6,-0.2955585419534786,0.7054948098779028
193,1549483200,827,1071,244,1898,6,0.9638856464067009,1.449724850171355
193,1549497600,218,698,480,916,6,1.548981765408674,-0.31557442414789644
193,1549512000,39,155,116,194,6,0.6465453784734273,-1.6134828519060427
193,1549526400,858,137,-721,995,6,-1.4285624673089945,-0.17355951307740677
193,1549540800,1287,497,-790,1784,6,-1.5996287054917748,1.244791940525332
193,1549555200,897,640,-257,1537,6,-0.2782039960508777,0.800770636292282
193,1549569600,856,1014,158,1870,6,0.7506726538890327,1.3993904513109283
193,1549584000,266,669,403,935,6,1.3580817604800641,-0.2814189392068926
193,1549598400,40,149,109,189,6,0.6291908325708264,-1.6224711374168332
193,1549612800,829,170,-659,999,6,-1.2748507750288152,-0.16636888466877436
193,1549627200,1205,489,-716,1694,6,-1.4161663630928512,1.0830028013311033
193,1549641600,928,594,-334,1522,6,-0.46910400097948757,0.7738057797599105
193,1549656000,932,1031,99,1963,6,0.6043986241385394,1.5665725618116315
193,1549670400,333,713,380,1046,6,1.301059681085804,-0.0818790008673438
193,1549684800,64,238,174,302,6,0.7903401873806919,-1.4193358848729682
193,1549699200,333,103,-230,436,6,-0.2112650332837028,-1.1784498331837832
193,1549713600,828,280,-548,1108,6,-0.9996572614304293,0.02957573946645824
193,1549728000,849,513,-336,1362,6,-0.474062442665945,0.486180643414615
193,1549742400,687,566,-121,1253,6,0.05897003862822548,0.29023601927938236
193,1549756800,276,508,232,784,6,0.9341349962879565,-0.5528651616327653
193,1549771200,63,233,170,296,6,0.7804233040077772,-1.4301218274859169
193,1549785600,229,73,-156,302,6,-0.027802690884779012,-1.4193358848729682
193,1549800000,697,172,-525,869,6,-0.9426351820361693,-0.400064307949327
193,1549814400,735,480,-255,1215,6,-0.2732455543644203,0.22192504939737465
193,1549828800,507,624,117,1131,6,0.649024599316656,0.07092185281609448
193,1549843200,203,458,255,661,6,0.9911570756822167,-0.7739769851982112
193,1549857600,48,121,73,169,6,0.5399388822145933,-1.6584242794599953
193,1549872000,813,137,-676,950,6,-1.316997529363703,-0.25445408267452113
193,1549886400,1146,491,-655,1637,6,-1.2649338916559003,0.9805363465080917
193,1549900800,791,604,-187,1395,6,-0.1046585370248687,0.5455033277858322
193,1549915200,811,1099,288,1910,6,1.0729713635087637,1.4712967353972524
193,1549929600,230,729,499,959,7,1.656310527676044,-0.14231484920795381
193,1549944000,48,124,76,172,7,0.5503189154572738,-1.6927680547846542
193,1549958400,801,169,-632,970,7,-1.3008443503840719,-0.12064396577549676
193,1549972800,1097,430,-667,1527,7,-1.3923566587236864,0.976690768031647
193,1549987200,734,601,-133,1335,7,0.0038597028007184508,0.5984353481196693
193,1550001600,705,973,268,1678,7,1.052329292634588,1.2741728951499212
193,1550016000,212,642,430,854,7,1.4759005483779468,-0.3491732819723166
193,1550030400,46,142,96,188,7,0.6026116630799108,-1.6612467697919893
193,1550044800,857,161,-696,1018,7,-1.46818114277651,-0.026080110797502325
193,1550059200,1227,485,-742,1712,7,-1.5884544623085746,1.3411556257593338
193,1550073600,823,529,-294,1352,7,-0.41709691556150846,0.6319267134243756
193,1550088000,873,1060,187,1933,7,0.8405436647629085,1.7765433747205166
193,1550102400,243,665,422,908,7,1.454983449328892,-0.24278894512207289
193,1550116800,47,162,115,209,7,0.6522897733214158,-1.6198750832391169
193,1550131200,795,177,-618,972,7,-1.264239427048226,-0.11670380515141365
193,1550145600,1214,481,-733,1695,7,-1.564922725878388,1.3076642604546274
193,1550160000,892,620,-272,1512,7,-0.3595748931766079,0.9471395633510237
193,1550174400,908,960,52,1868,7,0.48756761831010964,1.6484881544378158
193,1550188800,278,670,392,948,7,1.3765443278949365,-0.16398573264041086
193,1550203200,49,230,181,279,7,0.8248558404761175,-1.4819694613962082
193,1550217600,811,170,-641,981,7,-1.3243760868142584,-0.0989730823430397
193,1550232000,1190,413,-777,1603,7,-1.6799667706481891,1.1264168717468048
193,1550246400,767,492,-275,1259,7,-0.3674188053200034,0.4487092444045114
193,1550260800,853,977,124,1830,7,0.6758215097516024,1.5736251025802368
193,1550275200,341,658,317,999,7,1.1804465243100484,-0.06351163672629179
193,1550289600,65,248,183,313,7,0.8300851152383812,-1.4149867307867956
193,1550304000,346,99,-247,445,7,-0.29420895864831176,-1.1549361295973108
193,1550318400,834,242,-592,1076,7,-1.196258855138798,0.0881845473009076
193,1550332800,882,466,-416,1348,7,-0.7360826760595934,0.6240463921762094
193,1550347200,694,615,-79,1309,7,0.14505012138183804,0.5472132600065889
193,1550361600,311,553,242,864,7,0.98434872072516,-0.3294724788519011
193,1550376000,68,243,175,311,7,0.8091680161893264,-1.4189268914108786
193,1550390400,216,80,-136,296,7,-0.003984209342677082,-1.4484780960915018
193,1550404800,658,190,-468,848,7,-0.8720438198784494,-0.36099376384456594
193,1550419200,734,436,-298,1170,7,-0.4275554650860358,0.27337209663281337
193,1550433600,508,625,117,1133,7,0.6575190480836794,0.200479125087276
193,1550448000,206,537,331,743,7,1.2170514476458942,-0.5678521966089287
193,1550462400,41,144,103,185,7,0.6209141247478337,-1.667157010728114
193,1550476800,434,99,-335,533,7,-0.5242970481879141,-0.9815690621376544
193,1550491200,893,278,-615,1171,7,-1.2563955149048305,0.2753421769448549
193,1550505600,854,511,-343,1365,7,-0.5452141472369688,0.6575377574809157
193,1550520000,695,746,51,1441,7,0.48495298092897776,0.8072638611960736
193,1550534400,234,562,328,796,8,1.149966811721028,-0.5526291758651016
193,1550548800,44,131,87,175,8,0.5517497472572745,-1.7406059074222466
193,1550563200,693,153,-540,846,8,-1.0046075117417859,-0.4569788754176665
193,1550577600,1168,461,-707,1629,8,-1.4191396684448847,1.0409048295891683
193,1550592000,816,534,-282,1350,8,-0.3641925630627466,0.5071761530924801
193,1550606400,835,991,156,1826,8,0.7230235126016686,1.417767013352063
193,1550620800,255,731,476,986,8,1.5173366272423374,-0.189158034164848
193,1550635200,45,163,118,208,8,0.6286988302380893,-1.6774767091269394
193,1550649600,709,159,-550,868,8,-1.0294297965743067,-0.414892743220795
193,1550664000,1193,432,-761,1625,8,-1.5531800065404977,1.0332528055533736
193,1550678400,758,493,-265,1251,8,-0.3219946788474611,0.31778855820655844
193,1550692800,717,944,227,1661,8,0.899261734912567,1.1021210218755269
193,1550707200,248,686,438,934,8,1.423011944878758,-0.2886343466301806
193,1550721600,39,101,62,140,8,0.48969403517597226,-1.8075611177354511
193,1550736000,679,145,-534,824,8,-0.9897141408422733,-0.499065007614538
193,1550750400,1165,488,-677,1653,8,-1.344672813947322,1.0868169738039373
193,1550764800,833,556,-277,1389,8,-0.35178142064648615,0.5817833874414795
193,1550779200,859,982,123,1841,8,0.6411099726543497,1.4464621034862934
193,1550793600,273,741,468,1014,8,1.4974787993763206,-0.13559386591428432
193,1550808000,57,182,125,239,8,0.6460744296208538,-1.6181735228495295
193,1550822400,728,154,-574,882,8,-1.0890032801723568,-0.3881106590955132
193,1550832391,908,162,-746,1070,8,-1.5159465792917164,-0.028465529413156918
193,1550836800,294,443,149,737,8,0.705647913218904,-0.6654965303930752
193,1550851200,822,534,-288,1356,8,-0.37908593396225915,0.5186541891461722
193,1550865600,880,942,62,1822,8,0.48969403517597226,1.410114989316268
193,1551484800,6253,5081,-1172,11334,9,-2.5278712381277986,4.055840587133471
193,1551499200,57,224,167,281,9,1.000432710294497,-0.47526072443819994
193,1551513600,306,91,-215,397,9,-0.0061484012046194095,-0.42770732245300913
193,1551528000,684,193,-491,877,9,-0.7334164294081695,-0.23093462458325412
193,1551542400,830,427,-403,1257,9,-0.5015338696910956,-0.07515623876969807
193,1551556800,658,577,-81,1235,9,0.3469454965463796,-0.08417498742206184
193,1551571200,270,485,215,755,9,1.12691410650381,-0.28094768529181685
193,1551585600,60,253,193,313,9,1.0689434665745416,-0.46214254458021625
193,1551600000,235,91,-144,326,9,0.18093866402165615,-0.4568132840129104
193,1551614400,801,207,-594,1008,9,-1.0048244254406538,-0.1772320757896335
193,1551628800,806,379,-427,1185,9,-0.5647745677957521,-0.10467214345016132
193,1551643200,469,576,107,1045,9,0.8423309650328556,-0.16206418032883987
193,1551657600,143,433,290,576,9,1.3245412880808616,-0.354327503872413
193,1551672000,45,107,62,152,9,0.7237546560866246,-0.5281433869906966
193,1551686400,611,128,-483,739,9,-0.7123361967066174,-0.2875067752208087
193,1551700800,1058,370,-688,1428,9,-1.252517159683892,-0.005055965153597841
193,1551715200,790,496,-294,1286,9,-0.21431569913244716,-0.06326788827340037
193,1551729600,801,931,130,1732,9,0.9029366340498182,0.119566743497247
193,1551744000,243,621,378,864,10,1.2789029287562788,-0.4012719098072507
193,1551758400,47,127,80,174,10,0.5427235121020184,-1.6940856892640734
193,1551772800,893,167,-726,1060,10,-1.448419473882324,-0.0340378507151677
193,1551787200,1222,490,-732,1712,10,-1.4632418782444903,1.1875774887135981
193,1551801600,776,539,-237,1315,10,-0.24039351836576878,0.4437411547362668
193,1551816000,840,1102,262,1942,10,0.9923364444210634,1.6185154151992058
193,1551830400,356,692,336,1048,10,1.1751460982211146,-0.05652156861876462
193,1551844800,53,171,118,224,10,0.6365987397290717,-1.6004035313324196
193,1551859200,769,147,-622,916,10,-1.191497798271441,-0.3038424655583307
193,1551873600,1199,474,-725,1673,10,-1.4459490731552962,1.1145054055269081
193,1551888000,796,531,-265,1327,10,-0.3095647387225449,0.46622487263986373
193,1551902400,848,1006,158,1854,10,0.7354147688101805,1.453634817239495
193,1551916800,242,742,500,984,10,1.5802918174536604,-0.1764347307712815
193,1551931200,31,143,112,174,10,0.6217763353669054,-1.6940856892640734
193,1551945600,874,160,-714,1034,10,-1.4187746651579913,-0.08275257283962768
193,1551960000,1182,430,-752,1612,10,-1.5126498927850447,1.0002131728502905
193,1551974400,799,586,-213,1385,10,-0.18110390091710352,0.5748961758405822
193,1551988800,848,1041,193,1889,10,0.8218787942561507,1.5192123277916527
193,1552003200,284,719,435,1003,10,1.4197157701968588,-0.14083551075725306
193,1552017600,61,179,118,240,10,0.6365987397290717,-1.5704252407942905
193,1552032000,794,157,-637,951,10,-1.2285538091768566,-0.23826495500617303
193,1552046400,1180,491,-689,1671,10,-1.3570146469822983,1.110758119209642
193,1552060800,863,594,-269,1457,10,-0.31944634163065583,0.7097984832621637
193,1552075200,888,1016,128,1904,10,0.6613027469993489,1.5473169751711489
193,1552089600,345,708,363,1053,10,1.241846917850863,-0.04715335282559923
193,1552104000,71,233,162,304,10,0.7452963717182913,-1.4505120786417736
193,1552118400,328,92,-236,420,10,-0.23792311763874108,-1.2331694722403366
193,1552132800,863,285,-578,1148,10,-1.0828001662822213,0.13084274724454303
193,1552147200,873,451,-422,1324,10,-0.697417652865897,0.46060394316396447
193,1552161600,631,638,7,1269,10,0.36238425902899485,0.3575535694391453
193,1552176000,307,512,205,819,10,0.8515236029804834,-0.4855858519457391
193,1552194000,84,268,184,352,10,0.7996451877129013,-1.3605772070273858
193,1552208400,308,100,-208,408,10,-0.1687518972819649,-1.2556531901439336
193,1552222800,619,215,-404,834,10,-0.6529504397793979,-0.45748120456624297
193,1552237200,689,475,-214,1164,10,-0.18357430164413124,0.16082103778267226
193,1552251600,412,548,136,960,10,0.6810659528155707,-0.22140216657847533
193,1552266000,141,390,249,531,10,0.960221234969703,-1.0251950816320652
193,1552280400,75,70,-5,145,10,0.3327394503046622,-1.7484213408644327
193,1552294800,1288,283,-1005,1571,10,-2.137661276723058,0.9233938033463344
193,1552309200,916,429,-487,1345,10,-0.8579937001226987,0.4999504494952591
193,1552323600,870,595,-275,1465,10,-0.33426874599282214,0.7247876285312282
193,1552338000,667,1091,424,1758,10,1.3925413621995537,1.2737650740107196
193,1552352400,170,614,444,784,11,1.401978341971713,-0.5256467859402182
193,1552366800,65,70,5,135,11,0.3522879062828295,-1.7563700371993207
193,1552381200,1216,291,-925,1507,11,-1.8714298731947594,0.845405464692033
193,1552395600,972,405,-567,1377,11,-1.0154180828152144,0.5988815468743391
193,1552410000,863,668,-195,1531,11,-0.12593097102417886,0.890917572596838
193,1552424400,700,1015,315,1715,11,1.0935271661086925,1.2398437332003431
193,1552438800,185,558,373,743,11,1.2322106405277249,-0.6033966369442602
193,1552453200,75,88,13,163,11,0.37141666137510987,-1.7032725779770481
193,1552467600,1281,265,-1016,1546,11,-2.089019462369448,0.9193626400373412
193,1552482000,952,447,-505,1399,11,-0.8671702308500417,0.6406009791204105
193,1552496400,911,678,-233,1589,11,-0.21679255771251044,1.000905166700117
193,1552510800,737,986,249,1723,11,0.9357149365973798,1.2550144358352782
193,1552525200,168,613,445,781,11,1.404369436358248,-0.5313357994283189
193,1552539600,87,79,-8,166,11,0.32120367925787396,-1.6975835644889476
193,1552554000,1175,305,-870,1480,11,-1.739919681935332,0.7942043432991274
193,1552568400,971,490,-481,1461,11,-0.8097839655732008,0.7581739245411567
193,1552582800,870,666,-204,1536,11,-0.1474508205029942,0.9003992617436725
193,1552597200,729,1016,287,1745,11,1.0265765232857114,1.2967338680813496
193,1552611600,189,612,423,801,11,1.351765359854477,-0.49340904284098136
193,1552626000,79,104,25,183,11,0.40010979401353036,-1.6653458213897105
193,1552640400,1280,274,-1006,1554,11,-2.065108518504098,0.9345333426722762
193,1552654800,988,463,-525,1451,11,-0.9149921185807426,0.7392105462474879
193,1552669200,901,700,-201,1601,11,-0.1402775373433891,1.0236612206525193
193,1552683600,713,946,233,1659,11,0.8974574264128191,1.1336488147557982
193,1552698000,204,561,357,765,11,1.1939531303431643,-0.5616772046981888
193,1552712400,52,163,111,215,11,0.6057439112555439,-1.6046630108499707
193,1552726800,477,115,-362,592,11,-0.5252437335755308,-0.8897436491786584
193,1552741200,809,276,-533,1085,11,-0.9341208736730229,0.04515090069921141
193,1552755600,764,520,-244,1284,11,-0.2430945959643959,0.4225221287432197
193,1552770000,562,580,18,1142,11,0.3833721333077851,0.15324215697312335
193,1552784400,235,469,234,704,11,0.8998485207993542,-0.6773538122895683
193,1552798800,58,149,91,207,11,0.5579220235248431,-1.6198337134849057
193,1552813200,335,82,-253,417,11,-0.2646144454432113,-1.2216027693178617
193,1552827600,709,255,-454,964,11,-0.7452244171367546,-0.18430597665418058
193,1552842000,651,444,-207,1095,11,-0.15462410366259935,0.06411427899288018
193,1552856400,415,582,167,997,11,0.7396451969015063,-0.12172682828507367
193,1552870800,147,406,259,553,11,0.9596258804627302,-0.9637008245239665
193,1552885200,86,82,-4,168,11,0.33076805680401417,-1.6937908888302138
193,1552899600,1168,232,-936,1400,11,-1.8977319114466449,0.6424973169497773
193,1552914000,869,426,-443,1295,11,-0.7189223788848692,0.44338184486625537
193,1552928400,819,666,-153,1485,11,-0.02550500678970709,0.8036860324459618
193,1552942800,637,935,298,1572,11,1.0528785615375968,0.96866742360088
193,1552957200,169,598,429,767,12,1.3556695056911625,-0.5729875497368164
193,1552971600,96,79,-17,175,12,0.28354246099780545,-1.7998875184464453
193,1552986000,1231,265,-966,1496,12,-1.9977323493474768,0.9378402833532501
193,1553000400,902,428,-474,1330,12,-0.8150271789682578,0.5938109002353474
193,1553014800,854,635,-219,1489,12,-0.2020397431009796,0.9233330202097241
193,1553029200,713,943,230,1656,12,0.8772989184849337,1.2694348694909876
193,1553043600,182,632,450,814,12,1.406150823939056,-0.47558164005885606
193,1553058000,94,101,7,195,12,0.34123539613825515,-1.758438195179228
193,1553072400,1189,251,-938,1440,12,-1.9304239250169521,0.821782178205042
193,1553086800,959,398,-561,1357,12,-1.024164068852388,0.6497674866460906
193,1553101200,867,619,-248,1486,12,-0.271752039729023,0.9171156217196416
193,1553115600,629,925,296,1554,12,1.0359544901211704,1.05804332082818
193,1553130000,188,614,426,802,12,1.3484578887986063,-0.5004512340191863
193,1553144400,89,110,21,199,12,0.3748896083035175,-1.7501483305257848
193,1553158800,1167,265,-902,1432,12,-1.8438845223062776,0.8052024488981552
193,1553173200,877,396,-481,1273,12,-0.831854285050889,0.4756803289237785
193,1553187600,838,654,-184,1492,12,-0.11790421268782379,0.9295504186998067
193,1553202000,658,928,270,1586,12,0.9734538103856832,1.1243622380557274
193,1553216400,196,649,453,845,12,1.4133624408316123,-0.4113351889946694
193,1553230800,80,111,31,191,12,0.39892833127870486,-1.7667280598326716
193,1553245200,990,263,-727,1253,12,-1.4232068702404985,0.43423100565656125
193,1553259600,872,424,-448,1296,12,-0.7525264992327706,0.5233470506810782
193,1553274000,888,639,-249,1527,12,-0.27415591202654177,1.0020867344174367
193,1553288400,686,855,169,1541,12,0.7306627083362908,1.0311012607044887
193,1553302800,220,625,405,845,12,1.297976570550713,-0.4113351889946694
193,1553317200,69,198,129,267,12,0.6345078164355412,-1.6092206314172461
193,1553331600,518,134,-384,652,12,-0.5986786721915713,-0.8113211585233153
193,1553346000,821,293,-528,1114,12,-0.9448362830342697,0.1461582089494018
193,1553360400,792,473,-319,1265,12,-0.44242697285285343,0.4591005996168916
193,1553374800,567,606,39,1173,12,0.4181593096588548,0.2684337125876925
193,1553389200,252,555,303,807,12,1.0527815962038016,-0.4900889032023821
193,1553403600,58,160,102,218,12,0.5696032644025353,-1.7107714734219284
193,1553418000,337,76,-261,413,12,-0.3030023795967666,-1.3066405715665608
193,1553432400,777,215,-562,992,12,-1.0265679411499067,-0.10668266298062307
193,1553446800,746,495,-251,1241,12,-0.27896365662157924,0.40936141169623097
193,1553461200,420,589,169,1009,12,0.7306627083362908,-0.07145073820348846
193,1553475600,143,457,314,600,12,1.0792241914765077,-0.91908939901808
193,1553490000,89,79,-10,168,12,0.3003695670804366,-1.8143947815899713
193,1553504400,1238,250,-988,1488,12,-2.050617539892889,0.9212605540463632
193,1553518800,871,411,-460,1282,12,-0.7813729668029955,0.4943325243940262
193,1553533200,776,716,-60,1492,12,0.18017595220449972,0.9295504186998067
193,1553547600,639,965,326,1604,12,1.1080706590467326,1.161666628996223
193,1553562000,170,677,507,847,13,1.5289275085450647,-0.45850089366459246
193,1553576400,81,99,18,180,13,0.3836538499814006,-1.781034258071501
193,1553590800,1313,279,-1034,1592,13,-2.0802068633293853,1.018691544840875
193,1553605200,929,431,-498,1360,13,-0.8248557774600115,0.5586799398297765
193,1553619600,867,648,-219,1515,13,-0.1714174323899456,0.8660152793846053
193,1553634000,716,805,89,1521,13,0.5499410274006648,0.8779121312383407
193,1553648400,185,710,525,895,13,1.5710848211302302,-0.36332607883470996
193,1553662800,92,101,9,193,13,0.36257519368881785,-1.755257745721741
193,1553677200,1209,303,-906,1512,13,-1.7804215293904302,0.8600668534577377
193,1553691600,1029,444,-585,1473,13,-1.028616121621645,0.7827373164084581
193,1553706000,870,678,-192,1548,13,-0.10818146351219732,0.9314479645801496
193,1553720400,714,963,249,1677,13,0.9246726948243584,1.1872302794354588
193,1553734800,177,689,512,866,13,1.540637873152055,-0.4208275294610973
193,1553749200,91,109,18,200,13,0.3836538499814006,-1.7413780852257166
193,1553763600,1251,294,-957,1545,13,-1.8998672483817325,0.9254995386532818
193,1553778000,997,423,-574,1420,13,-1.0028533194862659,0.6776484583671296
193,1553792400,898,699,-199,1597,13,-0.12457597396198392,1.0286055880523213
193,1553806800,767,905,138,1672,13,0.6647026005491709,1.1773162362240126
193,1553821200,188,690,502,878,13,1.5172171439380742,-0.39703382575362667
193,1553835600,89,129,40,218,13,0.43517945425215854,-1.7056875296645106
193,1553850000,1174,257,-917,1431,13,-1.806184331525809,0.699459353432311
193,1553864400,973,502,-471,1475,13,-0.7616198085822632,0.7867029336930366
193,1553878800,884,710,-174,1594,13,-0.06602415092703177,1.0226571621254537
193,1553893200,733,864,131,1597,13,0.6483080900993843,1.0286055880523213
193,1553907600,226,716,490,942,13,1.4891122688812972,-0.2701340726471167
193,1553922000,85,152,67,237,13,0.49841542312990683,-1.6680141654610157
193,1553936400,520,119,-401,639,13,-0.5976747040843972,-0.8709250912607498
193,1553950800,842,244,-598,1086,13,-1.05906306959982,0.015390371842530707
193,1553965200,810,490,-320,1300,13,-0.4079667974511523,0.4397114212924234
193,1553979600,603,587,-16,1190,13,0.30402337065386575,0.2216024706406094
193,1553994000,229,564,335,793,13,1.1260909660645937,-0.5655725603482102
193,1554008400,61,171,110,232,13,0.5991245587500245,-1.6779282086724616
193,1554022800,363,93,-270,456,13,-0.29086315138124796,-1.2337790727996767
193,1554037200,738,218,-520,956,13,-0.8763813817307693,-0.24237475165506767
193,1554051600,655,498,-157,1153,13,-0.02620891126326432,0.14823855087590831
193,1554066000,433,539,106,972,13,0.5897562670644322,-0.21064981337844016
193,1554080400,143,413,270,556,13,0.9738562261737181,-1.035498208570755
193,1554094800,88,67,-21,155,13,0.2923130060468753,-1.8306044741287315
193,1554109200,1113,273,-840,1386,13,-1.6258447165781567,0.6102329645292962
193,1554123600,851,400,-451,1251,13,-0.7147783501543015,0.3425537978202517
193,1554138000,840,660,-180,1500,13,-0.08007658845542029,0.836273149750267
193,1554152400,708,968,260,1676,13,0.9504354969597373,1.1852474707931695
193,1554166800,158,536,378,694,14,1.2348696464506372,-0.7221338661954843
193,1554181200,90,100,10,190,14,0.38734987489019995,-1.6880209936835424
193,1554195600,1264,278,-986,1542,14,-1.9064808111809841,0.903009554657439
193,1554210000,944,422,-522,1366,14,-0.8378689253004324,0.5657156371219266
193,1554224400,878,654,-224,1532,14,-0.1515621537650782,0.8838451275247395
193,1554238800,664,1044,380,1708,14,1.2394757321656398,1.221139045060252
193,1554253200,177,569,392,746,14,1.267112246455654,-0.6224788451054465
193,1554267600,93,86,-7,179,14,0.34819814631267976,-1.709101863529512
193,1554282000,1312,275,-1037,1587,14,-2.023935996913545,0.9892494767545871
193,1554296400,997,401,-596,1398,14,-1.0082940967555205,0.6270418039465653
193,1554310800,932,677,-255,1609,14,-0.22295648234761506,1.0314112164465261
193,1554325200,703,1001,298,1704,14,1.0506262178505423,1.213473274207172
193,1554339600,201,587,386,788,14,1.2532939893106467,-0.5419882511481083
193,1554354000,99,77,-22,176,14,0.31365250345016193,-1.7148511916693219
193,1554368400,1268,299,-969,1567,14,-1.8673290826034639,0.950920622489188
193,1554382800,959,447,-512,1406,14,-0.8148384967254205,0.642373345652725
193,1554397200,905,631,-274,1536,14,-0.2667142966401376,0.8915108983778194
193,1554411600,737,1010,273,1747,14,0.9930501464130126,1.29588031087778
193,1554426000,176,579,403,755,14,1.292445717888167,-0.605230860686017
193,1554440400,86,104,18,190,14,0.4057742177502095,-1.6880209936835424
193,1554454800,1182,267,-915,1449,14,-1.7429647682983997,0.7247803823233331
193,1554469200,949,458,-491,1407,14,-0.7664745967178956,0.6442897883659949
193,1554483600,843,703,-140,1546,14,0.04189344626502166,0.9106753255105189
193,1554498000,667,872,205,1539,14,0.8364432321029318,0.8972602265176292
193,1554512400,216,607,391,823,14,1.2648092035981529,-0.47491275618365986
193,1554526800,64,134,70,198,14,0.5255324463402713,-1.6726894519773827
193,1554541200,513,111,-402,624,14,-0.5615037824002898,-0.8562848561243812
193,1554555600,906,324,-582,1230,14,-0.9760514967505037,0.30507942811721256
193,1554570000,811,467,-344,1278,14,-0.42792729666522084,0.3970686783541705
193,1554584400,541,571,30,1112,14,0.43341073204022373,0.07893918795135765
193,1554598800,201,530,329,731,14,1.1220205464330792,-0.6512254858044959
193,1554613200,69,195,126,264,14,0.6545028463603378,-1.5462042329015657
193,1554627600,374,79,-295,453,14,-0.3150781966476626,-1.1839965600935438
193,1554642000,719,226,-493,945,14,-0.771080682432898,-0.24110674516472513
193,1554656400,737,476,-261,1213,14,-0.23677473949262218,0.2724999019916233
193,1554670800,443,591,148,1034,14,0.705169789225364,-0.07054334368369897
193,1554685200,139,435,296,574,14,1.04602013213554,-0.952106991787879
193,1554699600,79,78,-1,157,14,0.3620164034576869,-1.751263603221451
193,1554714000,1259,237,-1022,1496,14,-1.989390354051027,0.814853189847021
193,1554728400,936,414,-522,1350,14,-0.8378689253004324,0.5350525537096074
193,1554742800,821,628,-193,1449,14,-0.08016782518254136,0.7247803823233331
193,1554757200,697,985,288,1682,14,1.0275957892755305,1.171311534515233
193,1554771600,167,592,425,759,15,1.363969853060142,-0.6268468096796627
193,1554786000,92,62,-30,154,15,0.32014045527954393,-1.812596637265476
193,1554800400,1271,278,-993,1549,15,-1.8891072591440077,0.921487675928259
193,1554814800,899,380,-519,1279,15,-0.8016893810165274,0.39231006692301995
193,1554829200,837,683,-154,1520,15,0.03566826775252381,0.8646500808869556
193,1554843600,713,832,119,1545,15,0.6619659064208827,0.9136480076467
193,1554858000,143,611,468,754,15,1.46261746647677,-0.6366463950316116
193,1554872400,87,97,10,184,15,0.4119056770624537,-1.7537991251537828
193,1554886800,1282,245,-1037,1527,15,-1.9900490031052083,0.878369500379684
193,1554901200,961,421,-540,1382,15,-0.849866122452555,0.5941815251731667
193,1554915600,869,677,-192,1546,15,-0.05150869294124042,0.9156079247170897
193,1554930000,695,967,272,1662,15,1.0129678797405124,1.1429583048823035
193,1554944400,173,639,466,812,15,1.4580292053876245,-0.5229712049490046
193,1554958800,93,87,-6,180,15,0.3751995883492898,-1.761638793435342
193,1554973200,1272,295,-977,1567,15,-1.8524011704308436,0.956766183195275
193,1554987600,960,454,-506,1414,15,-0.7718656839370818,0.6568988714256395
193,1555002000,908,649,-259,1557,15,-0.20521543942761422,0.9371670124913772
193,1555016400,704,983,279,1687,15,1.0290267935525215,1.1919562316420478
193,1555030800,167,601,434,768,15,1.3846170279612968,-0.6092075560461547
193,1555045200,90,105,15,195,15,0.4233763297853174,-1.7322400373794953
193,1555059600,1234,255,-979,1489,15,-1.8569894315199893,0.8038926517048726
193,1555074000,965,478,-487,1443,15,-0.7282772035901997,0.7137364664669429
193,1555088400,883,708,-175,1591,15,-0.012508473683503791,1.0038041928846295
193,1555102800,700,945,245,1645,15,0.9510263550370484,1.1096397146856773
193,1555117200,220,554,334,774,15,1.1552039735040225,-0.597448053623816
193,1555131600,74,140,66,214,15,0.5403769875585273,-1.6950016130420895
193,1555146000,589,115,-474,704,15,-0.698453506510754,-0.7346422485511003
193,1555160400,981,281,-700,1262,15,-1.216927009584194,0.3589914767263938
193,1555174800,949,490,-459,1439,15,-0.6640415483421628,0.7058967981853839
193,1555189200,564,634,70,1198,15,0.5495535097368183,0.23355678422144824
193,1555203600,246,533,287,779,15,1.0473798379091035,-0.5876484682718671
193,1555218000,62,167,105,229,15,0.6298480787968642,-1.665602856986243
193,1555232400,420,85,-335,505,15,-0.3795693608151427,-1.1246657455586653
193,1555246800,874,270,-604,1144,15,-0.9966904773052105,0.12772126242040044
193,1555261200,814,507,-307,1321,15,-0.3153337055671059,0.4746265838793905
193,1555275600,438,584,146,1022,15,0.7239074311243467,-0.11138862016715202
193,1555290000,155,430,275,585,15,1.0198502713742306,-0.9678723799274833
193,1555304400,106,73,-33,179,15,0.3132580636458257,-1.7635987105057318
193,1555318800,1215,242,-973,1457,15,-1.8432246482525527,0.7411753054523997
193,1555333200,846,465,-381,1311,15,-0.48509936586548885,0.4550274131754927
193,1555347600,825,633,-192,1458,15,-0.05150869294124042,0.7431352225227895
193,1555362000,673,848,175,1521,15,0.7904372169169562,0.8666099979573453
193,1555376400,164,552,388,716,16,1.2953134589576922,-0.1547372906650477
193,1555390800,80,60,-20,140,16,0.24229901649367525,-0.9901321881809673
193,1555405200,1284,296,-988,1580,16,-2.2560293666072275,1.0983550556088315
193,1555419600,980,455,-525,1435,16,-1.0610644478306595,0.8880559928661088
193,1555434000,869,625,-244,1494,16,-0.33582655976107917,0.9736259563269408
193,1555448400,707,1079,372,1786,16,1.2540187749394955,1.3971247585398723
193,1555462800,168,570,402,738,16,1.3314463074736145,-0.12282984666270355
193,1555477200,95,93,-2,188,16,0.28875553601414655,-0.9205159467213073
193,1555491600,1310,292,-1018,1602,16,-2.3334568991413467,1.1302624996111759
193,1555506000,1016,473,-543,1489,16,-1.1075209673511308,0.9663742645082263
193,1555520400,878,666,-212,1544,16,-0.2532371917246857,1.0461428745140866
193,1555534800,730,1033,303,1763,16,1.075935450111022,1.3637669761737852
193,1555549200,141,607,466,748,16,1.4966250435464015,-0.10832646302527439
193,1555563600,192,90,-102,282,16,0.030663760900416923,-0.7841841405294732
193,1555578000,1242,289,-953,1531,16,-2.165697245317422,1.0272884757854288
193,1555592400,981,428,-553,1409,16,-1.1333301448625037,0.850347195408793
193,1555606800,891,692,-199,1583,16,-0.21968526095990085,1.1027060707000604
193,1555621200,739,968,229,1707,16,0.8849475365268622,1.2825480278041819
193,1555635600,220,650,430,870,16,1.4037120045054587,0.06861481735136135
193,1555650000,78,109,31,187,16,0.3739258218016774,-0.9219662850850502
193,1555664400,896,215,-681,1111,16,-1.4636876170080777,0.4181463630134041
193,1555678800,951,395,-556,1346,16,-1.1410728981159157,0.7589758784929893
193,1555693200,916,691,-225,1607,16,-0.2867891224894705,1.1375141914298903
193,1555707600,680,828,148,1508,16,0.6758931986847412,0.9939306934193417
193,1555722000,165,463,298,628,16,1.0630308613553356,-0.2823670666744243
193,1555736400,1,1,0,2,16,0.29391737151642117,-1.1902788823774897
193,1555750800,0,1,1,1,16,0.29649828926755845,-1.1917292207412324
193,1555765200,0,3,3,3,16,0.30166012476983306,-1.1888285440137467
193,1555779600,2,3,1,5,16,0.29649828926755845,-1.185927867286261
193,1555794000,3,4,1,7,16,0.29649828926755845,-1.183027190558775
193,1555808400,0,2,2,2,16,0.2990792070186958,-1.1902788823774897
193,1555822800,3,3,0,6,16,0.29391737151642117,-1.184477528922518
193,1555837200,2,3,1,5,16,0.29649828926755845,-1.185927867286261
193,1555851600,3,2,-1,5,16,0.2913364537652839,-1.185927867286261
193,1555866000,1,8,7,9,16,0.31198379577438223,-1.1801265138312893
193,1555880400,3,5,2,8,16,0.2990792070186958,-1.181576852195032
193,1555894800,2,2,0,4,16,0.29391737151642117,-1.1873782056500037
193,1555909200,23,8,-15,31,16,0.2552036052493617,-1.1482190698289452
193,1555923600,984,214,-770,1198,16,-1.6933892968592972,0.5443258006590378
193,1555938000,905,439,-466,1344,16,-0.9087903005135589,0.7560752017655035
193,1555952400,771,614,-157,1385,16,-0.11128671541213439,0.815539074678963
193,1555966800,592,954,362,1546,16,1.2282095974281226,1.0490435512415726
193,1555981200,152,507,355,659,17,1.2447409697817309,-0.38305365719357426
193,1555995600,87,90,3,177,17,0.30507018082331294,-1.2262110593807047
193,1556010000,1133,281,-852,1414,17,-1.9773688094023896,0.9376597010041092
193,1556024400,936,424,-512,1360,17,-1.069732251885736,0.8431980833316922
193,1556038800,886,575,-311,1461,17,-0.5331588752361848,1.0198762941634352
193,1556053200,666,987,321,1653,17,1.1539773140300655,1.3557398236653628
193,1556067600,158,602,444,760,17,1.4823281863081488,-0.20637544636183117
193,1556082000,87,91,4,178,17,0.30773970011012663,-1.2244617701645488
193,1556096400,1100,253,-847,1353,17,-1.9640212129683212,0.830953058818601
193,1556110800,958,428,-530,1386,17,-1.1177835990483822,0.8886796029517449
193,1556125200,868,551,-317,1419,17,-0.5491759909570669,0.9464061470848887
193,1556139600,638,925,287,1563,17,1.0632136582784002,1.1983037942113342
193,1556154000,163,593,430,756,17,1.4449549162927573,-0.21337260322645465
193,1556168400,82,98,16,180,17,0.3397739315518909,-1.220963191732237
193,1556182800,1118,260,-858,1378,17,-1.9933859251232717,0.8746852892224979
193,1556197200,942,425,-517,1367,17,-1.0830798483198043,0.8554431078447833
193,1556211600,879,625,-254,1504,17,-0.3809962758878046,1.0950957304581377
193,1556226000,753,888,135,1641,17,0.6574467266827196,1.3347483530714923
193,1556240400,204,603,399,807,17,1.3621998184015331,-0.12415885320250518
193,1556254800,105,123,18,228,17,0.3451129701255183,-1.1369973093567551
193,1556269200,1032,230,-802,1262,17,-1.8438928450617054,0.6717677401484167
193,1556283600,902,458,-444,1360,17,-0.8882049403824052,0.8431980833316922
193,1556298000,800,620,-180,1420,17,-0.18345184866359177,0.9481554363010445
193,1556312400,672,864,192,1536,17,0.8096093260310998,1.1510729853751256
193,1556326800,175,425,250,600,17,0.9644414446662937,-0.4862617209467707
193,1556341200,3,7,4,10,17,0.30773970011012663,-1.5183423584787354
193,1556355600,9,11,2,20,17,0.3024006615364993,-1.5008494663171765
193,1556370000,13,8,-5,21,17,0.28371402652880345,-1.4991001771010208
193,1556384400,1,5,4,6,17,0.30773970011012663,-1.5253395153433589
193,1556398800,0,1,1,1,17,0.2997311422496856,-1.5340859614241382
193,1556413200,60,247,187,307,17,0.7962617295970313,-0.9988034612804413
193,1556427600,49,136,87,185,17,0.5293098009156627,-1.2122167456514577
193,1556442000,299,82,-217,381,17,-0.2822240622756982,-0.8693560592849068
193,1556456400,601,202,-399,803,17,-0.7680765724757892,-0.13115601006712865
193,1556470800,551,329,-222,880,17,-0.29557165870976665,0.0035392595768735
193,1556485200,359,542,183,901,17,0.7855836524497767,0.04027433311614682
193,1556499600,125,388,263,513,17,0.9991451953948716,-0.6384498827523316
193,1556514000,84,79,-5,163,17,0.28371402652880345,-1.2507011084068869
193,1556526942,1019,188,-831,1207,17,-1.9213089043793021,0.5755568332598437
193,1556528400,310,269,-41,579,17,0.18761133220351073,-0.5229967944860441
193,1556542800,847,389,-458,1236,17,-0.9255782103977968,0.626286220528364
193,1556557200,810,660,-150,1470,17,-0.10336627005918116,1.0356198971088382
193,1556571600,633,1015,382,1648,17,1.3168179905257005,1.3469933775845835
193,1556586000,148,528,380,676,18,1.2789776450044184,-0.6297999276458841
193,1556600400,73,85,12,158,18,0.37040018578836337,-1.6391804178297662
193,1556614800,1260,268,-992,1528,18,-2.108436143159787,1.030416631498262
193,1556629200,936,423,-513,1359,18,-0.9258040698867153,0.701101375048308
193,1556643600,838,629,-209,1467,18,-0.17524008183866968,0.9115513614186928
193,1556658000,700,951,251,1651,18,0.960481742181399,1.2700957826423112
193,1556672400,176,624,448,800,18,1.4468669581204285,-0.3881721655169239
193,1556686800,84,100,16,184,18,0.380276027736364,-1.5885165322220811
193,1556701200,1196,279,-917,1475,18,-1.9232641066347758,0.9271402492979806
193,1556715600,928,442,-486,1370,18,-0.8591421367377112,0.7225360958823287
193,1556730000,893,625,-268,1518,18,-0.3209087505716785,1.0109305216491522
193,1556744400,693,983,290,1676,18,1.0567712011744048,1.3188110572650853
193,1556758800,181,610,429,791,18,1.3999567088674256,-0.4057096643811226
193,1556773200,98,79,-19,177,18,0.29386241069135877,-1.602156809116458
193,1556787600,1209,289,-920,1498,18,-1.9306709880957762,0.9719583019509328
193,1556790363,254,45,-209,299,18,-0.17524008183866968,-1.3644262689573197
193,1556802000,741,409,-332,1150,18,-0.4789222217396881,0.29384167920191545
193,1556816400,880,659,-221,1539,18,-0.20486760768267148,1.0518513523322826
193,1556830800,710,956,246,1666,18,0.9481369397463983,1.2993249474159756
193,1556845200,200,609,409,809,18,1.3505774991274226,-0.37063466665272515
193,1556859600,107,106,-1,213,18,0.33830369945736144,-1.532006813659663
193,1556874000,1205,278,-927,1483,18,-1.9479537115047771,0.9427291371772683
193,1556878293,349,82,-267,431,18,-0.3184397900846784,-1.1072096189490717
193,1556888400,616,428,-188,1044,18,-0.12339191161166656,0.08728891480135266
193,1556902800,863,626,-237,1489,18,-0.24437097547467387,0.954420803086734
193,1556917200,715,874,159,1589,18,0.7333373773773854,1.149281901577831
193,1556931600,222,655,433,877,18,1.4098325508154264,-0.23812911967877923
193,1556946000,61,137,76,198,18,0.528413656956373,-1.5612359784333276
193,1556960400,468,136,-332,604,18,-0.4789222217396881,-0.7700999185594739
193,1556974800,821,252,-569,1073,18,-1.0640658571587236,0.14379863336377077
193,1556989200,788,469,-319,1257,18,-0.44682573540868614,0.5023430545873891
193,1557003600,528,622,94,1150,18,0.5728549457223756,0.29384167920191545
193,1557018000,207,489,282,696,18,1.0370195172784038,-0.5908277079476647
193,1557032400,60,189,129,249,18,0.6592685627673808,-1.4618568182028682
193,1557046800,323,86,-237,409,18,-0.24437097547467387,-1.150079060617113
193,1557061200,693,236,-457,929,18,-0.7875422826147069,-0.13680134846340883
193,1557075600,644,451,-193,1095,18,-0.1357367140466673,0.1866680750318121
193,1557090000,329,488,159,817,18,0.7333373773773854,-0.3550457787734374
193,1557104400,121,381,260,502,18,0.9827023865644005,-0.9688582390203928
193,1557118800,86,56,-30,142,18,0.2667038453343571,-1.6703581935883418
193,1557133200,1267,282,-985,1549,18,-2.091153419750786,1.0713374621813923
193,1557147600,922,398,-524,1320,18,-0.9529626352437169,0.6251055466367802
193,1557162000,816,675,-141,1491,18,-0.007350768722659517,0.958318025056556
193,1557176400,610,957,347,1567,18,1.1975019489334136,1.1064124599097898
193,1557190800,167,595,428,762,19,1.347681084981647,-0.5008000604808432
193,1557205200,85,98,13,183,19,0.35337137474484664,-1.5919367635342738
193,1557219600,1276,273,-1003,1549,19,-2.08089047007585,0.9823166671582757
193,1557234000,945,428,-517,1373,19,-0.9164699419431153,0.6506412617396163
193,1557248400,924,640,-284,1564,19,-0.3582189480029358,1.0105844573928207
193,1557262800,734,1007,273,1741,19,0.9763123980257336,1.3441443821604495
193,1557277200,182,648,466,830,19,1.4387263114611613,-0.37265274475090665
193,1557291600,93,89,-4,182,19,0.31264061553032707,-1.5938212828832434
193,1557306000,1270,276,-994,1546,19,-2.059327126962281,0.9766631091113668
193,1557306569,50,19,-31,69,19,0.2479505861896196,-1.8067719693168145
193,1557320400,930,415,-515,1345,19,-0.9116780879178776,0.597874719968466
193,1557334800,887,694,-193,1581,19,-0.14018958985462537,1.0426212863253048
193,1557349200,705,969,264,1674,19,0.9547490549121644,1.2178815857794827
193,1557363600,191,619,428,810,19,1.347681084981647,-0.4103431317302998
193,1557378000,97,94,-3,191,19,0.3150365425429459,-1.5768606087425165
193,1557392400,1216,306,-910,1522,19,-1.8580692579023022,0.931434644736095
193,1557406800,952,429,-523,1381,19,-0.930845504018828,0.6657174165313736
193,1557421200,894,697,-197,1591,19,-0.14977329790510055,1.0614664798150013
193,1557435600,671,1017,346,1688,19,1.1512150699469057,1.2442648566650578
193,1557450000,200,623,423,823,19,1.3357014499185529,-0.38584438019369427
193,1557464400,88,114,26,202,19,0.38451842590889096,-1.5561308959038505
193,1557478800,1172,252,-920,1424,19,-1.88202852802849,0.7467517485370688
193,1557493200,920,409,-511,1329,19,-0.9020943798674025,0.5677224103849515
193,1557507600,911,671,-240,1582,19,-0.2527981594477088,1.0445058056742744
193,1557522000,764,916,152,1680,19,0.6864052294988593,1.2291887018733005
193,1557536400,303,678,375,981,19,1.2206969533128507,-0.08809032305648866
193,1557550800,80,170,90,250,19,0.5378577547164939,-1.465673967153307
193,1557565200,479,128,-351,607,19,-0.5187460578483951,-0.7929005595711399
193,1557579600,792,281,-511,1073,19,-0.9020943798674025,0.08528545704871965
193,1557594000,779,504,-275,1283,19,-0.33665560488936663,0.48103452033234734
193,1557608400,560,632,72,1192,19,0.4947310684893556,0.3095432595761087
193,1557622800,205,542,337,747,19,1.1296517268333366,-0.5290678507153881
193,1557637200,59,156,97,215,19,0.5546292438048255,-1.531632144367245
193,1557651600,318,82,-236,400,19,-0.24321445139723358,-1.1829960648078586
193,1557666000,585,196,-389,781,19,-0.6097912843279094,-0.46499419285041976
193,1557680400,502,412,-90,914,19,0.10659089244511064,-0.21435311943745558
193,1557694800,341,471,130,812,19,0.6336948352212457,-0.4065740930323605
193,1557709200,136,359,223,495,19,0.8565160473947938,-1.0039667266557413
193,1557723600,89,72,-17,161,19,0.28149356436628276,-1.6333961892116062
193,1557738000,1198,241,-957,1439,19,-1.9706778274953856,0.7750195387716137
193,1557752400,852,436,-416,1288,19,-0.6744813136686169,0.49045711707719564
193,1557766800,799,609,-190,1408,19,-0.13300180881676898,0.7165994389535543
193,1557781200,587,938,351,1525,19,1.1631947050099998,0.937088202783004
193,1557795600,157,549,392,706,20,1.306605117864452,-0.17899731765344712
193,1557810000,89,86,-3,175,20,0.3009647139966135,-0.9447748312362552
193,1557824400,1231,249,-982,1480,20,-2.1914959325517764,0.9372207529926798
193,1557838800,822,420,-402,1242,20,-0.7148593901635576,0.5939909069800465
193,1557853200,846,663,-183,1509,20,-0.15730179915835088,0.9790428770866562
193,1557867600,639,893,254,1532,20,0.9552674577789794,1.0122121479198098
193,1557882000,174,564,390,738,20,1.301513267718286,-0.13284876692905942
193,1557896400,93,99,6,192,20,0.32387803965436174,-0.9202584136639241
193,1557910800,1239,283,-956,1522,20,-2.1253018806516146,0.9977907258184386
193,1557925200,938,420,-518,1358,20,-1.0101866986412014,0.7612794033559518
193,1557939600,903,715,-188,1618,20,-0.17003142452376657,1.1362363779916016
193,1557954000,721,952,231,1673,20,0.8967111810980672,1.215554199549143
193,1557968400,201,615,414,816,20,1.362615469472281,-0.020361674538364464
193,1557982800,92,108,16,200,20,0.3493372903851931,-0.9087212759828273
193,1557997200,1236,271,-965,1507,20,-2.148215206309363,0.9761585926663819
193,1558011600,892,447,-445,1339,20,-0.8243341683061324,0.7338787013633467
193,1558026000,924,687,-237,1611,20,-0.2947817531048402,1.1261413825206419
193,1558040400,741,1001,260,1742,20,0.9705430082174782,1.3150620120486038
193,1558054800,218,649,431,867,20,1.4058961957146943,0.053187578178628396
193,1558069200,85,144,59,229,20,0.45881206852776796,-0.8668991518888509
193,1558083600,1211,240,-971,1451,20,-2.163490756747862,0.8953986288987035
193,1558098000,985,422,-563,1407,20,-1.1247533269299423,0.8319443716526704
193,1558112400,801,699,-102,1500,20,0.04891813176138309,0.9660635971954221
193,1558126800,734,945,211,1679,20,0.8457926796364046,1.2242070528099658
193,1558141200,198,419,221,617,20,0.8712519303672359,-0.3073479743556503
193,1558155600,0,1,1,1,20,0.3111484142889461,-1.1957075758001132
193,1558170000,0,8,8,8,20,0.32896988980052805,-1.1856125803291533
193,1558184400,0,1,1,1,20,0.3111484142889461,-1.1957075758001132
193,1558198800,1,1,0,2,20,0.3086024892158629,-1.194265433589976
193,1558213200,1,4,3,5,20,0.31624026443511233,-1.1899390069595646
193,1558227600,0,3,3,3,20,0.31624026443511233,-1.192823291379839
193,1558242000,0,3,3,3,20,0.31624026443511233,-1.192823291379839
193,1558256400,0,1,1,1,20,0.3111484142889461,-1.1957075758001132
193,1558270800,0,0,0,0,20,0.3086024892158629,-1.1971497180102502
193,1558285200,0,1,1,1,20,0.3111484142889461,-1.1957075758001132
193,1558299600,0,3,3,3,20,0.31624026443511233,-1.192823291379839
193,1558314000,0,0,0,0,20,0.3086024892158629,-1.1971497180102502
193,1558328400,25,10,-15,35,20,0.27041361311961587,-1.1466747406554512
193,1558342800,1231,284,-947,1515,20,-2.102388554993867,0.9876957303474788
193,1558357200,927,380,-547,1307,20,-1.0840185257606123,0.6877301506389589
193,1558371600,921,686,-235,1607,20,-0.2896899029586739,1.1203728136800934
193,1558386000,702,961,259,1663,20,0.967997083144395,1.2011327774477718
193,1558400400,165,614,449,779,21,1.5485549838824644,-0.3357312459102963
193,1558414800,74,85,11,159,21,0.3865508702904832,-1.6376144567749564
193,1558429200,1259,280,-979,1539,21,-2.2398967837187893,1.2601255932141258
193,1558443600,921,488,-433,1409,21,-0.7913711078712511,0.9871500812586325
193,1558454852,642,188,-454,830,21,-0.8470836338653871,-0.2286408527585259
193,1558458000,426,685,259,1111,21,1.0444892725069475,0.3614062153914249
193,1558472400,708,905,197,1613,21,0.8800046719528314,1.4155116538657142
193,1558486800,189,609,420,798,21,1.4716186384619907,-0.29583482493218577
193,1558501200,86,104,18,190,21,0.40512171228852856,-1.5725202962317233
193,1558515600,1257,274,-983,1531,21,-2.250508693431958,1.2433271001707107
193,1558530000,931,405,-526,1336,21,-1.0380980087024252,0.8338638322374708
193,1558544400,864,746,-118,1610,21,0.0443167820407901,1.4092122189744336
193,1558558800,792,905,113,1697,21,0.657154567976287,1.5918958308215714
193,1558573200,195,651,456,846,21,1.5671258258805096,-0.19504386667169593
193,1558587600,76,96,20,172,21,0.4104276671451129,-1.610316905579407
193,1558602000,1124,258,-866,1382,21,-1.9401103343217712,0.930455167237107
193,1558616400,954,431,-523,1385,21,-1.0301390764175486,0.9367546021283876
193,1558630800,829,569,-260,1398,21,-0.3324060127767015,0.9640521533239369
193,1558645200,678,953,275,1631,21,1.0869369113596226,1.4533082632133978
193,1558659600,191,532,341,723,21,1.2620334216269073,-0.4533206972142011
193,1558674000,71,94,23,165,21,0.4183865994299895,-1.6250155869923952
193,1558687310,1011,141,-870,1152,21,-1.95072224403494,0.4474984922389266
193,1558688400,321,247,-74,568,21,0.16104778888564666,-0.7787914999303661
193,1558702800,905,433,-472,1338,21,-0.8948372275746467,0.8380634554983246
193,1558717200,932,646,-286,1578,21,-0.40138342591229853,1.3420182468007738
193,1558731600,695,851,156,1546,21,0.7712325973928514,1.274824274627114
193,1558746000,244,557,313,801,21,1.1877500536347259,-0.2895353900409051
193,1558760400,63,148,85,211,21,0.5828711999841055,-1.528424251992759
193,1558774800,445,113,-332,558,21,-0.5234203876137395,-0.7997896162346348
193,1558789200,713,246,-467,959,21,-0.8815723404331857,0.042234847566540494
193,1558803600,709,426,-283,1135,21,-0.393424493627422,0.4118016945216698
193,1558818000,493,529,36,1022,21,0.452875305997788,0.17452298028343338
193,1558832400,217,481,264,698,21,1.0577541596484084,-0.5058159879748728
193,1558846800,52,123,71,175,21,0.5457295159880149,-1.6040174706881265
193,1558861200,346,89,-257,435,21,-0.3244470804918249,-1.05806644677714
193,1558875600,701,194,-507,895,21,-0.9876914375648734,-0.09215309678077925
193,1558890000,633,387,-246,1020,21,-0.29526432878061076,0.17032335702257964
193,1558904400,354,466,112,820,21,0.6545015905479948,-0.2496389690627946
193,1558918800,152,391,239,543,21,0.9914297239411035,-0.8312867906910378
193,1558933200,62,80,18,142,21,0.40512171228852856,-1.673311254492213
193,1558947600,373,109,-264,482,21,-0.3430179224898703,-0.9593753001470771
193,1558962000,614,236,-378,850,21,-0.6454573493151804,-0.18664462014998845
193,1558976400,727,415,-312,1142,21,-0.4703608390478956,0.4265003759346579
193,1558990800,425,512,87,937,21,0.58817715484069,-0.003961008302850667
193,1559005200,147,433,286,580,22,1.1347391338754051,-0.08601084550094351
193,1559019600,70,83,13,153,22,0.3321512408293458,-0.7416226489808534
193,1559034000,1211,286,-925,1497,22,-2.4254584429699353,1.3219423718083712
193,1559048400,853,462,-391,1315,22,-0.8555612455831378,1.0425012752431637
193,1559062800,889,662,-227,1551,22,-0.37342053327708014,1.4048534663936525
193,1559077200,654,945,291,1599,22,1.1494385458359557,1.4785522171361247
193,1559091600,201,528,327,729,22,1.2552743119519196,0.14276235992881428
193,1559106000,104,91,-13,195,22,0.255714298634483,-0.6771362420811902
193,1559120400,1274,289,-985,1563,22,-2.601851386496542,1.4232781540792705
193,1559134800,914,355,-559,1269,22,-1.349461487457636,0.9718733057816277
193,1559149200,866,552,-314,1418,22,-0.6291903013906596,1.2006465112113855
193,1559152823,216,66,-150,282,22,-0.14704958908460183,-0.543557256360459
193,1559152903,1,3,2,4,22,0.2998125345161346,-0.9703958544106112
193,1559152984,3,0,-3,3,22,0.285113122555584,-0.9719312450510793
193,1559153064,7,0,-7,7,22,0.2733535929871436,-0.9657896824892067
193,1559153145,5,2,-3,7,22,0.285113122555584,-0.9657896824892067
193,1559153226,2,1,-1,3,22,0.2909928873398043,-0.9719312450510793
193,1559153307,5,0,-5,5,22,0.2792333577713638,-0.968860463770143
193,1559153387,4,2,-2,6,22,0.28805300494769415,-0.9673250731296749
193,1559153468,3,0,-3,3,22,0.285113122555584,-0.9719312450510793
193,1559153548,6,0,-6,6,22,0.2762934753792537,-0.9673250731296749
193,1559163600,354,1012,658,1366,22,2.2283753837403655,1.1208061979070405
193,1559178000,193,556,363,749,22,1.3611100780678835,0.17347017273817772
193,1559192400,77,92,15,169,22,0.33803100561356597,-0.7170563987333627
193,1559201989,584,79,-505,663,22,-1.1907078382836902,0.04142657765791485
193,1559206800,628,275,-353,903,22,-0.7438457146829538,0.4099203313702764
193,1559221200,858,384,-474,1242,22,-1.0995714841282769,0.930417758488987
193,1559235600,896,578,-318,1474,22,-0.6409498309591,1.2866283870776032
193,1559250000,597,938,341,1535,22,1.296432665441461,1.3802872161461617
193,1559264400,197,70,-127,267,22,-0.07943229406606934,-0.5665881159674817
193,1559278800,139,655,516,794,22,1.81091208406073,0.2425627515592455
193,1559293200,1185,287,-898,1472,22,-2.3460816183829625,1.283557605796667
193,1559307600,880,405,-475,1285,22,-1.102511366520387,0.9964395560291185
193,1559322000,922,599,-323,1521,22,-0.6556492429196505,1.3587917471796074
193,1559336400,766,838,72,1604,22,0.5056043019638421,1.4862291703384656
193,1559350800,208,455,247,663,22,1.020083720583111,0.04142657765791485
193,1559365200,2,10,8,12,22,0.31745182886879525,-0.9581127292868657
193,1559379600,2,2,0,4,22,0.29393276973191435,-0.9703958544106112
193,1559394000,4,4,0,8,22,0.29393276973191435,-0.9642542918487385
193,1559408400,1,1,0,2,22,0.29393276973191435,-0.9734666356915476
193,1559422800,1,0,-1,1,22,0.2909928873398043,-0.9750020263320157
193,1559437200,1,1,0,2,22,0.29393276973191435,-0.9734666356915476
193,1559451600,1,1,0,2,22,0.29393276973191435,-0.9734666356915476
193,1559466000,0,1,1,1,22,0.29687265212402447,-0.9750020263320157
193,1559480400,0,1,1,1,22,0.29687265212402447,-0.9750020263320157
193,1559494800,0,0,0,0,22,0.29393276973191435,-0.9765374169724839
193,1559509200,0,1,1,1,22,0.29687265212402447,-0.9750020263320157
193,1559523600,0,0,0,0,22,0.29393276973191435,-0.9765374169724839
193,1559538000,28,5,-23,33,22,0.22631547471338187,-0.9258695258370342
193,1559552400,1154,255,-899,1409,22,-2.3490215007750725,1.1868279954471719
193,1559566800,835,429,-406,1264,22,-0.8996594814647895,0.9641963525792868
193,1559581200,866,646,-220,1512,22,-0.3528413565323094,1.3449732314153937
193,1559595600,690,865,175,1555,22,0.8084121883511832,1.410995028955525
193,1559610000,170,606,436,776,23,1.4407470306933219,-0.5360159800532862
193,1559624400,90,87,-3,177,23,0.34444503110917474,-1.7257019109029181
193,1559638800,1104,244,-860,1348,23,-1.7957162755960965,0.6000447085042923
193,1559653200,901,437,-464,1338,23,-0.806796932007663,0.5801835076553835
193,1559667600,851,627,-224,1478,23,-0.20745187528740047,0.8582403195401055
193,1559682000,738,1006,268,1744,23,1.021205490989138,1.3865482621210774
193,1559696400,176,606,430,782,23,1.4257634042753153,-0.524099259543941
193,1559710800,94,100,6,194,23,0.36692047073618456,-1.6919378694597733
193,1559725200,1264,290,-974,1554,23,-2.0804051775382213,1.0091854459918117
193,1559739600,980,446,-534,1426,23,-0.9816059068844063,0.7549620751257802
193,1559754000,876,661,-215,1537,23,-0.18497643566039063,0.975421404548667
193,1559768400,692,988,296,1680,23,1.0911290809398353,1.2594365766880615
193,1559782800,215,599,384,814,23,1.3108889350705983,-0.4605434168274331
193,1559797200,93,90,-3,183,23,0.34444503110917474,-1.713785190393573
193,1559811600,1210,286,-924,1496,23,-1.9555416240548331,0.8939904810681412
193,1559826000,936,401,-535,1337,23,-0.9841031779540741,0.5781973875704927
193,1559840400,896,610,-286,1506,23,-0.36228268160680166,0.9138516819170499
193,1559854800,855,938,83,1793,23,0.5592103431006021,1.48386814628073
193,1559869200,205,639,434,844,23,1.4357524885539863,-0.4009598142807069
193,1559883600,98,115,17,213,23,0.39439045250252996,-1.6542015878468468
193,1559898000,1208,268,-940,1476,23,-1.9954979611695172,0.8542680793703238
193,1559912400,769,355,-414,1124,23,-0.6819333785242749,0.15515380948873705
193,1559926800,860,707,-153,1567,23,-0.03014562934098943,1.0350050070953931
193,1559941200,786,878,92,1664,23,0.5816857827276121,1.2276586553298077
193,1559955600,252,613,361,865,23,1.2534517004682397,-0.35925129249799864
193,1559970000,59,136,77,195,23,0.5442267166825956,-1.6899517493748826
193,1559984400,476,126,-350,602,23,-0.5221080300655383,-0.8816008748242978
193,1559998800,761,281,-480,1042,23,-0.8467532691223472,-0.0077080374723144
193,1560013200,727,494,-233,1221,23,-0.22992731491441032,0.3478074577231516
193,1560027600,537,625,88,1162,23,0.571696698448941,0.23062637271459016
193,1560042000,217,517,300,734,23,1.1011181652185065,-0.6194330236187028
193,1560056400,50,169,119,219,23,0.6491121016086416,-1.6422848673375015
193,1560070800,358,78,-280,436,23,-0.34729905518879506,-1.2112968089161824
193,1560085200,698,256,-442,954,23,-0.7518569684749723,-0.18248660494271107
193,1560099600,667,446,-221,1113,23,-0.19996006207839717,0.13330648855493746
193,1560114000,421,592,171,1013,23,0.7789701972313652,-0.06530551993414967
193,1560128400,171,425,254,596,23,0.9862436960137894,-0.893517595333643
193,1560142800,89,71,-18,160,23,0.3069859650641583,-1.759465952346063
193,1560157200,1161,285,-876,1446,23,-1.8356726127107805,0.7946844768235977
193,1560171600,801,381,-420,1182,23,-0.6969170049422816,0.2703487744124076
193,1560186000,776,639,-137,1415,23,0.009810707773694746,0.7331147541919806
193,1560200400,635,886,251,1521,23,0.9787518828047861,0.943643483190413
193,1560214800,40,170,130,210,24,0.9495725265369103,-1.2376548958975042
193,1560229200,1,2,1,3,24,0.5954985120652404,-1.5597265277040517
193,1560243600,998,215,-783,1213,24,-1.5563931727858376,0.3229144118414681
193,1560258000,885,405,-480,1290,24,-0.7247309527477296,0.44271883526709205
193,1560272400,825,572,-253,1397,24,-0.10167047766967516,0.6092003067806215
193,1560286800,746,923,177,1669,24,1.0785762372358907,1.0324055427776309
193,1560301200,44,182,138,226,24,0.971530604953758,-1.2127604702506214
193,1560315600,2,10,8,12,24,0.6147118306799821,-1.5457234132776803
193,1560330000,1185,292,-893,1477,24,-1.8583167510174938,0.7336724350150361
193,1560344400,902,474,-428,1376,24,-0.5820034430382194,0.5765263731190877
193,1560358800,845,643,-202,1488,24,0.03831227223772915,0.750787352647268
193,1560373200,705,871,166,1576,24,1.048383879412725,0.887706693705124
193,1560387600,46,168,122,214,24,0.9276144481200624,-1.2314312894857835
193,1560402000,2,1,-1,3,24,0.5900089924610284,-1.5597265277040517
193,1560416400,1157,257,-900,1414,24,-1.8775300696322357,0.6356506340304346
193,1560430800,877,439,-438,1316,24,-0.609451041059279,0.4831722769432768
193,1560445200,850,604,-246,1454,24,-0.0824571590549334,0.6978866981476419
193,1560459600,733,880,147,1613,24,0.9962334431727117,0.9452750530135408
193,1560474000,57,160,103,217,24,0.8754640118800491,-1.2267635846769929
193,1560488400,0,3,3,3,24,0.6009880316694524,-1.5597265277040517
193,1560502800,1214,259,-955,1473,24,-2.028491858748064,0.7274488286033153
193,1560517200,923,474,-449,1397,24,-0.6396433988824447,0.6092003067806215
193,1560531600,894,666,-228,1560,24,-0.03305148261702599,0.8628122680582412
193,1560546000,726,804,78,1530,24,0.8068450168274,0.8161352199703357
193,1561165200,7529,8985,1456,16514,25,3.5021871761298993,4.075567141382918
193,1561179600,1,1,0,2,25,-0.022730121462650372,-0.3263172900436795
193,1561194000,2,1,-1,3,25,-0.025151081145062835,-0.32605070305049716
193,1561208400,1,1,0,2,25,-0.022730121462650372,-0.3263172900436795
193,1561222800,1,1,0,2,25,-0.022730121462650372,-0.3263172900436795
193,1561237200,3,6,3,9,25,-0.015467242415412974,-0.3244511810914032
193,1561251600,0,1,1,1,25,-0.020309161780237905,-0.3265838770368618
193,1561266000,0,0,0,0,25,-0.022730121462650372,-0.32685046403004414
193,1561280400,0,0,0,0,25,-0.022730121462650372,-0.32685046403004414
193,1561294800,0,1,1,1,25,-0.020309161780237905,-0.3265838770368618
193,1561309200,0,0,0,0,25,-0.022730121462650372,-0.32685046403004414
193,1561323600,0,0,0,0,25,-0.022730121462650372,-0.32685046403004414
193,1561338000,0,0,0,0,25,-0.022730121462650372,-0.32685046403004414
193,1561352400,19,4,-15,23,25,-0.059044516698837354,-0.32071896318685056
193,1561366800,1112,264,-848,1376,25,-2.075703932148421,0.03997323858883902
193,1561381200,844,404,-440,1248,25,-1.0879523817241352,0.005850103461501057
193,1561395600,785,650,-135,1435,25,-0.3495596785883332,0.05570187118659637
193,1561410000,653,800,147,1453,25,0.33315095185198207,0.06050043706387827
193,1561424400,50,111,61,161,26,0.6938666247284189,-1.3643107496145837
193,1561438800,5,25,20,30,26,0.569469089300794,-1.6040641031033391
193,1561453200,1038,261,-777,1299,26,-1.8486976359630367,0.7184321226770463
193,1561467600,895,414,-481,1309,26,-0.9506081119001836,0.7367339053861115
193,1561482000,823,610,-213,1433,26,-0.13747300227570855,0.9636760109785212
193,1561496400,692,844,152,1536,26,0.9699684716531473,1.1521843728818937
193,1561510800,48,138,90,186,26,0.781855125396739,-1.3185562928419206
193,1561525200,2,2,0,4,26,0.5087873647019525,-1.6516487381469087
193,1561539600,1124,259,-865,1383,26,-2.115697224197939,0.8721670974331946
193,1561554000,943,474,-469,1417,26,-0.9141990771408787,0.9343931586440167
193,1561568400,848,613,-235,1461,26,-0.2042228993344341,1.014921002563904
193,1561582800,705,865,160,1570,26,0.9942411614926838,1.2144104340927155
193,1561597200,36,132,96,168,26,0.8000596427763913,-1.351499501718238
193,1561611600,3,1,-2,4,26,0.5027191922420684,-1.6516487381469087
193,1561626000,1077,248,-829,1325,26,-2.0064701199200243,0.7660167577206161
193,1561640400,926,411,-515,1337,26,-1.0537670437182138,0.7879788969714944
193,1561654800,769,573,-196,1342,26,-0.08589353636669335,0.797129788326027
193,1561669200,682,844,162,1526,26,1.000309333952568,1.1338825901728284
193,1561683600,48,117,69,165,26,0.7181393145679554,-1.3569900365309577
193,1561698000,1,0,-1,1,26,0.5057532784720105,-1.6571392729596284
193,1561712400,998,229,-769,1227,26,-1.8244249461235,0.5866592871717762
193,1561726800,854,429,-425,1283,26,-0.7806992830234275,0.6891492703425418
193,1561741200,889,609,-280,1498,26,-0.34075677968182727,1.0826375985874455
193,1561755600,727,790,63,1517,26,0.699934797188303,1.1174109857346697
193,1561770000,232,494,262,726,26,1.3037179569467752,-0.33026002655239484
193,1561784400,85,126,41,211,26,0.6331849001295774,-1.2728018360692572
193,1561798800,412,107,-305,519,26,-0.4166089354303791,-0.7091069286300463
193,1561813200,716,251,-465,967,26,-0.9020627322211104,0.11081293673607863
193,1561827600,687,451,-236,1138,26,-0.2072569855643762,0.4237734210610951
193,1561842000,419,502,83,921,26,0.7606165217871445,0.026624736274378294
193,1561856400,200,441,241,641,26,1.2400021461179915,-0.4858251795794498
193,1561870800,75,132,57,207,26,0.6817302798086505,-1.2801225491528834
193,1561885200,306,87,-219,393,26,-0.15567751965536097,-0.9397093907642691
193,1561899600,738,211,-527,949,26,-1.0901760784775187,0.07786972785976111
193,1561914000,644,442,-202,1086,26,-0.10409805374634577,0.32860415097395557
193,1561928400,367,541,174,908,26,1.0367183687118728,0.002832418752593418
193,1561942800,148,487,339,635,26,1.5373425966523144,-0.496806249204889
193,1561957200,80,102,22,182,26,0.5755372617606781,-1.3258770059255467
193,1561971600,1032,256,-776,1288,26,-1.8456635497330947,0.6983001616970744
193,1561986000,808,420,-388,1228,26,-0.668438092515571,0.5884894654426827
193,1562000400,791,562,-229,1353,26,-0.18601838195478168,0.8172617493059988
193,1562014800,634,903,269,1537,26,1.3249565605563696,1.1540145511528002
193,1562029200,180,479,299,659,27,1.4940056197406912,0.029414390248182366
193,1562043600,70,89,19,159,27,0.41991308605239347,-0.8727388056661102
193,1562058000,1085,251,-834,1336,27,-2.8522330969337424,1.2509298175161345
193,1562072400,850,421,-429,1271,27,-1.2986349678488829,1.1336499020472766
193,1562086800,662,616,-46,1278,27,0.17057017644618147,1.1462800467900767
193,1562101200,651,883,232,1534,27,1.2369906206081343,1.6081824830981943
193,1562115600,157,503,346,660,27,1.6742997236097985,0.03121869664001095
193,1562130000,85,98,13,183,27,0.39689681747335853,-0.8294354522622241
193,1562144400,1003,251,-752,1254,27,-2.5376774263535977,1.1029766933861906
193,1562158800,833,414,-419,1247,27,-1.260274520217158,1.0903465486433905
193,1562173200,870,642,-228,1512,27,-0.527589970451212,1.5684877424779655
193,1562187600,740,785,45,1525,27,0.5196502498948783,1.591943725571737
193,1562202000,216,506,290,722,27,1.459481216872139,0.14308569293338322
193,1562216400,52,101,49,153,27,0.5349944289475683,-0.8835646440170817
193,1562230800,363,95,-268,458,27,-0.6810317609781117,-0.33325119450936325
193,1562245200,571,239,-332,810,27,-0.9265386258211512,0.30186465541429874
193,1562259600,574,348,-226,922,27,-0.519917880924867,0.5039469712991003
193,1562274000,410,388,-22,798,27,0.2626352507623213,0.28021297871235573
193,1562288400,173,451,278,624,27,1.413448679714069,-0.033736333465818114
193,1562302800,78,106,28,184,27,0.4544374889209459,-0.8276311458703955
193,1562317200,678,197,-481,875,27,-1.4981092955338524,0.41914457088315676
193,1562331600,741,344,-397,1085,27,-1.175881535427363,0.7980489131671596
193,1562346000,759,537,-222,1296,27,-0.5045737018721771,1.178757561842991
193,1562360400,582,589,7,1171,27,0.37388054889432354,0.9532192628644179
193,1562374800,192,336,144,528,27,0.899418681448955,-0.2069497470813623
193,1562389200,3,3,0,6,27,0.3470282355521161,-1.1487976836158837
193,1562403600,1,1,0,2,27,0.3470282355521161,-1.1560149091831982
193,1562418000,1,2,1,3,27,0.3508642803152886,-1.1542106027913694
193,1562432400,1,1,0,2,27,0.3470282355521161,-1.1560149091831982
193,1562446800,0,1,1,1,27,0.3508642803152886,-1.1578192155750267
193,1562461200,1,0,-1,1,27,0.34319219078894364,-1.1578192155750267
193,1562475600,1,0,-1,1,27,0.34319219078894364,-1.1578192155750267
193,1562490000,1,4,3,5,27,0.3585363698416336,-1.1506019900077122
193,1562504400,1,4,3,5,27,0.3585363698416336,-1.1506019900077122
193,1562518800,2,2,0,4,27,0.3470282355521161,-1.152406296399541
193,1562533200,2,0,-2,2,27,0.33935614602577113,-1.1560149091831982
193,1562547600,3,0,-3,3,27,0.3355201012625986,-1.1542106027913694
193,1562562000,7,3,-4,10,27,0.33168405649942617,-1.1415804580485693
193,1562572543,573,83,-490,656,27,-1.532633698402405,0.02400147107269661
193,1562576400,451,233,-218,684,27,-0.4892295228194872,0.07452205004389699
193,1562590800,768,417,-351,1185,27,-0.9994234763214286,0.9784795523500182
193,1562605200,706,568,-138,1274,27,-0.18234594176568777,1.1390628212227623
193,1562619600,666,882,216,1548,27,1.1756139043973743,1.6334427725837946
193,1562634000,161,452,291,613,28,1.2921034238302511,-0.38573573779628706
193,1562648400,65,70,5,135,28,0.43833004096821376,-1.2804822048093731
193,1562662800,1106,287,-819,1393,28,-2.021492572592341,1.0743107983338533
193,1562677200,807,370,-437,1177,28,-0.8811379143640254,0.6699902190978144
193,1562691600,608,420,-188,1028,28,-0.1378177313827414,0.39108389360628765
193,1562706000,611,818,207,1429,28,1.0413448078847576,1.14169756153986
193,1562720400,170,449,279,619,28,1.2562807644094662,-0.374504610595286
193,1562734800,53,60,7,113,28,0.4443004842050112,-1.321663004546377
193,1562749200,1093,236,-857,1329,28,-2.1349309940914925,0.9545121081898419
193,1562763600,842,334,-508,1176,28,-1.0930886492703353,0.6681183645643143
193,1562778000,749,544,-205,1293,28,-0.18856649889551985,0.8871253449838353
193,1562792400,690,869,179,1559,28,0.9577586025695931,1.3850386508948833
193,1562806800,165,518,353,683,28,1.4771871641709724,-0.2547059204512745
193,1562821200,58,41,-17,99,28,0.3726551653634417,-1.3478689680153797
193,1562835600,1133,292,-841,1425,28,-2.0871674481971128,1.1342101434058591
193,1562850000,881,366,-515,1247,28,-1.1139852005991264,0.801020036442827
193,1562864400,753,554,-199,1307,28,-0.17065516918512746,0.9133313084528378
193,1562878800,637,843,206,1480,28,1.0383595862663588,1.237162142748369
193,1562893200,121,427,306,548,28,1.336881748106232,-0.5074062824737988
193,1562907600,45,52,7,97,28,0.4443004842050112,-1.35161267708238
193,1562922000,1046,263,-783,1309,28,-1.9140245943299865,0.9170750175198382
193,1562936400,801,372,-429,1173,28,-0.8572561414168356,0.6625028009638138
193,1562950800,884,626,-258,1510,28,-0.3467832446706526,1.2933177787533745
193,1562965200,754,837,83,1591,28,0.6711773272033148,1.444937995966889
193,1562979600,214,462,248,676,28,1.1637388942391056,-0.26780890218577574
193,1562994000,39,64,25,103,28,0.4980344733361884,-1.340381549881379
193,1563008400,282,66,-216,348,28,-0.2214039366979059,-0.8817771891738347
193,1563022800,391,136,-255,527,28,-0.3378275798154564,-0.5467152276773025
193,1563037200,385,162,-223,547,28,-0.24230048802669701,-0.509278137007299
193,1563051600,261,198,-63,459,28,0.2353349709171,-0.6740013359553148
193,1563066000,119,237,118,356,28,0.7756600838472705,-0.8668023529058333
193,1563080400,34,68,34,102,28,0.5249014679017769,-1.342253404414879
193,1563094800,126,42,-84,168,28,0.17264531693072666,-1.2187110052038672
193,1563109200,237,80,-157,317,28,-0.04527586121238073,-0.9398046797123404
193,1563123600,241,113,-128,354,28,0.04129556572118248,-0.8705460619728337
193,1563138000,178,140,-38,318,28,0.3099655113770683,-0.9379328251788401
193,1563152400,89,102,13,191,28,0.4622118139154036,-1.1756583509333631
193,1563166800,46,50,4,96,28,0.435344819349815,-1.3534845316158801
193,1563181200,1104,251,-853,1355,28,-2.122990107617898,1.0031803260608465
193,1563195600,828,433,-395,1261,28,-0.7557586063912788,0.8272259999118295
193,1563210000,736,638,-98,1374,28,0.13085221427314442,1.03874556219735
193,1563224400,636,880,244,1516,28,1.1517980077655106,1.3045489059543756
193,1563238800,123,403,280,526,29,1.2577692040377946,-0.5126727426191634
193,1563253200,48,45,-3,93,29,0.37488697648253405,-1.3360823069812677
193,1563267600,1120,246,-874,1366,29,-2.3423936602688156,1.0847037794689836
193,1563282000,862,471,-391,1333,29,-0.8355663955720279,1.0219497018155206
193,1563296400,777,556,-221,1333,29,-0.30521311400173023,1.0219497018155206
193,1563310800,708,904,196,1612,29,0.9957122884383534,1.5525069037947978
193,1563325200,169,473,304,642,29,1.3326426084947778,-0.2920826514736574
193,1563339600,52,36,-16,88,29,0.3343305490683348,-1.3455905005651259
193,1563354000,1127,254,-873,1381,29,-2.3392739350831078,1.1132283602205575
193,1563368400,843,452,-391,1295,29,-0.8355663955720279,0.9496874305781996
193,1563382800,754,573,-181,1327,29,-0.18042410657342484,1.0105398695148908
193,1563397200,621,917,296,1538,29,1.3076848070091167,1.4117856387536993
193,1563411600,138,426,288,564,29,1.2827270055234556,-0.4404104713818425
193,1563426000,43,43,0,86,29,0.38424615203965695,-1.3493937779986689
193,1563440400,1038,236,-802,1274,29,-2.117773446897866,0.9097530175259959
193,1563454800,783,449,-334,1232,29,-0.6577420599866929,0.8298841914215886
193,1563469200,768,529,-239,1297,29,-0.36136816734446764,0.9534907080117428
193,1563483600,684,893,209,1577,29,1.0362687158525525,1.4859495487077918
193,1563498000,145,427,282,572,29,1.26400865440921,-0.4251973616476697
193,1563512400,43,57,14,100,29,0.4279223046395639,-1.3227708359638666
193,1563526800,996,232,-764,1228,29,-1.9992238898409758,0.8222776365545021
193,1563541200,796,450,-346,1246,29,-0.6951787622151845,0.8565071334563911
193,1563555600,791,578,-213,1369,29,-0.2802553125160691,1.0904086956192982
193,1563570000,433,402,-31,835,29,0.2875346712827203,0.07493362086326204
193,1563584400,120,334,214,454,29,1.0518673417810906,-0.6495907302267189
193,1563598800,32,71,39,103,29,0.5059154342822547,-1.3170659198135517
193,1563613200,233,95,-138,328,29,-0.04627592358799656,-0.8891972085399409
193,1563627600,335,146,-189,481,29,-0.2053819080590859,-0.5982464848738855
193,1563642000,310,194,-116,504,29,0.022358030497571395,-0.5545087943881387
193,1563656400,209,212,3,421,29,0.39360532759677985,-0.7123448078801818
193,1563670800,107,176,69,283,29,0.5995071898534838,-0.974770950794663
193,1563685200,34,58,24,92,29,0.4591195564966402,-1.3379839456980394
193,1563699600,147,61,-86,208,29,0.11594978606880042,-1.1173938545525333
193,1563714000,244,116,-128,360,29,-0.015078671730920219,-0.8283447696032497
193,1563728400,234,175,-59,409,29,0.20018236608290654,-0.735164472481441
193,1563742800,182,207,25,389,29,0.4622392816823479,-0.7731972468168731
193,1563757200,96,178,82,274,29,0.640063617267683,-0.9918856992456075
193,1563771600,41,53,12,94,29,0.4216828542681486,-1.334180668264496
193,1563786000,1039,265,-774,1304,29,-2.030421141698052,0.9668021790291441
193,1563800400,795,425,-370,1220,29,-0.7700521666721677,0.8070645268203294
193,1563814800,732,544,-188,1276,29,-0.20226218287337827,0.9135562949595392
193,1563829200,542,759,217,1301,29,1.0612265173382136,0.9610972628788292
193,1563843600,130,377,247,507,30,1.1723459514978714,-0.6808585773155295
193,1563858000,75,61,-14,136,30,0.3784214243884832,-1.4034042663253081
193,1563872400,1066,227,-839,1293,30,-2.131110126819353,0.8499255508830852
193,1563886800,803,399,-404,1202,30,-0.8079025816370392,0.6726973630127622
193,1563901200,797,592,-205,1389,30,-0.20257315292145217,1.0368915512737558
193,1563915600,658,823,165,1481,30,0.922913724589941,1.2160673016481482
193,1563930000,162,507,345,669,30,1.4704478812171051,-0.365353451656273
193,1563944400,70,91,21,161,30,0.48488639928820954,-1.354715203723571
193,1563958800,1129,274,-855,1403,30,-2.179779829630656,1.0641574263307285
193,1563973200,875,431,-444,1306,30,-0.9295768386652979,0.8752438634359885
193,1563987600,814,625,-189,1439,30,-0.1539034501101487,1.13426967647723
193,1564002000,677,825,148,1502,30,0.871202165352931,1.2569661142336075
193,1564016400,177,538,361,715,30,1.5191175840284088,-0.2757655764690767
193,1564030800,77,85,8,162,30,0.44534226575402547,-1.3527676412195015
193,1564045200,1092,262,-830,1354,30,-2.1037334189879946,0.9687268636313238
193,1564059600,845,416,-429,1261,30,-0.8839489922797009,0.7876035507528617
193,1564074000,778,562,-216,1340,30,-0.23603357360422333,0.941460988574351
193,1564088400,678,834,156,1512,30,0.8955370167585828,1.2764417392743024
193,1564102800,188,508,320,696,30,1.3944014705744436,-0.3127692640463969
193,1564117200,65,110,45,175,30,0.5578909535051648,-1.3274493286665983
193,1564131600,1043,273,-770,1316,30,-1.9212220334456065,0.8947194884766834
193,1564146000,803,424,-379,1227,30,-0.7318561709943776,0.7213864256144993
193,1564160400,856,636,-220,1492,30,-0.2482009993070492,1.2374904891929126
193,1564174800,746,707,-39,1453,30,0.3023750137458215,1.1615355515342027
193,1564189200,219,418,199,637,30,1.026336843063961,-0.42767545178649646
193,1564203600,41,103,62,144,30,0.6096025127421747,-1.3878237662927522
193,1564218000,302,111,-191,413,30,-0.15998716296156162,-0.863929452698061
193,1564232400,377,150,-227,527,30,-0.26949399428699444,-0.6419073272341398
193,1564246800,449,234,-215,683,30,-0.23299171717851686,-0.3380875765993002
193,1564261200,262,238,-24,500,30,0.3480028601314185,-0.6944915148440158
193,1564275600,121,212,91,333,30,0.6978163490876623,-1.0197344530236196
193,1564290000,46,64,18,110,30,0.47576083001109015,-1.4540408914311147
193,1564304400,174,61,-113,235,30,0.07727763824354286,-1.2105955784224292
193,1564318800,307,125,-182,432,30,-0.13261045513020342,-0.8269257651207408
193,1564333200,359,222,-137,581,30,0.0042730840265876365,-0.5367389520143876
193,1564347600,193,253,60,446,30,0.6035187998907618,-0.7996598900637679
193,1564362000,102,182,80,284,30,0.6643559284048911,-1.1151650157230244
193,1564376400,74,45,-29,119,30,0.33279357800288617,-1.4365128288944893
193,1564390800,1085,239,-846,1324,30,-2.152403121799298,0.9102999885092392
193,1564405200,803,383,-420,1186,30,-0.8565722844483427,0.6415363629476504
193,1564419600,771,567,-204,1338,30,-0.19953129649574572,0.937565863566212
193,1564434000,606,888,282,1494,30,1.2788109263975977,1.2413856142010515
193,1564448400,147,452,305,599,31,1.1852143255924579,-0.9418755576179755
193,1564462800,70,88,18,158,31,0.4541534968398072,-1.890292540001065
193,1564477200,1113,221,-892,1334,31,-1.8638442528637194,0.6388194130205072
193,1564491600,799,443,-356,1242,31,-0.4985181057855982,0.4409637160154181
193,1564506000,779,589,-190,1368,31,-0.07567456023528456,0.7119399966963009
193,1564520400,638,884,246,1522,31,1.0349265594028885,1.043133228639602
193,1564534800,174,505,331,679,31,1.2514428327268443,-0.7698271254396373
193,1564549200,81,97,16,178,31,0.44905899629100826,-1.8472804319564806
193,1564563600,1084,243,-841,1327,31,-1.7339344888693458,0.6237651752049025
193,1564578000,857,413,-444,1270,31,-0.7226761299327524,0.5011806672778365
193,1564592400,729,536,-193,1265,31,-0.083316311058483,0.4904276402666904
193,1564606800,660,863,203,1523,31,0.9253947976037108,1.0452838340418313
193,1564621200,160,521,361,681,31,1.3278603409588285,-0.7655259146351788
193,1564635600,90,79,-11,169,31,0.38028323888222226,-1.8666358805765437
193,1564650000,1078,248,-830,1326,31,-1.7059147358509517,0.6216145698026733
193,1564664400,863,406,-457,1269,31,-0.7557903834999457,0.4990300618756073
193,1564678800,797,521,-276,1318,31,-0.2947380838336398,0.6044097265848395
193,1564693200,659,790,131,1449,31,0.7419927778469483,0.8861390342768684
193,1564707600,180,557,377,737,31,1.3686163453492204,-0.6450920121103421
193,1564722000,69,110,41,179,31,0.5127402531509953,-1.8451298265542513
193,1564736400,970,235,-735,1205,31,-1.463925959783001,0.3613913161329367
193,1564750800,881,380,-501,1261,31,-0.8678693955735228,0.4818252186577735
193,1564765200,833,612,-221,1445,31,-0.15463931874166842,0.8775366126679515
193,1564779600,656,727,71,1383,31,0.5891577613829796,0.7441990777297393
193,1565398800,8636,8849,213,17485,32,1.2188425029943244,4.102285554473429
193,1565413200,59,124,65,183,32,0.6852358591197343,-0.3941348481597615
193,1565427600,430,92,-338,522,32,-0.7677606103495884,-0.30603598580323327
193,1565442000,636,225,-411,861,32,-1.0309584819904336,-0.217937123446705
193,1565456400,657,420,-237,1077,32,-0.4036101304081452,-0.1618033350425454
193,1565470800,429,424,-5,853,32,0.4328543383682391,-0.22001615264685906
193,1565485200,200,401,201,601,32,1.1755770994369252,-0.28550557245171193
193,1565499600,63,117,54,180,32,0.6455759058587851,-0.3949144841098193
193,1565514000,300,76,-224,376,32,-0.3567392765542961,-0.3439782687060448
193,1565528400,618,180,-438,798,32,-1.1283056399945817,-0.2343094783979182
193,1565542800,605,355,-250,960,32,-0.45048098426199434,-0.1922091370947985
193,1565557200,399,438,39,837,32,0.5914941514120361,-0.22417421104716717
193,1565571600,136,358,222,494,32,1.2512915556623738,-0.31331258800377243
193,1565586000,79,90,11,169,32,0.490541543111438,-0.3977731492600311
193,1565600400,987,249,-738,1236,32,-2.2099407289295616,-0.12048262968948348
193,1565614800,812,372,-440,1184,32,-1.1355165405874816,-0.13399631949048485
193,1565629200,795,543,-252,1338,32,-0.4576918848548942,-0.09397500738751922
193,1565643600,581,858,277,1439,32,1.44959132196712,-0.06772726373557424
193,1565658000,187,474,287,661,33,1.3224547407903635,-0.20906406950151663
193,1565672400,83,76,-7,159,33,0.36771355907191366,-1.1976417265135078
193,1565686800,1061,233,-828,1294,33,-2.298417427971785,1.0374890318701773
193,1565701200,805,403,-402,1208,33,-0.9150169401756635,0.8681311065653342
193,1565715600,771,529,-242,1300,33,-0.3954299025057588,1.0493047010774919
193,1565730000,631,879,248,1510,33,1.1958054003583243,1.4628531233335043
193,1565744400,145,494,349,639,33,1.5237947178874516,-0.25238818992833695
193,1565758800,85,97,12,182,33,0.42941451979521483,-1.1523483278854683
193,1565768891,521,75,-446,596,33,-1.0579033755348872,-0.3370671525807585
193,1565773200,523,222,-301,745,33,-0.5870276226465362,-0.043644700599111734
193,1565787600,849,422,-427,1271,33,-0.9962024148115861,0.9921956332421379
193,1565802000,740,544,-196,1284,33,-0.24604862917566125,1.0177962498579862
193,1565816400,615,846,231,1461,33,1.1405992776058969,1.3663584914737679
193,1565830800,149,568,419,717,33,1.7511140468680346,-0.0987844902332467
193,1565845200,83,89,6,172,33,0.40993000588259343,-1.1720411098976593
193,1565859600,1026,214,-812,1240,33,-2.2464587242047944,0.9311480090043456
193,1565874000,864,379,-485,1243,33,-1.1845527159669265,0.9370558436080029
193,1565888400,802,570,-232,1372,33,-0.3629557126513898,1.1910927315652675
193,1565902800,651,845,194,1496,33,1.0204447751447314,1.4352832285164367
193,1565917200,172,520,348,692,33,1.5205472989020146,-0.14801644526372434
193,1565931600,86,92,6,178,33,0.40993000588259343,-1.1602254406903447
193,1565946000,944,220,-724,1164,33,-1.960685853486347,0.7814828657116936
193,1565960400,756,381,-375,1137,33,-0.8273366275688671,0.7283123542787777
193,1565974800,799,543,-256,1342,33,-0.4408937683018755,1.1320143855286944
193,1565989200,620,790,170,1410,33,0.9425067194942457,1.2659253032115936
193,1566003600,189,448,259,637,33,1.23152700919813,-0.2563267463307752
193,1566018000,49,27,-22,76,33,0.3190022742903601,-1.3610918172146935
193,1566032400,181,56,-125,237,33,-0.015481881209641042,-1.0440380268184175
193,1566046800,269,108,-161,377,33,-0.1323889646853696,-0.7683390786477426
193,1566061200,293,135,-158,428,33,-0.12264670772905888,-0.6679058903855682
193,1566075600,234,118,-116,352,33,0.013744889659291095,-0.8175710336782203
193,1566090000,119,73,-46,192,33,0.2410642186398744,-1.1326555458732772
193,1566104400,30,30,0,60,33,0.39044549196997197,-1.3926002684341992
193,1566118800,95,40,-55,135,33,0.21183744777094227,-1.2449044033427663
193,1566133200,171,84,-87,255,33,0.10792004023696132,-1.0085910191964735
193,1566147600,217,140,-77,357,33,0.14039423009133037,-0.8077246426721247
193,1566162000,167,103,-64,270,33,0.1826106769020101,-0.979051846178187
193,1566176400,93,59,-34,152,33,0.28003324646511724,-1.2114266739220414
193,1566190800,49,19,-30,68,33,0.29302292240686484,-1.3768460428244462
193,1566205200,950,221,-729,1171,33,-1.9769229484135313,0.7952678131202273
193,1566219600,734,359,-375,1093,33,-0.8273366275688671,0.6416641134251371
193,1566234000,673,541,-132,1214,33,-0.03821381410769937,0.8799467757726489
193,1566248400,598,843,245,1441,33,1.1860631434020135,1.3269729274493858
193,1566262800,124,390,266,514,34,1.203439052067486,-0.48405293966576535
193,1566277200,71,93,22,164,34,0.43369473765058447,-1.1632795732173833
193,1566291600,990,232,-758,1222,34,-2.026963316632953,0.8899255076329362
193,1566306000,836,425,-411,1261,34,-0.9322859514580973,0.9656107610858308
193,1566320400,770,587,-183,1357,34,-0.21301667405214017,1.1519129234314174
193,1566334800,637,872,235,1509,34,1.1056436678587813,1.446891347145263
193,1566349200,160,455,295,615,34,1.2949250566498227,-0.2880475396980127
193,1566363600,82,85,3,167,34,0.37375563120008803,-1.1574576306440838
193,1566378000,1017,207,-810,1224,34,-2.1910071869185224,0.8938068026818026
193,1566392400,753,373,-380,1126,34,-0.8344905672493926,0.7036233452873495
193,1566406800,701,534,-167,1235,34,-0.1625416370411958,0.9151539254505677
193,1566421200,590,831,241,1421,34,1.1245718067378854,1.2761143649951419
193,1566435600,150,456,306,606,34,1.3296266445948468,-0.30551336741791146
193,1566450000,80,81,1,161,34,0.36744625157371996,-1.1691015157906828
193,1566464400,1027,226,-801,1253,34,-2.162614978599866,0.9500855808903652
193,1566478800,766,393,-373,1159,34,-0.8124077385571045,0.767664713593645
193,1566493200,713,556,-157,1269,34,-0.1309947389093556,0.9811359412812963
193,1566507600,613,835,222,1448,34,1.064632700287389,1.3285118481548381
193,1566522000,145,483,338,628,34,1.4305767186167355,-0.2628191218803812
193,1566536400,75,103,28,178,34,0.4526228765296886,-1.1361105078753186
193,1566550800,932,202,-730,1134,34,-1.9386320018638006,0.719148525482815
193,1566565200,757,325,-432,1082,34,-0.9985344375349618,0.618234854212289
193,1566579600,822,605,-217,1427,34,-0.32027612770039693,1.287758250141741
193,1566594000,595,762,167,1357,34,0.8911247605622677,1.1519129234314174
193,1566608400,141,438,297,579,34,1.3012344362761907,-0.3579108505776077
193,1566622800,35,28,-7,63,34,0.3422087330682478,-1.359284973185136
193,1566637200,146,63,-83,209,34,0.10245230726626209,-1.0759504346178896
193,1566651600,214,104,-110,318,34,0.017275682310293475,-0.8644198544546714
193,1566666000,253,148,-105,401,34,0.03304913137621359,-0.7033461099267163
193,1566680400,216,125,-91,341,34,0.07721478876078991,-0.819784961392708
193,1566694800,110,69,-41,179,34,0.23494927941999103,-1.1341698603508854
193,1566709200,25,32,7,57,34,0.3863743904528241,-1.3709288583317352
193,1566723600,93,43,-50,136,34,0.20655707110133484,-1.2176177039015128
193,1566738000,170,91,-79,261,34,0.11507106651899818,-0.9750367633473634
193,1566752400,232,142,-90,374,34,0.08036947857397393,-0.7557435930864125
193,1566766800,187,105,-82,292,34,0.10560699707944611,-0.9148766900899344
193,1566781200,91,73,-18,164,34,0.3075071451232236,-1.1632795732173833
193,1566795600,49,33,-16,82,34,0.3138165247495916,-1.3224126702209051
193,1566810000,1004,221,-783,1225,34,-2.105830561962554,0.8957474502062358
193,1566824400,797,390,-407,1187,34,-0.9196671922053612,0.8220028442777744
193,1566838800,731,549,-182,1280,34,-0.20986198423895616,1.0024830640500615
193,1566853200,557,842,285,1399,34,1.2633781585179824,1.2334201194576115
193,1566867600,44,137,93,181,35,0.7836468171673987,-1.217150941646074
193,1566882000,7,2,-5,9,35,0.4671740640805646,-1.553443238840721
193,1566896400,1092,224,-868,1316,35,-2.3197237513677806,1.0019871822837183
193,1566910800,810,362,-448,1172,35,-0.963411952424206,0.7204401427719208
193,1566925200,773,573,-200,1346,35,-0.1625421282860951,1.0606428155153427
193,1566939600,612,923,311,1535,35,1.487637227095254,1.4301733048745768
193,1566954000,40,116,76,156,35,0.728748482448254,-1.2660306360057612
193,1566968400,5,0,-5,5,35,0.4671740640805646,-1.561263989938271
193,1566982800,1056,223,-833,1279,35,-2.2066977681224826,0.9296452346313815
193,1566997200,833,366,-467,1199,35,-1.0247689147573678,0.7732302126803828
193,1567011600,750,541,-209,1291,35,-0.1916059525491717,0.9531074879240312
193,1567026000,568,878,310,1446,35,1.4844079132882455,1.256161592954091
193,1567040400,33,121,88,154,35,0.7675002481323562,-1.269941011554536
193,1567054800,6,2,-4,8,35,0.4704033778875731,-1.5553984266151084
193,1567069200,1028,226,-802,1254,35,-2.1065890401052187,0.8807655402716944
193,1567083600,890,383,-507,1273,35,-1.1539414670377082,0.9179141079850566
193,1567098000,834,559,-275,1393,35,-0.40474066381173346,1.1525366409115545
193,1567112400,642,870,228,1512,35,1.2196041811135476,1.385203986063665
193,1567126800,45,131,86,176,35,0.7610416205183391,-1.2269268805180116
193,1567141200,5,4,-1,9,35,0.48009131930859866,-1.553443238840721
193,1567155600,953,198,-755,1151,35,-1.9548112911758189,0.6793811995097837
193,1567170000,852,389,-463,1241,35,-1.0118516595293336,0.8553480992046572
193,1567184400,865,712,-153,1577,35,-0.010764379356695069,1.5122911913988513
193,1567198800,615,708,93,1323,35,0.7836468171673987,1.0156734967044307
193,1567213200,195,428,233,623,35,1.2357507501485903,-0.3529579453668069
193,1567227600,48,85,37,133,35,0.6028052439749221,-1.3109999548166733
193,1567242000,357,98,-259,455,35,-0.35307164289959725,-0.681429491463904
193,1567256400,598,213,-385,811,35,-0.7599651825826697,0.01461735621803976
193,1567270800,692,432,-260,1124,35,-0.3563009567066058,0.6265911296013217
193,1567285200,506,497,-9,1003,35,0.45425680885253056,0.39001340890043634
193,1567299600,201,456,255,657,35,1.3067956539027774,-0.2864815610376325
193,1567314000,57,115,58,172,35,0.6706208339221008,-1.2347476316155614
193,1567328400,290,66,-224,356,35,-0.24004565965429936,-0.8749930811282647
193,1567342800,597,191,-406,788,35,-0.8277807725298485,-0.030351962592872334
193,1567357200,606,366,-240,972,35,-0.29171468056643557,0.3294025878944244
193,1567371600,413,470,57,883,35,0.6673915201150923,0.15539087597393847
193,1567386000,129,385,256,514,35,1.310024967709786,-0.5660734127750425
193,1567400400,65,79,14,144,35,0.5285310264137263,-1.289492889298411
193,1567414800,339,89,-250,428,35,-0.3240078186365207,-0.734219561372366
193,1567429200,553,227,-326,780,35,-0.5694356679691676,-0.04599346478797219
193,1567443600,604,426,-178,1030,35,-0.09149722453190785,0.44280347880889837
193,1567458000,409,460,51,869,35,0.6480156372730412,0.12801824713251372
193,1567472400,119,332,213,451,36,0.8818875102438759,-1.0679378711695307
193,1567486800,78,63,-15,141,36,0.3189280543345795,-1.6649303181502224
193,1567501200,1093,243,-850,1336,36,-1.7427874969121864,0.6363792758559923
193,1567515600,933,407,-526,1340,36,-0.9427924806200281,0.6440824042041302
193,1567530000,777,592,-185,1369,36,-0.10082241717673807,0.6999300847281305
193,1567544400,623,978,355,1601,36,1.2325026099768588,1.146711528920132
193,1567558800,151,470,319,621,36,1.1436142748332858,-0.7405549163736674
193,1567573200,42,62,20,104,36,0.40534726905749785,-1.7361842553704985
193,1567587600,1144,246,-898,1390,36,-1.8613052771036172,0.7403715085558548
193,1567602000,918,407,-511,1325,36,-0.905755674310206,0.6151956728986129
193,1567616400,822,580,-242,1402,36,-0.2415622811540622,0.7634808936002686
193,1567630800,685,1051,366,1736,36,1.2596629346040618,1.406692110669788
193,1567645200,149,486,337,635,36,1.1880584424050722,-0.7135939671551846
193,1567659600,70,89,19,159,36,0.402878148636843,-1.6302662405836015
193,1567674000,1217,246,-971,1463,36,-2.0415510678114184,0.8809536009093725
193,1567688400,912,443,-469,1355,36,-0.802052616642704,0.6729691355096477
193,1567702800,879,674,-205,1553,36,-0.15020482558983425,1.0542739887424766
193,1567717200,638,900,262,1538,36,1.0028744108559615,1.0253872574369591
193,1567731600,157,534,377,691,36,1.2868232592312647,-0.6057501702812532
193,1567746000,81,99,18,180,36,0.40040902821618823,-1.5898248167558773
193,1567760400,1176,257,-919,1433,36,-1.913156805937368,0.8231801382983378
193,1567774800,923,434,-489,1357,36,-0.8514350250558002,0.6768206996837166
193,1567789200,831,676,-155,1507,36,-0.02674880455709379,0.9656880127388899
193,1567803600,704,867,163,1571,36,0.7584314892111355,1.0889380663090973
193,1567818000,184,510,326,694,36,1.1608981177778694,-0.5999728240201497
193,1567832400,62,129,67,191,36,0.5213959288282739,-1.5686412137984977
193,1567846800,450,116,-334,566,36,-0.46872135985430463,-0.8464729311605644
193,1567861200,759,291,-468,1050,36,-0.7995834962220492,0.0856055989641284
193,1567875600,716,467,-249,1183,36,-0.2588461240986459,0.34173461653971543
193,1567890000,549,569,20,1118,36,0.40534726905749785,0.21655878088247366
193,1567904400,197,486,289,683,36,1.0695406622136414,-0.6211564269775292
193,1567918800,62,177,115,239,36,0.6399137090197047,-1.4762036736208424
193,1567933200,371,85,-286,456,36,-0.3502035796628738,-1.0583089607343583
193,1567947600,692,243,-449,935,36,-0.7526702082296077,-0.13585934104483788
193,1567962000,652,471,-181,1123,36,-0.09094593549411883,0.2261876913176461
193,1567976400,365,535,170,900,36,0.7757153321557192,-0.203261714091045
193,1567990800,119,415,296,534,36,1.086824505158225,-0.908097957945668
193,1568005200,69,70,1,139,36,0.3584339810650565,-1.6687818823242913
193,1568019600,1285,268,-1017,1553,36,-2.1551306071615395,1.0542739887424766
193,1568034000,895,408,-487,1303,36,-0.8464967842144905,0.5728284669838541
193,1568048400,930,658,-272,1588,36,-0.3156358937737065,1.1216763617886836
193,1568062800,665,1055,390,1720,36,1.3189218246997771,1.3758795972772362
193,1568077200,136,456,320,592,37,1.0482959530710465,-0.3171167815890178
193,1568091600,83,90,7,173,37,0.2986414571197884,-0.916861125748452
193,1568106000,1302,239,-1063,1541,37,-2.2640751903813174,1.0412540599558584
193,1568120400,918,445,-473,1363,37,-0.8509884408246329,0.7864700664943326
193,1568134800,825,603,-222,1428,37,-0.24982780669119592,0.879509165230283
193,1568149200,707,962,255,1669,37,0.8926169043910728,1.2244695159281915
193,1568163600,146,574,428,720,37,1.3069626801085412,-0.13390132561668466
193,1568178000,70,84,14,154,37,0.3154068931314779,-0.9440571699943453
193,1568192400,1286,246,-1040,1532,37,-2.2089887577714804,1.0283717232078036
193,1568206800,904,454,-450,1358,37,-0.795902008214796,0.7793132127454133
193,1568221200,885,638,-247,1523,37,-0.30970436387580114,1.015489386459749
193,1568235600,706,1011,305,1717,37,1.0123700187602833,1.2931753119178164
193,1568250000,135,560,425,695,37,1.2997774932463886,-0.169685594361281
193,1568264400,90,77,-13,167,37,0.25074021137210417,-0.9254493502471551
193,1568278800,1570,253,-1317,1823,37,-2.872421011376907,1.4449006113949048
193,1568293200,670,415,-255,1085,37,-0.3288648621748748,0.38854899805442156
193,1568307600,873,667,-206,1540,37,-0.21150681009304853,1.0398226892060745
193,1568322000,675,1045,370,1720,37,1.168049067440257,1.297469424167168
193,1568336400,154,562,408,716,37,1.2590614343608568,-0.13962680861582008
193,1568350800,79,97,18,176,37,0.3249871422810148,-0.9125670134991005
193,1568365200,1188,272,-916,1460,37,-1.9120010341358384,0.9253130292233662
193,1568379600,904,439,-465,1343,37,-0.8318279425255591,0.7578426514986555
193,1568394000,851,606,-245,1457,37,-0.3049142393010328,0.9210189169740147
193,1568408400,798,982,184,1780,37,0.7225674819867938,1.3833516691541992
193,1568422800,159,426,267,585,37,0.9213576518396833,-0.3271363768375048
193,1568437200,1,9,8,10,37,0.30103651940717263,-1.15017455796322
193,1568451600,6,4,-2,10,37,0.2770858965333305,-1.15017455796322
193,1568466000,1,4,3,5,37,0.28906120797025153,-1.1573314117121394
193,1568480400,1,7,6,8,37,0.29624639483240417,-1.1530372994627878
193,1568494800,1,2,1,3,37,0.2842710833954831,-1.160194153211707
193,1568509200,0,4,4,4,37,0.29145627025763576,-1.158762782461923
193,1568523600,0,4,4,4,37,0.29145627025763576,-1.158762782461923
193,1568538000,1,3,2,4,37,0.28666614568286736,-1.158762782461923
193,1568552400,0,1,1,1,37,0.2842710833954831,-1.1630568947112747
193,1568566800,5,1,-4,6,37,0.2722957719585621,-1.1559000409623554
193,1568581200,0,0,0,0,37,0.28187602110809895,-1.1644882654610587
193,1568595600,2,2,0,4,37,0.28187602110809895,-1.158762782461923
193,1568610000,23,6,-17,29,37,0.24115996222256733,-1.122978513717327
193,1568624400,1173,272,-901,1445,37,-1.8760750998250753,0.9038424679766085
193,1568638800,824,397,-427,1221,37,-0.7408155756049591,0.5832154200250255
193,1568653200,771,663,-108,1434,37,0.02320929407060414,0.8880973897289861
193,1568667600,633,1031,398,1664,37,1.2351108114870148,1.2173126621792723
193,1568682000,112,425,313,537,38,1.1223244548794626,-0.8025485588594133
193,1568696400,5,2,-3,7,38,0.3503997386969288,-1.7790611940118974
193,1568710800,1268,231,-1037,1499,38,-2.17545518703959,0.9699139977758505
193,1568725200,882,383,-499,1265,38,-0.8612289297414787,0.5387744569726782
193,1568739600,851,614,-237,1465,38,-0.22121539923570696,0.9072697909924836
193,1568754000,655,961,306,1616,38,1.1052248567361787,1.1854837681774366
193,1568768400,113,442,329,555,38,1.1614092506355402,-0.7693839787976308
193,1568782800,4,4,0,8,38,0.3577281379011934,-1.7772187173417986
193,1568797200,1251,242,-1009,1493,38,-2.107056794466454,0.9588591377552563
193,1568811600,878,437,-441,1315,38,-0.7195465451256972,0.6308982904776296
193,1568826000,858,632,-226,1490,38,-0.19434460215340357,0.9533317077449593
193,1568840400,759,980,221,1739,38,0.8975868792820161,1.412108398599617
193,1568854800,136,485,349,621,38,1.2102652453306373,-0.6477805185710951
193,1568869200,5,2,-3,7,38,0.3503997386969288,-1.7790611940118974
193,1568883600,1264,269,-995,1533,38,-2.072857598179886,1.0325582045592174
193,1568898000,899,425,-474,1324,38,-0.8001589363726073,0.6474805805085209
193,1568912400,836,598,-238,1434,38,-0.22365819897046182,0.8501530142194138
193,1568926800,690,983,293,1673,38,1.0734684601843656,1.2905049383730811
193,1568941200,117,465,348,582,38,1.2078224455958826,-0.7196371087049571
193,1568955600,4,7,3,11,38,0.36505653710545793,-1.7716912873315014
193,1568969370,332,243,-89,575,38,0.1403189615080114,-0.7325344453956503
193,1568970000,1194,227,-967,1421,38,-2.00445920560675,0.8262008175081265
193,1568984400,892,390,-502,1282,38,-0.8685573289457432,0.5700965603643617
193,1568998800,854,616,-238,1470,38,-0.22365819897046182,0.9164821743429787
193,1569013200,716,936,220,1652,38,0.8951440795472613,1.2518129283010015
193,1569027600,208,589,381,797,38,1.2884348368427927,-0.3235046246336663
193,1569042000,50,130,80,180,38,0.5531521166815817,-1.4603127300847658
193,1569056400,451,100,-351,551,38,-0.49969456899776027,-0.7767538854780269
193,1569070800,745,245,-500,990,38,-0.8636717294762335,0.032093372695445876
193,1569085200,697,513,-184,1210,38,-0.0917470132936997,0.43743824011723176
193,1569099600,488,511,23,999,38,0.41391253180055504,0.04867566272633712
193,1569114000,195,495,300,690,38,1.0905680583276496,-0.5206496283342622
193,1569128400,90,152,62,242,38,0.5091817214559943,-1.3460791765386262
193,1569142800,306,91,-215,397,38,-0.16747380507110018,-1.0604952926732771
193,1569157200,623,202,-421,825,38,-0.6706905504306001,-0.27191527787089353
193,1569171600,607,425,-182,1032,38,-0.08686141382419,0.109477392839605
193,1569186000,390,574,184,964,38,0.8072032890960865,-0.015811020727128824
193,1569200400,101,407,306,508,38,1.1052248567361787,-0.8559803822922851
193,1569214800,80,50,-30,130,38,0.28444414585854777,-1.5524365635897173
193,1569229200,1169,257,-912,1426,38,-1.8701052201952333,0.8354132008586216
193,1569243600,838,373,-465,1211,38,-0.7781737387598137,0.4392807167873308
193,1569258000,793,641,-152,1434,38,-0.013577421781544387,0.8501530142194138
193,1569272400,653,1008,355,1661,38,1.2249220437391666,1.268395218331893
193,1569286800,145,526,381,671,39,1.238186318489356,-0.7012264603991728
193,1569301200,67,79,12,146,39,0.33259823146962786,-1.7482229021517297
193,1569315600,1246,270,-976,1516,39,-2.092120006946338,0.983939241088276
193,1569330000,895,425,-470,1320,39,-0.8503108686482826,0.5930605695006548
193,1569344400,842,622,-220,1464,39,-0.23676880427177305,0.8802367363813561
193,1569358800,701,1085,384,1786,39,1.245548823261874,1.5223945539895911
193,1569373200,162,567,405,729,39,1.297086356669501,-0.5855582820722236
193,1569387600,77,72,-5,149,39,0.2908773710920252,-1.7422400653417152
193,1569402000,1222,284,-938,1506,39,-1.9988616131611088,0.9639964517215607
193,1569416400,954,418,-536,1372,39,-1.0122859736436813,0.6967630742075747
193,1569430800,922,667,-255,1589,39,-0.3226646932844844,1.1295216034652982
193,1569445200,663,1027,364,1690,39,1.1964654581117535,1.3309437760691234
193,1569459600,100,474,374,574,39,1.2210071406868137,-0.8946715172563119
193,1569474000,240,652,412,892,39,1.3142655344720433,-0.2604908153947631
193,1569488400,1196,288,-908,1484,39,-1.9252365654359276,0.9201223151147868
193,1569502800,873,431,-442,1304,39,-0.7815941574381136,0.5611521065139101
193,1569517200,879,655,-224,1534,39,-0.24658547730179722,1.0198362619483636
193,1569531600,689,845,156,1534,39,0.6859984605504974,1.0198362619483636
193,1569546000,171,539,368,710,39,1.2062821311417775,-0.6234495818689828
193,1569560400,61,94,33,155,39,0.3841357648772547,-1.7302743917216858
193,1569574800,1238,257,-981,1495,39,-2.1043908482338685,0.9420593834181737
193,1569589200,941,403,-538,1344,39,-1.0171943101586933,0.6409232639807716
193,1569603600,859,673,-186,1532,39,-0.15332708351656776,1.0158477040750207
193,1569618000,737,887,150,1624,39,0.6712734510054612,1.199321366248802
193,1569632400,184,598,414,782,39,1.3191738709870553,-0.4798614984286322
193,1569646800,66,155,89,221,39,0.5215691872975928,-1.5986519819013645
193,1569661200,402,133,-269,535,39,-0.35702304888956893,-0.9724483957865018
193,1569675600,698,286,-412,984,39,-0.7079691097129325,-0.07701715322098168
193,1569690000,668,489,-179,1157,39,-0.1361479057140255,0.2679931028231942
193,1569704400,505,528,23,1033,39,0.3595940823021943,0.020702514675923628
193,1569718800,202,441,239,643,39,0.8896944259234986,-0.7570662706259759
193,1569733200,61,158,97,219,39,0.5412025333576411,-1.6026405397747074
193,1569747600,320,73,-247,393,39,-0.3030313472244361,-1.2556360047938602
193,1569762000,640,193,-447,833,39,-0.7938649987256438,-0.3781532726583838
193,1569776400,615,430,-185,1045,39,-0.1508729152590617,0.04463386191598207
193,1569790800,385,531,146,916,39,0.661456777975437,-0.2126281209146462
193,1569805200,128,404,276,532,39,0.9804986514512221,-0.9784312325965164
193,1569819600,80,62,-18,142,39,0.2589731837444467,-1.7562000178984158
193,1569834000,952,227,-725,1179,39,-1.4761237743123226,0.311867239429968
193,1569848400,825,400,-425,1225,39,-0.739873297060511,0.40360407051685876
193,1569862800,774,589,-185,1363,39,-0.1508729152590617,0.6788145637775308
193,1569877200,684,944,260,1628,39,0.9412319593311255,1.2072984819954882
193,1569891600,155,516,361,671,40,1.2194901019104205,-0.6828176690296794
193,1569906000,61,63,2,124,40,0.34268538317477026,-1.7464188032277848
193,1569920400,1063,241,-822,1304,40,-1.6698134698563598,0.5480041188083475
193,1569934800,900,444,-456,1344,40,-0.7759122802818531,0.6257811670129622
193,1569949200,794,644,-150,1438,40,-0.02855226932611784,0.8085572302938066
193,1569963600,692,904,212,1596,40,0.8555795083404709,1.1157765707020344
193,1569978000,149,554,405,703,40,1.3269536328975198,-0.6205960304659877
193,1569992400,70,89,19,159,40,0.3842053837834222,-1.678363886048747
193,1570006800,1302,262,-1040,1564,40,-2.202246418837897,1.0535549321383428
193,1570021200,933,409,-524,1342,40,-0.941992282716461,0.6218923146027314
193,1570035600,837,594,-243,1431,40,-0.25569109618521385,0.7949462468579991
193,1570050000,641,895,254,1536,40,0.9581583333736111,0.9991109983951125
193,1570064400,154,556,402,710,40,1.3196265739665813,-0.6069850470301802
193,1570078800,70,98,28,168,40,0.406186560576238,-1.6608640502027088
193,1570093200,1185,240,-945,1425,40,-1.9702228860248416,0.7832796896273069
193,1570107600,930,459,-471,1389,40,-0.8125475749365461,0.7132803462431536
193,1570122000,885,635,-250,1520,40,-0.27278756702407053,0.9680001791132666
193,1570136400,690,964,274,1654,40,1.0070053929132017,1.2285532905987258
193,1570150800,160,601,441,761,40,1.4148783400687828,-0.5078193105692964
193,1570165200,79,103,24,182,40,0.3964171486683199,-1.6336420833310936
193,1570179600,1159,258,-901,1417,40,-1.8627593550377426,0.7677242799863839
193,1570194000,914,452,-462,1366,40,-0.7905663981437303,0.6685585435255003
193,1570208400,859,721,-138,1580,40,0.0007559663976364873,1.0846657514201887
193,1570222800,815,919,104,1734,40,0.591805386826682,1.384107387007955
193,1570237200,208,621,413,829,40,1.346492456713356,-0.37559832862145154
193,1570251600,54,143,89,197,40,0.5551700921719891,-1.604475690254363
193,1570266000,500,117,-383,617,40,-0.5976205129623476,-0.7878166841059092
193,1570280400,788,276,-512,1064,40,-0.9126840469927067,0.08134182958065957
193,1570294800,755,534,-221,1289,40,-0.20195933069166427,0.518837725731617
193,1570309200,475,530,55,1005,40,0.4721300909546852,-0.03337931652114705
193,1570323600,232,468,236,700,40,0.9141959797879796,-0.6264293090813338
193,1570338000,53,149,96,202,40,0.5722665630108458,-1.5947535592287863
193,1570352400,314,63,-251,377,40,-0.27522992000105007,-1.2544789733335973
193,1570366800,733,189,-544,922,40,-0.9908393422560515,-0.19476669154572246
193,1570381200,620,424,-196,1044,40,-0.1409005062671761,0.04245330547835224
193,1570395600,384,573,189,957,40,0.7994053898699418,-0.12671177436668463
193,1570410000,123,376,253,499,40,0.9557159803966315,-1.0172589763095226
193,1570424400,76,73,-3,149,40,0.33047361828987265,-1.6978081480999008
193,1570438800,1210,280,-930,1490,40,-1.9335875913701488,0.9096673929598057
193,1570453200,834,414,-420,1248,40,-0.6879875731105901,0.439116251321887
193,1570467600,865,653,-212,1518,40,-0.17997815389884853,0.9641113267030359
193,1570482000,649,1057,408,1706,40,1.3342806918284584,1.329663453264725
193,1570496400,126,507,381,633,41,1.2917102286745492,-0.7138764349246441
193,1570510800,71,85,14,156,41,0.3554981881991882,-1.681063862887065
193,1570525200,1256,245,-1011,1501,41,-2.259262960267419,1.046120813443032
193,1570539600,924,456,-468,1380,41,-0.8740772982016944,0.8007755749032983
193,1570554000,847,642,-205,1489,41,-0.20316785230245762,1.021789054249009
193,1570568400,752,893,141,1645,41,0.6794734719604167,1.33810192377131
193,1570582800,176,566,390,742,41,1.3146691070513292,-0.4928629555789336
193,1570597200,73,100,27,173,41,0.3886610125212037,-1.6465938706955323
193,1570611600,1044,229,-815,1273,41,-1.7592696089508775,0.5838173887565917
193,1570626000,856,426,-430,1282,41,-0.7771398117219568,0.6020662081521091
193,1570640400,815,619,-196,1434,41,-0.18020897392567767,0.9102684912764026
193,1570654800,665,938,273,1603,41,1.0162036881531895,1.252940766592229
193,1570669200,136,538,402,674,41,1.3452809448870358,-0.630742924345065
193,1570683600,83,85,2,168,41,0.3248863503634816,-1.656732103693042
193,1570698000,1187,258,-929,1445,41,-2.0500820683900907,0.9325726038709239
193,1570712400,900,447,-453,1347,41,-0.8358125009070612,0.7338632371197347
193,1570726800,854,627,-227,1481,41,-0.2592895550012531,1.0055678814529934
193,1570741200,693,993,300,1686,41,1.0850803232835295,1.4212354343508893
193,1570755600,164,588,424,752,41,1.4014026475858312,-0.4725864895839143
193,1570770000,81,107,26,188,41,0.38611002603489486,-1.6161791717030034
193,1570784400,1178,255,-923,1433,41,-2.034776149472237,0.9082408446769007
193,1570798800,962,405,-557,1367,41,-1.1011150954831852,0.7744161691097733
193,1570813200,873,706,-167,1579,41,-0.10623036582272,1.2042772482041826
193,1570827600,729,901,172,1630,41,0.7585540530359922,1.3076872247787812
193,1570842000,212,549,337,761,41,1.1794668232769583,-0.45433767018839694
193,1570856400,63,154,91,217,41,0.5519241476449724,-1.5573774203174473
193,1570870800,444,106,-338,550,41,-0.5424490549815394,-0.8821711026833043
193,1570885200,722,269,-453,991,41,-0.8358125009070612,0.012021047697047196
193,1570899600,712,458,-254,1170,41,-0.32816619013159304,0.37496978900789285
193,1570914000,507,559,52,1066,41,0.45243567467892587,0.16409454265969203
193,1570928400,213,485,272,698,41,1.0136527016668808,-0.5820794059570186
193,1570942800,50,145,95,195,41,0.562128093590208,-1.6019856455064898
193,1570957200,299,82,-217,381,41,-0.23377969013816427,-1.2248433779991308
193,1570971600,639,233,-406,872,41,-0.7159161360505435,-0.2292688976436826
193,1570986000,599,437,-162,1036,41,-0.09347543339117557,0.10326514467463409
193,1571000400,359,508,149,867,41,0.6998813638508878,-0.23940713064119226
193,1571014800,120,388,268,508,41,1.0034487557216452,-0.9673322598623855
193,1571029200,77,75,-2,152,41,0.3146824044182461,-1.6891744492850729
193,1571043600,817,218,-599,1035,41,-1.2082565279081583,0.10123749807513216
193,1571058000,847,359,-488,1206,41,-0.9250970279278721,0.4479650665899624
193,1571072400,823,590,-233,1413,41,-0.27459547391910644,0.8676879126868621
193,1571086800,371,823,452,1194,41,1.47283026920248,0.4236333073959392
193,1571101200,816,499,-317,1315,42,-0.4086303675067892,0.5355428901653364
193,1571115600,70,71,1,141,42,0.37125919928667706,-1.7365745447230132
193,1571130000,1195,275,-920,1470,42,-1.8874775649170412,0.8355243232212939
193,1571144400,927,405,-522,1332,42,-0.911389364967986,0.56844407959728
193,1571158800,917,620,-297,1537,42,-0.359580709217892,0.9651937168648369
193,1571173200,726,997,271,1723,42,1.03342958618679,1.325171436531986
193,1571187600,157,641,484,798,42,1.5558084469635458,-0.46504034138259953
193,1571202000,66,87,21,153,42,0.4203088575755743,-1.7133501757122294
193,1571216400,1181,238,-943,1419,42,-1.943884671949273,0.7368207549254627
193,1571230800,918,446,-472,1364,42,-0.7887652192457428,0.6303757302927036
193,1571245200,830,618,-212,1448,42,-0.1511196614900787,0.7929463133681903
193,1571259600,562,993,431,1555,42,1.425826852497968,1.0000302703810127
193,1571274000,117,484,367,601,42,1.2688679459734968,-0.8463070659763005
193,1571288400,64,87,23,151,42,0.425213823404464,-1.7172209038806934
193,1571302800,1230,278,-952,1508,42,-1.965957018179277,0.9090681584221093
193,1571317200,967,437,-530,1404,42,-0.9310092282835449,0.707790293661983
193,1571331600,891,626,-265,1517,42,-0.2811012559556564,0.9264864351801972
193,1571346000,696,970,274,1666,42,1.0407870349301245,1.214855683730763
193,1571360400,160,592,432,752,42,1.4282793354124128,-0.5540670892572708
193,1571374800,69,99,30,168,42,0.44238120380557805,-1.6843197144487496
193,1571389200,1183,252,-931,1435,42,-1.9144548769759349,0.7677865802731745
193,1571403600,882,419,-463,1301,42,-0.7666928730157391,0.5084477929860886
193,1571418000,861,670,-191,1531,42,-0.09961752028673657,0.953581532359445
193,1571432400,752,867,115,1619,42,0.6508422515333915,1.1238935717718597
193,1571446800,210,508,298,718,42,1.0996466248768013,-0.6198694681211583
193,1571461200,64,161,97,225,42,0.6066975590733839,-1.5740039616475265
193,1571475600,461,128,-333,589,42,-0.447870094137907,-0.8695314349870843
193,1571490000,841,283,-558,1124,42,-0.999678749888001,0.16588835007702735
193,1571504400,731,506,-225,1237,42,-0.18300193937786188,0.3845844915952416
193,1571518800,515,601,86,1116,42,0.5797202470144903,0.15040543740317147
193,1571533200,220,512,292,732,42,1.084931727390132,-0.5927743709419105
193,1571547600,55,163,108,218,42,0.6336748711322774,-1.5875515102371505
193,1571562000,327,80,-247,407,42,-0.23695656349564886,-1.2217676983173054
193,1571576400,661,235,-426,896,42,-0.6759510051812792,-0.2753746611278651
193,1571590800,593,457,-136,1050,42,0.03526904000773088,0.022671407843860514
193,1571605200,327,538,211,865,42,0.8862806113200983,-0.33537094773905657
193,1571619600,120,395,275,515,42,1.0432395178445695,-1.012748377220251
193,1571634000,64,62,-2,126,42,0.36390175054334245,-1.765605005986493
193,1571648400,1177,267,-910,1444,42,-1.8629527357725926,0.7852048570312623
193,1571662800,847,392,-455,1239,42,-0.7470730097001802,0.38845521976370556
193,1571677200,789,675,-114,1464,42,0.08922366412551785,0.8239121387159021
193,1571691600,723,1012,289,1735,42,1.0775742786467974,1.3483958055427698
193,1571706000,161,504,343,665,43,1.1305526404798756,-0.6783760449706415
193,1571720400,71,70,-1,141,43,0.3135145977801336,-1.666312783834715
193,1571734800,1245,269,-976,1514,43,-2.0022182267322166,0.9223077170438592
193,1571749200,919,436,-483,1355,43,-0.8312887062352027,0.6225330195641117
193,1571763600,850,604,-246,1454,43,-0.2683874965845083,0.809185189693011
193,1571778000,644,1091,447,1735,43,1.377564141761193,1.3389756927861496
193,1571792400,129,502,373,631,43,1.2018059581571787,-0.7424788104694555
193,1571806800,74,73,-1,147,43,0.3135145977801336,-1.6550005310996303
193,1571821200,1272,234,-1038,1506,43,-2.1494750832653096,0.9072247133970793
193,1571835600,947,431,-516,1378,43,-0.909667355680236,0.6658966550486034
193,1571850000,889,651,-238,1540,43,-0.2493866118705608,0.9713274788958933
193,1571864400,755,1021,266,1776,43,0.947669125108131,1.4162760864758959
193,1571878800,159,613,454,772,43,1.394189915885897,-0.47664087119496246
193,1571893200,71,73,2,144,43,0.32063992954786386,-1.6606566574671726
193,1571907600,1263,270,-993,1533,43,-2.042595106749355,0.958129850704961
193,1571922000,924,442,-482,1366,43,-0.8289135956459592,0.6432721495784338
193,1571936400,882,616,-266,1498,43,-0.315889708369377,0.8921417097502996
193,1571950800,682,929,247,1611,43,0.9025420239125057,1.1051891362610635
193,1571965200,158,602,444,760,43,1.3704388099934626,-0.4992653766651321
193,1571979600,66,89,23,155,43,0.37051725192197604,-1.6399175274528506
193,1571994000,1205,246,-959,1451,43,-1.9618413467150781,0.8035290633254686
193,1572008400,800,449,-351,1249,43,-0.5177741084550691,0.42268322124428
193,1572022800,848,676,-172,1524,43,-0.09262931298049401,0.9411614716023338
193,1572037200,702,931,229,1633,43,0.8597900333061239,1.1466673962897078
193,1572051600,223,580,357,803,43,1.1638041887292836,-0.41819423206369094
193,1572066000,53,158,105,211,43,0.5652763202399378,-1.5343365019253923
193,1572080400,460,114,-346,574,43,-0.5058985555088519,-0.8499452114527613
193,1572094800,729,258,-471,987,43,-0.8027873791642814,-0.07128514818775675
193,1572109200,705,521,-184,1226,43,-0.12113064005141524,0.3793195857597882
193,1572123600,564,569,5,1133,43,0.3277652613155942,0.20397966836597364
193,1572138000,231,523,292,754,43,1.0094220004284604,-0.5105776294002169
193,1572152400,69,31,-38,100,43,0.22563550597812643,-1.7436131775244612
193,1572166800,295,235,-60,530,43,0.17338307301477082,-0.9329017315100498
193,1572181200,558,213,-345,771,43,-0.5035234449196084,-0.47852624665080995
193,1572195600,487,390,-97,877,43,0.0855039812127637,-0.27867644833097827
193,1572210000,367,481,114,848,43,0.5866523155431287,-0.33335233655055485
193,1572224400,119,388,269,507,43,0.9547944568758613,-0.9762653669945416
193,1572238800,78,72,-6,150,43,0.3016390448339164,-1.6493444047320878
193,1572253200,1215,251,-964,1466,43,-1.9737168996612955,0.8318096951631806
193,1572267600,897,417,-480,1314,43,-0.8241633744674723,0.5452326258743654
193,1572282000,894,703,-191,1597,43,-0.13775641417611928,1.078793879879199
193,1572296400,654,1002,348,1656,43,1.1424281934260927,1.1900310317741996
193,1572310800,151,513,362,664,44,1.2491738373008938,-0.7461929875429864
193,1572325200,66,92,26,158,44,0.42772270999473294,-1.7249668038165047
193,1572339600,1278,266,-1012,1544,44,-2.1099745225760858,0.9560223451066108
193,1572354000,902,446,-456,1348,44,-0.7506684904861289,0.5768925664710187
193,1572368400,883,629,-254,1512,44,-0.2568198960937345,0.8941236057375345
193,1572382800,684,967,283,1651,44,1.0560350305830764,1.1629962548719595
193,1572397200,143,614,471,757,44,1.5156564946710473,-0.5662997762516085
193,1572411600,67,89,22,156,44,0.4179435299077548,-1.728835475027072
193,1572426000,1221,258,-963,1479,44,-1.990179566510604,0.8302905307631746
193,1572440400,921,458,-463,1379,44,-0.7677820556383406,0.6368569702348112
193,1572454800,912,612,-300,1524,44,-0.36928046709398277,0.9173356330009381
193,1572469200,678,1013,335,1691,44,1.1831643717137916,1.2403696790833048
193,1572483600,187,597,410,784,44,1.3665239983446311,-0.5140727149089505
193,1572498000,81,73,-8,154,44,0.344599679255419,-1.7327041462376394
193,1572512400,1153,257,-896,1410,44,-1.8263783000537206,0.6968213739986039
193,1572526800,902,404,-498,1306,44,-0.853349881399399,0.4956504710491061
193,1572541200,837,602,-235,1439,44,-0.21036879068058853,0.7529171065518293
193,1572555600,754,968,214,1722,44,0.8873441740827039,1.3003340828470975
193,1572570000,235,586,351,821,44,1.222281092061704,-0.442502297513456
193,1572584400,87,148,61,235,44,0.5132905357557913,-1.576022962209665
193,1572598800,1160,256,-904,1416,44,-1.8459366602276768,0.7084273876303058
193,1572613200,896,421,-475,1317,44,-0.797119595899275,0.5169281627072261
193,1572627600,920,678,-242,1598,44,-0.22748235583280021,1.060476467791927
193,1572642000,764,931,167,1695,44,0.7724388080607112,1.2481070215044394
193,1572656400,257,590,333,847,44,1.1782747816703025,-0.3922095717760815
193,1572670800,75,157,82,232,44,0.5646312312124264,-1.5818259690255159
193,1572685200,477,111,-366,588,44,-0.5306369385291215,-0.8932024935445425
193,1572699600,799,282,-517,1081,44,-0.8998009868125451,0.060424959860288625
193,1572714000,786,531,-255,1317,44,-0.25926469111547906,0.5169281627072261
193,1572728400,570,626,56,1196,44,0.5010665606470687,0.28287355446790646
193,1572742800,252,459,207,711,44,0.8702306089304922,-0.6552792140946556
193,1572753600,48,152,104,200,44,0.618416721690806,-1.643724708394592
193,1572768000,253,68,-185,321,44,-0.0881290395933622,-1.4096701001552725
193,1572782400,750,218,-532,968,44,-0.936472912138713,-0.15815496353676192
193,1572796800,769,486,-283,1255,44,-0.3277189517243258,0.3969993551796408
193,1572811200,475,644,169,1119,44,0.7773283981042002,0.1339297128610667
193,1572825600,188,462,274,650,44,1.0340318753873756,-0.7732736860169572
193,1572840000,45,145,100,190,44,0.6086375416038279,-1.6630680644474285
193,1572854400,843,128,-715,971,44,-1.3838704011179612,-0.152351956720911
193,1572868800,1176,430,-746,1606,44,-1.4596590467920416,1.075951152634196
193,1572883200,748,549,-199,1297,44,-0.12235616989778557,0.4782414506015534
193,1572897600,780,1001,221,1781,44,0.9044577392349156,1.4144598835588318
193,1572912000,234,680,446,914,45,1.3496863885371186,-0.34669335273802093
193,1572926400,50,181,131,231,45,0.5976183718439425,-1.7696788322977388
193,1572940800,739,154,-585,893,45,-1.1118441676872133,-0.39044546850779266
193,1572955200,1106,449,-657,1555,45,-1.2837454286456533,0.9887878952821534
193,1572969600,845,485,-360,1330,45,-0.5746527271920875,0.5200152263203137
193,1572984000,798,941,143,1739,45,0.6262685820036825,1.3721397667887245
193,1572998400,240,716,476,956,45,1.4213119139364687,-0.25918912119847753
193,1573012800,53,200,147,253,45,0.6358186520569292,-1.7238432824436922
193,1573027200,858,147,-711,1005,45,-1.4126713743644834,-0.15710085106901023
193,1573041600,1206,451,-755,1657,45,-1.517722144950197,1.2012981718781874
193,1573056000,847,586,-261,1433,45,-0.3382884933742321,0.7346089370006226
193,1573070400,865,916,51,1781,45,0.4066169707790089,1.4596439983282679
193,1573084800,353,1025,672,1378,45,1.889265346545556,0.6200200623655062
193,1573099200,114,395,281,509,45,0.955745998840693,-1.1904841568693323
193,1573113600,865,176,-689,1041,45,-1.3601459890716268,-0.08209722403511588
193,1573128000,1226,441,-785,1667,45,-1.589347670349547,1.222132512720936
193,1573142400,850,605,-245,1455,45,-0.3000882131612454,0.7804444868546692
193,1573156800,812,969,157,1781,45,0.6596938271900459,1.4596439983282679
193,1573171200,370,1036,666,1406,45,1.8749402414656862,0.6783562167252019
193,1573185600,129,428,299,557,45,0.9987213140803031,-1.09047932082414
193,1573200000,796,156,-640,952,45,-1.2431576309193548,-0.2675228575355769
193,1573214400,1118,448,-670,1566,45,-1.314783156318705,1.0117056702091767
193,1573228800,804,549,-255,1353,45,-0.3239633882943621,0.5679342102586351
193,1573243200,876,914,38,1790,45,0.3755792431059572,1.4783949050867415
193,1573257600,305,774,469,1079,45,1.404599291343287,-0.0029267288326718485
193,1573272000,72,270,198,342,45,0.7575820452358244,-1.538417648943231
193,1573286400,336,97,-239,433,45,-0.28576310808137534,-1.3488251472742203
193,1573300800,810,234,-576,1044,45,-1.0903565100674082,-0.07584692178229135
193,1573315200,809,448,-361,1257,45,-0.5770402447053992,0.3679245381682502
193,1573329600,603,589,-14,1192,45,0.2514283324137504,0.2325013226903854
193,1573344000,291,579,288,870,45,0.9724586214338746,-0.43836445244611405
193,1573358400,78,302,224,380,45,0.8196575005819278,-1.4592471537407872
193,1573372800,235,74,-161,309,45,-0.09953674204306509,-1.607170973724301
193,1573387200,678,188,-490,866,45,-0.8850300039226046,-0.4466981887832134
193,1573401600,774,400,-374,1174,45,-0.6080779723784508,0.19499950917343822
193,1573416000,444,572,128,1016,45,0.5904558193040075,-0.13418307614198696
193,1573430400,169,469,300,638,45,1.0011088315936147,-0.9217211599978776
193,1573444800,66,149,83,215,45,0.48301753120498236,-1.8030137776461361
193,1573459200,644,127,-517,771,45,-0.9494929767820196,-0.6446244267893235
193,1573473600,1093,383,-710,1476,45,-1.4102838568511717,0.8241966026244408
193,1573488000,807,567,-240,1374,45,-0.288150625594687,0.6116863260284068
193,1573502400,826,913,87,1739,45,0.492567601258229,1.3721397667887245
193,1573516800,320,869,549,1189,46,1.6302211206971717,0.2417486808073327
193,1573531200,105,347,242,452,46,0.8850135080382808,-1.3692499555134807
193,1573545600,802,167,-635,969,46,-1.2438043300784853,-0.23914643451231307
193,1573560000,1158,442,-716,1600,46,-1.4404226252751307,1.1401481916999436
193,1573574400,756,538,-218,1294,46,-0.231584217769829,0.47126680402807275
193,1573588800,859,873,14,1732,46,0.3315694178551308,1.428685260891731
193,1573603200,324,892,568,1216,46,1.6763414615457675,0.30076762677838015
193,1573617600,106,332,226,438,46,0.8461753262710423,-1.3998523719429126
193,1573632000,801,190,-611,991,46,-1.1855470574276274,-0.1910569229803485
193,1573646400,1170,454,-716,1624,46,-1.4404226252751307,1.1926094770075413
193,1573660800,844,523,-321,1367,46,-0.48160501289642754,0.6308365468386825
193,1573675200,808,923,115,1731,46,0.5767354402608245,1.4264993740039145
193,1573689600,357,691,334,1048,46,1.108333053199903,-0.0664613703748039
193,1573704000,99,423,324,522,46,1.0840591895953788,-1.2162378733663206
193,1573718400,841,159,-682,1000,46,-1.3578914890197487,-0.17138394098999934
193,1573732800,1174,450,-724,1624,46,-1.45984171615875,1.1926094770075413
193,1573747200,808,507,-301,1315,46,-0.4330572856873793,0.5171704286722207
193,1573761600,814,912,98,1726,46,0.5354698721331335,1.4155699395648318
193,1573776000,381,937,556,1318,46,1.6472128252203386,0.5237280893356705
193,1573790400,115,391,276,506,46,0.9675446442936629,-1.2512120635713857
193,1573804800,807,182,-625,989,46,-1.2195304664739612,-0.19542869675598162
193,1573819200,1156,444,-712,1600,46,-1.430713079833321,1.1401481916999436
193,1573833600,850,631,-219,1481,46,-0.2340116041302814,0.8800276520497716
193,1573848000,858,824,-34,1682,46,0.215054872553415,1.3193909165009026
193,1573862400,324,718,394,1042,46,1.2539762348270476,-0.07957669170170334
193,1573876800,89,300,211,389,46,0.809764530864256,-1.5069608294459247
193,1573891200,301,86,-215,387,46,-0.22430205868847175,-1.5113326032215577
193,1573905600,749,208,-541,957,46,-1.0156300121959585,-0.2653770771661119
193,1573920000,721,336,-385,1057,46,-0.6369577399653821,-0.04678838838445476
193,1573934400,596,517,-79,1113,46,0.1058224863330564,0.07562127733327326
193,1573948800,258,618,360,876,46,1.1714450985716656,-0.4424339150792542
193,1573963200,65,282,217,347,46,0.8243288490269706,-1.5987680787342207
193,1573977600,243,68,-175,311,46,-0.12720660427037525,-1.6774600066956171
193,1573992000,647,155,-492,802,46,-0.8966880805337902,-0.6041895447776805
193,1574006400,707,405,-302,1112,46,-0.4354846720478317,0.07343539044545669
193,1574020800,461,561,100,1022,46,0.5403246448540383,-0.12329442945803477
193,1574035200,178,449,271,627,46,0.9554077124914009,-0.9867197501455806
193,1574049600,61,121,60,182,46,0.4432291904359418,-1.959439415223955
193,1574064000,791,146,-645,937,46,-1.2680781936830094,-0.30909481492244334
193,1574078400,1194,448,-746,1642,46,-1.5132442160887032,1.2319554409882396
193,1574092800,766,528,-238,1294,46,-0.2801319449788773,0.47126680402807275
193,1574107200,757,1025,268,1782,46,0.9481255534100436,1.5379796052825596
193,1574121600,335,937,602,1272,47,1.6245554522539072,0.3073027727790394
193,1574136000,102,300,198,402,47,0.7076324268125241,-1.4907506006951163
193,1574150400,896,170,-726,1066,47,-1.3894885521672724,-0.11844319841139289
193,1574164800,1237,424,-813,1661,47,-1.5869447482400454,1.1112599708036905
193,1574179200,832,558,-274,1390,47,-0.36362417716849754,0.5511766786065686
193,1574193600,888,1008,120,1896,47,0.530602733781762,1.5969410544432614
193,1574208000,386,1083,697,1469,47,1.840168539919579,0.7144481918300839
193,1574222400,129,334,205,463,47,0.7235197069563105,-1.3646801917503768
193,1574236800,835,166,-669,1001,47,-1.2601206995678693,-0.25278051941808266
193,1574251200,1227,467,-760,1694,47,-1.4666553414370918,1.1794619953147794
193,1574265600,857,594,-263,1451,47,-0.3386584512282619,0.6772470875513082
193,1574280000,884,961,77,1845,47,0.4330094414699317,1.4915379256533972
193,1574294400,375,972,597,1347,47,1.6132073950083456,0.46230737394060456
193,1574308800,122,447,325,569,47,0.9958730808497905,-1.145607022108698
193,1574323200,882,148,-734,1030,47,-1.407645443760171,-0.19284540696894417
193,1574337600,1215,446,-769,1661,47,-1.4870818444791027,1.1112599708036905
193,1574352000,830,562,-268,1392,47,-0.35000650847382353,0.5553101346375436
193,1574366400,889,924,35,1813,47,0.33768576060721367,1.425402629157796
193,1574380800,400,1087,687,1487,47,1.8174724254284556,0.7516492961088594
193,1574395200,127,417,290,544,47,0.9164366801308589,-1.1972752224958862
193,1574409600,800,164,-636,964,47,-1.1852235217471623,-0.3292494559911215
193,1574424000,1140,454,-686,1594,47,-1.298704094202779,0.9727891937660258
193,1574438400,813,580,-233,1393,47,-0.2705701077548918,0.5573768626530312
193,1574452800,819,893,74,1712,47,0.4262006071225947,1.216663099593555
193,1574467200,331,604,273,935,47,0.8778532854959492,-0.38918456844026
193,1574481600,67,373,306,440,47,0.9527504633166562,-1.41221493610659
193,1574496000,300,101,-199,401,47,-0.19340331848507245,-1.492817328710604
193,1574510400,757,246,-511,1003,47,-0.9015220906081207,-0.24864706338710763
193,1574524800,750,439,-311,1189,47,-0.4475998007856539,0.13576434749357397
193,1574539200,620,633,13,1253,47,0.28775430872674235,0.2680349404847762
193,1574553600,276,530,254,806,47,0.8347306679628148,-0.655792482438152
193,1574568000,69,298,229,367,47,0.7779903817350065,-1.56308608123718
193,1574582400,217,78,-139,295,47,-0.05722663153833241,-1.7118904983522827
193,1574596800,599,185,-414,784,47,-0.6813697800442243,-0.7012604987788779
193,1574611200,625,373,-252,998,47,-0.3136927252880262,-0.25898070346454527
193,1574625600,442,525,83,967,47,0.4466271101646057,-0.3230492719446589
193,1574640000,182,487,305,669,47,0.9504808518675439,-0.9389342205599445
193,1574654400,55,143,88,198,47,0.4579751674101674,-1.9123631158545735
193,1574668800,802,153,-649,955,47,-1.2147284705856227,-0.3478500081305093
193,1574683200,1227,429,-798,1656,47,-1.5529005765033606,1.100926330726253
193,1574697600,824,510,-314,1334,47,-0.4544086351329909,0.4354399097392666
193,1574712000,816,997,181,1813,47,0.6690490321776145,1.425402629157796
193,1574726400,261,598,337,859,48,1.4520004002058329,0.009208493367147762
193,1574740800,69,177,108,246,48,0.7249418907733203,-1.3853907432833634
193,1574755200,799,145,-654,944,48,-1.694353236683337,0.20258685407725127
193,1574769600,1134,403,-731,1537,48,-1.9388226918200333,1.551685299972444
193,1574784000,883,501,-382,1384,48,-0.8307728237329293,1.2036042506942577
193,1574798400,878,982,104,1860,48,0.7122421788181673,2.2865230706708375
193,1574812800,264,671,407,935,48,1.6742453594210116,0.18211149823735795
193,1574827200,66,153,87,219,48,0.6582684030087668,-1.4468168108030433
193,1574841600,712,132,-580,844,48,-1.4594085655130056,-0.024917099699341094
193,1574856000,1016,373,-643,1389,48,-1.659429028806666,1.2149794483830874
193,1574870400,884,495,-389,1379,48,-0.8529973196544471,1.192229053005428
193,1574884800,735,758,23,1493,48,0.45507301172631787,1.4515835603107434
193,1574899200,279,541,262,820,48,1.213880801046713,-0.07951804860572326
193,1574913600,54,190,136,244,48,0.8138398744593918,-1.3899408223588952
193,1574928000,284,61,-223,345,48,-0.32595927351559517,-1.160161829044537
193,1574942400,472,254,-218,726,48,-0.31008463357165383,-0.29337176515572005
193,1574956800,549,384,-165,933,48,-0.14181345016587582,0.1775614191618261
193,1574971200,361,371,10,732,48,0.4137989478720704,-0.2797215279291245
193,1574985600,243,76,-167,319,48,-0.14816330614345236,-1.219312857026451
193,1575000000,174,470,296,644,48,1.3218283526655141,-0.4799250072525258
193,1575014400,412,87,-325,499,48,-0.6498019283719981,-0.8098057402285848
193,1575028800,681,223,-458,904,48,-1.0720673508808374,0.11158527256661432
193,1575043200,730,421,-309,1151,48,-0.599003080551386,0.6735200383947975
193,1575057600,570,675,105,1245,48,0.7154171068069556,0.8873737549447943
193,1575072000,259,503,244,762,48,1.1567320972485242,-0.21147034179614682
193,1575086400,55,222,167,277,48,0.912262642111828,-1.3148645176126197
193,1575100800,259,77,-182,336,48,-0.1957872259752763,-1.1806371848844304
193,1575115200,607,209,-398,816,48,-0.8815716715535414,-0.08861820675678696
193,1575129600,725,365,-360,1090,48,-0.7609244079795875,0.5347426265910761
193,1575144000,523,587,64,1110,48,0.5852450592666367,0.5802434173463946
193,1575158400,262,488,226,750,48,1.0995833934503356,-0.2387708162493379
193,1575172800,54,230,176,284,48,0.9408369940109224,-1.2989392408482583
193,1575187200,241,67,-174,308,48,-0.1703878020649702,-1.2443382919418762
193,1575201600,523,174,-349,697,48,-0.7260002001029165,-0.35934791175093184
193,1575216000,590,352,-238,942,48,-0.37358319334741913,0.19803677500171943
193,1575230400,380,499,119,879,48,0.7598660986499912,0.054709284122466235
193,1575244800,157,377,220,534,48,1.080533825517606,-0.7301793564067774
193,1575259200,47,119,72,166,48,0.6106444831769428,-1.5673939063046374
193,1575273600,773,142,-631,915,48,-1.621329892941207,0.1366107074820395
193,1575288000,1074,402,-672,1476,48,-1.7515019404815257,1.4129078881687227
193,1575302400,695,504,-191,1199,48,-0.2243615778743707,0.7827219362075618
193,1575316800,747,969,222,1716,48,1.0868836814951826,1.9589173772325443
193,1575331200,170,594,424,764,49,1.461813583146984,-0.5362954784561361
193,1575345600,47,145,98,192,49,0.6379752797739235,-1.7113034651802772
193,1575360000,772,147,-625,919,49,-1.1891262335350419,-0.21789296457109783
193,1575374400,1053,439,-614,1492,49,-1.1613280085746012,0.9591692319200437
193,1575388800,794,516,-278,1310,49,-0.3122185916011401,0.5853030543259987
193,1575403200,870,978,108,1848,49,0.6632463933743241,1.6904679089721315
193,1575417600,234,720,486,954,49,1.6184944874694678,-0.14599562272608918
193,1575432000,68,182,114,250,49,0.6784090615345645,-1.592159298694263
193,1575446400,817,147,-670,964,49,-1.3028462447368447,-0.1254535250560867
193,1575460800,1065,443,-622,1508,49,-1.1815448994549218,0.9920365881920477
193,1575475200,808,426,-382,1234,49,-0.5750381730453067,0.42918311203397996
193,1575489600,806,961,155,1767,49,0.7820206272962071,1.5240769178451115
193,1575504000,233,725,492,958,49,1.6336571556297084,-0.13777878365808818
193,1575518400,58,176,118,234,49,0.6885175069747248,-1.6250266549662669
193,1575532800,852,149,-703,1001,49,-1.3862409196181669,-0.04944776367707757
193,1575547200,1212,400,-812,1612,49,-1.6616960578625337,1.2056744039600733
193,1575561600,854,442,-412,1296,49,-0.6508515138465085,0.5565441175879953
193,1575576000,827,850,23,1677,49,0.4484419277709188,1.3391980388150893
193,1575590400,215,715,500,930,49,1.6538740465100288,-0.1952966571340951
193,1575604800,63,220,157,283,49,0.7870748500162872,-1.5243703763832548
193,1575619200,782,142,-640,924,49,-1.227032903935643,-0.2076219157360966
193,1575633600,1215,402,-813,1617,49,-1.6642231692225737,1.2159454527950746
193,1575648000,859,488,-371,1347,49,-0.547239948084866,0.6613088157050079
193,1575662400,907,943,36,1850,49,0.4812943754514396,1.694576328506132
193,1575676800,304,660,356,964,49,1.2899700106642598,-0.1254535250560867
193,1575691200,66,265,199,331,49,0.8932135271379699,-1.425768307567243
193,1575705600,351,86,-265,437,49,-0.2793661439206193,-1.2080220722652169
193,1575720000,832,219,-613,1051,49,-1.1588008972145611,0.053262724672934775
193,1575734400,784,452,-332,1236,49,-0.4486826050433035,0.43329153156798045
193,1575748800,658,651,-7,1309,49,0.3726285869697169,0.5832488445589985
193,1575763200,282,543,261,825,49,1.0498944314604537,-0.41098868266912103
193,1575777600,69,273,204,342,49,0.9058490839381702,-1.4031720001302403
193,1575792000,263,73,-190,336,49,-0.08983279191761459,-1.4154972587322419
193,1575806400,660,192,-468,852,49,-0.7923697500087521,-0.35552501896011435
193,1575820800,760,407,-353,1167,49,-0.5017519436041449,0.2915510576449634
193,1575835200,476,606,130,1082,49,0.7188428432952055,0.11694322744994243
193,1575849600,222,435,213,657,49,0.9285930861785308,-0.7560959235251625
193,1575864000,38,143,105,181,49,0.6556650592942039,-1.73389977261728
193,1575878400,724,127,-597,851,49,-1.11836711545392,-0.3575792287271146
193,1575892800,1124,421,-703,1545,49,-1.3862409196181669,1.0680423495710567
193,1575907200,805,536,-269,1341,49,-0.2894745893607796,0.6489835571030064
193,1575921600,771,844,73,1615,49,0.5747974957729219,1.211837033261074
193,1575936000,287,653,366,940,50,1.358121912500663,-0.2151753597472898
193,1575950400,67,194,127,261,50,0.7417260288961209,-1.6113917213566669
193,1575964800,837,136,-701,973,50,-1.39373753438656,-0.14731801080309326
193,1575979200,1170,434,-736,1604,50,-1.4840047139939196,1.1501967523419978
193,1575993600,812,514,-298,1326,50,-0.3543754377646754,0.5785499945696756
193,1576008000,857,895,38,1752,50,0.5121894864659777,1.4545266809402126
193,1576022400,272,721,449,993,50,1.5721840812838301,-0.10619234477630748
193,1576036800,49,175,126,224,50,0.7391469666216249,-1.6874742035062205
193,1576051200,838,146,-692,984,50,-1.370525973916096,-0.12469889448836108
193,1576065600,1211,446,-765,1657,50,-1.5587975199543034,1.25917976731298
193,1576080000,744,440,-304,1184,50,-0.3698498114116513,0.28655776577949665
193,1576094400,814,855,41,1669,50,0.5199266732894657,1.2838551669290517
193,1576108800,265,669,404,934,50,1.4561262789315106,-0.22751305955532553
193,1576123200,62,190,128,252,50,0.7443050911706169,-1.6298982710687204
193,1576137600,812,142,-670,954,50,-1.3137866038771842,-0.18638739352853975
193,1576152000,1152,477,-675,1629,50,-1.3266819152496643,1.20160383487548
193,1576166400,862,505,-357,1367,50,-0.5065401119599389,0.6628576099245865
193,1576180800,860,875,15,1735,50,0.45287105415256995,1.4195698648174446
193,1576195200,240,734,494,974,50,1.6882418836361497,-0.14526172750175398
193,1576209600,62,228,166,290,50,0.8423094576014646,-1.5517595056178275
193,1576224000,786,156,-630,942,50,-1.2106241128973445,-0.2110627931446112
193,1576238400,1163,456,-707,1619,50,-1.409211908033536,1.1810410018620872
193,1576252800,893,585,-308,1478,50,-0.3801660605096353,0.8911050563732476
193,1576267200,794,884,90,1678,50,0.6463007247397693,1.3023617166411052
193,1576281600,320,578,258,898,50,1.0795831868550958,-0.3015392584035399
193,1576296000,60,274,214,334,50,0.9661044467772721,-1.4612830403588988
193,1576310400,297,95,-202,392,50,-0.1067854594130602,-1.34201860888122
193,1576324800,804,208,-596,1012,50,-1.1229359955644809,-0.067122962050861
193,1576339200,845,450,-395,1295,50,-0.6045444783907865,0.5148052122281577
193,1576353600,641,569,-72,1210,50,0.2284926362714187,0.3400211316143182
193,1576368000,305,532,227,837,50,0.9996322563457201,-0.4269725397852365
193,1576382400,83,301,218,384,50,0.9764206958752562,-1.3584688752919343
193,1576396800,248,76,-172,324,50,-0.029413591178180456,-1.4818458733722917
193,1576411200,669,192,-477,861,50,-0.8160275848994579,-0.3776217405530936
193,1576425600,786,412,-374,1198,50,-0.5503841706263707,0.31534573199824667
193,1576440000,514,590,76,1104,50,0.6101938528968254,0.12205510167235356
193,1576454400,207,516,309,723,50,1.2111153628543914,-0.6613888361379154
193,1576468800,49,144,95,193,50,0.6591960361122492,-1.7512189858477385
193,1576483200,807,135,-672,942,50,-1.3189447284261762,-0.2110627931446112
193,1576497600,1148,499,-649,1647,50,-1.2596262961127684,1.2386169342995874
193,1576512000,843,544,-299,1387,50,-0.35695450003917134,0.7039832759513722
193,1576526400,775,940,165,1715,50,0.8397303953269686,1.378444198790659
193,1576540800,312,635,323,947,51,1.328617161658705,0.004771309310688354
193,1576555200,81,170,89,251,51,0.6599884830381022,-1.4949589462811936
193,1576569600,892,146,-746,1038,51,-1.7259300923815704,0.20085673065962695
193,1576584000,1157,437,-720,1594,51,-1.651638016979281,1.398917107253142
193,1576598400,809,469,-340,1278,51,-0.5658307610996697,0.7180050946568276
193,1576612800,810,877,67,1687,51,0.5971259576977036,1.5993120983020572
193,1576627200,270,75,-195,345,51,-0.15150957135613374,-1.29240917038229
193,1576641600,126,549,423,675,51,1.6143559132059713,-0.5813301698861391
193,1576656000,774,146,-628,920,51,-1.3887583655557962,-0.05340788163899673
193,1576670400,1210,458,-752,1668,51,-1.7430744174744064,1.5583711861522789
193,1576684800,771,529,-242,1300,51,-0.28580678458334885,0.765410361356571
193,1576699200,793,925,132,1718,51,0.7828561462034267,1.6661104286516957
193,1576713600,241,658,417,899,51,1.5972115881131352,-0.09865836348875179
193,1576728000,53,177,124,230,51,0.7599970460796454,-1.5402094281309489
193,1576742400,672,116,-556,788,51,-1.1830264644417645,-0.3378394818374571
193,1576756800,878,433,-445,1311,51,-0.8658564502242991,0.7891129947064428
193,1576771200,812,519,-293,1331,51,-0.43153354787245457,0.8322086917062095
193,1576785600,788,884,96,1672,51,0.6799901956464108,1.5669903255522322
193,1576800000,279,641,362,920,51,1.440055274762139,-0.05340788163899673
193,1576814400,50,190,140,240,51,0.8057152463272079,-1.5186615796310654
193,1576828800,703,141,-562,844,51,-1.2001707895346005,-0.21717153023811028
193,1576843200,1055,391,-664,1446,51,-1.491624316112812,1.0800089494548681
193,1576857600,886,547,-339,1433,51,-0.5629733735841971,1.0519967464050197
193,1576872000,826,871,45,1697,51,0.5342634323573051,1.6208599468019405
193,1576886400,308,598,290,906,51,1.2343233736481072,-0.08357486953883343
193,1576900800,61,218,157,279,51,0.8542908340902432,-1.4346249704815204
193,1576915200,292,85,-207,377,51,-0.18579822154180567,-1.2234560551826632
193,1576929600,729,203,-526,932,51,-1.0973048389775848,-0.02755046343913669
193,1576944000,726,354,-372,1080,51,-0.6572671615947948,0.29135769435913705
193,1576958400,550,539,-11,1089,51,0.374249731490836,0.3107507580090321
193,1576972800,235,478,243,713,51,1.100026160420892,-0.49944834558658235
193,1576987200,59,252,193,311,51,0.9571567846472591,-1.3656718552818936
193,1577001600,212,63,-149,275,51,-0.0200697456443913,-1.4432441098814737
193,1577016000,509,140,-369,649,51,-0.6486949990483769,-0.6373545759858359
193,1577030400,641,350,-291,991,51,-0.42581877284150926,0.09958184271017514
193,1577044800,396,480,84,876,51,0.6457015454607389,-0.14821841503848351
193,1577059200,169,408,239,577,51,1.0885966103590015,-0.792499085184996
193,1577073600,40,137,97,177,51,0.6828475831618834,-1.6544130251803306
193,1577088000,502,97,-405,599,51,-0.7515609496053927,-0.7450938184852527
193,1577102400,847,250,-597,1097,51,-1.3001793525761438,0.3279890368089388
193,1577116800,736,462,-274,1198,51,-0.37724318507847404,0.5456223066577608
193,1577131200,562,761,199,1323,51,0.974301109740095,0.8149704129063028
193,1577145600,215,538,323,753,52,1.6620023026994133,0.2554997480762329
193,1577160000,44,128,84,172,52,0.751733496408586,-1.4402110977947773
193,1577174400,435,68,-367,503,52,-0.9659704016548581,-0.47415207889063904
193,1577188800,707,225,-482,932,52,-1.40396585238057,0.7779304561845132
193,1577203200,648,413,-235,1061,52,-0.4632277973436062,1.154430798899419
193,1577217600,485,557,72,1042,52,0.7060296232893812,1.0989772600499368
193,1577232000,200,356,156,556,52,1.0259567351238144,-0.3194658915736622
193,1577246400,41,118,77,159,52,0.7250729037557165,-1.4781529927970547
193,1577260800,147,52,-95,199,52,0.06998405571378223,-1.3614087004823552
193,1577275200,299,96,-203,395,52,-0.3413508023590603,-0.7893616681403277
193,1577289600,434,224,-210,658,52,-0.3680113950119297,-0.021767946171178457
193,1577304000,345,326,-19,671,52,0.3594419188020788,0.01617394883109888
193,1577318400,188,276,88,464,52,0.7669681207816542,-0.587977763897471
193,1577332800,28,87,59,115,52,0.6565170940769095,-1.606571714343224
193,1577347200,461,56,-405,517,52,-1.1106993331990065,-0.4332915765804942
193,1577361600,720,219,-501,939,52,-1.4763303181526441,0.7983607073395855
193,1577376000,695,319,-376,1014,52,-1.0002483064942618,1.0172562554296471
193,1577390400,480,648,168,1128,52,1.0716606082430191,1.3499774885265408
193,1577404800,163,476,313,639,52,1.6239157417667427,-0.07722148502066072
193,1577419200,50,152,102,202,52,0.8202893060873931,-1.3526528785587528
193,1577433600,476,74,-402,550,52,-1.0992733649192052,-0.3369775354208671
193,1577448000,766,199,-567,965,52,-1.7277016203082702,0.8742444973441402
193,1577462400,714,381,-333,1095,52,-0.8364760944837781,1.2536634473669135
193,1577476800,605,637,32,1242,52,0.5536833795586988,1.6826987216234341
