remote_unit_id,time_stamp,entries,exits,num_people_exited,sum_exit_entry,week_num,z_score_num_people_exited,z_score_sum_exit_entry
142,1546300800,0,0,0,0,1,1.1266113733198861,-1.4820599787990558
142,1546315200,461,136,-325,597,1,-1.2183981503836303,-0.18559839235625064
142,1546329600,117,75,-42,192,1,0.823563988718201,-1.0651075087872994
142,1546344000,191,153,-38,344,1,0.8524256443945519,-0.7350201366946589
142,1546344448,10,18,8,28,1,1.1843346846725882,-1.4212544102556748
142,1546358400,346,218,-128,564,1,0.20303839167665508,-0.2572620981395213
142,1546372800,365,283,-82,648,1,0.5349474319546913,-0.07484539250937781
142,1546387200,237,147,-90,384,1,0.4772241206019893,-0.6481550387755429
142,1546401600,50,33,-17,83,1,1.0039493366953947,-1.3018149006168904
142,1546416000,366,305,-61,671,1,0.6864711242555338,-0.024897961205886155
142,1546430400,921,505,-416,1426,1,-1.8750008170206152,1.614680762017427
142,1546444800,646,391,-255,1037,1,-0.7133191760474883,0.7699176847540247
142,1546459200,737,603,-134,1340,1,0.1597459081621286,1.4279208014913278
142,1546473600,438,268,-170,706,1,-0.10000899292503014,0.051108999473340286
142,1546488000,98,29,-69,127,1,0.6287478129028319,-1.2062632929058628
142,1546502400,370,327,-43,697,1,0.8163485747991133,0.031564352441539205
142,1546516800,968,515,-453,1483,1,-2.1419711320268617,1.7384635265521673
142,1546531200,653,353,-300,1006,1,-1.0380128024064368,0.7025972338667098
142,1546545600,748,674,-74,1422,1,0.5926707433073932,1.6059942522255155
142,1546560000,508,197,-311,705,1,-1.117382355516402,0.048937372025362386
142,1546574400,118,21,-97,139,1,0.4267162231683751,-1.1802037635301281
142,1546588800,366,316,-50,682,1,0.765840677365499,-0.0010100592781292722
142,1546603200,903,479,-424,1382,1,-1.932724128373317,1.5191291543063996
142,1546617600,683,356,-327,1039,1,-1.2328289782218058,0.7742609396499804
142,1546632000,904,746,-158,1650,1,-0.01342402589597722,2.1011253103644765
142,1546646400,621,233,-388,854,1,-1.672969227286158,0.37250986177406925
142,1546660800,255,47,-208,302,1,-0.3741947218503644,-0.8262284895097306
142,1546675200,92,64,-28,156,1,0.9245797835854294,-1.1432860969145038
142,1546689600,246,250,4,496,1,1.1554730289962372,-0.4049327646020184
142,1546704000,467,298,-169,765,1,-0.09279357900594239,0.1792350189040363
142,1546718400,466,276,-190,742,1,-0.244317271306785,0.12928758760054462
142,1546732800,344,189,-155,533,1,0.00822221586128601,-0.32458254902683614
142,1546747200,201,45,-156,246,1,0.001006801942198266,-0.9478396265964929
142,1546761600,70,43,-27,113,1,0.9317951975045171,-1.2366660771775535
142,1546776000,220,201,-19,421,1,0.989518508857219,-0.5678048232003607
142,1546790400,350,312,-38,662,1,0.8524256443945519,-0.04444260823768724
142,1546804800,421,250,-171,671,1,-0.10722440684411788,-0.024897961205886155
142,1546819200,242,112,-130,354,1,0.1886075638384796,-0.71330386221488
142,1546833600,64,25,-39,89,1,0.8452102304754642,-1.288785135929023
142,1546848000,395,329,-66,724,1,0.6503940546600951,0.09019829353694246
142,1546862400,991,495,-496,1486,1,-2.4522339305476346,1.744978408896101
142,1546876800,640,314,-326,954,1,-1.225613564302718,0.589672606571859
142,1546891200,741,685,-56,1426,1,0.7225481938509726,1.614680762017427
142,1546905600,453,202,-251,655,2,-0.6856001196733853,-0.5559245468292363
142,1546920000,99,51,-48,150,2,0.5276474146427796,-1.7116939683395382
142,1546934400,392,303,-89,695,2,0.28260727224394827,-0.46437845403634104
142,1546948800,1019,483,-536,1502,2,-2.388927938787213,1.3825639680603197
142,1546963200,612,365,-247,977,2,-0.6616937643174018,0.1810215001535701
142,1546977600,775,656,-119,1431,2,0.1033096070740717,1.2200696533529307
142,1546992000,482,251,-231,733,2,-0.5660683428934676,-0.3774096658830906
142,1547006400,110,36,-74,146,2,0.3722561048288866,-1.7208485776188276
142,1547020800,409,354,-55,763,2,0.48581129276980844,-0.3087500962884192
142,1547035200,1003,482,-521,1485,2,-2.299279106202275,1.3436568786233392
142,1547049600,658,344,-314,1002,2,-1.0621252165301263,0.2382378081491296
142,1547064000,833,706,-127,1539,2,0.055496896362104614,1.4672441038937476
142,1547078400,538,244,-294,782,2,-0.9425934397502084,-0.265265702211794
142,1547092800,136,43,-93,179,2,0.25870091688796476,-1.6453230510646892
142,1547107200,373,328,-45,701,2,0.5455771811597673,-0.4506465401174068
142,1547121600,984,558,-426,1542,2,-1.7315031664976654,1.4741100608532147
142,1547136000,650,361,-289,1011,2,-0.912710495555229,0.258835679027531
142,1547150400,759,730,-29,1489,2,0.6412026025837014,1.3528114879026287
142,1547164800,536,315,-221,851,2,-0.5063024545035087,-0.10734869214404978
142,1547179200,151,52,-99,203,2,0.22284138385398944,-1.590395395388952
142,1547193600,391,307,-84,698,2,0.3124902164389277,-0.4575124970768739
142,1547208000,993,523,-470,1516,2,-1.9944730754134845,1.4146051005378328
142,1547222400,681,363,-318,1044,2,-1.0860315718861098,0.33436120558166954
142,1547236800,767,783,16,1550,2,0.9101491003385164,1.4924192794117939
142,1547251200,578,627,49,1205,2,1.1073765320253806,0.7028342290730728
142,1547265600,266,306,40,572,2,1.0535872324744175,-0.7458826893744938
142,1547280000,172,183,11,355,2,0.880266156143537,-1.2425202427759503
142,1547294400,460,444,-16,904,2,0.7188982574906481,0.013949880806536362
142,1547308800,636,584,-52,1220,2,0.5037410592867961,0.7371640138704084
142,1547323200,670,647,-23,1317,2,0.6770621356176768,0.9591632888931794
142,1547337600,471,549,78,1020,2,1.2806976083562613,0.27943354990593244
142,1547352000,259,209,-50,468,2,0.5156942369647879,-0.9839025306360213
142,1547366400,101,132,31,233,2,0.9997979329234546,-1.5217358257942806
142,1547380800,324,282,-42,606,2,0.5635069476767549,-0.6680685105005328
142,1547395200,535,443,-92,978,2,0.26467750572696064,0.1833101524733925
142,1547409600,471,517,46,988,2,1.089446765508393,0.2061966756716163
142,1547424000,260,363,103,623,2,1.4301123293311584,-0.6291614210635524
142,1547438400,77,106,29,183,2,0.9878447552454629,-1.6361684417853997
142,1547452800,389,337,-52,726,2,0.5037410592867961,-0.3934302321218473
142,1547467200,933,489,-444,1422,2,-1.8390817655995915,1.1994717824745291
142,1547481600,570,312,-258,882,2,-0.7274362415463566,-0.036400470229555996
142,1547496000,742,624,-118,1366,2,0.1092861959130676,1.071307252564476
142,1547510400,389,232,-157,621,3,-0.21326367242264205,-0.48252661144164244
142,1547524800,136,49,-87,185,3,0.21530447311568174,-1.477911010306051
142,1547539200,363,353,-10,716,3,0.6867294332078379,-0.2656423960927461
142,1547553600,1014,500,-514,1514,3,-2.398961214668093,1.5561850128379835
142,1547568000,650,325,-325,975,3,-1.241827221714619,0.32565246470056086
142,1547582400,763,705,-58,1468,3,0.39285413341013015,1.4511673927743074
142,1547596800,514,245,-269,759,3,-0.89897270528396,-0.16747375125061403
142,1547611200,161,39,-122,200,3,0.0010204003465198474,-1.4436661341983306
142,1547625600,382,326,-56,708,3,0.40509893756836796,-0.28390633001686366
142,1547640000,1021,497,-524,1518,3,-2.4601852354592824,1.5653169798000424
142,1547654400,645,405,-240,1050,3,-0.7214230449895116,0.49687684523916326
142,1547668800,770,722,-48,1492,3,0.45407815420131925,1.5059591945466602
142,1547683200,584,268,-316,852,3,-1.1867256030025488,0.044844480617252935
142,1547697600,158,39,-119,197,3,0.01938760658387658,-1.4505151094198747
142,1547712000,374,310,-64,684,3,0.35611972093541666,-0.33869813178921643
142,1547726400,1032,485,-547,1517,3,-2.6010004832790172,1.5630339880595276
142,1547740800,659,402,-257,1061,3,-0.825503880334533,0.521989754384825
142,1547755200,805,758,-47,1563,3,0.46020055628043816,1.6680516081232037
142,1547769600,584,313,-271,897,3,-0.9112175094421978,0.14757910894041437
142,1547784000,183,52,-131,235,3,-0.054081218365550354,-1.3637614232803161
142,1547798400,369,314,-55,683,3,0.41122133964748686,-0.34098112352973114
142,1547812800,965,550,-415,1515,3,-1.792843408835321,1.5584680045784982
142,1547827200,620,406,-214,1026,3,-0.56224059093242,0.4420850434668105
142,1547841600,807,687,-120,1494,3,0.013265204504757669,1.5105251780276896
142,1547856000,597,606,9,1203,3,0.8030550727110972,0.8461745815379121
142,1547870400,229,269,40,498,3,0.9928495371637835,-0.7633345955249504
142,1547884800,132,173,41,305,3,0.9989719392429024,-1.2039520014442873
142,1547899200,428,373,-55,801,3,0.41122133964748686,-0.07158809814899669
142,1547913600,674,544,-130,1218,3,-0.04795881628643144,0.8804194576456327
142,1547928000,599,583,-16,1182,3,0.6499950207331244,0.7982317549871035
142,1547942400,388,491,103,879,3,1.3785608681482748,0.1064852576111498
142,1547956800,173,186,13,359,3,0.827544681027573,-1.0806704474564934
142,1547971200,94,110,16,204,3,0.8459118872649296,-1.434534167236272
142,1547985600,256,274,18,530,3,0.8581566914231674,-0.69027885982848
142,1548000000,507,420,-87,927,3,0.21530447311568174,0.21606886115585533
142,1548014400,448,546,98,994,3,1.3479488577526804,0.36902930777034015
142,1548028800,257,374,117,631,3,1.4642744972559396,-0.4596966940364955
142,1548043200,75,87,12,162,3,0.821422278948454,-1.5304198203378891
142,1548057600,126,117,-9,243,3,0.6928518352869568,-1.3454974893561986
142,1548072000,354,228,-126,582,3,-0.023469207969955795,-0.5715632893217157
142,1548086400,344,268,-76,612,3,0.28265089598598975,-0.5030735371062748
142,1548100800,416,283,-133,699,3,-0.06632602252378818,-0.30445325568149595
142,1548115200,209,121,-88,330,4,0.08135367414425904,-1.2178303495482088
142,1548129600,40,21,-19,61,4,0.4864446495223735,-1.8458106000820134
142,1548144000,335,271,-64,606,4,0.22225488297142926,-0.5735086055060893
142,1548158400,874,418,-456,1292,4,-2.079131527872351,1.0279577583087438
142,1548172800,497,361,-136,858,4,-0.20044874351008146,0.014785160793237127
142,1548187200,713,663,-50,1376,4,0.3044472547872786,1.2240556804085192
142,1548201600,460,261,-199,721,4,-0.5703144166814034,-0.3050412121552062
142,1548216000,135,39,-96,174,4,0.034386604535202286,-1.5820122048763632
142,1548230400,340,404,64,744,4,0.9737279967163373,-0.2513477334850296
142,1548244800,959,503,-456,1462,4,-2.079131527872351,1.4248226006535274
142,1548259200,532,409,-123,941,4,-0.12412725539536423,0.20854858382039623
142,1548273600,755,823,68,1578,4,0.9972115315208656,1.6956244930770268
142,1548288000,574,282,-292,856,4,-1.116306600886688,0.010116162648004379
142,1548302400,136,33,-103,169,4,-0.006709581372722369,-1.593684700239445
142,1548316800,324,288,-36,612,4,0.3866396266031279,-0.559501611070391
142,1548331200,940,431,-509,1371,4,-2.3902883640323522,1.2123831850454374
142,1548345600,499,394,-105,893,4,-0.018451348774986553,0.09649262833481025
142,1548360000,727,744,17,1471,4,0.6977964627631288,1.4458330923070748
142,1548374400,588,311,-277,899,4,-1.0282433453697066,0.11049962277050848
142,1548388800,175,47,-128,222,4,-0.1534816739010247,-1.4699562493907772
142,1548403200,346,286,-60,632,4,0.24573841777595765,-0.5128116296180636
142,1548417600,858,439,-419,1297,4,-1.8619088309304637,1.0396302536718256
142,1548432000,595,377,-218,972,4,-0.6818612070029131,0.28091805507150386
142,1548446400,751,786,35,1537,4,0.8034723693835065,1.5999100310997556
142,1548460800,570,572,2,1142,4,0.6097332072461474,0.6777828974162875
142,1548475200,231,276,45,507,4,0.8621812063948274,-0.8046240136951104
142,1548489600,181,192,11,373,4,0.6625711605563362,-1.1174468894257046
142,1548504000,401,354,-47,755,4,0.32205990589067485,-0.22566824368624946
142,1548518400,634,574,-60,1208,4,0.24573841777595765,0.8318598362089683
142,1548532800,592,767,175,1359,4,1.6253960875419997,1.1843691961740408
142,1548547200,446,490,44,936,4,0.8563103226936953,0.19687608845731436
142,1548561600,242,155,-87,397,4,0.08722455784539113,-1.0614189116829116
142,1548576000,133,127,-6,260,4,0.5627661376370907,-1.381245284631355
142,1548590400,364,320,-44,684,4,0.3396725569940711,-0.39141767784201204
142,1548604800,513,436,-77,949,4,0.14593339485671206,0.22722457640132723
142,1548619200,497,607,110,1104,4,1.2437886469684134,0.5890719326568653
142,1548633600,269,345,76,614,4,1.0441786011299223,-0.5548326129251583
142,1548648000,69,102,33,171,4,0.7917306019812423,-1.5890157020942122
142,1548662400,368,277,-91,645,4,0.06374102304086275,-0.4824631416740507
142,1548676800,978,400,-578,1378,4,-2.7953793394104665,1.228724678553752
142,1548691200,514,353,-161,867,4,-0.3472208360383838,0.0357956524467845
142,1548705600,660,687,27,1347,4,0.7565052997744498,1.1563552073026444
142,1548720000,446,317,-129,763,5,0.0486673578586396,-0.22788156942204796
142,1548734400,113,40,-73,153,5,0.333407720255456,-1.582481525012041
142,1548748800,424,312,-112,736,5,0.13510639644338743,-0.28783927237439194
142,1548763200,1024,482,-542,1506,5,-2.0512928148178813,1.4220655895998617
142,1548777600,673,376,-297,1049,5,-0.8055537293318096,0.40722595073981765
142,1548792000,689,724,35,1413,5,0.8825498477350304,1.2155446127640102
142,1548806400,377,272,-105,649,5,0.17069894174298947,-0.48103631522083357
142,1548820800,128,44,-84,172,5,0.2774765776417956,-1.54028906737891
142,1548835200,432,352,-80,784,5,0.2978151749558539,-0.18124780045911376
142,1548849600,1039,484,-555,1523,5,-2.117393256088571,1.4598167359031893
142,1548864000,580,343,-237,923,5,-0.5004747696209348,0.12742333696221253
142,1548878400,673,777,104,1450,5,1.2333906514025363,1.2977088723653705
142,1548892800,423,310,-113,733,5,0.13002174711487285,-0.2945012393690968
142,1548907200,119,36,-83,155,5,0.2825612269703102,-1.5780402136822378
142,1548921600,294,268,-26,562,5,0.5723862386956412,-0.6742333580672752
142,1548936000,892,414,-478,1306,5,-1.7258752577929484,0.977934456619536
142,1548950400,495,310,-185,805,5,-0.23607300453817678,-0.1346140314961796
142,1548964800,614,659,45,1273,5,0.9333963410201762,0.9046528196777823
142,1548979200,453,280,-173,733,5,-0.17505721259600185,-0.2945012393690968
142,1548993600,144,41,-103,185,5,0.18086824040001864,-1.5114205437351889
142,1549008000,329,316,-13,645,5,0.6384866799663307,-0.48991893788044005
142,1549022400,965,517,-448,1482,5,-1.573335777937511,1.3687698536422226
142,1549036800,611,364,-247,975,5,-0.5513212629060806,0.24289743153709717
142,1549051200,748,756,8,1504,5,0.7452643158651369,1.4176242782700583
142,1549065600,613,1079,466,1692,5,3.0740337083248135,1.8351075432715644
142,1549080000,321,72,-249,393,5,-0.5614905615631098,-1.0495241654356504
142,1549094400,95,135,40,230,5,0.9079730943776033,-1.4114910388146158
142,1549108800,279,383,104,662,5,1.2333906514025363,-0.4521677915771124
142,1549123200,600,494,-106,1094,5,0.1656142924144749,0.5071554556603909
142,1549137600,769,516,-253,1285,5,-0.5818291588771681,0.9313006876566019
142,1549152000,611,283,-328,894,5,-0.9631778585157615,0.06302432268006532
142,1549166400,365,87,-278,452,5,-0.7089453920900326,-0.9185054812064543
142,1549180800,85,103,18,188,5,0.7961108091502827,-1.504758576740484
142,1549195200,228,354,126,582,5,1.345252936629857,-0.6298202447692426
142,1549209600,473,493,20,966,5,0.8062801078073117,0.22291153055298252
142,1549224000,628,406,-222,1034,5,-0.4242050296932162,0.37391611576629324
142,1549238400,446,194,-252,640,5,-0.5767445095486535,-0.5010222162049482
142,1549252800,124,41,-83,165,5,0.2825612269703102,-1.5558336570332214
142,1549267200,367,341,-26,708,5,0.5723862386956412,-0.3500176309916375
142,1549281600,1003,509,-494,1512,5,-1.8072296470491818,1.4353895235892715
142,1549296000,622,350,-272,972,5,-0.6784374961189451,0.2362354645423923
142,1549310400,774,634,-140,1408,5,-0.007263784755020764,1.2044413344395022
142,1549324800,478,287,-191,765,6,-0.027030961939304723,-0.3343241008595095
142,1549339200,123,47,-76,170,6,0.6916147734900583,-1.6323031783239323
142,1549353600,345,220,-125,565,6,0.38540919926363404,-0.7706195890828449
142,1549368000,877,437,-440,1314,6,-1.5830552064776646,0.8633070143135463
142,1549382400,602,440,-162,1042,6,0.15419274525592594,0.2699451503298101
142,1549396800,827,633,-194,1460,6,-0.04577824199398376,1.181802720716581
142,1549411200,595,261,-334,856,6,-0.9206513112123387,-0.13580965371789186
142,1549425600,183,49,-134,232,6,0.32916735909959693,-1.4970515769746984
142,1549440000,433,357,-76,790,6,0.6916147734900583,-0.27978716483159255
142,1549454400,1091,523,-568,1614,6,-2.3829391554773034,1.5177502466485493
142,1549468800,730,412,-318,1142,6,-0.8206658175873839,0.4880928944414778
142,1549483200,775,673,-102,1448,6,0.5291383463495066,1.155624991423181
142,1549497600,562,290,-272,852,6,-0.5332075234156387,-0.14453556348235858
142,1549512000,171,44,-127,215,6,0.3729110125605147,-1.534136693473682
142,1549526400,394,344,-50,738,6,0.8540912006306098,-0.3932239917696598
142,1549540800,1045,604,-441,1649,6,-1.5893042998292242,1.5941019570876331
142,1549555200,702,368,-334,1070,6,-0.9206513112123387,0.331026518681077
142,1549569600,795,694,-101,1489,6,0.5353874397010663,1.2450655665089647
142,1549584000,608,327,-281,935,6,-0.5894493635796757,0.03652706413032564
142,1549598400,212,48,-164,260,6,0.14169455855280658,-1.4359702086234314
142,1549612800,377,369,-8,746,6,1.1165531213961164,-0.37577217224072634
142,1549627200,978,712,-266,1690,6,-0.49571296330628056,1.6835425321734168
142,1549641600,647,432,-215,1079,6,-0.177009202376737,0.35065981565112714
142,1549656000,822,841,19,1663,6,1.2852786418882276,1.6246426412632666
142,1549670400,718,357,-361,1075,6,-1.08937683170445,0.34193390588666045
142,1549684800,445,90,-355,535,6,-1.051882271595092,-0.8360639123163452
142,1549699200,120,118,-2,238,6,1.1540476815054745,-1.4839627123279984
142,1549713600,335,438,103,773,6,1.8102024834192405,-0.31687228133057604
142,1549728000,652,516,-136,1168,6,0.31666917239647757,0.5448113079105114
142,1549742400,768,567,-201,1335,6,-0.08952189545490151,0.9091180405769965
142,1549756800,698,385,-313,1083,6,-0.7894203508295855,0.3593857254155938
142,1549771200,450,82,-368,532,6,-1.1331204851653678,-0.8426083446396953
142,1549785600,97,91,-6,188,6,1.1290513080992357,-1.593036584383832
142,1549800000,239,349,110,588,6,1.8539461368801582,-0.7204456079371613
142,1549814400,575,547,-28,1122,6,0.9915712543649228,0.44446334561914425
142,1549828800,636,400,-236,1036,6,-0.30824016275949023,0.25685628568311003
142,1549843200,427,168,-259,595,6,-0.4519693098453628,-0.7051752658493445
142,1549857600,146,38,-108,184,6,0.49164378624014854,-1.6017624941482989
142,1549871558,372,292,-80,664,6,0.6666184000838196,-0.5546533224122938
142,1549872000,182,257,75,439,6,1.6352278695755695,-1.0454857466635463
142,1549886400,1042,534,-508,1576,6,-2.007993554383723,1.4348541038861156
142,1549900800,690,374,-316,1064,6,-0.8081676308842645,0.31793765403437696
142,1549915200,792,714,-78,1506,6,0.6791165867869389,1.2821506830079483
142,1549929600,429,227,-202,656,7,-0.03855644581916276,-0.562650579672364
142,1549944000,104,36,-68,140,7,0.8124069936720042,-1.6855682850466593
142,1549958400,401,339,-62,740,7,0.8505098342462356,-0.3798500229835252
142,1549972800,978,504,-474,1482,7,-1.7658852185176508,1.2348882277678839
142,1549987200,584,316,-268,900,7,-0.4576876921357077,-0.03165848643335612
142,1550001600,695,649,-46,1344,7,0.9521174091108525,0.9345730274933631
142,1550016000,404,281,-123,685,7,0.46313095507488344,-0.49954086367264583
142,1550030400,117,41,-76,158,7,0.7616032062396958,-1.6463967371847652
142,1550044800,442,363,-79,805,7,0.7425517859525801,-0.23839721126001903
142,1550059200,1119,594,-525,1713,7,-2.0897593633986173,1.7375897586621907
142,1550073600,731,411,-320,1142,7,-0.7879123104457127,0.49498121259877464
142,1550088000,745,748,3,1493,7,1.263290607133742,1.258826395905708
142,1550102400,575,278,-297,853,7,-0.6418514215778259,-0.1339397502949683
142,1550116800,139,44,-95,183,7,0.6409442110879631,-1.5919918095988015
142,1550131200,446,330,-116,776,7,0.5075842690781533,-0.30150692725973716
142,1550145600,1068,565,-503,1633,7,-1.950048947959769,1.5634939903871061
142,1550160000,701,347,-354,1048,7,-1.003828407033024,0.2904186848755503
142,1550174400,868,785,-83,1653,7,0.7171498922364258,1.607017932455877
142,1550188800,646,269,-377,915,7,-1.1498892959009106,0.0009844701182222279
142,1550203200,250,55,-195,305,7,0.005896868184107156,-1.3264957629792975
142,1550217600,375,316,-59,691,7,0.8695612545333513,-0.4864836810520145
142,1550232000,1006,579,-427,1585,7,-1.4674129673528387,1.4590365294220553
142,1550246400,689,407,-282,1096,7,-0.5465943201422475,0.394876145840601
142,1550260800,926,721,-205,1647,7,-0.05760786610627844,1.593960749835246
142,1550275200,705,403,-302,1108,7,-0.6736037887230187,0.4209905110818637
142,1550289600,434,94,-340,528,7,-0.914921779026484,-0.8412038089124992
142,1550304000,118,124,6,242,7,1.2823420274208577,-1.4635961804959265
142,1550318400,341,428,87,769,7,1.796730375172981,-0.31674030698380706
142,1550332800,658,538,-120,1196,7,0.48218237536199915,0.6124958561844567
142,1550347200,795,551,-244,1346,7,-0.3052763298387823,0.9389254217002402
142,1550361600,726,404,-322,1130,7,-0.80061325730379,0.46886684735751194
142,1550376000,446,86,-360,532,7,-1.041931247607255,-0.832499020498745
142,1550390400,78,87,9,165,7,1.3013934477079734,-1.6311633574606954
142,1550404800,261,334,73,595,7,1.7078237471664413,-0.695398602982116
142,1550419200,594,568,-26,1162,7,1.0791268776916236,0.5385051546675458
142,1550433600,754,404,-350,1158,7,-0.9784265133168696,0.5298003662537916
142,1550448000,544,209,-335,753,7,-0.8831694118812912,-0.351559460638824
142,1550462400,157,38,-119,195,7,0.4885328487910377,-1.5658774443575387
142,1550476800,208,196,-12,404,7,1.1680335056981637,-1.1110522497388804
142,1550491200,587,422,-165,1009,7,0.19641107105526395,0.20554699784144656
142,1550505600,732,494,-238,1226,7,-0.2671734892645509,0.6777817692876134
142,1550520000,744,506,-238,1250,7,-0.2671734892645509,0.7300104997701388
142,1550534400,456,205,-251,661,8,-0.022617971758771047,-0.5621954214251287
142,1550548800,118,30,-88,148,8,0.7891389596202428,-1.6624577054159384
142,1550563200,417,215,-202,632,8,0.22140711804228222,-0.6243934842628158
142,1550577600,1028,412,-616,1440,8,-1.8403558855829432,1.1085732320423973
142,1550592000,512,336,-176,848,8,0.35088981875304515,-0.1611251541614222
142,1550606400,720,625,-95,1345,8,0.7542782325058066,0.9048209572292844
142,1550620800,547,295,-252,842,8,-0.027598075632261927,-0.1739937188864609
142,1550635200,156,53,-103,209,8,0.7144374015178796,-1.531627297378045
142,1550649600,348,214,-134,562,8,0.5600541814396622,-0.7745267393882674
142,1550664000,1005,369,-636,1374,8,-1.9399579630527608,0.9670190200669715
142,1550678400,460,359,-101,819,8,0.7243976092648614,-0.2233232169991093
142,1550692800,639,711,72,1350,8,1.5859555793787843,0.9155447611668166
142,1550707200,511,326,-185,837,8,0.30606888389162723,-0.18471752282399315
142,1550721600,134,35,-99,169,8,0.7343578170118431,-1.617417728878303
142,1550736000,378,217,-161,595,8,0.4255913768554084,-0.7037496334005545
142,1550750400,1028,392,-636,1420,8,-1.9399579630527608,1.0656780162922683
142,1550764800,688,405,-283,1093,8,-0.1819812957104793,0.3643412387776585
142,1550779200,837,745,-92,1582,8,0.7692185441262793,1.4131292638683135
142,1550793600,571,360,-211,931,8,0.17658618318086428,0.01688999120161331
142,1550808000,254,57,-197,311,8,0.24630763740973663,-1.3128616970523868
142,1550822400,380,206,-174,586,8,0.3608500265000269,-0.7230524804881125
142,1550836800,1142,430,-712,1572,8,-2.3184458574380677,1.391681655993249
142,1550851200,762,350,-412,1112,8,-0.8244146953908031,0.4050916937402811
142,1550865600,944,773,-171,1717,8,0.37579033812049956,1.7026719701816844
142,1551484800,8099,7032,-1067,15131,9,-3.110708080512484,4.097741180193752
142,1551499200,408,96,-312,504,9,-0.37289817091047267,-0.32155306329428995
142,1551513600,139,128,-11,267,9,0.7185995546394683,-0.3931585008896045
142,1551528000,346,442,96,788,9,1.1066070517618725,-0.2357473912391451
142,1551542400,668,510,-158,1178,9,0.18554252588252038,-0.11791565848736166
142,1551556800,772,527,-245,1299,9,-0.12994020542261206,-0.08135760806950064
142,1551571200,694,365,-329,1059,9,-0.43454422185515373,-0.1538694436090597
142,1551585600,505,108,-397,613,9,-0.6811284256338779,-0.2886206046534069
142,1551600000,87,105,18,192,9,0.8237604650745125,-0.4158184494957167
142,1551614400,247,380,133,627,9,1.2407778685238253,-0.28439074758026595
142,1551628800,587,502,-85,1089,9,0.45025792111556256,-0.1448054641666148
142,1551643200,665,380,-285,1045,9,-0.2749897370571557,-0.15809930068220063
142,1551657600,391,166,-225,557,9,-0.05741543960534023,-0.3055400329459707
142,1551672000,103,27,-76,130,9,0.4828940657333349,-0.43455067367676947
142,1551686400,311,190,-121,501,9,0.31971334264447326,-0.3224594612385345
142,1551700800,932,329,-603,1261,9,-1.4281335135517779,-0.09283864869659748
142,1551715200,432,298,-134,730,9,0.2725722448632466,-0.25327108482787186
142,1551729600,611,647,36,1258,9,0.8890327543100571,-0.09374504664084198
142,1551744000,438,220,-218,658,10,-0.22169339449600553,-0.6430956121176004
142,1551758400,104,43,-61,147,10,0.7088261747634858,-1.7258694433930328
142,1551772800,452,325,-127,777,10,0.3176523431002601,-0.3909428020945544
142,1551787200,1088,546,-542,1634,10,-2.142001295388204,1.424981216306709
142,1551801600,679,361,-318,1040,10,-0.8143810182281656,0.16633609736814373
142,1551816000,821,746,-75,1567,10,0.6258499074409833,1.2830128274702042
142,1551830400,526,309,-217,835,10,-0.21576651825868395,-0.2680447938480278
142,1551844800,153,39,-114,192,10,0.3947017341854409,-1.6305175404431416
142,1551859200,427,325,-102,752,10,0.4658242490333001,-0.4439160815111607
142,1551873600,1064,570,-494,1634,10,-1.8575112359967674,1.424981216306709
142,1551888000,620,398,-222,1018,10,-0.24540089944529195,0.11971961148153021
142,1551902400,732,751,19,1483,10,1.1829762737492138,1.1050226086304071
142,1551916800,575,320,-255,895,10,-0.4409878152769048,-0.14090892324817272
142,1551931200,170,45,-125,215,10,0.3295060955749033,-1.5817821233798637
142,1551945600,339,387,48,726,10,1.3548556846315403,-0.4990082921044312
142,1551960000,859,528,-331,1387,10,-0.8914304093133464,0.901605215670639
142,1551974400,578,394,-184,972,10,-0.020179602427071123,0.02224877735497464
142,1551988800,844,749,-95,1593,10,0.5073123826945514,1.3381050380634747
142,1552003200,623,341,-282,964,10,-0.601013473684588,0.005297327941660629
142,1552017600,219,52,-167,271,10,0.08057729360739609,-1.4631219774866657
142,1552032000,356,339,-17,695,10,0.9696087292056361,-0.564695158581023
142,1552046400,1117,587,-530,1704,10,-2.0708787805403452,1.5733063986732068
142,1552060800,644,450,-194,1094,10,-0.07944836480028714,0.2807583809080133
142,1552075200,878,829,-49,1707,10,0.7799486896113449,1.5796631922031994
142,1552089600,742,381,-361,1123,10,-1.0692366964329945,0.3422073850312766
142,1552104000,432,100,-332,532,10,-0.897357285550668,-0.910080940377296
142,1552118400,127,112,-15,239,10,0.9814624816802794,-1.5309277751399217
142,1552132800,359,582,223,941,10,2.39205902616282,-0.04343808912161715
142,1552147200,601,644,43,1245,10,1.3252213034449323,0.6007169885843153
142,1552161600,913,602,-311,1515,10,-0.7728928845669144,1.1728284062836631
142,1552176000,756,406,-350,1162,10,-1.0040410578224568,0.4248457009211824
142,1552194000,528,127,-401,655,10,-1.3063117459258584,-0.6494524056475931
142,1552208400,88,130,42,218,10,1.3192944272076106,-1.575425329849871
142,1552222800,257,356,99,613,10,1.6571263727349417,-0.7384475150674916
142,1552237200,588,504,-84,1092,10,0.5725080213050889,0.2765205185546848
142,1552251600,607,432,-175,1039,10,0.03316228370882328,0.1642171661914795
142,1552266000,418,168,-250,586,10,-0.41135343409029673,-0.7956586568374264
142,1552280400,79,38,-41,117,10,0.8273636995099177,-1.7894373786929603
142,1552294800,828,614,-214,1442,10,-0.19798588954671914,1.0181464303871728
142,1552309200,664,407,-257,1071,10,-0.45284156775154794,0.23202296384473553
142,1552323600,837,460,-377,1297,10,-1.1640667162301401,0.7109014097708564
142,1552338000,854,682,-172,1536,10,0.050942912420788085,1.2173259609936125
142,1552352400,458,203,-255,661,11,-0.30229099923640124,-0.7045688486473026
142,1552366800,85,34,-51,119,11,0.981202052700536,-1.7904491281456518
142,1552381200,954,619,-335,1573,11,-0.8056216078391216,1.1225950164864509
142,1552395600,629,440,-189,1069,11,0.11295675286084314,0.11284656470200821
142,1552410000,901,462,-439,1363,11,-1.4599513990226582,0.7018664949095998
142,1552424400,787,814,27,1601,11,1.4719493960881884,1.1786921526966978
142,1552438800,483,219,-264,702,11,-0.35891569270420726,-0.6224266134822983
142,1552453200,110,35,-75,145,11,0.8302028701197198,-1.7383589302361369
142,1552467600,885,621,-264,1506,11,-0.35891569270420726,0.9883625834119318
142,1552482000,700,511,-189,1211,11,0.11295675286084314,0.3973391840539742
142,1552496400,854,468,-386,1322,11,-1.126494870823356,0.6197242597445956
142,1552510800,872,823,-49,1695,11,0.9937853179156039,1.367018252831098
142,1552525200,573,239,-334,812,11,-0.7993299752315877,-0.402045006942043
142,1552539600,94,44,-50,138,11,0.9874936853080699,-1.7523832142886986
142,1552554000,857,593,-264,1450,11,-0.35891569270420726,0.8761683109914382
142,1552568400,718,479,-239,1197,11,-0.20162487751585714,0.3692906159488508
142,1552582800,929,450,-479,1379,11,-1.7116167033240184,0.7339220013154552
142,1552597200,891,833,-58,1724,11,0.9371606244477979,1.4251188581917107
142,1552611600,663,264,-399,927,11,-1.208286094721298,-0.1716460546499578
142,1552626000,177,46,-131,223,11,0.47787144409781546,-1.5820883365075922
142,1552640400,842,613,-229,1455,11,-0.13870855144051708,0.886185656743268
142,1552654800,729,415,-314,1144,11,-0.6734973230809076,0.2631067509794551
142,1552669200,884,519,-365,1403,11,-0.9943705860651418,0.7820052609242382
142,1552683600,938,813,-125,1751,11,0.5156212397430195,1.4792125252515915
142,1552698000,718,278,-440,996,11,-1.4662430316301922,-0.03340668327470671
142,1552712400,318,61,-257,379,11,-0.3148742644514692,-1.2695471490505028
142,1552726800,187,235,48,422,11,1.6040736808464024,-1.1833979755847666
142,1552741200,488,548,60,1036,11,1.6795732721368106,0.04673208273993161
142,1552755600,821,608,-213,1429,11,-0.038042429719972994,0.834095458833753
142,1552770000,925,629,-296,1554,11,-0.5602479361452954,1.0845291026294979
142,1552784400,749,286,-463,1035,11,-1.6109505816034744,0.044728613589565654
142,1552798800,314,61,-253,375,11,-0.2897077340213332,-1.2775610256519665
142,1552813200,130,155,25,285,11,1.4593661308731203,-1.4578732491849027
142,1552827600,452,413,-39,865,11,1.056701643990944,-0.2958611419726472
142,1552842000,658,531,-127,1189,11,0.5030379745279515,0.35326286274592317
142,1552856400,707,376,-331,1083,11,-0.7804550774089857,0.14089513280713162
142,1552870800,443,156,-287,599,11,-0.5036232426774894,-0.828783935969992
142,1552885200,82,26,-56,108,11,0.9497438896628659,-1.8124872887996772
142,1552896883,120,244,124,364,11,2.082237759018987,-1.2995991863059921
142,1552899600,875,624,-251,1499,11,-0.2771244688062652,0.9743382993593701
142,1552914000,654,400,-254,1054,11,-0.2959993666288672,0.08279452744651886
142,1552928400,868,417,-451,1285,11,-1.5354509903130664,0.5455959011810552
142,1552942800,700,718,18,1418,11,1.4153247026203823,0.8120572981797275
142,1552957200,427,180,-247,607,12,-0.5543524443306628,-0.6756744102592982
142,1552971600,78,29,-49,107,12,1.1063085524466396,-1.7135008157190161
142,1552986000,934,634,-300,1568,12,-0.9988728121548902,1.3190279410342796
142,1553000400,678,421,-257,1099,12,-0.638224211844668,0.34554677271306417
142,1553014800,875,440,-435,1315,12,-2.13114167359396,0.7938877798716624
142,1553029200,815,724,-91,1539,12,0.7540471288878179,1.258834009517616
142,1553043600,477,213,-264,690,12,-0.6969344491044717,-0.5033952269529851
142,1553058000,95,26,-69,121,12,0.9385650174186293,-1.684441676366144
142,1553072400,828,571,-257,1399,12,-0.638224211844668,0.9682426159888949
142,1553086800,642,431,-211,1073,12,-0.2524140812802442,0.29157979962915886
142,1553101200,796,509,-287,1305,12,-0.8898395143866835,0.773131251762468
142,1553115600,803,757,-46,1560,12,1.1314700827008413,1.3024227185469242
142,1553130000,489,272,-217,761,12,-0.3027371417886473,-0.35602387737770513
142,1553144400,102,28,-74,130,12,0.8966291336616267,-1.665760801067869
142,1553158800,866,661,-205,1527,12,-0.2020910207718411,1.2339261757865827
142,1553173200,677,407,-270,1084,12,-0.7472575096128747,0.31441198054927266
142,1553187600,820,446,-374,1266,12,-1.6195238917585286,0.69218079213661
142,1553202000,757,778,21,1535,12,1.6934109250446758,1.250531398273938
142,1553216400,525,252,-273,777,12,-0.7724190398670763,-0.32281343240299415
142,1553230800,100,34,-66,134,12,0.9637265476728308,-1.6574581898241914
142,1553245200,742,569,-173,1311,12,0.06629863527297546,0.7855851686279846
142,1553259600,664,450,-214,1114,12,-0.27757561153444577,0.3766815648768557
142,1553274000,813,550,-263,1363,12,-0.6885472723530711,0.8935191147957953
142,1553288400,904,795,-109,1699,12,0.6030779473626086,1.5909384592647258
142,1553302800,656,304,-352,960,12,-1.4350060032277172,0.057031031995262604
142,1553317200,278,61,-217,339,12,-0.3027371417886473,-1.231949363585707
142,1553331600,173,163,-10,336,12,1.4334084457512597,-1.2381763220184654
142,1553346000,373,362,-11,735,12,1.4250212689998594,-0.40999085046161043
142,1553360400,626,421,-205,1047,12,-0.2020910207718411,0.23761282654525354
142,1553374800,652,507,-145,1159,12,0.30113958431218996,0.47008594136823034
142,1553389200,577,288,-289,865,12,-0.9066138678894845,-0.1401559850420838
142,1553403600,270,57,-213,327,12,-0.2691884347830452,-1.2568571973167402
142,1553418000,121,114,-7,235,12,1.4585699760054613,-1.4478172559213283
142,1553432400,326,307,-19,633,12,1.3579238549886552,-0.6217074371753929
142,1553446800,457,392,-65,849,12,0.9721137244242314,-0.17336643001679478
142,1553461200,460,351,-109,811,12,0.6030779473626086,-0.25224123683173333
142,1553475600,349,148,-201,497,12,-0.16854231376623902,-0.9039962194604362
142,1553490000,63,24,-39,87,12,1.1901803199606449,-1.7550138719374049
142,1553504400,936,639,-297,1575,12,-0.9737112819006887,1.3335575107107156
142,1553518800,644,380,-264,1024,12,-0.6969344491044717,0.18987281189410649
142,1553533200,810,408,-402,1218,12,-1.854364840797743,0.5925494572124771
142,1553547600,704,681,-23,1385,12,1.324375147983053,0.9391834766360229
142,1553562000,380,200,-180,580,13,-0.45364887360577966,-0.7164018851919374
142,1553576400,55,29,-26,84,13,0.18251105345398091,-1.7188868007105857
142,1553590800,898,595,-303,1493,13,-0.9617506335301339,1.1288979693817036
142,1553605200,725,391,-334,1116,13,-1.0898088006655402,0.36692858802982775
142,1553619600,831,457,-374,1288,13,-1.2550451453563871,0.71456448615323
142,1553634000,877,709,-168,1586,13,-0.4040779701985256,1.3168638910414503
142,1553648400,427,252,-175,679,13,-0.4329943305194238,-0.5163091298767233
142,1553662800,97,31,-66,128,13,0.017274708763134018,-1.6299566872371574
142,1553675779,326,364,38,690,13,0.446889204959336,-0.4940766015083662
142,1553675853,19,2,-17,21,13,0.21968923100942148,-1.8462185540929947
142,1553677200,857,556,-301,1413,13,-0.9534888162955916,0.96720685397547
142,1553691600,706,374,-332,1080,13,-1.0815469834309979,0.29416758609702265
142,1553706000,803,435,-368,1238,13,-1.2302596936527601,0.6135075390243341
142,1553720400,828,762,-66,1590,13,0.017274708763134018,1.3249484468117618
142,1553734800,501,209,-292,710,13,-0.9163106387401511,-0.4536538226568078
142,1553749200,86,35,-51,121,13,0.07923833802220161,-1.6441046598352027
142,1553763600,824,612,-212,1436,13,-0.5858379493584572,1.0136930496547623
142,1553778000,699,482,-217,1181,13,-0.6064924924448131,0.49830261929739256
142,1553792400,885,426,-459,1311,13,-1.6061723778244368,0.7610506818325222
142,1553806800,861,813,-48,1674,13,0.09163106387401512,1.4947241179883073
142,1553821200,542,261,-281,803,13,-0.8708706439501681,-0.26568790099706124
142,1553835600,118,40,-78,158,13,-0.032296194644120056,-1.5693225189598197
142,1553850000,820,570,-250,1390,13,-0.7428124768147618,0.9207206582961779
142,1553864400,702,446,-256,1148,13,-0.7675979285183888,0.4316050341923212
142,1553878800,839,529,-310,1368,13,-0.9906669938510321,0.8762556015594637
142,1553893200,817,760,-57,1577,13,0.05445288631857457,1.2986736405582489
142,1553907600,512,901,389,1413,13,1.8968381296215175,0.96720685397547
142,1553922000,129,239,110,368,13,0.7443146254028604,-1.1448833410184565
142,1553936400,144,323,179,467,13,1.0293473199945713,-0.9447905857032424
142,1553950800,324,600,276,924,13,1.4300454558698752,-0.021130088945132883
142,1553965200,429,746,317,1175,13,1.5994127091779933,0.48617578564192504
142,1553979600,466,856,390,1322,13,1.9009690382387887,0.7832832102008793
142,1553994000,294,564,270,858,13,1.405260004166248,-0.15452525915527562
142,1554008400,159,113,-46,272,13,0.09989288110855747,-1.3389126795059367
142,1554022800,51,221,170,272,13,0.9921691424391308,-1.3389126795059367
142,1554037200,123,606,483,729,13,2.285143539645008,-0.4152521827478273
142,1554051600,332,530,198,862,13,1.1078345837227237,-0.14644070338496393
142,1554066000,323,563,240,886,13,1.281332745648113,-0.09793336876309384
142,1554080400,162,292,130,454,13,0.8269327977482839,-0.9710653919567553
142,1554094800,36,66,30,102,13,0.4138419360211666,-1.6825062997441833
142,1554109200,898,581,-317,1479,13,-1.0195833541719304,1.1006020241856127
142,1554123600,647,376,-271,1023,13,-0.8295615577774564,0.1789626663700812
142,1554138000,811,418,-393,1229,13,-1.3335324090845395,0.5953172885411327
142,1554152400,739,679,-60,1418,13,0.04206016046676105,0.9773125486883597
142,1554166800,418,158,-260,576,14,-0.5849028152712861,-0.8757063674731355
142,1554181200,61,28,-33,89,14,0.9615374068020476,-1.86192473771295
142,1554195600,916,639,-277,1555,14,-0.7007155191269984,1.1068558182861632
142,1554210000,719,394,-325,1113,14,-1.0277160947195976,0.21176645556337464
142,1554224400,927,437,-490,1364,14,-2.1517805733191575,0.7200638086027862
142,1554238800,733,659,-74,1392,14,0.6822244151500358,0.7767663021689357
142,1554253200,472,199,-273,671,14,-0.6734654711609483,-0.6833229071594139
142,1554267600,54,29,-25,83,14,1.0160375027341475,-1.8740752720485534
142,1554282000,960,663,-297,1623,14,-0.836965758957248,1.2445618740896691
142,1554296400,734,431,-303,1165,14,-0.8778408309063229,0.317071086471938
142,1554310800,878,446,-432,1324,14,-1.7566548778114335,0.6390602463654298
142,1554325200,881,771,-110,1652,14,0.4369739834555864,1.3032894567117526
142,1554339600,478,222,-256,700,14,-0.5576527673052362,-0.6245953245373305
142,1554354000,67,36,-31,103,14,0.9751624307850726,-1.8335734909298753
142,1554368400,854,627,-227,1481,14,-0.36008991955137415,0.9569992281470537
142,1554382800,744,373,-371,1117,14,-1.3410916463291718,0.2198668117871103
142,1554397200,852,442,-410,1294,14,-1.6067796139981587,0.5783075746874125
142,1554411600,849,780,-69,1629,14,0.7162869751075982,1.2567124084252725
142,1554426000,515,185,-330,700,14,-1.06177865467716,-0.6245953245373305
142,1554440400,158,37,-121,195,14,0.3620363515489491,-1.6472652977839555
142,1554454800,814,586,-228,1400,14,-0.36690243154288665,0.7929670146164071
142,1554469200,742,445,-297,1187,14,-0.836965758957248,0.36162304570248405
142,1554483600,869,543,-326,1412,14,-1.03452860671111,0.8172680832876139
142,1554498000,798,837,39,1635,14,1.4520382701909464,1.268862942760876
142,1554512400,522,583,61,1105,14,1.601913534004221,0.19556574311590336
142,1554526800,186,101,-85,287,14,0.6072867832433985,-1.4609571046380356
142,1554541200,241,240,-1,481,14,1.1795377905304472,-1.068089827786857
142,1554555600,704,436,-268,1140,14,-0.639402911203386,0.2664438600735902
142,1554570000,791,638,-153,1429,14,0.14403596782054962,0.8516945972384904
142,1554584400,785,722,-63,1507,14,0.7571620470566731,1.0096515436013354
142,1554598800,497,521,24,1018,14,1.3498505903182592,0.019382995249653114
142,1554613200,239,105,-134,344,14,0.2734736956592868,-1.3455270284498027
142,1554627600,190,176,-14,366,14,1.0909751346407848,-1.3009750692192568
142,1554642000,524,403,-121,927,14,0.3620363515489491,-0.16490010884033277
142,1554656400,684,587,-97,1271,14,0.5255366393452487,0.5317305264009325
142,1554670800,598,542,-56,1140,14,0.8048496309972605,0.2664438600735902
142,1554685200,288,292,4,580,14,1.2136003504880095,-0.8676060112493997
142,1554699600,47,54,7,101,14,1.234037886462547,-1.8376236690417431
142,1554714000,799,614,-185,1413,14,-0.07396441590784984,0.8192931723435478
142,1554728400,714,365,-349,1079,14,-1.1912163825158972,0.14291342766162166
142,1554742800,804,464,-340,1268,14,-1.1299037745922849,0.5256552592331308
142,1554757200,728,710,-18,1438,14,1.063725086674735,0.8699203987418956
142,1554771600,481,133,-348,614,15,-1.1349410179276627,-0.5539880656900787
142,1554786000,73,27,-46,100,15,1.1783470861048737,-1.5900700514925061
142,1554800400,763,594,-169,1357,15,0.23618007684658904,0.9436946491955313
142,1554814800,613,434,-179,1047,15,0.1595811330044521,0.31882029978161586
142,1554829200,853,479,-374,1332,15,-1.3340982719172187,0.8933015565008606
142,1554843600,715,709,-6,1424,15,1.4847428614734215,1.0787481376172483
142,1554858000,444,152,-292,596,15,-0.7059869324116956,-0.5902710924302416
142,1554872400,66,34,-32,100,15,1.2855856074838654,-1.5900700514925061
142,1554886800,793,647,-146,1440,15,0.4123576476835041,1.1109997169418375
142,1554901200,561,372,-189,933,15,0.08298218916231512,0.08902779709391798
142,1554915600,814,419,-395,1233,15,-1.4949560539857063,0.693744909429965
142,1554930000,835,623,-212,1458,15,-0.0931953816745999,1.1472827436820003
142,1554944400,523,141,-382,664,15,-1.3953774269909283,-0.4532018803007376
142,1554958800,56,31,-25,87,15,1.3392048681733613,-1.6162744596937348
142,1554973200,859,632,-227,1491,15,-0.20809379743780534,1.2138016260389657
142,1554987600,744,405,-339,1149,15,-1.0660019684697393,0.5244241179758719
142,1555002000,825,489,-336,1314,15,-1.0430222853170983,0.8570185297606978
142,1555016400,761,703,-58,1464,15,1.0864283534943093,1.1593770859287214
142,1555030800,539,176,-363,715,15,-1.249839433690868,-0.3503999712036096
142,1555045200,117,37,-80,154,15,0.917910677041608,-1.4812209712720177
142,1555059600,810,597,-213,1407,15,-0.1008552760588136,1.0444808345848724
142,1555074000,724,419,-305,1143,15,-0.8055655594064737,0.512329775729151
142,1555088400,804,492,-312,1296,15,-0.8591848200959695,0.820735503020535
142,1555102800,898,854,-44,1752,15,1.193666874873301,1.7399055137713266
142,1555117200,560,157,-403,717,15,-1.556235209059416,-0.34636852378803595
142,1555131600,189,36,-153,225,15,0.3587383869940082,-1.338104588019153
142,1555146000,145,112,-33,257,15,1.2779257130996517,-1.273601429369975
142,1555160400,382,324,-58,706,15,1.0864283534943093,-0.368541484573691
142,1555174800,555,373,-182,928,15,0.136601449851811,0.07894917855498385
142,1555189200,554,364,-190,918,15,0.07532229477810143,0.05879194147711562
142,1555203600,542,215,-327,757,15,-0.974083235859175,-0.265739575476563
142,1555218000,272,37,-235,309,15,-0.26937295251151494,-1.16878379656506
142,1555232400,106,101,-5,207,15,1.4924027558576354,-1.3743876147593161
142,1555246800,277,293,16,570,15,1.653260537926123,-0.642679908832699
142,1555261200,488,298,-190,786,15,0.07532229477810143,-0.2072835879507451
142,1555275600,482,217,-265,699,15,-0.49916978403792583,-0.38265155052819877
142,1555290000,276,91,-185,367,15,0.1136217666991699,-1.0518718215134242
142,1555304400,56,23,-33,79,15,1.2779257130996517,-1.6324002493560295
142,1555318800,868,573,-295,1441,15,-0.7289666155643367,1.1130154406496244
142,1555333200,728,405,-323,1133,15,-0.9434436583223202,0.4921725386512827
142,1555347600,809,407,-402,1216,15,-1.5485753146752022,0.6594776063975891
142,1555362000,902,844,-58,1746,15,1.0864283534943093,1.7278111715246056
142,1555376400,412,190,-222,602,16,0.012285122961739782,-0.5812039212156594
142,1555390800,63,29,-34,92,16,1.27206864122014,-1.6406361391068536
142,1555405200,1045,635,-410,1680,16,-1.2474983952966605,1.6581449628759235
142,1555419600,658,425,-233,1083,16,-0.061425614808698535,0.41798607252093745
142,1555434000,856,467,-389,1323,16,-1.1067778959167327,0.9165424103520876
142,1555448400,734,754,20,1488,16,1.6339213539113826,1.2592998926110033
142,1555462800,481,237,-244,718,16,-0.13513635257913684,-0.3402350245972702
142,1555477200,87,33,-54,120,16,1.1380491180011614,-1.5824712330265527
142,1555491600,881,587,-294,1468,16,-0.4701851606265837,1.2177535311250742
142,1555506000,796,400,-396,1196,16,-1.1536847290433754,0.6527230149164374
142,1555520400,853,444,-409,1297,16,-1.2407974191357116,0.8625321404203797
142,1555534800,835,821,-14,1656,16,1.4060881644391188,1.6082893290928086
142,1555549200,537,239,-298,776,16,-0.4969890652703795,-0.21975057628807554
142,1555563600,89,32,-57,121,16,1.1179461895183145,-1.5803939149522563
142,1555578000,869,596,-273,1465,16,-0.329464661246656,1.2115215769021848
142,1555592400,742,397,-345,1139,16,-0.8119349448349795,0.5343158846815391
142,1555606800,847,447,-400,1294,16,-1.1804886336871712,0.8563001861974903
142,1555621200,867,802,-65,1669,16,1.064338380230723,1.6352944640586624
142,1555635600,636,270,-366,906,16,-0.9526554442149072,0.05030077337046416
142,1555650000,150,40,-110,190,16,0.7627944529880208,-1.4370589678258006
142,1555664400,617,303,-314,920,16,-0.6042046838455625,0.07938322641061459
142,1555678800,651,403,-248,1054,16,-0.1619402572229326,0.3577438483663401
142,1555693200,614,475,-139,1089,16,0.5684661443205016,0.43044998096671616
142,1555707600,759,610,-149,1369,16,0.5014563827110122,1.0120990417697246
142,1555722000,545,199,-346,744,16,-0.8186359209959285,-0.28622475466556224
142,1555736400,226,35,-191,261,16,0.22001538395115686,-1.289569384550752
142,1555750800,107,103,-4,210,16,1.4730979260486081,-1.3955126063398715
142,1555765200,444,219,-225,663,16,-0.00781780552110703,-0.4544875186835754
142,1555779600,573,328,-245,901,16,-0.14183732874008578,0.03991418299898186
142,1555794000,571,283,-288,854,16,-0.4299793036608901,-0.05771976649295172
142,1555808400,407,200,-207,607,16,0.11279976537597385,-0.5708173308441771
142,1555822800,165,42,-123,207,16,0.6756817628956846,-1.4017445605627608
142,1555837200,147,107,-40,254,16,1.2318627842544465,-1.3041106110708272
142,1555851600,469,250,-219,719,16,0.0323880514445866,-0.3381577065229737
142,1555866000,476,252,-224,728,16,-0.0011168293601580928,-0.3194618438543056
142,1555880400,401,264,-137,665,16,0.5818680966423995,-0.4503328825349825
142,1555894800,288,116,-172,404,16,0.3473339310091867,-0.9925128999263584
142,1555909200,57,19,-38,76,16,1.2452647365763443,-1.673873228295597
142,1555923600,963,355,-608,1318,16,-2.57429167516455,0.9061558199806053
142,1555938000,818,354,-464,1172,16,-1.609351107987903,0.6028673811333223
142,1555952400,815,366,-449,1181,16,-1.508836465573669,0.6215632438019905
142,1555966800,667,689,22,1356,16,1.6473233062332806,0.9850939068038708
142,1555981200,408,186,-222,594,17,0.020739724704662673,-0.7388244919835393
142,1555995600,64,36,-28,100,17,0.9148523008612313,-1.760915197034087
142,1556010000,1085,399,-686,1484,17,-2.1177563337316663,1.102593984726962
142,1556024400,908,409,-499,1317,17,-1.2559055515601285,0.7570693941531937
142,1556038800,847,408,-439,1255,17,-0.979375888831293,0.6287908036407768
142,1556053200,854,759,-95,1613,17,0.6060608441473648,1.369496213373765
142,1556067600,554,192,-362,746,17,-0.6244961549959539,-0.42433504427567836
142,1556082000,86,35,-51,121,17,0.8088492634818443,-1.717465997021817
142,1556096400,1082,419,-663,1501,17,-2.0117532963522793,1.1377671466416568
142,1556110800,943,402,-541,1345,17,-1.4494763154703136,0.8150016608362207
142,1556125200,906,430,-476,1336,17,-1.1499025141807415,0.7963805751166764
142,1556139600,789,709,-80,1498,17,0.6751932598295737,1.1315601180684753
142,1556154000,633,310,-323,943,17,-0.4447518742222107,-0.01674016797009553
142,1556168400,108,37,-71,145,17,0.716672709238899,-1.667809768436365
142,1556182800,1083,410,-673,1493,17,-2.057841573473752,1.1212150704465063
142,1556197200,951,367,-584,1318,17,-1.6476559070926458,0.7591384036775876
142,1556211600,877,432,-445,1309,17,-1.0070288551041766,0.7405173179580431
142,1556226000,851,763,-88,1614,17,0.6383226381323956,1.3715652228981587
142,1556240400,695,267,-428,962,17,-0.9286787839976731,0.02257101299338708
142,1556254800,156,45,-111,201,17,0.5323196007530087,-1.5519452350703111
142,1556266306,164,174,10,338,17,1.0899877539228273,-1.2684909302283576
142,1556269200,676,331,-345,1007,17,-0.5461460838894504,0.11567644159110904
142,1556283600,667,376,-291,1043,17,-0.29726938743349834,0.1901607844692866
142,1556298000,563,476,-87,1039,17,0.6429314658445429,0.18188474637171134
142,1556312400,747,820,73,1567,17,1.3803438997881046,1.2743217752516491
142,1556326800,600,259,-341,859,17,-0.5277107730408613,-0.19053696801917652
142,1556341200,252,46,-206,298,17,0.09448096809901885,-1.3512513112041105
142,1556355600,154,195,41,349,17,1.2328614129993922,-1.2457318254600256
142,1556370000,413,495,82,908,17,1.42182334919743,-0.08915550132387928
142,1556384400,694,564,-130,1258,17,0.4447518742222107,0.6349978322139582
142,1556398800,707,503,-204,1210,17,0.10369862352331337,0.5356853750430548
142,1556413200,594,290,-304,884,17,-0.3571841476914127,-0.138811729909331
142,1556427600,320,54,-266,374,17,-0.18204869462981682,-1.19400658735018
142,1556442000,114,140,26,254,17,1.1637289973171834,-1.4422877302774386
142,1556456400,310,403,93,713,17,1.47252045403105,-0.4926123585806745
142,1556470800,562,461,-101,1023,17,0.5784078778744812,0.1487805939814102
142,1556485200,578,663,85,1241,17,1.4356498323338718,0.5998246702992632
142,1556499600,324,143,-181,467,17,0.20970166090270037,-1.0015887015815546
142,1556514000,67,25,-42,92,17,0.8503287128911696,-1.7774672732292376
142,1556526890,325,280,-45,605,17,0.8365022297547279,-0.7160653872152072
142,1556528400,945,655,-290,1600,17,-0.2926605597213511,1.342599089556645
142,1556542800,653,403,-250,1056,17,-0.10830745123546064,0.2170579082864063
142,1556557200,814,447,-367,1261,17,-0.6475402935566902,0.6412048607871397
142,1556571600,784,723,-61,1507,17,0.7627609863603717,1.1501812037880197
142,1556586000,390,163,-227,553,18,-0.2511575582821389,-0.7547838424386549
142,1556600400,64,34,-30,98,18,0.9211815452125188,-1.6203834601061735
142,1556614800,940,621,-319,1561,18,-0.7986458705740603,1.1628522336247709
142,1556629200,656,416,-240,1072,18,-0.32852003719295386,0.2325704467249542
142,1556643600,864,419,-445,1283,18,-1.5484668200173441,0.6339803793136276
142,1556658000,781,737,-44,1518,18,0.8378681063854873,1.081048313713335
142,1556672400,490,189,-301,679,18,-0.6915285920821627,-0.5150793329307267
142,1556686800,105,37,-68,142,18,0.6950450683962904,-1.5366771234526113
142,1556701200,949,661,-288,1610,18,-0.6141661131713476,1.2560706539889652
142,1556715600,676,389,-287,1065,18,-0.6082151532551311,0.21925352953006927
142,1556730000,796,446,-350,1242,18,-0.9831256279767729,0.5559812928864447
142,1556744400,792,812,20,1604,18,1.2187295410233456,1.2446561535362066
142,1556758800,496,207,-289,703,18,-0.6201170730875641,-0.4694213311196928
142,1556773200,92,32,-60,124,18,0.7426527477260227,-1.570920624810887
142,1556787600,824,656,-168,1480,18,0.09994907677463676,1.0087564775125313
142,1556790339,145,91,-54,236,18,0.7783585072233219,-1.3578499496927283
142,1556802000,717,426,-291,1143,18,-0.6320189929199973,0.3676420354159296
142,1556816400,900,449,-451,1349,18,-1.5841725795146433,0.759539884293971
142,1556830800,849,744,-105,1593,18,0.47485955149627856,1.223729569372816
142,1556845200,530,192,-338,722,18,-0.9117141089821745,-0.4332754130192909
142,1556859600,147,39,-108,186,18,0.45700667174762893,-1.4529707867990491
142,1556874000,835,618,-217,1453,18,-0.19164795911997354,0.9573912254751181
142,1556878264,202,113,-89,315,18,0.5700749101557432,-1.2075590270647416
142,1556888400,685,439,-246,1124,18,-0.3642257966902531,0.33149611731552775
142,1556902800,946,523,-423,1469,18,-1.4175457018605802,0.9878298933491407
142,1556917200,893,878,-15,1771,18,1.010445943955767,1.562359749471318
142,1556931600,669,291,-378,960,18,-1.149752505630836,0.019499771606795748
142,1556946000,280,50,-230,330,18,-0.2690104380307885,-1.1790227759328453
142,1556960400,163,196,33,359,18,1.2960920199341606,-1.1238526904111794
142,1556974800,420,461,41,881,18,1.343699699263893,-0.130791151021191
142,1556989200,671,576,-95,1247,18,0.5343691506584439,0.5654933765970768
142,1557003600,738,591,-147,1329,18,0.22491923501518402,0.7214915494514427
142,1557018000,646,319,-327,965,18,-0.8462535499037925,0.029011855317427823
142,1557032400,302,56,-246,358,18,-0.3642257966902531,-1.1257551071533058
142,1557046800,101,120,19,221,18,1.2127785811071292,-1.3863862008246246
142,1557061200,307,385,78,692,18,1.5638852161639045,-0.49034791528308336
142,1557075600,567,431,-136,998,18,0.29037979409356596,0.0917916078075995
142,1557090000,600,349,-251,949,18,-0.3939805962713358,-0.001426812556594811
142,1557104400,325,120,-205,445,18,-0.1202364401253751,-0.9602448505883078
142,1557118800,50,21,-29,71,18,0.9271325051287354,-1.6717487121435868
142,1557133200,914,643,-271,1557,18,-0.5129997945956666,1.1552425666562653
142,1557147600,622,430,-192,1052,18,-0.04287396121456013,0.19452211188242588
142,1557162000,1040,407,-633,1447,18,-2.667247284266053,0.9459767250223596
142,1557176400,781,1052,271,1833,18,2.712420479993696,1.6803095874831557
142,1557190800,475,162,-313,637,19,-0.3483097410285316,-0.6287481941398593
142,1557205200,64,29,-35,93,19,1.0511618819064767,-1.6541328293795101
142,1557219600,1218,583,-635,1801,19,-1.9692804697518147,1.5652733415567461
142,1557234000,954,411,-543,1365,19,-1.5061459758308766,0.7434577147837909
142,1557248400,1061,398,-663,1459,19,-2.110234446162535,0.9206381480788776
142,1557262800,854,729,-125,1583,19,0.598095529157733,1.1543655281702685
142,1557277200,469,197,-272,666,19,-0.14191284699854836,-0.5740861455700985
142,1557291600,83,26,-57,109,19,0.9404123290123394,-1.6239744577548145
142,1557306000,1107,635,-472,1742,19,-1.148726964217979,1.4540643461906813
142,1557320400,850,411,-439,1261,19,-0.9826026348767728,0.5474282992232694
142,1557334800,995,447,-548,1442,19,-1.5313163287613625,0.8885948782276385
142,1557349200,839,706,-133,1545,19,0.5578229644689559,1.0827393955616165
142,1557363600,507,177,-330,684,19,-0.4338889409921832,-0.540157977492316
142,1557378000,88,43,-45,131,19,1.0008211760455052,-1.5825066967708579
142,1557392400,1133,638,-495,1771,19,-1.2645105876982135,1.508726394760442
142,1557406800,888,391,-497,1279,19,-1.2745787288704076,0.581356467301052
142,1557421200,1034,464,-570,1498,19,-1.6420658816554998,0.9941491789140732
142,1557435600,831,692,-139,1523,19,0.5276185409523729,1.04127163457766
142,1557450000,504,198,-306,702,19,-0.31307124692585153,-0.5062298094145334
142,1557464400,126,34,-92,160,19,0.764219858498939,-1.5278446482010972
142,1557478800,812,529,-283,1341,19,-0.19728762344561704,0.6982201573467475
142,1557493200,681,443,-238,1124,19,0.029245552928754817,0.2891972421868133
142,1557507600,936,505,-431,1441,19,-0.9423300701879956,0.886709980001095
142,1557522000,828,793,-35,1621,19,1.0511618819064767,1.2259916607789207
142,1557536400,664,275,-389,939,19,-0.7308991055719152,-0.059508929723729696
142,1557550800,275,59,-216,334,19,0.13999510582289218,-1.1998723567825325
142,1557565200,158,187,29,345,19,1.3733423994166944,-1.1791384762905541
142,1557579600,399,501,102,900,19,1.7408295522017867,-0.13301996055892523
142,1557594000,615,544,-71,1159,19,0.8699353408069793,0.3551686801158349
142,1557608400,699,486,-213,1185,19,0.15509731758118364,0.4041760340059653
142,1557622800,584,237,-347,821,19,-0.5194681409558348,-0.2819269204558598
142,1557637200,271,45,-226,316,19,0.08965439996192065,-1.233800524860315
142,1557651600,103,102,-1,205,19,1.22232028183378,-1.4430242280066408
142,1557666000,266,296,30,562,19,1.3783764700027916,-0.77011556113062
142,1557680400,387,305,-82,692,19,0.8145605643599106,-0.5250787916799682
142,1557694800,413,287,-126,700,19,0.5930614585716358,-0.5099996058676204
142,1557709200,313,124,-189,437,19,0.2759150116475153,-1.0057278394485545
142,1557723600,61,25,-36,86,19,1.0461278113203796,-1.6673271169653143
142,1557738000,869,595,-274,1464,19,-0.15198098817074268,0.9300626392115949
142,1557752400,630,433,-197,1063,19,0.23564244695873807,0.17421845036766126
142,1557766800,771,436,-335,1207,19,-0.459059293922669,0.44564379498992174
142,1557781200,687,684,-3,1371,19,1.2122521406615856,0.7547671041430517
142,1557795600,340,169,-171,509,20,0.2513616325321307,-0.9440013041112364
142,1557810000,55,30,-25,85,20,1.0076666034286101,-1.7582401505518495
142,1557824400,910,611,-299,1521,20,-0.41170025976067337,0.999417829374378
142,1557838800,642,386,-256,1028,20,-0.18895290531855952,0.052673132923382014
142,1557853200,849,463,-386,1312,20,-0.8623751396784386,0.5980595300675663
142,1557867600,771,796,25,1567,20,1.266675155105487,1.087755062714633
142,1557882000,408,184,-224,592,20,-0.023187432245358502,-0.7846102091712107
142,1557896400,81,26,-55,107,20,0.8522614724224843,-1.7159919085195536
142,1557910800,895,632,-263,1527,20,-0.22521410255332222,1.0109400772013677
142,1557925200,715,392,-323,1107,20,-0.5360243645655741,0.20438272931208115
142,1557939600,844,462,-382,1306,20,-0.8416544555442884,0.5865372822405764
142,1557954000,828,766,-62,1594,20,0.8160002751877216,1.1396051779360872
142,1557968400,529,219,-310,748,20,-0.4686821411295862,-0.4850317656694757
142,1557982800,97,30,-67,127,20,0.790099420020034,-1.677584415762921
142,1557997200,1219,588,-631,1807,20,-2.1315170428951338,1.5486449757942256
142,1558011600,1036,443,-593,1479,20,-1.9346705436207077,0.9187620945854493
142,1558026000,1262,474,-788,1736,20,-2.9448038951605264,1.4122983765081794
142,1558040400,1040,832,-208,1872,20,0.059695304291242,1.6734693272532817
142,1558054800,676,232,-444,908,20,-1.1628250596236154,-0.17777182361641417
142,1558069200,157,34,-123,191,20,0.5000098421419321,-1.5546804389416962
142,1558083600,776,618,-158,1394,20,0.31870385596811857,0.7555302503697603
142,1558098000,692,414,-278,1106,20,-0.3029166680563852,0.20246235467424953
142,1558112400,844,531,-313,1375,20,-0.4842226542301988,0.7190431322509593
142,1558126800,833,883,50,1716,20,1.396179430943925,1.3738908837515467
142,1558141200,764,288,-476,1052,20,-1.3285905326968164,0.09876212423134124
142,1558155600,325,69,-256,394,20,-0.18895290531855952,-1.1648443874618744
142,1558170000,181,174,-7,355,20,1.100909682032286,-1.2397389983373082
142,1558184400,367,525,158,892,20,1.9556379025659785,-0.2084978178217203
142,1558198800,624,579,-45,1203,20,0.9040631827578596,0.3887386945439181
142,1558213200,750,529,-221,1279,20,-0.007646919144745907,0.5346871670191223
142,1558227600,653,278,-375,931,20,-0.8053932583095258,-0.13360320694628655
142,1558242000,309,55,-254,364,20,-0.17859256325148445,-1.2224556265968234
142,1558256400,171,127,-44,298,20,0.9092433537913972,-1.3492003526937113
142,1558270800,326,384,58,710,20,1.4376207992122254,-0.5580060019070778
142,1558285200,593,521,-72,1114,20,0.7641985648523463,0.2178253517769026
142,1558299600,649,368,-281,1017,20,-0.3184571811569978,0.03154901190723403
142,1558314000,333,158,-175,491,20,0.23064094839798055,-0.9785680475922058
142,1558328400,64,25,-39,89,20,0.9351442089590848,-1.750558652000523
142,1558342800,847,642,-205,1489,20,0.0752358173918546,0.9379658409637657
142,1558357200,623,413,-210,1036,20,0.04933496222416694,0.06803613002603509
142,1558371600,822,423,-399,1245,20,-0.9297173631144265,0.46939442933284675
142,1558386000,722,629,-93,1351,20,0.6554149731480581,0.672954140943
142,1558400400,474,191,-283,665,21,-0.7816878329457246,-0.4850304050288414
142,1558414800,77,32,-45,109,21,1.0331473037073031,-1.7170859642542495
142,1558429200,938,613,-325,1551,21,-1.1019528570609647,1.4782811515785532
142,1558443600,688,415,-273,1103,21,-0.7054342557754293,0.48554573695088643
142,1558454811,304,331,27,635,21,1.582173059333429,-0.5515082229726584
142,1558458000,862,434,-428,1296,21,-1.8873647019150062,0.913219699056109
142,1558472400,829,766,-63,1595,21,0.8958908648007715,1.5757819512294848
142,1558486800,565,198,-367,763,21,-1.422217881176205,-0.2678695330790393
142,1558501200,77,38,-39,115,21,1.0788994500094802,-1.703790400665486
142,1558515600,948,612,-336,1560,21,-1.1858317919482895,1.4982244969616985
142,1558530000,681,416,-265,1097,21,-0.6444313940391931,0.47225017336212305
142,1558544400,845,453,-392,1298,21,-1.6128518241019432,0.9176515535856967
142,1558558800,851,767,-84,1618,21,0.7357583527431515,1.6267482783197444
142,1558573200,585,217,-368,802,21,-1.4298432388932345,-0.18144836975207726
142,1558587600,114,28,-86,142,21,0.7205076373090924,-1.6439603645160508
142,1558602000,809,574,-235,1383,21,-0.41567066252830726,1.1060053710931783
142,1558616400,698,419,-279,1117,21,-0.7511864020776065,0.516568718658001
142,1558630800,790,435,-355,1225,21,-1.3307135885718506,0.7558888632557421
142,1558645200,836,719,-117,1555,21,0.484121548081177,1.4871448606377289
142,1558659600,577,222,-355,799,21,-1.3307135885718506,-0.18809615154645895
142,1558674000,148,45,-103,193,21,0.5908765561195904,-1.530948074011562
142,1558688400,700,599,-101,1299,21,0.6061272715536494,0.9198674808504906
142,1558702800,673,438,-235,1111,21,-0.41567066252830726,0.5032731550692376
142,1558717200,871,598,-273,1469,21,-0.7054342557754293,1.2965751158654535
142,1558731600,834,619,-215,1453,21,-0.2631635081877167,1.261120279628751
142,1558746000,649,311,-338,960,21,-1.2010825073823486,0.16866813808535883
142,1558760400,302,54,-248,356,21,-0.5148003128496911,-1.1697519298501564
142,1558774800,152,182,30,334,21,1.6050491324845175,-1.218502329675622
142,1558789200,393,407,14,800,21,1.4830434090120452,-0.18588022428166504
142,1558803600,595,466,-129,1061,21,0.3926172554768227,0.39247679182954265
142,1558818000,568,464,-104,1032,21,0.5832511984025609,0.3282149011505196
142,1558832400,570,295,-275,865,21,-0.7206849712094884,-0.0418449520700616
142,1558846800,297,52,-245,349,21,-0.49192423969860255,-1.1852634207037136
142,1558861200,145,111,-34,256,21,1.117026238594628,-1.3913446563295462
142,1558875600,322,336,14,658,21,1.4830434090120452,-0.5005418958823987
142,1558890000,480,449,-31,929,21,1.1399023117457163,0.09997439287674795
142,1558904400,541,358,-183,899,21,-0.019152061242771818,0.03349657493293098
142,1558918800,419,238,-181,657,21,-0.0039013458087127613,-0.5027578231471926
142,1558933200,149,37,-112,186,21,0.5222483366663246,-1.5464595648651192
142,1558947600,170,182,12,352,21,1.4677926935779861,-1.1786156389093319
142,1558962000,352,302,-50,654,21,0.9950205151221554,-0.5094056049415744
142,1558976400,494,365,-129,859,21,0.3926172554768227,-0.055140515658824996
142,1558990800,512,335,-177,847,21,0.02660008505940535,-0.08173164283635179
142,1559005200,381,193,-188,574,22,-0.16820154209232313,-0.8123998011348756
142,1559019600,57,26,-31,83,22,0.9321168790949573,-1.8286140859221742
142,1559034000,862,617,-245,1479,22,-0.5676802045615906,1.0606631881370292
142,1559048400,576,417,-159,993,22,0.03504198793590065,0.0547973176551002
142,1559062800,789,451,-338,1240,22,-1.2194611801693427,0.5660089843403604
142,1559077200,749,736,-13,1485,22,1.0582680356641998,1.0730812853034728
142,1559091600,426,192,-234,618,22,-0.4905878311026091,-0.7213337552476228
142,1559106000,63,33,-30,96,22,0.9391252766821375,-1.8017082087282132
142,1559120400,877,665,-212,1542,22,-0.33640308418464626,1.1910532083846865
142,1559134800,664,410,-254,1074,22,-0.6307557828462118,0.22244162940208836
142,1559149200,814,447,-367,1261,22,-1.4227047101975665,0.6094723244229129
142,1559163600,697,754,57,1451,22,1.5488558667668089,1.0027120680269592
142,1559178000,461,215,-246,676,22,-0.5746886021487707,-0.6012921493053349
142,1559192400,72,36,-36,108,22,0.8970748911590567,-1.776872014395326
142,1559206800,866,620,-246,1486,22,-0.5746886021487707,1.0751509681645466
142,1559221200,696,439,-257,1135,22,-0.6517809756077522,0.348692283927598
142,1559235600,816,430,-386,1246,22,-1.555864264353989,0.578427081506804
142,1559250000,715,831,116,1546,22,1.9623513244104365,1.1993319398289823
142,1559264400,525,204,-321,729,22,-1.1003184211872805,-0.49159895766841677
142,1559278800,113,32,-81,145,22,0.5816969997359508,-1.7002937485355907
142,1559293200,788,604,-184,1392,22,-0.1401679517436026,0.8806007792235975
142,1559307600,674,501,-173,1175,22,-0.06307557828462118,0.4314795983705551
142,1559322000,922,577,-345,1499,22,-1.2685199632796036,1.1020568453585078
142,1559336400,937,770,-167,1707,22,-0.02102519276154039,1.5325508804618848
142,1559350800,728,401,-327,1129,22,-1.1423688067103612,0.3362741867611544
142,1559365200,391,81,-310,472,22,-1.023226047728299,-1.0235074529644164
142,1559379600,164,205,41,369,22,1.4367215053719269,-1.2366847876550309
142,1559394000,428,475,47,903,22,1.4787718908950076,-0.13147413984155332
142,1559408400,642,538,-104,1180,22,0.42050385523080785,0.4418280126759247
142,1559422800,682,618,-64,1300,22,0.7008397587180131,0.690189956004796
142,1559437200,590,388,-202,978,22,-0.26631910831284494,0.02375207473899128
142,1559451600,353,52,-301,405,22,-0.9601504694436779,-1.1621762046563695
142,1559466000,143,121,-22,264,22,0.9951924573795785,-1.4540014880677932
142,1559480400,336,410,74,746,22,1.667998625748871,-0.45641434903016
142,1559494800,511,596,85,1107,22,1.7450909992078525,0.29074116381752796
142,1559509200,498,407,-91,905,22,0.5116130238641495,-0.12733477411940547
142,1559523600,401,160,-241,561,22,-0.5396466142128701,-0.8393056783288366
142,1559538000,82,28,-54,110,22,0.7709237345898143,-1.7727326486731783
142,1559552400,925,552,-373,1477,22,-1.4647550957206472,1.0565238224148814
142,1559566800,660,425,-235,1085,22,-0.49759622868978926,0.24520814087390158
142,1559581200,774,409,-365,1183,22,-1.4086879150232063,0.4480370612591465
142,1559595600,893,787,-106,1680,22,0.4064870600564476,1.4766694432128886
142,1559610000,469,205,-264,674,23,0.1387761910218789,-0.7107057867392874
142,1559624400,69,32,-37,101,23,1.064015495359357,-1.7664987165953174
142,1559638800,1220,433,-787,1653,23,-1.9929425586190952,1.0931707897512073
142,1559653200,934,403,-531,1337,23,-0.9495008761944501,0.5109184933559097
142,1559667600,930,392,-538,1322,23,-0.978032484698249,0.4832799349827152
142,1559682000,835,725,-110,1560,23,0.7664715781054544,0.9218117278374014
142,1559696400,534,203,-331,737,23,-0.13431206180019617,-0.5946238415718704
142,1559710800,97,49,-48,146,23,1.0191801105676732,-1.683583041475734
142,1559725200,1303,635,-668,1938,23,-1.507905214054514,1.6183033988419029
142,1559739600,1085,426,-659,1511,23,-1.4712217174067725,0.831525770484966
142,1559754000,1042,459,-583,1501,23,-1.161449967936956,0.8131000649028363
142,1559768400,843,762,-81,1605,23,0.8846739561926212,1.0047274029569848
142,1559782800,552,208,-344,760,23,-0.18729933473582266,-0.5522447187329722
142,1559797200,73,38,-35,111,23,1.0721673835032997,-1.7480730110131877
142,1559811600,1202,497,-705,1699,23,-1.658715144717451,1.1779290354290037
142,1559826000,979,421,-558,1400,23,-1.0595513661376743,0.6270004385233267
142,1559840400,998,482,-516,1480,23,-0.888361715114881,0.774406083180364
142,1559854800,890,732,-158,1622,23,0.5708262626508335,1.0360511024466053
142,1559869200,673,251,-422,924,23,-0.5052229723495817,-0.2500631471860456
142,1559883600,151,42,-109,193,23,0.7705475221774257,-1.5969822252397246
142,1559898000,1145,632,-513,1777,23,-0.8761338828989672,1.3216495389696152
142,1559912400,976,484,-492,1460,23,-0.7905390573875706,0.7375546720161047
142,1559926800,1249,498,-751,1747,23,-1.8462085720281294,1.2663724222232262
142,1559941200,926,766,-160,1692,23,0.562674374506891,1.165031041521513
142,1559955600,687,296,-391,983,23,-0.37886870611847234,-0.14135148425148059
142,1559970000,308,78,-230,386,23,0.27735828946890206,-1.2413661075046218
142,1559984400,162,191,29,353,23,1.333027804109461,-1.3021709359256497
142,1559998800,394,455,61,849,23,1.4634580144125415,-0.38825593905201816
142,1560013200,627,576,-51,1203,23,1.0069522783517593,0.26401403855537214
142,1560027600,680,505,-175,1185,23,0.5015352134273219,0.23084776850753874
142,1560042000,628,343,-285,971,23,0.053181365510482234,-0.16346233095003618
142,1560056400,341,55,-286,396,23,0.04910542143851097,-1.222940401922492
142,1560070800,109,125,16,234,23,1.2800405311738343,-1.5214368323529928
142,1560085200,324,439,115,763,23,1.6835589942989901,-0.5467170070583333
142,1560099600,597,500,-97,1097,23,0.819458851041081,0.06870155938479765
142,1560114000,576,371,-205,947,23,0.3792568912681838,-0.2076840243471474
142,1560128400,403,204,-199,607,23,0.4037125557000114,-0.8341580141395561
142,1560142800,73,28,-45,101,23,1.031407942783587,-1.7664987165953174
142,1560157200,986,526,-460,1512,23,-0.6601088470844899,0.8333683410431789
142,1560171600,796,434,-362,1230,23,-0.2606663280313055,0.3137634436271223
142,1560186000,936,401,-535,1337,23,-0.9658046524823352,0.5109184933559097
142,1560200400,711,693,-18,1404,23,1.1414584327268111,0.6343707207561785
142,1560214800,398,148,-250,546,24,0.20125804242325776,-1.0030329028962528
142,1560229200,67,32,-35,99,24,1.1518397454329334,-1.787420075035205
142,1560243600,1104,555,-549,1659,24,-1.120713721297175,0.9500385122953664
142,1560258000,872,369,-503,1241,24,-0.9173334499555699,0.21653999338243124
142,1560272400,974,436,-538,1410,24,-1.072079308585052,0.5130980070099098
142,1560286800,808,788,-20,1596,24,1.218159399131283,0.8394873001147087
142,1560301200,544,207,-337,751,24,-0.18339594902716913,-0.6433027680226842
142,1560315600,67,32,-35,99,24,1.1518397454329334,-1.787420075035205
142,1560328433,186,311,125,497,24,1.8592493848819944,-1.0890171790367642
142,1560330000,1213,637,-576,1850,24,-1.2400890979542039,1.285201711128789
142,1560344400,887,457,-430,1344,24,-0.5945778019569358,0.39728245139207796
142,1560358800,1099,412,-687,1511,24,-1.73085453532199,0.690330902728107
142,1560373200,862,739,-123,1601,24,0.7627644437359499,0.8482612058433323
142,1560387600,533,180,-353,713,24,-0.25413691297207525,-0.7099844515602236
142,1560402000,91,35,-56,126,24,1.0589922302552441,-1.7400409841006375
142,1560416400,1100,562,-538,1662,24,-1.072079308585052,0.9553028557325406
142,1560430800,896,406,-490,1302,24,-0.8598564167503336,0.32358164327163946
142,1560445200,1002,450,-552,1452,24,-1.1339776520368448,0.5867988151303483
142,1560459600,826,842,16,1668,24,1.3773265680073217,0.965831542606889
142,1560474000,535,262,-273,797,24,0.09956790675245525,-0.5625828353193467
142,1560488400,132,40,-92,172,24,0.8998250613792055,-1.6593210513973
142,1560502800,1045,601,-444,1646,24,-0.6564761454087287,0.927226357400945
142,1560517200,698,414,-284,1112,24,0.05093349404033231,-0.009826774416058302
142,1560531600,832,526,-306,1358,24,-0.046335331383913575,0.4218493874322241
142,1560546000,893,835,-58,1728,24,1.050149609762131,1.0711184113503724
142,1561165200,9162,9784,622,18946,25,3.1985467536499796,4.1043327632129065
142,1561179600,311,82,-229,393,25,-0.30212052074344625,-0.3564002147545066
142,1561194000,241,186,-55,427,25,0.4136445858892871,-0.3482255302694696
142,1561208400,592,486,-106,1078,25,0.20385136497969286,-0.19170436557067233
142,1561222800,670,484,-186,1154,25,-0.12523604036869032,-0.17343154142764838
142,1561237200,654,497,-157,1151,25,-0.005941855929901415,-0.1741528371175046
142,1561251600,613,340,-273,953,25,-0.483118593685057,-0.22175835264801436
142,1561266000,339,82,-257,421,25,-0.4173011126153804,-0.34966812164918204
142,1561280400,142,122,-20,264,25,0.5576203257292047,-0.3874159294183236
142,1561294800,453,405,-48,858,25,0.44243973385727065,-0.2445993828267943
142,1561309200,609,462,-147,1071,25,0.03519406973864648,-0.1933873888470035
142,1561323600,559,373,-186,932,25,-0.12523604036869032,-0.22680742247700783
142,1561338000,436,165,-271,601,25,-0.4748914085513474,-0.3063903802578095
142,1561352400,82,41,-41,123,25,0.4712348818252542,-0.4213168268415654
142,1561366800,985,413,-572,1398,25,-1.713082771174639,-0.11476615865267674
142,1561381200,831,399,-432,1230,25,-1.1371798118149685,-0.15515871728462444
142,1561395600,853,408,-445,1261,25,-1.1906565151840809,-0.1477053284894436
142,1561410000,746,749,3,1495,25,0.6522329547668649,-0.09144426468065933
142,1561424400,482,249,-233,731,26,0.13419710231770876,-0.5973794423577152
142,1561438800,61,40,-21,101,26,1.2820270725740768,-1.987709290610433
142,1561453200,1030,488,-542,1518,26,-1.5388192222540729,1.1394294315706799
142,1561467600,789,397,-392,1186,26,-0.7266753753745673,0.4067476702692476
142,1561482000,907,398,-509,1305,26,-1.3601475759405817,0.6693655304947609
142,1561496400,705,743,38,1448,26,1.601470319013349,0.9849483373203778
142,1561510800,553,214,-339,767,26,-0.43971788281047525,-0.51793202245756
142,1561525200,93,30,-63,123,26,1.0546267954478152,-1.9391580895603382
142,1561539600,1025,491,-534,1516,26,-1.4955048837538327,1.1350156860206713
142,1561554000,973,465,-508,1438,26,-1.3547332836280517,0.9628796095703347
142,1561568400,842,394,-448,1236,26,-1.0298757448762494,0.5170913090194633
142,1561582800,803,742,-61,1545,26,1.0654553800728752,1.1990149964957963
142,1561597200,626,237,-389,863,26,-0.7104324984369772,-0.30607223605714584
142,1561611600,98,40,-58,138,26,1.0816982570104654,-1.9060549979352734
142,1561626000,905,372,-533,1277,26,-1.4900905914413025,0.6075730927946401
142,1561640400,802,385,-417,1187,26,-0.8620326831878182,0.4089545430442519
142,1561654800,806,424,-382,1230,26,-0.6725324522492669,0.5038500723694374
142,1561669200,831,771,-60,1602,26,1.0708696723854052,1.324806744671042
142,1561683600,701,238,-463,939,26,-1.1110901295642,-0.13834990515681797
142,1561698000,176,41,-135,217,26,0.6647977489456525,-1.7317120487099327
142,1561712400,862,341,-521,1203,26,-1.4251190836909422,0.4442645074443209
142,1561726800,830,429,-401,1259,26,-0.7754040061873376,0.5678493828445625
142,1561741200,835,558,-277,1393,26,-0.10403175943361291,0.8635703346951406
142,1561755600,849,783,-66,1632,26,1.038383918510225,1.3910129279211716
142,1561770000,738,390,-348,1128,26,-0.4884465136232456,0.27874904931899736
142,1561784400,317,104,-213,421,26,0.24248294856830951,-1.2815100026090527
142,1561798800,231,157,-74,388,26,0.9950695800099848,-1.354336804184195
142,1561813200,515,431,-84,946,26,0.9409266568846844,-0.12290179573178776
142,1561827600,695,553,-142,1248,26,0.6268977027579422,0.543573782319515
142,1561842000,679,685,6,1364,26,1.4282129650123878,0.7995710242200155
142,1561856400,652,319,-333,971,26,-0.40723212893529503,-0.06772997635667992
142,1561870800,340,73,-267,413,26,-0.049888836308312534,-1.2991649848090872
142,1561885200,139,128,-11,267,26,1.336169995699377,-1.621368409959717
142,1561899600,525,407,-118,932,26,0.7568407182586631,-0.15379801458184816
142,1561914000,615,443,-172,1058,26,0.46446893338204104,0.1242679550686954
142,1561928400,638,554,-84,1192,26,0.9409266568846844,0.41998890691927343
142,1561942800,506,264,-242,770,26,0.08546847150493841,-0.511311404132547
142,1561957200,90,39,-51,129,26,1.1195983031981755,-1.9259168529103123
142,1561971600,890,389,-501,1279,26,-1.3168332374403413,0.6119868383446487
142,1561986000,795,369,-426,1164,26,-0.9107613140005886,0.35819646921915266
142,1562000400,776,379,-397,1155,26,-0.7537468369372174,0.3383346142441138
142,1562014800,724,668,-56,1392,26,1.0925268416355254,0.8613634619201362
142,1562029200,400,207,-193,607,27,0.09191906639192697,-0.5562477667219945
142,1562043600,70,40,-30,110,27,1.0645279203627651,-1.7630990173773229
142,1562058000,942,376,-566,1318,27,-2.133744139320482,1.1702537206340184
142,1562072400,834,382,-452,1216,27,-1.4535146340893437,0.9225699629542529
142,1562086800,761,387,-374,1148,27,-0.9880944462996173,0.7574474578344091
142,1562101200,719,736,17,1455,27,1.3449734181334976,1.5029270030078212
142,1562115600,478,206,-272,684,27,-0.37946804688228297,-0.3692708123951126
142,1562130000,86,37,-49,123,27,0.9511563361575754,-1.7315314796338233
142,1562144400,981,347,-634,1328,27,-2.5394950722653715,1.1945364419751718
142,1562158800,777,380,-397,1157,27,-1.1253337324427417,0.7793019070414473
142,1562173200,839,510,-329,1349,27,-0.7195827994978522,1.2455301567915942
142,1562187600,786,626,-160,1412,27,0.2888276073798881,1.3985113012408612
142,1562202000,574,227,-347,801,27,-0.8269874582185582,-0.08516297270361683
142,1562216400,195,45,-150,240,27,0.3484968622247248,-1.4474236399423275
142,1562230800,182,139,-43,321,27,0.9869578890644775,-1.2507335970789841
142,1562245200,472,243,-229,715,27,-0.12289025104948514,-0.2939943762375368
142,1562259600,559,339,-220,898,27,-0.06918792168913213,0.150379424305572
142,1562274000,532,430,-102,962,27,0.634909285479941,0.3057888408889543
142,1562288400,782,347,-435,1129,27,-1.3520769008531213,0.7113102872862176
142,1562302800,109,54,-55,163,27,0.9153547832506734,-1.6344005942692093
142,1562317200,429,301,-128,730,27,0.47976922288336554,-0.2575702942258066
142,1562331600,596,359,-237,955,27,-0.1706256549253545,0.2887909359501469
142,1562346000,798,464,-334,1262,27,-0.7494174269202705,1.034270481123559
142,1562360400,693,436,-257,1129,27,-0.2899641646150279,0.7113102872862176
142,1562374800,493,254,-239,747,27,-0.18255950589432185,-0.21628966794584567
142,1562389200,242,60,-182,302,27,0.15755524672124735,-1.2968707676271758
142,1562403600,164,153,-11,317,27,1.177899504567955,-1.2604466856154457
142,1562418000,479,422,-57,901,27,0.9034209322817061,0.15766424070791804
142,1562432400,635,429,-206,1064,27,0.01434903509363926,0.5534725985687199
142,1562446800,593,418,-175,1011,27,0.19932372511263302,0.4247741754606064
142,1562461200,480,273,-207,753,27,0.008382109609155591,-0.20172003514115358
142,1562475600,279,67,-212,346,27,-0.02145251781326276,-1.1900267937261004
142,1562490000,143,122,-21,265,27,1.1182302497231182,-1.3867168365894438
142,1562504400,397,332,-65,729,27,0.8556855284058368,-0.25999856635992197
142,1562518800,529,435,-94,964,27,0.6826446893558104,0.310645385157185
142,1562533200,514,363,-151,877,27,0.3425299367402411,0.09938570948914967
142,1562547600,322,169,-153,491,27,0.33059608577127375,-0.8379273342793749
142,1562562000,61,31,-30,92,27,1.0645279203627651,-1.806807915791399
142,1562576400,929,424,-505,1353,27,-1.769761684766978,1.2552432453280558
142,1562590800,773,391,-382,1164,27,-1.0358298501754866,0.7962998119802548
142,1562605200,684,403,-281,1087,27,-0.433170376242636,0.6093228576533729
142,1562619600,623,817,194,1440,27,2.4011192288871075,1.466502920996091
142,1562634000,445,186,-259,631,28,-0.4814769760475147,-0.6194765093188492
142,1562648400,70,35,-35,105,28,0.8938451571937849,-1.8664789735208542
142,1562662800,926,432,-494,1358,28,-1.9243372497604854,1.104042105652363
142,1562677200,664,385,-279,1049,28,-0.6042735950869165,0.3714874261116415
142,1562691600,620,419,-201,1039,28,-0.12536678083324962,0.34778015492909387
142,1562706000,735,714,-21,1449,28,0.9798027905213661,1.3197782734135464
142,1562720400,515,214,-301,729,28,-0.7393498760302584,-0.38714525172988246
142,1562734800,79,31,-48,110,28,0.8140273548181738,-1.8546253379295803
142,1562745051,337,216,-121,553,28,0.3658196953243574,-0.8043932245427207
142,1562749200,577,335,-242,912,28,-0.37709984986402323,0.04669781091073905
142,1562763600,646,415,-231,1061,28,-0.3095617093923523,0.39993615153069867
142,1562778000,657,406,-251,1063,28,-0.43235832843175404,0.4046776057672082
142,1562792400,768,746,-22,1514,28,0.9736629595693961,1.473875536100106
142,1562806800,571,232,-339,803,28,-0.9726634522051217,-0.21171144497903005
142,1562821200,93,47,-46,140,28,0.8263070167221139,-1.7835035243819375
142,1562835600,864,406,-458,1270,28,-1.7033033354895624,0.8954181192459439
142,1562850000,710,436,-274,1146,28,-0.5735744403270661,0.6014479565823534
142,1562864400,693,490,-203,1183,28,-0.13764644273718982,0.6891648599577797
142,1562878800,602,822,220,1424,28,2.459502049946157,1.2605100954571773
142,1562893200,461,184,-277,645,28,-0.5919939331829763,-0.5862863296632825
142,1562907600,145,44,-101,189,28,0.48861631436375913,-1.667337895587454
142,1562922000,764,406,-358,1170,28,-1.0893202402925535,0.6583454074204678
142,1562936400,727,402,-325,1129,28,-0.8867058188775405,0.5611455955720225
142,1562950800,711,472,-239,1183,28,-0.35868035700811296,0.6891648599577797
142,1562965200,816,809,-7,1625,28,1.0657604238489473,1.7370262462263846
142,1562979600,645,337,-308,982,28,-0.782328692694049,0.21264870918857243
142,1562994000,316,65,-251,381,28,-0.43235832843175404,-1.2121582888825397
142,1563008400,176,192,16,368,28,1.2069765357442594,-1.2429777414198517
142,1563022800,445,518,73,963,28,1.5569469000065543,0.16760489394173192
142,1563037200,571,534,-37,1105,28,0.8815654952898447,0.5042481447339082
142,1563051600,680,568,-112,1248,28,0.4210781738920882,0.8432621226443392
142,1563066000,619,258,-361,877,28,-1.1077397331484637,-0.03627763822817763
142,1563080400,279,68,-211,347,28,-0.1867650903529505,-1.2927630109032018
142,1563094800,135,126,-9,261,28,1.053480761945007,-1.4966455430731114
142,1563109200,351,418,67,769,28,1.5201079142947338,-0.292316166999692
142,1563123600,577,444,-133,1021,28,0.2921417239007163,0.30510706680050814
142,1563138000,527,404,-123,931,28,0.3535400334204172,0.09174162615757954
142,1563152400,394,192,-202,586,28,-0.13150661178521972,-0.7261592296403135
142,1563166800,62,28,-34,90,28,0.899984988145755,-1.9020398802946756
142,1563181200,882,407,-475,1289,28,-1.8076804616730537,0.9404619344927845
142,1563195600,680,393,-287,1073,28,-0.6533922427026772,0.4283848769497558
142,1563210000,829,360,-469,1189,28,-1.7708414759612332,0.7033892226673082
142,1563224400,703,706,3,1409,28,1.1271587333686481,1.224949188683356
142,1563238800,411,187,-224,598,29,0.04558118652763909,-0.7294898645807479
142,1563253200,78,29,-49,107,29,0.8872481799636612,-1.7911199780467284
142,1563267600,1054,431,-623,1485,29,-1.8734195585064912,1.1883633139209315
142,1563279670,241,331,90,572,29,1.5557722490357018,-0.7857065304669303
142,1563282000,834,391,-443,1225,29,-1.007704936686583,0.6261966550591089
142,1563291941,254,261,7,515,29,1.1565816178631882,-0.9089507595250991
142,1563296400,813,353,-460,1166,29,-1.0894668731917965,0.4986280670866184
142,1563310800,824,703,-121,1527,29,0.5409623312356978,1.2791748511216876
142,1563325200,485,198,-287,683,29,-0.2574189311093289,-0.5457046107220752
142,1563339600,77,37,-40,114,29,0.9305339110546567,-1.7759847218466025
142,1563354000,1062,411,-651,1473,29,-2.008086277456255,1.1624171604350013
142,1563368400,861,389,-472,1250,29,-1.1471811813131239,0.6802511414881304
142,1563382800,848,445,-403,1293,29,-0.8153239096154922,0.7732248581460471
142,1563397200,809,862,53,1671,29,1.3778197989949428,1.5905286929528508
142,1563411600,450,197,-253,647,29,-0.09389505809890174,-0.6235430711798661
142,1563426000,93,32,-61,125,29,0.8295338718423341,-1.752200747817833
142,1563440400,987,370,-617,1357,29,-1.8445624044458278,0.9116043434043419
142,1563454800,856,402,-454,1258,29,-1.060609719131133,0.6975485771454172
142,1563469200,899,409,-490,1308,29,-1.2337526434951145,0.80565755000346
142,1563483600,795,833,38,1628,29,1.3056769138432838,1.497554976294934
142,1563498000,571,208,-363,779,29,-0.6229428825444013,-0.33813538283463296
142,1563512400,140,48,-92,188,29,0.6804385758622387,-1.615983442016699
142,1563526800,895,383,-512,1278,29,-1.3395622083842145,0.7407921662886343
142,1563541200,857,411,-446,1268,29,-1.0221335137169147,0.7191703717170258
142,1563555600,922,527,-395,1449,29,-0.776847704201274,1.1105248534631407
142,1563570000,859,753,-106,1612,29,0.6131052163873569,1.4629601049803602
142,1563584400,703,344,-359,1047,29,-0.6037047798372923,0.2413287116844765
142,1563598800,321,65,-256,386,29,-0.10832363512923354,-1.1878719094988495
142,1563613200,218,216,-2,434,29,1.113295886772193,-1.0840872955551284
142,1563627600,495,411,-84,906,29,0.7189147812764568,-0.06353859177520423
142,1563642000,647,494,-153,1141,29,0.38705750957882523,0.444573580657597
142,1563656400,613,450,-163,1063,29,0.3389622528110525,0.27592358299905023
142,1563670800,541,333,-208,874,29,0.1225335973560754,-0.13272833440435164
142,1563685200,335,77,-258,412,29,-0.11794268648278808,-1.1316552436126672
142,1563699600,177,137,-40,314,29,0.9305339110546567,-1.3435488304144312
142,1563714000,480,415,-65,895,29,0.8102957691352249,-0.08732256580397366
142,1563728400,554,476,-78,1030,29,0.7477719353371204,0.20457166091274195
142,1563742800,492,368,-124,860,29,0.5265337542053661,-0.16299884680460364
142,1563757200,300,164,-136,464,29,0.4688194460840388,-1.0192219118403028
142,1563771600,72,28,-44,100,29,0.9112958083475476,-1.8062552342468545
142,1563786000,972,409,-563,1381,29,-1.5848480178998552,0.9634966503762025
142,1563800400,611,362,-249,973,29,-0.07465695539179265,0.08132743185457314
142,1563814800,642,391,-251,1033,29,-0.08427600674534719,0.2110581992842245
142,1563829200,567,701,134,1268,29,1.7673913788139017,0.7191703717170258
142,1563843600,387,157,-230,544,30,-0.37467937359276193,-0.8215444540888156
142,1563858000,62,36,-26,98,30,0.8879742818646749,-1.8686355380600592
142,1563872400,843,389,-454,1232,30,-1.7611226031146532,0.7936991911403676
142,1563886800,624,407,-217,1031,30,-0.2942161504508664,0.32180388199637655
142,1563901200,590,384,-206,974,30,-0.2261318847154164,0.18798282417942389
142,1563915600,761,780,19,1541,30,1.1665008235096976,1.5191501887796373
142,1563930000,496,186,-310,682,30,-0.8698376698505802,-0.49755662990040384
142,1563944400,95,40,-55,135,30,0.7084793994712157,-1.7817692373718619
142,1563958800,807,378,-429,1185,30,-1.606385635534085,0.6833555118877925
142,1563973200,685,457,-228,1142,30,-0.3623004161863165,0.5824027840609686
142,1563987600,639,367,-272,1006,30,-0.6346374791281165,0.2631104355854324
142,1564002000,780,856,76,1636,30,1.5193011095933933,1.7421852851412252
142,1564016400,631,226,-405,857,30,-1.4578381466567396,-0.08670250502379476
142,1564030800,94,45,-49,139,30,0.7456162716905521,-1.7723782859461108
142,1564045200,780,439,-341,1219,30,-1.0617115096504848,0.7631785990066766
142,1564059600,674,449,-225,1123,30,-0.34373198007664824,0.5377957647886511
142,1564074000,654,451,-203,1105,30,-0.2075634486057482,0.4955364833727713
142,1564088400,801,795,-6,1596,30,1.0117638559291295,1.6482757708837144
142,1564102800,705,243,-462,948,30,-1.810638432740435,0.12694163991204196
142,1564117200,181,47,-134,228,30,0.2195105819166201,-1.5634296167231496
142,1564131600,696,385,-311,1081,30,-0.8760271485538029,0.43919077481826485
142,1564146000,635,423,-212,1058,30,-0.26326875693475277,0.38519280412019624
142,1564160400,662,535,-127,1197,30,0.2628369328391792,0.7115283661650458
142,1564174800,729,739,10,1468,30,1.1107955151806932,1.3477653252596804
142,1564189200,728,335,-393,1063,30,-1.3835644022180669,0.3969314934023851
142,1564203600,334,72,-262,406,30,-0.5727426920958892,-1.1455322782772273
142,1564217322,60,107,47,167,30,1.339806227199934,-1.7066416259658534
142,1564218000,176,208,32,384,30,1.2469640466515932,-1.197182511118858
142,1564232400,414,461,47,875,30,1.339806227199934,-0.04444322360791496
142,1564246800,615,571,-44,1186,30,0.7765636652066658,0.6857032497442304
142,1564261200,632,510,-122,1142,30,0.29378432635529284,0.5824027840609686
142,1564275600,623,380,-243,1003,30,-0.4551425967346574,0.2560672220161191
142,1564290000,412,78,-334,490,30,-1.0183851587279258,-0.948322298336455
142,1564304400,137,170,33,307,30,1.2531535253548158,-1.3779583260645663
142,1564318800,333,446,113,779,30,1.7483118216126343,-0.2698260578259405
142,1564333200,573,405,-168,978,30,0.009068306007047304,0.19737377560517497
142,1564347600,560,403,-157,963,30,0.07715257174249733,0.16215770775860847
142,1564362000,400,208,-192,608,30,-0.1394791828702982,-0.6712892312767985
142,1564376400,81,27,-54,108,30,0.7146688781744385,-1.8451581594956816
142,1564390800,830,401,-429,1231,30,-1.606385635534085,0.7913514532839298
142,1564405200,615,386,-229,1001,30,-0.3684898948895392,0.2513717463032436
142,1564419600,630,388,-242,1018,30,-0.4489531180314347,0.2912832898626856
142,1564434000,699,806,107,1505,30,1.711174949393298,1.4346316259478777
142,1564448400,456,178,-278,634,31,-0.5686839055454425,-0.7609422809405038
142,1564462800,63,46,-17,109,31,1.1547007022613556,-1.910980992689376
142,1564477200,866,409,-457,1275,31,-1.7506220082175379,0.6432002223566906
142,1564491600,628,379,-249,1007,31,-0.3771967269002427,0.056132841882980664
142,1564506000,608,412,-196,1020,31,-0.027237400410739625,0.08460999093580988
142,1564520400,733,742,9,1475,31,1.3263788624260175,1.0813102077848324
142,1564534800,547,232,-315,779,31,-0.8129951334720767,-0.44331254150510097
142,1564549200,88,41,-47,129,31,0.9566105174559766,-1.8671699941465618
142,1564563600,859,411,-448,1270,31,-1.691194952775924,0.6322474727209871
142,1564578000,642,540,-102,1182,31,0.5934451786461149,0.4394790791326047
142,1564592400,605,448,-157,1053,31,0.2302798398362532,0.15689813853145326
142,1564606800,756,758,2,1514,31,1.2801578193047625,1.16674165494332
142,1564621200,521,186,-335,707,31,-0.9450552566756628,-0.601032136259232
142,1564635600,106,35,-71,141,31,0.7981383696116733,-1.8408833950208732
142,1564650000,818,395,-423,1213,31,-1.5261197987714414,0.5073861268739667
142,1564664400,630,390,-240,1020,31,-0.31776967145862894,0.08460999093580988
142,1564678800,750,741,-9,1491,31,1.20752475154279,1.1163590066190838
142,1564693200,829,835,6,1664,31,1.3065698439454796,1.4953241440144265
142,1564707600,630,245,-385,875,31,-1.2752055646846279,-0.23301974849959292
142,1564722000,128,44,-84,172,31,0.7122992895293423,-1.7729763472795113
142,1564736400,706,371,-335,1077,31,-0.9450552566756628,0.20947133678283028
142,1564750800,628,396,-232,1024,31,-0.26494562217719453,0.09337219064437272
142,1564765200,667,494,-173,1161,31,0.12463174127338435,0.39347753066264984
142,1564779600,815,746,-69,1561,31,0.8113443819320318,1.2696975015189333
142,1565398800,9407,6022,-3385,15429,32,-4.056744022777136,4.100068889355855
142,1565413200,326,71,-255,397,32,0.08963960342045921,-0.3581739827390414
142,1565427600,202,174,-28,376,32,0.3903517705600292,-0.36440223582006803
142,1565442000,425,458,33,883,32,0.4711598859587683,-0.21403441143528143
142,1565456400,635,474,-161,1109,32,0.21416358452671286,-0.14700654494423257
142,1565470800,635,522,-113,1157,32,0.2777502982830977,-0.1327705379018859
142,1565485200,551,315,-236,866,32,0.11480934428236154,-0.21907633059611253
142,1565499600,377,64,-313,441,32,0.012805657631494195,-0.3451243096168903
142,1565514000,133,134,1,267,32,0.4287687434545117,-0.39672983514539695
142,1565528400,341,406,65,747,32,0.5135510284630248,-0.2543697647219303
142,1565542800,560,577,17,1137,32,0.44996431470664,-0.1387022075028637
142,1565557200,565,383,-182,948,32,0.1863443972582945,-0.19475648523210365
142,1565571600,348,164,-184,512,32,0.18369495085177845,-0.32406688253341914
142,1565586000,72,21,-51,93,32,0.35988313688509477,-0.44833536067390356
142,1565600400,810,366,-444,1176,32,-0.16073308199530612,-0.127135451780957
142,1565614800,601,354,-247,955,32,0.10023738904652335,-0.19268040087176144
142,1565629200,631,349,-282,980,32,0.05387207693249274,-0.18526581387053923
142,1565643600,727,684,-43,1411,32,0.37048092251115894,-0.05743833396946815
142,1565658000,412,194,-218,606,33,-0.29432149601942087,-0.6466456733647807
142,1565672400,78,35,-43,113,33,0.8004472265224535,-1.8505159586274267
142,1565686800,828,365,-463,1193,33,-1.826997707578045,0.7867658021913514
142,1565701200,572,367,-205,939,33,-0.21299581948773877,0.16651620288767582
142,1565715600,589,376,-213,965,33,-0.26304238966108157,0.2300063193518316
142,1565730000,712,811,99,1523,33,1.6887738470992888,1.5926018957748669
142,1565744400,495,176,-319,671,33,-0.9261594444578741,-0.4879203822043913
142,1565758800,87,37,-50,124,33,0.7566564776207786,-1.823654755507976
142,1565773200,910,367,-543,1277,33,-2.3274634093114734,0.9918877169217009
142,1565787600,632,366,-266,998,33,-0.5946009170594778,0.31058992871018315
142,1565802000,583,413,-170,996,33,0.005957925020636119,0.3057060735975558
142,1565816400,801,799,-2,1600,33,1.0569358986608355,1.7806303176110205
142,1565830800,466,192,-274,658,33,-0.6446474872328206,-0.5196654404364692
142,1565845200,79,40,-39,119,33,0.825470511609125,-1.8358643932895446
142,1565859600,787,353,-434,1140,33,-1.6455788906996773,0.6573436417067262
142,1565874000,678,423,-255,1101,33,-0.5257868830711314,0.5621084670104926
142,1565888400,596,368,-228,964,33,-0.35687970873609937,0.2275643917955179
142,1565902800,801,773,-28,1574,33,0.8942845455974713,1.7171402011468648
142,1565917200,545,245,-300,790,33,-0.8072988402961848,-0.197331003003063
142,1565931600,164,40,-124,204,33,0.2937257035173574,-1.6283005510028814
142,1565946000,674,347,-327,1021,33,-0.9762060146312169,0.3667542625053979
142,1565960400,599,362,-237,961,33,-0.41318210018111007,0.22023860912657686
142,1565974800,644,480,-164,1124,33,0.04349285265064324,0.6182728008057072
142,1565989200,818,690,-128,1508,33,0.268702418430686,1.5559729824301616
142,1566003600,628,290,-338,918,33,-1.0450200486195633,0.11523572420508847
142,1566018000,331,59,-272,390,33,-0.6321358446894849,-1.1741020255285364
142,1566032400,188,174,-14,362,33,0.9818660434008213,-1.2424759971053194
142,1566046800,411,464,53,875,33,1.4010060686025674,0.010232839283600092
142,1566061200,591,573,-18,1164,33,0.9568427583141499,0.7159499030582546
142,1566075600,622,525,-97,1147,33,0.46263287785238943,0.6744371346009219
142,1566090000,610,343,-267,953,33,-0.6008567383311457,0.2007031886760674
142,1566104400,376,68,-308,444,33,-0.8573454104695277,-1.0422379374875974
142,1566118800,126,133,7,259,33,1.1132382901058462,-1.4939945354056288
142,1566133200,355,487,132,842,33,1.8952159490643279,-0.07035077007475146
142,1566147600,522,551,29,1073,33,1.250866358082539,0.4937344954337094
142,1566162000,518,408,-110,926,33,0.38130720132070733,0.13477114465559795
142,1566176400,350,172,-178,522,33,-0.04408864515270671,-0.8517675880951301
142,1566190800,76,28,-48,104,33,0.7691681201641143,-1.8724933066342497
142,1566205200,795,333,-462,1128,33,-1.8207418863063771,0.628040511030962
142,1566219600,587,348,-239,935,33,-0.42569374272444577,0.1567484926624211
142,1566234000,575,379,-196,954,33,-0.15669342804272807,0.20314511623238107
142,1566248400,666,743,77,1409,33,1.551145779122596,1.314222154355107
142,1566262800,440,173,-267,613,34,-0.5067223713439583,-0.6124596609141068
142,1566277200,66,33,-33,99,34,1.0139089158525063,-1.915226353180708
142,1566291600,846,376,-470,1222,34,-1.8259025051084126,0.9310907585223919
142,1566306000,582,384,-198,966,34,-0.05833109435012897,0.28224197793824796
142,1566320400,563,390,-173,953,34,0.10412951325633092,0.24929262579920938
142,1566334800,751,705,-46,1456,34,0.9294293998971472,1.524179097025086
142,1566349200,474,215,-259,689,34,-0.4547349769098911,-0.419832679178189
142,1566363600,104,34,-70,138,34,0.7734672165949457,-1.8163782967635924
142,1566378000,775,330,-445,1105,34,-1.6634418975019527,0.6345465892710448
142,1566392400,616,362,-254,978,34,-0.4222428553885991,0.3126567645281297
142,1566406800,591,396,-195,987,34,-0.038835821437353785,0.335467854470541
142,1566421200,689,777,88,1466,34,1.8002182566677722,1.549524752516654
142,1566435600,497,182,-315,679,34,-0.8186467379483613,-0.44517833466975715
142,1566450000,105,39,-66,144,34,0.7994609138119793,-1.8011709034686516
142,1566464400,741,332,-409,1073,34,-1.4294986225486506,0.5534404916980268
142,1566478800,531,349,-182,880,34,0.045643694518005366,0.0642693407107621
142,1566493200,564,369,-195,933,34,-0.038835821437353785,0.19860131481607315
142,1566507600,709,752,43,1461,34,1.5077891629761444,1.5368519247708698
142,1566522000,536,203,-333,739,34,-0.9356183754250124,-0.2931044017203484
142,1566536400,129,29,-100,158,34,0.5785144874671938,-1.7656869857804562
142,1566550800,678,308,-370,986,34,-1.1760600746825731,0.3329332889213842
142,1566565200,599,349,-250,948,34,-0.39624915817156553,0.2366197980534253
142,1566579600,650,446,-204,1096,34,-0.09732164017567935,0.6117354993286335
142,1566594000,819,579,-240,1398,34,-0.3312649151289816,1.3771742951739907
142,1566608400,647,330,-317,977,34,-0.8316435865568781,0.31012219897897286
142,1566622800,302,69,-233,371,34,-0.2857759449991728,-1.2258245238100554
142,1566637200,176,173,-3,349,34,1.2088616449802583,-1.281584965891505
142,1566651600,419,489,70,908,34,1.683246619191121,0.13523717608715285
142,1566666000,638,533,-105,1171,34,0.5460223659459018,0.8018279155153945
142,1566680400,554,496,-58,1050,34,0.8514483082460464,0.49514548406742015
142,1566694800,528,360,-168,888,34,0.1366216347776229,0.0845458651040166
142,1566709200,291,63,-228,354,34,-0.25328382347788087,-1.2689121381457211
142,1566723600,131,142,11,273,34,1.2998395852398759,-1.474211947627423
142,1566738000,321,417,96,738,34,1.8522056511018394,-0.2956389672695052
142,1566752400,492,466,-26,958,34,1.0593978859823152,0.26196545354499345
142,1566766800,576,425,-151,1001,34,0.24709484795001563,0.37095177215873637
142,1566781200,465,175,-290,640,34,-0.6561861303419014,-0.5440263910868728
142,1566795600,86,38,-48,124,34,0.9164325512886304,-1.8518622144517878
142,1566810000,742,381,-361,1123,34,-1.1175742559442474,0.6801687691558674
142,1566824400,694,387,-307,1081,34,-0.7666593435142941,0.5737170160912813
142,1566838800,845,364,-481,1209,34,-1.897385172455255,0.8981414063833533
142,1566853200,955,558,-397,1513,34,-1.3515175308975498,1.6686493333270243
142,1566867600,559,165,-394,724,35,-0.49553798274464045,-0.24405102303111142
142,1566882000,81,29,-52,110,35,0.049979152766090336,-0.9251752418543042
142,1566896400,801,342,-459,1143,35,-0.5992181400785512,0.22075524355995987
142,1566910800,661,337,-324,998,35,-0.3838824286927365,0.05990343292581826
142,1566925200,836,378,-458,1214,35,-0.5976230607349526,0.2995171646290913
142,1566939600,1078,774,-304,1852,35,-0.35198084182076395,1.0072651314193144
142,1566954000,715,185,-530,900,35,-0.7124687734740538,-0.048810204606222284
142,1566968400,135,27,-108,162,35,-0.03934529047543283,-0.8674904545924051
142,1566982800,885,360,-525,1245,35,-0.7044933767560607,0.33390617241983883
142,1566997200,588,383,-205,971,35,-0.19406798680449974,0.02995171646290913
142,1567011600,1147,4957,3810,6104,35,6.210175577743992,5.724105812911523
142,1567026000,699,734,35,1433,35,0.18875105565917097,0.5424588648282431
142,1567040400,460,196,-264,656,35,-0.2881776680768188,-0.31948497560436406
142,1567054800,83,37,-46,120,35,0.059549628827682104,-0.9140820135347082
142,1567069200,753,410,-343,1163,35,-0.4141889362211104,0.24294170019915182
142,1567083600,633,419,-214,1052,35,-0.20842370089688741,0.11980686585163652
142,1567098000,632,399,-233,1031,35,-0.23873020842526135,0.09651108638048497
142,1567112400,774,727,-47,1501,35,0.057954549484083476,0.6178928174014957
142,1567126800,543,237,-306,780,35,-0.3551710005079612,-0.18192894444137397
142,1567141200,157,35,-122,192,35,-0.06167640128581362,-0.8342107696336173
142,1567155600,599,337,-262,936,35,-0.28498750938962153,-0.00887458265567678
142,1567170000,581,362,-219,943,35,-0.21639909761488055,-0.0011093228319595974
142,1567184400,742,574,-168,1316,35,-0.13505005109135051,0.4126680934889702
142,1567198800,745,565,-180,1310,35,-0.15419100321453405,0.4060121564972126
142,1567213200,579,304,-275,883,35,-0.3057235408564037,-0.06766869274953544
142,1567227600,306,64,-242,370,35,-0.253085922517649,-0.6367513055448089
142,1567242000,180,160,-20,340,35,0.10102169176124642,-0.6700309905035968
142,1567256400,362,412,50,774,35,0.21267724581315037,-0.18858488143313157
142,1567270800,530,446,-84,976,35,-0.0010633862290657596,0.03549833062270712
142,1567285200,584,454,-130,1038,35,-0.07443703603460264,0.10427634620420216
142,1567299600,493,330,-163,823,35,-0.12707465437335735,-0.1342280626671113
142,1567314000,272,71,-201,343,35,-0.18768766943010523,-0.666703022007718
142,1567328400,141,114,-27,255,35,0.08985613635605603,-0.7643234312201626
142,1567342800,429,369,-60,798,35,0.03721851801730131,-0.16196113346610122
142,1567357200,409,502,93,911,35,0.28126565758789135,-0.03660765345466671
142,1567371600,515,445,-70,960,35,0.021267724581315033,0.01774916531135356
142,1567386000,456,230,-226,686,35,-0.22756465302007095,-0.28620529064557615
142,1567400400,143,41,-102,184,35,-0.029774814413841062,-0.843085352289294
142,1567414800,135,142,7,277,35,0.14408883403840939,-0.7399183289170514
142,1567429200,288,302,14,590,35,0.1552543894435998,-0.3927002825136975
142,1567443600,452,369,-83,821,35,0.0005316931145328684,-0.13644670833103048
142,1567458000,413,350,-63,763,35,0.03243327998650543,-0.20078743258468712
142,1567472400,293,153,-140,446,36,0.2648718636993838,-1.0371475900550033
142,1567486800,49,22,-27,71,36,0.8856530316585322,-1.792317232853131
142,1567501200,905,383,-522,1288,36,-1.833698102321808,0.6584599812410596
142,1567515600,632,404,-228,1036,36,-0.2185683378971211,0.15098598128071775
142,1567530000,682,441,-241,1123,36,-0.2899856404056957,0.3261853384098834
142,1567544400,722,674,-48,1396,36,0.7702866199139117,0.8759488383669204
142,1567558800,442,203,-239,645,36,-0.2789983630966842,-0.6364042329434635
142,1567573200,69,32,-37,101,36,0.8307166451134749,-1.7319036614292809
142,1567587600,935,414,-521,1349,36,-1.8282044636673023,0.7813009098028884
142,1567602000,639,387,-252,1026,36,-0.35041566560525883,0.13084812413943434
142,1567616400,714,407,-307,1121,36,-0.6525657916030744,0.3221577669816267
142,1567630800,739,722,-17,1461,36,0.9405894182035895,1.0068449097852625
142,1567645200,533,201,-332,734,36,-0.7899067579657179,-0.45717730438604115
142,1567659600,99,49,-50,148,36,0.7592993426049003,-1.6372557328652488
142,1567674000,912,619,-293,1531,36,-0.5756548504399941,1.1478099097742465
142,1567688400,682,407,-275,1089,36,-0.47676935465889075,0.2577166241295198
142,1567702800,852,503,-349,1355,36,-0.8832986150923153,0.7933836240876584
142,1567717200,802,759,-43,1561,36,0.7977548131864404,1.2082234811980965
142,1567731600,606,230,-376,836,36,-1.0316268587639703,-0.2517711615449504
142,1567746000,125,44,-81,169,36,0.5889965443152224,-1.5949662328685537
142,1567760400,908,589,-319,1497,36,-0.7184894554571433,1.0793411954938827
142,1567774800,648,436,-212,1084,36,-0.1306701194250293,0.24764769555887808
142,1567789200,786,525,-261,1311,36,-0.3998584134958104,0.7047770526660114
142,1567803600,798,831,33,1629,36,1.2152713509288764,1.3451609097588237
142,1567818000,619,303,-316,922,36,-0.7020085394936261,-0.07858559012991309
142,1567832400,260,69,-191,329,36,-0.015303707680408797,-1.272760518608019
142,1567846800,196,179,-17,375,36,0.9405894182035895,-1.1801263757581155
142,1567861200,434,453,19,887,36,1.1383604097657962,-0.14906809012440503
142,1567875600,623,621,-2,1244,36,1.0229939980211757,0.5698534098194126
142,1567890000,705,578,-127,1283,36,0.3362891662079584,0.6483910526704179
142,1567904400,651,406,-245,1057,36,-0.31196019502371863,0.1932754812774129
142,1567918800,407,67,-340,474,36,-0.8338558672017637,-0.9807615900594098
142,1567933200,145,143,-2,288,36,1.0229939980211757,-1.355325732887281
142,1567947600,338,490,152,828,36,1.8690143508150592,-0.26788144725797713
142,1567962000,526,515,-11,1041,36,0.973551250130624,0.16105490985135945
142,1567976400,590,379,-211,969,36,-0.12517648077052354,0.01606233843411892
142,1567990800,376,166,-210,542,36,-0.11968284211601782,-0.8438241614986826
142,1568005200,59,25,-34,84,36,0.8471975610769921,-1.7661380185694626
142,1568019600,1032,629,-403,1661,36,-1.1799551024356252,1.4096020526109307
142,1568034000,464,360,-104,824,36,0.4626428552615904,-0.27593659011449045
142,1568048400,1429,650,-779,2079,36,-3.245563236529782,2.251364481116577
142,1568062800,708,761,53,1469,36,1.3251441240189912,1.0229551954982892
142,1568077200,467,189,-278,656,37,-0.5416870831718194,-0.6981005301138125
142,1568091600,64,34,-30,98,37,0.7986506609485646,-1.845801361462033
142,1568106000,976,616,-360,1592,37,-0.9848632727600108,1.2270750579541705
142,1568120400,651,411,-240,1062,37,-0.33631275141143796,0.13696494932593223
142,1568134800,854,402,-452,1256,37,-1.4820853391272502,0.5359863853143817
142,1568149200,774,751,-23,1525,37,0.8364827746938981,1.0892686857313554
142,1568163600,542,189,-353,731,37,-0.9470311590146775,-0.5438396656852882
142,1568178000,113,30,-83,143,37,0.5122075140196116,-1.7532448428049185
142,1568192400,964,604,-360,1568,37,-0.9848632727600108,1.1777115813370427
142,1568206800,675,430,-245,1105,37,-0.3633356898009618,0.22540784493161947
142,1568221200,824,483,-341,1307,37,-0.8821761068798202,0.6408837731257782
142,1568235600,838,889,51,1727,37,1.2364222628588513,1.504744613925514
142,1568250000,544,188,-356,732,37,-0.9632449220483917,-0.5417828541595746
142,1568264400,90,36,-54,126,37,0.6689405566788501,-1.7882106387420507
142,1568276803,162,263,101,425,37,1.50665164675409,-1.1732239925536672
142,1568276895,643,447,-196,1090,37,-0.09851089358362788,0.19455567204591462
142,1568278800,454,443,-11,897,37,0.9013378268287553,-0.2024089524168212
142,1568293200,716,353,-363,1069,37,-1.001077035793725,0.1513626300059278
142,1568307600,799,454,-345,1253,37,-0.9037944575914393,0.5298159507372407
142,1568322000,751,875,124,1626,37,1.6309571633458997,1.2970066498284347
142,1568336400,566,215,-351,781,37,-0.9362219836588679,-0.44099908939960536
142,1568350800,132,31,-101,163,37,0.41492493581732565,-1.7121086122906455
142,1568365200,915,578,-337,1493,37,-0.8605577561682011,1.0234507169085183
142,1568379600,677,431,-246,1108,37,-0.3687402774788666,0.23157827950876045
142,1568394000,863,563,-300,1426,37,-0.6605880120857244,0.8856443446857034
142,1568408400,932,937,5,1869,37,0.9878112296752317,1.7968118505768533
142,1568422800,844,343,-501,1187,37,-1.7469101353445842,0.3940663900401393
142,1568437200,373,86,-287,459,37,-0.5903283722729623,-1.103292400679403
142,1568451600,182,211,29,393,37,1.1175213339449463,-1.2390419613765042
142,1568466000,445,591,146,1036,37,1.7498580922598048,0.08348784965737714
142,1568480400,745,671,-74,1416,37,0.5608488031207546,0.8650762294285668
142,1568494800,635,681,46,1316,37,1.2093993244693275,0.6593950768572011
142,1568509200,729,361,-368,1090,37,-1.028099974183249,0.19455567204591462
142,1568523600,388,82,-306,470,37,-0.6930155381531531,-1.0806674738965527
142,1568538000,116,142,26,258,37,1.101307570911232,-1.516711517347848
142,1568552400,352,502,150,854,37,1.7714764429714238,-0.2908518480225084
142,1568566800,634,571,-63,1205,37,0.620299267577707,0.4310889975029852
142,1568581200,678,483,-195,1161,37,-0.09310630590572311,0.34058929037158425
142,1568595600,469,184,-285,653,37,-0.5795191969171528,-0.7042709646909535
142,1568610000,91,29,-62,120,37,0.6257038552556119,-1.8005515078963326
142,1568624400,961,578,-383,1539,37,-1.1091687893518207,1.1180640470913465
142,1568638800,650,380,-270,1030,37,-0.4984503817485812,0.0711469805030952
142,1568653200,835,427,-408,1262,37,-1.24428348129944,0.5483272544686636
142,1568667600,697,824,127,1521,37,1.6471709263796142,1.0810414396285009
142,1568682000,419,175,-244,594,38,-0.2990269686866384,-0.8019058004849706
142,1568696400,65,33,-32,98,38,0.9463126614283422,-1.8088558689420475
142,1568710800,997,613,-384,1610,38,-1.121421064045588,1.260717726838397
142,1568725200,648,415,-233,1063,38,-0.2344102897655781,0.15023045376174132
142,1568739600,808,440,-368,1248,38,-1.0274331674331365,0.5258065881660946
142,1568754000,788,838,50,1626,38,1.4280006315671556,1.2931999871112057
142,1568768400,543,186,-357,729,38,-0.9628164885120762,-0.5278367294331452
142,1568782800,85,26,-59,111,38,0.7877080858948305,-1.7824640324703904
142,1568797200,959,611,-348,1570,38,-0.9099482966675724,1.1795120761563744
142,1568811600,665,405,-260,1070,38,-0.3930148652990898,0.16444144263109522
142,1568826000,860,483,-377,1343,38,-1.0803013592776405,0.7186700085358977
142,1568840400,788,809,21,1597,38,1.2576475689570874,1.2343258903667396
142,1568854800,546,216,-330,762,38,-0.8042119129785645,-0.46084206762047675
142,1568869200,74,32,-42,106,38,0.8875702260455601,-1.792614738805643
142,1568883600,928,643,-285,1571,38,-0.5398709537560451,1.1815422174234251
142,1568898000,680,391,-289,1071,38,-0.5633679279091579,0.1664715838981458
142,1568912400,908,451,-457,1359,38,-1.5502408423398975,0.7511522688087067
142,1568926800,810,845,35,1655,38,1.3398869784929823,1.352074083855672
142,1568941200,579,220,-359,799,38,-0.9745649755886326,-0.3857268407396061
142,1568955600,142,40,-102,182,38,0.5351156137488675,-1.6383240025098007
142,1568970000,869,536,-333,1405,38,-0.8218346435933992,0.8445387670930323
142,1568984400,712,430,-282,1142,38,-0.5222482231412104,0.3106116138587354
142,1568998800,830,507,-323,1337,38,-0.7630922082106171,0.7064891609335944
142,1569013200,808,803,-5,1611,38,1.104917236961854,1.2627478681054474
142,1569027600,757,323,-434,1080,38,-1.4151332409594986,0.1847428553016008
142,1569042000,268,72,-196,340,38,-0.017063278849284286,-1.3175616823158125
142,1569056400,167,171,4,338,38,1.1577854288063578,-1.3216219648499135
142,1569070800,437,535,98,972,38,1.7099643214045095,-0.034512401539859495
142,1569085200,601,507,-94,1108,38,0.5821095620550932,0.24158681077901645
142,1569099600,705,603,-102,1308,38,0.5351156137488675,0.6476150641891282
142,1569114000,638,351,-287,989,38,-0.5516194408326015,0.0
142,1569128400,364,76,-288,440,38,-0.5574936843708796,-1.1145475556107567
142,1569142800,126,125,-1,251,38,1.1284142111149669,-1.4982442550833122
142,1569157200,343,487,144,830,38,1.9801795241653073,-0.3227924614610388
142,1569171600,600,533,-67,1133,38,0.7407141375886049,0.2923403424552804
142,1569186000,579,401,-178,980,38,0.0886731048397235,-0.018271271403455025
142,1569200400,382,169,-213,551,38,-0.11692541900001387,-0.8892018749681446
142,1569214800,70,29,-41,99,38,0.8934444695838384,-1.806825727674997
142,1569229200,956,584,-372,1540,38,-1.0509301415862493,1.1186078381448576
142,1569243600,742,387,-355,1129,38,-0.9510680014355198,0.2842197773870782
142,1569258000,844,392,-452,1236,38,-1.5208696246485065,0.501444892961488
142,1569272400,734,821,87,1555,38,1.6453476424834492,1.1490599571506162
142,1569286800,370,178,-192,548,39,-0.07857158771718242,-0.8960651960786953
142,1569301200,76,36,-40,112,39,0.8879043583068879,-1.8084224866315486
142,1569315600,971,619,-352,1590,39,-1.0959146887951512,1.284385025838904
142,1569330000,689,411,-278,1100,39,-0.6253935045465906,0.2590293552634495
142,1569344400,833,429,-404,1262,39,-1.426551196645491,0.5980244953312528
142,1569358800,797,787,-10,1584,39,1.078656189759007,1.2718296502808373
142,1569373200,485,216,-269,701,39,-0.5681679551109549,-0.5759031193479921
142,1569387600,99,34,-65,133,39,0.7289444987634552,-1.764478672178315
142,1569402000,976,621,-355,1597,39,-1.114989871940363,1.299032963989982
142,1569416400,709,435,-274,1144,39,-0.5999599270196414,0.3511021093559393
142,1569430800,837,449,-388,1286,39,-1.3248168865376941,0.64824599756352
142,1569445200,819,817,-2,1636,39,1.1295233448129054,1.380642905117416
142,1569459600,550,201,-349,751,39,-1.0768395056499391,-0.4712749896974355
142,1569474000,83,36,-47,119,39,0.8433955976347267,-1.7937745484804708
142,1569488400,895,577,-318,1472,39,-0.8797292798160827,1.0374626398635904
142,1569502800,679,409,-270,1088,39,-0.5745263494926922,0.2339186041473159
142,1569517200,853,489,-364,1342,39,-1.1722154213759988,0.7654295027721434
142,1569531600,832,873,41,1705,39,1.4029343032276094,1.5250297240351842
142,1569546000,562,236,-326,798,39,-0.9305964348699812,-0.3729245478259123
142,1569560400,164,39,-125,203,39,0.347440835859217,-1.6179992906675358
142,1569574800,862,586,-276,1448,39,-0.612676715783116,0.9872411376313234
142,1569589200,636,482,-154,1118,39,0.16304739878883515,0.29669548193764983
142,1569603600,923,546,-377,1469,39,-1.2548745483385837,1.031184952084557
142,1569618000,864,836,-28,1700,39,0.9642050908877354,1.5145669110701285
142,1569632400,685,343,-342,1028,39,-1.032330744977778,0.10836484856664799
142,1569646800,339,74,-265,413,39,-0.5427343775840057,-1.178561146135198
142,1569661200,186,223,37,409,39,1.3775007257006602,-1.1869313965072426
142,1569675600,421,526,105,947,39,1.8098715436587967,-0.061132721467253674
142,1569690000,637,575,-62,1212,39,0.7480196819086671,0.4933963656806962
142,1569704400,723,635,-88,1358,39,0.5827014279834972,0.7989105042603215
142,1569718800,698,383,-315,1081,39,-0.8606540966708709,0.21927066599623798
142,1569733200,345,64,-281,409,39,-0.6444686876918025,-1.1869313965072426
142,1569747600,144,166,22,310,39,1.2821248099746008,-1.3940950932153446
142,1569762000,354,477,123,831,39,1.9243226425300681,-0.30386998225654493
142,1569776400,531,539,8,1070,39,1.1931072886302785,0.19625247747311553
142,1569790800,594,391,-203,985,39,-0.14851392591629278,0.01838465706716933
142,1569805200,373,198,-175,571,39,0.029521116772351745,-0.8479362564394393
142,1569819600,58,35,-23,93,39,0.995997062796422,-1.84818117589876
142,1569834000,740,334,-406,1074,39,-1.4392679854089656,0.20462272784516006
142,1569848400,611,360,-251,971,39,-0.4537168562396834,-0.010911219234986513
142,1569862800,617,373,-244,990,39,-0.40920809556752225,0.02884747003222499
142,1569877200,653,690,37,1343,39,1.3775007257006602,0.7675220653651544
142,1569891600,401,155,-246,556,40,-0.36503086931944045,-0.8668572264710692
142,1569906000,60,39,-21,99,40,1.018105343619097,-1.8217732965402669
142,1569920400,796,316,-480,1112,40,-1.8034925307755196,0.2949224999150882
142,1569934800,636,368,-268,1004,40,-0.5002708545845419,0.06925305666022309
142,1569949200,574,358,-216,932,40,-0.18061270759430215,-0.08119323884302032
142,1569963600,721,625,-96,1346,40,0.5570599393062512,0.7838729603006293
142,1569978000,367,158,-209,525,40,-0.13758180319176985,-0.9316327148127435
142,1569992400,95,39,-56,134,40,0.8029508216064356,-1.7486396806706346
142,1570006800,963,592,-371,1555,40,-1.1334398765075169,1.220585123636433
142,1570021200,694,429,-265,1123,40,-0.48182903841202807,0.3179073506169726
142,1570035600,855,483,-372,1338,40,-1.1395871485650215,0.7671567052447134
142,1570050000,750,737,-13,1487,40,1.067283520079134,1.0784969556611477
142,1570064400,471,220,-251,691,40,-0.39576722960696353,-0.5847704224024878
142,1570078800,68,48,-20,116,40,1.0242526156766016,-1.7862512545464455
142,1570093200,872,619,-253,1491,40,-0.4080617737219728,1.0868550831891055
142,1570107600,702,455,-247,1157,40,-0.3711781413769451,0.3889514346046153
142,1570122000,841,450,-391,1291,40,-1.2563853176576092,0.6689487067912072
142,1570136400,779,826,47,1605,40,1.4361198435294107,1.3250617177359076
142,1570150800,497,218,-279,715,40,-0.5678908472170926,-0.53462165723474
142,1570165200,107,51,-56,158,40,0.8029508216064356,-1.6984909155028869
142,1570179600,861,567,-294,1428,40,-0.6600999280796618,0.9552145746237676
142,1570194000,701,459,-242,1160,40,-0.340441781089422,0.3952200302505838
142,1570208400,869,468,-401,1337,40,-1.3178580382326552,0.7650671733627238
142,1570222800,855,788,-67,1643,40,0.7353308289738849,1.4044639292515082
142,1570237200,697,290,-407,987,40,-1.354741670577683,0.03373101466640173
142,1570251600,325,75,-250,400,40,-0.38961995754945894,-1.19282420006143
142,1570266000,202,197,-5,399,40,1.1164616965391707,-1.1949137319434193
142,1570280400,410,574,164,984,40,2.1553506742574498,0.02746241902043325
142,1570294800,694,675,-19,1369,40,1.0303998877341063,0.8319321935863876
142,1570309200,766,549,-217,1315,40,-0.18675997965180674,0.719097471958955
142,1570323600,699,380,-319,1079,40,-0.8137817295172771,0.22596794780943497
142,1570338000,327,65,-262,392,40,-0.46338722223951423,-1.2095404551173459
142,1570352400,142,142,0,284,40,1.147198056826694,-1.435209898372211
142,1570366800,377,547,170,924,40,2.1922343066024776,-0.09790949389893625
142,1570381200,788,761,-27,1549,40,0.9812217112740693,1.2080479323444961
142,1570395600,700,415,-285,1115,40,-0.6047744795621203,0.30119109556105667
142,1570410000,385,193,-192,578,40,-0.03307817821419147,-0.8208875250673003
142,1570424400,66,33,-33,99,40,0.9443380789290416,-1.8217732965402669
142,1570438800,986,557,-429,1543,40,-1.4899816558427843,1.1955107410525592
142,1570453200,647,384,-263,1031,40,-0.4695344942970189,0.12567041747393937
142,1570467600,820,430,-390,1250,40,-1.2502380456001045,0.583277899629638
142,1570482000,741,734,-7,1475,40,1.1041671524241616,1.0534225730772737
142,1570496400,362,170,-192,532,41,-0.16435289052421317,-0.8571417094614181
142,1570510800,56,21,-35,77,41,0.941507272860135,-1.8436496634368276
142,1570525200,938,574,-364,1512,41,-1.3758684835312698,1.2676446529471561
142,1570539600,634,386,-248,1020,41,-0.5587998277823246,0.200915173044076
142,1570554000,802,485,-317,1287,41,-1.0448148040467835,0.7798110493329427
142,1570568400,792,779,-13,1571,41,1.0964685696401073,1.3955654645615498
142,1570582800,432,204,-228,636,41,-0.4179259216187134,-0.6316541771241817
142,1570597200,73,33,-40,106,41,0.9062887963192322,-1.780773332304329
142,1570611600,727,353,-374,1080,41,-1.4463054366130754,0.33100413400786627
142,1570626000,607,334,-273,941,41,-0.7348922104868387,0.029631374441752144
142,1570640400,546,358,-188,904,41,-0.13617810929149093,-0.05059015148591852
142,1570654800,694,764,70,1458,41,1.681095280219094,1.1505645880797448
142,1570669200,434,179,-255,613,41,-0.6081056949395885,-0.6815216121603013
142,1570683600,65,36,-29,101,41,0.9837694447092185,-1.7916140790513115
142,1570698000,889,597,-292,1486,41,-0.8687224213422694,1.211272769862847
142,1570712400,699,418,-281,1117,41,-0.7912417729522832,0.4112256599355369
142,1570726800,750,437,-313,1187,41,-1.016640022814061,0.5629961143932922
142,1570741200,873,846,-27,1719,41,0.9978568353255796,1.7164515682722326
142,1570755600,599,219,-380,818,41,-1.4885676084621589,-0.2370509955340179
142,1570770000,121,42,-79,163,41,0.6315846793001904,-1.6571888193887283
142,1570784400,880,570,-310,1450,41,-0.9955089368895195,1.1332193932845729
142,1570798800,756,456,-300,1212,41,-0.9250719838077138,0.6171998481282048
142,1570813200,816,541,-275,1357,41,-0.7489796011031998,0.9315815037906979
142,1570827600,926,794,-132,1720,41,0.25826882796662054,1.7186197176216291
142,1570842000,741,341,-400,1082,41,-1.6294415146257701,0.33534043270665925
142,1570856400,245,94,-151,339,41,0.12443861711118986,-1.2755945338949435
142,1570870800,208,192,-16,400,41,1.0753374837155658,-1.1433374235817568
142,1570885200,485,555,70,1040,41,1.681095280219094,0.2442781600320061
142,1570899600,628,684,56,1312,41,1.582483545904566,0.8340147830678553
142,1570914000,667,615,-52,1282,41,0.8217644526210655,0.7689703025859601
142,1570928400,665,332,-333,997,41,-1.1575139289776724,0.1510477380079564
142,1570942800,332,92,-240,424,41,-0.5024502653168802,-1.0913018391962406
142,1570957200,134,134,0,268,41,1.1880366086464547,-1.4295331377020952
142,1570971600,404,407,3,811,41,1.2091676945709964,-0.2522280409797934
142,1570986000,577,566,-11,1143,41,1.1105559602564685,0.467597543019846
142,1571000400,622,459,-163,1081,41,0.039914273413023116,0.33317228335726273
142,1571014800,457,189,-268,646,41,-0.6996737339459359,-0.6099726836302166
142,1571029200,97,31,-66,128,41,0.7231527183065376,-1.733074046617606
142,1571043600,579,274,-305,853,41,-0.9602904603486166,-0.16116576830514023
142,1571058000,598,389,-209,987,41,-0.2840957107632827,0.12936624451399134
142,1571072400,543,354,-189,897,41,-0.1432218045996715,-0.06576719693169406
142,1571086800,563,628,65,1191,41,1.6458768036781912,0.5716687117908782
142,1571101200,359,179,-180,538,42,0.07803382367807869,-0.8901412183945477
142,1571115600,69,31,-38,100,42,0.9730217552474275,-1.7829030684428577
142,1571130000,948,580,-368,1528,42,-1.1068797758644393,1.1277451550023172
142,1571144400,645,446,-199,1091,42,-0.04171808265866516,0.23702157401804455
142,1571158800,841,452,-389,1293,42,-1.2392371460261036,0.6487519249535665
142,1571173200,805,559,-246,1364,42,-0.33794648254429466,0.7934690285002104
142,1571187600,464,176,-288,640,42,-0.6026612228676232,-0.6822377738627495
142,1571202000,73,32,-41,105,42,0.9541135595100468,-1.7727117231226714
142,1571216400,907,567,-340,1474,42,-0.9304032823155537,1.0176786255443064
142,1571230800,733,396,-337,1129,42,-0.9114950865781731,0.31447579845145957
142,1571245200,780,483,-297,1263,42,-0.659385810079765,0.5876038530324493
142,1571259600,645,843,198,1488,42,2.4604664865880355,1.0462143924408278
142,1571274000,404,179,-225,583,42,-0.20558911238263042,-0.798419110512872
142,1571288400,77,35,-42,112,42,0.9478108275975866,-1.7584438396744109
142,1571302800,927,600,-327,1527,42,-0.8484677674535711,1.12570688593828
142,1571317200,724,461,-263,1185,42,-0.44509292505611814,0.42861886603754484
142,1571331600,855,472,-383,1327,42,-1.2014207545513425,0.7180530731308326
142,1571346000,857,832,-25,1689,42,1.05495727010941,1.4559064743123125
142,1571360400,597,194,-403,791,42,-1.3274753928005465,-0.3744591451931266
142,1571374800,131,40,-91,171,42,0.6389769638870367,-1.6381859648962138
142,1571389200,865,565,-300,1430,42,-0.6782940058171456,0.927994786726668
142,1571403600,704,426,-278,1130,42,-0.5396339037430212,0.3165140675154968
142,1571418000,887,547,-340,1434,42,-0.9304032823155537,0.9361478629828169
142,1571432400,900,889,-11,1789,42,1.143195516883853,1.6597333807160362
142,1571446800,651,335,-316,986,42,-0.7791377164165089,0.023003322294134636
142,1571461200,309,57,-252,366,42,-0.3757628740190559,-1.2407234974089525
142,1571475600,195,174,-21,369,42,1.080168197759251,-1.2346086902168407
142,1571490000,465,540,75,1005,42,1.6852304613554305,0.06173043451084215
142,1571504400,720,574,-146,1294,42,0.29232670870172556,0.6507901940176037
142,1571518800,836,558,-278,1394,42,-0.5396339037430212,0.8546171004213274
142,1571533200,680,324,-356,1004,42,-1.031246992914917,0.059692165446804904
142,1571547600,422,52,-370,474,42,-1.1194852396893598,-1.020590438492931
142,1571562000,114,136,22,250,42,1.3511856699950395,-1.477162708837272
142,1571576400,376,524,148,900,42,2.145329890965025,-0.15228781721306778
142,1571590800,563,491,-72,1054,42,0.7587288702237805,0.16160561864866677
142,1571605200,501,377,-124,878,42,0.43098681077585005,-0.197129736621887
142,1571619600,353,140,-213,493,42,-0.129956329433108,-0.9818633262762234
142,1571634000,54,23,-31,77,42,1.017140878634649,-1.8297832569157142
142,1571648400,875,572,-303,1447,42,-0.6972022015545263,0.962645360815301
142,1571662800,681,359,-322,1040,42,-0.8169541078912701,0.13306985175214545
142,1571677200,767,445,-322,1212,42,-0.8169541078912701,0.4836521307665503
142,1571691600,750,764,14,1514,42,1.300763814695358,1.099209388105796
142,1571706000,429,176,-253,605,43,-0.4493407659471967,-0.7545241345335582
142,1571720400,61,34,-27,95,43,0.9799965498607094,-1.798574971853249
142,1571734800,945,550,-395,1495,43,-1.347419964375173,1.06744693451453
142,1571749200,651,399,-252,1050,43,-0.4430162645498166,0.15646139999048594
142,1571763600,837,475,-362,1312,43,-1.1387114182616294,0.6928169281821703
142,1571778000,778,780,2,1558,43,1.1634070903847327,1.19641792030108
142,1571792400,343,176,-167,519,43,0.09456635422749322,-0.9305797659247217
142,1571806800,72,39,-33,111,43,0.9420495414764287,-1.7658204357804745
142,1571821200,964,541,-423,1505,43,-1.5245060035018163,1.087918519560014
142,1571835600,765,392,-373,1157,43,-1.2082809336328106,0.3755073599771662
142,1571850000,776,474,-302,1250,43,-0.7592413344188224,0.5658931009001686
142,1571864400,784,850,66,1634,43,1.56817517981706,1.3520019666467595
142,1571878800,510,211,-299,721,43,-0.740267830226682,-0.5170537480059422
142,1571893200,67,37,-30,104,43,0.961023045668569,-1.7801505453123134
142,1571907600,861,604,-257,1465,43,-0.4746387715367172,1.0060321793780775
142,1571922000,705,413,-292,1118,43,-0.6959963204450212,0.2956681782997781
142,1571936400,831,464,-367,1295,43,-1.1703339252485299,0.6580152336048473
142,1571950800,774,844,70,1618,43,1.5934731854065805,1.319247430573985
142,1571965200,598,242,-356,840,43,-1.1007644098773486,-0.27344188596468094
142,1571979600,108,44,-64,152,43,0.7459899981576451,-1.6818869370939895
142,1571994000,884,575,-309,1459,43,-0.8035128442004832,0.9937492283507872
142,1572008400,678,482,-196,1160,43,-0.08884418629653013,0.38164883549081147
142,1572022800,783,556,-227,1339,43,-0.2849037296153137,0.7480902078049775
142,1572037200,894,771,-123,1665,43,0.3728444157122183,1.4154638802877604
142,1572051600,711,324,-387,1035,43,-1.296823953196132,0.12575402242225972
142,1572066000,276,79,-197,355,43,-0.09516868769391024,-1.2663137606706616
142,1572080400,182,192,10,374,43,1.2140031015637736,-1.2274177490842417
142,1572094800,444,534,90,978,43,1.719963213354183,0.00906598766300015
142,1572109200,646,603,-43,1249,43,0.8788045275026275,0.5638459423956202
142,1572123600,730,594,-136,1324,43,0.2906258975462768,0.7173828302367513
142,1572138000,662,401,-261,1063,43,-0.49993677712623763,0.18307446054961532
142,1572152400,459,102,-357,561,43,-1.1070889112747286,-0.8445991087336884
142,1572166800,119,139,20,258,43,1.2772481155375748,-1.4648881356118577
142,1572181200,282,293,11,575,43,1.2203276029611538,-0.8159388896700106
142,1572195600,431,409,-22,840,43,1.01161905684761,-0.27344188596468094
142,1572210000,565,421,-144,986,43,0.24002988636723588,0.02544325569938746
142,1572224400,405,138,-267,543,43,-0.5378837855105183,-0.8814479618155598
142,1572238800,77,30,-47,107,43,0.853506521913107,-1.7740090697986681
142,1572253200,886,556,-330,1442,43,-0.9363273735454656,0.9589475337734641
142,1572267600,697,430,-267,1127,43,-0.5378837855105183,0.3140926048407138
142,1572282000,860,440,-420,1300,43,-1.505532499309676,0.6682510261275894
142,1572296400,736,810,74,1546,43,1.6187711909961011,1.171852018246499
142,1572310800,415,193,-222,608,44,-0.175879640819096,-0.7584117549385989
142,1572325200,253,192,-61,445,44,0.7528882870150775,-1.0918313115066627
142,1572339600,952,556,-396,1508,44,-1.1796412522672088,1.0825551218175808
142,1572354000,645,381,-264,1026,44,-0.4181669263410543,0.09661508337704902
142,1572368400,878,429,-449,1307,44,-1.4853847316163469,0.6714058526753673
142,1572382800,752,886,134,1638,44,1.8777935412241695,1.3484725595712512
142,1572397200,488,203,-285,691,44,-0.5393105691020335,-0.5886336985266402
142,1572411600,73,47,-26,120,44,0.9547943582833761,-1.7566249058908388
142,1572426000,1020,575,-445,1595,44,-1.462309752042827,1.260515253237345
142,1572440400,742,399,-343,1141,44,-0.8738977729180711,0.3318497398514498
142,1572454800,848,454,-394,1302,44,-1.1681037624804491,0.6611782589156108
142,1572469200,842,802,-40,1644,44,0.8740319297760566,1.3607456720829592
142,1572483600,555,205,-350,760,44,-0.9142789871717308,-0.4474929046419997
142,1572498000,99,38,-61,137,44,0.7528882870150775,-1.7218510871076664
142,1572512400,845,578,-267,1423,44,-0.43547316102119416,0.9086860279017195
142,1572526800,699,406,-293,1105,44,-0.5854605282490731,0.2582110647812026
142,1572541200,801,434,-367,1235,44,-1.0123476503591902,0.524128502534873
142,1572555600,773,814,41,1587,44,1.3413002661398334,1.2441511032217345
142,1572570000,695,315,-380,1010,44,-1.0873413339731295,0.06388678334582805
142,1572584400,320,67,-253,387,44,-0.35471073251387475,-1.2104713991198386
142,1572598800,834,532,-302,1366,44,-0.6373792322894928,0.7920914590404947
142,1572613200,696,410,-286,1106,44,-0.5450793139954134,0.2602565835331539
142,1572627600,848,505,-343,1353,44,-0.8738977729180711,0.7654997152651277
142,1572642000,819,882,63,1701,44,1.4682126537941924,1.4773402409441838
142,1572656400,660,311,-349,971,44,-0.9085102422783509,-0.01588844798027308
142,1572670800,368,62,-306,430,44,-0.6604542118630126,-1.1225140927859323
142,1572685200,152,183,31,335,44,1.2836128172060337,-1.3168383742213068
142,1572699600,425,478,53,903,44,1.410525204860393,-0.1549837231129622
142,1572714000,631,578,-53,1209,44,0.7990382461621172,0.47094501498413893
142,1572728400,689,569,-120,1258,44,0.4125323383056599,0.5711754338297531
142,1572742800,644,336,-308,980,44,-0.6719917016497725,0.002521220787288717
142,1572753600,367,88,-279,455,44,-0.5046980997417537,-1.0713761239871495
142,1572756615,27,9,-18,36,44,1.0009443174304158,-1.9284484810547489
142,1572768000,74,77,3,151,44,1.122087960191395,-1.693213824580348
142,1572782400,399,422,23,821,44,1.2374628580589941,-0.3227162607729697
142,1572796800,616,539,-77,1155,44,0.6605883687209981,0.36048700237876813
142,1572811200,665,603,-62,1268,44,0.7471195421216975,0.5916306213492663
142,1572825600,498,201,-297,699,44,-0.6085355078225929,-0.5722695485110296
142,1572840000,114,34,-80,148,44,0.6432821340408582,-1.699350380836202
142,1572854400,382,350,-32,732,44,0.9201818889230963,-0.5047674296966363
142,1572868800,1143,562,-581,1705,44,-2.2468590575425016,1.485522315951989
142,1572883200,584,384,-200,968,44,-0.04896725316473688,-0.022025004236127015
142,1572897600,831,837,6,1668,44,1.1393941948715347,1.4098381221297906
142,1572912000,488,228,-260,716,45,-0.5018222999751749,-0.46509926048356426
142,1572926400,117,41,-76,158,45,0.4799707972927117,-1.6348852949000496
142,1572940800,419,272,-147,691,45,0.10112672171651632,-0.5175090290506111
142,1572955200,1004,447,-557,1451,45,-2.0865644189347528,1.0757479353876127
142,1572969600,561,386,-175,947,45,-0.048276575693814244,0.019167001075948487
142,1572984000,710,870,160,1580,45,1.7392271611797836,1.3461823411935743
142,1572998400,629,242,-387,871,45,-1.1794729703720315,-0.1401586953678739
142,1573012800,137,50,-87,187,45,0.4212766447386532,-1.5740899633622751
142,1573027200,429,358,-71,787,45,0.5066499575445564,-0.31625551775315125
142,1573041600,1088,583,-505,1671,45,-1.8091011523155673,1.5369538987776248
142,1573056000,723,375,-348,1098,45,-0.9713755204076424,0.33572200322091134
142,1573070400,743,867,124,1610,45,1.5471372073665015,1.4090740634740304
142,1573084800,618,277,-341,895,45,-0.9340246960550598,-0.08984531754350893
142,1573099200,157,34,-123,191,45,0.22918669092537108,-1.5657044003915477
142,1573113600,388,321,-67,709,45,0.5279932857460322,-0.47977399568233736
142,1573128000,1058,583,-475,1641,45,-1.649026190804499,1.4740621764971686
142,1573142400,728,370,-358,1098,45,-1.0247338409113318,0.33572200322091134
142,1573156800,789,854,65,1643,45,1.2323231163947335,1.4782549579825324
142,1573171200,601,306,-295,907,45,-0.6885764217380881,-0.06468862863132645
142,1573185600,159,47,-112,206,45,0.28788084347942955,-1.5342585392513197
142,1573200000,352,357,5,709,45,0.9121731933725965,-0.47977399568233736
142,1573214400,995,621,-374,1616,45,-1.1101071537172351,1.4216524079301218
142,1573228800,713,457,-256,1170,45,-0.4804789717736991,0.48666213669400626
142,1573243200,840,931,91,1771,45,1.3710547497043262,1.746592973045812
142,1573257600,606,396,-210,1002,45,-0.23503069745672744,0.13446849192345153
142,1573272000,324,103,-221,427,45,-0.2937248500107859,-1.0709561851186256
142,1573286400,101,134,33,235,45,1.061576490782927,-1.4734632077135452
142,1573300800,427,445,18,872,45,0.9815390100273929,-0.138062304625192
142,1573315200,690,597,-93,1287,45,0.38926165243643956,0.7319398535877855
142,1573329600,775,552,-223,1327,45,-0.3043965141115238,0.8157954832950604
142,1573344000,655,407,-248,1062,45,-0.43779231537074753,0.2602519364843639
142,1573358400,478,106,-372,584,45,-1.099435489616497,-0.7418228385175715
142,1573372800,88,89,1,177,45,0.8908298651711207,-1.595053870789094
142,1573387200,326,392,66,718,45,1.2376589484451024,-0.4609064789982005
142,1573401600,531,648,117,1179,45,1.5097863830139189,0.5055296533781432
142,1573416000,685,508,-177,1193,45,-0.05894823979455214,0.5348791237756894
142,1573430400,478,220,-258,698,45,-0.49115063587443697,-0.502834293851838
142,1573444800,120,40,-80,160,45,0.4586274690912359,-1.630692513414686
142,1573459200,316,193,-123,509,45,0.22918669092537108,-0.899052144218712
142,1573473600,909,372,-537,1281,45,-1.9798477779273738,0.7193615091316942
142,1573488000,546,384,-162,930,45,0.021089240960982095,-0.016471641549643357
142,1573502400,679,747,68,1426,45,1.2483306125458402,1.0233381668205659
142,1573516800,520,240,-280,760,46,-0.6828464644845103,-0.4444608164522634
142,1573531200,152,38,-114,190,46,0.1960173993489779,-1.5676944220542042
142,1573545600,451,344,-107,795,46,0.2330779237274985,-0.3754903318977582
142,1573560000,1170,553,-617,1723,46,-2.4670459952790016,1.453212801433121
142,1573574400,692,404,-288,1096,46,-0.7252013494885339,0.21765583527098595
142,1573588800,782,828,46,1610,46,1.0431150994294485,1.2305366655857186
142,1573603200,427,256,-171,683,46,-0.10576115630468973,-0.5961958824721747
142,1573617600,113,33,-80,146,46,0.3760256606160779,-1.654400174065582
142,1573632000,407,354,-53,761,46,0.5189733975046573,-0.4424902311792775
142,1573646400,1130,544,-586,1674,46,-2.3029208158884105,1.3566541230568137
142,1573660800,742,383,-359,1125,46,-1.1011009538992427,0.2748028081875759
142,1573675200,786,905,119,1691,46,1.4296034250911631,1.3901540726975732
142,1573689600,579,331,-248,910,46,-0.5134269244684162,-0.1488730255043842
142,1573704000,139,43,-96,182,46,0.29131589060803087,-1.583459104238091
142,1573718400,439,316,-123,755,46,0.14836815371945145,-0.45431374281719267
142,1573732800,995,563,-432,1558,46,-1.4875892795609573,1.1280662313904537
142,1573747200,667,393,-274,1060,46,-0.6510803007314927,0.14671476544349496
142,1573761600,843,910,67,1753,46,1.1542966725650103,1.5123303596226967
142,1573776000,682,371,-311,1053,46,-0.8469716438751015,0.13292066853259393
142,1573790400,212,50,-162,262,46,-0.05811191067516326,-1.425812282399222
142,1573804800,328,285,-43,613,46,0.5719170037596867,-0.7341368515811849
142,1573819200,1011,571,-440,1582,46,-1.529944164564981,1.1753602779421144
142,1573833600,722,470,-252,1192,46,-0.5346043669704279,0.4068320214776286
142,1573848000,877,968,91,1845,46,1.2813613275770808,1.693624204737396
142,1573862400,749,400,-349,1149,46,-1.0481573476442132,0.3220968547392366
142,1573876800,417,119,-298,536,46,-0.7781449557435632,-0.8858719176010962
142,1573891200,108,113,5,221,46,0.8260463137838279,-1.5066062785916425
142,1573905600,382,420,38,802,46,1.0007602144254248,-0.3616962349868572
142,1573920000,656,723,67,1379,46,1.1542966725650103,0.7753314675259846
142,1573934400,764,854,90,1618,46,1.2760669669515778,1.2463013477696054
142,1573948800,659,588,-71,1247,46,0.4236749062456044,0.515214211491851
142,1573963200,494,127,-367,621,46,-1.143455838903266,-0.7183721693972981
142,1573977600,103,80,-23,183,46,0.6778042162697455,-1.5814885189651051
142,1573992000,326,357,31,683,46,0.9636996900469044,-0.5961958824721747
142,1574006400,502,582,80,1084,46,1.2231233606965484,0.19400881199515563
142,1574020800,646,600,-46,1246,46,0.5560339218831779,0.5132436262188651
142,1574035200,386,250,-136,636,46,0.07954146558791321,-0.6888133903025101
142,1574049600,112,58,-54,170,46,0.5136790368791544,-1.6071061275139213
142,1574064000,414,323,-91,737,46,0.31778769373554555,-0.48978427773093813
142,1574078400,1023,576,-447,1599,46,-1.5670046889435014,1.2088602275828741
142,1574092800,552,436,-116,988,46,0.18542867809797203,0.004832625788512966
142,1574107200,709,766,57,1475,46,1.1013530663099809,0.9645076537326273
142,1574121600,370,266,-104,636,47,0.3577162625952095,-0.6424940585575732
142,1574136000,108,43,-65,151,47,0.5611673869462349,-1.6053842861044954
142,1574150400,465,317,-148,782,47,0.12818166076328344,-0.3526343199558193
142,1574164800,1110,592,-518,1702,47,-1.8019956728233677,1.4738791013703012
142,1574179200,702,410,-292,1112,47,-0.6230224906866564,0.3025281029111587
142,1574193600,765,843,78,1608,47,1.3071548428999946,1.2872570778869803
142,1574208000,567,289,-278,856,47,-0.5499887537401345,-0.20571910997958784
142,1574222400,149,38,-111,187,47,0.32119939412194853,-1.5339120217917341
142,1574236800,391,352,-39,743,47,0.6968014698469185,-0.430062606294644
142,1574251200,1156,580,-576,1736,47,-2.104564011601816,1.5413806843323536
142,1574265600,672,367,-305,1039,47,-0.6908395321369982,0.15759823361028177
142,1574280000,769,885,116,1654,47,1.5053892717548396,1.3785827489532863
142,1574294400,610,313,-297,923,47,-0.6491059681675571,-0.07270128473083777
142,1574308800,165,46,-119,211,47,0.2794658301525074,-1.4862638455832267
142,1574323200,391,352,-39,743,47,0.6968014698469185,-0.430062606294644
142,1574337600,1084,571,-513,1655,47,-1.775912195342467,1.3805680896286407
142,1574352000,695,382,-313,1077,47,-0.7325730961064393,0.23304117927375198
142,1574366400,808,1004,196,1812,47,1.9227249114492506,1.6922665756592938
142,1574380800,695,340,-355,1035,47,-0.9516743069460051,0.14965687090886387
142,1574395200,211,52,-159,263,47,0.07079801030530193,-1.3830261304647937
142,1574409600,341,293,-48,634,47,0.6498512103812972,-0.6464647399082821
142,1574424000,1083,568,-515,1651,47,-1.7863455863348272,1.3726267269272228
142,1574438400,751,430,-321,1181,47,-0.7743066600758803,0.4395166095106178
142,1574452800,858,865,7,1723,47,0.9367694626712048,1.5155712555527454
142,1574467200,714,442,-272,1156,47,-0.5186885807630536,0.3898830926267558
142,1574481600,410,79,-331,489,47,-0.8264736150376818,-0.9343391378346816
142,1574496000,112,116,4,228,47,0.9211193761826644,-1.4525130541022007
142,1574510400,362,425,63,787,47,1.2289044104572926,-0.3427076165790469
142,1574524800,603,608,5,1211,47,0.9263360716788445,0.4990768297712522
142,1574539200,726,639,-87,1365,47,0.44640008603027187,0.8048192937758419
142,1574553600,647,363,-284,1010,47,-0.5812889267172153,0.1000233540250019
142,1574568000,469,116,-353,585,47,-0.9412409159536448,-0.7437464330006516
142,1574582400,102,74,-28,176,47,0.7541851203048999,-1.5557507692206334
142,1574596800,280,323,43,603,47,1.1245705005336897,-0.708010300844271
142,1574611200,465,475,10,940,47,0.9524195491597452,-0.038950493249811625
142,1574625600,572,380,-192,952,47,-0.10135294106864261,-0.01512640514555788
142,1574640000,394,185,-209,579,47,-0.19003676450370496,-0.7556584770527784
142,1574654400,117,33,-84,150,47,0.46205017251881225,-1.6073696267798498
142,1574668800,379,360,-19,739,47,0.8011353797705212,-0.43800396899606187
142,1574683200,1092,560,-532,1652,47,-1.8750294097698896,1.3746120676025773
142,1574697600,656,394,-262,1050,47,-0.4665216258012522,0.17943698103918104
142,1574712000,760,758,-2,1518,47,0.8898192032055835,1.1085764171050771
142,1574726400,555,267,-288,822,48,-1.2333396445829747,0.1688767044859696
142,1574740800,124,39,-85,163,48,0.12331805245152952,-1.3621319515122843
142,1574755200,421,355,-66,776,48,0.2502958664596851,0.062008118483056575
142,1574769600,995,561,-434,1556,48,-2.2090638995930125,1.8741276202715818
142,1574784000,665,405,-260,1070,48,-1.0462144449920086,0.7450377768495007
142,1574798400,807,817,10,1624,48,0.7582071224923075,2.032107269145453
142,1574812800,599,266,-333,865,48,-1.5340765724970276,0.26877560009738827
142,1574827200,171,42,-129,213,48,-0.17073583261998868,-1.2459704449873787
142,1574841600,304,362,58,666,48,1.0789931789339637,-0.19354719587173544
142,1574856000,871,560,-311,1431,48,-1.3870496299612685,1.5837238539593181
142,1574870400,811,491,-320,1302,48,-1.447197015544079,1.284027167125062
142,1574884800,733,528,-205,1261,48,-0.678647088652611,1.1887747317746395
142,1574899200,441,252,-189,693,48,-0.5717184031720589,-0.13081998234828648
142,1574913600,200,92,-108,292,48,-0.03039193292676408,-1.0624352646780282
142,1574928000,98,101,3,199,48,0.7114258225945659,-1.2784956668143523
142,1574942400,269,173,-96,442,48,0.04980458118364997,-0.7139507451033119
142,1574956800,359,292,-67,651,48,0.2436128236171506,-0.22839564782920707
142,1574971200,273,230,-43,503,48,0.4040058518379787,-0.5722337071429272
142,1574985600,173,199,26,372,48,0.8651358079728596,-0.8765768542381795
142,1575000000,53,66,13,119,48,0.7782562510199109,-1.4643540772542012
142,1575014400,155,125,-30,280,48,0.49088540879092724,-1.0903140262440056
142,1575028800,395,281,-114,676,48,-0.07049018998197111,-0.17031489456675433
142,1575043200,479,419,-60,898,48,0.29039412351489213,0.3454421944038259
142,1575057600,565,401,-164,966,48,-0.4046423321086963,0.5034218432776973
142,1575072000,439,254,-185,693,48,-0.544986231801921,-0.13081998234828648
142,1575086400,245,83,-162,328,48,-0.3912762464236273,-0.9787989799800964
142,1575100800,104,100,-4,204,48,0.6646445226968244,-1.2668795161618618
142,1575115200,392,359,-33,751,48,0.47083628026332375,0.0039273652206038455
142,1575129600,491,562,71,1053,48,1.1658727358869123,0.7055428646310328
142,1575144000,546,718,172,1264,48,1.8408600629828973,1.1957444221661337
142,1575158400,522,501,-21,1023,48,0.5510327943737378,0.6358459607160896
142,1575172800,317,108,-209,425,48,-0.705379260022749,-0.7534456573217797
142,1575187200,82,81,-1,163,48,0.6846936512244279,-1.3621319515122843
142,1575201600,286,297,11,583,48,0.7648901653348419,-0.38637529670307846
142,1575216000,356,449,93,805,48,1.3128996784226714,0.12938179226750174
142,1575230400,444,541,97,985,48,1.3396318497928095,0.5475632157571614
142,1575244800,313,203,-110,516,48,-0.04375801861183309,-0.5420317154464518
142,1575259200,78,29,-49,107,48,0.3639075947827717,-1.4922328388201784
142,1575273600,413,349,-64,762,48,0.26366195214475413,0.029482896656083047
142,1575288000,1080,525,-555,1605,48,-3.0177120835396876,1.987965896665989
142,1575302400,653,388,-265,1041,48,-1.0796296592046812,0.6776641030650555
142,1575316800,631,692,61,1323,48,1.0990423074615672,1.3328149998655223
142,1575331200,399,221,-178,620,49,-0.41199045701028736,0.004569980296477093
142,1575345600,96,39,-57,135,49,0.275401294704119,-0.8176579262713087
142,1575360000,442,324,-118,766,49,-0.07113504293702803,0.2520860099024497
142,1575374400,1122,530,-592,1652,49,-2.763892814115777,1.7541353402510234
142,1575388800,716,393,-323,1109,49,-1.2357243743539974,0.8335791479493581
142,1575403200,765,815,50,1580,49,0.8832601164680982,1.632072640719311
142,1575417600,494,284,-210,778,49,-0.5937800111826924,0.27242979315773513
142,1575432000,118,44,-74,162,49,0.17882559405002882,-0.7718844139469165
142,1575446400,442,327,-115,769,49,-0.05409227223336507,0.2571719557162711
142,1575460800,1218,551,-667,1769,49,-3.189962081707351,1.9524872269900564
142,1575475200,725,396,-329,1121,49,-1.2698099157613234,0.8539229312046435
142,1575489600,807,788,-19,1595,49,0.4912763902838499,1.6575023697884177
142,1575504000,552,308,-244,860,49,-0.7869314124908727,0.41144564540218553
142,1575518400,91,44,-47,135,49,0.33221053038299553,-0.8176579262713087
142,1575532800,431,335,-96,766,49,0.0538452755565004,0.2520860099024497
142,1575547200,1039,577,-462,1616,49,-2.0253727502903813,1.6931039904851672
142,1575561600,635,389,-246,1024,49,-0.798293259626648,0.6894773498910863
142,1575569275,398,286,-112,684,49,-0.03704950152970209,0.11307015765799934
142,1575569366,6,1,-5,7,49,0.5708093202342771,-1.0346582809943532
142,1575569447,6,3,-3,9,49,0.5821711673700524,-1.0312676504518057
142,1575574016,190,218,28,408,49,0.7582797979745697,-0.3548368572135654
142,1575574079,540,895,355,1435,49,2.615941804673833,1.386251926384612
142,1575574142,6,1,-5,7,49,0.5708093202342771,-1.0346582809943532
142,1575574210,713,695,-18,1408,49,0.4969573138517376,1.3404784140602197
142,1575574276,4,0,-4,4,49,0.5764902438021647,-1.0397442268081747
142,1575574339,4,1,-3,5,49,0.5821711673700524,-1.0380489115369007
142,1575574410,10,20,10,30,49,0.6560231737525919,-0.9956660297550561
142,1575574477,5,18,13,23,49,0.6730659444562549,-1.0075332366539727
142,1575574541,5,12,7,17,49,0.638980403048929,-1.0177051282816154
142,1575574611,8,13,5,21,49,0.6276185559131536,-1.0109238671965202
142,1575574682,7,21,14,28,49,0.6787468680241425,-0.9990566602976038
142,1575574745,11,5,-6,16,49,0.5651283966663895,-1.0194004435528892
142,1575574813,16,16,0,32,49,0.5992139380737154,-0.9922753992125086
142,1575574880,6,10,4,16,49,0.621937632345266,-1.0194004435528892
142,1575574944,9,4,-5,13,49,0.5708093202342771,-1.0244863893667104
142,1575575012,11,8,-3,19,49,0.5821711673700524,-1.014314497739068
142,1575575079,8,18,10,26,49,0.6560231737525919,-1.0024472908401514
142,1575575142,4,3,-1,7,49,0.5935330145058277,-1.0346582809943532
142,1575575213,6,9,3,15,49,0.6162567087773784,-1.021095758824163
142,1575575299,6,6,0,12,49,0.5992139380737154,-1.0261817046379844
142,1575575379,4,11,7,15,49,0.638980403048929,-1.021095758824163
142,1575575462,3,3,0,6,49,0.5992139380737154,-1.036353596265627
142,1575575542,2,4,2,6,49,0.6105757852094906,-1.036353596265627
142,1575575627,3,9,6,12,49,0.6332994794810413,-1.0261817046379844
142,1575576000,29,39,10,68,49,0.6560231737525919,-0.9312440494466523
142,1575590400,633,367,-266,1000,49,-0.9119117309844011,0.6487897833805155
142,1575604800,185,50,-135,235,49,-0.16771074359111818,-0.6481263991439302
142,1575619200,412,319,-93,731,49,0.07088804626016336,0.19274997540786726
142,1575633600,1123,615,-508,1738,49,-2.2866952344132137,1.899932453580569
142,1575648000,643,418,-225,1061,49,-0.6789938647010072,0.7522040149282163
142,1575662400,815,995,180,1810,49,1.6217801802934937,2.0219951531122815
142,1575676800,770,410,-360,1180,49,-1.4459185463658408,0.9539465322097969
142,1575691200,415,100,-315,515,49,-1.1902769858108961,-0.17343812318727037
142,1575705600,107,80,-27,187,49,0.44582900174074863,-0.7295015321650719
142,1575720000,412,424,12,836,49,0.6673850208883673,0.3707580788916147
142,1575734400,630,634,4,1264,49,0.621937632345266,1.0963530149967948
142,1575748800,724,551,-173,1275,49,-0.3835858391708491,1.1150014829808064
142,1575763200,687,361,-326,1048,49,-1.2527671450576605,0.7301649164016571
142,1575777600,493,105,-388,598,49,-1.604984406266695,-0.03272695567154618
142,1575792000,106,62,-44,168,49,0.34925330108665853,-0.7617125223192738
142,1575806400,312,329,17,641,49,0.6957896387278055,0.04017160099322658
142,1575820800,553,534,-19,1087,49,0.4912763902838499,0.7962822119813348
142,1575835200,638,430,-208,1068,49,-0.582418164046917,0.7640712218271328
142,1575849600,401,188,-213,589,49,-0.6108227818863553,-0.04798479311301025
142,1575864000,76,30,-46,106,49,0.3378914539508832,-0.8668220691382486
142,1575878400,399,316,-83,715,49,0.12769728193903992,0.16562493106748669
142,1575892800,938,541,-397,1479,49,-1.6561127183776838,1.4608457983206586
142,1575907200,651,363,-288,1014,49,-1.0368920494779295,0.6725241971783484
142,1575921600,701,742,41,1443,49,0.8321318043571092,1.3998144485548023
142,1575936000,435,292,-143,727,50,-0.18284090555099614,-0.6193982547920427
142,1575950400,126,39,-87,165,50,0.12676442911850921,-1.6385879659186635
142,1575964800,414,367,-47,781,50,0.3479110967395845,-0.5214689942923318
142,1575979200,1014,637,-377,1651,50,-1.4765489111342862,1.056280202647455
142,1575993600,796,867,71,1663,50,1.0002937662217566,1.0780422605362796
142,1576008000,787,917,130,1704,50,1.3264851009628424,1.1523959583230972
142,1576022400,635,297,-338,932,50,-1.2609309102037378,-0.24762976585795501
142,1576036800,139,46,-93,185,50,0.09359242897534793,-1.6023178694372893
142,1576051200,340,324,-16,664,50,0.5192997641459178,-0.733649058708372
142,1576065600,1085,726,-359,1811,50,-1.3770329107048023,1.3464409744984502
142,1576080000,752,826,74,1578,50,1.016879766293337,0.9238943504904383
142,1576094400,785,882,97,1667,50,1.1440391001754555,1.0852962798325545
142,1576108800,541,350,-191,891,50,-0.44821690669628644,-0.32198346364477254
142,1576123200,162,56,-106,218,50,0.021719761998498472,-1.5424722102430215
142,1576137600,355,322,-33,677,50,0.4253124304069608,-0.7100734959954788
142,1576152000,1025,666,-359,1691,50,-1.3770329107048023,1.1288203956102039
142,1576166400,755,792,37,1547,50,0.8123190987438426,0.867675700944308
142,1576180800,748,944,196,1692,50,1.6913771025376168,1.1306339004342725
142,1576195200,736,325,-411,1061,50,-1.6645235786122001,-0.013687643553090085
142,1576209600,275,65,-210,340,50,-0.5532615738162971,-1.3212246217066375
142,1576224000,379,338,-41,717,50,0.3810830968827458,-0.6375333030327299
142,1576238400,1005,717,-288,1722,50,-0.9844975756773938,1.1850390451563342
142,1576252800,836,857,21,1693,50,0.7238604316954125,1.1324474052583413
142,1576267200,931,1020,89,1951,50,1.0998097666512403,1.600331649868071
142,1576281600,716,416,-300,1132,50,-1.0508415759637164,0.11507119895578907
142,1576296000,406,90,-316,496,50,-1.1393002430121464,-1.038317869151917
142,1576310400,95,110,15,205,50,0.6906884315522511,-1.5660477729559148
142,1576324800,352,490,138,842,50,1.3707144344870577,-0.4108452000241399
142,1576339200,673,748,75,1421,50,1.022408432983864,0.6391740931116493
142,1576353600,842,811,-31,1653,50,0.43636976378801456,1.0599072122955924
142,1576368000,723,543,-180,1266,50,-0.3874015731004907,0.3580808453809976
142,1576382400,566,111,-455,677,50,-1.907784912995383,-0.7100734959954788
142,1576396800,124,96,-28,220,50,0.4529557638595952,-1.538845200594884
142,1576411200,322,437,115,759,50,1.2435551006049392,-0.5613661004218437
142,1576425600,671,702,31,1373,50,0.7791470986006813,0.5521258615563507
142,1576440000,718,527,-191,1245,50,-0.44821690669628644,0.31999724407555447
142,1576454400,488,231,-257,719,50,-0.8131089082710605,-0.6339062933845925
142,1576468800,114,40,-74,154,50,0.19863709609535868,-1.6585365189834196
142,1576483200,410,329,-81,739,50,0.1599364292616705,-0.597636196903218
142,1576497600,1075,601,-474,1676,50,-2.012829580115394,1.101617823249173
142,1576512000,673,385,-288,1058,50,-0.9844975756773938,-0.019128158025296247
142,1576526400,724,792,68,1516,50,0.9837077661501759,0.8114570513981777
142,1576540800,518,284,-234,802,51,-0.6418153398201948,-0.20031807868176846
142,1576555200,126,36,-90,162,51,0.2928581914180759,-1.556286337298222
142,1576569600,332,336,4,668,51,0.9029923020875026,-0.4842239328295884
142,1576584000,1008,582,-426,1590,51,-1.8880467148045559,1.46921783973974
142,1576598400,643,379,-264,1022,51,-0.8365389921615012,0.26579601021763744
142,1576612800,761,806,45,1567,51,1.1691146269539547,1.420487730445711
142,1576627200,546,259,-287,805,51,-0.9858271256231694,-0.19396197746950383
142,1576641600,162,46,-116,208,51,0.12409769272227703,-1.4588261187101643
142,1576656000,422,321,-101,743,51,0.22145951889293022,-0.32532140252297276
142,1576670400,1111,574,-537,1685,51,-2.6085242284673895,1.6704943781281199
142,1576684800,640,439,-201,1079,51,-0.4276193222447578,0.38656193325066535
142,1576699200,827,932,105,1759,51,1.5585619316365675,1.827278208030647
142,1576713600,650,349,-301,999,51,-1.0766981633824457,0.21706590092360864
142,1576728000,131,55,-76,186,51,0.3837292291773522,-1.505437527600105
142,1576742400,410,275,-135,685,51,0.000772712906116304,-0.4482060259600889
142,1576756800,1042,612,-430,1654,51,-1.9140098684500635,1.6048146656013853
142,1576771200,706,461,-245,1167,51,-0.7132140123453404,0.5730075688104277
142,1576785600,765,897,132,1662,51,1.733813218743743,1.621764268834091
142,1576800000,563,359,-204,922,51,-0.4470916874788884,0.05392596980881657
142,1576814400,225,54,-171,279,51,-0.23289566990345137,-1.3083983900199017
142,1576828800,311,297,-14,608,51,0.7861581106827188,-0.6113459570748809
142,1576843200,925,597,-328,1522,51,-1.2519494504896216,1.3251462122617417
142,1576857600,736,437,-299,1173,51,-1.063716586559692,0.5857197712349569
142,1576872000,779,793,14,1572,51,0.9679001862012714,1.4310812324661522
142,1576886400,619,379,-240,998,51,-0.6807600702884561,0.21494720051952043
142,1576900800,339,97,-242,436,51,-0.6937416471112099,-0.9757624265780528
142,1576915200,111,90,-21,201,51,0.7407225918030806,-1.4736570215387819
142,1576929600,288,391,103,679,51,1.5455803548138136,-0.46091822838461816
142,1576944000,561,577,16,1138,51,0.9808817630240252,0.5115652570918696
142,1576958400,608,577,-31,1185,51,0.6758147076893118,0.6111441760840155
142,1576972800,528,393,-135,921,51,0.000772712906116304,0.051807269404728365
142,1576987200,312,83,-229,395,51,-0.6093613977633104,-1.0626291431456694
142,1577001600,93,72,-21,165,51,0.7407225918030806,-1.5499302360859575
142,1577016000,253,340,87,593,51,1.4417277402317836,-0.643126463136204
142,1577030400,439,478,39,917,51,1.1301698964856934,0.04333246778837553
142,1577044800,539,481,-58,1020,51,0.5005634205821361,0.261558609409461
142,1577059200,419,215,-204,634,51,-0.4470916874788884,-0.5562597465685876
142,1577073600,127,44,-83,171,51,0.33829371029771405,-1.537218033661428
142,1577088000,238,199,-39,437,51,0.6238884003982967,-0.9736437261739647
142,1577102400,663,388,-275,1051,51,-0.9079376646866468,0.3272383219361955
142,1577116800,526,468,-58,994,51,0.5005634205821361,0.2064723989031676
142,1577131200,663,538,-125,1201,51,0.0656805970198851,0.6450433825494268
142,1577145600,406,256,-150,662,52,-1.2789513559551344,0.25499205406163566
142,1577160000,141,45,-96,186,52,-0.3575945147556601,-1.206638264854635
142,1577174400,187,148,-39,335,52,0.6149488176215628,-0.7491111272106763
142,1577188800,490,348,-142,838,52,-1.142454046147805,0.7954267938289962
142,1577203200,508,372,-136,880,52,-1.0400810637923077,0.9243941749098437
142,1577217600,476,404,-72,880,52,0.051897414666328495,0.9243941749098437
142,1577232000,255,167,-88,422,52,-0.22109720494833057,-0.48196440925749234
142,1577246400,102,36,-66,138,52,0.15427039702182566,-1.3540295575184604
142,1577260800,61,55,-6,116,52,1.1780002205767972,-1.4215838999893806
142,1577275200,194,158,-36,352,52,0.6661353087993114,-0.696910044392238
142,1577289600,295,261,-34,556,52,0.7002596362511438,-0.0704970505709792
142,1577304000,258,272,14,530,52,1.519243495095121,-0.15033400076388473
142,1577318400,211,197,-14,408,52,1.0415029107694675,-0.5249535362844415
142,1577332800,55,46,-9,101,52,1.1268137293990486,-1.4676436789468261
142,1577347200,205,162,-43,367,52,0.5467001627178981,-0.6508502654347925
142,1577361600,465,315,-150,780,52,-1.2789513559551344,0.6173289818602069
142,1577376000,431,433,2,864,52,1.3144975303841266,0.8752637440219018
142,1577390400,548,518,-30,1066,52,0.7685082911548086,1.4955354339821678
142,1577404800,389,212,-177,601,52,-1.7396297765548716,0.0676822863013573
142,1577419200,203,41,-162,244,52,-1.4836973206661288,-1.0285404528858457
142,1577433600,218,176,-42,394,52,0.5637623264438143,-0.5679426633113906
142,1577448000,508,349,-159,857,52,-1.4325108294883802,0.8537691805084272
142,1577462400,545,492,-53,1037,52,0.37607852545873616,1.4064865279977732
142,1577476800,697,584,-113,1281,52,-0.6476512980962353,2.155725599038887
