remote_unit_id,time_stamp,entries,exits,num_people_exited,sum_exit_entry,week_num,z_score_num_people_exited,z_score_sum_exit_entry
126,1546311600,54,156,102,210,1,0.3993722519542582,-0.9074554054476245
126,1546326000,47,39,-8,86,1,-0.06121182294056778,-1.2209772146270876
126,1546340400,154,98,-56,252,1,-0.2621939647128555,-0.801262534596516
126,1546354800,265,195,-70,460,1,-0.3208137560631061,-0.2753549837148358
126,1546369200,266,328,62,594,1,0.23188713381068513,0.06345084233393893
126,1546383600,143,246,103,389,1,0.4035593799078475,-0.45487150348694777
126,1546398000,26,75,49,101,1,0.17745447041402387,-1.1830511893231204
126,1546412400,245,59,-186,304,1,-0.806520598679468,-0.6697856468760959
126,1546426800,830,387,-443,1217,1,-1.882612482751925,1.6386450932920482
126,1546441200,392,329,-63,721,1,-0.29150386038798076,0.38455785657419556
126,1546455600,425,840,415,1265,1,1.7099433014277177,1.7600083742647437
126,1546470000,154,444,290,598,1,1.1865523072290518,0.07356444908166354
126,1546484400,22,108,86,130,1,0.332378204696829,-1.1097275404021167
126,1546498800,249,62,-187,311,1,-0.8107077266330573,-0.6520868350675778
126,1546513200,901,369,-532,1270,1,-2.255266870621375,1.7726503826993993
126,1546527600,440,310,-130,750,1,-0.5720414332784657,0.457881505495199
126,1546542000,427,868,441,1295,1,1.8188086282210403,1.8358604248726784
126,1546556400,145,419,274,564,1,1.1195582599716225,-0.012401208273995717
126,1546570800,33,107,74,140,1,0.282132669253757,-1.0844435235328054
126,1546585200,253,59,-194,312,1,-0.8400176223081827,-0.6495584333806467
126,1546599600,863,360,-503,1223,1,-2.1338401599672845,1.6538155034136353
126,1546614000,412,366,-46,778,1,-0.2203226851769622,0.5286767527292714
126,1546628400,498,840,342,1338,1,1.4042829608156968,1.944581697410718
126,1546642800,181,458,277,639,1,1.1321196438323906,0.1772289182458409
126,1546657200,37,133,96,170,1,0.37424948423272225,-1.0085914729248706
126,1546671600,83,37,-46,120,1,-0.2203226851769622,-1.1350115572714283
126,1546686000,286,155,-131,441,1,-0.576228561232055,-0.3233946157665277
126,1546700400,317,246,-71,563,1,-0.3250008840166954,-0.014929609960926873
126,1546714800,273,406,133,679,1,0.5291732185155273,0.27836498572308704
126,1546729200,179,267,88,446,1,0.3407524606040076,-0.310752607331872
126,1546743600,41,121,80,162,1,0.307255436975293,-1.02881868642032
126,1546758000,58,32,-26,90,1,-0.13658012610517567,-1.210863607879363
126,1546772400,243,133,-110,376,1,-0.48829887420667917,-0.48774072541705277
126,1546786800,328,271,-57,599,1,-0.26638109266644483,0.07609285076859469
126,1546801200,277,384,107,661,1,0.42030789172220484,0.23285375535832628
126,1546815600,111,231,120,342,1,0.4747405551188661,-0.573706382772712
126,1546830000,20,77,57,97,1,0.21095149404273847,-1.193164796070845
126,1546844400,260,78,-182,338,1,-0.7897720868651107,-0.5838199895204367
126,1546858800,948,371,-577,1319,1,-2.443687628532895,1.896542065359026
126,1546873200,358,305,-53,663,1,-0.2496325808520875,0.23791055873218858
126,1546887600,415,838,423,1253,1,1.7434403250564323,1.7296675540215698
126,1546902000,149,479,330,628,1,1.3540374253726248,0.14941649968959816
126,1546916400,22,79,57,101,2,0.20993373733687073,-1.2763858384016324
126,1546930800,242,67,-175,309,2,-0.6623879413882756,-0.7596563011535366
126,1546945200,896,356,-540,1252,2,-2.0347905824860275,1.5830165528125901
126,1546959600,416,331,-85,747,2,-0.32398729015869304,0.3284568590131267
126,1546974000,404,760,356,1164,2,1.334175900866262,1.3644002101307036
126,1546988400,157,540,383,697,2,1.4356960962351366,0.20424302794387292
126,1547002800,21,116,95,137,2,0.35281401230047227,-1.1869518800317698
126,1547017200,251,81,-170,332,2,-0.6435879052088543,-0.7025179388616799
126,1547031600,897,346,-551,1243,2,-2.0761506620807544,1.5606580632201246
126,1547046000,390,319,-71,709,2,-0.27134718885631354,0.23405434740049383
126,1547060400,434,770,336,1204,2,1.2589757561485768,1.4637712749861065
126,1547074800,150,545,395,695,2,1.4808161830657478,0.19927447470110277
126,1547089200,19,105,86,124,2,0.318973947177514,-1.2192474761097756
126,1547103600,259,74,-185,333,2,-0.6999880137471182,-0.7000336622402947
126,1547118000,942,361,-581,1303,2,-2.188950879157282,1.709714660503229
126,1547132400,408,336,-72,744,2,-0.27510719609219775,0.32100402914897147
126,1547146800,438,853,415,1291,2,1.5560163277834327,1.6799033410466082
126,1547161200,160,468,308,628,2,1.1536955535438178,0.03282794106830267
126,1547175600,23,101,78,124,2,0.28889388929043996,-1.2192474761097756
126,1547190000,260,51,-209,311,2,-0.7902281874083402,-0.7546877479107664
126,1547204400,816,350,-466,1166,2,-1.756550047030593,1.3693687633734737
126,1547218800,356,333,-23,689,2,-0.09086684153386942,0.1843688149727923
126,1547233200,484,807,323,1291,2,1.2100956620820815,1.6799033410466082
126,1547247600,193,423,230,616,2,0.8604149891448463,0.003016621611681757
126,1547262000,29,121,92,150,2,0.3415339905928195,-1.1546562839537637
126,1547276400,82,37,-45,119,2,-0.17358700072332295,-1.231668859216701
126,1547290800,307,192,-115,499,2,-0.4367875072352206,-0.28764374309037216
126,1547305200,361,262,-99,623,2,-0.37662739146107255,0.02040655796137729
126,1547319600,303,380,77,683,2,0.28513388205455575,0.16946315524448186
126,1547334000,148,256,108,404,2,0.40169410636696756,-0.5236500221219543
126,1547348400,26,124,98,150,2,0.364094034008125,-1.1546562839537637
126,1547362800,53,34,-19,87,2,-0.07582681259033242,-1.3111657111010235
126,1547377200,221,111,-110,332,2,-0.4179874710557993,-0.7025179388616799
126,1547391600,291,217,-74,508,2,-0.2826272105639663,-0.26528525349790644
126,1547406000,232,331,99,563,2,0.3678540412440093,-0.12865003932172728
126,1547420400,128,229,101,357,2,0.37537405571577775,-0.6404110233270529
126,1547434800,21,53,32,74,2,0.11593355643976443,-1.3434613071790296
126,1547449200,278,60,-218,338,2,-0.8240682525312985,-0.6876122791333694
126,1547463600,859,358,-501,1217,2,-1.8881503002865418,1.4960668710641125
126,1547478000,349,301,-48,650,2,-0.1848670224309757,0.08748202673877434
126,1547492400,416,807,391,1223,2,1.4657761541222107,1.5109725307924229
126,1547506800,144,490,346,634,2,1.2965758285074194,0.047733600796613124
126,1547521200,25,98,73,123,3,0.30721840293352004,-1.1355227424556742
126,1547535600,264,60,-204,324,3,-0.8562512909885412,-0.6264370817116062
126,1547550000,919,375,-544,1294,3,-2.284336835874826,1.8303444651627518
126,1547564400,357,325,-32,682,3,-0.1338080153401855,0.2802926025987239
126,1547578800,465,819,354,1284,3,1.4874891032660083,1.8050168203496142
126,1547593200,171,453,282,624,3,1.1850709878783245,0.1333922626825252
126,1547607600,20,106,86,126,3,0.36182167376740737,-1.1279244490117328
126,1547622000,257,53,-204,310,3,-0.8562512909885412,-0.661895784449999
126,1547636400,912,347,-565,1259,3,-2.3725421195295673,1.74169770831677
126,1547650800,365,319,-46,684,3,-0.19261153777667955,0.2853581315613515
126,1547665200,432,854,422,1286,3,1.7731062122432653,1.8100823493122418
126,1547679600,172,503,331,675,3,1.3908833164060537,0.2625632512295275
126,1547694000,26,100,74,126,3,0.31141865453612677,-1.1279244490117328
126,1547708400,251,56,-195,307,3,-0.8184490265650808,-0.6694940778939403
126,1547722800,897,372,-525,1269,3,-2.2045320554252985,1.7670253531299076
126,1547737200,383,362,-21,745,3,-0.08760524771151158,0.4398567649214915
126,1547751600,435,838,403,1273,3,1.6933014317937376,1.7771564110551628
126,1547766000,165,477,312,642,3,1.311078535956526,0.17898202334617308
126,1547780400,23,125,102,148,3,0.4290256994091149,-1.07220363042283
126,1547794800,252,68,-184,320,3,-0.7722462589364069,-0.6365681396368612
126,1547809200,845,326,-519,1171,3,-2.179330545809658,1.518814433961158
126,1547823600,338,388,50,726,3,0.21061261607356552,0.3917342397765298
126,1547838000,496,802,306,1298,3,1.2858770263408859,1.840475523088007
126,1547852400,207,358,151,565,3,0.6348380279368442,-0.016040841714987313
126,1547866800,34,136,102,170,3,0.4290256994091149,-1.0164828118339269
126,1547881200,78,47,-31,125,3,-0.12960776373757876,-1.1304572134930466
126,1547895600,334,176,-158,510,3,-0.6630397172686322,-0.15534288818724473
126,1547910000,362,350,-12,712,3,-0.049802983288051106,0.356275537038137
126,1547924400,303,326,23,629,3,0.09720582280318407,0.14605608508909404
126,1547938800,150,245,95,395,3,0.39962393819086783,-0.44661080353832844
126,1547953200,26,109,83,135,3,0.34922091895958723,-1.105129568679909
126,1547967600,40,20,-20,60,3,-0.08340499610890485,-1.2950869047784417
126,1547982000,183,83,-100,266,3,-0.41942512431744244,-0.7733374216278049
126,1547996400,256,191,-65,447,3,-0.27241631822620727,-0.31490705051001233
126,1548010800,196,308,112,504,3,0.4710282154351821,-0.17053947507512734
126,1548025200,103,199,96,302,3,0.40382418979347456,-0.6821579003005092
126,1548039600,27,59,32,86,3,0.13500808722664456,-1.2292350282642837
126,1548054000,138,34,-104,172,3,-0.4362261307278693,-1.0114172828712993
126,1548068400,395,231,-164,626,3,-0.6882412268842725,0.13845779164515273
126,1548082800,284,235,-49,519,3,-0.20521229258449972,-0.13254800785542079
126,1548097200,290,437,147,727,3,0.6180370215264173,0.3942670042578436
126,1548111600,125,225,100,350,3,0.42062519620390143,-0.5605852051974481
126,1548126000,24,82,58,106,4,0.32646125401465304,-1.3159008681641975
126,1548140400,246,42,-204,288,4,-0.6400116109778792,-0.8902419355651908
126,1548154800,825,359,-466,1184,4,-1.6064844759704113,1.2053097326145341
126,1548169200,373,342,-31,715,4,-0.0018444138644895653,0.10841940630170938
126,1548183600,409,825,416,1234,4,1.6470615809891818,1.3222489998120635
126,1548198000,155,412,257,567,4,1.0605379720815,-0.23772082460297733
126,1548212400,18,115,97,133,4,0.4703255354448391,-1.2527536638775316
126,1548226800,265,57,-208,322,4,-0.6547669218937957,-0.8107232338708709
126,1548241200,890,378,-512,1268,4,-1.7761705515034514,1.4017677015063834
126,1548255600,406,356,-50,762,4,-0.07193214071509305,0.21834231746738691
126,1548270000,434,807,373,1241,4,1.488441988643079,1.3386204972197175
126,1548284400,158,517,359,675,4,1.4367984004373713,0.014867992543685944
126,1548298800,24,98,74,122,4,0.38548249767831916,-1.278480302660988
126,1548313200,265,67,-198,332,4,-0.6178786446040043,-0.787335380431365
126,1548327600,847,366,-481,1213,4,-1.6618168919050982,1.2731345075891012
126,1548342000,336,305,-31,641,4,-0.0018444138644895653,-0.06465070915063398
126,1548356400,436,859,423,1295,4,1.6728833750920358,1.4649149057930493
126,1548370800,150,450,300,600,4,1.2191575644276027,-0.160540908252608
126,1548385200,21,114,93,135,4,0.4555702245289226,-1.2480760931896304
126,1548399600,260,61,-199,321,4,-0.6215674723329835,-0.8130620192148215
126,1548414000,876,401,-475,1277,4,-1.6396839255312234,1.4228167696019387
126,1548428400,514,347,-167,861,4,-0.5035249850056513,0.44988206651849494
126,1548442800,653,820,167,1473,4,0.7285434764733782,1.8812186970162534
126,1548457200,257,440,183,697,4,0.7875647201370444,0.06632127011059884
126,1548471600,54,149,95,203,4,0.46294787998688086,-1.0890386898009905
126,1548486000,88,38,-50,126,4,-0.07193214071509305,-1.2691251612851857
126,1548500400,419,204,-215,623,4,-0.6805887159966496,-0.10674884534174452
126,1548514800,597,314,-283,911,4,-0.9314290015672304,0.5668213337160242
126,1548529200,531,485,-46,1016,4,-0.05717682979917652,0.8123937948308357
126,1548543600,250,304,54,554,4,0.3117059430987365,-0.26812503407433497
126,1548558000,38,121,83,159,4,0.4186819472391313,-1.1919452449348165
126,1548572400,56,35,-21,91,4,0.03504386342530174,-1.3509826483234562
126,1548586800,368,124,-244,492,4,-0.7875647201370444,-0.4131297253992713
126,1548601200,520,252,-268,772,4,-0.8760965856325434,0.24173017090689278
126,1548615600,355,373,18,728,4,0.17890814485548784,0.13882361577306698
126,1548630000,140,256,116,396,4,0.5404132622954426,-0.6376531184185276
126,1548644400,35,54,19,89,4,0.18259697258446697,-1.3556602190113574
126,1548658800,259,70,-189,329,4,-0.5846791950431922,-0.7943517364632168
126,1548673200,1110,375,-735,1485,4,-2.5987791350657976,1.9092841211436604
126,1548687600,401,314,-87,715,4,-0.20841876668732087,0.10841940630170938
126,1548702000,447,861,414,1308,4,1.6396839255312234,1.4953191152644068
126,1548716400,172,452,280,624,4,1.14538100984802,-0.10441005999779393
126,1548730800,47,88,41,135,5,0.11907818574111444,-1.2052427272870803
126,1548745200,273,62,-211,335,5,-0.8548967121599329,-0.6911755540763829
126,1548759600,698,392,-306,1090,5,-1.2220697887496135,1.2494280247939995
126,1548774000,395,297,-98,692,5,-0.4181540000058918,0.22643435010471186
126,1548788400,424,825,401,1249,5,1.5104708970283247,1.6581114274965039
126,1548802800,165,465,300,630,5,1.1201079419171907,0.06707352640939569
126,1548817200,26,105,79,131,5,0.26594741637698666,-1.2155240707512942
126,1548831600,267,55,-212,322,5,-0.8587616919135085,-0.7245899203350782
126,1548846000,905,353,-552,1258,5,-2.1728548081292067,1.6812444502909853
126,1548860400,377,322,-55,699,5,-0.25195987060214164,0.24442670116708626
126,1548874800,377,802,425,1179,5,1.6032304111141387,1.4781879168727599
126,1548889200,113,490,377,603,5,1.4177113829425108,-0.002325541974048448
126,1548903600,23,87,64,110,5,0.20797272007335288,-1.2695011239384173
126,1548918000,227,48,-179,275,5,-0.7312173600455142,-0.845395706039592
126,1548932400,788,293,-495,1081,5,-1.952550962175399,1.2262950019995182
126,1548946800,304,242,-62,546,5,-0.27901472887717077,-0.1488346863390972
126,1548961200,404,799,395,1203,5,1.4872810185068712,1.5398759776580435
126,1548975600,116,424,308,540,5,1.1510277799457953,-0.1642567015354181
126,1548990000,21,91,70,112,5,0.23116259859480637,-1.2643604522063103
126,1549004400,242,55,-187,297,5,-0.7621371980741188,-0.7888483169864153
126,1549018800,794,344,-450,1138,5,-1.7786268732644976,1.3728041463645668
126,1549033200,334,354,20,688,5,0.037913610916027164,0.2161530066404979
126,1549047600,441,782,341,1223,5,1.2785721118137896,1.5912826949791132
126,1549062000,159,409,250,568,5,0.9268589542384115,-0.09228729728592049
126,1549076400,27,133,106,160,5,0.3703018697235274,-1.140984330635743
126,1549090800,78,37,-41,115,5,-0.19785015405208348,-1.25664944460815
126,1549105200,355,193,-162,548,5,-0.6655127042347292,-0.14369401460699022
126,1549119600,360,326,-34,686,5,-0.17079529577705438,0.21101233490839094
126,1549134000,354,409,55,763,5,0.17318790229117262,0.4089281965945094
126,1549148400,165,269,104,434,5,0.36257191021637625,-0.4367123033370877
126,1549162800,32,110,78,142,5,0.2620824366234111,-1.1872503762247058
126,1549177200,52,35,-17,87,5,-0.10509063996626945,-1.3286188488576476
126,1549191600,264,106,-158,370,5,-0.6500527852204269,-0.6012137987645109
126,1549206000,308,233,-75,541,5,-0.32925946567365333,-0.16168636566936462
126,1549220400,289,358,69,647,5,0.2272976188412308,0.11076923613230497
126,1549234800,120,289,169,409,5,0.6137955941987892,-0.5009706999884248
126,1549249200,33,79,46,112,5,0.13840308450899236,-1.2643604522063103
126,1549263600,274,72,-202,346,5,-0.8201118943777527,-0.6629018595497945
126,1549278000,918,395,-523,1313,5,-2.0607703952755148,1.8226129229239272
126,1549292400,351,300,-51,651,5,-0.23649995158783932,0.12105057959651891
126,1549306800,408,889,481,1297,5,1.8196692773143714,1.7814875490670712
126,1549321200,160,479,319,639,5,1.1935425572351268,0.09020654920387706
126,1549335600,27,91,64,118,6,0.2157967480879799,-1.2450333486026828
126,1549350000,267,75,-192,342,6,-0.6674337945241099,-0.7170992545992556
126,1549364400,902,385,-517,1287,6,-1.7887225693246145,1.5101227044777028
126,1549378800,412,353,-59,765,6,-0.2085679266826726,0.27984771755900195
126,1549393200,457,809,352,1266,6,1.2094311085265808,1.4606288831648815
126,1549407600,184,469,285,653,6,0.9782731149523229,0.01588067055728834
126,1549422000,23,111,88,134,6,0.29859961145786335,-1.207323770459581
126,1549436400,249,67,-182,316,6,-0.6329326014533252,-0.7783773190817963
126,1549450800,1034,388,-646,1422,6,-2.2337879599377377,1.8282972700601254
126,1549465200,406,386,-20,792,6,-0.07401327370661206,0.34348263067548646
126,1549479600,418,826,408,1244,6,1.4026377897229754,1.4087782132181164
126,1549494000,167,532,365,699,6,1.254282659518601,0.12429570771870642
126,1549508400,27,90,63,117,6,0.21234662878090144,-1.2473901972366268
126,1549522800,254,67,-187,321,6,-0.6501831979887175,-0.7665930759120769
126,1549537200,962,356,-606,1318,6,-2.095783187654599,1.5831850121299629
126,1549551600,381,296,-85,677,6,-0.29827102866671296,0.07244503777194125
126,1549566000,427,775,348,1202,6,1.195630631298267,1.3097905705924737
126,1549580400,144,598,454,742,6,1.5613432778485854,0.2256401989782929
126,1549594800,36,101,65,137,6,0.2192468673950584,-1.2002532245577493
126,1549609200,226,52,-174,278,6,-0.6053316469966974,-0.8679375671716635
126,1549623600,945,329,-616,1274,6,-2.1302843807253837,1.4794836722364324
126,1549638000,367,306,-61,673,6,-0.21546816529682955,0.06301764323616577
126,1549652400,468,916,448,1384,6,1.5406425620061146,1.7387370219702583
126,1549666800,179,501,322,680,6,1.1059275293142266,0.07951558367377287
126,1549681200,34,153,119,187,6,0.40555330997729605,-1.0824107928605557
126,1549695600,87,40,-47,127,6,-0.1671664949977309,-1.223821710897188
126,1549710000,362,235,-127,597,6,-0.443176039564009,-0.11610285294356845
126,1549724400,336,298,-38,634,6,-0.13611542123402462,-0.028899453487645218
126,1549738800,323,489,166,812,6,0.5677089174099844,0.3906196033543639
126,1549753200,187,279,92,466,6,0.31240008868617725,-0.4248500239902156
126,1549767600,62,110,48,172,6,0.1605948391747243,-1.1177635223697138
126,1549782000,61,27,-34,88,6,-0.1223149440057107,-1.315738807620999
126,1549796400,242,113,-129,355,6,-0.4500762781781659,-0.6864602223579853
126,1549810800,300,263,-37,563,6,-0.13266530192694614,-0.1962357064976601
126,1549825200,260,343,83,603,6,0.28134901492247094,-0.10196176113990522
126,1549839600,132,237,105,369,6,0.3572516396781974,-0.6534643414827711
126,1549854000,21,63,42,84,6,0.13989412333225343,-1.3251662021567745
126,1549868400,221,72,-149,293,6,-0.5190786643197355,-0.8325848376625054
126,1549882800,984,346,-638,1330,6,-2.20618700548111,1.6114671957372892
126,1549897200,370,352,-18,722,6,-0.06711303509245511,0.17850322629941545
126,1549911600,441,814,373,1255,6,1.2818836139752288,1.434703548191499
126,1549926000,156,489,333,645,6,1.1438788416920898,-0.002974118514262632
126,1549940400,24,83,59,107,7,0.2074034214260879,-1.2151263061011432
126,1549954800,256,58,-198,314,7,-0.8727168472731096,-0.6882953635484751
126,1549969200,777,315,-462,1092,7,-1.982256734185904,1.2917745558040648
126,1549983600,301,293,-8,594,7,-0.07418435290405312,0.024326201257066204
126,1549998000,368,796,428,1164,7,1.7582375815428346,1.4750201010397754
126,1550012400,123,390,267,513,7,1.0815863626301077,-0.18182503713310824
126,1550026800,16,93,77,109,7,0.28305386826105117,-1.210036152066818
126,1550041200,273,72,-201,345,7,-0.8853252550789369,-0.6093979760164331
126,1550055600,946,433,-513,1379,7,-2.1965996668849663,2.0222116597297446
126,1550070000,417,358,-59,775,7,-0.28852728560311564,0.4849851413635054
126,1550084400,439,843,404,1282,7,1.6573703190962168,1.7753391890649677
126,1550098800,169,542,373,711,7,1.5270834384360024,0.322100212265096
126,1550113200,26,105,79,131,7,0.29145947346493595,-1.1540444576892397
126,1550127600,249,65,-184,314,7,-0.813877610845916,-0.6882953635484751
126,1550142000,914,385,-529,1299,7,-2.263844508516045,1.8186054983567328
126,1550144719,83,48,-35,131,7,-0.187660023156498,-1.1540444576892397
126,1550156400,325,249,-76,574,7,-0.3599749298361365,-0.02657533908618675
126,1550170800,441,911,470,1352,7,1.9347552908244154,1.953494580266353
126,1550185200,187,475,288,662,7,1.1698452172708982,0.19739143842412624
126,1550199600,30,116,86,146,7,0.3208790916785328,-1.1158683024318
126,1550214000,258,70,-188,328,7,-0.8306888212536856,-0.6526642853081981
126,1550228400,865,407,-458,1272,7,-1.9654455237781345,1.7498884188933412
126,1550242800,385,372,-13,757,7,-0.09519836591376514,0.4391737550545778
126,1550257200,469,873,404,1342,7,1.6573703190962168,1.9280438100947266
126,1550271600,216,417,201,633,7,0.8042013909019091,0.12358420492640947
126,1550286000,49,136,87,185,7,0.3250818942804752,-1.0166102987624566
126,1550300400,81,49,-32,130,7,-0.1750516153506708,-1.1565895347064024
126,1550314800,326,202,-124,528,7,-0.5617094547293718,-0.14364888187566854
126,1550329200,347,281,-66,628,7,-0.3179469038167125,0.11085881984059621
126,1550343600,296,438,142,734,7,0.5562360373873073,0.3806369836598369
126,1550358000,166,316,150,482,7,0.5898584582028465,-0.26072242466515033
126,1550372400,66,134,68,200,7,0.24522864484356952,-0.978434143505017
126,1550386800,52,26,-26,78,7,-0.14983479973901637,-1.28893353959886
126,1550401200,240,123,-117,363,7,-0.532289836515775,-0.5635865897075054
126,1550415600,351,278,-73,629,7,-0.34736652203030927,0.11340389685775887
126,1550430000,275,370,95,645,7,0.3587043150960144,0.15412512913236123
126,1550444400,120,251,131,371,7,0.5100052087659409,-0.5432259735702042
126,1550458800,24,80,56,104,7,0.19479501362026067,-1.222761537152631
126,1550473200,144,30,-114,174,7,-0.5196814287099478,-1.044606145951246
126,1550487600,412,219,-193,631,7,-0.8517028342633977,0.11849405089208416
126,1550502000,351,274,-77,625,7,-0.3641777324380789,0.10322358878910828
126,1550516400,329,458,129,787,7,0.5015996035620561,0.5155260655694572
126,1550530800,172,339,167,511,7,0.6613061024358674,-0.18691519116743355
126,1550545200,24,69,45,93,8,0.15735415900053107,-1.419058554491756
126,1550559600,244,65,-179,309,8,-0.6273148440297218,-0.8969548415902447
126,1550563296,252,60,-192,312,8,-0.6728536700984419,-0.8897034011332793
126,1550574000,598,306,-292,904,8,-1.023152332165519,0.5412475157079
126,1550588400,371,294,-77,665,8,-0.27001020872130305,-0.03645057403034636
126,1550602800,412,799,387,1211,8,1.355375583269935,1.283311589137363
126,1550617200,182,464,282,646,8,0.987561988099504,-0.08237636359112745
126,1550631600,24,101,77,125,8,0.26944973086199575,-1.3417098562841248
126,1550646000,250,60,-190,310,8,-0.6658476968571003,-0.8945376947712562
126,1550660400,855,346,-509,1201,8,-1.7833004288510763,1.2591401209474782
126,1550674800,382,359,-23,741,8,-0.08084893120508141,0.147252584212778
126,1550689200,368,789,421,1157,8,1.4744771283727411,1.152785660911985
126,1550703600,125,367,242,492,8,0.847442523272673,-0.45461697371535315
126,1550718000,17,94,77,111,8,0.26944973086199575,-1.3755499117499634
126,1550732400,239,51,-188,290,8,-0.6588417236157588,-0.9428806311510258
126,1550746800,927,375,-552,1302,8,-1.9339288535399197,1.5032719496653144
126,1550761200,400,335,-65,735,8,-0.22797436927325382,0.13274970329884714
126,1550775600,430,864,434,1294,8,1.5200159544414613,1.4839347751134067
126,1550790000,185,514,329,699,8,1.1522023592710302,0.04573241781526192
126,1550804400,23,125,102,148,8,0.35702439637876504,-1.2861154794473897
126,1550818800,254,55,-199,309,8,-0.6973745764431373,-0.8969548415902447
126,1550833200,838,361,-477,1199,8,-1.6712048569896116,1.2543058273095011
126,1550847600,393,343,-50,736,8,-0.17542956996319223,0.13516685011783564
126,1550862000,493,826,333,1319,8,1.1662143057537133,1.5443634455881186
126,1550876400,214,480,266,694,8,0.9315142021687717,0.03364668372031952
126,1551495600,8693,2701,-5992,11394,9,-4.221727573060441,4.222098728720025
126,1551510000,81,47,-34,128,9,0.21052844108830043,-0.37013973184387566
126,1551524400,328,204,-124,532,9,0.14357593332170313,-0.20546155520018528
126,1551538800,332,332,0,664,9,0.23582161068901497,-0.1516558143166033
126,1551553200,284,428,144,712,9,0.34294562311557064,-0.1320900903589371
126,1551567600,192,304,112,496,9,0.3191402870207805,-0.22013584816843493
126,1551582000,31,106,75,137,9,0.2916153671611794,-0.36647115860181323
126,1551596400,51,28,-23,79,9,0.21871152537088454,-0.39011307505065984
126,1551610800,268,160,-108,428,9,0.1554786013690982,-0.247853957108462
126,1551625200,350,236,-114,586,9,0.15101510085132505,-0.18345011574781084
126,1551639600,292,369,77,661,9,0.29310320066710377,-0.15287867206395742
126,1551654000,108,202,94,310,9,0.30574978546746107,-0.29595302850439137
126,1551668400,23,66,43,89,9,0.26781003106638923,-0.38603688255947943
126,1551682800,203,56,-147,259,9,0.1264658480035727,-0.31674161020941166
126,1551687641,265,90,-175,355,9,0.1056361789206313,-0.2776101622940793
126,1551697200,472,218,-254,690,9,0.04686675543661812,-0.1410577138395341
126,1551711600,360,279,-81,639,9,0.17556435369907739,-0.16184629554455443
126,1551726000,369,613,244,982,9,0.4173372984117899,-0.022032893097064844
126,1551740400,152,392,240,544,9,0.41436163139994114,-0.20057012421076875
126,1551754800,17,79,62,96,10,0.31983827987389934,-1.380459008070549
126,1551769200,246,66,-180,312,10,-0.5406265895380415,-0.8499360850333542
126,1551777560,657,243,-414,900,10,-1.372646339300001,0.5942652054567872
126,1551783600,693,106,-587,799,10,-1.9877720517308513,0.34619661644402483
126,1551798000,370,305,-65,675,10,-0.13172799456955728,0.041637160626375985
126,1551812400,448,848,400,1296,10,1.5216445850856186,1.566890564358311
126,1551826800,167,459,292,626,10,1.137635469810868,-0.07871294691446913
126,1551841200,24,95,71,119,10,0.3518390394801285,-1.3239681412656625
126,1551855600,258,63,-195,321,10,-0.5939611888817569,-0.8278309632401377
126,1551870000,948,383,-565,1331,10,-1.9095479726934022,1.6528549268874861
126,1551884400,381,333,-48,714,10,-0.07128211531334654,0.13742602173031393
126,1551898800,422,827,405,1249,10,1.539422784866857,1.4514527061048472
126,1551913200,180,477,297,657,10,1.1554136695921065,-0.0025730829600569146
126,1551927600,21,95,74,116,10,0.3625059593488716,-1.3313365151967347
126,1551942000,285,75,-210,360,10,-0.6472957882254723,-0.7320421021361997
126,1551956400,958,326,-632,1284,10,-2.1477758497619974,1.5374170686340223
126,1551970800,452,326,-126,778,10,-0.3486220319006664,0.2946179989265198
126,1551985200,484,877,393,1361,10,1.4967551053918846,1.7265386661982076
126,1551999600,165,493,328,658,10,1.2656385082357848,-0.00011695831636619801
126,1552014000,28,131,103,159,10,0.46561951808005464,-1.2257231555180337
126,1552028400,279,74,-205,353,10,-0.6295175884442338,-0.7492349746420347
126,1552042800,946,360,-586,1306,10,-1.9842164117746035,1.5914518107952182
126,1552057200,409,430,21,839,10,0.17405704166774405,0.4444416021916535
126,1552071600,530,898,368,1428,10,1.4078641064856925,1.8910990173254856
126,1552086000,214,504,290,718,10,1.1305241898983727,0.1472505203050768
126,1552100400,40,157,117,197,10,0.5153984774675223,-1.1323904190577865
126,1552114800,100,39,-61,139,10,-0.11750543474456653,-1.274845648391848
126,1552129200,387,237,-150,624,10,-0.4339573908506109,-0.08362519620185056
126,1552143600,401,315,-86,716,10,-0.20639643365075877,0.14233827101769536
126,1552158000,382,437,55,819,10,0.2949488001801655,0.39531910931783915
126,1552172400,196,345,149,541,10,0.6291789560674483,-0.28748354162818
126,1552190400,42,132,90,174,10,0.41939619864883465,-1.188881285862673
126,1552204800,94,41,-53,135,10,-0.089060315094585,-1.2846701469666109
126,1552219200,284,152,-132,436,10,-0.3699558716381525,-0.5453766292157053
126,1552233600,324,227,-97,551,10,-0.24550847316948335,-0.26292229519127286
126,1552248000,236,324,88,560,10,0.41228491873633927,-0.24081717339805642
126,1552262400,112,214,102,326,10,0.46206387812380695,-0.8155503400216841
126,1552276800,13,40,27,53,10,0.19539088140523017,-1.4860723677492498
126,1552291200,541,157,-384,698,10,-1.2659771406125702,0.09812802743126246
126,1552305600,807,354,-453,1161,10,-1.511316297593661,1.2353137374600642
126,1552320000,440,429,-11,869,10,0.06027656306781798,0.518125341502375
126,1552334400,425,759,334,1184,10,1.286972347973271,1.2918046042649507
126,1552348800,139,378,239,517,11,0.8957185192076615,-0.4037934428940336
126,1552363200,14,57,43,71,11,0.18158403052332028,-1.5036302058285287
126,1552377600,545,132,-413,677,11,-1.4798717186606574,-0.009233169195560073
126,1552392000,845,385,-460,1230,11,-1.6511182542125147,1.3544657767747892
126,1552406400,395,441,46,836,11,0.19251466045216223,0.382861102792298
126,1552420800,493,1000,507,1493,11,1.8721881261842097,2.003024226666655
126,1552435200,131,383,252,514,11,0.9430845822326432,-0.41119144802588004
126,1552449600,16,65,49,81,11,0.2034452903810042,-1.478970188722374
126,1552464000,491,172,-319,663,11,-1.1373786475569427,-0.04375719314417651
126,1552478400,824,395,-429,1219,11,-1.5381684116144811,1.327339757958019
126,1552486110,206,162,-44,368,11,-0.13540423741309648,-0.7712276977757372
126,1552492800,329,221,-108,550,11,-0.3685910092283916,-0.3224153864437235
126,1552507200,436,932,496,1368,11,1.8321091497784558,1.6947740128397226
126,1552521600,109,381,272,490,11,1.015955448424923,-0.4703754890806511
126,1552536000,19,72,53,91,11,0.21801946361946012,-1.4543101716162194
126,1552550400,562,171,-391,733,11,-1.3997137658491496,0.12886292659890566
126,1552564800,829,371,-458,1200,11,-1.6438311675932866,1.2804857254563253
126,1552579200,419,449,30,868,11,0.13421796749833845,0.4617731575319928
126,1552593600,433,893,460,1326,11,1.7009415906323522,1.5912019409938734
126,1552608000,116,438,322,554,11,1.1981326139056223,-0.3125513796012616
126,1552622400,18,72,54,90,11,0.22166300692907412,-1.456776173326835
126,1552636800,548,157,-391,705,11,-1.3997137658491496,0.0598148787016728
126,1552651200,820,385,-435,1205,11,-1.560029671472165,1.2928157340094026
126,1552665600,420,473,53,893,11,0.21801946361946012,0.5234232002973792
126,1552680000,468,819,351,1287,11,1.3037953698844278,1.4950278742798704
126,1552694400,167,404,237,571,11,0.8884314325884335,-0.2706293505207988
126,1552708800,20,98,78,118,11,0.30910804635980976,-1.387728125429602
126,1552723200,182,88,-94,270,11,-0.31758140289379583,-1.0128958654160523
126,1552737600,427,267,-160,694,11,-0.5580552613283188,0.03268885988490274
126,1552752000,478,396,-82,874,11,-0.273858883178428,0.4765691677956855
126,1552766400,301,458,157,759,11,0.5969479678193147,0.19297897107490763
126,1552780800,156,313,157,469,11,0.5969479678193147,-0.5221615250035757
126,1552795200,22,93,71,115,11,0.28360324319251184,-1.3951261305614484
126,1552809600,115,49,-66,164,11,-0.21556219022460418,-1.274292046741291
126,1552824000,323,186,-137,509,11,-0.47425376520719714,-0.4235214565789573
126,1552838400,334,288,-46,622,11,-0.14269132403232446,-0.14486326327941035
126,1552852800,268,401,133,669,11,0.509502928388579,-0.02896118288048375
126,1552867200,150,208,58,358,11,0.23623718016753004,-0.7958877148818917
126,1552881600,13,59,46,72,11,0.19251466045216223,-1.5011642041179132
126,1552896000,537,178,-359,715,11,-1.283120379941502,0.0844748958078274
126,1552910400,830,369,-461,1199,11,-1.6547617975221287,1.27801972374571
126,1552924800,427,428,1,855,11,0.028555211519532865,0.42971513529399175
126,1552939200,408,802,394,1210,11,1.4604677321978292,1.30514574256248
126,1552953600,123,332,209,455,12,0.8730333761458722,-0.5318762664081355
126,1552968000,14,34,20,48,12,0.16312363020795648,-1.5389534593612444
126,1552982400,557,165,-392,722,12,-1.384404493212262,0.1287861672982038
126,1552996800,833,360,-473,1193,12,-1.6886515271856546,1.294224393049836
126,1553011200,396,444,48,840,12,0.268295444420981,0.42076432152048104
126,1553025600,450,902,452,1352,12,1.7857744780660498,1.6876525839086671
126,1553040000,132,344,212,476,12,0.8843017848115534,-0.47991405252112
126,1553054400,17,47,30,64,12,0.20068499242689383,-1.4993632011616136
126,1553068800,541,145,-396,686,12,-1.399429038099837,0.03970808634903445
126,1553083200,840,330,-510,1170,12,-1.8276285673957227,1.2373133968878667
126,1553097600,409,427,18,836,12,0.155611357764169,0.41086675697057334
126,1553112000,476,896,420,1372,12,1.6655781189654504,1.7371404066582057
126,1553126400,133,339,206,472,12,0.861764967480191,-0.4898116170710277
126,1553140800,13,44,31,57,12,0.20444112864878755,-1.516683939123952
126,1553155200,537,162,-375,699,12,-1.3205501774400685,0.0718751711362345
126,1553169600,812,351,-461,1163,12,-1.6435778925229296,1.219992658925528
126,1553184000,371,434,63,805,12,0.32463748774938705,0.3341606317087886
126,1553198400,418,820,402,1238,12,1.5979676669713632,1.4055719942362976
126,1553212800,124,328,204,452,12,0.8542526950364036,-0.5392994398205663
126,1553227200,18,54,36,72,12,0.22322180975825623,-1.479568072061798
126,1553241600,495,150,-345,645,12,-1.2078660907832566,-0.06174195028751951
126,1553256000,751,392,-359,1143,12,-1.2604519978897688,1.1705048361759895
126,1553270400,471,488,17,959,12,0.15185522154227526,0.7152168668802352
126,1553284800,493,845,352,1338,12,1.4101608558766763,1.6530111079839902
126,1553299200,157,375,218,532,12,0.9068386021429158,-0.34134814882241216
126,1553313600,19,84,65,103,12,0.33214976019317455,-1.4028619468000134
126,1553328000,177,65,-112,242,12,-0.3326863510820165,-1.0589215786907207
126,1553342400,403,199,-204,602,12,-0.6782508834962401,-0.16814076919902735
126,1553356800,382,353,-29,735,12,-0.020927044664836525,0.16095325208540381
126,1553371200,343,442,99,785,12,0.4598583917375615,0.2846728089592501
126,1553385600,191,271,80,462,12,0.3884918035215805,-0.514555528445797
126,1553400000,28,84,56,112,12,0.29834453419613094,-1.3805924265627212
126,1553414400,122,53,-69,175,12,-0.1711724935405859,-1.2247057849016747
126,1553428800,339,162,-177,501,12,-0.5768352055051092,-0.4180542740841969
126,1553443200,361,274,-87,635,12,-0.2387829455346731,-0.08648586166228878
126,1553457600,262,382,120,644,12,0.5387372523973298,-0.06421634142499644
126,1553472000,115,212,97,327,12,0.45234611929377405,-0.848598332005182
126,1553486400,17,42,25,59,12,0.18190431131742515,-1.511735156848998
126,1553500800,561,141,-420,702,12,-1.4895763074252866,0.07929834454866527
126,1553515200,848,392,-456,1240,12,-1.624797211413461,1.4105207765112515
126,1553529600,407,388,-19,795,12,0.016634317554100816,0.3094167203340194
126,1553544000,405,825,420,1230,12,1.6655781189654504,1.3857768651364821
126,1553558400,120,319,199,439,13,0.8404068179062801,-0.5412210762585373
126,1553572800,14,40,26,54,13,0.20852448899452547,-1.4800174137375073
126,1553587200,531,160,-371,691,13,-1.241517618392565,0.07326379918224302
126,1553601600,836,378,-458,1214,13,-1.5592850323539675,1.3485637589264023
126,1553616000,402,422,20,824,13,0.18660949492822185,0.39757526122043263
126,1553630400,427,942,515,1369,13,1.9945965053982715,1.7265207259633901
126,1553644800,121,328,207,449,13,0.869626809994685,-0.5168367558045381
126,1553659200,17,43,26,60,13,0.20852448899452547,-1.4653868214651078
126,1553673600,523,130,-393,653,13,-1.3218725966356781,-0.019396618542954026
126,1553688000,906,374,-532,1280,13,-1.8295699591717123,1.5095002739227972
126,1553702400,434,432,-2,866,13,0.1062545166851085,0.4999894071272294
126,1553716800,411,866,455,1277,13,1.7754465647352349,1.5021849777865974
126,1553731200,139,344,205,483,13,0.8623218119725837,-0.43393006626094077
126,1553745600,17,38,21,55,13,0.19026199393927243,-1.4775789816921074
126,1553760000,518,162,-356,680,13,-1.1867301332268059,0.04644104668284387
126,1553774400,849,357,-492,1206,13,-1.6834699987296882,1.329056302563203
126,1553788800,453,409,-44,862,13,-0.04715044177901691,0.4902356789456297
126,1553803200,464,978,514,1442,13,1.9909440063872208,1.9045262652775845
126,1553817600,139,314,175,453,13,0.7527468416410656,-0.5070830276229384
126,1553832000,9,44,35,53,13,0.24139698009398092,-1.4824558457829073
126,1553846400,527,152,-375,679,13,-1.2561276144367672,0.04400261463744395
126,1553852883,508,216,-292,724,13,-0.952970196519567,0.15373205668044043
126,1553857259,183,76,-107,259,13,-0.277257879475205,-0.9801388444305233
126,1553860800,551,69,-482,620,13,-1.6469450086191821,-0.09986487604115146
126,1553875200,468,473,5,941,13,0.13182200976246275,0.6828718105322236
126,1553889600,522,804,282,1326,13,1.1435642358234803,1.6216681480111936
126,1553904000,162,385,223,547,13,0.9280667941714946,-0.2778704153553458
126,1553918400,21,86,65,107,13,0.35097195042549906,-1.3507805153313115
126,1553932800,167,63,-104,230,13,-0.2663003824420532,-1.050853373747121
126,1553947200,435,266,-169,701,13,-0.5037128181603425,0.09764811963624223
126,1553961600,445,324,-121,769,13,-0.3283928656299135,0.26346149872343694
126,1553976000,343,422,79,765,13,0.4021069365802075,0.25370777054183724
126,1553990400,151,318,167,469,13,0.7235268495526608,-0.4680681148965397
126,1554004800,26,118,92,144,13,0.4495894237238654,-1.2605585296515145
126,1554019200,108,46,-62,154,13,-0.1128954239779278,-1.2361742091975152
126,1554033600,309,162,-147,471,13,-0.4233578399172292,-0.46319125080573986
126,1554048000,328,282,-46,610,13,-0.05445543980111812,-0.12424919649515068
126,1554062400,261,368,107,629,13,0.5043769088896245,-0.07791898763255216
126,1554076800,116,181,65,297,13,0.35097195042549906,-0.8874784267053263
126,1554091200,13,40,27,53,13,0.21217698800557608,-1.4824558457829073
126,1554105600,558,173,-385,731,13,-1.2926526045472733,0.1708010809982399
126,1554120000,821,395,-426,1216,13,-1.442405064000348,1.353440623017202
126,1554134400,419,440,21,859,13,0.19026199393927243,0.48292038280942995
126,1554148800,453,918,465,1371,13,1.811971554845741,1.73139759005419
126,1554163200,131,356,225,487,14,0.8685882359054157,-0.5207291061927227
126,1554177600,16,49,33,65,14,0.1974215499777353,-1.5519472825234288
126,1554192000,566,162,-404,728,14,-1.3301817924722452,0.06818933100087951
126,1554206400,876,389,-487,1265,14,-1.6203215577430654,1.380426678606541
126,1554220800,414,400,-14,814,14,0.03312553831835525,0.278342798215194
126,1554235200,439,903,464,1342,14,1.704050933492476,1.5685873411123807
126,1554249600,132,369,237,501,14,0.9105361537758957,-0.48651807664620644
126,1554264000,18,65,47,83,14,0.24636078749329537,-1.507961673106479
126,1554278400,555,169,-386,724,14,-1.2672599156665252,0.05841475113044627
126,1554292800,885,377,-508,1262,14,-1.6937304140164056,1.3730957437037161
126,1554307200,455,422,-33,877,14,-0.03329199830990478,0.43229243117451743
126,1554321600,478,894,416,1372,14,1.536259262010556,1.64189669014063
126,1554336000,150,429,279,579,14,1.0573538663225757,-0.2959137691727584
126,1554350400,15,65,50,80,14,0.2568477669609154,-1.515292608009304
126,1554364800,574,136,-438,710,14,-1.4490342264386054,0.02420372158392996
126,1554379200,882,361,-521,1243,14,-1.7391739917094255,1.3266664893191582
126,1554393600,427,469,42,896,14,0.22888248838059536,0.4787216855590753
126,1554408000,450,907,457,1357,14,1.679581314734696,1.6052420156265053
126,1554422400,135,415,280,550,14,1.0608495261451156,-0.3667794732333993
126,1554436800,19,60,41,79,14,0.22538682855805536,-1.5177362529769125
126,1554451200,530,188,-342,718,14,-1.1134508834747652,0.043752881324796426
126,1554465600,788,349,-439,1137,14,-1.4525298862611453,1.0676401227526775
126,1554480000,426,467,41,893,14,0.22538682855805536,0.47139075065625036
126,1554494400,461,853,392,1314,14,1.452363426269596,1.500165282019348
126,1554508800,174,327,153,501,14,0.6169007286825355,-0.48651807664620644
126,1554523200,22,75,53,97,14,0.2673347464285354,-1.473750643559963
126,1554537600,202,76,-126,278,14,-0.3583883618061249,-1.031450904422859
126,1554552000,441,273,-168,714,14,-0.505206074352805,0.033978301454363195
126,1554566400,469,365,-104,834,14,-0.2814838457102449,0.3272156975673602
126,1554580800,332,487,155,819,14,0.6238920483276155,0.29056102305323556
126,1554595200,173,338,165,511,14,0.6588486465530156,-0.46208162697012334
126,1554609600,27,99,72,126,14,0.3337522830567954,-1.402884939499322
126,1554624000,112,44,-68,156,14,-0.15564009209880483,-1.3295755904710727
126,1554638400,347,186,-161,533,14,-0.4807364555950249,-0.4083214376827406
126,1554652800,349,232,-117,581,14,-0.32692742340326486,-0.29102647923754177
126,1554667200,285,412,127,697,14,0.5260135732964955,-0.007563662994978043
126,1554681600,122,204,82,326,14,0.3687088812821954,-0.9141559459776604
126,1554696000,15,67,52,82,14,0.26383908660599537,-1.5104053180740875
126,1554710400,591,155,-436,746,14,-1.4420429067935254,0.11217494041782905
126,1554724800,882,357,-525,1239,14,-1.7531566309995854,1.316891909448725
126,1554739200,424,427,3,851,14,0.09255175530153527,0.3687576620167014
126,1554753600,406,831,425,1237,14,1.5677202004134159,1.3120046195135082
126,1554768000,108,355,247,463,15,1.0781663166511042,-0.5116077733782087
126,1554782400,18,56,38,74,15,0.3081848155157813,-1.5019484805211847
126,1554796800,577,160,-417,737,15,-1.368090701309921,0.18595868872249927
126,1554811200,827,388,-439,1215,15,-1.449141385639955,1.402881202898187
126,1554825600,544,383,-161,927,15,-0.42495546546952595,0.6696726587923333
126,1554840000,543,834,291,1377,15,1.240267685311172,1.8153110089577296
126,1554854400,141,399,258,540,15,1.118691658816121,-0.31557632234990757
126,1554868800,17,71,54,88,15,0.367130767755806,-1.466306398516039
126,1554883200,561,164,-397,725,15,-1.2944082610098901,0.15540833271808868
126,1554887260,354,127,-227,481,15,-0.6681075184596279,-0.4657822393715929
126,1554887389,11,0,-11,11,15,0.12766283678070567,-1.6623378495443402
126,1554894639,402,159,-243,561,15,-0.7270534706996525,-0.2621131993421891
126,1554897600,650,77,-573,727,15,-1.942813735650162,0.16050005871882378
126,1554912000,433,456,23,889,15,0.25292298529075813,0.5729298647783665
126,1554926400,413,892,479,1305,15,1.9328826241314623,1.6320088729312663
126,1554940800,125,374,249,499,15,1.085534560681107,-0.41995670536497703
126,1554955200,14,64,50,78,15,0.35239427969579984,-1.4917650285197146
126,1554969600,577,162,-415,739,15,-1.360722457279918,0.19105041472323436
126,1554984000,873,375,-498,1248,15,-1.6665045845250461,1.486894681910316
126,1554998400,429,384,-45,813,15,0.0024026882706531753,0.37944427675043285
126,1555012800,456,960,504,1416,15,2.024985674506501,1.9145996659720639
126,1555027200,142,383,241,525,15,1.0560615845610948,-0.3537642673554208
126,1555041600,17,67,50,84,15,0.35239427969579984,-1.4764898505175093
126,1555056000,573,140,-433,713,15,-1.427036653549946,0.12485797671367811
126,1555059678,350,135,-215,485,15,-0.6238980542796093,-0.4555987873701227
126,1555070400,584,258,-326,842,15,-1.0328355979447805,0.45327430376109173
126,1555084800,460,423,-37,883,15,0.031875664390665526,0.5576546867761611
126,1555099200,490,937,447,1427,15,1.814990719651413,1.942604158976107
126,1555113600,395,403,8,798,15,0.197661155065735,0.34125633174491965
126,1555128000,29,86,57,115,15,0.37818313380081064,-1.3975680975061153
126,1555142400,177,70,-107,247,15,-0.22601287665944256,-1.061514181457599
126,1555156800,411,212,-199,623,15,-0.5649521020395847,-0.10426969331940115
126,1555171200,477,323,-154,800,15,-0.39916661136451514,0.34634805774565475
126,1555185600,346,526,180,872,15,0.8313301416460005,0.5296501937721182
126,1555200000,324,301,-23,625,15,0.08345337260068714,-0.09917796731866606
126,1555214400,55,104,49,159,15,0.34871015768079827,-1.285550125489943
126,1555228800,122,49,-73,171,15,-0.10075272814939006,-1.2549997694855326
126,1555243200,337,160,-177,497,15,-0.48390141770955064,-0.42504843136571213
126,1555257600,342,340,-2,682,15,0.16081993491571955,0.045936223702284146
126,1555272000,284,393,109,677,15,0.5697574785808909,0.03320690870044641
126,1555286400,143,225,82,368,15,0.4702861841758492,-0.7534647584131258
126,1555300800,19,57,38,76,15,0.3081848155157813,-1.4968567545204496
126,1555315200,517,136,-381,653,15,-1.2354623087698655,-0.02789380330837473
126,1555329600,812,341,-471,1153,15,-1.5670332901200046,1.245037696875399
126,1555344000,407,470,63,877,15,0.4002878658908199,0.5423795087739559
126,1555358400,435,842,407,1277,15,1.6676258390513512,1.5607247089209748
126,1555372800,113,326,213,439,16,0.8348707424076682,-0.6448315652815864
126,1555387200,13,66,53,79,16,0.23662683230108575,-1.5780104767534073
126,1555401600,547,143,-404,690,16,-1.4721073359408405,0.0058015091057109155
126,1555416000,818,366,-452,1184,16,-1.6515805089728153,1.2863303487364874
126,1555430400,484,446,-38,930,16,-0.10362439157203304,0.6279207834202581
126,1555444800,456,910,454,1366,16,1.7359756320057083,1.7581041317583523
126,1555459200,136,399,263,535,16,1.0218219643159754,-0.39598385555576754
126,1555473600,16,51,35,67,16,0.16932439241409522,-1.6091164404691347
126,1555488000,553,172,-381,725,16,-1.3861097738630193,0.09652723660991572
126,1555502400,850,371,-479,1221,16,-1.7525341688033012,1.3822404035266467
126,1555516800,444,440,-4,884,16,0.023502439325615746,0.5086812558433033
126,1555531200,415,933,518,1348,16,1.9752731960483414,1.7114451861847613
126,1555545600,148,430,282,578,16,1.092863428641132,-0.28452081890774444
126,1555560000,16,66,50,82,16,0.22540975898658733,-1.5702339858244754
126,1555574400,551,132,-419,683,16,-1.5281927025133326,-0.012343636395130047
126,1555588800,800,348,-452,1148,16,-1.6515805089728153,1.1930124575893053
126,1555603200,436,460,24,896,16,0.12819512359426768,0.5397872195590306
126,1555617600,475,839,364,1314,16,1.3994634325707556,1.6233116223235338
126,1555632000,152,420,268,572,16,1.040517086506806,-0.30007380076560813
126,1555646400,14,60,46,74,16,0.21045366123392278,-1.5909712949682937
126,1555660800,435,113,-322,548,16,-1.165507332011217,-0.3622857281970629
126,1555675200,659,318,-341,977,16,-1.2365487963363737,0.7497524746401903
126,1555689600,443,509,66,952,16,0.2852341499972456,0.6849483835657584
126,1555704000,409,680,271,1089,16,1.0517341598213044,1.0400748026536457
126,1555718400,161,313,152,474,16,0.6067902516795337,-0.5541058377773816
126,1555732800,28,125,97,153,16,0.401143907580396,-1.3861903671730886
126,1555747200,179,75,-104,254,16,-0.3504000044909983,-1.1243818392323832
126,1555761600,401,227,-174,628,16,-0.6121317151626282,-0.15491263675888045
126,1555776000,437,374,-63,811,16,-0.19710000252618656,0.3194533099059618
126,1555790400,369,533,164,902,16,0.6516585449375274,0.5553402014168943
126,1555804800,183,315,132,498,16,0.5320097629162108,-0.4918939103459269
126,1555819200,31,118,87,149,16,0.3637536631987346,-1.3965590217449977
126,1555833600,125,57,-68,182,16,-0.21579512471701726,-1.3110176215267475
126,1555848000,367,175,-192,542,16,-0.6794341550496188,-0.37783871005492653
126,1555862400,395,363,-32,758,16,-0.0811902449430362,0.18206863682816596
126,1555876800,284,427,143,711,16,0.5731390317360384,0.0602369456082338
126,1555891200,182,275,93,457,16,0.38618780982773143,-0.5981726197079954
126,1555905600,24,60,36,84,16,0.17306341685226137,-1.565049658538521
126,1555920000,531,167,-364,698,16,-1.322546358414195,0.026538818249529156
126,1555934400,777,365,-412,1142,16,-1.5020195314461697,1.1774594757314416
126,1555948800,410,420,10,830,16,0.07584878145994171,0.36870441912253016
126,1555963200,392,840,448,1232,16,1.7135414853767112,1.4107542035993967
126,1555977600,153,328,175,481,17,0.7592929178021303,-0.5216589452231088
126,1555992000,16,48,32,64,17,0.21329622765230125,-1.6351301326304613
126,1556006400,566,143,-423,709,17,-1.5239659682789726,0.08714544501400466
126,1556020800,792,389,-403,1181,17,-1.447602794831444,1.3474773405925906
126,1556035200,466,403,-63,869,17,-0.14942884622345926,0.5143765960575931
126,1556049600,468,844,376,1312,17,1.526742810949792,1.6972728455095285
126,1556064000,130,366,236,496,17,0.9922005968170923,-0.4816060248127724
126,1556078400,13,82,69,95,17,0.354568098530229,-1.5523540971157659
126,1556092800,533,163,-370,696,17,-1.3216035586430221,0.0524329139917131
126,1556107200,792,343,-449,1135,17,-1.6232380937607598,1.2246483846675589
126,1556121600,439,409,-30,848,17,-0.02342961003503716,0.4583025074831221
126,1556136000,390,886,496,1276,17,1.9849218516349632,1.601145836524721
126,1556150400,154,345,191,499,17,0.8203834565601531,-0.47359544073070514
126,1556164800,14,77,63,91,17,0.33165914649597045,-1.5630348758918557
126,1556179200,559,169,-390,728,17,-1.3979667320905507,0.1378791442004308
126,1556193600,838,393,-445,1231,17,-1.607965459071254,1.480987075293712
126,1556208000,459,393,-66,852,17,-0.16088332224058852,0.4689832862592118
126,1556222400,461,851,390,1312,17,1.5801970323630619,1.6972728455095285
126,1556236800,175,407,232,582,17,0.9769279621275866,-0.25196928112684364
126,1556251200,41,77,36,118,17,0.22856886234180696,-1.49093961915325
126,1556265600,441,162,-279,603,17,-0.9741511194567672,-0.19589519255237267
126,1556272986,518,175,-343,693,17,-1.2185132744888585,0.044422329909645814
126,1556280000,452,145,-307,597,17,-1.0810595622833072,-0.21191636071650724
126,1556294400,400,469,69,869,17,0.354568098530229,0.5143765960575931
126,1556308800,448,878,430,1326,17,1.732923379258119,1.7346555712258425
126,1556323200,242,356,114,598,17,0.5263852387871683,-0.20924616602248483
126,1556337600,40,145,105,185,17,0.49202181073578044,-1.3120365746537475
126,1556352000,228,89,-139,317,17,-0.43960890532406766,-0.959570875042787
126,1556366400,491,313,-178,804,17,-0.5885170935467482,0.3408139409461353
126,1556380800,606,471,-135,1077,17,-0.4243362706345619,1.069777092414258
126,1556395200,361,528,167,889,17,0.7287476484231189,0.5677804899380416
126,1556409600,208,368,160,576,17,0.7020205377164839,-0.2679904492909782
126,1556424000,32,125,93,157,17,0.44620390666726323,-1.3868020260863754
126,1556438400,128,43,-85,171,17,-0.23342833701574062,-1.3494193003700614
126,1556452800,350,169,-181,519,17,-0.5999715695638775,-0.4201915468502566
126,1556467200,353,295,-58,648,17,-0.13033805286157712,-0.07573643132136343
126,1556481600,246,394,148,640,17,0.6562026336479667,-0.09709798887354286
126,1556496000,126,223,97,349,17,0.46147654135676897,-0.8741246448340693
126,1556510400,21,59,38,80,17,0.2362051796865598,-1.5924070175261025
126,1556524800,577,161,-416,738,17,-1.4972388575723377,0.16458109114065506
126,1556528232,308,104,-204,412,17,-0.6877892190285353,-0.7059023791106563
126,1556539200,502,228,-274,730,17,-0.9550603260948851,0.14321953358847564
126,1556553600,458,406,-52,864,17,-0.10742910082731855,0.501025622587481
126,1556568000,410,933,523,1343,17,2.0880121357891266,1.7800488810242239
126,1556582400,124,377,253,501,18,1.0588873675183332,-0.41939446263061236
126,1556596800,13,30,17,43,18,0.20788934695429517,-1.6254827152516529
126,1556611200,549,174,-375,723,18,-1.2056327888978355,0.1652160004302413
126,1556625600,876,330,-546,1206,18,-1.8222457614251681,1.4371387646572338
126,1556640000,422,440,18,862,18,0.2114952707702445,0.5312558849593343
126,1556654400,442,862,420,1304,18,1.6610766447818686,1.6952100501525655
126,1556668800,127,367,240,494,18,1.012010357910992,-0.4378281258802789
126,1556683200,19,30,11,49,18,0.1862538040585993,-1.6096824324662242
126,1556697600,584,185,-399,769,18,-1.292174960480619,0.286351501785193
126,1556712000,848,343,-505,1191,18,-1.6744028849712462,1.3976380576936625
126,1556726400,430,429,-1,859,18,0.14298271826720754,0.5233557435666201
126,1556740800,434,851,417,1285,18,1.6502588733340204,1.645175821332042
126,1556755200,117,388,271,505,18,1.1237939962054209,-0.40886094077366003
126,1556769600,10,35,25,45,18,0.23673673748188967,-1.6202159543231767
126,1556784000,582,148,-434,730,18,-1.418382294038845,0.18364966367990784
126,1556790093,526,184,-342,710,18,-1.0866373029715082,0.13098205439514626
126,1556798400,542,180,-362,722,18,-1.1587557792904943,0.1625826199660032
126,1556812800,422,428,6,850,18,0.16822418497885275,0.4996553193884774
126,1556827200,482,881,399,1363,18,1.5853522446469328,1.8505794975426122
126,1556841600,131,417,286,548,18,1.1778828534446606,-0.29562558081142265
126,1556856000,10,35,25,45,18,0.23673673748188967,-1.6202159543231767
126,1556870400,564,157,-407,721,18,-1.3210223510082135,0.15994923950176512
126,1556878107,544,211,-333,755,18,-1.0541839886279643,0.24948417528585984
126,1556884800,526,146,-380,672,18,-1.223662407977582,0.030913596754099232
126,1556899200,445,447,2,892,18,0.15380048971505547,0.6102572988864767
126,1556913600,514,857,343,1371,18,1.3834205109537714,1.8716465412565169
126,1556928000,173,404,231,577,18,0.9795570435674483,-0.21925754734851832
126,1556942400,21,103,82,124,18,0.4422743949910005,-1.4121788976483685
126,1556956800,192,100,-92,292,18,-0.18515634898417996,-0.9697709796563709
126,1556971200,477,272,-205,749,18,-0.5926257401864524,0.23368389250043137
126,1556985600,424,340,-84,764,18,-0.15630895845658546,0.27318459946400253
126,1557000000,366,536,170,902,18,0.75959569079454,0.6365911035288575
126,1557014400,181,345,164,526,18,0.7379601478988442,-0.35355995102466037
126,1557028800,31,102,71,133,18,0.40260923301555807,-1.3884784734702256
126,1557043200,102,47,-55,149,18,-0.05173716779405537,-1.3463443860424165
126,1557057600,337,170,-167,507,18,-0.45560063518037847,-0.40359417984518386
126,1557072000,347,298,-49,645,18,-0.030101624898359488,-0.04018767578032891
126,1557086400,241,403,162,644,18,0.7307483002669456,-0.042821056244566995
126,1557100800,136,196,60,332,18,0.3629440710401156,-0.8644357610868478
126,1557115200,12,42,30,54,18,0.2547663565616362,-1.596515530145034
126,1557129600,557,201,-356,758,18,-1.1371202363947985,0.2573843166785741
126,1557143350,821,331,-490,1152,18,-1.6203140277320065,1.2949362195883773
126,1557144000,490,70,-420,560,18,-1.3678993606155545,-0.26402501524056565
126,1557150302,175,143,-32,318,18,0.031199079972778834,-0.9013030875861809
126,1557158400,303,305,2,608,18,0.15380048971505547,-0.13762275295713786
126,1557172800,452,911,459,1363,18,1.8017076736038917,1.8505794975426122
126,1557187200,117,379,262,496,19,1.0491654273736812,-0.5046400639284406
126,1557201600,12,18,6,30,19,0.1608327587689983,-1.6226033144533816
126,1557216000,548,194,-354,742,19,-1.0883850564563373,0.08552937733579863
126,1557226982,766,317,-449,1083,19,-1.4180397576963564,0.9036097816898864
126,1557230400,565,75,-490,640,19,-1.5603117866525753,-0.15917502513961765
126,1557244800,451,443,-8,894,19,0.1122520659546797,0.4501869182795562
126,1557259200,521,914,393,1435,19,1.503741910136234,1.7480798765070091
126,1557273600,153,430,277,583,19,1.101216169674737,-0.2959216029935267
126,1557288000,15,33,18,48,19,0.20247335260984284,-1.5794201846047786
126,1557302400,604,147,-457,751,19,-1.4458001535902527,0.10712094226010006
126,1557316800,898,316,-582,1214,19,-1.879556339432383,1.2178870044769405
126,1557331200,420,417,-3,837,19,0.12960231338836492,0.3134403404256471
126,1557345600,475,899,424,1374,19,1.6113134442250823,1.6017370475756327
126,1557360000,132,350,218,482,19,0.8964832499572514,-0.5382269426995762
126,1557374400,13,50,37,63,19,0.26840429285784667,-1.5434342430642762
126,1557388800,593,141,-452,734,19,-1.4284499061565676,0.06633687518086402
126,1557403200,887,400,-487,1287,19,-1.549901638192364,1.3930185866407188
126,1557417600,485,433,-52,918,19,-0.040430111461750205,0.50776442474436
126,1557432000,561,948,387,1509,19,1.4829216132158116,1.9256105214401542
126,1557446400,189,452,263,641,19,1.0526354768604183,-0.15677596237025082
126,1557460800,16,21,5,37,19,0.15736270928226126,-1.6058098750678138
126,1557475200,579,152,-427,731,19,-1.3416986689881416,0.05913968687276354
126,1557489600,800,366,-434,1166,19,-1.3659890153953007,1.1027319915473328
126,1557504000,490,462,-28,952,19,0.04285107621993883,0.5893325589028321
126,1557518400,490,906,416,1396,19,1.583553048331186,1.6545164285017029
126,1557532800,212,352,140,564,19,0.6258193899917621,-0.3415037956114964
126,1557547200,30,109,79,139,19,0.4141463713008025,-1.3611054725923974
126,1557561600,199,96,-103,295,19,-0.2174026352853394,-0.9868516805711727
126,1557576000,436,268,-168,704,19,-0.4429558519232472,-0.005635007900140767
126,1557590400,469,409,-60,878,19,-0.06819050735564655,0.41180191396968696
126,1557604800,360,517,157,877,19,0.6848102312662918,0.40940285120032016
126,1557619200,211,305,94,516,19,0.4661971136018581,-0.4566588085411041
126,1557633600,34,111,77,145,19,0.4072062723273284,-1.3467110959761965
126,1557648000,125,49,-76,174,19,-0.12371129914343924,-1.2771382756645586
126,1557662400,287,183,-104,470,19,-0.22087268477207644,-0.5670156959319781
126,1557676800,303,312,9,615,19,0.17124290722920943,-0.21915159437378828
126,1557691200,251,329,78,580,19,0.41067632181406544,-0.3031187913016272
126,1557705600,148,206,58,354,19,0.3412753320793246,-0.8453069771785299
126,1557720000,15,53,38,68,19,0.27187434234458374,-1.5314389292174422
126,1557734400,541,137,-404,678,19,-1.2618875307931896,-0.06801063990367824
126,1557748800,858,353,-505,1211,19,-1.612362528953631,1.21068981616884
126,1557763200,405,391,-14,796,19,0.09143176903425744,0.21507876688160724
126,1557777600,390,876,486,1266,19,1.8264565124027792,1.3426382684840155
126,1557792000,127,340,213,467,20,0.864891543802426,-0.7165503621810031
126,1557806400,11,60,49,71,20,0.3281777839560068,-1.6668166836154363
126,1557820800,554,149,-405,703,20,-1.1576029902529832,-0.15023002920492678
126,1557835200,884,399,-485,1283,20,-1.4194145804219682,1.2415741789566168
126,1557849600,413,437,24,850,20,0.24636166202819898,0.20252034769118857
126,1557864000,435,969,534,1404,20,1.9154105493554787,1.5319333327282492
126,1557878400,132,366,234,498,20,0.9336170862217846,-0.6421608269171964
126,1557892800,21,53,32,74,20,0.27254282104509747,-1.659617696331842
126,1557907200,574,147,-427,721,20,-1.2296011775494542,-0.10703610550336162
126,1557921600,867,322,-545,1189,20,-1.615773273048707,1.016005910737332
126,1557936000,438,408,-30,846,20,0.0696388386641341,0.19292169797972963
126,1557950400,456,942,486,1398,20,1.7583235952540877,1.5175353581610607
126,1557964800,150,310,160,460,20,0.6914413653154735,-0.7333479991760562
126,1557979200,21,80,59,101,20,0.3609042327271299,-1.5948268107794943
126,1557993600,606,190,-416,796,20,-1.1936020839012187,0.07293857658649314
126,1558008000,867,356,-511,1223,20,-1.5045033472268885,1.097594433284733
126,1558022400,448,402,-46,850,20,0.017276520630337095,0.20252034769118857
126,1558036800,434,930,496,1364,20,1.7910500440252108,1.43594683561366
126,1558051200,158,395,237,553,20,0.9434350208531216,-0.5101793933846362
126,1558065600,17,87,70,104,20,0.39690332637536535,-1.5876278234959003
126,1558080000,567,186,-381,753,20,-1.0790595132022878,-0.030246907811690264
126,1558086861,339,43,-296,382,20,-0.8008846986477411,-0.9205216685495051
126,1558094400,812,390,-422,1202,20,-1.2132379531638926,1.0472015222995736
126,1558108800,433,525,92,958,20,0.46890151367183625,0.4616838899005794
126,1558123200,529,832,303,1361,20,1.1594295827425343,1.4287478483300657
126,1558137600,184,347,163,531,20,0.7012592999468105,-0.5629719667976604
126,1558152000,34,129,95,163,20,0.4787194483031732,-1.446047740251881
126,1558166400,220,101,-119,321,20,-0.22162655539886178,-1.0669010766492537
126,1558180800,540,354,-186,894,20,-0.4408937621653867,0.3081054945172367
126,1558195200,576,449,-127,1025,20,-0.24780771441576027,0.6224612725675164
126,1558209600,537,623,86,1160,20,0.4492656444091624,0.9464157003292549
126,1558224000,308,418,110,726,20,0.5278091214598579,-0.09503779336403798
126,1558238400,47,144,97,191,20,0.48526473805739784,-1.3788571922716686
126,1558252800,227,69,-158,296,20,-0.349259705606242,-1.1268926373458719
126,1558267200,553,219,-334,772,20,-0.925245203978009,0.015346678317739611
126,1558281600,633,411,-222,1044,20,-0.55870897774143,0.6680548586969463
126,1558296000,494,447,-47,941,20,0.014003875753224782,0.420889628626879
126,1558310400,246,335,89,581,20,0.4590835790404993,-0.44298884540442385
126,1558324800,25,98,73,123,20,0.4067212610067023,-1.5420342373664704
126,1558339200,787,124,-663,911,20,-2.00194536854796,0.3488997557909371
126,1558353600,972,395,-577,1367,20,-1.7204979091163008,1.443145822897254
126,1558368000,434,438,4,872,20,0.18090876448595275,0.2553129211042126
126,1558382400,453,939,486,1392,20,1.7583235952540877,1.5031373835938724
126,1558396800,140,394,254,534,21,1.0908850783457658,-0.27320543290936194
126,1558411200,22,67,45,89,21,0.21210356555416598,-1.3702454958750678
126,1558425600,593,184,-409,777,21,-1.6968285244333279,0.32585239922696724
126,1558440000,844,413,-431,1257,21,-1.7893318415692858,1.509176512088852
126,1558454400,466,504,38,970,21,0.18267069191999757,0.8016473029401835
126,1558454654,12,30,18,42,21,0.09857676725094498,-1.486112648592794
126,1558454737,4,3,-1,7,21,0.018687538815345024,-1.572396698488973
126,1558468800,553,845,292,1398,21,1.2506635352169657,1.8567779702420308
126,1558483200,146,417,271,563,21,1.1623649143144603,-0.2017129344239564
126,1558497600,18,110,92,128,21,0.4097242885264396,-1.2741004117050396
126,1558512000,588,166,-422,754,21,-1.751489575468212,0.26915145215233527
126,1558526400,885,376,-509,1261,21,-2.117298147778591,1.5190375463627013
126,1558540800,440,446,6,886,21,0.048120412449513435,0.5945655831893536
126,1558555200,474,955,481,1429,21,2.0453511233395125,1.9332009858643608
126,1558569600,136,346,210,482,21,0.90587844407385,-0.4013988784693995
126,1558584000,14,102,88,116,21,0.3929055035926291,-1.3036835145265866
126,1558598400,554,156,-398,710,21,-1.650576865865349,0.16068007513999583
126,1558612800,834,410,-424,1244,21,-1.7598989679351174,1.4771281506988427
126,1558627200,419,487,68,906,21,0.30881157892357647,0.6438707545585988
126,1558641600,457,914,457,1371,21,1.9444384137366495,1.7902159888935498
126,1558656000,147,378,231,525,21,0.9941770649763552,-0.2953927600255223
126,1558670400,20,98,78,118,21,0.3508585412581028,-1.298752997389662
126,1558684800,560,176,-384,736,21,-1.591711118597012,0.2247767979200146
126,1558687028,183,34,-149,217,21,-0.6036075037356442,-1.0546923991118984
126,1558699200,578,302,-276,880,21,-1.1376039253841281,0.57977403177858
126,1558713600,471,564,93,1035,21,0.4139289847598922,0.9618891098902304
126,1558728000,515,815,300,1330,21,1.2843011050845867,1.6891403875865971
126,1558742400,220,452,232,672,21,0.9983817612098078,0.06700024953842994
126,1558756800,54,142,88,196,21,0.3929055035926291,-1.106462829049606
126,1558771200,199,83,-116,282,21,-0.4648525280317074,-0.8944505921618515
126,1558785600,421,293,-128,714,21,-0.515308882833139,0.17054110941384487
126,1558800000,468,400,-68,868,21,-0.2630271088259812,0.5501909289570329
126,1558814400,363,516,153,879,21,0.66621075876705,0.5773087732101178
126,1558828800,218,318,100,536,21,0.4433618583940606,-0.26827491577243745
126,1558843200,28,118,90,146,21,0.40131489605953435,-1.229725757472719
126,1558857600,127,47,-80,174,21,-0.31348346362741275,-1.1606985175557756
126,1558872000,385,195,-190,580,21,-0.776000049307202,-0.159803538760098
126,1558886400,417,324,-93,741,21,-0.3681445146622969,0.23710309076232589
126,1558900800,266,401,135,667,21,0.5905262265649027,0.05467395669611864
126,1558915200,146,261,115,407,21,0.5064323018958501,-0.586293271104069
126,1558929600,23,86,63,109,21,0.2877880977563133,-1.3209403245058224
126,1558944000,171,64,-107,235,21,-0.42701026193063374,-1.0103177448795777
126,1558958400,338,211,-127,549,21,-0.5111041865996864,-0.23622655438242807
126,1558972800,400,316,-84,716,21,-0.33030224856122326,0.1754716265507694
126,1558987200,314,467,153,781,21,0.66621075876705,0.3357134335008163
126,1559001600,171,242,71,413,22,0.371289693020899,-0.8307270614559615
126,1559016000,15,46,31,61,22,0.23353203306614848,-1.6716931581804848
126,1559030400,561,151,-410,712,22,-1.2852461679349758,-0.11638370088598302
126,1559044800,851,383,-468,1234,22,-1.4849947748693642,1.1307307948248158
126,1559059200,429,310,-119,739,22,-0.28305919176416594,-0.05187777869404515
126,1559073600,466,853,387,1319,22,1.459575206663428,1.3338049943179533
126,1559088000,132,348,216,480,22,0.8706612103568695,-0.6706568100907824
126,1559102400,20,51,31,71,22,0.23353203306614848,-1.6478020758871745
126,1559116800,573,135,-438,708,22,-1.3816765299033014,-0.12594013380330712
126,1559131200,832,447,-385,1279,22,-1.199147630463257,1.238240665144712
126,1559145600,443,416,-27,859,22,0.03378342613176025,0.2348152088256787
126,1559160000,428,961,533,1389,22,1.9623906654982675,1.5010425703711257
126,1559174400,124,353,229,477,22,0.9154324498421634,-0.6778241347787755
126,1559188800,25,68,43,93,22,0.27485933105257365,-1.5952416948418917
126,1559203200,573,160,-413,733,22,-1.2955779924315822,-0.06621242807003135
126,1559217600,835,359,-476,1194,22,-1.5125463068603142,1.0351664656515744
126,1559232000,388,466,78,854,22,0.3953972835129803,0.22286966767902353
126,1559246400,446,951,505,1397,22,1.8659603035299421,1.5201554362057739
126,1559260800,124,388,264,512,22,1.0359704023025702,-0.5942053467521894
126,1559275200,16,75,59,91,22,0.32996239503447383,-1.6000199113005538
126,1559289600,564,184,-380,748,22,-1.181927922968913,-0.03037580463006586
126,1559304000,762,375,-387,1137,22,-1.2060355134609944,0.8989872965797056
126,1559318400,591,488,-103,1079,22,-0.22795612778226573,0.7604190192785057
126,1559332800,606,893,287,1499,22,1.1151810567765517,1.763844475597539
126,1559347200,221,460,239,681,22,0.9498718648308511,-0.190446055995245
126,1559361600,83,152,69,235,22,0.36440181002316147,-1.2559883262768852
126,1559376000,251,123,-128,374,22,-0.3140546652539848,-0.9239022823998718
126,1559390400,581,314,-267,895,22,-0.7927625335967429,0.32082310508159584
126,1559404800,683,446,-237,1129,22,-0.68944428863068,0.8798744307450573
126,1559419200,483,534,51,1017,22,0.3024108630435237,0.6122943090599817
126,1559433600,330,348,18,678,22,0.18876079358085457,-0.19761338068323808
126,1559448000,38,159,121,197,22,0.543486767964337,-1.3467744389914644
126,1559462400,158,73,-85,231,22,-0.16596518080262798,-1.2655447591942093
126,1559476800,520,208,-312,728,22,-0.9477399010458372,-0.0781579692166865
126,1559491200,586,372,-214,958,22,-0.6102336341566984,0.47133692352945084
126,1559505600,317,467,150,784,22,0.6433610714315312,0.05563209162585129
126,1559520000,165,328,163,493,22,0.6881323109168251,-0.639598403109479
126,1559534400,25,76,51,101,22,0.3024108630435237,-1.5761288290072435
126,1559548800,590,175,-415,765,22,-1.3024658754293197,0.010239035268561682
126,1559563200,906,398,-508,1304,22,-1.6227524348241147,1.2979683708779879
126,1559577600,415,464,49,879,22,0.2955229800457862,0.28259737341229935
126,1559592000,421,1002,581,1423,22,2.127699857443968,1.5822722501683806
126,1559606400,151,412,261,563,23,1.020545854117292,-0.367119450557246
126,1559620800,18,17,-1,35,23,0.09128755219700393,-1.6217412621703584
126,1559635200,575,158,-417,733,23,-1.3841760111573465,0.036830753939400086
126,1559649600,861,388,-473,1249,23,-1.5827961062242784,1.2629384334703964
126,1559664000,427,428,1,855,23,0.09838112702082293,0.3267244301075814
126,1559678400,470,885,415,1355,23,1.5667511155513543,1.5148132668624228
126,1559692800,131,400,269,531,23,1.0489201534125678,-0.4431571361095558
126,1559707200,11,23,12,34,23,0.1373957885518274,-1.6241174398438682
126,1559721600,587,179,-408,766,23,-1.352254924450161,0.11524461716521961
126,1559736000,854,398,-456,1252,23,-1.5225007202218168,1.2700669664909254
126,1559750400,409,406,-3,815,23,0.08419397737318494,0.23167732316719408
126,1559764800,457,926,469,1383,23,1.7582776357944672,1.5813462417206938
126,1559779200,149,455,306,604,23,1.1801512876532192,-0.269696165943349
126,1559793600,15,67,52,82,23,0.27926728502820725,-1.5100609115154033
126,1559808000,565,177,-388,742,23,-1.2813191762119711,0.05821635300098723
126,1559822400,843,399,-444,1242,23,-1.4799392712789028,1.2463051897558286
126,1559836800,464,551,87,1015,23,0.4034048444450396,0.7069128578691306
126,1559851200,545,939,394,1484,23,1.492268579901255,1.821340186745172
126,1559865600,154,414,260,568,23,1.0169990667053825,-0.35523856218969757
126,1559880000,19,27,8,46,23,0.12320863890418941,-1.595603307761752
126,1559894400,554,165,-389,719,23,-1.2848659636238806,0.003564266510264524
126,1559908800,847,402,-445,1249,23,-1.4834860586908123,1.2629384334703964
126,1559923200,448,521,73,969,23,0.3537498206783067,0.5976086848876853
126,1559937600,542,797,255,1339,23,0.999265129645835,1.4767944240862678
126,1559952000,186,403,217,589,23,0.8644872079932742,-0.30533883104599424
126,1559966400,28,122,94,150,23,0.42823235632840606,-1.348480829716745
126,1559980800,223,78,-145,301,23,-0.4194498351179635,-0.9896780010167828
126,1559995200,443,213,-230,656,23,-0.7209267651302707,-0.14613492692084548
126,1560009600,457,286,-171,743,23,-0.5116663078276104,0.06059253067449691
126,1560024000,343,367,24,710,23,0.17995723749474135,-0.01782133255132262
126,1560038400,174,302,128,476,23,0.5488231283333289,-0.5738469081525884
126,1560052800,15,88,73,103,23,0.3537498206783067,-1.4601611803717
126,1560067200,122,56,-66,178,23,-0.13925362957711332,-1.281947854858474
126,1560081600,431,192,-239,623,23,-0.7528478518374562,-0.224548790146665
126,1560096000,436,270,-166,706,23,-0.4939323707680629,-0.02732604324536135
126,1560110400,289,356,67,645,23,0.33246909620684967,-0.172272881329452
126,1560124800,143,275,132,418,23,0.5630102779809669,-0.71166521321615
126,1560139200,21,70,49,91,23,0.26862692279247874,-1.4886753124538163
126,1560153600,567,154,-413,721,23,-1.3699888615097084,0.00831662185728389
126,1560168000,889,417,-472,1306,23,-1.5792493188123689,1.3983805608604483
126,1560182400,384,411,27,795,23,0.19059759973046983,0.18415376969700042
126,1560196800,382,912,530,1294,23,1.9746316679209461,1.3698664287783322
126,1560211200,141,312,171,453,24,0.777764521273103,-0.8207336198154946
126,1560225600,21,74,53,95,24,0.42944125760896856,-1.5880548250122646
126,1560240000,589,143,-446,732,24,-1.0435528828012273,-0.22273748503924104
126,1560254400,1006,401,-605,1407,24,-1.5129037211283236,1.2240273571613725
126,1560268800,558,420,-138,978,24,-0.1343701267965373,0.3045279241183159
126,1560283200,662,808,146,1470,24,0.7039672196493457,1.3590587424334297
126,1560297600,150,443,293,593,24,1.1378953531970386,-0.5206638747664785
126,1560312000,19,100,81,119,24,0.5120942354275767,-1.536614297289576
126,1560326400,652,148,-504,800,24,-1.214762622568344,-0.07698932315829034
126,1560327472,88,34,-54,122,24,0.11358880665928725,-1.53018423132424
126,1560340800,1090,358,-732,1448,24,-1.8877940133770108,1.3119049253542987
126,1560355200,605,429,-176,1034,24,-0.24654202526464838,0.42455582213792237
126,1560369600,621,791,170,1412,24,0.7748126292081527,1.234744133770266
126,1560384000,209,424,215,633,24,0.9076477721309159,-0.434929661895331
126,1560398400,22,101,79,123,24,0.5061904512976761,-1.5280408760024613
126,1560412800,676,149,-527,825,24,-1.282656140062201,-0.023405440113823173
126,1560427200,1025,393,-632,1418,24,-1.5926048068819816,1.247604265700938
126,1560441600,501,403,-98,904,24,-0.0162944441985256,0.14591963030669308
126,1560456000,458,939,481,1397,24,1.6928510614076935,1.2025938039435857
126,1560470400,145,449,304,594,24,1.170366165911492,-0.5185205194446998
126,1560484800,23,107,84,130,24,0.5209499116224277,-1.5130373887500104
126,1560499200,586,146,-440,732,24,-1.0258415304115254,-0.22273748503924104
126,1560513600,771,377,-394,1148,24,-0.890054495423812,0.6688983288206927
126,1560528000,449,533,84,982,24,0.5209499116224277,0.31310134540543066
126,1560542400,538,811,273,1349,24,1.0788575118980328,1.0997127484982088
126,1561161600,4753,3283,-1470,8036,25,-3.441876886866245,4.008781314889588
126,1561176000,36,151,115,187,25,0.7543859900319205,-0.5466945007436274
126,1561190400,215,125,-90,340,25,0.21165167472332497,-0.45789493394634334
126,1561204800,627,317,-310,944,25,-0.37079490755907024,-0.107339781360987
126,1561219200,663,447,-216,1110,25,-0.1219313678565923,-0.010995153332561246
126,1561233600,481,492,11,973,25,0.47904760568024274,-0.09050849092228612
126,1561248000,236,394,158,630,25,0.8682278220234796,-0.2895820295593345
126,1561262400,31,137,106,168,25,0.7305586298476406,-0.5577218979276037
126,1561276800,145,60,-85,205,25,0.22488909704792484,-0.5362474928851233
126,1561291200,519,197,-322,716,25,-0.40256472113811,-0.2396685475687043
126,1561305600,516,313,-203,829,25,-0.08751406981263257,-0.1740845537903181
126,1561320000,386,450,64,836,25,0.6193642823210016,-0.17002182851201098
126,1561334400,204,325,121,529,25,0.7702708968214403,-0.3482013514320514
126,1561348800,23,84,61,107,25,0.6114218289262416,-0.5931256467814229
126,1561363200,581,181,-400,762,25,-0.6090685094018683,-0.21297063859697185
126,1561377600,987,369,-618,1356,25,-1.1862201227544236,0.13178062073366004
126,1561392000,546,485,-61,1031,25,0.2884287242060043,-0.056845910044884346
126,1561406400,741,821,80,1562,25,0.6617240337597212,0.25134082178098355
126,1561420800,187,424,237,611,26,1.1792263276661843,-0.5484629184094433
126,1561435200,28,92,64,120,26,0.5648380803678553,-1.6066966668599991
126,1561449600,584,172,-412,756,26,-1.1256174439905526,-0.23594989697292482
126,1561464000,1000,428,-572,1428,26,-1.6938377883127065,1.2123863127190782
126,1561478400,592,437,-155,1029,26,-0.21291351592309277,0.3524366882144514
126,1561492800,600,928,328,1528,26,1.5024016484994094,1.4279125343994357
126,1561507200,367,424,57,791,26,0.5399784403037611,-0.16051571938479967
126,1561521600,34,114,80,148,26,0.6216601148000708,-1.5463493247894988
126,1561536000,614,175,-439,789,26,-1.221504627094916,-0.1648262438184068
126,1561550400,1046,517,-529,1563,26,-1.5411285707761275,1.503346711987561
126,1561564800,950,461,-489,1411,26,-1.399073484695589,1.1757468550334174
126,1561579200,641,922,281,1563,26,1.3354869223547765,1.503346711987561
126,1561593600,236,456,220,692,26,1.1188529160819554,-0.3738866788483537
126,1561608000,37,107,70,144,26,0.5861463432799361,-1.5549703736567133
126,1561622400,552,157,-395,709,26,-1.0652440324063237,-0.3372472211626929
126,1561636800,995,425,-570,1420,26,-1.6867350340086795,1.1951442149846496
126,1561651200,684,459,-225,1143,26,-0.46150991656403517,0.5981365809300591
126,1561665600,627,963,336,1590,26,1.530812665715517,1.5615387918412575
126,1561680000,191,488,297,679,26,1.392308956786992,-0.40190508766680016
126,1561694400,59,133,74,192,26,0.6003518518879899,-1.4515177872501417
126,1561708800,520,171,-349,691,26,-0.9018806834137044,-0.37604194106515726
126,1561723200,984,431,-553,1415,26,-1.6263616224244506,1.1843679039006316
126,1561737600,660,515,-145,1175,26,-0.17739974440295816,0.6671049718677735
126,1561752000,691,873,182,1564,26,0.9839005843054438,1.5055019742043645
126,1561766400,419,443,24,862,26,0.4227829942873169,-0.007492101991745775
126,1561780800,57,169,112,226,26,0.7353041836645015,-1.37823887187882
126,1561795200,212,101,-111,313,26,-0.05665292123450045,-1.190731059016909
126,1561809600,551,329,-222,880,26,-0.45085578510799473,0.03130261791071859
126,1561824000,555,398,-157,953,26,-0.2200162702271197,0.18863675973737962
126,1561838400,423,555,132,978,26,0.8063317267047707,0.24251831515746902
126,1561852800,476,345,-131,821,26,-0.1276804642747697,-0.09585785288069239
126,1561867200,55,132,77,187,26,0.6110059833440303,-1.4622940983341595
126,1561881600,132,55,-77,187,26,0.06409390193395725,-1.4622940983341595
126,1561896000,590,191,-399,781,26,-1.0794495410143776,-0.1820683415528354
126,1561910400,648,360,-288,1008,26,-0.6852466771408833,0.3071761816615763
126,1561924800,354,505,151,859,26,0.8738078925930265,-0.013957888642156503
126,1561939200,185,310,125,495,26,0.7814720866406765,-0.7984733355586581
126,1561953600,29,118,89,147,26,0.6536225091681919,-1.5485045870063026
126,1561968000,533,179,-354,712,26,-0.9196375691737717,-0.33078143451228215
126,1561982400,963,417,-546,1380,26,-1.6015019823603565,1.1089337263125065
126,1561996800,547,453,-94,1000,26,0.0037204903497284007,0.2899340839271477
126,1562011200,563,847,284,1410,26,1.346141053810817,1.1735915928166138
126,1562025600,172,386,214,558,27,1.0872894154478794,-0.3485152854206142
126,1562040000,24,50,26,74,27,0.3368316161142731,-1.4769986753585316
126,1562054400,566,138,-428,704,27,-1.4754441333402863,-0.008105006637688716
126,1562068800,963,360,-603,1323,27,-2.1740085742093345,1.435141312311838
126,1562083200,575,443,-132,1018,27,-0.29387227907035335,0.7240102504707949
126,1562097600,568,882,314,1450,27,1.4864690959444784,1.7312516233079445
126,1562112000,167,391,224,558,27,1.1272073834975391,-0.3485152854206142
126,1562126400,39,22,-17,61,27,0.1651843535007355,-1.5073091796337237
126,1562140800,534,150,-384,684,27,-1.2998050739217828,-0.05473655167644564
126,1562155200,887,382,-505,1269,27,-1.7828124873226676,1.3092361407071942
126,1562169600,619,695,76,1314,27,0.5364214563625725,1.4141571170443974
126,1562184000,587,1130,543,1717,27,2.40059056428169,2.353782749575349
126,1562198400,208,428,220,636,27,1.1112401962776752,-0.16665225976946224
126,1562212800,23,96,73,119,27,0.5244460659476746,-1.3720776990213286
126,1562227200,165,62,-103,227,27,-0.17811017172633967,-1.1202673558120413
126,1562241600,421,216,-205,637,27,-0.5852734458328707,-0.16432068251752438
126,1562256000,534,377,-157,911,27,-0.3936671991945031,0.4745314845134454
126,1562270400,360,317,-43,677,27,0.06139763657161975,-0.07105759244001056
126,1562284800,172,289,117,461,27,0.7000851253661782,-0.5746782788585852
126,1562299200,32,88,56,120,27,0.4565855202632528,-1.3697461217693907
126,1562313600,396,134,-262,530,27,-0.8128058637159321,-0.41379944847487393
126,1562328000,644,290,-354,934,27,-1.180051169772803,0.5281577613080158
126,1562342400,537,378,-159,915,27,-0.4016507928044351,0.4838577935211968
126,1562356800,510,624,114,1134,27,0.6881097349512802,0.994473211695585
126,1562371200,201,303,102,504,27,0.6402081732916883,-0.4744204570252579
126,1562385600,20,99,79,119,27,0.5483968467774706,-1.3720776990213286
126,1562400000,202,77,-125,279,27,-0.26592970143559147,-0.9990253387112732
126,1562414400,527,246,-281,773,27,-0.8886500030102858,0.15277382374602266
126,1562428800,533,363,-170,896,27,-0.445560557659061,0.4395578257343777
126,1562443200,382,465,83,847,27,0.5643640339973345,0.32531054038942325
126,1562457600,229,343,114,572,27,0.6881097349512802,-0.3158732038934844
126,1562472000,28,117,89,145,27,0.5883148148271304,-1.3114566904709446
126,1562486400,131,67,-64,198,27,-0.022430096332666044,-1.1878830961182387
126,1562500800,437,252,-185,689,27,-0.5054375097335508,-0.0430786654167564
126,1562515200,506,287,-219,793,27,-0.6411586011023945,0.19940536878477957
126,1562529600,334,389,55,723,27,0.4525937234582868,0.03619496114913036
126,1562544000,163,348,185,511,27,0.9715273081038655,-0.458099416261693
126,1562558400,26,67,41,93,27,0.39670856818876293,-1.4326987075717126
126,1562572800,562,152,-410,714,27,-1.4035917908508986,0.015210765881689745
126,1562587200,981,426,-555,1407,27,-1.982402327570967,1.630993801474617
126,1562601600,560,380,-180,940,27,-0.4854785257087209,0.542147224819643
126,1562616000,558,922,364,1480,27,1.6860589361927778,1.8011989408660798
126,1562630400,139,322,183,461,28,0.8897980745223741,-0.590237580187231
126,1562644800,18,27,9,45,28,0.2709016169992354,-1.523680231976568
126,1562659200,583,161,-422,744,28,-1.2621120220379642,0.0447726853329188
126,1562673600,967,412,-555,1379,28,-1.7351765556619725,1.4696190408286616
126,1562688000,578,432,-146,1010,28,-0.28041419286333064,0.6416374578712929
126,1562702400,602,921,319,1523,28,1.3735332367243676,1.7927338049095858
126,1562716800,199,399,200,598,28,0.9502649697976233,-0.28282978380468504
126,1562731200,14,21,7,35,28,0.26378786461391196,-1.5461187572599655
126,1562745600,604,171,-433,775,28,-1.301237660157243,0.11433211371145112
126,1562748891,420,17,-403,437,28,-1.1945313743773918,-0.6440900408673852
126,1562760000,851,368,-483,1219,28,-1.479081469790329,1.1106026362943011
126,1562774400,586,453,-133,1039,28,-0.23417480235872834,0.7067091811931457
126,1562788800,578,866,288,1444,28,1.2632700747518544,1.6154694551707454
126,1562803200,166,417,251,583,28,1.1316656556233708,-0.3164875717297813
126,1562817600,21,36,15,57,28,0.29224287415520567,-1.496754001636491
126,1562832000,556,175,-381,731,28,-1.1162800981388339,0.015602602464502022
126,1562846400,1002,346,-656,1348,28,-2.0944210511208063,1.4000596124501292
126,1562860800,608,465,-143,1073,28,-0.2697435642853455,0.7830001671566973
126,1562875200,503,904,401,1407,28,1.6651970845226283,1.5324469116221746
126,1562889600,149,357,208,506,28,0.978719979338917,-0.48926421641194223
126,1562904000,12,31,19,43,28,0.30647037892585255,-1.5281679370332475
126,1562918400,549,134,-415,683,28,-1.2372138886893322,-0.09210231889580608
126,1562932800,773,353,-420,1126,28,-1.254998269652641,0.9019243511587042
126,1562947200,476,455,-21,931,28,0.1641953312193839,0.4643731081324525
126,1562961600,530,848,318,1378,28,1.3699763605317057,1.4673751883003219
126,1562976000,214,467,253,681,28,1.1387794080086941,-0.09659002395248559
126,1562990400,27,135,108,162,28,0.6230323600727453,-1.261149486160817
126,1563004800,210,91,-119,301,28,-0.1843785356614643,-0.9492539847215915
126,1563019200,474,290,-184,764,28,-0.41557548818447587,0.08964973589971385
126,1563033600,449,398,-51,847,28,0.05748904543953241,0.2758894957519133
126,1563048000,316,435,119,751,28,0.6621579981920243,0.06047965303129707
126,1563062400,77,27,-50,104,28,0.061045921632194126,-1.3912929328045227
126,1563076800,14,40,26,54,28,0.33136851227448455,-1.5034855592215104
126,1563091200,133,45,-88,178,28,-0.07411537368895109,-1.225247845707381
126,1563105600,376,206,-170,582,28,-0.3657792214872118,-0.31873142425812107
126,1563120000,434,322,-112,756,28,-0.15948040231283228,0.07169891567299583
126,1563134400,283,393,110,676,28,0.6301461124580688,-0.10780928659418436
126,1563148800,158,267,109,425,28,0.6265892362654071,-0.6710162712074622
126,1563163200,22,65,43,87,28,0.3918354075497337,-1.4294384257862984
126,1563177600,606,150,-456,756,28,-1.3830458125884626,0.07169891567299583
126,1563192000,847,351,-496,1198,28,-1.5253208602949313,1.0634817331991664
126,1563206400,443,417,-26,860,28,0.1464109502560753,0.30505957862033006
126,1563220800,444,933,489,1377,28,1.978202189476859,1.465131335771982
126,1563235200,136,378,242,514,29,0.9357447323915502,-0.45821647408967375
126,1563249600,26,86,60,112,29,0.2836494881212421,-1.4896158806394741
126,1563264000,596,172,-424,768,29,-1.4504939087294673,0.1934637479592051
126,1563278400,802,352,-450,1154,29,-1.5436503721966541,1.1838124318602572
126,1563292800,416,445,29,861,29,0.17257832014113467,0.4320710733550544
126,1563307200,418,896,478,1314,29,1.7813187854014003,1.59431965834774
126,1563321600,171,430,259,601,29,0.9966547277354801,-0.23500316968710502
126,1563336000,23,87,64,110,29,0.2979812517315785,-1.4947472209705677
126,1563350400,579,169,-410,748,29,-1.4003327360932898,0.14215034464826976
126,1563364800,892,390,-502,1282,29,-1.7299632991310279,1.5122182130502433
126,1563379200,435,423,-12,858,29,0.02567774313518613,0.4243740628584141
126,1563393600,430,887,457,1317,29,1.706077026447134,1.6020166688443802
126,1563408000,133,342,209,475,29,0.8175076826062745,-0.5582776105459977
126,1563422400,15,88,73,103,29,0.3302277198548355,-1.512706912129395
126,1563436800,621,149,-472,770,29,-1.6224750720535046,0.19859508829029862
126,1563451200,833,379,-454,1212,29,-1.5579821358069907,1.3326213014619697
126,1563465600,428,405,-23,833,29,-0.013734606793239085,0.36023230871974493
126,1563480000,423,906,483,1329,29,1.799233489914321,1.6328047108309414
126,1563494400,127,336,209,463,29,0.8175076826062745,-0.5890656525325588
126,1563508800,21,106,85,127,29,0.37322301068584485,-1.4511308281562727
126,1563523200,521,136,-385,657,29,-1.310759213528687,-0.09132564041648605
126,1563537600,768,362,-406,1130,29,-1.3860009724829534,1.1222363478871347
126,1563552000,498,515,17,1013,29,0.12958302931012536,0.8220529385181631
126,1563566400,508,793,285,1301,29,1.089811191202667,1.560965946195632
126,1563580800,173,423,250,596,29,0.9644082596122231,-0.24783152051483884
126,1563595200,25,155,130,180,29,0.5344553513021297,-1.315150309382294
126,1563609600,174,76,-98,250,29,-0.2824551744870474,-1.1355533977940202
126,1563624000,414,249,-165,663,29,-0.5225122149601829,-0.07593161942320546
126,1563638400,404,280,-124,684,29,-0.37561163795423425,-0.02205254594672335
126,1563652800,278,366,88,644,29,0.3839718333935972,-0.12467935256859403
126,1563667200,158,275,117,433,29,0.48787711956853635,-0.6660357574989619
126,1563681600,27,118,91,145,29,0.39472065610134954,-1.4049487651764307
126,1563696000,163,41,-122,204,29,-0.368445756149066,-1.2535742254091715
126,1563710400,335,178,-157,513,29,-0.4938486877395099,-0.4607821442552205
126,1563724800,333,279,-54,612,29,-0.12480577477334649,-0.20678079786609058
126,1563739200,249,335,86,584,29,0.37680595158842894,-0.2786195625014001
126,1563753600,163,258,95,421,29,0.409052419711686,-0.6968237994855231
126,1563768000,22,83,61,105,29,0.28723242902382623,-1.5075755717983015
126,1563782400,558,167,-391,725,29,-1.3322568589441917,0.0831399308406941
126,1563796800,830,356,-474,1186,29,-1.629640953858673,1.2659138771577538
126,1563811200,387,449,62,836,29,0.2908153699264103,0.3679293192163853
126,1563825600,434,822,388,1256,29,1.4588541041688303,1.4455107887460275
126,1563840000,107,273,166,380,30,0.693249968450299,-0.8319792251145709
126,1563854400,16,67,51,83,30,0.2843103803195046,-1.5819509590413778
126,1563868800,517,141,-376,658,30,-1.2341000903922272,-0.1299854809002531
126,1563883200,866,367,-499,1233,30,-1.6714876498712508,1.3219799972408717
126,1563897600,424,402,-22,826,30,0.024722641766913446,0.29424095445228426
126,1563912000,436,935,499,1371,30,1.8773967758203383,1.6704517119947417
126,1563926400,143,367,224,510,30,0.8994977607249605,-0.5037087691870122
126,1563940800,19,85,66,104,30,0.3376503265974343,-1.5289226546223107
126,1563955200,555,163,-392,718,30,-1.2909960330886856,0.02152396029708167
126,1563969600,880,341,-539,1221,30,-1.8137275066123966,1.291678109001405
126,1563984000,450,420,-30,870,30,-0.003725329581315724,0.4053478779969964
126,1563998400,447,915,468,1362,30,1.76716088684595,1.6477252958151416
126,1564012800,137,379,242,516,30,0.9635056962584762,-0.4885578250672787
126,1564027200,30,89,59,119,30,0.3127583516677338,-1.491045294322977
126,1564041600,607,141,-466,748,30,-1.5541397680598055,0.09727868089574905
126,1564056000,875,370,-505,1245,30,-1.6928236283824227,1.3522818854803387
126,1564070400,467,457,-10,924,30,0.0673945987892572,0.5417063750745977
126,1564084800,441,853,412,1294,30,1.568025087408346,1.4760145957914954
126,1564099200,148,349,201,497,30,0.8177098430988016,-0.5365358147797681
126,1564113600,23,89,66,112,30,0.3376503265974343,-1.5087213957959995
126,1564128000,569,127,-442,696,30,-1.468795854015118,-0.03402950147527441
126,1564142400,802,385,-417,1187,30,-1.3798959435519018,1.2058227589895818
126,1564156800,484,434,-50,918,30,-0.07484525795188865,0.5265554309548642
126,1564171200,506,772,266,1278,30,1.0488496103031637,1.4356120781388728
126,1564185600,195,417,222,612,30,0.8923857678879031,-0.2461427191515431
126,1564200000,25,137,112,162,30,0.5012261618497521,-1.3824635281315538
126,1564214400,206,99,-107,305,30,-0.2775370538080215,-1.0213660266112392
126,1564228800,479,248,-231,727,30,-0.7184806097055736,0.04425037647668189
126,1564243200,431,385,-46,816,30,-0.060621272277774065,0.2689893809193951
126,1564257600,342,459,117,801,30,0.5190061439423953,0.23111202062006142
126,1564272000,228,367,139,595,30,0.5972380651500255,-0.2890703941574546
126,1564286400,34,125,91,159,30,0.4265502370606505,-1.3900390001914207
126,1564300800,137,51,-86,188,30,-0.20286112901891992,-1.3168094369460421
126,1564315200,379,200,-179,579,30,-0.533568795942084,-0.3294729118100772
126,1564329600,394,293,-101,687,30,-0.2562010752968496,-0.05675591765487462
126,1564344000,285,390,105,675,30,0.4763341869200516,-0.08705780589434158
126,1564358400,195,279,84,474,30,0.40165826213094996,-0.594614433905413
126,1564372800,25,81,56,106,30,0.3020903624121479,-1.523872339915733
126,1564387200,517,153,-364,670,30,-1.1914281333698835,-0.09968359266078614
126,1564401600,825,379,-446,1204,30,-1.4830198396892325,1.2487504339954933
126,1564416000,416,410,-6,826,30,0.0816185844633718,0.29424095445228426
126,1564430400,445,897,452,1342,30,1.710264944149492,1.5972221487493632
126,1564444800,140,342,202,482,31,0.6109618234287408,-0.6630197566781985
126,1564459200,16,82,66,98,31,0.16533514372563243,-1.6728346761206505
126,1564473600,551,147,-404,698,31,-1.3746982346601098,-0.09499886449181921
126,1564488000,862,383,-479,1245,31,-1.620448241849324,1.343461450443132
126,1564502400,425,403,-22,828,31,-0.12301153137637887,0.24686556136109422
126,1564516800,404,852,448,1256,31,1.4170218470093632,1.3723884403229938
126,1564531200,139,413,274,552,31,0.8468818303303863,-0.4789389119881682
126,1564545600,24,79,55,103,31,0.129291809337881,-1.659686044357077
126,1564560000,586,151,-435,737,31,-1.4762749042983183,0.007560463264054816
126,1564574400,837,374,-463,1211,31,-1.5680215736489582,1.2540507544508315
126,1564588800,429,457,28,886,31,0.04082180674976391,0.3993896898185479
126,1564603200,390,860,470,1250,31,1.489108515784866,1.3566100822067055
126,1564617600,127,328,201,455,31,0.6076851566662179,-0.7340223682014959
126,1564632000,20,65,45,85,31,0.09652514171265246,-1.7070211187059419
126,1564646400,498,150,-348,648,31,-1.19120489595883,-0.22648518212755517
126,1564660800,605,351,-254,956,31,-0.8831982202816814,0.5834705345085782
126,1564675200,359,457,98,816,31,0.27018848012636376,0.2153088451285176
126,1564689600,369,874,505,1243,31,1.603791852473166,1.3382019977377024
126,1564704000,127,439,312,566,31,0.9713951673062549,-0.4421227430501621
126,1564718400,23,67,44,90,31,0.09324847495012961,-1.6938724869423682
126,1564732800,411,145,-266,556,31,-0.9225182214319557,-0.46842000657730926
126,1564747200,563,352,-211,915,31,-0.7423015494931986,0.4756517540472748
126,1564761600,355,431,76,786,31,0.198101811350861,0.13641705454707603
126,1564776000,363,794,431,1157,31,1.3613185120464746,1.1120455314042368
126,1565395200,9318,3126,-6192,12444,32,-4.068211264698017,4.086303813886997
126,1565409600,40,124,84,164,32,0.327137722968448,-0.40987118248704757
126,1565424000,188,70,-118,258,32,0.18566855542405256,-0.37545420775910293
126,1565438400,409,257,-152,666,32,0.1618569133621246,-0.22606989191866236
126,1565452800,425,441,16,866,32,0.2795144388445921,-0.15284228611452483
126,1565467200,347,460,113,807,32,0.3474476529624454,-0.1744444298267454
126,1565481600,175,269,94,444,32,0.3341411471043092,-0.30735253436125504
126,1565496000,24,105,81,129,32,0.3250366957276897,-0.4226860135027717
126,1565510400,127,48,-79,175,32,0.21298190955391108,-0.40584366416782003
126,1565524800,352,213,-139,565,32,0.17096136473874413,-0.2630498328497518
126,1565539200,465,363,-102,828,32,0.19687403404143042,-0.16675553121731096
126,1565553600,359,435,76,794,32,0.3215349836597591,-0.17920422420401433
126,1565568000,196,267,71,463,32,0.3180332715918285,-0.30039591180986197
126,1565582400,22,62,40,84,32,0.2963226567706589,-0.4391622248087026
126,1565596800,744,161,-583,905,32,-0.13999066689349146,-0.138562902982718
126,1565611200,942,369,-573,1311,32,-0.1329872427576303,0.010089136799681209
126,1565625600,450,458,8,908,32,0.27391169953590316,-0.13746448889565593
126,1565640000,416,875,459,1291,32,0.5897661280632416,0.0027663762192674554
126,1565654400,142,364,222,506,33,0.8847701003199003,-0.47510982085852244
126,1565668800,25,80,55,105,33,0.25514626815289965,-1.54698194450938
126,1565683200,547,168,-379,715,33,-1.381121654963737,0.08354672239092706
126,1565697600,790,317,-473,1107,33,-1.7355206982194142,1.1313618657104687
126,1565712000,381,410,29,791,33,0.1571210008694145,0.28669455629981777
126,1565726400,442,860,418,1302,33,1.6237298075338655,1.6525964395556487
126,1565740800,130,341,211,471,33,0.8432978718538104,-0.5686647443691958
126,1565755200,25,62,37,87,33,0.1872826215720253,-1.595095905172012
126,1565769600,548,149,-399,697,33,-1.4565257067202642,0.03543276172829504
126,1565772528,282,91,-191,373,33,-0.672323568452383,-0.8306185301990812
126,1565784000,547,294,-253,841,33,-0.9060761288976168,0.42034444702935114
126,1565798400,415,361,-54,776,33,-0.15580581392017273,0.24659958908095778
126,1565812800,399,886,487,1285,33,1.8838737860938837,1.6071554767076075
126,1565827200,133,388,255,521,33,1.00918678571817,-0.4350148536396624
126,1565841600,18,89,71,107,33,0.31546950955812125,-1.5416359488801987
126,1565856000,539,146,-393,685,33,-1.4339044911933059,0.003356787953207033
126,1565870400,832,377,-455,1209,33,-1.6676570516385398,1.4040076427987167
126,1565884800,444,399,-45,843,33,-0.12187399062973556,0.42569044265853245
126,1565899200,475,909,434,1384,33,1.684053048939087,1.8717822603520835
126,1565913600,141,399,258,540,33,1.0204973934816493,-0.3842278951624397
126,1565928000,25,97,72,122,33,0.31923971214594765,-1.5015409816613388
126,1565942400,512,154,-358,666,33,-1.3019474006193836,-0.047430170524015644
126,1565956800,756,354,-402,1110,33,-1.4678363144837432,1.1393808591542407
126,1565971200,456,482,26,938,33,0.14581039310593544,0.6796252350446459
126,1565985600,493,817,324,1310,33,1.2693307642781884,1.6739804220723742
126,1566000000,176,371,195,547,33,0.7829746304485888,-0.36551691046030504
126,1566014400,26,139,113,165,33,0.47381801824682807,-1.38660207563394
126,1566028800,204,78,-126,282,33,-0.42726040024367007,-1.073861331326832
126,1566043200,455,272,-183,727,33,-0.6421619477497722,0.11562269616601506
126,1566057600,455,376,-79,831,33,-0.25006087861583154,0.3936144688834445
126,1566072000,330,551,221,881,33,0.880999897732074,0.5272643596129778
126,1566086400,167,367,200,534,33,0.8018256433877207,-0.40026588204998376
126,1566100800,30,159,129,189,33,0.5341412596520496,-1.322450128083764
126,1566115200,137,50,-87,187,33,-0.28022249931844234,-1.3277961237129454
126,1566129600,393,195,-198,588,33,-0.6987149865671675,-0.2559240000620877
126,1566144000,411,306,-105,717,33,-0.3480861458993167,0.08889271802010838
126,1566158400,294,419,125,713,33,0.5190604493007442,0.07820072676174572
126,1566172800,170,280,110,450,33,0.462507410483349,-0.6247976984755998
126,1566187200,24,70,46,94,33,0.22121444486246247,-1.5763849204698774
126,1566201600,541,158,-383,699,33,-1.3962024653150424,0.040778757357476374
126,1566216000,823,372,-451,1195,33,-1.6525762412872345,1.3665856733944475
126,1566230400,405,448,43,853,33,0.20990383709898341,0.45242042080443917
126,1566244800,435,823,388,1258,33,1.5106237298990748,1.5349845357136593
126,1566259200,136,350,214,486,34,0.8460759687811863,-0.5575145687549932
126,1566273600,18,90,72,108,34,0.3197385245534826,-1.5525793572377666
126,1566288000,593,156,-437,749,34,-1.5669217508824411,0.1348188687343439
126,1566302400,820,390,-430,1210,34,-1.5409755388430473,1.348376719238467
126,1566316800,435,345,-90,780,34,-0.28073095407248916,0.21642471117605283
126,1566331200,451,891,440,1342,34,1.683767957481616,1.6958596612483243
126,1566345600,112,387,275,499,34,1.072178673695904,-0.5232927638600829
126,1566360000,20,72,52,92,34,0.2456064901552145,-1.59469850172381
126,1566374400,560,184,-376,744,34,-1.3408190459677232,0.12165663608245535
126,1566388800,770,348,-422,1118,34,-1.51132272508374,1.106191638443718
126,1566403200,424,448,24,872,34,0.1418216419976391,0.4586097919708019
126,1566417600,405,833,428,1238,34,1.6392887368426552,1.4220852220890428
126,1566432000,125,372,247,497,34,0.9683938255383286,-0.5285576569208384
126,1566446400,22,75,53,97,34,0.2493130918751279,-1.5815362690719215
126,1566460800,538,147,-391,685,34,-1.3964180717664243,-0.03365770920982939
126,1566475200,816,352,-464,1168,34,-1.666999997320103,1.2378139649626034
126,1566489600,450,429,-21,879,34,-0.024975435398464137,0.47703691768344586
126,1566504000,433,803,370,1236,34,1.4243058370876776,1.4168203290282875
126,1566518400,126,358,232,484,34,0.9127947997396275,-0.5627794618157486
126,1566532800,25,73,48,98,34,0.23078008327556085,-1.5789038225415437
126,1566547200,484,142,-342,626,34,-1.2147945874906674,-0.18897205450211413
126,1566561600,747,384,-363,1131,34,-1.292633223608849,1.1404134433386282
126,1566576000,449,399,-50,848,34,-0.13246688527595293,0.39543107524173693
126,1566590400,477,776,299,1253,34,1.1611371149738257,1.4615719200447084
126,1566604800,192,364,172,556,34,0.6903986965448232,-0.3732433116285537
126,1566619200,21,151,130,172,34,0.5347214243084601,-1.3841027792935934
126,1566633600,242,101,-141,343,34,-0.46976764178807284,-0.9339544225990053
126,1566648000,445,287,-158,732,34,-0.5327798710266007,0.09006727771792286
126,1566662400,494,437,-57,931,34,-0.15841309731534675,0.6139241372630867
126,1566676800,364,556,192,920,34,0.7645307309430913,0.5849672254289319
126,1566691200,194,405,211,599,34,0.834956163621446,-0.2600481108223122
126,1566705600,28,125,97,153,34,0.41240356755131774,-1.4341192633707698
126,1566720000,134,46,-88,180,34,-0.27331775063266234,-1.3630432070505716
126,1566734400,373,180,-193,553,34,-0.66251093122357,-0.38114065121968677
126,1566748800,393,286,-107,679,34,-0.34374318331101705,-0.049452388392095634
126,1566763200,293,421,128,714,34,0.5273082208686334,0.042683240171124126
126,1566777600,151,286,135,437,34,0.5532544329080272,-0.6865044487435008
126,1566792000,19,74,55,93,34,0.2567262953149547,-1.5920660551934323
126,1566806400,566,148,-418,714,34,-1.4964963182040862,0.042683240171124126
126,1566820800,793,365,-428,1158,34,-1.5335623354032204,1.2114894996588264
126,1566835200,392,393,1,785,34,0.05656980243963079,0.22958694382794137
126,1566849600,423,925,502,1348,34,1.9135772641162474,1.7116543404305906
126,1566864000,145,401,256,546,35,0.9998043177157406,-0.282815058481646
126,1566878400,15,88,73,103,35,0.3069456047085111,-1.4725181961957547
126,1566892800,573,141,-432,714,35,-1.605041554136576,0.1683590434054201
126,1566907200,769,355,-414,1124,35,-1.5368915167916024,1.2694386968202838
126,1566921600,441,446,5,887,35,0.04948990807194496,0.632960945943887
126,1566936000,469,872,403,1341,35,1.5563629560330234,1.8522052450910775
126,1566950400,141,406,265,547,35,1.0338793363882273,-0.28012949835136586
126,1566964800,23,93,70,116,35,0.2955872651510156,-1.4376059145021127
126,1566979200,586,165,-421,751,35,-1.5633943090924254,0.26772476822578584
126,1566993600,811,409,-402,1220,35,-1.4914581585616202,1.5272524693271787
126,1567008000,444,468,24,912,35,0.12142605860275021,0.7000999492008908
126,1567022400,421,906,485,1327,35,1.8668242372712356,1.8146074032671553
126,1567036800,126,403,277,529,35,1.0793126946182097,-0.32846958069640864
126,1567051200,22,112,90,134,35,0.37130952886765267,-1.38926583215707
126,1567065600,755,64,-691,819,35,-2.5856448692670266,0.4503428570848364
126,1567080000,851,350,-501,1201,35,-1.866283363958974,1.4762268268518557
126,1567094400,460,441,-19,901,35,-0.04137680838801956,0.6705587877678091
126,1567108800,442,913,471,1355,35,1.8138186526695894,1.8898030869149995
126,1567123200,151,459,308,610,35,1.196682203378997,-0.11093921014371605
126,1567137600,24,109,85,133,35,0.3523789629384934,-1.39195139228735
126,1567152000,540,170,-370,710,35,-1.3703025366150008,0.15761680288429947
126,1567166400,707,372,-335,1079,35,-1.237788575110886,1.1485884909576767
126,1567180800,475,458,-17,933,35,-0.033804582016355854,0.7564967119367741
126,1567195200,473,760,287,1233,35,1.117173826476528,1.5621647510208208
126,1567209600,182,388,206,570,35,0.8104986584241479,-0.21836161535492227
126,1567224000,22,121,99,143,35,0.40538454754013936,-1.3650957909845485
126,1567238400,185,85,-100,270,35,-0.34805197644039987,-1.0240296544389689
126,1567252800,413,243,-170,656,35,-0.6130798994486297,0.012596555849171088
126,1567267200,411,365,-46,776,35,-0.14360186440547967,0.33486377148278973
126,1567281600,303,423,120,726,35,0.4848929244426084,0.20058576496878197
126,1567296000,162,312,150,474,35,0.598476320017564,-0.4761753878618172
126,1567310400,25,114,89,139,35,0.3675234156818208,-1.3758380315056693
126,1567324800,123,44,-79,167,35,-0.2685435995379309,-1.3006423478578248
126,1567339200,336,186,-150,522,35,-0.5373576357319926,-0.3472685016083697
126,1567353600,367,319,-48,686,35,-0.1511740907771434,0.09316335975757575
126,1567368000,283,343,60,626,35,0.257726133292697,-0.06797024805923357
126,1567382400,146,293,147,439,35,0.5871179804600685,-0.5701699924216226
126,1567396800,20,91,71,111,35,0.2993733783368474,-1.4510337151535135
126,1567411200,148,62,-86,210,35,-0.29504639183875386,-1.1851632622557782
126,1567425600,298,189,-109,487,35,-0.38212699511288656,-0.44126310616817516
126,1567440000,293,256,-37,549,35,-0.10952684573299297,-0.27475837809080556
126,1567454400,266,313,47,579,35,0.20850666187688288,-0.19419157418240088
126,1567468800,131,259,128,390,36,0.5166339053337718,-0.7897184835156169
126,1567483200,17,53,36,70,36,0.2026063120964438,-1.5712379900652
126,1567497600,573,156,-417,729,36,-1.3436382502569215,0.03820374373534785
126,1567512000,805,367,-438,1172,36,-1.4153184617567465,1.120119810614927
126,1567526400,431,421,-10,852,36,0.045592515477779774,0.3386003040653439
126,1567540800,422,827,405,1249,36,1.4621300284505094,1.3081729418784205
126,1567555200,136,419,283,555,36,1.0457021330705745,-0.386747487950988
126,1567569600,17,77,60,94,36,0.2845265538105294,-1.5126240270739812
126,1567584000,589,154,-435,743,36,-1.4050784315424858,0.07239522214689212
126,1567598400,808,344,-464,1152,36,-1.5040653902803391,1.0712748414555782
126,1567612800,423,437,14,860,36,0.12751275719186536,0.35813829172908346
126,1567627200,443,965,522,1408,36,1.861491206806677,1.6964904466952446
126,1567641600,130,394,264,524,36,0.9808486083802567,-0.46245719014797887
126,1567656000,18,63,45,81,36,0.2333264027392259,-1.5443732570275581
126,1567670400,598,175,-423,773,36,-1.3641183106854429,0.14566267588591555
126,1567684800,902,410,-492,1312,36,-1.5996390056134389,1.4620345947303697
126,1567699200,455,429,-26,884,36,-0.00902097899827728,0.4167522547203022
126,1567713600,407,901,494,1308,36,1.765917591473577,1.4522656008985
126,1567728000,124,388,264,512,36,0.9808486083802567,-0.49176417164358827
126,1567742400,15,91,76,106,36,0.33914004828658645,-1.483317045578372
126,1567756800,570,152,-418,722,36,-1.3470515936616752,0.021108004529575716
126,1567771200,817,385,-432,1202,36,-1.3948384013282251,1.1933872643539505
126,1567785600,457,512,55,969,36,0.26745983678676155,0.6243433736475352
126,1567800000,436,855,419,1291,36,1.5099168361170594,1.4107473771130534
126,1567814400,151,393,242,544,36,0.9057550534756782,-0.41361222098862993
126,1567828800,20,111,91,131,36,0.39034019935788994,-1.4222608341291858
126,1567843200,209,74,-135,283,36,-0.38107541011641594,-1.0510390685181337
126,1567857600,448,251,-197,699,36,-0.592702701211137,-0.03506371000367558
126,1567872000,429,385,-44,814,36,-0.07046116028384146,0.24579486266258088
126,1567886400,342,471,129,813,36,0.5200472487385254,0.24335261420461343
126,1567900800,156,288,132,444,36,0.5302872789527862,-0.6578370667853747
126,1567915200,22,133,111,155,36,0.4586070674529612,-1.363646871137967
126,1567929600,122,53,-69,175,36,-0.1557947454026806,-1.3148019019786181
126,1567944000,320,168,-152,488,36,-0.4391022479972265,-0.550378134634807
126,1567958400,372,323,-49,695,36,-0.08752787730760929,-0.044832703835545364
126,1567972800,598,380,-218,978,36,-0.6643829127109618,0.6463236097692423
126,1567987200,147,264,117,411,36,0.4790871278814826,-0.7384312658983004
126,1568001600,16,48,32,64,36,0.18895293847742956,-1.5858914808130047
126,1568016000,637,156,-481,793,36,-1.5620922281611498,0.1945076450452645
126,1568030400,852,368,-484,1220,36,-1.5723322583754105,1.2373477365973646
126,1568044800,438,436,-2,874,36,0.0728992627158083,0.39232977014062775
126,1568059200,468,954,486,1422,36,1.7386108442355483,1.730681925106789
126,1568073600,135,399,264,534,37,0.9228220784270046,-0.5163479699550372
126,1568088000,16,60,44,76,37,0.2020379698331312,-1.6331086569412179
126,1568102400,615,171,-444,786,37,-1.3967922346841877,0.09811424209849465
126,1568116800,918,330,-588,1248,37,-1.8685781966729051,1.2246282975299696
126,1568131200,412,427,15,839,37,0.10702551915484787,0.2273463739986422
126,1568145600,477,944,467,1421,37,1.5879092331749876,1.6464614827889417
126,1568160000,133,402,269,535,37,0.9392035354405016,-0.5139096278437136
126,1568174400,20,79,59,99,37,0.2511823408736225,-1.5770267883807765
126,1568188800,659,180,-479,839,37,-1.5114624337786677,0.2273463739986422
126,1568203200,883,389,-494,1272,37,-1.560606804819159,1.2831485082017344
126,1568217600,437,457,20,894,37,0.12340697616834499,0.36145519012143684
126,1568232000,458,971,513,1429,37,1.738618637699161,1.66596821967953
126,1568246400,148,379,231,527,37,0.8147044621379235,-0.5334163647343019
126,1568260800,24,83,59,107,37,0.2511823408736225,-1.5575200514901881
126,1568275200,590,167,-423,757,37,-1.3279901152274998,0.027402320870112018
126,1568289600,881,334,-547,1215,37,-1.7342502491622287,1.1441630078562928
126,1568304000,432,458,26,890,37,0.14306472458454153,0.35170182167614267
126,1568318400,398,774,376,1172,37,1.28976671552934,1.0393142970693805
126,1568332800,136,445,309,581,37,1.0702551915484786,-0.4017458907228308
126,1568347200,20,72,52,92,37,0.22824830105472657,-1.5940951831600412
126,1568361600,568,176,-392,744,37,-1.2264250817438178,-0.004296126577093986
126,1568376000,814,366,-448,1180,37,-1.4098974002949856,1.0588210339599688
126,1568390400,485,488,3,973,37,0.06771002232245477,0.5540842169159964
126,1568404800,515,863,348,1378,37,1.198030556253756,1.5416127720020296
126,1568419200,170,413,243,583,37,0.8540199589703167,-0.3968692065001837
126,1568433600,23,152,129,175,37,0.4805227390625822,-1.3917127879201876
126,1568448000,222,84,-138,306,37,-0.394247065458164,-1.072289971336804
126,1568462400,441,281,-160,722,37,-0.4663254763175514,-0.05793965302621184
126,1568476800,453,406,-47,859,37,-0.09610454781251644,0.276113216225113
126,1568491200,390,495,105,885,37,0.40189174539779604,0.339510111119525
126,1568505600,169,381,212,550,37,0.7524549254866344,-0.4773344961738605
126,1568520000,27,130,103,157,37,0.3953391625923972,-1.4356029459240112
126,1568534400,82,21,-61,103,37,-0.14197262745030836,-1.5672734199354823
126,1568548800,544,325,-219,869,37,-0.6596266690768174,0.30049663733834836
126,1568563200,444,325,-119,769,37,-0.33199752880687494,0.05666242620599448
126,1568577600,334,486,152,820,37,0.555877441324669,0.18101787388349497
126,1568592000,154,297,143,451,37,0.5263908187003741,-0.7187303651948909
126,1568606400,18,93,75,111,37,0.30360300331681334,-1.547766683044894
126,1568620800,617,174,-443,791,37,-1.3935159432814883,0.11030595265511234
126,1568635200,888,385,-503,1273,37,-1.5900934274434537,1.285586850313058
126,1568649600,435,456,21,891,37,0.12668326757104442,0.3541401637874662
126,1568664000,447,972,525,1419,37,1.777934134531554,1.6415847985662946
126,1568678400,118,365,247,483,38,0.8841002088107931,-0.6419395254169317
126,1568692800,33,88,55,121,38,0.26150095251437916,-1.518931936634384
126,1568707200,622,164,-458,786,38,-1.4020064354026014,0.09211765855789736
126,1568721600,954,373,-581,1327,38,-1.8008590839674918,1.4027610134436481
126,1568736000,451,448,-3,899,38,0.07342409384150415,0.3658749581920745
126,1568750400,472,959,487,1431,38,1.6623492791813101,1.6547146343458996
126,1568764800,147,433,286,580,38,1.0105656827460021,-0.4069443213061778
126,1568779200,18,82,64,100,38,0.29068529265327353,-1.5698071870088772
126,1568793600,624,174,-450,798,38,-1.3760647997235842,0.12118923020046483
126,1568808000,931,381,-550,1312,38,-1.7003352457113,1.3664215488904388
126,1568822400,463,438,-25,901,38,0.002084595724206741,0.37072022013250244
126,1568836800,465,834,369,1299,38,1.279710152915806,1.3349273462776574
126,1568851200,113,444,331,557,38,1.156487383440474,-0.46266483362109884
126,1568865600,17,90,73,107,38,0.31986963279216796,-1.5528487702173794
126,1568880000,640,166,-474,806,38,-1.453889706760636,0.1405702779621765
126,1568894400,869,377,-492,1246,38,-1.5122583870384247,1.2065279048563176
126,1568908800,482,451,-31,933,38,-0.017371631035056193,0.44824441117934904
126,1568923200,486,961,475,1447,38,1.6234368256627845,1.693476729869323
126,1568937600,132,436,304,568,38,1.0689343630237909,-0.43601589294874527
126,1568952000,25,95,70,120,38,0.3101415194125365,-1.521354567604598
126,1568966400,559,163,-396,722,38,-1.2009587588902177,-0.0629307235357959
126,1568980800,870,334,-536,1204,38,-1.6549373832730196,1.1047774041073315
126,1568995200,460,503,43,963,38,0.22258849899585328,0.5209233402857677
126,1569009600,506,887,381,1393,38,1.3186226064343318,1.5626546574777693
126,1569024000,163,464,301,627,38,1.0592062496441594,-0.2930806657061218
126,1569038400,98,128,30,226,38,0.18043334101745026,-1.2645556847619186
126,1569052800,216,71,-145,287,38,-0.3870399394610519,-1.1167751955788672
126,1569067200,444,251,-193,695,38,-0.5426897535351554,-0.12834175973157275
126,1569081600,469,374,-95,843,38,-0.22490471646719415,0.2302076238600929
126,1569096000,352,581,229,933,38,0.8257315285330041,0.44824441117934904
126,1569110400,258,304,46,562,38,0.23231661237548476,-0.45055167877002905
126,1569124800,30,124,94,154,38,0.38796642644958823,-1.4389851146173236
126,1569139200,136,67,-69,203,38,-0.1405944005103881,-1.3202761970768395
126,1569153600,380,233,-147,613,38,-0.3935253483808062,-0.3269974992891172
126,1569168000,417,277,-140,694,38,-0.37082641716166614,-0.1307643907017867
126,1569182400,278,379,101,657,38,0.4106653576687283,-0.2204017365997031
126,1569196800,136,263,127,399,38,0.49497567362553435,-0.845440526914904
126,1569211200,16,77,61,93,38,0.2809571792736421,-1.5867656038003748
126,1569225600,645,185,-460,830,38,-1.4084918443223557,0.19871342124731148
126,1569240000,838,373,-465,1211,38,-1.4247053666217415,1.121735820898829
126,1569254400,461,448,-13,909,38,0.040997049242732606,0.39010126789421407
126,1569268800,452,924,472,1376,38,1.613708712283153,1.521469930984132
126,1569283200,121,385,264,506,39,0.9424916711040637,-0.5752606585198571
126,1569297600,17,75,58,92,39,0.25400484753159164,-1.5823722503788256
126,1569312000,647,174,-473,821,39,-1.5206869161430816,0.1910199005032711
126,1569326400,913,352,-561,1265,39,-1.814797792232293,1.2711105932215851
126,1569340800,463,475,12,938,39,0.10026507139404933,0.47563839385471873
126,1569355200,467,918,451,1385,39,1.567477282793638,1.5630269966589674
126,1569369600,135,406,271,541,39,0.965886854429342,-0.490118374183954
126,1569384000,22,65,43,87,39,0.203872311834567,-1.5945354338553832
126,1569398400,622,186,-436,808,39,-1.397026661423754,0.15939562346422137
126,1569412800,925,359,-566,1284,39,-1.8315086374646345,1.317330690432504
126,1569427200,443,464,21,907,39,0.13034459281226413,0.40022665630006166
126,1569441600,450,945,495,1395,39,1.7145327208382437,1.5873533636120825
126,1569456000,120,398,278,518,39,0.9892820377546201,-0.5460690181761189
126,1569470400,22,68,46,90,39,0.21389881897397192,-1.5872375237694487
126,1569484800,582,189,-393,771,39,-1.2533133924256168,0.0693880657376952
126,1569499200,909,362,-547,1271,39,-1.7680074255817366,1.2857064133934544
126,1569513600,455,436,-19,891,39,-0.0033421690464683113,0.36130446917507736
126,1569528000,440,957,517,1397,39,1.7880604398605464,1.5922186370027056
126,1569542400,142,418,276,560,39,0.9825976996616835,-0.44389827697303513
126,1569556800,21,88,67,109,39,0.28408436894980643,-1.54101742655853
126,1569571200,576,177,-399,753,39,-1.2733664067044266,0.025600605222087867
126,1569585600,874,418,-456,1292,39,-1.4638700423531203,1.336791783994996
126,1569600000,500,473,-27,973,39,-0.0300795214182148,0.5607806781906218
126,1569614400,509,934,425,1443,39,1.4805808875854618,1.7041199249870354
126,1569628800,176,432,256,608,39,0.9157543187323173,-0.3271317155980823
126,1569643200,113,106,-7,219,39,0.03676385951115142,-1.2734273900742628
126,1569657600,201,86,-115,287,39,-0.3241903975074262,-1.1080080947930797
126,1569672000,450,268,-182,718,39,-0.5481157236208031,-0.05954167911381527
126,1569686400,456,360,-96,816,39,-0.26068918562452825,0.17885671702671352
126,1569700800,372,484,112,856,39,0.43448197604088046,0.27616218483917426
126,1569715200,151,330,179,481,39,0.6584073021542574,-0.6360765759026451
126,1569729600,29,114,85,143,39,0.3442434117862361,-1.4583077789179382
126,1569744000,136,55,-81,191,39,-0.21055664992750361,-1.3415412175429853
126,1569758400,341,239,-102,580,39,-0.28074219990333815,-0.39524554306680476
126,1569772800,367,338,-29,705,39,-0.03676385951115142,-0.091165956152865
126,1569787200,315,495,180,810,39,0.6617494712007256,0.1642608968548444
126,1569801600,316,316,0,632,39,0.0601590428364296,-0.26874843491060585
126,1569816000,21,72,51,93,39,0.23060966420631349,-1.5799396136835142
126,1569830400,522,134,-388,656,39,-1.2366025471932751,-0.2103651542231294
126,1569844800,740,376,-364,1116,39,-1.1563904900780357,0.9086477256201689
126,1569859200,463,428,-35,891,39,-0.056816873789961295,0.36130446917507736
126,1569873600,426,859,433,1285,39,1.5073182399572085,1.3197633271278155
126,1569888000,141,333,192,474,40,0.7287163693563871,-0.587242894144429
126,1569902400,15,64,49,79,40,0.24435708268590667,-1.5127948240186526
126,1569916800,546,138,-408,684,40,-1.3035603579323418,-0.09517731117332275
126,1569931200,820,350,-470,1170,40,-1.5135622864188436,1.0436030379883803
126,1569945600,478,422,-56,900,40,-0.11129134458962088,0.4109472884541008
126,1569960000,486,886,400,1372,40,1.4332389681498132,1.51692326541773
126,1569974400,158,384,226,542,40,0.8438787172360817,-0.42790737203949936
126,1569988800,15,66,51,81,40,0.25113133844353575,-1.5081084851332134
126,1570003200,620,180,-440,800,40,-1.4119484500544073,0.17663034418214543
126,1570017600,895,386,-509,1281,40,-1.6456602736926111,1.3036948461302507
126,1570032000,456,453,-3,909,40,0.06822643298755018,0.4320358134385768
126,1570046400,482,1015,533,1497,40,1.8837269760321478,1.8098194457576742
126,1570060800,146,365,219,511,40,0.8201688220843798,-0.5005456247638055
126,1570075200,27,74,47,101,40,0.23758282692827756,-1.4612450962788224
126,1570089600,589,202,-387,791,40,-1.2324306724772363,0.15554181919766946
126,1570104000,866,419,-447,1285,40,-1.4356583452061091,1.313067523901129
126,1570118400,460,449,-11,909,40,0.0411294099570338,0.4320358134385768
126,1570132800,431,985,554,1416,40,1.9548566614872533,1.6200227208973903
126,1570147200,141,409,268,550,40,0.9861380881462928,-0.4091620164977429
126,1570161600,17,73,56,90,40,0.2680669778376085,-1.4870199601487375
126,1570176000,552,182,-370,734,40,-1.174849498537389,0.02198116096265492
126,1570190400,904,380,-524,1284,40,-1.6964671918748293,1.3107243544584093
126,1570204800,475,430,-45,905,40,-0.07403293792266084,0.42266313566769853
126,1570219200,522,880,358,1402,40,1.290979597239602,1.5872183486993166
126,1570233600,143,421,278,564,40,1.0200093669344383,-0.37635764429966917
126,1570248000,27,115,88,142,40,0.37645506995967404,-1.3651751491273207
126,1570262400,195,61,-134,256,40,-0.3754873191371556,-1.0980538326572915
126,1570276800,463,322,-141,785,40,-0.39919721428885746,0.14148280254135215
126,1570291200,413,348,-65,761,40,-0.14177549549895183,0.08524673591608287
126,1570305600,365,432,67,797,40,0.30532538450456853,0.16960083585398678
126,1570320000,167,300,133,467,40,0.5288758245063288,-0.6036450802434659
126,1570334400,22,114,92,136,40,0.39000358147493225,-1.379234165783638
126,1570348800,115,53,-62,168,40,-0.13161411186250818,-1.3042527436166123
126,1570363200,371,167,-204,538,40,-0.612586270654174,-0.43728004981037755
126,1570377600,381,260,-121,641,40,-0.3314546567125665,-0.19593359721026354
126,1570392000,270,422,152,692,40,0.5932312542038052,-0.07643195563156632
126,1570406400,131,228,97,359,40,0.40693922086900497,-0.8567073800571776
126,1570420800,19,63,44,82,40,0.22742144329183392,-1.505765315690494
126,1570435200,618,169,-449,787,40,-1.4424326009637383,0.14616914142679124
126,1570449600,886,357,-529,1243,40,-1.713402831268902,1.2146544073069077
126,1570464000,436,439,3,875,40,0.08854920026043747,0.35236805238611196
126,1570478400,439,935,496,1374,40,1.7584032445160096,1.521609604303169
126,1570492800,124,388,264,512,41,1.0378780880122043,-0.4169298526362855
126,1570507200,22,62,40,84,41,0.18344053075792055,-1.5555062715525454
126,1570521600,598,181,-417,779,41,-1.5597646641760428,0.29335029654745604
126,1570523199,177,75,-102,252,41,-0.3582118492872059,-1.108588424875135
126,1570536000,646,324,-322,970,41,-1.197391593019092,0.8014533246152262
126,1570550400,436,487,51,923,41,0.22539951794451485,0.676422736556665
126,1570564800,460,973,513,1433,41,1.9876769797814755,2.033137628255947
126,1570579200,138,407,269,545,41,1.0569503549152017,-0.32914241846750847
126,1570593600,18,79,61,97,41,0.26354405175050966,-1.520923342940603
126,1570608000,512,151,-361,663,41,-1.3461552748624717,-0.015235835682184501
126,1570622400,730,352,-378,1082,41,-1.411000982332663,1.0993985557334998
126,1570636800,388,423,35,811,41,0.16436826385492315,0.37847750543839137
126,1570651200,425,864,439,1289,41,1.7054074296171136,1.6500651882467376
126,1570665600,137,338,201,475,41,0.7975675250344371,-0.5153581879164295
126,1570680000,17,73,56,90,41,0.24447178484751225,-1.5395449198854951
126,1570694400,602,175,-427,777,41,-1.5979091979820375,0.28802984599177256
126,1570698168,388,151,-237,539,41,-0.8731630556681359,-0.34510377013455884
126,1570708800,554,209,-345,763,41,-1.28512402077288,0.2507866921019884
126,1570723200,452,498,46,950,41,0.20632725104151745,0.7482488190583917
126,1570737600,461,892,431,1353,41,1.6748918025723178,1.8203196060286084
126,1570752000,139,452,313,591,41,1.224786303661579,-0.20677205568678897
126,1570766400,20,80,60,100,41,0.25972959836991016,-1.5129426671070778
126,1570780800,609,172,-437,781,41,-1.6360537317880324,0.2986707471031395
126,1570795200,806,373,-433,1179,41,-1.6207959182656344,1.3574404076841475
126,1570809600,482,529,47,1011,41,0.2101417044221169,0.9105225610067371
126,1570824000,465,857,392,1322,41,1.526128120728938,1.7378526224155146
126,1570838400,184,431,247,615,41,0.9730323805420132,-0.14292664901858748
126,1570852800,29,118,89,147,41,0.37034874640729515,-1.3879120790485164
126,1570867200,208,81,-127,289,41,-0.4535731838021929,-1.0101600895949912
126,1570881600,438,236,-202,674,41,-0.739657187347154,0.014026642374074515
126,1570896000,499,314,-185,813,41,-0.6748114798769629,0.3837979559940748
126,1570910400,354,481,127,835,41,0.5152979748700754,0.44232291210659286
126,1570924800,154,342,188,496,41,0.7479796310866439,-0.4594934570817532
126,1570939200,24,119,95,143,41,0.39323546669089204,-1.3985529801598835
126,1570953600,97,54,-43,151,41,-0.13315909983183644,-1.3772711779371496
126,1570968000,352,192,-160,544,41,-0.5794501453619758,-0.33180264374535023
126,1570982400,411,260,-151,671,41,-0.5451200649365805,0.006045966540549328
126,1570996800,255,382,127,637,41,0.5152979748700754,-0.08440169290606944
126,1571011200,149,264,115,413,41,0.46952453430288166,-0.6802921551426167
126,1571025600,16,72,56,88,41,0.24447178484751225,-1.5448653704411786
126,1571040000,403,145,-258,548,41,-0.953266576660725,-0.3211617426339833
126,1571054400,662,336,-326,998,41,-1.21264940654149,0.8759396323947947
126,1571068800,429,336,-93,765,41,-0.3238817688618105,0.2561071426576718
126,1571083200,420,806,386,1226,41,1.5032414004453412,1.4824709957427087
126,1571097600,123,331,208,454,42,0.816292962642448,-0.6224136096834224
126,1571112000,13,54,41,67,42,0.24150339934818738,-1.5738582454206884
126,1571126400,575,205,-370,780,42,-1.1730984600167296,0.17906171654486885
126,1571140800,916,310,-606,1226,42,-1.9853759267080202,1.2755586352498318
126,1571155200,432,512,80,944,42,0.37573569257259554,0.5822578929296535
126,1571169600,379,946,567,1325,42,2.051918431041487,1.5189514490430858
126,1571184000,146,300,154,446,42,0.630432864331729,-0.6420817158485339
126,1571198400,17,102,85,119,42,0.39294496093469916,-1.446015555347464
126,1571212800,606,172,-434,778,42,-1.3933770950516557,0.17414469000359098
126,1571227200,880,353,-527,1233,42,-1.713469486586783,1.2927682281443043
126,1571241600,420,418,-2,838,42,0.0935036914340963,0.3216554862419268
126,1571256000,389,911,522,1300,42,1.8970350157825548,1.4574886172771127
126,1571270400,117,386,269,503,42,1.026246036660112,-0.5019464594221148
126,1571284800,20,66,46,86,42,0.258712667710291,-1.5271464932785488
126,1571299200,633,188,-445,821,42,-1.4312374854482837,0.27986076064106497
126,1571313600,837,403,-434,1240,42,-1.3933770950516557,1.3099778210387767
126,1571328000,467,490,23,957,42,0.17955003324461438,0.6142185654479595
126,1571342400,491,900,409,1391,42,1.5081055507990133,1.6812133249052552
126,1571356800,133,403,270,536,42,1.0296878903325328,-0.42081552149103013
126,1571371200,27,90,63,117,42,0.31722418014144327,-1.450932581888742
126,1571385600,586,168,-418,754,42,-1.3383074362929241,0.11514037150825666
126,1571400000,843,382,-461,1225,42,-1.4863071442070153,1.2731001219791929
126,1571414400,484,503,19,987,42,0.16578261855493148,0.6879739635671275
126,1571428800,522,594,72,1116,42,0.3482008631932298,1.0051221754795494
126,1571443200,168,353,185,521,42,0.7371303281767714,-0.4576932205506141
126,1571457600,21,111,90,132,42,0.4101542292968028,-1.414054882829158
126,1571472000,191,80,-111,271,42,-0.2816583588597624,-1.0723215382103466
126,1571486400,471,275,-196,746,42,-0.5742159210155239,0.09547226534314522
126,1571500800,443,379,-64,822,42,-0.11989123625598848,0.2823192739117039
126,1571515200,382,474,92,856,42,0.41703793664164424,0.36590872511342754
126,1571529600,155,283,128,438,42,0.5409446688487902,-0.6617498220136453
126,1571544000,49,92,43,141,42,0.24838710669302883,-1.3919282633934076
126,1571558400,121,45,-76,166,42,-0.16119348032503716,-1.3304654316274342
126,1571572800,349,202,-147,551,42,-0.40556509106690847,-0.3839378224314462
126,1571587200,360,317,-43,677,42,-0.047612309135153325,-0.07416515033094097
126,1571601600,273,390,117,663,42,0.5030842784521622,-0.108584336119886
126,1571616000,123,196,73,319,42,0.3516427168656505,-0.954312901219678
126,1571630400,13,36,23,49,42,0.17955003324461438,-1.618111484292189
126,1571644800,580,150,-430,730,42,-1.3796096803619728,0.056136053012922335
126,1571659200,858,356,-502,1214,42,-1.6274231447762648,1.2460564760021646
126,1571673600,423,409,-14,832,42,0.05220144736504763,0.3069044066180932
126,1571688000,427,903,476,1330,42,1.7387097468512016,1.5312440153962805
126,1571702400,118,332,214,450,43,0.8001912551821424,-0.6031847626591295
126,1571716800,15,74,59,89,43,0.27869310008796405,-1.4481896015612568
126,1571731200,620,187,-433,807,43,-1.3766429793077501,0.23245714173992707
126,1571745600,818,333,-485,1151,43,-1.551597199081281,1.037669509004004
126,1571760000,460,417,-43,877,43,-0.06448633100626935,0.39630849554366365
126,1571774400,450,1003,553,1453,43,1.9407581879365066,1.744571063985839
126,1571788800,107,313,206,420,43,0.7732752213708299,-0.6734067714321594
126,1571803200,12,70,58,82,43,0.27532859586155,-1.4645747369416304
126,1571817600,610,178,-432,788,43,-1.3732784750813363,0.18798320285034142
126,1571832000,883,347,-536,1230,43,-1.7231869146283976,1.2225874654396496
126,1571846400,451,415,-36,866,43,-0.04093480142137099,0.37056042566021935
126,1571860800,445,959,514,1404,43,1.8095425231063584,1.6298751163232235
126,1571875200,127,346,219,473,43,0.8170137763142127,-0.5493478892664732
126,1571889600,21,62,41,83,43,0.2181320240125111,-1.4622340033158627
126,1571904000,589,173,-416,762,43,-1.3194464074587113,0.12712412858038213
126,1571918400,916,365,-551,1281,43,-1.7736544780246084,1.3419648803538005
126,1571932800,501,458,-43,959,43,-0.06448633100626935,0.5882486528566122
126,1571947200,465,904,439,1369,43,1.5572047061253043,1.547949439421355
126,1571961600,121,398,277,519,43,1.0121550214462276,-0.4416741424811606
126,1571976000,20,74,54,94,43,0.26187057895589383,-1.4364859334324185
126,1571990400,559,169,-390,728,43,-1.2319692975719458,0.0475391853042815
126,1572004800,842,369,-473,1211,43,-1.5112231483643124,1.178113526550064
126,1572019200,427,482,55,909,43,0.2652350831823079,0.47121197156822897
126,1572033600,549,874,325,1423,43,1.1736512243141022,1.674349055212809
126,1572048000,165,355,190,520,43,0.7194431537482051,-0.4393334088553929
126,1572062400,21,113,92,134,43,0.38972173955962786,-1.3428565884017118
126,1572076800,198,77,-121,275,43,-0.3269176606665655,-1.012813147168471
126,1572091200,433,248,-185,681,43,-0.5422459311570649,-0.06247529510679878
126,1572105600,420,407,-13,827,43,0.03644879578615224,0.27927181425528036
126,1572120000,373,502,129,875,43,0.5142083959369479,0.3916270282921283
126,1572134400,183,301,118,484,43,0.4771988494463933,-0.5235998193830289
126,1572148800,33,148,115,181,43,0.4671053367671511,-1.2328421079906315
126,1572163200,118,62,-56,180,43,-0.10822488594965207,-1.2351828416163992
126,1572177600,290,122,-168,412,43,-0.485049359308026,-0.6921326404383008
126,1572192000,285,285,0,570,43,0.08018735072953494,-0.32229672756700967
126,1572206400,260,310,50,570,43,0.2484125620502376,-0.32229672756700967
126,1572220800,109,179,70,288,43,0.31570264657851865,-0.9823836100334913
126,1572235200,16,58,42,74,43,0.22149652823892516,-1.4833006059477718
126,1572249600,575,140,-435,715,43,-1.3833719877605783,0.017109648169301845
126,1572264000,908,369,-539,1277,43,-1.7332804273076396,1.3326019458507299
126,1572278400,412,474,62,886,43,0.28878661276720624,0.41737509817557267
126,1572292800,437,909,472,1346,43,1.668233345596968,1.4941125660286987
126,1572307200,136,361,225,497,44,0.7867988950334364,-0.5346126166779516
126,1572321600,100,125,25,225,44,0.10709316953996045,-1.1948205318574805
126,1572336000,592,192,-400,784,44,-1.3372814971336757,0.16200382323574272
126,1572350400,874,403,-471,1277,44,-1.5785770296838597,1.3586306694986392
126,1572364800,419,441,22,860,44,0.09689758365755831,0.3464736818888464
126,1572379200,394,943,549,1337,44,1.8879221703328672,1.5042647684352999
126,1572393600,122,406,284,528,44,0.9873120840540117,-0.45936833222734347
126,1572408000,26,71,45,97,44,0.17506374208930803,-1.5055066095890237
126,1572422400,597,195,-402,792,44,-1.3440785543886107,0.18142170309396416
126,1572436800,886,379,-507,1265,44,-1.7009240602726854,1.329503849711307
126,1572451200,466,492,26,958,44,0.11049169816742782,0.5843427101520591
126,1572465600,432,876,444,1308,44,1.5310766644487925,1.4338749539492472
126,1572480000,129,424,295,553,44,1.024695898956153,-0.3986874576704014
126,1572494400,19,70,51,89,44,0.1954549138541123,-1.5249244894472451
126,1572508800,573,160,-413,733,44,-1.3814623692907517,0.03821483913958102
126,1572523200,860,368,-492,1228,44,-1.6499461308606747,1.2396961553670327
126,1572537600,426,464,38,890,44,0.15127404169703637,0.4192907313571768
126,1572552000,442,795,353,1237,44,1.221810559349261,1.261541270207532
126,1572566400,139,340,201,479,44,0.7052342079742192,-0.5783028463589498
126,1572580800,26,89,63,115,44,0.23623725738372087,-1.4618163799080255
126,1572595200,569,146,-423,715,44,-1.4154476555654256,-0.005475390541417228
126,1572609600,803,364,-439,1167,44,-1.4698241136049037,1.0916348214480942
126,1572624000,433,509,76,942,44,0.2804181295407968,0.5455069504356163
126,1572638400,457,926,469,1383,44,1.616039880135477,1.6159175776200732
126,1572652800,145,321,176,466,44,0.6202709922875347,-0.6098569011285596
126,1572667200,42,132,90,174,44,0.3279975303253401,-1.3186095159536424
126,1572681600,192,108,-84,300,44,-0.26334645085398395,-1.0127779081866546
126,1572696000,452,254,-198,706,44,-0.6507787143852651,-0.02732050538191635
126,1572710400,406,353,-53,759,44,-0.15799206340249516,0.1013229486788007
126,1572724800,390,501,111,891,44,0.39936663150215507,0.4217179663394545
126,1572739200,153,325,172,478,44,0.6066768777776652,-0.5807300813412275
126,1572750000,19,126,107,145,44,0.38577251699228554,-1.388999330439695
126,1572764400,61,36,-25,97,44,-0.06283326183340852,-1.5055066095890237
126,1572778800,344,175,-169,519,44,-0.5522213841887111,-0.4812134470678426
126,1572793200,424,286,-138,710,44,-0.4468669967372224,-0.01761156545280563
126,1572807600,304,429,125,733,44,0.4469460322866984,0.03821483913958102
126,1572822000,171,308,137,479,44,0.48772837581630696,-0.5783028463589498
126,1572836400,21,82,61,103,44,0.2294402001287861,-1.4909431996953577
126,1572850800,325,90,-235,415,44,-0.7765242736015582,-0.7336458852247213
126,1572865200,1069,414,-655,1483,44,-2.203906297137858,1.8586410758478413
126,1572879600,426,345,-81,771,44,-0.2531508649715818,0.13044976846613288
126,1572894000,504,965,461,1469,44,1.5888516511157378,1.8246597860959537
126,1572908400,193,492,299,685,44,1.0382900134660225,-0.07829244000974764
126,1572922800,23,108,85,131,45,0.40465040380095085,-1.1650801358928529
126,1572937200,312,91,-221,403,45,-0.6489490673598718,-0.6082747697432564
126,1572951600,1022,375,-647,1397,45,-2.115724801721017,1.426521310965195
126,1572966000,476,374,-102,850,45,-0.23921593968621854,0.3067693430099405
126,1572980400,359,152,-207,511,45,-0.6007451699865008,-0.38719028612503437
126,1572994800,712,1313,601,2025,45,2.181308335562338,2.712086641634116
126,1573009200,22,111,89,133,45,0.41842294590762824,-1.1609859787888117
126,1573023600,309,82,-227,391,45,-0.669607880519888,-0.6328397123675034
126,1573038000,1010,388,-622,1398,45,-2.0296464135542833,1.4285683895172157
126,1573052400,484,336,-148,820,45,-0.3976001739130089,0.24535698644932327
126,1573066800,481,960,479,1441,45,1.7612458013086767,1.5165927672541002
126,1573081200,151,446,295,597,45,1.1277088644015154,-0.21114153065126495
126,1573095600,2,1,-1,3,45,0.10854074850738633,-1.4271061905514864
126,1573110000,318,47,-271,365,45,-0.8211058436933395,-0.6860637547200383
126,1573124400,1019,405,-614,1424,45,-2.0021013293409284,1.4817924318697504
126,1573138800,494,373,-121,867,45,-0.30463551469293626,0.34156967839429025
126,1573153200,491,895,404,1386,45,1.503010636808475,1.4040034468929687
126,1573167600,118,428,310,546,45,1.1793558973015557,-0.31554253680431427
126,1573182000,0,0,0,0,45,0.1119838840340557,-1.433247426207548
126,1573196400,306,59,-247,365,45,-0.7384705910532751,-0.6860637547200383
126,1573210800,973,438,-535,1411,45,-1.7300936227340493,1.4551804106934831
126,1573225200,440,363,-77,803,45,-0.15313755151948463,0.21055665106497348
126,1573239600,518,910,392,1428,45,1.461693010488443,1.4899807460778327
126,1573254000,212,469,257,681,45,0.9968697143880799,-0.039186932281536656
126,1573268400,26,119,93,145,45,0.4321954880143057,-1.1364210361645648
126,1573282800,109,48,-61,157,45,-0.09804738309277496,-1.111856093540318
126,1573297200,386,211,-175,597,45,-0.49056483313308147,-0.21114153065126495
126,1573311600,437,347,-90,784,45,-0.19789831336618624,0.17166215857658257
126,1573326000,413,502,89,915,45,0.41842294590762824,0.4398294488912779
126,1573340400,249,384,135,633,45,0.5768071801344186,-0.13744670277852425
126,1573354800,45,119,74,164,45,0.36677591300758794,-1.0975265436761739
126,1573369200,77,45,-32,122,45,0.0018035471806363346,-1.183503842861038
126,1573383600,334,155,-179,489,45,-0.5043373752397589,-0.43222601426948704
126,1573398000,394,278,-116,672,45,-0.2874198370595895,-0.057610639249721825
126,1573412400,300,384,84,684,45,0.4012072682742815,-0.03304569662547493
126,1573426800,151,260,109,411,45,0.48728565644101535,-0.5918981413270918
126,1573441200,17,90,73,107,45,0.3633327774809186,-1.2142100211413467
126,1573455600,281,69,-212,350,45,-0.6179608476198476,-0.716769933000347
126,1573470000,849,363,-486,1212,45,-1.561379981927251,1.0478117788413885
126,1573484400,457,348,-109,805,45,-0.26331788837290404,0.21465080816901463
126,1573498800,462,815,353,1277,45,1.327410724948338,1.180871884722726
126,1573513200,147,359,212,506,45,0.841928615687959,-0.39742567888513725
126,1573527600,7,6,-1,13,46,0.11442881293902037,-1.4490717119261092
126,1573542000,325,62,-263,387,46,-0.800669048675064,-0.6588336043391309
126,1573556400,1054,402,-652,1456,46,-2.1593448813768914,1.5998951042450393
126,1573570800,449,385,-64,834,46,-0.10561380263993887,0.28564883975546607
126,1573585200,481,882,401,1363,46,1.5185102647285698,1.4033920454065663
126,1573599600,141,365,224,506,46,0.9002952971495891,-0.4073942064705469
126,1573614000,2,0,-2,2,46,0.11093607300919561,-1.472314009208079
126,1573628400,297,66,-231,363,46,-0.688901370920672,-0.7095440711361563
126,1573642800,1046,398,-648,1444,46,-2.1453739216575927,1.5745398708465268
126,1573657200,469,384,-85,853,46,-0.17896134116625861,0.32579462596977776
126,1573671600,487,876,389,1363,46,1.4765973855706729,1.4033920454065663
126,1573686000,145,351,206,496,46,0.8374259784127436,-0.42852356763597416
126,1573700400,1,1,0,2,46,0.11792155286884512,-1.472314009208079
126,1573714800,303,68,-235,371,46,-0.7028723306399711,-0.6926405822038144
126,1573729200,1029,401,-628,1430,46,-2.0755191230610976,1.5449587652149286
126,1573743600,455,340,-115,795,46,-0.28374353906100114,0.2032443312102999
126,1573758000,488,893,405,1381,46,1.5324812244478687,1.4414248955043352
126,1573772400,144,510,366,654,46,1.3962643671847035,-0.09467966122222399
126,1573786800,5,4,-1,9,46,0.11442881293902037,-1.4575234563922799
126,1573801200,289,85,-204,374,46,-0.5945973928154038,-0.6863017738541862
126,1573815600,1003,431,-572,1434,46,-1.8799256869909116,1.5534105096810995
126,1573830000,478,378,-100,856,46,-0.23135244011362988,0.33213343431940595
126,1573844400,557,864,307,1421,46,1.1901927113250432,1.5259423401660441
126,1573858800,224,490,266,714,46,1.0469903742022286,0.03209650577033936
126,1573873200,24,111,87,135,46,0.42178992676359833,-1.1912935057078968
126,1573887600,105,58,-47,163,46,-0.046237223832918124,-1.1321312944447006
126,1573902000,377,242,-135,619,46,-0.3535983376574961,-0.16863242530121927
126,1573916400,464,390,-74,854,46,-0.14054120193818637,0.3279075620863205
126,1573930800,399,540,141,939,46,0.6103978829741349,0.5075071319924519
126,1573945200,191,350,159,541,46,0.6732672017109803,-0.3334414423915516
126,1573959600,76,135,59,211,46,0.32399320872850534,-1.03071036085065
126,1573974000,62,48,-14,110,46,0.06902319385129861,-1.244116908621465
126,1573988400,321,177,-144,498,46,-0.38503299702591887,-0.4242976954028887
126,1574002800,454,410,-44,864,46,-0.03575900404344388,0.34903692325174773
126,1574017200,329,467,138,796,46,0.5999196631846606,0.2053572673268426
126,1574031600,301,258,-43,559,46,-0.032266264113619124,-0.29540859229378263
126,1574046000,21,80,59,101,46,0.32399320872850534,-1.2631333336703494
126,1574060400,292,71,-221,363,46,-0.6539739716224245,-0.7095440711361563
126,1574074800,1008,374,-634,1382,46,-2.096475562640046,1.443537831620878
126,1574089200,452,357,-95,809,46,-0.21388874046450612,0.232825436841898
126,1574103600,484,889,405,1373,46,1.5324812244478687,1.4245214065719936
126,1574118000,145,367,222,512,46,0.8933098172899395,-0.3947165897712906
126,1574132400,1,1,0,2,47,0.20617175165500706,-1.3109657514382043
126,1574146800,294,61,-233,355,47,-0.4840768838892622,-0.6687593007254068
126,1574161200,724,73,-651,797,47,-1.7223770111746894,0.1353632239631386
126,1574175600,1531,752,-779,2283,47,-2.101569394649653,2.8388158748391077
126,1574190000,560,919,359,1479,47,1.2696878896824433,1.3761133638671836
126,1574204400,147,449,302,596,47,1.1008287814162487,-0.23031240377984244
126,1574218800,3,2,-1,5,47,0.20320931115910892,-1.3055079062480106
126,1574233200,367,52,-315,419,47,-0.7269970045529106,-0.5523252700012735
126,1574247600,1369,386,-983,1755,47,-2.7059072558128756,1.8782351213650084
126,1574262000,589,333,-256,922,47,-0.5522130152949196,0.3627734402212114
126,1574276400,567,943,376,1510,47,1.3200493781127118,1.4325110974991857
126,1574290800,158,350,192,508,47,0.7749603268674521,-0.3904091960255257
126,1574305200,3,1,-2,4,47,0.20024687066321079,-1.3073271879780752
126,1574319600,315,45,-270,360,47,-0.5936871822374938,-0.6596628920750839
126,1574334000,1081,392,-689,1473,47,-1.8349497500188192,1.3651976734867963
126,1574348400,481,354,-127,835,47,-0.17005819132405814,0.20449592970559272
126,1574362800,588,962,374,1550,47,1.3141244971209156,1.505282366701769
126,1574377200,158,440,282,598,47,1.0415799714982856,-0.22667384031971327
126,1574391600,3,1,-2,4,47,0.20024687066321079,-1.3073271879780752
126,1574406000,291,61,-230,352,47,-0.47518956240156773,-0.6742171459156006
126,1574420400,981,360,-621,1341,47,-1.633503796297745,1.1250524851182713
126,1574434800,416,377,-39,793,47,0.09063657231497918,0.12808609704288026
126,1574449200,526,913,387,1439,47,1.3526362235675915,1.3033420946646004
126,1574463600,198,486,288,684,47,1.0593546144736745,-0.0702156115341592
126,1574478000,122,113,-9,235,47,0.1795097871919237,-0.8870731083331567
126,1574492400,108,49,-59,157,47,0.03138776239701615,-1.0289770832781941
126,1574506800,411,185,-226,596,47,-0.4633398004179751,-0.23031240377984244
126,1574521200,424,350,-74,774,47,-0.013048845041456123,0.09351974417165321
126,1574535600,377,465,88,842,47,0.4668665152940444,0.21723090181604482
126,1574550000,185,349,164,534,47,0.6920119929823039,-0.34310787104384655
126,1574564400,41,109,68,150,47,0.4076177053760814,-1.041712055388646
126,1574578800,59,39,-20,98,47,0.14692294173704404,-1.1363147053520044
126,1574593200,284,149,-135,433,47,-0.19375771529124336,-0.5268553257803693
126,1574607600,323,238,-85,561,47,-0.045635690496335785,-0.2939872643321028
126,1574622000,285,387,102,672,47,0.5083406822366185,-0.09204699229493418
126,1574636400,138,241,103,379,47,0.5113031227325167,-0.6250965392038568
126,1574650800,22,76,54,98,47,0.3661435384335073,-1.1363147053520044
126,1574665200,325,76,-249,401,47,-0.5314759318236326,-0.585072341142436
126,1574679600,1061,421,-640,1482,47,-1.6897901657198098,1.3815712090573775
126,1574694000,449,334,-115,783,47,-0.13450890537328034,0.10989327974223445
126,1574708400,501,926,425,1427,47,1.4652089624117213,1.2815107139038255
126,1574722800,170,493,323,663,47,1.16304003183011,-0.10842052786551543
126,1574737200,22,108,86,130,48,0.4279039610994744,-1.2021449954310206
126,1574751600,295,67,-228,362,48,-0.9388185961734412,-0.601657947936282
126,1574766000,1014,411,-603,1425,48,-2.5710509496044707,2.149711584334869
126,1574780400,457,347,-110,804,48,-0.42520948229381045,0.5423734097907629
126,1574794800,531,880,349,1411,48,1.5726429183057697,2.1134752969860484
126,1574809200,202,521,319,723,48,1.4420643300312874,0.33272060441544465
126,1574823600,28,117,89,145,48,0.4409618199269226,-1.1633204018429986
126,1574838000,286,70,-216,356,48,-0.8865871608636482,-0.6171877853714908
126,1574852400,892,352,-540,1244,48,-2.2968359142280574,1.6812281550394048
126,1574866800,462,475,13,937,48,0.11016272963156727,0.8866181396045569
126,1574881200,469,868,399,1337,48,1.7902738987632403,1.9219406352851405
126,1574895600,190,458,268,648,48,1.2200807299646674,0.13859763647533524
126,1574910000,30,89,59,119,48,0.31038323165244025,-1.2306163640622365
126,1574924400,89,46,-43,135,48,-0.13358396848079981,-1.189203464235013
126,1574938800,313,190,-123,503,48,-0.4817935372127528,-0.23670676820887632
126,1574953200,271,434,163,705,48,0.7630556710039791,0.2861310921098184
126,1574967600,246,380,134,626,48,0.6368297023386461,0.08165489921290314
126,1574982000,203,215,12,418,48,0.10581011002241786,-0.45671279854100033
126,1574996400,49,99,50,148,48,0.27120965517009554,-1.1555554831253942
126,1575010800,151,51,-100,202,48,-0.38168328620231634,-1.0157869462085154
126,1575025200,489,248,-241,737,48,-0.9954026510923836,0.3689568917642651
126,1575039600,522,331,-191,853,48,-0.7777716706349129,0.6692004155116343
126,1575054000,429,614,185,1043,48,0.8588133024052661,1.1609786009599115
126,1575068400,190,360,170,550,48,0.7935240082680249,-0.11505637496640773
126,1575082800,29,116,87,145,48,0.43225658070862377,-1.1633204018429986
126,1575097200,96,43,-53,139,48,-0.17711016457229395,-1.1788502392782074
126,1575111600,347,179,-168,526,48,-0.6776614196244765,-0.17717572470724274
126,1575126000,446,286,-160,732,48,-0.6428404627512811,0.3560153605682578
126,1575140400,396,409,13,805,48,0.11016272963156727,0.5449617160299643
126,1575154800,200,350,150,550,48,0.7064716160850367,-0.11505637496640773
126,1575169200,153,124,-29,277,48,-0.07264729395270805,-0.8216639782684061
126,1575183600,73,40,-33,113,48,-0.0900577723893057,-1.2461462014974454
126,1575198000,311,137,-174,448,48,-0.7037771372793729,-0.37906361136495653
126,1575212400,331,241,-90,572,48,-0.3381570901108222,-0.058113637703975644
126,1575226800,228,306,78,534,48,0.39308300422627906,-0.1564692747936311
126,1575241200,120,202,82,322,48,0.4104934826628767,-0.7051901975043404
126,1575255600,17,63,46,80,48,0.2537991767334979,-1.3315603073910935
126,1575270000,301,68,-233,369,48,-0.9605816942191883,-0.5835398042618718
126,1575284400,924,354,-570,1278,48,-2.4274145025025398,1.7692305671722544
126,1575298800,406,369,-37,775,48,-0.10746825082590335,0.46731252885392055
126,1575313200,413,787,374,1200,48,1.681458408534505,1.5673426805145405
126,1575327600,121,420,299,541,48,1.3550119378482992,-0.13835113111922087
126,1575342000,15,55,40,70,49,0.23712983259527987,-1.3916514293604196
126,1575356400,302,77,-225,379,49,-0.6449741235495947,-0.6950205472251297
126,1575370800,1077,384,-693,1461,49,-2.2028029970431846,1.7443147746854968
126,1575385200,429,400,-29,829,49,0.0074499345801992975,0.31949044617577776
126,1575399600,519,869,350,1388,49,1.2690250265760765,1.5797385468671272
126,1575414000,176,591,415,767,49,1.4853901478946308,0.17971337597387493
126,1575428400,22,71,49,93,49,0.26708808016246427,-1.3397986452532622
126,1575442800,293,80,-213,373,49,-0.6050297934600155,-0.7085473604704752
126,1575457200,1041,351,-690,1392,49,-2.19281691452079,1.5887564223640243
126,1575471600,443,372,-71,815,49,-0.13235522073332798,0.28792788193663843
126,1575486000,461,861,400,1322,49,1.4354597352826566,1.4309436011683276
126,1575500400,165,551,386,716,49,1.3888580168448144,0.06473546338843875
126,1575514800,21,90,69,111,49,0.3336619636450963,-1.2992182055172259
126,1575529200,310,73,-237,383,49,-0.6849184536391739,-0.6860026717282328
126,1575543600,1051,393,-658,1444,49,-2.0862987009485785,1.7059888038236848
126,1575558000,429,387,-42,816,49,-0.035823089683511534,0.29018235081086263
126,1575572400,505,857,352,1362,49,1.2756824149243398,1.521122356137297
126,1575586800,175,532,357,707,49,1.2923258857949977,0.0444452435204206
126,1575601200,21,76,55,97,49,0.28706024520725393,-1.3307807697563652
126,1575615600,313,63,-250,376,49,-0.7281914779028847,-0.7017839538478025
126,1575630000,958,347,-611,1305,49,-1.9298500747643934,1.3926176303065154
126,1575644400,439,314,-125,753,49,-0.3121047061364345,0.1481508117347356
126,1575658800,515,760,245,1275,49,0.9195121382922583,1.3249835640797882
126,1575673200,224,436,212,660,49,0.8096652305459154,-0.06151479356811863
126,1575687600,37,172,135,209,49,0.5533557791377821,-1.0782802558432505
126,1575702000,121,54,-67,175,49,-0.11904044403680157,-1.1549321975668745
126,1575716400,435,211,-224,646,49,-0.6416454293754631,-0.09307735780725797
126,1575730800,447,339,-108,786,49,-0.2555169051761973,0.22254828458413548
126,1575745200,379,475,96,854,49,0.4235367063466496,0.3758521680313837
126,1575759600,183,305,122,488,49,0.5100827548740713,-0.4492834399346877
126,1575774000,45,127,82,172,49,0.37693498790880714,-1.1616956041895472
126,1575788400,57,43,-14,100,49,0.05738034719217333,-1.3240173631336924
126,1575802800,314,151,-163,465,49,-0.4385950847534354,-0.5011362240418452
126,1575817200,401,232,-169,633,49,-0.458567249798225,-0.12238545317217309
126,1575831600,301,357,56,658,49,0.2903889393813855,-0.06602373131656711
126,1575846000,152,278,126,430,49,0.5233975315705977,-0.5800426346396936
126,1575860400,25,73,48,98,49,0.2637593859883327,-1.3285263008821409
126,1575874800,273,63,-210,336,49,-0.5950437109376207,-0.791962708816772
126,1575889200,999,375,-624,1374,49,-1.9731230990281043,1.548175982627988
126,1575903600,445,326,-119,771,49,-0.2921325410916449,0.18873125147077188
126,1575918000,440,852,412,1292,49,1.475404065372236,1.3633095349416005
126,1575932400,131,354,223,485,49,0.8462808664613631,-0.45604684655736044
126,1575946800,23,31,8,54,50,0.08812561938654913,-1.4895102867504222
126,1575961200,287,76,-211,363,50,-0.6494352970078812,-0.7854176077685617
126,1575975600,1054,400,-654,1454,50,-2.141396420125382,1.7005536309667453
126,1575990000,457,345,-112,802,50,-0.3160173485008099,0.21489529214417868
126,1576004400,475,885,410,1360,50,1.4420045618092021,1.4863636250628782
126,1576018800,183,506,323,689,50,1.1490009100908667,-0.042588438357278414
126,1576033200,24,109,85,133,50,0.3474506904476045,-1.3094995371078106
126,1576047600,269,84,-185,353,50,-0.5618709872989534,-0.8082037786093986
126,1576062000,987,356,-631,1343,50,-2.063935684613638,1.4476271346334555
126,1576076400,538,386,-152,924,50,-0.4507316711299296,0.492886576402389
126,1576090800,485,834,349,1319,50,1.2365652197997945,1.392940324615447
126,1576105200,178,525,347,703,50,1.2298295036683384,-0.010687799180106738
126,1576119600,25,126,101,151,50,0.4013364194992524,-1.2684844295943043
126,1576134000,297,78,-219,375,50,-0.6763781615337051,-0.7580742027595574
126,1576148400,1003,395,-608,1398,50,-1.986474949101894,1.5729510742580586
126,1576162800,454,338,-116,792,50,-0.3294887807637219,0.19210912130334176
126,1576177200,519,819,300,1338,50,1.0715401745791229,1.436234049213037
126,1576191600,186,584,398,770,50,1.4015902650204661,0.14197954545350056
126,1576206000,25,144,119,169,50,0.4619578646823562,-1.2274693220807977
126,1576220400,299,83,-216,382,50,-0.6662745873365211,-0.7421238831709716
126,1576234800,940,357,-583,1297,50,-1.9022784974586944,1.3428107487656058
126,1576249200,448,386,-62,834,50,-0.14762444521441032,0.2878110388348568
126,1576263600,504,870,366,1374,50,1.2938188069171703,1.51826426424005
126,1576278000,211,540,329,751,50,1.1692080584852347,0.09868582085591043
126,1576292400,42,154,112,196,50,0.43838285822226025,-1.165946660810538
126,1576306800,96,44,-52,140,50,-0.11394586455713038,-1.2935492175192247
126,1576321200,445,204,-241,649,50,-0.7504710389797209,-0.13373312172062604
126,1576335600,505,329,-176,834,50,-0.5315602647074015,0.2878110388348568
126,1576350000,363,445,82,808,50,0.3373471162504206,0.22856699464868083
126,1576364400,179,373,194,552,50,0.7145472196119557,-0.35475897887674407
126,1576378800,45,138,93,183,50,0.37439355497342847,-1.195568682903626
126,1576393200,58,36,-22,94,50,-0.012910122585290633,-1.3983656033870746
126,1576407600,303,165,-138,468,50,-0.4035816582097377,-0.5461628139397742
126,1576422000,488,321,-167,809,50,-0.5012495421158495,0.23084561173276452
126,1576436400,347,388,41,735,50,0.19926493555557287,0.062227947510571376
126,1576450800,149,314,165,463,50,0.6168793357058439,-0.5575558993601926
126,1576465200,28,80,52,108,50,0.2363113742785808,-1.366464964209903
126,1576479600,305,80,-225,385,50,-0.6965853099280731,-0.7352880319187205
126,1576494000,993,394,-599,1387,50,-1.9561642265103423,1.547886286333138
126,1576508400,385,379,-6,764,50,0.04097560646635724,0.1283078429489984
126,1576522800,490,860,370,1350,50,1.3072902391800822,1.4635774542220414
126,1576537200,151,519,368,670,50,1.3005545230486264,-0.08588216295486854
126,1576551600,18,97,79,115,51,0.310500994454621,-1.403331367511971
126,1576566000,279,61,-218,340,51,-0.7904624520567327,-0.851321651270374
126,1576580400,979,369,-610,1348,51,-2.2435859235464655,1.6216818774919803
126,1576594800,420,356,-64,776,51,-0.2195925168286234,0.21835050998000946
126,1576609200,446,918,472,1364,51,1.7673314135757052,1.6609359017580494
126,1576623600,167,471,304,638,51,1.144564211508677,-0.12021544931483667
126,1576638000,23,122,99,145,51,0.38463994708164817,-1.3297300720130913
126,1576652400,293,76,-217,369,51,-0.7867555044253813,-0.7801737322881237
126,1576666800,947,382,-565,1329,51,-2.0767732801356544,1.5750677236760233
126,1576681200,514,394,-120,908,51,-0.4271815841842995,0.5421962101750797
126,1576695600,435,870,435,1305,51,1.630174351215705,1.5161866872769196
126,1576710000,181,514,333,695,51,1.2520656928178664,0.01962701213303456
126,1576724400,27,130,103,157,51,0.3994677376070536,-1.3002895538135395
126,1576738800,298,66,-232,364,51,-0.8423597188956518,-0.7924406148712703
126,1576753200,917,398,-519,1315,51,-1.9062536890934918,1.5407204524432128
126,1576767600,466,371,-95,837,51,-0.33450789340051557,0.36800647749439797
126,1576782000,474,789,315,1263,51,1.1853406354535418,1.4131448735784882
126,1576796400,198,507,309,705,51,1.1630989496654336,0.044160777299327755
126,1576810800,27,137,110,164,51,0.42541637102651314,-1.283115918197134
126,1576825200,277,60,-217,337,51,-0.7867555044253813,-0.8586817808202619
126,1576839600,931,378,-553,1309,51,-2.032289908559438,1.5260001933434368
126,1576854000,464,423,-41,887,51,-0.13433272130754212,0.49067530332586395
126,1576868400,450,703,253,1153,51,0.9555098823097575,1.143273456749263
126,1576882800,182,454,272,636,51,1.0259418873054333,-0.12512220234809532
126,1576897200,35,164,129,199,51,0.49584837602218895,-1.197247740115108
126,1576911600,107,60,-47,167,51,-0.1565744070956503,-1.2757557886472461
126,1576926000,366,179,-187,545,51,-0.6755470754848406,-0.3483794653613634
126,1576940400,440,335,-105,775,51,-0.37157736971402916,0.21589713346338013
126,1576954800,392,504,112,896,51,0.43283026628921584,0.5127556919755278
126,1576969200,237,417,180,654,51,0.6849027052211083,-0.08096142504876755
126,1576983600,75,157,82,232,51,0.32162183734867505,-1.1162863150663405
126,1576998000,60,51,-9,111,51,-0.01571039710429862,-1.4131448735784882
126,1577012400,298,158,-140,456,51,-0.5013205368113267,-0.5667299753413728
126,1577026800,421,267,-154,688,51,-0.5532178036502458,0.00245337651662932
126,1577041200,325,489,164,814,51,0.6255915431194865,0.31157881761192363
126,1577055600,155,314,159,469,51,0.6070568049627297,-0.5348360806251917
126,1577070000,25,97,72,122,51,0.28455236103516146,-1.3861577318955656
126,1577084400,272,79,-193,351,51,-0.6977887612729488,-0.8243345095874515
126,1577098800,750,366,-384,1116,51,-1.4058157588610585,1.052498525633978
126,1577113200,467,374,-93,841,51,-0.3270939981378128,0.37781998356091523
126,1577127600,486,778,292,1264,51,1.1000808399324606,1.4155982500951174
126,1577142000,203,492,289,695,51,1.0889599970384065,0.01962701213303456
126,1577156400,29,121,92,150,52,0.4259673000893002,-1.168155417315492
126,1577170800,216,53,-163,269,52,-0.7792661148651693,-0.8428895625964664
126,1577185200,657,280,-377,937,52,-1.7907169023171554,0.9829725462464669
126,1577199600,471,495,24,966,52,0.10457172276810837,1.0622390150435403
126,1577214000,318,655,337,973,52,1.5839366595553592,1.0813723006152478
126,1577228400,154,327,173,481,52,0.8088061495454258,-0.26342434242475704
126,1577242800,44,76,32,120,52,0.14238296715883683,-1.2501552126228093
126,1577257200,46,25,-21,71,52,-0.10811652692973918,-1.384088211624761
126,1577271600,161,97,-64,258,52,-0.31135196552990463,-0.8729561542091495
126,1577286000,260,216,-44,476,52,-0.21682385455308348,-0.2770909749759766
126,1577300400,231,283,52,514,52,0.23691107813565798,-0.17322456758670793
126,1577314800,142,243,101,385,52,0.46850495002886977,-0.5258236874081726
126,1577329200,24,74,50,98,52,0.22745826703797586,-1.3102883958481755
126,1577343600,231,70,-161,301,52,-0.7698133037674871,-0.7554231142686613
126,1577358000,717,296,-421,1013,52,-1.998678746466162,1.1907053610250042
126,1577372400,497,350,-147,847,52,-0.7036436260837123,0.7369731603245149
126,1577386800,450,685,235,1135,52,1.1018432935735714,1.5241711952747616
126,1577401200,181,444,263,625,52,1.234182648941121,0.1301746750503663
126,1577415600,25,139,114,164,52,0.5299482221638034,-1.1298888461720773
126,1577430000,235,64,-171,299,52,-0.8170773592558976,-0.760889767289149
126,1577444400,670,315,-355,985,52,-1.686735980242652,1.1141722187381746
126,1577458800,480,351,-129,831,52,-0.6185683262045732,0.6932399361606122
126,1577473200,475,809,334,1284,52,1.569757442908836,1.9314368453011046
126,1577487600,192,483,291,675,52,1.3665220043086705,0.26684100056256194
