remote_unit_id,time_stamp,entries,exits,num_people_exited,sum_exit_entry,week_num,z_score_num_people_exited,z_score_sum_exit_entry
194,1546311600,264,69,-195,333,1,-0.24463373027516572,-0.5500860584483875
194,1546326000,63,41,-22,104,1,0.8235806231980037,-1.199733370599246
194,1546340400,75,104,29,179,1,1.1384877447421173,-0.9869667836502749
194,1546354800,205,135,-70,340,1,0.5271974499800145,-0.5302278436664836
194,1546369200,375,173,-202,548,1,-0.2878562763694558,0.05984482413866292
194,1546383600,223,80,-143,303,1,0.07644804071098928,-0.635192693227976
194,1546398000,75,26,-49,101,1,0.6568650882628848,-1.2082440340772047
194,1546412400,40,67,27,107,1,1.1261384458580344,-1.191222707121287
194,1546426800,477,425,-52,902,1,0.6383411399367606,1.0641031145378064
194,1546441200,391,220,-171,611,1,-0.0964421436661711,0.23856875717579865
194,1546455600,828,312,-516,1140,1,-2.2266962011704683,1.7392824171225414
194,1546470000,467,138,-329,605,1,-1.072036755508719,0.22154743021988094
194,1546484400,106,46,-60,152,1,0.588943944400429,-1.0635627549519044
194,1546498800,44,75,31,119,1,1.1508370436262,-1.1571800532094518
194,1546513200,581,433,-148,1014,1,0.045574793500782064,1.38183455104827
194,1546527600,402,238,-164,640,1,-0.05321959757188101,0.3208385041294008
194,1546542000,847,360,-487,1207,1,-2.0476313673512667,1.9293539014636223
194,1546556400,565,153,-412,718,1,-1.5845326591981586,0.5421157545563308
194,1546570800,121,53,-68,174,1,0.5395467488640975,-1.0011512227802062
194,1546585200,49,67,18,116,1,1.0705666008796615,-1.1656907166874106
194,1546599600,597,443,-154,1040,1,0.008526896848533411,1.4555936345239133
194,1546614000,410,281,-129,691,1,0.16289313289956947,0.4655197832547011
194,1546628400,861,355,-506,1216,1,-2.164949706750054,1.9548858918974987
194,1546642800,543,199,-344,742,1,-1.1646564971393405,0.6102010623800015
194,1546657200,218,84,-134,302,1,0.13201988568936227,-0.6380295810539622
194,1546671600,43,58,15,101,1,1.0520426525535371,-1.2082440340772047
194,1546686000,137,302,165,439,1,1.9782400688597537,-0.24937594889384174
194,1546700400,382,251,-131,633,1,0.15054383401548657,0.3009802893474968
194,1546714800,567,299,-268,866,1,-0.695383139544191,0.9619751528023004
194,1546729200,374,180,-194,554,1,-0.23845908083312428,0.0768661510945806
194,1546743600,258,65,-193,323,1,-0.23228443139108282,-0.5784549367082503
194,1546758000,52,50,-2,102,1,0.9470736120388326,-1.2054071462512186
194,1546772400,107,177,70,284,1,1.3916483718658164,-0.6890935619217153
194,1546786800,300,240,-60,540,1,0.588943944400429,0.037149721530772666
194,1546801200,522,243,-279,765,1,-0.7633042834066468,0.675449482377686
194,1546815600,282,108,-174,390,1,-0.11496609199229543,-0.38838345236716953
194,1546830000,103,47,-56,150,1,0.6136425421685947,-1.069236530603877
194,1546844400,50,63,13,113,1,1.0396933536694541,-1.1742013801653695
194,1546858800,662,439,-223,1101,1,-0.4175239146523261,1.6286437919090764
194,1546873200,381,205,-176,586,1,-0.1273153908763783,0.1676465615261416
194,1546887600,783,346,-437,1129,1,-1.7388988952491946,1.7080766510366923
194,1546902000,498,152,-346,650,1,-1.1770057960234235,0.3492073823892636
194,1546916400,117,28,-89,145,2,0.6727578798769887,-1.1341166827093796
194,1546930800,49,63,14,112,2,1.3295736298990724,-1.2190329877299186
194,1546945200,669,494,-175,1163,2,0.12434861286825857,1.4854226661060403
194,1546959600,403,206,-197,609,2,-0.015942129854904945,0.05985803030668611
194,1546974000,831,344,-487,1175,2,-1.8652291930238785,1.5163013224771456
194,1546988400,491,181,-310,672,2,-0.7365263992966085,0.22197097625498813
194,1547002800,115,33,-82,148,2,0.7173958434707225,-1.1263970186166032
194,1547017200,50,82,32,132,2,1.444356964854388,-1.1675685604447434
194,1547031600,671,463,-208,1134,2,-0.0860875012164867,1.4107992465425363
194,1547046000,448,238,-210,686,2,-0.09884120510041065,0.2579960753546108
194,1547060400,808,356,-452,1164,2,-1.6420393750552094,1.4879958874702992
194,1547074800,549,180,-369,729,2,-1.112760663872365,0.3686445940177376
194,1547089200,132,28,-104,160,2,0.5771051007475589,-1.095518362245498
194,1547103600,47,63,16,110,2,1.3423273337829964,-1.2241794304584364
194,1547118000,677,416,-261,1093,2,-0.4240606541404715,1.305297170607927
194,1547132400,416,265,-151,681,2,0.27739305947534604,0.24512996853331698
194,1547146800,802,357,-445,1159,2,-1.5974014114614754,1.4751297806490054
194,1547161200,572,210,-362,782,2,-1.0681227002786313,0.505025326323452
194,1547175600,143,47,-96,190,2,0.6281199162832548,-1.0183217213177354
194,1547190000,56,65,9,121,2,1.2976893701892624,-1.1958739954515898
194,1547204400,655,404,-251,1059,2,-0.36029213472085175,1.2178076442231291
194,1547218800,422,269,-153,691,2,0.2646393555914221,0.27086218217590463
194,1547233200,883,396,-487,1279,2,-1.8652291930238785,1.7839163443600567
194,1547247600,587,184,-403,771,2,-1.3295736298990724,0.4767198913166056
194,1547262000,254,50,-204,304,2,-0.06058009344863879,-0.7249744857922363
194,1547276400,42,35,-7,77,2,1.195659739117871,-1.3090957354789754
194,1547290800,158,186,28,344,2,1.41884955708654,-0.6220456312218858
194,1547305200,385,249,-136,634,2,0.3730458386047757,0.12418856441315516
194,1547319600,584,299,-285,883,2,-0.5771051007475589,0.7649206841135869
194,1547334000,386,119,-267,505,2,-0.4623217657922434,-0.20775699157622515
194,1547348400,293,46,-247,339,2,-0.3347847269530038,-0.6349117380431797
194,1547362800,42,32,-10,74,2,1.1765291832919849,-1.3168153995717518
194,1547377200,105,128,23,233,2,1.3869652973767301,-0.9076732026546085
194,1547391600,331,197,-134,528,2,0.38579954248869963,-0.14857290019827363
194,1547406000,495,174,-321,669,2,-0.8066717706581902,0.21425131216221185
194,1547420400,256,77,-179,333,2,0.09884120510041065,-0.6503510662287323
194,1547434800,91,29,-62,120,2,0.8449328823099621,-1.1984472168158486
194,1547449200,61,55,-6,116,2,1.2020365910598327,-1.2087401022728836
194,1547463600,589,436,-153,1025,2,0.2646393555914221,1.1303181178383312
194,1547478000,377,236,-141,613,2,0.3411615788949658,0.07015091576372116
194,1547492400,847,337,-510,1184,2,-2.011896787689004,1.5394603147554744
194,1547506800,496,159,-337,655,2,-0.9087014017295818,0.17822621306258918
194,1547521200,94,28,-66,122,3,0.6465950675221754,-1.0880875247146717
194,1547535600,59,74,15,133,3,1.1514349285801753,-1.0586191365560664
194,1547550000,649,409,-240,1058,3,-0.4378757451209352,1.419404413144825
194,1547564400,368,245,-123,613,3,0.29133738751839783,0.22727416491034208
194,1547578800,829,363,-466,1192,3,-1.8464412833815271,1.7783829598041974
194,1547593200,567,173,-394,740,3,-1.3976947402188606,0.5675001009233294
194,1547607600,125,29,-96,154,3,0.45961734120439773,-1.002361304616911
194,1547622000,52,66,14,118,3,1.145202337702916,-1.0988033022268917
194,1547636400,645,462,-183,1107,3,-0.08261806511715758,1.5506726876695207
194,1547650800,430,279,-151,709,3,0.11682484295513863,0.48445282520362376
194,1547665200,855,374,-481,1229,3,-1.939930146540416,1.877503901792233
194,1547679600,589,167,-422,756,3,-1.5722072847821198,0.6103632109722096
194,1547694000,124,35,-89,159,3,0.5032454773452125,-0.988966582726636
194,1547708400,52,79,27,131,3,1.2262260191072862,-1.0639770253121765
194,1547722800,637,433,-204,1070,3,-0.21350247353960197,1.4515517456814853
194,1547737200,392,262,-130,654,3,0.247709251377583,0.3371108844105978
194,1547751600,897,363,-534,1260,3,-2.2702574630351564,1.9605511775119384
194,1547766000,588,151,-437,739,3,-1.6656961479410086,0.5648211565452743
194,1547780400,139,33,-106,172,3,0.39729143243180515,-0.9541403058119208
194,1547794800,56,68,12,124,3,1.1327371559483974,-1.0827296359585616
194,1547797727,84,48,-36,132,3,0.8335727938399531,-1.0612980809341215
194,1547809200,535,398,-137,933,3,0.20408111523676822,1.0845363658879477
194,1547823600,464,268,-196,732,3,-0.1636417465215279,0.5460685458988892
194,1547838000,839,391,-448,1230,3,-1.7342546475908605,1.880182846170288
194,1547852400,546,179,-367,725,3,-1.2294147865328608,0.5273159352525041
194,1547866800,211,42,-169,253,3,0.004638207164472013,-0.7371458111894643
194,1547881200,36,41,5,77,3,1.0891090198075826,-1.2086400217271474
194,1547895600,143,185,42,328,3,1.319714882266175,-0.5362249828353379
194,1547910000,405,246,-159,651,3,0.06696411593706458,0.32907405127643274
194,1547924400,594,239,-355,833,3,-1.1546236960057497,0.816641928082446
194,1547938800,351,127,-224,478,3,-0.3381542910847871,-0.1343833261270853
194,1547953200,188,34,-154,222,3,0.09812707032336086,-0.8201930869091698
194,1547967600,37,28,-9,65,3,1.001852747525953,-1.2407873542638077
194,1547982000,95,138,43,233,3,1.3259474731434344,-0.7907246987505646
194,1547996400,283,246,-37,529,3,0.8273402029626938,0.002242837153720579
194,1548010800,441,205,-236,646,3,-0.41294538161189814,0.31567932938615767
194,1548025200,258,97,-161,355,3,0.05449893418254607,-0.4638934846278525
194,1548039600,87,34,-53,121,3,0.7276187489265458,-1.0907664690927266
194,1548054000,33,40,7,73,3,1.101574201562101,-1.2193557992393675
194,1548068400,190,204,14,394,3,1.145202337702916,-0.3594146538837068
194,1548082800,326,154,-172,480,3,-0.014059565467305756,-0.1290254373709753
194,1548097200,444,197,-247,641,3,-0.48150388126175,0.30228460749588254
194,1548111600,268,72,-196,340,3,-0.1636417465215279,-0.5040776502986778
194,1548126000,75,21,-54,96,4,0.8874937352310535,-1.2743352161454506
194,1548140400,43,60,17,103,4,1.321703139408084,-1.2555074080371655
194,1548154800,590,415,-175,1005,4,0.14750306050681825,1.1705901510589822
194,1548169200,370,226,-144,596,4,0.3370874482460851,0.07050822016061804
194,1548183600,749,328,-421,1077,4,-1.3569407905854285,1.364247605887056
194,1548198000,533,145,-388,678,4,-1.1551251520242736,0.29106254371481327
194,1548212400,100,28,-72,128,4,0.7774124778340598,-1.1882652362218622
194,1548226800,52,89,37,141,4,1.4440156476269659,-1.1532993068779045
194,1548241200,659,419,-240,1078,4,-0.2500125912045478,1.3669372927596681
194,1548255600,353,243,-110,596,4,0.5450187122181843,0.07050822016061804
194,1548270000,833,351,-482,1184,4,-1.7299939406530185,1.6520441012565548
194,1548284400,584,199,-385,783,4,-1.1367782757914413,0.5734796653390877
194,1548298800,122,26,-96,148,4,0.6306374679714016,-1.1344714987696194
194,1548313200,48,56,8,104,4,1.2666625107095872,-1.2528177211645535
194,1548327600,670,423,-247,1093,4,-0.29282196908115643,1.4072825958488502
194,1548342000,394,206,-188,600,4,0.06799993016454504,0.08126696765106659
194,1548356400,766,343,-423,1109,4,-1.3691720414073167,1.4503175858106445
194,1548370800,637,158,-479,795,4,-1.7116470644201862,0.6057559078104333
194,1548385200,136,31,-105,167,4,0.5755968392729047,-1.0833674481899889
194,1548399600,52,60,8,112,4,1.2666625107095872,-1.2313002261836563
194,1548414000,635,314,-321,949,4,-0.7453782494910193,1.0199676861927025
194,1548428400,453,251,-202,704,4,-0.017618825588672258,0.36099440240272884
194,1548442800,820,370,-450,1190,4,-1.5342939275028074,1.6681822224922276
194,1548457200,563,137,-426,700,4,-1.387518917640149,0.3502356549122803
194,1548471600,222,61,-161,283,4,0.23312181626003556,-0.7713637709669809
194,1548486000,39,42,3,81,4,1.2360843836548667,-1.3146805192346327
194,1548500400,162,182,20,344,4,1.3400500156409163,-0.6072928717376406
194,1548514800,407,253,-154,660,4,0.2759311941366442,0.24264818000779484
194,1548529200,646,229,-417,875,4,-1.3324782889416522,0.8209308576194043
194,1548543600,428,136,-292,564,4,-0.5680251125736406,-0.015561759762970353
194,1548558000,240,52,-188,292,4,0.06799993016454504,-0.7471565891134717
194,1548572400,41,37,-4,78,4,1.1932750057782582,-1.322749579852469
194,1548586800,110,134,24,244,4,1.3645125172846928,-0.8762615589988543
194,1548601200,318,207,-111,525,4,0.5389030868072402,-0.1204595477948437
194,1548615600,556,176,-380,732,4,-1.1062001487367208,0.4363056348358687
194,1548630000,327,95,-232,422,4,-0.20108758791699505,-0.39749729567389386
194,1548644400,92,35,-57,127,4,0.8691468589982212,-1.1909549230944743
194,1548658800,48,58,10,106,4,1.2788937615314755,-1.2474383474193291
194,1548673200,630,440,-190,1070,4,0.055768679342656856,1.3454197977787712
194,1548687600,391,232,-159,623,4,0.24535306708192373,0.14312976572114575
194,1548702000,753,339,-414,1092,4,-1.31413141270882,1.4045929089762381
194,1548716400,500,177,-323,677,4,-0.7576095003129075,0.28837285684220115
194,1548730800,96,22,-74,118,5,0.8029500299751002,-1.243149591094766
194,1548745200,58,52,-6,110,5,1.2914939766322981,-1.2642817504900834
194,1548759600,672,499,-173,1171,5,0.09168751940065055,1.5383708893138714
194,1548774000,430,224,-206,654,5,-0.14539998412416602,0.17270508839149193
194,1548788400,783,356,-427,1139,5,-1.7331678107600588,1.4538422517326022
194,1548802800,509,175,-334,684,5,-1.065012119008303,0.25195068612393173
194,1548817200,106,20,-86,126,5,0.7167363923297124,-1.2220174316994488
194,1548831600,58,71,13,129,5,1.4279989029041622,-1.2140928719262047
194,1548846000,702,444,-258,1146,5,-0.5189924139208467,1.4723328912035047
194,1548860400,377,268,-109,645,5,0.5514935868427191,0.14893140907175997
194,1548862337,76,39,-37,115,5,1.0687754127150462,-1.25107415086801
194,1548874800,744,369,-375,1113,5,-1.3595753809633782,1.385162733697821
194,1548889200,533,165,-368,698,5,-1.309284092336902,0.288931965065737
194,1548903600,207,31,-176,238,5,0.07013410998930358,-0.9261672001650068
194,1548918000,50,67,17,117,5,1.4567367821192914,-1.2457911110191806
194,1548932400,646,450,-196,1096,5,-0.07355528608634282,1.3402568949827718
194,1548946800,389,220,-169,609,5,0.12042539861577983,0.053836691792832195
194,1548961200,727,369,-358,1096,5,-1.2374393942990787,1.3402568949827718
194,1548975600,503,186,-317,689,5,-0.9428761323440036,0.26515828574600503
194,1548990000,133,24,-109,157,5,0.5514935868427191,-1.1401303140425942
194,1549004400,51,62,11,113,5,1.4136299632965974,-1.2563571907168394
194,1549018800,632,452,-180,1084,5,0.0413962307741743,1.308558655889796
194,1549033200,469,265,-204,734,5,-0.13103104451660139,0.38402668234466475
194,1549047600,838,389,-449,1227,5,-1.8912261464432698,1.6862960050810922
194,1549062000,518,157,-361,675,5,-1.2589928037104257,0.22817700680419978
194,1549090800,224,75,-149,299,5,0.26411479469142624,-0.7650344847757126
194,1549105200,154,209,55,363,5,1.7297466346630197,-0.5959772096131742
194,1549119600,454,271,-183,725,5,0.01984282136282734,0.3602530030249328
194,1549134000,666,336,-330,1002,5,-1.0362742397931737,1.0919540220877937
194,1549148400,435,199,-236,634,5,-0.3609340782376356,0.1198746899031987
194,1549162800,277,49,-228,326,5,-0.3034583198073771,-0.6937134468165167
194,1549177200,56,24,-32,80,5,1.1046977617339577,-1.3435273482225232
194,1549191600,125,121,-4,246,5,1.3058629162398627,-0.9050350407696895
194,1549206000,393,237,-156,630,5,0.21382350606495,0.10930861020554007
194,1549220400,536,240,-296,776,5,-0.7920022664645748,0.4949705191700805
194,1549234800,309,77,-232,386,5,-0.33219619902250636,-0.535222251351637
194,1549249200,95,43,-52,138,5,0.9610083656583113,-1.190319192606473
194,1549263600,55,55,0,110,5,1.3346007954549919,-1.2642817504900834
194,1549278000,533,403,-130,936,5,0.40061972096329035,0.9176137070764262
194,1549292400,339,223,-116,562,5,0.5012022982162428,-0.07031474465465684
194,1549306800,771,348,-423,1119,5,-1.7044299315449296,1.401011853244309
194,1549321200,533,174,-359,707,5,-1.244623864102861,0.31270564438546894
194,1549335600,108,33,-75,141,6,0.7896182001716701,-1.2065661552280098
194,1549350000,50,66,16,116,6,1.3774205754391284,-1.2693252290689065
194,1549364400,652,426,-226,1078,6,-0.18574618076663982,1.145643932328798
194,1549378800,405,259,-146,664,6,0.331003160127829,0.10635366952354884
194,1549393200,839,385,-454,1224,6,-1.658481802315876,1.5121569235596346
194,1549407600,578,154,-424,732,6,-1.4647007994804502,0.2770583503707878
194,1549422000,120,32,-88,152,6,0.705646432276319,-1.1789521627380153
194,1549436400,53,77,24,130,6,1.4290955095285753,-1.2341801477180043
194,1549450800,517,488,-29,1005,6,1.0867490711859897,0.9623874367133796
194,1549465200,404,279,-125,683,6,0.46664986211262705,0.1540505656426303
194,1549479600,870,454,-416,1324,6,-1.4130258653910033,1.7631932189232213
194,1549494000,450,108,-342,558,6,-0.9350327250636197,-0.15974480356185308
194,1549522800,137,80,-57,217,6,0.9058868018729256,-1.0157785707516838
194,1549537200,709,448,-261,1157,6,-0.4118240174079699,1.3439626056660314
194,1549551600,383,261,-122,644,6,0.48602796239616963,0.05614641045083149
194,1549566000,899,396,-503,1295,6,-1.9749907736137382,1.690392693267781
194,1549580400,605,215,-390,820,6,-1.2450823296003009,0.49797029029074413
194,1549594800,132,46,-86,178,6,0.7185651657986806,-1.1136827259434827
194,1549609200,52,57,5,109,6,1.3063675410661388,-1.2868977697443575
194,1549623600,699,427,-272,1126,6,-0.4828770517809594,1.2661413541033195
194,1549638000,461,283,-178,744,6,0.12430342377004147,0.3071827058144182
194,1549652400,882,428,-454,1310,6,-1.658481802315876,1.7280481375723191
194,1549666800,600,222,-378,822,6,-1.1675699284661305,0.5029910161980159
194,1549681200,239,56,-183,295,6,0.09200658996413717,-0.8199702603680862
194,1549695600,49,41,-8,90,6,1.2223957731707877,-1.334594665863439
194,1549710000,196,191,-5,387,6,1.2417738734543302,-0.5890168686335864
194,1549724400,456,283,-173,739,6,0.15660025757594578,0.2946308910462389
194,1549738800,681,322,-359,1003,6,-1.0448419600036942,0.9573667108061078
194,1549753200,461,176,-285,637,6,-0.5668488196763106,0.03857386977538042
194,1549767600,268,56,-212,324,6,-0.09531504611010778,-0.747169734712646
194,1549782000,46,27,-19,73,6,1.1513427387977984,-1.3772708360752488
194,1549796400,131,129,-2,260,6,1.261151973737873,-0.9078329637453415
194,1549810800,377,237,-140,614,6,0.36975936069491416,-0.019164478158244527
194,1549825200,573,236,-337,809,6,-0.9027358912577154,0.4703562978007496
194,1549839600,296,84,-212,380,6,-0.09531504611010778,-0.6065894093090375
194,1549854000,94,23,-71,117,6,0.8154556672163935,-1.2668148661152705
194,1549868400,50,55,5,105,6,1.3063675410661388,-1.296939221558901
194,1549882800,580,374,-206,954,6,-0.056558845543022616,0.8343589260779504
194,1549897200,373,216,-157,589,6,0.25995012575483956,-0.08192355199914121
194,1549911600,747,397,-350,1144,6,-0.9867076591530665,1.311327887268765
194,1549926000,565,173,-392,738,6,-1.2580010631226626,0.292120528092603
194,1549940400,112,42,-70,154,7,0.5672728723977088,-1.1710826985272933
194,1549954800,54,64,10,118,7,1.058899607310348,-1.2606148338447463
194,1549969200,653,408,-245,1061,7,-0.5081606102236893,1.0846297107207579
194,1549983600,370,207,-163,577,7,-0.004243206938234171,-0.11908010854722091
194,1549998000,736,327,-409,1063,7,-1.5159954167945995,1.0896037182383942
194,1550012400,554,136,-418,690,7,-1.5713034244722714,0.16195131619922867
194,1550026800,116,50,-66,166,7,0.5918542091433409,-1.1412386534214756
194,1550041200,57,66,9,123,7,1.05275427312394,-1.2481798150506556
194,1550055600,675,458,-217,1133,7,-0.3360912530042656,1.2636939813556638
194,1550070000,461,265,-196,726,7,-0.20703923508969782,0.2514834515166816
194,1550084400,804,390,-414,1194,7,-1.5467220877266394,1.41540121064357
194,1550098800,590,173,-417,763,7,-1.5651580902858635,0.34350259059295274
194,1550113200,139,57,-82,196,7,0.493528862160813,-1.0666285406569314
194,1550127600,54,64,10,118,7,1.058899607310348,-1.2606148338447463
194,1550142000,640,371,-269,1011,7,-0.655648630697481,0.960279522779851
194,1550156400,432,245,-187,677,7,-0.1517312274120259,0.1296202673345929
194,1550170800,883,449,-434,1332,7,-1.6696287714547993,1.7586077293604732
194,1550185200,613,201,-412,814,7,-1.5344314193538235,0.47033978229267775
194,1550199600,194,58,-136,252,7,0.16168081609478155,-0.9273563301631157
194,1550214000,53,87,34,140,7,1.2063876277841397,-1.2059007511507471
194,1550228400,618,607,-11,1225,7,0.9298475893957803,1.4924983271669323
194,1550242800,442,335,-107,777,7,0.33989550750061326,0.3783206432164067
194,1550257200,849,468,-381,1317,7,-1.3439260595751759,1.721302672978201
194,1550271600,566,213,-353,779,7,-1.1718567023557522,0.38329465073404295
194,1550286000,197,89,-108,286,7,0.33375017331420526,-0.842798202363299
194,1550300400,42,48,6,90,7,1.034318270564716,-1.3302509390916541
194,1550314800,108,250,142,358,7,1.8700837199162026,-0.6637339317283931
194,1550329200,413,371,-42,784,7,0.7393422296171326,0.39572966952813365
194,1550343600,700,370,-330,1070,7,-1.0305140160683683,1.107012744550121
194,1550358000,453,180,-273,633,7,-0.680229967443113,0.020192101946594813
194,1550372400,186,63,-123,249,7,0.24157016051808541,-0.9348173414395701
194,1550386800,44,37,-7,81,7,0.9544289261414122,-1.3526339729210173
194,1550401200,77,181,104,258,7,1.636561020832699,-0.9124343076102068
194,1550415600,414,321,-93,735,7,0.42593018611032507,0.27386648534604485
194,1550430000,753,422,-331,1175,7,-1.0366593502547765,1.3681481392260255
194,1550444400,494,139,-355,633,7,-1.1841473707285681,0.020192101946594813
194,1550458800,150,24,-126,174,7,0.22313415795886143,-1.1213426233509305
194,1550473200,40,22,-18,62,7,0.8868302500909243,-1.3998870443385618
194,1550487600,431,316,-115,747,7,0.29073283400934935,0.3037105304518625
194,1550502000,564,427,-137,991,7,0.15553548190837355,0.9105394476034882
194,1550516400,616,436,-180,1052,7,-0.10871388810716999,1.0622466768913945
194,1550530800,184,277,93,461,7,1.5689623447822112,-0.4075725445701249
194,1550545200,34,23,-11,57,8,1.0394837743371252,-1.3057227840031749
194,1550559600,43,49,6,92,8,1.1493693230291429,-1.2161533857102742
194,1550574000,623,378,-245,1001,8,-0.47305848412947016,1.1100918442396333
194,1550588400,399,230,-169,629,8,0.018194557081902665,0.1580970966693741
194,1550602800,740,392,-348,1132,8,-1.1388356320869886,1.445337306421633
194,1550617200,545,162,-383,707,8,-1.3650705852764367,0.35770889857926713
194,1550631600,95,26,-69,121,8,0.6645801376231827,-1.141938741410442
194,1550646000,57,62,5,119,8,1.14290546722373,-1.147056992741465
194,1550660400,541,417,-124,958,8,0.3090680683254787,1.000049440622641
194,1550674800,343,240,-103,583,8,0.4448090402391475,0.04037731605584744
194,1550689200,753,423,-330,1176,8,-1.0224862275895583,1.5579388357041368
194,1550703600,566,145,-421,711,8,-1.6106971058821231,0.3679454012413129
194,1550718000,103,26,-77,129,8,0.6128692911798803,-1.1214657360863505
194,1550732400,51,51,0,102,8,1.1105861881966659,-1.1905621290551596
194,1550739660,369,163,-206,532,8,-0.22096810771837097,-0.09013809288523647
194,1550746800,273,253,-20,526,8,0.9813090720884099,-0.10549284687830517
194,1550761200,431,274,-157,705,8,0.09576082674685626,0.35259064724824424
194,1550775600,809,400,-409,1209,8,-1.5331308362171694,1.6423899826660147
194,1550790000,601,237,-364,838,8,-1.2422573249735935,0.692954360761267
194,1550804400,147,35,-112,182,8,0.3866343379904323,-0.9858320758142437
194,1550818800,52,61,9,113,8,1.1687608904453812,-1.1624117467345336
194,1550824757,206,112,-94,318,8,0.5029837424878627,-0.6377909853046866
194,1550832392,291,265,-26,556,8,0.9425259372559331,-0.02871907691296169
194,1550833200,18,26,8,44,8,1.1622970346399684,-1.3389914176548237
194,1550847600,443,275,-168,718,8,0.024658412887315465,0.3858592808998931
194,1550862000,827,433,-394,1260,8,-1.4361729991359775,1.7729053916070985
194,1550876400,617,180,-437,797,8,-1.714118798768728,0.5880302084752975
194,1551495600,9867,7996,-1871,17863,9,-3.8917862767874967,4.109946641679444
194,1551510000,47,35,-12,82,9,0.5997275672444828,-0.354011407984049
194,1551524400,189,177,-12,366,9,0.5997275672444828,-0.28271260104943163
194,1551538800,430,282,-148,712,9,0.27113914186075544,-0.1958485616150034
194,1551553200,699,308,-391,1007,9,-0.3159710593763457,-0.12178818117235506
194,1551567600,468,165,-303,633,9,-0.10335501942216913,-0.21568168044540753
194,1551582000,289,64,-225,353,9,0.08510010690085097,-0.28597627883165005
194,1551596400,42,34,-8,76,9,0.6093919326969454,-0.35551772080661137
194,1551610800,124,160,36,284,9,0.7156999526740336,-0.30329887629111696
194,1551625200,411,250,-161,661,9,0.23972995414025208,-0.2086522206067833
194,1551639600,623,242,-381,865,9,-0.2918101457451892,-0.15743758463966376
194,1551654000,337,82,-255,419,9,0.012617366007381703,-0.2694068377834643
194,1551668400,96,23,-73,119,9,0.4523459940944286,-0.34472247891158125
194,1551682800,48,62,14,110,9,0.6625459426854895,-0.34698194814542477
194,1551697200,552,457,-95,1009,9,0.39919198410588447,-0.12128607689816762
194,1551711600,354,201,-153,555,9,0.2590586850451772,-0.23526374713871795
194,1551726000,697,365,-332,1062,9,-0.17342166895252276,-0.10798031363220027
194,1551740400,498,184,-314,682,9,-0.1299320244164412,-0.2033801257278151
194,1551754800,117,28,-89,145,10,0.6747948369127239,-1.1804182407663146
194,1551769200,46,71,25,117,10,1.3537016827076644,-1.249498701136615
194,1551783600,637,450,-187,1087,10,0.09117316245742406,1.143645818834505
194,1551798000,423,219,-204,642,10,-0.010067332090944271,0.04575993080651697
194,1551812400,852,359,-493,1211,10,-1.731155739413206,1.449573571902978
194,1551826800,582,170,-412,752,10,-1.2487745595062745,0.3171474536898398
194,1551841200,109,56,-53,165,10,0.8891864724269156,-1.1310750547875286
194,1551855600,66,67,1,133,10,1.2107739256982033,-1.2100241523535862
194,1551870000,658,416,-242,1074,10,-0.23636961402259113,1.111572747948294
194,1551884400,433,262,-171,695,10,0.18645833379706483,0.17651937365029982
194,1551898800,803,432,-371,1235,10,-1.0046063079484449,1.5087853950775212
194,1551913200,580,175,-405,755,10,-1.2070872970451816,0.32454893158665776
194,1551927600,121,35,-86,156,10,0.6926608065389065,-1.1532794884779822
194,1551942000,58,69,11,127,10,1.2703271577854787,-1.224827108147222
194,1551946269,156,78,-78,234,10,0.7403033922087269,-0.9608410631607169
194,1551956400,511,443,-68,954,10,0.7998566242960023,0.8155136320755783
194,1551970800,426,252,-174,678,10,0.1685923641708822,0.13457766556833173
194,1551985200,817,428,-389,1245,10,-1.1118021257055408,1.5334569880669142
194,1551999600,641,175,-466,816,10,-1.5703620127775622,0.475045648821955
194,1552014000,158,48,-110,206,10,0.5497330495294454,-1.0299215235310173
194,1552028400,54,48,-6,102,10,1.1690866632371104,-1.2865060906207044
194,1552042800,649,421,-228,1070,10,-0.15299508910040543,1.101704110752537
194,1552057200,490,293,-197,783,10,0.03161993037014857,0.3936293919569581
194,1552071600,966,419,-547,1385,10,-2.0527431926844937,1.878859289918416
194,1552086000,662,196,-466,858,10,-1.5703620127775622,0.5786663393774055
194,1552100400,288,70,-218,358,10,-0.09344185701312996,-0.654913310092244
194,1552114800,43,50,7,93,10,1.2465058649505685,-1.308710524311158
194,1552129200,169,210,41,379,10,1.4489868540473052,-0.6031029648145186
194,1552143600,477,321,-156,798,10,0.27578818192797805,0.4306367814410476
194,1552158000,769,380,-389,1149,10,-1.1118021257055408,1.2966096953687416
194,1552172400,506,191,-315,697,10,-0.6711082082597022,0.1814536922481784
194,1552190400,270,62,-208,332,10,-0.03388862492585447,-0.7190594518646657
194,1552204800,54,45,-9,99,10,1.1512206936109277,-1.2939075685175223
194,1552219200,152,152,0,304,10,1.2048186024894758,-0.788139912234966
194,1552233600,386,255,-131,641,10,0.4246712621461668,0.04329277150757767
194,1552248000,561,225,-336,786,10,-0.7961699956429807,0.401030869853776
194,1552262400,315,70,-245,385,10,-0.2542355836487738,-0.5883000090208829
194,1552276800,54,25,-29,79,10,1.0321142294363768,-1.3432507544963084
194,1552291200,155,142,-13,297,10,1.1273994007760175,-0.8054100273275412
194,1552305600,660,375,-285,1035,10,-0.4924485119978757,1.0153535352896614
194,1552320000,583,258,-325,841,10,-0.7306614403469777,0.5367246312954375
194,1552334400,884,403,-481,1287,10,-1.6596918609084752,1.6370776786223646
194,1552348800,423,111,-312,534,11,-0.670805308642322,-0.2321422763199975
194,1552363200,55,24,-31,79,11,1.023809063995181,-1.3396437725893828
194,1552377600,179,137,-42,316,11,0.9574718465609726,-0.7627693668402745
194,1552392000,612,460,-152,1072,11,0.29409967221888966,1.0773869654227044
194,1552406400,549,281,-268,830,11,-0.4054564389054888,0.48834221356074553
194,1552420800,1001,404,-597,1405,11,-2.3895423058013554,1.8879320165385403
194,1552435200,436,120,-316,556,11,-0.6949279331638524,-0.1785927534234558
194,1552449600,72,25,-47,97,11,0.9273185659090598,-1.2958305265831216
194,1552464000,142,131,-11,273,11,1.1444221866028323,-0.8674343434107878
194,1552478400,608,400,-208,1008,11,-0.043617071082534445,0.9216065351782194
194,1552492800,480,279,-201,759,11,-0.0014024781698564362,0.31552329875827
194,1552507200,860,447,-413,1307,11,-1.279901577810962,1.6493932327266727
194,1552521600,471,139,-332,610,11,-0.7914184312499735,-0.04715301540467158
194,1552536000,64,28,-36,92,11,0.9936557833432681,-1.308000872695972
194,1552550400,166,145,-21,311,11,1.0841156252990067,-0.7749397129531249
194,1552552193,109,33,-76,142,11,0.7524295381279652,-1.186297411567468
194,1552564800,535,386,-149,921,11,0.31219164061003735,0.7098425128146226
194,1552579200,517,250,-267,767,11,-0.39942578277510626,0.33499585253883063
194,1552593600,906,527,-379,1433,11,-1.0748592693779544,1.9560859547705025
194,1552608000,511,150,-361,661,11,-0.9663074590310681,0.07698451494640239
194,1552622400,97,30,-67,127,11,0.8067054433014084,-1.2228084499060192
194,1552636800,147,150,3,297,11,1.2288513724281884,-0.8090166820691059
194,1552651200,598,431,-167,1029,11,0.20363983026315105,0.9727219888521911
194,1552665600,580,314,-266,894,11,-0.3933951266447237,0.6441226438052305
194,1552680000,1000,460,-540,1460,11,-2.0457949063695486,2.0218058237798946
194,1552694400,592,126,-466,718,11,-1.5995263527212382,0.21572646063289683
194,1552708800,177,33,-144,210,11,0.3423449212619502,-1.0207807044327026
194,1552723200,77,64,-13,141,11,1.1323608743420672,-1.1887314807900382
194,1552737600,227,217,-10,444,11,1.150452842733215,-0.4512085063513045
194,1552752000,566,410,-156,976,11,0.26997704769735936,0.843716320055977
194,1552766400,835,304,-531,1139,11,-1.9915190011961055,1.2404696033348996
194,1552780800,461,135,-326,596,11,-0.7552344944676781,-0.08122998452065266
194,1552795200,198,39,-159,237,11,0.2518850793062116,-0.9550608354233107
194,1552809600,48,48,0,96,11,1.2107594040370406,-1.2982645958056915
194,1552824000,168,201,33,369,11,1.4097710563396657,-0.6337636980440603
194,1552838400,438,274,-164,712,11,0.22173179865429876,0.20112204529747638
194,1552852800,567,211,-356,778,11,-0.9361541783791553,0.36177061398710153
194,1552867200,314,92,-222,406,11,-0.12804625690789045,-0.5437031368089674
194,1552881600,59,22,-37,81,11,0.9876251272128855,-1.3347756341442427
194,1552896000,158,129,-29,287,11,1.035870376255946,-0.8333573742948067
194,1552910400,571,418,-153,989,11,0.28806901608850705,0.8753592199493879
194,1552924800,464,228,-236,692,11,-0.21247544273324648,0.1524406608460748
194,1552939200,810,402,-408,1212,11,-1.249748297159049,1.4181566565825152
194,1552953600,391,103,-288,494,12,-0.5116494984864771,-0.29638814306124606
194,1552968000,62,23,-39,85,12,1.0361753366803088,-1.3564246872015924
194,1552982400,145,146,1,291,12,1.284821896546459,-0.8225187505441074
194,1552996800,642,416,-226,1058,12,-0.12624733069394412,1.1653737417679846
194,1553011200,463,263,-200,726,12,0.03537293321905362,0.3049039797763098
194,1553025600,827,362,-465,1189,12,-1.6119105258941924,1.5048964490598802
194,1553040000,447,113,-334,560,12,-0.79759304233255,-0.12533090121952759
194,1553054400,71,24,-47,95,12,0.9864460247070788,-1.3305069232861804
194,1553068800,162,147,-15,309,12,1.185363272599999,-0.775866775496366
194,1553083200,637,423,-214,1060,12,-0.051653362734099005,1.170557294551067
194,1553097600,516,276,-240,792,12,-0.21327362664709673,0.47596122161802823
194,1553112000,973,398,-575,1371,12,-2.295688565526106,1.9765997523203767
194,1553126400,439,132,-307,571,12,-0.6297566144228985,-0.0968213609125745
194,1553140800,60,28,-32,88,12,1.079688484656885,-1.3486493580269687
194,1553155200,157,117,-40,274,12,1.029959172683655,-0.8665789492003076
194,1553169600,641,402,-239,1043,12,-0.20705746265044297,1.1264970958948666
194,1553184000,487,243,-244,730,12,-0.23813828263371178,0.31527108534247456
194,1553198400,779,399,-380,1178,12,-1.083536586178623,1.476386908752927
194,1553212800,503,119,-384,622,12,-1.108401242165238,0.03535923505602614
194,1553227200,91,32,-59,123,12,0.9118520567472336,-1.2579371843230271
194,1553241600,135,121,-14,256,12,1.1915794365966528,-0.913230924248049
194,1553256000,618,401,-217,1019,12,-0.07030185472406028,1.064294462497878
194,1553270400,520,269,-251,789,12,-0.2816514306102881,0.4681858924434047
194,1553284800,918,414,-504,1332,12,-1.854340921763689,1.8755204730502704
194,1553299200,537,184,-353,721,12,-0.9157001582689714,0.29194509781860384
194,1553313600,143,40,-103,183,12,0.6383408408944682,-1.1024306008305558
194,1553328000,42,75,33,117,12,1.4837391444393795,-1.2734878426722742
194,1553342400,231,210,-21,441,12,1.1480662886200765,-0.43375229181292907
194,1553356800,546,315,-231,861,12,-0.1573281506772129,0.6547937926343703
194,1553371200,685,243,-442,928,12,-1.468938753971156,0.8284428108676299
194,1553385600,417,110,-307,527,12,-0.6297566144228985,-0.2108595221403868
194,1553400000,204,30,-174,234,12,0.19699319713205135,-0.9702500048619551
194,1553414400,39,40,1,79,12,1.284821896546459,-1.3719753455508394
194,1553428800,164,177,13,341,12,1.3594158645063041,-0.6929299309670479
194,1553443200,458,212,-246,670,12,-0.2505706106270193,0.1597645018500032
194,1553457600,515,225,-290,740,12,-0.5240818264797846,0.34118884925788645
194,1553472000,299,71,-228,370,12,-0.13867965868725163,-0.6177684156123535
194,1553486400,56,21,-35,77,12,1.0610399926669238,-1.3771588983339218
194,1553500800,152,130,-22,282,12,1.1418501246234227,-0.8458447380679781
194,1553515200,589,408,-181,997,12,0.15348004915547503,1.007275381883972
194,1553529600,467,231,-236,698,12,-0.1884089706604817,0.23233424081315648
194,1553544000,867,363,-504,1230,12,-1.854340921763689,1.611159281113069
194,1553558400,405,108,-297,513,13,-0.2771074348350229,-0.3921215712247415
194,1553572800,53,19,-34,72,13,1.1701401893671817,-1.4581535310404854
194,1553587200,172,132,-40,304,13,1.1371231333017322,-0.897338531772339
194,1553601600,614,448,-166,1062,13,0.443764955927292,0.93497943997445
194,1553616000,467,249,-218,716,13,0.15761713669339597,0.09859155313488671
194,1553630400,946,468,-478,1414,13,-1.2731219594760839,1.7858711630019826
194,1553644800,424,127,-297,551,13,-0.2771074348350229,-0.3002639420342692
194,1553659200,62,12,-50,74,13,1.082094706525983,-1.453318918977829
194,1553673600,165,151,-14,316,13,1.2801970429186802,-0.8683308593964003
194,1553688000,596,408,-188,1004,13,0.3227024170206437,0.7947756901574135
194,1553702400,596,281,-315,877,13,-0.3761586030313715,0.4877778241787298
194,1553716800,977,399,-578,1376,13,-1.8234062272335763,1.6940135338115103
194,1553731200,495,126,-369,621,13,-0.6733121076204174,-0.13105251984129396
194,1553745600,75,28,-47,103,13,1.0986032345587078,-1.3832170440693108
194,1553760000,151,141,-10,292,13,1.30220841362898,-0.9263462041482776
194,1553774400,716,454,-262,1170,13,-0.08450794111990062,1.1960484913578975
194,1553788800,497,261,-236,758,13,0.05856596849704737,0.20011840645067186
194,1553803200,876,445,-431,1321,13,-1.0144883536300626,1.5610617020884585
194,1553817600,497,127,-370,624,13,-0.6788149502979923,-0.12380060174730932
194,1553832000,81,31,-50,112,13,1.082094706525983,-1.3614612897873568
194,1553846400,132,151,19,283,13,1.4617908512786526,-0.9481019584302316
194,1553860800,565,428,-137,993,13,0.6033473935769648,0.768185323812803
194,1553875200,606,291,-315,897,13,-0.3761586030313715,0.5361239448052941
194,1553889600,1009,447,-562,1456,13,-1.7353607443923775,1.8873980163177677
194,1553904000,548,157,-391,705,13,-0.7943746465270657,0.07200118679027631
194,1553918400,204,75,-129,279,13,0.6473701349975641,-0.9577711825555444
194,1553932800,153,80,-73,233,13,0.9555293249417598,-1.0689672599966424
194,1553947200,435,219,-216,654,13,0.1686228220485458,-0.051281420807462785
194,1553961600,896,341,-555,1237,13,-1.6968408456493531,1.3580079954568882
194,1553976000,901,313,-588,1214,13,-1.8784346540093255,1.3024099567363392
194,1553990400,602,142,-460,744,13,-1.1740707912797352,0.1662761220120768
194,1554004800,243,45,-198,288,13,0.2676739902448944,-0.9360154282735904
194,1554019200,108,53,-55,161,13,1.0545804931381084,-1.243013294252274
194,1554033600,229,205,-24,434,13,1.225168616142931,-0.5830887476996707
194,1554048000,590,216,-374,806,13,-0.700826321008292,0.3161490959544263
194,1554062400,617,201,-416,818,13,-0.9319457134664387,0.3451567683303649
194,1554076800,383,90,-293,473,13,-0.25509606412472324,-0.4888138124778702
194,1554091200,76,28,-48,104,13,1.0931003918811328,-1.3807997380379826
194,1554105600,190,132,-58,322,13,1.0380719651053836,-0.8538270232084311
194,1554120000,625,383,-242,1008,13,0.025548912431597834,0.8044449142827262
194,1554134400,461,234,-227,695,13,0.10809155259522167,0.04782812647699414
194,1554148800,921,354,-567,1275,13,-1.7628749577802523,1.4498656246473605
194,1554163200,416,120,-296,536,14,-0.36873393053634096,-0.2678933001138837
194,1554177600,57,29,-28,86,14,1.1482503977228162,-1.3836234394158675
194,1554192000,163,139,-24,302,14,1.1708919548610126,-0.8480729725509153
194,1554206400,606,385,-221,991,14,0.05579526580484109,0.8602338407358999
194,1554220800,522,259,-263,781,14,-0.18194108414622084,0.3395597757283075
194,1554235200,923,370,-553,1293,14,-1.8234539766654578,1.609012734223009
194,1554249600,535,134,-401,669,14,-0.9630748054139958,0.06186694105759151
194,1554264000,76,38,-38,114,14,1.0916465048773252,-1.3142002307481884
194,1554278400,182,108,-74,290,14,0.8878724906335579,-0.8778257762656348
194,1554292800,691,393,-298,1084,14,-0.38005470910543915,1.0908180695249765
194,1554307200,621,250,-371,871,14,-0.793263126877523,0.5627058035887043
194,1554321600,945,406,-539,1351,14,-1.7442085266817706,1.752817952177487
194,1554336000,511,128,-383,639,14,-0.8611877982921121,-0.01251506822920741
194,1554350400,66,28,-38,94,14,1.0916465048773252,-1.3637882369393877
194,1554364800,188,133,-55,321,14,0.9954198870399906,-0.800964366669276
194,1554379200,666,459,-207,1125,14,0.13504071578852841,1.192473482216935
194,1554393600,523,298,-225,821,14,0.033153708666644716,0.438735788110706
194,1554408000,986,451,-535,1437,14,-1.7215669695435742,1.9660463787996438
194,1554422400,571,168,-403,739,14,-0.974395583983094,0.23542496272678898
194,1554436800,83,28,-55,111,14,0.9954198870399906,-1.3216384316768683
194,1554451200,169,121,-48,290,14,1.0350426120318343,-0.8778257762656348
194,1554465600,643,428,-215,1071,14,0.08975760151213565,1.058585865500697
194,1554480000,592,281,-311,873,14,-0.4536397698045773,0.5676646042078242
194,1554494400,924,391,-533,1315,14,-1.710246190974476,1.6635595410333281
194,1554508800,521,127,-394,648,14,-0.9234520804221521,0.009799534556832265
194,1554523200,175,29,-146,204,14,0.48032446214602315,-1.0910542028877916
194,1554537600,51,79,28,130,14,1.4652321976575655,-1.274529825795229
194,1554552000,253,249,-4,502,14,1.2840997405519945,-0.35219291063892244
194,1554566400,524,262,-262,786,14,-0.17628069486167175,0.3519567772761073
194,1554580800,664,286,-378,950,14,-0.8328858518693666,0.7585784280439414
194,1554595200,549,117,-432,666,14,-1.1385468732350177,0.054428740128911614
194,1554609600,229,42,-187,271,14,0.24824850147951028,-0.9249343821472741
194,1554624000,44,48,4,92,14,1.3293828548283873,-1.3687470375585076
194,1554638400,176,174,-2,350,14,1.2954205191210926,-0.729061757692037
194,1554652800,444,220,-224,664,14,0.03881409795119381,0.049469939509791686
194,1554667200,560,183,-377,743,14,-0.8272254625848176,0.24534256396502885
194,1554681600,280,43,-237,323,14,-0.03477096274794441,-0.796005566050156
194,1554696000,54,22,-32,76,14,1.1256088405846199,-1.408417442511467
194,1554710400,162,138,-24,300,14,1.1708919548610126,-0.8530317731700352
194,1554724800,600,408,-192,1008,14,0.2199465550567648,0.9023836459984192
194,1554739200,504,326,-178,830,14,0.2991920050404521,0.4610503908967457
194,1554753600,924,379,-545,1303,14,-1.778170862389065,1.6338067373186087
194,1554768000,456,142,-314,598,15,-0.6301839498715675,-0.1529409419055684
194,1554782400,66,29,-37,95,15,0.9997760485290139,-1.3937360028491312
194,1554796800,177,183,6,360,15,1.2528023298691764,-0.7400368156721051
194,1554811200,626,489,-137,1115,15,0.4113428361100315,1.122389170436026
194,1554825600,458,273,-185,731,15,0.12889489414891991,0.17514204637573155
194,1554840000,891,436,-455,1327,15,-1.4598747793823328,1.645348520177647
194,1554854400,490,128,-362,618,15,-0.912631891832679,-0.10360515419409472
194,1554868800,94,45,-49,139,15,0.929164063038736,-1.2851972698838892
194,1554883200,181,151,-30,332,15,1.0409663733983427,-0.8091069184681683
194,1554897600,671,446,-225,1117,15,-0.10647839081867305,1.1273227492071736
194,1554912000,556,237,-319,793,15,-0.6596056104925165,0.32808298828129995
194,1554926400,989,389,-600,1378,15,-2.313102937389857,1.7711547788419049
194,1554940800,556,151,-405,707,15,-1.1656581731728415,0.11593910112196314
194,1554955200,84,23,-61,107,15,0.8585520775484582,-1.3641345302222472
194,1554969600,165,158,-7,323,15,1.1763060122547087,-0.8313080229383314
194,1554984000,685,448,-237,1133,15,-0.17709037630895094,1.1667913793763525
194,1554998400,537,274,-263,811,15,-0.3300830115378864,0.37248519722162626
194,1555012800,933,452,-481,1385,15,-1.612867414611268,1.7884223045409207
194,1555027200,542,159,-383,701,15,-1.0362028664406653,0.10113836480852104
194,1555041600,98,33,-65,131,15,0.8350147490516988,-1.3049315849684788
194,1555056000,153,151,-2,304,15,1.2057276728756579,-0.8781770212642315
194,1555070400,657,367,-290,1024,15,-0.48895997889101167,0.8979113363488209
194,1555084800,551,259,-292,810,15,-0.5007286431393912,0.37001840783605255
194,1555099200,934,449,-485,1383,15,-1.6364047431080273,1.7834887257697734
194,1555113600,550,167,-383,717,15,-1.0362028664406653,0.14060699497769996
194,1555128000,158,30,-128,188,15,0.46430182522773994,-1.1643245899907788
194,1555142400,47,91,44,138,15,1.4764069505883897,-1.287664059269463
194,1555156800,243,318,75,561,15,1.6588212464382746,-0.2442121491717947
194,1555171200,532,312,-220,844,15,-0.07705673019772394,0.4538892469455578
194,1555185600,669,402,-267,1071,15,-0.3536203400346457,1.013850437470784
194,1555200000,428,185,-243,613,15,-0.2123963690540899,-0.11593910112196314
194,1555214400,190,45,-145,235,15,0.3642681791165129,-1.0483854888688156
194,1555228800,67,70,3,137,15,1.2351493334966068,-1.2901308486550367
194,1555243200,197,216,19,413,15,1.3292986474836441,-0.6092969782366999
194,1555257600,500,288,-212,788,15,-0.029982073204205335,0.3157490413534315
194,1555272000,562,224,-338,786,15,-0.7714079208521232,0.31081546258228415
194,1555286400,296,92,-204,388,15,0.01709258378931326,-0.670966712876042
194,1555300800,50,21,-29,71,15,1.0468507055225325,-1.4529389481028998
194,1555315200,168,114,-54,282,15,0.8997424024177869,-0.9324463877468525
194,1555329600,576,395,-181,971,15,0.1524322226456792,0.7671714989134156
194,1555344000,483,242,-241,725,15,-0.20062770480571024,0.16034131006228944
194,1555358400,939,431,-508,1370,15,-1.7717443819643932,1.7514204637573154
194,1555372800,451,93,-358,544,16,-0.9287186540415532,-0.20341377596835333
194,1555387200,53,17,-36,70,16,0.9688476063086454,-1.3850774619846882
194,1555401600,168,165,-3,333,16,1.163318682679939,-0.7294286235410256
194,1555416000,678,461,-217,1139,16,-0.09779678227329851,1.2798982349593244
194,1555430400,521,306,-215,827,16,-0.08601065643261403,0.5020942897333824
194,1555444800,891,457,-434,1348,16,-1.3765914359875628,1.8009271598061893
194,1555459200,456,139,-317,595,16,-0.6871030743075217,-0.07627274646026669
194,1555473600,70,19,-51,89,16,0.8804516625035119,-1.3377111960895187
194,1555488000,172,141,-31,313,16,0.9983129209103566,-0.7792878507990988
194,1555502400,699,428,-271,1127,16,-0.416022179971779,1.2499826986044804
194,1555516800,561,292,-269,853,16,-0.40423605413109454,0.5669112851688776
194,1555531200,911,473,-438,1384,16,-1.4001636876689316,1.8906737688707211
194,1555545600,511,180,-331,691,16,-0.7696059551923129,0.16305154437848468
194,1555560000,71,15,-56,86,16,0.8509863479018008,-1.3451900801782297
194,1555574400,162,123,-39,285,16,0.9511684175476187,-0.8490907689604013
194,1555588800,694,421,-273,1115,16,-0.4278083058124635,1.2200671622496364
194,1555603200,581,287,-294,868,16,-0.5515626271396503,0.6043057056124325
194,1555617600,949,458,-491,1407,16,-1.7124960224470698,1.9480118802175053
194,1555632000,544,126,-418,670,16,-1.282302429262087,0.11069935575750782
194,1555646400,96,21,-75,117,16,0.7390181524152983,-1.2679082779282163
194,1555660800,71,110,39,181,16,1.4108273253343129,-1.108358750702382
194,1555675200,506,384,-122,890,16,0.4620441951592135,0.659150855596313
194,1555689600,658,324,-334,982,16,-0.7872851439533396,0.8885033009834498
194,1555704000,952,311,-641,1263,16,-2.5964554604984045,1.5890254439593783
194,1555718400,476,152,-324,628,16,-0.7283545147499173,0.005994978515554093
194,1555732800,164,38,-126,202,16,0.4384719434778446,-1.056006562081405
194,1555747200,47,110,63,157,16,1.5522608354225265,-1.1681898234120698
194,1555761600,213,263,50,476,16,1.4756510174580773,-0.37293514864580224
194,1555776000,478,260,-218,738,16,-0.10368984519364073,0.2802207284349567
194,1555790400,576,258,-318,834,16,-0.6929961372278639,0.5195450192737081
194,1555804800,398,152,-246,550,16,-0.2686956069632232,-0.18845600779093138
194,1555819200,151,34,-117,185,16,0.49150950976092467,-1.0983869052507673
194,1555833600,43,72,29,115,16,1.3518966961308905,-1.2728942006540236
194,1555848000,163,186,23,349,16,1.316538318608837,-0.6895412417345671
194,1555862400,393,211,-182,604,16,0.10846041993867961,-0.053836094194133745
194,1555876800,443,200,-243,643,16,-0.2510164182021965,0.043389398959108996
194,1555891200,304,126,-178,430,16,0.13203267162004853,-0.4876113713393706
194,1555905600,64,23,-41,87,16,0.9393822917069342,-1.342697118815326
194,1555920000,147,121,-26,268,16,1.0277782355120677,-0.8914711121297635
194,1555934400,546,379,-167,925,16,0.19685636374381307,0.7464045032979412
194,1555948800,468,253,-215,721,16,-0.08601065643261403,0.23784038526559448
194,1555963200,846,340,-506,1186,16,-1.8008919662522032,1.3970674190157963
194,1555977600,408,84,-324,492,17,-0.6489600735837264,-0.30966019465148537
194,1555992000,68,12,-56,80,17,0.9291399238796335,-1.378419206622207
194,1556006400,161,146,-15,307,17,1.1705656697602222,-0.7895641199296006
194,1556020800,550,428,-122,978,17,0.5405033573401493,0.9510603874304823
194,1556035200,509,310,-199,819,17,0.08709402971075116,0.5386024192184805
194,1556049600,936,391,-545,1327,17,-1.9503037282083628,1.8563926572794671
194,1556064000,473,121,-352,594,17,-0.8138361927216894,-0.04506451693057859
194,1556078400,61,21,-40,82,17,1.0233548491013267,-1.3732310560786596
194,1556092800,169,134,-35,303,17,1.0527970132331057,-0.799940421016695
194,1556107200,651,352,-299,1003,17,-0.501749252924831,1.0159122692248221
194,1556121600,521,297,-224,818,17,-0.060116790948144365,0.5360083439467069
194,1556136000,874,376,-498,1250,17,-1.6735473853696392,1.6566488613529002
194,1556150400,555,157,-398,712,17,-1.0847041027340572,0.2610363651387057
194,1556164800,86,40,-46,126,17,0.9880242521431917,-1.2590917441206215
194,1556179200,158,145,-13,303,17,1.1823425354129338,-0.799940421016695
194,1556193600,619,395,-224,1014,17,-0.060116790948144365,1.0444470972143316
194,1556208000,539,327,-212,866,17,0.010544402968125486,0.6605239569918395
194,1556222400,964,434,-530,1398,17,-1.8619772358130255,2.0405720015753923
194,1556236800,580,120,-460,700,17,-1.449786937968118,0.2299074618774226
194,1556251200,97,31,-66,128,17,0.8702555956160754,-1.2539035935770744
194,1556265600,132,126,-6,258,17,1.2235615651974245,-0.9166738082465068
194,1556280000,581,401,-180,982,17,0.19897425341151176,0.9614366885175766
194,1556294400,568,257,-311,825,17,-0.5724104468411008,0.5541668708491221
194,1556308800,853,447,-406,1300,17,-1.1318115653449037,1.7863526249415802
194,1556323200,506,128,-378,634,17,-0.9669354462069407,0.05869849394036525
194,1556337600,144,42,-102,186,17,0.6582720138672657,-1.1034472278142058
194,1556352000,54,85,31,139,17,1.44143357977259,-1.2253687655875647
194,1556366400,242,249,7,491,17,1.3001111919400503,-0.31225426992325894
194,1556380800,585,285,-300,870,17,-0.5076376857511867,0.6709002580789338
194,1556395200,709,241,-468,950,17,-1.4968944005789646,0.8784262798208216
194,1556409600,434,126,-308,560,17,-0.5547451483620333,-0.13326307617088085
194,1556424000,179,36,-143,215,17,0.4168462679866771,-1.0282190449327715
194,1556438400,62,60,-2,122,17,1.2471152965028478,-1.2694680452077158
194,1556452800,197,166,-31,363,17,1.076350744538529,-0.6442959047102792
194,1556467200,448,228,-220,676,17,-0.03656305964272108,0.16764965535485626
194,1556481600,566,187,-379,753,17,-0.9728238790332966,0.36739345128142314
194,1556496000,293,67,-226,360,17,-0.071893656600856,-0.6520781305256
194,1556510400,52,17,-35,69,17,1.0527970132331057,-1.4069540346117164
194,1556524800,166,134,-32,300,17,1.0704623117121732,-0.8077226468320158
194,1556526960,146,62,-84,208,17,0.7642638047416705,-1.0463775718351866
194,1556539200,488,262,-226,750,17,-0.071893656600856,0.35961122546610236
194,1556553600,497,253,-244,750,17,-0.17788544747526078,0.35961122546610236
194,1556568000,860,368,-492,1228,17,-1.6382167884115042,1.599579205373881
194,1556582400,314,119,-195,433,18,0.2675904221986915,-0.5227047354316625
194,1556596800,380,95,-285,475,18,-0.25299207698352877,-0.419463087990004
194,1556611200,199,146,-53,345,18,1.088953920908417,-0.7390205681665662
194,1556625600,752,409,-343,1161,18,-0.5884785764565151,1.2668171535570865
194,1556640000,635,441,-194,1076,18,0.2733746721896051,1.0578757242108725
194,1556654400,1110,416,-694,1526,18,-2.6187503232671743,2.1640362325143574
194,1556668800,563,137,-426,700,18,-1.0685713257023406,0.1336171661617385
194,1556683200,68,20,-48,88,18,1.1178751708629846,-1.370761125131001
194,1556697600,219,124,-95,343,18,0.8460154212900474,-0.7439368370923596
194,1556712000,687,359,-328,1046,18,-0.5017148265928117,0.9841316903239736
194,1556726400,506,253,-253,759,18,-0.06789607727429489,0.2786470994726399
194,1556740800,916,389,-527,1305,18,-1.65278057478461,1.6207885162142015
194,1556755200,444,100,-344,544,18,-0.5942628264474288,-0.2498518100501363
194,1556769600,66,33,-33,99,18,1.204638920726688,-1.3437216460391381
194,1556784000,193,119,-74,312,18,0.9674846710992322,-0.8201390054421552
194,1556798400,629,351,-278,980,18,-0.21250232704713384,0.8218948157727958
194,1556812800,545,271,-274,816,18,-0.1893653270834796,0.41876076385774796
194,1556827200,934,452,-482,1386,18,-1.3924893251934998,1.8198974077088288
194,1556841600,546,103,-443,649,18,-1.1669035755478712,0.008252308554010206
194,1556856000,80,38,-42,118,18,1.152580670808466,-1.297017091244102
194,1556870400,162,106,-56,268,18,1.0716011709356763,-0.928296921809607
194,1556884800,623,357,-266,980,18,-0.14309132715617115,0.8218948157727958
194,1556899200,581,264,-317,845,18,-0.4380880766927627,0.49004666328175034
194,1556913600,938,498,-440,1436,18,-1.1495508255751303,1.9428041308536605
194,1556928000,525,131,-394,656,18,-0.8834753259931066,0.02545924979428664
194,1556942400,153,73,-80,226,18,0.9327791711537508,-1.0315385692512657
194,1556956800,55,66,11,121,18,1.4591459203268846,-1.2896426878554121
194,1556971200,231,223,-8,454,18,1.349245170499527,-0.47108391171083325
194,1556985600,511,268,-243,779,18,-0.010053577365159296,0.32780978873057254
194,1557000000,736,236,-500,972,18,-1.4966058250299439,0.8022297400696228
194,1557014400,460,104,-356,564,18,-0.6636738263383914,-0.2006891207922036
194,1557028800,185,34,-151,219,18,0.5220974217988881,-1.048745510491542
194,1557043200,44,47,3,91,18,1.412871920399576,-1.363386721742311
194,1557057600,185,186,1,371,18,1.401303420417749,-0.6751090721312538
194,1557072000,428,220,-208,648,18,0.19239517231681527,0.0057941740911135724
194,1557086400,495,179,-316,674,18,-0.4323038267018491,0.06970567012642603
194,1557100800,322,56,-266,378,18,-0.14309132715617115,-0.6579021308909774
194,1557115200,45,17,-28,62,18,1.2335601706812558,-1.4346726211663134
194,1557129600,172,97,-75,269,18,0.9617004211083185,-0.9258387873467104
194,1557144000,586,317,-269,903,18,-0.16044407712891182,0.632618462129755
194,1557158400,514,228,-286,742,18,-0.2587763269744423,0.23685881360339708
194,1557172800,888,410,-478,1298,18,-1.3693523252298456,1.603581574973925
194,1557187200,446,97,-349,543,19,-0.8216775121292569,-0.014346615514853932
194,1557201600,62,19,-43,81,19,0.9923018888637514,-1.1352814424327786
194,1557216000,176,115,-61,291,19,0.8855972182171038,-0.62576561201554
194,1557226565,523,287,-236,810,19,-0.1518093019586362,0.6334663688727779
194,1557227153,14,20,6,34,19,1.2827757145129586,-1.2493159378118748
194,1557229081,43,32,-11,75,19,1.181999081124458,-1.1498390375875567
194,1557230400,35,19,-16,54,19,1.1523588948337227,-1.2007906206292807
194,1557244800,493,246,-247,739,19,-0.21701771179825416,0.46120149287456863
194,1557259200,916,368,-548,1284,19,-2.001356926500527,1.783516386100259
194,1557273600,495,141,-354,636,19,-0.8513176984199924,0.2112961093842088
194,1557288000,72,26,-46,98,19,0.9745177770893101,-1.0940349228275734
194,1557299732,67,63,-4,130,19,1.2234953419314878,-1.016394415335423
194,1557302400,110,78,-32,188,19,1.0575102987033693,-0.8756709955058999
194,1557316800,680,338,-342,1018,19,-0.7801812513222273,1.138129667571757
194,1557331200,526,254,-272,780,19,-0.3652186432519313,0.5606783930988866
194,1557345600,942,416,-526,1358,19,-1.870940106821291,1.9630600596758572
194,1557360000,509,98,-411,607,19,-1.1892158221343763,0.1409343994694473
194,1557374400,78,19,-59,97,19,0.897453292733398,-1.0964611886867033
194,1557388800,173,112,-61,285,19,0.8855972182171038,-0.6403232071703183
194,1557403200,666,322,-344,988,19,-0.7920373258385215,1.0653416917978658
194,1557417600,534,255,-279,789,19,-0.4067149040589609,0.582514785831054
194,1557432000,963,443,-520,1406,19,-1.8353718832724084,2.079520820914083
194,1557446400,499,103,-396,602,19,-1.1002952632621699,0.12880307017379877
194,1557460800,86,26,-60,112,19,0.891525255475251,-1.0600672007997576
194,1557475200,140,123,-17,263,19,1.1464308575755757,-0.6937010560711718
194,1557489600,626,334,-292,960,19,-0.483779388414873,0.9974062477422339
194,1557504000,574,271,-303,845,19,-0.548987798254491,0.7183856739423176
194,1557518400,977,464,-513,1441,19,-1.793875622465379,2.164440125983623
194,1557532800,509,129,-380,638,19,-1.0054466671318165,0.21614864110246823
194,1557547200,178,28,-150,206,19,0.35800190224201317,-0.8319982100415652
194,1557561600,50,57,7,107,19,1.2887037517711057,-1.0721985300954062
194,1557576000,218,164,-54,382,19,0.9270934790241334,-0.40497541883473676
194,1557590400,515,304,-211,819,19,-0.003608370504959059,0.6553027616049452
194,1557604800,700,270,-430,970,19,-1.301848530039171,1.021668906333531
194,1557619200,404,111,-293,515,19,-0.4897074256730201,-0.08228205957048573
194,1557633600,132,32,-100,164,19,0.6544037651493675,-0.9339013761250129
194,1557648000,40,46,6,86,19,1.2827757145129586,-1.12315011313713
194,1557662400,167,107,-60,274,19,0.891525255475251,-0.6670121316207451
194,1557676800,350,163,-187,513,19,0.138664523690571,-0.08713459128874514
194,1557691200,392,153,-239,545,19,-0.16959341373307746,-0.009494083796594518
194,1557705600,252,63,-189,315,19,0.12680844917427683,-0.5675352313964271
194,1557720000,44,11,-33,55,19,1.0515822614452222,-1.198364354770151
194,1557734400,167,100,-67,267,19,0.8500289946682213,-0.683995992634653
194,1557748800,614,316,-298,930,19,-0.5193476119637556,0.9246182719683427
194,1557763200,451,217,-234,668,19,-0.13995322744234204,0.28893661687635946
194,1557777600,856,426,-430,1282,19,-1.301848530039171,1.7786638543819995
194,1557792000,401,88,-313,489,20,-0.40511354300716174,-0.3776309977003344
194,1557806400,49,20,-29,69,20,1.2077684132643418,-1.4107282060492643
194,1557820800,179,122,-57,301,20,1.0487518823643345,-0.8400649861993793
194,1557835200,694,342,-352,1036,20,-0.6266008539036005,0.9678551284112481
194,1557849600,542,263,-279,805,20,-0.2120220412000099,0.3996516638193366
194,1557864000,851,402,-449,1253,20,-1.1774795502357691,1.5016220193915284
194,1557878400,502,123,-379,625,20,-0.7799382229857506,-0.04310428261591906
194,1557892800,84,17,-67,101,20,0.9919602641857603,-1.3320160377941077
194,1557907200,172,143,-29,315,20,1.2077684132643418,-0.8056284125877483
194,1557921600,642,422,-220,1064,20,0.12304850605357709,1.03672827563451
194,1557936000,541,250,-291,791,20,-0.2801719830142988,0.3652150902077056
194,1557950400,1044,413,-631,1457,20,-2.2110870010858172,2.0034120920181517
194,1557964800,529,112,-417,641,20,-0.995746372064332,-0.0037481984883407753
194,1557979200,81,18,-63,99,20,1.0146769114571899,-1.3369355483100551
194,1557993600,165,126,-39,291,20,1.1509767950857677,-0.8646625387791157
194,1558008000,656,326,-330,982,20,-0.5016592939107376,0.8350283444806713
194,1558022400,554,233,-321,787,20,-0.450546837550021,0.35537606917581105
194,1558036800,924,449,-475,1373,20,-1.3251377575000616,1.7967926503483655
194,1558051200,684,132,-552,816,20,-1.762433217475082,0.4267089716570467
194,1558065600,95,39,-56,134,20,1.0544310441821918,-1.2508441142809776
194,1558080000,161,110,-51,271,20,1.0828268532714789,-0.9138576439385885
194,1558094400,598,319,-279,917,20,-0.2120220412000099,0.6751442527123845
194,1558108800,549,268,-281,817,20,-0.2233803648357247,0.42916872691502034
194,1558123200,995,442,-553,1437,20,-1.7681123792929394,1.9542169868586787
194,1558137600,581,152,-429,733,20,-1.0638963138786208,0.22254928524523435
194,1558152000,183,50,-133,233,20,0.6171355842071715,-1.007328343741587
194,1558166400,57,63,6,120,20,1.406539076889351,-1.2852806878926086
194,1558180800,219,185,-34,404,20,1.1793726041750547,-0.586710194628094
194,1558195200,517,294,-223,811,20,0.10601102060000488,0.4144101953671785
194,1558209600,746,324,-422,1070,20,-1.024142181153619,1.051486807182352
194,1558224000,460,153,-307,613,20,-0.3710385721000173,-0.07262134571160277
194,1558238400,192,46,-146,238,20,0.5433064805750252,-0.9950295674517188
194,1558252800,53,57,4,110,20,1.3951807532536362,-1.309878240472345
194,1558267200,201,168,-33,369,20,1.185051765992912,-0.6728016286571715
194,1558281600,491,288,-203,779,20,0.219594256957153,0.3356980271120219
194,1558296000,619,230,-389,849,20,-0.8367298411643247,0.5078808951701769
194,1558310400,311,97,-214,408,20,0.15712347696072154,-0.5768711735961995
194,1558324800,60,16,-44,76,20,1.1225809859964806,-1.3935099192434488
194,1558339200,189,116,-73,305,20,0.9578852932786158,-0.8302259651674847
194,1558353600,559,340,-219,899,20,0.1287276678714345,0.6308686580688591
194,1558368000,488,233,-255,721,20,-0.07572215757143215,0.19303222214955063
194,1558382400,950,427,-523,1377,20,-1.5977375247572172,1.8066316713802602
194,1558396800,419,99,-320,518,21,-0.6871462376175362,-0.06722838370242655
194,1558411200,70,17,-53,87,21,0.8641619256621889,-1.1556211231920432
194,1558425600,174,127,-47,301,21,0.8990227832639803,-0.6152126632134401
194,1558436790,595,293,-302,888,21,-0.5825636648121615,0.8671226919615136
194,1558437021,12,6,-6,18,21,1.1372386435428894,-1.329864972437481
194,1558440000,111,58,-53,169,21,0.8641619256621889,-0.9485487226394944
194,1558454400,626,373,-253,999,21,-0.29786666106419696,1.1474280146606957
194,1558468800,969,461,-508,1430,21,-1.7794531091403387,2.2358207541503123
194,1558483200,502,124,-378,626,21,-1.0241345277681881,0.20550111946434518
194,1558497600,65,20,-45,85,21,0.9106430691312443,-1.1606716695469836
194,1558512000,177,122,-55,299,21,0.8525416397949249,-0.6202632095683803
194,1558526400,673,343,-330,1016,21,-0.7452476669538555,1.1903576586776876
194,1558540800,551,254,-297,805,21,-0.5535129501440018,0.6575250182314946
194,1558555200,968,416,-552,1384,21,-2.0350993982201433,2.1196581879866874
194,1558569600,534,112,-422,646,21,-1.279780816847993,0.25600658301374735
194,1558584000,73,25,-48,98,21,0.8932126403303484,-1.127843118239872
194,1558598400,169,121,-48,290,21,0.8932126403303484,-0.6429906681656113
194,1558612800,617,364,-253,981,21,-0.29786666106419696,1.1019730974662336
194,1558627200,556,303,-253,859,21,-0.29786666106419696,0.7938897698148805
194,1558641600,914,460,-454,1374,21,-1.4657053907242146,2.0944054562119865
194,1558656000,551,131,-420,682,21,-1.2681605309807291,0.34691641740267126
194,1558670400,96,21,-75,117,21,0.7363387811222863,-1.0798629278679401
194,1558684800,144,113,-31,257,21,0.9919850702020913,-0.7263246830221248
194,1558699200,523,310,-213,833,21,-0.0654609437189198,0.7282326672006576
194,1558713600,670,370,-300,1040,21,-0.5709433789448977,1.2509642149369702
194,1558728000,926,328,-598,1254,21,-2.302365973167212,1.7913726749155734
194,1558742400,526,121,-405,647,21,-1.1810083869762502,0.25853185619121744
194,1558756800,149,29,-120,178,21,0.4748823491088496,-0.9258212640422635
194,1558771200,55,76,21,131,21,1.2941125027509515,-1.0445091033833585
194,1558785600,217,207,-10,424,21,1.1139980718083617,-0.30460406238461674
194,1558800000,456,243,-213,699,21,-0.0654609437189198,0.3898460614196631
194,1558814400,626,230,-396,856,21,-1.1287171005735628,0.7863139502824701
194,1558828800,400,107,-293,507,21,-0.5302723784094742,-0.09500638865459773
194,1558843200,131,25,-106,156,21,0.5562243501796966,-0.9813772739466058
194,1558857600,43,44,1,87,21,1.177909644078313,-1.1556211231920432
194,1558872000,151,165,14,316,21,1.253441502215528,-0.5773335655513885
194,1558886400,397,210,-187,607,21,0.08560277255551034,0.1575209290924131
194,1558900800,484,191,-293,675,21,-0.5302723784094742,0.3292395051603805
194,1558915200,315,96,-219,411,21,-0.10032180132071138,-0.33743261369172817
194,1558929600,77,24,-53,101,21,0.8641619256621889,-1.1202672987074618
194,1558944000,33,66,33,99,21,1.3638342179545346,-1.125317845062402
194,1558957471,148,146,-2,294,21,1.1604792152774173,-0.6328895754557309
194,1558958400,22,24,2,46,21,1.183719787011945,-1.2591573234683178
194,1558972800,414,180,-234,594,21,-0.18747394532519032,0.1246923777853017
194,1558987200,464,160,-304,624,21,-0.5941839506794253,0.20045057310940495
194,1559001600,277,85,-192,362,22,0.0929662633606659,-0.6444044238920793
194,1559016000,51,10,-41,61,22,1.075619667082905,-1.4459157114603265
194,1559030400,176,142,-34,318,22,1.1211731361296313,-0.76156886459973
194,1559044800,608,314,-294,922,22,-0.5708128570344889,0.846779366932567
194,1559059200,467,255,-212,722,22,-0.03718650534426643,0.31421372735233616
194,1559073600,826,352,-474,1178,22,-1.74218777537888,1.5284633855952623
194,1559088000,417,92,-325,509,22,-0.772549648527134,-0.25296867880060964
194,1559102400,50,16,-34,66,22,1.1211731361296313,-1.4326015704708208
194,1559116800,185,134,-51,319,22,1.0105432827304388,-0.7589060364018289
194,1559131200,697,346,-351,1043,22,-0.941748247843546,1.1689815788786067
194,1559145600,501,248,-253,749,22,-0.3039996811893777,0.3861100886956673
194,1559160000,961,415,-546,1376,22,-2.210737742716636,2.055703368779691
194,1559174400,436,143,-293,579,22,-0.5643052185992423,-0.06657070494752886
194,1559188800,60,21,-39,81,22,1.0886349439533982,-1.3926591475023036
194,1559203200,171,158,-13,329,22,1.2578335432698102,-0.7322777544228174
194,1559217600,677,409,-268,1086,22,-0.40161425771807696,1.2834831913883562
194,1559232000,526,291,-235,817,22,-0.18686218935493862,0.5671824061529458
194,1559246400,842,407,-435,1249,22,-1.4883898764042618,1.7175241876462444
194,1559260800,485,126,-359,611,22,-0.9938093553255191,0.018639797385308077
194,1559275200,93,23,-70,116,22,0.8868981524607531,-1.2994601605757632
194,1559289600,167,124,-43,291,22,1.0626043902124118,-0.8334652259430612
194,1559304000,628,356,-272,984,22,-0.4276448114590634,1.0118747152024385
194,1559318400,603,310,-293,913,22,-0.5643052185992423,0.8228139131514566
194,1559332800,865,375,-490,1240,22,-1.8463099903428257,1.693558733865134
194,1559347200,525,147,-378,672,22,-1.1174544855952047,0.18107231745727848
194,1559361600,161,51,-110,212,22,0.6265926150508885,-1.0438286535772523
194,1559376000,62,68,6,130,22,1.381478673539496,-1.262180565805147
194,1559390400,237,230,-7,467,22,1.2968793738812898,-0.3648074631124581
194,1559404800,495,311,-184,806,22,0.14502737084263884,0.5378912959760331
194,1559419200,578,278,-300,856,22,-0.6098586876459686,0.6710327058710908
194,1559433600,399,140,-259,539,22,-0.3430455118008574,-0.173083832863575
194,1559448000,179,39,-140,218,22,0.43136346199348996,-1.0278516843898455
194,1559462400,49,58,9,107,22,1.4010015888452358,-1.3234256143568734
194,1559476800,179,209,30,388,22,1.5376619959854148,-0.5751708907466493
194,1559491200,423,255,-168,678,22,0.2491495858065847,0.1970492866446854
194,1559505600,522,221,-301,743,22,-0.6163663260812153,0.3701331195082604
194,1559520000,309,82,-227,391,22,-0.1348010818729657,-0.5671824061529458
194,1559534400,52,24,-28,76,22,1.160218966741111,-1.4059732884918092
194,1559548800,178,135,-43,313,22,1.0626043902124118,-0.7748830055892358
194,1559563200,588,325,-263,913,22,-0.36907606554184386,0.8228139131514566
194,1559577600,526,241,-285,767,22,-0.5122441111172694,0.4340409962578881
194,1559592000,785,386,-399,1171,22,-1.2541148927353838,1.5098235882099542
194,1559606400,412,127,-285,539,23,-0.4897579473325638,-0.18654713849188542
194,1559620800,67,19,-48,86,23,1.0767750243089336,-1.384807049682504
194,1559635200,176,139,-37,315,23,1.149483305693138,-0.7790641806700279
194,1559649600,644,356,-288,1000,23,-0.5095874786191651,1.0328740956336668
194,1559664000,487,253,-234,740,23,-0.15265591546034285,0.34513110024832283
194,1559678400,835,426,-409,1261,23,-1.3093785738454147,1.7232622563858775
194,1559692800,484,140,-344,624,23,-0.8797387293023881,0.038291917691784735
194,1559707200,59,24,-35,83,23,1.1627029932175388,-1.3927425457831042
194,1559721600,184,136,-48,320,23,1.0767750243089336,-0.7658383538356944
194,1559736000,676,355,-321,1031,23,-0.7277123227717786,1.1148742220065349
194,1559750400,486,251,-235,737,23,-0.15926575922254327,0.3371956041477227
194,1559764800,938,448,-490,1386,23,-1.8447759185836479,2.0539079272442162
194,1559779200,524,121,-403,645,23,-1.2697195112722122,0.0938403903959856
194,1559793600,66,22,-44,88,23,1.1032143993577352,-1.3795167189487707
194,1559808000,179,125,-54,304,23,1.037115961735731,-0.8081609997055618
194,1559822400,681,369,-312,1050,23,-0.6682237289119749,1.1651323639770022
194,1559836800,541,280,-261,821,23,-0.33112169703975397,0.5593894949645262
194,1559851200,880,448,-432,1328,23,-1.461404980376024,1.900488335965947
194,1559865600,574,138,-436,712,23,-1.4878443554248257,0.271066469976055
194,1559880000,93,39,-54,132,23,1.037115961735731,-1.2631294428066355
194,1559894400,185,130,-55,315,23,1.0305061179735306,-0.7790641806700279
194,1559908800,587,384,-203,971,23,0.052249241167869866,0.9561642999945323
194,1559923200,545,302,-243,847,23,-0.21214450932014656,0.6281637945030606
194,1559937600,868,418,-450,1286,23,-1.5803821680956316,1.7893913905575451
194,1559952000,504,152,-352,656,23,-0.9326174793999913,0.12293720943151938
194,1559966400,189,70,-119,259,23,0.6074761171927043,-0.9271934412145636
194,1559980800,59,67,8,126,23,1.4469262749921565,-1.2790004350078357
194,1559995200,217,229,12,446,23,1.4733656500409582,-0.43254751761048926
194,1560009600,447,236,-211,683,23,-0.0006295089297334172,0.1943566743369205
194,1560024000,583,232,-351,815,23,-0.9260076356377909,0.5435185027633259
194,1560038400,401,160,-241,561,23,-0.19892482179574575,-0.12835350042081786
194,1560052800,146,39,-107,185,23,0.6867942423391092,-1.1229356783627
194,1560067200,43,53,10,96,23,1.4601459625165574,-1.358355396013837
194,1560081600,159,171,12,330,23,1.4733656500409582,-0.7393867001670273
194,1560096000,431,238,-193,669,23,0.11834767878987397,0.15732435920078658
194,1560110400,528,173,-355,701,23,-0.9524470106865925,0.24196965094052122
194,1560124800,274,86,-188,360,23,0.15139689760087602,-0.6600317391610261
194,1560139200,51,20,-31,71,23,1.1891423682663405,-1.4244845301855047
194,1560153600,171,111,-60,282,23,0.9974568991625286,-0.8663546377766294
194,1560168000,628,331,-297,959,23,-0.5690760724789687,0.9244223155921318
194,1560182400,481,203,-278,684,23,-0.4434890409971609,0.1970018397037872
194,1560196800,746,350,-396,1096,23,-1.2234506049368095,1.2868099708528709
194,1560211200,393,83,-310,476,24,-0.7155532519219442,-0.48040764699322375
194,1560225600,58,19,-39,77,24,0.9222417757034516,-1.364879090100903
194,1560240000,154,125,-29,279,24,0.9826770165752374,-0.9171015675250854
194,1560254400,610,392,-218,1002,24,-0.1595490359015146,0.6855872880309349
194,1560268800,492,259,-233,751,24,-0.25020189720919334,0.12919046542434967
194,1560283200,917,378,-539,1295,24,-2.0995202678858393,1.3350863678067495
194,1560297600,495,127,-368,622,24,-1.066077648978302,-0.15676646730971203
194,1560312000,73,26,-47,99,24,0.8738935830060229,-1.316111241107497
194,1560325766,159,118,-41,277,24,0.9101547275290944,-0.9215350083426678
194,1560326400,26,16,-10,42,24,1.0975039742316304,-1.442464304408594
194,1560340800,686,380,-306,1066,24,-0.6913791555732298,0.8274573941935701
194,1560355200,451,271,-180,722,24,0.07010487941127151,0.06490557356940557
194,1560369600,854,457,-397,1311,24,-1.2413398475064807,1.3705538943474083
194,1560384000,509,128,-381,637,24,-1.1446434621116235,-0.12351566117784439
194,1560398400,70,32,-38,102,24,0.9282852997906301,-1.3094610798811237
194,1560412800,151,140,-11,291,24,1.0914604501444518,-0.8905009226195914
194,1560427200,679,568,-111,1247,24,0.4871080414265937,1.228683788184773
194,1560441600,521,365,-156,886,24,0.2151494575035575,0.42844772061115843
194,1560456000,867,510,-357,1377,24,-0.9995988840193375,1.516857441327626
194,1560470400,531,153,-378,684,24,-1.1265128898500878,-0.019329801964659117
194,1560484800,101,26,-75,127,24,0.7046749085650227,-1.2540430696613443
194,1560499200,147,224,77,371,24,1.6232905698161673,-0.7131632899162972
194,1560513600,615,618,3,1233,24,1.176069787364952,1.1976497024616966
194,1560528000,625,387,-238,1012,24,-0.28041951764508627,0.7077544921188467
194,1560542400,870,462,-408,1332,24,-1.3078186124654452,1.417105022932023
194,1561161600,8957,8483,-474,17440,25,-1.9669140736563413,4.106814407855534
194,1561176000,210,99,-111,309,25,0.3550040035379738,-0.3059135329402565
194,1561190400,53,74,21,127,25,1.199337849790452,-0.3527944205256184
194,1561204800,235,246,11,481,25,1.1353731644682945,-0.26160851829914533
194,1561219200,498,322,-176,820,25,-0.06076645105604957,-0.17428642548904824
194,1561233600,678,364,-314,1042,25,-0.9434791085018223,-0.11710204612668378
194,1561248000,466,183,-283,649,25,-0.7451885840031341,-0.21833385283573437
194,1561262400,222,52,-170,274,25,-0.022387639862755104,-0.3149290882451338
194,1561276800,49,62,13,111,25,1.148166101532726,-0.3569158172364194
194,1561291200,156,177,21,333,25,1.199337849790452,-0.299731437874055
194,1561305600,436,317,-119,753,25,0.3038322552802478,-0.1915447742155276
194,1561320000,573,244,-329,817,25,-1.0394261364850583,-0.17505918737232343
194,1561334400,329,103,-226,432,25,-0.3805898776668368,-0.2742302957259735
194,1561348800,65,22,-43,87,25,0.7899638637286444,-0.363097912302621
194,1561363200,159,106,-53,265,25,0.725999178406487,-0.3172473738949594
194,1561377600,506,424,-82,930,25,0.5405015909722304,-0.14595182310229107
194,1561392000,447,254,-193,701,25,-0.16950641610371722,-0.204939313525631
194,1561406400,929,439,-490,1368,25,-2.0692575701717932,-0.03312858814411254
194,1561420800,508,134,-374,642,26,-1.3010756198612892,-0.009866819932783802
194,1561435200,65,40,-25,105,26,1.0215606529345673,-1.3585714063812986
194,1561449600,145,155,10,300,26,1.254489792040169,-0.8688183442631229
194,1561464000,672,442,-230,1114,26,-0.34273859039824245,1.1755867458096725
194,1561478400,474,331,-143,805,26,0.23625669823568168,0.39951650891471696
194,1561492800,915,488,-427,1403,26,-1.6537968876497717,1.901425899410456
194,1561507200,547,141,-406,688,26,-1.5140394041864107,0.1056646716438115
194,1561521600,67,30,-37,97,26,0.9416992338126466,-1.3786638396989674
194,1561536000,157,131,-26,288,26,1.0149055346744071,-0.8989569942396259
194,1561550400,645,464,-181,1109,26,-0.01663779565040012,1.1630289749861296
194,1561564800,502,269,-233,771,26,-0.36270394517872256,0.31412366731462477
194,1561579200,935,456,-479,1391,26,-1.999863037178094,1.871287249433953
194,1561593600,577,144,-433,721,26,-1.693727597210732,0.1885459590791951
194,1561608000,75,33,-42,108,26,0.9084236425118465,-1.3510367438871729
194,1561622400,149,155,6,304,26,1.2278693189995287,-0.8587721276042884
194,1561636800,632,541,-91,1173,26,0.5823228477640041,1.3237684415274795
194,1561651200,512,349,-163,861,26,0.10315433303248073,0.5401635421383982
194,1561665600,840,589,-251,1429,26,-0.4824960738616034,1.9667263076928794
194,1561680000,562,162,-400,724,26,-1.4741086946254505,0.19608062157332087
194,1561694400,93,37,-56,130,26,0.8152519868696058,-1.2957825522635837
194,1561708800,144,132,-12,276,26,1.1080771903166478,-0.9290956442161291
194,1561723200,554,410,-144,964,26,0.22960157997552164,0.7988536211033834
194,1561737600,563,337,-226,900,26,-0.31611811735760226,0.6381141545620334
194,1561752000,808,381,-427,1189,26,-1.6537968876497717,1.363953308162817
194,1561766400,519,165,-354,684,26,-1.1679732546580883,0.09561845498497713
194,1561780800,203,56,-147,259,26,0.2096362251950415,-0.9717920650161752
194,1561795200,58,86,28,144,26,1.3742819207230497,-1.2606207939576635
194,1561809600,224,237,13,461,26,1.274455146820649,-0.46445812374503925
194,1561824000,494,270,-224,764,26,-0.30280788083728216,0.2965427881616646
194,1561838400,583,288,-295,871,26,-0.7753212773086455,0.5652790837854842
194,1561852800,334,135,-199,469,26,-0.13642992433328097,-0.4443656904273705
194,1561867200,189,42,-147,231,26,0.2096362251950415,-1.0421155816280159
194,1561881600,45,50,5,95,26,1.2212142007393687,-1.3836869480283847
194,1561896000,191,185,-6,376,26,1.1480078998776082,-0.6779402277452697
194,1561910400,414,275,-139,689,26,0.2628771712763219,0.1081762258085201
194,1561924800,576,231,-345,807,26,-1.1080771903166478,0.4045396172441342
194,1561939200,374,122,-252,496,26,-0.48915119212176345,-0.3765537279802385
194,1561953600,70,32,-38,102,26,0.9350441155524867,-1.3661060688754245
194,1561968000,142,132,-10,274,26,1.121387426836968,-0.9341187525455463
194,1561982400,550,404,-146,954,26,0.21629134345520154,0.7737380794562975
194,1561996800,426,322,-104,748,26,0.4958063103819235,0.25635792152632714
194,1562011200,780,433,-347,1213,26,-1.121387426836968,1.4242306081158231
194,1562025600,462,120,-342,582,27,-1.5290238594175352,0.22347788308955024
194,1562040000,89,22,-67,111,27,0.3914008443963547,-1.2317029869820377
194,1562054400,149,150,1,299,27,0.8662694984303347,-0.6508664613483678
194,1562068800,589,429,-160,1018,27,-0.2580518736207062,1.5705242936016783
194,1562083200,474,302,-172,776,27,-0.34185222433258505,0.8228517446476991
194,1562097600,822,416,-406,1238,27,-1.9759590632142223,2.2502266108325686
194,1562112000,461,106,-355,567,27,-1.6198075726887373,0.17713454327835318
194,1562126400,59,31,-28,90,27,0.6637519842099608,-1.2965836627177136
194,1562140800,131,145,14,276,27,0.9570532117015367,-0.7219262490588699
194,1562155200,508,467,-41,975,27,0.5729682709387588,1.4376733861429134
194,1562169600,509,355,-154,864,27,-0.2161516982647668,1.0947326715400552
194,1562184000,800,325,-475,1125,27,-2.4578110798075254,1.9011067842548839
194,1562198400,431,136,-295,567,27,-1.2008058191293431,0.17713454327835318
194,1562212800,100,27,-73,127,27,0.34950066904041527,-1.1822700911834274
194,1562227200,44,66,22,110,27,1.0129201121761227,-1.2347925429694508
194,1562241600,196,164,-32,360,27,0.635818533972668,-0.46240354611616635
194,1562256000,358,214,-144,572,27,-0.14631807267153443,0.19258232321541888
194,1562270400,337,146,-191,483,27,-0.47453611295972653,-0.0823881596643504
194,1562284800,245,167,-78,412,27,0.3145838562437991,-0.3017466347706832
194,1562299200,78,29,-49,107,27,0.5171013704641729,-1.2440612109316902
194,1562313600,64,126,62,190,27,1.292254614549052,-0.9876280639763998
194,1562328000,242,356,114,598,27,1.6553894676338603,0.27291077888816045
194,1562342400,401,295,-106,696,27,0.11904970458274852,0.575687265654648
194,1562356800,565,308,-257,873,27,-0.9354380418750602,1.1225386754267734
194,1562371200,380,135,-245,515,27,-0.8516376911631812,0.01647763193287001
194,1562385600,147,35,-112,182,27,0.07714952922680911,-1.0123445118757048
194,1562400000,37,78,41,115,27,1.145604000803264,-1.2193447630323853
194,1562414400,154,282,128,436,27,1.7531565434643857,-0.22759729107276788
194,1562428800,369,307,-62,676,27,0.4263176571929709,0.5138961459063852
194,1562443200,473,225,-248,698,27,-0.8725877788411509,0.5818663776294742
194,1562457600,292,104,-188,396,27,-0.4535860252817568,-0.3511795305692934
194,1562472000,124,32,-92,156,27,0.21681678041327382,-1.0926729675484466
194,1562486400,38,69,31,107,27,1.0757703752100316,-1.2440612109316902
194,1562500800,120,205,85,325,27,1.4528719534134864,-0.5705380056756262
194,1562515200,374,275,-99,649,27,0.16793324249801117,0.4304781342462305
194,1562529600,442,217,-225,659,27,-0.7119704399767165,0.4613736941203619
194,1562544000,283,75,-208,358,27,-0.5932532764682216,-0.46858265809099264
194,1562558400,57,17,-40,74,27,0.5799516334980821,-1.3460165585163237
194,1562572800,145,138,-7,283,27,0.8104025979557489,-0.700299357146978
194,1562587200,518,409,-109,927,27,0.09809961690477881,1.2893746987470829
194,1562601600,447,231,-216,678,27,-0.6491201769428074,0.5200752578812115
194,1562616000,773,383,-390,1156,27,-1.8642252622650506,1.9968830198646912
194,1562630400,393,101,-292,494,28,-0.881888546659072,-0.30545134322750433
194,1562644800,50,31,-19,81,28,1.1889150732452738,-1.4053805522007847
194,1562659200,156,143,-13,299,28,1.2344272407156989,-0.8247883789412809
194,1562673600,607,491,-116,1098,28,0.4531350324733999,1.3031618340602957
194,1562688000,477,291,-186,768,28,-0.0778402546815605,0.424283773621597
194,1562702400,804,449,-355,1253,28,-1.3597663050985365,1.7159681957815027
194,1562716800,511,126,-385,637,28,-1.5873271424506623,0.07539581629593177
194,1562731200,71,27,-44,98,28,0.9992810421185021,-1.3601050157539427
194,1562745600,168,132,-36,300,28,1.059963932079069,-0.8221251120914665
194,1562760000,656,404,-252,1060,28,-0.5784740968562375,1.2019576937673546
194,1562774400,526,265,-261,791,28,-0.6467423480618752,0.4855389111673245
194,1562788800,827,476,-351,1303,28,-1.329424860118253,1.8491315382722147
194,1562803200,517,171,-346,688,28,-1.2914980538928986,0.21122242563645793
194,1562817600,92,27,-65,119,28,0.839988455972014,-1.3041764119078438
194,1562832000,170,121,-49,291,28,0.9613542358931478,-0.8460945137397947
194,1562846400,629,359,-270,988,28,-0.715010599267513,1.0102024805807295
194,1562860800,496,262,-234,758,28,-0.44193759444496195,0.39765110512345464
194,1562875200,811,468,-343,1279,28,-1.268741970157686,1.7852131338766728
194,1562889600,500,132,-368,632,28,-1.4583760012844575,0.062079482046860576
194,1562904000,88,21,-67,109,28,0.8248177334818723,-1.3308090804059862
194,1562918400,138,119,-19,257,28,1.1889150732452738,-0.9366455866334789
194,1562932800,548,414,-134,962,28,0.3165985300621244,0.9409575424855593
194,1562947200,517,386,-131,903,28,0.339354613797337,0.7838247983465192
194,1562961600,789,428,-361,1217,28,-1.4052784725689615,1.62009058918819
194,1562976000,525,157,-368,682,28,-1.4583760012844575,0.1952428245375725
194,1562990400,197,41,-156,238,28,0.1497205826705654,-0.9872476567799494
194,1563004800,62,70,8,132,28,1.393719826862187,-1.2695539428602587
194,1563019200,229,222,-7,451,28,1.279939408186124,-0.4199718177695166
194,1563033600,448,309,-139,757,28,0.2786717238367701,0.39498783827364037
194,1563048000,584,303,-281,887,28,-0.7984495729632926,0.7412125287494914
194,1563062400,394,184,-210,578,28,-0.25988892456326124,-0.08173692784310829
194,1563076800,191,32,-159,223,28,0.1269644989353528,-1.0271966595271629
194,1563091200,43,64,21,107,28,1.4923295230481082,-1.3361356141056147
194,1563105600,135,175,40,310,28,1.6364513867044546,-0.7954924435933242
194,1563120000,370,286,-84,656,28,0.6958665923156676,0.1259978864424023
194,1563134400,465,194,-271,659,28,-0.7225959605125839,0.13398768699184502
194,1563148800,311,63,-248,374,28,-0.5481326518759541,-0.625043365205213
194,1563163200,50,26,-24,76,28,1.1509882670199194,-1.418696886449856
194,1563177600,160,126,-34,286,28,1.0751346545692106,-0.8594108479888659
194,1563192000,585,333,-252,918,28,-0.5784740968562375,0.8237738010937328
194,1563206400,424,240,-184,664,28,-0.06266953219141878,0.1473040212409162
194,1563220800,759,423,-336,1182,28,-1.21564444144219,1.5268762494446917
194,1563235200,402,116,-286,518,29,-0.9649857200585041,-0.1512824237761911
194,1563249600,52,23,-29,75,29,1.085822679687803,-1.3444832617498297
194,1563264000,174,148,-26,322,29,1.1097620773502113,-0.6791997245500809
194,1563278400,640,322,-318,962,29,-1.220339295124192,1.0446118698136408
194,1563292800,474,245,-229,719,29,-0.5101371644727473,0.39010215507866525
194,1563307200,830,421,-409,1251,29,-1.9465010242172425,1.823020542893509
194,1563321600,465,133,-332,598,29,-1.3320564842154308,0.06419402551927411
194,1563336000,78,20,-58,98,29,0.8544085022845233,-1.2825337825773835
194,1563350400,159,122,-37,281,29,1.021984285921381,-0.7896314048140068
194,1563364800,633,396,-237,1029,29,-0.5739755582391692,1.225073396098593
194,1563379200,485,280,-205,765,29,-0.3186219831734812,0.5140011134235577
194,1563393600,816,461,-355,1277,29,-1.5155918662938939,1.8930503889145351
194,1563408000,435,145,-290,580,29,-0.9969049169417151,0.01571182442779444
194,1563422400,64,23,-41,87,29,0.99006508903817,-1.31216179435551
194,1563436800,149,178,29,327,29,1.5486510344943627,-0.6657324464691143
194,1563451200,616,390,-226,1006,29,-0.486197766810339,1.1631239169261467
194,1563465600,462,269,-193,731,29,-0.22286439252384818,0.42242362247298504
194,1563480000,831,476,-355,1307,29,-1.5155918662938939,1.9738540574003345
194,1563494400,485,134,-351,619,29,-1.483672669410683,0.12075659345933373
194,1563508800,87,27,-60,114,29,0.8384489038429178,-1.2394384927182904
194,1563523200,142,126,-16,268,29,1.189560069558239,-0.8246463278245199
194,1563537600,519,352,-167,871,29,-0.015389612782976639,0.7995074087400491
194,1563552000,537,318,-219,855,29,-0.43033917226471974,0.7564121188809562
194,1563566400,769,565,-204,1334,29,-0.31064218395267845,2.046577359037554
194,1563580800,436,140,-296,576,29,-1.0447837122665316,0.00493800196302118
194,1563595200,175,42,-133,217,29,0.25592356072431693,-0.962012564250379
194,1563609600,52,68,16,120,29,1.444913644623927,-1.2232777590211306
194,1563624000,181,185,4,366,29,1.349156053974294,-0.560687677437575
194,1563638400,366,231,-135,597,29,0.2399639622827114,0.061500569903080796
194,1563652800,459,183,-276,642,29,-0.8851877278504766,0.18270607263178
194,1563667200,327,129,-198,456,29,-0.2627633886278619,-0.3182766719801766
194,1563681600,163,35,-128,198,29,0.2958225568283307,-1.013188220958052
194,1563696000,45,44,-1,89,29,1.3092570578702802,-1.3067748831231234
194,1563710400,145,147,2,292,29,1.3331964555326883,-0.7600033930358804
194,1563724800,306,227,-79,533,29,0.6868327186476655,-0.11088058953329137
194,1563739200,402,181,-221,583,29,-0.44629877070632523,0.023792191276374386
194,1563753600,286,78,-208,364,29,-0.34256138083588944,-0.5660745886699616
194,1563768000,43,24,-19,67,29,1.1656206718958306,-1.3660309066793763
194,1563782400,140,126,-14,266,29,1.2055196679998443,-0.8300332390569065
194,1563796800,544,428,-116,972,29,0.3915801474779637,1.071546425975574
194,1563811200,431,255,-176,686,29,-0.0872078057702014,0.30121811974428586
194,1563825600,719,378,-341,1097,29,-1.4038746772026554,1.4082283779997384
194,1563840000,358,118,-240,476,30,-0.7522091236820602,-0.21755245153916217
194,1563854400,55,28,-27,83,30,0.9850269303219489,-1.3318643567569322
194,1563868800,143,131,-12,274,30,1.1073674975053298,-0.7903031000225961
194,1563879422,543,303,-240,846,30,-0.7522091236820602,0.831545270930494
194,1563883200,87,75,-12,162,30,1.1073674975053298,-1.107867816013411
194,1563888386,147,91,-56,238,30,0.7485018337674124,-0.8923774730196438
194,1563897600,334,188,-146,522,30,0.014458430667126898,-0.08712408604293465
194,1563912000,756,498,-258,1254,30,-0.8990178043021173,1.9883881648970338
194,1563926400,452,132,-320,584,30,-1.4046921486600916,0.08867066745198071
194,1563940800,68,43,-25,111,30,1.0013390059463996,-1.2524731777592284
194,1563955200,160,125,-35,285,30,0.9197786278241457,-0.7591137082734982
194,1563969600,554,388,-166,942,30,-0.148662325577381,1.103743598922621
194,1563984000,414,282,-132,696,30,0.1286429600382824,0.4062353834427956
194,1563998400,738,443,-295,1181,30,-1.2007912033544568,1.7814040196530205
194,1564012800,493,147,-346,640,30,-1.6167491317779519,0.24745302544738815
194,1564027200,74,39,-35,113,30,0.9197786278241457,-1.2468023792593925
194,1564041600,144,131,-13,275,30,1.0992114596931044,-0.7874677007726781
194,1564056000,541,437,-104,978,30,0.35701201878059347,1.2058179719196687
194,1564070400,446,282,-164,728,30,-0.1323502499529302,0.49696815944017125
194,1564084800,786,541,-245,1327,30,-0.7929893127431872,2.195372310141047
194,1564099200,510,133,-377,643,30,-1.8695863039569391,0.2559592231971421
194,1564113600,94,36,-58,130,30,0.7321897581429616,-1.1986005920107867
194,1564128000,129,143,14,272,30,1.31942448062319,-0.795973898522432
194,1564142400,531,385,-146,916,30,0.014458430667126898,1.0300232184247533
194,1564156800,506,352,-154,858,30,-0.05078987183067626,0.8655700619295099
194,1564171200,775,394,-381,1169,30,-1.9022104552058408,1.7473792286540046
194,1564185600,487,147,-340,634,30,-1.5678129049045997,0.2304406299478802
194,1564200000,195,40,-155,235,30,-0.05894590964290165,-0.9008836707693977
194,1564214400,57,64,7,121,30,1.2623322159376122,-1.2241191852600486
194,1564228800,190,194,4,384,30,1.237864102500936,-0.47840918253161724
194,1564243200,409,253,-156,662,30,-0.06710194745512704,0.30983180894558393
194,1564257600,567,248,-319,815,30,-1.3965361108478662,0.7436478941830363
194,1564272000,394,117,-277,511,30,-1.0539825227343997,-0.11831347779203254
194,1564286400,197,35,-162,232,30,-0.1160381743284794,-0.9093898685191517
194,1564300800,56,46,-10,102,30,1.1236795731297806,-1.2779917710084903
194,1564315200,145,178,33,323,30,1.4743891990554725,-0.6513685367766147
194,1564329600,345,201,-144,546,30,0.03077050629157769,-0.0190745040449029
194,1564344000,486,218,-268,704,30,-0.9805781824243712,0.42891857744213946
194,1564358400,314,105,-209,419,30,-0.49937195150307295,-0.3791702087844876
194,1564372800,57,25,-32,82,30,0.9442467412608219,-1.33469975600685
194,1564387200,123,149,26,272,30,1.4172969343698947,-0.795973898522432
194,1564401600,455,378,-77,833,30,0.5772250397106791,0.7946850806815602
194,1564416000,374,216,-158,590,30,-0.08341402307957783,0.10568306295148865
194,1564430400,722,430,-292,1152,30,-1.1763230899177808,1.6991774414053988
194,1564444800,391,104,-287,495,31,-0.8944398123278907,-0.4198352475547985
194,1564459200,54,13,-41,67,31,0.8582228667241728,-1.527605004267588
194,1564473600,154,134,-20,288,31,1.0078404124969098,-0.9556023962453298
194,1564488000,594,327,-267,921,31,-0.7519469115919506,0.6827580149677442
194,1564502400,450,256,-194,706,31,-0.2318478239057692,0.12628488951622618
194,1564516800,765,388,-377,1153,31,-1.5356578656396214,1.2832313410363592
194,1564531200,429,131,-298,560,31,-0.9728109077326579,-0.2515991863717814
194,1564545600,69,32,-37,101,31,0.8867214468713608,-1.4396046030333944
194,1564560000,151,210,59,361,31,1.5706873704038735,-0.7666603583013261
194,1564574400,590,508,-82,1098,31,0.5661124202154956,1.1408777508045753
194,1564588800,471,275,-196,746,31,-0.24609711397936318,0.2298147733211598
194,1564603200,719,413,-306,1132,31,-1.0298080680270338,1.228878152038769
194,1564617600,408,121,-287,529,31,-0.8944398123278907,-0.33183484632060495
194,1564632000,68,21,-47,89,31,0.8154749965033907,-1.4706635681748745
194,1564646400,146,145,-1,291,31,1.143208668196053,-0.9478376549599599
194,1564660800,555,544,-11,1099,31,1.071962217828083,1.1434659978996988
194,1564675200,466,311,-155,777,31,0.04601333252931407,0.3100504332699833
194,1564689600,789,454,-335,1243,31,-1.2364227740941471,1.5161735795974598
194,1564704000,504,134,-370,638,31,-1.4857853503820422,-0.04971591295216092
194,1564718400,91,36,-55,127,31,0.7584778362090147,-1.3723101785601877
194,1564732800,125,145,20,270,31,1.2928262139687903,-1.00219084395755
194,1564747200,499,454,-45,953,31,0.8297242865769847,0.7655819220116912
194,1564761600,545,373,-172,918,31,-0.07510563309623504,0.6749932736823743
194,1564776000,791,420,-371,1211,31,-1.4929099954188394,1.4333496725535129
194,1565395200,9834,8189,-1645,18023,32,-4.007307536815241,4.232678095695972
194,1565409600,163,32,-131,195,32,0.21132772774202244,-0.2954430191389241
194,1565424000,55,77,22,132,32,0.6376495213201343,-0.31144434459520626
194,1565438400,190,192,2,382,32,0.5819211822903158,-0.2479470213559913
194,1565452800,394,244,-150,638,32,0.1583858056636948,-0.1829257623590352
194,1565467200,523,248,-275,771,32,-0.1899163132726711,-0.14914518639577284
194,1565481600,382,113,-269,495,32,-0.17319781156372555,-0.21924623125186615
194,1565496000,160,33,-127,193,32,0.22247339554798612,-0.2959509977248378
194,1565510400,48,45,-3,93,32,0.5679890975328611,-0.3213499270205238
194,1565524800,121,155,34,276,32,0.6710865247380254,-0.27486988640941845
194,1565539200,369,201,-168,570,32,0.10823030053685812,-0.2001970342801017
194,1565553600,455,162,-293,617,32,-0.2400718183995078,-0.18825953751112925
194,1565568000,275,89,-186,364,32,0.05807479541002142,-0.2525188286292148
194,1565582400,47,17,-30,64,32,0.49275583984260607,-0.32871561651627274
194,1565596800,114,130,16,244,32,0.6209310196111888,-0.28299754378403796
194,1565603702,317,203,-114,520,32,0.2586968159173682,-0.21289649892794466
194,1565611200,183,145,-38,328,32,0.47046450423067865,-0.26166244317566173
194,1565625600,464,274,-190,738,32,0.04692912760405771,-0.15752683306334922
194,1565640000,774,389,-385,1163,32,-0.4964221779366731,-0.04958138355668382
194,1565654400,382,109,-273,491,33,-0.8828926839924057,-0.18419346199094094
194,1565668800,57,27,-30,84,33,0.8947365787470876,-1.3772980619428707
194,1565683200,132,143,11,275,33,1.1946657959171256,-0.8173890236361911
194,1565697600,498,471,-27,969,33,0.9166826190278221,1.2170448642425293
194,1565712000,418,298,-120,716,33,0.23635537032505305,0.47538524805619464
194,1565726400,740,418,-322,1158,33,-1.2413446752444022,1.7710909806821231
194,1565740800,438,119,-319,557,33,-1.2193986349636678,0.0092829596228855
194,1565755200,74,28,-46,102,33,0.7776910305831704,-1.3245317651390998
194,1565769600,137,149,12,286,33,1.2019811426773703,-0.7851429533672201
194,1565784000,536,403,-133,939,33,0.14125586244187027,1.1291010362362446
194,1565798400,457,277,-180,734,33,-0.20256543528963666,0.5281515448599655
194,1565812800,725,414,-311,1139,33,-1.1608758608817091,1.7153932229448094
194,1565827200,454,116,-338,570,33,-1.3583902234083196,0.04739195175894222
194,1565841600,70,25,-45,95,33,0.7850063773434152,-1.3450519916738997
194,1565856000,127,143,16,270,33,1.2312425297183496,-0.8320463283039052
194,1565870400,590,347,-243,937,33,-0.6634322811850608,1.123238114369159
194,1565884800,435,274,-161,709,33,-0.06357384684498492,0.45486502152139485
194,1565899200,769,410,-359,1179,33,-1.512012505373461,1.8326516602865226
194,1565913600,546,122,-424,668,33,-1.9875100447893748,0.3346751232461391
194,1565928000,81,31,-50,112,33,0.748429643542191,-1.2952171558036716
194,1565942400,110,111,1,221,33,1.1215123283146773,-0.9756879140475037
194,1565956800,452,371,-81,823,33,0.5216538939746014,0.7890515679452769
194,1565971200,490,341,-149,831,33,0.024210314277953022,0.8125032554136195
194,1565985600,798,344,-454,1142,33,-2.20697044759672,1.724187605745438
194,1566000000,445,139,-306,584,33,-1.124299127080485,0.08843240482854177
194,1566014400,165,41,-124,206,33,0.20709398328407372,-1.019659828050646
194,1566028800,57,72,15,129,33,1.2239271829581049,-1.2453823199334435
194,1566043200,204,205,1,409,33,1.1215123283146773,-0.42457325854145256
194,1566057600,414,261,-153,675,33,-0.00505107276302629,0.3551953497809388
194,1566072000,559,242,-317,801,33,-1.204767941443178,0.7245594274073347
194,1566086400,349,162,-187,511,33,-0.25377286261135046,-0.12556424332008445
194,1566100800,167,54,-113,221,33,0.28756279764676684,-0.9756879140475037
194,1566115200,45,52,7,97,33,1.1654044088761462,-1.3391890698068138
194,1566129600,117,149,32,266,33,1.348288077882267,-0.8437721720380765
194,1566144000,331,211,-120,542,33,0.23635537032505305,-0.03468895438025687
194,1566158400,407,165,-242,572,33,-0.656116934424816,0.05325487362602787
194,1566172800,252,75,-177,327,33,-0.18061939500890217,-0.6649530550919642
194,1566187200,62,19,-43,81,33,0.7996370708639048,-1.386092444743499
194,1566201600,114,130,16,244,33,1.2312425297183496,-0.9082643125760187
194,1566216000,496,371,-125,867,33,0.1997786365238289,0.9180358490211612
194,1566230400,408,237,-171,645,33,-0.1367273144474332,0.2672515217746541
194,1566244800,721,356,-365,1077,33,-1.5559045859349299,1.5336426450651544
194,1566259200,385,91,-294,476,34,-1.1741244250689995,-0.19262495825290618
194,1566273600,53,18,-35,71,34,0.9753413265130564,-1.4097685466191527
194,1566288000,137,140,3,277,34,1.290706958019304,-0.7906782275982964
194,1566302400,504,374,-130,878,34,0.18692724774743744,1.0155027516809978
194,1566316800,433,253,-180,686,34,-0.22802753055025676,0.43848653201107346
194,1566331200,731,405,-326,1136,34,-1.439695483179524,1.7908682968624583
194,1566345600,475,103,-372,578,34,-1.8214538792134025,0.11391490844674106
194,1566360000,66,14,-52,80,34,0.8342567018918404,-1.382720911322125
194,1566374400,134,120,-14,254,34,1.149622333398088,-0.8597999622462561
194,1566388800,529,330,-199,859,34,-0.3857103463033806,0.9584021882761614
194,1566403200,452,289,-163,741,34,-0.08694290592904073,0.6037776366040205
194,1566417600,689,442,-247,1131,34,-0.784066933469167,1.7758418328085541
194,1566432000,426,138,-288,564,34,-1.1243298516732763,0.07184080909580909
194,1566446400,84,42,-42,126,34,0.9172476575513793,-1.2444774420262057
194,1566460800,123,125,2,248,34,1.2824078624533501,-0.8778317191109413
194,1566475200,516,390,-126,906,34,0.22012363001125299,1.0996509503828615
194,1566489600,487,254,-233,741,34,-0.6678795955458127,0.6037776366040205
194,1566504000,725,417,-308,1142,34,-1.290311762992354,1.8089000537271436
194,1566518400,441,117,-324,558,34,-1.4230972920476161,0.05380905223112395
194,1566532800,80,23,-57,103,34,0.792761224062071,-1.3135991766741653
194,1566547200,107,113,6,220,34,1.3156042447171656,-0.9619799178128052
194,1566561600,420,359,-61,779,34,0.7595648417982555,0.717978763413693
194,1566576000,474,295,-179,769,34,-0.2197284349843029,0.6879258353058845
194,1566590400,713,361,-352,1074,34,-1.6554719678943248,1.6045401425940453
194,1566604800,438,127,-311,565,34,-1.3152090496902156,0.07484610190658994
194,1566619200,166,53,-113,219,34,0.3280118723686535,-0.964985210623586
194,1566633600,56,59,3,115,34,1.290706958019304,-1.277535662944795
194,1566648000,175,194,19,369,34,1.4234924870745662,-0.5141912890064577
194,1566662400,409,244,-165,653,34,-0.10354109706094851,0.3393118692553052
194,1566676800,522,235,-287,757,34,-1.1160307561073224,0.6518623215765141
194,1566691200,356,121,-235,477,34,-0.6844777866777204,-0.18961966544212533
194,1566705600,163,40,-123,203,34,0.24502091670911463,-1.0130698955960797
194,1566720000,52,52,0,104,34,1.2658096713214424,-1.3105938838633844
194,1566734400,119,147,28,266,34,1.498184347168151,-0.8237364485168859
194,1566748800,347,227,-120,574,34,0.26991820340697625,0.10189373720361763
194,1566763200,465,171,-294,636,34,-1.1741244250689995,0.2882218914720307
194,1566777600,283,95,-188,378,34,-0.29442029507788786,-0.48714365370943
194,1566792000,59,22,-37,81,34,0.9587431353811486,-1.3797156185113442
194,1566806400,127,106,-21,233,34,1.0915286644364108,-0.922911111272654
194,1566820800,507,361,-146,868,34,0.054141718692175295,0.9854498235731891
194,1566835200,393,236,-157,629,34,-0.03714833253331743,0.2671848417965647
194,1566849600,724,436,-288,1160,34,-1.1243298516732763,1.862995324321199
194,1566864000,369,105,-264,474,35,-0.9503779232088858,-0.08971929239959872
194,1566878400,45,20,-25,65,35,0.929774538984807,-1.374050963099855
194,1566892800,108,128,20,236,35,1.2837781406530755,-0.8370809980882564
194,1566907200,472,349,-123,821,35,0.15883336201835552,0.9999215137935283
194,1566921600,447,272,-175,719,35,-0.25023746657608814,0.6796236399269607
194,1566936000,743,366,-377,1109,35,-1.8393203007314267,1.9042919811814838
194,1566950400,426,116,-310,542,35,-1.3122482715808936,0.12381262351144635
194,1566964800,69,21,-48,90,35,0.7488393647988031,-1.2955465822502061
194,1566979200,132,145,13,277,35,1.2287109137269003,-0.7083338134948323
194,1566993600,525,375,-150,900,35,-0.05356879898260561,1.2479953572784188
194,1567008000,479,251,-228,730,35,-0.667175041874271,0.7141655675008063
194,1567022400,745,420,-325,1165,35,-1.4302494721369832,2.0801417942846974
194,1567036800,398,105,-293,503,35,-1.1785135776173257,0.0013457893859940325
194,1567051200,56,22,-34,78,35,0.8589738186511532,-1.3332286850580377
194,1567065600,128,119,-9,247,35,1.0556424862446359,-0.8025390705144109
194,1567080000,502,392,-110,894,35,0.2611010691669664,1.2291543058745031
194,1567094400,456,282,-174,738,35,-0.24237071987234882,0.7392869693726939
194,1567108800,718,367,-351,1085,35,-1.634784886434205,1.8289277755658209
194,1567123200,406,123,-283,529,35,-1.0998461105799326,0.08299034546962891
194,1567137600,89,28,-61,117,35,0.6465716576501921,-1.2107618509325853
194,1567152000,105,119,14,224,35,1.2365776604306398,-0.8747631008960879
194,1567166400,421,288,-133,709,35,0.08016589498096251,0.6482218875871012
194,1567180800,527,348,-179,875,35,-0.28170445339104533,1.16949097642877
194,1567195200,744,307,-437,1051,35,-2.311325102955785,1.7221618176102984
194,1567209600,385,118,-267,503,35,-0.9739781633201038,0.0013457893859940325
194,1567224000,122,42,-80,164,35,0.4971034702791454,-1.0631736149352453
194,1567238400,47,65,18,112,35,1.2680446472455968,-1.226462727102515
194,1567252800,177,220,43,397,35,1.4647133148390794,-0.3315127854165174
194,1567267200,380,236,-144,616,35,-0.006368318760169803,0.35618559082640716
194,1567281600,509,258,-251,767,35,-0.8481102160602749,0.8303520511582867
194,1567296000,338,118,-220,456,35,-0.6042410682443566,-0.14624244661134594
194,1567310400,130,38,-92,168,35,0.4027025098342738,-1.0506129139993015
194,1567324800,35,49,14,84,35,1.2365776604306398,-1.3143876336541218
194,1567339200,178,148,-30,326,35,0.8904408054661105,-0.5544652270295203
194,1567353600,412,255,-157,667,35,-0.10863602590878071,0.5163345277596909
194,1567368000,496,223,-273,719,35,-1.0211786435425396,0.6796236399269607
194,1567382400,286,91,-195,377,35,-0.40757240065087413,-0.39431629009623653
194,1567396800,90,38,-52,128,35,0.7173723779838458,-1.1762199233587398
194,1567411200,41,66,25,107,35,1.323111874171772,-1.2421636032724448
194,1567425600,147,171,24,318,35,1.3152451274680326,-0.579586628901408
194,1567440000,288,177,-111,465,35,0.25323432246322714,-0.11798086950547233
194,1567454400,390,166,-224,556,35,-0.6357080550593138,0.16777507678724973
194,1567468800,251,57,-194,308,36,-0.19539962029870261,-0.7818168604841911
194,1567483200,47,14,-33,61,36,1.0371491040108378,-1.4576975363727744
194,1567497600,134,124,-10,258,36,1.213227493197915,-0.9186348110689246
194,1567512000,536,405,-131,941,36,0.28690205443111755,0.9502983939185347
194,1567526400,440,273,-167,713,36,0.01130109744264889,0.32640853925214997
194,1567540800,756,389,-367,1145,36,-1.519815330271066,1.5085156323042472
194,1567555200,366,128,-238,494,36,-0.5322452343957198,-0.2728540843089826
194,1567569600,58,23,-35,81,36,1.0218379397337007,-1.402970356138881
194,1567584000,142,133,-9,275,36,1.2208830753364837,-0.8721167078701152
194,1567598400,584,412,-172,996,36,-0.02697681325019398,1.1007981395617414
194,1567612800,507,259,-248,766,36,-0.6088010557814056,0.47143556687196747
194,1567627200,761,406,-355,1167,36,-1.427948344608243,1.56871553056153
194,1567641600,426,122,-304,548,36,-1.0375136555412456,-0.12509069767747047
194,1567656000,75,27,-48,102,36,0.9223153719323092,-1.345506816893293
194,1567670400,171,155,-16,326,36,1.1672940003665035,-0.7325623982736871
194,1567684800,596,458,-138,1054,36,0.23331297946113752,1.2595069622400323
194,1567699200,516,293,-223,809,36,-0.41741150231719126,0.5890990043748382
194,1567713600,818,438,-380,1256,36,-1.6193378980724573,1.8122514826023555
194,1567728000,511,124,-387,635,36,-1.6729269730424374,0.11297253633996578
194,1567742400,105,31,-74,136,36,0.7232702363295263,-1.2524706104956742
194,1567756800,148,119,-29,267,36,1.067771432565112,-0.8940075799636725
194,1567771200,564,407,-157,971,36,0.08785691882833463,1.0323891642693748
194,1567785600,561,329,-232,890,36,-0.4863117415643084,0.8107440843221064
194,1567800000,761,430,-331,1191,36,-1.2442143732825972,1.634388146842202
194,1567814400,406,138,-268,544,36,-0.7619126985527771,-0.13603613372424914
194,1567828800,181,34,-147,215,36,0.16441274021402036,-1.0362982485717953
194,1567843200,53,77,24,130,36,1.4735172859092465,-1.2688887645658422
194,1567857600,236,257,21,493,36,1.4505505394935407,-0.2755904433206773
194,1567872000,467,305,-162,772,36,0.04957900813549176,0.48785372094213547
194,1567886400,661,280,-381,941,36,-1.626993480211026,0.9502983939185347
194,1567900800,463,165,-298,628,36,-0.9915801627098343,0.09381802325810308
194,1567915200,192,42,-150,234,36,0.14144599379831466,-0.9843074273495966
194,1567929600,52,39,-13,91,36,1.1902607467822093,-1.3756067660219344
194,1567944000,157,210,53,367,36,1.6955291679277351,-0.6203716787942056
194,1567958400,368,281,-87,649,36,0.6237476685281348,0.15128156250369115
194,1567972800,562,230,-332,792,36,-1.2518699554211659,0.5425809011760289
194,1567987200,351,80,-271,431,36,-0.7848794449684828,-0.4452447020457468
194,1568001600,57,19,-38,76,36,0.9988711933179949,-1.4166521511973544
194,1568016000,179,120,-59,299,36,0.8381039684080549,-0.8064440915894432
194,1568030400,521,407,-114,928,36,0.4170469507867833,0.9147257267665039
194,1568044800,495,269,-226,764,36,-0.440378248732897,0.46596284884857814
194,1568059200,771,421,-350,1192,36,-1.3896704339154,1.6371245058538966
194,1568073600,455,99,-356,554,37,-0.8681994110714174,-0.26599175299182887
194,1568088000,73,25,-48,98,37,0.8265384162440883,-1.4100011968048778
194,1568102400,170,160,-10,330,37,1.0356294468869103,-0.8279613043385897
194,1568116800,574,462,-112,1036,37,0.47438510147722995,0.9432462994596833
194,1568131200,474,296,-178,770,37,0.11122699562390731,0.27590745723540483
194,1568145600,810,449,-361,1259,37,-0.8957113887875782,1.5027070581665034
194,1568160000,504,126,-378,630,37,-0.9892521130225249,-0.07532351235632072
194,1568174400,72,33,-39,105,37,0.8760599761331778,-1.3924396483252914
194,1568188800,159,150,-9,309,37,1.0411318424301426,-0.8806459497773486
194,1568203200,580,407,-173,987,37,0.1387389733400681,0.8203154601025794
194,1568217600,476,309,-167,785,37,0.17175334659946107,0.3135393468345183
194,1568232000,814,448,-366,1262,37,-0.923223366503739,1.510233436086326
194,1568246400,450,140,-310,590,37,-0.6150892160827379,-0.1756752179539566
194,1568260800,77,43,-34,120,37,0.9035719538493385,-1.354807758726178
194,1568275200,152,150,-2,302,37,1.0796486112327677,-0.8982074982569348
194,1568289600,621,467,-154,1088,37,0.24328448866147917,1.07370351673661
194,1568304000,519,300,-219,819,37,-0.11437122164861131,0.39883829659250875
194,1568318400,866,496,-370,1362,37,-0.9452329486766676,1.7611127000804156
194,1568332800,477,180,-297,657,37,-0.5435580740207199,-0.007586111077916508
194,1568347200,94,32,-62,126,37,0.749504878638838,-1.3397550028865326
194,1568361600,164,116,-48,280,37,0.8265384162440883,-0.9534009363356346
194,1568376000,506,436,-70,942,37,0.7054857142929807,0.707419791305239
194,1568390400,574,296,-278,870,37,-0.43901255869930883,0.5267867212294945
194,1568404800,942,514,-428,1456,37,-1.264371890184133,1.99693920823486
194,1568419200,783,211,-572,994,37,-2.056716848409564,0.8378770085821657
194,1568433600,200,76,-124,276,37,0.408356354958444,-0.9634361068953982
194,1568448000,44,81,37,125,37,1.294242037418822,-1.3422637955264736
194,1568462400,177,250,73,427,37,1.4923282769751798,-0.5846084182643227
194,1568476800,530,356,-174,886,37,0.13323657779683595,0.5669274034685489
194,1568491200,932,255,-677,1187,37,-2.6344683804489413,1.3220739880907588
194,1568505600,630,167,-463,797,37,-1.4569557341972585,0.34364485851380905
194,1568520000,187,55,-132,242,37,0.36433719061258674,-1.0487350566533886
194,1568534400,43,45,2,88,37,1.1016581934056964,-1.4350891232042868
194,1568548800,137,214,77,351,37,1.5143378591481085,-0.7752766588998309
194,1568563200,535,311,-224,846,37,-0.14188319936477212,0.46657569787091296
194,1568577600,739,276,-463,1015,37,-1.4569557341972585,0.8905616540209246
194,1568592000,459,128,-331,587,37,-0.7306395224906134,-0.18320159587377927
194,1568606400,60,22,-38,82,37,0.8815623716764098,-1.4501418790439322
194,1568620800,167,149,-18,316,37,0.9916102825410531,-0.8630844012977623
194,1568635200,518,358,-160,876,37,0.2102701154020862,0.5418394770691399
194,1568649600,453,243,-210,696,37,-0.06484966175952185,0.09025680187977847
194,1568664000,826,367,-459,1193,37,-1.43494615202433,1.3371267439304042
194,1568678400,494,94,-400,588,38,-0.9434874341593794,-0.19632511391014754
194,1568692800,55,19,-36,74,38,0.9965308433696849,-1.452107798085633
194,1568707200,171,161,-10,332,38,1.1351035774789038,-0.8217732990247862
194,1568721600,585,428,-157,1013,38,0.35163465770755087,0.8420165996590768
194,1568736000,495,274,-221,769,38,0.010532542977165932,0.24588629822168684
194,1568750400,863,446,-417,1309,38,-1.034092683384638,1.5651910636978779
194,1568764800,607,111,-496,718,38,-1.4551406062549568,0.12128529259337992
194,1568779200,56,15,-41,71,38,0.9698822406563735,-1.4594372690049453
194,1568793600,180,152,-28,332,38,1.039168607710983,-0.8217732990247862
194,1568808000,588,412,-176,1000,38,0.2503699673969678,0.8102555590087241
194,1568822400,516,301,-215,817,38,0.04251086623313952,0.3631578329306816
194,1568836800,866,439,-427,1305,38,-1.0873898888112605,1.5554184358054617
194,1568851200,669,127,-542,796,38,-1.700307751217421,0.3118515364954964
194,1568865600,75,26,-49,101,38,0.9272444763150754,-1.3861425598118235
194,1568880000,159,139,-20,298,38,1.081806372052281,-0.9048406361103242
194,1568894400,608,409,-199,1017,38,0.12778639491573576,0.8517892275514931
194,1568908800,507,311,-196,818,38,0.14377555654372254,0.36560098990378564
194,1568923200,925,459,-466,1384,38,-1.295248989975089,1.7484278366806822
194,1568937600,716,148,-568,864,38,-1.8388804853266398,0.4779862106665723
194,1568952000,97,21,-76,118,38,0.7833420216631943,-1.3446088912690546
194,1568966400,166,128,-38,294,38,0.9858714022843603,-0.9146132640027405
194,1568980800,547,415,-132,962,38,0.48487767127410747,0.7174155940307699
194,1568995200,557,404,-153,961,38,0.3729535398781999,0.7149724370576659
194,1569009600,1011,585,-426,1596,38,-1.0820601682685982,2.2663771149787424
194,1569024000,758,150,-608,908,38,-2.0520693070331304,0.5854851174831508
194,1569038400,193,45,-148,238,38,0.3996021425915112,-1.0514300544965676
194,1569052800,51,73,22,124,38,1.3056546348440963,-1.32994994943043
194,1569067200,229,208,-21,437,38,1.076476651509619,-0.5652418168488602
194,1569081600,557,319,-238,876,38,-0.08007270624809257,0.507304094343821
194,1569096000,785,314,-471,1099,38,-1.3218975926884002,1.0521280993460258
194,1569110400,672,233,-439,905,38,-1.1513465353232077,0.5781556465638387
194,1569124800,184,47,-137,231,38,0.45822906856079615,-1.068532153308296
194,1569139200,49,50,1,99,38,1.1937305034481887,-1.3910288737580316
194,1569153600,174,188,14,362,38,1.263016870502798,-0.7484785898316645
194,1569168000,505,245,-260,750,38,-0.1973265581866624,0.19946631573270976
194,1569182400,711,212,-499,923,38,-1.4711297678829436,0.6221324720797117
194,1569196800,386,78,-308,464,38,-0.4531531442344511,-0.49927657857505064
194,1569211200,63,15,-48,78,38,0.9325741968577377,-1.4423351701932168
194,1569225600,150,151,1,301,38,1.1937305034481887,-0.897511165191012
194,1569240000,508,383,-125,891,38,0.5221857150727434,0.5439514489403818
194,1569254400,471,223,-248,694,38,-0.1333699116747152,0.06264952523888254
194,1569268800,759,395,-364,1154,38,-0.7516174946235379,1.1865017328667489
194,1569283200,388,103,-285,491,39,-0.8393231705972375,-0.3077164725376302
194,1569297600,52,18,-34,70,39,1.046470705028525,-1.4565852790009692
194,1569312000,202,123,-79,325,39,0.7083801695577706,-0.7607146242547663
194,1569326400,552,391,-161,943,39,0.09230408269995188,0.9257483743066199
194,1569340800,464,279,-185,743,39,-0.08801086955111703,0.3799674686233234
194,1569355200,838,416,-422,1254,39,-1.8686210230304225,1.774437682644146
194,1569369600,450,128,-322,578,39,-1.117308721984302,-0.0703017785653962
194,1569384000,70,19,-51,89,39,0.9187476138506844,-1.4047360929610562
194,1569398400,182,134,-48,316,39,0.9412869828820679,-0.7852747650105146
194,1569412800,580,402,-178,982,39,-0.0354190084778886,1.0321756509148627
194,1569427200,543,277,-266,820,39,-0.6965738333984746,0.5900931173113926
194,1569441600,812,429,-383,1241,39,-1.5756092256224354,1.7389619237747318
194,1569456000,459,136,-323,595,39,-1.1248218449947631,-0.023910401582315995
194,1569470400,80,25,-55,105,39,0.8886951218088396,-1.3610736205063925
194,1569484800,162,151,-11,313,39,1.2192725342691326,-0.7934614785957641
194,1569499200,568,359,-209,927,39,-0.26832582180218595,0.8820859018519562
194,1569513600,534,297,-237,831,39,-0.47869326609509966,0.6201110671239739
194,1569528000,833,439,-394,1272,39,-1.6582535787375088,1.8235579641556428
194,1569542400,483,128,-355,611,39,-1.3652417813295217,0.019752070872347725
194,1569556800,109,26,-83,135,39,0.6783276775159258,-1.279206484653898
194,1569571200,156,124,-32,280,39,1.0614969510494472,-0.883515328033508
194,1569585600,526,388,-138,914,39,0.2651059119405596,0.8466101429825419
194,1569600000,592,296,-296,888,39,-0.9219675237123107,0.7756586252437134
194,1569614400,852,445,-407,1297,39,-1.7559241778735044,1.8917805773660548
194,1569628800,522,153,-369,675,39,-1.4704255034759786,0.1944019606910026
194,1569643200,193,47,-146,240,39,0.20500092785686994,-0.9926715091701673
194,1569657600,59,68,9,127,39,1.3695349944783566,-1.3010377208812298
194,1569672000,235,260,25,495,39,1.489744962645736,-0.29680085442396426
194,1569686400,502,395,-107,897,39,0.4980127252648569,0.8002187659994617
194,1569700800,620,362,-258,982,39,-0.636468849314785,1.0321756509148627
194,1569715200,372,158,-214,530,39,-0.30589143685449194,-0.20128919592938735
194,1569729600,175,47,-128,222,39,0.34023714204517164,-1.041791790681664
194,1569744000,64,52,-12,116,39,1.2117594112586714,-1.331055670693811
194,1569758400,170,190,20,360,39,1.45217934759343,-0.6652029657601893
194,1569772800,412,363,-49,775,39,0.9337738598716068,0.46729241353265083
194,1569787200,475,223,-252,698,39,-0.5913901112520177,0.25716676484458173
194,1569801600,283,75,-208,358,39,-0.26081269879172475,-0.6706607748170224
194,1569816000,57,22,-35,79,39,1.0389575820180637,-1.432025138245221
194,1569830400,115,126,11,241,39,1.384561240499279,-0.9899426046417508
194,1569844800,477,333,-144,810,39,0.22002717387779236,0.5628040720272277
194,1569859200,396,242,-154,638,39,0.1448959437731803,0.09343249313959276
194,1569873600,704,391,-313,1095,39,-1.0496906148901513,1.3405418626259253
194,1569888000,344,107,-237,451,40,-0.51177011084357,-0.41957554656612867
194,1569902400,62,20,-42,82,40,1.0360132007549672,-1.4042184630836734
194,1569916800,152,128,-24,280,40,1.178885506440986,-0.8758734834888933
194,1569931200,560,352,-208,912,40,-0.281586951682762,0.810560996833839
194,1569945600,476,268,-208,744,40,-0.281586951682762,0.36226828687463164
194,1569960000,750,375,-375,1125,40,-1.607124454436381,1.3789321112464052
194,1569974400,430,127,-303,557,40,-1.0356352316923056,-0.13672419385377169
194,1569988800,74,20,-54,94,40,0.9407649969642878,-1.372197555229444
194,1570003200,184,133,-51,317,40,0.9645770479119576,-0.7771423509383536
194,1570017600,588,446,-142,1034,40,0.24227816916597367,1.1361068933518348
194,1570032000,459,283,-176,742,40,-0.0275917415742841,0.3569314688989268
194,1570046400,800,423,-377,1223,40,-1.6229991550681608,1.640436192055943
194,1570060800,430,135,-295,565,40,-0.9721364291651863,-0.1153769219509523
194,1570075200,86,33,-53,119,40,0.9487023472801778,-1.3054873305331336
194,1570089600,168,145,-23,313,40,1.186822856756876,-0.7878159868897633
194,1570104000,612,389,-223,1001,40,-0.400647206421111,1.0480493967527047
194,1570118400,512,262,-250,774,40,-0.6149556649501392,0.4423205565102044
194,1570132800,831,527,-304,1358,40,-1.0435725820081956,2.0006714054160204
194,1570147200,501,163,-338,664,40,-1.3134424927484534,0.14879556784643772
194,1570161600,138,38,-100,176,40,0.5756468824333509,-1.1533880182255454
194,1570176000,153,127,-26,280,40,1.1630108058092061,-0.8758734834888933
194,1570190400,586,412,-174,998,40,-0.011717040942504232,1.0400441697891474
194,1570204800,526,306,-220,832,40,-0.3768351554734412,0.597088277805645
194,1570219200,852,485,-367,1337,40,-1.5436256519092615,1.9446348166711194
194,1570233600,481,174,-307,655,40,-1.0673846329558654,0.12477988695576589
194,1570248000,153,32,-121,185,40,0.4089625257996623,-1.1293723373348736
194,1570262400,63,72,9,135,40,1.4408180668653536,-1.2627927867274948
194,1570276800,240,277,37,517,40,1.6630638757102718,-0.24346055336786868
194,1570291200,473,339,-134,812,40,0.30577697169309315,0.5437200980485966
194,1570305600,625,313,-312,938,40,-1.107071384535315,0.879939630518002
194,1570320000,412,137,-275,549,40,-0.8133894228473876,-0.1580714657565911
194,1570334400,175,42,-133,217,40,0.3137143220089831,-1.043983249723596
194,1570348800,38,52,14,90,40,1.4805048184448033,-1.3828711911808538
194,1570363200,147,191,44,338,40,1.7186253279215014,-0.7211057621934527
194,1570377600,551,282,-269,833,40,-0.765765320952048,0.5997566867934975
194,1570392000,550,177,-373,727,40,-1.591249753804601,0.31690533408114047
194,1570406400,266,103,-163,369,40,0.07559381253228505,-0.6383850835700274
194,1570420800,59,11,-48,70,40,0.9883890988596274,-1.4362393709379024
194,1570435200,145,138,-7,283,40,1.3138204618111147,-0.867868256525336
194,1570449600,575,378,-197,953,40,-0.19427609820797273,0.9199657653357883
194,1570464000,413,262,-151,675,40,0.17084201632296425,0.17814806671281438
194,1570478400,756,466,-290,1222,40,-0.9324496775857366,1.6377677830680906
194,1570492800,430,105,-325,535,41,-0.9527418653778279,-0.22312701995350445
194,1570507200,56,35,-21,91,41,1.1313095543830263,-1.45379033497656
194,1570521600,199,138,-61,337,41,0.8570922623092296,-0.7719363361124346
194,1570536000,558,408,-150,966,41,0.24695878744503225,0.9715033601702274
194,1570550400,490,271,-219,761,41,-0.22606604138226688,0.403291694450123
194,1570564800,824,433,-391,1257,41,-1.4052003972995921,1.7780867490704733
194,1570579200,421,129,-292,550,41,-0.7265125994169457,-0.18155055660813096
194,1570593600,64,36,-28,100,41,1.0833215282701119,-1.428844456969336
194,1570608000,126,129,3,255,41,1.2958399296273042,-0.9992210024004765
194,1570622400,540,358,-182,898,41,0.027584953785994976,0.7830233930045343
194,1570636800,461,250,-211,711,41,-0.17122258296750756,0.26470348329887794
194,1570651200,737,375,-362,1112,41,-1.2063928605460896,1.376180936731863
194,1570665600,406,150,-256,556,41,-0.4797170365505287,-0.16491997126998156
194,1570680000,57,34,-23,91,41,1.1175986897793364,-1.45379033497656
194,1570694400,184,145,-39,329,41,1.0079117729498177,-0.7941104498966338
194,1570708800,568,380,-188,948,41,-0.013547640025074512,0.9216116041557793
194,1570723200,499,330,-169,829,41,0.11670557370997887,0.5917716616158162
194,1570737600,837,470,-367,1307,41,-1.2406700220553142,1.9166749602217183
194,1570752000,504,188,-316,692,41,-0.8910429746612236,0.21203996306140485
194,1570766400,103,59,-44,162,41,0.9736346114405933,-1.2569950751417922
194,1570780800,159,148,-11,307,41,1.1998638774014754,-0.8550892628031816
194,1570795200,537,395,-142,932,41,0.3018022458597916,0.8772633765873808
194,1570809600,563,343,-220,906,41,-0.23292147368411178,0.8051975067887335
194,1570824000,856,477,-379,1333,41,-1.3229352096774531,1.9887408300203657
194,1570838400,552,154,-398,706,41,-1.4531884234125065,0.25084466218375345
194,1570852800,205,33,-172,238,41,0.09613927680444413,-1.0463409941918997
194,1570867200,70,66,-4,136,41,1.2478519035143898,-1.3290609449404396
194,1570881600,238,231,-7,469,41,1.227285606608855,-0.40606345867314786
194,1570896000,537,316,-221,853,41,-0.2397769059859567,0.6582940029684138
194,1570910400,765,311,-454,1076,41,-1.8370926323158219,1.2763974247029664
194,1570924800,565,126,-439,691,41,-1.7342611477881482,0.20926819883837994
194,1570939200,227,67,-160,294,41,0.17840446442658311,-0.8911221977025053
194,1570953600,59,52,-7,111,41,1.227285606608855,-1.398355050516062
194,1570968000,197,178,-19,375,41,1.1450204189867161,-0.6666092956374885
194,1570982400,492,265,-227,757,41,-0.2809094997970262,0.3922046375580234
194,1570996800,670,222,-448,892,41,-1.7959600385047523,0.7663928076663848
194,1571011200,399,85,-314,484,41,-0.8773321100575338,-0.36448699532777434
194,1571025600,79,32,-47,111,41,0.9530683145350585,-1.398355050516062
194,1571040000,101,115,14,216,41,1.3712496849475984,-1.1073198070984476
194,1571054400,398,329,-69,727,41,0.8022488038944704,0.30905171086727634
194,1571068800,423,296,-127,719,41,0.4046337303874653,0.28687759708307714
194,1571083200,676,355,-321,1031,41,-0.9253201361704482,1.151668034666846
194,1571097600,392,107,-285,499,42,-0.796733511117831,-0.3111683015279913
194,1571112000,76,32,-44,108,42,0.9327403468136908,-1.3606663191276365
194,1571126400,185,180,-5,365,42,1.2126137097154723,-0.6708428139534451
194,1571140800,551,558,7,1109,42,1.2987285906083281,1.3261559714535522
194,1571155200,530,313,-217,843,42,-0.30874918605831453,0.6121752229075021
194,1571169600,805,476,-329,1281,42,-1.1124880743916359,1.787827733671299
194,1571184000,471,151,-320,622,42,-1.0479019137219938,0.01898069122074619
194,1571198400,102,30,-72,132,42,0.7318056247303604,-1.2962470034693463
194,1571212800,179,132,-47,311,42,0.9112116265904767,-0.8157862741845981
194,1571227200,548,447,-101,995,42,0.5236946625726254,1.0201642220766738
194,1571241600,541,295,-246,836,42,-0.5168601482160495,0.5933862558405009
194,1571256000,870,380,-490,1250,42,-2.2678627263707853,1.7046194509460075
194,1571270400,459,123,-336,582,42,-1.1627217549124684,-0.08838483487640421
194,1571284800,80,25,-55,105,42,0.8538017059952395,-1.3687187335849227
194,1571299200,189,144,-45,333,42,0.9255641067392861,-0.7567352348311654
194,1571313600,568,385,-183,953,42,-0.06475702352855625,0.9074304196746658
194,1571328000,532,312,-220,844,42,-0.3302779062815285,0.6148593610599309
194,1571342400,823,491,-332,1314,42,-1.1340167946148498,1.8764042927014482
194,1571356800,545,148,-397,693,42,-1.6004723994511523,0.20955450004318815
194,1571371200,125,35,-90,160,42,0.6026333033910767,-1.221091135201341
194,1571385600,167,141,-26,308,42,1.0619126681529745,-0.8238386886418845
194,1571400000,516,340,-176,856,42,-0.014523343007723667,0.6470690188890761
194,1571414400,462,354,-108,816,42,0.4734609820517928,0.5397034927919256
194,1571428800,880,450,-430,1330,42,-1.837288321906506,1.9193505031403082
194,1571443200,483,153,-330,636,42,-1.1196643144660405,0.05655862535474883
194,1571457600,155,35,-120,190,42,0.387346101158937,-1.140566990628478
194,1571472000,60,65,5,125,42,1.2843761104595188,-1.3150359705363475
194,1571486400,205,234,29,439,42,1.4566058722452304,-0.4722165906737169
194,1571500800,477,317,-160,794,42,0.10029649818275081,0.4806524534384929
194,1571515200,572,288,-284,860,42,-0.7895572710434263,0.657805571498791
194,1571529600,431,133,-298,564,42,-0.8900246320850915,-0.13669932162012188
194,1571544000,195,42,-153,237,42,0.1505301787035834,-1.0144124974643265
194,1571558400,46,56,10,102,42,1.320257310831542,-1.3767711480422091
194,1571572800,148,192,44,340,42,1.5642494733613004,-0.7379462677641642
194,1571587200,435,287,-148,722,42,0.18641137907560665,0.2873945064636222
194,1571601600,465,167,-298,632,42,-0.8900246320850915,0.04582207274503379
194,1571616000,293,65,-228,358,42,-0.38768782687676573,-0.6896317810204464
194,1571630400,49,17,-32,66,42,1.0188552277065466,-1.4734001215296444
194,1571644800,163,133,-30,296,42,1.0332077078553559,-0.8560483464710296
194,1571659200,543,366,-177,909,42,-0.021699583082128323,0.7893283409678004
194,1571673600,484,256,-228,740,42,-0.38768782687676573,0.3357089932073399
194,1571688000,767,405,-362,1172,42,-1.3493039968469893,1.4952566750565641
194,1571702400,489,132,-357,621,43,-1.3356105610824343,0.008687601187547073
194,1571716800,73,22,-51,95,43,1.0705103992527838,-1.4025365564249024
194,1571731200,178,139,-39,317,43,1.164868083971812,-0.8069248397139447
194,1571745600,591,401,-190,992,43,-0.02246611540929245,1.0040567313666702
194,1571760000,509,292,-217,801,43,-0.23477090602710582,0.4916160201423777
194,1571774400,800,429,-371,1229,43,-1.4456945265879673,1.6399124829905305
194,1571788800,500,175,-325,675,43,-1.0839900684983592,0.15356612687399626
194,1571803200,76,30,-46,106,43,1.1098261012190453,-1.3730242641554404
194,1571817600,175,143,-32,318,43,1.2199100667245784,-0.8042419040530845
194,1571832000,571,354,-217,925,43,-0.23477090602710582,0.8243000420890387
194,1571846400,527,286,-241,813,43,-0.4234862754651621,0.5238112480726997
194,1571860800,845,476,-369,1321,43,-1.4299682458014624,1.8867425637896662
194,1571875200,533,136,-397,669,43,-1.6501361768125282,0.13746851290883524
194,1571889600,102,37,-65,139,43,0.9604264337472509,-1.284487387347055
194,1571904000,176,142,-34,318,43,1.2041837859380735,-0.8042419040530845
194,1571918400,586,380,-206,966,43,-0.14827636170133,0.9343004041843057
194,1571932800,497,282,-215,779,43,-0.21904462524060112,0.4325914356034539
194,1571947200,796,467,-329,1263,43,-1.1154426300713687,1.7311322954597763
194,1571961600,542,148,-394,690,43,-1.626546755632771,0.1938101617868988
194,1571976000,124,30,-94,154,43,0.7323953623429328,-1.2442433524341523
194,1571990400,163,97,-66,260,43,0.9525632933539985,-0.9598521723829744
194,1572004800,571,402,-169,973,43,0.14265983284900682,0.953080953810327
194,1572019200,541,327,-214,868,43,-0.21118148484734878,0.671372709420009
194,1572033600,867,511,-356,1378,43,-1.327747420689182,2.0396698964586957
194,1572048000,509,172,-337,681,43,-1.1783477532173874,0.16966374083915728
194,1572062400,188,39,-149,227,43,0.2999226407140538,-1.04838904919136
194,1572076800,57,64,7,121,43,1.5265725420614198,-1.332780229242538
194,1572091200,210,252,42,462,43,1.801782455825252,-0.41789916888921996
194,1572105600,459,297,-162,756,43,0.19770181560177325,0.37088391540367005
194,1572120000,656,277,-379,933,43,-1.508599649733986,0.8457635273759202
194,1572134400,434,151,-283,585,43,-0.7537381719817606,-0.08789808260341905
194,1572148800,216,44,-172,260,43,0.11907041166924978,-0.9598521723829744
194,1572163200,86,45,-41,131,43,1.1491418031853071,-1.3059508726339364
194,1572177600,188,136,-52,324,43,1.0626472588595313,-0.7881442900879234
194,1572192000,343,193,-150,536,43,0.2920595003208014,-0.2193619299855674
194,1572206400,443,193,-250,636,43,-0.4942545390044332,0.04893163610044962
194,1572220800,287,64,-223,351,43,-0.2819497483866199,-0.7157050272446989
194,1572235200,60,15,-45,75,43,1.1176892416122979,-1.4561952696421059
194,1572249600,169,142,-27,311,43,1.2592257686908401,-0.8230224536791056
194,1572264000,510,394,-116,904,43,0.5594062736913812,0.7679583932109753
194,1572278400,481,271,-210,752,43,-0.17972892327433937,0.36015217276022937
194,1572292800,775,456,-319,1231,43,-1.0368112261388451,1.645278354312251
194,1572307200,449,115,-334,564,44,-1.21247036934006,-0.20214026567551016
194,1572321600,64,32,-32,96,44,0.858441141412277,-1.4427229757865085
194,1572336000,178,148,-30,326,44,0.8721557871788488,-0.833034891757599
194,1572350400,553,413,-140,966,44,0.11785027001740149,0.8634884724967576
194,1572364800,573,287,-286,860,44,-0.8833188709423376,0.5825017902921298
194,1572379200,909,438,-471,1347,44,-2.1519236043502263,1.8734500377794294
194,1572393600,460,130,-330,590,44,-1.1850410778069165,-0.13321900400267692
194,1572408000,77,41,-36,118,44,0.8310118498791335,-1.3844049851402649
194,1572422400,169,159,-10,328,44,1.0093022448445663,-0.8277332562443042
194,1572436800,538,515,-23,1053,44,0.9201570473618499,1.0941096173250842
194,1572451200,494,355,-139,849,44,0.12470759290068738,0.5533427949690081
194,1572465600,780,455,-325,1235,44,-1.1507544633904871,1.576558449034917
194,1572480000,468,136,-332,604,44,-1.1987557235734883,-0.09610755540961287
194,1572494400,77,51,-26,128,44,0.8995850787119922,-1.3578968075737907
194,1572508800,165,152,-13,317,44,0.9887302761947088,-0.8568922515674259
194,1572523200,565,481,-84,1046,44,0.501860351481411,1.0755538930285522
194,1572537600,464,356,-108,820,44,0.3372846022825498,0.4764690800262325
194,1572552000,764,514,-250,1278,44,-0.6364552471440458,1.6905436125707565
194,1572566400,724,222,-502,946,44,-2.3645006137320888,0.810472117363809
194,1572580800,158,54,-104,212,44,0.3647138938156933,-1.1352281160154063
194,1572595200,159,152,-7,311,44,1.029874213494424,-0.8727971581073105
194,1572609600,536,398,-138,934,44,0.13156491578397325,0.7786623042840398
194,1572624000,529,301,-228,830,44,-0.4855941437117563,0.5029772575927068
194,1572638400,852,486,-366,1338,44,-1.4319047016052082,1.8495926779696024
194,1572652800,528,185,-343,713,44,-1.274186275289633,0.19283158006495726
194,1572667200,141,54,-87,195,44,0.48128838283155334,-1.1802920178784126
194,1572681600,58,92,34,150,44,1.3110244517091454,-1.299578816927547
194,1572696000,230,341,111,571,44,1.8390383137221582,-0.18358454137897814
194,1572710400,507,384,-123,891,44,0.23442475903326151,0.6646771407482002
194,1572724800,602,386,-216,988,44,-0.4033062691123257,0.9218064631430012
194,1572739200,404,184,-220,588,44,-0.43073556064546925,-0.1385206395159718
194,1572750000,172,45,-127,217,44,0.206995467500118,-1.1219740272321692
194,1572764400,36,44,8,80,44,1.1327340567437123,-1.4851360598928673
194,1572778800,175,189,14,364,44,1.1738779940434276,-0.7323038170049966
194,1572793200,391,297,-94,688,44,0.4332871226485522,0.12656113614877146
194,1572807600,493,334,-159,827,44,-0.012438864765030304,0.4950248043227645
194,1572822000,313,119,-194,432,44,-0.2524451656800362,-0.5520482095529712
194,1572836400,116,34,-82,150,44,0.5155749972479827,-1.299578816927547
194,1572850800,54,70,16,124,44,1.1875926398099994,-1.3685000786003803
194,1572865200,582,392,-190,974,44,-0.2250158741468927,0.884695014549937
194,1572879600,368,294,-74,662,44,0.5704335803142698,0.057639874475938206
194,1572894000,756,387,-369,1143,44,-1.452476670255066,1.3326832154233532
194,1572908400,514,164,-350,678,44,-1.3221875354726342,0.10005295858229712
194,1572922800,134,26,-108,160,45,0.58309236377535,-1.2193547923538557
194,1572937200,51,73,22,124,45,1.4667127651668046,-1.3140036165254778
194,1572951600,506,384,-122,890,45,0.487933243625501,0.6999130311262619
194,1572966000,473,280,-193,753,45,0.005340562865552693,0.339721672473144
194,1572980400,775,420,-355,1195,45,-1.0957863988684138,1.5017989025802836
194,1572994800,559,188,-371,747,45,-1.2045396790396699,0.3239468684445403
194,1573009200,120,33,-87,153,45,0.7258310440001234,-1.2377587303872266
194,1573023600,63,83,20,146,45,1.4531186051453977,-1.2561626684205975
194,1573038000,600,380,-220,980,45,-0.17818059742344175,0.9365350915553176
194,1573052400,417,251,-166,668,45,0.18886172315454713,0.1162452820679248
194,1573066800,802,452,-350,1254,45,-1.0618009988148964,1.6569178088615535
194,1573081200,554,221,-333,775,45,-0.9462506386329369,0.3975626205780242
194,1573095600,173,35,-138,208,45,0.37917996345424504,-1.093156360125026
194,1573110000,56,75,19,131,45,1.4463215251346941,-1.2955996784921069
194,1573124400,633,432,-201,1065,45,-0.04903607722007529,1.1600114819605367
194,1573138800,459,263,-196,722,45,-0.015050677166557799,0.25821851832535814
194,1573153200,839,497,-342,1336,45,-1.0074243587292684,1.8725067972524707
194,1573167600,617,186,-431,803,45,-1.6123644796818797,0.4711783727115082
194,1573182000,177,44,-133,221,45,0.41316536350776256,-1.0589776180630512
194,1573196400,51,62,11,113,45,1.391944885049066,-1.342924090577918
194,1573210800,548,376,-172,924,45,0.14807924309032613,0.7893035872883496
194,1573225200,494,309,-185,803,45,0.05971720295118067,0.4711783727115082
194,1573239600,874,482,-392,1356,45,-1.3472783592644433,1.9250894773478164
194,1573254000,589,186,-403,775,45,-1.4220462393821818,0.3975626205780242
194,1573268400,308,78,-230,386,45,-0.2461513975304767,-0.6251705072764494
194,1573282800,58,39,-19,97,45,1.1880324847279613,-1.3849902346541947
194,1573297200,189,204,15,393,45,1.4191332050918801,-0.6067665692430784
194,1573311600,481,327,-154,808,45,0.2704266832829891,0.48432404273534463
194,1573326000,817,307,-510,1124,45,-2.149333800527456,1.3151303882418064
194,1573340400,566,164,-402,730,45,-1.4152491593714782,0.27925159036349645
194,1573354800,319,80,-239,399,45,-0.3073251176268082,-0.5909917652144747
194,1573369200,63,28,-35,91,45,1.0792792045567052,-1.4007650386827983
194,1573383600,130,169,39,299,45,1.582263125348764,-0.8539051656912031
194,1573398000,440,269,-171,709,45,0.15487632310102964,0.22403977626338345
194,1573412400,629,258,-371,887,45,-1.2045396790396699,0.6920256291119601
194,1573426800,411,98,-313,509,45,-0.810309038418867,-0.3017870246900734
194,1573441200,150,25,-125,175,45,0.4675420035933905,-1.1799177822823463
194,1573455600,50,64,14,114,45,1.4123361250811766,-1.3402949565731508
194,1573470000,453,353,-100,806,45,0.6374690038609779,0.47906577472581
194,1573484400,389,278,-111,667,45,0.5627011237432394,0.11361614806315752
194,1573498800,694,389,-305,1083,45,-0.755932398333239,1.207335894046348
194,1573513200,458,162,-296,620,45,-0.6947586782369075,-0.009953150160904848
194,1573527600,142,37,-105,179,46,0.4826547379530575,-1.1752626625348648
194,1573542000,68,72,4,140,46,1.2233833300915415,-1.277307732305981
194,1573556400,633,405,-228,1038,46,-0.35321330638669957,1.0723454126802348
194,1573570800,390,262,-128,652,46,0.3263542093366802,0.06236087597123782
194,1573585200,861,409,-452,1270,46,-1.8754445416070702,1.6793827508058496
194,1573599600,520,183,-337,703,46,-1.0939418985251834,0.19580442874885143
194,1573614000,143,47,-96,190,46,0.5438158143681617,-1.1464807197789089
194,1573628400,56,79,23,135,46,1.3525011580789836,-1.2903904335586882
194,1573642800,615,390,-225,1005,46,-0.33282628091499816,0.9859995844123672
194,1573657200,444,283,-161,727,46,0.10209692914796488,0.25860139476184607
194,1573671600,831,458,-373,1289,46,-1.3385862041856003,1.729097015566137
194,1573686000,570,214,-356,784,46,-1.2230597265126257,0.4077441890427083
194,1573700400,155,35,-120,190,46,0.38071961059455056,-1.1464807197789089
194,1573714800,54,62,8,116,46,1.2505660307204767,-1.3401046983189757
194,1573729200,626,394,-232,1020,46,-0.38039600701563475,1.0252476881704888
194,1573743600,424,277,-147,701,46,0.19723638134923804,0.19057134824776853
194,1573758000,828,428,-400,1256,46,-1.5220694334309128,1.6427511872982694
194,1573772400,607,198,-409,805,46,-1.5832305098460169,0.4626915343040786
194,1573786800,202,38,-164,240,46,0.08170990367626348,-1.0156537072518368
194,1573801200,60,59,-1,119,46,1.1894049543053724,-1.3322550775673514
194,1573815600,572,399,-173,971,46,0.020548827261159305,0.8970372158939581
194,1573830000,477,318,-159,795,46,0.11568827946243247,0.4365261317986642
194,1573844400,812,482,-330,1294,46,-1.046372172424547,1.7421797168188442
194,1573858800,601,206,-395,807,46,-1.4880910576447437,0.4679246148051615
194,1573873200,282,56,-226,338,46,-0.33962195607223195,-0.7592327626987753
194,1573887600,51,64,13,115,46,1.2845444065066456,-1.342721238569517
194,1573902000,165,267,102,432,46,1.8893594955004536,-0.5132779791478796
194,1573916400,451,416,-35,867,46,0.9583519989594234,0.6249170298376481
194,1573930800,712,342,-370,1054,46,-1.318199178713899,1.114210056688898
194,1573945200,481,251,-230,732,46,-0.36680465670116713,0.2716840960145533
194,1573959600,316,73,-243,389,46,-0.4551484337452065,-0.6257892099211617
194,1573974000,49,32,-17,81,46,1.0806741517896317,-1.4316836070879262
194,1573988400,121,211,90,332,46,1.807811393613648,-0.7749320042020239
194,1574002800,344,288,-56,632,46,0.8156428206575136,0.010030070960408964
194,1574017200,592,263,-329,855,46,-1.0395764972673132,0.5935185468311508
194,1574031600,358,134,-224,492,46,-0.3260306057577644,-0.3562855641153931
194,1574046000,111,29,-82,140,46,0.6389552665694349,-1.277307732305981
194,1574060400,52,67,15,119,46,1.2981357568211132,-1.3322550775673514
194,1574074800,515,388,-127,903,46,0.333149884493914,0.71911247885714
194,1574089200,385,252,-133,637,46,0.2923758335505112,0.023112772213116178
194,1574103600,696,446,-250,1142,46,-0.5027181598458431,1.3444655987365448
194,1574118000,516,181,-335,697,46,-1.0803505482107159,0.18010518724560276
194,1574132400,104,23,-81,127,47,0.6788855793408399,-1.2550971832345814
194,1574146800,52,65,13,117,47,1.30003048484203,-1.2806530477305587
194,1574161200,687,420,-267,1107,47,-0.5501883826083238,1.2493775373711962
194,1574175600,353,270,-83,623,47,0.6656697302876231,0.012473695765893762
194,1574190000,875,433,-442,1308,47,-1.706575174764795,1.7630504137403404
194,1574204400,552,204,-348,756,47,-1.0854302692636046,0.35236669356239214
194,1574218800,147,39,-108,186,47,0.500471617122413,-1.1043175827083151
194,1574233200,54,77,23,131,47,1.3661097301081142,-1.2448748374361904
194,1574247600,592,395,-197,987,47,-0.08763366574573528,0.9427071634194683
194,1574262000,432,276,-156,708,47,0.1832912398452094,0.229698543981701
194,1574276400,833,438,-395,1271,47,-1.3960027220142,1.6684937151052242
194,1574290800,630,181,-449,811,47,-1.752830646451054,0.4929239482902674
194,1574305200,184,28,-156,212,47,0.1832912398452094,-1.0378723350187742
194,1574319600,51,82,31,133,47,1.4189731263209815,-1.239763664536995
194,1574334000,626,427,-199,1053,47,-0.1008495147989521,1.1113758690929185
194,1574348400,430,281,-149,711,47,0.22954671153146824,0.2373653033304942
194,1574362800,714,493,-221,1207,47,-0.24622385438433705,1.5049361823309695
194,1574377200,599,206,-393,805,47,-1.3827868729609831,0.47759042959268105
194,1574391600,210,50,-160,260,47,0.15685954173877578,-0.915204185438083
194,1574406000,54,71,17,125,47,1.3264621829484637,-1.260208356133777
194,1574420400,557,374,-183,931,47,0.0048772776267824135,0.7995943222419953
194,1574434800,462,303,-159,765,47,0.1634674662653842,0.37536697160877175
194,1574449200,883,502,-381,1385,47,-1.3034917786416822,1.9598305703593657
194,1574463600,540,188,-352,728,47,-1.1118619673700383,0.28081027297365563
194,1574478000,275,56,-219,331,47,-0.23300800533112023,-0.733757547516644
194,1574492400,53,44,-9,97,47,1.1546561452566453,-1.3317647767225134
194,1574506800,181,206,25,387,47,1.379325579161331,-0.5906447063391711
194,1574521200,425,378,-47,803,47,0.9035550132455258,0.47247925669348556
194,1574535600,781,325,-456,1106,47,-1.7990861181373128,1.2468219509215985
194,1574550000,464,160,-304,624,47,-0.7946815900928348,0.015029282215491494
194,1574564400,313,57,-256,370,47,-0.4775012128156313,-0.6340896759823325
194,1574578800,38,44,6,82,47,1.2537750131557712,-1.3700985734664795
194,1574593200,116,155,39,271,47,1.4718365225338488,-0.887092734492508
194,1574607600,342,259,-83,601,47,0.6656697302876231,-0.043749206125256346
194,1574622000,529,202,-327,731,47,-0.9466638542048282,0.28847703232244887
194,1574636400,343,100,-243,443,47,-0.391598193969722,-0.447531865161698
194,1574650800,96,24,-72,120,47,0.7383569000803156,-1.2729862883817655
194,1574665200,54,75,21,129,47,1.3528938810548974,-1.249986010335386
194,1574679600,489,370,-119,859,47,0.4277844473297205,0.6155920978709586
194,1574694000,399,255,-144,654,47,0.26258633416451027,0.09169687570342346
194,1574708400,797,419,-378,1216,47,-1.283668005061857,1.5279364603773489
194,1574722800,523,167,-356,690,47,-1.138293665476472,0.18369798788894182
194,1574737200,129,42,-87,171,48,0.12942938684431562,-0.919961961100157
194,1574751600,47,70,23,117,48,0.949681468079896,-1.0914482541695378
194,1574766000,466,440,-26,906,48,0.5842964500749556,1.4141570278997482
194,1574780400,376,273,-103,649,48,0.010119993210049397,0.5980092997732507
194,1574794800,797,383,-414,1180,48,-2.308956345556,2.284291181622162
194,1574809200,516,196,-320,712,48,-1.6080136579546862,0.7980766416875282
194,1574823600,158,44,-114,202,48,-0.07190521491350862,-0.821516126189957
194,1574838000,51,77,26,128,48,0.9720519793863208,-1.0565158611368861
194,1574852400,387,301,-86,688,48,0.13688622394645725,0.7218605114344702
194,1574866800,467,304,-163,771,48,-0.43729023291844893,0.9854412952262961
194,1574881200,686,329,-357,1015,48,-1.883916630733927,1.7603052861323873
194,1574895600,393,130,-263,523,48,-1.182973943132613,0.1978746159446955
194,1574910000,142,38,-104,180,48,0.0026631561079077585,-0.8913809122552602
194,1574924400,31,47,16,78,48,0.8974836083649045,-1.2152994658307572
194,1574938800,116,76,-40,192,48,0.47990073064497263,-0.8532728471287311
194,1574953200,190,121,-69,311,48,0.26365245468286513,-0.47536786795731795
194,1574967600,186,96,-90,282,48,0.1070588755378907,-0.5674623586797631
194,1574982000,125,52,-73,177,48,0.23382510627429856,-0.9009079285368925
194,1574996400,58,35,-23,93,48,0.6066669613813805,-1.1676643844225958
194,1575010800,19,47,28,66,48,0.9869656535906041,-1.2534075309572863
194,1575025200,156,220,64,376,48,1.255411789267703,-0.2689491818552855
194,1575039600,336,359,23,695,48,0.949681468079896,0.7440902160916121
194,1575054000,553,324,-229,877,48,-0.9294414816597971,1.322062537177303
194,1575068400,384,111,-273,495,48,-1.2575423141540292,0.10895579731612769
194,1575082800,171,62,-109,233,48,-0.034621029402800436,-0.7230702912797569
194,1575097200,38,48,10,86,48,0.8527425857520546,-1.1898940890797378
194,1575111600,95,259,164,354,48,2.0010954994818673,-0.33881396792058877
194,1575126000,302,369,67,671,48,1.277782300574128,0.6678740858385539
194,1575140400,573,358,-215,931,48,-0.8250457622298142,1.4935488302466837
194,1575154800,436,168,-268,604,48,-1.220258128643321,0.45510405554876665
194,1575169200,202,79,-123,281,48,-0.1390167488327834,-0.5706380307736406
194,1575183600,32,37,5,69,48,0.8154584002413464,-1.243880514675654
194,1575198000,85,215,130,300,48,1.7475630380090512,-0.5103002609899696
194,1575212400,298,282,-16,580,48,0.658864821096372,0.3788879252957085
194,1575226800,498,243,-255,741,48,-1.1233192463154797,0.8901711324099735
194,1575241200,241,103,-138,344,48,-0.250869305364908,-0.370570688859363
194,1575255600,93,30,-63,123,48,0.308393477295715,-1.0723942216062732
194,1575270000,47,67,20,114,48,0.927310956773471,-1.10097527045117
194,1575284400,527,321,-206,848,48,-0.7579342283105395,1.2299680464548577
194,1575298800,377,204,-173,581,48,-0.5118586039398654,0.38206359738958595
194,1575313200,669,370,-299,1039,48,-1.4514200788097118,1.8365214163854453
194,1575327600,413,153,-260,566,48,-1.160603431826188,0.33442851598142465
194,1575342000,112,31,-81,143,49,0.7351561007230656,-1.2558404578585056
194,1575356400,42,62,20,104,49,1.4082690252357453,-1.3565930987936201
194,1575370800,596,377,-219,973,49,-0.18454274663089268,0.8883824133247
194,1575385200,446,304,-142,750,49,0.3286225522550116,0.3122839792598146
194,1575399600,748,426,-322,1174,49,-0.8709846399458037,1.4076460242979822
194,1575414000,482,198,-284,680,49,-0.6177342327034093,0.1314459057865322
194,1575428400,144,40,-104,184,49,0.5818729594974059,-1.1499210148241545
194,1575442800,62,73,11,135,49,1.3482886656257045,-1.2765076662554522
194,1575457200,506,427,-79,933,49,0.7484850695252969,0.7850463713399671
194,1575471600,430,270,-160,700,49,0.20866183303493008,0.18311392677889862
194,1575486000,750,449,-301,1199,49,-0.7310304675223752,1.4722310505384404
194,1575500400,599,217,-382,816,49,-1.2708537040127421,0.4827884485346237
194,1575514800,145,58,-87,203,49,0.6951691943163718,-1.1008363948814064
194,1575529200,57,73,16,130,49,1.3816110876312826,-1.2894246715035438
194,1575543600,544,404,-140,948,49,0.34195152105724286,0.823797387084242
194,1575558000,466,274,-192,740,49,-0.004601667800770413,0.28644996876363144
194,1575572400,807,452,-355,1259,49,-1.0909126251826198,1.6272351135155394
194,1575586800,682,191,-491,873,49,-1.9972825037343467,0.630042308362868
194,1575601200,180,52,-128,232,49,0.4219253338706305,-1.025917764442475
194,1575615600,52,78,26,130,49,1.448255931642439,-1.2894246715035438
194,1575630000,599,357,-242,956,49,-0.33782588785655243,0.8444645954811886
194,1575644400,452,311,-141,763,49,0.33528703665612725,0.34586819290485277
194,1575658800,863,500,-363,1363,49,-1.144228500391545,1.8959088226758447
194,1575673200,624,239,-385,863,49,-1.290847157216089,0.6042082978666847
194,1575687600,289,57,-232,346,49,-0.271181043845396,-0.7314100447859867
194,1575702000,47,54,7,101,49,1.321630728021242,-1.364343301942475
194,1575716400,185,192,7,377,49,1.321630728021242,-0.6513246122478188
194,1575730800,512,375,-137,887,49,0.3619449742605898,0.6662099230575245
194,1575745200,800,314,-486,1114,49,-1.9639600817287686,1.252641961320883
194,1575759600,542,194,-348,736,49,-1.0442612343748103,0.27611636456515815
194,1575774000,298,71,-227,369,49,-0.23785862183981782,-0.6719918206447654
194,1575788400,52,32,-20,84,49,1.1416896491911197,-1.4082611197859864
194,1575802800,133,133,0,266,49,1.2749793372134324,-0.9380821287554523
194,1575817200,385,282,-103,667,49,0.5885374438985216,0.09786169214149405
194,1575831600,607,239,-368,846,49,-1.177550922397123,0.5602904800231734
194,1575846000,398,100,-298,498,49,-0.7110370143190282,-0.33873308524400203
194,1575860400,144,27,-117,171,49,0.4952346622829026,-1.1835052284691927
194,1575874800,49,56,7,105,49,1.321630728021242,-1.3540096977440017
194,1575889200,594,372,-222,966,49,-0.20453619983423962,0.8702986059773717
194,1575903600,393,235,-158,628,49,0.22199080183716136,-0.002890948793620431
194,1575918000,847,427,-420,1274,49,-1.5241041112551363,1.6659861292598144
194,1575932400,566,171,-395,737,49,-1.3574920012272453,0.27869976561477644
194,1575946800,127,27,-100,154,50,0.665675712543316,-1.2361451590653643
194,1575961200,62,67,5,129,50,1.2861850958271934,-1.293978444143947
194,1575975600,643,414,-229,1057,50,-0.09666438691973331,0.8527930979730441
194,1575990000,496,281,-215,777,50,-0.013929802481882986,0.20506030509291756
194,1576004400,900,462,-438,1362,50,-1.331773540313356,1.5583591759317537
194,1576018800,645,233,-412,878,50,-1.1781235977859197,0.43870677681039183
194,1576033200,180,54,-126,234,50,0.5120257700158798,-1.0510786468138995
194,1576047600,65,79,14,144,50,1.339371614394383,-1.2592784730967972
194,1576062000,661,369,-292,1030,50,-0.46897001689005974,0.7903331500881748
194,1576076400,814,648,-166,1462,50,0.2756412430505931,1.7896923162460845
194,1576090800,890,491,-399,1381,50,-1.1012986265222016,1.6023124725914764
194,1576105200,656,219,-437,875,50,-1.3258639271392239,0.4317667826009619
194,1576119600,165,37,-128,202,50,0.5002065436676154,-1.1251052517144853
194,1576134000,49,55,6,104,50,1.2920947090013257,-1.3518117292225296
194,1576148400,648,382,-266,1030,50,-0.31532007436262344,0.7903331500881748
194,1576162800,473,288,-185,761,50,0.16335859274208198,0.16804700264262462
194,1576177200,929,521,-408,1450,50,-1.154485145089391,1.7619323394083648
194,1576191600,761,272,-489,1033,50,-1.6331638121940966,0.7972731442976048
194,1576206000,276,78,-198,354,50,0.08653362147836383,-0.7734788784367023
194,1576220400,54,70,16,124,50,1.3511908407426474,-1.3055451011596635
194,1576234800,578,399,-179,977,50,0.19881627178687497,0.6677265857215794
194,1576249200,476,298,-178,774,50,0.20472588496100716,0.19812031088348764
194,1576263600,888,464,-424,1352,50,-1.2490389558755057,1.5352258619003205
194,1576278000,691,195,-496,886,50,-1.6745311044130218,0.45721342803553827
194,1576292400,338,68,-270,406,50,-0.3389585270591521,-0.6531856454732502
194,1576306800,38,36,-2,74,50,1.2448178036082684,-1.421211671316829
194,1576321200,143,211,68,354,50,1.6584907257975197,-0.7734788784367023
194,1576335600,418,352,-66,770,50,0.8666025604638097,0.1888669852709144
194,1576350000,809,288,-521,1097,50,-1.822271433766326,0.9453263540987765
194,1576364400,526,202,-324,728,50,-0.6580776384622891,0.0917070663388954
194,1576378800,331,77,-254,408,50,-0.24440471627303745,-0.6485589826669635
194,1576393200,47,48,1,95,50,1.262546643130665,-1.3726317118508193
194,1576407600,100,161,61,261,50,1.6171234335785947,-0.9886186989290301
194,1576422000,422,315,-107,737,50,0.6243084203243909,0.11252704896718518
194,1576436400,705,311,-394,1016,50,-1.0717505606515407,0.7579465104441685
194,1576450800,405,121,-284,526,50,-0.42169311149700245,-0.37558587709605307
194,1576465200,107,33,-74,140,50,0.8193256550707524,-1.2685317987093705
194,1576479600,58,57,-1,115,50,1.2507274167824005,-1.3263650837879533
194,1576494000,562,390,-172,952,50,0.24018356400580015,0.6098933006429967
194,1576508400,422,288,-134,710,50,0.46474886462282244,0.05006710108231584
194,1576522800,799,423,-376,1222,50,-0.9653775235171617,1.2344927794916902
194,1576537200,564,206,-358,770,50,-0.8590044863827827,0.1888669852709144
194,1576551600,138,38,-100,176,51,0.4951075180845938,-1.09733894085151
194,1576566000,52,59,7,111,51,1.1854622144147722,-1.2665417258571368
194,1576580400,567,382,-185,949,51,-0.05330509114965994,0.9148726408307901
194,1576594800,455,254,-201,709,51,-0.15653569994669594,0.2901238961946297
194,1576609200,744,480,-264,1224,51,-0.5630062220850253,1.6307305773930572
194,1576623600,599,223,-376,822,51,-1.2856204836642773,0.5842764301274885
194,1576638000,147,48,-99,195,51,0.5015594311344086,-1.0478796652344806
194,1576652400,49,58,9,107,51,1.1983660405144017,-1.276954204934406
194,1576666800,511,386,-125,897,51,0.3338096918392251,0.7795104128262886
194,1576681200,425,356,-69,781,51,0.6951168226288511,0.4775485195854778
194,1576695600,817,422,-395,1239,51,-1.4082068316107574,1.6697773739328172
194,1576710000,602,195,-407,797,51,-1.4856297882085345,0.5191984358945552
194,1576724400,209,44,-165,253,51,0.07573316984663506,-0.8968987186140751
194,1576738800,48,56,8,104,51,1.1919141274645868,-1.284763564242358
194,1576753200,514,382,-132,896,51,0.2886463004905218,0.7769072930569714
194,1576767600,449,285,-164,734,51,0.08218508289644981,0.35520189042756306
194,1576782000,925,478,-447,1403,51,-1.7437063102011245,2.0966890161008602
194,1576796400,643,195,-448,838,51,-1.7501582232509392,0.6259263464365659
194,1576810800,163,43,-120,206,51,0.36606925708829885,-1.0192453477719898
194,1576825200,51,63,12,114,51,1.2177217796638458,-1.2587323665491847
194,1576839600,465,384,-81,849,51,0.6176938660310741,0.6545606638990565
194,1576854000,471,335,-136,806,51,0.2628386482912628,0.5426265138184112
194,1576868400,907,457,-450,1364,51,-1.7630620493505686,1.995167345097484
194,1576882800,545,161,-384,706,51,-1.3372357880627952,0.2823145368866777
194,1576897200,232,56,-176,288,51,0.004762126298672809,-0.8057895266879683
194,1576911600,42,41,-1,83,51,1.133846910016254,-1.3394290793980221
194,1576926000,135,204,69,339,51,1.5854808235032867,-0.6730304184527843
194,1576940400,423,271,-152,694,51,0.1596080394942268,0.25107709965486963
194,1576954800,697,296,-401,993,51,-1.446918309909646,1.0294099106807528
194,1576969200,435,142,-293,577,51,-0.7501117005296529,-0.05348791335525854
194,1576983600,222,55,-167,277,51,0.06282934374700556,-0.834423844150459
194,1576998000,45,36,-9,81,51,1.0822316056177361,-1.3446353189366567
194,1577012400,92,136,44,228,51,1.4241829972579179,-0.9619767128470085
194,1577026800,367,286,-81,653,51,0.6176938660310741,0.1443491891128589
194,1577041200,610,293,-317,903,51,-0.904957613725207,0.7951291314421927
194,1577055600,350,114,-236,464,51,-0.3823526566902122,-0.3476404472881174
194,1577070000,122,32,-90,154,51,0.5596266485827414,-1.1546075757764913
194,1577084400,34,71,37,105,51,1.3790196059092146,-1.2821604444730406
194,1577098800,296,239,-57,535,51,0.7725397792266281,-0.1628189436665866
194,1577113200,441,302,-139,743,51,0.24348290914181858,0.37862996835141904
194,1577127600,776,350,-426,1126,51,-1.6082161361550147,1.3756248399999584
194,1577142000,445,129,-316,574,51,-0.8985057006753923,-0.06129727266321055
194,1577156400,106,45,-61,151,52,0.2460739200477283,-0.767491987550493
194,1577170800,38,62,24,100,52,1.0032244432715076,-0.9506485858663057
194,1577185200,204,203,-1,407,52,0.7805331129115726,0.15188230987790033
194,1577199600,412,273,-139,685,52,-0.44872303067526925,1.1502653359915462
194,1577214000,525,198,-327,723,52,-2.1233618349819814,1.2867349582660732
194,1577228400,212,73,-139,285,52,-0.44872303067526925,-0.28625700374031837
194,1577242800,79,31,-48,110,52,0.3618734118348946,-0.9147355273730091
194,1577257200,19,16,-3,35,52,0.7627178064827778,-1.1840834660727337
194,1577271600,66,57,-9,123,52,0.7092718871963933,-0.8680485513317235
194,1577286000,129,92,-37,221,52,0.459857597193266,-0.5161005780974167
194,1577300400,190,90,-100,280,52,-0.10132455531377048,-0.3042135329869667
194,1577314800,94,53,-41,147,52,0.4242269843356764,-0.7818572109478116
194,1577329200,45,29,-16,74,52,0.6469183146956115,-1.0440225379488768
194,1577343600,26,61,35,87,52,1.101208628629879,-0.9973355619075913
194,1577358000,190,183,-7,373,52,0.7270871936251881,0.029777911000691843
194,1577372400,325,272,-53,597,52,0.31733514576290756,0.8342304212505359
194,1577386800,591,291,-300,882,52,-1.8828551981932513,1.8577525883094896
194,1577401200,362,99,-263,461,52,-1.5532720292605473,0.345812825741702
194,1577415600,104,38,-66,142,52,0.20153565397574127,-0.7998137401944599
194,1577430000,39,66,27,105,52,1.0299474029146998,-0.9326920566196574
194,1577444400,233,235,2,468,52,0.8072560725547647,0.3709519666870097
194,1577458800,358,309,-49,667,52,0.35296575862049717,1.0856218307036123
194,1577473200,644,373,-271,1017,52,-1.6245332549757265,2.342578877968994
194,1577487600,449,164,-285,613,52,-1.7492403999772903,0.8916913148398106
