remote_unit_id,time_stamp,entries,exits,num_people_exited,sum_exit_entry,week_num,z_score_num_people_exited,z_score_sum_exit_entry
111,1546311600,199,145,-54,344,1,0.31659332546377594,-0.7209060322058759
111,1546326000,60,40,-20,100,1,0.4545955442556783,-1.1442658267823929
111,1546340400,101,143,42,244,1,0.7062466491115003,-0.8944141447372354
111,1546354800,280,246,-34,526,1,0.3977711012237185,-0.4051212673988019
111,1546369200,474,336,-138,810,1,-0.024353332727982766,0.08764177219025873
111,1546383600,254,139,-115,393,1,0.06900110939595117,-0.6358870570655099
111,1546398000,85,33,-52,118,1,0.3247111030397702,-1.1130343665267481
111,1546412400,76,127,51,203,1,0.7427766482034743,-0.9655524708750927
111,1546426800,601,795,194,1396,1,1.3231977448870635,1.1043993116240247
111,1546441200,510,433,-77,943,1,0.22323888333984201,0.31840756185696667
111,1546455600,1103,584,-519,1687,1,-1.5707899609548883,1.6093079190902804
111,1546470000,1658,572,-1086,2230,1,-3.87217990374926,2.5514569701355616
111,1546484400,127,49,-78,176,1,0.2191799945518449,-1.0123996612585597
111,1546498800,60,134,74,194,1,0.8361310903274083,-0.981168201002915
111,1546513200,640,753,113,1393,1,0.9944277530592963,1.0991940682480839
111,1546527600,537,404,-133,941,1,-0.004058888787997128,0.3149373996063395
111,1546542000,1151,596,-555,1747,1,-1.716909957322785,1.713412786609096
111,1546556400,583,283,-300,866,1,-0.6818933163835175,0.18480631520781998
111,1546570800,175,59,-116,234,1,0.06494222060795404,-0.9117649559903712
111,1546585200,66,135,69,201,1,0.8158366463874227,-0.9690226331257198
111,1546599600,674,815,141,1489,1,1.1080766391232157,1.265761856278189
111,1546601608,56,46,-10,102,1,0.49518443213564955,-1.1407956645317656
111,1546614000,535,414,-121,949,1,0.0446477766679684,0.3288180486088482
111,1546628400,1130,696,-434,1826,1,-1.2257844139751326,1.8504841955088698
111,1546642800,635,256,-379,891,1,-1.0025455306352906,0.22818334334065982
111,1546657200,268,96,-172,364,1,-0.1623555515198851,-0.6862044096996041
111,1546671600,36,65,29,101,1,0.6534810948675376,-1.1425307456570792
111,1546686000,213,409,196,622,1,1.331315522463058,-0.2385534793686969
111,1546700400,498,428,-70,926,1,0.2516511048558219,0.2889111827266356
111,1546714800,724,411,-313,1135,1,-0.7346588706274801,0.6515431379171767
111,1546729200,463,238,-225,701,1,-0.37747665728373286,-0.10148207046892298
111,1546743600,220,65,-155,285,1,-0.09335444212393394,-0.8232758185993779
111,1546758000,36,46,10,82,1,0.5763622078955921,-1.1754972870380376
111,1546772400,174,239,65,413,1,0.7996010912354341,-0.601185434559238
111,1546786800,447,382,-65,829,1,0.27194554879580757,0.12060831357121701
111,1546801200,644,409,-235,1053,1,-0.41806554516370414,0.509266485641462
111,1546815600,410,151,-259,561,1,-0.5154788760756353,-0.3443934280128261
111,1546830000,134,34,-100,168,1,0.1298844412159081,-1.0262803102610685
111,1546844400,76,131,55,207,1,0.7590122033554628,-0.9586121463738383
111,1546858800,691,930,239,1621,1,1.5058477403469344,1.4947925648195832
111,1546873200,563,366,-197,929,1,-0.2638277712198133,0.2941164261025764
111,1546887600,1222,566,-656,1788,1,-2.126857724910495,1.784551112746953
111,1546902000,578,292,-286,870,1,-0.6250688733515577,0.19174663970907435
111,1546916400,131,37,-94,168,2,0.2019034384719491,-1.0804220894141432
111,1546930800,76,137,61,213,2,0.8065734613752745,-1.0088135818677928
111,1546933805,53,135,82,188,2,0.8884964967363702,-1.0485960860602097
111,1546942546,677,902,225,1579,2,1.4463533565762123,1.1649024472058622
111,1546945200,553,656,103,1209,2,0.9704195320974659,0.5761213851580932
111,1546945666,3,1,-2,4,2,0.5608043552919874,-1.3413953169163975
111,1546959600,518,371,-147,889,2,-0.004854698391768617,0.06690533149515794
111,1546974000,1448,633,-815,2081,2,-2.610787442259003,1.9637351313895919
111,1546988400,893,345,-548,1238,2,-1.5691945640965006,0.6222690900212967
111,1547002800,127,34,-93,161,2,0.20580453539390603,-1.0915611905880198
111,1547017200,76,152,76,228,2,0.8650899152046285,-0.9849440793523427
111,1547031600,706,811,105,1517,2,0.9782217259413798,1.0662418368086684
111,1547046000,581,356,-225,937,2,-0.3091402583044098,0.14328773954459822
111,1547060400,1360,644,-716,2004,2,-2.224578846985266,1.8412050184769482
111,1547074800,703,309,-394,1012,2,-0.9684256381151323,0.2626352521218487
111,1547089200,176,39,-137,215,2,0.03415627082780076,-1.0056309815323996
111,1547103600,77,157,80,234,2,0.8806943028924563,-0.9753962783461627
111,1547118000,727,890,163,1617,2,1.2044853474148822,1.2253718535783358
111,1547132400,575,408,-167,983,2,-0.08287663683090737,0.2164875472586452
111,1547146800,1303,733,-570,2036,2,-1.6550186963795532,1.8921266238432417
111,1547161200,771,321,-450,1092,2,-1.1868870657447208,0.3899392655375825
111,1547175600,179,31,-148,210,2,-0.008755795313725554,-1.0135874823708828
111,1547190000,75,157,82,232,2,0.8884964967363702,-0.978578878681556
111,1547204400,700,847,147,1547,2,1.1420677966635713,1.1139808418395687
111,1547218800,589,462,-127,1051,2,0.07316724004737014,0.32469595866201895
111,1547233200,1264,728,-536,1992,2,-1.5223814010330174,1.822109416464588
111,1547247600,699,322,-377,1021,2,-0.9021069904418644,0.2769569536311188
111,1547262000,239,71,-168,310,2,-0.08677773375286431,-0.8544574656012156
111,1547276400,46,43,-3,89,2,0.5569032583700304,-1.2061348026621803
111,1547290800,206,330,124,536,2,1.0523425674585616,-0.4948236277017675
111,1547305200,521,432,-89,953,2,0.2214089230817338,0.168748542227745
111,1547319600,774,543,-231,1317,2,-0.3325468398361514,0.747981803269334
111,1547334000,461,263,-198,724,2,-0.20381064141157246,-0.19565919617479308
111,1547348400,229,68,-161,297,2,-0.05947005529916575,-0.8751443677812724
111,1547362800,31,26,-5,57,2,0.5491010645261166,-1.2570564080284738
111,1547377200,141,198,57,339,2,0.7909690736874467,-0.8083097607380121
111,1547391600,446,344,-102,790,2,0.17069466309629358,-0.09063338510681267
111,1547406000,548,347,-201,895,2,-0.21551393217744327,0.07645313250133798
111,1547420400,329,159,-170,488,2,-0.09457992759677819,-0.5712060357512079
111,1547434800,96,33,-63,129,2,0.3228374430526142,-1.1424827959543133
111,1547449200,65,149,84,214,2,0.8962986905802841,-1.0072222817000962
111,1547463600,698,910,212,1608,2,1.3956390965907721,1.2110501520690657
111,1547478000,538,375,-163,913,2,-0.06727224914307962,0.10509653551987809
111,1547492400,1349,593,-756,1942,2,-2.3806227238635436,1.7425444080797543
111,1547506800,579,275,-304,854,2,-0.6173269151390078,0.011209825625774395
111,1547521200,122,34,-88,156,3,0.17244671169374584,-1.0810308835782882
111,1547535600,83,162,79,245,3,0.872007866014124,-0.9319919191399877
111,1547550000,713,987,274,1700,3,1.688860710879236,1.504543960160318
111,1547564400,547,385,-162,932,3,-0.13753847046019413,0.21845491871520825
111,1547578800,1316,660,-656,1976,3,-2.206899010785145,1.9667322094296544
111,1547593200,688,333,-355,1021,3,-0.9460133374292539,0.3674938831535087
111,1547607600,145,33,-112,178,3,0.07191097694111667,-1.0441897912452252
111,1547622000,84,173,89,257,3,0.9138977554943861,-0.9118967778674079
111,1547636400,793,1000,207,1793,3,1.4081984513614794,1.6602813050228118
111,1547650800,541,404,-137,945,3,-0.03281374675953873,0.24022465509383642
111,1547665200,1357,619,-738,1976,3,-2.5503961045232946,1.9667322094296544
111,1547679600,706,309,-397,1015,3,-1.121950873246355,0.3574463125172188
111,1547694000,151,45,-106,196,3,0.09704491062927396,-1.0140470793363554
111,1547708400,83,150,67,233,3,0.8217399986378093,-0.9520870604125675
111,1547722800,726,954,228,1680,3,1.49616721927003,1.4710520580393518
111,1547737200,573,409,-164,982,3,-0.14591644835624656,0.3021846740176243
111,1547751600,1358,692,-666,2050,3,-2.2487889002654073,2.09065224727723
111,1547766000,815,321,-494,1136,3,-1.528282801204898,0.5600723203490655
111,1547780400,189,52,-137,241,3,-0.03281374675953873,-0.9386902995641809
111,1547794800,90,144,54,234,3,0.7672831423134685,-0.9504124653065192
111,1547809200,702,905,203,1607,3,1.3914424955693745,1.3488066152978244
111,1547823600,567,414,-153,981,3,-0.09983756992795818,0.30051007891157594
111,1547838000,1229,655,-574,1884,3,-1.8634019170469953,1.812669459673209
111,1547852400,619,313,-306,932,3,-0.7407528789759692,0.21845491871520825
111,1547866800,238,72,-166,310,3,-0.154294426252299,-0.8231432372468469
111,1547881200,57,52,-5,109,3,0.5201327943799218,-1.1597368535625592
111,1547895600,210,299,89,509,3,0.9138977554943861,-0.48989881114323114
111,1547910000,530,428,-102,958,3,0.11380086642137884,0.26199439147246456
111,1547924400,698,423,-275,1121,3,-0.6108942215871566,0.5349533937583407
111,1547938800,463,223,-240,686,3,-0.464279608406239,-0.1934954773726785
111,1547953200,184,59,-125,243,3,0.01745412061677586,-0.9353411093520844
111,1547967600,44,38,-6,82,3,0.5159438054318956,-1.2049509214258638
111,1547982000,125,180,55,305,3,0.7714721312614947,-0.8315162127770884
111,1547996400,388,336,-52,724,3,0.32325031382268965,-0.12986086334284233
111,1548010800,480,345,-135,825,3,-0.0244357688634863,0.039273242368038
111,1548025200,293,133,-160,426,3,-0.1291604925641417,-0.6288902049452417
111,1548039600,109,42,-67,151,3,0.2604154796022964,-1.0894038591085298
111,1548054000,40,97,57,137,3,0.7798501091575472,-1.1128481905932062
111,1548068400,225,381,156,606,3,1.1945600150121425,-0.3274630858565441
111,1548082800,351,312,-39,663,3,0.3777071701470304,-0.23201116481178985
111,1548097200,589,377,-212,966,3,-0.34698791786150496,0.27539115232085115
111,1548111600,324,170,-154,494,3,-0.1040265588759844,-0.515017737733956
111,1548126000,116,25,-91,141,4,0.20668649972311723,-1.2311169362940961
111,1548140400,73,137,64,210,4,0.7983879567140992,-1.1184479259555535
111,1548154800,678,827,149,1505,4,1.1228694008704443,0.9961371231518767
111,1548169200,539,381,-158,920,4,-0.04908122684717825,0.040899861585971975
111,1548183600,1286,636,-650,1922,4,-1.927256174199199,1.6770498378065475
111,1548198000,670,359,-311,1029,4,-0.6331478263285992,0.2188842402367132
111,1548212400,609,118,-491,727,4,-1.3202850021890946,-0.27424679052038636
111,1548226800,63,172,109,235,4,0.9701722506792231,-1.0776258207604295
111,1548241200,730,838,108,1568,4,0.9663548219244426,1.0990088282435897
111,1548255600,556,417,-139,973,4,0.023449919493651807,0.12744272459963515
111,1548270000,1359,655,-704,2014,4,-2.1333973269573474,1.8272751849246043
111,1548284400,649,310,-339,959,4,-0.7400358314624541,0.10458234569036563
111,1548298800,126,44,-82,170,4,0.24104335851614198,-1.183763294267752
111,1548313200,79,169,90,248,4,0.8976411043383931,-1.0563983260589649
111,1548327600,753,1004,251,1757,4,1.512247133858058,1.407623943518728
111,1548342000,566,450,-116,1016,4,0.11125078085360399,0.19765674553524867
111,1548356400,1324,620,-704,1944,4,-2.1333973269573474,1.7129732903782566
111,1548370800,713,405,-308,1118,4,-0.6216955400642576,0.36421093473135513
111,1548385200,164,45,-119,209,4,0.09979849458926239,-1.1200808101633586
111,1548399600,89,154,65,243,4,0.8022053854688798,-1.0645627470979897
111,1548414000,738,963,225,1701,4,1.4129939862337644,1.31618242788165
111,1548428400,561,435,-126,996,4,0.07307649330579868,0.16499906137914935
111,1548442800,1342,708,-634,2050,4,-1.8661773141227105,1.886059016405583
111,1548457200,702,330,-372,1032,4,-0.8660109803702115,0.22378289286012812
111,1548471600,226,73,-153,299,4,-0.029994083073275606,-0.9731212314609116
111,1548486000,42,70,28,112,4,0.6609605215420002,-1.2784705783204402
111,1548500400,186,390,204,576,4,1.3328279823833733,-0.5208123058989361
111,1548514800,534,482,-52,1016,4,0.3555662211595579,0.19765674553524867
111,1548529200,711,524,-187,1235,4,-0.1597866607358136,0.5552583870445361
111,1548543600,514,265,-249,779,4,-0.3964672435322064,-0.18933681171452815
111,1548558000,223,75,-148,298,4,-0.010906939299372956,-0.9747541156687166
111,1548572400,35,42,7,77,4,0.5807945176916091,-1.335621525593614
111,1548586800,144,274,130,418,4,1.050338254529614,-0.7788080107321207
111,1548601200,432,403,-29,835,4,0.44336708251951007,-0.0978952960774501
111,1548615600,577,336,-241,913,4,-0.3659278134939622,0.029469672131337218
111,1548630000,354,145,-209,499,4,-0.24377009334098526,-0.6465443898999185
111,1548644400,102,36,-66,138,4,0.30212221859263044,-1.236015588917511
111,1548658800,82,181,99,263,4,0.9319979631314178,-1.0319050629418904
111,1548673200,700,930,230,1630,4,1.432081130007667,1.2002476491274974
111,1548687600,545,355,-190,900,4,-0.17123894700015518,0.008242177429872665
111,1548702000,1345,640,-705,1985,4,-2.137214755712128,1.7799215428982602
111,1548716400,605,323,-282,928,4,-0.5224423924399639,0.0539629352484117
111,1548730800,128,28,-100,156,5,0.19675766521064447,-1.074775207534489
111,1548745200,75,161,86,236,5,0.8694363875850667,-0.9520564561389717
111,1548759600,762,1002,240,1764,5,1.4263854372929217,1.3918716955154056
111,1548774000,589,429,-160,1018,5,-0.020235471039169152,0.24751933875220827
111,1548788400,1482,663,-819,2145,5,-2.4035434175162886,1.976319749036556
111,1548802800,633,315,-318,948,5,-0.591650729830345,0.1401404312811308
111,1548817200,131,34,-97,165,5,0.20760732202313514,-1.0609693480024933
111,1548831600,86,159,73,245,5,0.8224212080642738,-0.9382505966069761
111,1548846000,759,1100,341,1859,5,1.7916572166467746,1.5376002127975823
111,1548860400,600,426,-174,1026,5,-0.07086720283079233,0.25979121389175996
111,1548874800,1477,635,-842,2112,5,-2.486724119745384,1.925698264085905
111,1548889200,600,328,-272,928,5,-0.4252893253721546,0.1094607434322515
111,1548903600,111,30,-81,141,5,0.2654721583564188,-1.0977849734211484
111,1548918000,65,106,41,171,5,0.7066915353977065,-1.0517654416478295
111,1548932400,670,835,165,1505,5,1.1551440169806546,0.9945697378724189
111,1548946800,494,388,-106,882,5,0.1750583515856631,0.03889746137982914
111,1548961200,1273,636,-637,1909,5,-1.7453309042251872,1.6142994324197804
111,1548975600,894,299,-595,1193,5,-1.5934357088503177,0.515966607429902
111,1548990000,135,52,-83,187,5,0.2582390538147583,-1.027221691368726
111,1549004400,76,134,58,210,5,0.7681729240018204,-0.9919400503425149
111,1549018800,714,931,217,1645,5,1.3432047350638265,1.209327552814574
111,1549033200,623,424,-199,1047,5,-0.161281009601548,0.29200488613308323
111,1549047600,1312,726,-586,2038,5,-1.5608867384128458,1.8121834190450519
111,1549062000,650,305,-345,955,5,-0.6892976411427612,0.15087832202823853
111,1549076400,204,66,-138,270,5,0.05932867891909584,-0.8999009867958769
111,1549090800,42,28,-14,70,5,0.507781160502044,-1.2066978652846698
111,1549105200,177,219,42,396,5,0.7103080876685367,-0.7066189533479375
111,1549119600,439,364,-75,803,5,0.28717147198140014,-0.08228730562324403
111,1549134000,666,369,-297,1035,5,-0.5157031321429102,0.27359707342375567
111,1549148400,439,192,-247,631,5,-0.3348755186013989,-0.3461326211236059
111,1549162800,207,52,-155,259,5,-0.0021527096850180167,-0.9167748151127606
111,1549177200,37,31,-6,68,5,0.5367135786686857,-1.2097658340695578
111,1549191600,141,191,50,332,5,0.7392405058351785,-0.8047939544643512
111,1549206000,373,299,-74,672,5,0.2907880242522304,-0.28323926103340336
111,1549220400,521,282,-239,803,5,-0.3059431004347571,-0.08228730562324403
111,1549234800,281,137,-144,418,5,0.03762936529411448,-0.6728712967141702
111,1549249200,96,40,-56,136,5,0.35588596512717446,-1.1054548953833683
111,1549263600,76,142,66,218,5,0.7971053421684621,-0.9796681752029631
111,1549278000,720,936,216,1656,5,1.3395881827929963,1.2262013811314574
111,1549292400,531,399,-132,930,5,0.08102799254407721,0.11252871221713942
111,1549306800,1329,585,-744,1914,5,-2.1323019972040216,1.6219693543820002
111,1549321200,614,269,-345,883,5,-0.6892976411427612,0.04043144577227311
111,1549335600,113,44,-69,157,6,0.31216940478180577,-1.0971325358073707
111,1549350000,79,151,72,230,6,0.8327093116003119,-0.9829600444302544
111,1549364400,696,867,171,1563,6,1.1981947780899014,1.1018609282505136
111,1549378800,523,417,-106,940,6,0.17557382639680766,0.12748473471704133
111,1549393200,1213,630,-583,1843,6,-1.5854016030530325,1.5397828129846582
111,1549407600,640,293,-347,933,6,-0.7141433193000717,0.1165366875986877
111,1549422000,148,38,-110,186,6,0.16080673684167274,-1.051776340602763
111,1549436400,93,161,68,254,6,0.8179422220451771,-0.9454238828816135
111,1549450800,734,1046,312,1780,6,1.7187346849084075,1.4412503889194757
111,1549465200,661,445,-216,1106,6,-0.23052113636940286,0.3871098520951415
111,1549479600,1603,657,-946,2260,6,-2.9255149801815272,2.191973619892295
111,1549494000,668,351,-317,1019,6,-0.6033901476365597,0.2510412664813179
111,1549508400,132,51,-81,183,6,0.267868136116401,-1.056468360796343
111,1549522800,84,143,59,227,6,0.7847162705461235,-0.9876520646238346
111,1549537200,787,1035,248,1822,6,1.4824612520262488,1.5069386716295974
111,1549551600,578,422,-156,1000,6,-0.009014793042378929,0.22132513858864378
111,1549566000,1334,583,-751,1917,6,-2.2056193643686997,1.6555193110929678
111,1549580400,716,300,-416,1016,6,-0.9688756141261492,0.24634924628773777
111,1549594800,152,49,-103,201,6,0.18664914356315887,-1.0283162396348624
111,1549609200,70,146,76,216,6,0.8474764011554469,-1.0048561386669617
111,1549623600,755,933,178,1688,6,1.2240371848113876,1.2973617696496853
111,1549638000,619,443,-176,1062,6,-0.08285024081805357,0.318293555922633
111,1549652400,1352,725,-627,2077,6,-1.7478395881595168,1.9057603880839078
111,1549666800,756,288,-468,1044,6,-1.1608477783429032,0.29014143476115223
111,1549681200,217,87,-130,304,6,0.0869712890659981,-0.8672235463219448
111,1549695600,35,46,11,81,6,0.6075111958845043,-1.2159970473780672
111,1549710000,205,318,113,523,6,0.984071979540445,-0.5247060721905957
111,1549724400,497,408,-89,905,6,0.2383339570061311,0.07274449912527323
111,1549738800,733,387,-346,1120,6,-0.710451546911288,0.4090059463318487
111,1549753200,434,206,-228,640,6,-0.27482240503480765,-0.34171728464097095
111,1549767600,196,72,-124,268,6,0.1091219233987005,-0.9235277886449063
111,1549782000,40,37,-3,77,6,0.555826382441532,-1.2222530743028408
111,1549796400,147,147,0,294,6,0.5669016996078833,-0.8828636136338784
111,1549810800,396,304,-92,700,6,0.22725863983977992,-0.2478768807693685
111,1549825200,539,280,-259,819,6,-0.3892673490871033,-0.06176007975735697
111,1549839600,339,158,-181,497,6,-0.10130910276197223,-0.5653702472016235
111,1549854000,115,34,-81,149,6,0.267868136116401,-1.1096445896569178
111,1549868400,72,154,82,226,6,0.8696270354881492,-0.989216071355028
111,1549871629,146,125,-21,271,6,0.4893744794434249,-0.9188357684513261
111,1549882800,579,801,222,1380,6,1.3864751699178717,0.815647696442126
111,1549897200,574,402,-172,976,6,-0.06808315126291864,0.1837889770400028
111,1549911600,1327,686,-641,2013,6,-1.799524401602489,1.8056639572875317
111,1549926000,662,286,-376,948,6,-0.8212047185747999,0.13999678856658831
111,1549940400,123,37,-86,160,7,0.13909156691591354,-1.1082537696640258
111,1549954800,69,131,62,200,7,0.7478802408174773,-1.0413039072089076
111,1549969200,699,1024,325,1723,7,1.8297141680884994,1.5078121057697167
111,1549983600,513,373,-140,886,7,-0.08303403031844082,0.10688623389636893
111,1549998000,1376,587,-789,1963,7,-2.752654634116514,1.9095112805004255
111,1550012400,667,325,-342,992,7,-0.913948301454359,0.28430336940243206
111,1550026800,126,49,-77,175,7,0.17611249978830593,-1.0831475712433565
111,1550041200,83,164,81,247,7,0.8260355435480834,-0.9626378188241438
111,1550046641,139,298,159,437,7,1.1468836284421509,-0.6446259721623325
111,1550055600,743,961,218,1704,7,1.389576410605612,1.4760109211035355
111,1550070000,622,427,-195,1049,7,-0.3092730645386165,0.37970692340097545
111,1550084400,1378,699,-679,2077,7,-2.300176565676163,2.1003183884975125
111,1550098800,695,379,-316,1074,7,-0.8069989398230032,0.42155058743542434
111,1550113200,143,39,-104,182,7,0.06504970117112875,-1.0714313453137108
111,1550127600,69,156,87,225,7,0.8507161654630117,-0.9994602431744588
111,1550142000,725,930,205,1655,7,1.3361017297899342,1.3939973395960157
111,1550156400,586,425,-161,1011,7,-0.16941620702068974,0.3161045540686132
111,1550170800,1447,726,-721,2173,7,-2.472940919080661,2.260998058389796
111,1550185200,670,373,-297,1043,7,-0.7288436370923971,0.36966444403270776
111,1550199600,194,63,-131,257,7,-0.04601309744604843,-0.9459003532103643
111,1550214000,79,152,73,231,7,0.7931280476615125,-0.9894177638061911
111,1550228400,687,835,148,1522,7,1.1016358215981157,1.1713890469327477
111,1550242800,674,428,-246,1102,7,-0.5190583508155068,0.46841549115400705
111,1550257200,1168,652,-516,1820,7,-1.6296863369872785,1.6701655222233782
111,1550271600,650,357,-293,1007,7,-0.7123898891491115,0.3094095678231014
111,1550286000,228,71,-157,299,7,-0.15296245907740422,-0.8756029976324902
111,1550300400,40,59,19,99,7,0.571002450427158,-1.210352309908081
111,1550314800,228,295,67,523,7,0.7684474257465841,-0.5006837678838284
111,1550329200,531,540,9,1071,7,0.5298680805689443,0.41652934775129047
111,1550343600,716,464,-252,1180,7,-0.5437389727304351,0.5989677229414875
111,1550358000,461,250,-211,711,7,-0.37508805631175857,-0.18601941434477304
111,1550372400,188,77,-111,265,7,0.03625564227037911,-0.9325103807193406
111,1550386800,35,36,1,71,7,0.4969605846823733,-1.2572172136266637
111,1550401200,125,229,104,354,7,0.9206445942219751,-0.7835469367567027
111,1550415600,396,384,-12,780,7,0.44348590386669545,-0.0705309016096942
111,1550430000,560,377,-183,937,7,-0.25991182070876,0.1922473085266446
111,1550444400,362,190,-172,552,7,-0.2146640138647249,-0.4521451176038678
111,1550458800,131,49,-82,180,7,0.15554531485919904,-1.0747788384364667
111,1550473200,46,65,19,111,7,0.571002450427158,-1.1902673511715456
111,1550487600,268,460,192,728,7,1.2826270489742562,-0.1575657228013478
111,1550502000,437,376,-61,813,7,0.24192749156144797,-0.015297265084221714
111,1550516400,754,421,-333,1175,7,-0.8769273685819666,0.5905989901345977
111,1550530800,421,167,-254,588,7,-0.5519658467020778,-0.39189024139426143
111,1550545200,94,30,-64,124,8,0.3012146210421651,-1.2477215243479352
111,1550559600,73,138,65,211,8,0.7004271496151715,-1.1233068852439003
111,1550574000,715,978,263,1693,8,1.3131719609132746,0.9960321394937958
111,1550588400,561,370,-191,931,8,-0.09180856600257768,-0.09366849265878481
111,1550602800,1330,586,-744,1916,8,-1.803161498567481,1.3149340305305746
111,1550617200,659,352,-307,1011,8,-0.4507903746418703,0.0207357731840058
111,1550631600,93,35,-58,128,8,0.3197826456269561,-1.2420013110557955
111,1550646000,75,131,56,206,8,0.672575112737985,-1.1304571518590747
111,1550660400,718,1053,335,1771,8,1.5359882559307665,1.1075762986905167
111,1550674800,559,388,-171,947,8,-0.02991515071994102,-0.07078763949022669
111,1550689200,1631,679,-952,2310,8,-2.4468530175069025,1.8783750398063184
111,1550703600,595,291,-304,886,8,-0.44150636234947477,-0.15802089219535453
111,1550718000,108,33,-75,141,8,0.26717324263671494,-1.223410617856342
111,1550732400,71,157,86,228,8,0.76541523566194,-1.0989959787523074
111,1550746800,734,968,234,1702,8,1.2234265087534513,1.0089026194011097
111,1550761200,555,405,-150,960,8,0.03507293532682747,-0.05219694629077321
111,1550775600,1328,617,-711,1945,8,-1.7010373633511306,1.356405576898586
111,1550790000,716,325,-391,1041,8,-0.7107427188289442,0.06363737287505228
111,1550804400,131,49,-82,180,8,0.2455105472877921,-1.1676385382579817
111,1550818800,80,145,65,225,8,0.7004271496151715,-1.103286138721412
111,1550833200,713,910,197,1623,8,1.1089236904805735,0.8959284068813539
111,1550847600,579,416,-163,995,8,-0.005157784606886358,-0.002145079984552324
111,1550862000,1265,674,-591,1939,8,-1.3296768716553107,1.3478252569603768
111,1550876400,511,292,-219,803,8,-0.178459347398269,-0.2767153180072498
111,1551495600,9017,6046,-2971,15063,9,-4.1029922207613865,4.210982899245534
111,1551510000,52,23,-29,75,9,0.3488315914230924,-0.4039784705915575
111,1551524400,209,385,176,594,9,0.6590368536589245,-0.24417296278895206
111,1551538800,542,388,-154,930,9,0.1596820412792923,-0.14071506178379709
111,1551553200,798,376,-422,1174,9,-0.2458545942290151,-0.06558491938719645
111,1551567600,444,266,-178,710,9,0.12336532765168269,-0.20845535410860094
111,1551582000,222,71,-151,293,9,0.16422163048274352,-0.33685399910607006
111,1551596400,38,40,2,78,9,0.39574067985875483,-0.4030547393325829
111,1551610800,193,224,31,417,9,0.43962337549211644,-0.29867310706845335
111,1551625200,435,340,-95,775,9,0.24896062894716595,-0.18844117683081799
111,1551639600,639,315,-324,954,9,-0.09756134691627581,-0.1333252117120003
111,1551654000,290,160,-130,450,9,0.19599875490690194,-0.2885120632197328
111,1551668400,90,35,-55,125,9,0.309488484993182,-0.38858294960864753
111,1551682800,68,85,17,153,9,0.41843862587601083,-0.37996145785821794
111,1551687656,168,147,-21,315,9,0.36093716263229564,-0.3300799698735897
111,1551697200,426,640,214,1066,9,0.7165383169026398,-0.09883924471028198
111,1551711600,458,338,-120,796,9,0.21113071891840593,-0.1819750580179958
111,1551726000,973,554,-419,1527,9,-0.24131500502556388,0.0431074587521479
111,1551740400,580,278,-302,858,9,-0.06427102609096699,-0.16288461199918744
111,1551754800,131,38,-93,169,10,0.3171312270901412,-1.1264507832414645
111,1551769200,80,159,79,239,10,0.9130303513746271,-1.0236913748341347
111,1551783600,793,1002,209,1795,10,1.3634192243803431,1.2605034749059394
111,1551798000,604,383,-221,987,10,-0.1263285863308716,0.07436630357561808
111,1551812400,1566,622,-944,2188,10,-2.631183626201124,1.8374241535356624
111,1551826800,665,337,-328,1002,10,-0.4970332741124995,0.09638617680576018
111,1551841200,138,41,-97,179,10,0.30327310792073453,-1.1117708677547031
111,1551855600,74,152,78,226,10,0.9095658215822754,-1.0427752649669246
111,1551870000,701,868,167,1569,10,1.2179089731015733,0.9287373849051317
111,1551884400,631,391,-240,1022,10,-0.1921546523855532,0.125746007779283
111,1551898800,1597,639,-958,2236,10,-2.679687043294047,1.907887747872117
111,1551913200,682,368,-314,1050,10,-0.4485298570195762,0.16684977114221491
111,1551927600,112,47,-65,159,10,0.41413806127598773,-1.141130698728226
111,1551942000,75,144,69,219,10,0.8783850534511105,-1.0530512058076575
111,1551956400,691,851,160,1542,10,1.1936572645551118,0.8891016130908759
111,1551970800,596,448,-148,1044,10,0.12658208851079975,0.15804182185015808
111,1551985200,1653,783,-870,2436,10,-2.3748084215671006,2.201486057607345
111,1551999600,761,380,-381,1141,10,-0.6806533531071376,0.3004370020717437
111,1552014000,174,46,-128,220,10,0.195872684357833,-1.0515832142589814
111,1552028400,71,141,70,212,10,0.8818495832434622,-1.0633271466483905
111,1552042800,750,887,137,1637,10,1.1139730793310234,1.0285608102151091
111,1552057200,699,468,-231,1167,10,-0.16097388425438824,0.33860478233732333
111,1552071600,1246,764,-482,2010,10,-1.0305708621346557,1.5761216578713093
111,1552086000,740,340,-400,1080,10,-0.7464794191618191,0.2108895176024991
111,1552100400,261,73,-188,334,10,-0.01199910318326675,-0.8842321777099015
111,1552114800,43,46,3,89,10,0.6497260871559007,-1.2438901071355557
111,1552129200,236,341,105,577,10,1.0031081259757701,-0.5275102313815994
111,1552143600,619,466,-153,1085,10,0.10925943954904144,0.21822947534587983
111,1552158000,918,515,-403,1433,10,-0.7568730085388742,0.7290905342851766
111,1552172400,562,250,-312,812,10,-0.4416007974348729,-0.18253221744270645
111,1552190400,240,74,-166,314,10,0.06422055224846983,-0.9135920086834243
111,1552204800,40,53,13,93,10,0.6843713850794174,-1.2380181409408513
111,1552219200,208,241,33,449,10,0.7536619809264506,-0.7154131496121453
111,1552233600,504,397,-107,901,10,0.2686278099972179,-0.05188096961052997
111,1552248000,571,282,-289,853,10,-0.36191661221078464,-0.1223445639469847
111,1552262400,314,113,-201,427,10,-0.05703799048383836,-0.7477089636830204
111,1552276800,63,31,-32,94,10,0.5284675444235926,-1.2365501493921751
111,1552291200,159,309,150,468,10,1.159011966631595,-0.6875213101872987
111,1552305600,914,877,-37,1791,10,0.5111448954618343,1.2546315087112347
111,1552320000,744,410,-334,1154,10,-0.5178204528666095,0.3195208922045335
111,1552334400,1352,635,-717,1987,10,-1.8447353633372963,1.542357852251758
111,1552348800,522,215,-307,737,11,-0.6049808123491134,-0.2975995909632028
111,1552363200,55,24,-31,79,11,0.4439472053220741,-1.3555569759001123
111,1552377600,248,346,98,594,11,0.93420703966839,-0.5275204208203123
111,1552392000,781,927,146,1708,11,1.1166293036112054,1.2636110789057013
111,1552406400,714,416,-298,1130,11,-0.5707766378598356,0.33428073165109107
111,1552420800,1441,646,-795,2087,11,-2.459607162434401,1.872981669925593
111,1552435200,549,231,-318,780,11,-0.6467859145026752,-0.2284625582089671
111,1552449600,74,21,-53,95,11,0.3603370010149505,-1.3298315683636523
111,1552464000,232,345,113,577,11,0.9912139971505198,-0.5548536663278009
111,1552478400,739,963,224,1702,11,1.41306548251828,1.253964051079529
111,1552492800,760,450,-310,1210,11,-0.6163822038455393,0.46290776933339006
111,1552507200,1451,687,-764,2138,11,-2.3417927836379997,1.9549814064480586
111,1552521600,608,231,-377,839,11,-0.8710132805990523,-0.1336001179182716
111,1552536000,80,29,-51,109,11,0.3679379286792344,-1.30732183676925
111,1552550400,227,349,122,576,11,1.0254181716397976,-0.5564615042988296
111,1552564800,701,951,250,1652,11,1.5118775421539716,1.173572152528092
111,1552579200,743,474,-269,1217,11,-0.460563186727718,0.47416263513059126
111,1552593600,1225,649,-576,1874,11,-1.627305583195307,1.5305121820964718
111,1552608000,635,232,-403,867,11,-0.9698253402347439,-0.08858065472946693
111,1552622400,90,37,-53,127,11,0.3603370010149505,-1.2783807532907328
111,1552636800,234,337,103,571,11,0.9532093588291,-0.5645006941539733
111,1552651200,724,850,126,1574,11,1.0406200269683656,1.0481607907878505
111,1552665600,823,482,-341,1305,11,-0.7341965826419409,0.6156523765811202
111,1552680000,1185,671,-514,1856,11,-1.3916768256025038,1.5015710986179545
111,1552694400,610,285,-325,895,11,-0.6733891613276691,-0.04356119154066228
111,1552708800,156,38,-118,194,11,0.11330685192572153,-1.1706556092318074
111,1552723200,58,100,42,158,11,0.7213810650684389,-1.2285377761888419
111,1552737600,367,434,67,801,11,0.8163926608719885,-0.1946979608173636
111,1552752000,714,548,-166,1262,11,-0.0691154120170937,0.5465153438268844
111,1552766400,856,588,-268,1444,11,-0.456762722895576,0.8391418545541147
111,1552780800,479,240,-239,719,11,-0.3465492717634585,-0.3265406744417201
111,1552795200,131,50,-81,181,11,0.2539240137149749,-1.191557502855181
111,1552809600,44,69,25,113,11,0.6567731799220252,-1.300890484885135
111,1552824000,272,326,54,598,11,0.7669866310541428,-0.5210890689361973
111,1552838400,608,532,-76,1140,11,0.27292633287568485,0.35035911136137843
111,1552852800,576,399,-177,975,11,-0.11092051417065552,0.08506584614163673
111,1552867200,343,154,-189,497,11,-0.15652608015635933,-0.6834807040100999
111,1552881600,40,21,-19,61,11,0.4895527713077779,-1.3844980593786294
111,1552896000,218,330,112,548,11,0.9874135333183779,-0.6014809674876342
111,1552896546,29,26,-3,55,11,0.5503601926220496,-1.3941450872048018
111,1552910400,622,900,278,1522,11,1.6182905294539471,0.9645532162943562
111,1552924800,701,396,-305,1097,11,-0.5973798846848294,0.2812220786071427
111,1552939200,1338,648,-690,1986,11,-2.060558460059493,1.7105900348516905
111,1552953600,303,159,-144,462,12,-0.062478371105336175,-0.5967604592174452
111,1552968000,1,2,1,3,12,0.5114179788667566,-1.2980312993755623
111,1552982400,218,323,105,541,12,0.9230401885019127,-0.47606242790482817
111,1552996800,698,874,176,1572,12,1.2040515046951443,1.0991232718838835
111,1553011200,717,442,-275,1159,12,-0.5809640390111579,0.4681322980596955
111,1553025600,1349,718,-631,2067,12,-1.9899785258391924,1.855395746564206
111,1553040000,317,169,-148,486,12,-0.07830999455284218,-0.5600927028693085
111,1553054400,1,4,3,5,12,0.5193337905905095,-1.2949756530132175
111,1553068800,238,309,71,547,12,0.7884713891981117,-0.46689548881779397
111,1553083200,970,917,-53,1887,12,0.29769106232542547,1.5803875739531796
111,1553097600,1073,452,-621,1525,12,-1.9503994672204275,1.0273155823687823
111,1553112000,1386,594,-792,1980,12,-2.627201369601309,1.7224751298022098
111,1553126400,324,123,-201,447,12,-0.2880790052322968,-0.6196778069350308
111,1553140800,0,10,10,10,12,0.5470391316236451,-1.2873365371073557
111,1553155200,215,302,87,517,12,0.8517978829881357,-0.512730184252965
111,1553169600,706,926,220,1632,12,1.3781993626177105,1.1907926627542256
111,1553184000,731,425,-306,1156,12,-0.7036591207293295,0.46354882851617835
111,1553198400,1308,663,-645,1971,12,-2.045389207905463,1.7087247211716585
111,1553212800,358,109,-249,467,12,-0.4780584866023689,-0.5891213433115834
111,1553227200,0,1,1,1,12,0.5114179788667566,-1.301086945737907
111,1553241600,275,288,13,563,12,0.5589128492092746,-0.44245031791903605
111,1553256000,800,883,83,1683,12,0.8359662595406298,1.2687116449940166
111,1553270400,742,459,-283,1201,12,-0.6126272859061699,0.5323008716689349
111,1553284800,1247,660,-587,1907,12,-1.8158306679166265,1.6109440375766269
111,1553299200,373,229,-144,602,12,-0.062478371105336175,-0.3828652138533137
111,1553313600,61,26,-35,87,12,0.3689333678392025,-1.1696941521570834
111,1553328000,52,95,43,147,12,0.6776500250655696,-1.0780247612867413
111,1553342400,316,404,88,720,12,0.8557557888500122,-0.20258207847497423
111,1553356800,552,486,-66,1038,12,0.24623828612103096,0.2832656931378389
111,1553371200,604,504,-100,1108,12,0.11166948681722991,0.39021331581990465
111,1553385600,333,205,-128,538,12,0.0008481226846878539,-0.4806458974483453
111,1553400000,78,32,-46,110,12,0.325396403358561,-1.134554218990119
111,1553414400,32,54,22,86,12,0.5945340019661631,-1.1712219753382558
111,1553428800,242,286,44,528,12,0.6816079309274462,-0.49592412926006896
111,1553443200,394,409,15,803,12,0.5668286609330276,-0.07577275443766766
111,1553457600,416,401,-15,817,12,0.4480914850767326,-0.05438322990125451
111,1553472000,212,117,-95,329,12,0.1314590161266124,-0.7999609423133702
111,1553486400,26,11,-15,37,12,0.4480914850767326,-1.2460853112157018
111,1553500800,212,307,95,519,12,0.8834611298831477,-0.5096745378906202
111,1553515200,690,799,109,1489,12,0.9388718119494187,0.972313947846577
111,1553529600,679,410,-269,1089,12,-0.5572166038398989,0.36118467537762966
111,1553544000,1348,625,-723,1973,12,-2.3541058651318303,1.7117803675340033
111,1553558400,289,112,-177,401,13,-0.1478890407827004,-0.7648491312744313
111,1553572800,5,9,4,14,13,0.5265275687134532,-1.377406794725262
111,1553587200,232,321,89,553,13,0.8432425510735253,-0.5242580076451645
111,1553601600,722,898,176,1620,13,1.167409650665599,1.1646283667787019
111,1553616000,766,441,-325,1207,13,-0.6993457159508261,0.5109169584965493
111,1553630400,1367,655,-712,2022,13,-2.141330400343154,1.8009285753245257
111,1553644800,363,136,-227,499,13,-0.33419197158274283,-0.6097311699871408
111,1553659200,3,4,1,7,13,0.5153493928654507,-1.3884866491029255
111,1553673600,223,352,129,575,13,0.9922848957135593,-0.4894356081725074
111,1553688000,694,1014,320,1708,13,1.7039620913697213,1.30391796466933
111,1553702400,730,433,-297,1163,13,-0.5950160747028023,0.4412721595512352
111,1553716800,1397,650,-747,2047,13,-2.271742451903184,1.8404994838161814
111,1553731200,335,171,-164,506,13,-0.09945027877468937,-0.5986513156094773
111,1553745600,8,16,8,24,13,0.5414318031774566,-1.3615784313285997
111,1553760000,225,321,96,546,13,0.8693249613855313,-0.5353378620228281
111,1553774400,699,883,184,1582,13,1.197218119593606,1.104480585871385
111,1553788800,756,402,-354,1158,13,-0.8074014158148506,0.43335797785290403
111,1553803200,1360,641,-719,2001,13,-2.16741281065516,1.767689012191535
111,1553817600,334,105,-229,439,13,-0.34164408881474456,-0.7047013503671146
111,1553832000,1,3,2,4,13,0.5190754514814515,-1.3932351581219242
111,1553846400,183,299,116,482,13,0.9438461337055483,-0.6366393877614668
111,1553860800,712,865,153,1577,13,1.0817103024975796,1.096566404173054
111,1553875200,781,473,-308,1254,13,-0.6360027194788116,0.585310266460862
111,1553889600,1202,699,-503,1901,13,-1.362584149598977,1.6094053782249123
111,1553904000,579,214,-365,793,13,-0.8483880605908599,-0.1443772861252695
111,1553918400,146,59,-87,205,13,0.187456234657376,-1.0750850538490122
111,1553932800,66,114,48,180,13,0.6904741478174905,-1.1146559623406678
111,1553947200,318,470,152,788,13,1.0779842438815788,-0.15229146782360067
111,1553961600,641,530,-111,1171,13,0.09803082787335561,0.453934850268565
111,1553976000,903,512,-391,1415,13,-0.945265584606882,0.8401469171471249
111,1553990400,548,237,-311,785,13,-0.6471808953268141,-0.15703997684259935
111,1554004800,181,58,-123,239,13,0.05331812448134543,-1.0212686183003603
111,1554019200,48,78,30,126,13,0.6234050927294753,-1.2001291246826442
111,1554033600,248,317,69,565,13,0.7687213787535084,-0.5052639715691697
111,1554048000,481,427,-54,908,13,0.310416168985404,0.03764889293634681
111,1554062400,502,354,-148,856,13,-0.03983334091867579,-0.0446585967262971
111,1554076800,386,139,-247,525,13,-0.4087131439027598,-0.5685774251558189
111,1554091200,52,16,-36,68,13,0.3774852240734193,-1.2919336323832855
111,1554105600,249,332,83,581,13,0.8208861993775203,-0.47993859013451007
111,1554120000,695,884,189,1579,13,1.2158484126736102,1.0997320768523864
111,1554134400,683,425,-258,1108,13,-0.44969978867876914,0.3542161608695926
111,1554148800,1339,616,-723,1955,13,-2.182317045119164,1.6948785405668882
111,1554163200,470,224,-246,694,14,-0.39841776245514393,-0.2905218645921565
111,1554177600,64,23,-41,87,14,0.39199166951231895,-1.2464542879159093
111,1554192000,239,384,145,623,14,1.1091436419315779,-0.40233603601882284
111,1554206400,722,949,227,1671,14,1.425307414718563,1.2481041281381673
111,1554220800,746,420,-326,1166,14,-0.7068702237107392,0.45280614827244214
111,1554235200,1428,623,-805,2051,14,-2.553729335478616,1.8465461723935648
111,1554249600,565,249,-316,814,14,-0.6683136660537898,-0.10154016640624158
111,1554264000,64,25,-39,89,14,0.3997029810437088,-1.2433045929461441
111,1554278400,235,342,107,577,14,0.9626287228351702,-0.4747790203234235
111,1554292800,742,981,239,1723,14,1.4715752839069023,1.3299961973520638
111,1554307200,756,446,-310,1202,14,-0.6451797314596202,0.5095006577282166
111,1554321600,1367,699,-668,2066,14,-2.025504495578409,1.870168884666804
111,1554336000,601,250,-351,851,14,-0.8032616178531127,-0.043270809465584495
111,1554350400,70,27,-43,97,14,0.3842803579809291,-1.2307058130670832
111,1554364800,203,335,132,538,14,1.0590201169775437,-0.5361980722338459
111,1554379200,727,962,235,1689,14,1.4561526608441224,1.2764513828660546
111,1554393600,752,453,-299,1205,14,-0.6027675180369758,0.5142252001828644
111,1554408000,1416,707,-709,2123,14,-2.1835863819719017,1.9599351913051137
111,1554422400,652,222,-430,874,14,-1.107858423343013,-0.007049317313284136
111,1554436800,75,40,-35,115,14,0.4151256041064886,-1.202358558339196
111,1554451200,204,310,106,514,14,0.9587730670694753,-0.5739944118710288
111,1554465600,692,845,153,1537,14,1.1399888880571374,1.0370745651638957
111,1554480000,810,505,-305,1315,14,-0.6259014526311455,0.6874584235199531
111,1554494400,1230,703,-527,1933,14,-1.4818570326154223,1.660714169177415
111,1554508800,424,219,-205,643,14,-0.24033587606165135,-0.37083908632117035
111,1554523200,103,23,-80,126,14,0.24162109465021625,-1.185035236005487
111,1554537600,58,75,17,133,14,0.6156197039226255,-1.1740113036113087
111,1554552000,291,254,-37,545,14,0.4074142925750987,-0.5251741398396675
111,1554566400,588,371,-217,959,14,-0.28660374524999066,0.12681271890173892
111,1554580800,633,489,-144,1122,14,-0.0051408743542599574,0.38351285893760667
111,1554595200,308,177,-131,485,14,0.04498265059977427,-0.619664988932625
111,1554609600,89,31,-58,120,14,0.326445521495505,-1.1944843209147828
111,1554624000,30,53,23,83,14,0.6387536385167951,-1.2527536778554398
111,1554638400,296,236,-60,532,14,0.31873420996411506,-0.5456471571431416
111,1554652800,365,275,-90,640,14,0.20306453699326685,-0.3755636287758182
111,1554667200,367,246,-121,613,14,0.08353920825672369,-0.4180845108676491
111,1554681600,184,98,-86,282,14,0.21848716005604663,-0.9393590283637977
111,1554696000,27,24,-3,51,14,0.5385065886087267,-1.3031487973716838
111,1554710400,202,275,73,477,14,0.8315364268015423,-0.632263768811686
111,1554724800,717,859,142,1576,14,1.097576674634493,1.098493617074318
111,1554739200,664,417,-247,1081,14,-0.4022734182208389,0.31894411205741907
111,1554753600,1268,606,-662,1874,14,-2.0023705609842395,1.56779816756934
111,1554768000,487,180,-307,667,15,-0.5183334455237082,-0.3664098415753419
111,1554782400,50,20,-30,70,15,0.49789360287919404,-1.3250242371993115
111,1554796800,213,322,109,535,15,1.007841471933358,-0.5783647833213452
111,1554811200,701,975,274,1676,15,1.6131752733285885,1.2537608873770623
111,1554825600,688,439,-249,1127,15,-0.3055494426090211,0.37222101602436664
111,1554840000,1451,649,-802,2100,15,-2.3343348497094,1.9345858517733152
111,1554854400,609,211,-398,820,15,-0.8521842087174415,-0.12073479546065621
111,1554868800,69,25,-44,94,15,0.44653194700323506,-1.2864869750636745
111,1554883200,242,314,72,556,15,0.8720999528326093,-0.5446446789526629
111,1554897600,744,936,192,1680,15,1.3123427174836861,1.2601837643996683
111,1554912000,721,454,-267,1175,15,-0.37158585730668264,0.44929554029564056
111,1554926400,1420,625,-795,2045,15,-2.3086540217714204,1.8462712927124805
111,1554940800,564,248,-316,812,15,-0.551351652872539,-0.13358054950586853
111,1554955200,70,30,-40,100,15,0.4612067058249376,-1.2768526595297651
111,1554969600,207,372,165,579,15,1.2132880954371938,-0.5077131360726774
111,1554984000,777,966,189,1743,15,1.3013366483674091,1.3613440775057155
111,1554998400,760,451,-309,1211,15,-0.5256708249345595,0.507101433499096
111,1555012800,1338,752,-586,2090,15,-1.5418978733374618,1.9185286592167998
111,1555027200,587,233,-354,820,15,-0.6907618616787133,-0.12073479546065621
111,1555041600,76,30,-46,106,15,0.4391945675923838,-1.267218343995856
111,1555056000,205,325,120,530,15,1.04819705869304,-0.5863933795996029
111,1555070400,733,895,162,1628,15,1.2022820263209169,1.1766863631057882
111,1555084800,773,479,-294,1252,15,-0.47064047935317493,0.5729359229808092
111,1555099200,1184,682,-502,1866,15,-1.233727938081708,1.5588475459508548
111,1555113600,555,220,-335,775,15,-0.6210567572756261,-0.19299216196497554
111,1555128000,113,51,-62,164,15,0.38049553230557354,-1.1740866271680666
111,1555142400,64,72,8,136,15,0.6373038116853683,-1.2190467663263098
111,1555156800,319,356,37,675,15,0.7436958131427119,-0.3535640875301296
111,1555171200,670,355,-315,1025,15,-0.5476829631671134,0.20843765194790953
111,1555185600,852,296,-556,1148,15,-1.4318371821746927,0.40594112039304897
111,1555200000,493,202,-291,695,15,-0.459634410236898,-0.32144970241709875
111,1555214400,98,56,-42,154,15,0.45386932641408634,-1.190143819724582
111,1555228800,44,68,24,112,15,0.6960028469721786,-1.2575840284619466
111,1555243200,263,225,-38,488,15,0.4685440852357889,-0.6538335883369676
111,1555257600,475,277,-198,752,15,-0.11844626763231349,-0.22992370484496094
111,1555272000,466,265,-201,731,15,-0.1294523367485904,-0.2636438092136433
111,1555286400,272,133,-139,405,15,0.09800642498779927,-0.7871082865560454
111,1555300800,33,22,-11,55,15,0.5675987072822812,-1.3491100260340845
111,1555315200,230,319,89,549,15,0.9344676778248452,-0.5558847137422236
111,1555329600,625,779,154,1404,15,1.1729325086775118,0.8170052498398432
111,1555344000,687,394,-293,1081,15,-0.46697178964774927,0.2983579302643958
111,1555358400,1351,616,-735,1967,15,-2.088532639445882,1.7210251907716605
111,1555372800,464,191,-273,655,16,-0.4403226413381073,-0.3327368592968602
111,1555387200,46,20,-26,66,16,0.6028776204624811,-1.371980469533829
111,1555401600,233,324,91,557,16,1.0970251128943387,-0.5056500576045392
111,1555416000,741,884,143,1625,16,1.316646220641831,1.3787509198709829
111,1555430400,755,458,-297,1213,16,-0.5416862295292576,0.6518097188223733
111,1555444800,1340,582,-758,1922,16,-2.4887118193676026,1.902783775966704
111,1555459200,513,225,-288,738,16,-0.5036748839575762,-0.18628996685260146
111,1555473600,48,35,-13,83,16,0.6577828973993541,-1.3419853228886192
111,1555488000,249,321,72,570,16,1.016778938909678,-0.4827125925229083
111,1555491363,256,246,-10,502,16,0.6704533459232479,-0.6026931791037468
111,1555502400,540,650,110,1190,16,1.1772712868789994,0.6112280498317956
111,1555516800,871,457,-414,1328,16,-1.0358337219611151,0.8547180637752619
111,1555531200,1343,656,-687,1999,16,-2.1888445376354495,2.0386441460655944
111,1555545600,604,252,-352,856,16,-0.7739777858006436,0.02191163927297122
111,1555560000,65,23,-42,88,16,0.5353018950017142,-1.3331632209341457
111,1555574400,228,315,87,543,16,1.080131181529147,-0.5303519430770648
111,1555588800,857,850,-7,1707,16,0.6831237944471417,1.523433391924347
111,1555603200,895,474,-421,1369,16,-1.0653981018502008,0.9270592998019439
111,1555617600,1254,661,-593,1915,16,-1.7918371505534445,1.890432833230441
111,1555632000,603,184,-419,787,16,-1.056951136167605,-0.09983336769876196
111,1555646400,90,33,-57,123,16,0.4719496523822453,-1.2714085072528318
111,1555660800,125,245,120,370,16,1.2195061152919786,-0.8355966707018451
111,1555675200,591,632,41,1223,16,0.8858509708294423,0.6694539227313201
111,1555689600,776,445,-331,1221,16,-0.6852846461333871,0.6659250819495307
111,1555704000,984,584,-400,1568,16,-0.9767049621829442,1.278178957589986
111,1555718400,537,203,-334,740,16,-0.6979550946572809,-0.18276112607081207
111,1555732800,115,44,-71,159,16,0.4128208926040743,-1.2078893731806233
111,1555747200,52,74,22,126,16,0.8056047968447816,-1.266115246080148
111,1555761600,335,293,-42,628,16,0.5353018950017142,-0.38037620985101667
111,1555776000,582,366,-216,948,16,-0.19958411938412535,0.1842383152352821
111,1555790400,640,338,-302,978,16,-0.5628036437357472,0.23717092696212264
111,1555804800,224,168,-56,392,16,0.4761731352235432,-0.796779422102162
111,1555819200,538,224,-314,762,16,-0.6134854378313224,-0.14394387747112905
111,1555833600,43,65,22,108,16,0.8056047968447816,-1.297874813116252
111,1555848000,249,200,-49,449,16,0.5057375151126287,-0.696207459821165
111,1555862400,469,294,-175,763,16,-0.02642132289091029,-0.14217945708023436
111,1555876800,485,234,-251,719,16,-0.34740601882955285,-0.21981395427960043
111,1555891200,299,122,-177,421,16,-0.03486828857350615,-0.7456112307662162
111,1555905600,48,24,-24,72,16,0.6113245861450769,-1.3613939471884609
111,1555920000,171,282,111,453,16,1.1814947697202973,-0.6891497782575863
111,1555934400,647,824,177,1471,16,1.4602446372459605,1.1070301796732016
111,1555948800,621,422,-199,1043,16,-0.12778491108206058,0.35185825237027707
111,1555963200,1239,585,-654,1824,16,-2.049469603872618,1.729870577659025
111,1555977600,443,178,-265,621,17,-0.42362699002084303,-0.4247531163746843
111,1555992000,51,23,-28,74,17,0.4162175445680071,-1.3045257501875847
111,1556006400,219,305,86,524,17,0.8201933966487197,-0.5807639856248695
111,1556020800,699,864,165,1563,17,1.1001415748450032,1.0903215107765991
111,1556035200,675,479,-196,1154,17,-0.17911529007725374,0.43250248476293146
111,1556049600,1334,656,-678,1990,17,-1.887153541857109,1.7770910073727755
111,1556064000,526,234,-292,760,17,-0.519305481303117,-0.2011911490986457
111,1556078400,66,22,-44,88,17,0.3595191793636965,-1.2820087175123
111,1556092800,201,301,100,502,17,0.8698044662024915,-0.6161478941146022
111,1556107200,694,912,218,1606,17,1.287954909584282,1.1594809682792586
111,1556121600,651,421,-230,1072,17,-0.29959931613641366,0.30061700766483673
111,1556136000,1352,648,-704,2000,17,-1.9792883853141137,1.793174602140836
111,1556150400,606,217,-389,823,17,-0.8630393203542498,-0.09986450205986558
111,1556164800,80,25,-55,105,17,0.320539053285733,-1.2546666064065974
111,1556179200,208,300,92,508,17,0.8414552836003362,-0.6064977372537661
111,1556182477,225,251,26,476,17,0.6075745271325552,-0.6579652405115591
111,1556193600,566,685,119,1251,17,0.9371337748826104,0.5885133540131167
111,1556208000,678,462,-216,1140,17,-0.24998824658264193,0.40998545208764703
111,1556222400,1365,778,-587,2143,17,-1.5646815897575928,2.0231700073240986
111,1556236800,622,224,-398,846,17,-0.8949321507816744,-0.0628722340933268
111,1556251200,97,38,-59,135,17,0.3063644619846554,-1.2064158221024166
111,1556265600,189,293,104,482,17,0.8839790575035691,-0.648315083650723
111,1556280000,643,761,118,1404,17,0.9335901270573409,0.8345923539644399
111,1556294400,707,493,-214,1200,17,-0.24290095093210312,0.506487020696009
111,1556308800,1116,709,-407,1825,17,-0.9268249812090991,1.5117116936997799
111,1556323200,543,223,-320,766,17,-0.6185276204106606,-0.1915409922378095
111,1556337600,165,43,-122,208,17,0.08311464899268256,-1.089005580295576
111,1556352000,68,82,14,150,17,0.5650507532293223,-1.182290429950326
111,1556366400,356,411,55,767,17,0.710340314065368,-0.18993263276100344
111,1556380800,734,606,-128,1340,17,0.0618527620410661,0.7316573474488537
111,1556395200,822,529,-293,1351,17,-0.5228491291283864,0.74934930169372
111,1556409600,455,221,-234,676,17,-0.3137739074374913,-0.3362933451503525
111,1556424000,174,48,-126,222,17,0.06894005769160493,-1.0664885476202917
111,1556438400,55,66,11,121,17,0.554419809753514,-1.228932854777701
111,1556452800,259,276,17,535,17,0.5756816967051305,-0.5630720313800032
111,1556467200,531,417,-114,948,17,0.11146383159483783,0.1011804325408886
111,1556481600,539,326,-213,865,17,-0.2393573031068337,-0.03231340403401217
111,1556496000,327,130,-197,457,17,-0.18265893790252316,-0.6885240705708738
111,1556510400,65,31,-34,96,17,0.3949556576163906,-1.269141841697852
111,1556522915,141,166,25,307,17,0.6040308793072857,-0.9297779920917788
111,1556524800,172,332,160,504,17,1.0824233357186561,-0.6129311751609903
111,1556539200,617,1021,404,1638,17,1.947073405084392,1.2109484715370515
111,1556553600,799,435,-364,1234,17,-0.7744481247225146,0.5611712429074142
111,1556568000,1837,630,-1207,2467,17,-3.7617432414246266,2.5442784778092533
111,1556582400,545,218,-327,763,18,-0.5470747566918979,-0.334535770867742
111,1556596800,64,30,-34,94,18,0.327363736079955,-1.3479897967266976
111,1556611200,226,349,123,575,18,0.7959195154833028,-0.6193330158026951
111,1556625600,663,1103,440,1766,18,1.7419843694378327,1.1848878284394813
111,1556640000,754,472,-282,1226,18,-0.4127753294743778,0.36685318873270106
111,1556654400,1525,673,-852,2198,18,-2.1139014075629654,1.8393155402049053
111,1556668800,610,219,-391,829,18,-0.7380783865123708,-0.2345537593480244
111,1556683200,83,23,-60,106,18,0.2497685114653879,-1.329811249177658
111,1556697600,215,334,119,549,18,0.7839817886195233,-0.6587198688256142
111,1556712000,714,1056,342,1770,18,1.4495100612752339,1.1909473442891612
111,1556726400,751,509,-242,1260,18,-0.29339806083658215,0.41835907345497986
111,1556740800,1397,667,-730,2064,18,-1.7498007382176888,1.6363217592406303
111,1556755200,608,217,-391,825,18,-0.7380783865123708,-0.24061327519770426
111,1556769600,79,28,-51,107,18,0.2766283969088919,-1.328296370215238
111,1556784000,212,343,131,555,18,0.8197949692108619,-0.6496305950510943
111,1556798400,650,1105,455,1755,18,1.7867508451770062,1.1682241598528618
111,1556812800,722,492,-230,1214,18,-0.25758488024524345,0.34867464118366154
111,1556827200,1154,656,-498,1810,18,-1.057412580118474,1.2515425027859597
111,1556841600,602,209,-393,811,18,-0.7440472499442605,-0.26182158067158373
111,1556856000,82,30,-52,112,18,0.273643965192947,-1.320721975403138
111,1556870400,216,315,99,531,18,0.7242931543006255,-0.6859876901491735
111,1556884800,662,1014,352,1676,18,1.4793543784346828,1.0485487218216847
111,1556899200,826,525,-301,1351,18,-0.4694795320773307,0.5562130590351965
111,1556913600,1170,800,-370,1970,18,-0.6754053204775281,1.4939231367731538
111,1556928000,610,241,-369,851,18,-0.6724208887615832,-0.2012264221747852
111,1556942400,138,66,-72,204,18,0.2139553308740492,-1.1813531108605015
111,1556956800,76,117,41,193,18,0.5511961147758218,-1.198016779447121
111,1556971200,343,445,102,788,18,0.7332464494484601,-0.2966637968072429
111,1556985600,725,597,-128,1322,18,0.04682715478113534,0.5122815691250175
111,1557000000,829,544,-285,1373,18,-0.42172862462221244,0.5895403962084357
111,1557014400,541,260,-281,801,18,-0.40979089775843286,-0.27697037029578336
111,1557028800,112,49,-63,161,18,0.2408152163175532,-1.24649290624456
111,1557043200,49,87,38,136,18,0.5422428196279871,-1.2843648803050591
111,1557057600,278,325,47,603,18,0.5691027050714912,-0.5769164048549361
111,1557072000,553,521,-32,1074,18,0.3333325995118448,0.13659158644486666
111,1557086400,532,417,-115,949,18,0.08562476708841892,-0.05276828385762879
111,1557100800,312,175,-137,487,18,0.01996726933763133,-0.7526423644956519
111,1557115200,46,29,-17,75,18,0.37809907525101816,-1.376772497012677
111,1557129600,256,490,234,746,18,1.1271914359531856,-0.36028871322888134
111,1557144000,733,773,40,1506,18,0.5482116830598769,0.7910192982102908
111,1557158400,1110,445,-665,1555,18,-1.555812676681271,0.865248367368869
111,1557172800,1905,675,-1230,2580,18,-3.2420165961901337,2.4179993038493315
111,1557187200,659,240,-419,899,19,-0.38953301955628883,-0.15482293061944968
111,1557201600,71,21,-50,92,19,0.5972245379924793,-1.283817855407666
111,1557216000,332,368,36,700,19,0.8272005541149565,-0.4332244052574361
111,1557230400,964,714,-250,1678,19,0.062396593521602275,0.9349999273855324
111,1557244800,1143,454,-689,1597,19,-1.111550744591973,0.821680734191176
111,1557259200,1994,692,-1302,2686,19,-2.7507983943952112,2.345194331581966
111,1557273600,736,253,-483,989,19,-0.5606779617869695,-0.028912715959053814
111,1557288000,55,22,-33,77,19,0.6426849132725039,-1.3048028911843987
111,1557302400,322,349,27,671,19,0.803133296613767,-0.4737954744257859
111,1557316800,1049,730,-319,1779,19,-0.12211904732085031,1.076299168282199
111,1557331200,1139,511,-628,1650,19,-0.9484282215283554,0.8958278606022981
111,1557345600,2007,631,-1376,2638,19,-2.948684733849436,2.278042217096422
111,1557360000,721,261,-460,982,19,-0.49917274817281865,-0.03870573265486238
111,1557374400,65,19,-46,84,19,0.6079210968818969,-1.29500987448859
111,1557388800,337,365,28,702,19,0.8058074363361214,-0.4304264004872051
111,1557403200,1019,678,-341,1697,19,-0.18095012121264678,0.961580972702727
111,1557417600,1179,447,-732,1626,19,-1.2265387526532114,0.8622518033595259
111,1557432000,1876,645,-1231,2521,19,-2.5609344741080498,2.114358938037907
111,1557446400,619,228,-391,847,19,-0.31465710733036606,-0.22757105464545618
111,1557460800,89,25,-64,114,19,0.5597865818795179,-1.2530398029351248
111,1557475200,244,349,105,593,19,1.0117161949574092,-0.5829176604647957
111,1557489600,701,804,103,1505,19,1.0063679155127003,0.6929725147605492
111,1557504000,820,417,-403,1237,19,-0.3467467839986187,0.3180398755495926
111,1557518400,1190,619,-571,1809,19,-0.7960022573541554,1.1182692398356642
111,1557532800,598,245,-353,843,19,-0.2130397978808994,-0.23316706418591823
111,1557547200,142,49,-93,191,19,0.4822365299312408,-1.1453166192812305
111,1557561600,64,127,63,191,19,0.8994023266185249,-1.1453166192812305
111,1557576000,306,363,57,669,19,0.8833574882843985,-0.4765934791960169
111,1557590400,689,477,-212,1166,19,0.1640139029710689,0.2187107062063914
111,1557604800,744,477,-267,1221,19,0.016936218241577723,0.2956558373877444
111,1557619200,435,227,-208,662,19,0.17471046186048647,-0.4863864958918255
111,1557633600,145,45,-100,190,19,0.46351755187476007,-1.146715621666346
111,1557648000,54,77,23,131,19,0.7924367377243495,-1.2292567623881612
111,1557662400,226,293,67,519,19,0.9100988855079424,-0.6864438369633433
111,1557676800,434,438,4,872,19,0.7416280829996161,-0.19259599501756844
111,1557691200,436,366,-70,802,19,0.5437417435453916,-0.2905261619756541
111,1557705600,278,177,-101,455,19,0.4608434121524057,-0.775979989610736
111,1557720000,43,20,-23,63,19,0.6694263104960477,-1.3243889245760159
111,1557734400,226,305,79,531,19,0.9421885621761951,-0.6696558083419573
111,1557748800,702,839,137,1541,19,1.0972886660727494,0.7433366006247075
111,1557763200,717,415,-302,1132,19,-0.07665867204082577,0.17114462511246406
111,1557777600,1373,681,-692,2054,19,-1.119573163759036,1.4610248241889643
111,1557792000,475,196,-279,671,20,-0.4278458071948976,-0.44595900534224947
111,1557806400,54,16,-38,70,20,0.483295631985989,-1.436447101501428
111,1557820800,255,342,87,597,20,0.9558793660009717,-0.5679159423069403
111,1557835200,683,888,205,1571,20,1.4019984109111154,1.0373010388229096
111,1557849600,766,484,-282,1250,20,-0.4391878168112572,0.5082716230706694
111,1557864000,1515,603,-912,2118,20,-2.8210098362467697,1.9387935323321783
111,1557878400,527,242,-285,769,20,-0.4505298264276168,-0.2844484671998211
111,1557892800,68,24,-44,92,20,0.46061161275326984,-1.4001896337551685
111,1557907200,253,353,100,606,20,1.00502807433853,-0.5530833418652887
111,1557921600,737,901,164,1638,20,1.246990946154201,1.1477215087774268
111,1557936000,787,491,-296,1278,20,-0.49211719502093526,0.5544174911113633
111,1557950400,1386,666,-720,2052,20,-2.0951212207997565,1.8300211290934
111,1557964800,608,259,-349,867,20,-0.692492698243288,-0.12293792905739263
111,1557979200,67,30,-37,97,20,0.48707630185810885,-1.3919493001764731
111,1557993600,245,349,104,594,20,1.0201507538270094,-0.5728601424541575
111,1558008000,747,742,-5,1489,20,0.6080577377659444,0.9021595681323061
111,1558022400,769,535,-234,1304,20,-0.2577156629495039,0.597267225720579
111,1558036800,1457,690,-767,2147,20,-2.27281270478939,1.9865874670886112
111,1558051200,669,246,-423,915,20,-0.9722622687801575,-0.0438307267019175
111,1558065600,81,44,-37,125,20,0.48707630185810885,-1.3458034321357792
111,1558080000,239,344,105,583,20,1.0239314236991293,-0.5909888763272872
111,1558094400,636,724,88,1360,20,0.9596600358730916,0.6895589618019666
111,1558108800,793,526,-267,1319,20,-0.38247776872945927,0.621988226456665
111,1558123200,1200,695,-505,1895,20,-1.2822771982939862,1.5712746547223668
111,1558137600,654,236,-418,890,20,-0.9533589194195583,-0.08503239459539413
111,1558152000,128,52,-76,180,20,0.33963017684543423,-1.2551597627701307
111,1558166400,74,132,58,206,20,0.8462399397094957,-1.212310028160915
111,1558180800,329,440,111,769,20,1.0466154429318484,-0.2844484671998211
111,1558195200,736,502,-234,1238,20,-0.2577156629495039,0.4884948224818007
111,1558209600,819,556,-263,1375,20,-0.3673550892409798,0.7142799625380527
111,1558224000,519,228,-291,747,20,-0.473213845660336,-0.3207059349460805
111,1558238400,167,51,-116,218,20,0.1884033819606398,-1.1925332275720462
111,1558252800,58,78,20,136,20,0.702574484568941,-1.3276746982626495
111,1558267200,274,365,91,639,20,0.9710020454894512,-0.49869714024589956
111,1558281600,558,478,-80,1036,20,0.32450749735695483,0.15558534590250944
111,1558296000,586,372,-214,958,20,-0.18210226550710662,0.027036142074862324
111,1558310400,338,145,-193,483,20,-0.10270819819258953,-0.7557955479011939
111,1558324800,74,20,-54,94,20,0.4228049140320712,-1.3968935003236904
111,1558339200,237,327,90,564,20,0.9672213756173312,-0.6223021439263295
111,1558353600,690,836,146,1526,20,1.1789388884560437,0.9631380366146516
111,1558368000,713,425,-288,1138,20,-0.46187183604397636,0.3236881509078941
111,1558382400,1285,658,-627,1943,20,-1.7435189226926093,1.650381857077842
111,1558396800,511,197,-314,708,21,-0.680800888037443,-0.24064456879361837
111,1558411200,475,85,-390,560,21,-1.0173008004895208,-0.5082378853626939
111,1558425600,234,366,132,600,21,1.2939222824050132,-0.4359153673710518
111,1558440000,705,857,152,1562,21,1.3824748909450337,1.3034411903279388
111,1558454400,741,479,-262,1220,21,-0.4505641058333898,0.6850836614993996
111,1558468800,1377,693,-684,2070,21,-2.3190241460278216,2.2219371688217926
111,1558483200,581,238,-343,819,21,-0.8092021704204727,-0.039949581366811746
111,1558497600,67,36,-31,103,21,0.5722185228038466,-1.3345226534172039
111,1558512000,251,371,120,622,21,1.2407907172810009,-0.3961379824756487
111,1558526400,736,803,67,1539,21,1.0061263046499467,1.2618557424827446
111,1558540800,774,472,-302,1246,21,-0.6276693229134307,0.7320932981939668
111,1558555200,1273,765,-508,2038,21,-1.5397611908756415,2.164079154428479
111,1558569600,587,222,-365,809,21,-0.9066100398144952,-0.05803021086472225
111,1558584000,66,24,-42,90,21,0.5235145881068353,-1.3580274717644876
111,1558598400,255,369,114,624,21,1.2142249347189948,-0.3925218565760666
111,1558612800,714,890,176,1604,21,1.4887380211930583,1.379379834219163
111,1558627200,815,499,-316,1314,21,-0.689656148891445,0.8550415787797583
111,1558641600,1298,629,-669,1927,21,-2.252609689622806,1.9633841670016723
111,1558656000,605,220,-385,825,21,-0.9951626483545156,-0.029101203668065442
111,1558670400,86,23,-63,109,21,0.43053434913981375,-1.3236742757184576
111,1558684800,202,313,111,515,21,1.2009420434379918,-0.5896007181032911
111,1558699200,639,672,33,1311,21,0.8555868701319119,0.8496173899303852
111,1558713600,888,534,-354,1422,21,-0.8579061051174839,1.0503123773571919
111,1558728000,1119,530,-589,1649,21,-1.8983992554627243,1.4607426669597603
111,1558742400,523,215,-308,738,21,-0.6542351054754368,-0.18640268029988685
111,1558756800,107,55,-52,162,21,0.47923828383682504,-1.227846939379532
111,1558771200,80,100,20,180,21,0.7980276745808986,-1.195301806283293
111,1558785600,280,352,72,632,21,1.028264456784952,-0.3780573529777382
111,1558800000,510,382,-128,892,21,0.14273837138474726,0.09203901396793494
111,1558814400,640,421,-219,1061,21,-0.2601759974723458,0.39760165248262247
111,1558828800,419,195,-224,614,21,-0.2823141496073509,-0.4106024860739771
111,1558843200,113,52,-61,165,21,0.4393896099938158,-1.2224227505301588
111,1558857600,65,72,7,137,21,0.7404684790298853,-1.2730485131243083
111,1558872000,249,256,7,505,21,0.7404684790298853,-0.6076813476012016
111,1558886400,477,361,-116,838,21,0.19586993650875956,-0.005596385320781784
111,1558900800,530,374,-156,904,21,0.018764719428718633,0.11373576936542755
111,1558915200,319,129,-190,448,21,-0.13177471508931615,-0.7107409357392915
111,1558929600,92,37,-55,129,21,0.46595539255582197,-1.2875130167226367
111,1558944000,56,96,40,152,21,0.8865802831209192,-1.2459275688774425
111,1558958400,248,286,38,534,21,0.8777250222669171,-0.5552475220572611
111,1558972800,660,330,-330,990,21,-0.7516429748694594,0.2692291830474579
111,1558987200,661,298,-363,959,21,-0.8977547789604932,0.21317923160393534
111,1559001600,316,157,-159,473,22,0.1957393810877464,-0.7248957330006003
111,1559016000,54,23,-31,77,22,0.571156759870381,-1.2887298924387514
111,1559030400,241,337,96,578,22,0.9436411903812763,-0.5753942513313935
111,1559044800,673,852,179,1525,22,1.1870758969356408,0.7729667309613566
111,1559059200,981,421,-560,1402,22,-0.980372875879726,0.5978364238631431
111,1559073600,1552,591,-961,2143,22,-2.1564851328471986,1.6528897373572589
111,1559088000,439,237,-202,676,22,0.06962260540295512,-0.4358595351068006
111,1559102400,40,25,-15,65,22,0.6180839322182103,-1.3058157760580893
111,1559116800,266,362,96,628,22,0.9436411903812763,-0.5042030695841523
111,1559131200,933,757,-176,1690,22,0.14587926046817776,1.007897630727253
111,1559145600,1135,438,-697,1573,22,-1.3821867891080146,0.8413102654387082
111,1559160000,1823,686,-1137,2509,22,-2.672684028673321,2.1740091877470653
111,1559174400,358,236,-122,594,22,0.30425846714210175,-0.5526130731722764
111,1559188800,58,35,-23,93,22,0.5946203460442957,-1.2659487142796342
111,1559203200,253,358,105,611,22,0.9700377248269302,-0.5284080713782143
111,1559217600,886,747,-139,1633,22,0.25439834652253307,0.9267396835353978
111,1559232000,920,464,-456,1384,22,-0.6753462556188353,0.5722075984341362
111,1559246400,1727,731,-996,2458,22,-2.259138322358075,2.101394182364879
111,1559260800,493,253,-240,746,22,-0.04182942892313952,-0.3361918806606628
111,1559275200,54,39,-15,93,22,0.6180839322182103,-1.2659487142796342
111,1559289600,246,359,113,605,22,0.9935013110008449,-0.5369510131878833
111,1559304000,782,712,-70,1494,22,0.45677177727254703,0.728828198278067
111,1559318400,942,518,-424,1460,22,-0.5814919109231768,0.6804181946899429
111,1559332800,1310,701,-609,2011,22,-1.1240873411949532,1.464945017544542
111,1559347200,415,251,-164,666,22,0.18107463972904975,-0.45009777145624885
111,1559361600,88,66,-22,154,22,0.597553294316035,-1.1790954725479998
111,1559376000,52,130,78,182,22,0.8908481214899683,-1.1392284107695447
111,1559390400,386,370,-16,756,22,0.6151509839464709,-0.32195364431121454
111,1559404800,729,477,-252,1206,22,-0.07702480818401151,0.31876699141395715
111,1559419200,839,473,-366,1312,22,-0.4113809111622954,0.4696922967181087
111,1559433600,276,232,-44,508,22,0.5330284323377696,-0.6750619057775313
111,1559448000,119,49,-70,168,22,0.45677177727254703,-1.1591619416587722
111,1559462400,51,74,23,125,22,0.729535966544305,-1.2203863579613998
111,1559476800,255,344,89,599,22,0.9231105524791009,-0.5454939549975523
111,1559491200,530,438,-92,968,22,0.3922469152942817,-0.020103033702911433
111,1559505600,343,395,52,738,22,0.8145914664247456,-0.3475824697402214
111,1559520000,795,371,-424,1166,22,-0.5814919109231768,0.2618140460161641
111,1559534400,31,27,-4,58,22,0.650346363207343,-1.3157825415027031
111,1559548800,272,372,100,644,22,0.9553729834682335,-0.48142189142503505
111,1559563200,997,699,-298,1696,22,-0.21194042868402083,1.0164405725369219
111,1559577600,1002,438,-564,1440,22,-0.9921046689666833,0.6519417219910464
111,1559592000,1703,639,-1064,2342,22,-2.4585788048363497,1.9362306407112793
111,1559606400,629,165,-464,794,23,-1.0773946590836905,-0.22826746695532826
111,1559620800,68,27,-41,95,23,0.554821040863512,-1.247193465871936
111,1559635200,271,343,72,614,23,0.9908502940408971,-0.49065184435874654
111,1559649600,996,685,-311,1681,23,-0.48701876761342566,1.064704437249294
111,1559664000,1009,464,-545,1473,23,-1.3899466016267716,0.7615047122497884
111,1559678400,1626,1757,131,3383,23,1.2185115855228945,3.545694494697171
111,1559692800,685,169,-516,854,23,-1.278045288864434,-0.1408060078208555
111,1559707200,72,19,-53,91,23,0.5085170493756481,-1.253024229814234
111,1559721600,265,329,64,594,23,0.9599809663823212,-0.5198056640702374
111,1559736000,724,850,126,1574,23,1.1992182557362847,0.9087315017928176
111,1559750400,795,420,-375,1215,23,-0.7339733888820331,0.38542043797155556
111,1559764800,1460,646,-814,2106,23,-2.4279277441463876,1.684223106118476
111,1559779200,712,198,-514,910,23,-1.27032795694979,-0.05917531262868094
111,1559793600,105,36,-69,141,23,0.4467783940584963,-1.1801396805355067
111,1559808000,230,322,92,552,23,1.0680236131873369,-0.5810286854643684
111,1559822400,707,825,118,1532,23,1.1683489280777086,0.8475084803986866
111,1559836800,706,428,-278,1134,23,-0.35968279102179995,0.26734746814001736
111,1559851200,1300,698,-602,1998,23,-1.6098905611941252,1.526792479676425
111,1559865600,787,201,-586,988,23,-1.5481519058769735,0.05452458424613364
111,1559880000,106,30,-76,136,23,0.41976773235724235,-1.1874281354633796
111,1559894400,199,363,164,562,23,1.3458475621145203,-0.5664517756086229
111,1559908800,700,802,102,1502,23,1.106610272760557,0.8037777508314502
111,1559923200,809,510,-299,1319,23,-0.4407147761255618,0.5370203004713083
111,1559937600,1155,693,-462,1848,23,-1.0696773271690465,1.3081388318402432
111,1559952000,650,186,-464,836,23,-1.0773946590836905,-0.16704444556119732
111,1559966400,145,53,-92,198,23,0.35802907704009046,-1.0970512943577577
111,1559980800,79,89,10,168,23,0.7516130046869336,-1.140782023924994
111,1559995200,282,362,80,644,23,1.021719621699473,-0.44692111479151014
111,1560009600,671,390,-281,1061,23,-0.37125878889376596,0.16093602619307548
111,1560024000,613,391,-222,1004,23,-0.14359749741176844,0.07784764001532637
111,1560038400,465,225,-240,690,23,-0.21305348464356427,-0.37986732945508106
111,1560052800,135,62,-73,197,23,0.4313437302292083,-1.098508985343332
111,1560067200,46,59,13,105,23,0.7631890025588995,-1.2326165560161904
111,1560081600,247,260,13,507,23,0.7631890025588995,-0.6466247798152229
111,1560096000,531,348,-183,879,23,0.006890474923789239,-0.10436373318149186
111,1560110400,534,320,-214,854,23,-0.1127281697531925,-0.1408060078208555
111,1560124800,374,150,-224,524,23,-0.1513148293264124,-0.6218440330604557
111,1560139200,72,24,-48,96,23,0.5278103791622581,-1.2457357748863613
111,1560153600,230,316,86,546,23,1.044871617443405,-0.5897748313778156
111,1560168000,663,806,143,1469,23,1.2648155770107585,0.7556739483074902
111,1560182400,695,450,-245,1145,23,-0.23234681443017424,0.28338206898133733
111,1560196800,1295,611,-684,1906,23,-1.9263011696945285,1.3926849090035667
111,1560211200,489,184,-305,673,24,-0.3329323287507837,-0.5812679298753809
111,1560225600,62,31,-31,93,24,0.5216199717430312,-1.4479399075816042
111,1560240000,223,350,127,573,24,1.014391006334355,-0.730694132928178
111,1560254400,714,835,121,1549,24,0.9956781822359504,0.7277056088671221
111,1560268800,725,424,-301,1149,24,-0.32045711268518057,0.1300007966559335
111,1560283200,1909,747,-1162,2656,24,-3.005747370806256,2.3818536766615863
111,1560297600,580,210,-370,790,24,-0.5356545898168347,-0.4064392723036082
111,1560312000,71,26,-45,97,24,0.47795671551342017,-1.4419628594594924
111,1560326400,245,376,131,621,24,1.0268662223999583,-0.6589695554628354
111,1560340800,733,806,73,1539,24,0.8459755894487128,0.7127629885618424
111,1560355200,752,448,-304,1200,24,-0.3298135247343829,0.20620816021286006
111,1560369600,1347,608,-739,1955,24,-1.686493271868724,1.3343759932614785
111,1560384000,647,227,-420,874,24,-0.6915947906368739,-0.28092126173925863
111,1560398400,85,24,-61,109,24,0.42805585125100765,-1.4240317150931567
111,1560412800,219,355,136,574,24,1.0424602424819622,-0.72919987089765
111,1560427200,737,791,54,1528,24,0.7867183131370978,0.6963261062260346
111,1560441600,711,505,-206,1216,24,-0.02417073112710608,0.2301163527013076
111,1560456000,1321,707,-614,2028,24,-1.296642769818626,1.4434571214900205
111,1560470400,608,250,-358,858,24,-0.4982289416200253,-0.3048294542277062
111,1560484800,113,27,-86,140,24,0.35008575084098803,-1.3777095921467897
111,1560499200,194,393,199,587,24,1.2389448955152116,-0.7097744645007864
111,1560513600,685,773,88,1458,24,0.8927576496947245,0.5917277640890767
111,1560528000,807,522,-285,1329,24,-0.27055624842276804,0.39896796215096836
111,1560542400,1146,746,-400,1892,24,-0.6292187103088582,1.2402374853382163
111,1561161600,8418,6487,-1931,14905,25,-3.8002772045511324,4.177998784801778
111,1561176000,186,76,-110,262,25,0.26646135168617524,-0.386588018905198
111,1561190400,66,146,80,212,25,0.6907778402556911,-0.40217426080817886
111,1561204800,159,44,-115,203,25,0.2552951283027669,-0.4049797843507154
111,1561219200,1109,838,-271,1947,25,-0.09309104125957245,0.13866833322525712
111,1561233600,883,464,-419,1347,25,-0.4236112534084585,-0.04836656961051324
111,1561248000,560,242,-318,802,25,-0.1980535410636106,-0.21825660635300465
111,1561262400,175,52,-123,227,25,0.23742917088931362,-0.39749838823728456
111,1561276800,75,86,11,161,25,0.5366839575646564,-0.4180722275492193
111,1561291200,300,335,35,635,25,0.5902818298050163,-0.27031465430896073
111,1561305600,572,435,-137,1007,25,0.20616374541577034,-0.15435301455078312
111,1561320000,719,342,-377,1061,25,-0.3298149769878287,-0.13751987329556378
111,1561334400,415,177,-238,592,25,-0.019393966929077577,-0.28371882234552426
111,1561348800,64,20,-44,84,25,0.41385550034716495,-0.44207504007980986
111,1561362297,62,241,179,303,25,0.9118690632471758,-0.3738073005447537
111,1561363200,203,205,2,408,25,0.5165847554745214,-0.34107619254849386
111,1561377600,648,854,206,1502,25,0.9721666695175806,-4.9219711272563685e-05
111,1561392000,664,468,-196,1132,25,0.07440230949155226,-0.11538740979333095
111,1561406400,1171,580,-591,1751,25,-0.8077293377977045,0.07757026496557214
111,1561420800,546,175,-371,721,26,-0.6250621007879401,-0.4508147476513441
111,1561435200,75,31,-44,106,26,0.44068624089071534,-1.3940747664309485
111,1561449600,208,356,148,564,26,1.066446735087357,-0.6916144597625602
111,1561464000,737,861,124,1598,26,0.9882266733127768,0.8942893766896529
111,1561478400,712,489,-223,1201,26,-0.14270505317802876,0.2853881938351765
111,1561492800,1295,627,-668,1922,26,-1.5930353652483702,1.3912263621930543
111,1561507200,584,214,-370,798,26,-0.6218029315473326,-0.33271552578788144
111,1561521600,79,38,-41,117,26,0.45046374861253785,-1.3772034490218825
111,1561536000,215,370,155,585,26,1.0892609197716097,-0.6594055810725249
111,1561550400,738,830,92,1568,26,0.8839332576133365,0.8482766928467453
111,1561564800,740,485,-255,1225,26,-0.24699846887746904,0.3221983409095025
111,1561579200,1207,767,-440,1974,26,-0.8499447783898582,1.470981680854094
111,1561593600,668,250,-418,918,26,-0.778243055096493,-0.14866479041625127
111,1561608000,107,30,-77,137,26,0.3331336559506676,-1.3465283264599441
111,1561622400,201,326,125,527,26,0.9914858425533843,-0.7483634365021462
111,1561636800,723,781,58,1504,26,0.7731215034326813,0.7501163006485426
111,1561651200,732,500,-232,1232,26,-0.17203757634349634,0.33293463380618094
111,1561665600,1262,830,-432,2092,26,-0.8238714244649982,1.65196490396953
111,1561680000,793,285,-508,1078,26,-1.0715682867511689,0.09673619007925557
111,1561694400,117,38,-79,155,26,0.32661531746945255,-1.3189207161541996
111,1561708800,175,339,164,514,26,1.1185934429370772,-0.768302266167406
111,1561723200,639,727,88,1366,26,0.8708965806509065,0.5384579549711679
111,1561737600,838,578,-260,1416,26,-0.2632943150805066,0.6151457613760138
111,1561752000,1229,756,-473,1985,26,-0.957497363329906,1.48785299826316
111,1561766400,638,255,-383,893,26,-0.6641721316752301,-0.18700869361867423
111,1561780800,205,55,-150,260,26,0.0952143013863194,-1.1578763227040232
111,1561795200,93,102,9,195,26,0.6134222106429134,-1.2575704710303228
111,1561809600,272,370,98,642,26,0.9034882730569817,-0.5719814817710006
111,1561824000,673,509,-164,1182,26,0.04958593201781427,0.25624682740133503
111,1561838400,715,599,-116,1314,26,0.2060260555669747,0.4587026363101282
111,1561852800,542,287,-255,829,26,-0.24699846887746904,-0.28516908581687694
111,1561867200,194,55,-139,249,26,0.131065163033002,-1.1747476401130894
111,1561881600,60,69,9,129,26,0.6134222106429134,-1.3587983754847195
111,1561896000,251,440,189,691,26,1.200072673952265,-0.4968274314942516
111,1561910400,1130,1143,13,2273,26,0.6264588876053433,1.9295747631550724
111,1561924800,1963,592,-1371,2555,26,-3.884231341395449,2.362093991278403
111,1561939200,962,250,-712,1212,26,-1.7364388118351004,0.30225951124424255
111,1561953600,216,38,-178,254,26,0.003957562649309144,-1.1670788594726047
111,1561968000,183,316,133,499,26,1.0175591964782444,-0.7913086080888598
111,1561982400,589,787,198,1376,26,1.2294051971177324,0.5537955162521371
111,1561996800,613,398,-215,1011,26,-0.11663169925316869,-0.006025470503237916
111,1562011200,1158,602,-556,1760,26,-1.2280084103003293,1.1427578694413536
111,1562025600,565,206,-359,771,27,-1.3241237355346887,0.1770408383077231
111,1562040000,79,25,-54,104,27,0.23868069134953032,-1.289657106089679
111,1562054400,181,373,192,554,27,1.4991721307381134,-0.3001307567960794
111,1562068800,645,745,100,1390,27,1.0277688282025457,1.5381893054471414
111,1562083200,676,450,-226,1126,27,-0.642638526434357,0.9576671805282295
111,1562097600,1128,581,-547,1709,27,-2.28742613636824,2.2396535397241597
111,1562112000,541,186,-355,727,27,-1.3036279397722728,0.0802871508212378
111,1562126400,83,30,-53,113,27,0.24380464029013432,-1.269866579103807
111,1562140800,148,316,168,464,27,1.3761973561636176,-0.49803602665479935
111,1562155200,562,721,159,1283,27,1.3300818156981815,1.302901929059552
111,1562169600,748,494,-254,1242,27,-0.7861090967712691,1.2127450839016907
111,1562184000,1019,511,-508,1530,27,-2.087592127684684,1.8460419474495946
111,1562198400,496,182,-314,678,27,-1.0935460332075089,-0.027461273879620832
111,1562212800,91,39,-52,130,27,0.24892858923073832,-1.2324844725749378
111,1562227200,56,92,36,148,27,0.69983609600389,-1.1929034186031937
111,1562241600,223,213,-10,436,27,0.46413444473610616,-0.55960655505529
111,1562256000,331,321,-10,652,27,0.46413444473610616,-0.08463390739436215
111,1562270400,335,248,-87,583,27,0.06959037630959844,-0.23636128095271408
111,1562284800,259,272,13,531,27,0.5819852703699981,-0.3507065479821967
111,1562299200,67,76,9,143,27,0.5614894746075821,-1.203898155817567
111,1562313600,100,208,108,308,27,1.0687604197273777,-0.8410718277432472
111,1562328000,363,395,32,758,27,0.679340300241474,0.14845452155035244
111,1562342400,516,375,-141,891,27,-0.20710286648301737,0.440914531452683
111,1562356800,706,442,-264,1148,27,-0.837348586177309,1.006044024271472
111,1562371200,457,188,-269,645,27,-0.862968330880329,-0.10002653949448481
111,1562385600,127,43,-84,170,27,0.08496222313141043,-1.1445265748599511
111,1562400000,69,122,53,191,27,0.786943227994158,-1.098348678559583
111,1562414400,329,360,31,689,27,0.67421635130087,-0.0032728520079995083
111,1562428800,577,419,-158,996,27,-0.29420999847328533,0.671804012954523
111,1562443200,611,388,-223,999,27,-0.6272666796125451,0.6784008552831469
111,1562457600,393,159,-234,552,27,-0.6836301179591892,-0.30452865168182874
111,1562472000,120,41,-79,161,27,0.11058196783443042,-1.1643171018458232
111,1562486400,59,74,15,133,27,0.5922331682512061,-1.2258876302463138
111,1562500800,256,296,40,552,27,0.720331891766306,-0.30452865168182874
111,1562515200,474,372,-102,846,27,-0.007268857799461506,0.34196189652332304
111,1562529600,514,308,-206,822,27,-0.5401595476222771,0.2891871578943311
111,1562544000,380,161,-219,541,27,-0.6067708838501291,-0.32871707355345003
111,1562558400,55,28,-27,83,27,0.37702731274583823,-1.335835002390047
111,1562572506,60,303,243,363,27,1.7604935267089172,-0.7201297183851406
111,1562572800,183,211,28,394,27,0.658844504479058,-0.6519623476560259
111,1562587200,634,742,108,1376,27,1.0687604197273777,1.5074040412468959
111,1562601600,608,410,-198,1018,27,-0.4991679560974452,0.7201808566977655
111,1562616000,1184,557,-627,1741,27,-2.69734205161656,2.310019857896149
111,1562630400,463,182,-281,645,28,-0.6415829080354283,-0.3501625583724837
111,1562644800,51,19,-32,70,28,0.4324804907535118,-1.3351859462228601
111,1562659200,213,367,154,580,28,1.234792909125973,-0.46151302830339586
111,1562673600,716,903,187,1619,28,1.3771386607727,1.3183814064384147
111,1562688000,635,395,-240,1030,28,-0.46472909538343415,0.30937484044907265
111,1562702400,1234,648,-586,1882,28,-1.9572027338612386,1.768922538620413
111,1562716800,607,201,-406,808,28,-1.1807713612427275,-0.07092984146881182
111,1562731200,65,22,-43,87,28,0.3850319068712695,-1.3060635156255447
111,1562745600,208,364,156,572,28,1.2434199243772899,-0.47521770152566195
111,1562760000,676,885,209,1561,28,1.4720358285371848,1.2190225255769855
111,1562774400,684,467,-217,1151,28,-0.36551841999329104,0.5166580229358475
111,1562788800,1229,728,-501,1957,28,-1.590554585680275,1.8974038500791577
111,1562803200,614,199,-415,813,28,-1.2195929298736532,-0.06236442070489551
111,1562817600,64,22,-42,86,28,0.3893454144969279,-1.307776599778328
111,1562832000,206,357,151,563,28,1.2218523862489978,-0.4906354589007113
111,1562846400,670,823,153,1493,28,1.2304794015003147,1.1025328031877235
111,1562860800,698,504,-194,1202,28,-0.266307744603148,0.604025314727794
111,1562875200,1253,715,-538,1968,28,-1.7501543678296356,1.9162477757597736
111,1562889600,604,208,-396,812,28,-1.1376362849861437,-0.06407750485767877
111,1562904000,92,29,-63,121,28,0.2987617543581016,-1.2478186544309138
111,1562918400,181,333,152,514,28,1.2261658938746562,-0.5745765823870912
111,1562932800,635,624,-11,1259,28,0.5230641508923382,0.7016711114364399
111,1562947200,751,489,-262,1240,28,-0.5596262631479187,0.6691225125335579
111,1562961600,1166,674,-492,1840,28,-1.5517330170493495,1.6969730042035158
111,1562976000,639,208,-431,847,28,-1.2886090518841873,-0.004119559510264551
111,1562990400,171,48,-123,219,28,0.03995129681859797,-1.079936407458154
111,1563004800,75,83,8,158,28,0.6050207957798476,-1.1844345407779329
111,1563019200,334,343,9,677,28,0.609334303405506,-0.2953438654834193
111,1563033600,556,380,-176,936,28,-0.18866460734129692,0.14834493008744587
111,1563048000,536,495,-41,1031,28,0.3936589221225863,0.3110879246018559
111,1563062400,85,41,-44,126,28,0.3807183992456111,-1.2392532336669975
111,1563076800,76,23,-53,99,28,0.34189683061468557,-1.2855065057921455
111,1563091200,56,51,-5,107,28,0.5489451966462885,-1.2718018325698794
111,1563105600,243,269,26,512,28,0.6826639330416987,-0.5780027506926577
111,1563120000,505,380,-125,885,28,0.03132428156728118,0.06097763829549945
111,1563134400,521,293,-228,814,28,-0.4129670038755334,-0.06065133655211224
111,1563148800,365,131,-234,496,28,-0.43884804962948376,-0.60541209713719
111,1563163200,55,24,-31,79,28,0.4367939983791702,-1.3197681888478108
111,1563177600,189,318,129,507,28,1.1269552184845133,-0.586568171456574
111,1563192000,640,842,202,1482,28,1.441841275157576,1.0836888775071076
111,1563206400,599,345,-254,944,28,-0.5251182021426517,0.162049603309712
111,1563220800,1255,628,-627,1883,28,-2.1340565465132326,1.7706356227731963
111,1563235200,542,180,-362,722,29,-0.5061800565780238,-0.2851277119918929
111,1563249600,67,26,-41,93,29,0.5087395631103933,-1.2666893350570256
111,1563264000,167,344,177,511,29,1.1979996163567326,-0.6143956014461742
111,1563278400,749,739,-10,1488,29,0.6067536073793681,0.9102239625198585
111,1563292800,722,478,-244,1200,29,-0.13309433968321627,0.46079670108463083
111,1563307200,1743,619,-1124,2362,29,-2.915428499576696,2.27411086006982
111,1563321600,628,222,-406,850,29,-0.6452967645726978,-0.08538226246512502
111,1563336000,69,24,-45,93,29,0.496092589656332,-1.2666893350570256
111,1563350400,252,354,102,606,29,0.9608688640930838,-0.46614702562552623
111,1563364800,671,934,263,1605,29,1.46990954561905,1.0928037874779197
111,1563379200,676,436,-240,1112,29,-0.12044736622915499,0.3234717045349779
111,1563393600,1284,673,-611,1957,29,-1.2934541540933377,1.6421037736765312
111,1563408000,580,217,-363,797,29,-0.509341799941539,-0.16808936265980234
111,1563422400,90,44,-46,134,29,0.4929308462928167,-1.2027083707554826
111,1563436800,177,316,139,493,29,1.0778533685431506,-0.642484805285876
111,1563451200,709,925,216,1634,29,1.3213076075338301,1.1380586158863282
111,1563465600,639,451,-188,1090,29,0.04396328867364154,0.2891404553975647
111,1563480000,1322,684,-638,2006,29,-1.3788212249082514,1.718568828573497
111,1563494400,643,216,-427,859,29,-0.7116933752065194,-0.07133766054527416
111,1563508800,92,22,-70,114,29,0.41704900556844904,-1.2339185972440403
111,1563523200,146,345,199,491,29,1.2675579703540696,-0.6456058279347318
111,1563537600,649,780,131,1429,29,1.052559421635028,0.818153794378614
111,1563552000,1078,471,-607,1549,29,-1.2808071806392765,1.005415153309959
111,1563566400,1369,698,-671,2067,29,-1.483158755904257,1.8137600193635974
111,1563580800,573,257,-316,830,29,-0.3607398618563191,-0.1165924889536825
111,1563595200,133,46,-87,179,29,0.36329936838868865,-1.1324853611562284
111,1563609600,86,90,4,176,29,0.6510180144685825,-1.137166895129512
111,1563624000,323,316,-7,639,29,0.616238837469914,-0.4146501519194064
111,1563638400,580,343,-237,923,29,-0.11096213613860903,0.02853506421810977
111,1563652800,537,326,-211,863,29,-0.02875680868721077,-0.06509561524756266
111,1563667200,424,182,-242,606,29,-0.12677085295618562,-0.46614702562552623
111,1563681600,121,46,-75,167,29,0.4012402887508725,-1.151211497049363
111,1563696000,59,59,0,118,29,0.6383710410145214,-1.2276765519463286
111,1563710400,276,234,-42,510,29,0.505577819746878,-0.6159561127706021
111,1563724800,471,305,-166,776,29,0.11352164267097853,-0.20086010047278768
111,1563739200,454,268,-186,722,29,0.050286775400672175,-0.2851277119918929
111,1563753600,319,135,-184,454,29,0.056610262127702815,-0.7033447469385631
111,1563768000,55,23,-32,78,29,0.5371952533820311,-1.2900970049234437
111,1563782400,248,359,111,607,29,0.9893245543647217,-0.4645865143010984
111,1563796800,890,632,-258,1522,29,-0.17735874677243071,0.9632813475504063
111,1563811200,899,350,-549,1249,29,-1.097426065555388,0.5372617559815966
111,1563825600,1727,590,-1137,2317,29,-2.956531163302395,2.203887850470566
111,1563840000,391,139,-252,530,30,-0.40305561803986273,-0.4369083974245779
111,1563854400,56,19,-37,75,30,0.4314906728399874,-1.18799466362367
111,1563868800,246,338,92,584,30,0.9322184473678974,-0.3477684889086417
111,1563883200,944,707,-237,1651,30,-0.344831458211036,1.4135700738043941
111,1563897600,880,459,-421,1339,30,-1.0590478187779775,0.8985394912678739
111,1563912000,1807,590,-1217,2397,30,-4.148809900361051,2.645021402561587
111,1563926400,431,183,-248,614,30,-0.38752917541884224,-0.29824631751089936
111,1563940800,53,23,-30,76,30,0.4586619474267732,-1.1863439245770786
111,1563955200,203,332,129,535,30,1.0758380416123365,-0.42865470219162083
111,1563969600,769,870,101,1639,30,0.9671529432651934,1.3937612052452972
111,1563984000,708,467,-241,1175,30,-0.36035790083205643,0.6278182876268824
111,1563998400,1247,680,-567,1927,30,-1.6257629744452247,1.8691740506636236
111,1564012800,474,201,-273,675,30,-0.48456944180022016,-0.19755123566882327
111,1564027200,71,27,-44,98,30,0.4043193982532015,-1.1500276655520676
111,1564041600,169,347,178,516,30,1.2660369637198372,-0.46001874407685767
111,1564044563,87,153,66,240,30,0.8312965703312644,-0.9156227209360872
111,1564056000,661,785,124,1446,30,1.056429988336061,1.075168569253155
111,1564070400,656,442,-214,1098,30,-0.2555544131401683,0.5007113810393438
111,1564084800,1164,658,-506,1822,30,-1.3889847244746625,1.6958464507715254
111,1564099200,534,212,-322,746,30,-0.6747683639077209,-0.08034876336083305
111,1564113600,106,19,-87,125,30,0.23741014007723152,-1.1054577112940995
111,1564128000,140,286,146,426,30,1.1418254227516735,-0.6085852582700847
111,1564142400,600,731,131,1331,30,1.0836012629228469,0.8853335788951426
111,1564156800,722,480,-242,1202,30,-0.36423951148731154,0.6723882418848505
111,1564171200,1027,601,-426,1628,30,-1.0784558720542532,1.3756030757327917
111,1564185600,513,211,-302,724,30,-0.5971361508026185,-0.1166650223858441
111,1564200000,102,60,-42,162,30,0.4120826195637118,-1.0443803665702174
111,1564214400,53,58,5,111,30,0.5945183203607023,-1.1285680579463793
111,1564228800,225,225,0,450,30,0.5751102670844267,-0.5689675211518908
111,1564243200,454,285,-169,739,30,-0.08088193365368805,-0.09190393668697293
111,1564257600,489,252,-237,741,30,-0.344831458211036,-0.08860245859379011
111,1564272000,321,147,-174,468,30,-0.10028998692996363,-0.5392542183132454
111,1564286400,108,38,-70,146,30,0.3033975212165685,-1.07079219131568
111,1564300800,45,43,-2,88,30,0.5673470457739165,-1.1665350560179817
111,1564315200,194,166,-28,360,30,0.4664251687372834,-0.7175340353451178
111,1564329600,366,247,-119,613,30,0.11319859910906778,-0.29989705655749077
111,1564344000,385,208,-177,593,30,-0.11193481889572898,-0.33291183748931896
111,1564358400,253,104,-149,357,30,-0.0032497205485857122,-0.7224862524848921
111,1564372800,47,23,-24,70,30,0.4819516113583039,-1.196248358856627
111,1564387200,166,298,132,464,30,1.087482873578102,-0.545857174499611
111,1564401600,622,795,173,1417,30,1.2466289104435617,1.0272971369020039
111,1564416000,567,371,-196,938,30,-0.1856854213455762,0.23659313358471792
111,1564430400,1215,620,-595,1835,30,-1.734448072792368,1.7173060583772137
111,1564444800,536,152,-384,688,31,-0.8351557157033309,-0.4357580519608374
111,1564459200,56,24,-32,80,31,0.47674377969676934,-1.505505948026204
111,1564473600,171,329,158,500,31,1.184871348236596,-0.7665353619284179
111,1564488000,683,864,181,1547,31,1.2705920539019435,1.0756127419867778
111,1564502400,648,448,-200,1096,31,-0.14939007038055122,0.2820990888198693
111,1564516800,1241,548,-693,1789,31,-1.98679476138126,1.5014005558812165
111,1564531200,482,194,-288,676,31,-0.4773649442305763,-0.456871497277917
111,1564545600,61,19,-42,80,31,0.4394739076683574,-1.505505948026204
111,1564560000,183,326,143,509,31,1.1289665401939781,-0.7507002779406081
111,1564574400,659,766,107,1425,31,0.9947950008916951,0.8609593812631351
111,1564588800,679,414,-265,1093,31,-0.39164423856522884,0.2768207274905993
111,1564603200,1237,613,-624,1850,31,-1.7296326443852175,1.6087272362430378
111,1564617600,482,166,-316,648,31,-0.5817205859101298,-0.5061362030177694
111,1564632000,65,20,-45,85,31,0.4282929460598338,-1.4967086791440876
111,1564646400,191,347,156,538,31,1.1774173738309137,-0.6996761184243324
111,1564660800,663,777,114,1440,31,1.0208839113115835,0.8873511879094846
111,1564675200,678,418,-260,1096,31,-0.3730093025510229,0.2820990888198693
111,1564689600,1181,601,-580,1782,31,-1.565645207460205,1.4890843794462534
111,1564704000,576,195,-381,771,31,-0.8239747540948074,-0.2897233885177034
111,1564718400,87,27,-60,114,31,0.37238813801721593,-1.4456845196278119
111,1564732800,168,330,162,498,31,1.1997792970479608,-0.7700542694812644
111,1564747200,613,695,82,1308,31,0.9016203208206655,0.655103289421609
111,1564761600,749,455,-294,1204,31,-0.49972686744762346,0.47212009667358573
111,1564776000,1058,581,-477,1639,31,-1.181765525567562,1.2374824894177214
111,1565395200,8124,6426,-1698,14550,32,-3.795527129032977,4.08416298730855
111,1565409600,111,39,-72,150,32,0.27778938653380103,-0.3714750711550897
111,1565424000,64,72,8,136,32,0.4781985631914531,-0.3758069414897071
111,1565438400,252,213,-39,465,32,0.3604581719050825,-0.2740079886261976
111,1565452800,434,334,-100,768,32,0.20764617470362282,-0.18025393781269186
111,1565467200,518,313,-205,831,32,-0.05539086965954551,-0.16076052130691343
111,1565481600,275,146,-129,421,32,0.13499784816522395,-0.2876224382492809
111,1565496000,78,32,-46,110,32,0.34292236894753797,-0.3838518435397109
111,1565510400,54,48,-6,102,32,0.44312695727636403,-0.3863271980166352
111,1565524800,198,199,1,397,32,0.46066276023390856,-0.29504850168005364
111,1565539200,415,296,-119,711,32,0.16004899524743046,-0.1978908384607771
111,1565553600,417,256,-161,673,32,0.05483417750216313,-0.20964877222616726
111,1565568000,242,110,-132,352,32,0.127482504040562,-0.30897237061275257
111,1565582400,41,14,-27,55,32,0.3905195484037303,-0.4008699055685651
111,1565596800,172,314,142,486,32,0.8138839340930204,-0.26751018312427144
111,1565611200,633,762,129,1395,32,0.7813174428861519,0.013751969316245768
111,1565625600,601,360,-241,961,32,-0.14557499915548894,-0.12053601105689447
111,1565640000,1172,575,-597,1747,32,-1.0373958352820405,0.12266756630091251
111,1565654400,488,166,-322,654,33,-0.6639131117542425,-0.3770725529834092
111,1565668800,43,11,-32,54,33,0.49129570269813955,-1.513159154511615
111,1565683200,169,322,153,491,33,1.2282392567453488,-0.6857094130652385
111,1565697600,657,801,144,1458,33,1.1923879487106197,1.1452834930643865
111,1565712000,614,391,-223,1005,33,-0.2695487233722224,0.2875381089105912
111,1565726400,1202,560,-642,1762,33,-1.938626286322388,1.7209007045053442
111,1565740800,479,184,-295,663,33,-0.5563591876500552,-0.36003125396048613
111,1565755200,37,18,-19,55,33,0.5430809254149704,-1.5112656768424013
111,1565769600,170,350,180,520,33,1.3357931808495362,-0.6307985606580419
111,1565784000,650,820,170,1470,33,1.2959583941442816,1.1680052250949506
111,1565798400,664,410,-254,1074,33,-0.39303656215851157,0.41818806808633485
111,1565812800,1230,580,-650,1810,33,-1.9704941156865918,1.8117876326276006
111,1565827200,497,196,-301,693,33,-0.5802600596732079,-0.3032269238840758
111,1565841600,52,27,-25,79,33,0.5191800533918177,-1.465822212781273
111,1565856000,171,334,163,505,33,1.2680740434506035,-0.659200725696247
111,1565870400,622,744,122,1366,33,1.1047514179590598,0.9710835474967283
111,1565884800,647,394,-253,1041,33,-0.3890530834879861,0.35570330500228353
111,1565899200,1242,574,-668,1816,33,-2.04219673175605,1.8231484986428828
111,1565913600,555,214,-341,769,33,-0.7395992064942262,-0.15932262102383643
111,1565928000,79,23,-56,102,33,0.3956922146055286,-1.4222722263893586
111,1565942400,140,336,196,476,33,1.3995288395779435,-0.7141115781034436
111,1565956800,531,637,106,1168,33,1.0410157592306524,0.5961749689924204
111,1565971200,725,502,-223,1227,33,-0.2695487233722224,0.7078901514760273
111,1565985600,1001,535,-466,1536,33,-1.237534040309908,1.2929747512630534
111,1566000000,531,174,-357,705,33,-0.8033348652226334,-0.2805051918535117
111,1566014400,172,54,-118,226,33,0.14871653703295037,-1.1874809954068626
111,1566028800,80,137,57,217,33,0.845825304374905,-1.2045222944297858
111,1566043200,403,443,40,846,33,0.7781061669759723,-0.013524840494383341
111,1566057600,819,514,-305,1333,33,-0.5961939743553097,0.908598784412677
111,1566072000,884,486,-398,1370,33,-0.9666574907141771,0.9786574581735831
111,1566086400,650,232,-418,882,33,-1.046327064124686,0.05464035559730901
111,1566100800,185,59,-126,244,33,0.11684870766874672,-1.1533983973610165
111,1566115200,86,93,7,179,33,0.6466513708486322,-1.2764744458599055
111,1566129600,336,333,-3,669,33,0.6068165841433777,-0.34867038794520405
111,1566144000,611,432,-179,1043,33,-0.0942756618691024,0.3594902603407109
111,1566158400,688,381,-307,1069,33,-0.6041609316963606,0.4087206797402665
111,1566172800,406,172,-234,578,33,-0.31336698874800245,-0.5209768558436486
111,1566187200,67,29,-38,96,33,0.46739483067498677,-1.4336330924046405
111,1566201600,174,292,118,466,33,1.088817503276958,-0.7330463547955803
111,1566216000,617,767,150,1384,33,1.2162888207337725,1.0051661455425744
111,1566230400,573,402,-171,975,33,-0.06240783250489876,0.2307337788341809
111,1566244800,1231,525,-706,1756,33,-2.193568921236017,1.7095398384900622
111,1566259200,479,152,-327,631,34,-0.5723542076647856,-0.4294295119916734
111,1566273600,59,14,-45,73,34,0.4308962341854025,-1.4052958984007549
111,1566288000,173,326,153,499,34,1.1353061188887261,-0.6602796249056496
111,1566302400,638,795,157,1433,34,1.1495366216100054,0.9731598104099097
111,1566316800,583,423,-160,1006,34,0.021769280948623643,0.22639467242303193
111,1566331200,1291,584,-707,1875,34,-1.924251966186316,1.7461579157733758
111,1566345600,540,177,-363,717,34,-0.7004287321562991,-0.2790271656992343
111,1566360000,57,21,-36,78,34,0.46291486530828085,-1.396551575941892
111,1566374400,178,306,128,484,34,1.0463654768807307,-0.6865125922822378
111,1566388800,627,851,224,1478,34,1.387897542191433,1.0518587125396743
111,1566403200,637,416,-221,1053,34,-0.19524588555088515,0.3085913035363417
111,1566417600,1247,673,-574,1920,34,-1.4510877507037805,1.8248568179031404
111,1566432000,524,163,-361,687,34,-0.6933134807956595,-0.3314931004524107
111,1566446400,56,16,-40,72,34,0.4486843625870016,-1.4070447628925273
111,1566460800,179,340,161,519,34,1.1637671243312846,-0.6253023350701987
111,1566475200,609,791,182,1400,34,1.2384772636180006,0.9154472821814157
111,1566489600,629,424,-205,1053,34,-0.1383238746657681,0.3085913035363417
111,1566504000,1242,604,-638,1846,34,-1.6787757942442487,1.6954408455119718
111,1566518400,525,170,-355,695,34,-0.6719677267137405,-0.3175021845182303
111,1566532800,61,17,-44,78,34,0.4344538598657223,-1.396551575941892
111,1566547200,155,297,142,452,34,1.096172236405208,-0.7424762560189594
111,1566561600,644,690,46,1334,34,0.7546401710945058,0.8000222257244275
111,1566576000,822,449,-373,1271,34,-0.7360049889594972,0.689843762742757
111,1566590400,1569,582,-987,2151,34,-2.9203871566758646,2.228844515502599
111,1566604800,535,184,-351,719,34,-0.6577372239924613,-0.2755294367156892
111,1566619200,172,53,-119,225,34,0.1676319338417361,-1.1394684956513277
111,1566633600,95,127,32,222,34,0.7048334115700283,-1.1447150891266453
111,1566648000,395,460,65,855,34,0.8222350590205822,-0.03768386583462273
111,1566662400,826,536,-290,1362,34,-0.44072205749295246,0.8489904314940588
111,1566676800,878,513,-365,1391,34,-0.7075439835169387,0.8997075017554628
111,1566691200,528,238,-290,766,34,-0.44072205749295246,-0.19333280560237945
111,1566705600,189,55,-134,244,34,0.11426754863693886,-1.1062400703076494
111,1566720000,74,92,18,166,34,0.6550266520455509,-1.242651500665908
111,1566734400,306,315,9,621,34,0.6230080209226726,-0.44691815690939884
111,1566748800,662,478,-184,1140,34,-0.06361373537905195,0.4607425143205533
111,1566763200,692,357,-335,1049,34,-0.6008152131073442,0.3015958455692515
111,1566777600,442,196,-246,638,34,-0.2841865275588806,-0.41718746054926553
111,1566792000,69,32,-37,101,34,0.45935723962796104,-1.3563276926311236
111,1566806400,153,255,102,408,34,0.9538672091924154,-0.8194262936569515
111,1566820800,550,852,302,1402,34,1.6653923452563786,0.9189450111649607
111,1566835200,583,379,-204,962,34,-0.13476624898544828,0.14944463478503986
111,1566849600,1223,516,-707,1739,34,-1.924251966186316,1.5083123448923093
111,1566864000,440,173,-267,613,35,-0.7625856735479003,-0.14468140325856554
111,1566878400,51,29,-22,80,35,0.2712755360447076,-1.1683343404729292
111,1566892800,160,333,173,493,35,1.0941446620469872,-0.37514735535185567
111,1566907200,601,836,235,1437,35,1.3557748456989942,1.4378514677820267
111,1566921600,573,429,-144,1002,35,-0.243545147915693,0.60241239144385
111,1566936000,1306,535,-771,1841,35,-2.8893858761384075,2.2137535064961034
111,1566950400,522,227,-295,749,35,-0.880741240358484,0.11651334244716327
111,1566964800,54,23,-31,77,35,0.23329696099844854,-1.1740959892752614
111,1566979200,149,304,155,453,35,1.0181875119544692,-0.45196933938295236
111,1566993600,615,848,233,1463,35,1.347335162355381,1.4877857574022395
111,1567008000,599,402,-197,1001,35,-0.4671967565214408,0.6004918418430726
111,1567022400,1328,615,-713,1943,35,-2.644635059173627,2.4096495657754
111,1567036800,559,190,-369,749,35,-1.1930095240721696,0.11651334244716327
111,1567051200,53,26,-27,79,35,0.2501763276856748,-1.1702548900737066
111,1567065600,172,328,156,500,35,1.0224073536262757,-0.3617035081464137
111,1567080000,597,829,232,1426,35,1.3431153206835744,1.416725422173475
111,1567094400,758,434,-324,1192,35,-1.0031166488408743,0.9673168155915594
111,1567108800,1213,601,-612,1814,35,-2.218431050321164,2.161898667275113
111,1567123200,574,186,-388,760,35,-1.2731865158364943,0.13763938805571485
111,1567137600,66,21,-45,87,35,0.17421917759315667,-1.1548904932674873
111,1567152000,140,298,158,438,35,1.0308470369698888,-0.48077758339461363
111,1567166400,481,587,106,1068,35,0.8114152700359476,0.7291686650951595
111,1567180800,729,470,-259,1199,35,-0.7288269401734477,0.9807606627970012
111,1567195200,912,491,-421,1403,35,-1.4124412910061108,1.3725527813555944
111,1567209600,300,181,-119,481,35,-0.13804910612052895,-0.3981939505611847
111,1567224000,78,43,-35,121,35,0.2164175943112223,-1.089591806841055
111,1567238400,61,86,25,147,35,0.46960809461961606,-1.0396575172208422
111,1567252800,220,308,88,528,35,0.7354581199434295,-0.30792811932464603
111,1567267200,377,316,-61,693,35,0.10670171084425167,0.008962564803627877
111,1567281600,442,359,-83,801,35,0.013865194064507303,0.216381921687589
111,1567296000,222,229,7,451,35,0.3936509445270979,-0.4558104385845072
111,1567310400,84,43,-41,127,35,0.19109854428038292,-1.0780685092363906
111,1567324800,37,66,29,103,35,0.4864874613068423,-1.1241616996550485
111,1567339200,197,211,14,408,35,0.4231898362297439,-0.5383940714179362
111,1567353600,325,287,-38,612,35,0.20375806929580262,-0.14660195285934297
111,1567368000,303,297,-6,600,35,0.33879300279361263,-0.16964854806867197
111,1567382400,229,135,-94,364,35,-0.03255306432536489,-0.6228982538521426
111,1567396800,42,27,-15,69,35,0.30081442774735356,-1.1894603860814807
111,1567411200,40,83,43,123,35,0.5455652447121341,-1.0857507076395003
111,1567425600,154,246,92,400,35,0.7523374866306557,-0.5537584682241555
111,1567440000,257,266,9,523,35,0.40209062787071104,-0.31753086732853314
111,1567454400,247,245,-2,492,35,0.35567236948083886,-0.3770679049526331
111,1567468800,228,125,-103,353,36,0.1891394379482557,-0.8640650315404659
111,1567483200,23,20,-3,43,36,0.5404820471400619,-1.3832457371870979
111,1567497600,195,342,147,537,36,1.0674959609277712,-0.5559061610921425
111,1567512000,635,821,186,1456,36,1.2045195785125755,0.9832134146796468
111,1567526400,622,360,-262,982,36,-0.3694953106667161,0.18936936798124843
111,1567540800,1335,508,-827,1843,36,-2.354581052600421,1.6313519085030228
111,1567555200,432,156,-276,588,36,-0.41868327595356897,-0.4704925611309224
111,1567569600,40,17,-23,57,36,0.4702135253017006,-1.359798866609508
111,1567584000,223,362,139,585,36,1.0393885521924267,-0.47551689054040597
111,1567598400,676,897,221,1573,36,1.3274894917297078,1.1791622616495046
111,1567612800,688,477,-211,1165,36,-0.19031057997889497,0.495853461959744
111,1567627200,1341,562,-779,1903,36,-2.185936600188354,1.7318384966926932
111,1567641600,496,190,-306,686,36,-0.5240860587111108,-0.30636446708779363
111,1567656000,44,19,-25,63,36,0.4631866731178645,-1.3497502077905408
111,1567670400,241,364,123,605,36,0.9831737347217376,-0.44202136114384905
111,1567684800,713,891,178,1604,36,1.176412169777231,1.231080332214168
111,1567699200,766,479,-287,1245,36,-0.45733096296466763,0.6298355795459716
111,1567713600,1426,656,-770,2082,36,-2.1543157653610914,2.0316234847918775
111,1567728000,626,209,-417,835,36,-0.9140763549140155,-0.05682277308344476
111,1567742400,62,22,-40,84,36,0.41048528173909354,-1.3145799019241562
111,1567756800,216,333,117,549,36,0.9620931781702293,-0.5358088434542083
111,1567771200,654,832,178,1486,36,1.176412169777231,1.0334567087744821
111,1567785600,821,498,-323,1319,36,-0.5838143022737179,0.753769038313232
111,1567800000,1219,612,-607,1831,36,-1.5816273123784472,1.6112545908650886
111,1567814400,542,189,-353,731,36,-0.6892170850312597,-0.2309995259455406
111,1567828800,131,46,-85,177,36,0.25238110760278076,-1.1588256902301666
111,1567843200,87,85,-2,172,36,0.5439954732319799,-1.1671995725793058
111,1567857600,336,430,94,766,36,0.8812843780561138,-0.17238234950156606
111,1567872000,649,417,-232,1066,36,-0.26409252790917426,0.3300505914467874
111,1567886400,787,421,-366,1208,36,-0.7348916242261945,0.5678688501623413
111,1567900800,409,213,-196,622,36,-0.13760918860012405,-0.4135501611567757
111,1567915200,135,54,-81,189,36,0.26643481197045304,-1.1387283725922324
111,1567929600,72,55,-17,127,36,0.49129408185320894,-1.2425645137215588
111,1567944000,257,270,13,527,36,0.5966968646107508,-0.572653925790421
111,1567958400,512,318,-194,830,36,-0.13058233641628791,-0.06519665543258399
111,1567972800,523,312,-211,835,36,-0.19031057997889497,-0.05682277308344476
111,1567987200,332,138,-194,470,36,-0.13058233641628791,-0.6681161845706081
111,1568001600,41,17,-24,58,36,0.46670009920978256,-1.35812409013968
111,1568016000,240,346,106,586,36,0.9234454911591307,-0.4738421140705781
111,1568030400,666,900,234,1566,36,1.3731640309246425,1.1674388263607098
111,1568044800,707,412,-295,1119,36,-0.48543837170001214,0.41881374434766316
111,1568059200,1393,579,-814,1972,36,-2.308906513405486,1.8473980731108146
111,1568073600,489,149,-340,638,37,-0.5851593562330156,-0.4878675970064957
111,1568088000,57,16,-41,73,37,0.39345713005999416,-1.3919752172301694
111,1568102400,248,316,68,564,37,0.7502102973039342,-0.6062816923986228
111,1568116800,723,926,203,1649,37,1.192060550312484,1.129924976526485
111,1568131200,771,494,-277,1265,37,-0.3789625714956925,0.5154518328700413
111,1568145600,1448,629,-819,2077,37,-2.1529095132040914,1.8148065012268964
111,1568160000,627,174,-453,801,37,-0.9550043828253572,-0.2270365490481615
111,1568174400,60,41,-19,101,37,0.46546235647620227,-1.3471698838385535
111,1568188800,218,336,118,554,37,0.9138585391589527,-0.6222835971813427
111,1568203200,669,926,257,1595,37,1.3688006515159037,1.0435146906997976
111,1568217600,757,475,-282,1232,37,-0.39532739568119435,0.4626455470870657
111,1568232000,1469,617,-852,2086,37,-2.2609173528284034,1.8292082155313443
111,1568246400,577,187,-390,764,37,-0.748807598088034,-0.28624359674422506
111,1568260800,71,45,-26,116,37,0.44255160261649973,-1.3231670266644737
111,1568275200,239,317,78,556,37,0.782939945674938,-0.6190832162247988
111,1568289600,693,858,165,1551,37,1.0676878865026698,0.9731063096558301
111,1568304000,792,495,-297,1287,37,-0.44442186823769986,0.550656023392025
111,1568318400,1498,728,-770,2226,37,-1.9925342361861735,2.0532348824894227
111,1568332800,634,264,-370,898,37,-0.6833483013460266,-0.07181807265577858
111,1568347200,81,34,-47,115,37,0.373819341037392,-1.3247672171427458
111,1568361600,209,334,125,543,37,0.9367692930186552,-0.6398856924423346
111,1568376000,631,761,130,1392,37,0.953134117204157,0.7186760236105838
111,1568390400,787,475,-312,1262,37,-0.49351634079420537,0.5106512614352253
111,1568404800,1303,671,-632,1974,37,-1.5408650886663229,1.6499868819648815
111,1568419200,647,201,-446,848,37,-0.9320936289656546,-0.15182759656937803
111,1568433600,154,44,-110,198,37,0.16762255630006884,-1.1919514074461708
111,1568448000,65,130,65,195,37,0.7403914027926332,-1.1967519788809866
111,1568462400,285,459,174,744,37,1.0971445700365732,-0.31824740630966486
111,1568476800,623,585,-38,1208,37,0.4032760245712953,0.4242409756085379
111,1568491200,729,543,-186,1272,37,-0.08112277131955908,0.5266531662179452
111,1568505600,479,235,-244,714,37,-0.27095473187138036,-0.3662531206578245
111,1568520000,181,46,-135,227,37,0.08579843537255966,-1.145545883576283
111,1568534400,54,78,24,132,37,0.6061998444715181,-1.297563979012122
111,1568548800,244,330,86,574,37,0.8091236643717409,-0.5902797876159029
111,1568563200,524,490,-34,1014,37,0.41636788391969676,0.11380402282377211
111,1568577600,610,441,-169,1051,37,-0.025482369088852833,0.1730110705198357
111,1568592000,356,155,-201,511,37,-0.1302172438760646,-0.6910917877470383
111,1568606400,55,20,-35,75,37,0.4130949190825964,-1.3887748362736254
111,1568620800,246,352,106,598,37,0.8745829611137482,-0.5518752161373752
111,1568635200,669,1041,372,1710,37,1.745191607782446,1.2275365957010762
111,1568649600,757,419,-338,1176,37,-0.5786134265588149,0.3730348803038343
111,1568664000,1457,578,-879,2035,37,-2.3492874034301137,1.7475985011394728
111,1568678400,484,176,-308,660,38,-0.6277306065030144,-0.40553691663593944
111,1568692800,64,21,-43,85,38,0.27598710794253606,-1.3250483744106025
111,1568707200,258,345,87,603,38,0.7193203263497873,-0.4966884872327321
111,1568721600,698,845,147,1543,38,0.9239356579223647,1.0065128524336737
111,1568736000,766,483,-283,1249,38,-0.5424742183477738,0.5363626461975851
111,1568750400,1486,674,-812,2160,38,-2.346499391712665,1.9931886253849211
111,1568764800,560,220,-340,780,38,-0.7368587833417224,-0.21363887327427059
111,1568779200,21,15,-6,36,38,0.40216656241229215,-1.4034067421166174
111,1568793600,234,344,110,578,38,0.7977562034526086,-0.5366672462664132
111,1568808000,725,948,223,1673,38,1.1831150779142963,1.2144023994088151
111,1568822400,791,472,-319,1263,38,-0.6652434172913202,0.5587507512564466
111,1568836800,1481,631,-850,2112,38,-2.476089101708631,1.9164294080402535
111,1568851200,592,206,-386,798,38,-0.8937305375473651,-0.18485416677002026
111,1568865600,455,136,-319,591,38,-0.6652434172913202,-0.515878291568899
111,1568880000,222,330,108,552,38,0.7909356924001893,-0.5782451556614414
111,1568894400,688,893,205,1581,38,1.1217304784425228,1.067280566164869
111,1568908800,765,453,-312,1218,38,-0.6413716286078529,0.4867889849958207
111,1568923200,1424,663,-761,2087,38,-2.172576359875974,1.8764506490065727
111,1568937600,633,249,-384,882,38,-0.8869100264949458,-0.05052553641685206
111,1568952000,3,5,2,8,38,0.42944860662196915,-1.4481829522343401
111,1568966400,221,345,124,566,38,0.8454997808195434,-0.5558570506025801
111,1568980800,678,800,122,1478,38,0.8386792697671241,0.9025680789461032
111,1568995200,781,488,-293,1269,38,-0.57657677360987,0.5683456534245299
111,1569009600,1222,619,-603,1841,38,-1.6337559867348534,1.4830596601151516
111,1569024000,373,228,-145,601,38,-0.07185895573084565,-0.4998867879554266
111,1569038400,58,43,-15,101,38,0.37147426267640554,-1.2994619686290467
111,1569052800,50,124,74,174,38,0.6749870045090621,-1.1827239922506982
111,1569067200,314,416,102,730,38,0.7704741592429316,-0.2935963913416326
111,1569081600,525,682,157,1207,38,0.9580382131844609,0.46919833102100106
111,1569096000,653,591,-62,1244,38,0.21119225294455318,0.5283668943908489
111,1569110400,255,270,15,525,38,0.4737819284626943,-0.6214222154178168
111,1569124800,85,46,-39,131,38,0.28962813004737453,-1.2514874577886297
111,1569139200,38,89,51,127,38,0.5965511274062407,-1.2578840592340186
111,1569153600,193,300,107,493,38,0.7875254368739797,-0.6725950269809285
111,1569168000,386,456,70,842,38,0.6613459824042236,-0.11449155087074167
111,1569182400,337,418,81,755,38,0.6988587931925295,-0.2536176323079516
111,1569196800,211,142,-69,353,38,0.1873204642610858,-0.8964760775695422
111,1569211200,32,23,-9,55,38,0.3919357958336633,-1.3730228852510198
111,1569225600,222,383,161,605,38,0.9716792352892994,-0.4934901865100376
111,1569240000,669,897,228,1566,38,1.2001663555453443,1.0432933107446603
111,1569254400,752,447,-305,1199,38,-0.6174998399243855,0.45640512813022316
111,1569268800,1383,667,-716,2050,38,-2.0191148611965413,1.8172820856367247
111,1569283200,499,184,-315,683,39,-0.5306688534086945,-0.31370559315474583
111,1569297600,39,15,-24,54,39,0.5364312990034582,-1.3153341114001018
111,1569312000,264,346,82,610,39,0.9251344473047921,-0.42995182818163136
111,1569326400,748,941,193,1689,39,1.3321726497712834,1.2882630703664437
111,1569340800,791,493,-298,1284,39,-0.4683296692471598,0.6433353280939966
111,1569355200,1392,616,-776,2008,39,-2.2211608474361944,1.7962431932921488
111,1569369600,570,260,-310,830,39,-0.5123337992435373,-0.07962070892252433
111,1569384000,38,20,-18,58,39,0.5584333640016469,-1.3089644546863
111,1569398400,275,342,67,617,39,0.8701292848093203,-0.41880492893247795
111,1569412800,698,958,260,1656,39,1.5778623755843906,1.2357134024775775
111,1569427200,800,470,-330,1270,39,-0.5856740159041663,0.6210415295956898
111,1569441600,1454,672,-782,2126,39,-2.243162912434383,1.9841480663493063
111,1569456000,598,199,-399,797,39,-0.8386977633833365,-0.13217037681139038
111,1569470400,50,29,-21,79,39,0.5474323315025525,-1.2755237569388398
111,1569484800,240,384,144,624,39,1.1524891189527422,-0.40765802968332454
111,1569499200,724,914,190,1638,39,1.321171617272189,1.2070499472654688
111,1569513600,782,504,-278,1286,39,-0.3949894525865308,0.6465201564508976
111,1569528000,1473,721,-752,2194,39,-2.1331525874434396,2.0924322304839396
111,1569542400,632,207,-425,839,39,-0.9340400450421543,-0.06528898131646994
111,1569556800,50,29,-21,79,39,0.5474323315025525,-1.2755237569388398
111,1569571200,218,349,131,567,39,1.1048179781233334,-0.4984256378550023
111,1569585600,734,822,88,1556,39,0.9471365123029808,1.076471984632529
111,1569600000,852,507,-345,1359,39,-0.6406791783996381,0.762766391477783
111,1569614400,1319,712,-607,2031,39,-1.6014360166538786,1.83286871939651
111,1569628800,610,204,-406,814,39,-0.8643668392145567,-0.10509933577773212
111,1569643200,89,44,-45,133,39,0.45942407150979764,-1.1895333913025135
111,1569657600,57,87,30,144,39,0.7344498839871566,-1.1720168353395581
111,1569672000,331,357,26,688,39,0.7197818406550308,-0.3057435222624934
111,1569686400,640,294,-346,934,39,-0.6443461892326695,0.08599036563632627
111,1569700800,712,307,-405,1019,39,-0.8606998283815253,0.22134557080461764
111,1569715200,328,154,-174,482,39,-0.01362032595125971,-0.6337808430232936
111,1569729600,92,41,-51,133,39,0.43742200651160895,-1.1895333913025135
111,1569744000,55,39,-16,94,39,0.5657673856677098,-1.2516375442620824
111,1569758400,207,234,27,441,39,0.7234488514880623,-0.6990698243397636
111,1569772800,423,233,-190,656,39,-0.07229249927976295,-0.356700775972909
111,1569787200,459,237,-222,696,39,-0.18963684593676944,-0.29300420883488953
111,1569801600,241,105,-136,346,39,0.12572608570393548,-0.8503491712925598
111,1569816000,34,19,-15,53,39,0.5694343965007412,-1.3169265255785525
111,1569830400,170,273,103,443,39,1.0021416747984526,-0.6958849959828627
111,1569844800,597,663,66,1260,39,0.8664622739762888,0.6051173878111848
111,1569859200,625,419,-206,1044,39,-0.1309646726082662,0.2611559252658798
111,1569873600,1146,500,-646,1646,39,-1.7444494391421053,1.2197892606930727
111,1569888000,496,151,-345,647,40,-0.6573096520116714,-0.46721067028387553
111,1569902400,76,18,-58,94,40,0.35111729788634133,-1.3624697271284671
111,1569916800,201,318,117,519,40,0.9660117795314711,-0.67443157313398
111,1569931200,622,824,202,1446,40,1.2646748134733912,0.8263010592257604
111,1569945600,667,458,-209,1125,40,-0.1794487977045991,0.30662988879698294
111,1569960000,1225,608,-617,1833,40,-1.6130313606258155,1.4528205076866227
111,1569974400,618,213,-405,831,40,-0.8681306171471443,-0.16933062243685051
111,1569988800,92,26,-66,118,40,0.32300783586827825,-1.3236158078440725
111,1570003200,254,344,90,598,40,0.8711423452205082,-0.5465374221561811
111,1570017600,706,934,228,1640,40,1.3560305650320963,1.1403702401079499
111,1570032000,761,514,-247,1275,40,-0.31296874229039867,0.549466884324449
111,1570046400,1473,659,-814,2132,40,-2.3052268628206187,1.9368755854380384
111,1570060800,562,202,-360,764,40,-0.7100148932955396,-0.277797813772452
111,1570075200,68,28,-40,96,40,0.41436358742698326,-1.3592319005214342
111,1570089600,234,385,151,619,40,1.085476993108239,-0.5125402427823359
111,1570104000,763,933,170,1696,40,1.1522369654011388,1.2310293851048704
111,1570118400,779,461,-318,1240,40,-0.5624402177007084,0.4928049187013736
111,1570132800,1546,718,-828,2264,40,-2.354418421352229,2.1505721415022085
111,1570147200,708,208,-500,916,40,-1.2019304786116431,-0.03172299163795307
111,1570161600,95,23,-72,118,40,0.301925739354731,-1.3236158078440725
111,1570176000,231,353,122,584,40,0.9835801932927605,-0.5692022084054112
111,1570190400,691,899,208,1590,40,1.2857569099869386,1.0594245749321278
111,1570204800,841,550,-291,1391,40,-0.46757078338974556,0.7372608275323561
111,1570219200,1240,675,-565,1915,40,-1.4303198575084057,1.5855713985749709
111,1570233600,597,261,-336,858,40,-0.6256865072413503,-0.1256199632419066
111,1570248000,121,41,-80,162,40,0.2738162773366679,-1.2523836224893492
111,1570262400,59,113,54,172,40,0.7446497661392243,-1.2361944894541848
111,1570276800,293,417,124,710,40,0.9906075587972762,-0.3652191321623398
111,1570291200,739,509,-230,1248,40,-0.2532361355020147,0.5057562251295051
111,1570305600,815,552,-263,1367,40,-0.36918766632652483,0.6984069082479616
111,1570320000,433,234,-199,667,40,-0.14431197018202027,-0.43483240421354674
111,1570334400,156,56,-100,212,40,0.2035426222915102,-1.1714379573135272
111,1570348800,53,67,14,120,40,0.604102456048909,-1.3203779812370395
111,1570363200,242,313,71,555,40,0.8043823729276084,-0.616150694207388
111,1570377600,521,421,-100,942,40,0.2035426222915102,0.01036875425347438
111,1570392000,575,399,-176,974,40,-0.06349726688008894,0.06217397996600047
111,1570406400,319,160,-159,479,40,-0.0037646600917049184,-0.7391881052746375
111,1570420800,34,16,-18,50,40,0.4916646079766567,-1.4337019124831905
111,1570435200,241,375,134,616,40,1.0257443863198552,-0.5173969826928851
111,1570449600,697,893,196,1590,40,1.243592716959844,1.0594245749321278
111,1570464000,755,467,-288,1222,40,-0.4570297351329719,0.4636644792380777
111,1570478400,1365,535,-830,1900,40,-2.361445786856745,1.5612876990222242
111,1570492800,404,215,-189,619,41,-0.3403561502923861,-0.15983860266500255
111,1570507200,301,95,-206,396,41,-0.41478372198567104,-0.5143094043762292
111,1570521600,242,374,132,616,41,1.0650115269749363,-0.16460726815887555
111,1570536000,972,957,-15,1929,41,0.4214319364506485,1.922478662992876
111,1570550400,800,450,-350,1250,41,-1.0452290351523204,0.8431707062129528
111,1570564800,1475,639,-836,2114,41,-3.1729819670897617,2.216546368448378
111,1570579200,378,170,-208,548,41,-0.4235399068907634,-0.27269701935333035
111,1570593600,59,28,-31,87,41,0.3513824572099097,-1.0054819502451486
111,1570608000,157,318,161,475,41,1.1919762080987755,-0.38873454637090676
111,1570622400,660,871,211,1531,41,1.410880830726084,1.289835707472391
111,1570636800,627,482,-145,1109,41,-0.14772008238035433,0.6190434280009216
111,1570651200,1153,644,-509,1797,41,-1.7413457351071624,1.7126573812624637
111,1570665600,302,223,-79,525,41,0.14123401948769326,-0.30925678813969004
111,1570680000,54,19,-35,73,41,0.333870087399725,-1.0277357225498893
111,1570694400,214,379,165,593,41,1.2094885779089601,-0.20116703694523524
111,1570708800,773,928,155,1701,41,1.1657076533834982,1.5600600854585278
111,1570723200,803,473,-330,1276,41,-0.9576671861013969,0.8844991404931855
111,1570737600,1490,666,-824,2156,41,-3.1204448576592076,2.2833076853626
111,1570752000,468,227,-241,695,41,-0.5680169578247872,-0.03903241015355309
111,1570766400,74,34,-40,108,41,0.3119796251369941,-0.9721012917880377
111,1570780800,201,345,144,546,41,1.1175486364054903,-0.275876129682579
111,1570795200,699,876,177,1575,41,1.2620256873395141,1.3597761347158617
111,1570809600,840,481,-359,1321,41,-1.084631867225236,0.9560291229012805
111,1570824000,1240,673,-567,1913,41,-1.9952750973548405,1.8970457803588867
111,1570838400,584,243,-341,827,41,-1.0058262030794047,0.17078887157685912
111,1570852800,116,47,-69,163,41,0.18501494401315502,-0.8846757577336992
111,1570867200,58,103,45,161,41,0.684117483603419,-0.8878548680629479
111,1570881600,333,391,58,724,41,0.7410326854865192,0.00706468962055262
111,1570896000,656,495,-161,1151,41,-0.21776956162109315,0.6858047449151436
111,1570905795,538,221,-317,759,41,-0.9007519842182966,0.06269912038240434
111,1570905876,4,0,-4,4,41,0.4695909534286564,-1.1374150289089686
111,1570905999,6,8,2,14,41,0.4958595081439335,-1.121519477262725
111,1570906063,369,117,-252,486,41,-0.6161759748027952,-0.3712494395600391
111,1570906196,13,10,-3,23,41,0.47396904588120264,-1.107213480781106
111,1570906397,8,0,-8,8,41,0.45207858361847175,-1.1310568082504713
111,1570906463,10,23,13,33,41,0.5440185251219414,-1.0913179291348627
111,1570906598,13,9,-4,22,41,0.4695909534286564,-1.1088030359457304
111,1570906664,9,3,-6,12,41,0.4608347685235641,-1.1246985875919737
111,1570906798,13,1,-12,14,41,0.434566213808287,-1.121519477262725
111,1570906865,8,2,-6,10,41,0.4608347685235641,-1.1278776979212226
111,1570907740,23,8,-15,31,41,0.4214319364506485,-1.0944970394641114
111,1570910400,456,578,122,1034,41,1.0212306024494746,0.49982679065409646
111,1570924800,474,251,-223,725,41,-0.48921129367895605,0.008654244785176955
111,1570939200,136,57,-79,193,41,0.14123401948769326,-0.8369891027949692
111,1570953600,46,59,13,105,41,0.5440185251219414,-0.9768699572819107
111,1570968000,276,282,6,558,41,0.5133718779541182,-0.25680146770708695
111,1570982400,595,457,-138,1052,41,-0.1170734352125311,0.5284387836173344
111,1570996800,654,437,-217,1091,41,-0.462942738963679,0.5904314350376836
111,1571011200,291,165,-126,456,41,-0.06453632578197699,-0.4189360944987691
111,1571025600,58,27,-31,85,41,0.3513824572099097,-1.0086610605743973
111,1571040000,138,260,122,398,41,1.0212306024494746,-0.5111302940469805
111,1571054400,560,671,111,1231,41,0.9730715854714665,0.8129691580850904
111,1571068800,620,432,-188,1052,41,-0.33597805783983986,0.5284387836173344
111,1571083200,981,500,-481,1481,41,-1.6187591464358695,1.2103579492411742
111,1571097600,399,173,-226,572,42,-0.26355103719978623,-0.5197760119836444
111,1571112000,43,19,-24,62,42,0.4395832394049264,-1.2975880964247275
111,1571126400,226,362,136,588,42,0.9965212802799464,-0.49537406423647323
111,1571140800,704,925,221,1629,42,1.2923946144948006,1.0922776610638552
111,1571155200,763,475,-288,1238,42,-0.47936452803885643,0.4959550629923581
111,1571169600,1453,613,-840,2066,42,-2.400800769057675,1.7587558589084693
111,1571184000,444,337,-107,781,42,0.15067163070100983,-0.20102556953622022
111,1571198400,56,52,-4,108,42,0.5092004945143039,-1.2274324966516101
111,1571212800,239,374,135,613,42,0.9930404175244775,-0.45724602088151817
111,1571227200,755,915,160,1670,42,1.0800619864111993,1.1548076521659814
111,1571241600,797,479,-318,1276,42,-0.5837904107029227,0.5539096888918897
111,1571256000,1598,660,-938,2258,42,-2.741925319093625,2.0515792318745243
111,1571270400,549,200,-349,749,42,-0.6916971561224577,-0.2498294650305627
111,1571284800,64,30,-34,94,42,0.40477461185023766,-1.248784200930385
111,1571299200,232,371,139,603,42,1.006963868546353,-0.47249723822350015
111,1571313600,724,907,183,1631,42,1.1601218297869833,1.0953279045322515
111,1571328000,827,515,-312,1342,42,-0.5629052341701094,0.6545677233489711
111,1571342400,1498,793,-705,2291,42,-1.9308842970693774,2.1019082491030647
111,1571356800,586,200,-386,786,42,-0.8204890780748061,-0.1933999608652292
111,1571371200,92,47,-45,139,42,0.36648512154008006,-1.1801537228914658
111,1571385600,248,350,102,598,42,0.8781719465940045,-0.4801228468944912
111,1571400000,730,874,144,1604,42,1.0243681823236972,1.0541496177089
111,1571414400,849,533,-316,1382,42,-0.5768286851919849,0.7155725927168992
111,1571428800,1289,668,-621,1957,42,-1.6384918256099916,1.5925175898808654
111,1571443200,625,280,-345,905,42,-0.6777737051005823,-0.011910474495643168
111,1571457600,92,36,-56,128,42,0.3281956312299224,-1.1969300619676462
111,1571472000,46,62,16,108,42,0.5788177496236814,-1.2274324966516101
111,1571486400,282,325,43,607,42,0.672801044021341,-0.4663967512867074
111,1571500800,515,408,-107,923,42,0.15067163070100983,0.01554171671992447
111,1571515200,750,479,-271,1229,42,-0.4201898611958856,0.48222896738457427
111,1571529600,332,177,-155,509,42,-0.01640978156149615,-0.6158586812381311
111,1571544000,104,51,-53,155,42,0.33863821949632905,-1.1557517751442947
111,1571558400,40,40,0,80,42,0.5231239455361794,-1.2701359052091599
111,1571572800,211,240,29,451,42,0.6240689654447767,-0.7043157418216269
111,1571587200,439,354,-85,793,42,0.22725061132132507,-0.1827241087258418
111,1571601600,412,313,-99,725,42,0.17851853274476082,-0.28643238665131954
111,1571616000,210,122,-88,332,42,0.21680802305491845,-0.8858052281912129
111,1571630400,33,15,-18,48,42,0.46046841593773963,-1.3189398007035023
111,1571644800,246,351,105,597,42,0.8886145348604112,-0.48164796862868936
111,1571659200,696,859,163,1555,42,1.0905045746776059,0.9794186527331882
111,1571673600,722,429,-293,1151,42,-0.49676884181620085,0.3632694721171145
111,1571688000,1405,600,-805,2005,42,-2.278970572616265,1.6657234331223791
111,1571702400,587,165,-422,752,43,-0.6623347995818138,-0.2765496583709708
111,1571716800,80,27,-53,107,43,0.4334022546366908,-1.194653855095186
111,1571731200,237,368,131,605,43,0.9797860431900915,-0.4857920101825361
111,1571745600,700,818,118,1518,43,0.9411828407379491,0.8137880388239886
111,1571760000,702,464,-238,1166,43,-0.11595101102841317,0.31274512836364177
111,1571774400,1527,644,-883,2171,43,-2.031263748077019,1.7432795744223029
111,1571788800,615,200,-415,815,43,-0.6415484597998911,-0.18687436473744276
111,1571803200,106,25,-81,131,43,0.3502568955089994,-1.1604918384728895
111,1571817600,239,365,126,604,43,0.9649386576315752,-0.4872154275417984
111,1571832000,790,992,202,1782,43,1.1906189181210234,1.1895702216692488
111,1571846400,810,479,-331,1289,43,-0.3921123824168168,0.48782546355291073
111,1571860800,1486,744,-742,2230,43,-1.6125674753268586,1.8272611986187814
111,1571875200,680,212,-468,892,43,-0.7989307467201641,-0.07727122807424187
111,1571889600,104,32,-72,136,43,0.37698218951432877,-1.1533747516765778
111,1571904000,231,359,128,590,43,0.9708776118549817,-0.5071432705714713
111,1571918400,753,910,157,1663,43,1.0569924480943764,1.0201835559170294
111,1571932800,834,502,-332,1336,43,-0.39508185952852004,0.5547260794382411
111,1571947200,1540,817,-723,2357,43,-1.5561474102044965,2.0080352032451
111,1571961600,836,217,-619,1053,43,-1.247321790587357,0.15189896676699632
111,1571976000,123,37,-86,160,43,0.3354095099504831,-1.1192127350542815
111,1571990400,224,384,160,608,43,1.0659008794294862,-0.481521758104749
111,1572004800,709,795,86,1504,43,0.8461595731634446,0.7938601957943158
111,1572019200,851,488,-363,1339,43,-0.48713564999132125,0.5589963315160282
111,1572033600,1337,698,-639,2035,43,-1.3067113328214224,1.5496948135626234
111,1572048000,643,236,-407,879,43,-0.6177926429062649,-0.09577565374465243
111,1572062400,93,29,-64,122,43,0.40073800640795487,-1.1733025947062508
111,1572076800,55,70,15,125,43,0.6353266982325128,-1.1690323426284637
111,1572091200,236,294,58,530,43,0.7630142140357532,-0.5925483121272123
111,1572105600,474,393,-81,867,43,0.3502568955089994,-0.11285666205580061
111,1572120000,556,361,-195,917,43,0.011736504774827222,-0.04168579409268315
111,1572134400,337,232,-105,569,43,0.27898944482812105,-0.5370350351159806
111,1572148800,102,36,-66,138,43,0.39479905218454836,-1.1505279169580531
111,1572163200,42,46,4,88,43,0.6026624500037769,-1.2216987849211707
111,1572177600,168,207,39,375,43,0.7065941489133911,-0.8131780028128763
111,1572192000,354,329,-25,683,43,0.5165476137643822,-0.37476545616007284
111,1572206400,390,280,-110,670,43,0.2641420592696047,-0.3932698818304834
111,1572220800,241,98,-143,339,43,0.166149314583397,-0.8644210277463209
111,1572235200,44,14,-30,58,43,0.5017002282058659,-1.264401305699041
111,1572249600,237,346,109,583,43,0.9144575467326197,-0.5171071920863077
111,1572264000,919,932,13,1851,43,0.6293877440091062,1.287786019458351
111,1572278400,1014,410,-604,1424,43,-1.202779633911808,0.6799868070533278
111,1572292800,2044,639,-1405,2683,43,-3.581330800386123,2.4720692623646254
111,1572307200,545,194,-351,739,44,-0.6993890617046833,-0.32224809549350103
111,1572321600,55,27,-28,82,44,0.5267930486230554,-1.3667445325961742
111,1572336000,261,383,122,644,44,1.0962274651839248,-0.47327878274579016
111,1572350400,738,940,202,1678,44,1.3999258206830552,1.170571013242283
111,1572364800,809,483,-326,1292,44,-0.604483325611205,0.5569094839856136
111,1572379200,1454,736,-718,2190,44,-2.0926052675569435,1.9845469276967256
111,1572393600,611,213,-398,824,44,-0.8778118455604224,-0.18711537532040023
111,1572408000,55,25,-30,80,44,0.5192005897355771,-1.3699241260120119
111,1572422400,268,372,104,640,44,1.0278953351966205,-0.47963796957746546
111,1572436800,717,953,236,1670,44,1.5289976217701855,1.1578526395789324
111,1572451200,775,485,-290,1260,44,-0.4678190656365964,0.506035989332211
111,1572465600,1444,693,-751,2137,44,-2.2178808392003346,1.9002877021770275
111,1572480000,555,255,-300,810,44,-0.5057813600739877,-0.2093725292312639
111,1572494400,77,25,-52,102,44,0.43568354197331627,-1.3349485984377976
111,1572508800,239,370,131,609,44,1.130393530177577,-0.5289216675229493
111,1572523200,745,932,187,1677,44,1.3429823790269682,1.1689812165343643
111,1572537600,784,445,-339,1229,44,-0.6538343083798137,0.45675229138672707
111,1572552000,1329,712,-617,2041,44,-1.7091860937392915,1.7476672182168196
111,1572566400,697,221,-476,918,44,-1.1739177421720743,-0.03767448477602994
111,1572580800,136,52,-84,188,44,0.31420419977366415,-1.198226081556778
111,1572595200,250,362,112,612,44,1.0582651707465334,-0.5241522773991928
111,1572609600,789,836,47,1625,44,0.8115102569034901,1.086311787722585
111,1572624000,808,454,-354,1262,44,-0.7107777500359006,0.5092155827480486
111,1572638400,1235,653,-582,1888,44,-1.576318063208422,1.504428321905238
111,1572652800,577,242,-335,819,44,-0.6386493906048571,-0.1950643588599944
111,1572667200,154,36,-118,190,44,0.18513239868653378,-1.1950464881409402
111,1572681600,54,92,38,146,44,0.777344191909838,-1.264997543289369
111,1572696000,367,425,58,792,44,0.8532687807846204,-0.2379888699738029
111,1572710400,668,436,-232,1104,44,-0.24763775789972692,0.258027702896873
111,1572724800,732,486,-246,1218,44,-0.3007849701120747,0.4392645275996199
111,1572739200,452,239,-213,691,44,-0.17550939846868346,-0.39855833747360503
111,1572750000,144,48,-96,192,44,0.2686494464487946,-1.1918668947251025
111,1572764400,36,36,0,72,44,0.633087473047751,-1.3826424996753626
111,1572778800,214,211,-3,425,44,0.6216987847165336,-0.8214442617800145
111,1572793200,543,383,-160,926,44,0.02569076204949037,-0.024956111112679282
111,1572807600,571,499,-72,1070,44,0.35975895309853373,0.20397461482763266
111,1572822000,331,163,-168,494,44,-0.004679073500422662,-0.7117482889336151
111,1572836400,92,32,-60,124,44,0.40531370642340325,-1.2999730708635833
111,1572850800,94,154,60,248,44,0.8608612396720987,-1.102838279081648
111,1572865200,732,940,208,1672,44,1.4227031973454898,1.16103223299477
111,1572879600,610,460,-150,1070,44,0.06365305648688166,0.20397461482763266
111,1572894000,1426,657,-769,2083,44,-2.286212969187639,1.8144386799494105
111,1572908400,659,301,-358,960,44,-0.7259626678108572,0.029096976956561035
111,1572922800,122,47,-75,169,45,0.2690032233479993,-1.1436740219600312
111,1572937200,79,148,69,227,45,0.8082579448623181,-1.0555906200979857
111,1572951600,737,995,258,1732,45,1.5160297668498615,1.2300217902878492
111,1572966000,612,447,-165,1059,45,-0.0680309775984499,0.207950592819632
111,1572980400,1434,700,-734,2134,45,-2.1988360924710006,1.8405308859523712
111,1572994800,687,321,-366,1008,45,-0.8207406930455198,0.13049794635472994
111,1573009200,137,50,-87,187,45,0.22406532988847275,-1.116337793795948
111,1573023600,96,170,74,266,45,0.8269820671371207,-0.9963621257424723
111,1573038000,710,937,227,1647,45,1.3999402087460844,1.100934046179679
111,1573052400,685,439,-246,1124,45,-0.37136175845025415,0.3066647500788209
111,1573066800,1542,749,-793,2291,45,-2.419780735313673,2.0789635427168736
111,1573081200,749,308,-441,1057,45,-1.1016025271675607,0.20491323413473386
111,1573095600,162,60,-102,222,45,0.16789296306406454,-1.063184016810231
111,1573110000,84,166,82,250,45,0.8569406627768051,-1.0206609952216572
111,1573124400,770,963,193,1733,45,1.2726161772774258,1.2315404696302983
111,1573138800,643,479,-164,1122,45,-0.06428615314348934,0.30362739139392275
111,1573153200,1530,720,-810,2250,45,-2.483442751048002,2.0166976896764623
111,1573167600,735,344,-391,1079,45,-0.9143613044195334,0.23832417966861316
111,1573182000,122,42,-80,164,45,0.25027910107319656,-1.1512674186722764
111,1573196400,64,145,81,209,45,0.8531958383218445,-1.0829268482620686
111,1573210800,723,844,121,1567,45,1.0029888165202665,0.9794396987837543
111,1573225200,669,471,-198,1140,45,-0.19161018461214793,0.3309636195580058
111,1573239600,1397,787,-610,2184,45,-1.734477860055893,1.9164648530748243
111,1573254000,690,382,-308,1072,45,-0.603540874657808,0.22769342427146977
111,1573268400,221,82,-139,303,45,0.029334458230524316,-0.9401709900718571
111,1573282800,42,54,12,96,45,0.5948029509295668,-1.2545376139588125
111,1573297200,224,397,173,621,45,1.197719688178215,-0.4572309591730562
111,1573311600,574,454,-120,1028,45,0.10048612287477471,0.16087153320371114
111,1573326000,694,581,-113,1275,45,0.12669989405949852,0.5359853307886289
111,1573340400,533,279,-254,812,45,-0.40132035408993855,-0.16716320476528576
111,1573354800,219,82,-137,301,45,0.03682410714044541,-0.9432083487567553
111,1573369200,36,32,-4,68,45,0.5348857596501981,-1.2970606355473862
111,1573383600,175,256,81,431,45,0.8531958383218445,-0.7457800342383775
111,1573398000,498,406,-92,904,45,0.20534120761367,-0.02744470525997227
111,1573412400,578,468,-110,1046,45,0.13793436742438017,0.1882077613677942
111,1573426800,364,194,-170,558,45,-0.08675509987325263,-0.5529077577473469
111,1573441200,97,37,-60,134,45,0.3251755901724075,-1.1968277989457483
111,1573455600,66,133,67,199,45,0.800768295952397,-1.0981136416865593
111,1573470000,610,809,199,1419,45,1.2950851240071892,0.7546751561012934
111,1573484400,576,459,-117,1035,45,0.11172059623965634,0.17150228860085454
111,1573498800,1209,588,-621,1797,45,-1.775670929060459,1.328735947547038
111,1573513200,552,255,-297,807,45,-0.562347805653242,-0.17475660147753105
111,1573527600,88,36,-52,124,46,0.3490449738420611,-1.2050362098426426
111,1573542000,84,163,79,247,46,0.8094730357166765,-1.0250073755777103
111,1573556400,768,1060,292,1828,46,1.5581079760166237,1.2890217868032476
111,1573570800,663,434,-229,1097,46,-0.27306011739310615,0.2190943246271058
111,1573585200,1557,708,-849,2265,46,-2.45218529573098,1.9286364256144295
111,1573599600,718,349,-369,1067,46,-0.7651206415339165,0.1751848528551711
111,1573614000,115,111,-4,226,46,0.5177514392617675,-1.0557440058180645
111,1573628400,81,171,90,252,46,0.8481349340420259,-1.0176891302823878
111,1573642800,773,1019,246,1792,46,1.3964309466560716,1.2363304206769261
111,1573657200,619,442,-177,1061,46,-0.09029477985509092,0.16640295850078415
111,1573671600,1511,763,-748,2274,46,-2.0971987747436813,1.9418092671460099
111,1573686000,805,356,-449,1161,46,-1.0462980839000937,0.31276786440723314
111,1573700400,118,44,-74,162,46,0.27172117719136235,-1.1494175455981919
111,1573714800,81,137,56,218,46,0.7286345210364005,-1.0674531982905806
111,1573729200,710,976,266,1686,46,1.4667253072476159,1.08118362041609
111,1573743600,645,472,-173,1117,46,-0.07623590773678206,0.24836730580839558
111,1573758000,1425,713,-712,2138,46,-1.9706689256789016,1.7427529951132394
111,1573772400,699,327,-372,1026,46,-0.7756647956226481,0.11517524143352703
111,1573786800,133,59,-74,192,46,0.27172117719136235,-1.1055080738262573
111,1573801200,79,150,71,229,46,0.7813552914800588,-1.051353058640871
111,1573815600,753,957,204,1710,46,1.2488127894138286,1.116311197833638
111,1573830000,659,491,-168,1150,46,-0.05866231758889597,0.29666772475752373
111,1573844400,1291,726,-565,2017,46,-1.454005375331051,1.565651458966436
111,1573858800,750,341,-409,1091,46,-0.9057093627170051,0.21031243027271884
111,1573873200,213,94,-119,307,46,0.11355886586038763,-0.937188432033841
111,1573887600,54,53,-1,107,46,0.5282955933504991,-1.2299182438467389
111,1573902000,255,385,130,640,46,0.9887236552251145,-0.44979329536536594
111,1573916400,643,519,-124,1162,46,0.09598527571250155,0.31423151346629763
111,1573930800,874,593,-281,1467,46,-0.4558254549311214,0.7606444764809669
111,1573945200,511,239,-272,750,46,-0.4241929926649265,-0.28879189886827206
111,1573959600,211,94,-117,305,46,0.12058830191954206,-0.9401157301519699
111,1573974000,39,34,-5,73,46,0.5142367212321903,-1.2796823118549314
111,1573988400,181,252,71,433,46,0.7813552914800588,-0.7527686505917153
111,1574002800,476,368,-108,844,46,0.15222076418573702,-0.15120888731621007
111,1574017200,592,388,-204,980,46,-0.18519216665367577,0.04784738471656051
111,1574031600,337,174,-163,511,46,-0.04108872744100989,-0.6386040239846851
111,1574046000,87,35,-52,122,46,0.3490449738420611,-1.2079635079607716
111,1574060400,82,141,59,223,46,0.7391786751251321,-1.060134952995258
111,1574074800,707,937,230,1644,46,1.3401954581828361,1.0197103599353816
111,1574089200,569,404,-165,973,46,-0.04811816350016432,0.03760184130310908
111,1574103600,1496,647,-849,2143,46,-2.45218529573098,1.7500712404085619
111,1574118000,619,354,-265,973,46,-0.39958996645788597,0.03760184130310908
111,1574132400,97,30,-67,127,47,0.2956095079935658,-1.101284906657019
111,1574146800,95,157,62,252,47,0.7499676113436764,-0.9216550635542338
111,1574161200,820,1035,215,1855,47,1.2888574548519471,1.3819180443958845
111,1574175600,579,422,-157,1001,47,-0.021384517599534594,0.1546869563176556
111,1574190000,1465,692,-773,2157,47,-2.1910325149923104,1.8159037453322138
111,1574204400,1315,601,-714,1916,47,-1.9832253204368335,1.4695774078300439
111,1574218800,103,56,-47,159,47,0.36605262479203254,-1.055299666822706
111,1574233200,92,149,57,241,47,0.7323568321440597,-0.9374624897472789
111,1574247600,736,947,211,1683,47,1.2747688314922538,1.134747380286452
111,1574262000,602,426,-176,1028,47,-0.08830547855807801,0.19348700242785724
111,1574276400,1479,653,-826,2132,47,-2.3777067745082476,1.7799777767116567
111,1574290800,687,305,-382,992,47,-0.8138695815822856,0.14175360761425507
111,1574305200,114,46,-68,160,47,0.29208735215364245,-1.0538626280778838
111,1574319600,94,167,73,261,47,0.7887113255828331,-0.9087217148508332
111,1574334000,717,1003,286,1720,47,1.5389305194865042,1.1879178138448765
111,1574348400,627,459,-168,1086,47,-0.06012823183869131,0.2768352496275496
111,1574362800,1510,763,-747,2273,47,-2.099456463154304,1.9826002397315985
111,1574377200,715,354,-361,1069,47,-0.7399043089438955,0.2524055909655708
111,1574391600,113,50,-63,163,47,0.30969813135325913,-1.0495515118434169
111,1574406000,71,126,55,197,47,0.725312520464213,-1.0006921945194593
111,1574420400,710,888,178,1598,47,1.1585376887747836,1.012599086976558
111,1574434800,714,498,-216,1212,47,-0.22919171215501152,0.4579021314751571
111,1574449200,1363,713,-650,2076,47,-1.75780734668174,1.699503607001609
111,1574463600,668,328,-340,996,47,-0.6659390363055054,0.1475017625935442
111,1574478000,166,60,-106,226,47,0.15824543023655563,-0.9590180709196131
111,1574492400,94,106,12,200,47,0.5738598193475095,-0.9963810782849924
111,1574506800,183,244,61,427,47,0.7464454555037531,-0.6701732832103343
111,1574521200,390,355,-35,745,47,0.4083184948711126,-0.21319496235684862
111,1574535600,545,352,-193,897,47,-0.14818212783677476,0.005234926856138267
111,1574550000,332,209,-123,541,47,0.09836878095785889,-0.5063508663005942
111,1574564400,170,69,-101,239,47,0.1758562094361723,-0.9403365672369234
111,1574578800,29,43,14,72,47,0.5809041310273562,-1.1803220376222445
111,1574593200,128,158,30,286,47,0.6372586244661296,-0.8727957462302761
111,1574607600,342,294,-48,636,47,0.3625304689521092,-0.3698321855424774
111,1574622000,380,282,-98,662,47,0.18642267695594233,-0.33246917817709803
111,1574636400,220,129,-91,349,47,0.2110777678354057,-0.7822623053064723
111,1574650800,61,22,-39,83,47,0.39422987151141925,-1.1645146114291993
111,1574665200,76,156,80,232,47,0.8133664164622965,-0.9503958384506794
111,1574679600,744,840,96,1584,47,0.8697209099010699,0.9924805445490461
111,1574694000,585,492,-93,1077,47,0.204033456155559,0.26390190092414906
111,1574708400,1379,614,-765,1993,47,-2.162855268272924,1.5802293911813596
111,1574722800,620,298,-322,918,47,-0.6025402311868853,0.03541274049740619
111,1574737200,131,49,-82,180,48,0.1706730369231563,-0.954340071711175
111,1574751600,106,146,40,252,48,0.6990891343214964,-0.8189333069734753
111,1574766000,723,857,134,1580,48,1.1062294060874307,1.6785692426329852
111,1574780400,618,468,-150,1086,48,-0.12385396818411529,0.7495283845715458
111,1574794800,1346,649,-697,1995,48,-2.4930638475029028,2.459038789385004
111,1574809200,595,262,-333,857,48,-0.9164781142816255,0.3188596467252511
111,1574823600,150,51,-99,201,48,0.0970412856463384,-0.9148464319960126
111,1574838000,80,161,81,241,48,0.8766715932832337,-0.8396204515861794
111,1574852400,592,723,131,1315,48,1.0932355676268157,1.1801971224178407
111,1574866800,738,464,-274,1202,48,-0.6609326245561987,0.967683727760062
111,1574881200,1183,501,-682,1684,48,-2.428094655199828,1.8741567916985513
111,1574895600,478,212,-266,690,48,-0.6262823886612257,0.004791178514197686
111,1574910000,129,73,-56,202,48,0.28328630358181894,-0.9129657824857668
111,1574924400,57,29,-28,86,48,0.4045621292142249,-1.1311211256742828
111,1574938800,243,124,-119,367,48,0.010415695908905584,-0.602658613295205
111,1574953200,362,233,-129,595,48,-0.03289709895981083,-0.17387052495915603
111,1574967600,295,224,-71,519,48,0.21831711127874434,-0.316799887737839
111,1574982000,181,151,-30,332,48,0.3958995702404816,-0.6684813461538089
111,1574996400,64,42,-22,106,48,0.43054980613545474,-1.0935081354693663
111,1575010800,37,86,49,123,48,0.7380706497033412,-1.0615370937951871
111,1575025200,224,412,188,636,48,1.3401184983784995,-0.09676389503907706
111,1575039600,439,395,-44,834,48,0.33526165742427866,0.275604707989597
111,1575054000,670,392,-278,1062,48,-0.6782577425036853,0.704392796325646
111,1575068400,405,224,-181,629,48,-0.25812363227713614,-0.10992844161079786
111,1575082800,151,59,-92,210,48,0.12736024205443988,-0.8979205864038001
111,1575097200,43,44,1,87,48,0.5301692343335025,-1.129240476164037
111,1575111600,188,319,131,507,48,1.0932355676268157,-0.339367681860789
111,1575126000,447,391,-56,838,48,0.28328630358181894,0.28312730603058034
111,1575140400,681,440,-241,1121,48,-0.5180004014894346,0.8153511174301499
111,1575154800,384,253,-131,637,48,-0.04155965793355411,-0.09488324552883123
111,1575169200,209,85,-124,294,48,-0.011240701525452621,-0.7399460275431505
111,1575183600,39,35,-4,74,48,0.5085128368991443,-1.1536889197972329
111,1575198000,161,257,96,418,48,0.9416407855863084,-0.5067454882726677
111,1575212400,364,333,-31,697,48,0.39156829075361,0.017955725085918486
111,1575226800,443,369,-74,812,48,0.20532327281812943,0.2342304187641888
111,1575241200,265,143,-122,408,48,-0.0025781425517093395,-0.525551983375126
111,1575255600,77,33,-44,110,48,0.33526165742427866,-1.0859855374283829
111,1575270000,96,153,57,249,48,0.7727208855983144,-0.8245752555042127
111,1575284400,769,875,106,1644,48,0.9849535804550248,1.7989308112887183
111,1575298800,607,382,-225,989,48,-0.44869992969948835,0.5671053820777004
111,1575313200,1507,528,-979,2035,48,-3.7144846628007056,2.534264769794837
111,1575327600,709,260,-449,969,48,-1.4189065347587357,0.5294923918727839
111,1575342000,120,36,-84,156,49,0.27865192316915127,-1.1675900939177366
111,1575356400,89,147,58,236,49,0.7834757596760826,-1.0489167708018918
111,1575370800,838,932,94,1770,49,0.9114592675229104,1.2266441999444309
111,1575385200,644,470,-174,1114,49,-0.04130684644791793,0.25352295039450407
111,1575399600,1624,708,-916,2332,49,-2.679189147068644,2.06032429483324
111,1575414000,730,357,-373,1087,49,-0.7487712370456598,0.21347070384290645
111,1575428400,109,52,-57,161,49,0.374639554054272,-1.1601730112229964
111,1575442800,85,145,60,230,49,0.790585954556462,-1.0578172700355803
111,1575457200,838,849,11,1687,49,0.6163861799871687,1.103520627211742
111,1575471600,629,472,-157,1101,49,0.019129810035306248,0.2342385353881793
111,1575486000,1430,687,-743,2117,49,-2.064157289915833,1.7413897389594075
111,1575500400,635,375,-260,1010,49,-0.3470452263042285,0.0992476303439059
111,1575514800,129,74,-55,203,49,0.38174974893465136,-1.097869516587178
111,1575529200,74,167,93,241,49,0.9079041700827206,-1.0414996881071517
111,1575543600,773,932,159,1705,49,1.1425406011352381,1.130222124912807
111,1575558000,646,488,-158,1134,49,0.01557471259511659,0.28319128117346526
111,1575572400,1389,647,-742,2036,49,-2.0606021924756432,1.6212329993046146
111,1575586800,670,352,-318,1022,49,-0.5532408778352287,0.11704862881128261
111,1575601200,156,45,-111,201,49,0.1826642922840305,-1.100836349665074
111,1575615600,79,154,75,233,49,0.8439124161593068,-1.0533670204187362
111,1575630000,653,831,178,1484,49,1.2100874524988416,0.802387069805286
111,1575644400,656,493,-163,1149,49,-0.0022007746058316977,0.3054425292576861
111,1575658800,1345,676,-669,2021,49,-1.8010800793417985,1.5989817512203937
111,1575673200,687,356,-331,1043,49,-0.5994571445576942,0.14820037612919185
111,1575687600,212,108,-104,320,49,0.2075499743653581,-0.9243097815302549
111,1575702000,48,49,1,97,49,0.5808352055852721,-1.2551116697156721
111,1575716400,250,369,119,619,49,1.0003367035276518,-0.4807682363847852
111,1575730800,545,469,-76,1014,49,0.3070927026906685,0.10518129649969814
111,1575745200,843,534,-309,1377,49,-0.5212450008735218,0.6436615001378436
111,1575759600,515,309,-206,824,49,-0.15506996453398697,-0.1766678459004331
111,1575774000,226,123,-103,349,49,0.21110507180554777,-0.8812907019007612
111,1575788400,30,35,5,65,49,0.5950555953460308,-1.30258099896201
111,1575802800,176,233,57,409,49,0.779920662235893,-0.7922857095638777
111,1575817200,445,427,-18,872,49,0.5132883542216686,-0.10546385203092627
111,1575831600,615,460,-155,1075,49,0.026240004915685563,0.19566970537552975
111,1575846000,353,164,-189,517,49,-0.0946333080507628,-0.6320767233574873
111,1575860400,78,41,-37,119,49,0.4457415028580652,-1.2224765058588147
111,1575874800,97,190,93,287,49,0.9079041700827206,-0.9732625273155409
111,1575889200,738,972,234,1710,49,1.4091729091494625,1.1376392076075472
111,1575903600,570,421,-149,991,49,0.04757058955682351,0.07106271610389277
111,1575918000,1645,727,-918,2372,49,-2.6862993419490233,2.1196609563911624
111,1575932400,801,319,-482,1120,49,-1.1362768580263325,0.2624234496281924
111,1575946800,130,35,-95,165,50,0.2581150075744832,-1.1874051173200089
111,1575961200,94,152,58,246,50,0.8267290078054151,-1.0680999928590778
111,1575975600,777,1041,264,1818,50,1.5923138708614413,1.2473031633456617
111,1575990000,611,479,-132,1090,50,0.12060704673432315,0.17502994596840327
111,1576004400,1414,672,-742,2086,50,-2.146416091441288,1.6420411060065208
111,1576018800,693,347,-346,1040,50,-0.6747092673141699,0.10138480741227289
111,1576033200,139,46,-93,185,50,0.2655478703225999,-1.1579470618975567
111,1576047600,91,178,87,269,50,0.9345055176531081,-1.0342232291232576
111,1576062000,747,1001,254,1748,50,1.5551495571208573,1.1441999693670792
111,1576076400,660,486,-174,1146,50,-0.03548307097612877,0.25751250115126934
111,1576090800,1429,691,-738,2120,50,-2.1315503659450545,1.6921198002246893
111,1576105200,722,375,-347,1097,50,-0.6784256986882283,0.18534026536626153
111,1576119600,194,62,-132,256,50,0.12060704673432315,-1.0533709651478516
111,1576134000,91,173,82,264,50,0.9159233607828162,-1.0415877429788707
111,1576148400,726,967,241,1693,50,1.5068359492580985,1.0631903169553358
111,1576162800,633,473,-160,1106,50,0.016546968260688535,0.198596390306365
111,1576177200,1557,795,-762,2352,50,-2.2207447189224556,2.0338332431251342
111,1576191600,798,401,-397,1199,50,-0.8642472673911472,0.3355763480207675
111,1576206000,191,57,-134,248,50,0.11317418398620639,-1.0651541873168324
111,1576220400,84,161,77,245,50,0.8973412039125244,-1.0695728956302002
111,1576234800,712,866,154,1578,50,1.1835064197150196,0.8938064982762358
111,1576249200,663,473,-190,1136,50,-0.09494597296106283,0.24278347344004322
111,1576263600,1343,795,-548,2138,50,-1.4254284048739625,1.7186320501048964
111,1576278000,776,360,-416,1136,50,-0.9348594634982564,0.24278347344004322
111,1576292400,268,105,-163,373,50,0.0053976741385134,-0.8810413409265064
111,1576306800,64,38,-26,102,50,0.5145487723845114,-1.2801979919007331
111,1576321200,274,368,94,642,50,0.9605205372715168,-0.484830495494525
111,1576335600,597,476,-121,1073,50,0.1614877918489653,0.14999059885931895
111,1576350000,802,531,-271,1333,50,-0.39597691425979153,0.5329453193511969
111,1576364400,522,302,-220,824,50,-0.2064389141828142,-0.2167621911502104
111,1576378800,256,97,-159,353,50,0.020263399634746916,-0.9104993963489586
111,1576393200,44,35,-9,79,50,0.5777281057435038,-1.314074755636553
111,1576407600,227,266,39,493,50,0.7561168116983059,-0.7042930083917935
111,1576422000,527,384,-143,911,50,0.07972630161968097,-0.0886196500625435
111,1576436400,628,450,-178,1078,50,-0.05034879647236228,0.157355112714932
111,1576450800,350,185,-165,535,50,-0.0020351886096033577,-0.642431092004644
111,1576465200,95,33,-62,128,50,0.3807572429184097,-1.2419025198515454
111,1576479600,86,168,82,254,50,0.9159233607828162,-1.0563167706900969
111,1576494000,906,920,14,1826,50,0.6632060273468464,1.2590863855146426
111,1576508400,681,438,-243,1119,50,-0.2919168357861569,0.2177441263309589
111,1576522800,1602,713,-889,2315,50,-2.69273150342787,1.979335840593598
111,1576537200,644,346,-298,990,50,-0.49632056135936775,0.027739668856142503
111,1576551600,100,53,-47,153,51,0.30774495178979017,-1.0565262242823683
111,1576566000,76,161,85,237,51,0.8485176975021822,-0.9245492912629231
111,1576580400,901,926,25,1827,51,0.6027119039965495,1.5735855123194358
111,1576594800,673,411,-262,1084,51,-0.5730591416053937,0.40621811668315116
111,1576609200,1784,734,-1050,2518,51,-3.8013085629793704,2.6592529018008255
111,1576623600,752,347,-405,1099,51,-1.1588962827938185,0.42978542615090926
111,1576638000,166,55,-111,221,51,0.045552105383781946,-0.9496877546951983
111,1576652400,74,157,83,231,51,0.8403241710519944,-0.9339762150500263
111,1576666800,921,869,-52,1790,51,0.2872611356643208,1.515452815632299
111,1576681200,725,485,-240,1210,51,-0.48293035065332846,0.6041835162123192
111,1576695600,1450,716,-734,2166,51,-2.5067313838497047,2.106206706290769
111,1576710000,625,282,-343,907,51,-0.9048969628379979,0.12812386496360553
111,1576724400,136,63,-73,199,51,0.20122910793734936,-0.9842531419145769
111,1576738800,79,157,78,236,51,0.8198403549265251,-0.9261204452274402
111,1576753200,733,812,79,1545,51,0.823937118151619,1.1305200943255835
111,1576767600,595,404,-191,999,51,-0.28218895262372834,0.2726700296991886
111,1576782000,1261,700,-561,1961,51,-1.7979913459084638,1.7841201435647416
111,1576796400,526,341,-185,867,51,-0.2576083732731651,0.06527770638291727
111,1576810800,101,67,-34,168,51,0.36100287371601064,-1.0329589148146103
111,1576825200,55,179,124,234,51,1.0082914632808435,-0.9292627531564747
111,1576839600,663,778,115,1441,51,0.9714205942549986,0.967120082015794
111,1576854000,632,459,-173,1091,51,-0.20844721457203855,0.4172161944347716
111,1576868400,1160,672,-488,1832,51,-1.4989276304766106,1.5814412821420218
111,1576882800,471,308,-163,779,51,-0.16747958232109975,-0.07298384249459694
111,1576897200,146,88,-58,234,51,0.26268055631375753,-0.9292627531564747
111,1576911600,43,47,4,90,51,0.516679876269578,-1.1555089240469525
111,1576926000,219,312,93,531,51,0.8812918033029332,-0.4626300256948642
111,1576940400,370,387,17,757,51,0.5699377981957985,-0.10754922971397549
111,1576954800,486,482,-4,968,51,0.483905770468827,0.22396425679915516
111,1576969200,329,275,-54,604,51,0.27906760921413304,-0.34793578628510813
111,1576983600,130,56,-74,186,51,0.19713234471225546,-1.0046781434533005
111,1576998000,40,37,-3,77,51,0.4880025336939209,-1.1759339255856762
111,1577012400,151,216,65,367,51,0.7665824330003046,-0.7202992758756861
111,1577026800,326,382,56,708,51,0.7297115639744597,-0.18453577397531862
111,1577041200,398,393,-5,791,51,0.4798090072437331,-0.05412999492039045
111,1577055600,202,177,-25,379,51,0.39787374274185555,-0.7014454283014797
111,1577070000,73,29,-44,102,51,0.32003524146507184,-1.1366550764727459
111,1577084400,42,139,97,181,51,0.8976788562033088,-1.0125339132758866
111,1577098800,423,523,100,946,51,0.9099691458785903,0.1893988695797766
111,1577113200,545,399,-146,944,51,-0.09783460749450382,0.1862565616507422
111,1577127600,935,459,-476,1394,51,-1.449766471775484,0.8932758456834853
111,1577142000,382,233,-149,615,51,-0.11012489716978545,-0.33065309267541887
111,1577156400,100,55,-45,155,52,0.07291461060378551,-0.9613946726182767
111,1577170800,39,103,64,142,52,0.9282716569692695,-0.9962448106288382
111,1577185200,291,395,104,686,52,1.2421641510483463,0.4620994261208099
111,1577199600,499,364,-135,863,52,-0.6333435010741372,0.9365974590338388
111,1577214000,594,348,-246,942,52,-1.504395172143575,1.1483790669441738
111,1577228400,263,144,-119,407,52,-0.5077865034425064,-0.285838151182778
111,1577242800,49,41,-8,90,52,0.36326516762693145,-1.135645362671084
111,1577257200,27,22,-5,49,52,0.3868071046828622,-1.2455573363967007
111,1577271600,115,106,-9,221,52,0.35541785527495456,-0.7844632027185032
111,1577286000,206,157,-49,363,52,0.04152536119587784,-0.4037924644492937
111,1577300400,280,174,-106,454,52,-0.4057714428668065,-0.15984149837536354
111,1577314800,155,128,-27,283,52,0.21416623293937004,-0.6182548522065948
111,1577329200,50,39,-11,89,52,0.33972323057100073,-1.1383261425180502
111,1577343600,41,106,65,147,52,0.9361189693212464,-0.9828409113940069
111,1577358000,307,425,118,732,52,1.352026523976023,0.5854152990812581
111,1577372400,448,345,-103,793,52,-0.3822295058108757,0.7489428697462003
111,1577386800,740,473,-267,1213,52,-1.6691887315350904,1.8748704054720315
111,1577401200,341,258,-83,599,52,-0.22528325877133737,0.22887157943474487
111,1577415600,90,58,-32,148,52,0.17492967117948544,-0.9801601315470406
111,1577430000,45,134,89,179,52,1.1244544657686923,-0.8970559562910864
111,1577444400,343,506,163,849,52,1.7051555798149844,0.8990665411763111
111,1577458800,538,405,-133,943,52,-0.6176488763701833,1.15105984679114
111,1577473200,865,466,-399,1331,52,-2.705033961996043,2.191202427414051
111,1577487600,389,260,-129,649,52,-0.5862596269622756,0.36291057178305813
