remote_unit_id,time_stamp,entries,exits,num_people_exited,sum_exit_entry,week_num,z_score_num_people_exited,z_score_sum_exit_entry
23,1546311600,470,255,-215,725,1,-0.8682165114590995,-0.6984496709978455
23,1546326000,139,97,-42,236,1,-0.51743464022568,-1.0243484201561914
23,1546340400,142,340,198,482,1,-0.030800830422092192,-0.8603993561624222
23,1546354800,434,685,251,1119,1,0.07666413590953344,-0.43586458476392265
23,1546369200,803,772,-31,1575,1,-0.49513059060968223,-0.13195900272669217
23,1546383600,663,350,-313,1013,1,-1.0669253171288977,-0.5065093033953841
23,1546398000,221,78,-143,299,1,-0.7222263685180231,-0.9823614647431529
23,1546412400,200,351,151,551,1,-0.12609995150862813,-0.8144136430909992
23,1546426800,1709,2476,767,4185,1,1.1229268269872472,1.6075005786706138
23,1546441200,802,1335,533,2137,1,0.6484588624287491,0.24259129794199977
23,1546455600,1757,3106,1349,4863,1,2.3030138157609477,2.059360194068075
23,1546470000,1102,846,-256,1948,1,-0.9513497873005458,0.11663043170288451
23,1546484400,254,134,-120,388,1,-0.675590628411846,-0.9230465594771146
23,1546498800,199,362,163,561,1,-0.10176826101844874,-0.8077490469936915
23,1546513200,1886,2570,684,4456,1,0.9546326344301731,1.7881111329076522
23,1546527600,777,1274,497,2051,1,0.575463790958211,0.18527577150515367
23,1546542000,1685,2903,1218,4588,1,2.037392861243156,1.8760838013921135
23,1546556400,1126,862,-264,1988,1,-0.9675709142939987,0.14328881609211525
23,1546570800,289,117,-172,406,1,-0.78102795386929,-0.9110502865019606
23,1546585200,211,343,132,554,1,-0.16462512811807883,-0.812414264261807
23,1546599600,1732,2562,830,4294,1,1.2506682020606892,1.6801446761312677
23,1546614000,763,1480,717,2243,1,1.0215447832781663,0.31323601657346123
23,1546628400,1695,2975,1280,4670,1,2.1631065954424162,1.9307334893900365
23,1546642800,1241,925,-316,2166,1,-1.0730082397514427,0.2619186266241921
23,1546657200,534,159,-375,693,1,-1.192639051328158,-0.71977637850923
23,1546671600,137,147,10,284,1,-0.411997314768236,-0.9923583588891144
23,1546686000,318,654,336,972,1,0.2490136102149708,-0.5338341473943456
23,1546700400,570,943,373,1513,1,0.32403632255969056,-0.17327949852999983
23,1546714800,904,950,46,1854,1,-0.3390022432976978,0.05398322838819226
23,1546729200,882,533,-349,1415,1,-1.139920388599436,-0.23859254028361515
23,1546743600,340,160,-180,500,1,-0.7972490808627429,-0.8484030831872684
23,1546758000,109,99,-10,208,1,-0.4525501322518683,-1.0430092892286529
23,1546772400,189,505,316,694,1,0.20846079273133847,-0.7191099188994993
23,1546786800,501,842,341,1343,1,0.2591518145858789,-0.2865776321842305
23,1546801200,969,901,-68,1870,1,-0.570153302954402,0.06464658214388455
23,1546815600,860,320,-540,1180,1,-1.5271997955681245,-0.39521054857034577
23,1546830000,247,76,-171,323,1,-0.7790003129951084,-0.9663664341096144
23,1546844400,191,344,153,535,1,-0.1220446697602649,-0.8250769968466916
23,1546858800,2015,2670,655,4685,1,0.8958310490789062,1.9407303835359981
23,1546873200,780,1243,463,2023,1,0.506524001236036,0.16661490243269214
23,1546887600,1765,3148,1383,4913,1,2.3719536054831227,2.0926831745546135
23,1546902000,1145,818,-327,1963,1,-1.0953122893674403,0.12662732584884603
23,1546916400,268,88,-180,356,2,-0.8001408490982167,-1.0435233323433513
23,1546930800,214,340,126,554,2,-0.22261584670518733,-0.922228184856947
23,1546945200,1945,2674,729,4619,2,0.9154481285987235,1.5679979491442322
23,1546959600,734,1244,510,1978,2,0.5021214111997907,-0.04988328576280704
23,1546974000,1879,2937,1058,4816,2,1.5363818730016863,1.6886804948756546
23,1546988400,1198,908,-290,2106,2,-1.007747876102247,0.028529738874868465
23,1547002800,267,92,-175,359,2,-0.790704166052579,-1.0416855270784058
23,1547017200,205,344,139,549,2,-0.19808047078652924,-0.9252911936318562
23,1547031600,1916,2699,783,4615,2,1.017364305491611,1.5655475421243048
23,1547046000,754,1466,712,2220,2,0.8833634062435551,0.09836633894279821
23,1547060400,1762,2963,1201,4725,2,1.8062710081069255,1.6329337351723072
23,1547074800,1511,962,-549,2473,2,-1.4965680578662814,0.2533545829532037
23,1547089200,293,116,-177,409,2,-0.7944788392708341,-1.0110554393293139
23,1547103600,211,344,133,555,2,-0.2094044904412945,-0.9216155831019652
23,1547118000,1953,2807,854,4760,2,1.1513652047396667,1.6543747965966715
23,1547132400,752,1293,541,2045,2,0.5606288460827447,-0.008838968179023769
23,1547146800,1680,3133,1453,4813,2,2.2818798336070674,1.686842689610709
23,1547161200,1287,1018,-269,2305,2,-0.9681138073105684,0.1504374881162546
23,1547175600,349,115,-234,464,2,-0.9020570259911043,-0.9773623428053126
23,1547190000,185,341,156,526,2,-0.16599574843136095,-0.9393810339964386
23,1547204400,1822,2566,744,4388,2,0.9437581777356366,1.426486943743427
23,1547218800,802,1368,566,2170,2,0.6078122613109334,0.06773625119370622
23,1547233200,1977,3104,1127,5081,2,1.666608099031487,1.8510199599458421
23,1547247600,1530,928,-602,2458,2,-1.5965968981500416,0.2441655566284761
23,1547262000,511,161,-350,672,2,-1.1209880726498997,-0.84994117776909
23,1547276400,118,186,68,304,2,-0.33208137003458504,-1.075378623602407
23,1547290800,331,711,380,1042,2,0.25676765201320956,-0.6232785284258092
23,1547305200,711,938,227,1649,2,-0.0319948491833051,-0.25142926315183234
23,1547319600,1181,1002,-179,2183,2,-0.7982535124890892,0.07570007400847013
23,1547334000,918,611,-307,1529,2,-1.039832598457415,-0.32494147374965315
23,1547348400,511,176,-335,687,2,-1.0926780235129865,-0.8407521514443623
23,1547362800,129,125,-4,254,2,-0.46796960589176845,-1.106008711351499
23,1547377200,196,510,314,706,2,0.13220343581079147,-0.8291127180997073
23,1547391600,500,888,388,1388,2,0.27186634488622996,-0.41131832120209255
23,1547406000,861,795,-66,1656,2,-0.5849844756576763,-0.24714105086695948
23,1547420400,777,323,-454,1100,2,-1.3172710799991645,-0.5877476266368624
23,1547434800,176,76,-100,252,2,-0.6491539203680129,-1.1072339148614627
23,1547449200,206,359,153,565,2,-0.17165775825874358,-0.9154895655521468
23,1547463600,1886,2630,744,4516,2,0.9437581777356366,1.5048999683811026
23,1547478000,731,1193,462,1924,2,0.4115292539616684,-0.08296378053182639
23,1547492400,1767,3023,1256,4790,2,1.9100745216089408,1.6727528492461268
23,1547506800,1121,814,-307,1935,2,-1.039832598457415,-0.07622516122702616
23,1547521200,210,115,-95,325,3,-0.6687988200933521,-0.9509992775513281
23,1547535600,195,356,161,551,3,-0.1540997594490789,-0.7987023708524278
23,1547541525,463,858,395,1321,3,0.3163673506710771,-0.2798146798871481
23,1547550000,1999,2687,688,4686,3,0.9054565099240928,1.987791917642938
23,1547564400,773,1305,532,2078,3,0.5918117698439889,0.23031256954235424
23,1547578800,1771,3036,1265,4807,3,2.0655399395793492,2.069331411937482
23,1547593200,1304,955,-349,2259,3,-1.179476794326342,0.3522848709251018
23,1547607600,256,108,-148,364,3,-0.7753576099923618,-0.9247179529439957
23,1547621959,148,344,196,492,3,-0.08373074725161965,-0.8384612978224947
23,1547622000,198,348,150,546,3,-0.1762157347111375,-0.8020717714431115
23,1547633459,953,2379,1426,3332,3,2.389237395687662,1.0753582376858097
23,1547636400,2041,2468,427,4509,3,0.3807047332516112,1.8685151367327373
23,1547650800,785,1225,440,2010,3,0.4068417949249532,0.1844887215090568
23,1547665200,1660,3074,1414,4734,3,2.3651108772199616,2.0201381633135007
23,1547679600,1247,934,-313,2181,3,-1.107097238923241,0.2997222217104371
23,1547694000,272,113,-159,385,3,-0.7974735852544204,-0.9105664704631244
23,1547708400,196,345,149,541,3,-0.17822627791677917,-0.8054411720337951
23,1547722800,1948,2693,745,4641,3,1.0200574726456693,1.9574673123267852
23,1547737200,794,1399,605,2193,3,0.7385814238558324,0.30780878312807786
23,1547751600,1806,3103,1297,4909,3,2.1298773221598837,2.138067183987428
23,1547766000,1468,956,-512,2424,3,-1.5071953368459376,0.4634750904176618
23,1547780400,316,115,-201,431,3,-0.8819163998913715,-0.879567985028835
23,1547794800,171,338,167,509,3,-0.14203650021522873,-0.8270053358141704
23,1547796568,133,155,22,288,3,-0.4335652650332741,-0.975932841922387
23,1547797487,137,190,53,327,3,-0.3712384256583816,-0.9496515173150547
23,1547797578,90,134,44,224,3,-0.38933331450915687,-1.0190611694831375
23,1547809200,1465,2294,829,3759,3,1.1889431019195713,1.3631050481301923
23,1547823600,788,1492,704,2280,3,0.9376252012143599,0.3664363534059731
23,1547838000,1669,2945,1276,4614,3,2.087655914841408,1.9392725491370937
23,1547852400,1205,823,-382,2028,3,-1.2458247201125177,0.19661856363551788
23,1547866800,434,168,-266,602,3,-1.0126017082580814,-0.7643344848274547
23,1547881200,128,166,38,294,3,-0.401396573743007,-0.9718895612135666
23,1547895600,339,744,405,1083,3,0.336472782727494,-0.44019814800368906
23,1547910000,626,887,261,1513,3,0.04695456111509033,-0.1504296972048965
23,1547924400,935,998,63,1933,3,-0.3511329936019647,0.13259995241252884
23,1547938800,877,545,-332,1422,3,-1.1452975598304331,-0.21175278795533864
23,1547953200,442,145,-297,587,3,-1.074928547632974,-0.7744426865995057
23,1547967600,110,96,-14,206,3,-0.505944820436375,-1.0311910116095986
23,1547982000,174,476,302,650,3,0.1293868325463997,-0.7319882391568918
23,1547996400,467,671,204,1138,3,-0.06764640160648612,-0.4031347415061691
23,1548010800,772,751,-21,1523,3,-0.5200186228758669,-0.14369089602352922
23,1548025200,720,338,-382,1058,3,-1.2458247201125177,-0.45704515095710724
23,1548039600,321,96,-225,417,3,-0.9301694368267721,-0.8890023066827493
23,1548054000,85,223,138,308,3,-0.2003422531788378,-0.9624552395596525
23,1548068400,675,1264,589,1939,3,0.7064127325655652,0.13664323312134918
23,1548082800,578,857,279,1435,3,0.0831443388166408,-0.2029923464195612
23,1548097200,1140,1271,131,2411,3,-0.21441605561832963,0.4547146488818843
23,1548111600,682,390,-292,1072,3,-1.0648758316047655,-0.44761082930319307
23,1548126000,197,60,-137,257,4,-0.7741262553602195,-1.1079071241988077
23,1548140400,205,305,100,510,4,-0.3007716997781643,-0.9452941013284274
23,1548154800,1960,2645,685,4605,4,0.8676351146332375,1.6867230079767406
23,1548169200,753,1180,427,1933,4,0.3523377503287219,-0.030676190085141834
23,1548183600,1792,2972,1180,4764,4,1.8562870345198084,1.788918544088956
23,1548198000,1148,970,-178,2118,4,-0.8560145961993092,0.0882305657686936
23,1548212400,303,116,-187,419,4,-0.8739900856517924,-1.0037833704240977
23,1548226800,187,349,162,536,4,-0.176940550216614,-0.9285828815868072
23,1548241200,1951,2511,560,4462,4,0.6179755389043056,1.59481129939783
23,1548255600,743,1255,512,1998,4,0.5221062618243956,0.011101859268908455
23,1548270000,1708,2980,1272,4688,4,2.040036482256302,1.7400703633057588
23,1548284400,1295,1033,-262,2328,4,-1.0237858310891514,0.22320580214331762
23,1548298800,320,95,-225,415,4,-0.9498865966733877,-1.006354327307424
23,1548313200,204,361,157,565,4,-0.1869269332457713,-0.9099434441826926
23,1548327600,2023,2666,643,4689,4,0.7837494971883164,1.7407131025265903
23,1548342000,785,1236,451,2021,4,0.40027238886867683,0.02588486134803394
23,1548356400,1655,2871,1216,4526,4,1.9281889923297408,1.6359466095310489
23,1548370800,1219,943,-276,2162,4,-1.0517477035707918,0.11651109148528149
23,1548385200,396,155,-241,551,4,-0.981843022366691,-0.9189417932743341
23,1548399600,197,353,156,550,4,-0.18892420985160274,-0.9195845324951657
23,1548407642,1126,1485,359,2611,4,0.21652294113218287,0.40510100163864426
23,1548408290,117,157,40,274,4,-0.4206082961280517,-1.0969805574446716
23,1548414000,1054,2469,1415,3523,4,2.3256470368902007,0.9912791710370114
23,1548428400,900,1438,538,2338,4,0.5740354535760135,0.22963319435163304
23,1548442800,1868,2924,1056,4792,4,1.6086247353967078,1.8069152422722392
23,1548457200,1310,926,-384,2236,4,-1.2674535770005892,0.16407379382681567
23,1548471600,505,164,-341,669,4,-1.1815706829498367,-0.8430985652162121
23,1548486000,116,165,49,281,4,-0.40263280667556856,-1.0924813828988507
23,1548500400,318,660,342,978,4,0.18256923883304813,-0.6444921459792653
23,1548514800,665,989,324,1654,4,0.1466182599280819,-0.2100004326971423
23,1548529200,1021,1081,60,2102,4,-0.38066276401142257,0.07794673823538892
23,1548543600,934,583,-351,1517,4,-1.2015434490081511,-0.2980557059510637
23,1548558000,518,189,-329,707,4,-1.157603363679859,-0.8186744748246134
23,1548572400,144,107,-37,251,4,-0.5743985947770739,-1.111763559523797
23,1548586800,198,562,364,760,4,0.22650932416134015,-0.7846092961205416
23,1548601200,543,802,259,1345,4,0.016795280549037242,-0.4086068519340891
23,1548615600,902,766,-136,1668,4,-0.772128978754388,-0.2010020836055007
23,1548630000,820,364,-456,1184,4,-1.411257492620454,-0.5120878664879674
23,1548644400,206,79,-127,285,4,-0.754153489301905,-1.0899104260155246
23,1548658800,223,344,121,567,4,-0.2588288910557037,-0.9086579657410294
23,1548673200,1866,2657,791,4523,4,1.079346434851372,1.6340183918685542
23,1548687600,754,1266,512,2020,4,0.5221062618243956,0.0252421221272024
23,1548702000,1807,2980,1173,4787,4,1.8423060982789883,1.8037015461680814
23,1548716400,1107,876,-231,1983,4,-0.9618702563083764,0.0014607709564353115
23,1548730800,234,92,-142,326,5,-0.8130443465308924,-0.9817037061192643
23,1548745200,213,346,133,559,5,-0.21670087811954125,-0.8360329503193693
23,1548759600,2006,2672,666,4678,5,0.9391211897468228,1.7391509258169717
23,1548774000,777,1241,464,2018,5,0.5010798056773941,0.0761285634662392
23,1548788400,1794,3133,1339,4927,5,2.3985362960771472,1.8948248236460439
23,1548802800,1156,944,-212,2100,5,-0.9648408657628726,0.12739466636577304
23,1548817200,282,87,-195,369,5,-0.9279759968065346,-0.9548202619158502
23,1548831600,181,349,168,530,5,-0.1408026185035511,-0.8541636452472532
23,1548846000,1923,2615,692,4538,5,0.9955027540329869,1.65162343306167
23,1548860400,771,1284,513,2055,5,0.6073373691397802,0.09926082940871178
23,1548862286,111,246,135,357,5,-0.21236383471291323,-0.9623226184377333
23,1548874800,1744,2747,1003,4491,5,1.669913003763642,1.6222392033509614
23,1548889200,1197,948,-249,2145,5,-1.0450761687854908,0.1555285033228343
23,1548903600,230,96,-134,326,5,-0.7956961729043803,-0.9817037061192643
23,1548918000,204,296,92,500,5,-0.3056102679554154,-0.8729195365519608
23,1548932400,1887,2510,623,4397,5,0.8458747565043206,1.5634707439295445
23,1548946800,705,1116,411,1821,5,0.38614815540175185,-0.04703512276800678
23,1548961200,1782,2855,1073,4637,5,1.8217095229956224,1.7135178743672046
23,1548975600,979,1028,49,2007,5,-0.3988567011979176,0.06925140332117977
23,1548990000,319,91,-228,410,5,-0.9995372130158967,-0.9291872104660833
23,1549004400,187,340,153,527,5,-0.17333044405326117,-0.856039234377724
23,1549018800,1740,2533,793,4273,5,1.2145234460677012,1.4859463932034203
23,1549033200,881,1336,455,2217,5,0.481563110347568,0.20054264245413234
23,1549047600,1697,2966,1269,4663,5,2.246739776845167,1.7297729801646178
23,1549062000,1261,877,-384,2138,5,-1.3378265987328812,0.15115212868506922
23,1549076400,503,177,-326,680,5,-1.212052339940669,-0.7603841887237157
23,1549090800,119,104,-15,223,5,-0.5376420902100139,-1.0460989329320933
23,1549105200,312,588,276,900,5,0.09339772545436131,-0.6228409858225273
23,1549119600,628,730,102,1358,5,-0.2839250509222754,-0.336501045237326
23,1549134000,931,816,-115,1747,5,-0.7544942605414143,-0.09329965465295197
23,1549148400,932,532,-400,1464,5,-1.3725229459859054,-0.2702302292940261
23,1549162800,446,172,-274,618,5,-1.099289211368341,-0.7991463640867779
23,1549177200,104,79,-25,183,5,-0.5593273072431539,-1.0711067880050367
23,1549191600,188,435,247,623,5,0.0305105960582552,-0.7960203822026599
23,1549206000,462,622,160,1084,5,-0.15815079213006314,-0.5078048524869879
23,1549220400,698,661,-37,1359,5,-0.585349567682922,-0.3358758488605024
23,1549234800,528,271,-257,799,5,-1.0624243424120028,-0.6859858198817093
23,1549249200,193,71,-122,264,5,-0.7696739124646124,-1.0204658814823264
23,1549263600,187,311,124,498,5,-0.23621757344936728,-0.8741699293056079
23,1549278000,1727,2509,782,4236,5,1.1906697073312473,1.4628141272609476
23,1549292400,708,1161,453,1869,5,0.47722606694094,-0.017025696680474767
23,1549306800,1858,2945,1087,4803,5,1.8520688268420185,1.8173004729199196
23,1549321200,976,845,-131,1821,5,-0.7891906077944384,-0.04703512276800678
23,1549335600,162,86,-76,248,6,-0.6057398102091504,-1.0999420923420693
23,1549350000,192,355,163,547,6,-0.12834809015397872,-0.9103157215458293
23,1549355483,676,895,219,1571,6,-0.01649061599879205,-0.26089296671188367
23,1549364400,1159,2513,1354,3672,6,2.250620690539366,1.0715652441339365
23,1549378800,771,1368,597,2139,6,0.7385473345487179,0.09933371761007054
23,1549393200,1729,2839,1110,4568,6,1.7632416960060528,1.6398101546136388
23,1549407600,958,919,-39,1877,6,-0.531833979070902,-0.06682718255252101
23,1549422000,262,100,-162,362,6,-0.777520931233187,-1.0276430747140715
23,1549436400,215,366,151,581,6,-0.15231754890151872,-0.8887528566392334
23,1549450800,2006,2675,669,4681,6,0.8823640870339579,1.711474970332619
23,1549465200,779,1338,559,2117,6,0.6626440485148413,0.08538127561168499
23,1549479600,1945,2998,1053,4943,6,1.649386766955238,1.8776358704952107
23,1549494000,1403,1054,-349,2457,6,-1.1510449967156853,0.3010099246776435
23,1549508400,298,102,-196,400,6,-0.8454343976845503,-1.0035434021714054
23,1549522800,196,322,126,518,6,-0.20225392129222705,-0.9287075769073375
23,1549537200,1909,2648,739,4557,6,1.0221859297279412,1.632833933614446
23,1549551600,767,1337,570,2104,6,0.6846160523667529,0.07713665079445717
23,1549566000,1725,2902,1177,4627,6,1.8970711740131512,1.6772280672456727
23,1549580400,1320,1001,-319,2321,6,-1.0911213498468353,0.2147584650512601
23,1549594800,319,114,-205,433,6,-0.8634114917452054,-0.9826147391738271
23,1549609200,207,352,145,559,6,-0.1643022782752887,-0.902705298637619
23,1549623600,1869,2422,553,4291,6,0.6506593191410712,1.4641362258157844
23,1549638000,874,1431,557,2305,6,0.6586491387235845,0.20461123450697968
23,1549652400,2033,2875,842,4908,6,1.2279237839776596,1.8554388036795972
23,1549666800,1523,860,-663,2383,6,-1.7782458339429819,0.2540789834103466
23,1549681200,541,185,-356,726,6,-1.1650271809850836,-0.7967935798316923
23,1549695600,133,109,-24,242,6,-0.501872155636477,-1.1037473037961745
23,1549710000,350,628,278,978,6,0.10135922284327961,-0.636974698759276
23,1549724400,641,778,137,1419,6,-0.18028191744031538,-0.3572916568825475
23,1549738800,1063,876,-187,1939,6,-0.8274573036238954,-0.027506664193434463
23,1549753200,980,530,-450,1510,6,-1.3527879411741468,-0.2995792831619527
23,1549767600,480,183,-297,663,6,-1.047177342143012,-0.8367483000997964
23,1549782000,127,73,-54,200,6,-0.561795802505327,-1.1303837839749105
23,1549796400,202,491,289,693,6,0.12333122669519127,-0.8177222428292706
23,1549810800,509,602,93,1111,6,-0.26816993284796203,-0.5526258448599451
23,1549825200,826,704,-122,1530,6,-0.6976227354080536,-0.2868952449816022
23,1549839600,683,318,-365,1001,6,-1.1830042750457386,-0.6223880548518729
23,1549854000,190,80,-110,270,6,-0.6736532766605137,-1.0859896503436837
23,1549868400,195,325,130,520,6,-0.1942641017097137,-0.9274391730893025
23,1549882800,1952,2697,745,4649,6,1.0341706591017112,1.6911805092440584
23,1549897200,752,1202,450,1954,6,0.4449214648913529,-0.017993635558171586
23,1549911600,1720,2980,1260,4700,6,2.062859930350303,1.7235248066039521
23,1549926000,1094,874,-220,1968,6,-0.8933733151796304,-0.009114808831926237
23,1549940400,223,89,-134,312,7,-0.7168311903980884,-1.062341919431764
23,1549954800,195,304,109,499,7,-0.2411498425955598,-0.9353575734783187
23,1549969200,1790,2539,749,4329,7,1.0116734602588366,1.6654448062098917
23,1549983600,746,1205,459,1951,7,0.4439879011529382,0.05063852451313867
23,1549998000,1710,2903,1193,4613,7,1.8808196266140742,1.8582980374974771
23,1550012400,984,852,-132,1836,7,-0.7129161175766684,-0.027453452944862435
23,1550026800,257,101,-156,358,7,-0.7598969914337083,-1.0311051284485635
23,1550041200,205,374,169,579,7,-0.12369765795296014,-0.8810327195944919
23,1550055600,1892,2710,818,4602,7,1.1467434725978263,1.850828370088451
23,1550070000,788,1361,573,2149,7,0.6671470519738776,0.18509253787561014
23,1550084400,1651,3082,1431,4733,7,2.3467132923630527,1.9397853183232174
23,1550098800,1290,1009,-281,2299,7,-1.0045890427724575,0.28695163890778547
23,1550113200,317,116,-201,433,7,-0.847986129915658,-0.9801755779324759
23,1550127600,213,376,163,589,7,-0.1354428764172201,-0.8742421128590135
23,1550142000,1898,2727,829,4625,7,1.1682763731156363,1.8664467655800512
23,1550156400,816,1375,559,2191,7,0.6397415422239376,0.21361308616461924
23,1550170800,1819,3155,1336,4974,7,2.1607473333456033,2.1034389406482457
23,1550185200,1301,918,-383,2219,7,-1.2042577566648769,0.23262678502395862
23,1550199600,375,149,-226,524,7,-0.896924540183408,-0.9183810566396228
23,1550214000,186,320,134,506,7,-0.19221143232780993,-0.9306041487634839
23,1550228400,1539,2490,951,4029,7,1.4070958152222555,1.461726604145541
23,1550242800,815,1492,677,2307,7,0.870730838687717,0.29238412429616817
23,1550257200,1675,2832,1157,4507,7,1.8103483158285143,1.7863176061014066
23,1550271600,1293,867,-426,2160,7,-1.2884318223254065,0.19256220528463633
23,1550286000,517,186,-331,703,7,-1.1024658633079572,-0.7968291960745603
23,1550300400,121,149,28,270,7,-0.39971029186306933,-1.090862467720773
23,1550314800,290,759,469,1049,7,0.46356326526003816,-0.5618742030270091
23,1550329200,633,899,266,1532,7,0.06618337388590931,-0.23388789770340448
23,1550343600,958,1118,160,2076,7,-0.1413154856493501,0.13552110870661813
23,1550358000,961,574,-387,1535,7,-1.212087902307717,-0.23185071568276097
23,1550372400,514,169,-345,683,7,-1.129871373057897,-0.8104104095455169
23,1550386800,145,97,-48,242,7,-0.5484830590770289,-1.1098761665801125
23,1550401200,203,529,326,732,7,0.18363555852850896,-0.777136436541673
23,1550415600,510,833,323,1343,7,0.17776294929637898,-0.3622303650039454
23,1550430000,884,925,41,1809,7,-0.3742623185238394,-0.045788091130654
23,1550444400,830,370,-460,1200,7,-1.3549880602895465,-0.4593360413212859
23,1550458800,292,87,-205,379,7,-0.855816275558498,-1.016844854304059
23,1550473200,82,203,121,285,7,-0.21765940566703987,-1.0806765576175557
23,1550487600,672,1238,566,1910,7,0.6534442970989076,0.022797036897677408
23,1550502000,700,1019,319,1719,7,0.169932803653539,-0.1069035517499592
23,1550516400,1310,1354,44,2664,7,-0.36838970929170944,0.5348087847527455
23,1550530800,929,426,-503,1355,7,-1.4391621259500762,-0.3540816369213714
23,1550545200,186,77,-109,263,8,-0.6022446288097604,-1.1733454603429099
23,1550558924,154,288,134,442,8,-0.18930601481209738,-1.0644319375253508
23,1550559600,180,279,99,459,8,-0.24878276991464143,-1.0540881951348564
23,1550574000,1819,2695,876,4514,8,1.0716011933618366,1.4131985927154338
23,1550588400,783,1265,482,2048,8,0.4020628644931978,-0.0872525093409943
23,1550602800,1761,2894,1133,4655,8,1.5083305094005173,1.4989908090130641
23,1550617200,1281,883,-398,2164,8,-1.093352692370767,-0.016671678911738146
23,1550631600,269,94,-175,363,8,-0.7144007955745577,-1.1124999168694132
23,1550646000,199,268,69,467,8,-0.29976284571682205,-1.0492205516569768
23,1550660400,1864,2593,729,4457,8,0.8217988219311516,1.3785166329355407
23,1550674800,822,1319,497,2141,8,0.4275529023942881,-0.03066615391064238
23,1550689200,1692,2833,1141,4525,8,1.5219251962810987,1.4198916024975183
23,1550703600,1136,887,-249,2023,8,-0.8401516492199366,-0.10246389520936845
23,1550718000,249,89,-160,338,8,-0.6889107576734674,-1.1277113027377874
23,1550732400,201,354,153,555,8,-0.15701863347071632,-0.9956764734002996
23,1550746800,1796,811,-985,2607,8,-2.0908628422334345,0.25287407867585215
23,1550761200,774,571,-203,1345,8,-0.761982199656593,-0.5149966799596759
23,1550775600,1809,3002,1193,4811,8,1.6102906610048784,1.593909856831719
23,1550790000,1335,980,-355,2315,8,-1.0202812503876415,0.07520509173324183
23,1550804400,362,130,-232,492,8,-0.8112629395987009,-1.0340091657886026
23,1550818800,174,356,182,530,8,-0.10773789352860838,-1.0108878592686739
23,1550833200,1643,2466,823,4109,8,0.9815363927779842,1.1667741416477722
23,1550847600,815,1457,642,2272,8,0.6739566021048278,0.04904150803963826
23,1550862000,1709,2957,1248,4666,8,1.7037541333088764,1.5056838187951487
23,1550876400,1312,912,-400,2224,8,-1.0967513640909123,0.01983564717235986
23,1551495600,9828,9855,27,19683,9,-0.2269704701385721,4.005888074163764
23,1551510000,149,157,8,306,9,-0.2753041568056902,-0.500358105052004
23,1551524400,305,676,371,981,9,0.6481236463608292,-0.34338250661206776
23,1551538800,673,888,215,1561,9,0.2512786400413332,-0.2084997701747893
23,1551553200,1039,1028,-11,2067,9,-0.3236378434728083,-0.09082621045537048
23,1551567600,947,624,-323,1571,9,-1.1173278561118,-0.2061742057534569
23,1551582000,549,169,-380,718,9,-1.2623289161131543,-0.40454485089310954
23,1551596400,144,100,-44,244,9,-0.40758582557885553,-0.5147766044642647
23,1551610800,226,565,339,791,9,0.5667195425004198,-0.3875682306173831
23,1551625200,586,825,239,1411,9,0.3123317179366403,-0.2433832364947751
23,1551639600,967,784,-183,1751,9,-0.761184901722509,-0.16431404616947393
23,1551654000,759,333,-426,1092,9,-1.379347315412493,-0.31756874153527825
23,1551668400,241,75,-166,316,9,-0.7179389715466664,-0.49803254063067154
23,1551682800,166,300,134,466,9,0.045224502144671885,-0.4631490743106857
23,1551697200,1471,2284,813,3755,9,1.7725178309327343,0.3017290638655365
23,1551711600,595,1237,642,1832,9,1.3375146509286715,-0.14547697435668158
23,1551726000,1466,2490,1024,3956,9,2.309276140762309,0.34847290873431747
23,1551740400,961,774,-187,1735,9,-0.7713604147050601,-0.16803494924360574
23,1551754800,220,98,-122,318,10,-0.6127425671362651,-1.1254025087015738
23,1551769200,227,341,114,568,10,-0.20640655820774031,-0.9634518975679272
23,1551783600,2015,2753,738,4768,10,0.8679733976032742,1.7573183694773362
23,1551798000,813,1363,550,2176,10,0.5442820006602122,0.07821443324368793
23,1551812400,1702,1245,-457,2947,10,-1.1895330882848065,0.5776701179798541
23,1551826800,1289,288,-1001,1577,10,-2.12617202412005,-0.3098192310325294
23,1551841200,324,110,-214,434,10,-0.7711447401084018,-1.0502574251355619
23,1551855600,231,383,152,614,10,-0.14097957371924905,-0.9336529851193363
23,1551870000,1872,2714,842,4586,10,1.0470367235717766,1.6394183245720415
23,1551884400,845,1372,527,2217,10,0.504681457417178,0.10477433346960598
23,1551898800,1762,3131,1369,4893,10,1.954405692662169,1.8382936750441594
23,1551913200,1321,986,-335,2307,10,-0.9794780328217556,0.16307655347771877
23,1551927600,339,104,-235,443,10,-0.8073017578520417,-1.0444272031347506
23,1551942000,223,332,109,555,10,-0.215015371956226,-0.9718733293468769
23,1551946196,463,595,132,1058,10,-0.1754148287131918,-0.6460286997459798
23,1551956400,1512,2786,1274,4298,10,1.7908382314409408,1.4528512205460806
23,1551970800,808,1306,498,2114,10,0.4547503376759609,0.038050681682543566
23,1551985200,1753,3014,1261,4767,10,1.768455315694878,1.7566705670328016
23,1551999600,1396,1032,-364,2428,10,-1.0294091525629727,0.24146064926640373
23,1552014000,361,133,-228,494,10,-0.7952494186041618,-1.0113892784634866
23,1552028400,201,351,150,552,10,-0.14442309921864332,-0.9738167366804806
23,1552042800,1727,2641,914,4368,10,1.1710036415499705,1.4981973916635016
23,1552057200,954,1463,509,2417,10,0.4736897279226294,0.23433482237652328
23,1552071600,1705,3079,1374,4784,10,1.9630145064106546,1.7676832085898895
23,1552086000,1379,917,-462,2296,10,-1.1981419020332922,0.15595072658783832
23,1552100400,691,182,-509,873,10,-1.2790647512690578,-0.7658721519848783
23,1552114800,150,152,2,302,10,-0.39924398617381984,-1.1357673478141272
23,1552129200,358,874,516,1232,10,0.4857420671705094,-0.5333110743969618
23,1552143600,801,1169,368,1970,10,0.23092118021533292,-0.055232870330436896
23,1552158000,1305,1283,-22,2588,10,-0.4405662921665512,0.34510904039193757
23,1552172400,1114,749,-365,1863,10,-1.0311309153126698,-0.12454773189563766
23,1552190400,645,221,-424,866,10,-1.132714917544801,-0.7704067690966204
23,1552204800,154,166,12,320,10,-0.3820263586768485,-1.1241069038125047
23,1552219200,246,570,324,816,10,0.15516361922865882,-0.8027968913233497
23,1552233600,709,929,220,1638,10,-0.023899706739843613,-0.2703032819159196
23,1552248000,862,835,-27,1697,10,-0.4491751059150369,-0.232082937688379
23,1552262400,710,280,-430,990,10,-1.1430454940429837,-0.6900792659743317
23,1552276800,128,61,-67,189,10,-0.5180456159029224,-1.2089690240465354
23,1552291200,535,786,251,1321,10,0.029474938500767687,-0.47565665683338354
23,1552305600,1723,2558,835,4281,10,1.0349843843238966,1.4418385789889925
23,1552320000,806,1495,689,2301,10,0.7836070228681143,0.15918973881051124
23,1552334400,1870,3225,1355,5095,10,1.930301014166409,1.969149768840146
23,1552348800,995,632,-363,1627,11,-1.1430119136646135,-0.1111278812965752
23,1552363200,168,57,-111,225,11,-0.68072821430918,-0.9572428603688482
23,1552377600,600,853,253,1453,11,-0.01298509301799807,-0.21613787156660053
23,1552392000,1806,2745,939,4551,11,1.2454538663384602,1.653522759792816
23,1552406400,862,1643,781,2505,11,0.9556093246791011,0.41875011558320774
23,1552420800,1903,3290,1387,5193,11,2.0672915540814536,2.040973413547737
23,1552435200,1088,623,-465,1711,11,-1.3301267443560985,-0.06043340323518367
23,1552449600,171,64,-107,235,11,-0.6733903778114747,-0.9512078034567778
23,1552452901,5,18,13,23,11,-0.4532552828803158,-1.0791510099926707
23,1552452982,1,6,5,7,11,-0.4679309558757264,-1.0888071010519833
23,1552453060,2,1,-1,3,11,-0.47893771062228435,-1.0912211238168115
23,1552453061,2,1,-1,3,11,-0.47893771062228435,-1.0912211238168115
23,1552453079,0,3,3,3,11,-0.47159987412457904,-1.0912211238168115
23,1552453147,2,0,-2,2,11,-0.48077216974671066,-1.0918246295080185
23,1552453150,0,0,0,0,11,-0.47710325149785804,-1.0930316408904326
23,1552453151,0,0,0,0,11,-0.47710325149785804,-1.0930316408904326
23,1552453158,0,0,0,0,11,-0.47710325149785804,-1.0930316408904326
23,1552464000,607,824,217,1431,11,-0.07902562149734574,-0.22941499677315544
23,1552478400,1789,2758,969,4547,11,1.30048764007125,1.6511087370279878
23,1552492800,924,1540,616,2464,11,0.6529235691487575,0.39400638224371903
23,1552507200,1847,3258,1411,5105,11,2.111318573067685,1.9878649127215173
23,1552521600,1051,604,-447,1655,11,-1.2971064801164247,-0.09422972194277802
23,1552536000,173,62,-111,235,11,-0.68072821430918,-0.9512078034567778
23,1552550400,583,853,270,1436,11,0.018200712097249435,-0.22639746831712024
23,1552564800,1771,2756,985,4527,11,1.3298389860620712,1.639038623203847
23,1552579200,922,1680,758,2602,11,0.9134167648172955,0.4772901676302908
23,1552593600,1833,3268,1435,5101,11,2.155345592053917,1.9854508899566892
23,1552608000,1199,697,-502,1896,11,-1.3980017319598725,0.051215149638119115
23,1552622400,225,74,-151,299,11,-0.7541065792862329,-0.9125834392195271
23,1552636800,551,825,274,1376,11,0.025538548594954733,-0.26260780978954273
23,1552651200,1564,2574,1010,4138,11,1.3757004641727293,1.4042749093243077
23,1552665600,1008,1671,663,2679,11,0.7391431479967947,0.5237601058532331
23,1552680000,1892,2852,960,4744,11,1.283977507951413,1.7699993581957751
23,1552694400,1342,727,-615,2069,11,-1.605295613020047,0.1556216342169374
23,1552708800,417,121,-296,538,11,-1.0201031523280497,-0.7683455790210441
23,1552723200,132,288,156,420,11,-0.1909276280873515,-0.839559250583475
23,1552737600,486,979,493,1465,11,0.4272850968443197,-0.20889580327211602
23,1552752000,927,1238,311,2165,11,0.09341353619872872,0.21355818057281342
23,1552766400,1241,1252,11,2493,11,-0.4569242011291685,0.41150804728872326
23,1552780800,1112,609,-503,1721,11,-1.399836191084299,-0.054398346323113245
23,1552795200,361,132,-229,493,11,-0.8971943909914862,-0.7955033351253609
23,1552809600,133,182,49,315,11,-0.38721475440096814,-0.9029273481602144
23,1552824000,330,834,504,1164,11,0.44746414721300926,-0.39055101632543565
23,1552838400,705,1058,353,1763,11,0.1704608194246343,-0.02905110729241748
23,1552852800,971,845,-126,1816,11,-0.7082451011755748,0.0029346943415557505
23,1552867200,778,312,-466,1090,11,-1.3319612034805248,-0.4352104374747568
23,1552881600,154,63,-91,217,11,-0.6440390318206535,-0.9620709058985045
23,1552896000,569,725,156,1294,11,-0.1909276280873515,-0.3120952764685202
23,1552910400,1653,2606,953,4259,11,1.2711362940804287,1.4772990979603597
23,1552924800,858,1462,604,2320,11,0.6309100596556416,0.30710156270990496
23,1552939200,1839,3151,1312,4990,11,1.929707119749479,1.9184617582327075
23,1552953600,938,616,-322,1554,12,-1.2835477112903875,-0.40828610709121926
23,1552968000,132,117,-15,249,12,-0.8077067980614407,-1.2494228072817772
23,1552982400,608,827,219,1435,12,-0.445013724134491,-0.48498746136146936
23,1552996800,1553,2639,1086,4192,12,0.8988106138768996,1.2920346707652497
23,1553011200,897,1321,424,2218,12,-0.12726979184806067,0.019694558752865406
23,1553025600,1918,2954,1036,4872,12,0.8213120938070386,1.7303281237381074
23,1553040000,1063,638,-425,1701,12,-1.4431946626343013,-0.3135373753456162
23,1553054400,153,105,-48,258,12,-0.858855821307549,-1.2436218645218424
23,1553068800,609,773,164,1382,12,-0.5302620962113381,-0.5191485687255304
23,1553083200,1741,2664,923,4405,12,0.6461654384491526,1.4293236494170418
23,1553097600,871,1518,647,2389,12,0.21837360766351963,0.1299124711916282
23,1553112000,1884,3065,1181,4949,12,1.0460578020096356,1.7799584117953282
23,1553126400,1212,678,-534,1890,12,-1.6121414363865985,-0.19171757738698364
23,1553140800,165,92,-73,257,12,-0.8976050813424795,-1.2442664137173907
23,1553155200,568,831,263,1399,12,-0.37681502647301324,-0.5081912324012089
23,1553169600,1704,2632,928,4336,12,0.6539152904561387,1.3848497549242078
23,1553184000,932,1485,553,2417,12,0.07267638993218085,0.14795984866698114
23,1553198400,1872,3149,1277,5021,12,1.1948549605437688,1.8263659538748072
23,1553212800,1163,714,-449,1877,12,-1.4803939522678347,-0.20009671692911182
23,1553227200,227,106,-121,333,12,-0.9720036606095461,-1.1952806748557183
23,1553241600,572,767,195,1339,12,-0.4822130137680243,-0.5468641841341081
23,1553242573,126,154,28,280,12,-0.7410580708013602,-1.2294417822197794
23,1553256000,1444,2492,1048,3936,12,0.8399117386238053,1.1270300767048798
23,1553270400,904,1612,708,2516,12,0.3129218021487501,0.21177021902626486
23,1553284800,1634,2908,1274,4542,12,1.1902050493395773,1.5176268892071618
23,1553299200,1298,1186,-112,2484,12,-0.9580539269969711,0.19114464476871862
23,1553313600,370,301,-69,671,12,-0.8914051997368906,-0.977423046760386
23,1553328000,132,534,402,666,12,-0.16136914067879954,-0.9806457927381277
23,1553330228,38,223,185,261,12,-0.4977127177819965,-1.2416882169351975
23,1553342400,427,1525,1098,1952,12,0.9174102586936663,-0.1517555272629878
23,1553356800,719,1862,1143,2581,12,0.9871589267565413,0.2536659167369057
23,1553371200,1051,2065,1014,3116,12,0.7872127449762998,0.598499736355257
23,1553385600,988,969,-19,1957,12,-0.8139066796670296,-0.1485327812852462
23,1553400000,320,323,3,643,12,-0.7798073308362907,-0.9954704242357391
23,1553414400,117,378,261,495,12,-0.3799149672758077,-1.0908637051768906
23,1553428800,289,1496,1207,1785,12,1.0863570324459635,-0.2593952429195573
23,1553443200,608,1670,1062,2278,12,0.8616113242433664,0.05836751048576463
23,1553457600,867,1331,464,2198,12,-0.06527097579217182,0.006803574841899002
23,1553472000,769,630,-139,1399,12,-0.9999031278346961,-0.5081912324012089
23,1553486400,96,117,21,213,12,-0.7519078636111407,-1.2726265783215167
23,1553500800,549,1411,862,1960,12,0.5516172439639222,-0.14659913369860123
23,1553502305,243,320,77,563,12,-0.6651095211328963,-1.0470343598796046
23,1553515200,1467,4154,2687,5621,12,3.38031322651385,2.2130954712037996
23,1553529600,830,2239,1409,3069,12,1.399451053528202,0.568205924164486
23,1553544000,1762,3014,1252,4776,12,1.1561057005088384,1.6684514009654687
23,1553558400,918,1017,99,1935,13,-0.4599916391508299,-0.172594769797195
23,1553572800,134,121,-13,255,13,-0.6322687626034974,-1.201861753983307
23,1553587200,629,1318,689,1947,13,0.44753963618018644,-0.16524286276729422
23,1553601600,1784,4250,2466,6034,13,3.180900782389027,2.3386941398330867
23,1553616000,870,2219,1349,3089,13,1.46274411366912,0.5344136229115987
23,1553630400,1800,3096,1296,4896,13,1.3812201177495542,1.6414882898308274
23,1553644800,1043,1029,-14,2072,13,-0.6338069512057534,-0.08866049787249422
23,1553659200,172,112,-60,284,13,-0.7045636269095276,-1.1840946453277135
23,1553673600,587,1186,599,1773,13,0.3091026619771501,-0.27184551470085583
23,1553688000,1725,2696,971,4421,13,0.8813088220163672,1.3504753032305874
23,1553702400,905,1500,595,2405,13,0.30294990756812623,0.11535492220725299
23,1553716800,1882,3211,1329,5093,13,1.431980341624001,1.7621820969050324
23,1553731200,1119,730,-389,1849,13,-1.2106276770517383,-0.22528343684481741
23,1553745600,187,82,-105,269,13,-0.7737821140110458,-1.1932845291150895
23,1553760000,631,841,210,1472,13,-0.2892527043004184,-0.4562558493675342
23,1553774400,1797,2694,897,4491,13,0.7674828654494261,1.3933614275716755
23,1553788800,846,1564,718,2410,13,0.4921471056456093,0.118418216803045
23,1553803200,1883,3250,1367,5133,13,1.4904315085097273,1.7866884536713683
23,1553817600,1321,787,-534,2108,13,-1.4336650243788527,-0.06660477678279181
23,1553832000,227,103,-124,330,13,-0.803007697453909,-1.155912335046427
23,1553846400,549,816,267,1365,13,-0.20157595397182865,-0.5218103537174831
23,1553860800,1538,2590,1052,4128,13,1.0059020987990999,1.1709662399171763
23,1553875200,943,1663,720,2606,13,0.49522348285012124,0.2384993649580914
23,1553889600,1706,2905,1199,4611,13,1.2320158233307261,1.4668804978706835
23,1553904000,1241,571,-670,1812,13,-1.6428586742856632,-0.24795181685367823
23,1553918400,385,98,-287,483,13,-1.0537324396216305,-1.062175520415192
23,1553932800,129,251,122,380,13,-0.4246133012989428,-1.125279389088507
23,1553947200,470,900,430,1370,13,0.049148788195892835,-0.5187470591216911
23,1553961600,751,977,226,1728,13,-0.264641686664323,-0.29941516606298385
23,1553976000,1055,1119,64,2174,13,-0.5138282402297886,-0.02616928811833741
23,1553990400,962,526,-436,1488,13,-1.2829225413577685,-0.4464533066609998
23,1554004800,339,97,-242,436,13,-0.9845139525201123,-1.0909704896156367
23,1554019200,104,168,64,272,13,-0.5138282402297886,-1.1914465523576143
23,1554033600,306,700,394,1006,13,-0.0062260014853217265,-0.7417549056953486
23,1554048000,640,682,42,1322,13,-0.5476683894794196,-0.5481546872412942
23,1554062400,802,683,-119,1485,13,-0.7953167544426292,-0.448291283418475
23,1554076800,671,307,-364,978,13,-1.1721729619953394,-0.7589093554317838
23,1554091200,120,53,-67,173,13,-0.7153309471253193,-1.252099785354296
23,1554105600,614,834,220,1448,13,-0.27387081827785875,-0.4709596634273358
23,1554120000,1677,2678,1001,4355,13,0.927454480084046,1.310039814566133
23,1554134400,820,1428,608,2248,13,0.3229463593974537,0.01916747189938419
23,1554148800,1910,3058,1148,4968,13,1.153568204615672,1.6855997320102323
23,1554163200,966,524,-442,1490,14,-1.3998691001492676,-0.4484815160810195
23,1554177600,125,54,-71,179,14,-0.7407936735561479,-1.2981336368645695
23,1554192000,618,821,203,1439,14,-0.25403715903724017,-0.48153434457832006
23,1554206400,1693,2758,1065,4451,14,1.277291729704725,1.4705268207916664
23,1554220800,885,1418,533,2303,14,0.3322024387410064,0.07841945584653665
23,1554235200,1848,3079,1231,4927,14,1.5721880122234795,1.7790198867664717
23,1554249600,981,559,-422,1540,14,-1.3643394275566465,-0.41607678226013656
23,1554264000,135,54,-81,189,14,-0.7585585098524584,-1.2916526901003929
23,1554278400,616,812,196,1428,14,-0.2664725444446575,-0.4886633860189143
23,1554292800,1788,2559,771,4347,14,0.7550055425931963,1.40312497444423
23,1554307200,905,1534,629,2439,14,0.5027448671855872,0.16656033183933816
23,1554321600,1831,3099,1268,4930,14,1.6379179065198284,1.7809641707957249
23,1554336000,1079,617,-462,1696,14,-1.4353987727418887,-0.3149740127389819
23,1554350400,23,9,-14,32,14,-0.639534106667178,-1.3934035542979653
23,1554364800,593,799,206,1392,14,-0.24870770814834703,-0.51199479436995
23,1554379200,1710,2690,980,4400,14,1.126290621186086,1.437473992294366
23,1554393600,851,1600,749,2451,14,0.7159229027413132,0.17433746795635005
23,1554408000,1819,2978,1159,4797,14,1.4442811908900437,1.6947675788321763
23,1554422400,1079,642,-437,1721,14,-1.3909866820011123,-0.29877164582854043
23,1554436800,195,80,-115,275,14,-0.8189589532599142,-1.2359165479284742
23,1554451200,551,798,247,1349,14,-0.17587187933347398,-0.5398628654559093
23,1554465600,1640,2603,963,4243,14,1.0960903994823579,1.3357231280967936
23,1554480000,1009,1587,578,2596,14,0.41214420207440366,0.2683111960369105
23,1554494400,1820,3274,1454,5094,14,1.9683438616312037,1.8872516977282208
23,1554508800,1127,634,-493,1761,14,-1.490469765260451,-0.2728478587718341
23,1554523200,360,114,-246,474,14,-1.0516783087415817,-1.1069457073213602
23,1554537600,164,365,201,529,14,-0.2575901262965023,-1.071300500118389
23,1554552000,527,1072,545,1599,14,0.35352024229657897,-0.37783919635149477
23,1554566400,743,1261,518,2004,14,0.30555518429654066,-0.11536085240234316
23,1554580800,990,1285,295,2275,14,-0.09060066511118356,0.06027280490684221
23,1554609600,1376,727,-649,2103,14,-1.767601211482895,-0.051199479436995
23,1554624000,109,235,126,344,14,-0.39082639851883105,-1.1911980152556558
23,1554638400,363,892,529,1255,14,0.3250965042224822,-0.6007837650391692
23,1554652800,590,1076,486,1666,14,0.24870770814834703,-0.33441685303151164
23,1554667200,866,922,56,1788,14,-0.5151802525930046,-0.25534930250855736
23,1554681600,746,321,-425,1067,14,-1.3696688784455398,-0.7226255642056889
23,1554696000,133,79,-54,212,14,-0.7105934518524201,-1.2767465125427866
23,1554710400,567,776,209,1343,14,-0.2433782572594539,-0.5437514335144152
23,1554724800,1616,2601,985,4217,14,1.1351730393342412,1.3188726665099344
23,1554739200,806,1482,676,2288,14,0.5862395977782465,0.06869803570027178
23,1554753600,1795,3034,1239,4829,14,1.5863998812605278,1.7155066084775412
23,1554768000,854,539,-315,1393,15,-1.1473479913873617,-0.44861216817847205
23,1554782400,117,57,-60,174,15,-0.6939126781859358,-1.236592331016451
23,1554796800,658,774,116,1432,15,-0.38095340319201043,-0.42340197428948007
23,1554811200,1764,2651,887,4415,15,0.9900216026052425,1.5048546506044422
23,1554825600,922,1423,501,2345,15,0.30364501085720147,0.16677512880410056
23,1554840000,1836,3141,1305,4977,15,1.7332998807158153,1.8681400086970954
23,1554854400,925,463,-462,1388,15,-1.4087401131152426,-0.4518442443180864
23,1554868800,146,66,-80,212,15,-0.7294762321625182,-1.212028552355382
23,1554883200,604,856,252,1460,15,-0.13912123615124986,-0.4053023479076397
23,1554897600,1654,2710,1056,4364,15,1.290533633707364,1.4718874739803758
23,1554912000,858,1569,711,2427,15,0.677062327611317,0.21978117749377593
23,1554926400,1783,3437,1654,5220,15,2.353883897607179,2.0252189090823527
23,1554940800,1079,593,-486,1672,15,-1.4514163778871416,-0.2682623195879912
23,1554955200,147,64,-83,211,15,-0.7348107652590057,-1.2126749675833048
23,1554969600,591,877,286,1468,15,-0.07866319439105972,-0.40013102608425677
23,1554984000,1747,2610,863,4357,15,0.9473453378333436,1.4673625673849158
23,1554998400,860,1541,681,2401,15,0.6237169966464433,0.2029743815677813
23,1555012800,1767,2966,1199,4733,15,1.5448130446399284,1.710414693083915
23,1555027200,1083,574,-509,1657,15,-1.4923144649602114,-0.2779585480068342
23,1555041600,195,71,-124,266,15,-0.8077160509109996,-1.177122130047547
23,1555056000,569,740,171,1309,15,-0.28315362975640873,-0.5029110473239932
23,1555070400,1597,2641,1044,4238,15,1.2691955013214147,1.390439155262094
23,1555084800,921,1760,839,2681,15,0.9046690730614446,0.38397064538618497
23,1555099200,1754,2863,1109,4617,15,1.3847770517453075,1.6354305266448619
23,1555113600,1289,708,-581,1997,15,-1.6203432592759082,-0.05817737051305833
23,1555128000,308,113,-195,421,15,-0.9339666675278672,-1.076927769719502
23,1555142400,137,280,143,417,15,-0.33294260532362413,-1.0795134306311935
23,1555156800,440,930,490,1370,15,0.2840850561700811,-0.463479718420698
23,1555171200,763,1072,309,1835,15,-0.037765107317989925,-0.16289663743656332
23,1555185600,798,1157,359,1955,15,0.05114377762346616,-0.08532681008581888
23,1555200000,836,572,-264,1408,15,-1.0566609287470765,-0.43891593975962895
23,1555214400,361,126,-235,487,15,-1.005093775481032,-1.0342643646765926
23,1555228800,114,193,79,307,15,-0.44674597804868793,-1.1506191057027093
23,1555243200,342,884,542,1226,15,0.3765502965091954,-0.5565635112415914
23,1555257600,635,855,220,1490,15,-0.19602292251378176,-0.3859098910699536
23,1555272000,860,844,-16,1704,15,-0.6156728594374544,-0.24757703229445935
23,1555286400,638,297,-341,935,15,-1.193580611556919,-0.7446703425671466
23,1555300800,136,63,-73,199,15,-0.7170289882707144,-1.2204319503183791
23,1555315200,542,802,260,1344,15,-0.12489581456061688,-0.4802865143466927
23,1555329600,1606,2613,1007,4219,15,1.2034029264647372,1.3781572659315595
23,1555344000,846,1310,464,2156,15,0.23785243600052394,0.04460265072667805
23,1555358400,1810,2957,1147,4767,15,1.4523478043008142,1.7323928108332924
23,1555372800,873,535,-338,1408,16,-1.2550970801139811,-0.42645222257826837
23,1555387200,135,76,-59,211,16,-0.7293315271921811,-1.1841560559286104
23,1555401600,605,858,253,1463,16,-0.1413786508065122,-0.3916370923909093
23,1555416000,1642,2614,972,4256,16,1.2135512149668721,1.3763385187598887
23,1555430400,907,1545,638,2452,16,0.584140122938624,0.2344022486145111
23,1555444800,2281,2942,661,5223,16,0.6274828029285933,1.9884518076903654
23,1555459200,993,638,-355,1631,16,-1.2871329740196105,-0.2852926947277034
23,1555473600,157,52,-105,209,16,-0.8160168871721194,-1.1854220606626962
23,1555486625,383,599,216,982,16,-0.21110383165994087,-0.6961112309385404
23,1555488000,416,681,265,1097,16,-0.11876507863783263,-0.6233159587286079
23,1555502400,1711,2836,1125,4547,16,1.5018742601175368,1.5605422075693702
23,1555516800,893,1627,734,2520,16,0.7650487002880607,0.27744640957342775
23,1555531200,1923,2968,1045,4891,16,1.3511171123263397,1.7782950218321252
23,1555545600,1066,793,-273,1859,16,-1.1326068975336334,-0.140968155041924
23,1555560000,145,68,-77,213,16,-0.7632518854452004,-1.1828900511945246
23,1555574400,611,894,283,1505,16,-0.08484472038481326,-0.36505099297510785
23,1555588800,1633,2690,1057,4323,16,1.3737306844950192,1.4187496773517625
23,1555603200,979,1684,705,2663,16,0.7103992342137517,0.36796574806056137
23,1555617600,1789,2334,545,4123,16,0.4088849386313574,1.292149203943184
23,1555632000,1978,3711,1733,5689,16,2.647628583330635,2.283430910732353
23,1555646400,246,86,-160,332,16,-0.9196624262785675,-1.1075627695164205
23,1555660800,343,715,372,1058,16,0.08287260653289356,-0.6480030510432807
23,1555675200,1111,2190,1079,3301,16,1.4151889001375983,0.7718212582339266
23,1555689600,1119,1934,815,3053,16,0.9176903124266478,0.6148366712072894
23,1555704000,1556,1941,385,3497,16,0.1073706430489631,0.8958897221743335
23,1555718400,1189,560,-629,1749,16,-1.8034762052044608,-0.21059841541664215
23,1555732800,316,105,-211,421,16,-1.0157701079954558,-1.0512255588496031
23,1555747200,108,173,65,281,16,-0.49565794811582553,-1.139845890235608
23,1555761600,439,833,394,1272,16,0.12433082217547278,-0.5125405444961018
23,1555776000,645,893,248,1538,16,-0.15080097254346203,-0.3441619148626924
23,1555790400,927,974,47,1901,16,-0.5295783063688448,-0.11438205562612253
23,1555804800,836,511,-325,1347,16,-1.2305990435979115,-0.4650653669678848
23,1555819200,336,98,-238,434,16,-1.0666506453749847,-1.0429965280780453
23,1555833600,112,167,55,279,16,-0.5145025915897251,-1.1411118949696937
23,1555848000,301,720,419,1021,16,0.17144243086022187,-0.6714241386238677
23,1555862400,600,803,203,1403,16,-0.23560186817601042,-0.4296172344134829
23,1555876800,829,680,-149,1509,16,-0.8989333184572779,-0.3625189835069363
23,1555891200,702,302,-400,1004,16,-1.371933869652159,-0.6821851788635969
23,1555905600,117,48,-69,165,16,-0.7481761706660808,-1.2132741648125835
23,1555920000,558,783,225,1341,16,-0.19414365253343122,-0.46886338117014215
23,1555934400,1502,2519,1017,4021,16,1.2983521105994207,1.227582962504809
23,1555948800,836,1484,648,2320,16,0.6029847664125237,0.15084593616484931
23,1555963200,1856,3145,1289,5001,16,1.8109264130894909,1.8479252822068435
23,1555977600,800,405,-395,1205,17,-1.363810369073668,-0.4581857886883064
23,1555992000,100,49,-51,149,17,-0.6802420538406465,-1.181397254856403
23,1556006400,567,886,319,1453,17,0.0549913084739406,-0.28834067163367766
23,1556020800,1591,2601,1010,4192,17,1.428089290526318,1.5874890687398227
23,1556035200,802,1523,721,2325,17,0.8538124210427622,0.3088566754293718
23,1556049600,1894,2905,1011,4799,17,1.430076407721763,2.0031986899178857
23,1556064000,941,531,-410,1472,17,-1.3936171270053404,-0.2753283441173956
23,1556078400,121,57,-64,178,17,-0.7060745773814293,-1.161536333910499
23,1556092800,573,895,322,1468,17,0.06095266006027509,-0.2780677814892445
23,1556107200,1505,2588,1083,4093,17,1.5731488457937908,1.5196879937865637
23,1556121600,852,1595,743,2447,17,0.8975289993425485,0.39240951527076173
23,1556136000,1750,2845,1095,4595,17,1.5969942521391287,1.8634873839535944
23,1556150400,1018,640,-378,1658,17,-1.3300293767511058,-0.14794450632642406
23,1556164800,148,53,-95,201,17,-0.767675210440219,-1.145784569022368
23,1556179200,543,841,298,1384,17,0.013261847369599171,-0.3355959662980703
23,1556193600,1580,2522,942,4102,17,1.2929653212360697,1.5258517278732235
23,1556208000,888,1595,707,2483,17,0.8259927803065347,0.4170644516174014
23,1556222400,1807,3110,1303,4917,17,2.010314628791653,2.084012092387427
23,1556236800,1010,562,-448,1572,17,-1.469127580432244,-0.20684240982117436
23,1556251200,219,70,-149,289,17,-0.8749795389942399,-1.0855169468416932
23,1556263293,254,446,192,700,17,-0.19737257534755281,-0.8040397568842238
23,1556265600,344,601,257,945,17,-0.06820995764363885,-0.6362492178584817
23,1556266268,49,104,55,153,17,-0.4696076311234945,-1.1786578174845541
23,1556280000,1507,2277,770,3784,17,0.951181163619559,1.3080664568112401
23,1556294400,906,1674,768,2580,17,0.9472069292286692,0.48349580788473606
23,1556308800,1705,2688,983,4393,17,1.3744371262493076,1.7251457966752275
23,1556323200,1103,558,-545,1661,17,-1.6618779483903925,-0.1458899282975374
23,1556337600,350,125,-225,475,17,-1.026000445848047,-0.9581331090507217
23,1556352000,146,293,147,439,17,-0.28679284914257014,-0.9827880453973613
23,1556366400,397,953,556,1350,17,0.5259380837943654,-0.35888118395878554
23,1556380800,704,1057,353,1761,17,0.12255329311906482,-0.07740399400131615
23,1556395200,1014,1116,102,2130,17,-0.3762131229375875,0.17530910355174034
23,1556409600,950,585,-365,1535,17,-1.304196853210323,-0.23218220551077623
23,1556424000,327,111,-216,438,17,-1.0081163910890434,-0.9834729047403236
23,1556438400,125,193,68,318,17,-0.4437751075827117,-1.065656025895789
23,1556452800,332,632,300,964,17,0.017236081760488832,-0.6232368903421996
23,1556467200,637,831,194,1468,17,-0.19339834095666314,-0.2780677814892445
23,1556481600,847,660,-187,1507,17,-0.9504899924211434,-0.25135826711371817
23,1556496000,725,296,-429,1021,17,-1.4313723537187921,-0.5841999077933535
23,1556510400,112,45,-67,157,17,-0.7120359289677638,-1.1759183801127053
23,1556523338,302,476,174,778,17,-0.23314068486555975,-0.7506207281331713
23,1556524800,584,834,250,1418,17,-0.08211977801175267,-0.3123107486373551
23,1556526811,204,378,174,582,17,-0.23314068486555975,-0.884853159353765
23,1556539200,1524,2331,807,3855,17,1.0247044998510175,1.3566914701615571
23,1556553600,785,1397,612,2182,17,0.6372166467392758,0.21092178938577538
23,1556568000,1760,2869,1109,4629,17,1.6248138928753562,1.8867726016143096
23,1556582400,920,526,-394,1446,18,-1.362755559450518,-0.4185062724887461
23,1556596800,129,48,-81,177,18,-0.760942048817069,-1.2467235348942558
23,1556611200,644,853,209,1497,18,-0.2033512562173878,-0.38522094515802824
23,1556625600,1633,2640,1007,4273,18,1.330984786867252,1.426545107196341
23,1556640000,806,1496,690,2302,18,0.7214803687496696,0.14016510388565595
23,1556654400,1797,2974,1177,4771,18,1.657848354942927,1.751566538778645
23,1556668800,960,587,-373,1547,18,-1.322378295158817,-0.35258827130438325
23,1556683200,142,57,-85,199,18,-0.7686329563012025,-1.232365158398652
23,1556697600,547,857,310,1404,18,-0.009155842243016106,-0.4459177185258079
23,1556712000,1656,2701,1045,4357,18,1.4040484079665205,1.4813679992704647
23,1556726400,872,1564,692,2436,18,0.7253258224917363,0.2276206698134245
23,1556740800,2176,3063,887,5239,18,1.100257562343246,2.057008366048762
23,1556755200,992,618,-374,1610,18,-1.3243010220298503,-0.3114711022487906
23,1556769600,178,76,-102,254,18,-0.80131931310877,-1.1964692171596425
23,1556784000,552,850,298,1402,18,-0.032228564695416705,-0.4472230254799537
23,1556798400,1683,2666,983,4349,18,1.2848393419624509,1.4761467714538814
23,1556812800,826,1576,750,2402,18,0.8368439810116726,0.2054304515929459
23,1556827200,1913,3059,1146,4972,18,1.5982438219408923,1.882749887670298
23,1556841600,1143,678,-465,1821,18,-1.4992691672938883,-0.17376121858640878
23,1556856000,233,82,-151,315,18,-0.8955329297894058,-1.1566573550581956
23,1556870400,581,718,137,1299,18,-0.3417875909317914,-0.5144463336184624
23,1556884800,1607,2543,936,4150,18,1.1944711790238818,1.3462687295163744
23,1556899200,987,1634,647,2621,18,0.6388031132952341,0.3483615630719109
23,1556913600,1780,2802,1022,4582,18,1.3598256899327528,1.628215031611867
23,1556928000,1102,751,-351,1853,18,-1.2800783039960826,-0.15287630732007598
23,1556942400,399,106,-293,505,18,-1.1685601454761463,-1.0326531944143447
23,1556956800,132,304,172,436,18,-0.27449215044562303,-1.0776862843323747
23,1556971200,490,934,444,1424,18,0.24848955847545726,-0.4328646489843499
23,1556985600,761,1141,380,1902,18,0.1254350387293207,-0.12089628694350389
23,1557000000,961,1207,246,2168,18,-0.13221036198915265,0.052709537957887395
23,1557014400,943,564,-379,1507,18,-1.3339146563850173,-0.37869441038729923
23,1557028800,351,119,-232,470,18,-1.05127380634311,-1.0554960661118962
23,1557043200,114,178,64,292,18,-0.4821466525172284,-1.1716683850308722
23,1557057600,311,639,328,950,18,0.025453241435584795,-0.7422223971169043
23,1557072000,606,834,228,1440,18,-0.16681944566775353,-0.42242219335118353
23,1557086400,862,757,-105,1619,18,-0.8070874937218702,-0.3055972209551345
23,1557100800,645,306,-339,951,18,-1.257005581543682,-0.7415697436398314
23,1557115200,104,60,-44,164,18,-0.6898011545888338,-1.2552080300962034
23,1557129600,582,899,317,1481,18,0.0043032458542175776,-0.3956634007911946
23,1557144000,1560,2578,1018,4138,18,1.3521347824486192,1.3384368877914996
23,1557158400,788,1419,631,2207,18,0.6080394833587,0.07816302356373048
23,1557172800,1754,2978,1224,4732,18,1.7482165178814961,1.726113053172802
23,1557187200,861,727,-134,1588,19,-0.8933509433867232,-0.33202764531885437
23,1557201600,121,49,-72,170,19,-0.7819281128196657,-1.2557121765506223
23,1557216000,587,839,252,1426,19,-0.19965396598536497,-0.4375543689151494
23,1557230400,1691,2717,1026,4408,19,1.1913342736743533,1.5049190246907265
23,1557244800,835,1728,893,2563,19,0.95231433068373,0.3030868948440326
23,1557259200,1810,3186,1376,4996,19,1.8203341236496782,1.8879419473735752
23,1557273600,1040,855,-185,1895,19,-0.9850052072402705,-0.1320479901085915
23,1557288000,158,73,-85,231,19,-0.8052909643901777,-1.2159768053199187
23,1557302400,555,843,288,1398,19,-0.13495683855933155,-0.4557935557095708
23,1557316800,1643,2748,1105,4391,19,1.3333085255259267,1.4938452327083993
23,1557331200,917,1856,939,2773,19,1.0349828823947727,0.4398807958021929
23,1557345600,1866,3086,1220,4952,19,1.5399799048035334,1.8592803681251988
23,1557360000,1060,784,-276,1844,19,-1.148545168233855,-0.16526936605557327
23,1557374400,156,75,-81,231,19,-0.7981023946761739,-1.2159768053199187
23,1557388800,596,917,321,1513,19,-0.07565113841880093,-0.38088260994676876
23,1557403200,1577,2586,1009,4163,19,1.1607828523898376,1.3453261402395396
23,1557417600,974,1614,640,2588,19,0.49763729627299513,0.3193718830533374
23,1557432000,1845,3144,1299,4989,19,1.6819541566551066,1.88338215067497
23,1557446400,1120,826,-294,1946,19,-1.1808937319468717,-0.0988266141616097
23,1557460800,230,77,-153,307,19,-0.9274966495282408,-1.166470441163632
23,1557475200,549,777,228,1326,19,-0.24278538426938723,-0.5026943217523686
23,1557489600,1384,2495,1111,3879,19,1.3440913800969323,1.160328674181837
23,1557504000,927,1722,795,2649,19,0.776194372690639,0.3591072542840411
23,1557518400,1557,2680,1123,4237,19,1.3656570892389432,1.3935297053390816
23,1557532800,1137,600,-537,1737,19,-1.6175993420725971,-0.2349691155913978
23,1557547200,364,152,-212,516,19,-1.0335280528097956,-1.030327939733844
23,1557561600,137,279,142,416,19,-0.39733963312046705,-1.095467892571063
23,1557576000,442,992,550,1434,19,0.3358944777079116,-0.4323431726881719
23,1557590400,681,1162,481,1843,19,0.21189165014134756,-0.16592076558394547
23,1557604800,1001,1025,24,2026,19,-0.6094024396835765,-0.046714651891834366
23,1557619200,851,580,-271,1431,19,-1.1395594560913502,-0.4342973712732885
23,1557633600,344,134,-210,478,19,-1.0299337679527938,-1.0550811218119873
23,1557648000,107,163,56,270,19,-0.5518938819715469,-1.190572223713403
23,1557662400,281,695,414,976,19,0.09148310743178538,-0.7306841566826358
23,1557676800,539,659,120,1198,19,-0.43687676654748747,-0.5860734613840092
23,1557691200,753,590,-163,1343,19,-0.94546807381325,-0.49162052977004134
23,1557705600,619,244,-375,863,19,-1.3264622686554468,-0.8042923033886934
23,1557720000,107,53,-54,160,19,-0.7495795491066489,-1.2622261718343442
23,1557734400,608,805,197,1413,19,-0.298496799552916,-0.44602256278398794
23,1557748800,1691,2456,765,4147,19,0.7222800998356111,1.3349037477855845
23,1557763200,884,1393,509,2277,19,0.26221163813937354,0.11678662972958577
23,1557777600,1822,3291,1469,5113,19,1.9874683695002644,1.9641556921931216
23,1557792000,881,538,-343,1419,20,-1.3150287952916064,-0.4762346709468055
23,1557806400,119,53,-66,172,20,-0.7834612679498688,-1.3083941029745634
23,1557820800,589,869,280,1458,20,-0.11948161285874537,-0.4502088346604522
23,1557835200,1682,2704,1022,4386,20,1.3044285145332013,1.5037308742226871
23,1557849600,899,1534,635,2433,20,0.561769189330124,0.20043707249838008
23,1557864000,1946,3177,1231,5123,20,1.7055029304697469,1.9955524471212096
23,1557878400,1027,615,-412,1642,20,-1.4474409230409924,-0.3274202737197085
23,1557892800,195,57,-138,252,20,-0.9216304447318366,-1.2550077721307618
23,1557907200,587,885,298,1472,20,-0.0849393186632534,-0.4408662267627869
23,1557921600,1585,2641,1056,4226,20,1.3696750702357972,1.396958212535084
23,1557936000,909,1559,650,2468,20,0.590554434493034,0.22379359224254328
23,1557950400,1852,3029,1177,4881,20,1.601876047883271,1.8340587963187098
23,1557964800,1103,878,-225,1981,20,-1.0885848666767146,-0.1011956967690991
23,1557979200,205,66,-139,271,20,-0.9235494610760306,-1.2423285185553588
23,1557993600,602,914,312,1516,20,-0.05807308984453742,-0.41150374479869606
23,1558008000,1610,2623,1013,4233,20,1.2871573674354553,1.4016295164839165
23,1558022400,949,1584,635,2533,20,0.561769189330124,0.2671699860531321
23,1558036800,1787,2896,1109,4683,20,1.471382936478079,1.7019276274803008
23,1558051200,1214,716,-498,1930,20,-1.6124763286416761,-0.13522948268202264
23,1558065600,180,82,-98,262,20,-0.8448697909640767,-1.2483344807752865
23,1558080000,520,873,353,1393,20,0.020606580267416512,-0.493585228471041
23,1558094400,1430,2551,1121,3981,20,1.494411132608407,1.2334625743259415
23,1558108800,1031,1736,705,2767,20,0.6961003334237039,0.4233250037712519
23,1558123200,1793,2781,988,4574,20,1.2391819588306052,1.629188751705621
23,1558137600,1194,839,-355,2033,20,-1.3380569914219345,-0.06649458172062804
23,1558152000,385,135,-250,520,20,-1.1365602752815644,-1.0761635638040263
23,1558166400,146,341,195,487,20,-0.2825980021152352,-1.0981854252770944
23,1558180800,464,1016,552,1480,20,0.4024908327620222,-0.43552759367840677
23,1558195200,765,1253,488,2018,20,0.27967378673360627,-0.07650451875384084
23,1558209600,920,1143,223,2063,20,-0.22886554447780327,-0.04647470765420244
23,1558224000,905,583,-322,1488,20,-1.2747294520635324,-0.4301889605940266
23,1558238400,405,129,-276,534,20,-1.1864547002306085,-1.066820955906361
23,1558252800,129,243,114,372,20,-0.4380383259949491,-1.1749282758650592
23,1558267200,337,763,426,1100,20,0.16069477339357838,-0.6891126651864645
23,1558281600,634,879,245,1513,20,-0.1866471849055353,-0.4135057322053386
23,1558296000,780,986,206,1766,20,-0.26148882232910126,-0.24467146091181596
23,1558310400,701,329,-372,1030,20,-1.3706802692732323,-0.7358257046747909
23,1558324800,153,71,-82,224,20,-0.8141655294569727,-1.2736929879260923
23,1558339200,615,830,215,1445,20,-0.24421767523135526,-0.45888411342256996
23,1558353600,1568,2628,1060,4196,20,1.3773511356125732,1.3769383384686584
23,1558368000,891,1534,643,2425,20,0.577121320083676,0.1950984394139999
23,1558382400,1911,2910,999,4821,20,1.2602911386167392,1.7940190481858584
23,1558396800,970,570,-400,1540,21,-1.2826179234299062,-0.19630148091522337
23,1558411200,157,71,-86,228,21,-0.6714983242291653,-1.1235071362495535
23,1558425600,555,886,331,1441,21,0.14008407343551274,-0.266265932041823
23,1558440000,1631,2694,1063,4325,21,1.5647323110627174,1.771890401787604
23,1558454400,863,1522,659,2385,21,0.7784510433012547,0.40086984435726825
23,1558454755,25,29,4,54,21,-0.4963366556684434,-1.246474959441759
23,1558468800,1917,2898,981,4815,21,1.405140568596282,2.118179099282895
23,1558483200,1109,611,-498,1720,21,-1.4733495180849143,-0.06909338795776954
23,1558497600,184,57,-127,241,21,-0.7512941954623831,-1.1143198850915152
23,1558512000,587,862,275,1449,21,0.031094590775508003,-0.2606122390214917
23,1558526400,1546,2703,1157,4249,21,1.7476789426705825,1.7181803180944568
23,1558540800,880,1657,777,2537,21,1.008107453191979,0.5082900117435626
23,1558555200,1920,2968,1048,4888,21,1.5355386996359304,2.1697690480934178
23,1558569600,1072,658,-414,1730,21,-1.3098652940949074,-0.06202627168235544
23,1558584000,197,96,-101,293,21,-0.7006919356559523,-1.0775708804593618
23,1558598400,619,796,177,1415,21,-0.15963700387950028,-0.28464043435789965
23,1558612800,1672,2591,919,4263,21,1.2844736413655624,1.7280742808800367
23,1558627200,890,1734,844,2624,21,1.1385055842316274,0.5697739233396653
23,1558641600,1824,3159,1335,4983,21,2.0941097982684544,2.236906652709852
23,1558656000,1034,613,-421,1647,21,-1.3234889794274078,-0.12068333676829247
23,1558670400,223,71,-152,294,21,-0.7999502145070281,-1.0768641688318206
23,1558684800,485,721,236,1206,21,-0.044808798934138146,-0.43234316451405436
23,1558699200,1265,2366,1101,3631,21,1.6386894600105777,1.2814325322738653
23,1558713600,1150,2098,948,3248,21,1.3409146234573506,1.0107619789255051
23,1558728000,1490,2222,732,3712,21,0.920526618911618,1.3386761741047195
23,1558742400,1107,617,-490,1724,21,-1.457779591990628,-0.0662665414476039
23,1558756800,311,117,-194,428,21,-0.8816923265020316,-0.9821648107412715
23,1558771200,129,301,172,430,21,-0.16936820768842925,-0.9807513874861887
23,1558785600,372,888,516,1260,21,0.5001386143658855,-0.39418073662681824
23,1558800000,605,942,337,1547,21,0.15176151800622753,-0.1913544995224335
23,1558814400,829,870,41,1699,21,-0.4243257474823689,-0.08393433213613916
23,1558828800,869,538,-331,1407,21,-1.148327310866686,-0.2902941273782309
23,1558843200,317,89,-228,406,21,-0.9478645124027487,-0.9977124665471825
23,1558857600,103,178,75,281,21,-0.35815356158165174,-1.0860514199898588
23,1558872000,275,767,492,1042,21,0.4534288360830263,-0.5482438714308456
23,1558886400,573,852,279,1425,21,0.038879553822651194,-0.27757331808248553
23,1558900800,809,763,-46,1572,21,-0.5936486937577333,-0.17368670883389825
23,1558915200,797,365,-432,1162,21,-1.3448976278070517,-0.4634384761258764
23,1558929600,230,59,-171,289,21,-0.8369287889809582,-1.0803977269695275
23,1558944000,80,218,138,298,21,-0.2355403935891464,-1.0740373223216548
23,1558958400,346,704,358,1050,21,0.1926325740037293,-0.5425901784105144
23,1558972800,641,880,239,1521,21,-0.03897007664878075,-0.20972900183851018
23,1558987200,855,850,-5,1705,21,-0.5138528225245156,-0.07969406237089069
23,1559001600,693,310,-383,1003,22,-1.4713399506047806,-0.7468464303723592
23,1559016000,110,44,-66,154,22,-0.8963305546216866,-1.304214576337566
23,1559030400,580,838,258,1418,22,-0.30862379027303527,-0.4743991034282357
23,1559044800,1538,2624,1086,4162,22,1.1932934963957407,1.3270357523179688
23,1559059200,819,1407,588,2226,22,0.28996643267466526,0.056052559634057704
23,1559073600,1667,2958,1291,4625,22,1.5651449985299184,1.6309950592459908
23,1559088000,869,671,-198,1540,22,-1.1357666438007668,-0.3943061543024934
23,1559102400,137,85,-52,222,22,-0.8709358178905721,-1.2595726046937097
23,1559116800,611,937,326,1548,22,-0.18527792615047878,-0.3890541576385103
23,1559131200,1583,2673,1090,4256,22,1.2005491354617734,1.3887467131197702
23,1559145600,833,1766,933,2599,22,0.9157653021199885,0.3009269040922699
23,1559160000,1994,3255,1261,5249,22,1.5107277055346728,2.0406507990366727
23,1559174400,939,595,-344,1534,22,-1.4005974697109616,-0.3982451518004807
23,1559188800,134,83,-51,217,22,-0.8691219081240639,-1.2628551026086992
23,1559203200,538,857,319,1395,22,-0.19797529451603607,-0.48949859383718713
23,1559217600,1621,2620,999,4241,22,1.0354833467095288,1.3788992193748018
23,1559232000,950,1673,723,2623,22,0.5348442511532701,0.3166828940842192
23,1559246400,1765,3501,1736,5266,22,2.3723348446260597,2.051811291947637
23,1559260800,1042,666,-376,1708,22,-1.4586425822392235,-0.2840142243588482
23,1559275200,200,74,-126,274,22,-1.0051651406121775,-1.2254346263778195
23,1559289600,496,823,327,1319,22,-0.18346401638397059,-0.5393925621450266
23,1559304000,1397,2577,1180,3974,22,1.36380101444751,1.2036138307143658
23,1559318400,979,1914,935,2893,22,0.9193931216530049,0.4939377814936489
23,1559332800,1749,2846,1097,4595,22,1.2132465038273308,1.6113000717560542
23,1559347200,1135,1093,-42,2228,22,-0.8527967202254902,0.05736555880005348
23,1559361600,375,154,-221,529,22,-1.177486568430455,-1.058027232713358
23,1559376000,135,315,180,450,22,-0.4501087520606735,-1.1098906997701912
23,1559390400,410,1033,623,1443,22,0.3534532745024517,-0.45798661385328854
23,1559404800,719,1333,614,2052,22,0.33712808660387805,-0.058178367807574786
23,1559419200,992,1090,98,2082,22,-0.5988493529143446,-0.03848338031763815
23,1559433600,910,859,-51,1769,22,-0.8691219081240639,-0.24396774979597707
23,1559448000,347,146,-201,493,22,-1.1412083731002913,-1.081661217701282
23,1559462400,135,220,85,355,22,-0.622430179878951,-1.1722581601549906
23,1559476800,331,867,536,1198,22,0.19564312481623974,-0.618829011687771
23,1559491200,682,1117,435,1799,22,0.012438238398913214,-0.22427276230604043
23,1559505600,946,1092,146,2038,22,-0.5117816841219518,-0.06736936196954522
23,1559520000,715,641,-74,1356,22,-0.9108418327537521,-0.5151020775741048
23,1559534400,155,95,-60,250,22,-0.8854470960226376,-1.2411906163697688
23,1559548800,570,877,307,1447,22,-0.21974221171413427,-0.455360615521297
23,1559563200,1499,2716,1217,4215,22,1.4309156758083128,1.3618302302168568
23,1559577600,803,1511,708,2314,22,0.5076356046556473,0.11382452293787183
23,1559592000,1859,2988,1129,4847,22,1.2712916163555925,1.776737966671522
23,1559606400,926,534,-392,1460,23,-1.3348236241416267,-0.4230309100644847
23,1559620800,108,75,-33,183,23,-0.724930575511098,-1.2611233978894913
23,1559635200,578,908,330,1486,23,-0.10824206115766646,-0.40596716324894033
23,1559649600,1592,2642,1050,4234,23,1.1149417689648422,1.3975396155632116
23,1559664000,830,1586,756,2416,23,0.6154750383314845,0.20438993438399317
23,1559678400,1826,2995,1169,4821,23,1.3171068742212013,1.782786514821848
23,1559692800,982,579,-403,1561,23,-1.3535111548796095,-0.35674481666563923
23,1559707200,156,68,-88,224,23,-0.8183682292010118,-1.2342151817572866
23,1559721600,595,907,312,1502,23,-0.13882165691072917,-0.3954663959778361
23,1559736000,1536,2718,1182,4254,23,1.3391921378206355,1.410665574652092
23,1559750400,840,1653,813,2493,23,0.7123104248828499,0.2549248768761823
23,1559764800,1852,3016,1164,4868,23,1.3086125420675727,1.8136325186807167
23,1559779200,1016,589,-427,1605,23,-1.3942839492170265,-0.3278677066701026
23,1559793600,174,70,-104,244,23,-0.8455500920926231,-1.2210892226684065
23,1559808000,568,994,426,1562,23,0.05484911619200137,-0.35608851871119523
23,1559822400,1585,2659,1074,4244,23,1.1557145633022592,1.4041025951076518
23,1559836800,896,1730,834,2626,23,0.7479866199280897,0.34221250481723625
23,1559851200,1822,3060,1238,4882,23,1.434328657941275,1.822820690042933
23,1559865600,1128,671,-457,1799,23,-1.4452499421387976,-0.20054590350796378
23,1559880000,204,80,-124,284,23,-0.8795274207071374,-1.1948373044906457
23,1559894400,571,820,249,1391,23,-0.2458502420464487,-0.4683154689211217
23,1559908800,1425,2500,1075,3925,23,1.157413429732985,1.194743547640011
23,1559923200,1003,1920,917,2923,23,0.8889925336783232,0.5371329972871085
23,1559937600,1655,2793,1138,4448,23,1.2644420148687043,1.5379873778142308
23,1559952000,1101,648,-453,1749,23,-1.4384544764158949,-0.2333608012301645
23,1559966400,358,138,-220,496,23,-1.0426185980568052,-1.0557021381485148
23,1559980800,140,339,199,479,23,-0.33079356358273404,-1.066859203374063
23,1559995200,389,1029,640,1418,23,0.4184065323673026,-0.4505954241511333
23,1560009600,703,1162,459,1865,23,0.11091170840594969,-0.1572302385146588
23,1560024000,921,1097,176,2018,23,-0.36986749148942527,-0.056816651484724603
23,1560038400,866,594,-272,1460,23,-1.130959652454542,-0.4230309100644847
23,1560052800,235,136,-99,371,23,-0.8370557599389946,-1.1377393824540165
23,1560067200,135,196,61,331,23,-0.5652371310228815,-1.163991300631777
23,1560081600,296,791,495,1087,23,0.17207089991207514,-0.6678300470721021
23,1560096000,585,948,363,1533,23,-0.052179468943718145,-0.3751211593900716
23,1560110400,764,786,22,1550,23,-0.6314929218211841,-0.3639640941645234
23,1560124800,736,349,-387,1085,23,-1.3263292919879983,-0.6691426429809901
23,1560139200,123,52,-71,175,23,-0.7894874998786748,-1.2663737815250433
23,1560153600,545,834,289,1379,23,-0.17789558481742043,-0.47619104437444987
23,1560168000,1592,3300,1708,4892,23,2.232795880382357,1.829383669587373
23,1560182400,857,1419,562,2276,23,0.2858949507706975,0.11250822076183115
23,1560196800,1714,3079,1365,4793,23,1.6500846946434398,1.7644101720974157
23,1560211200,905,562,-343,1467,24,-1.4558921950584327,-0.659159721130092
23,1560225600,132,81,-51,213,24,-0.956191318235556,-1.4443905225523233
23,1560240000,565,934,369,1499,24,-0.2374434817095005,-0.6391219335339904
23,1560254400,1602,2716,1114,4318,24,1.0374782759379075,1.1260819175100847
23,1560268800,814,1434,620,2248,24,0.19209391583345176,-0.1701124676127374
23,1560283200,1875,3155,1280,5030,24,1.3215548018029677,1.571922691523345
23,1560297600,1041,925,-116,1966,24,-1.0674261024598266,-0.34669547080338275
23,1560312000,177,91,-86,268,24,-1.016086971279394,-1.4099505751215238
23,1560326400,593,971,378,1564,24,-0.22204174235537072,-0.598420177479409
23,1560340800,1564,2816,1252,4380,24,1.2736382793678973,1.1649051309775313
23,1560355200,892,1564,672,2456,24,0.28108174321286816,-0.03986684823807704
23,1560369600,1873,3068,1195,4941,24,1.1760939301250755,1.5161925947716874
23,1560384000,1104,717,-387,1821,24,-1.5311895874564005,-0.43749169584821807
23,1560398400,183,73,-110,256,24,-1.05715827622374,-1.4174647454700617
23,1560412800,587,865,278,1452,24,-0.39317217962347917,-0.6685524340657646
23,1560427200,1678,2699,1021,4377,24,0.8783269692785667,1.163026588390397
23,1560441600,850,1676,826,2526,24,0.5446226166057552,0.0039658121283952024
23,1560456000,1754,3056,1302,4810,24,1.3592034980019514,1.4341629018001467
23,1560470400,1088,709,-379,1797,24,-1.5174991524749517,-0.45252003654529427
23,1560484800,220,80,-140,300,24,-1.1084974074041725,-1.389912787525422
23,1560499200,472,859,387,1331,24,-0.20664000300124097,-0.7443203184135238
23,1560513600,1444,2640,1196,4084,24,1.1778052344977565,0.9795555957135916
23,1560528000,1064,1898,834,2962,24,0.5583130515872039,0.27698066812527944
23,1560542400,1666,2740,1074,4406,24,0.9690261010306642,1.181185833399364
23,1561161600,9453,9559,106,19012,25,-0.37067919778424313,3.9596335068824366
23,1561176000,372,169,-203,541,25,-1.1612151249606084,-0.48478815429691724
23,1561190400,136,361,225,497,25,-0.06623332291696982,-0.49537526669429105
23,1561204800,443,928,485,1371,25,0.5989425381375769,-0.28507671589191136
23,1561219200,688,1062,374,1750,25,0.31496361284121277,-0.19388317955998696
23,1561233600,885,1109,224,1994,25,-0.06879169161333346,-0.13517282899273222
23,1561248000,867,747,-120,1614,25,-0.9488705231624261,-0.226606981515506
23,1561262400,360,133,-227,493,25,-1.2226159736733357,-0.49633773145768867
23,1561276800,118,211,93,329,25,-0.40393799083697046,-0.535798786756991
23,1561291200,371,808,437,1179,25,0.47614084071212215,-0.331275024534997
23,1561305600,599,930,331,1529,25,0.20495375889757617,-0.2470593577377054
23,1561320000,789,1018,229,1807,25,-0.055999848131515255,-0.1801680566815709
23,1561334400,741,364,-377,1105,25,-1.606371278127882,-0.349080622657853
23,1561348800,144,59,-85,203,25,-0.8593276187896988,-0.566116426804016
23,1561363200,606,854,248,1460,25,-0.007390842900606067,-0.2636618749063143
23,1561377600,1584,2588,1004,4172,25,1.9267358915503068,0.38888923467727116
23,1561392000,847,1470,623,2317,25,0.9519974182357593,-0.05745379934837453
23,1561406400,1741,2890,1149,4631,25,2.297699352523035,0.4993320662771479
23,1561420800,835,687,-148,1522,26,-0.9195364350395214,-0.35056739217316
23,1561435200,138,79,-59,217,26,-0.7528889205667723,-1.2542621424198048
23,1561449600,590,860,270,1450,26,-0.13685485021245244,-0.40042641287642317
23,1561464000,1608,2698,1090,4306,26,1.3985492157162474,1.577314741686349
23,1561468005,210,365,155,575,26,-0.3521859082390384,-1.006352011700802
23,1561478400,838,1310,472,2148,26,0.2413788343212029,0.08292909338576698
23,1561492800,1762,3029,1267,4791,26,1.7299718006789058,1.913170645034719
23,1561507200,1058,593,-465,1651,26,-1.513101177599763,-0.2612366467464802
23,1561521600,390,69,-321,459,26,-1.2434692440708204,-1.086680433944948
23,1561535709,593,788,195,1381,26,-0.2772881489254433,-0.448207974383717
23,1561536000,408,835,427,1243,26,0.1571188550934084,-0.5437710973983048
23,1561550400,1654,2650,996,4304,26,1.222539481329299,1.5759297688890364
23,1561564800,943,1633,690,2576,26,0.6495716225802963,0.37931327201072024
23,1561579200,1814,3063,1249,4877,26,1.696267808987788,1.9727244753191724
23,1561593600,1076,744,-332,1820,26,-1.264066127882059,-0.144206445373543
23,1561608000,230,76,-154,306,26,-0.9307710989365607,-1.1926308529393823
23,1561622400,584,913,329,1497,26,-0.02638065522489964,-0.3678795521395708
23,1561636800,1590,2852,1262,4442,26,1.7206095807647064,1.671492891903624
23,1561651200,927,1681,754,2608,26,0.7694080374820486,0.4014728367677261
23,1561665600,1814,2927,1113,4741,26,1.4416154273215647,1.8785463251018975
23,1561680000,1251,707,-544,1958,26,-1.6610242522441132,-0.048643322358955264
23,1561694400,184,101,-83,285,26,-0.7978275761549294,-1.2071730673111674
23,1561708800,542,827,285,1369,26,-0.10876819046985427,-0.4565178111675942
23,1561723200,1377,2376,999,3753,26,1.2281568132778184,1.1943697632293417
23,1561737600,1031,1959,928,2990,26,1.095213290496187,0.6660026410544835
23,1561752000,1558,2743,1185,4301,26,1.5764313940860357,1.573852309693067
23,1561766400,1162,685,-477,1847,26,-1.5355705053938413,-0.12550931260981932
23,1561780800,417,138,-279,555,26,-1.1648265967915457,-1.0202017396739307
23,1561795200,137,310,173,447,26,-0.31848191654792063,-1.0949902707288253
23,1561809600,382,874,492,1256,26,0.2788277139780005,-0.5347687742157712
23,1561824000,744,1079,335,1823,26,-0.015145991327860372,-0.1421289861775737
23,1561838400,958,1101,143,2059,26,-0.37465523603311696,0.021297803905344456
23,1561852800,847,587,-260,1434,26,-1.1292501611175878,-0.4115061952549261
23,1561867200,356,132,-224,488,26,-1.0618421777353522,-1.0665983283839116
23,1561881600,144,191,47,335,26,-0.5544098583857452,-1.1725487473783458
23,1561896000,356,914,558,1270,26,0.4024090168454324,-0.5250739646345811
23,1561910400,676,1285,609,1961,26,0.4979036599702662,-0.046565863162985964
23,1561924800,870,849,-21,1719,26,-0.6817360492188569,-0.21414757163784273
23,1561939200,729,420,-309,1149,26,-1.220999916276742,-0.6088648188720095
23,1561953600,155,98,-57,253,26,-0.7491440326010925,-1.2293326320681732
23,1561966830,282,574,292,856,26,-0.09566108258997512,-0.8117633336783443
23,1561968000,521,792,271,1313,26,-0.13498240622961255,-0.4952970494923545
23,1561982400,1617,2566,949,4183,26,1.1345346141358246,1.492138914651608
23,1561996800,820,1388,568,2208,26,0.4211334566738312,0.12447827730515296
23,1562011200,1738,2807,1069,4545,26,1.3592278920766099,1.7428189909652365
23,1562025600,914,527,-387,1441,27,-1.4650622260995296,-0.18208277190994138
23,1562040000,157,66,-91,223,27,-0.8161440741718149,-1.1583730151543385
23,1562054400,539,875,336,1414,27,0.11996420580499005,-0.2037246738537827
23,1562068800,1499,2677,1178,4176,27,1.9658732731128818,2.010161739808799
23,1562083200,821,1533,712,2354,27,0.9442656420374927,0.5497341345614335
23,1562097600,1750,2787,1037,4537,27,1.6567602345256933,2.299521984317196
23,1562112000,952,664,-288,1616,27,-1.2480254117723548,-0.041811185236895816
23,1562126400,182,82,-100,264,27,-0.8358746936561036,-1.1255093862766536
23,1562140800,501,852,351,1353,27,0.15284857161213777,-0.25261934120838714
23,1562143305,240,500,260,740,27,-0.04664991428455837,-0.7439706705259697
23,1562155200,1398,2341,943,3739,27,1.4506848754675676,1.6598835490881083
23,1562169600,1135,2312,1177,3447,27,1.9636809820590722,1.425830387325084
23,1562184000,1578,2584,1006,4162,27,1.5887992118575882,1.9989400128749555
23,1562198400,1012,622,-390,1634,27,-1.4716390992609591,-0.027383250607668268
23,1562212800,248,122,-126,370,27,-0.8928742610551595,-1.0405448823489802
23,1562227200,113,307,194,420,27,-0.19134112383600832,-1.0004672861566815
23,1562241600,294,744,450,1038,27,0.3698853859393127,-0.5051081972198692
23,1562256000,542,764,222,1306,27,-0.1299569743293326,-0.290292281629148
23,1562270400,674,708,34,1382,27,-0.542107692445584,-0.2293743354168539
23,1562284800,613,521,-92,1134,27,-0.8183363652256248,-0.42815921253065564
23,1562299200,193,106,-87,299,27,-0.8073749099565756,-1.0974550689420446
23,1562313600,329,583,254,912,27,-0.05980366060741746,-0.606103739624462
23,1562328000,726,1453,727,2179,27,0.9771500078446405,0.40946254788838793
23,1562342400,786,1418,632,2204,27,0.768882357732705,0.4295013459845373
23,1562356800,1088,1628,540,2716,27,0.567191580782199,0.8398959309936763
23,1562371200,905,625,-280,1530,27,-1.230487083341876,-0.11074465068764963
23,1562385600,331,114,-217,445,27,-1.0923727469518558,-0.9804284880605322
23,1562400000,108,282,174,390,27,-0.23518694491220526,-1.0245138438720607
23,1562414400,346,900,554,1246,27,0.5978836555355368,-0.33838539705990645
23,1562428800,662,975,313,1637,27,0.06954151156736356,-0.024978594836130345
23,1562443200,862,986,124,1848,27,-0.3448014976026977,0.1441488610953703
23,1562457600,802,532,-270,1334,27,-1.2085641728037775,-0.2678488277614607
23,1562472000,308,120,-188,428,27,-1.02879630639137,-0.9940548707659137
23,1562486400,100,186,86,286,27,-0.42810855764747185,-1.107875243952042
23,1562500800,272,704,432,976,27,0.3304241469707354,-0.5548044164983196
23,1562515200,617,822,205,1439,27,-0.1672259222441,-0.18368587575763334
23,1562529600,744,754,10,1498,27,-0.5947226777370203,-0.13639431225072082
23,1562544000,672,378,-294,1050,27,-1.2611791580952139,-0.49548957413371747
23,1562558400,162,69,-93,231,27,-0.8205286562794346,-1.1519605997635707
23,1562572800,553,811,258,1364,27,-0.051034496392178066,-0.24380227004608143
23,1562587200,1589,2528,939,4117,27,1.4419157112523284,1.9628701763018868
23,1562601600,784,1481,697,2265,27,0.911381276230345,0.4783960133391418
23,1562616000,1717,2870,1153,4587,27,1.9110659967676358,2.339599580509495
23,1562630400,804,559,-245,1363,28,-1.12874742094166,-0.2410809420291417
23,1562644800,120,85,-35,205,28,-0.7372804262052559,-0.9871530344099677
23,1562659200,549,864,315,1413,28,-0.08483543497791611,-0.20886712111459826
23,1562673600,1611,2779,1168,4390,28,1.505266215070429,1.7091437761373178
23,1562688000,814,1521,707,2335,28,0.6459029551967045,0.3851557365495827
23,1562702400,1862,3077,1215,4939,28,1.592880256749529,2.062851529779005
23,1562716800,887,654,-233,1541,28,-1.106377878385294,-0.1263997395733671
23,1562731200,136,82,-54,218,28,-0.7726988685861687,-0.9787774409721864
23,1562745600,612,916,304,1528,28,-0.10534084898791822,-0.13477533301114838
23,1562760000,1607,2785,1178,4392,28,1.5239075005340674,1.7104323289738994
23,1562774400,811,1605,794,2416,28,0.8080821387303575,0.43734212643114306
23,1562788800,1706,3157,1451,4863,28,2.0328145936913926,2.0138865219888986
23,1562803200,938,703,-235,1641,28,-1.1101061354780217,-0.061972097744280204
23,1562817600,157,75,-82,232,28,-0.8248944678843558,-0.9697575711161143
23,1562832000,570,881,311,1451,28,-0.09229194916337141,-0.18438461721954527
23,1562846400,1609,2734,1125,4343,28,1.4251086875767844,1.678862784477647
23,1562860800,881,1736,855,2617,28,0.9217939800585511,0.5668416865076077
23,1562875200,1903,3207,1304,5110,28,1.7587876973759098,2.1730227973067433
23,1562889600,1090,685,-405,1775,28,-1.4270079883598723,0.024360942306696203
23,1562904000,216,83,-133,299,28,-0.9199650237489111,-0.926591051090626
23,1562918400,523,855,332,1378,28,-0.05314524968973103,-0.2314167957547787
23,1562932800,1408,2581,1173,3989,28,1.5145868578022483,1.4507889324026795
23,1562947200,993,1868,875,2861,28,0.9590765509858274,0.7240451325705797
23,1562952659,643,1230,587,1873,28,0.42220752963304514,0.08750003129920134
23,1562952740,15,26,11,41,28,-0.6515305130725199,-1.0928143670096702
23,1562952820,13,19,6,32,28,-0.660851155804339,-1.098612854774288
23,1562952900,18,29,11,47,28,-0.6515305130725199,-1.088948708499925
23,1562952980,8,19,11,27,28,-0.6515305130725199,-1.1018342368657423
23,1562953061,13,29,16,42,28,-0.6422098703407007,-1.0921700905913794
23,1562953141,13,18,5,31,28,-0.6627152843507028,-1.099257131192579
23,1562961600,1669,2154,485,3823,28,0.23206641790393467,1.3438390469663952
23,1562968200,575,410,-165,985,28,-0.9796171372325537,-0.4846174281430901
23,1562968268,283,430,147,713,28,-0.3980090307670392,-0.6598606139182064
23,1562968360,13,5,-8,18,28,-0.6869489554534326,-1.10763272463036
23,1562968440,8,8,0,16,28,-0.6720359270825219,-1.108921277466942
23,1562976000,464,473,9,937,28,-0.6552587701652475,-0.5155426962210518
23,1562990400,258,149,-109,407,28,-0.8752259386361793,-0.8570091979152122
23,1563004800,147,356,209,503,28,-0.2824330608924819,-0.7951586617592888
23,1563019200,456,1222,766,1678,28,0.7558865394321703,-0.038133870267518064
23,1563033600,723,1217,494,1940,28,0.2488435748212091,0.13066655132468954
23,1563048000,886,1203,317,2089,28,-0.08110717788518845,0.22666373765002898
23,1563062400,783,471,-312,1254,28,-1.2536440335480363,-0.3113070716228464
23,1563076800,320,136,-184,456,28,-1.0150355796134665,-0.8254396534189596
23,1563091200,110,207,97,317,28,-0.49121545808523065,-0.9149940755613903
23,1563105600,346,813,467,1159,28,0.19851210406938577,-0.3725133313604789
23,1563120000,585,945,360,1530,28,-0.0009496503915438429,-0.13348678017456664
23,1563134400,794,1014,220,1808,28,-0.26192764688247977,0.04562206411029487
23,1563148800,662,415,-247,1077,28,-1.1324756780343876,-0.42534399766033015
23,1563163200,131,83,-48,214,28,-0.7615140973079857,-0.9813545466453498
23,1563177600,583,900,317,1483,28,-0.08110717788518845,-0.16376777183423746
23,1563192000,1569,2444,875,4013,28,0.9590765509858274,1.4662515664416602
23,1563206400,792,2678,1886,3470,28,2.8437105113596575,1.1164094713097188
23,1563220800,1795,2994,1199,4789,28,1.563054200007708,1.9662100670353744
23,1563235200,844,801,-43,1645,29,-0.8104667993075614,-0.2953757871180457
23,1563249600,132,70,-62,202,29,-0.8447663594394788,-1.2264870403208068
23,1563264000,599,917,318,1516,29,-0.15877515680113133,-0.37861442305924886
23,1563278400,1678,2837,1159,4515,29,1.3594316890379483,1.5565225473877924
23,1563292800,841,1610,769,2451,29,0.6553880863301705,0.22470437232854157
23,1563307200,1936,2999,1063,4935,29,1.1861286483714184,1.8275320597545004
23,1563321600,952,793,-159,1745,29,-1.0198746401129517,-0.23084971274502
23,1563336000,164,73,-91,237,29,-0.8971183196408263,-1.2039029142902478
23,1563350400,550,871,321,1421,29,-0.15335943678030226,-0.43991419371362334
23,1563364800,1676,2865,1189,4541,29,1.4135888892462387,1.573299326724779
23,1563379200,837,1498,661,2335,29,0.46042216558032445,0.14985412605583173
23,1563393600,1755,3135,1380,4890,29,1.7583897305723555,1.7984953262866388
23,1563408000,1083,670,-413,1753,29,-1.4784056018764786,-0.22568762679517793
23,1563422400,146,79,-67,225,29,-0.8537925594741939,-1.211646043215011
23,1563436800,539,852,313,1391,29,-0.1678013568358464,-0.459272016025531
23,1563451200,1699,2730,1031,4429,29,1.1283609681492417,1.5010301234269903
23,1563465600,870,1494,624,2364,29,0.3936282853234327,0.1685666876240092
23,1563480000,1741,3108,1367,4849,29,1.7349216104820964,1.7720396357936983
23,1563494400,1017,811,-206,1828,29,-1.1047209204392736,-0.17729307101540864
23,1563508800,200,73,-127,273,29,-0.9621069598907751,-1.1806735275159586
23,1563523200,506,829,323,1335,29,-0.14974895676641622,-0.49540661767442545
23,1563537600,1415,2622,1207,4037,29,1.4460832093712133,1.2480879118847295
23,1563552000,1042,1899,857,2941,29,0.8142492069411563,0.5408821367563675
23,1563566400,1679,2927,1248,4606,29,1.520098049655877,1.6152412750672458
23,1563580800,1141,905,-236,2046,29,-1.1588781206475642,-0.036626228882212584
23,1563595200,388,126,-262,514,29,-1.2058143608280827,-1.0251656882769666
23,1563609600,100,300,200,400,29,-0.37179347762040765,-1.098725413062216
23,1563624000,415,1043,628,1458,29,0.40084924535120475,-0.4160395461956038
23,1563638400,620,946,326,1566,29,-0.14433323674558715,-0.346351385872736
23,1563652800,730,941,211,1671,29,-0.3519358375440344,-0.278599007781059
23,1563667200,753,506,-247,1259,29,-1.1787357607239375,-0.5444464341979249
23,1563681600,314,113,-201,427,29,-1.0956947204045586,-1.081303372981499
23,1563696000,104,212,108,316,29,-0.5378755582591654,-1.1529273155355575
23,1563710400,336,759,423,1095,29,0.030775043927885746,-0.6502691961696871
23,1563724800,553,772,219,1325,29,-0.3374939174884903,-0.501859225111728
23,1563739200,687,845,158,1532,29,-0.44761355791201446,-0.36829025115956476
23,1563753600,702,334,-368,1036,29,-1.3971698015640428,-0.6883395800497724
23,1563768000,182,71,-111,253,29,-0.9332231197796867,-1.1935787423905637
23,1563782400,561,799,238,1360,29,-0.3031943573565729,-0.479275099081169
23,1563796800,1614,2776,1162,4390,29,1.3648474090587772,1.4758649544215103
23,1563811200,835,1504,669,2339,29,0.47486408563586857,0.15243516903075277
23,1563825600,1697,3168,1471,4865,29,1.9226665712041704,1.7823638076933823
23,1563840000,743,496,-247,1239,30,-1.2113082068654906,-0.5762179192533867
23,1563854400,133,80,-53,213,30,-0.8327801992893604,-1.2469830220808473
23,1563868800,612,887,275,1499,30,-0.1927947019441507,-0.4062384584978898
23,1563883200,1652,2729,1077,4381,30,1.3720478860767582,1.4779184872611177
23,1563897600,888,1368,480,2256,30,0.20719623389660538,0.08866327916330685
23,1563912000,2214,2993,779,5207,30,0.790597647635074,2.0179301587381966
23,1563926400,933,568,-365,1501,30,-1.4415468918860235,-0.404930924184386
23,1563940800,161,80,-81,241,30,-0.8874131075993174,-1.2286775416917939
23,1563955200,673,837,164,1510,30,-0.4093751598871942,-0.3990470197736188
23,1563969600,2043,2891,848,4934,30,0.9252287431131822,1.8394517249449247
23,1563984000,992,1486,494,2478,30,0.23451268805158385,0.2337995879622311
23,1563998400,1915,3032,1117,4947,30,1.4500948979481254,1.8479506979826994
23,1564012800,1067,807,-260,1874,30,-1.236673485723685,-0.16107577471592316
23,1564027200,168,100,-68,268,30,-0.8620478287411231,-1.2110258284594924
23,1564041600,553,875,322,1428,30,-0.10108946299529442,-0.4526559266272755
23,1564056000,1618,2759,1141,4377,30,1.4969231050709455,1.4753034186341103
23,1564070400,865,1527,662,2392,30,0.5623101379113253,0.17757561248156675
23,1564084800,1739,3028,1289,4767,30,1.7856970489950035,1.7302726097673555
23,1564099200,1065,675,-390,1740,30,-1.4903262743056278,-0.24868057372067925
23,1564113600,211,93,-118,304,30,-0.9596065935803318,-1.1874902108164236
23,1564128000,523,794,271,1317,30,-0.20059940313128738,-0.5252240810267377
23,1564142400,1357,2549,1192,3906,30,1.5964330452069386,1.16737908780396
23,1564156800,982,1861,879,2843,30,0.9857151773134916,0.47242460017667864
23,1564171200,1656,2685,1029,4341,30,1.2783914718311178,1.4517678009910413
23,1564185600,1115,744,-371,1859,30,-1.4532539436667284,-0.17088228206720182
23,1564200000,354,170,-184,524,30,-1.0883841631680875,-1.043661436331003
23,1564214400,122,426,304,548,30,-0.13621061833740958,-1.0279710245689573
23,1564228800,408,1201,793,1609,30,0.8179141017900524,-0.3343240712551796
23,1564243200,685,1208,523,1893,30,0.2910967716583249,-0.14865419873763686
23,1564257600,864,1164,300,2028,30,-0.1440153195245463,-0.06039563257612887
23,1564272000,795,621,-174,1416,30,-1.0688724102002458,-0.46050113250829844
23,1564286400,337,166,-171,503,30,-1.0630188843098933,-1.0573905466227933
23,1564300800,116,269,153,385,30,-0.4308380881518202,-1.1345350711195188
23,1564315200,305,866,561,1171,30,0.3652414329361236,-0.6206740859125166
23,1564329600,588,1006,418,1594,30,0.08622336549598647,-0.3441305786064583
23,1564344000,772,880,108,1652,30,-0.518640976507108,-0.3062120835148474
23,1564358400,699,426,-273,1125,30,-1.2620387645818791,-0.6507473751231045
23,1564372800,104,73,-31,177,30,-0.7898543427601086,-1.2705186397239163
23,1564387200,554,869,315,1423,30,-0.11474769007278365,-0.4559247624110351
23,1564401600,1580,2677,1097,4257,30,1.4110713920124418,1.396851359823881
23,1564416000,816,1374,558,2190,30,0.3593879070457711,0.04551464681768072
23,1564430400,1701,3038,1337,4739,30,1.8793534632406441,1.711967129378302
23,1564444800,800,595,-205,1395,31,-1.1912710555099093,-0.6586007230628734
23,1564459200,121,58,-63,179,31,-0.9384310631590487,-1.3860201493909547
23,1564473600,578,884,306,1462,31,-0.28140319571209355,-0.6185208698030202
23,1564488000,1612,2740,1128,4352,31,1.1822198586006354,1.110296681256318
23,1564502400,869,1463,594,2332,31,0.23139904229528593,-0.09808098419000147
23,1564516800,1784,3013,1229,4797,31,1.3620567545685012,1.3764986917135518
23,1564531200,947,784,-163,1731,31,-1.1164873958005,-0.45760324999853513
23,1564545600,154,56,-98,210,31,-1.0007507795835566,-1.3674757396737094
23,1564560000,568,838,270,1406,31,-0.345503475463016,-0.6520204486470766
23,1564574400,1614,2773,1159,4387,31,1.2374173217194853,1.1312339180338533
23,1564588800,855,1525,670,2380,31,0.3667218551027889,-0.06936705946652458
23,1564603200,2196,3246,1050,5442,31,1.0433359191403033,1.7623420551852726
23,1564617600,976,548,-428,1524,31,-1.5883366773003456,-0.5814320503685293
23,1564632000,152,58,-94,210,31,-0.9936285262778985,-1.3674757396737094
23,1564646400,580,843,263,1423,31,-0.3579674187479176,-0.6418509336408452
23,1564660800,1540,2731,1191,4271,31,1.2943953481647497,1.0618419332854507
23,1564675200,853,1548,695,2401,31,0.4112359382631517,-0.05680471740000343
23,1564689600,1713,3132,1419,4845,31,1.7003637865872583,1.4052126164370287
23,1564704000,1013,720,-293,1733,31,-1.3479606282343863,-0.45640683646839025
23,1564718400,204,78,-126,282,31,-1.050606552723163,-1.324404852588494
23,1564732800,515,774,259,1289,31,-0.3650896720535756,-0.7220106401605516
23,1564747200,1412,2545,1133,3957,31,1.191122675232708,0.8740050090527061
23,1564761600,1065,1859,794,2924,31,0.5875117075781884,0.2560574207328803
23,1564776000,2262,2709,447,4971,31,-0.030343766687647346,1.4805866688361555
23,1565395200,9062,9310,248,18372,32,-0.18485294871870342,3.938458358384502
23,1565409600,334,158,-176,492,32,-1.2472006178611317,-0.5114083726283332
23,1565424000,134,410,276,544,32,-0.11469791396401477,-0.4984669257596157
23,1565438400,399,1334,935,1733,32,1.5364509397266932,-0.20255576562682706
23,1565452800,660,1195,535,1855,32,0.5342361575168553,-0.17219314028099003
23,1565467200,840,1140,300,1980,32,-0.0545650270314245,-0.14108389300041932
23,1565481600,839,659,-180,1498,32,-1.25722276568323,-0.2610411505143
23,1565496000,306,133,-173,439,32,-1.2396840069945578,-0.5245986934752951
23,1565510400,102,226,124,328,32,-0.4955395312037532,-0.5522237050604419
23,1565524800,332,913,581,1245,32,0.6494908574709867,-0.32400626701017515
23,1565539200,615,1030,415,1645,32,0.23357172285390393,-0.22445667571234884
23,1565553600,791,1027,236,1818,32,-0.21491939218499856,-0.18140147747603896
23,1565568000,673,426,-247,1099,32,-1.425093741703378,-0.3603418678338817
23,1565582400,135,76,-59,211,32,-0.9540527940647541,-0.581341960515056
23,1565596800,546,821,275,1367,32,-0.11720345091953938,-0.2936436416643381
23,1565611200,1637,2635,998,4272,32,1.6942997679247427,0.4293352651361253
23,1565625600,765,1416,651,2181,32,0.8248784443577083,-0.09106022337326161
23,1565640000,1856,2909,1053,4765,32,1.8321043004785953,0.5520301364106962
23,1565654400,796,750,-46,1546,33,-0.8848154167164733,-0.34178138224229687
23,1565668800,127,75,-52,202,33,-0.8964779474977572,-1.255982513527441
23,1565683200,600,861,261,1461,33,-0.28808259174078293,-0.39959916212268176
23,1565683485,23,55,32,78,33,-0.7332025165597833,-1.3403284512352966
23,1565697600,1548,2741,1193,4289,33,1.5234971896186422,1.5240323849564759
23,1565712000,797,1548,751,2345,33,0.664357422064065,0.20170574863332083
23,1565726400,1796,3001,1205,4797,33,1.54682225118121,1.8695786458886583
23,1565740800,912,717,-195,1629,33,-1.1744349311183557,-0.2853240207120387
23,1565755200,134,88,-46,222,33,-0.8848154167164733,-1.242378330026174
23,1565769600,595,876,281,1471,33,-0.24920748913650342,-0.3927970703720482
23,1565784000,1610,2729,1119,4339,33,1.379659309982808,1.5580428437096434
23,1565798400,857,1535,678,2392,33,0.5224632975584448,0.23367557986129833
23,1565812800,1739,3054,1315,4793,33,1.7606353155047474,1.866857809188405
23,1565827200,936,634,-302,1570,33,-1.382416730051251,-0.32545636204077644
23,1565841600,169,93,-76,262,33,-0.9431280706228926,-1.2151699630236399
23,1565856000,568,861,293,1429,33,-0.22588242757393573,-0.42136585572470897
23,1565870400,1485,2702,1217,4187,33,1.5701473127437777,1.454651049100014
23,1565884800,857,1620,763,2477,33,0.6876824836266328,0.2914933597416832
23,1565899200,1739,2888,1149,4627,33,1.4379719638892274,1.7539430861278886
23,1565913600,1071,1021,-50,2092,33,-0.8925904372373293,0.02961282734229295
23,1565928000,219,109,-110,328,33,-1.0092157450501678,-1.1702761574694587
23,1565942400,473,863,390,1336,33,-0.0373381799431801,-0.48462530900560064
23,1565956800,1364,2548,1184,3912,33,1.5060033934467165,1.2675935259575923
23,1565971200,946,2100,1154,3046,33,1.4476907395402971,0.6785323803527301
23,1565985600,1640,2582,942,4222,33,1.0356146519349345,1.4784583702272314
23,1566000000,995,735,-260,1730,33,-1.300779014582264,-0.21662289403064022
23,1566014400,375,136,-239,511,33,-1.2599601568477705,-1.0457978784328654
23,1566028800,147,334,187,481,33,-0.4319204713766171,-1.066204153684766
23,1566043200,447,1076,629,1523,33,0.42721929617796,-0.35742619326875397
23,1566057600,734,1241,507,1975,33,0.19008117029185503,-0.049971646140119154
23,1566072000,880,1435,555,2315,33,0.28338141654212584,0.1812994733814203
23,1566086400,853,652,-201,1505,33,-1.1860974618996394,-0.36966995841989425
23,1566100800,366,134,-232,500,33,-1.2463538709362727,-1.0532801793585624
23,1566115200,105,222,117,327,33,-0.5679833304915954,-1.1709563666445222
23,1566129600,361,917,556,1278,33,0.28532517167233984,-0.524077441159275
23,1566144000,673,969,296,1642,33,-0.2200511621832938,-0.27648130143621513
23,1566158400,777,947,170,1724,33,-0.4649643085902547,-0.22070414908102035
23,1566172800,685,358,-327,1043,33,-1.4310106083066003,-0.6839265972991626
23,1566187200,126,61,-65,187,33,-0.9217467641905389,-1.2661856511533913
23,1566201600,535,847,312,1382,33,-0.1889510800998702,-0.4533356869526865
23,1566216000,1544,2579,1035,4123,33,1.2163838790448342,1.4111176618959596
23,1566230400,798,1343,545,2141,33,0.2639438652399861,0.06294307692039716
23,1566244800,1842,2803,961,4645,33,1.072545999409,1.7661868512790289
23,1566259200,884,526,-358,1410,34,-1.26332559059797,-0.26253384528971213
23,1566273600,197,109,-88,306,34,-0.7780647828282695,-0.9901590298918265
23,1566288000,534,890,356,1424,34,0.019919656615237664,-0.25330671432555485
23,1566302400,1569,3375,1806,4944,34,2.6259499205636283,2.066657642376839
23,1566316800,823,1496,673,2319,34,0.5896517901818858,0.3365705865973549
23,1566331200,1768,2765,997,4533,34,1.171964759505526,1.7957754405005082
23,1566345600,863,539,-324,1402,34,-1.2022186740640077,-0.26780649155494485
23,1566360000,266,105,-161,371,34,-0.9092649271511885,-0.9473187789868107
23,1566374400,583,852,269,1435,34,-0.13644215922166578,-0.24605682571085988
23,1566388800,1550,2740,1190,4290,34,1.518836373948312,1.6356188101940647
23,1566403200,865,1487,622,2352,34,0.49799141538094244,0.35832025244143983
23,1566417600,1725,3029,1304,4754,34,1.7237242705621854,1.941432293577562
23,1566432000,938,656,-282,1594,34,-1.1267336595220543,-0.1412629811893597
23,1566446400,285,102,-183,387,34,-0.9488046966731641,-0.9367734864563453
23,1566448299,8,8,0,16,34,-0.6199057047403672,-1.1812924570065124
23,1566448377,2,0,-2,2,34,-0.6235002292423649,-1.1905195879706696
23,1566448456,0,2,2,2,34,-0.6163111802383694,-1.1905195879706696
23,1566448536,1,3,2,4,34,-0.6163111802383694,-1.1892014264043613
23,1566448617,1,4,3,5,34,-0.6145139179873705,-1.1885423456212072
23,1566448703,1,1,0,2,34,-0.6199057047403672,-1.1905195879706696
23,1566460800,597,836,239,1433,34,-0.19036002675163247,-0.24737498727716806
23,1566475200,1471,2698,1227,4169,34,1.5853350772352708,1.55587003543242
23,1566489600,821,1676,855,2497,34,0.9167535198636838,0.45388696599878275
23,1566504000,1673,3051,1378,4724,34,1.8567216771361033,1.9216598700829393
23,1566518400,1146,717,-429,1863,34,-1.3909312104188911,0.03602974947909025
23,1566532800,201,110,-91,311,34,-0.7834565695812662,-0.986863625976056
23,1566547200,511,789,278,1300,34,-0.12026679896267577,-0.3350327314366619
23,1566561600,1391,2351,960,3742,34,1.1054660562185672,1.2744425410256237
23,1566576000,980,1836,856,2816,34,0.9185507821146827,0.6641337358249372
23,1566590400,1463,2555,1092,4018,34,1.3427046733504207,1.4563488371761524
23,1566604800,1053,631,-422,1684,34,-1.3783503746618988,-0.0819457107054917
23,1566619200,348,173,-175,521,34,-0.9344265986651731,-0.8484566615136974
23,1566633600,158,341,183,499,34,-0.2910067128075703,-0.8629564387430873
23,1566648000,471,994,523,1465,34,0.3200624525320523,-0.22628440221623722
23,1566662400,767,1187,420,1954,34,0.13494444067916664,0.09600610074611236
23,1566676800,818,1168,350,1986,34,0.009136083109244323,0.11709668580704322
23,1566691200,854,670,-184,1524,34,-0.9506019589241631,-0.18739863601014595
23,1566705600,349,119,-230,468,34,-1.033276022470112,-0.883387943020864
23,1566720000,113,234,121,347,34,-0.4024369723695015,-0.9631367177825089
23,1566734400,367,767,400,1134,34,0.09899919565918883,-0.4444401414402407
23,1566748800,649,1003,354,1652,34,0.016325132113239885,-0.10303629576642255
23,1566763200,813,887,74,1700,34,-0.4869082981664493,-0.07140041817502626
23,1566777600,687,408,-279,1095,34,-1.1213418727690576,-0.4701442919832502
23,1566792000,118,90,-28,208,34,-0.6702290477683361,-1.0547489466409272
23,1566806400,469,709,240,1178,34,-0.18856276450063358,-0.4154405869814608
23,1566820800,1511,2687,1176,4198,34,1.4936747024343273,1.5749833781438884
23,1566835200,768,1534,766,2302,34,0.7567971795247825,0.3253662132837354
23,1566849600,1692,2768,1076,4460,34,1.3139484773344383,1.7476625433302597
23,1566864000,771,553,-218,1324,35,-1.1222661637761764,-0.3941450806596525
23,1566878400,152,91,-61,243,35,-0.8121792966510932,-1.2159579372433282
23,1566892800,553,904,351,1457,35,0.0015518451039016733,-0.29303397064519465
23,1566907200,1496,2564,1068,4060,35,1.4176810408280067,1.6858548967806226
23,1566921600,832,1559,727,2391,35,0.7441802657346738,0.41702450118565937
23,1566936000,1743,2923,1180,4666,35,1.6388895065478113,2.146556646169806
23,1566950400,835,494,-341,1329,35,-1.3652004609506045,-0.39034391111023675
23,1566964800,129,531,402,660,35,0.10228070002988406,-0.8989403968220584
23,1566979200,529,891,362,1420,35,0.023277676558525324,-0.3211626253108709
23,1566993600,1592,2698,1106,4290,35,1.4927339131257975,1.8607086960537451
23,1567008000,843,1503,660,2346,35,0.6118502014201479,0.38281397524091804
23,1567022400,1681,3118,1437,4799,35,2.146483932351291,2.247667756184264
23,1567036800,987,535,-452,1522,35,-1.584433851083625,-0.2436187665027905
23,1567051200,462,305,-157,767,35,-1.0017865529823542,-0.8175953684645623
23,1567065600,520,869,349,1389,35,-0.0023983060696662634,-0.3447298765172483
23,1567080000,1486,2664,1178,4150,35,1.6349393553742433,1.7542759486701052
23,1567094400,856,1688,832,2544,35,0.9515632023469904,0.53334028939778
23,1567108800,1670,2825,1155,4495,35,1.589512616878212,2.016556647579789
23,1567123200,1003,628,-375,1631,35,-1.4323530309012593,-0.16075327032552808
23,1567137600,211,109,-102,320,35,-0.8931573957092359,-1.1574199261823264
23,1567152000,435,778,343,1213,35,-0.014248759590370074,-0.47853104465668117
23,1567166400,1185,2239,1054,3424,35,1.3900299826130313,1.2023461300949445
23,1567180800,1047,2177,1130,3224,35,1.540135727208613,1.050299348118316
23,1567195200,1508,2051,543,3559,35,0.3807663577664236,1.3049777079291685
23,1567209600,998,790,-208,1788,35,-1.1025154079083368,-0.041396546473874876
23,1567224000,336,144,-192,480,35,-1.0709141985197932,-1.0357825006010237
23,1567238400,91,338,247,429,35,-0.20385601592163102,-1.074554430005064
23,1567252800,405,986,581,1391,35,0.4558192300642144,-0.343209408697482
23,1567267200,649,1042,393,1691,35,0.08450501974882835,-0.11513923573253959
23,1567281600,849,1189,340,2038,35,-0.020173986350721977,0.14866193099691047
23,1567296000,768,557,-211,1325,35,-1.1084406346686886,-0.3933848467497693
23,1567310400,315,111,-204,426,35,-1.0946151055612008,-1.0768351317347133
23,1567324800,101,247,146,348,35,-0.4033386501868118,-1.1361333767055986
23,1567339200,292,818,526,1110,35,0.34719007279109615,-0.5568351373746447
23,1567353600,652,1047,395,1699,35,0.08845517092239628,-0.10905736445347446
23,1567368000,655,1059,404,1714,35,0.10623085120345199,-0.09765385580522734
23,1567382400,760,409,-351,1169,35,-1.3849512168184441,-0.5119813366915393
23,1567396800,254,109,-145,363,35,-0.9780856459409466,-1.1247298680573514
23,1567411200,75,235,160,310,35,-0.37568759197183627,-1.165022265281158
23,1567425600,324,666,342,990,35,-0.01622383517715404,-0.6480632065606217
23,1567440000,538,845,307,1383,35,-0.08535148071459293,-0.34929127997654713
23,1567454400,749,757,8,1506,35,-0.6758990811629995,-0.25578250906092076
23,1567468800,562,339,-223,901,36,-1.125473904486086,-0.6627107572037244
23,1567483200,104,56,-48,160,36,-0.8035186210457893,-1.142968297441444
23,1567497600,537,831,294,1368,36,-0.17432600997960948,-0.3600383263116664
23,1567512000,1504,2597,1093,4101,36,1.2956298269849453,1.4112759212857529
23,1567526400,768,1495,727,2263,36,0.6222833484755246,0.22002982282835928
23,1567540800,1773,2912,1139,4685,36,1.3802580729178233,1.7897784901100824
23,1567555200,799,654,-145,1453,36,-0.9819738352955537,-0.30494805516428963
23,1567569600,137,98,-39,235,36,-0.786960920754574,-1.094359234664347
23,1567584000,552,899,347,1451,36,-0.07681955270911964,-0.30624429683834553
23,1567584738,111,136,25,247,36,-0.6692172742392656,-1.0865817846200114
23,1567584847,12,29,17,41,36,-0.6839352300536791,-1.2200946770477714
23,1567584939,87,195,108,282,36,-0.5165184826647249,-1.0638975553240326
23,1567598400,1417,2568,1151,3985,36,1.4023350066394435,1.3360939041905093
23,1567612800,781,1561,780,2342,36,0.7197898057460145,0.27123136895356825
23,1567627200,1862,3030,1168,4892,36,1.4336106627450724,1.9239395033748705
23,1567641600,871,743,-128,1614,36,-0.9506981791899248,-0.2006006004027878
23,1567656000,138,123,-15,261,36,-0.7428070533113333,-1.0775080929016199
23,1567670400,562,851,289,1413,36,-0.18352473236361797,-0.3308728886454081
23,1567684800,1586,2880,1294,4466,36,1.665418466822086,1.6478400268009588
23,1567699200,849,1541,692,2390,36,0.5578922917874652,0.3023411691309104
23,1567713600,1786,2919,1133,4705,36,1.369219606057013,1.8027409068506417
23,1567728000,904,659,-245,1563,36,-1.1659482829757233,-0.23365476309121386
23,1567742400,194,94,-100,288,36,-0.8991853338394775,-1.0600088303018649
23,1567756800,537,856,319,1393,36,-0.12833239805956712,-0.34383530538596735
23,1567771200,1440,2746,1306,4186,36,1.6874954005437064,1.4663661924331297
23,1567785600,913,1635,722,2548,36,0.6130846260915161,0.40474426138132835
23,1567800000,1725,3280,1555,5005,36,2.1455917752673286,1.99717715795903
23,1567814400,1085,624,-461,1709,36,-1.5633330899648894,-0.13902912088513145
23,1567828800,361,100,-261,461,36,-1.1953841946045503,-0.9478839254960275
23,1567843200,133,325,192,458,36,-0.3619799466133824,-0.9498282880071114
23,1567857600,452,939,487,1391,36,0.18074467404311773,-0.34513154706002325
23,1567872000,683,1176,493,1859,36,0.1917831409039279,-0.04181099533093721
23,1567886400,959,1086,127,2045,36,-0.48156333760549264,0.07873948035626364
23,1567900800,780,557,-223,1337,36,-1.125473904486086,-0.38013007225953316
23,1567915200,339,155,-184,494,36,-1.0537238698908198,-0.9264959378741048
23,1567929600,106,182,76,288,36,-0.575390305922379,-1.0600088303018649
23,1567944000,266,921,655,1187,36,0.48982174614580254,-0.4773481978137274
23,1567958400,602,857,255,1459,36,-0.2460760445748756,-0.30105933014212183
23,1567972800,830,820,-10,1650,36,-0.7336083309273249,-0.17726825026978119
23,1567987200,624,358,-266,982,36,-1.204582916988559,-0.6102129694044596
23,1568001600,128,61,-67,189,36,-0.8384737661050216,-1.124172793167633
23,1568016000,564,848,284,1412,36,-0.19272345474762645,-0.33152100948243607
23,1568030400,1540,2732,1192,4272,36,1.477764530188313,1.5221045844175343
23,1568044800,783,1479,696,2262,36,0.5652512696946721,0.2193817019913313
23,1568059200,1786,3079,1293,4865,36,1.6635787223452843,1.9064402407751155
23,1568073600,828,546,-282,1374,37,-1.2153317288518433,-0.5062423344277361
23,1568088000,143,74,-69,217,37,-0.8623216426052578,-1.2379815295013974
23,1568102400,615,898,283,1513,37,-0.2789434719066749,-0.41833243977325135
23,1568116800,1598,3036,1438,4634,37,1.6352661506980497,1.5555292955983102
23,1568131200,811,1467,656,2278,37,0.3392385101119938,0.06548820346905708
23,1568145600,1841,3102,1261,4943,37,1.3419197410001829,1.750954888751086
23,1568160000,953,610,-343,1563,37,-1.31642851411495,-0.3867101755090482
23,1568174400,147,67,-80,214,37,-0.8805522104395884,-1.2398788653572497
23,1568188800,566,903,337,1469,37,-0.18944795708359682,-0.44616003232575013
23,1568203200,1589,3127,1538,4716,37,1.8009985855556017,1.6073898089916034
23,1568217600,914,1561,647,2475,37,0.32432259097481414,0.19007992467001755
23,1568232000,1844,3175,1331,5019,37,1.4579324454004692,1.7990207304326746
23,1568246400,985,748,-237,1733,37,-1.140752133165945,-0.27919447701075745
23,1568260800,144,95,-49,239,37,-0.8291751556337472,-1.2240677332251482
23,1568275200,573,940,367,1513,37,-0.13972822662633125,-0.41833243977325135
23,1568289600,1632,3049,1417,4681,37,1.6004623393779638,1.5852542240066612
23,1568304000,861,1689,828,2550,37,0.6242982980669831,0.2375133210663223
23,1568318400,1903,3369,1466,5272,37,1.6816712324581644,1.9590293876095426
23,1568332800,1051,723,-328,1774,37,-1.2915686488863172,-0.25326422031411083
23,1568347200,185,103,-82,288,37,-0.8838668591367395,-1.1930779142462289
23,1568361600,539,920,381,1459,37,-0.11652568574627399,-0.4524844851785908
23,1568376000,1413,2792,1379,4205,37,1.5374840141320942,1.2842102682114471
23,1568390400,900,1548,648,2448,37,0.32597991532338966,0.17300390196734786
23,1568404800,1679,2943,1264,4622,37,1.3468917140459093,1.5479399521749015
23,1568419200,1144,680,-464,1824,37,-1.5169647602925878,-0.2216419560499077
23,1568433600,400,147,-253,547,37,-1.1672693227431532,-1.0292745853576566
23,1568448000,140,409,269,549,37,-0.30214601278673214,-1.0280096947870885
23,1568462400,435,1057,622,1492,37,0.28288948226042615,-0.4316137907642167
23,1568476800,736,1160,424,1896,37,-0.04526073875752666,-0.17610589550945513
23,1568491200,866,1225,359,2091,37,-0.15298682141493541,-0.05277906487906277
23,1568505600,771,664,-107,1435,37,-0.9252999678511274,-0.4676631720254083
23,1568520000,342,134,-208,476,37,-1.0926897270572549,-1.074178200612825
23,1568534400,106,242,136,348,37,-0.5225701511472762,-1.155131197129185
23,1568548800,356,984,628,1340,37,0.29283342835187925,-0.5277454741273944
23,1568563200,706,1150,444,1856,37,-0.012114251786016272,-0.20140370692081766
23,1568577600,877,1042,165,1919,37,-0.47450774503858617,-0.16155965394792166
23,1568592000,659,385,-274,1044,37,-1.2020731340632391,-0.714949278571477
23,1568606400,115,68,-47,183,37,-0.8258605069365962,-1.2594846692010555
23,1568620800,563,883,320,1446,37,-0.21762247100938065,-0.46070627388728363
23,1568635200,1494,2908,1414,4402,37,1.5954903663322373,1.4088019894124075
23,1568649600,838,1466,628,2304,37,0.29283342835187925,0.08193178088644272
23,1568664000,1924,3052,1128,4976,37,1.1214956026396388,1.77182558316546
23,1568678400,789,587,-202,1376,38,-1.1189387337854941,-0.49950816997387615
23,1568692800,138,73,-65,211,38,-0.8710611071511009,-1.2630964840460381
23,1568707200,607,930,323,1537,38,-0.16904271931062909,-0.3939822312909422
23,1568721600,1602,3015,1413,4617,38,1.8031223393133766,1.6247748565564903
23,1568736000,876,1515,639,2391,38,0.40270421511614685,0.16576405215766413
23,1568750400,1905,2965,1060,4870,38,1.1644303524378958,1.7906013316296723
23,1568764800,910,726,-184,1636,38,-1.0863708704320703,-0.32909361061013187
23,1568779200,158,137,-21,295,38,-0.7914507745093978,-1.20803947255929
23,1568793600,602,898,296,1500,38,-0.217894514340765,-0.41823353396962887
23,1568808000,1568,3041,1473,4609,38,1.9116818838247895,1.6195313316529905
23,1568822400,882,1559,677,2441,38,0.47145859330670853,0.19853608280453802
23,1568836800,1821,2969,1148,4790,38,1.323651017721302,1.738166082594674
23,1568851200,998,780,-218,1778,38,-1.1478879456552045,-0.23602104357300996
23,1568865600,165,129,-36,294,38,-0.8185906606372512,-1.2086949131722275
23,1568880000,551,954,403,1505,38,-0.02429665996207821,-0.4149563309049415
23,1568894400,1606,2991,1385,4597,38,1.7524612185413837,1.6116660442977409
23,1568908800,858,1548,690,2406,38,0.49497982795084805,0.1755956613517263
23,1568923200,1790,2938,1148,4728,38,1.323651017721302,1.6975287645925503
23,1568937600,1014,864,-150,1878,38,-1.024853795208936,-0.17047698227926214
23,1568952000,210,142,-68,352,38,-0.8764890843766715,-1.1706793576218537
23,1568966400,539,872,333,1411,38,-0.15094946189206024,-0.4765677485210644
23,1568980800,1296,2722,1426,4018,38,1.826643573957516,1.232165929406941
23,1568995200,964,1704,740,2668,38,0.5854461150436924,0.3473211019413455
23,1569009600,1813,2816,1003,4629,38,1.0612987851520534,1.6326401439117402
23,1569024000,1135,781,-354,1916,38,-1.3939562465477409,-0.145570238987638
23,1569038400,380,175,-205,555,38,-1.124366711011065,-1.0376249131955457
23,1569052800,138,326,188,464,38,-0.4133016944613087,-1.0972700089728562
23,1569067200,456,937,481,1393,38,0.1168307479027589,-0.488365679553939
23,1569081600,677,1145,468,1822,38,0.09330951325861937,-0.20718165660376092
23,1569096000,977,1213,236,2190,38,-0.32645405885217815,0.03402048895723102
23,1569110400,843,594,-249,1437,38,-1.203977043652768,-0.45952629258468997
23,1569124800,408,161,-247,569,38,-1.2003583921690542,-1.028448744614421
23,1569139200,95,210,115,305,38,-0.5453824736168613,-1.2014850664299153
23,1569153600,350,753,403,1103,38,-0.02429665996207821,-0.6784434573058077
23,1569168000,607,882,275,1489,38,-0.2558903549197596,-0.4254433807119411
23,1569182400,829,964,135,1793,38,-0.5091959587797237,-0.22618943437894778
23,1569196800,682,361,-321,1043,38,-1.3342484970664636,-0.7177698940820564
23,1569211200,117,59,-58,176,38,-0.8583958269581026,-1.2860369054988499
23,1569225600,565,917,352,1482,38,-0.1165722727967794,-0.43003146500250344
23,1569240000,1576,2894,1318,4470,38,1.6312363938369725,1.5284250864546811
23,1569254400,861,1470,609,2331,38,0.3484244428604403,0.12643761538141543
23,1569268800,1797,2928,1131,4725,38,1.2928924801097348,1.695562442753738
23,1569283200,835,581,-254,1416,39,-1.0564612997891276,-0.5130021091277788
23,1569297600,142,83,-59,225,39,-0.7738687710389495,-1.2744677323559614
23,1569312000,583,936,353,1519,39,-0.1768014795257525,-0.4471490787394473
23,1569326400,1699,2977,1278,4676,39,1.1637015414686824,1.5712782701533927
23,1569340800,872,1638,766,2510,39,0.4217150044425736,0.18644658256964503
23,1569355200,1982,2972,990,4954,39,0.7463341143914962,1.7490175172209281
23,1569369600,968,678,-290,1646,39,-1.108632228173776,-0.365951652920825
23,1569384000,158,95,-63,253,39,-0.7796655408594659,-1.2565659376872886
23,1569398400,685,914,229,1599,39,-0.35650134396176325,-0.39600109397181116
23,1569412800,1603,2961,1358,4564,39,1.279636937879012,1.4996710914787021
23,1569427200,870,3937,3067,4807,39,3.756306843694676,1.6550330952103969
23,1569441600,1889,3169,1280,5058,39,1.1665999263789406,1.815509897418855
23,1569456000,1016,726,-290,1742,39,-1.108632228173776,-0.3045740711996616
23,1569470400,155,86,-69,241,39,-0.7883606955902407,-1.2642381354024341
23,1569484800,567,917,350,1484,39,-0.18114905689113986,-0.4695263220752881
23,1569499200,1680,2914,1234,4594,39,1.0999370734430012,1.5188515857665656
23,1569513600,914,1648,734,2562,39,0.3753408458784418,0.21969277266860848
23,1569528000,1787,3076,1289,4863,39,1.1796426584751027,1.690836684547742
23,1569542400,1085,630,-455,1715,39,-1.3477489832700804,-0.3218365160587388
23,1569556800,218,105,-113,323,39,-0.8521251636159218,-1.211811451015607
23,1569571200,488,842,354,1330,39,-0.17535228707062336,-0.5679861927529876
23,1569585600,1515,2860,1345,4375,39,1.2607974359623333,1.378833977465162
23,1569600000,948,1765,817,2713,39,0.49562381965415864,0.3162345939175216
23,1569614400,1793,2880,1087,4673,39,0.8869057825390207,1.5693602207246062
23,1569628800,1185,689,-496,1874,39,-1.4071658739303743,-0.22017989633306206
23,1569643200,397,183,-214,580,39,-0.9984936015839628,-1.0474985499495761
23,1569657600,148,441,293,589,39,-0.2637530268334996,-1.0417444016632171
23,1569672000,442,1189,747,1631,39,0.39418034779512034,-0.37554190006475674
23,1569686400,748,1294,546,2042,39,0.10289266431416744,-0.11276912832102623
23,1569700800,967,1255,288,2222,39,-0.2709989891091452,0.0023138374061550224
23,1569715200,996,750,-246,1746,39,-1.0448677601480947,-0.30201667196127985
23,1569729600,368,183,-185,551,39,-0.9564670203852185,-1.0660396944278443
23,1569744000,111,250,139,361,39,-0.48692866492338394,-1.18751615825098
23,1569758400,321,1012,691,1333,39,0.3130255703078897,-0.5660681433242013
23,1569772800,682,1083,401,1765,39,-0.10724024167955479,-0.28986902557896627
23,1569787200,886,1050,164,1936,39,-0.45069885354515593,-0.18054020813814406
23,1569801600,652,405,-247,1057,39,-1.0463169526032239,-0.7425286907725458
23,1569816000,125,72,-53,197,39,-0.7651736163081747,-1.292369527024634
23,1569830400,441,813,372,1254,39,-0.14926682287829923,-0.6165767782822419
23,1569844800,1285,2444,1159,3729,39,0.9912476393083173,0.9658140004665002
23,1569859200,800,1395,595,2195,39,0.17390309461549425,-0.014948607452922164
23,1569873600,1605,2663,1058,4268,39,0.8448792013402763,1.3104235478384485
23,1569888000,653,479,-174,1132,40,-1.144212407460412,-0.6667647836921674
23,1569902400,128,58,-70,186,40,-0.9618930773693211,-1.2693601112552817
23,1569916800,547,880,333,1427,40,-0.2554056732663431,-0.47885186442037175
23,1569931200,1544,2749,1205,4293,40,1.2732717867281902,1.3467699207761246
23,1569945600,782,1480,698,2262,40,0.3844650525341209,0.0530372460608126
23,1569960000,1711,2815,1104,4526,40,1.0962116680820344,1.495189277353509
23,1569974400,834,562,-272,1396,40,-1.3160133146616326,-0.4985986457675774
23,1569988800,154,75,-79,229,40,-0.977670711704127,-1.2419694145478675
23,1570003200,575,882,307,1457,40,-0.30098550578911587,-0.4597420760198502
23,1570017600,1613,3060,1447,4673,40,1.697514843286306,1.5888272405160646
23,1570032000,881,1461,580,2342,40,0.1776027356999983,0.10399668179553685
23,1570046400,1973,3169,1196,5142,40,1.2574941523933842,1.8875769325108855
23,1570060800,910,655,-255,1565,40,-1.2862111164736658,-0.3909468377779724
23,1570075200,157,84,-73,241,40,-0.9671522888142564,-1.2343254991876587
23,1570089600,629,848,219,1477,40,-0.4552557081738853,-0.4470022170861691
23,1570104000,1672,2921,1249,4593,40,1.3504068879205748,1.5378678047813403
23,1570118400,843,1561,718,2404,40,0.41952646216702305,0.14349024448994815
23,1570132800,1801,3308,1507,5109,40,1.8026990721850125,1.8665561652703118
23,1570147200,979,725,-254,1704,40,-1.2844580459920207,-0.30240481818888904
23,1570161600,185,86,-99,271,40,-1.012732121337029,-1.215215710787137
23,1570176000,532,799,267,1331,40,-0.37110832505492014,-0.5400031873020409
23,1570190400,1471,2959,1488,4430,40,1.7693907330337555,1.4340379544718398
23,1570204800,905,1735,830,2640,40,0.615870356111275,0.2938205799073847
23,1570219200,1803,3034,1231,4837,40,1.318851619250963,1.6932940837722494
23,1570233600,1158,824,-334,1982,40,-1.4247036845236292,-0.12532077901072228
23,1570248000,389,291,-98,680,40,-1.010979050855384,-0.9546855955933594
23,1570262400,140,399,259,539,40,-0.385132888908081,-1.044501601075811
23,1570276800,422,1367,945,1789,40,0.8174734615004623,-0.24826041772074453
23,1570291200,759,1480,721,2239,40,0.42478567361195835,0.03838640828707938
23,1570305600,971,1471,500,2442,40,0.03735709716838975,0.16769597646394216
23,1570320000,866,936,70,1802,40,-0.7164632099390063,-0.23997950941385185
23,1570334400,300,147,-153,447,40,-1.107397927345865,-1.103104952170744
23,1570348800,94,254,160,348,40,-0.5586868665909466,-1.166167253892465
23,1570363200,302,1072,770,1374,40,0.5106861272125686,-0.5126124905946265
23,1570377600,565,1164,599,1729,40,0.21091107485125532,-0.28647999452178774
23,1570392000,862,1129,267,1991,40,-0.37110832505492014,-0.1195878424905658
23,1570406400,623,436,-187,1059,40,-1.1670023237217986,-0.7132652688001033
23,1570420800,116,53,-63,169,40,-0.9496215839978053,-1.2801889913489106
23,1570435200,552,859,307,1411,40,-0.30098550578911587,-0.4890437515673166
23,1570449600,1575,3043,1468,4618,40,1.7343293234008532,1.5537926284484418
23,1570464000,842,1465,623,2307,40,0.2529847664107379,0.081701928661595
23,1570478400,1883,3031,1148,4914,40,1.173346769274419,1.7423425406669215
23,1570492800,847,704,-143,1551,41,-0.9912159764975877,-0.36888191713242463
23,1570507200,125,98,-27,223,41,-0.7818241264565589,-1.27235347599503
23,1570521600,618,883,265,1501,41,-0.25473429704293465,-0.40289816558357694
23,1570536000,1604,3167,1563,4771,41,2.0882883008299564,1.8217644831217843
23,1570550400,881,1667,786,2548,41,0.6857239259861689,0.3094020769835525
23,1570564800,1893,3058,1165,4951,41,1.369857642930565,1.9442229775459325
23,1570579200,983,721,-262,1704,41,-1.206023133005195,-0.26479219687189853
23,1570593600,125,101,-24,226,41,-0.7764088199899806,-1.2703125010879608
23,1570608000,499,839,340,1338,41,-0.11935163537847635,-0.5137911355343334
23,1570622400,1536,2610,1074,4146,41,1.2055933467776887,1.3965613774823804
23,1570636800,811,1434,623,2245,41,0.3914922746354129,0.10326361136956948
23,1570651200,1560,2846,1286,4406,41,1.5882750037492241,1.5734458694283724
23,1570665600,930,718,-212,1648,41,-1.1157680252288893,-0.30289039513718913
23,1570680000,131,107,-24,238,41,-0.7764088199899806,-1.2621486014596843
23,1570694400,578,916,338,1494,41,-0.12296183968952858,-0.40766044036673826
23,1570708800,1648,3016,1368,4664,41,1.7362933805023653,1.7489697114363183
23,1570723200,896,1490,594,2386,41,0.3391443121251557,0.199189432001819
23,1570737600,1786,3012,1226,4798,41,1.4799688744176576,1.8401332572854066
23,1570752000,1042,904,-138,1946,41,-0.9821904657199572,-0.10015355436832135
23,1570766400,184,116,-68,300,41,-0.8558333148331294,-1.2199684533802555
23,1570780800,515,879,364,1394,41,-0.0760291836458497,-0.4756929372690429
23,1570795200,1417,2820,1403,4237,41,1.799471955945779,1.4584709496634776
23,1570809600,958,1750,792,2708,41,0.6965545389193256,0.41825407202723985
23,1570824000,1781,2976,1195,4757,41,1.4240107075963482,1.8122399335554615
23,1570838400,1150,671,-479,1821,41,-1.5977303007543608,-0.18519417549620212
23,1570852800,347,143,-204,490,41,-1.1013272079846805,-1.0907067092658767
23,1570867200,130,315,185,445,41,-0.39914246948502347,-1.1213213328719138
23,1570881600,432,1077,645,1509,41,0.43120452205698734,-0.3974555658313925
23,1570896000,812,1243,431,2055,41,0.044912660774399704,-0.02599813274480931
23,1570910400,1112,1196,84,2308,41,-0.5814577871931607,0.14612408441802138
23,1570924800,980,610,-370,1590,41,-1.4009741658020147,-0.3423492433405258
23,1570939200,298,150,-148,448,41,-1.0002414872752183,-1.1192803579648445
23,1570953600,104,206,102,310,41,-0.5489659483936906,-1.213165203690025
23,1570968000,319,803,484,1122,41,0.14058307501728357,-0.6607413288433114
23,1570982400,628,1000,372,1628,41,-0.061588366401640816,-0.31649689451765006
23,1570996800,907,1050,143,1957,41,-0.4749567600171201,-0.09266997970906785
23,1571011200,792,390,-402,1182,41,-1.4587374347788504,-0.6199218307019286
23,1571025600,132,68,-64,200,41,-0.848612906211025,-1.28800095028256
23,1571040000,375,704,329,1079,41,-0.13920775908926356,-0.6899953025113024
23,1571054400,1267,2155,888,3422,41,0.8698443458498322,0.9040060999096948
23,1571068800,857,1448,591,2305,41,0.3337290056585774,0.14408310951095224
23,1571083200,1439,2425,986,3864,41,1.046744357091391,1.2047097362178814
23,1571097600,810,480,-330,1290,42,-1.4305444160939598,-0.5871753973764513
23,1571112000,127,78,-49,205,42,-0.9470874205398417,-1.2751371101970632
23,1571126400,579,909,330,1488,42,-0.29502264717681403,-0.4616303106128742
23,1571140800,1596,2838,1242,4434,42,1.2740619789632421,1.4063284045664093
23,1571155200,942,1516,574,2458,42,0.12477630981679748,0.1534138013097005
23,1571169600,1793,2999,1206,4792,42,1.2121244279313976,1.6333240664924729
23,1571184000,945,1202,257,2147,42,-0.420618236769165,-0.04378075416238272
23,1571198400,144,124,-20,268,42,-0.8971932822086338,-1.235190946226834
23,1571212800,580,930,350,1510,42,-0.2606128966035672,-0.4476808565280323
23,1571227200,1562,3099,1537,4661,42,1.7816057999186332,1.5502614080781871
23,1571241600,885,1576,691,2461,42,0.32607335067029153,0.1553159995939971
23,1571256000,1900,3579,1679,5479,42,2.0259150289886856,2.0689274735963994
23,1571270400,910,707,-203,1617,42,-1.2120424999538424,-0.3798357843881194
23,1571284800,139,104,-35,243,42,-0.9230005951385689,-1.2510425985959726
23,1571299200,571,889,318,1460,42,-0.31566849752076215,-0.47938416126630934
23,1571313600,1627,3119,1492,4746,42,1.7041838611288276,1.604157026133258
23,1571328000,851,1608,757,2459,42,0.43962552756200607,0.15404786740446605
23,1571342400,1982,3042,1060,5024,42,0.9609332487466957,1.7804274004780785
23,1571356800,1053,932,-121,1985,42,-1.0709625226035304,-0.14649946151440035
23,1571371200,172,325,153,497,42,-0.5995489397500485,-1.0899898105255252
23,1571385600,486,794,308,1280,42,-0.33287337280738555,-0.5935160583241067
23,1571400000,1317,2923,1606,4240,42,1.9003194393963347,1.2833195821818943
23,1571414400,920,1710,790,2630,42,0.49640161600786337,0.26247316960937356
23,1571428800,1805,3168,1363,4973,42,1.4822409699313854,1.748090029645036
23,1571443200,1239,889,-350,2128,42,-1.4649541666672068,-0.055828009962928
23,1571457600,321,180,-141,501,42,-1.1053722731767772,-1.087453546146463
23,1571472000,119,372,253,491,42,-0.42750018688381436,-1.0937942070941185
23,1571486400,432,1213,781,1645,42,0.4809172282499023,-0.3620819337346843
23,1571500800,736,1436,700,2172,42,0.3415577384282526,-0.0279291017932442
23,1571515200,1026,1475,449,2501,42,-0.0902846312659953,0.18067864338461875
23,1571529600,930,726,-204,1656,42,-1.2137629874825047,-0.3551072066922633
23,1571544000,347,171,-176,518,42,-1.1655893366799592,-1.0766744225354488
23,1571558400,105,264,159,369,42,-0.5892260145780746,-1.1711502706555144
23,1571572800,273,993,720,1266,42,0.3759674890014994,-0.6023929836508243
23,1571587200,655,1234,579,1889,42,0.1333787474601092,-0.20736980661189228
23,1571601600,789,1008,219,1797,42,-0.485996762858334,-0.265703887330322
23,1571616000,582,326,-256,908,42,-1.3032283389729464,-0.8293886455768879
23,1571630400,117,72,-45,189,42,-0.9402054704251923,-1.2852821677133117
23,1571644800,532,831,299,1363,42,-0.3483577605653466,-0.5408885724585668
23,1571659200,1525,2708,1183,4233,42,1.1725532147721638,1.2788811195185357
23,1571673600,797,1486,689,2283,42,0.3226323756129668,0.04245223472573084
23,1571688000,1785,3033,1248,4818,42,1.284384904135216,1.649809784956377
23,1571702400,766,628,-138,1394,43,-1.0785477174150278,-0.5241063151858739
23,1571716800,161,98,-63,259,43,-0.9504783073631077,-1.255920844913777
23,1571731200,571,823,252,1394,43,-0.412586785145043,-0.5241063151858739
23,1571745600,1592,2886,1294,4478,43,1.3667242185096342,1.4643659400395475
23,1571760000,808,1472,664,2280,43,0.290941174073505,0.04716035735943202
23,1571774400,1779,3239,1460,5018,43,1.650184512757884,1.8125420158572283
23,1571788800,915,761,-154,1676,43,-1.1058691915594374,-0.34228103114775166
23,1571803200,128,92,-36,220,43,-0.9043733197444164,-1.2810668948339428
23,1571817600,547,837,290,1384,43,-0.34769828405207015,-0.5305540202936087
23,1571832000,1529,3061,1532,4590,43,1.7731311464077273,1.5365802372461776
23,1571846400,846,1669,823,2515,43,0.5624483233835756,0.1986814273912005
23,1571860800,1856,2788,932,4644,43,0.7485758659923663,1.5713978448279458
23,1571875200,999,832,-167,1831,43,-1.1280678893017702,-0.24234160197786184
23,1571889600,158,95,-63,253,43,-0.9504783073631077,-1.2597894679784178
23,1571904000,571,874,303,1445,43,-0.3254995863097373,-0.49122301913642624
23,1571918400,1711,2979,1268,4690,43,1.3223268230249685,1.601057288323526
23,1571932800,897,1673,776,2570,43,0.4821914930843724,0.23414380548374208
23,1571947200,1855,3280,1425,5135,43,1.590418788066988,1.887980165617726
23,1571961600,1184,837,-347,2021,43,-1.4354344734263786,-0.11983520493090007
23,1571976000,176,116,-60,292,43,-0.9453555309610309,-1.2346434180582522
23,1571990400,518,765,247,1283,43,-0.421124745815171,-0.5956758418817305
23,1572004800,1436,2835,1399,4271,43,1.5460213925823225,1.3308984443094365
23,1572019200,975,1755,780,2730,43,0.4890218616204748,0.33730708720749936
23,1572033600,1840,3059,1219,4899,43,1.238654808457714,1.7358143250751839
23,1572048000,443,761,318,1204,43,-0.2998857042993533,-0.6466127122328357
23,1572062400,1455,748,-707,2203,43,-2.0501676416755954,-0.0024869719701261657
23,1572076800,142,439,297,581,43,-0.3357451391138909,-1.0483047404447154
23,1572091200,430,1351,921,1781,43,0.7297923525180847,-0.274580127516536
23,1572105600,661,1434,773,2095,43,0.4770687166822956,-0.07212218713366232
23,1572120000,986,1585,599,2571,43,0.17994768536184086,0.23478857599451555
23,1572134400,917,767,-150,1684,43,-1.099038823023335,-0.3371228670615638
23,1572148800,226,70,-156,296,43,-1.1092843758274886,-1.2320643360151582
23,1572163200,108,239,131,347,43,-0.6192054333621408,-1.1991810399657106
23,1572177600,298,938,640,1236,43,0.24995896285689054,-0.6259800558880841
23,1572192000,492,1084,592,1576,43,0.16799454042366166,-0.40675808222509996
23,1572206400,712,1175,463,1887,43,-0.052284844865641,-0.20623445337454677
23,1572220800,605,373,-232,978,43,-1.2390613780134343,-0.7923308476676428
23,1572235200,101,77,-24,178,43,-0.8838822141361091,-1.3081472562864291
23,1572249600,540,807,267,1347,43,-0.386972903134659,-0.5544105291922276
23,1572264000,1533,2843,1310,4376,43,1.3940456926540439,1.3985993479406522
23,1572278400,802,1499,697,2301,43,0.3472917144963498,0.06070053808567517
23,1572292800,1709,3066,1357,4775,43,1.4743025229532472,1.655862781739272
23,1572307200,761,642,-119,1403,44,-0.8466421424061451,-0.4635942030132255
23,1572321600,127,71,-56,198,44,-0.7369447268820276,-1.208712809289368
23,1572336000,547,820,273,1367,44,-0.1640804458116367,-0.4858550078480315
23,1572350400,1673,3064,1391,4737,44,1.7826133725369868,1.5980036669657445
23,1572364800,851,1576,725,2427,44,0.6229549798534597,0.16960202339903158
23,1572379200,1835,3240,1405,5075,44,1.8069905759867906,1.8070078901369777
23,1572393600,1010,638,-372,1648,44,-1.2871730333204578,-0.31209705899857415
23,1572408000,145,82,-63,227,44,-0.7491333286069296,-1.190780494283552
23,1572422400,611,827,216,1438,44,-0.26333048842869533,-0.44195175386827534
23,1572436800,1596,2905,1309,4501,44,1.6398326094738498,1.4520717241597945
23,1572451200,846,1699,853,2545,44,0.8458322685373808,0.24256799480200653
23,1572465600,1860,3203,1343,5063,44,1.6990343892805164,1.799587621858709
23,1572480000,960,676,-284,1636,44,-1.133944897350262,-0.3195173272768428
23,1572494400,159,74,-85,233,44,-0.7874403625994786,-1.1870703601444177
23,1572508800,576,759,183,1335,44,-0.32079103941751874,-0.5056423899234145
23,1572523200,1614,2801,1187,4415,44,1.4274026936969875,1.3988931348322027
23,1572537600,866,1715,849,2581,44,0.8388673532660083,0.26482879963681244
23,1572552000,1769,2818,1049,4587,44,1.1871131168346352,1.5052503134873865
23,1572566400,907,696,-211,1603,44,-1.0068351936477133,-0.3399230650420816
23,1572580800,292,113,-179,405,44,-0.951115871476733,-1.080713181489234
23,1572595200,491,784,293,1275,44,-0.12925586945477402,-0.5427437313147577
23,1572609600,1525,2816,1291,4341,44,1.6084904907526734,1.3531348137828794
23,1572624000,915,1751,836,2666,44,0.8162313786340475,0.31738903327454865
23,1572638400,1941,3087,1146,5028,44,1.356012312165419,1.777945172713759
23,1572652800,1158,692,-466,1850,44,-1.4508485421977124,-0.18718920964771876
23,1572667200,347,131,-216,478,44,-1.015541337736929,-1.0355732161297664
23,1572681600,135,263,128,398,44,-0.4165586243988911,-1.085041671318224
23,1572696000,417,945,528,1362,44,0.2799329027383624,-0.48894678629731003
23,1572710400,790,1198,408,1988,44,0.07098544459718635,-0.10185612444762943
23,1572724800,1044,1065,21,2109,44,-0.6028701079081064,-0.027035085975087327
23,1572739200,950,620,-330,1570,44,-1.2140414229710461,-0.3603288028073203
23,1572750000,368,160,-208,528,44,-1.0016115071941838,-1.0046554316369805
23,1572764400,99,102,3,201,44,-0.6342122266292828,-1.2068577422198008
23,1572778800,350,675,325,1025,44,-0.07353654728379375,-0.6973326537786877
23,1572793200,675,916,241,1591,44,-0.21979976798261697,-0.3473433333203502
23,1572807600,937,1135,198,2072,44,-0.2946726071498717,-0.04991424649974896
23,1572822000,800,425,-375,1225,44,-1.2923967197739872,-0.5736615158075437
23,1572836400,211,101,-110,312,44,-0.8309710830455569,-1.1382202606458158
23,1572850800,215,384,169,599,44,-0.3451682428673226,-0.9607521776572243
23,1572865200,1770,2989,1219,4759,44,1.4831220158679679,1.6116074921425703
23,1572879600,764,1360,596,2124,44,0.39833646235169545,-0.01775975062725153
23,1572894000,2374,3211,837,5585,44,0.8179726074518907,2.1223692919633947
23,1572908400,1107,950,-157,2057,44,-0.9128088374841841,-0.05918958184758476
23,1572922800,264,117,-147,381,45,-0.9743298816020528,-1.1219721729205514
23,1572937200,205,398,193,603,45,-0.4012182652871327,-0.9844089746311879
23,1572951600,1742,3036,1294,4778,45,1.4546519981326524,1.6026466688737322
23,1572966000,853,1476,623,2329,45,0.3235993671111485,0.08511390936629519
23,1572980400,1899,3144,1245,5043,45,1.372056500487267,1.7668549911560802
23,1572994800,1267,976,-291,2243,45,-1.2170595073354307,0.03182366138032559
23,1573009200,261,126,-135,387,45,-0.9541024127909379,-1.1182542486424605
23,1573023600,197,384,187,581,45,-0.41133199969269013,-0.9980413636508545
23,1573038000,1766,3095,1329,4861,45,1.5136487821650706,1.6540779547206563
23,1573052400,872,1456,584,2328,45,0.2578600934750253,0.08449425531994671
23,1573066800,1842,3174,1332,5016,45,1.5187056493678495,1.7501243319046713
23,1573081200,1323,1020,-303,2343,45,-1.2372869761465455,0.09378906601517396
23,1573095600,295,117,-178,412,45,-1.0265841760307661,-1.1027628974837482
23,1573110000,217,363,146,580,45,-0.4804425181306658,-0.9986610176972031
23,1573124400,1721,3025,1304,4746,45,1.4715082221419147,1.5828177393905807
23,1573138800,828,1474,646,2302,45,0.3623686823324519,0.06838325011488613
23,1573153200,1850,3168,1318,5018,45,1.495106935754882,1.7513636399973682
23,1573167600,1313,1127,-186,2440,45,-1.040069155238176,0.15389550851097689
23,1573182000,333,139,-194,472,45,-1.0535541344455859,-1.0655836547028392
23,1573196400,175,400,225,575,45,-0.3472783484574932,-1.0017592879289454
23,1573210800,1609,2948,1339,4557,45,1.530505006174333,1.4657031246307173
23,1573225200,810,1673,863,2483,45,0.7281487433334449,0.1805406325039617
23,1573239600,1845,3085,1240,4930,45,1.3636283884826357,1.6968340839187017
23,1573254000,1368,1051,-317,2419,45,-1.2608856897595129,0.14088277353765874
23,1573268400,624,258,-366,882,45,-1.3434811874048984,-0.8115254956999609
23,1573282800,114,206,92,320,45,-0.5714661277806825,-1.1597710697478087
23,1573297200,387,1056,669,1443,45,0.4011379975537553,-0.46389957569846146
23,1573311600,592,1407,815,1999,45,0.6472388680889857,-0.11937192592870446
23,1573326000,1058,1560,502,2618,45,0.119639056599074,0.264193928761007
23,1573340400,1045,882,-163,1927,45,-1.0012998400168724,-0.16398701726579532
23,1573354800,524,249,-275,773,45,-1.190089548920611,-0.8790677867519456
23,1573369200,127,129,2,256,45,-0.7231721438640437,-1.1994289287141118
23,1573383600,226,912,686,1138,45,0.42979357836950133,-0.652894059834749
23,1573398000,520,1375,855,1895,45,0.714663764126035,-0.1838159467489468
23,1573412400,883,1260,377,2143,45,-0.09106374351670542,-0.030141743254522797
23,1573426800,781,545,-236,1326,45,-1.1243502752844876,-0.5363990991212341
23,1573441200,244,123,-121,367,45,-0.9305036991779706,-1.1306473295694301
23,1573455600,165,341,176,506,45,-0.4298738461028787,-1.0445154171269908
23,1573470000,1395,2728,1333,4123,45,1.5203912717687755,1.1967732685154753
23,1573484400,749,1470,721,2219,45,0.48879036240191953,0.016951964267961972
23,1573498800,1644,2745,1101,4389,45,1.129326874753889,1.3616012448441719
23,1573513200,1040,858,-182,1898,45,-1.033326665634471,-0.18195698460990134
23,1573527600,193,97,-96,290,46,-0.861799611615284,-1.1366494460888605
23,1573542000,153,387,234,540,46,-0.2984309380473264,-0.9848957754135175
23,1573556400,1845,2922,1077,4767,46,1.1407199462490014,1.580955288365184
23,1573570800,813,1379,566,2192,46,0.2683520911180127,0.017892480409149914
23,1573585200,1749,3284,1535,5033,46,1.9226073780493789,1.7424211939637493
23,1573599600,1219,1035,-184,2254,46,-1.0120312579000728,0.05552739073663501
23,1573614000,221,110,-111,331,46,-0.8874072785956458,-1.1117618440981043
23,1573628400,216,367,151,583,46,-0.44012669533866117,-0.9587941440573585
23,1573642800,1805,3029,1224,4834,46,1.3916750826565463,1.6216252721061761
23,1573657200,786,1446,660,2232,46,0.42882680419494607,0.04217306771720482
23,1573671600,1834,3048,1214,4882,46,1.3746033046696384,1.650761976875842
23,1573686000,1332,986,-346,2318,46,-1.2885940612879792,0.09437633042952286
23,1573700400,239,114,-125,353,46,-0.9113077677773167,-1.0984075210786741
23,1573714800,219,373,154,592,46,-0.43500516194258887,-0.9533310119130461
23,1573729200,1737,3120,1383,4857,46,1.6631163526483803,1.6355866098083076
23,1573743600,800,1435,635,2235,46,0.38614735922767657,0.04399411176530893
23,1573758000,1746,3062,1316,4808,46,1.548735440136098,1.6058428903559405
23,1573772400,1251,1235,-16,2486,46,-0.7252253877200215,0.19635479712335344
23,1573786800,394,160,-234,554,46,-1.0973901478346118,-0.9763975698556983
23,1573801200,187,365,178,552,46,-0.3940328947740101,-0.977611599221101
23,1573815600,1599,2818,1219,4417,46,1.3831391936630923,1.3685001494197038
23,1573830000,785,1538,753,2323,46,0.5875943394731886,0.09741140384302971
23,1573844400,1710,3132,1422,4842,46,1.7296962867973207,1.626481389567787
23,1573858800,1472,1054,-418,2526,46,-1.4115108627937154,0.22063538443140834
23,1573873200,620,238,-382,858,46,-1.3500524620408474,-0.791865106314481
23,1573887600,104,176,72,280,46,-0.5749937414352329,-1.1427195929158744
23,1573902000,356,1050,694,1406,46,0.4868708493504326,-0.4592210601941289
23,1573916400,592,1295,703,1887,46,0.5022354495386496,-0.1672469978147687
23,1573930800,944,1417,473,2361,46,0.10958455583977013,0.12047796178568188
23,1573945200,1039,793,-246,1832,46,-1.1178762814189012,-0.20063280536334419
23,1573959600,481,239,-242,720,46,-1.111047570224138,-0.8756331325272705
23,1573974000,109,150,41,259,46,-0.6279162531946471,-1.155466901252603
23,1573988400,252,731,479,983,46,0.1198276226319148,-0.7159882709768095
23,1574002800,508,1166,658,1674,46,0.4254124485975645,-0.2965411252301611
23,1574017200,831,1004,173,1835,46,-0.402568783767464,-0.1988117613152401
23,1574031600,715,452,-263,1167,46,-1.1468983039966445,-0.6042975693597569
23,1574046000,182,97,-85,279,46,-0.8430206558296854,-1.1433266075985757
23,1574060400,213,373,160,586,46,-0.42476209515044416,-0.9569731000092544
23,1574074800,1801,2936,1135,4737,46,1.2397362585730667,1.562744847884143
23,1574089200,749,1323,574,2072,46,0.28200951350753894,-0.05494928151501479
23,1574103600,1827,3083,1256,4910,46,1.4463047722146511,1.6677583879914804
23,1574118000,1200,979,-221,2179,46,-1.0751968364516316,0.010001289534032072
23,1574132400,213,108,-105,321,47,-0.9528326466767647,-1.162323230027405
23,1574146800,226,378,152,604,47,-0.5182481969079403,-0.9888024946144865
23,1574161200,1840,3034,1194,4874,47,1.2437634632442582,1.629337223453222
23,1574175600,859,1428,569,2287,47,0.1868946651683234,0.04312470573866414
23,1574190000,1671,3110,1439,4781,47,1.6580560320900246,1.5723145082821923
23,1574204400,1368,1105,-263,2473,47,-1.220009078830361,0.15717013608072358
23,1574218800,265,144,-121,409,47,-0.9798884879075087,-1.1083662522311617
23,1574233200,204,341,137,545,47,-0.5436130480617628,-1.0249781956369677
23,1574247600,1799,3053,1254,4852,47,1.345222867859548,1.615847979004161
23,1574262000,791,1508,717,2299,47,0.43716119655270474,0.050482475438151854
23,1574276400,1796,3202,1406,4998,47,1.6022533595516153,1.7053675103479282
23,1574290800,1344,1098,-246,2442,47,-1.1912622475226957,0.13816256435704702
23,1574305200,292,122,-170,414,47,-1.062747001676662,-1.1053005148563753
23,1574319600,201,365,164,566,47,-0.4979563159848824,-1.0121020986628644
23,1574334000,1820,2990,1170,4810,47,1.2031797013981425,1.5900957850559543
23,1574348400,804,1513,709,2317,47,0.4236332759373328,0.06151912998738341
23,1574362800,1714,3102,1388,4816,47,1.5718155381670285,1.593774669905698
23,1574377200,1475,1106,-369,2581,47,-1.3992540269840397,0.22339006337611295
23,1574391600,304,140,-164,444,47,-1.052601061215133,-1.086906090607656
23,1574406000,195,366,171,561,47,-0.4861193854464319,-1.0151678360376508
23,1574420400,1630,2792,1162,4422,47,1.1896517807827705,1.3521945647725184
23,1574434800,852,1586,734,2438,47,0.4659080278603702,0.13570997445721777
23,1574449200,1739,3144,1405,4883,47,1.6005623694746938,1.6348555507278377
23,1574463600,1310,1127,-183,2437,47,-1.0847298726766414,0.13509682698226047
23,1574478000,583,318,-265,901,47,-1.223391058984204,-0.8066976945521659
23,1574492400,107,234,127,341,47,-0.5605229488309778,-1.1500602805282587
23,1574506800,334,1153,819,1487,47,0.6096421843986973,-0.4473932742271829
23,1574521200,611,1537,926,2148,47,0.7905781226292974,-0.04210279328040178
23,1574535600,967,1831,864,2798,47,0.6857367378601646,0.35644306544184895
23,1574550000,1008,921,-87,1929,47,-0.9223948252921778,-0.1763820902960524
23,1574564400,487,291,-196,778,47,-1.1067127436766209,-0.8821148339719148
23,1574578800,120,155,35,275,47,-0.7160940359077553,-1.190528013875441
23,1574593200,245,825,580,1070,47,0.20549555601445985,-0.7030757712843807
23,1574607600,514,1189,675,1703,47,0.36613961332200196,-0.3149534196364042
23,1574622000,729,1292,563,2021,47,0.17674872470679442,-0.11997252259998
23,1574636400,699,495,-204,1194,47,-1.1202406642919929,-0.6270454843896743
23,1574650800,180,148,-32,328,47,-0.8293903710614955,-1.1580311977027038
23,1574665200,220,423,203,643,47,-0.43200770298494406,-0.9648897430911515
23,1574679600,1697,2888,1191,4585,47,1.2386904930134937,1.4521376031905597
23,1574694000,755,1449,694,2204,47,0.3982684247835104,-0.007766534682792485
23,1574708400,1741,3140,1399,4881,47,1.5904164290131648,1.633629255777923
23,1574722800,1213,1027,-186,2240,47,-1.0898028429074058,0.014306774415670631
23,1574737200,247,146,-101,393,48,-0.851269762485688,-0.9975453080675737
23,1574751600,206,418,212,624,48,-0.2573417135717269,-0.8301953188077936
23,1574766000,1770,2911,1141,4681,48,1.5054670961441512,2.1089341462438416
23,1574780400,812,1509,697,2321,48,0.6629621321895227,0.39921131224781997
23,1574794800,1666,3109,1443,4775,48,2.0785222743295066,2.1770332760724966
23,1574809200,1323,1080,-243,2403,48,-1.120719548254961,0.4586169361409021
23,1574823600,319,166,-153,485,48,-0.9499415150209147,-0.9308950958948474
23,1574838000,192,376,184,568,48,-0.3104726572445413,-0.870765013173801
23,1574852400,1353,2349,996,3702,48,1.2303247092670766,1.3996889536666783
23,1574866800,943,2044,1101,2987,48,1.4295657480401307,0.881700891672121
23,1574881200,1524,2916,1392,4440,48,1.9817480554968803,1.9343395687044174
23,1574895600,1121,832,-289,1953,48,-1.2080060985745849,0.13261046355691497
23,1574910000,353,176,-177,529,48,-0.9954823238833271,-0.8990189074644132
23,1574924400,130,159,29,289,48,-0.6045903811476211,-1.072889026175873
23,1574938800,481,837,356,1318,48,0.01590313960274722,-0.3274208922004891
23,1574953200,835,1285,450,2120,48,0.1942713076471956,0.25359508782697243
23,1574967600,597,713,116,1310,48,-0.4395049490213763,-0.3332165628242044
23,1574982000,680,422,-258,1102,48,-1.1491825537939688,-0.4839039990408029
23,1574996400,212,159,-53,371,48,-0.7601881447608633,-1.0134834022827908
23,1575010800,93,289,196,382,48,-0.2877022528133351,-1.0055143551751824
23,1575025200,726,1272,546,1998,48,0.376434543096845,0.16521111081531367
23,1575039600,759,1731,972,2490,48,1.1847839004046643,0.5216448541738062
23,1575054000,1211,2060,849,3271,48,0.9513872549848009,1.087447198814015
23,1575068400,1005,792,-213,1797,48,-1.0637935371769456,0.019594886394466098
23,1575082800,382,180,-202,562,48,-1.04292066644834,-0.8751117661415875
23,1575097200,101,178,77,279,48,-0.5135087634227964,-1.0801336144555171
23,1575111600,301,814,513,1115,48,0.31381593091102805,-0.4744860342772655
23,1575126000,547,1193,646,1740,48,0.5661879133568964,-0.021699266799505606
23,1575140400,963,1570,607,2533,48,0.4921840989554764,0.5527965837762762
23,1575154800,915,696,-219,1611,48,-1.0751787393925487,-0.11515445560691524
23,1575169200,413,172,-241,585,48,-1.11692448084976,-0.8584492130984059
23,1575183600,121,117,-4,238,48,-0.6672089933334381,-1.1098364264020582
23,1575198000,206,636,430,842,48,0.1563206335951853,-0.6722632943115511
23,1575212400,511,989,478,1500,48,0.24740225132001,-0.1955693855109654
23,1575226800,705,903,198,1608,48,-0.2839071854081341,-0.11732783209080849
23,1575241200,655,321,-334,976,48,-1.2933951151916079,-0.5751858113643193
23,1575255600,177,107,-70,284,48,-0.7924462177050721,-1.076511320315695
23,1575270000,195,344,149,539,48,-0.37688633683555933,-0.891774319184769
23,1575284400,1678,2821,1143,4499,48,1.5092621635493522,1.9770826395543177
23,1575298800,772,1471,699,2243,48,0.6667571995947238,0.34270352366659557
23,1575313200,1711,3258,1547,4969,48,2.27586577939996,2.317578288697593
23,1575327600,958,948,-10,1906,48,-0.6785941955490411,0.09856089864258742
23,1575342000,205,131,-74,336,49,-0.9067165953881057,-1.124974829439719
23,1575356400,202,389,187,591,49,-0.45733476526583355,-0.9716940749832107
23,1575370800,1781,3016,1235,4797,49,1.347079633079535,1.556536722052376
23,1575385200,813,1338,525,2151,49,0.12462331358982921,-0.03397651830810008
23,1575399600,1668,3236,1568,4904,49,1.9204288646148475,1.6208545288243228
23,1575414000,1205,1154,-51,2359,49,-0.8671158977144955,0.09105248924858134
23,1575428400,243,142,-101,385,49,-0.9532043709179959,-1.0955208805441548
23,1575442800,206,412,206,618,49,-0.4246211454485034,-0.9554643480407569
23,1575457200,1844,2998,1154,4842,49,1.2076163064898644,1.5835862669564658
23,1575471600,836,1643,807,2479,49,0.6101623024575715,0.1631846089928206
23,1575486000,1752,3339,1587,5091,49,1.9531424844321776,1.7332604154257623
23,1575500400,1276,1222,-54,2498,49,-0.8722812061067056,0.17460552795232517
23,1575514800,281,185,-96,466,49,-0.9445955235976459,-1.0468316997167932
23,1575529200,232,373,141,605,49,-0.536536160613054,-0.9632786610130495
23,1575543600,1823,3064,1241,4887,49,1.357410249863955,1.6106358118605555
23,1575558000,852,1538,686,2390,49,0.40182819730510055,0.10968662018250983
23,1575572400,1827,3269,1442,5096,49,1.7034859121420267,1.7362659204151056
23,1575586800,1371,1286,-85,2657,49,-0.9256560594928758,0.2701805866134422
23,1575601200,371,189,-182,560,49,-1.0926676975076666,-0.9903282059171392
23,1575615600,175,418,243,593,49,-0.3609156752779131,-0.9704918729874734
23,1575630000,1623,2861,1238,4484,49,1.352244941471745,1.368392109719485
23,1575644400,854,1612,758,2466,49,0.5257955987181411,0.15537029602052804
23,1575658800,1670,3038,1368,4708,49,1.5760749718008462,1.5030387332420652
23,1575673200,1278,1124,-154,2402,49,-1.0444581525137064,0.11689983215693375
23,1575687600,563,242,-321,805,49,-1.3319936530133978,-0.8430584614393173
23,1575702000,114,185,71,299,49,-0.6570600230979545,-1.1472155663608596
23,1575716400,325,899,574,1224,49,0.20899001732925962,-0.5911971433323485
23,1575730800,641,1316,675,1957,49,0.38288873320033046,-0.15059011189462024
23,1575745200,1066,1534,468,2600,49,0.026482454137838743,0.23591782973492856
23,1575759600,980,843,-137,1823,49,-1.0151880716245163,-0.23113764560902075
23,1575774000,476,244,-232,720,49,-1.178756170711167,-0.8941520462581535
23,1575788400,94,106,12,200,49,-0.758644421478085,-1.206724565149857
23,1575802800,231,678,447,909,49,-0.009674704607631429,-0.7805439576609766
23,1575817200,528,1085,557,1613,49,0.17971993644006948,-0.3573688551614395
23,1575831600,874,1065,191,1939,49,-0.45044768740955354,-0.16140992985625613
23,1575846000,711,475,-236,1186,49,-1.185643248567447,-0.6140389812513576
23,1575860400,223,128,-95,351,49,-0.9428737541335759,-1.1159583144716891
23,1575874800,229,372,143,601,49,-0.5330926216849139,-0.965683065004524
23,1575889200,1833,3001,1168,4834,49,1.2317210789868445,1.5787774589735164
23,1575903600,731,1300,569,2031,49,0.20038117000890956,-0.10610863805233935
23,1575918000,1719,3195,1476,4914,49,1.762026073920407,1.6268655388030093
23,1575932400,1127,1218,91,2345,49,-0.6226246338165543,0.0826370752784201
23,1575946800,241,132,-109,373,50,-0.831330917490503,-0.7921598468134742
23,1575961200,201,412,211,613,50,-0.22225245796927104,-0.6488037352003339
23,1575975600,1775,3027,1252,4802,50,1.7591559056607369,1.8533577295806862
23,1575990000,784,1466,682,2250,50,0.6742348996385423,0.32900440942762743
23,1576004400,1743,3230,1487,4973,50,2.206447899371642,1.955498959105049
23,1576018800,1194,1239,45,2433,50,-0.5382119088459102,0.4383134445326469
23,1576033200,278,168,-110,446,50,-0.8332342876765069,-0.7485556961978107
23,1576047600,207,399,192,606,50,-0.25841649150334417,-0.6529849551223837
23,1576062000,1854,2900,1046,4754,50,1.3670616473439439,1.8246865072580583
23,1576076400,816,1364,548,2180,50,0.41918329471402643,0.28719221020712815
23,1576090800,1708,3282,1574,4990,50,2.3720411055539765,1.965653350344313
23,1576105200,1238,1234,-4,2472,50,-0.6314770479600988,0.4616088126697822
23,1576119600,346,136,-210,482,50,-1.0235713062768919,-0.7270522794558396
23,1576134000,187,382,195,569,50,-0.25270638094533265,-0.6750856889960762
23,1576148400,1807,3046,1239,4853,50,1.734412093242687,1.8838209032984787
23,1576162800,995,1498,503,2493,50,0.3335316363438532,0.474152472435932
23,1576170928,713,1338,625,2051,50,0.5657427990363229,0.21013830021506524
23,1576171008,12,30,18,42,50,-0.5896029038680141,-0.9898718174132636
23,1576171089,16,40,24,56,50,-0.578182682751991,-0.9815093775691637
23,1576171170,16,31,15,47,50,-0.5953130144260257,-0.9868852317546565
23,1576171251,12,30,18,42,50,-0.5896029038680141,-0.9898718174132636
23,1576171332,15,12,-3,27,50,-0.6295736777740949,-0.9988315743890849
23,1576171412,14,19,5,33,50,-0.6143467162860642,-0.9952476715987563
23,1576171492,10,19,9,29,50,-0.6067332355420487,-0.997636940125642
23,1576171582,16,22,6,38,50,-0.6124433461000603,-0.9922610859401493
23,1576171662,11,37,26,48,50,-0.5743759423799834,-0.9862879146229351
23,1576171743,17,21,4,38,50,-0.616250086472068,-0.9922610859401493
23,1576171823,15,6,-9,21,50,-0.640993898890118,-1.0024154771794134
23,1576171904,12,10,-2,22,50,-0.6276703075880911,-1.0018181600476919
23,1576171985,14,38,24,52,50,-0.578182682751991,-0.9838986460960494
23,1576177200,1721,2348,627,4069,50,0.5695495394083305,1.415524272028887
23,1576191600,1438,1220,-218,2658,50,-1.0387982677649226,0.572709799169966
23,1576206000,430,208,-222,638,50,-1.046411748508938,-0.6338708069072985
23,1576220400,187,395,208,582,50,-0.22796256852728258,-0.6673205662836978
23,1576234800,1566,2848,1282,4414,50,1.8162570112408525,1.6215986824727762
23,1576249200,792,1627,835,2419,50,0.9654505380971314,0.4299510046885471
23,1576263600,1850,3284,1434,5134,50,2.1055692795134378,2.051667017312197
23,1576278000,1424,1093,-331,2517,50,-1.2538790987833577,0.48848808359724605
23,1576292400,669,267,-402,936,50,-1.389018381989631,-0.45587030165431586
23,1576306800,110,158,48,268,50,-0.5325017982878986,-0.854878145644223
23,1576321200,318,886,568,1204,50,0.45725069843410343,-0.29578931035297584
23,1576335600,618,1276,658,1894,50,0.62855401517445,0.1163595105348026
23,1576350000,1032,1431,399,2463,50,0.13558113699945276,0.45623295848428946
23,1576364400,893,826,-67,1719,50,-0.7513893696783414,0.011829012483554452
23,1576378800,527,283,-244,810,50,-1.0882858926010226,-0.5311322602512145
23,1576393200,106,116,10,222,50,-0.6048298653560449,-0.8823547337034083
23,1576407600,222,727,505,949,50,0.33733837671586087,-0.4481051789419374
23,1576422000,590,1124,534,1714,50,0.3925361121099725,0.008842426824947363
23,1576436400,918,1185,267,2103,50,-0.11566372755305543,0.24119879106457898
23,1576450800,804,583,-221,1387,50,-1.044508378322934,-0.18648027524795632
23,1576465200,229,117,-112,346,50,-0.8370410280485147,-0.8082874093699525
23,1576479600,209,404,195,613,50,-0.25270638094533265,-0.6488037352003339
23,1576494000,1769,3051,1282,4820,50,1.8162570112408525,1.8641094379516718
23,1576508400,809,1471,662,2280,50,0.6361674959184653,0.34692392337926997
23,1576522800,1696,3113,1417,4809,50,2.0732119863513723,1.8575389495027363
23,1576537200,1206,1146,-60,2352,50,-0.7380657783763144,0.38993075686321205
23,1576551600,217,151,-66,368,51,-0.9211416264253136,-1.1544333022251203
23,1576566000,208,381,173,589,51,-0.492351993423213,-1.014967325662574
23,1576580400,1932,2866,934,4798,51,0.8729572564286638,1.6411969066983214
23,1576594800,829,1398,569,2227,51,0.21811116418696208,0.018721677095123027
23,1576609200,1661,3066,1405,4727,51,1.7179778302528872,1.596391095223476
23,1576623600,1240,1197,-43,2437,51,-0.8798773521196721,0.15124590821790468
23,1576638000,270,129,-141,399,51,-1.055699042639362,-1.1348702014403287
23,1576652400,200,426,226,626,51,-0.39726475263195216,-0.9916178182742743
23,1576666800,1717,2913,1196,4630,51,1.343011163736406,1.535177521800096
23,1576681200,868,1554,686,2422,51,0.42802073348087744,0.14177989170913458
23,1576695600,1824,3180,1356,5004,51,1.6300669849930423,1.7711968667520976
23,1576710000,1315,1430,115,2745,51,-0.5964097286287436,0.3456147805313178
23,1576724400,322,152,-170,474,51,-1.1077279102421274,-1.0875401188964782
23,1576738800,191,386,195,577,51,-0.4528818180004255,-1.02254013886959
23,1576753200,1865,2890,1025,4755,51,1.0362202547683759,1.6140609927065137
23,1576767600,851,1556,705,2407,51,0.462108612255103,0.13231387520036444
23,1576782000,1732,3318,1586,5050,51,2.042709728049457,1.8002259840456594
23,1576796400,1403,1301,-102,2704,51,-0.9857291862080568,0.3197410020740128
23,1576810800,387,127,-260,514,51,-1.2691968096989852,-1.0622974082064245
23,1576825200,179,386,207,565,51,-0.43135263140617774,-1.0301129520766061
23,1576839600,1556,2553,997,4109,51,0.9859854860484645,1.2063912150621472
23,1576854000,918,1718,800,2636,51,0.6325480061262309,0.2768283939009216
23,1576868400,1679,3223,1544,4902,51,1.96735757496959,1.706827954492461
23,1576882800,1374,1127,-247,2501,51,-1.2458735242218835,0.19163424532199053
23,1576897200,534,262,-272,796,51,-1.290725996293233,-0.8843362978415463
23,1576911600,104,193,89,297,51,-0.6430562995829471,-1.1992391136999656
23,1576926000,305,829,524,1134,51,0.1373767144585331,-0.671035392510593
23,1576940400,678,1292,614,1970,51,0.29884561391539105,-0.14346273908847168
23,1576954800,1035,1620,585,2655,51,0.24681674631262573,0.2888186814786971
23,1576969200,961,886,-75,1847,51,-0.9372885163709994,-0.22108407446038664
23,1576983600,423,242,-181,665,51,-1.1274629979535211,-0.967006175351472
23,1576998000,115,123,8,238,51,-0.7883783090941193,-1.2364721119677946
23,1577012400,239,738,499,977,51,0.09252424238718367,-0.7701130319690536
23,1577026800,540,1375,835,1915,51,0.6953414670261201,-0.17817146628729544
23,1577041200,935,1376,441,2311,51,-0.011533492818347027,0.07173136954423569
23,1577055600,851,583,-268,1434,51,-1.283549600761817,-0.48171506233519057
23,1577070000,234,144,-90,378,51,-0.9641999996138091,-1.1481226245526068
23,1577084400,173,387,214,560,51,-0.4187939392261999,-1.0332682909128628
23,1577098800,1267,2029,762,3296,51,0.5643722485777798,0.6933331202868068
23,1577113200,808,1848,1040,2656,51,1.0631317380111855,0.2894497492459484
23,1577127600,1635,3067,1432,4702,51,1.7664185000899446,1.5806144010421925
23,1577142000,1173,1118,-55,2291,51,-0.9014065387139198,0.05911001419920887
23,1577156400,330,115,-215,445,52,-1.0751502832685509,-1.0209654254997247
23,1577170800,149,284,135,433,52,-0.31463573366468506,-1.0319066853286136
23,1577179852,323,921,598,1244,52,0.6914163705255716,-0.29245987522620176
23,1577185200,889,1468,579,2357,52,0.6501312949756475,0.7223419739032487
23,1577199600,871,1828,957,2699,52,1.4714870085478227,1.034167879026584
23,1577214000,1230,1721,491,2951,52,0.4589162082181041,1.263934335433252
23,1577228400,796,534,-262,1330,52,-1.177276522786784,-0.21404751311916423
23,1577242800,282,140,-142,422,52,-0.916528677208316,-1.0419361735050952
23,1577257200,56,82,26,138,52,-0.5514816933984604,-1.3008793227888003
23,1577271600,152,443,291,595,52,0.024336465587323677,-0.8841996776386126
23,1577286000,445,703,258,1148,52,-0.04736919194675509,-0.3799899538573134
23,1577300400,701,722,21,1423,52,-0.5623461869642299,-0.12925274944527484
23,1577314800,749,386,-363,1135,52,-1.3967392928153282,-0.39184298533860973
23,1577329200,199,92,-107,291,52,-0.8404772222479293,-1.1613782599704663
23,1577343600,148,304,156,452,52,-0.2690048606884531,-1.0145830239328728
23,1577358000,976,1558,582,2534,52,0.6566499911151092,0.8837255563793608
23,1577372400,734,1361,627,2095,52,0.7544304332070348,0.4834578009725066
23,1577386800,1273,2404,1131,3677,52,1.8495713846366015,1.9258805550810336
23,1577401200,982,816,-166,1798,52,-0.9686782463240096,0.21266162020750498
23,1577415600,314,129,-185,443,52,-1.0099633218739337,-1.0227889688045395
23,1577430000,133,294,161,427,52,-0.2581403671226836,-1.037377315243058
23,1577444400,917,1791,874,2708,52,1.2911364153560487,1.0423738238982507
23,1577458800,868,1574,706,2442,52,0.926089431546193,0.7998425643578788
23,1577473200,1348,2548,1200,3896,52,1.999501395844221,2.1255585469582567
23,1577487600,1197,839,-358,2036,52,-1.3858747992495586,0.42966327348046923
