remote_unit_id,time_stamp,entries,exits,num_people_exited,sum_exit_entry,week_num,z_score_num_people_exited,z_score_sum_exit_entry
293,1546304400,527,258,-269,785,1,-0.6505265617512893,-0.6435575022134732
293,1546318800,351,206,-145,557,1,-0.3297156454307312,-0.9126855414431648
293,1546333200,174,166,-8,340,1,0.02472867340730484,-1.1688293331661608
293,1546347600,509,399,-110,908,1,-0.2391641771144446,-0.49837000736587633
293,1546362000,777,624,-153,1401,1,-0.35041312390302526,0.08356035816148327
293,1546376400,857,430,-427,1287,1,-1.0593017615790972,-0.05100366145336256
293,1546390800,262,207,-55,469,1,-0.09686901261742284,-1.01655952149673
293,1546405200,41,43,2,84,1,0.050600521497672434,-1.4710081842310778
293,1546419600,1550,940,-610,2490,1,-1.5327565816328241,1.3690008613243527
293,1546434000,1021,983,-38,2004,1,-0.05288687086379793,0.7953331987557994
293,1546448400,702,1257,555,1959,1,1.4813137208950002,0.7422158225920444
293,1546462800,739,1676,937,2415,1,2.469618317947042,1.2804719010514278
293,1546477200,451,335,-116,786,1,-0.25468728596866513,-0.6423771160765008
293,1546491600,64,123,59,187,1,0.1980700556127677,-1.3494284121229276
293,1546506000,1743,1001,-742,2744,1,-1.8742649764256765,1.668818940115325
293,1546520400,1135,1057,-78,2192,1,-0.1563742632252683,1.0172457925065979
293,1546534800,793,1284,491,2077,1,1.3157338931166476,0.8815013867547796
293,1546549200,894,1702,808,2596,1,2.1358714775813,1.49412179184342
293,1546563600,316,335,19,651,1,0.09458266325129734,-0.8017292445677656
293,1546578000,60,105,45,165,1,0.16184946828625307,-1.375396907136319
293,1546592400,1664,877,-787,2541,1,-1.9906882928323306,1.4292005543099415
293,1546601660,854,685,-169,1539,1,-0.3918080808476134,0.24645364506366507
293,1546606800,342,1048,706,1390,1,1.8719786270595509,0.07057611065478762
293,1546621200,852,1415,563,2267,1,1.5020111993672942,1.1057747527795228
293,1546635600,947,1590,643,2537,1,1.708985984090235,1.4244790097620523
293,1546650000,861,546,-315,1407,1,-0.7695370629669802,0.09064267498331727
293,1546664400,46,91,45,137,1,0.16184946828625307,-1.4084477189715443
293,1546678800,329,207,-122,536,1,-0.2702103948228857,-0.9374736503195839
293,1546693200,719,552,-167,1271,1,-0.3866337112295399,-0.06988983964491988
293,1546707600,799,601,-198,1400,1,-0.4668364403096794,0.08237997202451094
293,1546722000,780,508,-272,1288,1,-0.6582881161783997,-0.049823275316390234
293,1546736400,461,368,-93,829,1,-0.19518203536081968,-0.5916205121866905
293,1546750800,39,96,57,135,1,0.19289568599469417,-1.4108084912454888
293,1546765200,196,138,-58,334,1,-0.10463056704453312,-1.175911649987995
293,1546779600,618,491,-127,1109,1,-0.2831463188680695,-0.26111239383443763
293,1546794000,767,604,-163,1371,1,-0.3762849719933929,0.04814877405231331
293,1546808400,701,368,-333,1069,1,-0.8161063895296419,-0.3083278393133309
293,1546822800,405,265,-140,670,1,-0.3167797213855474,-0.7793019079652913
293,1546837200,69,54,-15,123,1,0.006618379744047526,-1.4249731248891568
293,1546851600,1772,1069,-703,2841,1,-1.7733647688732428,1.783316395401641
293,1546866000,1194,1208,14,2402,1,0.08164673920611354,1.2651268812707874
293,1546880400,764,1225,461,1989,1,1.238118348845545,0.7776274067012144
293,1546894800,832,1085,253,1917,1,0.699983908565899,0.6926396048392065
293,1546909200,343,387,44,730,2,0.09891507683178748,-0.8624055917637802
293,1546923600,63,122,59,185,2,0.13581514887140744,-1.455627436930477
293,1546938000,1882,1085,-797,2967,2,-1.969948962189572,1.572525174544294
293,1546952400,1205,1203,-2,2408,2,-0.014245144089713753,0.9640646030797374
293,1546966800,803,1369,566,2172,2,1.3830375838105622,0.70718321691581
293,1546981200,917,1273,356,2190,2,0.8664365752558828,0.7267758650130587
293,1546995600,358,498,140,856,2,0.33507553788535527,-0.7252570550830393
293,1547010000,46,114,68,160,2,0.15795519209517941,-1.4828394481766556
293,1547024400,1864,1016,-848,2880,2,-2.09540920712428,1.4778273754075921
293,1547038800,1191,1119,-72,2310,2,-0.18644548027460695,0.8573935189947167
293,1547053200,789,1074,285,1863,2,0.6917762342683483,0.37084275791304067
293,1547067600,831,1891,1060,2722,2,2.5982799563153796,1.3058474643317424
293,1547082000,405,562,157,967,2,0.3768956195302579,-0.6044357251500057
293,1547096400,62,85,23,147,2,0.047254975976319516,-1.4969896940246685
293,1547110800,1731,1081,-650,2812,2,-1.6083282562012964,1.403810704817986
293,1547125200,1240,1211,-29,2451,2,-0.0806652737610297,1.0108692624231648
293,1547139600,832,1637,805,2469,2,1.9709787316418403,1.0304619105204136
293,1547154000,891,1940,1049,2831,2,2.571219903486325,1.4244918333650818
293,1547168400,580,495,-85,1075,2,-0.21842554270894424,-0.48687983656651346
293,1547182800,39,107,68,146,2,0.15795519209517941,-1.4980781744745157
293,1547197200,1637,1026,-611,2663,2,-1.5123880688982845,1.2416271177907605
293,1547211600,1102,1106,4,2208,2,0.0005148847261342319,0.7463685131103074
293,1547226000,801,1198,397,1999,2,0.9672967721641774,0.5188760990922531
293,1547240400,977,822,-155,1799,2,-0.3906258788938374,0.3011800091228231
293,1547254800,490,645,155,1135,2,0.37197560992497525,-0.42157100957568444
293,1547269200,118,156,38,274,2,0.0841550480159395,-1.3587526768940805
293,1547283600,347,293,-54,640,2,-0.14216539382706297,-0.9603688322500237
293,1547298000,754,602,-152,1356,2,-0.3832458644859134,-0.18101683015946432
293,1547312400,893,806,-87,1699,2,-0.2233455523142269,0.1923319641381081
293,1547326800,830,584,-246,1414,2,-0.6144863159341986,-0.11788496406832963
293,1547341200,528,542,14,1070,2,0.025114932752547545,-0.4923222388157492
293,1547355600,91,158,67,249,2,0.15549518729253808,-1.3859646881402592
293,1547370000,200,201,1,401,2,-0.006865129681789761,-1.2205156597634925
293,1547384400,633,611,-22,1244,2,-0.06344524014254038,-0.30292664054234514
293,1547398800,1023,628,-395,1651,2,-0.9810270315277568,0.1400849025454449
293,1547413200,778,538,-240,1316,2,-0.5997262871183505,-0.2245560481533503
293,1547427600,424,256,-168,680,2,-0.4226059413281747,-0.9168296142561376
293,1547442000,76,127,51,203,2,0.1161351104502768,-1.436034788833228
293,1547450608,25,229,204,254,2,0.49251584525440045,-1.3805222858910235
293,1547456400,1801,880,-921,2681,2,-2.274989557717097,1.2612197658880093
293,1547470800,1270,1147,-123,2417,2,-0.3119057252093148,0.9738609271283617
293,1547485200,817,870,53,1687,2,0.12105512005555946,0.1792701987399423
293,1547499600,961,1117,156,2078,2,0.3744356147276166,0.604866054630178
293,1547514000,561,569,8,1130,3,0.03070464249158704,-0.3759301281364431
293,1547528400,36,140,104,176,3,0.21368939450622718,-1.3184724204943057
293,1547539751,68,552,484,620,3,0.9380040378975112,-0.8798049385164325
293,1547542800,1824,570,-1254,2394,3,-2.374782410034203,0.8728890097465111
293,1547557200,1206,1216,10,2422,3,0.034516824825225376,0.9005527248261967
293,1547571600,834,1019,185,1853,3,0.36808277901857983,0.3383865148140125
293,1547586000,966,962,-4,1928,3,0.007831548489757015,0.4124857516345992
293,1547600400,611,601,-10,1212,3,-0.003604998511157994,-0.29491496254593497
293,1547614800,47,130,83,177,3,0.17366148000302464,-1.3174844306700313
293,1547624983,43,373,330,416,3,0.6444659982073593,-1.0813548626684284
293,1547626534,23,211,188,234,3,0.37380105251903734,-1.2611690106863853
293,1547629200,1759,472,-1287,2231,3,-2.4376834185392355,0.7118466683897694
293,1547643600,1286,1144,-142,2430,3,-0.25520903253128824,0.9084566434203927
293,1547658000,885,1598,713,2483,3,1.3744989150991007,0.9608201041069406
293,1547672400,868,1995,1127,2863,3,2.1636206581622366,1.3362562373312465
293,1547686800,378,718,340,1096,3,0.663526909875551,-0.4095217821617757
293,1547701200,53,147,94,200,3,0.1946284828380355,-1.294760664711718
293,1547713208,69,592,523,661,3,1.0123415934034585,-0.8392973557211785
293,1547715600,1750,657,-1093,2407,3,-2.067901732176317,0.8857328774620794
293,1547730000,1290,1208,-82,2498,3,-0.14084356252213812,0.975639951471058
293,1547744400,908,1517,609,2425,3,1.1762654337499072,0.9035166942990203
293,1547758800,1026,2080,1054,3106,3,2.024476002984437,1.5763377646299472
293,1547773200,559,626,67,1185,3,0.14316402133391795,-0.3215906878013462
293,1547787600,55,111,56,166,3,0.1221970184989071,-1.3283523187370505
293,1547802000,1585,976,-609,2561,3,-1.14535360743584,1.0378833104003509
293,1547816400,1257,1095,-162,2352,3,-0.2933308558676716,0.8313934371269825
293,1547830800,879,1377,498,2256,3,0.9646893142329795,0.7365464139966316
293,1547845200,995,1484,489,2479,3,0.947534493731607,0.9568681448098427
293,1547859600,362,456,94,818,3,0.1946284828380355,-0.6841829533100837
293,1547874000,93,196,103,289,3,0.211783303339408,-1.2068295703512883
293,1547888400,450,346,-104,796,3,-0.18277756819215982,-0.7059187294441225
293,1547902800,3331,1631,-1700,4962,3,-3.2248990704355522,3.4100468784833993
293,1547917200,957,928,-29,1885,3,-0.039820730680722186,0.37000218919079614
293,1547931600,701,623,-78,1324,3,-0.13321919785486144,-0.18426010222719222
293,1547946000,658,452,-206,1110,3,-0.377198867207715,-0.39568992462193286
293,1547960400,66,78,12,144,3,0.03832900715886371,-1.3500880948710894
293,1547974800,214,199,-15,413,3,-0.013135454345253835,-1.0843188321412518
293,1547989200,707,579,-128,1286,3,-0.22852375619581985,-0.2218037155496228
293,1548003600,796,795,-1,1591,3,0.013549821990214522,0.07953318085409637
293,1548018000,796,526,-270,1322,3,-0.4991887018841417,-0.1862360818757412
293,1548032400,599,240,-359,839,3,-0.6688308157310476,-0.6634351670003195
293,1548046800,37,35,-2,72,3,0.011643730823395352,-1.4212233622188526
293,1548061200,784,604,-180,1388,3,-0.32764049687041663,-0.1210287534736249
293,1548075600,830,922,92,1752,3,0.19081630050439716,0.2385995425622891
293,1548090000,959,980,21,1939,3,0.055483827660236226,0.42335363970161854
293,1548104400,767,825,58,1592,3,0.12600920083254544,0.08052117067837086
293,1548118800,382,161,-221,543,4,-0.5699444672956383,-1.0981240492862065
293,1548133200,67,49,-18,116,4,-0.21949397485639036,-1.4833546095127008
293,1548147600,1863,1027,-836,2890,4,-1.6316540872470544,1.0192907630125794
293,1548162000,1314,1226,-88,2540,4,-0.3403389722492345,0.7035280087285678
293,1548176400,845,1773,928,2618,4,1.4136398470526175,0.7738979939690046
293,1548190800,895,1966,1071,2861,4,1.6605089131551418,0.9931275633719041
293,1548205200,405,346,-59,751,4,-0.29027461618648476,-0.9104707553117083
293,1548219600,58,57,-1,115,4,-0.19014590406098533,-1.484256788810655
293,1548234000,1779,1055,-724,2834,4,-1.4383020914185038,0.9687687223271375
293,1548248400,1349,1249,-100,2598,4,-0.3610552575165792,0.7558544080099183
293,1548262800,925,1849,924,2774,4,1.4067344186301691,0.9146379644498783
293,1548277200,959,2331,1372,3290,4,2.1801424019443716,1.3801624821943068
293,1548291600,635,448,-187,1083,4,-0.5112483257048283,-0.6109472283908746
293,1548306000,62,52,-10,114,4,-0.20568311801149386,-1.4851589681086093
293,1548320400,1901,1024,-877,2925,4,-1.7024347285771488,1.0508670384409804
293,1548334800,1313,1203,-110,2516,4,-0.3783188285726998,0.6818757055776642
293,1548349200,931,1926,995,2857,4,1.5293057731286255,0.9895188461800868
293,1548363600,1049,2137,1088,3186,4,1.6898569839505468,1.2863358352070577
293,1548378000,487,483,-4,970,4,-0.1953249753778215,-0.7128934890597125
293,1548392400,39,57,18,96,4,-0.15734511905435622,-1.501398195471787
293,1548406800,1743,1110,-633,2853,4,-1.2812035948078067,0.9859101289882696
293,1548421200,1280,1271,-9,2551,4,-0.2039567609058818,0.7134519810060653
293,1548435600,967,2016,1049,2983,4,1.6225290568316766,1.103193437722331
293,1548450000,1097,2046,949,3143,4,1.4498933462704706,1.247542125395022
293,1548464400,572,410,-162,982,4,-0.46808939806452676,-0.7020673374842608
293,1548478800,52,73,21,125,4,-0.15216604773752004,-1.475234995831112
293,1548493200,445,285,-160,730,4,-0.46463668385330265,-0.929416520568749
293,1548507600,783,833,50,1616,4,-0.10210169167477033,-0.13008566258122267
293,1548522000,933,967,34,1900,4,-0.12972340536456328,0.12613325803780384
293,1548536400,972,635,-337,1607,4,-0.7702018915466371,-0.13820527626281154
293,1548550800,628,336,-292,964,4,-0.6925158217940944,-0.7183065648474385
293,1548565200,99,54,-45,153,4,-0.26610561670791594,-1.449973975488391
293,1548579600,267,195,-72,462,4,-0.31271725855944155,-1.1712005724205063
293,1548594000,678,711,33,1389,4,-0.13144976247017534,-0.334880363216853
293,1548608400,754,800,46,1554,4,-0.10900712009721857,-0.18602077905439043
293,1548622800,827,628,-199,1455,4,-0.531964610972173,-0.275336529551868
293,1548637200,565,154,-411,719,4,-0.8979523173619295,-0.9393404928462465
293,1548651600,68,46,-22,114,4,-0.2263994032788386,-1.4851589681086093
293,1548666000,1624,1088,-536,2712,4,-1.1137469555634367,0.8587028479767106
293,1548680400,1154,1104,-50,2258,4,-0.27473740223597626,0.44911344670544995
293,1548694800,903,1835,932,2738,4,1.4205452754750656,0.8821595097235229
293,1548709200,1003,2240,1237,3243,4,1.9470841926867437,1.3377600551904538
293,1548723600,372,370,-2,742,5,-0.19865888079181784,-0.8448761316225818
293,1548738000,36,66,30,102,5,-0.14192122605267235,-1.4335062271112415
293,1548752400,1757,1127,-630,2884,5,-1.312135355047548,1.1251952192160264
293,1548766800,1389,1241,-148,2630,5,-0.4575244305391692,0.8915826500689644
293,1548781200,917,1902,985,2819,5,1.5513431575687011,1.0654124751429592
293,1548795600,970,2296,1326,3266,5,2.1559537908827204,1.47653380746082
293,1548810000,509,426,-83,935,5,-0.3422760693502799,-0.6673673684517829
293,1548824400,50,55,5,105,5,-0.18624751881762977,-1.4307470235386386
293,1548838800,1982,999,-983,2981,5,-1.938022608888747,1.2144094680635262
293,1548853200,1388,1185,-203,2573,5,-0.5550422746220754,0.8391577821895057
293,1548867600,945,1991,1046,2936,5,1.6594993119151973,1.17302141447448
293,1548882000,935,2199,1264,3134,5,2.0460245848256258,1.355128850266284
293,1548896400,648,423,-225,1071,5,-0.594049412255238,-0.5422834731604427
293,1548910800,51,69,18,120,5,-0.16319784657985192,-1.416951005675623
293,1548925200,1952,997,-955,2949,5,-1.8883771609919946,1.1849779632890933
293,1548939600,1275,1131,-144,2406,5,-0.450432223696776,0.6855621166479335
293,1548954000,901,1743,842,2644,5,1.2977967629531446,0.9044589334077789
293,1548968400,1004,2081,1077,3085,5,1.7144639149437444,1.3100618585804336
293,1548982800,623,403,-220,1026,5,-0.5851841537022465,-0.5836715267494891
293,1548997200,57,45,-12,102,5,-0.21638939789780082,-1.4335062271112415
293,1549011600,1631,970,-661,2601,5,-1.3670999580760952,0.8649103488671346
293,1549021990,994,997,3,1991,5,-0.18979362223882637,0.30387228910450576
293,1549022069,7,5,-2,12,5,-0.19865888079181784,-1.5162823342893343
293,1549022161,195,1054,859,1249,5,1.3279386420333157,-0.37857072785265916
293,1549022253,3,10,7,13,5,-0.18270141539643317,-1.5153625997651334
293,1549026000,240,347,107,587,5,-0.005396244336603508,-0.9874349828737417
293,1549040400,884,1949,1065,2833,5,1.693187294416565,1.0782887584817737
293,1549054800,1042,1959,917,3001,5,1.430775641248017,1.2328041585475469
293,1549069200,809,544,-265,1353,5,-0.6649714806791699,-0.28291833733575195
293,1549083600,107,88,-19,195,5,-0.2288007598719889,-1.3479709163605458
293,1549098000,488,369,-119,857,5,-0.40610593093181857,-0.7391066613394632
293,1549112400,715,827,112,1542,5,0.0034690142163879764,-0.10908851226175713
293,1549126800,865,940,75,1805,5,-0.062133899075749004,0.132801667603114
293,1549141200,917,781,-136,1698,5,-0.4362478100119896,0.03439007351360369
293,1549155600,616,352,-264,968,5,-0.6631984289685716,-0.6370161291531489
293,1549170000,98,46,-52,144,5,-0.2873114663217327,-1.3948773770947982
293,1549184400,303,294,-9,597,5,-0.21107024276600592,-0.9782376376317313
293,1549198800,764,850,86,1614,5,-0.04263033025916774,-0.0428676265192829
293,1549213200,1000,1019,19,2019,5,-0.16142479486925362,0.3296248557821346
293,1549227600,838,530,-308,1368,5,-0.7412127042348966,-0.2691223194727365
293,1549242000,594,284,-310,878,5,-0.7447588076560933,-0.7197922363312417
293,1549256400,59,55,-4,114,5,-0.20220498421301444,-1.4224694128208293
293,1549270800,1710,1094,-616,2804,5,-1.287312631099172,1.0516164572799438
293,1549285200,1285,1153,-132,2438,5,-0.42915560316959644,0.7149936214223666
293,1549299600,804,1696,892,2500,5,1.3864493484830596,0.7720171619228304
293,1549314000,934,1763,829,2697,5,1.2747470907153668,0.9532048631904335
293,1549328400,599,434,-165,1033,6,-0.5235949750474231,-0.6484317535484927
293,1549342800,68,38,-30,106,6,-0.27410487917209275,-1.50179739936358
293,1549357200,1656,1104,-552,2760,6,-1.2387999165567036,0.9413875240379752
293,1549371600,1206,1287,81,2493,6,-0.06896857811904326,0.695596124434277
293,1549384257,750,1506,756,2256,6,1.1784819012576089,0.47742173602200544
293,1549386000,515,797,282,1312,6,0.30249445351755977,-0.3915935494682237
293,1549386868,70,142,72,212,6,-0.08560125117739863,-1.4042172931538721
293,1549400400,873,2039,1166,2912,6,1.9361925628049086,1.0813137140745375
293,1549414800,775,485,-290,1260,6,-0.7546043230801365,-0.43946303553336347
293,1549429200,80,71,-9,151,6,-0.23529530870259688,-1.4603718825764398
293,1549443600,1897,1026,-871,2923,6,-1.8283357727361882,1.091439951511394
293,1549458000,1424,1215,-209,2639,6,-0.6049102655549383,0.829998912232554
293,1549472400,968,1942,974,2910,6,1.5813622042266609,1.079472579995109
293,1549486800,1091,2404,1313,3495,6,2.2078595560913796,1.6180042982279312
293,1549501200,834,536,-298,1370,6,-0.7693889213542302,-0.33820066116479863
293,1549515600,75,56,-19,131,6,-0.25377605654521396,-1.4787832233707243
293,1549530000,1795,1054,-741,2849,6,-1.5880860507821664,1.0233179905725414
293,1549544400,1385,1265,-120,2650,6,-0.4404316097556464,0.8401251496694104
293,1549558800,903,1976,1073,2879,6,1.76432160786857,1.050935001763968
293,1549573200,1028,2238,1210,3266,6,2.0175078533124235,1.4071944461333734
293,1549587600,520,539,19,1059,6,-0.18354921474326907,-0.6244970105159229
293,1549602000,67,42,-25,109,6,-0.2648645052507842,-1.4990356982444373
293,1549616400,1775,1012,-763,2787,6,-1.6287436960359238,0.9662428341102594
293,1549630800,1264,1314,50,2578,6,-0.12625889643115618,0.7738443228099862
293,1549645200,914,1934,1020,2848,6,1.6663736443026995,1.022397423532827
293,1549659600,1100,2108,1008,3208,6,1.644196746891559,1.3538015578299483
293,1549674000,722,589,-133,1311,6,-0.46445658195104855,-0.39251411650793794
293,1549688400,92,57,-35,149,6,-0.2833452530934013,-1.4622130166558682
293,1549702800,516,526,10,1042,6,-0.20018188780162444,-0.6401466501910646
293,1549717200,979,1160,181,2139,6,0.11583890030712742,0.369715392375441
293,1549731600,1086,1227,141,2313,6,0.04191590893665915,0.5298940572857163
293,1549746000,1045,1057,12,2102,6,-0.19648573823310103,0.33565441190601464
293,1549760400,807,424,-383,1231,6,-0.9264752780164752,-0.466159479685076
293,1549774800,102,56,-46,158,6,-0.30367407572028005,-1.4539279132984402
293,1549789200,314,250,-64,564,6,-0.33693942183699077,-1.0801776951744646
293,1549803600,819,812,-7,1631,6,-0.23159915913407347,-0.09793266379938569
293,1549818000,1005,1041,36,2046,6,-0.15213194341082006,0.28410265768201803
293,1549832400,1076,841,-235,1917,6,-0.6529602099457427,0.1653495095588829
293,1549846800,707,274,-433,981,6,-1.0188790172295605,-0.6963012396136324
293,1549861200,79,51,-28,130,6,-0.2704087296035693,-1.4797037904104386
293,1549875600,1760,1100,-660,2860,6,-1.438391993256968,1.0334442280093978
293,1549890000,1332,1319,-13,2651,6,-0.24268760783964374,0.8410457167091246
293,1549904400,916,1938,1022,2854,6,1.6700697938712228,1.0279208257711125
293,1549906709,185,536,351,721,6,0.43001161363161755,-0.9356486699393312
293,1549907148,57,130,73,187,6,-0.08375317639313692,-1.4272314691467278
293,1549907986,71,205,134,276,6,0.028979385446827197,-1.3453010026121617
293,1549918800,746,1452,706,2198,6,1.0860781620445235,0.42402884771858035
293,1549933200,537,543,6,1080,7,-0.042918800748956806,-0.5674054357383932
293,1549947600,50,135,85,185,7,0.13283507877592893,-1.442153785674565
293,1549962000,1675,1096,-579,2771,7,-1.3443874022939968,1.0853313907890556
293,1549963289,24,205,181,229,7,0.3464094133884484,-1.3991493975212783
293,1549976400,1280,1130,-150,2410,7,-0.3899770944943008,0.7324999334404992
293,1549990800,908,1905,997,2813,7,2.1617912575948632,1.1263810340262839
293,1550005200,1041,1890,849,2931,7,1.8325308250672292,1.2417109840737344
293,1550019600,526,544,18,1070,7,-0.016222008922391885,-0.5771791603186855
293,1550034000,67,148,81,215,7,0.12393614816707396,-1.4128326119336878
293,1550046158,1490,703,-787,2193,7,-1.8071317939544556,0.5204101100481536
293,1550046849,85,739,654,824,7,1.3987079578855492,-0.8176127849938792
293,1550047315,295,131,-164,426,7,-0.4211233516252932,-1.2066070232895176
293,1550048400,288,293,5,581,7,-0.045143533401170555,-1.055114292294985
293,1550049418,253,93,-160,346,7,-0.41222442101643825,-1.2847968199318571
293,1550062800,1410,1230,-180,2640,7,-0.4567190740607131,0.9572955987872249
293,1550077200,1057,1745,688,2802,7,1.4743488680608166,1.115629936987962
293,1550091600,1215,2274,1059,3489,7,2.299724682032115,1.7870848156540518
293,1550106000,750,685,-65,1435,7,-0.2008748190561326,-0.22043821313801212
293,1550120400,87,123,36,210,7,0.023823178817455503,-1.417719474223834
293,1550132138,1406,574,-832,1980,7,-1.9072447633040739,0.312229776487925
293,1550134800,688,1059,371,1747,7,0.7691086173090596,0.08450199376711151
293,1550149200,1537,1306,-231,2843,7,-0.5701804393236141,1.155702207767161
293,1550163600,1077,1955,878,3032,7,1.8970480719814278,1.3404256023346879
293,1550178000,1274,2082,808,3356,7,1.7413167863264658,1.6570942787361624
293,1550192400,726,687,-39,1413,7,-0.1430317700985753,-0.24194040721465543
293,1550206800,84,114,30,198,7,0.01047478290417304,-1.4294479437201848
293,1550221200,1799,980,-819,2779,7,-1.8783232388252953,1.0931503704532897
293,1550235600,1355,1234,-121,2589,7,-0.3254598475801022,0.9074496034277336
293,1550250000,1050,1964,914,3014,7,1.9771384474611224,1.3228328980901616
293,1550264400,1322,1701,379,3023,7,0.7869064785267695,1.3316292502124247
293,1550278800,436,529,93,965,7,0.1506329399936389,-0.679803268411756
293,1550293200,73,96,23,169,7,-0.005098345661323165,-1.4577917450030329
293,1550307600,437,547,110,984,7,0.18845339508127254,-0.6612331917092004
293,1550322000,1079,958,-121,2037,7,-0.3254598475801022,0.3679400065955918
293,1550336400,1116,1024,-92,2140,7,-0.2609426006659037,0.46860936977260376
293,1550350800,1118,852,-266,1970,7,-0.6480460821510952,0.30245605190763253
293,1550365200,773,464,-309,1237,7,-0.7437095861962861,-0.4139579598278021
293,1550379600,128,56,-72,184,7,-0.21644794762162883,-1.4431311581325943
293,1550394000,347,282,-65,629,7,-0.2008748190561326,-1.0082004143095815
293,1550408400,1046,807,-239,1853,7,-0.587978300541324,0.1881034743182112
293,1550422800,1123,1013,-110,2136,7,-0.3009877884057511,0.4646998799404868
293,1550437200,1175,636,-539,1811,7,-1.255398096205447,0.14705383108098302
293,1550451600,682,278,-404,960,7,-0.9550591881565917,-0.6846901307019022
293,1550466000,67,41,-26,108,7,-0.11411024561979662,-1.5174114649428168
293,1550480400,783,633,-150,1416,7,-0.3899770944943008,-0.2390082898405677
293,1550494800,1153,883,-270,2036,7,-0.6569450127599501,0.3669626341375625
293,1550509200,1140,1132,-8,2272,7,-0.07406505787994923,0.5976225342324637
293,1550523600,1214,961,-253,2175,7,-0.6191245576723164,0.5028174058036272
293,1550538000,521,319,-202,840,8,-0.4491552603588101,-0.9967304912375851
293,1550552400,31,34,3,65,8,-0.09479554525122053,-1.6024532585585878
293,1550566800,1880,1034,-846,2914,8,-1.5623633409894815,0.6242617918898467
293,1550581200,1583,1998,415,3581,8,0.6173810529162276,1.1455741606680516
293,1550595600,1097,1669,572,2766,8,0.8887687371693571,0.5085882827756423
293,1550610000,1214,2077,863,3291,8,1.3917866742245206,0.9189166090253538
293,1550624400,314,295,-19,609,8,-0.13282439272618135,-1.1772749547874581
293,1550638800,35,67,32,102,8,-0.04466660994331763,-1.5735348812800367
293,1550653200,1818,1084,-734,2902,8,-1.3687619356624081,0.6148828587184246
293,1550667600,1484,1213,-271,2697,8,-0.5684275547120963,0.4546594170399659
293,1550682000,1059,1777,718,2836,8,1.1411419976850061,0.5632987262756038
293,1550696400,1117,1821,704,2938,8,1.116941822019122,0.6430196582326906
293,1550710800,372,302,-70,674,8,-0.2209821755090451,-1.1264724001089224
293,1550725200,49,104,55,153,8,-0.0049091784922222215,-1.5336744153014932
293,1550735645,50,414,364,464,8,0.5292232701333638,-1.290603730608807
293,1550739600,1751,1052,-699,2803,8,-1.3082614964976977,0.5375066600541933
293,1550754000,2521,1220,-1301,3741,8,-2.3488690501307166,1.270626602953678
293,1550768400,1070,1747,677,2817,8,1.0702700546634882,0.5484487487541857
293,1550782800,1305,2130,825,3435,8,1.3261004831314065,1.0314638070824176
293,1550797200,714,427,-287,1141,8,-0.5960848983302496,-0.7614755841877505
293,1550811600,116,56,-60,172,8,-0.20369633574769924,-1.5188244377800753
293,1550826000,1638,1101,-537,2739,8,-1.0282308923638954,0.48748568313994284
293,1550840400,1448,1325,-123,2773,8,-0.31259712624417796,0.5140593271256384
293,1550854800,1108,1934,826,3042,8,1.3278290671075412,0.7243037457183478
293,1550869200,1423,1964,541,3387,8,0.835182633909185,0.9939480743967296
293,1551488400,3106,6795,3689,9901,9,3.809051590326046,3.874322568295537
293,1551502800,123,92,-31,215,9,-0.3309664999596689,-0.7153806458618852
293,1551517200,344,422,78,766,9,-0.20965951828194235,-0.4542897444577204
293,1551531600,606,683,77,1289,9,-0.21077242637072882,-0.20646662025739707
293,1551546000,678,922,244,1600,9,-0.024916775543386272,-0.059099523457587184
293,1551560400,725,815,90,1540,9,-0.19630462121650455,-0.0875304746086759
293,1551574800,517,414,-103,931,9,-0.41109588235229566,-0.37610462879222645
293,1551589200,99,49,-50,148,9,-0.3521117536466121,-0.7471285413139342
293,1551603600,217,224,7,441,9,-0.2886759925857826,-0.608290729859451
293,1551618000,675,705,30,1380,9,-0.2630791065436935,-0.1633463443449125
293,1551632400,865,657,-208,1522,9,-0.5279512316748763,-0.09605975995400252
293,1551646800,889,567,-322,1456,9,-0.6548227537965353,-0.1273338062202001
293,1551661200,389,340,-49,729,9,-0.3509988455578256,-0.47182216433422514
293,1551675600,72,41,-31,113,9,-0.3309664999596689,-0.763713262818736
293,1551690000,1336,797,-539,2133,9,-0.896323809063202,0.19346209260125097
293,1551704400,994,1098,104,2092,9,-0.1807239079734938,0.17403427598134033
293,1551718800,686,1493,807,2179,9,0.6016504784434034,0.215259155150419
293,1551733200,804,1806,1002,2610,9,0.8186675557567674,0.4194881542524063
293,1551747600,348,222,-126,570,10,-0.57924458153985,-1.017709218933449
293,1551762000,69,68,-1,137,10,-0.3466332206703134,-1.442356525966302
293,1551776400,1647,1010,-637,2657,10,-1.5301598247745163,1.029031958381942
293,1551790800,1102,1218,116,2320,10,-0.12890898689642694,0.6985327840861649
293,1551805200,780,1807,1027,2587,10,1.5663626111207571,0.9603822782611574
293,1551819600,880,2131,1251,3011,10,1.983202169798967,1.3762031978499096
293,1551834000,422,450,28,872,10,-0.2926673849485808,-0.7215348846980641
293,1551848400,31,46,15,77,10,-0.3168589664790126,-1.5011991089269745
293,1551859238,62,450,388,512,10,0.3772533343556851,-1.074590382462099
293,1551862800,1651,1021,-630,2672,10,-1.5171335885658224,1.04374260412211
293,1551865323,69,392,323,461,10,0.25629542670352595,-1.1246065779786707
293,1551877200,1113,1205,92,2318,10,-0.173570368183378,0.6965713646541425
293,1551891600,767,1754,987,2521,10,1.4919269756425053,0.8956554370044176
293,1551906000,906,2187,1281,3093,10,2.0390288964076557,1.4566213945628286
293,1551920400,418,479,61,897,10,-0.23125798567902311,-0.697017141797784
293,1551934800,54,74,20,128,10,-0.3075545120442312,-1.4511829134104028
293,1551949200,1629,1087,-542,2716,10,-1.3533751905136684,1.0868938316266032
293,1551963600,1150,1222,72,2372,10,-0.21078818592250387,0.7495296893187477
293,1551978000,742,1780,1038,2522,10,1.5868324108772762,0.8966361467204289
293,1551992400,842,2060,1218,2902,10,1.9217927705294093,1.2693058388046878
293,1552006800,383,470,87,853,10,-0.18287482261815946,-0.7401683693022771
293,1552021200,33,50,17,83,10,-0.31313718470510005,-1.4953148506309073
293,1552035600,1426,1001,-425,2427,10,-1.1356509567397821,0.8034687236993642
293,1552050000,1007,1197,190,2204,10,0.00879693873833883,0.5847704570288648
293,1552064400,856,1795,939,2651,10,1.4026042130686032,1.0231477000858746
293,1552078800,923,1964,1041,2887,10,1.5924150835381452,1.2545951930645198
293,1552093200,671,328,-343,999,10,-0.9830579040093659,-0.5969847507646407
293,1552107600,122,116,-6,238,10,-0.35593767510509483,-1.34330484464917
293,1552122000,525,360,-165,885,10,-0.6518193261311456,-0.7087856583899185
293,1552136400,839,713,-126,1552,10,-0.57924458153985,-0.05465227781044279
293,1552150800,940,899,-41,1839,10,-0.4210688561485651,0.2268114106847739
293,1552165200,911,1010,99,1921,10,-0.16054413197468395,0.30722960739769295
293,1552179600,646,406,-240,1052,10,-0.7913861426528676,-0.5450071358160468
293,1552197600,131,60,-71,191,10,-0.4768955827572539,-1.3893982013016968
293,1552212000,383,385,2,768,10,-0.34105054800944445,-0.8235286951632298
293,1552226400,648,594,-54,1242,10,-0.4452604376789969,-0.35867228977391724
293,1552240800,749,728,-21,1477,10,-0.38385103840943924,-0.12820550651128337
293,1552255200,741,552,-189,1293,10,-0.6964807074180966,-0.30865609425734564
293,1552269600,334,161,-173,495,10,-0.6667064532267959,-1.0912624476342896
293,1552284000,105,94,-11,199,10,-0.3652421295398763,-1.381552523573607
293,1552298400,2008,1393,-615,3401,10,-1.489220225261478,1.7586799870942806
293,1552312800,822,1151,329,1973,10,0.2674607720252637,0.3582265126302757
293,1552327200,751,1994,1243,2745,10,1.9683150427033167,1.1153344133909282
293,1552341600,658,1362,704,2020,10,0.9652948546338741,0.4043198692828025
293,1552356000,432,397,-35,829,11,-0.6860145400228261,-0.9122010662373798
293,1552370400,96,93,-3,189,11,-0.6281137851267083,-1.52801790280926
293,1552384800,2131,1497,-634,3628,11,-1.7698442957345313,1.781035379957452
293,1552399200,839,1057,218,1896,11,-0.22823669662539467,0.11448106598480155
293,1552413600,784,2197,1413,2981,11,1.933994619026505,1.1584830467355671
293,1552428000,653,1596,943,2249,11,1.0835772814897746,0.4541425399064792
293,1552442400,396,443,47,839,11,-0.5376438556015243,-0.9025789281659442
293,1552456800,127,158,31,285,11,-0.5665942330495831,-1.4356453773234779
293,1552463707,882,493,-389,1375,11,-1.3265416410611293,-0.3868323275369946
293,1552471200,1325,1488,163,2813,11,-0.32775361910309714,0.9968311271354485
293,1552485600,872,1139,267,2011,11,-0.13957616569071427,0.22513565380631126
293,1552500000,766,2391,1625,3157,11,2.3175871202132856,1.3278326767928341
293,1552514400,724,1462,738,2186,11,0.7126505704365198,0.3935230700564347
293,1552528800,414,461,47,875,11,-0.5376438556015243,-0.8679392311087759
293,1552543200,113,181,68,294,11,-0.4996464852009469,-1.426985453059186
293,1552557600,2021,1465,-556,3486,11,-1.6287112056752442,1.6444010193430663
293,1552572000,755,1187,432,1942,11,0.1589746017423932,0.15874290111340544
293,1552586400,909,2200,1291,3109,11,1.7132479909850558,1.281646414049943
293,1552600800,754,1689,935,2443,11,1.069102092765745,0.6408120184923303
293,1552615200,463,338,-125,801,11,-0.8488604131681574,-0.9391430528373995
293,1552629600,119,82,-37,201,11,-0.6896333372038335,-1.5164713371235372
293,1552644000,1743,1401,-342,3144,11,-1.2414999073074562,1.3153238972999677
293,1552658400,729,1214,485,1943,11,0.2548727270390883,0.159705114920549
293,1552672800,892,2322,1430,3214,11,1.9647543950650674,1.3826788638000171
293,1552687200,837,1404,567,2241,11,0.4032434114603902,0.44644482944933067
293,1552701600,418,576,158,994,11,-0.33680061205561557,-0.7534357880586919
293,1552716000,70,167,97,237,11,-0.44717392607634016,-1.481831640066369
293,1552730400,534,956,422,1490,11,0.14088061583735637,-0.27617773971548487
293,1552744800,889,1312,423,2201,11,0.14269001442786006,0.4079562771635882
293,1552759200,797,1646,849,2443,11,0.9134938139824285,0.6408120184923303
293,1552773600,746,1251,505,1997,11,0.29106069884916197,0.21166466050630137
293,1552788000,427,548,121,975,11,-0.4037483599042518,-0.7717178503944196
293,1552802400,79,141,62,220,11,-0.510502876743969,-1.4981892747878094
293,1552816800,344,671,327,1015,11,-0.03101225026049338,-0.7332292981086771
293,1552831200,714,1429,715,2143,11,0.6710344028549351,0.35214787634926153
293,1552845600,857,1336,479,2193,11,0.24401633549606622,0.40025856670643967
293,1552860000,710,785,75,1495,11,-0.48698069506742114,-0.27136667067976705
293,1552874400,233,296,63,529,11,-0.5086934781534653,-1.2008652083804485
293,1552888800,105,171,66,276,11,-0.5032652823819542,-1.44430530158777
293,1552903200,2049,1342,-707,3391,11,-1.9019303928413,1.5529907076644278
293,1552917600,698,1061,363,1759,11,0.03412609899763916,-0.01734222559386653
293,1552932000,721,2253,1532,2974,11,2.149313051296443,1.151747550085562
293,1552946400,640,1309,669,1949,11,0.5878020676917657,0.16547839776341036
293,1552960800,505,186,-319,691,12,-1.0510952277059904,-1.069295536089532
293,1552975200,120,97,-23,217,12,-0.5359077229417233,-1.5096483459126755
293,1552989600,1982,1515,-467,3497,12,-1.308688980088124,1.5375187769141403
293,1553004000,723,1163,440,1886,12,0.26994300241589736,0.04087663213548168
293,1553018400,765,2276,1511,3041,12,2.134016710532553,1.1138882256918756
293,1553032800,773,1511,738,2284,12,0.7886115038339772,0.4106243500882477
293,1553047200,355,314,-41,669,12,-0.5672366928260368,-1.0897338521572728
293,1553061600,117,88,-29,205,12,-0.5463507129031611,-1.5207965183132615
293,1553076000,2040,1430,-610,3470,12,-1.557580240835726,1.512435389012822
293,1553090400,799,1186,387,1985,12,0.17769659108986302,0.13284905444031544
293,1553104800,819,2343,1524,3162,12,2.1566431887823354,1.2262989640644502
293,1553119200,818,1430,612,2248,12,0.5693087146437823,0.37717983288649
293,1553133600,467,300,-167,767,12,-0.7865394820162316,-0.9986904442191545
293,1553148000,147,118,-29,265,12,-0.5463507129031611,-1.4650556563103319
293,1553162400,2199,1441,-758,3640,12,-1.8151739932178597,1.6703678313544557
293,1553176800,869,1154,285,2023,12,0.0001657617454196107,0.16815160037550417
293,1553191200,784,2275,1491,3059,12,2.099206743994427,1.1306104842927545
293,1553205600,819,1483,664,2302,12,0.6598146276429103,0.4273466086891266
293,1553220000,596,319,-277,915,12,-0.9779942979759255,-0.8611963179452616
293,1553234400,123,113,-10,236,12,-0.5132812446919413,-1.491997072945081
293,1553248800,1937,1363,-574,3300,12,-1.494922301067099,1.3545029466711882
293,1553263200,803,1235,432,2038,12,0.2560190158006469,0.18208681587623654
293,1553277600,834,2363,1529,3197,12,2.1653456804168667,1.2588144668994925
293,1553292000,929,1298,369,2227,12,0.14636762120554947,0.35767053118546466
293,1553306400,583,558,-25,1141,12,-0.5393887195955359,-0.6512390710675603
293,1553320800,61,194,133,255,12,-0.2643899839443392,-1.4743457999774867
293,1553335200,601,996,395,1597,12,0.19162057770511348,-0.22760851984529568
293,1553349600,836,1392,556,2228,12,0.47184080833702907,0.35859954555218015
293,1553364000,872,1495,623,2367,12,0.5884541962397517,0.48773254252563364
293,1553378400,778,1111,333,1889,12,0.0837096814369224,0.043663675235628155
293,1553392800,480,563,83,1043,12,-0.3514149002896546,-0.7422824790056786
293,1553407200,94,148,54,242,12,-0.4018893517699375,-1.4864229867447882
293,1553421600,386,731,345,1117,12,0.10459566135979809,-0.6735354158687321
293,1553436000,806,1414,608,2220,12,0.562346721336157,0.3511674306184562
293,1553450400,1048,1419,371,2467,12,0.1498486178593621,0.5806339791971828
293,1553464800,870,910,40,1780,12,-0.42625632834662586,-0.05759889073636054
293,1553479200,361,312,-49,673,12,-0.5811606794412872,-1.0860177946904108
293,1553493600,153,174,21,327,12,-0.4593257965578457,-1.4074567655739714
293,1553508000,1987,1474,-513,3461,12,-1.3887519031258142,1.5040742597123826
293,1553522400,841,1207,366,2048,12,0.14114612622483055,0.19137695954339148
293,1553536800,783,2192,1409,2975,12,1.9564858811881098,1.0525732774886531
293,1553551200,836,1374,538,2210,12,0.4405118384527155,0.34187728695130126
293,1553565600,442,216,-226,658,13,-0.827539067844659,-0.9718904173592692
293,1553580000,182,90,-92,272,13,-0.5746012584090908,-1.339749814052749
293,1553594400,2143,1484,-659,3627,13,-1.6448679595282487,1.8575773256017198
293,1553608800,841,1121,280,1962,13,0.12758430211353117,0.27082630100419647
293,1553623200,830,2199,1369,3029,13,2.183175902675723,1.287681161812339
293,1553637600,731,1390,659,2121,13,0.8429830317857725,0.42235387632612215
293,1553652000,520,201,-319,721,13,-1.0030854579753146,-0.9118511894015251
293,1553666400,139,82,-57,221,13,-0.5085354126609947,-1.3883529985899705
293,1553680800,1986,1474,-512,3460,13,-1.3673914073862448,1.698425721332779
293,1553695200,851,1134,283,1985,13,0.1332470888919394,0.29274538422686497
293,1553709600,785,2322,1537,3107,13,2.5002919622665845,1.3620154440457366
293,1553724000,710,1546,836,2256,13,1.1770874517118588,0.5510093648070024
293,1553738400,433,355,-78,788,13,-0.5481749201098524,-0.8479999469702734
293,1553752800,136,81,-55,217,13,-0.5047602214753891,-1.392165013063478
293,1553767200,1987,1402,-585,3389,13,-1.5051858856608453,1.6307624644280196
293,1553781600,736,1228,492,1964,13,0.5277545677877137,0.2727323082409503
293,1553796000,803,2235,1432,3038,13,2.302094425022296,1.296258194377731
293,1553810400,802,1625,823,2427,13,1.1525487090054232,0.7139729835494507
293,1553824800,647,289,-358,936,13,-1.0767016860946217,-0.7069554114504936
293,1553839200,177,101,-76,278,13,-0.5443997289242468,-1.3340317923424876
293,1553853600,1668,1389,-279,3057,13,-0.9275816342632046,1.314365263126892
293,1553868000,694,1469,775,2163,13,1.0619441205508913,0.46238002829795155
293,1553882400,800,2217,1417,3017,13,2.2737804911302546,1.2762451183918164
293,1553896800,802,1163,361,1965,13,0.2804795451305537,0.27368531185932715
293,1553911200,401,455,54,856,13,-0.29901230185988975,-0.7831957009206448
293,1553925600,96,59,-37,155,13,-0.47078350080493975,-1.4512512374028452
293,1553940000,479,1021,542,1500,13,0.622134347427851,-0.16946137068592707
293,1553954400,720,1188,468,1908,13,0.4824522735604477,0.21936410561184438
293,1553968800,839,1386,547,2225,13,0.6315723253918648,0.5214662526373188
293,1553983200,793,1087,294,1880,13,0.15401064041276963,0.19268000429729146
293,1553997600,542,364,-178,906,13,-0.7369344793901271,-0.7355455200018003
293,1554012000,82,43,-39,125,13,-0.4745586919905453,-1.479841345954152
293,1554026400,377,507,130,884,13,-0.15555503680688096,-0.7565115996060918
293,1554040800,660,972,312,1632,13,0.1879873610832191,-0.043664893060177484
293,1554055200,783,1107,324,1890,13,0.21063850819685204,0.20221004048106037
293,1554069600,765,671,-94,1436,13,-0.5783764495946964,-0.23045360226204809
293,1554084000,364,191,-173,555,13,-0.7274965014261133,-1.070049790052089
293,1554098400,180,115,-65,295,13,-0.5236361774034166,-1.3178307308300805
293,1554105316,849,373,-476,1222,13,-1.299437966045346,-0.4343963765947027
293,1554105411,15,6,-9,21,13,-0.4179308242064628,-1.5789537222653487
293,1554112800,1438,1492,54,2930,13,-0.29901230185988975,1.1933338035930268
293,1554127200,1046,1350,304,2396,13,0.1728865963407971,0.6844298713797671
293,1554141600,1008,1398,390,2406,13,0.33521981732183337,0.693959907563536
293,1554156000,957,987,30,1944,13,-0.3443145960871557,0.2536722358734125
293,1554170400,309,307,-2,616,14,0.3076300913992071,-0.9125411440700008
293,1554184800,121,85,-36,206,14,0.21814225874121818,-1.2875312049430567
293,1554199200,2489,1535,-954,4024,14,-2.1980292230244833,2.2044494106992065
293,1554213600,1070,1396,326,2466,14,1.170924477040983,0.7794871793815936
293,1554228000,989,1207,218,2196,14,0.8866690085979593,0.5325425051481176
293,1554242400,973,998,25,1971,14,0.37869395850996307,0.3267552766202211
293,1554256800,472,334,-138,806,14,-0.05032123923274869,-0.7387652622019991
293,1554271200,171,100,-71,271,14,0.12602243100505306,-1.228081561146109
293,1554285600,2533,1577,-956,4110,14,-2.2032932131808356,2.2831058624920915
293,1554300000,1165,923,-242,2088,14,-0.32404872736306783,0.4337646354547273
293,1554314400,962,908,-54,1870,14,0.17076634733404755,0.2343796762588097
293,1554328800,956,832,-124,1788,14,-0.013473308138282654,0.1593816640841985
293,1554343200,527,124,-403,651,14,-0.7477999349494272,-0.8805297974101057
293,1554357600,182,81,-101,263,14,0.0470625786597687,-1.2353984403826563
293,1554372000,2315,1538,-777,3853,14,-1.7321660941873056,2.048051117018005
293,1554386400,822,955,133,1777,14,0.6629494269529868,0.14932095513394578
293,1554400800,787,722,-65,1509,14,0.14181440147410995,-0.0957944992903933
293,1554415200,717,568,-149,1285,14,-0.0792731850926863,-0.30066711791372147
293,1554429600,257,251,-6,508,14,0.29710211108650253,-1.0113190137633912
293,1554444000,93,92,-1,185,14,0.31026208647738324,-1.3067380129389938
293,1554458400,1770,1460,-310,3230,14,-0.5030243926790458,1.4782491464718737
293,1554472800,747,846,99,1593,14,0.5734615942949979,-0.018967267306645236
293,1554487200,924,1036,112,1960,14,0.6076775303112877,0.31669456766996834
293,1554501600,785,508,-277,1293,14,-0.41616855509923295,-0.293350238677174
293,1554516000,326,208,-118,534,14,0.00231866233077422,-0.987539156244612
293,1554530400,43,52,9,95,14,0.3365820372591447,-1.3890529043501525
293,1554544800,736,471,-265,1207,14,-0.38458461416111916,-0.37200669047005896
293,1554559200,883,919,36,1802,14,0.40764590436990067,0.1721862027481565
293,1554573600,1043,1050,7,2093,14,0.33131804710279245,0.4383376849775695
293,1554588000,951,734,-217,1685,14,-0.2582488504086642,0.06517684391365026
293,1554602400,491,323,-168,814,14,-0.12928109157803305,-0.7314483829654517
293,1554616800,76,46,-30,122,14,0.23393422921027504,-1.364358436926805
293,1554631200,525,355,-170,880,14,-0.13454508173438534,-0.6710841292639353
293,1554645600,903,861,-42,1764,14,0.20235028827216128,0.13743102637455618
293,1554660000,1063,960,-103,2023,14,0.0417985885034164,0.3743149916577794
293,1554674400,1098,621,-477,1719,14,-0.942567570734462,0.09627358066897687
293,1554688800,647,151,-496,798,14,-0.9925754772198088,-0.7460821414385466
293,1554703200,342,84,-258,426,14,-0.36616064861388614,-1.0863170259380024
293,1554717600,2259,1437,-822,3696,14,-1.8506058727052321,1.9044573620007617
293,1554732000,1063,999,-64,2062,14,0.14444639655228608,0.4099847779359481
293,1554746400,948,2277,1329,3225,14,3.8108155404516566,1.4736760969490315
293,1554760800,852,1461,609,2313,14,1.9157790841648321,0.6395518639826239
293,1554775200,514,337,-177,851,15,-0.4297048089625687,-0.8270211941270814
293,1554789600,175,114,-61,289,15,-0.23312747231786576,-1.3152300338791516
293,1554804000,2333,1539,-794,3872,15,-1.4752928840468937,1.7973184942910756
293,1554818400,1079,1189,110,2268,15,0.05665463601182564,0.4039252932905049
293,1554832800,974,2327,1353,3301,15,2.163082476092565,1.301291363510947
293,1554847200,945,1623,678,2568,15,1.0192057326858883,0.6645349942257737
293,1554861600,367,300,-67,667,15,-0.24329526559259176,-0.986861810700713
293,1554876000,160,96,-64,256,15,-0.23821136895522876,-1.3438971009820313
293,1554886327,1711,850,-861,2561,15,-1.588833242281334,0.6584541012039508
293,1554887230,197,121,-76,318,15,-0.25854695550468076,-1.2900377627887423
293,1554890400,459,1504,1045,1963,15,1.6411357546566296,0.13897209733964827
293,1554904800,1134,1157,23,2291,15,-0.09077836647170157,0.4239053703622088
293,1554919200,1036,2450,1414,3486,15,2.2664550410522795,1.4620006790876963
293,1554933600,1002,1515,513,2517,15,0.7395914176309228,0.620231345066778
293,1554948000,555,343,-212,898,15,-0.48901693639847044,-0.786192340980556
293,1554962400,141,86,-55,227,15,-0.22295967904313974,-1.3690893720724406
293,1554976800,2342,1476,-866,3818,15,-1.5973064033436057,1.750408748122727
293,1554991200,1042,1202,160,2244,15,0.1413862466345424,0.3830765172156834
293,1555005600,1090,2392,1302,3482,15,2.0766562332573937,1.458525883075226
293,1555020000,1002,1524,522,2526,15,0.7548431075430119,0.6280496360948361
293,1555034400,409,305,-104,714,15,-0.3059966574534022,-0.9460329575541875
293,1555048800,179,101,-78,280,15,-0.26193621992958943,-1.3230483249072098
293,1555063200,2089,1446,-643,3535,15,-1.219403419966289,1.5045669302404567
293,1555077600,998,1309,311,2307,15,0.3972757107151471,0.4378045544120898
293,1555092000,843,2166,1323,3009,15,2.112243509718935,1.0476312546006188
293,1555106400,777,1431,654,2208,15,0.9785345595869843,0.3518033531034511
293,1555120800,444,385,-59,829,15,-0.22973820789295707,-0.8461325721956678
293,1555135200,83,67,-16,150,15,-0.15686902275742065,-1.435979195312493
293,1555149600,760,541,-219,1301,15,-0.5008793618856507,-0.4361066427241782
293,1555164000,869,687,-182,1556,15,-0.4381779700248404,-0.21458839692919973
293,1555178400,919,840,-79,1759,15,-0.2636308521420438,-0.038242499296334505
293,1555192800,1019,738,-281,1757,15,-0.6059465590578196,-0.03997989730256963
293,1555207200,576,421,-155,997,15,-0.3924229002885733,-0.7001911396719173
293,1555221600,109,70,-39,179,15,-0.19584556364387037,-1.4107869242220836
293,1555236000,534,353,-181,887,15,-0.436483337812386,-0.7957480300148492
293,1555250400,881,639,-242,1520,15,-0.5398559027721005,-0.24586156104143198
293,1555264800,1085,753,-332,1838,15,-0.6923728018929907,0.03038472194995295
293,1555279200,1066,481,-585,1547,15,-1.1211147516439375,-0.2224066879572578
293,1555293600,486,220,-266,706,15,-0.5805270758710046,-0.952982549579128
293,1555308000,196,112,-84,308,15,-0.2721040132043155,-1.298724752819918
293,1555322400,2362,1552,-810,3914,15,-1.502406999446163,1.8338038524220133
293,1555336800,1117,1092,-25,2209,15,-0.17212071266950968,0.3526720521065687
293,1555351200,1010,2179,1169,3189,15,1.851270149000967,1.2039970751617801
293,1555365600,913,1318,405,2231,15,0.5565711386858546,0.3717834301751551
293,1555380000,403,244,-159,647,16,-0.3908378765640857,-1.0583548500659392
293,1555394400,173,88,-85,261,16,-0.25471198741928264,-1.4220520302190336
293,1555408800,2425,1431,-994,3856,16,-1.9268529770493632,1.9652312927093973
293,1555423200,1093,1077,-16,2170,16,-0.1277837934869663,0.3766472363930317
293,1555437600,1021,2163,1142,3184,16,2.002402417724952,1.3320589998003833
293,1555452000,963,1580,617,2543,16,1.036644420413849,0.7280955477844935
293,1555466400,477,233,-244,710,16,-0.5471986951763594,-0.9989949476057192
293,1555480800,174,114,-60,288,16,-0.2087235113568492,-1.3966120720217965
293,1555491432,1730,817,-913,2547,16,-1.777850314607079,0.7318644304803804
293,1555495200,586,1443,857,2029,16,1.4781337906132102,0.2437941213630154
293,1555509600,1022,1136,114,2158,16,0.11135628203768771,0.36534058830537075
293,1555524000,987,2161,1174,3148,16,2.061267667084867,1.2981390555374004
293,1555538400,888,1394,506,2282,16,0.8324555866966444,0.48217595187786744
293,1555552800,464,274,-190,738,16,-0.4478635868815032,-0.9726127687345102
293,1555567200,197,103,-94,300,16,-0.2712678388017587,-1.3853054239341356
293,1555581600,2238,1385,-853,3623,16,-1.6674779720572386,1.7456938756739804
293,1555596000,975,1137,162,2112,16,0.19965415607755996,0.3219984373026704
293,1555610400,973,2064,1091,3037,16,1.9085859265575875,1.1935525607265365
293,1555624800,901,1325,424,2226,16,0.6816133852118627,0.4294115941354496
293,1555639200,410,274,-136,684,16,-0.34852847858664693,-1.0234926851289845
293,1555653600,151,80,-71,231,16,-0.2289584408243199,-1.450318650438186
293,1555668000,1552,1184,-368,2736,16,-0.7753015364460294,0.9099441378610407
293,1555682400,891,1352,461,2243,16,0.7496763297842641,0.44542934559296926
293,1555696800,1014,2090,1076,3104,16,1.8809928409201273,1.2566813458826436
293,1555711200,928,1016,88,1944,16,0.06352826693275691,0.1637053640754169
293,1555725600,613,296,-317,909,16,-0.6814850452786652,-0.8114930334853415
293,1555740000,125,49,-76,174,16,-0.2381561360368066,-1.5040252288545757
293,1555754400,613,580,-33,1193,16,-0.15905595720942103,-0.5439023620773653
293,1555768800,873,1141,268,2014,16,0.3946452945822778,0.22966081125343918
293,1555783200,922,1166,244,2088,16,0.3504963575623417,0.2993851411273485
293,1555797600,846,781,-65,1627,16,-0.2179212065693359,-0.134978589573627
293,1555812000,586,285,-301,871,16,-0.6520524205987077,-0.8472974190962679
293,1555826400,91,36,-55,127,16,-0.1995258161443625,-1.5483096005312478
293,1555840800,419,464,45,883,16,-0.015571911894628634,-0.8359907710086069
293,1555855200,878,1008,130,1886,16,0.14078890671764513,0.10905656498505553
293,1555869600,1043,939,-104,1982,16,-0.2896632292267321,0.19950974968634327
293,1555884000,1386,496,-890,1882,16,-1.73554091662964,0.10528768228916854
293,1555898400,569,148,-421,717,16,-0.8727971056983884,-0.992399402887917
293,1555912800,175,73,-102,248,16,-0.2859841511417374,-1.4343008989806663
293,1555927200,2146,1314,-832,3460,16,-1.6288476521647945,1.5921119058165856
293,1555941600,998,1041,43,2039,16,-0.019250989979623313,0.25321632810273287
293,1555956000,1028,2056,1028,3084,16,1.792694966880255,1.2378369324032086
293,1555970400,964,1172,208,2136,16,0.2842729520324375,0.34461173347799234
293,1555984800,259,410,151,669,17,0.0632549381864383,-1.065373665213216
293,1555999200,109,197,88,306,17,-0.0625582978980414,-1.4088856986838438
293,1556013600,2091,1355,-736,3446,17,-1.7081155444632998,1.5625407065441757
293,1556028000,1006,1136,130,2142,17,0.021317192824945073,0.32854706564693453
293,1556042400,1087,2237,1150,3324,17,2.058293396097474,1.4470903812455074
293,1556056800,919,1427,508,2346,17,0.7761966093318233,0.5215951505725765
293,1556071200,232,437,205,669,17,0.17109485483027806,-1.065373665213216
293,1556085600,124,175,51,299,17,-0.13644861115400567,-1.4155098976763902
293,1556100000,2176,1352,-824,3528,17,-1.8838546678828905,1.6401384661711496
293,1556114400,1026,1129,103,2155,17,-0.0326027654969748,0.34084914949023526
293,1556128800,926,2203,1277,3129,17,2.3119169037598377,1.2625591235959968
293,1556143200,923,1413,490,2336,17,0.7402499704505434,0.512132009154653
293,1556157600,290,509,219,799,17,0.19905335173794023,-0.9423528267802088
293,1556172000,111,154,43,265,17,-0.1524248951012412,-1.4476845784973307
293,1556186400,2041,1387,-654,3428,17,-1.5443586340041358,1.5455070519919132
293,1556200800,1009,1286,277,2295,17,0.31488141035539774,0.47333312934116606
293,1556215200,1039,2157,1118,3196,17,1.9943882603085314,1.325962171096085
293,1556229600,1018,1330,312,2348,17,0.38477765262455316,0.5234877788561613
293,1556244000,433,515,82,948,17,-0.07454051085846804,-0.8013520196531468
293,1556258400,205,182,-23,387,17,-0.28422923766593416,-1.3322342531986624
293,1556272800,2014,1308,-706,3322,17,-1.6482044796611668,1.4451977529619227
293,1556287200,1056,1264,208,2320,17,0.17708596131049137,0.4969909828859751
293,1556301600,995,2080,1085,3075,17,1.928486089026185,1.2114581599392091
293,1556316000,849,1152,303,2001,17,0.3668043331839132,0.19511677165421135
293,1556330400,282,386,104,668,17,-0.03060573000357036,-1.0663199793550084
293,1556344800,55,93,38,148,17,-0.1624100725682634,-1.558403333087037
293,1556359200,715,697,-18,1412,17,-0.274244060198912,-0.3622622578614904
293,1556373600,953,1047,94,2000,17,-0.05057608493761476,0.194170457512419
293,1556388000,1039,1104,65,2143,17,-0.10849011424634351,0.3294933797887269
293,1556402400,909,912,3,1821,17,-0.2323063148374188,0.024780226131586022
293,1556416800,653,330,-323,983,17,-0.8833398856872662,-0.768231024690414
293,1556431200,113,49,-64,162,17,-0.3661076928955162,-1.545154935101944
293,1556445600,521,432,-89,953,17,-0.4160335802306272,-0.7966204489441849
293,1556460000,843,831,-12,1674,17,-0.26226184723848533,-0.11432795271189132
293,1556474400,1056,866,-190,1922,17,-0.6177341650644756,0.12035795445261467
293,1556488800,1041,564,-477,1605,17,-1.19088335167155,-0.17962362849556437
293,1556503200,424,212,-212,636,17,-0.6616689459193733,-1.096602031892364
293,1556517600,224,81,-143,305,17,-0.5238734968744669,-1.409832012825636
293,1556526922,1423,664,-759,2087,17,-1.754047360811602,0.27649978784835455
293,1556532000,852,1374,522,2226,17,0.8041551062394855,0.408037453557493
293,1556546400,902,1102,200,2004,17,0.16110967736325585,0.19795571407958842
293,1556560800,1033,2226,1193,3259,17,2.144165922313865,1.385579962029004
293,1556575200,1047,1389,342,2436,17,0.44468871742668636,0.6067634233338892
293,1556589600,385,389,4,774,18,-0.2729367975900297,-1.0334333819698196
293,1556604000,202,147,-55,349,18,-0.38190044902036535,-1.4070997151106077
293,1556618400,2450,1511,-939,3961,18,-2.0145083789257336,1.7686245091353363
293,1556632800,994,1079,85,2073,18,-0.12334263206702645,0.10866677508872997
293,1556647200,1042,2129,1087,3171,18,1.7271926006990135,1.0740447369442245
293,1556661600,961,1556,595,2517,18,0.8185465582629938,0.49903819135816496
293,1556676000,421,423,2,844,18,-0.2766304806893631,-0.9718883388642781
293,1556690400,174,178,4,352,18,-0.2729367975900297,-1.4044620704060844
293,1556704800,2304,1496,-808,3800,18,-1.7725721359193953,1.6270709099925909
293,1556719200,1094,1128,34,2222,18,-0.21753155110002848,0.2396697954133827
293,1556733600,1012,2243,1231,3255,18,1.9931377838510194,1.1478987886708745
293,1556748000,882,1492,610,2374,18,0.8462491815079944,0.37331046044255867
293,1556762400,403,376,-27,779,18,-0.33018888562969756,-1.029037307462281
293,1556776800,173,152,-21,325,18,-0.3191078363316973,-1.4282008727467932
293,1556791200,2317,1477,-840,3794,18,-1.8316710655087298,1.6217956205835444
293,1556805600,946,1281,335,2227,18,0.3383677553496502,0.24406586992092139
293,1556820000,1006,2306,1300,3312,18,2.120569850778022,1.1980140380568154
293,1556834400,1000,1472,472,2472,18,0.5913850476539889,0.45947352079031684
293,1556848800,451,412,-39,863,18,-0.35235098422569805,-0.9551832557356311
293,1556863200,155,135,-20,290,18,-0.3172609947820306,-1.4589733942995642
293,1556877600,2029,1304,-725,3333,18,-1.6192842872970585,1.216477550988478
293,1556892000,986,1240,254,2226,18,0.18877358982664694,0.24318665501941364
293,1556906400,1059,2288,1229,3347,18,1.9894441007516859,1.2287865596095862
293,1556920800,1000,1325,325,2325,18,0.3198993398529831,0.33022893026867955
293,1556935200,642,442,-200,1084,18,-0.6496924737220378,-0.7608767625024213
293,1556949600,77,90,13,167,18,-0.25631522364302933,-1.5671168271850155
293,1556964000,752,936,184,1688,18,0.059494681349977485,-0.22983096199174854
293,1556978400,880,1409,529,2289,18,0.6966550159849912,0.29857719381440107
293,1556992800,954,1523,569,2477,18,0.7705286779716595,0.4638695952978555
293,1557007200,1005,1064,59,2069,18,-0.17136051235836083,0.10514991548269903
293,1557021600,520,623,103,1143,18,-0.09009948417302574,-0.709003083313465
293,1557036000,105,144,39,249,18,-0.20829734335169495,-1.4950212052613812
293,1557050400,563,659,96,1222,18,-0.10302737502069269,-0.6395451060943538
293,1557064800,959,1160,201,2119,18,0.0908909876943115,0.14911066055808586
293,1557079200,1013,1329,316,2342,18,0.30327776590598277,0.34517558359431105
293,1557093600,982,882,-100,1864,18,-0.46500831875536713,-0.07508913932638693
293,1557108000,433,308,-125,741,18,-0.5111793574970348,-1.062447473719575
293,1557122400,179,157,-22,336,18,-0.32095467788136406,-1.4185295088302081
293,1557136800,2306,1411,-895,3717,18,-1.9332473507403987,1.5540960731674487
293,1557151200,1001,935,-66,1936,18,-0.40221570606669915,-0.011785666417829915
293,1557165600,1019,2283,1264,3302,18,2.0540835549900205,1.189221889041738
293,1557180000,914,1231,317,2145,18,0.30512460745564945,0.171970247997287
293,1557194400,464,198,-266,662,19,-0.572788597242552,-0.8997142684736248
293,1557208800,215,86,-129,301,19,-0.3252427366046037,-1.207337706586642
293,1557223200,2414,1470,-944,3884,19,-1.7978695717865594,1.845888827371641
293,1557237600,1051,1119,68,2170,19,0.030717369568212572,0.38531660320069583
293,1557252000,1069,2401,1332,3470,19,2.3146441421694295,1.4931018374026963
293,1557266400,914,1445,531,2359,19,0.8673139642789431,0.5463715334039098
293,1557280800,512,235,-277,747,19,-0.5926645422572778,-0.8272821570065709
293,1557295200,138,75,-63,213,19,-0.205987066516249,-1.2823262455172388
293,1557309600,2404,1519,-885,3923,19,-1.691262230343939,1.879122384397701
293,1557324000,1113,1219,106,2332,19,0.09937972507362891,0.5233636862320221
293,1557338400,1024,2317,1293,3341,19,2.2441748825717656,1.383175456470344
293,1557352800,941,1481,540,2422,19,0.8835761011091734,0.6000565101383144
293,1557367200,275,166,-109,441,19,-0.28910465475964775,-1.088037758287965
293,1557381600,185,87,-98,272,19,-0.26922870974492197,-1.232049838734225
293,1557396000,2311,1429,-882,3740,19,-1.6858415180671957,1.7231803091215734
293,1557410400,898,1228,330,2126,19,0.5041262417371357,0.34782233373539734
293,1557424800,1005,2188,1183,3193,19,2.0454154324245075,1.2570583682688856
293,1557439200,933,1448,515,2381,19,0.8384034988029784,0.565118668136559
293,1557453600,710,249,-461,959,19,-0.9251348952308727,-0.6466279495828601
293,1557468000,229,88,-141,317,19,-0.3469255857115773,-1.1937034267810789
293,1557482400,2041,1370,-671,3411,19,-1.3045847546029103,1.4428254306196826
293,1557496800,926,1235,309,2161,19,0.46618125579993197,0.37764732081006663
293,1557511200,1079,2307,1228,3386,19,2.1267261165756586,1.4215218684234903
293,1557525600,966,1230,264,2196,19,0.384870571648781,0.4074723078847359
293,1557540000,444,331,-113,775,19,-0.2963322711286389,-0.8034221673468356
293,1557554400,92,60,-32,152,19,-0.14997303965656725,-1.3343069372759482
293,1557568800,698,690,-8,1388,19,-0.1066073414426201,-0.2810588222961999
293,1557583200,904,934,30,1838,19,-0.037944985937203767,0.10240529723526184
293,1557597600,999,1137,138,2136,19,0.15720065602555844,0.3563437586138743
293,1557612000,934,919,-15,1853,19,-0.11925567008835469,0.11518743455297724
293,1557626400,505,358,-147,863,19,-0.3577670102650641,-0.7284336284162386
293,1557640800,77,61,-16,138,19,-0.12106257418060248,-1.3462369321058159
293,1557655200,487,389,-98,876,19,-0.26922870974492197,-0.7173557760742185
293,1557669600,871,875,4,1746,19,-0.08492449233564651,0.024008188353274118
293,1557684000,1088,810,-278,1898,19,-0.5944714463495256,0.15353384650612342
293,1557698400,1211,475,-736,1686,19,-1.4220335205990173,-0.027120360917587447
293,1557712800,461,177,-284,638,19,-0.6053128709030124,-0.9201656881819694
293,1557727200,192,90,-102,282,19,-0.27645632611391313,-1.223528413855748
293,1557735999,1321,563,-758,1884,19,-1.461785410628469,0.14160385167625572
293,1557736079,15,12,-3,27,19,-0.0975728209813811,-1.4408247482569096
293,1557736167,97,554,457,651,19,0.7336030614526061,-0.9090878358399495
293,1557736248,3,13,10,16,19,-0.07408306778215973,-1.4501983156232343
293,1557741600,1094,877,-217,1971,19,-0.48425029672240993,0.215740248119005
293,1557756000,1068,1086,18,2154,19,-0.059627835044177346,0.37168232339513274
293,1557770400,1057,2313,1256,3370,19,2.177319431158597,1.4078875886179272
293,1557784800,902,1369,467,2271,19,0.7516721023750841,0.47138299447331283
293,1557799200,506,170,-336,676,20,-0.7466433199216456,-0.8010793055551017
293,1557813600,144,107,-37,251,20,-0.14434977495863627,-1.1875250545459282
293,1557828000,2469,1432,-1037,3901,20,-2.158709457109169,2.1313619661988175
293,1557842400,1036,1191,155,2227,20,0.24240728401426598,0.6092203572325972
293,1557856800,1079,2275,1196,3354,20,2.3393557131329703,1.633983555144742
293,1557871200,925,1400,475,2325,20,0.8870023823024364,0.6983302005293054
293,1557885600,400,312,-88,712,20,-0.24708211874831346,-0.7683450774052905
293,1557900000,183,92,-91,275,20,-0.25312519779476506,-1.1657022357793874
293,1557909228,1434,726,-708,2160,20,-1.4959851216816438,0.5482983215093374
293,1557909309,20,6,-14,26,20,-0.09801950226917402,-1.3921139804822482
293,1557909392,116,715,599,831,20,1.1367829828891025,-0.660140267687859
293,1557909472,3,22,19,25,20,-0.03154563275820645,-1.3930232645975207
293,1557914400,927,779,-148,1706,20,-0.3679436996773454,0.13548333317560743
293,1557928800,1017,1153,136,2170,20,0.20413445005340586,0.5573911626620628
293,1557943200,1104,2263,1159,3367,20,2.2648244048934005,1.645804248643285
293,1557957600,968,1404,436,2372,20,0.8084423546985656,0.7410665539471145
293,1557972000,392,213,-179,605,20,-0.43038884982401193,-0.8656384777394515
293,1557986400,156,127,-29,283,20,-0.12823489750143202,-1.1584279628572072
293,1557995213,1365,666,-699,2031,20,-1.477855884542289,0.4310006706391807
293,1557995297,97,586,489,683,20,0.9152034178525439,-0.7947143167481939
293,1557995377,5,13,8,18,20,-0.05370358926186231,-1.3993882534044284
293,1558000800,984,785,-199,1769,20,-0.4706760434670226,0.19276823243777702
293,1558015200,966,1111,145,2077,20,0.22226368719276066,0.47282773994171723
293,1558029600,1082,2267,1185,3349,20,2.3171977566293145,1.6294371345683794
293,1558044000,1024,1428,404,2452,20,0.7439828448697486,0.8138092831689171
293,1558058400,451,388,-63,839,20,-0.19672312669455014,-0.6528659947656787
293,1558072800,227,134,-93,361,20,-0.2571539171590661,-1.0875038018659495
293,1558083369,1527,865,-662,2392,20,-1.4033245763027191,0.7592522362525651
293,1558083449,15,6,-9,21,20,-0.08794770385842136,-1.3966604010586108
293,1558083531,108,844,736,952,20,1.4127502593437256,-0.5501168897398825
293,1558083615,6,30,24,36,20,-0.02147383434745379,-1.3830211393295229
293,1558087200,495,463,-32,958,20,-0.13427797654788362,-0.5446611850482473
293,1558101600,1018,1226,208,2244,20,0.34916834716824424,0.6246781871922302
293,1558116000,1110,2235,1125,3345,20,2.1963361757002824,1.6257999981072893
293,1558130400,1096,1217,121,2313,20,0.1739190548211479,0.687418791146035
293,1558144800,571,339,-232,910,20,-0.5371499129779902,-0.5883068225813289
293,1558159200,169,73,-96,242,20,-0.26319699620551773,-1.195708611583381
293,1558173600,763,849,86,1612,20,0.10341646594587924,0.050010626339989324
293,1558188000,951,960,9,1911,20,-0.051689229579711775,0.3218865768064767
293,1558202400,1108,1062,-46,2170,20,-0.16247901209799107,0.5573911626620628
293,1558216800,1108,778,-330,1886,20,-0.7345571618287423,0.2991544739246634
293,1558231200,688,324,-364,1012,20,-0.8030453910218605,-0.49555984282353055
293,1558245600,103,51,-52,154,20,-0.17456517019089426,-1.275725613727364
293,1558260000,625,420,-205,1045,20,-0.4827622015599258,-0.4655534670195369
293,1558274400,965,940,-25,1905,20,-0.12017745877282988,0.3164308721148415
293,1558288800,1104,977,-127,2081,20,-0.3256421463521842,0.4764648764028073
293,1558303200,1170,596,-574,1766,20,-1.2260609242734724,0.19004038009195942
293,1558317600,610,236,-374,846,20,-0.8231889878433658,-0.646501005958771
293,1558332000,200,83,-117,283,20,-0.3054985495306789,-1.1584279628572072
293,1558346400,2492,1366,-1126,3858,20,-2.3379874688205664,2.092262749242099
293,1558360800,1099,1104,5,2203,20,-0.059746668308313905,0.5873975384660564
293,1558375200,1180,2132,952,3312,20,1.8478519506882405,1.5957936223032956
293,1558389600,981,1238,257,2219,20,0.4478719715936203,0.601946084310417
293,1558404000,402,258,-144,660,21,-0.2674575200932506,-0.779764105198097
293,1558418400,173,68,-105,241,21,-0.19403459873941867,-1.1626827365922248
293,1558428459,1692,675,-1017,2367,21,-1.911001375013642,0.7802409157798892
293,1558428539,20,10,-10,30,21,-0.015183892877520424,-1.3555128827119407
293,1558428623,133,817,684,950,21,1.291367579418873,-0.5147368901520419
293,1558428703,3,24,21,27,21,0.04317791640373059,-1.3582545435572448
293,1558432800,742,556,-186,1298,21,-0.34652835847430036,-0.19670423209677587
293,1558447200,990,1218,228,2208,21,0.43288419128176153,0.6349328909787763
293,1558461600,1004,2264,1260,3268,21,2.3757676486446986,1.6036530563195293
293,1558476000,937,1412,475,2349,21,0.897896026522697,0.7637909507080651
293,1558490400,505,262,-243,767,21,-0.4538387819914393,-0.6819782017155871
293,1558504800,182,91,-91,273,21,-0.16767765261240208,-1.1334383542423154
293,1558519200,2512,1357,-1155,3869,21,-2.1708055582656622,2.1528991123287677
293,1558533600,977,1130,153,2107,21,0.29168626560131555,0.5426303091868743
293,1558548000,1047,2307,1260,3354,21,2.3757676486446986,1.682247333884911
293,1558562400,920,1515,595,2435,21,1.1238127076114106,0.842385228273447
293,1558576800,545,315,-230,860,21,-0.4293644748734953,-0.5969867155111624
293,1558591200,164,95,-69,259,21,-0.1262595944128046,-1.1462327715204008
293,1558605600,2588,1408,-1180,3996,21,-2.217871533492478,2.268962754779971
293,1558620000,1057,1210,153,2267,21,0.29168626560131555,0.688852220936422
293,1558634400,1154,2254,1100,3408,21,2.0745454071930802,1.7315972291003834
293,1558648800,967,1340,373,2307,21,0.7058668475972903,0.7254076988738088
293,1558663200,456,316,-140,772,21,-0.25992696405696014,-0.6774087669734137
293,1558677600,172,92,-80,264,21,-0.14696862351260334,-1.1416633367782274
293,1558692000,1853,1234,-619,3087,21,-1.1617110494027418,1.4382395186528536
293,1558706400,984,1298,314,2282,21,0.5947911460620062,0.702560525162942
293,1558720800,943,2260,1317,3203,21,2.4830780721618373,1.5442504046712755
293,1558735200,894,1013,119,1907,21,0.22767653929284667,0.3598529194999398
293,1558749600,469,391,-78,860,21,-0.14320334549445812,-0.5969867155111624
293,1558764000,22,44,22,66,21,0.0450605554128032,-1.3226129525682926
293,1558778400,610,524,-86,1134,21,-0.15826445756703902,-0.3465816916400622
293,1558792800,742,659,-83,1401,21,-0.15261654053982118,-0.10257387640800458
293,1558807200,776,861,85,1637,21,0.16366681298437785,0.11310344342257816
293,1558821600,754,596,-158,1350,21,-0.2938144662202672,-0.1491821107781729
293,1558836000,426,210,-216,636,21,-0.4030075287464787,-0.8016973919605291
293,1558850400,53,47,-6,100,21,-0.00765333684122997,-1.2915407963215138
293,1558864800,380,334,-46,714,21,-0.0829588972041345,-0.7304142099826247
293,1558879200,701,654,-47,1355,21,-0.08484153621320711,-0.14461267603599953
293,1558893600,898,744,-154,1642,21,-0.2862839101839767,0.11767287816475153
293,1558908000,919,432,-487,1351,21,-0.9132027002051569,-0.14826822382973823
293,1558922400,491,123,-368,614,21,-0.689168658125516,-0.821802904826092
293,1558936800,60,49,-11,109,21,-0.017066531886593038,-1.2833158137856016
293,1558951200,445,357,-88,802,21,-0.16202973558518424,-0.6499921585203735
293,1558965600,868,722,-146,1590,21,-0.2712227981113958,0.07015075684614855
293,1558980000,1076,753,-323,1829,21,-0.6044499027172484,0.2885697375220353
293,1558994400,1143,461,-682,1604,21,-1.2803173069743166,0.08294517412423397
293,1559008800,521,162,-359,683,22,-0.7959396728335193,-0.8163771428280652
293,1559023200,190,87,-103,277,22,-0.3408143927492638,-1.1641493587374534
293,1559037600,2323,1386,-937,3709,22,-1.8235272192737524,1.775639422053238
293,1559052000,1011,1070,59,2081,22,-0.05280542644594587,0.38112423116534583
293,1559066400,961,2172,1211,3133,22,1.995258333933204,1.2822482980044505
293,1559080800,822,1198,376,2020,22,0.5107676742833862,0.3288727405976791
293,1559095200,242,394,152,636,22,0.11253305420966257,-0.8566364880195461
293,1559109600,144,174,30,318,22,-0.10436258708049044,-1.1290295044214806
293,1559124000,2352,1435,-917,3787,22,-1.78797055676717,1.8424528034348446
293,1559138400,984,1180,196,2164,22,0.190757711724144,0.45222052160987597
293,1559152800,902,2272,1370,3174,22,2.2779338008605343,1.3173681523204233
293,1559167200,939,1336,397,2275,22,0.5481021699152978,0.5473011028067777
293,1559181600,327,452,125,779,22,0.06453155982577624,-0.7341452888199339
293,1559196000,123,156,33,279,22,-0.09902908770450307,-1.1624361951122841
293,1559210400,2329,1471,-858,3800,22,-1.6830784023727516,1.8535883669984459
293,1559224800,938,1173,235,2111,22,0.2600932036119798,0.40682168554288684
293,1559239200,1013,2302,1289,3315,22,2.1339293177088754,1.438146187894866
293,1559253600,1037,1641,604,2678,22,0.9161136268584262,0.8925035732784119
293,1559268000,457,410,-47,867,22,-0.24125573773083292,-0.6587660893124803
293,1559282400,137,161,24,298,22,-0.11502958583246518,-1.1461611406731746
293,1559296800,1930,1379,-551,3309,22,-1.1372836328967109,1.4330066970193578
293,1559311200,738,1394,656,2132,22,1.0085609493755405,0.42480990360716553
293,1559325600,1074,2464,1390,3538,22,2.313490463367117,1.629163932101254
293,1559340000,911,1242,331,2153,22,0.4307651836435756,0.4427981216714442
293,1559354400,467,350,-117,817,22,-0.3657040565038715,-0.7015951799417153
293,1559368800,141,58,-83,199,22,-0.3052577302426813,-1.2309627401190602
293,1559383200,595,488,-107,1083,22,-0.3479257252505803,-0.473744417794185
293,1559397600,808,909,101,1717,22,0.021863564817877292,0.06932845138451493
293,1559412000,895,799,-96,1694,22,-0.32836956087195995,0.04962706969506682
293,1559426400,894,561,-333,1455,22,-0.749716011574962,-0.15509598351267653
293,1559440800,661,337,-324,998,22,-0.7337155134469999,-0.5465538718638846
293,1559455200,101,43,-58,144,22,-0.26081190210945326,-1.2780747398112187
293,1559469600,489,345,-144,834,22,-0.41370555088775784,-0.6870332891277754
293,1559484000,864,768,-96,1632,22,-0.32836956087195995,-0.0034810026851845957
293,1559498400,956,779,-177,1735,22,-0.4723740440236189,0.08474692401103953
293,1559512800,988,572,-416,1560,22,-0.8972761609772792,-0.06515489319128301
293,1559527200,606,218,-388,824,22,-0.8474968334680638,-0.6955991072536224
293,1559541600,123,87,-36,210,22,-0.22169957335221258,-1.2215403401806284
293,1559548554,899,509,-390,1408,22,-0.8510524997187221,-0.19535532870415745
293,1559548635,20,11,-9,31,22,-0.17369807896832623,-1.3748684846332897
293,1559548719,19,0,-19,19,22,-0.19147641022161746,-1.3851474663843062
293,1559548801,50,384,334,434,22,0.43609868301956295,-1.0296660141616556
293,1559548883,1,10,9,11,22,-0.14169708271240203,-1.3920001208849837
293,1559556000,1494,711,-783,2205,22,-1.5497409179730675,0.48734037592584867
293,1559570400,1010,1839,829,2849,22,1.316126080057479,1.0389790632303957
293,1559584800,1021,2278,1257,3299,22,2.0770386576983437,1.4244408788935108
293,1559599200,856,1365,509,2221,22,0.7472194799521595,0.5010456849272039
293,1559613600,286,275,-11,561,23,-0.21889298846481084,-1.1431977800158588
293,1559628000,150,108,-42,258,23,-0.27472034810852947,-1.406912227937294
293,1559642400,2329,1404,-925,3733,23,-1.864899656669935,1.6175356483893975
293,1559656800,949,1205,256,2154,23,0.26194265749883044,0.2432613471750533
293,1559671200,1062,2211,1149,3273,23,1.870130791751758,1.2171770805878785
293,1559685600,946,1465,519,2411,23,0.735574773185863,0.4669399383163367
293,1559700000,415,271,-144,686,23,-0.4584103701620554,-1.0344046909393592
293,1559714400,171,114,-57,285,23,-0.3017335866458127,-1.38341292069677
293,1559728800,2240,1429,-811,3669,23,-1.6595990437865824,1.5618335867822295
293,1559743200,1051,1176,125,2227,23,0.026027040939890334,0.30679651119572915
293,1559757600,993,2384,1391,3377,23,2.305944373486594,1.3076929306995262
293,1559772000,964,1416,452,2380,23,0.6149156410526645,0.43995925222536475
293,1559786400,440,286,-154,726,23,-0.4764191958535775,-0.9995909024348791
293,1559800800,164,109,-55,273,23,-0.2981318215075083,-1.393857057248114
293,1559815200,2339,1407,-932,3746,23,-1.8775058346540006,1.6288501296533533
293,1559829600,993,1208,215,2201,23,0.18810647216358964,0.2841675486678172
293,1559844000,1094,2306,1212,3400,23,1.9835863936083475,1.3277108590896023
293,1559858400,926,1407,481,2333,23,0.6671412355580788,0.3990530507326009
293,1559872800,510,284,-226,794,23,-0.606082740832537,-0.9404074619772633
293,1559887200,215,109,-106,324,23,-0.38997683253427123,-1.3494694769049023
293,1559901600,1914,1237,-677,3151,23,-1.4182807795201857,1.110995025649215
293,1559916000,816,1042,226,1858,23,0.20791618042426402,-0.01436068775809796
293,1559930400,1124,2425,1301,3549,23,2.1438649422628946,1.4573922212687898
293,1559944800,1043,1259,216,2302,23,0.18990735473274187,0.37207236464162896
293,1559959200,537,501,-36,1038,23,-0.2639150526936162,-0.728043352099936
293,1559973600,101,178,77,279,23,-0.060415322379415964,-1.388634988972442
293,1559988000,645,1000,355,1645,23,0.4402300318448997,-0.19974411154445343
293,1560002400,773,1413,640,2186,23,0.9534815640532809,0.27111237797863724
293,1560016800,1010,1545,535,2555,23,0.7643888942922984,0.5922695769324643
293,1560031200,1231,1152,-79,2383,23,-0.34135300316716144,0.4425702863632007
293,1560045600,692,624,-68,1316,23,-0.32154329490648703,-0.4860875219938006
293,1560060000,113,109,-4,222,23,-0.20628681048074535,-1.4382446375913258
293,1560074400,474,435,-39,909,23,-0.26931770040107283,-0.8403178200268836
293,1560088800,761,816,55,1577,23,-0.10003473890076468,-0.25892755200206924
293,1560103200,829,860,31,1689,23,-0.14325592056041783,-0.16144894418952555
293,1560117600,919,605,-314,1524,23,-0.7645604069179318,-0.3050558217705051
293,1560132000,377,231,-146,608,23,-0.4620121353003598,-1.102291578523095
293,1560146400,158,83,-75,241,23,-0.3341494728905526,-1.421708088051698
293,1560160800,2336,1323,-1013,3659,23,-2.02337732275533,1.5531301396561097
293,1560175200,1059,1020,-39,2079,23,-0.26931770040107283,0.17798549372915348
293,1560189600,1025,2050,1025,3075,23,1.6468213531768834,1.044848827490703
293,1560204000,869,1204,335,2073,23,0.4042123804618554,0.1727634254534815
293,1560218400,341,242,-99,583,24,-0.413748970289314,-1.1942154903087132
293,1560232800,198,74,-124,272,24,-0.4510963282371507,-1.4525634434848471
293,1560246832,2337,1179,-1158,3516,24,-1.995783052959676,1.242229997362027
293,1560247200,240,1344,1104,1584,24,1.3834058941605873,-0.3626839754234726
293,1560261600,1024,1145,121,2169,24,-0.08509222034835112,0.12327600080816165
293,1560276000,990,2126,1136,3116,24,1.4312105123338184,0.9099496717335592
293,1560290400,951,1507,556,2458,24,0.5647518079440073,0.36334853607472967
293,1560304800,412,354,-58,766,24,-0.3524993032548618,-1.0421972413336893
293,1560319200,172,104,-68,276,24,-0.3674382464339965,-1.4492406402285625
293,1560333600,2347,1522,-825,3869,24,-1.4983162450944914,1.53546738472915
293,1560348000,995,1255,260,2250,24,0.12255908984162087,0.19056276674792638
293,1560362400,1054,2224,1170,3278,24,1.4820029191428763,1.0445232036130887
293,1560376800,1004,1442,438,2446,24,0.38847227843021803,0.3533801263058756
293,1560391200,356,310,-46,666,24,-0.3345725714399002,-1.1252673227408063
293,1560405600,145,81,-64,226,24,-0.3614626691623426,-1.4907756809321209
293,1560420000,2509,1387,-1122,3896,24,-1.9420028575147912,1.5578963067090714
293,1560434400,835,1018,183,1853,24,0.007529227362283865,-0.13922545643832795
293,1560448800,813,2148,1335,2961,24,1.7284954815985984,0.7811910455525279
293,1560463200,780,1424,644,2204,24,0.6962145079203923,0.15235052930065257
293,1560477600,418,377,-41,795,24,-0.32710309985033287,-1.0181069177256254
293,1560492000,181,98,-83,279,24,-0.38984666120269856,-1.446748537786349
293,1560506400,1949,1330,-619,3279,24,-1.1905740156043172,1.0453539044271598
293,1560520800,952,1342,390,2294,24,0.31676535117037163,0.22711360256705784
293,1560535200,1072,2246,1174,3318,24,1.4879784964145302,1.0777512361759356
293,1560549600,958,1203,245,2161,24,0.10015067507291885,0.11663039429559229
293,1561168800,4266,8262,3996,12528,25,3.839145172665747,3.88088126365341
293,1561183200,111,61,-50,172,25,-0.237508098966549,-0.7580300849969412
293,1561197600,644,793,149,1437,25,-0.03700043681755572,-0.283101074310417
293,1561212000,844,1074,230,1918,25,0.044613234710426476,-0.1025154188636042
293,1561226400,1055,1088,33,2143,25,-0.15387927505515986,-0.0180418794134319
293,1561240800,974,825,-149,1799,25,-0.3372581419451939,-0.14719253528391754
293,1561255200,635,367,-268,1002,25,-0.45715970875790846,-0.4464165839140834
293,1561269600,92,36,-56,128,25,-0.2435535561167699,-0.7745493549338638
293,1561284000,538,431,-107,969,25,-0.2949399418936476,-0.45880603636677536
293,1561298400,876,837,-39,1713,25,-0.2264247608578107,-0.17948019925153896
293,1561312800,993,912,-81,1905,25,-0.268742960909357,-0.1073961122540586
293,1561327200,1150,616,-534,1766,25,-0.7251749757510352,-0.15958198773660948
293,1561341600,573,263,-310,836,25,-0.4994779088094548,-0.508739284130655
293,1561356000,154,73,-81,227,25,-0.268742960909357,-0.737380997575788
293,1561370400,2213,1379,-834,3592,25,-1.0274478332620802,0.5259677146456777
293,1561384800,992,1130,138,2122,25,-0.048083774926294044,-0.025926076428781312
293,1561399200,1004,1998,994,3002,25,0.8144014451718882,0.3044593223096703
293,1561413600,934,1246,312,2180,25,0.12723448243011215,-0.004150675148292454
293,1561428000,367,225,-142,592,26,-0.3513405081844372,-0.824581598278166
293,1561442400,157,64,-93,221,26,-0.25604356284430685,-1.1377489587239684
293,1561456800,2527,1235,-1292,3762,26,-2.587901470248721,1.8512688939406847
293,1561471200,978,1068,90,2046,26,0.09986135546679213,0.4027643372695341
293,1561485600,949,2263,1314,3212,26,2.480340153350864,1.3870046129563416
293,1561500000,904,1382,478,2286,26,0.8544575757110894,0.6053523871536112
293,1561514400,321,303,-18,624,26,-0.11018089140533187,-0.7975698582936224
293,1561528800,167,70,-97,237,26,-0.2638229053210522,-1.1242430887316965
293,1561543200,2224,1351,-873,3575,26,-1.7730153458096467,1.6934190384060082
293,1561557600,996,1145,149,2141,26,0.2146066569987858,0.4829554403486479
293,1561572000,951,1939,988,2890,26,1.8463237414961196,1.1151989793618717
293,1561586400,889,1352,463,2241,26,0.8252850414232944,0.5673671278003467
293,1561600800,392,333,-59,725,26,-0.18991915179197152,-0.7123140539674067
293,1561615200,145,81,-64,226,26,-0.19964332988790318,-1.1335283743513835
293,1561629600,2203,1374,-829,3577,26,-1.687442578565448,1.6951072721550422
293,1561644000,982,1219,237,2201,26,0.38575219148718315,0.5336024528196671
293,1561658400,1006,2252,1246,3258,26,2.3480913312461933,1.4258339891841232
293,1561672800,1051,1488,437,2539,26,0.7747193153244497,0.818913956406409
293,1561674371,33,19,-14,52,26,-0.10240154892858654,-1.2804047105173393
293,1561674451,3,3,0,6,26,-0.07517385025997786,-1.3192340867451207
293,1561674532,3,2,-1,5,26,-0.07711868587916419,-1.3200782036196377
293,1561674613,1,0,-1,1,26,-0.07711868587916419,-1.3234546711177058
293,1561674693,3,0,-3,3,26,-0.08100835711753686,-1.3217664373686717
293,1561674774,4,1,-3,5,26,-0.08100835711753686,-1.3200782036196377
293,1561687200,500,292,-208,792,26,-0.4796996590507352,-0.6557582233747684
293,1561701600,174,89,-85,263,26,-0.24048487789081618,-1.102296049994255
293,1561708887,46,351,305,397,26,0.5180010135918538,-0.9891843888089785
293,1561716000,1883,1103,-780,2986,26,-1.5921456332253179,1.1962341993155026
293,1561730400,1049,1243,194,2292,26,0.3021242598621708,0.6104170884007131
293,1561744800,1029,2093,1064,3122,26,1.9941312485542806,1.3110340942498129
293,1561759200,952,1098,146,2050,26,0.20877215014122683,0.40614080476760206
293,1561773600,583,422,-161,1005,26,-0.3882923849489775,-0.47596132910265004
293,1561788000,137,75,-62,212,26,-0.1957536586495305,-1.1453460105946214
293,1561802400,577,768,191,1345,26,0.2962897530046118,-0.18896159176687427
293,1561816800,827,1002,175,1829,26,0.26517238309763047,0.21959097549934775
293,1561831200,990,1111,121,2101,26,0.16015125966156848,0.4491907653679684
293,1561845600,955,806,-149,1761,26,-0.3649543575187415,0.1621910280321926
293,1561860000,620,300,-320,920,26,-0.6975212483996046,-0.547711263436594
293,1561874400,129,57,-72,186,26,-0.21520201484139384,-1.167293049332063
293,1561888800,499,470,-29,969,26,-0.1315740832163815,-0.5063495365852616
293,1561903200,1159,917,-242,2076,26,-0.5458240701030705,0.4280878435050437
293,1561917600,1255,1086,-169,2341,26,-0.40385106990246816,0.6517788152520454
293,1561932000,1245,738,-507,1983,26,-1.0612055091874488,0.34958497417496387
293,1561946400,659,285,-374,944,26,-0.8025423718356666,-0.5274524584481863
293,1561960800,178,76,-102,254,26,-0.27354708341698386,-1.1098931018649079
293,1561975200,2005,1285,-720,3290,26,-1.4754554960741377,1.4528457291686667
293,1561989600,946,1072,126,2018,26,0.16987543775750014,0.3791290647830584
293,1562004000,945,2171,1226,3116,26,2.309194618862467,1.305969393002711
293,1562018400,892,1305,413,2197,26,0.7280432604639777,0.5302259853215993
293,1562032800,341,131,-210,472,27,-0.639368869618789,-0.7603352559133504
293,1562047200,141,82,-59,223,27,-0.25761043321164945,-1.0242426753254015
293,1562061600,2031,1338,-693,3369,27,-1.8604902258085136,2.3101056839931235
293,1562076000,906,1114,208,2020,27,0.4174193848062729,0.8803421948892804
293,1562090400,1022,2150,1128,3172,27,2.7433648251676535,2.101311460602866
293,1562104800,882,1210,328,2092,27,0.7208035726794965,0.9566527739963795
293,1562119200,474,219,-255,693,27,-0.7531379400712479,-0.5261041728207267
293,1562133600,180,72,-108,252,27,-0.38149230992654903,-0.9935064698517088
293,1562143387,1283,745,-538,2028,27,-1.4686189831389331,0.8888211481234025
293,1562148000,630,1303,673,1933,27,1.5930331128150141,0.7881335784682023
293,1562162400,931,1375,444,2306,27,1.0140749542902792,1.1834647730091463
293,1562176800,953,2309,1356,3262,27,3.319794782126778,2.1966996844867404
293,1562191200,831,1260,429,2091,27,0.9761519308061262,0.9555929048421142
293,1562205600,509,316,-193,825,27,-0.5963894430034157,-0.38620144445771165
293,1562220000,107,39,-68,146,27,-0.2803642473021412,-1.105852600203827
293,1562230189,275,532,257,807,27,0.5413012615211725,-0.40527908923448647
293,1562230270,7,1,-6,8,27,-0.12361575023430905,-1.2521145434924335
293,1562230350,3,6,3,9,27,-0.10086193614381729,-1.2510546743381683
293,1562230433,54,172,118,226,27,0.18988124390135525,-1.0210630678626056
293,1562230514,2,5,3,7,27,-0.10086193614381729,-1.2531744126466988
293,1562230594,0,3,3,3,27,-0.10086193614381729,-1.2574138892637599
293,1562234400,167,307,140,474,27,0.24550167834477957,-0.7582155176048199
293,1562248800,613,978,365,1591,27,0.8143470306070737,0.4256583277094816
293,1562263200,830,781,-49,1611,27,-0.23232841755554748,0.44685571079478686
293,1562277600,986,443,-543,1429,27,-1.4812599909669841,0.2539595247185086
293,1562292000,598,719,121,1317,27,0.19746584859818583,0.13525417944079887
293,1562306400,172,75,-97,247,27,-0.35368209270483686,-0.998805815623035
293,1562315524,759,519,-240,1278,27,-0.7152149165870949,0.09391928242445353
293,1562315605,14,7,-7,21,27,-0.12614395179991925,-1.238336244486985
293,1562315693,55,350,295,405,27,0.6373729210143599,-0.8313464892491231
293,1562315774,1,4,3,5,27,-0.10086193614381729,-1.2552941509552293
293,1562320800,400,392,-8,792,27,-0.12867215336552945,-0.42117712654846545
293,1562335200,804,1034,230,1838,27,0.4730398192496972,0.6874460088130021
293,1562349600,989,1743,754,2732,27,1.79781743962944,1.6349690327261492
293,1562364000,892,850,-42,1742,27,-0.2146310065962761,0.5856985700035366
293,1562378400,506,317,-189,823,27,-0.586276636740975,-0.3883211827662422
293,1562392800,27,63,36,90,27,-0.01743128447868082,-1.1652052728426816
293,1562407200,602,598,-4,1200,27,-0.11855934710308866,0.011249488391762832
293,1562421600,641,713,72,1354,27,0.07358397188328623,0.1744693381486137
293,1562436000,873,860,-13,1733,27,-0.14131316119358042,0.5761597476151492
293,1562450400,865,649,-216,1514,27,-0.6545380790124502,0.34404840283105614
293,1562464800,557,241,-316,798,27,-0.9073582355734698,-0.41481791162287385
293,1562479200,114,35,-79,149,27,-0.30817446452385333,-1.102672992741031
293,1562493600,481,389,-92,870,27,-0.3410410848767859,-0.33850733251577475
293,1562508000,847,748,-99,1595,27,-0.35873849583605727,0.4298978043265426
293,1562522400,1151,806,-345,1957,27,-0.9806760809761654,0.8135704381705687
293,1562536800,1226,559,-667,1785,27,-1.7947569851026484,0.6312729436369431
293,1562551200,548,214,-334,762,27,-0.9528658637544534,-0.45297320117642337
293,1562565600,174,82,-92,256,27,-0.3410410848767859,-0.9892669932346476
293,1562574631,1256,631,-625,1887,27,-1.6885725193470202,0.7393795973720001
293,1562574712,28,5,-23,33,27,-0.1665951768496824,-1.2256178146358019
293,1562574801,169,615,446,784,27,1.0191313574214995,-0.4296560797825876
293,1562574881,6,7,1,13,27,-0.10591833927503767,-1.246815197721107
293,1562580000,876,735,-141,1611,27,-0.4649229615916855,0.44685571079478686
293,1562594400,906,1015,109,1921,27,0.16712742981086348,0.7754151486170191
293,1562608800,1054,2102,1048,3156,27,2.5411086999188375,2.084353554134622
293,1562623200,926,1152,226,2078,27,0.4629270129872564,0.9418146058366658
293,1562637600,362,220,-142,582,28,-0.49847893991752273,-0.27928123682170813
293,1562652000,156,72,-84,228,28,-0.3441730592100882,-0.5977572096603789
293,1562666400,2177,1449,-728,3626,28,-2.05750042430643,2.4592522697345456
293,1562680800,992,1041,49,2033,28,0.009666287929373771,1.026110391960527
293,1562695200,959,2248,1289,3207,28,3.3086195996055605,2.0822990702447064
293,1562709600,934,1274,340,2208,28,0.7838561376856401,1.183549079098288
293,1562724000,345,268,-77,613,28,-0.3255499356764323,-0.25139209795730477
293,1562738400,176,78,-98,254,28,-0.38141930627739995,-0.5743663189999115
293,1562743021,548,317,-231,865,28,-0.7352586534168619,-0.02468038847892896
293,1562752800,1803,1326,-477,3129,28,-1.3897284233139118,2.0121263982633044
293,1562767200,950,1259,309,2209,28,0.7013823048937354,1.1844487287390753
293,1562781600,988,2191,1203,3179,28,3.0798212247635024,2.0571088803026645
293,1562796000,974,1325,351,2299,28,0.8131210460956708,1.2654171964099237
293,1562810400,436,284,-152,720,28,-0.5250834021084597,-0.15512958639307378
293,1562824800,153,71,-82,224,28,-0.3388521667719008,-0.6013558082235277
293,1562839200,2199,1424,-775,3623,28,-2.182541396603834,2.456553320812184
293,1562853600,1025,1240,215,2265,28,0.4513003602989277,1.2348291086231589
293,1562868000,1088,2362,1274,3450,28,3.268712906319155,2.3009139329559973
293,1562882400,1007,1222,215,2229,28,0.4513003602989277,1.2024417215548193
293,1562896800,550,278,-272,828,28,-0.8443369483997035,-0.05796742518805557
293,1562911200,181,86,-95,267,28,-0.3734379676201189,-0.5626708736696779
293,1562925453,1993,1332,-661,3325,28,-1.8792505276271525,2.1884577278575965
293,1562925600,226,1289,1063,1515,28,2.7073587540903845,0.5600918780327547
293,1562940000,928,1299,371,2227,28,0.8663299704775448,1.200642422273245
293,1562953479,694,664,-30,1358,28,-0.20050896337902846,0.4188468844291634
293,1562953544,936,2112,1176,3048,28,3.0079891768479725,1.9392547773595408
293,1562953625,11,7,-4,18,28,-0.13133736168259227,-0.7866836342256921
293,1562953705,7,32,25,39,28,-0.054184421328875,-0.7677909917691608
293,1562953785,9,9,0,18,28,-0.12069557680621747,-0.7866836342256921
293,1562953865,8,21,13,29,28,-0.08610977595799939,-0.7767874881770328
293,1562953946,7,5,-2,12,28,-0.12601646924440488,-0.7920815320704153
293,1562954034,13,29,16,42,28,-0.07812843730071829,-0.7650920428467992
293,1562954120,41,38,-3,79,28,-0.12867691546349858,-0.7318050061376725
293,1562954200,4,9,5,13,28,-0.10739334571074897,-0.7911818824296282
293,1562954280,20,59,39,79,28,-0.016938174261563216,-0.7318050061376725
293,1562954361,6,11,5,17,28,-0.10739334571074897,-0.7875832838664794
293,1562954400,12,34,22,46,28,-0.062165759986156095,-0.7614934442836503
293,1562954441,0,0,0,0,28,-0.12069557680621747,-0.8028773277598618
293,1562954521,9,17,8,26,28,-0.09941200705346788,-0.7794864370993945
293,1562954602,10,9,-1,19,28,-0.12335602302531117,-0.785783984584905
293,1562954682,5,1,-4,6,28,-0.13133736168259227,-0.7974794299151385
293,1562954762,27,52,25,79,28,-0.054184421328875,-0.7318050061376725
293,1562954842,6,13,7,19,28,-0.10207245327256158,-0.785783984584905
293,1562954923,5,12,7,17,28,-0.10207245327256158,-0.7875832838664794
293,1562955003,8,5,-3,13,28,-0.12867691546349858,-0.7911818824296282
293,1562955084,6,15,9,21,28,-0.09675156083437418,-0.7839846853033304
293,1562955170,5,15,10,20,28,-0.09409111461528048,-0.7848843349441177
293,1562955248,9,3,-6,12,28,-0.13665825412077967,-0.7920815320704153
293,1562955328,16,19,3,35,28,-0.11271423814893637,-0.7713895903323096
293,1562955408,11,27,16,38,28,-0.07812843730071829,-0.768690641409948
293,1562955489,6,11,5,17,28,-0.10739334571074897,-0.7875832838664794
293,1562955556,48,49,1,97,28,-0.11803513058712377,-0.7156113126035029
293,1562955625,8,1,-7,9,28,-0.13931870033987337,-0.794780480992777
293,1562955691,23,34,11,57,28,-0.09143066839618678,-0.7515972982349911
293,1562955764,7,13,6,20,28,-0.10473289949165528,-0.7848843349441177
293,1562955825,4,8,4,12,28,-0.11005379192984267,-0.7920815320704153
293,1562955897,3,7,4,10,28,-0.11005379192984267,-0.7938808313519897
293,1562955980,3,1,-2,4,28,-0.12601646924440488,-0.799278729196713
293,1562956060,6,3,-3,9,28,-0.12867691546349858,-0.794780480992777
293,1562956140,4,4,0,8,28,-0.12069557680621747,-0.7956801306335641
293,1562956220,5,0,-5,5,28,-0.13399780790168597,-0.7983790795559258
293,1562956962,38,38,0,76,28,-0.12069557680621747,-0.7345039550600342
293,1562959672,275,494,219,769,28,0.4619421451753025,-0.1110467539945007
293,1562968800,585,664,79,1249,28,0.08947967450218473,0.320785073583358
293,1562983200,569,374,-195,943,28,-0.6394825895294888,0.04549228350247308
293,1562997600,115,55,-60,170,28,-0.2803223499518394,-0.6499368888260368
293,1563012000,586,765,179,1351,28,0.3555242964115546,0.412549336943653
293,1563026400,794,929,135,1723,28,0.23846466277143186,0.7472190033164935
293,1563040800,894,1121,227,2015,28,0.48322571492805216,1.0099166984263575
293,1563055200,932,504,-428,1436,28,-1.2593665585783205,0.48901955641056544
293,1563069600,410,216,-194,626,28,-0.6368221433103951,-0.2396966526270711
293,1563084000,67,43,-24,110,28,-0.18454628606446627,-0.7039158672732692
293,1563094639,269,259,-10,528,28,-0.14730003899715446,-0.32786231742421723
293,1563094723,5,6,1,11,28,-0.11803513058712377,-0.7929811817112026
293,1563094805,3,0,-3,3,28,-0.12867691546349858,-0.8001783788375002
293,1563094887,2,0,-2,2,28,-0.12601646924440488,-0.8010780284782874
293,1563098400,171,209,38,380,28,-0.019598620480656914,-0.4610104642607237
293,1563112800,968,772,-196,1740,28,-0.6421430357485824,0.7625130472098759
293,1563127200,1109,971,-138,2080,28,-0.48783715504114794,1.0683939250775258
293,1563141600,1251,590,-661,1841,28,-1.8792505276271525,0.8533776609293837
293,1563156000,512,203,-309,715,28,-0.9427734585061704,-0.1596278345970098
293,1563170400,171,82,-89,253,28,-0.3574752903055567,-0.5752659686406988
293,1563180633,1501,817,-684,2318,28,-1.9404407906663075,1.2825105395848806
293,1563180714,18,17,-1,35,28,-0.12335602302531117,-0.7713895903323096
293,1563180798,132,794,662,926,28,1.6405198202338112,0.030198239609090582
293,1563180878,2,12,10,14,28,-0.09409111461528048,-0.7902822327888409
293,1563184800,578,538,-40,1116,28,-0.22711342556996544,0.20113167135865964
293,1563199200,925,1073,148,1998,28,0.2730504636196499,0.9946226545329749
293,1563213600,1083,2122,1039,3205,28,2.6435080448321355,2.080499770963132
293,1563228000,1001,1229,228,2230,28,0.48588616114714583,1.2033413711956067
293,1563242400,496,254,-242,750,29,-0.5955440178705029,-0.6208345940189045
293,1563256800,167,100,-67,267,29,-0.20897597491795802,-1.0924154008878382
293,1563271200,2214,1454,-760,3668,29,-1.7397854250100362,2.2281774027586287
293,1563285600,966,1084,118,2050,29,0.1996816704890181,0.6484305176366106
293,1563300000,1042,2163,1121,3205,29,2.4152687966684616,1.7761237514536259
293,1563314400,977,1224,247,2201,29,0.4846375421511798,0.7958605421442897
293,1563328800,456,306,-150,762,29,-0.3923196752897365,-0.6091183006805458
293,1563343200,164,93,-71,257,29,-0.21781181589973048,-1.1021789786698035
293,1563350857,990,540,-450,1530,29,-1.0550077489226708,0.14072447297440457
293,1563352670,319,170,-149,489,29,-0.3901107150442934,-0.8756639741282041
293,1563352751,28,11,-17,39,29,-0.0985279626458023,-1.3150249743166516
293,1563352836,98,705,607,803,29,1.279863230510701,-0.5690876317744873
293,1563352915,2,12,10,14,29,-0.038886036018838215,-1.3394339187715654
293,1563357600,904,739,-165,1643,29,-0.4254540789713832,0.25105290191061475
293,1563372000,895,1058,163,1953,29,0.29908488153395824,0.5537238131515453
293,1563386400,995,2166,1171,3161,29,2.5257168089406172,1.7331640092129776
293,1563400800,968,1375,407,2343,29,0.8380711814220781,0.9345033466481998
293,1563415200,457,313,-144,770,29,-0.3790659138170778,-0.6013074384549735
293,1563429600,134,118,-16,252,29,-0.09631900240035919,-1.1070607675607864
293,1563435532,764,384,-380,1148,29,-0.9003805317416527,-0.23224419829667756
293,1563444000,1629,1302,-327,2931,29,-0.7833056387331676,1.508601720227771
293,1563458400,936,1166,230,2102,29,0.44708521797864686,0.6992011221028311
293,1563472800,1003,2092,1089,3095,29,2.344582068814282,1.6687243958520053
293,1563487200,1082,1372,290,2454,29,0.5796228327052338,1.042879060028017
293,1563501600,456,335,-121,791,29,-0.3282598281718862,-0.580803925112846
293,1563516000,173,107,-66,280,29,-0.2067670146725149,-1.079722749771283
293,1563526157,1295,744,-551,2039,29,-1.2781127337124252,0.6376905820764486
293,1563526238,17,15,-2,32,29,-0.0653935589641556,-1.3218594787640274
293,1563526324,105,711,606,816,29,1.2776542702652578,-0.5563949806579321
293,1563526407,5,18,13,23,29,-0.032259155282508875,-1.3306466987677963
293,1563530400,514,549,35,1063,29,0.01633797011723964,-0.3152346094433843
293,1563544800,786,1357,571,2143,29,1.200340661674749,0.7392317910088897
293,1563559200,1013,2230,1217,3243,29,2.6273289802310007,1.8132253470250947
293,1563573600,445,416,-29,861,29,-0.12503548559111968,-0.5124588806390874
293,1563588000,487,312,-175,799,29,-0.44754368142581435,-0.5729930628872735
293,1563602400,120,42,-78,162,29,-0.2332745376178323,-1.194932967598476
293,1563616800,528,651,123,1179,29,0.21072647171623368,-0.2019771071725845
293,1563631200,733,850,117,1583,29,0.197472710243575,0.1924714352188217
293,1563645600,754,807,53,1561,29,0.05609925453521569,0.1709915640984976
293,1563660000,942,537,-405,1479,29,-0.9556045378777306,0.09093022628638052
293,1563674400,525,249,-276,774,29,-0.6706486662155688,-0.5974020073421873
293,1563688800,60,35,-25,95,29,-0.11619964460934722,-1.2603489387376448
293,1563698892,202,191,-11,393,29,-0.08527420117314362,-0.9693943208350728
293,1563703200,163,175,12,338,29,-0.03446811552795199,-1.0230939986358831
293,1563717600,848,719,-129,1567,29,-0.3459315101354311,0.17684971076767692
293,1563732000,1106,781,-325,1887,29,-0.7788877182422814,0.4892841997905729
293,1563746400,1275,402,-873,1677,29,-1.989397932745108,0.2842490663692974
293,1563760800,548,172,-376,720,29,-0.8915446907598803,-0.650125327364801
293,1563775200,167,82,-85,249,29,-0.24873725933593407,-1.1099898408953761
293,1563789600,2197,1258,-939,3455,29,-2.1351893089443537,2.0202131960027634
293,1563804000,991,953,-38,1944,29,-0.1449161278001077,0.5449365931477763
293,1563818400,905,1531,626,2436,29,1.32183347517412,1.025304620020479
293,1563832800,948,1027,79,1975,29,0.11353222091673666,0.5752036842718693
293,1563847200,315,129,-186,444,30,-0.4292955579304015,-1.187627517412791
293,1563861600,158,85,-73,243,30,-0.19893143689408774,-1.3756284814047828
293,1563876000,2407,1299,-1108,3706,30,-2.30890369594351,1.8634130026960487
293,1563890400,956,1080,124,2036,30,0.202676809514353,0.30141494365810806
293,1563904800,1018,1980,962,2998,30,1.9110408221553343,1.201200651918287
293,1563919200,981,1206,225,2187,30,0.40857748406893424,0.442649498696868
293,1563933600,428,226,-202,654,30,-0.46191348657271136,-0.9912085998092177
293,1563948000,138,87,-51,225,30,-0.1540817850109116,-1.3924643886279462
293,1563962400,2235,1418,-817,3653,30,-1.7156651187614982,1.8138406092056232
293,1563976800,935,1095,160,2030,30,0.27606714895955026,0.29580297458372024
293,1563991200,1025,2219,1194,3244,30,2.384000787468828,1.4312913839681873
293,1564005600,958,1280,322,2238,30,0.606323676462938,0.49035123582916434
293,1564020000,531,259,-272,790,30,-0.6046169243828171,-0.8640039674564273
293,1564034400,197,92,-105,289,30,-0.26416729417870755,-1.3326033851678094
293,1564048800,2078,1375,-703,3453,30,-1.4832623771850402,1.626774973392696
293,1564063200,972,1135,163,2107,30,0.28218301057998335,0.36782324437169717
293,1564077600,1067,2191,1124,3258,30,2.241297349658722,1.444385978475092
293,1564092000,1017,1403,386,2420,30,0.7367953910321777,0.660580964418928
293,1564106400,612,256,-356,868,30,-0.7758610497549442,-0.7910483694893857
293,1564120800,157,70,-87,227,30,-0.2274721244561089,-1.390593732269817
293,1564127379,769,457,-312,1226,30,-0.6861617459885919,-0.4562008813842464
293,1564135200,1091,1157,66,2248,30,0.08443681818597958,0.4997045176198107
293,1564149600,842,1366,524,2208,30,1.0181250255721006,0.4622913904572253
293,1564164000,1082,2094,1012,3176,30,2.0129718491625526,1.3676890677917921
293,1564178400,1016,1290,274,2306,30,0.5084698905360083,0.5539535520055595
293,1564192800,688,405,-283,1093,30,-0.6270417503244052,-0.5805995291998429
293,1564207200,125,47,-78,172,30,-0.20912453959480956,-1.4420367821183717
293,1564221600,604,693,89,1297,30,0.13132509060930006,-0.3897925806706573
293,1564236000,744,844,100,1588,30,0.15374991655088813,-0.11761208056284848
293,1564250400,875,872,-3,1747,30,-0.0562279990839819,0.03110509990842851
293,1564264800,920,718,-202,1638,30,-0.46191348657271136,-0.07084567160961672
293,1564279200,651,323,-328,974,30,-0.7187796746309019,-0.6919035825085345
293,1564293600,94,46,-48,140,30,-0.1479659233904785,-1.4719672838484401
293,1564308000,416,416,0,832,30,-0.05011213746354879,-0.8247201839357127
293,1564322400,849,658,-191,1507,30,-0.4394886606311233,-0.19337366306708392
293,1564336800,852,850,-2,1702,30,-0.05418937854383753,-0.010984668149480072
293,1564351200,984,510,-474,1494,30,-1.0164182734919798,-0.20553292939492418
293,1564365600,499,215,-284,714,30,-0.6290803708645496,-0.9350889090653396
293,1564380000,169,76,-93,245,30,-0.23970384769697511,-1.3737578250466536
293,1564394400,2058,1326,-732,3384,30,-1.542382372849227,1.5622373290372362
293,1564408800,979,991,12,1970,30,-0.025648690981816363,0.23968328383984214
293,1564423200,983,1970,987,2953,30,1.9620063356589434,1.1591108838603785
293,1564437600,842,1165,323,2007,30,0.6083622970030824,0.27429042646523366
293,1564452000,242,286,44,528,31,-0.18389864559811497,-0.8778133599553911
293,1564466400,155,89,-66,244,31,-0.39335960685357696,-1.1402919615411335
293,1564475931,1365,648,-717,2013,31,-1.6329876593745383,0.4946539758010439
293,1564476011,24,1,-23,25,31,-0.31147941290826,-1.3426962352991534
293,1564476095,117,660,543,777,31,0.7662924422789354,-0.647682473353807
293,1564476175,4,14,10,18,31,-0.2486411245316214,-1.349165778295985
293,1564480800,761,719,-42,1480,31,-0.3476590334887489,0.0020444876137174026
293,1564487213,452,449,-3,901,31,-0.2733956017709033,-0.5330791402670745
293,1564495200,510,772,262,1282,31,0.23121489579907337,-0.18095115715380727
293,1564509600,1001,2173,1172,3174,31,1.9640283025488046,1.567673892846984
293,1564524000,944,1299,355,2243,31,0.40830461758778214,0.7072246742683705
293,1564538400,285,197,-88,482,31,-0.4352517991046694,-0.9203274996488564
293,1564552800,140,84,-56,224,31,-0.3743177012848986,-1.1587763701035099
293,1564562337,1338,724,-614,2062,31,-1.4368560320171513,0.5399407767788656
293,1564562685,89,43,-46,132,31,-0.35527579571622026,-1.2438046494904405
293,1564563325,139,91,-48,230,31,-0.3590841768299559,-1.1532310475347969
293,1564565333,357,206,-151,563,31,-0.5552158041873431,-0.8454656449712328
293,1564567200,228,1341,1113,1569,31,1.8516810596936022,0.08430010571629162
293,1564581600,1036,1090,54,2126,31,-0.1648567400294366,0.5990908841784697
293,1564596000,992,2265,1273,3257,31,2.1563515487924563,1.6443841883808454
293,1564610400,682,1202,520,1884,31,0.7224960594709752,0.37542954057371725
293,1564624800,366,170,-196,536,31,-0.6409043792463957,-0.8704195965304407
293,1564639200,400,124,-276,524,31,-0.7932396237958226,-0.8815102416678664
293,1564653600,1995,1323,-672,3318,31,-1.5472990843154857,1.700761634496093
293,1564668000,1001,1227,226,2228,31,0.16266403575183125,0.6933613678465884
293,1564682400,975,2195,1220,3170,31,2.055429449278461,1.5639770111345088
293,1564696800,940,1400,460,2340,31,0.608244626058905,0.7968740557958953
293,1564711200,693,302,-391,995,31,-1.0122215378356236,-0.44620242002390614
293,1564725600,183,91,-92,274,31,-0.4428685613321407,-1.1125653486975693
293,1564740000,1776,1196,-580,2972,31,-1.3721135530836448,1.380981366366984
293,1564754400,813,1166,353,1979,31,0.4044962364740465,0.4632304812450043
293,1564768800,1070,1992,922,3062,31,1.4879806633318455,1.464161204897677
293,1564783200,991,1164,173,2155,31,0.06174193623783593,0.6258932765939151
293,1565402400,5225,9097,3872,14322,32,3.8171874026964496,3.971037301219637
293,1565416800,108,62,-46,170,32,-0.12608588954108738,-0.6230439560797079
293,1565431200,509,483,-26,992,32,-0.10595687835049249,-0.3562028881387765
293,1565445600,667,699,32,1366,32,-0.047582745897767335,-0.23479344846735511
293,1565460000,692,836,144,1528,32,0.065139716769564,-0.1822043328877555
293,1565474400,956,574,-382,1530,32,-0.4642532775430813,-0.18155508454726663
293,1565488800,674,228,-446,902,32,-0.528666113352985,-0.38541906346077626
293,1565503200,115,40,-75,155,32,-0.15527295576744993,-0.6279133186333745
293,1565517600,417,301,-116,718,32,-0.19653742870816945,-0.4451499107857536
293,1565532000,847,540,-307,1387,32,-0.38876948557835056,-0.22797634089222182
293,1565546400,1092,662,-430,1754,32,-0.512562904400509,-0.10883927041251158
293,1565560800,1156,449,-707,1605,32,-0.7913497093902482,-0.15720827177893346
293,1565575200,587,157,-430,744,32,-0.512562904400509,-0.4367096823593981
293,1565589600,161,85,-76,246,32,-0.15627940632697968,-0.5983725191411303
293,1565604000,2010,1236,-774,3246,32,-0.8587818968787411,0.37549999159219605
293,1565618400,965,998,33,1963,32,-0.04657629533823759,-0.04099281883142318
293,1565632800,992,1932,940,2924,32,0.8662743621552401,0.2709710087734857
293,1565647200,917,1138,221,2055,32,0.14263640985335427,-0.011127395168934504
293,1565661600,329,161,-168,490,33,-0.6359067264947781,-0.5627945529534724
293,1565676000,169,77,-92,246,33,-0.48050829815521817,-0.7650765188225209
293,1565690400,2158,1304,-854,3462,33,-2.0385820138755424,1.901066113287562
293,1565704800,878,1104,226,1982,33,0.16971144147609832,0.6741099268687426
293,1565719200,772,1918,1146,2690,33,2.0508503108497185,1.2610592376690966
293,1565733600,645,1195,550,1840,33,0.8321994780815906,0.5563884549285586
293,1565748000,327,151,-176,478,33,-0.6522644557936791,-0.5727428463568682
293,1565762400,164,75,-89,239,33,-0.47437414966813024,-0.7708796899745018
293,1565776800,2026,1407,-619,3433,33,-1.5580737157203244,1.8770244042293553
293,1565791200,849,1135,286,1984,33,0.29239441121785614,0.6757679757693086
293,1565805600,804,2033,1229,2837,33,2.2205617523258168,1.3829258318606954
293,1565820000,631,1201,570,1832,33,0.8730938013288432,0.5497562593262947
293,1565834400,199,181,-18,380,33,-0.3291993021403835,-0.6539872424846008
293,1565848800,114,68,-46,182,33,-0.38645135468653713,-0.818134083640632
293,1565863200,2055,1318,-737,3373,33,-1.7993502228791147,1.827282937212376
293,1565877600,779,1189,410,1968,33,0.5459392153508223,0.6625035845647808
293,1565892000,796,2061,1265,2857,33,2.2941715341708715,1.3995063208663552
293,1565906400,709,1230,521,1939,33,0.7729027093730743,0.6384618755065742
293,1565920800,236,178,-58,414,33,-0.4109879486348887,-0.6258004111749793
293,1565935200,115,75,-40,190,33,-0.3741830577123614,-0.8115018880383681
293,1565949600,1399,970,-429,2369,33,-1.1695776448714246,0.994942389128258
293,1565964000,707,1097,390,1804,33,0.5050448921035697,0.5265435747183711
293,1565978400,836,2069,1233,2905,33,2.228740616975267,1.4392994944799384
293,1565992800,683,1075,392,1758,33,0.509134324428295,0.4884084500053537
293,1566007200,204,289,85,493,33,-0.11859353741703256,-0.5603074796026234
293,1566021600,4,13,9,17,33,-0.27399196575659246,-0.9549231179373247
293,1566030070,0,2,2,2,33,-0.2883049788931309,-0.9673584846915695
293,1566036000,2,7,5,9,33,-0.282170830406043,-0.9615553135395886
293,1566039277,0,0,0,0,33,-0.29239441121785614,-0.9690165335921355
293,1566050400,0,5,5,5,33,-0.282170830406043,-0.9648714113407205
293,1566064800,1,3,2,4,33,-0.2883049788931309,-0.9657004357910035
293,1566079200,1,1,0,2,33,-0.29239441121785614,-0.9673584846915695
293,1566093600,0,4,4,4,33,-0.28421554656840564,-0.9657004357910035
293,1566108000,2,3,1,5,33,-0.2903496950554935,-0.9648714113407205
293,1566122400,1,4,3,5,33,-0.28626026273076827,-0.9648714113407205
293,1566136800,1,8,7,9,33,-0.2780813980813177,-0.9615553135395886
293,1566151200,1,2,1,3,33,-0.2903496950554935,-0.9665294602412865
293,1566165600,0,2,2,2,33,-0.2883049788931309,-0.9673584846915695
293,1566180000,1,2,1,3,33,-0.2903496950554935,-0.9665294602412865
293,1566194400,106,63,-43,169,33,-0.38031720619944925,-0.8289114014943109
293,1566208800,1824,1191,-633,3015,33,-1.5866997419934012,1.530492184011067
293,1566223200,758,1052,294,1810,33,0.3087521405167572,0.531517721420069
293,1566237600,709,1841,1132,2550,33,2.0222242845766414,1.1449958146294785
293,1566252000,574,1097,523,1671,33,0.7769921416977995,0.41628332283073394
293,1566266400,335,136,-199,471,34,-0.6795420502093951,-0.641698359637757
293,1566280800,184,74,-110,258,34,-0.5038154377097259,-0.8183169340868656
293,1566295200,1938,1294,-644,3232,34,-1.5581751127077414,1.6477095467189975
293,1566309600,791,1174,383,1965,34,0.46959152815922856,0.5971192470616241
293,1566324000,769,2064,1295,2833,34,2.270295692200783,1.3168606678213717
293,1566338400,747,1124,377,1871,34,0.45774479023790254,0.5191748996521584
293,1566352800,302,184,-118,486,34,-0.5196110882714938,-0.6292604318596509
293,1566367200,107,88,-19,195,34,-0.3241399125696146,-0.8705562307549118
293,1566381600,2211,1221,-990,3432,34,-2.2413369995042087,1.813548583760414
293,1566396000,743,995,252,1738,34,0.21093775021027716,0.4088919400196164
293,1566410400,1023,1899,876,2922,34,1.442998494028183,1.390659039304802
293,1566424800,842,1242,400,2084,34,0.5031572856029856,0.6957934741012669
293,1566439200,418,453,35,871,34,-0.21751927127768048,-0.3100202855549241
293,1566453600,114,69,-45,183,34,-0.3754757768953607,-0.8805065729773968
293,1566468000,1857,1177,-680,3034,34,-1.6292555402356974,1.4835289000479952
293,1566482400,725,1126,401,1851,34,0.5051317419232066,0.5025909959480167
293,1566496800,812,2183,1371,2995,34,2.420354372537579,1.451190287824919
293,1566511200,676,1420,744,2096,34,1.1823702597590107,0.7057438163237518
293,1566525600,355,233,-122,588,34,-0.5275089135523778,-0.5446825229685284
293,1566540000,107,70,-37,177,34,-0.3596801263335927,-0.8854817440886393
293,1566554400,1554,1194,-360,2748,34,-0.9974295177649766,1.2463790770787695
293,1566568800,644,1239,595,1883,34,0.8881762680460812,0.5291252418746433
293,1566583200,866,2002,1136,2868,34,1.9563571372856439,1.3458824993036196
293,1566597600,648,1086,438,1734,34,0.5781866257713838,0.405575159278788
293,1566612000,177,271,94,448,34,-0.10102634838464129,-0.66076984889752
293,1566626400,0,1,1,1,34,-0.28465078616519457,-1.0314200966850857
293,1566640800,0,1,1,1,34,-0.28465078616519457,-1.0314200966850857
293,1566655200,0,3,3,3,34,-0.28070187352475257,-1.0297617063146716
293,1566669600,0,1,1,1,34,-0.28465078616519457,-1.0314200966850857
293,1566684000,0,2,2,2,34,-0.28267632984497354,-1.0305909014998786
293,1566698400,0,2,2,2,34,-0.28267632984497354,-1.0305909014998786
293,1566712800,0,1,1,1,34,-0.28465078616519457,-1.0314200966850857
293,1566727200,1,2,1,3,34,-0.28465078616519457,-1.0297617063146716
293,1566741600,1,2,1,3,34,-0.28465078616519457,-1.0297617063146716
293,1566756000,0,5,5,5,34,-0.27675296088431056,-1.0281033159442574
293,1566770400,0,4,4,4,34,-0.27872741720453154,-1.0289325111294645
293,1566784800,0,3,3,3,34,-0.28070187352475257,-1.0297617063146716
293,1566799200,83,49,-34,132,34,-0.35375675737292966,-0.922795527422958
293,1566813600,1931,1169,-762,3100,34,-1.7911609584938197,1.5382557822716627
293,1566828000,770,984,214,1754,34,0.13590841004187906,0.42215906298292966
293,1566842400,714,1900,1186,2614,34,2.0550799532966937,1.1352669222610206
293,1566856800,649,1044,395,1693,34,0.4932850040018806,0.37157815668529764
293,1566871200,335,153,-182,488,35,-0.6755848603451158,-0.8971709789561096
293,1566885600,109,72,-37,181,35,-0.3814953821820168,-1.1941550260566456
293,1566900000,1851,1314,-537,3165,35,-1.3955970310202892,1.6924912167707142
293,1566914400,740,1081,341,1821,35,0.38516546433971716,0.39233955780289526
293,1566928800,776,2042,1266,2818,35,2.2612535146905213,1.3568121798199455
293,1566943200,652,1162,510,1814,35,0.7279318216470533,0.38556793457910454
293,1566957600,197,203,6,400,35,-0.29428264038192536,-0.9822999566266216
293,1566972000,88,78,-10,166,35,-0.3267338931447501,-1.2086656472504829
293,1566986400,1809,1187,-622,2996,35,-1.5679943113227954,1.529004884653481
293,1567000800,361,768,407,1129,35,0.5190268819863691,-0.27708376660613054
293,1567015200,1540,3243,1703,4783,35,3.1475783557751713,3.257703556212627
293,1567029600,700,1222,522,1922,35,0.7522702612191718,0.49004440717473285
293,1567044000,419,196,-223,615,35,-0.7587411955498541,-0.7743143861816207
293,1567058400,125,82,-43,207,35,-0.39366460196807607,-1.1690032826539944
293,1567072800,1775,1124,-651,2899,35,-1.6268122069554152,1.4351695342666666
293,1567087200,680,1188,508,1868,35,0.7238754150517002,0.4378061708769187
293,1567101600,795,2123,1328,2918,35,2.387002119146467,1.4535496544455273
293,1567116000,752,1017,265,1769,35,0.23102201371629977,0.34203607099759276
293,1567130400,526,257,-269,783,35,-0.8520385472429751,-0.6117954288106434
293,1567144800,109,73,-36,182,35,-0.37946717888434023,-1.1931876513103898
293,1567159200,1280,1158,-122,2438,35,-0.5538926624845231,0.9892097762427348
293,1567173600,643,1365,722,2008,35,1.1579109207544809,0.5732386353527331
293,1567188000,822,1985,1163,2807,35,2.052348575029837,1.3461710576111314
293,1567202400,703,1064,361,1767,35,0.42572953029324806,0.3401013215050811
293,1567216800,490,328,-162,818,35,-0.6350207943915849,-0.5779373126916898
293,1567231200,78,55,-23,133,35,-0.35310053601454516,-1.2405890138769249
293,1567245600,368,615,247,983,35,0.19451435435812195,-0.4183204795594799
293,1567260000,538,890,352,1428,35,0.40747570061415916,0.012161282524358944
293,1567274400,607,829,222,1436,35,0.14380927191620832,0.019900280494405485
293,1567288800,671,678,7,1349,35,-0.2922544370842488,-0.06426132242985065
293,1567303200,403,236,-167,639,35,-0.6451618108799676,-0.7510973922714812
293,1567317600,57,45,-12,102,35,-0.33079029974010316,-1.2705776310108552
293,1567332000,320,370,50,690,35,-0.2050416952841574,-0.7017612802124344
293,1567346400,643,658,15,1301,35,-0.27602881070283647,-0.1106953102501299
293,1567360800,687,835,148,1522,35,-0.0062777721118559855,0.1030945086724058
293,1567375200,716,584,-132,1300,35,-0.5741746954612885,-0.11166268499638571
293,1567389600,463,197,-266,660,35,-0.8459539373499455,-0.730782522600109
293,1567404000,42,38,-4,80,35,-0.3145646733586908,-1.2918598754284831
293,1567418400,280,357,77,637,35,-0.15028020624689067,-0.7530321417639928
293,1567432800,691,691,0,1382,35,-0.30645186016798465,-0.03233795580340867
293,1567447200,905,756,-149,1661,35,-0.6086541515217897,0.23755959840196444
293,1567461600,805,578,-227,1383,35,-0.7668540087405602,-0.031370581057152847
293,1567476000,389,135,-254,524,36,-0.7649880680671914,-1.0238247648832726
293,1567490400,108,69,-39,177,36,-0.38814871098646814,-1.3498078143536767
293,1567504800,2008,1259,-749,3267,36,-1.6325949599507172,1.5530383610456004
293,1567519200,840,1128,288,1968,36,0.1849976600153761,0.3327156484748363
293,1567533600,783,2076,1293,2859,36,1.9465025617182918,1.169749934002589
293,1567548000,642,1205,563,1847,36,0.667001488839557,0.2190443257488452
293,1567562400,225,141,-84,366,36,-0.4670220647940614,-1.172255087120517
293,1567576800,109,89,-20,198,36,-0.3548466282677066,-1.3300797335499923
293,1567591200,1985,1256,-729,3241,36,-1.5975401360362314,1.5286131181458007
293,1567605600,788,1092,304,1880,36,0.21304151914696481,0.2500455955832064
293,1567620000,749,2095,1346,2844,36,2.0393978450916794,1.155658447714243
293,1567634400,673,1157,484,1830,36,0.5285349343773378,0.20307397462205307
293,1567648800,361,168,-193,529,36,-0.6580708551280094,-1.0191276027871572
293,1567663200,117,69,-48,186,36,-0.4039233817479868,-1.341352922580669
293,1567677600,2088,1274,-814,3362,36,-1.7465231376727963,1.6422844408717918
293,1567692000,843,1187,344,2030,36,0.28315116697593656,0.39096045846666644
293,1567706400,804,2222,1418,3026,36,2.165595211183829,1.326635148012841
293,1567720800,686,1262,576,1948,36,0.6897871243839728,0.31392700009037494
293,1567735200,328,205,-123,533,36,-0.5353789714273088,-1.015369873110265
293,1567749600,116,79,-37,195,36,-0.3846432285950196,-1.3328980308076614
293,1567764000,1787,1270,-517,3057,36,-1.2259590025426808,1.3557575530087562
293,1567778400,696,1218,522,1914,36,0.595139099814861,0.2819862978367907
293,1567792800,864,2196,1332,3060,36,2.0148594683515393,1.3585758502664256
293,1567807200,697,1342,645,2039,36,0.8107262668889492,0.39941535023967406
293,1567821600,645,330,-315,975,36,-0.8719052810063734,-0.6001407438136692
293,1567836000,68,51,-17,119,36,-0.3495884046805337,-1.4042948946686147
293,1567850400,482,673,191,1155,36,0.014981764030119544,-0.43104290835351716
293,1567864800,608,1074,466,1682,36,0.4969855928543005,0.06403797657703914
293,1567879200,682,1084,402,1766,36,0.38481015632794563,0.14295029979177676
293,1567893600,756,843,87,1599,36,-0.16730332032520706,-0.013934914218475423
293,1567908000,456,291,-165,747,36,-0.6089941016477293,-0.8143313353965285
293,1567922400,68,53,-15,121,36,-0.3460829222890851,-1.4024160298301684
293,1567936800,364,441,77,805,36,-0.18483073228245,-0.7598442550815906
293,1567951200,617,873,256,1490,36,0.12890994175219866,-0.11633304791378972
293,1567965600,806,901,95,1707,36,-0.15328139075941272,0.08752378705761582
293,1567980000,776,648,-128,1424,36,-0.5441426774059304,-0.17833558758251214
293,1567994400,345,181,-164,526,36,-0.6072413604520049,-1.0219459000448263
293,1568008800,112,84,-28,196,36,-0.3688685578335009,-1.3319585983884383
293,1568023200,2242,1364,-878,3606,36,-1.858698574199151,1.87150595116222
293,1568037600,758,1084,326,1842,36,0.2516018254528993,0.21434716365272985
293,1568052000,772,2143,1371,2915,36,2.083216374984787,1.2223581494790807
293,1568066400,816,1410,594,2226,36,0.7213364659070102,0.5750892126343876
293,1568080800,424,170,-254,594,37,-0.7314182799334529,-0.9573122895560088
293,1568095200,162,97,-65,259,37,-0.41485984221949246,-1.258620566719802
293,1568109600,2327,1437,-890,3764,37,-1.7966625465264627,1.8938734973371976
293,1568124000,791,1092,301,1883,37,0.1981580847821453,0.20205000675482498
293,1568138400,806,2319,1513,3125,37,2.228151875836749,1.3191392014934251
293,1568152800,702,1427,725,2129,37,0.9083209291774853,0.42330921923928205
293,1568167200,354,199,-155,553,37,-0.5656019554166165,-0.994188824970085
293,1568181600,118,82,-36,200,37,-0.36628738352264134,-1.3116868006083506
293,1568196000,2121,1367,-754,3488,37,-1.5688744643619197,1.6456314540619532
293,1568210400,737,1126,389,1863,37,0.34555037324155546,0.18406145289430004
293,1568224800,864,1983,1119,2847,37,1.5682364025071172,1.0690983028321281
293,1568239200,687,1307,620,1994,37,0.7324551304475071,0.30188648068073853
293,1568253600,324,193,-131,517,37,-0.52540405856405,-1.02656822191903
293,1568268000,91,69,-22,160,37,-0.34283861035864427,-1.3476639083294004
293,1568282400,2259,1389,-870,3648,37,-1.763164299149324,1.789539884946153
293,1568296800,798,1133,335,1931,37,0.25510510532328107,0.2452225360200849
293,1568311200,820,2257,1437,3077,37,2.100858535803622,1.2759666722281653
293,1568325600,844,1485,641,2329,37,0.7676282901935028,0.6031947578445317
293,1568340000,389,198,-191,587,37,-0.6258988006954661,-0.9636082834071925
293,1568354400,127,88,-39,215,37,-0.37131212062921215,-1.2981953852129569
293,1568368800,1914,1238,-676,3152,37,-1.4382312995910789,1.3434237492051337
293,1568383200,664,1305,641,1969,37,0.7676282901935028,0.2794007883550823
293,1568397600,832,2284,1452,3116,37,2.1259822213364763,1.311044352256189
293,1568412000,739,1241,502,1980,37,0.534815470922389,0.28929449297837107
293,1568426400,543,364,-179,907,37,-0.6057998522691829,-0.6757914216387931
293,1568440800,76,53,-23,129,37,-0.34451352272750124,-1.3755461668132143
293,1568455200,485,566,81,1051,37,-0.17032263636638012,-0.5462738338430134
293,1568469600,603,946,343,1549,37,0.2685044042741365,-0.09835884271594188
293,1568484000,656,1001,345,1657,37,0.27185422901185036,-0.0012206518691070803
293,1568498400,726,789,63,1515,37,-0.20047105900580492,-0.1289393842788343
293,1568512800,495,325,-170,820,37,-0.5907256409494704,-0.7540416309320768
293,1568527200,79,45,-34,124,37,-0.3629375587849275,-1.3800433052783454
293,1568541600,346,369,23,715,37,-0.26746755376008224,-0.8484815386998328
293,1568556000,676,906,230,1582,37,0.07923930659330301,-0.06867772884607569
293,1568570400,850,918,68,1768,37,-0.19209649716152025,0.09861582205680645
293,1568584800,811,581,-230,1392,37,-0.6912203830808865,-0.23956899052106284
293,1568599200,403,177,-226,580,37,-0.6845207336054587,-0.9699042772583762
293,1568613600,120,76,-44,196,37,-0.37968668247349685,-1.3152845113804557
293,1568628000,2114,1466,-648,3580,37,-1.3913337532630847,1.728378801820368
293,1568642400,745,1081,336,1826,37,0.256780017692138,0.15078262825232885
293,1568656800,685,2137,1452,2822,37,2.1259822213364763,1.046612610506472
293,1568671200,682,1376,694,2058,37,0.8563986457429202,0.3594498530344184
293,1568685600,537,218,-319,755,38,-0.8296734007298168,-0.8639734005502947
293,1568700000,112,109,-3,221,38,-0.27356889214509233,-1.3717482342166558
293,1568714400,2205,1357,-848,3562,38,-1.7606205052909534,1.80517258840378
293,1568728800,804,1144,340,1948,38,0.33005087508452935,0.2704374169852276
293,1568743200,816,1955,1139,2771,38,1.7361505660946395,1.0530192299204622
293,1568757600,764,1465,701,2229,38,0.9653474814107493,0.5376372826411218
293,1568772000,306,263,-43,569,38,-0.34396186791531064,-1.040838792052061
293,1568786400,163,121,-42,284,38,-0.34220204352105515,-1.3118422145144448
293,1568800800,2184,1344,-840,3528,38,-1.7465419101369097,1.7728423555486184
293,1568815200,763,1194,431,1957,38,0.49019489496177593,0.2789954197998292
293,1568829600,778,2098,1320,2876,38,2.0546787814548773,1.152862596090814
293,1568844000,802,1457,655,2259,38,0.8843955592749982,0.5661639586897937
293,1568858400,339,273,-66,612,38,-0.3844378289831861,-0.9999505563822978
293,1568872800,152,112,-40,264,38,-0.33868239473254425,-1.3308599985468927
293,1568887200,2090,1339,-751,3429,38,-1.5899175390481741,1.678704324588001
293,1568901600,767,1093,326,1860,38,0.305413333564953,0.18675916724245648
293,1568916000,815,2129,1314,2944,38,2.0441198350893446,1.2175230618011372
293,1568930400,716,1275,559,1991,38,0.7154524174264744,0.3113256526549908
293,1568944800,365,334,-31,699,38,-0.3228439751842451,-0.9172231958411491
293,1568959200,147,108,-39,255,38,-0.3369225703382888,-1.3394180013614942
293,1568973600,1908,1296,-612,3204,38,-1.3453019482466655,1.464754254222961
293,1568988000,782,1139,357,1921,38,0.3599678897868721,0.24476340854142284
293,1569002400,842,2237,1395,3079,38,2.1866656110240363,1.3458931040201612
293,1569016800,766,1230,464,1996,38,0.548269099972206,0.31608009866310277
293,1569031200,515,412,-103,927,38,-0.44955133157063804,-0.700420457871242
293,1569045600,78,62,-16,140,38,-0.2964466092704133,-1.4487702595480703
293,1569060000,585,652,67,1237,38,-0.15038118454721036,-0.4056448053682982
293,1569074400,713,797,84,1510,38,-0.1204641698448676,-0.14605205332538326
293,1569088800,712,984,272,1696,38,0.21038281627515829,0.030813338176383005
293,1569103200,809,818,9,1627,38,-0.2524509994140269,-0.03479801673556254
293,1569117600,579,365,-214,944,38,-0.6448918393329938,-0.6842553414436612
293,1569132000,175,50,-125,225,38,-0.4882674682442581,-1.3679446774101662
293,1569146400,375,408,33,783,38,-0.2102152139518959,-0.8373485029048675
293,1569160800,739,805,66,1544,38,-0.15214100894146582,-0.11372182047022168
293,1569175200,884,876,-8,1760,38,-0.28236801411636964,0.09167024708021655
293,1569189600,914,595,-319,1509,38,-0.8296734007298168,-0.14700294252700566
293,1569204000,384,170,-214,554,38,-0.6448918393329938,-1.055102130076397
293,1569218400,140,85,-55,225,38,-0.3650797606463761,-1.3679446774101662
293,1569232800,2079,1318,-761,3397,38,-1.6075157829907287,1.6482758701360842
293,1569247200,755,1054,299,1809,38,0.2578980749200556,0.13826381795971412
293,1569261600,741,2164,1423,2905,38,2.235940694063189,1.1804383829378637
293,1569276000,634,1232,598,1866,38,0.7840855688024372,0.19246450245219088
293,1569290400,243,208,-35,451,39,-0.38056503434482747,-1.149073277347157
293,1569304800,119,89,-30,208,39,-0.3716723385383944,-1.38121250948962
293,1569319200,2180,1404,-776,3584,39,-1.6984625528582045,1.8438987979710997
293,1569333600,795,1061,266,1856,39,0.15477525320244176,0.19313092495802994
293,1569348000,781,2032,1251,2813,39,1.9066363270697515,1.1073582712968655
293,1569362400,811,1563,752,2374,39,1.0191452855877337,0.6879791646691238
293,1569376800,357,242,-115,599,39,-0.5228481672477562,-1.0076880660011303
293,1569391200,122,90,-32,212,39,-0.3752294168609676,-1.377391287561349
293,1569405600,2220,1349,-871,3569,39,-1.8674237731804322,1.8295692157400836
293,1569420000,778,1176,398,1954,39,0.3895424224922741,0.2867508622006693
293,1569434400,768,2079,1311,2847,39,2.013348676746948,1.1398386576871689
293,1569448800,743,1506,763,2249,39,1.0387092163618863,0.5685659794106552
293,1569463200,406,296,-110,702,39,-0.5139554714413231,-0.9092916013481521
293,1569477600,122,96,-26,218,39,-0.36455818189324796,-1.3716594546689425
293,1569492000,2149,1340,-809,3489,39,-1.7571543451806626,1.7531447771746635
293,1569506400,746,1139,393,1885,39,0.38064972668584107,0.22083478393799466
293,1569520800,816,2185,1369,3001,39,2.1165039481015713,1.2869557019256022
293,1569535200,808,1575,767,2383,39,1.0458233730070328,0.6965769140077335
293,1569549600,440,315,-125,755,39,-0.5406335588606223,-0.8586604107985614
293,1569564000,140,108,-32,248,39,-0.3752294168609676,-1.34300029020691
293,1569578400,1810,1219,-591,3029,39,-1.3694328080201819,1.3137042554234992
293,1569592800,730,1283,553,2013,39,0.6652159924916985,0.3431138856426665
293,1569607200,847,2200,1353,3047,39,2.088047321520986,1.3308997541007186
293,1569621600,771,1290,519,2061,39,0.6047456610079538,0.38896854878191844
293,1569636000,469,408,-61,877,39,-0.4268070525382793,-0.7421131419862961
293,1569650400,77,83,6,160,39,-0.3076449287320765,-1.427067172628872
293,1569664800,532,678,146,1210,39,-0.05864944615195127,-0.4239964164577357
293,1569679200,697,873,176,1570,39,-0.0052932713133530115,-0.0800864429133462
293,1569693600,687,1032,345,1719,39,0.2952798469440839,0.06225407391474836
293,1569708000,766,812,46,1578,39,-0.23650336228061214,-0.07244399905680421
293,1569722400,536,327,-209,863,39,-0.6900308484086973,-0.7554874187352445
293,1569736800,86,43,-43,129,39,-0.3947933476351203,-1.456681642572972
293,1569751200,388,454,66,842,39,-0.20093257905487996,-0.7755488338586672
293,1569765600,647,851,204,1498,39,0.04450582520267203,-0.1488684376222241
293,1569780000,886,924,38,1810,39,-0.25073167557090503,0.1491868727829135
293,1569794400,919,616,-303,1535,39,-0.8572135295696386,-0.1135221347857174
293,1569808800,489,211,-278,700,39,-0.8127500505374734,-0.9112022123122876
293,1569823200,121,79,-42,200,39,-0.3930148084738337,-1.3888549533461618
293,1569837600,1770,1193,-577,2963,39,-1.3445332597621693,1.2506540936070278
293,1569852000,803,1020,217,1823,39,0.06762683429939795,0.16160584404979422
293,1569866400,698,1943,1245,2641,39,1.895965092102032,0.9430457283812127
293,1569880800,699,1097,398,1796,39,0.3895424224922741,0.135812596033965
293,1569895200,322,150,-172,472,40,-0.5431888130318946,-1.1201261401320746
293,1569909600,118,82,-36,200,40,-0.3112116541505352,-1.3777995865964796
293,1569924000,1930,1207,-723,3137,40,-1.483037449382108,1.4045052379107177
293,1569938400,753,1061,308,1814,40,0.27555410066702085,0.1511891729386298
293,1569952800,709,1962,1253,2671,40,1.8874542120117606,0.9630499950709649
293,1569967200,776,1170,394,1946,40,0.4222455393714099,0.2762365807816499
293,1569981600,301,216,-85,517,40,-0.39479165992396614,-1.0774963420037722
293,1569996000,120,96,-24,216,40,-0.2907430813080623,-1.36264232503975
293,1570010400,2148,1334,-814,3482,40,-1.638257460104194,1.7313336902277021
293,1570024800,793,1072,279,1865,40,0.22608838296437805,0.19950294415070577
293,1570039200,776,2040,1264,2816,40,1.906217070450694,1.100412677928828
293,1570053600,712,1226,514,1938,40,0.6269312677961387,0.2686579500032851
293,1570068000,418,184,-234,602,40,-0.6489431060513378,-0.9969733899836457
293,1570082400,138,73,-65,211,40,-0.360677371853178,-1.367378969276228
293,1570096800,2363,1335,-1028,3698,40,-2.0032803424616272,1.9359567212435531
293,1570111200,812,1148,336,1960,40,0.32331410396612426,0.28949918464378843
293,1570125600,818,2282,1464,3100,40,2.2473599511585753,1.3694540705607803
293,1570140000,1133,1326,193,2459,40,0.07939694425998906,0.7622162794442963
293,1570154400,534,181,-353,715,40,-0.8519231200725272,-0.8899252302392421
293,1570168800,140,88,-52,228,40,-0.3385030846071657,-1.3512743788722026
293,1570183200,1998,1243,-755,3241,40,-1.537620310295369,1.5030274380294608
293,1570197600,715,1156,441,1871,40,0.502414116337762,0.2051869172344794
293,1570212000,823,2044,1221,2867,40,1.8328713510984995,1.1487264491409037
293,1570226400,769,1290,521,2059,40,0.6388712686209146,0.3832847405260535
293,1570240800,513,395,-118,908,40,-0.45108023524076657,-0.70709076271119
293,1570255200,97,54,-43,151,40,-0.323151654975311,-1.4242187001139643
293,1570269600,515,783,268,1298,40,0.2073255245254446,-0.33763251226590335
293,1570284000,710,1129,419,1839,40,0.4648883994598951,0.17487239412102
293,1570298400,715,1172,457,1887,40,0.5297055467943925,0.2203441787912091
293,1570312800,832,751,-81,1583,40,-0.3879688023098085,-0.06764379078665538
293,1570327200,482,293,-189,775,40,-0.5721859578920645,-0.8330854994015057
293,1570341600,58,39,-19,97,40,-0.2822145092903653,-1.475374457867927
293,1570356000,368,554,186,922,40,0.0674569434352132,-0.6938281588490515
293,1570370400,720,1097,377,1817,40,0.39324839451123994,0.15403115948051663
293,1570384800,903,950,47,1853,40,-0.16963735865676438,0.18813499798315847
293,1570399200,868,548,-320,1416,40,-0.7956345447557268,-0.2258477082850217
293,1570413600,463,175,-288,638,40,-0.7410516838424658,-0.9628695514810038
293,1570428000,122,94,-28,216,40,-0.29756593892221994,-1.36264232503975
293,1570442400,2140,1276,-864,3416,40,-1.7235431802811643,1.668809986306192
293,1570456800,745,1059,314,1804,40,0.2857883870882573,0.14171588446567374
293,1570471200,677,2066,1389,2743,40,2.11943137089312,1.0312576720762485
293,1570485600,620,1417,797,2037,40,1.109648443997791,0.36244350588555013
293,1570500000,399,202,-197,601,41,-0.6505578838493136,-0.9903041064994922
293,1570514400,159,85,-74,244,41,-0.42556076073452787,-1.3471991857652867
293,1570528800,2153,1315,-838,3468,41,-1.8231038669109203,1.8758532947751108
293,1570543200,799,1192,393,1991,41,0.4286966091403089,0.3992873785970192
293,1570557600,729,2267,1538,2996,41,2.5231820235015254,1.4039920135049284
293,1570572000,696,1242,546,1938,41,0.7085710793562618,0.34630295506456227
293,1570586400,304,230,-74,534,41,-0.42556076073452787,-1.0572844154933527
293,1570600800,103,68,-35,171,41,-0.3542202095030105,-1.4201777313854633
293,1570615200,1760,1174,-586,2934,41,-1.3621341512611154,1.3420102350329977
293,1570629600,842,971,129,1813,41,-0.05422404534996286,0.22133969201631484
293,1570644000,678,2013,1335,2691,41,2.15184530811696,1.0990816516672048
293,1570658400,829,1153,324,1982,41,0.30247871080762423,0.39029002365754534
293,1570672800,300,204,-96,504,41,-0.46580414860871716,-1.0872755986249323
293,1570687200,148,94,-54,242,41,-0.38897586266708306,-1.3491985979740588
293,1570701600,2199,1363,-836,3562,41,-1.8194453771041759,1.9698256685873927
293,1570716000,788,1176,388,1964,41,0.4195503846234477,0.37229531377859776
293,1570730400,812,2170,1358,2982,41,2.1939179408945217,1.3899961280435247
293,1570744800,675,1562,887,2237,41,1.3323435914061963,0.6452150802759701
293,1570759200,410,311,-99,721,41,-0.47129188331883387,-0.8703393739731746
293,1570773600,170,130,-40,300,41,-0.3633664340198717,-1.291215643919672
293,1570788000,1900,1267,-633,3167,41,-1.4481086617196108,1.574941757354931
293,1570802400,764,1346,582,2110,41,0.7744238958776626,0.5182524050189508
293,1570816800,817,2170,1353,2987,41,2.1847717163776608,1.3949946585654547
293,1570831200,742,1262,520,2004,41,0.6610107118685836,0.4122835579540369
293,1570845600,674,332,-342,1006,41,-0.9157983948382885,-0.5854231342231705
293,1570860000,78,56,-22,134,41,-0.3304400257591713,-1.4571668572477445
293,1570874400,550,631,81,1181,41,-0.14202780071183047,-0.41047456595562415
293,1570888800,660,1108,448,1768,41,0.5293050788257821,0.17635291731894576
293,1570903200,811,995,184,1806,41,0.04638442433551041,0.21434174928561298
293,1570917600,739,628,-111,1367,41,-0.49324282215930076,-0.22452923053983198
293,1570932000,426,327,-99,753,41,-0.47129188331883387,-0.8383487786328233
293,1570946400,86,42,-44,128,41,-0.3706834136333606,-1.4631650938740604
293,1570960800,420,372,-48,792,41,-0.3780003932468496,-0.7993602405617701
293,1570975200,678,875,197,1553,41,0.07016460807934956,-0.0385838951240398
293,1570989600,795,895,100,1690,41,-0.10727214754775787,0.09837584117683938
293,1571004000,904,609,-295,1513,41,-0.8298238843797932,-0.07857213929947898
293,1571018400,462,176,-286,638,41,-0.813360680249443,-0.953314980637211
293,1571032800,104,82,-22,186,41,-0.3304400257591713,-1.4051821398196735
293,1571047200,1369,1127,-242,2496,41,-0.7328739045010644,0.9041389613119388
293,1571061600,667,988,321,1655,41,0.29699097609750746,0.0633861275233301
293,1571076000,731,1510,779,2241,41,1.134785141841994,0.649213904693514
293,1571090400,762,1035,273,1797,41,0.2091872207356399,0.20534439434613916
293,1571104800,359,190,-169,549,42,-0.46916361744947693,-1.0266243740987786
293,1571119200,128,87,-41,215,42,-0.2546705816974242,-1.3218880690215395
293,1571133600,2057,1302,-755,3359,42,-1.4511395467518433,1.4574803646226533
293,1571148000,708,1050,342,1758,42,0.387132798716921,0.04215947967852079
293,1571162400,988,2114,1126,3102,42,1.7009026426982439,1.230286443679092
293,1571176800,1291,1498,207,2789,42,0.16090967507217793,0.9535872325688398
293,1571191200,495,313,-182,808,42,-0.4909480663930448,-0.7976624070778352
293,1571205600,172,79,-93,251,42,-0.3418083774716956,-1.290063239628667
293,1571220000,2821,1318,-1503,4139,42,-2.704583224427901,2.1470183348015563
293,1571234400,745,1200,455,1945,42,0.5764899318417801,0.20747178791371929
293,1571248800,808,2116,1308,2924,42,2.005884927908194,1.0729303427921115
293,1571263200,728,1382,654,2110,42,0.9099595733625495,0.35333558929771797
293,1571277600,441,290,-151,731,42,-0.4390005342968445,-0.8657321810570346
293,1571292000,118,76,-42,194,42,-0.2563463085392371,-1.3404525528340485
293,1571306400,2155,1300,-855,3455,42,-1.6187122309331343,1.54234657633698
293,1571320800,783,1178,395,1961,42,0.47594632133300535,0.2216161565327737
293,1571335200,948,2306,1358,3254,42,2.08967126999884,1.3646579455601087
293,1571349600,1005,1385,380,2390,42,0.4508104187058117,0.6008620401311703
293,1571364000,407,347,-60,754,42,-0.2865093916918695,-0.8453996511671439
293,1571378400,124,84,-40,208,42,-0.2529948548556113,-1.3280762302923759
293,1571392800,2139,1244,-895,3383,42,-1.6857413046056509,1.478696917551235
293,1571407200,733,1172,439,1905,42,0.5496783023727735,0.17211086636608325
293,1571421600,919,2317,1398,3236,42,2.156700343671356,1.3487455308636727
293,1571436000,871,1292,421,2163,42,0.5195152192201411,0.4001888103483357
293,1571450400,565,413,-152,978,42,-0.44067626113865743,-0.647378490500382
293,1571464800,107,59,-48,166,42,-0.2664006695901146,-1.3652051979173936
293,1571479200,502,639,137,1141,42,0.043608796145274104,-0.5032827351937652
293,1571493600,636,877,241,1513,42,0.21788438769381693,-0.17442616480074996
293,1571508000,698,993,295,1691,42,0.3083736371517142,-0.01707006391376958
293,1571522400,768,769,1,1537,42,-0.1842900543412819,-0.15320961187216833
293,1571536800,495,332,-163,827,42,-0.45910925639859945,-0.7808659693427081
293,1571551200,77,50,-27,127,42,-0.23121040591204345,-1.3996820964263388
293,1571565600,410,377,-33,787,42,-0.2412647669629209,-0.8162268908903442
293,1571580000,645,870,225,1515,42,0.19107275822481035,-0.17265811872336817
293,1571594400,1011,773,-238,1784,42,-0.5847887695345678,0.06514407868448421
293,1571608800,832,488,-344,1320,42,-0.7624158147667365,-0.3450426112680939
293,1571623200,329,153,-176,482,42,-0.4808937053421673,-1.0858539176910689
293,1571637600,121,90,-31,211,42,-0.23791331327929507,-1.3254241611763031
293,1571652000,2044,1282,-762,3326,42,-1.4628696346445336,1.4283076043458536
293,1571666400,733,1040,307,1773,42,0.32848235925346914,0.05541982525888431
293,1571680800,1003,2113,1110,3116,42,1.6740910132292373,1.2426627662207643
293,1571695200,667,1289,622,1956,42,0.8563363144245363,0.2171960413393192
293,1571709600,537,177,-360,714,43,-0.8456161935397366,-0.807515392185244
293,1571724000,118,85,-33,203,43,-0.25380551263499024,-1.2660046870815325
293,1571738400,2104,1292,-812,3396,43,-1.6636541989493554,1.5988804765267832
293,1571752800,729,1060,331,1789,43,0.40496845632319833,0.15701688181379744
293,1571767200,977,2254,1277,3231,43,2.117056848176073,1.4508359879594883
293,1571781600,826,1348,522,2174,43,0.7506438081666434,0.5024540218041519
293,1571796000,325,227,-98,552,43,-0.3714437213775239,-0.952868162778588
293,1571810400,134,86,-48,220,43,-0.28095279157557496,-1.2507516185624779
293,1571824800,2144,1409,-735,3553,43,-1.5242981670543538,1.7397470504968757
293,1571839200,793,1222,429,2015,43,0.5823306787350183,0.3597929691847587
293,1571853600,1005,2041,1036,3046,43,1.680890566530679,1.2848467128991883
293,1571868000,790,1439,649,2229,43,0.980490769863594,0.5518021846599167
293,1571882400,349,243,-106,592,43,-0.38592227014583574,-0.9169785897925771
293,1571896800,117,105,-12,222,43,-0.21579932211817168,-1.2489571399131774
293,1571911200,2158,1326,-832,3484,43,-1.6998505708701348,1.677837537096007
293,1571925600,736,1203,467,1939,43,0.6511037853844995,0.2916027805113381
293,1571940000,1057,2267,1210,3324,43,1.9957990022414616,1.5342792451519636
293,1571954400,853,1549,696,2402,43,1.065552243877426,0.7070245878244137
293,1571968800,427,217,-210,644,43,-0.5741434041338896,-0.870322144910763
293,1571983200,131,104,-27,235,43,-0.24294660105875637,-1.237293028692724
293,1571997600,1875,1333,-542,3208,43,-1.1750031780188308,1.4301994834925322
293,1572012000,694,1271,577,1965,43,0.8501838309487874,0.3149310029522452
293,1572026400,881,2142,1261,3023,43,2.0880997506394494,1.264210208432232
293,1572040800,795,1268,473,2063,43,0.6619626969607335,0.4028604567679717
293,1572055200,475,270,-205,745,43,-0.5650943111536948,-0.7797009731210857
293,1572069600,92,67,-25,159,43,-0.2393269638666784,-1.3054832173661446
293,1572084000,545,364,-181,909,43,-0.5216586648487592,-0.6325537238784411
293,1572098400,654,706,52,1360,43,-0.09997093197167697,-0.22789878846116887
293,1572112800,663,810,147,1473,43,0.07196183465202609,-0.12651074477568822
293,1572127200,751,545,-206,1296,43,-0.5669041297497337,-0.2853221052387862
293,1572141600,510,191,-319,701,43,-0.7714136311021385,-0.8191795034056976
293,1572156000,80,70,-10,150,43,-0.2121796849260937,-1.313558371287997
293,1572170400,366,242,-124,608,43,-0.4184990048745374,-0.9026227605981727
293,1572184800,640,576,-64,1216,43,-0.30990988911219863,-0.35710125121080794
293,1572199200,657,557,-100,1214,43,-0.3750633585696019,-0.3588957298601084
293,1572213600,779,410,-369,1189,43,-0.8619045609040874,-0.3813267129763652
293,1572228000,369,91,-278,460,43,-0.6972110686645403,-1.0354141806464128
293,1572242400,111,79,-32,190,43,-0.2519956940389513,-1.277668798301986
293,1572256800,2125,1298,-827,3423,43,-1.69080147788994,1.6231059382923405
293,1572271200,756,1017,261,1773,43,0.27828115460046976,0.1426610526193931
293,1572285600,732,1942,1210,2674,43,1.9957990022414616,0.9510736841292874
293,1572300000,782,1243,461,2025,43,0.6402448738082657,0.36876536243126146
293,1572314400,267,168,-99,435,44,-0.5045499593837157,-1.141456454192158
293,1572328800,133,88,-45,221,44,-0.41713060813220565,-1.3397212593998864
293,1572343200,2245,1327,-918,3572,44,-1.8304101200316194,1.7648832371005716
293,1572357600,822,1125,303,1947,44,0.1462385443775262,0.259367776995157
293,1572372000,729,2351,1622,3080,44,2.281537142539412,1.3090594793332706
293,1572386400,673,1399,726,2072,44,0.8310234625143555,0.3751766585417274
293,1572400800,394,337,-57,731,44,-0.4365571306325412,-0.8672210226898794
293,1572415200,132,87,-45,219,44,-0.41713060813220565,-1.3415742015046315
293,1572429600,2232,1406,-826,3638,44,-1.6814734475290467,1.8260303265571607
293,1572444000,766,1127,361,1893,44,0.2401334031291482,0.20933834016703862
293,1572458400,760,2289,1529,3049,44,2.1309815931618115,1.2803388767097212
293,1572472800,717,1450,733,2167,44,0.8423556006395513,0.4631914085171208
293,1572487200,295,217,-78,512,44,-0.47055354500812846,-1.0701181831594706
293,1572501600,132,80,-52,212,44,-0.4284627462574014,-1.3480594988712395
293,1572516000,2150,1332,-818,3482,44,-1.6685224325288228,1.681500842387041
293,1572530400,680,1205,525,1885,44,0.5056292106337346,0.20192657174805811
293,1572544800,784,2173,1389,2957,44,1.9043388306578963,1.1951035398914456
293,1572559200,706,1098,392,1804,44,0.2903185862550151,0.12688241650588053
293,1572573600,401,290,-111,691,44,-0.5239764818840513,-0.904279864784782
293,1572588000,147,90,-57,237,44,-0.4365571306325412,-1.3248977225619254
293,1572602400,1926,1265,-661,3191,44,-1.414358763149432,1.4118977661466252
293,1572616800,772,1304,532,2076,44,0.5169613487589303,0.37888254275121763
293,1572631200,800,2219,1419,3019,44,1.9529051369087351,1.2525447451385443
293,1572645600,763,1203,440,1966,44,0.36802467625635743,0.2769707269902357
293,1572660000,436,388,-48,824,44,-0.42198723875728955,-0.781059214819231
293,1572674400,99,67,-32,166,44,-0.3960852087568421,-1.3906771672803775
293,1572688800,516,742,226,1258,44,0.021585025000372883,-0.3789707780895388
293,1572703200,675,1102,427,1777,44,0.3469792768809939,0.10186769809182132
293,1572717600,772,1152,380,1924,44,0.2708920637546795,0.23805894279058806
293,1572732000,681,699,18,1380,44,-0.3151413650054439,-0.2659413097000861
293,1572742800,393,254,-139,647,44,-0.5693050343848344,-0.9450445910891747
293,1572757200,66,44,-22,110,44,-0.3798964400065625,-1.442559546213241
293,1572771600,317,289,-28,606,44,-0.3896097012567303,-0.9830299042364498
293,1572786000,640,796,156,1436,44,-0.09173635625158467,-0.2140589307672226
293,1572800400,792,1184,392,1976,44,0.2903185862550151,0.28623543751396135
293,1572814800,972,963,-9,1935,44,-0.35885104063119894,0.24825012436668625
293,1572829200,458,304,-154,762,44,-0.5935881875102539,-0.83850042006633
293,1572843600,55,41,-14,96,44,-0.36694542500633875,-1.4555301409464567
293,1572858000,1788,946,-842,2734,44,-1.707375477529494,0.9885004952123639
293,1572872400,1075,1111,36,2186,44,-0.2860015812549405,0.48079435851219954
293,1572886800,597,1785,1188,2382,44,1.5789445787772753,0.6623826847772218
293,1572901200,784,1977,1193,2761,44,1.5870389631524153,1.0135152136264232
293,1572915600,526,386,-140,912,45,-0.5216084308261962,-0.7123545430449322
293,1572930000,489,82,-407,571,45,-1.023954441070525,-1.0747308222766405
293,1572944400,1702,992,-710,2694,45,-1.5940324976399318,1.1813537548756088
293,1572958800,1060,1254,194,2314,45,0.1067944434120278,0.7775326812449659
293,1572973200,720,1687,967,2407,45,1.5611519936699536,0.8763625755808864
293,1572987600,840,1808,968,2648,45,1.5630334394012058,1.1324701512255835
293,1573002000,594,379,-215,973,45,-0.6627168606701088,-0.6475306338568553
293,1573016400,65,41,-24,106,45,-0.30336072600094477,-1.568880293956243
293,1573030800,1767,923,-844,2690,45,-1.8461462256277223,1.1771030067321282
293,1573045200,1120,1238,118,2358,45,-0.03619543216313695,0.8242909108232508
293,1573059600,681,1836,1155,2517,45,1.9148637911453612,0.9932581495265987
293,1573074000,827,2028,1201,2855,45,2.001410294782961,1.3524463676506968
293,1573088400,603,428,-175,1031,45,-0.5874590314200221,-0.5858947857763888
293,1573102800,70,57,-13,127,45,-0.28266482295717094,-1.5465638662029706
293,1573117200,1714,1058,-656,2772,45,-1.4924344281523148,1.2642433436734775
293,1573131600,1187,1249,62,2436,45,-0.14155639311325835,0.9071804996211196
293,1573146000,711,1764,1053,2475,45,1.72295632655764,0.948625294020054
293,1573160400,889,1836,947,2725,45,1.5235230790449104,1.2142970529875823
293,1573174800,397,495,98,892,45,-0.0738243467881803,-0.7336082837623343
293,1573189200,77,54,-23,131,45,-0.3014792802696926,-1.5423131180594902
293,1573203600,1498,914,-584,2412,45,-1.3569703355021587,0.8816760107602369
293,1573218000,1042,1429,387,2471,45,0.46991346954369617,0.9443745458765735
293,1573232400,718,1897,1179,2615,45,1.960018488695413,1.0974014790418698
293,1573246800,1104,1801,697,2905,45,1.0531616462318683,1.4055807194442025
293,1573261200,729,497,-232,1226,45,-0.6947014381013956,-0.37867081378171674
293,1573275600,137,59,-78,196,45,-0.40495879548856184,-1.4732384607279327
293,1573290000,351,303,-48,654,45,-0.3485154235509968,-0.9865277982994212
293,1573304400,571,651,80,1222,45,-0.10769036995071932,-0.3829215619251972
293,1573318800,611,825,214,1436,45,0.14442335803707115,-0.15550653624899308
293,1573333200,698,576,-122,1274,45,-0.48774240766365723,-0.32766183605995136
293,1573347600,508,262,-246,770,45,-0.7210416783389261,-0.8632561021384881
293,1573362000,87,58,-29,145,45,-0.31276795465720564,-1.5274354995573085
293,1573376400,241,210,-31,451,45,-0.31653084611970994,-1.2022532665810541
293,1573390800,524,684,160,1208,45,0.042825288549454096,-0.3977991804273788
293,1573405200,735,779,44,1514,45,-0.17542241627579735,-0.07261694745112429
293,1573419600,763,471,-292,1234,45,-0.8075881819765257,-0.37016931749475585
293,1573434000,436,167,-269,603,45,-0.7643149301577259,-1.040724837128797
293,1573448400,54,41,-13,95,45,-0.28266482295717094,-1.5805698513508142
293,1573462800,1210,941,-269,2151,45,-0.7643149301577259,0.6043146943981375
293,1573477200,892,1020,128,1912,45,-0.01738097485061527,0.3503324928251806
293,1573491600,630,1498,868,2128,45,1.374888866275989,0.5798728925731249
293,1573506000,769,1433,664,2202,45,0.9910739371005468,0.6585117332275132
293,1573520400,346,218,-128,564,46,-0.4216341905436862,-1.1089003302773428
293,1573534800,54,58,4,112,46,-0.20676701962961355,-1.5644293777311995
293,1573549200,1808,891,-917,2699,46,-1.7059538712346207,1.0427689536031524
293,1573563600,1141,1220,79,2361,46,-0.08468339979207228,0.7021299756398703
293,1573578000,703,1679,976,2382,46,1.3754366934649214,0.7232939358091867
293,1573592400,819,2004,1185,2823,46,1.7156430474122029,1.16773709936483
293,1573606800,494,301,-193,795,46,-0.5274399944028887,-0.8760967684148631
293,1573621200,79,58,-21,137,46,-0.24746155957546065,-1.5392341870534418
293,1573635600,1763,950,-813,2713,46,-1.5366645850598966,1.0568782603826967
293,1573650000,1208,1159,-49,2367,46,-0.2930394443148094,0.7081768214025321
293,1573664400,680,1803,1123,2483,46,1.6147205883465023,0.8250825061473271
293,1573678800,1219,1929,710,3148,46,0.9424467884411084,1.4952745781756782
293,1573693200,645,298,-347,943,46,-0.7781183604693067,-0.7269412396025383
293,1573707600,119,53,-66,172,46,-0.32071173147798543,-1.5039609201045814
293,1573722000,2454,939,-1515,3393,46,-2.679367266739283,1.7421874468177023
293,1573736400,1316,1150,-166,2466,46,-0.4834898912613738,0.807949776486452
293,1573750800,672,1814,1142,2486,46,1.645648438705346,0.8281059290286581
293,1573765200,826,1895,1069,2721,46,1.5268203820634727,1.0649407213995792
293,1573779600,699,356,-343,1055,46,-0.7716072340779712,-0.6140667853661844
293,1573794000,149,92,-57,241,46,-0.3060616970974805,-1.4344221938339705
293,1573808400,1493,954,-539,2447,46,-1.0906524272534124,0.7888014315713563
293,1573822800,979,1267,288,2246,46,0.2555229541552094,0.5862320985221855
293,1573837200,711,1811,1100,2522,46,1.577281611596323,0.864387003604629
293,1573851600,827,1708,881,2535,46,1.2207974416707026,0.8774885027570629
293,1573866000,606,562,-44,1168,46,-0.28490053632564,-0.5001845235027202
293,1573880400,101,49,-52,150,46,-0.29792278910831105,-1.526132687901008
293,1573894800,385,467,82,852,46,-0.07980005499857062,-0.8186517336695758
293,1573909200,557,998,441,1555,46,0.5045735386237936,-0.11016297181103332
293,1573923600,696,999,303,1695,46,0.2799396781227177,0.030930095984408993
293,1573938000,737,907,170,1644,46,0.06344472561081115,-0.02046809299821642
293,1573952400,680,428,-252,1108,46,-0.6234791086750878,-0.5606529811293385
293,1573966800,75,59,-16,134,46,-0.23932265158629124,-1.542257609934773
293,1573981200,236,172,-64,408,46,-0.31745616828231765,-1.26611832010655
293,1573995600,588,774,186,1362,46,0.08948923117615329,-0.30466984384332163
293,1574010000,771,1001,230,1772,46,0.16111162148084418,0.10853128327190227
293,1574024400,798,724,-74,1522,46,-0.3337339842606565,-0.1434206235056733
293,1574038800,436,270,-166,706,46,-0.4834898912613738,-0.96579164722768
293,1574053200,62,37,-25,99,46,-0.2539726859667962,-1.5775308768836334
293,1574067600,1721,880,-841,2601,46,-1.5822424697992452,0.9440038061463428
293,1574082000,1074,1178,104,2252,46,-0.043988859846225185,0.5922789442848474
293,1574096400,693,1622,929,2315,46,1.298930958366729,0.6557708247927964
293,1574110800,779,1968,1189,2747,46,1.7221541738035384,1.091143719704447
293,1574125200,537,389,-148,926,47,-0.5396835213858866,-0.6664676696490894
293,1574139600,72,58,-14,130,47,-0.2980111106316083,-1.3991175161474572
293,1574154000,1096,943,-153,2039,47,-0.5487011486528373,0.357953535316593
293,1574168400,2938,2229,-709,5167,47,-1.5514613007377531,3.2370097160287714
293,1574182800,667,1755,1088,2422,47,1.6894739390043223,0.7104722428654308
293,1574197200,833,1999,1166,2832,47,1.830148924368753,1.0878421386748915
293,1574211600,492,407,-85,899,47,-0.426061417822308,-0.6913188579097125
293,1574226000,69,55,-14,124,47,-0.2980111106316083,-1.4046400024275956
293,1574240400,1677,979,-698,2656,47,-1.5316225207504617,0.9258492077908302
293,1574254800,1142,1214,72,2356,47,-0.14290792164005653,0.6497248937839079
293,1574269200,651,1694,1043,2345,47,1.6083152936017662,0.6396003356036539
293,1574283600,868,1976,1108,2844,47,1.7255444480721251,1.0988871112351684
293,1574298000,604,392,-212,996,47,-0.6551091504028553,-0.6020386630474741
293,1574312400,74,47,-27,121,47,-0.32145694152568005,-1.4074012455676648
293,1574326800,1715,936,-779,2651,47,-1.6777080824750628,0.9212471358907149
293,1574341200,1118,1199,81,2317,47,-0.12667619255954532,0.6138287329630079
293,1574355600,714,1710,996,2424,47,1.5235495972924298,0.7123130716254769
293,1574370000,850,2011,1161,2861,47,1.8211312971018023,1.1145341556955606
293,1574384400,597,480,-117,1077,47,-0.48377423233079236,-0.5274850982656051
293,1574398800,75,64,-11,139,47,-0.2926005342714379,-1.3908337867272493
293,1574413200,1523,948,-575,2471,47,-1.3097888899834749,0.7555725474865614
293,1574427600,970,1323,353,2293,47,0.3638827307625718,0.591738787842454
293,1574442000,790,1905,1115,2695,47,1.738169126245856,0.9617453686117302
293,1574456400,902,1646,744,2548,47,1.0690611830381154,0.8264444547483382
293,1574470800,586,465,-121,1051,47,-0.4909883341443529,-0.551415872146205
293,1574485200,101,46,-55,147,47,-0.3719556542206039,-1.3834704716870647
293,1574499600,343,336,-7,679,47,-0.2853864324578773,-0.8938100215147889
293,1574514000,609,722,113,1331,47,-0.06896337805106094,-0.29369984573974406
293,1574528400,666,913,247,1579,47,0.17270903270321736,-0.06543707949402146
293,1574542800,658,734,76,1392,47,-0.135693819826496,-0.23755456855833648
293,1574557200,603,328,-275,931,47,-0.7687312539664339,-0.661865597748974
293,1574571600,104,60,-44,164,47,-0.3521168742333124,-1.3678234272266725
293,1574586000,233,203,-30,436,47,-0.3268675178858505,-1.1174707158603963
293,1574600400,568,689,121,1257,47,-0.05453517442393985,-0.3618105098614516
293,1574614800,715,766,51,1481,47,-0.1807819561612494,-0.1556376887362828
293,1574629200,731,570,-161,1301,47,-0.5631293522799584,-0.3213122771404363
293,1574643600,382,195,-187,577,47,-0.6100210140681019,-0.9876922882771426
293,1574658000,51,40,-11,91,47,-0.2926005342714379,-1.435013676968357
293,1574672400,1665,889,-776,2554,47,-1.6722975061148924,0.8319669410284767
293,1574686800,1086,1198,112,2284,47,-0.07076690350445108,0.5834550584222464
293,1574701200,697,1676,979,2373,47,1.4928896645847975,0.6653719382443001
293,1574715600,704,1639,935,2343,47,1.4135345446356313,0.6377595068436078
293,1574730000,493,249,-244,742,48,-0.7012768689730674,-0.7529901920036117
293,1574744400,58,39,-19,97,48,-0.25861663172802785,-1.51285252396032
293,1574758800,1634,915,-719,2549,48,-1.6357818142681506,1.3758024186099886
293,1574773200,1033,1206,173,2239,48,0.11912010405440587,1.010597266816842
293,1574787600,703,1742,1039,2445,48,1.8228701727397578,1.253281980589062
293,1574802000,809,1949,1140,2758,48,2.0215754347919757,1.6220213757866584
293,1574816400,413,312,-101,725,48,-0.4199416959684423,-0.773017571295494
293,1574830800,85,41,-44,126,48,-0.3078011025330322,-1.4786881710506388
293,1574845200,1294,869,-425,2163,48,-1.0573724376012992,0.9210631005707801
293,1574859600,813,1352,539,2165,48,0.8391807566396701,0.9234192628404133
293,1574874000,722,2317,1595,3039,48,2.9167328034430553,1.9530621746701238
293,1574888400,698,1471,773,2169,48,1.2995474033745111,0.9281315873796797
293,1574902800,451,381,-70,832,48,-0.3589529521702368,-0.6469628898701175
293,1574917200,70,49,-21,119,48,-0.2625513893924282,-1.486934738994355
293,1574931600,403,403,0,806,48,-0.2212364339162245,-0.6775929993753491
293,1574946000,551,1288,737,1839,48,1.2287217654153049,0.539364812890201
293,1574960400,553,1040,487,1593,48,0.736877057365261,0.24955685372531683
293,1574974800,623,551,-72,1174,48,-0.36288770983463714,-0.24405914176283952
293,1574989200,741,347,-394,1088,48,-0.9963836938030937,-0.3453741193570673
293,1575003600,80,105,25,185,48,-0.17205196311122012,-1.409181384096459
293,1575018000,581,599,18,1180,48,-0.18582361493662133,-0.23699065495393992
293,1575032400,701,900,199,1601,48,0.17027195369161044,0.25898150280384963
293,1575046800,755,1438,683,2193,48,1.1224833084764954,0.9564055346152782
293,1575061200,738,1117,379,1855,48,0.524400143487642,0.5582141110472666
293,1575075600,544,378,-166,922,48,-0.5478213200614537,-0.5409355877366233
293,1575090000,83,35,-48,118,48,-0.3156706178618329,-1.4881128201291716
293,1575104400,299,277,-22,576,48,-0.2645187682246284,-0.9485516603831677
293,1575118800,673,583,-90,1256,48,-0.39830052881424033,-0.14745648870787814
293,1575133200,850,785,-65,1635,48,-0.34911605800923595,0.29903626138761413
293,1575147600,859,671,-188,1530,48,-0.5911036543698576,0.17533774223187087
293,1575162000,627,408,-219,1035,48,-0.652092398168063,-0.40781241950234726
293,1575176400,106,56,-50,162,48,-0.3196053755262333,-1.436277250197241
293,1575190800,261,189,-72,450,48,-0.36288770983463714,-1.0969898833700595
293,1575205200,691,602,-89,1293,48,-0.39633314998204017,-0.10386748671966385
293,1575219600,918,666,-252,1584,48,-0.7170158996306688,0.2389541235119674
293,1575234000,960,468,-492,1428,48,-1.189186819358711,0.05517346648057745
293,1575248400,443,152,-291,595,48,-0.7937436740864756,-0.9261681188216523
293,1575262800,95,35,-60,130,48,-0.33927916384823503,-1.4739758465113724
293,1575277200,1668,792,-876,2460,48,-1.9446602909235782,1.270953197611311
293,1575291600,1100,1197,97,2297,48,-0.030400687192807467,1.0789259726362048
293,1575306000,780,1700,920,2480,48,1.588752091707937,1.294514820307643
293,1575320400,684,1692,1008,2376,48,1.7618814289415523,1.1719943822867165
293,1575334800,493,211,-282,704,49,-0.7123561883887051,-1.0506819173502184
293,1575349200,115,177,62,292,49,-0.1083938499203047,-1.4935484532386596
293,1575363600,1731,908,-823,2639,49,-1.662192307898602,1.029285915038456
293,1575378000,1157,1201,44,2358,49,-0.13999653042155819,0.7272337388621162
293,1575392400,686,1636,950,2322,49,1.4506717214748683,0.6885366629106989
293,1575406800,801,1750,949,2551,49,1.4489160170025766,0.9346930627127694
293,1575421200,477,359,-118,836,49,-0.42442065493283976,-0.9087926388616886
293,1575435600,80,44,-36,124,49,-0.2804528882049071,-1.6741348076786065
293,1575450000,1695,926,-769,2621,49,-1.5673842663948414,1.0099373770627473
293,1575464400,1033,1144,111,2177,49,-0.02236433077800348,0.5326734403286019
293,1575478800,616,1668,1052,2284,49,1.6297535776486383,0.6476897494064252
293,1575493200,831,1860,1029,2691,49,1.5893723747859254,1.0851816914127252
293,1575507600,374,111,-263,485,49,-0.6789978034151597,-1.2860891293880063
293,1575522000,599,542,-57,1141,49,-0.3173226821230362,-0.5809424120510708
293,1575536400,2001,943,-1058,2944,49,-2.0747828588871893,1.3571361418490737
293,1575550800,1501,1265,-236,2766,49,-0.6315937826632794,1.1658005996448444
293,1575565200,848,1710,862,2558,49,1.2961697279131845,0.9422174941477672
293,1575579600,1089,1882,793,2971,49,1.1750261193250462,1.3861589488126367
293,1575594000,509,259,-250,768,49,-0.6561736452753655,-0.98188711565881
293,1575608400,573,373,-200,946,49,-0.5683884216607724,-0.7905515734545805
293,1575622800,1826,874,-952,2700,49,-1.8886781848242522,1.0948559604005794
293,1575637200,1365,1201,-164,2566,49,-0.5051830606582653,0.9508168443591932
293,1575651600,684,1931,1247,2615,49,1.9721159497455512,1.0034878644041778
293,1575666000,871,1650,779,2521,49,1.15044625671296,0.9024454994199218
293,1575680400,511,590,79,1101,49,-0.07854687389134304,-0.623939163108201
293,1575694800,69,61,-8,130,49,-0.231293162980735,-1.667685295020037
293,1575709200,367,488,121,855,49,-0.004807286055084864,-0.8883691821095517
293,1575723600,649,1016,367,1665,49,0.42709601412871306,-0.01768497320266488
293,1575738000,740,1186,446,1926,49,0.5657966674397701,0.2628688274451098
293,1575752400,771,1013,242,1784,49,0.20763295509223037,0.11023036119229751
293,1575766800,519,503,-16,1022,49,-0.2453387987590699,-0.7088577464460332
293,1575781200,89,55,-34,144,49,-0.27694147926032336,-1.6526364321500413
293,1575795600,220,243,23,463,49,-0.1768663243396873,-1.3097373424694279
293,1575810000,597,808,211,1405,49,0.15320611645118268,-0.2971638550740113
293,1575824400,698,978,280,1676,49,0.2743497250393211,-0.005860866661954071
293,1575838800,780,734,-46,1514,49,-0.29800993292782574,-0.17999770844333146
293,1575853200,416,248,-168,664,49,-0.5122058785474328,-1.0936786684073485
293,1575867600,67,38,-29,105,49,-0.2681629568988641,-1.6945582644307433
293,1575882000,1722,839,-883,2561,49,-1.7675345762361137,0.945442250477052
293,1575896400,1115,1190,75,2305,49,-0.08556969178051049,0.6702630437114185
293,1575910800,633,1522,889,2155,49,1.3435737486650647,0.5090252272471802
293,1575925200,794,1772,978,2566,49,1.4998314466990406,0.9508168443591932
293,1575939600,338,357,19,695,50,-0.25701630344458953,-1.0252753498874374
293,1575954000,183,185,2,368,50,-0.2900751470150159,-1.3787617727656618
293,1575968400,1703,890,-813,2593,50,-1.874955000538399,1.0264593003354059
293,1575982800,1195,1169,-26,2364,50,-0.34452500701336525,0.7789107044971387
293,1575997200,711,1770,1059,2481,50,1.7654070679226723,0.9053874980040263
293,1576011600,783,1871,1088,2654,50,1.8218015657781057,1.0924001926766038
293,1576026000,484,434,-50,918,50,-0.391196315583379,-0.78421274345978
293,1576040400,94,48,-46,142,50,-0.38341776415504336,-1.6230673738986243
293,1576054800,1774,924,-850,2698,50,-1.9469066012505034,1.1399641150210742
293,1576069200,1410,1191,-219,2601,50,-0.719840113430559,1.0351072862162187
293,1576083600,712,1668,956,2380,50,1.5651093686430302,0.7962066762587644
293,1576098000,756,1317,561,2073,50,0.7969774150948874,0.4643402180825721
293,1576112400,522,426,-96,948,50,-0.4806496570092387,-0.7517827964067318
293,1576126800,100,55,-45,155,50,-0.3814731262979595,-1.6090143968423034
293,1576141200,1671,911,-760,2582,50,-1.771889194112952,1.0145683197492883
293,1576155600,1118,1198,80,2316,50,-0.13839339416247126,0.7270227892122617
293,1576170000,693,1567,874,2260,50,1.40564906436215,0.666486888046572
293,1576184400,1138,1968,830,3106,50,1.320084998650458,1.5810113949425284
293,1576198800,466,567,101,1033,50,-0.09755599916370924,-0.6598979464230955
293,1576213200,101,50,-51,151,50,-0.3931409534404629,-1.6133383897827098
293,1576227600,1522,858,-664,2380,50,-1.585203959832897,0.7962066762587644
293,1576242000,1081,1235,154,2316,50,0.0055098072617377515,0.7270227892122617
293,1576256400,793,1713,920,2506,50,1.4951024057880096,0.9324124538815665
293,1576270800,1029,1471,442,2500,50,0.5655655101019026,0.9259264644709568
293,1576285200,568,586,18,1154,50,-0.2589609413016734,-0.5290971599758015
293,1576299600,81,44,-37,125,50,-0.3659160234412882,-1.6414443438953514
293,1576314000,346,493,147,839,50,-0.008102657737849588,-0.8696116040328066
293,1576328400,657,1059,402,1716,50,0.48777999581854636,0.07842384815129966
293,1576342800,759,1195,436,1954,50,0.5538976829593992,0.33570142810548126
293,1576357200,786,922,136,1708,50,-0.02949367416577255,0.06977586227048682
293,1576371600,483,541,58,1024,50,-0.18117542701831718,-0.66962693053901
293,1576386000,100,57,-43,157,50,-0.3775838505837917,-1.6068524003721
293,1576400400,228,253,25,481,50,-0.2453484763020861,-1.2566089721991807
293,1576414800,611,973,362,1584,50,0.40999448153519014,-0.06426791888211202
293,1576429200,778,1095,317,1873,50,0.32248577796641437,0.2481405710622514
293,1576443600,783,691,-92,1474,50,-0.47287110558090306,-0.1831777247432884
293,1576458000,487,291,-196,778,50,-0.6751134427176292,-0.9355524963740044
293,1576472400,89,41,-48,130,50,-0.38730703986921117,-1.6360393527198436
293,1576486800,1621,847,-774,2468,50,-1.7991141241121267,0.8913345209477055
293,1576501200,1105,1164,59,2269,50,-0.17923078916123328,0.6762158721624864
293,1576515600,679,1655,976,2334,50,1.6040021257847084,0.7464807574440906
293,1576530000,800,1937,1137,2737,50,1.917088820775217,1.1821230461900367
293,1576544400,608,361,-247,969,51,-0.8509543981378478,-0.7115286853202
293,1576558800,80,46,-34,126,51,-0.44509855521300984,-1.6098130366287042
293,1576573200,1769,869,-900,2638,51,-2.09519789780883,1.066925149002331
293,1576587600,1238,1185,-53,2423,51,-0.4813016585725024,0.8378253441015856
293,1576602000,718,1704,986,2422,51,1.498436467243961,0.8367597636136751
293,1576616400,862,1858,996,2720,51,1.5174907321700097,1.1543027490109874
293,1576630800,555,439,-116,994,51,-0.6013435276066094,-0.6848891731224389
293,1576645200,87,48,-39,135,51,-0.4546256876760342,-1.6002228122375102
293,1576659600,1575,956,-619,2531,51,-1.5597730533868606,0.9529080367959135
293,1576674000,1221,1250,29,2471,51,-0.3250566861789028,0.888973207521287
293,1576688400,758,1750,992,2508,51,1.5098690261995902,0.9283996855739733
293,1576702800,864,1841,977,2705,51,1.481287628810517,1.1383190416923308
293,1576717200,418,521,103,939,51,-0.1840551257261422,-0.7434960999575133
293,1576731600,69,42,-27,111,51,-0.4317605697647757,-1.6257967439473608
293,1576746000,1654,871,-783,2525,51,-1.8722629981740597,0.9465145538684508
293,1576760400,1230,1212,-18,2442,51,-0.41461173133133183,0.858071373371884
293,1576774800,750,1738,988,2488,51,1.5022473202291706,0.9070880758157644
293,1576789200,867,1848,981,2715,51,1.4889093347809366,1.1489748465714353
293,1576803600,450,599,149,1049,51,-0.09640550706631801,-0.6262822462873645
293,1576818000,83,54,-29,137,51,-0.43557142274998545,-1.5980916512616894
293,1576832400,1667,1032,-635,2699,51,-1.5902598772685386,1.1319255587648682
293,1576846800,1295,1343,48,2638,51,-0.2888535828194102,1.066925149002331
293,1576861200,731,1718,987,2449,51,1.5003418937365658,0.8655304367872572
293,1576875600,893,1755,862,2648,51,1.2621635821609567,1.0775809538814354
293,1576890000,499,511,12,1010,51,-0.35744893655318566,-0.6678398853158718
293,1576904400,104,63,-41,167,51,-0.45843654066124395,-1.5661242366243762
293,1576918800,318,451,133,769,51,-0.12689233094799598,-0.9246447829022888
293,1576933200,589,990,401,1579,51,0.38376196907011006,-0.06152458769482915
293,1576947600,663,1182,519,1845,51,0.6086022951974852,0.22191982208934896
293,1576962000,819,928,109,1747,51,-0.17262256677051294,0.11749293427412544
293,1576976400,584,395,-189,979,51,-0.7404396615667651,-0.7008728804410955
293,1576990800,93,55,-38,148,51,-0.4527202611834293,-1.5863702658946746
293,1577005200,223,284,61,507,51,-0.26408303841554687,-1.2038268707348252
293,1577019600,567,941,374,1508,51,0.3323154537697785,-0.13718080233647068
293,1577034000,725,1027,302,1752,51,0.1951247463022276,0.12282083671367766
293,1577048400,700,883,183,1583,51,-0.03162100631775232,-0.05726226574318737
293,1577062800,371,279,-92,650,51,-0.5556132917840924,-1.0514488609636317
293,1577077200,77,42,-35,119,51,-0.4470039817056147,-1.6172721000440773
293,1577091600,1150,770,-380,1920,51,-1.104376121654296,0.30183835868263226
293,1577106000,893,1229,336,2122,51,0.25990924705079327,0.5170856172405419
293,1577120400,694,1922,1228,2616,51,1.9595496784543402,1.0434823782683014
293,1577134800,669,1571,902,2240,51,1.3383806418651516,0.6428241148139743
293,1577149200,440,370,-70,810,52,-0.584705170362362,-0.5344730771955649
293,1577163600,65,48,-17,113,52,-0.4364897505335608,-1.497906874105846
293,1577178000,814,762,-52,1576,52,-0.5343678579676748,0.5243365188349592
293,1577192400,558,1232,674,1790,52,1.4959037419513757,0.8201397219035391
293,1577206800,546,1747,1201,2293,52,2.969668388173607,1.5154154749105282
293,1577221200,453,787,334,1240,52,0.5450878411628397,0.05989784485812354
293,1577235600,319,235,-84,554,52,-0.6238564133360076,-0.8883311145112492
293,1577250000,67,54,-13,121,52,-0.4253036811125192,-1.486848810439731
293,1577264400,165,180,15,345,52,-0.34700119516522804,-1.1772230277885072
293,1577278800,314,570,256,884,52,0.32695948745252845,-0.43218598828399996
293,1577293200,462,673,211,1135,52,0.20111620646581044,-0.08523924075963761
293,1577307600,584,431,-153,1015,52,-0.8168161108489753,-0.2511101957513646
293,1577322000,504,203,-301,707,52,-1.2307006794275146,-0.6768456468967974
293,1577336400,75,38,-37,113,52,-0.4924200976387688,-1.497906874105846
293,1577350800,981,594,-387,1575,52,-1.471201171979909,0.5229542608766948
293,1577365200,800,825,25,1625,52,-0.319036021612624,0.5920671587899144
293,1577379600,712,1297,585,2009,52,1.2470136973332,1.1228542147634408
293,1577394000,944,1150,206,2094,52,0.18713361968950842,1.2403461412159142
293,1577408400,440,397,-43,837,52,-0.5091992017703313,-0.4971521123224264
293,1577422800,97,50,-47,147,52,-0.5203852711913728,-1.4509101035248568
293,1577437200,827,644,-183,1471,52,-0.9007116315067873,0.37919943321719807
293,1577451600,764,966,202,1730,52,0.1759475502684668,0.7372042444076755
293,1577466000,785,1571,786,2356,52,1.8091136857405405,1.6024977262811848
293,1577480400,975,1205,230,2180,52,0.25425003621575804,1.359220325626652
