remote_unit_id,time_stamp,entries,exits,num_people_exited,sum_exit_entry,week_num,z_score_num_people_exited,z_score_sum_exit_entry
21,1546311600,531,200,-331,731,1,-0.9204214257809402,-0.33063944543685714
21,1546326000,47,73,26,120,1,-0.26198636575425044,-1.0346611388321965
21,1546340400,55,194,139,249,1,-0.05357414787465394,-0.8860215341709873
21,1546354800,197,742,545,939,1,0.6952343517635423,-0.09097248598312467
21,1546369200,373,834,461,1207,1,0.540308455286674,0.21782917331303067
21,1546383600,342,363,21,705,1,-0.27120814530644494,-0.3605978153685737
21,1546398000,106,42,-64,148,1,-0.42797839769375207,-1.0023982789057324
21,1546412400,39,167,128,206,1,-0.07386206288948192,-0.935568069058057
21,1546426800,262,1851,1589,2113,1,2.620741922261761,1.2617631409336154
21,1546441200,586,1060,474,1646,1,0.5642850821223799,0.7236647271600911
21,1546455600,1748,1284,-464,3032,1,-1.1657207618693148,2.3206762935200587
21,1546470000,647,406,-241,1053,1,-0.7544293938414386,0.04038344371747872
21,1546484400,141,75,-66,216,1,-0.4316671095146299,-0.9240456190843198
21,1546498800,47,186,139,233,1,-0.05357414787465394,-0.9044574541289667
21,1546513200,308,1961,1653,2269,1,2.7387807005298512,1.4415133605239148
21,1546527600,645,880,235,1525,1,0.12348401952748113,0.5842430824778717
21,1546542000,1704,1227,-477,2931,1,-1.1896973887050206,2.2042995487853134
21,1546556400,836,355,-481,1191,1,-1.1970748123467763,0.19939325335505126
21,1546570800,118,70,-48,188,1,-0.39846870312672955,-0.9563084790107839
21,1546585200,42,191,149,233,1,-0.03513058877026488,-0.9044574541289667
21,1546599600,278,1807,1529,2085,1,2.5100805676354265,1.2295002810071516
21,1546614000,642,908,266,1550,1,0.18065905275108723,0.6130492074122146
21,1546628400,1703,1227,-476,2930,1,-1.1878530327945818,2.2031473037879397
21,1546642800,652,471,-181,1123,1,-0.6437680392151042,0.1210405935336387
21,1546657200,171,136,-35,307,1,-0.37449207629102377,-0.8191913243233119
21,1546671600,23,108,85,131,1,-0.15316936703835493,-1.0219864438610855
21,1546686000,72,298,226,370,1,0.10688481633353096,-0.7465998894887679
21,1546700400,272,690,418,962,1,0.4610011511378011,-0.06447085104352925
21,1546714800,421,606,185,1027,1,0.031266224005535775,0.010425073785762162
21,1546729200,294,362,68,656,1,-0.18452341751581633,-0.4170578202398857
21,1546743600,168,108,-60,276,1,-0.4206009740519964,-0.854910919241897
21,1546758000,26,84,58,110,1,-0.2029669766202054,-1.0461835888059334
21,1546772400,72,238,166,310,1,-0.0037765382928034563,-0.8157345893311907
21,1546786800,239,641,402,880,1,0.4314914565707786,-0.1589549408281738
21,1546801200,379,692,313,1071,1,0.26734378054171587,0.06112385367020557
21,1546815600,245,260,15,505,1,-0.2822742807690784,-0.5910468148433166
21,1546830000,96,63,-33,159,1,-0.37080336447014595,-0.9897235839346216
21,1546844400,50,171,121,221,1,-0.08677255426255427,-0.9182843940974512
21,1546858800,294,1880,1586,2174,1,2.6152088545304446,1.332050085773412
21,1546873200,532,746,214,1278,1,0.08475254540826407,0.29963856812656436
21,1546887600,1732,1016,-716,2748,1,-1.6304984512999194,1.9934387142659238
21,1546902000,713,233,-480,946,1,-1.1952304564363374,-0.08290677100150867
21,1546916400,120,65,-55,185,2,-0.29172702951961066,-0.9840378892328324
21,1546930800,38,190,152,228,2,0.0348599901357454,-0.9358708134534933
21,1546945200,297,1907,1610,2204,2,2.335168563360427,1.2775743432900897
21,1546959600,638,746,108,1384,2,-0.03455947297940275,0.35903940982362303
21,1546974000,1747,1040,-707,2787,2,-1.3203972556804424,1.9306302776936872
21,1546988400,765,275,-490,1040,2,-0.9780330853170981,-0.02629719641108978
21,1547002800,120,60,-60,180,2,-0.2996156048736048,-0.9896387119978719
21,1547017200,47,185,138,232,2,0.0127719791445619,-0.9313901552414617
21,1547031600,276,1987,1711,2263,2,2.4945177855111083,1.343664051917555
21,1547046000,533,845,312,1378,2,0.28729440146355684,0.3523184225055757
21,1547060400,1751,1120,-631,2871,2,-1.2004909102997319,2.02472410014635
21,1547074800,807,294,-513,1101,2,-1.014320531945471,0.042032841322391275
21,1547089200,126,58,-68,184,2,-0.31223732543999533,-0.9851580537858403
21,1547103600,56,165,109,221,2,-0.03298175790860393,-0.9437119653245485
21,1547118000,319,1991,1672,2310,2,2.432986897749954,1.3963117859089256
21,1547132400,626,837,211,1463,2,0.12794517931287588,0.44753240951124607
21,1547146800,1795,1042,-753,2837,2,-1.3929721489371882,1.9866385053440816
21,1547161200,781,291,-490,1072,2,-0.9780330853170981,0.009548069285162579
21,1547175600,122,64,-58,186,2,-0.29646017473200714,-0.9829177246798245
21,1547190000,60,166,106,226,2,-0.03771490312100039,-0.9381111425595091
21,1547204400,272,1718,1446,1990,2,2.0764232917494203,1.037859128946402
21,1547218800,597,719,122,1316,2,-0.012471461988219246,0.2828682202190868
21,1547233200,1694,1038,-656,2732,2,-1.2399337870697025,1.8690212272782536
21,1547247600,535,336,-199,871,2,-0.518917999714641,-0.21560500586942252
21,1547262000,142,77,-65,219,2,-0.3075041802275989,-0.9459522944305643
21,1547276400,26,121,95,147,2,-0.05506976889978743,-1.0266041422471321
21,1547290800,71,337,266,408,2,0.21471950820681107,-0.7342411939120739
21,1547305200,196,678,482,874,2,0.5555059634993564,-0.2122445122103989
21,1547319600,386,723,337,1109,2,0.3267372782335274,0.05099415774645437
21,1547334000,246,339,93,585,2,-0.058225199041385074,-0.535972068029678
21,1547348400,125,109,-16,234,2,-0.23019614175845662,-0.929149826135446
21,1547362800,28,95,67,123,2,-0.09924579088215443,-1.0534880915193214
21,1547377200,56,265,209,321,2,0.12478974917127823,-0.83169551002376
21,1547391600,224,582,358,806,2,0.35986929472030266,-0.28841570181493514
21,1547406000,412,597,185,1009,2,0.08692458747210652,-0.06102229755433425
21,1547420400,229,190,-39,419,2,-0.2664835883868295,-0.7219193838289871
21,1547434800,84,52,-32,136,2,-0.25543958289123775,-1.0389259523302188
21,1547449200,46,173,127,219,2,-0.004582886634225138,-0.9459522944305643
21,1547463600,272,1851,1579,2123,2,2.2862593961656636,1.186841014496451
21,1547478000,507,682,175,1189,2,0.0711474367641183,0.14060732198708525
21,1547492400,1733,816,-917,2549,2,-1.6517174205481948,1.6640311140778103
21,1547506800,700,235,-465,935,2,-0.9385902085471276,-0.14391447447691783
21,1547521200,94,98,4,192,3,-0.18517270612485356,-0.9208102038940578
21,1547535600,51,176,125,227,3,0.017639296574824402,-0.8808458992077789
21,1547550000,274,1816,1542,2090,3,2.3927187000908883,1.246396947379007
21,1547564400,620,843,223,1463,3,0.1819002574390264,0.5304649748562401
21,1547578800,1741,1031,-710,2772,3,-1.3819311352783252,2.025129970123069
21,1547593200,784,213,-571,997,3,-1.148948752011753,-0.0016311961096440535
21,1547607600,108,72,-36,180,3,-0.25221799627350744,-0.9345122512150676
21,1547622000,47,174,127,221,3,0.020991561082257096,-0.8876969228682838
21,1547636400,281,1990,1709,2271,3,2.6726327864615183,1.4530694944709062
21,1547650800,562,832,270,1394,3,0.2606784733636947,0.4516782027604333
21,1547665200,1753,1062,-691,2815,3,-1.3500846224577145,2.074228973023355
21,1547679600,793,285,-508,1078,3,-1.0433524200276232,0.09085762330717273
21,1547694000,121,95,-26,216,3,-0.23545667373634396,-0.893406109252038
21,1547708400,53,201,148,254,3,0.05619033841030038,-0.8500162927355066
21,1547722800,303,1961,1658,2264,3,2.5871500415219844,1.4450766335336505
21,1547737200,613,827,214,1440,3,0.16681506715557928,0.5042027174909712
21,1547751600,2275,1134,-1141,3409,3,-2.1043441366300706,2.7524803154133446
21,1547766000,963,295,-668,1258,3,-1.3115335806222386,0.29638833312232116
21,1547780400,156,65,-91,221,3,-0.3444052702279065,-0.8876969228682838
21,1547794800,49,202,153,251,3,0.06457099967888212,-0.8534418045657591
21,1547809200,251,1760,1509,2011,3,2.337406335718249,1.156191802515692
21,1547823600,581,842,261,1423,3,0.24559328308024758,0.4847914837862072
21,1547838000,1515,1064,-451,2579,3,-0.9478128815657914,1.8047553757101602
21,1547852400,673,386,-287,1059,3,-0.6729271919563105,0.06916271504890706
21,1547866800,154,90,-64,244,3,-0.29914969937756514,-0.861434665503015
21,1547881200,28,141,113,169,3,-0.0024742904697717593,-0.9470724612593268
21,1547895600,78,454,376,532,3,0.43834849225762745,-0.5325855297987775
21,1547910000,333,753,420,1086,3,0.5120983114211467,0.09999232152117933
21,1547924400,494,740,246,1234,3,0.22045129927450238,0.26898423848030134
21,1547938800,237,332,95,569,3,-0.032644671036666004,-0.4903375505589969
21,1547953200,116,90,-26,206,3,-0.23545667373634396,-0.9048244820195462
21,1547967600,19,77,58,96,3,-0.09466156442417084,-1.030426582462137
21,1547982000,70,198,128,268,3,0.022667693335973443,-0.8340305708609951
21,1547996400,185,509,324,694,3,0.3511896150643774,-0.3476078909651439
21,1548010800,347,440,93,787,3,-0.0359969355440987,-0.2414170242273172
21,1548025200,189,160,-29,349,3,-0.24048507049749301,-0.7415417514441783
21,1548039600,75,46,-29,121,3,-0.24048507049749301,-1.0018806505433664
21,1548054000,19,100,81,119,3,-0.05611052258869486,-1.004164325096868
21,1548068400,156,850,694,1006,3,0.9713585489394257,0.008645339381113367
21,1548082800,305,424,119,729,3,0.007582503052526322,-0.307643586278865
21,1548097200,859,414,-445,1273,3,-0.9377560880434933,0.3135158922735835
21,1548111600,238,129,-109,367,3,-0.37457565079480076,-0.7209886804626635
21,1548126000,79,31,-48,110,4,-0.30384716120068395,-1.070331814263123
21,1548140400,41,156,115,197,4,-0.032032897913435235,-0.9722134747508012
21,1548154800,313,1831,1518,2144,4,2.3075708529577916,1.2236072957146091
21,1548169200,556,796,240,1352,4,0.176413623012369,0.3303920670507134
21,1548183600,1826,1005,-821,2831,4,-1.5928804466058573,1.9984038387601852
21,1548198000,771,241,-530,1012,4,-1.107616945890585,-0.05305891495146408
21,1548212400,124,57,-67,181,4,-0.3355310323814062,-0.9902582268450213
21,1548226800,50,189,139,239,4,0.007988834104319179,-0.9248460005034734
21,1548241200,267,1862,1595,2129,4,2.435973909848087,1.2066903406262777
21,1548255600,513,891,378,1404,4,0.40653858211445687,0.38903751135692877
21,1548270000,1750,1203,-547,2953,4,-1.1359656727364944,2.1359950734786137
21,1548284400,841,271,-570,1112,4,-1.1743198325868422,0.05972078563741164
21,1548298800,131,56,-75,187,4,-0.34887160972065767,-0.9834914448096888
21,1548313200,61,190,129,251,4,-0.00868688756974516,-0.9113124364328083
21,1548327600,286,1807,1521,2093,4,2.3125735694600107,1.1660896484142824
21,1548342000,653,684,31,1337,4,-0.17210895997557568,0.31347511196238204
21,1548356400,1623,1115,-508,2738,4,-1.0709303582076435,1.893518717212531
21,1548370800,752,310,-442,1062,4,-0.9608705951588188,0.003330935342973783
21,1548385200,120,70,-50,190,4,-0.3071823055354968,-0.9801080537920225
21,1548399600,52,171,119,223,4,-0.025362609243809498,-0.9428907525976935
21,1548414000,315,1849,1534,2164,4,2.3342520076362945,1.2461632358323842
21,1548428400,619,818,199,1437,4,0.10804316414870521,0.42625481255125774
21,1548442800,1640,1099,-541,2739,4,-1.1259602397320558,1.8946465142184197
21,1548457200,741,417,-324,1158,4,-0.7640970794048597,0.11159944790829447
21,1548471600,158,83,-75,241,4,-0.34887160972065767,-0.9225904064916959
21,1548486000,23,131,108,154,4,-0.043705903085280266,-1.0207087460040178
21,1548495928,32,68,36,100,4,-0.1637710991385435,-1.0816097843220107
21,1548500400,69,401,332,470,4,0.3298302624137609,-0.6643248921431705
21,1548514800,245,716,471,961,4,0.5616227936832552,-0.11057656225179069
21,1548529200,474,846,372,1320,4,0.39653314911001825,0.29430256286227313
21,1548543600,291,377,86,668,4,-0.08039249076822182,-0.44102108497719655
21,1548558000,164,104,-60,268,4,-0.32385802720956114,-0.8921398873326994
21,1548572400,20,104,84,124,4,-0.08372763510303469,-1.0545426561806805
21,1548586800,53,303,250,356,4,0.19308934468643332,-0.7928937508144888
21,1548601200,244,633,389,877,4,0.42488187595592763,-0.2053115107464463
21,1548615600,425,563,138,988,4,0.006321261936912745,-0.08012604309279425
21,1548630000,242,216,-26,458,4,-0.2671605735177424,-0.6778584562138356
21,1548644400,112,53,-59,165,4,-0.3221904550421547,-1.0083029789392415
21,1548658800,61,181,120,242,4,-0.023695037076403063,-0.9214626094858072
21,1548673200,264,1772,1508,2036,4,2.2908951312837273,1.1018052190786234
21,1548687600,532,870,338,1402,4,0.3398356954181995,0.3867819173451512
21,1548702000,1712,917,-795,2629,4,-1.54952357025329,1.7705888435706563
21,1548716400,639,198,-441,837,4,-0.9592030229914124,-0.25042339098199656
21,1548730800,96,57,-39,153,5,-0.19424598367777235,-0.9158234025394554
21,1548745200,52,183,131,235,5,0.07811137980004264,-0.8273484743959171
21,1548759600,277,1922,1645,2199,5,2.5036940168907007,1.2917339508956598
21,1548774000,614,775,161,1389,5,0.12617444394318644,0.41777429484363476
21,1548788400,1884,1011,-873,2895,5,-1.5303991668571706,2.0426918775774
21,1548802800,795,221,-574,1016,5,-1.051370627563837,0.015321268044368884
21,1548817200,133,59,-74,192,5,-0.25031955851144017,-0.8737438635443578
21,1548831600,46,187,141,233,5,0.09413240118109058,-0.8295063994725886
21,1548846000,280,1899,1619,2179,5,2.462039361299976,1.2701547001289433
21,1548860400,532,765,233,1297,5,0.24152579788673162,0.3185097413167381
21,1548862094,88,28,-60,116,5,-0.22789012857797303,-0.9557450164578812
21,1548862177,115,80,-35,195,5,-0.18783757512535318,-0.8705069759293503
21,1548862281,10,5,-5,15,5,-0.13977451098220936,-1.0647202328298004
21,1548874800,1652,906,-746,2558,5,-1.3269321953178617,1.679081502158224
21,1548889200,690,200,-490,890,5,-0.9167940479630344,-0.12062801178594613
21,1548903600,90,54,-36,144,5,-0.18943967726345798,-0.9255340653844779
21,1548918000,43,158,115,201,5,0.05247774559036593,-0.8640332006993353
21,1548932400,273,1728,1455,2001,5,2.19929461065079,1.0780993683051647
21,1548946800,578,666,88,1244,5,0.009220987861536488,0.2613247267849389
21,1548961200,1671,967,-704,2638,5,-1.2596439055174604,1.7653985052250907
21,1548975600,741,185,-556,926,5,-1.0225327890779508,-0.08178536040585613
21,1548990000,106,57,-49,163,5,-0.2102670050588203,-0.905033777156097
21,1549004400,39,167,128,206,5,0.07330507338572825,-0.8586383880076562
21,1549018800,292,1701,1409,1993,5,2.125597912297969,1.0694676679984783
21,1549033200,601,740,139,1341,5,0.09092819690488099,0.36598409300351475
21,1549047600,2055,1029,-1026,3084,5,-1.7755207939872042,2.246615797322872
21,1549062000,708,396,-312,1104,5,-0.6316198673803811,0.11026997141792223
21,1549076400,163,102,-61,265,5,-0.22949223071607783,-0.7949795982458421
21,1549090800,22,60,38,82,5,-0.07088411904370322,-0.9924297427612996
21,1549105200,72,302,230,374,5,0.23671949147241725,-0.6773726815672362
21,1549119600,193,646,453,839,5,0.5939882682697863,-0.17565510124107364
21,1549134000,410,780,370,1190,5,0.4610137908070885,0.2030607497148039
21,1549148400,287,357,70,644,5,-0.019616850624349806,-0.38605279621656113
21,1549162800,130,115,-15,245,5,-0.1557955323632573,-0.8165588490125587
21,1549177200,29,48,19,77,5,-0.1013240596676943,-0.9978245554529787
21,1549191600,49,193,144,242,5,0.09893870759540496,-0.8197957366275662
21,1549206000,178,578,400,756,5,0.5090768549502322,-0.26520899192294783
21,1549220400,344,548,204,892,5,0.1950648358816926,-0.11847008670927446
21,1549234800,197,225,28,422,5,-0.08690514042475116,-0.6255824797271162
21,1549249200,75,61,-14,136,5,-0.1541934302251525,-0.9341657656911645
21,1549263600,54,163,109,217,5,0.04286513276173717,-0.846769800085962
21,1549278000,360,1854,1494,2214,5,2.261776594036877,1.3079183889706973
21,1549292400,752,893,141,1645,5,0.09413240118109058,0.6939887046576081
21,1549306800,2189,1067,-1122,3256,5,-1.9293225992452645,2.4321973539166355
21,1549321200,725,253,-472,978,5,-0.8879562094771482,-0.025679308412392788
21,1549335600,98,66,-32,164,6,-0.31508826560568104,-1.0018472352609897
21,1549350000,49,186,137,235,6,-0.05063319770109029,-0.9263993867990287
21,1549364400,288,2106,1818,2394,6,2.5798340753617324,1.3678527938963783
21,1549378800,547,1123,576,1670,6,0.6363240496960418,0.5984972687349728
21,1549393200,1679,1334,-345,3013,6,-0.8048778292396273,2.02563051499432
21,1549407600,823,341,-482,1164,6,-1.0192585647599168,0.060798517724377124
21,1549422000,132,61,-71,193,6,-0.37611635819904815,-0.9710305084244141
21,1549436400,48,193,145,241,6,-0.03811461460501499,-0.9200235122811165
21,1549450800,260,2097,1837,2357,6,2.6095657102149112,1.3285349010359198
21,1549465200,495,936,441,1431,6,0.4250729599497711,0.3445249337714701
21,1549479600,1770,1270,-500,3040,6,-1.0474253767260862,2.0543219503249253
21,1549494000,856,265,-591,1121,6,-1.1898242594439428,0.015104750346006354
21,1549508400,125,54,-71,179,6,-0.37611635819904815,-0.9859075489662091
21,1549522800,56,172,116,228,6,-0.08349447832828795,-0.9338379070699262
21,1549537200,308,1994,1686,2302,6,2.37327745427649,1.2700893846217245
21,1549551600,595,909,314,1504,6,0.22634045329957575,0.42209807373940184
21,1549566000,1884,1169,-715,3053,6,-1.38386229743311,2.068136345113735
21,1549580400,916,333,-583,1249,6,-1.1773056763478675,0.1511234067281333
21,1549594800,133,74,-59,207,6,-0.3573384835549352,-0.9561534678826189
21,1549609200,49,171,122,220,6,-0.07410554100623148,-0.9423390730938092
21,1549623600,259,1629,1370,1888,6,1.8787934219815154,0.8301540428857827
21,1549638000,581,943,362,1524,6,0.3014519518760276,0.44335098879910917
21,1549652400,1677,1123,-554,2800,6,-1.1319258126245946,1.7992869696084373
21,1549666800,703,453,-250,1156,6,-0.656219654973733,0.05229735170049419
21,1549681200,152,93,-59,245,6,-0.3573384835549352,-0.915772929269175
21,1549695600,22,58,36,80,6,-0.20868030928904097,-1.0911094785117605
21,1549710000,70,356,286,426,6,0.1825254124633122,-0.7234340479788236
21,1549724400,235,670,435,905,6,0.41568402262771464,-0.21442673229883288
21,1549738800,423,668,245,1091,6,0.11836767409592629,-0.016774622243554648
21,1549753200,276,356,80,632,6,-0.1398281022606268,-0.504529022863838
21,1549767600,128,90,-38,218,6,-0.3244772029277375,-0.9444643645997799
21,1549782000,24,45,21,69,6,-0.23215265259418216,-1.1027985817945996
21,1549796400,51,243,192,294,6,0.03543206108442741,-0.863703287372892
21,1549810800,147,571,424,718,6,0.3984709708706112,-0.41314148810709644
21,1549825200,301,487,186,788,6,0.026043123762370935,-0.3387562853981208
21,1549839600,219,207,-12,426,6,-0.2837918078654928,-0.7234340479788236
21,1549854000,67,45,-22,112,6,-0.2994400367355869,-1.0571048144162287
21,1549868400,53,181,128,234,6,-0.064716603684175,-0.927462032552014
21,1549882800,253,1805,1552,2058,6,2.1635911874172287,1.010803820893295
21,1549897200,509,774,265,1283,6,0.14966413183611454,0.18725336232963577
21,1549911600,1685,903,-782,2588,6,-1.4887054308627405,1.5740060699755394
21,1549926000,740,245,-495,985,6,-1.039601262291039,-0.12941507206000352
21,1549940400,102,37,-65,139,7,-0.42512412310143965,-1.0532524697948842
21,1549954800,54,181,127,235,7,-0.08417922716011599,-0.9440740252307026
21,1549969200,311,1790,1479,2101,7,2.316641081760038,1.1780819909855778
21,1549983600,488,692,204,1180,7,0.05255388214968569,0.1306512884479603
21,1549998000,1730,874,-856,2604,7,-1.8297460641930388,1.7501315494833212
21,1550012400,735,182,-553,917,7,-1.2916924002856374,-0.16845215863932894
21,1550026800,97,44,-53,141,7,-0.40381506710510695,-1.0509779188664636
21,1550041200,52,178,126,230,7,-0.08595498182647705,-0.9497604025517536
21,1550055600,300,1975,1675,2275,7,2.664688996366806,1.375967921758157
21,1550070000,565,863,298,1428,7,0.2194748207876254,0.41269560357209617
21,1550084400,1758,1177,-581,2935,7,-1.3414135309437472,2.126569728136906
21,1550098800,844,292,-552,1136,7,-1.2899166456192763,0.08061116802271039
21,1550113200,133,54,-79,187,7,-0.4499846884304945,-0.9986632475127933
21,1550127600,50,186,136,236,7,-0.06819743516286644,-0.9429367497664923
21,1550142000,366,1898,1532,2264,7,2.4107560790771743,1.3634578916518445
21,1550156400,730,929,199,1659,7,0.043675108817880386,0.6754062358046582
21,1550170800,2007,1303,-704,3310,7,-1.5598313549061575,2.5530480272157403
21,1550185200,789,395,-394,1184,7,-1.0093474083342286,0.13520039030480122
21,1550199600,173,63,-110,236,7,-0.5050330830876875,-0.9429367497664923
21,1550214000,50,189,139,239,7,-0.06287017116378325,-0.9395249233738616
21,1550228400,272,1837,1565,2109,7,2.4693559830670893,1.1871801946992595
21,1550242800,687,925,238,1612,7,0.11292954080596175,0.6219542889867776
21,1550257200,1593,1290,-303,2883,7,-0.8477537336953722,2.0674314039979738
21,1550271600,694,492,-202,1186,7,-0.668402512392905,0.13747494123322165
21,1550286000,192,106,-86,298,7,-0.462414971095022,-0.8724256709854584
21,1550300400,25,102,77,127,7,-0.17296696047816904,-1.0668997753654068
21,1550314800,69,469,400,538,7,0.4006017967564536,-0.5994795595750043
21,1550329200,244,922,678,1166,7,0.8942615940048284,0.11472943194901715
21,1550343600,522,979,457,1501,7,0.501819812739034,0.4957167124594426
21,1550358000,354,506,152,860,7,-0.03978536050108947,-0.23327686009931178
21,1550372400,172,134,-38,306,7,-0.377178747109691,-0.8633274672717766
21,1550386800,23,66,43,89,7,-0.2333426191344451,-1.1101162430053955
21,1550401200,68,308,240,376,7,0.11648105013868387,-0.7837181847770608
21,1550415600,190,778,588,968,7,0.734443674032333,-0.11045110996460746
21,1550430000,395,782,387,1177,7,0.37751698609375983,0.12723946205532963
21,1550444400,250,338,88,588,7,-0.15343365914819734,-0.542615786364493
21,1550458800,100,58,-42,158,7,-0.38428176577513523,-1.0316442359748899
21,1550473200,20,109,89,129,7,-0.1516579044818363,-1.0646252244369865
21,1550487600,118,738,620,856,7,0.791267823355887,-0.2378259619561527
21,1550502000,320,755,435,1075,7,0.46275321007909065,0.011237364705886651
21,1550516400,732,783,51,1515,7,-0.2191365818035566,0.5116385689583858
21,1550530800,331,251,-80,582,7,-0.4517604430968556,-0.5494394391497543
21,1550545200,85,45,-40,130,8,-0.37404389548344,-1.2496118405471628
21,1550559600,50,172,122,222,8,-0.13815511057096228,-1.1538529535857955
21,1550574000,326,1848,1522,2174,8,1.900389944228228,0.8779008219423428
21,1550588400,557,1007,450,1564,8,0.33944687369627663,0.24297776708979957
21,1550602800,1696,1123,-573,2819,8,-1.1501471199177031,1.5492538881388844
21,1550617200,769,373,-396,1142,8,-0.8924167808466626,-0.1962640839721238
21,1550631600,104,65,-39,169,8,-0.37258779187286917,-1.2090183993352788
21,1550646000,45,175,130,220,8,-0.12650628168639547,-1.1559346685197383
21,1550660400,330,1838,1508,2168,8,1.880004493680236,0.8716556771405145
21,1550674800,609,909,300,1518,8,0.12103133211064908,0.19509832360911597
21,1550689200,1700,920,-780,2620,8,-1.4515605673058691,1.3421232522115794
21,1550703600,683,211,-472,894,8,-1.0030806552500473,-0.45439673578102663
21,1550718000,110,36,-74,146,8,-0.4235514182428489,-1.2329581210756206
21,1550732400,42,185,143,227,8,-0.10757693474897441,-1.1486486662509388
21,1550739641,59,717,658,776,8,0.6423164246950135,-0.5772179168836498
21,1550746800,277,1889,1612,2166,8,2.0314392691796046,0.8695739622065718
21,1550761200,596,1128,532,1724,8,0.4588473697630863,0.40951496180522073
21,1550775600,1642,1301,-341,2943,8,-0.812331082265266,1.6783202140433358
21,1550790000,753,355,-398,1108,8,-0.8953289880678044,-0.23165323784915082
21,1550804400,142,79,-63,221,8,-0.4075342785265696,-1.154893811052767
21,1550818800,46,198,152,244,8,-0.09447200225383676,-1.1309540893124252
21,1550833200,272,1902,1630,2174,8,2.0576491341698797,0.8779008219423428
21,1550847600,639,1117,478,1756,8,0.38021777479226043,0.442822400748305
21,1550862000,1600,1303,-297,2903,8,-0.7482625234001485,1.6366859153644806
21,1550876400,789,447,-342,1236,8,-0.8137871858758368,-0.09842348207681385
21,1551495600,8514,9558,1044,18072,9,1.9157904454631014,4.078478910663754
21,1551510000,22,74,52,96,9,-0.4165443328957408,-0.4077522234020048
21,1551524400,81,419,338,500,9,0.25588283102626413,-0.3069268240827699
21,1551538800,237,782,545,1019,9,0.7425696244942886,-0.17740112545236666
21,1551553200,427,884,457,1311,9,0.5356689586721333,-0.10452732198400877
21,1551567600,345,457,112,802,9,-0.27547569710790754,-0.23155734241344086
21,1551582000,192,121,-71,313,9,-0.7057350362607987,-0.3535960064409306
21,1551596400,28,63,35,91,9,-0.4565137797022935,-0.4090000625024904
21,1551610800,65,277,212,342,9,-0.04036130412818558,-0.34635853965811425
21,1551625200,190,684,494,874,9,0.6226612840746305,-0.2135884593664485
21,1551639600,341,579,238,920,9,0.02076843804654213,-0.20210833964198116
21,1551654000,211,175,-36,386,9,-0.623444998717896,-0.33537755557384114
21,1551668400,70,44,-26,114,9,-0.5999335594199239,-0.4032600026402567
21,1551682800,32,148,116,180,9,-0.2660711213887187,-0.38678852651384704
21,1551697200,240,1469,1229,1709,9,2.350752072475587,-0.005199329585356566
21,1551711600,418,769,351,1187,9,0.28644770211362797,-0.13547373167605117
21,1551726000,1445,893,-552,2338,9,-1.8366352664932615,0.15177882925572944
21,1551740400,648,235,-413,883,9,-1.5098262602514478,-0.21134234898557444
21,1551754800,104,61,-43,165,10,-0.3565505508616784,-1.0622823044287635
21,1551769200,52,171,119,223,10,-0.08737474285721514,-1.0012593234660716
21,1551783600,327,1887,1560,2214,10,2.3069606851331033,1.0935123161325464
21,1551798000,636,912,276,1548,10,0.1734931698384684,0.3928001554230138
21,1551812400,1825,1270,-555,3095,10,-1.2072790304807228,2.02043035454861
21,1551826800,854,290,-564,1144,10,-1.2222332420365265,-0.032256470592979015
21,1551841200,104,51,-53,155,10,-0.3731663414792379,-1.072803508043021
21,1551855600,47,183,136,230,10,-0.05912789880736405,-0.9938944809360915
21,1551870000,330,1947,1617,2277,10,2.4016706916531922,1.1597958989023671
21,1551884400,668,914,246,1582,10,0.12364579798579003,0.42857224771148844
21,1551898800,1880,1168,-712,3048,10,-1.4681469431764065,1.9709806975616009
21,1551913200,776,271,-505,1047,10,-1.1242000773929255,-0.13431214565127433
21,1551927600,134,52,-82,186,10,-0.42135213427016033,-1.0401877768388235
21,1551942000,43,185,142,228,10,-0.04915842443682837,-0.9959987216589429
21,1551956400,337,1837,1500,2174,10,2.2072659414277465,1.0514275016755175
21,1551970800,698,847,149,1545,10,-0.03752737100453675,0.38964379433873664
21,1551985200,1667,1213,-454,2880,10,-1.0394595452433724,1.7942244768420792
21,1551999600,871,328,-543,1199,10,-1.1873400817396516,0.025610149285435847
21,1552014000,159,62,-97,221,10,-0.44627582019649953,-1.003363564188923
21,1552028400,55,188,133,243,10,-0.06411263599263188,-0.980216916237557
21,1552042800,314,1752,1438,2066,10,2.104248039598878,0.9377985026415392
21,1552057200,657,990,333,1647,10,0.26820317635855734,0.4969600712041605
21,1552071600,1667,1314,-353,2981,10,-0.8716400600060218,1.9004886333460773
21,1552086000,687,459,-228,1146,10,-0.6639426772865284,-0.030152229870127566
21,1552100400,214,98,-116,312,10,-0.4778458223698625,-0.907620611299182
21,1552114800,32,71,39,103,10,-0.22030106779769082,-1.1275137668371584
21,1552129200,92,515,423,607,10,0.4177452919165925,-0.5972451046785933
21,1552143600,263,910,647,1173,10,0.7899390017499244,-0.0017449801116329968
21,1552158000,501,1044,543,1545,10,0.617134779327306,0.38964379433873664
21,1552172400,369,635,266,1004,10,0.15687737922090894,-0.1795533211925805
21,1552190400,195,117,-78,312,10,-0.41470581802313655,-0.907620611299182
21,1552204800,35,88,53,123,10,-0.19703896093310758,-1.106471359608644
21,1552219200,85,272,187,357,10,0.025612633342189207,-0.8602751950350245
21,1552233600,243,669,426,912,10,0.42273002910186036,-0.27634839444374715
21,1552248000,369,449,80,818,10,-0.15217632626569702,-0.3752477084177653
21,1552262400,247,196,-51,443,10,-0.36984318335572597,-0.7697928439524121
21,1552276800,71,40,-31,111,10,-0.33661160212060703,-1.1190968039457527
21,1552291200,105,419,314,524,10,0.23663317418519436,-0.6845710946769283
21,1552305600,335,1778,1443,2113,10,2.112555934907658,0.9872481596285483
21,1552320000,590,900,310,1490,10,0.22998685793817059,0.33177717446032173
21,1552334400,1925,1045,-880,2970,10,-1.7472922255514052,1.8889153093703945
21,1552348800,563,255,-308,818,11,-0.8315086910371517,-0.443667991560095
21,1552363200,87,63,-24,150,11,-0.35808455420225216,-1.1525261448180693
21,1552377600,113,461,348,574,11,0.26203438559557407,-0.7025922271812712
21,1552392000,409,1892,1483,2301,11,2.1540639465378666,1.130039555268611
21,1552406400,616,876,260,1492,11,0.11533958263264743,0.2715571510983999
21,1552420800,1880,1198,-682,3078,11,-1.45496160362959,1.9545646826360452
21,1552435200,622,262,-360,884,11,-0.9181919836970631,-0.373631108154367
21,1552449600,79,68,-11,147,11,-0.3364137310372744,-1.1557096395183295
21,1552464000,115,441,326,556,11,0.22536068485484242,-0.7216931953828334
21,1552478400,387,1938,1551,2325,11,2.2674190215546735,1.155507512870694
21,1552492800,804,1033,229,1837,11,0.06366300431616191,0.6376590416283416
21,1552507200,1885,1192,-693,3077,11,-1.4732984539999558,1.9535035177359583
21,1552521600,598,249,-349,847,11,-0.8998551333266973,-0.41289420945757815
21,1552536000,67,56,-11,123,11,-0.3364137310372744,-1.1811775971204124
21,1552550400,110,472,362,582,11,0.28537219515785783,-0.6941029079805769
21,1552564800,359,1944,1585,2303,11,2.3240965590630767,1.1321618850687847
21,1552579200,754,1006,252,1760,11,0.10200369145419956,0.555949344321659
21,1552593600,1799,1145,-654,2944,11,-1.4082859845050226,1.8123685860244156
21,1552608000,581,290,-291,871,11,-0.80316992228295,-0.3874262518554953
21,1552622400,74,61,-13,135,11,-0.33974770383188635,-1.168443618319371
21,1552636800,114,411,297,525,11,0.17701807933296887,-0.7545893072855238
21,1552651200,377,1890,1513,2267,11,2.204073538457046,1.0939599486656604
21,1552665600,818,1061,243,1879,11,0.08700081387844569,0.6822279674319867
21,1552680000,1699,1311,-388,3010,11,-0.9648676028216306,1.8824054694301435
21,1552694400,533,339,-194,872,11,-0.6414722417442695,-0.3863650869554085
21,1552708800,130,80,-50,210,11,-0.4014262005322078,-1.0888562508128619
21,1552723200,32,140,108,172,11,-0.13804234975786223,-1.1291805170161597
21,1552737600,137,682,545,819,11,0.590430705864853,-0.4426068266600082
21,1552752000,440,1093,653,1533,11,0.7704652367738993,0.3150649120019582
21,1552766400,552,987,435,1539,11,0.4070622021611947,0.3214319014024789
21,1552780800,452,445,-7,897,11,-0.32974578544805044,-0.3598359644532388
21,1552795200,124,109,-15,233,11,-0.3430816766264983,-1.0644494581108659
21,1552809600,70,110,40,180,11,-0.2513974247746692,-1.1206911978154654
21,1552824000,392,568,176,960,11,-0.02468727474105527,-0.29298257574777115
21,1552838400,240,780,540,1020,11,0.5820957738783231,-0.2293126817425639
21,1552852800,516,563,47,1079,11,-0.2397285199935273,-0.16670395263744342
21,1552867200,245,270,25,515,11,-0.27640222073425896,-0.7652009562863916
21,1552881600,52,49,-3,101,11,-0.3230778398588265,-1.2045232249223217
21,1552896000,118,415,297,533,11,0.17701807933296887,-0.7460999880848295
21,1552910400,328,1817,1489,2145,11,2.164065864921702,0.9644978308550722
21,1552924800,671,904,233,1575,11,0.07033094990538585,0.35963383780560326
21,1552939200,2009,1039,-970,3048,11,-1.9350536860537138,1.9227297356334414
21,1552953600,534,314,-220,848,12,-0.6317950329636087,-0.41059071456596447
21,1552968000,99,92,-7,191,12,-0.2796431099173506,-1.1115211883183291
21,1552982400,128,454,326,582,12,0.2709042627324334,-0.6943768728888396
21,1552996800,580,1981,1401,2561,12,2.0481968320973514,1.4169494704230776
21,1553011200,904,956,52,1860,12,-0.1820986805289504,0.6690769253691847
21,1553025600,2354,1254,-1100,3608,12,-2.0866949967227977,2.5339573943480787
21,1553040000,646,556,-90,1202,12,-0.41686662922645584,-0.03292041364003282
21,1553054400,110,104,-6,214,12,-0.27798981450398785,-1.0869832874107122
21,1553068800,109,465,356,574,12,0.3205031251333148,-0.702911794943663
21,1553083200,378,2102,1724,2480,12,2.582211250613508,1.3305333846179916
21,1553097600,713,974,261,1687,12,0.16344006086385693,0.4845092359336306
21,1553112000,1782,1002,-780,2784,12,-1.5576404644467288,1.6548604227012775
21,1553126400,731,309,-422,1040,12,-0.965760706462877,-0.20575258525020493
21,1553140800,104,114,10,218,12,-0.2515370878901844,-1.0827158263833006
21,1553155200,122,474,352,596,12,0.31388994347986393,-0.6794407592928988
21,1553169600,447,1825,1378,2272,12,2.010171037590009,1.1086254111925855
21,1553184000,798,898,100,1696,12,-0.1027405006875401,0.4941110232453068
21,1553198400,1867,1122,-745,2989,12,-1.4997751249790339,1.873567800356125
21,1553212800,655,304,-351,959,12,-0.8483767321141243,-0.292168671055291
21,1553227200,115,100,-15,215,12,-0.2928694732242523,-1.085916422153859
21,1553241600,103,404,301,507,12,0.22957187739836551,-0.7743917671528082
21,1553256000,407,1698,1291,2105,12,1.866334336627453,0.9304589132981488
21,1553270400,716,923,207,1639,12,0.07416210854227034,0.4332997036046907
21,1553284800,1667,1065,-602,2732,12,-1.2633538808681657,1.599383429344926
21,1553299200,582,399,-183,981,12,-0.5706231026691883,-0.26869763540452685
21,1553313600,161,82,-79,243,12,-0.398680379679466,-1.0560441949619777
21,1553328000,46,197,151,243,12,-0.01842243460604167,-1.0560441949619777
21,1553342400,134,501,367,635,12,0.3386893746803047,-0.6378330142756352
21,1553356800,294,889,595,1183,12,0.7156407289270036,-0.05319085352023819
21,1553371200,514,875,361,1389,12,0.32876960220012835,0.16658338939146214
21,1553385600,388,380,-8,768,12,-0.28129640533071326,-0.4959399351141976
21,1553400000,149,78,-71,227,12,-0.38545401637256427,-1.0731140390716243
21,1553414400,43,148,105,191,12,-0.09447402362072654,-1.1115211883183291
21,1553428800,106,380,274,486,12,0.18493290123757222,-0.7967959375467194
21,1553443200,237,821,584,1058,12,0.6974544793800138,-0.18654901062685247
21,1553457600,424,576,152,1000,12,-0.016769139192678955,-0.2484271955243215
21,1553472000,274,259,-15,533,12,-0.2928694732242523,-0.7466532704746325
21,1553486400,74,48,-26,122,12,-0.31105572277124216,-1.1851348910411803
21,1553500800,130,459,329,589,12,0.27586414897252154,-0.6869088160908693
21,1553515200,371,1915,1544,2286,12,2.2846180762082198,1.1235615247885262
21,1553529600,681,802,121,1483,12,-0.06802129700692311,0.26686872353563607
21,1553544000,1808,996,-812,2804,12,-1.6105459176743357,1.6761977278383358
21,1553558400,527,296,-231,823,13,-0.7080386155743765,-0.3493611609648769
21,1553572800,114,95,-19,209,13,-0.34280142008260056,-0.99357255435967
21,1553587200,115,490,375,605,13,0.33598846210494526,-0.5780876817467415
21,1553601600,388,1928,1540,2316,13,2.343070220349846,1.217100745123765
21,1553616000,720,931,211,1651,13,0.05344648068677897,0.5193799363167008
21,1553630400,1838,1232,-606,3070,13,-1.3540949755244518,2.008200729846361
21,1553644800,689,355,-334,1044,13,-0.8854887624406639,-0.11748702751170217
21,1553659200,125,95,-30,220,13,-0.3617524066411361,-0.9820313078981997
21,1553673600,118,449,331,567,13,0.2601845158708031,-0.6179574422500024
21,1553688000,404,2068,1664,2472,13,2.5566995233733376,1.3807766040318883
21,1553702400,752,1030,278,1782,13,0.1688752169978591,0.6568256896305735
21,1553716800,1919,1251,-668,3170,13,-1.4609096270361976,2.1131211522233633
21,1553731200,818,347,-471,1165,13,-1.1215146859424248,0.009466683564470398
21,1553745600,98,114,16,212,13,-0.2825028264872602,-0.9904249416883599
21,1553760000,118,452,334,570,13,0.2653529667504037,-0.6148098295786922
21,1553774400,458,1916,1458,2374,13,2.2017992296407627,1.277954590102426
21,1553788800,747,1042,295,1789,13,0.19816310531559586,0.6641701191969637
21,1553803200,1835,1364,-471,3199,13,-1.1215146859424248,2.143548074712694
21,1553817600,724,443,-281,1167,13,-0.79417946356772,0.01156509201201044
21,1553832000,139,79,-60,218,13,-0.4134369154371421,-0.9841297163457398
21,1553846400,110,439,329,549,13,0.25673888195106936,-0.6368431182778627
21,1553852988,76,807,731,883,13,0.94931129981755,-0.2864089075386756
21,1553857358,80,230,150,310,13,-0.05164535386509995,-0.8876029277588978
21,1553860800,415,1852,1437,2267,13,2.1656200734835584,1.1656897381590339
21,1553875200,802,1010,208,1812,13,0.04827802980717837,0.6883018163436742
21,1553889600,1630,1187,-443,2817,13,-1.0732758110661524,1.7427520612325456
21,1553904000,531,341,-190,872,13,-0.637403120219835,-0.29795015400014585
21,1553918400,125,66,-59,191,13,-0.4117140984772753,-1.0124582303875302
21,1553932800,24,126,102,150,13,-0.1343405679387096,-1.0554756035621011
21,1553947200,142,399,257,541,13,0.13269606084065488,-0.6452367520680229
21,1553961600,285,627,342,912,13,0.27913550242933866,-0.255981985049345
21,1553976000,428,697,269,1125,13,0.1533698643590573,-0.03250148538633045
21,1553990400,327,279,-48,606,13,-0.39276311191873975,-0.5770384775229715
21,1554004800,104,75,-29,179,13,-0.36002958968126925,-1.0250486810727706
21,1554019200,22,85,63,107,13,-0.20153042937351742,-1.1005913851842122
21,1554033600,104,222,118,326,13,-0.10677549658083971,-0.8708156601785775
21,1554048000,159,436,277,595,13,0.16715240003799223,-0.5885797239844417
21,1554062400,266,310,44,576,13,-0.23426395161098792,-0.6085146042360722
21,1554076800,165,142,-23,307,13,-0.34969268792206804,-0.8907505404302078
21,1554091200,45,34,-11,79,13,-0.3290188844036656,-1.1299691034497727
21,1554105600,105,430,325,535,13,0.2498476141116019,-0.6515319774106431
21,1554120000,360,1908,1548,2268,13,2.356852756028781,1.1667389423828038
21,1554134400,663,851,188,1514,13,0.013821690609841019,0.37563895766020783
21,1554148800,1858,861,-997,2719,13,-2.027716406832397,1.6399300473030836
21,1554163200,347,172,-175,519,14,-0.6658733182768553,-0.6770035048119252
21,1554177600,46,20,-26,66,14,-0.4149226873960024,-1.1272978128892435
21,1554192000,106,453,347,559,14,0.21329600601713897,-0.637242418005981
21,1554206400,385,1937,1552,2322,14,2.24279607455021,1.11522748296601
21,1554220800,748,929,181,1677,14,-0.06628657603803925,0.47407995822015975
21,1554235200,1943,1154,-789,3097,14,-1.6999920253966108,1.8855985398311792
21,1554249600,397,190,-207,587,14,-0.7197687557814679,-0.6094096572418201
21,1554264000,30,17,-13,47,14,-0.3930276659097535,-1.1461843291220668
21,1554278400,113,451,338,564,14,0.19813791421896665,-0.632272282155238
21,1554292800,452,2061,1609,2513,14,2.338797322605301,1.3050866724643937
21,1554307200,842,1146,304,1988,14,0.1408740118703157,0.783222408136376
21,1554321600,1908,1364,-544,3272,14,-1.28735508200192,2.0595532946071855
21,1554336000,419,232,-187,651,14,-0.6860841073410849,-0.5457919183523093
21,1554350400,42,13,-29,55,14,-0.41997538466205986,-1.138232111760878
21,1554364800,102,476,374,578,14,0.2587702814116559,-0.6183559017731575
21,1554379200,370,2024,1654,2394,14,2.4145877815961625,1.1867974392167098
21,1554393600,767,1088,321,1855,14,0.16950596304464116,0.6510167945066114
21,1554408000,1858,1314,-544,3172,14,-1.28735508200192,1.9601505775923247
21,1554422400,403,271,-132,674,14,-0.593451324130032,-0.5229292934388914
21,1554436800,36,24,-12,60,14,-0.39134343348773437,-1.133261975910135
21,1554451200,108,427,319,535,14,0.1661374982006029,-0.6610990700895475
21,1554465600,436,1941,1505,2377,14,2.1636371507153096,1.1698989773241835
21,1554480000,865,1001,136,1866,14,-0.14207703502890082,0.6619510933782461
21,1554494400,1804,1135,-669,2939,14,-1.4978841347543133,1.7285422469476996
21,1554508800,445,329,-116,774,14,-0.5665036053777256,-0.42352657642403085
21,1554523200,90,69,-21,159,14,-0.4065015252859067,-1.0348532860654232
21,1554537600,34,173,139,207,14,-0.13702433776284337,-0.98713998189829
21,1554552000,139,586,447,725,14,0.38171924821905356,-0.4722339077613125
21,1554566400,318,1014,696,1332,14,0.8010931213018209,0.1311405845188909
21,1554580800,466,884,418,1350,14,0.33287650798049834,0.14903307358156578
21,1554595200,383,429,46,812,14,-0.2936579530106239,-0.38575354395838385
21,1554609600,117,74,-43,191,14,-0.44355463857032795,-1.0030444166206678
21,1554624000,36,136,100,172,14,-0.20270940222159006,-1.0219309328534911
21,1554638400,122,385,263,507,14,0.07182048256753071,-0.6889318308537085
21,1554652800,228,752,524,980,14,0.5114051447145277,-0.21875697937341815
21,1554667200,374,534,160,908,14,-0.10165545690044131,-0.29032693562411777
21,1554681600,217,211,-6,428,14,-0.38123803895561953,-0.7674599772954482
21,1554696000,65,40,-25,105,14,-0.4132384549739833,-1.0885307532534478
21,1554710400,97,456,359,553,14,0.2335067950813687,-0.6432065810268727
21,1554724800,350,1878,1528,2228,14,2.20237449642175,1.0217889289720412
21,1554739200,720,934,214,1654,14,-0.010706906111407434,0.4512173333067418
21,1554753600,1846,1105,-741,2951,14,-1.6191488691396918,1.740470572989483
21,1554768000,342,97,-245,439,15,-0.7398718791391656,-0.7045853691036905
21,1554782400,330,254,-76,584,15,-0.46172793104620125,-0.5589476235298699
21,1554796800,117,497,380,614,15,0.2887669821513832,-0.5288156761697692
21,1554811200,396,2064,1668,2460,15,2.4085859474989464,1.3253034847217673
21,1554825600,693,926,233,1619,15,0.0468311219758461,0.4806045603936079
21,1554840000,1886,1236,-650,3122,15,-1.4064298612554413,1.9902151231346583
21,1554854400,398,175,-223,573,15,-0.7036637912217384,-0.5699960042285737
21,1554868800,41,20,-21,61,15,-0.37120771125263297,-1.0842479058409606
21,1554883200,97,484,387,581,15,0.3002877373978374,-0.5619608182658801
21,1554887483,48,594,546,642,15,0.561973463710153,-0.5006925253003418
21,1554897600,389,2145,1756,2534,15,2.553418299168656,1.3996289548766825
21,1554912000,735,1092,357,1827,15,0.25091307205589103,0.6895193954236402
21,1554926400,2022,1305,-717,3327,15,-1.5166999471857883,2.1961167634286807
21,1554940800,435,158,-277,593,15,-0.7925381888372418,-0.5499080393218397
21,1554955200,34,18,-16,52,15,-0.3629786003623086,-1.093287490048991
21,1554969600,101,461,360,562,15,0.25585053859008566,-0.5810443849272773
21,1554984000,388,1922,1534,2310,15,2.188045775638253,1.1746437479212632
21,1554998400,687,1078,391,1765,15,0.30687102611009687,0.6272467042127652
21,1555012800,1934,1151,-783,3085,15,-1.6253242109380701,1.9530523880572006
21,1555027200,396,243,-153,639,15,-0.5884562387571969,-0.5037057200363518
21,1555041600,44,24,-20,68,15,-0.3695618890745681,-1.0772171181236039
21,1555056000,109,398,289,507,15,0.1389971639474793,-0.6362862884207954
21,1555059767,46,474,428,520,15,0.36776644669849734,-0.6232291112314183
21,1555070400,407,1926,1519,2333,15,2.1633584429672794,1.1977449075640072
21,1555084800,819,1042,223,1861,15,0.03037290019519732,0.7236689357650877
21,1555099200,1809,1193,-616,3002,15,-1.3504719072012354,1.869687333694255
21,1555113600,513,308,-205,821,15,-0.6740389920165706,-0.3209052393850736
21,1555128000,76,54,-22,130,15,-0.3728535334306979,-1.0149444269127288
21,1555142400,26,105,79,131,15,-0.20662549344614514,-1.013940028667392
21,1555156800,143,393,250,536,15,0.07481009900294903,-0.6071587393060313
21,1555171200,280,768,488,1048,15,0.4665157773823901,-0.09290683769364416
21,1555185600,464,746,282,1210,15,0.12747640870102514,0.06980567805090021
21,1555200000,322,356,34,678,15,-0.2806874914590647,-0.46453418846822075
21,1555214400,87,79,-8,166,15,-0.34981202293778957,-0.9787860900806079
21,1555228800,29,60,31,89,15,-0.2856249579932593,-1.0561247549715334
21,1555243200,104,274,170,378,15,-0.05685567524224123,-0.7658536620692289
21,1555257600,189,530,341,719,15,0.22457991720685297,-0.42335386040941636
21,1555272000,327,503,176,830,15,-0.04698074217385196,-0.31186565517704334
21,1555286400,218,149,-69,367,15,-0.45020717579974706,-0.7769020427679325
21,1555300800,41,33,-8,74,15,-0.34981202293778957,-1.0711907286515836
21,1555315200,114,398,284,512,15,0.1307680530571549,-0.6312642971941119
21,1555329600,405,2005,1600,2410,15,2.2966700393905346,1.2750835724549325
21,1555344000,697,870,173,1567,15,-0.051918208708046594,0.4283758516360998
21,1555358400,1853,983,-870,2836,15,-1.7685107404297147,1.702957224968364
21,1555372800,464,186,-278,650,16,-0.8311383315329384,-0.5291911666052379
21,1555387200,58,49,-9,107,16,-0.3639409152605299,-1.0786941373104721
21,1555401600,135,500,365,635,16,0.2856198047613317,-0.5443708066799682
21,1555416000,459,2012,1553,2471,16,2.348930327183716,1.3136171384670114
21,1555430400,739,1074,335,1813,16,0.2335160036900594,0.6477369271888456
21,1555444800,1963,1302,-661,3265,16,-1.4963301918761818,2.1171260864227315
21,1555459200,634,300,-334,934,16,-0.9283987601993134,-0.24178998119034564
21,1555473600,81,40,-41,121,16,-0.4195183030698871,-1.0645264732407238
21,1555488000,124,474,350,598,16,0.25956790422569553,-0.5818139188643027
21,1555502400,408,2093,1685,2501,16,2.578187051897314,1.343976418616472
21,1555516800,749,1172,423,1921,16,0.38635382016579156,0.7570303357269033
21,1555531200,2052,1301,-751,3353,16,-1.6526415950899986,2.206179974861149
21,1555545600,637,314,-323,951,16,-0.9092940331398469,-0.2245863891056514
21,1555560000,87,45,-42,132,16,-0.42125509643892944,-1.0533947371859218
21,1555574400,105,445,340,550,16,0.24219997053527145,-0.6303887671034395
21,1555588800,431,2001,1570,2432,16,2.378455814457437,1.274150074272713
21,1555603200,833,1055,222,1888,16,0.03725835298826698,0.7236351275624967
21,1555617600,1914,1364,-550,3278,16,-1.303546127912474,2.1302817744874973
21,1555632000,578,406,-172,984,16,-0.6470382344144429,-0.1911911809412449
21,1555646400,86,55,-31,141,16,-0.40215036937946297,-1.0442869531410837
21,1555660800,81,344,263,425,16,0.10846688111900582,-0.7568857677261913
21,1555675200,337,1576,1239,1913,16,1.8035772093043987,0.7489345276870472
21,1555689600,806,1100,294,1906,16,0.16230747555932054,0.741850695652173
21,1555704000,1044,1201,157,2245,16,-0.07563321599948973,1.084910561341076
21,1555718400,441,388,-53,829,16,-0.440359823498396,-0.34804746171345724
21,1555732800,93,45,-48,138,16,-0.4316758566531839,-1.0473228811560296
21,1555747200,28,109,81,137,16,-0.20762951204671296,-1.0483348571610116
21,1555761600,144,359,215,503,16,0.0251007994049701,-0.6779516393375942
21,1555776000,222,717,495,939,16,0.5114029427368452,-0.23673010116543558
21,1555790400,356,600,244,956,16,0.07546780710720001,-0.2195265090807413
21,1555804800,303,285,-18,588,16,-0.3795720555819116,-0.5919336789141229
21,1555819200,105,41,-64,146,16,-0.4594645505578625,-1.0392270731161735
21,1555833600,26,71,45,97,16,-0.27015407333223973,-1.0888138973602923
21,1555848000,120,281,161,401,16,-0.06868604252332008,-0.7811731918457597
21,1555862400,181,506,325,687,16,0.2161480699996353,-0.49174805442090336
21,1555876800,328,502,174,830,16,-0.046107728725768744,-0.3470354857084752
21,1555891200,207,221,14,428,16,-0.3239946677725545,-0.7538498397112453
21,1555905600,48,48,0,96,16,-0.3483097749391482,-1.0898258733652744
21,1555920000,113,465,352,578,16,0.2630414909637804,-0.602053438963943
21,1555934400,368,1884,1516,2252,16,2.2846689725291465,1.0919943933759502
21,1555948800,703,982,279,1685,16,0.13625557502368438,0.5182039985511476
21,1555963200,1829,930,-899,2759,16,-1.9096870137082755,1.605066227901832
21,1555977600,470,208,-262,678,17,-0.7706363242110542,-0.5462114303673474
21,1555992000,81,29,-52,110,17,-0.4249925548957103,-1.115473985319005
21,1556006400,126,529,403,655,17,0.32390227862086823,-0.5692625549516575
21,1556020800,409,1904,1495,2313,17,2.121249879060657,1.0924228607346949
21,1556035200,676,1181,505,1857,17,0.49178639514546385,0.6354092602805473
21,1556049600,1932,1246,-686,3178,17,-1.4685075536858438,1.9593455896663563
21,1556064000,546,325,-221,871,17,-0.7031534930590109,-0.3527824284207455
21,1556078400,69,42,-27,111,17,-0.3838444871200741,-1.1144717625109914
21,1556092800,86,503,417,589,17,0.3469451965752245,-0.6354092602805473
21,1556107200,385,2049,1664,2434,17,2.3994108172239574,1.2136918205043261
21,1556121600,688,1291,603,1979,17,0.6530868208259577,0.757680442858192
21,1556136000,1998,1411,-587,3409,17,-1.3055612052943244,2.1908590583174705
21,1556150400,643,285,-358,928,17,-0.9286449044694971,-0.295655728363977
21,1556164800,90,41,-49,131,17,-0.4200547867626339,-1.0944273063507217
21,1556179200,83,475,392,558,17,0.3057971287995883,-0.6664781673289653
21,1556193600,415,1977,1562,2392,17,2.2315267006993618,1.1715984625677598
21,1556208000,762,1254,492,2016,17,0.4703893999021331,0.7947626867546909
21,1556222400,2068,1346,-722,3414,17,-1.5277607712827599,2.1958701723575382
21,1556236800,707,284,-423,991,17,-1.035629880686151,-0.2325156914591277
21,1556251200,98,57,-41,155,17,-0.4068874050744304,-1.0703739589583983
21,1556265600,108,427,319,535,17,0.18564477089473067,-0.6895292919132753
21,1556265860,5,25,20,30,17,-0.30648611970187806,-1.1956518099600835
21,1556280000,411,1872,1461,2283,17,2.065288506885792,1.0623561764942904
21,1556294400,854,1025,171,1879,17,-0.057951790337035534,0.6574581620568439
21,1556308800,1695,1039,-656,2734,17,-1.4191298723550803,1.5143586629083705
21,1556323200,503,336,-167,839,17,-0.6142736666636367,-0.3848535582771769
21,1556337600,136,79,-57,215,17,-0.4332221684508375,-1.0102405904775893
21,1556352000,52,148,96,200,17,-0.18139599366394407,-1.0252739325977915
21,1556366400,157,602,445,759,17,0.393031032483937,-0.4650313829182554
21,1556380800,304,963,659,1267,17,0.7452584926433827,0.044097803552593184
21,1556395200,466,874,408,1340,17,0.3321318921759955,0.11726006853757734
21,1556409600,413,424,11,837,17,-0.3212994241011071,-0.38685800389320385
21,1556424000,146,96,-50,242,17,-0.4217007094736594,-0.9831805746612253
21,1556438400,40,111,71,151,17,-0.22254406143958025,-1.0743828501904522
21,1556452800,106,392,286,498,17,0.1313293214308909,-0.7266115358097741
21,1556467200,285,804,519,1089,17,0.5148293130998202,-0.13429785627380653
21,1556481600,405,568,163,973,17,-0.07111917202523911,-0.2505557020033704
21,1556496000,262,208,-54,470,17,-0.42828440031776116,-0.7546737744341516
21,1556510400,77,40,-37,117,17,-0.40030371423032857,-1.1084584256629106
21,1556524800,115,461,346,576,17,0.23008468409241775,-0.6484381567847225
21,1556539200,393,1883,1490,2276,17,2.1130202655055297,1.055340616838196
21,1556553600,707,932,225,1639,17,0.03092803605833862,0.41692468813360833
21,1556568000,1889,982,-907,2871,17,-1.8322564728224677,1.6516631876062176
21,1556582400,486,254,-232,740,18,-0.719912023907418,-0.5162836375927202
21,1556596800,96,39,-57,135,18,-0.4326663056663061,-1.118752856018944
21,1556611200,121,478,357,599,18,0.2468749934869529,-0.6566938190771789
21,1556625600,388,1976,1588,2364,18,2.2674434458001462,1.1009229917034569
21,1556640000,630,975,345,1605,18,0.2271781442361338,0.34509797222328553
21,1556654400,1840,1275,-565,3115,18,-1.2664995906176482,1.848781476063943
21,1556668800,697,287,-410,984,18,-1.0120819544612347,-0.27330431644230935
21,1556683200,106,40,-66,146,18,-0.4474389426044204,-1.1077988702293762
21,1556697600,103,493,390,596,18,0.30104132892670543,-0.659681269747061
21,1556712000,423,2069,1646,2492,18,2.3626448838457716,1.2283875536184266
21,1556726400,786,1144,358,1930,18,0.24851639759118785,0.6687384614605131
21,1556740800,1933,1338,-595,3271,18,-1.3157417137446958,2.004128910897812
21,1556755200,703,254,-449,957,18,-1.0760967145263969,-0.3001913724712482
21,1556769600,93,36,-57,129,18,-0.4326663056663061,-1.124727757358708
21,1556784000,126,478,352,604,18,0.2386679729657783,-0.6517147346273754
21,1556798400,364,2051,1687,2415,18,2.4299424521194037,1.1517096530914528
21,1556812800,764,1123,359,1887,18,0.2501578016954228,0.625918335192203
21,1556827200,1846,1471,-375,3317,18,-0.9546328108130123,2.0499364878360047
21,1556841600,735,264,-471,999,18,-1.1122076048195653,-0.2583670630928988
21,1556856000,97,55,-42,152,18,-0.40804524410278226,-1.1018239688896119
21,1556870400,111,464,353,575,18,0.2403093770700132,-0.6805934244362357
21,1556884800,416,1937,1521,2353,18,2.157469370816406,1.0899690059138893
21,1556899200,805,1057,252,1862,18,0.07452756254228576,0.6010229129431854
21,1556913600,1781,1331,-450,3112,18,-1.0777381186306318,1.8457940253940608
21,1556928000,607,488,-119,1095,18,-0.5344333601288714,-0.1627686416566716
21,1556942400,132,85,-47,217,18,-0.4162522646239569,-1.0370958710421665
21,1556956800,33,146,113,179,18,-0.15362760794636884,-1.074936912860673
21,1556971200,162,556,394,718,18,0.30760694534364513,-0.5381916091718556
21,1556985600,366,986,620,1352,18,0.6785642729007383,0.09315629906322835
21,1557000000,501,936,435,1437,18,0.3749045136172771,0.17780073470988786
21,1557014400,494,429,-65,923,18,-0.4457975385001855,-0.33404914672991204
21,1557028800,133,71,-62,204,18,-0.4408733261874807,-1.0500414906116555
21,1557043200,32,73,41,105,18,-0.2718087034512835,-1.1486273627177648
21,1557057600,109,328,219,437,18,0.020361227102533228,-0.8180161552508124
21,1557072000,212,617,405,829,18,0.3256623904902293,-0.42765593438621785
21,1557086400,427,437,10,864,18,-0.32269223068256614,-0.39280234323759333
21,1557100800,271,130,-141,401,18,-0.5705442504220398,-0.8538655632893976
21,1557115200,47,34,-13,81,18,-0.36044452507996944,-1.1725269680768216
21,1557129600,111,476,365,587,18,0.2600062263208323,-0.6686436217567073
21,1557144000,337,1906,1569,2243,18,2.2362567678196825,0.9804291480182122
21,1557158400,720,1041,321,1761,18,0.1877844457344956,0.5004454070571548
21,1557172800,1945,1138,-807,3083,18,-1.6637193838425002,1.8169153355852004
21,1557187200,490,290,-200,780,19,-0.5725636063932364,-0.2516886242801935
21,1557201600,76,46,-30,122,19,-0.2996685661978018,-0.45648088739631265
21,1557216000,115,505,390,620,19,0.37454270957915425,-0.30148613506830757
21,1557230400,409,2060,1651,2469,19,2.3987818018523486,0.2739863489768357
21,1557244800,687,914,227,1601,19,0.11288452398000227,0.003834852951316851
21,1557259200,1896,1260,-636,3156,19,-1.27245912124741,0.4878044109233005
21,1557273600,656,284,-372,940,19,-0.8486691764733232,-0.20189111349207942
21,1557288000,99,43,-56,142,19,-0.34140545469828004,-0.45025619854779836
21,1557302400,111,499,388,610,19,0.3713321796945021,-0.3045984794925647
21,1557316800,384,2170,1786,2554,19,2.61549256906637,0.30044127658302133
21,1557532800,9315,8358,-957,17673,19,-1.7877491677340833,5.005994811617376
21,1557547200,149,65,-84,214,19,-0.38635287308341043,-0.427847318693147
21,1557561600,46,133,87,179,19,-0.11185256794564975,-0.438740524178047
21,1557576000,128,435,307,563,19,0.24130571936608913,-0.31922649828657323
21,1557590400,331,822,491,1153,19,0.5366744687540889,-0.13559817725540255
21,1557604800,455,934,479,1389,19,0.5174112894461759,-0.062146848842934296
21,1557619200,464,345,-119,809,19,-0.4425371460648235,-0.24266282544984782
21,1557633600,101,88,-13,189,19,-0.27237906217825836,-0.43562817975378987
21,1557648000,23,88,65,111,19,-0.14716839667682363,-0.45990446626299547
21,1557662400,101,306,205,407,19,0.07756869524882838,-0.36777907130498444
21,1557676800,199,607,408,806,19,0.4034374785410238,-0.24359652877712495
21,1557691200,348,421,73,769,19,-0.13432627713821496,-0.2551122031468763
21,1557705600,251,129,-122,380,19,-0.4473529408918018,-0.3761824012504787
21,1557720000,40,32,-8,72,19,-0.2643527374666279,-0.4720426095175983
21,1557734400,92,440,348,532,19,0.30712158200145867,-0.3288747660017703
21,1557748800,419,1694,1275,2113,19,1.7952021835377405,0.1631868874732819
21,1557763200,772,670,-102,1442,19,-0.41524764204528003,-0.04565142339437151
21,1557777600,1891,797,-1094,2688,19,-2.0076704648327572,0.34214669186806684
21,1557792000,448,237,-211,685,20,-0.6103952572165009,-0.5716869117699952
21,1557806400,90,67,-23,157,20,-0.3272419615853381,-1.102901627962321
21,1557820800,94,517,423,611,20,0.3444940482630588,-0.6461374591151318
21,1557835200,427,1921,1494,2348,20,1.9575641526299492,1.1014382265403035
21,1557849600,771,1462,691,2233,20,0.7481381079925888,0.9857380516120507
21,1557864000,2012,941,-1071,2953,20,-1.9056709712739477,1.710121755510677
21,1557878400,581,158,-423,739,20,-0.9296957820771738,-0.5173581339775983
21,1557892800,85,57,-28,142,20,-0.334772634341486,-1.1179929551268757
21,1557907200,108,530,422,638,20,0.34298791371182924,-0.6189730702189333
21,1557921600,368,1716,1348,2084,20,1.737668508150429,0.8358308684441407
21,1557936000,723,1056,333,1779,20,0.20894193865239577,0.5289738827648616
21,1557936298,11,22,11,33,20,-0.27603338684353207,-1.2276565991893067
21,1557936379,6,17,11,23,20,-0.27603338684353207,-1.2377174839656764
21,1557950400,1981,1097,-884,3078,20,-1.6240238101940145,1.8358828152152993
21,1557964800,743,318,-425,1061,20,-0.932708051179633,-0.19339764417849054
21,1557979200,98,65,-33,163,20,-0.34230330709763396,-1.096865097096499
21,1557993600,104,502,398,606,20,0.3068406844823191,-0.6511679015033167
21,1558008000,368,1679,1311,2047,20,1.6819415297549343,0.7986055947715723
21,1558022400,790,1094,304,1884,20,0.16526403666673767,0.6346131729167446
21,1558036800,1940,1125,-815,3065,20,-1.520100526159173,1.8228036650060186
21,1558051200,745,374,-371,1119,20,-0.8513767854132351,-0.13504451247554564
21,1558065600,118,65,-53,183,20,-0.37242599812222577,-1.0767433275437595
21,1558080000,112,495,383,607,20,0.28424866621387523,-0.6501618130256798
21,1558094400,355,1955,1600,2310,20,2.117214415060286,1.0632068643900983
21,1558108800,850,1042,192,1892,20,-0.0034230330709763513,0.6426618807378404
21,1558123200,1718,1309,-409,3027,20,-0.9086098983599595,1.7845723028558134
21,1558137600,642,444,-198,1086,20,-0.5908155080505162,-0.168245432237566
21,1558152000,179,77,-102,256,20,-0.4462265911324756,-1.0032988686762598
21,1558166400,44,154,110,198,20,-0.1269260662718027,-1.0616520003792047
21,1558180800,135,634,499,769,20,0.45896027415650764,-0.48717547964848884
21,1558195200,411,982,571,1393,20,0.5674019618450381,0.14062373039698706
21,1558209600,602,1107,505,1709,20,0.4679970814638852,0.4585476893302729
21,1558224000,520,450,-70,970,20,-0.39803028549312874,-0.28495169564345574
21,1558238400,174,99,-75,273,20,-0.4055609582492767,-0.9861953645564312
21,1558252800,51,111,60,162,20,-0.20223279383328216,-1.097871185574136
21,1558267200,130,470,340,600,20,0.2194848805110029,-0.6572044323691386
21,1558281600,277,929,652,1206,20,0.6893988604946348,-0.047514814921128336
21,1558296000,585,739,154,1324,20,-0.06065614601770075,0.07120362544003538
21,1558310400,427,269,-158,696,20,-0.5305701260013326,-0.5606199385159885
21,1558324800,75,41,-34,116,20,-0.34380944164886357,-1.1441512555454372
21,1558339200,149,673,524,822,20,0.4966136379372474,-0.43385279033372887
21,1558353600,397,2673,2276,3070,20,3.135361371691488,1.8278341073942035
21,1558368000,655,970,315,1625,20,0.18183151673026315,0.37403625720876654
21,1558382400,2198,1202,-996,3400,20,-1.7927108799317286,2.159843305014407
21,1558396800,603,332,-271,935,21,-0.8630533406171239,-0.2291623694844991
21,1558411200,129,59,-70,188,21,-0.49058766812729504,-1.0388559642718271
21,1558425600,168,553,385,721,21,0.3525560183546557,-0.46112278351995856
21,1558440000,417,2307,1890,2724,21,3.141415904410339,1.7099833347652063
21,1558454400,812,1120,308,1932,21,0.2098701637192487,0.8515130174003283
21,1558454805,29,7,-22,36,21,-0.4016406418610673,-1.2036128938671067
21,1558468800,1883,1221,-662,3104,21,-1.5876009920774377,2.1218756587534053
21,1558483200,650,264,-386,914,21,-1.076155591046628,-0.25192484002068904
21,1558497600,133,62,-71,195,21,-0.49244073117450815,-1.0312684740930973
21,1558512000,185,526,341,711,21,0.27102124427728025,-0.47196205520385853
21,1558526400,431,2091,1660,2522,21,2.715211403551331,1.4910300467504267
21,1558540800,754,1266,512,2020,21,0.5878950253507167,0.946898608218648
21,1558555200,1953,1392,-561,3345,21,-1.4004416243089168,2.3831021063353948
21,1558569600,723,327,-396,1050,21,-1.0946862215187587,-0.10451074511964942
21,1558584000,93,77,-16,170,21,-0.3905222635777888,-1.058366653302847
21,1558598400,109,446,337,555,21,0.263608992088428,-0.6410546934726982
21,1558612800,416,1859,1443,2275,21,2.313096722306093,1.2233000361580975
21,1558627200,755,1110,355,1865,21,0.29696412693826335,0.7788898971181984
21,1558641600,1859,1166,-693,3025,21,-1.6450459465410432,2.0362454124505955
21,1558656000,699,305,-394,1004,21,-1.0909800954243327,-0.1543713948655893
21,1558670400,134,61,-73,195,21,-0.4961468572689343,-1.0312684740930973
21,1558684800,150,413,263,563,21,0.12648232659466013,-0.6323832761255781
21,1558699200,383,1672,1289,2055,21,2.027725013035279,0.984836059112298
21,1558713600,1098,1217,119,2315,21,-0.1403587522040232,1.2666571228936974
21,1558728000,1141,1282,141,2423,21,-0.09959136516533547,1.383721257079817
21,1558742400,582,415,-167,997,21,-0.6703347837069636,-0.16195888504431927
21,1558756800,194,86,-108,280,21,-0.561004063921392,-0.9391346647799474
21,1558771200,35,160,125,195,21,-0.12924037392074472,-1.0312684740930973
21,1558785600,140,588,448,728,21,0.4692989903290797,-0.45353529334122855
21,1558800000,360,949,589,1309,21,0.7305808799861238,0.17622639149335992
21,1558814400,539,961,422,1500,21,0.42111935110153964,0.38325648065584944
21,1558828800,485,418,-67,903,21,-0.4850284789856558,-0.26384803887297903
21,1558843200,120,69,-51,189,21,-0.45537947023024655,-1.0377720371034371
21,1558857600,29,88,59,117,21,-0.2515425350368079,-1.115814793227517
21,1558872000,123,435,312,558,21,0.217282415908101,-0.6378029119675281
21,1558886400,298,730,432,1028,21,0.4396499815736704,-0.12835714282422936
21,1558900800,418,636,218,1054,21,0.04309448947007159,-0.10017503644608942
21,1558915200,369,371,2,740,21,-0.3571671287279534,-0.4405281673205486
21,1558929600,105,48,-57,153,21,-0.46649784851352505,-1.076793415165477
21,1558944000,34,115,81,149,21,-0.2107751479981202,-1.081129123839037
21,1558958400,141,445,304,586,21,0.20245791153039636,-0.6074529512526082
21,1558972800,309,627,318,936,21,0.22840079419137946,-0.22807844231610913
21,1558987200,473,559,86,1032,21,-0.20150983276205478,-0.12402143415066937
21,1559001600,261,287,26,548,22,-0.3184332567178404,-0.7352727487889917
21,1559016000,56,54,-2,110,22,-0.3635782247588507,-1.1816926797016387
21,1559030400,92,497,405,589,22,0.2926361321229774,-0.693484581740091
21,1559044800,437,1948,1511,2385,22,2.0758623697428837,1.1370409797190735
21,1559059200,697,876,179,1573,22,-0.07174825277946277,0.309431427433527
21,1559073600,1889,1189,-700,3078,22,-1.4889777852097499,1.843362925204152
21,1559088000,600,237,-363,837,22,-0.9456258484304476,-0.4407171322735694
21,1559102400,106,52,-54,158,22,-0.4474188796921555,-1.1327699475468282
21,1559116800,166,532,366,698,22,0.22975564092299877,-0.5823892108052086
21,1559131200,417,2071,1654,2488,22,2.3064241708094717,1.2420210091346047
21,1559145600,759,1131,372,1890,22,0.2394295626460724,0.6325253043725888
21,1559160000,2088,1155,-933,3243,22,-1.8646484121224427,2.0115348169863134
21,1559174400,669,223,-446,892,22,-1.0794484322662996,-0.3846598350128489
21,1559188800,101,67,-34,168,22,-0.41517247394857676,-1.1225777116812425
21,1559203200,86,505,419,591,22,0.31520861614348256,-0.6914461345669739
21,1559217600,404,2010,1606,2414,22,2.2290327970248827,1.1665984637292717
21,1559232000,786,1102,316,1888,22,0.14913962656405183,0.6304868571994717
21,1559246400,1897,1144,-753,3041,22,-1.5744307604302337,1.8056516525014854
21,1559260800,646,226,-420,872,22,-1.0375281047996472,-0.40504430674402
21,1559275200,93,66,-27,159,22,-0.4038862319383242,-1.1317507239602695
21,1559289600,90,485,395,575,22,0.276512929251188,-0.7077537119519108
21,1559304000,402,1876,1474,2278,22,2.016206519117263,1.0279840559573081
21,1559318400,803,1129,326,1932,22,0.16526282943584122,0.6753326950080482
21,1559332800,1638,1382,-256,3020,22,-0.7731075777023011,1.7842479571837557
21,1559347200,685,547,-138,1232,22,-0.5828537838151864,-0.03812381558294025
21,1559361600,158,80,-78,238,22,-0.48611456658445,-1.0512320606221437
21,1559376000,35,169,134,204,22,-0.14430266570251502,-1.0858856625651347
21,1559390400,148,583,435,731,22,0.34100574073834555,-0.5487548324487762
21,1559404800,336,972,636,1308,22,0.6650821184613123,0.03933717699550992
21,1559419200,551,832,281,1383,22,0.09270841651278898,0.11577894598740153
21,1559433600,437,534,97,971,22,-0.20395851632813575,-0.30414117167472304
21,1559448000,132,90,-42,222,22,-0.42807103624600823,-1.0675396380070807
21,1559462400,29,110,81,139,22,-0.22975564092299877,-1.1521351956914407
21,1559476800,106,442,336,548,22,0.18138603230763062,-0.7352727487889917
21,1559491200,259,929,670,1188,22,0.7199010082253962,-0.08296965339151667
21,1559505600,481,575,94,1056,22,-0.20879547718967256,-0.2175071668172459
21,1559520000,287,307,20,594,22,-0.328107178440914,-0.6883884638072982
21,1559534400,61,67,6,128,22,-0.3506796624614192,-1.1633466551435847
21,1559548800,95,501,406,596,22,0.29424845241015635,-0.6863500166341812
21,1559563200,377,2077,1700,2454,22,2.3805909040197033,1.2073674071916138
21,1559577600,682,1057,375,1739,22,0.24426652350760922,0.4786225428022471
21,1559592000,1922,1235,-687,3157,22,-1.4680176214764238,1.9238815885422778
21,1559606400,559,358,-201,917,23,-0.8026933695376377,-0.38359247806548635
21,1559620800,98,68,-30,166,23,-0.5262007243816096,-1.1428216374129303
21,1559635200,85,562,477,647,23,0.2935757147652107,-0.6565510306937286
21,1559641697,199,1256,1057,1455,23,1.2313870258207447,0.1603027119863444
21,1559645364,109,305,196,414,23,-0.1607776962806601,-0.8921041520358782
21,1559649600,253,2199,1946,2452,23,2.6688253974213825,1.1682274415061868
21,1559664000,731,1105,374,1836,23,0.1270333612501762,0.5454775584728639
21,1559678400,1936,1317,-619,3253,23,-1.47856427991904,1.978004480969972
21,1559692800,695,357,-338,1052,23,-1.024210868873169,-0.24711320175136525
21,1559707200,112,56,-56,168,23,-0.5682405417737542,-1.1407997222082766
21,1559721600,104,516,412,620,23,0.18847617128484911,-0.6838468859565527
21,1559725991,69,639,570,708,23,0.44394890774480494,-0.5948826169517923
21,1559735072,173,503,330,676,23,0.055889054894239135,-0.6272332602262507
21,1559736000,437,2138,1701,2575,23,2.2726809643030963,1.292575226592386
21,1559750400,756,1122,366,1878,23,0.11409803282182401,0.5879377777705905
21,1559764800,1978,1460,-518,3438,23,-1.3152557585110933,2.165031637400434
21,1559779200,675,316,-359,991,23,-1.0581661059975935,-0.30878161549330146
21,1559793600,110,49,-61,159,23,-0.5763251220414743,-1.149898340629218
21,1559808000,136,514,378,650,23,0.1335010254643523,-0.653518157886748
21,1559822400,455,2239,1784,2694,23,2.4068849967472503,1.412879181269278
21,1559836800,826,1205,379,2031,23,0.13511794151789633,0.7426142909265944
21,1559851200,1856,1526,-330,3382,23,-1.0112755404448168,2.108418011670132
21,1559865600,801,378,-423,1179,23,-1.161648733424411,-0.11872158625585873
21,1559880000,153,73,-80,226,23,-0.6070465270588108,-1.082164181273321
21,1559894400,145,501,356,646,23,0.09792887228638376,-0.6575619882960554
21,1559908800,392,2018,1626,2410,23,2.1514122602872945,1.1257672222084603
21,1559923200,886,1229,343,2115,23,0.07690896359031145,0.8275347295220475
21,1559937600,1600,1694,94,3294,23,-0.3257031337421506,2.019453742665372
21,1559952000,689,485,-204,1174,23,-0.8075441176982698,-0.12377637426749284
21,1559966400,142,129,-13,271,23,-0.49871315147136114,-1.036671089168614
21,1559980800,33,161,128,194,23,-0.27072798792165376,-1.1145148245477794
21,1559995200,135,567,432,702,23,0.2208144923557296,-0.6009483625657532
21,1560009600,335,1091,756,1426,23,0.7446952937039935,0.13098494151886653
21,1560024000,487,927,440,1414,23,0.2337498207840818,0.11885345029094466
21,1560038400,411,577,166,988,23,-0.20928517788698084,-0.3118144883002819
21,1560052800,127,106,-21,233,23,-0.5116484798997134,-1.0750874780570332
21,1560067200,27,107,80,134,23,-0.3483399584917669,-1.1751722806873888
21,1560081600,119,600,481,719,23,0.30004337897938677,-0.5837620833261973
21,1560096000,265,863,598,1128,23,0.4892225572440376,-0.1702804239745267
21,1560110400,406,696,290,1102,23,-0.00878758724752183,-0.1965653216350241
21,1560124800,302,356,54,658,23,-0.39037977588391154,-0.6454304970681335
21,1560139200,69,50,-19,119,23,-0.5084146477926254,-1.190336644722291
21,1560153600,87,480,393,567,23,0.15775476626751267,-0.7374276388798744
21,1560168000,447,1991,1544,2438,23,2.018825143896685,1.1540740350736114
21,1560182400,744,753,9,1497,23,-0.4631409982933926,0.20276293128407097
21,1560196800,1869,971,-898,2840,23,-1.9296838588578225,1.5604789912089942
21,1560211200,458,221,-237,679,24,-0.7949007992356858,-0.7618159823211567
21,1560225600,85,58,-27,143,24,-0.4788851909768504,-1.2455351152548015
21,1560240000,82,508,426,590,24,0.20280562112435147,-0.8421350174537954
21,1560254400,417,2160,1743,2577,24,2.18467493577619,0.9510551264625337
21,1560268800,710,1218,508,1928,24,0.3262021919682776,0.36535789274250474
21,1560283200,1937,1527,-410,3464,24,-1.055237466991774,1.7515380945822034
21,1560297600,760,386,-374,1146,24,-1.0010633627188308,-0.34036666314202946
21,1560312000,101,52,-49,153,24,-0.511991588032538,-1.236510504565741
21,1560326400,93,582,489,675,24,0.297610303602002,-0.7654258265967808
21,1560333134,153,1548,1395,1701,24,1.6609919278044056,0.16049923010083048
21,1560340800,454,1755,1301,2209,24,1.5195373222028319,0.6189494531051059
21,1560340949,3,15,12,18,24,-0.4201965780144953,-1.3583427488680582
21,1560355200,765,1213,448,1978,24,0.23591201818003896,0.4104809461878074
21,1560369600,1911,1420,-491,3331,24,-1.177129201605896,1.6315107724176983
21,1560384000,709,301,-408,1010,24,-1.052227794532166,-0.4631013685132528
21,1560398400,103,56,-47,159,24,-0.5089819155729299,-1.2310957381523047
21,1560412800,104,495,391,599,24,0.15013635308121223,-0.8340128678336409
21,1560427200,515,1979,1464,2494,24,1.7648256276608802,0.8761508577433312
21,1560441600,746,1082,336,1828,24,0.06737036044199347,0.2751117858518993
21,1560456000,1811,1421,-390,3232,24,-1.0251407423956944,1.542167126595999
21,1560470400,630,353,-277,983,24,-0.8550942484278449,-0.48746781737371625
21,1560484800,114,46,-68,160,24,-0.5405834763988135,-1.2301932770833985
21,1560499200,99,487,388,586,24,0.14562184439180031,-0.8457448617294197
21,1560513600,419,1987,1568,2406,24,1.9213285955604937,0.7967342836795985
21,1560528000,1052,1210,158,2262,24,-0.20049048846311454,0.6667798897571268
21,1560542400,1784,1507,-277,3291,24,-0.8550942484278449,1.5954123296614562
21,1561161600,8477,6977,-1500,15454,25,-2.7589614618316767,4.002041462861602
21,1561176000,142,110,-32,252,25,-0.3796273343042542,-0.46747325344915863
21,1561190400,30,150,120,180,25,-0.13326576251667369,-0.48864185360534695
21,1561204800,147,701,554,848,25,0.5701613569294444,-0.2922442854895998
21,1561219200,410,1051,641,1461,25,0.7111709407815464,-0.11201717582649649
21,1561233600,521,980,459,1501,25,0.41618537456220656,-0.10025684240639188
21,1561248000,438,597,159,1035,25,-0.07005456975538658,-0.2372647267506107
21,1561262400,173,118,-55,291,25,-0.4169057300352697,-0.45600692836455664
21,1561276800,27,104,77,131,25,-0.2029601545355287,-0.5030482620449751
21,1561291200,137,458,321,595,25,0.19251500017611373,-0.36662839437176153
21,1561305600,278,868,590,1146,25,0.6285101502475555,-0.20462980150982038
21,1561320000,424,799,375,1223,25,0.28003819015328046,-0.18199115967611898
21,1561334400,374,332,-42,706,25,-0.395835332448174,-0.33399346913097117
21,1561348800,87,45,-42,132,25,-0.395835332448174,-0.5027542537094725
21,1561363200,103,526,423,629,25,0.3578365812440954,-0.35663211096467257
21,1561377600,413,2175,1762,2588,25,2.528087532714953,0.21933021828495114
21,1561392000,709,1107,398,1816,25,0.31731658588429595,-0.007644216723068003
21,1561406400,1868,1300,-568,3168,25,-1.248376034818354,0.38985505287646816
21,1561420800,579,369,-210,948,26,-0.8162110217919496,-0.40919099531052205
21,1561435200,119,49,-70,168,26,-0.583663255141273,-1.182800009990387
21,1561449600,129,462,333,591,26,0.0857421017174603,-0.7632658904909219
21,1561464000,388,2057,1669,2445,26,2.3049122177553456,1.0755432290173725
21,1561478400,718,1006,288,1724,26,0.010994605294028542,0.3604507936530359
21,1561492800,1963,1288,-675,3251,26,-1.588601818167411,1.874939210853233
21,1561507200,596,376,-220,972,26,-0.8328215765527123,-0.3853876410126801
21,1561521600,116,42,-74,158,26,-0.5903074770455781,-1.1927180742811545
21,1561536000,96,630,534,726,26,0.41961425240878886,-0.6293720225655606
21,1561550400,447,2227,1780,2674,26,2.4892893755998107,1.3026669012759484
21,1561564800,823,1131,308,1954,26,0.04421571481555377,0.5885662723406884
21,1561579200,1842,1475,-367,3317,26,-1.0769967315359226,1.9403984351722985
21,1561593600,704,388,-316,1092,26,-0.9922829022560333,-0.2663708695234701
21,1561608000,129,53,-76,182,26,-0.5936295879977306,-1.1689147199833125
21,1561622400,102,613,511,715,26,0.38140997645903485,-0.6402818932854049
21,1561636800,514,2264,1750,2778,26,2.4394577113175226,1.4058147698999304
21,1561651200,799,1121,322,1920,26,0.06747049148062143,0.5548448537520789
21,1561665600,1876,1503,-373,3379,26,-1.0869630643923802,2.001890433775057
21,1561680000,760,423,-337,1183,26,-1.0271650672536348,-0.17611648447748585
21,1561694400,155,95,-60,250,26,-0.5670527003805104,-1.1014718828060936
21,1561708800,109,534,425,643,26,0.23855920551647636,-0.7116919561789308
21,1561723200,364,1965,1601,2329,26,2.19196044538216,0.9604936832444696
21,1561737600,979,1249,270,2228,26,-0.018904393275344163,0.8603212339077179
21,1561752000,1584,1330,-254,2914,26,-0.8892974627393051,1.5407004442543684
21,1561766400,633,463,-170,1096,26,-0.7497688027488991,-0.2624036438071631
21,1561780800,158,96,-62,254,26,-0.570374811332663,-1.0975046570897866
21,1561795200,46,158,112,204,26,-0.28135115849539344,-1.147094978543624
21,1561809600,141,505,364,646,26,0.13723482147582441,-0.7087165368917006
21,1561824000,341,945,604,1286,26,0.5358881357341272,-0.0739604222825806
21,1561838400,472,1020,548,1492,26,0.4428690290738565,0.1303517021072299
21,1561852800,431,467,36,898,26,-0.4075913746771893,-0.45878131676435957
21,1561867200,162,121,-41,283,26,-0.5354926463350614,-1.0687422706465608
21,1561881600,37,108,71,145,26,-0.34945443301452017,-1.2056115578591522
21,1561896000,145,710,565,855,26,0.4711069721671529,-0.5014289932146598
21,1561910400,344,812,468,1156,26,0.3099845909877556,-0.2028952580625581
21,1561924800,481,832,351,1313,26,0.11564110028683301,-0.04718164869750834
21,1561939200,355,421,66,776,26,-0.3577597103949015,-0.5797817011117231
21,1561953600,101,90,-11,191,26,-0.4856609820527736,-1.1599884621216219
21,1561968000,103,512,409,615,26,0.21198231789925617,-0.7394625361930798
21,1561982400,394,2039,1645,2433,26,2.2650468863295155,1.0636415518684517
21,1561996800,626,1039,413,1665,26,0.21862653980356123,0.30193421433750767
21,1562011200,1802,1493,-309,3295,26,-0.9806555139234995,1.9185786937326101
21,1562025600,567,454,-113,1021,27,-0.8104897967662806,0.04516153389944474
21,1562040000,107,38,-69,145,27,-0.7100347233642628,-1.025354200505915
21,1562054400,101,545,444,646,27,0.4611801097092639,-0.4131071880206579
21,1562068800,409,2112,1703,2521,27,3.3355650509170025,1.8782364215798553
21,1562083200,754,1143,389,1897,27,0.33561126795674157,1.1156772683048044
21,1562097600,1830,1284,-546,3114,27,-1.7990590418361383,2.602912027176177
21,1562112000,579,411,-168,990,27,-0.9360586385188029,0.007277986220716253
21,1562126400,131,56,-75,187,27,-0.7237331424645379,-0.9740281036508635
21,1562140800,106,505,399,611,27,0.35844196645720017,-0.45587893539986746
21,1562143341,37,258,221,295,27,-0.047944466850963076,-0.8420467117378739
21,1562143411,54,416,362,470,27,0.2739683820055033,-0.6281879748418261
21,1562143504,1,29,28,30,27,-0.4885769479098142,-1.1658899418947464
21,1562155200,366,1537,1171,1903,27,2.1209718906926045,1.123009567855526
21,1562169600,1059,1184,125,2243,27,-0.2671191724553657,1.538506542396419
21,1562184000,1247,1305,58,2552,27,-0.4200848524084384,1.9161199692585837
21,1562198400,541,510,-31,1051,27,-0.62327806906252,0.08182303165305295
21,1562212800,124,58,-66,182,27,-0.7031855138141251,-0.9801383532764648
21,1562227200,33,111,78,144,27,-0.3744234554075212,-1.0265762504310352
21,1562241600,121,339,218,460,27,-0.05479367640110066,-0.6404084740930288
21,1562256000,217,564,347,781,27,0.23972233425481537,-0.24813044812942095
21,1562270400,308,446,138,754,27,-0.23743926440476953,-0.2811257961076683
21,1562284800,286,703,417,989,27,0.39953722375802564,0.00605593629559598
21,1562299200,71,126,55,197,27,-0.42693406195857597,-0.9618076043996607
21,1562313600,42,297,255,339,27,0.029679908050596192,-0.7882765150325819
21,1562328000,227,996,769,1223,27,1.2031778109741686,0.29201561877374
21,1562342400,557,1034,477,1591,27,0.5365214147607773,0.7417299912180008
21,1562356800,765,1148,383,1913,27,0.32191284885646637,1.1352300671067288
21,1562371200,478,472,-6,950,27,-0.5662013228113735,-0.041604010784094696
21,1562385600,157,81,-76,238,27,-0.7260162123145837,-0.9117035574697295
21,1562400000,31,128,97,159,27,-0.33104512825664983,-1.008245501554231
21,1562414400,132,556,424,688,27,0.41551871270834667,-0.36178109116560636
21,1562428800,260,854,594,1114,27,0.803640587216143,0.15881217693563018
21,1562443200,421,764,343,1185,27,0.23059005485463194,0.2455777216191696
21,1562457600,340,352,12,692,27,-0.525106065510548,-0.3568928914651253
21,1562472000,121,108,-13,229,27,-0.5821828117616945,-0.9227020067958119
21,1562486400,30,100,70,130,27,-0.39268801420788807,-1.0436849493827192
21,1562500800,109,390,281,499,27,0.08903972415178857,-0.5927485270133381
21,1562515200,227,790,563,1017,27,0.7328654218647214,0.04027333419896364
21,1562529600,406,591,185,997,27,-0.13013498145261407,0.015832335696558168
21,1562544000,283,279,-4,562,27,-0.5616351831112818,-0.5157593817307609
21,1562558400,82,49,-33,131,27,-0.6278442087626117,-1.0424628994575988
21,1562572800,104,457,353,561,27,0.25342075335509057,-0.5169814316558812
21,1562587200,365,2007,1642,2372,27,3.196297790064205,1.6961509827369343
21,1562601600,660,895,235,1555,27,-0.015981488950321025,0.6977361939136708
21,1562616000,1850,1104,-746,2954,27,-2.2556730118453103,2.4073840391569337
21,1562630400,485,411,-74,896,28,-0.5505697724078632,-0.31362880095496715
21,1562644800,103,44,-59,147,28,-0.526778678963331,-1.0341583761045925
21,1562659200,112,553,441,665,28,0.26625776918774374,-0.5358482026366274
21,1562673600,413,2152,1739,2565,28,2.324980388587934,1.2919304259138242
21,1562688000,717,1059,342,1776,28,0.10923655245383097,0.5329213006894525
21,1562702400,1884,1204,-680,3088,28,-1.5117299475669657,1.7950505431411328
21,1562716800,666,338,-328,1004,28,-0.9534322880686091,-0.20973401575315204
21,1562731200,121,50,-71,171,28,-0.5458115537189567,-1.0110706460597447
21,1562745600,105,560,455,665,28,0.28846278973597383,-0.5358482026366274
21,1562760000,439,2302,1863,2741,28,2.5216534277294005,1.4612404462427082
21,1562774400,747,1156,409,1903,28,0.21550343650607498,0.6550938721767722
21,1562788800,1889,1354,-535,3243,28,-1.281749377603154,1.944158799680775
21,1562803200,735,356,-379,1091,28,-1.0343220057800189,-0.12604099434057872
21,1562817600,113,48,-65,161,28,-0.5362951163411438,-1.0206905335784313
21,1562832000,115,583,468,698,28,0.3090817373879018,-0.5041025738249616
21,1562846400,457,2414,1957,2871,28,2.6707442799818026,1.5862989839856338
21,1562860800,840,1197,357,2037,28,0.13302764589836322,0.7840003649271724
21,1562875200,1894,1119,-775,3013,28,-1.6624068727156698,1.7229013867509835
21,1562889600,615,254,-361,869,28,-1.00577269364658,-0.33960249725542097
21,1562904000,93,55,-38,148,28,-0.4934711481409858,-1.033196387352724
21,1562918400,111,524,413,635,28,0.22184772809128359,-0.5647078651926871
21,1562932800,404,2065,1661,2469,28,2.2012667026763664,1.199579505734433
21,1562947200,902,1202,300,2104,28,0.0426214908091407,0.8484536113023726
21,1562961600,1612,1409,-203,3021,28,-0.7551731760308404,1.7305972967659327
21,1562976000,598,586,-12,1184,28,-0.45223325283712995,-0.03657604041679346
21,1562990400,167,100,-67,267,28,-0.5394672621337482,-0.9187197258803536
21,1563004800,42,198,156,240,28,-0.18577300625836882,-0.9446934221808073
21,1563019200,151,616,465,767,28,0.3043235186989954,-0.43772534994602413
21,1563033600,337,1018,681,1355,28,0.6469152643002596,0.1279240361527472
21,1563048000,508,1011,503,1519,28,0.36459428875847705,0.2856901914592072
21,1563062400,285,1055,770,1340,28,0.7880757520711509,0.1134942048747173
21,1563076800,117,115,-2,232,28,-0.4363725238741084,-0.9523893321957566
21,1563091200,28,115,87,143,28,-0.2952120361032171,-1.0380063311120673
21,1563105600,123,453,330,576,28,0.09020367769820518,-0.6214652015529379
21,1563118453,205,678,473,883,28,0.31701210186941253,-0.32613465472925973
21,1563118533,2,7,5,9,28,-0.4252700135999934,-1.1669128238624675
21,1563118614,4,9,5,13,28,-0.4252700135999934,-1.163064868854993
21,1563118694,3,6,3,9,28,-0.42844215939259767,-1.1669128238624675
21,1563118774,2,9,7,11,28,-0.42209786780738906,-1.1649888463587301
21,1563120000,218,296,78,514,28,-0.30948669216993646,-0.6811085041687948
21,1563134400,393,755,362,1148,28,0.14095801037987396,-0.07120763548406517
21,1563148800,312,352,40,664,28,-0.36975746222941813,-0.536810191388496
21,1563163200,79,53,-26,132,28,-0.47443827338536004,-1.0485882073826225
21,1563177600,115,557,442,672,28,0.26784384208404594,-0.5291142813735468
21,1563192000,394,2265,1871,2659,28,2.5343420108998176,1.382357368589478
21,1563206400,717,1003,286,1720,28,0.020416470260910605,0.4790499305848076
21,1563220800,1927,1470,-457,3397,28,-1.1580356916915864,2.092305067468548
21,1563235200,550,491,-59,1041,29,-0.5294700853120866,-0.260338548678326
21,1563249600,102,59,-43,161,29,-0.5039766694890958,-1.1011007473629604
21,1563264000,94,621,527,715,29,0.4042262692049516,-0.5718027268274065
21,1563278400,441,2369,1928,2810,29,2.6364934922055836,1.4297845529956719
21,1563292800,816,1127,311,1943,29,0.06006515559457573,0.6014427049734242
21,1563307200,1974,1438,-536,3412,29,-1.2894925445349998,2.0049423298231153
21,1563321600,601,421,-180,1022,29,-0.7222640424734545,-0.27849136887719883
21,1563336000,114,57,-57,171,29,-0.5262834083342127,-1.0915466314688167
21,1563350400,122,592,470,714,29,0.3134059753355468,-0.5727581384168209
21,1563364800,439,2280,1841,2719,29,2.497873043668071,1.3428420983589653
21,1563379200,775,1214,439,1989,29,0.26401248217850215,0.6453916380864846
21,1563393600,1986,1406,-580,3392,29,-1.3595994380482246,1.985834098034828
21,1563408000,586,270,-316,856,29,-0.9389580769688762,-0.4370896927199821
21,1563422400,96,64,-32,160,29,-0.4864499461107896,-1.1020561589523747
21,1563436800,93,587,494,680,29,0.351646099070033,-0.6052421324569089
21,1563451200,536,2133,1597,2669,29,2.1090984523674616,1.2950715188882476
21,1563465600,763,1088,325,1851,29,0.08237189443969269,0.5135448387473033
21,1563480000,1897,1345,-552,3242,29,-1.3149859603579905,1.8425223596226743
21,1563494400,652,447,-205,1099,29,-0.7620975046968776,-0.20492467649229332
21,1563508800,107,75,-32,182,29,-0.4864499461107896,-1.0810371039852589
21,1563523200,98,459,361,557,29,0.13973208004142199,-0.722757757954875
21,1563537600,381,1932,1551,2313,29,2.035804881876363,0.9549449930567364
21,1563552000,911,1194,283,2105,29,0.015451677904341828,0.75621938245855
21,1563566400,1717,1584,-133,3301,29,-0.6473771334934191,1.8988916433981213
21,1563580800,522,574,52,1096,29,-0.35260951304008786,-0.20779091126053637
21,1563595200,155,82,-73,237,29,-0.5517768241572035,-1.0284894665674693
21,1563609600,44,151,107,195,29,-0.264975896148557,-1.0686167533228723
21,1563622143,105,178,73,283,29,-0.31914940477241244,-0.9845405334544088
21,1563624000,139,594,455,733,29,0.28950589800149296,-0.554605318217948
21,1563638400,249,710,461,959,29,0.2990659289351145,-0.33868229901030333
21,1563652800,379,806,427,1185,29,0.24489242031125905,-0.12275927980265858
21,1563667200,393,457,64,850,29,-0.3334894511728448,-0.44282216225646825
21,1563681600,148,103,-45,251,29,-0.5071633464669696,-1.0151137043156682
21,1563696000,29,96,67,125,29,-0.328709435706034,-1.1354955645818772
21,1563710400,183,447,264,630,29,-0.01482175338545975,-0.6530127119276269
21,1563724800,192,704,512,896,29,0.38032619187089767,-0.39887322914340784
21,1563739200,421,698,277,1119,29,0.005891646970720277,-0.18581644470400616
21,1563753600,338,316,-22,654,29,-0.4705165612214203,-0.6300828337816823
21,1563768000,81,55,-26,136,29,-0.47688991517716806,-1.1249860370983193
21,1563782400,104,550,446,654,29,0.2751658516010606,-0.6300828337816823
21,1563796800,368,2226,1858,2594,29,2.524959797979999,1.2234156496821706
21,1563811200,688,1031,343,1719,29,0.11105198724055734,0.3874305089446082
21,1563825600,1975,1085,-890,3060,29,-1.8535343696186712,1.6686374503492611
21,1563840000,535,233,-302,768,30,-0.9061846881904217,-0.5993875260039598
21,1563854400,97,54,-43,151,30,-0.5267849781857175,-1.189536314890026
21,1563868800,87,468,381,555,30,0.09431724977565172,-0.8031179831072534
21,1563879305,196,1933,1737,2129,30,2.080672488255879,0.702383141214737
21,1563883200,371,1746,1375,2117,30,1.5503918124964085,0.6909053689835655
21,1563897600,587,1049,462,1636,30,0.2129712131361963,0.23083799871744268
21,1563912000,2622,1260,-1362,3882,30,-2.4589402580938446,2.3790943679850347
21,1563926400,587,332,-255,919,30,-0.837336092166402,-0.45495889209505225
21,1563940800,156,72,-84,228,30,-0.5868443917385857,-1.1158872764066756
21,1563955200,92,613,521,705,30,0.2993981741025189,-0.65964583021761
21,1563969600,450,2340,1890,2790,30,2.3047966412702414,1.3346170949484317
21,1563984000,758,1126,368,1884,30,0.07527402108815691,0.46804529149498625
21,1563998400,2035,1465,-570,3500,30,-1.2987681719018531,2.0137186186260765
21,1564012800,645,437,-208,1082,30,-0.7684874961423823,-0.29905248595497325
21,1564027200,126,71,-55,197,30,-0.5443633431280204,-1.1455381880038686
21,1564041600,93,596,503,689,30,0.2730306266890645,-0.6749495265258386
21,1564056000,384,2406,2022,2790,30,2.498158655635573,1.3346170949484317
21,1564070400,850,1296,446,2146,30,0.18953339321312576,0.7186433185422298
21,1564084800,1858,1445,-413,3303,30,-1.0687845639067235,1.8252918578310118
21,1564099200,723,439,-284,1162,30,-0.8798171407769674,-0.22253400441383014
21,1564113600,146,92,-54,238,30,-0.5428984793828284,-1.1063224662140327
21,1564128000,94,526,432,620,30,0.16902530078043904,-0.7409467168550745
21,1564129126,24,141,117,165,30,-0.2924067789550121,-1.1761455806203258
21,1564142400,365,1867,1502,2232,30,1.7364295081357808,0.8009006861989587
21,1564156800,895,1139,244,2034,30,-0.10636908331563973,0.6115174443846295
21,1564171200,1679,1488,-191,3167,30,-0.7435848124741199,1.6952104392110685
21,1564185600,807,600,-207,1407,30,-0.7670226323971904,0.011803845305920574
21,1564200000,218,141,-77,359,30,-0.5765903455222423,-0.9905882628830539
21,1564214400,66,251,185,317,30,-0.19279604428196231,-1.030760465692154
21,1564228800,157,803,646,960,30,0.48250614225150745,-0.41574317030521646
21,1564243200,369,1188,819,1557,30,0.7359275701697076,0.15527599819556387
21,1564257600,488,1278,790,1766,30,0.6934465215591422,0.3551805312218002
21,1564272000,540,623,83,1163,30,-0.34221214629153696,-0.22157752339456585
21,1564286400,211,102,-109,313,30,-0.6234659853683834,-1.0345863897692111
21,1564300800,33,170,137,203,30,-0.26310950405117395,-1.1397993018882828
21,1564315200,125,529,404,654,30,0.1280091159150656,-0.7084263622000887
21,1564329600,253,864,611,1117,30,0.43123591116979065,-0.2655756502807231
21,1564344000,404,792,388,1196,30,0.10457129599199508,-0.19001364975884433
21,1564358400,354,499,145,853,30,-0.25139059408963865,-0.5180866393664953
21,1564372800,99,62,-37,161,30,-0.517995795714566,-1.179971504697383
21,1564387200,113,541,428,654,30,0.16316584579967142,-0.7084263622000887
21,1564401600,389,2092,1703,2481,30,2.0308671209193543,1.0390644599957666
21,1564416000,711,1016,305,1727,30,-0.017012394858933313,0.31787777147049295
21,1564430400,1925,1463,-462,3388,30,-1.140562887421127,1.9065927444684763
21,1564444800,651,373,-278,1024,31,-0.7887035558719542,-0.5477906922004797
21,1564459200,75,74,-1,149,31,-0.42162842009508833,-1.3529141899755408
21,1564473600,129,598,469,727,31,0.20120664782955755,-0.8210726108738433
21,1564488000,357,2244,1887,2601,31,2.0803132995681697,0.9032718860752592
21,1564502400,724,1129,405,1853,31,0.11639506411215897,0.21500631312012117
21,1564516800,1926,1337,-589,3263,31,-1.200834845498688,1.5124053209633628
21,1564531200,658,464,-194,1122,31,-0.6773883522428684,-0.4576168604496728
21,1564545600,75,70,-5,145,31,-0.4269291440774257,-1.3565947545367982
21,1564560000,106,585,479,691,31,0.2144584577854011,-0.8541976919251602
21,1564574400,456,2345,1889,2801,31,2.0829636615593388,1.0873001141381304
21,1564588800,806,1101,295,1907,31,-0.029374845402119848,0.2646939346970964
21,1564603200,2019,1227,-792,3246,31,-1.4698465876023115,1.4967629215780187
21,1564617600,700,307,-393,1007,31,-0.9410993703641547,-0.5634330915858238
21,1564632000,103,76,-27,179,31,-0.4560831259802815,-1.3253099557661103
21,1564646400,107,538,431,645,31,0.15084976999735214,-0.8965241843796204
21,1564660800,400,2228,1828,2628,31,2.002127620828693,0.9281156968637468
21,1564675200,742,1223,481,1965,31,0.2171088197765698,0.31806212083532903
21,1564689600,1854,1470,-384,3324,31,-0.9291727414038955,1.5685339305225383
21,1564704000,685,377,-308,1062,31,-0.8284589857394847,-0.5128253288685342
21,1564718400,110,71,-39,181,31,-0.4719852979272937,-1.3234696734854816
21,1564732800,116,529,413,645,31,0.1269965120768338,-0.8965241843796204
21,1564747200,394,2034,1640,2428,31,1.7529935936588348,0.7440874688008757
21,1564761600,900,1279,379,2179,31,0.0819403582269658,0.5149723248626011
21,1564776000,1533,1559,26,3092,31,-0.3858485332143108,1.3550611859696078
21,1565395200,7879,6847,-1032,14726,32,-2.311564017521616,3.986688701662344
21,1565409600,178,128,-50,306,32,-0.5753863352868882,-0.4813331266931599
21,1565424000,40,217,177,257,32,-0.17404994642000104,-0.49651572513902814
21,1565438400,145,702,557,847,32,0.4977907045465943,-0.31370484589285985
21,1565452800,330,1104,774,1434,32,0.8814470762827816,-0.13182351349031607
21,1565467200,460,1077,617,1537,32,0.6038708073307936,-0.09990907185920533
21,1565481600,486,607,121,1093,32,-0.2730580423519203,-0.23748200471564387
21,1565496000,181,120,-61,301,32,-0.5948343541306581,-0.48288237143253426
21,1565510400,42,148,106,190,32,-0.29957806804797016,-0.5172756046466439
21,1565524800,139,575,436,714,32,0.2838624972651258,-0.35491475596021643
21,1565539200,361,1157,796,1518,32,0.9203431139703214,-0.10579620186882771
21,1565553600,459,877,418,1336,32,0.252038466429866,-0.16218871038205251
21,1565568000,381,451,70,832,32,-0.3632261297184897,-0.3183525801109828
21,1565582400,100,57,-43,157,32,-0.5630103232953984,-0.5275006199265143
21,1565596800,104,533,429,637,32,0.2714864852736359,-0.3787731249465808
21,1565611200,380,2186,1806,2566,32,2.7060248441710093,0.21892549550402723
21,1565625600,711,977,266,1688,32,-0.01669779395677213,-0.05312188073010124
21,1565640000,1880,1451,-429,3331,32,-1.2454589845404136,0.4559599406282963
21,1565654400,521,494,-27,1015,33,-0.5713303975713296,-0.3624636910153502
21,1565668800,118,64,-54,182,33,-0.6145604416659375,-1.2103044808704708
21,1565683200,106,568,462,674,33,0.21161373436434586,-0.709538972336594
21,1565697600,436,2213,1777,2649,33,2.3170769930461725,1.300647774318704
21,1565712000,730,1086,356,1816,33,0.04189578347440393,0.4528069844635833
21,1565726400,1791,1368,-423,3159,33,-1.2053710442922447,1.8197339721891859
21,1565740800,623,380,-243,1003,33,-0.9171707503281924,-0.37467748390642036
21,1565755200,118,68,-50,186,33,-0.6081559906889585,-1.2062332165734473
21,1565769600,106,604,498,710,33,0.2692537931571563,-0.6728975936633835
21,1565784000,407,2312,1905,2719,33,2.522019424309499,1.3718948995166131
21,1565798400,709,1133,424,1842,33,0.15077145008304593,0.4792702023942353
21,1565812800,1863,1363,-500,3226,33,-1.3286567255990893,1.8879276491643275
21,1565827200,636,404,-232,1040,33,-0.8995585101415002,-0.337018289158954
21,1565841600,110,86,-24,196,33,-0.5665270593385955,-1.196055055830889
21,1565856000,118,536,418,654,33,0.1411647736175775,-0.7298952938217109
21,1565870400,445,2265,1820,2710,33,2.385924841048696,1.3627345548483105
21,1565884800,786,1276,490,2062,33,0.25644489120319847,0.7031897387305217
21,1565899200,1875,1396,-479,3271,33,-1.2950333579699498,1.9337293725058406
21,1565913600,654,534,-120,1188,33,-0.72023388278609,-0.18638151016908866
21,1565928000,138,87,-51,225,33,-0.6097571034332033,-1.1665383896774693
21,1565942400,88,510,422,598,33,0.14756922459455646,-0.7868929939800384
21,1565956800,380,2014,1634,2394,33,2.0881178706191754,1.041104675383463
21,1565971200,964,1164,200,2128,33,-0.20787780462777475,0.7703655996314076
21,1565985600,1481,1501,20,2982,33,-0.4960780985918271,1.639580527045901
21,1566000000,524,681,157,1205,33,-0.27672565263029836,-0.16907863690673924
21,1566014400,183,120,-63,303,33,-0.6289704563641401,-1.0871487358855132
21,1566028800,52,188,136,240,33,-0.3103490202594378,-1.1512711485636316
21,1566043200,199,694,495,893,33,0.26445045492442215,-0.48663725207456354
21,1566057600,370,1102,732,1472,33,0.6439141753104244,0.10267825491957192
21,1566072000,475,1226,751,1701,33,0.6743353174510743,0.33575813592416087
21,1566086400,464,659,195,1123,33,-0.21588336834899843,-0.25253955499571873
21,1566100800,194,146,-48,340,33,-0.6049537652004691,-1.049489541138047
21,1566115200,40,111,71,151,33,-0.4144213486353456,-1.241856779172402
21,1566129600,159,481,322,640,33,-0.012542049829917062,-0.7441447188612929
21,1566144000,289,882,593,1171,33,0.42135950386040616,-0.20368438343143805
21,1566158400,377,873,496,1250,33,0.2660515676686669,-0.12327691356522613
21,1566172800,305,324,19,629,33,-0.49767921133607185,-0.7553406956781071
21,1566187200,83,66,-17,149,33,-0.5553192701288823,-1.2438924113209138
21,1566201600,85,578,493,663,33,0.2612482294359327,-0.7207349491534083
21,1566216000,389,2076,1687,2465,33,2.1729768460641465,1.113369616655628
21,1566230400,674,1064,390,1738,33,0.09633361677872493,0.37341733067162725
21,1566244800,1802,1023,-779,2825,33,-1.7753671812433705,1.4797834033877328
21,1566259200,492,386,-106,878,34,-0.7304669996139265,-0.4357970583661815
21,1566273600,143,108,-35,251,34,-0.6072493771032178,-1.0852649977067717
21,1566288000,128,604,476,732,34,0.2795704130794888,-0.5870288273354417
21,1566302400,436,2212,1776,2648,34,2.5356677266558463,1.3976291818775899
21,1566316800,674,1071,397,1745,34,0.14246911479292557,0.46227104914305567
21,1566331200,1830,1270,-560,3100,34,-1.5183655998936698,1.865826165261875
21,1566345600,581,453,-128,1034,34,-0.7686471079975264,-0.27420694905656096
21,1566360000,132,84,-48,216,34,-0.6298103502389814,-1.1215191888980327
21,1566374400,127,600,473,727,34,0.27436403466354337,-0.5922079975056218
21,1566375465,19,152,133,171,34,-0.31569218581027314,-1.168131720429654
21,1566388800,370,2018,1648,2388,34,2.3135289142421738,1.1283123330282223
21,1566403200,681,1132,451,1813,34,0.23618392627994347,0.5327077634575056
21,1566417600,1984,1321,-663,3305,34,-1.6971179255077966,2.0781721422392607
21,1566432000,578,412,-166,990,34,-0.8345945679328353,-0.3197836465541462
21,1566446400,112,90,-22,202,34,-0.5846884039674541,-1.1360208653745372
21,1566460800,110,593,483,703,34,0.2917186293833615,-0.6170680143224866
21,1566475200,429,2183,1754,2612,34,2.4974876182722463,1.3603391566522929
21,1566489600,722,1115,393,1837,34,0.1355272769049983,0.5575677802743704
21,1566504000,1818,1412,-406,3230,34,-1.2511048412084704,2.000484589686559
21,1566518400,557,357,-200,914,34,-0.893600189980217,-0.3985070331408844
21,1566532800,124,81,-43,205,34,-0.6211330528790723,-1.132913363272429
21,1566547200,105,508,403,613,34,0.15288187162481645,-0.7102930773857291
21,1566561600,357,1860,1503,2217,34,2.061887290804811,0.9511847132080613
21,1566576000,873,1210,337,2083,34,0.03834154647401677,0.8123829526472335
21,1566590400,1355,1499,144,2854,34,-0.2966021316184732,1.6110109928890117
21,1566604800,524,533,9,1057,34,-0.530889160336018,-0.2503827662737323
21,1566619200,160,132,-28,292,34,-0.595101160799345,-1.0427958023112944
21,1566633600,42,150,108,192,34,-0.35907867260981846,-1.1463792057148974
21,1566648000,169,660,491,829,34,0.305602305159216,-0.4865529260339469
21,1566662400,306,1104,798,1410,34,0.8383883630576326,0.11526664774098595
21,1566676800,474,1089,615,1563,34,0.5207992796849609,0.2737492549484984
21,1566691200,444,758,314,1202,34,-0.001574021381564937,-0.10018683133850809
21,1566705600,174,103,-71,277,34,-0.669725918094563,-1.0583333128218348
21,1566720000,31,89,58,120,34,-0.44585164620890916,-1.2209592561654914
21,1566734400,155,465,310,620,34,-0.00851585926949219,-0.703042239147477
21,1566748800,252,972,720,1224,34,0.7030225242430512,-0.07739848258971545
21,1566763200,431,901,470,1332,34,0.2691576562475979,0.03447159308617569
21,1566777600,292,440,148,732,34,-0.2896602937305459,-0.5870288273354417
21,1566792000,69,53,-16,122,34,-0.5742756471355633,-1.2188875880974195
21,1566806400,102,495,393,597,34,0.1355272769049983,-0.7268664219303056
21,1566820800,338,1812,1474,2150,34,2.0115589661173385,0.8817838329276474
21,1566835200,667,870,203,1537,34,-0.1942100227715462,0.24681757006356164
21,1566849600,1785,1336,-449,3121,34,-1.3257295985036885,1.8875786799766316
21,1566864000,459,391,-68,850,35,-0.5214740082421512,-0.44644777376681466
21,1566878400,116,78,-38,194,35,-0.4721305679909414,-1.160432511567098
21,1566892800,112,556,444,668,35,0.32065403871183046,-0.6445350028516493
21,1566907200,432,2202,1770,2634,35,2.5016340978153067,1.4952424278120042
21,1566921600,703,1126,423,1829,35,0.28611363053598354,0.6190873760906201
21,1566936000,1793,1181,-612,2974,35,-1.4162350581307568,1.8652954931353218
21,1566950400,531,441,-90,972,35,-0.5576591977597051,-0.3136640267978596
21,1566964800,138,91,-47,229,35,-0.4869336000663043,-1.122338813666168
21,1566979200,114,584,470,698,35,0.3634183535962124,-0.6118832617937096
21,1566993600,424,2166,1742,2590,35,2.4555802202475108,1.4473532075936926
21,1567008000,807,1094,287,1901,35,0.06242336806383218,0.6974515546296757
21,1567022400,1797,1188,-609,2985,35,-1.4113007141056357,1.8772677981898998
21,1567036800,2258,576,-1682,2834,35,-3.176151093757242,1.7129207015316028
21,1567051200,131,102,-29,233,35,-0.4573275359155784,-1.1179852481917762
21,1567065600,104,601,497,705,35,0.40782744982230124,-0.6042645222135237
21,1567080000,480,2156,1676,2636,35,2.347024651694849,1.4974192105492004
21,1567094400,768,1122,354,1890,35,0.1726237179582009,0.6854792495750978
21,1567108800,1746,1356,-390,3102,35,-1.0510936002718039,2.0046095883158648
21,1567123200,637,498,-139,1135,35,-0.6382534835033479,-0.13625623371638676
21,1567137600,149,94,-55,243,35,-0.5000918507999603,-1.1071013345057963
21,1567152000,99,506,407,605,35,0.25979712906867164,-0.7131036590733228
21,1567166400,384,1803,1419,2187,35,1.924315846876151,1.0087314860487016
21,1567180800,1036,1240,204,2276,35,-0.07409348329784844,1.105598317853923
21,1567195200,1041,1385,344,2426,35,0.15617590454113092,1.2688570231436218
21,1567209600,462,603,141,1065,35,-0.17771470782538917,-0.21244362951824625
21,1567224000,150,129,-21,279,35,-0.44416928518192245,-1.0679192452362685
21,1567238400,56,150,94,206,35,-0.25501943088561796,-1.147371815143922
21,1567252800,213,667,454,880,35,0.3371018521289004,-0.4137960327088749
21,1567267200,298,982,684,1280,35,0.7154015607215094,0.021560514730322188
21,1567281600,387,1067,680,1454,35,0.7088224353546814,0.21094061286637292
21,1567296000,385,621,236,1006,35,-0.02146048036322459,-0.2766587202655278
21,1567310400,189,127,-62,316,35,-0.5116053201919093,-1.0276487645981427
21,1567324800,34,111,77,145,35,-0.2829807136946369,-1.2137636886283996
21,1567339200,217,599,382,816,35,0.21867759552599675,-0.4834530802991464
21,1567353600,365,940,575,1305,35,0.5361203944754469,0.04877029894527201
21,1567368000,565,944,379,1509,35,0.21374325150087578,0.2708021381392625
21,1567382400,554,504,-50,1058,35,-0.4918679440914253,-0.2200623690984322
21,1567396800,153,78,-75,231,35,-0.5329874776341001,-1.1201620309289722
21,1567411200,32,113,81,145,35,-0.27640158832780887,-1.2137636886283996
21,1567425600,182,408,226,590,35,-0.03790829378029455,-0.7294295296022928
21,1567440000,305,555,250,860,35,0.0015664584206733468,-0.43556386008083475
21,1567454400,428,559,131,987,35,-0.1941625212424591,-0.29733815626888965
21,1567468800,347,292,-55,639,36,-0.24776643762247838,-0.745983306010106
21,1567483200,85,50,-35,135,36,-0.2224071336620931,-1.18884093905893
21,1567497600,120,550,430,670,36,0.3671966834168642,-0.7187440468344838
21,1567512000,422,2113,1691,2535,36,1.966100798119155,0.9200049326021374
21,1567526400,722,1141,419,1863,36,0.35324906623865227,0.3295280885370386
21,1567540800,2345,1271,-1074,3616,36,-1.5398229744041074,1.8698642606294766
21,1567555200,727,327,-400,1054,36,-0.6852144309391242,-0.381328707368713
21,1567569600,171,89,-82,260,36,-0.2820014979689985,-1.0790052165765829
21,1567584000,108,619,511,727,36,0.4699018644564245,-0.6686589573825334
21,1567598400,443,2334,1891,2777,36,2.2196938377230078,1.132646891327962
21,1567612800,799,1120,321,1919,36,0.22898847683276455,0.37873449220913014
21,1567627200,2467,1359,-1108,3826,36,-1.5829337911367625,2.05438827439982
21,1567641600,817,371,-446,1188,36,-0.7435408300480103,-0.26358481286763674
21,1567656000,169,100,-69,269,36,-0.26551795039474807,-1.0710970445578538
21,1567670400,126,586,460,712,36,0.40523563935744206,-0.6818392440804152
21,1567684800,400,2305,1905,2705,36,2.2374453504952774,1.0693815151781298
21,1567699200,807,895,88,1702,36,-0.06644741430572375,0.18805967797977527
21,1567713600,2599,1465,-1134,4064,36,-1.6159008862852633,2.2635154900062093
21,1567728000,1007,422,-585,1429,36,-0.9197879925726878,-0.051821539921671184
21,1567742400,217,80,-137,297,36,-0.351739583860058,-1.046493842721808
21,1567756800,114,586,472,700,36,0.4204512217336732,-0.6923834734387205
21,1567771200,408,2114,1706,2522,36,1.985120276089444,0.9085820174639734
21,1567785600,1050,1061,11,2111,36,-0.164080734553207,0.5474421619420156
21,1567800000,2479,1145,-1334,3624,36,-1.869493925889116,1.8768937468683469
21,1567814400,793,424,-369,1217,36,-0.645907509800527,-0.23810292525173216
21,1567828800,237,97,-140,334,36,-0.3555434794541158,-1.0139824688670334
21,1567843200,50,157,107,207,36,-0.042356075543357755,-1.1255755629090982
21,1567857600,283,917,634,1200,36,0.6258615838127939,-0.2530405835093314
21,1567872000,540,982,442,1522,36,0.38241226579309534,0.02989623760519519
21,1567886400,702,938,236,1640,36,0.12121143500112719,0.133581159628531
21,1567900800,688,566,-122,1254,36,-0.332720105889769,-0.20559155139695737
21,1567915200,244,140,-104,384,36,-0.30989673232542225,-0.9700481798740944
21,1567929600,46,83,37,129,36,-0.13111363940470616,-1.1941130537380829
21,1567944000,159,463,304,622,36,0.20743306846643708,-0.7609209642677052
21,1567958400,422,764,342,1186,36,0.2556157459911691,-0.2653421844273543
21,1567972800,618,681,63,1299,36,-0.09814654425620534,-0.16605069130331235
21,1567987200,504,319,-185,823,36,-0.4126019133649826,-0.5843051225160908
21,1568001600,96,41,-55,137,36,-0.24776643762247838,-1.1870835674992126
21,1568016000,126,610,484,736,36,0.4356668041099044,-0.6607507853638045
21,1568030400,373,2250,1877,2623,36,2.2019423249507377,0.99732928122971
21,1568044800,846,1060,214,1906,36,0.09331620064470339,0.367311577070966
21,1568059200,2623,1309,-1314,3932,36,-1.8441346219287307,2.1475289670648507
21,1568073600,868,362,-506,1230,37,-0.7560209904600742,-0.29875890512945275
21,1568088000,153,46,-107,199,37,-0.27289866899386295,-1.1783385971280633
21,1568102400,151,625,474,776,37,0.4305952377025498,-0.6860810973383463
21,1568116800,413,2311,1898,2724,37,2.154821267195995,0.9758211723156727
21,1568131200,893,1034,141,1927,37,0.027387886704433744,0.2958745044952142
21,1568145600,2691,1366,-1325,4057,37,-1.7476931239959812,2.1130469040655737
21,1568160000,1131,322,-809,1453,37,-1.1229033548817835,-0.10851033935283766
21,1568174400,168,38,-130,206,37,-0.3007478253691082,-1.172366669054358
21,1568188800,120,620,500,740,37,0.4620768927354358,-0.7167938702888312
21,1568203200,415,2304,1889,2719,37,2.1439237712230734,0.9715555094058831
21,1568217600,875,1154,279,2029,37,0.19448282495590527,0.38289402785492155
21,1568232000,2668,1375,-1293,4043,37,-1.708946471647814,2.101103047918163
21,1568246400,954,334,-620,1288,37,-0.8940559394504202,-0.24927721537589367
21,1568260800,173,56,-117,229,37,-0.2850069978526652,-1.1527446196693258
21,1568275200,135,622,487,757,37,0.4463360652189928,-0.7022906163955467
21,1568289600,425,2349,1924,2774,37,2.1863029222288812,1.0184778014135685
21,1568304000,1047,977,-70,2024,37,-0.22809785221629447,0.37862836494513197
21,1568318400,2695,1389,-1306,4084,37,-1.7246872991642568,2.136081483778437
21,1568332800,1038,282,-756,1320,37,-1.0587292119301313,-0.22197697275324038
21,1568347200,179,51,-128,230,37,-0.29832615959734776,-1.151891487087368
21,1568361600,108,552,444,660,37,0.39427025112614295,-0.7850444768454644
21,1568376000,427,2133,1706,2560,37,1.9223413531069915,0.8359074288745746
21,1568390400,1021,1073,52,2094,37,-0.0803762401389066,0.43834764568218604
21,1568404800,2416,1546,-870,3962,37,-1.1967641609204773,2.0319993087795716
21,1568419200,915,539,-376,1454,37,-0.5986127152956444,-0.10765720677087974
21,1568433600,249,140,-109,389,37,-0.2753203347656234,-1.0162434065560595
21,1568448000,45,187,142,232,37,0.028598719590313973,-1.1501852219234523
21,1568462400,199,778,579,977,37,0.5577326907199738,-0.5146014483648054
21,1568476800,526,1129,603,1655,37,0.5867926799810993,0.06382244220266123
21,1568491200,750,1132,382,1882,37,0.3191986122015688,0.25748353830710796
21,1568505600,717,510,-207,1227,37,-0.3939819575818858,-0.3013183028753265
21,1568520000,253,115,-138,368,37,-0.31043448845615007,-1.0341591907771757
21,1568534400,37,99,62,136,37,-0.06826791128010432,-1.232085949791412
21,1568548800,186,713,527,899,37,0.49476938065420195,-0.5811457897575227
21,1568563200,448,902,454,1350,37,0.40637857998494525,-0.19638299529450293
21,1568577600,692,825,133,1517,37,0.017701223617391914,-0.05390985410753108
21,1568592000,531,394,-137,925,37,-0.3092236555702698,-0.5589643426266169
21,1568606400,115,44,-71,159,37,-0.2293086851021747,-1.21246390040638
21,1568620800,129,625,496,754,37,0.45723356119191483,-0.7048500141414205
21,1568635200,376,2183,1807,2559,37,2.0446354745808946,0.8350542962926166
21,1568649600,858,1123,265,1981,37,0.1775311645535821,0.3419436639209416
21,1568664000,2508,1311,-1197,3819,37,-1.592706514603312,1.9100013495595898
21,1568678400,755,311,-444,1066,38,-0.9578270982961915,-0.3381722892867656
21,1568692800,151,66,-85,217,38,-0.4570775754602991,-1.1287411931999294
21,1568707200,127,601,474,728,38,0.32264104087748346,-0.6529099683476012
21,1568721600,454,2290,1836,2744,38,2.2224205676253543,1.224341987234187
21,1568736000,925,1163,238,2088,38,-0.006542489454746725,0.6134901604178908
21,1568750400,2721,1275,-1446,3996,38,-2.3554622567406605,2.3901750469506546
21,1568764800,1045,384,-661,1429,38,-1.2605085647457421,-0.00015519609421152793
21,1568779200,201,106,-95,307,38,-0.47102603013539357,-1.0449353023257424
21,1568793600,132,604,472,736,38,0.31985134994246456,-0.6454605558254513
21,1568808000,403,2240,1837,2643,38,2.223815413092864,1.1302931541420438
21,1568822400,975,1167,192,2142,38,-0.07070538096018142,0.663773694942403
21,1568836800,2296,1312,-984,3608,38,-1.7110436507512945,2.0288785396263815
21,1568851200,597,349,-248,946,38,-0.6844373866643394,-0.44991347711901497
21,1568865600,149,106,-43,255,38,-0.39849406582490216,-1.0933564837197172
21,1568880000,136,596,460,732,38,0.30311320433235117,-0.6491852620865262
21,1568894400,424,2261,1837,2685,38,2.223815413092864,1.169402569883331
21,1568908800,859,1120,261,1979,38,0.025538956297970625,0.5119919148035977
21,1568923200,1965,1464,-501,3429,38,-1.0373332899442302,1.8621979344432769
21,1568937600,666,424,-242,1090,38,-0.6760683138592827,-0.3158240517203158
21,1568952000,163,126,-37,289,38,-0.3901249930198455,-1.0616964805005797
21,1568966400,111,570,459,681,38,0.3017183588648417,-0.6966752669152322
21,1568980800,353,2129,1776,2482,38,2.1387298395747876,0.980373727133776
21,1568995200,841,1148,307,1989,38,0.08970184780340533,0.5213036804562852
21,1569009600,1633,1460,-173,3093,38,-0.5798239766011307,1.5493226085129788
21,1569024000,621,508,-113,1129,38,-0.4961332485505637,-0.2795081656748348
21,1569038400,182,110,-72,292,38,-0.4389445843826762,-1.0589029508047736
21,1569052800,56,143,87,199,38,-0.21716415504867367,-1.1455023713747667
21,1569067200,141,745,604,886,38,0.503970951653712,-0.5057840710351396
21,1569081600,360,990,630,1350,38,0.5402369338089577,-0.07371814475044232
21,1569096000,465,1039,574,1504,38,0.4621255876284285,0.06968304630094428
21,1569110400,443,420,-23,863,38,-0.3705971564747132,-0.5272011320363207
21,1569124800,149,101,-48,250,38,-0.4054682931624494,-1.0980123665460608
21,1569139200,31,108,77,139,38,-0.23111260972376818,-1.2013729652908915
21,1569153600,116,552,436,668,38,0.26963691311212434,-0.7087805622637258
21,1569168000,261,801,540,1062,38,0.4147008417331072,-0.34189699554784064
21,1569182400,383,783,400,1166,38,0.21942247628178418,-0.24505463275989123
21,1569196800,349,309,-40,658,38,-0.3943095294223738,-0.7180923279164133
21,1569211200,72,44,-28,116,38,-0.3775713838122604,-1.2227900262920726
21,1569225600,107,604,497,711,38,0.35472248663020084,-0.6687399699571698
21,1569240000,410,2195,1785,2605,38,2.1512834487823724,1.0949084446618316
21,1569254400,806,1041,235,1847,38,-0.010727025857275075,0.3890766081881235
21,1569268800,1882,1344,-538,3226,38,-1.0889425722420798,1.6731690916937216
21,1569283200,648,310,-338,958,39,-0.9153720471465594,-0.452615138628473
21,1569297600,107,73,-34,180,39,-0.4806188463145365,-1.2185611881299483
21,1569312000,144,643,499,787,39,0.2816293643547667,-0.6209657484803397
21,1569326400,425,2338,1913,2763,39,2.303803791908978,1.324419076474564
21,1569340800,822,1131,309,1953,39,0.009908613834752424,0.5269688192815114
21,1569355200,1993,1351,-642,3344,39,-1.3501252479785821,1.896417347374766
21,1569369600,715,309,-406,1024,39,-1.0126194736484593,-0.38763771026459465
21,1569384000,116,66,-50,182,39,-0.5035005937267483,-1.2165921751492246
21,1569398400,131,605,474,736,39,0.24587663402318588,-0.6711755794887911
21,1569412800,433,2474,2041,2907,39,2.4868577712066724,1.4661880110866623
21,1569427200,844,1321,477,2165,39,0.2501669616629756,0.7356841952382116
21,1569441600,1967,1435,-532,3402,39,-1.1928132345196265,1.95351872381575
21,1569456000,709,336,-373,1045,39,-0.9654258696107725,-0.36696307396699696
21,1569470400,126,83,-43,209,39,-0.4934898292339056,-1.1900104999094563
21,1569484800,123,656,533,779,39,0.33025307760571665,-0.628841800403234
21,1569499200,438,2460,2022,2898,39,2.4596856961546707,1.4573274526734061
21,1569513600,859,1182,323,2041,39,0.029930142820437686,0.6136053904333493
21,1569528000,1980,1333,-647,3313,39,-1.3572757940448983,1.8658976461735504
21,1569542400,744,326,-418,1070,39,-1.029780784207618,-0.34235041170795216
21,1569556800,175,81,-94,256,39,-0.5664253991103305,-1.143738694862452
21,1569571200,111,568,457,679,39,0.2215647773977109,-0.7272924494394134
21,1569585600,381,2249,1868,2630,39,2.239448877312133,1.1934797132564454
21,1569600000,881,1154,273,2035,39,-0.04157531784272397,0.6076983514911785
21,1569614400,1662,1531,-131,3193,39,-0.6193394400010701,1.7477568673301351
21,1569628800,627,505,-122,1132,39,-0.606468457081701,-0.28131100930552094
21,1569643200,199,105,-94,304,39,-0.5664253991103305,-1.0964823833250859
21,1569657600,62,221,159,283,39,-0.20460776815473253,-1.1171570196226834
21,1569672000,145,825,680,970,39,0.5404791319554119,-0.4408010607441315
21,1569686400,361,1184,823,1545,39,0.7449847494520542,0.1252901712138997
21,1569700800,513,1149,636,1662,39,0.4775543265718296,0.24047743058622953
21,1569715200,486,572,86,1058,39,-0.30900574072294856,-0.3541644895922937
21,1569729600,206,106,-100,312,39,-0.5750060543899099,-1.0886063314021914
21,1569744000,66,150,84,216,39,-0.311865959149475,-1.1831189544769236
21,1569758400,127,637,510,764,39,0.29736056570066227,-0.6436093977586609
21,1569772800,263,976,713,1239,39,0.5876727359930985,-0.17596881483680907
21,1569787200,459,883,424,1342,39,0.17437117336002422,-0.07456464632954435
21,1569801600,371,358,-13,729,39,-0.4505865528360086,-0.6780671249213237
21,1569816000,102,63,-39,165,39,-0.48776939238085265,-1.2333287854853752
21,1569830400,109,569,460,678,39,0.22585510503750061,-0.7282769559297751
21,1569844800,337,1920,1583,2257,39,1.8318677515321116,0.8262587923514966
21,1569859200,730,827,97,1557,39,-0.293274539377053,0.13710424909824123
21,1569873600,1732,1051,-681,2783,39,-1.4058995072958482,1.3441092062817999
21,1569888000,521,281,-240,802,40,-0.7621541257268462,-0.5703790886438886
21,1569902400,105,36,-69,141,40,-0.5096497004583617,-1.2154362932606249
21,1569916800,125,578,453,703,40,0.26115328194017035,-0.6669912872173485
21,1569931200,382,2150,1768,2532,40,2.202927078595476,1.1178946844074784
21,1569945600,669,1078,409,1747,40,0.19618138304067725,0.3518282613754997
21,1569960000,1754,1220,-534,2974,40,-1.1962845411007321,1.5492339952101977
21,1569974400,645,315,-330,960,40,-0.8950511916576276,-0.41618992324382165
21,1569988800,111,51,-60,162,40,-0.4963599938652835,-1.1949427965935273
21,1570003200,125,609,484,734,40,0.3069289379829951,-0.6367389826135378
21,1570017600,442,2368,1926,2810,40,2.4362352610072926,1.3891895450481027
21,1570032000,827,1126,299,1953,40,0.03375163579194444,0.5528597048717896
21,1570046400,2146,1368,-778,3514,40,-1.5565832531797394,2.0762096237927055
21,1570060800,623,278,-345,901,40,-0.9172007026460911,-0.47376689007042894
21,1570075200,117,48,-69,165,40,-0.5096497004583617,-1.1920151542125135
21,1570089600,132,501,369,633,40,0.1371160204047744,-0.7353029427743402
21,1570104000,469,2271,1802,2740,40,2.2531326368359936,1.320877889491111
21,1570118400,828,963,135,1791,40,-0.20841635101525718,0.39476701629703737
21,1570132800,1927,1267,-660,3194,40,-1.382340433403826,1.763927769817886
21,1570147200,636,282,-354,918,40,-0.9304904092391693,-0.4571769165780167
21,1570161600,121,43,-78,164,40,-0.5229394070514398,-1.1929910350061848
21,1570176000,123,519,396,642,40,0.17698514018400882,-0.7265200156312983
21,1570190400,445,2199,1754,2644,40,2.1822542016729103,1.227193333298665
21,1570204800,883,1089,206,1972,40,-0.10357533233652966,0.5714014399515446
21,1570219200,1795,1473,-322,3268,40,-0.883238119130447,1.8361429485495628
21,1570233600,580,480,-100,1060,40,-0.5554253565011864,-0.3186018438766906
21,1570248000,196,113,-83,309,40,-0.5303225773809277,-1.0514883199238447
21,1570262400,38,190,152,228,40,-0.18331357189499847,-1.1305346642112208
21,1570276800,159,875,716,1034,40,0.6495080412712315,-0.34397474451214466
21,1570291200,457,1246,789,1703,40,0.7573023280817542,0.308889506453962
21,1570305600,579,1199,620,1778,40,0.5077511709450647,0.38208056597931034
21,1570320000,493,588,95,1081,40,-0.26748171365116,-0.29810834720959306
21,1570334400,176,96,-80,272,40,-0.5258926751832349,-1.0875959092896832
21,1570348800,43,112,69,155,40,-0.3058741993644969,-1.2017739621492265
21,1570363200,130,660,530,790,40,0.37485410501428335,-0.5820896581679444
21,1570377600,309,1127,818,1436,40,0.8001247159927839,0.048329334543722145
21,1570392000,472,822,350,1294,40,0.10905997315272056,-0.09024573815760394
21,1570406400,368,311,-57,679,40,-0.49193009166759083,-0.6904124262654598
21,1570420800,95,54,-41,149,40,-0.46830394661322966,-1.2076292469112544
21,1570435200,125,565,440,690,40,0.24195703908350194,-0.6796777375350754
21,1570449600,437,2170,1733,2607,40,2.1512448862890614,1.1910857439328266
21,1570464000,770,965,195,1735,40,-0.11981830706140294,0.34011769185144397
21,1570478400,1939,1229,-710,3168,40,-1.4561721366987046,1.7385548691824317
21,1570492800,519,334,-185,853,41,-0.6442831232996203,-0.492649291156868
21,1570507200,120,77,-43,197,41,-0.42677465803533093,-1.1512360582579853
21,1570521600,145,616,471,761,41,0.3605447162311812,-0.5850120694698295
21,1570536000,445,2335,1890,2780,41,2.5340976191186924,1.4419493372026637
21,1570550400,858,983,125,1841,41,-0.16944069913110132,0.49924663246493656
21,1570564800,2216,1255,-961,3471,41,-1.8329209334763004,2.1356741177924077
21,1570579200,634,356,-278,990,41,-0.786735850550176,-0.35510906692995786
21,1570593600,158,57,-101,215,41,-0.5156161438475054,-1.1331650798924058
21,1570608000,114,525,411,639,41,0.268639730908242,-0.7074931450587568
21,1570622400,457,2017,1560,2474,41,2.028620199842527,1.1347427049878134
21,1570636800,750,879,129,1629,41,-0.16331370010957205,0.2864106650481121
21,1570651200,1827,1139,-688,2966,41,-1.4147532502569269,1.6286827803136512
21,1570665600,581,338,-243,919,41,-0.7331246091117948,-0.4263890371497434
21,1570680000,163,78,-85,241,41,-0.4911081477613884,-1.1070625555865687
21,1570694400,133,579,446,712,41,0.3222509723466232,-0.6342052883539069
21,1570708800,403,2302,1899,2705,41,2.5478833669171332,1.3666535940127493
21,1570723200,849,1063,214,1912,41,-0.03311497090207491,0.5705266026847221
21,1570737600,2278,1400,-878,3678,41,-1.7057857037795678,2.343490368996571
21,1570752000,699,468,-231,1167,41,-0.714743612047207,-0.17741111300176007
21,1570766400,199,82,-117,281,41,-0.5401241399336226,-1.0669048258852811
21,1570780800,150,552,402,702,41,0.2548539831098011,-0.6442447207792288
21,1570795200,407,2063,1656,2470,41,2.1756681763592294,1.1307269320176845
21,1570809600,942,1125,183,2067,41,-0.0805992133189268,0.7261378052772116
21,1570824000,1987,1399,-588,3386,41,-1.261578274718695,2.0503389421771714
21,1570838400,660,471,-189,1131,41,-0.6504101223211496,-0.21355306973291893
21,1570852800,169,106,-63,275,41,-0.4574096531429773,-1.0729284853404744
21,1570867200,33,155,122,188,41,-0.17403594839724829,-1.160271547440775
21,1570881600,132,735,603,867,41,0.5627356839416474,-0.4785940857614173
21,1570896000,352,997,645,1349,41,0.6270691736677048,0.005306557139098658
21,1570910400,513,1008,495,1521,41,0.39730671036035686,0.17798479485463548
21,1570924800,486,564,78,1050,41,-0.24143293763407034,-0.2948724723780264
21,1570939200,175,91,-84,266,41,-0.48957639800600605,-1.081963974523264
21,1570953600,41,96,55,137,41,-0.2766631820078637,-1.2114726528099167
21,1570968000,154,529,375,683,41,0.21349673971447852,-0.6633196423873404
21,1570982400,264,989,725,1253,41,0.7496091540982903,-0.09107199414399166
21,1570996800,481,881,400,1362,41,0.2517904835990365,0.018357819292017137
21,1571011200,380,359,-21,739,41,-0.3930761634169199,-0.6070988208055378
21,1571025600,93,49,-44,142,41,-0.4283064077907133,-1.2064529365972556
21,1571040000,80,407,327,487,41,0.1399727514561272,-0.8600925179236498
21,1571054400,332,1744,1412,2076,41,1.8019212360459436,0.7351732944600013
21,1571068800,555,921,366,1476,41,0.19971099191603764,0.13280734894068688
21,1571083200,1336,1042,-294,2378,41,-0.8112438466362931,1.038364153704723
21,1571097600,508,301,-207,809,42,-0.7060290717383382,-0.4747213680667438
21,1571112000,98,63,-35,161,42,-0.4412221499277797,-1.1008217414720578
21,1571126400,134,611,477,745,42,0.34704031499667354,-0.536558441983318
21,1571140800,474,2271,1797,2745,42,2.3792794823800296,1.395850117909626
21,1571147898,179,466,287,645,42,0.054521040903614745,-0.6331788699779652
21,1571155200,768,658,-110,1426,42,-0.5566902844381976,0.12142667266022945
21,1571156624,89,90,1,179,42,-0.38579744536277905,-1.0834300644330213
21,1571156693,6,12,6,18,42,-0.3780995697287512,-1.2389889535044032
21,1571156755,5,9,4,14,42,-0.38117871998236236,-1.2428537706241891
21,1571169600,1869,1253,-616,3122,42,-1.3357152986018175,1.7601091314494461
21,1571184000,805,552,-253,1357,42,-0.7768495275713945,0.05475857734392288
21,1571198400,158,80,-78,238,42,-0.5074238803804193,-1.0264240119161794
21,1571212800,115,625,510,740,42,0.39784629418125744,-0.5413894633830504
21,1571227200,450,2293,1843,2743,42,2.450099938213086,1.3939177093497332
21,1571241600,882,1147,265,2029,42,0.020650388113892144,0.7040478534679522
21,1571256000,2059,1186,-873,3245,42,-1.7313861061908495,1.8789522578828621
21,1571270400,728,229,-499,957,42,-1.1555850087655655,-0.33172313463466596
21,1571284800,125,67,-58,192,42,-0.47663237784430784,-1.0708694087937172
21,1571299200,146,541,395,687,42,0.2207951545986166,-0.5925982902202134
21,1571313600,444,2267,1823,2711,42,2.4193084356769745,1.362999172391446
21,1571328000,780,1160,380,1940,42,0.197701527696533,0.6180556725527161
21,1571342400,2046,1485,-561,3531,42,-1.2510386666275108,2.155286681947553
21,1571356800,777,513,-264,1290,42,-0.7937848539662559,-0.009977109412490755
21,1571371200,142,105,-37,247,42,-0.4443013001813908,-1.0177281733966612
21,1571385600,131,526,395,657,42,0.2207951545986166,-0.6215844186186076
21,1571400000,407,2107,1700,2514,42,2.2299406950798892,1.172656929241991
21,1571414400,845,1013,168,1858,42,-0.12868839918624841,0.5388269215971054
21,1571428800,1760,1554,-206,3314,42,-0.7044894966115326,1.9456203531991687
21,1571443200,618,458,-160,1076,42,-0.6336690407784763,-0.21674482532103578
21,1571457600,203,122,-81,325,42,-0.512042605760836,-0.9423642395608364
21,1571472000,59,197,138,256,42,-0.17487565299041558,-1.0090323348771428
21,1571486400,170,897,727,1067,42,0.7319340966980667,-0.22544066384055403
21,1571500800,395,1224,829,1619,42,0.8889707596322352,0.30790409868989854
21,1571515200,599,1202,603,1801,42,0.5410267809741757,0.48375327764015646
21,1571529600,518,604,86,1122,42,-0.25493355958430536,-0.17229942844349808
21,1571544000,175,131,-44,306,42,-0.4550783260690298,-0.9607221208798193
21,1571558400,45,159,114,204,42,-0.21182545603374933,-1.0592749574343594
21,1571572800,147,620,473,767,42,0.34088201448945127,-0.5153019478244957
21,1571587200,272,932,660,1204,42,0.6287825632020934,-0.09307067748788736
21,1571601600,442,662,220,1104,42,-0.048630492592358625,-0.18969110548253457
21,1571616000,304,221,-83,525,42,-0.5151217560144472,-0.749123383571542
21,1571630400,74,54,-20,128,42,-0.4181285230256961,-1.1327064827102913
21,1571644800,117,545,428,662,42,0.2716011337832005,-0.6167533972188752
21,1571659200,383,2198,1815,2581,42,2.40699183466253,1.2373926159984048
21,1571673600,758,1058,300,1816,42,0.07453551755208719,0.49824634183935357
21,1571688000,1912,1226,-686,3138,42,-1.4434855574782075,1.7755683999285896
21,1571702400,564,361,-203,925,43,-0.7413724656884109,-0.47612376820899094
21,1571716800,156,81,-75,237,43,-0.5510233472880277,-1.166292103683281
21,1571731200,136,568,432,704,43,0.20293761387598988,-0.6978202829470986
21,1571736268,113,930,817,1043,43,0.7754720715646424,-0.35775187346194703
21,1571745600,350,2274,1924,2624,43,2.4216945252304556,1.228230885818362
21,1571760000,804,991,187,1795,43,-0.16140249556224348,0.3966181676378584
21,1571774400,1963,1188,-775,3151,43,-1.5919950885401233,1.756891805578465
21,1571788800,628,300,-328,928,43,-0.9272602766262851,-0.4731143132577949
21,1571803200,123,77,-46,200,43,-0.5078973751504409,-1.2034087147480321
21,1571817600,136,583,447,719,43,0.2252441511885348,-0.6827730081911185
21,1571832000,453,2327,1874,2780,43,2.347339400855306,1.3847225432805557
21,1571846400,819,1188,369,2007,43,0.10925015716330132,0.609286317522378
21,1571860800,2002,1246,-756,3248,43,-1.5637401412775664,1.8541975156671366
21,1571875200,778,485,-293,1263,43,-0.8752116895636802,-0.137058510374238
21,1571889600,156,86,-70,242,43,-0.5435878348505128,-1.1612763454312875
21,1571904000,127,574,447,701,43,0.2252441511885348,-0.7008297378982947
21,1571918400,473,2307,1834,2780,43,2.2878553013551866,1.3847225432805557
21,1571932800,652,1095,443,1747,43,0.21929574123852283,0.34846688841872187
21,1571947200,1852,1434,-418,3286,43,-1.0610995005015544,1.8923172783822864
21,1571961600,774,450,-324,1224,43,-0.9213118666762731,-0.1761814247397864
21,1571976000,151,85,-66,236,43,-0.5376394249005008,-1.1672952553336797
21,1571990400,132,530,398,662,43,0.15237612930088812,-0.7399526522638431
21,1572004800,383,2145,1762,2528,43,2.180783922254971,1.1319283273800889
21,1572019200,858,1144,286,2002,43,-0.014179349299447135,0.6042705592703846
21,1572033600,1777,1440,-337,3217,43,-0.940644199013812,1.8230998145047776
21,1572048000,642,516,-126,1158,43,-0.6268655741506803,-0.2423894336660991
21,1572062400,228,190,-38,418,43,-0.496000555250417,-0.9847216549611204
21,1572076800,59,261,202,320,43,-0.13909595824969856,-1.0830305167001908
21,1572091200,166,834,668,1000,43,0.5538938009266963,-0.40088739442909016
21,1572105600,358,1259,901,1617,43,0.9003886805148937,0.21805717386689383
21,1572120000,574,1240,666,1814,43,0.5509195959516904,0.41567804899543326
21,1572134400,530,617,87,1147,43,-0.3101127443125428,-0.2534241018204846
21,1572148800,217,165,-52,382,43,-0.5168199900754589,-1.0208351143754728
21,1572163200,49,157,108,206,43,-0.2788835920749799,-1.19738980484564
21,1572177600,156,439,283,595,43,-0.018640656761956115,-0.8071638128405545
21,1572192000,227,690,463,917,43,0.2490377909885827,-0.4841489814121804
21,1572206400,499,723,224,1222,43,-0.10637970352463272,-0.17818772804058378
21,1572220800,337,286,-51,623,43,-0.5153328875879559,-0.7790755666293916
21,1572235200,86,59,-27,145,43,-0.479642427887884,-1.2585820555199594
21,1572249600,125,545,420,670,43,0.18509238402595396,-0.7319274390606537
21,1572264000,465,2232,1767,2697,43,2.1882194346924857,1.3014609562974655
21,1572278400,786,1053,267,1839,43,-0.04243429656200401,0.4407568402554002
21,1572292800,1874,1291,-583,3165,43,-1.3064714109395483,1.7709359286840465
21,1572307200,648,283,-365,931,44,-0.9073793032137817,-0.39835748379047503
21,1572321600,96,56,-40,152,44,-0.42130809183642043,-1.1519028098876933
21,1572336000,109,563,454,672,44,0.3175201494571685,-0.6488943765493704
21,1572350400,470,2311,1841,2781,44,2.3919225192430145,1.391191750201635
21,1572364800,777,1135,358,1912,44,0.17394219163493257,0.5505872721804763
21,1572379200,1951,1199,-752,3150,44,-1.4861779456846702,1.748134273089791
21,1572393600,622,209,-413,831,44,-0.9791682821248996,-0.49508987481707556
21,1572408000,97,47,-50,144,44,-0.43626412910957,-1.1596414011698213
21,1572422400,103,557,454,660,44,0.3175201494571685,-0.6605022634725625
21,1572436800,434,2264,1830,2698,44,2.3754708782425498,1.3109038656495566
21,1572451200,812,1111,299,1923,44,0.08570157172335009,0.5612278351934024
21,1572465600,1985,1306,-679,3291,44,-1.3769988735906782,1.8845269444372978
21,1572480000,786,277,-509,1063,44,-1.1227462399471355,-0.2706707276353623
21,1572494400,145,57,-88,202,44,-0.4930970707475384,-1.103536614374393
21,1572508800,98,485,387,583,44,0.21731469972706635,-0.7349862045630449
21,1572523200,472,2101,1629,2573,44,2.074854529052243,1.189988376866306
21,1572537600,814,988,174,1802,44,-0.10124889419101957,0.4441816420512157
21,1572552000,1851,1156,-695,3007,44,-1.4009285332277175,1.6098069539217523
21,1572566400,550,480,-70,1030,44,-0.46617620365586915,-0.3025924166741405
21,1572580800,134,104,-30,238,44,-0.4063520545632709,-1.0687129536048168
21,1572595200,89,494,405,583,44,0.24423556681873557,-0.7349862045630449
21,1572609600,433,2053,1620,2486,44,2.0613940955064085,1.1058311966731633
21,1572624000,871,1225,354,2096,44,0.16795977672567275,0.7285748716694213
21,1572638400,1889,1593,-296,3482,44,-0.8041826460290497,2.069285811298105
21,1572652800,587,419,-168,1006,44,-0.612745368932735,-0.3258081905205246
21,1572667200,130,88,-42,218,44,-0.42429929929105037,-1.0880594318101369
21,1572681600,45,145,100,190,44,-0.21192357001232642,-1.1151445012975851
21,1572696000,148,644,496,792,44,0.3803355060043967,-0.5328155073174498
21,1572710400,382,1074,692,1456,44,0.6734738365581283,0.10948756909917783
21,1572724800,529,1007,478,1536,44,0.35341463891272745,0.18687348192045827
21,1572739200,492,414,-78,906,44,-0.4781410334743888,-0.42254058154712515
21,1572750000,129,80,-49,209,44,-0.4347685253822551,-1.096765347002531
21,1572764400,36,172,136,208,44,-0.15808183582898797,-1.097732670912797
21,1572778800,104,448,344,552,44,0.15300373945252319,-0.7649732457812911
21,1572793200,253,1040,787,1293,44,0.8155561906530492,-0.04818622827418106
21,1572807600,427,836,409,1263,44,0.2502179817279954,-0.07720594558216122
21,1572822000,321,245,-76,566,44,-0.4751498260197589,-0.751430711037567
21,1572836400,87,50,-37,137,44,-0.4168212806544756,-1.1664126685416834
21,1572850800,56,237,181,293,44,-0.09077966809981487,-1.0155101385401866
21,1572865200,332,2321,1989,2653,44,2.6132718708856277,1.2673742896875864
21,1572879600,680,1004,324,1684,44,0.12309166490622403,0.33003742063982705
21,1572894000,1868,1437,-431,3305,44,-1.006089149216569,1.8980694791810218
21,1572908400,832,352,-480,1184,44,-1.0793737318550019,-0.15362453449317565
21,1572922800,157,57,-100,214,45,-0.5642099135856471,-1.132299368558933
21,1572937200,51,224,173,275,45,-0.18422572156373637,-1.0756589760672215
21,1572951600,329,2411,2082,2740,45,2.472879855615119,1.2131699992125944
21,1572966000,666,1207,541,1873,45,0.3279874017478502,0.4081336010107281
21,1572980400,1893,1526,-367,3419,45,-0.9358428046839994,1.843642564817055
21,1572994800,1074,472,-602,1546,45,-1.2629354241900397,0.10450395601417646
21,1573009200,160,70,-90,230,45,-0.5502910787130496,-1.1174428721676644
21,1573023600,60,230,170,290,45,-0.1884013720255156,-1.0617310107004072
21,1573038000,373,2507,2134,2880,45,2.5452577969526256,1.3431643426361946
21,1573052400,702,1116,414,1818,45,0.15121819886586246,0.35706439466574236
21,1573066800,1881,1562,-319,3443,45,-0.8690323972955315,1.865927309403958
21,1573081200,996,503,-493,1499,45,-1.1112201240787274,0.060862997864825005
21,1573095600,174,85,-89,259,45,-0.5488991952257899,-1.0905154724584902
21,1573110000,51,234,183,285,45,-0.17030688669113891,-1.0663736658226788
21,1573124400,368,2416,2048,2784,45,2.4255558170482874,1.254025364288583
21,1573138800,714,1125,411,1839,45,0.1470425484040832,0.3765635461792824
21,1573153200,1977,1563,-414,3540,45,-1.0012613285852074,1.9559948187760239
21,1573167600,934,389,-545,1323,45,-1.1835980654162341,-0.1025584624391294
21,1573182000,151,106,-45,257,45,-0.48765632178636104,-1.0923725345073987
21,1573196400,59,229,170,288,45,-0.1884013720255156,-1.0635880727493159
21,1573210800,367,2167,1800,2534,45,2.0803687122078705,1.0218926081750115
21,1573225200,764,1087,323,1851,45,0.024556801525225554,0.38770591847273383
21,1573239600,1801,1413,-388,3214,45,-0.965072357916454,1.6532937048039262
21,1573254000,762,541,-221,1303,45,-0.7326278155440764,-0.12112908292821513
21,1573268400,266,141,-125,407,45,-0.5990070007671408,-0.9530928808392558
21,1573282800,42,91,49,133,45,-0.35681927398394486,-1.2075103815397303
21,1573297200,118,613,495,731,45,0.2639607613339019,-0.652248828916067
21,1573311600,351,1293,942,1644,45,0.8861326801390084,0.19549999641069654
21,1573326000,599,1565,966,2164,45,0.9195378838332422,0.6783361291269254
21,1573340400,627,852,225,1479,45,-0.11184778022622957,0.04229237737573927
21,1573354800,301,184,-117,485,45,-0.5878719328690627,-0.8806674609318215
21,1573369200,34,75,41,109,45,-0.36795434188202286,-1.229795126126633
21,1573383600,88,386,298,474,45,-0.010240285656268099,-0.8908813022008186
21,1573398000,275,1068,793,1343,45,0.6787420405373062,-0.08398784195004368
21,1573412400,527,1121,594,1648,45,0.40175722657261675,0.19921412050851367
21,1573426800,425,477,52,902,45,-0.35264362352216566,-0.493470023734384
21,1573441200,150,97,-53,247,45,-0.498791389684439,-1.1016578447519416
21,1573455600,43,188,145,231,45,-0.22319845920700926,-1.1165143411432101
21,1573470000,312,2083,1771,2395,45,2.040004091077338,0.8928267957758657
21,1573484400,653,1217,564,1870,45,0.36000072195482435,0.40534800793736525
21,1573498800,1694,1412,-282,3106,45,-0.8175327082669209,1.5530123541628633
21,1573513200,721,412,-309,1133,45,-0.855113562422934,-0.2789793570854438
21,1573527600,244,82,-162,326,46,-0.5966397738494859,-1.0158473531168595
21,1573542000,65,244,179,309,46,-0.09164155618668007,-1.0322116563031383
21,1573556400,433,2224,1791,2657,46,2.2956227454920377,1.2279873955429057
21,1573570800,715,961,246,1676,46,0.007580967518328673,0.28367084108763774
21,1573585200,1850,1383,-467,3233,46,-1.0483243966857196,1.7824484917368244
21,1573599600,883,329,-554,1212,46,-1.1771655841832682,-0.16297837529079684
21,1573614000,237,75,-162,312,46,-0.5966397738494859,-1.029323838093795
21,1573628400,58,208,150,266,46,-0.13458861868586297,-1.0736037173037258
21,1573642800,351,1898,1547,2249,46,1.9342750472230508,0.8352441190722132
21,1573657200,687,1012,325,1699,46,0.12457468949886137,0.3058107806926032
21,1573671600,1886,1367,-519,3253,46,-1.1253329225463236,1.8017006131324467
21,1573686000,970,323,-647,1293,46,-1.314892370818579,-0.08500728363852703
21,1573700400,146,54,-92,200,46,-0.4929744505755961,-1.1371357179092791
21,1573714800,54,217,163,271,46,-0.115336487220712,-1.0687906869548205
21,1573729200,404,2208,1804,2612,46,2.3148748769571887,1.1846701224027558
21,1573743600,685,1025,340,1710,46,0.1467886873432663,0.31639944746019544
21,1573758000,1895,1609,-286,3504,46,-0.7802754893632333,2.043314736647505
21,1573772400,1003,460,-543,1463,46,-1.1608753190973713,0.0786357482242615
21,1573786800,181,103,-78,284,46,-0.47224138592081816,-1.0562768080476659
21,1573801200,52,214,162,266,46,-0.116817420410339,-1.0736037173037258
21,1573815600,350,2102,1752,2452,46,2.237866351096585,1.0306531512377783
21,1573830000,778,1080,302,1858,46,0.09051322613744046,0.4588651457877995
21,1573844400,1772,1650,-122,3422,46,-0.5374024462644059,1.964381038925454
21,1573858800,865,716,-149,1581,46,-0.5773876423843348,0.19222326445843235
21,1573873200,249,162,-87,411,46,-0.4855697846274611,-0.9340258371854652
21,1573887600,48,103,55,151,46,-0.2752772717004276,-1.1843034153285534
21,1573902000,122,612,490,734,46,0.36892866578731576,-0.623104076646167
21,1573916400,380,1341,961,1721,46,1.066448198101631,0.3269881142277876
21,1573930800,626,1560,934,2186,46,1.026463001981702,0.7745999366760032
21,1573945200,537,736,199,1273,46,-0.06202289239414015,-0.1042594050341492
21,1573959600,258,197,-61,455,46,-0.4470655216971592,-0.8916711701150963
21,1573974000,39,65,26,104,46,-0.3182243341996105,-1.2295459006082656
21,1573988400,91,433,342,524,46,0.1497505537225203,-0.8252513513001998
21,1574002800,266,1070,804,1336,46,0.8339416873301925,-0.043615222637939335
21,1574017200,498,994,496,1492,46,0.3778142649250777,0.10655132424791366
21,1574031600,391,347,-44,738,46,-0.42188965747350027,-0.6192536523670426
21,1574046000,119,73,-46,192,46,-0.42485152385275426,-1.144836566467528
21,1574060400,49,208,159,257,46,-0.12126021997922,-1.0822671719317558
21,1574074800,346,2203,1857,2549,46,2.3933643360074197,1.1240259400065458
21,1574089200,624,933,309,1557,46,0.10087975846482944,0.16912071878368576
21,1574103600,1915,1174,-741,3089,46,-1.4541000906435166,1.6438332176883448
21,1574118000,827,311,-516,1138,46,-1.1208901229774424,-0.2342112244545989
21,1574132400,108,67,-41,175,47,-0.46459984393083964,-1.1651802944234029
21,1574146800,51,227,176,278,47,-0.15720507241826814,-1.069673350988277
21,1574161200,372,2384,2012,2756,47,2.4436096764162083,1.228056802722811
21,1574175600,726,1167,441,1893,47,0.21818485592657724,0.4278384319993771
21,1574190000,1897,1477,-420,3374,47,-1.0014782697523354,1.8010984633335665
21,1574204400,943,346,-597,1289,47,-1.2522104105713454,-0.1322217023192254
21,1574218800,151,69,-82,220,47,-0.5226790403917403,-1.123453959912911
21,1574233200,56,221,165,277,47,-0.17278729585899757,-1.0706006028662878
21,1574247600,338,2363,2025,2701,47,2.4620250313916157,1.1770579494322095
21,1574262000,705,1148,443,1853,47,0.22101798746125534,0.3907483568789399
21,1574276400,1879,1575,-304,3454,47,-0.837156640741007,1.8752786135744408
21,1574290800,989,374,-615,1363,47,-1.2777085943834483,-0.06360506334641648
21,1574305200,150,78,-72,228,47,-0.5085133827183499,-1.1160359448888235
21,1574319600,61,203,142,264,47,-0.20536830850779547,-1.08265487728043
21,1574334000,361,2304,1943,2665,47,2.3458666384698144,1.143676881823816
21,1574348400,689,1046,357,1735,47,0.09919333147009796,0.28133263527365
21,1574362800,1885,1446,-439,3331,47,-1.0283930193317772,1.7612266325790964
21,1574377200,975,388,-587,1363,47,-1.238044752897955,-0.06360506334641648
21,1574391600,197,96,-101,293,47,-0.549593789971182,-1.055764572818113
21,1574406000,49,196,147,245,47,-0.1982854796711003,-1.1002726629626376
21,1574420400,355,2127,1772,2482,47,2.1036338922548388,0.9739897881478157
21,1574434800,820,1092,272,1912,47,-0.02121475875372038,0.44545621768158483
21,1574449200,1893,1512,-381,3405,47,-0.946232204826113,1.8298432715519053
21,1574463600,834,690,-144,1524,47,-0.6105061179667607,0.08568248901334345
21,1574478000,308,200,-108,508,47,-0.5595097503425553,-0.8564054190457627
21,1574492400,45,180,135,225,47,-0.21528426887916877,-1.1188177005228563
21,1574506800,114,635,521,749,47,0.3315101173137004,-0.6329377164451283
21,1574521200,411,1261,850,1672,47,0.7975602547682443,0.2229157669589613
21,1574535600,728,1760,1032,2488,47,1.0553752244239494,0.9795532994158812
21,1574550000,549,775,226,1324,47,-0.08637678405131619,-0.09976788658884281
21,1574564400,251,185,-66,436,47,-0.5000139881143156,-0.9231675542625498
21,1574578800,34,103,69,137,47,-0.3087776095235453,-1.2004158657878183
21,1574593200,99,391,292,490,47,0.007116556593060404,-0.8730959528499596
21,1574607600,246,974,728,1220,47,0.6247392311528815,-0.19620208190197966
21,1574622000,524,1066,542,1590,47,0.3612579984278202,0.14688111296206494
21,1574636400,448,383,-65,831,47,-0.4985974223469766,-0.556903062448232
21,1574650800,119,102,-17,221,47,-0.4306022655147027,-1.1225267080349
21,1574665200,56,221,165,277,47,-0.17278729585899757,-1.0706006028662878
21,1574679600,341,2217,1876,2558,47,2.2509567320580985,1.0444609308766464
21,1574694000,690,1038,348,1728,47,0.08644423956404661,0.27484187212757344
21,1574708400,1781,1495,-286,3276,47,-0.8116584569289043,1.710227779288495
21,1574722800,809,508,-301,1317,47,-0.8329069434389899,-0.10625864973491932
21,1574737200,145,89,-56,234,48,-0.643572388283155,-1.0054579982877612
21,1574751600,53,221,168,274,48,-0.21787253389463487,-0.9617480891889532
21,1574766000,381,2167,1786,2548,48,2.857048735751015,1.523160243078287
21,1574780400,723,1183,460,1906,48,0.33705763343325745,0.821616202042417
21,1574794800,1812,1603,-209,3415,48,-0.9343405923967425,2.4705725227949524
21,1574809200,956,496,-460,1452,48,-1.4113524828053072,0.3255087337709452
21,1574823600,226,110,-116,336,48,-0.7575991349943658,-0.8939977300858006
21,1574838000,54,197,143,251,48,-0.2653836783576394,-0.9868812869207678
21,1574852400,303,1652,1349,1955,48,2.026553930537697,0.875160840688457
21,1574866800,955,1333,378,2288,48,0.18122107959460276,1.2390458339360344
21,1574881200,1541,1642,101,3183,48,-0.3452024010554869,2.2170550500218655
21,1574895600,605,678,73,1283,48,-0.3984148828540519,0.140834367828481
21,1574910000,190,108,-82,298,48,-0.6929839785246796,-0.9355221437296684
21,1574924400,41,201,160,242,48,-0.2330761001227963,-0.9967160164679997
21,1574938800,226,1441,1215,1667,48,1.7718941962159929,0.5604494951770387
21,1574953200,594,1092,498,1686,48,0.40927457301702425,0.5812117019989725
21,1574967600,380,580,200,960,48,-0.15705826898198913,-0.21212314814439437
21,1574982000,228,242,14,470,48,-0.5105411837867425,-0.7475695346047935
21,1574996400,90,78,-12,168,48,-0.5599527740282672,-1.0775793483007947
21,1575010800,23,110,87,133,48,-0.37180864195476937,-1.1158255187622517
21,1575025200,151,696,545,847,48,0.4985955246074727,-0.3356036413485272
21,1575039600,507,1371,864,1878,48,1.10483772795541,0.7910192656732514
21,1575054000,850,1452,602,2302,48,0.6069209339831229,1.254344302120617
21,1575068400,533,596,63,1129,48,-0.4174193406392537,-0.02744878220193018
21,1575082800,189,162,-27,351,48,-0.5884594607060698,-0.8776065141737476
21,1575097200,28,139,111,167,48,-0.3261979432702851,-1.0786720960282647
21,1575111600,103,607,504,710,48,0.42067724768814535,-0.485310080011945
21,1575126000,353,1274,921,1627,48,1.2131631373310603,0.5167395860782306
21,1575140400,662,1323,661,1985,48,0.7190472349158135,0.907943272512563
21,1575154800,514,761,247,1275,48,-0.06773731739154072,0.13209238600871936
21,1575169200,239,156,-83,395,48,-0.6948844243031999,-0.8295256141650587
21,1575183600,38,77,39,115,48,-0.463030039323738,-1.1354949778567154
21,1575198000,87,403,316,490,48,0.06339344132635165,-0.7257145800553895
21,1575212400,236,844,608,1080,48,0.618323608654244,-0.0809934208479701
21,1575226800,372,553,181,925,48,-0.19316673877387255,-0.25036931860585143
21,1575241200,216,242,26,458,48,-0.4877358344445003,-0.760682507334436
21,1575255600,97,73,-24,170,48,-0.5827581233705093,-1.0753938528458542
21,1575270000,51,204,153,255,48,-0.24637922057243758,-0.982510296010887
21,1575284400,305,1952,1647,2257,48,2.59288677253671,1.205170654384458
21,1575298800,645,876,231,1521,48,-0.0981444498478636,0.4009083269663891
21,1575313200,1956,968,-988,2924,48,-2.4147878538639618,1.934033388607083
21,1575327600,643,220,-423,863,48,-1.3410359890000607,-0.318119677709004
21,1575342000,93,65,-28,158,49,-0.36253884015008253,-1.1681242437954467
21,1575356400,57,228,171,285,49,-0.08750029735491234,-1.0568743158149279
21,1575370800,364,2195,1831,2559,49,2.2067910646550497,0.9351125836157774
21,1575385200,667,946,279,1613,49,0.06176685149874786,0.10643201771364587
21,1575399600,1842,1495,-347,3337,49,-0.8034297705604307,1.6166278904570655
21,1575414000,956,374,-582,1330,49,-1.1282240296401544,-0.14147136510908484
21,1575428400,154,79,-75,233,49,-0.4274976919660272,-1.1024254674289986
21,1575442800,56,213,157,269,49,-0.10684974257668312,-1.0708900547731035
21,1575457200,383,2239,1856,2622,49,2.241343645408212,0.9902995557635939
21,1575471600,721,1160,439,1881,49,0.2829033683189852,0.34119564526308693
21,1575486000,1904,1727,-177,3631,49,-0.5684722214389285,1.8741670938135417
21,1575500400,1173,527,-646,1700,49,-1.2166786363682494,0.18264259829872562
21,1575514800,200,79,-121,279,49,-0.49107444055184546,-1.0621302179242438
21,1575529200,55,211,156,266,49,-0.1082318458068096,-1.0735180058277614
21,1575543600,380,2284,1904,2664,49,2.3076846004542833,1.0270908705288047
21,1575558000,723,1095,372,1818,49,0.19030245190051082,0.28600867311527056
21,1575572400,1861,1700,-161,3561,49,-0.5463585697569048,1.8128482358715237
21,1575586800,1060,521,-539,1581,49,-1.0687935907447155,0.0784005397972947
21,1575601200,185,82,-103,267,49,-0.4661965824095688,-1.0726420221428754
21,1575615600,62,203,141,265,49,-0.12896339425870684,-1.0743939895126473
21,1575630000,359,2141,1782,2500,49,2.139068006378852,0.883429546207505
21,1575644400,713,1225,512,1938,49,0.3837969041182185,0.3911267153015875
21,1575658800,1793,1743,-50,3536,49,-0.3929451112128652,1.7909486437493742
21,1575673200,921,766,-155,1687,49,-0.5380659503761459,0.17125481039520796
21,1575687600,312,106,-206,418,49,-0.6085532151125965,-0.9403684857250934
21,1575702000,38,96,58,134,49,-0.24367796235920497,-1.18914785223271
21,1575716400,126,502,376,628,49,0.19583086482101675,-0.7564119118990388
21,1575730800,511,1275,764,1786,49,0.7320869181100922,0.25797719519891943
21,1575745200,815,1886,1071,2701,49,1.1563926097589226,1.0595022668695857
21,1575759600,600,818,218,1418,49,-0.022541445538967628,-0.0643848008391191
21,1575774000,266,131,-135,397,49,-0.5104238857736162,-0.9587641431076988
21,1575788400,30,56,26,86,49,-0.2879052657232524,-1.2311950691072369
21,1575802800,73,434,361,507,49,0.1750993163691195,-0.8624059377702417
21,1575817200,320,1288,968,1608,49,1.0140359770558949,0.10205209928921599
21,1575831600,594,1033,439,1627,49,0.2829033683189852,0.1186957893020495
21,1575846000,419,419,0,838,49,-0.323839949706541,-0.5724553380729841
21,1575860400,125,72,-53,197,49,-0.3970914209032446,-1.1339608800848937
21,1575874800,52,185,133,237,49,-0.1400202200997187,-1.0989215326894546
21,1575889200,499,2046,1547,2545,49,1.8142737472991286,0.9228488120273738
21,1575903600,977,1018,41,1995,49,-0.2671737172713552,0.441057785340088
21,1575918000,2709,1249,-1460,3958,49,-2.3417106656912066,2.1606137587712553
21,1575932400,1253,330,-923,1583,49,-1.5995212311132851,0.08015250716706664
21,1575946800,175,60,-115,235,50,-0.4007729337651742,-0.9225053768324225
21,1575961200,70,218,148,288,50,-0.192191241983695,-0.8873860552968333
21,1575975600,481,2349,1868,2830,50,1.1719171605415681,0.7970161209950117
21,1575990000,1038,1063,25,2101,50,-0.2897408544898621,0.31395979270360536
21,1576004400,2398,1595,-803,3993,50,-0.9464162947752793,1.5676533086533184
21,1576018800,1128,368,-760,1496,50,-0.9123135847121479,-0.08693057576868667
21,1576033200,190,66,-124,256,50,-0.40791071029001563,-0.9085901739598307
21,1576047600,52,219,167,271,50,-0.17712260265347407,-0.8986507433365506
21,1576062000,410,7729,7319,8139,50,5.495030475753899,4.3149119329279015
21,1576076400,695,1217,522,1912,50,0.10442302693749593,0.18872296685027776
21,1576090800,1842,1616,-226,3458,50,-0.4888055109048859,1.213146949756333
21,1576105200,1049,459,-590,1508,50,-0.7774889170206973,-0.0789790312700627
21,1576119600,196,76,-120,272,50,-0.4047383651678639,-0.897988114628332
21,1576134000,54,200,146,254,50,-0.19377741454477088,-0.909915431376268
21,1576148400,381,2133,1752,2514,50,1.0799191519991667,0.5876254491979137
21,1576162800,763,1183,420,1946,50,0.023528226322625675,0.21125234292971234
21,1576177200,1863,1782,-81,3645,50,-0.3738080002268841,1.3370585181932233
21,1576191600,1092,650,-442,1742,50,-0.6601121475010817,0.07607608645310479
21,1576206000,219,99,-120,318,50,-0.4047383651678639,-0.8675071940502734
21,1576220400,59,191,132,250,50,-0.2048806224723021,-0.9125659462091426
21,1576234800,363,2067,1704,2430,50,1.0418510105333454,0.531964637707546
21,1576249200,846,1224,378,2070,50,-0.009781397459967957,0.29341830274882674
21,1576263600,1927,1442,-485,3369,50,-0.6942148575642133,1.1541729947248718
21,1576278000,750,640,-110,1390,50,-0.39680750236248447,-0.1571692188398651
21,1576292400,213,117,-96,330,50,-0.38570429443495324,-0.8595556495516494
21,1576306800,31,73,42,104,50,-0.27625838772071704,-1.0093097376090676
21,1576321200,84,497,413,581,50,0.01797662235886007,-0.6932358437887647
21,1576335600,411,1361,950,1772,50,0.44386395500773584,0.09595494769966473
21,1576350000,697,1610,913,2307,50,0.41451976262783197,0.45046130659665023
21,1576364400,600,804,204,1404,50,-0.14777841027357017,-0.1478924169248038
21,1576378800,305,169,-136,474,50,-0.41742774565647095,-0.7641371155681618
21,1576393200,35,59,24,94,50,-0.2905339407704,-1.0159360246912543
21,1576407600,82,442,360,524,50,-0.024056950509650944,-0.7310056801572286
21,1576422000,351,1323,972,1674,50,0.46131185317957063,0.03101733429423561
21,1576436400,648,1378,730,2026,50,0.2693849732893882,0.26426263958720553
21,1576450800,388,432,44,820,50,-0.27467221515964113,-0.5348675825245038
21,1576465200,121,94,-27,215,50,-0.33098134107783517,-0.9357579509967958
21,1576479600,61,196,135,257,50,-0.20250136363068827,-0.9079275452516119
21,1576494000,351,2094,1743,2445,50,1.0727813754743252,0.5419040683308259
21,1576508400,678,1156,478,1834,50,0.06952723059382641,0.13703792760922193
21,1576522800,1903,1422,-481,3325,50,-0.6910425124420615,1.1250173315632506
21,1576537200,974,495,-479,1469,50,-0.6894563398809856,-0.1048215508905906
21,1576551600,147,65,-82,212,51,-0.6076450979562482,-1.2423609000450841
21,1576566000,45,197,152,242,51,-0.22312793726382613,-1.2136989072947992
21,1576580400,439,1989,1550,2428,51,2.0741156125139777,0.8748049644426219
21,1576594800,717,950,233,1667,51,-0.0900258431779877,0.1477457483437301
21,1576609200,1846,1276,-570,3122,51,-1.4095441339301884,1.5378523967325444
21,1576623600,909,504,-405,1413,51,-1.1384102385701471,-0.09492579027534812
21,1576638000,204,68,-136,272,51,-0.6963798273468071,-1.1850369145445145
21,1576652400,59,214,155,273,51,-0.21819823007546174,-1.1840815147861716
21,1576666800,351,2160,1809,2511,51,2.4997136664427697,0.9541031443850766
21,1576681200,701,1472,771,2173,51,0.7940349792686922,0.6311780260652009
21,1576695600,2019,1671,-348,3690,51,-1.0447458019912237,2.08051945947127
21,1576710000,943,527,-416,1470,51,-1.1564858315941497,-0.040468004049806945
21,1576724400,191,109,-82,300,51,-0.6076450979562482,-1.1582857213109152
21,1576738800,54,198,144,252,51,-0.2362738230994645,-1.204144909711371
21,1576753200,349,1912,1563,2261,51,2.0954776769968904,0.7152532047993697
21,1576767600,704,1071,367,1775,51,0.13016774456895489,0.2509289222447555
21,1576782000,1757,1803,46,3560,51,-0.39731092458603445,1.956317490886703
21,1576796400,933,560,-373,1493,51,-1.0858266952275937,-0.01849380960792191
21,1576810800,700,262,-438,962,51,-1.1926370176421552,-0.5258110812879634
21,1576825200,439,342,-97,781,51,-0.6322936338980701,-0.6987384375480152
21,1576839600,314,1876,1562,2190,51,2.0938344412674352,0.647419821957029
21,1576854000,800,1326,526,2126,51,0.3914422255522673,0.586274237423088
21,1576868400,1715,1909,194,3624,51,-0.15411203662672474,2.0174630754206437
21,1576882800,802,705,-97,1507,51,-0.6322936338980701,-0.005118212991122322
21,1576897200,643,171,-472,814,51,-1.2485070324436183,-0.6672102455227019
21,1576911600,674,281,-393,955,51,-1.1186914098166896,-0.5324988795963632
21,1576926000,111,455,344,566,51,0.09237332279149459,-0.9041493855917232
21,1576940400,420,1344,924,1764,51,1.045450045875276,0.24041952490298438
21,1576954800,761,1567,806,2328,51,0.8515482297996101,0.7792649886083391
21,1576969200,499,775,276,1274,51,-0.019366706811431503,-0.22772635668500116
21,1576983600,241,146,-95,387,51,-0.6290071624391605,-1.0751659423350892
21,1576998000,33,64,31,97,51,-0.4219594605278564,-1.3522318722545092
21,1577012400,85,386,301,471,51,0.02171418642493838,-0.9949123626342917
21,1577026800,331,1319,988,1650,51,1.150617132560383,0.13150395245190202
21,1577041200,698,1417,719,2115,51,0.7085867213370428,0.5757648400813169
21,1577055600,456,596,140,1052,51,-0.24284676601728367,-0.4398251030371089
21,1577070000,149,98,-51,247,51,-0.5567047903431496,-1.2089219085030851
21,1577084400,50,164,114,214,51,-0.28557089498310834,-1.2404501005283985
21,1577098800,283,1507,1224,1790,51,1.5384207647117145,0.2652599186198979
21,1577113200,772,1618,846,2390,51,0.917277658977802,0.8384997736255945
21,1577127600,1576,2038,462,3614,51,0.28627513886716044,2.0079090778372155
21,1577142000,796,691,-105,1487,51,-0.6454395197337085,-0.024226208157978876
21,1577156400,222,102,-120,324,52,-1.2949279055072027,-0.9235781367366644
21,1577170800,36,140,104,176,52,-0.6863283279508162,-1.0908225232379734
21,1577185200,208,1031,823,1239,52,1.2671676375091918,0.1103989825112929
21,1577199600,754,1308,554,2062,52,0.5363047519615671,1.0404133750151934
21,1577214000,885,1412,527,2297,52,0.46294676716682415,1.3059703400679474
21,1577228400,442,534,92,976,52,-0.7189318767484798,-0.18679881242008717
21,1577242800,150,114,-36,264,52,-1.0667030639235577,-0.9913799150480059
21,1577257200,22,50,28,72,52,-0.8928174703360188,-1.2083456056442985
21,1577271600,61,236,175,297,52,-0.49342399756464017,-0.9540889369767681
21,1577286000,238,849,611,1087,52,0.691171608750469,-0.061365522544105475
21,1577300400,508,1231,723,1739,52,0.9954713975286622,0.6754138017724718
21,1577314800,421,483,62,904,52,-0.8004407487426387,-0.2681609463936969
21,1577329200,124,81,-43,205,52,-1.0857218007221947,-1.058051663720825
21,1577343600,43,155,112,198,52,-0.6645926287523739,-1.0659618711904815
21,1577358000,196,1037,841,1233,52,1.3160729607056871,0.10361880468015876
21,1577372400,484,1520,1036,2004,52,1.8458806286677198,0.9748716559808965
21,1577386800,1184,1658,474,2842,52,0.3189477599771434,1.9218364930626324
21,1577401200,639,711,72,1350,52,-0.7732711247445857,0.2358322723872746
21,1577415600,239,108,-131,347,52,-1.3248144919050608,-0.8975874550506502
21,1577430000,60,163,103,223,52,-0.6890452903506216,-1.0377111302274225
21,1577444400,204,1135,931,1339,52,1.5605995766881637,0.22340194636352867
21,1577458800,653,1502,849,2155,52,1.3378086599041297,1.1455061313977726
21,1577473200,1251,1666,415,2917,52,0.15864697838863093,2.006588715951809
