remote_unit_id,time_stamp,entries,exits,num_people_exited,sum_exit_entry,week_num,z_score_num_people_exited,z_score_sum_exit_entry
20,1546311600,340,97,-243,437,1,-0.3253257088794529,-0.7637433181178622
20,1546326000,45,64,19,109,1,-0.00927696689044436,-1.110787153272781
20,1546340400,84,307,223,391,1,0.23680678641397446,-0.8124140998773935
20,1546354800,493,702,209,1195,1,0.21991868569700454,0.038266520441370695
20,1546369200,1095,1089,-6,2184,1,-0.03943428959931922,1.0846883282712934
20,1546383600,873,429,-444,1302,1,-0.5677905834588067,0.1514789910559326
20,1546398000,141,35,-106,176,1,-0.16006358043481866,-1.0398971015795506
20,1546412400,30,309,279,339,1,0.3043591892818541,-0.8674332444751246
20,1546426800,202,2500,2298,2702,1,2.739864571250588,1.632763653302537
20,1546441200,764,970,206,1734,1,0.21629980697193957,0.6085611154063134
20,1546455600,1995,855,-1140,2850,1,-1.4073704476738829,1.7893566033114638
20,1546470000,891,303,-588,1194,1,-0.7414967622619258,0.0372084599683374
20,1546484400,151,37,-114,188,1,-0.16971392370165864,-1.0272003759031512
20,1546498800,29,289,260,318,1,0.28143962402310924,-0.8896525144088236
20,1546513200,209,2367,2158,2576,1,2.5709835640808887,1.4994480337003426
20,1546527600,685,869,184,1554,1,0.18976136298812968,0.4181102302603214
20,1546542000,1905,884,-1021,2789,1,-1.2638215915796385,1.724814914456433
20,1546556400,1125,248,-877,1373,1,-1.0901154127765194,0.2266012846412961
20,1546570800,209,40,-169,249,1,-0.2360600336611833,-0.9626586870481205
20,1546585200,27,298,271,325,1,0.2947088460150142,-0.8822460910975906
20,1546599600,204,2205,2001,2409,1,2.3815955774691546,1.3227519347037833
20,1546614000,705,850,145,1555,1,0.14271593956228493,0.41916829073335465
20,1546628400,2188,1104,-1084,3292,1,-1.339818044806003,2.2570193323921774
20,1546642800,1307,434,-873,1741,1,-1.0852902411430994,0.6159675387175464
20,1546657200,225,64,-161,289,1,-0.22640969039434336,-0.920336268126789
20,1546671600,35,89,54,124,1,0.032943284901980445,-1.0949162461772817
20,1546686000,102,343,241,445,1,0.25852005876436435,-0.755278834333596
20,1546700400,338,532,194,870,1,0.20182429207167962,-0.30560313329444816
20,1546714800,808,451,-357,1259,1,-0.4628431004319222,0.10598239071550118
20,1546729200,579,220,-359,799,1,-0.4652556862486322,-0.3807254268798117
20,1546743600,158,56,-102,214,1,-0.1552384088013987,-0.9996908036042856
20,1546758000,26,54,28,80,1,0.0015796692847505887,-1.1414709069907463
20,1546772400,72,310,238,382,1,0.2549011800392994,-0.8219366441346931
20,1546786800,314,531,217,845,1,0.2295690289638445,-0.3320546451202804
20,1546801200,906,517,-389,1423,1,-0.5014444734992821,0.2795043082929605
20,1546815600,580,175,-405,755,1,-0.520745160032962,-0.4272800876932764
20,1546830000,89,38,-51,127,1,-0.09371747047529397,-1.0917420647581817
20,1546844400,25,309,284,334,1,0.3103906538236291,-0.872723546840291
20,1546858800,158,2415,2257,2573,1,2.690406562008033,1.4962738522812427
20,1546873200,564,677,113,1241,1,0.1041145664949251,0.08693730220090198
20,1546887600,2201,704,-1497,2905,1,-1.8380170159566158,1.8475499293282946
20,1546902000,898,126,-772,1024,1,-0.9634546573992449,-0.1426618204473217
20,1546916400,160,35,-125,195,2,-0.20819073420850812,-0.9147499982894912
20,1546930800,33,274,241,307,2,0.18666414346966742,-0.7939737072553266
20,1546945200,186,2431,2245,2617,2,2.3486564245272183,1.6970372953243196
20,1546959600,570,727,157,1297,2,0.09604171252713534,0.2736024367073789
20,1546974000,2367,730,-1637,3097,2,-1.8393944911740856,2.2146499711850254
20,1546988400,998,101,-897,1099,2,-1.041054028108922,0.060087207914837806
20,1547002800,152,30,-122,182,2,-0.2049542188177034,-0.9287686749273854
20,1547017200,33,300,267,333,2,0.2147139435233083,-0.7659363539795384
20,1547031600,173,2582,2409,2755,2,2.5255859325578762,1.8458509396342724
20,1547046000,555,751,196,1306,2,0.13811641260759666,0.2833076743797671
20,1547060400,1890,561,-1329,2451,2,-1.5071122443848013,1.5180295782558255
20,1547074800,707,112,-595,819,2,-0.7152448121012471,-0.24185351967057386
20,1547089200,148,34,-114,182,2,-0.19632351110889082,-0.9287686749273854
20,1547103600,31,301,270,332,2,0.21795045891411302,-0.7670147137209149
20,1547118000,179,2363,2184,2542,2,2.2828472782475226,1.6161603147210843
20,1547132400,548,772,224,1320,2,0.1683238895884407,0.29840471075903774
20,1547146800,1899,592,-1307,2491,2,-1.4833777981855667,1.5611639679108844
20,1547161200,719,127,-592,846,2,-0.7120082967104424,-0.21273780665340916
20,1547175600,155,43,-112,198,2,-0.19416583418168767,-0.9115149190653619
20,1547190000,35,275,240,310,2,0.18558530500606585,-0.7907386280311972
20,1547204400,193,2310,2117,2503,2,2.210565101186217,1.574104284807402
20,1547218800,681,829,148,1510,2,0.08633216635472117,0.5032930616205671
20,1547233200,1830,682,-1148,2512,2,-1.3118424824729167,1.5838095224797901
20,1547247600,634,163,-471,797,2,-0.5814688426146521,-0.2655774339808562
20,1547262000,170,41,-129,211,2,-0.2125060880629144,-0.8974962424274677
20,1547276400,24,85,61,109,2,-0.007526779978615628,-1.0074889360478676
20,1547290800,71,326,255,397,2,0.20176788196008943,-0.6969213305314443
20,1547305200,346,475,129,821,2,0.0658342355462913,-0.2396968001878209
20,1547319600,625,423,-202,1048,2,-0.29126129590582917,0.005090861104637823
20,1547334000,316,138,-178,454,2,-0.2653691727793914,-0.6354548252729855
20,1547348400,112,46,-66,158,2,-0.14453926485601534,-0.9546493087204206
20,1547362800,23,51,28,74,2,-0.04312844927746752,-1.0452315269960442
20,1547377200,61,252,191,313,2,0.1327222202895888,-0.7875035488070677
20,1547391600,234,426,192,660,2,0.13380105875319037,-0.41331271854943263
20,1547399588,115,172,57,287,2,-0.011842133833021918,-0.815540902082856
20,1547406000,535,274,-261,809,2,-0.35491276525832194,-0.25263711708433856
20,1547420400,224,87,-137,311,2,-0.22113679577172698,-0.7896602682898207
20,1547434800,84,28,-56,112,2,-0.13375088021999962,-1.0042538568237382
20,1547449200,20,284,264,304,2,0.2114774281325036,-0.797208786479456
20,1547463600,162,2371,2209,2533,2,2.3098182398375617,1.606455077048696
20,1547478000,464,688,224,1152,2,0.1683238895884407,0.11724027420779072
20,1547492400,1784,491,-1293,2275,2,-1.4682740596951447,1.3282382637735668
20,1547506800,723,109,-614,832,2,-0.735742742909677,-0.22783484303267973
20,1547521200,135,53,-82,188,3,-0.26892588460355754,-0.9496902478820881
20,1547535600,35,313,278,348,3,0.16666917259462297,-0.7519148210176931
20,1547541580,32,703,671,735,3,0.6421937767026367,-0.27354550728943783
20,1547550000,189,2403,2214,2592,3,2.509202591304838,2.0218855407554464
20,1547564400,543,740,197,1283,3,0.06866028472503236,0.40383532972111497
20,1547578800,1873,633,-1240,2506,3,-1.670089985257705,1.915581248815834
20,1547593200,781,172,-609,953,3,-0.9065886488908941,-0.004076488186699661
20,1547607600,141,49,-92,190,3,-0.281025747303507,-0.9472180550462832
20,1547621982,22,200,178,222,3,0.045670545595128384,-0.9076629696734042
20,1547622000,32,292,260,324,3,0.14488941973471395,-0.7815811350473524
20,1547627136,36,517,481,553,3,0.412296385403597,-0.4985150553476871
20,1547633485,71,1281,1210,1352,3,1.2943763762299125,0.4891259825563853
20,1547636400,159,2513,2354,2672,3,2.6786006691041306,2.1207732541876436
20,1547650800,513,772,259,1285,3,0.143679433464719,0.4063075225569199
20,1547665200,1875,517,-1358,2392,3,-1.8128683651171085,1.7746662571749525
20,1547679600,729,131,-598,860,3,-0.8932787999209496,-0.11903345505162924
20,1547694000,149,45,-104,194,3,-0.2955455825434463,-0.9422736693746733
20,1547708400,27,308,281,335,3,0.1702991314046078,-0.7679840744504253
20,1547715218,52,915,863,967,3,0.8745111405416662,0.0132288616639349
20,1547722800,188,2508,2320,2696,3,2.6374611359243025,2.150439568217303
20,1547737200,584,841,257,1425,3,0.1412594609247291,0.5793610210632655
20,1547751600,1874,597,-1277,2471,3,-1.7148594772475179,1.8723178741892477
20,1547766000,759,126,-633,885,3,-0.9356283193707727,-0.08813104460406752
20,1547780400,150,48,-102,198,3,-0.29312561000345644,-0.9373292837030635
20,1547794800,40,267,227,307,3,0.10495987282488073,-0.8025947741516943
20,1547809200,183,2250,2067,2433,3,2.331334609615581,1.8253462103089537
20,1547823600,719,947,228,1666,3,0.10616985909487568,0.8772602577777604
20,1547838000,1718,549,-1169,2267,3,-1.5841809600880636,1.620154204937144
20,1547852400,575,170,-405,745,3,-0.6597514498119251,-0.2611845431104131
20,1547866800,150,53,-97,203,3,-0.2870756786534817,-0.9311488016135511
20,1547881200,29,82,53,111,3,-0.10557773815423985,-1.0448696720605781
20,1547895600,85,324,239,409,3,0.11947970806482008,-0.6765129395256425
20,1547910000,437,474,37,911,3,-0.12493751847415897,-0.05599253773860334
20,1547924400,550,329,-221,879,3,-0.437113976132855,-0.09554762311148234
20,1547938800,352,120,-232,472,3,-0.45042382510279944,-0.5986388651977871
20,1547953200,120,33,-87,153,3,-0.27497581595353227,-0.9929536225086745
20,1547967600,32,50,18,82,3,-0.14792725760406294,-1.0807164681797499
20,1547982000,70,281,211,351,3,0.0856000925049616,-0.7482065317639858
20,1547996400,277,409,132,686,3,-0.009988822824639122,-0.3341142317666588
20,1548010800,510,353,-157,863,3,-0.35967485485317846,-0.11532516579792183
20,1548025200,277,83,-194,360,3,-0.40444434684299146,-0.7370816640028636
20,1548039600,75,29,-46,104,3,-0.22536637888373948,-1.0535223469858954
20,1548054000,25,235,210,260,3,0.08439010623496665,-0.8606913057931104
20,1548068400,140,1090,950,1230,3,0.9797799460312265,0.33832221957228414
20,1548082800,476,569,93,1045,3,-0.05717828735444201,0.10964438226032745
20,1548097200,962,319,-643,1281,3,-0.9477281820707222,0.40136313688531
20,1548111600,426,76,-350,502,3,-0.593202204962203,-0.561555972660713
20,1548126000,79,32,-47,111,4,-0.12142106832687827,-0.9915098133009238
20,1548140400,32,380,348,412,4,0.2593649075837619,-0.697415223660401
20,1548154800,198,3291,3093,3489,4,2.9055864363804895,2.308993588046871
20,1548169200,724,919,195,1643,4,0.11187059286394434,0.5053437127099767
20,1548183600,2026,444,-1582,2470,4,-1.6011842911694927,1.3133710403934067
20,1548198000,2931,671,-2260,3602,4,-2.254786548555351,2.419401191466735
20,1548212400,133,29,-104,162,4,-0.17636993067347698,-0.9416798329963834
20,1548226800,37,304,267,341,4,0.1812796821438585,-0.7667863727118199
20,1548241200,177,2537,2360,2714,4,2.1989633469058076,1.5517732991053255
20,1548255600,544,1440,896,1984,4,0.7876451982142197,0.8385206398442567
20,1548270000,1823,538,-1285,2361,4,-1.3148717978898468,1.2068716707229183
20,1548284400,742,107,-635,849,4,-0.6882619641128439,-0.2704406865411036
20,1548298800,159,27,-132,186,4,-0.20336235428233249,-0.9182304305001291
20,1548313200,32,288,256,320,4,0.17067551572609382,-0.7873045998960425
20,1548327600,202,2461,2259,2663,4,2.1015978188881506,1.5019433188007851
20,1548342000,670,832,162,1502,4,0.08005809361065035,0.3675784730444826
20,1548356400,1769,565,-1204,2334,4,-1.2367865724499434,1.1804910929146322
20,1548370800,770,117,-653,887,4,-0.7056142364328225,-0.23331246592203428
20,1548385200,145,39,-106,184,4,-0.17829796093125239,-0.9201845473748169
20,1548399600,29,294,265,323,4,0.1793516518860831,-0.7843734245840107
20,1548403949,16,319,303,335,4,0.21598422678381557,-0.7726487233358835
20,1548414000,179,2232,2053,2411,4,1.9030107023372849,1.2557245925901148
20,1548428400,714,813,99,1527,4,0.019325140490725458,0.39200493397808084
20,1548442800,1749,632,-1117,2381,4,-1.1529172562367138,1.2264128394697968
20,1548457200,657,194,-463,851,4,-0.5224513619441601,-0.26848656966641576
20,1548471600,167,37,-130,204,4,-0.2014343240245571,-0.9006433786279383
20,1548486000,34,86,52,120,4,-0.025983570566996288,-0.9827162873648284
20,1548500400,93,300,207,393,4,0.1234387744105967,-0.7159793339699356
20,1548514800,370,419,49,789,4,-0.028875615953659377,-0.3290641927817394
20,1548529200,570,330,-240,900,4,-0.30747598820220373,-0.22061070623656318
20,1548543600,291,160,-131,451,4,-0.2023983391534448,-0.6593099446039877
20,1548558000,134,45,-89,179,4,-0.16190970374016153,-0.9250698395615367
20,1548572400,26,49,23,75,4,-0.053940009304739495,-1.0266839170453053
20,1548586800,80,236,156,316,4,0.07427400283732417,-0.7912128336454182
20,1548601200,238,339,101,577,4,0.021253170748500853,-0.5362005814986526
20,1548615600,452,276,-176,728,4,-0.24577901995339116,-0.3886647574597191
20,1548630000,217,91,-126,308,4,-0.1975782635090063,-0.7990293011441697
20,1548644400,67,32,-35,99,4,-0.10985288678022591,-1.0032345145490509
20,1548658800,21,285,264,306,4,0.1783876367571954,-0.8009834180188575
20,1548673200,161,2423,2262,2584,4,2.1044898642748135,1.4247557022506148
20,1548687600,522,746,224,1268,4,0.13982703160168752,0.138946798706003
20,1548702000,1834,450,-1384,2284,4,-1.4103092956497287,1.1316381710474357
20,1548716400,693,93,-600,786,4,-0.6545214346017746,-0.33199536809377117
20,1548730800,143,30,-113,173,5,-0.21530171699095596,-0.929484378529434
20,1548745200,33,334,301,367,5,0.1925939307578719,-0.731361668430082
20,1548759600,208,2515,2307,2723,5,2.1690158374828687,1.6747058830857595
20,1548774000,537,737,200,1274,5,0.0930831567901627,0.19491306383853776
20,1548788400,1992,540,-1452,2532,5,-1.5345584134539525,1.4796469262353666
20,1548802800,751,109,-642,860,5,-0.7365017113366804,-0.2278848845178113
20,1548817200,129,32,-97,161,5,-0.19953763398617033,-0.9417393915252702
20,1548831600,33,293,260,326,5,0.15219846805810877,-0.7732329628325224
20,1548846000,190,2473,2283,2663,5,2.14536971297569,1.6134308181065784
20,1548860400,529,732,203,1261,5,0.09603892235356,0.1816367997597152
20,1548874800,1901,564,-1337,2465,5,-1.421254066857056,1.4112231036752811
20,1548889200,699,108,-591,807,5,-0.6862536967589262,-0.28201119191608787
20,1548903600,111,36,-75,147,5,-0.1778620198545901,-0.9560369066870791
20,1548918000,27,288,261,315,5,0.15318372324590787,-0.7844667247453723
20,1548932400,180,2507,2327,2687,5,2.188720941238851,1.6379408440982508
20,1548946800,560,752,192,1312,5,0.08520111528776989,0.23372060499201908
20,1548961200,1730,544,-1186,2274,5,-1.2724805334993916,1.216164146824888
20,1548975600,773,102,-671,875,5,-0.7650741117828543,-0.21256611827301602
20,1548990000,129,33,-96,162,5,-0.19855237879837123,-0.9407181404422839
20,1549004400,28,389,361,417,5,0.25170924202581796,-0.6802991142807645
20,1549018800,180,3307,3127,3487,5,2.9769250914781313,2.4549417104873315
20,1549033200,742,841,99,1583,5,-0.006427617177546511,0.51047964848132
20,1549047600,2335,662,-1673,2997,5,-1.7522998099575537,1.9545286798240196
20,1549062000,788,159,-629,947,5,-0.7236933938952921,-0.13903604029799882
20,1549076400,221,54,-167,275,5,-0.2685054971321074,-0.8253167680648262
20,1549090800,30,71,41,101,5,-0.06357241806989437,-1.0030144565044512
20,1549105200,106,267,161,373,5,0.054658204465997756,-0.725234161932164
20,1549119600,326,449,123,775,5,0.017218507329631916,-0.31469122657165105
20,1549134000,585,448,-137,1033,5,-0.23894784149813436,-0.05120844716117268
20,1549148400,298,174,-124,472,5,-0.22613952405674606,-0.6241303047165152
20,1549162800,86,61,-25,147,5,-0.12859926046463505,-0.9560369066870791
20,1549177200,25,52,27,77,5,-0.07736599069908179,-1.0275244824961236
20,1549191600,62,250,188,312,5,0.08126009453657349,-0.7875304779943313
20,1549206000,237,424,187,661,5,0.08027483934877438,-0.431113850032095
20,1549220400,470,360,-110,830,5,-0.21234595142755863,-0.2585224170074018
20,1549234800,193,93,-100,286,5,-0.20249339954956763,-0.8140830061519764
20,1549249200,41,31,-10,72,5,-0.11382043264764853,-1.0326307379110553
20,1549263600,18,311,293,329,5,0.1847118892554791,-0.7701692095835634
20,1549278000,164,2504,2340,2668,5,2.201529258680239,1.61853707352151
20,1549292400,486,733,247,1219,5,0.13939015061672044,0.1387442542742885
20,1549306800,1765,500,-1265,2265,5,-1.3503156933355205,1.206972887078011
20,1549321200,689,93,-596,782,5,-0.6911799726979218,-0.3075424689907466
20,1549335600,108,31,-77,139,6,-0.20892638626112445,-0.9519597895655116
20,1549350000,25,309,284,334,6,0.18634043810589995,-0.750689388508833
20,1549364400,173,2501,2328,2674,6,2.424360906267113,1.6645554241713099
20,1549378800,510,796,286,1306,6,0.18853028200821031,0.25256614906599556
20,1549393200,1682,550,-1132,2232,6,-1.3640690447298522,1.208342515109505
20,1549407600,657,130,-527,787,6,-0.7016412642809611,-0.2831227645156259
20,1549422000,147,35,-112,182,6,-0.24724865455155617,-0.9075770857427569
20,1549436400,29,358,329,387,6,0.2356119259078836,-0.6959851256575307
20,1549450800,174,2683,2509,2857,6,2.6225417794262027,1.8534399543937314
20,1549465200,579,862,283,1441,6,0.18524551615474474,0.3919071959513884
20,1549479600,1939,643,-1296,2582,6,-1.543636244719304,1.569597081108672
20,1549494000,855,196,-659,1051,6,-0.8461709618334464,-0.010633606161968756
20,1549508400,148,38,-110,186,6,-0.2450588106492458,-0.9034484621313379
20,1549522800,32,267,235,299,6,0.1326892624992955,-0.7868148451087498
20,1549537200,191,2597,2406,2788,6,2.5097648184572177,1.7822211970967528
20,1549551600,555,723,168,1278,6,0.05932949177189763,0.22366578378606222
20,1549566000,1797,582,-1215,2379,6,-1.4549475666757332,1.3600694328291552
20,1549580400,760,125,-635,885,6,-0.8198928350057217,-0.18197148603585925
20,1549594800,167,33,-134,200,6,-0.2713369374769704,-0.8889982794913712
20,1549609200,31,282,251,313,6,0.1502080137177786,-0.7723646624687831
20,1549623600,195,2327,2132,2522,6,2.209756203840695,1.5076677269373862
20,1549638000,646,651,5,1297,6,-0.11914278626639871,0.24327674594030269
20,1549652400,2317,1337,-980,3654,6,-1.1976409081542632,2.676068208968977
20,1549666800,656,167,-489,823,6,-0.6600342301370637,-0.2459651520128545
20,1549681200,157,44,-113,201,6,-0.24834357650271138,-0.8879661235885165
20,1549695600,22,75,53,97,6,-0.06658653261094948,-0.9953103374854116
20,1549710000,103,325,222,428,6,0.118455277134278,-0.6536667336404854
20,1549724400,332,527,195,859,6,0.08889238445308782,-0.20880753951008305
20,1549738800,630,471,-159,1101,6,-0.2987099862558502,0.04097418898076934
20,1549753200,290,214,-76,504,6,-0.20783146430996927,-0.5752228850235236
20,1549767600,159,46,-113,205,6,-0.24834357650271138,-0.8838374999770974
20,1549782000,19,48,29,67,6,-0.0928646594386741,-1.0262750145710546
20,1549796400,80,275,195,355,6,0.08889238445308782,-0.7290141145488831
20,1549810800,233,388,155,621,6,0.04509550640688013,-0.4544606443895164
20,1549825200,384,306,-78,690,6,-0.21002130821227966,-0.3832418870925378
20,1549839600,241,101,-140,342,6,-0.27790646918390155,-0.742432141285995
20,1549854000,47,35,-12,82,6,-0.13775645943603698,-1.010792676028233
20,1549868400,22,308,286,330,6,0.18853028200821031,-0.7548180121202521
20,1549871649,9,205,196,214,6,0.089987306404243,-0.8745480968514046
20,1549882800,184,2348,2164,2532,6,2.2447937062776613,1.5179892859659336
20,1549897200,562,684,122,1246,6,0.008963082018758783,0.19063679489470983
20,1549911600,1812,515,-1297,2327,6,-1.544731166670459,1.3063973258807076
20,1549926000,712,127,-585,839,6,-0.7651467374479621,-0.2294506575671783
20,1549940400,122,32,-90,154,7,-0.21523746549298495,-1.0596349346185436
20,1549954800,34,311,277,345,7,0.2283068597805585,-0.8303488739687888
20,1549963231,77,1603,1526,1680,7,1.7378078468831628,0.7722526494208597
20,1549969200,146,1976,1830,2122,7,2.1052124105974874,1.302851805479455
20,1549983600,617,777,160,1394,7,0.08690444545629532,0.4289237837358863
20,1549998000,1995,593,-1402,2588,7,-1.8008782141548079,1.8622617754416841
20,1550012400,701,101,-600,802,7,-0.8316069638295167,-0.2817429592204222
20,1550026800,137,40,-97,177,7,-0.2236974389995648,-1.0320245712942275
20,1550041200,31,298,267,329,7,0.2162211833425873,-0.8495560832378781
20,1550055600,187,2483,2296,2670,7,2.668404932606946,1.9606987229457675
20,1550070000,585,800,215,1385,7,0.15337566586513698,0.4181197285220235
20,1550084400,1811,654,-1157,2465,7,-1.504779141424513,1.7146063541855592
20,1550098800,894,216,-678,1110,7,-0.9258752400456921,0.08799581920954912
20,1550113200,147,27,-120,174,7,-0.25149449480689856,-1.0356259230321818
20,1550127600,31,296,265,327,7,0.21380404805499306,-0.8519569843965143
20,1550142000,221,2481,2260,2702,7,2.6248964974302496,1.9991131414839463
20,1550156400,675,853,178,1528,7,0.1086586630446435,0.5897841613645102
20,1550170800,1964,719,-1245,2683,7,-1.61113309407866,1.9763045804769026
20,1550185200,817,241,-576,1058,7,-0.8026013403783858,0.025572389085008505
20,1550199600,183,35,-148,218,7,-0.28533438883321793,-0.982806097542186
20,1550214000,33,280,247,313,7,0.19204983046664487,-0.8687632925069676
20,1550228400,202,2229,2027,2431,7,2.34330023642552,1.6737910344887443
20,1550242800,683,736,53,1419,7,-0.04241229242999664,0.4589350482188385
20,1550257200,1720,627,-1093,2347,7,-1.4274308122214974,1.5729531858260248
20,1550271600,742,230,-512,972,7,-0.72525301117537,-0.07766636073634713
20,1550286000,166,43,-123,209,7,-0.2551201977382899,-0.9936101527560488
20,1550300400,30,81,51,111,7,-0.04482942771759088,-1.1112543095292216
20,1550314800,87,414,327,501,7,0.28873524197041456,-0.6430785835951669
20,1550329200,358,521,163,879,7,0.09053014838768668,-0.18930826461292938
20,1550343600,737,523,-214,1260,7,-0.36509985332382794,0.2680634061072624
20,1550358000,453,285,-168,738,7,-0.3095057417091604,-0.3585717962967799
20,1550372400,231,53,-178,284,7,-0.3215914181471316,-0.9035763593071922
20,1550386800,21,57,36,78,7,-0.0629579423745477,-1.1508691786467184
20,1550401200,94,348,254,442,7,0.2005098039732247,-0.7139051677749341
20,1550415600,334,481,147,815,7,0.07119306608693275,-0.26613710168928706
20,1550430000,594,418,-176,1012,7,-0.31917428285953736,-0.029648337563623575
20,1550444400,307,108,-199,415,7,-0.34697133866687113,-0.7463173334165225
20,1550458800,99,41,-58,140,7,-0.17656330089147707,-1.0764412427289969
20,1550473200,20,137,117,157,7,0.03493603677301911,-1.0560335828805893
20,1550487600,124,886,762,1010,7,0.8144621670221622,-0.03204923872225975
20,1550502000,396,614,218,1010,7,0.15700136879652837,-0.03204923872225975
20,1550516400,1150,411,-739,1561,7,-0.9995978663173165,0.6293990304820071
20,1550530800,439,124,-315,563,7,-0.48716518534733716,-0.5686506476774454
20,1550545200,88,33,-55,121,8,-0.20687290487200732,-0.538635742395695
20,1550559600,20,288,268,308,8,0.28611413488285,-0.3123293735740489
20,1550574000,212,2437,2225,2649,8,3.2730356110446324,2.520735917396398
20,1550588400,670,874,204,1544,8,0.18843249233080395,1.1834710107230346
20,1550602800,1871,600,-1271,2471,8,-2.062824113360882,2.3053212989458474
20,1550608137,283,68,-215,351,8,-0.45107701125212235,-0.26029101068992705
20,1550608200,3,1,-2,4,8,-0.1259802946335942,-0.6802284972199335
20,1550608262,2,1,-1,3,8,-0.12445401896871848,-0.6814386917056108
20,1550608337,3,0,-3,3,8,-0.12750657029846993,-0.6814386917056108
20,1550608400,2,0,-2,2,8,-0.1259802946335942,-0.6826488861912879
20,1550608462,2,0,-2,2,8,-0.1259802946335942,-0.6826488861912879
20,1550608538,3,0,-3,3,8,-0.12750657029846993,-0.6814386917056108
20,1550608601,3,1,-2,4,8,-0.1259802946335942,-0.6802284972199335
20,1550608665,2,1,-1,3,8,-0.12445401896871848,-0.6814386917056108
20,1550608739,2,7,5,9,8,-0.11529636497946416,-0.6741775247915472
20,1550608801,1,0,-1,1,8,-0.12445401896871848,-0.6838590806769652
20,1550608864,5,3,-2,8,8,-0.1259802946335942,-0.6753877192772245
20,1550608939,3,2,-1,5,8,-0.12445401896871848,-0.6790183027342562
20,1550609004,4,3,-1,7,8,-0.12445401896871848,-0.6765979137629017
20,1550609066,5,1,-4,6,8,-0.12903284596334563,-0.677808108248579
20,1550609141,2,1,-1,3,8,-0.12445401896871848,-0.6814386917056108
20,1550609204,4,0,-4,4,8,-0.12903284596334563,-0.6802284972199335
20,1550609266,2,2,0,4,8,-0.12292774330384276,-0.6802284972199335
20,1550609341,2,1,-1,3,8,-0.12445401896871848,-0.6814386917056108
20,1550609422,3,3,0,6,8,-0.12292774330384276,-0.677808108248579
20,1550609505,5,1,-4,6,8,-0.12903284596334563,-0.677808108248579
20,1550609585,4,2,-2,6,8,-0.1259802946335942,-0.677808108248579
20,1550609665,1,1,0,2,8,-0.12292774330384276,-0.6826488861912879
20,1550609745,2,0,-2,2,8,-0.1259802946335942,-0.6826488861912879
20,1550609826,2,0,-2,2,8,-0.1259802946335942,-0.6826488861912879
20,1550609907,3,0,-3,3,8,-0.12750657029846993,-0.6814386917056108
20,1550609987,2,2,0,4,8,-0.12292774330384276,-0.6802284972199335
20,1550610068,4,0,-4,4,8,-0.12903284596334563,-0.6802284972199335
20,1550610149,3,0,-3,3,8,-0.12750657029846993,-0.6814386917056108
20,1550610229,2,1,-1,3,8,-0.12445401896871848,-0.6814386917056108
20,1550610309,4,2,-2,6,8,-0.1259802946335942,-0.677808108248579
20,1550610390,4,0,-4,4,8,-0.12903284596334563,-0.6802284972199335
20,1550617200,766,120,-646,886,8,-1.1089018228135574,0.38716303914740274
20,1550631600,135,33,-102,168,8,-0.27860786112116614,-0.48175660156886413
20,1550646000,28,328,300,356,8,0.334954956158873,-0.2542400382615408
20,1550660400,187,2531,2344,2718,8,3.4546624151648433,2.6042393369081287
20,1550674800,661,824,163,1485,8,0.12585519007089946,1.1120695360680768
20,1550689200,1871,539,-1332,2410,8,-2.1559269289183005,2.231499435319535
20,1550703600,741,130,-611,871,8,-1.055482174542907,0.36901012186224397
20,1550718000,118,34,-84,152,8,-0.25113489915340315,-0.5011197133397002
20,1550732400,32,287,255,319,8,0.26627255123946564,-0.2990172342315991
20,1550739628,60,1197,1137,1257,8,1.61244768765985,0.8361451933336632
20,1550739717,56,974,918,1030,8,1.2781933170520674,0.561431045084927
20,1550746800,146,1781,1635,1927,8,2.3725329687679584,1.646975498737422
20,1550761200,588,803,215,1391,8,0.20522152464443688,0.998311254414415
20,1550775600,1875,622,-1253,2497,8,-2.035351151393119,2.3367863555734556
20,1550790000,804,134,-670,938,8,-1.1455324387705745,0.4500931524026199
20,1550804400,146,37,-109,183,8,-0.28929179077529615,-0.46360368428370535
20,1550818800,31,311,280,342,8,0.3044294428613586,-0.2711827610610223
20,1550823559,36,502,466,538,8,0.5883167165282425,-0.03398464186828093
20,1550824741,12,284,272,296,8,0.29221923754235285,-0.3268517074021759
20,1550824828,39,636,597,675,8,0.7882588286269616,0.1318120026695026
20,1550833200,155,1719,1564,1874,8,2.264167396561782,1.582835190996528
20,1550847600,674,761,87,1435,8,0.009858239540344812,1.051559811784214
20,1550862000,1747,605,-1142,2352,8,-1.865934552591914,2.1613081551502544
20,1550876400,668,194,-474,862,8,-0.8463824084549336,0.3581183714911487
20,1551495600,7293,9534,2241,16827,9,2.8236049366283944,4.188116504906092
20,1551510000,28,80,52,108,9,-0.18065581853434673,-0.4067307955372775
20,1551524400,94,444,350,538,9,0.22832988500082768,-0.2885548077873733
20,1551538800,321,547,226,868,9,0.058147914402298745,-0.19786160788628399
20,1551553200,662,445,-217,1107,9,-0.5498408999134136,-0.13217774492761628
20,1551567600,370,164,-206,534,9,-0.534744112199028,-0.2896541193013259
20,1551582000,168,48,-120,216,9,-0.41671468097746756,-0.3770493846605574
20,1551596400,27,77,50,104,9,-0.18340068902787138,-0.40783010705123013
20,1551610800,139,376,237,515,9,0.07324470211668438,-0.2948758489926007
20,1551625200,352,520,168,872,9,-0.02145332990991641,-0.1967622963723314
20,1551639600,548,356,-192,904,9,-0.5155300187443553,-0.1879678042607106
20,1551654000,251,125,-126,376,9,-0.4249492924580415,-0.3330769241024535
20,1551668400,73,31,-42,104,9,-0.30966473173000575,-0.40783010705123013
20,1551682800,26,276,250,302,9,0.09108636032459466,-0.35341418711057654
20,1551687675,25,413,388,438,9,0.28048242437779625,-0.3160375956361882
20,1551697200,161,2009,1848,2170,9,2.2842378846507985,0.1599642899052865
20,1551711600,502,773,271,1275,9,0.1199075005066036,-0.08600666134160719
20,1551726000,1614,490,-1124,2104,9,-1.7946396687268469,0.14182564992506863
20,1551740400,687,122,-565,809,9,-1.0274483657867044,-0.2140764527170848
20,1551754800,123,41,-82,164,10,-0.22115599698928498,-1.0283677909781381
20,1551769200,27,289,262,316,10,0.17426761082716655,-0.8585451102173025
20,1551783600,231,2446,2215,2677,10,2.4192161749711487,1.7792927139690975
20,1551798000,599,778,179,1377,10,0.07886017056912738,0.3268618916724774
20,1551812400,1864,607,-1257,2471,10,-1.5718034946181527,1.5491382913590177
20,1551826800,769,131,-638,900,10,-0.860270897994945,-0.2060684946625132
20,1551841200,133,29,-104,162,10,-0.24644471609382548,-1.0306022999355176
20,1551855600,31,323,292,354,10,0.20875222778790362,-0.8160894400270936
20,1551870000,231,2464,2233,2695,10,2.4399069451475905,1.7994032945855123
20,1551884400,672,888,216,1560,10,0.1213911981540364,0.5313194612726939
20,1551898800,1952,677,-1275,2629,10,-1.592494264794595,1.7256644989919916
20,1551913200,797,150,-647,947,10,-0.8706162830831662,-0.15355753416409693
20,1551927600,141,36,-105,177,10,-0.24759420332585005,-1.0138434827551719
20,1551942000,25,326,301,351,10,0.21909761287612473,-0.8194412034631627
20,1551946183,33,562,529,595,10,0.4811807017777263,-0.546831110662874
20,1551946273,2,16,14,18,10,-0.11080522271492642,-1.1914869448668355
20,1551956400,164,2082,1918,2246,10,2.077818467059852,1.2977560336538334
20,1551970800,610,874,264,1484,10,0.1765665852912157,0.44640812089227616
20,1551985200,1802,663,-1139,2465,10,-1.4361640012392538,1.5424347644868794
20,1551999600,742,152,-590,894,10,-0.8050955108577658,-0.21277202153465144
20,1552014000,143,29,-114,172,10,-0.25793958841407116,-1.0194297551486204
20,1552028400,26,316,290,342,10,0.20645325332385447,-0.8294964937713701
20,1552042800,216,2347,2131,2563,10,2.322659247481085,1.651925703398471
20,1552057200,717,835,118,1552,10,0.0087414494156287,0.5223814254431762
20,1552071600,1760,673,-1087,2433,10,-1.3763906651739761,1.506682621168809
20,1552086000,700,204,-496,904,10,-0.6970437110474563,-0.20159947674775436
20,1552100400,212,57,-155,269,10,-0.3050685649270785,-0.9110560707157188
20,1552114800,32,117,85,149,10,-0.029191629241182057,-1.0451266081584838
20,1552129200,117,539,422,656,10,0.35818556795109746,-0.4786785874628019
20,1552143600,362,692,330,1054,10,0.2524327426048372,-0.0340113049442982
20,1552158000,766,574,-192,1340,10,-0.3475995925119875,0.28552347596095823
20,1552172400,499,226,-273,725,10,-0.4407080583059776,-0.40158802843321206
20,1552190400,185,62,-123,247,10,-0.2682849735022923,-0.9356356692468923
20,1552204800,39,100,61,139,10,-0.0567793228097717,-1.056299152945381
20,1552219200,98,414,316,512,10,0.23633992135649326,-0.6395632323941198
20,1552233600,336,545,209,881,10,0.11334478752986443,-0.22729632975761765
20,1552248000,494,272,-222,766,10,-0.3820842094727246,-0.355780594806934
20,1552262400,213,95,-118,308,10,-0.26253753734216945,-0.8674831460468202
20,1552276800,47,23,-24,70,10,-0.15448573753186,-1.1333897119749707
20,1552291200,47,625,578,672,10,0.5375055761469302,-0.4608025158037666
20,1552305600,307,2233,1926,2540,10,2.0870143649160484,1.6262288503886075
20,1552320000,661,689,28,1350,10,-0.09471240146658245,0.2966960207478553
20,1552334400,2017,488,-1529,2505,10,-1.8844640217288353,1.5871249436344679
20,1552348800,481,134,-347,615,11,-0.5256648225026884,-0.549669536380691
20,1552363200,78,21,-57,99,11,-0.18146185975140272,-1.1627718283967663
20,1552377600,49,671,622,720,11,0.624447835793849,-0.4249103490518385
20,1552392000,297,2354,2057,2651,11,2.327659048028659,1.8694705150625825
20,1552406400,699,772,73,1471,11,-0.027163979897378114,0.46741488603357334
20,1552420800,1958,436,-1522,2394,11,-1.9202802750294494,1.5641075517910101
20,1552435200,511,142,-369,653,11,-0.5517767714010618,-0.5045185923950111
20,1552449600,78,34,-44,112,11,-0.16603207176600027,-1.147325452822718
20,1552463705,39,606,567,645,11,0.5591679635479154,-0.5140240542867331
20,1552464000,45,520,475,565,11,0.44997254088199035,-0.6090786732039541
20,1552478400,254,2341,2087,2595,11,2.3632662510718956,1.802932281820528
20,1552492800,702,715,13,1417,11,-0.09837838598385101,0.4032530182644492
20,1552507200,1926,488,-1438,2414,11,-1.8205801065083875,1.5878712065203155
20,1552521600,486,146,-340,632,11,-0.5173564751259332,-0.5294704298607815
20,1552536000,80,31,-49,111,11,-0.17196660560653967,-1.1485136355591832
20,1552550400,79,651,572,730,11,0.5651024973884549,-0.41302852168718585
20,1552552081,24,269,245,293,11,0.17698398421717756,-0.9322643775225053
20,1552564800,254,2026,1772,2280,11,1.9893906191179127,1.4286547198339703
20,1552579200,743,792,49,1535,11,-0.055649742331967275,0.5434585811673501
20,1552593600,1857,637,-1220,2494,11,-1.5618344310608692,1.6829258254375365
20,1552608000,646,162,-484,808,11,-0.6882710497334682,-0.3203502682428954
20,1552622400,103,32,-71,135,11,-0.19807855450491307,-1.1199972498840167
20,1552636800,46,566,520,612,11,0.503383345446845,-0.5532340845900868
20,1552651200,260,2128,1868,2388,11,2.1033336688562696,1.5569784553722186
20,1552665600,816,705,-111,1521,11,-0.24555482522922834,0.5268240228568365
20,1552680000,1722,515,-1207,2237,11,-1.5464046430754668,1.3775628621659641
20,1552694400,471,150,-321,621,11,-0.49480524653188346,-0.5425404399618995
20,1552708800,101,48,-53,149,11,-0.17671423267897118,-1.103362691573503
20,1552723200,45,192,147,237,11,0.06066712094260513,-0.9988026107645601
20,1552737600,216,569,353,785,11,0.30516991517282877,-0.34767847118159645
20,1552752000,827,708,-119,1535,11,-0.2550500793740914,0.5434585811673501
20,1552766400,855,482,-373,1337,11,-0.5565243984734933,0.3081983993472282
20,1552780800,363,131,-232,494,11,-0.389170544170282,-0.6934396474929877
20,1552795200,85,36,-49,121,11,-0.17196660560653967,-1.1366318081945306
20,1552809600,52,104,52,156,11,-0.05208902202764363,-1.0950454124182463
20,1552824000,140,507,367,647,11,0.3217866099263391,-0.5116476888138026
20,1552838400,385,544,159,929,11,0.07491000215989971,-0.1765801571305987
20,1552852800,630,335,-295,965,11,-0.46394567056107855,-0.13380557861784928
20,1552867200,267,105,-162,372,11,-0.3060870704027303,-0.8383979413417497
20,1552881600,50,22,-28,72,11,-0.14704156347627417,-1.1948527622813283
20,1552896000,56,611,555,667,11,0.5449250823306209,-0.4878840340844974
20,1552910400,249,2203,1954,2452,11,2.205407650913547,1.6330221505059954
20,1552924800,687,703,16,1390,11,-0.09481766567952737,0.37117208437988713
20,1552939200,1886,473,-1413,2359,11,-1.7909074373056904,1.522521156014726
20,1552953600,533,134,-399,667,12,-0.5385584297987837,-0.5489484788306638
20,1552968000,107,25,-82,132,12,-0.173617115958138,-1.1795011993768765
20,1552982400,56,694,638,750,12,0.6552716725758205,-0.4511244119048027
20,1552996800,297,2260,1963,2557,12,2.1806572903640085,1.6786115993606296
20,1553011200,728,751,23,1479,12,-0.05273750096360239,0.4080773325404105
20,1553025600,1938,512,-1426,2450,12,-1.7208761878881942,1.5525010552513872
20,1553040000,614,137,-477,751,12,-0.6283547152232959,-0.4499458086888285
20,1553054400,119,30,-89,149,12,-0.18167575695777372,-1.1594649447053145
20,1553068800,54,666,612,720,12,0.6253395774343165,-0.48648250838402957
20,1553083200,282,2408,2126,2690,12,2.368308502212668,1.8353658270852022
20,1553097600,774,720,-54,1494,12,-0.14138255195959518,0.4257563807800239
20,1553112000,1938,505,-1433,2443,12,-1.72893482888783,1.5442508327395676
20,1553126400,583,145,-438,728,12,-0.5834565725110398,-0.47705368265623577
20,1553140800,123,28,-95,151,12,-0.18858316352889004,-1.157107738273366
20,1553155200,51,647,596,698,12,0.6069198265780062,-0.5124117791354627
20,1553169600,256,2267,2011,2523,12,2.2359165429329386,1.6385390900175059
20,1553184000,779,751,-28,1530,12,-0.11145045681809113,0.4681860965550962
20,1553198400,2048,526,-1522,2574,12,-1.8313946930260554,1.6986478540321917
20,1553212800,554,128,-426,682,12,-0.5696417593688071,-0.5312694305910503
20,1553227200,118,29,-89,147,12,-0.18167575695777372,-1.161822151137263
20,1553241600,48,624,576,672,12,0.5838951380076186,-0.5430554627507926
20,1553256000,299,2140,1841,2439,12,2.040206690084643,1.5395364198756707
20,1553270400,858,707,-151,1565,12,-0.2530522915259757,0.5094372091141942
20,1553284800,1658,588,-1070,2246,12,-1.3110367313352924,1.3120659991926444
20,1553299200,578,165,-413,743,12,-0.5546757117980551,-0.4593746344166223
20,1553313600,157,41,-116,198,12,-0.21275908652779715,-1.1017133871225773
20,1553328000,50,183,133,233,12,0.07389828617353017,-1.0604622745634793
20,1553342400,199,569,370,768,12,0.3467408457326249,-0.42990955401726655
20,1553356800,624,633,9,1257,12,-0.06885478296287381,0.14642741859413158
20,1553371200,840,433,-407,1273,12,-0.5477683052269388,0.16528507004971923
20,1553385600,422,201,-221,623,12,-0.33363870152233277,-0.6008070203335298
20,1553400000,92,32,-60,124,12,-0.1482899585307115,-1.1889300251046702
20,1553414400,39,116,77,155,12,0.009429158176444501,-1.1523933254094691
20,1553428800,144,468,324,612,12,0.2937840620207331,-0.6137716557092463
20,1553443200,483,541,58,1024,12,-0.01244429596542385,-0.12818713072786386
20,1553457600,697,333,-364,1030,12,-0.49826522480060514,-0.12111551143201849
20,1553472000,299,113,-186,412,12,-0.29334549652415426,-0.8494922989040922
20,1553486400,57,29,-28,86,12,-0.11145045681809113,-1.233716947311691
20,1553500800,51,658,607,709,12,0.6195834052917195,-0.4994471437597461
20,1553515200,272,2097,1825,2369,12,2.021786939228333,1.4570341947574745
20,1553529600,687,669,-18,1356,12,-0.09993811253289726,0.26310913697558025
20,1553544000,1837,530,-1307,2367,12,-1.583879290894387,1.4546769883255262
20,1553558400,654,141,-513,795,13,-0.7920855036532888,-0.28858703940119496
20,1553572800,129,23,-106,152,13,-0.2964263849584096,-1.0933659374120386
20,1553587200,51,692,641,743,13,0.6132968623759263,-0.3536702473274218
20,1553601600,266,2191,1925,2457,13,2.1769978658261104,1.7915724139332092
20,1553616000,680,750,70,1430,13,-0.08208730660386729,0.5061790573902291
20,1553630400,1903,526,-1377,2429,13,-1.8442955246664967,1.756527609665241
20,1553644800,589,125,-464,714,13,-0.7324115557023082,-0.3899666517478176
20,1553659200,119,42,-77,161,13,-0.26110915045680894,-1.0821015360401915
20,1553673600,49,722,673,771,13,0.6522676038949341,-0.3186254430594535
20,1553688000,261,2239,1978,2500,13,2.241543156466967,1.845391220487589
20,1553702400,716,723,7,1439,13,-0.1588109539694137,0.517443458762076
20,1553716800,1937,488,-1449,2425,13,-1.9319796930842639,1.7515212090555312
20,1553731200,534,157,-377,691,13,-0.626459852197506,-0.41875345525364865
20,1553745600,128,39,-89,167,13,-0.2757231785264368,-1.0745919351256268
20,1553758059,36,427,391,463,13,0.30883794425867866,-0.7041182900071048
20,1553760000,46,499,453,545,13,0.3843437559517561,-0.6014870775080549
20,1553774400,337,2163,1826,2500,13,2.0564321342516805,1.845391220487589
20,1553788800,736,755,19,1491,13,-0.1441969258997858,0.5825266666883028
20,1553803200,1819,543,-1276,2362,13,-1.7212941217471285,1.6726703994526024
20,1553817600,587,142,-445,729,13,-0.7092726779253974,-0.37119264946140595
20,1553832000,125,29,-96,154,13,-0.28424802823371975,-1.0908627371071835
20,1553846400,56,616,560,672,13,0.5146521729059381,-0.44253385814977003
20,1553852973,84,1429,1345,1513,13,1.4706531757940957,0.6100618700417064
20,1553853065,74,1203,1129,1277,13,1.2076006705407938,0.3146842340688308
20,1553857343,97,426,329,523,13,0.23333213256560129,-0.6290222808614585
20,1553857434,82,393,311,475,13,0.21141109046115944,-0.6890990881779756
20,1553860800,128,1575,1447,1703,13,1.5948724143859327,0.84786589900292
20,1553875200,855,728,-127,1583,13,-0.3220009340802584,0.6976738807116273
20,1553889600,1744,541,-1203,2285,13,-1.6323921176568923,1.5762971877156897
20,1553904000,460,185,-275,645,13,-0.5022406136056691,-0.47632706226531085
20,1553918400,105,43,-62,148,13,-0.24284161536977406,-1.0983723380217483
20,1553932800,41,120,79,161,13,-0.07112678555164638,-1.0821015360401915
20,1553947200,140,389,249,529,13,0.13590527876808203,-0.6215126799468939
20,1553961600,352,437,85,789,13,-0.06381977151683244,-0.2960966403157596
20,1553976000,586,399,-187,985,13,-0.3950710744283979,-0.0507830104399815
20,1553990400,314,149,-165,463,13,-0.36827868963408006,-0.7041182900071048
20,1554004800,63,29,-34,92,13,-0.20874221654064232,-1.1684619465576849
20,1554019200,29,94,65,123,13,-0.08817648496621225,-1.1296623418324343
20,1554033600,125,335,210,460,13,0.08840968754179139,-0.7078730904643872
20,1554048000,317,505,188,822,13,0.061617302747473596,-0.25479383528565414
20,1554062400,418,218,-200,636,13,-0.4109029381704947,-0.48759146363715783
20,1554076800,180,125,-55,305,13,-0.23431676566249113,-0.9018711140906402
20,1554091200,35,16,-19,51,13,-0.19047468145360746,-1.21977755280721
20,1554105600,46,676,630,722,13,0.5999006699787675,-0.37995385052839803
20,1554120000,247,2202,1955,2449,13,2.21353293600018,1.7815596127137896
20,1554134400,666,637,-29,1303,13,-0.20265303817829736,0.34722583803194423
20,1554148800,1926,444,-1482,2370,13,-1.9721682702757406,1.682683200672022
20,1554163200,296,48,-248,344,14,-0.4102669509990687,-0.8390462146980843
20,1554177600,0,2,2,2,14,-0.1100375620787155,-1.218918563486645
20,1554192000,47,693,646,740,14,0.6633533437801145,-0.39919402136396137
20,1554206400,273,2315,2042,2588,14,2.3398342515113666,1.6534495475286124
20,1554220800,690,768,78,1458,14,-0.018767827846928126,0.39831576351962517
20,1554235200,1933,451,-1482,2384,14,-1.8921992147099322,1.4268590236898218
20,1554249600,313,56,-257,369,14,-0.4210752090002014,-0.8112777681492129
20,1554264000,0,5,5,5,14,-0.10643480941167127,-1.2155863499007804
20,1554278400,182,698,516,880,14,0.5072340615415307,-0.24369072069028155
20,1554280324,10,367,357,377,14,0.3162881701881861,-0.8023918652535741
20,1554292800,309,1972,1663,2281,14,1.8846864979081113,1.3124530239084715
20,1554307200,732,754,22,1486,14,-0.08601921096508724,0.42941642365436117
20,1554321600,1919,736,-1183,2655,14,-1.5331248655611898,1.7278689842795878
20,1554336000,491,73,-418,564,14,-0.6144229354649089,-0.5946838850680161
20,1554350400,1,6,5,7,14,-0.10643480941167127,-1.2133648741768708
20,1554364800,49,618,569,667,14,0.5708826919926456,-0.4802778852866659
20,1554379200,305,2158,1853,2463,14,2.11286083348758,1.5146073147842554
20,1554393600,774,842,68,1616,14,-0.030777003403742256,0.5738123457084924
20,1554408000,2002,558,-1444,2560,14,-1.8465643475940385,1.6223488873938765
20,1554422400,304,76,-228,380,14,-0.3862485998854404,-0.7990596516677095
20,1554436800,0,4,4,4,14,-0.10763572696735269,-1.2166970877627354
20,1554451200,44,598,554,642,14,0.5528689286574244,-0.5080463318355373
20,1554465600,313,2192,1879,2505,14,2.1440846899352963,1.5612583049863593
20,1554480000,957,854,-103,1811,14,-0.23613390542526386,0.7904062287896894
20,1554494400,2059,769,-1290,2828,14,-1.661623044019101,1.9200266343977779
20,1554508800,521,163,-358,684,14,-0.5423678821240241,-0.4613953416334333
20,1554523200,124,41,-83,165,14,-0.2121155543116356,-1.0378682919880036
20,1554537600,64,173,109,237,14,0.018460616379195674,-0.9578951659272539
20,1554552000,207,647,440,854,14,0.41596432730974336,-0.2725699051011078
20,1554566400,635,742,107,1377,14,0.016058781267832847,0.3083459967012818
20,1554580800,928,576,-352,1504,14,-0.5351623767899356,0.44940970516954853
20,1554595200,533,191,-342,724,14,-0.5231532012331215,-0.41696582715523905
20,1554609600,93,41,-52,134,14,-0.1748871100855118,-1.0723011657086041
20,1554624000,40,121,81,161,14,-0.015165075179883887,-1.042311243435823
20,1554638400,155,451,296,606,14,0.24303219929161987,-0.5480328948659121
20,1554652800,445,491,46,936,14,-0.05719718962873334,-0.1814894004208096
20,1554667200,661,300,-361,961,14,-0.5459706347910683,-0.1537209538719382
20,1554681600,278,111,-167,389,14,-0.31299262898887426,-0.7890630109101158
20,1554696000,45,26,-19,71,14,-0.13525683074802516,-1.14227765101176
20,1554710400,50,675,625,725,14,0.6381340751108048,-0.4158550892932842
20,1554724800,250,2191,1941,2441,14,2.2185415783875437,1.4901710818212486
20,1554739200,713,674,-39,1387,14,-0.15927518186165343,0.3194533753208304
20,1554753600,1879,423,-1456,2302,14,-1.8609753582622155,1.3357785190095235
20,1554768000,290,52,-238,342,15,-0.5163555167333028,-0.8014239598708987
20,1554782400,1,3,2,4,15,-0.2103217240331678,-1.2035039634872913
20,1554796800,58,707,649,765,15,0.6146943754542795,-0.2982291624456499
20,1554811200,260,2270,2010,2530,15,2.3501610082246285,1.80138979135001
20,1554825600,699,713,14,1412,15,-0.19502003439816104,0.47143285631117277
20,1554840000,2048,555,-1493,2603,15,-2.1166572243944257,1.8882295554446746
20,1554854400,329,44,-285,373,15,-0.5762871344704126,-0.7645467997759041
20,1554868800,1,2,1,3,15,-0.211596864836085,-1.2046935492968074
20,1554883200,49,665,616,714,15,0.5726147289580109,-0.35889803873096354
20,1554887469,42,1068,1026,1110,15,1.0954224581540748,0.11217794183735447
20,1554887560,50,872,822,922,15,0.8352937343589601,-0.111464190351645
20,1554894699,162,1016,854,1178,15,0.8760982400523114,0.19306977688443938
20,1554895772,167,913,746,1080,15,0.7383830333372506,0.07649036755187583
20,1554897600,128,1766,1638,1894,15,1.8758086295394192,1.044813216497863
20,1554912000,756,742,-14,1498,15,-0.23072397687984345,0.5737372359295448
20,1554926400,1924,545,-1379,2469,15,-1.9712911728618614,1.7288250569695367
20,1554940800,298,52,-246,350,15,-0.5265566431566406,-0.7919072733947711
20,1554955200,1,4,3,5,15,-0.20904658323025055,-1.2023143776777754
20,1554969600,54,639,585,693,15,0.5330853640675769,-0.3838793407307986
20,1554984000,337,2248,1911,2585,15,2.2239220687358228,1.8668170108733875
20,1554998400,812,764,-48,1576,15,-0.27407876417902927,0.6665249290717893
20,1555012800,1889,555,-1334,2444,15,-1.913909836730586,1.6990854117316379
20,1555027200,342,71,-271,413,15,-0.5584351632295713,-0.7169633673952659
20,1555041600,2,1,-1,3,15,-0.21414714644191948,-1.2046935492968074
20,1555056000,45,566,521,611,15,0.45147635268087416,-0.4814253771111069
20,1555059760,43,814,771,857,15,0.7702615534101814,-0.18878726797018205
20,1555059844,35,716,681,751,15,0.6554988811476308,-0.3148833637788732
20,1555070400,261,1698,1437,1959,15,1.619505328153056,1.1221362941164
20,1555084800,828,716,-112,1544,15,-0.35568777556573195,0.6284581831672787
20,1555099200,1990,837,-1153,2827,15,-1.6831093514025677,2.1546967767762486
20,1555113600,767,153,-614,920,15,-0.9958084586301811,-0.1138433619706769
20,1555128000,78,28,-50,106,15,-0.2766290457848637,-1.0821662109166639
20,1555142400,46,135,89,181,15,-0.09938447417936884,-0.9929472752029673
20,1555156800,211,442,231,653,15,0.0816855198348777,-0.43146277311143677
20,1555171200,460,541,81,1001,15,-0.10958560060270668,-0.017486911399884588
20,1555185600,680,607,-73,1287,15,-0.30595728425196,0.3227346301216784
20,1555200000,490,180,-310,670,15,-0.6081656545433433,-0.41123981434966556
20,1555214400,88,28,-60,116,15,-0.289380453814036,-1.0702703528215045
20,1555228800,39,104,65,143,15,-0.12998785344938235,-1.0381515359645737
20,1555243200,143,398,255,541,15,0.1122888991048912,-0.5646963837772238
20,1555251771,56,202,146,258,15,-0.026701448413086776,-0.9013491678702389
20,1555255963,36,67,31,103,15,-0.17334264074856814,-1.0857349683452118
20,1555257600,350,424,74,774,15,-0.11851158622312728,-0.28752289016000626
20,1555272000,580,377,-203,957,15,-0.4717255886311998,-0.06982868701858659
20,1555286400,174,96,-78,270,15,-0.31233298826654615,-0.8870741381560474
20,1555300800,33,18,-15,51,15,-0.23199911768276069,-1.1475934304400415
20,1555315200,40,640,600,680,15,0.5522124761113353,-0.399343956254506
20,1555329600,376,2258,1882,2634,15,2.186942985451223,1.9251067155396693
20,1555344000,714,743,29,1457,15,-0.1758929223544026,0.5249642177393907
20,1555358400,1957,511,-1446,2468,15,-2.0567256066573156,1.7276354711600208
20,1555372800,514,97,-417,611,16,-0.5297082950709348,-0.5985290711670485
20,1555387200,67,22,-45,89,16,-0.08475332721134957,-1.193799954684848
20,1555401600,49,680,631,729,16,0.7238207541678966,-0.4639659212530632
20,1555416000,345,2347,2002,2692,16,2.363695111521368,1.774571903163489
20,1555430400,762,730,-32,1492,16,-0.06920382564636406,0.4061330904788926
20,1555444800,1990,594,-1396,2584,16,-1.700705374464843,1.6514124100218752
20,1555459200,571,149,-422,720,16,-0.5356888725959291,-0.47422921234819765
20,1555473600,79,25,-54,104,16,-0.09551836675633953,-1.1766944695262904
20,1555488000,50,654,604,704,16,0.6915256355329267,-0.49247506318399226
20,1555502400,363,2330,1967,2693,16,2.3218310688464068,1.775712268840726
20,1555516800,720,763,43,1483,16,0.02050483722855231,0.39586979938375816
20,1555531200,2040,601,-1439,2641,16,-1.752138341179795,1.7164132536243937
20,1555545600,565,184,-381,749,16,-0.48664813689097486,-0.4411586077083199
20,1555560000,85,26,-59,111,16,-0.10149894428133395,-1.1687119097856302
20,1555574400,44,681,637,725,16,0.73099744719789,-0.4685273839620118
20,1555588800,355,2210,1855,2565,16,2.1878661322865316,1.6297454621543692
20,1555603200,864,842,-22,1706,16,-0.05724267059637521,0.6501713454076457
20,1555617600,1808,597,-1211,2405,16,-1.4794240060400494,1.447286953796423
20,1555632000,1738,198,-1540,1936,16,-1.8729460071846826,0.9124554511721933
20,1555646400,103,32,-71,135,16,-0.11585233034132057,-1.1413431335319384
20,1555660800,48,464,416,512,16,0.46665592059313643,-0.7114252732135277
20,1555675200,383,1594,1211,1977,16,1.4175677470672499,0.959210443938917
20,1555689600,918,736,-182,1654,16,-0.24862115139619678,0.5908723301913131
20,1555704000,1339,598,-741,1937,16,-0.9172497186905735,0.9135958168494305
20,1555718400,572,164,-408,736,16,-0.5189432555259448,-0.45598336151240304
20,1555732800,84,23,-61,107,16,-0.10389117529133172,-1.173273372494579
20,1555747200,36,116,80,152,16,0.06476111091351106,-1.1219569170189065
20,1555761600,205,441,236,646,16,0.2513551296933371,-0.5586162724637478
20,1555776000,403,462,59,865,16,0.039642685308534466,-0.30887618914880893
20,1555790400,546,410,-136,956,16,-0.1935998381662481,-0.20510291252022703
20,1555804800,348,145,-203,493,16,-0.2737395770011734,-0.7330922210810338
20,1555819200,77,20,-57,97,16,-0.09910671327133619,-1.1846770292669506
20,1555833600,32,94,62,126,16,0.04323103182353112,-1.1516064246270727
20,1555848000,288,480,192,768,16,0.19872604747338615,-0.41949165984081377
20,1555862400,702,525,-177,1227,16,-0.24264057387120236,0.1039361860110443
20,1555876800,690,300,-390,990,16,-0.49741317643596483,-0.16633047949416346
20,1555891200,280,128,-152,408,16,-0.21273768624623024,-0.8300233036461927
20,1555905600,36,16,-20,52,16,-0.05485043958637744,-1.2359934847426228
20,1555920000,30,613,583,643,16,0.6664072099279501,-0.5620373694954592
20,1555934400,349,2102,1753,2451,16,2.0658623507766456,1.4997437749493325
20,1555948800,824,723,-101,1547,16,-0.15173579549128713,0.46885320272693665
20,1555963200,2008,480,-1528,2488,16,-1.858592621124696,1.5419373050071075
20,1555977600,424,98,-326,522,17,-0.48414455700731857,-0.6938230235515697
20,1555992000,67,20,-47,87,17,-0.1383649556779007,-1.18854052892905
20,1556006400,44,668,624,712,17,0.6932411822863983,-0.4777395154556588
20,1556020800,327,2195,1868,2522,17,2.234996824056276,1.580740219563282
20,1556035200,763,765,2,1528,17,-0.07763663859854057,0.45028228773520074
20,1556049600,1809,590,-1219,2399,17,-1.5908871519434125,1.4408545801117185
20,1556064000,602,144,-458,746,17,-0.6477392070986561,-0.4390719403227063
20,1556078400,77,32,-45,109,17,-0.13588624885833497,-1.1635203332547865
20,1556092800,44,658,614,702,17,0.6808476481885697,-0.489112331671233
20,1556107200,411,2115,1704,2526,17,2.031742864851887,1.5852893460495117
20,1556121600,746,783,37,1529,17,-0.03425926925614048,0.45141956935675814
20,1556136000,1853,592,-1261,2445,17,-1.6429399951542925,1.4931695347033602
20,1556150400,572,169,-403,741,17,-0.5795747695605987,-0.44475834843049344
20,1556164800,86,30,-56,116,17,-0.14951913636594644,-1.1555593619038846
20,1556179200,40,646,606,686,17,0.6709328209103068,-0.5073088376161519
20,1556193600,345,2065,1720,2410,17,2.0515725194084125,1.4533646779488503
20,1556208000,779,854,75,1633,17,0.012836160315608195,0.5696968579987304
20,1556222400,2155,675,-1480,2830,17,-1.9143583918967388,1.9310229590029693
20,1556236800,606,171,-435,777,17,-0.6192340786736503,-0.4038162100544261
20,1556251200,80,34,-46,114,17,-0.13712560226811785,-1.1578339251469993
20,1556265600,50,620,570,670,17,0.6263160981581238,-0.5255053435610707
20,1556280000,393,2071,1678,2464,17,1.9995196761975325,1.5147778855129512
20,1556294400,991,844,-147,1835,17,-0.2623002966561867,0.7994277455533304
20,1556308800,1908,604,-1304,2512,17,-1.6962321917749554,1.5693674033477079
20,1556323200,500,145,-355,645,17,-0.5200858058910215,-0.5539373841000064
20,1556337600,79,28,-51,107,17,-0.14332236931703213,-1.1657948964979015
20,1556352000,36,155,119,191,17,0.06736771034605403,-1.0702632402870778
20,1556366400,284,598,314,882,17,0.3090416252537117,-0.2844016397908964
20,1556380800,580,602,22,1182,17,-0.05284957040288337,0.056782846676331364
20,1556395200,750,487,-263,1237,17,-0.4060652921909984,0.11933333586198978
20,1556409600,409,204,-205,613,17,-0.3341827944235925,-0.5903303959898439
20,1556424000,80,38,-42,118,17,-0.1321681886289864,-1.1532847986607697
20,1556438400,34,109,75,143,17,0.012836160315608195,-1.1248527581218342
20,1556452800,195,423,228,618,17,0.20245723201238575,-0.5846439878820568
20,1556467200,397,477,80,874,17,0.019032927364522494,-0.2934998927633558
20,1556481600,575,337,-238,912,17,-0.37508145694642686,-0.25028319114417363
20,1556496000,326,120,-206,446,17,-0.3354221478333754,-0.780256426789934
20,1556510400,36,31,-5,67,17,-0.08631211246702059,-1.2112861613601984
20,1556524800,42,625,583,667,17,0.642427692485301,-0.528917188425743
20,1556539200,330,2166,1836,2496,17,2.1953375149432244,1.551170897402789
20,1556553600,686,649,-37,1335,17,-0.1259714215800721,0.2307869347746175
20,1556568000,1905,494,-1411,2399,17,-1.8288430066217214,1.4408545801117185
20,1556582400,540,120,-420,660,18,-0.6303008783847628,-0.5570823302445947
20,1556596800,83,20,-63,103,18,-0.2075945094863576,-1.2090259876123408
20,1556611200,44,672,628,716,18,0.610585044880023,-0.49153682788805303
20,1556625600,320,2293,1973,2613,18,2.203134249833398,1.7288170644398
20,1556640000,713,737,24,1450,18,-0.10458203303212445,0.367577435142334
20,1556654400,1919,590,-1329,2509,18,-1.7066036496134747,1.6070897029205082
20,1556668800,551,143,-408,694,18,-0.6160922609427996,-0.5172868466709801
20,1556683200,76,24,-52,100,18,-0.19456994349789133,-1.2125373538100126
20,1556697600,47,720,673,767,18,0.663867360287385,-0.43184360252763104
20,1556712000,305,2318,2013,2623,18,2.2504963079732754,1.7405216184320398
20,1556726400,719,707,-12,1426,18,-0.14720788535801405,0.33948650556095894
20,1556740800,1947,478,-1469,2425,18,-1.8723708531030452,1.5087714493856954
20,1556755200,471,111,-360,582,18,-0.5592577911749467,-0.6483778513840637
20,1556769600,89,24,-65,113,18,-0.20996261239335146,-1.1973214336201012
20,1556784000,50,658,608,708,18,0.5869040158100844,-0.5009004710818447
20,1556790326,94,1481,1387,1575,18,1.5092800980841952,0.5138843600453291
20,1556798400,242,1900,1658,2142,18,1.8301580419818642,1.1775325714053146
20,1556812800,775,879,104,1654,18,-0.00985791675236981,0.6063503365840219
20,1556827200,1836,662,-1174,2498,18,-1.52307567432145,1.5942146935290447
20,1556841600,688,128,-560,816,18,-0.7960680818743333,-0.37449128796565695
20,1556856000,92,34,-58,126,18,-0.20167425221887295,-1.1821055134301897
20,1556870400,49,635,586,684,18,0.5608548838331519,-0.5289914006632197
20,1556884800,349,2090,1741,2439,18,1.9284343126221095,1.525157824974831
20,1556899200,853,797,-56,1650,18,-0.19930614931187907,0.6016685149871261
20,1556913600,1774,574,-1200,2348,18,-1.5538610121123704,1.4186463836454506
20,1556928000,453,201,-252,654,18,-0.43138023419727795,-0.5641050626399385
20,1556942400,104,38,-66,142,18,-0.2111466638468484,-1.1633782270426063
20,1556956800,44,160,116,204,18,0.004350700689593385,-1.0908099922907208
20,1556971200,211,503,292,714,18,0.21274375650505362,-0.4938777386865009
20,1556985600,505,591,86,1096,18,-0.031170842915314603,-0.04676377618294802
20,1557000000,745,586,-159,1331,18,-0.32126344902206316,0.2282932426346827
20,1557014400,483,188,-295,671,18,-0.48229444669764604,-0.5442073208531313
20,1557028800,95,38,-57,133,18,-0.200490200765376,-1.173912325635622
20,1557043200,32,138,106,170,18,-0.007489813845375944,-1.1306054758643354
20,1557057600,132,422,290,554,18,0.21037565359805974,-0.6811506025623346
20,1557072000,446,553,107,999,18,-0.006305762391879011,-0.16029794990767218
20,1557086400,607,377,-230,984,18,-0.4053311022203454,-0.1778547808960316
20,1557100800,375,93,-282,468,18,-0.46690177780218595,-0.7818097668955952
20,1557115200,37,27,-10,64,18,-0.14483978245102017,-1.2546737481820753
20,1557129600,34,643,609,677,18,0.5880880672635813,-0.5371845884577875
20,1557144000,389,2228,1839,2617,18,2.044471355064809,1.733498886036696
20,1557158400,712,750,38,1462,18,-0.08800531268316739,0.3816228999330215
20,1557172800,1978,507,-1471,2485,18,-1.8747389560100391,1.578998773339133
20,1557187200,567,135,-432,702,19,-0.6261581587191994,-0.44238814993765324
20,1557201600,96,41,-55,137,19,-0.17270877703605614,-1.0916837815027765
20,1557216000,52,683,631,735,19,0.6524007079364539,-0.4044646882710177
20,1557230400,325,2222,1897,2547,19,2.175124626267646,1.6778781159696963
20,1557244800,764,760,-4,1524,19,-0.11136681824072377,0.5022508043039952
20,1557259200,1956,539,-1417,2495,19,-1.810899911923168,1.6181199339495433
20,1557273600,673,125,-548,798,19,-0.7656810453909358,-0.33206535236198625
20,1557288000,87,35,-52,122,19,-0.16910042651868365,-1.1089217186239744
20,1557302400,44,655,611,699,19,0.6283450378206372,-0.4458357373618928
20,1557305225,25,456,431,481,19,0.4118440067782877,-0.6963604235233032
20,1557306560,20,343,323,363,19,0.28194338815287795,-0.8319655288767271
20,1557316800,372,2246,1874,2618,19,2.147460605634457,1.7594710183433666
20,1557331200,720,770,50,1490,19,-0.046416508928018886,0.46317814682927977
20,1557345600,1873,559,-1314,2432,19,-1.6870132108267122,1.5457205980405118
20,1557360000,590,125,-465,715,19,-0.6658500144102969,-0.427448604432615
20,1557374400,90,25,-65,115,19,-0.18473661209396444,-1.1169660892805335
20,1557388800,58,668,610,726,19,0.6271422543148464,-0.41480745054373647
20,1557403200,328,2141,1813,2469,19,2.074090811781216,1.5882408429394668
20,1557417600,799,817,18,1616,19,-0.08490558111332548,0.6079768186473427
20,1557432000,2025,576,-1449,2601,19,-1.8493889841084745,1.7399346896060088
20,1557446400,570,123,-447,693,19,-0.6441999113060619,-0.452730912210372
20,1557460800,95,23,-72,118,19,-0.19315609663450026,-1.1135185018562939
20,1557475200,59,638,579,697,19,0.5898559656353307,-0.44813412897805255
20,1557489600,310,2104,1794,2414,19,2.0512379251711903,1.5250350734950744
20,1557504000,827,829,2,1656,19,-0.10415011720597878,0.6539446509705372
20,1557518400,1689,571,-1118,2260,19,-1.4512676436917094,1.3480589190507752
20,1557532800,502,168,-334,670,19,-0.508285375151698,-0.4791624157962089
20,1557547200,107,36,-71,143,19,-0.19195331312870945,-1.0847886066542973
20,1557561600,41,166,125,207,19,0.043792254006293434,-1.011240074937186
20,1557576000,213,506,293,719,19,0.24585988297915304,-0.4228518212002955
20,1557590400,444,605,161,1049,19,0.08709246021476334,-0.04361720453394035
20,1557604800,656,455,-201,1111,19,-0.3483151688815175,0.027632935567011234
20,1557619200,433,119,-314,552,19,-0.4842297050358814,-0.6147675211496328
20,1557633600,78,25,-53,103,19,-0.1703032100244745,-1.1307564389774918
20,1557648000,27,100,73,127,19,-0.018752488294829776,-1.103175739583575
20,1557662400,118,417,299,535,19,0.25307658401389804,-0.6343038498869905
20,1557676800,429,518,89,947,19,0.0004920477978235186,-0.1608351769580865
20,1557691200,479,229,-250,708,19,-0.40725156066526824,-0.43549297508917406
20,1557705600,174,81,-93,255,19,-0.21841455025610773,-0.9560786761493525
20,1557720000,35,18,-17,53,19,-0.12700300381600457,-1.188216229381485
20,1557734400,45,659,614,704,19,0.6319533883380097,-0.4400897583214935
20,1557748800,281,2303,2022,2584,19,2.3254725644914997,1.7203983608686513
20,1557763200,876,763,-113,1639,19,-0.24247022037192434,0.6344083222331796
20,1557777600,2012,485,-1527,2497,19,-1.9432060975601593,1.620418325565703
20,1557792000,429,109,-320,538,20,-0.5250193886827471,-0.7052860557976509
20,1557806400,81,22,-59,103,20,-0.20475592550216828,-1.2239566750116797
20,1557820800,48,735,687,783,20,0.7106331301787199,-0.4131612242863014
20,1557835200,298,2261,1963,2559,20,2.2763656168393274,1.7044457176082157
20,1557849600,743,733,-10,1476,20,-0.1446298347134772,0.41313472770294424
20,1557864000,2049,670,-1379,2719,20,-1.8244791875648656,1.895221117778893
20,1557878400,678,115,-563,793,20,-0.8231957164715619,-0.40123776177563414
20,1557892800,92,20,-72,112,20,-0.22070774550733122,-1.213225558752079
20,1557907200,48,630,582,678,20,0.5817915070600962,-0.5383575806483084
20,1557921600,347,2222,1875,2569,20,2.1683840660351477,1.716369180118883
20,1557936000,741,842,101,1583,20,-0.008425833130932207,0.5407157765670847
20,1557950400,1969,637,-1332,2606,20,-1.766807222930815,1.7604859914083522
20,1557964800,750,224,-526,974,20,-0.7777943826107135,-0.18542309033255552
20,1557979200,118,30,-88,148,20,-0.24034075474445482,-1.1703010937136766
20,1557993600,63,643,580,706,20,0.5793373809054557,-0.5049718856184399
20,1558008000,297,2172,1875,2469,20,2.1683840660351477,1.5971345550122098
20,1558022400,767,821,54,1588,20,-0.0660977977649828,0.5466775078224183
20,1558036800,1904,742,-1162,2646,20,-1.5582064997863767,1.8081798414510215
20,1558051200,772,191,-581,963,20,-0.845282851863326,-0.19853889909428957
20,1558065600,99,21,-78,120,20,-0.22807012397125256,-1.2036867887435452
20,1558080000,57,604,547,661,20,0.5388442993538883,-0.5586274669164428
20,1558086892,83,1583,1500,1666,20,1.7082354120400631,0.6396805154056234
20,1558093469,246,559,313,805,20,0.2517115392609556,-0.38692960676283333
20,1558094400,282,1705,1423,1987,20,1.6137515550864059,1.0224236619980447
20,1558108800,841,786,-55,1627,20,-0.19984767319288738,0.5931790116140209
20,1558123200,1638,667,-971,2305,20,-1.3238374520182137,1.4015897698372657
20,1558132456,450,91,-359,541,20,-0.5728748486982359,-0.7017090170444508
20,1558137600,446,161,-285,607,20,-0.4820721809765392,-0.6230141644740463
20,1558152000,113,34,-79,147,20,-0.2292971870485728,-1.1714934399647434
20,1558166400,41,171,130,212,20,0.02715899611135433,-1.0939909336454057
20,1558180800,178,510,332,688,20,0.27502573773003985,-0.5264341181376411
20,1558195200,463,611,148,1074,20,0.049246131503118386,-0.06618846522588226
20,1558209600,732,580,-152,1312,20,-0.31887279169294924,0.2175899425280001
20,1558224000,505,234,-271,739,20,-0.46489329789405603,-0.4656244593332377
20,1558238400,99,39,-60,138,20,-0.20598298857948852,-1.182224556224344
20,1558252800,33,108,75,141,20,-0.040329473141258065,-1.1786475174711437
20,1558267200,137,382,245,519,20,0.16827125000318022,-0.7279406345679189
20,1558281600,375,553,178,928,20,0.08605802382272515,-0.24027101788162522
20,1558296000,648,427,-221,1075,20,-0.4035401440280448,-0.06499611897481553
20,1558310400,398,118,-280,516,20,-0.4759368655899381,-0.731517673321119
20,1558324800,52,19,-33,71,20,-0.17285228549184242,-1.262111755045815
20,1558339200,45,678,633,723,20,0.6443717240034277,-0.4847019993503054
20,1558353600,250,2183,1933,2433,20,2.2395537245197206,1.5542100899738074
20,1558368000,728,699,-29,1427,20,-0.16794403318256151,0.35470976140067434
20,1558382400,1854,499,-1355,2353,20,-1.7950296737091802,1.4588223898884687
20,1558396800,454,93,-361,547,21,-0.5991380441910301,-0.48303241301930877
20,1558411200,85,22,-63,107,21,-0.17851920629239612,-1.0231137018471355
20,1558425600,67,666,599,733,21,0.7558756617911464,-0.25472532274209114
20,1558440000,265,2159,1894,2424,21,2.5837326922566866,1.8209052668212153
20,1558454400,733,842,109,1575,21,0.06425408269607717,0.7787938708784317
20,1558454802,32,27,-5,59,21,-0.09665379488930628,-1.0820316606283529
20,1558468800,1888,576,-1312,2464,21,-1.9414484966796237,1.8700035658055632
20,1558483200,532,131,-401,663,21,-0.6555969486069542,-0.3406473459646999
20,1558497600,106,23,-83,129,21,-0.20674865850035815,-0.9961096374057441
20,1558512000,61,661,600,722,21,0.7572871344015445,-0.2682273549627868
20,1558526400,267,2216,1949,2483,21,2.661363685828582,1.8933252578231283
20,1558540800,774,875,101,1649,21,0.05296230181289237,0.8696257239994752
20,1558555200,1880,590,-1290,2470,21,-1.9103960992508655,1.8773683106532153
20,1558569600,521,125,-396,646,21,-0.6485395855549637,-0.36151412303304775
20,1558584000,95,27,-68,122,21,-0.18557656934438663,-1.004701839728005
20,1558598400,81,678,597,759,21,0.7530527165703502,-0.22281142840226503
20,1558598914,18,127,109,145,21,0.06425408269607717,-0.9764703178120049
20,1558612800,348,2428,2080,2776,21,2.8462665977907333,2.2529702978834765
20,1558627200,792,772,-20,1564,21,-0.1178258840452778,0.765291838657736
20,1558641600,1946,617,-1329,2563,21,-1.9654435310563916,1.9915218557918242
20,1558656000,507,156,-351,663,21,-0.5850233180870491,-0.3406473459646999
20,1558670400,102,26,-76,128,21,-0.19686835022757143,-0.9973370948803527
20,1558684800,50,512,462,562,21,0.5625039141666066,-0.4646205509001783
20,1558699200,256,1735,1479,1991,21,1.997971558941475,1.2894161803156496
20,1558713600,1128,785,-343,1913,21,-0.5737315372038644,1.1936744972961713
20,1558728000,1293,556,-737,1849,21,-1.129851745700716,1.1151172189212146
20,1558742400,463,161,-302,624,21,-0.5158611601775422,-0.3885181874744391
20,1558756800,92,32,-60,124,21,-0.17428478846120182,-1.0022469247787875
20,1558771200,33,139,106,172,21,0.06001966486488287,-0.9433289659975701
20,1558785600,150,467,317,617,21,0.3578403856588821,-0.3971103897967
20,1558800000,409,523,114,932,21,0.07131144574806768,-0.01046128529496046
20,1558814400,690,514,-176,1204,21,-0.3380156112673815,0.3234071477986051
20,1558828800,458,187,-271,645,21,-0.47210550925520106,-0.3627415805076565
20,1558843200,84,22,-62,106,21,-0.17710773368199803,-1.0243411593217442
20,1558857600,26,88,62,114,21,-0.0020851299926335568,-1.0145214995248746
20,1558872000,163,350,187,513,21,0.17434894630712902,-0.5247659671560044
20,1558886400,378,411,33,789,21,-0.043017835694178476,-0.18598770416400412
20,1558900800,628,296,-332,924,21,-0.5582053384894852,-0.020280945091830035
20,1558915200,231,136,-95,367,21,-0.22368632982513534,-0.7039747584488742
20,1558929600,47,21,-26,68,21,-0.1262947197076664,-1.0709845433568745
20,1558944000,29,130,101,159,21,0.05296230181289237,-0.9592859131674831
20,1558958400,168,428,260,596,21,0.27738644686619035,-0.4228869967634826
20,1558972800,391,443,52,834,21,-0.016199856096614562,-0.13075211780661275
20,1558987200,574,315,-259,889,21,-0.45516783793042387,-0.06324195670313443
20,1559001600,319,133,-186,452,22,-0.3050702111815598,-0.7381602785880289
20,1559016000,48,20,-28,68,22,-0.11327050285367438,-1.1917723560529834
20,1559030400,35,592,557,627,22,0.5968739868413446,-0.5314360245349897
20,1559044800,258,2051,1793,2309,22,2.097281831735436,1.4554793772776495
20,1559059200,678,617,-61,1295,22,-0.15332993560570107,0.2576599852217541
20,1559073600,1920,468,-1452,2388,22,-1.8418957222138572,1.5488006119644502
20,1559088000,474,124,-350,598,22,-0.5041534527370864,-0.5656931866352076
20,1559102400,81,18,-63,99,22,-0.1557577800149148,-1.155152631049302
20,1559116800,55,654,599,709,22,0.6478587194348331,-0.4345709454929942
20,1559131200,302,2091,1789,2393,22,2.0924261429170086,1.5547070192231085
20,1559145600,757,686,-71,1443,22,-0.16546915765176975,0.43248964007803864
20,1559160000,2199,524,-1675,2723,22,-2.112600373841189,1.9445298982945536
20,1559174400,431,107,-324,538,22,-0.4725914754173079,-0.6365700737391068
20,1559188800,87,19,-68,106,22,-0.16182739103794916,-1.1468836608871806
20,1559203200,43,624,581,667,22,0.6260081197519094,-0.4841847664657236
20,1559217600,273,2060,1787,2333,22,2.0899982985077945,1.4838301321192093
20,1559232000,682,754,72,1436,22,0.00812171760701263,0.42422066991591706
20,1559246400,2115,562,-1553,2677,22,-1.9645018648791512,1.8901909515148976
20,1559260800,481,95,-386,576,22,-0.5478546521029338,-0.5916813785733039
20,1559275200,94,30,-64,124,22,-0.15697170221952167,-1.125620594756011
20,1559289600,54,594,540,648,22,0.5762373093630277,-0.506629114048625
20,1559304000,363,1918,1555,2281,22,1.8083683470390008,1.4224034966291634
20,1559318400,854,744,-110,1598,22,-0.2128121236314377,0.6155882650964447
20,1559332800,1686,618,-1068,2304,22,-1.3757495956448191,1.4495729700189914
20,1559347200,590,257,-333,847,22,-0.4835167752587697,-0.27155410515402617
20,1559361600,123,56,-67,179,22,-0.1606134688333423,-1.0606501149107699
20,1559376000,37,180,143,217,22,0.0943101941341004,-1.0157614197449671
20,1559390400,217,578,361,795,22,0.35894523473839807,-0.3329807406440721
20,1559404800,450,598,148,1048,22,0.10037980515713475,-0.03411653335596405
20,1559419200,608,451,-157,1059,22,-0.2698664672479606,-0.02112243738691587
20,1559433600,400,230,-170,630,22,-0.2856474559078499,-0.5278921801797948
20,1559448000,90,44,-46,134,22,-0.13512110253659804,-1.1138077802386943
20,1559462400,28,100,72,128,22,0.00812171760701263,-1.1208954689490842
20,1559476800,149,474,325,623,22,0.31524403537255075,-0.5361611503419164
20,1559491200,441,533,92,974,22,0.032400161699150026,-0.12153136078410633
20,1559505600,638,317,-321,955,22,-0.46894970880348724,-0.1439757083670077
20,1559520000,255,170,-85,425,22,-0.18246406851626595,-0.7700548777847834
20,1559534400,45,22,-23,67,22,-0.10720089183064002,-1.192953637504715
20,1559548800,37,624,587,661,22,0.6332916529795506,-0.4912724551761135
20,1559563200,254,2118,1864,2372,22,2.1834703082625238,1.5299001087367436
20,1559577600,663,632,-31,1295,22,-0.11691226946749499,0.2576599852217541
20,1559592000,1929,499,-1430,2428,22,-1.815189433712506,1.5960518700337163
20,1559606400,530,143,-387,673,23,-0.5617550655882657,-0.4678733899870321
20,1559620800,87,21,-66,108,23,-0.17974998497332842,-1.1150108581852856
20,1559635200,59,747,688,806,23,0.7175454380287362,-0.3155383753492132
20,1559641688,67,1215,1148,1282,23,1.264967048878802,0.22966062440719143
20,1559649600,269,2348,2079,2617,23,2.372900787360131,1.7587376510349229
20,1559664000,686,642,-44,1328,23,-0.15356895141093396,0.2823479227029784
20,1559678400,1871,561,-1310,2432,23,-1.6601684282287241,1.5468430818018664
20,1559692800,579,135,-444,714,23,-0.6295877434544696,-0.4209129719407872
20,1559707200,97,22,-75,119,23,-0.19046040779430795,-1.102411721636293
20,1559721600,53,640,587,693,23,0.5973506930377434,-0.44496586898886387
20,1559736000,290,2194,1904,2484,23,2.1646425658410844,1.6064026363971038
20,1559750400,674,711,37,1385,23,-0.057175146022118005,0.34763435754775796
20,1559764800,1947,525,-1422,2472,23,-1.793453690000914,1.592658123798203
20,1559779200,486,115,-371,601,23,-0.5427143139065244,-0.5503404655804378
20,1559793600,93,24,-69,117,23,-0.18332012591365493,-1.1047024737361097
20,1559808000,49,636,587,685,23,0.5973506930377434,-0.4541288773881311
20,1559822400,374,2174,1800,2548,23,2.040877679909765,1.6797067035912423
20,1559836800,720,750,30,1470,23,-0.06550547488287987,0.4449913217899731
20,1559851200,1945,655,-1290,2600,23,-1.6363674886265474,1.7392662581864797
20,1559865600,590,146,-444,736,23,-0.6295877434544696,-0.3957146988428021
20,1559880000,98,38,-60,136,23,-0.17260970309267537,-1.0829403287878498
20,1559894400,65,626,561,691,23,0.5664094715549136,-0.4472566210886807
20,1559908800,357,2009,1652,2366,23,1.8647507268536567,1.471248262507911
20,1559923200,1041,763,-278,1804,23,-0.4320399447564023,0.827546922459383
20,1559937600,2202,606,-1596,2808,23,-2.000521864539852,1.9775044765674297
20,1559952000,644,180,-464,824,23,-0.6533886830566463,-0.29492160645086174
20,1559966400,162,35,-127,197,23,-0.2523428507599676,-1.0130723897434366
20,1559980800,39,139,100,178,23,0.017797813724738848,-1.0348345346916965
20,1559995200,137,435,298,572,23,0.25342711578628896,-0.5835563710277818
20,1560009600,439,563,124,1002,23,0.04635894124735098,-0.09104466956716423
20,1560024000,622,408,-214,1030,23,-0.3558769380294366,-0.058974140169728656
20,1560038400,366,207,-159,573,23,-0.2904243541234504,-0.5824109949778734
20,1560052800,98,44,-54,142,23,-0.16546942121202235,-1.0760680724883993
20,1560067200,30,107,77,137,23,-0.009573266817764445,-1.0817949527379416
20,1560081600,153,513,360,666,23,0.32721002855303694,-0.47589102233639097
20,1560096000,487,532,45,1019,23,-0.047654770181247294,-0.0715732767187212
20,1560110400,352,377,25,729,23,-0.07145570978342407,-0.40373233119216095
20,1560124800,243,122,-121,365,23,-0.24520256887931455,-0.8206492133588233
20,1560139200,49,22,-27,71,23,-0.1333381527490837,-1.1573897720318966
20,1560153600,37,695,658,732,23,0.6818440286254709,-0.40029620304243574
20,1560154790,17,195,178,212,23,0.11062147817322829,-0.9958917489948105
20,1560155439,9,113,104,122,23,0.022558001645174207,-1.0989755934865677
20,1560168000,255,1921,1666,2176,23,1.8814113845751805,1.2536268130253128
20,1560182400,927,741,-186,1668,23,-0.32255562258638915,0.6717757796718389
20,1560196800,2125,452,-1673,2577,23,-2.0921554820082324,1.7129226090385863
20,1560211200,480,114,-366,594,24,-0.5321495434616129,-0.8015387581172992
20,1560225600,81,21,-60,102,24,-0.2241413716010289,-1.2999426166099326
20,1560240000,63,704,641,767,24,0.4814590482495246,-0.6262869948668407
20,1560254400,296,2248,1952,2544,24,1.8010626865149677,1.173842388347406
20,1560268800,778,2098,1320,2876,24,1.1649150897310165,1.510163691232679
20,1560283200,2312,548,-1764,2860,24,-1.9393241325501633,1.4939554356719429
20,1560297600,615,502,-113,1117,24,-0.27748919221740453,-0.2717314044757398
20,1560312000,95,24,-71,119,24,-0.2352135607855597,-1.2827213450766506
20,1560326400,53,663,610,716,24,0.45025560600221054,-0.6779508094666868
20,1560327483,11,165,154,176,24,-0.008736963829247945,-1.2249794346415284
20,1560340800,281,1986,1705,2267,24,1.5524417111895943,0.8932369639521633
20,1560355200,803,751,-52,1554,24,-0.2160888703759156,0.1709565755268634
20,1560369600,1950,617,-1333,2567,24,-1.505495629047184,1.1971417557159643
20,1560384000,653,163,-490,816,24,-0.6569633124508691,-0.5766492122120865
20,1560398400,99,22,-77,121,24,-0.24125293670439468,-1.2806953131315584
20,1560412800,60,651,591,711,24,0.43113091559256644,-0.6830158893294169
20,1560427200,311,2372,2061,2683,24,1.9107780157071366,1.3146516085313005
20,1560441600,716,755,39,1471,24,-0.12449166894025172,0.08687624980554519
20,1560456000,1914,657,-1257,2571,24,-1.4289968674086075,1.2011938196061482
20,1560470400,603,125,-478,728,24,-0.6448845606131992,-0.6657946177961348
20,1560484800,107,25,-82,132,24,-0.2462857499700905,-1.2695521374335526
20,1560499200,47,585,538,632,24,0.3777830949761908,-0.7630441511605511
20,1560513600,294,2037,1743,2331,24,1.5906910920088826,0.9580699861951075
20,1560528000,934,799,-135,1733,24,-0.29963357058646617,0.3522864346125979
20,1560542400,1726,717,-1009,2443,24,-1.1793693294300949,1.0715277751202599
20,1561161600,9246,7658,-1588,16904,25,-2.6208515482977206,4.696312625089604
20,1561176000,105,33,-72,138,25,-0.10377144236212071,-0.35225983217568346
20,1561190400,39,180,141,219,25,0.24988163320798668,-0.3278691385672802
20,1561204800,174,472,298,646,25,0.5105554964216339,-0.19929103769335219
20,1561219200,478,505,27,983,25,0.0606025223394785,-0.09781370749542768
20,1561233600,668,544,-124,1212,25,-0.19010928240740516,-0.028857302108707485
20,1561248000,519,205,-314,724,25,-0.5055744671882522,-0.17580370310748242
20,1561262400,82,33,-49,115,25,-0.06558355157286029,-0.35918558468177325
20,1561276800,32,130,98,162,25,0.17848688086284764,-0.34503295999541583
20,1561291200,171,392,221,563,25,0.3827090794315012,-0.22428397065011102
20,1561305600,398,469,71,867,25,0.13365761776241147,-0.1327435897000545
20,1561320000,574,345,-229,919,25,-0.36444530557576793,-0.117085366642808
20,1561334400,298,148,-150,446,25,-0.23327820243004738,-0.25951497252891564
20,1561348800,46,26,-20,72,25,-0.01743360231683628,-0.3721337306714194
20,1561363200,49,639,590,688,25,0.995375675137462,-0.18664401137788383
20,1561365344,20,331,311,351,25,0.5321399564329551,-0.2881213415758083
20,1561365425,1,26,25,27,25,0.057281836183890635,-0.3856841160094212
20,1561365505,1,23,22,24,25,0.052300806950508844,-0.3865874750319546
20,1561365586,3,17,14,20,25,0.03901806232815739,-0.38779195372866593
20,1561365666,1,22,21,23,25,0.05064046387271491,-0.38688859470613246
20,1561365746,1,21,20,22,25,0.04898012079492098,-0.38718971438031025
20,1561377600,277,2100,1823,2377,25,3.0425786900573795,0.32194711830844985
20,1561392000,667,732,65,1399,25,0.12369555929564789,0.027452076962544383
20,1561406400,1958,529,-1429,2487,25,-2.3568569989284858,0.3550702824680098
20,1561420800,506,191,-315,697,26,-0.4754472472527705,-0.48094210858562936
20,1561435200,101,24,-77,125,26,-0.18708060181021882,-1.1369435402929569
20,1561449600,70,725,655,795,26,0.6998285766097299,-0.3685502549015068
20,1561464000,293,2230,1937,2523,26,2.253131263405323,1.6132163080185313
20,1561478400,704,721,17,1425,26,-0.07318789310601775,0.35396880449642376
20,1561492800,2066,671,-1395,2737,26,-1.7840017727903998,1.8586434170838602
20,1561507200,530,147,-383,677,26,-0.5578377173792138,-0.5038792215823891
20,1561521600,97,25,-72,122,26,-0.18102247900680388,-1.1403841072424707
20,1561536000,47,686,639,733,26,0.6804425836388021,-0.4396553051914619
20,1561550400,307,2155,1848,2462,26,2.145296677504537,1.5432581133784142
20,1561564800,755,886,131,1641,26,0.06493730681184312,0.6016896248614285
20,1561579200,1985,599,-1386,2584,26,-1.7730971517442529,1.6831745026586484
20,1561593600,577,178,-399,755,26,-0.5772237103501416,-0.4144244808950262
20,1561608000,105,24,-81,129,26,-0.19192710005295077,-1.1323561176936048
20,1561622400,44,640,596,684,26,0.6283427275294334,-0.49585123203352316
20,1561636800,297,2181,1884,2478,26,2.1889151616891245,1.561607803775822
20,1561651200,745,756,11,1501,26,-0.0804576404701157,0.44112983388411064
20,1561665600,2016,614,-1402,2630,26,-1.7924831447151808,1.7359298625511959
20,1561680000,729,169,-560,898,26,-0.772295264620103,-0.25042412296819433
20,1561694400,127,44,-83,171,26,-0.19435034917431676,-1.0841881804004094
20,1561708800,40,612,572,652,26,0.5992637380730417,-0.5325506128283387
20,1561723200,278,1919,1641,2197,26,1.894490393443158,1.2393413661713482
20,1561737600,940,834,-106,1774,26,-0.22221771407002552,0.7542214262898805
20,1561752000,1865,745,-1120,2610,26,-1.4508050186025774,1.7129927495544361
20,1561766400,689,210,-479,899,26,-0.6741536752047809,-0.24927726731835637
20,1561780800,128,53,-75,181,26,-0.18465735268885283,-1.0727196239020296
20,1561795200,38,150,112,188,26,0.04191644015886631,-1.0646916343531638
20,1561809600,154,398,244,552,26,0.201850882169021,-0.6472361778121372
20,1561824000,376,497,121,873,26,0.05282106120501322,-0.27909551421414397
20,1561838400,658,449,-209,1107,26,-0.3470150438203735,-0.010731292152055469
20,1561852800,390,196,-194,586,26,-0.3288406754101287,-0.6082430857176456
20,1561867200,92,54,-38,146,26,-0.1398272439435822,-1.1128595716463592
20,1561881600,35,86,51,121,26,-0.031992658042796086,-1.1415309628923087
20,1561896000,145,324,179,469,26,0.12309528572462664,-0.7424251967486899
20,1561910400,335,455,120,790,26,0.05160943664433023,-0.3742845331506967
20,1561924800,410,385,-25,795,26,-0.12407612465470333,-0.3685502549015068
20,1561939200,270,169,-101,439,26,-0.21615959126661058,-0.7768308662438295
20,1561953600,51,34,-17,85,26,-0.11438312816923941,-1.1828177662864763
20,1561968000,42,611,569,653,26,0.5956288643909927,-0.5314037571785006
20,1561982400,238,2072,1834,2310,26,2.128333933654975,1.3689360546030405
20,1561996800,654,647,-7,1301,26,-0.10226688256240951,0.21175870391651364
20,1562011200,1889,503,-1386,2392,26,-1.7730971517442529,1.4629782178897552
20,1562025600,496,179,-317,675,27,-0.6064155728631562,-0.23972363738371064
20,1562040000,97,24,-73,121,27,-0.22306187533051633,-1.0241266179271191
20,1562054400,43,651,608,694,27,0.8468720099962366,-0.21282173010875619
20,1562068800,277,1992,1715,2269,27,2.58610374429391,2.0172047939993094
20,1562083200,647,680,33,1327,27,-0.056522973943385915,0.6834365491041997
20,1562097600,1809,488,-1321,2297,27,-2.183821770907297,2.0568497099834526
20,1562112000,535,137,-398,672,27,-0.733676431470303,-0.24397130695344027
20,1562126400,93,24,-69,117,27,-0.21677738848571895,-1.0297901773534253
20,1562140800,39,586,547,625,27,0.7510335856130766,-0.3105181302125381
20,1562155200,268,1797,1529,2065,27,2.2938751060108324,1.7283632632576933
20,1562169600,1116,747,-369,1863,27,-0.688113901845522,1.4423535122292301
20,1562184000,1278,500,-778,1778,27,-1.3307026817260534,1.3220028744202235
20,1562198400,439,156,-283,595,27,-0.5529974346823785,-0.3529948259098346
20,1562212800,95,18,-77,113,27,-0.2293463621753137,-1.0354537367797314
20,1562227200,34,117,83,151,27,0.022033111616581263,-0.9816499222298226
20,1562241600,152,358,206,510,27,0.21528108209410052,-0.4733454637188413
20,1562256000,373,354,-19,727,27,-0.13822130292575177,-0.16609736484173004
20,1562270400,455,199,-256,654,27,-0.5105771484799962,-0.2694573243718182
20,1562284800,201,253,52,454,27,-0.02667166143059839,-0.5526352956871281
20,1562299200,53,43,-10,96,27,-0.12408120752495769,-1.0595238643415328
20,1562313600,33,356,323,389,27,0.3991023223044237,-0.6446681363646037
20,1562328000,236,900,664,1136,27,0.9348548258233998,0.4130015864980787
20,1562342400,592,561,-31,1153,27,-0.1570747634601439,0.43707171405988005
20,1562356800,817,452,-365,1269,27,-0.6818294150007247,0.6013149374227598
20,1562371200,423,161,-262,584,27,-0.5200038787471922,-0.3685696143321766
20,1562385600,100,46,-54,146,27,-0.1932105628177288,-0.9887293715127053
20,1562400000,33,135,102,168,27,0.05188442412936879,-0.9575797946680212
20,1562414400,155,423,268,578,27,0.31269062818845983,-0.37706495347163593
20,1562428800,433,521,88,954,27,0.02988872017257798,0.1553096326011467
20,1562443200,554,402,-152,956,27,-0.34718049051526445,0.1581414123142998
20,1562457600,312,177,-135,489,27,-0.3204714214248756,-0.5030791507069489
20,1562472000,80,27,-53,107,27,-0.19163944110652947,-1.0439490759191907
20,1562486400,30,97,67,127,27,-0.003104835762608235,-1.0156312787876598
20,1562500800,119,369,250,488,27,0.28441043738687166,-0.5044950405635253
20,1562515200,340,419,79,759,27,0.015748624771783886,-0.12078888943128047
20,1562529600,436,316,-120,752,27,-0.2969045957568855,-0.1307001184273163
20,1562544000,221,116,-105,337,27,-0.2733377700888953,-0.7182944089065844
20,1562558400,47,20,-27,67,27,-0.15079027661534652,-1.1005846701822528
20,1562572800,50,725,675,775,27,0.9521371646465926,-0.09813465172605568
20,1562587200,272,2453,2181,2725,27,3.3182464617128042,2.662850568598216
20,1562601600,574,720,146,1294,27,0.12101377942213991,0.6367121838371735
20,1562616000,1925,480,-1445,2405,27,-2.3786408630960154,2.20976581449372
20,1562630400,532,135,-397,667,28,-0.5954405801729827,-0.4722958111526764
20,1562644800,90,26,-64,116,28,-0.19200944231470035,-1.1094729352638462
20,1562659200,51,691,640,742,28,0.6608900203046113,-0.38556571258945
20,1562673600,320,2110,1790,2430,28,2.0541206765719524,1.5664397057402317
20,1562688000,620,714,94,1334,28,-0.0005916651927525648,0.29902386540295023
20,1562702400,1974,521,-1453,2495,28,-1.8747897741019504,1.6416057911616946
20,1562716800,553,125,-428,678,28,-0.6329972326462763,-0.4595753966967365
20,1562731200,114,25,-89,139,28,-0.22229706527703386,-1.0828757050377902
20,1562745056,40,406,366,446,28,0.328937672637436,-0.7278605015856502
20,1562745600,54,651,597,705,28,0.6087953088093977,-0.428352561213975
20,1562760000,248,2329,2081,2577,28,2.406668607853515,1.7364306989241556
20,1562774400,722,677,-45,1399,28,-0.16899084886332688,0.3741899508244131
20,1562788800,1980,581,-1399,2561,28,-1.80936850850331,1.717928277897334
20,1562803200,566,146,-420,712,28,-0.6233051932983296,-0.4202577520147406
20,1562817600,104,24,-80,128,28,-0.2113935210105938,-1.09559611949373
20,1562832000,47,712,665,759,28,0.6911776432669448,-0.365906890248452
20,1562846400,364,2137,1773,2501,28,2.0335250929575657,1.6485441990467526
20,1562860800,809,717,-92,1526,28,-0.22593158003251387,0.5210529177248098
20,1562875200,2044,688,-1356,2732,28,-1.7572737970080963,1.91567290262149
20,1562889600,683,159,-524,842,28,-0.7493017048216369,-0.2699255811718148
20,1562904000,102,20,-82,122,28,-0.21381653084758048,-1.102534527378788
20,1562918400,52,627,575,679,28,0.5821422006025442,-0.45841899538256015
20,1562932800,297,2012,1715,2309,28,1.963257807684952,1.426515146724893
20,1562947200,883,683,-200,1566,28,-0.35677411122979463,0.5673089702918639
20,1562961600,1579,572,-1007,2151,28,-1.3344585804539204,1.2438037390850296
20,1562976000,532,237,-295,769,28,-0.471867078486662,-0.3543428771066885
20,1562990400,135,38,-97,173,28,-0.23198910462498057,-1.0435580603557941
20,1563004800,39,151,112,190,28,0.021215423340127562,-1.0238992380147962
20,1563019200,181,448,267,629,28,0.20899868570659533,-0.5162390610913777
20,1563033600,420,495,75,915,28,-0.023610258644126032,-0.18550828523694116
20,1563048000,421,538,117,959,28,0.027272947932594264,-0.13462662741318168
20,1563062400,74,61,-13,135,28,-0.13022269147153998,-1.0875013102944955
20,1563076800,50,36,-14,86,28,-0.13143419639003334,-1.1441649746891367
20,1563091200,27,103,76,130,28,-0.022398753725632693,-1.0932833168653773
20,1563105600,169,425,256,594,28,0.19567213160316857,-0.5567131070875501
20,1563120000,397,478,81,875,28,-0.01634122913316599,-0.23176433780399522
20,1563134400,545,398,-147,943,28,-0.2925643505496476,-0.1531290484400033
20,1563148800,270,159,-111,429,28,-0.24895017348388734,-0.7475193239266481
20,1563163200,58,17,-41,75,28,-0.16414482918935352,-1.1568853891450765
20,1563177600,50,651,601,701,28,0.613641328483371,-0.43297816647068044
20,1563192000,269,2252,1983,2521,28,2.2879411258411673,1.6716722253302798
20,1563206400,661,622,-39,1283,28,-0.16172181935236685,0.24004739837995628
20,1563220800,1964,556,-1408,2520,28,-1.82027205276975,1.6705158240161033
20,1563235200,481,151,-330,632,29,-0.5072109620230958,-0.5038635394951475
20,1563249600,99,17,-82,116,29,-0.20768461825264262,-1.109578745197354
20,1563264000,50,718,668,768,29,0.6981410181499375,-0.3442176713255737
20,1563274369,151,2034,1883,2185,29,2.165578549122117,1.3191514110000595
20,1563278400,273,1893,1620,2166,29,1.8479356926236126,1.2968479441234277
20,1563279657,56,67,11,123,29,-0.09536223933872269,-1.101361678453332
20,1563279741,40,65,25,105,29,-0.07845349412587453,-1.122491278652246
20,1563291887,633,560,-73,1193,29,-0.19681471061581166,0.15467566670434452
20,1563292800,688,611,-77,1299,29,-0.20164578067662542,0.27910553454239473
20,1563307200,2002,534,-1468,2536,29,-1.8816503943246108,1.7311786148788861
20,1563321600,520,141,-379,661,29,-0.5663915702680644,-0.4698214058413413
20,1563336000,107,20,-87,127,29,-0.21372345582865984,-1.0966662117424621
20,1563350400,55,649,594,704,29,0.6087662220248828,-0.41934513869949075
20,1563364800,294,2265,1971,2559,29,2.27186209046002,1.7581775484663875
20,1563379200,743,789,46,1532,29,-0.05309037630660229,0.5526164704505616
20,1563393600,2008,604,-1404,2612,29,-1.8043532733515906,1.8203924823854125
20,1563408000,778,141,-637,919,29,-0.877995589190552,-0.16696380299023802
20,1563422400,110,19,-91,129,29,-0.21855452588947358,-1.0943184783870272
20,1563436800,53,620,567,673,29,0.57615649911439,-0.4557350057087319
20,1563451200,330,2156,1826,2486,29,2.0967358007555212,1.6724852809930133
20,1563465600,676,683,7,1359,29,-0.10019330939953645,0.349537535205442
20,1563480000,1891,617,-1274,2508,29,-1.6473434963751434,1.6983103479027972
20,1563494400,596,197,-399,793,29,-0.5905469205721332,-0.3148710043826373
20,1563508800,118,24,-94,142,29,-0.2221778284350839,-1.0790582115767002
20,1563523200,43,615,572,658,29,0.5821953366904072,-0.4733430058744937
20,1563537600,288,1871,1583,2159,29,1.8032482945610853,1.2886308773794057
20,1563552000,875,690,-185,1565,29,-0.332084672318597,0.5913540708152376
20,1563566400,1723,656,-1067,2379,29,-1.3973356207280312,1.5468815464772456
20,1563580800,540,199,-341,739,29,-0.5204964046903336,-0.3782598049793799
20,1563595200,150,36,-114,186,29,-0.24633317873915273,-1.0274080777571322
20,1563609600,37,158,121,195,29,0.037492187333655724,-1.0168432776576752
20,1563622127,99,261,162,360,29,0.08701065545699678,-0.8231552758342952
20,1563624000,198,476,278,674,29,0.22711168722059583,-0.4545611390310144
20,1563638400,424,485,61,909,29,-0.03497386357855068,-0.17870246976741258
20,1563652800,505,398,-107,903,29,-0.23787880613272863,-0.18574566983371732
20,1563667200,415,180,-235,595,29,-0.392473048078769,-0.5472966065706933
20,1563681600,94,51,-43,145,29,-0.16058168515970847,-1.0755366115435478
20,1563696000,31,97,66,128,29,-0.028935026002533483,-1.0954923450647447
20,1563710400,166,414,248,580,29,0.19087866176449264,-0.5649046067364552
20,1563724800,359,445,86,804,29,-0.004779675698464679,-0.3019584709277453
20,1563739200,533,345,-188,878,29,-0.33570797486420734,-0.21509233677665368
20,1563753600,266,140,-126,406,29,-0.260826388921594,-0.7691574086592923
20,1563768000,63,23,-40,86,29,-0.15695838261409814,-1.1447947455288776
20,1563782400,39,649,610,688,29,0.6280905022681379,-0.43812700554297007
20,1563796800,269,2161,1892,2430,29,2.176448456758948,1.606748747040836
20,1563811200,710,634,-76,1344,29,-0.20043801316142199,0.33192953503968015
20,1563825600,2246,494,-1752,2740,29,-2.2246563686423877,1.9706474171332469
20,1563840000,438,107,-331,545,30,-0.5203530017175917,-0.6156458564977361
20,1563854400,112,26,-86,138,30,-0.21969241589903238,-1.1032732669132546
20,1563868800,50,705,655,755,30,0.6896524579440388,-0.36404448994427435
20,1563879293,164,1726,1562,1890,30,1.802710218504991,0.9958009911899115
20,1563883200,325,2210,1885,2535,30,2.199091317359663,1.7685766170326866
20,1563897600,657,714,57,1371,30,-0.044204808666159,0.3739861852792133
20,1563912000,1945,579,-1366,2524,30,-1.790490578542934,1.7553974978322673
20,1563926400,493,124,-369,617,30,-0.5669860721710825,-0.5293825308222635
20,1563940800,110,26,-84,136,30,-0.21723804376990127,-1.10566947040424
20,1563955200,54,701,647,755,30,0.6798349694275144,-0.36404448994427435
20,1563969600,254,2215,1961,2469,30,2.2923574582666446,1.6895019018301702
20,1563984000,693,705,12,1398,30,-0.09942818157160867,0.4063349324075155
20,1563998400,2001,575,-1426,2576,30,-1.8641217424168668,1.8176987885978864
20,1564012800,603,162,-441,765,30,-0.655343468819802,-0.3520634724893476
20,1564027200,109,28,-81,137,30,-0.21355648557620463,-1.1044713686587473
20,1564041600,52,630,578,682,30,0.5951591309724916,-0.4515059173652396
20,1564056000,257,2044,1787,2301,30,2.0788270830322393,1.488220808587401
20,1564070400,753,824,71,1577,30,-0.027024203762241326,0.6207951448507043
20,1564076905,918,301,-617,1219,30,-0.8713282161833384,0.19187471996432676
20,1564084800,1910,630,-1280,2540,30,-1.6849525769902969,1.77456712576015
20,1564099200,649,139,-510,788,30,-0.7400193072748248,-0.3245071323430161
20,1564113600,126,35,-91,161,30,-0.2258283462218601,-1.075716926766923
20,1564128000,41,617,576,658,30,0.5927047588433605,-0.4802603592570638
20,1564142400,264,1926,1662,2190,30,1.9254288249615459,1.3552315148377139
20,1564156800,917,700,-217,1617,30,-0.3804537903571192,0.6687192146704113
20,1564171200,1542,628,-914,2170,30,-1.2358024773593062,1.3312694799278604
20,1564185600,535,174,-361,709,30,-0.5571685836545581,-0.4191571702369374
20,1564200000,156,51,-105,207,30,-0.24300895112577778,-1.0206042464742602
20,1564214400,56,195,139,251,30,0.05642444862821595,-0.9678877696725824
20,1564228800,166,532,366,698,30,0.3349956852845954,-0.4323362894373568
20,1564243200,477,574,97,1051,30,0.004882633916462926,-0.00940637327844261
20,1564257600,755,637,-118,1392,30,-0.2589623699651299,0.39914632193455946
20,1564272000,430,207,-223,637,30,-0.38781690674451247,-0.50542049591241
20,1564286400,104,56,-48,160,30,-0.17305934544554155,-1.0769150285124158
20,1564300800,42,126,84,168,30,-0.0110707849228892,-1.0673302145484744
20,1564315200,154,470,316,624,30,0.27363638205631796,-0.5209958186038147
20,1564329600,412,566,154,978,30,0.07483223959669917,-0.09686780069940787
20,1564344000,657,351,-306,1008,30,-0.489673350103453,-0.060924748334627625
20,1564358400,313,179,-134,492,30,-0.2785973469981787,-0.6791452490088478
20,1564372800,66,31,-35,97,30,-0.1571059266061894,-1.1523954384784543
20,1564375650,4,13,9,17,30,-0.10310973976530531,-1.2482435781178682
20,1564375731,0,0,0,0,30,-0.11415441434639524,-1.2686113077912438
20,1564375811,0,0,0,0,30,-0.11415441434639524,-1.2686113077912438
20,1564387200,36,675,639,711,30,0.67001748091099,-0.41676096674595203
20,1564401600,247,2111,1864,2358,30,2.1733204100037864,1.5565126080804832
20,1564416000,710,608,-102,1318,30,-0.23932739293208113,0.31048679276810154
20,1564430400,1940,436,-1504,2376,30,-1.9598422554529797,1.5780784394993514
20,1564444800,520,109,-411,629,31,-0.5298742084233541,-0.749614360041485
20,1564459200,69,31,-38,100,31,-0.1392108981115549,-1.3428760428171171
20,1564473600,59,678,619,737,31,0.5489011524912657,-0.628494772631715
20,1564488000,309,2264,1955,2573,31,1.9481670575222674,1.4305382133343734
20,1564502400,761,723,-38,1484,31,-0.1392108981115549,0.2092490402858601
20,1564516800,1946,515,-1431,2461,31,-1.598176022144628,1.3049327152797972
20,1564531200,529,144,-385,673,31,-0.5026429857206549,-0.7002693429486158
20,1564545600,87,24,-63,111,31,-0.16539476609491946,-1.3305397885438999
20,1564560000,45,676,631,721,31,0.5614694091232807,-0.6464384152109403
20,1564574400,313,2200,1887,2513,31,1.8769469366075158,1.3632495536622788
20,1564588800,774,749,-25,1523,31,-0.12559528676020532,0.2529866690727215
20,1564603200,2052,525,-1527,2577,31,-1.698722075200748,1.4350241239791797
20,1564617600,478,128,-350,606,31,-0.46598557054394457,-0.7754083462491211
20,1564632000,84,25,-59,109,31,-0.16120534721758115,-1.3327827438663031
20,1564646400,40,659,619,699,31,0.5489011524912657,-0.6711109237573748
20,1564660800,306,2095,1789,2401,31,1.7743061741127268,1.2376440556077026
20,1564675200,722,769,47,1491,31,-0.050185746968115404,0.21709938391427114
20,1564689600,1906,621,-1285,2527,31,-1.445262233121779,1.378950240919101
20,1564704000,588,143,-445,731,31,-0.5654842688807298,-0.6352236385989245
20,1564718400,100,31,-69,131,31,-0.17167889441092696,-1.3081102353198684
20,1564732800,46,532,486,578,31,0.4096029748197662,-0.8068097207627652
20,1564747200,301,1856,1555,2157,31,1.5292251697884345,0.9640035062745189
20,1564761600,884,683,-201,1567,31,-0.30992971736309183,0.3023316861655907
20,1564776000,1511,528,-983,2039,31,-1.1289611078827353,0.8316691422527333
20,1565395200,8622,8462,-160,17084,32,-0.35049355353408607,4.062475785055606
20,1565409600,150,49,-101,199,32,-0.24522654169777403,-0.4135050501456989
20,1565424000,51,198,147,249,32,0.19725174534299528,-0.4002507391146023
20,1565438400,194,579,385,773,32,0.6218881659708303,-0.26134555950871047
20,1565452800,513,562,49,1075,32,0.022401454496239665,-0.1812895208808873
20,1565467200,764,537,-227,1301,32,-0.47003405850074553,-0.12138003502033087
20,1565481600,490,236,-254,726,32,-0.518207097815668,-0.2738046118779412
20,1565496000,112,41,-71,153,32,-0.1917009424589713,-0.4256990162943077
20,1565510400,36,133,97,169,32,0.10804241327832405,-0.4214576367643568
20,1565524800,173,465,292,638,32,0.4559588083305418,-0.29713219929267115
20,1565539200,450,594,144,1044,32,0.191899185419115,-0.18950719372016714
20,1565553600,710,398,-312,1108,32,-0.6216899230106866,-0.17254167560036357
20,1565568000,366,148,-218,514,32,-0.45397637872910473,-0.3300028906497906
20,1565582400,75,28,-47,103,32,-0.1488804630679291,-0.43895332732540426
20,1565596800,47,598,551,645,32,0.9180631484255387,-0.2952765957483176
20,1565611200,281,2014,1733,2295,32,3.026971758434367,0.14211566827786856
20,1565625600,600,582,-18,1182,32,-0.09713905047041978,-0.15292529527434068
20,1565640000,1868,534,-1334,2402,32,-2.4451286704125663,0.1704798938844152
20,1565654400,509,166,-343,675,33,-0.5096012064907648,-0.4786854790832079
20,1565668800,123,28,-95,151,33,-0.1950899683081609,-1.1255942923262685
20,1565683200,43,611,568,654,33,0.6457203176396874,-0.5046112139650862
20,1565697600,259,2132,1873,2391,33,2.300708889527986,1.6398174284074254
20,1565712000,674,664,-10,1338,33,-0.08729377780202649,0.33982700790180953
20,1565726400,1868,516,-1352,2384,33,-1.7892053973224071,1.6311755167801327
20,1565740800,457,133,-324,590,33,-0.48550558743645233,-0.5836229774146204
20,1565755200,112,31,-81,143,33,-0.17733530163656228,-1.1354707627574603
20,1565769600,49,668,619,717,33,0.710398031943368,-0.42683400931945115
20,1565784000,275,2123,1848,2398,33,2.2690041276144175,1.6484593400347183
20,1565798400,733,698,-35,1431,33,-0.11899853971559543,0.4546409766644138
20,1565812800,1870,519,-1351,2389,33,-1.7879372068458643,1.6373483107996276
20,1565827200,537,107,-430,644,33,-0.6199337779499846,-0.516956802004076
20,1565841600,114,34,-80,148,33,-0.17606711116001952,-1.1292979687379654
20,1565856000,46,622,576,668,33,0.6558658414520294,-0.4873273907105007
20,1565870400,313,1999,1686,2312,33,2.0635572704144907,1.5422872828994068
20,1565884800,733,752,19,1485,33,-0.05051625398228651,0.5213071520749583
20,1565899200,1952,714,-1238,2666,33,-1.6446316829965328,1.9793210994796424
20,1565913600,669,193,-476,862,33,-0.6782705398709515,-0.24782298275410042
20,1565928000,129,29,-100,158,33,-0.20143092069087468,-1.1169523806989756
20,1565942400,48,576,528,624,33,0.5949926985779771,-0.5416479780820554
20,1565956800,247,1750,1503,1997,33,1.831478413207166,1.153401259671231
20,1565971200,896,671,-225,1567,33,-0.3599547302587193,0.6225409739946738
20,1565985600,1513,602,-911,2115,33,-1.2299333971670512,1.2990791985313097
20,1566000000,508,213,-295,721,33,-0.44872806361671236,-0.42189577410385526
20,1566014400,136,36,-100,172,33,-0.20143092069087468,-1.09966855744439
20,1566028800,39,153,114,192,33,0.06996184128927546,-1.0749773813664107
20,1566043200,191,508,317,699,33,0.3274045080274553,-0.4490560677896326
20,1566057600,470,517,47,987,33,-0.015006920639089302,-0.0935031322667291
20,1566072000,590,430,-160,1020,33,-0.27752234928344016,-0.052762691738063076
20,1566086400,381,205,-176,586,33,-0.29781339690812425,-0.5885612126302163
20,1566100800,102,38,-64,140,33,-0.1557760635353354,-1.1391744391691572
20,1566115200,35,108,73,143,33,0.017966031751022397,-1.1354707627574603
20,1566129600,167,376,209,543,33,0.19043993656083744,-0.641647241197872
20,1566144000,366,439,73,805,33,0.017966031751022397,-0.31819283457634173
20,1566158400,587,347,-240,934,33,-0.3789775874068607,-0.15893474887337455
20,1566172800,260,123,-137,383,33,-0.24835396832295673,-0.8391766498217073
20,1566187200,73,29,-44,102,33,-0.13041225400448025,-1.186087673717318
20,1566201600,33,617,584,650,33,0.6660113652643715,-0.5095494491806821
20,1566216000,304,2005,1701,2309,33,2.082580127562632,1.5385836064877099
20,1566230400,644,639,-5,1283,33,-0.0809528254193127,0.27192627368736616
20,1566244800,2027,432,-1595,2459,33,-2.0973756831222974,1.7237674270725556
20,1566259200,567,111,-456,678,34,-0.6003745080979105,-0.4610459094510124
20,1566273600,123,32,-91,155,34,-0.1650241836505822,-1.0984261377222024
20,1566288000,54,659,605,713,34,0.665123284336652,-0.41839140086689836
20,1566302400,383,2164,1781,2547,34,2.067786247487496,1.816704848940678
20,1566316800,739,658,-81,1397,34,-0.15309677750134032,0.4151995668912163
20,1566331200,2448,459,-1989,2907,34,-2.4288458707766893,2.2554369372344225
20,1566345600,606,142,-464,748,34,-0.609916433017304,-0.37573689228278434
20,1566360000,121,35,-86,156,34,-0.15906048057596126,-1.097207437476942
20,1566374400,52,627,575,679,34,0.6293410658889265,-0.45982720920575204
20,1566388800,259,2184,1925,2443,34,2.239540896036579,1.6899600234335963
20,1566403200,647,650,3,1297,34,-0.052906565847708587,0.2933295423651761
20,1566417600,2130,430,-1700,2560,34,-2.0841438330635995,1.8325479521290633
20,1566432000,435,152,-283,587,34,-0.3940303817160261,-0.571947631769709
20,1566446400,106,36,-70,142,34,-0.13997663073717426,-1.1142692409105877
20,1566460800,46,589,543,635,34,0.5911733662113525,-0.5134500199972097
20,1566475200,259,2111,1852,2370,34,2.1524708311471135,1.600994905529587
20,1566489600,679,673,-6,1352,34,-0.06364123138202626,0.3603580558544982
20,1566504000,1828,488,-1340,2316,34,-1.654757211690892,1.5351850922855252
20,1566518400,613,153,-460,766,34,-0.6051454705576073,-0.3538002878680971
20,1566532800,111,33,-78,144,34,-0.14951855565656777,-1.1118318404200669
20,1566547200,50,606,556,656,34,0.606678994205367,-0.4878573148467413
20,1566561600,313,1836,1523,2149,34,1.760059168837056,1.3316621513270381
20,1566576000,842,608,-234,1450,34,-0.33558609158474095,0.47979067989001756
20,1566590400,1361,494,-867,1855,34,-1.0905909008317516,0.9733642792204802
20,1566604800,459,163,-296,622,34,-0.40953600971004056,-0.529293123185595
20,1566619200,118,38,-80,156,34,-0.15190403688641613,-1.097207437476942
20,1566633600,44,185,141,229,34,0.11169163901182924,-1.0082423195729326
20,1566648000,200,453,253,653,34,0.2452785878833382,-0.4915134155825225
20,1566662400,424,535,111,959,34,0.07590942056410363,-0.1185911405328396
20,1566676800,646,453,-193,1099,34,-0.2866837263728493,0.052026893803616615
20,1566691200,354,180,-174,534,34,-0.26402165468928973,-0.6365387447685102
20,1566705600,94,39,-55,133,34,-0.12208552151331145,-1.1252375431179313
20,1566720000,34,92,58,126,34,0.012694167973121711,-1.133768444834754
20,1566734400,150,408,258,558,34,0.25124229095795914,-0.6072899388822606
20,1566748800,343,458,115,801,34,0.08068038302380037,-0.31114577928398307
20,1566763200,498,322,-176,820,34,-0.2664071359191381,-0.28799047462403543
20,1566777600,290,125,-165,415,34,-0.25328698915497205,-0.781564073954498
20,1566792000,64,25,-39,89,34,-0.10300167167452445,-1.178860353909389
20,1566806400,39,579,540,618,34,0.58759514436658,-0.5341679241666365
20,1566820800,219,1890,1671,2109,34,1.9365847798458355,1.282914141516622
20,1566835200,627,882,255,1509,34,0.24766406911318659,0.5516939943603812
20,1566849600,1813,420,-1393,2233,34,-1.717972464281874,1.434032971928912
20,1566864000,429,138,-291,567,35,-0.49711258289924987,-0.4507382682653337
20,1566878400,117,29,-88,146,35,-0.18373869145385213,-1.046800945661761
20,1566892800,43,623,580,666,35,0.8474620941891315,-0.31057151039776526
20,1566907200,252,2000,1748,2252,35,2.65051975531339,1.9349282671574217
20,1566921600,608,619,11,1227,35,-0.030911030108559643,0.4837067841851224
20,1566936000,1860,585,-1275,2445,35,-2.0161269138463997,2.2081826537073277
20,1566950400,554,140,-414,694,35,-0.6869893742676435,-0.27092838696047317
20,1566964800,133,40,-93,173,35,-0.19145726020866488,-1.008573648061515
20,1566979200,41,571,530,612,35,0.770276406641004,-0.3870261055982571
20,1566993600,239,1967,1728,2206,35,2.6196454802941394,1.869800278653299
20,1567008000,705,628,-77,1333,35,-0.16675784019326406,0.6337843229120138
20,1567022400,1884,482,-1402,2366,35,-2.2121785602186437,2.0963324125806824
20,1567036800,412,117,-295,529,35,-0.5032874379031,-0.5045396500730872
20,1567051200,128,25,-103,153,35,-0.20689439771829038,-1.036890164802438
20,1567065600,52,590,538,642,35,0.7826261166487044,-0.34455133048687275
20,1567080000,290,1810,1520,2100,35,2.298553020093929,1.7197227399264075
20,1567094400,688,648,-40,1336,35,-0.1096404314076497,0.6380318004231523
20,1567108800,1805,511,-1294,2316,35,-2.045457475114688,2.025541120728375
20,1567123200,512,130,-382,642,35,-0.637590534236842,-0.34455133048687275
20,1567137600,131,34,-97,165,35,-0.19763211521251509,-1.0199002547578842
20,1567152000,60,477,417,537,35,0.5958367527822358,-0.49321304337671806
20,1567166400,305,1503,1198,1808,35,1.8014771922839876,1.306301595508933
20,1567180800,953,620,-333,1573,35,-0.561948560439677,0.9735825238030887
20,1567195200,1160,451,-709,1611,35,-1.1423849308015959,1.0273839056108423
20,1567209600,462,202,-260,664,35,-0.4492574566194108,-0.3134031620718576
20,1567224000,107,31,-76,138,35,-0.16521412644230152,-1.0581275523581302
20,1567238400,39,127,88,166,35,0.08795492871555674,-1.0184844289208381
20,1567252800,184,405,221,589,35,0.29326885759357596,-0.4195900998503185
20,1567267200,378,443,65,821,35,0.05244951244341808,-0.0911185056556127
20,1567281600,511,407,-104,918,35,-0.20843811146925292,0.046216600537863424
20,1567296000,346,192,-154,538,35,-0.28562379901738044,-0.4917972175396719
20,1567310400,97,48,-49,145,35,-0.12353385516631266,-1.048216771498807
20,1567324800,37,102,65,139,35,0.05244951244341808,-1.056711726521084
20,1567339200,178,371,193,549,35,0.25004487256662455,-0.4762231333321643
20,1567353600,348,537,189,885,35,0.24387001756277435,-0.0005056520846593837
20,1567368000,535,371,-164,906,35,-0.30106093652700594,0.029226690493309674
20,1567382400,307,148,-159,455,35,-0.2933423677721932,-0.609310762014502
20,1567396800,79,21,-58,100,35,-0.1374272789249756,-1.1119289341658838
20,1567411200,28,131,103,159,35,0.111110634979995,-1.0283952097801612
20,1567425600,170,375,205,545,35,0.26856943757817514,-0.48188643668034886
20,1567440000,364,353,-11,717,35,-0.06487273262973575,-0.23836439270841184
20,1567454400,410,242,-168,652,35,-0.3072357915308562,-0.33039307211641133
20,1567468800,209,105,-104,314,36,-0.22136330366518964,-0.8618782581638923
20,1567483200,55,17,-38,72,36,-0.1409036397561466,-1.1477789643944778
20,1567497600,50,649,599,699,36,0.6356540255477994,-0.4070362255243247
20,1567512000,242,2062,1820,2304,36,2.124157807865096,1.4891234170380285
20,1567526400,647,631,-16,1278,36,-0.11408375178646557,0.2769989352505055
20,1567540800,1881,449,-1432,2330,36,-1.8403092683804807,1.5198400218396617
20,1567555200,452,147,-305,599,36,-0.4663995528427299,-0.5251770132229138
20,1567569600,117,28,-89,145,36,-0.20307701641313441,-1.0615361893745077
20,1567584000,47,702,655,749,36,0.7039228312888056,-0.34796583167503026
20,1567598400,242,2162,1920,2404,36,2.2460663895454642,1.6072642047366175
20,1567612800,695,696,1,1391,36,-0.09335929290080297,0.41049802534991103
20,1567627200,1862,419,-1443,2281,36,-1.8537192123653212,1.461951035867353
20,1567641600,447,143,-304,590,36,-0.4651804670259262,-0.5358096841157868
20,1567656000,114,29,-85,143,36,-0.19820067314591966,-1.0638990051284796
20,1567670400,44,628,584,672,36,0.6173677382957442,-0.43893423820294375
20,1567684800,248,2063,1815,2311,36,2.1180623787810777,1.4973932721769296
20,1567699200,698,693,-5,1391,36,-0.10067380780162506,0.41049802534991103
20,1567713600,1887,699,-1188,2586,36,-1.542852329080382,1.8222804383480495
20,1567728000,681,149,-532,830,36,-0.7431320332571659,-0.2522717936391732
20,1567742400,115,26,-89,141,36,-0.20307701641313441,-1.0662618208824513
20,1567756800,48,562,514,610,36,0.5320317311194863,-0.512181526576069
20,1567771200,292,1847,1555,2139,36,1.8011000664121202,1.2941911173353566
20,1567785600,887,664,-223,1551,36,-0.3664345158648279,0.5995232856676534
20,1567800000,1877,617,-1260,2494,36,-1.630626507890247,1.7135909136653475
20,1567814400,526,143,-383,669,36,-0.5614882465534171,-0.44247846183390144
20,1567828800,108,27,-81,135,36,-0.19332432987870493,-1.0733502681443667
20,1567843200,43,166,123,209,36,0.055369176749246345,-0.9859260852474108
20,1567850212,42,218,176,260,36,0.11998072503984154,-0.9256742835211303
20,1567857600,223,478,255,701,36,0.2162885045673325,-0.404673409770353
20,1567872000,475,486,11,961,36,-0.08116843473276614,-0.0975073617540216
20,1567886400,590,390,-200,980,36,-0.3383955420783432,-0.07506061209128968
20,1567900800,322,183,-139,505,36,-0.2640313072533185,-0.6362293536595873
20,1567915200,119,39,-80,158,36,-0.19210524406190127,-1.046177886973691
20,1567929600,36,89,53,125,36,-0.029966830427011454,-1.0851643469142256
20,1567944000,144,377,233,521,36,0.1894686165976515,-0.6173268276278131
20,1567958400,332,413,81,745,36,0.004167572443491665,-0.3526914631829738
20,1567972800,552,275,-277,827,36,-0.43226514997222676,-0.2558160172701308
20,1567987200,232,96,-136,328,36,-0.2603740498029075,-0.8453385478860899
20,1568001600,53,19,-34,72,36,-0.13602729648893186,-1.1477789643944778
20,1568016000,42,623,581,665,36,0.6137104808453331,-0.447204093341845
20,1568030400,260,2074,1814,2334,36,2.116843292964274,1.5245656533476053
20,1568044800,685,1357,672,2042,36,0.7246472901744683,1.1795945532677254
20,1568059200,2147,464,-1683,2611,36,-2.1462998083982052,1.8518156352726967
20,1568073600,599,97,-502,696,37,-0.658866628507938,-0.4509114788899143
20,1568088000,125,17,-108,142,37,-0.21334603700199167,-1.080659573520596
20,1568102400,55,795,740,850,37,0.7455409213661366,-0.2758551493355371
20,1568116800,243,2653,2410,2896,37,2.6339150021146907,2.04989322902976
20,1568131200,685,687,2,1372,37,-0.08896211551555995,0.3175176040890402
20,1568145600,2213,556,-1657,2769,37,-1.9648978041154712,1.9055285936180333
20,1568160000,560,112,-448,672,37,-0.5978054306873261,-0.47819298479449257
20,1568174400,120,29,-91,149,37,-0.19412306731772497,-1.0727024676317607
20,1568188800,47,637,590,684,37,0.5759264829755478,-0.46455223184220346
20,1568203200,294,2217,1923,2511,37,2.0832334588065793,1.612252405143817
20,1568217600,678,664,-14,1342,37,-0.10705432227722274,0.28341572170831736
20,1568232000,1910,534,-1376,2444,37,-1.6471534228637683,1.536091534493536
20,1568246400,524,120,-404,644,37,-0.5480518620927534,-0.5100214083498339
20,1568260800,95,21,-74,116,37,-0.17490009763345823,-1.1102145382505557
20,1568273078,34,394,360,428,37,0.3158510107766451,-0.7555549614910383
20,1568275200,33,516,483,549,37,0.45493485025692787,-0.6180107025554562
20,1568289600,262,2173,1911,2435,37,2.0696643037353324,1.5258609697793193
20,1568304000,727,759,32,1486,37,-0.0550392278374422,0.44710475713578696
20,1568318400,1981,558,-1423,2539,37,-1.7002992802261527,1.6440808286991584
20,1568332800,547,176,-371,723,37,-0.5107366856468238,-0.42021978474726374
20,1568347200,101,27,-74,128,37,-0.17490009763345823,-1.0965737852982667
20,1568361600,43,611,568,654,37,0.5510496986782615,-0.49865411422292627
20,1568376000,285,2042,1757,2327,37,1.895526813654328,1.403094193208717
20,1568390400,891,643,-248,1534,37,-0.37165284616654115,0.5016677689449435
20,1568404800,1688,734,-954,2422,37,-1.1699714695249122,1.5110834874143393
20,1568419200,703,158,-545,861,37,-0.7074894341799067,-0.2633511257959387
20,1568433600,133,31,-102,164,37,-0.20656145946636814,-1.0556515264413993
20,1568448000,31,167,136,198,37,0.06256011611336597,-1.0170027264099133
20,1568462400,159,493,334,652,37,0.28645117478894305,-0.5009275730483078
20,1568476800,417,534,117,951,37,0.0410756205838914,-0.16104547865377022
20,1568491200,553,574,21,1127,37,-0.06747761998608537,0.039018897979803714
20,1568505600,420,160,-260,580,37,-0.38522200123778827,-0.5827720907620426
20,1568520000,113,44,-69,157,37,-0.16924628302043862,-1.0636086323302345
20,1568534400,31,102,71,133,37,-0.010939473855889136,-1.0908901382348128
20,1568548800,132,422,290,554,37,0.23669760619437036,-0.6123270554920024
20,1568563200,311,455,144,766,37,0.07160621949419738,-0.37134042000156103
20,1568577600,538,340,-198,878,37,-0.3151147000363449,-0.2440267257801958
20,1568592000,243,134,-109,377,37,-0.21447679992459562,-0.8135281615382671
20,1568606400,69,19,-50,88,37,-0.14776178749096405,-1.142042961805897
20,1568620800,34,639,605,673,37,0.5928879268146068,-0.4770562553818018
20,1568635200,244,2107,1863,2351,37,2.015387683450344,1.4303756991132952
20,1568649600,675,635,-40,1310,37,-0.1364541582649248,0.247040380502213
20,1568664000,2212,441,-1771,2653,37,-2.0938047772923185,1.7736679817459051
20,1568678400,588,118,-470,706,38,-0.6141399847144114,-0.4802080820574329
20,1568692800,118,25,-93,143,38,-0.18251667368496013,-1.1204414479858609
20,1568705819,51,359,308,410,38,0.27658398340472146,-0.8168139014443151
20,1568707200,50,633,583,683,38,0.5914285736781939,-0.5063632639692515
20,1568721600,271,2139,1868,2410,38,2.0626114773196926,1.4575497430616458
20,1568736000,698,634,-64,1332,38,-0.1493148805288485,0.2316677386729328
20,1568750400,2220,557,-1663,2777,38,-1.9799930617916934,1.8748954718284894
20,1568764800,683,146,-537,829,38,-0.6908475757992211,-0.34033471792031633
20,1568779200,129,26,-103,155,38,-0.19396556787672278,-1.1067952661188252
20,1568793600,51,669,618,720,38,0.6314997033493631,-0.46428753654589117
20,1568808000,262,2170,1908,2432,38,2.108407054086743,1.4825677431512112
20,1568822400,677,688,11,1365,38,-0.06344817409062874,0.2691947388072812
20,1568836800,2189,697,-1492,2886,38,-1.7842169711125524,1.9988482904540643
20,1568851200,798,169,-629,967,38,-0.7961774023634373,-0.18340362644940503
20,1568865600,130,33,-97,163,38,-0.1870962313616652,-1.0976978115408011
20,1568880000,60,716,656,776,38,0.6750055012780611,-0.4006053544997243
20,1568894400,290,2550,2260,2840,38,2.511408129636788,1.9465379266304272
20,1568908800,763,789,26,1552,38,-0.04627483280298479,0.4818477395685885
20,1568923200,2004,584,-1420,2588,38,-1.7017849329318615,1.6599681074226762
20,1568937600,655,161,-494,816,38,-0.6416173307746418,-0.35511808160960506
20,1568952000,127,36,-91,163,38,-0.18022689484660762,-1.0976978115408011
20,1568966400,49,570,521,619,38,0.5204454296892655,-0.5791429005934422
20,1568980800,298,1943,1645,2241,38,1.8073011368433858,1.265366015100892
20,1568995200,875,683,-192,1558,38,-0.2958607261834102,0.48867083050210636
20,1569009600,1706,659,-1047,2365,38,-1.2747411795791153,1.4063765610602617
20,1569024000,569,201,-368,770,38,-0.49736126395843255,-0.40742844543324214
20,1569038400,128,49,-79,177,38,-0.16648822181649245,-1.0817772660292595
20,1569052800,41,157,116,198,38,0.056765214922878914,-1.057896447761947
20,1569067200,159,503,344,662,38,0.31780000249506696,-0.530244082236564
20,1569081600,416,826,410,1242,38,0.3933627041607003,0.12932137467016458
20,1569096000,625,541,-84,1166,38,-0.17221266891237377,0.042895556178938074
20,1569110400,489,161,-328,650,38,-0.451565687191382,-0.5438902641035998
20,1569124800,107,39,-68,146,38,-0.15389443820555357,-1.117029902519102
20,1569139200,40,83,43,123,38,-0.02681171267698831,-1.1431850844309204
20,1569153600,127,346,219,473,38,0.17468882509803402,-0.7451714466423773
20,1569168000,330,399,69,729,38,0.0029554122215945354,-0.45405290014561434
20,1569182400,490,499,9,989,38,-0.06573795292898127,-0.15838562635983944
20,1569196800,440,158,-282,598,38,-0.3989007739092739,-0.6030237188607548
20,1569211200,55,22,-33,77,38,-0.11382330853438433,-1.1954954482545574
20,1569225600,44,613,569,657,38,0.5754001218097262,-0.5359299913478289
20,1569240000,269,2149,1880,2418,38,2.0763501503498074,1.4666471976396696
20,1569254400,657,710,53,1367,38,-0.015362818485225678,0.2714691024517871
20,1569268800,2102,476,-1626,2578,38,-1.9376321532821716,1.6485962892001464
20,1569283200,610,109,-501,719,39,-0.6040017361255499,-0.5505903192550736
20,1569297600,149,21,-128,170,39,-0.17993096132418454,-1.14980264669093
20,1569312000,59,663,604,722,39,0.6522937227364036,-0.5473159349521454
20,1569326400,315,2166,1851,2481,39,2.0700316749543726,1.3725647279980753
20,1569340800,805,698,-107,1503,39,-0.15605566301097096,0.3051154452434898
20,1569355200,2504,707,-1797,3211,39,-2.0774487177410177,2.1693315750439317
20,1569369600,886,165,-721,1051,39,-0.8541239089306447,-0.1882251230643554
20,1569384000,146,28,-118,174,39,-0.16856177165122568,-1.1454368009536924
20,1569398400,54,649,595,703,39,0.6420614520307406,-0.5680537022040238
20,1569412800,294,2296,2002,2590,39,2.2417064390160517,1.491534024337799
20,1569427200,732,742,10,1474,39,-0.02303614383735235,0.27346306364851747
20,1569441600,2220,602,-1618,2822,39,-1.873940222595054,1.744753077097578
20,1569456000,720,123,-597,843,39,-0.713145956985955,-0.415249101400709
20,1569470400,143,28,-115,171,39,-0.16515101474933802,-1.1487111852566205
20,1569484800,60,665,605,725,39,0.6534306417036995,-0.5440415506492172
20,1569499200,359,2224,1865,2583,39,2.0859485404965152,1.4838937942976334
20,1569513600,778,801,23,1579,39,-0.008256197262505836,0.38806651425100364
20,1569528000,2071,726,-1345,2797,39,-1.5635613445232772,1.717466541239843
20,1569542400,706,150,-556,856,39,-0.6665322793268236,-0.4010601027546869
20,1569556800,143,43,-100,186,39,-0.14809723023989974,-1.1323392637419796
20,1569571200,53,571,518,624,39,0.5545186915489575,-0.6542791555144658
20,1569585600,362,2066,1704,2428,39,1.9029045867618777,1.3147172719796776
20,1569600000,922,762,-160,1684,39,-0.21631236827765288,0.5026699648534898
20,1569614400,2338,878,-1460,3216,39,-1.694307025762304,2.1747888822154784
20,1569628800,754,187,-567,941,39,-0.6790383879670784,-0.30828588083838854
20,1569643200,207,59,-148,266,39,-0.20266934067010225,-1.0450223489972281
20,1569657600,80,202,122,282,39,0.10429878049978683,-1.027558966048278
20,1569672000,185,618,433,803,39,0.4578805793288072,-0.45890755877308465
20,1569686400,474,605,131,1079,39,0.1145310512054498,-0.15766420290369243
20,1569700800,747,619,-128,1366,39,-0.17993096132418454,0.1555852287431031
20,1569715200,622,223,-399,845,39,-0.4880360014613695,-0.4130661785320902
20,1569729600,130,48,-82,178,39,-0.12763268882857381,-1.1410709552164546
20,1569744000,51,114,63,165,39,0.037220561429329585,-1.1552599538624768
20,1569758400,168,473,305,641,39,0.31235495151493387,-0.6357243111312062
20,1569772800,403,544,141,947,39,0.12590024087840865,-0.3017371122325322
20,1569787200,732,1079,347,1811,39,0.3601055481413611,0.6412855670107825
20,1569801600,433,113,-320,546,39,-0.39821940304499454,-0.7394131473905984
20,1569816000,60,44,-16,104,39,-0.05259603698704537,-1.2218391013553498
20,1569830400,40,578,538,618,39,0.5772570708948752,-0.6608279241203222
20,1569844800,209,1923,1714,2132,39,1.9142737764348365,0.9916446874240974
20,1569859200,598,598,0,1196,39,-0.0344053335103112,-0.029963215089493563
20,1569873600,1735,418,-1317,2153,39,-1.5317276134389926,1.0145653775445946
20,1569888000,410,90,-320,500,40,-0.47326768134196995,-0.742002416556633
20,1569902400,96,22,-74,118,40,-0.1849709014572206,-1.1801741111804551
20,1569916800,43,678,635,721,40,0.6459332324382562,-0.48850517961457884
20,1569931200,223,2125,1902,2348,40,2.130778842657677,1.3777391846601814
20,1569945600,605,737,132,1342,40,0.05644835324301665,0.22381058572938314
20,1569960000,2055,683,-1372,2738,40,-1.7061465936946378,1.8250872498520416
20,1569974400,695,160,-535,855,40,-0.7252343792087225,-0.33480097259993974
20,1569988800,115,21,-94,136,40,-0.20840966404947664,-1.159527277402369
20,1570003200,46,648,602,694,40,0.6072592741610336,-0.5194754302817076
20,1570017600,267,2250,1983,2517,40,2.2257058311563136,1.5715900129099876
20,1570032000,712,653,-59,1365,40,-0.16739182951302856,0.25019265111249284
20,1570046400,1969,703,-1266,2672,40,-1.5819211519556808,1.749382192665727
20,1570060800,655,173,-482,828,40,-0.663121658339244,-0.3657712232670685
20,1570075200,112,24,-88,136,40,-0.20137803527179984,-1.159527277402369
20,1570089600,45,664,619,709,40,0.6271822223644513,-0.5022697354666361
20,1570104000,305,2285,1980,2590,40,2.2221900167674753,1.6553243943433358
20,1570118400,727,755,28,1482,40,-0.06543321223671479,0.3843970706700509
20,1570132800,2013,712,-1301,2725,40,-1.6229389864921289,1.8101756476789796
20,1570147200,649,144,-505,793,40,-0.6900762353203385,-0.40591784450223545
20,1570161600,126,26,-100,152,40,-0.21544129282715346,-1.1411745362662928
20,1570176000,53,549,496,602,40,0.4830338324220767,-0.6250036918141465
20,1570190400,281,2056,1775,2337,40,1.9819427001968508,1.365121675129129
20,1570204800,860,752,-108,1612,40,-0.22481679786405587,0.533513092400671
20,1570219200,1845,663,-1182,2508,40,-1.4834783490682055,1.5612665960209446
20,1570233600,569,167,-402,736,40,-0.5693666079702198,-0.47129948479950734
20,1570248000,140,46,-94,186,40,-0.20840966404947664,-1.1021749613521308
20,1570262400,47,188,141,235,40,0.06699579640953186,-1.0459696916228969
20,1570276800,218,636,418,854,40,0.3916226583122781,-0.3359480189209445
20,1570291200,551,657,106,1208,40,0.02597796187308379,0.070106378714744
20,1570305600,749,604,-145,1353,40,-0.2681785086597296,0.23642809526043562
20,1570320000,424,212,-212,636,40,-0.3466983633437873,-0.5860041168999843
20,1570334400,100,44,-56,144,40,-0.16387601512419017,-1.150350906834331
20,1570348800,28,122,94,150,40,0.011914704317730162,-1.1434686289083025
20,1570363200,156,501,345,657,40,0.3060711748505435,-0.5619161441588841
20,1570377600,449,568,119,1017,40,0.04121315755805022,-0.14897946859716701
20,1570392000,680,410,-270,1090,40,-0.41467077486132986,-0.06524508716381883
20,1570406400,289,128,-161,417,40,-0.2869295187335344,-0.8372072612000289
20,1570420800,43,20,-23,63,40,-0.1252020568469677,-1.2432616588357173
20,1570435200,42,735,693,777,40,0.7139056439557987,-0.42427058563831177
20,1570449600,246,2171,1925,2417,40,2.157733419638771,1.4568853808095106
20,1570464000,668,616,-52,1284,40,-0.15918826260573896,0.15728189911110652
20,1570478400,2018,447,-1571,2465,40,-1.9393622814875855,1.5119436042177397
20,1570492800,495,137,-358,632,41,-0.5047343929032234,-0.6229918760795163
20,1570507200,101,24,-77,125,41,-0.15972829392002855,-1.2234258857308797
20,1570521600,55,698,643,753,41,0.724273098492428,-0.4796930295946742
20,1570536000,313,2182,1869,2495,41,2.229531025016972,1.5833366445920614
20,1570550400,881,702,-179,1583,41,-0.2849618245117932,0.5032660000120942
20,1570564800,2099,568,-1531,2667,41,-1.9449199947085172,1.7870341784382833
20,1570579200,710,137,-573,847,41,-0.7687070309152764,-0.368369958771739
20,1570593600,109,33,-76,142,41,-0.15850051420834457,-1.203292989943753
20,1570608000,72,601,529,673,41,0.5843062113604558,-0.574436068592917
20,1570622400,359,2114,1755,2473,41,2.089564137885,1.5572823088675445
20,1570636800,723,696,-27,1419,41,-0.09833930833583017,0.3090427700656965
20,1570651200,1979,448,-1531,2427,41,-1.9449199947085172,1.502805061443555
20,1570665600,615,134,-481,749,41,-0.6557512974403513,-0.48443018154458634
20,1570680000,113,22,-91,135,41,-0.17691720988360407,-1.2115830058560992
20,1570694400,46,644,598,690,41,0.6690230114666496,-0.5543031728057903
20,1570708800,293,2182,1889,2475,41,2.2540866192506517,1.5596508848425006
20,1570723200,773,772,-1,1545,41,-0.066417035832047,0.45826305648792887
20,1570737600,2012,758,-1254,2770,41,-1.6048250145720582,1.9090158411485207
20,1570752000,717,152,-565,869,41,-0.7588847932218046,-0.34231562304722224
20,1570766400,132,36,-96,168,41,-0.1830561084420239,-1.1725015022693241
20,1570780800,50,617,567,667,41,0.6309618404044466,-0.5815417965177851
20,1570795200,318,2064,1746,2382,41,2.078514120479844,1.4495121020070434
20,1570809600,864,784,-80,1648,41,-0.16341163305508044,0.5802447191981663
20,1570824000,1705,665,-1040,2370,41,-1.342080156271689,1.435300646157307
20,1570838400,538,167,-371,705,41,-0.520695529155115,-0.5365388529936198
20,1570852800,143,47,-96,190,41,-0.1830561084420239,-1.1464471665448075
20,1570867200,44,195,151,239,41,0.12020548034391604,-1.0884170551583838
20,1570881600,192,580,388,772,41,0.41118927201301636,-0.4571915578325916
20,1570896000,529,666,137,1195,41,0.1030165643803405,0.043762260870616895
20,1570910400,759,856,97,1615,41,0.053905375912981814,0.5411632156113912
20,1570924800,633,255,-378,888,41,-0.5292899871369027,-0.31981415128513957
20,1570939200,100,35,-65,135,41,-0.14499493737982092,-1.2115830058560992
20,1570953600,34,94,60,128,41,0.008477526580675014,-1.2198730217684455
20,1570968000,167,509,342,676,41,0.3547114052755539,-0.5708832046304828
20,1570982400,514,588,74,1102,41,0.02566644254425056,-0.06637652196484028
20,1570996800,803,497,-306,1300,41,-0.44088984789565705,0.16811249955581048
20,1571011200,320,144,-176,464,41,-0.2812784853767413,-0.821952257975826
20,1571025600,70,25,-45,95,41,-0.12043934314614158,-1.2589545253552208
20,1571040000,35,485,450,520,41,0.48731161413742236,-0.7556321306770561
20,1571054400,237,1860,1623,2097,41,1.9274972159427162,1.1119900255758037
20,1571068800,852,746,-106,1598,41,-0.1953339055588636,0.5210303198242646
20,1571083200,1700,515,-1185,2215,41,-1.5201082144658644,1.2517360080982118
20,1571097600,549,115,-434,664,42,-0.5463799596528552,-0.6265745575059772
20,1571112000,93,24,-69,117,42,-0.13340269994088053,-1.2146505393730547
20,1571126400,54,674,620,728,42,0.6461625930496689,-0.5577685925343265
20,1571140800,268,2201,1933,2469,42,2.1317492834656218,1.31396867333511
20,1571155200,767,734,-33,1501,42,-0.09267069624326112,0.27327845313889254
20,1571169600,2472,738,-1734,3210,42,-2.017257870955779,2.1106127365225036
20,1571184000,795,224,-571,1019,42,-0.7013878626132403,-0.24491647055385207
20,1571198400,179,27,-152,206,42,-0.22731259735483642,-1.1189672443343528
20,1571212800,59,713,654,772,42,0.6846317076529762,-0.5104644916163167
20,1571227200,337,2226,1889,2563,42,2.0819657233907534,1.415027434387222
20,1571241600,761,743,-18,1504,42,-0.07569902803591969,0.2765037327469387
20,1571256000,2601,740,-1861,3341,42,-2.160951328444603,2.2514499460738513
20,1571270400,832,167,-665,999,42,-0.8077436500459132,-0.2664183346074929
20,1571284800,167,31,-136,198,42,-0.2092094846003389,-1.1275679899558093
20,1571299200,54,695,641,749,42,0.669922928539947,-0.5351916352780036
20,1571313600,338,2252,1914,2590,42,2.110251837069656,1.4440549508596372
20,1571328000,753,802,49,1555,42,0.00010775662353867534,0.3313334860837229
20,1571342400,2016,665,-1351,2681,42,-1.5839146093949945,1.541888432303703
20,1571356800,594,201,-393,795,42,-0.49999073321945536,-0.4857373479546297
20,1571371200,140,53,-87,193,42,-0.15376870178969024,-1.1329434559692195
20,1571385600,45,578,533,623,42,0.5477269174470887,-0.670653378815941
20,1571400000,257,2002,1745,2259,42,1.919037708600276,1.088199100771881
20,1571414400,887,750,-137,1637,42,-0.210340929147495,0.41949112870365035
20,1571428800,1870,736,-1134,2606,42,-1.3383911426621218,1.4612564421025498
20,1571443200,568,165,-403,733,42,-0.5113051786910163,-0.5523931265209163
20,1571457600,161,46,-115,207,42,-0.1854491491100609,-1.1178921511316708
20,1571472000,50,187,137,237,42,0.09967487677327505,-1.0856393550512096
20,1571486400,221,700,479,921,42,0.48662891190065954,-0.35027560441669225
20,1571500800,588,725,137,1313,42,0.09967487677327505,0.0711609310346685
20,1571515200,885,803,-82,1688,42,-0.14811147905390976,0.47432088204043454
20,1571529600,500,255,-245,755,42,-0.3325369402403533,-0.5287410760619113
20,1571544000,133,53,-80,186,42,-0.14584858995959757,-1.1404691083879936
20,1571558400,36,145,109,181,42,0.06799442945290438,-1.1458445744014039
20,1571572800,174,488,314,662,42,0.29994056161990384,-0.6287247439113414
20,1571587200,639,724,85,1363,42,0.040839760321158096,0.12491559116877064
20,1571601600,882,418,-464,1300,42,-0.5803232960675381,0.05718471939980194
20,1571616000,289,110,-179,399,42,-0.257861600128051,-0.9114742562167186
20,1571630400,71,25,-46,96,42,-0.10737947535629035,-1.2372274966293775
20,1571644800,47,659,612,706,42,0.6371110366724202,-0.5814206429933315
20,1571659200,307,2195,1888,2502,42,2.0808342788435974,1.3494467490236173
20,1571673600,737,781,44,1518,42,-0.0055494661122418,0.29155503758448725
20,1571688000,1980,640,-1340,2620,42,-1.5714687193762773,1.4763077469400985
20,1571702400,585,159,-426,744,43,-0.562999799467695,-0.5177371958828426
20,1571716800,106,36,-70,142,43,-0.15916324386006842,-1.1757810937716373
20,1571731200,54,674,620,728,43,0.623553675716511,-0.5352267346971628
20,1571745600,347,2294,1947,2641,43,2.128865780467411,1.5558662497899873
20,1571760000,680,751,71,1431,43,0.0007832570968847751,0.23321987695702778
20,1571774400,2041,557,-1484,2598,43,-1.7631657428184502,1.5088631142265019
20,1571788800,556,118,-438,674,43,-0.5766122676342441,-0.5942539281954932
20,1571803200,123,21,-102,144,43,-0.1954631589708663,-1.1735949014198472
20,1571817600,53,651,598,704,43,0.5985974840778375,-0.561461042918643
20,1571832000,307,2395,2088,2702,43,2.2888122814243643,1.6225451165195828
20,1571846400,836,832,-4,1668,43,-0.08429466894404777,0.49228367064414463
20,1571860800,2127,712,-1415,2839,43,-1.6848940508607924,1.7722992926171988
20,1571875200,616,169,-447,785,43,-0.5868216187591562,-0.4729202526711473
20,1571889600,125,43,-82,168,43,-0.17277571202661762,-1.147360593198367
20,1571904000,60,714,654,774,43,0.6621223355217338,-0.48494431060599236
20,1571918400,332,2337,2005,2669,43,2.194659376605732,1.5864729427150475
20,1571932800,710,758,48,1468,43,-0.025307306889001208,0.2736644354651431
20,1571947200,2052,652,-1400,2704,43,-1.6678784656526058,1.6247313088713726
20,1571961600,679,195,-484,874,43,-0.6287933956060162,-0.3756346930164916
20,1571976000,138,30,-108,168,43,-0.2022693930541409,-1.147360593198367
20,1571990400,53,546,493,599,43,0.479488387620532,-0.6762361413876188
20,1572004800,337,2056,1719,2393,43,1.870228885302976,1.2847783981680252
20,1572019200,893,763,-130,1656,43,-0.22722558469281445,0.47916651653340453
20,1572033600,1870,675,-1195,2545,43,-1.4353321344740568,1.4509290169040665
20,1572048000,581,156,-425,737,43,-0.5618654271204825,-0.5253888691141076
20,1572062400,158,67,-91,225,43,-0.18298506315152954,-1.0850541111723517
20,1572076800,60,186,126,246,43,0.06317373619356866,-1.0620990914785564
20,1572091200,217,654,437,871,43,0.4159635361766357,-0.3789139815441766
20,1572105600,706,765,59,1471,43,-0.012829211069664434,0.2769437239928281
20,1572120000,1036,689,-347,1725,43,-0.47338438403791266,0.5545901526701601
20,1572134400,502,297,-205,799,43,-0.312303510733747,-0.45761690620861717
20,1572148800,114,94,-20,208,43,-0.10244462649944673,-1.1036367461625667
20,1572163200,43,111,68,154,43,-0.002619859944752527,-1.1626639396608973
20,1572177600,186,541,355,727,43,0.32294500370521606,-0.5363198308730577
20,1572192000,446,645,199,1091,43,0.14598291754007636,-0.13843282284727487
20,1572206400,657,400,-257,1057,43,-0.3712908727887936,-0.17559809282770514
20,1572220800,284,145,-139,429,43,-0.23743493581772637,-0.8620624912897701
20,1572235200,53,32,-21,85,43,-0.10357899884665916,-1.2380875757976528
20,1572249600,43,626,583,669,43,0.581581898869651,-0.5997194090749682
20,1572264000,283,2215,1932,2498,43,2.1118501952592243,1.3995534966370011
20,1572278400,723,684,-39,1407,43,-0.12399770109648298,0.20698556873554758
20,1572292800,2322,602,-1720,2924,43,-2.0308776167605846,1.8652124675682744
20,1572307200,710,132,-578,842,44,-0.685859617010645,-0.3542650720978446
20,1572321600,120,18,-102,138,44,-0.1517434719368756,-1.1331387929596322
20,1572336000,54,685,631,739,44,0.6707505077670594,-0.46821960796256634
20,1572350400,352,2300,1948,2652,44,2.148546648653938,1.6482369659132852
20,1572364800,760,768,8,1528,44,-0.028313270344197762,0.40469426385554497
20,1572379200,2271,594,-1677,2865,44,-1.9190395401956715,1.8838905206626613
20,1572393600,632,100,-532,732,44,-0.6342433508900707,-0.47596409098249887
20,1572408000,102,23,-79,125,44,-0.12593533887658842,-1.147521404282364
20,1572422400,48,687,639,735,44,0.6797272497010723,-0.4726450268310992
20,1572436800,287,2272,1985,2559,44,2.190064080098748,1.5453459772198956
20,1572451200,762,735,-27,1497,44,-0.06758651630550434,0.3703972676244151
20,1572465600,2031,562,-1469,2593,44,-1.6856442499113353,1.5829620376024252
20,1572480000,514,138,-376,652,44,-0.4591968831768185,-0.5644724683531566
20,1572494400,196,41,-155,237,44,-0.21121438724971126,-1.0236096759634432
20,1572508800,53,678,625,731,44,0.6640179513165497,-0.4770704456996321
20,1572523200,282,2228,1946,2510,44,2.1463024631704353,1.491134596080368
20,1572537600,743,689,-54,1432,44,-0.097883020332798,0.2984842110107558
20,1572552000,2172,472,-1700,2644,44,-1.9448476732559588,1.6393861281762194
20,1572566400,497,170,-327,667,44,-0.4042143388309893,-0.5478771475961582
20,1572580800,200,67,-133,267,44,-0.1865283469311757,-0.9904190344494466
20,1572595200,57,579,522,636,44,0.5484423989161331,-0.582174143827288
20,1572609600,345,2187,1842,2532,44,2.029604818028267,1.5154743998572988
20,1572624000,930,875,-55,1805,44,-0.09900511307454961,0.7111545205014471
20,1572638400,1875,728,-1147,2603,44,-1.3243303870673149,1.5940255847737574
20,1572652800,651,147,-504,798,44,-0.6028247541210254,-0.4029446796517063
20,1572667200,117,36,-81,153,44,-0.12817952436009164,-1.1165434722026337
20,1572681600,44,132,88,176,44,0.06145414899593156,-1.0910973137085698
20,1572696000,263,571,308,834,44,0.30831455218128717,-0.3631159098349103
20,1572710400,607,609,2,1216,44,-0.03504582679470746,0.059511592109980055
20,1572724800,912,491,-421,1403,44,-0.5096910565556413,0.26639992421389236
20,1572739200,496,198,-298,694,44,-0.3716736493201924,-0.5180055702335613
20,1572750000,88,31,-57,119,44,-0.10124929855805284,-1.1541595325851632
20,1572764400,22,55,33,77,44,-0.00026095180040734917,-1.2006264307047585
20,1572778800,115,386,271,501,44,0.2667971207364774,-0.731532030640273
20,1572793200,396,514,118,910,44,0.09511693124848004,-0.27903295133278555
20,1572807600,640,366,-274,1006,44,-0.3447434235181536,-0.17282289848799634
20,1572822000,321,108,-213,429,44,-0.27629576627130503,-0.8111895702738648
20,1572836400,83,33,-50,116,44,-0.09339464936579153,-1.1574785967365628
20,1572850800,21,263,242,284,44,0.2342564312256805,-0.9716110042581818
20,1572865200,210,2393,2183,2603,44,2.412238442965568,1.5940255847737574
20,1572879600,604,826,222,1430,44,0.21181457639064816,0.29627150157648935
20,1572894000,1929,650,-1279,2579,44,-1.4724466289785283,1.5674730715625602
20,1572908400,761,165,-596,926,44,-0.7060572863621741,-0.261331275858654
20,1572922800,150,36,-114,186,45,-0.19621160488896247,-1.1343559364504463
20,1572937200,28,308,280,336,45,0.23395660360369133,-0.9714629204120206
20,1572951600,190,2474,2284,2664,45,2.4219187605054127,1.5566366885043459
20,1572966000,544,742,198,1286,45,0.14442920995801212,0.060192847831341954
20,1572980400,2099,636,-1463,2735,45,-1.6690464101087341,1.633739382762534
20,1572994800,989,163,-826,1152,45,-0.9735714131294941,-0.08532491316298499
20,1573009200,170,36,-134,206,45,-0.21804755455864033,-1.1126368676453229
20,1573023600,30,270,240,300,45,0.1902847042643356,-1.0105572442612427
20,1573038000,197,2497,2300,2694,45,2.439387520241155,1.589215291712031
20,1573052400,638,841,203,1479,45,0.14988819737543158,0.269781861800783
20,1573066800,2088,679,-1409,2767,45,-1.6100893460006038,1.6684898928507315
20,1573081200,1028,196,-832,1224,45,-0.9801221980303975,-0.0071362654645406596
20,1573095600,156,53,-103,209,45,-0.18420183257063966,-1.1093790073245544
20,1573110000,28,263,235,291,45,0.18482571684691615,-1.0203308252235483
20,1573124400,200,2273,2073,2473,45,2.1915494914903113,1.349219581415417
20,1573138800,600,860,260,1460,45,0.21212065393401347,0.24914874643591572
20,1573153200,1957,780,-1177,2737,45,-1.3567923298323408,1.6359112896430463
20,1573167600,1015,252,-763,1267,45,-0.9047881716700089,0.0395597324664747
20,1573182000,166,31,-135,197,45,-0.21913935204212423,-1.1224104486076285
20,1573196400,29,293,264,322,45,0.21648784386794903,-0.986666268575607
20,1573210800,218,2344,2126,2562,45,2.2494147581149577,1.4458694375982164
20,1573225200,732,851,119,1583,45,0.05817720876278459,0.38272101958742477
20,1573239600,1854,901,-953,2755,45,-1.1122296935319484,1.6554584515676574
20,1573254000,885,286,-599,1171,45,-0.7257333843786504,-0.06469179779811773
20,1573268400,187,55,-132,242,45,-0.21586395959167254,-1.0735425437961008
20,1573282800,27,106,79,133,45,0.01450530942342887,-1.1919114687840233
20,1573297200,125,624,499,749,45,0.4730602524866639,-0.522964149586222
20,1573311600,642,797,155,1439,45,0.09748191816820473,0.22634372419053614
20,1573326000,1105,816,-289,1921,45,-0.3872761644986437,0.7497732823940106
20,1573340400,679,346,-333,1025,45,-0.43531525377193503,-0.22324100007551873
20,1573354800,190,59,-131,249,45,-0.21477216210818864,-1.0659408697143076
20,1573369200,24,72,48,96,45,-0.01934041256457181,-1.2320917460735017
20,1573383600,109,508,399,617,45,0.3638805041382746,-0.6663100037000366
20,1573398000,480,826,346,1306,45,0.30601523751362825,0.08191191663646538
20,1573412400,910,563,-347,1473,45,-0.45060041854070954,0.26326614115924596
20,1573426800,491,163,-328,654,45,-0.42985626635451557,-0.6261297264105582
20,1573441200,104,41,-63,145,45,-0.14052993323128393,-1.1788800275009494
20,1573455600,28,269,241,297,45,0.1913765017478195,-1.0138151045820114
20,1573470000,194,2260,2066,2454,45,2.1839069091059238,1.32858646605055
20,1573484400,719,855,136,1574,45,0.07673776598201076,0.37294743862511925
20,1573498800,1714,629,-1085,2343,45,-1.2563469613518226,1.2080456341821149
20,1573513200,743,168,-575,911,45,-0.699530244775037,-0.34703969226472225
20,1573527600,157,41,-116,198,46,-0.168169717690705,-1.198884387081751
20,1573542000,35,346,311,381,46,0.28325308085219336,-0.9982917188816
20,1573556400,222,2615,2393,2837,46,2.484335672342391,1.6938153472362742
20,1573570800,600,825,225,1425,46,0.19233420339390467,0.14607301117827814
20,1573585200,2104,767,-1337,2871,46,-1.459006338348501,1.7310839303991439
20,1573599600,1007,154,-853,1161,46,-0.9473233535832485,-0.14330657573341515
20,1573614000,160,43,-117,203,46,-0.16922691394022,-1.1934037130872113
20,1573628400,31,314,283,345,46,0.2536515858657738,-1.0377525716422853
20,1573642800,183,2421,2238,2604,46,2.3204702536675685,1.4384159390907267
20,1573657200,641,862,221,1503,46,0.18810541839584474,0.23157152549309662
20,1573671600,2056,870,-1186,2926,46,-1.2993697046717385,1.79137134433908
20,1573686000,1115,190,-925,1305,46,-1.0234414835483274,0.014536835309326644
20,1573700400,181,38,-143,219,46,-0.19671401642760958,-1.1758655563046845
20,1573714800,37,308,271,345,46,0.24096523087159397,-1.0377525716422853
20,1573729200,207,2445,2238,2652,46,2.3204702536675685,1.4910304094383073
20,1573743600,613,852,239,1465,46,0.20713495088711445,0.18991840313459532
20,1573758000,1844,710,-1134,2554,46,-1.2443954996969593,1.3836091991453303
20,1573772400,835,193,-642,1028,46,-0.7242549449355868,-0.28909250398816977
20,1573786800,154,49,-105,203,46,-0.15654055894604016,-1.1934037130872113
20,1573801200,32,300,268,332,46,0.23779364212304901,-1.0520023240280885
20,1573815600,245,2266,2021,2511,46,2.0910586675228164,1.3364754027922892
20,1573830000,726,871,145,1597,46,0.1077585034327059,0.334608196590442
20,1573844400,1824,888,-936,2712,46,-1.0350706422929923,1.556798497372783
20,1573858800,957,237,-720,1194,46,-0.8067162523977556,-0.10713412736945349
20,1573873200,515,256,-259,771,46,-0.31934878137134776,-0.5707991473075076
20,1573887600,779,167,-612,946,46,-0.6925390574501372,-0.37897555749861994
20,1573902000,110,589,479,699,46,0.46086205077071074,-0.6497208528288785
20,1573916400,572,921,349,1493,46,0.3234265383337627,0.22061017750401735
20,1573930800,1122,721,-401,1843,46,-0.4694706488024756,0.6042573571217925
20,1573945200,667,321,-346,988,46,-0.4113248550791514,-0.3329378959444869
20,1573959600,159,58,-101,217,46,-0.15231177394798023,-1.1780578259025003
20,1573974000,29,79,50,108,46,0.007324859728782394,-1.2975365189834647
20,1573988400,89,443,354,532,46,0.3287125195813377,-0.8327753642465027
20,1574002800,508,748,240,1256,46,0.20819214713662945,-0.039173769837161886
20,1574017200,860,550,-310,1410,46,-0.373265790096612,0.1296309891946592
20,1574031600,619,304,-315,923,46,-0.3785517713441869,-0.40418665787350233
20,1574046000,165,50,-115,215,46,-0.16711252144119002,-1.1802500955003161
20,1574060400,119,305,186,424,46,0.15110354966282027,-0.951157922528559
20,1574074800,189,2392,2203,2581,46,2.283468384934544,1.4132048387158442
20,1574089200,567,714,147,1281,46,0.10987289593173588,-0.011770399864463656
20,1574103600,2125,633,-1492,2758,46,-1.6228717570233235,1.6072206981225479
20,1574118000,1062,175,-887,1237,46,-0.983268026066758,-0.06000033101641254
20,1574132400,128,32,-96,160,47,-0.20861814395994613,-1.2044834872269758
20,1574146800,31,316,285,347,47,0.2009398905937354,-1.0046395319978598
20,1574161200,197,2463,2266,2660,47,2.3304266791786254,1.4672271441783193
20,1574175600,592,838,246,1430,47,0.1590166272142247,0.15274551352691407
20,1574190000,1898,631,-1267,2529,47,-1.467391000816537,1.3272295070926818
20,1574204400,834,163,-671,997,47,-0.8267175399399117,-0.3099947678324831
20,1574218800,155,41,-114,196,47,-0.2279673424427972,-1.1660108541347396
20,1574233200,32,334,302,366,47,0.219214133605317,-0.9843345311991796
20,1574247600,181,2487,2306,2668,47,2.373424898029406,1.4757766181988163
20,1574262000,565,885,320,1450,47,0.23856333208816807,0.17411919857815641
20,1574276400,2032,755,-1277,2787,47,-1.478140555529232,1.6029500442537084
20,1574290800,1136,207,-929,1343,47,-1.1040560515274442,0.05976998355400979
20,1574305200,196,35,-161,231,47,-0.27849024959246393,-1.1286069052950656
20,1574319600,45,345,300,390,47,0.21706422266277797,-0.9586861091376887
20,1574334000,290,2800,2510,3090,47,2.592715814168385,1.9267613727800301
20,1574348400,785,989,204,1774,47,0.11386849742090546,0.5203728964082827
20,1574362800,1976,721,-1255,2697,47,-1.4544915351613028,1.5067684615231176
20,1574377200,854,153,-701,1007,47,-0.8589662040779968,-0.2993079253068619
20,1574391600,183,42,-141,225,47,-0.25699114016707386,-1.1350190108104383
20,1574406000,33,272,239,305,47,0.15149193891533816,-1.0495242706054688
20,1574420400,207,2239,2032,2446,47,2.078887098901561,1.238528714130026
20,1574434800,779,1033,254,1812,47,0.16761627098438073,0.5609828980056432
20,1574449200,1773,754,-1019,2527,47,-1.2008020439416995,1.3250921385875576
20,1574463600,774,332,-442,1106,47,-0.580552737019195,-0.1935081843032122
20,1574478000,259,108,-151,367,47,-0.2677406948797689,-0.9832658469466175
20,1574492400,48,135,87,183,47,-0.011901292717626664,-1.179903749418047
20,1574506800,169,623,454,792,47,0.3826073652382818,-0.5290750396077173
20,1574521200,621,903,282,1524,47,0.1977150241799269,0.25320183326775314
20,1574535600,1173,1004,-169,2177,47,-0.28708989336262003,0.9510526501908163
20,1574550000,736,430,-306,1166,47,-0.4343587929265422,-0.1293871291494851
20,1574564400,199,78,-121,277,47,-0.23549203074168376,-1.079447429677208
20,1574578800,37,64,27,101,47,-0.07639862099379698,-1.2675358581281408
20,1574593200,100,539,439,639,47,0.3664830331692392,-0.6925837302497213
20,1574607600,444,796,352,1240,47,0.27296190716879226,-0.050304494459888376
20,1574622000,902,609,-293,1511,47,-0.4203843718000387,0.23930893798444564
20,1574636400,578,259,-319,837,47,-0.44833321405304577,-0.480984248242422
20,1574650800,103,41,-62,144,47,-0.17206965793678294,-1.2215824352679698
20,1574665200,37,307,270,344,47,0.1848155585246928,-1.007845584755546
20,1574679600,209,2309,2100,2518,47,2.1519840709478872,1.3154739803144986
20,1574694000,586,825,239,1411,47,0.15149193891533816,0.13244051272823382
20,1574708400,1913,797,-1116,2710,47,-1.3050727246548417,1.5206613568064251
20,1574722800,1179,394,-785,1573,47,-0.9492624636646353,0.30556736164329695
20,1574737200,262,47,-215,309,48,-0.33442150076690563,-0.9678829466175325
20,1574751600,49,346,297,395,48,0.4140589272609398,-0.8639159804847029
20,1574766000,243,2329,2086,2572,48,3.0293547978504236,1.7678989645289012
20,1574780400,793,885,92,1678,48,0.11437438088260325,0.6871260840318125
20,1574794800,2047,809,-1238,2856,48,-1.8299204809866048,2.111231736409408
20,1574809200,955,246,-709,1201,48,-1.0565881637468972,0.11047209745786253
20,1574823600,226,57,-169,283,48,-0.2671752123112789,-0.9993148200995506
20,1574838000,46,283,237,329,48,0.32634637710142667,-0.9437045824005953
20,1574852400,227,1749,1522,1976,48,2.2048568263509996,1.0473837108641755
20,1574866800,1006,905,-101,1911,48,-0.16776765546383068,0.9688040271591298
20,1574881200,1620,921,-699,2541,48,-1.0419694053869784,1.7304224999926487
20,1574895600,848,278,-570,1126,48,-0.8533874225440251,0.019803231644348385
20,1574910000,135,38,-97,173,48,-0.16192015211986313,-1.1322958232927047
20,1574924400,33,101,68,134,48,0.07928936081879799,-1.1794436335157321
20,1574938800,154,776,622,930,48,0.8891685739583025,-0.21714473768163528
20,1574953200,838,432,-406,1270,48,-0.6136397854413558,0.19388745400629556
20,1574967600,678,437,-241,1115,48,-0.37243027250269467,0.006505131325032974
20,1574982000,445,213,-232,658,48,-0.3592733899787677,-0.5459704910319799
20,1574996400,85,44,-41,129,48,-0.08005510530431754,-1.1854882245699665
20,1575010800,17,193,176,210,48,0.23717195110592165,-1.0875658494913711
20,1575025200,200,1023,823,1223,48,1.1830056169926715,0.13706829809649335
20,1575039600,801,966,165,1767,48,0.2210913169100109,0.7947198047971826
20,1575054000,1389,1004,-385,2393,48,-0.5829403928855262,1.5515026047873142
20,1575068400,888,374,-514,1262,48,-0.7715223757284795,0.1842161083195207
20,1575082800,289,61,-228,350,48,-0.3534258866348002,-0.9183172999728114
20,1575097200,32,91,59,123,48,0.06613247829487102,-1.1927417338350474
20,1575111600,128,534,406,662,48,0.5734033933840553,-0.5411348181885925
20,1575126000,571,846,275,1417,48,0.3818976588691183,0.37159843100078327
20,1575140400,1133,947,-186,2080,48,-0.292027101523141,1.1731112047922485
20,1575154800,768,471,-297,1239,48,-0.45429531931824024,0.15641098947004303
20,1575169200,267,72,-195,339,48,-0.3051839840470679,-0.9316154002921267
20,1575183600,30,61,31,91,48,0.025199954887098218,-1.2314271165821469
20,1575198000,105,414,309,519,48,0.43160143729284245,-0.7140101223396929
20,1575212400,535,695,160,1230,48,0.21378193773005147,0.14553072557242133
20,1575226800,860,459,-401,1319,48,-0.6063304062613963,0.25312444633779146
20,1575241200,493,147,-346,640,48,-0.5259272352818427,-0.5677310188272233
20,1575255600,89,38,-51,127,48,-0.0946738636642364,-1.18790606099166
20,1575270000,28,267,239,295,48,0.32927012877341044,-0.9848078015693884
20,1575284400,168,2371,2203,2539,48,3.200394270661474,1.728004663570955
20,1575298800,637,804,167,1441,48,0.22401506858199466,0.40061246806110784
20,1575313200,2015,678,-1337,2693,48,-1.9746461887498015,1.9141780680413707
20,1575327600,880,179,-701,1059,48,-1.0448931570589621,-0.061194288482390925
20,1575342000,163,32,-131,195,49,-0.24749278723252696,-1.2545600718743948
20,1575356400,35,298,263,333,49,0.17312040400952464,-1.135697298248175
20,1575370800,213,2479,2266,2692,49,2.311415383851731,0.8961670712029289
20,1575385200,667,989,322,1656,49,0.2361056280787659,0.003834944559714138
20,1575399600,2018,779,-1239,2797,49,-1.430333944329464,0.986606138092444
20,1575414000,1066,239,-827,1305,49,-0.9905049220154405,-0.29848993618523606
20,1575428400,176,47,-129,223,49,-0.24535769489119674,-1.2304429873705243
20,1575442800,43,294,251,337,49,0.16030984996154338,-1.1322520004619079
20,1575457200,204,2493,2289,2697,49,2.3359689457770285,0.900473693435763
20,1575471600,711,977,266,1688,49,0.17632304252151998,0.031397326849852046
20,1575486000,2378,1766,-612,4144,49,-0.7609824953224429,2.1468101676179363
20,1575500400,1567,753,-814,2320,49,-0.9766268217967942,0.5757543770800758
20,1575514800,275,62,-213,337,49,-0.3350315732270656,-1.1322520004619079
20,1575529200,40,308,268,348,49,0.17845813486285017,-1.122777431549673
20,1575543600,248,2596,2348,2844,49,2.3989541698462697,1.027088387081084
20,1575558000,843,1062,219,1905,49,0.12614837250025998,0.21830473175484974
20,1575572400,2117,1399,-718,3516,49,-0.874142389412944,1.6058984151739801
20,1575586800,1431,550,-881,1981,49,-1.0481524152313562,0.2837653896939273
20,1575601200,238,74,-164,312,49,-0.28272181086447545,-1.153785111626078
20,1575615600,46,316,270,362,49,0.1805932272041804,-1.1107188892977375
20,1575630000,204,2370,2166,2574,49,2.2046607667852203,0.7945307865080454
20,1575644400,901,1031,130,1932,49,0.031136763311065584,0.2415604918121536
20,1575658800,2047,1381,-666,3428,49,-0.8186299885383586,1.530101863876101
20,1575673200,1422,803,-619,2225,49,-0.7684553185170986,0.49392855465622887
20,1575687600,464,96,-368,560,49,-0.500501229680157,-0.9401766488775093
20,1575702000,38,99,61,137,49,-0.042523922464826704,-1.3045168897752697
20,1575716400,194,702,508,896,49,0.43466921582247553,-0.6507716348310613
20,1575730800,932,1102,170,2034,49,0.0738386101376698,0.3294155853619682
20,1575745200,1776,1768,-8,3544,49,-0.116184608240719,1.6300154996778509
20,1575759600,1423,1097,-326,2520,49,-0.45566429051222257,0.7480192663934377
20,1575774000,456,140,-316,596,49,-0.4449888288055715,-0.9091689688011041
20,1575788400,34,76,42,110,49,-0.06280729970746371,-1.3277726498325737
20,1575802800,157,592,435,749,49,0.3567383453639228,-0.7773863284763822
20,1575817200,703,1009,306,1712,49,0.2190248893481242,0.05206911356745548
20,1575831600,1427,1372,-55,2799,49,-0.16635927826197894,0.9883287869855776
20,1575846000,1043,495,-548,1538,49,-0.6926595403998761,-0.0978013401351694
20,1575860400,152,41,-111,193,49,-0.22614186381922485,-1.2562827207675284
20,1575874800,34,317,283,351,49,0.19447132742282677,-1.1201934582099726
20,1575889200,217,2671,2454,2888,49,2.512114063936771,1.0649866627300237
20,1575903600,687,897,210,1584,49,0.11654045696427404,-0.05818041559309616
20,1575918000,2403,927,-1476,3330,49,-1.683342386777094,1.4456920681125536
20,1575932400,1372,301,-1071,1673,49,-1.2509861876577262,0.018477460151349902
20,1575946800,228,39,-189,267,50,-0.3097513958041717,-1.2240176094682487
20,1575961200,36,292,256,328,50,0.16137926724758364,-1.1694739507306822
20,1575975600,199,2535,2336,2734,50,2.363518096792867,0.9818710152133375
20,1575990000,794,1000,206,1794,50,0.10844323769120662,0.14136217565083609
20,1576004400,2062,1024,-1038,3086,50,-1.2086051776714535,1.2966147508792956
20,1576018800,1377,351,-1026,1728,50,-1.195900530577923,0.08234772521346896
20,1576033200,212,38,-174,250,50,-0.29387058693725865,-1.2392183012475706
20,1576047600,48,298,250,346,50,0.1550269437008184,-1.1533791006114003
20,1576062000,220,2656,2436,2876,50,2.469390155905621,1.1088414994876727
20,1576076400,683,1034,351,1717,50,0.26195772340469997,0.07251198347390778
20,1576090800,2158,1162,-996,3320,50,-1.1641389128440967,1.5058478024299606
20,1576105200,1517,390,-1127,1907,50,-1.3028313102818045,0.24240206806632827
20,1576119600,277,55,-222,332,50,-0.34468917531138055,-1.1658973173708416
20,1576134000,34,292,258,326,50,0.1634967084298387,-1.1712622674106024
20,1576148400,254,2537,2283,2791,50,2.3074059054631078,1.0328380405910638
20,1576162800,888,1072,184,1960,50,0.08515138468640072,0.289792460084214
20,1576177200,2128,1299,-829,3427,50,-0.9873325741257974,1.6015227448056923
20,1576191600,1393,505,-888,1898,50,-1.0497970890023223,0.23435464300668732
20,1576206000,263,53,-210,316,50,-0.3319845282178501,-1.1802038508102033
20,1576220400,36,286,250,322,50,0.1550269437008184,-1.1748389007704427
20,1576234800,230,2354,2124,2584,50,2.1390693314738285,0.8477472642193213
20,1576249200,861,1173,312,2034,50,0.22066762035072587,0.355960177241262
20,1576263600,2299,1302,-997,3601,50,-1.1651976334352243,1.7571062959587511
20,1576278000,1161,546,-615,1707,50,-0.7607663676245038,0.0635704000743067
20,1576292400,454,73,-381,527,50,-0.5130257493006595,-0.9915364410786206
20,1576306800,36,83,47,119,50,-0.05989333629807227,-1.3563530437823446
20,1576321200,191,691,500,882,50,0.4197070914827034,-0.6741102303927823
20,1576335600,766,1048,282,1814,50,0.1889060026168997,0.15924534245003824
20,1576350000,1473,1606,133,3079,50,0.031156634538896184,1.2903556424995748
20,1576364400,1095,1047,-48,2142,50,-0.16047179245518856,0.45252927795695363
20,1576378800,485,125,-360,610,50,-0.4907926168869811,-0.9173212988619317
20,1576393200,34,82,48,116,50,-0.058834615706944725,-1.359035518802225
20,1576407600,167,608,441,775,50,0.3572425766061786,-0.7697851727685139
20,1576422000,746,1145,399,1891,50,0.31277631177882187,0.22809553462696655
20,1576436400,1586,1468,-118,3054,50,-0.2345822338341164,1.2680016840005721
20,1576450800,1048,582,-466,1630,50,-0.6030169995465003,-0.005279792102621608
20,1576465200,140,66,-74,206,50,-0.1879985278245046,-1.2785612682058152
20,1576479600,23,292,269,315,50,0.17514263493224166,-1.1810980091501635
20,1576494000,217,2575,2358,2792,50,2.386809949797673,1.0337321989310237
20,1576508400,744,1073,329,1817,50,0.23866587039989406,0.16192781746991858
20,1576522800,2216,1203,-1013,3419,50,-1.1821371628932649,1.5943694780860114
20,1576537200,1400,469,-931,1869,50,-1.0953220744208065,0.20842405114784418
20,1576551600,236,43,-193,279,51,-0.3759504013120364,-1.2203199556732773
20,1576566000,39,291,252,330,51,0.12240851307007763,-1.1770632653086
20,1576580400,232,2680,2448,2912,51,2.5817257624703527,1.012912705703107
20,1576594800,730,942,212,1672,51,0.07761220615932582,-0.038818589438068964
20,1576609200,2260,1046,-1214,3306,51,-1.5193761352089767,1.3470918430302228
20,1576623600,1356,367,-989,1723,51,-1.2673969088359978,0.004438100926608444
20,1576638000,262,49,-213,311,51,-0.39834855476741227,-1.1931785028954405
20,1576652400,40,291,251,331,51,0.12128860539730885,-1.1762150949092924
20,1576666800,245,2619,2374,2864,51,2.498852594685462,0.972200526536352
20,1576681200,894,1143,249,2037,51,0.11904879005177126,0.2707636063091321
20,1576695600,2683,1253,-1430,3936,51,-1.7612761925270366,1.8814391945938849
20,1576710000,1526,426,-1100,1952,51,-1.391706660513334,0.19866912236800308
20,1576724400,243,45,-198,288,51,-0.38154993967588036,-1.2126864220795106
20,1576738800,44,315,271,359,51,0.14368675885268475,-1.1524663237286854
20,1576748907,123,1933,1810,2056,51,1.867224667243861,0.2868788438959727
20,1576753200,212,2139,1927,2351,51,1.99825386495781,0.5370891116916557
20,1576767600,878,1231,353,2109,51,0.235519188019726,0.33183187505926487
20,1576782000,2141,1326,-815,3467,51,-1.0725329737742273,1.4836472773187142
20,1576796400,1401,417,-984,1818,51,-1.2617973704721537,0.08501428886081146
20,1576810800,225,58,-167,283,51,-0.34683280182004766,-1.2169272740760477
20,1576825200,45,310,265,355,51,0.13696731281607197,-1.155859005325915
20,1576839600,248,2204,1956,2452,51,2.0307311874681053,0.6227543220217031
20,1576854000,908,1073,165,1981,51,0.024976545539192426,0.22326606394791768
20,1576868400,2059,1606,-453,3665,51,-0.6671263962319233,1.6515850163815795
20,1576882800,1455,776,-679,2231,51,-0.9202255302776711,0.4353086637747677
20,1576897200,439,96,-343,535,51,-0.5439365522273557,-1.003188333450583
20,1576911600,38,94,56,132,51,-0.09709339079260629,-1.345001004371465
20,1576926000,187,606,419,793,51,0.30943309442246647,-0.7843603704292736
20,1576940400,806,1066,260,1872,51,0.131367774452228,0.13081549042341106
20,1576954800,1567,1801,234,3368,51,0.10225017496023932,1.3996784077872817
20,1576969200,1302,972,-330,2274,51,-0.5293777524813613,0.4717799909449859
20,1576983600,480,114,-366,594,51,-0.569694428701038,-0.9531462798914463
20,1576998000,29,78,49,107,51,-0.10493274450198785,-1.3662052643541502
20,1577012400,132,617,485,749,51,0.383347000825207,-0.8216798679987992
20,1577026800,713,1119,406,1832,51,0.29487429467647214,0.09688867445111506
20,1577041200,1595,1604,9,3199,51,-0.14972905141273968,1.256337610304331
20,1577055600,1219,715,-504,1934,51,-0.7242416875431319,0.18340205518046987
20,1577070000,283,54,-229,337,51,-0.416267077531713,-1.171126072513448
20,1577084400,20,271,251,291,51,0.12128860539730885,-1.2101419108815885
20,1577098800,253,1780,1527,2033,51,1.5502907958502918,0.2673709247119025
20,1577113200,955,1381,426,2336,51,0.3172724481318481,0.5243665557020447
20,1577127600,2060,2040,-20,4100,51,-0.18220637392303474,2.0205391400802983
20,1577142000,1301,1009,-292,2310,51,-0.48682126091614714,0.5023141253200523
20,1577156400,406,76,-330,482,52,-1.1039707683131679,-0.9484974087343618
20,1577170800,36,228,192,264,52,0.05777184281050851,-1.1420215066362525
20,1577185200,232,1226,994,1458,52,1.8426714100924788,-0.08207759427452122
20,1577199600,918,1218,300,2136,52,0.2981323830429933,0.5198001047047534
20,1577214000,1559,1528,-31,3087,52,-0.43852816155841834,1.3640267886712578
20,1577228400,1158,944,-214,2102,52,-0.8458057436190175,0.4896174472338163
20,1577242800,300,122,-178,422,52,-0.7656855635415226,-1.0017609219183685
20,1577257200,37,54,17,91,52,-0.33170125478842516,-1.2955979696501383
20,1577271600,131,323,192,454,52,0.05777184281050851,-0.9733537148868983
20,1577286000,543,886,343,1429,52,0.39383148702444554,-0.10782162564679107
20,1577300400,1433,1660,227,3093,52,0.13566646233029525,1.3693531399896586
20,1577314800,1126,909,-217,2035,52,-0.852482425292142,0.43013985751167555
20,1577329200,277,50,-227,327,52,-0.874738030869224,-1.0860948177930456
20,1577343600,23,230,207,253,52,0.0911552511761314,-1.1517864840533203
20,1577358000,202,1328,1126,1530,52,2.1364454037099603,-0.018161378453713295
20,1577372400,872,1258,386,2130,52,0.4895305910058978,0.5144737533863527
20,1577386800,1892,1754,-138,3646,52,-0.6766631412331949,1.8602651865022528
20,1577401200,1255,630,-625,1885,52,-1.7605111328370846,0.29698107455165906
20,1577415600,239,62,-177,301,52,-0.7634600029838143,-1.1091756735061151
20,1577430000,41,231,190,272,52,0.05332072169509213,-1.134919704878385
20,1577444400,176,1333,1157,1509,52,2.2054377809989143,-0.036803608068115605
20,1577458800,867,1459,592,2326,52,0.9479960658937855,0.6884678964541076
20,1577473200,1692,2148,456,3840,52,0.6453198300454713,2.032483879130541
20,1577487600,1198,941,-257,2139,52,-0.9415048476004697,0.5224632803639536
