remote_unit_id,time_stamp,entries,exits,num_people_exited,sum_exit_entry,week_num,z_score_num_people_exited,z_score_sum_exit_entry
251,1546311600,88,122,34,210,1,1.0579526130063566,-0.670147283549208
251,1546326000,21,30,9,51,1,0.7582088883283549,-1.0292584663081241
251,1546340400,79,76,-3,155,1,0.6143319004829141,-0.794368132931223
251,1546354800,264,165,-99,429,1,-0.5366840022806125,-0.17552244691900298
251,1546369200,285,228,-57,513,1,-0.03311454482156968,0.014196668500801693
251,1546383600,110,131,21,241,1,0.9020858761737957,-0.6001318957157087
251,1546398000,18,25,7,43,1,0.7342293903541147,-1.0473269534909626
251,1546412400,51,51,0,102,1,0.6503011474442743,-0.9140718605175283
251,1546426800,661,542,-119,1203,1,-0.7764789820230139,1.5726036880206258
251,1546441200,427,337,-90,764,1,-0.42877626139653197,0.5810954538623609
251,1546455600,739,526,-213,1265,1,-1.9035153868123005,1.7126344636876243
251,1546470000,233,277,44,510,1,1.1778501028775572,0.0074209858072372395
251,1546484400,25,41,16,66,1,0.8421371312381953,-0.9953800528403017
251,1546498800,57,48,-9,105,1,0.5423934065601936,-0.9072961778239639
251,1546513200,707,564,-143,1271,1,-1.0642329577138956,1.7261858290747534
251,1546527600,445,314,-131,759,1,-0.9203559698684548,0.5698026493730868
251,1546542000,739,470,-269,1209,1,-2.574941330091024,1.5861550534077546
251,1546556400,229,303,74,532,1,1.5375425724911593,0.05710932556004322
251,1546570800,27,36,9,63,1,0.7582088883283549,-1.0021557355338662
251,1546585200,45,59,14,104,1,0.8181576332639552,-0.9095547387218187
251,1546599600,673,567,-106,1240,1,-0.6206122451904531,1.656170441241254
251,1546614000,456,367,-89,823,1,-0.4167865124094119,0.7143505468357951
251,1546628400,700,501,-199,1201,1,-1.7356589009926195,1.568086566224916
251,1546642800,237,229,-8,466,1,0.5543831555473137,-0.09195569369837474
251,1546657200,54,61,7,115,1,0.7342293903541147,-0.8847105688454157
251,1546671600,14,24,10,38,1,0.7701986373154749,-1.0586197579802366
251,1546686000,152,135,-17,287,1,0.4464754146632331,-0.4962380944143871
251,1546700400,295,233,-62,528,1,-0.09306328975717003,0.04807508196862396
251,1546714800,371,228,-143,599,1,-1.0642329577138956,0.208432905716316
251,1546729200,172,116,-56,288,1,-0.021124795834449612,-0.49397953351653223
251,1546743600,42,53,11,95,1,0.782188386302595,-0.9298817868025121
251,1546758000,9,23,14,32,1,0.8181576332639552,-1.0721711233673656
251,1546772400,122,110,-12,232,1,0.5064241595988335,-0.6204589437964021
251,1546786800,316,227,-89,543,1,-0.4167865124094119,0.08195349543644621
251,1546801200,346,227,-119,573,1,-0.7764789820230139,0.14971032237209075
251,1546815600,140,97,-43,237,1,0.1347419409981113,-0.6091661393071279
251,1546830000,26,22,-4,48,1,0.602342151495794,-1.0360341490016884
251,1546844400,76,68,-8,144,1,0.5543831555473137,-0.819212302807626
251,1546858800,800,700,-100,1500,1,-0.5486737512677327,2.2433962746835063
251,1546873200,448,344,-104,792,1,-0.596632747216213,0.6443351590022958
251,1546887600,849,562,-287,1411,1,-2.7907568118591857,2.042384354774428
251,1546902000,232,263,31,495,1,1.0219833660449964,-0.026457427660585023
251,1546916400,22,26,4,48,2,0.642655793631316,-1.0408995275866066
251,1546930800,69,60,-9,129,2,0.5171525112970338,-0.8864224958848091
251,1546933795,119,105,-14,224,2,0.46888201809154056,-0.7052457303086269
251,1546945200,817,683,-134,1500,2,-0.6896098188402957,1.7282442999567258
251,1546945658,6,16,10,22,2,0.7005803854779078,-1.0904847476390354
251,1546959600,417,320,-97,737,2,-0.33240816911964616,0.27310880380275704
251,1546974000,815,509,-306,1324,2,-2.350114785109261,1.392590502678746
251,1546988400,253,317,64,570,2,1.221901712097234,-0.04538087884168958
251,1547002800,26,32,6,58,2,0.6619639909135132,-1.021828289104903
251,1547017200,67,72,5,139,2,0.6523098922724145,-0.8673512574031057
251,1547031600,838,644,-194,1482,2,-1.268855737306214,1.6939160706896597
251,1547046000,481,337,-144,818,2,-0.7861508052512821,0.4275858355045545
251,1547060400,820,487,-333,1307,2,-2.610775448418924,1.3601693972598503
251,1547074800,245,306,61,551,2,1.1929394161739382,-0.08161623195692602
251,1547089200,38,37,-1,75,2,0.5943853004258228,-0.9894071836860074
251,1547103600,73,67,-6,140,2,0.5461148072203297,-0.8654441335549353
251,1547118000,849,709,-140,1558,2,-0.7475344106868875,1.8388574831506055
251,1547132400,488,373,-115,861,2,-0.5061819446594216,0.5095921609758791
251,1547146800,837,574,-263,1411,2,-1.9349885435420198,1.5585102774695656
251,1547161200,246,336,90,582,2,1.4729082767657986,-0.02249539266364551
251,1547175600,26,44,18,70,2,0.7778131746066969,-0.9989428029268591
251,1547190000,63,68,5,131,2,0.6523098922724145,-0.8826082481884684
251,1547204400,778,687,-91,1465,2,-0.2744835772730544,1.6614949652707638
251,1547218800,454,354,-100,808,2,-0.36137046504294207,0.4085145970228511
251,1547233200,807,479,-328,1286,2,-2.562504955213431,1.3201197964482732
251,1547247600,242,257,15,499,2,0.748850878683401,-0.18078667206178364
251,1547262000,42,62,20,104,2,0.7971213718888941,-0.9341005920890676
251,1547276400,14,27,13,41,2,0.7295426814012036,-1.054249394523799
251,1547290800,164,143,-21,307,2,0.4013033276038501,-0.5469544509104888
251,1547305200,341,228,-113,569,2,-0.48687374737722433,-0.04728800268985992
251,1547319600,370,275,-95,645,2,-0.3130999718374489,0.09765340977108584
251,1547334000,164,136,-28,300,2,0.3337246371161597,-0.5603043178476811
251,1547348400,52,48,-4,100,2,0.5654230045025269,-0.9417290874817489
251,1547362800,8,15,7,23,2,0.6716180895546119,-1.088577623790865
251,1547377200,124,115,-9,239,2,0.5171525112970338,-0.6766388725860718
251,1547391600,316,220,-96,536,2,-0.32275407047854754,-0.1102230896794811
251,1547406000,370,245,-125,615,2,-0.602722931070408,0.040439694325975675
251,1547420400,152,97,-55,249,2,0.07306397380649651,-0.6575676341043684
251,1547434800,23,29,6,52,2,0.6619639909135132,-1.0332710321939251
251,1547449200,52,83,31,135,2,0.9033164569409791,-0.8749797527957871
251,1547463600,810,681,-129,1491,2,-0.6413393256348026,1.7110801853231927
251,1547478000,468,270,-198,738,2,-1.3074721318706084,0.27501592765092736
251,1547492400,813,833,20,1646,2,0.7971213718888941,2.0066843817895954
251,1547506800,261,281,20,542,2,0.7971213718888941,-0.09878034659045908
251,1547521200,25,22,-3,47,3,0.4379936894597574,-1.0629205481505462
251,1547535600,63,65,2,128,3,0.4954803612013506,-0.8864242720470633
251,1547550000,681,708,27,1389,3,0.7829137199093165,1.8612523226009856
251,1547564400,418,342,-76,760,3,-0.4013117179675027,0.490682474834433
251,1547578800,771,501,-270,1272,3,-2.631794581541317,1.6063132571181769
251,1547593200,237,298,61,535,3,1.1738230877521498,0.0004150412136471318
251,1547607600,22,25,3,47,3,0.5069776955496692,-1.0629205481505462
251,1547622000,60,66,6,126,3,0.5414696985946251,-0.8907822047903592
251,1547636400,776,682,-94,1458,3,-0.6082637362372381,2.011601002244693
251,1547650800,406,377,-29,783,3,0.13906299640347297,0.5407987013823355
251,1547665200,777,517,-260,1294,3,-2.5168212380581307,1.6542505172944315
251,1547679600,240,320,80,560,3,1.392272440370204,0.05488920050484557
251,1547694000,35,33,-2,68,3,0.44949102380807604,-1.0171622543459395
251,1547708400,60,76,16,136,3,0.6564430420778115,-0.8689925410738798
251,1547722800,765,675,-90,1440,3,-0.5622743988439636,1.9723796075550304
251,1547737200,440,339,-101,779,3,-0.6887450766754686,0.5320828358957438
251,1547751600,790,517,-273,1307,3,-2.666286584586273,1.6825770801258546
251,1547766000,224,325,101,549,3,1.6337164616848951,0.030920570416718255
251,1547780400,26,26,0,52,3,0.4724856925047133,-1.0520257162923066
251,1547794800,49,64,15,113,3,0.6449457077294928,-0.9191087676217824
251,1547809200,719,688,-31,1407,3,0.11606832770683571,1.9004737172906485
251,1547823600,446,344,-102,790,3,-0.7002424110237871,0.5560514659838711
251,1547838000,711,471,-240,1182,3,-2.286874551091758,1.4102062836698626
251,1547852400,261,271,10,532,3,0.5874590359878996,-0.00612185790129668
251,1547866800,46,47,1,93,3,0.4839830268530319,-0.9626880950547412
251,1547881200,10,22,12,32,3,0.6104537046845369,-1.0956050437252653
251,1547895600,123,142,19,265,3,0.6909350451227673,-0.5879058791312959
251,1547910000,344,230,-114,574,3,-0.8382104232036106,0.08539472970791669
251,1547924400,349,262,-87,611,3,-0.5277823957990077,0.16601648545889036
251,1547938800,151,130,-21,281,3,0.23104167119002203,-0.553042417184929
251,1547953200,30,60,30,90,3,0.8174057229542724,-0.969224994169685
251,1547967600,8,26,18,34,3,0.6794377107744487,-1.0912471109819695
251,1547982000,203,207,4,410,3,0.5184750298979878,-0.27195575524234505
251,1547996400,291,221,-70,512,3,-0.3323277118775909,-0.049701185334255424
251,1548010800,275,223,-52,498,3,-0.12537569360785555,-0.08020671453732654
251,1548025200,136,101,-35,237,3,0.07007899031356118,-0.6489169375374382
251,1548039600,23,28,5,51,3,0.5299723642463064,-1.0542046826639546
251,1548054000,19,37,18,56,3,0.6794377107744487,-1.0433098508057148
251,1548068400,244,224,-20,468,3,0.24253900553834065,-0.14557570568676467
251,1548082800,287,218,-69,505,3,-0.3208303775292723,-0.06495394993579098
251,1548097200,412,302,-110,714,3,-0.7922210858103361,0.3904500217386279
251,1548111600,141,136,-5,277,3,0.4149990207631201,-0.5617582826715207
251,1548126000,17,17,0,34,4,0.5783664736858823,-1.1449298566269148
251,1548140400,59,69,10,128,4,0.6600456663382263,-0.958929400945775
251,1548154800,824,677,-147,1501,4,-0.6223176583035722,1.7578644889500226
251,1548169200,447,310,-137,757,4,-0.5406384656512283,0.28569066951632016
251,1548183600,874,545,-329,1419,4,-2.1088789645762303,1.595608772292007
251,1548198000,228,320,92,548,4,1.3298150460874456,-0.12786353513642687
251,1548212400,15,43,28,58,4,0.8070682131124451,-1.0974403785806663
251,1548226800,65,71,6,136,4,0.6273739892772887,-0.9430995749303589
251,1548241200,834,649,-185,1483,4,-0.9326985903824788,1.7222473804153362
251,1548255600,490,355,-135,845,4,-0.5243026271207596,0.45981875568589786
251,1548270000,826,466,-360,1292,4,-2.362084461798496,1.3443102842972756
251,1548284400,296,306,10,602,4,0.6600456663382263,-0.02101220953236782
251,1548298800,18,29,11,47,4,0.6682135856034607,-1.1192063893518636
251,1548313200,72,79,7,151,4,0.6355419085425231,-0.9134186511514536
251,1548327600,836,681,-155,1517,4,-0.6876610124254472,1.7895241409808549
251,1548342000,461,328,-133,789,4,-0.5079667885902908,0.3490099735779848
251,1548356400,832,466,-366,1298,4,-2.4110919773899027,1.3561826538088377
251,1548370800,260,340,80,600,4,1.231800014904633,-0.024969666036221857
251,1548385200,20,35,15,55,4,0.7008852626643982,-1.1033765633364474
251,1548399600,41,82,41,123,4,0.9132511635604922,-0.96882304220541
251,1548414000,703,672,-31,1375,4,0.32516097646361647,1.508544729207218
251,1548428400,479,356,-123,835,4,-0.4262875959379469,0.4400314731666277
251,1548442800,840,473,-367,1313,4,-2.419259896655137,1.385863577587743
251,1548457200,251,244,-7,495,4,0.5211910388292417,-0.2327361324885589
251,1548471600,44,58,14,102,4,0.6927173433991638,-1.0103763354958775
251,1548486000,12,28,16,40,4,0.7090531819296325,-1.1330574871153527
251,1548500400,145,148,3,293,4,0.6028702314815856,-0.6324392393778168
251,1548514800,346,216,-130,562,4,-0.48346303079458763,-0.10016133960944859
251,1548529200,399,504,105,903,4,1.4359979965354928,0.574584994297665
251,1548543600,190,159,-31,349,4,0.32516097646361647,-0.5216304572699038
251,1548558000,56,55,-1,111,4,0.570198554420648,-0.9925677812285343
251,1548572400,10,36,26,46,4,0.7907323745819764,-1.1211851176037906
251,1548586800,131,103,-28,234,4,0.3496647342593196,-0.7491842062415109
251,1548601200,360,230,-130,590,4,-0.48346303079458763,-0.04475694855549205
251,1548615600,385,241,-144,626,4,-0.597813900507869,0.026477268513880645
251,1548630000,136,106,-30,242,4,0.3333288957288508,-0.7333543802260948
251,1548644400,34,27,-7,61,4,0.5211910388292417,-1.0915041938248853
251,1548658800,74,61,-13,135,4,0.4721835232378354,-0.9450783031822858
251,1548673200,771,664,-107,1435,4,-0.2956008876941968,1.6272684243228392
251,1548687600,463,351,-112,814,4,-0.3364404840203687,0.3984781798761603
251,1548702000,752,487,-265,1239,4,-1.5861321316012298,1.2394376869451436
251,1548716400,256,291,35,547,4,0.8642436479690858,-0.1298422633883539
251,1548730800,24,42,18,66,5,0.6838897345039672,-1.0195202155892555
251,1548745200,67,63,-4,130,5,0.47938678476880026,-0.8875511151604816
251,1548759600,790,617,-173,1407,5,-1.0915676927422544,1.7456448418323975
251,1548774000,477,307,-170,784,5,-1.063680926869277,0.4610081298460516
251,1548788400,759,513,-246,1272,5,-1.7701456623180354,1.4672725206154527
251,1548802800,227,322,95,549,5,1.399650058577051,-0.023565910790852514
251,1548817200,20,43,23,63,5,0.730367677625596,-1.0257062671718542
251,1548831600,70,58,-12,128,5,0.40502207577419413,-0.8916751495488808
251,1548846000,852,677,-175,1529,5,-1.110158869990906,1.9972109395247477
251,1548860400,433,310,-123,743,5,-0.626788261525966,0.37646542488386836
251,1548874800,756,495,-261,1251,5,-1.909579491682922,1.4239701595372611
251,1548889200,222,346,124,568,5,1.6692221286824982,0.015612415898939734
251,1548903600,22,40,18,62,5,0.6838897345039672,-1.0277682843660538
251,1548918000,67,53,-14,120,5,0.3864308985255426,-0.9081712871024775
251,1548932400,761,614,-147,1375,5,-0.8498823885097844,1.6796602916180106
251,1548946800,373,301,-72,674,5,-0.1527132416853519,0.2341862384840965
251,1548961200,707,454,-253,1161,5,-1.8352147826883158,1.2383886120592977
251,1548975600,235,306,71,541,5,1.1765559315932328,-0.04006204834444925
251,1548990000,17,40,23,57,5,0.730367677625596,-1.0380783703370517
251,1549004400,46,61,15,107,5,0.6560029686309898,-0.9349775106270722
251,1549018800,618,633,15,1251,5,0.6560029686309898,1.4239701595372611
251,1549033200,404,334,-70,738,5,-0.13412206443670038,0.3661553389128704
251,1549047600,710,427,-283,1137,5,-2.114082441418089,1.1889001993985076
251,1549062000,230,257,27,487,5,0.7675500321228991,-0.15141097683122723
251,1549076400,47,56,9,103,5,0.6002294368850352,-0.9432255794038705
251,1549090800,12,22,10,34,5,0.6095250255093609,-1.0855047658036425
251,1549105200,123,129,6,252,5,0.5723426710120579,-0.6359850174681314
251,1549119600,237,241,4,478,5,0.5537514937634064,-0.16996913157902355
251,1549134000,307,209,-98,516,5,-0.39439854591782186,-0.09161247819943905
251,1549148400,120,116,-4,236,5,0.47938678476880026,-0.6689772925753248
251,1549162800,38,38,0,76,5,0.5165691392661033,-0.9989000436472596
251,1549177200,9,26,17,35,5,0.6745941458796414,-1.083442748609443
251,1549191600,120,103,-17,223,5,0.3585441326525653,-0.6957835160999195
251,1549206000,231,178,-53,409,5,0.023902942176837666,-0.31224831797879543
251,1549220400,226,173,-53,399,5,0.023902942176837666,-0.3328684899207913
251,1549234800,117,82,-35,199,5,0.19122353741470147,-0.7452719287607097
251,1549249200,18,22,4,40,5,0.5537514937634064,-1.073132662638445
251,1549263600,62,61,-1,123,5,0.5072735506417776,-0.9019852355198787
251,1549278000,767,686,-81,1453,5,-0.23637353930428381,1.8404976327655787
251,1549292400,453,313,-140,766,5,-0.784813268139504,0.42389182035045897
251,1549306800,880,520,-360,1400,5,-2.829842765491173,1.7312107214730004
251,1549321200,282,314,32,596,5,0.8140279752445279,0.07334889733652832
251,1549335600,25,20,-5,45,6,0.5462825232569712,-1.073455064200972
251,1549350000,66,82,16,148,6,0.7272142489470385,-0.8736286255532932
251,1549364400,699,595,-104,1294,6,-0.3066813264247737,1.3496830122160246
251,1549378800,478,337,-141,815,6,-0.625465795497749,0.4203930693787617
251,1549393200,807,479,-328,1286,6,-2.2366197337854894,1.3341625121268845
251,1549407600,267,298,31,565,6,0.8564511958685149,-0.0646225584068661
251,1549422000,32,49,17,81,6,0.7358300454084702,-1.0036128137998415
251,1549436400,50,114,64,164,6,1.1407724790957632,-0.8425876253750131
251,1549450800,835,690,-145,1525,6,-0.6599289813434761,1.7978374522899445
251,1549465200,467,347,-120,814,6,-0.44453406980768195,0.41845300686761916
251,1549479600,941,516,-425,1457,6,-3.072351990544371,1.6659132015322538
251,1549494000,251,315,64,566,6,1.1407724790957632,-0.0626824958957236
251,1549508400,19,36,17,55,6,0.7358300454084702,-1.0540544390895468
251,1549522800,62,73,11,135,6,0.6841352666398796,-0.8988494381981459
251,1549537200,818,708,-110,1526,6,-0.35837610519336427,1.799777514801087
251,1549551600,455,306,-149,761,6,-0.6943921671892033,0.31562969377706607
251,1549566000,820,496,-324,1316,6,-2.2021565479397625,1.3923643874611598
251,1549580400,248,289,41,537,6,0.9426091604828326,-0.11894430871885642
251,1549594800,18,28,10,46,6,0.6755194701784478,-1.0715150016898294
251,1549609200,69,74,5,143,6,0.6324404878712889,-0.8833289381090058
251,1549623600,814,666,-148,1480,6,-0.6857763707277714,1.7105346392885317
251,1549638000,496,380,-116,876,6,-0.4100708839619549,0.5387368825584549
251,1549652400,803,500,-303,1303,6,-2.0212248222496956,1.3671435748163072
251,1549666800,287,285,-2,572,6,0.5721299126412666,-0.05104212082886853
251,1549681200,33,54,21,87,6,0.7702932312541972,-0.9919724387329865
251,1549695600,10,22,12,32,6,0.6927510631013113,-1.0986758768458245
251,1549710000,133,121,-12,254,6,0.48597194802694893,-0.667981999372187
251,1549724400,283,178,-105,461,6,-0.3152971228862054,-0.26638905956568726
251,1549738800,281,201,-80,482,6,-0.09990221135041126,-0.22564774683169453
251,1549753200,145,119,-26,264,6,0.3653507975669042,-0.648581374260762
251,1549767600,35,49,14,84,6,0.7099826560241749,-0.997792626266414
251,1549782000,14,26,12,40,6,0.6927510631013113,-1.0831553767566844
251,1549796400,101,92,-9,193,6,0.5118193374112442,-0.7863258125518803
251,1549810800,288,189,-99,477,6,-0.26360234411761485,-0.2353480593874071
251,1549825200,288,229,-59,517,6,0.08102951433965586,-0.15774555894170664
251,1549839600,136,97,-39,233,6,0.2533454435682912,-0.7087233121061798
251,1549854000,25,20,-5,45,6,0.5462825232569712,-1.073455064200972
251,1549868400,73,77,4,150,6,0.6238246914098572,-0.8697485005310083
251,1549882800,803,722,-81,1525,6,-0.10851800781184304,1.7978374522899445
251,1549897200,439,381,-58,820,6,0.08964531080108762,0.4300933819344742
251,1549911600,832,547,-285,1379,6,-1.8661404859439237,1.514588325663138
251,1549926000,255,321,66,576,6,1.1580040720186269,-0.04328187078429849
251,1549940400,23,27,4,50,7,0.594442659831722,-1.0497323782368682
251,1549954800,73,74,1,147,7,0.5659528252410803,-0.8481101204962147
251,1549969200,850,679,-171,1529,7,-1.067464357955709,2.0244874073139205
251,1549983600,432,333,-99,765,7,-0.3837083277803089,0.43645230510918587
251,1549998000,812,458,-354,1270,7,-2.8053442679848515,1.4861351933466087
251,1550012400,226,294,68,520,7,1.202225797765411,-0.0727997891842173
251,1550026800,18,26,8,44,7,0.6324291059525775,-1.062203858097115
251,1550041200,70,73,3,143,7,0.584946048301508,-0.8564244404030458
251,1550055600,824,698,-126,1522,7,-0.6401168390960839,2.009937347476966
251,1550070000,461,338,-123,799,7,-0.6116270045054423,0.50712402431725
251,1550084400,855,497,-358,1352,7,-2.843330714105707,1.6565787514366457
251,1550098800,320,382,62,702,7,1.1452461285841278,0.3055017665765965
251,1550113200,25,33,8,58,7,0.6324291059525775,-1.033103738423206
251,1550127600,58,77,19,135,7,0.7368918327849303,-0.873053080216708
251,1550142000,794,700,-94,1494,7,-0.3362252701292395,1.9517371081291488
251,1550156400,482,339,-143,821,7,-0.80155923510972,0.5528527838048208
251,1550170800,823,491,-332,1314,7,-2.596418814320146,1.5775927123217506
251,1550185200,277,287,10,564,7,0.6514223290130053,0.0186577297909245
251,1550199600,42,34,-8,76,7,0.48048332146915523,-0.9956892988424663
251,1550214000,57,64,7,121,7,0.6229324944223636,-0.9021531998906167
251,1550228400,746,684,-62,1430,7,-0.032333701162394916,1.8187079896198517
251,1550242800,493,365,-128,858,7,-0.6591100621565117,0.6297602429430083
251,1550257200,771,485,-286,1256,7,-2.1595746839303067,1.4570350736727
251,1550271600,239,195,-44,434,7,0.13860530638145513,-0.25155766718108535
251,1550286000,43,49,6,92,7,0.6134358828921498,-0.962432019215142
251,1550300400,20,21,1,41,7,0.5659528252410803,-1.068439598027238
251,1550314800,193,188,-5,381,7,0.5089731560597969,-0.36172240594659705
251,1550329200,290,278,-12,568,7,0.4424968753482997,0.026972049697755573
251,1550343600,387,256,-131,643,7,-0.6875998967471534,0.18286554795083818
251,1550358000,176,112,-64,288,7,-0.0513269242228227,-0.5550303437804195
251,1550372400,24,34,10,58,7,0.6514223290130053,-1.033103738423206
251,1550386800,9,19,10,28,7,0.6514223290130053,-1.0954611377244392
251,1550401200,158,110,-48,268,7,0.10061886026059956,-0.5966019433145748
251,1550415600,269,218,-51,487,7,0.07212902566995788,-0.14139292841557363
251,1550430000,246,271,25,517,7,0.7938715019662137,-0.0790355291143406
251,1550444400,92,98,6,190,7,0.6134358828921498,-0.7587311814977807
251,1550458800,18,26,8,44,7,0.6324291059525775,-1.062203858097115
251,1550473200,34,27,-7,61,7,0.4899799329993691,-1.0268679984930829
251,1550487600,351,340,-11,691,7,0.45199348687851354,0.28263738683281103
251,1550502000,356,317,-39,673,7,0.18608836403252457,0.24522294725207122
251,1550516400,348,290,-58,638,7,0.005652744958460646,0.17247264806729934
251,1550530800,101,138,37,239,7,0.9078308403287804,-0.6568807626391001
251,1550545200,14,26,12,40,8,0.7810734273419059,-1.3090799325286677
251,1550559600,50,74,24,124,8,0.8704453570496806,-1.1290959494435013
251,1550574000,678,479,-199,1157,8,-0.7903830033531325,1.0842785092109846
251,1550588400,391,286,-105,677,8,-0.09030288730889735,0.05579860586717698
251,1550602800,726,426,-300,1152,8,-1.542596745060236,1.0735651768844865
251,1550617200,248,317,69,565,8,1.2055900934538357,-0.18418003824637813
251,1550631600,22,34,12,56,8,0.7810734273419059,-1.274797269083874
251,1550646000,52,75,23,127,8,0.8629976962406993,-1.1226679500476024
251,1550660400,764,522,-242,1286,8,-1.110632418139325,1.3606824832346327
251,1550674800,419,317,-102,736,8,-0.06795990488195368,0.1822159273198533
251,1550689200,670,390,-280,1060,8,-1.3936435288806117,0.8764398620769234
251,1550703600,209,276,67,485,8,1.1906947718358734,-0.35559335547034604
251,1550718000,23,35,12,58,8,0.7810734273419059,-1.2705119361532748
251,1550732400,56,81,25,137,8,0.8778930178586618,-1.1012412853946065
251,1550746800,789,597,-192,1386,8,-0.7382493776902639,1.5749491297645928
251,1550761200,459,304,-155,763,8,-0.4626859277579586,0.2400679218829425
251,1550775600,767,442,-325,1209,8,-1.7287882652847668,1.1956971654065638
251,1550790000,280,382,102,662,8,1.4513629001502162,0.02365860888768299
251,1550804400,33,41,8,74,8,0.751282784105981,-1.2362292727084812
251,1550818800,53,61,8,114,8,0.751282784105981,-1.1505226140964973
251,1550833200,696,539,-157,1235,8,-0.477581249375921,1.2514064935043532
251,1550847600,478,305,-173,783,8,-0.5967438223196206,0.28292125118893446
251,1550862000,783,455,-328,1238,8,-1.7511312477117105,1.257834492900252
251,1550876400,266,233,-33,499,8,0.44592869093775084,-0.32559602495615164
251,1551495600,9976,9819,-157,19795,9,-1.745740571250322,4.114046487189766
251,1551510000,8,26,18,34,9,0.6184394800989963,-0.3115476535853714
251,1551524400,96,115,19,211,9,0.6319490803924209,-0.2719074449462742
251,1551538800,172,169,-3,341,9,0.3347378739370781,-0.24279316741473392
251,1551553200,220,229,9,449,9,0.4968530774581742,-0.21860592146545427
251,1551567600,124,116,-8,240,9,0.2671898724699547,-0.2654127214969306
251,1551582000,22,49,27,71,9,0.7400258827398184,-0.303261282287933
251,1551596400,7,21,14,28,9,0.5644010789252976,-0.31289138947144246
251,1551610800,89,90,1,179,9,0.3887762751107768,-0.27907403633865335
251,1551625200,194,181,-13,375,9,0.19964187100283132,-0.23517866406033106
251,1551639600,193,223,30,416,9,0.7805546836200924,-0.22599646883884528
251,1551654000,96,99,3,195,9,0.41579547569762615,-0.27549074064246376
251,1551668400,17,22,5,39,9,0.4428146762844755,-0.31042787368031216
251,1551682800,45,50,5,95,9,0.4428146762844755,-0.2978863387436486
251,1551697200,642,388,-254,1030,9,-3.0561717997125157,-0.08848749649757033
251,1551711600,375,277,-98,652,9,-0.9486741539382662,-0.17314285732004905
251,1551726000,568,464,-104,1032,9,-1.0297317556988144,-0.08803958453554664
251,1551740400,232,238,6,470,9,0.45632427657790015,-0.21390284586420547
251,1551754800,31,31,0,62,10,0.5047285700770767,-1.018157437948707
251,1551769200,79,62,-17,141,10,0.3666611394084259,-0.8653819380174618
251,1551783600,840,723,-117,1563,10,-0.44550021746599117,1.8845770607449546
251,1551798000,426,327,-99,753,10,-0.29931117322859613,0.3181447196777554
251,1551812400,843,518,-325,1361,10,-2.1347958397647786,1.4939359090220234
251,1551826800,256,349,93,605,10,1.2600386319702848,0.03193239069263755
251,1551841200,23,30,7,53,10,0.561579865058286,-1.0355622417383425
251,1551855600,70,71,1,141,10,0.5128501836458209,-0.8653819380174618
251,1551870000,827,684,-143,1511,10,-0.6566621702533395,1.7840159721826159
251,1551884400,465,345,-120,810,10,-0.4698650581722237,0.42837514367878055
251,1551898800,809,462,-347,1271,10,-2.3134713382771506,1.319887871125668
251,1551913200,256,325,69,581,10,1.0651199063204246,-0.014480419413057237
251,1551927600,35,39,4,74,10,0.5372150243520535,-0.9949510328958596
251,1551942000,64,75,11,139,10,0.5940663193332627,-0.8692496721929363
251,1551956400,837,679,-158,1516,10,-0.7784863737845021,1.7936853076213022
251,1551970800,450,308,-142,758,10,-0.6485405566845954,0.32781405511644185
251,1551985200,855,485,-370,1340,10,-2.5002684503582664,1.4533247001795404
251,1551999600,245,366,121,611,10,1.4874438118951214,0.04353559321906125
251,1552014000,22,45,23,67,10,0.6915256821581928,-1.0084881025100207
251,1552028400,67,69,2,136,10,0.5209717972145651,-0.8750512734561481
251,1552042800,770,709,-61,1479,10,0.009310142383682357,1.7221322253750229
251,1552057200,472,334,-138,806,10,-0.6160541024096187,0.4206396753278314
251,1552071600,773,505,-268,1278,10,-1.671863866346361,1.3334249407398289
251,1552086000,245,269,24,514,10,0.6996472957269368,-0.14404951429145518
251,1552100400,44,50,6,94,10,0.5534582514895419,-0.956273691141114
251,1552114800,9,27,18,36,10,0.6509176143144719,-1.0684379822298764
251,1552129200,85,131,46,216,10,0.8783227942393087,-0.7203419064371654
251,1552143600,181,164,-17,345,10,0.3666611394084259,-0.470873052119056
251,1552158000,269,215,-54,484,10,0.06616143736489155,-0.20206552692357369
251,1552172400,123,136,13,259,10,0.610309546470751,-0.6371856216644624
251,1552190400,34,51,17,85,10,0.6427960007457277,-0.9736784949307495
251,1552204800,13,28,15,41,10,0.6265527736082394,-1.05876864679119
251,1552219200,56,103,47,159,10,0.8864444078080528,-0.8305723304381907
251,1552233600,165,185,20,350,10,0.6671608414519602,-0.4612037166803696
251,1552248000,179,176,-3,355,10,0.48036372937084426,-0.45153438124168316
251,1552262400,77,77,0,154,10,0.5047285700770767,-0.8402416658768771
251,1552276800,10,9,-1,19,10,0.4966069565083326,-1.1013137227214103
251,1552291200,238,249,11,487,10,0.5940663193332627,-0.19626392566036183
251,1552305600,748,556,-192,1304,10,-1.0546212351218038,1.3837054850209982
251,1552320000,537,330,-207,867,10,-1.1764454386529664,0.5386055676798057
251,1552334400,810,493,-317,1303,10,-2.069822931214825,1.381771617933261
251,1552348800,211,202,-9,413,11,0.702415853935627,-0.4704400236582583
251,1552363200,18,13,-5,31,11,0.7373805542204227,-1.3047209719917496
251,1552377600,243,248,5,491,11,0.8247923049324118,-0.300089463527336
251,1552392000,788,580,-208,1368,11,-1.0370779852329568,1.61526234717547
251,1552406400,574,355,-219,929,11,-1.133230911016145,0.656494451053997
251,1552420800,824,507,-317,1331,11,-1.9898660679936384,1.5344550301902888
251,1552435200,163,236,73,399,11,1.419192209773938,-0.5010157652202187
251,1552449600,12,15,3,27,11,0.807309954790014,-1.3134568981523098
251,1552464000,231,226,-5,457,11,0.7373805542204227,-0.374344835892097
251,1552478400,798,584,-214,1382,11,-1.0895250356601502,1.6458380887374304
251,1552492800,599,378,-221,977,11,-1.1507132611585427,0.7613255649807184
251,1552507200,784,532,-252,1316,11,-1.4216896883657089,1.5016953070881884
251,1552521600,190,215,25,405,11,0.99961580635639,-0.4879118759793786
251,1552536000,17,21,4,38,11,0.8160511298612129,-1.2894331012107694
251,1552550400,249,265,16,514,11,0.9209452307155999,-0.24985788810411533
251,1552564800,779,551,-228,1330,11,-1.211901486656935,1.5322710486501487
251,1552579200,609,360,-249,969,11,-1.3954661631521121,0.7438537126595981
251,1552593600,835,496,-339,1331,11,-2.182171919560014,1.5344550301902888
251,1552608000,208,237,29,445,11,1.0345805066411857,-0.40055261437377737
251,1552622400,20,24,4,44,11,0.8160511298612129,-1.2763292119699292
251,1552636800,228,262,34,490,11,1.0782863819971802,-0.30227344506747605
251,1552651200,725,606,-119,1331,11,-0.2591134038962535,1.5344550301902888
251,1552665600,581,398,-183,979,11,-0.8185486084529839,0.7656935280609984
251,1552680000,733,438,-295,1171,11,-1.7975602164272622,1.185017983767884
251,1552694400,205,204,-1,409,11,0.7723452545052183,-0.47917594981881845
251,1552708800,29,36,7,65,11,0.8422746550748096,-1.2304655996269886
251,1552723200,32,44,12,76,11,0.8859805304308042,-1.2064418026854482
251,1552737600,189,162,-27,351,11,0.5450747026540466,-0.6058468791469401
251,1552752000,395,258,-137,653,11,-0.4164545551778339,0.05371554597534878
251,1552766400,378,288,-90,666,11,-0.005619326831484981,0.08210730599716916
251,1552780800,153,159,6,312,11,0.8335334800036107,-0.6910221592124013
251,1552795200,24,40,16,64,11,0.9209452307155999,-1.2326495811671285
251,1552809600,48,40,-8,88,11,0.7111570290068259,-1.1802340242037679
251,1552824000,214,146,-68,360,11,0.1866865247348911,-0.5861910452856799
251,1552838400,401,267,-134,668,11,-0.3902310299642372,0.08647526907744922
251,1552852800,349,263,-86,612,11,0.029345373453310675,-0.035827697170392435
251,1552867200,110,103,-7,213,11,0.7198982040780249,-0.9072363316862643
251,1552881600,11,22,11,33,11,0.8772393553596053,-1.3003530089114697
251,1552896000,214,197,-17,411,11,0.6324864533660357,-0.47480798673853836
251,1552910400,691,508,-183,1199,11,-0.8185486084529839,1.2461694668918049
251,1552924800,501,318,-183,819,11,-0.8185486084529839,0.4162564816385937
251,1552939200,710,516,-194,1226,11,-0.914701534236172,1.3051369684755858
251,1552953600,175,187,12,362,12,0.787788544976222,-0.24217494701306497
251,1552968000,14,18,4,32,12,0.6902673324453164,-1.0044629764461155
251,1552982400,226,199,-27,425,12,0.3123726338880571,-0.09664723230311893
251,1552996800,746,540,-206,1286,12,-1.8696644964909561,1.8922315353994767
251,1553011200,479,292,-187,771,12,-1.6380516167300554,0.7026002167388069
251,1553025600,761,502,-259,1263,12,-2.515742529508206,1.8391023697117186
251,1553040000,197,222,25,419,12,0.9462605153389436,-0.11050701465644713
251,1553054400,11,16,5,27,12,0.7024574840116795,-1.016012795073889
251,1553068800,223,206,-17,429,12,0.4342741495516891,-0.08740737740090014
251,1553083200,710,560,-150,1270,12,-1.1870160087746169,1.8552721157906014
251,1553097600,512,364,-148,876,12,-1.1626357056418903,0.9451464079220503
251,1553112000,726,530,-196,1256,12,-1.747762980827324,1.8229326236328356
251,1553126400,161,211,50,372,12,1.2510143044980235,-0.219075309757518
251,1553140800,11,25,14,36,12,0.8121688481089484,-0.9952231215438968
251,1553155200,213,218,5,431,12,0.7024574840116795,-0.08278744994979075
251,1553169600,704,518,-186,1222,12,-1.625861465163692,1.7443938569639759
251,1553184000,517,348,-169,865,12,-1.4186288885355176,0.9197368069409486
251,1553198400,607,523,-84,1130,12,-0.3824660053946455,1.5318771942129437
251,1553212800,130,211,81,341,12,1.6289090030552829,-0.2906841852497136
251,1553227200,16,17,1,33,12,0.6536968777462268,-1.002153012720561
251,1553241600,196,215,19,411,12,0.8731196059407643,-0.12898672446088472
251,1553256000,683,507,-176,1190,12,-1.5039599495000602,1.6704750177462255
251,1553270400,487,361,-126,848,12,-0.8944523711819,0.8804674236065186
251,1553276884,386,213,-173,599,12,-1.4673894948009705,0.30528645594339865
251,1553276946,323,252,-71,575,12,-0.22399403503192383,0.2498473265300859
251,1553277006,12,12,0,24,12,0.6415067261798635,-1.0229426862505533
251,1553277068,8,7,-1,15,12,0.6293165746135003,-1.0437323597805455
251,1553277146,2,4,2,6,12,0.6658870293125899,-1.0645220333105379
251,1553277207,12,9,-3,21,12,0.6049362714807739,-1.0298725774272173
251,1553277268,8,1,-7,9,12,0.5561756652153211,-1.0575921421338736
251,1553277348,2,0,-2,2,12,0.6171264230471372,-1.0737618882127566
251,1553277408,10,2,-8,12,12,0.5439855136489579,-1.0506622509572097
251,1553277485,5,0,-5,5,12,0.5805559683480475,-1.0668319970360924
251,1553277548,12,1,-11,13,12,0.5074150589498683,-1.0483522872316549
251,1553277629,3,10,7,13,12,0.726837787144406,-1.0483522872316549
251,1553277726,10,19,9,29,12,0.7512180902771324,-1.0113928676227797
251,1553277807,5,1,-4,6,12,0.5927461199144107,-1.0645220333105379
251,1553284800,286,240,-46,526,12,0.08075975412715622,0.13665910397790565
251,1553299200,182,228,46,410,12,1.2022536982325709,-0.13129668818643941
251,1553313600,38,37,-1,75,12,0.6293165746135003,-0.9051345362472636
251,1553328000,29,45,16,74,12,0.8365491512416747,-0.9074444999728183
251,1553342400,232,195,-37,427,12,0.19047111822442503,-0.09202730485200954
251,1553356800,438,304,-134,742,12,-0.9919735837128056,0.6356112686977206
251,1553371200,444,311,-133,755,12,-0.9797834321464424,0.6656407971299317
251,1553385600,174,167,-7,341,12,0.5561756652153211,-0.2906841852497136
251,1553400000,38,55,17,93,12,0.848739302808038,-0.8635551891872789
251,1553414400,26,29,3,55,12,0.6780771808789531,-0.9513338107583575
251,1553428800,224,190,-34,414,12,0.22704157292351465,-0.12205683328422062
251,1553443200,432,338,-94,770,12,-0.5043675210582775,0.7002902530132522
251,1553457600,402,354,-48,756,12,0.056379450994429814,0.6679507608554864
251,1553472000,144,137,-7,281,12,0.5561756652153211,-0.42928200878299555
251,1553486400,20,24,4,44,12,0.6902673324453164,-0.9767434117394592
251,1553500800,216,207,-9,423,12,0.5317953620825947,-0.10126715975422834
251,1553515200,718,520,-198,1238,12,-1.7721432839600506,1.781353276572851
251,1553529600,527,350,-177,877,12,-1.5161501010664233,0.947456371647605
251,1553544000,672,546,-126,1218,12,-0.8944523711819,1.735154002061757
251,1553558400,174,190,16,364,13,1.0026714642956462,-0.5343812774147058
251,1553572800,16,16,0,32,13,0.8353105045324386,-1.2937995950126122
251,1553587200,233,199,-34,432,13,0.4796684650356222,-0.37883776658139967
251,1553601600,708,492,-216,1200,13,-1.4240624522708658,1.3778889440065287
251,1553616000,503,339,-164,842,13,-0.8801393330404406,0.5589981075605933
251,1553630400,756,457,-299,1213,13,-2.292247431042506,1.407625203430543
251,1553644800,186,220,34,406,13,1.190952544029255,-0.43831028542942846
251,1553659200,14,22,8,36,13,0.9189909844140425,-1.2846499767283002
251,1553673600,226,185,-41,411,13,0.4064480451392188,-0.42687326257403835
251,1553688000,704,526,-178,1230,13,-1.0265801728332473,1.4465110811388695
251,1553702400,553,323,-230,876,13,-1.5705032920636726,0.6367698629772464
251,1553716800,717,538,-179,1255,13,-1.0370402328184478,1.5036961954158203
251,1553731200,168,218,50,386,13,1.3583135037924627,-0.4840583768509891
251,1553745600,19,15,-4,34,13,0.7934702645916367,-1.2892247858704562
251,1553760000,220,218,-2,438,13,0.8143903845620376,-0.3651133391549315
251,1553774400,719,542,-177,1261,13,-1.0161201128480468,1.5174206228422886
251,1553788800,567,349,-218,916,13,-1.4449825722412666,0.7282660458203677
251,1553803200,692,502,-190,1194,13,-1.152100892655653,1.3641645165800604
251,1553817600,164,198,34,362,13,1.190952544029255,-0.5389560865568619
251,1553832000,23,19,-4,42,13,0.7934702645916367,-1.270925549301832
251,1553846400,196,205,9,401,13,0.929451044399243,-0.4497473082848186
251,1553860800,701,554,-147,1255,13,-0.7023183132920324,1.5036961954158203
251,1553875200,552,378,-174,930,13,-0.9847399328924454,0.7602897098154601
251,1553889600,690,518,-172,1208,13,-0.9638198129220444,1.3961881805751528
251,1553904000,197,182,-15,379,13,0.6784096047544314,-0.5000702088485354
251,1553918400,24,30,6,54,13,0.8980708644436415,-1.2434766944488955
251,1553932800,27,49,22,76,13,1.0654318242068492,-1.1931537938851788
251,1553947200,243,221,-22,464,13,0.605189184858028,-0.30564082030690265
251,1553961600,405,244,-161,649,13,-0.8487591530848392,0.11752902534253322
251,1553976000,425,259,-166,684,13,-0.9010594530108416,0.19758818533026432
251,1553990400,193,154,-39,347,13,0.4273681651096198,-0.5732671551230324
251,1554004800,31,42,11,73,13,0.950371164369644,-1.200016007598413
251,1554019200,24,30,6,54,13,0.8980708644436415,-1.2434766944488955
251,1554033600,169,162,-7,331,13,0.7620900846360352,-0.6098656282602809
251,1554048000,338,220,-118,558,13,-0.39897657372121836,-0.09062479062556766
251,1554062400,325,186,-139,511,13,-0.6186378334104286,-0.19813280546623516
251,1554076800,105,95,-10,200,13,0.7307099046804337,-0.909515627071503
251,1554091200,13,16,3,29,13,0.8666906844880401,-1.3006618087258464
251,1554105600,231,244,13,475,13,0.9712912843400449,-0.2804793700250443
251,1554120000,710,621,-89,1331,13,-0.09563483415040437,1.6775389428177507
251,1554134400,531,367,-164,898,13,-0.8801393330404406,0.687092763540963
251,1554148800,735,528,-207,1263,13,-1.3299219124040613,1.5219954319844446
251,1554163200,153,217,64,370,14,1.3729224967897575,-0.5918266488959805
251,1554177600,12,11,-1,23,14,0.7635779322903203,-1.333148658437022
251,1554192000,262,241,-21,503,14,0.5760872970597243,-0.3076888181497023
251,1554206400,762,580,-182,1342,14,-0.9332123165465739,1.4847295276858423
251,1554220800,531,353,-178,884,14,-0.8957141895004547,0.5062699300783579
251,1554235200,786,518,-268,1304,14,-1.7394220480381368,1.4035472903297628
251,1554249600,157,235,78,392,14,1.5041659414511748,-0.544826406216145
251,1554264000,11,21,10,32,14,0.8666977816671482,-1.3139212864316347
251,1554278400,246,269,23,515,14,0.9885666945670356,-0.28205232214251924
251,1554292800,789,626,-163,1415,14,-0.7550962130775077,1.6406848783962054
251,1554307200,622,357,-265,979,14,-1.7112984527535473,0.7092255234685566
251,1554321600,779,562,-217,1341,14,-1.261320928200117,1.482593153018577
251,1554336000,192,232,40,424,14,1.1479337345130423,-0.476462416863657
251,1554350400,13,23,10,36,14,0.8666977816671482,-1.3053757877625738
251,1554364800,243,269,26,512,14,1.016690289851625,-0.288461446144315
251,1554379200,789,612,-177,1401,14,-0.8863396577389249,1.610775633054492
251,1554393600,596,410,-186,1006,14,-0.9707104435926931,0.7669076394847183
251,1554408000,794,516,-278,1310,14,-1.8331673656534349,1.4163655383333542
251,1554422400,200,227,27,427,14,1.0260648216131547,-0.47005329286186126
251,1554436800,14,20,6,34,14,0.829199654621029,-1.3096485370971043
251,1554451200,213,218,5,431,14,0.8198251228594992,-0.46150779419280025
251,1554465600,724,598,-126,1322,14,-0.408238537900905,1.4420020343405373
251,1554480000,580,398,-182,978,14,-0.9332123165465739,0.7070891488012914
251,1554494400,643,518,-125,1161,14,-0.39886400613937517,1.098045712910832
251,1554508800,161,169,8,330,14,0.8479487181440886,-0.6772816355865905
251,1554523200,22,18,-4,40,14,0.7354543370057309,-1.2968302890935128
251,1554537600,40,42,2,82,14,0.7917015275749097,-1.2071025530683723
251,1554552000,249,214,-35,463,14,0.44484385239830704,-0.39314380484031225
251,1554566400,406,285,-121,691,14,-0.36136587909325596,0.09394961929616469
251,1554580800,499,269,-230,768,14,-1.3831898411000043,0.2584504686755889
251,1554595200,188,179,-9,367,14,0.6885816781980819,-0.5982357728977762
251,1554609600,30,37,7,67,14,0.8385741863825588,-1.239148173077351
251,1554624000,35,37,2,72,14,0.7917015275749097,-1.228466299741025
251,1554638400,230,203,-27,433,14,0.5198401064905455,-0.4572350448582697
251,1554652800,461,298,-163,759,14,-0.7550962130775077,0.23922309667020167
251,1554667200,422,230,-192,652,14,-1.026957634161872,0.010631007272819945
251,1554681600,133,102,-31,235,14,0.48234197944442625,-0.8802372289767891
251,1554696000,11,17,6,28,14,0.829199654621029,-1.322466785100696
251,1554710400,220,228,8,448,14,0.8479487181440886,-0.425189424849291
251,1554724800,769,561,-208,1330,14,-1.1769501423463489,1.4590930316786592
251,1554739200,564,415,-149,979,14,-0.6238527684160905,0.7092255234685566
251,1554753600,768,521,-247,1289,14,-1.5425568810460109,1.371501670320784
251,1554768000,190,201,11,391,15,0.8512165524252254,-0.532733021203831
251,1554782400,15,16,1,31,15,0.7683826895849578,-1.303981899086053
251,1554796800,240,250,10,490,15,0.8429331661411986,-0.32063957978622
251,1554811200,743,570,-173,1313,15,-0.6729265238356972,1.4425210493723042
251,1554825600,608,353,-255,961,15,-1.352164199125891,0.6884110354430205
251,1554840000,825,519,-306,1344,15,-1.7746168996112555,1.50893414718994
251,1554854400,162,223,61,385,15,1.265385866626563,-0.5455871691685348
251,1554868800,9,20,11,29,15,0.8512165524252254,-1.3082666150742877
251,1554883200,232,266,34,498,15,1.0417344369578407,-0.30350071583328175
251,1554897600,832,554,-278,1386,15,-1.5426820836585062,1.598913182942866
251,1554912000,574,408,-166,982,15,-0.61494281984751,0.7334005533194834
251,1554926400,819,525,-294,1344,15,-1.6752162642029342,1.50893414718994
251,1554940800,165,218,53,383,15,1.199118776354349,-0.5498718851567693
251,1554955200,17,21,4,38,15,0.7932328484370381,-1.2889853931272321
251,1554969600,230,248,18,478,15,0.9092002564134126,-0.3463478757156274
251,1554984000,826,563,-263,1389,15,-1.418431289398105,1.6053402569252178
251,1554998400,558,374,-184,932,15,-0.7640437729599915,0.6262826536136192
251,1555012800,755,459,-296,1214,15,-1.6917830367709878,1.2304276079546932
251,1555027200,161,229,68,390,15,1.3233695706147504,-0.5348753791979484
251,1555041600,12,18,6,30,15,0.8097996210050916,-1.3061242570801703
251,1555056000,221,203,-18,424,15,0.6109983501884495,-0.4620352073979607
251,1555070400,803,554,-249,1357,15,-1.3024638814217304,1.5367848011134648
251,1555084800,540,403,-137,943,15,-0.3747246176107341,0.6498485915489094
251,1555099200,749,496,-253,1245,15,-1.3355974265578374,1.296840705772329
251,1555113600,183,206,23,389,15,0.9506171878335464,-0.5370177371920656
251,1555128000,20,32,12,52,15,0.8594999387092521,-1.2589923812095902
251,1555142400,38,102,64,140,15,1.2902360254786434,-1.0704648777272692
251,1555156800,226,172,-54,398,15,0.31279644396348644,-0.5177365152450101
251,1555171200,402,279,-123,681,15,-0.25875720963435955,0.08855079709018113
251,1555185600,477,262,-215,739,15,-1.0208287477648208,0.21280756074898358
251,1555200000,188,141,-47,329,15,0.3707801479516737,-0.6655592168391027
251,1555214400,31,42,11,73,15,0.8512165524252254,-1.2140028633331272
251,1555228800,30,39,9,69,15,0.8346497798571718,-1.2225722953095963
251,1555243200,223,186,-37,409,15,0.45361401079194125,-0.49417057730971997
251,1555257600,443,273,-170,716,15,-0.648076364983617,0.16353332688428604
251,1555272000,352,216,-136,568,15,-0.36644123132670736,-0.1535356562450719
251,1555286400,120,86,-34,206,15,0.4784641696440215,-0.9290692501155285
251,1555300800,14,23,9,37,15,0.8346497798571718,-1.2911277511213495
251,1555315200,257,268,11,525,15,0.8512165524252254,-0.24565704999211507
251,1555329600,771,535,-236,1306,15,-1.1947798597293826,1.4275245434134833
251,1555344000,530,357,-173,887,15,-0.6729265238356972,0.5298765438783415
251,1555358400,769,596,-173,1365,15,-0.6729265238356972,1.553923665066403
251,1555372800,181,184,3,365,16,0.774718433855914,-0.547755227642592
251,1555387200,9,15,6,24,16,0.8029552063944866,-1.3066746791563004
251,1555401600,228,266,38,494,16,1.1041474468059267,-0.26065666680602784
251,1555416000,812,593,-219,1405,16,-1.3148027339984518,1.7668378209622664
251,1555430400,586,389,-197,975,16,-1.1077330687155866,0.8098426181737192
251,1555444800,878,573,-305,1451,16,-2.124256880104197,1.8692140519582505
251,1555459200,185,250,65,435,16,1.3582783996530792,-0.3919653109095727
251,1555473600,13,16,3,29,16,0.774718433855914,-1.2955468279610847
251,1555488000,236,268,32,504,16,1.0476739017287817,-0.23840096441559652
251,1555502400,777,595,-182,1372,16,-0.9665492060227241,1.693394003073843
251,1555516800,567,457,-110,1024,16,-0.28886666509698383,0.9188955598868327
251,1555531200,835,539,-296,1374,16,-2.0395465624884794,1.6978451435519293
251,1555545600,192,269,77,461,16,1.4712254898073691,-0.33410048469445125
251,1555560000,17,15,-2,32,16,0.7276571462916265,-1.2888701172439554
251,1555574400,228,280,52,508,16,1.2359190519859315,-0.22949868345942398
251,1555588800,810,579,-231,1389,16,-1.427749824152742,1.7312286971375763
251,1555603200,613,389,-224,1002,16,-1.3618640215627393,0.8699330146278837
251,1555617600,791,524,-267,1315,16,-1.766591094615612,1.5665364994483846
251,1555632000,198,220,22,418,16,0.9535513266002066,-0.42980000497330595
251,1555646400,17,29,12,46,16,0.8594287514716316,-1.2577121338973516
251,1555660800,132,126,-6,258,16,0.6900081162401965,-0.7858912432202073
251,1555675200,565,382,-183,947,16,-0.9759614635355816,0.7475266514805115
251,1555689600,525,358,-167,883,16,-0.8253653433298616,0.605090156181751
251,1555704000,581,406,-175,987,16,-0.9006634034327216,0.8365494610422368
251,1555718400,230,149,-81,379,16,-0.01591119722411625,-0.5165972442959882
251,1555732800,25,33,8,58,16,0.8217797214202015,-1.2310052910288338
251,1555747200,27,50,23,77,16,0.9629635841130642,-1.1887194564870143
251,1555761600,188,174,-14,362,16,0.6147100561373364,-0.5544319383597214
251,1555776000,377,283,-94,660,16,-0.13827054489126378,0.10878799287513226
251,1555790400,384,293,-91,677,16,-0.11003377235269128,0.14662268693886552
251,1555804800,194,127,-67,321,16,0.1158604079558888,-0.6456803181604899
251,1555819200,41,33,-8,74,16,0.6711836012144815,-1.1953961672041438
251,1555833600,19,48,29,67,16,1.0194371291902091,-1.2109751588774458
251,1555848000,230,193,-37,423,16,0.3982281333416139,-0.4186721537780903
251,1555862400,409,280,-129,689,16,-0.4676995578412764,0.17332952980738311
251,1555876800,388,232,-156,620,16,-0.721830510688429,0.019765183313406934
251,1555891200,140,99,-41,239,16,0.3605791032901839,-0.8281770777620268
251,1555905600,14,17,3,31,16,0.774718433855914,-1.2910956874829984
251,1555920000,179,174,-5,353,16,0.699420373753054,-0.5744620705111096
251,1555934400,658,452,-206,1110,16,-1.1924433863313042,1.1102946004445422
251,1555948800,454,303,-151,757,16,-0.6747692231241414,0.32466830606231617
251,1555963200,566,506,-60,1072,16,0.18174621054589132,1.025722931360903
251,1555977600,128,177,49,305,17,1.191445620787401,-0.6638414439827834
251,1555992000,17,17,0,34,17,0.7721252227433858,-1.2932661718812177
251,1556006400,197,234,37,431,17,1.088754911062336,-0.37119378451709084
251,1556020800,753,445,-308,1198,17,-1.86360299353328,1.4102407774685146
251,1556035200,614,348,-266,962,17,-1.5041855094955527,0.8621070660883283
251,1556049600,773,436,-337,1209,17,-2.111772208702187,1.435789382659964
251,1556064000,178,227,49,405,17,1.191445620787401,-0.4315813967877893
251,1556078400,12,18,6,30,17,0.8234705776059182,-1.3025565737690175
251,1556092800,215,185,-30,400,17,0.5153984484307236,-0.443194399147539
251,1556107200,719,478,-241,1197,17,-1.2902465309016675,1.4079181769965645
251,1556121600,575,369,-206,944,17,-0.9907319608702284,0.8203002575932293
251,1556136000,771,494,-277,1265,17,-1.5983186600768624,1.5658550090891608
251,1556150400,214,202,-12,416,17,0.6694345130183209,-0.4060327915963399
251,1556164800,18,27,9,45,17,0.8491432550371845,-1.2677175666897684
251,1556179200,205,171,-34,376,17,0.4811682118557019,-0.49893681047433763
251,1556193600,708,470,-238,1178,17,-1.2645738534704014,1.3637887680295158
251,1556208000,564,366,-198,930,17,-0.9222714877201852,0.7877838509859302
251,1556222400,756,521,-235,1277,17,-1.238901176039135,1.59372621475256
251,1556236800,196,209,13,405,17,0.8833734916122061,-0.4315813967877893
251,1556251200,12,40,28,52,17,1.0117368787685372,-1.2514593633861189
251,1556265600,176,194,18,370,17,0.9261612873309831,-0.5128724133060373
251,1556280000,658,480,-178,1138,17,-0.751120304845077,1.270884749151518
251,1556294400,522,330,-192,852,17,-0.8709261328576527,0.6066210141738346
251,1556308800,605,395,-210,1000,17,-1.02496219744525,0.950365884022426
251,1556323200,150,191,41,341,17,1.1229851476373578,-0.5802278269925856
251,1556337600,36,43,7,79,17,0.8320281367496737,-1.1887491506434704
251,1556352000,47,52,5,99,17,0.8149130184621629,-1.1422971412044716
251,1556366400,288,286,-2,574,17,0.755010104455875,-0.03906191702824914
251,1556380800,436,339,-97,775,17,-0.05795801420088885,0.4277807778336892
251,1556395200,455,242,-213,697,17,-1.0506348748765162,0.2466179410215937
251,1556409600,190,139,-51,329,17,0.33568970641185997,-0.6080990326559849
251,1556424000,38,35,-3,73,17,0.7464525453121196,-1.20268475347517
251,1556438400,33,47,14,80,17,0.8919310507559616,-1.1864265501715203
251,1556452800,223,179,-44,402,17,0.3955926204181478,-0.43854919820363913
251,1556467200,505,307,-198,812,17,-0.9222714877201852,0.513716995295837
251,1556481600,342,230,-112,572,17,-0.18632140135721997,-0.043707117972149025
251,1556496000,129,98,-31,227,17,0.5068408892869681,-0.845004280794879
251,1556510400,15,11,-4,26,17,0.7378949861683641,-1.3118469756568172
251,1556523090,92,99,7,191,17,0.8320281367496737,-0.9286178977850769
251,1556524605,74,93,19,167,17,0.9347188464747386,-0.9843603091118754
251,1556524800,251,266,15,517,17,0.9004886098997169,-0.17145014392939584
251,1556539200,737,589,-148,1326,17,-0.4943935305324147,1.7075336378781072
251,1556553600,571,402,-169,973,17,-0.6741022725512783,0.8876556712797776
251,1556568000,785,532,-253,1317,17,-1.3929372406267326,1.6866302336305576
251,1556582400,177,212,35,389,18,0.9912556619003859,-0.5771619154849565
251,1556596800,14,19,5,33,18,0.7385787179403442,-1.3339561766733343
251,1556611200,229,258,29,487,18,0.9407202731083776,-0.3688309110005155
251,1556625600,759,590,-169,1349,18,-0.7269475570278978,1.463631597832017
251,1556640000,572,374,-198,946,18,-0.9712019361892715,0.6069234875541625
251,1556654400,827,573,-254,1400,18,-1.4428655649146827,1.5720487532269811
251,1556668800,167,243,76,410,18,1.3365808186457764,-0.5325195573811478
251,1556683200,14,20,6,34,18,0.7470012827390122,-1.3318303500969624
251,1556697600,244,263,19,507,18,0.856494625121697,-0.32631437947307856
251,1556712000,795,592,-203,1387,18,-1.0133147601826118,1.5444130077341471
251,1556726400,597,382,-215,979,18,-1.1143855377666283,0.6770757645744334
251,1556740800,765,586,-179,1351,18,-0.8111732050145785,1.4678832509847608
251,1556755200,177,250,73,427,18,1.3113131242497722,-0.49638050558282637
251,1556769600,14,25,11,39,18,0.7891141067323526,-1.3212012172151033
251,1556784000,263,250,-13,513,18,0.5869725515643192,-0.3135594200148475
251,1556798400,832,589,-243,1421,18,-1.3502173521293341,1.61669111133079
251,1556812800,586,445,-141,1031,18,-0.49111574266519226,0.7876187465457695
251,1556827200,791,548,-243,1339,18,-1.3502173521293341,1.4423733320682985
251,1556841600,184,244,60,428,18,1.2018197818670875,-0.49425467900645453
251,1556856000,21,22,1,43,18,0.704888458745672,-1.3126979109096157
251,1556870400,212,270,58,482,18,1.1849746522697515,-0.37946004388237475
251,1556884800,803,489,-314,1292,18,-1.948219452834766,1.3424594829788217
251,1556899200,622,419,-203,1041,18,-1.0133147601826118,0.8088770123094879
251,1556913600,743,451,-292,1194,18,-1.7629230272640688,1.1341284784943806
251,1556928000,217,234,17,451,18,0.8396494955243609,-0.4453606677499021
251,1556942400,23,61,38,84,18,1.0165233562963902,-1.22553902127837
251,1556956800,38,64,26,102,18,0.9154525787123734,-1.1872741429036768
251,1556971200,270,225,-45,495,18,0.3174504780069413,-0.35182429838954077
251,1556985600,392,294,-98,686,18,-0.12894545632246576,0.05420857769748211
251,1557000000,471,325,-146,796,18,-0.5332285666585326,0.28804950109838534
251,1557014400,193,167,-26,360,18,0.47747920918163445,-0.6388108861997401
251,1557028800,35,58,23,93,18,0.8901848843163692,-1.2064065820910235
251,1557043200,25,44,19,69,18,0.856494625121697,-1.2574264199239478
251,1557057600,236,157,-79,393,18,0.031083274852227352,-0.5686586091794692
251,1557072000,423,268,-155,691,18,-0.609031649846545,0.06483771057934135
251,1557086400,340,257,-83,597,18,-0.0026069843424448807,-0.1349899875996123
251,1557100800,100,98,-2,198,18,0.6796207643496678,-0.9831947915719794
251,1557115200,17,20,3,37,18,0.721733588343008,-1.325452870367847
251,1557129600,246,280,34,526,18,0.9828330971017178,-0.2859236745220135
251,1557144000,765,518,-247,1283,18,-1.3839076113240063,1.323327043791475
251,1557158400,603,409,-194,1012,18,-0.9375116769945994,0.7472280415947044
251,1557172800,805,541,-264,1346,18,-1.5270912129013632,1.4572541181029015
251,1557187200,201,213,12,414,19,0.864907833777308,-0.5051344118201269
251,1557201600,16,21,5,37,19,0.8092904008966149,-1.297672885537912
251,1557216000,266,271,5,537,19,0.8092904008966149,-0.24656085142944367
251,1557230400,807,591,-216,1398,19,-0.9466314086224078,1.5634540713053389
251,1557244800,620,413,-207,1033,19,-0.8751232806329453,0.7961422864061569
251,1557259200,844,520,-324,1364,19,-1.8047289444959573,1.491978452985963
251,1557273600,179,225,46,404,19,1.1350496506263883,-0.5261566525022963
251,1557288000,8,23,15,31,19,0.888743876440462,-1.3102862299472136
251,1557302400,259,286,27,545,19,0.9840880470930787,-0.2297430588837082
251,1557316800,806,555,-251,1361,19,-1.224718573025873,1.4856717807813122
251,1557331200,569,371,-198,940,19,-0.8036151526434828,0.6006354480619818
251,1557345600,913,545,-368,1458,19,-2.154324236888885,1.689587515398355
251,1557360000,214,247,33,461,19,1.031760132419387,-0.4063298806139309
251,1557374400,21,22,1,43,19,0.777509010679076,-1.2850595411286103
251,1557388800,277,300,23,577,19,0.9523066568755398,-0.1624718887007662
251,1557403200,827,570,-257,1397,19,-1.2723906583521813,1.561351847237122
251,1557417600,575,409,-166,984,19,-0.5493640309031719,0.693133307063527
251,1557432000,859,486,-373,1345,19,-2.1940509746608083,1.452036195689841
251,1557446400,210,250,40,460,19,1.0873775653000801,-0.4084321046821478
251,1557460800,11,19,8,30,19,0.8331264435597691,-1.3123884540154305
251,1557475200,242,279,37,521,19,1.0635415226369258,-0.28019643652091464
251,1557489600,764,527,-237,1291,19,-1.113483707264487,1.3385160960061266
251,1557504000,598,420,-178,1018,19,-0.6447082015557886,0.7646089253829028
251,1557518400,775,499,-276,1274,19,-1.4233522618854908,1.3027782868464386
251,1557532800,219,178,-41,397,19,0.44380441339491783,-0.5408722209798148
251,1557547200,27,41,14,68,19,0.8807985288860773,-1.232503939423187
251,1557561600,51,50,-1,101,19,0.7616183155703066,-1.163130545172028
251,1557576000,276,226,-50,502,19,0.3722962854054554,-0.32013869381703647
251,1557590400,452,303,-149,755,19,-0.4142931224786317,0.21172399544184853
251,1557604800,497,229,-268,726,19,-1.3597894814504132,0.15075949746355735
251,1557619200,178,169,-9,347,19,0.6980555351352288,-0.6459834243906616
251,1557633600,26,41,15,67,19,0.888743876440462,-1.2346061634914038
251,1557648000,29,31,2,60,19,0.7854543582334608,-1.2493217319689225
251,1557662400,178,125,-53,303,19,0.34846024274230125,-0.7384812833922069
251,1557676800,295,213,-82,508,19,0.11804516366514442,-0.30752534940773485
251,1557691200,253,198,-55,451,19,0.3325695476335318,-0.42735212129610023
251,1557705600,118,97,-21,215,19,0.6027113644826122,-0.9234770013952973
251,1557720000,21,15,-6,36,19,0.721891577798383,-1.299775109606129
251,1557734400,244,255,11,499,19,0.8569624862229231,-0.3264453660216873
251,1557748800,780,581,-199,1361,19,-0.8115605001978676,1.4856717807813122
251,1557763200,560,372,-188,932,19,-0.7241616770996357,0.5838176555162463
251,1557777600,709,520,-189,1229,19,-0.7321070246540204,1.2081782037766764
251,1557792000,166,221,55,387,20,1.199392639756525,-0.6548904467869204
251,1557806400,12,17,5,29,20,0.7848560131125648,-1.4125799480094607
251,1557820800,264,282,18,546,20,0.8926355360399945,-0.3183747185903173
251,1557835200,798,614,-184,1412,20,-0.782092435601605,1.5144719519647665
251,1557849600,556,422,-134,978,20,-0.3675558089576447,0.5959321655664912
251,1557864000,759,534,-225,1293,20,-1.1220124694496523,1.2626142685974975
251,1557878400,165,224,59,389,20,1.232555569888042,-0.6506575445454537
251,1557892800,16,20,4,36,20,0.7765652805796855,-1.3977647901643273
251,1557907200,217,286,69,503,20,1.3154628952168341,-0.40938211678185144
251,1557921600,789,582,-207,1371,20,-0.9727792838578267,1.4276974560146989
251,1557936000,589,425,-164,1014,20,-0.6162777849440209,0.6721244059128919
251,1557950400,842,519,-323,1361,20,-1.9345042576718143,1.4065329448073653
251,1557964800,256,254,-2,510,20,0.7268208853824104,-0.394566958936718
251,1557979200,14,23,9,37,20,0.8180189432440816,-1.3956483390435939
251,1557993600,240,275,35,515,20,1.033577989098941,-0.38398470333305124
251,1558008000,799,610,-189,1409,20,-0.823546098266001,1.5081225986025664
251,1558022400,611,358,-253,969,20,-1.35415298037027,0.576884105479891
251,1558036800,878,529,-349,1407,20,-2.150063303526674,1.5038896963610997
251,1558051200,239,246,7,485,20,0.8014374781783232,-0.4474782369550518
251,1558065600,13,39,26,52,20,0.9589613963030281,-1.3639015722325936
251,1558080000,207,256,49,463,20,1.14964824455925,-0.4940401616111856
251,1558094400,760,563,-197,1323,20,-0.8898719585290347,1.326107802219498
251,1558108800,651,398,-253,1049,20,-1.35415298037027,0.7462001951385593
251,1558123200,719,474,-245,1193,20,-1.2878271201072364,1.0509691565241621
251,1558137600,211,219,8,430,20,0.8097282107112024,-0.5638830485953862
251,1558152000,32,40,8,72,20,0.8097282107112024,-1.3215725498179265
251,1558166400,43,68,25,111,20,0.9506706637701489,-1.2390309561093258
251,1558180800,308,300,-8,608,20,0.6770764901851352,-0.1871547491048494
251,1558195200,538,386,-152,924,20,-0.5167889945494705,0.48164380504689014
251,1558209600,575,366,-209,941,20,-0.989360748923585,0.5176234740993572
251,1558224000,243,174,-69,417,20,0.1713418056795036,-0.5913969131649198
251,1558238400,35,38,3,73,20,0.7682745480468064,-1.3194560986971933
251,1558252800,29,58,29,87,20,0.9838335939016657,-1.2898257830069262
251,1558267200,272,215,-57,487,20,0.2708305960740541,-0.44324533471358507
251,1558281600,497,390,-107,887,20,-0.1437060305699062,0.4033351135797561
251,1558296000,517,317,-200,834,20,-0.9147441561276722,0.29116320418088837
251,1558310400,197,142,-55,339,20,0.2874120611398125,-0.7564801005821213
251,1558324800,30,28,-2,58,20,0.7268208853824104,-1.3512028655081936
251,1558339200,234,271,37,505,20,1.0501594541646995,-0.40514921454038477
251,1558353600,773,606,-167,1379,20,-0.6411499825426585,1.4446290649805658
251,1558368000,595,416,-179,1011,20,-0.7406387729372089,0.6657750525506918
251,1558382400,819,537,-282,1356,20,-1.594584223823767,1.3959506892036986
251,1558396800,225,198,-27,423,21,0.558526894650439,-0.4088158071353025
251,1558411200,32,24,-8,56,21,0.7495703845480174,-1.217216942630306
251,1558425600,255,289,34,544,21,1.1718770464268748,-0.14228573248981083
251,1558440000,794,581,-213,1375,21,-1.311688322241644,1.6881811437945162
251,1558454400,602,431,-171,1033,21,-0.8893816603627865,0.9348482055403167
251,1558468800,848,579,-269,1427,21,-1.874763871413454,1.8027229940553886
251,1558483200,241,231,-10,472,21,0.7294605435061671,-0.3008821405433265
251,1558497600,15,18,3,33,21,0.8601745102781944,-1.2678796840918458
251,1558512000,257,266,9,523,21,0.9205040334037454,-0.18854301817208624
251,1558526400,792,575,-217,1367,21,-1.3519080043253449,1.670559320677459
251,1558540800,616,441,-175,1057,21,-0.9296013424464872,0.9877136748914885
251,1558555200,889,580,-309,1469,21,-2.2769606922504613,1.8952375654199396
251,1558569600,253,244,-9,497,21,0.7395154640270922,-0.2458139433025225
251,1558584000,23,25,2,48,21,0.8501195897572692,-1.2348387657473634
251,1558598400,221,254,33,475,21,1.1618221259059498,-0.29427395687443003
251,1558612800,770,579,-191,1349,21,-1.09048007078129,1.63091021866408
251,1558627200,600,416,-184,1016,21,-1.0200956271348138,0.8974018314165699
251,1558641600,701,539,-162,1240,21,-0.7988873756744599,1.3908128786941742
251,1558656000,223,225,2,448,21,0.8501195897572692,-0.35374760989449844
251,1558670400,21,30,9,51,21,0.9205040334037454,-1.228230582078467
251,1558684800,211,225,14,436,21,0.9707786360083713,-0.38018034457008437
251,1558699200,668,615,-53,1283,21,0.29709896110638445,1.4855301779483574
251,1558713600,693,476,-217,1169,21,-1.3519080043253449,1.2344191985302908
251,1558728000,740,434,-306,1174,21,-2.2467959306876857,1.2454328379784516
251,1558742400,227,169,-58,396,21,0.24682435850175855,-0.4682894601553709
251,1558756800,44,47,3,91,21,0.8601745102781944,-1.1401214664931805
251,1558771200,39,54,15,93,21,0.9808335565292965,-1.1357160107139161
251,1558785600,248,189,-59,437,21,0.23676943798083339,-0.3779776166804522
251,1558800000,368,260,-108,628,21,-0.2559216675445003,0.04274341023929082
251,1558814400,420,230,-190,650,21,-1.0804251502603648,0.09120342381119839
251,1558828800,189,133,-56,322,21,0.2669341995436089,-0.6312913239881509
251,1558843200,35,43,8,78,21,0.9104491128828203,-1.1687569290583986
251,1558857600,21,38,17,59,21,1.0009433975711468,-1.2106087589614096
251,1558872000,221,159,-62,380,21,0.20660467641805785,-0.5035331063894855
251,1558886400,378,281,-97,659,21,-0.14531754181432335,0.11102797481788786
251,1558900800,364,247,-117,611,21,-0.3464159522328269,0.005297036115544058
251,1558915200,140,123,-17,263,21,0.6590760998596908,-0.7612522694764485
251,1558929600,28,28,0,56,21,0.8300097487154189,-1.217216942630306
251,1558944000,38,55,17,93,21,1.0009433975711468,-1.1357160107139161
251,1558958400,220,165,-55,385,21,0.2769891200645341,-0.4925194669413247
251,1558972800,407,315,-92,722,21,-0.09504293920969747,0.2497998318647141
251,1558987200,437,236,-201,673,21,-1.1910292759905419,0.14186616527273813
251,1559001600,154,139,-15,293,22,0.7534727936333286,-0.8357443931691431
251,1559016000,13,21,8,34,22,0.9622664593389498,-1.375603508899187
251,1559030400,242,289,47,531,22,1.3163078924919598,-0.33965763817396766
251,1559044800,765,591,-174,1356,22,-0.6899268953750961,1.3799708192672915
251,1559059200,578,381,-197,959,22,-0.8987205610807173,0.5524647615652554
251,1559073600,808,516,-292,1324,22,-1.7611291802995874,1.313270079099873
251,1559088000,204,195,-9,399,22,0.8079407064260994,-0.6147981913645691
251,1559102400,16,15,-1,31,22,0.8805645901497937,-1.3818567032898823
251,1559116800,246,244,-2,490,22,0.8714866046843319,-0.42511796151347264
251,1559131200,787,621,-166,1408,22,-0.6173030116514018,1.4883595220393466
251,1559145600,542,396,-146,938,22,-0.43574330234216596,0.5086924008303869
251,1559160000,825,630,-195,1455,22,-0.8805645901497937,1.5863262341602427
251,1559174400,164,166,2,330,22,0.9077985465461791,-0.7586216623505654
251,1559188800,17,13,-4,30,22,0.8533306337534083,-1.3839411014201142
251,1559203200,253,246,-7,499,22,0.826096677357023,-0.40635837834138616
251,1559217600,789,588,-201,1377,22,-0.9350325029425645,1.42374318000216
251,1559232000,640,452,-188,1092,22,-0.8170186918915612,0.8296897128860886
251,1559246400,774,510,-264,1284,22,-1.5069455872666573,1.2298941538905999
251,1559260800,154,233,79,387,22,1.606803427386737,-0.6398109689273511
251,1559275200,15,21,6,36,22,0.9441104884080262,-1.3714347126387232
251,1559289600,218,254,36,472,22,1.21645005237188,-0.4626371278576456
251,1559304000,760,609,-151,1369,22,-0.4811332296694749,1.4070679949603053
251,1559318400,639,405,-234,1044,22,-1.2346060233028036,0.7296386026349608
251,1559332800,780,519,-261,1299,22,-1.479711630870272,1.2611601258440772
251,1559347200,253,191,-62,444,22,0.32680747675662447,-0.5210002755041369
251,1559361600,78,50,-28,128,22,0.6354589825823254,-1.1796700846573949
251,1559376000,41,64,23,105,22,1.0984362413208768,-1.227611241652727
251,1559390400,320,273,-47,593,22,0.46297725873855133,-0.21042495409959422
251,1559404800,537,356,-181,893,22,-0.7534727936333286,0.41489448496995457
251,1559419200,580,279,-301,859,22,-1.8428310494887437,0.3440249485420724
251,1559433600,277,181,-96,458,22,0.01815597093092358,-0.4918187016808912
251,1559448000,90,42,-48,132,22,0.45389927327308954,-1.1713324921364676
251,1559462400,33,60,27,93,22,1.134748183182724,-1.252624019215509
251,1559476800,276,265,-11,541,22,0.7897847354951758,-0.31881365687164936
251,1559491200,527,381,-146,908,22,-0.43574330234216596,0.44616045692343204
251,1559505600,532,283,-249,815,22,-1.3707758052847305,0.2523114308118719
251,1559520000,208,138,-70,346,22,0.25418359303293014,-0.725271292266856
251,1559534400,32,40,8,72,22,0.9622664593389498,-1.2963963799503773
251,1559548800,236,272,36,508,22,1.21645005237188,-0.38759879516929974
251,1559563200,782,564,-218,1346,22,-1.089358255855415,1.3591268379649732
251,1559577600,596,371,-225,967,22,-1.1529041541136476,0.56913994660711
251,1559592000,850,651,-199,1501,22,-0.9168765320116409,1.6822085481509068
251,1559606400,250,191,-59,441,23,0.44787553846404876,-0.4651962597933287
251,1559620800,16,19,3,35,23,1.0040357207055284,-1.3277086684043802
251,1559635200,229,216,-13,445,23,0.8605105123851465,-0.4566986005951903
251,1559649600,796,490,-306,1286,23,-1.767794864981846,1.3299342458134165
251,1559664000,633,378,-255,1011,23,-1.310308263460629,0.7457201759413988
251,1559678400,825,492,-333,1317,23,-2.0099936540224905,1.3957911045989895
251,1559692800,259,217,-42,476,23,0.6003710723044544,-0.3908417418096174
251,1559707200,17,36,19,53,23,1.1475609290259103,-1.2894692020127572
251,1559721600,261,246,-15,507,23,0.8425698613450988,-0.3249848830240445
251,1559736000,802,563,-239,1365,23,-1.166783055140247,1.4977630149766505
251,1559750400,647,408,-239,1055,23,-1.166783055140247,0.8391944271209216
251,1559764800,814,588,-226,1402,23,-1.0501688233799369,1.5763663625594313
251,1559779200,229,212,-17,441,23,0.8246292103050511,-0.4651962597933287
251,1559793600,22,25,3,47,23,1.0040357207055284,-1.302215690809965
251,1559808000,243,186,-57,429,23,0.4658161895040965,-0.490689237387744
251,1559822400,784,519,-265,1303,23,-1.4000115186608675,1.3660492974055047
251,1559836800,682,387,-295,1069,23,-1.6691212842615835,0.8689362343144061
251,1559851200,847,731,-116,1578,23,-0.0634330161773116,1.9502633672775225
251,1559865600,253,245,-8,498,23,0.9053621399852659,-0.34410461621985594
251,1559880000,18,34,16,52,23,1.1206499524658387,-1.291593616812292
251,1559894400,211,241,30,452,23,1.246234509746173,-0.441827696998448
251,1559908800,814,607,-207,1421,23,-0.8797326384994834,1.6167302437505888
251,1559923200,700,453,-247,1153,23,-1.2385456593004378,1.0473870774753133
251,1559937600,719,444,-275,1163,23,-1.489714773861106,1.0686312254706596
251,1559952000,251,171,-80,422,23,0.25949870254354757,-0.5055601409844863
251,1559966400,40,35,-5,75,23,0.9322731165453375,-1.2427320764229959
251,1559980800,43,58,15,101,23,1.111679626945815,-1.187497291635096
251,1559995200,274,240,-34,514,23,0.6721336764646454,-0.3101139794273022
251,1560009600,411,252,-159,663,23,-0.4491570135383378,0.006423825703354641
251,1560024000,450,235,-215,685,23,-0.9514952426596743,0.05316095129311606
251,1560038400,216,137,-79,353,23,0.2684690280635714,-0.6521447621523744
251,1560052800,32,42,10,74,23,1.0668279993456955,-1.2448564912225304
251,1560067200,23,40,17,63,23,1.1296202779858626,-1.2682250540174111
251,1560081600,210,144,-66,354,23,0.3850832598238817,-0.6500203473528398
251,1560096000,423,281,-142,704,23,-0.2966614796979321,0.09352483248427364
251,1560110400,411,247,-164,658,23,-0.49400864113845716,-0.004198248294318407
251,1560124800,180,124,-56,304,23,0.47478651502412034,-0.7562410873295702
251,1560139200,23,14,-9,37,23,0.8963918144652421,-1.323459838805311
251,1560153600,204,230,26,434,23,1.2103532076660775,-0.480067163390071
251,1560168000,717,524,-193,1241,23,-0.7541480812191492,1.234335579834359
251,1560182400,522,345,-177,867,23,-0.6106228728987674,0.439804444808415
251,1560196800,646,525,-121,1171,23,-0.10828464377743094,1.0856265438669364
251,1560211200,193,208,15,401,24,0.7558996525650948,0.060396582790466675
251,1560225600,30,30,0,60,24,0.5842461393897016,-0.6307186766574907
251,1560240000,245,204,-41,449,24,0.11505987004362714,0.1576796691643727
251,1560254400,779,546,-233,1325,24,-2.0821050986014047,1.9330959954881575
251,1560268800,550,387,-163,937,24,-1.28105537044957,1.1467243806324172
251,1560274141,354,248,-106,602,24,-0.6287720203830763,0.4677695069811981
251,1560274202,5,9,4,14,24,0.6300204095698064,-0.7239483010991506
251,1560274275,3,3,0,6,24,0.5842461393897016,-0.7401621488281349
251,1560274356,7,5,-2,12,24,0.5613590042996492,-0.7280017630313967
251,1560274436,6,0,-6,6,24,0.5155847341195444,-0.7401621488281349
251,1560274517,5,0,-5,5,24,0.5270283016645706,-0.742188879794258
251,1560274597,10,3,-7,13,24,0.5041411665745181,-0.7259750320652737
251,1560274678,4,10,6,14,24,0.6529075446598589,-0.7239483010991506
251,1560274759,5,4,-1,9,24,0.5728025718446754,-0.7340819559297658
251,1560274839,4,0,-4,4,24,0.5384718692095968,-0.744215610760381
251,1560274920,6,1,-5,7,24,0.5270283016645706,-0.7381354178620119
251,1560275001,6,0,-6,6,24,0.5155847341195444,-0.7401621488281349
251,1560275076,8,0,-8,8,24,0.49269759902949195,-0.7361086868958888
251,1560275161,4,7,3,11,24,0.6185768420247802,-0.7300284939975198
251,1560275241,6,12,6,18,24,0.6529075446598589,-0.7158413772346585
251,1560275322,7,2,-5,9,24,0.5270283016645706,-0.7340819559297658
251,1560275396,4,0,-4,4,24,0.5384718692095968,-0.744215610760381
251,1560275477,2,0,-2,2,24,0.5613590042996492,-0.7482690726926271
251,1560275557,3,0,-3,3,24,0.549915436754623,-0.746242341726504
251,1560275637,4,20,16,24,24,0.767343220110121,-0.7036809914379202
251,1560275718,8,9,1,17,24,0.5956897069347278,-0.7178681082007815
251,1560275798,2,5,3,7,24,0.6185768420247802,-0.7381354178620119
251,1560276401,38,36,-2,74,24,0.5613590042996492,-0.602344443131768
251,1560276471,2,0,-2,2,24,0.5613590042996492,-0.7482690726926271
251,1560276561,9,0,-9,9,24,0.48125403148446577,-0.7340819559297658
251,1560283200,793,580,-213,1373,24,-1.8532337477008805,2.0303790818620633
251,1560297600,314,246,-68,560,24,-0.19391645367208044,0.38264680640403037
251,1560312000,23,33,10,56,24,0.6986818148399637,-0.6388256005219829
251,1560326400,236,251,15,487,24,0.7558996525650948,0.2346954458770483
251,1560340800,811,592,-219,1403,24,-1.9218951529710375,2.0911810108457547
251,1560354238,529,427,-102,956,24,-0.5829977502029715,1.185232268988755
251,1560354318,2,0,-2,2,24,0.5613590042996492,-0.7482690726926271
251,1560354398,2,5,3,7,24,0.6185768420247802,-0.7381354178620119
251,1560354479,3,0,-3,3,24,0.549915436754623,-0.746242341726504
251,1560354560,5,5,0,10,24,0.5842461393897016,-0.7320552249636428
251,1560354641,7,2,-5,9,24,0.5270283016645706,-0.7340819559297658
251,1560355200,431,352,-79,783,24,-0.31979569666736873,0.8346078118494688
251,1560369600,776,588,-188,1364,24,-1.567144559075225,2.0121385031669563
251,1560384000,351,208,-143,559,24,-1.052184019549046,0.3806200754379073
251,1560398400,20,29,9,49,24,0.6872382472949374,-0.6530127172848441
251,1560412800,260,255,-5,515,24,0.5270283016645706,0.2914439129284935
251,1560427200,817,600,-217,1417,24,-1.8990080178809852,2.1195552443714774
251,1560441600,579,391,-188,970,24,-1.567144559075225,1.2136065025144775
251,1560456000,779,456,-323,1235,24,-3.112026177653763,1.7506902085370837
251,1560470400,293,266,-27,559,24,0.27526981567399406,0.3806200754379073
251,1560484800,25,26,1,51,24,0.5956897069347278,-0.648959255352598
251,1560499200,229,214,-15,443,24,0.41259262621430853,0.14551928336763445
251,1560513600,688,633,-55,1321,24,-0.04515007558673976,1.9249890716236653
251,1560528000,582,445,-137,1027,24,-0.9835226142788887,1.329130167583491
251,1560542400,748,451,-297,1199,24,-2.814493421483082,1.6777278937566542
251,1561161600,8222,9504,1282,17726,25,3.9754862755801934,4.104962950797683
251,1561176000,48,50,2,98,25,0.018548147475490794,-0.3561537458030459
251,1561190400,37,90,53,127,25,0.17620740101716253,-0.3488147178814767
251,1561204800,299,249,-50,548,25,-0.14220246397876274,-0.2422722780545589
251,1561219200,482,309,-173,791,25,-0.522439487226324,-0.18077628547037594
251,1561233600,518,262,-256,780,25,-0.7790221939706133,-0.18356005468200562
251,1561248000,274,184,-90,458,25,-0.2658567804820347,-0.26504857160425627
251,1561262400,62,52,-10,114,25,-0.018548147475490794,-0.3521046269497663
251,1561276800,38,55,17,93,25,0.06491851616421777,-0.3574190954446957
251,1561291200,252,233,-19,485,25,-0.04637036868872698,-0.2582156835393471
251,1561305600,456,326,-130,782,25,-0.38951109698530667,-0.1830539148253457
251,1561320000,535,305,-230,840,25,-0.6986468882434865,-0.16837585898220736
251,1561334400,239,132,-107,371,25,-0.3184098649959253,-0.2870656553689638
251,1561348800,31,29,-2,60,25,0.006182715825163598,-0.36577040307958475
251,1561363200,184,197,13,381,25,0.05255308451389058,-0.28453495608566404
251,1561377600,696,588,-108,1284,25,-0.3215012229085071,-0.056012810803700235
251,1561392000,568,399,-169,967,25,-0.5100740555759968,-0.13623597808430105
251,1561406400,643,548,-95,1191,25,-0.28131357004494373,-0.07954831413838753
251,1561420800,1015,541,-474,1556,26,-3.6408214065425346,2.067015689426932
251,1561435200,19,20,1,39,26,0.8400167834959333,-1.320448625510759
251,1561449600,194,196,2,390,26,0.8494501270539091,-0.5366648585080369
251,1561464000,669,528,-141,1197,26,-0.49951800173661914,1.2653679049426665
251,1561478400,444,372,-72,816,26,0.15138270376370566,0.41459407238415596
251,1561492800,747,541,-206,1288,26,-1.112685333005041,1.468571103795224
251,1561507200,242,252,10,494,26,0.9249168755177148,-0.30443263124797104
251,1561521600,14,24,10,38,26,0.9249168755177148,-1.322681627695952
251,1561536000,214,213,-1,427,26,0.8211500963799819,-0.4540437776558981
251,1561550400,765,633,-132,1398,26,-0.41461790971483764,1.7142013441664476
251,1561564800,555,370,-185,925,26,-0.914585118287551,0.6579913105701864
251,1561579200,762,554,-208,1316,26,-1.1315520201209925,1.5310951649806264
251,1561593600,245,208,-37,453,26,0.4815497282928559,-0.3959857208408816
251,1561608000,14,26,12,40,26,0.9437835626336664,-1.3182156233255662
251,1561622400,171,155,-16,326,26,0.6796499430103461,-0.6795769983603851
251,1561636800,638,491,-147,1129,26,-0.5561180630844735,1.1135237563495464
251,1561651200,433,318,-115,751,26,-0.2542510692292504,0.26944893034661477
251,1561665600,661,527,-134,1188,26,-0.4334845968307891,1.24527088527593
251,1561680000,249,241,-8,490,26,0.7551166914741518,-0.3133646399887428
251,1561694400,18,30,12,48,26,0.9437835626336664,-1.3003516058440228
251,1561708800,161,150,-11,311,26,0.7268166608002247,-0.7130720311382792
251,1561723200,678,501,-177,1179,26,-0.8391183698237451,1.2251738656091935
251,1561737600,583,325,-258,908,26,-1.6032191980197787,0.6200302734219065
251,1561752000,704,503,-201,1207,26,-1.0655186152151626,1.2876979267945958
251,1561766400,257,249,-8,506,26,0.7551166914741518,-0.27763660502565574
251,1561780800,34,47,13,81,26,0.953216906191642,-1.2266625337326555
251,1561795200,31,44,13,75,26,0.953216906191642,-1.2400605468438133
251,1561809600,266,201,-65,467,26,0.21741610866953573,-0.3647236902481804
251,1561824000,400,253,-147,653,26,-0.5561180630844735,0.05061471619770658
251,1561838400,351,234,-117,585,26,-0.2731177563452018,-0.1012294323954134
251,1561852800,190,150,-40,340,26,0.45324969761892875,-0.6483149677676839
251,1561867200,27,39,12,66,26,0.9437835626336664,-1.2601575665105498
251,1561881600,28,51,23,79,26,1.0475503417713992,-1.2311285381030415
251,1561896000,219,212,-7,431,26,0.7645500350321276,-0.4451117689151263
251,1561910400,427,274,-153,701,26,-0.6127181244323279,0.15779882108696774
251,1561924800,357,290,-67,647,26,0.19854942155358427,0.03721670308654893
251,1561939200,171,145,-26,316,26,0.5853165074305889,-0.7019070202123145
251,1561953600,20,34,14,54,26,0.9626502497496178,-1.286953592732865
251,1561968000,178,167,-11,345,26,0.7268166608002247,-0.6371499568417193
251,1561982400,684,441,-243,1125,26,-1.461719044650143,1.1045917476087748
251,1561996800,506,328,-178,834,26,-0.8485517133817209,0.4547881117176289
251,1562011200,745,510,-235,1255,26,-1.3862522961863373,1.394882031683857
251,1562025600,263,204,-59,467,27,0.05528253166719286,-0.013028541081527192
251,1562040000,19,22,3,41,27,0.8640224893153395,-1.1670218927185827
251,1562054400,184,172,-12,356,27,0.6683595963359492,-0.31371694960667545
251,1562068800,697,455,-242,1152,27,-2.331804762681369,1.8425710971142073
251,1562083200,523,325,-198,848,27,-1.7578602766084908,1.0190641043966844
251,1562097600,688,505,-183,1193,27,-1.5621973836291005,1.9536361849478205
251,1562112000,229,214,-15,443,27,0.6292270177400712,-0.0780422510329106
251,1562126400,23,26,3,49,27,0.8640224893153395,-1.1453506560681215
251,1562140800,176,205,29,381,27,1.2031715038129494,-0.24599433507398438
251,1562155200,640,515,-125,1155,27,-0.8056341974421246,1.8506978108581302
251,1562169600,571,363,-208,934,27,-1.8883022052614178,1.2520298983891416
251,1562184000,651,445,-206,1096,27,-1.8622138195308324,1.6908724405609794
251,1562198400,220,210,-10,430,27,0.6944479820665346,-0.11325801058990995
251,1562212800,24,34,10,58,27,0.9553318393723884,-1.1209705148363527
251,1562227200,40,46,6,86,27,0.9031550679112176,-1.0451211865597387
251,1562241600,199,145,-54,344,27,0.1205034959936563,-0.3462238045823671
251,1562256000,291,234,-57,525,27,0.08137091739777824,0.14408792463431602
251,1562270400,310,178,-132,488,27,-0.8969435474991734,0.04385845512593328
251,1562284800,153,134,-19,287,27,0.5770502462789004,-0.5006313657169027
251,1562299200,11,40,29,51,27,1.2031715038129494,-1.1399328469055061
251,1562313600,73,118,45,191,27,1.4118785896576325,-0.7606862055224364
251,1562328000,365,310,-55,675,27,0.10745930312836362,0.5504236118304623
251,1562342400,416,300,-116,716,27,-0.6882364616544904,0.6614886996640756
251,1562356800,543,338,-205,881,27,-1.8491696266655397,1.1084579555798366
251,1562371200,171,138,-33,309,27,0.39443154616480275,-0.4410354649281346
251,1562385600,33,36,3,69,27,0.8640224893153395,-1.0911725644419688
251,1562400000,30,40,10,70,27,0.9553318393723884,-1.088463659860661
251,1562414400,244,158,-86,402,27,-0.2969106756957097,-0.18910733886652392
251,1562428800,234,168,-66,402,27,-0.03602681838985596,-0.18910733886652392
251,1562443200,227,145,-82,372,27,-0.24473390423453897,-0.2703744763057532
251,1562457600,134,100,-34,234,27,0.38138735329951007,-0.6442033085262078
251,1562472000,35,29,-6,64,27,0.7466247535277053,-1.1047170873485068
251,1562486400,14,42,28,56,27,1.1901273109476567,-1.126388323998968
251,1562500800,123,116,-7,239,27,0.7335805606624126,-0.6306587856196695
251,1562515200,266,159,-107,425,27,-0.5708387258668562,-0.12680253349644816
251,1562529600,273,187,-86,460,27,-0.2969106756957097,-0.031990873150680686
251,1562544000,142,107,-35,249,27,0.3683431604342174,-0.6035697398065931
251,1562558400,23,21,-2,44,27,0.7988015249888761,-1.1588951789746598
251,1562572800,186,179,-7,365,27,0.7335805606624126,-0.28933680837490666
251,1562587200,662,494,-168,1156,27,-1.36653449064971,1.8534067154394378
251,1562601600,465,346,-119,811,27,-0.7273690402503684,0.9188346348883016
251,1562616000,665,577,-88,1242,27,-0.3229990614262951,2.0863725094318952
251,1562630400,216,217,1,433,28,0.9819231024844236,-0.39246990469206594
251,1562644800,16,21,5,37,28,1.0258898085658157,-1.3260453415968771
251,1562659200,238,167,-71,405,28,0.19052239301936574,-0.45848028911967886
251,1562673600,708,513,-195,1221,28,-1.1724454955037895,1.4652509141993262
251,1562688000,534,360,-174,894,28,-0.941620288576481,0.6943439246339896
251,1562702400,785,564,-221,1349,28,-1.4582290850328383,1.7670126715826995
251,1562716800,236,211,-25,447,28,0.6961395129553749,-0.35946471247825945
251,1562731200,34,21,-13,55,28,0.8280396311995513,-1.2836100944648403
251,1562745600,242,195,-47,437,28,0.45432262950771835,-0.38303984977383554
251,1562760000,721,524,-197,1245,28,-1.1944288485444856,1.5218312437087087
251,1562774400,512,355,-157,867,28,-0.7547617877305645,0.6306910539359343
251,1562788800,681,508,-173,1189,28,-0.9306286120561329,1.3898104748534827
251,1562803200,264,244,-20,508,28,0.751097895557115,-0.21565637497524562
251,1562817600,29,31,2,60,28,0.9929147790047717,-1.2718225258170524
251,1562832000,201,177,-24,378,28,0.707131189475723,-0.5221331598177341
251,1562846400,722,475,-247,1197,28,-1.744012674561887,1.4086705846899437
251,1562860800,559,364,-195,923,28,-1.1724454955037895,0.7627118227911601
251,1562875200,613,512,-101,1125,28,-0.13922790259107504,1.238929596161796
251,1562889600,159,242,83,401,28,1.8832405771529614,-0.46791034403790926
251,1562904000,17,24,7,41,28,1.0478731616065118,-1.3166152866786467
251,1562918400,185,165,-20,350,28,0.751097895557115,-0.5881435442453471
251,1562932800,649,500,-149,1149,28,-0.6668283755677803,1.2955099256711786
251,1562947200,530,379,-151,909,28,-0.6888117286084764,0.7297066305773536
251,1562961600,721,426,-295,1147,28,-2.2716131475385923,1.2907948982120634
251,1562976000,266,191,-75,457,28,0.14655568693797363,-0.3358895751826834
251,1562990400,43,48,5,91,28,1.0258898085658157,-1.1987396002007666
251,1563004800,36,58,22,94,28,1.2127483094117322,-1.1916670590120937
251,1563019200,263,203,-60,466,28,0.311430834743194,-0.314671951616665
251,1563033600,378,253,-125,631,28,-0.4030281390794277,0.0743178137603397
251,1563048000,385,257,-128,642,28,-0.4360031686404717,0.10025046478547335
251,1563062400,58,78,20,136,28,1.190764956371036,-1.0926514823706743
251,1563076800,23,26,3,49,28,1.0039064555251196,-1.297755176842186
251,1563091200,25,45,20,70,28,1.190764956371036,-1.2482473885214762
251,1563105600,199,162,-37,361,28,0.5642393947111987,-0.5622108932202134
251,1563120000,385,259,-126,644,28,-0.4140198155997757,0.10496549224458855
251,1563134400,390,237,-153,627,28,-0.7107950816491724,0.06488775884210929
251,1563148800,218,129,-89,347,28,-0.007327784346898736,-0.5952160854340199
251,1563163200,32,26,-6,58,28,0.9049813668419874,-1.2765375532761676
251,1563177600,197,177,-20,374,28,0.751097895557115,-0.5315632147359646
251,1563192000,677,513,-164,1190,28,-0.8317035233730007,1.3921679885830405
251,1563206400,520,326,-194,846,28,-1.1614538189834414,0.5811832656152246
251,1563220800,777,551,-226,1328,28,-1.5131874676345785,1.71750488326199
251,1563235200,230,232,2,462,29,0.8334240506196063,-0.29960445716879475
251,1563249600,38,22,-16,60,29,0.6662083971513414,-1.2193356671393276
251,1563264000,196,174,-22,370,29,0.610469845995253,-0.5100902067142898
251,1563278400,683,446,-237,1129,29,-1.386828237097912,1.2264172270360445
251,1563292800,548,384,-164,932,29,-0.7086758646988374,0.7757031763788431
251,1563307200,744,528,-216,1272,29,-1.1917433080516027,1.5535852942643682
251,1563321600,224,239,15,463,29,0.9541909114577977,-0.2973165685867785
251,1563336000,35,26,-9,61,29,0.7312367068334444,-1.2170477785573113
251,1563350400,227,188,-39,415,29,0.45254395105300277,-0.40713522052355855
251,1563364800,688,512,-176,1200,29,-0.820152967011014,1.3888573163591982
251,1563379200,514,366,-148,880,29,-0.5600397282826018,0.656732970113998
251,1563393600,704,567,-137,1271,29,-0.4578523844964399,1.551297405682352
251,1563408000,179,243,64,422,29,1.4093890792325192,-0.3911200004494448
251,1563422400,17,32,15,49,29,0.9541909114577977,-1.2445024415415062
251,1563436800,176,188,12,364,29,0.9263216358797536,-0.5238175382063873
251,1563451200,703,449,-254,1152,29,-1.544754132040162,1.2790386644224183
251,1563465600,500,328,-172,828,29,-0.7829939329069551,0.537762763849153
251,1563480000,681,513,-168,1194,29,-0.7458348988028962,1.3751299848671008
251,1563494400,234,220,-14,454,29,0.6847879142033708,-0.31790756582492474
251,1563508800,21,24,3,45,29,0.8427138091456211,-1.2536539958695714
251,1563523200,202,152,-50,354,29,0.35035660726684087,-0.5466964240265498
251,1563537600,663,478,-185,1141,29,-0.9037607937451465,1.2538718900202395
251,1563552000,517,360,-157,877,29,-0.6436475550167343,0.6498693043679493
251,1563566400,1134,617,-517,1751,29,-3.987960624382034,2.6494839250501525
251,1563580800,274,236,-38,510,29,0.4618337095790175,-0.18978580523201471
251,1563595200,41,53,12,94,29,0.9263216358797536,-1.141547455350775
251,1563609600,39,47,8,86,29,0.8891626017756946,-1.159850564006905
251,1563624000,228,195,-33,423,29,0.5082825022090911,-0.38883211186742855
251,1563638400,331,211,-120,542,29,-0.2999264895541896,-0.1165733706074947
251,1563652800,295,199,-96,494,29,-0.07697228492983632,-0.22639202254427473
251,1563667200,194,126,-68,320,29,0.18314095379857587,-0.6244846358151024
251,1563681600,26,31,5,57,29,0.8612933261976505,-1.2261993328853762
251,1563696000,27,48,21,75,29,1.009929462613886,-1.1850173384090839
251,1563710400,158,144,-14,302,29,0.6847879142033708,-0.6656666302913948
251,1563724800,330,230,-100,560,29,-0.1141313190338952,-0.07539137613120218
251,1563739200,299,208,-91,507,29,-0.03052349229976271,-0.19664947097806348
251,1563753600,151,106,-45,257,29,0.39680539989691443,-0.7686216164821261
251,1563768000,26,21,-5,47,29,0.7683957409375033,-1.2490782187055387
251,1563782400,205,186,-19,391,29,0.6383391215732972,-0.46204454649194854
251,1563796800,691,468,-223,1159,29,-1.2567716177337058,1.295053884496532
251,1563811200,487,352,-135,839,29,-0.4392728674444104,0.5629295382513317
251,1563825600,634,461,-173,1095,29,-0.7922836914329698,1.1486290152474918
251,1563840000,133,162,29,295,30,1.2185705932203656,-0.6223479098817607
251,1563854400,18,19,1,37,30,0.8739243648348076,-1.2414960875790393
251,1563868800,213,179,-34,392,30,0.44311657935286025,-0.38956739346069086
251,1563883200,691,452,-239,1143,30,-2.0801861641842607,1.4126817594488295
251,1563897600,489,354,-135,843,30,-0.800071601609331,0.6927420179403658
251,1563912000,672,533,-139,1205,30,-0.8493067770929821,1.561469306027245
251,1563926400,178,197,19,375,30,1.0954826545112377,-0.43036397881283717
251,1563940800,25,20,-5,45,30,0.800071601609331,-1.2222976944721469
251,1563955200,218,184,-34,402,30,0.44311657935286025,-0.36556940207707544
251,1563969600,724,497,-227,1221,30,-1.932480637733307,1.59986609224103
251,1563984000,486,333,-153,819,30,-1.021629891285761,0.6351468386196888
251,1563998400,708,527,-181,1235,30,-1.3662761196713191,1.6334632801780915
251,1564012800,285,211,-74,496,30,-0.04923517548365114,-0.1399882830710902
251,1564027200,18,19,1,37,30,0.8739243648348076,-1.2414960875790393
251,1564041600,186,180,-6,366,30,0.7877628077384182,-0.45196217105809106
251,1564056000,675,486,-189,1161,30,-1.4647464706386213,1.4558781439393371
251,1564070400,520,342,-178,862,30,-1.3293497380585806,0.7383382015692352
251,1564084800,686,576,-110,1262,30,-0.49235175483651133,1.6982578569138531
251,1564099200,236,202,-34,438,30,0.44311657935286025,-0.27917663309605983
251,1564113600,20,26,6,46,30,0.9354683341893716,-1.2198978953337853
251,1564128000,162,164,2,326,30,0.8862331587057205,-0.5479541365925529
251,1564142400,573,433,-140,1006,30,-0.8616155709638949,1.0839092774932977
251,1564156800,502,343,-159,845,30,-1.0954826545112377,0.697541616217089
251,1564171200,629,457,-172,1086,30,-1.255496974833104,1.2758932085622212
251,1564185600,187,173,-14,360,30,0.689292456771116,-0.4663609658882603
251,1564200000,34,36,2,70,30,0.8862331587057205,-1.1623027160131083
251,1564214400,18,42,24,60,30,1.1570266238658018,-1.1863007073967238
251,1564228800,154,133,-21,287,30,0.6031308996747264,-0.6415463029886531
251,1564243200,279,213,-66,492,30,0.04923517548365114,-0.1495874796245364
251,1564257600,280,197,-83,477,30,-0.1600143203218662,-0.18558446669995957
251,1564272000,159,139,-20,298,30,0.6154396935456392,-0.6151485124666761
251,1564286400,36,59,23,95,30,1.144717829994889,-1.1023077375540697
251,1564300800,18,48,30,66,30,1.2308793870912784,-1.1719019125665546
251,1564315200,102,118,16,220,30,1.0585562728984994,-0.8023328452588766
251,1564329600,249,201,-48,450,30,0.27079346516008124,-0.25037904343572126
251,1564344000,282,222,-60,504,30,0.12308793870912783,-0.12078988996419786
251,1564358400,140,106,-34,246,30,0.44311657935286025,-0.7399380676614764
251,1564372800,27,24,-3,51,30,0.8246891893511565,-1.2078988996419777
251,1564387200,205,164,-41,369,30,0.35695502225647074,-0.4447627736430064
251,1564401600,733,480,-253,1213,30,-2.2525092783770395,1.5806676991341375
251,1564416000,476,349,-127,825,30,-0.7016012506420287,0.649545633449858
251,1564430400,685,571,-114,1256,30,-0.5415869303201625,1.683859062083684
251,1564444800,160,158,-2,318,31,0.782237061312414,-0.7377415466229666
251,1564459200,11,19,8,30,31,0.9079817999024873,-1.4213813871187362
251,1564473600,196,168,-28,364,31,0.45530074097822354,-0.6285490720993367
251,1564488000,616,491,-125,1107,31,-0.7644232233454871,1.1351467664019024
251,1564502400,449,337,-112,786,31,-0.6009550631783919,0.3731731941826591
251,1564516800,656,541,-115,1197,31,-0.6386784847554138,1.3487842165568305
251,1564531200,179,203,24,382,31,1.1091733816466045,-0.5858215820683511
251,1564545600,9,15,6,24,31,0.8828328521844726,-1.4356238837957316
251,1564560000,215,153,-62,368,31,0.027768629771974453,-0.6190540743146733
251,1564574400,719,465,-254,1184,31,-2.386530351157432,1.3179254737566741
251,1564588800,512,335,-177,847,31,-1.418295864013868,0.517971910398777
251,1564603200,614,518,-96,1132,31,-0.39976348143427465,1.194490502556049
251,1564617600,147,173,26,320,31,1.1343223293646192,-0.7329940477306349
251,1564632000,11,18,7,29,31,0.89540732604348,-1.4237551365649022
251,1564646400,176,173,-3,349,31,0.7696625874534067,-0.6641553137918248
251,1564660800,651,485,-166,1136,31,-1.2799766515647875,1.2039855003407125
251,1564675200,427,348,-79,775,31,-0.1859974258311501,0.34706195027483455
251,1564689600,672,527,-145,1199,31,-1.0159127005256336,1.3535317154491622
251,1564704000,173,148,-25,321,31,0.4930241625552455,-0.7306202982844691
251,1564718400,9,19,10,28,31,0.9331307476205019,-1.4261288860110681
251,1564732800,129,192,63,321,31,1.5995778621478902,-0.7306202982844691
251,1564747200,539,486,-53,1025,31,0.1409388945030404,0.9404993118163013
251,1564761600,429,364,-65,793,31,-0.009954791805047526,0.38978944030582013
251,1564776000,617,439,-178,1056,31,-1.4308703378728753,1.014085544647443
251,1565395200,9961,9241,-720,19202,32,-3.669628192908974,4.109160187375809
251,1565409600,23,50,27,73,32,0.8579750996083745,-0.3387871431081119
251,1565424000,46,48,2,94,32,0.7064488849993602,-0.33390414379083644
251,1565438400,286,181,-105,467,32,0.057916686472778825,-0.2471727749649437
251,1565452800,395,290,-105,685,32,0.057916686472778825,-0.1964825915760841
251,1565467200,430,249,-181,679,32,-0.40272300593862476,-0.19787773423816282
251,1565481600,203,164,-39,367,32,0.4579458930405767,-0.27042515266625544
251,1565496000,29,51,22,80,32,0.8276698566865716,-0.3371594766690201
251,1565510400,31,63,32,94,32,0.8882803425301773,-0.33390414379083644
251,1565524800,263,177,-86,440,32,0.17307660957562973,-0.25345091694429783
251,1565539200,442,295,-147,737,32,-0.19664735407036527,-0.184391355171402
251,1565553600,409,267,-142,676,32,-0.1663421111485624,-0.19857530556920217
251,1565568000,171,117,-54,288,32,0.3670301642751681,-0.2887945310502917
251,1565582400,33,20,-13,53,32,0.6155331562339516,-0.34343761864837424
251,1565596800,191,161,-30,352,32,0.5124953302998219,-0.2739130093214522
251,1565611200,683,452,-231,1135,32,-0.7057754351566534,-0.09184689192018133
251,1565625600,493,353,-140,846,32,-0.15422001397984125,-0.15904626347697223
251,1565640000,712,560,-152,1272,32,-0.22695259699216813,-0.05999113446938426
251,1565654400,221,212,-9,433,33,0.8858247381947374,-0.6113088406406177
251,1565668800,25,24,-1,49,33,0.9390346883388582,-1.361939231008632
251,1565683200,186,147,-39,333,33,0.6862874251542846,-0.8067855047989547
251,1565683369,5,1,-4,6,33,0.9190809570348129,-1.445994196596717
251,1565697600,648,452,-196,1100,33,-0.35795784642408496,0.6925205092954904
251,1565712000,475,331,-144,806,33,-0.012093170487300135,0.11781911666997946
251,1565726400,649,518,-131,1167,33,0.07437299849689608,0.8234898742815762
251,1565740800,210,214,4,424,33,0.9722909071789336,-0.628901740414868
251,1565755200,17,22,5,39,33,0.9789421509469487,-1.3814868974244656
251,1565769600,187,151,-36,338,33,0.7062411564583299,-0.7970116715910379
251,1565784000,652,497,-155,1149,33,-0.08525685193546616,0.7883040747330755
251,1565798400,573,350,-223,923,33,-0.5375414281604924,0.3465268137352338
251,1565812800,677,560,-117,1237,33,0.16749041124910738,0.9603235391924121
251,1565827200,237,203,-34,440,33,0.7195436439943601,-0.5976254741495342
251,1565841600,21,21,0,42,33,0.9456859321068732,-1.3756225974997156
251,1565856000,185,140,-45,325,33,0.646379962546194,-0.8224236379316217
251,1565870400,666,442,-224,1108,33,-0.5441926719285076,0.7081586424281573
251,1565884800,572,341,-231,913,33,-0.5907513783046132,0.3269791473194001
251,1565899200,685,489,-196,1174,33,-0.35795784642408496,0.8371732407726598
251,1565913600,233,232,-1,465,33,0.9390346883388582,-0.5487563081099498
251,1565928000,22,32,10,54,33,1.0121983697870243,-1.352165397800715
251,1565942400,146,145,-1,291,33,0.9390346883388582,-0.8888857037454563
251,1565945984,233,170,-63,403,33,0.5266575747219224,-0.6699518398881188
251,1565956800,556,345,-211,901,33,-0.4577265029443114,0.30352194762039963
251,1565971200,545,348,-197,893,33,-0.3646090901921001,0.2878838144877327
251,1565985600,700,393,-307,1093,33,-1.0962459046737603,0.6788371428044068
251,1566000000,187,175,-12,362,33,0.8658710068906921,-0.750097272193037
251,1566014400,181,143,-38,324,33,0.6929386689222997,-0.8243784045732051
251,1566028800,272,145,-127,417,33,0.10097797356895645,-0.6425851069059516
251,1566043200,1014,570,-444,1584,33,-2.007466300891828,1.6386275638218417
251,1566057600,1234,639,-595,1873,33,-3.011804109862107,2.2035551232394357
251,1566072000,1175,631,-544,1806,33,-2.6725906776933375,2.07258575825335
251,1566086400,647,357,-290,1004,33,-0.9831747606175038,0.5048629117034868
251,1566100800,126,143,17,269,33,1.0587570761631298,-0.9318905698602904
251,1566115200,142,124,-18,266,33,0.8259635442826015,-0.9377548697850405
251,1566129600,736,428,-308,1164,33,-1.1028971484417753,0.817625574356826
251,1566144000,1095,667,-428,1762,33,-1.9010464006035865,1.9865760260236816
251,1566158400,813,614,-199,1427,33,-0.3779115777281302,1.3317292010932524
251,1566172800,493,291,-202,784,33,-0.39786530903217554,0.07481425055514532
251,1566187200,95,88,-7,183,33,0.8991272257307676,-1.1000005010364604
251,1566201600,178,154,-24,332,33,0.786056081674511,-0.8087402714405381
251,1566216000,644,452,-192,1096,33,-0.33135287135202457,0.6847014427291569
251,1566230400,516,352,-164,868,33,-0.145118045847602,0.23901464844814843
251,1566244800,660,525,-135,1185,33,0.0477680234248357,0.8586756738300768
251,1566259200,226,186,-40,412,34,0.6452849787199633,-0.6950717085387215
251,1566273600,23,21,-2,44,34,0.8897366345559617,-1.4436626309256269
251,1566288000,190,160,-30,350,34,0.7096143618346997,-0.821193005245211
251,1566302400,692,431,-261,1123,34,-0.776394388115712,0.7512547746598921
251,1566316800,474,337,-137,811,34,0.02128996250701983,0.11657986220142875
251,1566331200,631,564,-67,1195,34,0.4715956443101749,0.8977182159964605
251,1566345600,238,208,-30,446,34,0.7096143618346997,-0.625908416796453
251,1566360000,20,25,5,45,34,0.9347672027362773,-1.441628416462619
251,1566374400,181,156,-25,337,34,0.741779053392068,-0.8476377932643135
251,1566388800,679,415,-264,1094,34,-0.795693203050133,0.6922625552326631
251,1566403200,478,317,-161,795,34,-0.13310055696834763,0.08403243079330243
251,1566417600,612,439,-173,1051,34,-0.21029581670603137,0.6047913333233236
251,1566432000,187,195,8,382,34,0.9540660176706982,-0.7560981424289583
251,1566446400,13,27,14,40,34,0.9926636475395401,-1.4517994887776584
251,1566460800,156,162,6,318,34,0.941200141047751,-0.8862878680614635
251,1566475200,643,431,-212,1074,34,-0.4611804108535035,0.6515782659725052
251,1566489600,477,302,-175,779,34,-0.22316169332897864,0.0514849993851761
251,1566504000,624,542,-82,1166,34,0.37510156963807023,0.8387259965692315
251,1566518400,227,221,-6,448,34,0.8640048813100673,-0.6218399878704373
251,1566532800,24,31,7,55,34,0.9476330793592246,-1.42128627183254
251,1566547200,145,145,0,290,34,0.9026025111789091,-0.9432458730256846
251,1566561600,568,397,-171,965,34,-0.19742994008308407,0.4298488895046446
251,1566576000,494,345,-149,839,34,-0.0559052972306639,0.1735378671656498
251,1566590400,601,373,-228,974,34,-0.5641074238370818,0.44815681967171567
251,1566604800,208,173,-35,381,34,0.6774496702773315,-0.7581323568919662
251,1566619200,169,209,40,378,34,1.1599200436378547,-0.7642350002809899
251,1566633600,253,137,-116,390,34,0.15638166704796636,-0.7398244267248951
251,1566648000,911,537,-374,1448,34,-1.5033164173122338,1.412374475137458
251,1566662400,1174,587,-587,1761,34,-2.87353227765612,2.0490836020589294
251,1566676800,1135,564,-571,1699,34,-2.770605264672542,1.9229623053524396
251,1566691200,604,418,-186,1022,34,-0.29392401475518876,0.5457991138960946
251,1566705600,140,158,18,298,34,1.0183954007854346,-0.9269721573216215
251,1566720000,149,125,-24,274,34,0.7482119917035416,-0.975793304433811
251,1566734400,746,416,-330,1162,34,-1.2202671316073934,0.8305891387172
251,1566748800,1112,716,-396,1828,34,-1.644841060164654,2.1853759710804583
251,1566763200,968,577,-391,1545,34,-1.6126763686072858,1.609693278049224
251,1566777600,519,325,-194,844,34,-0.34538752124697786,0.18370893948068928
251,1566792000,93,79,-14,172,34,0.812541374818278,-1.1832831796606162
251,1566806400,166,183,17,349,34,1.011962462473961,-0.8232272197082189
251,1566820800,610,434,-176,1044,34,-0.2295946316404523,0.5905518320822684
251,1566835200,498,344,-154,842,34,-0.08806998878803211,0.1796405105546735
251,1566849600,716,469,-247,1185,34,-0.686333251755081,0.8773760713663815
251,1566864000,223,169,-54,392,35,0.3112668878038913,-0.42094521308107047
251,1566878400,27,34,7,61,35,1.0220206904363063,-1.2977777501282748
251,1566892800,188,170,-18,358,35,0.7307281483738411,-0.5110126035934721
251,1566907200,656,472,-184,1128,35,-1.2034543309209276,1.5287488874226827
251,1566921600,517,360,-157,877,35,-0.8888583854934652,0.8638396221693647
251,1566936000,809,511,-298,1320,35,-2.5317483227257687,2.0373647397280097
251,1566950400,243,199,-44,442,35,0.42778390462887733,-0.28849316820989157
251,1566964800,22,30,8,52,35,1.033672392118805,-1.321619118205087
251,1566979200,178,165,-13,343,35,0.7889866567863342,-0.5507482170548258
251,1566993600,650,490,-160,1140,35,-0.923813490540961,1.5605373781917655
251,1567008000,531,338,-193,869,35,-1.308319646063415,0.842647294989976
251,1567022400,677,482,-195,1159,35,-1.3316230494284123,1.6108691552428136
251,1567036800,231,195,-36,426,35,0.5209975180888662,-0.3308778225686688
251,1567051200,29,33,4,62,35,0.9870655853888104,-1.295128709230851
251,1567065600,170,154,-16,324,35,0.7540315517388383,-0.6010799941058738
251,1567080000,645,486,-159,1131,35,-0.9121617888584624,1.5366960101149534
251,1567094400,541,404,-137,945,35,-0.6558243518434931,1.043974403194168
251,1567108800,659,418,-241,1077,35,-1.867601326823348,1.3936478016540803
251,1567123200,291,213,-78,504,35,0.03162604742392472,-0.12425263256962978
251,1567137600,34,32,-2,66,35,0.9171553752938189,-1.2845325456411567
251,1567152000,146,151,5,297,35,0.998717287071309,-0.6726040983363103
251,1567166400,536,415,-121,951,35,-0.4693971249235154,1.0598686485787094
251,1567180800,551,375,-176,926,35,-1.1102407174609388,0.99364262614312
251,1567195200,635,388,-247,1023,35,-1.9375115369183395,1.250599593193207
251,1567209600,205,161,-44,366,35,0.42778390462887733,-0.4898202764140835
251,1567224000,35,53,18,88,35,1.150189408943791,-1.2262536458978381
251,1567238400,51,65,14,116,35,1.1035826022137964,-1.152080500769978
251,1567252800,277,251,-26,528,35,0.6375145349138522,-0.060675651031463905
251,1567267200,453,329,-124,782,35,-0.5043522299710111,0.6121807369141248
251,1567281600,459,313,-146,772,35,-0.7606896669859805,0.5856903279398891
251,1567296000,176,156,-20,332,35,0.7074247450088439,-0.5798876669264851
251,1567310400,27,35,8,62,35,1.033672392118805,-1.295128709230851
251,1567324800,24,55,31,79,35,1.301661530816273,-1.2500950139746503
251,1567339200,247,186,-61,433,35,0.22970497602640103,-0.31233453628670377
251,1567353600,401,293,-108,694,35,-0.3179250030510335,0.37906513794085
251,1567368000,450,309,-141,759,35,-0.7024311585734875,0.5512527962733825
251,1567382400,186,151,-35,337,35,0.5326492197713648,-0.5666424624393672
251,1567396800,29,44,15,73,35,1.115234303896295,-1.2659892593591917
251,1567411200,30,66,36,96,35,1.3599200392287658,-1.2050613187184496
251,1567425600,274,205,-69,479,35,0.13649136256641217,-0.1904786550052192
251,1567440000,375,288,-87,663,35,-0.07323926771856273,0.2969448701207191
251,1567454400,376,230,-146,606,35,-0.7606896669859805,0.14594953896757515
251,1567468800,153,100,-53,253,36,0.41662829116974953,-0.8714335294280059
251,1567483200,25,23,-2,48,36,0.8586380978490975,-1.327240751855266
251,1567497600,202,195,-7,397,36,0.8153038030766124,-0.5512567487961744
251,1567512000,679,466,-213,1145,36,-0.9700691415497735,1.1118837505969508
251,1567526400,553,372,-181,925,36,-0.6927296550058689,0.6227247801872081
251,1567540800,755,489,-266,1244,36,-1.4294126661381157,1.332005287281335
251,1567555200,214,182,-32,396,36,0.598632329214187,-0.5534801986616732
251,1567569600,25,28,3,53,36,0.9019723926215827,-1.316123502527772
251,1567584000,215,222,7,437,36,0.9366398284395707,-0.4623187541762211
251,1567598400,773,514,-259,1287,36,-1.3687446534566365,1.4276136314977848
251,1567612800,554,367,-187,921,36,-0.744730808732851,0.6138309807252128
251,1567627200,796,457,-339,1253,36,-2.062093369816398,1.3520163360708244
251,1567641600,202,231,29,433,36,1.127310725438505,-0.47121255363821646
251,1567656000,25,25,0,50,36,0.8759718157580916,-1.3227938521242684
251,1567670400,261,363,102,624,36,1.7599914291167875,-0.04653362932793984
251,1567684800,780,556,-224,1336,36,-1.0654045900492408,1.5365626749072274
251,1567699200,653,404,-249,1057,36,-1.2820760639116664,0.9162201624330537
251,1567713600,792,494,-298,1286,36,-1.7067521526820204,1.4253901816322858
251,1567728000,217,194,-23,411,36,0.6766340598046602,-0.5201284506791907
251,1567742400,22,39,17,61,36,1.0233084179845409,-1.2983359036037814
251,1567756800,255,258,3,513,36,0.9019723926215827,-0.29333656439831
251,1567771200,765,575,-190,1340,36,-0.7707313855963421,1.5454564743692227
251,1567785600,633,459,-174,1092,36,-0.6320616423243898,0.9940409077255128
251,1567800000,685,498,-187,1183,36,-0.744730808732851,1.1963748454859062
251,1567814400,190,194,4,384,36,0.9106392515760796,-0.5801615970476591
251,1567828800,27,38,11,65,36,0.9713072642575588,-1.289442104141786
251,1567843200,43,46,3,89,36,0.9019723926215827,-1.236079307369814
251,1567857600,285,205,-80,490,36,0.18262309939833002,-0.3444759113047831
251,1567872000,444,301,-143,745,36,-0.3633890147349822,0.22250380439741863
251,1567886400,447,248,-199,695,36,-0.8487331161868152,0.11133131112247711
251,1567900800,201,145,-56,346,36,0.3906277143062585,-0.6646526919366147
251,1567915200,37,58,21,95,36,1.057975853802529,-1.222738608176821
251,1567929600,42,54,12,96,36,0.9799741232120558,-1.2205151583113223
251,1567944000,265,190,-75,455,36,0.22595739417081512,-0.4222966565972422
251,1567958400,468,278,-190,746,36,-0.7707313855963421,0.22472725426291745
251,1567972800,392,215,-177,607,36,-0.6580622191878809,-0.08433227704141996
251,1567987200,152,114,-38,266,36,0.5466311754872049,-0.8425286811765211
251,1568001600,17,19,2,36,36,0.8933055336670856,-1.3539221502412522
251,1568016000,253,315,62,568,36,1.4133170709369067,-0.17104682179587435
251,1568030400,743,543,-200,1286,36,-0.8573999751413123,1.4253901816322858
251,1568044800,610,388,-222,998,36,-1.0480708721402467,0.7850366203686227
251,1568059200,816,559,-257,1375,36,-1.3514109355476425,1.6232772196616818
251,1568073600,193,172,-21,365,37,0.6082256103472877,-0.7219805628979091
251,1568088000,23,22,-1,45,37,0.7748084315705422,-1.3968132192264366
251,1568102400,282,347,65,629,37,1.3245317416072824,-0.16524362142687388
251,1568116800,794,568,-226,1362,37,-1.0992483071910715,1.3805449319756595
251,1568131200,616,412,-204,1028,37,-0.9160072038454914,0.6761883469327589
251,1568145600,803,594,-209,1397,37,-0.9576529091513051,1.4543547537615922
251,1568160000,216,202,-14,418,37,0.6665295977754268,-0.6102114041934967
251,1568174400,21,28,7,49,37,0.841441560059844,-1.3883778110223302
251,1568188800,284,320,36,604,37,1.0829866508335633,-0.21796492270254011
251,1568203200,835,589,-246,1424,37,-1.265831128414326,1.5112937591393116
251,1568217600,627,405,-222,1032,37,-1.0659317429464206,0.6846237551368655
251,1568232000,850,558,-292,1408,37,-1.6489716172278115,1.4775521263228855
251,1568246400,207,206,-1,413,37,0.7748084315705422,-0.62075566444863
251,1568260800,28,22,-6,50,37,0.7331627262647287,-1.3862689589713035
251,1568275200,270,270,0,540,37,0.783137572631705,-0.3529314539682456
251,1568289600,807,610,-197,1417,37,-0.8577032164173524,1.4965317947821253
251,1568304000,607,435,-172,1042,37,-0.6494746898882842,0.705712275647132
251,1568318400,786,485,-301,1271,37,-1.723933886778276,1.1886393953322345
251,1568332800,185,249,64,434,37,1.3162026005461196,-0.5764697713770703
251,1568347200,24,27,3,51,37,0.8081249958151931,-1.3841601069202767
251,1568361600,252,311,59,563,37,1.274556895240306,-0.3044278567946327
251,1568376000,722,536,-186,1258,37,-0.7660826647445623,1.161224318668888
251,1568390400,612,453,-159,1065,37,-0.5411958560931687,0.7542158728207449
251,1568404800,817,464,-353,1281,37,-2.157049221958738,1.209727915842501
251,1568419200,221,204,-17,425,37,0.6415421745919386,-0.5954494398363102
251,1568433600,48,45,-3,93,37,0.7581501494482168,-1.2955883207771575
251,1568448000,42,71,29,113,37,1.024682663405424,-1.2534112797566246
251,1568462400,307,274,-33,581,37,0.508275917613335,-0.266468519876153
251,1568476800,503,431,-72,934,37,0.1834394162279886,0.4779562541362539
251,1568491200,461,297,-164,758,37,-0.5828415613989824,0.10679829315556377
251,1568505600,214,161,-53,375,37,0.34169309639008044,-0.7008920423876426
251,1568520000,50,45,-5,95,37,0.7414918673258913,-1.2913706166751042
251,1568534400,48,75,27,123,37,1.0080243812830987,-1.2323227592463581
251,1568548800,272,288,16,560,37,0.9164038296103086,-0.31075441294771267
251,1568563200,531,381,-150,912,37,-0.46623358654270414,0.4315615090136677
251,1568577600,508,341,-167,849,37,-0.6078289845824705,0.2987038297989888
251,1568592000,197,109,-88,306,37,0.05017315924938496,-0.8464028339084814
251,1568606400,27,33,6,60,37,0.8331124189986814,-1.3651804384610369
251,1568620800,260,286,26,546,37,0.9996952402219359,-0.3402783416620857
251,1568635200,745,582,-163,1327,37,-0.5745124203378196,1.3067351101897269
251,1568649600,630,406,-224,1036,37,-1.082590025068746,0.6930591633409721
251,1568664000,904,566,-338,1470,37,-2.0321121060412968,1.6083009534865376
251,1568678400,212,206,-6,418,38,0.7846776682144009,-0.5866576038048833
251,1568692800,29,29,0,58,38,0.8272204333585552,-1.3427318425987662
251,1568707200,275,331,56,606,38,1.2242862413706617,-0.19181883465696667
251,1568721600,807,500,-307,1307,38,-1.3495510498506713,1.280425724772233
251,1568736000,615,432,-183,1047,38,-0.4703339035381499,0.7343721078655399
251,1568750400,866,511,-355,1377,38,-1.6898931710039053,1.4274401600932658
251,1568764800,233,234,1,467,38,0.8343108942159142,-0.48374749908016035
251,1568779200,22,16,-6,38,38,0.7846776682144009,-1.384735966976204
251,1568793600,275,316,41,591,38,1.117929328510276,-0.2233219279400451
251,1568808000,780,564,-216,1344,38,-0.7043191118309984,1.3581333548704932
251,1568822400,650,436,-214,1086,38,-0.6901381901162803,0.8162801504015439
251,1568836800,851,486,-365,1337,38,-1.7607977795774958,1.34343191133839
251,1568851200,234,230,-4,464,38,0.7988585899291191,-0.49004811773677603
251,1568865600,23,15,-8,38,38,0.7704967464996828,-1.384735966976204
251,1568880000,270,310,40,580,38,1.110838867652917,-0.246424196347636
251,1568894400,799,575,-224,1374,38,-0.7610427986898707,1.4211395414366501
251,1568908800,620,428,-192,1048,38,-0.5341480512543813,0.7364723140844117
251,1568923200,868,491,-377,1359,38,-1.8458833098658043,1.3896364481535717
251,1568937600,207,251,44,458,38,1.1392007110823532,-0.5026493550500074
251,1568952000,34,22,-12,56,38,0.7421349030702467,-1.34693225503651
251,1568966400,255,283,28,538,38,1.0257533373646086,-0.3346328575402556
251,1568980800,773,591,-182,1364,38,-0.4632434426807909,1.400137479247931
251,1568995200,684,438,-246,1122,38,-0.9170329375517696,0.8918875742809321
251,1569009600,774,475,-299,1249,38,-1.292827362991799,1.158613764077663
251,1569024000,220,183,-37,403,38,0.5648733816362705,-0.6181606970879617
251,1569038400,39,46,7,85,38,0.8768536593600685,-1.286026274689225
251,1569052800,39,47,8,86,38,0.8839441202174275,-1.283926068470353
251,1569067200,334,228,-106,562,38,0.07563158247849651,-0.28422790828733013
251,1569081600,475,321,-154,796,38,-0.2647105386747376,0.20722034692869373
251,1569096000,491,265,-226,756,38,-0.7752237204045888,0.12321209817381787
251,1569110400,212,128,-84,340,38,0.23162172134039546,-0.7504736888768913
251,1569124800,33,48,15,81,38,0.933577346218941,-1.2944270995647125
251,1569139200,32,46,14,78,38,0.9264868853615819,-1.3007277182213282
251,1569153600,295,227,-68,522,38,0.3450690950581402,-0.368236157042206
251,1569168000,523,258,-265,781,38,-1.0517516938415914,0.1757172536456153
251,1569182400,435,309,-126,744,38,-0.06617763466868438,0.09800962354735511
251,1569196800,155,89,-66,244,38,0.3592500167728583,-0.9520934858885933
251,1569211200,16,19,3,35,38,0.8484918159306323,-1.3910365856328197
251,1569225600,268,313,45,581,38,1.1462911719397122,-0.24432399012876407
251,1569240000,781,563,-218,1344,38,-0.7185000335457165,1.3581333548704932
251,1569254400,584,416,-168,1000,38,-0.36397699067776423,0.6356624155785607
251,1569268800,1006,518,-488,1524,38,-2.632924465032658,1.7361704742674346
251,1569283200,210,203,-7,413,39,0.801691458112318,-0.5646772508735305
251,1569297600,14,22,8,36,39,0.9173200338015947,-1.3573279237752578
251,1569312000,287,298,11,585,39,0.94044574893945,-0.2030435221226099
251,1569326400,828,568,-260,1396,39,-1.1485771851801478,1.5021015593715565
251,1569340800,662,434,-228,1096,39,-0.9019028903763577,0.8713450557362299
251,1569355200,923,522,-401,1445,39,-2.2354857966593484,1.6051251216319933
251,1569369600,239,227,-12,466,39,0.7631485995492258,-0.45324360189795615
251,1569384000,24,21,-3,45,39,0.8325257449627917,-1.338405228666198
251,1569398400,297,306,9,603,39,0.9250286055142131,-0.1651981319044903
251,1569412800,829,654,-175,1483,39,-0.4933485896075803,1.6850209454258014
251,1569427200,659,398,-261,1057,39,-1.1562857568927665,0.7893467102636375
251,1569441600,966,538,-428,1504,39,-2.443617232900046,1.7291739006802742
251,1569456000,259,247,-12,506,39,0.7631485995492258,-0.36914273474657927
251,1569470400,20,20,0,40,39,0.8556514601006471,-1.34891783706012
251,1569484800,283,287,4,570,39,0.8864857469511209,-0.23458134730437624
251,1569499200,811,615,-196,1426,39,-0.6552285955725676,1.5651772097350893
251,1569513600,696,423,-273,1119,39,-1.2487886174441878,0.9197030543482716
251,1569528000,861,522,-339,1383,39,-1.7575543504770048,1.4747687775473592
251,1569542400,201,253,52,454,39,1.2564971891568062,-0.4784738620433692
251,1569556800,27,33,6,60,39,0.9019028903763577,-1.3068674034844316
251,1569571200,242,294,52,536,39,1.2564971891568062,-0.3060670843830466
251,1569585600,744,545,-199,1289,39,-0.678354310710423,1.2771317397416235
251,1569600000,674,451,-223,1125,39,-0.8633600318132656,0.9323181844209781
251,1569614400,772,471,-301,1243,39,-1.464628625397504,1.1804157425175401
251,1569628800,234,169,-65,403,39,0.35459429878044835,-0.5857024676613748
251,1569643200,36,44,8,80,39,0.9173200338015947,-1.2648169699087433
251,1569657600,36,53,17,89,39,0.9866971792151606,-1.2458942747996833
251,1569672000,283,235,-48,518,39,0.48564001789496186,-0.3439124746011662
251,1569686400,465,281,-184,746,39,-0.5627257350211463,0.13546246816168211
251,1569700800,471,255,-216,726,39,-0.8094000298249364,0.09341203458599366
251,1569715200,191,164,-27,355,39,0.6475200238599491,-0.6866235082430271
251,1569729600,42,44,2,86,39,0.871068603525884,-1.2522018398360366
251,1569744000,52,54,2,106,39,0.871068603525884,-1.2101514062603482
251,1569758400,258,182,-76,440,39,0.2698000099416455,-0.5079091655463511
251,1569772800,461,296,-165,757,39,-0.4162628724813959,0.15859020662831075
251,1569787200,439,241,-198,680,39,-0.6706457389978044,-0.0033039626380897726
251,1569801600,160,128,-32,288,39,0.608977165296857,-0.8274924607215833
251,1569816000,16,20,4,36,39,0.8864857469511209,-1.3573279237752578
251,1569830400,168,159,-9,327,39,0.7862743146870811,-0.7454941152489909
251,1569844800,611,433,-178,1044,39,-0.5164743047454357,0.7620139284394399
251,1569859200,512,393,-119,905,39,-0.06166857370094754,0.46976341508840525
251,1569873600,681,479,-202,1160,39,-0.7014800258482783,1.005906443178433
251,1569888000,194,174,-20,368,40,0.654595095311216,-0.6363728224729481
251,1569902400,23,19,-4,42,40,0.7862980605953888,-1.332761624047405
251,1569916800,195,179,-16,374,40,0.6875208366322592,-0.6235558506648293
251,1569931200,656,484,-172,1140,40,-0.5965830748884257,1.0127442168383425
251,1569945600,533,361,-172,894,40,-0.5965830748884257,0.4872483727054701
251,1569960000,749,419,-330,1168,40,-1.8971498570696321,1.0725567519428971
251,1569974400,171,194,23,365,40,1.0085468145124303,-0.6427813083770075
251,1569988800,15,23,8,38,40,0.8850752845585184,-1.3413062719194844
251,1570003200,270,283,13,553,40,0.9262324612098224,-0.2411828583892839
251,1570017600,824,579,-245,1403,40,-1.197477853997464,1.5745548144275516
251,1570032000,662,410,-252,1072,40,-1.2550979013092898,0.8674852030129957
251,1570046400,807,587,-220,1394,40,-0.9916919707409441,1.5553293567153734
251,1570060800,222,238,16,460,40,0.9509267672006048,-0.4398459214151259
251,1570075200,19,21,2,40,40,0.8356866725769536,-1.3370339479834448
251,1570089600,267,292,25,559,40,1.025009685172952,-0.22836588658116508
251,1570104000,791,597,-194,1388,40,-0.7776746521541633,1.5425123849072546
251,1570118400,634,411,-223,1045,40,-1.0163862767317264,0.8098088298764609
251,1570132800,776,535,-241,1311,40,-1.164552112676421,1.3780279133697295
251,1570147200,200,256,56,456,40,1.2801841804110368,-0.44839056928720517
251,1570161600,19,23,4,42,40,0.8521495432374752,-1.332761624047405
251,1570176000,238,275,37,513,40,1.1237869091360817,-0.3266293371100762
251,1570190400,731,572,-159,1303,40,-0.4895744155950353,1.360938617625571
251,1570204800,678,464,-214,1142,40,-0.9423033587593793,1.017016540774382
251,1570219200,841,463,-378,1304,40,-2.2922587529221503,1.3630747795935907
251,1570233600,233,235,2,468,40,0.8356866725769536,-0.42275662567096745
251,1570248000,21,36,15,57,40,0.942695331870344,-1.300719194527108
251,1570262400,51,61,10,112,40,0.90153815521904,-1.1832302862860187
251,1570276800,284,247,-37,531,40,0.5146606946967823,-0.28817842168571967
251,1570291200,470,283,-187,753,40,-0.7200546048423376,0.18604953521467738
251,1570305600,484,259,-225,743,40,-1.032849147392248,0.1646879155344793
251,1570320000,177,141,-36,318,40,0.5228921300270432,-0.7431809208739385
251,1570334400,28,34,6,62,40,0.8686124138979968,-1.290038384687009
251,1570348800,30,53,23,83,40,1.0085468145124303,-1.245178983358593
251,1570363200,267,182,-85,449,40,0.11955179884426397,-0.46334370306334377
251,1570377600,477,295,-182,772,40,-0.6788974281910337,0.2266366126070537
251,1570392000,413,280,-133,693,40,-0.2755570970082545,0.057879817133489
251,1570406400,125,88,-37,213,40,0.5146606946967823,-0.9674779275160181
251,1570420800,14,21,7,35,40,0.8768438492282575,-1.3477147578235438
251,1570435200,256,302,46,558,40,1.1978698271084287,-0.23050204854918488
251,1570449600,792,575,-217,1367,40,-0.9669976647501617,1.4976529835788386
251,1570464000,594,417,-177,1011,40,-0.6377402515397297,0.7371793229637875
251,1570478400,843,526,-317,1369,40,-1.7901411977762418,1.5019253075148782
251,1570492800,168,188,20,356,41,0.9770600109611173,-0.581740496767408
251,1570507200,9,12,3,21,41,0.8113149770275849,-1.3430732834400365
251,1570521600,264,313,49,577,41,1.2598015394359667,-0.07948812108188284
251,1570536000,786,571,-215,1357,41,-1.3141213404730065,1.6931673225140882
251,1570550400,666,392,-274,1058,41,-1.8893541053011484,1.013649402468966
251,1570564800,807,539,-268,1346,41,-1.83085585803049,1.6681683354890169
251,1570579200,183,168,-15,351,41,0.6358202352156095,-0.593103672687895
251,1570593600,8,18,10,26,41,0.8795629321766865,-1.3317101075195497
251,1570608000,165,160,-5,325,41,0.7333173140000403,-0.6521921874744273
251,1570622400,612,470,-142,1082,41,-0.6023926653466618,1.0681926468873035
251,1570636800,450,272,-178,722,41,-0.9533821489706128,0.25004398061224
251,1570651200,622,468,-154,1090,41,-0.7193891598879788,1.0863737283600827
251,1570665600,182,164,-18,346,41,0.6065711115802802,-0.604466848608382
251,1570680000,9,12,3,21,41,0.8113149770275849,-1.3430732834400365
251,1570694400,232,308,76,540,41,1.52304365215393,-0.1635756228934866
251,1570708800,670,594,-76,1264,41,0.041088054630581496,1.4818122503930302
251,1570723200,601,455,-146,1056,41,-0.6413914968604342,1.0091041321007712
251,1570737600,733,537,-196,1270,41,-1.1288768907825881,1.4954480614976144
251,1570752000,199,199,0,398,41,0.7820658533922556,-0.48628981903531726
251,1570766400,11,14,3,25,41,0.8113149770275849,-1.333982742703647
251,1570780800,201,270,69,471,41,1.4547956970048284,-0.3203874505962071
251,1570795200,734,615,-119,1349,41,-0.378149384142471,1.674986241041309
251,1570809600,642,447,-195,1089,41,-1.1191271829041451,1.0841010931759854
251,1570824000,733,522,-211,1255,41,-1.2751225089592344,1.4613585337361537
251,1570838400,192,194,2,386,41,0.8015652691491418,-0.513561441244486
251,1570852800,28,44,16,72,41,0.9380611794473449,-1.2271688890510692
251,1570867200,38,50,12,88,41,0.8990623479335726,-1.1908067261055109
251,1570881600,267,216,-51,483,41,0.28483075159165855,-0.2931158283870383
251,1570896000,479,246,-233,725,41,-1.489616082284982,0.2568618861645322
251,1570910400,510,274,-236,784,41,-1.5188652059203114,0.3909473620262787
251,1570924800,181,155,-26,336,41,0.5285734485527356,-0.627193200449356
251,1570939200,39,45,6,84,41,0.8405641006629141,-1.1998972668419006
251,1570953600,26,33,7,59,41,0.8503138085413572,-1.2567131464443355
251,1570968000,239,205,-34,444,41,0.4505757855251909,-0.3817486005668369
251,1570982400,463,254,-209,717,41,-1.2556230932023482,0.23868080469175298
251,1570996800,444,239,-205,683,41,-1.2166242616885758,0.16141120843244144
251,1571011200,135,102,-33,237,41,0.460325493403634,-0.8521840836749984
251,1571025600,20,27,7,47,41,0.8503138085413572,-1.2839847686535042
251,1571040000,123,140,17,263,41,0.947810887325788,-0.7930955688884661
251,1571054400,523,413,-110,936,41,-0.29040201323648324,0.7363879100090833
251,1571068800,476,346,-130,822,41,-0.48539617080534486,0.4773074990219799
251,1571083200,666,476,-190,1142,41,-1.0703786435119298,1.2045507579331476
251,1571097600,183,140,-43,323,42,0.4162759898694363,-0.7419288101882605
251,1571112000,23,16,-7,39,42,0.7113577042072645,-1.3273443587710196
251,1571126400,236,290,54,526,42,1.21135727572414,-0.32348037229283755
251,1571140800,790,608,-182,1398,42,-0.7230672960460671,1.4739927205387329
251,1571155200,662,390,-272,1052,42,-1.4607715818906377,0.7607751859977657
251,1571169600,824,547,-277,1371,42,-1.5017551533264473,1.4183370169762874
251,1571184000,209,203,-6,412,42,0.7195544184944264,-0.5584711206676071
251,1571198400,27,32,5,59,42,0.8097182756532072,-1.2861179116877268
251,1571212800,235,290,55,525,42,1.219553990011302,-0.32554169464700217
251,1571227200,814,581,-233,1395,42,-1.141099724691324,1.467808753476239
251,1571241600,657,394,-263,1051,42,-1.3870011533061808,0.758713863643601
251,1571256000,677,581,-96,1258,42,-0.018149867350144146,1.1854075909556825
251,1571270400,157,203,46,360,42,1.1457835614268448,-0.6656598830841686
251,1571284800,20,26,6,46,42,0.8179149899403692,-1.312915102291867
251,1571299200,262,320,58,582,42,1.2441441328727876,-0.2080463204596174
251,1571313600,824,605,-219,1429,42,-1.0263457246710572,1.5378937135178368
251,1571328000,630,437,-193,1067,42,-0.813231153204848,0.7916950213102354
251,1571342400,870,541,-329,1411,42,-1.9279842962588658,1.5007899111428733
251,1571356800,192,232,40,424,42,1.0966032757038735,-0.5337352524176313
251,1571371200,14,46,32,60,42,1.0310295614065783,-1.284056589333562
251,1571385600,232,273,41,505,42,1.1047999899910355,-0.3667681417302951
251,1571400000,752,588,-164,1340,42,-0.575526438877153,1.3544360239971835
251,1571414400,648,411,-237,1059,42,-1.1738865818399715,0.7752044424769182
251,1571428800,817,525,-292,1342,42,-1.6247058676338757,1.3585586687055127
251,1571443200,199,209,10,408,42,0.8507018470890167,-0.5667164100842657
251,1571457600,39,42,3,81,42,0.7933248470788835,-1.2407688198961047
251,1571472000,39,55,16,94,42,0.8998821328119881,-1.2139716292919642
251,1571486400,308,227,-81,535,42,0.10480084695728428,-0.3049284711053557
251,1571500800,523,316,-207,839,42,-0.9279851532251144,0.32171352456069635
251,1571515200,512,296,-216,808,42,-1.0017555818095716,0.25781253158159234
251,1571529600,193,148,-45,341,42,0.3998825612951125,-0.7048250078132968
251,1571544000,35,47,12,82,42,0.8670952756633405,-1.2387074975419399
251,1571558400,29,34,5,63,42,0.8097182756532072,-1.2778726222710681
251,1571572800,297,228,-69,525,42,0.20316141840322702,-0.32554169464700217
251,1571587200,459,295,-164,754,42,-0.575526438877153,0.14650112445670152
251,1571601600,312,223,-89,535,42,0.03922713265998912,-0.3049284711053557
251,1571616000,146,109,-37,255,42,0.46545627559240765,-0.8820987302714564
251,1571630400,18,17,-1,35,42,0.7605379899302359,-1.3355896481876781
251,1571644800,243,292,49,535,42,1.1703737042883304,-0.3049284711053557
251,1571659200,723,603,-120,1326,42,-0.21487101024202962,1.3255775110388786
251,1571673600,603,372,-231,975,42,-1.124706296117,0.602053364727088
251,1571688000,878,580,-298,1458,42,-1.673886153356847,1.5976720617886115
251,1571702400,224,194,-30,418,43,0.5177223776440999,-0.5427173708141636
251,1571716800,17,23,6,40,43,0.7939384097534432,-1.320912907216409
251,1571731200,237,298,61,535,43,1.2159351254760509,-0.30184732383251617
251,1571745600,771,570,-201,1341,43,-0.7943037748752808,1.3574796664854993
251,1571760000,669,347,-322,1016,43,-1.722696549465018,0.6883962026475898
251,1571774400,758,523,-235,1281,43,-1.0551744718674383,1.23395656546927
251,1571788800,169,208,39,377,43,1.047136439187008,-0.6271248231752536
251,1571803200,18,19,1,37,43,0.7555750719604788,-1.3270890622672205
251,1571817600,275,272,-3,547,43,0.7248844017261074,-0.2771427036292703
251,1571832000,809,653,-156,1462,43,-0.4490337347386017,1.6065845868682287
251,1571846400,664,446,-218,1110,43,-0.9247391233713597,0.881915727573016
251,1571860800,809,499,-310,1308,43,-1.6306245387619036,1.289541960926573
251,1571875200,222,228,6,450,43,0.7939384097534432,-0.47683838360550784
251,1571889600,15,24,9,39,43,0.8169564124292218,-1.3229716255666795
251,1571904000,249,314,65,563,43,1.2466257957104225,-0.2442032100249424
251,1571918400,785,586,-199,1371,43,-0.7789584397580951,1.419241216993614
251,1571932800,626,423,-203,1049,43,-0.8096491099924665,0.756333908206516
251,1571947200,879,595,-284,1474,43,-1.431135182238489,1.6312892070714746
251,1571961600,223,256,33,479,43,1.0011004338354506,-0.4171355514476636
251,1571976000,19,24,5,43,43,0.7862657421948502,-1.3147367521655975
251,1571990400,252,286,34,538,43,1.0087731013940435,-0.2956711687817047
251,1572004800,710,604,-106,1314,43,-0.06540035680895823,1.301894271028196
251,1572019200,660,482,-178,1142,43,-0.6178324210276448,0.9477947147816717
251,1572033600,910,461,-449,1371,43,-2.6971253294063127,1.419241216993614
251,1572048000,224,177,-47,401,43,0.38728702914802104,-0.5777155827687619
251,1572062400,30,37,7,67,43,0.8016110773120361,-1.2653275117591058
251,1572076800,39,53,14,92,43,0.8553197502221861,-1.2138595530023435
251,1572091200,289,285,-4,574,43,0.7172117341675145,-0.22155730817196703
251,1572105600,506,292,-214,798,43,-0.8940484531369881,0.23959560228862287
251,1572120000,522,286,-236,808,43,-1.0628471394260313,0.26018278579132775
251,1572134400,171,140,-31,311,43,0.510049710085507,-0.763000234293106
251,1572148800,35,39,4,74,43,0.7785930746362574,-1.2509164833072124
251,1572163200,34,47,13,81,43,0.8476470826635932,-1.236505454855319
251,1572177600,227,182,-45,409,43,0.4026323642652068,-0.5612458359665979
251,1572192000,315,260,-55,575,43,0.3259056886792781,-0.21949858982169654
251,1572206400,347,213,-134,560,43,-0.2802350484495586,-0.2503793650757539
251,1572220800,126,103,-23,229,43,0.5714310505542499,-0.9318151390152862
251,1572235200,21,14,-7,35,43,0.6941937314917358,-1.3312064989677614
251,1572249600,251,287,36,538,43,1.0241184365112292,-0.2956711687817047
251,1572264000,764,568,-196,1332,43,-0.7559404370823165,1.3389512013330649
251,1572278400,623,429,-194,1052,43,-0.7405951019651308,0.7625100632573275
251,1572292800,867,520,-347,1387,43,-1.9145132384298398,1.4521807105979418
251,1572307200,222,216,-6,438,44,0.8317166743793407,-0.5064929795351709
251,1572321600,22,20,-2,42,44,0.8680804944081274,-1.2932620413418567
251,1572336000,269,321,52,590,44,1.3589920647967468,-0.20450081439725112
251,1572350400,859,620,-239,1479,44,-1.2864758422974805,1.5617559935475562
251,1572364800,618,435,-183,1053,44,-0.7773823618944676,0.7153832149373336
251,1572379200,824,588,-236,1412,44,-1.2592029772758904,1.4286410260196574
251,1572393600,198,210,12,408,44,0.9953538645088805,-0.5660966963387077
251,1572408000,23,21,-2,44,44,0.8680804944081274,-1.289288460221621
251,1572422400,285,294,9,579,44,0.9680809994872905,-0.22635551055854794
251,1572436800,835,608,-227,1443,44,-1.1773843822111205,1.490231533383312
251,1572451200,635,487,-148,1122,44,-0.4591989366425846,0.8524717635854682
251,1572465600,881,604,-277,1485,44,-1.6319321325709535,1.5736767369082636
251,1572480000,217,229,12,446,44,0.9953538645088805,-0.4905986550542278
251,1572494400,19,19,0,38,44,0.8862624044225207,-1.3012092035823284
251,1572508800,249,284,35,533,44,1.2044458296744036,-0.31774787632397106
251,1572523200,777,536,-241,1313,44,-1.3046577523118739,1.231948760567986
251,1572537600,624,449,-175,1073,44,-0.7046547218368944,0.7551190261396914
251,1572552000,740,598,-142,1338,44,-0.4046532065994047,1.2816185245709333
251,1572566400,207,210,3,417,44,0.9135352694441107,-0.5482155812976467
251,1572580800,21,36,15,57,44,1.0226267295304705,-1.2634601829400884
251,1572595200,231,268,37,499,44,1.222627739688797,-0.3852987553679794
251,1572609600,745,603,-142,1348,44,-0.4046532065994047,1.301486430172112
251,1572624000,680,455,-225,1135,44,-1.1592024721967273,0.8783000408670009
251,1572638400,793,513,-280,1306,44,-1.6592049975925434,1.2180412266471605
251,1572652800,220,193,-27,413,44,0.6408066192282109,-0.5561627435381182
251,1572667200,42,36,-6,78,44,0.8317166743793407,-1.2217375811776126
251,1572681600,40,48,8,88,44,0.958990044480094,-1.2018696755764335
251,1572696000,282,230,-52,512,44,0.4135327440482945,-0.3594704780864468
251,1572710400,461,265,-196,726,44,-0.8955647769880242,0.0657027017787824
251,1572724800,456,269,-187,725,44,-0.8137461819232542,0.0637159112186645
251,1572739200,275,143,-132,418,44,-0.31374365652743813,-0.5462287907375288
251,1572750000,32,39,7,71,44,0.9498990894728973,-1.2356451150984378
251,1572764400,18,30,12,48,44,0.9953538645088805,-1.2813412979811494
251,1572778800,214,157,-57,371,44,0.3680779690123112,-0.6396079470630698
251,1572793200,501,292,-209,793,44,-1.0137471920815808,0.19881766930668127
251,1572807600,573,275,-298,848,44,-1.8228421877220833,0.3080911501131654
251,1572822000,180,133,-47,313,44,0.45898751908427776,-0.7548417995499076
251,1572836400,40,21,-19,61,44,0.7135342592857842,-1.2555130206996168
251,1572850800,82,67,-15,149,44,0.7498980793145708,-1.080675451409242
251,1572865200,870,715,-155,1585,44,-0.5228356216929613,1.7723557929200529
251,1572879600,525,409,-116,934,44,-0.16828837641229158,0.4789551382833042
251,1572894000,912,602,-310,1514,44,-1.931933647808443,1.6312936631516826
251,1572908400,297,254,-43,551,44,0.4953513391130644,-0.28198564624184896
251,1572922800,26,27,1,53,45,0.5281941096080341,-1.044813109098589
251,1572937200,60,66,6,126,45,0.5551362429618566,-0.9201430568512152
251,1572951600,789,621,-168,1410,45,-0.3824499977511659,1.2726836155546501
251,1572966000,529,352,-177,881,45,-0.4309458377880464,0.3692526889949128
251,1572980400,883,568,-315,1451,45,-1.174548718353547,1.342703781885367
251,1572994800,310,361,51,671,45,0.797615443146259,0.010612812666850734
251,1573009200,22,38,16,60,45,0.6090205096695016,-1.0328584465543205
251,1573023600,77,73,-4,150,45,0.5012519762542117,-0.8791556424137223
251,1573038000,873,758,-115,1631,45,-0.09686338420064754,1.650109390166563
251,1573052400,517,424,-93,941,45,0.0216820025561714,0.47172122508864484
251,1573066800,872,553,-319,1425,45,-1.196102425036605,1.2983007495780832
251,1573081200,226,301,75,527,45,0.926937683244607,-0.23531167395810612
251,1573095600,0,1,1,1,45,0.5281941096080341,-1.133619173713157
251,1573110000,116,88,-28,204,45,0.3719297361558637,-0.7869339599293635
251,1573124400,1816,774,-1042,2590,45,-5.091934907999336,3.2878981587313802
251,1573138800,527,364,-163,891,45,-0.35550786439734344,0.38633077834386814
251,1573153200,847,540,-307,1387,45,-1.131441304987431,1.233404010052053
251,1573167600,220,287,67,507,45,0.883830269878491,-0.2694678526560168
251,1573182000,1,10,9,11,45,0.5713015229741502,-1.1165410843642016
251,1573196400,62,72,10,134,45,0.5766899496449146,-0.9064805853720509
251,1573210800,779,767,-12,1546,45,0.4581445628880957,1.5049456307004427
251,1573225200,505,396,-109,901,45,-0.06453282417606056,0.4034088676928235
251,1573239600,790,516,-274,1306,45,-0.9536232248522026,1.0950714863255147
251,1573254000,246,271,25,517,45,0.6575163497063821,-0.2523897633070615
251,1573268400,36,62,26,98,45,0.6629047763771466,-0.9679617070282901
251,1573282800,14,33,19,47,45,0.6251857896817952,-1.0550599627079624
251,1573297200,195,173,-22,368,45,0.40426029618045073,-0.506853294606496
251,1573311600,440,301,-139,741,45,-0.22618562429899547,0.1301594381095381
251,1573326000,446,268,-178,714,45,-0.4363342644588109,0.08404859686735869
251,1573340400,166,169,3,335,45,0.5389709629495631,-0.5632109894580486
251,1573354800,49,68,19,117,45,0.6251857896817952,-0.935513337265275
251,1573369200,18,24,6,42,45,0.5551362429618566,-1.06359900738244
251,1573383600,171,154,-17,325,45,0.4312024295342732,-0.580289078807004
251,1573398000,420,270,-150,690,45,-0.2854583176774049,0.043061182429865875
251,1573412400,421,290,-131,711,45,-0.18307821093287951,0.07892517006267208
251,1573426800,180,142,-38,322,45,0.31804546944821876,-0.5854125056116906
251,1573441200,34,26,-8,60,45,0.4796982695711537,-1.0328584465543205
251,1573455600,47,63,16,110,45,0.6090205096695016,-0.9474679998095438
251,1573470000,699,536,-163,1235,45,-0.35550786439734344,0.9738170519479318
251,1573484400,504,390,-114,894,45,-0.09147495752988305,0.3914542051485548
251,1573498800,830,488,-342,1318,45,-1.3200362384641884,1.115565193544261
251,1573513200,235,238,3,473,45,0.5389709629495631,-0.32753335644246495
251,1573527600,0,1,1,1,46,0.6461287068516357,-1.1795673298879485
251,1573542000,66,75,9,141,46,0.7252176851766448,-0.9255345899054873
251,1573556400,880,764,-116,1644,46,-0.5105476011516203,1.8016883257633636
251,1573570800,493,359,-134,852,46,-0.6884978023828905,0.3645888252911547
251,1573585200,896,548,-348,1444,46,-2.8041279725768797,1.4387844115027049
251,1573599600,205,279,74,484,46,1.3678156340673426,-0.3031543769484574
251,1573614000,0,1,1,1,46,0.6461287068516357,-1.1795673298879485
251,1573628400,85,69,-16,154,46,0.4780646279109917,-0.9019458354785445
251,1573642800,884,787,-97,1671,46,-0.322711277629724,1.8506803541885526
251,1573657200,469,345,-124,814,46,-0.5896365794766293,0.29563708158162955
251,1573671600,858,550,-308,1408,46,-2.4086830809518354,1.3734617069357862
251,1573686000,223,312,89,535,46,1.5161074684267344,-0.21061387881198945
251,1573700400,1,6,5,7,46,0.6856731960141402,-1.1686802124601288
251,1573714800,65,63,-2,128,46,0.6164703399797574,-0.9491233443324301
251,1573729200,843,784,-59,1627,46,0.052961369414068545,1.7708414930512075
251,1573743600,536,405,-131,941,46,-0.6588394355110121,0.5260810671371479
251,1573758000,791,552,-239,1343,46,-1.7265406428986332,1.255517934801072
251,1573772400,256,293,37,549,46,1.002029109314176,-0.18521060481374332
251,1573786800,0,2,2,2,46,0.6560148291422618,-1.1777528103166452
251,1573801200,64,56,-8,120,46,0.5571536062360006,-0.9636395009028564
251,1573815600,842,698,-144,1540,46,-0.7873590252891517,1.612978290347821
251,1573830000,539,488,-51,1027,46,0.1320503477390775,0.6821297502692312
251,1573844400,819,552,-267,1371,46,-2.0033520670361646,1.3063244827975644
251,1573858800,296,300,4,596,46,0.6757870737235141,-0.09992818496248852
251,1573873200,34,66,32,100,46,0.9525984978610454,-0.9999298923289224
251,1573887600,14,32,18,46,46,0.8141927857922798,-1.0979139491793002
251,1573902000,187,194,7,381,46,0.7054454405953925,-0.49004989279269673
251,1573916400,439,336,-103,775,46,-0.38202801137348075,0.2248708183008011
251,1573930800,479,336,-143,815,46,-0.7774729029985256,0.29745160115293284
251,1573945200,225,208,-17,433,46,0.4681785056203656,-0.39569487508492546
251,1573959600,36,66,30,102,46,0.9328262532797933,-0.9963008531863158
251,1573974000,9,18,9,27,46,0.7252176851766448,-1.1323898210340628
251,1573988400,191,156,-35,347,46,0.2902283043890954,-0.5517435582170087
251,1574002800,396,306,-90,702,46,-0.2535084215953412,0.09241088959566064
251,1574017200,396,270,-126,666,46,-0.6094088240578815,0.02708818502874206
251,1574031600,153,118,-35,271,46,0.2902283043890954,-0.689647045636059
251,1574046000,21,25,4,46,46,0.6757870737235141,-1.0979139491793002
251,1574060400,62,68,6,130,46,0.6955593183047664,-0.9454943051898235
251,1574074800,828,711,-117,1539,46,-0.5204337234422465,1.6111637707765176
251,1574089200,455,321,-134,776,46,-0.6884978023828905,0.2266853378721044
251,1574103600,776,551,-225,1327,46,-1.5881349308298673,1.2264856216602193
251,1574118000,212,250,38,462,46,1.0119152316048021,-0.3430738075171299
251,1574132400,1,2,1,3,47,0.6576993683959089,-1.1786698494628254
251,1574146800,80,73,-7,153,47,0.6024388063101311,-0.910896597448264
251,1574161200,830,759,-71,1589,47,0.16035430962390876,1.6525860018378027
251,1574175600,498,392,-106,890,47,-0.08141064950136911,0.40476264744994706
251,1574190000,928,531,-397,1459,47,-2.0915135953715365,1.4205158500918496
251,1574204400,246,285,39,531,47,0.9201870383033536,-0.2361080023715696
251,1574218800,0,6,6,6,47,0.69223721969952,-1.173314384422534
251,1574233200,69,66,-3,135,47,0.63006908735302,-0.9430293876900113
251,1574247600,850,718,-132,1568,47,-0.261007476280147,1.615097746555764
251,1574262000,532,357,-175,889,47,-0.5580329974912026,0.40297749243651665
251,1574276400,874,557,-317,1431,47,-1.5389079745137584,1.370531509715798
251,1574290800,234,283,49,517,47,0.9892627409105759,-0.26110017255959533
251,1574305200,0,2,2,2,47,0.6646069386566311,-1.1804550044762556
251,1574319600,67,79,12,146,47,0.7336826412638534,-0.9233926825422769
251,1574334000,938,730,-208,1668,47,-0.7859828160950361,1.793613247898805
251,1574348400,531,387,-144,918,47,-0.34389831940881366,0.4547469878259985
251,1574362800,1231,540,-691,1771,47,-4.122339252023871,1.977484214282137
251,1574377200,264,258,-6,522,47,0.6093463765708533,-0.2521743974924433
251,1574391600,1,3,2,4,47,0.6646069386566311,-1.176884694449395
251,1574406000,59,65,6,124,47,0.69223721969952,-0.9626660928377458
251,1574420400,745,690,-55,1435,47,0.27087543379546436,1.3776721297695196
251,1574434800,534,412,-122,946,47,-0.19193177367292472,0.5047313282020499
251,1574449200,812,495,-317,1307,47,-1.5389079745137584,1.1491722880504274
251,1574463600,292,298,6,590,47,0.69223721969952,-0.1307838565791755
251,1574478000,55,52,-3,107,47,0.63006908735302,-0.9930137280660628
251,1574492400,14,28,14,42,47,0.7474977817852978,-1.1090488039390394
251,1574506800,195,195,0,390,47,0.6507917981351867,-0.4878148592652572
251,1574521200,465,276,-189,741,47,-0.6547389811413138,0.13877455044881618
251,1574535600,499,263,-236,762,47,-0.9793947833952582,0.17626280573085476
251,1574550000,248,161,-87,409,47,0.04983318545235315,-0.4538969140100794
251,1574564400,53,76,23,129,47,0.8096659141317979,-0.9537403177705939
251,1574578800,17,28,11,45,47,0.7267750710031312,-1.1036933388987482
251,1574593200,166,152,-14,318,47,0.5540858144850755,-0.6163460202322466
251,1574607600,375,264,-111,639,47,-0.11594850080498025,-0.04331126092108548
251,1574622000,387,245,-142,632,47,-0.3300831788873692,-0.05580734601509835
251,1574636400,172,121,-51,293,47,0.29850571483835325,-0.6609748955680068
251,1574650800,41,29,-12,70,47,0.56790095500652,-1.059064463562988
251,1574665200,67,77,10,144,47,0.7198675007424089,-0.9269629925691377
251,1574679600,807,736,-71,1543,47,0.16035430962390876,1.570468871220004
251,1574694000,498,393,-105,891,47,-0.07450307924064689,0.40654780246337746
251,1574708400,907,569,-338,1476,47,-1.6839669499889252,1.4508634853201665
251,1574722800,325,297,-28,622,47,0.4573798308349644,-0.07365889614940242
251,1574737200,37,34,-3,71,48,0.6716172757390295,-0.9753528502289577
251,1574751600,80,96,16,176,48,0.9061689545310405,-0.7397810188302117
251,1574766000,838,724,-114,1562,48,-0.698658321414299,2.369767155633236
251,1574780400,547,405,-142,952,48,-1.044313427002526,1.0012069922690923
251,1574794800,906,559,-347,1465,48,-3.5750025929163303,2.152143654245823
251,1574809200,308,305,-3,613,48,0.6716172757390295,0.24064650803885504
251,1574823600,41,38,-3,79,48,0.6716172757390295,-0.9574045202176247
251,1574838000,54,70,16,124,48,0.9061689545310405,-0.8564451639038764
251,1574852400,645,617,-28,1262,48,0.3629966457495411,1.6967047802082473
251,1574866800,584,440,-144,1024,48,-1.069003077401685,1.1627419623710895
251,1574881200,775,525,-250,1300,48,-2.3775545485571157,1.7819593477620792
251,1574895600,286,224,-62,510,48,-0.0567274110361631,0.009561759142942293
251,1574910000,55,50,-5,105,48,0.6469276253398704,-0.8990724476807923
251,1574924400,22,25,3,47,48,0.7456862269365067,-1.029197840262957
251,1574938800,175,111,-64,286,48,-0.08141706143532217,-0.4929914811743825
251,1574953200,238,185,-53,423,48,0.054376015760052715,-0.1856263297303044
251,1574967600,223,159,-64,382,48,-0.08141706143532217,-0.2776115210383862
251,1574982000,197,102,-95,299,48,-0.46410664262228774,-0.4638254449059664
251,1574996400,34,33,-1,67,48,0.6963069261381886,-0.9843270152346243
251,1575010800,19,43,24,62,48,1.004927556127677,-0.9955447214917074
251,1575025200,243,233,-10,476,48,0.5852034993419727,-0.06671864340522309
251,1575039600,405,265,-140,670,48,-1.019623776603367,0.3685283593696029
251,1575054000,436,341,-95,777,48,-0.46410664262228774,0.6085872732711821
251,1575068400,205,152,-53,357,48,0.054376015760052715,-0.3337000523238019
251,1575082800,42,46,4,88,48,0.7580310521360862,-0.937212648954875
251,1575097200,10,31,21,41,48,0.9678930805289382,-1.0426590877714565
251,1575111600,152,160,8,312,48,0.8074103529344042,-0.4346594086375502
251,1575126000,334,270,-64,604,48,-0.08141706143532217,0.22045463677610538
251,1575140400,393,253,-140,646,48,-1.019623776603367,0.3146833693356038
251,1575154800,180,177,-3,357,48,0.6716172757390295,-0.3337000523238019
251,1575169200,60,65,5,125,48,0.7703758773356657,-0.8542016226524598
251,1575183600,12,33,21,45,48,0.9678930805289382,-1.03368492276579
251,1575198000,153,141,-12,294,48,0.5605138489428136,-0.4750431511630495
251,1575212400,341,245,-96,586,48,-0.47645146782186726,0.18007089425060607
251,1575226800,281,213,-68,494,48,-0.1307963622336403,-0.026334900879723767
251,1575241200,132,100,-32,232,48,0.31361734495122295,-0.6141427087508805
251,1575255600,37,24,-13,61,48,0.5481690237432341,-0.997788262743124
251,1575270000,65,71,6,136,48,0.7827207025352453,-0.8295226688868769
251,1575284400,823,679,-144,1502,48,-1.069003077401685,2.2351546805482383
251,1575298800,478,385,-93,863,48,-0.4394169922231287,0.8015318208930122
251,1575313200,747,524,-223,1271,48,-2.0442442681684683,1.716896651470997
251,1575327600,233,262,29,495,48,1.0666516821255745,-0.02409135962830714
251,1575342000,21,14,-7,35,49,0.5029438514921735,-1.1561519848018416
251,1575356400,57,70,13,127,49,0.6598802687482751,-0.9903252858681252
251,1575370800,749,801,52,1550,49,0.9659062823976734,1.574581155247942
251,1575385200,372,419,47,791,49,0.926672178083648,0.20651088904478324
251,1575399600,870,599,-271,1469,49,-1.5686168562883684,1.428581561621518
251,1575414000,230,270,40,500,49,0.8717444320440124,-0.3180061695390366
251,1575428400,25,22,-3,47,49,0.5343311349433938,-1.1345224153757045
251,1575442800,62,76,14,138,49,0.6677270896110802,-0.970498180560833
251,1575457200,875,750,-125,1625,49,-0.42298101031882634,1.7097659641612977
251,1575471600,526,394,-132,920,49,-0.4779087563584619,0.4390287603757549
251,1575486000,864,552,-312,1416,49,-1.8903365116633768,1.3330509633227468
251,1575500400,272,303,31,575,49,0.8011230442787666,-0.18282136062568097
251,1575514800,24,30,6,54,49,0.6049525227086395,-1.1219051665437914
251,1575529200,64,65,1,129,49,0.5657184183946141,-0.9867203576304358
251,1575543600,853,798,-55,1651,49,0.1262964500775295,1.756630031251261
251,1575558000,493,365,-128,858,49,-0.4465214729072416,0.3272759850073809
251,1575572400,945,589,-356,1534,49,-2.2355966296268006,1.5457417293464262
251,1575586800,310,324,14,634,49,0.6677270896110802,-0.07647597761384121
251,1575601200,32,26,-6,58,49,0.5107906723549785,-1.1146953100684125
251,1575615600,61,75,14,136,49,0.6677270896110802,-0.9741031087985226
251,1575630000,824,774,-50,1598,49,0.1655305543915549,1.6610994329524897
251,1575644400,547,402,-145,949,49,-0.579917427574928,0.4913002198222524
251,1575658800,816,475,-341,1291,49,-2.1178943166847244,1.1077429484671542
251,1575673200,306,275,-31,581,49,0.31462015078485145,-0.1720065759126125
251,1575687600,47,76,29,123,49,0.7854294025531564,-0.9975351423435042
251,1575702000,17,31,14,48,49,0.6677270896110802,-1.1327199512568598
251,1575716400,212,213,1,425,49,0.5657184183946141,-0.4531909784523922
251,1575730800,413,277,-136,690,49,-0.5092960398096822,0.024462013041464323
251,1575745200,487,326,-161,813,49,-0.7054665613798093,0.24616509965936753
251,1575759600,223,185,-38,408,49,0.2596924047452159,-0.4838328684727528
251,1575774000,51,68,17,119,49,0.6912675521994954,-1.0047449988188832
251,1575788400,11,22,11,33,49,0.6441866270226649,-1.1597569130395309
251,1575802800,192,205,13,397,49,0.6598802687482751,-0.503659973780045
251,1575817200,474,308,-166,782,49,-0.7447006656938348,0.19028871197518055
251,1575831600,428,311,-117,739,49,-0.36020644341638564,0.11278275486485666
251,1575846000,166,153,-13,319,49,0.455862926315343,-0.6442521750499348
251,1575860400,29,32,3,61,49,0.5814120601202243,-1.1092879177118782
251,1575874800,78,67,-11,145,49,0.47155656804095314,-0.9578809317289199
251,1575889200,837,724,-113,1561,49,-0.3288191599651653,1.5944082605552343
251,1575903600,492,406,-86,898,49,-0.11695499666942809,0.3993745497611706
251,1575918000,1074,540,-534,1614,49,-3.6323307432061056,1.6899388588540056
251,1575932400,269,300,31,569,49,0.8011230442787666,-0.19363614533874943
251,1575946800,36,42,6,78,50,0.7066386618509555,-1.114324278388015
251,1575961200,65,71,6,136,50,0.7066386618509555,-1.0065848879473243
251,1575975600,855,815,-40,1670,50,0.26208447927327855,1.842936231639222
251,1575990000,490,360,-130,850,50,-0.6076954431613069,0.3197241598915245
251,1576004400,887,566,-321,1453,50,-2.4535617229947047,1.439842305335258
251,1576018800,277,346,69,623,50,1.3154846075551652,-0.10194552338497224
251,1576033200,28,38,10,66,50,0.7452955472924926,-1.1366151867550545
251,1576047600,67,73,6,140,50,0.7066386618509555,-0.9991545851583111
251,1576062000,878,721,-157,1599,50,-0.8686294198916825,1.7110483571342383
251,1576076400,521,385,-136,906,50,-0.6656807713236126,0.4237483989377087
251,1576090800,850,548,-302,1398,50,-2.2699415171474033,1.3376756419863272
251,1576105200,330,399,69,729,50,1.3154846075551652,0.09495750052387644
251,1576119600,37,60,23,97,50,0.8709304249774883,-1.0790303401402026
251,1576134000,68,73,5,141,50,0.6969744404905712,-0.9972970094610578
251,1576148400,879,784,-95,1663,50,-0.26944769554785697,1.8299332017584489
251,1576162800,497,386,-111,883,50,-0.4240752373140055,0.381024157900883
251,1576177200,837,570,-267,1407,50,-1.9316937695339536,1.3543938232616068
251,1576191600,282,358,76,640,50,1.3831341570778553,-0.07036673653166632
251,1576206000,37,76,39,113,50,1.0255579667436368,-1.0493091289841499
251,1576220400,59,69,10,128,50,0.7452955472924926,-1.0214454935253505
251,1576234800,795,711,-84,1506,50,-0.1631412605836299,1.5382938172896825
251,1576249200,533,401,-132,934,50,-0.6270238858820755,0.4757605184608008
251,1576263600,821,558,-263,1379,50,-1.8930368840924163,1.3023817037385146
251,1576278000,292,312,20,604,50,0.8419377608963354,-0.13723946163278475
251,1576292400,56,70,14,126,50,0.7839524327340297,-1.0251606449198571
251,1576306800,11,25,14,36,50,0.7839524327340297,-1.1923424576726531
251,1576321200,216,200,-16,416,50,0.4940257919225013,-0.48646369271640316
251,1576335600,400,284,-116,684,50,-0.4723963441159269,0.011366594147478412
251,1576350000,443,282,-161,725,50,-0.9072863053332196,0.08752719773486328
251,1576364400,268,166,-102,434,50,-0.33709724507054695,-0.45302733016584396
251,1576378800,80,91,11,171,50,0.754959768652877,-0.9415697385434592
251,1576393200,8,29,21,37,50,0.8516019822567197,-1.1904848819754
251,1576407600,184,134,-50,318,50,0.1654422656694357,-0.6685061110472256
251,1576422000,386,263,-123,649,50,-0.5400458936386169,-0.053648555256386725
251,1576436400,438,298,-140,736,50,-0.7043376567651497,0.10796053040464947
251,1576450800,201,151,-50,352,50,0.1654422656694357,-0.6053485373406137
251,1576465200,35,27,-8,62,50,0.5713395628055755,-1.1440454895440677
251,1576479600,60,66,6,126,50,0.7066386618509555,-1.0251606449198571
251,1576494000,822,743,-79,1565,50,-0.11482015378170848,1.6478907834276264
251,1576508400,506,381,-125,887,50,-0.5593743363593855,0.3884544606898962
251,1576522800,820,566,-254,1386,50,-1.806058891848958,1.3153847336192876
251,1576537200,290,328,38,618,50,1.0158937453832526,-0.1112334018712387
251,1576551600,34,23,-11,57,51,0.4715061570437391,-1.1076446643157398
251,1576566000,67,77,10,144,51,0.6589186989601781,-0.9302000765034854
251,1576580400,855,725,-130,1580,51,-0.5904982471494145,1.9986554188803942
251,1576594800,493,365,-128,858,51,-0.5726494336335631,0.5260692993350173
251,1576609200,844,506,-338,1350,51,-2.4467748527979523,1.5295490373077671
251,1576623600,306,374,68,680,51,1.1765342909198664,0.16302175185707132
251,1576638000,27,35,8,62,51,0.6410698854443267,-1.0974466994989436
251,1576652400,63,64,1,127,51,0.578599038138847,-0.9648731568805926
251,1576666800,829,754,-75,1583,51,-0.09965587546350319,2.004774197770472
251,1576681200,525,394,-131,919,51,-0.5994226539073402,0.6504844700999315
251,1576695600,811,556,-255,1367,51,-1.706049091890122,1.5642221176848743
251,1576710000,311,355,44,666,51,0.9623485287296505,0.13446745037004185
251,1576724400,36,35,-1,71,51,0.5607502246229957,-1.0790903628287105
251,1576738800,65,60,-5,125,51,0.5250525975912931,-0.9689523428073111
251,1576753200,772,692,-80,1464,51,-0.1442779092531315,1.7620626351307214
251,1576767600,464,401,-63,865,51,0.007437005631604738,0.5403464500785321
251,1576782000,789,505,-284,1294,51,-1.9648568878699662,1.4153318313596492
251,1576796400,297,346,49,643,51,1.0069705625192789,0.08755681221277917
251,1576810800,37,39,2,76,51,0.5875234448967728,-1.0688923980119143
251,1576825200,64,70,6,134,51,0.6232210719284754,-0.9505960061370778
251,1576839600,620,656,36,1276,51,0.8909532746662452,1.3786191580191829
251,1576854000,503,373,-130,876,51,-0.5904982471494145,0.5627819726754838
251,1576868400,741,438,-303,1179,51,-2.1344206162705537,1.1807786405733358
251,1576882800,235,236,1,471,51,0.578599038138847,-0.2632531774850114
251,1576897200,46,57,11,103,51,0.6678431057181037,-1.0138233880012146
251,1576911600,9,32,23,41,51,0.7749359868132116,-1.1402781517294878
251,1576926000,167,158,-9,325,51,0.48935497055959043,-0.5610337501354615
251,1576940400,354,227,-127,581,51,-0.5637250268756375,-0.03889795151549419
251,1576954800,352,221,-131,573,51,-0.5994226539073402,-0.05521469522236817
251,1576969200,186,147,-39,333,51,0.22162276782182058,-0.5447170064285876
251,1576983600,47,54,7,101,51,0.632145478686401,-1.017902573927933
251,1576998000,9,24,15,33,51,0.7035407327498063,-1.1565948954363618
251,1577012400,125,113,-12,238,51,0.46258175028581344,-0.7384783379477161
251,1577026800,309,245,-64,554,51,-0.0014874011263209222,-0.09396696152619387
251,1577041200,299,291,-8,590,51,0.4982793773175161,-0.02054161484526096
251,1577055600,158,136,-22,294,51,0.3733376827065568,-0.6242611319995982
251,1577070000,30,26,-4,56,51,0.5339770043492187,-1.1096842572790993
251,1577084400,35,52,17,87,51,0.7213895462656577,-1.0464568754149626
251,1577098800,457,398,-59,855,51,0.04313463266330738,0.5199505204449396
251,1577113200,505,347,-158,852,51,-0.840381636371333,0.5138317415548619
251,1577127600,842,414,-428,1256,51,-3.2499714610112616,1.337827298751998
251,1577142000,224,240,16,464,51,0.7124651395077319,-0.27753032822852614
251,1577156400,39,35,-4,74,52,0.5230222693789852,-1.0731376556226266
251,1577170800,28,60,32,88,52,1.1685811847267613,-1.024542742915187
251,1577185200,319,307,-12,626,52,0.379564732635035,0.8428903311278527
251,1577199600,428,310,-118,738,52,-1.521247629222306,1.2316496327873703
251,1577214000,423,322,-101,745,52,-1.2164003636414116,1.2559470891410902
251,1577228400,133,142,9,275,52,0.7561407665879044,-0.37545355175152817
251,1577242800,30,37,7,67,52,0.7202763824019168,-1.0974351119763466
251,1577257200,10,15,5,25,52,0.6844119982159292,-1.2432198500986655
251,1577271600,63,73,10,136,52,0.7740729586808982,-0.8579316136325366
251,1577286000,213,164,-49,377,52,-0.2839263748057349,-0.021404902025896122
251,1577300400,235,177,-58,412,52,-0.44531610364267893,0.10008237974270312
251,1577314800,92,100,8,192,52,0.7382085744949106,-0.6635519628027778
251,1577329200,30,27,-3,57,52,0.540954461471979,-1.132145763910232
251,1577343600,33,41,8,74,52,0.7382085744949106,-1.0731376556226266
251,1577358000,319,282,-37,601,52,-0.06874006968980954,0.7561137012931389
251,1577372400,373,259,-114,632,52,-1.4495188608503309,0.863716722288184
251,1577386800,486,361,-125,847,52,-1.6467729738732624,1.609995738866722
251,1577401200,182,221,39,403,52,1.2941065293777176,0.06884279300220617
251,1577415600,38,38,0,76,52,0.5947510377509604,-1.0661955252358495
251,1577430000,33,45,12,78,52,0.8099373428668858,-1.0592533948490725
251,1577444400,336,324,-12,660,52,0.379564732635035,0.9609065477030634
251,1577458800,426,303,-123,729,52,-1.6109085896872748,1.2004100460468734
251,1577473200,513,364,-149,877,52,-2.077145584105113,1.7141276946683786
251,1577487600,214,193,-21,407,52,0.21817500379809096,0.08272705377576037
