remote_unit_id,time_stamp,entries,exits,num_people_exited,sum_exit_entry,week_num,z_score_num_people_exited,z_score_sum_exit_entry
260,1546311600,86,209,123,295,1,0.5905294264571529,-1.0265422607404837
260,1546326000,90,104,14,194,1,0.12824424958970315,-1.2049652825409072
260,1546340400,288,135,-153,423,1,-0.5800275351521693,-0.8004219954884622
260,1546354800,326,254,-72,580,1,-0.236494513810303,-0.5230713576402792
260,1546369200,410,465,55,875,1,0.3021313344664503,-0.001934808817260564
260,1546383600,217,404,187,621,1,0.8619629248013435,-0.4506422101767411
260,1546398000,50,138,88,188,1,0.4420892320501736,-1.2155646699745957
260,1546412400,297,74,-223,371,1,-0.8769079239661278,-0.892283353247096
260,1546426800,1001,527,-474,1528,1,-1.9414361752847504,1.1516318568825064
260,1546441200,568,492,-76,1060,1,-0.25345910745681494,0.32487963705480205
260,1546455600,848,1038,190,1886,1,0.8746863700362274,1.7840619737592545
260,1546470000,290,501,211,791,1,0.963750486680415,-0.1503262328888998
260,1546484400,60,196,136,256,1,0.6456643558083166,-1.0954382790594592
260,1546498800,358,90,-268,448,1,-1.067759602489387,-0.7562578811814267
260,1546513200,1185,559,-626,1744,1,-2.5860907338522034,1.5332098044952929
260,1546527600,665,529,-136,1194,1,-0.5079280121544937,0.5615992897405122
260,1546542000,882,1086,204,1968,1,0.9340624477990191,1.928920268686331
260,1546556400,356,521,165,877,1,0.768657659745528,0.0015983203273022748
260,1546570800,60,217,157,277,1,0.7347284724525042,-1.0583404230415494
260,1546585200,350,261,-89,611,1,-0.30859403680797864,-0.46830785589955526
260,1546599600,1143,547,-596,1690,1,-2.458856281503364,1.4378153175920962
260,1546614000,684,596,-88,1280,1,-0.30435288839635066,0.7135238429567143
260,1546628400,825,1031,206,1856,1,0.9425447446222751,1.7310650365908118
260,1546642800,345,518,173,863,1,0.8025868470385518,-0.023133583684637596
260,1546657200,53,243,190,296,1,0.8746863700362274,-1.0247756961682024
260,1546671600,160,89,-71,249,1,-0.23225336539867503,-1.107804231065429
260,1546686000,504,258,-246,762,1,-0.9744543374335713,-0.20155660548506096
260,1546700400,510,455,-55,965,1,-0.16439499081262735,0.1570560026880672
260,1546714800,486,702,216,1188,1,0.9849562287385549,0.5509999023068237
260,1546729200,294,515,221,809,1,1.006161970796695,-0.11852807058783424
260,1546743600,71,245,174,316,1,0.8068279954501798,-0.989444404722574
260,1546758000,115,65,-50,180,1,-0.14318924875448746,-1.229697186552847
260,1546772400,415,201,-214,616,1,-0.838737588261476,-0.4594750330381482
260,1546786800,509,457,-52,966,1,-0.15167154557774343,0.1588225672603486
260,1546801200,512,632,120,1144,1,0.5778059812222689,0.47327106112644124
260,1546815600,248,427,179,675,1,0.8280337375083197,-0.3552477232735444
260,1546830000,54,171,117,225,1,0.565082535987385,-1.1502017808001832
260,1546844400,347,111,-236,458,1,-0.9320428533172915,-0.7385922354586124
260,1546858800,1198,642,-556,1840,1,-2.289210345038245,1.7028000034343092
260,1546873200,635,568,-67,1203,1,-0.2152887717521631,0.577498370891045
260,1546887600,956,1253,297,2209,1,1.3284892500804213,2.354662330606153
260,1546902000,288,531,243,819,1,1.0994672358525104,-0.10086242486502005
260,1546916400,58,200,142,258,2,0.6076394920574666,-1.1541035462529308
260,1546930800,322,121,-201,443,2,-0.6178476313612459,-0.86506617141376
260,1546945200,1270,617,-653,1887,2,-2.232775269219141,1.3909877165200917
260,1546959600,625,549,-76,1174,2,-0.1712415368208988,0.27702205024804444
260,1546974000,889,1273,384,2162,2,1.4722688910875783,1.8206378683080482
260,1546988400,315,636,321,951,2,1.2471794194392434,-0.07138516374728032
260,1547002800,53,198,145,251,2,0.6183580383264349,-1.1650400955711697
260,1547017200,329,101,-228,430,2,-0.7143145477819608,-0.885376905861918
260,1547031600,1246,612,-634,1858,2,-2.164891142849008,1.3456791550588163
260,1547046000,705,583,-122,1288,2,-0.33559257961174654,0.45513156771650637
260,1547060400,873,1158,285,2031,2,1.1185568642116235,1.615968159638149
260,1547074800,331,628,297,959,2,1.1614310492874969,-0.05888625024072159
260,1547089200,69,221,152,290,2,0.6433679796206944,-1.1041078922266958
260,1547103600,358,88,-270,446,2,-0.8643741955475174,-0.8603790788488005
260,1547118000,1253,657,-596,1910,2,-2.029122890108743,1.426922092851448
260,1547132400,655,554,-101,1209,2,-0.2605627557289682,0.33170479683923887
260,1547146800,912,1137,225,2049,2,0.9041859388322571,1.644090715027906
260,1547161200,305,538,233,843,2,0.9327687288828391,-0.24012049608582325
260,1547175600,56,227,171,283,2,0.7112521059908271,-1.1150444415449348
260,1547190000,334,94,-240,428,2,-0.7571887328578342,-0.8885016342385577
260,1547204400,1218,577,-641,1795,2,-2.189901084143268,1.2472502111946662
260,1547218800,699,568,-131,1267,2,-0.3677482184186515,0.42232191976178973
260,1547233200,912,1247,335,2159,2,1.2971993020277623,1.8159507757430886
260,1547247600,356,554,198,910,2,0.807719022411542,-0.13544209546839384
260,1547262000,73,228,155,301,2,0.6540865258896627,-1.0869218861551775
260,1547276400,136,77,-59,213,2,-0.11050310796341159,-1.2244099347273236
260,1547290800,522,270,-252,792,2,-0.8000629179337074,-0.31980106969013516
260,1547305200,591,551,-40,1142,2,-0.04261898159327883,0.22702639622180948
260,1547319600,592,738,146,1330,2,0.6219308870827577,0.5207508636259398
260,1547334000,324,454,130,778,2,0.5647653069815932,-0.34167416832661296
260,1547348400,79,259,180,338,2,0.7434077447977321,-1.0291144111873434
260,1547362800,99,63,-36,162,2,-0.028327586567987725,-1.3040905083316356
260,1547377200,422,200,-222,622,2,-0.6928774552440241,-0.5854029817045083
260,1547391600,493,359,-134,852,2,-0.37846676468761986,-0.22605921839094467
260,1547406000,461,568,107,1029,2,0.4825897855861694,0.05047924294166734
260,1547420400,223,367,144,590,2,0.6147851895701121,-0.6353986357307433
260,1547434800,59,151,92,210,2,0.42899705424132767,-1.2290970272922832
260,1547449200,320,81,-239,401,2,-0.7536158841015114,-0.9306854673231933
260,1547463600,1163,677,-486,1840,2,-1.6361095269132373,1.317556599669059
260,1547478000,619,496,-123,1115,2,-0.3391654283680693,0.18484256313717373
260,1547492400,924,1150,226,2074,2,0.9077587875885798,1.683149819735902
260,1547506800,277,514,237,791,2,0.9470601239081302,-0.321363433878455
260,1547521200,52,188,136,240,3,0.7032776986073469,-1.11268823146377
260,1547535600,343,107,-236,450,3,-0.8863266629756855,-0.7531657521236677
260,1547550000,1256,654,-602,1910,3,-2.4502922445331854,1.7463714851932353
260,1547564400,661,578,-83,1239,3,-0.23253777232459966,0.5976115631112888
260,1547578800,951,1224,273,2175,3,1.2886965091903453,2.200054613884317
260,1547593200,357,592,235,949,3,1.1263175690286378,0.1011281392606711
260,1547607600,53,235,182,288,3,0.8998416788030983,-1.030511664757461
260,1547622000,347,95,-252,442,3,-0.9546967430437729,-0.7668618465747191
260,1547627059,622,324,-298,946,3,-1.1512607232395244,0.09599210384152677
260,1547636400,639,376,-263,1015,3,-1.0017011730905832,0.21412091848184617
260,1547650800,685,545,-140,1230,3,-0.4761061825671611,0.5822034568538558
260,1547665200,909,1053,144,1962,3,0.7374627386413907,1.8353960991250702
260,1547679600,282,591,309,873,3,1.442529189343542,-0.028984758024318366
260,1547694000,67,214,147,281,3,0.750282128654157,-1.042495747402131
260,1547708400,348,100,-248,448,3,-0.9376042230267511,-0.7565897757364305
260,1547722800,1280,695,-585,1975,3,-2.3776490344608425,1.8576522526080288
260,1547737200,659,536,-123,1195,3,-0.4034629724948182,0.5222830436305054
260,1547751600,919,1241,322,2160,3,1.498079879398863,2.1743744367885953
260,1547766000,332,562,230,894,3,1.1049519190073605,0.006967489909691881
260,1547780400,64,217,153,281,3,0.7759209086796898,-1.042495747402131
260,1547794800,339,114,-225,453,3,-0.8393222329288754,-0.7480297167045232
260,1547809200,1204,674,-530,1878,3,-2.142626884226792,1.6915871073890292
260,1547823600,656,507,-149,1163,3,-0.5145643526054603,0.46749866582629934
260,1547838000,816,1089,273,1905,3,1.2886965091903453,1.737811426161328
260,1547852400,356,540,184,896,3,0.9083879388116092,0.010391513522454762
260,1547866800,70,243,173,313,3,0.8613835087647991,-0.9877113695979249
260,1547881200,144,66,-78,210,3,-0.21117212230332236,-1.1640485856552132
260,1547895600,556,358,-198,914,3,-0.7239477228139779,0.04120772603732069
260,1547910000,564,519,-45,1083,3,-0.07015883216289204,0.33053772131578407
260,1547924400,560,648,88,1208,3,0.49816745840308463,0.5445391971134641
260,1547938800,290,391,101,681,3,0.5537181484584057,-0.3576910248495549
260,1547953200,54,196,142,250,3,0.7289164786328797,-1.0955681133999557
260,1547967600,107,63,-44,170,3,-0.06588570215863657,-1.2325290579104708
260,1547982000,360,153,-207,513,3,-0.7624058928522771,-0.6453090083216368
260,1547996400,424,325,-99,749,3,-0.3009078523926871,-0.24127422201561696
260,1548010800,409,484,75,893,3,0.4426167683477636,0.005255478103310441
260,1548025200,159,320,161,479,3,0.8101059487137335,-0.7035174097386059
260,1548039600,51,164,113,215,3,0.6049957085094713,-1.1554885266233061
260,1548054000,195,56,-139,251,3,-0.47183305256290564,-1.0938561015935742
260,1548068400,565,290,-275,855,3,-1.0529787331416487,-0.05980097053918429
260,1548082800,427,343,-84,770,3,-0.23681090232885513,-0.2053219740816067
260,1548097200,444,546,102,990,3,0.5579912784626612,0.17132062332231016
260,1548111600,172,303,131,475,3,0.6819120485860696,-0.7103654569641316
260,1548126000,51,137,86,188,4,0.4857830639570511,-1.3198176049009058
260,1548140400,312,97,-215,409,4,-0.7257516558190468,-0.9444369703462802
260,1548154800,1103,562,-541,1665,4,-2.0379121828855182,1.1889479934573841
260,1548169200,623,541,-82,1164,4,-0.19042236103425933,0.33797198480640017
260,1548183600,849,1025,176,1874,4,0.8480359702023961,1.5439459691221658
260,1548198000,327,615,288,942,4,1.2988395868632696,-0.03910720465571244
260,1548212400,67,210,143,277,4,0.7152099045791029,-1.1686462181345634
260,1548226800,340,105,-235,445,4,-0.8062523016513456,-0.8832889936767484
260,1548241200,1201,615,-586,1816,4,-2.219038636008191,1.4454297844879203
260,1548255600,684,537,-147,1221,4,-0.45204945998923063,0.43478961453315884
260,1548270000,868,1034,166,1902,4,0.8077856472862467,1.5915055065318016
260,1548284400,294,559,265,853,4,1.206263844156126,-0.1902785914220549
260,1548298800,71,233,162,304,4,0.7916855181197868,-1.1227852356324146
260,1548313200,331,102,-229,433,4,-0.7821021079016559,-0.9036716525665923
260,1548327600,1089,551,-538,1640,4,-2.0258370860106734,1.1464841207702092
260,1548342000,599,525,-74,1124,4,-0.1582221027013398,0.27002978850692044
260,1548356400,800,992,192,1792,4,0.9124364868682352,1.4046644667082324
260,1548370800,335,530,195,865,4,0.92451158374308,-0.16989593253221097
260,1548385200,55,220,165,275,4,0.8037606149946317,-1.1720433279495373
260,1548399600,358,118,-240,476,4,-0.8263774631094203,-0.8306337915446516
260,1548414000,1121,576,-545,1697,4,-2.054012312051978,1.243301750496968
260,1548428400,747,670,-77,1417,4,-0.17029719957618464,0.7677063764006097
260,1548442800,872,1141,269,2013,4,1.2223639733225857,1.7800451012628578
260,1548457200,378,538,160,916,4,0.783635453536557,-0.08326963225037429
260,1548471600,71,261,190,332,4,0.9043864222850053,-1.0752256982227788
260,1548486000,147,71,-76,218,4,-0.16627216728456967,-1.268860957676296
260,1548500400,552,304,-248,856,4,-0.8585777214423399,-0.1851829266995939
260,1548514800,601,494,-107,1095,4,-0.2910481683246329,0.2207716961897976
260,1548529200,588,710,122,1298,4,0.6306842264551892,0.5655783424096573
260,1548543600,319,413,94,732,4,0.5179833222899707,-0.3958037352279812
260,1548558000,68,241,173,309,4,0.8359608733275512,-1.1142924610949796
260,1548572400,78,60,-18,138,4,0.06717970562909703,-1.4047453502752556
260,1548586800,432,203,-229,635,4,-0.7821021079016559,-0.5605635612542196
260,1548601200,515,396,-119,911,4,-0.33934855582401224,-0.09176240678780925
260,1548615600,463,610,147,1073,4,0.7313100337455627,0.18340348822508376
260,1548630000,201,396,195,597,4,0.92451158374308,-0.6251086477387253
260,1548644400,66,161,95,227,4,0.5220083545815857,-1.2535739635089131
260,1548658800,329,103,-226,432,4,-0.7700270110268111,-0.9053702074740793
260,1548673200,1140,660,-480,1800,4,-1.7923852130970066,1.4182529059681284
260,1548687600,703,549,-154,1252,4,-0.48022468603053525,0.48744481666525563
260,1548702000,958,1130,172,2088,4,0.8319358410359363,1.9074367193243824
260,1548716400,288,542,254,830,4,1.1619884889483616,-0.22934535429425576
260,1548730800,51,187,136,238,5,0.6405682730742199,-1.2148236475547278
260,1548745200,370,106,-264,476,5,-0.9586583486973141,-0.8356696685737895
260,1548759600,923,771,-152,1694,5,-0.5108748946012845,1.1047065767992474
260,1548774000,672,594,-78,1266,5,-0.2150179695735508,0.4228666482116778
260,1548788400,964,1284,320,2248,5,1.376212519089126,1.9872750824943726
260,1548802800,360,542,182,902,5,0.8244793345779464,-0.157015907876816
260,1548817200,62,206,144,268,5,0.6725528055096507,-1.167031129195786
260,1548831600,335,93,-242,428,5,-0.8707008844998798,-0.9121376979480964
260,1548846000,1252,600,-652,1852,5,-2.5099081718157024,1.3564138401563408
260,1548860400,687,512,-175,1199,5,-0.6028304253531478,0.31613002387670774
260,1548874800,870,1121,251,1991,5,1.1003459268335363,1.5778525085527713
260,1548889200,266,463,197,729,5,0.8844503328943789,-0.43261943041338036
260,1548903600,42,182,140,224,5,0.6565605392919354,-1.2371268227889005
260,1548918000,299,87,-212,386,5,-0.7507588878670147,-0.9790472236506149
260,1548932400,1043,494,-549,1537,5,-2.098107316709532,0.854592397387452
260,1548946800,586,439,-147,1025,5,-0.4908845618291404,0.038933417394845356
260,1548961200,802,952,150,1754,5,0.6965412048362237,1.2002916135171309
260,1548975600,287,477,190,764,5,0.8564638670133771,-0.37686149232794824
260,1548990000,61,214,153,275,5,0.7085354044995101,-1.1558795415786995
260,1549004400,292,105,-187,397,5,-0.6508072240062939,-0.9615233002523362
260,1549018800,1064,738,-326,1802,5,-1.206538475071902,1.2767596428914378
260,1549033200,657,559,-98,1216,5,-0.29497930066212746,0.34321245094677477
260,1549047600,878,1127,249,2005,5,1.0923497937246784,1.600155683786944
260,1549062000,318,526,208,844,5,0.9284290649930961,-0.24941477670410347
260,1549076400,60,248,188,308,5,0.8484677339045195,-1.1033077713838635
260,1549090800,141,53,-88,194,5,-0.25499863511783916,-1.2849193411478423
260,1549105200,601,349,-252,950,5,-0.9106815500441682,-0.08054787850250913
260,1549119600,602,521,-81,1123,5,-0.22701216923683729,0.19505564403405523
260,1549134000,604,706,102,1310,5,0.5046340102236396,0.4929623418047924
260,1549148400,323,436,113,759,5,0.5486127423223568,-0.3848269120544386
260,1549162800,82,271,189,353,5,0.8524658004589483,-1.0316189938454507
260,1549177200,96,57,-39,153,5,-0.0590933739508262,-1.3502357829050629
260,1549206000,983,630,-353,1613,5,-1.3144862720414805,0.9756667772301045
260,1549220400,531,628,97,1159,5,0.4846436774514954,0.2524066660647854
260,1549234800,240,386,146,626,5,0.6805489386185083,-0.5967070767790805
260,1549249200,67,175,108,242,5,0.5286224095502126,-1.2084513117735356
260,1549263600,311,95,-216,406,5,-0.76675115408473,-0.9471855447446537
260,1549278000,1264,624,-640,1888,5,-2.4619313731625563,1.413764862187071
260,1549292400,701,626,-75,1327,5,-0.20302376991026427,0.5200447688748594
260,1549306800,936,1155,219,2091,5,0.9724077970918134,1.7371609030825772
260,1549321200,325,676,351,1001,5,1.5001525822764197,0.0006994027076919195
260,1549335600,60,212,152,272,6,0.6443604285149832,-1.1905500113577385
260,1549350000,344,83,-261,427,6,-0.8214856033566101,-0.9481429624746535
260,1549364400,1154,549,-605,1703,6,-2.0424324192496566,1.0474144205886786
260,1549378800,690,604,-86,1294,6,-0.2003644034110197,0.40777259482621553
260,1549393200,848,1114,266,1962,6,1.0489765244795393,1.4524687796900915
260,1549407600,366,664,298,1030,6,1.16255297246959,-0.0051013464972324415
260,1549422000,65,215,150,280,6,0.637261900515605,-1.1780386798024824
260,1549436400,352,108,-244,460,6,-0.7611481153618956,-0.8965337198092225
260,1549450800,1319,619,-700,1938,6,-2.3796124992201197,1.4149347850243235
260,1549465200,666,628,-38,1294,6,-0.029999731425943484,0.40777259482621553
260,1549479600,931,1127,196,2058,6,0.8005280445013031,1.6026047583531635
260,1549494000,329,618,289,947,6,1.1306095964723883,-0.13490641138301343
260,1549508400,68,210,142,278,6,0.6088677885180923,-1.1811665126912965
260,1549522800,355,100,-255,455,6,-0.8001900193584757,-0.9043533020312574
260,1549537200,1382,669,-713,2051,6,-2.4257529312160777,1.5916573432423144
260,1549551600,748,600,-148,1348,6,-0.42041877139174316,0.49222408282419355
260,1549566000,936,1207,271,2143,6,1.0667228444779846,1.7355376561277585
260,1549580400,365,636,271,1001,6,1.0667228444779846,-0.05045492338503544
260,1549594800,69,220,151,289,6,0.6408111645152941,-1.1639634318028194
260,1549609200,326,98,-228,424,6,-0.7043598913668703,-0.9528347118078744
260,1549623600,1228,678,-550,1906,6,-1.8472228992667565,1.3648894588032996
260,1549638000,708,676,-32,1384,6,-0.008704147427808954,0.5485250748228455
260,1549652400,864,1161,297,2025,6,1.159003708469901,1.5509955156877326
260,1549666800,352,579,227,931,6,0.9105552284916648,-0.15992907449352545
260,1549681200,77,258,181,335,6,0.7472890845059668,-1.0920232753600974
260,1549695600,170,74,-96,244,6,-0.23585704340791058,-1.2343396718011344
260,1549710000,596,322,-274,918,6,-0.8676260353525683,-0.18025998827081643
260,1549724400,618,516,-102,1134,6,-0.2571526274060451,0.15754596372109556
260,1549738800,582,714,132,1296,6,0.5733751485212014,0.41090042771502955
260,1549753200,288,491,203,779,6,0.8253728924991267,-0.3976443740433894
260,1549767600,71,254,183,325,6,0.7543876125053449,-1.1076624398041675
260,1549782000,97,63,-34,160,6,-0.01580267542718713,-1.3657086531313225
260,1549796400,442,211,-231,653,6,-0.7150076833659375,-0.5946978460386715
260,1549810800,517,455,-62,972,6,-0.11518206741848158,-0.09580850027283844
260,1549825200,545,562,17,1107,6,0.16520978855695637,0.11532021972210656
260,1549839600,215,425,210,640,6,0.8502177404969503,-0.6150287598159624
260,1549854000,51,180,129,231,6,0.5627273565221341,-1.2546705855784255
260,1549868400,356,100,-256,456,6,-0.8037392833581647,-0.9027893855868504
260,1549882800,1222,745,-477,1967,6,-1.5881266272894532,1.4602883619121265
260,1549897200,685,572,-113,1257,6,-0.2961945314026251,0.34990768638315656
260,1549911600,947,1170,223,2117,6,0.8963581724929084,1.6948758285731764
260,1549926000,315,591,276,906,6,1.0844691644764302,-0.19902698560370044
260,1549940400,58,200,142,258,7,0.6413209095280102,-1.1838967682637538
260,1549954800,371,88,-283,459,7,-0.9246952649008521,-0.8588737920789534
260,1549969200,1179,584,-595,1763,7,-2.0743353741286286,1.2497329787915918
260,1549983600,592,494,-98,1086,7,-0.24301763603181784,0.155003850049752
260,1549998000,791,953,162,1744,7,0.7150157883246625,1.2190094138786007
260,1550012400,299,491,192,790,7,0.825558106519641,-0.32363695070000364
260,1550026800,61,176,115,237,7,0.5418328231525296,-1.2178543926412702
260,1550041200,350,100,-250,450,7,-0.8030987148863756,-0.8734270596693176
260,1550055600,1295,688,-607,1983,7,-2.11855230140662,1.6054795198893832
260,1550070000,680,619,-61,1299,7,-0.106682110258011,0.49943118302170453
260,1550084400,955,1228,273,2183,7,1.124022365646083,1.9288854663419208
260,1550098800,369,685,316,1054,7,1.2824663550588855,0.10325889861734598
260,1550113200,60,206,146,266,7,0.6560598852873407,-1.170960530405652
260,1550127600,343,105,-238,448,7,-0.7588817876083842,-0.8766611191338429
260,1550142000,1349,655,-694,2004,7,-2.4391250241720575,1.6394371442668996
260,1550156400,718,627,-91,1345,7,-0.2172244284529895,0.5738145507057882
260,1550170800,977,1281,304,2258,7,1.2382494277808942,2.0501626962616224
260,1550185200,373,646,273,1019,7,1.124022365646083,0.04666285798815191
260,1550199600,62,210,148,272,7,0.6634293731670059,-1.161258352012076
260,1550214000,339,104,-235,443,7,-0.7478275557888864,-0.8847462677951564
260,1550228400,1337,659,-678,1996,7,-2.3801691211347356,1.626500906408798
260,1550242800,668,595,-73,1263,7,-0.1508990375360024,0.4412181126602478
260,1550257200,905,1245,340,2150,7,1.3709002096148684,1.875523485177252
260,1550271600,364,591,227,955,7,0.9545241444137826,-0.05682704487666013
260,1550286000,87,283,196,370,7,0.8402970822789715,-1.0027894382503326
260,1550300400,168,77,-91,245,7,-0.2172244284529895,-1.2049181547831687
260,1550314800,610,322,-288,932,7,-0.9431189846000151,-0.09401872871870195
260,1550329200,635,561,-74,1196,7,-0.154583781475835,0.3328771205986477
260,1550343600,601,704,103,1305,7,0.49761589587453814,0.5091333614152806
260,1550358000,364,504,140,868,7,0.633951421648345,-0.19750863158351398
260,1550372400,76,274,198,350,7,0.8476665701586368,-1.0351300328955864
260,1550386800,120,63,-57,183,7,-0.09194313449868052,-1.3051739981834554
260,1550401200,421,213,-208,634,7,-0.6483394694134057,-0.575893588932983
260,1550415600,518,400,-118,918,7,-0.3167125148284702,-0.11665714497037959
260,1550430000,517,651,134,1168,7,0.6118429580093493,0.2876002880952924
260,1550444400,235,409,174,644,7,0.7592327156026539,-0.559723291610356
260,1550458800,72,211,139,283,7,0.6302666777085124,-1.1434710249571864
260,1550473200,196,62,-134,258,7,-0.375668417865792,-1.1838967682637538
260,1550487600,726,360,-366,1086,7,-1.2305290119069592,0.155003850049752
260,1550502000,631,516,-115,1147,7,-0.3056582830089723,0.253642663717776
260,1550516400,707,802,95,1509,7,0.46813794435587724,0.839007426796869
260,1550530800,287,478,191,765,7,0.8218733625798085,-0.3640626940065709
260,1550545200,49,186,137,235,8,0.7009489752879381,-1.36570002740606
260,1550559600,329,80,-249,409,8,-0.7649238973917339,-1.0462859280427237
260,1550574000,1083,529,-554,1612,8,-1.9231913226956199,1.1620770692796538
260,1550588400,735,582,-153,1317,8,-0.4003544782796912,0.6205416709337673
260,1550602800,800,1083,283,1883,8,1.255398300187503,1.6595553504719764
260,1550617200,328,613,285,941,8,1.262993496419004,-0.06968649780539632
260,1550631600,55,213,158,268,8,0.7806985357186974,-1.30512149131991
260,1550646000,345,84,-261,429,8,-0.8104950747807392,-1.0095716637480872
260,1550660400,1130,535,-595,1665,8,-2.078892845441388,1.25936986966044
260,1550674800,664,569,-95,1233,8,-0.18009378756616534,0.4663417608962946
260,1550689200,712,906,194,1618,8,0.9174120678857135,1.1730913485680445
260,1550703600,279,542,263,821,8,1.1794463378724942,-0.2899720835732145
260,1550718000,62,194,132,256,8,0.6819609847091859,-1.3271500498966917
260,1550732400,360,97,-263,457,8,-0.8180902710122402,-0.9581716937355963
260,1550739598,650,250,-400,900,8,-1.3383612128700513,-0.14495073960940086
260,1550746800,413,299,-114,712,8,-0.2522481517654238,-0.4900648239789827
260,1550761200,695,615,-80,1310,8,-0.12312981582990866,0.6076916784306446
260,1550775600,900,1061,161,1961,8,0.7920913300659488,1.8027409812210582
260,1550790000,351,650,299,1001,8,1.3161598700395103,0.04045629507851278
260,1550804400,60,247,187,307,8,0.8908288810754603,-1.233528675945369
260,1550818800,326,93,-233,419,8,-0.7041623275397267,-1.0279287958954055
260,1550824724,557,176,-381,733,8,-1.2662068486707927,-0.4515148464696145
260,1550833200,441,316,-125,757,8,-0.29402173103867874,-0.4074577293160509
260,1550847600,761,583,-178,1344,8,-0.4952944311734523,0.6701059277315264
260,1550862000,864,993,129,1857,8,0.6705681903619345,1.6118268068889492
260,1550876400,396,612,216,1008,8,1.0009592264322233,0.053306287581635504
260,1551510000,157,60,-97,217,9,-0.3086536268071222,-1.292442069916608
260,1551524400,472,241,-231,713,9,-1.0425920003630975,-0.11683564774434915
260,1551538800,621,424,-197,1045,9,-0.8563688309533725,0.6700621993548241
260,1551553200,541,603,62,1144,9,0.5622135477854158,0.9047094489416257
260,1551567600,316,416,100,732,9,0.7703453253609909,-0.07180233721758925
260,1551582000,65,270,205,335,9,1.3454462897145538,-1.0127615098030465
260,1551596400,111,50,-61,161,9,-0.11147615331447211,-1.4251718272586371
260,1551610800,469,178,-291,647,9,-1.3712211228508477,-0.2732671474688836
260,1551625200,534,372,-162,906,9,-0.6646685095021849,0.34060798023800154
260,1551639600,524,519,-5,1043,9,0.19524436100742806,0.6653218508783231
260,1551654000,183,341,158,524,9,1.0880201437658161,-0.5647985787736978
260,1551668400,52,169,117,221,9,0.8634569100658535,-1.282961372963606
260,1551682800,270,90,-180,360,9,-0.76325724624851,-0.9535071538467834
260,1551697200,830,414,-416,1244,9,-2.055865128033661,1.1417268727666778
260,1551711600,552,501,-51,1053,9,-0.056704632899847084,0.6890235932608283
260,1551726000,832,934,102,1766,9,0.781299629443916,2.37895782513345
260,1551740400,296,552,256,848,9,1.6247810438291412,0.2031378744194713
260,1551754800,60,197,137,257,10,0.6547507274988542,-1.1399870541024841
260,1551769200,377,94,-283,471,10,-1.118892404160311,-0.7940822428937645
260,1551783600,1272,728,-544,2000,10,-2.221084921691364,1.677359141863864
260,1551798000,635,639,4,1274,10,0.09309706914011853,0.50386898795017
260,1551812400,961,1206,245,2167,10,1.1108303899254968,1.9472942048164632
260,1551826800,413,651,238,1064,10,1.0812696710645107,0.16442968723133283
260,1551841200,57,227,170,284,10,0.7941084021292172,-1.0963448582957767
260,1551855600,374,108,-266,482,10,-1.0471020869264875,-0.7763020890465873
260,1551870000,463,617,154,1080,10,0.7265410447326776,0.1902917291908633
260,1551884400,704,615,-89,1319,10,-0.2996381957272681,0.5766059809613494
260,1551898800,961,1211,250,2172,10,1.1319451891119154,1.9553760929288164
260,1551913200,349,605,256,954,10,1.1572829481356177,-0.013371851240439006
260,1551927600,60,206,146,266,10,0.6927573660344077,-1.1254396555002484
260,1551942000,356,96,-260,452,10,-1.0217643279027853,-0.8247934177207069
260,1551945990,492,199,-293,691,10,-1.1611220025331483,-0.4384791659502208
260,1551946117,31,30,-1,61,10,0.0719822699536999,-1.4567970681067322
260,1551952509,577,284,-293,861,10,-1.1611220025331483,-0.16369497013020975
260,1551956400,184,118,-66,302,10,-0.20251011946974234,-1.067250061091305
260,1551970800,695,556,-139,1251,10,-0.5107861875914544,0.466692302633345
260,1551985200,938,1122,184,2060,10,0.8532298398511894,1.7743417992121033
260,1551999600,389,644,255,1033,10,1.1530599882983341,0.11432198093474259
260,1552014000,53,264,211,317,10,0.9672497554578501,-1.043004396754245
260,1552028400,330,103,-227,433,10,-0.8824066532724223,-0.8555045925476493
260,1552042800,1277,638,-639,1915,10,-2.622266106233318,1.5399670439538586
260,1552057200,748,653,-95,1401,10,-0.3249759547509704,0.709148946003943
260,1552071600,890,1140,250,2030,10,1.1319451891119154,1.7258504705379838
260,1552086000,375,557,182,932,10,0.844783920176622,-0.04893215893479337
260,1552100400,77,267,190,344,10,0.8785675988748918,-0.9993622009475374
260,1552114800,147,75,-72,222,10,-0.2278478784934447,-1.1965602708889571
260,1552129200,588,335,-253,923,10,-0.9922036090417992,-0.06347955753702925
260,1552143600,613,553,-60,1166,10,-0.17717236044603998,0.32930020472333943
260,1552158000,599,728,129,1327,10,0.6209670488005844,0.5895370019411146
260,1552172400,368,475,107,843,10,0.5280619323803424,-0.1927897673346815
260,1552190400,86,281,195,367,10,0.8996823980613105,-0.9621855156307124
260,1552204800,167,71,-96,238,10,-0.3291989145882542,-1.1706982289294265
260,1552219200,382,198,-184,580,10,-0.7008193802692221,-0.6178970820444633
260,1552233600,510,431,-79,941,10,-0.2574085973544308,-0.034384760332557496
260,1552248000,402,573,171,975,10,0.798331361966501,0.02057207883144471
260,1552262400,165,339,174,504,10,0.8110002414783521,-0.7407417813522329
260,1552276800,49,120,71,169,10,0.3760353782381282,-1.2822282848799016
260,1552291200,757,267,-490,1024,10,-1.9930450904780423,0.09977458233250672
260,1552305600,1016,701,-315,1717,10,-1.2540271189533903,1.2199242747046692
260,1552320000,783,720,-63,1503,10,-0.18984123995789118,0.8740194634959495
260,1552334400,837,1131,294,1968,10,1.3177554219523993,1.6256350579448033
260,1552348800,253,477,224,730,11,1.0226204850375658,-0.4421146723306675
260,1552363200,39,140,101,179,11,0.5297430569042562,-1.3686049783177283
260,1552377600,649,306,-343,955,11,-1.2494242446501294,-0.06378378513086955
260,1552392000,927,643,-284,1570,11,-1.0130033644886232,0.9703206398819115
260,1552406400,767,776,9,1543,11,0.16108676919478898,0.9249209334179358
260,1552420800,878,1121,243,1999,11,1.0987560227166948,1.691671531476193
260,1552435200,281,505,224,786,11,1.0226204850375658,-0.34795231818316225
260,1552449600,45,127,82,172,11,0.45360751922512715,-1.3803752725861664
260,1552464000,770,314,-456,1084,11,-1.7022303371628447,0.15312592353034793
260,1552478400,1056,666,-390,1722,11,-1.4377595220669224,1.2259041725679973
260,1552486124,373,301,-72,674,11,-0.1634910493320246,-0.5362770264781728
260,1552492800,431,444,13,875,11,0.1771153034430267,-0.19830143391301994
260,1552507200,879,1182,303,2061,11,1.3391840364402605,1.7959227092823593
260,1552521600,264,509,245,773,11,1.1067702898408136,-0.3698114361102617
260,1552536000,35,140,105,175,11,0.545771591152494,-1.3753308607568357
260,1552550400,831,287,-544,1118,11,-2.054858090624074,0.21029592426276186
260,1552551814,162,74,-88,236,11,-0.22760518632497545,-1.2727611535604462
260,1552551967,30,17,-13,47,11,0.07292983082948157,-1.5905590988082763
260,1552564800,844,527,-317,1371,11,-1.1452387720365842,0.6357079885363124
260,1552579200,832,713,-119,1545,11,-0.3518263267488177,0.9282838746374895
260,1552593600,914,1211,297,2125,11,1.315141235067904,1.9035368283080796
260,1552608000,291,562,271,853,11,1.2109557624543588,-0.2352937873281113
260,1552622400,52,154,102,206,11,0.5337501904663157,-1.3232052718537526
260,1552636800,778,277,-501,1055,11,-1.8825513474555189,0.10436327584681843
260,1552651200,984,617,-367,1601,11,-1.3455954501395557,1.0224462287849947
260,1552665600,833,771,-62,1604,11,-0.12341971371143036,1.0274906406143254
260,1552680000,785,1166,381,1951,11,1.6517404542808958,1.6109609422069027
260,1552694400,262,450,188,712,11,0.8783636768034264,-0.4723811433066513
260,1552708800,44,187,143,231,11,0.6980426665107522,-1.2811685066093306
260,1552723200,304,114,-190,418,11,-0.636332809655037,-0.966733502581054
260,1552737600,596,400,-196,996,11,-0.6603756110273936,0.00515650986998252
260,1552752000,598,546,-52,1144,11,-0.08334837809083609,0.2540141601169607
260,1552766400,557,660,103,1217,11,0.5377573240283751,0.3767615146306729
260,1552780800,287,465,178,752,11,0.8382923411828321,-0.40512231891557615
260,1552795200,50,184,134,234,11,0.6619784644522173,-1.2761240947799999
260,1552809600,216,75,-141,291,11,-0.43998326511412506,-1.1802802700227177
260,1552824000,492,256,-236,748,11,-0.8206609535097708,-0.41184820135468364
260,1552838400,561,511,-50,1072,11,-0.07533411096671723,0.13294827621302538
260,1552852800,460,549,89,1009,11,0.48165745415954314,0.027015627797081956
260,1552867200,200,381,181,581,11,0.8503137418690104,-0.6926537931874226
260,1552881600,46,101,55,147,11,0.3454149130495226,-1.4224120378305884
260,1552896000,781,256,-525,1037,11,-1.978722552944945,0.07409680487083459
260,1552910400,954,574,-380,1528,11,-1.3976881864463282,0.8996988742712826
260,1552924800,780,745,-35,1525,11,-0.015227107535825825,0.8946544624419519
260,1552939200,872,1158,286,2030,11,1.2710627658852502,1.743797120379276
260,1552953600,260,532,272,792,12,1.061798728496361,-0.4899308305189385
260,1552968000,38,161,123,199,12,0.5353578757844114,-1.5460341077306992
260,1552982400,824,268,-556,1092,12,-1.86365782214454,0.04435413265733167
260,1552996800,972,583,-389,1555,12,-1.2736200878969186,0.8689339258260419
260,1553011200,755,741,-14,1496,12,0.05131494409624309,0.7638578830680421
260,1553025600,865,1140,275,2005,12,1.0723982087523063,1.6703613705904472
260,1553040000,294,584,290,878,12,1.1253956100320328,-0.3367691410750744
260,1553054400,48,174,126,222,12,0.5459573560403568,-1.5050722605538518
260,1553068800,821,241,-580,1062,12,-1.9484536641921022,-0.009074363660295343
260,1553083200,1017,594,-423,1611,12,-1.393747530797632,0.9686671189522791
260,1553097600,805,777,-28,1582,12,0.0018507029018317237,0.9170195725119062
260,1553112000,886,1154,268,2040,12,1.0476660881551005,1.7326946162943453
260,1553126400,301,589,288,890,12,1.1183292898614026,-0.31539774254802355
260,1553140800,49,179,130,228,12,0.5600899963816172,-1.4943865612903264
260,1553155200,817,259,-558,1076,12,-1.8707241423151701,0.01585893462126393
260,1553169600,919,559,-360,1478,12,-1.1711584454227808,0.731800785277466
260,1553184000,698,677,-21,1375,12,0.026582823499037407,0.5483629479202798
260,1553198400,843,1088,245,1931,12,0.9664034061928534,1.5385710796736338
260,1553212800,292,509,217,801,12,0.8674749238040307,-0.4739022816236504
260,1553227200,44,177,133,221,12,0.5706894766375624,-1.506853210431106
260,1553241600,744,276,-468,1020,12,-1.5527397346368113,-0.08387425850497317
260,1553256000,973,586,-387,1559,12,-1.2665537677262884,0.8760577253350589
260,1553270400,807,722,-85,1529,12,-0.19953942196112884,0.8226292290174319
260,1553284800,867,1170,303,2037,12,1.171326691141129,1.7273517666625826
260,1553299200,317,564,247,881,12,0.9734697263634836,-0.33142629144331165
260,1553313600,55,213,158,268,12,0.6590184787704398,-1.423148566200157
260,1553328000,321,114,-207,435,12,-0.6305849523695708,-1.1257299366987
260,1553342400,590,388,-202,978,12,-0.6129191519429953,-0.158674153349651
260,1553356800,626,580,-46,1206,12,-0.061746178633840035,0.24738241866431432
260,1553371200,454,734,280,1188,12,1.0900640091788818,0.21532532087373812
260,1553385600,312,508,196,820,12,0.7932785620124135,-0.44006423395581995
260,1553400000,45,175,130,220,12,0.5600899963816172,-1.5086341603083602
260,1553414400,193,63,-130,256,12,-0.3585316258003083,-1.4445199647272078
260,1553428800,470,265,-205,735,12,-0.6235186321989405,-0.5914449735224299
260,1553443200,599,489,-110,1088,12,-0.2878684240940063,0.03723033314831474
260,1553457600,494,715,221,1209,12,0.8816075641452911,0.25272526829607705
260,1553472000,221,423,202,644,12,0.8144775225243042,-0.7535114123525651
260,1553486400,32,115,83,147,12,0.3940314723718075,-1.6386435013479193
260,1553500800,769,245,-524,1014,12,-1.7505966994144568,-0.09455995776849857
260,1553515200,974,622,-352,1596,12,-1.14289316474026,0.9419528707934656
260,1553529600,787,765,-22,1552,12,0.02304966341372231,0.8635910761942792
260,1553544000,810,1092,282,1902,12,1.097130329349512,1.486923533233261
260,1553558400,267,548,281,815,13,1.0957541012311152,-0.4685210177046351
260,1553572800,47,174,127,221,13,0.5560954149627186,-1.4887411756600544
260,1553587200,747,315,-432,1062,13,-1.40279553064789,-0.04428805639994053
260,1553601600,1032,605,-427,1637,13,-1.385274144730085,0.9432987968397331
260,1553616000,782,667,-115,1449,13,-0.2919396634590476,0.6204008343891964
260,1553630400,853,1213,360,2066,13,1.3725919987324355,1.6801244664742025
260,1553644800,304,604,300,908,13,1.1623353677187747,-0.30878957883282704
260,1553659200,47,187,140,234,13,0.6016510183490118,-1.4664131250650705
260,1553673600,790,296,-494,1086,13,-1.620060716028673,-0.003067039916893285
260,1553688000,1022,595,-427,1617,13,-1.385274144730085,0.9089479497705271
260,1553702400,819,816,-3,1635,13,0.10053938109978633,0.9398637121328125
260,1553716800,882,1095,213,1977,13,0.8574632527489661,1.5272631970162358
260,1553731200,304,607,303,911,13,1.1728481992694577,-0.30363695177244615
260,1553745600,40,187,147,227,13,0.626180958633939,-1.4784359215392926
260,1553760000,822,259,-563,1081,13,-1.8618558416943833,-0.011654751684194794
260,1553774400,1006,565,-441,1571,13,-1.434334025299939,0.8299410015113532
260,1553788800,818,758,-60,1576,13,-0.09920441836319166,0.8385287132786546
260,1553803200,945,1287,342,2232,13,1.3095150094283372,1.9652364971486127
260,1553817600,295,625,330,920,13,1.267463683225605,-0.28817907059130343
260,1553832000,45,184,139,229,13,0.5981467411654509,-1.4750008368323722
260,1553846400,782,272,-510,1054,13,-1.6761291509656493,-0.058028395227622945
260,1553860800,1020,590,-430,1610,13,-1.395786976280768,0.896925153296305
260,1553875200,866,811,-55,1677,13,-0.08168303244538656,1.0120004909781453
260,1553889600,820,1152,332,1972,13,1.274472237592727,1.5186754852489341
260,1553904000,282,508,226,790,13,0.9030188561352593,-0.5114595765411427
260,1553918400,56,198,142,254,13,0.6086595727161338,-1.4320622779958645
260,1553932800,304,113,-191,417,13,-0.5582647294096849,-1.1521028743818353
260,1553947200,605,348,-257,953,13,-0.789547023524712,-0.23150017292711345
260,1553961600,643,608,-35,1251,13,-0.011597488774166225,0.28032744840405655
260,1553976000,558,739,181,1297,13,0.7453263828750135,0.3593343966632304
260,1553990400,324,474,150,798,13,0.636693790184622,-0.49771923771346027
260,1554004800,62,196,134,258,13,0.5806253552476457,-1.4251921085820234
260,1554019200,218,81,-137,299,13,-0.36903376149739,-1.3547728720901508
260,1554033600,440,239,-201,679,13,-0.593307501245295,-0.7021067777752362
260,1554048000,514,454,-60,968,13,-0.09920441836319166,-0.20573703762520892
260,1554062400,506,520,14,1026,13,0.1601120932203236,-0.1061195811245114
260,1554076800,257,383,126,640,13,0.5525911377791576,-0.769090929560188
260,1554091200,37,114,77,151,13,0.3808815557846677,-1.6089691404022757
260,1554105600,756,291,-465,1047,13,-1.5184366777054035,-0.07005119170184507
260,1554120000,1024,633,-391,1657,13,-1.2591201661218883,0.9776496439089392
260,1554134400,800,731,-69,1531,13,-0.1307429130152408,0.7612393073729411
260,1554148800,768,1136,368,1904,13,1.4006262162009238,1.4018826052136337
260,1554163200,269,472,203,741,14,0.8286502891749069,-0.5893694980815125
260,1554177600,38,135,97,173,14,0.4632068927007429,-1.5506054826465334
260,1554192000,838,302,-536,1140,14,-1.7191107485081798,0.08586493473792997
260,1554206400,1013,593,-420,1606,14,-1.3191915599138118,0.8744845981310633
260,1554220800,799,775,-24,1574,14,0.04604980804627267,0.8203304581555692
260,1554235200,874,1231,357,2105,14,1.3595774878260507,1.718950718373925
260,1554249600,290,559,269,849,14,1.0561905171682542,-0.40659927566421983
260,1554264000,33,159,126,192,14,0.563186689849335,-1.5184514620360838
260,1554278400,836,266,-570,1102,14,-1.8363284417168737,0.021556893517030683
260,1554292800,1011,631,-380,1642,14,-1.181288391432995,0.9354080056034941
260,1554307200,865,738,-127,1603,14,-0.30905085079183003,0.8694076475083607
260,1554321600,849,1251,402,2100,14,1.5147185523669693,1.710489134002754
260,1554336000,298,558,260,856,14,1.0251623042600704,-0.39475305754458045
260,1554350400,43,161,118,204,14,0.5356060561531716,-1.4981436595452735
260,1554364800,833,291,-542,1124,14,-1.7397962237803024,0.0587878647501829
260,1554379200,1054,575,-479,1629,14,-1.5225987334230162,0.9134078862384497
260,1554393600,823,755,-68,1578,14,-0.10564367728262558,0.8270997256525059
260,1554408000,887,1196,309,2083,14,1.1940936856490707,1.6817197471407728
260,1554422400,297,559,262,856,14,1.0320574626841112,-0.39475305754458045
260,1554436800,36,169,133,205,14,0.5873197443334778,-1.4964513426710393
260,1554451200,782,280,-502,1062,14,-1.6018930552994857,-0.04613578145233698
260,1554465600,992,616,-376,1608,14,-1.1674980745849135,0.8778692318795317
260,1554480000,885,858,-27,1743,14,0.03570707041021143,1.1063320099011476
260,1554494400,800,1089,289,1889,14,1.1251421014086624,1.3534102735393396
260,1554508800,288,455,167,743,14,0.7045374375421719,-0.5859848643330441
260,1554523200,51,175,124,226,14,0.5562915314252941,-1.4609126883121213
260,1554537600,315,91,-224,406,14,-0.6434660343578102,-1.1562956509499667
260,1554552000,646,426,-220,1072,14,-0.6296757175097286,-0.029212612709995065
260,1554566400,656,613,-43,1269,14,-0.01945419698211521,0.3041738115141407
260,1554580800,542,705,163,1247,14,0.6907471206940903,0.26694284028098847
260,1554595200,290,491,201,781,14,0.821755130750866,-0.5216768231121448
260,1554609600,49,245,196,294,14,0.804517234690764,-1.3458351408641962
260,1554624000,223,78,-145,301,14,-0.3711072766081975,-1.333988922744557
260,1554638400,492,256,-236,748,14,-0.6848369849020552,-0.5775232799618731
260,1554652800,598,501,-97,1099,14,-0.20562347443121762,0.01647994289432811
260,1554667200,451,615,164,1066,14,0.6941946999061107,-0.039366513955400216
260,1554681600,204,395,191,599,14,0.7872793386306619,-0.8296784942227677
260,1554696000,33,112,79,145,14,0.40115046688437545,-1.5979903551250907
260,1554710400,800,273,-527,1073,14,-1.688082535599996,-0.027520295835760874
260,1554724800,942,555,-387,1497,14,-1.205421445917138,0.6900220588395364
260,1554739200,790,713,-77,1503,14,-0.1366718901908093,0.7001759600849415
260,1554753600,844,1172,328,2016,14,1.2595976906774586,1.568334516567082
260,1554768000,288,533,245,821,15,1.019746885946955,-0.36897542983472525
260,1554782400,33,156,123,189,15,0.5633519148144509,-1.4859435065649713
260,1554796800,773,294,-479,1067,15,-1.6886954017574138,0.06579378990521231
260,1554811200,1014,629,-385,1643,15,-1.3370468174422059,1.08379001173531
260,1554825600,696,713,17,1409,15,0.1668120218632588,0.6702290466168328
260,1554840000,834,1252,418,2086,15,1.6669299187823912,1.8667280781775553
260,1554854400,293,534,241,827,15,1.004783116401627,-0.35837130252399507
260,1554868800,32,145,113,177,15,0.5259424909511309,-1.5071517611864318
260,1554883200,820,297,-523,1117,15,-1.853296866756022,0.15416151749463053
260,1554887265,477,257,-220,734,15,-0.7197913236974255,-0.5227352758403129
260,1554897600,598,387,-211,985,15,-0.6861228422204375,-0.07912928334143354
260,1554912000,847,753,-94,1600,15,-0.24843258301959334,1.0077937660084104
260,1554926400,887,1188,301,2075,15,1.2292396595815471,1.8472871781078832
260,1554940800,302,592,290,894,15,1.188089293331895,-0.23995854755417467
260,1554955200,42,144,102,186,15,0.4847921247014789,-1.4912455702203364
260,1554969600,796,307,-489,1103,15,-1.7261048256207339,0.12941855376959344
260,1554984000,1046,590,-456,1636,15,-1.602653726871778,1.0714185298727914
260,1554998400,802,757,-45,1559,15,-0.0651264060893253,0.9353322293850874
260,1555012800,868,1186,318,2054,15,1.2928356801491911,1.8101727325203276
260,1555027200,343,573,230,916,15,0.9636327501519749,-0.20107674741483064
260,1555041600,42,159,117,201,15,0.540906260496459,-1.464735251943511
260,1555056000,794,288,-506,1082,15,-1.7897008461883779,0.09230410818203778
260,1555059683,419,197,-222,616,15,-0.7272732084700895,-0.7312831129513399
260,1555070400,549,352,-197,901,15,-0.6337496488117895,-0.22758706569165613
260,1555084800,888,783,-105,1671,15,-0.2895829492692454,1.1332759391853842
260,1555099200,798,1172,374,1970,15,1.502328453783783,1.661714950170105
260,1555113600,269,501,232,770,15,0.971114634924639,-0.45911051197593183
260,1555128000,49,156,107,205,15,0.5034968366331389,-1.4576658337363575
260,1555142400,289,107,-182,396,15,-0.5776355130168095,-1.1201011143447799
260,1555156800,589,349,-240,938,15,-0.7946101714240655,-0.16219494727548664
260,1555171200,668,635,-33,1303,15,-0.02023509745334128,0.48288946412726624
260,1555185600,579,731,152,1310,15,0.6718392440180789,0.49526094598978476
260,1555200000,310,499,189,809,15,0.810254112312363,-0.3901836844561856
260,1555214400,63,181,118,244,15,0.5446472028827909,-1.3887390062166114
260,1555228800,222,78,-144,300,15,-0.43547970233619343,-1.289767151316463
260,1555243200,470,290,-180,760,15,-0.5701536282441455,-0.47678405749381547
260,1555257600,595,525,-70,1120,15,-0.15864996574762533,0.15946358114999562
260,1555272000,449,597,148,1046,15,0.656875474472751,0.02867934431765667
260,1555286400,217,408,191,625,15,0.817735997085027,-0.7153769219852446
260,1555300800,30,89,59,119,15,0.32393160208920285,-1.6096583251901568
260,1555315200,717,239,-478,956,15,-1.684954459371082,-0.1303825653432961
260,1555329600,954,607,-347,1561,15,-1.1948910067615899,0.9388669384886642
260,1555344000,720,699,-21,1419,15,0.02465621118264273,0.6879025921347165
260,1555358400,791,1119,328,1910,15,1.3302451040125112,1.5556736770628032
260,1555372800,253,493,240,746,16,1.0791783043906487,-0.0502269598371803
260,1555387200,29,147,118,176,16,0.5875611607475403,-0.8946324503583148
260,1555401600,824,285,-539,1109,16,-2.0599180472321508,0.48752601044206856
260,1555416000,984,650,-334,1634,16,-1.2338400599629928,1.2652679096062716
260,1555430400,759,728,-31,1487,16,-0.012856498291993857,1.0475001778402946
260,1555444800,895,1228,333,2123,16,1.4539356352005592,1.9896789356849292
260,1555459200,315,585,270,900,16,1.2000677659422327,0.17791066391765256
260,1555473600,54,176,122,230,16,0.6036797556210848,-0.8146361407299969
260,1555488000,842,297,-545,1139,16,-2.0840959395424674,0.531968404680023
260,1555502400,1003,553,-450,1556,16,-1.7012793112957847,1.1497176845875898
260,1555516800,745,716,-29,1461,16,-0.004797200855221587,1.0089834361674008
260,1555531200,808,1133,325,1941,16,1.4216984454534702,1.7200617439746722
260,1555545600,313,549,236,862,16,1.0630597095171042,0.12161696454957692
260,1555560000,38,128,90,166,16,0.4747309966327285,-0.9094465817709664
260,1555574400,763,273,-490,1036,16,-1.8624652600312301,0.37938285112971276
260,1555588800,973,609,-364,1582,16,-1.354729521514577,1.1882344262604838
260,1555603200,823,668,-155,1491,16,-0.5125329393718746,1.0534258304053552
260,1555617600,760,1092,332,1852,16,1.4499059864821733,1.5882159744020738
260,1555632000,304,589,285,893,16,1.2605124967180248,0.16754077192879652
260,1555646400,44,152,108,196,16,0.5472646735636789,-0.8650041875330119
260,1555660800,544,180,-364,724,16,-1.354729521514577,-0.08281804894501357
260,1555675200,768,385,-383,1153,16,-1.4312928471639135,0.5527081886577351
260,1555689600,651,662,11,1313,16,0.15638874788022383,0.7897342912601588
260,1555704000,599,842,243,1441,16,1.0912672505458072,0.9793551733420979
260,1555718400,279,480,201,759,16,0.9220220043735895,-0.030968589000733373
260,1555732800,0,7,7,7,16,0.14027015300667928,-1.144991271232125
260,1555747200,0,11,11,11,16,0.15638874788022383,-1.1390656186670645
260,1555761600,0,6,6,6,16,0.13624050428829315,-1.1464726843733901
260,1555776000,1,5,4,6,16,0.12818120685152087,-1.1464726843733901
260,1555790400,0,5,5,5,16,0.13221085556990703,-1.1479540975146554
260,1555804800,0,2,2,2,16,0.12012190941474861,-1.1523983369384507
260,1555819200,0,0,0,0,16,0.11206261197797633,-1.155361163220981
260,1555833600,1,5,4,6,16,0.12818120685152087,-1.1464726843733901
260,1555848000,0,5,5,5,16,0.13221085556990703,-1.1479540975146554
260,1555862400,0,11,11,11,16,0.15638874788022383,-1.1390656186670645
260,1555876800,0,1,1,1,16,0.11609226069636247,-1.1538797500797158
260,1555891200,0,4,4,4,16,0.12818120685152087,-1.1494355106559204
260,1555905600,0,4,4,4,16,0.12818120685152087,-1.1494355106559204
260,1555920000,550,152,-398,702,16,-1.4917375779397055,-0.11540913805284683
260,1555934400,780,488,-292,1268,16,-1.0645948137907753,0.7230706999032271
260,1555948800,607,604,-3,1211,16,0.09997366582281793,0.6386301508511137
260,1555963200,653,884,231,1537,16,1.0429114659251735,1.121570834903552
260,1555977600,229,392,163,621,17,0.7890894335895583,-0.3396131110441365
260,1555992000,31,116,85,147,17,0.4765447613081663,-1.144400376210982
260,1556006400,680,181,-499,861,17,-1.8635332978243067,0.06787411182515239
260,1556020800,852,506,-346,1358,17,-1.2504649021954226,0.9117122358503048
260,1556035200,708,681,-27,1389,17,0.027762667775911198,0.9643460021375879
260,1556049600,725,1121,396,1846,17,1.7227164674557676,1.7402695890178588
260,1556064000,242,512,270,754,17,1.2178366122319806,-0.11379727503740557
260,1556078400,49,166,117,215,17,0.6047682166030964,-1.0289456630646836
260,1556092800,698,185,-513,883,17,-1.9196310595158386,0.10522710725483721
260,1556107200,931,478,-453,1409,17,-1.6792120808378448,0.9983032707100287
260,1556121600,712,607,-105,1319,17,-0.28478200450548075,0.8454955621340453
260,1556136000,704,1058,354,1762,17,1.554423182381172,1.5976490610136078
260,1556150400,248,561,313,809,17,1.3901368802845429,-0.020414786463193533
260,1556164800,39,158,119,197,17,0.6127821825590295,-1.0595072047798801
260,1556179200,661,188,-473,849,17,-1.7593517403971761,0.04749975068168795
260,1556193600,869,466,-403,1335,17,-1.4788629319395166,0.872661376991998
260,1556208000,697,660,-37,1357,17,-0.012307162003754438,0.9100143724216827
260,1556222400,811,982,171,1793,17,0.8211452974132908,1.650282827300891
260,1556236800,280,463,183,743,17,0.8692290931488896,-0.13247377275224798
260,1556251200,59,182,123,241,17,0.6288101144708957,-0.9848012139205106
260,1556265600,616,191,-425,807,17,-1.567016557454781,-0.023810513320437605
260,1556280000,787,507,-280,1294,17,-0.9860040256496293,0.8030489764184944
260,1556294400,617,615,-2,1232,17,0.1279372422250753,0.6977814438439282
260,1556308800,758,832,74,1590,17,0.4324679485505341,1.3056165512906175
260,1556323200,289,401,112,690,17,0.5847333017132635,-0.22246053446921593
260,1556337600,0,1,1,1,17,0.13995819115897498,-1.3922884367897994
260,1556352000,0,0,0,0,17,0.13595120818100842,-1.3939863002184214
260,1556366400,0,0,0,0,17,0.13595120818100842,-1.3939863002184214
260,1556380800,0,0,0,0,17,0.13595120818100842,-1.3939863002184214
260,1556395200,0,0,0,0,17,0.13595120818100842,-1.3939863002184214
260,1556409600,37,82,45,119,17,0.31626544218950375,-1.1919405522123991
260,1556424000,35,138,103,173,17,0.5486704549115645,-1.100255927066809
260,1556438400,139,60,-79,199,17,-0.1806004470783501,-1.0561114779226362
260,1556452800,312,191,-121,503,17,-0.3488937321529458,-0.5399609956215369
260,1556467200,381,345,-36,726,17,-0.008300179025787873,-0.1613374510388226
260,1556481600,319,454,135,773,17,0.6768939102064946,-0.08153786989358687
260,1556496000,173,324,151,497,17,0.7410056378539596,-0.5501481761932691
260,1556510400,33,109,76,142,17,0.44048191450646723,-1.1528896933540922
260,1556524800,775,278,-497,1053,17,-1.8555193318683736,0.3938638901205835
260,1556539200,926,565,-361,1491,17,-1.310569646864921,1.1375280718570357
260,1556553600,751,684,-67,1435,17,-0.13251665134275134,1.0424477198542017
260,1556568000,781,1089,308,1870,17,1.37010196539471,1.7810183113047875
260,1556582400,267,499,232,766,18,0.9630548425178806,-0.4745005890364564
260,1556596800,39,122,83,161,18,0.4708930529125826,-1.4398866709794769
260,1556625600,1815,849,-966,2664,18,-2.9940580698790797,2.554099053158342
260,1556640000,771,712,-59,1483,18,0.001852958120956275,0.6696015940265944
260,1556654400,852,1059,207,1911,18,0.8804773610404817,1.3525524090209957
260,1556668800,303,512,209,815,18,0.8870835595586736,-0.3963122947964432
260,1556683200,42,151,109,193,18,0.5567736336490776,-1.3888249278023255
260,1556697600,850,252,-598,1102,18,-1.7785175425317665,0.06164771432363429
260,1556712000,1007,591,-416,1598,18,-1.1773534773763015,0.8531047335694826
260,1556726400,834,744,-90,1578,18,-0.10054311891101848,0.8211911440837628
260,1556740800,859,1135,276,1994,18,1.108391209918103,1.4849938053867324
260,1556755200,258,488,230,746,18,0.9564486439996888,-0.5064141785221762
260,1556769600,44,160,116,204,18,0.5798953284627493,-1.3712724535851797
260,1556784000,797,280,-517,1077,18,-1.5109665025449934,0.021755727466484687
260,1556798400,1032,568,-464,1600,18,-1.3359022418129076,0.8562960925180545
260,1556812800,788,708,-80,1496,18,-0.06751212632005889,0.6903454271923122
260,1556827200,817,1058,241,1875,18,0.9927827358497443,1.2951079479467003
260,1556841600,269,524,255,793,18,1.0390261254770878,-0.4314172432307349
260,1556856000,53,191,138,244,18,0.6525635121628605,-1.3074452746137404
260,1556870400,816,253,-563,1069,18,-1.6629090684634076,0.008990291672196811
260,1556884800,1037,586,-451,1623,18,-1.2929619514446602,0.8929967204266321
260,1556899200,855,765,-90,1620,18,-0.10054311891101848,0.8882096820037741
260,1556913600,807,1110,303,1917,18,1.1975748899136938,1.3621264858667115
260,1556928000,277,460,183,737,18,0.8012029788221786,-0.5207752937907499
260,1556942400,52,168,116,220,18,0.5798953284627493,-1.3457415819966039
260,1556956800,282,104,-178,386,18,-0.391215853711463,-1.0808587892651305
260,1556971200,529,350,-179,879,18,-0.39451895297055894,-0.29418880844214024
260,1556985600,638,536,-102,1174,18,-0.14018031002017,0.17653663647222517
260,1557000000,451,646,195,1097,18,0.8408401699313302,0.05366931695220437
260,1557014400,288,448,160,736,18,0.7252316958629715,-0.522370973265036
260,1557028800,51,195,144,246,18,0.6723821077174362,-1.3042539156651682
260,1557043200,193,68,-125,261,18,-0.21615159297937708,-1.2803187235508786
260,1557057600,543,218,-325,761,18,-0.8767714447985692,-0.4824789864078864
260,1557072000,583,405,-178,988,18,-0.391215853711463,-0.12025974574496792
260,1557086400,367,454,87,821,18,0.4841054499489665,-0.3867382179507273
260,1557100800,185,319,134,504,18,0.6393511151264766,-0.8925686112993844
260,1557115200,29,86,57,115,18,0.38501247217608764,-1.5132879267966322
260,1557129600,803,281,-522,1084,18,-1.5274819988404733,0.032925483786486576
260,1557144000,952,635,-317,1587,18,-0.8503466507258014,0.8355522593523367
260,1557158400,751,717,-34,1468,18,0.08443043959835528,0.6456664019123046
260,1557172800,834,1171,337,2005,18,1.3098802647229566,1.5025462796038782
260,1557187200,274,503,229,777,19,0.9299935718291407,-0.4662005782303183
260,1557201600,36,131,95,167,19,0.45382874083801955,-1.564000101599873
260,1557216000,797,283,-514,1080,19,-1.7102338119499862,0.07909984075488675
260,1557230400,954,607,-347,1561,19,-1.1168045076550817,0.9447417600020275
260,1557244800,786,770,-16,1556,19,0.059393694270747525,0.9357434032530967
260,1557259200,891,1073,182,1964,19,0.7629805340934489,1.670009313965848
260,1557273600,302,598,296,900,19,1.1680759873247013,-0.2448410022066212
260,1557288000,40,172,132,212,19,0.5853070896937769,-1.483014890859496
260,1557302400,841,302,-539,1143,19,-1.7990705341498223,0.19247913579141454
260,1557316800,1036,588,-448,1624,19,-1.4757048653424192,1.0581210550385551
260,1557331200,812,751,-61,1563,19,-0.10051240568895733,0.9483411027015998
260,1557345600,796,1109,313,1905,19,1.2284849584205897,1.5638287043284649
260,1557360000,283,605,322,888,19,1.2604661784125308,-0.26643705840405507
260,1557374400,43,161,118,204,19,0.5355585252618686,-1.4974122616577852
260,1557388800,873,282,-591,1155,19,-1.9838509163254814,0.2140751919888484
260,1557403200,1011,614,-397,1625,19,-1.2944779520547536,1.0599207263883414
260,1557417600,807,694,-113,1501,19,-0.28529278786461626,0.8367614790148581
260,1557432000,822,1095,273,1917,19,1.0863462029008522,1.5854247605258986
260,1557446400,301,585,284,886,19,1.12543436066878,-0.27003640110362737
260,1557460800,44,177,133,221,19,0.5888605585817703,-1.4668178487114205
260,1557475200,784,272,-512,1056,19,-1.7031268741739993,0.03590772836001902
260,1557489600,1013,545,-468,1558,19,-1.546774243102288,0.939342745952669
260,1557504000,834,799,-35,1633,19,-0.008122214601127862,1.0743180971866306
260,1557518400,741,1113,372,1854,19,1.4381396228122028,1.4720454654893709
260,1557532800,313,586,273,899,19,1.0863462029008522,-0.24664067355640734
260,1557547200,49,225,176,274,19,0.7416597207654883,-1.3714352671727543
260,1557561600,301,117,-184,418,19,-0.5375890789121506,-1.112282592803548
260,1557576000,590,386,-204,976,19,-0.6086584566720195,-0.1080659796228734
260,1557590400,629,612,-17,1241,19,0.055840225382754086,0.36884692807045777
260,1557604800,507,685,178,1192,19,0.7487666585414752,0.2806630319309361
260,1557619200,318,488,170,806,19,0.7203389074375277,-0.4140101090865198
260,1557633600,49,202,153,251,19,0.6599299363416391,-1.412827708217836
260,1557648000,178,83,-95,261,19,-0.22133034788073436,-1.3948309947199744
260,1557662400,383,198,-185,581,19,-0.541142547800144,-0.8189361627884048
260,1557676800,357,348,-9,705,19,0.08426797648670162,-0.5957769154149215
260,1557691200,344,441,97,785,19,0.4609356786140064,-0.45180320743202906
260,1557705600,176,313,137,489,19,0.6030744341337441,-0.984505926968731
260,1557720000,31,107,76,138,19,0.3863128319661442,-1.6161905707436715
260,1557734400,726,254,-472,980,19,-1.5609881186542618,-0.10086729422372878
260,1557748800,904,524,-380,1428,19,-1.2340689809588652,0.7053854704804687
260,1557763200,709,684,-25,1393,19,0.027412474278806553,0.6423969732379533
260,1557777600,759,988,229,1747,19,0.9299935718291407,1.2794806310622524
260,1557792000,240,484,244,724,20,1.0659858427783566,-0.1663945371602656
260,1557806400,38,128,90,166,20,0.4759305213328786,-0.9375280892441066
260,1557820800,839,274,-565,1113,20,-2.0337203588410704,0.37118781366520776
260,1557835200,995,597,-398,1592,20,-1.3938551725982464,1.0331465438590426
260,1557849600,761,740,-21,1501,20,0.050630906524774325,0.9073882047199215
260,1557864000,813,1115,302,1928,20,1.2882144703357443,1.4974850268342588
260,1557878400,281,525,244,806,20,1.0659858427783566,-0.05307383595798072
260,1557892800,45,151,106,196,20,0.537234970314227,-0.8960692961213195
260,1557907200,820,284,-536,1104,20,-1.922606045062376,0.35875017572837165
260,1557921600,1044,610,-434,1654,20,-1.5317901828062803,1.118828049646136
260,1557936000,778,741,-37,1519,20,-0.010673542456574042,0.9322634805935939
260,1557950400,714,1073,359,1787,20,1.506611569831798,1.3026286991571592
260,1557964800,309,560,251,869,20,1.0928065392076964,0.03398962959987229
260,1557979200,43,160,117,203,20,0.579381778988904,-0.8863955777260024
260,1557993600,841,320,-521,1161,20,-1.865133124142362,0.4375218826616672
260,1558008000,967,601,-366,1568,20,-1.2712462746355497,0.9999795093608129
260,1558022400,825,770,-55,1595,20,-0.07964104756059096,1.0372924231713212
260,1558036800,893,1153,260,2046,20,1.127290291759705,1.6605562797838882
260,1558051200,321,532,211,853,20,0.9395454167543256,0.011878273267719145
260,1558065600,50,207,157,257,20,0.7326429014422748,-0.8117697501049855
260,1558080000,778,309,-469,1087,20,-1.6658936649529799,0.3352568596254589
260,1558094400,998,565,-433,1563,20,-1.527958654744946,0.993069710507015
260,1558108800,796,821,25,1617,20,0.22688119734615086,1.067695538128032
260,1558123200,776,1139,363,1915,20,1.521937682077135,1.4795195498143843
260,1558137600,305,463,158,768,20,0.7364744295036092,-0.10558830724684444
260,1558152000,0,20,20,20,20,0.2077235570394795,-1.1392942157750041
260,1558166400,1,29,28,30,20,0.23837578153015368,-1.1254746180674082
260,1558180800,0,2,2,2,20,0.1387560519354626,-1.1641694916486762
260,1558195200,0,0,0,0,20,0.13109299581279404,-1.1669334111901954
260,1558209600,0,3,3,3,20,0.14258757999679686,-1.1627875318779168
260,1558224000,0,0,0,0,20,0.13109299581279404,-1.1669334111901954
260,1558238400,0,0,0,0,20,0.13109299581279404,-1.1669334111901954
260,1558252800,0,0,0,0,20,0.13109299581279404,-1.1669334111901954
260,1558267200,0,0,0,0,20,0.13109299581279404,-1.1669334111901954
260,1558281600,0,0,0,0,20,0.13109299581279404,-1.1669334111901954
260,1558296000,0,0,0,0,20,0.13109299581279404,-1.1669334111901954
260,1558310400,0,0,0,0,20,0.13109299581279404,-1.1669334111901954
260,1558324800,0,0,0,0,20,0.13109299581279404,-1.1669334111901954
260,1558339200,716,233,-483,949,20,-1.7195350578116597,0.14454641126063802
260,1558353600,903,584,-319,1487,20,-1.0911644557528388,0.8880407679292875
260,1558368000,776,765,-11,1541,20,0.08894618713811704,0.9626665955503044
260,1558382400,785,1056,271,1841,20,1.169437100434382,1.377254526778176
260,1558396800,255,506,251,761,21,1.0886649997128215,-0.3004032292231172
260,1558411200,49,144,95,193,21,0.4544804492563327,-1.3380918960847823
260,1558425600,857,289,-568,1146,21,-2.240803890183744,0.4029596875757227
260,1558440000,973,659,-314,1632,21,-1.2082213529020254,1.29084118774257
260,1558454400,803,714,-89,1517,21,-0.29353209743593595,1.080745771036423
260,1558468800,865,1138,273,2003,21,1.1781012824695056,1.9686272712032704
260,1558483200,320,523,203,843,21,0.8935312918800556,-0.15059606252829932
260,1558497600,45,190,145,235,21,0.657744728248797,-1.2613613960703633
260,1558512000,804,276,-528,1080,21,-2.0781924669897727,0.28238318755306446
260,1558526400,885,547,-338,1432,21,-1.3057882068184081,0.9254578543405753
260,1558540800,835,759,-76,1594,21,-0.24068338489789523,1.221418354396191
260,1558555200,841,1122,281,1963,21,1.2106235671082999,1.8955506045228716
260,1558569600,297,545,248,842,21,1.0764691429732736,-0.1524229791953093
260,1558584000,40,167,127,207,21,0.5845695878115099,-1.3125150627466426
260,1558598400,749,289,-460,1038,21,-1.801753047560021,0.20565268753864555
260,1558598888,74,56,-18,130,21,-0.004896821266636635,-1.4531876461064106
260,1558599543,66,44,-22,110,21,-0.02115796358603378,-1.4897259794466102
260,1558612800,828,481,-347,1309,21,-1.3423757770370517,0.7007471042983484
260,1558627200,718,663,-55,1381,21,-0.15531238772106024,0.8322851043230666
260,1558641600,765,1154,389,1919,21,1.6496744097320228,1.8151662711744325
260,1558656000,300,500,200,800,21,0.8813354351405078,-0.2291534792097282
260,1558670400,46,177,131,223,21,0.600830730130907,-1.283284396074483
260,1558684800,787,265,-522,1052,21,-2.053800753510677,0.2312295208767852
260,1558699200,949,581,-368,1530,21,-1.4277467742138867,1.1044956877075527
260,1558713600,795,858,63,1653,21,0.32439131070115557,1.3292064377497794
260,1558728000,774,1045,271,1819,21,1.1699707113098072,1.632474604473435
260,1558742400,338,559,221,897,21,0.9667064323173428,-0.05194256250976075
260,1558756800,45,178,133,223,21,0.6089613012906057,-1.283284396074483
260,1558771200,272,107,-165,379,21,-0.6024938015044816,-0.9982853960209271
260,1558785600,546,355,-191,901,21,-0.7081912265805631,-0.044634895841720854
260,1558800000,535,516,-19,1051,21,-0.00896210684648592,0.2294026042097752
260,1558814400,448,605,157,1053,21,0.7065281552069885,0.23305643754379515
260,1558828800,278,455,177,733,21,0.7878338668039743,-0.3515568958993964
260,1558843200,48,172,124,220,21,0.5723737310719621,-1.288765146075513
260,1558857600,184,81,-103,265,21,-0.35044609555382594,-1.2065538960600641
260,1558872000,418,235,-183,653,21,-0.6756689419417687,-0.49771022926019437
260,1558886400,539,440,-99,979,21,-0.3341849532344288,0.0978646041850571
260,1558900800,353,571,218,924,21,0.954510575577795,-0.002615812500491459
260,1558915200,220,429,209,649,21,0.9179230053591514,-0.5050178959282342
260,1558929600,48,169,121,217,21,0.5601778743324142,-1.2942458960765428
260,1558944000,247,80,-167,327,21,-0.6106243726641802,-1.0932850627054458
260,1558958400,454,278,-176,732,21,-0.6472119428828238,-0.35338381256640644
260,1558972800,582,474,-108,1056,21,-0.3707725234530724,0.23853718754482509
260,1558987200,454,594,140,1048,21,0.6374183003495506,0.2239218542087453
260,1559001600,222,420,198,642,22,0.8987965653898966,-0.22724756437730204
260,1559016000,39,124,85,163,22,0.4575793023219974,-0.9134929111414214
260,1559030400,748,256,-492,1004,22,-1.7953619436087795,0.291376267623974
260,1559044800,945,553,-392,1498,22,-1.4049041886814353,0.9991115521782015
260,1559059200,802,746,-56,1548,22,-0.09296613212555818,1.0707446781452286
260,1559073600,766,1151,385,1917,22,1.6289525671040306,1.5993971477818882
260,1559088000,256,488,232,744,22,1.0315522020651937,-0.08111598740456681
260,1559102400,46,141,95,187,22,0.4966250778147318,-0.8791090106772484
260,1559116800,851,325,-526,1176,22,-1.9281175802840766,0.5377942209505471
260,1559131200,933,576,-357,1509,22,-1.2682439744568648,1.0148708398909474
260,1559145600,741,731,-10,1472,22,0.08664443514102023,0.9618623266753474
260,1559160000,724,1021,297,1745,22,1.2853497427679674,1.3529791944553153
260,1559174400,253,444,191,697,22,0.8714645225449824,-0.14845112581357225
260,1559188800,43,138,95,181,22,0.4966250778147318,-0.8877049857932917
260,1559203200,819,261,-558,1080,22,-2.053064061860827,0.40025861909385513
260,1559217600,952,541,-411,1493,22,-1.4790911621176306,0.9919482395814988
260,1559232000,740,667,-73,1407,22,-0.15934395046320673,0.8687392629182122
260,1559246400,772,1114,342,1886,22,1.4610557324852724,1.5549846096823314
260,1559260800,239,437,198,676,22,0.8987965653898966,-0.17853703871972362
260,1559275200,47,150,103,197,22,0.5278616982089194,-0.864782385483843
260,1559289600,795,268,-527,1063,22,-1.93202215783335,0.37590335626506594
260,1559304000,883,515,-368,1398,22,-1.3111943274988727,0.8558453002441473
260,1559318400,780,785,5,1565,22,0.1452130983801219,1.0950999409740179
260,1559332800,695,1055,360,1750,22,1.5313381283721945,1.360142507052018
260,1559347200,265,520,255,785,22,1.121357485698483,-0.02237682411160461
260,1559361600,0,0,0,0,22,0.12569021063375466,-1.1470169017939298
260,1559376000,0,0,0,0,22,0.12569021063375466,-1.1470169017939298
260,1559390400,0,0,0,0,22,0.12569021063375466,-1.1470169017939298
260,1559404800,0,0,0,0,22,0.12569021063375466,-1.1470169017939298
260,1559419200,0,0,0,0,22,0.12569021063375466,-1.1470169017939298
260,1559433600,0,0,0,0,22,0.12569021063375466,-1.1470169017939298
260,1559448000,0,0,0,0,22,0.12569021063375466,-1.1470169017939298
260,1559462400,0,0,0,0,22,0.12569021063375466,-1.1470169017939298
260,1559476800,0,0,0,0,22,0.12569021063375466,-1.1470169017939298
260,1559491200,0,0,0,0,22,0.12569021063375466,-1.1470169017939298
260,1559505600,0,0,0,0,22,0.12569021063375466,-1.1470169017939298
260,1559520000,0,0,0,0,22,0.12569021063375466,-1.1470169017939298
260,1559534400,0,0,0,0,22,0.12569021063375466,-1.1470169017939298
260,1559548800,681,278,-403,959,22,-1.4478545417234432,0.2269064542536496
260,1559563200,889,593,-296,1482,22,-1.0300647439511845,0.9761889518687529
260,1559577600,753,724,-29,1477,22,0.012457461704824794,0.9690256392720501
260,1559592000,810,1115,305,1925,22,1.316586363162155,1.6108584479366126
260,1559606400,251,492,241,743,23,0.9121888601040653,-0.38674650787030945
260,1559620800,45,174,129,219,23,0.49472352739670705,-1.4044168440330411
260,1559635200,668,229,-439,897,23,-1.6224220884763243,-0.08766018770034632
260,1559641663,537,286,-251,823,23,-0.9216767085746872,-0.23137699089890004
260,1559645338,164,122,-42,286,23,-0.14265657879042032,-1.274294873569486
260,1559649600,158,146,-12,304,23,-0.030835507529520786,-1.2393367322509188
260,1559664000,687,697,10,1384,23,0.05116661139513888,0.8581517468631086
260,1559678400,745,1188,443,1933,23,1.6651174065941223,1.9243750570794058
260,1559692800,252,532,280,784,23,1.057556252743235,-0.30711963042246215
260,1559707200,51,184,133,235,23,0.509633003564827,-1.3733429406387594
260,1559721600,806,258,-548,1064,23,-2.0287053140575924,0.23667367897747085
260,1559736000,935,573,-362,1508,23,-1.3354146722400153,1.0989744981687932
260,1559750400,749,701,-48,1450,23,-0.16502079304260023,0.9863315983645213
260,1559764800,786,1105,319,1891,23,1.2029236453824044,1.8428060606694159
260,1559779200,263,471,208,734,23,0.7891856817170758,-0.404225578529593
260,1559793600,44,150,106,194,23,0.40899403943001744,-1.4529698180866066
260,1559808000,709,234,-475,943,23,-1.7566073739894037,0.001677284558214099
260,1559822400,939,565,-374,1504,23,-1.3801431007443752,1.0912060223202227
260,1559836800,728,655,-73,1383,23,-0.2582050190933498,0.856209627900966
260,1559851200,790,1129,339,1919,23,1.277471026223004,1.897185391609409
260,1559865600,289,548,259,837,23,0.9792815028606052,-0.2041873254289034
260,1559880000,50,201,151,251,23,0.5767256463213667,-1.3422690372444774
260,1559894400,771,259,-512,1030,23,-1.8945200285445132,0.17064163426462184
260,1559908800,891,496,-395,1387,23,-1.458417850627005,0.8639781037495364
260,1559923200,783,779,-4,1562,23,-0.0010165551932809058,1.2038489221244946
260,1559937600,677,1099,422,1776,23,1.5868426567114926,1.6194623800230148
260,1559952000,330,521,191,851,23,0.7258204080025661,-0.17699765995890673
260,1559966400,58,215,157,273,23,0.5990898605735466,-1.2995424200773398
260,1559980800,271,114,-157,385,23,-0.5713040186238686,-1.0820250963173668
260,1559995200,511,358,-153,869,23,-0.5563945424557487,-0.14203951864033962
260,1560009600,619,589,-30,1208,23,-0.09792815028606051,0.5163388095260079
260,1560024000,465,652,187,1117,23,0.7109109318344462,0.3396059839710296
260,1560038400,280,568,288,848,23,1.0873752050794747,-0.18282401684533459
260,1560052800,56,212,156,268,23,0.5953624915315167,-1.309253014888053
260,1560067200,172,74,-98,246,23,-0.35138924514409947,-1.3519796320551905
260,1560081600,425,228,-197,653,23,-0.720398780305068,-0.5615372144631451
260,1560096000,476,438,-38,914,23,-0.12774710262230038,-0.054644165343921816
260,1560110400,371,575,204,946,23,0.7742762055489559,0.007503641444641953
260,1560124800,190,413,223,603,23,0.8450962173475256,-0.658643162570276
260,1560139200,32,123,91,155,23,0.35308350379956766,-1.5287124576101687
260,1560153600,720,255,-465,975,23,-1.7193336835691038,0.06382509134677787
260,1560168000,822,506,-316,1328,23,-1.163955696306636,0.749393084983122
260,1560182400,616,656,40,1272,23,0.1629876826560384,0.6406344231031353
260,1560196800,627,875,248,1502,23,0.9382804433982752,1.0873217843959375
260,1560211200,125,249,124,374,24,0.7320488793525547,-0.8973389067359802
260,1560225600,0,1,1,1,24,0.24815216249239141,-1.4832797037684022
260,1560240000,534,181,-353,715,24,-1.144526193349054,-0.3616664890736317
260,1560254400,888,553,-335,1441,24,-1.0737120396622009,0.7787973678849166
260,1560268800,754,657,-97,1411,24,-0.13739156313603132,0.7316707622254724
260,1560283200,810,1113,303,1923,24,1.4362562965718166,1.5359648321466526
260,1560297600,160,345,185,505,24,0.9720301779580016,-0.6915527286897407
260,1560312000,0,0,0,0,24,0.24421804284312182,-1.484850590623717
260,1560326400,809,271,-538,1080,24,-1.8723383284639337,0.21170721311627208
260,1560333059,565,331,-234,896,24,-0.6763659550859692,-0.07733596826165201
260,1560340443,348,259,-89,607,24,-0.10591860594187437,-0.5313222694476306
260,1560340800,20,15,-5,35,24,0.2245474445967737,-1.4298695506876988
260,1560355200,739,730,-9,1469,24,0.20881096599969523,0.8227821998337311
260,1560369600,737,1093,356,1830,24,1.6447646379831067,1.3898723546023757
260,1560384000,169,301,132,470,24,0.7635218365467117,-0.7465337686257588
260,1560398400,0,0,0,0,24,0.24421804284312182,-1.484850590623717
260,1560412800,704,269,-435,973,24,-1.467124004589163,0.04362231959758796
260,1560427200,904,493,-411,1397,24,-1.372705133006692,0.7096783462510652
260,1560441600,701,659,-42,1360,24,0.07898501757379776,0.6515555326044175
260,1560456000,759,1024,265,1783,24,1.286759749899571,1.31604067240258
260,1560470400,174,309,135,483,24,0.7753241954945206,-0.7261122395066664
260,1560484800,0,1,1,1,24,0.24815216249239141,-1.4832797037684022
260,1560499200,706,253,-453,959,24,-1.537938158276016,0.02162990362318069
260,1560513600,935,551,-384,1486,24,-1.2664839024764123,0.8494872763740828
260,1560528000,794,757,-37,1551,24,0.09865561582014587,0.9515949219695451
260,1560542400,760,1066,306,1826,24,1.4480586555196255,1.3835888071811164
260,1561176000,0,0,0,0,25,0.16524550047777134,-0.5346331840630778
260,1561190400,0,0,0,0,25,0.16524550047777134,-0.5346331840630778
260,1561204800,0,0,0,0,25,0.16524550047777134,-0.5346331840630778
260,1561219200,0,1,1,1,25,0.17225092069752723,-0.53294413665013
260,1561233600,0,1,1,1,25,0.17225092069752723,-0.53294413665013
260,1561248000,0,0,0,0,25,0.16524550047777134,-0.5346331840630778
260,1561262400,0,0,0,0,25,0.16524550047777134,-0.5346331840630778
260,1561276800,0,0,0,0,25,0.16524550047777134,-0.5346331840630778
260,1561291200,0,0,0,0,25,0.16524550047777134,-0.5346331840630778
260,1561305600,0,0,0,0,25,0.16524550047777134,-0.5346331840630778
260,1561320000,0,0,0,0,25,0.16524550047777134,-0.5346331840630778
260,1561334400,0,0,0,0,25,0.16524550047777134,-0.5346331840630778
260,1561348800,0,1,1,1,25,0.17225092069752723,-0.53294413665013
260,1561363200,623,217,-406,840,25,-2.678955108743121,0.8841666428131072
260,1561377600,833,544,-289,1377,25,-1.8593209430316817,1.7911851035660968
260,1561392000,718,683,-35,1401,25,-0.07994420721368488,1.831722241476845
260,1561406400,717,1043,326,1760,25,2.449012492118192,2.4380902627251193
260,1561420800,141,246,105,387,26,0.6055912891694142,-0.8719227538607829
260,1561435200,0,0,0,0,26,0.15085647131872176,-1.5934129763956892
260,1561449600,612,188,-424,800,26,-1.6854060312402646,-0.101960319992782
260,1561464000,856,505,-351,1361,26,-1.369257062639307,0.9439208553097567
260,1561478400,681,671,-10,1352,26,0.10754839342817964,0.927142012925224
260,1561492800,696,924,228,1620,26,1.1382806472230822,1.426778652820198
260,1561507200,148,260,112,408,26,0.6359069436927937,-0.8327721216302065
260,1561521600,0,1,1,1,26,0.15518727910777597,-1.5915486605751856
260,1561536000,691,194,-497,885,26,-2.0015549998412223,0.0565065247500269
260,1561550400,997,649,-348,1646,26,-1.3562646392721445,1.4752508641532924
260,1561564800,745,681,-64,1426,26,-0.12631522718074786,1.065101383642493
260,1561579200,705,1050,345,1755,26,1.644985158542425,1.6784612885881884
260,1561593600,168,287,119,455,26,0.6662225982161731,-0.7451492780665357
260,1561608000,0,0,0,0,26,0.15085647131872176,-1.5934129763956892
260,1561622400,632,171,-461,803,26,-1.8456459194352706,-0.0963673725312711
260,1561636800,824,504,-320,1328,26,-1.2350020211786266,0.8823984332331368
260,1561651200,644,684,40,1328,26,0.3240887828808903,0.8823984332331368
260,1561665600,721,942,221,1663,26,1.1079649926997028,1.506944233101854
260,1561680000,156,288,132,444,26,0.7225230994738779,-0.7656567520920757
260,1561694400,0,0,0,0,26,0.15085647131872176,-1.5934129763956892
260,1561708800,613,164,-449,777,26,-1.79367622596662,-0.14483958386436557
260,1561723200,845,467,-378,1312,26,-1.4861888729437709,0.8525693801050787
260,1561737600,681,721,40,1402,26,0.3240887828808903,1.0203578039504058
260,1561752000,665,953,288,1618,26,1.398129114566335,1.4230500211791908
260,1561766400,272,509,237,781,26,1.17725791732457,-0.13738232058235106
260,1561780800,37,151,114,188,26,0.6445685592709021,-1.242921602141006
260,1561795200,229,105,-124,334,26,-0.3861636945240006,-0.9707314923474755
260,1561809600,413,314,-99,727,26,-0.27789349979764527,-0.23805537488954728
260,1561824000,504,453,-51,957,26,-0.0700147259230431,0.19073726382628856
260,1561838400,372,549,177,921,26,0.9174094499813175,0.12362189428815772
260,1561852800,224,348,124,572,26,0.6878766371614442,-0.5270243270676106
260,1561867200,45,148,103,193,26,0.5969296735913058,-1.2336000230384878
260,1561881600,154,65,-89,219,26,-0.2345854219071032,-1.1851278117053934
260,1561896000,421,247,-174,668,26,-0.6027040839767113,-0.3480500082992617
260,1561910400,474,408,-66,882,26,-0.1349768427588563,0.05091357728851599
260,1561924800,351,513,162,864,26,0.8524473331455042,0.017355892519450578
260,1561939200,179,408,229,587,26,1.1426114550121365,-0.49905958976005604
260,1561953600,34,116,82,150,26,0.5059827100211672,-1.3137656033201441
260,1561968000,562,200,-362,762,26,-1.4168959483189034,-0.1728043211719201
260,1561982400,822,534,-288,1356,26,-1.0964161719288916,0.9345992762072386
260,1561996800,713,641,-72,1354,26,-0.16096168949318157,0.9308706445662313
260,1562011200,653,958,305,1611,26,1.4717528469802565,1.4099998104356652
260,1562025600,244,493,249,737,27,1.3720159986199643,0.23945520511858384
260,1562040000,38,145,107,183,27,0.5937486012669618,-0.7553153770521032
260,1562054400,648,257,-391,905,27,-2.135668045787934,0.54111848635446
260,1562057418,311,131,-180,442,27,-0.9792284623972047,-0.2902511518134607
260,1562062362,301,222,-79,523,27,-0.4256720741390834,-0.1448063555033061
260,1562063208,39,34,-5,73,27,-0.020096106504420248,-0.9528330016708316
260,1562068800,238,187,-51,425,27,-0.27221089719623787,-0.32077660289090054
260,1562083200,721,744,23,1465,27,0.13336507043842527,1.5466627571407139
260,1562097600,701,925,224,1626,27,1.2349970906352807,1.835756734991762
260,1562112000,230,492,262,722,27,1.4432658307719994,0.2125209835796663
260,1562126400,34,174,140,208,27,0.7746135598067441,-0.7104250078205739
260,1562140800,646,210,-436,856,27,-2.382302080160364,0.4531333626606628
260,1562155200,864,556,-308,1420,27,-1.6807652712787844,1.4658600925239615
260,1562169600,693,761,68,1454,27,0.3799991048108555,1.526910994678841
260,1562184000,748,1007,259,1755,27,1.4268235618138374,2.0673910402264526
260,1562198400,283,532,249,815,27,1.3720159986199643,0.3795131571209549
260,1562212800,39,143,104,182,27,0.5773063323087998,-0.7571109918213643
260,1562227200,257,96,-161,353,27,-0.8750940923288453,-0.4500608662777046
260,1562241600,459,260,-199,719,27,-1.0833628324655642,0.20713413927188282
260,1562256000,471,436,-35,907,27,-0.18451879608604044,0.5447097158929823
260,1562270400,346,437,91,783,27,0.5060565001567644,0.32205348450459753
260,1562284800,174,372,198,546,27,1.0924974263312097,-0.10350721581029922
260,1562299200,38,157,119,195,27,0.6595176770996098,-0.7337679998209691
260,1562313600,469,139,-330,608,27,-1.8013419103053059,0.007820899883893187
260,1562328000,623,422,-201,1045,27,-1.0943243451043387,0.7925045540510235
260,1562342400,617,611,-6,1228,27,-0.025576862823807587,1.1211020568258172
260,1562356800,558,749,191,1307,27,1.0541321320954984,1.2629556235974495
260,1562371200,212,416,204,628,27,1.1253819642475338,0.043733195269116544
260,1562385600,0,0,0,0,27,0.007307675092516453,-1.0839128798268969
260,1562400000,0,0,0,0,27,0.007307675092516453,-1.0839128798268969
260,1562414400,0,0,0,0,27,0.007307675092516453,-1.0839128798268969
260,1562428800,0,0,0,0,27,0.007307675092516453,-1.0839128798268969
260,1562443200,0,0,0,0,27,0.007307675092516453,-1.0839128798268969
260,1562457600,0,0,0,0,27,0.007307675092516453,-1.0839128798268969
260,1562472000,0,0,0,0,27,0.007307675092516453,-1.0839128798268969
260,1562486400,0,0,0,0,27,0.007307675092516453,-1.0839128798268969
260,1562500800,0,1,1,1,27,0.012788431411903792,-1.0821172650576356
260,1562515200,1,1,0,2,27,0.007307675092516453,-1.0803216502883746
260,1562529600,0,0,0,0,27,0.007307675092516453,-1.0839128798268969
260,1562544000,0,0,0,0,27,0.007307675092516453,-1.0839128798268969
260,1562558400,0,1,1,1,27,0.012788431411903792,-1.0821172650576356
260,1562572800,528,211,-317,739,27,-1.7300920781532705,0.24304643465710618
260,1562587200,783,528,-255,1311,27,-1.3902851863512553,1.2701380826744941
260,1562601600,650,680,30,1330,27,0.17173036467413666,1.3042547632904564
260,1562616000,648,1022,374,1670,27,2.0571105385433817,1.9147637848392534
260,1562630400,237,457,220,694,28,1.04288672034529,-0.2422915242420537
260,1562644800,39,138,99,177,28,0.5261712759858512,-1.2396598953116185
260,1562659200,656,220,-436,876,28,-1.7584796556860476,0.1088130087070001
260,1562673600,938,599,-339,1537,28,-1.3442532250838528,1.383978372879113
260,1562688000,666,617,-49,1283,28,-0.10584430885048716,0.8939753433787851
260,1562702400,459,818,359,1277,28,1.6364689250226618,0.882400468666179
260,1562716800,229,475,246,704,28,1.1539164852489712,-0.22300006638771008
260,1562731200,38,56,18,94,28,0.1802708545551525,-1.3997789955026705
260,1562745600,676,193,-483,869,28,-1.9591873076273172,0.09530898820895957
260,1562760000,847,490,-357,1337,28,-1.421119985401786,0.9981492157922407
260,1562774400,687,627,-60,1314,28,-0.1528184401558907,0.9537788627272504
260,1562788800,710,1018,308,1728,28,1.4186797707885181,1.752445217897076
260,1562803200,259,482,223,741,28,1.0556978470649456,-0.1516216723266387
260,1562817600,27,66,39,93,28,0.26994874159274107,-1.401708141288105
260,1562832000,709,206,-503,915,28,-2.0445948190916874,0.1840496943389402
260,1562846400,876,546,-330,1422,28,-1.3058198449248863,1.1621266075541614
260,1562860800,638,594,-44,1232,28,-0.08449243098439466,0.7955889083216328
260,1562875200,686,980,294,1666,28,1.3588945127634593,1.6328381792001456
260,1562889600,202,385,183,587,28,0.8848828241362054,-0.4487101232835304
260,1562904000,32,59,27,91,28,0.218704234714119,-1.4055664328589736
260,1562918400,687,195,-492,882,28,-1.9976206877862837,0.12038788341960627
260,1562932800,812,504,-308,1316,28,-1.2118715823140793,0.9576371542981191
260,1562947200,679,663,-16,1342,28,0.035078085065723415,1.0077949447194126
260,1562961600,814,1105,291,1919,28,1.3460833860438037,2.120912062915039
260,1562976000,254,463,209,717,28,0.9959125890398866,-0.19792117117706337
260,1562990400,37,76,39,113,28,0.26994874159274107,-1.3631252255794177
260,1563004800,141,88,-53,229,28,-0.12292581114336118,-1.1393443144690318
260,1563019200,357,259,-98,616,28,-0.31509271193819377,-0.39276489550593385
260,1563033600,360,342,-18,702,28,0.026537333919286414,-0.22685835795857878
260,1563048000,337,321,-16,658,28,0.035078085065723415,-0.3117407725176907
260,1563062400,202,345,143,547,28,0.7140678012074654,-0.5258759547009049
260,1563076800,37,136,99,173,28,0.5261712759858512,-1.247376478453356
260,1563091200,100,48,-52,148,28,-0.11865543557014267,-1.295605123089215
260,1563105600,231,153,-78,384,28,-0.22968520047382374,-0.8403267177267058
260,1563120000,244,278,34,522,28,0.24859686372664855,-0.5741045993367638
260,1563134400,216,250,34,466,28,0.24859686372664855,-0.6821367633210881
260,1563148800,125,176,51,301,28,0.3211932484713631,-1.0004458179177578
260,1563163200,21,51,30,72,28,0.23151536143377452,-1.4422202027822264
260,1563177600,575,196,-379,771,28,-1.515068248012593,-0.09374729876360785
260,1563192000,680,489,-191,1169,28,-0.7122376402475145,0.674052723839268
260,1563206400,542,625,83,1167,28,0.45784526681435517,0.6701944322683993
260,1563220800,658,914,256,1572,28,1.1966202409811562,1.4514984753693156
260,1563235200,225,453,228,678,29,1.1494749683087548,-0.17570140312450166
260,1563249600,29,60,31,89,29,0.25062269652096186,-1.340670931533486
260,1563264000,677,194,-483,871,29,-2.0946060735243455,0.20602884981766126
260,1563278400,851,624,-227,1475,29,-0.9265543903889396,1.4006665326003889
260,1563292800,651,654,3,1305,29,0.12286704367802681,1.0644274496979655
260,1563307200,678,1011,333,1689,29,1.6285586664697613,1.8239322016657922
260,1563321600,182,485,303,667,29,1.491677609852331,-0.19745804966524672
260,1563336000,30,50,20,80,29,0.2004329757612374,-1.3584718241577318
260,1563350400,607,208,-399,815,29,-1.7113391149955406,0.09526774015568652
260,1563364800,881,533,-348,1414,29,-1.4786413187459089,1.2800160381471664
260,1563379200,598,600,2,1198,29,0.11830434179077913,0.8527946151652638
260,1563393600,656,914,258,1570,29,1.2863560249261854,1.588564843634096
260,1563408000,188,521,333,709,29,1.6285586664697613,-0.11438721741876565
260,1563422400,20,50,30,70,29,0.2460599946337142,-1.3782505937402274
260,1563436800,617,199,-418,816,29,-1.7980304508532463,0.09724561711393608
260,1563451200,829,536,-293,1365,29,-1.2276927149472865,1.1831000671929384
260,1563465600,652,591,-61,1243,29,-0.1691458771058247,0.9417990782864935
260,1563480000,668,929,261,1597,29,1.3000441305879282,1.6419675215068337
260,1563494400,260,465,205,725,29,1.0445328249020582,-0.08274118608677287
260,1563508800,26,69,43,95,29,0.30537511916793403,-1.3288036697839887
260,1563523200,618,172,-446,790,29,-1.9257861036961814,0.045820816199447806
260,1563537600,760,487,-273,1247,29,-1.136438677202333,0.9497105861194917
260,1563552000,672,673,1,1345,29,0.11374163990353145,1.1435425280279474
260,1563566400,460,603,143,1063,29,0.761645307892702,0.5857812258015747
260,1563580800,214,369,155,583,29,0.8163977305396741,-0.3635997141582088
260,1563595200,29,68,39,97,29,0.2871243116189433,-1.3248479158674895
260,1563609600,139,74,-65,213,29,-0.18739668465481543,-1.095414188710542
260,1563624000,283,242,-41,525,29,-0.07789183936087112,-0.4783165777366826
260,1563638400,320,280,-40,600,29,-0.07332913747362343,-0.3299758058679665
260,1563652800,225,263,38,488,29,0.28256160973169564,-0.5514980251919159
260,1563667200,130,205,75,335,29,0.4513815795598598,-0.854113199804097
260,1563681600,26,55,29,81,29,0.2414972927464665,-1.3564939471994824
260,1563696000,93,43,-50,136,29,-0.11895615634610024,-1.247710714495757
260,1563710400,183,152,-31,335,29,-0.03226482048839432,-0.854113199804097
260,1563724800,226,211,-15,437,29,0.04073840970756856,-0.652369750062643
260,1563739200,198,253,55,451,29,0.3601275418149062,-0.6246794726471493
260,1563753600,120,155,35,275,29,0.2688735040699526,-0.9727858172990699
260,1563768000,20,55,35,75,29,0.2688735040699526,-1.3683612089489796
260,1563782400,583,194,-389,777,29,-1.6657120961230636,0.02010841574220367
260,1563796800,799,473,-326,1272,29,-1.3782618772264599,0.9991575100757304
260,1563811200,576,568,-8,1144,29,0.07267732291830233,0.7459892594197881
260,1563825600,607,860,253,1467,29,1.263542515489947,1.3848435169343924
260,1563840000,160,335,175,495,30,0.8578355564306185,-0.6139422262444498
260,1563854400,32,108,76,140,30,0.42490920084881106,-1.2931645007346737
260,1563868800,603,191,-412,794,30,-1.709111622625149,-0.04186487392733176
260,1563883200,834,496,-338,1330,30,-1.3855101043114748,0.9836650954438231
260,1563897600,629,602,-27,1231,30,-0.02550912869589774,0.7942481794592254
260,1563912000,685,959,274,1644,30,1.290761912012426,1.5844419804858803
260,1563926400,234,439,205,673,30,0.9890253611523784,-0.27337443790850663
260,1563940800,31,138,107,169,30,0.5604719990612962,-1.2376787374664582
260,1563955200,666,202,-464,868,30,-1.936507284142866,0.09971948751570081
260,1563969600,892,506,-386,1398,30,-1.5954137918662905,1.11376964379688
260,1563984000,679,630,-49,1309,30,-0.12171498549185496,0.9434857496289084
260,1563998400,718,957,239,1675,30,1.1377071398370395,1.6437543481174208
260,1564012800,217,507,290,724,30,1.3607298078640313,-0.1757960266437139
260,1564027200,28,147,119,175,30,0.6129479209500002,-1.2261989243764826
260,1564041600,543,193,-350,736,30,-1.4379860262001787,-0.15283640046376268
260,1564056000,911,518,-393,1429,30,-1.6260247463013677,1.1730820114284206
260,1564070400,546,606,60,1152,30,0.35494130499720583,0.6430973071078798
260,1564084800,697,1044,347,1741,30,1.609990436835375,1.7700322921071527
260,1564099200,249,510,261,759,30,1.233912996632997,-0.10883045028552284
260,1564113600,42,134,92,176,30,0.4948770967004163,-1.22428562219482
260,1564128000,617,182,-435,799,30,-1.8096904729118315,-0.03229836301901874
260,1564142400,803,507,-296,1310,30,-1.2018443777010108,0.945399051810571
260,1564156800,659,709,50,1368,30,0.31121137008995253,1.0563705783470019
260,1564171200,722,989,267,1711,30,1.2601509575773489,1.7126332266572746
260,1564185600,273,478,205,751,30,0.9890253611523784,-0.12413686773882365
260,1564200000,33,81,48,114,30,0.3024653831085019,-1.3429103574579013
260,1564214400,171,81,-90,252,30,-0.3010077186115934,-1.0788746563884621
260,1564228800,317,231,-86,548,30,-0.28351574464869206,-0.512537210616332
260,1564243200,362,303,-59,665,30,-0.16544492039910821,-0.28868085536180743
260,1564257600,323,348,25,671,30,0.20188653282181934,-0.27720104227183184
260,1564272000,184,234,50,418,30,0.31121137008995253,-0.7612664942324702
260,1564286400,33,58,25,91,30,0.20188653282181934,-1.3869163076361413
260,1564300800,87,46,-41,133,30,-0.08673103756605234,-1.306557616006312
260,1564315200,221,159,-62,380,30,-0.1785639008712842,-0.8339719771356491
260,1564329600,299,263,-36,562,30,-0.06486607011242569,-0.4857509800730555
260,1564344000,225,262,37,487,30,0.25436245471052327,-0.6292486436977507
260,1564358400,126,162,36,288,30,0.24998946121979795,-1.0099957778486086
260,1564372800,25,47,22,72,30,0.18876755234964335,-1.4232690490877307
260,1564387200,568,187,-381,755,30,-1.5735488244126639,-0.11648365901217324
260,1564401600,807,504,-303,1311,30,-1.2324553321360883,0.9473123539922337
260,1564416000,642,633,-9,1275,30,0.05320475413715817,0.8784334754523799
260,1564430400,685,1003,318,1688,30,1.4831736256043406,1.6686272764790346
260,1564444800,227,438,211,665,31,0.8934835511414558,-0.6696241169733393
260,1564459200,30,109,79,139,31,0.41250548996624226,-1.7328029438720234
260,1564473600,665,199,-466,864,31,-1.5733508989768745,-0.26739486497174597
260,1564488000,899,507,-392,1406,31,-1.3037116828634974,0.8281240022888753
260,1564502400,598,612,14,1210,31,0.17566023256935673,0.4319585078551451
260,1564516800,692,917,225,1609,31,0.9444963758115541,1.238438264380953
260,1564531200,226,450,224,676,31,0.9408526026208328,-0.6473903392245076
260,1564545600,31,141,110,172,31,0.525462458878603,-1.6661016106255282
260,1564560000,653,180,-473,833,31,-1.5988573113119238,-0.3300536931729992
260,1564574400,891,491,-400,1382,31,-1.3328618683892677,0.7796139417459695
260,1564588800,658,613,-45,1271,31,-0.03932238568320085,0.5552549117350305
260,1564603200,648,914,266,1562,31,1.093891076631128,1.1434393958177627
260,1564617600,186,404,218,590,31,0.9189899634765051,-0.8212180561699198
260,1564632000,30,151,121,181,31,0.5655439639765375,-1.6479103379219384
260,1564646400,647,206,-441,853,31,-1.4822565692088416,-0.28962864272057776
260,1564660800,849,545,-304,1394,31,-0.9830596420800215,0.8038689720174225
260,1564675200,644,630,-14,1274,31,0.07363458322915992,0.5613186693028938
260,1564689600,719,1021,302,1740,31,1.2250669114970953,1.5032223448443136
260,1564704000,254,495,241,749,31,1.0027967468630952,-0.4998389050731693
260,1564718400,41,161,120,202,31,0.5619001907858162,-1.6054640349468958
260,1564732800,614,178,-436,792,31,-1.4640377032552352,-0.4129250466004632
260,1564747200,781,510,-271,1291,31,-0.8628151267862181,0.595679962187452
260,1564761600,673,704,31,1377,31,0.2376043768116191,0.7695076791328642
260,1564776000,710,969,259,1679,31,1.0683846642960788,1.379925940964428
260,1565409600,31,174,143,205,32,0.880007363789385,-1.2946411435045346
260,1565424000,247,100,-147,347,32,-0.7602332046346861,-0.9498795637560574
260,1565438400,450,331,-119,781,32,-0.6018651497523619,0.103828363080838
260,1565452800,534,529,-5,1063,32,0.04291907369710044,0.7884957256799268
260,1565467200,441,516,75,957,32,0.4953992305037408,0.5311384900930353
260,1565481600,233,398,165,631,32,1.0044394069112113,-0.26035640425910284
260,1565496000,41,161,120,202,32,0.749919318707476,-1.3019248388513336
260,1565510400,164,68,-96,232,32,-0.4717771046704529,-1.2290878853833453
260,1565524800,507,219,-288,726,32,-1.5577294810063897,-0.029706051610473638
260,1565539200,597,395,-202,992,32,-1.0713133124392513,0.6161149358056881
260,1565553600,375,606,231,981,32,1.3777355362766894,0.5894080528674257
260,1565568000,208,335,127,543,32,0.789511332428057,-0.4740114677652014
260,1565582400,33,129,96,162,32,0.6141752716654839,-1.399040776808651
260,1565596800,502,176,-326,678,32,-1.772657555489544,-0.1462451771592547
260,1565611200,708,496,-212,1204,32,-1.1278733320400813,1.130829406979471
260,1565625600,626,592,-34,1218,32,-0.12110498314530668,1.1648199852645322
260,1565640000,685,943,258,1628,32,1.5304475891989304,2.1602583493270373
260,1565654400,223,486,263,709,33,1.5133426215821482,-0.17898908549798825
260,1565668800,36,138,102,174,33,0.7228740106561476,-1.2240763727774862
260,1565683200,634,192,-442,826,33,-1.9480261405472334,0.049562713776219666
260,1565697600,779,468,-311,1247,33,-1.3048498173714191,0.8719585043270021
260,1565712000,598,586,-12,1184,33,0.16316331720543908,0.7488921508716593
260,1565726400,611,938,327,1549,33,1.827566168782546,1.4618956272399148
260,1565740800,217,459,242,676,33,1.4102380201570177,-0.24345241349840588
260,1565755200,37,152,115,189,33,0.7867006686812285,-1.1947748600500234
260,1565769600,655,217,-438,872,33,-1.9283871688472085,0.13942068614043818
260,1565784000,762,533,-229,1295,33,-0.9022508975209096,0.9657233450548822
260,1565798400,652,669,17,1321,33,0.30554586203061934,1.016512633782484
260,1565812800,697,948,251,1645,33,1.4544257064820736,1.6494253086956752
260,1565827200,220,444,224,664,33,1.321862647506906,-0.26689362368037595
260,1565841600,41,143,102,184,33,0.7228740106561476,-1.2045420309591777
260,1565856000,647,195,-452,842,33,-1.9971235697972956,0.08081766068551306
260,1565870400,829,520,-309,1349,33,-1.2950303315214067,1.0712087908737473
260,1565884800,743,586,-157,1329,33,-0.548749406920462,1.0321401072371306
260,1565899200,930,940,10,1870,33,0.2711776615555758,2.0889479996076132
260,1565913600,294,484,190,778,33,1.1549313880566945,-0.04420212695166051
260,1565928000,52,165,113,217,33,0.776881182831216,-1.14007870295876
260,1565942400,607,175,-432,782,33,-1.8989287112971711,-0.03638839022433716
260,1565956800,754,439,-315,1193,33,-1.324488789071444,0.7664730585081369
260,1565971200,706,666,-40,1372,33,0.025690515305265064,1.1161377770558567
260,1565985600,895,909,14,1804,33,0.2908166332556007,1.9600213436067782
260,1566000000,295,469,174,764,33,1.0763755012565952,-0.07155020549729223
260,1566014400,46,83,37,129,33,0.40374072053074367,-1.3119809109598737
260,1566028800,175,66,-109,241,33,-0.3130817465201638,-1.09319628259482
260,1566043200,459,335,-124,794,33,-0.38672789039525696,-0.01294718004236712
260,1566057600,363,332,-31,695,33,0.069878201630321,-0.20633716404361999
260,1566072000,304,292,-12,596,33,0.16316331720543908,-0.39972714804487286
260,1566086400,178,167,-11,345,33,0.1680730601304453,-0.890039127684413
260,1566100800,37,68,31,105,33,0.3742822629807064,-1.3588633313238139
260,1566115200,84,46,-38,130,33,0.03551000115527749,-1.3100274767780429
260,1566129600,215,132,-83,347,33,-0.18542843047000218,-0.8861322593207512
260,1566144000,335,265,-70,600,33,-0.12160177244492139,-0.3919134113175495
260,1566158400,275,262,-13,537,33,0.15825357428043288,-0.5149797647728922
260,1566172800,131,140,9,271,33,0.2662679186305696,-1.0345932571398948
260,1566187200,30,33,3,63,33,0.2368094610805323,-1.440907566960709
260,1566201600,560,173,-387,733,33,-1.6779902796718915,-0.13210666513404817
260,1566213373,604,367,-237,971,33,-0.9415288409209592,0.332810670141691
260,1566216000,105,82,-23,187,33,0.10915614503037072,-1.1986817284136853
260,1566230400,601,602,1,1203,33,0.2269899752305199,0.7860074003264452
260,1566244800,770,875,105,1645,33,0.7376032394311662,1.6494253086956752
260,1566259200,270,418,148,688,34,0.8444824528838504,-0.21146888485558102
260,1566273600,43,105,62,148,34,0.4170941076664667,-1.2992698167051109
260,1566288000,616,191,-425,807,34,-2.0031166379249967,0.028250209385333902
260,1566302400,818,488,-330,1306,34,-1.5310016054174218,1.0334588482611033
260,1566316800,608,604,-4,1212,34,0.08909840087173032,0.8441009082724814
260,1566331200,814,909,95,1723,34,0.5810919610638349,1.8734829011893515
260,1566345600,226,493,267,719,34,1.4358686514986023,-0.14902105358273765
260,1566360000,41,175,134,216,34,0.7749076059879971,-1.1622874771388738
260,1566374400,709,725,16,1434,34,0.18849103929437772,1.2913079580328437
260,1566388800,763,470,-293,1233,34,-1.3471252243355243,0.8864042778444076
260,1566403200,606,583,-23,1189,34,-0.005324605629784688,0.7977686463603717
260,1566417600,659,921,262,1580,34,1.4110204918929405,1.585417098866235
260,1566432000,218,422,204,640,34,1.122781840467263,-0.3081623010199837
260,1566446400,40,155,115,195,34,0.6804845994864822,-1.2045908467108
260,1566460800,635,204,-431,839,34,-2.032934429451791,0.092712486828269
260,1566475200,811,471,-340,1282,34,-1.5806979246287456,0.9851121401789019
260,1566489600,633,577,-56,1210,34,-0.16932245902715284,0.840072015932298
260,1566504000,676,945,269,1621,34,1.4458079153408672,1.6680093918399956
260,1566518400,219,439,220,658,34,1.2022959512053808,-0.2719022699583327
260,1566532800,42,141,99,183,34,0.6009704887483643,-1.2287642007519006
260,1566547200,582,190,-392,772,34,-1.8391187845276287,-0.04225540656787637
260,1566561600,704,412,-292,1116,34,-1.3421555924143918,0.650714075943676
260,1566576000,637,635,-2,1272,34,0.09903766471399505,0.9649676784779847
260,1566590400,616,868,252,1484,34,1.3613241726816168,1.3920302665374298
260,1566604800,261,436,175,697,34,0.9786625147544243,-0.19333886932475552
260,1566619200,39,79,40,118,34,0.3077622054015546,-1.3597032018078627
260,1566633600,148,70,-78,218,34,-0.27865436129206494,-1.1582585847986904
260,1566648000,273,222,-51,495,34,-0.144474299421491,-0.6002569956832834
260,1566662400,343,263,-80,606,34,-0.2885936251343297,-0.37665347080310224
260,1566676800,315,314,-1,629,34,0.10400729663512742,-0.33032120889099265
260,1566691200,183,184,1,367,34,0.11394656047739217,-0.8581061054550239
260,1566705600,27,56,29,83,34,0.2530962542690985,-1.430208817761073
260,1566720000,77,44,-33,121,34,-0.055020924841108376,-1.3536598632975876
260,1566734400,204,142,-62,346,34,-0.19914025055394705,-0.90040947502695
260,1566748800,270,248,-22,518,34,-0.0003549737086523196,-0.5539247337711738
260,1566763200,263,232,-31,495,34,-0.04508166099884364,-0.6002569956832834
260,1566777600,125,152,27,277,34,0.24315699042683378,-1.0394062607632788
260,1566792000,25,43,18,68,34,0.19843030313664245,-1.4604255103124488
260,1566806400,562,184,-378,746,34,-1.7695439376317756,-0.09463100699026115
260,1566820800,705,460,-245,1165,34,-1.1085828921211707,0.7494219382781704
260,1566835200,663,573,-90,1236,34,-0.3382899443456534,0.8924476163546827
260,1566849600,644,949,305,1593,34,1.6247146645016324,1.6116048990774274
260,1566864000,144,264,120,408,35,0.6995552481974822,-0.7169817561988827
260,1566878400,0,1,1,1,35,0.11468118822909541,-1.5258575574438469
260,1566892800,614,177,-437,791,35,-2.0380485450999246,0.04419620910043259
260,1566907200,828,516,-312,1344,35,-1.4236850367297704,1.1432338456814284
260,1566921600,613,644,31,1257,35,0.26212843023793236,0.9703291903784507
260,1566936000,672,899,227,1571,35,1.225450411362334,1.594375877334025
260,1566950400,54,260,206,314,35,1.122237341956148,-0.9037982803193413
260,1566964800,0,1,1,1,35,0.11468118822909541,-1.5258575574438469
260,1566979200,623,177,-446,800,35,-2.0822827177025753,0.06208289758005097
260,1566993600,823,461,-362,1284,35,-1.669430440077832,1.0239892558173058
260,1567008000,649,638,-11,1287,35,0.05570229142556063,1.0299514853105118
260,1567022400,669,1004,335,1673,35,1.756260482594147,1.7970916801030334
260,1567036800,128,253,125,381,35,0.7241297885322883,-0.7706418216377379
260,1567051200,0,0,0,0,35,0.10976628016213419,-1.5278449672749157
260,1567065600,607,180,-427,787,35,-1.9888994644303122,0.03624656977615776
260,1567080000,863,528,-335,1391,35,-1.5367279222698786,1.2366421077416576
260,1567094400,621,610,-11,1231,35,0.05570229142556063,0.9186565347706642
260,1567108800,740,962,222,1702,35,1.2008758710275278,1.854726565204026
260,1567123200,137,229,92,366,35,0.5619378223225675,-0.8004529691037684
260,1567137600,0,1,1,1,35,0.11468118822909541,-1.5258575574438469
260,1567152000,545,184,-361,729,35,-1.6645155320108709,-0.07902320042582732
260,1567166400,817,507,-310,1324,35,-1.413855220595848,1.1034856490600542
260,1567180800,698,686,-12,1384,35,0.0507873833585994,1.2227302389241765
260,1567195200,677,1007,330,1684,35,1.7316859422593407,1.8189531882447891
260,1567209600,233,380,147,613,35,0.8322577660054354,-0.3095627408297975
260,1567224000,42,130,88,172,35,0.5422781900547227,-1.186010476331098
260,1567238400,216,109,-107,325,35,-0.4161288830027177,-0.8819367721775855
260,1567252800,401,332,-69,733,35,-0.22936237645819085,-0.07107356110155248
260,1567267200,500,499,-1,999,35,0.10485137209517295,0.4575774539627239
260,1567281600,450,530,80,980,35,0.5029589255190328,0.41981666717241845
260,1567296000,249,400,151,649,35,0.8519173982732803,-0.23801598691132397
260,1567310400,36,153,117,189,35,0.6848105239965985,-1.1522245092029297
260,1567324800,166,74,-92,240,35,-0.34240526199829924,-1.0508666078184257
260,1567339200,339,244,-95,583,35,-0.3571499861991829,-0.36918503576185874
260,1567353600,464,434,-30,898,35,-0.03768096184670279,0.2568490610247844
260,1567368000,376,483,107,859,35,0.6356614433269862,0.17934007761310475
260,1567382400,173,391,218,564,35,1.181216238759683,-0.4069458225521642
260,1567396800,36,141,105,177,35,0.6258316271930635,-1.1760734271757542
260,1567411200,198,75,-123,273,35,-0.4947674120740974,-0.9852820833931583
260,1567425600,338,242,-96,580,35,-0.36206489426614413,-0.37514726525506487
260,1567440000,484,395,-89,879,35,-0.3276605377974155,0.21908827423447894
260,1567454400,390,474,84,864,35,0.5226185577868777,0.1892771267684483
260,1567468800,175,338,163,513,36,0.6954148702504517,-0.8106782910723301
260,1567483200,33,92,59,125,36,0.2556331772934554,-1.5519842464796973
260,1567497600,572,215,-357,787,36,-1.5034935945345294,-0.2871787246248595
260,1567512000,868,548,-320,1416,36,-1.3470327999248288,0.9145775793731662
260,1567526400,752,669,-83,1421,36,-0.34483798039782787,0.9241304911696528
260,1567540800,733,1094,361,1827,36,1.5326915549185791,1.6998269290443722
260,1567555200,232,509,277,741,36,1.1774832644533129,-0.37506551315253706
260,1567569600,23,142,119,165,36,0.5093533847686456,-1.475560952107804
260,1567584000,688,227,-461,915,36,-1.9432752874915256,-0.04262418263480022
260,1567598400,917,522,-395,1439,36,-1.6641830592688165,0.958520973637005
260,1567612800,661,676,15,1337,36,0.06957169181164935,0.7636415729886765
260,1567627200,719,1053,334,1772,36,1.4185174615547436,1.5947448992830187
260,1567641600,237,448,211,685,36,0.8983910362306038,-0.482058125273188
260,1567656000,31,136,105,167,36,0.45015200302443453,-1.471739787389209
260,1567670400,707,270,-437,977,36,-1.8417872045014496,0.07583192364163474
260,1567684800,914,529,-385,1443,36,-1.6218963580229515,0.9661633030741943
260,1567699200,705,692,-13,1397,36,-0.048831071676772704,0.8782765145465168
260,1567713600,773,1083,310,1856,36,1.3170293785646676,1.755233817463995
260,1567728000,256,469,213,725,36,0.9068483764797768,-0.4056348309012945
260,1567742400,41,155,114,196,36,0.48821003414571307,-1.4163328989695863
260,1567756800,553,355,-198,908,36,-0.8311350447252756,-0.05599825914988159
260,1567771200,560,622,62,1182,36,0.26831918766721496,0.46750130729758904
260,1567785600,780,838,58,1618,36,0.2514045071688689,1.3005152159512285
260,1567800000,650,934,284,1584,36,1.2070839553254185,1.235555415735119
260,1567814400,229,409,180,638,36,0.7673022623684222,-0.5718554961601628
260,1567828800,45,190,145,235,36,0.6192988080078947,-1.3418201869569901
260,1567843200,256,91,-165,347,36,-0.691588930613921,-1.1278349627156883
260,1567857600,459,313,-146,772,36,-0.6112441982467774,-0.31583746001431956
260,1567872000,539,535,-4,1074,36,-0.010773040555494183,0.26115841249347654
260,1567886400,487,578,91,1065,36,0.3909506212802235,0.2439631712598005
260,1567900800,278,422,144,700,36,0.6150701378833082,-0.4533993898837279
260,1567915200,47,178,131,225,36,0.5600974262636836,-1.3609260105499634
260,1567929600,173,71,-102,244,36,-0.4251827127649714,-1.3246249457233141
260,1567944000,412,247,-165,659,36,-0.691588930613921,-0.5317332666149188
260,1567958400,494,431,-63,925,36,-0.2602645779060978,-0.02351835904182684
260,1567972800,431,565,134,996,36,0.5727834366374431,0.11213298846828416
260,1567987200,199,366,167,565,36,0.7123295507487977,-0.7113280083888686
260,1568001600,35,93,58,128,36,0.2514045071688689,-1.5462524994018054
260,1568016000,730,250,-480,980,36,-2.023620019858669,0.08156367071952676
260,1568030400,891,522,-369,1413,36,-1.5542376360295673,0.9088458322952742
260,1568044800,665,700,35,1365,36,0.1541450943033794,0.8171378790490019
260,1568059200,764,1076,312,1840,36,1.3254867188138406,1.7246644997152376
260,1568073600,193,466,273,659,37,1.1396543789089917,-0.1947565473981475
260,1568088000,33,123,90,156,37,0.43935188799961294,-0.9143135289184806
260,1568102400,501,276,-225,777,37,-0.7660868258607935,-0.025953915550435143
260,1568116800,830,563,-267,1393,37,-0.9268119877088475,0.8552530439257581
260,1568131200,752,671,-81,1423,37,-0.2150291280960362,0.8981689672768713
260,1568145600,752,1038,286,1790,37,1.1894026432905325,1.4231737629388241
260,1568160000,269,509,240,778,37,1.013370323171235,-0.0245233847720647
260,1568174400,35,128,93,163,37,0.4508322567030454,-0.9042998134698875
260,1568188800,817,233,-584,1050,37,-2.1399042807048754,0.36458098694469593
260,1568203200,1022,556,-466,1578,37,-1.6883431117031995,1.11990123792429
260,1568217600,714,737,23,1451,37,0.18295698695628843,0.9382238290712438
260,1568232000,819,1070,251,1889,37,1.055465008417154,1.5647963099974982
260,1568246400,258,484,226,742,37,0.9597952692218835,-0.07602249279340066
260,1568260800,39,149,110,188,37,0.5158876793558291,-0.8685365440106264
260,1568275200,801,317,-484,1118,37,-1.757225323923794,0.46185707987388613
260,1568289600,993,553,-440,1546,37,-1.5888465829401184,1.0741242530164359
260,1568304000,733,684,-49,1417,37,-0.09257186192609015,0.8895857826066488
260,1568318400,725,1163,438,1888,37,1.771074657597776,1.5633657792191276
260,1568332800,238,553,315,791,37,1.300379540757046,-0.005926484653248934
260,1568347200,40,144,104,184,37,0.4929269419489643,-0.8742586671241082
260,1568361600,760,244,-516,1004,37,-1.8796825900937402,0.29877657113965556
260,1568376000,905,548,-357,1453,37,-1.2712230488118208,0.9410848906279847
260,1568390400,801,865,64,1666,37,0.33985535923653176,1.2457879464208892
260,1568404800,829,1132,303,1961,37,1.2544580659433162,1.66779452604017
260,1568419200,309,426,117,735,37,0.5426752063305048,-0.08603620824199378
260,1568433600,0,1,1,1,37,0.09876761646445052,-1.1360457995658992
260,1568448000,0,1,1,1,37,0.09876761646445052,-1.1360457995658992
260,1568462400,0,0,0,0,37,0.09494082689663971,-1.1374763303442699
260,1568476800,0,0,0,0,37,0.09494082689663971,-1.1374763303442699
260,1568491200,0,0,0,0,37,0.09494082689663971,-1.1374763303442699
260,1568505600,0,0,0,0,37,0.09494082689663971,-1.1374763303442699
260,1568520000,0,1,1,1,37,0.09876761646445052,-1.1360457995658992
260,1568534400,0,0,0,0,37,0.09494082689663971,-1.1374763303442699
260,1568548800,0,0,0,0,37,0.09494082689663971,-1.1374763303442699
260,1568563200,0,0,0,0,37,0.09494082689663971,-1.1374763303442699
260,1568577600,0,0,0,0,37,0.09494082689663971,-1.1374763303442699
260,1568592000,0,0,0,0,37,0.09494082689663971,-1.1374763303442699
260,1568606400,0,1,1,1,37,0.09876761646445052,-1.1360457995658992
260,1568620800,732,206,-526,938,37,-1.9179504857718483,0.20436153976720628
260,1568635200,927,542,-385,1469,37,-1.3783731567105235,0.9639733830819118
260,1568649600,701,668,-33,1369,37,-0.031343228841117135,0.8209203052448675
260,1568664000,691,1125,434,1816,37,1.7557674993265329,1.4603675631764557
260,1568678400,230,450,220,680,38,0.9882675083655075,-0.4873128439153446
260,1568692800,1,1,0,2,38,0.10989200073783444,-1.6516626126125546
260,1568707200,589,222,-367,811,38,-1.3553980506228749,-0.2623426083706034
260,1568721600,858,546,-312,1404,38,-1.1358041737159565,0.7560341067288738
260,1568736000,670,653,-17,1323,38,0.04201752969387788,0.6169303733004461
260,1568750400,832,1096,264,1928,38,1.1639426098910421,1.6559150489078385
260,1568764800,237,493,256,730,38,1.132001682340945,-0.40144634179903116
260,1568779200,0,1,1,1,38,0.11388461668159659,-1.653379942654881
260,1568793600,770,243,-527,1013,38,-1.9942166016248188,0.08455806017930284
260,1568808000,954,557,-397,1511,38,-1.4751765289357393,0.9397884212577846
260,1568822400,752,752,0,1504,38,0.10989200073783444,0.9277671109615007
260,1568836800,827,1058,231,1885,38,1.0321862837468911,1.582069857087809
260,1568851200,281,483,202,764,38,0.9164004213777888,-0.343057120359938
260,1568865600,0,3,3,3,38,0.12186984856912089,-1.6499452825702283
260,1568880000,743,240,-503,983,38,-1.8983938189745273,0.03303815890951479
260,1568894400,984,549,-435,1533,38,-1.626895934798701,0.9775696821889625
260,1568908800,749,663,-86,1412,38,-0.2334729704257105,0.769772747067484
260,1568923200,789,1125,336,1914,38,1.451410957841917,1.6318724283152708
260,1568937600,237,488,251,725,38,1.1120386026221343,-0.4100329920106625
260,1568952000,0,7,7,7,38,0.1378403123441695,-1.6430759624009232
260,1568966400,710,244,-466,954,38,-1.7506670290553277,-0.016764412317947
260,1568980800,909,590,-319,1499,38,-1.1637524853222916,0.9191804607498694
260,1568995200,782,772,-10,1554,38,0.06996584130021292,1.013633613077814
260,1569009600,799,1107,308,1906,38,1.3396177114165768,1.6181337879766606
260,1569024000,280,473,193,753,38,0.8804668778839294,-0.361947750825527
260,1569038400,41,192,151,233,38,0.7127770082459192,-1.2549593728351867
260,1569052800,221,104,-117,325,38,-0.3572440646823372,-1.09696500894117
260,1569067200,445,340,-105,785,38,-0.3093326733571914,-0.3069931894710864
260,1569081600,516,559,43,1075,38,0.28157448631960685,0.1910325228035315
260,1569096000,450,609,159,1059,38,0.7447179357960163,0.1635552421263112
260,1569110400,280,414,134,694,38,0.6449025372019626,-0.46327022332277684
260,1569124800,49,207,158,256,38,0.7407253198522542,-1.2154607818616825
260,1569139200,151,75,-76,226,38,-0.193546810988089,-1.2669806831314705
260,1569153600,374,230,-144,604,38,-0.4650446951639153,-0.617829927132141
260,1569168000,491,447,-44,938,38,-0.0657831007877002,-0.044241692995167295
260,1569182400,401,545,144,946,38,0.6848286966395841,-0.030503052656557148
260,1569196800,169,350,181,519,38,0.8325554865587836,-0.7638029807298738
260,1569211200,25,94,69,119,38,0.3853825008574228,-1.4507349976603812
260,1569225600,759,277,-482,1036,38,-1.8145488841555222,0.12405665115280702
260,1569240000,925,575,-350,1500,38,-1.2875235795789182,0.9208977907921956
260,1569254400,717,715,-2,1432,38,0.10190676885031014,0.8041193479140093
260,1569268800,820,1112,292,1932,38,1.2757358563163823,1.6627843690771436
260,1569283200,230,459,229,689,39,0.9678094356540203,-0.5093046162642402
260,1569297600,32,125,93,157,39,0.46059524201646057,-1.4813642682509307
260,1569312000,820,224,-596,1044,39,-2.10904137133853,0.13934421165920927
260,1569326400,1014,600,-414,1614,39,-1.430269435735325,1.1808366959306633
260,1569340800,743,683,-60,1426,39,-0.11002072582579422,0.8373268941007803
260,1569355200,818,1142,324,1960,39,1.3221134679743747,1.8130409056814056
260,1569369600,256,483,227,739,39,0.9603504033946445,-0.4179456264158671
260,1569384000,28,127,99,155,39,0.4829723387945882,-1.4850186278448656
260,1569398400,820,246,-574,1066,39,-2.026992016485395,0.17954216719249347
260,1569412800,992,547,-445,1539,39,-1.545884435755651,1.0437982111581037
260,1569427200,782,757,-25,1539,39,0.02051233871328367,1.0437982111581037
260,1569441600,833,1056,223,1889,39,0.9454323388758927,1.6833111400967158
260,1569456000,241,507,266,748,39,1.1058015324524741,-0.4015010082431599
260,1569470400,34,142,108,176,39,0.5165379839617796,-1.4466478521085488
260,1569484800,831,263,-568,1094,39,-2.004614919707268,0.23070320150758244
260,1569499200,1017,569,-448,1586,39,-1.5570729841447148,1.1296756616155743
260,1569513600,749,689,-60,1438,39,-0.11002072582579422,0.8592530516643898
260,1569528000,746,1051,305,1797,39,1.2512526615103037,1.5152105987757092
260,1569542400,258,476,218,734,39,0.926784758227453,-0.4270815254007044
260,1569556800,30,132,102,162,39,0.49416088718365203,-1.4722283692660934
260,1569571200,737,216,-521,953,39,-1.8293276616119345,-0.026929149864829898
260,1569585600,896,587,-309,1483,39,-1.0386702421180911,0.9414761425279257
260,1569600000,780,799,19,1579,39,0.184611048419553,1.116885403036802
260,1569614400,795,1107,312,1902,39,1.2773592744181193,1.7070644774572927
260,1569628800,256,462,206,718,39,0.8820305646711978,-0.4563164021521838
260,1569643200,36,195,159,231,39,0.7067433065758646,-1.3461529632753384
260,1569657600,236,110,-126,346,39,-0.3561687903851982,-1.1360272866240801
260,1569672000,519,362,-157,881,39,-0.4717837904055244,-0.15848609524648727
260,1569686400,531,538,7,1069,39,0.13985685486329774,0.18502370658339584
260,1569700800,488,596,108,1084,39,0.5165379839617796,0.2124314035379078
260,1569715200,252,410,158,662,39,0.7030137904461766,-0.5586384707823617
260,1569729600,43,146,103,189,39,0.49789040331333995,-1.422894514747972
260,1569744000,161,73,-88,234,39,-0.21444717745705652,-1.340671423884436
260,1569758400,357,253,-104,610,39,-0.2741194355320636,-0.6536518202246698
260,1569772800,452,455,3,907,39,0.12493879034454598,-0.11097942052533322
260,1569787200,396,533,137,929,39,0.6246939517227299,-0.07078146499204901
260,1569801600,189,341,152,530,39,0.680636693668049,-0.7998262039820669
260,1569816000,33,92,59,125,39,0.3337916936070706,-1.5398340217538895
260,1569830400,542,156,-386,698,39,-1.3258429841040626,-0.492859998091533
260,1569844800,713,458,-255,1171,39,-0.8372763711149425,0.3713960458740771
260,1569859200,647,631,-16,1278,39,0.054077983880475126,0.5669042841495957
260,1569873600,630,884,254,1514,39,1.061047338896219,0.998118716233917
260,1569888000,199,381,182,580,40,0.7249067590902754,-0.7084751373670373
260,1569902400,29,108,79,137,40,0.35356908711578966,-1.5150521676461228
260,1569916800,631,158,-473,789,40,-1.6365124170581526,-0.32794556777713
260,1569931200,806,463,-343,1269,40,-1.167833801944724,0.5459979413288769
260,1569945600,664,598,-66,1262,40,-0.16918782974149588,0.533252931821081
260,1569960000,670,996,326,1666,40,1.2440584558313037,1.2688220519853035
260,1569974400,214,455,241,669,40,0.9376147459494466,-0.5464314450536318
260,1569988800,35,130,95,165,40,0.41125260897590393,-1.464072129614939
260,1570003200,790,230,-560,1020,40,-1.950166567172524,0.0926397459801358
260,1570017600,941,562,-379,1503,40,-1.2976217261299812,0.9720454020180553
260,1570032000,774,757,-17,1531,40,0.0074679559551040844,1.0230254400492391
260,1570046400,752,1070,318,1822,40,1.2152166949012464,1.5528536924447558
260,1570060800,222,455,233,677,40,0.9087729850193895,-0.531865719901865
260,1570075200,31,136,105,167,40,0.44730481013847534,-1.4604306983269975
260,1570089600,739,253,-486,992,40,-1.6833802785694953,0.04165970794895207
260,1570104000,926,549,-377,1475,40,-1.290411285897467,0.9210653639868716
260,1570118400,731,696,-35,1427,40,-0.057426006137524466,0.8336710130762709
260,1570132800,759,1145,386,1904,40,1.460371662806732,1.7021523752503653
260,1570147200,229,492,263,721,40,1.0169295885071037,-0.4517542315671477
260,1570161600,39,128,89,167,40,0.38962128827836107,-1.4604306983269975
260,1570176000,784,231,-553,1015,40,-1.924930026358724,0.08353616776028157
260,1570190400,972,570,-402,1542,40,-1.3805417888038956,1.0430533121329184
260,1570204800,783,761,-22,1544,40,-0.010558144626181624,1.04669474342086
260,1570219200,768,1109,341,1877,40,1.2981367575751608,1.6529930528631525
260,1570233600,277,473,196,750,40,0.7753798407178752,-0.3989534778919931
260,1570248000,41,167,126,208,40,0.5230144325798753,-1.3857813569241926
260,1570262400,234,130,-104,364,40,-0.30618619415926723,-1.1017497164647403
260,1570276800,492,394,-98,886,40,-0.2845548734617244,-0.1513361503119578
260,1570291200,588,581,-7,1169,40,0.0435201571176755,0.36392637693179214
260,1570305600,509,657,148,1166,40,0.6023292751375325,0.3584642299998796
260,1570320000,243,419,176,662,40,0.7032754383927324,-0.5591764545614277
260,1570334400,39,194,155,233,40,0.6275658159513324,-1.3402634658249215
260,1570348800,172,74,-98,246,40,-0.2845548734617244,-1.3165941624533004
260,1570363200,402,202,-200,604,40,-0.6522873253199528,-0.6647779619117369
260,1570377600,508,450,-58,958,40,-0.14034606881143874,-0.02024462394605676
260,1570392000,423,593,170,1016,40,0.6816441176951896,0.08535688340425242
260,1570406400,135,360,225,495,40,0.8799312240893324,-0.8632359671045593
260,1570420800,25,103,78,128,40,0.3499638669995325,-1.5314386084418605
260,1570435200,728,236,-492,964,40,-1.7050115992670383,-0.009320330082231671
260,1570449600,961,584,-377,1545,40,-1.290411285897467,1.048515459064831
260,1570464000,742,710,-32,1452,40,-0.04661034578875304,0.8791889041755421
260,1570478400,745,1191,446,1936,40,1.6766848697821606,1.7604152758574325
260,1570492800,215,451,236,666,41,1.0133935048624765,-0.513398580822427
260,1570507200,29,130,101,159,41,0.49755355759878667,-1.5040926796020158
260,1570521600,813,239,-574,1052,41,-2.081646178719663,0.240857675842112
260,1570536000,953,523,-430,1476,41,-1.5314169016383936,1.0693671391212947
260,1570550400,728,715,-13,1443,41,0.06195537990944847,1.0048840912717356
260,1570564800,728,1034,306,1762,41,1.2808660701103158,1.6282202204841396
260,1570579200,281,434,153,715,41,0.6962474632114672,-0.4176510249245969
260,1570593600,31,129,98,160,41,0.4860904476595935,-1.5021386478489989
260,1570608000,565,139,-426,704,41,-1.516132755052803,-0.4391453742077832
260,1570622400,778,424,-354,1202,41,-1.2410181165121683,0.5339624387946531
260,1570636800,569,515,-54,1084,41,-0.09470712259285735,0.3033866919386541
260,1570651200,617,878,261,1495,41,1.1089194210224191,1.1064937424286165
260,1570665600,216,416,200,632,41,0.8758361855921593,-0.5798356604250029
260,1570680000,34,122,88,156,41,0.4478800811956165,-1.5099547748610667
260,1570694400,782,258,-524,1040,41,-1.8905943463997779,0.21740929480590873
260,1570708800,1034,573,-461,1607,41,-1.6498690376767224,1.325345298766514
260,1570723200,789,694,-95,1483,41,-0.25136962509516314,1.0830453613924134
260,1570737600,787,1137,350,1924,41,1.4489916825518148,1.944773364472884
260,1570752000,220,540,320,760,41,1.3343605831598837,-0.32971959603883455
260,1570766400,31,160,129,191,41,0.6045425836979224,-1.4415636635054736
260,1570780800,762,252,-510,1014,41,-1.83709983335021,0.16660446922746827
260,1570795200,939,542,-397,1481,41,-1.4053226923072695,1.0791372978863794
260,1570809600,752,772,20,1524,41,0.1880495892405727,1.1631606632661078
260,1570824000,811,1178,367,1989,41,1.5139493055405757,2.071785428418985
260,1570838400,278,458,180,736,41,0.7994154526642052,-0.3766163581112411
260,1570852800,41,205,164,246,41,0.7382788663218419,-1.334091917089542
260,1570867200,268,111,-157,379,41,-0.48827389717182074,-1.074205693938289
260,1570881600,518,342,-176,860,41,-0.5608735934533771,-0.13431642073714053
260,1570896000,621,569,-52,1190,41,-0.08706504930006194,0.5105140577584498
260,1570910400,541,651,110,1192,41,0.531942887416366,0.5144221212644837
260,1570924800,278,444,166,722,41,0.7459209396146373,-0.4039728026534783
260,1570939200,55,167,112,222,41,0.5395849607091614,-1.3809886791619486
260,1570953600,191,79,-112,270,41,-0.3163272480839241,-1.2871951550171354
260,1570968000,395,252,-143,647,41,-0.4347793841222529,-0.5505251841297488
260,1570982400,511,433,-78,944,41,-0.1864120021064022,0.029822246516282458
260,1570996800,417,527,110,944,41,0.531942887416366,0.029822246516282458
260,1571011200,176,364,188,540,41,0.8299837458353868,-0.7596065817025615
260,1571025600,38,136,98,174,41,0.4860904476595935,-1.4747822033067617
260,1571040000,450,155,-295,605,41,-1.0155769543747037,-0.6325945177564604
260,1571054400,642,365,-277,1007,41,-0.9467982947395451,0.1529262469563497
260,1571068800,644,559,-85,1203,41,-0.21315925863118615,0.53591647054767
260,1571083200,589,818,229,1407,41,0.9866462483376927,0.9345389481631259
260,1571097600,231,422,191,653,42,0.7788497607858587,-0.5947209053232488
260,1571112000,26,115,89,141,42,0.41688486870442903,-1.5440141318724725
260,1571126400,785,238,-547,1023,42,-1.8400726936856617,0.09129177792521356
260,1571140800,930,550,-380,1480,42,-1.2474438997876347,0.9386101461537198
260,1571155200,685,742,57,1427,42,0.3033272555024119,0.8403434644992104
260,1571169600,754,1060,306,1814,42,1.1869474332306078,1.55787564941044
260,1571184000,214,502,288,716,42,1.1230712758044732,-0.47791334033769983
260,1571198400,29,154,125,183,42,0.5446371835566983,-1.4661424218821064
260,1571212800,801,214,-587,1015,42,-1.9820197101881831,0.07645907126038194
260,1571227200,974,572,-402,1546,42,-1.3255147588640215,1.0609799761385807
260,1571241600,758,670,-88,1428,42,-0.21123067931922831,0.8421975528323143
260,1571256000,653,916,263,1569,42,1.0343543904903973,1.1036240077999715
260,1571270400,164,410,246,574,42,0.9740269084768256,-0.7411938836384611
260,1571284800,31,116,85,147,42,0.4026901670541769,-1.5328896018738487
260,1571299200,821,251,-570,1072,42,-1.9216922281746116,0.18214210624730723
260,1571313600,927,530,-397,1457,42,-1.3077713818012064,0.8959661144923289
260,1571328000,725,685,-40,1410,42,-0.04089425951620261,0.8088239628364432
260,1571342400,732,1068,336,1800,42,1.293407695607499,1.5319184127469847
260,1571356800,258,517,259,775,42,1.0201596888401452,-0.36852212868456663
260,1571371200,35,169,134,204,42,0.5765752622697656,-1.4272065668869236
260,1571385600,798,220,-578,1018,42,-1.950081631475116,0.0820213362596938
260,1571400000,931,585,-346,1516,42,-1.1267889357604914,1.005357326145462
260,1571414400,743,783,40,1526,42,0.24299977348884028,1.0238982094765017
260,1571428800,776,1149,373,1925,42,1.4247086858723312,1.7636794543849788
260,1571443200,265,470,205,735,42,0.8285312165617412,-0.4426856620087247
260,1571457600,37,204,167,241,42,0.6936815508843458,-1.3586052985620773
260,1571472000,258,108,-150,366,42,-0.4312485548981365,-1.1268442569240833
260,1571486400,484,330,-154,814,42,-0.4454432565483887,-0.2962126836935125
260,1571500800,595,593,-2,1188,42,0.09395540616119274,0.39721635288736573
260,1571515200,573,736,163,1309,42,0.6794868492340936,0.621561041192944
260,1571529600,259,464,205,723,42,0.8285312165617412,-0.4649347220059722
260,1571544000,53,166,113,219,42,0.5020530786059418,-1.3993952418903641
260,1571558400,197,93,-104,290,42,-0.2680094859202369,-1.2677549702399835
260,1571572800,390,233,-157,623,42,-0.45608928278607774,-0.6503435553163674
260,1571587200,477,433,-44,910,42,-0.05508896116645475,-0.11822020371553307
260,1571601600,348,479,131,827,42,0.5659292360320766,-0.2721095353631611
260,1571616000,155,272,117,427,42,0.516247780256194,-1.013744868604742
260,1571630400,29,100,71,129,42,0.35300871127829436,-1.5662631918697199
260,1571644800,724,242,-482,966,42,-1.6094087918690645,-0.01439125706171173
260,1571659200,897,494,-403,1391,42,-1.3290634342765846,0.7735962845074681
260,1571673600,770,738,-32,1508,42,-0.012504856215698322,0.9905246194806305
260,1571688000,755,1058,303,1813,42,1.1763014069929187,1.556021561077336
260,1571702400,239,464,225,703,43,0.9037651614568142,-0.5176002129045167
260,1571716800,29,122,93,151,43,0.440989318183832,-1.5025828391852618
260,1571731200,787,238,-549,1025,43,-1.8097841013711267,0.0569729857592512
260,1571745600,926,554,-372,1480,43,-1.1892437660732644,0.8688698969145755
260,1571760000,732,667,-65,1399,43,-0.11293934270352542,0.7243344028407704
260,1571774400,707,1054,347,1761,43,1.3314822287242676,1.3702831541335778
260,1571788800,199,429,230,628,43,0.9212945494595787,-0.6514293740839658
260,1571803200,32,137,105,169,43,0.48305984939046676,-1.470463840502194
260,1571817600,827,250,-577,1077,43,-1.9079486741866076,0.14976120417700253
260,1571832000,934,518,-416,1452,43,-1.3435023804975919,0.8189070100742478
260,1571846400,761,730,-31,1491,43,0.0062604957152730244,0.8884981738875614
260,1571860800,775,1055,280,1830,43,1.0965884294872235,1.493405982418671
260,1571875200,257,535,278,792,43,1.0895766742861177,-0.35878960830490386
260,1571889600,32,133,101,165,43,0.4690363389882552,-1.477601395765098
260,1571904000,831,240,-591,1071,43,-1.9570309605943483,0.13905487128264662
260,1571918400,975,498,-477,1473,43,-1.5573609141313183,0.8563791752044936
260,1571932800,819,778,-41,1597,43,-0.02879828029025593,1.077643388354516
260,1571947200,889,1142,253,2031,43,1.0019297342722953,1.8520681343795946
260,1571961600,244,528,284,772,43,1.110611939889435,-0.3944773846194236
260,1571976000,41,165,124,206,43,0.5496715238009718,-1.4044414543203325
260,1571990400,752,259,-493,1011,43,-1.6134549557401647,0.031991542339087374
260,1572004800,927,541,-386,1468,43,-1.238326052481005,0.8474572311258636
260,1572019200,782,827,45,1609,43,0.27270719335729304,1.099056054143228
260,1572033600,776,1094,318,1870,43,1.2298117783082334,1.5647815350477106
260,1572048000,252,489,237,741,43,0.945835692663449,-0.4497934379069292
260,1572062400,44,192,148,236,43,0.6338125862142413,-1.350909789848553
260,1572076800,254,128,-126,382,43,-0.32679787633725205,-1.0903890227525588
260,1572091200,545,333,-212,878,43,-0.6283033499848011,-0.20533217015246893
260,1572105600,652,597,-55,1249,43,-0.07788056669799646,0.45667608048187236
260,1572120000,502,685,183,1187,43,0.7565183022335926,0.34604397390686115
260,1572134400,261,472,211,733,43,0.8546828750490737,-0.4640685484327371
260,1572148800,58,198,140,256,43,0.6057655654098181,-1.3152220135340331
260,1572163200,176,81,-95,257,43,-0.2181156707201123,-1.313437624718307
260,1572177600,329,199,-130,528,43,-0.34082138673946366,-0.8298682556565645
260,1572192000,425,288,-137,713,43,-0.3653625299433339,-0.49975632474725684
260,1572206400,367,472,105,839,43,0.48305984939046676,-0.27492333396578245
260,1572220800,152,328,176,480,43,0.7319771590297224,-0.9155189188114119
260,1572235200,21,97,76,118,43,0.3813893989744328,-1.5614676701042194
260,1572249600,739,215,-524,954,43,-1.7221371613573044,-0.06971862015729391
260,1572264000,937,571,-366,1508,43,-1.168208500469947,0.9188327837549031
260,1572278400,792,745,-47,1537,43,-0.049833545893573306,0.9705800594109567
260,1572292800,764,1118,354,1882,43,1.3560233719281378,1.5861942008364225
260,1572307200,255,471,216,726,44,0.8227456939166423,-0.5350886685565264
260,1572321600,33,121,88,154,44,0.3743456246704596,-1.525310690361983
260,1572336000,794,242,-552,1036,44,-1.867654721560454,0.0015701194848924097
260,1572350400,1000,578,-422,1578,44,-1.4122484012322998,0.939857419866986
260,1572364800,815,769,-46,1584,44,-0.09507319782163795,0.9502443641516586
260,1572379200,834,1203,369,2037,44,1.3587239016874701,1.7344586576444416
260,1572393600,251,521,270,772,44,1.0119144731298755,-0.45545542904070296
260,1572408000,38,166,128,204,44,0.5144706463098917,-1.4387528213230445
260,1572422400,827,229,-598,1056,44,-2.028798496445801,0.036193267100467816
260,1572436800,950,550,-400,1500,44,-1.3351796393306121,0.8048271441662419
260,1572451200,781,724,-57,1505,44,-0.13360757877248175,0.8134829310701357
260,1572465600,785,1119,334,1904,44,1.236114507752967,1.5042147260008651
260,1572480000,251,522,271,773,44,1.0154175986708613,-0.4537242716599242
260,1572494400,37,165,128,202,44,0.5144706463098917,-1.442215136084602
260,1572508800,744,218,-526,962,44,-1.7765734574948233,-0.1265355266927366
260,1572523200,959,530,-429,1489,44,-1.4367702800192004,0.7857844129776754
260,1572537600,766,745,-21,1511,44,-0.007495059296992881,0.8238698753548084
260,1572552000,795,1081,286,1876,44,1.0679644817856484,1.4557423193390595
260,1572566400,283,511,228,794,44,0.864783200408472,-0.41736996666357
260,1572580800,39,203,164,242,44,0.6405831657853807,-1.3729688408534513
260,1572595200,777,268,-509,1045,44,-1.7170203232980645,0.017150535911901344
260,1572609600,948,584,-364,1532,44,-1.2090671198551233,0.8602241803511625
260,1572624000,808,844,36,1652,44,0.19218309653919788,1.0679630660446149
260,1572638400,797,1175,378,1972,44,1.3902520315563422,1.6219334278938216
260,1572652800,311,500,189,811,44,0.7281613043100257,-0.3879402911903309
260,1572667200,57,196,139,253,44,0.5530050272607355,-1.3539261096648847
260,1572681600,273,107,-166,380,44,-0.5154482627399343,-1.134069122305981
260,1572696000,508,362,-146,870,44,-0.4453857519202182,-0.28580200572438347
260,1572710400,658,633,-25,1291,44,-0.021507561460936093,0.4430152515834789
260,1572724800,582,721,139,1303,44,0.5530050272607355,0.4637891401528241
260,1572739200,278,408,130,686,44,0.5214768973918633,-0.6043349637876773
260,1572750000,52,203,151,255,44,0.5950425337525652,-1.3504637949033274
260,1572764400,114,58,-56,172,44,-0.13010445323149597,-1.4941498575079653
260,1572778800,423,225,-198,648,44,-0.6275482800514799,-0.6701189442572705
260,1572793200,588,480,-108,1068,44,-0.3122669813627577,0.056967155669813065
260,1572807600,503,643,140,1146,44,0.5565081528017214,0.19199743137055716
260,1572822000,222,413,191,635,44,0.7351675553919973,-0.6926239902073945
260,1572836400,56,163,107,219,44,0.44090500994918985,-1.412785460611363
260,1572850800,376,114,-262,490,44,-0.8517483146745713,-0.9436418104203163
260,1572865200,1172,612,-560,1784,44,-1.8956797258883404,1.2964758403074126
260,1572879600,688,607,-81,1295,44,-0.21768259175614102,0.44993988110659394
260,1572894000,894,1225,331,2119,44,1.2256051311300096,1.8764135628683007
260,1572908400,338,640,302,978,44,1.1240144904414213,-0.09883700860027628
260,1572922800,62,247,185,309,45,0.5821396300857459,-1.2796305679612665
260,1572937200,356,107,-249,463,45,-0.7995323981958916,-1.0100328313627822
260,1572951600,1130,563,-567,1693,45,-1.811909598641884,1.1432477921186195
260,1572966000,667,582,-85,1249,45,-0.27742591746273826,0.3659660060814306
260,1572980400,889,1082,193,1971,45,0.6076082389019973,1.629924225718481
260,1572994800,363,677,314,1040,45,0.9928209472477993,8.336355491602448e-05
260,1573009200,54,265,211,319,45,0.664912608738563,-1.2621242214288975
260,1573023600,396,109,-287,505,45,-0.9205082900730858,-0.9365061759268318
260,1573038000,1266,589,-677,1855,45,-2.1621029698653405,1.4268506059429993
260,1573052400,680,591,-89,1271,45,-0.29016022187086393,0.40447996845264267
260,1573066800,927,1194,267,2121,45,0.8431928704523225,1.8925194237040177
260,1573081200,392,812,420,1204,45,1.3302800140631301,0.28718744668576957
260,1573095600,99,601,502,700,45,1.591333254429707,-0.595132418545634
260,1573110000,424,150,-274,574,45,-0.8791218007466773,-0.815712384853485
260,1573124400,1311,586,-725,1897,45,-2.3149146227628488,1.5003772613789494
260,1573138800,721,623,-98,1344,45,-0.31881240678914674,0.5322762981389373
260,1573153200,932,1182,250,2114,45,0.7890720767177885,1.8802649811313594
260,1573167600,363,754,391,1117,45,1.237956307104219,0.13488223185415824
260,1573182000,87,624,537,711,45,1.7027584180008069,-0.575875437360028
260,1573196400,398,133,-265,531,45,-0.8504696158283945,-0.8909896749426721
260,1573210800,1206,623,-583,1829,45,-1.8628468162743868,1.3813341049588395
260,1573225200,762,674,-88,1436,45,-0.28697664576883253,0.6933346862367331
260,1573239600,848,1210,362,2058,45,1.1456326001453077,1.7822294405500922
260,1573254000,360,623,263,983,45,0.8304585660441968,-0.09970281167958796
260,1573268400,94,334,240,428,45,0.7572363156974742,-1.071305044226074
260,1573282800,117,82,-35,199,45,-0.11824711236116714,-1.4722003798173269
260,1573297200,539,301,-238,840,45,-0.764513061073546,-0.35004356709246637
260,1573311600,585,484,-101,1069,45,-0.328363135095241,0.05085176849878647
260,1573326000,534,696,162,1230,45,0.5089173797390232,0.3327039476699293
260,1573340400,352,480,128,832,45,0.4006757922699548,-0.36404864431836165
260,1573354800,80,327,247,407,45,0.7795213484116942,-1.1080683719440492
260,1573369200,102,59,-43,161,45,-0.14371572117741852,-1.5387244966403295
260,1573383600,438,194,-244,632,45,-0.7836145176857345,-0.714175574965744
260,1573398000,551,419,-132,970,45,-0.42705399425821516,-0.12246106217166781
260,1573412400,467,583,116,1050,45,0.36247287904557773,0.017589710087285142
260,1573426800,226,414,188,640,45,0.5916903583918401,-0.7001704977398487
260,1573441200,61,210,149,271,45,0.4675308904126147,-1.3461546847842691
260,1573455600,324,78,-246,402,45,-0.7899816698897973,-1.1168215452102337
260,1573470000,897,454,-443,1351,45,-1.4171461619899877,0.5445307407115956
260,1573484400,609,568,-41,1177,45,-0.13734856897335568,0.23992031104837294
260,1573498800,770,944,174,1714,45,0.5471202929634003,1.1800111198365946
260,1573513200,355,656,301,1011,45,0.9514344579213909,-0.05068504138895442
260,1573527600,96,573,477,669,46,1.4612923687429316,-0.6989334410601817
260,1573542000,401,108,-293,509,46,-1.017240971853198,-0.9702541460410853
260,1573556400,1247,589,-658,1836,46,-2.1921301527851296,1.280011950894283
260,1573570800,637,570,-67,1207,46,-0.28977534201589256,0.21338242943810626
260,1573585200,909,1145,236,2054,46,0.685543621881026,1.649686411430764
260,1573599600,361,686,325,1047,46,0.9720234495603188,-0.05793827554279723
260,1573614000,68,541,473,609,46,1.4484168708697047,-0.8006787054280206
260,1573628400,431,106,-325,537,46,-1.1202449548390112,-0.9227730226694272
260,1573642800,1220,660,-560,1880,46,-1.876680454891077,1.3546251447640316
260,1573657200,689,614,-75,1303,46,-0.31552633776234584,0.3761748524266484
260,1573671600,926,1223,297,2149,46,0.8818949644477323,1.8107830800131757
260,1573686000,383,554,171,937,46,0.47631678144109296,-0.2444712602171684
260,1573700400,84,605,521,689,46,1.6029228453484246,-0.6650183529375688
260,1573714800,415,116,-299,531,46,-1.036554218663038,-0.932947549106211
260,1573729200,1086,847,-239,1933,46,-0.8434217505646384,1.4445001282889558
260,1573743600,690,666,-24,1356,46,-0.15136373987870613,0.4660498359515727
260,1573758000,945,1179,234,2124,46,0.6791058729444126,1.7683892198599094
260,1573772400,393,741,348,1134,46,1.0460575623313721,0.08959235779056905
260,1573786800,102,645,543,747,46,1.673738083651171,-0.5666645973819913
260,1573801200,393,140,-253,533,46,-0.8884859931209317,-0.9295560402939497
260,1573815600,1238,597,-641,1835,46,-2.1374092868239165,1.2783161964881524
260,1573830000,700,633,-67,1333,46,-0.28977534201589256,0.4270474846105678
260,1573844400,900,1289,389,2189,46,1.1780314155319451,1.8786132562584015
260,1573858800,352,646,294,998,46,0.8722383410428124,-0.14103024144319892
260,1573873200,76,341,265,417,46,0.7788909814619192,-1.1262635514051047
260,1573887600,135,87,-48,222,46,-0.228616727118066,-1.456935660600581
260,1573902000,532,362,-170,894,46,-0.6213194122514787,-0.3173886996807862
260,1573916400,552,466,-86,1018,46,-0.35093395691371915,-0.10711515332058599
260,1573930800,565,590,25,1155,46,0.006361109068320303,0.12520320031931262
260,1573945200,311,422,111,733,46,0.28318431334269323,-0.5904051590678203
260,1573959600,105,328,223,433,46,0.6436982537930394,-1.0991314809070145
260,1573974000,132,70,-62,202,46,-0.27368096967435923,-1.490850748723194
260,1573988400,417,204,-213,621,46,-0.7597310143886652,-0.7803296525544527
260,1574002800,516,461,-55,977,46,-0.2511488483962126,-0.1766410839719425
260,1574017200,474,649,175,1123,46,0.4891922793143196,0.07093905932313194
260,1574031600,251,372,121,623,46,0.3153730580257599,-0.7769381437421915
260,1574046000,52,170,118,222,46,0.30571643462083986,-1.456935660600581
260,1574060400,344,104,-240,448,46,-0.846640625032945,-1.0736951648150548
260,1574074800,1187,652,-535,1839,46,-1.7962085931834102,1.2850992141126751
260,1574089200,656,617,-39,1273,46,-0.19964685690330605,0.325302220242729
260,1574103600,870,1138,268,2008,46,0.7885476048668392,1.5716817087487545
260,1574118000,380,682,302,1062,46,0.8979893367892656,-0.032501959450837524
260,1574132400,86,473,387,559,47,1.0745460238744107,-0.8860649818757627
260,1574146800,323,110,-213,433,47,-0.705181863186723,-1.091914926302056
260,1574161200,1321,636,-685,1957,47,-2.1052344676748147,1.397889163425492
260,1574175600,731,600,-131,1331,47,-0.4619523852883681,0.37517436016470124
260,1574190000,948,1229,281,2177,47,0.7601274304936104,1.7573097013126706
260,1574204400,382,880,498,1262,47,1.4037956829807205,0.2624470096455406
260,1574218800,92,534,442,626,47,1.2376877468550147,-0.7766050907919401
260,1574233200,392,141,-251,533,47,-0.8178979627005949,-0.9285419545351565
260,1574247600,1288,616,-672,1904,47,-2.0666736967884902,1.3113014883890353
260,1574262000,663,585,-78,1248,47,-0.30474308859796795,0.23957479359817466
260,1574276400,917,1182,265,2099,47,0.7126680201719802,1.6298787833344892
260,1574290800,381,808,427,1189,47,1.1931945496784864,0.143184740255704
260,1574305200,84,535,451,619,47,1.2643836651609317,-0.788041198815623
260,1574319600,402,107,-295,509,47,-0.948411341085078,-0.9677514677592124
260,1574334000,1312,611,-701,1923,47,-2.152693877996445,1.342342353024746
260,1574348400,681,591,-90,1272,47,-0.3403376463391906,0.27878430682223054
260,1574362800,969,1335,366,2304,47,1.012255547827271,1.9647933754566331
260,1574377200,433,845,412,1278,47,1.148701352501958,0.2885866851282445
260,1574391600,118,608,490,726,47,1.3800659778199054,-0.6132321190250406
260,1574406000,390,160,-230,550,47,-0.7556074866534551,-0.9007685493347836
260,1574420400,1197,618,-579,1815,47,-1.7908158742940146,1.1658995435164947
260,1574434800,683,617,-66,1300,47,-0.2691485308567453,0.3245287389169624
260,1574449200,855,1155,300,2010,47,0.8164854802505463,1.4844768384619487
260,1574463600,381,649,268,1030,47,0.7215666596072858,-0.11657828485366617
260,1574478000,76,329,253,405,47,0.6770734624307575,-1.1376593583967878
260,1574492400,157,100,-57,257,47,-0.24245261255082826,-1.379451356611799
260,1574506800,553,303,-250,856,47,-0.814931749555493,-0.40084725572807123
260,1574521200,569,504,-65,1073,47,-0.26618231771164336,-0.0463279069938994
260,1574535600,594,825,231,1419,47,0.6118167732385159,0.5189425753195728
260,1574550000,351,472,121,823,47,0.28553332727730807,-0.45476033641114805
260,1574564400,77,323,246,400,47,0.6563099704150442,-1.1458280069851328
260,1574578800,108,68,-40,176,47,-0.19202698908409616,-1.5117834637429877
260,1574593200,403,191,-212,594,47,-0.7022156500416211,-0.8288844417573479
260,1574607600,472,337,-135,809,47,-0.47381723786877566,-0.477632552458514
260,1574622000,398,557,159,955,47,0.39824942679117986,-0.23910801367884077
260,1574636400,220,419,199,639,47,0.5168979525952555,-0.7553666044622431
260,1574650800,75,200,125,275,47,0.29739817985771566,-1.3500442216937572
260,1574665200,351,150,-201,501,47,-0.6695873054455004,-0.9808213055005643
260,1574679600,1201,665,-536,1866,47,-1.6632687090546332,1.2492197591176133
260,1574694000,698,675,-23,1373,47,-0.14160136561736403,0.443791008306799
260,1574708400,918,1254,336,2172,47,0.9232691534742143,1.7491410527243259
260,1574722800,359,651,292,1010,47,0.7927557750897312,-0.14925287920704608
260,1574737200,61,263,202,324,48,0.9036663482131243,-0.9747048911046314
260,1574751600,422,114,-308,536,48,-1.2729369553655467,-0.5918910606430005
260,1574766000,1250,605,-645,1855,48,-2.711202275573414,1.7898610260498835
260,1574780400,707,621,-86,1328,48,-0.3254743408665959,0.838243626741961
260,1574794800,987,1352,365,2339,48,1.599325835435327,2.663832223896249
260,1574809200,396,711,315,1107,48,1.38593335469232,0.4391782657418644
260,1574823600,67,284,217,351,48,0.9676840924360264,-0.925950299489235
260,1574838000,342,99,-243,441,48,-0.9955267303996378,-0.7634349941045804
260,1574852400,1193,642,-551,1835,48,-2.310024411776561,1.7537465137421824
260,1574866800,724,669,-55,1393,48,-0.19317100280593152,0.9556157917419893
260,1574881200,901,1140,239,2041,48,1.0615767839629495,2.125725990511503
260,1574895600,365,570,205,935,48,0.9164698970577048,0.12859345989563542
260,1574910000,81,260,179,341,48,0.8055058070713411,-0.9440075556430856
260,1574924400,166,60,-106,226,48,-0.41083133316379866,-1.1516660014123665
260,1574938800,413,244,-169,657,48,-0.6797058588999875,-0.3733982611814091
260,1574953200,490,469,-21,959,48,-0.048064115900686814,0.17193087466487667
260,1574967600,417,514,97,931,48,0.4555421386528097,0.12137055743409521
260,1574982000,228,301,73,529,48,0.3531137478961663,-0.6045311399506957
260,1574996400,74,194,120,268,48,0.5537026797945929,-1.0758255255661944
260,1575010800,204,69,-135,273,48,-0.5345989719947427,-1.0667968974892692
260,1575025200,594,308,-286,902,48,-1.1790442638386238,0.0690045145879287
260,1575039600,602,516,-86,1118,48,-0.3254743408665959,0.4590412475111
260,1575054000,614,720,106,1334,48,0.4939527851865509,0.8490779804342712
260,1575068400,292,472,180,764,48,0.8097736566862013,-0.18018562033520852
260,1575082800,65,263,198,328,48,0.8865949497536837,-0.9674819886430912
260,1575097200,126,78,-48,204,48,-0.16329605550191056,-1.1913919649508378
260,1575111600,477,262,-215,739,48,-0.8760269411835538,-0.22532876071983482
260,1575126000,557,477,-80,1034,48,-0.299867243177435,0.30736029581875557
260,1575140400,539,689,150,1228,48,0.681738168240397,0.6576710652034558
260,1575154800,294,464,170,758,48,0.7670951605375999,-0.19101997402751883
260,1575169200,77,276,199,353,48,0.8908627993685438,-0.9223388482584649
260,1575183600,100,59,-41,159,48,-0.1334211081978896,-1.272649617643165
260,1575198000,367,174,-193,541,48,-0.7821342496566308,-0.5828624325660752
260,1575212400,432,336,-96,768,48,-0.36815283701519724,-0.1729627178736683
260,1575226800,349,462,113,811,48,0.5238277324905719,-0.09531651641211106
260,1575241200,188,337,149,525,48,0.6774703186255369,-0.611754042412236
260,1575255600,48,174,126,222,48,0.5793097774837537,-1.1588889038739068
260,1575270000,306,93,-213,399,48,-0.8674912419538335,-0.8392754699507525
260,1575284400,1138,567,-571,1705,48,-2.3953814040737638,1.5190021837421257
260,1575298800,665,576,-89,1241,48,-0.3382778897111763,0.6811454982034614
260,1575313200,755,976,221,1731,48,0.984755490895467,1.565951049742137
260,1575327600,271,475,204,746,48,0.9122020474428446,-0.21268868141213945
260,1575342000,51,234,183,285,49,0.7266210192121454,-1.157505057432963
260,1575356400,376,98,-278,474,49,-0.8434474856758378,-0.8569989367532515
260,1575370800,1206,600,-606,1806,49,-1.960546118220867,1.2608537232751917
260,1575385200,664,531,-133,1195,49,-0.3496081511666023,0.28937626435824076
260,1575399600,960,1254,294,2214,49,1.1046635442502497,1.9095653488694897
260,1575414000,343,591,248,934,49,0.9479972726128371,-0.12560837848517042
260,1575428400,66,291,225,357,49,0.8696641367941309,-1.0430265352692634
260,1575441417,276,70,-206,346,49,-0.5982307126781484,-1.0605163094887173
260,1575442800,106,34,-72,140,49,-0.14185505182133773,-1.388052081234858
260,1575457200,1302,614,-688,1916,49,-2.2398207763571243,1.435751465469733
260,1575471600,662,576,-86,1238,49,-0.1895360910153329,0.35774538176156134
260,1575486000,950,1147,197,2097,49,0.7743020584061405,1.723537750353478
260,1575500400,366,601,235,967,49,0.9037220219326987,-0.0731390558268081
260,1575514800,88,325,237,413,49,0.9105335989604123,-0.953987684697497
260,1575529200,412,109,-303,521,49,-0.9285921985222578,-0.7822699014519475
260,1575543600,1310,587,-723,1897,49,-2.359023374342112,1.4055418554543122
260,1575558000,722,519,-203,1241,49,-0.588013347136578,0.36251532018504884
260,1575572400,993,1310,317,2303,49,1.182996680068956,2.0510735220996184
260,1575586800,318,555,237,873,49,0.9105335989604123,-0.22259712642941595
260,1575601200,82,302,220,384,49,0.8526351942248469,-1.000097089457876
260,1575615600,379,113,-266,492,49,-0.8025780235095562,-0.8283793062123265
260,1575630000,1250,618,-632,1868,49,-2.0490966195811438,1.3594324506939333
260,1575644400,763,646,-117,1409,49,-0.29511553494489356,0.629631871900348
260,1575658800,835,1108,273,1943,49,1.033141985459257,1.4786809112811203
260,1575673200,360,641,281,1001,49,1.0603882935701114,-0.01907975369394994
260,1575687600,77,330,253,407,49,0.9650262151821211,-0.9635275615444719
260,1575702000,158,85,-73,243,49,-0.14526084033519454,-1.2242841953617878
260,1575716400,589,316,-273,905,49,-0.8264185431065538,-0.17171778324554945
260,1575730800,605,587,-18,1192,49,0.042057527926929274,0.28460632593475327
260,1575745200,583,730,147,1313,49,0.6040126327133007,0.4769938423487485
260,1575759600,324,452,128,776,49,0.5393026509500216,-0.3768251354555113
260,1575774000,78,305,227,383,49,0.8764757138218443,-1.0016870689323718
260,1575788400,109,56,-53,165,49,-0.07714507005805861,-1.3483025943724622
260,1575802800,425,203,-222,628,49,-0.6527233288998572,-0.6121420976808939
260,1575817200,547,452,-95,999,49,-0.22018818764004403,-0.022259712642941597
260,1575831600,504,585,81,1089,49,0.37923059079875215,0.12083844006168294
260,1575846000,236,408,172,644,49,0.6891573455597206,-0.5867024260889606
260,1575860400,64,186,122,250,49,0.5188679198668809,-1.213154339040317
260,1575874800,347,105,-242,452,49,-0.7208390991769932,-0.8919784851921596
260,1575889200,1116,570,-546,1686,49,-1.7561988073894592,1.0700561863356923
260,1575903600,651,542,-109,1193,49,-0.2678692268340392,0.28619630540924906
260,1575918000,824,1146,322,1970,49,1.20002562263824,1.5216103570925077
260,1575932400,355,595,240,950,49,0.9207509645019827,-0.10016870689323717
260,1575946800,101,275,174,376,50,0.6704776877407822,-1.0813342856405586
260,1575961200,401,108,-293,509,50,-0.9112819186277169,-0.8596381350280592
260,1575975600,1295,593,-702,1888,50,-2.296591723777002,1.4390009002699613
260,1575990000,622,569,-53,1191,50,-0.09838618944476236,0.2771797199924267
260,1576004400,943,1114,171,2057,50,0.6603164911259953,1.720705031499378
260,1576018800,353,695,342,1048,50,1.2395046981688504,0.038814685875228044
260,1576033200,51,266,215,317,50,0.809347374809537,-1.179680698318284
260,1576047600,383,98,-285,481,50,-0.8841853943216184,-0.906311008841217
260,1576062000,1279,573,-706,1852,50,-2.3101399859300513,1.3789929196530442
260,1576076400,657,552,-105,1209,50,-0.2745135974344025,0.30718371030088526
260,1576090800,939,1150,211,2089,50,0.7957991126564877,1.7740454587144154
260,1576105200,330,617,287,947,50,1.0532160935644233,-0.12954103752223395
260,1576119600,71,304,233,375,50,0.8703145544982586,-1.0830011739910286
260,1576134000,388,110,-278,498,50,-0.8604759355537822,-0.8779739068832283
260,1576148400,1239,610,-629,1849,50,-2.0493359394838535,1.3739922546016345
260,1576162800,677,606,-71,1283,50,-0.15935336913348397,0.4305334482356594
260,1576177200,919,1224,305,2143,50,1.114183273253145,1.8640574296397912
260,1576191600,364,673,309,1037,50,1.127731535406194,0.020478914020058917
260,1576206000,62,276,214,338,50,0.8059603092712746,-1.1446760429584155
260,1576220400,347,100,-247,447,50,-0.7554769038676507,-0.9629852127571943
260,1576234800,1182,597,-585,1779,50,-1.9003050558003116,1.25731007006874
260,1576249200,703,629,-74,1332,50,-0.1695145657482709,0.5122109774086855
260,1576263600,811,1120,309,1931,50,1.127731535406194,1.510677099340168
260,1576278000,371,531,160,902,50,0.6230587702051099,-0.20455101329338038
260,1576292400,107,271,164,378,50,0.6366070323581591,-1.0780005089396187
260,1576306800,145,81,-64,226,50,-0.1356439103656478,-1.3313675382110468
260,1576321200,560,307,-253,867,50,-0.7757992970972245,-0.2628921055598276
260,1576335600,592,505,-87,1097,50,-0.21354641774568092,0.12049221504825415
260,1576350000,534,665,131,1199,50,0.5248338695955028,0.29051482679618607
260,1576364400,289,467,178,756,50,0.6840259498938315,-0.4479167124619888
260,1576378800,76,343,267,419,50,0.9854747827991771,-1.009658086570352
260,1576393200,109,68,-41,177,50,-0.05774140298561463,-1.4130450673840729
260,1576407600,409,190,-219,599,50,-0.6606390687963059,-0.7096181834857663
260,1576422000,526,434,-92,960,50,-0.23048174543699249,-0.10787148896612497
260,1576436400,540,602,62,1142,50,0.2911263474554034,0.1955021908194006
260,1576450800,230,451,221,681,50,0.8296697680391109,-0.5729333387472328
260,1576465200,54,213,159,267,50,0.6196717046668475,-1.26302511584178
260,1576479600,355,124,-231,479,50,-0.7012838552554537,-0.9096447855421568
260,1576494000,1135,548,-587,1683,50,-1.9070791868768362,1.0972887884236278
260,1576508400,635,650,15,1285,50,0.13193426715707476,0.43386722493659924
260,1576522800,882,1124,242,2006,50,0.9007981443426193,1.635693725625412
260,1576537200,356,583,227,939,50,0.8499921612686847,-0.1428761443259933
260,1576551600,66,281,215,347,51,0.9233018430962856,-1.2249982989487085
260,1576566000,339,97,-242,436,51,-0.8757733060400604,-1.068703935561861
260,1576580400,1095,530,-565,1625,51,-2.147329702475596,1.0193185146287191
260,1576594800,608,502,-106,1110,51,-0.3403811391198349,0.11491854671606251
260,1576609200,884,1086,202,1970,51,0.8721246506700876,1.6251786873080718
260,1576623600,336,639,303,975,51,1.2697320687505493,-0.12215717302803196
260,1576638000,281,503,222,784,51,0.9508587928642384,-0.4575754135548619
260,1576652400,527,523,-4,1050,51,0.06116298607033422,0.009551560163131636
260,1576666800,1240,657,-583,1897,51,-2.2181904304503317,1.496982187002006
260,1576681200,740,646,-94,1386,51,-0.2931406538033444,0.5996066848595445
260,1576695600,958,1109,151,2067,51,0.671352588075003,1.79552198223531
260,1576724400,444,869,425,1313,51,1.7500103361348691,0.47141018455347866
260,1576738800,363,101,-262,464,51,-0.9545074482342113,-1.0195326751704932
260,1576753200,1069,598,-471,1667,51,-1.7772792341630872,1.0930754052157707
260,1576767600,674,556,-118,1230,51,-0.3876216244363254,0.3256525198219243
260,1576782000,910,1160,250,2070,51,1.0610865919360497,1.8007903315629565
260,1576796400,359,576,217,935,51,0.9311752573157006,-0.19240183072998587
260,1576810800,55,296,241,351,51,1.0256562279486818,-1.217973833178513
260,1576825200,355,102,-253,457,51,-0.9190770842468434,-1.0318254902683353
260,1576839600,1063,523,-540,1586,51,-2.048912024732908,0.9508299733693141
260,1576854000,732,605,-127,1337,51,-0.4230519884236933,0.513556979174651
260,1576868400,1064,1178,114,2242,51,0.525694425015824,2.1028423596813584
260,1576882800,420,636,216,1056,51,0.9272385502059931,0.020088258818424725
260,1576897200,66,286,220,352,51,0.9429853786448232,-1.2162177167359642
260,1576911600,118,62,-56,180,51,-0.14354578363445789,-1.518269744854366
260,1576926000,495,293,-202,788,51,-0.7183050216517588,-0.45055094778466653
260,1576940400,638,478,-160,1116,51,-0.5529633230440422,0.1254552453713556
260,1576954800,606,681,75,1287,51,0.3721628477372299,0.4257511570472086
260,1576969200,343,474,131,817,51,0.5926184458808522,-0.3996235709507499
260,1576983600,89,271,182,360,51,0.7933905084759367,-1.2021687851955734
260,1576998000,117,56,-61,173,51,-0.1632293191829956,-1.530562559952208
260,1577012400,397,180,-217,577,51,-0.7773556282973719,-0.8210915171624734
260,1577026800,551,478,-73,1029,51,-0.21046980449948607,-0.02732688513039417
260,1577041200,516,598,82,1114,51,0.3997197975051827,0.1219430124862579
260,1577055600,294,454,160,748,51,0.7067829520623709,-0.5207956054866204
260,1577070000,58,215,157,273,51,0.6949728307332482,-1.3549509156973232
260,1577084400,287,69,-218,356,51,-0.7812923354070794,-1.2091932509657688
260,1577098800,819,438,-381,1257,51,-1.4229755942894085,0.37306766377074313
260,1577113200,675,594,-81,1269,51,-0.24196346137714642,0.39414106108132935
260,1577127600,815,1018,203,1833,51,0.8760613577797951,1.3845907346788795
260,1577142000,348,595,247,943,51,1.049276470606927,-0.1783528991895951
260,1577156400,76,252,176,328,52,0.9983030865855878,-0.9713550163588764
260,1577170800,295,75,-220,370,52,-1.0553489772476212,-0.8792453403015155
260,1577185200,725,382,-343,1107,52,-1.6932257546503604,0.7370601657526528
260,1577199600,700,637,-63,1337,52,-0.24114853779859652,1.2414702965429631
260,1577214000,579,840,261,1419,52,1.4391122417013018,1.4213034736073344
260,1577228400,266,415,149,681,52,0.8582813549605962,-0.1971951199720089
260,1577242800,71,192,121,263,52,0.7130736332754198,-1.1139057054952684
260,1577257200,86,33,-53,119,52,-0.1892886371967478,-1.4297103091205061
260,1577271600,284,143,-141,427,52,-0.6456557624930165,-0.7542393513665254
260,1577286000,352,251,-101,603,52,-0.4382161600856216,-0.36825594693567937
260,1577300400,366,386,20,752,52,0.1892886371967478,-0.04148590568456529
260,1577314800,208,294,86,502,52,0.5315639811689493,-0.5897577869783808
260,1577329200,60,146,86,206,52,0.5315639811689493,-1.2389116944302585
260,1577343600,251,81,-170,332,52,-0.7960494742383777,-0.9625826662581753
260,1577358000,688,334,-354,1022,52,-1.750271645312394,0.5506477261127555
260,1577372400,629,467,-162,1096,52,-0.7545615537568987,0.7129362029757249
260,1577386800,688,863,175,1551,52,0.9931170965254028,1.7107910269304691
260,1577401200,315,554,239,869,52,1.3250204603772346,0.21510533476094038
260,1577415600,70,223,153,293,52,0.8790253152013356,-1.0481130797400107
260,1577430000,259,86,-173,345,52,-0.8116074444189323,-0.9340725284308969
260,1577444400,752,396,-356,1148,52,-1.7606436254327638,0.8269767542848385
260,1577458800,677,550,-127,1227,52,-0.5730519016504283,1.0002306687736842
260,1577473200,737,932,195,1669,52,1.0968368977291003,1.96957535490115
260,1577487600,315,521,206,836,52,1.1538827883911338,0.14273344643015673
