remote_unit_id,time_stamp,entries,exits,num_people_exited,sum_exit_entry,week_num,z_score_num_people_exited,z_score_sum_exit_entry
274,1546311600,80,239,159,319,1,0.18192619068399737,-0.8773638953884033
274,1546326000,70,128,58,198,1,-0.24896766798798303,-1.1218538507738212
274,1546340400,131,117,-14,248,1,-0.5561395276353354,-1.0208249435897643
274,1546354800,286,242,-44,528,1,-0.6841278024883989,-0.4550630633590451
274,1546369200,361,543,182,904,1,0.2800505347380127,0.3046743186650634
274,1546383600,160,412,252,572,1,0.5786898427284941,-0.366157625037075
274,1546398000,41,133,92,174,1,-0.10391428982117774,-1.1703477262221686
274,1546412400,203,78,-125,281,1,-1.0296961445916704,-0.9541458648482866
274,1546426800,803,587,-216,1390,1,-1.4179272449792963,1.2866752964940973
274,1546441200,426,455,29,881,1,-0.3726896670126111,0.25820102136039713
274,1546455600,595,1173,578,1768,1,1.9694957627984506,2.050453834805568
274,1546470000,200,662,462,862,1,1.4746077666999384,0.2198100366304555
274,1546484400,45,212,167,257,1,0.21605639731148096,-1.002639740296634
274,1546498800,230,85,-145,315,1,-1.1150216611603794,-0.8854462079631279
274,1546513200,852,648,-204,1500,1,-1.3667319350380709,1.5089388922990226
274,1546527600,430,466,36,896,1,-0.34282573621356294,0.28850969351561423
274,1546542000,641,1171,530,1812,1,1.764714523033549,2.1393592731275377
274,1546556400,217,728,511,945,1,1.6836552822932755,0.3875180225559901
274,1546570800,39,246,207,285,1,0.38670743044889894,-0.9460635522735621
274,1546585200,234,94,-140,328,1,-1.0936902820182022,-0.8591786920952731
274,1546599600,794,641,-153,1435,1,-1.149151867787863,1.3776013129597484
274,1546614000,462,475,13,937,1,-0.44095008026757826,0.371353397406541
274,1546628400,567,1052,485,1619,1,1.5727321107539538,1.7493876913970783
274,1546642800,249,616,367,865,1,1.0693115629985708,0.22587177106149892
274,1546657200,57,255,198,312,1,0.3483109479929799,-0.8915079423941713
274,1546671600,94,59,-35,153,1,-0.6457313200324798,-1.2127798672394725
274,1546686000,369,255,-114,624,1,-0.9827671104788803,-0.2610875615656557
274,1546700400,401,380,-21,781,1,-0.5860034584343835,0.056143206992283194
274,1546714800,366,628,262,994,1,0.6213526010128486,0.4865263515963659
274,1546729200,223,476,253,699,1,0.5829561185569296,-0.10954420078957025
274,1546743600,56,220,164,276,1,0.2032575698261746,-0.9642487555666923
274,1546758000,66,47,-19,113,1,-0.5774709067775127,-1.293602992986718
274,1546772400,270,160,-110,430,1,-0.9657020071651385,-0.6530797214397969
274,1546786800,398,340,-58,738,1,-0.7438556640864952,-0.030741653186005812
274,1546801200,403,645,242,1048,1,0.5360270844441397,0.5956375713551475
274,1546815600,167,494,327,661,1,0.8986605298611529,-0.18632617024945355
274,1546830000,44,152,108,196,1,-0.03565387656621056,-1.1258950070611835
274,1546844400,223,85,-138,308,1,-1.0851577303613311,-0.8995902549688959
274,1546858800,910,631,-279,1541,1,-1.6867026221707295,1.5917825961899492
274,1546873200,434,424,-10,858,1,-0.5390744243215936,0.21172772405573095
274,1546887600,579,1149,570,1728,1,1.935365556170967,1.9696307090583225
274,1546902000,198,658,460,856,1,1.4660752150430676,0.20768656776836866
274,1546916400,39,198,159,237,2,0.2050081477418684,-1.0691290038580041
274,1546930800,257,84,-173,341,2,-1.068815341077023,-0.8698891618032606
274,1546945200,900,609,-291,1509,2,-1.5215598340909662,1.3677275258884738
274,1546959600,432,432,0,864,2,-0.4050458725057331,0.13205735160665133
274,1546974000,613,1162,549,1775,2,1.701367065330325,1.8773217372977216
274,1546988400,254,742,488,996,2,1.4673211833485407,0.38493868959921035
274,1547002800,37,212,175,249,2,0.26639723154036915,-1.046139791313226
274,1547017200,253,95,-158,348,2,-1.0112630750159284,-0.8564787878188067
274,1547031600,882,664,-218,1546,2,-1.2414721392603063,1.438610931234873
274,1547046000,460,423,-37,883,2,-0.5470081287897661,0.1684569381358833
274,1547060400,627,1144,517,1771,2,1.5785888977333233,1.8696586664494623
274,1547074800,260,749,489,1009,2,1.471158001085947,0.4098436698560533
274,1547089200,38,239,201,277,2,0.36615449271293293,-0.9924982953754105
274,1547103600,239,90,-149,329,2,-0.9767317153792716,-0.8928783743480386
274,1547118000,905,643,-262,1548,2,-1.4102921197061835,1.4424424666590028
274,1547132400,465,454,-11,919,2,-0.4472508676172024,0.2374245757702176
274,1547146800,648,1167,519,1815,2,1.586262533208136,1.9539524457803152
274,1547161200,224,699,475,923,2,1.4174425527622587,0.24508764661847696
274,1547175600,44,232,188,276,2,0.31627586212665104,-0.9944140630874753
274,1547190000,257,90,-167,347,2,-1.045794434652585,-0.8583945555308715
274,1547204400,872,594,-278,1466,2,-1.4716812035046842,1.2853495142696858
274,1547218800,487,496,9,983,2,-0.37051451286907644,0.36003370934236745
274,1547233200,576,1132,556,1708,2,1.728224789492169,1.7489653005893773
274,1547247600,248,642,394,890,2,1.1066603160323487,0.18186731212033722
274,1547262000,57,271,214,328,2,0.4160331232992148,-0.8947941420601035
274,1547276400,100,59,-41,159,2,-0.5623553997393914,-1.2185588853990617
274,1547290800,358,281,-77,639,2,-0.7004808382860181,-0.2989903836079379
274,1547305200,458,373,-85,831,2,-0.7311753801852685,0.06883701710851158
274,1547319600,379,584,205,963,2,0.38150176366255817,0.3217183551010706
274,1547334000,207,486,279,693,2,0.6654262762306242,-0.1955389271564365
274,1547348400,57,270,213,327,2,0.41219630556180853,-0.8967099097721684
274,1547362800,73,56,-17,129,2,-0.4702717740416402,-1.2760319167610068
274,1547377200,262,156,-106,418,2,-0.8117485526708008,-0.7223750479742678
274,1547391600,346,319,-27,665,2,-0.5086399514157032,-0.24918042309425206
274,1547406000,341,559,218,900,2,0.43138039424884,0.2010249892409856
274,1547420400,148,419,271,567,2,0.6347317343313739,-0.4369256588766065
274,1547434800,32,152,120,184,2,0.05537225598302274,-1.1706646925974407
274,1547449200,230,88,-142,318,2,-0.9498739912174275,-0.913951819180752
274,1547451912,212,116,-96,328,2,-0.7733803752967378,-0.8947941420601035
274,1547451980,12,0,-12,12,2,-0.4510876853546087,-1.5001767390725933
274,1547463600,704,514,-190,1218,2,-1.1340412426129298,0.8102391216776051
274,1547478000,416,348,-68,764,2,-0.6659494786493615,-0.05951941959983278
274,1547492400,567,1110,543,1677,2,1.6783461589058872,1.6895765015153672
274,1547506800,193,661,468,854,2,1.3905848286004148,0.11289967448600292
274,1547521200,45,185,140,230,3,0.18330569000672842,-1.0754306544135712
274,1547535600,265,103,-162,368,3,-1.0761692784733643,-0.7872960371438343
274,1547539753,404,298,-106,702,3,-0.8426242512055326,-0.08992674607070314
274,1547550000,555,376,-179,931,3,-1.1470668760368135,0.38820968403632394
274,1547564400,435,426,-9,861,3,-0.438090900402324,0.24205444339225451
274,1547578800,606,1132,526,1738,3,1.793098199388569,2.0731708154615243
274,1547593200,201,703,502,904,3,1.6930074734166412,0.33183551978789716
274,1547607600,42,206,164,248,3,0.28339641597865634,-1.0378478782479532
274,1547622000,240,84,-156,324,3,-1.0511465969803824,-0.8791650455486779
274,1547636400,888,670,-218,1558,3,-1.3097143057411962,1.6973430538053456
274,1547650800,471,442,-29,913,3,-0.5214998387122639,0.3506269078707061
274,1547665200,609,1098,489,1707,3,1.6387916635151802,2.0084449231762935
274,1547679600,248,737,489,985,3,1.6387916635151802,0.5009580125331775
274,1547694000,47,265,218,312,3,0.5086005494154942,-0.9042202296590899
274,1547708400,250,89,-161,339,3,-1.0719988315578675,-0.8478460654106631
274,1547722800,975,686,-289,1661,3,-1.6058160367414829,1.9124000507530479
274,1547737200,443,448,5,891,3,-0.3797046435853661,0.30469240366828426
274,1547751600,639,1122,483,1761,3,1.6137689820221983,2.121193251673147
274,1547766000,225,715,490,940,3,1.6429621104306773,0.40700107211913283
274,1547780400,42,242,200,284,3,0.4335325049365482,-0.9626823259167177
274,1547794800,220,94,-126,314,3,-0.9260331895154725,-0.9000443656406879
274,1547809200,922,590,-332,1512,3,-1.7851452541078539,1.6012981813821001
274,1547823600,393,472,79,865,3,-0.07109157183858834,0.25040617142905847
274,1547838000,587,1091,504,1678,3,1.701348367247635,1.9478948949094645
274,1547852400,231,612,381,843,3,1.1883833966415045,0.20447166722663668
274,1547866800,45,299,254,344,3,0.658736638373386,-0.8374064053646582
274,1547881200,105,71,-34,176,3,-0.5423520732897489,-1.1881789829104248
274,1547895600,351,253,-98,604,3,-0.8092606758815566,-0.2945440829724003
274,1547910000,420,350,-70,770,3,-0.6924881622476408,0.052052630554964285
274,1547924400,367,487,120,854,3,0.09989675169678851,0.22743891932784757
274,1547938800,178,398,220,576,3,0.5169414432464882,-0.3530061792300281
274,1547953200,49,215,166,264,3,0.29173730980965035,-1.0044409661007374
274,1547967600,75,53,-22,128,3,-0.492306710303785,-1.2883997193520722
274,1547982000,258,120,-138,378,3,-0.9760785525014365,-0.7664167170518245
274,1547996400,305,293,-12,598,3,-0.45060224114881503,-0.30707167502760624
274,1548010800,297,506,209,803,3,0.47106652717602115,0.12095438685859701
274,1548025200,130,312,182,442,3,0.3584644604576023,-0.6327890684629609
274,1548039600,32,150,118,182,3,0.09155585786579451,-1.1756513908552189
274,1548054000,142,68,-74,210,3,-0.7091699499096288,-1.117189294597591
274,1548068400,407,251,-156,658,3,-1.0511465969803824,-0.18179575447554677
274,1548082800,319,317,-2,636,3,-0.408897771993845,-0.2277302586779686
274,1548097200,372,626,254,998,3,0.658736638373386,0.5281011286527904
274,1548111600,119,429,310,548,3,0.8922816656412179,-0.41146827548765585
274,1548126000,34,125,91,159,4,-0.0817336862090744,-1.3500623046451157
274,1548140400,215,77,-138,292,4,-0.8871789669046456,-1.0744245841134046
274,1548154800,846,559,-287,1405,4,-1.411245983601764,1.2322279192835464
274,1548169200,430,495,65,925,4,-0.17318162200857157,0.23744516849240846
274,1548183600,572,1106,534,1678,4,1.476398450682358,1.798010608796006
274,1548198000,204,707,503,911,4,1.3673643733829577,0.20843067159433362
274,1548212400,34,211,177,245,4,0.2207479475892624,-1.1718303951283702
274,1548226800,221,105,-116,326,4,-0.8097999443050711,-1.0039608059323657
274,1548241200,861,487,-374,1348,4,-1.7172448457000813,1.1140974676270987
274,1548255600,441,495,54,936,4,-0.21187113330835883,0.2602422731980387
274,1548270000,573,1028,455,1601,4,1.1985374149838859,1.6384308758565944
274,1548284400,218,699,481,917,4,1.2899853507833832,0.22086545597922283
274,1548298800,32,251,219,283,4,0.3684715361884501,-1.0930767606907383
274,1548313200,255,80,-175,335,4,-1.01731641400393,-0.9853086293550318
274,1548327600,874,549,-325,1423,4,-1.544900659001029,1.269532272438214
274,1548342000,429,469,40,898,4,-0.26111232950808805,0.18148863876040697
274,1548356400,529,1122,593,1651,4,1.683914920381217,1.7420540790640044
274,1548370800,231,773,542,1004,4,1.5045362770822033,0.4011698295601166
274,1548385200,33,245,212,278,4,0.34385093808858547,-1.1034390810114794
274,1548399600,234,76,-158,310,4,-0.9575235329042587,-1.0371202309587368
274,1548414000,895,463,-432,1358,4,-1.9212440870989596,1.1348221082685808
274,1548428400,473,524,51,997,4,-0.22242281820830082,0.38666258111107915
274,1548442800,529,1029,500,1558,4,1.3568126884830156,1.5493149210982216
274,1548457200,247,694,447,941,4,1.1703995885840406,0.27060459351877975
274,1548471600,55,295,240,350,4,0.44233333048804396,-0.9542216683928088
274,1548486000,103,78,-25,181,4,-0.489732169006831,-1.3044680952338552
274,1548500400,381,236,-145,617,4,-0.9117995650045102,-0.4008737632652383
274,1548514800,382,412,30,794,4,-0.2962846125078947,-0.03404762391100624
274,1548529200,402,658,256,1060,4,0.4986089832877345,0.517227817152416
274,1548543600,208,442,234,650,4,0.42122996068816,-0.3324824491483476
274,1548558000,65,329,264,394,4,0.5267468096875798,-0.8630332495702878
274,1548572400,45,64,19,109,4,-0.33497412380768193,-1.453685507852526
274,1548586800,264,160,-104,424,4,-0.7675932047053031,-0.8008593276458417
274,1548601200,392,349,-43,741,4,-0.5530422784064829,-0.14388821931086104
274,1548615600,351,526,175,877,4,0.21371349098930106,0.13796689341329468
274,1548630000,170,411,241,581,4,0.4458505587880246,-0.4754824695745737
274,1548644400,45,167,122,212,4,0.027300391090326066,-1.240221709245261
274,1548658800,238,96,-142,334,4,-0.9012478801045682,-0.98738109341918
274,1548673200,880,500,-380,1380,4,-1.7383482154999654,1.1804163176798412
274,1548687600,443,475,32,918,4,-0.28925015590793335,0.22293792004337104
274,1548702000,572,1157,585,1729,4,1.6557770939813716,1.9037062760675645
274,1548716400,214,694,480,908,4,1.2864681224834025,0.20221327940188902
274,1548730800,37,239,202,276,5,0.30172329010796756,-1.0716387500315516
274,1548745200,245,64,-181,309,5,-1.0961801789809626,-1.0076341259022863
274,1548759600,1027,628,-399,1655,5,-1.8918536940237485,1.6029787249459286
274,1548774000,418,453,35,871,5,-0.3078064209569185,0.08238401835974699
274,1548788400,592,1224,632,1816,5,1.8711710491373148,1.9152437093341625
274,1548802800,205,729,524,934,5,1.4769841701252928,0.204574664424708
274,1548817200,41,216,175,257,5,0.20317657035496206,-1.1084898972574924
274,1548831600,239,84,-155,323,5,-1.0012833377373278,-0.9804806489989617
274,1548846000,893,668,-225,1561,5,-1.256774833393268,1.4206625228807488
274,1548860400,447,466,19,913,5,-0.3662044771068477,0.163844449069721
274,1548874800,633,1259,626,1892,5,1.8492717780810917,2.062648298237925
274,1548889200,200,697,497,897,5,1.3784374503722874,0.13281190403734994
274,1548903600,32,202,170,234,5,0.18492717780810916,-1.1530991807415256
274,1548918000,227,71,-156,298,5,-1.0049332162466984,-1.0289690006120416
274,1548932400,813,509,-304,1322,5,-1.5451152356335436,0.9571138814597061
274,1548946800,395,379,-16,774,5,-0.4939502249348178,-0.10575078589900255
274,1548961200,562,1039,477,1601,5,1.305439880184876,1.4982438854616764
274,1548975600,184,633,449,817,5,1.2032432819224999,-0.022350821124505333
274,1548990000,40,229,189,269,5,0.2542748694861501,-1.085215488483214
274,1549004400,232,94,-138,326,5,-0.939235403078028,-0.9746620468053921
274,1549018800,853,655,-198,1508,5,-1.1582281136402626,1.3178672174610198
274,1549033200,447,441,-6,888,5,-0.4574514398411121,0.11535609745664123
274,1549047600,570,1080,510,1650,5,1.425885870994105,1.5932810546233127
274,1549062000,249,651,402,900,5,1.0316989919820827,0.13863050623091952
274,1549076400,52,292,240,344,5,0.44041867346404945,-0.9397504336439747
274,1549090800,102,70,-32,172,5,-0.552348281084747,-1.2733502927419635
274,1549105200,399,286,-113,685,5,-0.8479884403437636,-0.2783693176415665
274,1549119600,410,394,-16,804,5,-0.4939502249348178,-0.04756476396330682
274,1549134000,407,594,187,1001,5,0.24697511246740894,0.3345234467477618
274,1549148400,232,491,259,723,5,0.5097663651420904,-0.2046670231896853
274,1549162800,55,271,216,326,5,0.35282158923915563,-0.9746620468053921
274,1549177200,67,59,-8,126,5,-0.4647511968598533,-1.3625688597100303
274,1549191600,288,144,-144,432,5,-0.9611346741342515,-0.7690714359659339
274,1549206000,373,338,-35,711,5,-0.5632979166128588,-0.22794143196396358
274,1549220400,373,645,272,1018,5,0.5572147857639079,0.36749552584465606
274,1549234800,166,437,271,603,5,0.5535649072545373,-0.4374111109324682
274,1549249200,51,182,131,233,5,0.04258191594265673,-1.1550387148060488
274,1549263600,230,93,-137,323,5,-0.9355855245686574,-0.9804806489989617
274,1549278000,892,631,-261,1523,5,-1.3881704597306088,1.3469602284288675
274,1549292400,413,458,45,871,5,-0.27130763586321277,0.08238401835974699
274,1549306800,575,1036,461,1611,5,1.2470418240349466,1.5176392261069083
274,1549321200,227,774,547,1001,5,1.560931375840816,0.3345234467477618
274,1549335600,31,197,166,228,6,0.15953056365962306,-1.1759454075594185
274,1549350000,234,93,-141,327,6,-0.9013188885462456,-0.9921196620565026
274,1549364400,845,393,-452,1238,6,-1.9759904834518653,0.6994485617127545
274,1549378800,431,454,23,885,6,-0.3346110378564657,0.04398908532356928
274,1549393200,537,1134,597,1671,6,1.6488664395577646,1.503454095073993
274,1549407600,221,763,542,984,6,1.458811977436192,0.22781483082648524
274,1549422000,41,215,174,256,6,0.18717484905912454,-1.1239542876192
274,1549436400,257,106,-151,363,6,-0.9358742452956226,-0.9252739364190785
274,1549450800,999,649,-350,1648,6,-1.6235258446082215,1.4607471036945276
274,1549465200,450,516,66,966,6,-0.18602300383414527,0.19439196800777325
274,1549479600,661,1124,463,1785,6,1.185824659116115,1.715132226259169
274,1549494000,233,772,539,1005,6,1.448445370411379,0.26680817078164926
274,1549508400,38,237,199,275,6,0.2735632409325666,-1.0886745990883373
274,1549522800,246,91,-155,337,6,-0.9496963879953733,-0.9735514049349959
274,1549537200,1011,710,-301,1721,6,-1.454204596536275,1.5962953806815263
274,1549551600,430,485,55,915,6,-0.2240338962584598,0.09969385668808926
274,1549566000,645,1189,544,1834,6,1.4657230487860675,1.8061166861545517
274,1549580400,251,786,535,1037,6,1.4346232277116282,0.32622659357047057
274,1549594800,42,222,180,264,6,0.20790806310875062,-1.1090996819219945
274,1549609200,252,91,-161,343,6,-0.9704296020449994,-0.9624104506620919
274,1549623600,958,646,-312,1604,6,-1.4922154889605896,1.3790467723598985
274,1549638000,471,579,108,1050,6,-0.04089050548676257,0.3503653278284292
274,1549652400,675,1141,466,1816,6,1.1961912661409282,1.7726938233358396
274,1549666800,230,706,476,936,6,1.230746622890305,0.13868719664325327
274,1549681200,61,280,219,341,6,0.3426739544313203,-0.9661241020863932
274,1549695600,101,73,-28,174,6,-0.5108433572782874,-1.2762139960155545
274,1549710000,407,234,-173,641,6,-1.0118960301442517,-0.4090763884411933
274,1549724400,429,417,-12,846,6,-0.45555478647928455,-0.02842711745030671
274,1549738800,433,630,197,1063,6,0.2666521695826913,0.37450406208638787
274,1549753200,175,538,363,713,6,0.8402710916223467,-0.2753849371663453
274,1549767600,50,253,203,303,6,0.28738538363231736,-1.0366834791481185
274,1549782000,69,77,8,146,6,-0.3864440729805309,-1.328205115955773
274,1549796400,319,150,-169,469,6,-0.9980738874445009,-0.728450410931108
274,1549810800,370,373,3,743,6,-0.4037217513552193,-0.21968016580182534
274,1549825200,335,523,188,858,6,0.2355523485082521,-0.006145208904498715
274,1549839600,152,465,313,617,6,0.6674943078754626,-0.4536402055328093
274,1549854000,33,158,125,191,6,0.01785360098717805,-1.2446479589089932
274,1549868400,254,89,-165,343,6,-0.9842517447447501,-0.9624104506620919
274,1549882800,920,654,-266,1574,6,-1.3332608479134562,1.3233420009953785
274,1549897200,450,462,12,912,6,-0.37262193028078017,0.09412337955163727
274,1549911600,617,1224,607,1841,6,1.6834217963071416,1.8191144661396064
274,1549926000,207,705,498,912,6,1.306768407738934,0.09412337955163727
274,1549940400,37,222,185,259,7,0.2758016735915586,-1.1189107738871649
274,1549954800,236,90,-146,326,7,-0.968662742594695,-0.9846128460680784
274,1549969200,895,593,-302,1488,7,-1.5551776940299082,1.3445542005853317
274,1549983600,399,456,57,855,7,-0.20544136348348813,0.0757394496975446
274,1549998000,520,1154,634,1674,7,1.963912014581371,1.7173812837845868
274,1550012400,210,627,417,837,7,1.148054678290081,0.03965940938793928
274,1550026800,40,212,172,252,7,0.22692542763862417,-1.1329419006742336
274,1550041200,260,96,-164,356,7,-1.0363375446833734,-0.9244794455520695
274,1550055600,986,602,-384,1588,7,-1.86347401465611,1.544998868972028
274,1550070000,460,523,63,983,7,-0.1828830961205953,0.33230862523251575
274,1550084400,620,1184,564,1804,7,1.700732228680955,1.9779593526872918
274,1550098800,252,828,576,1080,7,1.7458487634067406,0.5267399535676112
274,1550113200,41,232,191,273,7,0.2983599409544514,-1.0908485203130274
274,1550127600,267,89,-178,356,7,-1.0889735018634565,-0.9244794455520695
274,1550142000,975,674,-301,1649,7,-1.5514179828027594,1.6672701166879127
274,1550156400,487,497,10,984,7,-0.38214779115948183,0.3343130719163827
274,1550170800,655,1138,483,1793,7,1.3961956192819018,1.9559104391647553
274,1550185200,275,804,529,1079,7,1.5691423357307468,0.5247355068837442
274,1550199600,39,245,206,284,7,0.3547556093616835,-1.0687996067904908
274,1550214000,244,101,-143,345,7,-0.9573836089132487,-0.9465283590746062
274,1550228400,870,584,-286,1454,7,-1.4950223143955272,1.276403013333855
274,1550242800,428,429,1,857,7,-0.4159851922038211,0.07974834306527852
274,1550257200,602,1087,485,1689,7,1.4037150417361994,1.7474479840425912
274,1550271600,275,691,416,966,7,1.144294967062932,0.2982330316067774
274,1550286000,56,298,242,354,7,0.49010521353904035,-0.9284883389198035
274,1550300400,107,70,-37,177,7,-0.5588542188354756,-1.2832754019642558
274,1550314800,390,256,-134,646,7,-0.9235462078689094,-0.3431899072306505
274,1550329200,465,385,-80,850,7,-0.720521801602874,0.06571721627820978
274,1550343600,412,644,232,1056,7,0.4525081012675523,0.478633233154804
274,1550358000,224,467,243,691,7,0.49386492476618915,-0.2529898064566372
274,1550372400,47,267,220,314,7,0.4073915665417667,-1.008666206274482
274,1550386800,69,76,7,145,7,-0.3934269248409283,-1.3474176958479986
274,1550401200,275,94,-181,369,7,-1.100252635544903,-0.898421638661799
274,1550415600,434,542,108,976,7,-0.013696090898899194,0.31827749844544706
274,1550430000,369,558,189,927,7,0.2908405185001538,0.22005961093596588
274,1550444400,186,458,272,644,7,0.6028965503535044,-0.3471988005983844
274,1550458800,36,188,152,224,7,0.1517312030956481,-1.1890664078225086
274,1550473200,147,66,-81,213,7,-0.7242815128300228,-1.2111153213450452
274,1550487600,469,267,-202,736,7,-1.179206571315028,-0.1627897056826239
274,1550502000,413,420,7,833,7,-0.3934269248409283,0.03164162265247143
274,1550516400,464,730,266,1194,7,0.5803382829906116,0.7552468755284448
274,1550530800,181,562,381,743,7,1.012705074112724,-0.14875857889555516
274,1550545200,34,172,138,206,8,0.11615381276991808,-1.409140542539452
274,1550559600,200,60,-140,260,8,-0.7808117413977826,-1.2922383441569705
274,1550574000,852,471,-381,1323,8,-1.558396987996401,1.0090030795574392
274,1550588400,455,438,-17,893,8,-0.3839528811005625,0.07811520354878805
274,1550602800,563,991,428,1554,8,1.0518373045275915,1.5090847059713888
274,1550617200,191,759,568,950,8,1.5035465764106062,0.20151196850807435
274,1550631600,37,209,172,246,8,0.22585463594150737,-1.3225463215153916
274,1550646000,227,85,-142,312,8,-0.7872647309961115,-1.1796658568256917
274,1550660400,805,417,-388,1222,8,-1.5809824515905517,0.7903526714716862
274,1550674800,448,500,52,948,8,-0.16132473995821955,0.19718225745687132
274,1550689200,473,955,482,1428,8,1.2260680236824686,1.236312909745598
274,1550703600,172,713,541,885,8,1.4164312168331676,0.06079635934397594
274,1550718000,40,201,161,241,8,0.19036319315069908,-1.333370599143399
274,1550732400,225,80,-145,305,8,-0.7969442153936046,-1.1948198455049022
274,1550746800,822,433,-389,1255,8,-1.584208946389716,0.8617929038165362
274,1550761200,482,496,14,978,8,-0.28393154232646645,0.26212792322491674
274,1550775600,584,958,374,1542,8,0.8776065853727144,1.4831064396641707
274,1550790000,226,798,572,1024,8,1.5164525556072639,0.3617112774025864
274,1550804400,40,264,224,304,8,0.39363236549805575,-1.1969847010305037
274,1550818800,188,75,-113,263,8,-0.6936963818203441,-1.285743777580166
274,1550833200,766,405,-361,1171,8,-1.4938670920131132,0.6799450396660089
274,1550847600,433,489,56,922,8,-0.148418760761562,0.14089601379123196
274,1550862000,549,919,370,1468,8,0.8647006061760568,1.3229071307696587
274,1550876400,247,619,372,866,8,0.8711535957743857,0.019664104357547167
274,1551510000,115,66,-49,181,9,-0.6643184038745678,-1.2985429177422394
274,1551524400,357,223,-134,580,9,-1.0905795466804071,-0.10147624051396964
274,1551538800,427,358,-69,785,9,-0.7646151433582947,0.5135580172098281
274,1551553200,382,562,180,944,9,0.48407926321410555,0.9905845878346273
274,1551567600,223,493,270,716,9,0.9354145908908768,0.3065464865613303
274,1551582000,49,246,197,295,9,0.5693314917752734,-0.9565238671055909
274,1551596400,70,75,5,145,9,-0.39351720726850503,-1.40654893373276
274,1551610800,227,135,-92,362,9,-0.8799563937645807,-0.7555126706787887
274,1551625200,245,281,36,526,9,-0.23805726106872832,-0.2634852644997505
274,1551639600,330,546,216,876,9,0.664613394284814,0.7865732242969773
274,1551654000,140,385,245,525,9,0.8100436665362181,-0.2664854316105983
274,1551668400,43,187,144,230,9,0.30354513214339707,-1.1515347293106974
274,1551682800,170,68,-102,238,9,-0.9301047635064441,-1.127533392423915
274,1551697200,656,349,-307,1005,9,-1.9581463432146453,1.1735947815963428
274,1551711600,406,414,8,820,9,-0.378472696345946,0.6185638660895009
274,1551726000,478,869,391,1347,9,1.5422098647674245,2.199651933506288
274,1551740400,190,670,480,860,9,1.9885303554700093,0.7385705505234126
274,1551754800,38,207,169,245,10,0.17721563117699332,-1.1390218731692952
274,1551769200,257,113,-144,370,10,-0.9285540396673055,-0.900774507006515
274,1551783600,963,686,-277,1649,10,-1.398417829514883,1.5369725435710515
274,1551798000,439,522,83,961,10,-0.12660606752144027,0.22565904021110958
274,1551812400,644,1237,593,1881,10,1.6751272619692705,1.9791596551691717
274,1551826800,242,825,583,1067,10,1.6397991574694526,0.42769280671714716
274,1551841200,38,214,176,252,10,0.20194530432686583,-1.1256800206641795
274,1551855600,265,92,-173,357,10,-1.0310055427167775,-0.9255522330874442
274,1551862879,691,412,-279,1103,10,-1.4054834504148466,0.49630804817202784
274,1551863538,40,21,-19,61,10,-0.48695273341958234,-1.4897219961609076
274,1551870000,254,191,-63,445,10,-0.642396393218781,-0.7578260873088469
274,1551884400,459,450,-9,909,10,-0.45162462891976457,0.12654813588739303
274,1551898800,591,1126,535,1717,10,1.470224255870327,1.6665791107636039
274,1551913200,222,796,574,1018,10,1.6080038634196165,0.3342998391813373
274,1551927600,39,204,165,243,10,0.16308438937706618,-1.1428338310278996
274,1551942000,258,100,-158,358,10,-0.9780133859670506,-0.9236462541581418
274,1551956400,1002,675,-327,1677,10,-1.5750583520139725,1.5903399535915144
274,1551970800,456,495,39,951,10,-0.2820497273206388,0.20659925091808717
274,1551985200,598,1219,621,1817,10,1.7740459545687606,1.857177003693828
274,1551999600,259,830,571,1089,10,1.5974054320696713,0.46962434316179646
274,1552014000,40,253,213,293,10,0.3326592909761919,-1.0475348845627876
274,1552028400,247,93,-154,340,10,-0.9638821441671235,-0.9579538748855823
274,1552042800,884,638,-246,1522,10,-1.2889007055654478,1.2949132195496669
274,1552057200,505,550,45,1055,10,-0.26085286462074814,0.4048210595655203
274,1552071600,585,1093,508,1678,10,1.3748383737208187,1.5922459325208165
274,1552086000,261,735,474,996,10,1.254722818421438,0.292368302736688
274,1552100400,57,339,282,396,10,0.5764232120249352,-0.8512190548446567
274,1552114800,111,74,-37,185,10,-0.5505433215192546,-1.2533806089274295
274,1552129200,445,273,-172,718,10,-1.0274727322667956,-0.23749383960933504
274,1552143600,451,441,-10,892,10,-0.4551574393697463,0.09414649408925493
274,1552158000,389,664,275,1053,10,0.5516935388750627,0.4010091017069158
274,1552172400,223,492,269,715,10,0.5304966761751719,-0.24321177639724176
274,1552190400,53,278,225,331,10,0.3750530163759733,-0.9751076852493024
274,1552204800,121,98,-23,219,10,-0.5010839752195095,-1.1885773253311533
274,1552219200,287,176,-111,463,10,-0.8119712948179066,-0.7235184665814065
274,1552233600,408,350,-58,758,10,-0.624732340968872,-0.1612546824372454
274,1552248000,267,559,292,826,10,0.611751316524753,-0.031648115244692986
274,1552262400,126,403,277,529,10,0.5587591597750262,-0.5977238572474586
274,1552276800,29,110,81,139,10,-0.13367168842140384,-1.3410556396753328
274,1552291200,548,282,-266,830,10,-1.3595569145650834,-0.024024199527484018
274,1552305600,722,583,-139,1305,10,-0.9108899874173967,0.8813157918910806
274,1552320000,502,604,102,1106,10,-0.05948266897178633,0.5020259849599346
274,1552334400,545,1168,623,1713,10,1.7811115754687241,1.658955195046395
274,1552348800,156,566,410,722,11,1.0420276584900083,-0.362511574346988
274,1552363200,24,151,127,175,11,0.04020441584564702,-1.530745675770428
274,1552377600,618,334,-284,952,11,-1.4147402934364464,0.128702033198517
274,1552392000,747,519,-228,1266,11,-1.2164996517824385,0.799315393064989
274,1552406400,523,602,79,1125,11,-0.12971613414350258,0.4981800945262229
274,1552420800,602,1186,584,1788,11,1.6579896522006756,1.9141567110595699
274,1552435200,191,646,455,837,11,1.201328174104836,-0.1169047705742355
274,1552449600,30,115,85,145,11,-0.10847606539485888,-1.5948170158850592
274,1552464000,625,321,-304,946,11,-1.4855405225985918,0.11588776517559078
274,1552478400,749,537,-212,1286,11,-1.159859468452722,0.8420296198080764
274,1552492800,549,605,56,1154,11,-0.21113639767997008,0.5601157233036996
274,1552507200,551,1179,628,1730,11,1.813750156357396,1.7902854535046164
274,1552521600,159,638,479,797,11,1.2862884490994109,-0.20233322406041027
274,1552536000,27,143,116,170,11,0.0012642898064669011,-1.5414242324562
274,1552550400,576,315,-261,891,11,-1.3333200298999788,-0.001576358367899538
274,1552564800,735,533,-202,1268,11,-1.124459353871649,0.8035868157392978
274,1552579200,542,582,40,1124,11,-0.2677765810096866,0.49604438318906857
274,1552593600,600,1153,553,1753,11,1.5482492969993498,1.839406814259167
274,1552608000,204,703,499,907,11,1.3570886782615565,0.03259502302657037
274,1552622400,25,168,143,193,11,0.09684459917536355,-1.4923028717016495
274,1552636800,588,319,-269,907,11,-1.361640121564837,0.03259502302657037
274,1552651200,699,518,-181,1217,11,-1.050119113251396,0.694665537544425
274,1552665600,542,694,152,1236,11,0.1287047022983291,0.735244052950358
274,1552680000,566,1057,491,1623,11,1.3287685865966983,1.561764340429099
274,1552694400,211,606,395,817,11,0.988927486618399,-0.15961899731732287
274,1552708800,42,207,165,249,11,0.17472485125372378,-1.3727030368210047
274,1552723200,184,110,-74,294,11,-0.6713378872339169,-1.2765960266490581
274,1552737600,453,341,-112,794,11,-0.8058583226419936,-0.20874035807187338
274,1552752000,499,499,0,998,11,-0.40937703933397795,0.226944754707618
274,1552766400,366,672,306,1038,11,0.6738664668468507,0.3123732081937928
274,1552780800,196,521,325,717,11,0.741126684550889,-0.37319013103275983
274,1552795200,42,182,140,224,11,0.0862245648010417,-1.426095820249864
274,1552809600,116,75,-41,191,11,-0.5545175091163765,-1.4965742943759581
274,1552824000,365,187,-178,552,11,-1.0394990788770742,-0.7255825016632308
274,1552838400,419,420,1,839,11,-0.40583702787587067,-0.11263334789992675
274,1552852800,297,569,272,866,11,0.553506077271203,-0.054969141796758776
274,1552867200,145,415,270,560,11,0.5464260543549885,-0.7084968109659958
274,1552881600,27,97,70,124,11,-0.16157623726646814,-1.639666953965301
274,1552896000,562,325,-237,887,11,-1.248359754905404,-0.010119203716517016
274,1552910400,710,513,-197,1223,11,-1.1067592965811126,0.7074798055673511
274,1552924800,530,624,94,1154,11,-0.07661596227189332,0.5601157233036996
274,1552939200,506,1208,702,1714,11,2.075711004257335,1.7561140721101467
274,1552953600,166,570,404,736,12,1.001756304846905,-0.3127388549763284
274,1552968000,32,154,122,186,12,-0.013283619407243584,-1.5058466254062524
274,1552982400,586,306,-280,892,12,-1.460255426322732,0.025669894454704505
274,1552996800,718,594,-124,1312,12,-0.8987439788629903,0.9367703736921009
274,1553011200,502,579,77,1081,12,-0.17525807540524602,0.43566511011153286
274,1553025600,578,1215,637,1793,12,1.8404240436810064,1.9801973511044524
274,1553040000,183,647,464,830,12,1.217722246177575,-0.10882589057557782
274,1553054400,27,140,113,167,12,-0.045678510606844074,-1.547063075657468
274,1553068800,557,297,-260,854,12,-1.3882667792125087,-0.0567630060477266
274,1553083200,745,574,-171,1319,12,-1.067917299572015,0.9519553816793909
274,1553097600,559,641,82,1200,12,-0.1572609136276902,0.6938102458954618
274,1553112000,537,1193,656,1730,12,1.908813258435719,1.843532279218843
274,1553126400,197,645,448,842,12,1.1601313284893964,-0.08279444831165221
274,1553140800,29,145,116,174,12,-0.034880213540310574,-1.531878067670178
274,1553155200,532,309,-223,841,12,-1.2550877820585957,-0.08496373516697935
274,1553169600,719,549,-170,1268,12,-1.064317867216504,0.841321752057707
274,1553184000,529,652,123,1181,12,-0.009684187051732419,0.6525937956442464
274,1553198400,557,1139,582,1696,12,1.6424552641278924,1.7697765261377205
274,1553212800,190,608,418,798,12,1.0521483578240614,-0.1782430699460461
274,1553227200,31,173,142,204,12,0.05870502770297972,-1.466799462010364
274,1553241600,543,304,-239,847,12,-1.3126786997467743,-0.07194801403501654
274,1553256000,713,485,-228,1198,12,-1.2730849438361516,0.6894716721848075
274,1553270400,537,636,99,1173,12,-0.09607056358400039,0.6352395008016293
274,1553284800,469,1046,577,1515,12,1.6244581023503366,1.377135605323509
274,1553299200,177,587,410,764,12,1.023352898979972,-0.2519988230271687
274,1553313600,33,208,175,241,12,0.17748629543484817,-1.38653584836326
274,1553328000,184,100,-84,284,12,-0.7547666846425437,-1.2932565135841931
274,1553342400,429,301,-128,730,12,-0.9131417082850349,-0.3257545761082912
274,1553356800,476,497,21,973,12,-0.3768262873138713,0.20138212973620237
274,1553371200,357,624,267,981,12,0.5086340721418754,0.21873642457881945
274,1553385600,190,520,330,710,12,0.7353983105390788,-0.3691403132148339
274,1553400000,41,183,142,224,12,0.05870502770297972,-1.4234137249038212
274,1553414400,133,77,-56,210,12,-0.6539825786882311,-1.4537837408784011
274,1553428800,359,192,-167,551,12,-1.0535195701499704,-0.7140569232118483
274,1553443200,424,428,4,852,12,-0.4380166373575611,-0.06110157975838087
274,1553457600,308,617,309,925,12,0.6598102310733442,0.09725636068049993
274,1553472000,145,461,316,606,12,0.6850062575619225,-0.5947461461688559
274,1553486400,33,81,48,114,12,-0.2796416137150698,-1.6620352789898059
274,1553500800,558,312,-246,870,12,-1.3378747262353525,-0.02205441636249245
274,1553515200,709,523,-186,1232,12,-1.1219087849046825,0.7632274252659301
274,1553529600,523,646,123,1169,12,-0.009684187051732419,0.6265623533803207
274,1553544000,529,1165,636,1694,12,1.8368246113254953,1.7654379524270662
274,1553558400,180,650,470,830,13,1.2311512502907447,-0.12901639635151424
274,1553572800,32,148,116,180,13,-0.017127308719265693,-1.56078372171588
274,1553587200,597,288,-309,885,13,-1.5157668216550126,-0.007866853436067908
274,1553601600,740,572,-168,1312,13,-1.018571124422212,0.9326941433802155
274,1553616000,529,584,55,1113,13,-0.2322261564582788,0.4943530699225096
274,1553630400,561,1112,551,1673,13,1.5167743104032045,1.7278756886979632
274,1553644800,193,725,532,918,13,1.44977630864843,0.06482287231319989
274,1553659200,30,155,125,185,13,0.014608586848785418,-1.549770126905385
274,1553673600,609,317,-292,926,13,-1.4558212411375828,0.08244462400999208
274,1553688000,675,502,-173,1177,13,-1.0362021775155736,0.6353270834968472
274,1553702400,565,685,120,1250,13,-0.0030224662445763107,0.7961255677300759
274,1553716800,586,1140,554,1726,13,1.5273529422592216,1.8446197936892115
274,1553731200,170,696,526,866,13,1.428619044936396,-0.04971851371594937
274,1553745600,27,177,150,204,13,0.10276385231559407,-1.5079184666255034
274,1553760000,609,284,-325,893,13,-1.5721861915537703,0.009754898260724286
274,1553774400,705,509,-196,1214,13,-1.1173050217450378,0.7168276850945111
274,1553788800,532,674,142,1206,13,0.0745541673662153,0.6992059333977189
274,1553803200,547,1118,571,1665,13,1.5872985227766516,1.7102539370011711
274,1553817600,205,717,512,922,13,1.379252096274983,0.07363374816159599
274,1553832000,25,173,148,198,13,0.09571143107824936,-1.5211347803980977
274,1553846400,582,283,-299,865,13,-1.4805047154682893,-0.05192123267804839
274,1553860800,689,486,-203,1175,13,-1.141988496075744,0.6309216455726492
274,1553875200,566,665,99,1231,13,-0.07707288923669557,0.7542739074501945
274,1553889600,525,1061,536,1586,13,1.4638811511231193,1.536239138995348
274,1553904000,198,592,394,790,13,0.9631592432716464,-0.2171251548354752
274,1553918400,41,209,168,250,13,0.16623564345169628,-1.4065933943689484
274,1553932800,196,110,-86,306,13,-0.7294218536910796,-1.283241132491403
274,1553947200,443,332,-111,775,13,-0.8175771191578882,-0.25016593926696057
274,1553961600,486,530,44,1016,13,-0.2710144732636746,0.2806893305989043
274,1553976000,362,585,223,947,13,0.3601772274786753,0.12870172221407158
274,1553990400,203,515,312,718,13,0.6740099725405141,-0.37572092010660496
274,1554004800,37,204,167,241,13,0.16270943283302394,-1.4264178650278396
274,1554019200,108,82,-26,190,13,-0.5178492165707388,-1.5387565320948897
274,1554033600,326,199,-127,525,13,-0.8739964890566457,-0.8008456797917166
274,1554048000,405,407,2,812,13,-0.4191153192479131,-0.16866533766929667
274,1554062400,297,569,272,866,13,0.5329615477936203,-0.04971851371594937
274,1554076800,132,441,309,573,13,0.663431340684497,-0.6951151696109634
274,1554091200,36,91,55,127,13,-0.2322261564582788,-1.6775278267071283
274,1554105600,579,299,-280,878,13,-1.4135067137135147,-0.023285886170761078
274,1554120000,700,488,-212,1188,13,-1.1737243916437952,0.6595569920799365
274,1554134400,531,640,109,1171,13,-0.041810783049972114,0.622110769724253
274,1554148800,563,1184,621,1747,13,1.7636090537102689,1.890876891893291
274,1554163200,170,581,411,751,14,1.0175714360983272,-0.30576282345784384
274,1554177600,24,133,109,157,14,-0.0497299858376012,-1.5689141597099194
274,1554192000,591,334,-257,925,14,-1.3432144905678987,0.06425120433316825
274,1554206400,732,536,-196,1268,14,-1.1276337397795158,0.7936466729097035
274,1554220800,530,675,145,1205,14,0.07749799823423133,0.659676076640544
274,1554235200,569,1296,727,1865,14,2.134350407395524,2.0631775613650722
274,1554249600,205,625,420,830,14,1.0493784321162856,-0.13776794877111995
274,1554264000,32,151,119,183,14,-0.014388879150981053,-1.5136247072813773
274,1554278400,582,299,-283,881,14,-1.435101367953111,-0.029315561315133652
274,1554292800,728,514,-214,1242,14,-1.191247731815432,0.7383572204811615
274,1554307200,559,626,67,1185,14,-0.19816263392140582,0.6171457286185885
274,1554321600,555,1119,564,1674,14,1.5582903684036156,1.6570127377553983
274,1554336000,172,691,519,863,14,1.399255388313825,-0.06759287453489352
274,1554350400,29,152,123,181,14,-0.00025243647633299386,-1.517877742083573
274,1554364800,607,330,-277,937,14,-1.413896703941139,0.08976941314634149
274,1554379200,720,538,-182,1258,14,-1.0781561904182475,0.7723814988987258
274,1554393600,545,591,46,1136,14,-0.27237895796330813,0.5129463759647978
274,1554408000,602,1201,599,1803,14,1.681984241806786,1.9313334824970108
274,1554422400,190,642,452,832,14,1.16246997351347,-0.1335149139689244
274,1554436800,22,184,162,206,14,0.1375778796014856,-1.4647148070561287
274,1554451200,581,331,-250,912,14,-1.3184757158872644,0.03660647811889723
274,1554465600,676,520,-156,1196,14,-0.9862693130330351,0.640537420030664
274,1554480000,560,700,140,1260,14,0.05982744489092126,0.7766345337009214
274,1554494400,587,1088,501,1675,14,1.3356413962779086,1.659139255156496
274,1554508800,192,595,403,787,14,0.9892985507490312,-0.22920819701832407
274,1554523200,32,198,166,230,14,0.15171432227613366,-1.4136783894297822
274,1554537600,183,101,-82,284,14,-0.724745123552046,-1.2988464497705026
274,1554552000,455,315,-140,770,14,-0.9297235423344429,-0.26535899283698616
274,1554566400,465,442,-23,907,14,-0.5162325941009871,0.02597389111340838
274,1554580800,403,588,185,991,14,0.21886242498071193,0.20460135280562108
274,1554595200,195,549,354,744,14,0.8161271279845925,-0.3206484452655282
274,1554609600,39,205,166,244,14,0.15171432227613366,-1.3839071458144134
274,1554624000,130,91,-39,221,14,-0.5727783647995793,-1.432817046039662
274,1554638400,338,207,-131,545,14,-0.8979165463164848,-0.7438254080839846
274,1554652800,415,430,15,845,14,-0.3819363886918306,-0.10587018775465339
274,1554667200,307,596,289,903,14,0.5864099345215615,0.017467821509017295
274,1554681600,129,459,330,588,14,0.7313084719367041,-0.6523851598367804
274,1554696000,28,89,61,117,14,-0.21936729793337792,-1.6539748557538303
274,1554710400,567,313,-254,880,14,-1.3326121585619126,-0.03144207871623143
274,1554724800,714,513,-201,1227,14,-1.1453042931228257,0.7064594594646949
274,1554739200,544,658,114,1202,14,-0.03205943249429113,0.6532965244372506
274,1554753600,502,1169,667,1671,14,1.9223037672758032,1.650633185552105
274,1554768000,184,643,459,827,15,1.1586164502267156,-0.13333421477708832
274,1554782400,28,129,101,157,15,-0.06373528606355215,-1.5588755536172356
274,1554796800,601,301,-300,902,15,-1.4329058063216453,0.026241308227405776
274,1554811200,753,502,-251,1255,15,-1.265600680404821,0.777310103168558
274,1554825600,478,656,178,1134,15,0.1991727689486004,0.5198615927213075
274,1554840000,558,1198,640,1756,15,1.7766210990215159,1.8432745968385784
274,1554854400,166,629,463,795,15,1.1722740115260482,-0.2014197712590058
274,1554868800,28,160,132,188,15,0.0421108140062755,-1.492917670775378
274,1554883200,601,327,-274,928,15,-1.3441316578759834,0.08156082286896373
274,1554897600,758,530,-228,1288,15,-1.1870697029336585,0.8475233332905353
274,1554912000,555,602,47,1157,15,-0.24811236360454225,0.5687980864426857
274,1554926400,567,1198,631,1765,15,1.7458915860980173,1.8624236595991177
274,1554940800,173,671,498,844,15,1.2917776728952084,-0.09716376289606965
274,1554955200,29,138,109,167,15,-0.03642016346488695,-1.5375988172166364
274,1554969600,617,285,-332,902,15,-1.5421662967163061,0.026241308227405776
274,1554984000,717,523,-194,1240,15,-1.0709804318893315,0.7453949985676591
274,1554998400,538,604,66,1142,15,-0.1832389474327124,0.5368829818417868
274,1555012800,568,1245,677,1813,15,1.9029535410403424,1.964551994321994
274,1555027200,176,657,481,833,15,1.2337330373730448,-0.12056817293672879
274,1555041600,25,155,130,180,15,0.0352820333566092,-1.5099390598958573
274,1555056000,560,302,-258,862,15,-1.289501412678653,-0.05886563737499107
274,1555070400,707,485,-222,1192,15,-1.1665833609846596,0.6432666638447829
274,1555084800,563,654,91,1217,15,-0.09787918931188365,0.6964585048462809
274,1555099200,608,1201,593,1809,15,1.6161447537543576,1.9560412997617542
274,1555113600,259,578,319,837,15,0.6806018047500745,-0.1120574783764891
274,1555128000,39,210,171,249,15,0.17527203667476834,-1.3631295787317228
274,1555142400,194,112,-82,306,15,-0.6885687155080187,-1.2418521812483072
274,1555156800,472,303,-169,775,15,-0.9856206737685027,-0.2439732440602042
274,1555171200,459,467,8,926,15,-0.3812735862730351,0.07730547558884389
274,1555185600,381,696,315,1077,15,0.6669442434507419,0.39858419523789196
274,1555200000,195,521,326,716,15,0.7045025370239065,-0.3695059888237396
274,1555214400,46,190,144,236,15,0.0830834979042733,-1.3907893360525017
274,1555228800,140,85,-55,225,15,-0.5963801767375236,-1.4141937460931608
274,1555243200,337,202,-135,539,15,-0.8695314027241756,-0.7461042231143457
274,1555257600,384,409,25,793,15,-0.32322895075087155,-0.20567511853912562
274,1555272000,287,617,330,904,15,0.7181600983232391,0.030496655507525616
274,1555286400,131,424,293,555,15,0.5918276563044126,-0.7120614448733869
274,1555300800,29,93,64,122,15,-0.1900677280823787,-1.6333441310193328
274,1555315200,550,272,-278,822,15,-1.357789219175316,-0.1439725829773879
274,1555329600,686,525,-161,1211,15,-0.9583055511698375,0.6836924630059215
274,1555344000,511,634,123,1145,15,0.01138130108277715,0.5432660027619666
274,1555358400,512,1063,551,1575,15,1.4727403601113653,1.4581656679877328
274,1555372800,158,571,413,729,16,1.1578803561320572,0.11185843467790144
274,1555387200,26,142,116,168,16,0.08537723276447114,-0.8823356195962272
274,1555401600,650,366,-284,1016,16,-1.3590714182356451,0.6204746442619922
274,1555416000,684,475,-209,1159,16,-1.0882372961731233,0.873896658096574
274,1555430400,547,610,63,1157,16,-0.10601221349304425,0.8703522942667197
274,1555444800,580,1235,655,1815,16,2.0317717899871277,2.0364479942887814
274,1555459200,228,542,314,770,16,0.8003793150095286,0.1845178931899144
274,1555473600,80,623,543,703,16,1.627326167707095,0.06578170488979566
274,1555488000,583,255,-328,838,16,-1.5179607698456579,0.3050262634049603
274,1555502400,753,561,-192,1314,16,-1.0268482285056184,1.1485848549102815
274,1555516800,549,617,68,1166,16,-0.0879566053555428,0.886301931501064
274,1555531200,561,1179,618,1740,16,1.8981602897696168,1.9035343506692457
274,1555545600,179,658,479,837,16,1.3962143835470764,0.30325408149003313
274,1555560000,28,153,125,181,16,0.11787732741197375,-0.8592972547021742
274,1555574400,537,260,-277,797,16,-1.333793566843143,0.23236680489294734
274,1555588800,715,560,-155,1275,16,-0.8932367282881075,1.079469760228123
274,1555603200,596,580,-16,1176,16,-0.3912908220655672,0.9040237506503355
274,1555617600,555,1150,595,1705,16,1.8151044923371102,1.8415079836467956
274,1555632000,192,691,499,883,16,1.4684368160970822,0.38477444957668183
274,1555646400,29,182,153,211,16,0.21898873298198188,-0.8061317972543599
274,1555660800,327,124,-203,451,16,-1.0665705664081215,-0.380808137671845
274,1555675200,564,306,-258,870,16,-1.2651822559206376,0.36173608468262897
274,1555689600,448,563,115,1011,16,0.08176611113697084,0.6116137346873565
274,1555704000,419,862,443,1281,16,1.266214004957066,1.0901028517176856
274,1555718400,194,562,368,756,16,0.9953798828945443,0.15970734638093437
274,1555732800,0,21,21,21,16,-0.2576793218480565,-1.1428463610905175
274,1555747200,0,0,0,0,16,-0.33351287602556257,-1.1800621813039875
274,1555761600,0,0,0,0,16,-0.33351287602556257,-1.1800621813039875
274,1555776000,0,0,0,0,16,-0.33351287602556257,-1.1800621813039875
274,1555790400,0,0,0,0,16,-0.33351287602556257,-1.1800621813039875
274,1555804800,0,0,0,0,16,-0.33351287602556257,-1.1800621813039875
274,1555819200,0,0,0,0,16,-0.33351287602556257,-1.1800621813039875
274,1555833600,0,0,0,0,16,-0.33351287602556257,-1.1800621813039875
274,1555848000,0,0,0,0,16,-0.33351287602556257,-1.1800621813039875
274,1555862400,0,0,0,0,16,-0.33351287602556257,-1.1800621813039875
274,1555876800,0,0,0,0,16,-0.33351287602556257,-1.1800621813039875
274,1555891200,0,1,1,1,16,-0.32990175439806224,-1.1782899993890605
274,1555905600,0,0,0,0,16,-0.33351287602556257,-1.1800621813039875
274,1555920000,424,158,-266,582,16,-1.29407122894064,-0.14865230681638894
274,1555934400,567,373,-194,940,16,-1.034070471760619,0.4857888187275291
274,1555948800,471,530,59,1001,16,-0.12045670000304541,0.593891915538085
274,1555963200,400,1013,613,1413,16,1.8801046816321154,1.324030864488069
274,1555977600,143,531,388,674,17,1.1234694722536098,-0.027230428515314715
274,1555992000,24,131,107,155,17,0.05374888237566686,-1.1005918765746852
274,1556006400,483,197,-286,680,17,-1.442337209517684,-0.014821625647576329
274,1556020800,621,432,-189,1053,17,-1.0730742300936256,0.7565922859634934
274,1556035200,494,544,50,1038,17,-0.16324070347146039,0.7255702787941475
274,1556049600,491,1088,597,1579,17,1.9190979536930763,1.844430670701892
274,1556064000,168,661,493,829,17,1.5231871303930546,0.2933303122345936
274,1556078400,29,138,109,167,17,0.06136255205451343,-1.0757742708392084
274,1556092800,465,172,-293,637,17,-1.4689850533936473,-0.10375137953303477
274,1556107200,643,435,-208,1078,17,-1.145404092042668,0.8082956312457367
274,1556121600,480,549,69,1029,17,-0.09091084152241796,0.7069570744925399
274,1556136000,486,1044,558,1530,17,1.770631394955568,1.7430921139486952
274,1556150400,170,604,434,774,17,1.2985838748670808,0.1795829526136584
274,1556164800,23,143,120,166,17,0.10323773528816955,-1.0778424046504982
274,1556179200,438,199,-239,637,17,-1.2634159720647897,-0.10375137953303477
274,1556193600,656,445,-211,1101,17,-1.1568245965609378,0.8558627089054005
274,1556208000,507,500,-7,1007,17,-0.3802302893185876,0.6614581306441658
274,1556222400,448,1022,574,1470,17,1.8315407523863407,1.6190040852713112
274,1556236800,192,554,362,746,17,1.0244917664286044,0.12167520589754593
274,1556251200,33,216,183,249,17,0.3430683301718365,-0.9061872983134505
274,1556265600,429,144,-285,573,17,-1.438530374678261,-0.23611194345557757
274,1556280000,572,345,-227,917,17,-1.2177339539917105,0.47532608762809
274,1556294400,394,545,151,939,17,0.2212496153102914,0.5208250314764641
274,1556308800,467,920,453,1387,17,1.3709137368161233,1.4473489789342637
274,1556323200,198,532,334,730,17,0.9179003909247525,0.08858506491691023
274,1556337600,0,6,6,6,17,-0.3307414364060849,-1.4087438144568551
274,1556352000,0,6,6,6,17,-0.3307414364060849,-1.4087438144568551
274,1556366400,0,0,0,0,17,-0.3535824454426246,-1.4211526173245936
274,1556380800,0,0,0,0,17,-0.3535824454426246,-1.4211526173245936
274,1556395200,0,0,0,0,17,-0.3535824454426246,-1.4211526173245936
274,1556409600,30,80,50,110,17,-0.16324070347146039,-1.193657898082723
274,1556424000,29,117,88,146,17,-0.018580979573375553,-1.1192050808762928
274,1556438400,97,58,-39,155,17,-0.5020490041801328,-1.1005918765746852
274,1556452800,252,138,-114,390,17,-0.7875616171368791,-0.6145804309215984
274,1556467200,316,297,-19,613,17,-0.425912307391667,-0.15338659100398833
274,1556481600,241,482,241,723,17,0.563864750858387,0.07410812823788211
274,1556496000,121,409,288,530,17,0.7427859883112814,-0.325041697341036
274,1556510400,36,93,57,129,17,-0.13659285959549738,-1.1543633556682182
274,1556524800,541,310,-231,851,17,-1.2329612933494034,0.3388292560829677
274,1556539200,701,519,-182,1220,17,-1.0464263862176626,1.1019706324488785
274,1556553600,522,613,91,1135,17,-0.007160475055105697,0.9261792584892514
274,1556568000,540,1162,622,1702,17,2.014268824678658,2.098811129490529
274,1556582400,158,563,405,721,18,1.10887805061322,-0.40888207347102273
274,1556596800,28,141,113,169,18,0.15326843690226996,-1.48941575537598
274,1556611200,622,302,-320,924,18,-1.2637828053471871,-0.011511896973366359
274,1556625600,694,474,-220,1168,18,-0.9365192390078206,0.4661153102454915
274,1556640000,531,636,105,1167,18,0.12708735159512066,0.46415782169131586
274,1556654400,658,1192,534,1850,18,1.531048051191003,1.8011225041932828
274,1556668800,190,684,494,874,18,1.4001426246552564,-0.10938632468214872
274,1556683200,24,151,127,175,18,0.19908533618978128,-1.477670824050926
274,1556697600,610,322,-288,932,18,-1.15905846411859,0.004148011460038818
274,1556712000,778,509,-269,1287,18,-1.0968783865141103,0.6990564481923935
274,1556726400,516,666,150,1182,18,0.2743559564478356,0.4935201500039506
274,1556740800,565,1101,536,1666,18,1.5375933225177902,1.4409446102249637
274,1556755200,194,666,472,860,18,1.3281446400605958,-0.13679116444060777
274,1556769600,38,168,130,206,18,0.20890324317996228,-1.416988678871481
274,1556784000,686,331,-355,1017,18,-1.3783250535659655,0.1705345385649688
274,1556798400,1016,484,-532,1500,18,-1.957581565986644,1.1160015102318064
274,1556812800,727,662,-65,1389,18,-0.4292607111818025,0.8987202807183096
274,1556827200,770,1282,512,2052,18,1.4590500665963424,2.1965351921367637
274,1556841600,249,670,421,919,18,1.1612402212275188,-0.021299339744244594
274,1556856000,40,184,144,224,18,0.2547201424674736,-1.3817538848963193
274,1556870400,719,330,-389,1049,18,-1.48959466612135,0.23317417229858953
274,1556884800,940,533,-407,1473,18,-1.548502108062436,1.063149319269064
274,1556899200,777,701,-76,1478,18,-0.4652597034791328,1.0729367620399421
274,1556913600,761,1171,410,1932,18,1.1252412289301885,1.961636565635686
274,1556928000,247,577,330,824,18,0.8634303758586953,-0.20726075239093106
274,1556942400,52,201,149,253,18,0.2710833207844419,-1.3249867168252256
274,1556956800,261,101,-160,362,18,-0.7401610992042007,-1.11162046442008
274,1556971200,514,288,-226,802,18,-0.9561550529881826,-0.2503255005827953
274,1556985600,589,451,-138,1040,18,-0.66816311460954,0.2155567753110087
274,1557000000,371,576,205,947,18,0.4543509179344871,0.03351033977267352
274,1557014400,195,480,285,675,18,0.7161617710059803,-0.49892654696310246
274,1557028800,25,193,168,218,18,0.33326339838892155,-1.3934988162213733
274,1557043200,147,211,64,358,18,-0.0070907106040196234,-1.1194504186367826
274,1557057600,336,150,-186,486,18,-0.8252496264524359,-0.8688918837022997
274,1557072000,374,349,-25,723,18,-0.2983552846460558,-0.4049670963626714
274,1557086400,269,507,238,776,18,0.5623478948264781,-0.30122020299136215
274,1557100800,109,331,222,440,18,0.5099857242121795,-0.9589363571943795
274,1557115200,30,86,56,116,18,-0.033271795911168946,-1.5931626487472892
274,1557129600,563,301,-262,864,18,-1.0739699368703546,-0.1289612102239052
274,1557144000,727,460,-267,1187,18,-1.0903331151873228,0.5033075927748288
274,1557158400,514,511,-3,1025,18,-0.2263573000513952,0.186194446998374
274,1557172800,524,1221,697,1745,18,2.0644876643241705,1.5955862060048398
274,1557187200,159,619,460,778,19,1.1369834457259562,-0.20521237229265332
274,1557201600,36,129,93,165,19,-0.1328492334673428,-1.5117807107617465
274,1557216000,596,305,-291,901,19,-1.4615024999802226,0.05695386854209133
274,1557230400,750,527,-223,1277,19,-1.2262201507019002,0.8583726210125302
274,1557244800,540,693,153,1233,19,0.07475283942529466,0.7645895755106704
274,1557259200,550,1177,627,1727,19,1.7148092152771304,1.817517404554279
274,1557273600,179,662,483,841,19,1.2165642403348005,-0.0709321025968085
274,1557288000,30,159,129,189,19,-0.008287989731760316,-1.4606263223061866
274,1557302400,567,353,-214,920,19,-1.1950798397680045,0.09745109273607627
274,1557304842,207,146,-61,353,19,-0.6656945538917789,-1.111071334526527
274,1557316800,507,373,-134,880,19,-0.9182770759111546,0.012193778643476387
274,1557331200,510,608,98,1118,19,-0.11554906072628966,0.5194747974944457
274,1557345600,552,1219,667,1771,19,1.8532105972055555,1.9113004500561388
274,1557360000,164,700,536,864,19,1.3999460713899636,-0.021909146993563566
274,1557374400,48,174,126,222,19,-0.01866809337639219,-1.3902890381797917
274,1557388800,570,327,-243,897,19,-1.2954208416661126,0.04842813713283134
274,1557403200,777,566,-211,1343,19,-1.1846997361233726,0.9990471892653201
274,1557417600,584,573,-11,1157,19,-0.4926928264812477,0.6026006787347306
274,1557432000,585,1261,676,1846,19,1.884350908139451,2.071157913979764
274,1557446400,172,710,538,882,19,1.406866140486385,0.016456644348106383
274,1557460800,30,179,149,209,19,0.06091270123245217,-1.4179976652598867
274,1557475200,573,356,-217,929,19,-1.2054599434126363,0.11663398840691125
274,1557489600,708,521,-187,1229,19,-1.1016589069663176,0.7560638441014104
274,1557504000,585,682,97,1267,19,-0.11900909527450029,0.8370582924893802
274,1557518400,514,1053,539,1567,19,1.4103261750345955,1.4764881481838794
274,1557532800,228,679,451,907,19,1.1058431347920605,0.06974246565598131
274,1557547200,30,240,210,270,19,0.27197480867330026,-1.287980261268672
274,1557561600,184,100,-84,284,19,-0.7452753485006233,-1.258140201336262
274,1557576000,410,313,-97,723,19,-0.7902557976273614,-0.32244117916997816
274,1557590400,475,480,5,955,19,-0.4373322737098777,0.17205124256710116
274,1557604800,356,578,222,934,19,0.3134952232518277,0.12729115266848623
274,1557619200,182,518,336,700,19,0.7079391617478389,-0.3714641347732231
274,1557633600,37,187,150,224,19,0.06437273578066278,-1.3860261724751617
274,1557648000,127,83,-44,210,19,-0.6068739665721983,-1.4158662324075717
274,1557662400,354,197,-157,551,19,-0.997857870519999,-0.6890476297681577
274,1557676800,352,441,89,793,19,-0.14668937166018528,-0.17324087950792835
274,1557691200,233,515,282,748,19,0.5210972961444652,-0.2691553578621032
274,1557705600,124,414,290,538,19,0.5487775725301501,-0.7167562568482526
274,1557720000,31,89,58,120,19,-0.2539504426547146,-1.6076951891159215
274,1557734400,562,318,-244,880,19,-1.2988808762143231,0.012193778643476387
274,1557748800,705,531,-174,1236,19,-1.0566784578395796,0.7709838740676154
274,1557763200,567,647,80,1214,19,-0.1778296825940809,0.7240923513166855
274,1557777600,522,1220,698,1742,19,1.9604716682000847,1.8494888973390038
274,1557792000,146,565,419,711,20,1.0964770362362803,-0.02107331513835541
274,1557806400,35,150,115,185,20,0.0594534215203672,-0.8644640362190599
274,1557820800,608,303,-305,911,20,-1.3732765724950389,0.29960756740183636
274,1557835200,717,493,-224,1210,20,-1.0969643593634963,0.7790254867994231
274,1557849600,525,593,68,1118,20,-0.10087588733373777,0.6315122808309349
274,1557864000,602,1297,695,1899,20,2.037985318017833,1.8837711271503839
274,1557878400,190,669,479,859,20,1.3011527496670525,0.21623053794138652
274,1557892800,29,142,113,171,20,0.05263089773934146,-0.8869116979968732
274,1557907200,620,286,-334,906,20,-1.4722031673199123,0.29159054533833156
274,1557921600,811,564,-247,1375,20,-1.1754233828452922,1.0435872148950813
274,1557936000,583,695,112,1278,20,0.04921963584882859,0.8880569868630883
274,1557950400,544,1137,593,1681,20,1.69003660518552,1.5342289651815748
274,1557964800,181,758,577,939,20,1.635456414937314,0.3445028909574632
274,1557979200,32,147,115,179,20,0.0594534215203672,-0.8740844626952655
274,1557993600,609,320,-289,929,20,-1.318696382246833,0.32846884683045363
274,1558008000,757,513,-244,1270,20,-1.1651895971737538,0.8752297515614806
274,1558022400,550,584,34,1134,20,-0.2168587916111754,0.6571667514341503
274,1558036800,642,1382,740,2024,20,2.191492103090912,2.0841966787380035
274,1558051200,186,686,500,872,20,1.3727892493678229,0.23707479530649897
274,1558065600,30,195,165,225,20,0.23001651604601078,-0.8003278597110215
274,1558080000,529,312,-217,841,20,-1.0730855261299062,0.18736925851276925
274,1558094400,714,504,-210,1218,20,-1.0492066928963162,0.7918527221010307
274,1558108800,554,680,126,1234,20,0.09697730231600879,0.8175071927042461
274,1558123200,541,1116,575,1657,20,1.6286338911562883,1.4957472592767518
274,1558137600,175,615,440,790,20,1.1681135359370507,0.10559563346502035
274,1558152000,0,1,1,1,20,-0.3294304339981002,-1.1594904481560362
274,1558166400,0,0,0,0,20,-0.33284169588861306,-1.1610938525687373
274,1558180800,0,1,1,1,20,-0.3294304339981002,-1.1594904481560362
274,1558195200,0,2,2,2,20,-0.3260191721075873,-1.1578870437433353
274,1558209600,0,2,2,2,20,-0.3260191721075873,-1.1578870437433353
274,1558224000,1,1,0,2,20,-0.33284169588861306,-1.1578870437433353
274,1558238400,0,0,0,0,20,-0.33284169588861306,-1.1610938525687373
274,1558252800,0,1,1,1,20,-0.3294304339981002,-1.1594904481560362
274,1558267200,0,2,2,2,20,-0.3260191721075873,-1.1578870437433353
274,1558281600,0,2,2,2,20,-0.3260191721075873,-1.1578870437433353
274,1558296000,0,4,4,4,20,-0.3191966483265616,-1.1546802349179335
274,1558310400,0,1,1,1,20,-0.3294304339981002,-1.1594904481560362
274,1558324800,0,0,0,0,20,-0.33284169588861306,-1.1610938525687373
274,1558339200,516,273,-243,789,20,-1.161778335283241,0.10399222905231939
274,1558353600,692,493,-199,1185,20,-1.0116828121006745,0.7389403764818991
274,1558368000,518,658,140,1176,20,0.144734968783189,0.7245097367675905
274,1558382400,521,1109,588,1630,20,1.6729802957329556,1.4524553401338258
274,1558396800,172,608,436,780,21,1.1658378918837218,-0.0891756562593704
274,1558411200,29,139,110,168,21,-0.03980050809149865,-1.455189403870131
274,1558425600,613,281,-332,894,21,-1.6744390749290672,0.16527788496224186
274,1558440000,710,532,-178,1242,21,-1.1049043706462944,0.9420308002703214
274,1558454400,501,673,172,1174,21,0.18949268454182547,0.790251494980237
274,1558468800,537,1182,645,1719,21,1.938777847696056,2.00671798590812
274,1558483200,181,705,524,886,21,1.4912862943310203,0.14742149610458485
274,1558497600,24,171,147,195,21,0.09703575202838832,-1.3949240914755385
274,1558512000,632,308,-324,940,21,-1.6448528565247673,0.26795212089376963
274,1558526400,723,456,-267,1179,21,-1.4340510503941308,0.8014117380162725
274,1558540800,556,661,105,1217,21,-0.05829189459418607,0.8862295850901433
274,1558555200,568,1144,576,1712,21,1.6835967139589696,1.9910936456576702
274,1558569600,181,642,461,823,21,1.2582948243971588,0.006802433850535976
274,1558584000,32,148,116,180,21,-0.017610844288273732,-1.4284048205836455
274,1558598400,580,286,-294,866,21,-1.5339045375086429,0.10278052396044236
274,1558612800,686,527,-159,1213,21,-1.0346371019360823,0.8773013906613147
274,1558627200,513,575,62,1088,21,-0.21731781851729795,0.5982953147604242
274,1558641600,562,1210,648,1772,21,1.9498726795976684,2.1250165620900976
274,1558656000,194,619,425,813,21,1.1251568415778093,-0.015518052221535275
274,1558670400,36,164,128,200,21,0.026768483318176096,-1.383763848439503
274,1558684800,558,328,-230,886,21,-1.2972147902742437,0.14742149610458485
274,1558699200,652,512,-140,1164,21,-0.96436983322587,0.7679310089081657
274,1558713600,556,777,221,1333,21,0.3707082722681623,1.1451472235261697
274,1558728000,551,1064,513,1615,21,1.450605244025108,1.774584930758579
274,1558742400,216,646,430,862,21,1.1436482280804967,0.09385232953161386
274,1558756800,37,188,151,225,21,0.11182886123053827,-1.3279626332593248
274,1558771200,197,84,-113,281,21,-0.864516346111358,-1.2029679112557259
274,1558785600,344,278,-66,622,21,-0.6906973129860962,-0.4418393361980962
274,1558800000,442,421,-21,863,21,-0.5242748344619093,0.09608437813882098
274,1558814400,323,565,242,888,21,0.44837209557944946,0.15188559331899912
274,1558828800,182,496,314,678,21,0.7146480612181484,-0.31684461419449717
274,1558843200,43,169,126,212,21,0.019371928717101125,-1.3569792651530175
274,1558857600,131,72,-59,203,21,-0.6648093718823337,-1.3770677026178817
274,1558872000,338,195,-143,533,21,-0.9754646651274825,-0.6404916622395304
274,1558886400,410,401,-9,811,21,-0.47989550685545945,-0.019982149435949524
274,1558900800,263,593,330,856,21,0.7738204980267482,0.08046003788837111
274,1558915200,160,424,264,584,21,0.5297341961912742,-0.526657183271967
274,1558929600,36,130,94,166,21,-0.09897294490009842,-1.4596535010845453
274,1558944000,155,91,-64,246,21,-0.6833007583850211,-1.2810896125079752
274,1558958400,320,228,-92,548,21,-0.7868525228000708,-0.6070109331314234
274,1558972800,440,427,-13,867,21,-0.4946886160576094,0.10501257256764948
274,1558987200,299,635,336,934,21,0.7960101618299731,0.2545598292505269
274,1559001600,123,494,371,617,22,1.0271962898622105,-0.11786821669045257
274,1559016000,35,129,94,164,22,-0.014959604116768934,-0.8788321429722822
274,1559030400,536,312,-224,848,22,-1.2113696195872217,0.2701729907512751
274,1559044800,619,510,-109,1129,22,-0.7787056202818693,0.7422058015353681
274,1559059200,501,650,149,1151,22,0.19196665642057353,0.7791621070060087
274,1559073600,546,1175,629,1721,22,1.9978685665646532,1.7366663851089734
274,1559088000,174,605,431,779,22,1.2529340286302204,0.15426457813881098
274,1559102400,26,120,94,146,22,-0.014959604116768934,-0.9090691201755337
274,1559116800,576,308,-268,884,22,-1.3769106280170957,0.3306469451577781
274,1559131200,719,557,-162,1276,22,-0.9781072895269448,0.9891411153619221
274,1559145600,534,613,79,1147,22,-0.07139403880877142,0.7724427787386196
274,1559160000,543,1208,665,1751,22,2.133311209825459,1.7870613471143926
274,1559174400,177,595,418,772,22,1.204024185230485,0.14250575367087984
274,1559188800,29,130,101,159,22,0.011376465406165562,-0.8872313033065187
274,1559203200,569,306,-263,875,22,-1.358099149786428,0.31552845655615236
274,1559217600,713,537,-176,1250,22,-1.0307794285728138,0.9454654816238921
274,1559232000,503,603,100,1106,22,0.007614169760032062,0.70356966399788
274,1559246400,555,1237,682,1792,22,2.1972702358097287,1.8559344618551321
274,1559260800,186,570,384,756,22,1.076106133261946,0.11562844060132295
274,1559275200,27,177,150,204,22,0.19572895206670704,-0.8116388602983899
274,1559289600,545,313,-232,858,22,-1.2414679847562897,0.28697131141974813
274,1559304000,654,495,-159,1149,22,-0.9668204025885443,0.7758024428723141
274,1559318400,530,664,134,1194,22,0.13553222172857105,0.851394885880443
274,1559332800,542,1052,510,1594,22,1.5501553846747669,1.5233277126193654
274,1559347200,217,596,379,813,22,1.0572946550312783,0.2113788684116194
274,1559361600,0,1,1,1,22,-0.3648530992071844,-1.152644769868393
274,1559376000,0,0,0,0,22,-0.36861539485331785,-1.1543246019352402
274,1559390400,0,0,0,0,22,-0.36861539485331785,-1.1543246019352402
274,1559404800,0,0,0,0,22,-0.36861539485331785,-1.1543246019352402
274,1559419200,0,6,6,6,22,-0.34604162097651686,-1.1442456095341564
274,1559433600,0,1,1,1,22,-0.3648530992071844,-1.152644769868393
274,1559448000,0,3,3,3,22,-0.3573285079149174,-1.1492851057346984
274,1559462400,0,1,1,1,22,-0.3648530992071844,-1.152644769868393
274,1559476800,0,0,0,0,22,-0.36861539485331785,-1.1543246019352402
274,1559491200,0,0,0,0,22,-0.36861539485331785,-1.1543246019352402
274,1559505600,0,2,2,2,22,-0.3610908035610509,-1.1509649378015456
274,1559520000,0,2,2,2,22,-0.3610908035610509,-1.1509649378015456
274,1559534400,0,0,0,0,22,-0.36861539485331785,-1.1543246019352402
274,1559548800,544,245,-299,789,22,-1.4935417930472341,0.17106289880728404
274,1559563200,630,443,-187,1073,22,-1.0721646806802823,0.648135205791919
274,1559577600,522,680,158,1202,22,0.225827317235775,0.8648335424152214
274,1559592000,498,1148,650,1646,22,2.076876775133457,1.6106789800954253
274,1559606400,181,616,435,797,23,1.1096692562388075,-0.1379742448470744
274,1559620800,32,150,118,182,23,-0.0030085926513478884,-1.5878826030244269
274,1559635200,500,220,-280,720,23,-1.3999984470938776,-0.3195074864400112
274,1559649600,671,371,-300,1042,23,-1.4701989422919945,0.4396315238577245
274,1559664000,469,557,88,1026,23,-0.10830933544852349,0.40191033079945193
274,1559678400,508,1071,563,1579,23,1.5589524255067566,1.7056490658759982
274,1559692800,169,703,534,872,23,1.457161707469487,0.03884384761357833
274,1559707200,28,172,144,200,23,0.0882520511062043,-1.5454462608338702
274,1559721600,598,391,-207,989,23,-1.1437666396207502,0.3146800718521966
274,1559736000,724,537,-187,1261,23,-1.0735661444226332,0.9559403538428305
274,1559750400,528,614,86,1142,23,-0.1153293849683352,0.6753889804719282
274,1559764800,541,1134,593,1675,23,1.6642531683039323,1.9319762242256335
274,1559779200,168,643,475,811,23,1.2500702466350415,-0.1049682009210859
274,1559793600,33,162,129,195,23,0.0356016797076165,-1.5572341336645803
274,1559808000,510,248,-262,758,23,-1.3368180014155722,-0.22991965292661382
274,1559822400,687,410,-277,1097,23,-1.38946837281416,0.5692981249955366
274,1559836800,525,589,64,1114,23,-0.19254992968626397,0.6093768926199512
274,1559851200,518,1104,586,1622,23,1.6396829949845912,1.8070247722201056
274,1559865600,180,648,468,828,23,1.2255000733157007,-0.06488943329667128
274,1559880000,31,170,139,201,23,0.07070192730667503,-1.5430886862677282
274,1559894400,547,312,-235,859,23,-1.242047332898114,0.008195378253731855
274,1559908800,626,466,-160,1092,23,-0.9787954759051751,0.5575102521648263
274,1559923200,556,603,47,1159,23,-0.25222035060466347,0.7154677480963428
274,1559937600,546,1023,477,1569,23,1.2570902961548533,1.6820733202145777
274,1559952000,212,669,457,881,23,1.1868898009567364,0.060062018708856656
274,1559966400,44,229,185,273,23,0.2321630662623443,-1.3733433175055014
274,1559980800,215,96,-119,311,23,-0.8348844607490351,-1.2837554839921042
274,1559995200,480,273,-207,753,23,-1.1437666396207502,-0.24170752575732402
274,1560009600,535,480,-55,1015,23,-0.6102428761150605,0.37597701057188954
274,1560024000,369,647,278,1016,23,0.5585953689335886,0.3783345851380316
274,1560038400,190,604,414,794,23,1.0359587362807845,-0.1450469685455005
274,1560052800,41,220,179,261,23,0.21110291770290915,-1.401634212299206
274,1560067200,139,87,-52,226,23,-0.5997128018353429,-1.4841493221141773
274,1560081600,333,192,-141,525,23,-0.9121050054669639,-0.7792345268377083
274,1560096000,405,433,28,838,23,-0.31891082104287466,-0.04131368763525091
274,1560110400,279,586,307,865,23,0.6603860869708583,0.02234082565058407
274,1560124800,131,423,292,554,23,0.6077357155722706,-0.7108648644195893
274,1560139200,29,111,82,140,23,-0.1293694840079586,-1.6869007348023923
274,1560153600,496,269,-227,765,23,-1.2139671348188674,-0.21341663096361957
274,1560168000,629,509,-120,1138,23,-0.8383944855089409,0.66595868220736
274,1560182400,615,620,5,1235,23,-0.3996413905207093,0.8946434151231376
274,1560196800,452,1100,648,1552,23,1.8573045300987543,1.6419945525901631
274,1560211200,99,293,194,392,24,0.37762795618144473,-0.6822952302621443
274,1560225600,0,1,1,1,24,-0.40967971172153655,-1.3937017236821403
274,1560240000,370,284,-86,654,24,-0.7645800594290981,-0.20559829605232618
274,1560254400,693,500,-193,1193,24,-1.2010666939659842,0.775087381577796
274,1560268800,515,621,106,1136,24,0.018648294132417018,0.6713785065779501
274,1560283200,536,1098,562,1634,24,1.8788156338410151,1.577466572366078
274,1560297600,100,338,238,438,24,0.5571177872059586,-0.5986003486833213
274,1560312000,0,0,0,0,24,-0.41375902606300274,-1.395521177629506
274,1560326400,540,309,-231,849,24,-1.3560806389417006,0.1491952236839889
274,1560340800,708,550,-158,1258,24,-1.0582906920146662,0.8933518881565677
274,1560355200,501,608,107,1109,24,0.02272760847388324,0.6222532499990757
274,1560369600,503,1096,593,1599,24,2.0052743784264684,1.5137856842082777
274,1560384000,94,373,279,467,24,0.7243696752060738,-0.5458361842097155
274,1560398400,0,8,8,8,24,-0.38112451133127295,-1.3809655460505803
274,1561176000,0,0,0,0,25,-0.11846219616976564,-0.527206676797035
274,1561190400,0,0,0,0,25,-0.11846219616976564,-0.527206676797035
274,1561204800,0,0,0,0,25,-0.11846219616976564,-0.527206676797035
274,1561219200,0,0,0,0,25,-0.11846219616976564,-0.527206676797035
274,1561233600,0,1,1,1,25,-0.11253908636127737,-0.5251862724901032
274,1561248000,0,0,0,0,25,-0.11846219616976564,-0.527206676797035
274,1561262400,0,0,0,0,25,-0.11846219616976564,-0.527206676797035
274,1561276800,0,0,0,0,25,-0.11846219616976564,-0.527206676797035
274,1561291200,0,0,0,0,25,-0.11846219616976564,-0.527206676797035
274,1561305600,0,0,0,0,25,-0.11846219616976564,-0.527206676797035
274,1561320000,0,1,1,1,25,-0.11253908636127737,-0.5251862724901032
274,1561334400,1,1,0,2,25,-0.11846219616976564,-0.5231658681831713
274,1561348800,0,1,1,1,25,-0.11253908636127737,-0.5251862724901032
274,1561363200,454,209,-245,663,25,-1.5696240992493948,0.812321378698768
274,1561377600,639,436,-203,1075,25,-1.320853487292887,1.6447279531546817
274,1561392000,466,656,190,1122,25,1.006928667443008,1.7396869555804777
274,1561406400,488,1083,595,1571,25,3.4057881398807623,2.646848489392869
274,1561420800,102,337,235,439,26,0.5538295587660014,-0.6482428638263218
274,1561435200,0,0,0,0,26,-0.33197464558020395,-1.6235428983615907
274,1561449600,433,192,-241,625,26,-1.2403951274841847,-0.23501779224645847
274,1561464000,710,413,-297,1123,26,-1.4514803846900888,0.8713590123060788
274,1561478400,477,572,95,1049,26,0.02611641575124071,0.7069576397420472
274,1561492800,470,1179,709,1649,26,2.340515485830262,2.0399417416125742
274,1561507200,100,313,213,413,26,0.4709032077208246,-0.7060055082407113
274,1561521600,0,1,1,1,26,-0.32820526598724137,-1.6213212581918064
274,1561536000,461,210,-251,671,26,-1.2780889234138104,-0.13282234443638474
274,1561550400,780,570,-210,1350,26,-1.1235443601023447,1.3756713308470947
274,1561564800,493,607,114,1100,26,0.09773462801752965,0.820261288401042
274,1561579200,436,1022,586,1458,26,1.8768817958958655,1.6156084691837895
274,1561593600,85,402,317,487,26,0.8629186853889326,-0.5416041356766796
274,1561608000,0,4,4,4,26,-0.31689712720835367,-1.6146563376824539
274,1561622400,445,159,-286,604,26,-1.4100172091675005,-0.2816722358119269
274,1561636800,665,430,-235,1095,26,-1.2177788499264093,0.8091530875521209
274,1561651200,467,580,113,1047,26,0.09396524842456706,0.7025143594024787
274,1561665600,490,1096,606,1586,26,1.952269387755117,1.8999784109161688
274,1561680000,105,377,272,482,26,0.6932966037056166,-0.5527123365256007
274,1561694400,0,9,9,9,26,-0.2980502292435408,-1.6035481368335327
274,1561708800,404,156,-248,560,26,-1.2667807846349226,-0.3794244032824322
274,1561723200,586,377,-209,963,26,-1.1197749805093822,0.515896585140605
274,1561737600,474,590,116,1064,26,0.10527338720345479,0.7402822422888103
274,1561752000,464,936,472,1400,26,1.4471725222981318,1.4867533393363053
274,1561766400,199,554,355,753,26,1.0061551099215105,0.049352149485920586
274,1561780800,32,174,142,206,26,0.20327725662048177,-1.1658850233860432
274,1561795200,157,89,-68,246,26,-0.5882924579016591,-1.0770194165946747
274,1561809600,356,249,-107,605,26,-0.7352982620271995,-0.2794505956421427
274,1561824000,404,379,-25,783,26,-0.42620913540426836,0.11600135457944694
274,1561838400,287,541,254,828,26,0.6254477710322903,0.21597516221973645
274,1561852800,163,425,262,588,26,0.6556028077759909,-0.3172184785284743
274,1561867200,28,181,153,209,26,0.2447404321430701,-1.1592201028766904
274,1561881600,117,83,-34,200,26,-0.4601335517409315,-1.1792148644047484
274,1561896000,366,191,-175,557,26,-0.9916160743486546,-0.38608932379178484
274,1561910400,385,417,32,802,26,-0.21135449860540156,0.15821251780534695
274,1561924800,221,557,336,778,26,0.9345368976552215,0.10489315373052588
274,1561939200,129,468,339,597,26,0.9458450364341092,-0.2972237170004164
274,1561953600,26,106,80,132,26,-0.030424278143197925,-1.3302863959500748
274,1561968000,447,194,-253,641,26,-1.2856276825997355,-0.19947154952991109
274,1561982400,619,484,-135,1103,26,-0.8408408906301517,0.8269262089103946
274,1561996800,476,539,63,1015,26,-0.0945037312235617,0.631421873969384
274,1562011200,438,1033,595,1471,26,1.9108062122325284,1.6444897913909844
274,1562025600,151,534,383,685,27,1.4524497255675533,0.3623235732966009
274,1562040000,27,137,110,164,27,0.1660224335472192,-0.7780438069455669
274,1562054400,482,219,-263,701,27,-1.5916236467589515,0.3973444525362836
274,1562057422,231,137,-94,368,27,-0.7952638945558875,-0.3315275966396125
274,1562068800,417,313,-104,730,27,-0.8423857733844713,0.4608197961582085
274,1562083200,436,522,86,958,27,0.052929924358618416,0.9598673253236869
274,1562097600,440,954,514,1394,27,2.069746338221999,1.9141862846050404
274,1562112000,152,599,447,751,27,1.7540297500704887,0.506784700160292
274,1562126400,31,174,143,205,27,0.3215246336815453,-0.68830280389388
274,1562140800,455,190,-265,645,27,-1.6010480225246684,0.27477137519739414
274,1562155200,623,437,-186,1060,27,-1.2287851797788574,1.183125430476664
274,1562169600,502,605,103,1107,27,0.13303711836721066,1.285999263243232
274,1562184000,467,967,500,1434,27,2.003775707861982,2.0017384827042473
274,1562198400,205,619,414,824,27,1.5985275499361626,0.6665674616913443
274,1562212800,28,174,146,202,27,0.3356611973301204,-0.6948692187513205
274,1562227200,157,84,-73,241,27,-0.6963079490158619,-0.6095058256045939
274,1562241600,302,222,-80,524,27,-0.7292932641958705,0.00992597594729377
274,1562256000,370,341,-29,711,27,-0.48897168217009374,0.4192325020610853
274,1562270400,269,427,158,696,27,0.3922074519244208,0.3864004277738828
274,1562284800,118,425,307,543,27,1.0943234464703175,0.05151327004441697
274,1562299200,37,181,144,218,27,0.3262368215644037,-0.6598483395116378
274,1562313600,273,142,-131,415,27,-0.9696148462216472,-0.2286537638730446
274,1562328000,422,307,-115,729,27,-0.8942198400959133,0.4586309912057283
274,1562342400,437,537,100,974,27,0.11890055471863555,0.9948882045633696
274,1562356800,446,755,309,1201,27,1.1037478222360342,1.4917469287763678
274,1562371200,159,537,378,696,27,1.4288887861532615,0.3864004277738828
274,1562385600,0,1,1,1,27,-0.3476060456843427,-1.1348190141998344
274,1562400000,0,0,0,0,27,-0.3523182335672011,-1.1370078191523145
274,1562414400,0,0,0,0,27,-0.3523182335672011,-1.1370078191523145
274,1562428800,0,0,0,0,27,-0.3523182335672011,-1.1370078191523145
274,1562443200,0,0,0,0,27,-0.3523182335672011,-1.1370078191523145
274,1562457600,0,0,0,0,27,-0.3523182335672011,-1.1370078191523145
274,1562472000,0,0,0,0,27,-0.3523182335672011,-1.1370078191523145
274,1562486400,0,0,0,0,27,-0.3523182335672011,-1.1370078191523145
274,1562500800,0,0,0,0,27,-0.3523182335672011,-1.1370078191523145
274,1562515200,0,0,0,0,27,-0.3523182335672011,-1.1370078191523145
274,1562529600,0,0,0,0,27,-0.3523182335672011,-1.1370078191523145
274,1562544000,0,0,0,0,27,-0.3523182335672011,-1.1370078191523145
274,1562558400,0,0,0,0,27,-0.3523182335672011,-1.1370078191523145
274,1562572800,416,184,-232,600,27,-1.4455458223903421,0.17627515233578658
274,1562587200,643,464,-179,1107,27,-1.1957998645988488,1.285999263243232
274,1562601600,447,584,137,1031,27,0.2932515063843951,1.1196500868547392
274,1562616000,418,1004,586,1422,27,2.409023865787802,1.9754728232744851
274,1562630400,162,533,371,695,28,1.0998177234803463,0.00449744569730127
274,1562644800,27,132,105,159,28,0.051514369950576754,-1.2454593140267152
274,1562659200,489,189,-300,678,28,-1.5445866006492608,-0.035146705264094774
274,1562673600,672,493,-179,1165,28,-1.0677268044947414,1.1005416193358977
274,1562688000,458,578,120,1036,28,0.11062922071353369,0.7997124738053042
274,1562702400,257,704,447,961,28,1.3993329673459949,0.6248118077991452
274,1562716800,173,650,477,823,28,1.5175626688719088,0.3029945823478126
274,1562731200,29,85,56,114,28,-0.14159414254174926,-1.3503997136304104
274,1562745600,462,133,-329,595,28,-1.6588753121243107,-0.22870344231091075
274,1562760000,597,477,-120,1074,28,-0.8352083914937775,0.8883288112484248
274,1562774400,464,591,127,1055,28,0.13821615106958027,0.8440206425268645
274,1562788800,503,1004,501,1507,28,1.61214643009264,1.8980886563239827
274,1562803200,145,631,486,776,28,1.553031579329683,0.193390164983953
274,1562817600,24,87,63,111,28,-0.11400721218570269,-1.357395740270657
274,1562832000,473,175,-298,648,28,-1.5367046205475332,-0.10510697166655837
274,1562846400,658,468,-190,1126,28,-1.1110776950542431,1.009593273012695
274,1562860800,474,551,77,1025,28,-0.05883335147360953,0.7740603761244009
274,1562875200,431,1046,615,1477,28,2.061419295891113,1.8281283899215193
274,1562889600,160,575,415,735,28,1.2732212857183536,0.09777780090058608
274,1562904000,26,78,52,104,28,-0.15735810274520443,-1.3737198024312318
274,1562918400,439,162,-277,601,28,-1.4539438294793934,-0.21471138903041803
274,1562932800,630,386,-244,1016,28,-1.323891157800888,0.7530722962036618
274,1562947200,489,596,107,1085,28,0.05939635005230435,0.9139809089293282
274,1562961600,524,968,444,1492,28,1.3875099971934035,1.863108523122751
274,1562976000,196,594,398,790,28,1.206224454853669,0.22603828930510267
274,1562990400,28,104,76,132,28,-0.06277434152447334,-1.3084235537889324
274,1563004800,118,63,-55,181,28,-0.5790440381876306,-1.1941551186649084
274,1563019200,188,201,13,389,28,-0.31105671472889246,-0.7090972716078274
274,1563033600,245,276,31,521,28,-0.24011889381334414,-0.4012720994369876
274,1563048000,187,276,89,463,28,-0.011541470863243981,-0.5365286144817506
274,1563062400,142,313,171,455,28,0.3116197133075873,-0.5551846855224075
274,1563076800,23,112,89,135,28,-0.011541470863243981,-1.301427527148686
274,1563091200,66,54,-12,120,28,-0.4095814660004874,-1.3364076603499178
274,1563105600,161,115,-46,276,28,-0.5435751277298565,-0.9726142750571071
274,1563120000,212,256,44,468,28,-0.1888860231521148,-0.52486857008134
274,1563134400,159,280,121,439,28,0.1145702107643975,-0.5924968276037215
274,1563148800,85,220,135,305,28,0.16974407147649065,-0.9049860175347256
274,1563163200,20,76,56,96,28,-0.14159414254174926,-1.3923758734718887
274,1563177600,444,176,-268,620,28,-1.4184749190216193,-0.17040322030885774
274,1563192000,652,490,-162,1142,28,-1.0007299736300568,1.046905415094009
274,1563206400,471,555,84,1026,28,-0.031246421117562963,0.776392385004483
274,1563220800,461,1032,571,1493,28,1.8880157336531056,1.865440532002833
274,1563235200,179,604,425,783,29,1.415400075318696,0.32960039605863095
274,1563249600,21,75,54,96,29,-0.08217335943488052,-1.3281109213329916
274,1563264000,471,161,-310,632,29,-1.551490691645937,-0.03475827777853792
274,1563278400,697,500,-197,1197,29,-1.0953564648881091,1.3285705349234516
274,1563292800,471,515,44,986,29,-0.12253922020990954,0.8194335800913811
274,1563307200,455,830,375,1285,29,1.2135707714435509,1.5409120137159737
274,1563321600,172,525,353,697,29,1.124765877738487,0.12208485996593874
274,1563336000,19,73,54,92,29,-0.08217335943488052,-1.3377628067326517
274,1563350400,466,135,-331,601,29,-1.636258999273498,-0.10956038962590371
274,1563364800,627,435,-192,1062,29,-1.0751735345005946,1.002819402684923
274,1563379200,443,535,92,978,29,0.07121691151022976,0.8001298092920609
274,1563393600,451,1020,569,1471,29,1.9966684704791138,1.9897246848001686
274,1563408000,144,620,476,764,29,1.621265965271344,0.28375394041024543
274,1563422400,20,76,56,96,29,-0.07410018727987472,-1.3281109213329916
274,1563436800,457,177,-280,634,29,-1.43039310932085,-0.02993233507870787
274,1563451200,645,478,-167,1123,29,-0.9742588825630218,1.1500106550297395
274,1563465600,456,482,26,938,29,-0.19519776960496177,0.7036109552954599
274,1563480000,454,1064,610,1518,29,2.1621684996567327,2.103134338246175
274,1563494400,179,594,415,773,29,1.375034214543667,0.3054706825594807
274,1563508800,19,90,71,109,29,-0.013551396117331187,-1.2967422937840962
274,1563523200,399,129,-270,528,29,-1.390027248545821,-0.2857072981697006
274,1563537600,601,330,-271,931,29,-1.3940638346233238,0.6867201558460547
274,1563552000,425,483,58,908,29,-0.06602701512486892,0.6312218147980091
274,1563566400,296,531,235,827,29,0.6484487205931447,0.43577113545489204
274,1563580800,142,430,288,572,29,0.8623877827007985,-0.17953655877343946
274,1563595200,27,86,59,113,29,-0.06199042904736601,-1.2870904083844361
274,1563609600,116,67,-49,183,29,-0.4979417254176794,-1.1181824138903844
274,1563624000,177,150,-27,327,29,-0.40913683171261556,-0.7707145395026207
274,1563638400,182,235,53,417,29,-0.08620994551238342,-0.5535471180102685
274,1563652800,169,265,96,434,29,0.08736325582024136,-0.512526605061713
274,1563667200,114,229,115,343,29,0.1640583912927965,-0.7321069979039803
274,1563681600,34,75,41,109,29,-0.13464897844241824,-1.2967422937840962
274,1563696000,65,40,-25,105,29,-0.40106365955760975,-1.3063941791837563
274,1563710400,156,116,-40,272,29,-0.4616124507201533,-0.9034279637479471
274,1563724800,184,250,66,434,29,-0.033734326504845695,-0.512526605061713
274,1563739200,146,268,122,414,29,0.19231449383531682,-0.5607860320600135
274,1563753600,87,180,93,267,29,0.07525349758773266,-0.9154928204975222
274,1563768000,19,57,38,76,29,-0.14675873667492695,-1.3763703483312921
274,1563782400,437,186,-251,623,29,-1.3133321130732658,-0.05647501992777315
274,1563796800,603,479,-124,1082,29,-0.8006856812303971,1.0510788296832236
274,1563811200,429,564,135,993,29,0.24479011284285454,0.8363243795407863
274,1563825600,359,997,638,1356,29,2.275192909826814,1.7122329795599407
274,1563840000,122,464,342,586,30,0.9808630428534528,-0.25836426269660623
274,1563854400,21,121,100,142,30,0.05000478257684269,-1.2887988779887734
274,1563868800,429,155,-274,584,30,-1.3885943469415547,-0.26300586006278714
274,1563883200,709,471,-238,1180,30,-1.2501195644210672,1.1201901550591309
274,1563897600,453,553,100,1006,30,0.05000478257684269,0.7163711842013897
274,1563912000,453,1056,603,1509,30,1.984805216126987,1.8837329217958942
274,1563926400,151,530,379,681,30,1.1231843471106204,-0.037888387803011896
274,1563940800,27,143,116,170,30,0.111549130363726,-1.2238165148622402
274,1563955200,472,219,-253,691,30,-1.3078173904712704,-0.014680400972107228
274,1563969600,680,467,-213,1147,30,-1.153956521004062,1.0436037985171456
274,1563984000,428,622,194,1050,30,0.41157782582478214,0.8184863262573702
274,1563998400,453,1054,601,1507,30,1.9771121726536265,1.8790913244297134
274,1564012800,199,607,408,806,30,1.2347334774743464,0.2522114475832964
274,1564027200,24,130,106,154,30,0.07308391299692393,-1.2609492937916877
274,1564041600,440,207,-233,647,30,-1.2308869557376663,-0.11679554302808776
274,1564044541,248,143,-105,391,30,-0.7385321734425998,-0.7109200058992472
274,1564056000,378,376,-2,754,30,-0.34234043456453844,0.13152991606259215
274,1564070400,442,560,118,1002,30,0.11924217383708642,0.7070879894690278
274,1564084800,490,998,508,1488,30,1.6193856511423672,1.8349961494509945
274,1564099200,173,609,436,782,30,1.3424360861013922,0.19651227918912523
274,1564113600,25,154,129,179,30,0.1615539129405687,-1.202929326714426
274,1564128000,401,162,-239,563,30,-1.2539660861577475,-0.31174263240768696
274,1564142400,623,377,-246,1000,30,-1.2808917383145089,0.7024463921028469
274,1564156800,436,533,97,969,30,0.03846521736680207,0.6305016329270424
274,1564171200,482,950,468,1432,30,1.4655247816751589,1.7050314231979284
274,1564185600,190,568,378,758,30,1.1193378253739403,0.140813110794954
274,1564200000,30,105,75,135,30,-0.04615826084016249,-1.3050444687704066
274,1564214400,104,53,-51,157,30,-0.5308199996618685,-1.2539868977424162
274,1564228800,198,184,-14,382,30,-0.3884986954047009,-0.7318071940470614
274,1564243200,240,270,30,510,30,-0.2192517389907718,-0.43474496261148166
274,1564257600,169,342,173,511,30,0.3308008693544978,-0.43242416392839117
274,1564272000,127,271,144,398,30,0.2192517389907718,-0.6946744151176139
274,1564286400,30,91,61,121,30,-0.10000956515368538,-1.337535650333673
274,1564300800,98,59,-39,157,30,-0.4846617388217061,-1.2539868977424162
274,1564315200,228,108,-120,336,30,-0.7962299994928028,-0.8385639334692229
274,1564329600,333,274,-59,607,30,-0.5615921735553102,-0.2096274903517064
274,1564344000,202,299,97,501,30,0.03846521736680207,-0.45563215075929586
274,1564358400,109,246,137,355,30,0.19232608683401034,-0.7944687584905039
274,1564372800,25,53,28,78,30,-0.22694478246413222,-1.4373299937065631
274,1564387200,559,167,-392,726,30,-1.8424839118698193,0.0665475529360591
274,1564401600,727,465,-262,1192,30,-1.3424360861013922,1.1480397392562165
274,1564416000,543,573,30,1116,30,-0.2192517389907718,0.971659039341341
274,1564430400,451,1074,623,1525,30,2.061735650860591,1.9208657007253418
274,1564444800,162,533,371,695,31,0.8295920286315378,-0.3952365193488756
274,1564459200,19,133,114,152,31,-0.016740031011089566,-1.7172905029614387
274,1564473600,473,178,-295,651,31,-1.363626460559084,-0.50236428229354
274,1564488000,680,465,-215,1145,31,-1.1001767921878383,0.7003883289488286
274,1564502400,448,570,122,1018,31,0.009604935826035022,0.3911786495403654
274,1564516800,437,1006,569,1443,31,1.4816299578503713,1.4259354507104194
274,1564531200,176,609,433,785,31,1.0337655216192534,-0.1761115496893348
274,1564545600,26,133,107,159,31,-0.03979187699357358,-1.7002474497656968
274,1564560000,446,195,-251,641,31,-1.2187291429548988,-0.5267115011446002
274,1564574400,693,473,-220,1166,31,-1.116642396461041,0.7515174885360548
274,1564588800,459,572,113,1031,31,-0.02003315186573014,0.4228300340467436
274,1564603200,408,1052,644,1460,31,1.7286140219484143,1.4673257227572216
274,1564617600,144,494,350,638,31,0.7604364906840858,-0.5340156667999182
274,1564632000,21,137,116,158,31,-0.010153789301808418,-1.7026821716508027
274,1564646400,447,190,-257,637,31,-1.2384878680827422,-0.5364503886850241
274,1564660800,712,481,-231,1193,31,-1.1528667258620873,0.8172549794339171
274,1564675200,497,566,69,1063,31,-0.16493046946991538,0.5007411343701359
274,1564689600,426,1102,676,1528,31,1.8339938892969125,1.6328868109444303
274,1564704000,180,604,424,784,31,1.0041274339274882,-0.17854627157444078
274,1564718400,29,156,127,185,31,0.02607054009923789,-1.6369446807529404
274,1564732800,430,207,-223,637,31,-1.1265217590249628,-0.5364503886850241
274,1564747200,612,414,-198,1026,31,-1.0441937376589485,0.4106564246212135
274,1564761600,470,554,84,1024,31,-0.11553365665030677,0.4057869808510015
274,1564776000,464,893,429,1357,31,1.0205930382006911,1.2165493685913027
274,1565409600,30,165,135,195,32,0.3076069727715386,-1.1175272059474655
274,1565424000,162,87,-75,249,32,-0.7523331886472544,-0.9587439221905679
274,1565438400,357,258,-99,615,32,-0.8734692070951164,0.11745388993951586
274,1565452800,379,383,4,762,32,-0.35359379458970847,0.5496972734999593
274,1565467200,295,535,240,830,32,0.8375770534809351,0.749646593786423
274,1565481600,185,473,288,658,32,1.0798490903766593,0.24389243070889727
274,1565496000,31,176,145,207,32,0.35808031379148114,-1.082242031779266
274,1565510400,125,67,-58,192,32,-0.666528508913352,-1.1263484994895154
274,1565517144,138,70,-68,208,32,-0.7170018499332946,-1.0793016005985827
274,1565524800,163,136,-27,299,32,-0.5100611517515303,-0.8117223631564034
274,1565539200,356,379,23,735,32,-0.2576944466518177,0.4703056316215105
274,1565553600,245,511,266,756,32,0.9688077401327857,0.5320546864158596
274,1565568000,144,419,275,563,32,1.014233747050734,-0.03544853145601517
274,1565582400,32,113,81,145,32,0.03505093126384897,-1.2645487649816298
274,1565596800,422,195,-227,617,32,-1.5195279721503807,0.12333475230088244
274,1565611200,600,369,-231,969,32,-1.5397173085583578,1.1583665279014002
274,1565625600,431,512,81,943,32,0.03505093126384897,1.0819153172036347
274,1565640000,414,994,580,1408,32,2.553670648158981,2.449215816221364
274,1565654400,146,564,418,710,33,1.2046044772627185,0.11021779802621942
274,1565668800,29,131,102,160,33,0.02445310631484814,-1.1724175341680707
274,1565683200,481,220,-261,701,33,-1.3312271077803322,0.08922921986304012
274,1565697600,599,423,-176,1022,33,-1.0137813276203036,0.8378218410164349
274,1565712000,446,562,116,1008,33,0.0767382936353234,0.8051729416514893
274,1565726400,440,1040,600,1480,33,1.884311912428897,1.9059072630982254
274,1565740800,132,538,406,670,33,1.1597886024165966,0.016935228412089238
274,1565755200,25,136,111,161,33,0.05806501244943938,-1.1700854699277174
274,1565769600,491,186,-305,677,33,-1.4955519822161114,0.03325967809456202
274,1565784000,602,408,-194,1010,33,-1.0810051398894862,0.8098370701321959
274,1565798400,481,570,89,1051,33,-0.024097424768450323,0.9054517039866793
274,1565812800,431,1040,609,1471,33,1.9179238185634881,1.884918684935046
274,1565827200,160,580,420,740,33,1.212073789737072,0.18017972523681705
274,1565841600,25,139,114,164,33,0.0692689811609698,-1.1630892772066577
274,1565856000,458,176,-282,634,33,-1.409654888761045,-0.06701908424062793
274,1565870400,608,407,-201,1015,33,-1.1071477335497237,0.821497391333962
274,1565884800,461,554,93,1015,33,-0.009158799819743104,0.821497391333962
274,1565899200,466,1060,594,1526,33,1.861903975005836,2.0131822181544754
274,1565913600,169,597,428,766,33,1.2419510396344864,0.24081339548600167
274,1565928000,25,154,129,179,33,0.12528882471862188,-1.1281083136013588
274,1565942400,396,178,-218,574,33,-1.1706368895817294,-0.2069429386618232
274,1565956800,614,373,-241,987,33,-1.2565339830367959,0.756199592604071
274,1565971200,425,589,164,1014,33,0.25600179301981,0.8191653270936088
274,1565985600,434,900,466,1334,33,1.383867976647205,1.5654258840066504
274,1566000000,167,605,438,772,33,1.2792976020062545,0.25480578092812123
274,1566014400,20,79,59,99,33,-0.13613711188375446,-1.3146734528296191
274,1566028800,96,59,-37,155,33,-0.49466411065272775,-1.1840778553698368
274,1566043200,198,140,-58,338,33,-0.5730918916334407,-0.7573100993851913
274,1566057600,203,201,-2,404,33,-0.3639511423515396,-0.6033938595218765
274,1566072000,181,265,84,446,33,-0.04277070595433435,-0.5054471614270398
274,1566086400,100,178,78,278,33,-0.06517864337739518,-0.8972339538063866
274,1566100800,29,60,31,89,33,-0.240707486524705,-1.3379940952331517
274,1566115200,56,36,-20,92,33,-0.43117495462072203,-1.330997902512092
274,1566129600,121,125,4,246,33,-0.3415432049284787,-0.9718600094976907
274,1566144000,198,215,17,413,33,-0.29299267384518024,-0.5824052813586972
274,1566158400,134,241,107,375,33,0.043126387500732166,-0.6710237224921208
274,1566172800,77,141,64,218,33,-0.11746383069787045,-1.0371578082275819
274,1566187200,23,33,10,56,33,-0.3191352675054179,-1.414952215164809
274,1566201600,398,152,-246,550,33,-1.27520726422268,-0.2629124804303013
274,1566216000,591,295,-296,886,33,-1.4619400760815202,0.5206611043283922
274,1566230400,400,538,138,938,33,0.1589007308532131,0.6419284448267615
274,1566244800,377,1034,657,1411,33,2.0971873179479745,1.744994830513851
274,1566259200,144,523,379,667,34,1.039470885746194,0.039824321876155415
274,1566273600,26,128,102,154,34,0.011748927322532847,-1.184219671196094
274,1566288000,432,176,-256,608,34,-1.3164982247195995,-0.10095266758049705
274,1566302400,589,394,-195,983,34,-1.090176782611862,0.793816333203311
274,1566316800,441,550,109,991,34,0.037720240351289624,0.8129047385533656
274,1566331200,425,1032,607,1457,34,1.8853936529685578,1.9248043501940444
274,1566345600,167,622,455,789,34,1.321445141486982,0.33092250346448765
274,1566360000,21,137,116,158,34,0.06369155338004641,-1.1746754685210667
274,1566374400,441,197,-244,638,34,-1.2719759738131593,-0.029371147517792406
274,1566388800,625,342,-283,967,34,-1.41667328925909,0.7556395225032019
274,1566403200,386,508,122,894,34,0.0859526788332665,0.5814578236839539
274,1566417600,409,1027,618,1436,34,1.926205716299461,1.8746972861501512
274,1566432000,154,535,381,689,34,1.0468912608972674,0.0923174365888055
274,1566446400,25,163,138,188,34,0.14531568004185344,-1.1030939484583622
274,1566460800,433,172,-261,605,34,-1.335049162597283,-0.10811081958676752
274,1566475200,641,414,-227,1055,34,-1.2089027850290357,0.9656119813538022
274,1566489600,421,526,105,947,34,0.022879490049142897,0.7079185091280654
274,1566504000,425,1025,600,1450,34,1.859422339939801,1.9081019955127467
274,1566518400,155,610,455,765,34,1.321445141486982,0.27365728741432394
274,1566532800,27,141,114,168,34,0.05627117822897304,-1.1508149618334986
274,1566547200,377,192,-185,569,34,-1.053074906856495,-0.1940086436620131
274,1566561600,572,324,-248,896,34,-1.2868167241153061,0.5862299250214675
274,1566576000,410,555,145,965,34,0.1712869930706102,0.7508674211656883
274,1566590400,426,938,512,1364,34,1.5329258332925728,1.70290163799966
274,1566604800,171,571,400,742,34,1.1173848248324645,0.21877812203291702
274,1566619200,27,95,68,122,34,-0.11439745024571438,-1.2605732925963122
274,1566633600,72,58,-14,130,34,-0.41863283143972235,-1.2414848872462578
274,1566648000,173,154,-19,327,34,-0.43718376931740577,-0.771432905501164
274,1566662400,228,236,8,464,34,-0.33700870477791534,-0.4445439638814794
274,1566676800,167,250,83,417,34,-0.05874463661266413,-0.55668834531305
274,1566691200,89,183,94,272,34,-0.017932573281760615,-0.9026656922827891
274,1566705600,25,52,27,77,34,-0.2665151408427184,-1.3679455726903693
274,1566720000,49,35,-14,84,34,-0.41863283143972235,-1.3512432180090714
274,1566734400,142,105,-37,247,34,-0.503967145677066,-0.9623169590017097
274,1566748800,183,205,22,388,34,-0.2850660787204018,-0.6258838147069978
274,1566763200,136,249,113,385,34,0.05256099065343636,-0.6330419667132683
274,1566777600,75,166,91,241,34,-0.029063136008370665,-0.9766332630142506
274,1566792000,18,44,26,62,34,-0.2702253284182551,-1.4037363327217216
274,1566806400,422,168,-254,590,34,-1.3090778495685262,-0.14390157961811983
274,1566820800,602,323,-279,925,34,-1.4018325389569433,0.6554253944154154
274,1566835200,447,550,103,997,34,0.01545911489806953,0.8272210425659066
274,1566849600,383,1057,674,1440,34,2.133976220529515,1.8842414888251784
274,1566864000,93,251,158,344,35,0.3160102633955259,-0.7327625660134139
274,1566878400,2,0,-2,2,35,-0.34165123242916723,-1.5732481923183472
274,1566892800,448,171,-277,619,35,-1.4720069283778585,-0.056933480534300945
274,1566907200,680,363,-317,1043,35,-1.6364223023340316,0.9850720912589497
274,1566921600,428,544,116,972,35,0.14337412074154396,0.8105853091897969
274,1566936000,438,1053,615,1491,35,2.194455910844806,2.0860591105121955
274,1566950400,73,315,242,388,35,0.6612825487034898,-0.6246299123367559
274,1566964800,0,1,1,1,35,-0.3293200793824542,-1.5757057526291804
274,1566979200,428,175,-253,603,35,-1.3733577040041545,-0.09625444550763115
274,1566993600,631,376,-255,1007,35,-1.381578472701963,0.8965999200689567
274,1567008000,426,542,116,968,35,0.14337412074154396,0.8007550679464643
274,1567022400,408,1009,601,1417,35,2.136910529960145,1.9041996475105434
274,1567036800,74,337,263,411,35,0.7476006200304808,-0.5681060251875937
274,1567051200,0,0,0,0,35,-0.33343046373135854,-1.5781633129400134
274,1567065600,450,183,-267,633,35,-1.4309030848888151,-0.022527636182637006
274,1567080000,624,376,-248,1000,35,-1.3528057822596329,0.8793969978931248
274,1567094400,445,573,128,1018,35,0.19269873292839595,0.9236330834881212
274,1567108800,449,1041,592,1490,35,2.0999170708200063,2.0836015502013625
274,1567123200,87,334,247,421,35,0.6818344704480115,-0.5435304220792623
274,1567137600,0,0,0,0,35,-0.33343046373135854,-1.5781633129400134
274,1567152000,386,180,-206,566,35,-1.180169639605651,-0.18718417700845727
274,1567166400,572,368,-204,940,35,-1.1719488709078423,0.7319433792431365
274,1567180800,476,582,106,1058,35,0.10227027725250064,1.0219354959214468
274,1567195200,425,954,529,1379,35,1.8409628568390333,1.8108123556988842
274,1567209600,144,499,355,643,35,1.1257559801296795,0.002047966925694375
274,1567224000,37,148,111,185,35,0.12282219899702229,-1.123514655435883
274,1567238400,149,99,-50,248,35,-0.5389496811765752,-0.9686883558533952
274,1567252800,321,241,-80,562,35,-0.6622612116437051,-0.19701441825178984
274,1567267200,391,404,13,795,35,-0.27999546719560225,0.37559713417233137
274,1567281600,294,555,261,849,35,0.7393798513326721,0.5083053909573209
274,1567296000,148,490,342,638,35,1.0723209835939231,-0.010239834628471316
274,1567310400,30,148,118,178,35,0.15159488943935262,-1.1407175776117149
274,1567324800,116,73,-43,189,35,-0.5101769907342448,-1.1136844141925504
274,1567339200,276,166,-110,442,35,-0.785572742110835,-0.4919216555517664
274,1567353600,366,373,7,739,35,-0.30465777328902827,0.23797375676567564
274,1567368000,248,483,235,731,35,0.6325098582611595,0.21831327427901054
274,1567382400,112,429,317,541,35,0.9695613748713147,-0.24862318477928572
274,1567396800,25,121,96,146,35,0.06116643376345732,-1.2193595075583754
274,1567411200,150,64,-86,214,35,-0.6869235177371311,-1.052245406421722
274,1567425600,290,218,-72,508,35,-0.6293781368524705,-0.32972267503677927
274,1567440000,349,414,65,763,35,-0.06625548105257698,0.29695520422567095
274,1567454400,293,536,243,829,35,0.6653929330523941,0.4591541847406581
274,1567468800,120,393,273,513,36,0.479432482741786,-0.6738470900533319
274,1567483200,26,89,63,115,36,-0.22828207755654917,-1.56661303737294
274,1567497600,454,190,-264,644,36,-1.3302947500210998,-0.37999699181496843
274,1567512000,635,359,-276,994,36,-1.3707355820381475,0.40509869050126984
274,1567526400,452,630,178,1082,36,0.1592758959401582,0.6024941763407812
274,1567540800,466,1183,717,1649,36,1.9757432673725521,1.8743491816930873
274,1567555200,135,608,473,743,36,1.1534463496925815,-0.1579270702455182
274,1567569600,23,127,104,150,36,-0.09010923483163612,-1.4881034691413162
274,1567584000,499,228,-271,727,36,-1.3538852353643775,-0.1938171585799748
274,1567598400,688,418,-270,1106,36,-1.3505151660296235,0.6563293088424661
274,1567612800,459,639,180,1098,36,0.16601603460966616,0.6383842646752378
274,1567627200,468,1138,670,1606,36,1.8173500086391152,1.7778945692942352
274,1567641600,150,607,457,757,36,1.0995252403365179,-0.12652324295286865
274,1567656000,26,130,104,156,36,-0.09010923483163612,-1.474644686015895
274,1567670400,546,325,-221,871,36,-1.1853817686266788,0.12919363643013468
274,1567684800,643,440,-203,1083,36,-1.124720520601107,0.6047373068616847
274,1567699200,505,642,137,1147,36,0.021103053215245134,0.7482976601995112
274,1567713600,500,1142,642,1642,36,1.7229880672660036,1.8586472680467625
274,1567728000,150,609,459,759,36,1.1062653790060257,-0.12203698191106158
274,1567742400,24,146,122,170,36,-0.029447986806064523,-1.4432408587232455
274,1567756800,545,320,-225,865,36,-1.1988620459656947,0.11573485330471345
274,1567771200,641,439,-202,1080,36,-1.121350451266353,0.5980079152989741
274,1567785600,572,695,123,1267,36,-0.026077917471310545,1.0174733227079358
274,1567800000,427,1112,685,1539,36,1.8679010486604248,1.627604824393698
274,1567814400,164,546,382,710,36,0.8467700402299695,-0.23195037743533495
274,1567828800,34,185,151,219,36,0.06828402390180081,-1.333327463198972
274,1567843200,163,87,-76,250,36,-0.696721715087352,-1.2637904170509624
274,1567857600,368,245,-123,613,36,-0.8551149738207889,-0.44953403796297814
274,1567872000,388,425,37,813,36,-0.3159038802601526,-0.0009079337822705283
274,1567886400,357,611,254,968,36,0.41540116538146044,0.34677729695777787
274,1567900800,171,540,369,711,36,0.8029591388781678,-0.2297072469144314
274,1567915200,28,211,183,239,36,0.1761262426139281,-1.2884648527809013
274,1567929600,120,69,-51,189,36,-0.6124699817185025,-1.4006213788260782
274,1567944000,333,192,-141,525,36,-0.9157762218463605,-0.6469295238024895
274,1567958400,385,426,41,811,36,-0.3024236029211367,-0.0053941948240776045
274,1567972800,294,545,251,839,36,0.4052909573771985,0.05741345976122146
274,1567987200,107,395,288,502,36,0.5299835227630957,-0.6985215257832709
274,1568001600,25,94,69,119,36,-0.2080616615480253,-1.557640515289326
274,1568016000,582,285,-297,867,36,-1.4415070380679809,0.12022111434652052
274,1568030400,667,490,-177,1157,36,-1.0370987178975037,0.7707289654085465
274,1568044800,503,678,175,1181,36,0.14916568793589627,0.8245640979102314
274,1568059200,493,1194,701,1687,36,1.9218221580164885,1.9595881414874217
274,1568073600,146,527,381,673,37,0.9255775934837073,-0.034191071150798544
274,1568088000,21,125,104,146,37,0.003960876384302065,-0.9245265639175951
274,1568102400,602,272,-330,874,37,-1.4400162182768597,0.3053866025610157
274,1568116800,699,505,-194,1204,37,-0.9875257001341915,0.8629021862669793
274,1568131200,536,629,93,1165,37,-0.03263762140664904,0.7970139809199109
274,1568145600,494,1253,759,1747,37,2.1832350630272996,1.7802687376377015
274,1568160000,140,615,475,755,37,1.2383283927881985,0.1043431041943197
274,1568174400,21,146,125,167,37,0.07383073580339054,-0.8890482994999429
274,1568188800,590,338,-252,928,37,-1.1804995975773882,0.3966164253492643
274,1568203200,689,442,-247,1131,37,-1.1638639167633196,0.7395729813865692
274,1568217600,539,683,144,1222,37,0.13704632289685154,0.8933121271963956
274,1568232000,489,1226,737,1715,37,2.1100380674453976,1.7262066204298505
274,1568246400,160,644,484,804,37,1.2682726182535222,0.18712572116884157
274,1568260800,26,153,127,179,37,0.08048500812901802,-0.8687750055469987
274,1568275200,616,303,-313,919,37,-1.3834549035090262,0.3814114548845562
274,1568289600,676,493,-183,1169,37,-0.9509272023432404,0.8037717455708924
274,1568304000,519,663,144,1182,37,0.13704632289685154,0.8257344806865818
274,1568318400,463,1184,721,1647,37,2.0568038888403777,1.611324621363167
274,1568332800,154,652,498,806,37,1.3148525245329143,0.19050460349433226
274,1568347200,32,163,131,195,37,0.09379355278027296,-0.8417439469430732
274,1568361600,598,321,-277,919,37,-1.2636780016477316,0.3814114548845562
274,1568376000,670,509,-161,1179,37,-0.8777302067613382,0.8206661571983458
274,1568390400,572,707,135,1279,37,0.1071020974315279,0.9896102734728802
274,1568404800,495,1053,558,1548,37,1.5144806943017386,1.444069946251378
274,1568419200,197,576,379,773,37,0.9189233211580797,0.1347530451237359
274,1568433600,0,0,0,0,37,-0.34206128454832657,-1.1711849736784155
274,1568448000,0,0,0,0,37,-0.34206128454832657,-1.1711849736784155
274,1568462400,0,0,0,0,37,-0.34206128454832657,-1.1711849736784155
274,1568476800,0,0,0,0,37,-0.34206128454832657,-1.1711849736784155
274,1568491200,0,0,0,0,37,-0.34206128454832657,-1.1711849736784155
274,1568505600,0,0,0,0,37,-0.34206128454832657,-1.1711849736784155
274,1568520000,0,0,0,0,37,-0.34206128454832657,-1.1711849736784155
274,1568534400,0,1,1,1,37,-0.33873414838551286,-1.16949553251567
274,1568548800,0,0,0,0,37,-0.34206128454832657,-1.1711849736784155
274,1568563200,0,0,0,0,37,-0.34206128454832657,-1.1711849736784155
274,1568577600,0,0,0,0,37,-0.34206128454832657,-1.1711849736784155
274,1568592000,0,0,0,0,37,-0.34206128454832657,-1.1711849736784155
274,1568606400,0,0,0,0,37,-0.34206128454832657,-1.1711849736784155
274,1568620800,587,261,-326,848,37,-1.4267076736256048,0.26146113232963675
274,1568635200,652,455,-197,1107,37,-0.9975071086226327,0.699026393480681
274,1568649600,541,633,92,1174,37,-0.035964757569462776,0.8122189513846191
274,1568664000,475,1185,710,1660,37,2.0202053910494264,1.6332873564788564
274,1568678400,127,554,427,681,38,0.9837825960535722,-0.39249655218382307
274,1568692800,0,7,7,7,38,-0.3888287299279997,-1.7400759820467293
274,1568707200,590,335,-255,925,38,-1.2450767475641231,0.09535119393865334
274,1568721600,655,512,-143,1167,38,-0.879047060635704,0.5792001880437324
274,1568736000,514,629,115,1143,38,-0.035871531818452665,0.5312151638349643
274,1568750400,531,1221,690,1752,38,1.8432987358944137,1.7488351531324566
274,1568764800,139,628,489,767,38,1.18640617274609,-0.22055021543573713
274,1568779200,0,2,2,2,38,-0.4051693409515899,-1.7500728620902226
274,1568793600,603,298,-305,901,38,-1.4084828578000246,0.04736616972988516
274,1568808000,713,428,-285,1141,38,-1.343120413705664,0.5272164118175668
274,1568822400,551,659,108,1210,38,-0.058748387251478865,0.6651733564177754
274,1568836800,569,1234,665,1803,38,1.761595680776463,1.8508033295760888
274,1568851200,165,643,478,808,38,1.1504568284941916,-0.1385757990790915
274,1568865600,0,2,2,2,38,-0.4051693409515899,-1.7500728620902226
274,1568880000,577,291,-286,868,38,-1.346388535910382,-0.018613238557171074
274,1568894400,733,420,-313,1153,38,-1.4346278354377688,0.551208923921951
274,1568908800,533,595,62,1128,38,-0.20908200866850818,0.5012245237044841
274,1568923200,535,1260,725,1795,38,1.9576830130595446,1.8348083215064996
274,1568937600,167,652,485,819,38,1.173333683927218,-0.1165826629834061
274,1568952000,0,6,6,6,38,-0.3920968521327178,-1.7420753580554278
274,1568966400,562,291,-271,853,38,-1.2973667028396116,-0.04860387868765118
274,1568980800,697,491,-206,1188,38,-1.0849387595329398,0.6211870842264046
274,1568995200,565,712,147,1277,38,0.06870837873252425,0.7991315490005865
274,1569009600,512,1100,588,1612,38,1.5099502710131747,1.4689225119146423
274,1569024000,196,605,409,801,38,0.9249563963686477,-0.15257143113998223
274,1569038400,31,175,144,206,38,0.05890401211837016,-1.3422001563156931
274,1569052800,148,99,-49,247,38,-0.5718435733922094,-1.2602257399590475
274,1569067200,442,583,141,1025,38,0.049099645504216076,0.2952887948085207
274,1569081600,601,517,-84,1118,38,-0.6862278505573404,0.4812307636174974
274,1569096000,313,559,246,872,38,0.3922524769996091,-0.010615734522376378
274,1569110400,161,539,378,700,38,0.8236446080223888,-0.35450840801854827
274,1569124800,36,190,154,226,38,0.09158523416555045,-1.3022126361417197
274,1569139200,119,69,-50,188,38,-0.5751116955969273,-1.3781889244722692
274,1569153600,353,409,56,762,38,-0.22869074189681635,-0.2305470954792305
274,1569168000,546,538,-8,1084,38,-0.4378505629987702,0.41325197932174246
274,1569182400,293,581,288,874,38,0.5295136095977663,-0.006616982504979031
274,1569196800,110,425,315,535,38,0.617752909125153,-0.6844054494538294
274,1569211200,24,95,71,119,38,-0.17966890882604591,-1.5161458690724778
274,1569225600,615,296,-319,911,38,-1.454236568666077,0.0673599298168719
274,1569240000,685,488,-197,1173,38,-1.0555256596904776,0.5911964440959244
274,1569254400,525,668,143,1193,38,0.055635889913652134,0.6311839642698979
274,1569268800,542,1263,721,1805,38,1.9446105242406726,1.8548020815934863
274,1569283200,158,575,417,733,39,0.9173398381562495,-0.2561582101357644
274,1569297600,24,126,102,150,39,-0.11396591123253198,-1.4957412009231807
274,1569312000,663,329,-334,992,39,-1.5414240278468454,0.29453131750392825
274,1569326400,714,522,-192,1236,39,-1.0765179439953947,0.8133276292571522
274,1569340800,514,634,120,1148,39,-0.0550341541246016,0.6262207627232026
274,1569355200,546,1328,782,1874,39,2.1123449128448377,2.169852411628287
274,1569369600,152,615,463,767,39,1.0679432174320715,-0.18386692079310202
274,1569384000,31,139,108,170,39,-0.09432199219655518,-1.4532169130745558
274,1569398400,599,298,-301,897,39,-1.433382473148973,0.09254095022295993
274,1569412800,760,492,-268,1252,39,-1.3253409184511007,0.8473470595360522
274,1569427200,554,609,55,1163,39,-0.2678432770143502,0.6581139786096712
274,1569441600,517,1248,731,1765,39,1.9453716010390347,1.9380950428532813
274,1569456000,187,637,450,824,39,1.025381392854122,-0.06267270042452101
274,1569470400,21,168,147,189,39,0.03336348153729396,-1.412818839618362
274,1569484800,591,326,-265,917,39,-1.3155189589331124,0.13506523807158483
274,1569499200,708,519,-189,1227,39,-1.0666959844774064,0.794191699725271
274,1569513600,536,638,102,1174,39,-0.11396591123253198,0.681502336926415
274,1569528000,520,1176,656,1696,39,1.6998226130893248,1.7913862497755253
274,1569542400,162,674,512,836,39,1.2283685562258821,-0.037158127715346066
274,1569556800,29,144,115,173,39,-0.07140408665458226,-1.446838269897262
274,1569571200,564,285,-279,849,39,-1.3613547700170583,-0.009517340613739874
274,1569585600,684,534,-150,1218,39,-0.9390105107435572,0.7750557701933898
274,1569600000,556,729,173,1285,39,0.11848713069319339,0.9175121344862833
274,1569614400,549,1228,679,1777,39,1.7751243027272359,1.9636096155624563
274,1569628800,196,663,467,859,39,1.081039163456056,0.011744803310572585
274,1569643200,43,212,169,255,39,0.10539118466920887,-1.2724886897179
274,1569657600,170,98,-72,268,39,-0.683639563275859,-1.2448479026162937
274,1569672000,383,279,-104,662,39,-0.7884071314677351,-0.40711943199838285
274,1569686400,411,426,15,837,39,-0.39880273725419546,-0.035031913322914825
274,1569700800,317,600,283,917,39,0.4786256463527679,0.13506523807158483
274,1569715200,149,544,395,693,39,0.8453121350243347,-0.3412067858330142
274,1569729600,40,161,121,201,39,-0.05176016761860547,-1.387304266909187
274,1569744000,100,80,-20,180,39,-0.5133922649640601,-1.4319547691502432
274,1569758400,303,229,-74,532,39,-0.6901875362878512,-0.6835273030144448
274,1569772800,347,473,126,820,39,-0.03539023508862481,-0.07117755799424601
274,1569787200,302,549,247,851,39,0.36076213213690717,-0.005264911828877382
274,1569801600,116,402,286,518,39,0.4884476058707563,-0.7132943045084822
274,1569816000,23,96,73,119,39,-0.2089115199064198,-1.5616538470885493
274,1569830400,409,138,-271,547,39,-1.3351628779690892,-0.6516340871279761
274,1569844800,547,312,-235,859,39,-1.2172993637532283,0.011744803310572585
274,1569859200,417,524,107,941,39,-0.09759597870255132,0.18609438348993473
274,1569873600,438,1037,599,1475,39,1.5132053822475455,1.32149286904822
274,1569888000,163,501,338,664,40,0.7134130627094082,-0.4035947688316717
274,1569902400,23,134,111,157,40,-0.06268006142015571,-1.477058047310515
274,1569916800,437,173,-264,610,40,-1.344772226832431,-0.5179281357702468
274,1569931200,602,368,-234,970,40,-1.242204853599449,0.24429431048692007
274,1569945600,432,572,140,1004,40,0.036468399371726905,0.3162819859667636
274,1569960000,472,1115,643,1587,40,1.7561813572447251,1.5506588919887865
274,1569974400,149,561,412,710,40,0.9664125833507637,-0.3061996784765893
274,1569988800,24,137,113,161,40,-0.055842236537956905,-1.4685889090187687
274,1570003200,608,324,-284,932,40,-1.4131504756544189,0.16383749671533024
274,1570017600,726,528,-198,1254,40,-1.1191240057198706,0.8456031292009072
274,1570032000,516,680,164,1196,40,0.11852229795811252,0.7228006239705859
274,1570046400,562,1242,680,1804,40,1.882681117565403,2.010109644316023
274,1570060800,148,595,447,743,40,1.0860745187892427,-0.23632928756968236
274,1570075200,31,152,121,183,40,-0.0284909370091617,-1.422008648414164
274,1570089600,592,304,-288,896,40,-1.4268261254188166,0.08761525208961354
274,1570104000,745,497,-248,1242,40,-1.2900696277748405,0.8201957143256683
274,1570118400,549,715,166,1264,40,0.1253601228403113,0.866775974930273
274,1570132800,564,1268,704,1832,40,1.9647350161517887,2.0693936123582475
274,1570147200,191,648,457,839,40,1.1202636432002366,-0.0330699685677712
274,1570161600,31,146,115,177,40,-0.049004411655758105,-1.4347123558517836
274,1570176000,566,306,-260,872,40,-1.3310965770680334,0.03680042233913576
274,1570190400,687,468,-219,1155,40,-1.1909211669829578,0.6359919564801864
274,1570204800,563,685,122,1248,40,-0.0250720245680623,0.8328994217632878
274,1570219200,550,1156,606,1706,40,1.6296815969240475,1.802615756168239
274,1570233600,184,627,443,811,40,1.0723988690248452,-0.09235393660999529
274,1570248000,35,193,158,228,40,0.09800882331151611,-1.3267308426320183
274,1570262400,172,88,-84,260,40,-0.7293679874345388,-1.2589777362980479
274,1570276800,381,230,-151,611,40,-0.9584351209881987,-0.5158108511973102
274,1570291200,419,475,56,894,40,-0.25072024568062273,0.0833806829437404
274,1570305600,350,612,262,962,40,0.45357571718585377,0.22735603390342746
274,1570320000,167,485,318,652,40,0.6450348138874201,-0.4290021837069106
274,1570334400,30,186,156,216,40,0.09117099842931731,-1.3521382575072571
274,1570348800,119,90,-29,209,40,-0.5413278031740717,-1.3669592495178131
274,1570363200,340,195,-145,535,40,-0.9379216463416022,-0.6767244787404899
274,1570377600,394,459,65,853,40,-0.21995003371072813,-0.0034279845466591587
274,1570392000,277,573,296,850,40,0.5698187401832333,-0.009779838265468882
274,1570406400,116,411,295,527,40,0.5663998277421339,-0.6936627553239825
274,1570420800,26,113,87,139,40,-0.14473396000654132,-1.5151691696233733
274,1570435200,570,298,-272,868,40,-1.3721235263612261,0.02833128404738946
274,1570449600,667,505,-162,1172,40,-0.9960431578402921,0.6719857942201081
274,1570464000,528,656,128,1184,40,-0.0045585499214658995,0.697393209095347
274,1570478400,525,1192,667,1717,40,1.8382352558311108,1.8259058864705413
274,1570492800,169,585,416,754,41,0.9738161265506181,-0.19770923629418186
274,1570507200,23,148,125,171,41,-0.013736204904879243,-1.4866092256177539
274,1570521600,575,308,-267,883,41,-1.3440472493397762,0.08748475791292068
274,1570536000,671,529,-142,1200,41,-0.9198409213949748,0.7883103095691338
274,1570550400,514,645,131,1159,41,0.006625698836471219,0.6976672571467215
274,1570564800,507,1187,680,1694,41,1.8697398911700385,1.8804485509513715
274,1570579200,156,592,436,748,41,1.0416891390217864,-0.2109740732340471
274,1570593600,31,156,125,187,41,-0.013736204904879243,-1.4512363271114466
274,1570608000,426,145,-281,571,41,-1.3915583580695938,-0.6022867629600716
274,1570622400,599,366,-233,965,41,-1.22866312813879,0.26877086275774553
274,1570636800,462,522,60,984,41,-0.23432349543617592,0.31077617973398547
274,1570651200,464,1060,596,1524,41,1.584673238791132,1.5046115043218566
274,1570665600,151,556,405,707,41,0.9364859696914757,-0.30161712565645954
274,1570680000,35,122,87,157,41,-0.14269492860009883,-1.5175605118107727
274,1570694400,612,302,-310,914,41,-1.4899742261527877,0.15601974876889105
274,1570708800,779,485,-294,1264,41,-1.4356758161758532,0.9298019035943631
274,1570723200,521,636,115,1157,41,-0.04767271114046335,0.6932456448334331
274,1570737600,611,1379,768,1990,41,2.1683811460431786,2.534847173318056
274,1570752000,191,684,493,875,41,1.2351272245646157,0.06979830865976704
274,1570766400,31,164,133,195,41,0.013413000083588039,-1.433549877858293
274,1570780800,554,325,-229,879,41,-1.2150885256445565,0.07864153328634385
274,1570795200,709,491,-218,1200,41,-1.177758368785414,0.7883103095691338
274,1570809600,540,680,140,1220,41,0.03716855444849691,0.832526432702018
274,1570824000,549,1226,677,1775,41,1.8595589392993632,2.059523849639552
274,1570838400,151,579,428,730,41,1.014539934033319,-0.2507685840536428
274,1570852800,39,208,169,247,41,0.1355844225316908,-1.3185879577127941
274,1570867200,180,103,-77,283,41,-0.6992536308636781,-1.2389989360736027
274,1570881600,463,312,-151,775,41,-0.9503837770070005,-0.15128230700465353
274,1570896000,479,580,101,1059,41,-0.09518381987028109,0.4765866414823009
274,1570910400,372,634,262,1006,41,0.45119393052262297,0.359413915180158
274,1570924800,191,547,356,738,41,0.7701970891371136,-0.23308213480048914
274,1570939200,37,219,182,256,41,0.17970188063795015,-1.2986907023029963
274,1570953600,141,92,-49,233,41,-0.6042314134040426,-1.3495392439058131
274,1570968000,378,210,-168,588,41,-1.0080758376074934,-0.56470305829712
274,1570982400,458,496,38,954,41,-0.30898380915446094,0.24445199503465928
274,1570996800,325,670,345,995,41,0.7328669322779711,0.3350950474570717
274,1571011200,134,463,329,597,41,0.6785685223010365,-0.5448058028873222
274,1571025600,25,118,93,143,41,-0.12233302485874838,-1.5485117980037915
274,1571040000,343,132,-211,475,41,-1.154002814420505,-0.8145241539979152
274,1571054400,527,316,-211,843,41,-1.154002814420505,-0.0009474883528475526
274,1571068800,475,544,69,1019,41,-0.20378063982415023,0.38815439521653267
274,1571083200,404,906,502,1310,41,1.2656700801766414,1.0314989867999966
274,1571097600,151,517,366,668,42,0.7348655927923813,-0.4443356719500966
274,1571112000,29,122,93,151,42,-0.16400030084506734,-1.5303672771644592
274,1571126400,568,268,-300,836,42,-1.4579720817956803,-0.09142791629049712
274,1571140800,736,471,-265,1207,42,-1.342732864662674,0.6879100441244517
274,1571155200,560,635,75,1195,42,-0.22326618394204198,0.6627023472916231
274,1571169600,533,1265,732,1798,42,1.939938549097532,1.929389113141257
274,1571184000,165,672,507,837,42,1.1991150103853494,-0.08932727488776142
274,1571198400,26,162,136,188,42,-0.022420691224516814,-1.452643545263238
274,1571212800,559,316,-243,875,42,-1.2702967853219274,-0.009502901583804397
274,1571227200,706,492,-214,1198,42,-1.1748128625545793,0.6690042714998303
274,1571241600,547,769,222,1316,42,0.26073852801658426,0.9168799570226442
274,1571256000,475,1239,764,1714,42,2.045300119047709,1.7529352353114573
274,1571270400,148,621,473,769,42,1.087168342313286,-0.2321708902737898
274,1571284800,29,138,109,167,42,-0.11131951586997878,-1.496757014720688
274,1571299200,558,324,-234,882,42,-1.2406638437734399,0.005201588235345582
274,1571313600,743,531,-212,1274,42,-1.168227764432693,0.8286530181077444
274,1571328000,511,721,210,1232,42,0.2212279392852678,0.7404260791928444
274,1571342400,534,1205,671,1739,42,1.7390930563800069,1.80545127037985
274,1571356800,184,695,511,879,42,1.2122852066291214,-0.0011003359728615515
274,1571371200,39,175,136,214,42,-0.022420691224516814,-1.3980268687921094
274,1571385600,565,285,-280,850,42,-1.3921211005768195,-0.062018936652197175
274,1571400000,692,510,-182,1202,42,-1.0694512926044022,0.6774068371107731
274,1571414400,581,685,104,1266,42,-0.12778226117469396,0.8118478868858586
274,1571428800,576,1243,667,1819,42,1.7259228601362349,1.973502582598707
274,1571443200,195,565,370,760,42,0.7480357890361535,-0.2510766628984112
274,1571457600,32,212,180,244,42,0.12245146745697674,-1.3350076267100381
274,1571472000,175,103,-72,278,42,-0.7072708959006682,-1.263585819017024
274,1571486400,404,317,-87,721,42,-0.7566591318148137,-0.3330016776051039
274,1571500800,450,509,59,959,42,-0.27594696891713055,0.16695097624599534
274,1571515200,343,660,317,1003,42,0.5735306888061726,0.2593791979663666
274,1571529600,183,542,359,725,42,0.7118177493657801,-0.3245991119941611
274,1571544000,35,220,185,255,42,0.1389142127616919,-1.3119005712799452
274,1571558400,123,95,-28,218,42,-0.5623987372191747,-1.3896243031811666
274,1571572800,334,184,-150,518,42,-0.964089722654225,-0.7594318823604532
274,1571587200,378,443,65,821,42,-0.25619167455147235,-0.1229375373315328
274,1571601600,239,552,313,791,42,0.5603604925624005,-0.18595677941360414
274,1571616000,98,382,284,480,42,0.46487656979505243,-0.8392562556644103
274,1571630400,24,76,52,100,42,-0.2989948123437318,-1.6374999887039805
274,1571644800,517,294,-223,811,42,-1.2044458041030666,-0.1439439513588899
274,1571659200,690,469,-221,1159,42,-1.1978607059811806,0.5870792567931375
274,1571673600,566,658,92,1224,42,-0.16729284990601037,0.7236209479709588
274,1571688000,470,1127,657,1597,42,1.6929973695268046,1.507160191191379
274,1571702400,156,614,458,770,43,1.073423561714052,-0.227774723958256
274,1571716800,29,117,88,146,43,-0.13272265296681338,-1.5226814409860152
274,1571731200,542,282,-260,824,43,-1.2671520656936812,-0.11571548883085375
274,1571745600,737,485,-252,1222,43,-1.2410732286195003,0.7102025774785183
274,1571760000,498,650,152,1148,43,0.07590804362663359,0.5566399219335597
274,1571774400,481,1227,746,1708,43,2.012261696384563,1.7187356936251386
274,1571788800,155,591,436,746,43,1.0017067597600544,-0.2775788284593237
274,1571803200,33,135,102,168,43,-0.08708468808699686,-1.4770276785267034
274,1571817600,564,284,-280,848,43,-1.3323491583791334,-0.06591138432978609
274,1571832000,774,494,-280,1268,43,-1.3323491583791334,0.8056604444388981
274,1571846400,522,662,140,1184,43,0.03678978801536227,0.6313460786851612
274,1571860800,601,1296,695,1897,43,1.84600911003666,2.1109430165710465
274,1571875200,161,695,534,856,43,1.3211725139187702,-0.04931001616276354
274,1571889600,32,169,137,201,43,0.02701022411254445,-1.4085470348377351
274,1571904000,606,300,-306,906,43,-1.4171053788702213,0.054448534881127435
274,1571918400,737,487,-250,1224,43,-1.2345535193509551,0.714352919520274
274,1571932800,542,656,114,1198,43,-0.04796643247572556,0.6603984729774507
274,1571947200,557,1142,585,1699,43,1.4874251002666732,1.700059154437238
274,1571961600,170,668,498,838,43,1.2038177470849563,-0.08666309453856429
274,1571976000,30,153,123,183,43,-0.018627740767272076,-1.445900113213536
274,1571990400,530,306,-224,836,43,-1.1497972988598673,-0.09081343658031993
274,1572004800,737,490,-247,1227,43,-1.2247739554481374,0.7205784325829074
274,1572019200,536,705,169,1241,43,0.13132557240926793,0.7496308268751969
274,1572033600,577,1201,624,1778,43,1.614559431003305,1.863997665086586
274,1572048000,202,707,505,909,43,1.2266367295248646,0.06067404794376089
274,1572062400,47,242,195,289,43,0.21608179290035576,-1.225931985000487
274,1572076800,206,96,-110,302,43,-0.77817387055279,-1.1989547617290754
274,1572091200,428,294,-134,722,43,-0.8564103817753326,-0.32738293296039134
274,1572105600,450,467,17,917,43,-0.36417233200016863,0.07727541611078345
274,1572120000,398,669,271,1067,43,0.46383074510507405,0.38855106924245636
274,1572134400,170,461,291,631,43,0.5290278377905262,-0.5162234958602729
274,1572148800,44,207,163,251,43,0.11176644460363228,-1.3047884837938442
274,1572163200,106,74,-32,180,43,-0.5239052090795264,-1.4521256262761695
274,1572177600,321,182,-139,503,43,-0.8727096549466956,-0.7818453865326338
274,1572192000,318,363,45,681,43,-0.2728964022405356,-0.4124649448163819
274,1572206400,260,522,262,782,43,0.43449205339662056,-0.20287267170772216
274,1572220800,119,374,255,493,43,0.4116730709567123,-0.802597096741412
274,1572235200,22,80,58,102,43,-0.23051829199499166,-1.6139889659046394
274,1572249600,577,247,-330,824,43,-1.495341890092764,-0.11571548883085375
274,1572264000,707,531,-176,1238,43,-0.9933242764147822,0.7434053138125635
274,1572278400,546,650,104,1196,43,-0.08056497881845165,0.656248130935695
274,1572292800,544,1203,659,1747,43,1.728654343202846,1.7996673634393736
274,1572307200,169,602,433,771,44,0.9176838849585819,-0.26983179701418275
274,1572321600,23,146,123,169,44,-0.08697496741476708,-1.4745344354255543
274,1572336000,587,276,-311,863,44,-1.493497360737456,-0.08572441705762761
274,1572350400,733,540,-193,1273,44,-1.1110788298340522,0.7347541240531072
274,1572364800,564,640,76,1204,44,-0.23929421277459742,0.5966735890856909
274,1572379200,574,1291,717,1865,44,1.838081027132876,1.9194450907300706
274,1572393600,184,635,451,819,44,0.9760189150963893,-0.17377577268902356
274,1572408000,35,142,107,177,44,-0.1388283275372625,-1.4585250980380278
274,1572422400,561,271,-290,832,44,-1.4254398255766807,-0.14776059943429293
274,1572436800,775,555,-220,1330,44,-1.198581375040763,0.8488206529392337
274,1572451200,556,663,107,1219,44,-0.1388283275372625,0.626691096687303
274,1572465600,521,1196,675,1717,44,1.7019659568113255,1.6232723490608298
274,1572480000,181,693,512,874,44,1.1737098505634032,-0.06371157814977862
274,1572494400,26,173,147,199,44,-0.009194927231023928,-1.4144994202223298
274,1572508800,560,292,-268,852,44,-1.3541414554082494,-0.10773725596547659
274,1572523200,737,525,-212,1262,44,-1.1726546949795154,0.7127412851452583
274,1572537600,529,712,183,1241,44,0.1074751330445908,0.670716774503001
274,1572552000,500,1240,740,1740,44,1.9126202323089632,1.6692991940499686
274,1572566400,184,612,428,796,44,0.9014797099203021,-0.21980261767816234
274,1572580800,41,214,173,255,44,0.07506678296803115,-1.302434058509644
274,1572595200,543,325,-218,868,44,-1.1920997050254512,-0.07571858119042353
274,1572609600,724,538,-186,1262,44,-1.0883929847804603,0.7127412851452583
274,1572624000,594,742,148,1336,44,-0.005954092223367963,0.8608276559798786
274,1572638400,573,1274,701,1847,44,1.7862276670103805,1.883424081608136
274,1572652800,203,629,426,832,44,0.8949980399049902,-0.14776059943429293
274,1572667200,36,224,188,260,44,0.12367930808287063,-1.29242822264244
274,1572681600,201,101,-100,302,44,-0.8096811741220472,-1.2083792013579258
274,1572696000,418,303,-115,721,44,-0.8582936992368868,-0.3698901556862236
274,1572710400,458,515,57,973,44,-0.30087007792006076,0.1344039720208622
274,1572724800,398,654,256,1052,44,0.34405608860347625,0.29249617872268674
274,1572739200,169,502,333,671,44,0.5936003841929856,-0.4699485143582644
274,1572750000,29,201,172,230,44,0.0718259479603752,-1.3524632378456645
274,1572764400,77,75,-2,152,44,-0.4920793433717627,-1.5085542773740483
274,1572778800,340,172,-168,512,44,-1.030057954642653,-0.7881340949353542
274,1572793200,402,425,23,827,44,-0.41105846818036357,-0.157766435301497
274,1572807600,366,660,294,1026,44,0.4672078188944029,0.24046583221322548
274,1572822000,148,464,316,612,44,0.5385061890628341,-0.5880173775912726
274,1572836400,34,176,142,210,44,-0.025399102269303753,-1.3924865813144809
274,1572850800,248,78,-170,326,44,-1.0365396246579648,-1.1603511891953462
274,1572865200,930,650,-280,1580,44,-1.393031475500121,1.349112446299438
274,1572879600,498,478,-20,976,44,-0.55041437350957,0.14040747354118466
274,1572894000,618,1286,668,1904,44,1.6792801117577336,1.9974906104942625
274,1572908400,207,807,600,1014,44,1.458903331237128,0.2164518261319357
274,1572922800,41,249,208,290,45,0.24293366009185174,-1.1235720168511525
274,1572937200,257,67,-190,324,45,-1.0376967599949958,-1.0581025248666809
274,1572951600,881,451,-430,1332,45,-1.8099362092935973,0.8828753551435363
274,1572966000,453,494,41,947,45,-0.29441629004509184,0.14152963708407834
274,1572980400,593,1136,543,1729,45,1.3208512247378164,1.6473279527269253
274,1572994800,230,818,588,1048,45,1.4656461214813041,0.3360125397438322
274,1573009200,45,223,178,268,45,0.14640372892952655,-1.165934629311693
274,1573023600,267,94,-173,361,45,-0.9829964656696782,-0.9868563130012264
274,1573038000,994,701,-293,1695,45,-1.369116190318979,1.5818584607424537
274,1573052400,517,500,-17,1017,45,-0.4810408236255872,0.27631976764034344
274,1573066800,616,1187,571,1803,45,1.4109458271559865,1.7898203764578342
274,1573081200,262,892,630,1154,45,1.6007880251085596,0.5401233088718908
274,1573095600,39,311,272,350,45,0.44886417990481214,-1.0080376192314966
274,1573110000,264,81,-183,345,45,-1.0151731093904532,-1.0176654856998013
274,1573124400,980,683,-297,1663,45,-1.381986847807289,1.520240115345304
274,1573138800,489,488,-1,977,45,-0.4295581936723471,0.19929683589390623
274,1573153200,633,1252,619,1885,45,1.5653937170157068,1.9477173865380304
274,1573167600,216,864,648,1080,45,1.6587059838059546,0.397630885140982
274,1573182000,45,342,297,387,45,0.5293057892067498,-0.9367914073660423
274,1573196400,255,108,-147,363,45,-0.8993371919956631,-0.9830051664139046
274,1573210800,931,656,-275,1587,45,-1.3111982316215838,1.3738965450270733
274,1573225200,546,559,13,1105,45,-0.38451089246326203,0.4457702174825052
274,1573239600,611,1183,572,1794,45,1.414163491528064,1.7724902168148857
274,1573254000,216,712,496,928,45,1.1696209992501736,0.10494374450452067
274,1573268400,54,334,280,388,45,0.4746054948814322,-0.9348658340723813
274,1573282800,104,66,-38,170,45,-0.5486117754392148,-1.354640812090464
274,1573297200,413,306,-107,719,45,-0.7706306171125628,-0.29750107387061364
274,1573311600,463,388,-75,851,45,-0.6676653572060826,-0.04332539910737092
274,1573326000,417,656,239,1073,45,0.34268125562625446,0.38415187208535545
274,1573340400,236,551,315,787,45,0.5872237479041449,-0.16656208990167043
274,1573354800,56,292,236,348,45,0.33302826251002193,-1.0118887658188185
274,1573369200,70,68,-2,138,45,-0.4327758580444246,-1.4162591574876138
274,1573383600,316,174,-142,490,45,-0.8832488701352755,-0.7384573581189665
274,1573398000,411,409,-2,820,45,-0.4327758580444246,-0.10301817121085974
274,1573412400,345,584,239,929,45,0.34268125562625446,0.1068693177981816
274,1573426800,139,430,291,569,45,0.5099998029742848,-0.586337067919753
274,1573441200,33,179,146,212,45,0.043438469023046336,-1.273766733756705
274,1573455600,208,58,-150,266,45,-0.9089901851118956,-1.169785775899015
274,1573470000,765,337,-428,1102,45,-1.8035008805494424,0.43999349760152245
274,1573484400,448,491,43,939,45,-0.2879809613009368,0.12612505073479088
274,1573498800,512,1101,589,1613,45,1.4688637858533817,1.4239614506622575
274,1573513200,190,651,461,841,45,1.057002746227461,-0.06258113204398022
274,1573527600,46,295,249,341,46,0.41318037799127527,-1.0055136044563586
274,1573542000,281,81,-200,362,46,-1.0933462206474467,-0.9672108058414106
274,1573556400,1014,645,-369,1659,46,-1.6603907533199278,1.3984429943294314
274,1573570800,461,508,47,969,46,-0.26458882674151274,0.13992246840970826
274,1573585200,615,1138,523,1753,46,1.3325306854010965,1.569893616701104
274,1573599600,202,739,537,941,46,1.3795047886994085,0.08885207025644414
274,1573614000,47,288,241,335,46,0.38633803324938265,-1.0164572612034868
274,1573628400,268,82,-186,350,46,-1.0463721173491347,-0.9890981193356666
274,1573642800,979,603,-376,1582,46,-1.6838778049690837,1.2579993994079552
274,1573657200,458,509,51,967,46,-0.25116765437056643,0.13627458282733226
274,1573671600,657,1308,651,1965,46,1.762008201271378,1.9565694884329612
274,1573686000,250,736,486,986,46,1.2083848409698432,0.17092949585990436
274,1573700400,45,324,279,369,46,0.5138391707733725,-0.9544432063030945
274,1573714800,249,89,-160,338,46,-0.9591344969379837,-1.0109854328299226
274,1573729200,1012,670,-342,1682,46,-1.5697978398160402,1.4403936785267557
274,1573743600,505,572,67,1077,46,-0.19748296488678124,0.3369082898580128
274,1573758000,675,1263,588,1938,46,1.5506247364289738,1.907323033070885
274,1573772400,239,764,525,1003,46,1.3392412715865696,0.20193652331010042
274,1573786800,44,357,313,401,46,0.627919135926416,-0.8960770369850783
274,1573801200,248,95,-153,343,46,-0.9356474452888277,-1.0018657188739826
274,1573815600,950,616,-334,1566,46,-1.5429554950741475,1.228816314748947
274,1573830000,521,587,66,1108,46,-0.20083825797951782,0.3934505163848409
274,1573844400,662,1166,504,1828,46,1.2687801166391015,1.7066893260402043
274,1573858800,238,716,478,954,46,1.1815424962279506,0.1125633265418882
274,1573873200,57,292,235,349,46,0.36620627469296324,-0.9909220621268546
274,1573887600,109,85,-24,194,46,-0.5028146363258095,-1.2736331947609953
274,1573902000,381,258,-123,639,46,-0.8349886525067304,-0.4619786526823333
274,1573916400,449,377,-72,826,46,-0.6638687047771651,-0.1209013507301764
274,1573930800,367,505,138,872,46,0.04074284469751553,-0.03699998233552818
274,1573945200,183,491,308,674,46,0.6111426704627332,-0.39814065499075313
274,1573959600,64,323,259,387,46,0.446733308918641,-0.9216122360617105
274,1573974000,68,60,-8,128,46,-0.4491299468420243,-1.3940134189794036
274,1573988400,301,151,-150,452,46,-0.9255815660106179,-0.8030559546344902
274,1574002800,385,364,-21,749,46,-0.4927487570475998,-0.2613449456516528
274,1574017200,372,603,231,975,46,0.35278510232201693,0.15086612515683628
274,1574031600,159,439,280,598,46,0.5171944638661091,-0.5367603071210415
274,1574046000,33,163,130,196,46,0.013900499955622937,-1.2699853091786193
274,1574060400,233,82,-151,315,46,-0.9289368591033546,-1.0529361170272469
274,1574074800,925,615,-310,1540,46,-1.46242846084847,1.181393802178059
274,1574089200,463,463,0,926,46,-0.4222876021001317,0.061492928388624066
274,1574103600,661,1176,515,1837,46,1.305688340659204,1.7231048111608964
274,1574118000,219,783,564,1002,46,1.4700977022032962,0.20011258051891243
274,1574132400,46,279,233,325,47,0.29087197203472637,-1.0744776824121165
274,1574146800,272,94,-178,366,47,-1.0498575289701995,-0.9999339263541952
274,1574161200,981,691,-290,1672,47,-1.4152144732829772,1.3745574251493466
274,1574175600,481,477,-4,958,47,-0.4822494190557053,0.07640518550652212
274,1574190000,662,1275,613,1937,47,1.5304758902387938,1.8563646289383502
274,1574204400,261,877,616,1138,47,1.5402622369614576,0.4036704560047132
274,1574218800,54,318,264,372,47,0.3919975548355845,-0.9890250840042555
274,1574233200,284,92,-192,376,47,-1.0955271470092967,-0.981752522437629
274,1574247600,955,650,-305,1605,47,-1.4641462068962958,1.2527420189083533
274,1574262000,467,488,21,955,47,-0.4006965297001745,0.07095076433155226
274,1574276400,644,1257,613,1901,47,1.5304758902387938,1.790911574838712
274,1574290800,251,826,575,1077,47,1.4065154984183872,0.29276389211365955
274,1574305200,46,317,271,363,47,0.4148323638551331,-1.005388347529165
274,1574319600,255,104,-151,359,47,-0.9617804084662263,-1.0126609090957914
274,1574334000,965,644,-321,1609,47,-1.5163400560838354,1.2600145804749798
274,1574348400,473,466,-7,939,47,-0.492035765778369,0.04186051806504639
274,1574362800,668,1299,631,1967,47,1.589193970574776,1.910908840688049
274,1574377200,300,946,646,1246,47,1.6381257041880946,0.6000296183036278
274,1574391600,49,335,286,384,47,0.4637640974684516,-0.967207399304376
274,1574406000,252,118,-134,370,47,-0.9063244437044654,-0.9926613647875687
274,1574420400,928,657,-271,1585,47,-1.353234277372774,1.216379211075221
274,1574434800,525,629,104,1154,47,-0.12994093703981238,0.43276070227121904
274,1574449200,630,1156,526,1786,47,1.246671835281547,1.581825429798201
274,1574463600,252,742,490,994,47,1.1292356746095826,0.1418582396061603
274,1574478000,53,271,218,324,47,0.2419402384214079,-1.0762958228037731
274,1574492400,114,77,-37,191,47,-0.5898992330050059,-1.318108494894103
274,1574506800,422,268,-154,690,47,-0.97156675518889,-0.41085643945745126
274,1574521200,447,430,-17,877,47,-0.5246569215205813,-0.07086418621766387
274,1574535600,453,706,253,1159,47,0.356114283519151,0.44185140422950214
274,1574550000,210,545,335,755,47,0.6236077606052919,-0.29267731399977115
274,1574564400,66,324,258,390,47,0.37242486139025716,-0.9562985569544364
274,1574578800,74,81,7,155,47,-0.44636614773927175,-1.3835615489937414
274,1574593200,314,156,-158,470,47,-0.9846152174857749,-0.810847325621907
274,1574607600,374,326,-48,700,47,-0.6257825043214394,-0.3926750355408851
274,1574622000,316,596,280,912,47,0.4441914040231242,-0.007229272509682273
274,1574636400,148,438,290,586,47,0.4768125597653365,-0.5999430401897394
274,1574650800,48,165,117,213,47,-0.08753343457493638,-1.2781094062776577
274,1574665200,262,88,-174,350,47,-1.0368090666733145,-1.029024172620701
274,1574679600,931,611,-320,1542,47,-1.5130779405096142,1.1381991742339865
274,1574694000,479,527,48,1006,47,-0.3126194091962013,0.16367592430603972
274,1574708400,595,1176,581,1771,47,1.4260881918637145,1.5545533239233518
274,1574722800,208,734,526,942,47,1.246671835281547,0.047314939240016236
274,1574737200,34,244,210,278,48,0.65444842088169,-0.40626239341551973
274,1574751600,259,71,-188,330,48,-1.2738288652743026,-0.30418265719606563
274,1574766000,973,600,-373,1573,48,-2.1701386590905303,2.1359156528189622
274,1574780400,463,493,30,956,48,-0.21763678391247746,0.9247003211381318
274,1574794800,637,1286,649,1923,48,2.781367337018576,2.822990800449903
274,1574809200,236,804,568,1040,48,2.388928994861201,1.0895983565695577
274,1574823600,51,248,197,299,48,0.5914644894243335,-0.3650378845576633
274,1574838000,252,89,-163,341,48,-1.1527059201640015,-0.28258886684195034
274,1574852400,879,607,-272,1486,48,-1.680801960844914,1.965128401836414
274,1574866800,495,533,38,1028,48,-0.1788774414771811,1.0660414943650682
274,1574881200,614,1124,510,1738,48,2.1079237622053024,2.4598225081306917
274,1574895600,256,651,395,907,48,1.5507582146979177,0.8285098004698
274,1574910000,56,239,183,295,48,0.5236356401625649,-0.37289017195915974
274,1574924400,89,60,-29,149,48,-0.5034869343727879,-0.6594986621137808
274,1574938800,286,208,-78,494,48,-0.740887906788978,0.017761126265289612
274,1574953200,315,402,87,717,48,0.05852353093900893,0.4555261488987178
274,1574967600,303,523,220,826,48,0.7028975989258104,0.6695009805894966
274,1574982000,170,365,195,535,48,0.5817746538155094,0.09824707213062842
274,1574996400,54,200,146,254,48,0.3443736813993194,-0.45337611782449855
274,1575010800,143,52,-91,195,48,-0.8038718382463346,-0.5691973569965715
274,1575025200,376,265,-111,641,48,-0.9007701943345754,0.30633268827028487
274,1575039600,401,397,-4,798,48,-0.3823639892624869,0.6145349687790213
274,1575054000,457,725,268,1182,48,0.9354536535375884,1.3683545593226822
274,1575068400,178,573,395,751,48,1.5507582146979177,0.5222705918114378
274,1575082800,45,242,197,287,48,0.5914644894243335,-0.38859474676215267
274,1575097200,97,63,-34,160,48,-0.5277115233948481,-0.6379048717596656
274,1575111600,322,210,-112,532,48,-0.9056151121389874,0.09235785657950607
274,1575126000,393,374,-19,767,48,-0.4550377563286675,0.5536797414174236
274,1575136255,302,437,135,739,48,0.29107958555078695,0.4987137296069483
274,1575136340,6,25,19,31,48,-0.2709308797610099,-0.8911411404579267
274,1575136418,3,1,-2,4,48,-0.3726741536536628,-0.9441440804180279
274,1575136503,2,7,5,9,48,-0.33875972902277846,-0.9343287211661573
274,1575136586,2,2,0,4,48,-0.3629843180448387,-0.9441440804180279
274,1575136664,3,0,-3,3,48,-0.37751907145807484,-0.9461071522684019
274,1575136745,2,0,-2,2,48,-0.3726741536536628,-0.9480702241187761
274,1575136825,2,0,-2,2,48,-0.3726741536536628,-0.9480702241187761
274,1575136906,3,0,-3,3,48,-0.37751907145807484,-0.9461071522684019
274,1575136985,4,7,3,11,48,-0.34844956463160254,-0.930402577465409
274,1575137065,3,11,8,14,48,-0.32422497560954233,-0.9245133619142867
274,1575137146,4,10,6,14,48,-0.3339148112183664,-0.9245133619142867
274,1575137229,3,0,-3,3,48,-0.37751907145807484,-0.9461071522684019
274,1575137309,3,0,-3,3,48,-0.37751907145807484,-0.9461071522684019
274,1575137387,4,0,-4,4,48,-0.3823639892624869,-0.9441440804180279
274,1575137467,4,16,12,20,48,-0.30484530439189417,-0.9127349308120419
274,1575137548,3,7,4,10,48,-0.3436046468271905,-0.9323656493157831
274,1575137629,1,1,0,2,48,-0.3629843180448387,-0.9480702241187761
274,1575137710,5,9,4,14,48,-0.3436046468271905,-0.9245133619142867
274,1575137793,3,4,1,7,48,-0.3581394002404266,-0.9382548648669055
274,1575137868,2,0,-2,2,48,-0.3726741536536628,-0.9480702241187761
274,1575140400,60,118,58,178,48,-0.08197908538894028,-0.6025695784529315
274,1575154800,207,554,347,761,48,1.3182021600861398,0.541901310315179
274,1575169200,52,278,226,330,48,0.7319671057522826,-0.30418265719606563
274,1575183600,75,51,-24,126,48,-0.4792623453507277,-0.7046493146723856
274,1575198000,272,143,-129,415,48,-0.9879787148139921,-0.13732154991426565
274,1575212400,322,312,-10,634,48,-0.4114334960889591,0.29259118531766604
274,1575226800,295,547,252,842,48,0.8579349686669957,0.7009101301954824
274,1575241200,130,346,216,476,48,0.6835179277081622,-0.0175741670414445
274,1575255600,32,150,118,182,48,0.20871598287578222,-0.594717291051435
274,1575270000,236,74,-162,310,48,-1.1478610023595894,-0.343444094203548
274,1575284400,872,570,-302,1442,48,-1.8261494949772754,1.8787532404199527
274,1575298800,434,488,54,922,48,-0.10135875660658844,0.8579558782254117
274,1575313200,568,1189,621,1757,48,2.645709638495039,2.4971208732877996
274,1575327600,163,631,468,794,48,1.9044372144199968,0.6066826813775248
274,1575342000,40,201,161,241,49,0.1706198703107545,-1.1366583315760652
274,1575356400,254,76,-178,330,49,-0.9813606065395784,-0.9744481128736898
274,1575370800,944,542,-402,1486,49,-1.7425512461103,1.1324621435301978
274,1575385200,479,410,-69,889,49,-0.6109598042484684,0.04437786751538733
274,1575399600,677,1205,528,1882,49,1.4177491771074278,1.8542064874194188
274,1575414000,244,841,597,1085,49,1.6522230794751946,0.40160486600601186
274,1575428400,51,283,232,334,49,0.4118901176746886,-0.9671577659657179
274,1575442800,266,88,-178,354,49,-0.9813606065395784,-0.9307060314258582
274,1575457200,984,660,-324,1644,49,-1.4774937912597808,1.420430846395089
274,1575471600,497,500,3,997,49,-0.3662913843864508,0.24121723403062942
274,1575486000,642,1288,646,1930,49,1.8187335318812898,1.9416906503150821
274,1575500400,224,686,462,910,49,1.1934697922339115,0.08265218878223995
274,1575514800,48,281,233,329,49,0.41528829017277213,-0.9762706996006828
274,1575529200,257,100,-157,357,49,-0.9099989840798233,-0.9252382712448792
274,1575543600,1009,643,-366,1652,49,-1.6202170361792911,1.4350115402110328
274,1575558000,490,477,-13,967,49,-0.4206621443557881,0.18653963222083994
274,1575572400,633,1255,622,1888,49,1.7371773919272842,1.8651420077813767
274,1575586800,206,694,488,900,49,1.2818222771840846,0.06442632151231013
274,1575601200,49,267,218,316,49,0.3643157027015185,-0.9999643270515916
274,1575615600,258,80,-178,338,49,-0.9813606065395784,-0.959867419057746
274,1575630000,910,616,-294,1526,49,-1.3755486163172734,1.205365612609917
274,1575644400,512,538,26,1050,49,-0.2881334169305285,0.3378143305612575
274,1575658800,627,1038,411,1665,49,1.020162994831649,1.4587051676619416
274,1575673200,258,633,375,891,49,0.8978287849006403,0.04802304096937329
274,1575687600,61,349,288,410,49,0.602187777567369,-0.8286411747142512
274,1575702000,111,69,-42,180,49,-0.5192091468002118,-1.247836121922637
274,1575706339,107,50,-57,157,49,-0.5701817342714655,-1.2897556166434758
274,1575716400,335,203,-132,538,49,-0.8250446716277338,-0.5953500736591495
274,1575730800,447,420,-27,867,49,-0.46823655932895814,0.004280959521541719
274,1575745200,464,691,227,1155,49,0.39489925518427066,0.5291859368955206
274,1575759600,223,518,295,741,49,0.625974985053954,-0.22536496807957404
274,1575774000,59,318,259,377,49,0.5036407751229453,-0.8887865367050196
274,1575788400,68,66,-2,134,49,-0.3832822468768687,-1.3316751113643144
274,1575802800,317,160,-157,477,49,-0.9099989840798233,-0.7065278640057214
274,1575817200,445,370,-75,815,49,-0.6313488392369698,-0.09049355028209337
274,1575831600,358,592,234,950,49,0.41868646267085574,0.15555565786195924
274,1575846000,153,461,308,614,49,0.6701512275290405,-0.4568334824076828
274,1575860400,41,187,146,228,49,0.11964728283950085,-1.160351959026974
274,1575874800,206,91,-115,297,49,-0.767275739160313,-1.0345934748644583
274,1575889200,928,597,-331,1525,49,-1.5012809987463658,1.203543025882924
274,1575903600,467,457,-10,924,49,-0.4104676268615373,0.10816840296014171
274,1575918000,642,1237,595,1879,49,1.6454267344790274,1.84873872723844
274,1575932400,217,734,517,951,49,1.3803692796285083,0.15737824458895222
274,1575946800,45,254,209,299,50,0.28637753029409285,-1.1224559454395904
274,1575961200,256,76,-180,332,50,-1.0658872355859328,-1.0592254162419283
274,1575975600,975,640,-335,1615,50,-1.604707386514992,1.3991009158974699
274,1575990000,487,451,-36,938,50,-0.5653059340776457,0.10191702902422543
274,1576004400,623,1194,571,1817,50,1.5447833021413149,1.7861483976528545
274,1576018800,237,850,613,1087,50,1.6907861817478986,0.38741244873488045
274,1576033200,36,266,230,302,50,0.35937897009738473,-1.1167077155125302
274,1576047600,253,98,-155,351,50,-0.9789807596296329,-1.022819960037214
274,1576062000,908,629,-279,1537,50,-1.4100368803728802,1.2496469377939057
274,1576076400,474,501,27,975,50,-0.3463016146677701,0.17281186479130084
274,1576090800,664,1106,442,1770,50,1.0963458862068076,1.6960927954622453
274,1576105200,237,744,507,981,50,1.3223027236931872,0.18430832464542116
274,1576119600,54,304,250,358,50,0.4289041508624246,-1.0094074235407404
274,1576134000,245,102,-143,347,50,-0.937265651170609,-1.0304842666066276
274,1576148400,1017,709,-308,1726,50,-1.510848392482188,1.611785423198696
274,1576162800,479,499,20,978,50,-0.37063542793553406,0.178560094718361
274,1576177200,654,1091,437,1745,50,1.0789645910155476,1.6481908794034106
274,1576191600,267,849,582,1116,50,1.5830221515620868,0.44297867136312874
274,1576206000,42,291,249,333,50,0.4254278918241726,-1.057309339599575
274,1576220400,244,105,-139,349,50,-0.923360615017601,-1.0266521133219209
274,1576234800,907,584,-323,1491,50,-1.562992278055968,1.1615074122456497
274,1576249200,487,575,88,1062,50,-0.13424981333439845,0.3395105326760457
274,1576263600,587,1135,548,1722,50,1.464829344261519,1.6041211166292826
274,1576278000,264,705,441,969,50,1.0928696271685556,0.1613154049371805
274,1576292400,56,334,278,390,50,0.5262394039334805,-0.9480929709854319
274,1576306800,101,72,-29,173,50,-0.5409721208098818,-1.3638816023761173
274,1576321200,374,258,-116,632,50,-0.8434066571378053,-0.4844024235359117
274,1576335600,462,404,-58,866,50,-0.6417836329191896,-0.036040489225218596
274,1576350000,395,602,207,997,50,0.27942501221758886,0.2149655509230754
274,1576364400,216,522,306,738,50,0.6235746570045363,-0.2812982994464524
274,1576378800,59,322,263,381,50,0.47409551835970054,-0.9653376607666124
274,1576393200,74,70,-4,144,50,-0.4540656448535819,-1.4194478250043656
274,1576407600,303,153,-150,456,50,-0.961599464438373,-0.8216319125901081
274,1576422000,422,384,-38,806,50,-0.5722584521541497,-0.15100508776642194
274,1576436400,348,598,250,946,50,0.4289041508624246,0.11724564216305254
274,1576450800,167,526,359,693,50,0.807816386031892,-0.36752174835235496
274,1576465200,44,186,142,230,50,0.05346817473120924,-1.2546652337619741
274,1576479600,243,107,-136,350,50,-0.912931837902845,-1.0247360366795675
274,1576494000,946,609,-337,1555,50,-1.6116599045914959,1.2841363173562665
274,1576508400,489,474,-15,963,50,-0.49230449427435385,0.14981894508306015
274,1576522800,564,1135,571,1699,50,1.5447833021413149,1.5600513538551546
274,1576537200,217,726,509,943,50,1.3292552417696912,0.11149741223599238
274,1576551600,43,273,230,316,51,0.3799969936675722,-1.089903331095638
274,1576566000,231,90,-141,321,51,-0.917923470016801,-1.080032721317732
274,1576580400,925,577,-348,1502,51,-1.6421001168703462,1.2514053082236618
274,1576594800,486,438,-48,924,51,-0.5925687446188314,0.11036281789772984
274,1576609200,672,1162,490,1834,51,1.2895908496188848,1.9068137974766195
274,1576623600,207,725,518,932,51,1.3875471110290263,0.1261557935423794
274,1576638000,41,255,214,296,51,0.3240219871474914,-1.129385770207262
274,1576652400,251,109,-142,360,51,-0.921421907924306,-1.0030419650500655
274,1576666800,989,648,-341,1637,51,-1.6176110515178108,1.5179117722271236
274,1576681200,534,508,-26,1042,51,-0.5156031106537203,0.3433092086563111
274,1576695600,604,1212,608,1816,51,1.7024065227044807,1.8712796022761577
274,1576710000,144,876,732,1020,51,2.1362128232351068,0.2998785256335248
274,1576724400,238,545,307,783,51,0.649376712545461,-0.167988377839219
274,1576738800,223,63,-160,286,51,-0.9843937902593969,-1.149126989763074
274,1576753200,913,651,-262,1564,51,-1.341234456824912,1.3738008694696962
274,1576767600,464,475,11,939,51,-0.3861609080760335,0.13997464723144779
274,1576782000,601,1190,589,1791,51,1.6359362024618846,1.821926553386628
274,1576796400,257,753,496,1010,51,1.310581477063915,0.2801373060777128
274,1576810800,43,286,243,329,51,0.42547668646513787,-1.0642397456730825
274,1576825200,215,82,-133,297,51,-0.8899359667567606,-1.127411648251681
274,1576839600,915,644,-271,1559,51,-1.3727203979924574,1.3639302596917902
274,1576854000,534,555,21,1089,51,-0.351176529000983,0.4360929405686274
274,1576868400,654,1148,494,1802,51,1.303584601248905,1.843641894898021
274,1576882800,320,697,377,1017,51,0.8942673660708144,0.2939561597667812
274,1576897200,55,321,266,376,51,0.505940758337754,-0.9714560137607663
274,1576911600,96,80,-16,176,51,-0.4806187315786698,-1.3662804048770059
274,1576926000,345,237,-108,582,51,-0.8024750190691343,-0.5647868909110396
274,1576940400,448,408,-40,856,51,-0.564581241358791,-0.023877475081791583
274,1576954800,427,590,163,1017,51,0.14560165386473395,0.2939561597667812
274,1576969200,239,527,288,766,51,0.582906392302865,-0.20154845108409933
274,1576983600,53,319,266,372,51,0.505940758337754,-0.9793525015830911
274,1576998000,75,63,-12,138,51,-0.4666249799486496,-1.4412970391890914
274,1577012400,274,154,-120,428,51,-0.8444562739591949,-0.868801672070544
274,1577026800,427,382,-45,809,51,-0.5820734308963162,-0.11666120699410785
274,1577041200,417,611,194,1028,51,0.25405322899739047,0.31567150127817434
274,1577055600,183,517,334,700,51,0.7438345360480974,-0.33184050015245836
274,1577070000,39,196,157,235,51,0.12461102641970365,-1.249807209497715
274,1577084400,192,69,-123,261,51,-0.85495158768171,-1.198480038652604
274,1577098800,673,322,-351,995,51,-1.6525954305928612,0.25052547674399483
274,1577113200,479,444,-35,923,51,-0.5470890518212658,0.10838869594214864
274,1577127600,532,885,353,1417,51,0.8103048562906933,1.0836049419992602
274,1577142000,223,692,469,915,51,1.2161236535612787,0.09259572029749906
274,1577156400,58,271,213,329,52,0.5833208254774329,-0.8472654082583645
274,1577170800,175,76,-99,251,52,-0.9508928524906098,-1.0524239704443248
274,1577185200,559,313,-246,872,52,-1.6737435276870916,0.5809538131131277
274,1577199600,438,506,68,944,52,-0.12969514665515106,0.7703309474386294
274,1577214000,462,877,415,1339,52,1.5766258349311018,1.8092749482521457
274,1577228400,200,430,230,630,52,0.6669158015205635,-0.05556377725869756
274,1577242800,66,197,131,263,52,0.1800979998576268,-1.0208611147234077
274,1577257200,60,46,-14,106,52,-0.5329179722749572,-1.4338084770720712
274,1577271600,153,126,-27,279,52,-0.5968435421902923,-0.9787773070955185
274,1577286000,254,254,0,508,52,-0.4640750508276732,-0.37645281042135326
274,1577300400,294,485,191,779,52,0.47513909177455815,0.3363416812760213
274,1577314800,152,366,214,518,52,0.5882381770093819,-0.3501504306539225
274,1577329200,51,150,99,201,52,0.022742750835263455,-1.1839358692814788
274,1577343600,169,63,-106,232,52,-0.9853143132142519,-1.1023984920024432
274,1577358000,508,327,-181,835,52,-1.354115678110416,0.48363500797363373
274,1577372400,418,381,-37,799,52,-0.6460170575097809,0.38894644081088287
274,1577386800,494,856,362,1350,52,1.3160062037378124,1.8382075659963197
274,1577401200,214,668,454,882,52,1.768402544677107,0.6072561928805584
274,1577415600,47,250,203,297,52,0.5341473101579444,-0.931433023514143
274,1577430000,183,58,-125,241,52,-1.07874399232128,-1.0787263502117554
274,1577444400,530,311,-219,841,52,-1.5409750363244725,0.49941643583409223
274,1577458800,431,448,17,879,52,-0.38048007478454265,0.5993654789503292
274,1577473200,536,862,326,1398,52,1.1389815485876535,1.9644589888799875
274,1577487600,229,625,396,854,52,1.4831961558240734,0.5336095295317522
