remote_unit_id,time_stamp,entries,exits,num_people_exited,sum_exit_entry,week_num,z_score_num_people_exited,z_score_sum_exit_entry
280,1546311600,43,16,-27,59,1,0.6408980492437865,-0.7725781765878743
280,1546326000,25,16,-9,41,1,0.7446716464226905,-0.8686895969433841
280,1546340400,79,6,-73,85,1,0.3756988564532541,-0.6337505694076936
280,1546354800,171,43,-128,214,1,0.05861286507326977,0.055047943140126565
280,1546369200,186,51,-135,237,1,0.018256466170362678,0.17785698026105573
280,1546383600,55,31,-24,86,1,0.6581936487736038,-0.6284110460546097
280,1546398000,24,5,-19,29,1,0.687019647989966,-0.9327638771803907
280,1546412400,96,2,-94,98,1,0.25462965974453283,-0.5643367658176032
280,1546426800,598,20,-578,618,1,-2.5357270643993295,2.2122153777860127
280,1546441200,211,41,-170,252,1,-0.1835255283441728,0.2579498305573139
280,1546455600,243,88,-155,331,1,-0.09704753069508616,0.6797721754509402
280,1546470000,57,46,-11,103,1,0.7331412467361456,-0.5376391490521838
280,1546484400,16,15,-1,31,1,0.79079324516887,-0.922084830474223
280,1546498800,109,7,-102,116,1,0.20850806099835328,-0.4682253454620934
280,1546513200,669,29,-640,698,1,-2.8931694546822206,2.639377246032723
280,1546527600,251,47,-204,298,1,-0.37954232301543583,0.5035679047991722
280,1546542000,240,90,-150,330,1,-0.06822153147872395,0.6744326520978563
280,1546556400,65,61,-4,126,1,0.7734976456390527,-0.41483011193125463
280,1546570800,13,4,-9,17,1,0.7446716464226905,-0.9968381574173972
280,1546585200,100,5,-95,105,1,0.24886445990126038,-0.526960102346016
280,1546599600,663,26,-637,689,1,-2.8758738551524035,2.591321535854968
280,1546614000,228,43,-185,271,1,-0.27000352599325944,0.35940077426590755
280,1546628400,263,73,-190,336,1,-0.29882952520962164,0.7064697922163595
280,1546642800,78,48,-30,126,1,0.6236024497139692,-0.41483011193125463
280,1546657200,21,24,3,45,1,0.8138540445419598,-0.8473315035310486
280,1546671600,25,2,-23,27,1,0.6639588486168763,-0.9434429238865584
280,1546686000,169,22,-147,191,1,-0.05092593194890663,-0.0677610939808026
280,1546700400,221,52,-169,273,1,-0.17776032850090037,0.3700798209720753
280,1546714800,203,28,-175,231,1,-0.21235152756053502,0.14581984014255248
280,1546729200,71,27,-44,98,1,0.542889651908155,-0.5643367658176032
280,1546743600,19,9,-10,28,1,0.738906446579418,-0.9381034005334745
280,1546758000,23,4,-19,27,1,0.687019647989966,-0.9434429238865584
280,1546772400,138,25,-113,163,1,0.1450908627223564,-0.21726774786715117
280,1546786800,241,70,-171,311,1,-0.18929072818744525,0.5729817083892627
280,1546801200,173,52,-121,225,1,0.09896926397617688,0.11378270002404921
280,1546815600,63,23,-40,86,1,0.5659504512812447,-0.6284110460546097
280,1546830000,11,6,-5,17,1,0.7677324457957801,-0.9968381574173972
280,1546844400,105,6,-99,111,1,0.2258036605281706,-0.49492296222751275
280,1546858800,712,34,-678,746,1,-3.1122470487265734,2.8956743669807494
280,1546873200,192,45,-147,237,1,-0.05092593194890663,0.17785698026105573
280,1546887600,251,96,-155,347,1,-0.09704753069508616,0.7652045491002822
280,1546902000,58,38,-20,96,1,0.6812544481466936,-0.5750158125237709
280,1546916400,13,6,-7,19,2,0.7367097699033778,-0.9334166891542359
280,1546930800,112,8,-104,120,2,0.30290835520013026,-0.5223043184046411
280,1546945200,778,47,-731,825,2,-2.5011482120053974,2.347341437817779
280,1546959600,194,39,-155,233,2,0.0748271990159486,-0.062346913506579456
280,1546974000,277,89,-188,366,2,-0.07275472557381601,0.4790188816389267
280,1546988400,52,71,19,123,2,0.8529864377619802,-0.5100930598675244
280,1547002800,13,2,-11,15,2,0.7188210517712851,-0.9496983672037248
280,1547017200,104,5,-99,109,2,0.32526925286524616,-0.5670789330407355
280,1547031600,764,39,-725,803,2,-2.4743151348072585,2.25779220854559
280,1547046000,258,43,-215,301,2,-0.19350357296544163,0.21444161333473194
280,1547060400,246,86,-160,332,2,0.05246630135083275,0.34062461821827095
280,1547074800,61,63,2,124,2,0.7769593857005863,-0.5060226403551521
280,1547089200,12,11,-1,23,2,0.7635428471015169,-0.917135011104747
280,1547103600,107,9,-98,116,2,0.3297414323982693,-0.53858599645413
280,1547118000,800,42,-758,842,2,-2.621897059397023,2.4165385695281065
280,1547132400,226,30,-196,256,2,-0.10853216183800138,0.03127273527798176
280,1547146800,300,119,-181,419,2,-0.041449468842653825,0.6947511157946547
280,1547161200,60,49,-11,109,2,0.7188210517712851,-0.5670789330407355
280,1547175600,16,14,-2,30,2,0.7590706675684936,-0.8886420745181415
280,1547204400,816,47,-769,863,2,-2.671091034260278,2.5020173792879237
280,1547218800,206,43,-163,249,2,0.03904976275176324,0.0027797986913761716
280,1547233200,290,110,-180,400,2,-0.03697728930963066,0.6174131450595823
280,1547247600,89,30,-59,119,2,0.504156434186173,-0.5263747379170133
280,1547262000,18,9,-9,27,2,0.7277654108373315,-0.9008533330552582
280,1547276400,34,6,-28,40,2,0.6427939997098913,-0.8479378793944192
280,1547290800,201,36,-165,237,2,0.0301054036857169,-0.04606523545709055
280,1547305200,267,47,-220,314,2,-0.21586447063055747,0.2673570669955709
280,1547319600,209,64,-145,273,2,0.11954899434618031,0.1004698669883096
280,1547334000,84,35,-49,119,2,0.5488782295164046,-0.5263747379170133
280,1547348400,23,7,-16,30,2,0.6964601541061692,-0.8886420745181415
280,1547362800,18,4,-14,22,2,0.7054045131722156,-0.9212054306171192
280,1547377200,141,14,-127,155,2,0.20004822594059737,-0.37983963547161315
280,1547391600,207,45,-162,252,2,0.04352194228478641,0.014991057228492852
280,1547406000,152,50,-102,202,2,0.3118527142661766,-0.18852991839011848
280,1547420400,55,21,-34,76,2,0.6159609225117522,-0.701402776949019
280,1547434800,9,5,-4,14,2,0.7501263085024473,-0.9537687867160971
280,1547449200,111,4,-107,115,2,0.28949181660106077,-0.5426564159665022
280,1547463600,771,52,-719,823,2,-2.447482057609119,2.339200598793034
280,1547478000,192,29,-163,221,2,0.03904976275176324,-0.11119194765504617
280,1547492400,274,107,-167,381,2,0.02116104461967056,0.54007517432451
280,1547506800,51,33,-18,84,2,0.687515795040123,-0.6688394208500412
280,1547521200,16,7,-9,23,3,0.7105715032788673,-0.8844721941855728
280,1547535600,112,7,-105,119,3,0.22579581779318325,-0.4544996975667846
280,1547550000,796,44,-752,840,3,-3.041390312511375,2.7747729072472396
280,1547564400,214,40,-174,254,3,-0.12263670614965218,0.15014912580338632
280,1547578800,272,113,-159,385,3,-0.04689050529251404,0.7368824284811077
280,1547593200,66,51,-15,117,3,0.680273022936012,-0.46345745791300935
280,1547607600,14,6,-8,20,3,0.7156212500026765,-0.8979088347049099
280,1547622000,110,10,-100,120,3,0.2510445514122293,-0.4500208173936722
280,1547636400,767,38,-729,805,3,-2.9252461378637626,2.6180121011883064
280,1547650800,241,49,-192,290,3,-0.21353214717821795,0.3113888120354319
280,1547665200,262,109,-153,371,3,-0.01659202494965879,0.6741781060575345
280,1547679600,73,56,-17,129,3,0.6701735294883936,-0.40971089583566084
280,1547694000,16,7,-9,23,3,0.7105715032788673,-0.8844721941855728
280,1547708400,115,9,-106,124,3,0.22074607106937402,-0.4321052967012227
280,1547722800,781,66,-715,847,3,-2.854549683730434,2.806125068459026
280,1547737200,217,38,-179,255,3,-0.14788543976869822,0.15462800597649873
280,1547751600,270,115,-155,385,3,-0.026691518397277205,0.7368824284811077
280,1547766000,79,61,-18,140,3,0.6651237827645844,-0.36044321393142464
280,1547780400,18,6,-12,24,3,0.6954222631074397,-0.8799933140124604
280,1547794800,94,13,-81,107,3,0.34698973916460424,-0.5082462596441332
280,1547809200,743,40,-703,783,3,-2.7939527230447236,2.519476737379834
280,1547823600,204,39,-165,243,3,-0.0771889856353693,0.10088144389915019
280,1547838000,333,107,-226,440,3,-0.38522353578773105,0.9832208380022885
280,1547852400,85,42,-43,127,3,0.5388801146693541,-0.4186686561818856
280,1547866800,25,14,-11,39,3,0.7004720098312489,-0.8128101114157747
280,1547881200,26,4,-22,30,3,0.6449247958693476,-0.8531200329737861
280,1547895600,184,22,-162,206,3,-0.06203974546394167,-0.06483712250600777
280,1547910000,232,60,-172,292,3,-0.11253721270203376,0.32034657238165665
280,1547924400,143,51,-92,194,3,0.291442525202703,-0.1185836845833563
280,1547938800,71,23,-48,94,3,0.5136313810503081,-0.5664717018945941
280,1547953200,17,20,3,37,3,0.7711684639645778,-0.8217678717619995
280,1547967600,15,4,-11,19,3,0.7004720098312489,-0.9023877148780223
280,1547982000,118,11,-107,129,3,0.21569632434556482,-0.40971089583566084
280,1547996400,182,32,-150,214,3,-0.0014427847782311615,-0.029006081121108755
280,1548010800,154,47,-107,201,3,0.21569632434556482,-0.08723152337156966
280,1548025200,60,16,-44,76,3,0.533830367945545,-0.6470915450106168
280,1548039600,10,6,-4,16,3,0.7358202368979133,-0.9158243553973594
280,1548054000,42,2,-40,44,3,0.5540293548407819,-0.7904157105502129
280,1548068400,226,15,-211,241,3,-0.30947733493059293,0.09192368355292543
280,1548082800,171,35,-136,206,3,0.06925366935509776,-0.06483712250600777
280,1548097200,149,32,-117,181,3,0.16519885710747273,-0.1768091268338172
280,1548111600,51,19,-32,70,3,0.5944273286312555,-0.6739648260492911
280,1548126000,10,6,-4,16,4,0.7847003142179216,-0.9686523204377483
280,1548140400,105,10,-95,115,4,0.34642403174811354,-0.5331829347333308
280,1548154800,699,34,-665,733,4,-2.3988230122935414,2.1852017154215178
280,1548169200,203,29,-174,232,4,-0.03405757611029127,-0.018537297082655613
280,1548183600,236,83,-153,319,4,0.06708310445966445,0.36414792065759005
280,1548198000,76,50,-26,126,4,0.6787434107636824,-0.48479744743284
280,1548212400,8,12,4,20,4,0.8232300972921905,-0.9510575977830243
280,1548226800,106,8,-98,114,4,0.33197536309526277,-0.5375816153970118
280,1548241200,784,41,-743,825,4,-2.7744883972676626,2.589880336480168
280,1548255600,252,37,-215,289,4,-0.2315227143659191,0.23218750074716052
280,1548270000,247,82,-165,329,4,0.009288429848261181,0.40813472729439987
280,1548284400,56,39,-17,95,4,0.7220894167222348,-0.6211565480069505
280,1548298800,12,8,-4,20,4,0.7847003142179216,-0.9510575977830243
280,1548313200,102,12,-90,114,4,0.37050514616953156,-0.5375816153970118
280,1548327600,770,48,-722,818,4,-2.673347716697707,2.559089571834401
280,1548342000,192,40,-152,232,4,0.07189932734394805,-0.018537297082655613
280,1548356400,259,90,-169,349,4,-0.009976461688873242,0.49610834056801956
280,1548370800,63,45,-18,108,4,0.7172731938379512,-0.5639736993790977
280,1548385200,13,2,-11,15,4,0.7509867540279365,-0.9730510011014293
280,1548399600,103,13,-90,116,4,0.37050514616953156,-0.5287842540696498
280,1548414000,696,51,-645,747,4,-2.3024985546078693,2.2467832447130514
280,1548428400,232,21,-211,253,4,-0.21225782282878466,0.07383499685464506
280,1548442800,281,93,-188,374,4,-0.10148469649026175,0.6060753571600442
280,1548457200,84,59,-25,143,4,0.6835596336479659,-0.41001987615026325
280,1548471600,16,15,-1,31,4,0.7991489828707725,-0.9026721104825335
280,1548486000,25,5,-20,30,4,0.7076407480693839,-0.9070707911462145
280,1548500400,177,27,-150,204,4,0.08153177311251526,-0.14170035566572317
280,1548514800,238,60,-178,298,4,-0.05332246764742569,0.2717756267202894
280,1548529200,218,41,-177,259,4,-0.04850624476314209,0.10022708083673097
280,1548543600,87,23,-64,110,4,0.4957269411609053,-0.5551763380517357
280,1548558000,21,11,-10,32,4,0.75580297691222,-0.8982734298188525
280,1548572400,32,2,-30,34,4,0.6594785192265479,-0.8894760684914905
280,1548586800,163,9,-154,172,4,0.06226688157538084,-0.2824581369035147
280,1548601200,242,55,-187,297,4,-0.09666847360597813,0.2673769460566084
280,1548615600,159,40,-119,199,4,0.23083468252530703,-0.1636937589841281
280,1548630000,44,18,-26,62,4,0.6787434107636824,-0.766313009908423
280,1548644400,17,4,-13,21,4,0.7413543082593692,-0.9466589171193434
280,1548658800,119,9,-110,128,4,0.27418068848385946,-0.476000086105478
280,1548673200,746,32,-714,778,4,-2.634817933623438,2.383142345287162
280,1548687600,220,38,-182,258,4,-0.07258735918456011,0.09582840017304999
280,1548702000,289,105,-184,394,4,-0.08221980495312732,0.6940489704336639
280,1548716400,64,48,-16,112,4,0.7269056396065184,-0.5463789767243737
280,1548730800,12,4,-8,16,5,0.748128640021481,-0.9800590365580002
280,1548745200,126,12,-114,138,5,0.23326255478796215,-0.44129468688273
280,1548759600,513,103,-410,616,5,-1.2044767020905434,1.6696016995498857
280,1548774000,215,35,-180,250,5,-0.08731444167819112,0.05330865052407538
280,1548788400,281,98,-183,379,5,-0.10188612333574354,0.6229857087872709
280,1548802800,56,71,15,127,5,0.8598448660627163,-0.48987180037804123
280,1548817200,12,5,-7,17,5,0.7529858672406652,-0.9756429353311536
280,1548831600,109,11,-98,120,5,0.3109781902949084,-0.5207845089659666
280,1548846000,842,35,-807,877,5,-3.132795908106647,2.822204119756816
280,1548860400,234,50,-184,284,5,-0.10674335055492769,0.2034560922368556
280,1548874800,230,90,-140,320,5,0.1069746470891745,0.36243573640332877
280,1548889200,66,59,-7,125,5,0.7529858672406652,-0.4987040028317342
280,1548903600,11,6,-5,17,5,0.7627003216790335,-0.9756429353311536
280,1548918000,113,4,-109,117,5,0.2575486908838828,-0.534032812646506
280,1548932400,741,27,-714,768,5,-2.681073776722522,2.34084908603055
280,1548946800,181,25,-156,206,5,0.02925901158222825,-0.1409998034571696
280,1548961200,252,85,-167,337,5,-0.024170487828797296,0.43750945725971885
280,1548975600,57,47,-10,104,5,0.7384141855831128,-0.5914421285955102
280,1548990000,9,6,-3,15,5,0.7724147761174017,-0.9844751377848466
280,1549004400,108,11,-97,119,5,0.31583541751409255,-0.525200610192813
280,1549018800,719,36,-683,755,5,-2.530499732927814,2.283439770081546
280,1549033200,204,46,-158,250,5,0.019544557143859966,0.05330865052407538
280,1549047600,287,99,-188,386,5,-0.12617225943166424,0.6538984173751962
280,1549062000,80,41,-39,121,5,0.5975545962267726,-0.5163684077391201
280,1549076400,18,14,-4,32,5,0.7675575488982176,-0.9094014169284566
280,1549090800,30,6,-24,36,5,0.6704130045145348,-0.8917370120210706
280,1549105200,168,24,-144,192,5,0.08754573821243793,-0.20282522063302028
280,1549119600,256,56,-200,312,5,-0.18445898606187394,0.32710692658855695
280,1549134000,223,56,-167,279,5,-0.024170487828797296,0.1813755861026232
280,1549148400,94,28,-66,122,5,0.4664094613088009,-0.5119523065122736
280,1549162800,23,11,-12,34,5,0.7286997311447445,-0.9005692144747636
280,1549177200,22,6,-16,28,5,0.7092708222680079,-0.9270658218358424
280,1549191600,145,12,-133,157,5,0.14097523762346348,-0.35738876357264693
280,1549206000,211,44,-167,255,5,-0.024170487828797296,0.07538915665830777
280,1549220400,171,56,-115,227,5,0.22840532756877802,-0.04826167769339358
280,1549234800,51,23,-28,74,5,0.6509840956377982,-0.7239251654009045
280,1549249200,14,8,-6,22,5,0.7578430944598493,-0.9535624291969212
280,1549263600,124,8,-116,132,5,0.22354810034959385,-0.4677912942438089
280,1549278000,798,43,-755,841,5,-2.880220092709072,2.663224475590343
280,1549292400,223,35,-188,258,5,-0.12617225943166424,0.08863746033884719
280,1549306800,296,105,-191,401,5,-0.14074394108921667,0.7201399357778934
280,1549321200,74,53,-21,127,5,0.6849846861720872,-0.48987180037804123
280,1549335600,12,9,-3,21,6,0.7918524803716025,-0.9726481533037477
280,1549350000,100,9,-91,109,6,0.402887823532635,-0.6199780359130193
280,1549364400,735,39,-696,774,6,-2.271244192235266,2.0450859193691904
280,1549378800,237,42,-195,279,6,-0.056797680004326466,0.06131650904634261
280,1549393200,270,89,-181,359,6,0.00508306085641835,0.38192570667427755
280,1549407600,69,65,-4,134,6,0.7874324274529778,-0.5197876616542896
280,1549422000,16,8,-8,24,6,0.7697522157784793,-0.9606253083927001
280,1549436400,110,10,-100,120,6,0.36310734726501337,-0.5758942712391781
280,1549450800,838,38,-800,876,6,-2.7309296957722276,2.453862646344807
280,1549465200,238,49,-189,287,6,-0.03027736249257869,0.0933774288091361
280,1549479600,252,98,-154,350,6,0.12442448965928336,0.3458571719411349
280,1549494000,74,61,-13,135,6,0.7476519511853562,-0.5157800466839403
280,1549508400,14,8,-6,22,6,0.7785923216157286,-0.9686405383333985
280,1549522800,114,4,-110,118,6,0.3189068180787671,-0.5839095011798765
280,1549537200,839,41,-798,880,6,-2.7220895899349786,2.4698931062262037
280,1549551600,228,55,-173,283,6,0.04044348420541539,0.07734696892773936
280,1549566000,295,79,-216,374,6,-0.1496187912954437,0.4420399312295154
280,1549580400,97,53,-44,150,6,0.6106303107079927,-0.45566582212870255
280,1549594800,15,6,-9,21,6,0.7653321628598547,-0.9726481533037477
280,1549609200,109,9,-100,118,6,0.36310734726501337,-0.5839095011798765
280,1549623600,751,43,-708,794,6,-2.324284827258762,2.1252382187761736
280,1549638000,238,31,-207,269,6,-0.10983831502782203,0.021240359342850738
280,1549681200,421,190,-231,611,6,-0.21591958507481315,1.3918446792022727
280,1549695600,25,3,-22,28,6,0.7078714749177345,-0.9445948485113034
280,1549710000,202,37,-165,239,6,0.07580390755441242,-0.09898808976762488
280,1549724400,265,77,-188,342,6,-0.02585730957395406,0.3137962521783414
280,1549738800,215,57,-158,272,6,0.10674427798478484,0.033263204253898296
280,1549753200,103,35,-68,138,6,0.5045490406610015,-0.5037572017728927
280,1549767600,15,16,1,31,6,0.809532692046101,-0.9325720036002558
280,1549782000,16,4,-12,20,6,0.7520720041039808,-0.9766557682740968
280,1549796400,131,13,-118,144,6,0.28354639472977006,-0.47971151195079764
280,1549810800,221,56,-165,277,6,0.07580390755441242,0.053301279105644236
280,1549825200,154,49,-105,203,6,0.3410070826718902,-0.24326222870019562
280,1549839600,45,28,-17,73,6,0.7299717395108577,-0.7642521748455899
280,1549854000,8,4,-4,12,6,0.7874324274529778,-1.0087166880368903
280,1549868400,117,7,-110,124,6,0.3189068180787671,-0.5598638113577814
280,1549882800,780,40,-740,820,6,-2.46572652065475,2.2294362080052528
280,1549897200,215,27,-188,242,6,-0.02585730957395406,-0.08696524485657732
280,1549911600,265,107,-158,372,6,0.10674427798478484,0.43402470128881704
280,1549926000,68,35,-33,103,6,0.6592508928128635,-0.6440237257351143
280,1549940400,10,7,-3,17,7,0.7412721706785784,-0.931645390418156
280,1549954800,116,11,-105,127,7,0.21867878362148452,-0.42017038025210846
280,1549969200,729,36,-693,765,7,-2.793918388825292,2.5463846787109667
280,1549983600,185,30,-155,215,7,-0.03749444532807133,-0.01099037211927049
280,1549998000,280,103,-177,383,7,-0.1502106660658759,0.7701714615888747
280,1550012400,45,39,-6,84,7,0.7259017769416051,-0.6201106114988361
280,1550026800,7,11,4,18,7,0.7771364227315163,-0.9269956175984646
280,1550041200,115,6,-109,121,7,0.19818492530552004,-0.4480690171702565
280,1550055600,786,40,-746,826,7,-3.065462011511821,2.8300208207121385
280,1550070000,295,74,-221,369,7,-0.37564310754148506,0.7050746421131959
280,1550084400,257,78,-179,335,7,-0.16045759522385813,0.5469823662436903
280,1550098800,73,58,-15,131,7,0.679790595730685,-0.4015712889733431
280,1550113200,13,6,-7,19,7,0.720778312362614,-0.9223458447787732
280,1550127600,126,13,-113,139,7,0.17769106698955558,-0.3643731064158124
280,1550139876,771,31,-740,802,7,-3.0347212240378743,2.7184262730395465
280,1550142000,43,1,-42,44,7,0.5414570520979249,-0.8061015242864897
280,1550144716,44,7,-37,51,7,0.5670743749928805,-0.7735531145486504
280,1550156400,177,40,-137,217,7,0.05472791709376878,-0.0016908264798878082
280,1550170800,290,94,-196,384,7,-0.24755649306670713,0.7748212344085661
280,1550185200,72,58,-14,130,7,0.6849140603096762,-0.4062210617930344
280,1550199600,18,8,-10,26,7,0.7054079186256407,-0.8897974350409339
280,1550214000,110,15,-95,125,7,0.2699134294113957,-0.42946992589149113
280,1550228400,746,46,-700,792,7,-2.82978264087823,2.671928544842633
280,1550242800,224,31,-193,255,7,-0.23218609932973377,0.17500054066838314
280,1550257200,301,94,-207,395,7,-0.3039146034356094,0.8259687354251708
280,1550271600,82,52,-30,134,7,0.6029386270458182,-0.38762197051426905
280,1550286000,23,19,-4,42,7,0.7361487060995874,-0.8154010699258724
280,1550300400,21,3,-18,24,7,0.6644202019937117,-0.8990969806803165
280,1550314800,158,20,-138,178,7,0.04960445251477766,-0.18303196644785008
280,1550329200,257,78,-179,335,7,-0.16045759522385813,0.5469823662436903
280,1550343600,194,43,-151,237,7,-0.01700058701210686,0.091304629913939
280,1550358000,60,39,-21,99,7,0.6490498082567383,-0.550364019203466
280,1550372400,28,17,-11,45,7,0.7002844540466495,-0.8014517514667984
280,1550386800,23,6,-17,29,7,0.6695436665727028,-0.8758481165818598
280,1550401200,143,17,-126,160,7,0.11108602746267106,-0.26672787720229424
280,1550415600,230,47,-183,277,7,-0.18095145353982262,0.2772955427015926
280,1550430000,177,59,-118,236,7,0.1520737440946,0.08665485709424767
280,1550444400,45,27,-18,72,7,0.6644202019937117,-0.6759078853351322
280,1550458800,10,9,-1,19,7,0.7515190998365607,-0.9223458447787732
280,1550473200,49,2,-47,51,7,0.5158397292029693,-0.7735531145486504
280,1550487600,248,17,-231,265,7,-0.4268777533313962,0.22149826886529653
280,1550502000,214,46,-168,260,7,-0.10409948485495585,0.19824940476683983
280,1550516400,188,62,-126,250,7,0.11108602746267106,0.15175167656992644
280,1550530800,48,33,-15,81,7,0.679790595730685,-0.6340599299579102
280,1550545200,14,11,-3,25,8,0.798361321093509,-0.9936943776575166
280,1550559600,99,2,-97,101,8,0.39425471566677434,-0.6810329070956208
280,1550574000,699,32,-667,731,8,-2.056178955537893,1.9107661251937789
280,1550588400,209,46,-163,255,8,0.11052029057991815,-0.04748203253598974
280,1550602800,233,75,-158,308,8,0.13201532278346786,0.1705582035137534
280,1550617200,56,57,1,113,8,0.8155573468563487,-0.6316653064805846
280,1550631600,8,10,2,18,8,0.8198563532970586,-1.0224921446829545
280,1550646000,96,7,-89,103,8,0.42864676719245387,-0.6728049736597814
280,1550660400,742,38,-704,780,8,-2.2152421938441607,2.112350494371843
280,1550674800,256,41,-215,297,8,-0.11302804433699887,0.1253045696166369
280,1550689200,181,58,-123,239,8,0.28248054820831586,-0.11330550002270465
280,1550703600,51,57,6,108,8,0.8370523790598984,-0.652235140070183
280,1550718000,9,8,-1,17,8,0.8069593339749288,-1.026606111400874
280,1550732400,94,11,-83,105,8,0.45444080583671354,-0.664577040223942
280,1550746800,772,39,-733,811,8,-2.3399133806247487,2.239883462627353
280,1550761200,221,50,-171,271,8,0.0761282390542386,0.018341434950725172
280,1550775600,286,84,-202,370,8,-0.05714096060776961,0.42562414002477367
280,1550790000,66,55,-11,121,8,0.7639692695678294,-0.5987535727372272
280,1550804400,18,10,-8,28,8,0.7768662888899592,-0.9813524775037575
280,1550818800,101,8,-93,109,8,0.41145074142961413,-0.6481211733522633
280,1550833200,661,38,-623,699,8,-1.8670226721466552,1.7791191902203491
280,1550847600,230,54,-176,284,8,0.05463320685068889,0.07182300228368103
280,1550862000,283,83,-200,366,8,-0.048542947726349726,0.40916827315309495
280,1550876400,78,60,-18,138,8,0.7338762244828598,-0.5288161385325926
280,1551495600,8515,1599,-6916,10114,9,-4.112169982067478,4.115852313997426
280,1551510000,28,10,-18,38,9,0.3030379324741794,-0.3052408862269509
280,1551524400,200,40,-160,240,9,0.21214788842301738,-0.21660841039871312
280,1551538800,239,79,-160,318,9,0.21214788842301738,-0.18238398903929456
280,1551553200,224,50,-174,274,9,0.2031868981644521,-0.20169007288306914
280,1551567600,96,30,-66,126,9,0.2723145373019556,-0.2666287185394018
280,1551582000,21,13,-8,34,9,0.309438639801726,-0.30699598475820317
280,1551596400,18,11,-7,29,9,0.3100787105344806,-0.30918985792226844
280,1551610800,174,29,-145,203,9,0.2217489494143373,-0.2328430718127963
280,1551625200,244,62,-182,306,9,0.1980663323024148,-0.18764928463305128
280,1551639600,150,51,-99,201,9,0.2511922031210517,-0.2337206210784224
280,1551654000,48,20,-28,68,9,0.2966372251466327,-0.29207764724255914
280,1551668400,15,3,-12,18,9,0.3068783568707073,-0.3140163788832121
280,1551682800,73,8,-65,81,9,0.2729546080347102,-0.2863735770159894
280,1551697200,534,30,-504,564,9,-0.008036443644586302,-0.07444542936728221
280,1551711600,190,42,-148,232,9,0.21982873721607332,-0.22011860746121759
280,1551726000,204,61,-143,265,9,0.22302909087984663,-0.20563904457838666
280,1551740400,53,42,-11,95,9,0.307518427603462,-0.2802307321566066
280,1551754800,9,8,-1,17,10,0.7472372340584328,-0.8299229678766825
280,1551769200,117,13,-104,130,10,0.3670045369418321,-0.4966758418948106
280,1551783600,805,37,-768,842,10,-2.084204306605962,1.6030759607520282
280,1551798000,204,39,-165,243,10,0.1418181823387968,-0.1634287159129387
280,1551812400,312,101,-211,413,10,-0.02799447850939377,0.3379165178650987
280,1551826800,67,47,-20,114,10,0.6770972219689627,-0.5438612756621553
280,1551841200,10,7,-3,17,10,0.7398540748911201,-0.8299229678766825
280,1551855600,110,12,-98,122,10,0.38915401444377,-0.520268558778483
280,1551870000,860,39,-821,899,10,-2.279858024539747,1.7711740685481936
280,1551884400,236,58,-178,294,10,0.09382764775126468,-0.013025145779527496
280,1551898800,258,105,-153,363,10,0.1861171373426726,0.1904620373421465
280,1551913200,73,56,-17,129,10,0.6881719607199317,-0.49962493150526965
280,1551927600,11,8,-3,19,10,0.7398540748911201,-0.8240247886557645
280,1551942000,121,7,-114,128,10,0.3300887411052689,-0.5025740211157287
280,1551956400,839,40,-799,879,10,-2.1986432736993082,1.7121922763390127
280,1551970800,235,38,-197,273,10,0.023687635661794663,-0.0749560275991674
280,1551985200,294,128,-166,422,10,0.1381266027551405,0.36445832435923003
280,1551999600,72,36,-36,108,10,0.6180319486304616,-0.5615558133249096
280,1552014000,12,16,4,28,10,0.7656951319767143,-0.797482982161633
280,1552100400,1448,284,-1164,1732,10,-3.5460698217338638,4.227765714060577
280,1552114800,28,4,-24,32,10,0.6623309036343374,-0.7856866237197968
280,1552129200,191,34,-157,225,10,0.17135081900804733,-0.21651232890120148
280,1552143600,279,95,-184,374,10,0.07167817024932678,0.22290202305719597
280,1552158000,254,74,-180,328,10,0.08644448858395205,0.08724390097607998
280,1552172400,91,24,-67,115,10,0.5035929815371158,-0.5409121860516962
280,1552190400,27,22,-5,49,10,0.7324709157238075,-0.7355521003419931
280,1552204800,30,4,-26,34,10,0.6549477444670249,-0.7797884444988787
280,1552219200,169,21,-148,190,10,0.2045750352609542,-0.319730465267268
280,1552233600,199,55,-144,254,10,0.21934135359557944,-0.13098873019788923
280,1552248000,144,49,-95,193,10,0.40022875319473894,-0.31088319643589085
280,1552262400,35,15,-20,50,10,0.6770972219689627,-0.7326030107315341
280,1552276800,7,11,4,18,10,0.7656951319767143,-0.8269738782662235
280,1552291200,382,20,-362,402,10,-0.5854229956414976,0.30547653215004916
280,1552305600,606,54,-552,660,10,-1.2868231165361979,1.0663416516484823
280,1552320000,242,61,-181,303,10,0.08275290900029574,0.013516660714603893
280,1552334400,256,88,-168,344,10,0.13074344358782786,0.13442933474342467
280,1552348800,41,38,-3,79,11,0.9754735245087817,-0.9444304381300119
280,1552363200,7,9,2,16,11,1.0037481194220796,-1.2777588280582515
280,1552377600,377,16,-361,393,11,-1.0489874712833565,0.7169205846869278
280,1552392000,619,39,-580,658,11,-2.2874147284858095,2.119016193115237
280,1552406400,240,52,-188,292,11,-0.07068648728324504,0.18253697543689307
280,1552420800,259,96,-163,355,11,0.07068648728324504,0.5158653653651326
280,1552435200,50,43,-7,93,11,0.9528538485781433,-0.8703574625904031
280,1552449600,6,10,4,16,11,1.0150579573873988,-1.2777588280582515
280,1552464000,353,32,-321,385,11,-0.8227907119769724,0.6745931700928657
280,1552478400,587,40,-547,627,11,-2.1008024020580427,1.954997461563246
280,1552492800,279,64,-215,343,11,-0.22336929981505435,0.4523742434740393
280,1552507200,209,91,-118,300,11,0.3251578415029272,0.2248643900309552
280,1552521600,37,49,12,86,11,1.0602973092486756,-0.9073939503602075
280,1552536000,9,5,-4,14,11,0.9698186055261221,-1.288340681706767
280,1552550400,386,19,-367,405,11,-1.0829169851793141,0.7804117065780211
280,1552564800,605,29,-576,634,11,-2.264795052555171,1.9920339493330503
280,1552579200,255,57,-198,312,11,-0.12723567710984107,0.28835551192204845
280,1552593600,257,104,-153,361,11,0.12723567710984107,0.5476109263106792
280,1552608000,58,48,-10,106,11,0.9358890916301644,-0.8015754138750522
280,1552622400,13,7,-6,20,11,0.9585087675608028,-1.2565951207612203
280,1552636800,333,13,-320,346,11,-0.8171357929943127,0.4682470239468126
280,1552651200,566,32,-534,598,11,-2.027288455283468,1.8015605836597706
280,1552665600,251,64,-187,315,11,-0.06503156830058544,0.30422829239482174
280,1552680000,274,110,-164,384,11,0.06503156830058544,0.6693022432686079
280,1552694400,62,44,-18,106,11,0.8906497397688876,-0.8015754138750522
280,1552708800,10,16,6,26,11,1.0263677953527182,-1.2248495598156737
280,1552723200,52,11,-41,63,11,0.7605866031677168,-1.0290852673181363
280,1552737600,254,48,-206,302,11,-0.1724750289711179,0.23544624367947076
280,1552752000,309,79,-230,388,11,-0.3081930845549484,0.690465950565639
280,1552766400,211,65,-146,276,11,0.1668201099884583,0.09788214624876874
280,1552780800,77,33,-44,110,11,0.7436218462197379,-0.7804117065780211
280,1552795200,17,5,-12,22,11,0.9245792536648452,-1.2460132671127049
280,1552809600,40,10,-30,50,11,0.8227907119769724,-1.0978673160334873
280,1552824000,174,36,-138,210,11,0.21205946184973515,-0.25131902415224405
280,1552838400,264,59,-205,323,11,-0.1668201099884583,0.34655570698888394
280,1552852800,147,41,-106,188,11,0.3930168692948425,-0.367719414285915
280,1552867200,39,25,-14,64,11,0.913269415699526,-1.0237943404938785
280,1552881600,4,6,2,10,11,1.0037481194220796,-1.309504389003798
280,1552896000,355,21,-334,376,11,-0.8963046587515472,0.6269748286745457
280,1552910400,554,27,-527,581,11,-1.9877040224048508,1.7116148276473886
280,1552924800,236,50,-186,286,11,-0.05937664931792584,0.15079141449134645
280,1552939200,217,79,-138,296,11,0.21205946184973515,0.20370068273392414
280,1552953600,40,29,-11,69,12,0.932750697251515,-0.9703484815306346
280,1552968000,11,8,-3,19,12,0.9798437452269484,-1.2352986585185857
280,1552982400,362,13,-349,375,12,-1.0569305797105446,0.6511466016356267
280,1552996800,627,41,-586,668,12,-2.4520621259827577,2.203754638785021
280,1553011200,253,65,-188,318,12,-0.10918298920494812,0.34910339986936234
280,1553025600,245,110,-135,355,12,0.2028084536322979,0.5451665308404462
280,1553040000,47,40,-7,87,12,0.9562972212392317,-0.8749664178149722
280,1553054400,7,8,1,15,12,1.003390269214665,-1.2564946726776218
280,1553068800,342,30,-312,372,12,-0.8391252328241652,0.6352495910163496
280,1553083200,601,50,-551,651,12,-2.2460300410902367,2.1136715786091176
280,1553097600,283,57,-226,340,12,-0.3328749670882566,0.4656814777440609
280,1553112000,238,101,-137,339,12,0.19103519163843957,0.46038247420430184
280,1553126400,52,36,-16,88,12,0.9033175422668691,-0.8696674142752131
280,1553140800,8,8,0,16,12,0.9975036382177359,-1.2511956691378627
280,1553155200,344,18,-326,362,12,-0.9215380667811736,0.5822595556187594
280,1553169600,564,38,-526,602,12,-2.098864266167008,1.8540204051609253
280,1553184000,247,52,-195,299,12,-0.1503894061834523,0.2484223326139409
280,1553198400,232,99,-133,331,12,0.21458171562615624,0.41799044588622963
280,1553212800,52,18,-34,70,12,0.7973581843221441,-0.9650494779908756
280,1553227200,10,5,-5,15,12,0.9680704832330901,-1.2564946726776218
280,1553241600,332,24,-308,356,12,-0.8155787088364486,0.5504655343802053
280,1553256000,548,45,-503,593,12,-1.9634717532376367,1.806329373303094
280,1553270400,248,83,-165,331,12,0.026209523724422798,0.41799044588622963
280,1553284800,267,83,-184,350,12,-0.08563646521723144,0.518671513141651
280,1553299200,65,53,-12,118,12,0.9268640662545858,-0.7106973080824424
280,1553313600,10,8,-2,18,12,0.9857303762238776,-1.2405976620583448
280,1553328000,47,5,-42,52,12,0.7502651363467108,-1.060431541706538
280,1553342400,222,32,-190,254,12,-0.12095625119880646,0.009967173324784823
280,1553356800,261,88,-173,349,12,-0.020883524251010564,0.5133725096018921
280,1553371200,192,72,-120,264,12,0.29110791858623547,0.06295720872237506
280,1553385600,59,47,-12,106,12,0.9268640662545858,-0.7742853505595507
280,1553400000,18,7,-11,25,12,0.932750697251515,-1.2035046372800315
280,1553414400,44,5,-39,49,12,0.7679250293374983,-1.076328552325815
280,1553428800,170,30,-140,200,12,0.17337529864765205,-0.27617901782220244
280,1553443200,224,67,-157,291,12,0.07330257169985616,0.20603030429586872
280,1553457600,145,34,-111,179,12,0.34408759755859797,-0.38745809215714194
280,1553472000,39,20,-19,59,12,0.8856576492760817,-1.0233385169282248
280,1553486400,11,5,-6,16,12,0.9621838522361609,-1.2511956691378627
280,1553500800,335,16,-319,351,12,-0.8803316498026694,0.5239705166814101
280,1553515200,559,33,-526,592,12,-2.098864266167008,1.801030369763335
280,1553529600,255,52,-203,307,12,-0.19748245415888568,0.29081436093201307
280,1553544000,237,101,-136,338,12,0.19692182263536873,0.4550834706645428
280,1553558400,37,37,0,74,13,0.9752032589605298,-0.9680096169152927
280,1553572800,6,2,-4,8,13,0.9527755864751953,-1.3080581098932664
280,1553587200,398,21,-377,419,13,-1.1386048727822533,0.809516596378661
280,1553601600,581,40,-541,621,13,-2.0581394446809704,1.850271074887005
280,1553616000,258,54,-204,312,13,-0.16860803779153316,0.2582258577628551
280,1553630400,231,97,-134,328,13,0.2238762307018218,0.3406618560605457
280,1553644800,50,35,-15,85,13,0.8910994871405252,-0.9113348680856304
280,1553659200,10,5,-5,15,13,0.9471686683538617,-1.2719923606380268
280,1553673600,353,25,-328,378,13,-0.8638658848369049,0.5982743507408289
280,1553688000,608,32,-576,640,13,-2.254381578927648,1.9481638228655127
280,1553702400,271,72,-199,343,13,-0.14057344718486497,0.4179456044646307
280,1553716800,221,102,-119,323,13,0.30798000252182645,0.3149006065925174
280,1553731200,52,44,-8,96,13,0.9303479139898607,-0.8546601192559681
280,1553745600,4,1,-3,5,13,0.958382504596529,-1.3235148595740835
280,1553760000,357,28,-329,385,13,-0.8694728029582385,0.6343400999960686
280,1553774400,616,35,-581,651,13,-2.2824161695343164,2.004838571695175
280,1553788800,257,72,-185,329,13,-0.062076593486193966,0.3458141059541514
280,1553803200,247,78,-169,325,13,0.02763409645514431,0.3252051063797287
280,1553817600,46,44,-2,90,13,0.9639894227178626,-0.8855736186176021
280,1553832000,10,3,-7,13,13,0.9359548321111943,-1.282296860425238
280,1553846400,329,28,-301,357,13,-0.7124790955608965,0.49007710297511
280,1553860800,601,31,-570,632,13,-2.2207400701996463,1.9069458237166672
280,1553875200,255,97,-158,352,13,0.08931019578981438,0.46431585350708166
280,1553889600,283,99,-184,382,13,-0.056469675364860326,0.6188833503152515
280,1553904000,52,48,-4,100,13,0.9527755864751953,-0.8340511196815454
280,1553918400,8,6,-2,14,13,0.9639894227178626,-1.2771446105316324
280,1553932800,54,5,-49,59,13,0.7004642710151814,-1.0452933653193777
280,1553947200,246,63,-183,309,13,-0.05086275724352668,0.24276910808203814
280,1553961600,322,95,-227,417,13,-0.29756715458220695,0.7992120965914498
280,1553976000,245,77,-168,322,13,0.033241014576477955,0.30974835669891176
280,1553990400,71,46,-25,117,13,0.8350303059271889,-0.7464628714902491
280,1554004800,12,10,-2,22,13,0.9639894227178626,-1.2359266113827871
280,1554019200,45,10,-35,55,13,0.7789611247138524,-1.0659023648938002
280,1554033600,199,43,-156,242,13,0.10052403203248167,-0.1024316347895413
280,1554048000,217,69,-148,286,13,0.14537937700315082,0.12426736052910788
280,1554062400,142,52,-90,194,13,0.47058062804050205,-0.34973962968261313
280,1554076800,42,23,-19,65,13,0.8686718146551907,-1.0143798659577437
280,1554091200,4,6,2,10,13,0.9864170952031972,-1.2977536101060552
280,1554105600,372,26,-346,398,13,-0.9647904110209105,0.7013193486129421
280,1554120000,578,36,-542,614,13,-2.0637463628023043,1.8142053256317654
280,1554134400,244,62,-182,306,13,-0.04525583912219304,0.22731235840122113
280,1554148800,218,88,-130,306,13,0.24630390318715636,0.22731235840122113
280,1554163200,43,32,-11,75,14,0.9439046432551342,-0.9804458185320185
280,1554177600,8,3,-5,11,14,0.9782482716265309,-1.3208537699934066
280,1554192000,386,22,-364,408,14,-1.0766454925953741,0.7907393039155161
280,1554206400,597,38,-559,635,14,-2.192813414665768,1.9981237567551267
280,1554220800,238,58,-180,296,14,-0.023440889205874005,0.19502538885808698
280,1554235200,248,91,-157,339,14,0.1082096862178135,0.42373698124620707
280,1554249600,47,47,0,94,14,1.0068679619360283,-0.8793872079419189
280,1554264000,5,4,-1,9,14,1.0011440238741287,-1.331491518476575
280,1554278400,408,26,-382,434,14,-1.1796763777095642,0.9290300341967049
280,1554292800,595,31,-564,626,14,-2.221433104975265,1.9502538885808691
280,1554307200,265,46,-219,311,14,-0.24667447361995282,0.2748085024818498
280,1554321600,211,123,-88,334,14,0.503161412488876,0.39714261003828616
280,1554336000,42,44,2,86,14,1.0183158380598272,-0.9219382018745925
280,1554350400,8,7,-1,15,14,1.0011440238741287,-1.2995782730270697
280,1554364800,374,16,-358,390,14,-1.0423018642239774,0.6949995675670007
280,1554379200,592,38,-554,630,14,-2.1641937243562706,1.9715293855472058
280,1554393600,285,71,-214,356,14,-0.21805478331045555,0.5141578433531383
280,1554408000,238,95,-143,333,14,0.1883448190844059,0.39182373579670193
280,1554422400,52,39,-13,91,14,0.9324567671313353,-0.8953438306666716
280,1554436800,10,2,-8,12,14,0.9610764574408326,-1.3155348957518225
280,1554451200,314,9,-305,323,14,-0.7389331469433061,0.33863499338086006
280,1554465600,529,37,-492,566,14,-1.8093095645185044,1.6311214340858178
280,1554480000,291,40,-251,331,14,-0.42984049160073545,0.3811859873135336
280,1554494400,232,85,-147,317,14,0.16544906683680807,0.3067217479313549
280,1554508800,40,41,1,81,14,1.0125918999979278,-0.9485325730825135
280,1554523200,10,10,0,20,14,1.0068679619360283,-1.2729839018191489
280,1554537600,60,5,-55,65,14,0.6920513685315581,-1.0336345609478605
280,1554552000,250,64,-186,314,14,-0.057784517577270746,0.29076512520660236
280,1554566400,315,95,-220,410,14,-0.2523984116818523,0.8013770523986844
280,1554580800,261,58,-203,319,14,-0.15509146462956153,0.3173594964145233
280,1554595200,69,36,-33,105,14,0.8179780058933461,-0.820879591284493
280,1554609600,14,7,-7,21,14,0.966800395502732,-1.2676650275775647
280,1554624000,44,8,-36,52,14,0.8008061917076478,-1.102779926088455
280,1554638400,195,40,-155,235,14,0.11965756234161241,-0.12942593987854847
280,1554652800,277,93,-184,370,14,-0.046336641453471834,0.5886220827353169
280,1554667200,195,57,-138,252,14,0.2169645093939032,-0.039005077771617276
280,1554681600,38,32,-6,70,14,0.9725243335646315,-1.0070401897399395
280,1554696000,10,2,-8,12,14,0.9610764574408326,-1.3155348957518225
280,1554710400,332,14,-318,346,14,-0.8133443417479991,0.46096910093729637
280,1554724800,552,18,-534,570,14,-2.0497149631182814,1.6523969310521545
280,1554739200,244,61,-183,305,14,-0.04061270339157238,0.24289525703234469
280,1554753600,216,107,-109,323,14,0.38295871318898744,0.33863499338086006
280,1554768000,45,46,1,91,15,1.0053315539267396,-0.8780667487732873
280,1554782400,11,9,-2,20,15,0.9877967012419707,-1.257984776173453
280,1554796800,342,14,-328,356,15,-0.9176572905028959,0.5399371563118386
280,1554811200,593,32,-561,625,15,-2.2795308490199324,1.9793448939265514
280,1554825600,254,23,-231,277,15,-0.35069705369537424,0.11721146385249914
280,1554840000,215,94,-121,309,15,0.29224754474614517,0.28844212408919356
280,1554854400,48,41,-7,89,15,0.9585719467673562,-0.8887686650380807
280,1554868800,7,3,-4,10,15,0.976106799452125,-1.31149435749742
280,1554883200,352,10,-342,362,15,-0.9994866030318166,0.5720429051062188
280,1554897600,570,39,-531,609,15,-2.1041823221722455,1.8937295638082041
280,1554912000,246,51,-195,297,15,-0.14027882147814968,0.22423062650043316
280,1554926400,220,100,-120,320,15,0.2980924956410681,0.3473026635455573
280,1554940800,55,50,-5,105,15,0.9702618485572021,-0.8031533349197335
280,1554955200,11,3,-8,14,15,0.9527269958724334,-1.2900905249678334
280,1554969600,341,10,-331,351,15,-0.9351921431876646,0.5131823656498551
280,1554984000,591,46,-545,637,15,-2.186011634701166,2.043556391515312
280,1554998400,250,52,-198,302,15,-0.15781367416291842,0.2509854171624167
280,1555012800,223,101,-122,324,15,0.2864025938512223,0.3687064960751441
280,1555027200,45,48,3,93,15,1.0170214557165853,-0.8673648325084939
280,1555041600,9,11,2,20,15,1.0111765048216623,-1.257984776173453
280,1555056000,302,15,-287,317,15,-0.6780143038110569,0.33124978914836717
280,1555070400,565,53,-512,618,15,-1.9931282551687102,1.9418881869997744
280,1555084800,250,64,-186,314,15,-0.08767426342384356,0.3151969147511771
280,1555099200,270,90,-180,360,15,-0.05260455805430614,0.5613409888414254
280,1555113600,52,43,-9,95,15,0.9468820449775104,-0.8566629162437005
280,1555128000,11,9,-2,20,15,0.9877967012419707,-1.257984776173453
280,1555142400,60,4,-56,64,15,0.672169352916134,-1.0225426183479982
280,1555156800,245,63,-182,308,15,-0.06429445984415194,0.2830911659567969
280,1555171200,324,99,-225,423,15,-0.31562734832583683,0.8984513511824176
280,1555185600,240,60,-180,300,15,-0.05260455805430614,0.24028350089762326
280,1555200000,66,38,-28,104,15,0.8358279779739752,-0.8085042930521302
280,1555214400,15,6,-9,21,15,0.9468820449775104,-1.2526338180410563
280,1555228800,40,7,-33,47,15,0.8066032234993608,-1.1135089065987422
280,1555243200,201,46,-155,247,15,0.09351921431876646,-0.043317280119401905
280,1555257600,291,99,-192,390,15,-0.12274396879338098,0.7218697328133264
280,1555272000,162,52,-110,214,15,0.35654200459029717,-0.21989889848849306
280,1555286400,42,27,-15,69,15,0.911812339607973,-0.9957878276860147
280,1555300800,6,2,-4,8,15,0.976106799452125,-1.3221962737622135
280,1555315200,355,22,-333,377,15,-0.9468820449775104,0.6523072770921693
280,1555329600,574,33,-541,607,15,-2.1626318311214745,1.8830276475434107
280,1555344000,234,63,-171,297,15,0.0,0.22423062650043316
280,1555358400,215,88,-127,303,15,0.25717783937660776,0.25633637529481335
280,1555372800,45,32,-13,77,16,0.9936575283744893,-1.0130576650979777
280,1555387200,9,3,-6,12,16,1.0361005493453015,-1.3550444866285178
280,1555401600,393,22,-371,415,16,-1.176999829847045,0.7652738068608317
280,1555416000,627,38,-589,665,16,-2.498796768652337,2.080607735824448
280,1555430400,262,55,-207,317,16,-0.18262048138801817,0.2496629067070941
280,1555444800,263,107,-156,370,16,0.12660724282789873,0.5285136996473807
280,1555459200,38,41,3,79,16,1.0906701477363456,-1.0025349936662686
280,1555473600,8,8,0,16,16,1.0724802816059975,-1.3339991437651
280,1555488000,387,20,-367,407,16,-1.152746675006581,0.723183121133996
280,1555502400,614,44,-570,658,16,-2.383594283160132,2.0437783858134666
280,1555516800,307,79,-228,386,16,-0.3099495443004545,0.6126950711010521
280,1555531200,246,115,-131,361,16,0.2781894605807992,0.4811616782046906
280,1555545600,54,40,-14,94,16,0.9875942396643733,-0.9236149579284517
280,1555560000,9,6,-3,15,16,1.0542904154756494,-1.3392604794809544
280,1555574400,349,27,-322,376,16,-0.8798986830513602,0.5600817139425075
280,1555588800,608,43,-565,651,16,-2.3532778396095524,2.0069490358024855
280,1555603200,288,83,-205,371,16,-0.17049390396778613,0.5337750353632352
280,1555617600,243,88,-155,331,16,0.13267053153801475,0.3233216067290566
280,1555632000,57,41,-16,98,16,0.9754676622441413,-0.9025696150650337
280,1555646400,13,3,-10,16,16,1.0118473945048374,-1.3339991437651
280,1555660800,210,15,-195,225,16,-0.10986101686662594,-0.2343799791515167
280,1555675200,471,77,-394,548,16,-1.3164554701797135,1.4650314570694756
280,1555689600,278,87,-191,365,16,-0.08560786202616187,0.5022070210681084
280,1555704000,223,58,-165,281,16,0.07203764443685458,0.06025482093633334
280,1555718400,56,37,-19,93,16,0.9572777961137932,-0.9288762936443061
280,1555732800,24,19,-5,43,16,1.0421638380554175,-1.1919430794370294
280,1555747200,94,5,-89,99,16,0.532847586405672,-0.8973082793491793
280,1555761600,270,61,-209,331,16,-0.1947470588082502,0.3233216067290566
280,1555776000,375,89,-286,464,16,-0.6616202894871835,1.0230792569377005
280,1555790400,274,59,-215,333,16,-0.2311267910689463,0.3338442781607655
280,1555804800,93,43,-50,136,16,0.7693158461001967,-0.7026388578625641
280,1555819200,19,19,0,38,16,1.0724802816059975,-1.2182497580163016
280,1555833600,70,7,-63,77,16,0.6904930928686884,-1.0130576650979777
280,1555848000,267,65,-202,332,16,-0.15230403783743807,0.32858294244491104
280,1555862400,363,123,-240,486,16,-0.3827090088218468,1.1388286426864986
280,1555876800,193,55,-138,248,16,0.23574643960998706,-0.11336925768686401
280,1555891200,81,29,-52,110,16,0.7571892686799646,-0.8394335864747802
280,1555905600,12,8,-4,20,16,1.0482271267655334,-1.3129538009016821
280,1555920000,270,22,-248,292,16,-0.4312153185027749,0.11812951381073246
280,1555934400,510,37,-473,547,16,-1.7954552782788786,1.4597701213536212
280,1555948800,225,60,-165,285,16,0.07203764443685458,0.0813001637997512
280,1555963200,177,76,-101,253,16,0.4600881218842797,-0.08706257910759169
280,1555977600,37,39,2,76,17,1.1035178095343083,-1.0302919261936605
280,1555992000,7,4,-3,11,17,1.0724077625478399,-1.3782687860858653
280,1556006400,297,25,-272,322,17,-0.6013127653241721,0.2866666512445307
280,1556020800,549,41,-508,590,17,-2.069706983085491,1.7214020120308529
280,1556035200,283,83,-200,366,17,-0.1533280887190239,0.5222202179407925
280,1556049600,266,107,-159,373,17,0.10177429657001881,0.5596946490061069
280,1556064000,51,47,-4,98,17,1.066185753150546,-0.9125151428455295
280,1556078400,9,4,-5,13,17,1.0599637437532523,-1.3675618057814898
280,1556092800,300,16,-284,316,17,-0.6759768780916967,0.2545457103314041
280,1556107200,535,47,-488,582,17,-1.9452667951396163,1.6785740908133506
280,1556121600,309,72,-237,381,17,-0.3835424364188917,0.6025225702236091
280,1556136000,215,83,-132,298,17,0.26976855029694935,0.15818288759202426
280,1556150400,45,60,15,105,17,1.1844039316991268,-0.8750407117802151
280,1556164800,18,8,-10,26,17,1.0288536967667838,-1.297966433803049
280,1556179200,306,19,-287,325,17,-0.6946429062835779,0.302727121701094
280,1556193600,543,31,-512,574,17,-2.094595020674666,1.6357461695958484
280,1556208000,280,85,-195,365,17,-0.12221804173255528,0.5168667277886048
280,1556222400,265,86,-179,351,17,-0.022665891375855684,0.44191786565797603
280,1556236800,59,47,-12,106,17,1.0164096779721963,-0.8696872216280274
280,1556251200,11,6,-5,17,17,1.0599637437532523,-1.3461478451727389
280,1556265600,251,21,-230,272,17,-0.33998837063783566,0.018992143635142265
280,1556280000,516,49,-467,565,17,-1.8146045977964482,1.5875647582261585
280,1556294400,236,70,-166,306,17,0.05822023078896273,0.2010108088095264
280,1556308800,187,67,-120,254,17,0.34443266306447406,-0.07737067910423757
280,1556323200,60,39,-21,99,17,0.9604115933965528,-0.9071616526933417
280,1556337600,23,9,-14,32,17,1.003965659177609,-1.2658454928899223
280,1556352000,99,7,-92,106,17,0.5186489261886984,-0.8696872216280274
280,1556366400,374,68,-306,442,17,-0.8128610848321587,0.9290854695070629
280,1556380800,471,132,-339,603,17,-1.0181873949428517,1.7909973840092939
280,1556395200,357,72,-285,429,17,-0.6821988874889905,0.8594900975286219
280,1556409600,91,66,-25,157,17,0.9355235558073779,-0.5966592238664512
280,1556424000,13,9,-4,22,17,1.066185753150546,-1.3193803944117999
280,1556438400,64,8,-56,72,17,0.7426412644912724,-1.0517058868024116
280,1556452800,241,39,-202,280,17,-0.16577210751361135,0.061820064852644414
280,1556467200,270,78,-192,348,17,-0.1035520135406741,0.4258573952014127
280,1556481600,155,56,-99,211,17,0.47509486040764226,-0.30757075564831166
280,1556496000,45,22,-23,67,17,0.9479675746019653,-1.0784733375633504
280,1556510400,14,4,-10,18,17,1.0288536967667838,-1.340794355020551
280,1556524800,361,23,-338,384,17,-1.011965385545558,0.6185830406801723
280,1556539200,574,40,-534,614,17,-2.231479227415128,1.8498857756833593
280,1556553600,275,68,-207,343,17,-0.19688215450007998,0.39908994444047385
280,1556568000,258,98,-160,356,17,0.09555228717272508,0.46868531641891487
280,1556582400,40,35,-5,75,18,0.977951540839326,-0.958488022457507
280,1556596800,6,5,-1,11,18,1.0003565400021524,-1.2861512304399283
280,1556611200,373,27,-346,400,18,-0.9320746377916335,0.7054267055782262
280,1556625600,585,32,-553,617,18,-2.0915333444679054,1.8164097701436233
280,1556640000,249,49,-200,298,18,-0.11429216834846612,0.1832134678562422
280,1556654400,241,97,-144,338,18,0.19937781993110493,0.38800297284525553
280,1556668800,40,47,7,87,18,1.0451665383278055,-0.8970511709608029
280,1556683200,7,5,-2,12,18,0.9947552902114458,-1.281031492815203
280,1556697600,371,22,-349,393,18,-0.9488783871637534,0.6695885422051489
280,1556712000,614,35,-579,649,18,-2.2371658390262774,1.980241374134834
280,1556726400,239,66,-173,305,18,0.036941576000612784,0.21905163122931953
280,1556740800,255,107,-148,362,18,0.17697282076827844,0.5108766758386635
280,1556755200,43,46,3,89,18,1.022761539164979,-0.8868116957113523
280,1556769600,7,2,-5,9,18,0.977951540839326,-1.2963907056893789
280,1556784000,371,19,-352,390,18,-0.9656821365358733,0.6542293293309728
280,1556798400,644,40,-604,684,18,-2.377197083793943,2.1594321910002208
280,1556812800,303,50,-253,353,18,-0.4111584072559173,0.4647990372161355
280,1556827200,241,101,-140,342,18,0.22178281909393144,0.40848192334415684
280,1556841600,47,49,2,96,18,1.0171602893742724,-0.850973532338275
280,1556856000,5,2,-3,7,18,0.9891540404207392,-1.3066301809388294
280,1556870400,305,11,-294,316,18,-0.640809648674889,0.2753687451012982
280,1556884800,607,45,-562,652,18,-2.141944592584265,1.9956005870090099
280,1556899200,265,63,-202,328,18,-0.12549466792987937,0.3368055965980022
280,1556913600,253,72,-181,325,18,-0.007868422325040222,0.32144638372382617
280,1556928000,72,51,-21,123,18,0.88833154418802,-0.712740616470691
280,1556942400,14,8,-6,22,18,0.9723502910486194,-1.2298341165679496
280,1556956800,68,7,-61,75,18,0.6642815525597549,-0.958488022457507
280,1556971200,284,55,-229,339,18,-0.2767284122789583,0.3931227104699808
280,1556985600,285,74,-211,359,18,-0.175905916046239,0.4955174629644875
280,1557000000,220,69,-151,289,18,0.16016907139615855,0.13713582923371423
280,1557014400,73,30,-43,103,18,0.7651040487924742,-0.8151353689651977
280,1557028800,17,6,-11,23,18,0.9443440420950862,-1.2247143789432242
280,1557043200,46,5,-41,51,18,0.7763065483738875,-1.081361725450915
280,1557057600,219,35,-184,254,18,-0.0246721716971601,-0.04205498763167242
280,1557072000,254,63,-191,317,18,-0.06388092023210648,0.28048848272602356
280,1557086400,114,45,-69,159,18,0.6194715542341019,-0.528430061980579
280,1557100800,43,16,-27,59,18,0.8547240454437802,-1.0404038244531122
280,1557115200,9,6,-3,15,18,0.9891540404207392,-1.265672279941027
280,1557129600,332,17,-315,349,18,-0.7584358942797281,0.44432008671723416
280,1557144000,566,45,-521,611,18,-1.9122933511652933,1.7856913443952713
280,1557158400,310,70,-240,380,18,-0.33834215997673117,0.6030319530837195
280,1557172800,241,106,-135,347,18,0.24978906804746456,0.4340806114677835
280,1557187200,47,33,-14,80,19,0.9581399141116157,-0.940321132351884
280,1557201600,8,1,-7,9,19,0.9981133971184009,-1.2969328094055934
280,1557216000,399,19,-380,418,19,-1.1319021973860084,0.7573513584108458
280,1557230400,601,44,-557,645,19,-2.142660267700433,1.8975041850473537
280,1557244800,287,68,-219,355,19,-0.21251208822994974,0.4409212787716388
280,1557259200,247,89,-158,336,19,0.13582826368632098,0.3454899849121954
280,1557273600,44,42,-2,86,19,1.0266658849803902,-0.9101849342910071
280,1557288000,9,2,-7,11,19,0.9981133971184009,-1.2868874100519678
280,1557302400,403,31,-372,434,19,-1.0862182168068255,0.8377145532398508
280,1557316800,627,39,-588,666,19,-2.3196856924447675,2.0029808782604226
280,1557331200,295,77,-218,372,19,-0.20680159065755185,0.5263071732774566
280,1557345600,270,103,-167,373,19,0.08443378553474004,0.5313298729542694
280,1557360000,45,44,-1,89,19,1.032376382552788,-0.8951168352605687
280,1557374400,5,2,-3,7,19,1.0209553874079924,-1.3069782087592192
280,1557388800,374,24,-350,398,19,-0.9605872702140721,0.6568973648745896
280,1557403200,608,42,-566,650,19,-2.1940547458520143,1.9226176834314177
280,1557417600,299,60,-239,359,19,-0.32672203967790736,0.46101207747889
280,1557432000,264,107,-157,371,19,0.14153876125871884,0.5212844736006438
280,1557446400,47,36,-11,83,19,0.9752714068288094,-0.9252530333214456
280,1557460800,7,2,-5,9,19,1.0095343922631967,-1.2969328094055934
280,1557475200,328,24,-304,352,19,-0.6979043818837696,0.42585317974120035
280,1557489600,565,55,-510,620,19,-1.8742668817977328,1.7719366931270335
280,1557504000,294,71,-223,365,19,-0.23535407851954127,0.49114827553976687
280,1557518400,256,86,-170,342,19,0.0673022928175464,0.37562618297307226
280,1557532800,46,40,-6,86,19,1.0038238946907987,-0.9101849342910071
280,1557547200,17,6,-11,23,19,0.9752714068288094,-1.226615013930214
280,1557561600,65,9,-56,74,19,0.7182990160709047,-0.9704573304127608
280,1557576000,296,66,-230,362,19,-0.2753275615263264,0.47608017650932843
280,1557590400,349,101,-248,450,19,-0.37811651782948824,0.9180777480688558
280,1557604800,254,65,-189,319,19,-0.041197161058013326,0.2601040904063776
280,1557619200,94,32,-62,126,19,0.6840360306365175,-0.7092769472184948
280,1557633600,7,10,3,17,19,1.0552183728423796,-1.256751211991091
280,1557648000,55,5,-50,60,19,0.7525620015052921,-1.0407751258881401
280,1557662400,188,28,-160,216,19,0.1244072685415252,-0.25723397630534184
280,1557676800,203,32,-171,235,19,0.06159179524514852,-0.16180268244589843
280,1557691200,117,48,-69,165,19,0.6440625476297324,-0.5133916598227951
280,1557705600,39,12,-27,51,19,0.8839034456704433,-1.0859794229794555
280,1557720000,3,5,2,8,19,1.0495078752699818,-1.3019555090824062
280,1557734400,370,31,-339,401,19,-0.8977717969176954,0.6719654639050281
280,1557748800,542,38,-504,580,19,-1.8400038963633456,1.5710287060545212
280,1557763200,236,64,-172,300,19,0.055881297672750636,0.16467279654693423
280,1557777600,219,101,-118,320,19,0.3642481665822362,0.26512679008319046
280,1557792000,47,42,-5,89,20,1.1164121895606747,-1.0488269960002787
280,1557806400,5,5,0,10,20,1.1447715169838926,-1.4488738948080642
280,1557820800,360,20,-340,380,20,-0.7836627477949188,0.4247634793549815
280,1557835200,586,24,-562,610,20,-2.0428168853857898,1.589456982213091
280,1557849600,263,60,-203,323,20,-0.00661717639875077,0.13612204603797173
280,1557864000,255,92,-163,347,20,0.22025744298699174,0.2576552811188179
280,1557878400,42,46,4,88,20,1.1674589789224668,-1.053890880795314
280,1557892800,6,3,-3,9,20,1.1277559205299619,-1.4539377796030994
280,1557907200,365,18,-347,383,20,-0.8233658061874238,0.43995513374008727
280,1557921600,615,33,-582,648,20,-2.156254195078661,1.7818846044244308
280,1557936000,282,70,-212,352,20,-0.057663965760542835,0.28297470509399425
280,1557950400,253,104,-149,357,20,0.29966355977200165,0.30829412906917053
280,1557964800,58,53,-5,111,20,1.1164121895606747,-0.937421530509503
280,1557979200,13,3,-10,16,20,1.0880528621374568,-1.4184905860378527
280,1557993600,365,20,-345,385,20,-0.8120220752181367,0.45008290333015777
280,1558008000,580,45,-535,625,20,-1.8896765173004135,1.6654152541386198
280,1558022400,316,62,-254,378,20,-0.2958823161155725,0.414635709764911
280,1558036800,281,90,-191,371,20,0.061445209416971985,0.37918851619966415
280,1558051200,53,58,5,111,20,1.1731308444071102,-0.937421530509503
280,1558065600,13,7,-6,20,20,1.1107403240760312,-1.3982350468577116
280,1558080000,324,27,-297,351,20,-0.5397725319552457,0.27791082029895897
280,1558094400,572,34,-538,606,20,-1.9066921137543442,1.56920144303295
280,1558108800,275,62,-213,337,20,-0.0633358312451864,0.20701643316846535
280,1558123200,294,95,-199,389,20,0.01607028553982348,0.4703384425102988
280,1558137600,63,41,-22,104,20,1.019990476321734,-0.9728687240747499
280,1558152000,23,8,-15,31,20,1.059693534714239,-1.3425323141123238
280,1558166400,121,14,-107,135,20,0.5378819101270312,-0.8158882954286569
280,1558180800,401,65,-336,466,20,-0.7609752858563447,0.8602575717280138
280,1558195200,472,93,-379,565,20,-1.0048655016960177,1.3615821664365044
280,1558209600,346,90,-256,436,20,-0.3072260470848596,0.708341027876956
280,1558224000,107,65,-42,172,20,0.9065531666288629,-0.6285245580123523
280,1558238400,24,6,-18,30,20,1.0426779382603084,-1.347596198907359
280,1558252800,79,7,-72,86,20,0.736397202089556,-1.0640186503853846
280,1558267200,354,52,-302,406,20,-0.5681318593784634,0.5564244840258982
280,1558281600,443,132,-311,575,20,-0.6191786487402555,1.412221014386857
280,1558296000,234,79,-155,313,20,0.26563236686414027,0.08548319808761914
280,1558310400,88,37,-51,125,20,0.8555063772670708,-0.8665271433790095
280,1558324800,17,8,-9,25,20,1.0937247276221005,-1.3729156228825354
280,1558339200,356,20,-336,376,20,-0.7609752858563447,0.40450794017484043
280,1558353600,560,36,-524,596,20,-1.8272859969693342,1.5185625950825974
280,1558368000,284,61,-223,345,20,-0.12005448609162203,0.2475275115287474
280,1558382400,262,93,-169,355,20,0.18622625007913038,0.29816635947910003
280,1558396800,53,41,-12,94,21,0.38362745756536903,-0.33011423550800645
280,1558411200,8,6,-2,14,21,0.3998066849228588,-0.414618472139589
280,1558425600,380,19,-361,399,21,-0.18102757721102467,-0.007941833350097823
280,1558440000,560,45,-515,605,21,-0.43018767851636747,0.20965657597622733
280,1558454400,319,74,-245,393,21,0.006651460135856919,-0.014279651097466517
280,1558468800,285,127,-158,412,21,0.1474107381460181,0.005790105102534347
280,1558483200,61,36,-25,97,21,0.36259446200063233,-0.3269453266343221
280,1558497600,9,2,-7,11,21,0.3917170712441139,-0.41778738101327334
280,1558512000,398,20,-378,418,21,-0.2085322637187573,0.012127922849903041
280,1558742400,4242,912,-3330,5154,21,-4.984640179649743,5.014778731439592
280,1558756800,16,9,-7,25,21,0.3917170712441139,-0.4029991396027464
280,1558771200,48,11,-37,59,21,0.3431793891716446,-0.3670848390343238
280,1558785600,269,69,-200,338,21,0.07945798324456098,-0.07237631378167954
280,1558800000,323,116,-207,439,21,0.06813252409431812,0.034310284965693466
280,1558814400,218,65,-153,283,21,0.155500351824763,-0.13047297646589257
280,1558828800,60,33,-27,93,21,0.35935861652913437,-0.3311705384659012
280,1558843200,10,11,1,21,21,0.4046604531301058,-0.40722435143432556
280,1558857600,40,7,-33,47,21,0.34965108011464047,-0.3797604745290612
280,1558872000,208,62,-146,270,21,0.16682581097500584,-0.14420491491852475
280,1558886400,319,114,-205,433,21,0.07136836956581608,0.027972467218324776
280,1558900800,218,52,-166,270,21,0.13446735626002626,-0.14420491491852475
280,1558915200,49,36,-13,85,21,0.3820095348296201,-0.33962096212905946
280,1558929600,10,16,6,26,21,0.4127500668088507,-0.40194283664485164
280,1558944000,41,6,-35,47,21,0.3464152346431425,-0.3797604745290612
280,1558958400,194,63,-131,257,21,0.19109465201124054,-0.1579368533711569
280,1558972800,282,119,-163,401,21,0.1393211244672732,-0.005829227434308259
280,1558987200,231,54,-177,285,21,0.1166702061667875,-0.12836037055010302
280,1559001600,56,25,-31,81,22,0.9598941035670495,-1.0693885726748837
280,1559016000,15,5,-10,20,22,1.0846181164347775,-1.3776439195687917
280,1559030400,343,16,-327,359,22,-0.7981205539971166,0.3354472705465322
280,1559044800,551,48,-503,599,22,-1.843426566602837,1.5482551927520711
280,1559059200,248,41,-207,289,22,-0.08541190903867087,-0.018288373430083386
280,1559073600,228,92,-136,320,22,0.33627403922840954,0.13836598318813206
280,1559088000,40,30,-10,70,22,1.0846181164347775,-1.1249756024426376
280,1559102400,8,3,-5,11,22,1.1143143099747128,-1.4231242166514995
280,1559116800,368,17,-351,385,22,-0.9406622829888057,0.4668347954521322
280,1559131200,599,41,-558,640,22,-2.170084695542125,1.7554432127955173
280,1559145600,303,81,-222,384,22,-0.1745004896584766,0.4617814291096091
280,1559160000,232,93,-139,325,22,0.3184563231044484,0.16363281490074746
280,1559174400,40,46,6,86,22,1.1796459357625704,-1.0441217409622685
280,1559188800,9,4,-5,13,22,1.1143143099747128,-1.413017483966453
280,1559203200,367,18,-349,385,22,-0.9287838055728317,0.4668347954521322
280,1559217600,581,44,-537,625,22,-2.0453606826743966,1.6796427176576711
280,1559232000,266,66,-200,332,22,-0.043837238082761534,0.199006379298409
280,1559246400,263,105,-158,368,22,0.20561078765269447,0.38092756762923985
280,1559260800,52,37,-15,89,22,1.0549219228948423,-1.0289616419346992
280,1559275200,6,9,3,15,22,1.1618282196386092,-1.402910751281407
280,1559289600,336,25,-311,361,22,-0.7030927346693239,0.3455540032315783
280,1559304000,539,61,-478,600,22,-1.694945598903161,1.553308559094594
280,1559318400,320,84,-236,404,22,-0.25764983157029525,0.5628487559600707
280,1559332800,296,111,-185,407,22,0.04525134253704418,0.57800885498764
280,1559347200,74,49,-25,123,22,0.9955295358149718,-0.8571471862889145
280,1559361600,24,12,-12,36,22,1.0727396390188035,-1.2967900580884224
280,1559376000,101,11,-90,112,22,0.6094790197958138,-0.9127342160566684
280,1559390400,410,82,-328,492,22,-0.8040597927051036,1.0075449941021017
280,1559404800,452,144,-308,596,22,-0.6852750185453627,1.5330950937245018
280,1559419200,340,74,-266,414,22,-0.43582699280990667,0.6133824193853015
280,1559433600,101,62,-39,163,22,0.9123801939031532,-0.6550125325879913
280,1559448000,22,15,-7,37,22,1.1024358325587387,-1.2917366917458992
280,1559462400,82,11,-71,93,22,0.7223245552475677,-1.008748176564607
280,1559476800,353,51,-302,404,22,-0.6496395862974405,0.5628487559600707
280,1559491200,378,119,-259,497,22,-0.39425232185399733,1.032811825814717
280,1559505600,216,78,-138,294,22,0.3243955618124354,0.006978458282532008
280,1559520000,86,42,-44,128,22,0.8826840003632179,-0.8318803545762992
280,1559534400,18,5,-13,23,22,1.0668004003108165,-1.3624838205412224
280,1559548800,347,20,-327,367,22,-0.7981205539971166,0.3758742012867168
280,1559563200,578,35,-543,613,22,-2.080996114922319,1.6190023215473943
280,1559577600,269,82,-187,351,22,0.033372865121070086,0.2950203398063475
280,1559592000,273,106,-167,379,22,0.15215763928081105,0.4365145973969937
280,1559606400,69,39,-30,108,23,0.7128380823759766,-0.5672734734613507
280,1559620800,6,9,3,15,23,0.9066524603969597,-1.037044983167696
280,1559635200,321,29,-292,350,23,-0.8259306158512225,0.6551427130863436
280,1559649600,585,44,-541,629,23,-2.2883481954640947,2.0644572422053797
280,1559664000,287,69,-218,356,23,-0.39131655604659377,0.685450552422237
280,1559678400,275,85,-190,360,23,-0.22686799287727477,0.7056557786461658
280,1559692800,74,52,-22,126,23,0.7598233861386392,-0.476349955453671
280,1559707200,6,6,0,12,23,0.8890329714859613,-1.0521989028356427
280,1559721600,366,21,-345,387,23,-1.137208253278862,0.8420410556576854
280,1559736000,586,28,-558,614,23,-2.3881919659597526,1.9886876438656467
280,1559750400,266,75,-191,341,23,-0.2327411558476076,0.6096809540825038
280,1559764800,239,70,-169,309,23,-0.10353157050028554,0.4480391442910731
280,1559779200,46,43,-3,89,23,0.8714134825749628,-0.6632482980250127
280,1559793600,5,5,0,10,23,0.8890329714859613,-1.062301515947607
280,1559808000,326,29,-297,355,23,-0.8552964307028866,0.6803992458662547
280,1559822400,568,35,-533,603,23,-2.2413628917014323,1.9331232717498423
280,1559836800,253,68,-185,321,23,-0.19750217802561068,0.5086548229628597
280,1559851200,285,90,-195,375,23,-0.2562338077289389,0.7814253769858989
280,1559865600,72,44,-28,116,23,0.7245844083166423,-0.526863021013493
280,1559880000,6,5,-1,11,23,0.8831598085156284,-1.057250209391625
280,1559894400,326,19,-307,345,23,-0.9140280604062149,0.6298861803064326
280,1559908800,554,39,-515,593,23,-2.1356459582354415,1.8826102061900203
280,1559923200,314,63,-251,377,23,-0.5851309340675769,0.7915279900978633
280,1559937600,289,93,-196,382,23,-0.2621069706992717,0.8167845228777744
280,1559952000,39,31,-8,70,23,0.8420476677232986,-0.7592231225886746
280,1559966400,0,1,1,1,23,0.8949061344562941,-1.107763274951447
280,1559980800,0,0,0,0,23,0.8890329714859613,-1.1128145815074293
280,1559995200,0,0,0,0,23,0.8890329714859613,-1.1128145815074293
280,1560009600,0,0,0,0,23,0.8890329714859613,-1.1128145815074293
280,1560024000,0,0,0,0,23,0.8890329714859613,-1.1128145815074293
280,1560038400,0,0,0,0,23,0.8890329714859613,-1.1128145815074293
280,1560052800,0,0,0,0,23,0.8890329714859613,-1.1128145815074293
280,1560067200,26,6,-20,32,23,0.7715697120793048,-0.9511727717159986
280,1560081600,108,13,-95,121,23,0.3310824893043432,-0.501606488233582
280,1560096000,186,102,-84,288,23,0.39568728197800423,0.3419617066154468
280,1560110400,168,52,-116,220,23,0.20774606692735398,-0.0015271391913433982
280,1560124800,47,20,-27,67,23,0.7304575712869751,-0.7743770422566213
280,1560139200,8,5,-3,13,23,0.8714134825749628,-1.0471475962796606
280,1560153600,344,14,-330,358,23,-1.0491108087238696,0.6955531655342013
280,1560154088,26,1,-25,27,23,0.7422038972276407,-0.9764293044959096
280,1560168000,467,49,-418,516,23,-1.565949150113158,1.4936596013793901
280,1560182400,234,51,-183,285,23,-0.18575585208494505,0.3268077869475001
280,1560196800,214,77,-137,291,23,0.08440964455036473,0.3571156262833934
280,1560211200,53,40,-13,93,24,1.0816668070777786,-1.1266971951632128
280,1560225600,15,9,-6,24,24,1.1200448479624814,-1.4880782827460677
280,1560240000,401,14,-387,415,24,-0.9688170916191889,0.5597478802234439
280,1560254400,593,49,-544,642,24,-1.8295817228903761,1.7486392843003726
280,1560268800,277,73,-204,350,24,0.03449454865232193,0.21931642090626163
280,1560283200,259,95,-164,354,24,0.2537976394220511,0.2402660491719344
280,1560297600,72,58,-14,130,24,1.0761842298085353,-0.9329131337057398
280,1560312000,10,7,-3,17,24,1.136492579770211,-1.524740132210995
280,1560326400,366,22,-344,388,24,-0.7330662690417301,0.41833788943015277
280,1560340800,576,50,-526,626,24,-1.730895332043998,1.6648407712376816
280,1560355200,302,71,-231,373,24,-0.11353503761724526,0.33977678343387996
280,1560369600,260,97,-163,357,24,0.2592802166912943,0.2559782703711889
280,1560384000,81,66,-15,147,24,1.0707016525392923,-0.8438772135766306
280,1560398400,10,4,-6,14,24,1.1200448479624814,-1.5404523534102497
280,1560412800,344,19,-325,363,24,-0.6288973009261087,0.2874027127696981
280,1560427200,548,35,-513,583,24,-1.659621827543836,1.4396322673816995
280,1560441600,276,61,-215,337,24,-0.02581380130935359,0.15123012904282518
280,1560456000,237,115,-122,352,24,0.48406588473026674,0.229791235039098
280,1560470400,74,55,-19,129,24,1.0487713434623194,-0.938150540772158
280,1560484800,17,10,-7,27,24,1.114562270693238,-1.4723660615468133
280,1560499200,328,19,-309,347,24,-0.5411760646182171,0.20360419970700708
280,1560513600,548,36,-512,584,24,-1.6541392502745929,1.4448696744481178
280,1560528000,283,81,-202,364,24,0.04545970319080839,0.29264011983611626
280,1560542400,291,88,-203,379,24,0.03997712592156516,0.37120122583238907
280,1561161600,9307,1997,-7310,11304,25,-4.111202801734363,4.1126407640271845
280,1561176000,23,17,-6,40,25,0.34762525546334183,-0.34061883408031
280,1561190400,113,10,-103,123,25,0.2884102607278301,-0.30780450998203923
280,1561204800,360,100,-260,460,25,0.19256743419715658,-0.1745704470770121
280,1561219200,447,126,-321,573,25,0.155329138538742,-0.1298955239070772
280,1561233600,326,84,-242,410,25,0.20355578373570513,-0.19433811219645233
280,1561248000,137,55,-82,192,25,0.3012300018561368,-0.28052513211721175
280,1561262400,21,12,-9,33,25,0.34579386387358374,-0.34338630719703167
280,1561276800,95,8,-87,103,25,0.2981776825398733,-0.3157115760298153
280,1561291200,305,43,-262,348,25,0.19134650647065118,-0.21885001694455822
280,1561305600,433,111,-322,544,25,0.1547186746754893,-0.14136076967635253
280,1561320000,291,101,-190,392,25,0.23529990462484543,-0.20145447163945082
280,1561334400,102,39,-63,141,25,0.31282881525793804,-0.30068815053904074
280,1561348800,28,5,-23,33,25,0.3372473697880459,-0.34338630719703167
280,1561363200,289,15,-274,304,25,0.1840209401116188,-0.2362455622496656
280,1561377600,534,57,-477,591,25,0.060096775871321145,-0.12277916446407873
280,1561392000,248,55,-193,303,25,0.23346851303508734,-0.23664091555205444
280,1561406400,234,100,-134,334,25,0.2694858809669965,-0.2243849631780015
280,1561420800,81,52,-29,133,26,0.9184035638161753,-0.6922427560813904
280,1561435200,13,6,-7,19,26,1.0612903954319601,-1.3437973690394593
280,1561449600,295,13,-282,308,26,-0.7247949997653501,0.30795072872266294
280,1561464000,547,31,-516,578,26,-2.2445912996786976,1.851106390991774
280,1561478400,236,74,-162,310,26,0.054587718138930735,0.31938151140613785
280,1561492800,240,71,-169,311,26,0.009123726261181022,0.3250969027478753
280,1561507200,65,52,-13,117,26,1.0223212595367461,-0.7836890175491895
280,1561521600,14,9,-5,23,26,1.0742801073970314,-1.3209358036725096
280,1561536000,322,11,-311,333,26,-0.9131458232588846,0.45083551226609914
280,1561550400,573,48,-525,621,26,-2.3030450035215186,2.096868218686484
280,1561564800,228,45,-183,273,26,-0.08180425749431841,0.10791203176185228
280,1561579200,237,93,-144,330,26,0.17149512582457285,0.4336893382408868
280,1561593600,84,52,-32,136,26,0.8989189958685683,-0.6750965820561781
280,1561608000,10,9,-1,19,26,1.1002595313271741,-1.3437973690394593
280,1561622400,268,10,-258,278,26,-0.5689184561844939,0.1364889884705395
280,1561636800,595,60,-535,655,26,-2.367993563346875,2.291191524305557
280,1561651200,267,66,-201,333,26,-0.19871166517996053,0.45083551226609914
280,1561665600,239,96,-143,335,26,0.17798998180710854,0.462266294949574
280,1561680000,81,60,-21,141,26,0.9703624116764606,-0.6465196253474907
280,1561694400,18,11,-7,29,26,1.0612903954319601,-1.286643455622085
280,1561708800,233,13,-220,246,26,-0.32211392884813833,-0.04640353446505881
280,1561723200,541,55,-486,596,26,-2.049745620202627,1.953983435143048
280,1561737600,285,66,-219,351,26,-0.31561907286560265,0.5537125564173732
280,1561752000,293,82,-211,375,26,-0.2636602250053173,0.6908819486190719
280,1561766400,84,40,-44,124,26,0.8209807240781402,-0.7436812781570274
280,1561780800,13,17,4,30,26,1.1327338112398526,-1.2809280642803476
280,1561795200,71,6,-65,77,26,0.684588748444891,-1.0123046712186874
280,1561809600,234,53,-181,287,26,-0.06881454552924705,0.18792751054617654
280,1561824000,296,95,-201,391,26,-0.19871166517996053,0.782328210086871
280,1561838400,242,54,-188,296,26,-0.11427853740699677,0.23936603262181358
280,1561852800,89,32,-57,121,26,0.7365475963051764,-0.7608274521822398
280,1561867200,15,17,2,32,26,1.1197440992747811,-1.2694972815968726
280,1561881600,46,8,-38,54,26,0.8599498599733543,-1.1437586720786488
280,1561896000,284,29,-255,313,26,-0.5494338882368869,0.3365276854313502
280,1561910400,292,66,-226,358,26,-0.3610830647433524,0.5937202958095353
280,1561924800,155,47,-108,202,26,0.4053099411958571,-0.2978807535015065
280,1561939200,65,25,-40,90,26,0.8469601480082829,-0.9380045837761006
280,1561953600,11,4,-7,15,26,1.0612903954319601,-1.3666589344064093
280,1561968000,227,10,-217,237,26,-0.3026293609005313,-0.09784205654069583
280,1561982400,522,47,-475,569,26,-1.978302204394735,1.799667868916137
280,1561996800,261,52,-209,313,26,-0.2506705130402459,0.3365276854313502
280,1562011200,243,71,-172,314,26,-0.010360841686425998,0.34224307677308763
280,1562025600,64,46,-18,110,27,1.0004236670315818,-0.7629291275604918
280,1562040000,9,2,-7,11,27,1.0860789179894377,-1.398652436657992
280,1562054400,268,9,-259,277,27,-0.8762050130450806,0.30945261606862445
280,1562068800,545,38,-507,583,27,-2.807341580094924,2.2744155714608976
280,1562083200,259,66,-193,325,27,-0.36227350729794483,0.6176820992674124
280,1562097600,235,86,-149,321,27,-0.01965250346652102,0.5919963090008468
280,1562112000,67,42,-25,109,27,0.9459157800584007,-0.7693505751271332
280,1562126400,11,4,-7,15,27,1.0860789179894377,-1.3729666463914263
280,1562140800,230,11,-219,241,27,-0.5647313731983317,0.07828050366953353
280,1562155200,515,45,-470,560,27,-2.519228463236681,2.126722277428145
280,1562169600,249,71,-178,320,27,-0.245470892355414,0.5855748614342053
280,1562184000,234,98,-136,332,27,0.08157642948367239,0.6626322322339023
280,1562198400,64,42,-22,106,27,0.9692763030469068,-0.7886149178270575
280,1562212800,14,2,-12,16,27,1.047144713008594,-1.3665451988247848
280,1562227200,60,8,-52,68,27,0.7356710731618451,-1.0326299253594313
280,1562241600,181,38,-143,219,27,0.02706854251049132,-0.0629913427965776
280,1562256000,249,69,-180,318,27,-0.26104457434775147,0.5727319663009225
280,1562270400,209,51,-158,260,27,-0.08973407243203953,0.20028800743572042
280,1562284800,72,53,-19,125,27,0.992636826035413,-0.6666074140608707
280,1562299200,11,6,-5,17,27,1.1016525999817752,-1.3601237512581434
280,1562313600,127,5,-122,132,27,0.19059220343003452,-0.6216572810943807
280,1562328000,291,45,-246,336,27,-0.7749760800948872,0.6883180225004679
280,1562342400,293,68,-225,361,27,-0.611452419175344,0.8488542116665033
280,1562356800,237,66,-171,303,27,-0.19096300538223293,0.4764102528013013
280,1562371200,90,38,-52,128,27,0.7356710731618451,-0.6473430713609464
280,1562385600,20,9,-11,29,27,1.0549315540047628,-1.2830663804584466
280,1562400000,74,9,-65,83,27,0.6344421402116518,-0.9363082118598101
280,1562414400,308,55,-253,363,27,-0.8294839670680683,0.8616971067997862
280,1562428800,355,89,-266,444,27,-0.9307129000182617,1.3818343596977407
280,1562443200,226,53,-173,279,27,-0.20653668737457037,0.3222955112019073
280,1562457600,83,65,-18,148,27,1.0004236670315818,-0.5189141200281181
280,1562472000,23,13,-10,36,27,1.0627183950009316,-1.2381162474919565
280,1562486400,63,9,-54,72,27,0.7200973911695077,-1.0069441350928656
280,1562500800,262,39,-223,301,27,-0.5958787371830065,0.46356735766801843
280,1562515200,352,77,-275,429,27,-1.0007944689837802,1.2855126461981197
280,1562529600,210,55,-155,265,27,-0.06637354944353337,0.2323952452689275
280,1562544000,87,34,-53,121,27,0.7278842321656764,-0.6922932043274362
280,1562558400,18,8,-10,26,27,1.0627183950009316,-1.3023307231583707
280,1562572800,256,13,-243,269,27,-0.7516155571063811,0.25808103553549316
280,1562587200,516,47,-469,563,27,-2.5114416222405125,2.145986620128069
280,1562601600,235,52,-183,287,27,-0.28440509733625763,0.37366709173503865
280,1562616000,209,93,-116,302,27,0.23731324940704684,0.46998880523465986
280,1562630400,40,40,0,80,28,1.0966653182896537,-0.9448860296932672
280,1562644800,9,5,-4,14,28,1.0713123840014107,-1.2893847899602324
280,1562659200,270,12,-258,282,28,-0.5385989433020193,0.10948896385108098
280,1562673600,558,43,-515,601,28,-2.1675249713216314,1.7745663051414131
280,1562688000,240,57,-183,297,28,-0.06323142539746321,0.18778413663902763
280,1562702400,259,106,-153,365,28,0.12691558176435921,0.5427222532777191
280,1562716800,52,34,-18,86,28,0.9825771139925602,-0.9135679605780885
280,1562731200,11,9,-2,20,28,1.0839888511455322,-1.2580667208450538
280,1562745600,301,13,-288,314,28,-0.7287459504638417,0.2765186657987005
280,1562760000,582,50,-532,632,28,-2.2752749420466643,1.9363763289031695
280,1562774400,274,39,-235,313,28,-0.39281957114462207,0.2712989876128374
280,1562788800,223,101,-122,324,28,0.3234008224982424,0.32871544765733157
280,1562803200,57,46,-11,103,28,1.0269447489969854,-0.8248334314184157
280,1562817600,5,2,-3,7,28,1.0776506175734715,-1.3259225372612742
280,1562832000,270,11,-259,281,28,-0.54493717687408,0.10426928566521787
280,1562846400,619,78,-541,697,28,-2.332319044195211,2.2756554109842715
280,1562860800,245,62,-183,307,28,-0.06323142539746321,0.23998091849765874
280,1562875200,214,75,-139,289,28,0.2156508517732097,0.14602671115212273
280,1562889600,54,47,-7,101,28,1.0522976832852284,-0.8352727877901419
280,1562904000,6,8,2,14,28,1.109341785433775,-1.2893847899602324
280,1562918400,243,16,-227,259,28,-0.3421137025681361,-0.01056363442377055
280,1562932800,523,60,-463,583,28,-1.8379368255744726,1.680612097795877
280,1562947200,287,60,-227,347,28,-0.3421137025681361,0.4487680459321831
280,1562961600,273,79,-194,352,28,-0.13295199469013144,0.47486643686149865
280,1562976000,64,46,-18,110,28,0.9825771139925602,-0.7882956841173739
280,1562990400,19,10,-9,29,28,1.039621216141107,-1.2110896171722858
280,1563004800,91,6,-85,97,28,0.55791546466449,-0.8561515005335943
280,1563019200,353,81,-272,434,28,-0.6273342133108698,0.9028800481022737
280,1563033600,405,116,-289,521,28,-0.7350841840359025,1.3569920502723642
280,1563048000,263,77,-186,340,28,-0.08224612611364546,0.41223029863114136
280,1563062400,0,3,3,3,28,1.1156800190058358,-1.3468012500047266
280,1563076800,9,5,-4,14,28,1.0713123840014107,-1.2893847899602324
280,1563091200,73,7,-66,80,28,0.6783419025336442,-0.9448860296932672
280,1563105600,269,48,-221,317,28,-0.3040843011357716,0.2921777003562898
280,1563120000,335,88,-247,423,28,-0.46887837400935106,0.8454635880577794
280,1563134400,226,41,-185,267,28,-0.0759078925415847,0.03119379106313433
280,1563148800,78,40,-38,118,28,0.8558124425513453,-0.7465382586304691
280,1563163200,19,6,-13,25,28,1.0142682818528639,-1.2319683299157382
280,1563177600,285,14,-271,299,28,-0.620995979738809,0.19822349301075384
280,1563192000,542,59,-483,601,28,-1.9647014970156875,1.7745663051414131
280,1563206400,255,64,-191,319,28,-0.1139372939739492,0.30261705672801603
280,1563220800,214,84,-130,298,28,0.2726949539217564,0.19300381482489073
280,1563235200,73,32,-41,105,29,0.8308017068036154,-0.8156347800204967
280,1563249600,11,8,-3,19,29,1.0833654256719145,-1.3156471400737952
280,1563264000,279,14,-265,293,29,-0.6579949517884635,0.27741549544485333
280,1563278400,573,69,-504,642,29,-2.2464878151969763,2.3065354217076575
280,1563292800,246,73,-173,319,29,-0.046524895581002465,0.4285820229028273
280,1563307200,223,101,-122,324,29,0.29244220079487265,0.45765250895243764
280,1563321600,59,41,-18,100,29,0.9836692208554807,-0.8447052660701071
280,1563336000,14,2,-12,16,29,1.0235477027820543,-1.3330894317035615
280,1563350400,275,12,-263,287,29,-0.6447021244796056,0.24253091218532088
280,1563364800,554,47,-507,601,29,-2.266427056160263,2.0681574361008526
280,1563379200,221,55,-166,276,29,0.0,0.17857584287617806
280,1563393600,222,87,-135,309,29,0.20603882328729664,0.37044105080360656
280,1563408000,51,37,-14,88,29,1.0102548754731964,-0.914474432589172
280,1563422400,17,8,-9,25,29,1.0434869437453411,-1.2807625568142629
280,1563436800,280,14,-266,294,29,-0.6646413654428924,0.28322959265477543
280,1563451200,564,40,-524,604,29,-2.379416088285555,2.0855997277306186
280,1563465600,240,39,-201,279,29,-0.23262447790501234,0.1960181345059443
280,1563480000,209,110,-99,319,29,0.44530971484673787,0.4285820229028273
280,1563494400,56,49,-7,105,29,1.0567797710541988,-0.8156347800204967
280,1563508800,15,5,-10,20,29,1.036840530090912,-1.3098330428638731
280,1563523200,227,14,-213,241,29,-0.3123814417581594,-0.02491755947109456
280,1563537600,516,63,-453,579,29,-1.9075207188211012,1.9402472974825669
280,1563552000,260,63,-197,323,29,-0.20603882328729664,0.4518384117425156
280,1563566400,291,84,-207,375,29,-0.2725029598315859,0.7541714666584635
280,1563580800,76,54,-22,130,29,0.957083566237765,-0.6702823497724449
280,1563595200,21,9,-12,30,29,1.0235477027820543,-1.2516920707646524
280,1563609600,121,8,-113,129,29,0.35225992368473297,-0.6760964469823669
280,1563624000,306,48,-258,354,29,-0.611470056207461,0.6320754252501
280,1563638400,297,74,-223,371,29,-0.37884557830244864,0.7309150778187752
280,1563652800,196,43,-153,239,29,0.08640337750757601,-0.03654575389093871
280,1563667200,78,33,-45,111,29,0.8042160521858998,-0.7807501967609644
280,1563681600,15,3,-12,18,29,1.0235477027820543,-1.3214612372837173
280,1563696000,84,6,-78,90,29,0.5848844015897453,-0.9028462381693279
280,1563710400,238,30,-208,268,29,-0.2791493734860148,0.13206306519680147
280,1563724800,264,59,-205,323,29,-0.259210132522728,0.4518384117425156
280,1563739200,159,44,-115,203,29,0.33896709637587513,-0.2458532534481334
280,1563753600,65,32,-33,97,29,0.8839730160390469,-0.8621475576998734
280,1563768000,12,8,-4,20,29,1.0767190120174857,-1.3098330428638731
280,1563782400,280,11,-269,291,29,-0.6845806064061791,0.2657873010250092
280,1563796800,531,27,-504,558,29,-2.2464878151969763,1.8181512560742032
280,1563811200,237,54,-183,291,29,-0.1129890321252917,0.2657873010250092
280,1563825600,181,55,-126,236,29,0.2658565461771569,-0.053988045520704936
280,1563840000,30,33,3,63,30,1.1547366488160784,-1.0957691910335428
280,1563854400,8,5,-3,13,30,1.1153759514670116,-1.3760853441789245
280,1563868800,256,16,-240,272,30,-0.43937159382113206,0.07595232911415341
280,1563883200,554,37,-517,591,30,-2.2565237881030553,1.8643693861816897
280,1563897600,212,53,-159,265,30,0.09199782039127147,0.03670806767379994
280,1563912000,233,87,-146,320,30,0.1772793313142498,0.34505583613372
280,1563926400,52,32,-20,84,30,1.0038539756446552,-0.9780364067124824
280,1563940800,10,6,-4,16,30,1.108815835242167,-1.3592663749902016
280,1563955200,277,11,-266,288,30,-0.6099346156670887,0.1656534981206756
280,1563969600,559,46,-513,605,30,-2.230283323203677,1.9428579090623965
280,1563984000,239,55,-184,294,30,-0.07200508522984073,0.19929143649812142
280,1563998400,244,75,-169,319,30,0.026396658142826594,0.33944951307081234
280,1564012800,75,52,-23,127,30,0.9841736269701218,-0.736964515007454
280,1564027200,21,4,-17,25,30,1.0235343243191888,-1.308809467424033
280,1564041600,256,11,-245,267,30,-0.47217217494535446,0.04792071379961522
280,1564056000,565,42,-523,607,30,-2.295884485452122,1.9540705551882118
280,1564070400,259,71,-188,330,30,-0.09824555012921868,0.40111906676279635
280,1564084800,221,81,-140,302,30,0.21664002866331675,0.24414202100138252
280,1564099200,62,45,-17,107,30,1.0235343243191888,-0.8490909762656067
280,1564113600,12,5,-7,17,30,1.0891354865676335,-1.353660051927294
280,1564128000,241,15,-226,256,30,-0.3475299666733092,-0.013748839892368789
280,1564142400,495,65,-430,560,30,-1.6857936765415846,1.690573371231553
280,1564156800,291,67,-224,358,30,-0.33440973422362025,0.5580961125242102
280,1564171200,310,93,-217,403,30,-0.2884889206497088,0.8103806503550538
280,1564185600,74,47,-27,121,30,0.9579331620707439,-0.7706024533848997
280,1564200000,15,8,-7,23,30,1.0891354865676335,-1.3200221135498482
280,1564214400,92,5,-87,97,30,0.5643261885800746,-0.9051542068946831
280,1564228800,334,72,-262,406,30,-0.5836941507677108,0.8271996195437767
280,1564243200,422,83,-339,505,30,-1.0888231000807362,1.3822256027716329
280,1564257600,302,42,-260,344,30,-0.5705739183180217,0.47960758964350325
280,1564272000,103,43,-60,146,30,0.7414493266508757,-0.6304443768122089
280,1564286400,12,16,4,28,30,1.161296765040923,-1.29199049823531
280,1564300800,76,13,-63,89,30,0.7217689779763423,-0.9500047913979441
280,1564315200,266,42,-224,308,30,-0.33440973422362025,0.2777799593788283
280,1564329600,347,85,-262,432,30,-0.5836941507677108,0.9729640191793754
280,1564344000,219,60,-159,279,30,0.09199782039127147,0.11519659055450686
280,1564358400,74,30,-44,104,30,0.8464111862483875,-0.8659099454543296
280,1564372800,14,7,-7,21,30,1.0891354865676335,-1.3312347596756635
280,1564387200,252,13,-239,265,30,-0.4328114775962875,0.03670806767379994
280,1564401600,528,48,-480,576,30,-2.013799487783809,1.780274540238075
280,1564416000,238,59,-179,297,30,-0.039204504105618286,0.21611040568684434
280,1564430400,211,114,-97,325,30,0.4987250263316297,0.37308745144825817
280,1564444800,53,35,-18,88,31,0.9876325206061382,-0.9397780802342379
280,1564459200,14,6,-8,20,31,1.0404824213743595,-1.24756813179801
280,1564473600,277,13,-264,290,31,-0.31247503829210926,-0.025460574118326737
280,1564488000,544,43,-501,587,31,-1.5650176864989573,1.3188577393293248
280,1564502400,283,59,-224,342,31,-0.1010754352192235,0.20990828884220486
280,1564516800,372,89,-283,461,31,-0.41288984975173,0.7485408790788061
280,1564531200,55,50,-5,105,31,1.056337391604826,-0.8628305673432949
280,1564545600,10,7,-3,17,31,1.0669073717584703,-1.2611471046611176
280,1564560000,268,11,-257,279,31,-0.2754801077543543,-0.07525014128305457
280,1564574400,566,34,-532,600,31,-1.728852378880444,1.3776999550694577
280,1564588800,236,52,-184,288,31,0.11032416785366225,-0.0345132226937318
280,1564603200,188,96,-92,284,31,0.5965432549212996,-0.05261851984454192
280,1564617600,50,38,-12,88,31,1.0193424610670712,-0.9397780802342379
280,1564632000,6,6,0,12,31,1.0827623419889367,-1.2837787260996303
280,1564646400,273,11,-262,284,31,-0.30190505813846497,-0.05261851984454192
280,1564660800,570,44,-526,614,31,-1.697142438419511,1.4410684950972932
280,1564675200,253,65,-188,318,31,0.08918420754637368,0.10127650593734412
280,1564689600,232,108,-124,340,31,0.4274235724629909,0.2008556402667998
280,1564704000,60,40,-20,100,31,0.9770625404524939,-0.8854621887818076
280,1564718400,18,4,-14,22,31,1.0087724809134269,-1.238515483222605
280,1564732800,219,12,-207,231,31,-0.011230603913247057,-0.2925137070927761
280,1564747200,472,29,-443,501,31,-1.2584882620432731,0.9295938505869072
280,1564761600,743,137,-606,880,31,-2.119941644565283,2.6450707556261666
280,1564776000,244,100,-144,344,31,0.321723770926548,0.2189609374176099
280,1565395200,8957,2487,-6470,11444,32,-4.107833446431618,4.113978254431383
280,1565409600,14,10,-4,24,32,0.3357462993096237,-0.3300366382132358
280,1565424000,65,8,-57,73,32,0.29932351450846595,-0.31096862334987446
280,1565438400,285,76,-209,361,32,0.19486571658816457,-0.1988953931325671
280,1565452800,334,110,-224,444,32,0.1845573812670822,-0.16659651081299587
280,1565467200,263,83,-180,346,32,0.2147951648755905,-0.20473254053971854
280,1565481600,94,51,-43,145,32,0.3089446274748095,-0.28295031579554764
280,1565496000,25,9,-16,34,32,0.3274996310527578,-0.3261452066084682
280,1565510400,50,10,-40,60,32,0.311006294539026,-0.31602748443607237
280,1565524800,211,41,-170,252,32,0.22166738842297876,-0.24131199762453412
280,1565539200,291,87,-204,378,32,0.1983018283618587,-0.19227995940446216
280,1565553600,200,72,-128,272,32,0.25053072732200937,-0.2335291344149989
280,1565568000,55,31,-24,86,32,0.3220018522148472,-0.30590976226367655
280,1565582400,11,5,-6,16,32,0.334371854600146,-0.3331497834970499
280,1565596800,270,60,-210,330,32,0.19417849423342576,-0.2109588311073467
280,1565611200,571,47,-524,618,32,-0.021609325154565283,-0.09888560089003934
280,1565625600,345,76,-269,421,32,0.15363237530383508,-0.1755468035039614
280,1565640000,241,153,-88,394,32,0.2780196215115624,-0.18605366883683397
280,1565654400,51,78,27,129,33,1.1399495472334957,-0.688639011709916
280,1565668800,10,6,-4,16,33,0.9475675464603616,-1.2691644385243928
280,1565683200,295,35,-260,330,33,-0.641135427666165,0.3439770129777815
280,1565697600,580,63,-517,643,33,-2.2360442727853735,1.9519810713223054
280,1565712000,315,64,-251,379,33,-0.5852825887320294,0.595709277702643
280,1565726400,240,200,-40,440,33,0.7241561907238188,0.9090902603193075
280,1565740800,45,54,9,99,33,1.0282438693652243,-0.8427608064394231
280,1565755200,9,4,-5,13,33,0.9413616754676798,-1.2845766179973435
280,1565769600,277,16,-261,293,33,-0.6473412986588468,0.15389346614472274
280,1565784000,590,48,-542,638,33,-2.391191047602417,1.9262941055340543
280,1565792973,156,40,-116,196,33,0.25250999528000617,-0.34443367014735016
280,1565793050,1,1,0,2,33,0.9723910304310885,-1.3410879427314961
280,1565793140,4,0,-4,4,33,0.9475675464603616,-1.3308131564161956
280,1565798400,115,34,-81,149,33,0.4697154800238672,-0.5858911485569113
280,1565812800,250,156,-94,406,33,0.38903915711900455,0.7344188929591995
280,1565827200,51,61,10,112,33,1.034449740357906,-0.77597469538997
280,1565841600,8,10,2,18,33,0.9848027724164521,-1.2588896522090922
280,1565856000,260,11,-249,271,33,-0.5728708467466659,0.040870816676417544
280,1565870400,591,64,-527,655,33,-2.2981029827121913,2.013629789214108
280,1565884800,260,61,-199,321,33,-0.26257729711257866,0.2977404745589294
280,1565899200,278,147,-131,425,33,0.15942193038977998,0.832029362954554
280,1565913600,58,72,14,130,33,1.059273224328633,-0.6835016185522658
280,1565928000,10,3,-7,13,33,0.9289499334823164,-1.2845766179973435
280,1565942400,242,14,-228,256,33,-0.4425475559003493,-0.036190080688336
280,1565956800,536,68,-468,604,33,-1.9319565941439683,1.7516227381739462
280,1565971200,287,74,-213,361,33,-0.3494594910101231,0.5032362008649388
280,1565985600,275,111,-164,386,33,-0.045371812368717596,0.6316710298061947
280,1566000000,72,54,-18,126,33,0.8606853525628172,-0.7040511911828667
280,1566014400,18,14,-4,32,33,0.9475675464603616,-1.1869661480019889
280,1566028800,95,7,-88,102,33,0.426274383075095,-0.8273486269664724
280,1566043200,326,55,-271,381,33,-0.7094000085856643,0.6059840640179436
280,1566057600,424,106,-318,530,33,-1.0010759452417064,1.3714556445078288
280,1566072000,282,86,-196,368,33,-0.24395968413453342,0.5391979529684905
280,1566086400,105,39,-66,144,33,0.5628035449140933,-0.6115781143451625
280,1566100800,22,6,-16,28,33,0.8730970945481806,-1.20751572063259
280,1566115200,80,10,-70,90,33,0.5379800609433664,-0.8889973448582752
280,1566129600,301,43,-258,344,33,-0.6287236856808016,0.4159005171848848
280,1566144000,375,98,-277,473,33,-0.7466352345417547,1.0786242345217654
280,1566158400,217,80,-137,297,33,0.12218670443368952,0.1744430387753237
280,1566172800,66,27,-39,93,33,0.7303620617165005,-0.8735851653853245
280,1566187200,13,3,-10,16,33,0.9103323205042712,-1.2691644385243928
280,1566201600,266,20,-246,286,33,-0.5542532337686207,0.11793171404117109
280,1566216000,536,31,-505,567,33,-2.1615738208731927,1.5615391913408876
280,1566230400,235,68,-167,303,33,-0.06398942534676283,0.2052673977212251
280,1566244800,217,151,-66,368,33,0.5628035449140933,0.5391979529684905
280,1566259200,56,64,8,120,34,1.1064967634987364,-0.8619825336816344
280,1566273600,11,4,-7,15,34,1.0105181099114853,-1.421744420522454
280,1566288000,271,26,-245,297,34,-0.512343193672897,0.081616075564319
280,1566302400,601,53,-548,654,34,-2.4511119961353667,1.9848064908231065
280,1566316800,265,60,-205,325,34,-0.2564001174402277,0.23088591205520428
280,1566331200,237,149,-88,386,34,0.49223338054033,0.5560809129817758
280,1566345600,50,48,-2,98,34,1.042510994440569,-0.9792659766387586
280,1566360000,16,10,-6,26,34,1.016916686817302,-1.3631026990438921
280,1566374400,245,19,-226,264,34,-0.39077023246237913,-0.09430908887136721
280,1566388800,513,71,-442,584,34,-1.7728628441187932,1.6116318995958931
280,1566403200,256,81,-175,337,34,-0.06444281026572574,0.29485869912272655
280,1566417600,236,145,-91,381,34,0.47303764982287977,0.5294255850369749
280,1566432000,44,53,9,97,34,1.112895340404553,-0.9845970422277187
280,1566446400,9,2,-7,11,34,1.0105181099114853,-1.443068682878295
280,1566460800,282,24,-258,306,34,-0.5955246934485146,0.1295956658649607
280,1566475200,581,52,-529,633,34,-2.329539034924849,1.8728541134549423
280,1566489600,240,55,-185,295,34,-0.12842857932389307,0.07095394438639863
280,1566504000,264,146,-118,410,34,0.300276073365828,0.6840264871168203
280,1566518400,55,61,6,116,34,1.0936996096871028,-0.8833067960374751
280,1566532800,8,7,-1,15,34,1.0489095713463856,-1.421744420522454
280,1566547200,228,15,-213,243,34,-0.30758873268676157,-0.20626146623953118
280,1566561600,511,51,-460,562,34,-1.8880372284234943,1.494348456638769
280,1566576000,266,69,-197,335,34,-0.20521150219369386,0.2841965679448062
280,1566590400,249,115,-134,364,34,0.1978988428727603,0.43879747002465164
280,1566604800,84,62,-22,146,34,0.9145394563242344,-0.7233748283686695
280,1566619200,14,7,-7,21,34,1.0105181099114853,-1.389758026988693
280,1566633600,106,8,-98,114,34,0.42824761148216267,-0.8939689272153956
280,1566648000,347,90,-257,437,34,-0.5891261165426979,0.8279652580187454
280,1566662400,453,128,-325,581,34,-1.0242293461382357,1.5956387028290127
280,1566676800,298,85,-213,383,34,-0.30758873268676157,0.5400877162148953
280,1566691200,104,77,-27,181,34,0.8825465717951507,-0.5367875327550629
280,1566705600,26,12,-14,38,34,0.9657280715707682,-1.29912991197637
280,1566720000,75,11,-64,86,34,0.6457992262799316,-1.0432387637062808
280,1566734400,283,55,-228,338,34,-0.40356738627401256,0.30018976471168674
280,1566748800,365,111,-254,476,34,-0.5699303858252476,1.0358768159881928
280,1566763200,287,84,-203,371,34,-0.24360296362859427,0.47611492914737297
280,1566777600,92,50,-42,142,34,0.7865679182078997,-0.7446990907245102
280,1566792000,21,7,-14,28,34,0.9657280715707682,-1.3524405678659717
280,1566806400,285,19,-266,304,34,-0.6467133086950484,0.11893353468704032
280,1566820800,551,43,-508,594,34,-2.1951689199026974,1.664942555485495
280,1566835200,275,81,-194,356,34,-0.18601577147624365,0.3961489453129701
280,1566849600,219,142,-77,361,34,0.5626177265043141,0.4228042732577711
280,1566864000,69,69,0,138,35,0.9490813093856173,-0.6504928628890092
280,1566878400,15,8,-7,23,35,0.9033836505321335,-1.289346162554303
280,1566892800,328,21,-307,349,35,-1.0550874431885964,0.5216640608447035
280,1566907200,607,51,-556,658,35,-2.680618450976802,2.2382351008149275
280,1566921600,257,54,-203,311,35,-0.3761507973654101,0.31056470965095434
280,1566936000,231,140,-91,371,35,0.35501174429032917,0.6438794746937162
280,1566950400,62,62,0,124,35,0.9490813093856173,-0.7282663080656536
280,1566964800,16,10,-6,26,35,0.9099118875112027,-1.2726804243021648
280,1566979200,339,31,-308,370,35,-1.0616156801676655,0.6383242286096702
280,1566993600,612,48,-564,660,35,-2.732844346809355,2.2493455929830195
280,1567008000,246,73,-173,319,35,-0.18030368799333707,0.35500667832332256
280,1567022400,239,155,-84,394,35,0.40070940314381287,0.771650134626775
280,1567036800,57,63,6,120,35,0.9882507312600318,-0.7504872924018378
280,1567051200,11,9,-2,20,35,0.936024835427479,-1.306011900806441
280,1567065600,324,26,-298,350,35,-0.9963333103769746,0.5272193069287496
280,1567080000,578,55,-523,633,35,-2.465186630667522,2.0993539487137767
280,1567094400,282,78,-204,360,35,-0.38267903434447914,0.5827717677692099
280,1567108800,233,137,-96,370,35,0.32237055939498366,0.6383242286096702
280,1567123200,69,71,2,140,35,0.9621377833437554,-0.6393823707209172
280,1567137600,20,13,-7,33,35,0.9033836505321335,-1.2337937017138425
280,1567152000,258,31,-227,289,35,-0.5328284848630684,0.18834929580194162
280,1567166400,478,46,-432,524,35,-1.8711170655722338,1.4938321255527593
280,1567180800,322,104,-218,426,35,-0.47407435205144655,0.949418009316248
280,1567195200,306,112,-194,418,35,-0.3173966645537882,0.9049760406438797
280,1567209600,86,61,-25,147,35,0.7858753849088898,-0.6004956481325949
280,1567224000,10,11,1,21,35,0.9556095463646863,-1.300456654722395
280,1567238400,72,5,-67,77,35,0.5116894317879875,-0.9893628740158171
280,1567252800,243,55,-188,298,35,-0.27822724267937354,0.2383465105583559
280,1567267200,303,118,-185,421,35,-0.2586425317421663,0.9216417788960178
280,1567281600,241,102,-139,343,35,0.04165636929501235,0.48833258434042737
280,1567296000,72,46,-26,118,35,0.7793471479298206,-0.7615977845699299
280,1567310400,14,9,-5,23,35,0.9164401244902718,-1.289346162554303
280,1567324800,59,10,-49,69,35,0.6291976974112313,-1.0338048426881854
280,1567339200,196,53,-143,249,35,0.015543421378735944,-0.03386054755989966
280,1567353600,299,97,-202,396,35,-0.36962256038634095,0.782760626794867
280,1567368000,234,67,-167,301,35,-0.14113426611892246,0.255012248810494
280,1567382400,47,40,-7,87,35,0.9033836505321335,-0.9338104131753568
280,1567396800,10,4,-6,14,35,0.9099118875112027,-1.3393433773107173
280,1567411200,54,8,-46,62,35,0.6487824083484387,-1.0726915652765077
280,1567425600,149,39,-110,188,35,0.23097524168801625,-0.3727305586867076
280,1567440000,206,50,-156,256,35,-0.06932365934916236,0.005026175028422563
280,1567454400,156,62,-94,218,35,0.33542703335312185,-0.20607317616532667
280,1567468800,36,45,9,81,36,0.9760973862233271,-1.0316697189174688
280,1567483200,10,3,-7,13,36,0.8889412018568541,-1.3563114903176772
280,1567497600,352,15,-337,367,36,-0.9086551007016515,0.3337353784422311
280,1567512000,606,84,-522,690,36,-1.9163984824389955,1.8757837925932208
280,1567526400,258,67,-191,325,36,-0.11335491835758535,0.13322134316563183
280,1567540800,228,164,-64,392,36,0.5784472950512941,0.4530889708687783
280,1567555200,56,60,4,116,36,0.9488610786088043,-0.8645746895203027
280,1567569600,8,7,-1,15,36,0.9216247709942815,-1.3467632029235534
280,1567584000,360,33,-327,393,36,-0.8541824854726058,0.45786311456584017
280,1567598400,632,52,-580,684,36,-2.23233965076746,1.8471389304108494
280,1567612800,289,74,-215,363,36,-0.24408919490729483,0.31463880365398356
280,1567627200,234,182,-52,416,36,0.6438144333261488,0.5676684195982636
280,1567641600,61,60,-1,121,36,0.9216247709942815,-0.8407039710349933
280,1567656000,10,4,-6,14,36,0.8943884633797587,-1.3515373466206153
280,1567670400,398,38,-360,436,36,-1.0339421157284563,0.6631512935395013
280,1567684800,618,33,-585,651,36,-2.259575958381983,1.6895921884078071
280,1567699200,274,91,-183,365,36,-0.06977682617434884,0.32418709104810733
280,1567713600,294,162,-132,456,36,0.20803351149378382,0.7586341674807391
280,1567728000,61,67,6,128,36,0.9597556016546135,-0.80728496515556
280,1567742400,12,4,-8,16,36,0.8834939403339496,-1.3419890592264914
280,1567756800,380,30,-350,410,36,-0.9794695004994107,0.5390235574158923
280,1567771200,620,62,-558,682,36,-2.1124998972635596,1.8375906430167257
280,1567785600,304,113,-191,417,36,-0.11335491835758535,0.5724425632953255
280,1567800000,257,167,-90,424,36,0.43681849545577545,0.6058615691747588
280,1567814400,58,54,-4,112,36,0.9052829864255678,-0.8836712643085503
280,1567828800,12,9,-3,21,36,0.9107302479484723,-1.318118340741182
280,1567843200,61,5,-56,66,36,0.6220253872345306,-1.103281874373397
280,1567857600,290,78,-212,368,36,-0.22774741033858115,0.338509522139293
280,1567872000,314,113,-201,427,36,-0.16782753358663097,0.6201840002659443
280,1567886400,252,101,-151,353,36,0.10453554255859715,0.26689736668336467
280,1567900800,95,45,-50,140,36,0.6547089563719579,-0.7499952407908174
280,1567915200,13,11,-2,24,36,0.916177509471377,-1.3037959096499963
280,1567929600,52,11,-41,63,36,0.7037343100780991,-1.1176043054645828
280,1567944000,217,30,-187,247,36,-0.09156587226596709,-0.23916186520519542
280,1567958400,284,102,-182,386,36,-0.06432956465144428,0.424444108686407
280,1567972800,192,90,-102,282,36,0.3714513571809207,-0.07206683580802935
280,1567987200,44,48,4,92,36,0.9488610786088043,-0.979154138249788
280,1568001600,10,3,-7,13,36,0.8889412018568541,-1.3563114903176772
280,1568016000,431,25,-406,456,36,-1.2845161457820662,0.7586341674807391
280,1568030400,625,61,-564,686,36,-2.145183466400987,1.8566872178049734
280,1568044800,255,83,-172,338,36,-0.009856949422398658,0.19528521122743636
280,1568059200,250,179,-71,429,36,0.5403164643909621,0.6297322876600682
280,1568073600,53,78,25,131,37,1.1478056577926052,-0.963082936723813
280,1568088000,16,5,-11,21,37,0.9637867674753092,-1.4682996016112906
280,1568102400,453,35,-418,488,37,-1.116649020278566,0.6765747847746372
280,1568116800,658,43,-615,701,37,-2.123641281181547,1.654857963147662
280,1568131200,278,93,-185,371,37,0.07436213094171153,0.13920796848522918
280,1568145600,270,153,-117,423,37,0.42195336820771523,0.37803766461385496
280,1568160000,64,70,6,134,37,1.05068457679181,-0.9493043004087
280,1568174400,11,5,-6,16,37,0.9893449466860448,-1.4912639954698124
280,1568188800,442,31,-411,473,37,-1.0808675693835361,0.607681603199072
280,1568203200,629,49,-580,678,37,-1.9447340267063982,1.5492217513984623
280,1568217600,296,85,-211,381,37,-0.05854040095411343,0.1851367562022726
280,1568232000,253,171,-82,424,37,0.6008606226828642,0.3826305433855593
280,1568246400,60,95,35,155,37,1.1989220162140763,-0.8528538462029087
280,1568260800,8,7,-1,15,37,1.0149031258967804,-1.4958568742415166
280,1568275200,414,39,-375,453,37,-0.89684867906624,0.5158240277649853
280,1568289600,638,48,-590,686,37,-1.9958503851278693,1.585964781572097
280,1568304000,314,87,-227,401,37,-0.14032657442846724,0.27699433163635945
280,1568318400,255,161,-94,416,37,0.5395209925770988,0.34588751321192457
280,1568332800,46,72,26,118,37,1.1529172936347525,-1.0227903607559694
280,1568347200,9,10,1,19,37,1.0251263975810745,-1.4774853591546993
280,1568361600,395,29,-366,424,37,-0.850843956486916,0.3826305433855593
280,1568376000,621,48,-573,669,37,-1.9089525758113683,1.5078858424531232
280,1568390400,318,90,-228,408,37,-0.14543821027061435,0.30914448303828984
280,1568404800,321,177,-144,498,37,0.2839392004697432,0.7225035724916806
280,1568419200,92,74,-18,166,37,0.9280053165802794,-0.8023321797141609
280,1568433600,23,18,-5,41,37,0.9944565825281919,-1.3764420261772037
280,1568448000,119,16,-103,135,37,0.4935162699977748,-0.9447114216369956
280,1568462400,429,84,-345,513,37,-0.7434996038018266,0.7913967540672457
280,1568476800,466,146,-320,612,37,-0.6157087077481488,1.2460917524659756
280,1568491200,397,125,-272,522,37,-0.37035018732508734,0.8327326630125849
280,1568505600,129,90,-39,219,37,0.82066096389519,-0.5589096048138309
280,1568520000,23,6,-17,29,37,0.9331169524224265,-1.431556571437656
280,1568534400,89,7,-82,96,37,0.6008606226828642,-1.123833693733465
280,1568548800,357,67,-290,424,37,-0.46235963248373535,0.3826305433855593
280,1568563200,420,127,-293,547,37,-0.4776945400101767,0.9475546323051934
280,1568577600,252,120,-132,372,37,0.3452788305755085,0.1438008472569335
280,1568592000,75,50,-25,125,37,0.8922238656852497,-0.990640209354039
280,1568606400,18,10,-8,28,37,0.9791216750017505,-1.4361494502093601
280,1568620800,441,31,-410,472,37,-1.0757559335413889,0.6030887244273677
280,1568635200,619,65,-554,684,37,-1.8118314948105734,1.5767790240286883
280,1568649600,277,68,-209,345,37,-0.048317129269819195,0.019793120420916268
280,1568664000,297,179,-118,476,37,0.4168417323655681,0.621460239514185
280,1568678400,44,77,33,121,38,1.1138456091992075,-0.919409781118514
280,1568692800,14,10,-4,24,38,0.9267802167107638,-1.3683700410102586
280,1568707200,440,21,-419,461,38,-1.1713856720109683,0.6542653566463641
280,1568721600,631,34,-597,665,38,-2.07132188452294,1.598470439305291
280,1568736000,325,96,-229,421,38,-0.2107796024757174,0.46912710514461375
280,1568750400,277,164,-113,441,38,0.37569568208264625,0.5616962308954889
280,1568764800,58,85,27,143,38,1.083510680687568,-0.8175837427925513
280,1568779200,20,2,-18,22,38,0.8559987168502717,-1.377626953585346
280,1568793600,424,40,-384,464,38,-0.9944319223597378,0.6681507255089955
280,1568808000,654,66,-588,720,38,-2.025819491755481,1.8530355351201977
280,1568822400,317,88,-229,405,38,-0.2107796024757174,0.3950718045439136
280,1568836800,271,166,-105,437,38,0.41614225343149897,0.543182405745314
280,1568851200,53,87,34,140,38,1.118901430617814,-0.8314691116551826
280,1568865600,14,12,-2,26,38,0.936891859547977,-1.3591131284351712
280,1568880000,437,29,-408,466,38,-1.1157716364062957,0.6774076380840829
280,1568894400,648,47,-601,695,38,-2.0915451701973664,1.7373241279316038
280,1568908800,306,80,-226,386,38,-0.19561213821989765,0.3071311350805822
280,1568923200,318,180,-138,498,38,0.2493001466174817,0.8255182392854832
280,1568937600,48,61,13,109,38,1.0127291808270757,-0.9749512565690391
280,1568952000,15,8,-7,23,38,0.9116127524549441,-1.3729984972978024
280,1568966400,385,28,-357,413,38,-0.8579247440573601,0.4320994548442637
280,1568980800,653,48,-605,701,38,-2.111768455871793,1.7650948656568664
280,1568995200,293,94,-199,387,38,-0.059104959917519885,0.311759591368126
280,1569009600,308,156,-152,464,38,0.17851864675698953,0.6681507255089955
280,1569024000,76,64,-12,140,38,0.8863336453619112,-0.8314691116551826
280,1569038400,17,11,-6,28,38,0.9166685738735507,-1.3498562158600835
280,1569052800,58,9,-49,67,38,0.6992682528734676,-1.169346420645877
280,1569067200,301,79,-222,380,38,-0.17538885254547132,0.27936039735531965
280,1569081600,387,106,-281,493,38,-0.47368231624325974,0.8023759578477644
280,1569096000,270,96,-174,366,38,0.0672905755476447,0.214562009329707
280,1569110400,84,55,-29,139,38,0.8003846812455992,-0.8360975679427263
280,1569124800,14,11,-3,25,38,0.9318360381293704,-1.3637415847227148
280,1569139200,51,11,-40,62,38,0.7447706456409269,-1.1924887020835957
280,1569153600,242,54,-188,296,38,-0.0034909243128474713,-0.10942993079835613
280,1569168000,309,104,-205,413,38,-0.08943988842915938,0.4320994548442637
280,1569182400,230,106,-124,336,38,0.3200816464779739,0.07570832070339423
280,1569196800,43,45,2,88,38,0.9571151452224034,-1.072148838607458
280,1569211200,11,6,-5,17,38,0.9217243952921573,-1.400769235023065
280,1569225600,438,27,-411,465,38,-1.1309391006621157,0.6727791817965392
280,1569240000,620,42,-578,662,38,-1.975261277569415,1.5845850704426596
280,1569254400,277,72,-205,349,38,-0.08943988842915938,0.1358782524414631
280,1569268800,265,202,-63,467,38,0.6284867530129754,0.6820360943716267
280,1569283200,56,45,-11,101,39,0.8089416870655299,-0.876654656855885
280,1569297600,10,10,0,20,39,0.8566053854999482,-1.142819685202491
280,1569312000,451,29,-422,480,39,-0.9719474089841036,0.368734796765889
280,1569326400,668,50,-618,718,39,-1.8212278538155589,1.1507999417843116
280,1569340800,302,91,-211,393,39,-0.05767101174207763,0.08285384039360844
280,1569355200,294,203,-91,497,39,0.46229660754248686,0.42459659283863344
280,1569369600,51,61,10,112,39,0.8999360204403287,-0.840508788808815
280,1569384000,10,2,-8,12,39,0.821940877547644,-1.1691075892367235
280,1569398400,431,23,-408,454,39,-0.911284520067571,0.2832991086546327
280,1569412800,662,65,-597,727,39,-1.7302335204407602,1.1803738338228233
280,1569427200,346,115,-231,461,39,-0.14433228162283837,0.3063010246845863
280,1569441600,278,160,-118,438,39,0.3453038932034599,0.23072330058616733
280,1569456000,60,110,50,170,39,1.0732585602018503,-0.6499214845606279
280,1569470400,8,4,-4,12,39,0.8392731315237961,-1.1691075892367235
280,1569484800,440,29,-411,469,39,-0.9242837105496852,0.332588928718819
280,1569499200,645,58,-587,703,39,-1.6869028855003798,1.1015101217201253
280,1569513600,316,79,-237,395,39,-0.1703306625870666,0.0894258164021666
280,1569528000,274,170,-104,444,39,0.4059667821199924,0.25043922861184187
280,1569542400,66,87,21,153,39,0.9475997188747471,-0.7057832806333724
280,1569556800,9,6,-3,15,39,0.8436061950178342,-1.1592496252238864
280,1569571200,402,28,-374,430,39,-0.7639603612702778,0.20443539655193463
280,1569585600,608,57,-551,665,39,-1.5309125997150104,0.97664257755752
280,1569600000,333,113,-220,446,39,-0.09666858318841998,0.2570112046204
280,1569614400,323,182,-141,505,39,0.245643432840585,0.45088449687286614
280,1569628800,76,85,9,161,39,0.8956029569462907,-0.6794953765991397
280,1569643200,13,25,12,38,39,0.9086021474284047,-1.0836719011254674
280,1569657600,66,9,-57,75,39,0.6096207663397801,-0.9620903449671412
280,1569672000,328,100,-228,428,39,-0.13133309114072428,0.19786342054337647
280,1569686400,352,136,-216,488,39,-0.07933632921226783,0.3950227008001217
280,1569700800,279,78,-201,357,39,-0.014340376801697256,-0.0354417277604387
280,1569715200,77,54,-23,131,39,0.7569449251370735,-0.7780750167275123
280,1569729600,10,18,8,28,39,0.8912698934522526,-1.1165317811682582
280,1569744000,44,8,-36,52,39,0.7006150997145789,-1.0376680690655602
280,1569758400,230,227,-3,457,39,0.8436061950178342,0.29315707266747
280,1569772800,824,629,-195,1453,39,0.01165800416253097,3.5660011249294405
280,1569787200,1099,82,-1017,1181,39,-3.550120187936736,2.672212387765529
280,1569801600,64,35,-29,99,39,0.7309465441728452,-0.8832266328644431
280,1569816000,12,4,-8,16,39,0.821940877547644,-1.1559636372196074
280,1569830400,280,27,-253,307,39,-0.23965967849167522,-0.19974112797439303
280,1569844800,538,44,-494,582,39,-1.2839279805548423,0.7039055732023558
280,1569859200,294,80,-214,374,39,-0.07067020222419175,0.02042006831230578
280,1569873600,246,154,-92,400,39,0.45796354404844886,0.10585575642356204
280,1569888000,56,49,-7,105,40,0.8839362548069999,-0.9418946300290665
280,1569902400,7,3,-4,10,40,0.8995701638616997,-1.3781796978043133
280,1569916800,309,26,-283,335,40,-0.5543833782253895,0.11437448142679411
280,1569931200,591,59,-532,650,40,-1.8519978297654802,1.5610039166815597
280,1569945600,298,89,-209,387,40,-0.16874695487612573,0.3531831501037713
280,1569960000,266,160,-106,426,40,0.36801725600190366,0.5322896516115042
280,1569974400,56,60,4,116,40,0.9412605880075661,-0.8913774116550905
280,1569988800,6,7,1,13,40,0.9256266789528662,-1.3644022746114108
280,1570003200,434,26,-408,460,40,-1.2057962555045514,0.6884337811310662
280,1570017600,687,58,-629,745,40,-2.35749422253411,1.9972889844568065
280,1570032000,299,93,-206,392,40,-0.15311304582142585,0.3761455220919422
280,1570046400,246,191,-55,437,40,0.6337937099318017,0.5828068699854801
280,1570060800,52,78,26,130,40,1.0559092544086985,-0.8270827700882121
280,1570075200,6,4,-2,10,40,0.9099927698981664,-1.3781796978043133
280,1570089600,405,32,-373,437,40,-1.0234006498663861,0.5828068699854801
280,1570104000,666,46,-620,712,40,-2.31059249537001,1.8457373293348787
280,1570118400,289,70,-219,359,40,-0.2208599850584587,0.22459386697001435
280,1570132800,254,177,-77,431,40,0.5191450435306693,0.5552520235996751
280,1570147200,56,81,25,137,40,1.0506979513904653,-0.7949354493047729
280,1570161600,9,3,-6,12,40,0.8891475578252331,-1.3689947490090448
280,1570176000,402,22,-380,424,40,-1.0598797709940193,0.5231047028162359
280,1570190400,635,79,-556,714,40,-1.9770691022030793,1.854922278130147
280,1570204800,331,82,-249,413,40,-0.37719907560545757,0.4725874844422599
280,1570219200,343,150,-193,493,40,-0.08536610658439302,0.839985436252994
280,1570233600,86,69,-17,155,40,0.831823224624667,-0.7122709101473577
280,1570248000,11,11,0,22,40,0.920415375934633,-1.3230700050327031
280,1570262400,69,6,-63,75,40,0.5921032857859353,-1.0796688619580919
280,1570276800,305,87,-218,392,40,-0.2156486820402254,0.3761455220919422
280,1570291200,318,128,-190,446,40,-0.06973219752969313,0.6241391395641878
280,1570305600,275,127,-148,402,40,0.14914252923610527,0.42207026606828396
280,1570320000,81,60,-21,141,40,0.8109780125517337,-0.7765655517142361
280,1570334400,13,6,-7,19,40,0.8839362548069999,-1.3368474282256058
280,1570348800,38,12,-26,50,40,0.7849214974605673,-1.1944807218989462
280,1570363200,239,37,-202,276,40,-0.13226783374849269,-0.1565815080336223
280,1570377600,294,150,-144,444,40,0.16998774130903843,0.6149541907689193
280,1570392000,161,85,-76,246,40,0.5243563465489025,-0.2943557399626476
280,1570406400,35,33,-2,68,40,0.9099927698981664,-1.111816182741531
280,1570420800,7,6,-1,13,40,0.9152040729163996,-1.3644022746114108
280,1570435200,426,27,-399,453,40,-1.1588945283404517,0.6562864603476269
280,1570449600,606,47,-559,653,40,-1.9927030112577793,1.5747813398744623
280,1570464000,293,85,-208,378,40,-0.16353565185789246,0.3118508805250637
280,1570478400,261,182,-79,443,40,0.5087224374942027,0.6103617163712852
280,1570492800,49,70,21,119,41,0.8299541534472666,-0.48959263773134404
280,1570507200,6,9,3,15,41,0.7384898181694046,-0.9314398777335157
280,1570521600,425,35,-390,460,41,-1.2584815020639164,0.9591564857373148
280,1570536000,641,54,-587,695,41,-2.2595078381605176,1.957561306896068
280,1570550400,330,94,-236,424,41,-0.47595330024220794,0.8062093641981016
280,1570564800,267,181,-86,448,41,0.28624949373997566,0.9081741118909105
280,1570579200,55,50,-5,105,41,0.6978390024903548,-0.5490720738854825
280,1570593600,10,6,-4,16,41,0.702920354450236,-0.9271913465796486
280,1570608000,282,25,-257,307,41,-0.5826616913997137,0.3091312191956585
280,1570622400,566,44,-522,610,41,-1.9292199607682379,1.59643615881737
280,1570636800,256,86,-170,342,41,-0.14058407089004715,0.4578298095810047
280,1570651200,216,145,-71,361,41,0.36246977313819406,0.5385519015044784
280,1570665600,53,62,9,115,41,0.768977929928692,-0.5065867623468121
280,1570680000,7,7,0,14,41,0.723245762289761,-0.9356884088873827
280,1570694400,482,32,-450,514,41,-1.5633626196567898,1.1885771680461348
280,1570708800,748,35,-713,783,41,-2.8997581851055516,2.3314320484363673
280,1570723200,344,71,-273,415,41,-0.6639633227578132,0.7679725838132982
280,1570737600,303,166,-137,469,41,0.027100543786033243,0.9973932661221182
280,1570752000,44,96,52,140,41,0.9874760642035846,-0.4003734835001363
280,1570766400,17,7,-10,24,41,0.6724322426909487,-0.8932030973487123
280,1570780800,385,30,-355,415,41,-1.0806341834680737,0.7679725838132982
280,1570795200,585,52,-533,637,41,-1.9851148323269314,1.71114649997178
280,1570809600,333,105,-228,438,41,-0.4353024845631582,0.86568880035224
280,1570824000,307,162,-145,469,41,-0.01355027189301655,0.9973932661221182
280,1570838400,60,81,21,141,41,0.8299541534472666,-0.39612495234626927
280,1570852800,4,4,0,8,41,0.723245762289761,-0.9611795958105849
280,1570867200,0,0,0,0,41,0.723245762289761,-0.9951678450415211
280,1570881600,0,0,0,0,41,0.723245762289761,-0.9951678450415211
280,1570896000,0,2,2,2,41,0.7334084662095234,-0.986670782733787
280,1570910400,0,0,0,0,41,0.723245762289761,-0.9951678450415211
280,1570924800,0,1,1,1,41,0.7283271142496421,-0.9909193138876541
280,1570939200,0,0,0,0,41,0.723245762289761,-0.9951678450415211
280,1570953600,0,0,0,0,41,0.723245762289761,-0.9951678450415211
280,1570968000,0,0,0,0,41,0.723245762289761,-0.9951678450415211
280,1570982400,0,0,0,0,41,0.723245762289761,-0.9951678450415211
280,1570996800,1,0,-1,1,41,0.7181644103298798,-0.9909193138876541
280,1571011200,0,0,0,0,41,0.723245762289761,-0.9951678450415211
280,1571025600,0,0,0,0,41,0.723245762289761,-0.9951678450415211
280,1571040000,170,8,-162,178,41,-0.09993325521099736,-0.23892929965318896
280,1571054400,444,43,-401,487,41,-1.3143763736226097,1.0738668268917249
280,1571068800,294,66,-228,360,41,-0.4353024845631582,0.5343033703506114
280,1571083200,224,101,-123,325,41,0.09823947122437038,0.38560477996526515
280,1571097600,51,44,-7,95,42,0.9112328513507001,-0.9947423429177606
280,1571112000,9,7,-2,16,42,0.9377809782629708,-1.3625331935753413
280,1571126400,355,16,-339,371,42,-0.8515627756240727,0.2901978441897366
280,1571140800,642,52,-590,694,42,-2.184278746620061,1.793950309536554
280,1571155200,284,69,-215,353,42,-0.19316922819975996,0.20639739720446504
280,1571169600,274,153,-121,427,42,0.30593555775092873,0.5509103459216925
280,1571184000,51,58,7,109,42,0.985567606705058,-0.9295642174847716
280,1571198400,7,8,1,15,42,0.9537098544103332,-1.3671887739634119
280,1571212800,366,15,-351,381,42,-0.9152782802135223,0.336753648070443
280,1571227200,642,43,-599,685,42,-2.232065375062148,1.7520500860439183
280,1571241600,269,74,-195,343,42,-0.08697672055067725,0.15984159332375864
280,1571256000,222,181,-41,403,42,0.7307055883472595,0.43917641660799717
280,1571270400,40,71,31,111,42,1.1129986158839573,-0.9202530567086303
280,1571284800,9,5,-4,14,42,0.9271617274980626,-1.3718443543514827
280,1571299200,410,28,-382,438,42,-1.0798766670696005,0.6021217301904697
280,1571313600,658,56,-602,714,42,-2.2479942512095104,1.8870619172979668
280,1571328000,332,99,-233,431,42,-0.2887424850839344,0.5695326674739751
280,1571342400,283,157,-126,440,42,0.2793874308386581,0.6114328909666109
280,1571356800,58,93,35,151,42,1.1342371174137738,-0.7340298411858046
280,1571371200,12,6,-6,18,42,0.9165424767331543,-1.3532220327992
280,1571385600,379,28,-351,407,42,-0.9152782802135223,0.4577987381602797
280,1571400000,597,62,-535,659,42,-1.8922493505850833,1.6310049959540815
280,1571414400,354,125,-229,479,42,-0.26750398355411786,0.793000526101366
280,1571428800,332,143,-189,475,42,-0.055118968255952444,0.7743782045490833
280,1571443200,63,88,25,151,42,1.0811408635892326,-0.7340298411858046
280,1571457600,12,16,4,28,42,0.9696387305576957,-1.3066662289184936
280,1571472000,74,5,-69,79,42,0.5820360776385438,-1.0692316291268908
280,1571486400,330,86,-244,416,42,-0.3471483642909299,0.4996989616529155
280,1571500800,360,168,-192,528,42,-0.07104784440331485,1.0211239651168273
280,1571515200,329,107,-222,436,42,-0.2303366058769389,0.5928105694143283
280,1571529600,79,53,-26,132,42,0.8103499690840715,-0.8224858685591468
280,1571544000,9,12,3,21,42,0.9643291051752415,-1.339255291634988
280,1571558400,58,5,-53,63,42,0.6669900837578099,-1.1437209153360213
280,1571572800,249,64,-185,313,42,-0.0338804667261359,0.020174181681639362
280,1571587200,293,102,-191,395,42,-0.06573821902086072,0.401931773503432
280,1571601600,152,66,-86,218,42,0.49177244613682347,-0.42210595518507166
280,1571616000,34,28,-6,62,42,0.9165424767331543,-1.1483764957240918
280,1571630400,6,3,-3,9,42,0.9324713528805166,-1.3951222562918357
280,1571644800,389,27,-362,416,42,-0.9736841594205178,0.4996989616529155
280,1571659200,586,52,-534,638,42,-1.8869397252026292,1.533237807804598
280,1571673600,299,84,-215,383,42,-0.19316922819975996,0.3460648088465843
280,1571688000,275,172,-103,447,42,0.4015088146351032,0.6440219536831054
280,1571702400,50,56,6,106,43,0.977428425004328,-0.9338313548986846
280,1571716800,6,5,-1,11,43,0.9412136856279861,-1.3632409556876384
280,1571731200,391,16,-375,407,43,-0.9936881039079918,0.42671906444315844
280,1571745600,609,53,-556,662,43,-1.930097793496259,1.5793448349819292
280,1571760000,282,91,-191,373,43,-0.041757811729863606,0.27303562837132234
280,1571774400,260,154,-106,414,43,0.39799259498285866,0.45835977186971294
280,1571788800,42,59,17,101,43,1.0343373011671508,-0.9564318602033665
280,1571803200,10,4,-6,14,43,0.9153460146448849,-1.3496806525048295
280,1571817600,419,26,-393,445,43,-1.0868117194471565,0.59848290475874
280,1571832000,685,69,-616,754,43,-2.2405098452934746,1.995194132588074
280,1571846400,330,94,-236,424,43,-0.2745668505777754,0.5035607824790765
280,1571860800,253,163,-90,416,43,0.48076914212878286,0.46739997399158567
280,1571875200,54,56,2,110,43,0.956734288217847,-0.9157509506549393
280,1571889600,13,2,-11,15,43,0.8894783436617836,-1.3451605514438931
280,1571904000,429,27,-402,456,43,-1.133373527216739,0.6482040164290399
280,1571918400,672,75,-597,747,43,-2.14221269555769,1.9635534251615194
280,1571932800,316,91,-225,407,43,-0.21765797441495252,0.42671906444315844
280,1571947200,305,159,-146,464,43,0.19105122711804817,0.6843648249165307
280,1571961600,51,91,40,142,43,1.1533285876894168,-0.7711077167049758
280,1571976000,9,4,-5,13,43,0.9205195488415051,-1.3542007535657659
280,1571990400,365,27,-338,392,43,-0.8022673386330421,0.3589175485291131
280,1572004800,610,56,-554,666,43,-1.9197507251030186,1.5974252392256747
280,1572019200,352,112,-240,464,43,-0.29526098736425643,0.6843648249165307
280,1572033600,331,147,-184,478,43,-0.005543072353521772,0.7476462397696397
280,1572048000,72,78,6,150,43,0.977428425004328,-0.734946908217485
280,1572062400,11,13,2,24,43,0.956734288217847,-1.3044796418954658
280,1572076800,74,7,-67,81,43,0.5997604286510488,-1.0468338814220937
280,1572091200,302,91,-211,393,43,-0.14522849566226884,0.3634376495900495
280,1572105600,380,159,-221,539,43,-0.19696383762847147,1.0233724044867574
280,1572120000,322,95,-227,417,43,-0.22800504280819303,0.47192007505252204
280,1572134400,97,66,-31,163,43,0.7860076597293784,-0.6761855944253123
280,1572148800,14,14,0,28,43,0.9463872198246065,-1.2863992376517204
280,1572163200,56,2,-54,58,43,0.6670163732071123,-1.1507962058236296
280,1572177600,211,33,-178,244,43,0.0254981328261998,-0.31005740848946756
280,1572192000,193,85,-108,278,43,0.38764552658961815,-0.15637397241763146
280,1572206400,159,84,-75,243,43,0.5583721550780868,-0.3145775095504039
280,1572220800,40,25,-15,65,43,0.8687842068753026,-1.1191554983970753
280,1572235200,5,7,2,12,43,0.956734288217847,-1.358720854626702
280,1572249600,402,26,-376,428,43,-0.998861638104612,0.5216411867228219
280,1572264000,641,42,-599,683,43,-2.15255976395093,1.6742669572615927
280,1572278400,339,78,-261,417,43,-0.40390520549328196,0.47192007505252204
280,1572292800,244,181,-63,425,43,0.62045456543753,0.5080808835400129
280,1572307200,47,58,11,105,44,0.9236793254446508,-0.8870403222199131
280,1572321600,8,4,-4,12,44,0.8523292458144952,-1.286328283561362
280,1572336000,427,29,-398,456,44,-1.0217995124709272,0.6199497254236203
280,1572350400,676,37,-639,713,44,-2.1681574585287615,1.7233583927865492
280,1572364800,283,71,-212,354,44,-0.13705852505699678,0.18202099362977295
280,1572379200,280,176,-104,456,44,0.37666204828012406,0.6199497254236203
280,1572393600,61,61,0,122,44,0.8713559337158701,-0.8140522002542719
280,1572408000,10,3,-7,13,44,0.838059229888464,-1.2820348646222068
280,1572422400,413,27,-386,440,44,-0.9647194487668025,0.5512550223971344
280,1572436800,706,62,-644,768,44,-2.19194081840548,1.9594964344400945
280,1572451200,293,81,-212,374,44,-0.13705852505699678,0.26788937241288024
280,1572465600,260,161,-99,421,44,0.4004454081568426,0.46968006255318245
280,1572480000,61,84,23,145,44,0.9807593891487754,-0.7153035646536985
280,1572494400,10,5,-5,15,44,0.8475725738391515,-1.2734480267438961
280,1572508800,383,27,-356,410,44,-0.8220192895064912,0.4224524542224734
280,1572523200,662,50,-612,712,44,-2.0397273151944812,1.719064973847394
280,1572537600,275,65,-210,340,44,-0.12754518110630936,0.12191312848159781
280,1572552000,255,183,-72,438,44,0.5288755514911229,0.5426681845188237
280,1572566400,61,66,5,127,44,0.8951392935925886,-0.7925851055584952
280,1572580800,6,5,-1,11,44,0.8665992617405263,-1.2906217025005176
280,1572595200,366,24,-342,390,44,-0.7554258818516792,0.3365840754393661
280,1572609600,646,53,-593,699,44,-1.949350547662951,1.6632505276383742
280,1572624000,342,94,-248,436,44,-0.3082987161693704,0.5340813466405129
280,1572638400,317,157,-160,474,44,0.11028841766087621,0.6972312663284168
280,1572652800,65,72,7,137,44,0.904652637543276,-0.7496509161669415
280,1572667200,16,15,-1,31,44,0.8665992617405263,-1.2047533237174102
280,1572681600,61,4,-57,65,44,0.6002256311212785,-1.0587770797861278
280,1572696000,295,74,-221,369,44,-0.17986857283509017,0.24642227771710343
280,1572710400,381,141,-240,522,44,-0.2702453403666207,0.9033153754078744
280,1572724800,310,96,-214,406,44,-0.14657186900768418,0.405278778465852
280,1572739200,79,54,-25,133,44,0.7524391343322773,-0.7668245919235629
280,1572750000,12,6,-6,18,44,0.8428159018638077,-1.26056776992643
280,1572764400,31,3,-28,34,44,0.7381691184062461,-1.1918730668999442
280,1572778800,216,48,-168,264,44,0.07223504185812653,-0.20438671089420998
280,1572793200,350,91,-259,441,44,-0.3606221078981512,0.5555484413362898
280,1572807600,262,99,-163,361,44,0.09601840173484508,0.2120749262038605
280,1572822000,63,53,-10,116,44,0.8237892139624329,-0.8398127138892041
280,1572836400,14,4,-10,18,44,0.8237892139624329,-1.26056776992643
280,1572850800,126,13,-113,139,44,0.3338520005020306,-0.7410640782886307
280,1572865200,851,43,-808,894,44,-2.972035022361849,2.5004672207736705
280,1572879600,258,81,-177,339,44,0.029424994080033125,0.11761970954244245
280,1572894000,330,192,-138,522,44,0.21493520111843786,0.9033153754078744
280,1572908400,70,89,19,159,44,0.9617327012474005,-0.6551956995055234
280,1572922800,10,10,0,20,45,0.7593673582589179,-1.0328678700925877
280,1572937200,113,15,-98,128,45,0.33784934792935534,-0.6281785154463083
280,1572951600,808,55,-753,863,45,-2.4794393945794555,2.125957370340872
280,1572966000,298,59,-239,357,45,-0.26862044244277034,0.22991280134996955
280,1572980400,350,171,-179,521,45,-0.010548191220589196,0.8444410806276532
280,1572994800,58,74,16,132,45,0.8281866252514996,-0.6131900208297794
280,1573009200,14,6,-8,20,45,0.7249577247626271,-1.0328678700925877
280,1573023600,124,10,-114,134,45,0.2690300809367737,-0.6056957735215149
280,1573038000,885,54,-831,939,45,-2.814933321168291,2.4107387680549204
280,1573052400,311,54,-257,365,45,-0.3460421178094247,0.2598897905830273
280,1573066800,324,151,-173,475,45,0.015259033901628917,0.6720733925375713
280,1573081200,60,100,40,160,45,0.931415525740372,-0.5082705585140773
280,1573095600,0,0,0,0,45,0.7593673582589179,-1.1078103431752322
280,1573110000,122,6,-116,128,45,0.260427672562701,-0.6281785154463083
280,1573124400,892,58,-834,950,45,-2.8278369337294,2.451957128250375
280,1573138800,271,58,-213,329,45,-0.15678913357982519,0.12499333903426744
280,1573153200,337,152,-185,489,45,-0.03635541634280731,0.7245331236954222
280,1573167600,50,101,51,151,45,0.9787287717977718,-0.5419946714012672
280,1573182000,0,0,0,0,45,0.7593673582589179,-1.1078103431752322
280,1573196400,111,14,-97,125,45,0.34215055211639167,-0.639419886408705
280,1573210800,813,71,-742,884,45,-2.4321261485220558,2.2046469670776485
280,1573225200,289,72,-217,361,45,-0.17399395032797058,0.2449012959664984
280,1573239600,366,165,-201,531,45,-0.10517468333538894,0.8819123171689754
280,1573254000,76,88,12,164,45,0.8109818085033541,-0.4932820638975485
280,1573268400,18,12,-6,30,45,0.7335601331366998,-0.9953966335512656
280,1573282800,34,4,-30,38,45,0.6303312326478273,-0.9654196443182078
280,1573297200,221,43,-178,264,45,-0.006246987033552844,-0.11856969848432669
280,1573311600,373,116,-257,489,45,-0.3460421178094247,0.7245331236954222
280,1573326000,300,88,-212,388,45,-0.15248792939278882,0.3460736346280683
280,1573340400,92,66,-26,158,45,0.6475360493959728,-0.5157648058223417
280,1573354800,14,19,5,33,45,0.7808733791940996,-0.984155262588869
280,1573369200,21,6,-15,27,45,0.6948492954533726,-1.0066380045136623
280,1573383600,188,30,-158,218,45,0.0797770967071742,-0.2909373865744087
280,1573398000,310,109,-201,419,45,-0.10517468333538894,0.462234467906167
280,1573412400,245,94,-151,339,45,0.10988552601642868,0.16246457557558963
280,1573426800,43,34,-9,77,45,0.7206565205755907,-0.8192818218070513
280,1573441200,8,5,-3,13,45,0.7464637456978088,-1.0590977356715132
280,1573455600,82,15,-67,97,45,0.4711866777274823,-0.744339348724407
280,1573470000,664,59,-605,723,45,-1.8428611748980752,1.601360058762361
280,1573484400,269,60,-209,329,45,-0.13958431683167977,0.12499333903426744
280,1573498800,298,136,-162,434,45,0.0625722799590288,0.5184413227181502
280,1573513200,54,61,7,115,45,0.7894757875681724,-0.6768911229500271
280,1573527600,0,0,0,0,46,0.6892412527990674,-1.0584004029972314
280,1573542000,134,14,-120,148,46,0.2206353018875202,-0.5229550619839011
280,1573556400,894,50,-844,944,46,-2.606620601945482,2.3568725829256327
280,1573570800,216,50,-166,266,46,0.04100302070476039,-0.09604593874354299
280,1573585200,316,181,-135,497,46,0.16205955802357677,0.7396829381083444
280,1573599600,45,86,41,131,46,0.8493482860271795,-0.5844589187219187
280,1573614000,0,0,0,0,46,0.6892412527990674,-1.0584004029972314
280,1573628400,104,13,-91,117,46,0.33388174002447746,-0.6351091536826392
280,1573642800,924,33,-891,957,46,-2.7901579327191715,2.4039049439605877
280,1573657200,316,86,-230,402,46,-0.2089201531147315,0.39598491516059847
280,1573671600,302,142,-160,444,46,0.06443331825033775,0.5479356200427599
280,1573686000,53,109,56,162,46,0.9079240298911229,-0.4723048270231806
280,1573700400,0,0,0,0,46,0.6892412527990674,-1.0584004029972314
280,1573714800,110,12,-98,122,46,0.30654639288797053,-0.6170197840538104
280,1573729200,874,50,-824,924,46,-2.5285196101268905,2.284515104410318
280,1573743600,256,55,-201,311,46,-0.09567371497777424,0.0667583879159156
280,1573758000,347,132,-215,479,46,-0.1503444092507881,0.6745612074445609
280,1573772400,56,97,41,153,46,0.8493482860271795,-0.5048656923550723
280,1573786800,0,4,4,4,46,0.7048614511627858,-1.0439289072941684
280,1573801200,106,21,-85,127,46,0.3573120375700548,-0.5989304144249817
280,1573815600,838,55,-783,893,46,-2.3684125768987787,2.1723610127115798
280,1573830000,285,57,-228,342,46,-0.20111005393287237,0.17891247961465373
280,1573844400,352,137,-215,489,46,-0.1503444092507881,0.7107399467022184
280,1573858800,85,108,23,193,46,0.7790573933904474,-0.3601507353244425
280,1573873200,14,11,-3,25,46,0.6775261040262788,-0.9679535548530878
280,1573887600,25,5,-20,30,46,0.6111402609804762,-0.9498641852242591
280,1573902000,207,29,-178,236,46,-0.005857574386394341,-0.20458215651651537
280,1573916400,343,100,-243,443,46,-0.2596857977968158,0.5443177461169941
280,1573930800,272,76,-196,348,46,-0.07614846702312644,0.2006197231692482
280,1573945200,101,59,-42,160,46,0.5252291699800259,-0.4795405748747121
280,1573959600,15,26,11,41,46,0.7321967982992926,-0.9100675720408359
280,1573974000,24,5,-19,29,46,0.6150453105714059,-0.9534820591500248
280,1573988400,182,28,-154,210,46,0.08786361579591512,-0.29864687858642475
280,1574002800,291,94,-197,385,46,-0.080053516614056,0.3344810584225808
280,1574017200,206,81,-125,287,46,0.20111005393287237,-0.020070586302462314
280,1574031600,49,41,-8,90,46,0.6580008560716311,-0.7327917496783143
280,1574046000,7,5,-2,12,46,0.6814311536172084,-1.0149859158880425
280,1574060400,99,11,-88,110,46,0.34559688879726613,-0.6604342711629994
280,1574074800,846,43,-803,889,46,-2.44651356871737,2.157889517008517
280,1574089200,217,39,-178,256,46,-0.005857574386394341,-0.13222467800120044
280,1574103600,299,194,-105,493,46,0.2792110457514636,0.7252114424052813
280,1574118000,40,98,58,138,46,0.915734129072982,-0.5591338012415585
280,1574132400,0,1,1,1,47,0.7246095848595809,-1.0578821545327217
280,1574146800,108,9,-99,117,47,0.32678471474059534,-0.6362524214761592
280,1574161200,884,53,-831,937,47,-2.5852933345303795,2.3442336225443694
280,1574175600,259,54,-205,313,47,-0.09490964758552944,0.07615643782630854
280,1574190000,364,162,-202,526,47,-0.08297490148195988,0.8503558614560311
280,1574204400,67,93,26,160,47,0.8240658023893274,-0.4799586411189852
280,1574218800,0,6,6,6,47,0.7445008283655302,-1.0397084591423527
280,1574233200,115,7,-108,122,47,0.2909804764298866,-0.6180787260857902
280,1574247600,888,55,-833,943,47,-2.5932498319327593,2.366042057012812
280,1574262000,273,67,-206,340,47,-0.0988878962867193,0.17429439293430155
280,1574276400,328,170,-158,498,47,0.0920680413703938,0.7485831672699643
280,1574290800,64,120,56,184,47,0.9434132634250231,-0.3927249032452136
280,1574305200,0,2,2,2,47,0.7285878335607708,-1.054247415454648
280,1574319600,105,16,-89,121,47,0.36656720175249385,-0.6217134651638639
280,1574334000,930,53,-877,983,47,-2.768292774785113,2.5114316201357645
280,1574348400,279,42,-237,321,47,-0.22221360602360485,0.10523435045089907
280,1574362800,334,167,-167,501,47,0.05626380305968509,0.7594873845041858
280,1574377200,58,111,53,169,47,0.9314785173214535,-0.4472459894163208
280,1574391600,0,0,0,0,47,0.720631336158391,-1.0615168936107955
280,1574406000,103,10,-93,113,47,0.35065420694773447,-0.6507913777884545
280,1574420400,814,37,-777,851,47,-2.3704679046661274,2.031646061830021
280,1574434800,279,78,-201,357,47,-0.07899665278077002,0.2360849572615564
280,1574449200,369,143,-226,512,47,-0.17845287031051643,0.7994695143629977
280,1574463600,88,54,-34,142,47,0.5853708803179359,-0.5453839445243138
280,1574478000,13,13,0,26,47,0.720631336158391,-0.9670136775808764
280,1574492400,26,6,-20,32,47,0.641066362134594,-0.9452052431124335
280,1574506800,237,37,-200,274,47,-0.07501840407958016,-0.06559838621857024
280,1574521200,316,91,-225,407,47,-0.17447462160932656,0.4178219111652472
280,1574535600,309,74,-235,383,47,-0.21425710862122513,0.3305881732914756
280,1574550000,101,48,-53,149,47,0.5097841549953287,-0.5199407709777971
280,1574564400,17,22,5,39,47,0.7405225796643403,-0.9197620695659168
280,1574578800,17,4,-13,21,47,0.668914103042923,-0.9851873729712455
280,1574593200,167,24,-143,191,47,0.15174177188824164,-0.3672817296986969
280,1574607600,247,55,-192,302,47,-0.043192414470061315,0.03617430796749658
280,1574622000,181,65,-116,246,47,0.25915448682036774,-0.16737108040463708
280,1574636400,45,52,7,97,47,0.7484790770667201,-0.7089472030376355
280,1574650800,8,8,0,16,47,0.720631336158391,-1.0033610683616145
280,1574665200,109,5,-104,114,47,0.30689347123464605,-0.6471566387103806
280,1574679600,817,37,-780,854,47,-2.3824026507696967,2.0425502790642427
280,1574694000,275,68,-207,343,47,-0.10286614498790915,0.18519861016852301
280,1574708400,275,131,-144,406,47,0.1477635231870518,0.41418717208717337
280,1574722800,68,79,11,147,47,0.7643920718714795,-0.5272102491339448
280,1574737200,14,4,-10,18,48,0.6700569725907048,-0.976250847115535
280,1574751600,115,6,-109,121,48,0.12610990268985547,-0.48149204151316805
280,1574766000,796,41,-755,837,48,-3.4232820887843736,2.9578021799557135
280,1574780400,233,52,-181,285,48,-0.26948796632894406,0.3062792606109891
280,1574794800,293,155,-138,448,48,-0.033228127887161014,1.0892470791856086
280,1574809200,82,77,-5,159,48,0.6975290468281214,-0.2989596666307414
280,1574823600,9,15,6,24,48,0.757967610150438,-0.9474299458183097
280,1574838000,98,7,-91,105,48,0.22500936994455534,-0.5583477783057688
280,1574852400,664,38,-626,702,48,-2.7145025734590247,2.3093319007681448
280,1574866800,265,71,-194,336,48,-0.3409153593462273,0.5512569216374038
280,1574881200,298,161,-137,459,48,-0.027733713039677685,1.1420853982305217
280,1574895600,71,63,-8,134,48,0.6810458022856715,-0.41904675536918
280,1574910000,17,7,-10,24,48,0.6700569725907048,-0.9474299458183097
280,1574924400,45,9,-36,54,48,0.5272021865561383,-0.8033254393321835
280,1574938800,134,15,-119,149,48,0.07116575421502219,-0.3469945021261168
280,1574953200,207,57,-150,264,48,-0.09916110605696093,0.20540610607070064
280,1574967600,151,38,-113,189,48,0.10413224329992216,-0.15485516014461512
280,1574982000,79,37,-42,116,48,0.49423569747123836,-0.5055094592608558
280,1574996400,14,7,-7,21,48,0.6865402171331548,-0.9618403964669224
280,1575010800,40,6,-34,46,48,0.538191016251105,-0.8417533077284838
280,1575025200,256,26,-230,282,48,-0.5387142938556271,0.29186880996237646
280,1575039600,287,56,-231,343,48,-0.5442087087031104,0.5848813064841666
280,1575054000,258,74,-184,332,48,-0.28597121087139404,0.5320429874392536
280,1575068400,79,55,-24,134,48,0.5931351647259382,-0.41904675536918
280,1575082800,11,6,-5,17,48,0.6975290468281214,-0.9810543306650725
280,1575097200,24,3,-21,27,48,0.6096184092683882,-0.9330194951696972
280,1575111600,158,29,-129,187,48,0.016221605740188928,-0.1644621272436902
280,1575126000,274,88,-186,362,48,-0.2969600405663607,0.6761474939253799
280,1575140400,289,94,-195,383,48,-0.34640977419371066,0.7770206484656683
280,1575154800,84,50,-34,134,48,0.538191016251105,-0.41904675536918
280,1575169200,17,18,1,35,48,0.7304955359130214,-0.8945916267733968
280,1575183600,16,6,-10,22,48,0.6700569725907048,-0.9570369129173849
280,1575198000,132,19,-113,151,48,0.10413224329992216,-0.3373875350270418
280,1575212400,198,67,-131,265,48,0.005232776045222275,0.2102095896202382
280,1575226800,134,66,-68,200,48,0.3513809114366719,-0.10201684109970213
280,1575241200,57,28,-29,85,48,0.5656630904885216,-0.6544174492965196
280,1575255600,12,5,-7,17,48,0.6865402171331548,-0.9810543306650725
280,1575270000,112,9,-103,121,48,0.15907639177475544,-0.48149204151316805
280,1575284400,844,33,-811,877,48,-3.7309693202434397,3.149941521937215
280,1575298800,212,52,-160,264,48,-0.1541052545317942,0.20540610607070064
280,1575313200,284,154,-130,438,48,0.010727190892705601,1.0412122436902331
280,1575327600,54,71,17,125,48,0.8184061734727547,-0.4622781073150179
280,1575342000,7,5,-2,12,49,0.6780058055408635,-0.9997561511124989
280,1575356400,108,10,-98,118,49,0.29737096734248397,-0.609362422982166
280,1575370451,855,35,-820,890,49,-2.5653202116078284,2.233882464910446
280,1575370800,13,2,-11,15,49,0.6423212894597654,-0.9887072720144706
280,1575385200,249,45,-204,294,49,-0.12291333316822671,0.0388384841021601
280,1575399600,320,166,-154,486,49,0.07533397839342927,0.7459667463759705
280,1575414000,66,109,43,175,49,0.8564283859463538,-0.39943372011962863
280,1575428400,10,6,-4,16,49,0.6700759130783972,-0.9850243123151279
280,1575441442,76,5,-71,81,49,0.40442451558577824,-0.7456319318578483
280,1575442800,43,8,-35,51,49,0.5471625799101706,-0.8561207228381311
280,1575457200,907,47,-860,954,49,-2.7239180608571534,2.469591885668383
280,1575471600,291,47,-244,338,49,-0.2815111824175515,0.20088871087324164
280,1575486000,288,157,-131,445,49,0.16652774171179102,0.5949653987029172
280,1575500400,64,95,31,159,49,0.8088490311715565,-0.4583610753091128
280,1575514800,7,13,6,20,49,0.7097253753907284,-0.9702924735177568
280,1575529200,119,9,-110,128,49,0.24979161256768656,-0.5725328259887384
280,1575543600,909,43,-866,952,49,-2.747707738244552,2.4622259662696977
280,1575558000,256,42,-214,298,49,-0.1625627954805579,0.05357032289953115
280,1575572400,328,173,-155,501,49,0.07136903216219616,0.8012111418661119
280,1575586800,82,115,33,197,49,0.8167789236340227,-0.31840860673408783
280,1575601200,8,14,6,22,49,0.7097253753907284,-0.9629265541190712
280,1575615600,110,11,-99,121,49,0.29340602111125086,-0.5983135438841378
280,1575630000,844,57,-787,901,49,-2.4344769859771356,2.2743950216032167
280,1575644400,262,58,-204,320,49,-0.12291333316822671,0.13459543628507192
280,1575658800,337,163,-174,500,49,-0.00396494623123312,0.7975281821667691
280,1575673200,98,95,-3,193,49,0.6740408593096304,-0.3331404455314589
280,1575687600,16,17,1,33,49,0.6899006442345629,-0.9224139974263009
280,1575702000,34,6,-28,40,49,0.5749172035288024,-0.8966332795309016
280,1575716400,247,32,-215,279,49,-0.16652774171179102,-0.01640591138798134
280,1575730800,326,80,-246,406,49,-0.28944107488001775,0.4513299704285495
280,1575745200,295,85,-210,380,49,-0.14670301055562543,0.35557301824563764
280,1575759600,90,70,-20,160,49,0.6066367733786673,-0.45467811560977006
280,1575774000,30,19,-11,49,49,0.6423212894597654,-0.8634866422368167
280,1575788400,18,3,-15,21,49,0.626461504534833,-0.966609513818414
280,1575802800,182,20,-162,202,49,0.04361440854356432,-0.29999380823737404
280,1575817200,298,67,-231,365,49,-0.22996688141152094,0.3003286227554962
280,1575831600,189,95,-94,284,49,0.3132307522674165,0.002008887108732473
280,1575846000,57,61,4,118,49,0.7017954829282622,-0.609362422982166
280,1575860400,16,5,-11,21,49,0.6423212894597654,-0.966609513818414
280,1575874800,107,15,-92,122,49,0.3211606447298827,-0.594630584184795
280,1575889200,870,40,-830,910,49,-2.6049696739201598,2.3075416588973017
280,1575903600,252,47,-205,299,49,-0.12687827939945984,0.05725328259887391
280,1575918000,307,144,-163,451,49,0.0396494623123312,0.6170631568989737
280,1575932400,51,94,43,145,49,0.8564283859463538,-0.5099225110999115
280,1575946800,3,9,6,12,50,0.7478201980430612,-1.0713309544213436
280,1575961200,123,5,-118,128,50,0.25706319307730235,-0.6375994927343911
280,1575975600,892,34,-858,926,50,-2.6716479655893233,2.346173838525851
280,1575990000,246,45,-201,291,50,-0.07142738282719759,-0.02813200777772514
280,1576004400,339,174,-165,513,50,0.07105045732415177,0.8019402723473046
280,1576018800,57,109,52,166,50,0.9298752160142298,-0.4955150483886653
280,1576033200,12,9,-3,21,50,0.7122007380052239,-1.037679375497356
280,1576047600,120,13,-107,133,50,0.30059808867910354,-0.6189041711099535
280,1576062000,889,31,-858,920,50,-2.6716479655893233,2.323739452576526
280,1576076400,284,56,-228,340,50,-0.1782857629407096,0.1550821441417634
280,1576090800,322,140,-182,462,50,0.0037692550304590207,0.611247991778041
280,1576105200,80,115,35,195,50,0.8625940137205371,-0.3870821829669272
280,1576119600,15,17,2,32,50,0.7319893269151335,-0.9965496679235931
280,1576134000,111,15,-96,126,50,0.3441329842809047,-0.6450776213841661
280,1576148400,886,45,-841,931,50,-2.604366763295631,2.3648691601502883
280,1576162800,278,42,-236,320,50,-0.20994750519656502,0.08030085764401297
280,1576177200,366,154,-212,520,50,-0.11496227842899878,0.8281137226215173
280,1576191600,75,115,40,190,50,0.8823826026304468,-0.4057775045913648
280,1576206000,21,18,-3,39,50,0.7122007380052239,-0.9703762176493805
280,1576220400,95,16,-79,111,50,0.4114141865745975,-0.701163586257479
280,1576234800,813,43,-770,856,50,-2.323368800774914,2.0844393357837245
280,1576249200,269,55,-214,324,50,-0.12287771399296264,0.09525711494356306
280,1576263600,363,142,-221,505,50,-0.15058173846683612,0.7720277577482044
280,1576278000,85,76,-9,161,50,0.6884544313133324,-0.5142103700131029
280,1576292400,24,34,10,58,50,0.763651069170989,-0.8993339954765176
280,1576306800,27,2,-25,29,50,0.6251309468016215,-1.0077668608982557
280,1576321200,230,29,-201,259,50,-0.07142738282719759,-0.14778206617412581
280,1576335600,318,85,-233,403,50,-0.19807435185061925,0.3906431966096772
280,1576350000,242,82,-160,324,50,0.09083904623406142,0.09525711494356306
280,1576364400,97,76,-21,173,50,0.6409618179295492,-0.46934159811445264
280,1576378800,32,22,-10,54,50,0.6844967135313504,-0.9142902527760677
280,1576393200,27,4,-23,31,50,0.6330463823655854,-1.0002887322484806
280,1576407600,162,17,-145,179,50,0.15020481296379032,-0.4469072121651275
280,1576422000,322,58,-264,380,50,-0.320763603092059,0.30464471713726426
280,1576436400,184,72,-112,256,50,0.2808094997691939,-0.15899925914878837
280,1576450800,79,41,-38,120,50,0.5736806156358565,-0.6675120073334913
280,1576465200,7,9,2,16,50,0.7319893269151335,-1.0563746971217935
280,1576479600,117,9,-108,126,50,0.2966403708971216,-0.6450776213841661
280,1576494000,840,52,-788,892,50,-2.3946077208505887,2.219045651479675
280,1576508400,242,59,-183,301,50,-0.00018846275152290605,0.009258635471150073
280,1576522800,341,181,-160,522,50,0.09083904623406142,0.8355918512712923
280,1576537200,76,117,41,193,50,0.8863403204124287,-0.39456031161670224
280,1576551600,11,6,-5,17,51,0.7256516734115439,-1.0575492801351587
280,1576566000,123,15,-108,138,51,0.27358238493540066,-0.5755344423192953
280,1576580400,841,45,-796,886,51,-2.7460649011965077,2.404193645996951
280,1576594800,236,46,-190,282,51,-0.08631743695822797,-0.001896949381408378
280,1576609200,348,139,-209,487,51,-0.16970885910431263,0.8147397593148891
280,1576623600,75,92,17,167,51,0.8222101622122736,-0.46001022499152644
280,1576638000,12,11,-1,23,51,0.7432077622844039,-1.0336477179294135
280,1576652400,122,9,-113,131,51,0.25163727384432577,-0.6034195982259982
280,1576666800,902,61,-841,963,51,-2.943570901016182,2.710930360970682
280,1576681200,318,66,-252,384,51,-0.35843681448755693,0.40442960811626155
280,1576695600,307,138,-169,445,51,0.005852029624286686,0.647428823874672
280,1576710000,72,114,42,186,51,0.9319357176676482,-0.384321944673333
280,1576724400,10,14,4,24,51,0.7651528733754788,-1.0296641242284559
280,1576738800,112,12,-100,124,51,0.3086945626811205,-0.631304754132701
280,1576753200,876,46,-830,922,51,-2.895291656615817,2.5476030192314227
280,1576767600,258,39,-219,297,51,-0.21359908128646246,0.05785695613295485
280,1576782000,341,135,-206,476,51,-0.1565417924496677,0.7709202286043559
280,1576796400,76,100,24,176,51,0.8529333177397784,-0.4241578816829085
280,1576810800,15,14,-1,29,51,0.7432077622844039,-1.009746155723668
280,1576825200,98,8,-90,106,51,0.3525847848632704,-0.7030094407499369
280,1576839600,757,43,-714,800,51,-2.386165079302879,2.0616045877146014
280,1576854000,291,59,-232,350,51,-0.2706563701232573,0.2689874222837049
280,1576868400,349,194,-155,543,51,0.06729834067929645,1.0378210065685118
280,1576882800,75,94,19,169,51,0.8309882066487035,-0.45204303758961134
280,1576897200,18,22,4,40,51,0.7651528733754788,-0.9659266250131351
280,1576911600,27,6,-21,33,51,0.6554273179201042,-0.9938117809198379
280,1576926000,179,20,-159,199,51,0.049742251806436516,-0.3325352265608849
280,1576940400,313,100,-213,413,51,-0.18726494797717258,0.5199538254440305
280,1576954800,279,74,-205,353,51,-0.1521527702314527,0.28093820338657755
280,1576969200,73,63,-10,136,51,0.703706562320469,-0.5835016297212104
280,1576983600,27,19,-8,46,51,0.712484606756899,-0.9420250628073897
280,1576998000,24,4,-20,28,51,0.6598163401383191,-1.0137297494246256
280,1577012400,175,18,-157,193,51,0.05852029624286648,-0.35643678876663015
280,1577026800,305,63,-242,368,51,-0.3145465923054071,0.34069210890094076
280,1577041200,197,69,-128,266,51,0.185801940571101,-0.06563444859672915
280,1577055600,68,56,-12,124,51,0.6949285178840391,-0.631304754132701
280,1577070000,9,6,-3,15,51,0.7344297178479738,-1.0655164675370739
280,1577084400,79,8,-71,87,51,0.435976207009355,-0.7786977210681303
280,1577098800,473,45,-428,518,51,-1.1309047248933939,0.9382311640445731
280,1577113200,303,68,-235,371,51,-0.2838234367779022,0.35264289000381344
280,1577127600,265,136,-129,401,51,0.181412918352886,0.47215070103253987
280,1577142000,70,78,8,148,51,0.7827089622483387,-0.5356985053097199
280,1577156400,10,19,9,29,52,1.0946232846871606,-1.1245601488067878
280,1577170800,62,2,-60,64,52,0.43903697024161337,-0.8631069174207645
280,1577185200,316,23,-293,339,52,-1.7747544973788578,1.1911684720408462
280,1577199600,241,66,-175,307,52,-0.6536068871676319,0.9521255176307678
280,1577214000,226,74,-152,300,52,-0.43507811568578286,0.8998348713535631
280,1577228400,75,45,-30,120,52,0.7240744982614166,-0.44478174720312746
280,1577242800,15,13,-2,28,52,0.9901095244132327,-1.1320302411321026
280,1577257200,21,3,-18,24,52,0.8380895094693378,-1.1619106104333625
280,1577271600,68,10,-58,78,52,0.4580394721096003,-0.7585256248663552
280,1577286000,142,22,-120,164,52,-0.13103808579799286,-0.11609768488926975
280,1577300400,143,45,-98,188,52,0.07798943474986275,0.063184530918289
280,1577314800,51,30,-21,81,52,0.8095857566673574,-0.7361153478904104
280,1577329200,14,5,-9,19,52,0.9236007678752787,-1.1992610720599373
280,1577343600,63,4,-59,67,52,0.4485382211756068,-0.8406966404448196
280,1577358000,346,20,-326,366,52,-2.0882957782006413,1.3928609648243497
280,1577372400,270,52,-218,322,52,-1.0621606773293497,1.064176902510492
280,1577386800,232,85,-147,317,52,-0.3875718610158157,1.0268264408839172
280,1577401200,62,58,-4,120,52,0.9711070225452458,-0.44478174720312746
280,1577415600,18,13,-5,31,52,0.9616057716112525,-1.1096199641561577
280,1577430000,60,7,-53,67,52,0.5055457267795674,-0.8406966404448196
280,1577444400,362,30,-332,392,52,-2.145303283804602,1.5870833652825382
280,1577458800,287,78,-209,365,52,-0.9766494189234088,1.3853908724990347
280,1577473200,269,100,-169,369,52,-0.5965993815636713,1.4152712418002946
280,1577487600,76,76,0,152,52,1.0091120262812197,-0.2057387927930491
