remote_unit_id,time_stamp,entries,exits,num_people_exited,sum_exit_entry,week_num,z_score_num_people_exited,z_score_sum_exit_entry
282,1546311600,205,27,-178,232,1,0.3629284977220312,-0.6473321852505629
282,1546326000,30,12,-18,42,1,0.6892000033664525,-0.983051353268987
282,1546340400,55,42,-13,97,1,0.6993959879178406,-0.8858694888426011
282,1546354800,229,139,-90,368,1,0.5423778258264629,-0.4070279386689541
282,1546369200,415,135,-280,550,1,0.15493041287371256,-0.08544431456709521
282,1546383600,220,66,-154,286,1,0.4118692235686944,-0.5519172638137476
282,1546398000,54,18,-36,72,1,0.6524944589814551,-0.9300430635818674
282,1546412400,41,38,-3,79,1,0.719787957020617,-0.9176744626548728
282,1546426800,443,314,-129,757,1,0.4628491463256352,0.28031288427402995
282,1546441200,605,203,-402,808,1,-0.09385161018015868,0.37042697674213326
282,1546455600,1865,177,-1688,2042,1,-2.7162588367971954,2.5508346258723194
282,1546470000,663,62,-601,725,1,-0.4996517953254077,0.22377070860776907
282,1546484400,105,18,-87,123,1,0.5484954165572958,-0.8399289711137641
282,1546498800,47,48,1,95,1,0.7279447446617275,-0.8894033748217424
282,1546513200,515,316,-199,831,1,0.32010536260620087,0.4110666655022583
282,1546527600,671,192,-479,863,1,-0.25086977227153645,0.4676088411685192
282,1546542000,1939,154,-1785,2093,1,-2.9140609370941255,2.6409487183404226
282,1546556400,791,75,-716,866,1,-0.7341594400073356,0.4729096701372312
282,1546570800,122,18,-104,140,1,0.5138290690825761,-0.809890940291063
282,1546585200,47,56,9,103,1,0.7442583199439486,-0.8752678309051771
282,1546599600,524,302,-222,826,1,0.2732038336698153,0.402231950554405
282,1546614000,730,198,-532,928,1,-0.358947208516251,0.5824601354906116
282,1546628400,1852,187,-1665,2039,1,-2.66935730786081,2.5455337969036074
282,1546642800,739,91,-648,830,1,-0.5954940501084565,0.40929972251268765
282,1546657200,168,25,-143,193,1,0.4343003895817483,-0.7162429618438183
282,1546671600,19,20,1,39,1,0.7279447446617275,-0.9883521822376989
282,1546686000,102,161,59,263,1,0.8462181654578302,-0.5925569525738726
282,1546700400,384,267,-117,651,1,0.4873195092489668,0.09301692737954075
282,1546714800,631,216,-415,847,1,-0.12036117001376792,0.43933775333538877
282,1546729200,408,138,-270,546,1,0.17532238197648892,-0.09251208652537782
282,1546743600,117,22,-95,139,1,0.5321818412750747,-0.8116578832806336
282,1546758000,19,11,-8,30,1,0.7095919724692288,-1.0042546691438348
282,1546772400,77,109,32,186,1,0.7911598488803342,-0.728611562770813
282,1546786800,369,217,-152,586,1,0.4159476173892496,-0.021834366942551697
282,1546801200,616,156,-460,772,1,-0.21212503097626143,0.3068170291175898
282,1546815600,309,83,-226,392,1,0.26504704602870477,-0.36462130691925837
282,1546830000,68,16,-52,84,1,0.619867308417013,-0.9088397477070196
282,1546844400,35,30,-5,65,1,0.7157095632000617,-0.9424116645088619
282,1546858800,539,357,-182,896,1,0.3547717100809206,0.5259179598243507
282,1546873200,638,175,-463,813,1,-0.2182426217070943,0.3792616916899865
282,1546887600,1899,141,-1758,2040,1,-2.8590026205166295,2.5473007398931777
282,1546902000,736,58,-678,794,1,-0.6566699574167855,0.3456897748881441
282,1546916400,112,15,-97,127,2,0.6703374037452041,-0.8442136583457709
282,1546930800,49,35,-14,84,2,0.8343953181318471,-0.9155641560492552
282,1546945200,581,306,-275,887,2,0.3185023584340904,0.41686490571581136
282,1546959600,551,196,-355,747,2,0.1603742481819045,0.18456095970446726
282,1546974000,1823,159,-1664,1982,2,-2.4269969558194884,2.2338136263045385
282,1546988400,784,60,-724,844,2,-0.5689916603563032,0.3455144080123271
282,1547002800,101,10,-91,111,2,0.6821970120141181,-0.8707626807470674
282,1547017200,50,34,-16,84,2,0.8304421153755425,-0.9155641560492552
282,1547031600,569,334,-235,903,2,0.3975664135601834,0.44341392811710784
282,1547046000,652,180,-472,832,2,-0.07088811306191747,0.32560264121135474
282,1547060400,1903,163,-1740,2066,2,-2.577218660559065,2.3731959939113447
282,1547074800,852,67,-785,919,2,-0.689564344423595,0.4699629505184043
282,1547089200,102,12,-90,114,2,0.6841736133922705,-0.8657847390468243
282,1547103600,57,26,-31,83,2,0.8007930947032575,-0.9172234699493362
282,1547118000,607,286,-321,893,2,0.2275786950390835,0.4268207891162975
282,1547132400,718,188,-530,906,2,-0.1855309929947523,0.4483918698173509
282,1547146800,1945,218,-1727,2163,2,-2.551522842643085,2.5341494422192046
282,1547161200,830,72,-758,902,2,-0.6361961072134822,0.4417546142170268
282,1547175600,133,17,-116,150,2,0.63278197756031,-0.8060494386439072
282,1547190000,59,39,-20,98,2,0.8225357098629331,-0.8923337614481208
282,1547204400,563,297,-266,860,2,0.33629177083746137,0.37206343041362355
282,1547218800,670,175,-495,845,2,-0.11634994475942093,0.34717372191240814
282,1547224997,319,30,-289,349,2,0.29082993913995786,-0.47584597252778243
282,1547233200,1788,179,-1609,1967,2,-2.3182838800211103,2.208923917803323
282,1547247600,660,87,-573,747,2,-0.2705248522553022,0.18456095970446726
282,1547262000,137,13,-124,150,2,0.6169691665350914,-0.8060494386439072
282,1547276400,19,9,-10,28,2,0.8423017236444564,-1.0084857344537927
282,1547290800,98,43,-55,141,2,0.7533546616276018,-0.8209832637446365
282,1547305200,359,91,-268,450,2,0.3323385680811567,-0.30825526861959845
282,1547319600,725,92,-633,817,2,-0.3891209349444417,0.3007129327101393
282,1547334000,431,41,-390,472,2,0.09119319994657313,-0.27175036281781584
282,1547348400,134,15,-119,149,2,0.626852173425853,-0.8077087525439883
282,1547362800,15,8,-7,23,2,0.8482315277789133,-1.0167823039541979
282,1547377200,91,23,-68,114,2,0.7276588437116216,-0.8657847390468243
282,1547391600,323,76,-247,399,2,0.3738471970223555,-0.39288027752373095
282,1547406000,558,68,-490,626,2,-0.10646693786865931,-0.0162160222053373
282,1547420400,279,27,-252,306,2,0.36396419013159387,-0.5471964702312667
282,1547434800,56,4,-52,60,2,0.7592844657620588,-0.9553876896511999
282,1547449200,49,27,-22,76,2,0.8185825071066285,-0.9288386672499034
282,1547451890,72,33,-39,105,2,0.784980283678039,-0.8807185641475536
282,1547463600,510,249,-261,759,2,0.34617477772822297,0.2044727265054396
282,1547478000,568,175,-393,743,2,0.08526339581211616,0.17792370410414313
282,1547492400,1935,145,-1790,2080,2,-2.676048729466681,2.3964263885124795
282,1547506800,745,68,-677,813,2,-0.47609139558314395,0.2940756771098152
282,1547521200,87,21,-66,108,3,0.694148108000921,-0.8688987441986611
282,1547535600,47,41,-6,88,3,0.8184554724240535,-0.903837707584342
282,1547550000,564,337,-227,901,3,0.3605900134655154,0.516431154043589
282,1547564400,656,192,-464,848,3,-0.13042407600585812,0.42384290107153444
282,1547578800,1913,177,-1736,2090,3,-2.765740201776268,2.593552527322322
282,1547593200,784,68,-716,852,3,-0.6525150065830148,0.43083069374867067
282,1547607600,108,19,-89,127,3,0.6464969516387202,-0.8357067289822642
282,1547622000,48,51,3,99,3,0.8371015770875234,-0.8846212777222175
282,1547636400,605,329,-276,934,3,0.25907233251995715,0.5740804436299626
282,1547650800,595,250,-345,845,3,0.11611886343335473,0.4186020565636823
282,1547665200,1929,151,-1778,2080,3,-2.8527553568724606,2.5760830456294816
282,1547679600,837,76,-761,913,3,-0.7457455299003641,0.5373945320749975
282,1547694000,112,11,-101,123,3,0.6216354787540936,-0.8426945216594004
282,1547708400,59,38,-21,97,3,0.7873786313182704,-0.8881151740607857
282,1547722800,603,314,-289,917,3,0.23213907022827843,0.5443823247521338
282,1547737200,655,189,-466,844,3,-0.13456765481996255,0.41685510839439827
282,1547751600,1858,163,-1695,2021,3,-2.680796836087127,2.473013103641723
282,1547766000,774,60,-714,834,3,-0.6483714277689103,0.3993856267015578
282,1547780400,129,14,-115,143,3,0.5926304270553627,-0.8077555582737194
282,1547794800,48,34,-14,82,3,0.8018811571676359,-0.9143193966000464
282,1547809200,534,320,-214,854,3,0.3875232757571941,0.4343245900872387
282,1547823600,694,177,-517,871,3,-0.2402289145796252,0.4640227089650676
282,1547838000,1857,170,-1687,2027,3,-2.6642225208307098,2.483494792657427
282,1547852400,688,69,-619,757,3,-0.4515514340989505,0.26487061766668607
282,1547866800,138,11,-127,149,3,0.5677689541707363,-0.7972738692580151
282,1547881200,24,13,-11,37,3,0.8080965253887925,-0.9929320642178285
282,1547895600,125,32,-93,157,3,0.6382097940105114,-0.7832982839037427
282,1547910000,390,93,-297,483,3,0.21556475497186076,-0.21379318071714307
282,1547924400,705,92,-613,797,3,-0.43912069765663725,0.334748544438048
282,1547938800,390,55,-335,445,3,0.13683675750387683,-0.2801772111499369
282,1547953200,132,7,-125,139,3,0.5719125329848407,-0.8147433509508556
282,1547967600,16,6,-10,22,3,0.8101683147958447,-1.0191362867570892
282,1547982000,59,31,-28,90,3,0.772876105468905,-0.9003438112457739
282,1547996400,305,88,-217,393,3,0.38130790753603744,-0.3710185159527074
282,1548010800,481,71,-410,552,3,-0.018547448025038844,-0.09325375703654376
282,1548025200,285,27,-258,312,3,0.2963645418468969,-0.5125213176647153
282,1548039600,79,10,-69,89,3,0.6879327397797643,-0.902090759415058
282,1548054000,21,29,8,50,3,0.8474605241227845,-0.9702217380171358
282,1548068400,214,139,-75,353,3,0.6755020033374511,-0.4408964427240693
282,1548082800,437,151,-286,588,3,0.23835443844943505,-0.030363622942318026
282,1548097200,802,119,-683,921,3,-0.5841459561502919,0.55137011742927
282,1548111600,348,46,-302,394,3,0.2052058079365997,-0.36927156778342335
282,1548126000,67,18,-49,85,4,0.7854536527562728,-1.0200855554416444
282,1548140400,49,37,-12,86,4,0.8591566282036037,-1.018376119487108
282,1548154800,530,261,-269,791,4,0.3472197446910617,0.18677622846114628
282,1548169200,537,174,-363,711,4,0.1599743476086533,0.05002135209822381
282,1548183600,1778,147,-1631,1925,4,-2.365846540694472,2.125276600905572
282,1548198000,830,65,-765,895,4,-0.6407985207650505,0.36455756773294545
282,1548212400,103,4,-99,107,4,0.6858550372869066,-0.9824779644418408
282,1548226800,61,28,-33,89,4,0.8173252097064699,-1.0132478116234982
282,1548241200,578,295,-283,873,4,0.31933213235963914,0.3269499767331418
282,1548255600,616,178,-438,794,4,0.010576424404604092,0.19190453632475585
282,1548270000,1832,174,-1658,2006,4,-2.41962979304793,2.263740913223031
282,1548284400,848,62,-786,910,4,-0.6826299392621843,0.3901991070509934
282,1548298800,110,6,-104,116,4,0.6758951757399699,-0.9670930408510119
282,1548313200,55,36,-19,91,4,0.8452128220378924,-1.0098289397144251
282,1548327600,582,307,-275,889,4,0.3352679108347377,0.35430095200572626
282,1548342000,660,177,-483,837,4,-0.07906232951782545,0.26541028236982667
282,1548356400,1881,176,-1705,2057,4,-2.513252491589134,2.350922146904394
282,1548370800,754,73,-681,827,4,-0.4734728467765154,0.24831592282446138
282,1548385200,140,5,-135,145,4,0.614144034148963,-0.9175193981694526
282,1548399600,43,34,-9,77,4,0.8651325451317656,-1.0337610430779367
282,1548414000,571,260,-311,831,4,0.26355690769679413,0.25515366664260747
282,1548428400,755,153,-602,908,4,-0.3161070343349169,0.38678023514192034
282,1548442800,1824,194,-1630,2018,4,-2.3638545683850847,2.2842541446774693
282,1548457200,724,96,-628,820,4,-0.3678983143789873,0.23634987114270564
282,1548471600,170,28,-142,198,4,0.6002002279832517,-0.8269192925790164
282,1548486000,19,26,7,45,4,0.8970041020819628,-1.0884629936231056
282,1548500400,126,128,2,254,4,0.8870442405350262,-0.7311908791249707
282,1548514800,441,235,-206,676,4,0.472714000182463,-0.009808906310554762
282,1548529200,884,215,-669,1099,4,-0.4495691790638675,0.7132825024583977
282,1548543600,464,113,-351,577,4,0.18387801532130119,-0.1790430658096713
282,1548558000,159,34,-125,193,4,0.6340637572428361,-0.8354664723516991
282,1548572400,22,14,-8,36,4,0.867124517441153,-1.1038479172139344
282,1548586800,98,104,6,202,4,0.8950121297725755,-0.8200815487608702
282,1548601200,422,222,-200,644,4,0.484665834038787,-0.06451085685572375
282,1548615600,754,117,-637,871,4,-0.3858260651634732,0.3235311048240687
282,1548630000,347,68,-279,415,4,0.32730002159718846,-0.4559716904445893
282,1548644400,58,15,-43,73,4,0.7974054866125967,-1.0405987868960827
282,1548658800,48,38,-10,86,4,0.8631405728223783,-1.018376119487108
282,1548673200,588,299,-289,887,4,0.3073802985033152,0.3508820800966532
282,1548687600,594,166,-428,760,4,0.030496147498477323,0.13378371387051383
282,1548702000,1778,149,-1629,1927,4,-2.3618625960756976,2.128695472814645
282,1548716400,726,76,-650,802,4,-0.4117217051855084,0.2055800239610481
282,1548730800,106,31,-75,137,5,0.7253975917172067,-0.8687305789356398
282,1548745200,52,34,-18,86,5,0.8419715216743117,-0.9570844510252908
282,1548759600,601,321,-280,922,5,0.30614047520481164,0.4912260796991849
282,1548774000,629,168,-461,797,5,-0.06403288132564451,0.27467247163631475
282,1548788400,2004,180,-1824,2184,5,-2.851581416966593,2.6775513067019223
282,1548802800,767,71,-696,838,5,-0.5446446978154632,0.34570205508093615
282,1548817200,86,12,-74,98,5,0.7274427483831208,-0.9362953046512552
282,1548831600,56,38,-18,94,5,0.8419715216743117,-0.9432250201092671
282,1548846000,577,269,-308,846,5,0.2488760885592162,0.35956148599695986
282,1548860400,526,170,-356,696,5,0.15070856859533832,0.09969715632151564
282,1548874800,1707,158,-1549,1865,5,-2.2891633338402095,2.1249064989254776
282,1548889200,782,81,-701,863,5,-0.5548704811450339,0.3890127766935102
282,1548903600,94,33,-61,127,5,0.7540297850400044,-0.8860548675806694
282,1548918000,55,40,-15,95,5,0.8481069916720541,-0.9414925912447641
282,1548932400,571,298,-273,869,5,0.32045657186621046,0.39940734988052795
282,1548946800,545,145,-400,690,5,0.06072167529511695,0.08930258313449788
282,1548961200,1717,179,-1538,1896,5,-2.2666666105151543,2.1786117937250693
282,1548975600,670,57,-613,727,5,-0.3748966945445911,0.15340245112110745
282,1548990000,104,17,-87,121,5,0.7008557117262373,-0.8964494407676872
282,1549004400,51,27,-24,78,5,0.829700581678827,-0.9709438819413145
282,1549018800,500,261,-239,761,5,0.38999189850729066,0.21230503251420813
282,1549033200,575,160,-415,735,5,0.03004432530640511,0.16726188203713113
282,1549047600,1747,193,-1554,1940,5,-2.2993891171697802,2.2548386637631994
282,1549062000,660,73,-587,733,5,-0.3217226212308239,0.1637970243081252
282,1549076400,521,35,-486,556,5,-0.11516179797349757,-0.14284288470889894
282,1549090800,22,19,-3,41,5,0.8726488716630235,-1.0350437499279241
282,1549105200,102,48,-54,150,5,0.7683458817014033,-0.8462090036971013
282,1549119600,357,92,-265,449,5,0.33681782519352343,-0.32821277321071585
282,1549134000,644,115,-529,759,5,-0.20310353460780484,0.2088401747852022
282,1549148400,412,50,-362,462,5,0.1384376285998536,-0.3056911979721773
282,1549162800,138,25,-113,163,5,0.6476816384124701,-0.8236874284585628
282,1549177200,19,13,-6,32,5,0.8665134016652811,-1.0506356097084508
282,1549191600,88,44,-44,132,5,0.7887974483605444,-0.8773927232581545
282,1549206000,290,115,-175,405,5,0.5208819251257945,-0.4044396432488461
282,1549220400,506,60,-446,566,5,-0.033355531336932684,-0.12551859606386934
282,1549234800,257,21,-236,278,5,0.396127368505033,-0.6244581090407222
282,1549249200,52,18,-34,70,5,0.8092490150196857,-0.9848033128573381
282,1549263600,45,35,-10,80,5,0.8583327750016246,-0.9674790242123086
282,1549278000,573,288,-285,861,5,0.295914691875241,0.38554791896450424
282,1549292400,628,178,-450,806,5,-0.04153615800058917,0.2902643314168414
282,1549306800,1807,142,-1665,1949,5,-2.526401507086248,2.2704305235437263
282,1549321200,788,70,-718,858,5,-0.5896381444655739,0.38035063237099537
282,1549335600,98,24,-74,122,6,0.730637926829233,-0.9124427146783746
282,1549350000,62,45,-17,107,6,0.837921243612181,-0.936532854241168
282,1549364400,590,293,-297,883,6,0.3109154769591032,0.3097303658073437
282,1549378800,619,199,-420,818,6,0.07940937232221548,0.205339761035239
282,1549393200,1783,141,-1642,1924,6,-2.2205943664280023,1.9815860514652053
282,1549407600,759,65,-694,824,6,-0.43630341361686775,0.21497581686035636
282,1549422000,108,13,-95,121,6,0.6911124943302521,-0.9140487239825608
282,1549436400,57,43,-14,100,6,0.8435677339691782,-0.9477749193704715
282,1549450800,615,349,-266,964,6,0.36926254398140823,0.43981711944642804
282,1549465200,711,157,-554,868,6,-0.17280053029032888,0.2856402262445503
282,1549479600,2006,176,-1830,2182,6,-2.5744410954664976,2.3959364519452517
282,1549494000,882,77,-805,959,6,-0.6452235568257664,0.4317870729254969
282,1549508400,124,19,-105,143,6,0.6722908598069279,-0.8787165192904638
282,1549522800,47,38,-9,85,6,0.8529785512308403,-0.9718650589332649
282,1549537200,628,305,-323,933,6,0.2619792271984603,0.39003083101665503
282,1549551600,736,187,-549,923,6,-0.16338971302866676,0.37397073797479274
282,1549566000,1853,210,-1643,2063,6,-2.222476529880335,2.204821344747091
282,1549580400,864,83,-781,947,6,-0.6000516339697883,0.41251496127526216
282,1549594800,117,36,-81,153,6,0.7174627826629061,-0.8626564262486015
282,1549609200,45,38,-7,83,6,0.8567428781355052,-0.9750770775416373
282,1549623600,576,355,-221,931,6,0.45395989933636716,0.3868188124082826
282,1549638000,610,169,-441,779,6,0.039883939823234654,0.14270539817197617
282,1549652400,1898,227,-1671,2125,6,-2.2751771065456428,2.304393921606637
282,1549666800,869,110,-759,979,6,-0.5586440380184751,0.4639072590092214
282,1549681200,199,20,-179,219,6,0.5330107643343288,-0.7566598121723106
282,1549695600,24,11,-13,35,6,0.8454498974215107,-1.0521655241425762
282,1549710000,100,56,-44,156,6,0.7871028303992056,-0.8578383983360428
282,1549724400,370,134,-236,504,6,0.42572744755138087,-0.2989471604792361
282,1549738800,695,82,-613,777,6,-0.2838481739779417,0.13949337956360372
282,1549753200,395,46,-349,441,6,0.21304297743781733,-0.40012574664296835
282,1549767600,140,28,-112,168,6,0.659115715640601,-0.8385662866858081
282,1549782000,15,13,-2,28,6,0.8661536953971672,-1.0634075892718797
282,1549796400,80,73,-7,153,6,0.8567428781355052,-0.8626564262486015
282,1549810800,329,130,-199,459,6,0.4953674952876804,-0.3712175791676163
282,1549825200,602,80,-522,682,6,-0.11257129981569142,-0.01307750433408779
282,1549839600,295,27,-268,322,6,0.3654982170767434,-0.5912408538411292
282,1549854000,59,13,-46,72,6,0.7833385034945408,-0.9927431798876859
282,1549868400,46,33,-13,79,6,0.8454498974215107,-0.9815011147583823
282,1549882800,572,305,-267,877,6,0.36738038052907585,0.30009430998222636
282,1549897200,627,161,-466,788,6,-0.007170146485075862,0.1571594819096522
282,1549911600,2037,139,-1898,2176,6,-2.702428210225102,2.3863003961201343
282,1549926000,957,77,-880,1034,6,-0.786385815750698,0.5522377707394639
282,1549940400,143,15,-128,158,7,0.6028164633472253,-0.8848421028251646
282,1549954800,53,52,-1,105,7,0.8497198662109356,-0.9732667277808915
282,1549969200,748,338,-410,1086,7,0.05457426171284483,0.6634230284751098
282,1549983600,946,192,-754,1138,7,-0.6142034594298037,0.7501792642807287
282,1549998000,1901,158,-1743,2059,7,-2.5369394077149185,2.286765671530247
282,1550012400,765,74,-691,839,7,-0.4917238186391442,0.2513309083984204
282,1550026800,119,19,-100,138,7,0.6572518592541851,-0.9182098858273257
282,1550041200,49,34,-15,83,7,0.8225021682574558,-1.0099712890832686
282,1550055600,664,328,-336,992,7,0.19843923660980992,0.5065944483649527
282,1550070000,720,185,-535,905,7,-0.18844089858608268,0.361444592305552
282,1550084400,1983,189,-1794,2172,7,-2.6360895931168806,2.475293645492457
282,1550098800,909,82,-827,991,7,-0.7561243130443773,0.5049260592148447
282,1550113200,133,27,-106,160,7,0.6455871315598366,-0.8815053245249485
282,1550127600,45,49,4,94,7,0.8594404726228928,-0.9916190084320801
282,1550142000,644,279,-365,923,7,0.14205971942045875,0.391475597007497
282,1550156400,752,227,-525,979,7,-0.16899968576216848,0.48490538941354805
282,1550170800,2100,177,-1923,2277,7,-2.886881238545374,2.6504745062538024
282,1550185200,762,81,-681,843,7,-0.47228260581523,0.25800446499885266
282,1550199600,153,31,-122,184,7,0.6144811910415738,-0.8414639849223552
282,1550214000,52,45,-7,97,7,0.8380551385165872,-0.9866138409817559
282,1550228400,570,308,-262,878,7,0.34230421150677504,0.3163980852526345
282,1550242800,738,187,-551,925,7,-0.21954683910434541,0.39481237530771307
282,1550257200,1920,137,-1783,2057,7,-2.6147042590105753,2.2834288932300306
282,1550271600,702,111,-591,813,7,-0.2973116904000022,0.207952790495611
282,1550286000,136,25,-111,161,7,0.6358665251478794,-0.8798369353748404
282,1550300400,30,29,-1,59,7,0.8497198662109356,-1.050012628685862
282,1550314800,132,128,-4,260,7,0.8438875023637614,-0.7146664095141431
282,1550329200,434,256,-178,690,7,0.5056103992276543,0.002740925032320321
282,1550343600,816,179,-637,995,7,-0.3867412693900075,0.5115996158152769
282,1550358000,482,105,-377,587,7,0.11873026403176169,-0.16910315742880927
282,1550372400,135,29,-106,164,7,0.6455871315598366,-0.8748317679245162
282,1550386800,15,18,3,33,7,0.8574963513405014,-1.0933907465886714
282,1550401200,91,102,11,193,7,0.8730493215996327,-0.8264484825713827
282,1550415600,389,228,-161,617,7,0.5386604610283084,-0.11905148292556765
282,1550430000,812,193,-619,1005,7,-0.351747086306962,0.5282835073163574
282,1550444400,389,66,-323,455,7,0.22371281328089837,-0.38933052524307243
282,1550458800,64,25,-39,89,7,0.7758432574800617,-0.9999609541826203
282,1550473200,22,15,-7,37,7,0.8380551385165872,-1.086717189988239
282,1550487600,211,122,-89,333,7,0.6786371933604907,-0.5928740015562551
282,1550502000,467,216,-251,683,7,0.36368954561308064,-0.00893779901843606
282,1550516400,995,132,-863,1127,7,-0.8261126792104685,0.7318269836295401
282,1550530800,464,63,-401,527,7,0.07207135325436761,-0.26920650643529254
282,1550545200,72,15,-57,87,8,0.8264343479103478,-1.0726155787183898
282,1550559600,41,44,3,85,8,0.9368808484329352,-1.0757863708985909
282,1550574000,587,298,-289,885,8,0.3993745458896762,0.19253050118180404
282,1550588400,571,214,-357,785,8,0.27420184529741043,0.03399089217175467
282,1550602800,1872,172,-1700,2044,8,-2.197958991399839,2.030004569608276
282,1550617200,837,75,-762,912,8,-0.47131203323005494,0.23533619561451735
282,1550631600,88,5,-83,93,8,0.7785741976838931,-1.0631032021777869
282,1550646000,40,28,-12,68,8,0.9092692233022883,-1.1027381044302993
282,1550660400,610,269,-341,879,8,0.3036542454367671,0.18301812464120107
282,1550674800,672,210,-462,882,8,0.08092046938288237,0.18777431291150254
282,1550689200,1756,170,-1586,1926,8,-1.9881106404069226,1.8429278309764179
282,1550703600,801,74,-727,875,8,-0.40688490792521226,0.1766765402807991
282,1550718000,89,15,-74,104,8,0.7951411727622812,-1.0456638451866815
282,1550732400,49,34,-15,83,8,0.903746898276159,-1.0789571630787917
282,1550746800,592,307,-285,899,8,0.4067376459245154,0.21472604644321094
282,1550761200,592,225,-367,817,8,0.25579409521031254,0.08472356705497046
282,1550775600,1830,168,-1662,1998,8,-2.1280095410688666,1.9570763494636534
282,1550790000,848,101,-747,949,8,-0.4437004080994081,0.2939958509482356
282,1550804400,116,21,-95,137,8,0.7564848975793756,-0.9933457742133651
282,1550818800,49,27,-22,76,8,0.8908614732151904,-1.0900549357094953
282,1550824638,190,71,-119,261,8,0.7123062973703407,-0.796756659040904
282,1550833200,381,207,-174,588,8,0.6110636718913022,-0.2783321375780426
282,1550847600,695,185,-510,880,8,-0.0074367310351875935,0.18460352073130157
282,1550862000,1751,188,-1563,1939,8,-1.9457728152065974,1.8635379801477243
282,1550876400,740,97,-643,837,8,-0.2522598071935898,0.11643148885698033
282,1551495600,6051,439,-5612,6490,9,-3.9716820317494683,3.944053262688837
282,1551510000,26,23,-3,49,9,0.4568842361087454,-0.5618260771903375
282,1551524400,126,160,34,286,9,0.48609745627468476,-0.3960298648706101
282,1551538800,404,209,-195,613,9,0.3052913098422492,-0.1672730655940241
282,1551553200,763,190,-573,953,9,0.006842736255084867,0.07057804068744142
282,1551567600,461,98,-363,559,9,0.17264749935906507,-0.20504941776813923
282,1551582000,142,19,-123,161,9,0.3621386571921853,-0.4834751245329136
282,1551596400,21,16,-5,37,9,0.4553051431268027,-0.5702208221179187
282,1551610800,109,105,-4,214,9,0.45609468961777405,-0.4463983344360969
282,1551625200,393,233,-160,626,9,0.3329254370262459,-0.15817875858914454
282,1551639600,714,166,-548,880,9,0.026581398529368222,0.019510009044656176
282,1551654000,336,68,-268,404,9,0.2476544160013418,-0.3134815397493956
282,1551668400,63,12,-51,75,9,0.41898600454212137,-0.5436374631805784
282,1551682800,30,26,-4,56,9,0.45609468961777405,-0.5569291426492485
282,1551697200,512,286,-226,798,9,0.28081536862213785,-0.03785408129381492
282,1551711600,497,147,-350,644,9,0.1829116037416924,-0.14558664119777284
282,1551726000,1580,156,-1424,1736,9,-0.6650613275615206,0.6183351472121106
282,1551740400,676,81,-595,757,9,-0.010527286546284487,-0.06653612646305047
282,1551754800,80,11,-69,91,10,0.7589837657794933,-1.0161203090901816
282,1551769200,41,35,-6,76,10,0.8761938020708021,-1.0400817350905827
282,1551783600,509,321,-188,830,10,0.5375870305625766,0.1643792785295811
282,1551798000,571,153,-418,724,10,0.10967737426097304,-0.004948131873253608
282,1551812400,1813,164,-1649,1977,10,-2.1805695253358706,1.9966296533602548
282,1551826800,787,88,-699,875,10,-0.4131165971335949,0.23626355653078449
282,1551841200,106,10,-96,116,10,0.7087508930832181,-0.9761845990895129
282,1551855600,47,36,-11,83,10,0.8668914182381586,-1.0288997362903956
282,1551870000,824,280,-544,1104,10,-0.1247426983216446,0.6020746601369085
282,1551884400,969,156,-813,1125,10,-0.625210948517868,0.6356206565374701
282,1551898800,2125,161,-1964,2286,10,-2.7666197067924148,2.490235028968518
282,1551913200,869,77,-792,946,10,-0.586140936420765,0.3496809729326832
282,1551927600,105,14,-91,119,10,0.7180532769158616,-0.9713923138894328
282,1551942000,56,37,-19,93,10,0.8520076041059289,-1.012925452290128
282,1551956400,626,265,-361,891,10,0.21572454995310958,0.2618224109312124
282,1551970800,646,207,-439,853,10,0.07060736216387009,0.20112013173019616
282,1551985200,1995,171,-1824,2166,10,-2.506152959478395,2.298543620965309
282,1551999600,885,88,-797,973,10,-0.5954433202534086,0.39281153973340527
282,1552014000,133,20,-113,153,10,0.67712278805223,-0.9170797482885236
282,1552028400,49,38,-11,87,10,0.8668914182381586,-1.0225100226902886
282,1552042800,589,250,-339,839,10,0.25665503881674123,0.17875613412982178
282,1552057200,782,176,-606,958,10,-0.2400922578464247,0.36885011373300414
282,1552071600,1854,229,-1625,2083,10,-2.1359180829391815,2.1659570637630896
282,1552086000,783,117,-666,900,10,-0.3517208638381474,0.27619926653145305
282,1552100400,175,38,-137,213,10,0.632471345655541,-0.8212340442869189
282,1552114800,29,22,-7,51,10,0.8743333253042734,-1.0800174450912512
282,1552129200,149,112,-37,261,10,0.8185190223084121,-0.7445574810856354
282,1552143600,501,193,-308,694,10,0.3143298185791313,-0.05287098387405588
282,1552158000,961,178,-783,1139,10,-0.5693966455220066,0.6579846541378445
282,1552172400,574,125,-449,699,10,0.05200259449858299,-0.044883841873922165
282,1552190400,162,29,-133,191,10,0.6399132527216558,-0.8563774690875073
282,1552204800,33,21,-12,54,10,0.8650309414716298,-1.075225159891171
282,1552219200,124,133,9,257,10,0.9041009535687328,-0.7509471946857423
282,1552233600,452,216,-236,668,10,0.4482841457691985,-0.09440412227475119
282,1552248000,667,106,-561,773,10,-0.1563708033526327,0.07332585972805677
282,1552262400,300,41,-259,341,10,0.4054931801390381,-0.6167632090834959
282,1552276800,32,11,-21,43,10,0.8482866505728714,-1.0927968722914652
282,1552291200,138,86,-52,224,10,0.7906118708104815,-0.8036623318866248
282,1552305600,570,372,-198,942,10,0.5189822628972895,0.34329125933257626
282,1552320000,810,199,-611,1009,10,-0.24939464167906827,0.45031896213436795
282,1552334400,1762,142,-1620,1904,10,-2.126615699106538,1.8800173801583027
282,1552348800,521,59,-462,580,11,0.006280390071898515,-0.24435971829925546
282,1552363200,48,14,-34,62,11,0.8364001836928369,-1.0955108600409467
282,1552377600,133,75,-58,208,11,0.7898514102187656,-0.8556111173878831
282,1552392000,648,302,-346,950,11,0.23126612852990985,0.3636053829448097
282,1552406400,865,156,-709,1021,11,-0.4727840702654187,0.48026895642677897
282,1552420800,2061,170,-1891,2231,11,-2.765311163863431,2.4684791523871
282,1552435200,573,65,-508,638,11,-0.0829380924200715,-0.14905708080694255
282,1552449600,57,23,-34,80,11,0.8364001836928369,-1.065934179439884
282,1552464000,140,81,-59,221,11,0.7879118779906792,-0.8342501813982268
282,1552478400,631,326,-305,957,11,0.31078694988144834,0.3751074254007785
282,1552492800,920,181,-739,1101,11,-0.5309700371080078,0.6117208702092796
282,1552507200,1936,157,-1779,2093,11,-2.5480835543177647,2.2417246011122867
282,1552521600,587,52,-535,639,11,-0.1353054625784017,-0.1474139318846613
282,1552536000,59,17,-42,76,11,0.8208839258681464,-1.0725067751290092
282,1552550400,125,93,-32,218,11,0.8402792481490095,-0.8391796281650705
282,1552564800,633,293,-340,926,11,0.24290332189842767,0.3241698088100595
282,1552579200,886,204,-682,1090,11,-0.4204167001070885,0.5936462320641858
282,1552593600,1889,204,-1685,2093,11,-2.365767524877652,2.2417246011122867
282,1552608000,615,74,-541,689,11,-0.14694265594691955,-0.06525648577059842
282,1552622400,52,24,-28,76,11,0.8480373770613546,-1.0725067751290092
282,1552636800,124,83,-41,207,11,0.8228234580962327,-0.8572542663101644
282,1552651200,590,290,-300,880,11,0.32048461102187986,0.2485849583851217
282,1552665600,1002,184,-818,1186,11,-0.6841930831268259,0.7513885286031864
282,1552680000,1698,181,-1517,1879,11,-2.039926110559153,1.8900907317440974
282,1552694400,593,60,-533,653,11,-0.13142639812222912,-0.12440984697272368
282,1552708800,110,20,-90,130,11,0.7277863789200038,-0.9837767333258212
282,1552723200,37,30,-7,67,11,0.8887675538511671,-1.0872951154295405
282,1552737600,239,162,-77,401,11,0.7530002978851258,-0.5384833753876005
282,1552752000,700,270,-430,970,11,0.06834542137066026,0.39646836139043484
282,1552766400,951,189,-762,1140,11,-0.5755792783539928,0.6758036781782486
282,1552780800,418,91,-327,509,11,0.2681172408635496,-0.3610232917812247
282,1552795200,79,19,-60,98,11,0.7859723457625929,-1.0363574988388213
282,1552809600,24,20,-4,44,11,0.894586150535426,-1.1250875406420093
282,1552824000,197,154,-43,351,11,0.8189443936400601,-0.6206408215016633
282,1552838400,502,205,-297,707,11,0.32630320770613874,-0.03567980516953579
282,1552852800,716,158,-558,874,11,-0.1799147038243867,0.23872606485143416
282,1552867200,310,45,-265,355,11,0.38836823900490053,-0.6140682258125383
282,1552881600,31,15,-16,46,11,0.8713117637983904,-1.1218012427974469
282,1552896000,136,91,-45,227,11,0.8150653291838875,-0.8243912878645393
282,1552910400,566,315,-251,881,11,0.41552169019810875,0.25022810730740297
282,1552924800,913,201,-712,1114,11,-0.4786026669496776,0.6330818061989358
282,1552939200,1758,180,-1578,1938,11,-2.1582375764724175,1.9870365181586915
282,1552953600,300,29,-271,329,12,0.298887360622389,-0.5033378059337185
282,1552968000,1,1,0,2,12,0.806563220733422,-1.0044499064551893
282,1552982400,145,77,-68,222,12,0.6791759200413546,-0.6673102669606218
282,1552996800,718,361,-357,1079,12,0.13777989210006858,0.646001874161398
282,1553011200,989,176,-813,1165,12,-0.7164643595996769,0.777792824145638
282,1553025600,2035,191,-1844,2226,12,-2.647880639210286,2.4037253582535296
282,1553040000,312,34,-278,346,12,0.285773962021735,-0.47728610651822917
282,1553054400,0,0,0,0,12,0.806563220733422,-1.0075148122687763
282,1553068800,138,124,-14,262,12,0.780336423532114,-0.6060121506888823
282,1553083200,617,316,-301,933,12,0.24268708090530047,0.42226374976954867
282,1553097600,891,188,-703,1079,12,-0.5103966673036857,0.646001874161398
282,1553112000,1978,174,-1804,2152,12,-2.5729469329208343,2.2903238431508113
282,1553126400,335,26,-309,361,12,0.2277003396474102,-0.45429931291632686
282,1553140800,0,1,1,1,12,0.8084365633906583,-1.0059823593619828
282,1553155200,144,64,-80,208,12,0.6566958081545192,-0.6887646076557307
282,1553169600,626,289,-337,915,12,0.17524674524479425,0.3946795974472659
282,1553184000,896,155,-741,1051,12,-0.5815836882786645,0.6030931927711803
282,1553198400,1964,215,-1749,2179,12,-2.4699130867728387,2.3317000716342355
282,1553212800,364,46,-318,410,12,0.21084025573228365,-0.3792091204834459
282,1553227200,2,0,-2,2,12,0.8028165354189494,-1.0044499064551893
282,1553241600,137,80,-57,217,12,0.6997826892709538,-0.6749725314945892
282,1553256000,634,304,-330,938,12,0.18836014384544825,0.4299260143035161
282,1553270400,911,201,-710,1112,12,-0.5235100659043397,0.6965728200855832
282,1553284800,1756,183,-1573,1939,12,-2.140204779099253,1.9639113740037983
282,1553299200,364,80,-284,444,12,0.2745339060783173,-0.3271057216524673
282,1553313600,42,17,-25,59,12,0.7597296543025148,-0.9171000907679604
282,1553328000,16,12,-4,28,12,0.7990698501044768,-0.9646061308785586
282,1553342400,137,78,-59,215,12,0.6960360039564812,-0.6780374373081762
282,1553356800,412,156,-256,568,12,0.3269875004809333,-0.1370815612100747
282,1553371200,657,115,-542,772,12,-0.20878849948864395,0.175538831775797
282,1553385600,348,46,-302,394,12,0.2408137382480642,-0.40372836699214176
282,1553400000,37,11,-26,48,12,0.7578563116452786,-0.9339570727426888
282,1553414400,25,5,-20,30,12,0.7690963675886963,-0.9615412250649716
282,1553428800,170,58,-112,228,12,0.5967488431229582,-0.6581155495198608
282,1553443200,421,101,-320,522,12,0.2070935704178111,-0.20757439492257518
282,1553457600,551,72,-479,623,12,-0.09076791208275807,-0.052796651336432826
282,1553472000,200,23,-177,223,12,0.4749815704025997,-0.6657778140538283
282,1553486400,19,1,-18,20,12,0.7728430529031689,-0.9768657541329065
282,1553500800,130,68,-62,198,12,0.6904159759847723,-0.7040891367236656
282,1553515200,620,315,-305,935,12,0.23519371027635536,0.42532865558313565
282,1553529600,872,195,-677,1067,12,-0.4616897582155423,0.6276124392798762
282,1553544000,1934,177,-1757,2111,12,-2.484899828030729,2.227493273972278
282,1553558400,322,28,-294,350,13,0.22190843945402483,-0.5751040121785139
282,1553572800,0,0,0,0,13,0.7802062003297989,-1.1214416739999018
282,1553587200,153,84,-69,237,13,0.6491771340018111,-0.7514930287094191
282,1553601600,615,402,-213,1017,13,0.3757251694912279,0.46605947477824505
282,1553616000,953,198,-755,1151,13,-0.6535176413749951,0.6752287510184335
282,1553630400,1986,213,-1773,2199,13,-2.586671112706757,2.3111198069864747
282,1553644800,317,26,-291,343,13,0.22760535538132864,-0.5860307654149417
282,1553659200,2,1,-1,3,13,0.778307228354031,-1.1167587797557184
282,1553673600,138,77,-61,215,13,0.6643689098079546,-0.7858342531667635
282,1553688000,702,338,-364,1040,13,0.0889804011502691,0.5019616639836506
282,1553702400,944,171,-773,1115,13,-0.687699136938818,0.6190340200882336
282,1553716800,1941,187,-1754,2128,13,-2.550590645167166,2.2002913098741357
282,1553731200,326,45,-281,371,13,0.24659507513900805,-0.5423237524692307
282,1553745600,1,1,0,2,13,0.7802062003297989,-1.1183197445037796
282,1553760000,142,69,-73,211,13,0.6415812460987393,-0.7920781121590079
282,1553774400,620,320,-300,940,13,0.2105146075994172,0.3458651891775398
282,1553788800,909,178,-731,1087,13,-0.6079423139565645,0.5753270071425226
282,1553803200,2011,218,-1793,2229,13,-2.624650552222116,2.357948749428308
282,1553817600,355,28,-327,383,13,0.15924236425368285,-0.5235921754924974
282,1553832000,1,1,0,2,13,0.7802062003297989,-1.1183197445037796
282,1553846400,117,70,-47,187,13,0.6909545174687058,-0.8295412661124746
282,1553860800,609,278,-331,887,13,0.1516464763506111,0.26313405753030106
282,1553875200,971,190,-781,1161,13,-0.7028909127449615,0.6908383984990446
282,1553889600,1651,187,-1464,1838,13,-1.9998887721944638,1.7476115329364146
282,1553904000,547,103,-444,650,13,-0.06293735691116603,-0.10681458776018156
282,1553918400,65,25,-40,90,13,0.7042473212990814,-0.980954846674402
282,1553932800,33,49,16,82,13,0.8105897519420859,-0.9934425646588909
282,1553947200,196,296,100,492,13,0.9701033979065928,-0.3534470179538366
282,1553961600,564,377,-187,941,13,0.4250984408611943,0.3474261539256009
282,1553976000,917,398,-519,1315,13,-0.20536025509376146,0.9312269697004553
282,1553990400,450,173,-277,623,13,0.2541909630420798,-0.14896063595783146
282,1554004800,75,36,-39,111,13,0.7061462932748493,-0.9481745869651188
282,1554019200,31,31,0,62,13,0.7802062003297989,-1.0246618596201131
282,1554033600,173,225,52,398,13,0.8789527430697318,-0.5001777042715808
282,1554048000,486,362,-124,848,13,0.5447336753345745,0.20225643235591784
282,1554062400,611,264,-347,875,13,0.12126292473832406,0.24440248055356775
282,1554076800,288,68,-220,356,13,0.36243236566085235,-0.5657382236901473
282,1554091200,21,14,-7,35,13,0.7669133964994234,-1.066807907817763
282,1554105600,139,68,-71,207,13,0.6453791900502752,-0.7983219711512524
282,1554120000,622,288,-334,910,13,0.14594956042330728,0.2990362467357065
282,1554134400,859,172,-687,1031,13,-0.5243875470227752,0.4879129812511006
282,1554148800,1852,200,-1652,2052,13,-2.356895503638836,2.0816579890214917
282,1554163200,481,62,-419,543,14,0.091304463975385,-0.23181806896138596
282,1554177600,35,5,-30,40,14,0.8268726752327027,-1.0159020466876494
282,1554192000,165,78,-87,243,14,0.7190901866937127,-0.6994625884800321
282,1554206400,646,340,-306,986,14,0.30497852020180377,0.4587370048611482
282,1554220800,911,190,-721,1101,14,-0.47975363319610587,0.6380007373432959
282,1554235200,2016,206,-1810,2222,14,-2.5389664405462833,2.3854324252779704
282,1554249600,543,59,-484,602,14,-0.031605391376094825,-0.13984798012271887
282,1554264000,46,12,-34,58,14,0.8193089918264578,-0.9878433755165306
282,1554278400,149,92,-57,241,14,0.7758178122405496,-0.7025802186101564
282,1554292800,675,299,-376,974,14,0.1726140605925178,0.44003122408040235
282,1554307200,921,159,-762,1080,14,-0.5572813881101162,0.6052656209769907
282,1554321600,1963,176,-1787,2139,14,-2.495475260960375,2.2560507748778114
282,1554336000,567,49,-518,616,14,-0.09589670032917658,-0.11802456921184871
282,1554350400,47,16,-31,63,14,0.8249817543811415,-0.9800493001912198
282,1554364800,148,97,-51,245,14,0.787163337349917,-0.6963449583499078
282,1554379200,677,300,-377,977,14,0.17072313974095657,0.4447076692755888
282,1554393600,938,160,-778,1098,14,-0.5875361217350958,0.6333242921481095
282,1554408000,2081,216,-1865,2297,14,-2.642967087382151,2.5023435551576316
282,1554422400,592,68,-524,660,14,-0.10724222543854395,-0.04943670634911394
282,1554436800,71,13,-58,84,14,0.7739268913889883,-0.9473141838249146
282,1554451200,138,71,-67,209,14,0.7569086037249373,-0.7524623006921454
282,1554465600,692,259,-433,951,14,0.0648315720535278,0.40417847758397285
282,1554480000,1047,164,-883,1211,14,-0.7860828111490248,0.8094703945001328
282,1554494400,1896,197,-1699,2093,14,-2.329074226022987,2.1843452818849523
282,1554508800,310,58,-252,368,14,0.40708824618611006,-0.5046107053472628
282,1554523200,56,5,-51,61,14,0.787163337349917,-0.9831669303213441
282,1554537600,21,13,-8,34,14,0.8684729339670497,-1.0252549370780222
282,1554552000,184,73,-111,257,14,0.6737080862562432,-0.6776391775691619
282,1554566400,465,135,-330,600,14,0.2595964197643343,-0.14296561025284318
282,1554580800,660,115,-545,775,14,-0.14695156332132975,0.12982702613303373
282,1554595200,362,39,-323,401,14,0.2728328657252629,-0.4531698082002118
282,1554609600,62,9,-53,71,14,0.7833814956467945,-0.9675787796707226
282,1554624000,31,5,-26,36,14,0.8344363586389476,-1.022137306947898
282,1554638400,175,42,-133,217,14,0.6321078275218962,-0.7399917801716481
282,1554652800,435,67,-368,502,14,0.18774142740500763,-0.2957294866289343
282,1554667200,564,77,-487,641,14,-0.03727815393077851,-0.07905419258529486
282,1554681600,215,20,-195,235,14,0.5148707347251,-0.7119331090005293
282,1554696000,23,2,-21,25,14,0.8438909628967537,-1.0392842726635816
282,1554710400,146,95,-51,241,14,0.787163337349917,-0.7025802186101564
282,1554724800,608,323,-285,931,14,0.34468785808458957,0.37300217628272975
282,1554739200,832,199,-633,1031,14,-0.3133525982587178,0.5288836827889452
282,1554753600,1745,148,-1597,1893,14,-2.136200299163742,1.8725822688725215
282,1554768000,464,65,-399,529,15,0.08203638637110545,-0.277189529776867
282,1554782400,38,18,-20,56,15,0.7936740965919535,-1.026495176605992
282,1554796800,156,102,-54,258,15,0.7298332465985266,-0.706495724894611
282,1554811200,608,323,-285,931,15,0.29609100105494895,0.3596410622428122
282,1554825600,923,173,-750,1096,15,-0.5770265062080969,0.6210267529971581
282,1554840000,2030,188,-1842,2218,15,-2.627444394232282,2.398449450126711
282,1554854400,545,55,-490,600,15,-0.0888317709642433,-0.1647144749674212
282,1554868800,43,9,-34,52,15,0.7673866877711307,-1.032831799412158
282,1554883200,154,96,-58,250,15,0.7223225583640057,-0.719168970506943
282,1554897600,633,349,-284,982,15,0.29796867311357916,0.44043300302142824
282,1554912000,951,166,-785,1117,15,-0.6427450282601541,0.6542940227295294
282,1554926400,1909,179,-1730,2088,15,-2.417145123665699,2.192509208926317
282,1554940800,570,85,-485,655,15,-0.07944341067109227,-0.0775859113826392
282,1554955200,74,7,-67,81,15,0.705423509836334,-0.9868912840674549
282,1554969600,150,84,-66,234,15,0.7073011818949642,-0.7445154617316068
282,1554984000,651,283,-368,934,15,0.14024422018864185,0.3643935293474367
282,1554998400,968,179,-789,1147,15,-0.650255716494675,0.7018186937757742
282,1555012800,1951,181,-1770,2132,15,-2.4922520060109075,2.2622120597941424
282,1555027200,590,60,-530,650,15,-0.16393865330945154,-0.08550668989034665
282,1555041600,63,17,-46,80,15,0.7448546230675682,-0.9884754397689963
282,1555056000,132,79,-53,211,15,0.7317109186571568,-0.7809510428670611
282,1555070400,626,328,-298,954,15,0.2716812642927563,0.3960766433782665
282,1555084800,962,220,-742,1182,15,-0.5620051297390553,0.7572641433297264
282,1555099200,1834,194,-1640,2028,15,-2.2481546383889803,2.0974598668338276
282,1555113600,565,97,-468,662,15,-0.047522985674378765,-0.06649682147184877
282,1555128000,74,28,-46,102,15,0.7448546230675682,-0.9536240143350835
282,1555142400,31,16,-15,47,15,0.8030624568851046,-1.0407525779198654
282,1555156800,172,139,-33,311,15,0.7692643598297609,-0.622535472712912
282,1555171200,477,192,-285,669,15,0.29609100105494895,-0.05540773156105833
282,1555185600,687,205,-482,892,15,-0.07381039449520164,0.29785898988269405
282,1555200000,307,111,-196,418,15,0.4632038142730373,-0.45303081264797246
282,1555214400,67,26,-41,93,15,0.7542429833607193,-0.9678814156489569
282,1555228800,30,25,-5,55,15,0.8218391774714067,-1.0280793323075337
282,1555243200,124,108,-16,232,15,0.8011847848264744,-0.7476837731346897
282,1555257600,359,189,-170,548,15,0.5120232877974227,-0.2470905714475787
282,1555272000,530,125,-405,655,15,0.07077035401932423,-0.0775859113826392
282,1555286400,204,58,-146,262,15,0.5570874172045476,-0.700159102088445
282,1555300800,15,9,-6,24,15,0.8199615054127765,-1.0771881590553198
282,1555315200,146,94,-52,240,15,0.733588590715787,-0.7350105275223578
282,1555329600,474,232,-242,706,15,0.3768308995760478,0.0032060293959768177
282,1555344000,857,171,-686,1028,15,-0.4568554944557637,0.5133041652923368
282,1555358400,1936,222,-1714,2158,15,-2.3871023707276158,2.3034001080342215
282,1555372800,515,56,-459,571,16,-0.025423122864953445,-0.22531550927671248
282,1555387200,39,12,-27,51,16,0.8102238721743844,-1.062486438606995
282,1555401600,156,101,-55,257,16,0.7560615669403532,-0.7308379550646138
282,1555416000,627,315,-312,942,16,0.25892897961371014,0.3719737499185467
282,1555430400,957,180,-777,1137,16,-0.6405521608800215,0.6859128484174026
282,1555444800,1982,189,-1793,2171,16,-2.6058700936577233,2.350595042508772
282,1555459200,537,47,-490,584,16,-0.08538853223120223,-0.20438623604345543
282,1555473600,44,9,-35,53,16,0.7947489278218041,-1.0592665504172631
282,1555488000,143,81,-62,224,16,0.7425209906318454,-0.7839661101951895
282,1555502400,667,329,-338,996,16,0.20863541046782405,0.4589107310413068
282,1555516800,967,249,-718,1216,16,-0.5264244462797416,0.813098431911811
282,1555531200,1990,216,-1774,2206,16,-2.5691171008203453,2.4069430858290795
282,1555545600,581,53,-528,634,16,-0.1588945179059588,-0.12388903130015903
282,1555560000,48,19,-29,67,16,0.8063551360862393,-1.03672733308914
282,1555574400,167,61,-106,228,16,0.6574087966926536,-0.7775263338157257
282,1555588800,680,327,-353,1007,16,0.17961988980673593,0.476620116084832
282,1555603200,990,194,-796,1184,16,-0.6773051537173999,0.7615802208761012
282,1555617600,1916,176,-1740,2092,16,-2.5033485873218786,2.2234094590143636
282,1555632000,639,84,-555,723,16,-0.2111224550959174,0.01939599314290854
282,1555646400,63,17,-46,80,16,0.7734708793370061,-1.0157980598558831
282,1555660800,100,79,-21,179,16,0.8218300804388197,-0.8564135944641562
282,1555675200,568,270,-298,838,16,0.2860101322307257,0.20453956405249024
282,1555689600,1084,194,-890,1278,16,-0.8591357498602187,0.9129149657934985
282,1555704000,1543,158,-1385,1701,16,-1.8166479316761266,1.593921317921786
282,1555718400,471,67,-404,538,16,0.08096711955903632,-0.27844366440728807
282,1555732800,84,26,-58,110,16,0.7502584628081356,-0.9674997370099052
282,1555747200,43,36,-7,79,16,0.8489112330558352,-1.017408003950749
282,1555761600,212,160,-52,372,16,0.7618646710725708,-0.5456943841550321
282,1555776000,496,222,-274,718,16,0.33243496528846667,0.011346272668578902
282,1555790400,739,191,-548,930,16,-0.19758187878740963,0.3526544207801556
282,1555804800,338,90,-248,428,16,0.3827285344343528,-0.4555375148425402
282,1555819200,62,24,-38,86,16,0.7889458236895864,-1.0061383952866874
282,1555833600,30,26,-4,56,16,0.8547143371880528,-1.0544367181326653
282,1555848000,156,118,-38,274,16,0.7889458236895864,-0.703468905451893
282,1555862400,395,169,-226,564,16,0.4252846314039487,-0.23658511794077397
282,1555876800,563,145,-418,708,16,0.05388596694202075,-0.004753168280080376
282,1555891200,241,58,-183,299,16,0.5084624572990679,-0.6632203030802448
282,1555905600,29,10,-19,39,16,0.8256988165269648,-1.081805767745386
282,1555920000,110,76,-34,186,16,0.7966832958658766,-0.8451439858000946
282,1555934400,590,336,-254,926,16,0.3711223261699175,0.3462146444006919
282,1555948800,827,197,-630,1024,16,-0.356200058401358,0.5039891656975528
282,1555963200,1904,200,-1704,2104,16,-2.433711337735267,2.2427287881527547
282,1555977600,511,64,-447,575,17,0.0445537290990831,-0.25234509666577665
282,1555992000,38,5,-33,43,17,0.8108249868388037,-1.0937715762807765
282,1556006400,148,87,-61,235,17,0.7589998776196921,-0.7900988618332578
282,1556020800,648,325,-323,973,17,0.2740649270694342,0.37714313432439245
282,1556035200,1021,228,-793,1249,17,-0.5958565491085095,0.8136726613427007
282,1556049600,2136,135,-2001,2271,17,-2.8317398325616074,2.4300972142873056
282,1556064000,580,48,-532,628,17,-0.11277249531607693,-0.16851877444849284
282,1556078400,49,8,-41,57,17,0.7960178127762004,-1.071628774185645
282,1556092800,131,97,-34,228,17,0.8089740900809783,-0.8011702628808236
282,1556107200,609,334,-275,943,17,0.362907971445054,0.3296942726919676
282,1556121600,869,208,-661,1077,17,-0.35153817707555507,0.5416325213167984
282,1556136000,1923,172,-1751,2095,17,-2.3690156431052545,2.1517305593770804
282,1556150400,578,60,-518,638,17,-0.08685994070652116,-0.1527024872376846
282,1556164800,53,13,-40,66,17,0.7978687095340258,-1.0573941156959175
282,1556179200,135,91,-44,226,17,0.7904651225027242,-0.8043335203229852
282,1556193600,647,303,-344,950,17,0.23519609515510054,0.3407656737395334
282,1556208000,881,219,-662,1100,17,-0.3533890738333805,0.5780099819016574
282,1556222400,2086,205,-1881,2291,17,-2.609632221622558,2.4617297887089222
282,1556236800,644,49,-595,693,17,-0.22937899105907789,-0.0657129075782391
282,1556251200,68,18,-50,86,17,0.7793597419557717,-1.025761541274301
282,1556265600,126,90,-36,216,17,0.8052722965653275,-0.8201498075337935
282,1556280000,632,249,-383,881,17,0.16301112159990946,0.23163329198495636
282,1556294400,930,177,-753,1107,17,-0.521820678795493,0.5890813829492232
282,1556308800,1652,201,-1451,1853,17,-1.8137466157576305,1.76897640887552
282,1556323200,509,81,-428,590,17,0.07972076749776594,-0.22862066584956428
282,1556337600,97,22,-75,119,17,0.7330873230101363,-0.9735677934786338
282,1556352000,32,34,2,66,17,0.8756063733626931,-1.0573941156959175
282,1556366400,243,169,-74,412,17,0.7349382197679618,-0.5101505782019514
282,1556380800,709,273,-436,982,17,0.06491359343516263,0.3913777928141199
282,1556395200,819,165,-654,984,17,-0.3385818997707772,0.3945410502562815
282,1556409600,433,87,-346,520,17,0.23149430163944973,-0.33933467632522213
282,1556424000,97,19,-78,116,17,0.7275346327366602,-0.9783126796418762
282,1556438400,32,20,-12,52,17,0.8496938187531373,-1.0795369177910492
282,1556452800,181,150,-31,331,17,0.8145267803544545,-0.6382625046094984
282,1556467200,468,195,-273,663,17,0.3666097649607048,-0.11316176921066391
282,1556481600,667,121,-546,788,17,-0.1386850499256327,0.08454182092443946
282,1556496000,293,61,-232,354,17,0.4424965320315467,-0.6018850440246394
282,1556510400,29,10,-19,39,17,0.8367375414483594,-1.1000980911651
282,1556524800,154,83,-71,237,17,0.7404909100414381,-0.7869356043910961
282,1556539200,575,308,-267,883,17,0.3777151455076573,0.234796549427118
282,1556553600,901,168,-733,1069,17,-0.48480274363898473,0.5289794915481518
282,1556568000,1984,181,-1803,2165,17,-2.4652622745121757,2.2624445698527382
282,1556582400,542,55,-487,597,18,-0.030502534711186288,-0.21573062084328382
282,1556596800,49,11,-38,60,18,0.8166503365458835,-1.0662092823534086
282,1556611200,145,73,-72,218,18,0.7525006759161722,-0.8159753372535954
282,1556625600,604,329,-275,933,18,0.36948946686230766,0.3164124522803698
282,1556640000,895,157,-738,1052,18,-0.5040779705364079,0.5048797906783304
282,1556654400,1867,175,-1692,2042,18,-2.3040419776171306,2.0728013454176666
282,1556668800,582,48,-534,630,18,-0.11918000675814014,-0.16346656901863926
282,1556683200,62,9,-53,71,18,0.7883490156798344,-1.0487879317451938
282,1556697600,135,77,-58,212,18,0.778915242057818,-0.8254778921308036
282,1556712000,651,322,-329,973,18,0.2676047117445309,0.3797628181284238
282,1556726400,985,188,-797,1173,18,-0.615396499276201,0.6965146473686937
282,1556740800,2030,186,-1844,2216,18,-2.590828695726428,2.3483754368567014
282,1556755200,595,54,-541,649,18,-0.13238728982896306,-0.13337514524081362
282,1556769600,53,6,-47,59,18,0.799669544026254,-1.06779304149961
282,1556784000,123,81,-42,204,18,0.8091033176482704,-0.8381479653004144
282,1556798400,656,364,-292,1020,18,0.337414636547452,0.45419949799988724
282,1556812800,953,135,-818,1088,18,-0.6550183484886698,0.561895119941579
282,1556827200,2076,205,-1871,2281,18,-2.641771073285317,2.451319781359789
282,1556841600,586,71,-515,657,18,-0.08333166699447794,-0.1207050720712028
282,1556856000,74,16,-58,90,18,0.778915242057818,-1.0186965079673682
282,1556870400,130,77,-53,207,18,0.7883490156798344,-0.8333966878618103
282,1556884800,661,281,-380,942,18,0.17138022079996396,0.3306662845961819
282,1556899200,988,180,-808,1168,18,-0.6361508012446371,0.688595851637687
282,1556913600,1715,215,-1500,1930,18,-1.9417850705317024,1.8954203210431155
282,1556928000,567,82,-485,649,18,-0.026729025262379743,-0.13337514524081362
282,1556942400,96,19,-77,115,18,0.7430669022941558,-0.9791025293123344
282,1556956800,32,28,-4,60,18,0.8807999971755948,-1.0662092823534086
282,1556971200,240,147,-93,387,18,0.7128788267037034,-0.5483200415455672
282,1556985600,614,253,-361,867,18,0.20722856056362615,0.2118843486310807
282,1557000000,813,198,-615,1011,18,-0.27200713943480526,0.43994566568407506
282,1557014400,445,73,-372,518,18,0.18647425859519015,-0.34084759339319043
282,1557028800,91,15,-76,106,18,0.7449536570185591,-0.9933563616281467
282,1557043200,23,24,1,47,18,0.8902337707976111,-1.0867981512540263
282,1557057600,188,155,-33,343,18,0.8260841101678998,-0.6180054439784267
282,1557072000,488,217,-271,705,18,0.37703648575992077,-0.04468463305353801
282,1557086400,623,157,-466,780,18,0.009119314501282453,0.07409730291156323
282,1557100800,262,37,-225,299,18,0.46382720308247133,-0.6876908464112861
282,1557115200,27,9,-18,36,18,0.8543854310339489,-1.1042195018622412
282,1557129600,145,95,-50,240,18,0.7940092798530441,-0.7811326360371658
282,1557144000,619,337,-282,956,18,0.35628218379148474,0.3528389126430008
282,1557158400,861,160,-701,1021,18,-0.43426804573348676,0.4557832571460886
282,1557172800,1994,189,-1805,2183,18,-2.5172452614747005,2.296111385032057
282,1557187200,516,46,-470,562,19,-0.011821261369872068,-0.27575885457703714
282,1557201600,46,12,-34,58,19,0.8175693064657488,-1.0861522231299625
282,1557216000,174,91,-83,265,19,0.7243579811814702,-0.7533120896171539
282,1557230400,692,303,-389,995,19,0.142262766140874,0.42047195610434523
282,1557244800,920,158,-762,1078,19,-0.5672846691863888,0.5539295941795294
282,1557259200,1912,196,-1716,2108,19,-2.3820521043129537,2.2100906449920554
282,1557273600,610,63,-547,673,19,-0.15829620110230969,-0.09727936269335712
282,1557288000,52,13,-39,65,19,0.8080579467428631,-1.0748967596778385
282,1557302400,152,84,-68,236,19,0.7528920603501269,-0.7999418667759531
282,1557316800,664,291,-373,955,19,0.1726991172541078,0.3561550220922083
282,1557331200,908,191,-717,1099,19,-0.48168243168041874,0.5876959845359012
282,1557345600,1884,169,-1715,2053,19,-2.3801498323683767,2.1216548607253674
282,1557360000,556,71,-485,627,19,-0.040355340538528746,-0.1712438368073146
282,1557374400,48,17,-31,65,19,0.8232761222994801,-1.0748967596778385
282,1557388800,145,74,-71,219,19,0.7471852445163956,-0.8272765637311114
282,1557403200,645,352,-293,997,19,0.3248808728202767,0.42368780280495205
282,1557417600,965,195,-770,1160,19,-0.5825028447430056,0.6857793089044101
282,1557432000,2076,187,-1889,2263,19,-2.711145150724794,2.459318764289086
282,1557446400,647,52,-595,699,19,-0.24960525444201107,-0.055473355585468107
282,1557460800,63,13,-50,76,19,0.7871329553525149,-1.0572096028245008
282,1557475200,128,87,-41,215,19,0.8042534028537089,-0.833708257132325
282,1557489600,624,245,-379,869,19,0.16128548558664513,0.21787361396611388
282,1557504000,1044,199,-845,1243,19,-0.7251732405862891,0.8192369469795943
282,1557518400,1704,223,-1481,1927,19,-1.9350181973373324,1.9190565185871358
282,1557532800,559,98,-461,657,19,0.0052991861313219394,-0.12300613629821189
282,1557547200,107,24,-83,131,19,0.7243579811814702,-0.9687738185578126
282,1557561600,37,31,-6,68,19,0.8708329209139078,-1.0700729896269283
282,1557576000,214,188,-26,402,19,0.8327874820223656,-0.5330265906255849
282,1557590400,590,251,-339,841,19,0.2373763633697296,0.17285176015761802
282,1557604800,870,205,-665,1075,19,-0.3827642905624089,0.5491058241286191
282,1557619200,435,104,-331,539,19,0.2525945389263465,-0.31274109163401587
282,1557633600,90,29,-61,119,19,0.7662079639621667,-0.9880688987614537
282,1557648000,28,30,2,58,19,0.8860510964705248,-1.0861522231299625
282,1557662400,179,138,-41,317,19,0.8042534028537089,-0.6697000754013759
282,1557676800,451,219,-232,670,19,0.4409194614394806,-0.10210313274426738
282,1557691200,494,183,-311,677,19,0.29063997781788875,-0.09084766929214343
282,1557705600,237,58,-179,295,19,0.5417398745020675,-0.7050743891080512
282,1557720000,26,9,-17,35,19,0.8499079295235596,-1.1231344601869413
282,1557734400,134,106,-28,240,19,0.8289829381332114,-0.7935101733747394
282,1557748800,605,330,-275,935,19,0.35912176782266475,0.32399655508613984
282,1557763200,973,156,-817,1129,19,-0.6719096261381299,0.6359336850450039
282,1557777600,1939,173,-1766,2112,19,-2.4771657015418094,2.2165223383932693
282,1557792000,474,54,-420,528,20,0.13557647144490168,-0.3657677869497192
282,1557806400,48,9,-39,57,20,0.8520542442524702,-1.1221569110809488
282,1557820800,172,88,-84,260,20,0.7674308852594502,-0.7961548045020962
282,1557835200,613,308,-305,921,20,0.35183616664928585,0.2653594440132814
282,1557849600,984,183,-801,1167,20,-0.5809013013626668,0.6604161840053886
282,1557864000,2047,218,-1829,2265,20,-2.514074924580988,2.4237182186043063
282,1557878400,601,45,-556,646,20,-0.1201741246228918,-0.17626902549009052
282,1557892800,52,10,-42,62,20,0.8464126869862688,-1.114127302544524
282,1557907200,174,87,-87,261,20,0.7617893279932489,-0.7945488827948112
282,1557921600,662,342,-320,1004,20,0.32362838031827923,0.39865094571793547
282,1557936000,988,166,-822,1154,20,-0.620392202226076,0.6395392018106838
282,1557950400,1955,185,-1770,2140,20,-2.4031242983456953,2.2229780051936827
282,1557964800,647,67,-580,714,20,-0.1653065827525024,-0.06706634939471129
282,1557979200,63,21,-42,84,20,0.8464126869862688,-1.0787970249842542
282,1557993600,159,83,-76,242,20,0.7824750379693205,-0.825061395233226
282,1558008000,651,343,-308,994,20,0.34619460938308455,0.38259172864508556
282,1558022400,973,187,-786,1160,20,-0.5526935150316602,0.6491747320543937
282,1558036800,2009,151,-1858,2160,20,-2.5686099781542677,2.2550964393393826
282,1558051200,700,52,-648,752,20,-0.2931818807863992,-0.006041324517881711
282,1558065600,75,22,-53,97,20,0.8257269770101974,-1.0579200427895494
282,1558080000,140,79,-61,219,20,0.8106828243003271,-0.8619975945007807
282,1558094400,608,252,-356,860,20,0.2559296931238633,0.16739821986889708
282,1558108800,1026,185,-841,1211,20,-0.6561220649120179,0.7310767391259282
282,1558123200,1872,187,-1685,2059,20,-2.2432801758033243,2.0928983469035987
282,1558137600,589,96,-493,685,20,-0.001701422032663933,-0.11363807890597596
282,1558152000,122,24,-98,146,20,0.7411036180171774,-0.979229879132585
282,1558166400,38,25,-13,63,20,0.9009477405595484,-1.112521380837239
282,1558180800,239,154,-85,393,20,0.7655503661707165,-0.5825672174331927
282,1558195200,632,203,-429,835,20,0.11865179964629771,0.12725017718677237
282,1558209600,880,137,-743,1017,20,-0.4718311942161078,0.4195279279126403
282,1558224000,475,90,-385,565,20,0.20139463955058384,-0.3063486837801746
282,1558238400,111,30,-81,141,20,0.7730724425256517,-0.9872594876690098
282,1558252800,38,18,-20,56,20,0.8877841069384119,-1.1237628327882339
282,1558267200,172,179,7,351,20,0.9385581223342239,-0.6500159291391622
282,1558281600,630,257,-373,887,20,0.22396086861538914,0.21075810596559177
282,1558296000,735,161,-574,896,20,-0.15402346822009977,0.22521140133115666
282,1558310400,322,69,-253,391,20,0.4496231592634422,-0.5857790608477627
282,1558324800,45,18,-27,63,20,0.8746204733172755,-1.112521380837239
282,1558339200,155,76,-79,231,20,0.7768334807031192,-0.8427265340133608
282,1558353600,613,344,-269,957,20,0.4195348538437018,0.323172625475541
282,1558368000,950,170,-780,1120,20,-0.5414104004992575,0.5849378637629942
282,1558382400,1766,162,-1604,1928,20,-2.090958129615889,1.882522603249265
282,1558396800,529,60,-469,589,21,-0.13232543376790923,-0.12534623050181853
282,1558411200,65,7,-58,72,21,0.7028843487250411,-1.007172828693568
282,1558425600,170,98,-72,268,21,0.6744343804649405,-0.6728633253171986
282,1558440000,666,279,-387,945,21,0.03431009461267939,0.48186898991648464
282,1558454400,995,190,-805,1185,21,-0.8151246720103211,0.8912275654793856
282,1558468800,2036,192,-1844,2228,21,-2.9265187450277796,2.670231708446493
282,1558483200,682,50,-632,732,21,-0.4635643499390793,0.11856325410440999
282,1558497600,56,18,-38,74,21,0.7435271605251846,-1.0037615072305437
282,1558512000,159,105,-54,264,21,0.7110129110850698,-0.679685968243247
282,1558526400,680,276,-404,956,21,-0.00023629541744264143,0.5006312579631176
282,1558540800,1025,180,-845,1205,21,-0.8964102956106083,0.9253407801096274
282,1558555200,2039,226,-1813,2265,21,-2.8635223867375568,2.73334115551244
282,1558569600,634,61,-573,695,21,-0.3436680551286558,0.055453807038462755
282,1558584000,59,12,-47,71,21,0.72523789521512,-1.00887848942508
282,1558598400,142,104,-38,246,21,0.7435271605251846,-0.7103878614104646
282,1558612800,636,320,-316,956,21,0.17859207650318906,0.5006312579631176
282,1558627200,949,172,-777,1121,21,-0.7582247354901201,0.7820652786626121
282,1558641600,1986,163,-1823,2149,21,-2.8838437926376286,2.535484510657038
282,1558656000,639,61,-578,700,21,-0.3538287580786917,0.06398211069602319
282,1558670400,60,18,-42,78,21,0.735398598165156,-0.9969388643044953
282,1558684800,124,65,-59,189,21,0.7008522081350339,-0.8076105231066536
282,1558687204,91,28,-63,119,21,0.6927236457750052,-0.9270067743124997
282,1558699200,461,201,-260,662,21,0.29239194954359105,-0.0008329971014361403
282,1558713600,1267,209,-1058,1476,21,-1.3292562412821374,1.387574838349403
282,1558728000,1409,193,-1216,1602,21,-1.6503344545032714,1.6024880905199261
282,1558742400,474,126,-348,600,21,0.11356357762295935,-0.10658396245518557
282,1558756800,110,34,-76,144,21,0.6663058181049119,-0.8843652560246975
282,1558771200,36,40,4,76,21,0.8288770653054861,-1.0003501857675194
282,1558785600,200,201,1,401,21,0.8227806435354647,-0.446010448026091
282,1558800000,577,268,-309,845,21,0.1928170606332393,0.3113029167652759
282,1558814400,738,212,-526,950,21,-0.2481574473983184,0.4903972935740451
282,1558828800,368,109,-259,477,21,0.2944240901335982,-0.31638023243117236
282,1558843200,84,21,-63,105,21,0.6927236457750052,-0.950886024553669
282,1558857600,24,26,2,50,21,0.8248127841254718,-1.0446973647868338
282,1558872000,158,156,-2,314,21,0.8166842217654431,-0.5944029316676427
282,1558886400,448,251,-197,699,21,0.4204168067140433,0.0622764499645111
282,1558900800,549,207,-342,756,21,0.12575642116300242,0.1594991116607001
282,1558915200,303,90,-213,393,21,0.3879025572739284,-0.4596557338781877
282,1558929600,55,21,-34,76,21,0.7516557228852133,-1.0003501857675194
282,1558944000,18,21,3,39,21,0.826844924715479,-1.0634596328334667
282,1558958400,176,163,-13,339,21,0.794330675275364,-0.5517614133798404
282,1558972800,435,195,-240,630,21,0.3330347613437346,-0.05541414050982294
282,1558987200,615,131,-484,746,21,-0.16280754261801691,0.14244250434557923
282,1559001600,295,61,-234,356,22,0.3901287185526571,-0.5500916617804048
282,1559016000,31,16,-15,47,22,0.7994834930504144,-1.0281343554047582
282,1559030400,141,86,-55,227,22,0.7247154977083583,-0.7496628833905717
282,1559044800,609,360,-249,969,22,0.3620907202993861,0.3982584068012413
282,1559059200,890,208,-682,1098,22,-0.4472728292783714,0.5978296284114082
282,1559073600,1924,208,-1716,2132,22,-2.380025508870522,2.1974935287595683
282,1559088000,480,38,-442,518,22,0.0013351427739653032,-0.299467336967637
282,1559102400,62,5,-57,67,22,0.7209770979412555,-0.9971930807365152
282,1559116800,141,91,-50,232,22,0.7340614971261153,-0.7419275647235111
282,1559131200,650,379,-271,1029,22,0.32096832286125526,0.4910822308059701
282,1559145600,939,190,-749,1129,22,-0.5725092214763154,0.6457886041471848
282,1559160000,2031,200,-1831,2231,22,-2.5949834954789335,2.350652838367371
282,1559174400,426,32,-394,458,22,0.09105673718443265,-0.3922911609723658
282,1559188800,44,3,-41,47,22,0.7508842960780779,-1.0281343554047582
282,1559203200,134,63,-71,197,22,0.6948082995715359,-0.7960747953929361
282,1559217600,633,380,-253,1013,22,0.3546139207651805,0.46632921107137576
282,1559232000,868,172,-696,1040,22,-0.4734416276480911,0.5080999318735037
282,1559246400,2058,173,-1885,2231,22,-2.6959202891907093,2.350652838367371
282,1559260800,480,30,-450,510,22,-0.013618456294445922,-0.31184384683493416
282,1559275200,50,10,-40,60,22,0.7527534959616293,-1.0080225268704004
282,1559289600,133,102,-31,235,22,0.769576294913592,-0.7372863735232745
282,1559304000,638,350,-288,988,22,0.2891919248408814,0.42765261773607205
282,1559318400,1059,174,-885,1233,22,-0.8267204056393063,0.8066832324220481
282,1559332800,1743,196,-1547,1939,22,-2.064130728550335,1.898910228211024
282,1559347200,463,43,-420,506,22,0.04245754021209617,-0.31803210176858276
282,1559361600,97,14,-83,111,22,0.672377900968919,-0.9291222764663808
282,1559376000,29,34,5,63,22,0.8368674907214425,-1.0033813356701637
282,1559390400,217,159,-58,376,22,0.7191078980577041,-0.5191503871121619
282,1559404800,591,246,-345,837,22,0.18264753147845142,0.19404599399083788
282,1559419200,738,136,-602,874,22,-0.2977368385942592,0.2512873521270873
282,1559433600,254,54,-200,308,22,0.45368151459340483,-0.6243507209841879
282,1559448000,93,12,-81,105,22,0.6761163007360218,-0.9384046588668536
282,1559462400,30,26,-4,56,22,0.8200446917694799,-1.0142107818040489
282,1559476800,158,131,-27,289,22,0.7770530944477976,-0.6537449319190186
282,1559491200,512,231,-281,743,22,0.3022763240257412,0.04862200305009607
282,1559505600,730,143,-587,873,22,-0.2696988403409882,0.24974028839367518
282,1559520000,207,53,-154,260,22,0.5396647092367695,-0.6986097801879709
282,1559534400,40,7,-33,47,22,0.7658378951464891,-1.0281343554047582
282,1559548800,130,82,-48,212,22,0.7377998968932181,-0.772868839391754
282,1559563200,616,341,-275,957,22,0.3134915233270496,0.37969364200029554
282,1559577600,912,186,-726,1098,22,-0.5295176241546332,0.5978296284114082
282,1559592000,1964,221,-1743,2185,22,-2.43049390572641,2.279487906630412
282,1559606400,552,69,-483,621,23,-0.0533815714950627,-0.18711157930863268
282,1559620800,54,16,-38,70,23,0.7831920325655629,-1.0785723974384205
282,1559635200,164,92,-72,256,23,0.7192740493339645,-0.7776437002113052
282,1559636135,45,15,-30,60,23,0.7982315580318213,-1.094751359654932
282,1559649600,630,332,-298,962,23,0.2944074549121637,0.3645910322744121
282,1559664000,970,175,-795,1145,23,-0.6399230646791418,0.660666040836574
282,1559678400,1783,124,-1659,1907,23,-2.2641918150350535,1.8935029617347563
282,1559692800,704,61,-643,765,23,-0.35417208082023144,0.04586547660913404
282,1559707200,58,19,-39,77,23,0.7813120918822806,-1.0672471238868624
282,1559721600,126,91,-35,217,23,0.7888318546154098,-0.8407416528557003
282,1559736000,678,331,-347,1009,23,0.20229036143133075,0.4406321546920165
282,1559750400,889,186,-703,1075,23,-0.46696852181716975,0.547413305320993
282,1559764800,1984,183,-1801,2167,23,-2.5311433920611406,2.3141559793640574
282,1559779200,705,73,-632,778,23,-0.3334927333041261,0.06689812749059909
282,1559793600,57,9,-48,66,23,0.7643926257327399,-1.085043982325025
282,1559808000,137,83,-54,220,23,0.7531129816330461,-0.8358879641907468
282,1559822400,678,288,-390,966,23,0.12145291205019164,0.37106261716101674
282,1559836800,830,193,-637,1023,23,-0.34289243672053765,0.4632827017951327
282,1559851200,2010,209,-1801,2219,23,-2.5311433920611406,2.3982865828899174
282,1559865600,743,78,-665,821,23,-0.3955307758524422,0.13646766502159888
282,1559880000,100,12,-88,112,23,0.6891949984014477,-1.0106207561290719
282,1559894400,131,100,-31,231,23,0.7963516173485391,-0.8180911057525841
282,1559908800,633,279,-354,912,23,0.18913077664835462,0.2836962211918542
282,1559923200,1134,178,-956,1312,23,-0.9425935146875929,0.9308547098523173
282,1559937600,1820,191,-1629,2011,23,-2.207793594536584,2.0617641687864765
282,1559952000,608,106,-502,714,23,-0.08910044447742649,-0.03664723069507501
282,1559966400,108,26,-82,134,23,0.7004746425011416,-0.9750270392527465
282,1559980800,43,44,1,87,23,0.8565097192135728,-1.0510681616703508
282,1559995200,216,177,-39,393,23,0.7813120918822806,-0.5559919178450966
282,1560009600,610,299,-311,909,23,0.2699682260294937,0.2788425325269007
282,1560024000,617,295,-322,912,23,0.24928887851338838,0.2836962211918542
282,1560038400,317,140,-177,457,23,0.5218802775893225,-0.45244655965942254
282,1560052800,96,38,-58,134,23,0.7455932188999168,-0.9750270392527465
282,1560067200,28,25,-3,53,23,0.8489899564804436,-1.1060766332064902
282,1560081600,172,188,16,360,23,0.8847088294628074,-0.6093824931595848
282,1560096000,502,297,-205,799,23,0.469241938457418,0.1008739481452734
282,1560110400,664,192,-472,856,23,-0.03270222397895735,0.19309403277938939
282,1560124800,327,103,-224,430,23,0.43352306547505426,-0.4961297576440038
282,1560139200,35,19,-16,54,23,0.8245507275977736,-1.104458736984839
282,1560153600,146,82,-64,228,23,0.734313574800223,-0.8229447944175377
282,1560168000,629,305,-324,934,23,0.24552899714682377,0.3192899380681797
282,1560182400,887,154,-733,1041,23,-0.5233667423156388,0.49240483378485356
282,1560196800,1992,187,-1805,2179,23,-2.53866315479427,2.3335707340238714
282,1560211200,535,43,-492,578,24,0.12391308288600365,-0.38031923106079957
282,1560225600,44,26,-18,70,24,0.9502327408483798,-1.1201039200594447
282,1560240000,151,98,-53,249,24,0.8892175762309048,-0.8594317560225205
282,1560254400,629,290,-339,919,24,0.3906365167852517,0.11626852277490524
282,1560268800,842,193,-649,1035,24,-0.14978351268381293,0.2851957352234148
282,1560283200,2055,218,-1837,2273,24,-2.22081252884268,2.088056847389405
282,1560297600,656,49,-607,705,24,-0.07656531514284289,-0.19537305881113823
282,1560312000,59,7,-52,66,24,0.890960866648547,-1.1259289963507726
282,1560326400,156,85,-71,241,24,0.8578383487133462,-0.8710819086051764
282,1560328453,114,31,-83,145,24,0.8369188637016405,-1.0108837395970465
282,1560340800,558,288,-270,846,24,0.5109235556025596,0.009960880458170781
282,1560355200,956,186,-770,1142,24,-0.36072165321851235,0.4410165260164365
282,1560369600,2095,209,-1886,2304,24,-2.306233759307145,2.133201188647196
282,1560384000,659,44,-615,703,24,-0.09051163848398004,-0.1982855969568022
282,1560398400,53,11,-42,64,24,0.9083937708249684,-1.1288415344964366
282,1560412800,142,106,-36,248,24,0.9188535133308212,-0.8608880250953526
282,1560427200,657,342,-315,999,24,0.4324754868086631,0.23277004860146355
282,1560441600,920,181,-739,1101,24,-0.3066796502716059,0.3813094940303254
282,1560456000,1815,203,-1612,2018,24,-1.8285721848731977,1.7167082338172501
282,1560470400,706,62,-644,768,24,-0.1410670605956022,-0.10362810722272357
282,1560484800,72,9,-63,81,24,0.8717846720544834,-1.104084960258293
282,1560499200,137,65,-72,202,24,0.8560950582957041,-0.9278764024456235
282,1560513600,614,279,-335,893,24,0.39760967845582024,0.07840552688127378
282,1560528000,1158,204,-954,1362,24,-0.6814870900646668,0.7613957220394718
282,1560542400,1745,222,-1523,1967,24,-1.6734193377030466,1.6424385111028192
282,1561161600,5713,512,-5201,6225,25,-3.896012661336499,3.840899939311528
282,1561176000,129,34,-95,163,25,0.3784347211480714,-0.548033444755208
282,1561190400,46,50,4,96,25,0.46131178555582164,-0.5965419463606966
282,1561204800,211,281,70,492,25,0.516563161827655,-0.30983498164766
282,1561219200,592,290,-302,882,25,0.2051463137500483,-0.02747206185451796
282,1561233600,809,316,-493,1125,25,0.04525217938762117,0.148461757401209
282,1561248000,461,113,-348,574,25,0.16663777877270983,-0.25046636774243525
282,1561262400,89,34,-55,123,25,0.4119204037370614,-0.5769937442211713
282,1561276800,34,28,-6,62,25,0.45294036490857414,-0.6211582009067653
282,1561291200,196,220,24,416,25,0.47805462685031663,-0.36485955063299025
282,1561305600,521,296,-225,817,25,0.269606252733854,-0.0745325484867083
282,1561320000,696,223,-473,919,25,0.06199502068211615,-0.0006837848485019201
282,1561334400,296,79,-217,375,25,0.276303389251652,-0.3945438575856026
282,1561348800,41,10,-31,51,25,0.4320118132904554,-0.6291222832599053
282,1561363200,124,90,-34,214,25,0.42950038709628113,-0.5111090629361048
282,1561377600,558,349,-209,907,25,0.28300052576945,-0.009371874688290906
282,1561392000,789,225,-564,1014,25,-0.014184907207836042,0.06809692638316088
282,1561406400,1898,206,-1692,2104,25,-0.9584811562173533,0.8572650868306605
282,1561420800,559,41,-518,600,26,-0.07869476588658954,-0.25790951284433505
282,1561435200,48,10,-38,58,26,0.8341282952605014,-1.1152477357398436
282,1561449600,140,108,-32,248,26,0.84553858352484,-0.8147048162746285
282,1561464000,668,369,-299,1037,26,0.3377807557617707,0.43333920192565994
282,1561478400,817,206,-611,1023,26,-0.2555542339838384,0.41119393417559147
282,1561492800,2057,180,-1877,2237,26,-2.6631250577592906,2.3315050090743874
282,1561507200,623,50,-573,673,26,-0.18328907497636038,-0.1424377595761208
282,1561521600,76,6,-70,82,26,0.773273424517362,-1.0772844195968692
282,1561536000,144,77,-67,221,26,0.7789785686495313,-0.8574135469354749
282,1561550400,735,345,-390,1080,26,0.16472471708596803,0.501356810015156
282,1561564800,939,161,-778,1100,26,-0.5731405906745971,0.5329929068009681
282,1561579200,2014,187,-1827,2201,26,-2.568039322223135,2.2745600348599258
282,1561593600,678,67,-611,745,26,-0.2555542339838384,-0.02854781114719712
282,1561608000,63,6,-57,69,26,0.7979957157567623,-1.097847882507647
282,1561622400,149,89,-60,238,26,0.792290571624593,-0.8305228646675346
282,1561636800,651,328,-323,979,26,0.29213960270441613,0.3415945212468048
282,1561651200,968,211,-757,1179,26,-0.5332045817494119,0.6579554891049261
282,1561665600,1985,215,-1770,2200,26,-2.459641583711918,2.272978230020635
282,1561680000,720,72,-648,792,26,-0.3259176782805933,0.04579701629946138
282,1561694400,93,17,-76,110,26,0.7618631362530234,-1.032993884096732
282,1561708800,129,95,-34,224,26,0.8417351541033938,-0.8526681324176031
282,1561723200,615,342,-273,957,26,0.3872253382405714,0.30679481478241144
282,1561737600,1145,235,-910,1380,26,-0.8241669324900471,0.975898261802338
282,1561752000,1715,241,-1474,1956,26,-1.896734029337879,1.8870178492337273
282,1561766400,619,98,-521,717,26,-0.08439991001875885,-0.0728383466473341
282,1561780800,112,19,-93,131,26,0.7295339861707305,-0.9997759824716295
282,1561795200,47,30,-17,77,26,0.8740643041856866,-1.0851934437933222
282,1561809600,239,180,-59,419,26,0.7941922863353161,-0.5442161887559348
282,1561824000,591,216,-375,807,26,0.19325043774681464,0.06952408888882047
282,1561838400,764,169,-595,933,26,-0.2251267986122687,0.2688314986394369
282,1561852800,415,101,-314,516,26,0.3092550351009241,-0.39078111934474596
282,1561867200,70,18,-52,88,26,0.8075042893103779,-1.0677935905611255
282,1561881600,23,24,1,47,26,0.9082951689787025,-1.1326475889720404
282,1561896000,169,160,-9,329,26,0.8892780218714714,-0.6865786242920894
282,1561910400,486,262,-224,748,26,0.4804093590660036,-0.023802396629325297
282,1561924800,840,150,-690,990,26,-0.4057896961309638,0.35899437447900145
282,1561939200,430,66,-364,496,26,0.2141692995647688,-0.4224172161305581
282,1561953600,54,15,-39,69,26,0.8322265805497783,-1.097847882507647
282,1561968000,143,79,-64,222,26,0.7846837127817006,-0.8558317420961843
282,1561982400,577,330,-247,907,26,0.4366699207193722,0.22770457281788112
282,1561996800,838,226,-612,1064,26,-0.2574559486945615,0.4760479325865063
282,1562011200,1885,214,-1671,2099,26,-2.2713718273503307,2.113215941252284
282,1562025600,588,57,-531,645,27,-0.5245828942275147,0.09388996799883129
282,1562040000,58,11,-47,69,27,0.6039726221082794,-1.0146440026345138
282,1562054400,119,92,-27,211,27,0.6506071475767006,-0.7413595862630988
282,1562068800,595,262,-333,857,27,-0.06290109209014437,0.5018920544124931
282,1562083200,891,227,-664,1118,27,-0.834702488592516,1.0041965098557275
282,1562097600,1956,216,-1740,2172,27,-3.3436399587935783,3.0326597130632718
282,1562112000,577,55,-522,632,27,-0.5035973577667251,0.06887097213384259
282,1562126400,56,16,-40,72,27,0.6202947060222268,-1.0088703882041319
282,1562140800,109,90,-19,199,27,0.6692609577640691,-0.7644540439846269
282,1562155200,547,290,-257,837,27,0.11431010468985633,0.46340129154327964
282,1562169600,1208,183,-1025,1391,27,-1.6764556732975193,1.52959542302049
282,1562184000,1396,173,-1223,1569,27,-2.1381374754348896,1.872163212556489
282,1562198400,576,69,-507,645,27,-0.4686214636654092,0.09388996799883129
282,1562212800,65,8,-57,73,27,0.5806553593740688,-1.0069458500606712
282,1562227200,42,22,-20,64,27,0.6669292314906481,-1.0242666933518172
282,1562241600,179,116,-63,295,27,0.5666650017335424,-0.5796983822124027
282,1562256000,416,176,-240,592,27,0.15394945133801438,-0.008110553604584153
282,1562270400,418,141,-277,559,27,0.06767557922143509,-0.07162031233878621
282,1562284800,237,128,-109,365,27,0.4594055931561735,-0.44498071217015595
282,1562299200,33,30,-3,63,27,0.7065685781388061,-1.026191231495278
282,1562313600,38,63,25,101,27,0.7718569137945959,-0.9530587820437724
282,1562328000,290,233,-57,523,27,0.5806553593740688,-0.1409036855033703
282,1562342400,682,243,-439,925,27,-0.31006407707277694,0.6327606481678185
282,1562356800,958,212,-746,1170,27,-1.025904043013043,1.1042724933156822
282,1562371200,391,84,-307,475,27,-0.0022762089811967636,-0.23328151638948239
282,1562385600,88,15,-73,103,27,0.5433477389993318,-0.949209705756851
282,1562400000,36,44,8,80,27,0.7322175671464378,-0.9934740830564465
282,1562414400,169,315,146,484,27,1.0539957928785444,-0.21596067309833636
282,1562428800,504,373,-131,877,27,0.40810761514091015,0.5403828172817063
282,1562443200,586,287,-299,873,27,0.01637760120617173,0.5326846647078637
282,1562457600,318,132,-186,450,27,0.27986267010275173,-0.2813949699759991
282,1562472000,50,23,-27,73,27,0.6506071475767006,-1.0069458500606712
282,1562486400,20,26,6,46,27,0.7275541145995956,-1.0589083799341092
282,1562500800,133,212,79,345,27,0.8977701325593331,-0.48347147503936927
282,1562515200,373,342,-31,715,27,0.6412802424830164,0.2286076380410781
282,1562529600,584,248,-336,832,27,-0.06989627091040757,0.4537786008259763
282,1562544000,293,77,-216,370,27,0.2099108819001199,-0.4353580214528526
282,1562558400,28,7,-21,35,27,0.6645975052172269,-1.0800782995121765
282,1562572800,138,97,-41,235,27,0.6179629797488058,-0.6951706708200428
282,1562587200,544,326,-218,870,27,0.20524742935327775,0.5269110502774818
282,1562601600,757,186,-571,943,27,-0.6178519451643572,0.6674023347501106
282,1562616000,1901,187,-1714,2088,27,-3.283015075684631,2.870998509012576
282,1562630400,499,60,-439,559,28,0.016240337839384195,-0.27851361142288594
282,1562644800,41,11,-30,52,28,0.7763943525667456,-1.0653875455663027
282,1562659200,147,79,-68,226,28,0.7057687961862084,-0.7953361362153076
282,1562673600,617,303,-314,920,28,0.24856124698588827,0.2817654620007304
282,1562688000,873,227,-646,1100,28,-0.3684830877072266,0.561128988915553
282,1562702400,2030,204,-1826,2234,28,-2.561592470050225,2.321119208478935
282,1562716800,663,75,-588,738,28,-0.26068618586324865,-0.0007021041020346237
282,1562731200,55,14,-41,69,28,0.7559501125618532,-1.0390032124687918
282,1562745600,142,117,-25,259,28,0.7856871889326057,-0.7441194896142568
282,1562760000,669,376,-293,1045,28,0.287591159722501,0.4757679112471349
282,1562774400,913,213,-700,1126,28,-0.46884572045851636,0.601481498358805
282,1562788800,2017,201,-1816,2218,28,-2.543006797318505,2.296286894975395
282,1562803200,590,69,-521,659,28,-0.1361621785607225,-0.12331165202576229
282,1562817600,65,13,-52,78,28,0.7355058725569609,-1.0250350361230507
282,1562832000,156,71,-85,227,28,0.6741731525422838,-0.7937841166213364
282,1562846400,663,245,-418,908,28,0.05527025057599688,0.26314122687307556
282,1562860800,889,181,-708,1070,28,-0.4837142586438926,0.5145684010964159
282,1562875200,1974,254,-1720,2228,28,-2.36458433909399,2.3118070909151074
282,1562889600,616,60,-556,676,28,-0.20121203312174363,-0.09692731892825128
282,1562904000,56,17,-39,73,28,0.7596672471081973,-1.0327951340929067
282,1562918400,134,101,-33,235,28,0.7708186507472294,-0.7813679598695665
282,1562932800,619,262,-357,881,28,0.16864285423949088,0.22123669783585218
282,1562947200,1084,193,-891,1277,28,-0.8238320696343746,0.8358364570484618
282,1562961600,1859,181,-1678,2040,28,-2.2865245136207646,2.020027407248515
282,1562976000,586,101,-485,687,28,-0.06925375672652931,-0.07985510339456768
282,1562990400,108,19,-89,127,28,0.6667388834495956,-0.94898607601846
282,1563004800,44,31,-13,75,28,0.8079899962106701,-1.0296910949049642
282,1563019200,215,203,-12,418,28,0.8098485634838422,-0.49734837417283023
282,1563033600,561,324,-237,885,28,0.3916709270201348,0.22744477621173712
282,1563048000,729,266,-463,995,28,-0.02836527671674459,0.39816693154857313
282,1563062400,134,84,-50,218,28,0.7392230071033049,-0.8077522929670775
282,1563076800,47,21,-26,68,28,0.7838286216594337,-1.040555232062763
282,1563091200,24,22,-2,46,28,0.8284342362155624,-1.0746996631301302
282,1563105600,177,181,4,358,28,0.8395856398545947,-0.5904695498111044
282,1563120000,453,275,-178,728,28,0.5013263961372847,-0.016222300041746986
282,1563134400,617,193,-424,810,28,0.04411884693696468,0.11104330666389439
282,1563148800,307,78,-229,385,28,0.40653946520551104,-0.548565020773881
282,1563163200,29,10,-19,39,28,0.7968385925716379,-1.0855638002879289
282,1563177600,127,80,-47,207,28,0.744798708922821,-0.8248245085007611
282,1563192000,588,313,-275,901,28,0.32104537063959754,0.2522770897152769
282,1563206400,839,163,-676,1002,28,-0.42424010590238753,0.40903106870637174
282,1563220800,1954,214,-1740,2168,28,-2.4017556845574304,2.2186859152768332
282,1563235200,563,70,-493,633,29,-0.06643778623505225,-0.17109426095877758
282,1563249600,47,5,-42,52,29,0.7664308748267343,-1.0921271654185372
282,1563264000,164,68,-96,232,29,0.6667082413514872,-0.8067813430385772
282,1563278400,661,364,-297,1025,29,0.29551843897140045,0.450325530002024
282,1563292800,861,207,-654,1068,29,-0.363758971226067,0.5184914764594589
282,1563307200,2007,187,-1820,2194,29,-2.517029168117515,2.3034881209029856
282,1563321600,623,63,-560,686,29,-0.1901677203617478,-0.08707576881356716
282,1563336000,80,16,-64,96,29,0.7258031352627448,-1.0223759643923247
282,1563350400,176,70,-106,246,29,0.6482410870042191,-0.7845877790756913
282,1563364800,668,360,-308,1028,29,0.27520456918940567,0.45508129370835665
282,1563379200,926,177,-749,1103,29,-0.5391969375251129,0.5739753863666733
282,1563393600,2016,178,-1838,2194,29,-2.5502700459425975,2.3034881209029856
282,1563408000,610,60,-550,670,29,-0.17170056601447983,-0.11243984191400803
282,1563422400,60,19,-41,79,29,0.7682775902614611,-1.049325292061543
282,1563436800,155,91,-64,246,29,0.7258031352627448,-0.7845877790756913
282,1563451200,634,318,-316,952,29,0.26043084571159125,0.3346019464812625
282,1563465600,864,138,-726,1002,29,-0.49672248252639656,0.41386467492014023
282,1563480000,1976,190,-1786,2166,29,-2.454240843336804,2.2591009929772143
282,1563494400,575,57,-518,632,29,-0.11260567210322224,-0.17267951552755512
282,1563508800,71,14,-57,85,29,0.7387301433058323,-1.0398137646488776
282,1563523200,137,72,-65,209,29,0.723956419828018,-0.8432421981204609
282,1563537600,624,268,-356,892,29,0.18656222832251929,0.2394866723546092
282,1563552000,1093,187,-906,1280,29,-0.8291312607772204,0.8545654450403005
282,1563566400,1892,170,-1722,2062,29,-2.3360510555142886,2.0942345178243484
282,1563580800,593,89,-504,682,29,-0.08675165601704704,-0.09341678708867737
282,1563595200,112,24,-88,136,29,0.6814819648293016,-0.9589657816412225
282,1563609600,49,31,-18,80,29,0.8107520452601775,-1.0477400374927655
282,1563624000,232,216,-16,448,29,0.8144454761296311,-0.4643663561826253
282,1563638400,532,298,-234,830,29,0.41186151135918886,0.14120088909040077
282,1563652800,636,213,-423,849,29,0.06283229419582372,0.17132072589717431
282,1563667200,387,119,-268,506,29,0.34907318657847763,-0.3724215911935271
282,1563681600,101,22,-79,123,29,0.6981024037418427,-0.9795740910353307
282,1563696000,23,21,-2,44,29,0.8402994922158064,-1.1048092019687574
282,1563710400,145,200,55,345,29,0.9455622719952339,-0.6276475767667135
282,1563724800,437,306,-131,743,29,0.6020732011360492,0.003283741606753481
282,1563739200,538,191,-347,729,29,0.20318266723506048,-0.01890982235613229
282,1563753600,268,45,-223,313,29,0.43217538114118365,-0.6783757229675952
282,1563768000,40,11,-29,51,29,0.7904381754781827,-1.0937124199873147
282,1563782400,146,90,-56,236,29,0.7405768587405591,-0.8004403247634669
282,1563796800,625,314,-311,939,29,0.26966442288522524,0.3139936370871543
282,1563811200,857,218,-639,1075,29,-0.33605823970516496,0.5295882584409017
282,1563825600,1953,205,-1748,2158,29,-2.3840656568171856,2.246418956426994
282,1563840000,359,46,-313,405,30,0.2678178728112807,-0.49571996248035716
282,1563854400,64,7,-57,71,30,0.758376266076509,-1.0218972955368382
282,1563868800,147,99,-48,246,30,0.7756224595897397,-0.7462055791150293
282,1563883200,635,361,-274,996,30,0.34255137803528035,0.4353303484070087
282,1563897600,875,185,-690,1060,30,-0.4546060110207157,0.5361547475555559
282,1563912000,1945,201,-1744,2146,30,-2.4743268957923976,2.247018770607467
282,1563926400,432,50,-382,482,30,0.13559705587651213,-0.3744156072547613
282,1563940800,45,6,-39,51,30,0.7928686531029704,-1.0534049202707592
282,1563955200,153,91,-62,244,30,0.7487950474580475,-0.7493563415884213
282,1563969600,691,357,-334,1048,30,0.22757675461374244,0.5172501727152033
282,1563984000,910,184,-726,1094,30,-0.5235907850736384,0.5897177096032217
282,1563998400,2035,228,-1807,2263,30,-2.5950502503850124,2.431338375300905
282,1564012800,493,44,-449,537,30,0.007208726389128164,-0.2877696392364785
282,1564027200,56,4,-52,60,30,0.7679574846949705,-1.0392264891404945
282,1564041600,140,81,-59,221,30,0.7545437786291244,-0.7855901100324305
282,1564056000,678,300,-378,978,30,0.14326203077128133,0.40697348614647977
282,1564070400,990,198,-792,1188,30,-0.65006287083733,0.7378035458526504
282,1564084800,1953,171,-1782,2124,30,-2.547144157292705,2.2123603834001537
282,1564099200,499,36,-463,535,30,-0.01961868574256401,-0.2909204017098706
282,1564113600,69,14,-55,83,30,0.7622087535238936,-1.0029927206964855
282,1564128000,131,71,-60,202,30,0.7526275349054321,-0.8155223535296554
282,1564142400,583,277,-306,860,30,0.2812315788771268,0.2210785002163458
282,1564156800,1115,199,-916,1314,30,-0.887677092575175,0.9363015816763528
282,1564171200,1684,217,-1467,1901,30,-1.9435273843296312,1.8610503676169345
282,1564185600,568,98,-470,666,30,-0.0330323918084101,-0.08454545970268798
282,1564200000,92,23,-69,115,30,0.7353813413922015,-0.9525805211222118
282,1564214400,41,29,-12,70,30,0.8446072336426624,-1.023472676773534
282,1564228800,198,154,-44,352,30,0.7832874344845089,-0.5792151680252479
282,1564243200,554,200,-354,754,30,0.18925188013989647,0.05408808912656446
282,1564257600,758,167,-591,925,30,-0.26489788237517814,0.3234782806015891
282,1564272000,419,70,-349,489,30,0.19883309875835797,-0.3633879385978889
282,1564286400,84,18,-66,102,30,0.7411300725632783,-0.9730604771992605
282,1564300800,19,25,6,44,30,0.8790996206691238,-1.0644325889276314
282,1564315200,170,143,-27,313,30,0.8158635777872779,-0.6406550362563939
282,1564329600,491,193,-298,684,30,0.2965615286666652,-0.05618859744215908
282,1564344000,598,139,-459,737,30,-0.011953710847794816,0.027306608102731604
282,1564358400,326,67,-259,393,30,0.3712950338906648,-0.5146245373207098
282,1564372800,30,10,-20,40,30,0.829277283853124,-1.0707341138744155
282,1564387200,147,81,-66,228,30,0.7411300725632783,-0.7745624413755581
282,1564401600,593,355,-238,948,30,0.41153615208820304,0.3597120490455983
282,1564416000,880,201,-679,1081,30,-0.4335273300601004,0.569237753526173
282,1564430400,1971,205,-1766,2176,30,-2.5164842577136284,2.2942802077083484
282,1564444800,508,52,-456,560,31,-0.20413909584782064,0.03783908060234941
282,1564459200,39,7,-32,46,31,0.6155103041472166,-0.7385795792622267
282,1564473600,174,86,-88,260,31,0.5072547230157965,-0.41532356134195575
282,1564488000,674,367,-307,1041,31,0.08389807537685047,0.7644098498530519
282,1564502400,888,224,-664,1112,31,-0.6062312543359522,0.8716583417798709
282,1564516800,1970,179,-1791,2149,31,-2.7848748246057795,2.438090540767352
282,1564531200,541,65,-476,606,31,-0.24280180339475635,0.10732401903380953
282,1564545600,47,17,-30,64,31,0.6193765749019102,-0.7113898207455684
282,1564559202,33,34,1,67,31,0.6793037715996605,-0.7068581943261254
282,1564560000,155,92,-63,247,31,0.5555831074494663,-0.43496060915954227
282,1564574400,569,291,-278,860,31,0.13995900131990727,0.49100172254665453
282,1564588800,910,169,-741,1079,31,-0.7550826783916547,0.8218104511659973
282,1564603200,1979,201,-1778,2180,31,-2.7597440647002713,2.484917347101597
282,1564617600,526,73,-453,599,31,-0.19833968971578028,0.09675022405510908
282,1564632000,50,9,-41,59,31,0.5981120857510955,-0.7189425314446402
282,1564646400,159,102,-57,261,31,0.5671819197135469,-0.41381301920214136
282,1564660800,623,360,-263,983,31,0.16895603198010906,0.6767984057438197
282,1564675200,954,203,-751,1157,31,-0.7744140321651225,0.9396327380715166
282,1564683528,622,37,-585,659,31,-0.453513559525556,0.1873827524439701
282,1564683608,8,0,-8,8,31,0.6619055532035395,-0.7959801805751721
282,1564683689,5,3,-2,8,31,0.6735043654676202,-0.7959801805751721
282,1564683769,10,0,-10,10,31,0.6580392824488459,-0.7929590962955433
282,1564683850,7,4,-3,11,31,0.6715712300902734,-0.791448554155729
282,1564683931,11,0,-11,11,31,0.6561061470714991,-0.791448554155729
282,1564684011,5,4,-1,9,31,0.675437500844967,-0.7944696384353577
282,1564684091,12,2,-10,14,31,0.6580392824488459,-0.786916927736286
282,1564684172,11,0,-11,11,31,0.6561061470714991,-0.791448554155729
282,1564684253,10,2,-8,12,31,0.6619055532035395,-0.7899380120159146
282,1564684333,10,1,-9,11,31,0.6599724178261926,-0.791448554155729
282,1564684413,9,0,-9,9,31,0.6599724178261926,-0.7944696384353577
282,1564684494,8,0,-8,8,31,0.6619055532035395,-0.7959801805751721
282,1564684574,10,1,-9,11,31,0.6599724178261926,-0.791448554155729
282,1564684654,9,0,-9,9,31,0.6599724178261926,-0.7944696384353577
282,1564689600,1948,214,-1734,2162,31,-2.674686108097013,2.457727588584939
282,1564704000,565,68,-497,633,31,-0.28339764631903885,0.14810865680879698
282,1564718400,67,17,-50,84,31,0.5807138673549744,-0.6811789779492814
282,1564732800,130,88,-42,218,31,0.5961789503737488,-0.47876633121415846
282,1564747200,620,330,-290,950,31,0.11676137679174582,0.626950515129946
282,1564761600,1142,172,-970,1314,31,-1.1977706798040686,1.1767878540223697
282,1564776000,1689,217,-1472,1906,31,-2.168204639232155,2.0710288007924653
282,1565395200,9909,2321,-7588,12230,32,-4.009023111396817,4.054353286491184
282,1565409600,68,19,-49,87,32,0.3821954134578606,-0.406302668214094
282,1565424000,42,29,-13,71,32,0.4031642245594349,-0.4121801692661639
282,1565438400,216,194,-22,410,32,0.39792202178404135,-0.2876506157254335
282,1565452800,617,249,-368,866,32,0.19638844841891084,-0.12014183574144216
282,1565467200,767,159,-608,926,32,0.056596374408415716,-0.09810120679618015
282,1565481600,356,92,-264,448,32,0.2569650138234587,-0.27369155072676754
282,1565496000,68,25,-43,93,32,0.385690215308123,-0.4040986053195678
282,1565510400,23,14,-9,37,32,0.4054940924596098,-0.42466985900181237
282,1565524800,178,133,-45,311,32,0.38452528135803554,-0.3240176534851158
282,1565539200,442,142,-300,584,32,0.23599620272188446,-0.22373279178417363
282,1565553600,648,150,-498,798,32,0.12066774166322598,-0.1451212152127391
282,1565568000,264,55,-209,319,32,0.2890006974508639,-0.32107890295908087
282,1565582400,31,10,-21,41,32,0.39850448875908506,-0.4232004837387949
282,1565596800,137,100,-37,237,32,0.3891850171583854,-0.35120109585093895
282,1565611200,550,310,-240,860,32,0.27094422122450823,-0.12234589863596836
282,1565625600,870,217,-653,1087,32,0.03038536053144788,-0.038958852459727064
282,1565640000,1898,172,-1726,2070,32,-0.594601703690474,0.32214011842681567
282,1565654400,483,79,-404,562,33,0.06813974702333045,-0.24549729730185701
282,1565668800,4,6,2,10,33,0.8739087943477627,-1.1515159761694553
282,1565683200,155,92,-63,247,33,0.7449063606628167,-0.7625188260034756
282,1565697600,639,316,-323,955,33,0.22889662592303245,0.3995486099354006
282,1565712000,965,192,-773,1157,33,-0.6641971457419787,0.7310989235789783
282,1565726400,1990,202,-1788,2192,33,-2.6786197640530593,2.4298839464557256
282,1565740800,499,55,-444,554,33,-0.011246366013559437,-0.25862800279269177
282,1565755200,3,2,-1,5,33,0.867954835869996,-1.159722667101227
282,1565769600,145,92,-53,237,33,0.7647528889220392,-0.7789322078670191
282,1565784000,645,349,-296,994,33,0.2824822522229331,0.46356079920322
282,1565798400,903,195,-708,1098,33,-0.5351947120570326,0.6342599705840719
282,1565812800,1891,198,-1693,2089,33,-2.490077745590446,2.260826113261228
282,1565827200,536,63,-473,599,33,-0.0688012979653046,-0.18476778440674624
282,1565841600,4,3,-1,7,33,0.867954835869996,-1.1564399907285186
282,1565856000,136,95,-41,231,33,0.7885687228331061,-0.7887802369851452
282,1565870400,644,377,-267,1021,33,0.34003718417467826,0.5078769302347873
282,1565884800,879,202,-677,1081,33,-0.473670474453443,0.6063572214160481
282,1565899200,1894,203,-1691,2097,33,-2.4861084399386018,2.2739568187520627
282,1565913600,541,67,-474,608,33,-0.07078595079122685,-0.16999574072955714
282,1565928000,3,4,1,7,33,0.8719241415218405,-1.1564399907285186
282,1565942400,106,62,-44,168,33,0.7826147643553394,-0.892184542725469
282,1565956800,560,296,-264,856,33,0.345991142652445,0.23705612948632043
282,1565971200,1071,170,-901,1241,33,-0.9182327074600263,0.8689713312327433
282,1565985600,1627,205,-1422,1832,33,-1.952236829765517,1.8390021993681613
282,1566000000,495,66,-429,561,33,0.01852342637527427,-0.24713863548821136
282,1566014400,94,23,-71,117,33,0.7290291380554387,-0.9758927902295406
282,1566028800,46,34,-12,80,33,0.8461236547848513,-1.0366223031246513
282,1566043200,266,181,-85,447,33,0.7012439984925273,-0.43425118873260665
282,1566057600,626,227,-399,853,33,0.07806301115294167,0.23213211492725738
282,1566072000,811,162,-649,973,33,-0.41810019532762005,0.4290926972897788
282,1566086400,468,87,-381,555,33,0.11378676201954212,-0.2569866646063374
282,1566100800,83,16,-67,99,33,0.7369677493591277,-1.0054368775839186
282,1566115200,27,26,-1,53,33,0.867954835869996,-1.0809384341562187
282,1566129600,182,179,-3,361,33,0.8639855302181515,-0.5754062727590803
282,1566144000,520,241,-279,761,33,0.3162213502636113,0.08112900178265765
282,1566158400,662,167,-495,829,33,-0.11246366013559403,0.19273999845475312
282,1566172800,299,59,-240,358,33,0.393622810474579,-0.5803302873181434
282,1566187200,30,14,-16,44,33,0.8381850434811623,-1.0957104778334077
282,1566201600,138,81,-57,219,33,0.7568142776183502,-0.8084762952213973
282,1566216000,528,308,-220,836,33,0.4333158669930239,0.20422936575923353
282,1566230400,790,171,-619,961,33,-0.35856061054995264,0.40939663905352663
282,1566244800,1760,171,-1589,1931,33,-2.2836738516945325,2.0014946798172413
282,1566259200,444,65,-379,509,34,0.10384331381843437,-0.3313923048577093
282,1566273600,5,3,-2,8,34,0.8679023430940337,-1.1758046176230181
282,1566288000,155,97,-58,252,34,0.7544081636790906,-0.7645539104079776
282,1566302400,595,325,-270,920,34,0.3247516273225201,0.36132917327910097
282,1566316800,844,183,-661,1027,34,-0.467680946806815,0.5416727211152048
282,1566331200,1836,224,-1612,2060,34,-2.395055315085582,2.2827464119067495
282,1566345600,567,82,-485,649,34,-0.11098495435985085,-0.09542878432448929
282,1566360000,1,3,2,4,34,0.8760090701951011,-1.182546432495396
282,1566374400,155,87,-68,242,34,0.7341413459264221,-0.7814084475889219
282,1566388800,613,332,-281,945,34,0.30245812779458486,0.40346551623146165
282,1566403200,879,170,-709,1049,34,-0.5649616720196234,0.5787527029132823
282,1566417600,1861,174,-1687,2035,34,-2.547056448230595,2.240610068954389
282,1566432000,513,50,-463,563,34,-0.06639795530398034,-0.24037780408061019
282,1566446400,2,4,2,6,34,0.8760090701951011,-1.179175525059207
282,1566460800,134,81,-53,215,34,0.7645415725554248,-0.8269156979774714
282,1566475200,584,336,-248,920,34,0.36933862637839066,0.36132917327910097
282,1566489600,896,187,-709,1083,34,-0.5649616720196234,0.6360581293284928
282,1566504000,1811,185,-1626,1996,34,-2.4234288599393174,2.174877373948706
282,1566518400,592,42,-550,634,34,-0.24271926975219557,-0.12071059009590572
282,1566532800,1,2,1,3,34,0.8739823884198342,-1.1842318862134904
282,1566547200,97,96,-1,193,34,0.8699290248693006,-0.8639956797755489
282,1566561600,556,300,-256,856,34,0.3531251721762559,0.2534601353210575
282,1566576000,1030,212,-818,1242,34,-0.7858699855237091,0.9040452705055071
282,1566590400,1615,192,-1423,1807,34,-2.0120124595601485,1.8563266212288592
282,1566604800,512,80,-432,592,34,-0.0035708202707082394,-0.19149964625587174
282,1566619200,118,25,-93,143,34,0.6834743015447511,-0.9482683656802703
282,1566633600,39,31,-8,70,34,0.8557422524424326,-1.0713064871011637
282,1566648000,239,217,-22,456,34,0.8273687075886969,-0.42072135191671406
282,1566662400,631,221,-410,852,34,0.041016178785162276,0.24671832044867978
282,1566676800,807,192,-615,999,34,-0.3744535851445403,0.49448001700856087
282,1566691200,441,100,-341,541,34,0.18085722127857437,-0.27745778587868763
282,1566705600,81,23,-58,104,34,0.7544081636790906,-1.014001060685953
282,1566720000,21,26,5,47,34,0.8820891155209016,-1.1100719226173354
282,1566734400,171,145,-26,316,34,0.8192619804876295,-0.6566848724499341
282,1566748800,524,235,-289,759,34,0.28624467359245015,0.08997112466589789
282,1566763200,749,192,-557,941,34,-0.25690604217906343,0.39672370135908397
282,1566777600,353,70,-283,423,34,0.29840476424405116,-0.4763413246138302
282,1566792000,37,30,-7,67,34,0.8577689342176995,-1.076362848255447
282,1566806400,123,82,-41,205,34,0.7888617538586269,-0.8437702351584158
282,1566820800,557,304,-253,861,34,0.3592052175020564,0.26188740391152965
282,1566835200,814,207,-607,1021,34,-0.35824013094240553,0.5315599988066383
282,1566849600,1850,171,-1679,2021,34,-2.53084299402846,2.217013716901067
282,1566864000,482,51,-431,533,35,-0.7329581137175137,0.5851842570277096
282,1566878400,8,5,-3,13,35,0.4794813152621232,-0.5323092631445587
282,1566892800,131,100,-31,231,35,0.40016284794569834,-0.06382159507233852
282,1566907200,600,288,-312,888,35,-0.39585462762270807,1.3480884871453158
282,1566921600,843,198,-645,1041,35,-1.339177828207332,1.6768894651960025
282,1566936000,1906,184,-1722,2090,35,-4.39010601748553,3.931217739543521
282,1566950400,522,48,-474,570,35,-0.854768617096309,0.6646982190399672
282,1566964800,8,5,-3,13,35,0.4794813152621232,-0.5323092631445587
282,1566979200,141,79,-62,220,35,0.3123459734167994,-0.08746088107598267
282,1566993600,641,328,-313,969,35,-0.3986874300268661,1.5221595931721499
282,1567008000,850,212,-638,1062,35,-1.319348211378226,1.7220190112029594
282,1567022400,1934,195,-1739,2129,35,-4.438263658356217,4.0150297535564405
282,1567036800,514,52,-462,566,35,-0.8207749882464126,0.656102115038642
282,1567051200,1,1,0,2,35,0.4879797224745973,-0.5559485491482029
282,1567065600,89,83,-6,172,35,0.4709829080496491,-0.19061412909188435
282,1567080000,606,344,-262,950,35,-0.25421450741480656,1.4813280991658555
282,1567094400,944,202,-742,1146,35,-1.613959661410661,1.9025371952307875
282,1567108800,1738,160,-1578,1898,35,-3.982182471286774,3.518604747479914
282,1567123200,559,68,-491,627,35,-0.9029262579669955,0.7871927010588504
282,1567137600,4,2,-2,6,35,0.48231411766628124,-0.5473524451468778
282,1567152000,119,71,-48,190,35,0.3520052070750118,-0.1519316610859212
282,1567156628,173,75,-98,248,35,0.21036508686711033,-0.027288153066706674
282,1567156709,5,0,-5,5,35,0.47381571045380716,-0.549501471147209
282,1567156790,4,0,-4,4,35,0.47664851285796517,-0.5516504971475403
282,1567156882,2,5,3,7,35,0.4964781296870714,-0.5452034191465465
282,1567156963,3,7,4,10,35,0.4993109320912294,-0.5387563411455526
282,1567157040,68,41,-27,109,35,0.4114940575623305,-0.32600276711275533
282,1567157120,1,0,-1,1,35,0.48514692007043925,-0.5580975751485342
282,1567157201,2,3,1,5,35,0.4908125248787553,-0.549501471147209
282,1567157281,1,0,-1,1,35,0.48514692007043925,-0.5580975751485342
282,1567157362,1,3,2,4,35,0.4936453272829133,-0.5516504971475403
282,1567157442,2,0,-2,2,35,0.48231411766628124,-0.5559485491482029
282,1567157523,3,0,-3,3,35,0.4794813152621232,-0.5537995231478716
282,1567157603,3,1,-2,4,35,0.48231411766628124,-0.5516504971475403
282,1567157683,2,0,-2,2,35,0.48231411766628124,-0.5559485491482029
282,1567157763,2,3,1,5,35,0.4908125248787553,-0.549501471147209
282,1567157844,0,0,0,0,35,0.4879797224745973,-0.5602466011488655
282,1567157924,1,1,0,2,35,0.4879797224745973,-0.5559485491482029
282,1567158004,2,0,-2,2,35,0.48231411766628124,-0.5559485491482029
282,1567158084,1,2,1,3,35,0.4908125248787553,-0.5537995231478716
282,1567158165,1,2,1,3,35,0.4908125248787553,-0.5537995231478716
282,1567158245,3,0,-3,3,35,0.4794813152621232,-0.5537995231478716
282,1567158326,4,0,-4,4,35,0.47664851285796517,-0.5516504971475403
282,1567158406,1,0,-1,1,35,0.48514692007043925,-0.5580975751485342
282,1567158486,2,0,-2,2,35,0.48231411766628124,-0.5559485491482029
282,1567158566,2,4,2,6,35,0.4936453272829133,-0.5473524451468778
282,1567158647,2,1,-1,3,35,0.48514692007043925,-0.5537995231478716
282,1567158727,0,0,0,0,35,0.4879797224745973,-0.5602466011488655
282,1567158808,2,0,-2,2,35,0.48231411766628124,-0.5559485491482029
282,1567158888,1,4,3,5,35,0.4964781296870714,-0.549501471147209
282,1567158968,3,3,0,6,35,0.4879797224745973,-0.5473524451468778
282,1567159048,1,0,-1,1,35,0.48514692007043925,-0.5580975751485342
282,1567159128,0,0,0,0,35,0.4879797224745973,-0.5602466011488655
282,1567159208,0,4,4,4,35,0.4993109320912294,-0.5516504971475403
282,1567159288,1,3,2,4,35,0.4936453272829133,-0.5516504971475403
282,1567159369,2,4,2,6,35,0.4936453272829133,-0.5473524451468778
282,1567159449,2,0,-2,2,35,0.48231411766628124,-0.5559485491482029
282,1567159529,1,0,-1,1,35,0.48514692007043925,-0.5580975751485342
282,1567159609,3,0,-3,3,35,0.4794813152621232,-0.5537995231478716
282,1567159689,0,0,0,0,35,0.4879797224745973,-0.5602466011488655
282,1567159770,1,0,-1,1,35,0.48514692007043925,-0.5580975751485342
282,1567159850,0,0,0,0,35,0.4879797224745973,-0.5602466011488655
282,1567159930,1,0,-1,1,35,0.48514692007043925,-0.5580975751485342
282,1567160010,3,12,9,15,35,0.5134749441120195,-0.5280112111438962
282,1567160091,1,0,-1,1,35,0.48514692007043925,-0.5580975751485342
282,1567160172,97,71,-26,168,35,0.4143268599664885,-0.1992102330932095
282,1567160252,1,6,5,7,35,0.5021437344953874,-0.5452034191465465
282,1567160332,1,2,1,3,35,0.4908125248787553,-0.5537995231478716
282,1567160412,1,0,-1,1,35,0.48514692007043925,-0.5580975751485342
282,1567160493,3,6,3,9,35,0.4964781296870714,-0.5409053671458839
282,1567160573,4,0,-4,4,35,0.47664851285796517,-0.5516504971475403
282,1567160654,2,1,-1,3,35,0.48514692007043925,-0.5537995231478716
282,1567160734,4,0,-4,4,35,0.47664851285796517,-0.5516504971475403
282,1567160818,12,8,-4,20,35,0.47664851285796517,-0.5172660811422397
282,1567160899,3,1,-2,4,35,0.48231411766628124,-0.5516504971475403
282,1567166400,200,113,-87,313,35,0.24152591331284867,0.11239853695482688
282,1567180800,1116,228,-888,1344,35,-2.0275488124177334,2.3280443432963818
282,1567195200,1277,155,-1122,1432,35,-2.6904245749907125,2.517158631325535
282,1567209600,289,50,-239,339,35,-0.18906005211917187,0.16827321296344028
282,1567224000,48,5,-43,53,35,0.36616921909580197,-0.4463482231313073
282,1567238400,30,3,-27,33,35,0.4114940575623305,-0.489328743137933
282,1567252800,212,51,-161,263,35,0.03189853540515446,0.0049472369382626055
282,1567267200,549,112,-437,661,35,-0.7499549281424619,0.8602595850701141
282,1567281600,690,69,-621,759,35,-1.2711905705075395,1.07086413310258
282,1567296000,339,50,-289,389,35,-0.3307001723270734,0.27572451298000455
282,1567310400,45,9,-36,54,35,0.3859988359249082,-0.44419919713097605
282,1567324800,19,3,-16,22,35,0.4426548840080688,-0.5129680291415771
282,1567339200,161,57,-104,218,35,0.19336827244216218,-0.09175893307664523
282,1567353600,488,79,-409,567,35,-0.670636460826037,0.6582511410389733
282,1567368000,611,80,-531,691,35,-1.0162383541333166,0.9247303650800527
282,1567382400,261,40,-221,301,35,-0.13806960884432734,0.08661022495085145
282,1567396800,34,3,-31,37,35,0.40016284794569834,-0.48073263913660785
282,1567411200,19,7,-12,26,35,0.45398609362470094,-0.504371925140252
282,1567425600,224,66,-158,290,35,0.040396942617628544,0.0629709389472073
282,1567440000,533,61,-472,594,35,-0.8491030122879929,0.716274843047918
282,1567454400,556,55,-501,611,35,-0.9312542820085759,0.7528082850535499
282,1567468800,229,33,-196,262,36,0.4204176050959928,-0.6976274528965329
282,1567483200,22,1,-21,23,36,0.7545581287913187,-1.0777312241518435
282,1567492009,13,26,13,39,36,0.8194768591092677,-1.0522849465782662
282,1567497600,125,81,-44,206,36,0.7106425171056473,-0.7866894244040534
282,1567512000,558,332,-226,890,36,0.36313637246250835,0.3011389418663754
282,1567526400,798,214,-584,1012,36,-0.32041967029707263,0.4951668083649022
282,1567540800,1814,167,-1647,1981,36,-2.350084679943538,2.0362569939146766
282,1567555200,466,48,-418,514,36,-0.0034635163917920548,-0.29684858111269075
282,1567569600,1,1,0,2,36,0.7946549916347578,-1.1111294634671638
282,1567584000,148,94,-54,242,36,0.6915487728944858,-0.7294352998635045
282,1567598400,624,339,-285,963,36,0.2504832816166556,0.4172375832958217
282,1567612800,831,187,-644,1018,36,-0.4349821355640415,0.5047091624549936
282,1567627200,1909,186,-1723,2095,36,-2.495197135948365,2.2175617216264145
282,1567641600,561,49,-512,610,36,-0.18294471197670997,-0.14417091567122706
282,1567656000,3,3,0,6,36,0.7946549916347578,-1.1047678940737695
282,1567670400,159,105,-54,264,36,0.6915487728944858,-0.6944466681998358
282,1567684800,580,390,-190,970,36,0.4318738516226897,0.4283703297342618
282,1567699200,1038,160,-878,1198,36,-0.8817757501052201,0.790979785157738
282,1567713600,1878,183,-1695,2061,36,-2.441734652157113,2.163488381782563
282,1567728000,584,46,-538,630,36,-0.23258844692572983,-0.11236306870425544
282,1567742400,3,3,0,6,36,0.7946549916347578,-1.1047678940737695
282,1567756800,142,72,-70,214,36,0.6609987821566274,-0.7739662856172648
282,1567771200,585,392,-193,977,36,0.4261457283593412,0.43950307617270185
282,1567785600,1059,179,-880,1238,36,-0.8855944989474525,0.8545954790916813
282,1567800000,1869,273,-1596,2142,36,-2.2527065844666145,2.292310161998798
282,1567814400,498,79,-419,577,36,-0.0053728908129082025,-0.1966538631667302
282,1567828800,74,46,-28,120,36,0.7411925078435057,-0.9234631663620313
282,1567843200,26,38,12,64,36,0.8175674846881515,-1.012525137869552
282,1567857600,220,242,22,462,36,0.836661228899313,-0.3795489832268169
282,1567872000,604,294,-310,898,36,0.20274892108875192,0.313862080653164
282,1567886400,795,211,-584,1006,36,-0.32041967029707263,0.48562445427481066
282,1567900800,400,106,-294,506,36,0.2332989118266103,-0.3095717198994794
282,1567915200,80,20,-60,100,36,0.6800925263677889,-0.9552710133290029
282,1567929600,28,25,-3,53,36,0.7889268683714094,-1.0300194537013863
282,1567944000,163,149,-14,312,36,0.7679237497391318,-0.618107835479104
282,1567958400,482,202,-280,684,36,0.26003015372223637,-0.026481881893432115
282,1567972800,654,194,-460,848,36,-0.08365724207867027,0.23434246323573502
282,1567987200,287,76,-211,363,36,0.3917769887792506,-0.5369978257133263
282,1568001600,22,11,-11,33,36,0.7736518730024802,-1.0618273006683578
282,1568016000,174,86,-88,260,36,0.6266300425765368,-0.7008082375932301
282,1568030400,599,413,-186,1012,36,0.4395113493071543,0.4951668083649022
282,1568044800,946,188,-758,1134,36,-0.6526508195712823,0.6891946748634289
282,1568059200,1961,172,-1789,2133,36,-2.621215847742031,2.2779966308636608
282,1568073600,549,65,-484,614,37,-0.03019874686496162,-0.25846468594525024
282,1568088000,34,19,-15,53,37,0.8407454928803006,-1.1363578573798743
282,1568102400,169,85,-84,254,37,0.7126108392717226,-0.8218185927482176
282,1568116800,710,376,-334,1086,37,0.24835484793629498,0.4801548807519736
282,1568131200,907,178,-729,1085,37,-0.4851696183736807,0.478590008788632
282,1568145600,1932,217,-1715,2149,37,-2.3161952482006076,2.143613777784069
282,1568160000,573,68,-505,641,37,-0.06919625013713755,-0.2162131429350277
282,1568174400,45,10,-35,55,37,0.8036050135734665,-1.1332281134531912
282,1568188800,177,122,-55,299,37,0.7664645342666322,-0.7513993543978467
282,1568203200,668,379,-289,1047,37,0.3319209263766719,0.4191248741816521
282,1568217600,999,204,-795,1203,37,-0.6077332000862337,0.6632449004629379
282,1568232000,1983,180,-1803,2163,37,-2.479613357150678,2.165521985270851
282,1568246400,545,71,-474,616,37,-0.011628507211544516,-0.2553349420185671
282,1568260800,46,22,-24,68,37,0.8240322771922253,-1.1128847779297506
282,1568275200,160,84,-76,244,37,0.7274670309944563,-0.8374673123816333
282,1568289600,650,326,-324,976,37,0.26692508758971206,0.3080189647844003
282,1568304000,1027,179,-848,1206,37,-0.7061554702493443,0.6679395163529627
282,1568318400,1992,184,-1808,2176,37,-2.4888984769773868,2.1858653207942917
282,1568332800,600,87,-513,687,37,-0.08405244185987124,-0.1442290326213152
282,1568347200,47,12,-35,59,37,0.8036050135734665,-1.1269686255998248
282,1568361600,145,94,-51,239,37,0.773892630127999,-0.8452916721983412
282,1568376000,600,259,-341,859,37,0.235355680178903,0.12492894507343587
282,1568390400,1030,155,-875,1185,37,-0.7562951173135705,0.6350772051227896
282,1568404800,1865,271,-1594,2136,37,-2.0914953483942607,2.1232704422606283
282,1568419200,576,116,-460,692,37,0.014369828303239433,-0.1364046728046073
282,1568433600,81,27,-54,108,37,0.7683215582319739,-1.0502898993960876
282,1568448000,34,32,-2,66,37,0.8648868044297429,-1.116014521856434
282,1568462400,242,237,-5,479,37,0.8593157325337177,-0.469722400996363
282,1568476800,649,370,-279,1019,37,0.35049116603008906,0.37530845920808803
282,1568491200,913,231,-682,1144,37,-0.3978894920026203,0.570917454625785
282,1568505600,497,142,-355,639,37,0.20935734466411904,-0.21934288686171083
282,1568520000,87,14,-73,101,37,0.7330381028904814,-1.0612440031394788
282,1568534400,34,40,6,74,37,0.8797429961524765,-1.1034955461497011
282,1568548800,182,251,69,433,37,0.9967355059690043,-0.5417065113100755
282,1568563200,605,311,-294,916,37,0.3226358065499634,0.2141266469839057
282,1568577600,741,230,-511,971,37,-0.0803383939291878,0.30019460496769235
282,1568592000,335,80,-255,415,37,0.3950597411982901,-0.5698742066502238
282,1568606400,36,10,-26,46,37,0.8203182292615419,-1.1473119611232654
282,1568620800,152,95,-57,247,37,0.7627504863359488,-0.8327726964916086
282,1568635200,600,319,-281,919,37,0.34677711809940565,0.21882126287393042
282,1568649600,962,213,-749,1175,37,-0.522310097680515,0.6194284854893739
282,1568664000,2006,175,-1831,2181,37,-2.531610028180246,2.1936896806109996
282,1568678400,502,44,-458,546,38,0.058985998680829335,-0.28682717308280176
282,1568692800,47,18,-29,65,38,0.8480058384961103,-1.0134080571729285
282,1568707200,162,90,-72,252,38,0.7689199338060005,-0.730932744647245
282,1568721600,684,359,-325,1043,38,0.3036005410944246,0.46392272170470955
282,1568736000,1020,188,-832,1208,38,-0.6288774514145438,0.713165644521489
282,1568750400,2062,191,-1871,2253,38,-2.5398136135778935,2.2917041556944255
282,1568764800,584,60,-524,644,38,-0.062401668983060044,-0.13879198256132064
282,1568779200,40,19,-21,59,38,0.8627194951826423,-1.0224714361844476
282,1568793600,156,80,-76,236,38,0.7615631054627345,-0.7551017553446298
282,1568808000,672,361,-311,1033,38,0.32934944029585567,0.4488170900188441
282,1568822400,1008,191,-817,1199,38,-0.6012893451272963,0.6995705760042101
282,1568836800,2026,222,-1804,2248,38,-2.4165867388281876,2.2841513398514928
282,1568851200,602,53,-549,655,38,-0.10838184612847268,-0.12217578770686868
282,1568865600,34,11,-23,45,38,0.8590410810110093,-1.0436193205446591
282,1568880000,179,89,-90,268,38,0.7358142062613034,-0.7067637339498604
282,1568894400,659,324,-335,983,38,0.28520847023625956,0.37328893158951704
282,1568908800,1084,193,-891,1277,38,-0.7373906694777176,0.8173945031539603
282,1568923200,1975,201,-1774,2176,38,-2.3614105262536924,2.1753907917132618
282,1568937600,598,68,-530,666,38,-0.07343691149795908,-0.10555959285241671
282,1568952000,46,12,-34,58,38,0.8388098030670278,-1.0239819993530341
282,1568966400,133,76,-57,209,38,0.7965080400932482,-0.7958869608964664
282,1568980800,626,315,-311,941,38,0.32934944029585567,0.30984527850888227
282,1568995200,1064,186,-878,1250,38,-0.713480977362103,0.7766092976021237
282,1569009600,1870,198,-1672,2068,38,-2.173811403500409,2.0122499695059153
282,1569024000,396,66,-330,462,38,0.29440450566534204,-0.41371447924407123
282,1569038400,72,7,-65,79,38,0.781794383406716,-0.9922601728127168
282,1569052800,37,14,-23,51,38,0.8590410810110093,-1.03455594153314
282,1569067200,212,58,-154,270,38,0.6181049527690471,-0.7037426076126873
282,1569081600,602,172,-430,774,38,0.11048379708369149,0.057581229354929805
282,1569096000,812,101,-711,913,38,-0.4063333940307466,0.26754950978845915
282,1569110400,291,41,-250,332,38,0.4415410725306625,-0.6100876911603217
282,1569124800,52,14,-38,66,38,0.8314529747237618,-1.011897494004342
282,1569139200,21,12,-9,33,38,0.8847899802124404,-1.0617460785676978
282,1569153600,173,54,-119,227,38,0.6824772007726247,-0.7686968238619086
282,1569168000,550,116,-434,666,38,0.10312696874042547,-0.10555959285241671
282,1569182400,676,81,-595,757,38,-0.19298537207603195,0.03190165548895859
282,1569196800,275,22,-253,297,38,0.436023451273213,-0.6629574020608506
282,1569211200,26,4,-22,30,38,0.8608802880968258,-1.0662777680734574
282,1569225600,152,102,-50,254,38,0.8093824896939636,-0.727911618310072
282,1569240000,623,369,-254,992,38,0.4341842441873965,0.3868840001067959
282,1569254400,964,191,-773,1155,38,-0.5203642333513699,0.6331057965864022
282,1569268800,1978,189,-1789,2167,38,-2.38899863254094,2.161795723195983
282,1569283200,529,53,-476,582,39,-0.035917980796424984,-0.234103511894625
282,1569297600,33,17,-16,50,39,0.8021682377868242,-1.0583721645535442
282,1569312000,177,96,-81,273,39,0.6837430112478868,-0.7128610563901251
282,1569326400,642,351,-291,993,39,0.30113843319901223,0.4026905035993897
282,1569340800,976,198,-778,1174,39,-0.5861398025619495,0.6831277707634205
282,1569355200,1998,195,-1803,2193,39,-2.4536145287528854,2.261943103581914
282,1569369600,610,59,-551,669,39,-0.17256247295673735,-0.09930769839589196
282,1569384000,51,17,-34,68,39,0.7693735596683493,-1.0304833755538063
282,1569398400,190,111,-79,301,39,0.6873868643721619,-0.6694784957238662
282,1569412800,645,362,-283,1007,39,0.3157138456961122,0.42438178393251913
282,1569427200,1011,206,-805,1217,39,-0.6353318197396619,0.749750988929461
282,1569441600,2048,172,-1876,2220,39,-2.586615167788923,2.3037762870815213
282,1569456000,546,54,-492,600,39,-0.06506880579062496,-0.20621472289488713
282,1569470400,40,18,-22,58,39,0.7912366784139993,-1.0459771472203274
282,1569484800,162,93,-69,255,39,0.7056061299935369,-0.740749845389863
282,1569499200,690,351,-339,1041,39,0.2136859582164123,0.4770606075986907
282,1569513600,1106,189,-917,1295,39,-0.8393875946990618,0.8706024079283251
282,1569528000,2044,209,-1835,2253,39,-2.511916178741285,2.3549057335810404
282,1569542400,608,48,-560,656,39,-0.18895981201597484,-0.1194496015623693
282,1569556800,57,23,-34,80,39,0.7693735596683493,-1.0118908495539811
282,1569571200,142,80,-62,222,39,0.7183596159284993,-0.7918792918893824
282,1569585600,651,305,-346,956,39,0.2009324722814498,0.34536354843326184
282,1569600000,1074,168,-906,1242,39,-0.8193464025155492,0.7884854180957636
282,1569614400,1876,211,-1665,2087,39,-2.2021886631779104,2.0977091239167915
282,1569628800,528,89,-439,617,39,0.031493302002662454,-0.17987531106180135
282,1569643200,72,32,-40,104,39,0.7584420002955243,-0.9747057975543306
282,1569657600,41,31,-10,72,39,0.8130997971596492,-1.024285866887198
282,1569672000,191,158,-33,349,39,0.7711954862304868,-0.5951083917245652
282,1569686400,503,225,-278,728,39,0.3248234785067997,-0.00789444556341783
282,1569700800,726,202,-524,928,39,-0.1233704557790249,0.30198098776700294
282,1569715200,309,91,-218,400,39,0.4341390722350496,-0.5160901562253079
282,1569729600,44,19,-25,63,39,0.7857708987275868,-1.0382302613870669
282,1569744000,31,24,-7,55,39,0.8185655768460618,-1.0506252787202837
282,1569758400,121,112,-9,233,39,0.8149217237217867,-0.7748361430562093
282,1569772800,425,195,-230,620,39,0.4122759534893996,-0.17522717956184505
282,1569787200,551,134,-417,685,39,0.07157568636968742,-0.0745176637294583
282,1569801600,201,62,-139,263,39,0.578071270643912,-0.7283548280566461
282,1569816000,22,17,-5,39,39,0.8222094299703367,-1.0754153133867175
282,1569830400,126,113,-13,239,39,0.8076340174732367,-0.7655398800562966
282,1569844800,572,357,-215,929,39,0.4396048519214621,0.30353036493365504
282,1569859200,754,208,-546,962,39,-0.16345284014604985,0.3546598114331745
282,1569873600,1854,158,-1696,2012,39,-2.2586683866041732,1.9815058364178835
282,1569888000,450,44,-406,494,40,0.11547523982702654,-0.4246801024747411
282,1569902400,38,22,-16,60,40,0.8308626938235071,-1.1032450488202514
282,1569916800,135,97,-38,232,40,0.7905075041108851,-0.8343206922040584
282,1569931200,617,323,-294,940,40,0.32091984200037477,0.2726470082858524
282,1569945600,846,174,-672,1020,40,-0.37245569033467557,0.3977281043864073
282,1569960000,1887,198,-1689,2085,40,-2.2379660511408823,2.062870196225044
282,1569974400,578,50,-528,628,40,-0.10831263039751352,-0.21516926650631166
282,1569988800,46,22,-24,68,40,0.8161880793825536,-1.090736939210196
282,1570003200,175,104,-71,279,40,0.7299747195419521,-0.7608355482449823
282,1570017600,648,391,-257,1039,40,0.3887899337897845,0.42743486471028913
282,1570032000,980,184,-796,1164,40,-0.599912214169454,0.6228740773674061
282,1570046400,2048,195,-1853,2243,40,-2.538795647180428,2.30990536102364
282,1570060800,558,49,-509,607,40,-0.07346042110024907,-0.2480030542327073
282,1570075200,55,20,-35,75,40,0.7960104845262426,-1.0797923433013974
282,1570089600,152,99,-53,251,40,0.7629926020340974,-0.8046139318801766
282,1570104000,658,382,-276,1040,40,0.35393772449252003,0.42899837841154603
282,1570118400,940,225,-715,1165,40,-0.45133174295480033,0.624437591068663
282,1570132800,2058,207,-1851,2265,40,-2.5351269935701897,2.344302662451293
282,1570147200,591,74,-517,665,40,-0.08813503554120253,-0.157319259559805
282,1570161600,81,32,-49,113,40,0.7703299092545741,-1.0203788226536337
282,1570176000,147,83,-64,230,40,0.7428150071777864,-0.8374477196065723
282,1570190400,653,295,-358,948,40,0.20352292647274722,0.2851551178959079
282,1570204800,1116,168,-948,1284,40,-0.8787298885475694,0.8104957215182385
282,1570219200,1866,191,-1675,2057,40,-2.212285475869214,2.01909181258985
282,1570233600,540,68,-472,608,40,-0.005590329310839388,-0.24643954053145037
282,1570248000,107,25,-82,132,40,0.7097971246856412,-0.990672062329752
282,1570262400,40,29,-11,69,40,0.8400343278491029,-1.089173425508939
282,1570276800,223,217,-6,440,40,0.8492059618746989,-0.5091098423426157
282,1570291200,744,318,-426,1062,40,0.07878870372464293,0.46339567983919866
282,1570305600,913,264,-649,1177,40,-0.3302661738169344,0.6431997554837463
282,1570320000,456,111,-345,567,40,0.22736917493929656,-0.3105436022829848
282,1570334400,96,21,-75,117,40,0.7226374123214754,-1.014124767848606
282,1570348800,18,20,2,38,40,0.8638805763156523,-1.137642350247904
282,1570363200,175,233,58,408,40,0.9666028774023264,-0.5591422807828376
282,1570377600,570,282,-288,852,40,0.33192580283108986,0.13505780257524205
282,1570392000,763,179,-584,942,40,-0.21103493148418764,0.2757740356883663
282,1570406400,279,64,-215,343,40,0.46583165960479006,-0.6607706713645385
282,1570420800,26,24,-2,50,40,0.8565432690951755,-1.1188801858328208
282,1570435200,153,89,-64,242,40,0.7428150071777864,-0.818685555191489
282,1570449600,628,324,-304,952,40,0.30257657394918297,0.2914091727009357
282,1570464000,896,179,-717,1075,40,-0.45500039656503866,0.48372135795553883
282,1570478400,1976,154,-1822,2130,40,-2.4819315162217332,2.1332283127816063
282,1570492800,403,32,-371,435,41,0.13612345770549,-0.5029567933564243
282,1570507200,35,3,-32,38,41,0.7531644608289433,-1.1098242636817024
282,1570521600,181,112,-69,293,41,0.6858178026709263,-0.7200227399211333
282,1570536000,706,299,-407,1005,41,0.07059697949768964,0.368364259755436
282,1570550400,1048,215,-833,1263,41,-0.7047996792946145,0.7627516837955413
282,1570564800,2115,227,-1888,2342,41,-2.625089526773208,2.4121471510020274
282,1570579200,411,32,-379,443,41,0.12156201810375658,-0.490727725944328
282,1570593600,46,15,-31,61,41,0.7549846407791599,-1.0746656948719255
282,1570608000,143,97,-46,240,41,0.7276819415259098,-0.8010403115262712
282,1570622400,629,321,-308,950,41,0.2507947945691406,0.2842894212972741
282,1570636800,801,211,-590,1012,41,-0.26249595139196213,0.37906469374102025
282,1570651200,1998,202,-1796,2200,41,-2.457632971353274,2.1950812044373182
282,1570665600,363,36,-327,399,41,0.21621137551502376,-0.5579875967108575
282,1570680000,48,5,-43,53,41,0.7331424813765598,-1.086894762284022
282,1570694400,164,79,-85,243,41,0.6566949234674594,-0.7964544112467351
282,1570708800,722,315,-407,1037,41,0.07059697949768964,0.41728052940382115
282,1570723200,1048,195,-853,1243,41,-0.7412032782989479,0.7321790152653005
282,1570737600,2099,193,-1906,2292,41,-2.657852765877108,2.3357154796764257
282,1570752000,442,35,-407,477,41,0.07059697949768964,-0.4387541894429188
282,1570766400,42,11,-31,53,41,0.7549846407791599,-1.086894762284022
282,1570780800,126,98,-28,224,41,0.7604451806298099,-0.8254984463504638
282,1570795200,640,303,-337,943,41,0.19800957601285699,0.2735889873116898
282,1570809600,1128,182,-946,1310,41,-0.9104800136690989,0.8345974548416069
282,1570824000,1924,224,-1700,2148,41,-2.282895696132473,2.115592266258693
282,1570838400,531,81,-450,612,41,-0.007670758361627436,-0.23238867686379397
282,1570852800,86,49,-37,135,41,0.7440635610778599,-0.961546821310035
282,1570867200,46,53,7,99,41,0.8241514788873936,-1.0165776246644682
282,1570881600,201,303,102,504,41,0.9970685741579778,-0.39748108692709383
282,1570896000,676,375,-301,1051,41,0.26353605422065735,0.4386813973749897
282,1570910400,989,334,-655,1323,41,-0.38080764815604606,0.8544696893862633
282,1570924800,417,147,-270,564,41,0.3199616326773743,-0.3057630813363717
282,1570939200,84,42,-42,126,41,0.7349626613267765,-0.9753045221486433
282,1570953600,42,25,-17,67,41,0.7804671600821934,-1.0654938943128534
282,1570968000,180,305,125,485,41,1.0389327130129613,-0.4265251220308225
282,1570982400,599,374,-225,973,41,0.40186973043712476,0.3194479901070509
282,1570996800,891,285,-606,1176,41,-0.2916188305954289,0.6297605756889941
282,1571011200,347,104,-243,451,41,0.36910649133322454,-0.4784986585322317
282,1571025600,38,19,-19,57,41,0.7768268001817601,-1.0807802285779737
282,1571040000,114,67,-47,181,41,0.7258617615756932,-0.8912296836904814
282,1571054400,481,318,-163,799,41,0.5147208873505587,0.05346577389395668
282,1571068800,760,217,-543,977,41,-0.17694749373177834,0.325562523813099
282,1571083200,1662,143,-1519,1805,41,-1.9534431251432545,1.5912710009650644
282,1571097600,412,48,-364,460,42,0.20241717948767404,-0.46771048661061393
282,1571112000,33,21,-12,54,42,0.8393979333288349,-1.078010396136493
282,1571126400,161,95,-66,256,42,0.741679294955475,-0.7743636431211542
282,1571140800,658,344,-314,1002,42,0.29289740020374805,0.3470248605889588
282,1571155200,936,205,-731,1141,42,-0.46170764056830904,0.5559699035054544
282,1571169600,2110,186,-1924,2296,42,-2.620565706853834,2.2921679219842486
282,1571184000,528,55,-473,583,42,0.005170298326632755,-0.2828166716557293
282,1571198400,42,16,-26,58,42,0.8140634715283342,-1.0719975891460904
282,1571212800,171,86,-85,257,42,0.707296811083367,-0.7728604413735535
282,1571227200,627,403,-224,1030,42,0.45576179749268125,0.38911450952177806
282,1571241600,911,164,-747,1075,42,-0.4906613111974527,0.456758588163809
282,1571256000,1892,211,-1681,2103,42,-2.180831834173715,2.002049984697316
282,1571270400,556,42,-514,598,42,-0.06902348266054792,-0.260268645441719
282,1571284800,44,18,-26,62,42,0.8140634715283342,-1.0659847821556876
282,1571299200,165,90,-75,255,42,0.7253928552265817,-0.7758668448687549
282,1571313600,685,325,-360,1010,42,0.20965559714496,0.3590504745697643
282,1571328000,1026,206,-820,1232,42,-0.6227624334429207,0.692761262537117
282,1571342400,2152,243,-1909,2395,42,-2.5934216406390123,2.4409848949967166
282,1571356800,615,83,-532,698,42,-0.10159636211833456,-0.10994847068165026
282,1571371200,65,43,-22,108,42,0.8213018891856202,-0.996837501766056
282,1571385600,153,79,-74,232,42,0.7272024596409032,-0.8104404850635707
282,1571400000,604,325,-279,929,42,0.35623355470499984,0.2372911330141086
282,1571414400,1117,207,-910,1324,42,-0.7856268307318539,0.8310558233163803
282,1571428800,2009,225,-1784,2234,42,-2.367221088848827,2.198969413633006
282,1571443200,559,91,-468,650,42,0.014218320398240154,-0.18210215456648327
282,1571457600,85,23,-62,108,42,0.748917712612761,-0.996837501766056
282,1571472000,46,29,-17,75,42,0.8303499112572276,-1.0464431594368786
282,1571486400,239,225,-14,464,42,0.835778724500192,-0.4616976796202112
282,1571500800,696,322,-374,1018,42,0.18432113534445926,0.3710760885505698
282,1571515200,947,198,-749,1145,42,-0.4942805200260957,0.5619827104958571
282,1571529600,457,85,-372,542,42,0.1879403441731022,-0.3444479433073575
282,1571544000,87,18,-69,105,42,0.7362504817125106,-1.001347107008858
282,1571558400,28,23,-5,51,42,0.8520651642290853,-1.0825200013792953
282,1571572800,184,143,-41,327,42,0.786919405313512,-0.6676363190415053
282,1571587200,558,297,-261,855,42,0.3888064341627865,0.1260542036916577
282,1571601600,637,151,-486,788,42,-0.018354559059546482,0.02533968660241164
282,1571616000,256,51,-205,307,42,0.4901442813647893,-0.6977003539935192
282,1571630400,36,17,-19,53,42,0.8267307024285846,-1.0795135978840937
282,1571644800,177,81,-96,258,42,0.6873911625258307,-0.7713572396259528
282,1571659200,620,338,-282,958,42,0.3508047414620354,0.28088398369452855
282,1571673600,960,172,-788,1132,42,-0.5648550921846334,0.5424410877770482
282,1571688000,1943,217,-1726,2160,42,-2.2622640328181816,2.087732484310555
282,1571702400,520,49,-471,569,43,0.019158141572452547,-0.2413833606273026
282,1571716800,51,21,-30,72,43,0.8386664515146385,-0.9980489665342427
282,1571731200,165,98,-67,263,43,0.7699095184809404,-0.7072579590327828
282,1571745600,674,350,-324,1024,43,0.29232757821984784,0.4513386729494736
282,1571760000,998,164,-834,1162,43,-0.6554031203527482,0.6614389820342981
282,1571774400,1988,180,-1808,2168,43,-2.465382925077667,2.193039785942511
282,1571788800,536,53,-483,589,43,-0.003141404276314419,-0.21093404047008166
282,1571803200,57,27,-30,84,43,0.8386664515146385,-0.9797793744399101
282,1571817600,176,70,-106,246,43,0.6974359944724478,-0.7331398811664206
282,1571832000,717,359,-358,1076,43,0.22914553164834148,0.5305069053582481
282,1571846400,1032,194,-838,1226,43,-0.6628363023023371,0.758876806537405
282,1571860800,1978,236,-1742,2214,43,-2.3427354229094486,2.263073222304119
282,1571875200,615,67,-548,682,43,-0.12393061095713548,-0.06934470173900432
282,1571889600,62,30,-32,92,43,0.834949860539844,-0.9675996463770218
282,1571904000,152,87,-65,239,43,0.7736261094557348,-0.743797143221448
282,1571918400,689,302,-387,991,43,0.1752549625138213,0.40109729469005906
282,1571932800,1004,193,-811,1197,43,-0.6126623241426115,0.7147252923094346
282,1571947200,2042,219,-1823,2261,43,-2.493257357388625,2.334629124673588
282,1571961600,649,66,-583,715,43,-0.18897095301603914,-0.019103323479589783
282,1571976000,95,37,-58,132,43,0.7866341778675155,-0.90670100606258
282,1571990400,151,98,-53,249,43,0.7959256553045018,-0.7285724831428375
282,1572004800,676,318,-358,994,43,0.22914553164834148,0.4056646927136422
282,1572019200,1081,198,-883,1279,43,-0.7464595992352132,0.8395675049540404
282,1572033600,1802,202,-1600,2004,43,-2.0788574636990393,1.9433553606532992
282,1572048000,536,73,-463,609,43,0.03402450547163052,-0.18048472031286072
282,1572062400,85,12,-73,97,43,0.7587597455565569,-0.9599873163377165
282,1572076800,35,14,-21,49,43,0.8553911109012138,-1.0330656847150468
282,1572091200,197,75,-122,272,43,0.6677032666740917,-0.6935557649620334
282,1572105600,554,113,-441,667,43,0.07490700619436996,-0.09218169185692002
282,1572120000,760,110,-650,870,43,-0.3134767506716547,0.21687890773887245
282,1572134400,313,46,-267,359,43,0.39825042100149094,-0.5611012222781223
282,1572148800,73,11,-62,84,43,0.7792009959179266,-0.9797793744399101
282,1572163200,23,8,-15,31,43,0.8665408838255972,-1.0604700728565457
282,1572177600,122,68,-54,190,43,0.7940673598171045,-0.8183979776066392
282,1572192000,311,111,-200,422,43,0.5227562186571065,-0.4651858637828764
282,1572206400,432,89,-343,521,43,0.25701996395930016,-0.3144617290046328
282,1572220800,207,26,-181,233,43,0.5580638329176542,-0.7529319392686142
282,1572235200,31,9,-22,40,43,0.8535328154138165,-1.0467678787857961
282,1572249600,146,69,-77,215,43,0.7513265636069679,-0.780336327410113
282,1572264000,665,332,-333,997,43,0.27560291883327265,0.41023209073722533
282,1572278400,959,216,-743,1175,43,-0.4862982309995987,0.6812310401364916
282,1572292800,2027,171,-1856,2198,43,-2.5545811084727346,2.2387137661783423
282,1572307200,479,49,-430,528,44,0.019009766439057642,-0.3416170033237911
282,1572321600,39,4,-35,43,44,0.7646930989272668,-1.1017175692384036
282,1572336000,147,95,-52,242,44,0.7326003985416982,-0.7898412545641605
282,1572350400,722,381,-341,1103,44,0.18702449198703386,0.5595331521419866
282,1572364800,943,192,-751,1135,44,-0.5869759290766768,0.6096841173157342
282,1572379200,2215,210,-2005,2425,44,-2.9542845339886115,2.6313949008824356
282,1572393600,559,47,-512,606,44,-0.1357903177736845,-0.21937402571278125
282,1572408000,36,11,-25,47,44,0.7835711579776011,-1.0954486985916851
282,1572422400,154,84,-70,238,44,0.6986198922510963,-0.796110125210879
282,1572436800,705,314,-391,1019,44,0.09263419673536183,0.4278868685608991
282,1572451200,960,197,-763,1157,44,-0.6096295999370781,0.6441629058726858
282,1572465600,2020,211,-1809,2231,44,-2.584274576602057,2.3273546745165907
282,1572480000,576,56,-520,632,44,-0.15089276501395202,-0.1786263665091113
282,1572494400,53,14,-39,67,44,0.757141875307133,-1.064104345358093
282,1572508800,141,95,-46,236,44,0.7439272339718989,-0.7992445605342382
282,1572523200,686,318,-368,1004,44,0.13605373255113096,0.4043786036357049
282,1572537600,1012,160,-852,1172,44,-0.7776443254850544,0.66767117079788
282,1572552000,838,618,-220,1456,44,0.4154490064960802,1.1127609867148902
282,1572566400,195,290,95,485,44,1.0101078665816141,-0.40900736277601446
282,1572580800,86,24,-62,110,44,0.7137223394913639,-0.9967139859058695
282,1572595200,147,67,-80,214,44,0.6797418332007619,-0.8337233490911897
282,1572609600,608,336,-272,944,44,0.3172830994343413,0.3103455439349281
282,1572624000,1086,207,-879,1293,44,-0.8286150849209573,0.8573045078611131
282,1572638400,1972,227,-1745,2199,44,-2.463454998679917,2.2772037093428428
282,1572652800,556,93,-463,649,44,-0.043287828427045906,-0.15198366626055787
282,1572667200,127,35,-92,162,44,0.6570881623403606,-0.9152186674985295
282,1572681600,28,45,17,73,44,0.8628590059890057,-1.0547010393880152
282,1572696000,214,170,-44,384,44,0.7477028457819658,-0.5672963466056554
282,1572710400,656,228,-428,884,44,0.02278537824912452,0.21631248423415128
282,1572724800,874,226,-648,1100,44,-0.39253192085823246,0.5548314991569477
282,1572739200,410,97,-313,507,44,0.23988305732797022,-0.374528574219063
282,1572750000,109,17,-92,126,44,0.6570881623403606,-0.9716385033189957
282,1572764400,19,18,-1,37,44,0.8288784996984038,-1.1111208752084814
282,1572778800,175,128,-47,303,44,0.7420394280668654,-0.6942409772017041
282,1572793200,477,252,-225,729,44,0.406009976970913,-0.026606253326188795
282,1572807600,750,191,-559,941,44,-0.2245171953102562,0.30564389094988925
282,1572822000,334,58,-276,392,44,0.3097318758142075,-0.5547586053122185
282,1572836400,72,19,-53,91,44,0.7307125926366648,-1.026491121477782
282,1572850800,55,54,-1,109,44,0.8288784996984038,-0.9982812035675491
282,1572865200,653,297,-356,950,44,0.15870740341153225,0.3197488499050058
282,1572879600,701,201,-500,902,44,-0.1131366469132832,0.24452240214438434
282,1572894000,2136,163,-1973,2299,44,-2.8938747450275413,2.4339254755108044
282,1572908400,775,78,-697,853,44,-0.48503441020487104,0.16772873672208327
282,1572922800,108,19,-89,127,45,0.653117253844505,-1.0054099313930152
282,1572937200,43,50,7,93,45,0.8251429115072332,-1.0568917652294043
282,1572951600,658,345,-313,1003,45,0.2517240526314724,0.32100437568572165
282,1572966000,724,246,-478,970,45,-0.04394504647634178,0.27103671343275554
282,1572980400,2001,201,-1800,2202,45,-2.4128817072068287,2.136496104210157
282,1572994800,838,92,-746,930,45,-0.5241833407847915,0.21046985009582694
282,1573009200,124,26,-98,150,45,0.6369898484386242,-0.9705839849742811
282,1573023600,59,42,-17,101,45,0.7821364970915512,-1.0447783925620187
282,1573038000,679,286,-393,965,45,0.10836933791253218,0.2634658555156395
282,1573052400,724,225,-499,949,45,-0.08157565909006359,0.23923911018086805
282,1573066800,2074,204,-1870,2278,45,-2.5383170825859014,2.2515731445503215
282,1573081200,852,109,-743,961,45,-0.5188075389828312,0.2574091691819466
282,1573095600,124,21,-103,145,45,0.6280301787686905,-0.9781548428913972
282,1573110000,46,48,2,94,45,0.8161832418372995,-1.0553775936459813
282,1573124400,684,317,-367,1001,45,0.15495962019618775,0.31797603251887524
282,1573138800,802,184,-618,986,45,-0.29481579723448714,0.295263458767527
282,1573153200,2182,215,-1967,2397,45,-2.7121346741826167,2.431759562977684
282,1573167600,887,85,-802,972,45,-0.6245316410880496,0.274065056599602
282,1573182000,114,25,-89,139,45,0.653117253844505,-0.9872398723919364
282,1573196400,52,40,-12,92,45,0.791096166761485,-1.0584059368128276
282,1573210800,600,297,-303,897,45,0.2696433919713399,0.16050218784286083
282,1573225200,841,200,-641,1041,45,-0.33603027771618244,0.37854289585580386
282,1573239600,2120,260,-1860,2380,45,-2.520397743246034,2.4060186460594895
282,1573254000,784,105,-679,889,45,-0.40412376720767906,0.14838881517547511
282,1573268400,159,43,-116,202,45,0.6047350376268626,-0.8918470626362739
282,1573282800,26,24,-2,50,45,0.8090155061013524,-1.1220011433166026
282,1573297200,153,268,115,421,45,1.0186717763778026,-0.5602434858665897
282,1573311600,518,450,-68,968,45,0.6907478664582268,0.2680083702659091
282,1573326000,894,434,-460,1328,45,-0.011690235664580233,0.8131101402982667
282,1573340400,473,246,-227,719,45,0.4058303709543331,-0.10902035400647152
282,1573354800,168,43,-125,211,45,0.5886076322209819,-0.878219518385465
282,1573369200,22,35,13,57,45,0.8358945151111538,-1.1114019422326402
282,1573383600,145,177,32,322,45,0.8699412598569021,-0.710146472625488
282,1573398000,525,390,-135,915,45,0.5706882928811143,0.18775727634447872
282,1573412400,796,288,-508,1084,45,-0.09770306449594436,0.4436522739430021
282,1573426800,388,124,-264,512,45,0.3395288153968233,-0.4224538717750771
282,1573441200,71,28,-43,99,45,0.7355462148078956,-1.0478067357288652
282,1573455600,43,40,-3,83,45,0.8072235721673657,-1.0720334810636365
282,1573470000,582,304,-278,886,45,0.31444174032100874,0.14384630042520546
282,1573484400,639,269,-370,908,45,0.1495838183942275,0.17715807526051622
282,1573498800,1765,194,-1571,1959,45,-2.0025288363238625,1.7685524094383156
282,1573513200,647,89,-558,736,45,-0.187299761195282,-0.08327943708827686
282,1573527600,88,21,-67,109,46,0.730085121328372,-0.9715474111998871
282,1573542000,51,63,12,114,46,0.8677931784352755,-0.9643525402208704
282,1573556400,637,330,-307,967,46,0.31173153011752613,0.26309244879937704
282,1573570800,715,204,-511,919,46,-0.0438690224116929,0.1940216874008168
282,1573585200,2137,181,-1956,2318,46,-2.562706269493661,2.207146587329687
282,1573599600,813,74,-739,887,46,-0.4413049340619965,0.14797451313510998
282,1573614000,100,28,-72,128,46,0.7213694215114794,-0.9442069014796236
282,1573628400,52,42,-10,94,46,0.8294440992409479,-0.9931320241369371
282,1573642800,646,375,-271,1021,46,0.374484568799153,0.3407970553727573
282,1573657200,718,209,-509,927,46,-0.040382742484935855,0.2055334809672435
282,1573671600,2004,195,-1809,2199,46,-2.3064646948770178,2.0359086580290895
282,1573686000,893,70,-823,963,46,-0.5877286909857926,0.2573365520161637
282,1573700400,160,27,-133,187,46,0.6150378837453894,-0.8593074239272267
282,1573714800,42,42,0,84,46,0.8468754988747331,-1.0075217660949705
282,1573729200,641,356,-285,997,46,0.35008060931185364,0.30626167467347715
282,1573743600,688,232,-456,920,46,0.05200367557412595,0.19546066159662015
282,1573758000,2213,197,-2016,2410,46,-2.6672946672963724,2.339532213343594
282,1573772400,915,93,-822,1008,46,-0.585985551022414,0.3220903908273139
282,1573786800,122,16,-106,138,46,0.6621026627566096,-0.9298171595215903
282,1573801200,47,50,3,97,46,0.8521049187648687,-0.9888151015495271
282,1573815600,200,168,-32,368,46,0.7910950200466204,-0.5988530944868224
282,1573830000,1424,541,-883,1965,46,-0.6923170887885041,1.6991886962111087
282,1573844400,2033,241,-1792,2274,46,-2.276831315499583,2.14383172271434
282,1573858800,803,101,-702,904,46,-0.3768087554169911,0.17243707446376674
282,1573873200,150,26,-124,176,46,0.6307261434157961,-0.8751361400810633
282,1573887600,30,17,-13,47,46,0.8242146793508123,-1.060763811339694
282,1573902000,177,175,-2,352,46,0.8433892189479761,-0.6218766816196759
282,1573916400,608,249,-359,857,46,0.22108825202184282,0.10480528726100985
282,1573930800,917,224,-693,1141,46,-0.3611204957465844,0.5134739588691578
282,1573945200,522,136,-386,658,46,0.17402347301062268,-0.18155057770385444
282,1573959600,157,36,-121,193,46,0.6359555633059317,-0.8506735787524067
282,1573974000,24,22,-2,46,46,0.8433892189479761,-1.0622027855354974
282,1573988400,102,107,5,209,46,0.8555911986916258,-0.8276499916195532
282,1574002800,498,196,-302,694,46,0.3204472299344187,-0.12974750665493426
282,1574017200,802,212,-590,1014,46,-0.18157707951859633,0.3307242360021339
282,1574031600,358,70,-288,428,46,0.34485118942171805,-0.5125146427386222
282,1574046000,72,25,-47,97,46,0.7649479205959425,-0.9888151015495271
282,1574060400,45,45,0,90,46,0.8468754988747331,-0.9988879209201504
282,1574074800,642,345,-297,987,46,0.32916292975131134,0.2918719327154438
282,1574089200,722,210,-512,932,46,-0.04561216237507142,0.2127283519462602
282,1574103600,1978,210,-1768,2188,46,-2.2349959563784982,2.020079941875253
282,1574118000,724,104,-620,828,46,-0.2338712784199521,0.06307503558271305
282,1574132400,90,16,-74,106,47,0.7273174935141508,-0.9316026238349504
282,1574146800,49,58,9,107,47,0.87878584779997,-0.930122155024134
282,1574161200,637,346,-291,983,47,0.3313098684536352,0.3667685232510748
282,1574175600,707,208,-499,915,47,-0.04827347722649034,0.26609664411555634
282,1574190000,2063,169,-1894,2232,47,-2.5940367811869476,2.2158740679608186
282,1574204400,854,88,-766,942,47,-0.5355270988447284,0.3060693020076004
282,1574218800,101,17,-84,118,47,0.7090682942026063,-0.9138369981051531
282,1574233200,53,63,10,116,47,0.8806107677311246,-0.9167979357267859
282,1574247600,221,252,31,473,47,0.918934086285368,-0.38827057026531386
282,1574262000,1351,544,-807,1895,47,-0.6103488160220608,1.7169560787156757
282,1574276400,2039,185,-1854,2224,47,-2.52103998394077,2.2040303174742872
282,1574290800,857,78,-779,935,47,-0.5592510579497363,0.2957060203318853
282,1574305200,96,26,-70,122,47,0.7346171732387685,-0.9079151228618872
282,1574319600,58,33,-25,91,47,0.8167385701407188,-0.9538096559971971
282,1574334000,685,355,-330,1040,47,0.26013799113861164,0.4511552454676124
282,1574348400,736,230,-506,966,47,-0.06104791674457149,0.3416005534671952
282,1574362800,2030,242,-1788,2272,47,-2.400595268484576,2.2750928203934766
282,1574377200,929,88,-841,1017,47,-0.6723960936813121,0.41710446281883407
282,1574391600,118,24,-94,142,47,0.6908190948910617,-0.8783057466455583
282,1574406000,62,53,-9,115,47,0.84593728903919,-0.9182784045376023
282,1574420400,649,291,-358,940,47,0.20904023306628705,0.30310836438596755
282,1574434800,792,193,-599,985,47,-0.2307654703419353,0.3697294608727077
282,1574449200,1928,260,-1668,2188,47,-2.181604876746042,2.150733440284895
282,1574463600,789,125,-664,914,47,-0.34938526586697455,0.26461617530473985
282,1574478000,160,34,-126,194,47,0.6324216570941193,-0.801321368483103
282,1574492400,33,19,-14,52,47,0.8368126893834178,-1.0115479396190385
282,1574506800,141,82,-59,223,47,0.7546912924814675,-0.7583877729694259
282,1574521200,472,110,-362,582,47,0.20174055334166927,-0.22689946988632098
282,1574535600,757,85,-672,842,47,-0.3639846253162101,0.1580224209259556
282,1574550000,389,39,-350,428,47,0.22363959251552265,-0.45489166675205406
282,1574564400,162,31,-131,193,47,0.6232970574383472,-0.8028018372939194
282,1574578800,19,22,3,41,47,0.8678363282130434,-1.0278330965380196
282,1574593200,101,64,-37,165,47,0.7948395309668654,-0.84425496399678
282,1574607600,359,111,-248,470,47,0.4097814254932765,-0.3927119766977632
282,1574622000,538,91,-447,629,47,0.04662235919354104,-0.1573174357779479
282,1574636400,307,53,-254,360,47,0.3988319059063498,-0.5555635458875725
282,1574650800,71,18,-53,89,47,0.7656408120683942,-0.95677059361883
282,1574665200,43,39,-4,82,47,0.8550618886949622,-0.9671338752945452
282,1574679600,561,319,-242,880,47,0.4207309450802032,0.21428023573698063
282,1574694000,737,202,-535,939,47,-0.11397059474805053,0.3016278955751511
282,1574708400,1898,184,-1714,2082,47,-2.265551193579147,1.9938037463383516
282,1574722800,722,70,-652,792,47,-0.32748622669312116,0.08399898038513318
282,1574737200,107,24,-83,131,48,0.588512642128791,-0.7709703266662365
282,1574751600,46,48,2,94,48,0.7903756448574405,-0.8420397232517942
282,1574766000,599,278,-321,877,48,0.023296234488572404,0.6619423720587915
282,1574780400,783,191,-592,974,48,-0.6202905153874748,0.8482594387830913
282,1574794800,2033,212,-1821,2245,48,-3.538992048958183,3.2895892512221137
282,1574809200,758,71,-687,829,48,-0.845902106672436,0.5697442359477977
282,1574823600,131,26,-105,157,48,0.5362657473049053,-0.7210296696061149
282,1574838000,50,42,-8,92,48,0.7666270563011288,-0.8458813122564189
282,1574852400,496,189,-307,685,48,0.05654425846740879,0.2931498276148164
282,1574866800,1034,156,-878,1190,48,-1.2995001480979895,1.2631510512825632
282,1574881200,1517,174,-1343,1691,48,-2.4038095159664836,2.225469096941061
282,1574895600,516,62,-454,578,48,-0.2925599933103733,0.08762481586739282
282,1574910000,108,19,-89,127,48,0.574263488995004,-0.778653504675486
282,1574924400,38,6,-32,44,48,0.7096304437659807,-0.9380794483674127
282,1574938800,178,69,-109,247,48,0.5267663118823805,-0.5481581643980016
282,1574953200,278,116,-162,394,48,0.4008987925339285,-0.2658013725580832
282,1574967600,264,88,-176,352,48,0.36765076855509216,-0.34647474165520276
282,1574982000,136,46,-90,182,48,0.5718886301393729,-0.6730098070483057
282,1574996400,59,19,-40,78,48,0.6906315729209314,-0.8727724352887921
282,1575010800,19,39,20,58,48,0.8331231042588015,-0.9111883253350396
282,1575025200,148,148,0,296,48,0.7856259271461782,-0.4540392337846955
282,1575039600,537,245,-292,782,48,0.09216714130187635,0.47946689433911627
282,1575054000,950,207,-743,1157,48,-0.9788942025877816,1.199764832706255
282,1575068400,495,80,-415,575,48,-0.19994049794075763,0.08186243236045572
282,1575082800,119,29,-90,148,48,0.5718886301393729,-0.7383168201269262
282,1575097200,23,18,-5,41,48,0.7737516328680223,-0.9438418318743498
282,1575111600,103,79,-24,182,48,0.7286293146110301,-0.6730098070483057
282,1575126000,413,125,-288,538,48,0.10166657672440103,0.010793035774898027
282,1575140400,697,127,-570,824,48,-0.568043620563589,0.5601402634362358
282,1575154800,406,64,-342,470,48,-0.02657580147968218,-0.11982099038234313
282,1575169200,134,21,-113,155,48,0.5172668764598559,-0.7248712586107396
282,1575183600,19,22,3,41,48,0.7927505037130717,-0.9438418318743498
282,1575198000,95,61,-34,156,48,0.7048807260547183,-0.7229504641084272
282,1575212400,370,152,-218,522,48,0.26790669661858296,-0.01993967626209989
282,1575226800,491,85,-406,576,48,-0.17856676824007708,0.08378322686276808
282,1575241200,269,43,-226,312,48,0.2489078257735336,-0.42330652174769756
282,1575255600,55,27,-28,82,48,0.7191298791885053,-0.8650892572795427
282,1575270000,41,59,18,100,48,0.8283733865475392,-0.83051495623792
282,1575284400,555,335,-220,890,48,0.26315697890732065,0.6869127005888522
282,1575298800,681,186,-495,867,48,-0.3899292063912513,0.6427344270356677
282,1575313200,1813,184,-1629,1997,48,-3.0830191486769984,2.813232214648646
282,1575327600,563,61,-502,624,48,-0.4065532183806695,0.17598136297376185
282,1575342000,101,4,-97,105,49,0.6999337779978221,-0.982553633478004
282,1575356400,38,52,14,90,49,0.8926284321271385,-1.0047244353795493
282,1575370800,615,341,-274,956,49,0.3926639241159389,0.27526986106966134
282,1575385200,682,229,-453,911,49,0.08192209448397801,0.20875745536502568
282,1575399600,2441,219,-2222,2660,49,-2.9890404564598145,2.793872957085198
282,1575414000,1108,100,-1008,1208,49,-0.8815511761626047,0.647739333015621
282,1575428400,129,10,-119,139,49,0.6617420447469665,-0.9322998158345015
282,1575442800,37,51,14,88,49,0.8926284321271385,-1.0076805422997552
282,1575457200,619,346,-273,965,49,0.39439991199097785,0.2885723422105885
282,1575471600,686,201,-485,887,49,0.026370482482733604,0.17328417232255333
282,1575486000,2035,189,-1846,2224,49,-2.3363090154451926,2.1494416484802836
282,1575500400,733,74,-659,807,49,-0.2756914077740329,0.055039895514312175
282,1575514800,121,11,-110,132,49,0.6773659356223165,-0.9426461900552227
282,1575529200,47,38,-9,85,49,0.8527007110012442,-1.0121147026800643
282,1575543600,665,342,-323,1007,49,0.30760051823903345,0.35065058753491507
282,1575558000,719,174,-545,893,49,-0.07778879001959967,0.1821524930831714
282,1575572400,2048,199,-1849,2247,49,-2.3415169790703096,2.183436878062653
282,1575586800,733,74,-659,807,49,-0.2756914077740329,0.055039895514312175
282,1575601200,159,5,-154,164,49,0.6009824691206055,-0.8953484793319262
282,1575615600,38,43,5,81,49,0.8770045412517886,-1.0180269165204763
282,1575630000,598,275,-323,873,49,0.30760051823903345,0.15259142388111113
282,1575644400,671,211,-460,882,49,0.0697701793587058,0.16589390502203827
282,1575658800,2014,228,-1786,2242,49,-2.2321497429428594,2.176046610762138
282,1575673200,845,106,-739,951,49,-0.4145704377771439,0.2678795937691463
282,1575687600,167,40,-127,207,49,0.6478541417466555,-0.8317921805474965
282,1575702000,23,17,-6,40,49,0.8579086746263609,-1.0786271083846999
282,1575716400,158,139,-19,297,49,0.8353408322508553,-0.6987673691382252
282,1575730800,623,246,-377,869,49,0.2138571729869335,0.14667921004069906
282,1575745200,908,188,-720,1096,49,-0.381586668151405,0.4821973454840834
282,1575759600,615,141,-474,756,49,0.04546634910816137,-0.020340830950941566
282,1575774000,171,32,-139,203,49,0.6270222872461888,-0.8377043943879086
282,1575788400,25,21,-4,46,49,0.8613806503764386,-1.069758787624082
282,1575802800,155,100,-55,255,49,0.7728452687494554,-0.7608456144625518
282,1575817200,536,234,-302,770,49,0.3440562636148501,0.0003519174905006377
282,1575831600,839,151,-688,990,49,-0.32603505615016065,0.32552367871316384
282,1575846000,389,67,-322,456,49,0.3093365061140723,-0.4637568689818459
282,1575860400,71,15,-56,86,49,0.7711092808744164,-1.0106366492199612
282,1575874800,47,43,-4,90,49,0.8613806503764386,-1.0047244353795493
282,1575889200,611,308,-303,919,49,0.34232027573981116,0.2205818830458498
282,1575903600,680,154,-526,834,49,-0.0448050203938608,0.09494733893709356
282,1575918000,1958,176,-1782,2134,49,-2.225205791442704,2.0164168370710125
282,1575932400,811,67,-744,878,49,-0.4232503771523383,0.1599816911816262
282,1575946800,96,13,-83,109,50,0.7746704344044046,-0.9689113389937353
282,1575961200,53,52,-1,105,50,0.9214151115997607,-0.9748015906655626
282,1575975600,657,438,-219,1095,50,0.5312890185682043,0.483035698111695
282,1575990000,742,204,-538,946,50,-0.039583567106412795,0.26362382333612794
282,1576004400,2218,247,-1971,2465,50,-2.6040362795569654,2.5004468957125465
282,1576018800,897,87,-810,984,50,-0.5263463987788135,0.3195812142184873
282,1576033200,118,16,-102,134,50,0.7406686189567002,-0.9320972660448147
282,1576047600,50,49,-1,99,50,0.9214151115997607,-0.9836369681733036
282,1576062000,671,321,-350,992,50,0.2968554489024524,0.33136171756214194
282,1576076400,778,172,-606,950,50,-0.16127427502451297,0.2695140750079552
282,1576090800,2037,253,-1784,2290,50,-2.2693868327821898,2.242748385070102
282,1576105200,892,93,-799,985,50,-0.5066611372038268,0.3210537771364441
282,1576119600,139,22,-117,161,50,0.7138250804453545,-0.8923380672599803
282,1576134000,49,46,-3,95,50,0.9178359731315814,-0.9895272198451308
282,1576148400,693,366,-327,1059,50,0.33801554128651573,0.43002343306524926
282,1576162800,766,162,-604,928,50,-0.15769513655633358,0.23711769081290507
282,1576177200,1956,181,-1775,2137,50,-2.2532807096753826,2.0174462586227078
282,1576191600,933,94,-839,1027,50,-0.5782439065674151,0.38290141969063085
282,1576206000,162,27,-135,189,50,0.6816128342317398,-0.8511063055571892
282,1576220400,45,39,-6,84,50,0.9124672654293122,-1.005725411942656
282,1576234800,632,280,-352,912,50,0.293276310434273,0.21355668412559586
282,1576249200,818,217,-601,1035,50,-0.15232642885406444,0.39468192303428545
282,1576263600,2147,215,-1932,2362,50,-2.534243079427467,2.3487729151629937
282,1576278000,866,114,-752,980,50,-0.42255138320161045,0.31369096254666
282,1576292400,220,27,-193,247,50,0.5778178186545367,-0.7656976563156933
282,1576306800,27,5,-22,32,50,0.8838341576838769,-1.0822986836764108
282,1576321200,154,50,-104,204,50,0.7370894804885207,-0.8290178617878369
282,1576335600,561,133,-428,694,50,0.15726904864345517,-0.10746203198899218
282,1576350000,907,120,-787,1027,50,-0.48518630639475024,0.38290141969063085
282,1576364400,500,52,-448,552,50,0.12147766396166099,-0.31656596633886147
282,1576378800,162,21,-141,183,50,0.6708754188272016,-0.8599416830649301
282,1576393200,13,7,-6,20,50,0.9124672654293122,-1.0999694386918928
282,1576407600,128,52,-76,180,50,0.7871974190430326,-0.8643593718188006
282,1576422000,494,148,-346,642,50,0.30401372583881126,-0.18403530372274712
282,1576436400,792,100,-692,892,50,-0.3151772291562279,0.18410542576645933
282,1576450800,365,30,-335,395,50,0.32369898741379804,-0.5477583444580831
282,1576465200,66,7,-59,73,50,0.8176200960225577,-1.0219236040401811
282,1576479600,55,36,-19,91,50,0.889202865386146,-0.9954174715169581
282,1576494000,611,311,-300,922,50,0.3863339106069379,0.2282823133051641
282,1576508400,747,192,-555,939,50,-0.07000624408593784,0.25331588291043017
282,1576522800,2031,192,-1839,2223,50,-2.367813140657124,2.144086669566995
282,1576537200,692,82,-610,774,50,-0.1684325519608718,0.010343001447553887
282,1576551600,158,5,-153,163,51,0.6169494661105795,-0.8393127526644708
282,1576566000,47,39,-8,86,51,0.9194146286136732,-0.9656197532283097
282,1576580400,646,285,-361,931,51,0.18306840541648656,0.42047655166057213
282,1576594800,728,201,-527,929,51,-0.16320205648360686,0.4171958503472256
282,1576609200,1954,206,-1748,2160,51,-2.7101673214234503,2.4364675087119756
282,1576623600,771,77,-694,848,51,-0.5115584850216526,0.2843274471566938
282,1576638000,138,11,-127,149,51,0.6711845986973412,-0.862277661857896
282,1576652400,47,31,-16,78,51,0.9027268955100541,-0.9787425584816956
282,1576666800,637,375,-262,1012,51,0.38957910257377115,0.553344954851104
282,1576681200,826,174,-652,1000,51,-0.4239478862276531,0.5336607469710252
282,1576695600,1984,225,-1759,2209,51,-2.7331129544409265,2.516844690888964
282,1576710000,778,74,-704,852,51,-0.5324181514011763,0.2908888497833867
282,1576724400,37,6,-31,43,51,0.8714373959407686,-1.0361548314652587
282,1576738800,47,33,-14,80,51,0.906898828785959,-0.9754618571683491
282,1576753200,609,321,-288,930,51,0.33534396998700955,0.4188362010038989
282,1576767600,746,221,-525,967,51,-0.1590301232077021,0.4795291753008085
282,1576782000,1924,190,-1734,2114,51,-2.680963788492117,2.361011378505007
282,1576796400,690,66,-624,756,51,-0.36554082036498675,0.13341518674275635
282,1576810800,149,5,-144,154,51,0.6357231658521508,-0.8540759085745299
282,1576825200,51,26,-25,77,51,0.8839531957684829,-0.9803829091383688
282,1576839600,542,328,-214,870,51,0.48970550119548495,0.3204151616035049
282,1576854000,930,254,-676,1184,51,-0.47401108553850996,0.8354852677989001
282,1576868400,1744,246,-1498,1990,51,-2.188675661935358,2.157607897077526
282,1576882800,601,97,-504,698,51,-0.11522482381070234,0.03827484865570883
282,1576897200,168,16,-152,184,51,0.6190354327485319,-0.8048653888743329
282,1576911600,22,2,-20,24,51,0.8943830289582447,-1.0673214939420501
282,1576926000,155,41,-114,196,51,0.698302164990722,-0.7851811809942542
282,1576940400,468,100,-368,568,51,0.16846663895081995,-0.17497073671181146
282,1576954800,805,65,-740,870,51,-0.6075129503674617,0.3204151616035049
282,1576969200,485,44,-441,529,51,0.01619107438029696,-0.23894441232206753
282,1576983600,154,23,-131,177,51,0.6628407321455316,-0.8163478434710455
282,1576998000,12,4,-8,16,51,0.9194146286136732,-1.080444299195436
282,1577012400,107,27,-80,134,51,0.7692250306811025,-0.8868829217079945
282,1577026800,395,91,-304,486,51,0.30196850377977164,-0.3094794905590166
282,1577041200,646,83,-563,729,51,-0.23829685544989218,0.08912571901257905
282,1577055600,356,33,-323,389,51,0.2623351376586766,-0.4685935042563201
282,1577070000,91,6,-85,97,51,0.7587951974913406,-0.9475758960049042
282,1577084400,25,37,12,62,51,0.9611339613727206,-1.0049881689884672
282,1577098800,365,191,-174,556,51,0.5731441667135797,-0.19465494459189026
282,1577113200,745,214,-531,959,51,-0.17154592303541633,0.46640637004742264
282,1577127600,1382,219,-1163,1601,51,-1.489876838221314,1.5195114916316381
282,1577142000,427,52,-375,479,51,0.15386487248515338,-0.3209619451557292
282,1577156400,109,5,-104,114,52,0.4581523646037314,-0.7460023032470666
282,1577170800,18,30,12,48,52,0.8557509254069696,-0.9115483453237483
282,1577185200,249,123,-126,372,52,0.3827457410031172,-0.09886777512912936
282,1577199600,682,177,-505,859,52,-0.916304729207463,1.1226613535275973
282,1577214000,793,119,-674,912,52,-1.4955647014121807,1.2555998418619023
282,1577228400,216,40,-176,256,52,0.21136705100172143,-0.3898274854457213
282,1577242800,46,9,-37,55,52,0.6877998092056017,-0.8939904317701609
282,1577257200,11,11,0,22,52,0.8146200398066346,-0.9767634528085016
282,1577271600,56,30,-26,86,52,0.7255031210059087,-0.8162339574614165
282,1577286000,165,74,-91,239,52,0.5027108240040943,-0.43246813264729084
282,1577300400,238,77,-161,315,52,0.2627806580021402,-0.24183935692262715
282,1577314800,142,34,-108,176,52,0.4444420694036197,-0.5904893546295779
282,1577329200,29,18,-11,47,52,0.7769167280063275,-0.9140566186885465
282,1577343600,16,44,28,60,52,0.9105921062074162,-0.8814490649461698
282,1577358000,189,175,-14,364,52,0.7666340066062438,-0.11893396204751501
282,1577372400,605,240,-365,845,52,-0.43644439720355466,1.0875455264204223
282,1577386800,1114,161,-953,1275,52,-2.451857791619969,2.1661030732836513
282,1577401200,395,48,-347,443,52,-0.37474806880305217,0.07921963377154331
282,1577415600,91,11,-80,102,52,0.5404141358044013,-0.7761015836246451
282,1577430000,31,31,0,62,52,0.8146200398066346,-0.8764325182165734
282,1577444400,247,163,-84,410,52,0.5267038406042897,-0.003553387266797507
282,1577458800,673,217,-456,890,52,-0.7483536130060949,1.2004178278363418
282,1577473200,1210,195,-1015,1405,52,-2.6643673672217,2.492178610707418
282,1577487600,464,53,-411,517,52,-0.5941127920048388,0.2648318627666106
