remote_unit_id,time_stamp,entries,exits,num_people_exited,sum_exit_entry,week_num,z_score_num_people_exited,z_score_sum_exit_entry
272,1546300800,0,0,0,0,1,0.4825436903860844,-1.1677724299194898
272,1546315200,140,73,-67,213,1,0.23173505633613214,-0.7252949984048876
272,1546329600,55,39,-16,94,1,0.4226490912099764,-0.9725006995797123
272,1546344000,130,101,-29,231,1,0.37398472937938865,-0.6879025394036536
272,1546358400,267,135,-132,402,1,-0.011586752816806633,-0.33267417889193085
272,1546372800,271,141,-130,412,1,-0.004099927919793133,-0.31190059055791197
272,1546387200,187,88,-99,275,1,0.11194585798391612,-0.5964987507339706
272,1546401600,42,20,-22,62,1,0.4001886165189359,-1.0389761822485728
272,1546416000,80,211,131,291,1,0.9729307211404689,-0.5632610093995404
272,1546430400,487,717,230,1204,1,1.3435285535426371,1.3333676054963832
272,1546444800,589,367,-222,956,1,-0.34849387318241415,0.818182614812715
272,1546459200,1234,385,-849,1619,1,-2.6956134783961465,2.195471521358167
272,1546473600,363,115,-248,478,1,-0.44582259684358966,-0.17479490755338736
272,1546488000,46,27,-19,73,1,0.41141885386445615,-1.016125235081152
272,1546502400,97,212,115,309,1,0.9130361219643607,-0.5258685503983064
272,1546516800,424,628,204,1052,1,1.2461998298814616,1.0176090628192964
272,1546531200,648,340,-308,988,1,-0.6704273437539947,0.8846580974815755
272,1546545600,1273,416,-857,1689,1,-2.7255607779842004,2.340886639696299
272,1546560000,395,124,-271,519,1,-0.5319210831592449,-0.08962319538390996
272,1546574400,58,26,-32,84,1,0.3627544920338684,-0.9932742879137312
272,1546588800,84,201,117,285,1,0.9205229468613741,-0.5757251623999518
272,1546603200,493,599,106,1092,1,0.8793454099278,1.100703416155372
272,1546617600,661,328,-333,989,1,-0.7640126549666635,0.8867354563149774
272,1546632000,1159,421,-738,1580,1,-2.280094696611897,2.1144545268554933
272,1546646400,371,129,-242,500,1,-0.42336212215254915,-0.12909301321854583
272,1546660800,98,39,-59,137,1,0.26168235592418615,-0.8831742697434312
272,1546675200,45,57,12,102,1,0.5274646397681654,-0.9558818289124972
272,1546689600,218,261,43,479,1,0.6435104256718747,-0.1727175487199855
272,1546704000,412,250,-162,662,1,-0.12388912627200914,0.20743911779256002
272,1546718400,429,245,-184,674,1,-0.20624420013915765,0.23236742379338268
272,1546732800,196,149,-47,345,1,0.30660330530626717,-0.4510836323958385
272,1546747200,72,27,-45,99,1,0.31409013020328064,-0.9621139054127029
272,1546761600,38,40,2,78,1,0.49003051528309793,-1.0057384409141426
272,1546776000,158,145,-13,303,1,0.43387932855549666,-0.5383327033987177
272,1546790400,307,218,-89,525,1,0.14937998246898362,-0.07715904238349863
272,1546804800,368,189,-179,557,1,-0.1875271378966239,-0.010683559714638214
272,1546819200,168,89,-79,257,1,0.18681410695405112,-0.6338912097352046
272,1546833600,28,11,-17,39,1,0.41890567876146967,-1.086755435416816
272,1546848000,101,198,97,299,1,0.8456546978912391,-0.5466421387323253
272,1546862400,431,614,183,1045,1,1.1675881684628198,1.0030675509854832
272,1546876800,606,344,-262,950,1,-0.4982303711226842,0.8057184618123038
272,1546891200,1283,379,-904,1662,1,-2.901501163064018,2.284797951194448
272,1546905600,422,73,-349,495,2,-0.6019583686242583,-0.33704687510266046
272,1546920000,40,14,-26,54,2,0.39197629894593256,-1.1461166289455167
272,1546934400,88,229,141,317,2,0.9058682168537403,-0.6636101771072601
272,1546948800,428,710,282,1138,2,1.3397530098178174,0.8426171877566515
272,1546963200,629,370,-259,999,2,-0.32501062843442186,0.5876042721463182
272,1546977600,1346,420,-926,1766,2,-2.377501102952432,1.9947618712335533
272,1546992000,436,106,-330,542,2,-0.5434916234730707,-0.2508194863711089
272,1547006400,40,14,-26,54,2,0.39197629894593256,-1.1461166289455167
272,1547020800,94,215,121,309,2,0.8443242745893322,-0.6782871794445454
272,1547035200,457,701,244,1158,2,1.222819519515442,0.879309693599865
272,1547049600,682,442,-240,1124,2,-0.26654388328323414,0.8169324336664021
272,1547064000,1368,462,-906,1830,2,-2.315957160688024,2.112177889931836
272,1547078400,442,107,-335,549,2,-0.5588776090391726,-0.2379771093259842
272,1547092800,48,15,-33,63,2,0.37043591915338975,-1.1296050013160708
272,1547107200,85,193,108,278,2,0.8043207121174669,-0.7351605635015263
272,1547121600,456,767,311,1223,2,1.4289917261012093,0.9985603375903086
272,1547136000,661,453,-208,1114,2,-0.1680735756601812,0.7985861807447954
272,1547150400,1373,475,-898,1848,2,-2.2913395837822605,2.1452011451907285
272,1547164800,446,115,-331,561,2,-0.5465688205862911,-0.21596160582005614
272,1547179200,52,30,-22,82,2,0.4042850873988142,-1.094747120765018
272,1547193600,97,193,96,290,2,0.767394346758822,-0.7131450599955982
272,1547208000,439,653,214,1092,2,1.1305036061188298,0.7582244243172606
272,1547222400,684,369,-315,1053,2,-0.49733366677476454,0.6866740379229944
272,1547236800,1272,435,-837,1707,2,-2.103630559875816,1.8865189789960737
272,1547251200,401,130,-271,531,2,-0.3619369937930667,-0.2710003645848763
272,1547265600,83,25,-58,108,2,0.2935059913228796,-1.0470468631688405
272,1547280000,37,66,29,103,2,0.5612221401730548,-1.0562199896296438
272,1547294400,201,266,65,467,2,0.6720012362489894,-0.3884163832831593
272,1547308800,414,223,-191,637,2,-0.11576122473543429,-0.07653008361584508
272,1547323200,427,232,-195,659,2,-0.12807001318831593,-0.0361683271883103
272,1547337600,206,130,-76,336,2,0.2381164432849123,-0.6287522965562073
272,1547352000,77,23,-54,100,2,0.3058147797757612,-1.0617238655061259
272,1547366400,32,43,11,75,2,0.5058325921350876,-1.1075894978101426
272,1547380800,121,169,48,290,2,0.6196888853242426,-0.7131450599955982
272,1547395200,323,194,-129,517,2,0.07502499628423083,-0.2966851186751257
272,1547409600,347,176,-171,523,2,-0.054217282471026196,-0.28567736692216167
272,1547424000,172,66,-106,238,2,0.14580052988830014,-0.8085455751879531
272,1547438400,36,14,-22,50,2,0.4042850873988142,-1.1534551301141596
272,1547452800,106,204,98,310,2,0.7735487409852628,-0.6764525541523848
272,1547467200,451,738,287,1189,2,1.3551389953839195,0.9361830776568458
272,1547481600,693,386,-307,1079,2,-0.4727160898690013,0.7343742955191719
272,1547496000,1262,386,-876,1648,2,-2.223641247291412,1.7782760867585943
272,1547510400,369,109,-260,478,3,-0.43873442265061063,-0.34872215615862756
272,1547524800,40,19,-21,59,3,0.3783372164155914,-1.185940778816135
272,1547539200,114,210,96,324,3,0.7783262614814728,-0.6564349673501696
272,1547553600,450,662,212,1112,3,1.174896596760466,0.9180955210844741
272,1547568000,661,401,-260,1062,3,-0.43873442265061063,0.8181887642041034
272,1547582400,1384,444,-940,1828,3,-2.7634570777343654,2.348760279611384
272,1547596800,421,118,-303,539,3,-0.5857389434867892,-0.2268359127645752
272,1547611200,46,18,-28,64,3,0.35440624790737635,-1.175950103128098
272,1547625600,99,186,87,285,3,0.7475578733994819,-0.7343622377168588
272,1547640000,476,741,265,1217,3,1.3560882154655236,1.1278997105332529
272,1547654400,692,364,-328,1056,3,-0.6712066881589861,0.8061999533784588
272,1547668800,1293,422,-871,1715,3,-2.5275661024391023,2.1229710090617457
272,1547683200,480,101,-379,581,3,-0.8455608872902677,-0.14291423698506375
272,1547697600,42,17,-25,59,3,0.36466237726803996,-1.185940778816135
272,1547712000,102,229,127,331,3,0.8843062648749969,-0.6424480213869177
272,1547726400,484,693,209,1177,3,1.1646404673998025,1.0479743050289563
272,1547740800,686,403,-283,1089,3,-0.5173647477490317,0.8721384129195036
272,1547755200,1364,467,-897,1831,3,-2.616452556898187,2.354754685024206
272,1547769600,449,136,-313,585,3,-0.619926041355668,-0.1349216964346341
272,1547784000,66,18,-48,84,3,0.2860320521696188,-1.1359874003759494
272,1547798400,104,185,81,289,3,0.7270456146781547,-0.7263696971664292
272,1547812800,441,643,202,1084,3,1.1407094988915873,0.8621477372314665
272,1547827200,673,419,-254,1092,3,-0.4182221639292834,0.8781328183323258
272,1547841600,1167,411,-756,1578,3,-2.1344144769469966,1.8492264952095299
272,1547856000,396,181,-215,577,3,-0.2848924822406563,-0.1509067775354934
272,1547870400,92,32,-60,124,3,0.24500753472696432,-1.0560619948716528
272,1547884800,55,77,22,132,3,0.52534173725177,-1.0400769137707935
272,1547899200,254,362,108,616,3,0.8193507789241273,-0.07297950716880418
272,1547913600,407,397,-10,804,3,0.4159430240713581,0.30266989870139
272,1547928000,407,344,-63,751,3,0.2347514053663007,0.19676873640819698
272,1547942400,256,142,-114,398,3,0.06039720623501909,-0.5085729671672209
272,1547956800,62,28,-34,90,3,0.33389398918604907,-1.123998589550305
272,1547971200,29,37,8,66,3,0.4774798002353398,-1.171953832852883
272,1547985600,155,226,71,381,3,0.6928585168092759,-0.5425412645065469
272,1548000000,287,279,-8,566,3,0.42278044364513384,-0.17288626404917498
272,1548014400,322,267,-55,589,3,0.2621010836614037,-0.12692915588420442
272,1548028800,204,108,-96,312,3,0.12193398239900084,-0.6804125890014586
272,1548043200,50,17,-33,67,3,0.337312698972937,-1.1699556977152756
272,1548057600,55,130,75,185,3,0.7065333559568274,-0.9341757514776005
272,1548072000,257,407,150,664,3,0.9629365899734179,0.022930979436351785
272,1548086400,397,242,-155,639,3,-0.07976989502738378,-0.027022399003833613
272,1548100800,680,246,-434,926,3,-1.033589925569101,0.5464423854894948
272,1548115200,270,49,-221,319,4,-0.2269977482845721,-0.7136402278197973
272,1548129600,24,14,-10,38,4,0.4295473056638214,-1.217371206810781
272,1548144000,85,215,130,300,4,0.8651696163404805,-0.7477003296021058
272,1548158400,472,686,214,1158,4,1.126543002746476,0.79038216140951
272,1548172800,680,385,-295,1065,4,-0.4572552553565205,0.6236669263697894
272,1548187200,1370,427,-943,1797,4,-2.473564236202771,1.9358771634566225
272,1548201600,388,118,-270,506,4,-0.3794655570214028,-0.3784171208044451
272,1548216000,44,17,-27,61,4,0.3766503107959413,-1.1761405572848287
272,1548230400,102,240,138,342,4,0.8900623198077182,-0.6724095782938448
272,1548244800,486,709,223,1195,4,1.1545472941471184,0.856709728038216
272,1548259200,681,355,-326,1036,4,-0.5537144812920665,0.5716804552283712
272,1548273600,1315,487,-828,1802,4,-2.11573162386123,1.9448403481361773
272,1548288000,491,128,-363,619,4,-0.6688432348280406,-0.17584914704650503
272,1548302400,52,17,-35,69,4,0.35175760732870365,-1.161799461797541
272,1548316800,89,205,116,294,4,0.8216073852728146,-0.7584561512175716
272,1548331200,473,761,288,1234,4,1.3568005098184244,0.926622568538744
272,1548345600,701,403,-298,1104,4,-0.4665900191567346,0.6935797668703174
272,1548360000,1354,472,-882,1826,4,-2.283757372265084,1.9878636345980407
272,1548374400,488,133,-355,621,4,-0.6439505313608029,-0.17226387317468309
272,1548388800,48,19,-29,67,4,0.3704271349291319,-1.1653847356693627
272,1548403200,88,246,158,334,4,0.9522940784758124,-0.6867506737811326
272,1548417600,466,668,202,1134,4,1.0892039475456194,0.7473588749476466
272,1548432000,713,450,-263,1163,4,-0.35768444148756984,0.7993453460890648
272,1548446400,1341,468,-873,1809,4,-2.2557530808644417,1.9573888066875542
272,1548460800,382,147,-235,529,4,-0.270559979352238,-0.3371864712784927
272,1548475200,111,23,-88,134,4,0.1868434468582541,-1.0452780609633274
272,1548489600,42,83,41,125,4,0.5882382902674614,-1.0614117933865261
272,1548504000,212,316,104,528,4,0.7842683300719581,-0.3389791082144037
272,1548518400,490,389,-101,879,4,0.1463928037239929,0.2902364562903482
272,1548532800,503,367,-136,870,4,0.03748722605482812,0.27410272386714946
272,1548547200,265,165,-100,430,4,0.14950439165739762,-0.5146575279336791
272,1548561600,89,26,-63,115,4,0.26463314519337183,-1.079338162745636
272,1548576000,33,45,12,78,4,0.4980022401987249,-1.145665729374342
272,1548590400,161,184,23,345,4,0.5322297074661767,-0.667031667486112
272,1548604800,363,287,-76,650,4,0.2241825020591106,-0.12027740203326484
272,1548619200,411,218,-193,629,4,-0.13987328614924024,-0.1579227776873953
272,1548633600,225,86,-139,311,4,0.028152462254613993,-0.7279813233070851
272,1548648000,28,15,-13,43,4,0.42021254186360724,-1.2084080221312261
272,1548662400,100,206,106,306,4,0.7904915059387675,-0.7369445079866399
272,1548676800,484,806,322,1290,4,1.4625944995541844,1.0270102369497587
272,1548691200,728,460,-268,1188,4,-0.37324238115459335,0.8441612694868392
272,1548705600,1320,455,-865,1775,4,-2.230860377397204,1.896439150866581
272,1548720000,512,116,-396,628,5,-0.642749809791621,-0.17590227477436216
272,1548734400,35,17,-18,52,5,0.43936005025628727,-1.1762379191893522
272,1548748800,88,213,125,301,5,0.8487296533961044,-0.743801156239122
272,1548763200,418,697,279,1115,5,1.2895892260082151,0.6698676190278949
272,1548777600,690,455,-235,1145,5,-0.18185116569714152,0.7219684338411757
272,1548792000,1536,485,-1051,2021,5,-2.5178343556418326,2.243312226388973
272,1548806400,512,131,-381,643,5,-0.5998089423294024,-0.1498518673677218
272,1548820800,43,15,-28,58,5,0.4107328052814749,-1.165817756226696
272,1548835200,89,200,111,289,5,0.8086515104313671,-0.7646414821644344
272,1548849600,485,788,303,1273,5,1.358294613947765,0.9442652437111735
272,1548864000,755,452,-303,1207,5,-0.3765164315258658,0.8296434511219558
272,1548878400,1516,475,-1041,1991,5,-2.48920711066702,2.191211411575692
272,1548892800,516,120,-396,636,5,-0.642749809791621,-0.1620087241574873
272,1548907200,34,13,-21,47,5,0.43077187676384354,-1.1849213883248988
272,1548921600,88,214,126,302,5,0.8515923778935857,-0.7420644624120127
272,1548936000,444,766,322,1210,5,1.4126863793999085,0.8348535326032839
272,1548950400,687,397,-290,1084,5,-0.33930101305860966,0.6160301103875049
272,1548964800,1400,515,-885,1915,5,-2.0426220890599467,2.059222680715381
272,1548979200,493,143,-350,636,5,-0.511064482907484,-0.1620087241574873
272,1548993600,52,16,-36,68,5,0.387831009301625,-1.1484508179556023
272,1549008000,93,181,88,274,5,0.7428088469892986,-0.7906918895710747
272,1549022400,475,692,217,1167,5,1.1121003071643785,0.7601756980375816
272,1549036800,738,406,-332,1144,5,-0.4595354419528217,0.7202317400140663
272,1549051200,1232,438,-794,1670,5,-1.782114159789154,1.6337326930735885
272,1549065600,385,153,-232,538,5,-0.17326299220469782,-0.3322047192142043
272,1549080000,76,27,-49,103,5,0.3506155908343689,-1.0876665340067748
272,1549094400,43,67,24,110,5,0.5595944791504993,-1.0755096772170094
272,1549108800,218,285,67,503,5,0.6826916325421926,-0.39298900316303187
272,1549123200,489,250,-239,739,5,-0.19330206368706648,0.01687074003477653
272,1549137600,464,256,-208,720,5,-0.10455760426514808,-0.01612644268030126
272,1549152000,276,155,-121,431,5,0.1444994270157197,-0.5180309587149056
272,1549166400,98,28,-70,126,5,0.2904983763872629,-1.0477225759832596
272,1549180800,44,56,12,100,5,0.5252417851807244,-1.0928766154881029
272,1549195200,170,204,34,374,5,0.5882217241253117,-0.6170225068601389
272,1549209600,342,202,-140,544,5,0.09010766156357615,-0.32178455625154817
272,1549224000,419,196,-223,615,5,-0.14749847172736666,-0.1984792945267838
272,1549238400,261,73,-188,334,5,-0.04730311431552331,-0.6864902599445133
272,1549252800,37,22,-15,59,5,0.447948223748731,-1.1640810623995865
272,1549267200,105,229,124,334,5,0.8458669288986231,-0.6864902599445133
272,1549281600,488,785,297,1273,5,1.3411182669628774,0.9442652437111735
272,1549296000,675,376,-299,1051,5,-0.3650655335359408,0.558719214092896
272,1549310400,1395,405,-990,1800,5,-2.3432081612954767,1.859502890597805
272,1549324800,510,108,-402,618,6,-0.6401916700625918,-0.22674701054763058
272,1549339200,42,15,-27,57,6,0.45092604484767995,-1.21961321804127
272,1549353600,85,216,131,301,6,0.9106503087298744,-0.7877783613060685
272,1549368000,489,731,242,1220,6,1.233621152343315,0.8386816113974155
272,1549382400,710,422,-288,1132,6,-0.3084918847298692,0.6829378925748839
272,1549396800,1398,459,-939,1857,6,-2.202672237814101,1.9660537578741502
272,1549411200,554,136,-418,690,6,-0.6867460258987634,-0.09932033151101378
272,1549425600,60,21,-39,81,6,0.41601027797055123,-1.1771376583623976
272,1549440000,93,225,132,318,6,0.9135599559696351,-0.757691506533534
272,1549454400,507,771,264,1278,6,1.297633391618051,0.9413308806213568
272,1549468800,717,451,-266,1168,6,-0.24447964545513326,0.7466512320931923
272,1549483200,1541,464,-1077,2005,6,-2.604203556901081,2.2279863758938623
272,1549497600,594,138,-456,732,6,-0.7973126210096709,-0.02498810207298731
272,1549512000,57,17,-40,74,6,0.4131006307307905,-1.1895263632687354
272,1549526400,77,211,134,288,6,0.9193792504491566,-0.8107859561321243
272,1549540800,500,753,253,1253,6,1.265627271980683,0.8970855059558649
272,1549555200,705,460,-245,1165,6,-0.18337705342015803,0.7413417871333332
272,1549569600,1470,482,-988,1952,6,-2.3452449525623766,2.1341861816030194
272,1549584000,595,161,-434,756,6,-0.733300381734935,0.01748745760588496
272,1549598400,62,23,-39,85,6,0.41601027797055123,-1.170058398415919
272,1549612800,83,230,147,313,6,0.957204664566046,-0.7665405814666324
272,1549627200,519,706,187,1225,6,1.073590554156475,0.8475306863305139
272,1549641600,766,392,-374,1158,6,-0.5587215473492915,0.7289530822269955
272,1549656000,1279,416,-863,1695,6,-1.9815390475922858,1.6793437300417626
272,1549670400,426,163,-263,589,6,-0.23575070373585108,-0.27807164515960126
272,1549684800,99,38,-61,137,6,0.3519980386958153,-1.0780280191116958
272,1549699200,39,82,43,121,6,0.6546013516309307,-1.1063450588976105
272,1549713600,256,342,86,598,6,0.7797161829406418,-0.26214331028002413
272,1549728000,500,284,-216,784,6,-0.09899728346709702,0.06704227723123594
272,1549742400,522,300,-222,822,6,-0.11645516690566136,0.1342952467227837
272,1549756800,261,161,-100,422,6,0.23852179634514703,-0.5736307479250875
272,1549771200,111,21,-90,132,6,0.2676182687427543,-1.086877094044794
272,1549785600,36,54,18,90,6,0.5818601706369125,-1.1612093234828205
272,1549800000,181,203,22,384,6,0.5934987595959554,-0.6408837174166352
272,1549814400,365,192,-173,557,6,0.02611754784261414,-0.33470572473143095
272,1549828800,458,188,-270,646,6,-0.25611823441417614,-0.1771921909222796
272,1549843200,221,65,-156,286,6,0.07558155091854646,-0.8143255861053637
272,1549857600,33,16,-17,49,6,0.4800225172452872,-1.2337717379342272
272,1549872000,100,217,117,317,6,0.8699152473732243,-0.7594613215201537
272,1549886400,472,674,202,1146,6,1.1172352627528859,0.7077153023875593
272,1549900800,743,435,-308,1178,6,-0.3666848295250837,0.7643493819593891
272,1549915200,1254,404,-850,1658,6,-1.9437136334753964,1.6138605755368345
272,1549929600,555,84,-471,639,7,-0.8725804991681319,-0.08201799246302474
272,1549944000,52,23,-29,75,7,0.5277120653682789,-1.1448419560648466
272,1549958400,84,186,102,270,7,0.9427309023688892,-0.777376223968472
272,1549972800,490,712,222,1202,7,1.3229008293923492,0.9789215314870208
272,1549987200,722,379,-343,1101,7,-0.46706591034310785,0.7885931266576165
272,1550001600,1404,500,-904,1904,7,-2.244360319177783,2.301798167033969
272,1550016000,509,83,-426,592,7,-0.7300167765343343,-0.1705866560965099
272,1550030400,46,25,-21,71,7,0.5530567271698429,-1.1523797146719517
272,1550044800,82,183,101,265,7,0.9395628196436937,-0.7867984222273534
272,1550059200,508,805,297,1313,7,1.5605070337820115,1.1880943328341877
272,1550073600,751,417,-334,1168,7,-0.43855316581634834,0.9148505833266273
272,1550088000,1468,477,-991,1945,7,-2.5199835162697912,2.3790601927567963
272,1550102400,613,89,-524,702,7,-1.0404888836034933,0.03670170559888089
272,1550116800,54,11,-43,65,7,0.4833589072155419,-1.1636863525826093
272,1550131200,79,194,115,273,7,0.9839159777964307,-0.7717229050131431
272,1550145600,539,672,133,1211,7,1.0409414668499497,0.9958814883530073
272,1550160000,730,393,-337,1123,7,-0.4480574139919348,0.8300507989966946
272,1550174400,1477,440,-1037,1917,7,-2.6657153216287846,2.3262958825070608
272,1550188800,545,80,-465,625,7,-0.8535720028169589,-0.10840014758789265
272,1550203200,87,24,-63,111,7,0.4199972527116319,-1.0770021286009004
272,1550217600,83,177,94,260,7,0.9173862405673252,-0.7962206204862348
272,1550232000,486,640,154,1126,7,1.107471204079055,0.8357041179520235
272,1550246400,722,325,-397,1047,7,-0.6381423775036648,0.6868333854616974
272,1550260800,1220,351,-869,1571,7,-2.1334774237959406,1.674279762992468
272,1550275200,441,180,-261,621,7,-0.20728312687707692,-0.11593790619499778
272,1550289600,102,29,-73,131,7,0.38831642545967693,-1.039313335565375
272,1550304000,57,84,27,141,7,0.7051246979792268,-1.020468939047612
272,1550318400,268,217,-51,485,7,0.45801424541397795,-0.3722216988365718
272,1550332800,482,271,-211,753,7,-0.04887899061730195,0.13280812783947116
272,1550347200,505,263,-242,768,7,-0.1470895550983624,0.16107472261611536
272,1550361600,267,137,-130,404,7,0.20773571012353348,-0.5248613106304505
272,1550376000,85,29,-56,114,7,0.4421738317880004,-1.0713488096455717
272,1550390400,37,47,10,84,7,0.6512672916509034,-1.12788199919886
272,1550404800,200,167,-33,367,7,0.515039734467497,-0.5945855777461728
272,1550419200,361,233,-128,594,7,0.21407187557392449,-0.16681777679295734
272,1550433600,381,192,-189,573,7,0.020818829336999033,-0.2063910094802592
272,1550448000,243,94,-149,337,7,0.147542138344819,-0.6511187672994613
272,1550462400,48,24,-24,72,7,0.5435524789942564,-1.1504952750201753
272,1550476800,72,110,38,182,7,0.7399736079563773,-0.9432069133247846
272,1550491200,334,304,-30,638,7,0.5245439826430834,-0.08390243211480101
272,1550505600,528,315,-213,843,7,-0.05521515606769295,0.30240769649933635
272,1550520000,723,260,-463,983,7,-0.8472358373665678,0.5662292477480155
272,1550534400,389,87,-302,476,8,-0.18885197679075605,-0.5775376323654859
272,1550548800,44,13,-31,57,8,0.515703167899427,-1.260502940451788
272,1550563160,36,208,172,244,8,1.0434695677965016,-0.9556950344562307
272,1550563200,85,93,8,178,8,0.6170967127072394,-1.0632742953958392
272,1550577600,535,721,186,1256,8,1.0798672505480238,0.6938536332844321
272,1550592000,647,415,-232,1062,8,-0.006863563033144184,0.3776358056740679
272,1550606400,1462,459,-1003,1921,8,-2.0113359488491263,1.7777961866910927
272,1550620800,556,131,-425,687,8,-0.5086316181077026,-0.23360999511916195
272,1550635200,43,21,-22,64,8,0.5391016782396915,-1.249093018836981
272,1550649600,66,182,116,248,8,0.897878836790412,-0.9491750792477697
272,1550664000,538,699,161,1237,8,1.014871388491734,0.6628838460442418
272,1550678400,774,344,-430,1118,8,-0.5216307905189607,0.4689151785925235
272,1550692800,1490,436,-1054,1926,8,-2.143927507443958,1.7859461307016693
272,1550707200,532,128,-404,660,8,-0.4540350939804191,-0.27761969277627446
272,1550721600,48,12,-36,60,8,0.502703995488169,-1.2556129740454423
272,1550736000,66,213,147,279,8,0.9784737057402115,-0.898645426382196
272,1550750400,522,709,187,1231,8,1.0824670850302756,0.6531039132315501
272,1550764800,722,409,-313,1131,8,-0.21745015609552365,0.4901050330200222
272,1550779200,1414,478,-936,1892,8,-1.8371470385382693,1.7305265114297497
272,1550793600,562,151,-411,713,8,-0.47223393535618025,-0.19123028626416466
272,1550808000,73,23,-50,96,8,0.4663063127366467,-1.196933377169292
272,1550822400,68,191,123,259,8,0.9160776781661731,-0.9312452024245016
272,1550836800,529,599,70,1128,8,0.7782864506068384,0.4852150666136763
272,1550851200,777,381,-396,1158,8,-0.4332364181224063,0.5341147306771347
272,1550865600,1268,409,-859,1677,8,-1.6369597834048963,1.3800789189749647
272,1551484800,7593,8311,718,15904,9,3.0618698321429103,4.099859139322667
272,1551499200,101,30,-71,131,9,0.06437377120035759,-0.3477552797272754
272,1551513600,45,75,30,120,9,0.44808365986347265,-0.3508570205888457
272,1551528000,278,226,-52,504,9,0.13655681956272578,-0.2425780668758439
272,1551542400,540,274,-266,814,9,-0.6764522514660527,-0.15516536986795182
272,1551556800,565,217,-348,782,9,-0.9879790917667995,-0.16418861601070198
272,1551571200,282,148,-134,430,9,-0.17497002073802112,-0.26344432358095365
272,1551585600,105,30,-75,135,9,0.04917733996617481,-0.3466273739594316
272,1551600000,42,46,4,88,9,0.34930685684128465,-0.3598802667315959
272,1551614400,230,134,-96,364,9,-0.030603924013284763,-0.28205476875037583
272,1551628800,396,220,-176,616,9,-0.33453254869694027,-0.2109967053762184
272,1551643200,479,189,-290,668,9,-0.7676308388711494,-0.1963339303942494
272,1551657600,237,85,-152,322,9,-0.2433539612918436,-0.2938977793127354
272,1551672000,40,16,-24,56,9,0.2429318382020052,-0.36890351287434603
272,1551686400,82,182,100,264,9,0.7140212064616713,-0.31025241294647005
272,1551700800,436,523,87,959,9,0.6646328049505773,-0.11427878578361521
272,1551715200,507,343,-164,850,9,-0.28894325499439194,-0.14501421795735792
272,1551729600,1112,438,-674,1550,9,-2.226488237352696,0.052369291415301646
272,1551744000,511,112,-399,623,10,-0.45800566263017467,-0.2510640842490592
272,1551758400,54,17,-37,71,10,0.5714984737599047,-1.239824181102497
272,1551772800,99,213,114,312,10,1.0009325196021754,-0.8081372547588765
272,1551787200,589,719,130,1308,10,1.0464354648569856,0.9759298765201527
272,1551801600,746,370,-376,1116,10,-0.3925951788263851,0.63201332109287
272,1551816000,1440,447,-993,1887,10,-2.147302505215001,2.0130532389805524
272,1551830400,565,137,-428,702,10,-0.540479750904518,-0.10955675154720847
272,1551844800,48,16,-32,64,10,0.5857181441520328,-1.252362805519117
272,1551859200,91,224,133,315,10,1.0549672670922623,-0.8027635585803253
272,1551873600,573,647,74,1220,10,0.88717515646515,0.8183014552826482
272,1551888000,768,436,-332,1204,10,-0.26746207937565725,0.7896417423303747
272,1551902400,1528,452,-1076,1980,10,-2.3833490337243286,2.1796378205156426
272,1551916800,657,126,-531,783,10,-0.8334049609823583,0.03553304527367645
272,1551931200,51,19,-32,70,10,0.5857181441520328,-1.2416154131620143
272,1551945600,104,218,114,322,10,1.0009325196021754,-0.7902249341637057
272,1551960000,568,710,142,1278,10,1.0805626737980931,0.9221929147346398
272,1551974400,810,385,-425,1195,10,-0.5319479486692411,0.7735206537947207
272,1551988800,1486,382,-1104,1868,10,-2.4629791879202463,1.9790198298497275
272,1552003200,635,149,-486,784,10,-0.7054279274532048,0.037324277333193545
272,1552017600,78,28,-50,106,10,0.5345273307403714,-1.1771310590193986
272,1552032000,106,209,103,315,10,0.9696492447394934,-0.8027635585803253
272,1552046400,513,612,99,1125,10,0.9582735084257908,0.6481344096285239
272,1552060800,843,409,-434,1252,10,-0.5575433553750718,0.8756208811871953
272,1552075200,1335,383,-952,1718,10,-2.03070120799955,1.7103350209221628
272,1552089600,507,142,-365,649,10,-0.36131190396370316,-0.20449205070161466
272,1552104000,125,30,-95,155,10,0.40655029721121794,-1.0893606881030609
272,1552118400,54,96,42,150,10,0.7961692659555297,-1.0983168484006465
272,1552132800,309,232,-77,541,10,0.4577411106228793,-0.3979451131294612
272,1552147200,630,278,-352,908,10,-0.3243407609441699,0.2594370527133137
272,1552161600,724,275,-449,999,10,-0.6002023665514563,0.42243917012936955
272,1552176000,346,328,-18,674,10,0.6255332212499917,-0.1597112492136872
272,1552194000,143,31,-112,174,10,0.35820341787798216,-1.055327278972236
272,1552208400,55,71,16,126,10,0.7222269799164632,-1.1413064178290568
272,1552222800,259,211,-48,470,10,0.5402151988972227,-0.5251225893551752
272,1552237200,476,202,-274,678,10,-0.10251390282697048,-0.15254632097561882
272,1552245438,78,111,33,189,10,0.770573859249699,-1.0284587980794797
272,1552251600,382,144,-238,526,10,-0.00013227600364767382,-0.4248135940222177
272,1552266000,250,64,-186,314,10,0.14775229607448528,-0.8045547906398424
272,1552280400,20,20,0,40,10,0.6767240346616531,-1.295352374947527
272,1552294800,208,376,168,584,10,1.1545049598371595,-0.320922134570226
272,1552309200,541,516,-25,1057,10,0.6056256827010122,0.5263306295813612
272,1552323600,842,345,-497,1187,10,-0.7367112023158868,0.759190797318584
272,1552338000,1377,400,-977,1777,10,-2.101799559960191,1.8160177124336716
272,1552352400,421,98,-323,519,11,-0.2540851428870129,-0.40739672831858037
272,1552366800,28,14,-14,42,11,0.645401214010874,-1.310049466112701
272,1552381200,209,440,231,649,11,1.3585861895447973,-0.1613907410790926
272,1552395600,539,531,-8,1070,11,0.6628669685137456,0.6352901868272485
272,1552410000,866,424,-442,1290,11,-0.6004892738606328,1.0516080113863817
272,1552424400,1363,359,-1004,1722,11,-2.2364482789629383,1.8691048305206794
272,1552438800,405,78,-327,483,11,-0.2657289792222606,-0.4755214632464385
272,1552453200,27,16,-11,43,11,0.6541340912623098,-1.3081571123647047
272,1552467600,189,441,252,630,11,1.419716330304848,-0.19734546229101774
272,1552482000,569,519,-50,1088,11,0.5406066869936444,0.6693525542911776
272,1552496400,917,389,-528,1306,11,-0.8508317550684589,1.0818856713543186
272,1552510800,1418,379,-1039,1797,11,-2.338331846896356,2.0110313616203843
272,1552525200,405,78,-327,483,11,-0.2657289792222606,-0.4755214632464385
272,1552539600,28,9,-19,37,11,0.6308464185918143,-1.3195112348526812
272,1552554000,206,409,203,615,11,1.2770793351980632,-0.22573076851095863
272,1552568400,567,557,-10,1124,11,0.6570450503461217,0.7374772892190358
272,1552582800,917,403,-514,1320,11,-0.8100783278950918,1.1083786238262634
272,1552597200,1406,368,-1038,1774,11,-2.335420887812544,1.9675072254164747
272,1552611600,453,113,-340,566,11,-0.30357144731181573,-0.31845610216276554
272,1552626000,33,20,-13,53,11,0.6483121730946859,-1.289233574884744
272,1552640400,212,426,214,638,11,1.3090998851199944,-0.18220663230704925
272,1552654800,577,493,-84,1070,11,0.4416340781440388,0.6352901868272485
272,1552669200,907,367,-540,1274,11,-0.885763264074202,1.0213303514184446
272,1552683600,1167,325,-842,1492,11,-1.7648729073854053,1.4338634684815856
272,1552698000,378,126,-252,504,11,-0.04740704793636572,-0.43578203453852127
272,1552712400,73,13,-60,86,11,0.5114970961555252,-1.2267859012008742
272,1552726800,114,72,-42,186,11,0.5638943596641399,-1.0375505264012683
272,1552741200,370,227,-143,597,11,0.2698874921991348,-0.25979313597488773
272,1552755600,581,277,-304,858,11,-0.19877692029458616,0.23411119225208385
272,1552770000,498,194,-304,692,11,-0.19877692029458616,-0.08001952991526204
272,1552784400,284,102,-182,386,11,0.1563600879304695,-0.6590797768020563
272,1552798800,51,18,-33,69,11,0.5900929914184473,-1.2589559149168073
272,1552813200,67,35,-32,102,11,0.5930039505022593,-1.1965082412329373
272,1552827600,220,126,-94,346,11,0.4125244873059195,-0.7347739267218987
272,1552842000,391,141,-250,532,11,-0.04158512976874186,-0.3827961295946316
272,1552856400,371,113,-258,484,11,-0.0648728024392373,-0.47362910949844245
272,1552870800,167,46,-121,213,11,0.33392859204299735,-0.9864569752053747
272,1552885200,32,15,-17,47,11,0.6366683367594382,-1.3005876973727206
272,1552899600,207,438,231,645,11,1.3585861895447973,-0.16896015607107684
272,1552914000,544,558,14,1102,11,0.7269080683576081,0.6958455067631224
272,1552928400,860,372,-488,1232,11,-0.7343933917159816,0.9418514940026101
272,1552942800,1333,341,-992,1674,11,-2.201516769957195,1.7782718506168687
272,1552957200,416,74,-342,490,12,-0.3648984047569549,-0.5167583135767085
272,1552971600,29,29,0,58,12,0.6411285983004156,-1.345032416185878
272,1552986000,220,497,277,717,12,1.4559516387884028,-0.08153094947420506
272,1553000400,534,552,18,1086,12,0.6940773879350141,0.625953179837794
272,1553014800,904,459,-445,1363,12,-0.6678831454438238,1.157045602112655
272,1553029200,1387,396,-991,1783,12,-2.273996431026643,1.9623120907604588
272,1553043600,418,96,-322,514,12,-0.3060664162740677,-0.4707430856539769
272,1553058000,34,29,-5,63,12,0.6264206011796938,-1.3354459103686422
272,1553072400,199,429,230,628,12,1.3176964658536179,-0.25217075302100156
272,1553086800,531,580,49,1111,12,0.7852669700834891,0.6738857089239727
272,1553101200,933,441,-492,1374,12,-0.8061383183786086,1.1781359149105737
272,1553115600,1326,373,-953,1699,12,-2.1622156529091576,1.8012587930308979
272,1553130000,434,110,-324,544,12,-0.3119496151223564,-0.4132240507505623
272,1553144400,31,34,3,65,12,0.6499533965728487,-1.331611308041748
272,1553158800,203,463,260,666,12,1.4059444485779486,-0.1793133088100098
272,1553173200,536,530,-6,1066,12,0.6234790017555495,0.5876071565688509
272,1553187600,927,413,-514,1340,12,-0.8708535057097845,1.1129476753533705
272,1553202000,1425,366,-1059,1791,12,-2.4740251918684595,1.9776505000680358
272,1553216400,449,128,-321,577,12,-0.3031248168499234,-0.3499531123568063
272,1553230800,32,35,3,67,12,0.6499533965728487,-1.3277767057148537
272,1553245200,211,410,199,621,12,1.226506883705143,-0.2655918611651316
272,1553259600,567,484,-83,1051,12,0.3969758460964339,0.5588476391171436
272,1553274000,954,375,-579,1329,12,-1.0620574682791677,1.0918573625554517
272,1553288400,1089,378,-711,1467,12,-1.450348592266223,1.3564449231111588
272,1553302800,411,153,-258,564,12,-0.11780405312882879,-0.3748780274816193
272,1553317200,89,29,-60,118,12,0.4646326328517541,-1.229994346379049
272,1553331600,93,102,9,195,12,0.6676029931177149,-1.0823621567936184
272,1553346000,424,307,-117,731,12,0.2969614656755257,-0.054688733185944936
272,1553360400,523,256,-267,779,12,-0.144278447946128,0.037341722659518344
272,1553374800,471,235,-236,706,12,-0.05308886579765291,-0.10262126227212373
272,1553389200,227,140,-87,367,12,0.38520944839985644,-0.7525863566807082
272,1553403600,51,25,-26,76,12,0.5646470132726623,-1.3105209952438293
272,1553418000,56,40,-16,96,12,0.5940630075141059,-1.2721749719748863
272,1553432400,294,165,-129,459,12,0.2616622725857934,-0.5761946496435703
272,1553446800,434,182,-252,616,12,-0.10015445658396264,-0.27517836698236736
272,1553461200,435,170,-265,605,12,-0.1383952490978393,-0.29626867978028604
272,1553475600,204,73,-131,277,12,0.2557790737375047,-0.9251434613909518
272,1553490000,34,10,-24,44,12,0.570530212120951,-1.3718746324741382
272,1553504400,236,499,263,735,12,1.4147692468503819,-0.04701952853215633
272,1553518800,560,565,5,1125,12,0.6558365954211374,0.7007279252122328
272,1553533200,894,392,-502,1286,12,-0.8355543126200522,1.0094134125272243
272,1553547600,1302,349,-953,1651,12,-2.1622156529091576,1.7092283371854347
272,1553562000,411,78,-333,489,13,-0.42960554543580765,-0.47740445096627804
272,1553576400,28,18,-10,46,13,0.5385055557904658,-1.3516518999845355
272,1553590800,203,476,273,679,13,1.3867267373602346,-0.10244504845280417
272,1553605200,602,566,-36,1168,13,0.46057710801373786,0.8625820453845049
272,1553619600,715,408,-307,1123,13,-0.35167709765907973,0.7737758711049979
272,1553634000,1356,414,-942,1770,13,-2.254929572206088,2.050611310190354
272,1553648400,390,102,-288,492,13,-0.2947293858222401,-0.4714840393476442
272,1553662800,25,24,-1,49,13,0.5654807877131792,-1.3457314883659017
272,1553677200,220,534,314,754,13,1.5096139050081516,0.045565242013040776
272,1553691600,586,556,-30,1142,13,0.47856059596221356,0.8112718113563453
272,1553706000,910,443,-467,1353,13,-0.8312367762850976,1.2276740952002556
272,1553720400,1376,426,-950,1802,13,-2.278907556137389,2.113762367455781
272,1553734800,457,118,-339,575,13,-0.4475890333842833,-0.3076859845654425
272,1553749200,34,14,-20,48,13,0.5085330758763397,-1.3477049589054462
272,1553763600,220,441,221,661,13,1.230869841806779,-0.13796751816460695
272,1553778000,552,593,41,1145,13,0.691365203352509,0.8171922229749791
272,1553792400,918,413,-505,1331,13,-0.9451321999587768,1.1842577433302746
272,1553806800,1309,342,-967,1651,13,-2.3298607719914033,1.8157683159845464
272,1553821200,498,121,-377,619,13,-0.5614844570579625,-0.2208532808254801
272,1553835600,39,28,-11,67,13,0.5355083077990531,-1.310209018654099
272,1553850000,223,433,210,656,13,1.1979001139012402,-0.14783487086232994
272,1553853031,72,176,104,248,13,0.8801918268115033,-0.9530108509965264
272,1553857395,85,155,70,240,13,0.7782853951034746,-0.9687986153128832
272,1553864400,571,489,-82,1060,13,0.3227037004087578,0.6494472271136881
272,1553878800,905,344,-561,1249,13,-1.112978087477883,1.0224331590876174
272,1553893200,1126,335,-791,1461,13,-1.8023451255027836,1.4408089134710724
272,1553907600,373,126,-247,499,13,-0.17184221817432307,-0.457669745570832
272,1553922000,71,25,-46,96,13,0.43060462809961175,-1.2529783730073054
272,1553936400,77,139,62,216,13,0.7543074111721738,-1.0161619082619535
272,1553950800,380,279,-101,659,13,0.2657559885719182,-0.14191445924369614
272,1553965200,523,271,-252,794,13,-0.18682845813138613,0.12450406359482474
272,1553979600,501,284,-217,785,13,-0.08192477843194473,0.10674282873892335
272,1553994000,247,128,-119,375,13,0.21180552472649117,-0.7023800924743623
272,1554008400,92,28,-64,120,13,0.37665416425418474,-1.205615080058235
272,1554022800,69,67,-2,136,13,0.5624835397217667,-1.1740395514255215
272,1554037200,271,178,-93,449,13,0.28973397250321903,-0.5563432725480619
272,1554051600,424,216,-208,640,13,-0.05494954650923123,-0.17941039949504353
272,1554066000,403,158,-245,561,13,-0.16584772219149785,-0.33531457211906684
272,1554080400,226,51,-175,277,13,0.04395963720738493,-0.895780205349733
272,1554094800,30,20,-10,50,13,0.5385055557904658,-1.343758017826357
272,1554109200,238,447,209,685,13,1.1949028659098275,-0.09060422521553657
272,1554121011,235,468,233,703,13,1.2668368177037301,-0.05508175550373379
272,1554123600,511,515,4,1026,13,0.5804670276702423,0.5823492287691717
272,1554138000,878,372,-506,1250,13,-0.9481294479501894,1.024406629627162
272,1554152400,1333,359,-974,1692,13,-2.350841507931291,1.896680608105875
272,1554166800,384,87,-297,471,14,-0.20780265067379977,-0.6149595882320615
272,1554181200,24,19,-5,43,14,0.6419778454460671,-1.4313330878302846
272,1554195600,207,427,220,634,14,1.2967744606069231,-0.3040509890860093
272,1554210000,503,484,-19,987,14,0.6012349449471693,0.3692664066106559
272,1554224400,929,403,-526,1332,14,-0.8742400945486268,1.0273244845578215
272,1554238800,1411,348,-1063,1759,14,-2.437021349399204,1.841790569437357
272,1554253200,374,128,-246,502,14,-0.059382084570672344,-0.555829731952751
272,1554267600,23,25,2,48,14,0.6623492956955159,-1.4217960142368473
272,1554282000,255,477,222,732,14,1.3025948749639087,-0.11712434665464051
272,1554296400,579,590,11,1169,14,0.6885411603019501,0.7164158854117694
272,1554310800,995,454,-541,1449,14,-0.9178932022260173,1.2504920066442518
272,1554325200,1407,407,-1000,1814,14,-2.2536782971541642,1.9466983789651662
272,1554339600,421,93,-328,514,14,-0.29801907320707327,-0.5329407553285017
272,1554354000,34,24,-10,58,14,0.6274268095536035,-1.4027218670499728
272,1554368400,232,468,236,700,14,1.3433377754628064,-0.1781616176526385
272,1554382800,609,543,-66,1152,14,0.4644552075580127,0.683989835194083
272,1554397200,953,399,-554,1352,14,-0.9557258955464223,1.0654727789315703
272,1554411600,1328,420,-908,1748,14,-1.9859392367328361,1.8208090075317953
272,1554426000,437,121,-316,558,14,-0.263096587065161,-0.4490145077062545
272,1554440400,32,20,-12,52,14,0.6216063951966182,-1.4141663553620976
272,1554454800,205,460,255,665,14,1.3986317118541676,-0.24492113280669878
272,1554469200,576,494,-82,1070,14,0.41789189270212956,0.5275818282617132
272,1554483600,998,380,-618,1378,14,-1.1419791549699547,1.1150655616174436
272,1554498000,1237,380,-857,1617,14,-1.8375186706297089,1.570937679383741
272,1554512400,376,151,-225,527,14,0.0017322661776742426,-0.5081443639855651
272,1554526800,56,27,-29,83,14,0.5721328731622424,-1.355036499082787
272,1554541200,116,173,57,289,14,0.8224106905126141,-0.962109067033175
272,1554555600,438,329,-109,767,14,0.33931629888282683,-0.050364831500580215
272,1554570000,643,406,-237,1049,14,-0.03319021996423809,0.48752611916927696
272,1554584400,551,332,-219,883,14,0.01919350924863041,0.17089527586716247
272,1554598800,342,160,-182,502,14,0.12687117485286012,-0.555829731952751
272,1554613200,96,24,-72,120,14,0.4469939644870565,-1.284462154491352
272,1554627600,78,88,10,166,14,0.6856309531234575,-1.1967210774317298
272,1554642000,316,259,-57,575,14,0.4906470721644469,-0.4165884574885681
272,1554656400,501,292,-209,793,14,0.048295581033557355,-0.000772048814706861
272,1554670800,475,227,-248,702,14,-0.06520249892765773,-0.17434678821526362
272,1554685200,256,81,-175,337,14,0.14724262510230895,-0.870553160536178
272,1554699600,40,23,-17,63,14,0.6070553593041547,-1.3931847934565358
272,1554714000,230,434,204,664,14,1.25021114575104,-0.24682854752538622
272,1554728400,586,586,0,1172,14,0.6565288813385305,0.7221381295678317
272,1554742800,865,356,-509,1221,14,-0.8247665725142511,0.8156014507835161
272,1554757200,1281,325,-956,1606,14,-2.1256291813004857,1.5499561174781793
272,1554771600,391,113,-278,504,15,-0.19384351116730741,-0.41020910243580855
272,1554786000,31,25,-6,56,15,0.6473164386696524,-1.2472734737830817
272,1554800400,255,445,190,700,15,1.2534464025227556,-0.043993439971376495
272,1554814800,605,575,-30,1180,15,0.573096443095803,0.8528612436149877
272,1554829200,941,401,-540,1342,15,-1.0040784628484967,1.1555496993253855
272,1554843600,1375,366,-1009,1741,15,-2.454460876354137,1.9010601550565507
272,1554858000,408,97,-311,505,15,-0.29589600508135033,-0.40834065517833695
272,1554872400,34,25,-9,59,15,0.6380389392229212,-1.241668132010667
272,1554886800,201,392,191,593,15,1.2565389023383327,-0.24391729652083685
272,1554887533,15,75,60,90,15,0.8514214264977382,-1.1837462670290477
272,1554901200,624,564,-60,1188,15,0.4803214486284912,0.8678088216747604
272,1554915600,937,436,-501,1373,15,-0.8834709700409914,1.2134715643070049
272,1554930000,1368,374,-994,1742,15,-2.408073379120481,1.9029286023140224
272,1554944400,433,116,-317,549,15,-0.3144510039748127,-0.3261289758495869
272,1554958800,26,28,2,54,15,0.6720564371942688,-1.251010368298025
272,1554973200,223,463,240,686,15,1.4080713933016087,-0.07015170157597879
272,1554987600,559,532,-27,1091,15,0.5823739425425342,0.686569437700016
272,1555002000,873,394,-479,1267,15,-0.815435974098296,1.0154161550150163
272,1555016400,1363,372,-991,1735,15,-2.39879587967375,1.8898494715117213
272,1555030800,388,105,-283,493,15,-0.20930601024519271,-0.43076202226799604
272,1555045200,47,24,-23,71,15,0.5947439418048424,-1.219246764921008
272,1555059600,215,404,189,619,15,1.2503539027071786,-0.19533766782657544
272,1555059800,11,0,-11,11,15,0.631853939591767,-1.3313536003693034
272,1555074000,648,518,-130,1166,15,0.26384646153809715,0.8267029820103854
272,1555088400,971,417,-554,1388,15,-1.0473734602665754,1.241498273169079
272,1555102800,1169,305,-864,1474,15,-2.0060484030954635,1.4021847373116356
272,1555117200,327,85,-242,412,15,-0.08251351780653333,-0.582106250123195
272,1555131600,42,26,-16,68,15,0.6163914405138817,-1.2248521066934226
272,1555146000,75,82,7,157,15,0.6875189362721541,-1.058560300778451
272,1555160400,410,279,-131,689,15,0.2607539617225201,-0.064546359803564
272,1555174800,520,305,-215,825,15,0.0009839772140472298,0.1895624672125725
272,1555189200,509,253,-256,762,15,-0.12580851522461214,0.0718502899918622
272,1555203600,249,141,-108,390,15,0.33188145748079245,-0.62321208978757
272,1555218000,69,17,-52,86,15,0.5050614471531076,-1.1912200560589339
272,1555232400,73,46,-27,119,15,0.5823739425425342,-1.1295612965623714
272,1555246800,288,174,-114,462,15,0.3133264585873301,-0.48868388724961537
272,1555261200,431,209,-222,640,15,-0.020663521494992176,-0.15610027541967203
272,1555275600,419,218,-201,637,15,0.04427897463212604,-0.1617056171920868
272,1555290000,201,72,-129,273,15,0.26693896135367423,-0.8418204189117463
272,1555304400,26,13,-13,39,15,0.6256689399606129,-1.2790370771600987
272,1555318800,225,383,158,608,15,1.1544864084242898,-0.21589058765876296
272,1555333200,614,526,-88,1140,15,0.3937314537923336,0.778123353316124
272,1555347600,808,398,-410,1206,15,-0.602053486823479,0.9014408723092491
272,1555362000,1258,388,-870,1646,15,-2.024603401988926,1.7235576655967495
272,1555376400,314,90,-224,404,16,-0.055372097500519385,-0.5858575909540061
272,1555390800,39,11,-28,50,16,0.5930249247246235,-1.3004798456347975
272,1555405200,239,436,197,675,16,1.337358241054507,-0.03878801180571678
272,1555419600,562,524,-38,1086,16,0.559943443998851,0.7909005381202866
272,1555434000,862,372,-490,1234,16,-0.9353394848060705,1.089669164371013
272,1555448400,1238,380,-858,1618,16,-2.152737975514502,1.8648526270756
272,1555462800,354,98,-256,452,16,-0.1612328358229917,-0.4889596581159327
272,1555477200,23,19,-4,42,16,0.6724204784664778,-1.3166295011078095
272,1555491600,262,437,175,699,16,1.2645789834578074,0.009660954613319915
272,1555506000,553,558,5,1111,16,0.7021938111196732,0.8413682114734499
272,1555520400,851,411,-440,1262,16,-0.7699320811772076,1.1461929585265558
272,1555534800,1301,354,-947,1655,16,-2.4471631539738783,1.9395447836382815
272,1555549200,389,129,-260,518,16,-0.17446542811330074,-0.35572500046358185
272,1555563600,35,25,-10,60,16,0.6525715900310143,-1.280292776293532
272,1555578000,236,414,178,650,16,1.2745034276755391,-0.08925568515888001
272,1555592400,561,508,-53,1069,16,0.5103212229101921,0.7565825202401356
272,1555606800,920,374,-546,1294,16,-1.1205957768703971,1.2107915804186047
272,1555621200,1221,381,-840,1602,16,-2.0931913102081112,1.8325533161295755
272,1555635600,366,108,-258,474,16,-0.16784913196814621,-0.4445481055651491
272,1555650000,40,18,-22,58,16,0.6128738131600872,-1.2843301901617852
272,1555664400,158,354,196,512,16,1.33405009298193,-0.367837242068341
272,1555678800,543,410,-133,953,16,0.24566937710401127,0.5224125158814583
272,1555693200,853,349,-504,1202,16,-0.9816535578221521,1.025070542478964
272,1555707600,874,264,-610,1138,16,-1.3323172535153418,0.8958732986948661
272,1555722000,284,141,-143,425,16,0.21258789637823866,-0.543464745337349
272,1555736400,49,20,-29,69,16,0.5897167766520464,-1.2621244138863934
272,1555750800,94,99,5,193,16,0.7021938111196732,-1.0118047540547037
272,1555765200,376,196,-180,572,16,0.09018641769288005,-0.24671482602074926
272,1555779600,482,238,-244,720,16,-0.12153505895206458,0.05205380022997702
272,1555794000,422,189,-233,611,16,-0.08514543015371473,-0.16798525558981464
272,1555808400,223,137,-86,360,16,0.4011523365151425,-0.6746806960555735
272,1555822800,56,17,-39,73,16,0.5566352959262737,-1.2540495861498873
272,1555837200,68,59,-9,127,16,0.6558797381035915,-1.1450394117070546
272,1555851600,246,143,-103,389,16,0.3449138192813291,-0.616138194965904
272,1555866000,336,117,-219,453,16,-0.03883135713763308,-0.4869409511818062
272,1555880400,339,125,-214,464,16,-0.022290616774746783,-0.4647351749064144
272,1555894800,170,51,-119,221,16,0.2919834501200929,-0.955280959899161
272,1555909200,29,17,-12,46,16,0.6459552938858597,-1.3085546733713036
272,1555923600,214,414,200,628,16,1.3472826852722388,-0.13366723770966363
272,1555938000,527,499,-28,1026,16,0.5930249247246235,0.6697781220726949
272,1555952400,900,381,-519,1281,16,-1.0312757789108111,1.1845483902749598
272,1555966800,1322,359,-963,1681,16,-2.5000935231351145,1.9920311639255714
272,1555981200,375,88,-287,463,17,-0.22706468813397823,-0.5626207454129503
272,1555995600,30,15,-15,45,17,0.6072830112042551,-1.3275374809871587
272,1556010000,220,332,112,552,17,0.9968497678805626,-0.3997556988433221
272,1556024400,593,498,-95,1091,17,0.3618866290459512,0.5865843022918414
272,1556038800,907,397,-510,1304,17,-0.9111071034002504,0.9763624474528616
272,1556053200,1383,329,-1054,1712,17,-2.579802502076717,1.7229797395922803
272,1556067600,400,84,-316,484,17,-0.3160208766663634,-0.524191914199892
272,1556082000,17,18,1,35,17,0.6563622876359159,-1.3458369244219486
272,1556096400,215,444,229,659,17,1.355741976787082,-0.2039516540910726
272,1556110800,514,583,69,1097,17,0.8649492124704742,0.5975639683527153
272,1556125200,936,453,-483,1389,17,-0.8282858244218229,1.1319077166485738
272,1556139600,1393,525,-868,1918,17,-2.0092559135586603,2.099948274348948
272,1556154000,428,86,-342,514,17,-0.39577470086781213,-0.4692935838955229
272,1556168401,33,25,-8,58,17,0.6287551946431067,-1.3037482045219322
272,1556182800,225,485,260,710,17,1.4508330748734248,-0.11062449257364523
272,1556197200,577,611,34,1188,17,0.7575882952762163,0.7640889036093014
272,1556211600,947,506,-441,1453,17,-0.6994527237887133,1.2490241546312277
272,1556226000,1384,487,-897,1871,17,-2.0982121020910456,2.0139408902054363
272,1556240400,422,89,-333,511,17,-0.36816760787500297,-0.4747834169259598
272,1556254800,46,13,-33,59,17,0.5520688252186368,-1.3019182601784531
272,1556269200,220,391,171,611,17,1.1778295997223116,-0.29178898257806307
272,1556283600,557,568,11,1125,17,0.6870368354057038,0.6488024099701264
272,1556298000,921,411,-510,1332,17,-0.9111071034002504,1.0276008890702728
272,1556312400,1147,382,-765,1529,17,-1.693308071529844,1.3880999247356294
272,1556326800,335,144,-191,479,17,0.06741097045598649,-0.5333416359172868
272,1556341200,82,18,-64,100,17,0.45697772713229395,-1.2268905420958156
272,1556355600,91,120,29,211,17,0.7422510213913223,-1.02376671996965
272,1556370000,383,297,-86,680,17,0.38949372203876037,-0.16552282287801426
272,1556384400,507,291,-216,798,17,-0.009275398968483494,0.05041060965250393
272,1556398800,430,198,-232,628,17,-0.05835467540014428,-0.2606799287389206
272,1556413200,245,151,-94,396,17,0.36495408382293,-0.6852270164260411
272,1556427600,69,26,-43,95,17,0.5213942774488487,-1.2360402638132104
272,1556442000,70,66,-4,136,17,0.6410250137510218,-1.1610125457305727
272,1556456400,335,247,-88,582,17,0.38335881248480275,-0.3448573685389531
272,1556470800,437,232,-205,669,17,0.024466603578283293,-0.1856522106562829
272,1556485200,456,183,-273,639,17,-0.18412032125627503,-0.24055054096065195
272,1556499600,215,68,-147,283,17,0.20237898064305362,-0.8920107272391644
272,1556514000,27,26,-1,53,17,0.6502273780819583,-1.312897926239327
272,1556528400,226,461,235,687,17,1.374146705448955,-0.15271321247366149
272,1556542800,574,572,-2,1146,17,0.6471599233049795,0.6872312411831847
272,1556557200,909,389,-520,1298,17,-0.9417816511700384,0.9653827813919879
272,1556571600,1371,398,-973,1769,17,-2.3313386651414345,1.8272865671705816
272,1556586000,405,90,-315,495,18,-0.36444854029841545,-0.40331595872032183
272,1556600400,34,14,-20,48,18,0.5128051990418322,-1.2582743852836344
272,1556614800,227,380,153,607,18,1.0272624766888248,-0.1890981874113934
272,1556629200,564,538,-26,1102,18,0.4949627501060983,0.7576678554271743
272,1556643600,913,436,-477,1349,18,-0.8461946615632293,1.2300945475102576
272,1556658000,1381,390,-991,1771,18,-2.3746977870577624,2.0372365072635414
272,1556672400,386,79,-307,465,18,-0.3406586083841036,-0.4606957188923562
272,1556686800,27,16,-11,43,18,0.539568872445433,-1.2678376786456402
272,1556700252,188,168,-20,356,18,0.5128051990418322,-0.6691755141840813
272,1556701200,112,491,379,603,18,1.6993280532681332,-0.19674882210099798
272,1556703809,97,207,110,304,18,0.8993915926493988,-0.7686337651489409
272,1556715600,481,609,128,1090,18,0.9529189394566004,0.7347159513583605
272,1556730000,895,449,-446,1344,18,-0.7540086753952712,1.2205312541482518
272,1556744400,1367,455,-912,1822,18,-2.1397722094039335,2.134782099556
272,1556758800,405,105,-300,510,18,-0.3198424179590808,-0.37462607863430464
272,1556773200,29,19,-10,48,18,0.5425426139347219,-1.2582743852836344
272,1556787600,226,538,312,764,18,1.5000873734857718,0.11118922415558666
272,1556802000,523,594,71,1117,18,0.7834156745671289,0.7863577355131914
272,1556816400,888,539,-349,1427,18,-0.46555575093424056,1.379281923957547
272,1556830800,1344,422,-922,1766,18,-2.1695096242968233,2.0276732139015357
272,1556845200,466,84,-382,550,18,-0.5636892200807767,-0.2981197317382588
272,1556859600,46,15,-31,61,18,0.48009404265965344,-1.2334098225424195
272,1556874000,212,487,275,699,18,1.3900589383820796,-0.013133589550487889
272,1556878124,175,228,53,403,18,0.7298883277599273,-0.5792805565812273
272,1556888400,403,592,189,995,18,1.134317170303228,0.5530133774802516
272,1556902800,942,361,-581,1303,18,-1.1554637764492828,1.1421122485798048
272,1556917200,1169,399,-770,1568,18,-1.717500917924899,1.6489667967661086
272,1556931600,343,133,-210,476,18,-0.05220568392307308,-0.4396564734959436
272,1556946000,60,19,-41,79,18,0.45035662776676366,-1.198981966439199
272,1556960400,100,85,-15,185,18,0.5276739064882771,-0.9962401471646773
272,1556974800,344,193,-151,537,18,0.12324506394497643,-0.3229842944794737
272,1556989200,459,221,-238,680,18,-0.13547044562316438,-0.04947410432610968
272,1557003600,440,167,-273,607,18,-0.2395513977482785,-0.1890981874113934
272,1557018000,246,86,-160,332,18,0.09648139054137567,-0.7150793223217088
272,1557032400,58,19,-39,77,18,0.4563041107453416,-1.2028072837840011
272,1557046800,77,43,-34,120,18,0.47117281819178647,-1.120562960870752
272,1557061200,257,153,-104,410,18,0.26301091394155823,-0.5658919458744193
272,1557075600,368,181,-187,549,18,0.016190370330573346,-0.30003239041065993
272,1557090000,388,143,-245,531,18,-0.15628663604818718,-0.33446024651388057
272,1557104400,161,42,-119,203,18,0.21840479160222365,-0.9618122910614567
272,1557118800,24,16,-8,40,18,0.5484900969132999,-1.2735756546628436
272,1557133200,251,349,98,600,18,0.8637066947779312,-0.20248679811820142
272,1557147600,558,442,-116,1000,18,0.22732601607009056,0.5625766708422573
272,1557162000,884,285,-599,1169,18,-1.2089911232564843,0.8858159864780512
272,1557176400,1289,270,-1019,1559,18,-2.4579625487578536,1.6317528687144984
272,1557190800,425,63,-362,488,19,-0.4623906682373395,-0.48610897810716014
272,1557205200,29,21,-8,50,19,0.6119685215349318,-1.3023993260085127
272,1557219600,211,481,270,692,19,1.455674325932365,-0.10591895305721515
272,1557234000,549,633,84,1182,19,0.8911805143571038,0.8072825777000057
272,1557248400,930,442,-488,1372,19,-0.8447897018850972,1.1613811304426016
272,1557262800,1321,358,-963,1679,19,-2.286373360477834,1.733529844610901
272,1557277200,380,91,-289,471,19,-0.24084202175887678,-0.5177914801946556
272,1557291600,28,31,3,59,19,0.645352564154974,-1.285626236668074
272,1557306000,236,512,276,748,19,1.4738838037251154,-0.0015530638278184734
272,1557320400,580,629,49,1209,19,0.7849585605660601,0.8576018457213219
272,1557334800,899,450,-449,1349,19,-0.7264280962322197,1.1185165687948135
272,1557349200,1366,416,-950,1782,19,-2.246919491926875,1.9254885337292555
272,1557363600,425,102,-323,527,19,-0.34402906258446214,-0.4134255909652589
272,1557378000,46,22,-24,68,19,0.5634099140875974,-1.2688531473276352
272,1557392400,229,446,217,675,19,1.2948239387630702,-0.13760145514471056
272,1557406800,540,550,10,1090,19,0.6665969549131828,0.6358243311088541
272,1557421200,957,454,-503,1411,19,-0.890313396366973,1.2340645175845029
272,1557435600,1309,386,-923,1695,19,-2.1649768418594983,1.7633486701050145
272,1557450000,437,91,-346,528,19,-0.41383206079000523,-0.4115619143718768
272,1557464400,53,19,-34,72,19,0.5330607844330135,-1.2613984409541068
272,1557478800,202,408,206,610,19,1.2614398961430278,-0.25874043371454597
272,1557493200,558,533,-25,1091,19,0.560375001122139,0.6376880077022361
272,1557507600,937,392,-545,1329,19,-1.0177797409162255,1.081243036927172
272,1557522000,1079,391,-688,1470,19,-1.4517722949767757,1.3440214365940457
272,1557536400,337,126,-211,463,19,-0.004118810453122118,-0.5327008929417122
272,1557550800,71,15,-56,86,19,0.4662926991929288,-1.2353069686467577
272,1557565200,96,107,11,203,19,0.6696318678786412,-1.017256807221054
272,1557579600,317,222,-95,539,19,0.34793109354005153,-0.3910614718446739
272,1557594000,524,203,-321,727,19,-0.3379592366535454,-0.04069027228884222
272,1557608400,491,180,-311,671,19,-0.30761010699896146,-0.14505616151823889
272,1557622800,256,80,-176,336,19,0.10210314333792164,-0.7693878203012368
272,1557637200,64,20,-44,84,19,0.5027116547784296,-1.2390343218335218
272,1557651600,67,56,-11,123,19,0.6028637826385566,-1.1663509346916205
272,1557666000,237,157,-80,394,19,0.3934547880219274,-0.661294577885076
272,1557680400,332,190,-142,522,19,0.20529018416350703,-0.4227439739321693
272,1557694800,357,133,-224,490,19,-0.04357267900408123,-0.482381624920396
272,1557709200,180,39,-141,219,19,0.2083250971289654,-0.9874379817269405
272,1557723600,32,18,-14,50,19,0.5937590437421814,-1.3023993260085127
272,1557738000,216,421,205,637,19,1.2584049831775694,-0.20842116569322972
272,1557752400,554,584,30,1138,19,0.7272952142223507,0.7252808075911941
272,1557766800,919,468,-451,1387,19,-0.7324979221631365,1.1893362793433329
272,1557781200,1352,383,-969,1735,19,-2.3045828382705844,1.8378957338402977
272,1557795600,407,72,-335,479,20,-0.39235916135227716,-0.5497165140413077
272,1557810000,35,18,-17,53,20,0.5842246923601742,-1.3505248407981125
272,1557824400,211,496,285,707,20,1.5116722515462129,-0.12111487436865159
272,1557838800,568,540,-28,1108,20,0.5504434898732654,0.6326976585643971
272,1557853200,927,487,-440,1414,20,-0.7148160941818601,1.2079261749671724
272,1557867600,1419,441,-978,1860,20,-2.3670239976324856,2.0463311367829817
272,1557882000,396,61,-335,457,20,-0.39235916135227716,-0.5910728126062131
272,1557896400,48,16,-32,64,20,0.5381594162416623,-1.3298466915156597
272,1557910800,216,465,249,681,20,1.4011155888617843,-0.169990499945358
272,1557925200,537,531,-6,1068,20,0.6180058948470828,0.5575043884463873
272,1557939600,937,446,-491,1383,20,-0.8714380329848004,1.1496513906257146
272,1557954000,1326,413,-913,1739,20,-2.167407801118934,1.8188714946760023
272,1557968400,479,77,-402,556,20,-0.59811739468163,-0.4049694690641388
272,1557982800,42,19,-23,61,20,0.5657985819127694,-1.3354861867745105
272,1557997200,225,484,259,709,20,1.4318257729407922,-0.11735521086275111
272,1558011600,611,572,-39,1183,20,0.5166622873863568,0.7736850400356655
272,1558026000,923,428,-495,1351,20,-0.8837221066164036,1.0894967745313069
272,1558040400,1348,434,-914,1782,20,-2.170478819526835,1.8997042600528629
272,1558054800,458,124,-334,582,20,-0.38928814294437636,-0.35609384348743234
272,1558069200,65,20,-45,85,20,0.498236176938952,-1.2903702247037045
272,1558083600,218,428,210,646,20,1.2813458709536536,-0.2357846112986166
272,1558098000,598,573,-25,1171,20,0.5596565450969678,0.7511270590002626
272,1558112400,1001,378,-623,1379,20,-1.2768124628277047,1.1421320636139138
272,1558126800,1081,369,-712,1450,20,-1.550133101130875,1.2756001180733811
272,1558141200,381,155,-226,536,20,-0.05761815489109101,-0.4425661041231437
272,1558155600,69,23,-46,92,20,0.49516515853105125,-1.277211402433053
272,1558170000,78,117,39,195,20,0.7562017232026184,-1.0835887318791775
272,1558184400,322,312,-10,634,20,0.6057218212154797,-0.25834259233401957
272,1558198800,521,267,-254,788,20,-0.14360667031231314,0.03115149762031833
272,1558213200,496,202,-294,698,20,-0.26644740662834476,-0.13803336014520382
272,1558227600,244,139,-105,383,20,0.3139750724649046,-0.7301803623245313
272,1558242000,69,20,-49,89,20,0.48595210330734884,-1.2828508976919037
272,1558256400,51,72,21,123,20,0.7009233918604042,-1.2189366180915953
272,1558270800,268,188,-80,456,20,0.3907505326624244,-0.5929526443591634
272,1558285200,387,247,-140,634,20,0.20648942818837696,-0.25834259233401957
272,1558299600,380,171,-209,551,20,-0.005410841956777574,-0.41436862782889
272,1558314000,222,91,-131,313,20,0.23412859385948406,-0.8617685850310486
272,1558328400,36,31,-5,67,20,0.6210769132549836,-1.3242071962568092
272,1558342800,244,524,280,768,20,1.4963171595067088,-0.006445137438686589
272,1558357200,576,570,-6,1146,20,0.6180058948470828,0.7041312651765064
272,1558371600,906,429,-477,1335,20,-0.8284437752741893,1.059419466484103
272,1558386000,1226,398,-828,1624,20,-1.9063712364473668,1.602690843086724
272,1558400400,382,96,-286,478,21,-0.48717255832766954,-0.35679473150611796
272,1558414800,37,22,-15,59,21,0.5197273978890609,-1.239526867741836
272,1558429200,254,489,235,743,21,1.4486018962439784,0.2014964763756608
272,1558443600,454,585,131,1039,21,1.0621901049283327,0.8250972217832325
272,1558458000,935,493,-442,1428,21,-1.0667902453011378,1.6446265797681832
272,1558472400,1263,443,-820,1706,21,-2.471248486813773,2.2303056582252943
272,1558486800,363,108,-255,471,21,-0.37199212053165975,-0.371542046431297
272,1558501200,30,22,-8,52,21,0.5457358838429986,-1.2542741826670152
272,1558515600,249,480,231,729,21,1.4337399042702996,0.17200184652530265
272,1558530000,550,567,17,1117,21,0.6386233336784903,0.9894244452352278
272,1558544400,891,416,-475,1307,21,-1.189401679083987,1.389708707490088
272,1558558800,1204,431,-773,1635,21,-2.2966200811230486,2.080725749698478
272,1558573200,386,87,-299,473,21,-0.5354740322421252,-0.36732852788124587
272,1558587600,42,25,-17,67,21,0.5122964019022216,-1.2226727935416315
272,1558602000,186,435,249,621,21,1.5006188681518537,-0.05552815517746
272,1558616400,480,620,140,1100,21,1.0956295868691097,0.9536095375597929
272,1558630800,888,411,-477,1299,21,-1.1968326750708262,1.3728546332898834
272,1558645200,1234,385,-849,1619,21,-2.578997928622943,2.047017601298069
272,1558659600,350,105,-245,455,21,-0.33483714059746306,-0.4052501948317063
272,1558674000,37,27,-10,64,21,0.5383048878561593,-1.228993071366708
272,1558688400,183,435,252,618,21,1.5117653621321128,-0.06184843300253674
272,1558702800,507,447,-60,954,21,0.3525299881851758,0.6460226834060582
272,1558717200,946,401,-545,1347,21,-1.4494865386233637,1.473979078491111
272,1558731600,819,309,-510,1128,21,-1.3194441088536755,1.012598797260509
272,1558746000,339,123,-216,462,21,-0.22708769878829266,-0.39050287990652727
272,1558760400,55,16,-39,71,21,0.43055544604698887,-1.214245756441529
272,1558774800,87,122,35,209,21,0.7055022975600443,-0.923512976487999
272,1558789200,311,281,-30,592,21,0.46399492798776587,-0.11662417415320182
272,1558803600,405,222,-183,627,21,-0.10447626500544357,-0.04288759952730652
272,1558818000,423,209,-214,632,21,-0.21965670280145333,-0.032353803152178624
272,1558832400,214,138,-76,352,21,0.29308202029046104,-0.6222464001593411
272,1558846800,70,21,-49,91,21,0.39340046611279217,-1.1721105709410176
272,1558861200,55,71,16,126,21,0.6349078356850707,-1.0983739963151222
272,1558875600,244,190,-54,434,21,0.3748229761456938,-0.4494921396072435
272,1558890000,317,186,-131,503,21,0.08872963065237925,-0.30412574963047845
272,1558904400,319,170,-149,489,21,0.021850666770825193,-0.33362037948083656
272,1558918800,201,106,-95,307,21,0.22248755841548734,-0.7170505675354921
272,1558933200,57,38,-19,95,21,0.5048654059153822,-1.1636835338409153
272,1558947600,75,107,32,182,21,0.6943558035797853,-0.9803954769136897
272,1558962000,252,151,-101,403,21,0.20019457045496933,-0.5148016771330365
272,1558976400,371,187,-184,558,21,-0.10819176299886324,-0.18825398950407154
272,1558990800,382,165,-217,547,21,-0.23080319678171232,-0.21142834152935294
272,1559005200,219,80,-139,299,22,0.04597336284749134,-0.8436272364980592
272,1559019600,36,18,-18,54,22,0.436017820261433,-1.3409019265115225
272,1559034000,228,499,271,727,22,1.3676116069773763,0.02508120156627679
272,1559048400,505,553,48,1058,22,0.6487693424872193,0.6969094562375273
272,1559062800,814,418,-396,1232,22,-0.7824681706680706,1.0500759707777012
272,1559077200,1238,350,-888,1588,22,-2.368434063623932,1.772646540756448
272,1559091600,336,75,-261,411,22,-0.3472946024789622,-0.6163016639204759
272,1559106000,28,17,-11,45,22,0.4585823756490164,-1.359169160022221
272,1559120400,217,487,270,704,22,1.3643880990648642,-0.021601728516619772
272,1559134800,510,571,61,1081,22,0.6906749453498742,0.7435923863204238
272,1559149200,794,427,-367,1221,22,-0.6889864412052251,1.0277493520424028
272,1559163600,1366,453,-913,1819,22,-2.4490217614367302,2.2415055341977133
272,1559178000,346,72,-274,418,22,-0.3892002053416171,-0.602093815634377
272,1559192400,33,18,-15,51,22,0.44568834399896873,-1.3469910043484221
272,1559206800,228,511,283,739,22,1.4062937019275192,0.04943751291387499
272,1559221200,508,574,66,1082,22,0.7067924849124337,0.7456220789327237
272,1559235600,795,431,-364,1226,22,-0.6793159174676894,1.0378978151039022
272,1559250000,1296,388,-908,1684,22,-2.4329042218741708,1.9674970315372338
272,1559264400,353,68,-285,421,22,-0.42465879237924814,-0.5960047377974774
272,1559278800,37,16,-21,53,22,0.42634729652389725,-1.3429316191238223
272,1559293200,206,416,210,622,22,1.1709776243141494,-0.18803652272520752
272,1559307600,535,500,-35,1035,22,0.3812181857487304,0.6502265261546307
272,1559322000,830,401,-429,1231,22,-0.8888439317809638,1.0480462781654014
272,1559336400,981,361,-620,1342,22,-1.5045339430707394,1.2733421581306847
272,1559350800,309,147,-162,456,22,-0.028167319140282688,-0.5249654963669826
272,1559365200,52,24,-28,76,22,0.40378274113631385,-1.296248689040926
272,1559379600,97,160,63,257,22,0.697121961174898,-0.9288743262146529
272,1559394000,329,324,-5,653,22,0.47792342312408786,-0.12511605174391213
272,1559408400,425,393,-32,818,22,0.3908887094862662,0.20978322928556317
272,1559422800,422,255,-167,677,22,-0.04428485870284226,-0.07640342904871573
272,1559437200,236,155,-81,391,22,0.23293682177318237,-0.6568955161664729
272,1559451600,63,24,-39,87,22,0.36832415409868274,-1.2739220703056275
272,1559466000,58,81,23,139,22,0.5681816446744214,-1.1683780544660354
272,1559480400,229,221,-8,450,22,0.4682528993865521,-0.5371436520407817
272,1559494800,354,285,-69,639,22,0.27161891672332533,-0.15353174831611005
272,1559509200,348,195,-153,543,22,0.0008442520723245402,-0.3483822390968957
272,1559523600,217,83,-134,300,22,0.06209090241005091,-0.8415975438857594
272,1559538000,20,18,-2,38,22,0.4875939468616236,-1.37337700830832
272,1559552400,240,459,219,699,22,1.1999891955267568,-0.03175019157811902
272,1559566800,440,557,117,997,22,0.8711913884505414,0.5730982068872364
272,1559581200,791,406,-385,1197,22,-0.7470095836304396,0.9790367293472065
272,1559595600,1157,298,-859,1455,22,-2.2749523341610867,1.5026974233205679
272,1559610000,135,76,-59,211,23,0.2534081258555399,-0.9191805990147452
272,1559624400,13,19,6,32,23,0.4748563280276346,-1.2588247425020576
272,1559638800,242,513,271,755,23,1.3776836138061748,0.11303400465619247
272,1559653200,517,643,126,1160,23,0.8836837781915019,0.881502597462681
272,1559667600,790,435,-355,1225,23,-0.7550329178819991,1.0048370629748336
272,1559682000,1256,404,-852,1660,23,-2.4482599406440158,1.8302292552484694
272,1559696400,129,108,-21,237,23,0.3828701517407645,-0.8698468128098843
272,1559710800,7,26,19,33,23,0.5191459684620535,-1.256927289186486
272,1559725200,241,484,243,725,23,1.2822905421012725,0.056110405189045164
272,1559739600,520,633,113,1153,23,0.8393941377570828,0.86822042425368
272,1559754000,886,479,-407,1365,23,-0.9321914796196749,1.2704805271548543
272,1559768400,1287,380,-907,1667,23,-2.635639188635788,1.8435114284574703
272,1559782800,128,90,-38,218,23,0.3249529296342166,-0.9058984258057442
272,1559797200,12,31,19,43,23,0.5191459684620535,-1.2379527560307702
272,1559811600,233,538,305,771,23,1.4935180580192704,0.1433932577053377
272,1559826000,546,633,87,1179,23,0.7508148568882449,0.917554210458541
272,1559840400,851,444,-407,1295,23,-0.9321914796196749,1.1376587950648438
272,1559854800,1159,444,-715,1603,23,-1.9815152683736006,1.7220744162608894
272,1559869200,138,101,-37,239,23,0.32835982505224887,-0.8660519061787411
272,1559883600,12,34,22,46,23,0.5293666547161502,-1.2322603960840555
272,1559898000,228,494,266,722,23,1.3606491367160136,0.050418045242330435
272,1559912400,490,559,69,1049,23,0.6894907393636649,0.670885279434236
272,1559926800,857,465,-392,1322,23,-0.8810880483491914,1.1888900345852764
272,1559941200,918,367,-551,1285,23,-1.4227844198163153,1.1186842619091282
272,1559955600,296,150,-146,446,23,-0.042991775513263816,-0.4732790698554247
272,1559970000,72,20,-52,92,23,0.2772563937817655,-1.144977543567763
272,1559984400,84,70,-14,154,23,0.40671841966699007,-1.0273354380023252
272,1559998800,312,170,-142,482,23,-0.02936419384113491,-0.404970750494848
272,1560013200,429,241,-188,670,23,-0.18608138307061733,-0.04824952716739155
272,1560027600,374,194,-180,568,23,-0.15882621972635952,-0.24178976535569238
272,1560042000,195,125,-70,320,23,0.2159322762571854,-0.7123581876174434
272,1560056400,80,12,-68,92,23,0.22274606709324984,-1.144977543567763
272,1560070800,58,52,-6,110,23,0.4339735830112479,-1.1108233838874746
272,1560085200,243,154,-89,397,23,0.1512012633145731,-0.566254282318432
272,1560099600,349,166,-183,515,23,-0.16904690598045619,-0.34235479108098593
272,1560114000,332,149,-183,481,23,-0.16904690598045619,-0.40686820381041955
272,1560128400,174,58,-116,232,23,0.05921508702770298,-0.8793340793877421
272,1560142800,30,22,-8,52,23,0.4271597921751834,-1.2208756761906259
272,1560157200,232,421,189,653,23,1.0983181895275322,-0.08050623353210835
272,1560171600,531,572,41,1103,23,0.5940976676587625,0.7733477584751012
272,1560186000,802,416,-386,1218,23,-0.8606466758409982,0.9915548897658325
272,1560200400,1217,411,-806,1628,23,-2.291542751414533,1.769510749150179
272,1560214800,311,60,-251,371,24,-0.18448256168395422,-0.8940217307991355
272,1560229200,20,16,-4,36,24,0.5349994288834672,-1.5278784076620147
272,1560243600,198,409,211,607,24,1.1612691777579431,-0.44748389277036094
272,1560258000,504,588,84,1092,24,0.7913330935390666,0.4701892065684342
272,1560272400,782,454,-328,1236,24,-0.4087745182576038,0.7426529721453137
272,1560286800,1260,364,-896,1624,24,-2.0632918083073823,1.4767914516163498
272,1560301200,287,79,-208,366,24,-0.05922861190905901,-0.9034822782149994
272,1560315600,27,16,-11,43,24,0.5146092510131354,-1.5146336412798052
272,1560330000,236,462,226,698,24,1.2049624160515113,-0.27530192980163853
272,1560344400,540,639,99,1179,24,0.8350263318326346,0.6348027316044655
272,1560358800,820,448,-372,1268,24,-0.5369413505854036,0.8032004756068424
272,1560373200,1322,393,-929,1715,24,-2.159416932553232,1.648973414585072
272,1560387600,334,90,-244,424,24,-0.16409238381362246,-0.7937399281909785
272,1560402000,23,16,-7,39,24,0.5262607812247535,-1.5222020792124964
272,1560416400,225,479,254,704,24,1.2865231275328384,-0.2639492729026019
272,1560430800,539,639,100,1178,24,0.8379392143855392,0.6329106221212928
272,1560445200,827,425,-402,1252,24,-0.6243278271725398,0.772926723876078
272,1560459600,1246,383,-863,1629,24,-1.9671666840615327,1.4862519990322136
272,1560474000,335,110,-225,445,24,-0.10874761530843619,-0.7540056290443503
272,1560488400,28,20,-8,48,24,0.5233478986718489,-1.5051730938639414
272,1560502800,226,437,211,663,24,1.1612691777579431,-0.3415257617126856
272,1560517200,564,517,-47,1081,24,0.4097454791085719,0.44937600225353375
272,1560531600,880,486,-394,1366,24,-0.6010247667493034,0.9886272049577742
272,1560546000,840,340,-500,1180,24,-0.9097903173571847,0.6366948410876383
272,1561165200,7204,8528,1324,15732,25,3.6068054441393826,4.098601952267527
272,1561179600,55,26,-29,81,25,0.04764256786018796,-0.3610211814184481
272,1561194000,84,112,28,196,25,0.1975851280582028,-0.3282528816054082
272,1561208400,296,206,-90,502,25,-0.11282227726400337,-0.24106070992897166
272,1561222800,402,208,-194,610,25,-0.38640168534459185,-0.21028700227846464
272,1561237200,404,156,-248,560,25,-0.5284525318479744,-0.22453408915369938
272,1561251600,211,113,-98,324,25,-0.13386684711635632,-0.2917803392048073
272,1561266000,59,15,-44,74,25,0.00818399938702616,-0.36301577358098097
272,1561280400,80,66,-14,146,25,0.08710113633334976,-0.34249996848064296
272,1561294800,227,147,-80,374,25,-0.08651656494856216,-0.27753325232957254
272,1561309200,335,222,-113,557,25,-0.17332541558951814,-0.22538891436621344
272,1561323600,354,138,-216,492,25,-0.4442742524385625,-0.2439101273040186
272,1561338000,181,78,-103,259,25,-0.14701970327407693,-0.31030155214261246
272,1561352400,39,21,-18,60,25,0.07657885140717328,-0.3670049579060467
272,1561366800,240,351,111,591,25,0.41592254027636477,-0.21570089529105382
272,1561381200,507,538,31,1045,25,0.20547684175283518,-0.08633734646392248
272,1561395600,761,411,-350,1172,25,-0.7967707974654746,-0.050149745800826255
272,1561410000,1117,372,-745,1489,25,-1.8358464339254021,0.04017678498816194
272,1561424400,286,82,-204,368,26,-0.10816673748466962,-0.7290373854635918
272,1561438800,30,23,-7,53,26,0.5587271417613484,-1.394864018742849
272,1561453200,218,389,171,607,26,1.1613013067653646,-0.22385463830885383
272,1561467600,523,622,99,1145,26,0.917563442269358,0.9133349766252424
272,1561482000,821,449,-372,1270,26,-0.676888421308685,1.1775518945932015
272,1561496400,1239,368,-871,1607,26,-2.3661272321907307,1.8898807054348195
272,1561510800,311,72,-239,383,26,-0.22665042161467283,-0.6973313553074366
272,1561525200,27,23,-4,50,26,0.5688828861153487,-1.4012052247740798
272,1561539600,218,479,261,697,26,1.465973637385373,-0.03361845737192323
272,1561554000,555,575,20,1130,26,0.6501288409473509,0.8816289464690873
272,1561568400,827,469,-358,1296,26,-0.6294949476566837,1.232509013530537
272,1561582800,1255,382,-873,1637,26,-2.372897728426731,1.9532927657471297
272,1561597200,330,94,-236,424,26,-0.21649467726067256,-0.610668206213946
272,1561611600,33,26,-7,59,26,0.5587271417613484,-1.3821816066803867
272,1561626000,204,484,280,688,26,1.5302933516273747,-0.05264207546561629
272,1561640400,537,589,52,1126,26,0.7584567807233538,0.8731740050941126
272,1561654800,789,391,-398,1180,26,-0.7649048723766874,0.987315713656271
272,1561669200,1241,458,-783,1699,26,-2.0682253978067227,2.0843443570592375
272,1561683600,351,108,-243,459,26,-0.2401914140866732,-0.5366874691829174
272,1561698000,40,20,-20,60,26,0.5147189162273472,-1.3800678713366432
272,1561712400,190,348,158,538,26,1.1172930812313635,-0.3697023770271673
272,1561726800,561,433,-128,994,26,0.14911211948333733,0.5941609397199478
272,1561741200,866,344,-522,1210,26,-1.1846756390086988,1.0507277739685812
272,1561755600,902,272,-630,1174,26,-1.5502824357527085,0.9746333015938089
272,1561770000,322,144,-178,466,26,-0.02015028641666725,-0.5218913217767117
272,1561784400,71,35,-36,106,26,0.46055494633934574,-1.282836045524434
272,1561798800,95,126,31,221,26,0.6873665702453519,-1.0397564809939117
272,1561813200,322,241,-81,563,26,0.30821878102934164,-0.31685899343357543
272,1561827600,478,243,-235,721,26,-0.21310942914267245,0.01711119087792493
272,1561842000,382,181,-201,563,26,-0.09801099313066935,-0.31685899343357543
272,1561856400,230,129,-101,359,26,0.2405138186693398,-0.7480610035572848
272,1561870800,91,41,-50,132,26,0.41316147268734443,-1.2278789265870986
272,1561885200,53,76,23,129,26,0.6602845853013511,-1.2342201326183297
272,1561899600,208,357,149,565,26,1.0868258481693627,-0.31263152274608813
272,1561914000,483,333,-150,816,26,0.07463666088733531,0.21791604853357388
272,1561928400,576,253,-323,829,26,-0.5110112635266805,0.24539460800224164
272,1561942800,349,124,-225,473,26,-0.17925694796267155,-0.507095174370506
272,1561957200,45,39,-6,84,26,0.5621123898793485,-1.329338223086795
272,1561971600,214,444,230,658,26,1.3610309457273702,-0.11605413577792649
272,1561986000,456,459,3,915,26,0.5925796229413492,0.4271758475641976
272,1562000400,735,333,-402,1068,26,-0.7784458648486877,0.7505773551569795
272,1562014800,1120,300,-820,1420,26,-2.193479578172726,1.4946121961547525
272,1562029200,294,93,-201,387,27,-0.33116518590188315,-0.32876656165426793
272,1562043600,25,23,-2,48,27,0.4985007276194012,-1.1732442667748224
272,1562058000,210,438,228,648,27,1.4574110799304332,0.32140653874828284
272,1562063312,189,224,35,413,27,0.6527602190781324,-0.26399836008160005
272,1562072400,347,487,140,834,27,1.0905236407853427,0.7847482884604454
272,1562086800,762,359,-403,1121,27,-1.1733386257576592,1.4996895904356642
272,1562101200,1186,325,-861,1511,27,-3.0828209794900623,2.4712126140256827
272,1562115600,302,96,-206,398,27,-0.35201106312603603,-0.3013646302196777
272,1562130000,35,16,-19,51,27,0.4276247450572814,-1.165771012747207
272,1562144400,195,415,220,610,27,1.4240576763717887,0.22674532106515286
272,1562158800,539,475,-64,1014,27,0.24001185003990555,1.233143530117377
272,1562173200,953,345,-608,1298,27,-2.028019591947927,1.9406115780649802
272,1562187600,880,287,-593,1167,27,-1.9654819602754683,1.614279485525769
272,1562202000,268,117,-151,385,27,-0.12270641366035442,-0.3337487310060116
272,1562216400,48,19,-29,67,27,0.3859329906089756,-1.1259136579332574
272,1562230800,79,91,12,170,27,0.5568691838470292,-0.8693319363184576
272,1562245200,246,110,-136,356,27,-0.06016878198789581,-0.40599018660629504
272,1562259600,269,172,-97,441,27,0.1024290603604966,-0.19424798915718847
272,1562274000,213,137,-76,350,27,0.18998174470193865,-0.4209366946615261
272,1562288400,117,172,55,289,27,0.7361437279747439,-0.5728928598897085
272,1562302800,27,16,-11,43,27,0.460978148615926,-1.1856996901541816
272,1562313277,48,38,-10,86,27,0.46514732406075654,-1.0785830490916923
272,1562317200,77,251,174,328,27,1.2322756059095823,-0.4757405575307066
272,1562331600,381,303,-78,684,27,0.1816433938122775,0.41108558707966913
272,1562346000,582,278,-304,860,27,-0.7605902567194324,0.8495164900331134
272,1562360400,597,224,-373,821,27,-1.048263362412742,0.7523641876741115
272,1562374800,222,117,-105,339,27,0.069075656801852,-0.44833862609611635
272,1562389200,44,22,-22,66,27,0.41511721872278967,-1.1284047426091293
272,1562403600,74,97,23,171,27,0.6027301137401655,-0.8668408516425858
272,1562418000,242,127,-115,369,27,0.027383902353546253,-0.3736060858199611
272,1562432400,332,227,-105,559,27,0.069075656801852,0.0997000025956889
272,1562446800,319,147,-172,466,27,-0.21025909800179649,-0.13197087226039242
272,1562461200,140,116,-24,256,27,0.4067788678331285,-0.6550986541934792
272,1562475600,59,19,-40,78,27,0.34007206071583934,-1.0985117264986672
272,1562490000,57,68,11,125,27,0.5527000084021986,-0.9814307467326906
272,1562504400,220,177,-43,397,27,0.3275645343813476,-0.3038557148955495
272,1562518800,330,190,-140,520,27,-0.07684548376721811,0.0025477002366870597
272,1562533200,344,132,-212,476,27,-0.3770261157950195,-0.107060025501674
272,1562547600,171,72,-99,243,27,0.09409070947083545,-0.6874827549798131
272,1562562000,33,18,-15,51,27,0.4443014468366037,-1.165771012747207
272,1562576400,207,474,267,681,27,1.6200089222788256,0.40361233305205363
272,1562590800,528,507,-21,1035,27,0.41928639416762026,1.2854563083106858
272,1562605200,751,394,-357,1145,27,-0.9815565552954527,1.5594756226565885
272,1562619600,1150,328,-822,1478,27,-2.92022313714167,2.389006819721912
272,1562634000,270,85,-185,355,28,-0.03248696559777083,-0.6792624081423695
272,1562648400,22,25,3,47,28,0.5654549466632974,-1.3013465505657105
272,1562662800,208,583,375,791,28,1.7486166028394536,0.20135020905430792
272,1562677200,546,510,-36,1056,28,0.44141380528999075,0.7365849419834811
272,1562691600,850,406,-444,1256,28,-0.8562473659999872,1.1405356838168195
272,1562706000,1219,339,-880,1558,28,-2.2429637157118267,1.7505013039851602
272,1562720400,327,88,-239,415,28,-0.2042362382685032,-0.5580771855923681
272,1562734800,27,25,-2,52,28,0.5495522362308223,-1.291247782019877
272,1562749200,195,393,198,588,28,1.185660653529831,-0.20865979390653042
272,1562763600,542,681,139,1223,28,0.9980086704266234,1.0738838114143185
272,1562778000,806,368,-438,1174,28,-0.8371641134810169,0.9749158796651507
272,1562792400,1279,316,-963,1595,28,-2.5069487088909153,1.825232191224328
272,1562806800,332,85,-247,417,28,-0.22968057496046357,-0.5540376781740346
272,1562821200,34,20,-14,54,28,0.5113857311928817,-1.2872082746015436
272,1562835600,208,428,220,636,28,1.255632579432722,-0.11171161586652924
272,1562850000,557,512,-45,1069,28,0.4127889265115353,0.7628417402026482
272,1562864400,861,409,-452,1270,28,-0.8816917026919476,1.1688122357451531
272,1562878800,1279,422,-857,1701,28,-2.1698112477224405,2.0393260843959973
272,1562893200,348,89,-259,437,28,-0.26784707999840407,-0.5136426039907008
272,1562907600,32,21,-11,53,28,0.5209273574523668,-1.2892280283107103
272,1562922000,191,375,184,566,28,1.1411330643189004,-0.25309437550819763
272,1562936400,570,452,-118,1022,28,0.18060935419739713,0.6679133158718137
272,1562950800,810,372,-438,1182,28,-0.8371641134810169,0.9910739093384843
272,1562965200,926,302,-624,1228,28,-1.4287449415690952,1.0839825799601521
272,1562979600,331,135,-196,466,28,-0.06747292854921631,-0.45506974642486675
272,1562994000,56,23,-33,79,28,0.45095543154947587,-1.2367144318723764
272,1563008400,92,107,15,199,28,0.6036214517012379,-0.9943439867723733
272,1563022800,366,232,-134,598,28,0.1297206808134764,-0.1884622568148635
272,1563037200,356,204,-152,560,28,0.07247092325656562,-0.2652128977631978
272,1563051600,341,375,34,716,28,0.6640517513446438,0.04986868086680608
272,1563066000,175,228,53,403,28,0.7244820509880496,-0.5823142301023684
272,1563080400,51,18,-33,69,28,0.45095543154947587,-1.2569119689640433
272,1563094800,55,64,9,119,28,0.5845381991822677,-1.1559242835057086
272,1563109200,223,127,-96,350,28,0.2505812801002881,-0.689361176688203
272,1563123600,325,151,-174,476,28,0.002498997353674652,-0.43487220933319987
272,1563138000,308,131,-177,439,28,-0.007042628905810481,-0.5096030965723675
272,1563152400,156,56,-100,212,28,0.2378591117543079,-0.9680871885532064
272,1563166800,26,14,-12,40,28,0.5177468153658717,-1.3154848265298773
272,1563181200,234,481,247,715,28,1.3415072157680883,0.04784892715763939
272,1563195600,540,490,-50,1030,28,0.3968862160790601,0.6840713455451471
272,1563210000,844,343,-501,1187,28,-1.0375382649302047,1.0011726778843177
272,1563224400,1270,362,-908,1632,28,-2.3320188941336877,1.8999630784634953
272,1563238800,279,62,-217,341,29,-0.14152300331294546,-0.6154682425212701
272,1563253200,27,16,-11,43,29,0.5467608778920034,-1.2302978796348636
272,1563267600,207,401,194,608,29,1.2317035752076078,-0.06459739316110392
272,1563282000,550,566,16,1116,29,0.6369728429043026,0.9835014513144181
272,1563296400,839,351,-488,1190,29,-1.046983837325281,1.1361772672419548
272,1563310800,1212,346,-866,1558,29,-2.309951347497469,1.8954299734761912
272,1563325200,294,80,-214,374,29,-0.13149945164491222,-0.5473830813643956
272,1563339600,26,14,-12,40,29,0.543419694002659,-1.236487439740034
272,1563354000,201,454,253,655,29,1.428833424678928,0.0323723818198991
272,1563368400,521,549,28,1070,29,0.6770670495764355,0.8885948630351386
272,1563382800,826,385,-441,1211,29,-0.8899481945260939,1.1795041879781476
272,1563397200,1212,358,-854,1570,29,-2.269857140825336,1.9201882138968729
272,1563411600,327,90,-237,417,29,-0.2083466810998337,-0.4586660531902864
272,1563426000,27,22,-5,49,29,0.5668079812280699,-1.2179187594245229
272,1563440400,203,415,212,618,29,1.291844885215807,-0.04396552614386924
272,1563454800,570,507,-63,1077,29,0.373019315646094,0.9030371699472028
272,1563469200,850,376,-474,1226,29,-1.0002072628744594,1.2104519885039997
272,1563483600,1271,318,-953,1589,29,-2.6006343458704326,1.9593887612296188
272,1563498000,320,123,-197,443,29,-0.07469932552605722,-0.4050231989454762
272,1563512400,42,16,-26,58,29,0.4966431195518372,-1.1993500791090117
272,1563526800,182,364,182,546,29,1.1916093685354747,-0.19251496866795897
272,1563541200,518,451,-67,969,29,0.3596545800887163,0.6802130061610683
272,1563555600,839,322,-517,1161,29,-1.1438781701162692,1.0763448528919741
272,1563570000,565,293,-272,858,29,-0.3252881172268881,0.45119928226976325
272,1563584400,231,92,-139,323,29,0.11908934005591867,-0.6526056031522924
272,1563598800,39,18,-21,57,29,0.5133490389985593,-1.201413265810735
272,1563613200,80,102,22,182,29,0.657019946240369,-0.9435149280953016
272,1563627600,262,176,-86,438,29,0.2961720861911725,-0.4153391324540936
272,1563642000,332,171,-161,503,29,0.045583294490341604,-0.2812319968420681
272,1563656400,237,157,-80,394,29,0.316219189527239,-0.5061193473299263
272,1563670800,154,114,-40,268,29,0.4498665451010154,-0.7660808717470833
272,1563685200,48,22,-26,70,29,0.4966431195518372,-1.17459183868833
272,1563699600,61,63,2,124,29,0.5901962684534807,-1.0631797567952628
272,1563714000,202,130,-72,332,29,0.34294866064199425,-0.6340369228367813
272,1563728400,248,151,-97,399,29,0.25941906340838394,-0.4958034138213089
272,1563742800,268,116,-152,384,29,0.07565394949444132,-0.5267512143471609
272,1563757200,165,60,-105,225,29,0.23268959229362868,-0.8547978999211924
272,1563771600,22,14,-8,36,29,0.5567844295600366,-1.2447401865469279
272,1563786000,208,361,153,569,29,1.0947150357444868,-0.1450616745283192
272,1563800400,521,469,-52,990,29,0.4097723384288825,0.7235399268972611
272,1563814800,830,331,-499,1161,29,-1.0837368601080697,1.0763448528919741
272,1563829200,1277,332,-945,1609,29,-2.5739048747556774,2.000652495264088
272,1563843600,291,52,-239,343,30,-0.20354411837144445,-0.6631693674859324
272,1563858000,32,11,-21,43,30,0.5241598831158438,-1.2546561679618118
272,1563872400,203,405,202,608,30,1.2685543433528406,-0.14068936039890564
272,1563886800,522,560,38,1082,30,0.7211072963624034,0.7938597843529838
272,1563901200,814,348,-466,1162,30,-0.9612909456082079,0.9515895978132182
272,1563915600,1242,313,-929,1555,30,-2.50682742583121,1.72643730643662
272,1563930000,350,105,-245,455,30,-0.2235726688710946,-0.4423476286416041
272,1563944400,20,18,-2,38,30,0.5875836263647359,-1.2645142813030763
272,1563958800,216,402,186,618,30,1.2151448753537735,-0.12097313371637634
272,1563973200,561,525,-36,1086,30,0.4740885068667185,0.8017462750259955
272,1563987600,851,382,-469,1233,30,-0.971305220858033,1.0915748072591762
272,1564002000,1194,370,-824,1564,30,-2.1563277920873327,1.7441819104508964
272,1564016400,362,99,-263,461,30,-0.283658320370045,-0.4305178926320865
272,1564030800,27,16,-11,43,30,0.5575408006152607,-1.2546561679618118
272,1564045200,186,426,240,612,30,1.3954018298506248,-0.13280286972589392
272,1564059600,552,537,-15,1089,30,0.544188433615494,0.8076611430307542
272,1564074000,809,342,-467,1151,30,-0.9646290373581496,0.929901748462436
272,1564088400,1179,352,-827,1531,30,-2.166342067337158,1.6791183623985497
272,1564102800,328,105,-223,433,30,-0.15013465037237742,-0.4857233273431686
272,1564117200,25,14,-11,39,30,0.5575408006152607,-1.2625426586348234
272,1564131600,197,401,204,598,30,1.275230526852724,-0.16040558708143496
272,1564146000,378,422,44,800,30,0.7411358468620536,0.23786219190565713
272,1564160400,1322,664,-658,1986,30,-1.6022045615970122,2.5762066764536335
272,1564174800,917,329,-588,1246,30,-1.368538139101094,1.1172059019464644
272,1564189200,313,137,-176,450,30,0.006755661874881972,-0.4522057419828688
272,1564203600,55,25,-30,80,30,0.49411705736636863,-1.1817061292364532
272,1564218000,64,109,45,173,30,0.7444739386119953,-0.9983452210889308
272,1564232400,289,199,-90,488,30,0.29383155236986724,-0.3772840805892574
272,1564246800,403,205,-198,608,30,-0.06668235662383519,-0.14068936039890564
272,1564261200,341,171,-170,512,30,0.02678421237453211,-0.32996513655118703
272,1564275600,172,112,-60,284,30,0.3939743048681179,-0.7794951049128553
272,1564290000,47,27,-20,74,30,0.5274979748657855,-1.1935358652459709
272,1564304400,68,62,-6,130,30,0.5742312593649691,-1.0831249958238067
272,1564318800,244,156,-88,400,30,0.30050773586975066,-0.5507868753955153
272,1564333200,305,198,-107,503,30,0.23708399262085852,-0.34770974056546344
272,1564347600,297,172,-125,469,30,0.17699834112190813,-0.41474491128606306
272,1564362000,168,67,-101,235,30,0.2571125431205087,-0.876104615657249
272,1564376400,20,15,-5,35,30,0.5775693511149108,-1.2704291493078352
272,1564390800,222,428,206,650,30,1.2819067103526074,-0.057881208332282545
272,1564405200,523,556,33,1079,30,0.704416837612695,0.7879449163482249
272,1564419600,750,366,-384,1116,30,-0.6875674221129894,0.8608949550735834
272,1564434000,1146,325,-821,1471,30,-2.1463135168375076,1.560821002303374
272,1564448400,280,113,-167,393,31,0.007598196317176346,-0.8521207470583332
272,1564462800,28,15,-13,43,31,0.47564708945523926,-1.536816966236638
272,1564477200,181,410,229,591,31,1.2111524929579094,-0.4647783144946065
272,1564491600,557,619,62,1176,31,0.7035929789705296,0.6796425089891315
272,1564506000,787,448,-339,1235,31,-0.5151577103045563,0.7950627287934744
272,1564520400,1272,400,-872,1672,31,-2.1350931651265532,1.6499548653103864
272,1564534800,295,119,-176,414,31,-0.019755310424658497,-0.8110389739076349
272,1564549200,28,22,-6,50,31,0.496922039143333,-1.523123041853072
272,1564563600,203,451,248,654,31,1.2688987849684497,-0.3415329950425116
272,1564578000,559,570,11,1129,31,0.5485897741001322,0.5876975881280448
272,1564592400,791,448,-343,1239,31,-0.5273148244120384,0.8028878284412264
272,1564606800,1229,423,-806,1652,31,-1.9345007823530975,1.610829367071626
272,1564621200,310,136,-174,446,31,-0.013676753370917422,-0.7484381767256185
272,1564635600,30,20,-10,50,31,0.48476492503585084,-1.523123041853072
272,1564650000,186,470,284,656,31,1.378312811935789,-0.3376204452186356
272,1564664400,510,585,75,1095,31,0.7431035998198466,0.5211842411221524
272,1564678800,791,420,-371,1211,31,-0.6124146231644134,0.748112130906962
272,1564693200,1191,364,-827,1555,31,-1.998325631417379,1.4210707006136387
272,1564707600,333,143,-190,476,31,-0.062305209800846036,-0.689749929367478
272,1564722000,32,24,-8,56,31,0.49084348208959194,-1.5113853923814438
272,1564736400,196,410,214,606,31,1.1655633150548514,-0.4354341908155363
272,1564750800,489,528,39,1017,31,0.6336895728525073,0.3685947979909873
272,1564765200,819,444,-375,1263,31,-0.6245717372718956,0.8498384263277388
272,1564779600,880,327,-553,1207,31,-1.1655633150548514,0.7402870312592099
272,1565398800,6733,8018,1285,14751,32,3.5670437413286926,4.098743224127075
272,1565413200,53,22,-31,75,32,-0.01603369674246635,-0.3652024215432079
272,1565427600,71,123,52,194,32,0.20995067055229522,-0.32900662351685445
272,1565442000,264,236,-28,500,32,-0.007865587081209907,-0.23593171430623122
272,1565456400,367,213,-154,580,32,-0.35092619285398047,-0.21159840470868269
272,1565470800,362,176,-186,538,32,-0.4380526959073825,-0.22437339224739566
272,1565485200,199,147,-52,346,32,-0.07321046437126144,-0.2827733352815122
272,1565499600,56,22,-34,78,32,-0.02420180640372279,-0.3642899224332999
272,1565514000,71,59,-12,130,32,0.03569766444549111,-0.3484732711948933
272,1565528400,224,165,-59,389,32,-0.09226938691419313,-0.26969418137282986
272,1565542800,309,205,-104,514,32,-0.21479103183303977,-0.23167338512666022
272,1565557200,323,190,-133,513,32,-0.2937494252251854,-0.23197755149662957
272,1565571600,178,90,-88,268,32,-0.17122778030633873,-0.30649831213912204
272,1565586000,19,16,-3,35,32,0.06020199342926044,-0.3773690763419822
272,1565600400,217,394,177,611,32,0.550288573104647,-0.20216924723963262
272,1565614800,502,484,-18,986,32,0.01936144512297823,-0.08810685850112375
272,1565629200,672,345,-327,1017,32,-0.8219538499864353,-0.0786777010320737
272,1565643600,1087,350,-737,1437,32,-1.938262170358149,0.04907217435505623
272,1565658000,264,101,-163,365,33,-0.11378529515123359,-0.34039667836203286
272,1565672400,20,20,0,40,33,0.46025606859625756,-0.9593409516591888
272,1565686800,222,348,126,570,33,0.9039935644992262,0.05001432479463475
272,1565701200,490,436,-54,926,33,0.27008285606641386,0.7279963595447502
272,1565715600,811,346,-465,1157,33,-1.1773465948551742,1.1679229045651902
272,1565730000,1119,314,-805,1433,33,-2.374733488561598,1.6935494258883135
272,1565744400,265,78,-187,343,33,-0.19830672294227525,-0.3822944445544557
272,1565758800,17,18,1,35,33,0.46377779475421765,-0.9688631712483757
272,1565773200,214,443,229,657,33,1.2667313587691134,0.2157009456464888
272,1565787600,489,548,59,1037,33,0.6680379119159017,0.9393896344247019
272,1565802000,783,422,-361,1205,33,-0.8110870744273272,1.2593362126213856
272,1565816400,1179,368,-811,1547,33,-2.3958638455093584,1.9106560325217774
272,1565830800,302,129,-173,431,33,-0.1490025567308343,-0.21470337978476425
272,1565845200,35,15,-20,50,33,0.3898215454370562,-0.9402965124808147
272,1565859600,209,438,229,647,33,1.2667313587691134,0.19665650646811478
272,1565874000,466,525,59,991,33,0.6680379119159017,0.8517852142041814
272,1565888400,786,439,-347,1225,33,-0.7617829082158862,1.2974250909781335
272,1565902800,1137,395,-742,1532,33,-2.1528647406101133,1.8820893737542164
272,1565917200,322,146,-176,468,33,-0.15956773520471448,-0.14423895482478033
272,1565931600,36,19,-17,55,33,0.40038672391093644,-0.9307742928916277
272,1565946000,170,442,272,612,33,1.4181655835613962,0.13000096934380567
272,1565960400,454,528,74,982,33,0.7208638042853026,0.8346452189436447
272,1565974800,818,389,-429,1207,33,-1.0505644531686118,1.2631451004570604
272,1565989200,872,343,-529,1215,33,-1.4027370689646186,1.2783806517997596
272,1566003600,246,106,-140,352,33,-0.032785593518152016,-0.36515444929391905
272,1566018000,0,2,2,2,33,0.4672995209121777,-1.03170982053701
272,1566032400,0,2,2,2,33,0.4672995209121777,-1.03170982053701
272,1566046800,1,4,3,5,33,0.4708212470701378,-1.0259964887834978
272,1566061200,3,4,1,7,33,0.46377779475421765,-1.022187600947823
272,1566075600,2,3,1,5,33,0.46377779475421765,-1.0259964887834978
272,1566090000,0,1,1,1,33,0.46377779475421765,-1.0336142644548474
272,1566104400,1,5,4,6,33,0.4743429732280979,-1.0240920448656605
272,1566118800,1,0,-1,1,33,0.4567343424382975,-1.0336142644548474
272,1566133200,1,2,1,3,33,0.46377779475421765,-1.0298053766191726
272,1566147600,1,1,0,2,33,0.46025606859625756,-1.03170982053701
272,1566162000,0,2,2,2,33,0.4672995209121777,-1.03170982053701
272,1566176400,0,2,2,2,33,0.4672995209121777,-1.03170982053701
272,1566190800,1,4,3,5,33,0.4708212470701378,-1.0259964887834978
272,1566205200,187,391,204,578,33,1.1786882048201115,0.06524987613733398
272,1566219600,420,372,-48,792,33,0.2912132130141743,0.4728008745545382
272,1566234000,724,276,-448,1000,33,-1.117477250169853,0.868925209464718
272,1566248400,1095,247,-848,1342,33,-2.526167713353881,1.5202450293651097
272,1566262800,271,74,-197,345,34,-0.15647114230299722,-0.3576732460958425
272,1566277200,22,23,1,45,34,0.49122125162021063,-0.9175791848220962
272,1566291600,169,354,185,523,34,1.0931172136498584,-0.02546238911826529
272,1566306000,437,426,-11,863,34,0.4519671671400162,0.6090976747714889
272,1566320400,662,317,-345,979,34,-0.6406048508920617,0.8255946377456403
272,1566334800,1109,258,-851,1367,34,-2.295818746473593,1.5497396518315951
272,1566349200,252,85,-167,337,34,-0.05833593110251118,-0.3726040711285426
272,1566363600,23,43,20,66,34,0.5533735520471852,-0.8783857691112584
272,1566378000,163,395,232,558,34,1.2468623778639532,0.03985997039979765
272,1566392400,397,496,99,893,34,0.8117962748751317,0.6650882686441143
272,1566406800,1231,598,-633,1829,34,-1.5827028784167279,2.411994797470026
272,1566421200,1220,385,-835,1605,34,-2.243479967166667,1.9939316965544231
272,1566435600,278,81,-197,359,34,-0.15647114230299722,-0.3315443022886173
272,1566450000,61,89,28,150,34,0.5795429417006481,-0.7216121062679074
272,1566464400,173,402,229,575,34,1.2370488567439044,0.07158797359428536
272,1566478800,441,439,-2,880,34,0.48140773050016206,0.6408256779659767
272,1566493200,760,331,-429,1091,34,-0.9153834422534227,1.0346261882034418
272,1566507600,1117,323,-794,1440,34,-2.1093618451926694,1.6859834302549837
272,1566522000,362,109,-253,471,34,-0.3396568698772378,-0.12251275183081593
272,1566536400,36,19,-17,55,34,0.432340124899919,-0.8989156535312212
272,1566550800,167,337,170,504,34,1.0440496080496153,-0.06092309857092802
272,1566565200,485,413,-72,898,34,0.2524255710323613,0.6744200342895519
272,1566579600,848,272,-576,1120,34,-1.3962459771358042,1.0887504289469796
272,1566594000,834,270,-564,1104,34,-1.35699189265561,1.0588887788815795
272,1566608400,218,79,-139,297,34,0.03325693268460913,-0.4472581962920431
272,1566622800,0,1,1,1,34,0.49122125162021063,-0.9996987225019468
272,1566637200,1,3,2,4,34,0.4944924253268935,-0.9940996631146842
272,1566651600,2,1,-1,3,34,0.4846789042068449,-0.9959660162437718
272,1566666000,1,0,-1,1,34,0.4846789042068449,-0.9996987225019468
272,1566680400,1,1,0,2,34,0.4879500779135278,-0.9978323693728592
272,1566694800,1,2,1,3,34,0.49122125162021063,-0.9959660162437718
272,1566709200,0,0,0,0,34,0.4879500779135278,-1.0015650756310344
272,1566723600,1,0,-1,1,34,0.4846789042068449,-0.9996987225019468
272,1566738000,1,0,-1,1,34,0.4846789042068449,-0.9996987225019468
272,1566752400,1,2,1,3,34,0.49122125162021063,-0.9959660162437718
272,1566766800,0,1,1,1,34,0.49122125162021063,-0.9996987225019468
272,1566781200,1,0,-1,1,34,0.4846789042068449,-0.9996987225019468
272,1566795600,0,6,6,6,34,0.507577120153625,-0.9903669568565092
272,1566810000,202,441,239,643,34,1.2697605938107333,0.1984999863722362
272,1566824400,482,468,-14,950,34,0.44215364601996765,0.7714703970021025
272,1566838800,801,300,-501,1101,34,-1.1509079491345893,1.053289719494317
272,1566853200,1171,293,-878,1464,34,-2.3841404365540306,1.730775905353084
272,1566867600,291,94,-197,385,35,-0.159970539425694,-0.47864298225218743
272,1566882000,33,19,-14,52,35,0.5053614768220788,-1.2176914200727984
272,1566896400,171,457,286,628,35,1.5960697001790833,0.06066263453582601
272,1566910800,503,447,-56,950,35,0.35266232555209814,0.7752980608968973
272,1566925200,842,358,-484,1200,35,-1.2034147397705617,1.3301392304318904
272,1566939600,1292,329,-963,1621,35,-2.9449122030639123,2.264491759928819
272,1566954000,294,114,-180,408,35,-0.0981637401021304,-0.42759759465496805
272,1566968400,24,25,1,49,35,0.559896887989929,-1.2243495141072183
272,1566982800,172,427,255,599,35,1.4833631837655261,-0.0036989411302332043
272,1566997200,570,518,-52,1088,35,0.36720510186352484,1.0815703864802135
272,1567011600,889,389,-500,1278,35,-1.2615858450162685,1.5032496753268083
272,1567026000,1274,335,-939,1609,35,-2.857655545195352,2.2378593837911396
272,1567040400,271,70,-201,341,35,-0.17451331573712073,-0.5762950280903463
272,1567054800,22,26,4,48,35,0.570803970223499,-1.2265688787853584
272,1567069200,200,457,257,657,35,1.4906345719212395,0.12502421020188523
272,1567083600,488,477,-11,965,35,0.5162685590556488,0.8085885310689969
272,1567098000,839,413,-426,1252,35,-0.9925444832548741,1.445546193695169
272,1567112400,1175,384,-791,1559,35,-2.319572821672563,2.1268911498841407
272,1567126800,301,114,-187,415,35,-0.12361359864712718,-0.41206204190798823
272,1567141200,39,24,-15,63,35,0.5017257827442221,-1.1932784086132586
272,1567155600,169,366,197,535,35,1.2724929272498386,-0.14573828053119148
272,1567170000,500,449,-51,949,35,0.37084079594138153,0.7730786962187574
272,1567184400,870,390,-480,1260,35,-1.188871963459135,1.463301111120289
272,1567198800,740,254,-486,994,35,-1.210686127926275,0.8729501067350561
272,1567213200,284,141,-143,425,35,0.03635694077856682,-0.3898683951265885
272,1567227600,74,40,-34,114,35,0.4326475952649451,-1.0800908100281201
272,1567242000,81,101,20,182,35,0.628975075469206,-0.9291740119146019
272,1567256400,299,233,-66,532,35,0.3163053847735313,-0.1523963745656114
272,1567270800,397,227,-170,624,35,-0.06180679932356359,0.05178517582326612
272,1567285200,369,183,-186,552,35,-0.11997790456927049,-0.10800908100281194
272,1567299600,172,144,-28,316,35,0.4544617597320852,-0.6317791450438456
272,1567314000,58,23,-35,81,35,0.42901190118708843,-1.1533298444067392
272,1567328400,56,73,17,129,35,0.6180679932356359,-1.0468003398560204
272,1567342800,250,145,-105,395,35,0.17451331573712073,-0.4564493354707877
272,1567357200,339,212,-127,551,35,0.09452804602427373,-0.1102284456809519
272,1567371600,307,223,-84,530,35,0.25086289137211104,-0.15683510392189134
272,1567386000,176,133,-43,309,35,0.399926348564235,-0.6473146977908254
272,1567400400,40,22,-18,62,35,0.490818700510652,-1.1954977732913987
272,1567414800,76,86,10,162,35,0.5926181346906391,-0.9735613054774014
272,1567429200,250,147,-103,397,35,0.18178470389283408,-0.4520106061145077
272,1567443600,294,181,-113,475,35,0.14542776311426728,-0.2789001612195898
272,1567458000,336,151,-185,487,35,-0.11634221049141381,-0.25226778508191017
272,1567472400,195,99,-96,294,36,0.22178048505821468,-0.8060916832513239
272,1567486800,20,27,7,47,36,0.49963231777232897,-1.2439821960045958
272,1567501200,238,470,232,708,36,1.1065902047691805,-0.07213754446648747
272,1567515600,488,535,47,1023,36,0.6075359421273248,0.48630582200023587
272,1567530000,799,425,-374,1224,36,-0.5281497042090064,0.842645874888526
272,1567544400,1302,379,-923,1681,36,-2.009126948481324,1.6528319652862802
272,1567558800,341,92,-249,433,36,-0.1909508780996444,-0.5596674675723571
272,1567573200,23,13,-10,36,36,0.45377327742145573,-1.2634833929288307
272,1567587600,168,470,302,638,36,1.2954215473904231,-0.19623607034798154
272,1567602000,447,598,151,1045,36,0.8880853654503139,0.5253082158487055
272,1567616400,837,385,-452,1222,36,-0.7385617717012483,0.8391002027204834
272,1567630800,1381,394,-987,1775,36,-2.1817727474493176,1.8194785571842866
272,1567645200,349,102,-247,451,36,-0.1855556968818946,-0.5277564180599729
272,1567659600,27,19,-8,46,36,0.4591684586392055,-1.2457550320886173
272,1567674000,229,490,261,719,36,1.1848203324265525,-0.05263634754225269
272,1567688400,482,528,46,1010,36,0.6048383515184499,0.46325895290795843
272,1567702800,881,497,-384,1378,36,-0.5551256102977553,1.1156626318278131
272,1567717200,1345,479,-866,1824,36,-1.855364283775455,1.9063475253013324
272,1567731600,382,100,-282,482,36,-0.27997136819251595,-0.4727984994553112
272,1567746000,28,15,-13,43,36,0.445680505594831,-1.2510735403406812
272,1567760400,229,439,210,668,36,1.0472432113739327,-0.14305098782734124
272,1567774800,571,511,-60,1082,36,0.31889374697771095,0.5909031509574952
272,1567789200,959,403,-556,1362,36,-1.0191111950242375,1.0872972544834716
272,1567803600,1130,442,-688,1572,36,-1.3751931553957237,1.4595928321279537
272,1567818000,329,187,-142,516,36,0.09769131704996946,-0.41252207259858553
272,1567832400,76,28,-48,104,36,0.3512648342842097,-1.1429305392153792
272,1567846800,63,139,76,202,36,0.6857660697846968,-0.9691926029812875
272,1567861200,312,296,-16,608,36,0.43758773376820637,-0.24942115286862188
272,1567875600,470,305,-165,775,36,0.03564673304584686,0.04664247316294258
272,1567890000,432,244,-188,676,36,-0.026397850958275744,-0.12886829915517048
272,1567904400,235,154,-81,389,36,0.26224434419133813,-0.6376722552692962
272,1567918800,96,28,-68,124,36,0.29731302210671173,-1.1074738175349523
272,1567933200,51,72,21,123,36,0.5373985862965774,-1.1092466536189738
272,1567947600,195,195,0,390,36,0.4807491835102047,-0.6358994191852748
272,1567962000,331,259,-72,590,36,0.28652265967121215,-0.28133220238100604
272,1567976400,310,184,-126,494,36,0.1408527667919678,-0.4515244664470551
272,1567990800,169,72,-97,241,36,0.2190828944493398,-0.9000519957044552
272,1568005200,17,18,1,35,36,0.48344677411907955,-1.265256229012852
272,1568019600,218,470,252,688,36,1.1605420169466785,-0.10759426614691435
272,1568034000,535,599,64,1134,36,0.653394982478198,0.6830906273266051
272,1568048400,849,436,-413,1285,36,-0.6333557379551273,0.950788876013828
272,1568062800,1926,382,-1544,2308,36,-3.6843307165926342,2.764400189967663
272,1568077200,371,90,-281,461,37,-0.3039596378734288,-0.5147379726744211
272,1568091600,31,21,-10,52,37,0.45515773463815834,-1.2592031639100332
272,1568106000,199,517,318,716,37,1.373941860777644,-0.05058485833436959
272,1568120400,504,572,68,1076,37,0.673649081707914,0.6046901266162914
272,1568134800,863,461,-402,1324,37,-0.642901342943178,1.0561017829156356
272,1568149200,1466,415,-1051,1881,37,-2.4608613974081965,2.0699578012976305
272,1568163600,402,92,-310,494,37,-0.3851936002455174,-0.4546710990539439
272,1568178000,42,21,-21,63,37,0.42434485235909025,-1.2391808727032074
272,1568192400,218,511,293,729,37,1.3039125828706708,-0.02692215054448461
272,1568206800,576,622,46,1198,37,0.6120233171497779,0.8267555381829044
272,1568221200,908,433,-475,1341,37,-0.8473868344315391,1.087045323871639
272,1568235600,1513,436,-1077,1949,37,-2.5336918464314486,2.1937319651216445
272,1568250000,373,109,-264,482,37,-0.25633972889668716,-0.47651359855229924
272,1568264400,35,21,-14,56,37,0.44395305017304265,-1.2519223307439147
272,1568278800,208,504,296,712,37,1.3123160962195077,-0.057865691500488044
272,1568293200,551,616,65,1167,37,0.6652455683590773,0.7703290811454863
272,1568300895,398,197,-201,595,37,-0.07986594857111523,-0.2708300616094529
272,1568307600,520,368,-152,888,37,0.05739143612655182,0.262490967808724
272,1568322000,1439,451,-988,1890,37,-2.2843876170826247,2.0863396759213972
272,1568336400,368,117,-251,485,37,-0.2199245043850612,-0.47105297367771043
272,1568350800,38,19,-19,57,37,0.4299471945916481,-1.2501021224523852
272,1568365200,197,440,243,637,37,1.163854027056725,-0.19438131336520909
272,1568379600,529,586,57,1115,37,0.642836199428846,0.6756782499859464
272,1568394000,994,425,-569,1419,37,-1.1106969193617575,1.229021570610949
272,1568408400,1203,340,-863,1543,37,-1.9342412275477598,1.454727398760621
272,1568422800,296,152,-144,448,37,0.07980080505678318,-0.5384006804643061
272,1568437200,67,26,-41,93,37,0.36832143003351187,-1.1845746239573192
272,1568451600,62,128,66,190,37,0.6680467394753562,-1.0080144196789464
272,1568466000,244,261,17,505,37,0.5307893547776892,-0.4346488078471181
272,1568480400,464,294,-170,758,37,0.006970356033531272,0.025863889909874194
272,1568494800,389,259,-130,648,37,0.11901720068468805,-0.17435902215838334
272,1568509200,195,134,-61,329,37,0.3122980077079335,-0.7550054671563302
272,1568523600,66,23,-43,89,37,0.362719087800954,-1.1918554571234374
272,1568538000,47,71,24,118,37,0.5503975525916416,-1.1390694166690787
272,1568552400,182,190,8,372,37,0.5055788147311789,-0.6767365106205567
272,1568566800,336,261,-75,597,37,0.2730816120800286,-0.26718964502639364
272,1568581200,314,169,-145,483,37,0.07699963394050426,-0.4746933902607696
272,1568595600,166,64,-102,230,37,0.19744999194049778,-0.935206088017762
272,1568610000,26,21,-5,47,37,0.46916359021955295,-1.2683042053676814
272,1568624400,197,484,287,681,37,1.2871055561729974,-0.11429214853790608
272,1568638800,491,553,62,1044,37,0.6568420550102405,0.5464434612873438
272,1568653200,828,406,-422,1234,37,-0.6989247652687564,0.8922830366779704
272,1568667600,1384,403,-981,1787,37,-2.264779419268672,1.898858221893847
272,1568682000,319,80,-239,399,38,-0.06858249240632687,-0.6016356418976334
272,1568696400,28,11,-17,39,38,0.587950525249311,-1.242973128184451
272,1568710800,200,398,198,598,38,1.2237820513572486,-0.24711853142242046
272,1568725200,533,486,-47,1019,38,0.49922984718773833,0.5028900289296633
272,1568739600,870,327,-543,1197,38,-0.9676186967635968,0.8199957860381453
272,1568754000,1441,382,-1059,1823,38,-2.4936143594226468,1.935210414970222
272,1568768400,391,71,-320,462,38,-0.3081283231725731,-0.48940158179744037
272,1568782800,30,24,-6,54,38,0.6204814405385544,-1.2162507329225
272,1568797200,212,414,202,626,38,1.2356114750987917,-0.19723672693344577
272,1568811600,538,476,-62,1014,38,0.454869508156952,0.4939825638423464
272,1568826000,927,422,-505,1349,38,-0.855239171218938,1.0907827246925792
272,1568840400,1481,392,-1089,1873,38,-2.5823350374842193,2.024285065843391
272,1568854800,385,92,-293,477,38,-0.2282797129171577,-0.4626791865354897
272,1568869200,38,21,-17,59,38,0.587950525249311,-1.2073432678351832
272,1568883600,204,395,191,599,38,1.2030805598095484,-0.24533703840495708
272,1568898000,495,537,42,1032,38,0.7624345254370707,0.5260494381566873
272,1568912400,917,351,-566,1268,38,-1.035637883277469,0.9464817902780454
272,1568926800,1403,708,-695,2111,38,-1.4171367989422317,2.448280403999676
272,1568941200,443,115,-328,558,38,-0.33178717065565916,-0.3183782521209557
272,1568955600,29,16,-13,45,38,0.5997799489908541,-1.2322841700796705
272,1568970000,205,499,294,704,38,1.5076882211542812,-0.05828027157130198
272,1568984400,524,573,49,1097,38,0.783136016984771,0.6418464842918071
272,1568998800,939,389,-550,1328,38,-0.9883201883112971,1.0533713713258483
272,1569013200,1135,332,-803,1467,38,-1.7365312399638932,1.3009989007532583
272,1569027600,364,117,-247,481,38,-0.09224133988941291,-0.4555532144656361
272,1569042000,67,21,-46,88,38,0.502187203123124,-1.1556799703287453
272,1569056400,73,81,8,154,38,0.6618844236339549,-1.038101431176162
272,1569070800,177,202,25,379,38,0.7121594745355128,-0.637265502246901
272,1569085200,688,352,-336,1040,38,-0.3554460181387452,0.5403013822963944
272,1569099600,440,170,-270,610,38,-0.1602605264032853,-0.22574061521285987
272,1569114000,213,84,-129,297,38,0.2567266604861063,-0.7833479296788984
272,1569128400,62,20,-42,82,38,0.5140166268646671,-1.1663689284335255
272,1569142800,61,57,-4,118,38,0.6263961524093259,-1.1022351798048438
272,1569157200,205,150,-55,355,38,0.4755709997046523,-0.6800213346660222
272,1569171600,356,174,-182,530,38,0.09998679591066124,-0.36826005660993044
272,1569186000,349,144,-205,493,38,0.031967609396788846,-0.43417529825607554
272,1569200400,199,54,-145,253,38,0.20940896551993424,-0.8617336224472871
272,1569214800,29,16,-13,45,38,0.5997799489908541,-1.2322841700796705
272,1569229200,210,452,242,662,38,1.353905712514222,-0.133102978304764
272,1569243600,551,523,-28,1074,38,0.5554196099600677,0.6008721448901493
272,1569258000,933,414,-519,1347,38,-0.8966421543143386,1.0872197386576525
272,1569272400,1339,397,-942,1736,38,-2.1476037149825133,1.780220522450908
272,1569286800,373,84,-289,457,39,-0.22595495461772708,-0.5431012076444632
272,1569301200,28,18,-10,46,39,0.5805452458728383,-1.276383416980304
272,1569315600,224,506,282,730,39,1.424624308751853,-0.05603054304912378
272,1569330000,664,569,-95,1233,39,0.3348372994868238,0.8413926961137179
272,1569344400,966,463,-503,1429,39,-0.844560843166046,1.1910844553103719
272,1569358800,1461,417,-1044,1878,39,-2.4084196548699737,1.9921640465312782
272,1569373200,405,83,-322,488,39,-0.3213474514499445,-0.4877928171592782
272,1569387600,29,20,-9,49,39,0.5834359275950267,-1.271030992094641
272,1569402000,231,508,277,739,39,1.410170900140911,-0.03997326839213457
272,1569416400,593,642,49,1235,39,0.7510954674819543,0.8449609793708266
272,1569430800,1027,496,-531,1523,39,-0.9254999313873213,1.3587937683944815
272,1569445200,1481,466,-1015,1947,39,-2.32458988492651,2.115269818901529
272,1569459600,420,73,-347,493,39,-0.39361449450465463,-0.47887210901650645
272,1569474000,41,17,-24,58,39,0.5400757017622007,-1.2549737174376518
272,1569488400,218,496,278,714,39,1.4130615818630994,-0.0845768091059935
272,1569502800,566,617,51,1183,39,0.7568768309263312,0.752185614686
272,1569517200,1015,424,-591,1439,39,-1.0989408347186258,1.2089258715959155
272,1569531600,1458,434,-1024,1892,39,-2.3506060204262056,2.017142029331039
272,1569546000,390,93,-297,483,39,-0.24908040839523432,-0.49671352530205
272,1569560400,57,19,-38,76,39,0.4996061576515629,-1.2228591681236733
272,1569574800,208,428,220,636,39,1.2454020419761718,-0.22373985613323336
272,1569589200,512,566,54,1078,39,0.7655488760928963,0.5648507436877925
272,1569603600,1020,430,-590,1450,39,-1.0960501529964373,1.2285514295100133
272,1569618000,1187,384,-803,1571,39,-1.711765359822568,1.4444325665650906
272,1569632400,348,160,-188,508,39,0.06600389932330197,-0.45210998458819107
272,1569646800,64,36,-28,100,39,0.528512974873447,-1.1800397690383688
272,1569661200,83,122,39,205,39,0.7221886502600702,-0.9927048980401613
272,1569675600,300,219,-81,519,39,0.37530684359746147,-0.43248442667409315
272,1569690000,475,227,-248,702,39,-0.1074370040080024,-0.10598650864864578
272,1569704400,470,181,-289,651,39,-0.22595495461772708,-0.196977731704918
272,1569718800,230,125,-105,355,39,0.3059304822649397,-0.7250836537570077
272,1569733200,85,21,-64,106,39,0.4244484328746644,-1.1693349192670426
272,1569747600,58,63,5,121,39,0.6239054717056643,-1.1425727948387272
272,1569762000,222,159,-63,381,39,0.42733911459685275,-0.6786959714145945
272,1569776400,364,192,-172,556,39,0.11225480687831647,-0.3664711864175819
272,1569790800,366,154,-212,520,39,-0.00337246200921978,-0.4307002850455388
272,1569805200,183,71,-112,254,39,0.28569571020962087,-0.9052819582409978
272,1569819600,26,25,-1,51,39,0.6065613813725339,-1.2674627088375323
272,1569834000,172,402,230,574,39,1.2743088591980558,-0.3343566371036035
272,1569848400,499,475,-24,974,39,0.5400757017622007,0.37930001431813937
272,1569862800,770,327,-443,1097,39,-0.6711199398347416,0.5987494346303253
272,1569877200,1128,350,-778,1478,39,-1.6394983167678576,1.2785073951095354
272,1569891600,95,90,-5,185,40,0.4948787101753136,-0.9133790124943871
272,1569906000,11,22,11,33,40,0.5397372810054343,-1.1796284650705764
272,1569920400,170,401,231,571,40,1.1565426299195931,-0.23724553424169614
272,1569934800,493,500,7,993,40,0.528522638297904,0.5019470248843028
272,1569949200,793,388,-405,1181,40,-0.6265855605777028,0.8312555583337999
272,1569963600,1292,386,-906,1678,40,-2.0312195596958555,1.701821202612524
272,1569978000,117,100,-17,217,40,0.4612347820527231,-0.8573264961625578
272,1569992400,0,5,5,5,40,0.522915316944139,-1.228674416860927
272,1569992401,13,23,10,36,40,0.5369336203285517,-1.1743735416644674
272,1570006800,241,468,227,709,40,1.145327987212063,0.004480942439317726
272,1570021200,610,515,-95,1125,40,0.24254924925588492,0.7331636547530986
272,1570035600,964,399,-565,1363,40,-1.0751712688789092,1.150054244971079
272,1570050000,1495,354,-1141,1849,40,-2.6900798187632526,2.0013518367607364
272,1570064400,147,115,-32,262,40,0.41917987189948497,-0.7785026450709229
272,1570078800,17,31,14,48,40,0.5481482630360819,-1.1533538480400314
272,1570093200,205,462,257,667,40,1.2294378075185393,-0.06908798524620824
272,1570107600,613,584,-29,1197,40,0.42759085393013263,0.8592818164997146
272,1570122000,1004,414,-590,1418,40,-1.1452627858009727,1.2463945074164107
272,1570136400,1483,432,-1051,1915,40,-2.437750357843824,2.1169601516951344
272,1570150800,164,117,-47,281,40,0.3771249617462469,-0.7452214634988992
272,1570165200,12,21,9,33,40,0.5341299596516692,-1.1796284650705764
272,1570179600,191,430,239,621,40,1.1789719153346536,-0.14966347747321287
272,1570194000,608,485,-123,1093,40,0.16404675030317378,0.6771111384212694
272,1570208400,1025,388,-637,1413,40,-1.2770348376144522,1.2376363017395624
272,1570222800,1227,376,-851,1603,40,-1.877018222467316,1.5704481174597988
272,1570237200,294,137,-157,431,40,0.06872228728916739,-0.48247529319344934
272,1570251600,66,25,-41,91,40,0.3939469258075421,-1.0780332792191358
272,1570266000,92,130,38,222,40,0.6154361192812629,-0.8485682904857095
272,1570280400,328,232,-96,560,40,0.23974558857900238,-0.25651358673076247
272,1570294800,493,302,-191,795,40,-0.026602175724839,0.15512208008110898
272,1570309200,397,264,-133,661,40,0.13601014353434837,-0.07959783205842623
272,1570323600,223,115,-108,338,40,0.20610166045641187,-0.6453779187828282
272,1570338000,68,18,-50,86,40,0.36871397971559927,-1.086791484895984
272,1570352400,42,73,31,115,40,0.5958104945430851,-1.0359938919702638
272,1570366800,208,205,-3,413,40,0.5004860315290787,-0.5140048336301033
272,1570381200,354,226,-128,580,40,0.15002844691876108,-0.22148076402336916
272,1570395600,374,149,-225,523,40,-0.12192663873884539,-0.3213243087394401
272,1570410000,170,56,-114,226,40,0.18927969639511663,-0.8415617259442308
272,1570424400,25,20,-5,45,40,0.4948787101753136,-1.1586087714461404
272,1570438800,212,449,237,661,40,1.1733645939808885,-0.07959783205842623
272,1570453200,520,577,57,1097,40,0.6687056721420311,0.6841177029627481
272,1570467600,848,422,-426,1270,40,-0.6854624347922361,0.9871516193817003
272,1570482000,1387,380,-1007,1767,40,-2.314389288060992,1.857717263660424
272,1570496400,389,100,-289,489,41,-0.27574869983688693,-0.48473239557620995
272,1570510800,27,22,-5,49,41,0.5987874585397118,-1.3273487694120072
272,1570525200,210,407,197,617,41,1.2208166979484194,-0.23960763227852347
272,1570539600,548,594,46,1142,41,0.7558344447270587,0.7657869046846437
272,1570554000,1043,406,-637,1449,41,-1.3473634291152545,1.3537033291564387
272,1570568400,1393,398,-995,1791,41,-2.4497716850970233,2.0086460560924446
272,1570582800,358,131,-227,489,41,-0.08482883427579849,-0.48473239557620995
272,1570597200,26,29,3,55,41,0.6234222799024329,-1.3158585461324281
272,1570611600,185,409,224,594,41,1.3039592200476031,-0.2836534881835765
272,1570626000,543,543,0,1086,41,0.6141842218914125,0.6585448207419059
272,1570640400,788,415,-373,1203,41,-0.5344143241454584,0.8826041746936975
272,1570654800,1195,389,-806,1584,41,-1.8677740304027375,1.6122333529469675
272,1570669200,307,131,-176,438,41,0.07221815191154847,-0.582399293452632
272,1570683600,40,31,-9,71,41,0.5864700478583512,-1.2852179507202175
272,1570698000,212,468,256,680,41,1.4024985054984873,-0.11896028784294341
272,1570712400,608,615,7,1223,41,0.6357396905837934,0.920904918958961
272,1570726800,937,374,-563,1311,41,-1.1194913315100843,1.0894281937261205
272,1570741200,1550,465,-1085,2015,41,-2.7269134254276355,2.437614391863396
272,1570755600,465,142,-323,607,41,-0.3804466906284516,-0.2587580044111552
272,1570770000,58,29,-29,87,41,0.5248829944515485,-1.2545773553080066
272,1570784400,187,377,190,564,41,1.1992612292560385,-0.3411046045814718
272,1570798800,575,533,-42,1108,41,0.48485140973712676,0.7006756394336958
272,1570813200,985,428,-557,1413,41,-1.1010152154880435,1.2847619894789644
272,1570827600,1171,395,-776,1566,41,-1.7753934502925335,1.5777626831082303
272,1570842000,345,146,-199,491,41,0.001393040493725333,-0.4809023211496836
272,1570856400,73,27,-46,100,41,0.4725339990557662,-1.2296818715355853
272,1570870800,80,123,43,203,41,0.7465963867160383,-1.0324330385694782
272,1570885200,312,281,-31,593,41,0.5187242891108682,-0.2855685253968397
272,1570899600,583,239,-344,822,41,-0.44511309670559446,0.15297499644042753
272,1570914000,506,195,-311,701,41,-0.34349445858436994,-0.07874450636441672
272,1570928400,247,162,-85,409,41,0.3524392449125009,-0.637935372637264
272,1570942800,67,32,-35,99,41,0.5064068784295077,-1.2315969087488485
272,1570957200,74,50,-24,124,41,0.5402797578032492,-1.183720978417269
272,1570971600,275,187,-88,462,41,0.3432011869014805,-0.5364384003343157
272,1570986000,430,200,-230,630,41,-0.0940668922868189,-0.21471214850610218
272,1571000400,362,183,-179,545,41,0.06298009390052806,-0.37749031163347213
272,1571014800,214,99,-115,313,41,0.2600586648022968,-0.8217789451105288
272,1571029200,40,24,-16,64,41,0.5649145791659703,-1.2986232112130596
272,1571043600,159,405,246,564,41,1.3717049787950861,-0.3411046045814718
272,1571058000,465,502,37,967,41,0.7281202706939975,0.430655392363588
272,1571072400,699,377,-322,1076,41,-0.37736733795811145,0.6393944486092742
272,1571086800,1042,333,-709,1375,41,-1.5690768213797444,1.2119905753749636
272,1571101200,351,78,-273,429,42,-0.12972514429742152,-0.595431935897995
272,1571115600,36,19,-17,55,42,0.5648987359246286,-1.2528932636841408
272,1571130000,205,418,213,623,42,1.1889748783116267,-0.2543958460837912
272,1571144400,579,515,-64,1094,42,0.43737013291511156,0.5735835266094564
272,1571158800,942,401,-541,1343,42,-0.8569095189048802,1.011305105803976
272,1571173200,1448,442,-1006,1890,42,-2.1186286763394633,1.972886245640932
272,1571187600,434,112,-322,546,42,-0.2626804963711733,-0.3897555312162329
272,1571202000,26,26,0,52,42,0.6110261029706241,-1.2581670176503397
272,1571216400,208,455,247,663,42,1.2812296124036178,-0.18407912653447078
272,1571230800,559,567,8,1126,42,0.6327330992275632,0.6298369022489128
272,1571245200,1046,452,-594,1498,42,-1.0007183691071015,1.2837823940575923
272,1571259600,1634,472,-1162,2106,42,-2.5419151033497753,2.352596531207262
272,1571274000,401,121,-280,522,42,-0.14871876602224318,-0.43194556294582515
272,1571288400,32,21,-11,53,42,0.5811789831173328,-1.2564090996616066
272,1571302800,220,451,231,671,42,1.2378156198897394,-0.1700157826246067
272,1571317200,547,571,24,1118,42,0.6761470917414413,0.6157735583390487
272,1571331600,1011,462,-549,1473,42,-0.8786165151618193,1.239834444339267
272,1571346000,1476,392,-1084,1868,42,-2.3302718898446195,1.9342120498888058
272,1571360400,460,133,-327,593,42,-0.27624736903176017,-0.3071333857457815
272,1571374800,47,28,-19,75,42,0.5594719868603938,-1.2177349039094805
272,1571389200,203,428,225,631,42,1.2215353726970353,-0.2403325021739271
272,1571403600,584,507,-77,1091,42,0.4020962639975856,0.5683097726432573
272,1571418000,962,371,-591,1333,42,-0.9925782455107494,0.9937259259166458
272,1571432400,1263,368,-895,1631,42,-1.817444103274434,1.5175854865590825
272,1571446800,360,122,-238,482,42,-0.034757035673313105,-0.5022622824951456
272,1571461200,71,18,-53,89,42,0.46721725276840276,-1.1931240520672184
272,1571475600,85,189,104,274,42,0.8932170543108319,-0.8679092241516115
272,1571490000,287,290,3,577,42,0.6191662265669762,-0.33526007356550963
272,1571504400,483,235,-248,718,42,-0.06189078099448694,-0.08739363715415525
272,1571518800,415,245,-170,660,42,0.14975243251066894,-0.1893528805006698
272,1571533200,259,154,-105,413,42,0.3261217770982988,-0.6235586237177232
272,1571547600,72,27,-45,99,42,0.4889242490253418,-1.1755448721798882
272,1571562000,52,60,8,112,42,0.6327330992275632,-1.1526919383263592
272,1571576400,226,168,-58,394,42,0.45365038010781583,-0.6569590655036505
272,1571590800,374,251,-123,625,42,0.27728103552018596,-0.25088001010632516
272,1571605200,373,123,-250,496,42,-0.06731753005872171,-0.4776514306528834
272,1571619600,155,42,-113,197,42,0.30441478084135976,-1.0032689092840534
272,1571634000,19,14,-5,33,42,0.5974592303100371,-1.291567459436267
272,1571648400,206,425,219,631,42,1.205255125504331,-0.2403325021739271
272,1571662800,505,528,23,1033,42,0.6734337172093239,0.4663505292967428
272,1571677200,879,340,-539,1219,42,-0.8514827698406454,0.7933232752010826
272,1571691600,1356,352,-1004,1708,42,-2.1132019272752287,1.6529451716915244
272,1571706000,136,81,-55,217,43,0.3939894928303351,-0.9245373584660552
272,1571720400,12,24,12,36,43,0.5885641563657094,-1.2452900510116445
272,1571734800,193,454,261,647,43,1.3116849208479213,-0.16252819937984864
272,1571749200,548,563,15,1111,43,0.597276454732965,0.659732846703872
272,1571763600,922,431,-491,1353,43,-0.8721978698774742,1.0885845129802953
272,1571778000,1471,397,-1074,1868,43,-2.565287852580806,2.0012233895602867
272,1571792400,168,95,-73,263,43,0.3417157026268017,-0.8430200995870657
272,1571806800,8,27,19,35,43,0.6088928525559724,-1.2470621653351008
272,1571821200,248,409,161,657,43,1.021274975272736,-0.1448070561452857
272,1571835600,551,549,-2,1100,43,0.5479067639851835,0.6402395891458528
272,1571850000,968,455,-513,1423,43,-0.936088057904015,1.212632515622236
272,1571864400,1462,414,-1048,1876,43,-2.4897812667312578,2.015400304147937
272,1571878800,179,114,-65,293,43,0.3649484982728165,-0.7898566698833769
272,1571893200,18,28,10,46,43,0.5827559574542057,-1.2275689077770817
272,1571907600,240,455,215,695,43,1.178096345883336,-0.0774667118539465
272,1571922000,592,537,-55,1129,43,0.3939894928303351,0.6916309045260853
272,1571936400,935,400,-535,1335,43,-0.9999782459305557,1.056686455158082
272,1571950800,1332,444,-888,1776,43,-2.025125353810961,1.8381888718023076
272,1571965200,156,102,-54,258,43,0.3968935922860869,-0.8518806712043472
272,1571979600,17,24,7,41,43,0.5740436590869501,-1.236429479394363
272,1571994000,185,444,259,629,43,1.3058767219364176,-0.19442625720206194
272,1572008400,528,454,-74,982,43,0.3388116031710498,0.43113009897801
272,1572022800,925,365,-560,1290,43,-1.0725807323243521,0.9769413106025487
272,1572037200,1213,374,-839,1587,43,-1.8828244804791199,1.5032592646690681
272,1572051600,318,128,-190,446,43,0.001936066303834543,-0.5187231783945638
272,1572066000,69,28,-41,97,43,0.43464688521086103,-1.1371910772808107
272,1572080400,77,114,37,191,43,0.6611666427595058,-0.9706123308759189
272,1572094800,334,261,-73,595,43,0.3417157026268017,-0.25467814419957596
272,1572109200,580,248,-332,828,43,-0.410446056412929,0.15822449316574067
272,1572123600,483,218,-265,701,43,-0.21587139287755464,-0.06683402591320874
272,1572138000,244,133,-111,377,43,0.23135992330823116,-0.6409990667130482
272,1572152400,106,22,-84,128,43,0.30977060861353123,-1.0822555332536654
272,1572166800,50,70,20,120,43,0.6117969520117242,-1.0964324478413159
272,1572181200,242,221,-21,463,43,0.4927288743258982,-0.4885972348958068
272,1572195600,380,247,-133,627,43,0.16746973528169032,-0.19797048584897453
272,1572210000,363,215,-148,578,43,0.12390824344541249,-0.28480408769833293
272,1572224400,187,56,-131,243,43,0.17327793419319404,-0.8784623860561916
272,1572238800,28,22,-6,50,43,0.536290366162176,-1.2204804504832565
272,1572253200,227,466,239,693,43,1.2477947328213805,-0.0810109405008591
272,1572267600,561,581,20,1142,43,0.6117969520117242,0.7146683907310172
272,1572282000,946,402,-544,1348,43,-1.0261151410323224,1.0797239413630138
272,1572296400,1315,437,-878,1752,43,-1.9960843592534423,1.7956581280393569
272,1572310800,354,97,-257,451,44,-0.30436251297940875,-0.4009053108820057
272,1572325200,31,19,-12,50,44,0.4347048321863659,-1.0677988744337166
272,1572339600,225,450,225,675,44,1.1496393660814213,-0.02837623797531438
272,1572354000,570,662,92,1232,44,0.7484313787057152,0.8979572156364136
272,1572368400,984,493,-491,1477,44,-1.0102472426479447,1.3054108891281073
272,1572382800,1561,457,-1104,2018,44,-2.859423906266801,2.2051351232465004
272,1572397200,341,124,-217,465,44,-0.18369845662581288,-0.37762224382533754
272,1572411600,40,19,-21,59,44,0.40755541950680685,-1.0528311884687156
272,1572426000,213,451,238,664,44,1.18885518439634,-0.046670076376982256
272,1572440400,586,587,1,1173,44,0.47392065050128457,0.7998357187547405
272,1572454800,915,471,-444,1386,44,-0.8684669764324695,1.154070953259764
272,1572469200,1445,418,-1027,1863,44,-2.627145597786129,1.9473583094048166
272,1572483600,414,110,-304,524,44,-0.4461427791948839,-0.27950074694366434
272,1572498000,34,21,-13,55,44,0.431688230777526,-1.0594834933420494
272,1572512400,196,503,307,699,44,1.3970006816062928,0.011537591264688264
272,1572526800,572,630,58,1202,44,0.6458669308051587,0.8480649290864104
272,1572541200,974,434,-540,1408,44,-1.1580607116810995,1.1906586300630997
272,1572555600,1263,371,-892,1634,44,-2.219904407592743,1.566513855406458
272,1572557927,113,55,-58,168,44,0.29594116737973064,-0.8715558806703703
272,1572558007,4,0,-4,4,44,0.45883764345708505,-1.144300380477055
272,1572558087,2,0,-2,2,44,0.4648708462747649,-1.1476265329137219
272,1572558168,6,3,-3,9,44,0.46185424486592497,-1.1359849993853877
272,1572558248,2,7,5,9,44,0.4859870561366441,-1.1359849993853877
272,1572558328,2,0,-2,2,44,0.4648708462747649,-1.1476265329137219
272,1572570000,231,153,-78,384,44,0.23560913920293272,-0.5123314175103465
272,1572584400,76,32,-44,108,44,0.3381735871034892,-0.9713404537703768
272,1572598800,205,467,262,672,44,1.2612536182084975,-0.033365466630314713
272,1572613200,576,560,-16,1136,44,0.4226384265510063,0.7383018986764031
272,1572627600,986,452,-534,1438,44,-1.13996110322806,1.240550916613103
272,1572642000,1178,474,-704,1652,44,-1.6527833427308427,1.5964492273364599
272,1572656400,300,164,-136,464,44,0.06064625749021872,-0.37928532004367094
272,1572670800,61,26,-35,87,44,0.3653229997830483,-1.0062650543553793
272,1572685200,65,157,92,222,44,0.7484313787057152,-0.7817497648803643
272,1572699600,335,309,-26,644,44,0.39247241246260733,-0.07993160074365113
272,1572714000,547,343,-204,890,44,-0.14448263831089425,0.32918514896637596
272,1572728400,460,235,-225,695,44,-0.20783126789653206,0.0048852863913544904
272,1572742800,222,115,-107,337,44,0.14812769834657571,-0.5904959997720183
272,1572753600,65,27,-38,92,44,0.3562731955565286,-0.997949673263712
272,1572768000,62,52,-10,114,44,0.4407380350040457,-0.9613619964603762
272,1572782400,207,204,-3,411,44,0.46185424486592497,-0.46742835961534346
272,1572796800,341,302,-39,643,44,0.3532565941476887,-0.08159467696198457
272,1572811200,416,334,-82,750,44,0.22354273356757315,0.09635447839969388
272,1572825600,213,80,-133,293,44,0.06969606171673841,-0.6636713533786898
272,1572840000,45,18,-27,63,44,0.3894558110537675,-1.0461788835953818
272,1572854400,81,223,142,304,44,0.8992614491477099,-0.6453775149770219
272,1572868800,545,778,233,1323,44,1.1737721773521406,1.049297151504757
272,1572883200,747,452,-295,1199,44,-0.4189933665153248,0.84307570043141
272,1572897600,1545,524,-1021,2069,44,-2.6090459893330897,2.289952010381506
272,1572912000,538,125,-413,663,45,-0.679435046336022,-0.2442008869339079
272,1572926400,45,32,-13,77,45,0.45273206122648246,-1.1924924977286917
272,1572940800,95,275,180,370,45,0.9990026906253909,-0.7183466923312999
272,1572955200,559,812,253,1371,45,1.2056231877555479,0.901516622353988
272,1572969600,814,514,-300,1328,45,-0.3595978384496145,0.8319320843605141
272,1572984000,1555,566,-989,2121,45,-2.3097556812260285,2.1152004245657423
272,1572998400,608,173,-435,781,45,-0.7417042372519598,-0.05324796871925858
272,1573012800,77,31,-46,108,45,0.35932827485257585,-1.142326900570606
272,1573027200,91,273,182,364,45,1.0046635261632035,-0.7280561627489939
272,1573041600,533,844,311,1377,45,1.369787418352111,0.911226092771682
272,1573056000,794,534,-260,1328,45,-0.24638112769336404,0.8319320843605141
272,1573070400,1561,566,-995,2127,45,-2.326738187839466,2.124909894983436
272,1573084800,597,177,-420,774,45,-0.6992479707183659,-0.06457568420656828
272,1573099200,57,18,-39,75,45,0.3791411992349197,-1.1957289878679231
272,1573113600,86,226,140,312,45,0.8857859798691404,-0.8122049063690089
272,1573128000,451,781,330,1232,45,1.4235653559613302,0.6765805576774095
272,1573142400,779,487,-292,1266,45,-0.3369544962983644,0.7316008900443425
272,1573156800,1612,517,-1095,2129,45,-2.6097799647300923,2.1281463851226676
272,1573171200,575,163,-412,738,45,-0.6766046285671158,-0.12283250671273248
272,1573185600,81,36,-45,117,45,0.36215869262148215,-1.127762694944065
272,1573200000,92,225,133,317,45,0.8659730554867966,-0.8041136810209305
272,1573214400,527,638,111,1165,45,0.8037038645708589,0.5681581380131595
272,1573228800,856,447,-409,1303,45,-0.6681133752603969,0.7914759576201222
272,1573243200,1369,554,-815,1923,45,-1.817262989436339,1.794787900781839
272,1573257600,462,213,-249,675,45,-0.21524653223539517,-0.22478194609851984
272,1573272000,108,32,-76,140,45,0.274415741785388,-1.0905430583429045
272,1573286400,47,68,21,115,45,0.5489662653692954,-1.1309991850832963
272,1573300800,248,332,84,580,45,0.7272825848103899,-0.3785152277120087
272,1573315200,515,369,-146,884,45,0.07628649796194974,0.11343127345115565
272,1573329600,541,324,-217,865,45,-0.12467316363039481,0.08268461712845789
272,1573344000,298,203,-95,501,45,0.22063780417616907,-0.5063565882116468
272,1573358400,110,35,-75,145,45,0.27724615955429427,-1.082451832994826
272,1573372800,42,53,11,95,45,0.5206620876802328,-1.1633640864756096
272,1573387200,181,192,11,373,45,0.5206620876802328,-0.7134919571224528
272,1573401600,376,274,-102,650,45,0.20082487979382524,-0.26523807283891165
272,1573416000,445,263,-182,708,45,-0.025608541718675666,-0.17137985880120266
272,1573430400,278,139,-139,417,45,0.09609942234429357,-0.6422891740593633
272,1573444800,59,19,-40,78,45,0.37631078146601343,-1.190874252659076
272,1573459200,82,205,123,287,45,0.837668877797734,-0.8526610331094007
272,1573473600,473,779,306,1252,45,1.3556353295075798,0.7089454590697231
272,1573488000,740,438,-302,1178,45,-0.365258673987427,0.5891953239181633
272,1573502400,1367,508,-859,1875,45,-1.9418013712682145,1.7171121374402867
272,1573516800,522,147,-375,669,46,-0.4829371826330638,-0.19617793245802256
272,1573531200,63,28,-35,91,46,0.41736868786303943,-1.1092177116664117
272,1573545600,91,202,111,293,46,0.8039706204878366,-0.7901276850226494
272,1573560000,488,700,212,1188,46,1.0714144231940321,0.623662284512832
272,1573574400,769,508,-261,1277,46,-0.18106992017260565,0.764251454667757
272,1573588800,1575,506,-1069,2081,46,-2.3206203418221687,2.034292946853821
272,1573603200,601,153,-448,754,46,-0.6762381489454624,-0.061907376692082995
272,1573617600,69,23,-46,92,46,0.3882411449940479,-1.1076380580691654
272,1573632000,87,272,185,359,46,0.9999195452428709,-0.6858705476043905
272,1573646400,525,815,290,1340,46,1.2779551817196086,0.8637696312942769
272,1573660800,842,491,-351,1333,46,-0.41938618000980943,0.8527120561135525
272,1573675200,1608,595,-1013,2203,46,-2.172334669034575,2.2270106857178753
272,1573689600,608,156,-452,764,46,-0.6868299827160049,-0.04611084071961952
272,1573704000,72,27,-45,99,46,0.3908891034366835,-1.096580482888441
272,1573718400,89,222,133,311,46,0.8622257062258198,-0.7616939202722152
272,1573732800,529,814,285,1343,46,1.2647153895064307,0.8685085920860159
272,1573747200,866,514,-352,1380,46,-0.42203413845244503,0.9269557751841309
272,1573761600,1634,512,-1122,2146,46,-2.4609621392818553,2.1369704306748334
272,1573776000,631,159,-472,790,46,-0.7397891515687168,-0.0050398471912144705
272,1573790400,99,26,-73,125,46,0.3167462670428867,-1.0555094893600359
272,1573804800,90,228,138,318,46,0.8754654984389978,-0.7506363450914907
272,1573819200,459,706,247,1165,46,1.164092968686278,0.587330251776166
272,1573833600,852,468,-384,1320,46,-0.5067688086167842,0.83217655934935
272,1573848000,1415,458,-957,1873,46,-2.024048996246982,1.7057249986265803
272,1573862400,450,170,-280,620,46,-0.231381130582682,-0.2735809587230936
272,1573876800,103,38,-65,141,46,0.3379299345839715,-1.0302350318040943
272,1573891200,38,78,40,116,46,0.6159655710607093,-1.069726371735253
272,1573905600,196,273,77,469,46,0.7139400334382263,-0.5121086519072922
272,1573920000,403,289,-114,692,46,0.20817997089482723,-0.15984589972135657
272,1573934400,489,240,-249,729,46,-0.14929441886097847,-0.1013987166232417
272,1573948800,271,139,-132,410,46,0.16051671892738648,-0.6053082141448267
272,1573963200,97,27,-70,124,46,0.3246901423707935,-1.0570891429572822
272,1573977600,43,47,4,90,46,0.5206390671258277,-1.110797365263658
272,1573992000,145,165,20,310,46,0.5630064022079974,-0.7632735738694615
272,1574006400,355,252,-103,607,46,0.2373075137638188,-0.29411645548729615
272,1574020800,402,178,-224,580,46,-0.08309545779508852,-0.3367671026129475
272,1574035200,226,81,-145,307,46,0.1260932591731237,-0.7680125346612006
272,1574049600,28,20,-8,48,46,0.4888635658142006,-1.1771428163480047
272,1574064000,84,203,119,287,46,0.8251542880289214,-0.7996056066061275
272,1574078400,483,764,281,1247,46,1.2541235557358883,0.7168618467503666
272,1574092800,774,457,-317,1231,46,-0.3293555929601991,0.691587389194425
272,1574107200,1531,461,-1070,1992,46,-2.3232683002648042,1.8937037766988958
272,1574121600,572,139,-433,711,47,-0.5700302806494608,-0.16224911717911636
272,1574136000,54,13,-41,67,47,0.4689355712948237,-1.2009506843887592
272,1574150400,96,213,117,309,47,0.8877024197825711,-0.8106311513689866
272,1574164800,505,758,253,1263,47,1.248159960253037,0.7280665118577202
272,1574179200,800,444,-356,1244,47,-0.36594770258897635,0.6974215898437711
272,1574193600,1602,547,-1055,2149,47,-2.218593443683504,2.1570876120871354
272,1574208000,590,150,-440,740,47,-0.5885832422913231,-0.11547528884203619
272,1574222400,59,22,-37,81,47,0.47953726366160215,-1.1783702155363756
272,1574236800,95,230,135,325,47,0.935410035433074,-0.7848249012519768
272,1574251200,519,843,324,1362,47,1.4363399997633541,0.8877426844567181
272,1574265600,845,463,-382,1308,47,-0.434858702973036,0.8006465903118102
272,1574280000,1552,537,-1015,2089,47,-2.11257652001572,2.060314174148349
272,1574294400,613,165,-448,778,47,-0.6097866270248798,-0.05418544481413801
272,1574308800,73,27,-46,100,47,0.4556834558363507,-1.1477252935224265
272,1574323200,100,220,120,320,47,0.895653689057655,-0.7928893544135422
272,1574337600,496,794,298,1290,47,1.3674289993792943,0.7716145589301742
272,1574352000,799,442,-357,1241,47,-0.36859812568067096,0.6925829179468318
272,1574366400,1601,519,-1082,2120,47,-2.2901548671592584,2.110313783750055
272,1574380800,945,103,-842,1048,47,-1.6540533251525535,0.38129502591040165
272,1574395200,451,97,-354,548,47,-0.36064685640558714,-0.42515029024615325
272,1574409600,97,170,73,267,47,0.7710838037480086,-0.8783725579261371
272,1574424000,490,716,226,1206,47,1.1765985367772829,0.636131745815873
272,1574438400,833,423,-410,1256,47,-0.5090705495404849,0.7167762774315285
272,1574452800,1395,492,-903,1887,47,-1.8157291337459243,1.7345102664211007
272,1574467200,486,208,-278,694,47,-0.15921470143679728,-0.18966825792843922
272,1574481600,117,30,-87,147,47,0.34701610907687197,-1.0719194338037104
272,1574496000,48,77,29,125,47,0.654465187713446,-1.1074030277145988
272,1574510400,228,282,54,510,47,0.7207257650058111,-0.4864401342740514
272,1574524800,452,281,-171,733,47,0.12438056937452528,-0.12676552326822796
272,1574539200,512,292,-220,804,47,-0.005490162118510282,-0.012250288373997156
272,1574553600,280,212,-68,492,47,0.39737414781906943,-0.5154721656556874
272,1574568000,88,39,-49,127,47,0.4477321865612669,-1.1041772464499724
272,1574582400,39,47,8,86,47,0.5988063027878593,-1.17030576237481
272,1574596800,171,176,5,347,47,0.5908550335127755,-0.7493413073410883
272,1574611200,336,229,-107,565,47,0.2940076472429799,-0.3977311494968304
272,1574625600,414,200,-214,614,47,0.010412376431657338,-0.318699508513488
272,1574640000,244,95,-149,339,47,0.18268987739180656,-0.7622444323995932
272,1574654400,30,18,-12,48,47,0.5457978409539672,-1.2315956064027083
272,1574668800,88,196,108,284,47,0.8638486119573198,-0.8509534171768143
272,1574683200,577,651,74,1228,47,0.7737342268397032,0.6716153397267614
272,1574697600,779,396,-383,1175,47,-0.43750912606473064,0.5861321362141666
272,1574712000,1549,511,-1038,2060,47,-2.1735362511246956,2.013540345811269
272,1574726400,539,124,-415,663,48,-1.0573849274261091,0.21529618010658316
272,1574740800,65,23,-42,88,48,0.37186375877384126,-0.9744984994297976
272,1574755200,86,178,92,264,48,0.8853203913496949,-0.6103178670847489
272,1574769600,570,706,136,1276,48,1.0539180915984825,1.4837207688992813
272,1574784000,806,371,-435,1177,48,-1.1340202457210127,1.2788691632051914
272,1574798400,1489,394,-1095,1883,48,-3.6629857494528286,2.7397301088620343
272,1574812800,554,168,-386,722,48,-0.9462637158984991,0.33737946026770743
272,1574827200,73,28,-45,101,48,0.36036846102960574,-0.9475987936315837
272,1574841600,85,204,119,289,48,0.9887780710478146,-0.5585876636266454
272,1574856000,495,615,120,1110,48,0.9926098369625598,1.140232217937474
272,1574870400,909,425,-484,1334,48,-1.3217767755435263,1.6037348409220813
272,1574884800,972,379,-593,1351,48,-1.7394392602507505,1.6389113792735917
272,1574899200,334,170,-164,504,48,-0.09561168282507014,-0.11370791388695517
272,1574913600,65,21,-44,86,48,0.36420022694435095,-0.9786369157064458
272,1574928000,125,67,-58,192,48,0.3105555041379185,-0.759300853044087
272,1574942400,217,176,-41,393,48,0.37569552468858647,-0.34339001724093476
272,1574956800,306,159,-147,465,48,-0.030471662274402154,-0.19440703128159664
272,1574971200,189,139,-50,328,48,0.3412096314558799,-0.4778885462320039
272,1574985600,134,109,-25,243,48,0.4370037793245093,-0.6537712379895558
272,1575000000,30,20,-10,50,48,0.4944802680456869,-1.0531284086861148
272,1575014400,48,109,61,157,48,0.7665356479925943,-0.8317231378854318
272,1575028800,247,246,-1,493,48,0.5289661612783935,-0.1364692034085207
272,1575043200,357,152,-205,509,48,-0.25271408532962236,-0.10336187319533446
272,1575057600,500,252,-248,752,48,-0.4174800196636649,0.39945570441743167
272,1575072000,231,170,-61,401,48,0.29906020639368297,-0.32683635213434165
272,1575086400,74,32,-42,106,48,0.37186375877384126,-0.937252752939963
272,1575100800,47,67,20,114,48,0.6094332454880421,-0.92069908783337
272,1575115200,209,187,-22,396,48,0.4484990770687448,-0.33718239282596235
272,1575129600,332,224,-108,556,48,0.11896720840065969,-0.0061090906940998654
272,1575144000,396,236,-160,632,48,-0.08028461916608944,0.1511507278185348
272,1575158400,245,169,-76,414,48,0.2415837176725053,-0.2999366463361278
272,1575172800,91,35,-56,126,48,0.3182190359674088,-0.8958685901734802
272,1575187200,39,46,7,85,48,0.5596202885963549,-0.98070612384477
272,1575201600,158,148,-10,306,48,0.4944802680456869,-0.523411125275135
272,1575216000,290,209,-81,499,48,0.22242488809877944,-0.12405395457857586
272,1575230400,330,176,-154,506,48,-0.057294023677618384,-0.10956949761030689
272,1575244800,188,91,-97,279,48,0.16111663346285662,-0.5792797450098868
272,1575259200,35,16,-19,51,48,0.45999437481298033,-1.0510592005477908
272,1575273600,86,157,71,243,48,0.8048533071400461,-0.6537712379895558
272,1575288000,544,755,211,1299,48,1.3413005352043708,1.5313125560807364
272,1575302400,783,415,-368,1198,48,-0.877291929433086,1.3223225341099982
272,1575316800,1385,450,-935,1835,48,-3.0499032030936006,2.6404081182224757
272,1575331200,492,144,-348,636,49,-0.4056419822651564,-0.30109875963931176
272,1575345600,61,15,-46,76,49,0.39366870641765295,-1.1410753729374512
272,1575360000,99,215,116,314,49,0.8224380162408819,-0.784085312285742
272,1575374400,536,828,292,1364,49,1.2882614639500687,0.7908708376482696
272,1575388800,770,495,-275,1265,49,-0.21243112043123227,0.6423749720830628
272,1575403200,1570,620,-950,2190,49,-1.9989699113613528,2.0298363422630255
272,1575417600,562,181,-381,743,49,-0.49298387871062893,-0.1406032281698458
272,1575432000,79,16,-63,95,49,0.34867439612756107,-1.112576166414836
272,1575446400,103,220,117,323,49,0.8250847403755931,-0.7705856881434504
272,1575460800,301,740,439,1041,49,1.6773299117526281,0.306384326763807
272,1575475200,1405,879,-526,2284,49,-0.8767588782437659,2.17083241663807
272,1575489600,1584,510,-1074,2094,49,-2.3271637040655526,1.8858403514119157
272,1575504000,647,165,-482,812,49,-0.7603030163164691,-0.03710610974561076
272,1575518400,74,20,-54,94,49,0.37249491333996265,-1.1140761246528683
272,1575532800,102,227,125,329,49,0.8462585334532834,-0.7615859387152561
272,1575547200,521,801,280,1322,49,1.2565007743335332,0.7278725916509091
272,1575561600,863,512,-351,1375,49,-0.41358215466929027,0.8073703782666259
272,1575576000,1612,513,-1099,2125,49,-2.3933318074333347,1.93233905679092
272,1575590400,651,179,-472,830,49,-0.7338357749693563,-0.010106861461027704
272,1575604800,93,29,-64,122,49,0.3460276719928498,-1.0720772939879613
272,1575619200,96,211,115,307,49,0.8197912921061705,-0.7945850199519687
272,1575633600,488,736,248,1224,49,1.171805602022772,0.5808766843237347
272,1575648000,829,480,-349,1309,49,-0.4082887063998677,0.7083731345564881
272,1575662400,1371,478,-893,1849,49,-1.8481066356828093,1.5183505830939799
272,1575676800,480,226,-254,706,49,-0.15684991360229522,-0.1961016829770443
272,1575691200,111,36,-75,147,49,0.3169137065110256,-1.0345783380371514
272,1575705600,52,64,12,116,49,0.5471787062309077,-1.0810770434161556
272,1575720000,298,302,4,600,49,0.5260049131532174,-0.3550972562084779
272,1575734400,521,304,-217,825,49,-0.0589211206179775,-0.01760665265118966
272,1575748800,577,304,-273,881,49,-0.2071376721618097,0.06639100867862428
272,1575763200,294,183,-111,477,49,0.22163163766141916,-0.5395921194864621
272,1575777600,134,40,-94,174,49,0.26662594795151107,-0.9940794656102768
272,1575792000,40,53,13,93,49,0.549825430365619,-1.1155760828909007
272,1575806400,189,211,22,400,49,0.5736459475780207,-0.6550889038149562
272,1575820800,355,231,-124,586,49,0.1872242239101724,-0.37609667154093135
272,1575835200,416,209,-207,625,49,-0.03245387927086461,-0.31759830025766805
272,1575849600,220,109,-111,329,49,0.22163163766141916,-0.7615859387152561
272,1575864000,48,30,-18,78,49,0.4677769821895691,-1.1380754564613864
272,1575878400,105,182,77,287,49,0.7192157749871415,-0.8245841847126165
272,1575892800,497,783,286,1280,49,1.272381119141801,0.6648743456535487
272,1575907200,770,481,-289,1251,49,-0.24948525831719034,0.6213755567506093
272,1575921600,1645,520,-1125,2165,49,-2.4621466349358285,1.9923373863122156
272,1575936000,592,114,-478,706,50,-0.760943032069303,-0.18609753253260705
272,1575950400,72,19,-53,91,50,0.44033344466520297,-1.1589571288323928
272,1575964800,103,216,113,319,50,0.9095379038132688,-0.7982872297163747
272,1575979200,545,769,224,1314,50,1.2232830542074575,0.7756888651101079
272,1575993600,865,457,-408,1322,50,-0.5630857300189138,0.7883439492896174
272,1576008000,1608,552,-1056,2160,50,-2.3946790404282314,2.113964017093228
272,1576022400,602,158,-444,760,50,-0.6648409139305426,-0.10067571432091854
272,1576036800,54,51,-3,105,50,0.5816600889869096,-1.1368107315182514
272,1576051200,96,235,139,331,50,0.9830277588605563,-0.7793046034471106
272,1576065600,553,821,268,1374,50,1.3476505012105593,0.8706019964564286
272,1576080000,825,420,-405,1245,50,-0.5546061313596115,0.6665387640618393
272,1576094400,1617,590,-1027,2207,50,-2.3127095867216414,2.188312636647846
272,1576108800,586,190,-396,776,50,-0.5291673353817042,-0.07536554596189973
272,1576123200,64,18,-46,82,50,0.46011917487024184,-1.173194098534341
272,1576137600,112,211,99,323,50,0.869966443403191,-0.79195968762662
272,1576152000,544,775,231,1319,50,1.2430687844124964,0.7835982927223013
272,1576166400,866,451,-415,1317,50,-0.5828714602239528,0.780434521677424
272,1576180800,1537,459,-1078,1996,50,-2.456862763929782,1.854534791413285
272,1576195200,602,182,-420,784,50,-0.5970041246561234,-0.06271046178239031
272,1576209600,102,29,-73,131,50,0.3838027869365203,-1.0956817079348458
272,1576224000,89,216,127,305,50,0.9491093642233467,-0.8204336270305161
272,1576238400,558,680,122,1238,50,0.934976699791176,0.6554655654047686
272,1576252800,886,423,-463,1309,50,-0.7185450387727911,0.7677794374979146
272,1576267200,1518,466,-1052,1984,50,-2.383372908882495,1.835552165144021
272,1576281600,555,228,-327,783,50,-0.3341365662177492,-0.064292347304829
272,1576296000,124,43,-81,167,50,0.36119052384504724,-1.0387338291270534
272,1576310400,50,67,17,117,50,0.6381907467155922,-1.1178281052489871
272,1576324800,263,290,27,553,50,0.6664560755799335,-0.4281260174657245
272,1576339200,574,316,-258,890,50,-0.13910579705379408,0.10496940359610935
272,1576353600,548,268,-280,816,50,-0.201289520555345,-0.012090125064352687
272,1576368000,319,205,-114,524,50,0.2679149385927209,-0.4740006976164461
272,1576382400,113,47,-66,160,50,0.40358851714155924,-1.0498070277841243
272,1576396800,45,59,14,104,50,0.6297111480562898,-1.13839261704069
272,1576411200,170,209,39,379,50,0.700374470217143,-0.7033740983700542
272,1576425600,396,243,-153,639,50,0.15768015602178975,-0.29208386253599833
272,1576440000,456,251,-205,707,50,0.010700445927214905,-0.18451564701016837
272,1576454400,235,115,-120,350,50,0.25095574127411613,-0.7492487785207758
272,1576468800,50,24,-26,74,50,0.5166498325989245,-1.1858491827138502
272,1576483200,94,218,124,312,50,0.9406297655640443,-0.8093604283734454
272,1576497600,585,724,139,1309,50,0.9830277588605563,0.7677794374979146
272,1576512000,743,330,-413,1073,50,-0.5772183944510845,0.39445445420238706
272,1576526400,1365,773,-592,2138,50,-1.0831677811227942,2.079162535599577
272,1576540800,537,149,-388,686,51,-0.6549535387411602,-0.011433442947661266
272,1576555200,68,21,-47,89,51,0.4672195180659814,-1.1269281840747425
272,1576569600,96,218,122,314,51,1.0233698013516324,-0.7065155931977017
272,1576584000,546,677,131,1223,51,1.0529872720591522,0.9919512739455424
272,1576598400,784,443,-341,1227,51,-0.5002845250463342,0.9994252755611341
272,1576612800,1469,488,-981,1957,51,-2.606415775358858,2.3634305704066434
272,1576627200,490,125,-365,615,51,-0.5792644469330539,-0.14409697162441631
272,1576641600,58,18,-40,76,51,0.49025532861627463,-1.151218689325416
272,1576656000,89,222,133,311,51,1.0595689322163788,-0.7121210944093956
272,1576670400,513,598,85,1111,51,0.9016090884429395,0.782679228708971
272,1576684800,793,327,-466,1120,51,-0.911638284872999,0.7994957323440527
272,1576699200,1446,453,-993,1899,51,-2.645905736302218,2.255057546980562
272,1576713600,539,113,-426,652,51,-0.7800050817284663,-0.07496245668019184
272,1576728000,57,21,-36,78,51,0.503418648930728,-1.14748168851762
272,1576742400,91,170,79,261,51,0.8818641079712596,-0.8055461146042936
272,1576756800,524,634,110,1158,51,0.9838798404082725,0.8704987476921751
272,1576771200,796,476,-320,1272,51,-0.43117709339545457,1.0835077937365423
272,1576785600,1436,451,-985,1887,51,-2.6195790956733114,2.2326355421337865
272,1576800000,511,148,-363,659,51,-0.5726827867758273,-0.06188295385290614
272,1576814400,75,21,-54,96,51,0.4441837075156882,-1.1138486812474566
272,1576828800,71,160,89,231,51,0.9147724087573927,-0.8616011267212323
272,1576843200,529,623,94,1152,51,0.9312265591504594,0.8592877452687874
272,1576857600,773,360,-413,1133,51,-0.7372242907064932,0.8237862375947261
272,1576872000,1125,424,-701,1549,51,-1.684983353347129,1.6010824056162767
272,1576886400,423,174,-249,597,51,-0.19752815781390895,-0.17772997889457956
272,1576900800,95,29,-66,124,51,0.40469374657232837,-1.0615306699383138
272,1576915200,54,76,22,130,51,0.6942867934903004,-1.050319667514926
272,1576929600,228,203,-25,431,51,0.5396177797954744,-0.48790104594164063
272,1576944000,458,214,-244,672,51,-0.18107400742084234,-0.03759244860223268
272,1576958400,482,191,-291,673,51,-0.33574302111566834,-0.03572394819833472
272,1576972800,228,152,-76,380,51,0.37178544578619516,-0.5831945665404366
272,1576987200,76,37,-39,113,51,0.49354615869488794,-1.0820841743811913
272,1577001600,44,45,1,89,51,0.6251793618394207,-1.1269281840747425
272,1577016000,226,169,-57,395,51,0.4343112172798482,-0.5551670604819672
272,1577030400,324,205,-119,529,51,0.2302797524058225,-0.3047880063596407
272,1577044800,372,210,-162,582,51,0.08877405902544978,-0.20575748495304894
272,1577059200,182,100,-82,282,51,0.35204046531451527,-0.7663076061224364
272,1577073600,34,29,-5,63,51,0.6054343813677407,-1.1755091945760894
272,1577088000,47,190,143,237,51,1.0924772330025119,-0.8503901242978446
272,1577102400,405,552,147,957,51,1.1056405533169653,0.49493016650868543
272,1577116800,539,340,-199,879,51,-0.03298665388324301,0.3491871350046447
272,1577131200,870,310,-560,1180,51,-1.220976312262651,0.9116057565779302
272,1577145600,325,167,-158,492,52,-0.6241338418427703,0.13608685573888868
272,1577160000,56,33,-23,89,52,0.3279347304597607,-1.0871771486352115
272,1577174400,50,145,95,195,52,1.160113186250121,-0.7654253261447534
272,1577188800,324,365,41,689,52,0.7792857573291087,0.7340595824428533
272,1577203200,570,254,-316,824,52,-1.7384066894264731,1.143837846935418
272,1577217600,393,212,-181,605,52,-0.7863381171239422,0.47908644009192425
272,1577232000,164,115,-49,279,52,0.14457337579408802,-0.5104521837938244
272,1577246400,40,22,-18,62,52,0.3631965294339285,-1.1691328015337246
272,1577260800,27,29,2,56,52,0.5042437253305997,-1.1873451688445051
272,1577275200,137,77,-60,214,52,0.06699741805091884,-0.7077528296606147
272,1577289600,203,109,-94,312,52,-0.1727828149734223,-0.4102841635845308
272,1577304000,207,132,-75,339,52,-0.0387879788715846,-0.32832851068601787
272,1577318400,125,85,-40,210,52,0.2080446139475901,-0.7198944078678019
272,1577332800,30,15,-15,45,52,0.38435360881842917,-1.2207345089142698
272,1577347200,45,164,119,209,52,1.3293698213261265,-0.7229298024195986
272,1577361600,326,392,66,718,52,0.9555947521999477,0.8220860244449598
272,1577376000,444,346,-98,790,52,-0.20099225415275654,1.0406344321743277
272,1577390400,730,316,-414,1046,52,-2.4295379493201623,1.8176954374343017
272,1577404800,287,146,-141,433,52,-0.5042437253305997,-0.043001422817121035
272,1577419200,53,20,-33,73,52,0.25741113251142506,-1.13574346146396
272,1577433600,64,176,112,240,52,1.2800033027622917,-0.6288325713138986
272,1577448000,350,483,133,833,52,1.4281028584537965,1.1711563979015889
272,1577462400,516,357,-159,873,52,-0.6311862016376039,1.29257217997346
272,1577476800,734,372,-362,1106,52,-2.062815239988817,1.9998191105421084
