remote_unit_id,time_stamp,entries,exits,num_people_exited,sum_exit_entry,week_num,z_score_num_people_exited,z_score_sum_exit_entry
227,1546311600,34,30,-4,64,1,0.7958696456773132,-0.8489980878355563
227,1546326000,17,14,-3,31,1,0.8030473405706882,-0.9668696043877031
227,1546340400,76,41,-35,117,1,0.5733611039826897,-0.6596892885245328
227,1546354800,198,45,-153,243,1,-0.2736068934355548,-0.20963440714360881
227,1546369200,225,64,-161,289,1,-0.33102845258255437,-0.045328656798192125
227,1546383600,77,31,-46,108,1,0.49440646015556516,-0.6918360657660273
227,1546398000,12,9,-3,21,1,0.8030473405706882,-1.0025882457671416
227,1546412400,50,78,28,128,1,1.0255558822653117,-0.6203987830071505
227,1546426800,491,431,-60,922,1,0.39391873164831587,2.215661342520259
227,1546441200,330,139,-191,469,1,-0.5463592993838029,0.5976068880316993
227,1546455600,605,125,-480,730,1,-2.620713123569164,1.5298634280350416
227,1546470000,152,39,-113,191,1,0.013500902299443354,-0.3953713423166885
227,1546484400,39,11,-28,50,1,0.6236049682363143,-0.8990041857667701
227,1546498800,43,65,22,108,1,0.9824897129050619,-0.6918360657660273
227,1546513200,469,392,-77,861,1,0.27189791846094163,1.997777630105685
227,1546527600,326,125,-201,451,1,-0.6181362483175524,0.5333133335487101
227,1546542000,635,125,-510,760,1,-2.8360439703704126,1.637019352173357
227,1546556400,160,33,-127,193,1,-0.08698682620780598,-0.38822761404080086
227,1546570800,50,9,-41,59,1,0.5302949346224399,-0.8668574085252755
227,1546585200,43,67,24,110,1,0.9968451026918118,-0.6846923374901397
227,1546599600,481,405,-76,886,1,0.2790756133543166,2.087074233554281
227,1546614000,344,135,-209,479,1,-0.6755578074645521,0.6333255294111376
227,1546628400,569,129,-440,698,1,-2.333605327834166,1.4155637756208388
227,1546642800,134,31,-103,165,1,0.08527785123319288,-0.4882398099032284
227,1546657200,32,9,-23,41,1,0.6594934427031891,-0.9311509630082646
227,1546671600,11,21,10,32,1,0.8963573741845625,-0.9632977402497592
227,1546686000,128,82,-46,210,1,0.49440646015556516,-0.32750592369575554
227,1546700400,287,83,-204,370,1,-0.6396693329976774,0.243992338375259
227,1546714800,260,91,-169,351,1,-0.388450011729554,0.176126919754326
227,1546729200,102,34,-68,136,1,0.3364971725013162,-0.5918238699035998
227,1546743600,33,9,-24,42,1,0.6523157478098142,-0.9275790988703209
227,1546758000,9,19,10,28,1,0.8963573741845625,-0.9775851968015346
227,1546772400,118,60,-58,178,1,0.40827412143506575,-0.44180557610995846
227,1546786800,244,93,-151,337,1,-0.25925150364880484,0.12612082182311224
227,1546801200,215,62,-153,277,1,-0.2736068934355548,-0.08819102645351821
227,1546815600,60,41,-19,101,1,0.6882042222766889,-0.7168391147316342
227,1546830000,16,14,-2,30,1,0.8102250354640631,-0.9704414685256469
227,1546844400,42,73,31,115,1,1.0470889669454366,-0.6668330168004204
227,1546858800,514,382,-132,896,1,-0.12287530067468075,2.1227928749337193
227,1546873200,303,130,-173,433,1,-0.4171607913030538,0.46901977906572095
227,1546887600,622,124,-498,746,1,-2.7499116316499133,1.5870132542421431
227,1546902000,192,23,-169,215,1,-0.388450011729554,-0.30964660300603636
227,1546916400,37,8,-29,45,2,0.6607827868170719,-1.0008445042523992
227,1546930800,50,77,27,127,2,1.0340203263448704,-0.7304563278603955
227,1546945200,544,378,-166,922,2,-0.2523161938134353,1.8909900164279327
227,1546959600,321,123,-198,444,2,-0.4655947878293201,0.3148247930696675
227,1546974000,622,157,-465,779,2,-2.2451380566493597,1.4194594161345606
227,1546988400,174,25,-149,199,2,-0.13901194074249643,-0.4930423193210752
227,1547002800,36,4,-32,40,2,0.6407879186280827,-1.0173315881787408
227,1547017200,58,83,25,141,2,1.0206904142188775,-0.6842924928666387
227,1547031600,599,416,-183,1015,2,-0.3656204468843741,2.197649777457888
227,1547046000,358,128,-230,486,2,-0.6788733818452051,0.45331629805093765
227,1547060400,612,134,-478,746,2,-2.331782485468313,1.3106446622207053
227,1547074800,183,48,-135,231,2,-0.045702555860546785,-0.3875249821924884
227,1547089200,32,4,-28,36,2,0.6674477428800683,-1.0305212553198142
227,1547103600,41,81,40,122,2,1.1206647551638236,-0.7469434117867372
227,1547118000,519,409,-110,928,2,0.12092134571436328,1.9107745171395427
227,1547132400,359,124,-235,483,2,-0.712198162160187,0.44342404769513266
227,1547146800,611,130,-481,741,2,-2.3517773536573023,1.2941575782943637
227,1547161200,229,27,-202,256,2,-0.4922546120813058,-0.30508956256077996
227,1547175600,50,2,-48,52,2,0.5341486216201402,-0.9777625867555209
227,1547190000,37,60,23,97,2,1.0073605020928849,-0.8293788314184456
227,1547204400,469,404,-65,873,2,0.4208443685492014,1.7294165939497843
227,1547218800,320,144,-176,464,2,-0.3189657544433993,0.3807731287750342
227,1547233200,538,113,-425,651,2,-1.9785398141295036,0.9973900676202133
227,1547247600,154,41,-113,195,2,0.10092647752537406,-0.5062319864621485
227,1547262000,40,10,-30,50,2,0.6541178307540755,-0.9843574203260574
227,1547276400,18,21,3,39,2,0.8740613808329567,-1.0206290049640092
227,1547290800,152,104,-48,256,2,0.5341486216201402,-0.30508956256077996
227,1547305200,326,117,-209,443,2,-0.5389093045222806,0.31152737628439914
227,1547319600,260,102,-158,362,2,-0.19899654530946403,0.044436616677663805
227,1547334000,106,55,-51,161,2,0.514153753431151,-0.618344157161272
227,1547348400,29,13,-16,42,2,0.7474272156360251,-1.0107367546082042
227,1547362800,8,17,9,25,2,0.9140511172109351,-1.066792839957766
227,1547377200,81,95,14,176,2,0.9473758975259172,-0.568882905382247
227,1547391600,200,89,-111,289,2,0.11425638965136688,-0.19627480864692484
227,1547406000,168,68,-100,236,2,0.1875709063443273,-0.3710378982661467
227,1547420400,58,36,-22,94,2,0.7074374792580467,-0.8392710817742506
227,1547434800,16,11,-5,27,2,0.8207417323289855,-1.0601980063872292
227,1547449200,47,82,35,129,2,1.0873399748488417,-0.7238614942898588
227,1547463600,480,420,-60,900,2,0.4541691488641834,1.8184468471520294
227,1547478000,227,122,-105,349,2,0.1542461260293453,0.0015701984691754167
227,1547492400,642,114,-528,756,2,-2.665030288618133,1.3436188300733887
227,1547506800,199,32,-167,231,2,-0.25898114987643167,-0.3875249821924884
227,1547521200,31,7,-24,38,3,0.6745967987432259,-0.9859134131485291
227,1547535600,45,71,26,116,3,1.0201219883434147,-0.7185415305761299
227,1547550000,562,407,-155,969,3,-0.23067919800926895,2.2054099544784402
227,1547564400,329,129,-200,458,3,-0.5416518686494389,0.45378133916438934
227,1547578800,621,142,-479,763,3,-2.469682426618493,1.4992739569154372
227,1547593200,195,37,-158,232,3,-0.25141070938528026,-0.32091155136589533
227,1547607600,40,9,-31,49,3,0.6262232721991995,-0.948207122016524
227,1547622000,60,78,18,138,3,0.9648379580073846,-0.6431289483121199
227,1547636400,548,464,-84,1012,3,0.25996657122299927,2.352807274358096
227,1547650800,379,105,-274,484,3,-1.0530291492577184,0.5429053000218557
227,1547665200,682,161,-521,843,3,-2.759923585882652,1.7735015287845646
227,1547679600,202,32,-170,234,3,-0.3343367548893256,-0.31405586206916714
227,1547694000,41,15,-26,56,3,0.6607757911592184,-0.9242122094779754
227,1547708400,45,94,49,139,3,1.1790635755595016,-0.6397011036637559
227,1547722800,537,410,-127,947,3,-0.037185091833163174,2.12999737221443
227,1547737200,355,128,-227,483,3,-0.7282354710335409,0.5394774553734916
227,1547751600,623,136,-487,759,3,-2.524966456954523,1.4855625783219808
227,1547766000,219,31,-188,250,3,-0.4587258231453936,-0.2592103476953417
227,1547780400,50,11,-39,61,3,0.5709392418631692,-0.907072986236155
227,1547794800,40,76,36,116,3,1.0892270262634525,-0.7185415305761299
227,1547809200,476,388,-88,864,3,0.23232455605498414,1.8454862664002105
227,1547823600,295,130,-165,425,3,-0.2997842359293067,0.34066246576837433
227,1547838000,587,109,-478,696,3,-2.4627719228264895,1.2696083654750432
227,1547852400,142,39,-103,181,3,0.1286669991749275,-0.495731628432464
227,1547866800,35,14,-21,49,3,0.6953283101192372,-0.948207122016524
227,1547881200,10,27,17,37,3,0.9579274542153808,-0.9893412577968932
227,1547895600,147,115,-32,262,3,0.6193127684071957,-0.2180762119149726
227,1547910000,308,102,-206,410,3,-0.5831148914014616,0.2892447960429129
227,1547924400,263,89,-174,352,3,-0.36197877005734075,0.09042980643779565
227,1547938800,124,51,-73,175,3,0.3359821129350408,-0.5162986963226486
227,1547953200,26,30,4,56,3,0.8680909049193317,-0.9242122094779754
227,1547967600,9,20,11,29,3,0.9164644314633581,-1.016764014983806
227,1547982000,86,76,-10,162,3,0.7713438518312788,-0.5608606767513817
227,1547996400,243,68,-175,311,3,-0.3688892738493445,-0.0501118241451321
227,1548010800,222,78,-144,300,3,-0.1546636562972274,-0.08781811527713711
227,1548025200,69,33,-36,102,3,0.5916707532391806,-0.7665313556532272
227,1548039600,14,10,-4,24,3,0.8128068745833015,-1.0339032382256264
227,1548054000,33,39,6,72,3,0.8819119125033392,-0.86936669510415
227,1548068400,211,159,-52,370,3,0.4811026925671201,0.15213101010834928
227,1548082800,195,75,-120,270,3,0.011188434710863268,-0.19065345472805983
227,1548097200,224,65,-159,289,3,-0.25832121317728407,-0.12552440640914211
227,1548111600,69,24,-45,93,3,0.5294762191111466,-0.797381957488504
227,1548126000,15,3,-12,18,4,0.8040550385209164,-1.0578878230658555
227,1548140400,41,71,30,112,4,1.0908807388143231,-0.7524734811672086
227,1548154800,522,394,-128,916,4,0.011869771043888167,1.8597938686893043
227,1548169200,300,122,-178,422,4,-0.32958939597207226,0.2547440293496061
227,1548183600,596,139,-457,735,4,-2.2349315479211316,1.2717088060972286
227,1548198000,165,32,-133,197,4,-0.02227614565770788,-0.47630093796098516
227,1548212400,27,4,-23,31,4,0.7289340217774051,-1.0156496693990213
227,1548226800,60,82,22,142,4,1.0362472720917695,-0.6550008188591298
227,1548241200,551,365,-186,916,4,-0.38422286269462597,1.8597938686893043
227,1548255600,306,118,-188,424,4,-0.3978812293752644,0.2612422068368114
227,1548270000,592,107,-485,699,4,-2.4261486814500692,1.1547416113275342
227,1548284400,185,35,-150,220,4,-0.13837226244313441,-0.4015718968581247
227,1548298800,31,6,-25,37,4,0.7152756550967667,-0.9961551369374056
227,1548313200,37,80,43,117,4,1.1796601222384728,-0.7362280374491954
227,1548327600,534,382,-152,916,4,-0.15203062912377285,1.8597938686893043
227,1548342000,283,129,-154,412,4,-0.16568899580441127,0.22225314191357984
227,1548356400,555,152,-403,707,4,-1.8661556475438943,1.180734321276355
227,1548370800,183,44,-139,227,4,-0.06325124569962313,-0.37882827565290633
227,1548385200,38,7,-31,45,4,0.6743005550548514,-0.9701624269885847
227,1548399600,41,74,33,115,4,1.1113682888352807,-0.7427262149364007
227,1548414000,567,417,-150,984,4,-0.13837226244313441,2.080731903254283
227,1548428400,350,134,-216,484,4,-0.5890983629042023,0.45618753145296903
227,1548442800,629,124,-505,753,4,-2.5627323482564535,1.330192403482076
227,1548457200,156,31,-125,187,4,0.0323573210648458,-0.5087918253970115
227,1548471600,37,15,-22,52,4,0.7357632051177243,-0.9474188057833662
227,1548486000,9,24,15,33,4,0.9884429887095351,-1.009151491911816
227,1548500400,119,105,-14,224,4,0.790396671840278,-0.38857554188371424
227,1548514800,251,106,-145,357,4,-0.10422634574153838,0.043553261015435295
227,1548529200,257,84,-173,341,4,-0.2954434792704762,-0.00843215888220675
227,1548543600,97,45,-52,142,4,0.5308877049081481,-0.6550008188591298
227,1548558000,32,18,-14,50,4,0.790396671840278,-0.9539169832705715
227,1548572400,8,16,8,24,4,0.9406387053273005,-1.03839329060424
227,1548586800,105,72,-33,177,4,0.660642188374213,-0.5412827128330377
227,1548601200,218,72,-146,290,4,-0.11105552908185759,-0.17413568480594077
227,1548615600,201,98,-103,299,4,0.18259935455186838,-0.14489388611351714
227,1548630000,60,30,-30,90,4,0.6811297383951707,-0.8239534335264663
227,1548644400,18,5,-13,23,4,0.7972258551805972,-1.0416423793478424
227,1548658800,36,39,3,75,4,0.9064927886257045,-0.8726897646805057
227,1548673200,564,406,-158,970,4,-0.1930057291656881,2.0352446608438464
227,1548687600,345,126,-219,471,4,-0.6095859129251598,0.4139493777861349
227,1548702000,638,140,-498,778,4,-2.514928064874219,1.4114196220721418
227,1548716400,181,38,-143,219,4,-0.09056797906089996,-0.40482098560172736
227,1548730800,29,5,-24,34,5,0.7013433402277476,-0.9754253128384399
227,1548745200,48,94,46,142,5,1.1716785182089469,-0.631478700662199
227,1548759600,586,453,-133,1039,5,-0.031035722628691396,2.2251889949126915
227,1548774000,317,152,-165,469,5,-0.2460460897058111,0.40991520842697504
227,1548788400,626,132,-494,758,5,-2.4566214262174477,1.330290865083768
227,1548802800,174,42,-132,216,5,-0.024316648657531404,-0.39581157750440427
227,1548817200,29,6,-23,35,5,0.7080624141989076,-0.9722406219849562
227,1548831600,53,78,25,131,5,1.0305779648145872,-0.6665103000505198
227,1548846000,591,438,-153,1029,5,-0.1654172020518912,2.193342086377854
227,1548860400,355,137,-218,492,5,-0.6021570101772906,0.48316309805710045
227,1548874800,590,135,-455,725,5,-2.194577541342208,1.2251960669188056
227,1548889200,157,24,-133,181,5,-0.031035722628691396,-0.5072757573763342
227,1548903600,40,8,-32,48,5,0.6475907484584676,-0.930839640889668
227,1548918000,51,69,18,120,5,0.9835444470164671,-0.7015418994388407
227,1548932400,513,374,-139,887,5,-0.07135016645565134,1.741115985183167
227,1548946800,278,124,-154,402,5,-0.1721362760230512,0.19654092124356629
227,1548961200,532,123,-409,655,5,-1.8855001386688486,1.0022677071749455
227,1548975600,191,29,-162,220,5,-0.22588886779233114,-0.3830728140904694
227,1548990000,30,8,-22,38,5,0.7147814881700676,-0.9626865494245052
227,1549004400,36,62,26,98,5,1.0372970387857472,-0.7716050982154824
227,1549018800,528,358,-170,886,5,-0.27964145956161107,1.7379312943296834
227,1549033200,308,131,-177,439,5,-0.326674977359731,0.31437448282246366
227,1549047600,691,127,-564,818,5,-2.9269566041986472,1.5213723162927908
227,1549062000,153,28,-125,181,5,0.02271686914058853,-0.5072757573763342
227,1549076400,37,8,-29,45,5,0.6677479703719477,-0.9403937134501191
227,1549090800,11,22,11,33,5,0.9365109292183472,-0.9786100036919236
227,1549105200,139,98,-41,237,5,0.5871190827180277,-0.3289330695812463
227,1549119600,205,87,-118,292,5,0.06975038693870847,-0.1537750726396421
227,1549134000,271,59,-212,330,5,-0.5618425663503307,-0.03275682020726102
227,1549148400,84,34,-50,118,5,0.5266474169775879,-0.7079112811458081
227,1549162800,29,10,-19,39,5,0.7349387100835475,-0.9595018585710214
227,1549177200,11,15,4,26,5,0.8894774114202273,-1.0009028396663096
227,1549191600,96,48,-48,144,5,0.5400855649199078,-0.6251093189552316
227,1549206000,165,67,-98,232,5,0.20413186636190828,-0.34485652384866483
227,1549220400,161,65,-96,226,5,0.21757001430422826,-0.36396466896956714
227,1549234800,63,30,-33,93,5,0.6408716744873076,-0.7875285524829009
227,1549249200,15,11,-4,26,5,0.8357248196509474,-1.0009028396663096
227,1549263600,38,71,33,109,5,1.084330556583867,-0.7365734988271615
227,1549278000,542,404,-138,946,5,-0.06463109248449135,1.929012745538706
227,1549292400,317,138,-179,455,5,-0.34011312530205096,0.36532953647820304
227,1549306800,591,113,-478,704,5,-2.349116242678888,1.1583175589956476
227,1549321200,161,33,-128,194,5,0.002559647227108559,-0.46587477628104595
227,1549335600,20,4,-16,24,6,0.7699192718730514,-1.0324883807918135
227,1549350000,52,78,26,130,6,1.0464104639594962,-0.6980358159670615
227,1549355460,207,120,-87,327,6,0.30251749477453765,-0.07645887945313552
227,1549364400,374,261,-113,635,6,0.1313562806257861,0.8953466862640685
227,1549378800,308,161,-147,469,6,-0.09246992249181202,0.37158134889700406
227,1549393200,624,136,-488,760,6,-2.337315077288899,1.2897482957272195
227,1549407600,184,50,-134,234,6,-0.006889315417436262,-0.3698936768937199
227,1549422000,30,4,-26,34,6,0.7040880356619931,-1.0009362520347616
227,1549436400,52,80,28,132,6,1.0595767112017078,-0.6917253902156512
227,1549450800,589,401,-188,990,6,-0.36237799095715095,2.0154472571394177
227,1549465200,351,146,-205,497,6,-0.47429109251595003,0.45992730941674986
227,1549479600,596,130,-466,726,6,-2.192486357624571,1.1824710579532425
227,1549494000,159,36,-123,195,6,0.06552504441472784,-0.492946979046223
227,1549508400,43,7,-36,50,6,0.6382567994509348,-0.9504528460234781
227,1549522800,36,79,43,115,6,1.1583235655182953,-0.7453640091026397
227,1549537200,571,442,-129,1013,6,0.026026302688092876,2.0880171532806373
227,1549551600,392,126,-266,518,6,-0.8758616334034055,0.5261867798065593
227,1549566000,611,152,-459,763,6,-2.1464044922768304,1.2992139343543352
227,1549580400,183,51,-132,234,6,0.006276931824775393,-0.3698936768937199
227,1549594800,37,10,-27,47,6,0.6975049120408873,-0.9599184846505938
227,1549609200,44,60,16,104,6,0.9805792277484379,-0.7800713507353969
227,1549623600,691,404,-287,1095,6,-1.0141072294466278,2.3467446090884647
227,1549638000,379,144,-235,523,6,-0.6717848011491249,0.5419628441850852
227,1549652400,654,126,-528,780,6,-2.600640022133132,1.3528525532413238
227,1549666800,189,38,-151,227,6,-0.11880241697623532,-0.39198016702365635
227,1549681200,34,8,-26,42,6,0.7040880356619931,-0.9756945490291198
227,1549695600,9,28,19,37,6,1.0003285986117554,-0.9914706134076459
227,1549710000,142,89,-53,231,6,0.5263436978921358,-0.3793593155208355
227,1549724400,234,105,-129,339,6,0.026026302688092876,-0.03859632494467302
227,1549738800,227,67,-160,294,6,-0.17805052956618778,-0.1805809043514074
227,1549753200,74,44,-30,118,6,0.6777555411775698,-0.735898370475524
227,1549767600,29,12,-17,41,6,0.7633361482519455,-0.9788497619048251
227,1549782000,6,18,12,24,6,0.9542467332640145,-1.0324883807918135
227,1549796400,93,61,-32,154,6,0.6645892939353581,-0.6223107069501366
227,1549810800,210,85,-125,295,6,0.05235879717251619,-0.17742569147570217
227,1549825200,164,64,-100,228,6,0.21693688770016187,-0.38882495414795115
227,1549839600,51,30,-21,81,6,0.7370036537675222,-0.8526412468766167
227,1549854000,12,8,-4,20,6,0.8489167553263213,-1.0451092322946345
227,1549868400,47,73,26,120,6,1.0464104639594962,-0.7295879447241136
227,1549882800,581,454,-127,1035,6,0.03919254993030453,2.1574318365461522
227,1549897200,298,124,-174,422,6,-0.27021426026166934,0.22328634373885925
227,1549911600,622,136,-486,758,6,-2.3241488300466875,1.283437869975809
227,1549926000,201,41,-160,242,6,-0.17805052956618778,-0.3446519738880782
227,1549940400,25,6,-19,31,7,0.6956394420801264,-0.9698291995308972
227,1549954800,51,96,45,147,7,1.1338580547614903,-0.579429475486071
227,1549969200,571,426,-145,997,7,-0.16710345163630871,2.281258157601017
227,1549983600,284,104,-180,388,7,-0.40675425544642957,0.2316596063656798
227,1549998000,541,123,-418,664,7,-2.0363797213552517,1.1605417084033696
227,1550012400,167,33,-134,200,7,-0.0917846275816993,-0.40105718777593496
227,1550026800,36,12,-24,48,7,0.6614036129643948,-0.9126154468691554
227,1550041200,57,80,23,137,7,0.9832204066522714,-0.613084624110625
227,1550055600,584,382,-202,966,7,-0.5573919035556484,2.1769271968648995
227,1550070000,350,132,-218,482,7,-0.6669465567259893,0.5480180034364872
227,1550084400,689,153,-536,842,7,-2.844345288486516,1.75960335392043
227,1550098800,181,25,-156,206,7,-0.24242227569091812,-0.38086409860120257
227,1550113200,37,4,-33,41,7,0.599779120556078,-0.9361740509063432
227,1550127600,43,84,41,127,7,1.106469391468905,-0.646739772735179
227,1550142000,580,401,-179,981,7,-0.39990708962328325,2.2274099198017305
227,1550156400,363,144,-219,507,7,-0.6737937225491356,0.6321558749978721
227,1550170800,665,144,-521,809,7,-2.7416378011393214,1.6485413634594022
227,1550185200,161,25,-136,186,7,-0.10547895922799191,-0.4481743958503105
227,1550199600,36,11,-25,47,7,0.6545564471412485,-0.9159809617316108
227,1550214000,39,72,33,111,7,1.0516920648837345,-0.7005880105344653
227,1550228400,520,384,-136,904,7,-0.10547895922799191,1.9682652753926648
227,1550242800,339,140,-199,479,7,-0.5368504060862095,0.537921458849121
227,1550257200,634,112,-522,746,7,-2.748484966962468,1.436513927124712
227,1550271600,155,45,-110,200,7,0.07254735217381214,-0.40105718777593496
227,1550286000,35,23,-12,58,7,0.7435696028421506,-0.8789602982446014
227,1550300400,10,24,14,34,7,0.9215959142439546,-0.959732654943531
227,1550314800,147,88,-59,235,7,0.42175280915427393,-0.283264167589996
227,1550329200,239,86,-153,325,7,-0.2218807782214792,0.019632170030989757
227,1550343600,227,86,-141,313,7,-0.13971478834372347,-0.020754008318475015
227,1550358000,87,32,-55,119,7,0.4491414724468592,-0.6736638916348221
227,1550372400,24,10,-14,34,7,0.7298752711958579,-0.959732654943531
227,1550386800,8,22,14,30,7,0.9215959142439546,-0.9731947143933526
227,1550401200,106,60,-46,166,7,0.510765964855176,-0.5154846930994185
227,1550415600,215,64,-151,279,7,-0.20818644657518656,-0.13518151364195855
227,1550430000,172,70,-102,242,7,0.12732467875898262,-0.25970556355280827
227,1550444400,51,43,-8,94,7,0.7709582661347357,-0.7578017631962071
227,1550458800,13,10,-3,23,7,0.8051940952504673,-0.9967533184305403
227,1550473200,22,43,21,65,7,0.9695260750059788,-0.8554016942074136
227,1550487600,204,146,-58,350,7,0.42859997497742025,0.1037700415923747
227,1550502000,217,99,-118,316,7,0.01777002558864166,-0.010657463731108823
227,1550516400,267,80,-187,347,7,-0.45468441620845373,0.0936734970050085
227,1550530800,83,46,-37,129,7,0.5723904572634928,-0.6400087430102682
227,1550545200,19,8,-11,27,8,0.9339704219770301,-1.2140131508051883
227,1550559600,34,105,71,139,8,1.4216472037363284,-0.8667462199374278
227,1550574000,589,336,-253,925,8,-0.5052708119955333,1.5703234913309634
227,1550588400,316,138,-178,454,8,-0.05922497502056525,0.10994202312814885
227,1550602800,587,124,-463,711,8,-1.7541991555254437,0.9067956055657781
227,1550617200,186,33,-153,219,8,0.08945697063775741,-0.6186984121747416
227,1550631600,39,6,-33,45,8,0.8031303097977062,-1.158202394058584
227,1550646000,48,82,34,130,8,1.201597924162011,-0.89465159831073
227,1550660400,581,386,-195,967,8,-0.16032869806822464,1.7005485904063735
227,1550674800,318,137,-181,455,8,-0.07706680849956396,0.11304262072518242
227,1550689200,544,109,-435,653,8,-1.5876753763881224,0.7269609449378306
227,1550703600,167,31,-136,198,8,0.1905606936854168,-0.6838109617124468
227,1550718000,34,6,-28,40,8,0.8328666989293707,-1.173705382043752
227,1550732400,44,69,25,113,8,1.1480724237250146,-0.9473617574603008
227,1550746800,564,384,-180,948,8,-0.07111953067323105,1.6416372360627356
227,1550761200,348,121,-227,469,8,-0.3506415885108777,0.1564509870836525
227,1550775600,645,116,-529,761,8,-2.1467194920634154,1.061825485417457
227,1550790000,211,45,-166,256,8,0.012142358895429627,-0.5039763010844993
227,1550804400,39,11,-28,50,8,0.8328666989293707,-1.1426994060734161
227,1550818800,41,84,43,125,8,1.255123424599007,-0.9101545862958978
227,1550833200,520,375,-145,895,8,0.13703519324842064,1.4773055634199561
227,1550847600,342,144,-198,486,8,-0.17817053154722337,0.2091611462332233
227,1550862000,623,118,-505,741,8,-2.0039848242314258,0.9998135334767854
227,1550876400,200,38,-162,238,8,0.035931470200761255,-0.5597870578311037
227,1551495600,9647,4354,-5293,14001,9,-4.111229513615373,4.114660361332932
227,1551510000,3,5,2,8,9,0.29237216922701315,-0.28545157091621637
227,1551524400,24,17,-7,41,9,0.28488729384541134,-0.27507469006406016
227,1551538800,47,14,-33,61,9,0.26326432052078397,-0.2687856713657837
227,1551553200,84,24,-60,108,9,0.24080969437597857,-0.2540064774248339
227,1551567600,33,9,-24,42,9,0.2707491959023857,-0.2747602391291463
227,1551582000,15,8,-7,23,9,0.28488729384541134,-0.280734806892509
227,1551596400,5,5,0,10,9,0.2907088635866572,-0.28482266904638875
227,1551610800,36,9,-27,45,9,0.26825423744185184,-0.2738168863244049
227,1551625200,32,11,-21,43,9,0.27324415436291966,-0.27444578819423254
227,1551639600,63,18,-45,81,9,0.2532844866786482,-0.2624966526675072
227,1551654000,36,6,-30,42,9,0.2657592789813179,-0.2747602391291463
227,1551668400,5,1,-4,6,9,0.2873822523059453,-0.28608047278604404
227,1551682800,39,45,6,84,9,0.295698780507725,-0.2615532998627657
227,1551697200,431,331,-100,762,9,0.20754358156885952,-0.0483555659911926
227,1551711600,267,110,-157,377,9,0.16013937081871485,-0.1694191759330151
227,1551726000,474,81,-393,555,9,-0.036130694743287665,-0.1134469095183543
227,1551740400,147,48,-99,195,9,0.2083752343890375,-0.22664924608733117
227,1551754800,23,11,-12,34,10,0.7413226517321958,-0.959363667780165
227,1551769200,37,73,36,110,10,1.038796072490975,-0.7263482342423255
227,1551783600,610,394,-216,1004,10,-0.5229393864926158,2.014649102373839
227,1551798000,334,126,-208,460,10,-0.4733604830328193,0.3467491570503563
227,1551812400,616,151,-465,767,10,-2.0660827566787834,1.2880088688413658
227,1551826800,173,60,-113,233,10,0.11538899555226456,-0.3492311510166116
227,1551841200,25,5,-20,30,10,0.6917437482723993,-0.9716276379663671
227,1551855600,53,71,18,124,10,0.9272435397064328,-0.6834243385906182
227,1551870000,601,382,-219,983,10,-0.5415314752900395,1.950263258896278
227,1551884400,340,132,-208,472,10,-0.4733604830328193,0.38354106760896256
227,1551898800,619,143,-476,762,10,-2.1342537489360036,1.2726789061086132
227,1551913200,179,46,-133,225,10,-0.008558263097226775,-0.37375909138901575
227,1551927600,32,6,-26,38,10,0.6545595706775519,-0.947099697593963
227,1551942000,37,78,41,115,10,1.069782887153348,-0.711018271509573
227,1551946154,22,18,-4,40,10,0.7909015551919923,-0.9409677125008619
227,1551956400,586,410,-176,996,10,-0.27504486919363313,1.9901211620014347
227,1551970800,362,149,-213,511,10,-0.5043472976951922,0.5031147769244328
227,1551985200,631,136,-495,767,10,-2.25200364465302,1.2880088688413658
227,1551999600,183,48,-135,231,10,-0.02095298896217591,-0.35536313610971265
227,1552014000,30,9,-21,39,10,0.6855463853399247,-0.9440337050474125
227,1552028400,38,83,45,121,10,1.0945723388832462,-0.6926223162302698
227,1552042800,529,404,-125,933,10,0.04102064036256976,1.796963631568752
227,1552057200,376,140,-236,516,10,-0.6468866451421071,0.5184447396571854
227,1552071600,643,107,-536,750,10,-2.5060955248844774,1.235886995550007
227,1552086000,141,42,-99,183,10,0.2021520766069085,-0.5025307783441376
227,1552100400,31,14,-17,45,10,0.7103358370698231,-0.9256377497681093
227,1552114800,8,22,14,30,10,0.9024540879765346,-0.9716276379663671
227,1552129200,122,82,-40,204,10,0.567796489622908,-0.4381449348665767
227,1552143600,200,89,-111,289,10,0.1277837214172137,-0.17753556840978252
227,1552158000,171,81,-90,252,10,0.2579283429991796,-0.2909772926321518
227,1552172400,77,40,-37,117,10,0.5863885784203317,-0.7048862864164719
227,1552190400,22,19,-3,41,10,0.797098918124467,-0.9379017199543114
227,1552204800,11,21,10,32,10,0.8776646362466363,-0.965495652873266
227,1552219200,98,60,-38,158,10,0.5801912154878571,-0.5791805920079006
227,1552233600,154,60,-94,214,10,0.23313889126928133,-0.4074850094010715
227,1552248000,105,51,-54,156,10,0.48103340856826404,-0.5853125771010016
227,1552262400,40,34,-6,74,10,0.7785068293270433,-0.8367239659181442
227,1552276800,5,3,-2,8,10,0.8032962810569415,-1.0390794739904785
227,1552291200,147,136,-11,283,10,0.7475200146646704,-0.19593152368908565
227,1552305600,627,348,-279,975,10,-0.9133732512385135,1.925735318523874
227,1552320000,374,123,-251,497,10,-0.7398470891292257,0.4601908812727255
227,1552334400,637,114,-523,751,10,-2.425529806762308,1.2389529880965575
227,1552348800,114,36,-78,150,11,0.3499867439841879,-0.6975387960510946
227,1552363200,20,3,-17,23,11,0.7051020065930946,-1.1197187504521542
227,1552377600,131,160,29,291,11,0.9728938439703029,-0.22881931911763462
227,1552392000,554,89,-465,643,11,-1.9029576269936301,0.9413172474112866
227,1552406400,408,431,23,839,11,0.9379644738776236,1.5928705628648905
227,1552420800,648,106,-542,754,11,-2.3512178765163485,1.3103091760610317
227,1552435200,101,36,-65,137,11,0.4256670458516598,-0.7407540669740377
227,1552449600,14,3,-11,17,11,0.7400313766857739,-1.139664260108897
227,1552464000,143,159,16,302,11,0.897213542102831,-0.19225255141360584
227,1552478400,577,356,-221,933,11,-0.4824965765580032,1.9053502141538639
227,1552492800,403,130,-273,533,11,-0.7852177840278909,0.5756495703709987
227,1552507200,599,148,-451,747,11,-1.821455763444045,1.2870394147948314
227,1552521600,131,33,-98,164,11,0.2335555103419234,-0.6509992735186942
227,1552536000,12,3,-9,15,11,0.7516745000500004,-1.1463127633278116
227,1552550400,112,170,58,282,11,1.1417191327515863,-0.2587375836027491
227,1552564800,589,378,-211,967,11,-0.42428095973687097,2.0183747688754075
227,1552579200,419,135,-284,554,11,-0.8492549625311363,0.6454588541695991
227,1552593600,623,112,-511,735,11,-2.1707494643708385,1.2471483954813456
227,1552608000,138,23,-115,161,11,0.1345889617459986,-0.6609720283470658
227,1552622400,20,6,-14,26,11,0.7225666916394342,-1.1097459956237827
227,1552636800,117,132,15,249,11,0.8913919804207178,-0.36843788671483546
227,1552651200,521,376,-145,897,11,-0.040057888717398134,1.7856771562134062
227,1552665600,367,143,-224,510,11,-0.49996126160434284,0.49919178335348396
227,1552680000,651,87,-564,738,11,-2.4792922335228393,1.257121150309717
227,1552694400,106,34,-72,140,11,0.38491611407686727,-0.7307813121456662
227,1552708800,20,10,-10,30,11,0.7458529383678871,-1.0964489891859541
227,1552723200,23,38,15,61,11,0.8913919804207178,-0.993397189292782
227,1552737600,177,96,-81,273,11,0.33252205893784825,-0.28865584808786354
227,1552752000,241,107,-134,348,11,0.023979289785847336,-0.03933697737857636
227,1552766400,212,85,-127,297,11,0.06473022156063991,-0.20887380946089165
227,1552780800,78,32,-46,110,11,0.5362767178118111,-0.8305088604293811
227,1552795200,8,6,-2,14,11,0.792425431824793,-1.1496370149372688
227,1552809600,30,30,0,60,11,0.8040685551890194,-0.9967214409022392
227,1552824000,157,65,-92,222,11,0.2684848804346028,-0.45819268017017883
227,1552838400,230,79,-151,309,11,-0.07498725881007748,-0.1689827901474057
227,1552852800,156,44,-112,200,11,0.15205364679233827,-0.5313262155782364
227,1552867200,32,32,0,64,11,0.8040685551890194,-0.9834244344644105
227,1552881600,4,7,3,11,11,0.8215332402353591,-1.1596097697656402
227,1552896000,129,144,15,273,11,0.8913919804207178,-0.28865584808786354
227,1552910400,500,353,-147,853,11,-0.05170101208162458,1.6394100853972908
227,1552924800,358,125,-233,483,11,-0.5523553167433619,0.4094369898981406
227,1552939200,584,114,-470,698,11,-1.9320654354041962,1.1241510859314305
227,1552953600,114,40,-74,154,12,0.3726267428559125,-0.6833313743518337
227,1552968000,14,5,-9,19,12,0.8033512036839834,-1.1620591836823182
227,1552982400,134,167,33,301,12,1.081665470680583,-0.1620499819697506
227,1552988542,378,245,-133,623,12,-0.018338536972644138,0.9798044965814791
227,1552996800,201,130,-71,331,12,0.39250633335566965,-0.05566602434075405
227,1553011200,300,108,-192,408,12,-0.40930381680120076,0.21738613357367043
227,1553025600,619,137,-482,756,12,-2.3309975651110553,1.4514400420700304
227,1553040000,134,33,-101,167,12,0.19371042835809846,-0.6372316593792685
227,1553054400,14,4,-10,18,12,0.7967246735173977,-1.1656053156032846
227,1553068800,143,144,1,287,12,0.8696165053498405,-0.2116958288632823
227,1553083200,499,368,-131,867,12,-0.005085476639472725,1.8450606852973175
227,1553097600,395,156,-239,551,12,-0.7207507346307289,0.7244829982718873
227,1553112000,632,112,-520,744,12,-2.582805711441312,1.4088864590184318
227,1553126400,134,38,-96,172,12,0.22684307919102698,-0.6195009997744357
227,1553140800,12,7,-5,19,12,0.8298573243503262,-1.1620591836823182
227,1553155200,132,147,15,279,12,0.9623879276820403,-0.24006488423101474
227,1553169600,536,381,-155,917,12,-0.16412220063752966,2.022367281345645
227,1553184000,345,143,-202,488,12,-0.47556911846705785,0.5010766872509945
227,1553198400,590,117,-473,707,12,-2.271358793611784,1.2776795779426693
227,1553212800,131,49,-82,180,12,0.31961450152322685,-0.5911319444067034
227,1553227200,15,7,-8,22,12,0.809977733850569,-1.1514207879194185
227,1553241600,121,146,25,267,12,1.0286532293478974,-0.28261846728261336
227,1553256000,528,324,-204,852,12,-0.48882217880022927,1.7918687064828194
227,1553270400,377,158,-219,535,12,-0.5882201312990148,0.6677448875364225
227,1553284800,548,97,-451,645,12,-2.1255751299468986,1.0578193988427431
227,1553299200,111,29,-82,140,12,0.31961450152322685,-0.7329772212453655
227,1553313600,18,6,-12,24,12,0.7834716131842263,-1.1443285240774854
227,1553328000,25,48,23,73,12,1.015400169014726,-0.9705680599501244
227,1553342400,198,103,-95,301,12,0.23346960935761268,-0.1620499819697506
227,1553356800,252,107,-145,359,12,-0.0978568989716726,0.0436256694463094
227,1553371200,200,68,-132,268,12,-0.01171200680605843,-0.27907233536164683
227,1553385600,79,30,-49,109,12,0.5382899970205551,-0.8429073107953285
227,1553400000,8,5,-3,13,12,0.8431103846834976,-1.1833359752081174
227,1553414400,16,28,12,44,12,0.9425083371822832,-1.0734058856581543
227,1553428800,154,73,-81,227,12,0.32624103168981256,-0.4244637441212754
227,1553443200,233,75,-158,308,12,-0.1840017911372868,-0.13722705852298472
227,1553457600,164,49,-115,213,12,0.10093900602589857,-0.47410959101480715
227,1553472000,46,35,-11,81,12,0.790098143350812,-0.9421990045823919
227,1553486400,7,2,-5,9,12,0.8298573243503262,-1.1975205028919838
227,1553500800,111,134,23,245,12,1.015400169014726,-0.3606333695438775
227,1553515200,612,357,-255,969,12,-0.8267752172961003,2.2067661412359056
227,1553529600,373,109,-264,482,12,-0.8864139887953716,0.47979989572519527
227,1553544000,601,133,-468,734,12,-2.2382261427788555,1.3734251398087662
227,1553558400,105,34,-71,139,13,0.4438394996770709,-0.734838067933298
227,1553572800,15,3,-12,18,13,0.7965766004467252,-1.1326274864715404
227,1553587200,135,152,17,287,13,0.9699558533674026,-0.24828572129148072
227,1553601600,631,401,-230,1032,13,-0.5067570939225056,2.2009135911960453
227,1553616000,401,123,-278,524,13,-0.7937296504808683,0.5308555365065645
227,1553630400,648,103,-545,751,13,-2.390014496336761,1.27712163574773
227,1553644800,103,25,-78,128,13,0.4019893351789764,-0.7710007423458655
227,1553659200,17,5,-12,22,13,0.7965766004467252,-1.1194774230487885
227,1553673600,137,182,45,319,13,1.1373565113597808,-0.14308521390946619
227,1553688000,576,330,-246,906,13,-0.6024146127752932,1.786686593379363
227,1553702400,383,121,-262,504,13,-0.6980721316280808,0.46510521939280536
227,1553716800,658,111,-547,769,13,-2.4019716861933595,1.3362969211501132
227,1553731200,144,38,-106,182,13,0.23458867718659812,-0.5934748861387159
227,1553745600,15,8,-7,23,13,0.8264695750882213,-1.1161899071931007
227,1553760000,127,161,34,288,13,1.0715919671484895,-0.24499820543579276
227,1553774400,599,382,-217,981,13,-0.4290353598546157,2.0332502825559597
227,1553788800,360,109,-251,469,13,-0.6323075874167893,0.35004216444372693
227,1553803200,624,118,-506,742,13,-2.1568492941330915,1.2475339930465386
227,1553817600,130,44,-86,174,13,0.3541605757525826,-0.6197750129842196
227,1553832000,22,7,-15,29,13,0.7786408156618274,-1.0964648120589728
227,1553846400,125,152,27,277,13,1.0297418026503948,-0.28116087984836025
227,1553860800,523,367,-156,890,13,-0.06434106922836305,1.7340863396883557
227,1553875200,406,147,-259,553,13,-0.680136346843183,0.6261934963215151
227,1553889600,582,107,-475,689,13,-1.9715128513558153,1.073295652695077
227,1553904000,111,34,-77,145,13,0.4079679301072756,-0.7151129727991702
227,1553918400,36,8,-28,44,13,0.7009190815939376,-1.0471520742236535
227,1553932800,21,51,30,72,13,1.0476775874352926,-0.9551016302643909
227,1553947200,189,97,-92,286,13,0.31828900618278727,-0.25157323714716867
227,1553961600,277,96,-181,373,13,-0.21380594243584364,0.03444064229768335
227,1553976000,259,74,-185,333,13,-0.23772032214904054,-0.09705999192983482
227,1553990400,108,40,-68,148,13,0.46177528446196864,-0.7052504252321063
227,1554004800,13,13,0,26,13,0.8683197395863158,-1.1063273596260368
227,1554019200,17,18,1,35,13,0.874298334514615,-1.0767397169248452
227,1554033600,131,69,-62,200,13,0.49764685403176395,-0.5342996007363328
227,1554048000,188,62,-126,250,13,0.11501677862061364,-0.369923807951935
227,1554062400,152,43,-109,195,13,0.21665289240170044,-0.5507371800147726
227,1554076800,46,43,-3,89,13,0.8503839548014182,-0.8992138607176957
227,1554091200,6,4,-2,10,13,0.8563625497297174,-1.158927613317044
227,1554105600,121,134,13,255,13,0.9460414736542058,-0.3534862286734953
227,1554120000,534,297,-237,831,13,-0.5486072584206002,1.5401229042027664
227,1554134400,361,133,-228,494,13,-0.4947999040659071,0.4322300608359258
227,1554148800,627,117,-510,744,13,-2.1807636738462883,1.2541090247579143
227,1554163200,108,41,-67,149,14,0.5032584110026407,-0.7249187718303596
227,1554177600,17,4,-13,21,14,0.8478810185370576,-1.1408380159456224
227,1554192000,139,135,-4,274,14,0.9053181197927938,-0.3187476349990481
227,1554206400,708,364,-344,1072,14,-1.2645279276461276,2.274248902532044
227,1554220800,371,131,-240,502,14,-0.6008103131353988,0.4221085185812639
227,1554235200,576,120,-456,696,14,-1.9793007432730665,1.0524861229434592
227,1554249600,120,25,-95,145,14,0.3245652070959059,-0.7379162482089615
227,1554264000,12,6,-6,18,14,0.8925543195137413,-1.150586123229574
227,1554278400,166,144,-22,310,14,0.7904439172813215,-0.20177034759163043
227,1554292800,570,368,-202,938,14,-0.3582981078334017,1.838833443848878
227,1554307200,359,137,-222,496,14,-0.4859361106239265,0.40261230401336096
227,1554321600,622,120,-502,742,14,-2.2728681496912735,1.2019571012973818
227,1554336000,130,46,-84,176,14,0.39476610863069456,-0.6371858062747963
227,1554350400,24,4,-20,28,14,0.8032077175603739,-1.118092432283069
227,1554364800,145,166,21,311,14,1.0648656232809497,-0.19852097849697994
227,1554379200,580,395,-185,975,14,-0.24980580546145564,1.9590601003509462
227,1554393600,343,150,-193,493,14,-0.30086100657766557,0.3928641967294095
227,1554408000,625,139,-486,764,14,-2.1707577474588535,1.2734432213796927
227,1554422400,132,30,-102,162,14,0.27989190611922227,-0.6826769735999031
227,1554436800,20,5,-15,25,14,0.8351172182580051,-1.1278405395670204
227,1554451200,131,155,24,286,14,1.0840113236995284,-0.2797552058632422
227,1554465600,560,323,-237,883,14,-0.5816646127168201,1.6601181436431012
227,1554480000,425,155,-270,580,14,-0.792267317321186,0.6755593079640022
227,1554494400,591,99,-492,690,14,-2.209049148296011,1.0329899083755563
227,1554508800,118,41,-77,159,14,0.43943940960737826,-0.6924250808838546
227,1554523200,22,17,-5,39,14,0.8989362196532675,-1.0823493722419135
227,1554537600,28,41,13,69,14,1.0138104221647397,-0.9848682994023988
227,1554552000,240,85,-155,325,14,-0.05834880127566845,-0.15302981117187306
227,1554566400,276,93,-183,369,14,-0.23704200518240315,-0.01005757100725145
227,1554580800,270,75,-195,345,14,-0.31362480685671806,-0.08804242927886324
227,1554595200,90,56,-34,146,14,0.7138611156070065,-0.734666879114311
227,1554609600,20,11,-9,31,14,0.8734086190951625,-1.1083443249991176
227,1554624000,18,24,6,42,14,0.9691371211880562,-1.0726012649579622
227,1554638400,182,97,-85,279,14,0.38838420849116834,-0.3025007895257957
227,1554652800,231,85,-146,316,14,-0.0009117000199322941,-0.1822741330237275
227,1554667200,185,74,-111,259,14,0.2224548048634861,-0.36748817141880546
227,1554681600,41,26,-15,67,14,0.8351172182580051,-0.9913670375916999
227,1554696000,6,3,-3,9,14,0.91170001993232,-1.1798304450814283
227,1554710400,126,156,30,282,14,1.122302724536686,-0.2927526822418442
227,1554724800,609,354,-255,963,14,-0.6965388152282924,1.9200676712151403
227,1554739200,344,138,-206,482,14,-0.38382570839150665,0.35712113668825407
227,1554753600,597,113,-484,710,14,-2.157993947179801,1.097977290268566
227,1554768000,96,36,-60,132,15,0.6631594967069946,-0.8906241760981435
227,1554782400,20,4,-16,24,15,0.925695647074288,-1.2449366881820918
227,1554796800,162,166,4,328,15,1.0450302608776032,-0.24761258009394096
227,1554811200,598,381,-217,979,15,-0.2736172216490299,1.888104506634303
227,1554825600,399,135,-264,534,15,-0.5540535640868207,0.4282057299921086
227,1554840000,608,119,-489,727,15,-1.896567969374117,1.061375311771757
227,1554854400,115,29,-86,144,15,0.5080244987626847,-0.8512561191999269
227,1554868800,12,4,-8,16,15,0.9734294925956141,-1.2711820594475693
227,1554883200,126,160,34,286,15,1.224032181582576,-0.38540077923769867
227,1554897600,583,349,-234,932,15,-0.3750516433818479,1.7339129504496218
227,1554912000,385,153,-232,538,15,-0.36311818200151635,0.4413284156248474
227,1554926400,619,104,-515,723,15,-2.051702967318427,1.0482526261390182
227,1554940800,132,41,-91,173,15,0.47819084531185596,-0.7561166483625705
227,1554955200,17,5,-12,22,15,0.949562569834951,-1.2514980309984611
227,1554969600,146,167,21,313,15,1.1464646826104212,-0.2968226512167116
227,1554984000,587,355,-232,942,15,-0.36311818200151635,1.766719664531469
227,1554998400,379,153,-226,532,15,-0.3273177978605218,0.42164438717573915
227,1555012800,628,150,-478,778,15,-1.8309339317822937,1.228689553589177
227,1555027200,120,39,-81,159,15,0.5378581522135135,-0.8020460480771564
227,1555041600,22,7,-15,29,15,0.9316623777644538,-1.2285333311411681
227,1555056000,112,154,42,266,15,1.2717660271039022,-0.45101420740139275
227,1555070400,548,338,-210,886,15,-0.23185010681786958,1.5830020656731254
227,1555084800,403,146,-257,549,15,-0.5122864492556604,0.4774158011148792
227,1555099200,607,88,-519,695,15,-2.0755698900790898,0.9563938267098464
227,1555113600,131,37,-94,168,15,0.46029065324135865,-0.772520005403494
227,1555128000,38,11,-27,49,15,0.8600616094824647,-1.1629199029774742
227,1555142400,45,38,-7,83,15,0.9793962232857799,-1.051377075099194
227,1555156800,333,98,-235,431,15,-0.3810183740720136,0.09029657494908382
227,1555171200,481,110,-371,591,15,-1.1924937479345572,0.6152040002586369
227,1555185600,470,74,-396,544,15,-1.341662015188701,0.46101244407395564
227,1555200000,202,52,-150,254,15,0.12615373459207607,-0.49038226429960924
227,1555214400,44,10,-34,54,15,0.8182944946513043,-1.1465165459365505
227,1555228800,39,22,-17,61,15,0.9197289163841222,-1.1235518460792577
227,1555243200,300,83,-217,383,15,-0.2736172216490299,-0.0671756526437821
227,1555257600,449,88,-361,537,15,-1.1328264410328994,0.4380477442166627
227,1555272000,321,61,-260,382,15,-0.5301866413261577,-0.0704563240519668
227,1555286400,93,50,-43,143,15,0.7645939184398125,-0.8545367906081117
227,1555300800,6,3,-3,9,15,1.003263146046443,-1.2941467593048623
227,1555315200,118,145,27,263,15,1.1822650667514158,-0.4608562216259469
227,1555329600,580,444,-136,1024,15,0.20968796425439673,2.035734720002615
227,1555344000,376,130,-246,506,15,-0.446652411663837,0.3363469305629368
227,1555358400,617,140,-477,757,15,-1.8249672010921278,1.159795454017298
227,1555372800,102,29,-73,131,16,0.49157377598028557,-0.8036096605398552
227,1555387200,18,7,-11,25,16,0.8707379088750319,-1.159525916879234
227,1555401600,150,176,26,326,16,1.0970132785057676,-0.14885805689665835
227,1555416000,636,349,-287,985,16,-0.8171540375596453,2.063866593364197
227,1555430400,429,132,-297,561,16,-0.8783095428652496,0.6402015680066814
227,1555444800,665,133,-532,798,16,-2.3154639175469494,1.4359765939730282
227,1555459200,114,35,-79,149,16,0.454880472796923,-0.7431710509727909
227,1555473600,21,4,-17,25,16,0.8340446056916694,-1.159525916879234
227,1555488000,133,168,35,301,16,1.1520532332808116,-0.23280057018424768
227,1555502400,604,388,-216,992,16,-0.3829499498898552,2.0873704970847218
227,1555516800,437,145,-292,582,16,-0.8477317902124475,0.7107132791682564
227,1555531200,639,129,-510,768,16,-2.18092180587462,1.335245578027921
227,1555545600,108,43,-65,151,16,0.540498180224769,-0.7364556499097837
227,1555560000,24,10,-14,34,16,0.8523912572833506,-1.1293066120957018
227,1555574400,126,153,27,279,16,1.1031288290363281,-0.3066699818773263
227,1555588800,553,339,-214,892,16,-0.37071884882873435,1.7516004439343644
227,1555603200,413,139,-274,552,16,-0.7376518806623599,0.6099822632231492
227,1555617600,662,150,-512,812,16,-2.1931529069357407,1.4829844014140783
227,1555632000,138,41,-97,179,16,0.3448005632468354,-0.6424400350276837
227,1555646400,15,6,-9,21,16,0.8829690099361528,-1.1729567190052483
227,1555660800,110,126,16,236,16,1.0358577732001635,-0.45105110473197996
227,1555675200,468,262,-206,730,16,-0.32179444458425094,1.2076529578307853
227,1555689600,409,132,-277,541,16,-0.7559985322540411,0.57304755737661
227,1555704000,535,79,-456,614,16,-1.850682077224357,0.8181596961763707
227,1555718400,100,47,-53,147,16,0.613884786591494,-0.749886452035798
227,1555732800,21,9,-12,30,16,0.8646223583444715,-1.1427374142217162
227,1555747200,31,41,10,72,16,0.9991644700168009,-1.001713991898566
227,1555761600,212,81,-131,293,16,0.13687184520778092,-0.25966217443627626
227,1555776000,328,109,-219,437,16,-0.40129660148153645,0.2238467021002383
227,1555790400,319,63,-256,382,16,-0.6275719711122721,0.03917317286754175
227,1555804800,98,39,-59,137,16,0.5771914834081315,-0.7834634573508338
227,1555819200,11,8,-3,19,16,0.9196623131195153,-1.1796721200682554
227,1555833600,25,19,-6,44,16,0.901315661527834,-1.095729606780666
227,1555848000,167,74,-93,241,16,0.3692627653690771,-0.4342626020744621
227,1555862400,252,98,-154,350,16,-0.003785816995108843,-0.06827324414057259
227,1555876800,223,65,-158,288,16,-0.02824801911735054,-0.2764506770937942
227,1555891200,81,38,-43,119,16,0.6750402918970984,-0.843902066917898
227,1555905600,5,3,-2,8,16,0.9257778636500757,-1.2166068259147946
227,1555920000,127,151,24,278,16,1.084782177444647,-0.3100276824088299
227,1555934400,560,318,-242,878,16,-0.5419542636844262,1.7045926364933142
227,1555948800,389,129,-260,518,16,-0.6520341732345138,0.4958204451520277
227,1555963200,540,89,-451,629,16,-1.820104324571555,0.8685252041489244
227,1555977600,110,28,-82,138,17,0.3781754666199212,-0.7375096019113306
227,1555992000,11,4,-7,15,17,0.8622277705015756,-1.141322490461827
227,1556006400,148,143,-5,291,17,0.8751358319384197,-0.2352057649338839
227,1556020800,599,366,-233,965,17,-0.5963831718618098,1.9775575430582675
227,1556035200,388,140,-248,528,17,-0.6931936326381406,0.5428727276390238
227,1556049600,658,130,-528,788,17,-2.500322233796317,1.3964609473392602
227,1556064000,109,45,-64,154,17,0.4943480195515182,-0.6849810960836238
227,1556078400,19,4,-15,23,17,0.810595524754199,-1.1150582375479736
227,1556092800,148,148,0,296,17,0.90740598553053,-0.2187906068627255
227,1556107200,596,332,-264,928,17,-0.7964581241328935,1.8560853733316953
227,1556121600,374,158,-216,532,17,-0.4866646496486347,0.5560048540959506
227,1556136000,558,120,-438,678,17,-1.919459469138332,1.0353274697737755
227,1556150400,129,27,-102,156,17,0.24909485225147998,-0.6784150328551605
227,1556164800,13,2,-11,15,17,0.8364116476278873,-1.141322490461827
227,1556179200,130,142,12,272,17,0.9848543541515947,-0.2975833656042858
227,1556193600,557,416,-141,973,17,-0.0026123457669803133,2.003821795972121
227,1556208000,412,156,-256,568,17,-0.7448258783855171,0.674193992208291
227,1556222400,655,111,-544,766,17,-2.6035867252910703,1.3242342518261634
227,1556236800,110,32,-78,142,17,0.4039915894936094,-0.724377475454404
227,1556251200,27,5,-22,32,17,0.7654173097252447,-1.0855109530198885
227,1556265600,107,123,16,230,17,1.010670477025283,-0.4354706934020163
227,1556280000,498,379,-119,877,17,0.139376330038305,1.6886507610058799
227,1556294400,373,103,-270,476,17,-0.8351823084434259,0.3721550836989766
227,1556308800,515,96,-419,611,17,-1.7968328854883129,0.8153643516202532
227,1556323200,88,39,-49,127,17,0.5911584803278491,-0.7736229496678791
227,1556337600,20,9,-11,29,17,0.8364116476278873,-1.0953600478625836
227,1556352000,27,44,17,71,17,1.017124507743705,-0.9574727200648532
227,1556366400,196,105,-91,301,17,0.3200891901541226,-0.2023754487915671
227,1556380800,288,107,-181,395,17,-0.2607735745038627,0.10622952294621066
227,1556395200,234,56,-178,290,17,-0.2414114823485965,-0.23848879654811558
227,1556409600,90,58,-32,148,17,0.7008770025410241,-0.7046792857690138
227,1556424000,16,14,-2,30,17,0.8944979240936859,-1.092077016248352
227,1556438400,17,19,2,36,17,0.9203140469673741,-1.072378826562962
227,1556452800,143,62,-81,205,17,0.38462949733834323,-0.5175464837578082
227,1556467200,301,76,-225,377,17,-0.5447509261144332,0.047134953890040444
227,1556481600,171,52,-119,223,17,0.139376330038305,-0.45845191470163804
227,1556496000,44,26,-18,70,17,0.791233432598933,-0.9607557516790848
227,1556510400,6,9,3,15,17,0.9267680776857962,-1.141322490461827
227,1556524800,148,128,-20,276,17,0.7783253711620888,-0.2844512391473591
227,1556539200,564,390,-174,954,17,-0.21559535947490827,1.941444195301719
227,1556553600,383,151,-232,534,17,-0.5899291411433877,0.562570917324414
227,1556568000,588,108,-480,696,17,-2.1905287593120586,1.094422038829946
227,1556582400,126,42,-84,168,18,0.3225651158636477,-0.6326104767877854
227,1556596800,15,6,-9,21,18,0.7986623692550727,-1.1185420387972145
227,1556611200,134,159,25,293,18,1.0144931241258521,-0.21940336623554976
227,1556625600,560,403,-157,963,18,-0.14083621077067263,1.9953867463244335
227,1556640000,389,146,-243,535,18,-0.6867610613261733,0.5805655997935785
227,1556654400,615,122,-493,737,18,-2.2737519059642564,1.2483082904459912
227,1556668800,117,37,-80,154,18,0.3479569693778571,-0.6788896731696358
227,1556683200,14,4,-10,18,18,0.7923144058765205,-1.1284590094504683
227,1556697600,125,147,22,272,18,0.9954492339901951,-0.28882216080832535
227,1556712000,579,441,-138,1020,18,-0.020224906578178277,2.183809188736253
227,1556726400,408,115,-293,523,18,-1.00415923025379,0.5408977171805638
227,1556740800,613,98,-515,711,18,-2.413407100292408,1.1623612114511261
227,1556755200,110,41,-69,151,18,0.41778456654193274,-0.6888066438228895
227,1556769600,16,4,-12,20,18,0.7796184791194157,-1.1218476956816323
227,1556784000,138,135,-3,273,18,0.8367501495263867,-0.2855165039239075
227,1556792264,57,73,16,130,18,0.957361453718881,-0.758225438395665
227,1556798400,512,357,-155,869,18,-0.12814028401356795,1.684654999189152
227,1556812800,396,157,-239,553,18,-0.661369207811964,0.6400674237131003
227,1556827200,611,118,-493,729,18,-2.2737519059642564,1.221863035370648
227,1556841600,109,42,-67,151,18,0.4304804932990374,-0.6888066438228895
227,1556856000,20,10,-10,30,18,0.7923144058765205,-1.0887911268374535
227,1556870400,118,140,22,258,18,0.9954492339901951,-0.33510135719017575
227,1556884800,563,308,-255,871,18,-0.7629366218688013,1.691266312957988
227,1556899200,470,153,-317,623,18,-1.156510351339046,0.8714634056223524
227,1556913600,588,121,-467,709,18,-2.1087048581218957,1.1557498976822904
227,1556928000,128,32,-96,160,18,0.24638955532101972,-0.6590557318631285
227,1556942400,21,7,-14,28,18,0.7669225523623111,-1.0954024406062892
227,1556956800,17,39,22,56,18,0.9954492339901951,-1.0028440478425886
227,1556971200,172,92,-80,264,18,0.3479569693778571,-0.31526741588366847
227,1556985600,285,93,-192,378,18,-0.36301492902000426,0.061577468939970466
227,1557000000,228,77,-151,305,18,-0.10274843049935861,-0.17973548362253516
227,1557014400,135,38,-97,173,18,0.2400415919424674,-0.616082192365696
227,1557028800,15,6,-9,21,18,0.7986623692550727,-1.1185420387972145
227,1557043200,27,24,-3,51,18,0.8367501495263867,-1.019372332264678
227,1557057600,129,80,-49,209,18,0.5447438341129794,-0.4970785445266521
227,1557072000,209,75,-134,284,18,0.005166946936031057,-0.24915427819531075
227,1557086400,156,33,-123,189,18,0.07499454410010672,-0.5631916822150098
227,1557100800,42,26,-16,68,18,0.7542266256052064,-0.9631761652295739
227,1557115200,8,8,0,16,18,0.8557940396620437,-1.135070323219304
227,1557129600,133,151,18,284,18,0.9700573804759858,-0.24915427819531075
227,1557144000,514,373,-141,887,18,-0.03926879671383528,1.7441568231086741
227,1557158400,408,170,-238,578,18,-0.6550212444334116,0.7227088458235474
227,1557172800,595,125,-470,720,18,-2.127748748257553,1.1921121234108871
227,1557187200,98,28,-70,126,19,0.4406626739875195,-0.7659995759429642
227,1557201600,9,3,-6,12,19,0.8365521351099969,-1.1344550681686938
227,1557216000,142,142,0,284,19,0.8736667720902291,-0.2553331919809881
227,1557230400,598,395,-203,993,19,-0.38204511240762884,2.036201404405348
227,1557244800,384,131,-253,515,19,-0.6913337539095643,0.49127398963430613
227,1557259200,626,102,-524,728,19,-2.3676781908500546,1.1797039882665905
227,1557273600,120,34,-86,154,19,0.34169030870690015,-0.675501735747171
227,1557288000,17,4,-13,21,19,0.793251725299726,-1.105366476677189
227,1557302400,146,155,9,301,19,0.9293387275605776,-0.20038807471925646
227,1557316800,597,376,-221,973,19,-0.49338902334832563,1.9715600899797812
227,1557331200,420,132,-288,552,19,-0.9078358029609191,0.6108604213216043
227,1557345600,675,127,-548,802,19,-2.516136738770984,1.4188768516411867
227,1557360000,118,40,-78,158,19,0.39117649134720983,-0.6625734728620576
227,1557374400,19,9,-10,28,19,0.8118090437898421,-1.0827420166282404
227,1557388800,139,162,23,301,19,1.0159395471811195,-0.20038807471925646
227,1557403200,598,384,-214,982,19,-0.4500886135380547,2.000648681471286
227,1557417600,418,140,-278,558,19,-0.8459780746605321,0.6302528156492744
227,1557432000,607,113,-494,720,19,-2.1821050059488933,1.1538474624963637
227,1557446400,110,31,-79,141,19,0.38499071851717115,-0.7175185901237893
227,1557460800,19,5,-14,24,19,0.7870659524696872,-1.0956702795133537
227,1557475200,117,165,48,282,19,1.1705838679320872,-0.2617973234235447
227,1557489600,561,365,-196,926,19,-0.3387447025973579,1.8196530010796996
227,1557504000,442,136,-306,578,19,-1.0191797139016159,0.6948941300748409
227,1557518400,588,103,-485,691,19,-2.126433050478545,1.0601175565792922
227,1557532800,131,39,-92,170,19,0.3045756717266679,-0.6237886842067176
227,1557547200,14,7,-7,21,19,0.8303663622799582,-1.105366476677189
227,1557561600,36,50,14,86,19,0.9602675917107711,-0.8952822047940974
227,1557576000,213,115,-98,328,19,0.2674610347464356,-0.11312230024474154
227,1557590400,276,87,-189,363,19,-0.29544429278708695,0.0
227,1557604800,225,64,-161,289,19,-0.12224265354600305,-0.23917286337459642
227,1557619200,99,39,-60,138,19,0.5025204022879066,-0.7272147872876242
227,1557633600,15,5,-10,20,19,0.8118090437898421,-1.1085985423984672
227,1557648000,18,20,2,38,19,0.8860383177503066,-1.0504213594154572
227,1557662400,122,79,-43,201,19,0.6076785403985647,-0.5235946468470895
227,1557676800,147,66,-81,213,19,0.37261917285709373,-0.4848098581917495
227,1557691200,125,43,-82,168,19,0.366433400027055,-0.6302528156492744
227,1557705600,35,27,-8,62,19,0.8241805894499196,-0.9728517821047773
227,1557720000,9,10,1,19,19,0.8798525449202679,-1.1118306081197455
227,1557734400,132,150,18,282,19,0.985010683030926,-0.2617973234235447
227,1557748800,554,333,-221,887,19,-0.49338902334832563,1.6936024379498449
227,1557763200,364,137,-227,501,19,-0.5305036603285579,0.4460250695364095
227,1557777600,506,104,-402,610,19,-1.613013905585332,0.7983202331557475
227,1557792000,149,29,-120,178,20,0.21011589181525045,-0.6554800242232625
227,1557806400,25,12,-13,37,20,0.868596238968483,-1.12237354159759
227,1557820800,144,150,6,294,20,0.9855226557527019,-0.27136904539048223
227,1557835200,602,365,-237,967,20,-0.5099046746980974,1.957136892147975
227,1557849600,411,125,-286,536,20,-0.8114517495626619,0.529965927691697
227,1557864000,618,116,-502,734,20,-2.14072048774115,1.1856036329407529
227,1557878400,146,39,-107,185,20,0.2901181769834002,-0.6323009134316291
227,1557892800,24,6,-18,30,20,0.8378261292884255,-1.1455526523892234
227,1557907200,153,151,-2,304,20,0.9362904802646098,-0.23825602997386328
227,1557921600,562,320,-242,882,20,-0.540674784378155,1.6756762611067137
227,1557936000,415,162,-253,577,20,-0.6083690256742817,0.6657292908998349
227,1557950400,633,119,-514,752,20,-2.2145687509732888,1.2452070606906671
227,1557964800,160,45,-115,205,20,0.24088600149530803,-0.5660748825983912
227,1557979200,27,5,-22,32,20,0.8132100415443794,-1.1389300493058996
227,1557993600,139,143,4,282,20,0.9732146118806789,-0.311104663890425
227,1558008000,616,376,-240,992,20,-0.528366740506132,2.0399194306895225
227,1558022400,415,147,-268,562,20,-0.7006793547144545,0.6160597677749065
227,1558036800,684,133,-551,817,20,-2.4422675626057146,1.4604416608986903
227,1558051200,203,47,-156,250,20,-0.011428897881164276,-0.41706631322360577
227,1558065600,36,11,-25,47,20,0.7947479757363448,-1.0892605261809711
227,1558080000,138,145,7,283,20,0.9916766776887135,-0.30779336234876314
227,1558094400,555,313,-242,868,20,-0.540674784378155,1.6293180395234472
227,1558108800,418,117,-301,535,20,-0.9037620786028346,0.5266546261500352
227,1558123200,619,108,-511,727,20,-2.196106685165254,1.1624245221491196
227,1558137600,117,41,-76,158,20,0.4808928569997573,-0.7217060550565004
227,1558152000,21,10,-11,31,20,0.8809042828405061,-1.1422413508475615
227,1558166400,38,44,6,82,20,0.9855226557527019,-0.9733649722228046
227,1558180800,198,122,-76,320,20,0.4808928569997573,-0.1852752053072729
227,1558195200,301,120,-181,421,20,-0.16527944628145227,0.1491662504005788
227,1558209600,227,68,-159,295,20,-0.029890963689198836,-0.26805774384882036
227,1558224000,100,37,-63,137,20,0.560895142167907,-0.7912433874314002
227,1558238400,14,5,-9,19,20,0.8932123267125291,-1.1819769693475042
227,1558252800,23,28,5,51,20,0.9793686338166904,-1.0760153200143234
227,1558267200,153,77,-76,230,20,0.4808928569997573,-0.48329234405684374
227,1558281600,196,75,-121,271,20,0.20396186987923892,-0.3475289808487059
227,1558296000,150,56,-94,206,20,0.37012046215155,-0.5627635810567293
227,1558310400,55,31,-24,86,20,0.8009019976723564,-0.960119766056157
227,1558324800,8,5,-3,13,20,0.9301364583285983,-1.2018447785974755
227,1558339200,130,145,15,275,20,1.0409088531768056,-0.33428377468205833
227,1558353600,570,379,-191,949,20,-0.22681966564156747,1.897533464398061
227,1558368000,356,126,-230,482,20,-0.46682652114601675,0.3511556444419546
227,1558382400,583,105,-478,688,20,-1.9930239612768739,1.0332837620243056
227,1558396800,109,37,-72,146,21,0.42584615215472216,-0.6391229613232778
227,1558411200,11,6,-5,17,21,0.8823532272645843,-1.0921869681857035
227,1558425600,131,157,26,288,21,1.0935729187333265,-0.14040134136618915
227,1558440000,579,361,-218,940,21,-0.5689304592787088,2.149503561535373
227,1558454400,394,152,-242,546,21,-0.7324553817061221,0.7657266723586622
227,1558468800,610,110,-500,720,21,-2.490348297800815,1.3768362630103061
227,1558483200,122,30,-92,152,21,0.28957538346521106,-0.6180502168180487
227,1558497600,15,8,-7,23,21,0.8687261503956333,-1.0711142236804745
227,1558512000,143,160,17,303,21,1.0322510728230465,-0.08771948010311639
227,1558526400,570,338,-232,908,21,-0.6643199973613666,2.037115590840818
227,1558540800,394,147,-247,541,21,-0.7665230738784999,0.748166051937638
227,1558555200,629,150,-479,779,21,-2.3472639906768284,1.5840515839783924
227,1558569600,103,36,-67,139,21,0.4599138443271,-0.6637078299127118
227,1558584000,10,6,-4,16,21,0.88916676569906,-1.0956990922699084
227,1558598400,126,130,4,256,21,0.9436750731748643,-0.25278931206074434
227,1558612800,617,350,-267,967,21,-0.902793842568011,2.244330911808904
227,1558627200,406,122,-284,528,21,-1.0186239959540955,0.7025084388429749
227,1558641600,599,131,-468,730,21,-2.2723150678975976,1.4119575038523546
227,1558656000,126,48,-78,174,21,0.3849649215478688,-0.5407834869655421
227,1558670400,15,12,-3,27,21,0.8959803041335355,-1.057065727343655
227,1558684800,114,135,21,249,21,1.0595052265609488,-0.2773741806501783
227,1558699200,518,326,-192,844,21,-0.3917784599823444,1.8123396494517077
227,1558713600,509,141,-368,650,21,-1.590961224450042,1.1309875771159665
227,1558728000,494,93,-401,587,21,-1.8158079927877353,0.909723759811061
227,1558742400,115,28,-87,143,21,0.3236430756375889,-0.6496593335758925
227,1558756800,19,6,-13,25,21,0.8278449197887799,-1.0640899755120647
227,1558771200,27,26,-1,53,21,0.9096073810024866,-0.9657505011543289
227,1558785600,175,66,-109,241,21,0.17374523007912665,-0.3054711733238171
227,1558800000,282,87,-195,369,21,-0.41221907528577106,0.1440807094544037
227,1558814400,302,58,-244,360,21,-0.7460824585750733,0.11247159269656007
227,1558828800,93,37,-56,130,21,0.5348627671063311,-0.6953169466705554
227,1558843200,9,11,2,20,21,0.9300479963059133,-1.081650595933089
227,1558857600,13,18,5,31,21,0.9504886116093398,-1.0430172310068357
227,1558872000,153,56,-97,209,21,0.2555076912928333,-0.4178591440183723
227,1558886400,282,71,-211,353,21,-0.5212356902373799,0.08788672410712611
227,1558900800,253,92,-161,345,21,-0.1805587685136022,0.059789731433487314
227,1558915200,93,37,-56,130,21,0.5348627671063311,-0.6953169466705554
227,1558929600,8,12,4,20,21,0.9436750731748643,-1.081650595933089
227,1558944000,15,36,21,51,21,1.0595052265609488,-0.9727747493227387
227,1558958400,142,80,-62,222,21,0.49398153649947774,-0.3722015309237093
227,1558972800,216,103,-113,319,21,0.14649107634122444,-0.031525494755838795
227,1558987200,171,53,-118,224,21,0.11242338416884666,-0.36517728275529954
227,1559001600,75,40,-35,115,22,0.6915537325109371,-0.8001706298775042
227,1559016000,6,5,-1,11,22,0.9031540603501526,-1.1378332046340436
227,1559030400,116,167,51,283,22,1.2267780911630701,-0.25471570142463307
227,1559044800,590,346,-244,936,22,-0.6091659297948281,1.8654156573832532
227,1559059200,366,98,-268,464,22,-0.7585308670930977,0.3329470488728055
227,1559073600,580,128,-452,708,22,-1.9036620530464987,1.1251553973400708
227,1559088000,96,41,-55,137,22,0.5670829514290457,-0.7287420082943902
227,1559102400,9,2,-7,11,22,0.8658128260255851,-1.1378332046340436
227,1559116800,148,152,4,300,22,0.9342717556206254,-0.19952085747404488
227,1559131200,585,424,-161,1009,22,-0.09261218830497872,2.1024288108181315
227,1559145600,411,121,-290,532,22,-0.8954487262831783,0.5537264246751582
227,1559160000,571,111,-460,682,22,-1.9534503654792554,1.040739753650936
227,1559174400,105,27,-78,132,22,0.4239415531848706,-0.744975785926916
227,1559188800,19,6,-13,25,22,0.8284715917010177,-1.092378627262971
227,1559203200,119,154,35,273,22,1.1272014662975571,-0.2871832566896849
227,1559217600,626,349,-277,975,22,-0.8145427185799489,1.9920391229169554
227,1559232000,428,154,-274,582,22,-0.7958721014176652,0.7160642010004175
227,1559246400,619,134,-485,753,22,-2.1090388418316195,1.2712593960328042
227,1559260800,124,28,-96,152,22,0.31191785021116836,-0.6800406753968123
227,1559275200,14,9,-5,23,22,0.8782599041337742,-1.0988721383159812
227,1559289600,132,144,12,276,22,0.984060068053382,-0.2774429901101693
227,1559304000,544,327,-217,871,22,-0.4411303753342746,1.654376548160416
227,1559318400,489,140,-349,629,22,-1.262637530474758,0.8686617107461612
227,1559332800,600,92,-508,692,22,-2.252180240075795,1.073207308915988
227,1559347200,131,35,-96,166,22,0.31191785021116836,-0.6345860980257397
227,1559361600,12,10,-2,22,22,0.896930521296058,-1.1021188938424864
227,1559376000,20,34,14,54,22,0.9965071461615711,-0.9982227169943205
227,1559390400,203,80,-123,283,22,0.14388229575061495,-0.25471570142463307
227,1559404800,269,96,-173,365,22,-0.16729465695411355,0.01151825174879217
227,1559419200,244,70,-174,314,22,-0.17351819600820811,-0.1540662801029723
227,1559433600,86,45,-41,131,22,0.6542124981863697,-0.7482225414534213
227,1559448000,21,6,-15,27,22,0.8160245135928286,-1.0858851162099605
227,1559462400,21,19,-2,40,22,0.896930521296058,-1.0436772943653931
227,1559476800,168,55,-113,223,22,0.20611768629156066,-0.44952103301494417
227,1559491200,210,67,-143,277,22,0.01941151466872355,-0.27419623458366416
227,1559505600,151,36,-115,187,22,0.1936706081833715,-0.5664042319691308
227,1559520000,42,25,-17,67,22,0.8035774354846393,-0.9560148951497531
227,1559534400,6,4,-2,10,22,0.896930521296058,-1.1410799601605488
227,1559548800,147,144,-3,291,22,0.8907069822419633,-0.22874165721259157
227,1559563200,570,304,-266,874,22,-0.7460837889849086,1.6641168147399317
227,1559577600,356,154,-202,510,22,-0.3477772895228561,0.48229780309204406
227,1559592000,630,139,-491,769,22,-2.146380076156187,1.323207484456887
227,1559606400,101,49,-52,150,23,0.5778725801636372,-0.7060263242563659
227,1559620800,5,8,3,13,23,0.9099336896606525,-1.1460691611033254
227,1559635200,164,175,11,339,23,0.9582334874056729,-0.09895992889815176
227,1559649600,581,349,-232,930,23,-0.5088728690993222,1.7993270534124541
227,1559664000,356,134,-222,490,23,-0.44849812191804667,0.3860507890864532
227,1559678400,644,89,-555,733,23,-2.4589772030545216,1.1665647259755856
227,1559692800,117,50,-67,167,23,0.4873104593917239,-0.6514224685892249
227,1559707200,8,9,1,17,23,0.8978587402243974,-1.133221195063998
227,1559721600,154,152,-2,306,23,0.8797463160700147,-0.20495564872260186
227,1559736000,611,377,-234,988,23,-0.5209478185355773,1.9856225609826998
227,1559750400,388,127,-261,515,23,-0.6839596359250212,0.4663505768322487
227,1559764800,658,132,-526,790,23,-2.2838904362288224,1.3496482420359994
227,1559779200,103,34,-69,137,23,0.47523550995546876,-0.7477822138841795
227,1559793600,11,6,-5,17,23,0.8616338919156321,-1.133221195063998
227,1559808000,134,106,-28,240,23,0.7227719733986984,-0.416947088371502
227,1559822400,617,394,-223,1011,23,-0.4545355966361742,2.0594983657088317
227,1559836800,443,142,-301,585,23,-0.9254586246501233,0.6911899825204761
227,1559851200,679,98,-581,777,23,-2.6159515457258378,1.3078923524081858
227,1559865600,115,37,-78,152,23,0.4208982374923208,-0.6996023412367023
227,1559880000,14,9,-5,23,23,0.8616338919156321,-1.113949246005007
227,1559894400,130,136,6,266,23,0.9280461138150352,-0.3334353091158747
227,1559908800,582,349,-233,931,23,-0.5149103438174497,1.802539044922286
227,1559923200,546,152,-394,698,23,-1.4869437734359856,1.054145023131472
227,1559937600,587,109,-478,696,23,-1.9940916497587,1.0477210401118082
227,1559952000,158,25,-133,183,23,0.08883712799530545,-0.6000306044319158
227,1559966400,14,8,-6,22,23,0.8555964171975046,-1.117161237514839
227,1559980800,27,39,12,66,23,0.9642709621238005,-0.9758336110822389
227,1559995200,180,93,-87,273,23,0.36656096502917285,-0.31095136854705197
227,1560009600,248,78,-170,326,23,-0.13454943657541396,-0.14071581852596543
227,1560024000,246,76,-170,322,23,-0.13454943657541396,-0.1535637845652927
227,1560038400,105,48,-57,153,23,0.5476852065729994,-0.6963903497268704
227,1560052800,11,10,-1,21,23,0.8857837907881423,-1.1203732290246708
227,1560067200,20,24,4,44,23,0.9159711643787801,-1.046497424298539
227,1560081600,151,61,-90,212,23,0.3484485408747902,-0.5068828506467931
227,1560096000,190,94,-96,284,23,0.3122236925660249,-0.2756194619389019
227,1560110400,235,56,-179,291,23,-0.18888670903856195,-0.25313552137007916
227,1560124800,49,37,-12,86,23,0.8193715688887392,-0.9115937808856024
227,1560139200,6,7,1,13,23,0.8978587402243974,-1.1460691611033254
227,1560153600,150,132,-18,282,23,0.7831467205799739,-0.28204344495856554
227,1560168000,513,396,-117,909,23,0.1854367234853463,1.731875231705986
227,1560182400,312,122,-190,434,23,-0.255298930937965,0.2061792645358712
227,1560196800,505,135,-370,640,23,-1.3420443802009243,0.8678495155612262
227,1560211200,90,34,-56,124,24,0.6579905414539494,-0.9975494966531643
227,1560225600,10,7,-3,17,24,0.936236541696444,-1.324381227631134
227,1560240000,140,159,19,299,24,1.0517348814197436,-0.4630116188854569
227,1560254400,609,384,-225,993,24,-0.22924670460230678,1.656812879233337
227,1560268800,407,135,-272,542,24,-0.4759931576475378,0.27923240567198815
227,1560283200,665,101,-564,766,24,-2.0089711212476966,0.9634408892146535
227,1560297600,109,40,-69,149,24,0.5897415225265451,-0.9211869426863489
227,1560312000,7,3,-4,10,24,0.9309866171635668,-1.3457627427418422
227,1560326400,153,157,4,310,24,0.9729860134265849,-0.4294120951400582
227,1560340800,573,382,-191,955,24,-0.050749270484480094,1.5407417972037774
227,1560355200,434,134,-300,568,24,-0.622991044568101,0.3586494617974761
227,1560369600,676,133,-543,809,24,-1.898722706057274,1.0947844820375758
227,1560384000,129,33,-96,162,24,0.4479935601388592,-0.881478414623605
227,1560398400,12,6,-6,18,24,0.9204867680978123,-1.3213267254724612
227,1560412800,147,153,6,300,24,0.9834858624923394,-0.4599571167267843
227,1560427200,557,337,-220,894,24,-0.20299708193792051,1.3544171655247481
227,1560441600,344,144,-200,488,24,-0.0979985912803754,0.11428928910366701
227,1560456000,645,122,-523,767,24,-1.7937242153997288,0.9664953913733262
227,1560470400,119,41,-78,160,24,0.5424922017306498,-0.8875874189409502
227,1560484800,19,6,-13,25,24,0.8837372963676715,-1.299945210361753
227,1560499200,125,153,28,278,24,1.0989842022156389,-0.5271561642175818
227,1560513600,539,333,-206,872,24,-0.12949813847763894,1.2872181180339506
227,1560528000,472,136,-336,608,24,-0.8119883277516822,0.4808295481443806
227,1560542400,602,98,-504,700,24,-1.693975649275061,0.7618437467422611
227,1561161600,5775,4700,-1075,10475,25,-3.6055458323131577,4.100626562154906
227,1561176000,21,17,-4,38,25,0.5917798050861813,-0.34009969550193564
227,1561190400,28,42,14,70,25,0.6623230931096996,-0.32648436157024846
227,1561204800,178,75,-103,253,25,0.20379172095683065,-0.24862167064841248
227,1561219200,281,101,-180,382,25,-0.0979767889215532,-0.19373485573629862
227,1561233600,240,92,-148,332,25,0.027433500898034896,-0.21500881500455982
227,1561248000,111,45,-66,156,25,0.3487973685607294,-0.2898931516288392
227,1561262400,21,13,-8,34,25,0.5761035188587328,-0.3418016122433965
227,1561276800,25,21,-4,46,25,0.5917798050861813,-0.3366958620190138
227,1561291200,134,80,-54,214,25,0.3958262272430749,-0.26521535887765624
227,1561305600,216,68,-148,284,25,0.027433500898034896,-0.23543181590209056
227,1561320000,137,59,-78,196,25,0.3017685098783839,-0.27287398421423026
227,1561334400,54,32,-22,86,25,0.521236517062663,-0.3196766946044049
227,1561348800,6,4,-2,10,25,0.5996179481999055,-0.3520131126921619
227,1561363200,135,152,17,287,25,0.674080307780286,-0.23415537834599487
227,1561377600,565,375,-190,940,25,-0.13716750449017448,0.0436825296974963
227,1561392000,375,144,-231,519,25,-0.2978494383215217,-0.13544420734126295
227,1561406400,629,121,-508,750,25,-1.3834322595723312,-0.03715851552189623
227,1561420800,98,47,-51,145,26,0.579798820571388,-0.7321541785610157
227,1561435200,8,8,0,16,26,0.8691578778090192,-1.1384232628956719
227,1561449600,115,80,-35,195,26,0.670578132645939,-0.5746855412220017
227,1561464000,587,397,-190,984,26,-0.2088464530762734,1.9101695559876397
227,1561478400,383,140,-243,523,26,-0.5095529243232234,0.4583087197219304
227,1561492800,637,134,-503,771,26,-1.9847167455346764,1.23935316092344
227,1561507200,93,41,-52,134,26,0.5741251135667286,-0.7667972787755988
227,1561521600,6,7,1,13,26,0.8748315848136786,-1.1478713811360128
227,1561536000,138,209,71,347,26,1.2719910751398391,-0.09598088371139905
227,1561550400,566,357,-209,923,26,-0.31664688616480263,1.7180578184340427
227,1561564800,402,139,-263,541,26,-0.6230270644164121,0.5149974291639754
227,1561579200,716,97,-619,813,26,-2.642866758075171,1.3716268162882117
227,1561593600,101,41,-60,142,26,0.5287354575294531,-0.7416022968013566
227,1561608000,7,16,9,23,26,0.9202212408509541,-1.11637765366821
227,1561622400,141,139,-2,280,26,0.8578104637997003,-0.30698885774567786
227,1561636800,678,396,-282,1074,26,-0.7308274975049414,2.193613103197865
227,1561651200,430,133,-297,563,26,-0.8159331025748329,0.5842836295931416
227,1561665600,712,124,-588,836,26,-2.4669818409307283,1.4440623894641582
227,1561680000,121,40,-81,161,26,0.40958761043160496,-0.6817642146125312
227,1561694400,13,7,-6,20,26,0.8351156357810626,-1.125825771908551
227,1561708800,127,128,1,255,26,0.8748315848136786,-0.3857231764151849
227,1561723200,486,344,-142,830,26,0.06349148314737947,1.4251661529834765
227,1561737600,494,131,-363,625,26,-1.1903977648823556,0.779544739893519
227,1561752000,607,123,-484,730,26,-1.8769163124461472,1.1102288783054484
227,1561766400,176,46,-130,222,26,0.13157596720329268,-0.4896524770589341
227,1561780800,20,10,-10,30,26,0.8124208077624249,-1.094332044440748
227,1561795200,22,50,28,72,26,1.0280216739394834,-0.9620583890759762
227,1561809600,216,108,-108,324,26,0.25639752130580024,-0.1684164568873455
227,1561824000,245,72,-173,317,26,-0.112393433997063,-0.19046206611480745
227,1561838400,241,73,-168,314,26,-0.08402489897376583,-0.19991018435514832
227,1561852800,88,34,-54,122,26,0.5627776995574097,-0.8045897517369622
227,1561867200,8,6,-2,14,26,0.8578104637997003,-1.1447220083892324
227,1561881600,16,23,7,39,26,0.9088738268416352,-1.0659876897197256
227,1561896000,269,57,-212,326,26,-0.333668007178781,-0.16211771139378495
227,1561910400,265,81,-184,346,26,-0.17480421104831678,-0.09913025645817933
227,1561924800,209,66,-143,275,26,0.05781777614272003,-0.32273572147957924
227,1561939200,55,43,-12,98,26,0.8010733937531059,-0.8801746976596889
227,1561953600,5,7,2,12,26,0.880505291818338,-1.151020753882793
227,1561968000,117,135,18,252,26,0.971284603892889,-0.3951712946555257
227,1561982400,556,414,-142,970,26,0.06349148314737947,1.866078337532716
227,1561996800,378,104,-274,482,26,-0.685437841467666,0.32918443710393885
227,1562011200,592,103,-489,695,26,-1.9052848474694444,1.0000008321681386
227,1562025600,104,39,-65,143,27,0.3097019481326817,-0.5341410996381681
227,1562040000,4,8,4,12,27,0.821411465765754,-1.0530407073150343
227,1562054400,127,141,14,268,27,0.895572265422721,-0.0390078862060438
227,1562068800,585,356,-229,941,27,-0.9065351662415769,2.6267893349125133
227,1562083200,424,117,-307,541,27,-1.4849894035659197,1.0423630519297156
227,1562097600,640,106,-534,746,27,-3.1684395557790705,1.8543815219583994
227,1562112000,94,43,-51,137,27,0.4135270676524355,-0.55790749388291
227,1562126400,16,4,-12,20,27,0.7027541863146068,-1.0213521816553783
227,1562140800,118,138,20,256,27,0.9400687452169012,-0.08654067469552773
227,1562155200,494,345,-149,839,27,-0.31324876898584103,2.2227606327519
227,1562169600,427,119,-308,546,27,-1.4924054835316163,1.0621683804670006
227,1562184000,506,86,-420,592,27,-2.323006439689647,1.2443774030100223
227,1562198400,119,38,-81,157,27,0.19104466868153452,-0.47868617973377015
227,1562212800,10,11,1,21,27,0.7991632258686638,-1.0173911159479214
227,1562227200,18,28,10,46,27,0.8659079455599342,-0.9183644732614965
227,1562241600,128,69,-59,197,27,0.3541984279268619,-0.3202435514354904
227,1562256000,170,80,-90,250,27,0.12429994899026424,-0.1103070689402697
227,1562270400,151,105,-46,256,27,0.450607467480919,-0.08654067469552773
227,1562284800,251,68,-183,319,27,-0.5653954878195288,0.1630064648742629
227,1562299200,15,11,-4,26,27,0.7620828260401804,-0.9975857874106364
227,1562313600,72,90,18,162,27,0.9252365852855078,-0.4588808511964852
227,1562315338,30,28,-2,58,27,0.7769149859715738,-0.8708316847720126
227,1562315419,3,11,8,14,27,0.8510757856285408,-1.0451185759001203
227,1562315502,7,7,0,14,27,0.7917471459029672,-1.0451185759001203
227,1562315582,0,2,2,2,27,0.8065793058343605,-1.0926513643896043
227,1562328000,225,177,-48,402,27,0.4357753075495256,0.49177491859319344
227,1562342400,367,90,-277,457,27,-1.2625070045950186,0.7096335325033282
227,1562356800,368,88,-280,456,27,-1.2847552444921087,0.7056724667958711
227,1562371200,125,47,-78,172,27,0.21329290857862462,-0.41927019412191524
227,1562385600,9,11,2,20,27,0.8065793058343605,-1.0213521816553783
227,1562400000,27,27,0,54,27,0.7917471459029672,-0.8866759476018405
227,1562414400,267,115,-152,382,27,-0.3354970088829311,0.41255360444405353
227,1562428800,269,94,-175,363,27,-0.5060668480939552,0.33729335600237065
227,1562443200,279,68,-211,347,27,-0.7730457268590364,0.2739163046830588
227,1562457600,105,44,-61,149,27,0.33936626799546854,-0.5103747053934261
227,1562472000,12,10,-2,22,27,0.7769149859715738,-1.0134300502404645
227,1562486400,22,29,7,51,27,0.8436597056628441,-0.8985591447242116
227,1562500800,179,83,-96,262,27,0.07980346919608404,-0.06277428045078577
227,1562515200,217,89,-128,306,27,-0.15751108970621033,0.11151261067732199
227,1562529600,223,63,-160,286,27,-0.3948256486085047,0.0322912965281821
227,1562544000,73,62,-11,135,27,0.7101702662803034,-0.565829625297824
227,1562558400,3,5,2,8,27,0.8065793058343605,-1.0688849701448624
227,1562572800,131,149,18,280,27,0.9252365852855078,0.008524902283440132
227,1562587200,530,381,-149,911,27,-0.31324876898584103,2.5079573636888037
227,1562601600,347,131,-216,478,27,-0.8101261266875199,0.792815912359925
227,1562616000,555,122,-433,677,27,-2.4194154792437037,1.581067988143867
227,1562630400,97,39,-58,136,28,0.43816553391823954,-0.5813989895885069
227,1562644800,20,5,-15,25,28,0.6875594684459233,-0.8989715835500323
227,1562659200,153,138,-15,291,28,0.6875594684459233,-0.13794176378637688
227,1562673600,564,395,-169,959,28,-0.20561880869973492,1.7732158287028026
227,1562688000,387,132,-255,519,28,-0.7044066777551026,0.5143695102967564
227,1562702400,656,158,-498,814,28,-2.1137724007836414,1.3583687465008103
227,1562716800,89,34,-55,123,28,0.45556511074575234,-0.6185921762686856
227,1562731200,6,2,-4,8,28,0.7513579168134703,-0.9476088276702659
227,1562745600,170,150,-20,320,28,0.6585601737334019,-0.054972347345978355
227,1562760000,847,444,-403,1291,28,-1.5627858012457352,2.723072596227365
227,1562774400,414,141,-273,555,28,-0.8088041387201794,0.6173660272572511
227,1562788800,651,117,-534,768,28,-2.322567322713795,1.2267620859401782
227,1562803200,106,34,-72,140,28,0.35696750872317967,-0.5699549321484519
227,1562817600,16,4,-12,20,28,0.7049590452734361,-0.9132766553501009
227,1562832000,119,132,13,251,28,0.849955518836043,-0.25238233818692657
227,1562846400,594,364,-230,958,28,-0.5594102041924957,1.770354814342789
227,1562860800,397,150,-247,547,28,-0.6580078062150684,0.5944779123771411
227,1562875200,592,113,-479,705,28,-2.00357508087606,1.0465181812593123
227,1562889600,83,34,-49,117,28,0.490364264400778,-0.635758262428768
227,1562904000,9,2,-7,11,28,0.7339583399859575,-0.9390257845902247
227,1562918400,119,135,16,254,28,0.8673550956635558,-0.24379929510688533
227,1562932800,521,358,-163,879,28,-0.17081965504470928,1.5443346799017033
227,1562947200,434,106,-328,540,28,-1.1277963805579145,0.5744508118570449
227,1562961600,596,106,-490,702,28,-2.067373529243607,1.0379351381792712
227,1562976000,87,40,-47,127,28,0.5019639822857865,-0.6071481188286306
227,1562990400,11,6,-5,17,28,0.7455580578709661,-0.9218596984301423
227,1563004800,16,14,-2,30,28,0.7629576346984789,-0.8846665117499636
227,1563019200,61,33,-28,94,28,0.6121613021933677,-0.701561592709084
227,1563033600,93,15,-78,108,28,0.32216835506815406,-0.6615073916688917
227,1563048000,73,24,-49,97,28,0.490364264400778,-0.6929785496290428
227,1563062400,44,15,-29,59,28,0.6063614432508635,-0.801697095309565
227,1563076800,10,9,-1,19,28,0.7687574936409831,-0.9161376697101147
227,1563091200,8,7,-1,15,28,0.7687574936409831,-0.9275817271501697
227,1563105600,38,22,-16,60,28,0.6817596095034191,-0.7988360809495513
227,1563120000,44,27,-17,71,28,0.6759597505609147,-0.7673649229894002
227,1563134400,58,26,-32,84,28,0.5889618664233507,-0.7301717363092215
227,1563148800,24,14,-10,38,28,0.7165587631584447,-0.8617783968698536
227,1563163200,2,1,-1,3,28,0.7687574936409831,-0.9619138994703346
227,1563177600,145,143,-2,288,28,0.7629576346984789,-0.1465248068664181
227,1563192000,557,393,-164,950,28,-0.17661951398721357,1.747466699462679
227,1563206400,343,120,-223,463,28,-0.5188111915949657,0.35415270613598676
227,1563220800,674,117,-557,791,28,-2.455964078391393,1.2925654162204943
227,1563235200,170,46,-124,216,29,0.16610764781723464,-0.5008242736545453
227,1563249600,19,3,-16,22,29,0.7295874991417324,-1.1067526407069337
227,1563264000,159,157,-2,316,29,0.8026311835726858,-0.18849006383372657
227,1563274306,488,297,-191,785,29,-0.18345855624518526,1.2763573802259132
227,1563278400,91,131,40,222,29,1.0217622368655461,-0.4820842210652962
227,1563292800,376,110,-266,486,29,-0.5747640085538642,0.34247809286166525
227,1563307200,610,159,-451,769,29,-1.5399841242486056,1.2263839066545823
227,1563321600,199,37,-162,236,29,-0.03215378135249606,-0.43835743169038155
227,1563336000,21,6,-15,27,29,0.7348049051725147,-1.0911359302158927
227,1563350400,150,141,-9,291,29,0.7661093413572091,-0.2665736162889313
227,1563364800,580,368,-212,948,29,-0.29302408289161536,1.785462142233848
227,1563379200,389,129,-260,518,29,-0.54345957236917,0.44242504000432725
227,1563393600,611,115,-496,726,29,-1.774767395633813,1.0920801964316302
227,1563408000,141,39,-102,180,29,0.28089058049444715,-0.61326458919004
227,1563422400,25,7,-18,32,29,0.7191526870801676,-1.0755192197248518
227,1563436800,136,155,19,291,29,0.9121967102191159,-0.2665736162889313
227,1563451200,580,391,-189,971,29,-0.1730237441836205,1.8572990104926361
227,1563465600,354,134,-220,488,29,-0.3347633311378745,0.34872477705808164
227,1563480000,625,114,-511,739,29,-1.8530284860955488,1.1326836437083365
227,1563494400,198,40,-158,238,29,-0.011284157229366511,-0.43211074749396516
227,1563508800,30,6,-24,36,29,0.6878482508954733,-1.063025851332019
227,1563523200,110,147,37,257,29,1.0061100187731988,-0.3727672476280096
227,1563537600,506,384,-122,890,29,0.1765424598787994,1.6043083005377732
227,1563552000,467,122,-345,589,29,-0.9869390849856728,0.6641823289771085
227,1563566400,1002,142,-860,1144,29,-3.6739031908386015,2.3976371934826526
227,1563580800,158,48,-110,206,29,0.23915133224818805,-0.5320576946366272
227,1563595200,22,13,-9,35,29,0.7661093413572091,-1.0661491934302272
227,1563609600,24,23,-1,47,29,0.8078485896034682,-1.0286690882517289
227,1563624000,171,61,-110,232,29,0.23915133224818805,-0.4508508000832143
227,1563638400,249,69,-180,318,29,-0.12606708990657903,-0.18224337963731022
227,1563652800,238,48,-190,286,29,-0.17824115021440287,-0.2821903267799722
227,1563667200,86,33,-53,119,29,0.5365434760027841,-0.8037884571807394
227,1563681600,13,4,-9,17,29,0.7661093413572091,-1.1223693511979747
227,1563696000,20,13,-7,33,29,0.7765441534187738,-1.0723958776266436
227,1563710400,144,62,-82,206,29,0.38523870111009484,-0.5320576946366272
227,1563724800,203,60,-143,263,29,0.06697693323236928,-0.3540271950387605
227,1563739200,166,46,-120,212,29,0.18697727194036418,-0.5133176420473781
227,1563753600,72,26,-46,98,29,0.5730653182182608,-0.8693786412431114
227,1563768000,4,3,-1,7,29,0.8078485896034682,-1.1536027721800564
227,1563782400,146,114,-32,260,29,0.6461090026492142,-0.3633972213333851
227,1563796800,510,460,-50,970,29,0.5521956940951313,1.8541756683944282
227,1563811200,380,159,-221,539,29,-0.33998073716865684,0.5080152240666992
227,1563825600,799,119,-680,918,29,-2.734770105297772,1.6917618792876024
227,1563840000,78,25,-53,103,30,0.549959619061915,-0.8423112018852562
227,1563854400,9,4,-5,13,30,0.8389894918535783,-1.1293591953153201
227,1563868800,133,140,7,273,30,0.9112469600514942,-0.3001094365173577
227,1563883200,598,401,-197,999,30,-0.31712999931307495,2.015411043818491
227,1563897600,365,135,-230,500,30,-0.5158380368573435,0.42388939135624787
227,1563912000,637,122,-515,759,30,-2.2319529065578445,1.2499497280049874
227,1563926400,99,31,-68,130,30,0.4596377838145202,-0.756196803856237
227,1563940800,8,11,3,19,30,0.8871611373188555,-1.1102226624199825
227,1563955200,127,145,18,272,30,0.9774829725662503,-0.3032988586665807
227,1563969600,581,374,-207,955,30,-0.3773445561446715,1.875076469252682
227,1563984000,403,143,-260,546,30,-0.6964817073521331,0.5706028102205027
227,1563998400,648,111,-537,759,30,-2.3644249315873567,1.2499497280049874
227,1564012800,110,29,-81,139,30,0.3813588599334447,-0.7274920045132306
227,1564027200,12,5,-7,17,30,0.826946580487259,-1.1166015067184283
227,1564041600,150,158,8,308,30,0.9172684157346538,-0.18847966129455512
227,1564056000,556,358,-198,914,30,-0.32315145499623465,1.7443101611345417
227,1564070400,420,146,-274,566,30,-0.7807820869163682,0.6343912532049614
227,1564084800,658,120,-538,778,30,-2.3704463872705164,1.310548748840223
227,1564099200,124,30,-94,154,30,0.3030799360523692,-0.6796506722748866
227,1564113600,17,4,-13,21,30,0.7908178463883011,-1.1038438181215366
227,1564128000,123,148,25,271,30,1.0196331623483679,-0.3064882808158036
227,1564142400,525,353,-172,878,30,-0.16659360723408367,1.6294909637625161
227,1564156800,483,170,-313,653,30,-1.0156188585595947,0.9118709801873565
227,1564171200,591,110,-481,701,30,-2.0272234133304163,1.0649632433500573
227,1564185600,108,48,-60,156,30,0.5078094292797974,-0.6732718279764408
227,1564200000,19,9,-10,28,30,0.80888221343778,-1.0815178630769762
227,1564214400,27,37,10,64,30,0.9293113271009731,-0.9666986657049506
227,1564228800,166,81,-85,247,30,0.3572730372008061,-0.38303441239715397
227,1564243200,281,87,-194,368,30,-0.299065632263596,0.002885667658820817
227,1564257600,269,81,-188,350,30,-0.2629368981646381,-0.05452393102719196
227,1564272000,112,43,-69,155,30,0.45361632813136055,-0.6764612501256637
227,1564286400,17,11,-6,28,30,0.8329680361704187,-1.0815178630769762
227,1564300800,9,15,6,24,30,0.9052255043683345,-1.0942755516738678
227,1564315200,147,69,-78,216,30,0.39942322698292365,-0.48190649902306487
227,1564329600,186,64,-122,250,30,0.13447917692389896,-0.3734661459494852
227,1564344000,171,54,-117,225,30,0.16458645533969724,-0.45320169968005847
227,1564358400,80,34,-46,114,30,0.5921098088440325,-0.807227558243804
227,1564372800,2,7,5,9,30,0.8992040486851748,-1.1421168839122118
227,1564387200,121,131,10,252,30,0.9293113271009731,-0.3670873016510393
227,1564401600,569,400,-169,969,30,-0.1485292401846047,1.919728379341803
227,1564416000,368,130,-238,498,30,-0.5640096823226207,0.417510547057802
227,1564430400,633,104,-529,737,30,-2.3162532861220795,1.1797824407220827
227,1564444800,126,41,-85,167,31,0.46294952286421703,-0.845139540425514
227,1564459200,10,4,-6,14,31,0.9394708558449747,-1.326578012725
227,1564473600,149,143,-6,292,31,0.9394708558449747,-0.4518074552135155
227,1564488000,543,383,-160,926,31,0.010555852312864884,1.5431728809817407
227,1564502400,353,130,-223,483,31,-0.36945483095027093,0.14920397099041813
227,1564516800,625,116,-509,741,31,-2.0945826946527606,0.9610413948679829
227,1564531200,118,37,-81,155,31,0.4870771852936225,-0.8828994206058658
227,1564545600,9,4,-5,13,31,0.9455027714523261,-1.329724669406696
227,1564560000,137,134,-3,271,31,0.9575666026670288,-0.5178872455291312
227,1564574400,557,387,-170,944,31,-0.04976330376064874,1.5998127012522685
227,1564588800,399,133,-266,532,31,-0.6288272020663795,0.3033901483935215
227,1564603200,571,135,-436,706,31,-1.654252855316111,0.8509084110086234
227,1564617600,111,29,-82,140,31,0.48104526968627115,-0.9300992708313056
227,1564632000,11,4,-7,15,31,0.9334389402376233,-1.323431356043304
227,1564646400,134,151,17,285,31,1.078204914814056,-0.4738340519853874
227,1564660800,554,385,-169,939,31,-0.04373138815329738,1.5840794178437885
227,1564675200,383,161,-222,544,31,-0.3634229153429196,0.3411500285738734
227,1564689600,639,124,-515,763,31,-2.130774188296869,1.0302678418652946
227,1564704000,154,43,-111,197,31,0.3061197170730816,-0.7507398399746343
227,1564718400,12,7,-5,19,31,0.9455027714523261,-1.3108447293165202
227,1564732800,103,136,33,239,31,1.1747155645316778,-0.6185802593434029
227,1564747200,533,354,-179,887,31,-0.104050544226811,1.4204532703955972
227,1564761600,388,127,-261,515,31,-0.5986676240296227,0.24989698480468975
227,1564776000,549,118,-431,667,31,-1.6240932772793544,0.7281888004224799
227,1565395200,5869,4639,-1230,10508,32,-3.7611456941295223,4.103916824299351
227,1565409600,17,10,-7,27,32,0.5519168318155371,-0.3392081376166167
227,1565424000,28,36,8,64,32,0.6048162086668665,-0.3235230289828136
227,1565438400,168,74,-94,242,32,0.24510044607782636,-0.24806493879857142
227,1565452800,270,83,-187,353,32,-0.0828756904004161,-0.20100961289716196
227,1565467200,243,63,-180,306,32,-0.05818931453646237,-0.22093394008064163
227,1565481600,94,52,-42,146,32,0.4284849524957684,-0.28876143687546607
227,1565496000,10,17,7,27,32,0.6012895835434445,-0.3392081376166167
227,1565510400,12,26,14,38,32,0.6259759594073983,-0.33454499721197256
227,1565524800,161,89,-72,250,32,0.3226861987931095,-0.2446735639588302
227,1565539200,172,68,-104,240,32,0.20983419484360674,-0.2489127825085067
227,1565553600,202,48,-154,250,32,0.033502938672508635,-0.2446735639588302
227,1565568000,72,33,-39,105,32,0.43906482786603424,-0.30614223292913983
227,1565582400,3,11,8,14,32,0.6048162086668665,-0.34471912173119623
227,1565596800,135,124,-11,259,32,0.5378103313218492,-0.24085826726412132
227,1565611200,518,372,-146,890,32,0.06171593965988433,0.026636423220467526
227,1565625600,376,118,-258,494,32,-0.3332660741633754,-0.14123663134672293
227,1565640000,566,110,-456,676,32,-1.031537848600924,-0.06408285374261015
227,1565654400,113,42,-71,155,33,0.47868437920371565,-0.7396583881640051
227,1565668800,5,6,1,11,33,0.8889852756640434,-1.1731326063438408
227,1565683200,118,148,30,266,33,1.0542453589605643,-0.4055220116503819
227,1565697600,524,364,-160,888,33,-0.02849311780974498,1.4668457918764077
227,1565712000,326,110,-216,436,33,-0.3476160372788888,0.10621838481192396
227,1565726400,660,108,-552,768,33,-2.2623535540937514,1.1056172767265449
227,1565740800,109,37,-72,146,33,0.4729857556417667,-0.7667505268002448
227,1565755200,11,8,-3,19,33,0.8661907814162474,-1.1490507053338497
227,1565769600,124,137,13,261,33,0.9573687584074313,-0.42057319978162616
227,1565784000,521,390,-131,911,33,0.13676696548677592,1.5360812572801315
227,1565798400,364,137,-227,501,33,-0.41030089646032775,0.30188383051809975
227,1565812800,613,127,-486,740,33,-1.8862443990051176,1.0213306231915769
227,1565827200,115,33,-82,148,33,0.4159995200222767,-0.7607300515477471
227,1565841600,6,7,1,13,33,0.8889852756640434,-1.167112131091343
227,1565856000,126,130,4,256,33,0.9060811463498903,-0.43562438791287045
227,1565870400,572,361,-211,933,33,-0.3191229194691438,1.602306485057606
227,1565884800,387,137,-250,524,33,-0.5413692383851546,0.37111929592182347
227,1565899200,640,109,-531,749,33,-2.1426824592928226,1.0484227618278166
227,1565913600,132,43,-89,175,33,0.37610915508863374,-0.6794536356390279
227,1565928000,17,5,-12,22,33,0.8149031693587064,-1.140019992455103
227,1565942400,123,115,-8,238,33,0.8376976636065024,-0.4898086651853499
227,1565956800,647,868,221,1515,33,2.1426824592928226,3.3542647835344415
227,1565971200,464,123,-341,587,33,-1.0599439825225132,0.5607642663755015
227,1565985600,530,154,-376,684,33,-1.259395807190728,0.8527573161216407
227,1566000000,111,37,-74,148,33,0.4615885085178687,-0.7607300515477471
227,1566014400,24,11,-13,35,33,0.8092045457967575,-1.100886903313868
227,1566028800,46,30,-16,76,33,0.7921086751109104,-0.9774671606376649
227,1566043200,326,102,-224,428,33,-0.39320502577448074,0.0821364838019331
227,1566057600,432,102,-330,534,33,-0.9972591233410744,0.40122167218431204
227,1566072000,220,77,-143,297,33,0.06838348274338796,-0.3122046452366673
227,1566086400,572,69,-503,641,33,-1.9831209995582506,0.7233170981929399
227,1566100800,24,16,-8,40,33,0.8376976636065024,-1.0858357151826237
227,1566115200,37,23,-14,60,33,0.8035059222348084,-1.0256309626576465
227,1566129600,266,82,-184,348,33,-0.1652600832965209,-0.15868252629797552
227,1566144000,345,77,-268,422,33,-0.6439444625002365,0.06407505804443996
227,1566158400,358,73,-285,431,33,-0.7408210630533695,0.09116719668067967
227,1566172800,109,44,-65,153,33,0.5128761205754097,-0.7456788634165028
227,1566187200,8,7,-1,15,33,0.8775880285401454,-1.1610916558388453
227,1566201600,120,126,6,246,33,0.9174783934737883,-0.465726764175359
227,1566216000,534,371,-163,905,33,-0.04558898849559197,1.5180198315226383
227,1566230400,373,116,-257,489,33,-0.5812596033187976,0.2657609790031134
227,1566244800,518,98,-420,616,33,-1.510135243916484,0.6480611575367183
227,1566259200,114,29,-85,143,34,0.5068261517231486,-0.8388115671437232
227,1566273600,17,8,-9,25,34,0.9948469892194655,-1.2687578001320665
227,1566288000,130,134,4,264,34,1.0783242377385722,-0.3979344977234728
227,1566302400,540,328,-212,868,34,-0.30868235304043357,1.8028072372338102
227,1566316800,346,118,-228,464,34,-0.4114235819870266,0.3307879310703295
227,1566331200,606,114,-492,720,34,-2.1066538596058115,1.2635526399263963
227,1566345600,110,44,-66,154,34,0.6288313610972278,-0.798731833560064
227,1566360000,13,5,-8,18,34,1.0012683160286275,-1.2942630851398496
227,1566374400,136,145,9,281,34,1.1104308717843825,-0.3359930912759996
227,1566388800,546,384,-162,930,34,0.012383987417669617,2.0287111901598887
227,1566403200,396,117,-279,513,34,-0.7389112492542919,0.5093249261248111
227,1566417600,605,118,-487,723,34,-2.074547225560001,1.2744834763583035
227,1566432000,128,30,-98,158,34,0.4233489032040417,-0.784157384984188
227,1566446400,13,4,-9,17,34,0.9948469892194655,-1.2979066972838187
227,1566460800,136,138,2,274,34,1.065481584120248,-0.3614983762837827
227,1566475200,486,289,-197,775,34,-0.21236245090300263,1.463951307844692
227,1566489600,401,114,-287,515,34,-0.7902818637275884,0.5166121504127491
227,1566504000,574,95,-479,669,34,-2.0231766110867047,1.0777284205839768
227,1566518400,120,35,-85,155,34,0.5068261517231486,-0.795088221416095
227,1566532800,15,8,-7,23,34,1.0076896428377895,-1.2760450244200046
227,1566547200,110,121,11,231,34,1.1232735254027066,-0.5181736984744502
227,1566561600,489,322,-167,811,34,-0.019722646628140703,1.5951213450275765
227,1566576000,475,104,-371,579,34,-1.3296733156972018,0.7498033276267658
227,1566590400,505,84,-421,589,34,-1.6507396561553047,0.7862394490664559
227,1566604800,145,39,-106,184,34,0.3719782887307452,-0.6894234692409937
227,1566619200,22,11,-11,33,34,0.9820043356011413,-1.2396089029803143
227,1566633600,60,38,-22,98,34,0.9113697407003586,-1.0027741136223287
227,1566648000,353,87,-266,440,34,-0.655434000735185,0.24334123961507323
227,1566662400,421,130,-291,551,34,-0.8159671709642367,0.6477821875956336
227,1566676800,441,92,-349,533,34,-1.1884041258956364,0.5821971690041913
227,1566691200,190,73,-117,263,34,0.3013436938299625,-0.4015781098674418
227,1566705600,19,13,-6,32,34,1.0141109696469517,-1.2432525151242835
227,1566720000,42,25,-17,67,34,0.9434763747461689,-1.115726090085368
227,1566734400,266,86,-180,352,34,-0.10319989514724753,-0.07729662905419978
227,1566748800,343,113,-230,456,34,-0.42426623560535076,0.30163903391857744
227,1566763200,296,63,-233,359,34,-0.44353021603283693,-0.05179134404641669
227,1566777600,84,44,-40,128,34,0.7957858581354414,-0.8934657493032583
227,1566792000,9,5,-4,14,34,1.0269536232652758,-1.3088375337157256
227,1566806400,126,138,12,264,34,1.1296948522118688,-0.3979344977234728
227,1566820800,530,328,-202,858,34,-0.24446908494881295,1.76637111579412
227,1566835200,379,114,-265,493,34,-0.649012673926023,0.43645268324543085
227,1566849600,543,108,-435,651,34,-1.7406382314835738,1.0121434019925346
227,1566864000,71,28,-43,99,35,0.32215393504930945,-0.4990016871358431
227,1566878400,4,4,0,8,35,0.6236098970695442,-0.8025967919166759
227,1566892800,121,138,17,259,35,0.7427901611240555,0.03479190368759933
227,1566907200,590,411,-179,1001,35,-0.6312881773867816,2.5102596811313136
227,1566921600,348,118,-230,466,35,-0.9888289695503156,0.725387361815428
227,1566936000,560,113,-447,673,35,-2.5101299871873137,1.4159828199432567
227,1566950400,93,41,-52,134,35,0.25905850113809753,-0.38223433914321503
227,1566964800,0,4,4,4,35,0.6516523121411939,-0.815941631687262
227,1566979200,126,143,17,269,35,0.7427901611240555,0.06815400311406448
227,1566993600,526,375,-151,901,35,-0.43499127188523345,2.176638686866662
227,1567008000,383,116,-267,499,35,-1.2482213089630758,0.835482289922763
227,1567022400,503,101,-402,604,35,-2.1946528176312543,1.185784333900647
227,1567036800,99,26,-73,125,35,0.11183582201193643,-0.41226022862703365
227,1567051200,0,2,2,2,35,0.637631104605369,-0.822614051572555
227,1567065600,118,137,19,255,35,0.7568113686598804,0.02144706391701327
227,1567080000,533,365,-168,898,35,-0.5541715359397448,2.1666300570387222
227,1567094400,445,145,-300,590,35,-1.4795712333041862,1.139077394703596
227,1567108800,592,101,-491,693,35,-2.818596552975461,1.4827070187961868
227,1567123200,99,30,-69,129,35,0.13987823708358615,-0.3989153888564476
227,1567137600,0,2,2,2,35,0.637631104605369,-0.822614051572555
227,1567152000,93,138,45,231,35,0.9390870666256038,-0.058621974706503086
227,1567166400,424,343,-81,767,35,0.055750991868636954,1.729586554552029
227,1567180800,471,123,-348,594,35,-1.816080214163983,1.152422234474182
227,1567195200,440,82,-358,522,35,-1.8861862518431072,0.9122151186036328
227,1567209600,76,32,-44,108,35,0.31514333128139704,-0.4689757976520244
227,1567224000,0,0,0,0,35,0.6236098970695442,-0.8292864714578481
227,1567238400,1,1,0,2,35,0.6236098970695442,-0.822614051572555
227,1567252800,1,1,0,2,35,0.6236098970695442,-0.822614051572555
227,1567267200,1,4,3,5,35,0.6446417083732814,-0.8126054217446155
227,1567281600,2,6,4,8,35,0.6516523121411939,-0.8025967919166759
227,1567296000,1,1,0,2,35,0.6236098970695442,-0.822614051572555
227,1567310400,0,7,7,7,35,0.6726841234449312,-0.8059330018593225
227,1567324800,1,3,2,4,35,0.637631104605369,-0.815941631687262
227,1567339200,1,0,-1,1,35,0.6165992933016317,-0.8259502615152016
227,1567353600,2,4,2,6,35,0.637631104605369,-0.809269211801969
227,1567368000,0,7,7,7,35,0.6726841234449312,-0.8059330018593225
227,1567382400,0,2,2,2,35,0.637631104605369,-0.822614051572555
227,1567396800,1,2,1,3,35,0.6306205008374566,-0.8192778416299085
227,1567411200,18,20,2,38,35,0.637631104605369,-0.7025104936372805
227,1567425600,84,66,-18,150,35,0.49741902924712034,-0.32885498006087077
227,1567440000,137,59,-78,196,35,0.07678280317237425,-0.1753893226991311
227,1567454400,123,51,-72,174,35,0.11884642577984886,-0.24878594143735444
227,1567468800,64,22,-42,86,36,0.42700185875748814,-0.6446481086963431
227,1567483200,8,4,-4,12,36,0.6587240507251696,-0.8624980947600851
227,1567497600,134,164,30,298,36,0.8660544330120424,-0.020537337811028455
227,1567512000,538,372,-166,910,36,-0.32914424134757764,1.781140925310729
227,1567526400,372,118,-254,490,36,-0.8657640543253662,0.5446950584624641
227,1567540800,628,127,-501,755,36,-2.3719583021152957,1.3248335220691074
227,1567555200,72,22,-50,94,36,0.37821823939587096,-0.6210967588516143
227,1567569600,1,4,3,5,36,0.7014097176665846,-0.8831055258742229
227,1567584000,137,155,18,292,36,0.7928790039696167,-0.0382008501945751
227,1567598400,557,374,-183,931,36,-0.43280943249101406,1.8429632186531424
227,1567612800,413,143,-270,556,36,-0.9633312930486005,0.7389936946814772
227,1567627200,526,125,-401,651,36,-1.7621630600950813,1.0186659740876325
227,1567641600,81,26,-55,107,36,0.3477284772948603,-0.58282581535393
227,1567656000,0,0,0,0,36,0.6831158604059782,-0.8978251195271784
227,1567670400,124,141,17,265,36,0.7867810515494146,-0.117686655920535
227,1567684800,581,375,-206,956,36,-0.5730623381556633,1.91656118691792
227,1567699200,418,113,-305,531,36,-1.1767596277556756,0.6653957264166995
227,1567713600,592,102,-490,694,36,-2.304880825493072,1.14525447950305
227,1567728000,84,22,-62,106,36,0.30504281035344527,-0.585769734084521
227,1567742400,0,1,1,1,36,0.6892138128261803,-0.8948812007965873
227,1567756800,123,155,32,278,36,0.8782503378524468,-0.0794157124228506
227,1567771200,530,400,-130,930,36,-0.10961795422030046,1.8400192999225513
227,1567785600,415,127,-288,542,36,-1.073094436612239,0.6977788324532017
227,1567800000,564,91,-473,655,36,-2.2012156343496354,1.0304416490099968
227,1567814400,68,20,-48,88,36,0.3904141442362753,-0.638760271235161
227,1567828800,0,6,6,6,36,0.719703574927191,-0.8801616071436318
227,1567843200,0,2,2,2,36,0.6953117652463824,-0.8919372820659962
227,1567857600,0,2,2,2,36,0.6953117652463824,-0.8919372820659962
227,1567872000,0,7,7,7,36,0.7258015273473931,-0.8772176884130406
227,1567886400,0,1,1,1,36,0.6892138128261803,-0.8948812007965873
227,1567900800,0,2,2,2,36,0.6953117652463824,-0.8919372820659962
227,1567915200,0,1,1,1,36,0.6892138128261803,-0.8948812007965873
227,1567929600,0,0,0,0,36,0.6831158604059782,-0.8978251195271784
227,1567944000,0,2,2,2,36,0.6953117652463824,-0.8919372820659962
227,1567958400,0,4,4,4,36,0.7075076700867867,-0.8860494446048139
227,1567972800,0,4,4,4,36,0.7075076700867867,-0.8860494446048139
227,1567987200,0,2,2,2,36,0.6953117652463824,-0.8919372820659962
227,1568001600,0,3,3,3,36,0.7014097176665846,-0.888993363335405
227,1568016000,136,144,8,280,36,0.7318994797675953,-0.07352787496166838
227,1568030400,587,393,-194,980,36,-0.49988690911323763,1.9872152364521067
227,1568044800,389,144,-245,533,36,-0.8108824825435469,0.6712835638778817
227,1568059200,615,132,-483,747,36,-2.262195158551657,1.3012821722243786
227,1568073600,99,34,-65,133,37,0.5486353873021781,-0.769011273831891
227,1568088000,9,4,-5,13,37,0.9145859367996606,-1.1379258769265732
227,1568102400,147,138,-9,285,37,0.8901892334998284,-0.3017194432452937
227,1568116800,605,386,-219,991,37,-0.39063768974136015,1.8687281382950864
227,1568131200,455,137,-318,592,37,-0.9944560964122062,0.6420870830052682
227,1568145600,622,131,-491,753,37,-2.0496135141299474,1.1370475088239667
227,1568160000,135,51,-84,186,37,0.4327510466279753,-0.6060739907984065
227,1568174400,8,3,-5,11,37,0.9145859367996606,-1.144074453644818
227,1568188800,112,143,31,255,37,1.13415626649815,-0.39394809401896425
227,1568203200,579,413,-166,992,37,-0.067381371018584,1.8718024266542088
227,1568217600,390,155,-235,545,37,-0.4882245029406888,0.49759553012651764
227,1568232000,627,140,-487,767,37,-2.025216810830115,1.1800875458516795
227,1568246400,252,64,-188,316,37,-0.2015632391676609,-0.20641650411250081
227,1568260800,29,4,-25,33,37,0.7926024203004998,-1.0764401097441263
227,1568275200,132,130,-2,262,37,0.9328834642745347,-0.37242807550510776
227,1568289600,598,398,-200,996,37,-0.27475334906715737,1.8840995800906983
227,1568304000,465,142,-323,607,37,-1.0249519755369965,0.6882014083921034
227,1568318400,656,121,-535,777,37,-2.317977250428101,1.210830429442903
227,1568332800,105,35,-70,140,37,0.5181395081773879,-0.7474912553180346
227,1568347200,11,6,-5,17,37,0.9145859367996606,-1.125628723490084
227,1568361600,120,149,29,269,37,1.121957914848234,-0.3509080569912513
227,1568376000,596,372,-224,968,37,-0.4211335688661504,1.7980195060352724
227,1568390400,447,166,-281,613,37,-0.7687865908887587,0.7066471385468376
227,1568404800,664,115,-549,779,37,-2.403365711977514,1.2169790061611478
227,1568419200,137,33,-104,170,37,0.31076753012881453,-0.6552626045443641
227,1568433600,16,4,-12,20,37,0.8718917060249542,-1.1164058584127168
227,1568448000,22,30,8,52,37,0.9938752225241151,-1.0180286309208015
227,1568462400,164,109,-55,273,37,0.6096271455517586,-0.3386109035547619
227,1568476800,309,72,-237,381,37,-0.5004228545906049,-0.00658776076954797
227,1568491200,248,69,-179,317,37,-0.14667065674303853,-0.20334221575337846
227,1568505600,113,35,-78,148,37,0.4693461015777236,-0.7228969484450558
227,1568520000,10,6,-4,16,37,0.9206851126246186,-1.1287030118492063
227,1568534400,16,19,3,35,37,0.9633793433993249,-1.0702915330258815
227,1568548800,171,50,-121,221,37,0.20708154110452784,-0.4984738982291242
227,1568563200,206,57,-149,263,37,0.03630461800570269,-0.36935378714598543
227,1568577600,185,40,-145,225,37,0.06070132130553485,-0.4861767447926348
227,1568592000,85,29,-56,114,37,0.6035279697268005,-0.8274227526552158
227,1568606400,3,5,2,8,37,0.9572801675743668,-1.153297318722185
227,1568620800,129,131,2,260,37,0.9572801675743668,-0.37857665222335246
227,1568635200,614,411,-203,1025,37,-0.2930508765420315,1.9732539425052464
227,1568649600,406,122,-284,528,37,-0.7870841183636328,0.4453326280214377
227,1568664000,603,133,-470,736,37,-1.9215308218058285,1.0847846067188867
227,1568678400,142,34,-108,176,38,0.34664035839584234,-0.6641414099496308
227,1568692800,34,4,-30,38,38,0.7317179488009897,-1.0530052964096832
227,1568707200,145,164,19,309,38,0.9736256658503771,-0.2893667947381309
227,1568721600,626,371,-255,997,38,-0.3790827927523199,1.6493169290627108
227,1568736000,385,135,-250,520,38,-0.354398331828913,0.30520045195079
227,1568750400,658,159,-499,817,38,-1.5836844858145755,1.142103164114816
227,1568764800,172,35,-137,207,38,0.20347048504008247,-0.5767879282086045
227,1568779200,30,8,-22,38,38,0.7712130862784407,-1.0530052964096832
227,1568793600,139,157,18,296,38,0.9686887736656957,-0.3259988999843677
227,1568808000,693,388,-305,1081,38,-0.6259274019863887,1.886016686038395
227,1568822400,459,134,-325,593,38,-0.7246652456800162,0.5109038121796583
227,1568836800,680,144,-536,824,38,-1.7663494966477866,1.1618281438627898
227,1568851200,191,65,-126,256,38,0.2577762990715776,-0.43871306997278875
227,1568865600,29,8,-21,37,38,0.7761499784631221,-1.0558231506593938
227,1568880000,146,126,-20,272,38,0.7810868706478035,-0.39362740197742035
227,1568894400,573,379,-194,952,38,-0.07793236948675597,1.5225134878257371
227,1568908800,474,168,-306,642,38,-0.63086429417107,0.6489786704154741
227,1568923200,704,129,-575,833,38,-1.9588882918503603,1.1871888321101844
227,1568937600,136,33,-103,169,38,0.37132481931924927,-0.6838663896976045
227,1568952000,14,3,-11,17,38,0.8255189003099358,-1.1121802356536044
227,1568966400,145,138,-7,283,38,0.8452664690486613,-0.36263100523060454
227,1568980800,592,432,-160,1024,38,0.08992196479241081,1.725398993804895
227,1568995200,963,174,-789,1137,38,-3.015383219372174,2.0438165240221844
227,1569009600,867,112,-755,979,38,-2.8475288850930074,1.5985955525679212
227,1569024000,151,38,-113,189,38,0.32195589747243547,-0.6275093047033939
227,1569038400,17,10,-7,27,38,0.8452664690486613,-1.084001693156499
227,1569052800,31,40,9,71,38,0.9242567440035634,-0.9600161061692359
227,1569067200,175,82,-93,257,38,0.420693741166063,-0.4358952157230782
227,1569081600,249,79,-170,328,38,0.040553042945597056,-0.23582756399363092
227,1569096000,267,65,-202,332,38,-0.11742750696420698,-0.22455614699478882
227,1569110400,121,31,-90,152,38,0.4355044177201071,-0.7317699119426834
227,1569124800,14,7,-7,21,38,0.8452664690486613,-1.1009088186547622
227,1569139200,15,21,6,36,38,0.9094460674495192,-1.0586410049091044
227,1569153600,147,55,-92,202,38,0.42563063335074436,-0.5908771994571571
227,1569168000,224,68,-156,292,38,0.10966953353113632,-0.3372703169832098
227,1569182400,186,48,-138,234,38,0.1985335928554011,-0.5007058634664203
227,1569196800,63,34,-29,97,38,0.736654840985671,-0.8867518956767623
227,1569211200,10,7,-3,17,38,0.8650140377873868,-1.1121802356536044
227,1569225600,138,137,-1,275,38,0.8748878221567495,-0.38517383922828874
227,1569240000,614,406,-208,1020,38,-0.14704886007229523,1.7141275768060529
227,1569254400,381,130,-251,511,38,-0.3593352240135944,0.27983976370339525
227,1569268800,588,145,-443,733,38,-1.3072185234724185,0.9054034071391319
227,1569283200,117,37,-80,154,39,0.38174250694316664,-0.6701972661897101
227,1569297600,14,4,-10,18,39,0.8160780218088439,-1.0876636549002472
227,1569312000,149,161,12,310,39,0.9525834693380567,-0.1913387614923294
227,1569326400,657,398,-259,1055,39,-0.7289154524990652,2.0955175590175976
227,1569340800,412,142,-270,554,39,-0.7971681762636716,0.5576450535471634
227,1569355200,626,152,-474,778,39,-2.0629459624436453,1.2452367525998127
227,1569369600,137,35,-102,172,39,0.2452370594139538,-0.6149443618015508
227,1569384000,8,6,-2,14,39,0.8657163663649213,-1.099942078097616
227,1569398400,146,143,-3,289,39,0.8595115732954116,-0.2558004832785153
227,1569412800,618,403,-215,1021,39,-0.45590455744063946,1.9911509618399634
227,1569427200,401,129,-272,530,39,-0.809577762402691,0.483974514362951
227,1569441600,638,145,-493,783,39,-2.180837030764329,1.2605847815965237
227,1569456000,137,40,-97,177,39,0.27626102476150216,-0.5995963328048398
227,1569470400,9,6,-3,15,39,0.8595115732954116,-1.0968724722982737
227,1569484800,143,151,8,294,39,0.9277642970600181,-0.24045245428180434
227,1569499200,616,422,-194,1038,39,-0.32560390298093633,2.0433342604287805
227,1569513600,415,113,-302,528,39,-0.9957215544879812,0.47783530276426667
227,1569528000,643,134,-509,777,39,-2.280113719876484,1.2421671468004705
227,1569542400,147,37,-110,184,39,0.1955987148578764,-0.5781090922094446
227,1569556800,10,6,-4,16,39,0.8533067802259019,-1.0938028664989314
227,1569571200,144,145,1,289,39,0.8843307455734503,-0.2558004832785153
227,1569585600,610,413,-197,1023,39,-0.3442182821894653,1.997290173438648
227,1569600000,431,136,-295,567,39,-0.9522880030014135,0.5975499289386118
227,1569614400,666,112,-554,778,39,-2.559329408004419,1.2452367525998127
227,1569628800,109,40,-69,149,39,0.4499952307077731,-0.685545295186421
227,1569643200,13,6,-7,19,39,0.8346924010173729,-1.084594049100905
227,1569657600,35,35,0,70,39,0.8781259525039407,-0.9280441533344536
227,1569672000,140,80,-60,220,39,0.5058383683333602,-0.46760328343312596
227,1569686400,245,98,-147,343,39,-0.033978628713981586,-0.09004177011403734
227,1569700800,200,73,-127,273,39,0.09011723267621191,-0.3049141760679902
227,1569715200,68,41,-27,109,39,0.7105965396271794,-0.8083295271601084
227,1569729600,17,8,-9,25,39,0.8222828148783535,-1.0661764143048518
227,1569744000,25,27,2,52,39,0.89053553864296,-0.9832970577226129
227,1569758400,103,79,-24,182,39,0.7292109188357084,-0.584248303808129
227,1569772800,168,91,-77,259,39,0.4003568861516957,-0.34788865725878076
227,1569787200,159,63,-96,222,39,0.2824658178310118,-0.4614640718344416
227,1569801600,65,26,-39,91,39,0.6361390227930633,-0.8635824315482676
227,1569816000,8,3,-5,11,39,0.8471019871563923,-1.1091508954956424
227,1569830400,111,135,24,246,39,1.0270409861721728,-0.3877935326502292
227,1569844800,523,346,-177,869,39,-0.22012242079927183,1.5245708803399514
227,1569859200,364,113,-251,477,39,-0.6792771079429878,0.3212854069978153
227,1569873600,544,113,-431,657,39,-1.7961398604547292,0.8738144508794085
227,1569888000,106,36,-70,142,40,0.46435037425083286,-0.6824147267259502
227,1569902400,9,3,-6,12,40,0.8513810117659456,-1.0734299862415013
227,1569916800,162,127,-35,289,40,0.6760077541419102,-0.24026670250451918
227,1569931200,593,411,-182,1004,40,-0.21295324140061458,1.9103172248310123
227,1569945600,372,122,-250,494,40,-0.624173293760422,0.37633428365461924
227,1569960000,597,127,-470,724,40,-1.9545911102186222,1.0681305120282867
227,1569974400,126,37,-89,163,40,0.34945065373853373,-0.6192507232657457
227,1569988800,11,4,-7,15,40,0.845333658054772,-1.064406557175758
227,1570003200,136,142,6,278,40,0.9239492563000293,-0.27335260907891196
227,1570017600,602,423,-179,1025,40,-0.19481118026709365,1.9734812282912169
227,1570032000,419,157,-262,576,40,-0.6967415382945056,0.6229746781182747
227,1570046400,653,129,-524,782,40,-2.2811482106219985,1.2425834739659942
227,1570060800,133,43,-90,176,40,0.3434033000273601,-0.5801491973141906
227,1570075200,14,7,-7,21,40,0.845333658054772,-1.046359699044271
227,1570089600,150,155,5,305,40,0.9179019025888556,-0.19214174748722057
227,1570104000,602,425,-177,1027,40,-0.18271647284474637,1.9794968476683792
227,1570118400,416,117,-299,533,40,-0.9204936256079302,0.4936388615092846
227,1570132800,624,117,-507,741,40,-2.1783431975320466,1.1192632767341666
227,1570147200,155,41,-114,196,40,0.1982668109591928,-0.5199930035425674
227,1570161600,17,7,-10,24,40,0.8271915969212511,-1.0373362699785273
227,1570176000,131,159,28,290,40,1.0569910379458494,-0.237258892815938
227,1570190400,584,375,-209,959,40,-0.3762317916023028,1.77496578884486
227,1570204800,495,132,-363,627,40,-1.307524263123043,0.776372972235914
227,1570219200,693,116,-577,809,40,-2.6016579573142016,1.3237943355576856
227,1570233600,117,36,-81,153,40,0.39782948342792285,-0.6493288201515574
227,1570248000,17,10,-7,27,40,0.845333658054772,-1.028312840912784
227,1570262400,19,26,7,45,40,0.9299966100112029,-0.974172266518323
227,1570276800,150,67,-83,217,40,0.38573477600557554,-0.45682900008236293
227,1570291200,242,58,-184,300,40,-0.22504794882296186,-0.2071807959301264
227,1570305600,183,36,-147,219,40,-0.0012958615095372572,-0.4508133807052006
227,1570320000,45,24,-21,69,40,0.7606707060983411,-0.9019848339923751
227,1570334400,8,6,-2,14,40,0.8755704266106402,-1.067414366864339
227,1570348800,14,18,4,32,40,0.911854548877682,-1.013273792469878
227,1570363200,138,52,-86,190,40,0.36759271487205464,-0.5380398616740543
227,1570377600,179,62,-117,241,40,0.18012474982567186,-0.384641567556415
227,1570392000,128,33,-95,161,40,0.3131665314714919,-0.625266342642908
227,1570406400,42,23,-19,65,40,0.7727654135206884,-0.9140160727466997
227,1570420800,6,4,-2,10,40,0.8755704266106402,-1.0794456056186637
227,1570435200,116,122,6,238,40,0.9239492563000293,-0.3936649966221585
227,1570449600,621,397,-224,1018,40,-0.4669420972699074,1.9524265604711486
227,1570464000,395,145,-250,540,40,-0.624173293760422,0.5146935293293528
227,1570478400,609,133,-476,742,40,-1.990875232485664,1.1222710864227476
227,1570492800,53,22,-31,75,41,0.6622071959949213,-0.9114707334721692
227,1570507200,0,4,4,4,41,0.8740558528202824,-1.1392811204652133
227,1570521600,135,155,20,290,41,0.9709009530833046,-0.22162237849323296
227,1570536000,601,392,-209,993,41,-0.415194544431201,2.0340213124378934
227,1570550400,413,125,-288,538,41,-0.8933672269798733,0.5741096774824702
227,1570564800,627,135,-492,762,41,-2.1281422553334064,1.2928354054605247
227,1570579200,61,16,-45,77,41,0.5774677332647769,-0.9050535394723651
227,1570593600,0,2,2,2,41,0.8619502152874047,-1.1456983144650172
227,1570608000,97,119,22,216,41,0.9830065906161825,-0.4590585564859831
227,1570622400,529,343,-186,872,41,-0.2759797128031065,1.645781075449748
227,1570636800,291,113,-178,404,41,-0.22755716267159543,0.14415767949559835
227,1570651200,521,97,-424,618,41,-1.716550579215562,0.8307974374746325
227,1570665600,47,14,-33,61,41,0.6501015584620435,-0.9563910914707976
227,1570680000,0,2,2,2,41,0.8619502152874047,-1.1456983144650172
227,1570694400,134,133,-1,267,41,0.843791758988088,-0.29542010949097963
227,1570708800,615,424,-191,1039,41,-0.306243806635301,2.1816167744333868
227,1570723200,441,145,-296,586,41,-0.9417897771113843,0.7281223334777677
227,1570737600,683,124,-559,807,41,-2.533681112684812,1.4372222704561162
227,1570752000,74,21,-53,95,41,0.5290451831332658,-0.8472987934741286
227,1570766400,0,5,5,5,41,0.8801086715867213,-1.1360725234653113
227,1570780800,122,142,20,264,41,0.9709009530833046,-0.3050459004906857
227,1570795200,608,360,-248,968,41,-0.6512544763223177,1.9538063874403426
227,1570809600,478,133,-345,611,41,-1.23837789666689,0.8083372584753183
227,1570824000,701,100,-601,801,41,-2.7878995008752456,1.4179706884567038
227,1570838400,109,46,-63,155,41,0.4685169954688768,-0.6547829734800069
227,1570852800,19,11,-8,30,41,0.8014220276230157,-1.0558575984677605
227,1570867200,31,45,14,76,41,0.9345840404846714,-0.9082621364722672
227,1570881600,224,115,-109,339,41,0.19008733221268792,-0.06440112549803353
227,1570896000,324,106,-218,430,41,-0.469669913329151,0.2275812014930511
227,1570910400,279,126,-153,405,41,-0.07623669351062319,0.14736627649550038
227,1570924800,87,37,-50,124,41,0.5472036394325824,-0.7542494804769698
227,1570939200,9,9,0,18,41,0.8498445777545268,-1.0943607624665848
227,1570953600,14,34,20,48,41,0.9709009530833046,-0.998102852469524
227,1570968000,180,114,-66,294,41,0.45035853916956015,-0.20878799049362484
227,1570982400,300,116,-184,416,41,-0.26387407527022877,0.18266084349442271
227,1570996800,256,84,-172,340,41,-0.19124025007296208,-0.061192528498131504
227,1571011200,56,40,-16,96,41,0.7529994774915046,-0.8440901964742266
227,1571025600,5,4,-1,9,41,0.843791758988088,-1.123238135465703
227,1571040000,104,86,-18,190,41,0.7408938399586269,-0.5424820784834359
227,1571054400,466,291,-175,757,41,-0.20939870637227875,1.2767924204610146
227,1571068800,334,102,-232,436,41,-0.5544093760592954,0.2468327834924633
227,1571083200,461,100,-361,561,41,-1.335222996929912,0.6479074084802169
227,1571097600,64,36,-28,100,42,0.6771824694859009,-0.8168019874302686
227,1571112000,10,8,-2,18,42,0.8315953441316732,-1.062634902287373
227,1571126400,152,135,-17,287,42,0.7425109933744969,-0.2561830230610185
227,1571140800,628,391,-237,1019,42,-0.564059484397423,1.9383254363950837
227,1571155200,424,128,-296,552,42,-0.9144579307089833,0.5382770066601114
227,1571169600,675,142,-533,817,42,-2.32199067267237,1.3327370363812412
227,1571184000,71,22,-49,93,42,0.5524643784258539,-0.8377877240644116
227,1571198400,0,3,3,3,42,0.8612901277173987,-1.107604337931965
227,1571212800,157,141,-16,298,42,0.748449950091642,-0.22320543692165082
227,1571227200,573,431,-142,1004,42,0.00014140373136056525,1.8933560007504915
227,1571241600,364,151,-213,515,42,-0.42152452318594086,0.4273523987367838
227,1571256000,569,141,-428,710,42,-1.6984002173721353,1.0119550621164832
227,1571270400,61,21,-40,82,42,0.6059149888801598,-0.8707653102037793
227,1571284800,0,2,2,2,42,0.8553511710002536,-1.1106023003082715
227,1571299200,149,142,-7,291,42,0.8019005605459477,-0.24419117355579387
227,1571313600,621,400,-221,1021,42,-0.46903617692310157,1.944321361147696
227,1571328000,417,127,-290,544,42,-0.8788241904061128,0.5142933076496622
227,1571342400,683,153,-530,836,42,-2.3041738025209346,1.389698321531058
227,1571356800,66,22,-44,88,42,0.5821591620115795,-0.8527775359459424
227,1571371200,0,0,0,0,42,0.8434732575659634,-1.1165982250608837
227,1571385600,123,128,5,251,42,0.8731680411516889,-0.3641096686080399
227,1571400000,584,371,-213,955,42,-0.42152452318594086,1.7464558443114901
227,1571414400,447,139,-308,586,42,-0.9857254113147245,0.6402077274545205
227,1571428800,669,120,-549,789,42,-2.417013980146691,1.248794089844669
227,1571443200,105,46,-59,151,42,0.49307481125440306,-0.663905906238655
227,1571457600,11,5,-6,16,42,0.8078395172630929,-1.0686308270399851
227,1571472000,24,39,15,63,42,0.9325576083231397,-0.9277265953535961
227,1571486400,198,123,-75,321,42,0.39805150378008164,-0.15425230226660935
227,1571500800,283,93,-190,376,42,-0.2849285186916038,0.01063562843022893
227,1571515200,281,113,-168,394,42,-0.1542714709144118,0.06459895120373964
227,1571529600,68,34,-34,102,42,0.6415487291830303,-0.8108060626776563
227,1571544000,8,12,4,20,42,0.8672290844345437,-1.0566389775347607
227,1571558400,12,28,16,40,42,0.9384965650402849,-0.9966797300086376
227,1571572800,136,89,-47,225,42,0.5643422918601442,-0.4420566903919998
227,1571587200,229,87,-142,316,42,0.00014140373136056525,-0.1692421141481401
227,1571601600,136,54,-82,190,42,0.356478806760066,-0.546985373562715
227,1571616000,24,28,4,52,42,0.8672290844345437,-0.9607041814929638
227,1571630400,6,8,2,14,42,0.8553511710002536,-1.0746267517925976
227,1571644800,135,123,-12,258,42,0.7722057769602223,-0.34312393197389685
227,1571659200,579,322,-257,901,42,-0.6828386187403248,1.584565875990958
227,1571673600,411,128,-283,539,42,-0.8372514933860972,0.49930349576813143
227,1571688000,651,153,-498,804,42,-2.114127187572292,1.2937635254892614
227,1571702400,69,16,-53,85,43,0.585818287585641,-0.8762616022039262
227,1571716800,0,0,0,0,43,0.8819871515796536,-1.1244372404322498
227,1571731200,160,140,-20,300,43,0.7702253161102148,-0.24852322315581402
227,1571745600,638,395,-243,1033,43,-0.4759191493740263,1.8916266923896106
227,1571760000,385,131,-254,516,43,-0.5373881588822176,0.3821348692832197
227,1571774400,657,144,-513,801,43,-1.984703928211448,1.2142531856958336
227,1571788800,52,25,-27,77,43,0.7311086736959114,-0.8996193093312979
227,1571803200,0,5,5,5,43,0.9099276104470132,-1.1098386734776424
227,1571817600,145,124,-21,269,43,0.764637224336743,-0.33903433827437907
227,1571832000,646,402,-244,1048,43,-0.4815072411474982,1.9354223932534325
227,1571846400,423,127,-296,550,43,-0.7720880133680388,0.4814051245745491
227,1571860800,654,139,-515,793,43,-1.995880111758392,1.190895478568462
227,1571875200,55,19,-36,74,43,0.680815847734664,-0.9083784495040622
227,1571889600,0,2,2,2,43,0.8931633351265974,-1.118597813650407
227,1571904000,140,155,15,295,43,0.9658085281817326,-0.2631217901104213
227,1571918400,662,362,-300,1024,43,-0.7944403804619264,1.8653492718713176
227,1571932800,457,134,-323,591,43,-0.922966491251781,0.6011133736023286
227,1571947200,725,124,-601,849,43,-2.476456004276978,1.3543994284600633
227,1571961600,60,22,-38,82,43,0.66963966418772,-0.8850207423766906
227,1571976000,0,1,1,1,43,0.8875752433531254,-1.1215175270413282
227,1571990400,132,125,-7,257,43,0.84287050916535,-0.3740708989654365
227,1572004800,541,386,-155,927,43,0.015832926691503865,1.5821370729519366
227,1572019200,471,133,-338,604,43,-1.00678786785386,0.6390696476843075
227,1572033600,688,125,-563,813,43,-2.2641085168850448,1.249289746386891
227,1572048000,128,35,-93,163,43,0.3622946166467637,-0.648523957712053
227,1572062400,23,8,-15,31,43,0.7981657749775746,-1.0339261253136847
227,1572076800,36,33,-3,69,43,0.8652228762592378,-0.9229770164586695
227,1572091200,232,119,-113,351,43,0.2505327811773251,-0.09961784021881995
227,1572105600,296,95,-201,391,43,-0.24121929488820507,0.017170695418038145
227,1572120000,334,92,-242,426,43,-0.4703310576005543,0.11936066410028898
227,1572134400,91,51,-40,142,43,0.6584634806407762,-0.7098379389214035
227,1572148800,13,16,3,29,43,0.8987514269000694,-1.0397655520955276
227,1572163200,14,21,7,35,43,0.921103793993957,-1.0222472717499989
227,1572177600,160,80,-80,240,43,0.4349398097018989,-0.4237060266111012
227,1572192000,200,71,-129,271,43,0.16112331280177414,-0.33319491149253616
227,1572206400,196,56,-140,252,43,0.09965430329358287,-0.38866946592004376
227,1572220800,52,33,-19,85,43,0.7758134078836868,-0.8762616022039262
227,1572235200,5,3,-2,8,43,0.8708109680327096,-1.1010795333048782
227,1572249600,128,121,-7,249,43,0.84287050916535,-0.3974286060928081
227,1572264000,583,398,-185,981,43,-0.15180982651265412,1.739801596061695
227,1572278400,497,165,-332,662,43,-0.9732593172130284,0.8084130243577518
227,1572292800,654,140,-514,794,43,-1.9902920199849201,1.1938151919593833
227,1572307200,127,39,-88,166,44,0.3962097987828127,-0.6475431334640048
227,1572321600,7,6,-1,13,44,0.9257635169844927,-1.111666270522474
227,1572336000,163,127,-36,290,44,0.7127246648343916,-0.2713910485277293
227,1572350400,614,396,-218,1010,44,-0.39507736634613433,1.9127178317474194
227,1572364800,399,125,-274,524,44,-0.7359395297862962,0.43844433756169404
227,1572379200,662,155,-507,817,44,-2.154169602671255,1.3272553124514421
227,1572393600,109,39,-70,148,44,0.5057726370314362,-0.7021458554708836
227,1572408000,12,8,-4,20,44,0.9075030439430555,-1.09043187863091
227,1572422400,140,159,19,299,44,1.0475000039274076,-0.2440896875242899
227,1572436800,645,440,-205,1085,44,-0.31594864983323967,2.1402291734427474
227,1572451200,408,132,-276,540,44,-0.7481131784805877,0.4869800904566974
227,1572465600,650,136,-514,786,44,-2.1967773731012756,1.2332172912173731
227,1572480000,129,40,-89,169,44,0.39012297443566696,-0.6384426797961917
227,1572494400,10,8,-2,18,44,0.919676692637347,-1.0964988477427855
227,1572508800,123,136,13,259,44,1.0109790578445332,-0.3654290697617981
227,1572523200,612,356,-256,968,44,-0.6263766915376727,1.7853114803980357
227,1572537600,396,106,-290,502,44,-0.8333287193406281,0.3717076773310645
227,1572552000,577,117,-460,694,44,-1.8680888583554052,0.9541367120711042
227,1572566400,140,50,-90,190,44,0.3840361500885212,-0.5747395041214999
227,1572580800,15,7,-8,22,44,0.8831557465544725,-1.0843649095190346
227,1572595200,127,134,7,261,44,0.9744581117616586,-0.35936210064992274
227,1572609600,607,329,-278,936,44,-0.7602868271748792,1.688239974608029
227,1572624000,454,122,-332,576,44,-1.0889753419207495,0.5961855344704547
227,1572638400,699,130,-569,829,44,-2.5315527121942916,1.3636571271226945
227,1572652800,115,49,-66,164,44,0.5301199344200191,-0.6536101025758803
227,1572667200,23,8,-15,31,44,0.8405479761244522,-1.0570635485155953
227,1572681600,20,31,11,51,44,0.9988054091502416,-0.996393857396841
227,1572696000,224,105,-119,329,44,0.20751824402129457,-0.1530851508461587
227,1572710400,300,93,-207,393,44,-0.32812229852753116,0.04105786073385451
227,1572724800,270,70,-200,340,44,-0.28551452809751093,-0.11971682073084393
227,1572739200,111,37,-74,148,44,0.48142533964285317,-0.7021458554708836
227,1572750000,21,6,-15,27,44,0.8405479761244522,-1.0691974867393461
227,1572764400,6,10,4,16,44,0.9561976387202215,-1.1025658168546608
227,1572778800,139,72,-67,211,44,0.5240331100728735,-0.511036328446808
227,1572793200,236,101,-135,337,44,0.11012905446696263,-0.12881727439865703
227,1572807600,194,85,-109,279,44,0.268386487492752,-0.30475937864304403
227,1572822000,68,37,-31,105,44,0.7431587865701202,-0.832585691376205
227,1572836400,13,9,-4,22,44,0.9075030439430555,-1.0843649095190346
227,1572850800,37,63,26,100,44,1.090107774357428,-0.8477531141558935
227,1572865200,628,445,-183,1073,44,-0.18203851419603323,2.103827358771495
227,1572879600,414,144,-270,558,44,-0.7115922323977132,0.5415828124635761
227,1572894000,641,150,-491,791,44,-2.056780413116923,1.2483847139970616
227,1572908400,165,55,-110,220,44,0.26229966314560627,-0.4837349674433687
227,1572922800,13,8,-5,21,45,0.9074227161983862,-1.0412275886570699
227,1572937200,41,83,42,124,45,1.1930178121447532,-0.7472099288313202
227,1572951600,647,437,-210,1084,45,-0.3382580214400233,1.9931488423601325
227,1572966000,401,145,-256,546,45,-0.6177766259832762,0.4574061143382559
227,1572980400,667,120,-547,787,45,-2.386035624289506,1.1453503475227769
227,1572994800,187,57,-130,244,45,0.1478612908091121,-0.40466508243238863
227,1573009200,12,9,-3,21,45,0.9195756990046146,-1.0412275886570699
227,1573023600,33,88,55,121,45,1.2720122003852377,-0.7557735499912935
227,1573038000,707,534,-173,1241,45,-0.11342783952479821,2.4413116830654014
227,1573052400,401,146,-255,547,45,-0.611700134580162,0.4602606547249137
227,1573066800,689,167,-522,856,45,-2.2341233392116515,1.3423136342021627
227,1573081200,178,49,-129,227,45,0.1539377822122263,-0.45319226900557064
227,1573095600,22,6,-16,28,45,0.84058131076413,-1.0212458059504654
227,1573110000,44,62,18,106,45,1.0471820184700127,-0.79859165579116
227,1573124400,639,440,-199,1079,45,-0.2714166160057672,1.9788761404268436
227,1573138800,428,167,-261,595,45,-0.6481590829988472,0.5972785932844863
227,1573153200,692,175,-517,867,45,-2.2037408821960804,1.373713578455398
227,1573167600,185,43,-142,228,45,0.07494339397174177,-0.45033772861891286
227,1573182000,16,12,-4,28,45,0.9134992076015004,-1.0212458059504654
227,1573196400,23,65,42,88,45,1.1930178121447532,-0.8499733827509998
227,1573210800,608,353,-255,961,45,-0.611700134580162,1.6420403748012276
227,1573225200,402,137,-265,539,45,-0.672465048611304,0.43742433163165156
227,1573239600,702,139,-563,841,45,-2.483259486739333,1.2994955284022962
227,1573254000,154,43,-111,197,45,0.26331462746828177,-0.5388284806053035
227,1573268400,26,19,-7,45,45,0.8952697333921578,-0.9727186193772835
227,1573282800,11,25,14,36,45,1.0228760528575558,-0.9984094828572034
227,1573297200,199,75,-124,274,45,0.18432023922779725,-0.31902887083265574
227,1573311600,304,104,-200,408,45,-0.2774931074088814,0.06347954097948455
227,1573326000,328,89,-239,417,45,-0.514476272130335,0.08917040445940443
227,1573340400,109,55,-54,164,45,0.6096746374457908,-0.6330283133650098
227,1573354800,21,14,-7,35,45,0.8952697333921578,-1.0012640232438612
227,1573369200,7,11,4,18,45,0.962111138826414,-1.0497912098170432
227,1573383600,132,58,-74,190,45,0.4881448093835069,-0.5588102633119079
227,1573398000,279,76,-203,355,45,-0.295722581618224,-0.0878110995133769
227,1573412400,212,67,-145,279,45,0.05671391976239919,-0.3047561688993669
227,1573426800,196,41,-155,237,45,-0.004050994268742738,-0.42464686513899297
227,1573441200,17,16,-1,33,45,0.931728681810843,-1.0069731040171768
227,1573455600,28,55,27,83,45,1.1018704410980404,-0.8642460846842885
227,1573470000,553,374,-179,927,45,-0.14988678794348337,1.5449860016548635
227,1573484400,355,117,-238,472,45,-0.5083997807272207,0.24617012572558142
227,1573498800,520,128,-392,648,45,-1.4441794568068065,0.7485692337773477
227,1573513200,154,51,-103,205,45,0.3119265586931953,-0.5159921575120414
227,1573527600,28,9,-19,37,46,0.771956771631149,-0.9736204834855481
227,1573542000,46,72,26,118,46,1.0419416529011103,-0.7398691154673523
227,1573556400,647,443,-204,1090,46,-0.3379810735898036,2.065147300750997
227,1573570800,349,143,-206,492,46,-0.34998040164624633,0.33942732451789737
227,1573585200,659,147,-512,806,46,-2.185877594281984,1.2455746030081873
227,1573599600,175,53,-122,228,46,0.15399137672434832,-0.4224289860599259
227,1573614000,31,13,-18,44,46,0.7779564356593702,-0.9534197479778028
227,1573628400,47,79,32,126,46,1.0779396370704386,-0.7167825606013577
227,1573642800,637,450,-187,1087,46,-0.23598678511004043,2.0564898426762492
227,1573657200,377,156,-221,533,46,-0.43997536206956683,0.45774591820611993
227,1573671600,654,143,-511,797,46,-2.1798779302537628,1.2196022287839432
227,1573686000,200,43,-157,243,46,-0.05599686426339946,-0.37914169568618594
227,1573700400,28,9,-19,37,46,0.771956771631149,-0.9736204834855481
227,1573714800,43,60,17,103,46,0.987944676647118,-0.7831564058410923
227,1573729200,661,413,-248,1074,46,-0.6019662908315437,2.0189741910190078
227,1573743600,364,151,-213,515,46,-0.3919780498437959,0.405801169757632
227,1573758000,699,129,-570,828,46,-2.5338581079188236,1.3090626288896725
227,1573772400,212,47,-165,259,46,-0.10399417648917038,-0.33296858595419665
227,1573786800,33,12,-21,45,46,0.7599574435747062,-0.9505339286195534
227,1573801200,37,61,24,98,46,1.0299423248446675,-0.797585502632339
227,1573815600,552,413,-139,965,46,0.051997088244585106,1.7044198809698308
227,1573830000,402,136,-266,538,46,-0.7099602433395282,0.4721750149973666
227,1573844400,751,130,-621,881,46,-2.839840973358113,1.462011054876887
227,1573858800,181,66,-115,247,46,0.19598902492189788,-0.3675984182531886
227,1573873200,31,15,-16,46,46,0.789955763715813,-0.9476481092613042
227,1573887600,15,17,2,32,46,0.8979497162237976,-0.9880495802767947
227,1573902000,139,75,-64,214,46,0.5019718903611875,-0.46283045707541653
227,1573916400,313,101,-212,414,46,-0.38597838581557453,0.1143334145744496
227,1573930800,300,65,-235,365,46,-0.523970658464666,-0.027071733979767608
227,1573945200,110,41,-69,151,46,0.4719735702200807,-0.6446370766451244
227,1573959600,14,15,1,29,46,0.8919500521955762,-0.9967070383515427
227,1573974000,7,12,5,19,46,0.9159487083084616,-1.025565231934036
227,1573988400,106,55,-51,161,46,0.5799675227280653,-0.6157788830626311
227,1574002800,217,80,-137,297,46,0.06399641630102784,-0.2233074503407221
227,1574017200,154,57,-97,211,46,0.30398297742988245,-0.4714879151501645
227,1574031600,50,28,-22,78,46,0.7539577795464848,-0.8553018897973256
227,1574046000,9,11,2,20,46,0.8979497162237976,-1.0226794125757868
227,1574060400,31,60,29,91,46,1.0599406449857744,-0.8177862381400842
227,1574074800,614,382,-232,996,46,-0.5059716663800018,1.79388028107556
227,1574089200,330,152,-178,482,46,-0.18198980885604812,0.31056913093540406
227,1574103600,571,164,-407,735,46,-1.555912871318741,1.0406814285724848
227,1574118000,139,53,-86,192,46,0.36997928174031747,-0.5263184829569019
227,1574132400,21,5,-16,26,47,0.848209054336281,-1.0240100630147504
227,1574146800,49,67,18,116,47,1.0497133846627174,-0.7677533243059945
227,1574161200,669,445,-224,1114,47,-0.3845233194254476,2.073849178264431
227,1574175600,410,159,-251,569,47,-0.5445414640964412,0.5220722605280762
227,1574190000,694,147,-547,841,47,-2.2988144575265936,1.2965370708478714
227,1574204400,183,49,-134,232,47,0.1488704961445311,-0.437466861081376
227,1574218800,23,8,-15,31,47,0.8541356522870585,-1.0097735775309307
227,1574233200,37,53,16,90,47,1.0378601887611623,-0.8417830488218574
227,1574247600,666,451,-215,1117,47,-0.33118393786844974,2.0823910695547228
227,1574262000,383,127,-256,510,47,-0.574174453850329,0.35408173181900293
227,1574276400,697,174,-523,871,47,-2.1565761067079325,1.38195598375079
227,1574290800,169,41,-128,210,47,0.18443008384919635,-0.5001073972101829
227,1574305200,18,6,-12,24,47,0.8719154461393911,-1.0297046572082782
227,1574319600,38,65,27,103,47,1.1030527662197152,-0.8047681865639259
227,1574334000,622,454,-168,1076,47,-0.0526338341819053,1.9656518885874006
227,1574348400,404,136,-268,540,47,-0.6452936292596594,0.4395006447219216
227,1574362800,698,132,-566,830,47,-2.4114198185913667,1.265216802783468
227,1574377200,210,50,-160,260,47,-0.005221050575684969,-0.35774254237198533
227,1574391600,175,36,-139,211,47,0.1192375063906434,-0.49726010011341903
227,1574406000,37,64,27,101,47,1.1030527662197152,-0.8104627807574538
227,1574420400,582,383,-199,965,47,-0.23635837065600906,1.6496019108466018
227,1574434800,388,106,-282,494,47,-0.728266000570545,0.3085249782707797
227,1574449200,655,138,-517,793,47,-2.1210165190032675,1.1598668102032017
227,1574463600,228,59,-169,287,47,-0.05856043213268284,-0.2808655207593586
227,1574478000,35,21,-14,56,47,0.860062250237836,-0.9385911501118318
227,1574492400,9,25,16,34,47,1.0378601887611623,-1.0012316862406387
227,1574506800,166,111,-55,277,47,0.6170717342559568,-0.3093384917269981
227,1574521200,282,82,-200,364,47,-0.2422849686067866,-0.061623644308534196
227,1574535600,283,67,-216,350,47,-0.3371105358192273,-0.10148580366322954
227,1574550000,127,40,-87,167,47,0.42742059983107555,-0.622541172371033
227,1574564400,26,23,-3,49,47,0.925254827696389,-0.9585222297891794
227,1574578800,6,13,7,19,47,0.9845208072041645,-1.043941142692098
227,1574593200,106,61,-45,167,47,0.6763377137637323,-0.622541172371033
227,1574607600,198,66,-132,264,47,0.1607236920460862,-0.3463533539849295
227,1574622000,172,59,-113,231,47,0.2733290531108595,-0.44031415817813996
227,1574636400,47,34,-13,81,47,0.8659888481886135,-0.867408722692733
227,1574650800,11,6,-5,17,47,0.9134016317948339,-1.049635736885626
227,1574665200,40,60,20,100,47,1.0615665805642724,-0.8133100778542178
227,1574679600,644,395,-249,1039,47,-0.5326882681948861,1.8603018960071342
227,1574694000,396,136,-260,532,47,-0.5978808456534391,0.4167222679478099
227,1574708400,667,146,-521,813,47,-2.1447229108063777,1.2168127521384808
227,1574722800,169,57,-112,226,47,0.279255651061637,-0.45455064366195974
227,1574737200,26,11,-15,37,48,0.7639942349315609,-0.8445803927155551
227,1574751600,48,55,7,103,48,0.9346325412106913,-0.6065349581850499
227,1574766000,637,406,-231,1043,48,-0.9113636812635371,2.7838091093706296
227,1574780400,454,116,-338,570,48,-1.7412863527120348,1.0778168285686762
227,1574794800,684,163,-521,847,48,-3.1606868094884373,2.07688630379519
227,1574809200,176,51,-125,227,48,-0.08919729646409086,-0.15929808118834318
227,1574823600,21,6,-15,27,48,0.7639942349315609,-0.8806478827959346
227,1574838000,43,65,22,108,48,1.050976840946462,-0.58850121314486
227,1574852400,484,346,-138,830,48,-0.1900290229017588,2.015571570658545
227,1574866800,474,129,-345,603,48,-1.7955803592553943,1.1968395458339287
227,1574881200,441,123,-318,564,48,-1.5861606197310072,1.0561763345204485
227,1574895600,121,36,-85,157,48,0.2210541694979643,-0.41177051175100016
227,1574910000,26,8,-18,34,48,0.7407253749844067,-0.855400639739669
227,1574924400,26,20,-6,46,48,0.8338008147730233,-0.8121196516432134
227,1574938800,147,33,-114,180,48,-0.00387814332452569,-0.3288152845661272
227,1574953200,123,62,-61,185,48,0.40720504907519744,-0.3107815395259374
227,1574967600,140,49,-91,189,48,0.17451644960365603,-0.29635454349378554
227,1574982000,61,30,-31,91,48,0.6398936485467388,-0.6498159462815053
227,1574996400,15,11,-4,26,48,0.8493133880711261,-0.8842546318039726
227,1575010800,13,23,10,36,48,0.9579014011578454,-0.848187141723593
227,1575025200,244,141,-103,385,48,0.08144100981503949,0.41056826208165403
227,1575039600,357,95,-262,452,48,-1.1518085673841298,0.6522204456201972
227,1575054000,369,65,-304,434,48,-1.4775726066442878,0.5872989634755139
227,1575068400,101,39,-62,140,48,0.399448762426146,-0.4730852448876455
227,1575082800,17,11,-6,28,48,0.8338008147730233,-0.8770411337878966
227,1575097200,8,11,3,19,48,0.9036073946144857,-0.9095018748602383
227,1575111600,126,64,-62,190,48,0.399448762426146,-0.2927477944857476
227,1575126000,247,65,-182,312,48,-0.5313056354600195,0.14727558449488318
227,1575140400,270,70,-200,340,48,-0.6709187951429443,0.248264556719946
227,1575154800,79,48,-31,127,48,0.6398936485467388,-0.5199729819921389
227,1575169200,20,10,-10,30,48,0.8027756681768178,-0.8698276357718208
227,1575183600,10,9,-1,19,48,0.8725822480182802,-0.9095018748602383
227,1575198000,116,61,-55,177,48,0.4537427689695057,-0.339635531590241
227,1575212400,159,68,-91,227,48,0.17451644960365603,-0.15929808118834318
227,1575226800,122,39,-83,161,48,0.23656674279606707,-0.39734351571884835
227,1575241200,49,28,-21,77,48,0.7174565150372526,-0.7003104323940368
227,1575255600,16,4,-12,20,48,0.787263094878715,-0.9058951258522003
227,1575270000,32,48,16,80,48,1.0044391210521537,-0.6894901853699229
227,1575284400,592,393,-199,985,48,-0.6631625084938929,2.574617666904428
227,1575298800,333,106,-227,439,48,-0.8803385346673316,0.6053327085157038
227,1575313200,526,152,-374,678,48,-2.0205126720778845,1.4673457214367756
227,1575327600,125,41,-84,166,48,0.2288104561470157,-0.37930977067865856
227,1575342000,25,11,-14,36,49,0.8748204520229239,-1.0518056271013256
227,1575356400,38,68,30,106,49,1.1277483699977668,-0.8526401176917263
227,1575370800,629,434,-195,1063,49,-0.16563302873722546,1.870236918093795
227,1575385200,423,162,-261,585,49,-0.5450249056994899,0.5102210109825315
227,1575399600,669,164,-505,833,49,-1.9476251781054372,1.2158359586051117
227,1575414000,198,51,-147,249,49,0.11028833632623958,-0.445773434183545
227,1575428400,25,8,-17,33,49,0.8575753667064574,-1.0603412917903086
227,1575442800,50,65,15,115,49,1.041522943415434,-0.8270331236247779
227,1575457200,663,396,-267,1059,49,-0.579515076332423,1.858856031841818
227,1575471600,386,149,-237,535,49,-0.40706422316775737,0.36795993283281775
227,1575486000,710,138,-572,848,49,-2.332765416839857,1.258514282050026
227,1575500400,170,53,-117,223,49,0.2827391894909052,-0.5197491948213961
227,1575514800,40,14,-26,54,49,0.8058401107570576,-1.0005916389674288
227,1575527459,5,6,1,11,49,0.9610458786052567,-1.1229361661761825
227,1575529200,42,59,17,101,49,1.0530196669597451,-0.8668662255066978
227,1575543600,684,415,-269,1099,49,-0.591011799876734,1.9726648943615888
227,1575558000,405,139,-266,544,49,-0.5737667145602675,0.3935669268997662
227,1575572400,708,163,-545,871,49,-2.177559648991658,1.3239543779988943
227,1575586800,193,59,-134,252,49,0.18501703936426137,-0.43723776949456217
227,1575601200,29,19,-10,48,49,0.897813899111546,-1.0176629683453944
227,1575615600,38,66,28,104,49,1.1162516464534558,-0.8583305608177149
227,1575630000,639,389,-250,1028,49,-0.4817929262057791,1.7706541633889954
227,1575644400,442,174,-268,616,49,-0.5852634381045785,0.598422879435354
227,1575658800,769,143,-626,912,49,-2.643176952536255,1.4406084620816595
227,1575673200,225,82,-143,307,49,0.13328178341486166,-0.28075058352987703
227,1575687600,50,35,-15,85,49,0.8690720902507684,-0.9123897705146061
227,1575702000,11,20,9,31,49,1.007032772782501,-1.066031734916297
227,1575716400,202,128,-74,330,49,0.5299187456935927,-0.2153104875810087
227,1575730800,479,170,-309,649,49,-0.8209462707629549,0.6923151910141652
227,1575745200,423,113,-310,536,49,-0.8266946325351104,0.370805154395812
227,1575759600,174,68,-106,242,49,0.34597116898461594,-0.46568998512450493
227,1575774000,60,22,-38,82,49,0.7368597694911914,-0.9209254352035889
227,1575788400,9,15,6,24,49,0.9897876874660344,-1.085948285857257
227,1575802800,177,75,-102,252,49,0.36896461607323805,-0.43723776949456217
227,1575817200,365,127,-238,492,49,-0.41281258493991285,0.2456154056240639
227,1575831600,312,57,-255,369,49,-0.5105347350665568,-0.10434684662423196
227,1575846000,70,45,-25,115,49,0.8115884725292132,-0.8270331236247779
227,1575860400,14,8,-6,22,49,0.9208073462001681,-1.0916387289832454
227,1575874800,41,66,25,107,49,1.0990065611369892,-0.849794896128732
227,1575889200,596,400,-196,996,49,-0.17138139050938098,1.6796070733731785
227,1575903600,367,154,-213,521,49,-0.2691035406360248,0.3281268309508979
227,1575918000,603,160,-443,763,49,-1.591226748231795,1.0166704491955125
227,1575932400,137,59,-78,196,49,0.5069252986049706,-0.5965701770222416
227,1575946800,28,13,-15,41,50,0.8864514726520173,-1.0521814679136428
227,1575961200,48,76,28,124,50,1.1250047969866237,-0.8215101518236511
227,1575975600,654,483,-171,1137,50,0.02100220297298025,1.9937915734674532
227,1575990000,412,140,-272,552,50,-0.5393207216269091,0.3679756709054631
227,1576004400,667,158,-509,825,50,-1.8541378813316,1.1266897587677251
227,1576018800,190,53,-137,243,50,0.20962576174918066,-0.49078862634522913
227,1576033200,24,6,-18,30,50,0.869808217465882,-1.0827523652267743
227,1576047600,49,62,13,111,50,1.041788521055947,-0.8576393941028064
227,1576062000,656,427,-229,1083,50,-0.3007673972923028,1.843716259384808
227,1576076400,377,155,-222,532,50,-0.26193313519132033,0.31239222124522414
227,1576090800,788,188,-600,976,50,-2.358983288644372,1.5463448037025296
227,1576105200,276,70,-206,346,50,-0.1731691075319319,-0.20453386059499837
227,1576119600,44,10,-34,54,50,0.7810441898064936,-1.0160522256344875
227,1576134000,48,59,11,107,50,1.0306930175985236,-0.8687560840348542
227,1576148400,698,434,-264,1132,50,-0.49493870779721494,1.9798957110523936
227,1576162800,468,135,-333,603,50,-0.8777335770783276,0.5097134675390725
227,1576177200,805,140,-665,945,50,-2.719587151010637,1.460190456729159
227,1576191600,203,57,-146,260,50,0.15969599619077465,-0.44354269413402597
227,1576206000,35,13,-22,48,50,0.8476172105510349,-1.0327272605325593
227,1576220400,23,35,12,58,50,1.0362407693272353,-1.0049355357024397
227,1576234800,618,442,-176,1060,50,-0.006736555670578631,1.7797952922755331
227,1576249200,458,164,-294,622,50,-0.6613712596585682,0.5625177447162996
227,1576263600,720,117,-603,837,50,-2.375626543830507,1.1600398285638687
227,1576278000,204,62,-142,266,50,0.18188700310562175,-0.42686765923595427
227,1576292400,53,21,-32,74,50,0.7921396932639172,-0.9604687759742485
227,1576306800,16,19,3,35,50,0.9863110037688293,-1.0688565028117145
227,1576321200,199,90,-109,289,50,0.3649628101531104,-0.36294669212667946
227,1576335600,416,152,-264,568,50,-0.49493870779721494,0.4124424306336543
227,1576350000,386,112,-274,498,50,-0.5504162250843327,0.21790035682281786
227,1576364400,139,63,-76,202,50,0.548038617200599,-0.604734698148719
227,1576378800,54,21,-33,75,50,0.7865919415352054,-0.9576896034912366
227,1576393200,15,20,5,35,50,0.9974065072262529,-1.0688565028117145
227,1576407600,121,73,-48,194,50,0.7033756656045287,-0.6269680780128146
227,1576422000,348,110,-238,458,50,-0.35069716285070873,0.10673345750233991
227,1576436400,275,91,-184,366,50,-0.05111856950027284,-0.1489504109347594
227,1576450800,100,67,-33,167,50,0.7865919415352054,-0.7020057350541372
227,1576465200,25,20,-5,45,50,0.9419289899391351,-1.041064777981595
227,1576479600,42,64,22,106,50,1.091718286614353,-0.8715352565178661
227,1576494000,605,375,-230,980,50,-0.30631514902101453,1.5574614936345772
227,1576508400,397,139,-258,536,50,-0.4616521974249443,0.32350891117727193
227,1576522800,621,152,-469,773,50,-1.632227812183129,0.9821727896511039
227,1576537200,177,53,-124,230,50,0.28174653422243373,-0.5269178686243845
227,1576551600,27,8,-19,35,51,0.8154350111044496,-1.0509103848303694
227,1576566000,44,71,27,115,51,1.0820487260230138,-0.8004273818488811
227,1576580400,579,366,-213,945,51,-0.30897935181297376,1.7983337740840606
227,1576594800,337,152,-185,489,51,-0.14669274273210853,0.3705806570895769
227,1576609200,652,127,-525,779,51,-2.1173158529997576,1.278581542897472
227,1576623600,189,63,-126,252,51,0.19526832640257175,-0.37147523924308234
227,1576638000,30,9,-21,39,51,0.8038431104558164,-1.038386234681295
227,1576652400,41,47,6,88,51,0.9603337692123649,-0.8849653953551334
227,1576666800,596,406,-190,1002,51,-0.17567249435369162,1.976802913708371
227,1576681200,482,137,-345,619,51,-1.074044794622767,0.7776155369344954
227,1576695600,702,128,-574,830,51,-2.401317418891272,1.4382644572981709
227,1576710000,205,54,-151,259,51,0.05036956829465638,-0.3495579764822021
227,1576724400,24,6,-18,30,51,0.8212309614287662,-1.0665655725167125
227,1576738800,33,56,23,89,51,1.0588649247257473,-0.8818343578178648
227,1576753200,620,362,-258,982,51,-0.5697971164072214,1.914182162962999
227,1576767600,406,134,-272,540,51,-0.650940420947654,0.5302635714902757
227,1576782000,715,115,-600,830,51,-2.5520121273235037,1.4382644572981709
227,1576796400,180,61,-119,241,51,0.23583997867278805,-0.40591665215303696
227,1576810800,31,18,-13,49,51,0.8502107130503492,-1.0070758593086089
227,1576825200,26,56,30,82,51,1.0994365769959638,-0.903751620578745
227,1576839600,564,412,-152,976,51,0.04457361797033976,1.8953959377393872
227,1576854000,458,141,-317,599,51,-0.9117581855419017,0.7149947861891234
227,1576868400,658,128,-530,786,51,-2.146295604621341,1.3004988056583524
227,1576882800,167,70,-97,237,51,0.3633508858077536,-0.4184408023021114
227,1576897200,53,18,-35,71,51,0.7226998059153837,-0.9381930334886996
227,1576911600,12,15,3,27,51,0.9429459182394151,-1.0759586851285183
227,1576926000,162,76,-86,238,51,0.42710633937523634,-0.41530976476484277
227,1576940400,364,106,-258,470,51,-0.5697971164072214,0.3110909438814734
227,1576954800,354,57,-297,411,51,-0.7958391790555694,0.12635972918262572
227,1576969200,121,54,-67,175,51,0.537229395537252,-0.6125651296127649
227,1576983600,25,13,-12,38,51,0.8560066633746659,-1.0415172722185637
227,1576998000,6,13,7,19,51,0.9661297195366816,-1.101006985426667
227,1577012400,130,43,-87,173,51,0.4213103890509197,-0.618827204687302
227,1577026800,281,108,-173,389,51,-0.07714133884030916,0.05747690336271644
227,1577041200,269,77,-192,346,51,-0.18726439500232483,-0.07715771073983353
227,1577055600,69,39,-30,108,51,0.7516795575369668,-0.8223446446097613
227,1577070000,16,13,-3,29,51,0.9081702162935155,-1.069696610053981
227,1577084400,25,61,36,86,51,1.1342122789418634,-0.8912274704296707
227,1577098800,406,292,-114,698,51,0.2648197302943711,1.024967502378715
227,1577113200,441,154,-287,595,51,-0.7378796758124033,0.7024706360400489
227,1577127600,522,114,-408,636,51,-1.4391896650547138,0.8308431750680617
227,1577142000,115,50,-65,165,51,0.5488212961858853,-0.6438755049854509
227,1577156400,26,11,-15,37,52,0.6229504251491153,-1.009198618588188
227,1577170800,25,49,24,74,52,0.8989000692284205,-0.8426555274701224
227,1577185200,266,253,-13,519,52,0.637101688948054,1.1603627305714774
227,1577199600,400,91,-309,491,52,-1.4572853532948775,1.034330121076725
227,1577214000,327,91,-236,418,52,-0.9407642246336141,0.7057451034654064
227,1577228400,96,28,-68,124,52,0.247941934477239,-0.6175972962294932
227,1577242800,11,15,4,26,52,0.7573874312390332,-1.0587114294611264
227,1577257200,7,9,2,16,52,0.7432361674400945,-1.1037230757092522
227,1577271600,59,46,-13,105,52,0.637101688948054,-0.7031194241009323
227,1577286000,134,59,-75,193,52,0.19841251118095343,-0.3070169371174249
227,1577300400,171,40,-131,211,52,-0.19782287518933092,-0.2259959738707984
227,1577314800,57,60,3,117,52,0.7503117993395638,-0.6491054486031813
227,1577329200,11,14,3,25,52,0.7503117993395638,-1.063212594085939
227,1577343600,16,38,22,54,52,0.8847488054294818,-0.932678819966374
227,1577358000,271,229,-42,500,52,0.43190836386344245,1.0748406027000383
227,1577372400,382,107,-275,489,52,-1.2167138687129193,1.0253277918271
227,1577386800,483,86,-397,569,52,-2.0799409604481816,1.3854209618121067
227,1577401200,96,42,-54,138,52,0.3470007810698101,-0.554580991482117
227,1577415600,27,12,-15,39,52,0.6229504251491153,-1.0001962893385627
227,1577430000,21,54,33,75,52,0.9625807563236448,-0.8381543628453099
227,1577444400,318,263,-55,581,52,0.3399251491703407,1.4394349373098576
227,1577458800,452,125,-327,577,52,-1.5846467274853262,1.4214302788106072
227,1577473200,554,112,-442,666,52,-2.398344395924303,1.8220339304189273
227,1577487600,161,64,-97,225,52,0.04274860939262744,-0.1629796691234222
