remote_unit_id,time_stamp,entries,exits,num_people_exited,sum_exit_entry,week_num,z_score_num_people_exited,z_score_sum_exit_entry
207,1546311600,101,128,27,229,1,0.6635386956988748,-0.45272300390702963
207,1546326000,73,58,-15,131,1,0.476709923278633,-0.6990426184584287
207,1546340400,224,59,-165,283,1,-0.19053569250794503,-0.3169958693582995
207,1546354800,361,116,-245,477,1,-0.5464000209274533,0.17061642883528647
207,1546369200,342,183,-159,525,1,-0.1638458678764819,0.2912627706563799
207,1546383600,171,189,18,360,1,0.6235039587516802,-0.12345902935362878
207,1546398000,67,73,6,140,1,0.5701243094887539,-0.6764214293669737
207,1546412400,180,45,-135,225,1,-0.05708656935062943,-0.46277686572545407
207,1546426800,958,205,-753,1163,1,-2.806138506391331,1.8948537306950801
207,1546441200,497,184,-313,681,1,-0.8488847000840353,0.6833633815749336
207,1546455600,582,407,-175,989,1,-0.23501873356038355,1.4575107415936164
207,1546470000,255,320,65,575,1,0.8325742516981413,0.41693604338668555
207,1546484400,83,96,13,179,1,0.6012624382254609,-0.5783962766373353
207,1546498800,173,44,-129,217,1,-0.03039674471916631,-0.48288458936230294
207,1546513200,959,219,-740,1178,1,-2.7483105530231606,1.932555712514172
207,1546527600,441,202,-239,643,1,-0.5197101962959901,0.5878516942999013
207,1546542000,583,451,-132,1034,1,-0.043741657034897866,1.5706166870508915
207,1546556400,191,330,139,521,1,1.1617487554861865,0.28120890883795546
207,1546570800,50,133,83,183,1,0.9126437255925306,-0.5683424148189108
207,1546585200,170,51,-119,221,1,0.014086296333272222,-0.4728307275438785
207,1546599600,902,253,-649,1155,1,-2.34351487944597,1.8747460070582311
207,1546614000,540,229,-311,769,1,-0.8399880918735475,0.9045483415802715
207,1546628400,566,480,-86,1046,1,0.1608803318063194,1.6007782725061648
207,1546642800,303,304,1,607,1,0.5478827889625346,0.49736693793408115
207,1546657200,37,87,50,124,1,0.7658496901194835,-0.7166368766406714
207,1546671600,1,1,0,2,1,0.5434344848572907,-1.0232796621026172
207,1546686000,1,5,4,6,1,0.5612277012782662,-1.013225800284193
207,1546700400,0,1,1,1,1,0.5478827889625346,-1.0257931275572234
207,1546714800,0,1,1,1,1,0.5478827889625346,-1.0257931275572234
207,1546729200,2,9,7,11,1,0.5745726135939978,-1.0006584730111623
207,1546743600,2,4,2,6,1,0.5523310930677785,-1.013225800284193
207,1546758000,2,2,0,4,1,0.5434344848572907,-1.018252731193405
207,1546772400,1,1,0,2,1,0.5434344848572907,-1.0232796621026172
207,1546786800,0,0,0,0,1,0.5434344848572907,-1.0283065930118296
207,1546801200,1,0,-1,1,1,0.5389861807520469,-1.0257931275572234
207,1546815600,0,1,1,1,1,0.5478827889625346,-1.0257931275572234
207,1546830000,1,0,-1,1,1,0.5389861807520469,-1.0257931275572234
207,1546844400,174,22,-152,196,1,-0.13270773913977493,-0.5356673639090314
207,1546858800,958,203,-755,1161,1,-2.8150351146018187,1.889826799785868
207,1546873200,466,168,-298,634,1,-0.7821601385053775,0.5652305052084462
207,1546887600,528,421,-107,949,1,0.06746594559619846,1.356972123409372
207,1546902000,211,341,130,552,1,1.1217140185389918,0.35912633793074494
207,1546916400,51,105,54,156,2,0.8907552666835561,-1.1392440399230228
207,1546930800,208,42,-166,250,2,0.038904856400378836,-0.8930895155351017
207,1546945200,1046,282,-764,1328,2,-2.2765794406420756,1.9298315194668019
207,1546959600,482,177,-305,659,2,-0.49930972100581045,0.1779445320676613
207,1546974000,597,368,-229,965,2,-0.2050341247261674,0.9792560689049363
207,1546988400,221,351,130,572,2,1.1850308629631991,-0.04987933624881883
207,1547002800,56,118,62,174,2,0.9217316452393081,-1.0921080671678889
207,1547017200,218,55,-163,273,2,0.0505209983587858,-0.832860217014653
207,1547031600,1032,246,-786,1278,2,-2.3617644816703933,1.7988982618136522
207,1547046000,484,197,-287,681,2,-0.4296128692553687,0.2355551654350471
207,1547060400,585,430,-155,1015,2,0.08149737691453769,1.1101893265580858
207,1547074800,230,375,145,605,2,1.243111572755234,0.036536613802259844
207,1547089200,53,89,36,142,2,0.8210584149331144,-1.1759053520659046
207,1547103600,206,44,-162,250,2,0.05439304567825479,-0.8930895155351017
207,1547118000,1090,286,-804,1376,2,-2.4314613334208355,2.055527446813825
207,1547132400,473,223,-250,696,2,-0.28634711843501615,0.27483514273099197
207,1547146800,642,444,-198,1086,2,-0.08500065782262878,1.2961145524255582
207,1547161200,220,371,151,591,2,1.266343856672048,-0.0001246983406220188
207,1547175600,57,103,46,160,2,0.8597788881278042,-1.1287693793107707
207,1547190000,191,37,-154,228,2,0.08536942423400669,-0.9507001489024874
207,1547204400,1047,260,-787,1307,2,-2.3656365289898624,1.874839551252479
207,1547218800,455,260,-195,715,2,-0.0733845158642218,0.32458978063918875
207,1547233200,646,411,-235,1057,2,-0.2282664086429813,1.2201732629867315
207,1547247600,247,362,115,609,2,1.1269501531711643,0.047011274414511806
207,1547262000,61,118,57,179,2,0.9023714086419631,-1.079014741402574
207,1547276400,71,28,-43,99,2,0.5151666766950643,-1.2885079536476132
207,1547290800,426,126,-300,552,2,-0.4799494844084655,-0.10225263931007864
207,1547305200,481,203,-278,684,2,-0.39476444338014777,0.24341116089423606
207,1547319600,451,260,-191,711,2,-0.05789632658634586,0.3141151200269368
207,1547334000,256,204,-52,460,2,0.4803182508198434,-0.34316983339187374
207,1547348400,74,112,38,186,2,0.8288025095720524,-1.060684085331133
207,1547362800,48,39,-9,87,2,0.6468162855570099,-1.319931935484369
207,1547377200,300,92,-208,392,2,-0.12372113101731864,-0.521239063800157
207,1547391600,380,166,-214,546,2,-0.14695341493413258,-0.11796463022845657
207,1547406000,334,240,-94,574,2,0.31769226340214596,-0.04464200594269285
207,1547420400,170,181,11,351,2,0.7242572319463897,-0.6286043350757397
207,1547434800,46,60,14,106,2,0.7358733739047966,-1.2701772975761723
207,1547449200,206,39,-167,245,2,0.035032809080909846,-0.9061828413004166
207,1547463600,997,274,-723,1271,2,-2.117825500543847,1.7805676057422113
207,1547478000,474,200,-274,674,2,-0.37927625410227184,0.21722450936360618
207,1547492400,590,384,-206,974,2,-0.11597703637838067,1.0028240552825032
207,1547506800,207,353,146,560,2,1.246983620074703,-0.08130331808557471
207,1547521200,67,93,26,160,3,0.7663080003867624,-1.086943687347528
207,1547535600,194,54,-140,248,3,0.063506187877356,-0.8455167721770674
207,1547550000,1070,291,-779,1361,3,-2.6418574156980092,2.2079850071947806
207,1547564400,462,211,-251,673,3,-0.40643960241507837,0.32046548858936147
207,1547578800,611,379,-232,990,3,-0.32599843110376076,1.1901510807374978
207,1547593200,251,398,147,649,3,1.2785912492641007,0.25462178445196315
207,1547607600,56,110,54,166,3,0.8848528844244935,-1.0704827613131784
207,1547622000,195,45,-150,240,3,0.021168729292451997,-0.8674646735562002
207,1547636400,1045,270,-775,1315,3,-2.624922432264048,2.081784574264767
207,1547650800,520,178,-342,698,3,-0.7917104755377047,0.3890526803991514
207,1547665200,600,441,-159,1041,3,-0.0169349834339616,1.3300689520294693
207,1547679600,270,380,110,650,3,1.1219426524999558,0.2573652721243547
207,1547694000,66,100,34,166,3,0.8001779672546855,-1.0704827613131784
207,1547708400,198,49,-149,247,3,0.025402475150942398,-0.8482602598494591
207,1547722800,1051,241,-810,1292,3,-2.773103537311212,2.0186843577997604
207,1547737200,513,229,-284,742,3,-0.5461532157452615,0.5097661379843818
207,1547751600,640,434,-206,1074,3,-0.2159210387830104,1.4206040452183921
207,1547766000,254,360,106,614,3,1.1050076690659942,0.15859971591825722
207,1547780400,54,137,83,191,3,1.007631514320715,-1.0018955695033884
207,1547794800,192,54,-138,246,3,0.0719736795943368,-0.8510037475218506
207,1547809200,1001,283,-718,1284,3,-2.383598918330095,1.9967364564206276
207,1547823600,495,247,-248,742,3,-0.39373836483960717,0.5097661379843818
207,1547838000,591,458,-133,1049,3,0.09314240888678879,1.3520168534086021
207,1547852400,272,351,79,623,3,0.9906965308867535,0.1832911049697816
207,1547866800,71,142,71,213,3,0.9568265640188304,-0.9415388407107733
207,1547881200,63,31,-32,94,3,0.5207507405943191,-1.2680138737253734
207,1547895600,367,135,-232,502,3,-0.32599843110376076,-0.14867090338960168
207,1547910000,460,230,-230,690,3,-0.31753093938677995,0.36710477902001865
207,1547924400,472,239,-233,711,3,-0.33023217696225116,0.4247180201402422
207,1547938800,247,228,-19,475,3,0.5757894367546944,-0.2227450705441748
207,1547953200,70,105,35,175,3,0.8044117131131759,-1.045791372261654
207,1547967600,57,37,-20,94,3,0.571555690896204,-1.2680138737253734
207,1547982000,251,95,-156,346,3,-0.0042337458584904,-0.5766549802826909
207,1547996400,354,140,-214,494,3,-0.24979100565093357,-0.17061880476873448
207,1548010800,312,191,-121,503,3,0.1439473591886736,-0.1459274157172101
207,1548025200,159,183,24,342,3,0.7578405086697816,-0.5876289309722573
207,1548039600,68,78,10,146,3,0.698568066650916,-1.1253525147610104
207,1548054000,108,31,-77,139,3,0.33023217696225116,-1.1445569284677515
207,1548068400,388,133,-255,521,3,-0.42337458584904,-0.09654463761416134
207,1548082800,358,195,-163,553,3,-0.0338699668679232,-0.008753032097630216
207,1548097200,340,247,-93,587,3,0.2624922432264048,0.0845255487636841
207,1548111600,122,192,70,314,3,0.9525928181603399,-0.664446585799222
207,1548126000,32,60,28,92,4,0.8357422612794673,-1.2978582644010352
207,1548140400,157,28,-129,185,4,0.21854025776027122,-1.0550660902248883
207,1548154800,937,268,-669,1205,4,-1.904320136509575,1.6078158200941415
207,1548169200,440,187,-253,627,4,-0.26893138833132313,0.09884940424669128
207,1548183600,545,362,-183,907,4,0.006254218333286594,0.8298365953146603
207,1548198000,205,365,160,570,4,1.3546636909898742,-0.04995870250643097
207,1548212400,57,80,23,137,4,0.8160861465177094,-1.1803781801222544
207,1548226800,197,41,-156,238,4,0.11239723804677891,-0.91670065762988
207,1548241200,1018,240,-778,1258,4,-2.332823438315896,1.74618125268915
207,1548255600,475,235,-240,710,4,-0.21782548995075274,0.3155348930275535
207,1548270000,584,370,-214,954,4,-0.11561369318961198,0.9525380166724979
207,1548284400,208,406,198,614,4,1.5040501631792338,0.0649107132328213
207,1548298800,56,111,55,167,4,0.9418852809929595,-1.1020581239364007
207,1548313200,176,53,-123,229,4,0.24212759547438062,-0.940196674485636
207,1548327600,1034,279,-755,1313,4,-2.24240531041181,1.8897680223632154
207,1548342000,463,208,-255,671,4,-0.2767938342360262,0.21371881998594355
207,1548356400,813,421,-392,1234,4,-0.815371378708191,1.683525207740467
207,1548370800,293,375,82,668,4,1.048028300706452,0.20588681436735817
207,1548385200,59,94,35,153,4,0.8632608219459282,-1.138607483489799
207,1548399600,253,43,-210,296,4,-0.09988880138020571,-0.7652818823372292
207,1548407707,939,93,-846,1032,4,-2.6001465990758024,1.156170162755718
207,1548408345,58,3,-55,61,4,0.5094507562342871,-1.3787889891264173
207,1548414000,400,301,-99,701,4,0.33647694633081826,0.29203887617179736
207,1548428400,711,260,-451,971,4,-1.0473135328969332,0.9969193818444817
207,1548442800,849,423,-426,1272,4,-0.9490329590881442,1.7827306122425484
207,1548457200,416,367,-49,783,4,0.5330380939483966,0.5061136964131312
207,1548471600,103,156,53,259,4,0.9340228350882565,-0.8618766182997822
207,1548486000,101,41,-60,142,4,0.4897946414725294,-1.1673248374246121
207,1548500400,406,141,-265,547,4,-0.3161060637595419,-0.11000407891558557
207,1548514800,454,160,-294,614,4,-0.43011152937773733,0.0649107132328213
207,1548529200,441,269,-172,710,4,0.049497670809153835,0.3155348930275535
207,1548543600,259,203,-56,462,4,0.5055195332819357,-0.3319109047755047
207,1548558000,75,123,48,198,4,0.9143667203264986,-1.0211273992110184
207,1548572400,50,31,-19,81,4,0.6509747825189436,-1.3265756183358481
207,1548586800,288,102,-186,390,4,-0.0055394505237681075,-0.5198790396215539
207,1548601200,417,165,-252,582,4,-0.26500016537897153,-0.018630680032089442
207,1548615600,310,184,-126,494,4,0.23033392661732593,-0.24836951151059397
207,1548630000,149,195,46,344,4,0.9065042744217955,-0.6399697924398631
207,1548644400,39,78,39,117,4,0.8789857137553345,-1.2325915509128236
207,1548658800,226,63,-163,289,4,0.08487867738031794,-0.7835565621139284
207,1548673200,1055,301,-754,1356,4,-2.238474087459458,2.002026769562939
207,1548687600,466,208,-258,674,4,-0.28858750309308095,0.22155082560452893
207,1548702000,580,451,-129,1031,4,0.21854025776027122,1.1535594942161893
207,1548716400,228,356,128,584,4,1.2288645565146241,-0.01340934295303252
207,1548730800,62,114,52,176,5,0.849965954054454,-1.1316323372507795
207,1548745200,196,62,-134,258,5,0.1199820014298504,-0.9035041606240126
207,1548759600,1025,291,-734,1316,5,-2.234804942520484,2.0399057280481734
207,1548774000,466,200,-266,666,5,-0.3980711262392231,0.23157262064087578
207,1548788400,585,452,-133,1037,5,0.12390664633643429,1.2637135173302718
207,1548802800,230,379,149,609,5,1.2306565099930913,0.07299571737592814
207,1548817200,57,102,45,159,5,0.8224934397083667,-1.1789272031368165
207,1548831600,181,46,-135,227,5,0.11605735652326651,-0.9897477395926684
207,1548846000,1043,236,-807,1279,5,-2.5213040207011077,1.9369698434726812
207,1548860400,659,210,-449,869,5,-1.116281144144075,0.7963289603388473
207,1548874800,528,472,-56,1000,5,0.42610430414339384,1.1607776327547796
207,1548889200,174,343,169,517,5,1.309149408124769,-0.1829529685955663
207,1548903600,44,93,49,137,5,0.8381920193347023,-1.2401323236952173
207,1548918000,175,38,-137,213,5,0.10820806671009874,-1.028696452675287
207,1548932400,949,231,-718,1180,5,-2.1720106240151416,1.6615468009598773
207,1548946800,420,205,-215,625,5,-0.19791423600344468,0.11750853232749238
207,1548961200,517,407,-110,924,5,0.21417347918786375,0.9493417617348493
207,1548975600,213,322,109,535,5,1.0736707137297357,-0.13287605177505654
207,1548990000,51,109,58,160,5,0.8735138234939573,-1.1761451522023436
207,1549004400,201,41,-160,242,5,0.017941233858669258,-0.9480169755755768
207,1549018800,893,259,-634,1152,5,-1.8423404518620947,1.5836493747946399
207,1549033200,483,206,-277,689,5,-0.4412422202116459,0.2955597921337494
207,1549047600,550,383,-167,933,5,-0.00953128048741797,0.9743802201451043
207,1549062000,292,333,41,625,5,0.8067948600820312,0.11750853232749238
207,1549076400,69,132,63,201,5,0.8931370480268768,-1.0620810638889602
207,1549090800,84,34,-50,118,5,0.44965217358289716,-1.2929912914501998
207,1549105200,425,128,-297,553,5,-0.5197351183433236,-0.08279913495454674
207,1549119600,476,240,-236,716,5,-0.28033177904170636,0.37067516736451406
207,1549134000,428,275,-153,703,5,0.04541374820475649,0.3345085052163681
207,1549148400,237,250,13,487,5,0.6969048026976823,-0.2664144966297493
207,1549162800,62,141,79,203,5,0.955931366532219,-1.0565169620200148
207,1549177200,63,33,-30,96,5,0.5281450717145749,-1.3541964120086007
207,1549191600,339,97,-242,436,5,-0.30387964848120974,-0.4082990942878603
207,1549206000,434,166,-268,600,5,-0.4059204160523909,0.04795725896567324
207,1549220400,339,283,-56,622,5,0.42610430414339384,0.10916237952407408
207,1549234800,153,188,35,341,5,0.7832469906425278,-0.672593933062773
207,1549249200,61,78,17,139,5,0.7126033823240178,-1.2345682218262717
207,1549263600,232,31,-201,263,5,-0.14296920731127025,-0.8895939059516488
207,1549278000,1063,255,-808,1318,5,-2.5252286656076914,2.0454698299171192
207,1549292400,463,230,-233,693,5,-0.26855784432195473,0.3066879958716405
207,1549306800,539,299,-240,838,5,-0.29603035866804195,0.7100853813701915
207,1549321200,233,388,155,621,5,1.2542043794325946,0.10638032858960132
207,1549335600,46,98,52,144,6,0.7934367645970031,-1.2389467287587155
207,1549350000,194,39,-155,233,6,0.030621412235359243,-1.0096234867631682
207,1549364400,1016,293,-723,1309,6,-2.0625144338584263,1.762868742306595
207,1549378800,477,205,-272,682,6,-0.4005350912733959,0.14729938577616608
207,1549393200,578,442,-136,1020,6,0.10063828032652461,1.018212372231166
207,1549407600,248,368,120,616,6,1.0440234503969632,-0.02276054649019487
207,1549422000,51,105,54,156,6,0.8008069612381783,-1.2080267410739227
207,1549436400,202,52,-150,254,6,0.0490469038382975,-0.9555135083147807
207,1549450800,1063,255,-808,1318,6,-2.3757477911083766,1.7860587330701898
207,1549465200,496,253,-243,749,6,-0.2936672399763541,0.3199359836829264
207,1549479600,614,475,-139,1089,6,0.08958298536476166,1.1960023014187253
207,1549494000,227,452,225,679,6,1.4309587740586667,0.13956938885496784
207,1549508400,48,126,78,174,6,0.8892493209322819,-1.1616467595467332
207,1549522800,203,46,-157,249,6,0.02325121559418394,-0.9683968365167777
207,1549537200,1120,310,-810,1430,6,-2.383117987749552,2.0746452847949235
207,1549551600,448,225,-223,673,6,-0.21996527356460105,0.1241093950125714
207,1549566000,609,455,-154,1064,6,0.03430651055594689,1.13158566040874
207,1549580400,242,448,206,690,6,1.3609419059675012,0.16791271089936133
207,1549594800,54,133,79,187,6,0.8929344192528696,-1.128150106221541
207,1549609200,222,58,-164,280,6,-0.0025444726499296187,-0.888520201664396
207,1549623600,1050,280,-770,1330,6,-2.235714054926046,1.8169787207549826
207,1549638000,521,230,-291,751,6,-0.4705519593645613,0.32508931496372523
207,1549652400,638,447,-191,1085,6,-0.1020421273057962,1.1856956388571276
207,1549666800,273,355,82,628,6,0.9039897142146326,0.008159441194598029
207,1549681200,81,159,78,240,6,0.8892493209322819,-0.9915868272803724
207,1549695600,75,40,-35,115,6,0.47283321070587736,-1.3136700323302983
207,1549710000,446,170,-276,616,6,-0.41527548455574653,-0.02276054649019487
207,1549724400,486,233,-253,719,6,-0.33051822318223056,0.24263601447094418
207,1549738800,437,297,-140,734,6,0.085897887044174,0.2812859990769353
207,1549753200,268,248,-20,516,6,0.5281096855146922,-0.2804271105301357
207,1549767600,76,161,85,237,6,0.9150450091763955,-0.9993168242015706
207,1549782000,62,47,-15,109,6,0.5465351771176304,-1.3291300261726948
207,1549796400,320,110,-210,430,6,-0.17205899539696157,-0.5020203556044848
207,1549810800,408,199,-209,607,6,-0.16837389707637393,-0.045950537253789545
207,1549825200,366,247,-119,613,6,0.16328495177651467,-0.030490543411393095
207,1549839600,140,252,112,392,6,1.014542663832262,-0.5999336499396624
207,1549854000,61,70,9,131,6,0.6349775368117341,-1.2724433820839078
207,1549868400,219,45,-174,264,6,-0.03939545585580613,-0.9297468519107865
207,1549882800,1093,269,-824,1362,6,-2.4347093642377793,1.8994320212477638
207,1549897200,522,179,-343,701,6,-0.6621770720351192,0.19625603294375482
207,1549911600,605,393,-212,998,6,-0.17942919203813687,0.961525728142379
207,1549926000,246,423,177,669,6,1.2540740546704594,0.11380273245097376
207,1549940400,64,102,38,166,7,0.7752774041600473,-1.1342860692513985
207,1549954800,204,65,-139,269,7,0.028721416786240038,-0.8497278730334937
207,1549969200,1028,287,-741,1315,7,-2.5104125063721323,2.040057304092025
207,1549983600,417,199,-218,616,7,-0.3044871877478321,0.10892935111808844
207,1549998000,555,463,-92,1018,7,0.22695944733182727,1.2195351266481635
207,1550012400,185,372,187,557,7,1.4037341392939302,-0.05407000399702209
207,1550026800,41,96,55,137,7,0.8469805215914299,-1.2144043963418767
207,1550041200,190,30,-160,220,7,-0.059853022393703194,-0.9851002188070601
207,1550055600,1048,307,-741,1355,7,-2.5104125063721323,2.1505653414582016
207,1550070000,442,213,-229,655,7,-0.35088332255637383,0.21667468755011063
207,1550084400,615,411,-204,1026,7,-0.24543756162786998,1.2416367341213987
207,1550098800,217,423,206,640,7,1.4838729175995933,0.1752341735377944
207,1550113200,51,104,53,155,7,0.8385448607171496,-1.1646757795270972
207,1550127600,205,42,-163,247,7,-0.07250651370512366,-0.9105072935848909
207,1550142000,1076,308,-768,1384,7,-2.6242939281749167,2.2306836685486795
207,1550156400,517,198,-319,715,7,-0.7304880618989877,0.3824367435993756
207,1550170800,603,408,-195,1011,7,-0.2074770876936086,1.2001962201090826
207,1550185200,254,386,132,640,7,1.1717534652512218,0.1752341735377944
207,1550199600,75,152,77,227,7,0.9397727912085133,-0.9657613122679792
207,1550214000,206,49,-157,255,7,-0.04719953108228273,-0.8884056861116556
207,1550228400,977,287,-690,1264,7,-2.2953031540779847,1.8991595564501498
207,1550242800,526,224,-302,750,7,-0.658784944467605,0.47913127629478014
207,1550257200,621,447,-174,1068,7,-0.11890264851366535,1.3576701733558842
207,1550271600,284,339,55,623,7,0.8469805215914299,0.12826825765716934
207,1550286000,89,148,59,237,7,0.8638518433399905,-0.9381343029264351
207,1550300400,82,44,-38,126,7,0.4547222909373956,-1.2447941066175752
207,1550314800,423,158,-265,581,7,-0.5027252182934193,0.012234818422683886
207,1550329200,451,201,-250,652,7,-0.43945776173631707,0.2083865847476474
207,1550343600,423,302,-121,725,7,0.10464236465476282,0.41006375294091973
207,1550358000,275,262,-13,537,7,0.5601680518658995,-0.1093240226801104
207,1550372400,71,135,64,206,7,0.8849409955256913,-1.0237780318852219
207,1550386800,51,35,-16,86,7,0.547514560554479,-1.3553021439837518
207,1550401200,316,111,-205,427,7,-0.24965539206501014,-0.4132211254370961
207,1550415600,450,171,-279,621,7,-0.5617748444133815,0.1227428557888605
207,1550430000,366,260,-106,626,7,0.16790982121186512,0.1365563604596326
207,1550444400,147,222,75,369,7,0.931337130334233,-0.5734577796180522
207,1550458800,56,87,31,143,7,0.7457525911000662,-1.1978281907369501
207,1550473200,94,32,-62,126,7,0.3534943604460319,-1.2447941066175752
207,1550487600,454,156,-298,610,7,-0.6419136227190445,0.09235314551316194
207,1550502000,419,187,-232,606,7,-0.3635368138677943,0.08130234177654427
207,1550516400,438,326,-112,764,7,0.1426028385890242,0.5178090893729419
207,1550530800,164,297,133,461,7,1.175971295688362,-0.31928929367584596
207,1550545200,47,99,52,146,8,0.8955814074399898,-1.356503590795731
207,1550559600,203,45,-158,248,8,0.08998970772598866,-1.0795691574483914
207,1550574000,903,235,-668,1138,8,-1.8664472772937284,1.3368195256803563
207,1550588400,493,264,-229,757,8,-0.18237700979636412,0.30238796582411714
207,1550602800,563,393,-170,956,8,0.04395589631376002,0.8426816151978485
207,1550617200,237,344,107,581,8,1.1065697097460379,-0.17545968387325317
207,1550631600,71,100,29,171,8,0.8073499355665515,-1.288627504190991
207,1550646000,186,55,-131,241,8,0.19356578340350308,-1.0985744616977187
207,1550660400,939,276,-663,1215,8,-1.847266522538633,1.5458778724229558
207,1550674800,480,241,-239,721,8,-0.22073851930655464,0.2046464011132914
207,1550689200,507,394,-113,901,8,0.26261650052184604,0.6933542246674201
207,1550703600,227,360,133,587,8,1.2063096344725333,-0.15916942308811555
207,1550718000,55,99,44,154,8,0.8648921998318374,-1.3347832430822142
207,1550732400,192,39,-153,231,8,0.10917046248108392,-1.1257248963396147
207,1550746800,990,229,-761,1219,8,-2.2232093157385004,1.5567380462797142
207,1550761200,448,202,-246,650,8,-0.24759157596368803,0.011878315155829518
207,1550775600,575,454,-121,1029,8,0.23192729291369363,1.0408797880836895
207,1550790000,230,355,125,585,8,1.1756204268643808,-0.16459951001649475
207,1550804400,80,113,33,193,8,0.8226945393706278,-1.2288965479788196
207,1550818800,182,45,-137,227,8,0.17054887769738877,-1.1365850701963731
207,1550833200,948,240,-708,1188,8,-2.0198933153344902,1.4725716988898365
207,1550847600,492,228,-264,720,8,-0.31664229308203096,0.2019313576491018
207,1550862000,579,430,-149,1009,8,0.12451506628516014,0.9865789187998975
207,1550876400,298,330,32,628,8,0.8188583884196088,-0.04785264105634177
207,1551495600,9193,9192,-1,18385,9,0.7680525760673605,4.115130398861682
207,1551510000,97,44,-53,141,9,0.46599492430305406,-0.3244603326390981
207,1551524400,410,121,-289,531,9,-0.90488211062726,-0.22955568534216192
207,1551538800,432,184,-248,616,9,-0.6667212698130953,-0.20887133913641942
207,1551553200,498,227,-271,725,9,-0.8003236927088462,-0.18234670694317315
207,1551567600,249,249,0,498,9,0.773861377062828,-0.2375860785749796
207,1551582000,81,128,47,209,9,1.0468750238497972,-0.3079128556745041
207,1551596400,68,34,-34,102,9,0.5763621432169352,-0.33395079736879174
207,1551610800,311,114,-197,425,9,-0.3704724190442562,-0.2553502817869702
207,1551625200,460,168,-292,628,9,-0.9223085136136623,-0.20595119614266755
207,1551639600,350,192,-158,542,9,-0.14392918022102635,-0.22687888759788938
207,1551654000,131,190,59,321,9,1.1165806357954065,-0.28065818773281986
207,1551668400,41,77,36,118,9,0.9829782128996556,-0.3300572733771226
207,1551682800,165,34,-131,199,9,0.012908446656594331,-0.31034630816929737
207,1551697200,804,217,-587,1021,9,-2.635904807276555,-0.11031651309729336
207,1551711600,438,169,-269,607,9,-0.7887060907179113,-0.21106144638173333
207,1551726000,527,380,-147,907,9,-0.08003236927088458,-0.13805787153793625
207,1551740400,213,350,137,563,9,1.5696671134418663,-0.22176863735882357
207,1551754800,62,100,38,162,10,1.0087673691964265,-1.2621048568114277
207,1551769200,208,42,-166,250,10,0.11180609695950426,-1.0173651112303659
207,1551783600,1073,316,-757,1389,10,-2.486743471138638,2.150345913960876
207,1551798000,495,200,-295,695,10,-0.45539000166090243,0.22023928403750292
207,1551812400,620,246,-374,866,10,-0.8027426512036322,0.695813107837066
207,1551826800,315,184,-131,499,10,0.26569651131387817,-0.3248628765748618
207,1551841200,98,55,-43,153,10,0.6526209816905897,-1.2871350580640362
207,1551855600,338,218,-120,556,10,0.3140620701109671,-0.1663382686416741
207,1551870000,1035,295,-740,1330,10,-2.411996698452228,1.986259039082664
207,1551884400,505,235,-270,740,10,-0.34546827712206396,0.34539029030054585
207,1551898800,588,421,-167,1009,10,0.10740922797795072,1.0935151944062913
207,1551913200,236,418,182,654,10,1.6419165025401365,0.10621281166450826
207,1551927600,61,105,44,166,10,1.0351485830857476,-1.2509803229213794
207,1551942000,203,52,-151,255,10,0.17775913168280738,-1.0034594438678055
207,1551946281,393,70,-323,463,10,-0.5785023331444016,-0.42498368158529615
207,1551956400,759,295,-464,1054,10,-1.1984608595434507,1.2186662006693343
207,1551970800,510,195,-315,705,10,-0.5433273812919732,0.24805061876262358
207,1551985200,612,423,-189,1035,10,0.01067811038377283,1.165824664691605
207,1551999600,258,404,146,662,10,1.483629219204209,0.12846187944460477
207,1552014000,64,106,42,170,10,1.0263548451226407,-1.239855789031331
207,1552028400,201,40,-161,241,10,0.13379044186727196,-1.0423953124829746
207,1552042800,1036,292,-744,1328,10,-2.429584174378442,1.9806967721376398
207,1552057200,523,229,-294,752,10,-0.45099313267934893,0.3787638919706906
207,1552071600,693,417,-276,1110,10,-0.3718494910113852,1.37440967513001
207,1552086000,320,364,44,684,10,1.0351485830857476,0.1896468158398702
207,1552100400,86,150,64,236,10,1.1230859627168186,-1.0563009798455347
207,1552114800,78,48,-30,126,10,0.7097802784507857,-1.362225661821862
207,1552129200,424,161,-263,585,10,-0.31469019425118916,-0.08568539793882421
207,1552143600,515,202,-313,717,10,-0.5345336433288662,0.2814242204327683
207,1552158000,498,274,-224,772,10,-0.14321230397060108,0.4343865614209319
207,1552172400,281,225,-56,506,10,0.5954616849303938,-0.3053949422672773
207,1552190400,85,161,76,246,10,1.175848390495461,-1.0284896451204142
207,1552204800,91,68,-23,159,10,0.7405583613216605,-1.270448257228964
207,1552219200,356,152,-204,508,10,-0.055274924339530275,-0.2998326753222532
207,1552233600,442,153,-289,595,10,-0.4290087877715812,-0.057874063213703565
207,1552248000,306,203,-103,509,10,0.3888088427973773,-0.29705154184974114
207,1552262400,114,210,96,324,10,1.263785770126532,-0.8115612342644731
207,1552276800,31,56,25,87,10,0.9516080724362305,-1.4706898672498325
207,1552291200,469,124,-345,593,10,-0.6752334507385794,-0.0634363301587277
207,1552305600,879,288,-591,1167,10,-1.7568632202007504,1.5329342830631976
207,1552320000,511,273,-238,784,10,-0.20476846971235066,0.4677601630910767
207,1552334400,580,442,-138,1022,10,0.2349184284430034,1.129669929548948
207,1552348800,185,290,105,475,11,1.2059516256743945,-0.4097711271524835
207,1552363200,29,70,41,99,11,0.9267106602679213,-1.555797694148047
207,1552377600,496,135,-361,631,11,-0.8272716536914883,0.0657079804307822
207,1552392000,890,241,-649,1131,11,-2.0838559980206175,1.5896794790950952
207,1552406400,546,241,-305,787,11,-0.5829358089608242,0.5411870880140479
207,1552420800,590,486,-104,1076,11,0.2940553480188805,1.4220426142420208
207,1552435200,212,353,141,565,11,1.3630246687155356,-0.13545625739290712
207,1552449600,31,65,34,96,11,0.8961686796765882,-1.5649415231400328
207,1552464000,519,162,-357,681,11,-0.8098190933535837,0.2181051302972135
207,1552478400,928,225,-703,1153,11,-2.3194655625823293,1.656734225036325
207,1552492800,539,247,-292,786,11,-0.5262149878626344,0.5381391450167192
207,1552507200,562,421,-141,983,11,0.13261916489326322,1.1385839154904587
207,1552521600,176,347,171,523,11,1.49391887124982,-0.2634698632807094
207,1552536000,38,88,50,126,11,0.9659789210282065,-1.473503233220174
207,1552550400,469,122,-347,591,11,-0.7661876925088222,-0.056209739462362844
207,1552552225,198,12,-186,210,11,-0.06372213890816322,-1.2174760214445695
207,1552564800,756,239,-517,995,11,-1.5079215068697664,1.175159231458402
207,1552579200,510,214,-296,724,11,-0.543667548200539,0.34916667918234445
207,1552593600,557,508,-49,1065,11,0.5340280526650684,1.388515241271406
207,1552608000,210,333,123,543,11,1.2844881471949652,-0.2025110033341369
207,1552622400,34,59,25,93,11,0.856900418916303,-1.5740853521320186
207,1552636800,440,132,-308,572,11,-0.5960252292142527,-0.11412065641160674
207,1552651200,868,234,-634,1102,11,-2.018408896753475,1.5012891321725652
207,1552665600,548,237,-311,785,11,-0.6091146494676811,0.5350912020193906
207,1552680000,561,460,-101,1021,11,0.3071447682723089,1.2544057493889464
207,1552694400,254,316,62,570,11,1.0183366020419202,-0.12021654240626399
207,1552708800,57,121,64,178,11,1.0270628822108725,-1.3150101973590855
207,1552723200,139,49,-90,188,11,0.3551393092015465,-1.284530767385799
207,1552737600,432,172,-260,604,11,-0.3865945051593978,-0.016586480497090703
207,1552752000,487,196,-291,683,11,-0.5218518477781583,0.22420101629187075
207,1552766400,436,267,-169,703,11,0.010451242527931207,0.2851598762384433
207,1552780800,189,277,88,466,11,1.1317782442383002,-0.43720261412844114
207,1552795200,50,104,54,154,11,0.9834314813661111,-1.3881608292949725
207,1552809600,97,59,-38,156,11,0.582022593594306,-1.3820649433003152
207,1552824000,405,129,-276,534,11,-0.4564047465110161,-0.22994249031009453
207,1552838400,496,203,-293,699,11,-0.5305781279471106,0.27296810424912876
207,1552852800,319,254,-65,573,11,0.4642178113134501,-0.11107271341427812
207,1552867200,125,212,87,337,11,1.1274151041538238,-0.8303872607838338
207,1552881600,32,56,24,88,11,0.8525372788318268,-1.5893250671186618
207,1552896000,498,128,-370,626,11,-0.8665399144517736,0.05046826544413907
207,1552910400,856,257,-599,1113,11,-1.8656989937968103,1.53481650514318
207,1552924800,467,233,-234,700,11,-0.2731528629630181,0.2760160472464574
207,1552939200,557,464,-93,1021,11,0.34204988894811805,1.2544057493889464
207,1552953600,168,339,171,507,12,1.4294328173095834,-0.35741240875793556
207,1552968000,32,54,22,86,12,0.8071014849926659,-1.5970683937830072
207,1552982400,462,127,-335,589,12,-0.6839876803572641,-0.1159592240262114
207,1552996800,927,252,-675,1179,12,-2.1040725997381498,1.6213258856288773
207,1553011200,497,271,-226,768,12,-0.22872516208515664,0.4111154109369426
207,1553025600,573,517,-56,1090,12,0.4813172976052862,1.359260843663957
207,1553040000,197,361,164,558,12,1.4001957748517417,-0.2072403060589364
207,1553054400,31,78,47,109,12,0.9115194937706721,-1.5293437200167919
207,1553068800,502,132,-370,634,12,-0.830172892646473,0.016545572472905525
207,1553083200,902,224,-678,1126,12,-2.1166027607915106,1.4652646808632506
207,1553097600,544,295,-249,839,12,-0.32478973016092244,0.6201785343022159
207,1553112000,553,498,-55,1051,12,0.48549401795640645,1.2444233533647224
207,1553126400,208,370,162,578,12,1.3918423341495012,-0.1483492853926622
207,1553140800,49,81,32,130,12,0.8488686885038683,-1.467508148317204
207,1553155200,471,114,-357,585,12,-0.7758755280819096,-0.12773742815946623
207,1553169600,889,254,-635,1143,12,-1.9370037856933398,1.5153220484295835
207,1553184000,508,250,-258,758,12,-0.36238021332100473,0.3816699006038055
207,1553198400,574,435,-139,1009,12,0.13464950846230528,1.1207522099655465
207,1553212800,174,338,164,512,12,1.4001957748517417,-0.34268965359136705
207,1553227200,41,81,40,122,12,0.8822824513128303,-1.4910645565837137
207,1553241600,463,106,-357,569,12,-0.7758755280819096,-0.17485024469248558
207,1553256000,895,258,-637,1153,12,-1.9453572263955803,1.5447675587627208
207,1553270400,532,265,-267,797,12,-0.39997069648108696,0.49650739090304014
207,1553284800,639,486,-153,1125,12,0.07617542354662175,1.4623201298299369
207,1553299200,234,306,72,540,12,1.0159375025486785,-0.26024222465858315
207,1553313600,58,135,77,193,12,1.0368211043042797,-1.2820014332184404
207,1553328000,139,50,-89,189,12,0.3434855260183179,-1.2937796373516952
207,1553342400,428,155,-273,583,12,-0.4250310185878085,-0.13362653022609366
207,1553356800,480,178,-302,658,12,-0.5461559087702959,0.08721479727243456
207,1553371200,437,238,-199,675,12,-0.11595371260490984,0.1372721648387676
207,1553385600,208,239,31,447,12,0.8446919681527482,-0.5340854707567582
207,1553400000,61,94,33,155,12,0.8530454088549886,-1.3938943724843613
207,1553414400,103,46,-57,149,12,0.4771405772541659,-1.4115616786842435
207,1553428800,398,162,-236,560,12,-0.27049236559635914,-0.20135120399230896
207,1553443200,467,191,-276,658,12,-0.43756117964116925,0.08721479727243456
207,1553457600,329,251,-78,580,12,0.38942944988064065,-0.14246018332603477
207,1553472000,147,194,47,341,12,0.9115194937706721,-0.8462078802880113
207,1553486400,32,43,11,75,12,0.761157561130343,-1.629458455149458
207,1553500800,505,107,-398,612,12,-0.94712106247784,-0.04823455025999608
207,1553515200,903,250,-653,1153,12,-2.0121847520135043,1.5447675587627208
207,1553529600,475,281,-194,756,12,-0.09507011084930858,0.37578079853717805
207,1553544000,557,494,-63,1051,12,0.45208025514744443,1.2444233533647224
207,1553558400,194,313,119,507,13,1.2639036302549955,-0.22214083627706024
207,1553572800,43,53,10,96,13,0.7724563404451044,-1.4591937525227445
207,1553587200,490,142,-348,632,13,-0.8416549416827954,0.15409180248379267
207,1553601600,928,280,-648,1208,13,-2.1942621613430466,1.887771801893803
207,1553616000,516,256,-260,772,13,-0.4448901572491217,0.575472357895948
207,1553630400,530,434,-96,964,13,0.2945351228318156,1.153365691032618
207,1553644800,187,325,138,512,13,1.3495687541668115,-0.20709153072662612
207,1553659200,34,48,14,82,13,0.7904911033739077,-1.5013318080639602
207,1553673600,489,130,-359,619,13,-0.8912505397370046,0.11496360805266398
207,1553688000,901,257,-644,1158,13,-2.1762273984142433,1.7372787463894617
207,1553702400,523,298,-225,821,13,-0.2870859816220924,0.7229555522902023
207,1553716800,531,464,-67,995,13,0.4252871540656399,1.2466713854453095
207,1553731200,223,363,140,586,13,1.3585861356312132,0.01563819141979881
207,1553745600,51,42,-9,93,13,0.6867912165332885,-1.468223335853005
207,1553760000,464,117,-347,581,13,-0.8371462509505946,0.0005888858693646942
207,1553774400,926,296,-630,1222,13,-2.1131057281634313,1.9299098574350184
207,1553788800,494,250,-244,744,13,-0.37275110553390833,0.49119624681351687
207,1553803200,565,455,-110,1020,13,0.23141345258100388,1.32191791319748
207,1553817600,196,341,145,537,13,1.3811295892922173,-0.13184500297445553
207,1553832000,61,66,5,127,13,0.7499128867841002,-1.365888058110053
207,1553846400,447,100,-347,547,13,-0.8371462509505946,-0.1017463918735873
207,1553850126,131,62,-69,193,13,0.4162697726012382,-1.1672372248443228
207,1553853074,558,56,-502,614,13,-1.5359933144417244,0.09991430250222987
207,1553854654,84,13,-71,97,13,0.40725239113683653,-1.4561838914126577
207,1553857432,111,22,-89,133,13,0.32609595795722146,-1.3478288914495322
207,1553860800,226,173,-53,399,13,0.4884088243164516,-0.5472058361664371
207,1553875200,573,234,-339,807,13,-0.8010767250929879,0.6808174967489867
207,1553889600,591,468,-123,1059,13,0.172800473062393,1.4393024964908663
207,1553904000,212,360,148,572,13,1.39465566148882,-0.026499864121416715
207,1553918400,53,110,57,163,13,0.9843648048585437,-1.2575330581469275
207,1553932800,160,66,-94,226,13,0.3035525042962173,-1.0679118082114576
207,1553947200,442,176,-266,618,13,-0.4719423016423267,0.11195374694257716
207,1553961600,532,231,-301,763,13,-0.6297464772693561,0.5483836079051665
207,1553976000,481,294,-187,775,13,-0.11575573379846057,0.5845019412262085
207,1553990400,232,254,22,486,13,0.8265606292315144,-0.2853479195888835
207,1554004800,58,112,54,170,13,0.9708387326619412,-1.2364640303763197
207,1554019200,126,56,-70,182,13,0.41176108186903737,-1.2003456970552777
207,1554033600,378,157,-221,535,13,-0.2690512186932891,-0.13786472519462917
207,1554048000,424,216,-208,640,13,-0.21043823917467816,0.17817069136448727
207,1554062400,271,271,0,542,13,0.727369433123096,-0.11679569742402142
207,1554076800,125,225,100,350,13,1.1782385063431797,-0.6946890305606915
207,1554091200,35,58,23,93,13,0.8310693199637152,-1.468223335853005
207,1554105600,528,131,-397,659,13,-1.0625807875606363,0.23535805245613692
207,1554120000,901,219,-682,1120,13,-2.347557646237875,1.6229040242061625
207,1554134400,525,237,-288,762,13,-0.5711334977507452,0.5453737467950797
207,1554148800,519,417,-102,936,13,0.2674829784386106,1.069089579950187
207,1554163200,181,318,137,499,14,1.326831371801906,-0.23668692688706594
207,1554177600,31,51,20,82,14,0.8139615952144255,-1.3633279562738707
207,1554192000,494,145,-349,639,14,-0.803550777099936,0.14156185995742487
207,1554206400,881,268,-613,1149,14,-1.9607954011947637,1.519468154890927
207,1554220800,488,274,-214,762,14,-0.21177795796053547,0.47388043697079896
207,1554235200,564,455,-109,1019,14,0.24848979025899828,1.1682371385353285
207,1554249600,166,336,170,502,14,1.4714869498137595,-0.2285815957403983
207,1554264000,39,58,19,97,14,0.8095780928504299,-1.3228013005405324
207,1554278400,501,119,-382,620,14,-0.9482063551117895,0.09022809602852969
207,1554292800,835,236,-599,1071,14,-1.899426368098826,1.308729545077568
207,1554307200,505,287,-218,792,14,-0.22931196741651771,0.5549337484374756
207,1554311908,241,37,-204,278,14,-0.16794293432057988,-0.8337796546915835
207,1554311978,98,19,-79,117,14,0.3799948611788651,-1.268765759562748
207,1554311997,3,2,-1,5,14,0.7219080455705187,-1.5713647890383406
207,1554312057,0,0,0,0,14,0.7262915479345143,-1.5848736742827867
207,1554321600,470,412,-58,882,14,0.4720484108227718,0.7980936828375054
207,1554336000,187,348,161,535,14,1.4320354285377994,-0.13942295312705402
207,1554350400,37,74,37,111,14,0.88848113540235,-1.2849764218560833
207,1554364800,491,109,-382,600,14,-0.9482063551117895,0.03619255505074528
207,1554379200,880,228,-652,1108,14,-2.1317519933905906,1.4086952958864691
207,1554393600,494,273,-221,767,14,-0.2424624745085044,0.48738932221524506
207,1554406065,510,84,-426,594,14,-1.141080459127594,0.01998189275740996
207,1554408000,475,500,25,975,14,0.8358791070344033,1.0493589483842027
207,1554422400,200,401,201,601,14,1.6073755230976219,0.0388943320996345
207,1554436800,34,66,32,100,14,0.8665636235823722,-1.3146959693938647
207,1554451200,464,115,-349,579,14,-0.803550777099936,-0.020544762975928343
207,1554465600,933,248,-685,1181,14,-2.276407571402444,1.605925020455382
207,1554480000,535,283,-252,818,14,-0.3783510477923667,0.6251799517085953
207,1554494400,547,437,-110,984,14,0.24410628789500274,1.0736749418242058
207,1554508800,184,307,123,491,14,1.2654623387059682,-0.2583011432781797
207,1554523200,45,113,68,158,14,1.0243697086862125,-1.15799290055829
207,1554537600,150,55,-95,205,14,0.30985882335493614,-1.0310093792604966
207,1554552000,492,88,-404,580,14,-1.0446434071196917,-0.01784298592703912
207,1554566400,421,102,-319,523,14,-0.6720457061800692,-0.17184427771372465
207,1554580800,437,87,-350,524,14,-0.8079342794639316,-0.16914250066483544
207,1554595200,236,42,-194,278,14,-0.12410791068062428,-0.8337796546915835
207,1554609600,761,979,218,1740,14,1.6818950632855463,3.1162183907844563
207,1554624000,147,47,-100,194,14,0.28794131153495833,-1.060728926798278
207,1554638400,409,88,-321,497,14,-0.6808127109080604,-0.2420904809848444
207,1554652800,473,391,-82,864,14,0.3668443540868784,0.7494616959574993
207,1554667200,304,249,-55,553,14,0.4851989179147585,-0.09079096624704806
207,1554681600,128,210,82,338,14,1.0857387417821502,-0.6716730317582303
207,1554696000,39,53,14,92,14,0.7876605810304521,-1.3363101857849786
207,1554710400,517,121,-396,638,14,-1.0095753882077274,0.13886008290853563
207,1554713681,364,32,-332,396,14,-0.7290312369120115,-0.5149699629226556
207,1554724800,520,278,-242,798,14,-0.33451602415241116,0.5711444107308109
207,1554739200,506,220,-286,726,14,-0.5273901281682157,0.376616463210787
207,1554753600,638,457,-181,1095,14,-0.067122379948682,1.3735721942509092
207,1554768000,192,307,115,499,15,1.1850185479568816,-0.4554527850670237
207,1554782400,35,62,27,97,15,0.8260256996696662,-1.600008664781734
207,1554796800,522,131,-391,653,15,-0.8791903296946059,-0.01699107990268195
207,1554811200,898,263,-635,1161,15,-1.8745795908546115,1.4293631163537182
207,1554825600,515,224,-291,739,15,-0.4712439111864068,0.22786415804623616
207,1554840000,553,533,-20,1086,15,0.6342908829708127,1.2158265716308243
207,1554854400,183,342,159,525,15,1.3645149721004892,-0.38142678289642057
207,1554868800,38,80,42,118,15,0.8872176624458961,-1.5402184322593238
207,1554883200,496,141,-355,637,15,-0.7323296190316542,-0.06254554277689928
207,1554897600,905,284,-621,1189,15,-1.8174670922634635,1.5090834263835984
207,1554912000,516,291,-225,807,15,-0.2019992749709954,0.4214706252616598
207,1554926400,584,421,-163,1005,15,0.05092750450408802,0.9852071033300992
207,1554934123,120,37,-83,157,15,0.37728463931064726,-1.429179429003419
207,1554940800,259,393,134,652,15,1.2625283674734393,-0.019838233832320532
207,1554955200,35,61,26,96,15,0.8219462354845842,-1.6028558187113726
207,1554969600,486,128,-358,614,15,-0.7445680115869001,-0.1280300831585867
207,1554984000,920,242,-678,1162,15,-2.049996550813137,1.4322102702833568
207,1554998400,509,265,-244,774,15,-0.27950909448755323,0.32751454558358656
207,1555012800,560,524,-36,1084,15,0.5690194560095009,1.2101322637715473
207,1555027200,182,351,169,533,15,1.405309613951309,-0.3586495514593119
207,1555041600,37,70,33,107,15,0.8505024847801582,-1.571537125485348
207,1555056000,456,124,-332,580,15,-0.6385019427747683,-0.2248333167662985
207,1555070400,936,289,-647,1225,15,-1.9235331610755952,1.6115809678505875
207,1555084800,524,288,-236,812,15,-0.2468733810068973,0.4357063949098527
207,1555099200,557,475,-82,1032,15,0.38136410349572925,1.062080259430341
207,1555113600,247,328,81,575,15,1.046316765664094,-0.2390690864144914
207,1555128000,50,92,42,142,15,0.8872176624458961,-1.4718867379479978
207,1555142400,157,59,-98,216,15,0.3160926765344174,-1.2611973471547426
207,1555156800,542,175,-367,717,15,-0.7812831892526381,0.16522677159418736
207,1555171200,503,210,-293,713,15,-0.47940283955657076,0.15383815587563301
207,1555185600,417,304,-113,721,15,0.25490071375818757,0.17661538731274168
207,1555718400,9935,8841,-1094,18776,16,-3.3864678706192697,4.115600711630458
207,1555732800,57,101,44,158,16,0.7780520226247191,-0.32042746593604876
207,1555747200,125,64,-61,189,16,0.39380370207057247,-0.3130412336068748
207,1555761600,393,103,-290,496,16,-0.4442235875189472,-0.23989370699215154
207,1555776000,449,217,-232,666,16,-0.23197213426046626,-0.19938856196119728
207,1555790400,410,279,-131,689,16,0.13763815503447474,-0.19390845410406818
207,1555804800,219,276,57,495,16,0.8256256242171371,-0.24013197255115715
207,1555819200,65,93,28,158,16,0.7194998975878967,-0.32042746593604876
207,1555833600,95,58,-37,153,16,0.48163188962580594,-0.3216187937310768
207,1555848000,392,251,-141,643,16,0.10104307688646078,-0.20486866981832638
207,1555862400,397,167,-230,564,16,-0.22465311863086346,-0.22369164897976984
207,1555876800,291,252,-39,543,16,0.47431287399620314,-0.2286952257188877
207,1555891200,131,210,79,341,16,0.9061347961427679,-0.2768248686380216
207,1555905600,32,54,22,86,16,0.6975428506990883,-0.3375825861844529
207,1555920000,414,124,-290,538,16,-0.4442235875189472,-0.22988655351391576
207,1555934400,749,208,-541,957,16,-1.3627600490340976,-0.13005328429056384
207,1555948800,433,246,-187,679,16,-0.06729428259440344,-0.1962911096941243
207,1555963200,456,464,8,920,16,0.6463097412918688,-0.13886910997377153
207,1555977600,175,302,127,477,17,1.0839385147825826,-0.24418167539688918
207,1555992000,38,72,34,110,17,0.7205940731924003,-1.0672407759723697
207,1556006400,430,107,-323,537,17,-0.6741797509763642,-0.1096216044581185
207,1556020800,817,220,-597,1037,17,-1.7446784283495895,1.0117123200316371
207,1556035200,463,262,-201,725,17,-0.19753435448171636,0.3119999511500296
207,1556049600,507,461,-46,968,17,0.40803971483525425,0.8569682384520508
207,1556064000,184,532,348,716,17,1.9473699297441989,0.291815940509214
207,1556078400,38,96,58,134,17,0.8143603806995442,-1.0134167475968614
207,1556092800,424,122,-302,546,17,-0.5921342319076133,-0.0894375938173029
207,1556107200,474,436,-38,910,17,0.43929515067096886,0.7268935032112391
207,1556116153,1089,148,-941,1237,17,-3.0886621692853176,1.4602458898275392
207,1556116234,4,4,0,8,17,0.5877584708906133,-1.2959928965682799
207,1556116320,2,0,-2,2,17,0.5799446119316846,-1.309448903662157
207,1556121600,642,322,-320,964,17,-0.6624589625379712,0.8479975670561328
207,1556136000,509,292,-217,801,17,-0.26004522615314557,0.48244270767247244
207,1556150400,522,855,333,1377,17,1.8887659875522338,1.7742193886846709
207,1556164800,82,78,-4,160,17,0.572130752972756,-0.9551073835233942
207,1556177273,282,43,-239,325,17,-0.3459976747013607,-0.5850671884417749
207,1556177274,279,23,-256,302,17,-0.4124154758522543,-0.6366485489683036
207,1556177275,0,0,0,0,17,0.5877584708906133,-1.313934239360116
207,1556177390,12,1,-11,13,17,0.5447822466165056,-1.2847795573233824
207,1556177391,0,0,0,0,17,0.5877584708906133,-1.313934239360116
207,1556179200,137,76,-61,213,17,0.34943577264328934,-0.8362459875274801
207,1556193600,852,345,-507,1197,17,-1.3930547751978002,1.370539175868359
207,1556208000,477,266,-211,743,17,-0.2366036492763596,0.3523679724316608
207,1556222400,578,519,-59,1097,17,0.357249631602218,1.1462723909704078
207,1556236800,202,336,134,538,17,1.111287021138833,-0.10737893660913898
207,1556251200,42,83,41,125,17,0.7479425795486506,-1.0336007582376772
207,1556265600,403,56,-347,459,17,-0.7679460584835079,-0.28454969667852037
207,1556280000,793,90,-703,883,17,-2.158812953172808,0.6663414712887924
207,1556294400,478,103,-375,581,17,-0.8773400839085091,-0.010944219103020004
207,1556308800,536,120,-416,656,17,-1.0375241925665466,0.15725586957044332
207,1556323200,1041,1286,245,2327,17,1.5449561933593732,3.904753845215206
207,1556337600,53,123,70,176,17,0.8612435344531161,-0.9192246979397221
207,1556352000,180,47,-133,227,17,0.06813685012185784,-0.804848637641767
207,1556366400,481,157,-324,638,17,-0.6780866804558284,0.11688784828881213
207,1556380800,506,253,-253,759,17,-0.40069468741386133,0.388250658015333
207,1556395200,428,297,-131,725,17,0.0759507090807865,0.3119999511500296
207,1556409600,206,268,62,474,17,0.8299880986174015,-0.2509096789438277
207,1556424000,45,106,61,151,17,0.8260811691379372,-0.9752913941642098
207,1556438400,100,53,-47,153,17,0.4041327853557899,-0.9708060584662508
207,1556452800,437,187,-250,624,17,-0.38897389897546836,0.08549049840309898
207,1556467200,453,189,-264,642,17,-0.4436709116879689,0.1258585196847302
207,1556481600,335,256,-79,591,17,0.27911104201293147,0.011482459386775107
207,1556496000,129,198,69,327,17,0.8573366049736517,-0.5805818527438158
207,1556510400,32,49,17,81,17,0.6541762720415067,-1.1322781435927756
207,1556524800,514,133,-381,647,17,-0.9007816607852951,0.13707185892962773
207,1556539200,904,201,-703,1105,17,-2.158812953172808,1.1642137337622438
207,1556553600,502,239,-263,741,17,-0.4397639822085046,0.3478826367337018
207,1556568000,591,474,-117,1065,17,0.13064772179328707,1.0745070198030635
207,1556582400,183,289,106,472,18,1.2196401986894343,-0.40396852635005637
207,1556596800,34,68,34,102,18,0.8970907246558648,-1.5870244013237775
207,1556611200,516,121,-395,637,18,-1.024766558127486,0.12361044492200848
207,1556625600,842,260,-582,1102,18,-1.8624992198535621,1.6104239094160093
207,1556640000,465,255,-210,720,18,-0.19599360401345362,0.3889986547134108
207,1556654400,577,459,-118,1036,18,0.2161529461405517,1.3993923209071835
207,1556668800,218,356,138,574,18,1.3629955204821318,-0.07782879865459809
207,1556683200,42,89,47,131,18,0.9553288241341482,-1.4942984003123236
207,1556697600,488,145,-343,633,18,-0.7918141602143526,0.11082065167904934
207,1556712000,871,263,-608,1134,18,-1.9789754188101287,1.7127422553596825
207,1556726400,509,296,-213,805,18,-0.209433165431519,0.6607817611262926
207,1556740800,552,418,-134,970,18,0.14447528524420294,1.1883607323983576
207,1556755200,192,314,122,506,18,1.291317859585783,-0.2952552837849036
207,1556769600,33,82,49,115,18,0.9642885317461918,-1.5454575732841602
207,1556784000,535,129,-406,664,18,-1.074044949993726,0.20994154931198272
207,1556798400,851,179,-672,1030,18,-2.265686062395524,1.3802076310427447
207,1556812800,487,222,-265,709,18,-0.44238556334465245,0.35382672329527315
207,1556827200,603,484,-119,1087,18,0.2116730923345299,1.5624621847549125
207,1556841600,218,367,149,585,18,1.4122739123483714,-0.042656867236460436
207,1556856000,46,53,7,99,18,0.7761346718932763,-1.5966167462559968
207,1556870400,451,132,-319,583,18,-0.6842976688698295,-0.04905176385794001
207,1556878324,662,65,-597,727,18,-1.929697026943889,0.4113807928885893
207,1556883661,185,31,-154,216,18,0.054878209123767015,-1.2225152938994417
207,1556884800,330,215,-115,545,18,0.2295925075586171,-0.17055479966605191
207,1556899200,549,257,-292,806,18,-0.563341616107241,0.6639792094370325
207,1556913600,534,380,-154,914,18,0.054878209123767015,1.0093036269969293
207,1556928000,215,327,112,542,18,1.246519321525565,-0.18014714459827127
207,1556942400,46,101,55,147,18,0.9911676545823226,-1.443139227340487
207,1556956800,130,76,-54,206,18,0.5028635897259467,-1.2544897770068397
207,1556971200,480,109,-371,589,18,-0.917250066782963,-0.02986707399350129
207,1556985600,498,227,-271,725,18,-0.4692646861807832,0.40498589626710974
207,1557000000,393,268,-125,661,18,0.18479396949839913,0.20034920437976336
207,1557014400,230,265,35,495,18,0.9015705784618866,-0.33042721520304125
207,1557028800,52,99,47,151,18,0.9553288241341482,-1.430349434097528
207,1557043200,102,55,-47,157,18,0.5342225663680993,-1.4111647442330892
207,1557057600,406,149,-257,555,18,-0.4065467328964781,-0.13858031655865405
207,1557072000,436,225,-211,661,18,-0.2004734578194754,0.20034920437976336
207,1557086400,308,271,-37,579,18,0.5790211044283172,-0.061841557100899155
207,1557100800,131,197,66,328,18,1.0404460464485623,-0.8644010830965857
207,1557115200,36,58,22,94,18,0.8433324789836033,-1.6126039878096958
207,1557129600,510,115,-395,625,18,-1.024766558127486,0.08524106519313103
207,1557144000,876,293,-583,1169,18,-1.866979073659584,1.8246529462355752
207,1557158400,478,226,-252,704,18,-0.38414746386636905,0.3378394817415742
207,1557172800,521,516,-5,1037,18,0.7223764262210147,1.4025897692179232
207,1557187200,187,319,132,506,19,1.2238672880712052,-0.3921238053064292
207,1557201600,47,62,15,109,19,0.788631808726734,-1.5609247223031049
207,1557216000,513,127,-386,640,19,-0.7030726974026071,0.0023833052163781394
207,1557230400,896,206,-690,1102,19,-1.8339409514258482,1.3625496116457587
207,1557244800,499,251,-248,750,19,-0.18971802945784638,0.3262324257948021
207,1557259200,571,463,-108,1034,19,0.3310765612107515,1.1623519734700059
207,1557273600,205,317,112,522,19,1.149468060832834,-0.34501847867684027
207,1557288000,40,62,22,102,19,0.8146715382601638,-1.58153330270355
207,1557302400,503,139,-364,642,19,-0.6212335474403989,0.008271471045076757
207,1557316800,911,237,-674,1148,19,-1.7744215696351513,1.497977425705827
207,1557331200,512,264,-248,776,19,-0.18971802945784638,0.40277858156788415
207,1557345600,577,436,-141,1013,19,0.20831783626743916,1.1005262322686704
207,1557360000,219,339,120,558,19,1.1792277517281824,-0.23903149376026517
207,1557374400,40,69,29,109,19,0.8407112677935937,-1.5609247223031049
207,1557388800,527,124,-403,651,19,-0.7663120405552226,0.03476821727422053
207,1557403200,881,219,-662,1100,19,-1.7297820332921288,1.3566614458170603
207,1557417600,530,280,-250,810,19,-0.1971579521816835,0.5028774006557606
207,1557432000,542,458,-84,1000,19,0.42035563389679687,1.0622531543821292
207,1557446400,200,363,163,563,19,1.3391860902906803,-0.22431107918851864
207,1557460800,44,72,28,116,19,0.8369913064316752,-1.5403161419026596
207,1557475200,450,139,-311,589,19,-0.4240755952587154,-0.1477649234154366
207,1557489600,872,197,-675,1069,19,-1.77814153099707,1.2653948754722315
207,1557504000,1139,248,-891,1387,19,-2.5816531851714783,2.201613242235312
207,1557518400,608,431,-177,1039,19,0.07439922723837113,1.1770723880417524
207,1557532800,243,356,113,599,19,1.1531880221947526,-0.11832409427194351
207,1557547200,67,146,79,213,19,1.0267093358895216,-1.2547400992107767
207,1557561600,158,65,-93,223,19,0.38687598163952985,-1.2252992700672836
207,1557576000,524,153,-371,677,19,-0.6472732769738289,0.11131437304730256
207,1557590400,552,227,-325,779,19,-0.4761550543255752,0.41161083031093204
207,1557604800,456,268,-188,724,19,0.033479652257267005,0.24968627002172009
207,1557619200,212,260,48,472,19,0.9113905336700463,-0.49222262439430575
207,1557633600,53,101,48,154,19,0.9113905336700463,-1.4284409911573859
207,1557648000,113,67,-46,180,19,0.561714165649702,-1.3518948353843039
207,1557662400,386,149,-237,535,19,-0.14879845447674225,-0.30674540079029927
207,1557676800,420,181,-239,601,19,-0.15623837720057937,-0.1124359284432449
207,1557691200,282,241,-41,523,19,0.5803139724592948,-0.342074395762491
207,1557705600,151,181,30,332,19,0.8444312291555123,-0.9043942324032089
207,1557720000,33,44,11,77,19,0.7737519632790597,-1.6551353755622826
207,1557734400,495,127,-368,622,19,-0.6361133928880731,-0.05061018724190942
207,1557748800,902,160,-742,1062,19,-2.027378942245613,1.2447862950717865
207,1557763200,510,260,-250,770,19,-0.1971579521816835,0.38511408408178827
207,1557777600,490,478,-12,968,19,0.688192851954933,0.9680425011229514
207,1557792000,166,300,134,466,20,1.2169466152120456,-0.528672433013739
207,1557806400,38,89,51,127,20,0.8860358585327016,-1.5296349464777836
207,1557820800,482,123,-359,605,20,-0.7485835419315282,-0.11824827557567937
207,1557835200,807,216,-591,1023,20,-1.6735389099990925,1.1159768885186294
207,1557849600,471,264,-207,735,20,-0.14257830078381376,0.2656016558412109
207,1557864000,512,481,-31,993,20,0.5591119784398556,1.0273961351147316
207,1557878400,185,355,170,540,20,1.3604741723259781,-0.3101732412841245
207,1557892800,42,70,28,112,20,0.7943376970432448,-1.5739253231797325
207,1557907200,500,133,-367,633,20,-0.7804785546235132,-0.03557290573204145
207,1557921600,881,265,-616,1146,20,-1.7732108246615454,1.4791579774746102
207,1557936000,528,242,-286,770,20,-0.4575415511171654,0.3689458681457583
207,1557950400,576,507,-69,1083,20,0.407610668152927,1.293138395326425
207,1557964800,221,332,111,553,20,1.1252484537225889,-0.27178824814243546
207,1557979200,42,80,38,122,20,0.834206462908226,-1.5443984053784334
207,1557993600,509,138,-371,647,20,-0.7964260609695056,0.005764779189777506
207,1558008000,914,200,-714,1114,20,-2.1639247301383615,1.3846718405104526
207,1558022400,509,235,-274,744,20,-0.4096990320791879,0.29217588186238025
207,1558036800,550,491,-59,1041,20,0.44747943401790824,1.169125340560968
207,1558051200,206,329,123,535,20,1.1730909727605663,-0.32493670018477416
207,1558065600,51,81,30,132,20,0.8023114502162411,-1.514871487577134
207,1558080000,498,138,-360,636,20,-0.7525704185180263,-0.026714830391651675
207,1558094400,927,178,-749,1105,20,-2.3034654106657957,1.3580976144892833
207,1558108800,554,130,-424,684,20,-1.0077305200539062,0.11501437505458474
207,1558123200,737,750,13,1487,20,0.7345345482457729,2.4860258744989148
207,1558137600,225,338,113,563,20,1.133222206895585,-0.24226133034113623
207,1558152000,54,105,51,159,20,0.8860358585327016,-1.435148809513626
207,1558166400,184,63,-121,247,20,0.20029308565502468,-1.1753119328621926
207,1558180800,527,146,-381,673,20,-0.8362948268344869,0.08253476547315557
207,1558195200,557,259,-298,816,20,-0.5053840701551429,0.5047696900317349
207,1558209600,457,271,-186,728,20,-0.05885389246735321,0.24493281338030146
207,1558224000,252,314,62,566,20,0.9298915009841809,-0.23340325500074646
207,1558238400,59,102,43,161,20,0.8541408458407166,-1.4292434259533662
207,1558252800,126,45,-81,171,20,0.35976814911494953,-1.399716508152067
207,1558267200,394,162,-232,556,20,-0.2422502154462668,-0.2629301728020457
207,1558281600,454,200,-254,654,20,-0.32996150034922545,0.026433621650686984
207,1558296000,323,282,-41,605,20,0.5192432125748744,-0.11824827557567937
207,1558310400,167,299,132,466,20,1.2089728620390494,-0.528672433013739
207,1558324800,39,68,29,107,20,0.798324573629743,-1.5886887820803821
207,1558339200,496,137,-359,633,20,-0.7485835419315282,-0.03557290573204145
207,1558353600,835,199,-636,1034,20,-1.852948356391508,1.1484564981000587
207,1558368000,560,260,-300,820,20,-0.5133578233281391,0.5165804571522546
207,1558382400,527,573,46,1100,20,0.866101475600211,1.3433341555886338
207,1558396800,205,303,98,508,21,1.1620967495103296,-0.33982450774802725
207,1558411200,45,85,40,130,21,0.9341502415944618,-1.472525302416866
207,1558425600,508,130,-378,638,21,-0.7086366602819651,0.04972867560368983
207,1558440000,876,164,-712,1040,21,-2.0212941369009285,1.2543469810451535
207,1558454400,471,222,-249,693,21,-0.2016521857794315,0.21453963779095475
207,1558468800,548,519,-29,1067,21,0.662972499418688,1.3352541806643563
207,1558483200,196,358,162,554,21,1.4136239306588736,-0.2019826121004966
207,1558497600,46,76,30,122,21,0.8948491195400019,-1.4964978060077412
207,1558512000,497,144,-353,641,21,-0.6103838551458153,0.058718364450267915
207,1558526400,876,265,-611,1141,21,-1.6243528041508826,1.556999838879949
207,1558540800,533,291,-242,824,21,-0.1741414003413095,0.6070893840915312
207,1558555200,544,423,-121,967,21,0.3014021765176562,1.03559788577842
207,1558569600,216,350,134,566,21,1.3035807889063855,-0.16602385671418426
207,1558584000,43,87,44,130,21,0.9498706904162458,-1.472525302416866
207,1558598400,479,113,-366,592,21,-0.6614753138166132,-0.08811322004384084
207,1558612800,892,209,-683,1101,21,-1.9073208829429944,1.4371373209255744
207,1558627200,555,246,-309,801,21,-0.43745891810619136,0.5381684362677659
207,1558641600,704,438,-266,1142,21,-0.2684640932720134,1.5599964018288084
207,1558656000,288,355,67,643,21,1.0402632711415039,0.06471149034798664
207,1558670400,57,87,30,144,21,0.8948491195400019,-1.4305734211328351
207,1558684800,615,117,-498,732,21,-1.1802501249354849,0.33140559279646986
207,1558699200,1099,200,-899,1299,21,-2.75622511931933,2.0304567847997284
207,1558713600,837,291,-546,1128,21,-1.3688955107968928,1.5180445205447772
207,1558728000,784,399,-385,1183,21,-0.7361474457200872,1.6828554827320423
207,1558742400,316,324,8,640,21,0.8083866510201899,0.055721801501408555
207,1558756800,90,123,33,213,21,0.9066394561563399,-1.2238105776615391
207,1558771200,258,62,-196,320,21,0.006643761109206382,-0.9031783421335874
207,1558785600,639,114,-525,753,21,-1.286363154482527,0.3943334147225165
207,1558800000,544,228,-316,772,21,-0.46496970354431333,0.4512681107508444
207,1558814400,385,276,-109,661,21,0.3485635229830082,0.11864962342745516
207,1558828800,195,247,52,442,21,0.9813115880598138,-0.5375976623727452
207,1558843200,48,100,52,148,21,0.9813115880598138,-1.4185871693373977
207,1558857600,120,53,-67,173,21,0.5136282356117401,-1.3436730956159135
207,1558872000,387,173,-214,560,21,-0.06409825858882158,-0.18400323440734043
207,1558886400,460,174,-286,634,21,-0.3470663373809334,0.03774242380825238
207,1558900800,313,262,-51,575,21,0.5765100308988761,-0.13905479017445
207,1558915200,168,186,18,354,21,0.8476877730746499,-0.801295201872369
207,1558929600,33,81,48,114,21,0.9655911392380299,-1.520470309598616
207,1558944000,127,44,-83,171,21,0.4507464403246041,-1.3496662215136324
207,1558958400,405,102,-303,507,21,-0.4138782448735154,-0.3428210706968866
207,1558972800,458,188,-270,646,21,-0.28418454209379745,0.07370117919456473
207,1558987200,341,289,-52,630,21,0.5725799186934301,0.02575617201281493
207,1559001600,148,248,100,396,22,1.0910166195803024,-0.6675223210724552
207,1559016000,40,65,25,105,22,0.7623657300634283,-1.6025891185678764
207,1559030400,457,130,-327,587,22,-0.7801024447357675,-0.05378431996721314
207,1559044800,719,221,-498,940,22,-1.5294264728342406,1.080506331290119
207,1559059200,405,250,-155,655,22,-0.02639640477706955,0.16471926157810868
207,1559073600,511,494,-17,1005,22,0.5783212319339789,1.2893700489437356
207,1559088000,181,306,125,487,22,1.2005669160859271,-0.37511311635739225
207,1559102400,34,58,24,92,22,0.7579837182032033,-1.6443618620985998
207,1559116800,475,131,-344,606,22,-0.8545966463595923,0.007268151346920893
207,1559131200,836,228,-608,1064,22,-2.011447777458989,1.4789540388139413
207,1559145600,497,262,-235,759,22,-0.3769573535950686,0.49890120982389496
207,1559160000,513,465,-48,978,22,0.4424788642670042,1.2026112739183872
207,1559174400,164,346,182,510,22,1.4503415921187515,-0.30120749318765105
207,1559188800,39,85,46,124,22,0.8543879791281531,-1.5415366472537426
207,1559203200,468,105,-363,573,22,-0.9378548717038672,-0.09877035146183823
207,1559217600,863,211,-652,1074,22,-2.2042562993088888,1.5110869184529592
207,1559232000,521,275,-246,796,22,-0.4251594840575435,0.6177928644882612
207,1559246400,564,548,-16,1112,22,0.5827032437942038,1.6331918610812273
207,1559260800,178,370,192,548,22,1.4941617107210015,-0.179102550559383
207,1559275200,48,95,47,143,22,0.8587699909883781,-1.4804841759396086
207,1559289600,444,123,-321,567,22,-0.7538103735744176,-0.11805007924524896
207,1559304000,810,201,-609,1011,22,-2.015829789319214,1.3086497767271463
207,1559318400,522,281,-241,803,22,-0.40324942475641856,0.6402858802355738
207,1559332800,584,465,-119,1049,22,0.13135602219103004,1.4307547193554144
207,1559347200,238,329,91,567,22,1.0515785128382775,-0.11805007924524896
207,1559361600,72,109,37,181,22,0.8149498723861283,-1.3583792333113405
207,1559376000,148,56,-92,204,22,0.2496703424171047,-1.2844736101415992
207,1559390400,441,129,-312,570,22,-0.7143722668323927,-0.1084102153535436
207,1559404800,531,263,-268,794,22,-0.5215637449824932,0.6113662885604576
207,1559419200,444,294,-150,738,22,-0.004486345475944608,0.43142216258195737
207,1559433600,214,252,38,466,22,0.8193318842463532,-0.4425921635993299
207,1559448000,64,115,51,179,22,0.876298038429278,-1.364805809239144
207,1559462400,93,60,-33,153,22,0.508209042170379,-1.4483512963005907
207,1559476800,373,112,-261,485,22,-0.4908896619609183,-0.38153969228519585
207,1559491200,442,204,-238,646,22,-0.39010338917574355,0.13579966990299255
207,1559505600,290,276,-14,566,22,0.5914672675146538,-0.12126336720915076
207,1559520000,130,222,92,352,22,1.0559605246985027,-0.8089069914841341
207,1559534400,44,81,37,125,22,0.8149498723861283,-1.5383233592898407
207,1559548800,471,148,-323,619,22,-0.7625743972948675,0.04904089487764418
207,1559563200,838,185,-653,1023,22,-2.2086383111691137,1.347209232293968
207,1559577600,448,227,-221,675,22,-0.3156091875519188,0.2289850208561445
207,1559592000,505,525,20,1030,22,0.7404556707623035,1.3697022480412804
207,1559606400,189,341,152,530,23,1.2044842672726712,-0.301414147662874
207,1559620800,44,80,36,124,23,0.7538432482162702,-1.513039335297793
207,1559635200,439,140,-299,579,23,-0.5475769361276467,-0.15518352156900442
207,1559649600,823,170,-653,993,23,-1.9228090115239052,1.0803160539996077
207,1559664000,446,248,-198,694,23,-0.15520846263888366,0.1880108049778323
207,1559678400,553,455,-98,1008,23,0.23327517447870347,1.125080531375282
207,1559692800,176,373,197,549,23,1.3793019039755856,-0.24471247632035312
207,1559707200,40,94,54,134,23,0.8237703028974359,-1.4831963503806769
207,1559721600,469,156,-313,625,23,-0.6019646453241089,-0.017905790950269743
207,1559736000,372,259,-113,631,23,0.1750026289110654,0.0
207,1559750400,1309,278,-1031,1587,23,-3.3912771598283844,2.852989358076312
207,1559764800,488,477,-11,965,23,0.5712559387710042,0.9967556962316823
207,1559779200,169,352,183,521,23,1.3249141947791232,-0.32827283408827856
207,1559793600,38,79,41,117,23,0.7732674300721496,-1.5339294247397746
207,1559808000,445,135,-310,580,23,-0.5903101362105813,-0.1521992230772928
207,1559822400,783,177,-606,960,23,-1.7402217020786392,0.9818342037731241
207,1559836800,413,233,-180,646,23,-0.08528140795771798,0.04476447737567435
207,1559851200,784,503,-281,1287,23,-0.47764988144648096,1.957699810562825
207,1559865600,302,345,43,647,23,0.7810371028145013,0.047748775867385976
207,1559880000,63,89,26,152,23,0.7149948845045115,-1.4294789775298677
207,1559894400,601,142,-459,743,23,-1.169150755515786,0.33424143107170184
207,1559908800,722,188,-534,910,23,-1.4605134833539763,0.832619279187543
207,1559923200,546,279,-267,825,23,-0.4232621722500188,0.578953907392055
207,1559937600,562,540,-22,1102,23,0.5285227386880696,1.4056045895961746
207,1559952000,248,330,82,578,23,0.9325457212903603,-0.15816782006071606
207,1559966400,57,152,95,209,23,0.9830485941156466,-1.2593739635023051
207,1559980800,153,61,-92,214,23,0.2565841927057587,-1.244452471043747
207,1559995200,438,124,-314,562,23,-0.6058494816952847,-0.20591659592810202
207,1560009600,462,247,-215,709,23,-0.22125068094887348,0.23277528235350664
207,1560024000,426,294,-132,720,23,0.10119073785872384,0.2656025657623345
207,1560038400,216,321,105,537,23,1.0218969578274053,-0.2805240582208926
207,1560052800,66,104,38,170,23,0.761612920958622,-1.3757616046790584
207,1560067200,113,65,-48,178,23,0.427516993037497,-1.3518872167453655
207,1560081600,364,127,-237,491,23,-0.30671708111474266,-0.4178017888396273
207,1560096000,454,198,-256,652,23,-0.3805289721670842,0.06267026832594409
207,1560110400,344,304,-40,648,23,0.458595684006904,0.0507330743590976
207,1560124800,151,246,95,397,23,0.9830485941156466,-0.6983258470605199
207,1560139200,43,72,29,115,23,0.7266493936180392,-1.5398980217231977
207,1560153600,445,143,-302,588,23,-0.5592314452411743,-0.12832483514359982
207,1560168000,854,239,-615,1093,23,-1.775185229419222,1.37874590317077
207,1560182400,481,273,-208,754,23,-0.19405682635064236,0.3670687144805297
207,1560196800,479,499,20,978,23,0.6916858662774563,1.0355515766239334
207,1560211200,162,302,140,464,24,1.2181001718329676,-0.6846448176000429
207,1560225600,40,90,50,130,24,0.8662081869246876,-1.7855701652192892
207,1560240000,422,161,-261,583,24,-0.3497741164805914,-0.2923989602147426
207,1560254400,758,257,-501,1015,24,-1.2881527429026718,1.1315523876041629
207,1560268800,482,262,-220,744,24,-0.1894677678001527,0.23828661154184025
207,1560283200,528,469,-59,997,24,0.44002789409132614,1.072221081445042
207,1560297600,199,352,153,551,24,1.268929014097497,-0.3978768378309578
207,1560312000,45,82,37,127,24,0.8153793446601583,-1.7954587162458093
207,1560326400,505,142,-363,647,24,-0.7485850327099756,-0.08144320498231214
207,1560340800,863,181,-682,1044,24,-1.9958466236626573,1.2271417141938579
207,1560355200,482,330,-152,812,24,0.07640617635277004,0.46242710147629756
207,1560369600,544,451,-93,995,24,0.30709092201486476,1.0656287140940284
207,1560384000,208,356,148,564,24,1.2493794593803702,-0.35502645004937033
207,1560398400,57,87,30,144,24,0.788009968056181,-1.7394235937621951
207,1560412800,444,125,-319,569,24,-0.5765489511992609,-0.3385455316718367
207,1560427200,861,173,-688,1034,24,-2.0193060893232095,1.1941798774387906
207,1560441600,491,257,-234,748,24,-0.24420652100810739,0.25147134624386713
207,1560456000,507,484,-23,991,24,0.5807846880546382,1.0524439793920015
207,1560470400,180,287,107,467,24,1.0890731106999316,-0.6747562665735227
207,1560484800,47,111,64,158,24,0.9209469401326423,-1.693277022305101
207,1560499200,451,166,-285,617,24,-0.4436119791227994,-0.1803287152475139
207,1560513600,831,191,-640,1022,24,-1.8316303640387932,1.15462567333271
207,1560528000,494,239,-255,733,24,-0.3263146508200394,0.20202859111126625
207,1560542400,518,447,-71,965,24,0.3931089627702221,0.9667432038288266
207,1561161600,8283,9638,1355,17921,25,3.706688899299223,4.115104183471772
207,1561176000,60,109,49,169,25,0.23772745000880002,-0.32647113132353595
207,1561190400,139,77,-62,216,25,-0.05710771145462794,-0.3147116653593978
207,1561204800,467,116,-351,583,25,-0.8247416003098593,-0.22288775027772378
207,1561219200,512,218,-294,730,25,-0.6733397606394503,-0.1861081439643557
207,1561233600,407,295,-112,702,25,-0.18991634274446034,-0.1931137832621401
207,1561248000,199,284,85,483,25,0.3333496645374794,-0.2479078906269538
207,1561262400,51,124,73,175,25,0.3014755930279196,-0.32496992290258214
207,1561276800,116,54,-62,170,25,-0.05710771145462794,-0.32622092992004365
207,1561291200,357,138,-219,495,25,-0.4741268137047017,-0.24490547378504618
207,1561305600,441,200,-241,641,25,-0.5325626114722279,-0.2083760688751704
207,1561320000,303,263,-40,566,25,0.001328086312898324,-0.2271411741370929
207,1561334400,147,232,85,379,25,0.3333496645374794,-0.273928836590153
207,1561348800,44,96,52,140,25,0.24569596788618997,-0.33372697202481266
207,1561363200,403,138,-265,541,25,-0.5963107544913475,-0.23339620922440038
207,1561377600,753,230,-523,983,25,-1.2816032919468827,-0.12280718888080384
207,1561392000,474,294,-180,768,25,-0.3705360812986324,-0.17660049063164832
207,1561406400,473,394,-79,867,25,-0.10226264609317096,-0.15183055168591061
207,1561420800,176,312,136,488,26,1.3081229632366844,-0.3914562320339766
207,1561435200,46,86,40,132,26,0.8585149342732276,-1.5604303844949354
207,1561449600,384,116,-268,500,26,-0.5839774919845296,-0.3520526089173151
207,1561464000,847,218,-629,1065,26,-2.274691017565862,1.5032013128254988
207,1561478400,476,239,-237,715,26,-0.43879156596508007,0.3539289719228707
207,1561492800,488,488,0,976,26,0.6711782555384539,1.2109577747102591
207,1561507200,198,346,148,544,26,1.3643239668571165,-0.20757265748955614
207,1561521600,44,91,47,135,26,0.891298853051813,-1.55057947871577
207,1561536000,425,132,-293,557,26,-0.7010629161937632,-0.1648853991131728
207,1561550400,864,257,-607,1121,26,-2.1716558442617364,1.6870848873699194
207,1561564800,553,211,-342,764,26,-0.9305503476438609,0.5148270996492387
207,1561579200,556,405,-151,961,26,-0.03601770668531667,1.161703245814432
207,1561593600,220,365,145,585,26,1.3502737159520084,-0.07294361184096256
207,1561608000,54,95,41,149,26,0.8631983512415969,-1.5046085850796649
207,1561622400,378,66,-312,444,26,-0.7900478385927807,-0.5359361834617355
207,1561636800,849,352,-497,1201,26,-1.656479977741109,1.9497757081476628
207,1561651200,502,284,-218,786,26,-0.34980664356606256,0.5870670753631181
207,1561665600,491,417,-74,908,26,0.3246053998791226,0.987670577049177
207,1561680000,186,321,135,507,26,1.303439546268315,-0.3290671620992625
207,1561694400,66,115,49,181,26,0.9006656869885517,-1.3995322567685675
207,1561708800,379,124,-255,503,26,-0.5230930713957282,-0.3422017031381497
207,1561723200,766,237,-529,1003,26,-1.8063493207289278,1.2996159267227476
207,1561737600,633,306,-327,939,26,-0.8602990931183208,1.0894632701005527
207,1561752000,558,438,-120,996,26,0.10916821933413293,1.276630479904695
207,1561766400,256,334,78,590,26,1.0364847790712626,-0.056525435542353585
207,1561780800,50,131,81,181,26,1.0505350299763707,-1.3995322567685675
207,1561795200,130,63,-67,193,26,0.357389318657708,-1.360128633651906
207,1561809600,420,161,-259,581,26,-0.5418267392692055,-0.08607815287984974
207,1561824000,502,260,-242,762,26,-0.46220865080692675,0.5082598291297951
207,1561838400,425,306,-119,731,26,0.11385163630250227,0.40646713607841944
207,1561852800,224,246,22,470,26,0.7742134288425795,-0.4505616667089689
207,1561867200,59,105,46,164,26,0.8866154360834436,-1.455354056183838
207,1561881600,107,51,-56,158,26,0.4089069053097708,-1.4750558677421688
207,1561896000,392,131,-261,523,26,-0.5511935732059443,-0.27652899794371383
207,1561910400,565,238,-327,803,26,-0.8602990931183208,0.6428888747783886
207,1561924800,315,278,-37,593,26,0.49789182770878826,-0.046674529763188206
207,1561939200,139,265,126,404,26,1.261288793552991,-0.6672815938506074
207,1561953600,50,109,59,159,26,0.9474998566722451,-1.471772232482447
207,1561968000,377,120,-257,497,26,-0.5324599053324669,-0.36190351469648047
207,1561982400,719,214,-505,933,26,-1.6939473134880636,1.069761458542222
207,1561996800,436,266,-170,702,26,-0.12500262908433415,0.3112417135464874
207,1562011200,456,443,-13,899,26,0.6102938349496525,0.958117859711681
207,1562025600,110,199,89,309,27,1.1926523738408548,-0.6864275224175665
207,1562040000,0,2,2,2,27,0.7067618872744055,-1.765661332203215
207,1562054400,397,119,-278,516,27,-0.8570235867325576,0.04126432978318015
207,1562068800,768,230,-538,998,27,-2.3091100983104518,1.7356965653424068
207,1562083200,446,306,-140,752,27,-0.0863007459719829,0.8709033496835484
207,1562097600,467,459,-8,926,27,0.6509124060598711,1.4825863558812775
207,1562112000,121,194,73,315,27,1.1032932038975996,-0.6653350049624724
207,1562126400,0,1,1,1,27,0.7011769391529521,-1.7691767517790642
207,1562140800,372,109,-263,481,27,-0.773249364910756,-0.08177535537153548
207,1562155200,817,225,-592,1042,27,-2.6106972968689375,1.8903750266797634
207,1562169600,489,292,-197,781,27,-0.40464278889482896,0.9728505173831699
207,1562184000,486,409,-77,895,27,0.2655509856795838,1.373608349029958
207,1562198400,179,312,133,491,27,1.438390091184806,-0.0466211596130453
207,1562212800,38,68,30,106,27,0.8631404346751017,-1.4000576963149172
207,1562227200,122,56,-66,178,27,0.32698541501557166,-1.146947486853788
207,1562241600,335,83,-252,418,27,-0.7118149355747682,-0.30324678865002364
207,1562256000,403,161,-242,564,27,-0.6559654543602337,0.210004469423933
207,1562270400,365,231,-134,596,27,-0.05279105724326225,0.32249789585110156
207,1562284800,199,223,24,422,27,0.8296307459463811,-0.2891851103466275
207,1562299200,59,135,76,194,27,1.12004804826196,-1.0907007736402037
207,1562313600,249,101,-148,350,27,-0.13098033094361042,-0.5422953198077568
207,1562328000,592,220,-372,812,27,-1.382008710149181,1.0818285242344894
207,1562342400,545,240,-305,785,27,-1.0078171860118006,0.986912195686566
207,1562356800,464,356,-108,820,27,0.09241759391452717,1.1099518808412816
207,1562371200,215,265,50,480,27,0.9748393971041706,-0.08529077494738449
207,1562385600,60,111,51,171,27,0.9804243452256239,-1.171555423884731
207,1562400000,143,53,-90,196,27,0.1929466601006891,-1.0836699344885057
207,1562414400,288,130,-158,418,27,-0.18682981215814481,-0.30324678865002364
207,1562428800,400,191,-209,591,27,-0.4716621663522702,0.3049207979718565
207,1562443200,346,277,-69,623,27,0.3102305706512113,0.4174142243990251
207,1562457600,176,244,68,420,27,1.0753684632903324,-0.2962159494983256
207,1562472000,55,90,35,145,27,0.891065175282369,-1.2629563328568054
207,1562486400,107,50,-57,157,27,0.3772499481086526,-1.2207712979466172
207,1562500800,344,131,-213,475,27,-0.49400195883808395,-0.10286787282662958
207,1562515200,430,189,-241,619,27,-0.6503805062387803,0.403352546095629
207,1562529600,302,232,-70,534,27,0.30464562252975785,0.10454188214846247
207,1562544000,138,220,82,358,27,1.1535577369906806,-0.5141719632009647
207,1562558400,39,78,39,117,27,0.9134049677681827,-1.361388080980578
207,1562572800,408,115,-293,523,27,-0.9407978085543592,0.06587226681412327
207,1562587200,799,212,-587,1011,27,-2.5827725562616703,1.7813970198284441
207,1562601600,454,219,-235,673,27,-0.6168708175100597,0.5931852031914759
207,1562616000,478,436,-42,914,27,0.4610241699304542,1.4404013209710893
207,1562630400,180,280,100,460,28,1.0864465640801306,-0.4604968041688312
207,1562644800,36,93,57,129,28,0.902175105146179,-1.495386324303828
207,1562659200,427,109,-318,536,28,-0.7048434320685145,-0.22287866661517639
207,1562673600,890,277,-613,1167,28,-1.9690313480107402,1.7499771859684579
207,1562688000,486,254,-232,740,28,-0.33630051420061147,0.4149384394498971
207,1562702400,504,537,33,1041,28,0.7993259187644387,1.35603132634003
207,1562716800,188,345,157,533,28,1.330713381736764,-0.23225832993966278
207,1562731200,46,83,37,129,28,0.8164674498280621,-1.495386324303828
207,1562745600,436,127,-309,563,28,-0.6662749871753618,-0.13846169669479902
207,1562760000,907,242,-665,1149,28,-2.1918712518378443,1.6936992060215394
207,1562774400,497,252,-245,749,28,-0.3920104901573875,0.4430774294233562
207,1562788800,491,494,3,985,28,0.6707644357872632,1.1809442776162844
207,1562803200,208,341,133,549,28,1.2278641953550236,-0.18223345887573544
207,1562817600,53,76,23,129,28,0.7564720911053802,-1.495386324303828
207,1562832000,424,117,-307,541,28,-0.6577042216435501,-0.2072458944076991
207,1562846400,850,244,-606,1094,28,-1.9390336686493992,1.5217387117392893
207,1562860800,505,232,-273,737,28,-0.5120012076027513,0.40555877612541075
207,1562875200,472,527,55,999,28,0.8936043396143674,1.2247160397972208
207,1562889600,170,283,113,453,28,1.1421565400369067,-0.48238268525929945
207,1562904000,45,71,26,116,28,0.7693282394030977,-1.536031532043269
207,1562918400,408,121,-287,529,28,-0.5719965663254332,-0.2447645477056446
207,1562932800,862,228,-634,1090,28,-2.059024386094763,1.5092324939733075
207,1562947200,503,292,-211,795,28,-0.2463074761165886,0.5868989337321473
207,1562961600,626,409,-217,1035,28,-0.2720197727120237,1.3372719996910574
207,1562976000,236,360,124,596,28,1.1892957504618709,-0.035285400125448896
207,1562990400,58,109,51,167,28,0.876462808550744,-1.3765772555270004
207,1563004800,138,79,-59,217,28,0.40507070430110054,-1.2202495334522276
207,1563019200,473,139,-334,612,28,-0.7734095563230081,0.014739470938478437
207,1563033600,444,236,-208,680,28,-0.23345132781887107,0.2273451729601696
207,1563048000,435,238,-197,673,28,-0.1863121173939067,0.20545929186970138
207,1563062400,187,243,56,430,28,0.8978897223802732,-0.554293437413695
207,1563076800,63,122,59,185,28,0.9107458706779907,-1.3202992755800822
207,1563091200,113,48,-65,161,28,0.3793584077056654,-1.3953365821759733
207,1563105600,384,152,-232,536,28,-0.33630051420061147,-0.22287866661517639
207,1563120000,413,191,-222,604,28,-0.2934466865415529,-0.010272964593485229
207,1563134400,327,264,-63,591,28,0.3879291732374771,-0.050918172332926184
207,1563148800,153,231,78,384,28,0.9921681432302019,-0.698114941722486
207,1563163200,41,56,15,97,28,0.7221890289781334,-1.5954360664316827
207,1563177600,453,106,-347,559,28,-0.8291195322797842,-0.15096791446078084
207,1563192000,892,220,-672,1112,28,-2.221868931199185,1.5780166916862075
207,1563206400,464,242,-222,706,28,-0.2934466865415529,0.30863558843905153
207,1563220800,489,459,-30,948,28,0.5293468045123702,1.0652617632809525
207,1563235200,182,294,112,476,29,1.1509528760245256,-0.3751946239420023
207,1563249600,35,71,36,106,29,0.8254308504822355,-1.5903935518408598
207,1563264000,423,96,-327,519,29,-0.7293651399368604,-0.23396880259159453
207,1563278400,862,210,-652,1072,29,-2.121400117584811,1.5822609464031845
207,1563292800,476,231,-245,707,29,-0.37814400711491586,0.38348362563809524
207,1563307200,530,476,-54,1006,29,0.4399442412874184,1.3654957322374424
207,1563321600,217,348,131,565,29,1.2323333824100982,-0.08289001696092575
207,1563336000,41,68,27,109,29,0.7868821895627538,-1.580540587560599
207,1563350400,438,114,-324,552,29,-0.7165155862970332,-0.12558619550872344
207,1563364800,936,193,-743,1129,29,-2.5111699113262373,1.7694672677281436
207,1563379200,487,265,-222,752,29,-0.27963076254290703,0.5312780898420103
207,1563393600,528,513,-15,1041,29,0.6069884386051725,1.4804469821738206
207,1563408000,170,314,144,484,29,1.2880147815160161,-0.3489200525279729
207,1563422400,44,79,35,123,29,0.8211476659356265,-1.5345600875860474
207,1563436800,416,131,-285,547,29,-0.549471388979279,-0.1420078026424918
207,1563451200,856,280,-576,1136,29,-1.7958780920425212,1.7924575177154192
207,1563465600,476,212,-264,688,29,-0.4595245135004884,0.3210815185297755
207,1563480000,506,469,-37,975,29,0.5127583785797727,1.2636817680080785
207,1563494400,172,319,147,491,29,1.3008643351558433,-0.32592980254069726
207,1563508800,59,94,35,153,29,0.8211476659356265,-1.4360304447834373
207,1563523200,398,132,-266,530,29,-0.4680908825937065,-0.19784126689730416
207,1563537600,852,248,-604,1100,29,-1.9158072593475755,1.6742219463522872
207,1563552000,570,264,-306,834,29,-0.6394182644580697,0.8005924468358112
207,1563566400,354,381,27,735,29,0.7868821895627538,0.47544462558719797
207,1563580800,225,296,71,521,29,0.9753423096135533,-0.2274001597380872
207,1563595200,49,108,59,157,29,0.9239440950542444,-1.4228931590764227
207,1563609600,177,64,-113,241,29,0.18723635303748265,-1.1470101592291144
207,1563624000,485,129,-356,614,29,-0.8535774917885237,0.07804173295000402
207,1563638400,501,166,-335,667,29,-0.7636306163097331,0.2521107685679485
207,1563652800,386,290,-96,676,29,0.260050490329837,0.2816696614087315
207,1563667200,224,275,51,499,29,0.8896786186813718,-0.2996552311266679
207,1563681600,53,126,73,179,29,0.9839086787067715,-1.3506380876878419
207,1563696000,112,57,-55,169,29,0.4356610567408093,-1.3834813019553787
207,1563710400,424,109,-315,533,29,-0.6779669253775514,-0.18798830261704316
207,1563724800,438,207,-231,645,29,-0.31817942346238876,0.17985569717936775
207,1563739200,297,253,-44,550,29,0.48277608675350914,-0.1321548383622308
207,1563753600,159,211,52,370,29,0.8939618032279808,-0.7233326951778912
207,1563768000,37,72,35,109,29,0.8211476659356265,-1.580540587560599
207,1563782400,434,106,-328,540,29,-0.7336483244834695,-0.16499805262976747
207,1563796800,807,227,-580,1034,29,-1.8130108302289576,1.457456732186545
207,1563811200,410,198,-212,608,29,-0.23679891707681622,0.058335804389482014
207,1563825600,440,408,-32,848,29,0.5341743013128181,0.8465729468103625
207,1563840000,107,182,75,289,30,1.177862125907362,-0.8385559106428998
207,1563854400,0,1,1,1,30,0.813929778027843,-1.6847369647128518
207,1563868800,401,83,-318,484,30,-0.7549137216149481,-0.2656208219497031
207,1563883200,828,270,-558,1098,30,-1.9352348498728473,1.5383901752688751
207,1563897600,472,213,-259,685,30,-0.46475144425154785,0.3249430387032842
207,1563912000,472,419,-53,891,30,0.5483575241698158,0.9301975426560971
207,1563926400,104,180,76,284,30,1.1827801306084367,-0.8532465539427253
207,1563940800,0,2,2,2,30,0.8188477827289177,-1.6817988360528866
207,1563955200,409,116,-293,525,30,-0.6319636040880836,-0.14515754689113353
207,1563969600,864,218,-646,1082,30,-2.3680192635674104,1.4913801167094334
207,1563984000,460,244,-216,704,30,-0.2532772421053409,0.3807674832426214
207,1563998400,583,479,-104,1062,30,0.2975392844150121,1.4326175435101312
207,1564012800,129,216,87,345,30,1.236878182320257,-0.6740207056848535
207,1564027200,2,0,-2,2,30,0.7991757639246193,-1.6817988360528866
207,1564041600,398,102,-296,500,30,-0.6467176181913074,-0.2186107633902613
207,1564056000,824,264,-560,1088,30,-1.9450708592749966,1.5090088886692241
207,1564070400,471,284,-187,755,30,-0.11065510577417806,0.530612044900842
207,1564084800,545,452,-93,997,30,0.3516373361268325,1.241639180612399
207,1564099200,122,200,78,322,30,1.1926161400105857,-0.7415976648640511
207,1564113600,1,3,2,4,30,0.8188477827289177,-1.6759225787329564
207,1564128000,359,115,-244,474,30,-0.3909813737354291,-0.2950021085493542
207,1564142400,810,217,-593,1027,30,-2.107365014410458,1.3297830404113522
207,1564156800,532,291,-241,823,30,-0.3762273596322054,0.7304047937784696
207,1564171200,545,412,-133,957,30,0.1549171480838493,1.1241140342137945
207,1564185600,210,299,89,509,30,1.246714191722406,-0.19216760545057532
207,1564200000,55,117,62,172,30,1.1139280647933925,-1.1823169638588178
207,1564214400,172,74,-98,246,30,0.3270473126214596,-0.9648954430213995
207,1564228800,543,194,-349,737,30,-0.9073718673482601,0.47772572902147004
207,1564243200,539,272,-267,811,30,-0.5040954818601445,0.6951472498588882
207,1564257600,469,281,-188,750,30,-0.11557311047525264,0.5159214016010165
207,1564272000,252,277,25,529,30,0.931961890853633,-0.1334050322512731
207,1564286400,55,75,20,130,30,0.9073718673482601,-1.3057183675773525
207,1564300800,152,47,-105,199,30,0.29262127971393753,-1.1029874900397598
207,1564315200,437,110,-327,547,30,-0.7991757639246193,-0.08051871637190108
207,1564329600,565,233,-332,798,30,-0.8237657874299922,0.6569515772793418
207,1564344000,396,277,-119,673,30,0.2237692138988934,0.2896854947837029
207,1564358400,165,249,84,414,30,1.2221241682170332,-0.47128982814726084
207,1564372800,35,52,17,87,30,0.8926178532450364,-1.4320578999558522
207,1564387200,400,107,-293,507,30,-0.6319636040880836,-0.19804386277050554
207,1564401600,783,278,-505,1061,30,-1.6745806007158945,1.429679414850166
207,1564416000,373,197,-176,570,30,-0.05655705406235768,-0.012941757192703528
207,1564430400,478,506,28,984,30,0.9467159049568568,1.2034435080328525
207,1564444800,120,210,90,330,31,1.1795958834613969,-0.7159034200894524
207,1564459200,2,5,3,7,31,0.7732279236086668,-1.5894565937921807
207,1564473600,390,99,-291,489,31,-0.600015526928145,-0.28588808071256744
207,1564488000,841,265,-576,1106,31,-1.9312209126526056,1.3827877959889292
207,1564502400,443,274,-169,717,31,-0.03016620391627071,0.33073768895994676
207,1564516800,482,450,-32,932,31,0.6097465604495226,0.9122049717651685
207,1564531200,127,223,96,350,31,1.2076212600029643,-0.6618134402936178
207,1564545600,2,4,2,6,31,0.7685570275184056,-1.5921610927819725
207,1564560000,398,103,-295,501,31,-0.6186991112891901,-0.2534340928350667
207,1564574400,826,283,-543,1109,31,-1.777081341673984,1.3909012929583044
207,1564588800,381,261,-120,642,31,0.19870770450653125,0.1279002647255671
207,1564603200,478,444,-34,922,31,0.600404768269,0.8851599818672512
207,1564617600,109,184,75,293,31,1.109532442107478,-0.8159698827117463
207,1564632000,0,2,2,2,31,0.7685570275184056,-1.6029790887411395
207,1564646400,385,105,-280,490,31,-0.5486356699352711,-0.28318358172277575
207,1564660800,877,274,-603,1151,31,-2.0573351070896595,1.5044902505295572
207,1564675200,504,241,-263,745,31,-0.46923043640082956,0.40646366067411516
207,1564689600,521,501,-20,1022,31,0.6657973135326577,1.1556098808464241
207,1564704000,98,229,131,327,31,1.3711026231621086,-0.7240169170588275
207,1564718400,0,5,5,5,31,0.7825697157891893,-1.5948655917717642
207,1564732800,368,107,-261,475,31,-0.45988864422030706,-0.32375106656965164
207,1564747200,692,241,-451,933,31,-1.3473589013699474,0.9149094707549602
207,1564761600,470,292,-178,762,31,-0.0722042687286221,0.45244014350057454
207,1564776000,573,384,-189,957,31,-0.123584125721496,0.9798174465099617
207,1565395200,8921,6895,-2026,15816,32,-3.9224839384168395,4.105382114777378
207,1565409600,9,12,3,21,32,0.37114586523548515,-0.2874971114728199
207,1565424000,6,8,2,14,32,0.36902973423319224,-0.28944393987318406
207,1565438400,1,3,2,4,32,0.36902973423319224,-0.2922251233022757
207,1565452800,2,3,1,5,32,0.36691360323089933,-0.2919470049593665
207,1565467200,0,0,0,0,32,0.3647974722286064,-0.2933375966739123
207,1565481600,0,1,1,1,32,0.36691360323089933,-0.29305947833100315
207,1565496000,0,0,0,0,32,0.3647974722286064,-0.2933375966739123
207,1565510400,0,0,0,0,32,0.3647974722286064,-0.2933375966739123
207,1565524800,0,0,0,0,32,0.3647974722286064,-0.2933375966739123
207,1565539200,1,0,-1,1,32,0.3626813412263135,-0.29305947833100315
207,1565553600,0,0,0,0,32,0.3647974722286064,-0.2933375966739123
207,1565568000,0,1,1,1,32,0.36691360323089933,-0.29305947833100315
207,1565582400,0,0,0,0,32,0.3647974722286064,-0.2933375966739123
207,1565596800,382,128,-254,510,32,-0.17269980235379404,-0.15149724179024018
207,1565611200,791,215,-576,1006,32,-0.8540939850921127,-0.01355054370729633
207,1565625600,461,231,-230,692,32,-0.12191265829876406,-0.10087970338077289
207,1565640000,470,444,-26,914,32,0.3097780661689906,-0.039137431254939146
207,1565654400,99,194,95,293,33,1.0748845513273177,-0.2990122044370166
207,1565668800,1,2,1,3,33,0.6076257747758699,-1.046542715529558
207,1565683200,395,99,-296,494,33,-0.8687131256047691,0.21910377049264146
207,1565697600,816,252,-564,1068,33,-2.200897722581238,1.6986986441723615
207,1565712000,422,215,-207,637,33,-0.42630853929541934,0.5877136432037912
207,1565726400,455,468,13,923,33,0.6672758313569057,1.3249333886260908
207,1565740800,104,163,59,267,33,0.8959343815842101,-0.3660321812935893
207,1565755200,2,7,5,9,33,0.6275091269695484,-1.031076567024195
207,1565769600,393,122,-271,515,33,-0.7444421743942776,0.2732352902614117
207,1565784000,850,168,-682,1018,33,-2.787456612294758,1.569814073294337
207,1565798400,465,209,-256,674,33,-0.6698796036679827,0.6830882256535292
207,1565812800,490,455,-35,945,33,0.4286756050327621,1.3816425998124213
207,1565827200,110,181,71,291,33,0.955584438165246,-0.30416758727213755
207,1565841600,2,5,3,7,33,0.6175674508727091,-1.036231949859316
207,1565856000,364,139,-225,503,33,-0.5157836241669732,0.24230299325068586
207,1565870400,816,227,-589,1043,33,-2.325168673791729,1.6342563587333492
207,1565884800,480,235,-245,715,33,-0.6152003851353665,0.7887735737735092
207,1565899200,511,431,-80,942,33,0.2049878928538774,1.37390952555974
207,1565913600,116,190,74,306,33,0.970496952310505,-0.26550221600873025
207,1565928000,0,8,8,8,33,0.6424216411148075,-1.0336542584417556
207,1565942400,354,108,-246,462,33,-0.620171223183786,0.13661764513070584
207,1565956800,700,191,-509,891,33,-1.9275016299181567,1.242447263264155
207,1565971200,524,225,-299,749,33,-0.8836256397500281,0.8764150819705658
207,1565985600,532,419,-113,951,33,0.040950237256028636,1.3971087483177844
207,1566000000,190,277,87,467,33,1.0351178469399605,0.1495061022185083
207,1566014400,7,16,9,23,33,0.6473924791632271,-0.9949888871783482
207,1566028800,4,8,4,12,33,0.6225382889211288,-1.0233434927715137
207,1566043200,6,9,3,15,33,0.6175674508727091,-1.0156104185188322
207,1566057600,1,3,2,4,33,0.6125966128242895,-1.0439650241119975
207,1566072000,0,0,0,0,33,0.6026549367274502,-1.0542757897822395
207,1566086400,0,0,0,0,33,0.6026549367274502,-1.0542757897822395
207,1566100800,0,2,2,2,33,0.6125966128242895,-1.0491204069471185
207,1566115200,0,1,1,1,33,0.6076257747758699,-1.0516980983646789
207,1566129600,1,2,1,3,33,0.6076257747758699,-1.046542715529558
207,1566144000,1,0,-1,1,33,0.5976840986790305,-1.0516980983646789
207,1566158400,0,0,0,0,33,0.6026549367274502,-1.0542757897822395
207,1566172800,0,1,1,1,33,0.6076257747758699,-1.0516980983646789
207,1566187200,0,0,0,0,33,0.6026549367274502,-1.0542757897822395
207,1566201600,362,113,-249,475,33,-0.6350837373290451,0.1701276335589922
207,1566216000,741,228,-513,969,33,-1.9473849821118352,1.443507193833873
207,1566230400,406,260,-146,666,33,-0.12308741834182013,0.6624666943130454
207,1566244800,415,410,-5,825,33,0.5778007464853518,1.072319629705163
207,1566259200,88,157,69,245,34,0.8774481112353869,-0.2865689951126834
207,1566273600,0,0,0,0,34,0.5196851979753103,-0.9617946778466357
207,1566288000,355,100,-255,455,34,-0.8024820901597547,0.2921958758021329
207,1566302400,756,169,-587,925,34,-2.5238920496140356,1.5875267773733883
207,1566316800,404,237,-167,641,34,-0.34620475150922253,0.8048161900409702
207,1566331200,457,518,61,975,34,0.8359683531762476,1.7253279371150112
207,1566345600,102,184,82,286,34,0.9448527180814882,-0.1735720441245526
207,1566360000,1,3,2,4,34,0.5300551374900951,-0.9507705850673059
207,1566374400,352,124,-228,476,34,-0.6624879067101597,0.35007236289361454
207,1566388800,782,219,-563,1001,34,-2.3994527754366177,1.7969845401806552
207,1566403200,429,251,-178,680,34,-0.40323941884053904,0.9123010946394361
207,1566417600,467,459,-8,926,34,0.47820543991617104,1.5902828005682208
207,1566432000,102,172,70,274,34,0.8826330809927793,-0.2066443224625421
207,1566446400,0,1,1,1,34,0.5248701677327028,-0.9590386546518033
207,1566460800,355,134,-221,489,34,-0.6261931184084127,0.3859006644264365
207,1566475200,772,163,-609,935,34,-2.6379613842766685,1.615087009321713
207,1566489600,417,262,-155,679,34,-0.28398511442051355,0.9095450714446036
207,1566498871,248,281,33,529,34,0.69078919996926,0.49614159221973486
207,1566498951,6,2,-4,8,34,0.4989453189457407,-0.9397464922879761
207,1566499034,4,6,2,10,34,0.5300551374900951,-0.9342344458983112
207,1566499114,2,6,4,8,34,0.54042507700488,-0.9397464922879761
207,1566499195,0,5,5,5,34,0.5456100467622724,-0.9480145618724735
207,1566499275,4,0,-4,4,34,0.4989453189457407,-0.9507705850673059
207,1566504000,470,130,-340,600,34,-1.2432045195381098,0.6918192390528394
207,1566518400,97,210,113,307,34,1.105586780560653,-0.11569555703307097
207,1566532800,0,2,2,2,34,0.5300551374900951,-0.9562826314569709
207,1566547200,335,101,-234,436,34,-0.693597725254514,0.23983143510031618
207,1566561600,709,163,-546,872,34,-2.3113082895609467,1.441457548047268
207,1566576000,494,277,-217,771,34,-0.6054532393788431,1.1630992053691898
207,1566590400,513,381,-132,894,34,-0.1647308100004881,1.5020900583335821
207,1566604800,157,296,139,453,34,1.2403959942528557,0.286683829412468
207,1566619200,3,14,11,17,34,0.5767198653066269,-0.9149422835344839
207,1566633600,0,0,0,0,34,0.5196851979753103,-0.9617946778466357
207,1566648000,2,2,0,4,34,0.5196851979753103,-0.9507705850673059
207,1566662400,0,1,1,1,34,0.5248701677327028,-0.9590386546518033
207,1566676800,0,1,1,1,34,0.5248701677327028,-0.9590386546518033
207,1566691200,2,1,-1,3,34,0.514500228217918,-0.9535266082621384
207,1566705600,0,0,0,0,34,0.5196851979753103,-0.9617946778466357
207,1566720000,0,0,0,0,34,0.5196851979753103,-0.9617946778466357
207,1566734400,1,1,0,2,34,0.5196851979753103,-0.9562826314569709
207,1566748800,0,0,0,0,34,0.5196851979753103,-0.9617946778466357
207,1566763200,17,7,-10,24,34,0.4678355004013862,-0.8956501211706568
207,1566777600,0,1,1,1,34,0.5248701677327028,-0.9590386546518033
207,1566792000,5,5,0,10,34,0.5196851979753103,-0.9342344458983112
207,1566806400,309,89,-220,398,34,-0.6210081486510204,0.13510255369668275
207,1566820800,732,184,-548,916,34,-2.3216782290757316,1.5627225686198962
207,1566835200,432,211,-221,643,34,-0.6261931184084127,0.8103282364306351
207,1566849600,400,440,40,840,34,0.727083988271007,1.3532648058126295
207,1566864000,157,263,106,420,35,1.294995959172316,-0.26856066039888005
207,1566878400,41,66,25,107,35,0.8711790998068307,-1.3687471489011165
207,1566892800,406,118,-288,524,35,-0.7665329616918961,0.09699651149962657
207,1566907200,819,248,-571,1067,35,-2.2472758160182207,2.0056267455466372
207,1566921600,438,187,-251,625,35,-0.572937606179267,0.452008764977984
207,1566936000,560,387,-173,947,35,-0.16481766753102203,1.583830008740668
207,1566950400,177,266,89,443,35,1.2060467417746215,-0.18771628584440264
207,1566964800,28,61,33,89,35,0.9130375550528045,-1.4320166594220118
207,1566979200,402,113,-289,515,35,-0.7717652685976428,0.06536175623917888
207,1566993600,816,194,-622,1010,35,-2.514123468211304,1.8052732955638018
207,1567008000,430,206,-224,636,35,-0.43166531972410527,0.4906734658518645
207,1567022400,485,439,-46,924,35,0.4996853094988128,1.5029856341861905
207,1567036800,158,279,121,437,35,1.373480562758517,-0.20880612268470108
207,1567051200,35,62,27,97,35,0.8816437136183242,-1.4038968769682805
207,1567065600,409,120,-289,529,35,-0.7717652685976428,0.11457137553320862
207,1567080000,811,202,-609,1013,35,-2.4461034784365965,1.815818213983951
207,1567094400,483,228,-255,711,35,-0.5938668338022539,0.7542964263555952
207,1567108800,451,408,-43,859,35,0.515382230216053,1.2745124017496239
207,1567123200,184,256,72,440,35,1.117097524376927,-0.19826120426455188
207,1567137600,49,55,6,104,35,0.7717652685976428,-1.3792920673212656
207,1567152000,393,110,-283,503,35,-0.7403714271631624,0.02318208255858196
207,1567166400,769,207,-562,976,35,-2.2001850538665004,1.685764220135444
207,1567180800,518,275,-243,793,35,-0.5310791509332932,1.0425241965063408
207,1567195200,498,347,-151,845,35,-0.04970691560459394,1.2253027824555942
207,1567209600,210,251,41,461,35,0.9548960102987784,-0.12444677532350726
207,1567224000,61,76,15,137,35,0.8188560307493634,-1.263297964699624
207,1567238400,112,51,-61,163,35,0.42120070591261183,-1.1719086717249974
207,1567252800,346,103,-243,449,35,-0.5310791509332932,-0.16662644900410417
207,1567267200,392,199,-193,591,35,-0.2694638056459566,0.33249968954962605
207,1567281600,336,207,-129,543,35,0.06540383632183414,0.16378099482723835
207,1567296000,168,190,22,358,35,0.8554821790895905,-0.4864889744152975
207,1567310400,51,91,40,142,35,0.9496637033930316,-1.245723100666042
207,1567324800,88,48,-40,136,35,0.5310791509332932,-1.2668129375063404
207,1567339200,299,78,-221,377,35,-0.4159683990068651,-0.4197044910876857
207,1567353600,365,150,-215,515,35,-0.38457455757238473,0.06536175623917888
207,1567368000,281,166,-115,447,35,0.13865613300228838,-0.17365639461753699
207,1567382400,133,173,40,306,35,0.9496637033930316,-0.6692675603645508
207,1567396800,34,82,48,116,35,0.9915221586390055,-1.3371123936406686
207,1567411200,110,45,-65,155,35,0.4002714782896249,-1.2000284541787287
207,1567425600,307,113,-194,420,35,-0.27469611255170334,-0.26856066039888005
207,1567440000,326,171,-155,497,35,-0.07063614322758087,0.002092245718283501
207,1567454400,260,162,-98,422,35,0.22760535039998278,-0.26153071478544726
207,1567468800,127,184,57,311,36,1.0244385154418303,-0.7876802843433328
207,1567483200,35,48,13,83,36,0.870897365682179,-1.3380105340786133
207,1567497600,427,140,-287,567,36,-0.1759741099518083,-0.1697656179738951
207,1567512000,809,209,-600,1018,36,-1.268210016196602,0.9188262356691378
207,1567526400,474,245,-229,719,36,0.026421042004095913,0.19712121518295855
207,1567540800,507,473,-34,980,36,0.7068875011661877,0.8271045273799243
207,1567555200,124,178,54,302,36,1.0139698006854905,-0.8094038468328834
207,1567569600,4,4,0,8,36,0.8255329350713729,-1.5190402214915346
207,1567584000,584,113,-471,697,36,-0.8180552816739872,0.14401917354183502
207,1567598400,1152,188,-964,1340,36,-2.538414073299173,1.6960470269619463
207,1567612800,624,194,-430,818,36,-0.6749828466706755,0.43608040256801456
207,1567627200,732,448,-284,1180,36,-0.16550539519546842,1.3098503604810476
207,1567641600,140,192,52,332,36,1.0069906575145973,-0.7369919718677149
207,1567656000,1,2,1,3,36,0.8290225066568195,-1.5311088673190627
207,1567670400,646,136,-510,782,36,-0.9541485735064056,0.3491861526098124
207,1567684800,1192,220,-972,1412,36,-2.566330645982746,1.8698355268783506
207,1567699200,740,241,-499,981,36,-0.9157632860664927,0.82951825654543
207,1567713600,803,521,-282,1324,36,-0.15852625202457518,1.6574273603138563
207,1567728000,118,196,78,314,36,1.0977195187362094,-0.780439096846816
207,1567742400,1,0,-1,1,36,0.8220433634859262,-1.5359363256500738
207,1567756800,665,136,-529,801,36,-1.0204504336298914,0.3950470067544191
207,1567771200,1180,269,-911,1449,36,-2.353466779270502,1.9591435060020583
207,1567785600,710,308,-402,1018,36,-0.57727484227817,0.9188262356691378
207,1567800000,745,514,-231,1259,36,0.019441898833202662,1.5005349645559913
207,1567814400,285,310,25,595,36,0.9127722247075384,-0.10218120133973785
207,1567828800,39,92,53,131,36,1.0104802291000439,-1.2221515341343439
207,1567843200,171,64,-107,235,36,0.45214877542858406,-0.9711237009217597
207,1567857600,553,138,-415,691,36,-0.6226392728889762,0.12953679854880132
207,1567872000,519,187,-332,706,36,-0.3330048312969064,0.16574273603138556
207,1567886400,368,261,-107,629,36,0.45214877542858406,-0.020114409712546893
207,1567900800,196,229,33,425,36,0.9406887973911114,-0.5125151594756926
207,1567915200,49,100,51,149,36,1.0035010859291507,-1.1787044091552428
207,1567929600,92,49,-43,141,36,0.675481356897168,-1.1980142424792877
207,1567944000,367,126,-241,493,36,-0.01545381702126358,-0.3483815762213107
207,1567958400,429,175,-254,604,36,-0.060818247632069694,-0.0804576388501873
207,1567972800,249,216,-33,465,36,0.7103770727516343,-0.4159659928554679
207,1567987200,124,207,83,331,36,1.1151673766634427,-0.7394057010332206
207,1568001600,26,41,15,67,36,0.8778765088530722,-1.3766302007267033
207,1568016000,489,137,-352,626,36,-0.4027962630058389,-0.02735559720906374
207,1568030400,846,232,-614,1078,36,-1.3170640183928546,1.0636499855994748
207,1568044800,480,228,-252,708,36,-0.05383910446117645,0.1705701943623968
207,1568059200,530,465,-65,995,36,0.5987107820173423,0.8633104648625086
207,1568073600,173,305,132,478,37,1.3217277015055053,-0.4182078077617769
207,1568088000,35,68,33,103,37,0.9007269520907748,-1.5705473760346926
207,1568102400,530,128,-402,658,37,-0.9491248256406165,0.13491518500922273
207,1568116800,849,222,-627,1071,37,-1.9059447106740948,1.4040251628671274
207,1568131200,498,258,-240,756,37,-0.2602145084165121,0.4360599255178781
207,1568145600,535,442,-93,977,37,0.364907816472027,1.11517204442005
207,1568160000,186,344,158,530,37,1.4322935548871516,-0.2584167209612659
207,1568174400,42,74,32,116,37,0.8964744192684038,-1.5305996043345649
207,1568188800,503,137,-366,640,37,-0.79603364403526,0.07960288573212276
207,1568203200,856,231,-625,1087,37,-1.8974396450293527,1.4531916511134384
207,1568217600,514,238,-276,752,37,-0.4133056900218687,0.4237683034563003
207,1568232000,534,474,-60,1008,37,0.5052413996102705,1.2104321153972775
207,1568246400,165,299,134,464,37,1.3302327671502472,-0.46122848497729907
207,1568260800,29,48,19,77,37,0.8411914925775806,-1.6504429194349481
207,1568275200,490,138,-352,628,37,-0.7364981845220657,0.04272801954738945
207,1568289600,893,220,-673,1113,37,-2.1015612205031613,1.533087194513694
207,1568304000,455,203,-252,658,37,-0.3112449022849643,0.13491518500922273
207,1568318400,586,425,-161,1011,37,0.07573558455079801,1.219650831943461
207,1568332800,162,338,176,500,37,1.5088391456898298,-0.35060388642309914
207,1568347200,35,72,37,107,37,0.9177370833802588,-1.558255753973115
207,1568361600,517,148,-369,665,37,-0.808791242502373,0.1564255236169838
207,1568376000,836,271,-565,1107,37,-1.6422876756870919,1.5146497614213272
207,1568390400,556,266,-290,822,37,-0.47284114953506284,0.6388716895339113
207,1568404800,544,409,-135,953,37,0.18630143793244439,1.0414223120505832
207,1568419200,210,319,109,529,37,1.223919446590972,-0.26148962647666035
207,1568433600,49,107,58,156,37,1.0070402726500502,-1.4076833837187872
207,1568448000,139,67,-72,206,37,0.45421100574181833,-1.2540381079490652
207,1568462400,449,129,-320,578,37,-0.6004171342061932,-0.11091725622233266
207,1568476800,489,203,-286,692,37,-0.4558310182455788,0.23939397253263375
207,1568491200,362,262,-100,624,37,0.3351400867154299,0.030436397485811686
207,1568505600,169,247,78,416,37,1.0920909290974705,-0.6087279497162323
207,1568520000,50,112,62,162,37,1.0240504039395342,-1.3892459506264205
207,1568534400,95,42,-53,137,37,0.5350091293668676,-1.4660685885112816
207,1568548800,454,138,-316,592,37,-0.5834070029167092,-0.06789657900681047
207,1568563200,563,226,-337,789,37,-0.6727101921865005,0.5374658075258947
207,1568577600,390,198,-192,588,37,-0.05609293294270344,-0.08018820106838824
207,1568592000,152,187,35,339,37,0.9092320177355169,-0.8453416744016043
207,1568606400,41,43,2,84,37,0.7688984345972734,-1.628932580827187
207,1568620800,499,130,-369,629,37,-0.808791242502373,0.045800925062783895
207,1568635200,900,273,-627,1173,37,-1.9059447106740948,1.7174615254373604
207,1568649600,563,241,-322,804,37,-0.6089221998509353,0.5835593902568113
207,1568664000,554,459,-95,1013,37,0.35640275082728495,1.2257966429742497
207,1568678400,163,319,156,482,38,1.4223847023613716,-0.45064177033442976
207,1568692800,47,51,4,98,38,0.8132410825938129,-1.5797314816834558
207,1568707200,510,142,-368,652,38,-0.6775577763110016,0.04921565396071197
207,1568721600,883,255,-628,1138,38,-1.7195139680186673,1.478219819886823
207,1568736000,555,250,-305,805,38,-0.42508377601260555,0.4990873358263395
207,1568750400,533,495,-38,1028,38,0.6449250823948822,1.1547826629899667
207,1568764800,178,356,178,534,38,1.5105502262750972,-0.29774420525591583
207,1568779200,28,75,47,103,38,0.9855646066070037,-1.5650297927335988
207,1568793600,498,140,-358,638,38,-0.637482538168399,0.008050924901112068
207,1568808000,830,243,-587,1073,38,-1.555205491633997,1.2870978635386807
207,1568822400,498,234,-264,732,38,-0.2607752996279351,0.28444267715842575
207,1568836800,540,445,-95,985,38,0.41649622498204775,1.0283481380211954
207,1568851200,213,328,115,541,38,1.258076225976701,-0.2771618407261159
207,1568865600,31,86,55,117,38,1.0176247971210859,-1.5238650636739988
207,1568880000,505,125,-380,630,38,-0.7256480620821245,-0.015471777418659308
207,1568894400,918,259,-659,1177,38,-1.8437472062607352,1.5928929936957086
207,1568908800,551,194,-357,745,38,-0.6334750143541387,0.3226670684280542
207,1568923200,554,399,-155,953,38,0.17604479612643253,0.93425732874211
207,1568937600,169,359,190,528,38,1.5586405120462201,-0.31538623199574434
207,1568952000,41,93,52,134,38,1.005602225678305,-1.4738793212444845
207,1568966400,486,144,-342,630,38,-0.5733621571402349,-0.015471777418659308
207,1568980800,896,181,-715,1077,38,-2.0681685398593093,1.2988592146985662
207,1568995200,571,248,-323,819,38,-0.4972192046692901,0.5402520648859395
207,1569009600,744,418,-326,1162,38,-0.5092417761120709,1.548787926846137
207,1569024000,270,294,24,564,38,0.8933915588790179,-0.20953407155677314
207,1569038400,55,117,62,172,38,1.0456774638209076,-1.3621464852255705
207,1569052800,148,58,-90,206,38,0.436533844053349,-1.2621750003665422
207,1569067200,449,149,-300,598,38,-0.40504615694130425,-0.10956258669774481
207,1569081600,566,196,-370,762,38,-0.685572823939522,0.3726528108575684
207,1569096000,428,245,-183,673,38,0.06383412932714543,0.11096274755011183
207,1569110400,215,271,56,486,38,1.021632320935346,-0.43888041917454407
207,1569124800,74,123,49,197,38,0.9935796542355243,-1.288638040476285
207,1569139200,114,61,-53,175,38,0.5848122251809784,-1.3533254718556562
207,1569153600,367,118,-249,485,38,-0.20066244241403133,-0.4418207569645155
207,1569168000,409,191,-218,600,38,-0.07642920417196346,-0.10368191111780196
207,1569182400,300,242,-58,542,38,0.5647746061096771,-0.27422150293614445
207,1569196800,175,225,50,400,38,0.9975871780497845,-0.6917494691120863
207,1569211200,47,55,8,102,38,0.8292711778508539,-1.56797013052357
207,1569225600,521,125,-396,646,38,-0.7897684431102886,0.03157362722088344
207,1569240000,831,220,-611,1051,38,-1.6513860631762431,1.2224104321593092
207,1569254400,607,218,-389,825,38,-0.7617157764104668,0.557894091625768
207,1569268800,1000,416,-584,1416,38,-1.5431829201912162,2.2956337254988783
207,1569283200,266,307,41,573,39,0.8811323659434456,-0.12254600143863924
207,1569297600,40,73,33,113,39,0.8469767966129198,-1.5368761972537575
207,1569312000,523,104,-419,627,39,-1.0828128705617885,0.04348406502661378
207,1569326400,931,230,-701,1161,39,-2.286796689462823,1.685336944516338
207,1569340800,496,259,-237,755,39,-0.30577366829232633,0.4370368151664728
207,1569355200,543,445,-98,988,39,0.2876793488255597,1.153425805655435
207,1569369600,182,335,153,517,39,1.359310336570807,-0.29472532962482756
207,1569384000,32,47,15,79,39,0.7701267656192368,-1.6414136465096576
207,1569398400,519,132,-387,651,39,-0.9461905932396852,0.11727520567783735
207,1569412800,924,234,-690,1158,39,-2.2398327816333503,1.6761130519349352
207,1569427200,531,273,-258,804,39,-0.39543203778495656,0.5876937273293875
207,1569441600,540,512,-28,1052,39,0.5865405804676604,1.3502021807253644
207,1569456000,196,341,145,537,39,1.3251547672402813,-0.23323271241547458
207,1569470400,46,69,23,115,39,0.8042823349497625,-1.5307269355328221
207,1569484800,507,123,-384,630,39,-0.9333822547407381,0.052707957608016734
207,1569499200,898,244,-654,1142,39,-2.0861327196459842,1.6269189581674528
207,1569513600,570,282,-288,852,39,-0.5235154227744283,0.7352760086318347
207,1569528000,551,513,-38,1064,39,0.5438461188045033,1.387097751050976
207,1569542400,184,343,159,527,39,1.3849270135687015,-0.2639790210201511
207,1569556800,40,82,42,122,39,0.8854018121097613,-1.5092045195095487
207,1569571200,478,163,-315,641,39,-0.638790469264953,0.08652889707316086
207,1569585600,838,254,-584,1092,39,-1.7872714880038831,1.4731874151440703
207,1569600000,575,237,-338,812,39,-0.7369877310902146,0.6122907742131287
207,1569614400,573,477,-96,1050,39,0.2962182411581911,1.344052919004429
207,1569628800,217,352,135,569,39,1.282460305577124,-0.13484452488050983
207,1569643200,49,96,47,145,39,0.90674904294134,-1.4384880097187929
207,1569657600,161,55,-106,216,39,0.25352377949503385,-1.2201892186255898
207,1569672000,453,160,-293,613,39,-0.5448626536060069,0.00043923298006670706
207,1569686400,467,225,-242,692,39,-0.32712089912390496,0.24333507095701093
207,1569700800,395,247,-148,642,39,0.07420704050977334,0.08960352793362851
207,1569715200,205,253,48,458,39,0.9110184891076557,-0.4761285503924188
207,1569729600,64,96,32,160,39,0.842707350446604,-1.3923685468117781
207,1569744000,99,54,-45,153,39,0.5139599956402932,-1.4138909628350516
207,1569758400,389,171,-218,560,39,-0.2246541911323275,-0.16251620262471866
207,1569772800,403,140,-263,543,39,-0.4167792686165352,-0.21478492725266868
207,1569787200,270,231,-39,501,39,0.5395766726381875,-0.3439194233923099
207,1569801600,127,193,66,320,39,0.9878685201013387,-0.9004276091369543
207,1569816000,29,50,21,79,39,0.795743442617131,-1.6414136465096576
207,1569830400,435,132,-303,567,39,-0.5875571152691642,-0.14099378660144513
207,1569844800,731,217,-514,948,39,-1.4884102563617825,1.030440571236729
207,1569859200,423,208,-215,631,39,-0.21184585263338032,0.05578258846848438
207,1569873600,443,438,-5,881,39,0.6847378422929222,0.8244403035853966
207,1569888000,163,275,112,438,40,1.162152617300183,-0.5040330505393494
207,1569902400,37,66,29,103,40,0.8218246583024983,-1.5497046844362303
207,1569916800,415,134,-281,549,40,-0.4492797668695768,-0.1575567778153083
207,1569931200,801,186,-615,987,40,-1.8187922765711027,1.2096198659065838
207,1569945600,446,241,-205,687,40,-0.13765416585964874,0.27319750719295904
207,1569960000,471,454,-17,925,40,0.6332091629543839,1.0160925784391013
207,1569974400,152,353,201,505,40,1.5270825974302302,-0.2948987237599732
207,1569988800,39,62,23,101,40,0.7972226371701355,-1.5559475001609877
207,1570003200,507,125,-382,632,40,-0.8634137892643496,0.10152007476212786
207,1570017600,890,239,-651,1129,40,-1.9664044033652792,1.652859782364366
207,1570032000,512,268,-244,780,40,-0.2975673032200066,0.5634884383941827
207,1570046400,531,450,-81,981,40,0.3707876042091813,1.1908914187323112
207,1570060800,169,311,142,480,40,1.2851627229619966,-0.37293392031944195
207,1570075200,50,80,30,130,40,0.825924995157892,-1.4654266721520042
207,1570089600,509,118,-391,627,40,-0.9003168209628938,0.08591303545023411
207,1570104000,891,261,-630,1152,40,-1.8802973294020096,1.7246521631990772
207,1570118400,507,244,-263,751,40,-0.3754737034724886,0.47296761038519897
207,1570132800,562,509,-53,1071,40,0.48559703616020744,1.4718181263463985
207,1570147200,157,370,213,527,40,1.5762866396949557,-0.22622775078764076
207,1570161600,40,66,26,106,40,0.8095236477363169,-1.540340460849094
207,1570176000,482,124,-358,606,40,-0.7650057047348987,0.020363470340280392
207,1570190400,878,225,-653,1103,40,-1.9746050770760668,1.5717031779425186
207,1570204800,631,213,-418,844,40,-1.011025916058526,0.7632585415864226
207,1570219200,587,469,-118,1056,40,0.21907514055961105,1.4249970084107173
207,1570233600,225,339,114,564,40,1.1703532910109706,-0.11073565987962707
207,1570248000,62,114,52,176,40,0.9161324059765554,-1.3218419104825816
207,1570262400,149,70,-79,219,40,0.37898827791996886,-1.1876213724002955
207,1570276800,514,154,-360,668,40,-0.7732063784456863,0.21389075780776282
207,1570291200,491,246,-245,737,40,-0.30166764007540037,0.4292679003118965
207,1570305600,401,324,-77,725,40,0.38718895163075645,0.3918110059633515
207,1570320000,204,222,18,426,40,0.7767209528931666,-0.5414899448878944
207,1570334400,47,103,56,150,40,0.9325337533981306,-1.402998514904429
207,1570348800,79,62,-17,141,40,0.6332091629543839,-1.431091185665838
207,1570363200,370,132,-238,502,40,-0.2729652820876438,-0.3042629473471095
207,1570377600,464,204,-260,668,40,-0.3631726929063072,0.21389075780776282
207,1570392000,225,203,-22,428,40,0.6127074786774149,-0.5352471291631369
207,1570406400,108,190,82,298,40,1.0391425116383692,-0.9410301512723742
207,1570420800,32,44,12,76,40,0.7521189317608038,-1.6339826967204565
207,1570435200,509,117,-392,626,40,-0.9044171578182876,0.08279162758785537
207,1570449600,873,236,-637,1109,40,-1.908999687389766,1.5904316251167911
207,1570464000,501,236,-265,737,40,-0.3836743771832762,0.4292679003118965
207,1570478400,508,150,-358,658,40,-0.7650057047348987,0.18267667918397534
207,1570492800,602,795,193,1397,41,1.466882762170967,2.2999191585695624
207,1570507200,41,64,23,105,41,0.7366629391283187,-1.500757310676067
207,1570521600,509,137,-372,646,41,-0.9600242967648935,0.0907024183192005
207,1570536000,898,230,-668,1128,41,-2.2314658710038575,1.5086018441523223
207,1570550400,498,264,-234,762,41,-0.3672576168832143,0.43193962453630036
207,1570564800,528,496,-32,1024,41,0.5004153493204031,1.2026650385783708
207,1570579200,211,362,151,573,41,1.286475511772195,-0.12404168559328475
207,1570593600,39,69,30,108,41,0.7667308141947807,-1.49193221051528
207,1570608000,382,131,-251,513,41,-0.4402795991874791,-0.30054368880902604
207,1570622400,850,230,-620,1080,41,-2.025286156262404,1.3674002415797293
207,1570636800,513,276,-237,789,41,-0.38014384905455517,0.5113655259833839
207,1570651200,500,482,-18,982,41,0.560551099453327,1.079113636327352
207,1570665600,177,363,186,540,41,1.436814887104505,-0.22111778736194246
207,1570680000,37,48,11,85,41,0.6851180104429553,-1.5595913117479807
207,1570694400,524,148,-376,672,41,-0.9772059396600147,0.16718661971268842
207,1570708800,918,261,-657,1179,41,-2.1842163530422747,1.6586285468857025
207,1570723200,511,258,-253,769,41,-0.4488704206350397,0.4525315249114702
207,1570737600,595,523,-72,1118,41,0.32859892036919175,1.4791848436163655
207,1570752000,178,368,190,546,41,1.4539965299996263,-0.20346758704036835
207,1570766400,31,75,44,106,41,0.8268665643277047,-1.4978156106224711
207,1570780800,463,157,-306,620,41,-0.6765271889953948,0.014218216925712606
207,1570795200,857,260,-597,1117,41,-1.9264917096154575,1.4762431435627699
207,1570809600,522,295,-227,817,41,-0.3371897418167523,0.5937331274840633
207,1570824000,588,392,-196,980,41,-0.2040320093795635,1.0732302362201604
207,1570838400,194,288,94,482,41,1.0416371005167189,-0.3917363904704924
207,1570852800,51,105,54,156,41,0.8698206715655076,-1.3507306079426868
207,1570867200,137,66,-71,203,41,0.332894331092972,-1.2124707054236894
207,1570881600,452,132,-320,584,41,-0.7366629391283187,-0.09168298500373218
207,1570896000,456,204,-252,660,41,-0.4445750099112594,0.13188621906954015
207,1570910400,380,260,-120,640,41,0.1224192056277381,0.07305221799762637
207,1570924800,197,278,81,475,41,0.9857967611075752,-0.4123282908456622
207,1570939200,56,99,43,155,41,0.8225711536039244,-1.3536723079962825
207,1570953600,99,59,-40,158,41,0.4660520635301608,-1.3448472078354954
207,1570968000,362,131,-231,493,41,-0.35437138471187346,-0.3593776898809398
207,1570982400,436,167,-269,603,41,-0.5175969922155242,-0.0357906839854141
207,1570996800,293,253,-40,546,41,0.4660520635301608,-0.20346758704036835
207,1571011200,146,251,105,397,41,1.088886618478302,-0.6417808950261259
207,1571025600,35,66,31,101,41,0.771026224918561,-1.5125241108904497
207,1571040000,278,52,-226,330,41,-0.332894331092972,-0.8388747986170371
207,1571054400,655,127,-528,782,41,-1.630108369674618,0.49077362560821414
207,1571068800,459,203,-256,662,41,-0.46175665280638056,0.13776961917673153
207,1571083200,379,375,-4,754,41,0.6206868495862511,0.40840602410753485
207,1571097600,147,281,134,428,42,1.241131787241895,-0.5547415106862192
207,1571112000,35,60,25,95,42,0.7813566357616074,-1.5605251208051543
207,1571126400,478,109,-369,587,42,-0.8805829026166804,-0.07450248963843951
207,1571140800,847,271,-576,1118,42,-1.7537338783636487,1.5293146183890514
207,1571155200,480,221,-259,701,42,-0.4165896304806102,0.2698198273392139
207,1571169600,503,418,-85,921,42,0.3173633636255372,0.9343014916820538
207,1571184000,177,313,136,490,42,1.24956802855346,-0.36747849618960077
207,1571198400,34,59,25,93,42,0.7813566357616074,-1.5665658632082708
207,1571212800,454,148,-306,602,42,-0.6148413013023856,-0.029196921615064063
207,1571227200,855,218,-637,1073,42,-2.0110392383663784,1.393397914318925
207,1571241600,533,298,-235,831,42,-0.31535473474183123,0.6624680835418011
207,1571256000,476,479,3,955,42,0.6885579813343933,1.0369941125350381
207,1571270400,158,357,199,515,42,1.5153096298677546,-0.29196921615064164
207,1571284800,31,65,34,96,42,0.8193197216636494,-1.5575047496035959
207,1571299200,478,144,-334,622,42,-0.7329486796642944,0.0312105024161032
207,1571313600,910,265,-645,1175,42,-2.0447842036126382,1.701475776877878
207,1571328000,518,307,-211,825,42,-0.2141198390030523,0.6443458563324509
207,1571342400,593,480,-113,1073,42,0.19925598526362842,1.393397914318925
207,1571356800,207,366,159,573,42,1.3465848036364565,-0.1167876864602566
207,1571371200,44,75,31,119,42,0.8066653596963022,-1.4880362119677535
207,1571385600,472,123,-349,595,42,-0.7962204895010312,-0.050339520025972605
207,1571400000,909,258,-651,1167,42,-2.070092927547333,1.677312807265411
207,1571414400,558,272,-286,830,42,-0.5304788881867365,0.6594477123402428
207,1571428800,592,452,-140,1044,42,0.0853667275575021,1.3058071494737324
207,1571443200,242,353,111,595,42,1.1441150121588985,-0.050339520025972605
207,1571457600,48,128,80,176,42,1.0133532718296425,-1.3158750534789267
207,1571472000,114,83,-31,197,42,0.5451418790377898,-1.2524472582462012
207,1571486400,464,160,-304,624,42,-0.6064050599908207,0.03725124481921993
207,1571500800,500,222,-278,722,42,-0.49673392294047686,0.3332476225719395
207,1571515200,400,315,-85,715,42,0.3173633636255372,0.312105024161031
207,1571529600,203,207,4,410,42,0.6927761019901758,-0.6091081923142698
207,1571544000,44,110,66,154,42,0.9542995826486881,-1.3823232199132107
207,1571558400,105,52,-53,157,42,0.4523432246105758,-1.3732621063085357
207,1571572800,364,138,-226,502,42,-0.2773916488397891,-0.3312340417709004
207,1571587200,371,204,-167,575,42,-0.028522530148624214,-0.11074694405713988
207,1571601600,276,249,-27,525,42,0.5620143616609197,-0.26176550413505806
207,1571616000,112,178,66,290,42,0.9542995826486881,-0.9715527365012734
207,1571630400,33,52,19,85,42,0.7560479118269127,-1.5907288328207378
207,1571644800,523,150,-373,673,42,-0.8974553852398102,0.18524943369557972
207,1571659200,897,200,-697,1097,42,-2.2641264777133263,1.4658868231563258
207,1571673600,473,185,-288,658,42,-0.5389151294983014,0.13994386567220427
207,1571688000,552,455,-97,1007,42,0.2667459157561477,1.194053415016073
207,1571702400,170,279,109,449,43,1.1146692317367999,-0.5077828994135075
207,1571716800,33,79,46,112,43,0.8549233235751466,-1.4957085569116229
207,1571731200,492,139,-353,631,43,-0.7901340947819904,0.025755586238293524
207,1571745600,910,289,-621,1199,43,-1.8950849421998166,1.690864706294464
207,1571760000,512,270,-242,782,43,-0.33248654230669666,0.4684166375208318
207,1571774400,539,523,-16,1062,43,0.5993003663366943,1.2892450769851411
207,1571788800,185,366,181,551,43,1.4115216982072607,-0.20876682503722344
207,1571803200,39,71,32,110,43,0.7972020106503348,-1.5015716171935107
207,1571817600,498,137,-361,635,43,-0.8231177021675972,0.03748170680206937
207,1571832000,899,217,-682,1116,43,-2.146584948515068,1.4475477045961151
207,1571846400,493,286,-207,779,43,-0.18818325999466712,0.4596220470979999
207,1571860800,579,524,-55,1103,43,0.43850528033186126,1.4094378127638436
207,1571875200,177,389,212,566,43,1.5393331768264868,-0.16479387292306402
207,1571889600,40,65,25,105,43,0.7683413541879288,-1.5162292678982305
207,1571904000,499,125,-374,624,43,-0.8767160641692081,0.005234875251685789
207,1571918400,918,279,-639,1197,43,-1.9692980588174318,1.685001646012576
207,1571932800,512,263,-249,775,43,-0.3613471987691026,0.44789592653422405
207,1571947200,552,444,-108,996,43,0.2199888814022165,1.0957640876828396
207,1571961600,162,370,208,532,43,1.5228413731336836,-0.2644658977151587
207,1571976000,44,60,16,104,43,0.7312347958791212,-1.5191607980391746
207,1571990400,474,131,-343,605,43,-0.748904585549982,-0.05046419742624949
207,1572004800,937,244,-693,1181,43,-2.1919374086702774,1.6380971637574726
207,1572019200,533,271,-262,804,43,-0.41494556077071354,0.5329103006215989
207,1572033600,560,466,-94,1026,43,0.2777101943270283,1.1837099919111584
207,1572048000,185,319,134,504,43,1.217743004816821,-0.34654874166158967
207,1572062400,50,116,66,166,43,0.9373823420391635,-1.3374059293006488
207,1572076800,157,69,-88,226,43,0.3024478998662334,-1.1615141208440112
207,1572091200,471,154,-317,625,43,-0.6417078615467601,0.008166405392629751
207,1572105600,526,202,-324,728,43,-0.670568518009166,0.3101140099098578
207,1572120000,442,297,-145,739,43,0.06743969724378526,0.3423608414602414
207,1572134400,228,251,23,479,43,0.7600954523415272,-0.4198369951851887
207,1572148800,52,90,38,142,43,0.8219397161895399,-1.407762652683304
207,1572163200,104,48,-56,152,43,0.43438232940866045,-1.3784473512738642
207,1572177600,317,145,-172,462,43,-0.043879977682637544,-0.4696730075812361
207,1572192000,351,184,-167,535,43,-0.023265223066633322,-0.25567130729232684
207,1572206400,274,199,-75,473,43,0.3560462618678444,-0.4374261760308525
207,1572220800,106,177,71,283,43,0.9579970966551677,-0.9944169028102052
207,1572235200,33,65,32,98,43,0.7972020106503348,-1.5367499788848382
207,1572249600,517,104,-413,621,43,-1.037511150174041,-0.0035597151711460966
207,1572264000,836,228,-608,1064,43,-1.8414865801982057,1.295108137267029
207,1572278400,452,268,-184,720,43,-0.09335538876104768,0.28666176878230615
207,1572292800,597,475,-122,1072,43,0.1622675684774047,1.3185603783945807
207,1572307200,150,424,274,574,44,1.4729557491891898,-0.225485232383934
207,1572321600,35,61,26,96,44,0.5827040993731889,-1.6056589865290742
207,1572336000,550,119,-431,669,44,-1.0577999488764578,0.048817082770434866
207,1572350400,916,228,-688,1144,44,-1.9803591182422329,1.4203286585422792
207,1572364800,465,273,-192,738,44,-0.19985581861023122,0.24804718535623962
207,1572379200,510,500,-10,1010,44,0.453474021174092,1.0334180245350642
207,1572393600,145,481,336,626,44,1.69551866164319,-0.07534080724680578
207,1572408000,19,84,65,103,44,0.7227033507555439,-1.585447236991384
207,1572422400,480,105,-375,585,44,-0.8567753827889738,-0.1937239116818492
207,1572436800,903,223,-680,1126,44,-1.9516413230868779,1.368355588302504
207,1572451200,489,248,-241,737,44,-0.37575231393677977,0.245159792565141
207,1572465600,540,510,-30,1050,44,0.38167953328570486,1.148913736179009
207,1572480000,152,475,323,627,44,1.6488522445157385,-0.07245341445570716
207,1572494400,34,103,69,137,44,0.7370622483332213,-1.4872758820940308
207,1572508800,477,149,-328,626,44,-0.6880583362512639,-0.07534080724680578
207,1572523200,923,286,-637,1209,44,-1.7972831741268456,1.6080091899636895
207,1572537600,598,328,-270,926,44,-0.47985432137494116,0.7908770300827801
207,1572552000,498,583,85,1081,44,0.7944978386439311,1.2384229127030661
207,1572566400,182,583,401,765,44,1.9288507472804484,0.32600679071590233
207,1572580800,23,131,108,154,44,0.8770614997155762,-1.4381902046453543
207,1572595200,465,179,-286,644,44,-0.5372899116856509,-0.02336773700703063
207,1572609600,860,305,-555,1165,44,-1.5029257737844581,1.4809639071553502
207,1572624000,583,280,-303,863,44,-0.5983152263907799,0.6089712842435671
207,1572638400,587,471,-116,1058,44,0.07296323536564002,1.172012878507798
207,1572652800,229,344,115,573,44,0.9021895704765118,-0.22837262517503262
207,1572667200,57,105,48,162,44,0.6616780360504148,-1.4150910623165653
207,1572681600,152,61,-91,213,44,0.16270634522612398,-1.2678340299705357
207,1572696000,489,190,-299,679,44,-0.5839563288131026,0.07769101068142106
207,1572710400,489,238,-251,727,44,-0.41164955788097335,0.2162858646541548
207,1572724800,439,300,-139,739,44,-0.00960042570600522,0.2509345781473382
207,1572739200,177,254,77,431,44,0.7657800434885762,-0.6383824015110366
207,1572750000,47,129,82,176,44,0.783728665460673,-1.3746675632411847
207,1572764400,79,42,-37,121,44,0.3565514625247693,-1.5334741667516087
207,1572778800,396,155,-241,551,44,-0.37575231393677977,-0.2918952665792023
207,1572793200,581,245,-336,826,44,-0.7167761314066188,0.5021377509729181
207,1572807600,477,317,-160,794,44,-0.08498463798881174,0.4097411816577623
207,1572822000,140,219,79,359,44,0.7729594922774149,-0.8462746824701373
207,1572836400,56,73,17,129,44,0.5503965798234147,-1.5103750244228198
207,1572850800,204,41,-163,245,44,-0.09575381117206982,-1.17543746065538
207,1572865200,1084,272,-812,1356,44,-2.4254849431502334,2.032455930255187
207,1572879600,467,210,-257,677,44,-0.4331879042474895,0.07191622509922382
207,1572894000,575,398,-177,973,44,-0.14600995269394085,0.9265844912644152
207,1572908400,229,367,138,596,44,0.9847532315481571,-0.16196259097976437
207,1572922800,75,129,54,204,45,0.7969077958897778,-1.0784965378897997
207,1572937200,189,54,-135,243,45,0.07912110761415589,-0.9736240339382716
207,1572951600,960,220,-740,1180,45,-2.2185558575009297,1.5460050994612642
207,1572966000,479,181,-298,660,45,-0.5399224383589994,0.14770504677422194
207,1572980400,559,489,-70,1048,45,0.3259789633703221,1.1910520091637842
207,1572994800,196,407,211,603,45,1.3931644628700564,-0.005570151308780757
207,1573009200,52,115,63,167,45,0.831088114379093,-1.1779909647156084
207,1573023600,211,60,-151,271,45,0.018356096966484194,-0.8983309541782001
207,1573038000,1106,310,-796,1416,45,-2.431233394767781,2.1806182002961525
207,1573052400,511,229,-282,740,45,-0.4791574277113278,0.36282813180299767
207,1573066800,610,459,-151,1069,45,0.018356096966484194,1.247521818983838
207,1573081200,231,394,163,625,45,1.2108694309270411,0.053588697074132566
207,1573095600,66,166,100,232,45,0.9716072015018339,-1.0032034581297282
207,1573110000,213,55,-158,268,45,-0.008228595191872173,-0.9063980698667792
207,1573124400,1126,311,-815,1437,45,-2.503391844911891,2.237088010116206
207,1573138800,464,248,-216,712,45,-0.22850175878968204,0.2875350520429262
207,1573153200,649,479,-170,1128,45,-0.05380235317762594,1.40617509419256
207,1573167600,259,414,155,673,45,1.1804869256032053,0.182662548091398
207,1573182000,72,151,79,223,45,0.8918531250267647,-1.0274048051954654
207,1573196400,207,54,-153,261,45,0.01076047063552523,-0.925221339806797
207,1573210800,1064,315,-749,1379,45,-2.252736175990245,2.0811237734703436
207,1573225200,535,221,-314,756,45,-0.6006874490066711,0.40585274880875283
207,1573239600,614,434,-180,1048,45,-0.09178048483242075,1.1910520091637842
207,1573254000,253,369,116,622,45,1.0323722121495056,0.045521581385553476
207,1573268400,78,170,92,248,45,0.941224696177998,-0.960178841123973
207,1573282800,84,46,-38,130,45,0.4475089846656655,-1.2774853915414173
207,1573297200,379,121,-258,500,45,-0.38800991173982025,-0.28254112328332953
207,1573311600,527,220,-307,747,45,-0.5741027568483148,0.38165140174301554
207,1573326000,432,225,-207,657,45,-0.19432144030036672,0.13963793108564287
207,1573340400,244,231,-13,475,45,0.5424543138026525,-0.3497670873548219
207,1573354800,66,171,105,237,45,0.9905962673292313,-0.9897582653154298
207,1573369200,66,42,-24,108,45,0.5006783689823783,-1.3366442399243306
207,1573383600,320,112,-208,432,45,-0.19811925346584622,-0.4653957455577889
207,1573398000,455,139,-316,594,45,-0.6082830753376302,-0.029771498374518025
207,1573412400,318,212,-106,530,45,0.18925768941306081,-0.2018699663975386
207,1573426800,155,208,53,363,45,0.7931099827242982,-0.650939406395108
207,1573441200,52,87,35,139,45,0.7247493457456676,-1.25328404447568
207,1573455600,171,53,-118,224,45,0.14368393142730707,-1.0247157666326059
207,1573470000,795,163,-632,958,45,-1.8083920356291459,0.9490385385064115
207,1573484400,481,207,-274,688,45,-0.44877492238749195,0.22299812653429346
207,1573498800,481,426,-55,907,45,0.3829461608525143,0.811897571800567
207,1573513200,174,337,163,511,45,1.2108694309270411,-0.2529616990918728
207,1573527600,69,181,112,250,46,0.9960216682373791,-1.013946683184981
207,1573542000,219,59,-160,278,46,-0.009061940802795734,-0.9401457733981681
207,1573556400,1089,300,-789,1389,46,-2.3333177867082,1.9881688970714482
207,1573570800,500,222,-278,722,46,-0.4450908594305186,0.2301257960784383
207,1573585200,576,446,-130,1022,46,0.10179286901781179,1.0208498295085777
207,1573599600,216,451,235,667,46,1.45052638850187,0.08515972328291274
207,1573614000,62,155,93,217,46,0.925813622017661,-1.1009263268622964
207,1573628400,215,58,-157,273,46,0.002023540179265018,-0.9533245072886704
207,1573642800,1092,241,-851,1333,46,-2.562417727004122,1.8405670774978222
207,1573657200,515,243,-272,758,46,-0.42291989746639713,0.325012680090055
207,1573671600,570,493,-77,1063,46,0.29763636636755175,1.1289154474106968
207,1573686000,246,442,196,688,46,1.3064151357350802,0.1405104056230225
207,1573700400,76,150,74,226,46,0.8556055757979429,-1.0772046058593923
207,1573714800,191,64,-127,255,46,0.11287834999987253,-1.0007679492944788
207,1573729200,1084,275,-809,1359,46,-2.407220993255272,1.9090964937284343
207,1573743600,474,229,-245,703,46,-0.32315056862785035,0.18004660729452948
207,1573758000,678,374,-304,1052,46,-0.5411650279417118,1.0999222328515916
207,1573772400,381,347,-34,728,46,0.4565282604437559,0.24594027674704108
207,1573786800,123,189,66,312,46,0.8260442931791142,-0.8505303829427522
207,1573801200,204,55,-149,259,46,0.031584822798093694,-0.9902249621820769
207,1573815600,1107,330,-777,1437,46,-2.288975862779957,2.1146847424202706
207,1573830000,470,252,-218,722,46,-0.2233812397893036,0.2301257960784383
207,1573844400,655,428,-227,1083,46,-0.2566376827354859,1.181630382972706
207,1573858800,285,357,72,642,46,0.8482152551432358,0.01926605383040113
207,1573873200,73,170,97,243,46,0.9405942633270754,-1.0323969106316844
207,1573887600,90,48,-42,138,46,0.4269669778249272,-1.3091503223322332
207,1573902000,426,155,-271,581,46,-0.41922473713904357,-0.14151449963372723
207,1573916400,493,213,-280,706,46,-0.4524811800852258,0.18795384762883088
207,1573930800,457,293,-164,750,46,-0.023842582112210072,0.30392670586525133
207,1573945200,286,292,6,578,46,0.6043346735378993,-0.1494217399680286
207,1573959600,78,155,77,233,46,0.8666910567800037,-1.058754378412689
207,1573974000,67,36,-31,103,46,0.46761374142581663,-1.4014014595657494
207,1573988400,243,119,-124,362,46,0.1239638309819333,-0.718743044037729
207,1574002800,434,205,-229,639,46,-0.26402800339019306,0.011358813496099737
207,1574017200,317,257,-60,574,46,0.36045409193256267,-0.15996472708043047
207,1574031600,152,252,100,404,46,0.9516797443091362,-0.6080416793575094
207,1574046000,43,82,39,125,46,0.7262749643405675,-1.3434150304475392
207,1574060400,206,44,-162,250,46,-0.016452261457502903,-1.013946683184981
207,1574074800,968,292,-676,1260,46,-1.915764669717245,1.6481575626964884
207,1574089200,409,210,-199,619,46,-0.1531731935695855,-0.04135612206590956
207,1574103600,571,421,-150,992,46,0.027889662470740106,0.9417774261655638
207,1574118000,227,435,208,662,46,1.3507570596633232,0.07198098939241042
207,1574132400,65,145,80,210,47,0.7262983794066096,-0.6505507328382218
207,1574146800,210,59,-151,269,47,-0.08936858170033869,-0.5262109938507082
207,1574161200,1059,273,-786,1332,47,-2.331569968293032,1.714011761127715
207,1574175600,487,213,-274,700,47,-0.5236847557962462,0.3821013367190946
207,1574190000,631,522,-109,1153,47,0.05893450213728826,1.3367776377588176
207,1574204400,223,454,231,677,47,1.2594832760609351,0.33362991304599604
207,1574218800,64,165,101,229,47,0.800449921325423,-0.6105091219778361
207,1574233200,198,68,-130,266,47,-0.015217039781525216,-0.5325333534602428
207,1574247600,1138,238,-900,1376,47,-2.7341069101380193,1.8067397020675555
207,1574262000,517,217,-300,734,47,-0.6154914267433486,0.4537547456271533
207,1574276400,589,425,-164,1014,47,-0.1352719171738899,1.0438416425170485
207,1574290800,253,457,204,710,47,1.164145579308175,0.4031758687508766
207,1574305200,70,162,92,232,47,0.768670689074503,-0.6041867623683015
207,1574319600,199,57,-142,256,47,-0.05758934944941863,-0.5536078854920248
207,1574334000,1073,279,-794,1352,47,-2.3598181747382942,1.7561608251912788
207,1574348400,461,231,-230,692,47,-0.36831962034730364,0.365241711093669
207,1574362800,594,428,-166,1022,47,-0.14233396878520546,1.060701268142474
207,1574377200,248,463,215,711,47,1.2029868631704106,0.40528332195405475
207,1574391600,62,176,114,238,47,0.8463532567989742,-0.5915420431492323
207,1574406000,194,60,-134,254,47,-0.029341143004156356,-0.5578227918983812
207,1574420400,1087,338,-749,1425,47,-2.200922013483694,1.9100049090232873
207,1574434800,549,270,-279,819,47,-0.5413398848245351,0.6328882678973
207,1574449200,654,479,-175,1133,47,-0.17411320103612551,1.2946285736952539
207,1574463600,340,456,116,796,47,0.8534153084102898,0.5844168442242015
207,1574478000,48,110,62,158,47,0.6627399149047695,-0.7601382994034881
207,1574492400,11,18,7,29,47,0.4685334955935913,-1.0319997626134754
207,1574506800,1,5,4,6,47,0.45794041817661796,-1.080471186286574
207,1574521200,1,1,0,2,47,0.44381631495398677,-1.0889009990992868
207,1574535600,2,1,-1,3,47,0.440285289148329,-1.0867935458961087
207,1574550000,1,2,1,3,47,0.44734734075964455,-1.0867935458961087
207,1574564400,3,6,3,9,47,0.4544093923709602,-1.0741488266770394
207,1574578800,6,1,-5,7,47,0.42616118592569785,-1.0783637330833957
207,1574593200,0,1,1,1,47,0.44734734075964455,-1.091008452302465
207,1574607600,2,1,-1,3,47,0.440285289148329,-1.0867935458961087
207,1574622000,0,2,2,2,47,0.45087836656530234,-1.0889009990992868
207,1574636400,0,0,0,0,47,0.44381631495398677,-1.0931159055056432
207,1574650800,3,1,-2,4,47,0.4367542633426712,-1.0846860926929305
207,1574665200,201,32,-169,233,47,-0.1529270462021788,-0.6020793091651233
207,1574679600,1025,262,-763,1287,47,-2.250356374762903,1.6191763669846961
207,1574694000,465,227,-238,692,47,-0.39656782679256597,0.365241711093669
207,1574708400,565,457,-108,1022,47,0.06246552794294604,1.060701268142474
207,1574722800,233,491,258,724,47,1.3548209728136953,0.4326802135953713
207,1574737200,55,386,331,441,48,1.893011946060158,0.06875854827756872
207,1574751600,197,61,-136,258,48,-0.20981052151779633,-0.4026760655149316
207,1574766000,1072,289,-783,1361,48,-3.1231427196397155,2.438812344392871
207,1574780400,503,212,-291,715,48,-0.9077494561528775,0.7746223962510392
207,1574794800,572,435,-137,1007,48,-0.2143133533541517,1.5268568619745915
207,1574809200,213,463,250,676,48,1.5282825673153737,0.6741527244591948
207,1574823600,29,225,196,254,48,1.2851296481521841,-0.4129806472371721
207,1574838000,172,54,-118,226,48,-0.1287595484633998,-0.4851127192928552
207,1574852400,870,258,-612,1128,48,-2.3531584756229487,1.838570459072365
207,1574866800,486,242,-244,728,48,-0.6961163598441754,0.8081122868483206
207,1574881200,569,432,-137,1001,48,-0.2143133533541517,1.5113999893912309
207,1574895600,222,283,61,505,48,0.67724735024421,0.23363185583341584
207,1574910000,57,133,76,190,48,0.7447898277895405,-0.5778539547930192
207,1574924400,85,44,-41,129,48,0.2179585029359631,-0.734998826057186
207,1574938800,266,107,-159,373,48,-0.31337565375396964,-0.10641934100051885
207,1574953200,314,203,-111,517,48,-0.09723972560891227,0.2645456010001372
207,1574967600,299,193,-106,492,48,-0.07472556642713545,0.2001419652361344
207,1574982000,228,179,-49,407,48,0.1819358482451202,-0.018830396361475064
207,1574996400,97,91,-6,188,48,0.3755576172084008,-0.5830062456541394
207,1575010800,142,51,-91,193,48,-0.007183088881805013,-0.5701255185013389
207,1575025200,473,195,-278,668,48,-0.8492126422802577,0.653543561014714
207,1575039600,480,198,-282,678,48,-0.8672239696256793,0.6793050153203151
207,1575054000,479,334,-145,813,48,-0.25033600804499456,1.0270846484459302
207,1575068400,242,266,24,508,48,0.5106425722990616,0.24136029212509616
207,1575082800,31,71,40,102,48,0.5826878816807475,-0.804554752682309
207,1575097200,1,5,4,6,48,0.4205859355719544,-1.0518647140160797
207,1575111600,3,7,4,10,48,0.4205859355719544,-1.0415601322938393
207,1575126000,0,0,0,0,48,0.40257460822653296,-1.0673215865994403
207,1575140400,0,5,5,5,48,0.42508876740830975,-1.0544408594466397
207,1575154800,0,4,4,4,48,0.4205859355719544,-1.0570170048771999
207,1575169200,1,3,2,4,48,0.4115802718992437,-1.0570170048771999
207,1575183600,0,4,4,4,48,0.4205859355719544,-1.0570170048771999
207,1575198000,2,6,4,8,48,0.4205859355719544,-1.0467124231549594
207,1575212400,0,1,1,1,48,0.4070774400628883,-1.0647454411688801
207,1575226800,0,2,2,2,48,0.4115802718992437,-1.0621692957383202
207,1575241200,0,2,2,2,48,0.4115802718992437,-1.0621692957383202
207,1575255600,1,2,1,3,48,0.4070774400628883,-1.05959315030776
207,1575270000,185,40,-145,225,48,-0.25033600804499456,-0.4876888647234153
207,1575284400,1016,246,-770,1262,48,-3.064605905767096,2.18377394676742
207,1575298800,495,212,-283,707,48,-0.8717268014620346,0.7540132328065583
207,1575313200,522,464,-58,986,48,0.14141036171792196,1.4727578079328292
207,1575327600,199,415,216,614,48,1.3751862848792913,0.514431707764468
207,1575342000,52,108,56,160,49,0.7936065004694381,-1.211772753718495
207,1575356400,197,48,-149,245,49,0.02766636269992098,-0.9977506525571125
207,1575370800,1092,338,-754,1430,49,-2.232791117058898,1.98596922833981
207,1575385200,463,195,-268,658,49,-0.41695254654189634,0.0421449683799584
207,1575399600,557,470,-87,1027,49,0.25931655070826276,0.9712526781276076
207,1575414000,237,413,176,650,49,1.2419617030662289,0.022001711800063568
207,1575428400,61,131,70,192,49,0.8459146074390638,-1.1311997273989156
207,1575442800,194,56,-138,250,49,0.06876558960462678,-0.9851611171946781
207,1575457200,1115,295,-820,1410,49,-2.479386478487133,1.9356110868900729
207,1575471600,546,261,-285,807,49,-0.4804695335764416,0.4173131221804997
207,1575486000,584,509,-75,1093,49,0.30415207096794183,1.13743454491174
207,1575500400,233,402,169,635,49,1.215807649581416,-0.015766894287239246
207,1575514800,63,151,88,214,49,0.9131678878285823,-1.075805771804205
207,1575529200,197,30,-167,227,49,-0.0395869176895976,-1.0430729798618759
207,1575543600,1097,363,-734,1460,49,-2.158065249959433,2.0615064405144157
207,1575558000,522,227,-295,749,49,-0.5178324671261741,0.2712745119762621
207,1575572400,599,446,-153,1045,49,0.01272118928002796,1.016575005432371
207,1575586800,229,418,189,647,49,1.2905335166808811,0.014447990582603003
207,1575601200,70,160,90,230,49,0.9206404745385288,-1.0355192586444153
207,1575615600,176,64,-112,240,49,0.1659092168339314,-1.0103401879195466
207,1575630000,1055,324,-731,1379,49,-2.146856369894513,1.8575559676429803
207,1575644400,523,261,-262,784,49,-0.3945347864120568,0.35940125951330204
207,1575658800,561,491,-70,1052,49,0.3228335377428081,1.034200354939779
207,1575673200,305,406,101,711,49,0.9617397014432347,0.17559404322176167
207,1575687600,86,199,113,285,49,1.0065752217029138,-0.8970343696576383
207,1575702000,71,38,-33,109,49,0.46107639187681854,-1.3401860144153246
207,1575716400,424,127,-297,551,49,-0.5253050538361207,-0.22727108837613502
207,1575730800,540,179,-361,719,49,-0.7644278285544089,0.19573729980165652
207,1575745200,486,301,-185,787,49,-0.10684019807911618,0.3669549807307626
207,1575759600,266,282,16,548,49,0.6441547662705079,-0.23482480959359558
207,1575774000,91,159,68,250,49,0.8384420207291172,-0.9851611171946781
207,1575788400,64,30,-34,94,49,0.45734009852184526,-1.3779546205026274
207,1575802800,296,101,-195,397,49,-0.14420313162884874,-0.6150287775391106
207,1575817200,429,223,-206,652,49,-0.18530235853355453,0.027037525945037274
207,1575831600,414,324,-90,738,49,0.248107670643343,0.24357753417890673
207,1575846000,172,216,44,388,49,0.7487709802097591,-0.6376899411914922
207,1575860400,42,98,56,140,49,0.7936065004694381,-1.2621308951682322
207,1575874800,242,59,-183,301,49,-0.09936761136916968,-0.8567478564978486
207,1575889200,1048,260,-788,1308,49,-2.3598250911279885,1.6787845654964137
207,1575903600,485,188,-297,673,49,-0.5253050538361207,0.07991357446726122
207,1575918000,614,436,-178,1050,49,-0.0806861445943034,1.0291645407948053
207,1575932400,253,395,142,648,49,1.1149277289971382,0.016965897655089858
207,1575946800,66,134,68,200,50,0.9431718382656714,-1.1483849046759729
207,1575961200,187,56,-131,243,50,0.1832884543998066,-1.0348539687308882
207,1575975600,1068,281,-787,1349,50,-2.3216537557308836,1.8852673139496618
207,1575990000,487,226,-261,713,50,-0.31311777626633625,0.20606556369213042
207,1576004400,747,424,-323,1171,50,-0.5498653631994198,1.4153020442234974
207,1576018800,343,337,-6,680,50,0.6606021377326363,0.11893717099008867
207,1576033200,104,107,3,211,50,0.6949687229326,-1.1193421071086256
207,1576047600,193,48,-145,241,50,0.12982932186652968,-1.0401344773794967
207,1576062000,1131,263,-868,1394,50,-2.6309530225305573,2.004078758543355
207,1576076400,528,230,-298,758,50,-0.45440262653285385,0.32487700828582367
207,1576090800,591,320,-271,911,50,-0.35130287093296264,0.7288359199043808
207,1576105200,223,299,76,522,50,0.9737199139989725,-0.29822301224998987
207,1576119600,52,154,102,206,50,1.0730011601322011,-1.132543378730147
207,1576134000,205,67,-138,272,50,0.15655888813316812,-0.9582865933260636
207,1576148400,1080,306,-774,1386,50,-2.272013132664269,1.9829567239489208
207,1576162800,480,250,-230,730,50,-0.19474398279979452,0.2509498872053034
207,1576177200,678,490,-188,1168,50,-0.03436658519996374,1.4073812812505846
207,1576191600,248,492,244,740,50,1.6152295043982956,0.27735243044834634
207,1576206000,74,147,73,221,50,0.9622643855989846,-1.0929395638655826
207,1576220400,169,63,-106,232,50,0.27875119106637253,-1.0638967662982355
207,1576234800,924,298,-626,1222,50,-1.706873731598199,1.5499550147630163
207,1576249200,528,179,-349,707,50,-0.6491466093326483,0.19022403774630464
207,1576263600,604,415,-189,1019,50,-0.038185094666626375,1.0139833869292445
207,1576278000,292,387,95,679,50,1.0462715938655627,0.11629691666578439
207,1576292400,100,218,118,318,50,1.1340973115988033,-0.836834894408066
207,1576306800,77,28,-49,105,50,0.49640623066614287,-1.3992090654848808
207,1576321200,440,97,-343,537,50,-0.6262355525326725,-0.2586191973854255
207,1576335600,582,214,-368,796,50,-0.7216982891992385,0.4252066726093869
207,1576350000,517,300,-217,817,50,-0.14510335973318023,0.48065201341977704
207,1576364400,297,277,-20,574,50,0.6071430051993594,-0.16092978738616656
207,1576378800,91,141,50,232,50,0.874438667865744,-1.0638967662982355
207,1576393200,62,49,-13,111,50,0.6338725714659978,-1.383367539539055
207,1576407600,343,131,-212,474,50,-0.12601081239986703,-0.42495521981659606
207,1576422000,470,173,-297,643,50,-0.4505841170661912,0.021247760990829773
207,1576436400,440,270,-170,710,50,0.03436658519996374,0.19814480071921753
207,1576450800,178,233,55,411,50,0.8935312151990571,-0.5912912422477666
207,1576465200,42,112,70,154,50,0.9508088571989967,-1.2698366035939703
207,1576479600,192,50,-142,242,50,0.14128485026651758,-1.0374942230551925
207,1576494000,943,274,-669,1217,50,-1.8710696386646923,1.536753743141495
207,1576508400,506,177,-329,683,50,-0.5727764199993957,0.12685793396300157
207,1576522800,577,439,-138,1016,50,0.15655888813316812,1.0060626239563317
207,1576537200,234,419,185,653,50,1.3899374458652,0.04765030423387272
207,1576551600,64,130,66,194,51,0.9413561645986733,-1.1520630581865514
207,1576566000,194,47,-147,241,51,0.03980683920527521,-1.0223253391574993
207,1576580400,1036,255,-781,1291,51,-2.643678007270849,1.8760705114915344
207,1576594800,473,181,-292,654,51,-0.5739239222127658,0.1177103620977872
207,1576609200,628,489,-139,1117,51,0.07366784673178782,1.3957649133839802
207,1576623600,270,397,127,667,51,1.199546346988332,0.15359526310582286
207,1576638000,51,118,67,169,51,0.9455887905394874,-1.2210724832020046
207,1576652400,186,58,-128,244,51,0.12022673208074265,-1.014044208155645
207,1576666800,1000,304,-696,1304,51,-2.2839048023016524,1.91195541249957
207,1576681200,505,231,-274,736,51,-0.49773665527811245,0.34406127614847365
207,1576695600,596,423,-173,1019,51,-0.07024143525589077,1.1252479673234037
207,1576710000,224,403,179,627,51,1.4196428959106642,0.04318018308109776
207,1576724400,54,138,84,192,51,1.0175434315333267,-1.1575838121877877
207,1576738800,172,64,-108,236,51,0.20487925089702416,-1.03612722416059
207,1576753200,963,276,-687,1239,51,-2.245811168834326,1.7325309074593918
207,1576767600,487,216,-271,703,51,-0.4850387774556702,0.25296883512807544
207,1576782000,679,452,-227,1131,51,-0.2988032360598509,1.434410191392634
207,1576796400,294,370,76,664,51,0.9836824240068142,0.14531413210396849
207,1576810800,97,105,8,202,51,0.695863860031457,-1.1299800421816064
207,1576825200,187,52,-135,239,51,0.09059835049504412,-1.0278460931587357
207,1576839600,931,291,-640,1222,51,-2.046877749616064,1.6856044984488836
207,1576854000,578,217,-361,795,51,-0.8659751121289371,0.5069235191849432
207,1576868400,611,412,-199,1023,51,-0.18028970971705674,1.1362894753258763
207,1576882800,307,396,89,703,51,1.0387065612373971,0.25296883512807544
207,1576897200,75,157,82,232,51,1.0090781796516985,-1.0471687321630625
207,1576911600,67,49,-18,116,51,0.585815585570291,-1.3673724642347653
207,1576926000,371,134,-237,505,51,-0.34112949546799165,-0.2935858109943138
207,1576940400,450,211,-239,661,51,-0.34959474734961976,0.13703300110211408
207,1576954800,460,281,-179,741,51,-0.09563719090077522,0.3578631611515643
207,1576969200,230,307,77,537,51,0.9879150499476282,-0.20525374697453372
207,1576983600,70,180,110,250,51,1.1275917059944929,-0.9974819461519363
207,1576998000,70,56,-14,126,51,0.6027460893335473,-1.339768694228584
207,1577012400,289,92,-197,381,51,-0.17182445783542857,-0.6358725590709616
207,1577026800,466,178,-288,644,51,-0.5569934184495094,0.09010659209160593
207,1577041200,389,264,-125,653,51,0.1329246099031849,0.11494998509716907
207,1577055600,175,226,51,401,51,0.8778667754864622,-0.580665019058599
207,1577070000,66,112,46,178,51,0.8567036457823919,-1.1962290901964414
207,1577084400,179,65,-114,244,51,0.17948349525213972,-1.014044208155645
207,1577098800,677,106,-571,783,51,-1.7548265596998929,0.47379899517752566
207,1577113200,673,420,-253,1093,51,-0.4088515105210168,1.3295158653691452
207,1577127600,567,397,-170,964,51,-0.057543557433448536,0.9734272322894068
207,1577142000,262,294,32,556,51,0.7974468826109948,-0.1528065839627893
207,1577156400,118,100,-18,218,52,0.657085329919186,-0.9068539460181501
207,1577170800,131,59,-72,190,52,0.28061203744559404,-1.0139551501876047
207,1577185200,579,199,-380,778,52,-1.8666800751815602,1.2351701373709427
207,1577199600,510,198,-312,708,52,-1.3926025957703703,0.9674171269473061
207,1577214000,441,341,-100,782,52,0.08540366357039818,1.2504703093951504
207,1577228400,204,201,-3,405,52,0.7616612444951838,-0.19157090388643516
207,1577242800,58,104,46,162,52,1.1032758987767766,-1.1210563543570593
207,1577257200,41,27,-14,68,52,0.6849722404727854,-1.4806103969259428
207,1577271600,152,71,-81,223,52,0.21786648869999536,-0.8877287309878903
207,1577286000,237,108,-129,345,52,-0.11677643794319752,-0.4210734842495522
207,1577300400,260,150,-110,410,52,0.015686387186399666,-0.1724456888561754
207,1577314800,143,187,44,330,52,1.0893324434999767,-0.4784491293403315
207,1577329200,49,73,24,122,52,0.9498978907319797,-1.2740580745991374
207,1577343600,151,48,-103,199,52,0.06448848065519863,-0.9795297631331371
207,1577358000,543,196,-347,739,52,-1.6366130631143652,1.0859934601349166
207,1577372400,444,157,-287,601,52,-1.218309404810374,0.5581375252997473
207,1577386800,427,351,-76,778,52,0.2527251268919946,1.2351701373709427
207,1577401200,222,254,32,476,52,1.0056717118391785,0.08000714954325339
207,1577415600,67,132,65,199,52,1.2357387239063737,-0.9795297631331371
207,1577430000,140,49,-91,189,52,0.14814921231599684,-1.0177801931936565
207,1577444400,616,243,-373,859,52,-1.8178779817127613,1.5449986208611508
207,1577458800,488,184,-304,672,52,-1.3368287746631715,0.8297155787294358
207,1577473200,516,343,-173,859,52,-0.423532454032791,1.5449986208611508
207,1577487600,271,339,68,610,52,1.2566539068215732,0.5925629123542149
