remote_unit_id,time_stamp,entries,exits,num_people_exited,sum_exit_entry,week_num,z_score_num_people_exited,z_score_sum_exit_entry
333,1546300800,0,0,0,0,1,0.4686890130297727,-1.363177788542664
333,1546315200,71,81,10,152,1,0.5526166118612084,-0.8516215218157301
333,1546329600,37,24,-13,61,1,0.3595831345489064,-1.157882181500934
333,1546344000,132,93,-39,225,1,0.14137137758717377,-0.6059398937166106
333,1546358400,248,194,-54,442,1,0.015479979340020324,0.12437398707118294
333,1546372800,195,218,23,413,1,0.6617224903420746,0.026774436182491635
333,1546387200,69,122,53,191,1,0.9135052868363815,-0.7203669533792143
333,1546401600,14,24,10,38,1,0.5526166118612084,-1.2352887218609305
333,1546416000,251,192,-59,443,1,-0.02648382007569749,0.1277394888259654
333,1546430400,611,272,-339,883,1,-2.376456587355895,1.6085602609302474
333,1546444800,420,273,-147,693,1,-0.7650466897923311,0.9691149275215801
333,1546459200,352,439,87,791,1,1.1988591228632626,1.2989340994902612
333,1546473600,92,143,51,235,1,0.8967197670700944,-0.5722848761687861
333,1546488000,12,29,17,41,1,0.6113659310432132,-1.2251922165965832
333,1546502400,293,162,-131,455,1,-0.6307625316620341,0.16812550988335492
333,1546516800,653,298,-355,951,1,-2.510740745486192,1.8374143802554543
333,1546531200,334,333,-1,667,1,0.4602962531466292,0.8816118818972362
333,1546545600,361,476,115,837,1,1.4338563995912825,1.4537471802102542
333,1546560000,108,132,24,240,1,0.6701152502252182,-0.5554573673948737
333,1546574400,15,21,6,36,1,0.5190455723286341,-1.2420197253704954
333,1546588800,284,192,-92,476,1,-0.3034448962194351,0.23880104673378655
333,1546598660,74,56,-18,130,1,0.3176193351331886,-0.9256625604209442
333,1546599608,6,3,-3,9,1,0.443510733380342,-1.3328882727496218
333,1546603200,619,284,-335,903,1,-2.342885547823321,1.6758702960258964
333,1546606070,73,59,-14,132,1,0.35119037466576286,-0.9189315569113793
333,1546617600,282,246,-36,528,1,0.16654965723660448,0.4138071379824744
333,1546632000,394,453,59,847,1,0.963861846135243,1.487402197758079
333,1546646400,152,196,44,348,1,0.8379704478880895,-0.1919831778783682
333,1546660800,25,48,23,73,1,0.6617224903420746,-1.1174961604435445
333,1546675200,71,35,-36,106,1,0.16654965723660448,-1.0064346025357234
333,1546689600,252,166,-86,418,1,-0.2530883369205737,0.04360194495640393
333,1546704000,422,204,-218,626,1,-1.360932641495524,0.7436263099511554
333,1546718400,374,238,-136,612,1,-0.6727263310777519,0.696509285384201
333,1546732800,172,139,-33,311,1,0.19172793688603515,-0.31650674280531915
333,1546747200,42,42,0,84,1,0.4686890130297727,-1.0804756411409373
333,1546761600,59,50,-9,109,1,0.3931541740814807,-0.9963380972713759
333,1546776000,286,197,-89,483,1,-0.2782666165700044,0.26235955901726377
333,1546790400,411,230,-181,641,1,-1.0504005258192122,0.7941088362728923
333,1546804800,268,216,-52,484,1,0.03226549910630745,0.2657250607720462
333,1546819200,88,82,-6,170,1,0.4183324537309114,-0.7910424902296459
333,1546833600,14,25,11,39,1,0.5610093717443518,-1.231923220106148
333,1546848000,372,153,-219,525,1,-1.3693254013786678,0.403710632718127
333,1546862400,698,292,-406,990,1,-2.938771499526514,1.9686689486919702
333,1546876800,289,297,8,586,1,0.5358310920949212,0.609006239759857
333,1546891200,375,428,53,803,1,0.9135052868363815,1.3393201205476506
333,1546905600,84,147,63,231,2,0.7770647970105505,-0.7165084351074368
333,1546920000,9,20,11,29,2,0.47094836182457606,-1.311012446611815
333,1546934400,366,168,-198,534,2,-0.7594042334421289,0.17524758214913042
333,1546948800,821,305,-516,1126,2,-2.6314239716948187,1.917556368340179
333,1546963200,345,326,-19,671,2,0.29434272614036006,0.5784507978723967
333,1546977600,367,440,73,807,2,0.8359333422386226,0.9787109244297999
333,1546992000,99,139,40,238,2,0.6416671429859849,-0.695906810946394
333,1546994481,6,9,3,15,2,0.4238535256421185,-1.3522156949339006
333,1547006400,9,15,6,24,2,0.4415140892105401,-1.3257278924411313
333,1547020800,356,181,-175,537,2,-0.6240065794175633,0.1840768496467202
333,1547035200,781,325,-456,1106,2,-2.278212700326387,1.858694585022914
333,1547049600,348,328,-20,676,2,0.2884558716175529,0.5931662437017131
333,1547064000,374,458,84,832,2,0.9006887419895018,1.0522881535763813
333,1547078400,130,170,40,300,2,0.6416671429859849,-0.513435282662872
333,1547092800,16,22,6,38,2,0.4415140892105401,-1.2845246441190457
333,1547107200,381,207,-174,588,2,-0.6181197248947561,0.33417439710574637
333,1547121600,781,286,-495,1067,2,-2.5078000267158678,1.7439141075542468
333,1547136000,363,308,-55,671,2,0.08241596331930082,0.5784507978723967
333,1547150400,373,488,115,861,2,1.083181232196525,1.1376377393864159
333,1547164800,109,146,37,255,2,0.6240065794175633,-0.6458742951267186
333,1547179200,17,36,19,53,2,0.5180431980070337,-1.2403783066310967
333,1547193600,337,179,-158,516,2,-0.5239300525298409,0.12227197716359177
333,1547208000,727,278,-449,1005,2,-2.2370047186667366,1.5614425792707247
333,1547222400,465,317,-148,782,2,-0.4650615073017689,0.9051336952832184
333,1547236800,404,473,69,877,2,0.8123859241473937,1.1847271660402279
333,1547251200,145,196,51,341,2,0.7064225427368641,-0.3927686268624784
333,1547265600,21,40,19,61,2,0.5180431980070337,-1.2168335933041907
333,1547280000,51,39,-12,90,2,0.33555070780001045,-1.1314840074941561
333,1547294400,262,185,-77,447,2,-0.047094836182457606,-0.08080117528097304
333,1547308800,278,218,-60,496,2,0.05298169070526481,0.06341019384632661
333,1547323200,271,245,-26,516,2,0.25313474448070966,0.12227197716359177
333,1547337600,128,172,44,300,2,0.6652145610772137,-0.513435282662872
333,1547352000,29,44,15,73,2,0.4944957799158049,-1.1815165233138316
333,1547366234,40,49,9,89,2,0.4591746527789617,-1.1344270966600194
333,1547366400,13,13,0,26,2,0.4061929620736969,-1.3198417141094048
333,1547380800,220,176,-44,396,2,0.14717136307018003,-0.2308987227399992
333,1547395200,317,210,-107,527,2,-0.22370047186667363,0.1546459579880876
333,1547409600,176,228,52,404,2,0.7123093972596714,-0.20735400941309315
333,1547424000,75,109,34,184,2,0.6063460158491417,-0.8548336259030099
333,1547438400,10,21,11,31,2,0.47094836182457606,-1.3051262682800884
333,1547452800,355,178,-177,533,2,-0.6357802884631777,0.17230449298326717
333,1547467200,788,247,-541,1035,2,-2.778595334764999,1.6497352542466226
333,1547481600,330,299,-31,629,2,0.22370047186667363,0.4548410529061399
333,1547496000,379,480,101,859,2,1.0007652688772242,1.1317515610546893
333,1547510400,68,89,21,157,3,0.6104377791127359,-0.8290538890120436
333,1547524800,12,10,-2,22,3,0.4380494840563426,-1.2444355282490056
333,1547539200,371,137,-234,508,3,-1.300823753034234,0.2509383730040577
333,1547539728,57,18,-39,75,3,0.16072918331344888,-1.0813597735856058
333,1547553600,704,286,-418,990,3,-2.679930113485381,1.7340046701315812
333,1547568000,342,304,-38,646,3,0.16822432657677033,0.6755507153351744
333,1547582400,388,461,73,849,3,1.0001852288054516,1.30016162470631
333,1547596800,85,97,12,182,3,0.5429814897428429,-0.7521313632274209
333,1547611200,11,12,1,23,3,0.4605349138463069,-1.2413586272176207
333,1547625600,367,179,-188,546,3,-0.9560471629214473,0.36786061219668403
333,1547640000,818,308,-510,1126,3,-3.3694832937109545,2.152463210399928
333,1547654400,363,368,5,731,3,0.49051548689959273,0.9370873030028912
333,1547668800,391,476,85,867,3,1.0901269479653088,1.3555458432712382
333,1547683200,80,115,35,195,3,0.7153697847992363,-0.7121316498194172
333,1547697600,11,19,8,30,3,0.513000916689557,-1.2198203199979263
333,1547712000,385,149,-236,534,3,-1.3158140395608768,0.33093779982006516
333,1547713192,13,12,-1,25,3,0.445544627319664,-1.2352048251548509
333,1547726400,731,335,-396,1066,3,-2.515036961692309,1.967849148516834
333,1547740800,351,326,-25,677,3,0.26566118899994917,0.7709346473081065
333,1547755200,427,421,-6,848,3,0.40806891100305676,1.297084723674925
333,1547769600,98,108,10,206,3,0.5279912032162,-0.6782857384741833
333,1547784000,8,19,11,27,3,0.5354863464795214,-1.229051023092081
333,1547797522,244,158,-86,402,3,-0.1915425500626593,-0.07521313632274212
333,1547798400,69,35,-34,104,3,0.19820489963005614,-0.9921296436754434
333,1547812800,714,310,-404,1024,3,-2.5749981077988804,1.838619305198668
333,1547827200,387,355,-32,742,3,0.21319518615669902,0.9709332143481252
333,1547841600,416,424,8,840,3,0.513000916689557,1.2724695154238457
333,1547856000,207,192,-15,399,3,0.3406126216331637,-0.08444383941689684
333,1547870400,23,39,16,62,3,0.5729620627961287,-1.1213594869936094
333,1547884800,52,49,-3,101,3,0.43055434079302113,-1.0013603467695982
333,1547899200,269,212,-57,481,3,0.025816604573662763,0.16786204515666528
333,1547913600,297,251,-46,548,3,0.10826318047019873,0.3740144142594538
333,1547928000,277,226,-51,503,3,0.07078746415359147,0.23555386784713314
333,1547942400,125,156,31,281,3,0.6853892117459505,-0.4475181611203155
333,1547956800,23,25,2,48,3,0.46803005710962836,-1.164436101432998
333,1547971200,35,41,6,76,3,0.4980106301629142,-1.0782828725542208
333,1547985600,175,173,-2,348,3,0.4380494840563426,-0.24136579201752692
333,1548000000,304,225,-79,529,3,-0.13907654721940915,0.31555329466314064
333,1548014400,208,232,24,440,3,0.6329232089027003,0.04170910286988421
333,1548028800,84,127,43,211,3,0.7753309309058078,-0.6629012333172587
333,1548043200,15,23,8,38,3,0.513000916689557,-1.1952051117468472
333,1548057600,95,67,-28,162,3,0.24317575920998483,-0.813669383855119
333,1548072000,322,218,-104,540,3,-0.3264551288024454,0.3493992060083746
333,1548086400,296,212,-84,508,3,-0.1765522635360164,0.2509383730040577
333,1548100800,237,236,-1,473,3,0.445544627319664,0.14324683690558604
333,1548115200,71,150,79,221,4,0.8996174031894816,-0.8091522014795501
333,1548129600,11,35,24,46,4,0.5209299591612079,-1.3523967695667884
333,1548144000,320,150,-170,470,4,-0.8148039343203394,-0.036192787458279724
333,1548158400,693,320,-373,1013,4,-2.2125048640974225,1.6494175009495509
333,1548172800,321,323,2,644,4,0.3694549815498984,0.5039475259541744
333,1548187200,374,476,102,850,4,1.0579776070558506,1.1434239889597233
333,1548201600,101,210,109,311,4,1.1061741908412672,-0.5297692807489705
333,1548216000,15,53,38,68,4,0.6173231267320413,-1.2841031667215357
333,1548230400,324,178,-146,502,4,-0.6495585041989108,0.06314336213481528
333,1548244800,758,300,-458,1058,4,-2.797749095777482,1.7891089613148408
333,1548259200,353,307,-46,660,4,0.03896412130704137,0.5536156007507218
333,1548273600,437,501,64,938,4,0.7963390093635888,1.4165984003407346
333,1548288000,111,227,116,338,4,1.1543707746266838,-0.44595440452979657
333,1548302400,17,53,36,70,4,0.6035526742219222,-1.2778946573719672
333,1548316800,306,183,-123,489,4,-0.4911983003325418,0.022788051362620434
333,1548331200,682,271,-411,953,4,-2.4741434617896845,1.4631622204624979
333,1548345600,353,278,-75,631,4,-0.16070744008968477,0.4635922151819795
333,1548360000,390,484,94,874,4,1.0028957970153745,1.2179261011545446
333,1548374400,114,250,136,364,4,1.2920752997278744,-0.3652437829854069
333,1548388800,13,43,30,56,4,0.5622413166915651,-1.3213542228189463
333,1548403200,306,187,-119,493,4,-0.4636573953123037,0.03520507006175731
333,1548417600,737,351,-386,1088,4,-2.302012805413196,1.8822366015583674
333,1548432000,381,375,-6,756,4,0.31437317150942223,0.8516240495300068
333,1548446400,434,471,37,905,4,0.6104379004769817,1.3141579960728553
333,1548460800,171,246,75,417,4,0.8720764981692435,-0.20071828522184332
333,1548475200,31,74,43,105,4,0.6517492580073388,-1.1692457437545196
333,1548489600,55,51,-4,106,4,0.3281436240195413,-1.1661414890797352
333,1548493211,48,26,-22,74,4,0.2042095514284699,-1.2654776386728304
333,1548493465,6,4,-2,10,4,0.3419140765296603,-1.4641499378590204
333,1548504000,195,131,-64,326,4,-0.08496995128403002,-0.4832054606272072
333,1548518400,348,230,-118,578,4,-0.4567721690572442,0.2990667174184159
333,1548532800,305,248,-57,553,4,-0.036773367498613374,0.22146035054881044
333,1548547200,334,164,-170,498,4,-0.8148039343203394,0.0507263434356784
333,1548561600,32,77,45,109,4,0.6655197105174578,-1.1568287250553826
333,1548576000,42,50,8,92,4,0.41076633908025556,-1.2096010545267144
333,1548590400,233,145,-88,378,4,-0.25021538140545857,-0.32178421753842784
333,1548604800,330,190,-140,520,4,-0.6082471466685537,0.11901994628093121
333,1548619200,203,205,2,408,4,0.3694549815498984,-0.22865657729490127
333,1548633600,87,146,59,233,4,0.7619128780882911,-0.7719011453821395
333,1548648000,17,35,18,52,4,0.4796186016308508,-1.3337712415180831
333,1548662400,313,159,-154,472,4,-0.704640314239387,-0.029984278108711283
333,1548676800,636,341,-295,977,4,-1.6754572162027797,1.5376643326573192
333,1548691200,333,282,-51,615,4,0.004537990031743758,0.413924140385432
333,1548705600,392,480,88,872,4,0.9615844394850173,1.2117175918049763
333,1548720000,129,210,81,339,5,0.6870278663743089,-0.4255172833956524
333,1548734400,18,44,26,62,5,0.39600608506399426,-1.2689397342049242
333,1548748800,374,162,-212,536,5,-0.8633245322424581,0.17431745598855886
333,1548763200,705,310,-395,1015,5,-1.8316333682385957,1.6327988781461082
333,1548777600,331,351,20,682,5,0.3642582543755963,0.6188650293392941
333,1548792000,384,495,111,879,5,0.8457670198162986,1.2186997687235055
333,1548806400,135,239,104,374,5,0.8087278840131678,-0.3189476596471885
333,1548820800,17,49,32,66,5,0.42775391575239224,-1.2567603486336711
333,1548835200,306,138,-168,444,5,-0.6305071071942064,-0.10580841215026063
333,1548849600,1069,303,-766,1372,5,-3.7947075658045364,2.7198090403804405
333,1548864000,528,285,-243,813,5,-1.027354990799181,1.0177399067978306
333,1548878400,386,519,133,905,5,0.9621757323404245,1.29786577493665
333,1548892800,113,235,122,348,5,0.9039713760783616,-0.39811366586033314
333,1548907200,13,33,20,46,5,0.3642582543755963,-1.3176572764899364
333,1548921600,286,151,-135,437,5,-0.4558940384080177,-0.12712233689995342
333,1548936000,828,239,-589,1067,5,-2.8581465604967966,1.7911308905723975
333,1548950400,269,257,-12,526,5,0.1949364907041405,0.1438689920604263
333,1548964800,331,392,61,723,5,0.5812017640796491,0.7437037314446376
333,1548979200,138,203,65,341,5,0.602366984538581,-0.41942759061002594
333,1548993600,30,67,37,97,5,0.4542104413260572,-1.1623701104564603
333,1549008000,268,131,-137,399,5,-0.46647664863748367,-0.2428264998268571
333,1549022400,666,304,-362,970,5,-1.657020299452407,1.4957807904695117
333,1549036800,319,315,-4,634,5,0.23726693162200446,0.4727124024842579
333,1549051200,533,497,-36,1030,5,0.06794516795054868,1.678471574038307
333,1549065600,126,224,98,350,5,0.7769800533247698,-0.3920239730747066
333,1549080000,18,76,58,94,5,0.5653278487354501,-1.1715046496349
333,1549094400,55,34,-21,89,5,0.14731474467154357,-1.1867288815989663
333,1549108800,193,226,33,419,5,0.4330452208671252,-0.181929571970592
333,1549123200,240,274,34,514,5,0.4383365259818582,0.10733083534666725
333,1549137600,217,265,48,482,5,0.5124147975881201,0.00989575077664308
333,1549152000,96,186,90,282,5,0.7346496124069058,-0.599073527786008
333,1549166400,24,68,44,92,5,0.49124957712918815,-1.1775943424205264
333,1549180800,34,45,11,79,5,0.3166365083429994,-1.2171773455270989
333,1549195200,157,191,34,348,5,0.4383365259818582,-0.39811366586033314
333,1549209600,218,188,-30,406,5,0.09969299863894664,-0.22151257507716432
333,1549224000,148,252,104,400,5,0.8087278840131678,-0.23978165343404387
333,1549238400,91,117,26,208,5,0.39600608506399426,-0.8243921608541889
333,1549252800,19,34,15,53,5,0.3378017288019313,-1.2963433517402434
333,1549267200,305,185,-120,490,5,-0.37652446168702275,0.03425452191914912
333,1549267781,49,7,-42,56,5,0.03619733726215072,-1.2872088125618038
333,1549281600,619,240,-379,859,5,-1.746972486402868,1.1578028408672403
333,1549296000,314,292,-22,606,5,0.14202343955681057,0.3874567034854867
333,1549300806,145,172,27,317,5,0.40129739017872723,-0.49250390403754407
333,1549310400,363,453,90,816,5,0.7346496124069058,1.0268744459762704
333,1549324800,100,239,139,339,6,1.2075225192380348,-0.5003335492096138
333,1549339200,14,44,30,58,6,0.6432354684472704,-1.175748332747955
333,1549353600,266,143,-123,409,6,-0.14883718082783923,-0.33208075615735805
333,1549368000,645,276,-369,921,6,-1.4223657541721333,0.8985682444534273
333,1549382251,312,281,-31,593,6,0.3274417978212463,0.11018372843714291
333,1549382338,2,0,-2,2,6,0.47757321500411026,-1.3103505671897597
333,1549382400,209,232,23,441,6,0.6069968505065791,-0.255165193619184
333,1549396800,351,443,92,794,6,0.9642060844933933,0.5933096056300489
333,1549411200,95,201,106,296,6,1.0366833203747758,-0.6036888363702853
333,1549425600,11,62,51,73,6,0.7519513222693444,-1.139694162808186
333,1549440000,348,177,-171,525,6,-0.3973305609925795,-0.053261841956477006
333,1549454400,688,275,-413,963,6,-1.6501513526564784,0.9995199202847808
333,1549468800,514,296,-218,810,6,-0.6406469957372211,0.6317673868991359
333,1549483200,400,475,75,875,6,0.8761980123517145,0.788002123304802
333,1549497600,124,231,107,355,6,1.0418602657948746,-0.4618757679405268
333,1549512000,13,47,34,60,6,0.6639432501276654,-1.1709411100893192
333,1549526400,322,189,-133,511,6,-0.2006066350288268,-0.08691240056692817
333,1549540800,1023,294,-729,1317,6,-3.286066105407685,1.8503983308633316
333,1549555200,570,327,-243,897,6,-0.77007063123969,0.8408815725497967
333,1549569600,638,468,-170,1106,6,-0.39215361557248074,1.3432363403772463
333,1549584000,183,207,24,390,6,0.6121737959266779,-0.3777493714143989
333,1549598400,21,52,31,73,6,0.6484124138673691,-1.139694162808186
333,1549612800,521,204,-317,725,6,-1.153164592326998,0.42746042390711103
333,1549627200,970,366,-604,1336,6,-2.638947927895341,1.8960669461203725
333,1549641600,281,262,-19,543,6,0.3895651428624314,-0.009996838028754085
333,1549656000,1251,836,-415,2087,6,-1.660505243496676,3.7011790544381453
333,1549670400,258,234,-24,492,6,0.3636804157619376,-0.13258101582396903
333,1549684800,52,81,29,133,6,0.6380585230271717,-0.9954774830491095
333,1549699200,66,35,-31,101,6,0.3274417978212463,-1.0723930455872837
333,1549713600,382,130,-252,512,6,-0.8166631400205787,-0.08450878923761022
333,1549728000,396,259,-137,655,6,-0.2213144167092218,0.2592076308548552
333,1549742400,348,223,-125,571,6,-0.15919107166803675,0.057304279192148234
333,1549756800,177,173,-4,350,6,0.4672193241639127,-0.47389382458711654
333,1549771200,39,63,24,102,6,0.6121737959266779,-1.0699894342579657
333,1549785600,33,39,6,72,6,0.5189887783649003,-1.1420977741375038
333,1549800000,230,216,-14,446,6,0.41544986996292516,-0.24314713697259427
333,1549814400,294,206,-88,500,6,0.03235590887561723,-0.11335212518942551
333,1549828800,180,206,26,386,6,0.6225276867668754,-0.3873638167316707
333,1549843200,70,120,50,190,6,0.7467743768492455,-0.8584716372779869
333,1549857600,12,26,14,38,6,0.5604043417256903,-1.2238205593343139
333,1549872000,304,184,-120,488,6,-0.13330634456754298,-0.1421954611412408
333,1549886400,665,274,-391,939,6,-1.5362585534143058,0.9418332483811502
333,1549900800,337,347,10,684,6,0.5396965600452953,0.32891235940507546
333,1549915200,396,521,125,917,6,1.1350452833566522,0.8889537991361555
333,1549929600,112,357,245,469,7,1.6805577701787913,-0.16466972703520086
333,1549944000,11,54,43,65,7,0.47834027785685246,-1.4073467461731286
333,1549958400,311,207,-104,518,7,-0.3965407685358456,-0.013948999466491797
333,1549972800,647,304,-343,951,7,-1.8189664153920007,1.3179300829263862
333,1549987200,316,283,-33,599,7,0.02602082530008341,0.23520159100423135
333,1550001600,332,455,123,787,7,0.9544660173902936,0.8134770355535641
333,1550016000,82,250,168,332,7,1.2222867458778541,-0.5860725775844486
333,1550030400,18,35,17,53,7,0.32359941250848406,-1.444257944761384
333,1550044800,341,191,-150,532,7,-0.6703130687675741,0.029114065553139362
333,1550059200,997,345,-652,1342,7,-3.658002084339917,2.5206199702603707
333,1550073600,471,296,-175,767,7,-0.8191023623717745,0.7519583712398052
333,1550088000,584,509,-75,1093,7,-0.22394518795497315,1.7547125995540738
333,1550102400,147,271,124,418,7,0.9604175891344615,-0.3215423210352858
333,1550116800,15,53,38,68,7,0.4485824191360124,-1.3981189465260648
333,1550131200,329,183,-146,512,7,-0.6465067817909022,-0.032404598760619435
333,1550145600,729,333,-396,1062,7,-2.1343997178329053,1.6593586698677476
333,1550160000,488,314,-174,802,7,-0.8131507906276065,0.8596160337888832
333,1550174400,502,475,-27,977,7,0.061730255765091495,1.3979043465342726
333,1550188800,211,247,36,458,7,0.43667927564767633,-0.1985049924077682
333,1550203200,31,74,43,105,7,0.47834027785685246,-1.2843094175456111
333,1550217600,396,728,332,1124,7,2.1983445119214085,1.8500665292404
333,1550222495,380,121,-259,501,7,-1.3190343888818876,-0.06623986413318678
333,1550232000,483,217,-266,700,7,-1.3606953910910637,0.5458708457887133
333,1550246400,486,319,-167,805,7,-0.7714897884184304,0.868843833435947
333,1550260800,447,434,-13,881,7,0.1450522601834437,1.1026147578282304
333,1550275200,156,232,76,388,7,0.6747421454143969,-0.413820317505924
333,1550289600,34,75,41,109,7,0.4664371343685164,-1.2720056846828593
333,1550304000,52,65,13,117,7,0.29979312553181203,-1.2473982189573558
333,1550318400,264,233,-31,497,7,0.037923968788419436,-0.07854359699593853
333,1550332800,327,319,-8,646,7,0.17481011890428375,0.3797704521415645
333,1550347200,304,307,3,611,7,0.2402774080901319,0.27211278959248664
333,1550361600,156,242,86,398,7,0.7342578628560771,-0.3830609853490446
333,1550376000,31,87,56,118,7,0.5557107105310366,-1.2443222857416678
333,1550390400,31,54,23,85,7,0.3593088429734922,-1.3458280818593698
333,1550404800,258,236,-22,494,7,0.09148811448593157,-0.08777139664300236
333,1550419200,318,223,-95,541,7,-0.3429766228383334,0.056797464494330825
333,1550433600,224,266,42,490,7,0.4723887061126844,-0.10007512950575412
333,1550448000,92,159,67,251,7,0.6211779997168848,-0.8352231680551718
333,1550462400,17,44,27,61,7,0.3831151299501642,-1.4196504790358804
333,1550476800,81,60,-21,141,7,0.09743968623009958,-1.1735758217808452
333,1550491200,297,193,-104,490,7,-0.3965407685358456,-0.10007512950575412
333,1550505600,272,274,2,546,7,0.23432583634596388,0.07217713057277052
333,1550520000,258,307,49,565,7,0.5140497083218605,0.1306198616708414
333,1550534400,89,198,109,287,8,0.8613588063987268,-0.6677943967297106
333,1550548800,13,57,44,70,8,0.5437112532930816,-1.351219264928728
333,1550563200,239,127,-112,366,8,-0.21864287416046693,-0.4189899516249992
333,1550563298,4,1,-3,5,8,0.3140276379705381,-1.5559317830528576
333,1550577600,885,271,-614,1156,8,-2.671859361222527,2.069054499422115
333,1550592000,297,314,17,611,8,0.41176534661842895,0.3526187705351818
333,1550606400,347,458,111,805,8,0.8711325772635158,0.9636069015518149
333,1550620800,114,234,120,348,8,0.9151145461550667,-0.4756795720286043
333,1550635200,18,40,22,58,8,0.43619977378040165,-1.389012345197798
333,1550649600,257,148,-109,405,8,-0.20398221786328333,-0.2961624407505214
333,1550652460,256,44,-212,300,8,-0.7073314173999212,-0.6268518931048846
333,1550656533,268,67,-201,335,8,-0.6535756776435813,-0.5166220756534302
333,1550664000,205,240,35,445,8,0.4997292844015307,-0.17018550652028774
333,1550678400,312,328,16,640,8,0.40687846118603443,0.4439520478521012
333,1550692800,493,419,-74,912,8,-0.03294122772947435,1.30059520061769
333,1550707200,147,245,98,392,8,0.8076030666423868,-0.3371049443753473
333,1550721600,19,46,27,65,8,0.4606342009423744,-1.3669663817075073
333,1550736000,432,73,-359,505,8,-1.4257035759619188,0.018779894825062694
333,1550750400,897,256,-641,1153,8,-2.8038052678971797,2.0596062293548476
333,1550764800,331,340,9,671,8,0.3726702631592726,0.5415841718805322
333,1550779200,342,440,98,782,8,0.8076030666423868,0.8911701643694305
333,1550793600,116,273,157,389,8,1.0959293071536647,-0.34655321444261483
333,1550808000,14,62,48,76,8,0.5632587950226597,-1.332322724794193
333,1550822400,245,145,-100,390,8,-0.16000024897173243,-0.343403791086859
333,1550836800,606,268,-338,874,8,-1.3230789818816335,1.180917113098968
333,1550851200,314,277,-37,591,8,0.1478735332691237,0.289630303420065
333,1550865600,385,458,73,843,8,0.6854309308325233,1.083284989070537
333,1551484800,5809,6622,813,12431,9,3.7234817719746496,4.111774622876088
333,1551499200,35,67,32,102,9,0.03801343779034882,-0.32726414351397237
333,1551513600,47,33,-14,80,9,-0.17905640007453957,-0.3351852119591489
333,1551528000,200,123,-77,323,9,-0.47634769975906066,-0.24769341049651733
333,1551542400,243,204,-39,447,9,-0.29702913804458764,-0.20304738835097694
333,1551556800,257,178,-79,435,9,-0.4857855187966645,-0.20736797113925504
333,1551571200,135,163,28,298,9,0.019137799715141134,-0.25669462463876336
333,1551585600,37,82,45,119,9,0.0993592615347738,-0.3211433178972451
333,1551600000,38,65,27,103,9,0.014418890196339212,-0.32690409494828254
333,1551614400,146,206,60,352,9,0.17014290431680262,-0.23725200209151193
333,1551628800,307,176,-131,483,9,-0.7311688137743645,-0.19008563998614264
333,1551643200,204,167,-37,371,9,-0.28759131900698376,-0.23041107934340493
333,1551657600,108,145,37,253,9,0.06160798538435843,-0.27289681009480626
333,1551672000,14,44,30,58,9,0.028575618752744978,-0.34310628040432545
333,1551686400,192,88,-104,280,9,-0.6037582567667125,-0.2631754988211805
333,1551700800,551,248,-303,799,9,-1.542821251008295,-0.0763102932281526
333,1551715200,249,289,40,538,9,0.07576471394076419,-0.17028296887320132
333,1551729600,311,414,103,725,9,0.37305601362528523,-0.1029538870892009
333,1551744000,84,248,164,332,10,1.285784668550421,-0.5624216881483849
333,1551758400,15,41,26,56,10,0.40027992295652365,-1.4547830635954253
333,1551772800,333,192,-141,525,10,-0.6713091532331927,0.06158463598668322
333,1551787200,677,297,-380,974,10,-2.2049007053849423,1.5132884677827743
333,1551801600,305,340,35,645,10,0.4580302324517778,0.4495678427027877
333,1551816000,390,471,81,861,10,0.753198480983077,1.147937614791776
333,1551830400,120,283,163,403,10,1.2793679674953928,-0.33286495750802303
333,1551844800,17,58,41,75,10,0.49653043878194725,-1.3933523891987087
333,1551859200,337,179,-158,516,10,-0.7803930711686728,0.03248589548297538
333,1551873600,682,281,-401,963,10,-2.3396514275405353,1.4777233405004646
333,1551888000,324,344,20,668,10,0.36177971662635416,0.5239312906567077
333,1551902400,373,470,97,843,10,0.8558656978635287,1.0897401337843602
333,1551916800,114,273,159,387,10,1.2537011632752797,-0.384596051736837
333,1551931200,14,55,41,69,10,0.49653043878194725,-1.412751549534514
333,1551945600,338,194,-144,532,10,-0.6905592563982774,0.08421698971178931
333,1551960000,701,306,-395,1007,10,-2.301151221210366,1.619983849629703
333,1551974400,374,319,-55,693,10,-0.11947286250076393,0.6047611253892295
333,1551988800,404,528,124,932,10,1.0291166263492912,1.3774943454321378
333,1552003200,122,295,173,417,10,1.3435349780456751,-0.2876002500578108
333,1552017600,17,70,53,87,10,0.5735308514422861,-1.3545540685270983
333,1552032000,325,189,-136,514,10,-0.6392256479580515,0.02601950870437364
333,1552046400,631,309,-322,940,10,-1.8327320441933042,1.4033598925465447
333,1552060800,337,388,51,725,10,0.5606974493322296,0.7082233138468574
333,1552075200,685,449,-236,1134,10,-1.2808957534608756,2.0305994100709137
333,1552089600,152,279,127,431,10,1.048366729514376,-0.24233554260759865
333,1552104000,36,90,54,126,10,0.5799475524973144,-1.2284595263443643
333,1552118400,49,31,-18,80,10,0.11794507653528101,-1.3771864222522043
333,1552132800,159,143,-16,302,10,0.13077847864533748,-0.659417489827411
333,1552147200,265,190,-75,455,10,-0.24780688360132877,-0.16473890126437774
333,1552161600,288,194,-94,482,10,-0.36972420364686537,-0.07744267975325422
333,1552176000,130,170,40,300,10,0.490113737726919,-0.6658838766060128
333,1552194000,39,89,50,128,10,0.5542807482772014,-1.2219931395657626
333,1552208400,45,79,34,124,10,0.4516135313967496,-1.234925913122966
333,1552222800,199,180,-19,379,10,0.11152837548025277,-0.41046159885124395
333,1552237200,264,203,-61,467,10,-0.15797306883093337,-0.1259405805927673
333,1552251600,181,166,-15,347,10,0.13719517970036574,-0.5139237873088718
333,1552266000,91,101,10,192,10,0.29761270607607176,-1.0150687626505068
333,1552280400,12,26,14,38,10,0.32327951029618474,-1.5129805446028408
333,1552294800,630,283,-347,913,10,-1.9931495705690103,1.3160636710354212
333,1552309200,460,255,-205,715,10,-1.0819780207550003,0.6758913799538487
333,1552323600,327,365,38,692,10,0.4772803356168625,0.6015279319999287
333,1552338000,343,438,95,781,10,0.8430322957534723,0.8892821436477062
333,1552352400,85,166,81,251,11,0.7573762963783155,-0.8875054051479679
333,1552366800,13,33,20,46,11,0.3315702679997234,-1.5612926847815103
333,1552381200,665,278,-387,943,11,-2.5094633967558013,1.3869375095174532
333,1552395600,427,291,-136,718,11,-0.7573762963783155,0.6474148855294188
333,1552410000,354,358,4,712,11,0.2198834408840271,0.6276942822230713
333,1552424400,355,461,106,816,11,0.931886963746591,0.9695180728664294
333,1552438800,82,178,96,260,11,0.8620826967992807,-0.8579245001884466
333,1552453200,9,49,40,58,11,0.47117880189434375,-1.5218514781688153
333,1552467600,622,268,-354,890,11,-2.2791093158296776,1.2127388469780496
333,1552482000,451,270,-181,721,11,-1.0714954976412114,0.6572751871825927
333,1552496400,343,442,99,785,11,0.8830239768834739,0.8676282891169669
333,1552510800,352,515,163,867,11,1.329771285346259,1.137143200970384
333,1552525200,79,177,98,256,11,0.8760435501887428,-0.871071569059345
333,1552539600,12,27,15,39,11,0.2966681345260683,-1.5843000553055826
333,1552554000,602,299,-303,901,11,-1.9231075543983955,1.2488932863730202
333,1552568400,487,278,-209,765,11,-1.26694744509368,0.801892944762475
333,1552582800,425,354,-71,779,11,-0.3036485612207993,0.8479076858106193
333,1552597200,338,473,135,811,11,1.1343193378937906,0.9530842367778064
333,1552611600,83,193,110,276,11,0.959808670525515,-0.805336224704853
333,1552626000,13,43,30,56,11,0.40137453494703357,-1.5284250126042644
333,1552640400,553,313,-240,866,11,-1.4833406726303415,1.1338564337526593
333,1552654800,490,267,-223,757,11,-1.364673418819914,0.7755988070206782
333,1552669200,425,390,-35,815,11,-0.05235320021048264,0.9662313056487047
333,1552683600,348,501,153,849,11,1.2599670183989489,1.0779813910513412
333,1552698000,134,213,79,347,11,0.7434154429888534,-0.5719757522464066
333,1552712400,21,71,50,92,11,0.5409830688416539,-1.410101392766179
333,1552726800,99,98,-1,197,11,0.184981307410372,-1.0649908349050963
333,1552741200,287,222,-65,509,11,-0.2617660010524132,-0.03951946297502192
333,1552755600,308,284,-24,592,11,0.024431493431558565,0.23328221609611963
333,1552770000,242,251,9,493,11,0.2547855743576822,-0.09210773845861547
333,1552784400,112,199,87,311,11,0.7992588565467016,-0.6902993720844921
333,1552798800,24,72,48,96,11,0.5270222154521919,-1.3969543238952806
333,1552813200,75,76,1,151,11,0.19894216079983404,-1.2161821269204276
333,1552827600,300,245,-55,545,11,-0.191961734105103,0.07880415686306357
333,1552842000,295,266,-29,561,11,-0.010470640042096527,0.13139243234665712
333,1552856400,187,219,32,406,11,0.4153353883364956,-0.3780564864006554
333,1552870800,77,138,61,215,11,0.6177677624836951,-1.0058290249860535
333,1552885200,12,36,24,48,11,0.35949197477864747,-1.5547191503460611
333,1552899600,619,285,-334,904,11,-2.139500781935057,1.258753588026194
333,1552914000,417,259,-158,676,11,-0.9109456836623979,0.5093706623849857
333,1552928400,373,346,-27,719,11,0.0034902133473655094,0.6507016527471434
333,1552942800,324,460,136,784,11,1.1412997645885214,0.8643415218992423
333,1552957200,87,220,133,307,12,0.8492721463618546,-0.8672264205870768
333,1552971600,12,34,22,46,12,0.14313575500480696,-1.763308617068888
333,1552986000,619,302,-317,921,12,-2.0134429537342844,1.2407983634735829
333,1553000400,446,251,-195,697,12,-1.2373290821526646,0.47174697645471025
333,1553014800,382,350,-32,732,12,-0.20039005700672974,0.5919112556764091
333,1553029200,352,463,111,815,12,0.70931718591271,0.8768722606878663
333,1553043600,77,256,179,333,12,1.1419052454827932,-0.7779615274509576
333,1553058000,13,42,29,55,12,0.18766687878408023,-1.7324092309833083
333,1553072400,673,258,-415,931,12,-2.6368786866441103,1.2751310146797825
333,1553086800,455,247,-208,702,12,-1.3200297405998864,0.4889133020578101
333,1553101200,355,357,2,712,12,0.015903972778311883,0.5232459532640098
333,1553115600,364,477,113,841,12,0.7220403641353595,0.9661371538239855
333,1553130000,93,223,130,316,12,0.8301873790278803,-0.836327034501497
333,1553144400,11,34,23,45,12,0.14949734411613172,-1.766741882189508
333,1553158800,606,292,-314,898,12,-1.9943581864003102,1.1618332656993235
333,1553173200,463,280,-183,743,12,-1.1609900128167676,0.6296771720032287
333,1553187600,368,385,17,753,12,0.11132780944818318,0.6640098232094284
333,1553202000,332,484,152,816,12,0.9701423394770249,0.8803055258084863
333,1553216400,91,238,147,329,12,0.9383343939204012,-0.7916945879334375
333,1553230800,17,53,36,70,12,0.2321980025633535,-1.6809102541740089
333,1553245200,554,299,-255,853,12,-1.6190244288321498,1.007336335271425
333,1553259600,463,292,-171,755,12,-1.0846509434808704,0.6708763534506683
333,1553274000,411,329,-82,740,12,-0.5184695125729674,0.6193773766413688
333,1553288400,393,430,37,823,12,0.23855959167467825,0.9043383816528261
333,1553302800,128,285,157,413,12,1.0019502850336486,-0.5033003178013603
333,1553317200,22,78,56,100,12,0.35942978478984855,-1.5779123005554099
333,1553331600,103,129,26,232,12,0.16858211145010596,-1.1247213046335742
333,1553346000,321,292,-29,613,12,-0.18130528967275547,0.18335270632263306
333,1553360400,357,389,32,746,12,0.2067516461180545,0.6399769673650886
333,1553374800,313,472,159,785,12,1.0146734632562981,0.7738743070692673
333,1553389200,127,354,227,481,12,1.4472615228263814,-0.26983828959920253
333,1553403600,31,94,63,125,12,0.40396090856912187,-1.4920806725399107
333,1553418000,85,131,46,216,12,0.29581389367660105,-1.1796535465634936
333,1553432400,343,365,22,708,12,0.14313575500480696,0.5095128927815299
333,1553446800,334,376,42,710,12,0.270367537231302,0.5163794230227698
333,1553461200,199,454,255,653,12,1.6253860179434745,0.3206833111474317
333,1553475600,84,237,153,321,12,0.9765039285883497,-0.8191607088983972
333,1553490000,15,36,21,51,12,0.1367741658934822,-1.7461422914657883
333,1553504400,589,312,-277,901,12,-1.7589793892812944,1.1721330610611835
333,1553518800,399,303,-96,702,12,-0.607531760131514,0.4889133020578101
333,1553533200,337,369,32,706,12,0.2067516461180545,0.5026463625402899
333,1553547600,338,469,131,807,12,0.8365489681392051,0.8494061397229066
333,1553562000,75,241,166,316,13,1.4815612647046095,-0.6830843279033395
333,1553576400,12,28,16,40,13,0.34963839693368537,-1.6001926819750922
333,1553590800,608,295,-313,903,13,-2.1330457597105412,1.267432352676801
333,1553605200,481,273,-208,754,13,-1.3406997522708943,0.7723267557322679
333,1553619600,353,419,66,772,13,0.7269460195239934,0.8321381701282518
333,1553634000,362,477,115,839,13,1.0967074896624953,1.054769545935525
333,1553648400,110,213,103,323,13,1.0061536602408214,-0.6598243334160124
333,1553662800,14,54,40,68,13,0.5307460557770333,-1.507152704025784
333,1553677200,626,281,-345,907,13,-2.3745226381683384,1.2807237780981309
333,1553691600,460,278,-182,738,13,-1.1444997885239343,0.719161054046949
333,1553706000,366,363,-3,729,13,0.20626150034936835,0.689255346848957
333,1553720400,335,450,115,785,13,1.0967074896624953,0.8753353027475734
333,1553734800,97,173,76,270,13,0.8024075440420549,-0.8359357202486316
333,1553749200,14,41,27,55,13,0.43264607390355314,-1.5503498366451056
333,1553763600,576,277,-299,853,13,-2.027399625385255,1.1012895349101792
333,1553778000,474,267,-207,741,13,-1.3331535998190882,0.7291296231129463
333,1553792400,390,374,-16,764,13,0.10816151847588829,0.8055553192855923
333,1553806800,355,448,93,803,13,0.9306921357227597,0.9351467171435573
333,1553821200,81,211,130,292,13,1.2098997764395878,-0.762832880431318
333,1553835600,15,35,20,50,13,0.37982300674091,-1.5669641184217677
333,1553850000,522,302,-220,824,13,-1.4312535816925682,1.0049267006055385
333,1553864400,467,339,-128,806,13,-0.7370075561264017,0.9451152862095547
333,1553878800,415,369,-46,784,13,-0.11822305507829652,0.8720124463922411
333,1553893200,402,506,104,908,13,1.0136998126926275,1.2840466344534633
333,1553907600,127,204,77,331,13,0.8099536964938612,-0.633241482573353
333,1553922000,27,65,38,92,13,0.5156537508734209,-1.4274041514978053
333,1553936400,101,107,6,208,13,0.2741768724156238,-1.0419528142792427
333,1553950800,302,223,-79,525,13,-0.3672460859878998,0.011392650361139837
333,1553965200,349,249,-100,598,13,-0.5257152874758292,0.25396116430040777
333,1553979600,312,271,-41,583,13,-0.08049229281926572,0.20411831897042118
333,1553994000,127,191,64,318,13,0.711853714620381,-0.6764386151926747
333,1554008400,27,74,47,101,13,0.5835691229396763,-1.3974984442998135
333,1554022800,66,83,17,149,13,0.35718454938549155,-1.2380013392438565
333,1554037200,272,230,-42,502,13,-0.08803844527107188,-0.06503304581150622
333,1554051600,291,234,-57,525,13,-0.20123073204816427,0.011392650361139837
333,1554066000,161,197,36,358,13,0.5005614459698086,-0.5435243609793772
333,1554080400,67,94,27,161,13,0.43264607390355314,-1.1981270629798673
333,1554094800,13,19,6,32,13,0.2741768724156238,-1.6267755328177516
333,1554109200,598,276,-322,874,13,-2.200961131776797,1.1710695183721604
333,1554123600,427,289,-138,716,13,-0.8124690806444632,0.6460582142296353
333,1554138000,332,328,-4,660,13,0.1987153478975622,0.45997825833101885
333,1554152400,381,468,87,849,13,0.8854152210119227,1.0879981094888493
333,1554166800,84,149,65,233,14,0.7404402444283028,-0.9472506372393886
333,1554181200,10,25,15,35,14,0.3728700468940495,-1.6066318755237607
333,1554195600,628,267,-361,895,14,-2.391257838563535,1.2573472402568453
333,1554210000,430,289,-141,719,14,-0.7739489694128208,0.6712305840040701
333,1554224400,368,340,-28,708,14,0.05675967701459167,0.6345982929882716
333,1554238800,355,473,118,828,14,1.1300646538146113,1.034223285887891
333,1554253200,95,199,104,294,14,1.0271449985050205,-0.7441079325154155
333,1554267600,12,42,30,54,14,0.48314110615432554,-1.5433579183146544
333,1554282000,649,298,-351,947,14,-2.3177437990566845,1.430518070513347
333,1554296400,466,307,-159,773,14,-0.9062742405251519,0.8510618308088987
333,1554310800,374,395,21,769,14,0.4169784705981599,0.8377409977122449
333,1554325200,366,466,100,832,14,0.9977393827022801,1.047544118984545
333,1554339600,97,167,70,264,14,0.7771972641817282,-0.8440141807403203
333,1554354000,11,34,23,45,14,0.43168127849953003,-1.5733297927821257
333,1554368400,675,306,-369,981,14,-2.450069070169016,1.543745151834906
333,1554382800,453,270,-183,723,14,-1.0827079353415936,0.684551417100724
333,1554397200,379,410,31,789,14,0.4904925101050106,0.9043451631955147
333,1554411600,370,512,142,882,14,1.3064983486310529,1.2140545326927197
333,1554426000,126,201,75,327,14,0.8139542839351536,-0.6342110594680201
333,1554440400,24,48,24,72,14,0.4390326824502151,-1.4834141693797114
333,1554450099,211,149,-62,360,14,-0.19318805730870056,-0.5243141864206248
333,1554454800,375,165,-210,540,14,-1.2811958420100902,0.07512330292880438
333,1554469200,498,279,-219,777,14,-1.347358477566256,0.8643826639055527
333,1554483600,392,386,-6,778,14,0.21849056392966312,0.8677128721797163
333,1554498000,369,405,36,774,14,0.527249529858436,0.8543920390830623
333,1554512400,113,194,81,307,14,0.858062707639264,-0.70081522495129
333,1554526800,22,51,29,73,14,0.4757897022036405,-1.4800839611055479
333,1554541200,106,111,5,217,14,0.29935600738719886,-1.0005339696260047
333,1554555600,329,274,-55,603,14,-0.1417282296539051,0.2849264242011046
333,1554570000,342,329,-13,671,14,0.16703073627486767,0.5113805868442223
333,1554584400,285,235,-50,520,14,-0.10497120990047978,0.008519137445534479
333,1554598800,125,186,61,311,14,0.7110346286255625,-0.687494391854636
333,1554613200,33,68,35,101,14,0.5198981259077509,-1.38683812942897
333,1554627600,68,87,19,155,14,0.40227566269678977,-1.2070068826241414
333,1554642000,278,262,-16,540,14,0.14497652442281245,0.07512330292880438
333,1554656400,348,258,-90,606,14,-0.3990273679278824,0.29491704902359506
333,1554670800,175,203,28,378,14,0.46843829825295535,-0.46437043748568185
333,1554685200,63,133,70,196,14,0.7771972641817282,-1.070468343383438
333,1554699600,18,37,19,55,14,0.40227566269678977,-1.5400277100404909
333,1554714000,638,276,-362,914,14,-2.3986092425142203,1.3206211974659516
333,1554728400,436,269,-167,705,14,-0.9650854721306324,0.6246076681657811
333,1554742800,370,340,-30,710,14,0.04205686911322153,0.6412587095365986
333,1554757200,327,462,135,789,14,1.2550385209762576,0.9043451631955147
333,1554771600,86,186,100,272,15,1.040427942413155,-0.822268684257691
333,1554786000,11,38,27,49,15,0.5208071456321266,-1.5296599304005711
333,1554800400,627,296,-331,923,15,-2.027470186526889,1.2428062091908063
333,1554814800,456,294,-162,750,15,-0.8245124515132758,0.6940228657705452
333,1554829200,393,330,-63,723,15,-0.11982123396092209,0.608374598300331
333,1554843600,330,449,119,779,15,1.1756717114383541,0.7860154493496642
333,1554858000,83,196,113,279,15,1.1329631527988175,-0.8000635778765244
333,1554872400,14,33,19,47,15,0.46386240077941115,-1.5360042465094759
333,1554886800,667,275,-392,942,15,-2.4616738660288444,1.3030772122254015
333,1554901200,464,306,-158,770,15,-0.7960400790869181,0.7574660268595927
333,1554915600,401,387,-14,788,15,0.22896532826196,0.8145648718397355
333,1554930000,366,465,99,831,15,1.0333098493065656,0.9509676681811877
333,1554944400,95,181,86,276,15,0.940774638920903,-0.8095800520398815
333,1554958800,14,44,30,58,15,0.5421614249518949,-1.5011105079104996
333,1554973200,657,282,-375,939,15,-2.3406662832168244,1.2935607380620444
333,1554987600,487,267,-220,754,15,-1.2373618516954628,0.7067114979883548
333,1555002000,393,357,-36,750,15,0.07236727991699253,0.6940228657705452
333,1555016400,338,447,109,785,15,1.10449078037246,0.8050483976763784
333,1555030800,89,178,89,267,15,0.9621289182406713,-0.8381294745299529
333,1555045200,13,45,32,58,15,0.5563976111650738,-1.5011105079104996
333,1555059600,595,284,-311,879,15,-1.8851083243951008,1.103231254794902
333,1555074000,449,297,-152,746,15,-0.7533315204473815,0.6813342335527357
333,1555088400,437,418,-19,855,15,0.19337486272901286,1.0270994614880449
333,1555102800,622,458,-164,1080,15,-0.8387486377264546,1.7408350237398296
333,1555117200,165,230,65,395,15,0.791294683682525,-0.43209324356004863
333,1555131600,15,60,45,75,15,0.6489328215507364,-1.4471838209848094
333,1555146000,117,140,23,257,15,0.4923347732057689,-0.8698510550744767
333,1555160400,293,202,-91,495,15,-0.3191278409454262,-0.11487743811481092
333,1555174800,304,250,-54,554,15,-0.05575839600161722,0.07227988709787932
333,1555189200,242,243,1,485,15,0.33573672486080147,-0.1465990186593347
333,1555203600,108,171,63,279,15,0.7770584974693461,-0.8000635778765244
333,1555218000,23,66,43,89,15,0.6346966353375575,-1.402773608222476
333,1555232400,61,99,38,160,15,0.5991061698046103,-1.1775503863563572
333,1555246800,333,242,-91,575,15,-0.3191278409454262,0.13889520624137924
333,1555261200,307,227,-80,534,15,-0.2408288167729424,0.008836726008831777
333,1555275600,161,177,16,338,15,0.4425081214596429,-0.6129062526638341
333,1555290000,98,110,12,208,15,0.4140357490332852,-1.0252867997426431
333,1555304400,13,30,17,43,15,0.44962621456623236,-1.5486928787272853
333,1555318800,618,289,-329,907,15,-2.0132340003137106,1.1920516803195684
333,1555333200,440,284,-156,724,15,-0.7818038928737392,0.6115467563547834
333,1555347600,368,370,2,738,15,0.34285481796739087,0.6559569691171167
333,1555362000,372,483,111,855,15,1.1187269665856387,1.0270994614880449
333,1555376400,84,213,129,297,16,1.11237506810204,-0.736165328346866
333,1555390800,14,36,22,50,16,0.372109474136311,-1.560092301728071
333,1555405200,668,279,-389,947,16,-2.4713406110965357,1.4320635489720948
333,1555419600,443,300,-143,743,16,-0.7694215819790655,0.7515732551673747
333,1555434000,350,385,35,735,16,0.4620482846181285,0.7248873612926798
333,1555448400,397,467,70,864,16,0.7041912359153296,1.155197400022135
333,1555462800,86,164,78,250,16,0.7595381962118327,-0.8929449548606986
333,1555477200,12,38,26,50,16,0.39978295428456256,-1.560092301728071
333,1555491600,684,282,-402,966,16,-2.5612794215783534,1.495442546924495
333,1555506000,498,284,-214,782,16,-1.2606258546105304,0.8816669878065123
333,1555520400,389,404,15,793,16,0.32368088387687083,0.9183600918842179
333,1555534800,388,460,72,848,16,0.7180279759894553,1.1018256122727452
333,1555549200,99,213,114,312,16,1.0085995175460967,-0.6861292773318131
333,1555563600,14,49,35,63,16,0.4620482846181285,-1.5167277241816919
333,1555578000,626,277,-349,903,16,-2.1946058096140204,1.2852911326612728
333,1555592400,480,291,-189,771,16,-1.0876666036839584,0.8449738837288069
333,1555606800,399,386,-13,785,16,0.12996652283910995,0.891674198009523
333,1555621200,373,481,108,854,16,0.9670892973237193,1.1218400326787665
333,1555635600,90,221,131,311,16,1.1262118081761658,-0.68946501406615
333,1555650000,16,60,44,76,16,0.5243136149516945,-1.4733631466353128
333,1555664400,418,201,-217,619,16,-1.2813809647217191,0.33794190010960373
333,1555678800,493,282,-211,775,16,-1.239870744499342,0.8583168306661543
333,1555693200,409,376,-33,785,16,-0.008400877902147798,0.891674198009523
333,1555707600,360,395,35,755,16,0.4620482846181285,0.791602095979417
333,1555722000,114,216,102,330,16,0.925579077101342,-0.6260860161137496
333,1555736400,21,63,42,84,16,0.5104768748775688,-1.4466772527606178
333,1555750800,82,77,-5,159,16,0.18531348313561305,-1.196496997685353
333,1555765200,279,208,-71,487,16,-0.27129893931053756,-0.10237534882286214
333,1555779600,313,283,-30,596,16,0.012354232209040864,0.2612199552198559
333,1555794000,242,281,39,523,16,0.4897217647663801,0.017711173613264915
333,1555808400,107,147,40,254,16,0.49664013480344293,-0.8796020079233512
333,1555822800,19,52,33,71,16,0.44821154454400275,-1.490041830306997
333,1555837200,61,148,87,209,16,0.8218035265453987,-1.02971016096851
333,1555851600,376,301,-75,677,16,-0.2989724194587891,0.5314146307011418
333,1555866000,335,213,-122,548,16,-0.6241358112007449,0.10110459197168647
333,1555880400,164,200,36,364,16,0.4689666546551914,-0.5126709671462962
333,1555894800,74,117,43,191,16,0.5173952449146316,-1.0897534221865735
333,1555909200,11,33,22,44,16,0.372109474136311,-1.5801067221340923
333,1555923600,520,230,-290,750,16,-1.78642197742731,0.7749234123077328
333,1555938000,425,284,-141,709,16,-0.7555848419049397,0.6381582061999214
333,1555952400,342,319,-23,661,16,0.06078282246848108,0.478042842951752
333,1555966800,264,488,224,752,16,1.7696202216230144,0.7815948857764065
333,1555981200,99,171,72,270,17,0.7519414829005652,-0.7875327283266768
333,1555995600,10,30,20,40,17,0.3727389012658962,-1.6226821793028865
333,1556010000,571,252,-319,823,17,-2.0993702366985802,1.2204570385856883
333,1556024400,447,270,-177,717,17,-1.0638554945423688,0.8355620742227394
333,1556038800,337,379,42,716,17,0.5331707627267177,0.8319309896532777
333,1556053200,319,479,160,798,17,1.3936689287438513,1.1296799243491438
333,1556067600,75,273,198,348,17,1.6707785076307249,-0.5043081319086579
333,1556082000,11,34,23,45,17,0.39461597328328096,-1.6045267564555776
333,1556096400,597,210,-387,807,17,-2.5952505357593014,1.1623596854742997
333,1556110800,473,316,-157,789,17,-0.918008347759804,1.0970001632239876
333,1556125200,355,333,-22,688,17,0.06645989302250974,0.7302606217083478
333,1556139600,334,453,119,787,17,1.094682277839593,1.0897379940850642
333,1556154000,105,202,97,307,17,0.9342504163787716,-0.6531825992565908
333,1556168400,13,39,26,52,17,0.4164930453006657,-1.5791091644693451
333,1556182800,569,198,-371,767,17,-2.4785728183332494,1.0171163026958285
333,1556197200,466,260,-206,726,17,-1.2753338573770883,0.8682418353478956
333,1556211600,364,356,-8,720,17,0.16855289577030522,0.8464553279311249
333,1556226000,323,435,112,758,17,1.0436357764656954,0.9844365415706725
333,1556240400,94,209,115,303,17,1.06551284848308,-0.667706937534438
333,1556254800,20,62,42,82,17,0.5331707627267177,-1.4701766273854917
333,1556269200,520,245,-275,765,17,-1.7785065137769374,1.009854133556905
333,1556283600,457,298,-159,755,17,-0.9325930624380605,0.9735432878622872
333,1556298000,390,332,-58,722,17,-0.19606497118610727,0.8537174970700484
333,1556312400,316,393,77,709,17,0.7884032695962064,0.8065133976670452
333,1556326800,105,176,71,281,17,0.7446491255614369,-0.7475907980625972
333,1556341200,20,62,42,82,17,0.5331707627267177,-1.4701766273854917
333,1556355600,107,103,-4,210,17,0.19772232512681823,-1.0053978024943837
333,1556370000,304,228,-76,532,17,-0.32732740329041576,0.16381142887230996
333,1556384400,390,349,-41,739,17,-0.07209489642092702,0.9154459347508986
333,1556398800,264,215,-49,479,17,-0.13043375513395303,-0.028636053309164466
333,1556413200,135,173,38,308,17,0.5040013333702047,-0.649551514687129
333,1556427600,28,59,31,87,17,0.45295483199630693,-1.4520212045381826
333,1556442000,75,110,35,185,17,0.48212426135281994,-1.0961749167309283
333,1556456400,382,312,-70,694,17,-0.2835732592556463,0.7520471291251185
333,1556470800,349,206,-143,555,17,-0.8159153450120086,0.2473263739699309
333,1556485200,158,195,37,353,17,0.49670897603107644,-0.4861527090613489
333,1556499600,55,106,51,161,17,0.598801978778872,-1.183320946398011
333,1556514000,13,37,24,50,17,0.4019083306224092,-1.5863713336082685
333,1556523087,214,146,-68,360,17,-0.2689885445773898,-0.46073511707511644
333,1556524594,115,65,-50,180,17,-0.13772611247308128,-1.1143303395782371
333,1556528400,336,142,-194,478,17,-1.1878255693075492,-0.03226713787862625
333,1556542800,407,243,-164,650,17,-0.9690548491337017,0.5922794080688001
333,1556557200,338,382,44,720,17,0.5477554774049742,0.8464553279311249
333,1556571600,336,489,153,825,17,1.3426224273699536,1.227719207724612
333,1556586000,81,185,104,266,18,1.0119247521391064,-0.8790996343877573
333,1556600400,18,47,29,65,18,0.44274941856844835,-1.5750764642620143
333,1556614800,639,279,-360,918,18,-2.5093733115513652,1.3784968485874447
333,1556629200,455,272,-183,727,18,-1.166119524324612,0.7171457316422551
333,1556643600,374,370,-4,744,18,0.1923122717973587,0.77600944362167
333,1556658000,337,487,150,824,18,1.3610189567291102,1.0530151470542102
333,1556672400,86,195,109,281,18,1.0498697743771503,-0.827161064994156
333,1556686800,11,48,37,59,18,0.5034614541493185,-1.5958518920194549
333,1556700226,588,262,-326,850,18,-2.251347160332667,1.1430420006697857
333,1556701200,202,171,-31,373,18,-0.012590848288078202,-0.5086045060467349
333,1556715600,470,312,-158,782,18,-0.9763944131343926,0.9075871527521265
333,1556730000,413,412,-1,825,18,0.21507928514018504,1.0564777183471168
333,1556744400,348,409,61,757,18,0.6855975608919291,0.8210228704294578
333,1556758800,106,196,90,302,18,0.9056786898725836,-0.7544470678431142
333,1556773200,14,50,36,64,18,0.49587244970170974,-1.5785390355549211
333,1556783445,280,174,-106,454,18,-0.5817661818587363,-0.228136231321288
333,1556787600,359,134,-225,493,18,-1.4848577111241805,-0.09309595089792468
333,1556802000,464,303,-161,767,18,-0.999161426477219,0.8556485833585252
333,1556816400,396,383,-13,779,18,0.12401123176887975,0.8971994388734063
333,1556830800,343,499,156,842,18,1.4065529834147628,1.1153414303265317
333,1556845200,105,201,96,306,18,0.9512127165582362,-0.7405967826714872
333,1556859600,14,37,23,51,18,0.3972153918827957,-1.623552462362709
333,1556874000,566,281,-285,847,18,-1.940197977980707,1.1326542867910654
333,1556888400,481,269,-212,750,18,-1.3862006533052664,0.7967848713791105
333,1556902800,398,406,8,804,18,0.28338032516866407,0.983763721196075
333,1556917200,407,482,75,889,18,0.791843623158452,1.278082281093149
333,1556931600,124,203,79,327,18,0.8221996409488871,-0.6678827855204454
333,1556946000,26,94,68,120,18,0.7387205920251906,-1.384635043152143
333,1556960400,117,111,-6,228,18,0.17713426290214118,-1.010677343518214
333,1556974800,330,229,-101,559,18,-0.5438211596206924,0.13543375443392094
333,1556989200,345,322,-23,667,18,0.048121187292792,0.5093914540678501
333,1557003600,263,244,-19,507,18,0.0784772050832271,-0.04461995279723015
333,1557018000,120,211,91,331,18,0.9132676943201924,-0.6540325003488184
333,1557032400,29,93,64,122,18,0.7083645742347554,-1.3777099005663296
333,1557046800,64,128,64,192,18,0.7083645742347554,-1.1353299100628569
333,1557061200,349,276,-73,625,18,-0.3313290350876467,0.36396345976576655
333,1557075600,365,240,-125,605,18,-0.725957266363303,0.2947120339076315
333,1557090000,162,217,55,379,18,0.6400635342062765,-0.48782907828929434
333,1557104400,63,128,65,191,18,0.7159535786823642,-1.1387924813557637
333,1557118800,11,21,10,32,18,0.2985583340638816,-1.6893413169279372
333,1557133200,593,286,-307,879,18,-2.1071560758281005,1.2434565681640815
333,1557147600,438,287,-151,725,18,-0.9232713820011312,0.7102205890564417
333,1557162000,381,401,20,782,18,0.3744483785399694,0.9075871527521265
333,1557176400,348,437,89,785,18,0.8980896854249748,0.9179748666308468
333,1557190800,93,213,120,306,19,1.085370454391561,-0.7261263153956148
333,1557205200,14,36,22,50,19,0.3940388557726094,-1.5429614423189932
333,1557219600,650,273,-377,923,19,-2.420668367175979,1.242573970978309
333,1557234000,452,285,-167,737,19,-0.9392435129925114,0.6490921990730418
333,1557248400,398,376,-22,774,19,0.08364507680083522,0.7671504010111864
333,1557262800,338,444,106,782,19,0.9866087974459965,0.7926764987275419
333,1557277200,81,187,106,268,19,0.9866087974459965,-0.8473752795483037
333,1557291600,13,34,21,47,19,0.38698445170506907,-1.5525337289626264
333,1557306000,647,288,-359,935,19,-2.2936890939602534,1.2808631175528422
333,1557320400,468,297,-171,765,19,-0.9674611292626727,0.7384335410802864
333,1557334800,377,395,18,772,19,0.3658212395024481,0.7607688765820975
333,1557349200,376,467,91,843,19,0.8807927364328916,0.9873129938147531
333,1557363600,97,206,109,303,19,1.0077720096486174,-0.7356986020392481
333,1557378000,14,40,26,54,19,0.42225647204277067,-1.5301983934608154
333,1557392400,650,352,-298,1002,19,-1.8633704458402938,1.4946441859273203
333,1557406800,494,315,-179,809,19,-1.0238963618029953,0.878827078520242
333,1557421200,375,391,16,766,19,0.35171243136736746,0.7416243032948308
333,1557435600,396,496,100,892,19,0.9442823730407545,1.143660342327431
333,1557450000,103,222,119,325,19,1.0783160503240206,-0.6655018333192703
333,1557464400,12,57,45,69,19,0.5562901493260368,-1.4823369602426486
333,1557478800,601,291,-310,892,19,-1.9480232946507776,1.143660342327431
333,1557493200,487,290,-197,777,19,-1.150875635018721,0.7767226876548197
333,1557507600,401,410,9,811,19,0.3023316028945852,0.8852086029493309
333,1557522000,355,439,84,794,19,0.8314119079601093,0.8309656453020753
333,1557536400,115,284,169,399,19,1.4310362537010368,-0.42938542944298125
333,1557550800,22,68,46,90,19,0.5633445533935771,-1.4153309537372152
333,1557565200,118,107,-11,225,19,0.16124352154377877,-0.984578054773715
333,1557579600,345,223,-122,568,19,-0.6217953299531969,0.10985338481503029
333,1557594000,337,272,-65,609,19,-0.2196942981033986,0.2406746356113526
333,1557608400,260,203,-57,463,19,-0.16325906556307604,-0.22517664771213663
333,1557622800,105,147,42,252,19,0.5351269371234159,-0.8984274749810149
333,1557637200,18,45,27,63,19,0.429310876110311,-1.5014815335299154
333,1557651600,75,83,8,158,19,0.2952771988270449,-1.198359123148193
333,1557666000,337,276,-61,613,19,-0.19147668183323732,0.2534376844695304
333,1557680400,290,202,-88,492,19,-0.381945591656826,-0.13264454349034766
333,1557694800,155,199,44,354,19,0.5492357452584965,-0.5729697290974813
333,1557709200,74,112,38,186,19,0.5069093208532546,-1.1090177811409483
333,1557723600,12,17,5,29,19,0.27411398662442393,-1.6099674488244264
333,1557738000,612,329,-283,941,19,-1.7575543848271886,1.300007690840109
333,1557752400,456,259,-197,715,19,-1.150875635018721,0.578895430353064
333,1557766800,370,381,11,751,19,0.31644041102966586,0.693762870076664
333,1557781200,323,483,160,806,19,1.3675466170931738,0.8692547918766086
333,1557795600,77,158,81,235,20,0.9162033969628703,-1.0224789691158078
333,1557810000,12,40,28,52,20,0.5292808468510606,-1.606210184790182
333,1557824400,625,281,-344,906,20,-2.1864774294054157,1.1178688216902308
333,1557838800,480,310,-170,790,20,-0.9162033969628703,0.747853406290081
333,1557853200,406,406,0,812,20,0.3248689335844441,0.8180287436935577
333,1557867600,365,452,87,817,20,0.9600059498057167,0.8339776840125297
333,1557882000,85,200,115,285,20,1.1644178630723332,-0.8629895659260881
333,1557896400,15,44,29,59,20,0.5365812723248683,-1.5838816683436212
333,1557910800,639,273,-366,912,20,-2.3470867898291856,1.137007550072997
333,1557925200,491,302,-189,793,20,-1.0549114809652174,0.7574227704814642
333,1557939600,418,394,-24,812,20,0.1496587222130585,0.8180287436935577
333,1557954000,383,479,96,862,20,1.0257097790699863,0.9775181468832774
333,1557968400,80,197,117,277,20,1.1790187140199486,-0.8885078704364433
333,1557982800,14,44,30,58,20,0.543881697798676,-1.5870714564074158
333,1557997200,642,304,-338,946,20,-2.142674876562569,1.2454603442420065
333,1558011600,501,277,-224,778,20,-1.310426372548488,0.7095759495245483
333,1558026000,403,404,1,807,20,0.3321693590582518,0.8020798033745857
333,1558040400,388,453,65,841,20,0.7993965893819467,0.9105325975435952
333,1558054800,121,181,60,302,20,0.762894462012908,-0.8087631688415834
333,1558069200,14,62,48,76,20,0.6752893563272152,-1.5296552712591165
333,1558083600,601,331,-270,932,20,-1.6462459443436435,1.200803311348885
333,1558098000,539,310,-229,849,20,-1.3469284999175266,0.9360509020539503
333,1558112400,446,384,-62,830,20,-0.1277574457916353,0.8754449288418568
333,1558126800,385,424,39,809,20,0.6095855270629457,0.8084593795021745
333,1558141200,136,217,81,353,20,0.9162033969628703,-0.6460839775880693
333,1558155600,30,68,38,98,20,0.6022851015891378,-1.45947993385564
333,1558170000,117,126,9,243,20,0.3905727628487137,-0.9969606646054527
333,1558184400,333,280,-53,613,20,-0.06205361652736572,0.18326091899847322
333,1558198800,383,331,-52,714,20,-0.05475319105355799,0.5054295134417071
333,1558213200,315,313,-2,628,20,0.3102680826368286,0.23110773995538914
333,1558227600,136,181,45,317,20,0.653388079905792,-0.7609163478846676
333,1558242000,36,80,44,116,20,0.6460876544319842,-1.4020637487073409
333,1558256400,91,101,10,192,20,0.3978731883225214,-1.159639855858967
333,1558270800,354,246,-108,600,20,-0.463577017586791,0.1417936741691461
333,1558285200,387,305,-82,692,20,-0.27376595526778996,0.43525417603823036
333,1558299600,217,241,24,458,20,0.5000791449558296,-0.31115623088965794
333,1558314000,78,107,29,185,20,0.5365812723248683,-1.1819683723055276
333,1558328400,12,33,21,45,20,0.4781778685344064,-1.6285387012367427
333,1558342800,619,287,-332,906,20,-2.098872323719723,1.1178688216902308
333,1558357200,475,286,-189,761,20,-1.0549114809652174,0.6553495524400436
333,1558371600,409,374,-35,783,20,0.06935404200117345,0.7255248898435203
333,1558386000,343,446,103,789,20,1.0768127573866404,0.7446636182262866
333,1558400400,96,161,65,257,21,0.787347520221351,-0.7700668159694891
333,1558414800,18,33,15,51,21,0.38671030372878085,-1.4402829000423207
333,1558429200,644,278,-366,922,21,-2.666145285944604,1.3934948146539723
333,1558443600,477,257,-220,734,21,-1.496284613786299,0.7818413010341065
333,1558458000,398,404,6,802,21,0.31459560476011816,1.0030776783008664
333,1558472400,414,498,84,912,21,0.9395896624885277,1.3609600532912134
333,1558486800,89,149,60,238,21,0.747283798572094,-0.8318828625587309
333,1558501200,15,32,17,47,21,0.4027357923884836,-1.4532968045874242
333,1558515600,653,319,-334,972,21,-2.409737467389359,1.5561686214677664
333,1558530000,509,295,-214,804,21,-1.4482081478071906,1.0095846305734182
333,1558544400,449,423,-26,872,21,0.05818778620487327,1.2308210078401782
333,1558558800,358,517,159,875,21,1.540545487227383,1.2405814362490057
333,1558573200,101,201,100,302,21,1.0677935717661502,-0.6236603898370744
333,1558587600,23,32,9,55,21,0.33863383774967243,-1.4272689954972173
333,1558602000,596,300,-296,896,21,-2.1052531828550056,1.3089044351107992
333,1558616400,463,307,-156,770,21,-0.9834689766758092,0.8989664419400383
333,1558630800,443,421,-22,864,21,0.09023876352427888,1.2047931987499712
333,1558645200,345,473,128,818,21,1.2921504130019894,1.0551332964812805
333,1558659600,94,171,77,265,21,0.8835004521795679,-0.744039006879282
333,1558674000,24,30,6,54,21,0.31459560476011816,-1.430522471633493
333,1558688400,535,314,-221,849,21,-1.5042973581161505,1.155991056705833
333,1558702800,472,257,-215,729,21,-1.456220892137042,0.7655739203527271
333,1558717200,453,366,-87,819,21,-0.4305896179160624,1.0583867726175564
333,1558731600,321,432,111,753,21,1.1559337593945156,0.8436573476233482
333,1558746000,150,191,41,341,21,0.5950416563049173,-0.49677482052231503
333,1558760400,22,64,42,86,21,0.6030544006347688,-1.326411235272665
333,1558774800,94,85,-9,179,21,0.19440443981234715,-1.023837954599008
333,1558789200,320,230,-90,550,21,-0.4546278509056166,0.18320169195934424
333,1558803600,352,276,-76,628,21,-0.3424494302876969,0.43697283058886305
333,1558818000,249,217,-32,466,21,0.010111320225764844,-0.09009030348782981
333,1558832400,129,182,53,311,21,0.6911945882631342,-0.5943791046105915
333,1558846800,28,70,42,98,21,0.6030544006347688,-1.2873695216373542
333,1558861200,72,76,4,148,21,0.2985701161004154,-1.1246957148235601
333,1558875600,297,213,-84,510,21,-0.40655138492650816,0.053062646508308976
333,1558890000,326,241,-85,567,21,-0.41456412925635955,0.23851078627603423
333,1558904400,177,233,56,410,21,0.7152328212526884,-0.2722849671192792
333,1558918800,89,148,59,237,21,0.7392710542422426,-0.8351363386950067
333,1558933200,16,47,31,63,21,0.5149142130064033,-1.4012411864070102
333,1558947600,80,75,-5,155,21,0.22645541713175274,-1.101921381869629
333,1558962000,238,145,-93,383,21,-0.4786660838951708,-0.360128822798728
333,1558976400,263,254,-9,517,21,0.19440443981234715,0.07583697946224015
333,1558990800,174,252,78,426,21,0.8915131965094193,-0.2202293489388651
333,1559005200,83,137,54,220,22,0.7261418085695313,-1.0140463721197113
333,1559019600,12,24,12,36,22,0.399432265401476,-1.6323520823702626
333,1559034000,616,301,-315,917,22,-2.144234892121239,1.3281225411663447
333,1559048400,478,249,-229,727,22,-1.4752582084914116,0.6896546881902318
333,1559062800,376,382,6,758,22,0.3527594735203253,0.793825758938966
333,1559077200,351,468,117,819,22,1.216206123321614,0.9988075433155075
333,1559091600,101,170,69,271,22,0.842823788272408,-0.842668158952439
333,1559106000,11,24,13,35,22,0.40721106404833446,-1.6357124394911895
333,1559120400,633,262,-371,895,22,-2.5798476163453126,1.2541946845059526
333,1559134800,479,270,-209,749,22,-1.3196822355542426,0.7635825448506238
333,1559149200,380,396,16,776,22,0.43054745998890986,0.8543121871156504
333,1559163600,346,478,132,824,22,1.3328881030244908,1.015609328920142
333,1559178000,96,137,41,233,22,0.6250174261603713,-0.9703617295476614
333,1559192400,7,37,30,44,22,0.5394506410449282,-1.6054692254028473
333,1559203703,360,211,-149,571,22,-0.8529543167427353,0.16543897732563395
333,1559206800,273,133,-140,406,22,-0.7829451289210091,-0.38901994762730613
333,1559221200,474,289,-185,763,22,-1.1329910680296396,0.8106275445436005
333,1559235600,434,404,-30,838,22,0.0727227222334209,1.0626543286131187
333,1559250000,340,484,144,824,22,1.4262336867867922,1.015609328920142
333,1559264400,111,198,87,309,22,0.9828421639158602,-0.7149745883572164
333,1559278800,18,40,22,58,22,0.47722025187006056,-1.5584242257098706
333,1559293200,550,311,-239,861,22,-1.5530461949599963,1.1399425423944378
333,1559307600,450,293,-157,743,22,-0.9151847059176029,0.7434204021250624
333,1559322000,408,386,-22,794,22,0.13495311140828853,0.9147986152923347
333,1559336400,428,425,-3,853,22,0.28275028569859917,1.1130596854270225
333,1559350800,161,213,52,374,22,0.7105842112758143,-0.4965513754969672
333,1559365200,24,66,42,90,22,0.6327962248072297,-1.4508927978402095
333,1559379600,108,120,12,228,22,0.399432265401476,-0.9871635151522961
333,1559394000,364,267,-97,631,22,-0.4484567871060956,0.3670604045812485
333,1559408400,384,269,-115,653,22,-0.5884751627495477,0.44098826124164053
333,1559422800,285,232,-53,517,22,-0.10618964664432358,-0.016020307204419167
333,1559437200,118,188,70,306,22,0.8506025869192665,-0.7250556597199971
333,1559451600,30,54,24,84,22,0.4927778491637775,-1.471054940565771
333,1559466000,83,99,16,182,22,0.43054745998890986,-1.141739942714934
333,1559480400,291,261,-30,552,22,0.0727227222334209,0.10159219202802267
333,1559494800,377,282,-95,659,22,-0.4328991898123787,0.46115040396720197
333,1559509200,196,232,36,428,22,0.586123432926079,-0.3150920909669141
333,1559523600,86,138,52,224,22,0.7105842112758143,-1.0006049436360036
333,1559538000,13,33,20,46,22,0.46166265457634365,-1.5987485111609936
333,1559552400,587,270,-317,857,22,-2.159792489414956,1.1265011139107302
333,1559566800,453,267,-186,720,22,-1.140769866676498,0.6661321883437434
333,1559581200,386,399,13,785,22,0.40721106404833446,0.8845554012039926
333,1559595600,303,473,170,776,22,1.628482451605112,0.8543121871156504
333,1559610000,73,146,73,219,23,0.8595921497883652,-1.0607100687895747
333,1559624400,14,28,14,42,23,0.405806605012999,-1.6521681134476678
333,1559638800,549,273,-276,822,23,-1.8246647167642247,0.9542571680964714
333,1559653200,439,272,-167,711,23,-0.9863151509927854,0.5833428011074978
333,1559667600,384,364,-20,748,23,0.1443030707356693,0.7069809234371557
333,1559682000,331,404,73,735,23,0.8595921497883652,0.6635405020780867
333,1559696400,101,191,90,292,23,0.99034391692703,-0.8167753950040335
333,1559710800,11,27,16,38,23,0.4211891658528419,-1.665534396942766
333,1559725200,630,270,-360,900,23,-2.4707322720376275,1.2148996962508853
333,1559739600,507,312,-195,819,23,-1.2016710027505864,0.9442324554751479
333,1559754000,384,363,-21,747,23,0.13661179031574783,0.7036393525633812
333,1559768400,410,515,105,925,23,1.105713123225852,1.2984389680952488
333,1559782800,94,202,108,296,23,1.1287869644856163,-0.8034091115089353
333,1559797200,20,33,13,53,23,0.3981153245930775,-1.615410833836148
333,1559811600,567,274,-293,841,23,-1.9554164839028896,1.0177470146981877
333,1559826000,514,311,-203,825,23,-1.263201246109958,0.9642818807177951
333,1559840400,393,379,-14,772,23,0.19045075325519806,0.7871786244077446
333,1559854800,396,465,69,861,23,0.8288270281086794,1.0845784321736784
333,1559869200,105,208,103,313,23,1.090330562386009,-0.7466024066547682
333,1559883600,11,39,28,50,23,0.5134845308918994,-1.6254355464574715
333,1559898000,562,262,-300,824,23,-2.0092554468423396,0.9609403098440206
333,1559912400,506,321,-185,827,23,-1.1247581985513717,0.9709650224653441
333,1559926800,432,426,-6,858,23,0.25198099661456974,1.074553719552355
333,1559941200,407,430,23,837,23,0.4750281287922921,1.0043807312030895
333,1559955600,138,242,104,380,23,1.0980218428059305,-0.5227171581118741
333,1559970000,33,87,54,120,23,0.7134578218098574,-1.391525585293254
333,1559984400,126,106,-20,232,23,0.1443030707356693,-1.0172696474305056
333,1559998800,338,228,-110,566,23,-0.5479121670572622,0.09881502441018984
333,1560013200,342,305,-37,647,23,0.013551303597004459,0.3694822651859274
333,1560027600,295,230,-65,525,23,-0.20180454816079646,-0.038189381414566195
333,1560042000,123,179,56,302,23,0.7288403826497003,-0.783359686266288
333,1560056400,22,53,31,75,23,0.5365583721516638,-1.5418962746131082
333,1560070800,79,75,-4,154,23,0.26736355745441265,-1.2779121755849197
333,1560085200,277,207,-70,484,23,-0.24026095026040376,-0.17519378723932225
333,1560099600,315,222,-93,537,23,-0.4171603999185974,0.001909469070728253
333,1560114000,199,210,11,409,23,0.38273276375323456,-0.42581160277241253
333,1560128400,276,353,77,629,23,0.890357271468051,0.30933398945798574
333,1560142800,14,33,19,47,23,0.4442630071126063,-1.6354602590787952
333,1560157200,589,291,-298,880,23,-1.9938728860024968,1.1480682787753946
333,1560171600,400,263,-137,663,23,-0.7555767383951416,0.42294739916632
333,1560186000,343,359,16,702,23,0.4211891658528419,0.553268663243527
333,1560200400,330,493,163,823,23,1.5518073875812965,0.957598738970246
333,1560214800,106,177,71,283,24,0.7898486491309458,-1.0295725123965491
333,1560229200,17,27,10,44,24,0.36920899022672443,-1.7990354350163025
333,1560243600,578,298,-280,876,24,-1.6305533225966236,0.8795969985386547
333,1560258000,479,309,-170,788,24,-0.8720227901463881,0.5962801065280342
333,1560272400,379,425,46,804,24,0.6174553463013468,0.6477922687117834
333,1560286800,358,488,130,846,24,1.1966968438087993,0.783011694444125
333,1560301200,118,188,70,306,24,0.7829529170177618,-0.9555237792574097
333,1560315600,16,47,31,63,24,0.5140193646035874,-1.7378647424231004
333,1560330000,626,295,-331,921,24,-1.9822356603690052,1.0244749546804492
333,1560344400,455,315,-140,770,24,-0.6651508267508693,0.5383289240713164
333,1560358800,393,376,-17,769,24,0.18302422317075753,0.535109413934832
333,1560373200,360,481,121,841,24,1.1346352547901437,0.7669141437617034
333,1560387600,111,215,104,326,24,1.0174078088660163,-0.8911335765277233
333,1560402000,13,31,18,44,24,0.4243748471321961,-1.7990354350163025
333,1560416400,610,289,-321,899,24,-1.9132783392371655,0.9536457316777941
333,1560430800,458,264,-194,722,24,-1.0375203608628032,0.38379243752006886
333,1560445200,374,387,13,761,24,0.3898961865662763,0.5093533328429575
333,1560459600,341,461,120,802,24,1.1277395226769598,0.6413532484388148
333,1560474000,128,210,82,338,24,0.8657017023759693,-0.8524994548899114
333,1560488400,12,38,26,50,24,0.4795407040376677,-1.7797183741973965
333,1560502800,531,299,-232,830,24,-1.2995581811637935,0.7314995322603758
333,1560517200,467,270,-197,737,24,-1.058207557202355,0.4320850895673337
333,1560531600,419,382,-37,801,24,0.045109580907078374,0.6381337383023304
333,1560546000,407,439,32,846,24,0.5209150967167714,0.783011694444125
333,1561165200,9851,9136,-715,18987,25,-3.432043123449747,4.11593098705545
333,1561179600,21,77,56,98,25,0.6567108011133562,-0.3242205714781492
333,1561194000,108,112,4,220,25,0.38094529647356196,-0.29554258481177725
333,1561208400,371,226,-145,597,25,-0.40922893797507937,-0.20692290470339847
333,1561222800,375,259,-116,634,25,-0.2554366373105787,-0.19822548251769553
333,1561237200,286,254,-32,540,25,0.19003071633831975,-0.2203216361786706
333,1561251600,120,186,66,306,25,0.7097426289287012,-0.27532695486662984
333,1561266000,26,56,30,82,25,0.5188280487934591,-0.32798161890980454
333,1561280400,79,92,13,171,25,0.4286739415073725,-0.3070607925712217
333,1561294800,280,222,-58,502,25,0.05214796401842261,-0.22925412382885202
333,1561309200,350,261,-89,611,25,-0.11225070220914705,-0.20363198820070005
333,1561323600,210,213,3,423,25,0.37564211369202744,-0.24782429552265023
333,1561338000,94,173,79,267,25,0.7786840050886498,-0.2844945079812897
333,1561352400,15,31,16,46,25,0.444583489851976,-0.336443975631029
333,1561366800,537,248,-289,785,25,-1.1728872585160481,-0.16273059738144832
333,1561381200,474,266,-208,740,25,-0.7433294532117533,-0.17330854328297893
333,1561395600,368,381,13,749,25,0.4286739415073725,-0.17119295410267282
333,1561410000,341,492,151,833,25,1.160513165359134,-0.1514474550864823
333,1561424400,149,200,51,349,26,0.3834629835185815,-0.7260931402289945
333,1561438800,15,37,22,52,26,0.18446088981358266,-1.749399640196962
333,1561453200,544,245,-299,789,26,-2.018286423265887,0.7899164893531795
333,1561467600,415,308,-107,723,26,-0.7007553201155501,0.5625150449158534
333,1561482000,384,398,14,782,26,0.12956376051565194,0.7657981543370994
333,1561496400,310,460,150,770,26,1.062814958580474,0.7244524371666765
333,1561510800,129,182,53,311,26,0.3971872658430642,-0.8570212446020005
333,1561525200,11,35,24,46,26,0.19818517213806533,-1.7700724987821734
333,1561539600,564,278,-286,842,26,-1.9290785881567496,0.9725267401892141
333,1561554000,528,311,-217,839,26,-1.4555908479620974,0.9621903108966083
333,1561568400,390,449,59,839,26,0.4383601128165122,0.9621903108966083
333,1561582800,363,569,206,932,26,1.447094863665989,1.282619618967386
333,1561597200,149,243,94,392,26,0.678535053494959,-0.5779376537016457
333,1561611600,19,38,19,57,26,0.16387446632685865,-1.732172258042619
333,1561626000,527,226,-301,753,26,-2.03201070559037,0.6658793378419107
333,1561640400,499,326,-173,825,26,-1.1536566368234784,0.9139536408644483
333,1561654800,373,396,23,769,26,0.19132303097582398,0.721006960735808
333,1561669200,375,588,213,963,26,1.4951298518016785,1.3894293883243118
333,1561683600,181,288,107,469,26,0.7677428886040965,-0.3126359685247653
333,1561698000,18,73,55,91,26,0.4109115481675468,-1.6150260593930874
333,1561712400,466,239,-227,705,26,-1.5242122595845107,0.500496469160219
333,1561726800,455,301,-154,756,26,-1.023275954740893,0.6762157671345165
333,1561741200,413,439,26,852,26,0.211909454462548,1.0069815044978998
333,1561755600,417,526,109,943,26,0.7814671709285792,1.3205198597069403
333,1561770000,151,281,130,432,26,0.9255721353356473,-0.4401185964669026
333,1561784400,18,97,79,115,26,0.5756029360613389,-1.5323346250522416
333,1561798800,99,98,-1,197,26,0.026631643082031867,-1.2498055577210183
333,1561813200,320,247,-73,567,26,-0.46744252059934455,0.025020721700355332
333,1561827600,373,287,-86,660,26,-0.556650355708482,0.34545002977113304
333,1561842000,278,273,-5,551,26,-0.0008169215669334898,-0.030106901193541907
333,1561856400,122,255,133,377,26,0.9461585588223713,-0.6296198001646743
333,1561870800,35,105,70,140,26,0.5138436656011669,-1.4461977142805271
333,1561885200,70,101,31,171,26,0.2462201602737547,-1.3393879449236012
333,1561899600,403,234,-169,637,26,-1.1262080721745131,0.26620407186115574
333,1561914000,426,302,-124,728,26,-0.8174117198736529,0.5797424270701963
333,1561928400,188,338,150,526,26,1.062814958580474,-0.11624381196525634
333,1561942800,98,245,147,343,26,1.0422285350937501,-0.746765998814206
333,1561957200,16,66,50,82,26,0.37660084235634017,-1.6460353472709046
333,1561971600,479,252,-227,731,26,-1.5242122595845107,0.590078856362802
333,1561986000,445,305,-140,750,26,-0.9272059784695142,0.655542908549305
333,1562000400,332,414,82,746,26,0.596189359548063,0.6417610028258307
333,1562014800,310,597,287,907,26,2.0029282978075376,1.1964827081956717
333,1562029200,128,315,187,443,27,1.3957396561127238,-0.08795797289052923
333,1562043600,17,42,25,59,27,0.010990076032383644,-1.6199084985692074
333,1562058000,535,255,-280,790,27,-2.59610018276085,1.2963827365118181
333,1562072400,421,321,-100,742,27,-1.0574895382271383,1.1048889208019832
333,1562086800,351,359,8,710,27,-0.13432315150691132,0.9772263769954267
333,1562101200,331,584,253,915,27,1.9598968924417515,1.7950645482561793
333,1562115600,126,323,197,449,27,1.4812180252534857,-0.06402124592679988
333,1562130000,15,77,62,92,27,0.3272600418532021,-1.488256500268696
333,1562144400,475,241,-234,716,27,-2.2028996847133455,1.001163103959156
333,1562158800,401,306,-95,707,27,-1.0147503536567575,0.965258013513562
333,1562173200,400,446,46,846,27,0.1904946512279833,1.5197921881732919
333,1562187600,326,514,188,840,27,1.4042874930268001,1.4958554612095625
333,1562202000,124,269,145,393,27,1.0367305057215246,-0.2874306975882738
333,1562216400,19,78,59,97,27,0.3016165311109736,-1.4683092277989216
333,1562230800,95,92,-3,187,27,-0.22834935756174923,-1.1092583233429814
333,1562245200,217,166,-51,383,27,-0.6386455294374057,-0.3273252425278227
333,1562259600,261,253,-8,514,27,-0.27108854213213013,0.19529329618026806
333,1562274000,199,217,18,416,27,-0.04884478236614958,-0.19567324422731128
333,1562288400,95,233,138,328,27,0.9768956473229913,-0.5467452396953417
333,1562302800,17,70,53,87,27,0.2503295096265165,-1.5082037727384705
333,1562317200,235,214,-21,449,27,-0.3822104220151204,-0.06402124592679988
333,1562331600,307,234,-73,541,27,-0.8266979415470815,0.30300856751705013
333,1562346000,328,354,26,682,27,0.019537912946459818,0.8655216511646898
333,1562360400,257,415,158,672,27,1.1478523856045149,0.8256271062251409
333,1562374800,147,258,111,405,27,0.7461040506429346,-0.2395572436608151
333,1562389200,26,91,65,117,27,0.3529035525954306,-1.3885201379198238
333,1562403600,83,57,-26,140,27,-0.42494960658550124,-1.2967626845588613
333,1562418000,216,186,-30,402,27,-0.45914095424180595,-0.25152560714267974
333,1562432400,308,204,-104,512,27,-1.091680885883443,0.18731438719235827
333,1562446800,251,238,-13,489,27,-0.31382772670251097,0.09555693383139577
333,1562461200,141,194,53,335,27,0.2503295096265165,-0.5188190582376575
333,1562475600,22,114,92,136,27,0.5836951492754873,-1.3127205025346809
333,1562490000,72,97,25,169,27,0.010990076032383644,-1.1810685042341693
333,1562504400,221,218,-3,439,27,-0.22834935756174923,-0.10391579086634879
333,1562518800,247,236,-11,483,27,-0.29673205287435866,0.07162020686766642
333,1562533200,215,251,36,466,27,0.10501628208722157,0.003799480470433273
333,1562547600,113,170,57,283,27,0.2845208572828212,-0.7262706919233118
333,1562562000,12,56,44,68,27,0.17339897739983096,-1.5840034081236134
333,1562576400,506,274,-232,780,27,-2.1858040108851933,1.2564881915722692
333,1562590800,392,309,-83,701,27,-0.9121763106878433,0.9413212865498327
333,1562605200,337,379,42,716,27,0.15630330357167863,1.001163103959156
333,1562619600,279,554,275,833,27,2.1479493045514273,1.4679292797518784
333,1562634000,97,254,157,351,28,0.7733367453978468,-0.5886006454807756
333,1562648400,15,40,25,55,28,-0.0694741286901545,-1.5365839625706836
333,1562662800,540,290,-250,830,28,-1.8253301163734907,0.9454669521072852
333,1562677200,434,318,-116,752,28,-0.9697493805568831,0.6956605374687282
333,1562691600,381,461,80,842,28,0.2816970688465127,0.9838987082055246
333,1562706000,288,642,354,930,28,2.0311681256655456,1.265731586259281
333,1562720400,97,307,210,404,28,1.111738081205908,-0.41886038938021775
333,1562734800,12,62,50,74,28,0.0901491429174215,-1.4757336820818046
333,1562749200,554,312,-242,866,28,-1.7742506694590663,1.0607622204020037
333,1562763600,470,326,-144,796,28,-1.1485274447573681,0.8365769764956065
333,1562778000,355,407,52,762,28,0.10291900464602757,0.7276870008839278
333,1562792400,323,620,297,943,28,1.6672270664002722,1.3073659886990405
333,1562806800,101,273,172,374,28,0.8691107083623923,-0.5149397796258165
333,1562821200,13,52,39,65,28,0.019914903410088062,-1.5045574991554842
333,1562835600,541,268,-273,809,28,-1.9721835262524605,0.8782113789353659
333,1562850000,466,336,-130,802,28,-1.0591384126571257,0.8557928545447262
333,1562864400,359,422,63,781,28,0.17315324415336103,0.7885372813728071
333,1562878800,287,602,315,889,28,1.782155821957727,1.1344230862569626
333,1562893200,77,286,209,363,28,1.1053531503416048,-0.550168889382536
333,1562907600,11,54,43,65,28,0.04545462686730022,-1.5045574991554842
333,1562922000,479,253,-226,732,28,-1.6720917756302176,0.631607610638329
333,1562936400,454,342,-112,796,28,-0.944209657099671,0.8365769764956065
333,1562950800,376,492,116,868,28,0.5115545799614222,1.0671675130850435
333,1562965200,379,587,208,966,28,1.0989682194773018,1.3810268545539996
333,1562979600,128,236,108,364,28,0.46047513304699783,-0.5469662430410162
333,1562994000,21,83,62,104,28,0.16676831328905797,-1.3796542918362056
333,1563008400,89,100,11,189,28,-0.15886316079039706,-1.1074293528070092
333,1563022800,260,247,-13,507,28,-0.31210150153367,-0.08898781620366189
333,1563037200,306,283,-23,589,28,-0.3759508101767004,0.1736291838009748
333,1563051600,183,223,40,406,28,0.0262998342743911,-0.41245509669717784
333,1563066000,5,12,7,17,28,-0.1844028842476092,-1.6582845235484422
333,1563080400,20,75,55,95,28,0.1220737972389367,-1.4084781089098852
333,1563094800,53,104,51,157,28,0.09653407378172454,-1.2099140357356477
333,1563109200,212,213,1,425,28,-0.22271246943342746,-0.3516048162082986
333,1563123600,250,249,-1,499,28,-0.23548233116203354,-0.11460898693582157
333,1563138000,161,308,147,469,28,0.7094874367548164,-0.21068837718142036
333,1563152400,87,219,132,306,28,0.6137134737902707,-0.7327197308491739
333,1563166800,11,32,21,43,28,-0.09501385214736666,-1.5750157186689233
333,1563181200,513,261,-252,774,28,-1.8380999781020968,0.7661187569821674
333,1563195600,412,307,-105,719,28,-0.8995151410495497,0.5899732081985696
333,1563210000,329,377,48,706,28,0.07737928118881542,0.5483388057588101
333,1563224400,328,649,321,977,28,1.820465407143545,1.416255964310719
333,1563238800,109,204,95,313,29,0.49172187115402977,-0.6836241457205966
333,1563253200,13,45,32,58,29,0.045550667606085254,-1.5132902263030836
333,1563267600,530,251,-279,781,29,-2.1569770197496405,0.8390571315837326
333,1563279619,158,266,108,424,29,0.5837889449020183,-0.32247538123174924
333,1563282000,442,312,-130,754,29,-1.1017467129457719,0.7512101348161752
333,1563291721,166,223,57,389,29,0.22260273250606322,-0.4363511177822867
333,1563296400,373,353,-20,726,29,-0.3227176273858689,0.6601095455757453
333,1563310800,330,611,281,941,29,1.8089892340098659,1.3596319272433324
333,1563325200,99,241,142,340,29,0.8245797531659883,-0.5957771489530391
333,1563339600,9,53,44,62,29,0.13053565875807469,-1.5002758564115937
333,1563354000,524,284,-240,808,29,-1.880775798505675,0.9269041283512901
333,1563368400,442,319,-123,761,29,-1.0521721347737782,0.7739852821262827
333,1563382800,357,397,40,754,29,0.1022073283740782,0.7512101348161752
333,1563397200,343,667,324,1010,29,2.113518785637828,1.5841298078715347
333,1563411600,88,235,147,323,29,0.8599901661459839,-0.6510882209918716
333,1563426000,11,46,35,57,29,0.06679691539408261,-1.5165438187759561
333,1563440400,544,273,-271,817,29,-2.100320358981648,0.9561864606071426
333,1563454800,465,323,-142,788,29,-1.1867317040977614,0.8618322788938402
333,1563469200,359,373,14,732,29,-0.08192681912189889,0.6796311004129802
333,1563483600,337,664,327,1001,29,2.1347650334258255,1.5548474756156823
333,1563498000,94,247,153,341,29,0.9024826617219787,-0.5925235564801666
333,1563512400,14,44,30,58,29,0.03138650241408702,-1.5132902263030836
333,1563526800,466,283,-183,749,29,-1.4770970905337253,0.7349421724518127
333,1563541200,398,325,-73,723,29,-0.6980680049738222,0.6503487681571277
333,1563555600,391,486,95,877,29,0.49172187115402977,1.1514020089794925
333,1563570000,570,573,3,1143,29,-0.1598297276778892,2.016857606763577
333,1563584400,134,244,110,378,29,0.5979531100940165,-0.47214063498388414
333,1563598800,21,96,75,117,29,0.35008021923404736,-1.3213282704036062
333,1563613200,83,86,3,169,29,-0.1598297276778892,-1.1521414618142363
333,1563627600,209,208,-1,417,29,-0.18815805806188568,-0.3452505285418567
333,1563642000,252,233,-19,485,29,-0.31563554478986977,-0.12400624038652684
333,1563656400,179,252,73,431,29,0.33591605404204916,-0.29970023392164175
333,1563670800,106,221,115,327,29,0.6333635230740121,-0.6380738511003816
333,1563685200,16,69,53,85,29,0.19427440212206676,-1.4254432295355262
333,1563699600,54,92,38,146,29,0.08804316318207997,-1.2269740886903038
333,1563714000,243,231,-12,474,29,-0.2660609666178759,-0.15979575758812434
333,1563728400,218,253,35,471,29,0.06679691539408261,-0.1695565350067418
333,1563742800,167,228,61,395,29,0.25093106289005973,-0.4168295629450517
333,1563757200,60,169,109,229,29,0.5908710274980175,-0.9569259134418864
333,1563771600,12,30,18,42,29,-0.05359848873790241,-1.5653477058690437
333,1563786000,524,268,-256,792,29,-1.9940891200416608,0.8748466487853301
333,1563800400,395,301,-94,696,29,-0.8467917394898037,0.5625017713895702
333,1563814800,344,431,87,775,29,0.4350652103860368,0.8195355767464977
333,1563829200,297,561,264,858,29,1.6885938298778809,1.089583751994915
333,1563843600,114,241,127,355,30,0.6962164499975532,-0.6760900227186514
333,1563858000,11,41,30,52,30,0.012090589580275894,-1.7425156088760085
333,1563872400,539,275,-264,814,30,-2.0614455234370386,0.9393863602721967
333,1563886800,423,308,-115,731,30,-1.0105717790847262,0.64726317990566
333,1563901200,341,410,69,751,30,0.2871515025315523,0.7176543077048254
333,1563915600,307,599,292,906,30,1.8599356970991072,1.263185548148358
333,1563930000,117,278,161,395,30,0.9360131433396915,-0.5353077671203204
333,1563944400,8,43,35,51,30,0.04735480918941389,-1.746035165265967
333,1563958800,523,276,-247,799,30,-1.9415471767659693,0.8865930144228226
333,1563973200,440,324,-116,764,30,-1.0176246230065538,0.763408540774283
333,1563987600,347,473,126,820,30,0.6891636060757256,0.9605036986119464
333,1564002000,355,611,256,966,30,1.6060333159133136,1.4743589315458545
333,1564016400,141,279,138,420,30,0.7737977331376568,-0.4473188573713635
333,1564030800,22,69,47,91,30,0.13198893625134508,-1.6052529096676358
333,1564045200,519,269,-250,788,30,-1.962705708531452,0.8478778941332816
333,1564059600,446,323,-123,769,30,-1.066994530459347,0.7810063227240743
333,1564074000,408,413,5,821,30,-0.16423050846541412,0.9640232550019047
333,1564088400,367,613,246,980,30,1.5355048766950377,1.5236327210052703
333,1564102800,155,265,110,420,30,0.5763181033264839,-0.4473188573713635
333,1564117200,18,91,73,109,30,0.3153628782188627,-1.541900894648387
333,1564131600,450,236,-214,686,30,-1.7088033273456584,0.48888314235753755
333,1564146000,471,319,-152,790,30,-1.2715270041923472,0.8549170069131982
333,1564160400,383,431,48,814,30,0.1390417801731727,0.9393863602721967
333,1564174800,342,554,212,896,30,1.2957081833528992,1.2279899842487751
333,1564189200,160,279,119,439,30,0.6397936986229323,-0.38044728596215627
333,1564203600,29,121,92,150,30,0.4493669127335871,-1.3975990826600977
333,1564218000,86,89,3,175,30,-0.1783361963090693,-1.3096101729111407
333,1564232400,208,261,53,469,30,0.1743059997823107,-0.27486059426340803
333,1564246800,315,300,-15,615,30,-0.3052873869019661,0.23899463867050005
333,1564261200,278,305,27,583,30,-0.009067942185206908,0.12636883419183528
333,1564275600,120,213,93,333,30,0.45641975665541473,-0.7535202632977334
333,1564290000,26,95,69,121,30,0.2871515025315523,-1.4996662179688875
333,1564304400,58,155,97,213,30,0.48463113234272515,-1.1758670300927263
333,1564318800,210,330,120,540,30,0.6468465425447599,-0.02497209057637054
333,1564333200,252,268,16,520,30,-0.08664922532531051,-0.09536321837553603
333,1564347600,205,250,45,455,30,0.11788324840768989,-0.3241343837228239
333,1564362000,115,216,101,331,30,0.5128425080300356,-0.7605593760776499
333,1564376400,19,37,18,56,30,-0.0725435374816553,-1.7284373833161755
333,1564390800,504,227,-277,731,30,-2.1531324944207975,0.64726317990566
333,1564405200,430,304,-126,734,30,-1.0881530622248297,0.6578218490755348
333,1564419600,311,372,61,683,30,0.2307287511569315,0.47832447318766275
333,1564434000,322,520,198,842,30,1.1969683684473127,1.0379339391910285
333,1564448400,79,189,110,268,31,0.5531354841222927,-1.050140354415987
333,1564462800,15,36,21,51,31,0.028724745513674325,-1.7183298432123784
333,1564477200,553,278,-275,831,31,-1.715382879521731,0.6834572593737281
333,1564491600,444,312,-132,756,31,-0.8727903444539507,0.4525161918173718
333,1564506000,367,384,17,751,31,0.005155723553736417,0.437120120646948
333,1564520400,366,657,291,1023,31,1.6196337278094832,1.2746663923180006
333,1564534800,88,214,126,302,31,0.6474115719620445,-0.9454470704571055
333,1564549200,12,37,25,49,31,0.05229376747361223,-1.7244882716805479
333,1564563600,528,255,-273,783,31,-1.703598368541762,0.5356549761376601
333,1564578000,432,311,-121,743,31,-0.8079755340641214,0.41248640677427
333,1564592400,381,452,71,833,31,0.32333752001289817,0.6896156878418976
333,1564606800,315,647,332,962,31,1.8612162028988466,1.0868343240388307
333,1564621200,70,171,101,241,31,0.5001051847124325,-1.1332791387362755
333,1564635600,12,47,35,59,31,0.11121632237345701,-1.6936961293397002
333,1564650000,510,275,-235,785,31,-1.4796926599223519,0.5418134046058296
333,1564664400,452,311,-141,763,31,-0.9258206438638109,0.47407069145596503
333,1564678800,361,421,60,782,31,0.25852270962306895,0.5325757619035754
333,1564693200,315,529,214,844,31,1.1659300550806784,0.7234870444168299
333,1564707600,108,229,121,337,31,0.617950294512122,-0.8376745722641392
333,1564722000,16,58,42,74,31,0.15246211080334834,-1.647507915828429
333,1564736400,462,225,-237,687,31,-1.4914771709023207,0.2400504096655239
333,1564750800,478,378,-100,856,31,-0.6842381687744474,0.760437615225847
333,1564765200,372,464,92,836,31,0.4470748853025722,0.6988533305441519
333,1564779600,379,622,243,1001,31,1.3368054642902283,1.206923679168136
333,1565398800,5164,9641,4477,14805,32,4.092251523084531,4.110151684926396
333,1565413200,19,114,95,133,32,-0.17140914840104418,-0.36871039500726116
333,1565427600,138,119,-19,257,32,-0.28233048946662054,-0.33085741668721114
333,1565442000,395,287,-108,682,32,-0.36892697503536,-0.20111938615478173
333,1565456400,423,313,-110,736,32,-0.37087296347510695,-0.18463502462830836
333,1565470800,382,335,-47,717,32,-0.3095743276230779,-0.19043507775799343
333,1565485200,149,340,191,489,32,-0.07800170329319041,-0.2600357153142144
333,1565499600,24,135,111,159,32,-0.15584124088306855,-0.3607734801982184
333,1565514000,103,172,69,275,32,-0.1967069981177546,-0.32536262951172
333,1565528400,450,451,1,901,32,-0.262870605069151,-0.13426614218630634
333,1565542800,456,345,-111,801,32,-0.3718459576949804,-0.16479273760570148
333,1565557200,271,339,68,610,32,-0.19767999233762806,-0.22309853485674624
333,1565571600,145,292,147,437,32,-0.1208134489676234,-0.27590954493229986
333,1565586000,15,53,38,68,32,-0.22686981893383237,-0.388552682029868
333,1565600400,471,236,-235,707,32,-0.49249724095929154,-0.19348773729993293
333,1565614800,405,317,-88,722,32,-0.34946709063789044,-0.18890874798702367
333,1565629200,329,429,100,758,32,-0.1665441773016768,-0.17791917363604143
333,1565643600,288,590,302,878,32,0.030000655112765517,-0.14128725913276724
333,1565658000,89,298,209,387,33,1.1050901490345955,-0.7268610208635226
333,1565672400,14,63,49,77,33,0.06300952604144625,-1.7984223356291447
333,1565683361,227,174,-53,401,33,-0.6013168711166864,-0.6784679292289462
333,1565686800,269,229,-40,498,33,-0.516647820498493,-0.3431729371893805
333,1565701200,464,292,-172,756,33,-1.376364334467841,0.5486426086478146
333,1565715600,329,363,34,692,33,-0.03468553236416149,0.32741704688975065
333,1565730000,311,571,260,882,33,1.4372533476136617,0.9841804333590028
333,1565744400,100,297,197,397,33,1.0269341023101093,-0.6922945268388251
333,1565758800,10,44,34,54,33,-0.03468553236416149,-1.8779252718859487
333,1565773200,512,233,-279,745,33,-2.0732557510945093,0.5106194652206473
333,1565787600,430,316,-114,746,33,-0.9986101086328244,0.5140761146231171
333,1565802000,358,392,34,750,33,-0.03468553236416149,0.527902712232996
333,1565816400,348,548,200,896,33,1.0464731139912309,1.0325735249935792
333,1565830800,99,265,166,364,33,0.8250309816051866,-0.8063639571203268
333,1565845200,21,57,36,78,33,-0.02165952457674712,-1.7949656862266747
333,1565859600,493,251,-242,744,33,-1.8322746070273437,0.5071628158181776
333,1565874000,436,317,-119,753,33,-1.0311751281013604,0.5382726604404053
333,1565888400,367,449,82,816,33,0.27793865453378325,0.7560415727959995
333,1565902800,304,530,226,834,33,1.2158112152276177,0.8182612620404549
333,1565917200,115,285,170,400,33,0.8510829971800155,-0.6819245786314159
333,1565931600,16,54,38,70,33,-0.008633516789332758,-1.8226188814464328
333,1565946000,501,249,-252,750,33,-1.8974046459644156,0.527902712232996
333,1565960400,432,297,-135,729,33,-1.1353831904006753,0.4553130747811313
333,1565974800,358,420,62,778,33,0.14767857665963963,0.624688895502149
333,1565989200,341,477,136,818,33,0.6296408647939711,0.7629548716009389
333,1566003600,137,298,161,435,33,0.7924659621366507,-0.5609418495449747
333,1566018000,23,190,167,213,33,0.8315439854988937,-1.328318016893259
333,1566032400,155,160,5,315,33,-0.22356264528166978,-0.9757397778413445
333,1566046800,441,364,-77,805,33,-0.7576289645656588,0.7180184293688322
333,1566061200,535,436,-99,971,33,-0.9009150502272166,1.2918222301788105
333,1566075600,362,511,149,873,33,0.7143099154121645,0.9530705887367751
333,1566090000,179,358,179,537,33,0.90970003222338,-0.20836361049306035
333,1566104400,26,162,136,188,33,0.6296408647939711,-1.4147342519550026
333,1566118800,112,247,135,359,33,0.623127860900264,-0.8236472041326756
333,1566133200,566,701,135,1267,33,0.623127860900264,2.3149904533098558
333,1566147600,567,447,-120,1014,33,-1.0376881319950675,1.4404581544850097
333,1566162000,269,498,229,767,33,1.2353502269087393,0.5866657520749817
333,1566176400,105,327,222,432,33,1.189759199652789,-0.5713117977523839
333,1566190800,21,124,103,145,33,0.4147117363016341,-1.5633701762612018
333,1566205200,465,227,-238,692,33,-1.806222591452515,0.32741704688975065
333,1566219600,445,257,-188,702,33,-1.480572396767156,0.3619835409144481
333,1566234000,354,358,4,712,33,-0.23007564917537696,0.3965500349391456
333,1566248400,290,551,261,841,33,1.443766351507369,0.8424578078577432
333,1566262800,91,257,166,348,34,0.8687524119925312,-0.880212291154059
333,1566277200,14,51,37,65,34,0.014660492526820074,-1.8308895553664302
333,1566291600,499,235,-264,734,34,-1.9782206528931723,0.4164711858281859
333,1566306000,438,285,-153,723,34,-1.2433043500970953,0.379519066017811
333,1566320400,350,406,56,756,34,0.14045697678921162,0.4903754254489356
333,1566334800,302,583,281,885,34,1.630152185159638,0.9237230123160588
333,1566349200,110,278,168,388,34,0.881994147178046,-0.7458409463890595
333,1566363600,16,55,39,71,34,0.027902227712334974,-1.8107338536516802
333,1566378000,509,238,-271,747,34,-2.0245667260424742,0.4601418728768107
333,1566392400,438,294,-144,732,34,-1.1837165417622784,0.4097526185899359
333,1566406800,329,401,72,730,34,0.24639085827333082,0.4030340513516859
333,1566421200,302,507,205,809,34,1.1269662481100717,0.6684174572625599
333,1566435600,101,259,158,360,34,0.8157854712504715,-0.8399008877245592
333,1566450000,20,49,29,69,34,-0.03830644821523952,-1.8174524208899303
333,1566464400,497,264,-233,761,34,-1.7729737575176914,0.5071718435445605
333,1566478800,431,295,-136,726,34,-1.1307496010202187,0.38959691687518594
333,1566493200,337,375,38,712,34,0.021281360119577524,0.34256694620743616
333,1566507600,330,538,208,868,34,1.146828850888344,0.8666151907909341
333,1566522000,112,270,158,382,34,0.8157854712504715,-0.7659966481038094
333,1566536400,20,45,25,65,34,-0.06478991858626933,-1.8308895553664302
333,1566550800,420,253,-167,673,34,-1.3359964963956996,0.21155488506156167
333,1566565200,470,309,-161,779,34,-1.296271290839155,0.5676389486888103
333,1566579600,382,395,13,777,34,-0.1442403296993587,0.5609203814505603
333,1566594000,320,451,131,771,34,0.6370220462460204,0.5407646797358103
333,1566608400,145,366,221,511,34,1.2329001295941908,-0.33264906123668614
333,1566622800,28,148,120,176,34,0.5641925027256884,-1.4580090736435567
333,1566637200,182,148,-34,330,34,-0.4554211065589588,-0.9406793962983088
333,1566651600,453,429,-24,882,34,-0.38921243063138433,0.9136451614586839
333,1566666000,558,509,-49,1067,34,-0.5547341204503206,1.5351126309968064
333,1566680400,415,512,97,927,34,0.4119125480922671,1.0648129243193083
333,1566694800,162,401,239,563,34,1.3520757462638249,-0.15796631304218686
333,1566709200,36,160,124,196,34,0.5906759730967183,-1.390823401261057
333,1566723600,128,277,149,405,34,0.7561976629156545,-0.6887331248639348
333,1566738000,530,686,156,1216,34,0.8025437360649567,2.0356458902464296
333,1566752400,615,486,-129,1101,34,-1.0844035278709165,1.6493282740470558
333,1566766800,337,501,164,838,34,0.8555106768070162,0.7658366822171845
333,1566781200,103,319,216,422,34,1.1997957916304036,-0.63162530333881
333,1566795600,24,81,57,105,34,0.14707784438196905,-1.6965182106014307
333,1566810000,476,270,-206,746,34,-1.5942103325132402,0.4567825892576857
333,1566824400,406,280,-126,686,34,-1.064540925092644,0.2552255721101865
333,1566838800,347,364,17,711,34,-0.11775685932832892,0.33920766258831114
333,1566853200,297,511,214,808,34,1.1865540564448886,0.6650581736434349
333,1566867600,93,225,132,318,35,0.6237180272910362,-0.8177223830470085
333,1566882000,15,55,40,70,35,-0.07041977727479443,-1.7319985038947585
333,1566896400,491,288,-203,779,35,-1.9038489784649777,0.8817989544965913
333,1566910800,435,331,-104,766,35,-1.1568963409430513,0.8338731900973141
333,1566925200,318,393,75,711,35,0.19365438750568462,0.6311103407157566
333,1566939600,321,554,233,875,35,1.385760617086133,1.235712291598946
333,1566954000,94,241,147,335,35,0.7368926693398129,-0.7550502296017998
333,1566968400,12,44,32,56,35,-0.13077958636747536,-1.7836108655555185
333,1566982800,517,276,-241,793,35,-2.1905580716552118,0.9334113161573513
333,1566997200,444,304,-140,748,35,-1.4285154818601153,0.7675144393906225
333,1567011600,382,369,-13,751,35,-0.4703035125138056,0.7785742311750711
333,1567026000,343,496,153,839,35,0.7821625261593236,1.102994790185563
333,1567040400,104,215,111,319,35,0.46527352842274877,-0.8140357857855256
333,1567054800,11,58,47,69,35,-0.01760494431869862,-1.7356851011562413
333,1567069200,542,262,-280,804,35,-2.484812140982031,0.9739638860336628
333,1567083600,469,308,-161,777,35,-1.5869599807284027,0.8744257599736256
333,1567098000,345,390,45,735,35,-0.032694896591868854,0.7195886749913453
333,1567112400,350,574,224,924,35,1.3178558318568667,1.4163555574116065
333,1567126800,113,224,111,337,35,0.46527352842274877,-0.7476770350788341
333,1567141200,15,58,43,73,35,-0.04778484886503909,-1.72093871211031
333,1567155600,406,258,-148,664,35,-1.4888752909527962,0.45784026942606204
333,1567170000,466,341,-125,807,35,-1.3153408398113386,0.9850236778181114
333,1567184400,404,451,47,855,35,-0.01760494431869862,1.1619803463692888
333,1567198800,320,431,111,751,35,0.46527352842274877,0.7785742311750711
333,1567213200,124,336,212,460,35,1.2273161182178454,-0.294225571916442
333,1567227600,22,149,127,171,35,0.5859931466081106,-1.3596521804849893
333,1567242000,119,152,33,271,35,-0.12323461023089025,-0.990992454336703
333,1567256400,329,300,-29,629,35,-0.5910231306991675,0.3288093652741618
333,1567270800,336,432,96,768,35,0.3520988863739721,0.8412463846202798
333,1567285200,258,458,200,716,35,1.136776404578824,0.6495433270231709
333,1567299600,136,418,282,554,35,1.7554644477788035,0.05231457066294713
333,1567314000,19,110,91,129,35,0.31437400569104645,-1.5144892654672695
333,1567328400,92,162,70,254,35,0.15592950682275905,-1.0536646077819116
333,1567342800,341,466,125,807,35,0.5709031943349404,0.9850236778181114
333,1567357200,386,344,-42,730,35,-0.689107820474774,0.701155688683931
333,1567371600,218,389,171,607,35,0.9179720966178557,0.24770422552153887
333,1567386000,109,318,209,427,35,1.20468118980809,-0.41588328154537646
333,1567400400,12,95,83,107,35,0.25401419659836555,-1.5955944052198925
333,1567414800,82,141,59,223,35,0.07293476932032276,-1.1679491228878804
333,1567429200,262,234,-28,496,35,-0.5834781545625823,-0.1615080705030589
333,1567443600,270,369,99,639,35,0.3747338147837274,0.3656753378889905
333,1567458000,175,353,178,528,35,0.9707869295739515,-0.043536958135607304
333,1567472400,73,275,202,348,36,1.4971905494653184,-0.6551009345324847
333,1567486800,15,60,45,75,36,0.3620319334857496,-1.4661782820488944
333,1567501200,511,283,-228,794,36,-1.611842602580634,0.6699558310071443
333,1567515600,439,299,-140,738,36,-0.975575352859602,0.5035809904909577
333,1567530000,361,398,37,759,36,0.30418945623838306,0.5659715556845277
333,1567544400,360,495,135,855,36,1.0127598025186235,0.8511855679979904
333,1567558800,96,209,113,305,36,0.8536929900883653,-0.7828530442145567
333,1567573200,21,53,32,74,36,0.26803790795877896,-1.4691492613438264
333,1567587600,574,272,-302,846,36,-2.146885517118775,0.8244467543436033
333,1567602000,454,303,-151,757,36,-1.055108759074731,0.5600295970946638
333,1567616400,406,389,-17,795,36,-0.08624726518134121,0.6729268103020762
333,1567630800,355,506,151,861,36,1.1284447570133567,0.8690114437675819
333,1567645200,102,264,162,366,36,1.2079781632284856,-0.6016233072237105
333,1567659600,16,56,40,72,36,0.3258803852061455,-1.4750912199336903
333,1567674000,641,335,-306,976,36,-2.175806755742458,1.2106740626847508
333,1567688400,494,325,-169,819,36,-1.1852543328813057,0.7442303133804419
333,1567702800,369,457,88,826,36,0.6729352486903448,0.7650271684449652
333,1567717200,366,521,155,887,36,1.15736599563704,0.9462569054358113
333,1567731600,119,257,138,376,36,1.034450731486386,-0.5719135142743915
333,1567746000,20,74,54,94,36,0.42710472038903696,-1.4097296754451885
333,1567760400,633,342,-291,975,36,-2.067352110903646,1.2077030833898188
333,1567774800,448,303,-145,751,36,-1.011726901139206,0.5422037213250724
333,1567789200,388,434,46,822,36,0.3692622431416704,0.7531432512652376
333,1567803600,368,521,153,889,36,1.1429053763251982,0.9521988640256752
333,1567818000,146,213,67,359,36,0.5210987459160076,-0.6224201622882338
333,1567832400,22,81,59,103,36,0.46325626866864106,-1.382990861790801
333,1567846800,109,71,-38,180,36,-0.23808376795567843,-1.1542254560810445
333,1567861200,323,229,-94,552,36,-0.6429811086872443,-0.04902115836637641
333,1567875600,317,273,-44,590,36,-0.28146562589120333,0.06387605484103594
333,1567890000,247,231,-16,478,36,-0.07901695552542039,-0.2688736261913373
333,1567904400,105,203,98,308,36,0.745238345249553,-0.773940106329761
333,1567918800,23,93,70,116,36,0.5427896748837701,-1.3443681309566864
333,1567933200,96,104,8,200,36,0.09451047621667928,-1.0948058701824066
333,1567947600,324,271,-53,595,36,-0.3465384127944907,0.07873095131569545
333,1567962000,326,251,-75,577,36,-0.5056052252247487,0.025253324006921183
333,1567976400,200,229,29,429,36,0.24634697899101649,-0.4144516116430006
333,1567990800,66,184,118,250,36,0.8898445383679694,-0.9462569054358113
333,1568005200,13,39,26,52,36,0.22465605002325403,-1.5345108058323282
333,1568019600,621,354,-267,975,36,-1.8938246791615463,1.2077030833898188
333,1568034000,416,292,-124,708,36,-0.8598903983648689,0.4144516116430006
333,1568048400,393,418,25,811,36,0.2174257403673332,0.7204624790209867
333,1568062800,669,865,196,1534,36,1.4538086915297934,2.868480509256753
333,1568077200,93,237,144,330,37,0.9284245654192707,-0.7588146699220948
333,1568091600,13,44,31,57,37,0.27125782604867277,-1.571420348947661
333,1568106000,673,371,-302,1044,37,-1.6653485828930004,1.3664617213755401
333,1568120400,501,294,-207,795,37,-1.1128632710327633,0.6252939042423313
333,1568134800,388,401,13,789,37,0.1665763985383121,0.607434438769242
333,1568149200,327,566,239,893,37,1.4809098772795077,0.9169985069694576
333,1568163600,92,202,110,294,37,0.7306929801219226,-0.865971462760631
333,1568178000,13,48,35,61,37,0.2945203654954196,-1.5595140386322681
333,1568192400,702,321,-381,1023,37,-2.12478373696625,1.3039535922197274
333,1568206800,462,293,-169,755,37,-0.8918691462886685,0.5062308010884021
333,1568221200,387,393,6,780,37,0.12586695450650515,0.5806452405596079
333,1568235600,375,604,229,979,37,1.4227535286626407,1.1729841787504052
333,1568250000,105,233,128,338,37,0.8353744076322833,-0.735002049291309
333,1568264400,19,51,32,70,37,0.2770734609103595,-1.5327248404226341
333,1568278800,653,329,-324,982,37,-1.793292549850108,1.18191391148695
333,1568293200,722,312,-410,1034,37,-2.2934371479551645,1.3366959455870577
333,1568307600,522,396,-126,918,37,-0.6417968472361402,0.9914129464406634
333,1568322000,338,644,306,982,37,1.8705574130125173,1.18191391148695
333,1568336400,80,229,149,309,37,0.9575027397277042,-0.8213227990779076
333,1568350800,13,49,36,62,37,0.30033600035710634,-1.55653746105342
333,1568365200,627,351,-276,978,37,-1.514142076489146,1.170007601171557
333,1568379600,467,307,-160,774,37,-0.8395284325334882,0.5627857750865185
333,1568394000,407,427,20,834,37,0.20728584257011903,0.7413804298174121
333,1568408400,403,501,98,904,37,0.6609053617816821,0.9497408603367882
333,1568422800,123,277,154,400,37,0.9865809140361377,-0.5504542394027188
333,1568437200,25,76,51,101,37,0.38757052328240693,-1.440450935478339
333,1568451600,110,98,-12,208,37,0.021185526996144427,-1.1219571345415786
333,1568466000,338,219,-119,557,37,-0.6010874032043332,-0.08313155952354699
333,1568480400,332,303,-29,635,37,-0.07768026565252958,0.1490414916266148
333,1568494800,262,260,-2,522,37,0.0793418756130115,-0.18731177478323496
333,1568509200,111,200,89,311,37,0.6085646480265018,-0.815369643920211
333,1568523600,24,77,53,101,37,0.39920179300578035,-1.440450935478339
333,1568538000,83,118,35,201,37,0.2945203654954196,-1.1427931775935163
333,1568552400,346,326,-20,672,37,-0.025339551897349225,0.25917486204399925
333,1568566800,380,312,-68,692,37,-0.30449002525831115,0.3187064136209638
333,1568581200,232,303,71,535,37,0.5038832205161411,-0.148616266258208
333,1568595600,92,168,76,260,37,0.5329613948245746,-0.9671751004414707
333,1568610000,14,33,19,47,37,0.20147020770843233,-1.6011861247361434
333,1568624400,652,313,-339,965,37,-1.8805270727754084,1.13131209264653
333,1568638800,415,310,-105,725,37,-0.5196685151407193,0.4169334737229553
333,1568653200,387,393,6,780,37,0.12586695450650515,0.5806452405596079
333,1568667600,304,566,262,870,37,1.6146694790983023,0.8485372226559484
333,1568682000,83,217,134,300,38,0.994791277258421,-0.7682117429790686
333,1568696400,13,57,44,70,38,0.3884214169670225,-1.4855768773443774
333,1568705789,72,67,-5,139,38,0.0582867152528166,-1.2703673370347848
333,1568710800,654,364,-290,1018,38,-1.8618845090032785,1.471215067778722
333,1568725200,436,291,-145,727,38,-0.8849552896449144,0.5635922238643528
333,1568739600,364,397,33,761,38,0.3143095451536293,0.6696375045966159
333,1568754000,328,485,157,813,38,1.149752463777334,0.831824404540077
333,1568768400,85,227,142,312,38,1.0486908203954342,-0.7307839968382699
333,1568782800,13,30,17,43,38,0.20651045887960293,-1.5697893061611745
333,1568797200,661,299,-362,960,38,-2.3469803972363974,1.2903142947648614
333,1568811600,480,325,-155,805,38,-0.952329718566181,0.8068725737795445
333,1568826000,364,408,44,772,38,0.3884214169670225,0.703946271892348
333,1568840400,327,559,232,886,38,1.6550606806868327,1.059509860229936
333,1568854800,93,272,179,365,38,1.2979762074041201,-0.5654781180497421
333,1568869200,11,34,23,45,38,0.2469351162323628,-1.5635513484710415
333,1568883600,683,320,-363,1003,38,-2.353717840128524,1.4244303851027236
333,1568898000,488,299,-189,787,38,-1.1814027768984872,0.7507309545683464
333,1568912400,429,407,-22,836,38,-0.05624981391333646,0.9035609179766079
333,1568926800,356,510,154,866,38,1.129540135100954,0.9971302833286046
333,1568941200,102,244,142,346,38,1.0486908203954342,-0.6247387161060067
333,1568955600,14,36,22,50,38,0.24019767334023617,-1.5479564542457087
333,1568970000,575,313,-262,888,38,-1.6732361080237326,1.065747817920069
333,1568984400,456,289,-167,745,38,-1.0331790332717008,0.6197338430755509
333,1568998800,408,424,16,832,38,0.19977301598747627,0.8910850025963416
333,1569013200,406,547,141,953,38,1.0419533775033074,1.2684814428493953
333,1569027600,123,234,111,357,38,0.839830090739508,-0.5904299488102747
333,1569042000,24,73,49,97,38,0.4221086314276557,-1.4013644485275805
333,1569056400,114,108,-6,222,38,0.05154927236068995,-1.0114920928942603
333,1569070800,332,204,-128,536,38,-0.7704187604787615,-0.03213273554336029
333,1569085200,332,318,-14,650,38,-0.002350270776323254,0.3234308527942276
333,1569099600,280,285,5,565,38,0.1256611441740831,0.058317650963569966
333,1569114000,117,185,68,302,38,0.550120046378062,-0.7619737852889354
333,1569128400,24,83,59,107,38,0.4894830603489222,-1.3701746600769147
333,1569142800,93,109,16,202,38,0.19977301598747627,-1.0738716697955915
333,1569157200,315,258,-57,573,38,-0.2920603151377692,0.08326948172410245
333,1569171600,316,269,-47,585,38,-0.2246858862165027,0.12069722786490118
333,1569186000,195,266,71,461,38,0.570332375054442,-0.26605614892335233
333,1569200400,68,102,34,170,38,0.321046988045756,-1.1736789928377214
333,1569214800,16,40,24,56,38,0.2536725591244895,-1.5292425811753094
333,1569229200,654,312,-342,966,38,-2.2122315393938643,1.3090281678352607
333,1569243600,420,297,-123,717,38,-0.7367315460181282,0.5324024354136871
333,1569258000,378,385,7,763,38,0.1391360299583364,0.675875462286749
333,1569272400,337,503,166,840,38,1.2103894498064738,0.9160368333568741
333,1569286800,87,245,158,332,39,1.1633442170380697,-0.6990798263660216
333,1569301200,15,23,8,38,39,0.13079017824688358,-1.6252855877359393
333,1569315600,659,334,-325,993,39,-2.1614797878695495,1.3833079568500182
333,1569330000,463,318,-145,781,39,-0.9224149413201264,0.7154316935492611
333,1569344400,433,376,-57,809,39,-0.3166499052292971,0.8036417660606818
333,1569358800,367,561,194,928,39,1.4111571863479544,1.17853457423422
333,1569373200,91,249,158,340,39,1.1633442170380697,-0.6738769485056156
333,1569387600,15,47,32,62,39,0.29599882445347336,-1.5496769541547217
333,1569402000,670,314,-356,984,39,-2.3748742892197283,1.3549547192570615
333,1569416400,505,325,-180,830,39,-1.1633442170380697,0.8697993204442473
333,1569430800,388,444,56,832,39,0.4612074706600632,0.8761000399093488
333,1569445200,398,526,128,924,39,0.9568334092798325,1.165933135304017
333,1569459600,90,209,119,299,39,0.8948801669523614,-0.803041697540196
333,1569474000,14,34,20,48,39,0.21339450135017848,-1.593781990410432
333,1569488400,623,357,-266,980,39,-1.7553418659450164,1.3423532803268585
333,1569502800,468,313,-155,781,39,-0.9912518772395387,0.7154316935492611
333,1569517200,448,403,-45,851,39,-0.2340455821260022,0.9359568748278129
333,1569531600,357,583,226,940,39,1.6314353812900741,1.2163388910248287
333,1569546000,105,245,140,350,39,1.0394377323831274,-0.6423733511801083
333,1569560400,14,59,45,73,39,0.3854868411487095,-1.5150229970966635
333,1569574800,627,325,-302,952,39,-2.003154835254901,1.2541432078154378
333,1569589200,502,323,-179,825,39,-1.1564605234461285,0.8540475217814937
333,1569603600,394,391,-3,785,39,0.05506954873552993,0.728033132479464
333,1569618000,380,477,97,857,39,0.7434389079296541,0.9548590332231174
333,1569632400,121,211,90,332,39,0.6952530527860653,-0.6990798263660216
333,1569646800,24,73,49,97,39,0.4130216155164745,-1.4394143635154457
333,1569661200,132,102,-30,234,39,-0.13079017824688358,-1.0078150801559942
333,1569675600,294,202,-92,496,39,-0.5575791809472406,-0.18242083022770011
333,1569690000,333,258,-75,591,39,-0.44055638988423945,0.11686334436462027
333,1569704400,257,251,-6,508,39,0.034418467959706205,-0.14461651343709123
333,1569718800,119,203,84,322,39,0.6539508912344179,-0.7305834236915291
333,1569733200,22,101,79,123,39,0.6195324232747117,-1.3575050104691264
333,1569747600,70,114,44,184,39,0.37860314755676827,-1.1653330667835313
333,1569762000,284,252,-32,536,39,-0.14455756543076606,-0.05640644092567047
333,1569776400,321,247,-74,568,39,-0.4336726962922982,0.04440507051595323
333,1569790800,182,257,75,439,39,0.5919976489069467,-0.3619913349830923
333,1569805200,86,146,60,232,39,0.4887422450278281,-1.0141157996210957
333,1569819600,15,38,23,53,39,0.2340455821260022,-1.5780301917476782
333,1569834000,463,270,-193,733,39,-1.252832233733306,0.5642144263868255
333,1569848400,397,274,-123,671,39,-0.770973682297419,0.3688921229686795
333,1569862800,343,375,32,718,39,0.29599882445347336,0.5169590303985644
333,1569877200,287,546,259,833,39,1.858597269824135,0.8792503996418995
333,1569891600,82,213,131,295,40,0.9353812467574852,-0.796914667204149
333,1569906000,17,48,31,65,40,0.27503986421649257,-1.5286467309539433
333,1569920400,515,243,-272,758,40,-1.7257945248827151,0.6760937915617411
333,1569934800,425,335,-90,760,40,-0.5239732086581087,0.6824566790726089
333,1569949200,365,342,-23,707,40,-0.08154448235564352,0.5138401600346129
333,1569963600,302,601,299,903,40,2.044754769426353,1.1374031360996548
333,1569978000,95,225,130,320,40,0.9287778329320753,-0.7173785733183019
333,1569992400,16,31,15,47,40,0.1693852430099337,-1.5859127185517532
333,1570006800,671,335,-336,1006,40,-2.1484130097089507,1.4650918429093454
333,1570021200,474,302,-172,776,40,-1.0654531423417226,0.7333597791595511
333,1570035600,382,379,-3,761,40,0.05052379415255502,0.6856381228280428
333,1570050000,349,531,182,880,40,1.2721553518533915,1.0642299297246756
333,1570064400,83,233,150,316,40,1.060846109440274,-0.7301043483400375
333,1570078800,15,43,28,58,40,0.2552296227402628,-1.5509168372419806
333,1570093200,618,320,-298,938,40,-1.8974832843433733,1.248753667539841
333,1570107600,451,291,-160,742,40,-0.9862121764368036,0.6251906914747989
333,1570110524,70,52,-18,122,40,-0.048527413228593885,-1.3473044368942118
333,1570122000,354,376,22,730,40,0.21560913978780322,0.5870133664095922
333,1570136400,335,590,255,925,40,1.7542045611083164,1.2073948987192005
333,1570150800,97,320,223,417,40,1.5428953186951986,-0.4087785290412147
333,1570165200,12,59,47,71,40,0.3806944854230514,-1.5095580684213399
333,1570179600,563,332,-231,895,40,-1.4550545580409084,1.1119515860561837
333,1570194000,464,297,-167,761,40,-1.0324360732146731,0.6856381228280428
333,1570208400,480,407,-73,887,40,-0.41171517362613985,1.0865000360127126
333,1570222800,389,501,112,890,40,0.8099163840746966,1.0960443672790143
333,1570237200,128,257,129,385,40,0.9221744191066653,-0.5105847292150991
333,1570251600,27,59,32,86,40,0.2816432780419025,-1.4618364120898317
333,1570266000,112,105,-7,217,40,0.02411013885091531,-1.0450672801279923
333,1570280400,331,242,-89,573,40,-0.5173697948326987,0.08752669680647185
333,1570294800,382,322,-60,704,40,-0.3258707938958108,0.5042958287683111
333,1570309200,296,264,-32,560,40,-0.14097520678433284,0.046167927985831296
333,1570323600,119,202,83,321,40,0.6184173831378087,-0.714197129562868
333,1570338000,24,82,58,106,40,0.4533320375025605,-1.398207536981154
333,1570352400,76,105,29,181,40,0.2618330365656727,-1.1595992553236123
333,1570366800,332,242,-90,574,40,-0.5239732086581087,0.09070814056190574
333,1570381200,376,227,-149,603,40,-0.9135746243572944,0.1829700094694885
333,1570395600,200,216,16,416,40,0.17598865683534365,-0.4119599727966486
333,1570410000,83,158,75,241,40,0.5655900725345293,-0.968712629997579
333,1570424400,13,41,28,54,40,0.2552296227402628,-1.5636426122637161
333,1570438800,637,301,-336,938,40,-2.1484130097089507,1.248753667539841
333,1570453200,455,306,-149,761,40,-0.9135746243572944,0.6856381228280428
333,1570467600,382,405,23,787,40,0.22221255361321313,0.7683556604693239
333,1570482000,360,559,199,919,40,1.3844133868853603,1.188306236186597
333,1570496400,67,202,135,269,41,1.1186268888211026,-0.855704056779423
333,1570510800,16,55,39,71,41,0.37777544077138414,-1.511559811265845
333,1570525200,612,331,-281,943,41,-2.09172938606101,1.3768554307147616
333,1570539600,442,284,-158,726,41,-1.1425134682473086,0.6580640230200463
333,1570554000,374,396,22,770,41,0.2465829968459132,0.8038097462392513
333,1570568400,361,514,153,875,41,1.2575365353304246,1.1516120402850811
333,1570582800,88,202,114,290,41,0.9565656345602266,-0.786143597970257
333,1570597200,15,44,29,59,41,0.3006034149328718,-1.5513086448710829
333,1570611600,450,292,-158,742,41,-1.1425134682473086,0.71106246782703
333,1570626000,477,322,-155,799,41,-1.119361860495755,0.899869427451909
333,1570640400,330,374,44,704,41,0.41636145369064026,0.5851911614104439
333,1570654800,308,541,233,849,41,1.8749127420385234,1.0654895674737328
333,1570669200,98,220,122,318,41,1.0183032552310365,-0.6933963195580357
333,1570683600,19,41,22,60,41,0.2465829968459132,-1.5479962420706463
333,1570698000,624,295,-329,919,41,-2.4621551100858694,1.297357763504286
333,1570712400,518,309,-209,827,41,-1.5360908000237214,0.9926167058641304
333,1570726800,389,409,20,798,41,0.23114859167821072,0.8965570246514726
333,1570741200,387,545,158,932,41,1.296122548249681,1.3404189999099603
333,1570755600,87,199,112,286,41,0.9411312293925241,-0.7993932091720028
333,1570770000,15,60,45,75,41,0.42407865627449154,-1.4983102000640993
333,1570784400,582,344,-238,926,41,-1.7598896749554072,1.3205445831073415
333,1570798800,462,294,-168,756,41,-1.2196854940858208,0.7574361070331406
333,1570813200,426,415,-11,841,41,-0.00808468842117748,1.0389903450702411
333,1570827600,434,534,100,968,41,0.8485247983863093,1.4596655007256734
333,1570842000,135,205,70,340,41,0.6170087208707723,-0.6205234579484332
333,1570856400,26,32,6,58,41,0.12310775550429347,-1.5546210476715192
333,1570870800,102,89,-13,191,41,-0.023519093588879946,-1.1140714752134682
333,1570885200,322,245,-77,567,41,-0.5174200589553588,0.13139197775064673
333,1570899600,314,245,-69,559,41,-0.455682438284549,0.10489275534715493
333,1570914000,256,244,-12,500,41,-0.015801891005028712,-0.09053900987859713
333,1570928400,106,207,101,313,41,0.8562420009701606,-0.7099583335602181
333,1570942800,26,63,37,89,41,0.36234103560368164,-1.4519365608579886
333,1570957200,74,116,42,190,41,0.4009270485229378,-1.1173838780139045
333,1570971600,318,237,-81,555,41,-0.5482888692907638,0.09164314414540903
333,1570986000,364,233,-131,597,41,-0.9341489984833254,0.230764061763741
333,1571000400,211,251,40,462,41,0.38549264335523536,-0.2164103162951832
333,1571014800,63,168,105,231,41,0.8871108113055655,-0.981575363196009
333,1571029200,17,46,29,63,41,0.3006034149328718,-1.538059033669337
333,1571043600,341,214,-127,555,41,-0.9032801881479204,0.09164314414540903
333,1571058000,407,242,-165,649,41,-1.1965338863342672,0.40300900738643775
333,1571072400,347,358,11,705,41,0.16169376842354963,0.5885035642108803
333,1571086800,273,448,175,721,41,1.4273149921751518,0.6415020090178639
333,1571101200,77,204,127,281,42,1.033226900488706,-0.8594644641557809
333,1571115600,16,41,25,57,42,0.35930119377530517,-1.5622144796935513
333,1571130000,635,368,-267,1003,42,-1.569976319561097,1.405649425211497
333,1571144400,445,297,-148,742,42,-0.7837296617287961,0.5868201660357912
333,1571158800,384,379,-5,763,42,0.16108775062430494,0.6527029799924573
333,1571173200,354,540,186,894,42,1.4230466720190063,1.0636862480078497
333,1571187600,83,175,92,258,42,0.8019778834792056,-0.9316218318226056
333,1571202000,23,39,16,62,42,0.2998371608300051,-1.5465280954181548
333,1571216400,660,277,-383,937,42,-2.3364016330782977,1.198589152776261
333,1571230800,466,294,-172,760,42,-0.9423004162495963,0.6432911494272193
333,1571245200,387,385,-2,772,42,0.18090909493940496,0.6809384716881712
333,1571259600,321,517,196,838,42,1.4891178197360064,0.8879987441234072
333,1571274000,73,221,148,294,42,1.171976310694406,-0.8186798650397497
333,1571288400,14,40,26,54,42,0.3659083085470052,-1.5716263102587895
333,1571302800,675,292,-383,967,42,-2.3364016330782977,1.292707458428641
333,1571317200,484,269,-215,753,42,-1.2264063514326966,0.6213302114416639
333,1571331600,405,388,-17,793,42,0.08180237336390485,0.7468212856448372
333,1571346000,394,556,162,950,42,1.264475917498206,1.2393737518922925
333,1571360400,110,189,79,299,42,0.7160853914471056,-0.802993480764353
333,1571374800,14,51,37,65,42,0.43858657103570525,-1.5371162648529169
333,1571389200,591,301,-290,892,42,-1.721939959310197,1.0574116942976912
333,1571403600,495,325,-170,820,42,-0.9290861867061962,0.8315277607319792
333,1571418000,412,383,-29,795,42,0.0025169961035047556,0.7530958393549959
333,1571432400,362,508,146,870,42,1.158762081151006,0.9883916034859458
333,1571446800,134,203,69,337,42,0.6500142437301055,-0.6837769602713384
333,1571461200,30,64,34,94,42,0.41876522672060523,-1.4461352360556161
333,1571475600,126,114,-12,240,42,0.11483794722240488,-0.9880928152140336
333,1571490000,343,220,-123,563,42,-0.618551792436296,0.025247608976590785
333,1571504400,363,283,-80,646,42,-0.33444585725319564,0.28564158794817535
333,1571518800,296,283,-13,579,42,0.10823083245070488,0.0754440386578601
333,1571533200,124,224,100,348,42,0.8548348016528057,-0.6492669148654657
333,1571547600,21,80,59,101,42,0.5839430960131055,-1.4241742980700607
333,1571562000,107,95,-12,202,42,0.11483794722240488,-1.1073093357070483
333,1571576400,372,278,-94,650,42,-0.42694546405699574,0.2981906953684927
333,1571590800,391,235,-156,626,42,-0.8365865799023962,0.22289605084658873
333,1571605200,174,218,44,392,42,0.4848363744376053,-0.5112267332419751
333,1571619600,57,136,79,193,42,0.7160853914471056,-1.1355448274027622
333,1571634000,16,41,25,57,42,0.35930119377530517,-1.5622144796935513
333,1571648400,632,328,-304,960,42,-1.8144395661139971,1.2707465204430857
333,1571662800,456,277,-179,733,42,-0.9885502196514964,0.5585846743400773
333,1571677200,406,383,-23,789,42,0.0421596847337048,0.73427217822452
333,1571691600,343,536,193,879,42,1.4692964754209064,1.0166270951816598
333,1571706000,77,201,124,278,43,1.0561946158935047,-0.8723093521401751
333,1571720400,11,26,15,37,43,0.28869319501089125,-1.631249979814479
333,1571734800,627,330,-297,957,43,-1.9081916060475983,1.265950756535561
333,1571749200,481,241,-240,722,43,-1.5068376520080666,0.5259049162722356
333,1571763600,371,423,52,794,43,0.5492212002646224,0.7526423652039778
333,1571778000,336,540,204,876,43,1.6194984110367072,1.010871126487351
333,1571792400,87,245,158,332,43,1.2955987288293658,-0.7022562654413684
333,1571806800,13,47,34,60,43,0.4224778463574019,-1.558819961405728
333,1571821200,652,336,-316,988,43,-2.041976257394109,1.3635738248256166
333,1571835600,503,289,-214,792,43,-1.3237639185865258,0.7463441027336516
333,1571850000,390,371,-19,761,43,0.049289082075030216,0.648721034443596
333,1571864400,359,451,92,810,43,0.8308730978362237,0.8030284649665872
333,1571878800,90,196,106,286,43,0.9294512619862841,-0.8471163022588705
333,1571893200,14,42,28,56,43,0.3802300617216617,-1.5714164863463804
333,1571907600,636,325,-311,961,43,-2.006769770197659,1.2785472814762133
333,1571922000,510,301,-209,811,43,-1.2885574313900756,0.8061775962017503
333,1571936400,417,420,3,837,43,0.2041976257394109,0.8880550083159905
333,1571950800,356,502,146,858,43,1.2111031595578854,0.9541867642544154
333,1571965200,88,232,144,320,43,1.1970205646793053,-0.7400458402633254
333,1571979600,19,38,19,57,43,0.3168583847680514,-1.5682673551112174
333,1571994000,557,342,-215,899,43,-1.330805216025816,1.0833011448961019
333,1572008400,460,279,-181,739,43,-1.0914011030899549,0.579440147270008
333,1572022800,429,418,-11,847,43,0.10561946158935047,0.9195463206676214
333,1572037200,383,506,123,889,43,1.0491533184542146,1.0518098325444711
333,1572051600,141,213,72,354,43,0.6900471490504231,-0.6329753782677805
333,1572066000,31,77,46,108,43,0.5069734156288822,-1.4076616621179
333,1572080400,128,99,-29,227,43,-0.021123892317870093,-1.0329150451334925
333,1572094800,359,255,-104,614,43,-0.5492212002646224,0.18579874287462214
333,1572109200,336,242,-94,578,43,-0.4788082258717221,0.072430018408751
333,1572123600,292,285,-7,577,43,0.13378465134651057,0.06928088717358792
333,1572138000,138,208,70,346,43,0.675964554171843,-0.6581684281490852
333,1572152400,21,74,53,95,43,0.5562624977039125,-1.4486003681750201
333,1572166800,104,134,30,238,43,0.39431265660024173,-0.9982746015466986
333,1572181200,421,306,-115,727,43,-0.6266754720968127,0.5416505724480509
333,1572195600,334,238,-96,572,43,-0.49289082075030216,0.05353523099777248
333,1572210000,163,181,18,344,43,0.30981708732876134,-0.6644666906194113
333,1572224400,54,135,81,189,43,0.7534188260040333,-1.1525820320696898
333,1572238800,15,31,16,46,43,0.2957344924501813,-1.6029077986980114
333,1572253200,615,346,-269,961,43,-1.7110352777474775,1.2785472814762133
333,1572267600,445,256,-189,701,43,-1.147731482604275,0.4597731603338107
333,1572282000,381,413,32,794,43,0.4083952514788218,0.7526423652039778
333,1572296400,357,515,158,872,43,1.2955987288293658,0.9982746015466986
333,1572310800,99,201,102,300,44,0.9482636775959248,-0.8028372868371952
333,1572325200,20,40,20,60,44,0.36736362323086524,-1.5583077733307473
333,1572339600,650,346,-304,996,44,-1.9279000062115654,1.3880271239941055
333,1572354000,487,284,-203,771,44,-1.2124011587619188,0.6797735429064005
333,1572368400,419,397,-22,816,44,0.06982944904388347,0.8214242591239415
333,1572382800,350,556,206,906,44,1.6850149660589273,1.1047256915590236
333,1572397200,82,205,123,287,44,1.0970307646894157,-0.8437586048555961
333,1572411600,16,50,34,66,44,0.46654168129319246,-1.5394210111684086
333,1572426000,742,425,-317,1167,44,-2.0199939172694408,1.9262998456207612
333,1572440400,462,300,-162,762,44,-0.921951131579389,0.6514433996628923
333,1572454800,385,420,35,805,44,0.47362582829764444,0.786798528492987
333,1572469200,399,481,82,880,44,0.8065807375068859,1.022883055522222
333,1572483600,113,193,80,306,44,0.792412443497982,-0.7839505246748565
333,1572498000,34,57,23,91,44,0.38861606424422107,-1.4607261688253301
333,1572512400,619,285,-334,904,44,-2.140424416345124,1.0984301041715772
333,1572526800,507,258,-249,765,44,-1.5382719209667082,0.6608867807440617
333,1572541200,401,370,-31,771,44,0.006072126003815958,0.6797735429064005
333,1572555600,341,468,127,809,44,1.1253673527072234,0.7993897032678795
333,1572570000,103,236,133,339,44,1.1678722347339352,-0.6800733327819931
333,1572584400,21,82,61,103,44,0.657813650413395,-1.4229526445006526
333,1572598800,596,315,-281,911,44,-1.7649646251091706,1.1204646600276391
333,1572613200,450,347,-103,797,44,-0.5039864583167242,0.761616178943202
333,1572627600,427,441,14,868,44,0.32485874120415353,0.9851095311975444
333,1572642000,358,461,103,819,44,0.9553478246003768,0.8308676402051108
333,1572656400,123,201,78,324,44,0.7782441494890782,-0.7272902381878401
333,1572670800,25,85,60,110,44,0.6507295034089431,-1.4009180886445907
333,1572685200,118,96,-22,214,44,0.06982944904388347,-1.0735475444973848
333,1572699600,345,203,-142,548,44,-0.7802681914903501,-0.022184450793858237
333,1572714000,361,268,-93,629,44,-0.43314498827220466,0.23278683839771555
333,1572728400,294,235,-59,529,44,-0.19228399012083852,-0.08199253097459777
333,1572742800,124,210,86,334,44,0.8349173255246937,-0.6958123012506088
333,1572753600,23,90,67,113,44,0.7003185324401067,-1.3914747075634213
333,1572768000,51,59,8,110,44,0.2823538591774419,-1.4009180886445907
333,1572782400,299,226,-73,525,44,-0.29146204818316573,-0.09458370574949031
333,1572796800,379,268,-111,647,44,-0.5606596343523397,0.28944712488473195
333,1572811200,222,232,10,454,44,0.2965221531863458,-0.3180770580038328
333,1572825600,93,157,64,250,44,0.6790660914267509,-0.960226971523352
333,1572840000,13,74,61,87,44,0.657813650413395,-1.4733173436002227
333,1572854400,349,228,-121,577,44,-0.6315011043968591,0.06910156632411263
333,1572868800,648,302,-346,950,44,-2.225434180398547,1.2432286140828412
333,1572883200,378,353,-25,731,44,0.048577008030527634,0.5538617951574751
333,1572897600,399,482,83,881,44,0.8136648845113379,1.0260308492159451
333,1572912000,120,265,145,385,45,1.1316002077685503,-0.42073374529264773
333,1572926400,12,53,41,65,45,0.458281898609985,-1.4081026184781171
333,1572940800,281,186,-95,467,45,-0.42221127490506194,-0.16772047153887115
333,1572955200,680,274,-406,954,45,-2.4356919878696175,1.3349315323402653
333,1572969600,374,333,-41,707,45,-0.07260369130349914,0.572806183350231
333,1572984000,386,526,140,912,45,1.09922913521285,1.2053393677346724
333,1572998400,106,331,225,437,45,1.6495373686597543,-0.2602863034000089
333,1573012800,13,72,59,85,45,0.5748177598105059,-1.3463920639040254
333,1573027200,339,241,-98,580,45,-0.44163391843848204,0.18094416180474776
333,1573041600,756,312,-444,1068,45,-2.6817121392929395,1.6866816934125888
333,1573056000,382,329,-53,711,45,-0.15029426543717975,0.5851482942650493
333,1573070400,390,579,189,969,45,1.4164656462587124,1.3812144482708342
333,1573084800,104,178,74,282,45,0.6719309774776067,-0.7385431013492207
333,1573099200,0,9,9,9,45,0.2511070342535034,-1.5808921712855744
333,1573113600,322,191,-131,513,45,-0.6552829973061037,-0.025786196018459908
333,1573128000,712,331,-381,1043,45,-2.2738366250911164,1.609543500194974
333,1573142400,379,343,-36,722,45,-0.04023261874779889,0.6190890992807999
333,1573156800,412,524,112,936,45,0.9179511289009286,1.2793920332235826
333,1573171200,78,181,103,259,45,0.8596831983006681,-0.8095102391094263
333,1573185600,0,6,6,6,45,0.23168439072008323,-1.5901487544716881
333,1573200000,295,192,-103,487,45,-0.4740049909941823,-0.10600991696477931
333,1573214400,688,364,-324,1052,45,-1.9048063979561334,1.6373132497533154
333,1573228800,387,388,1,775,45,0.19931331816438297,0.7826220689021433
333,1573243200,496,529,33,1025,45,0.4064881825208646,1.5540040010782914
333,1573257600,136,253,117,389,45,0.9503222014566288,-0.4083916343778293
333,1573272000,32,75,43,107,45,0.4712303276322651,-1.2785104538725243
333,1573286400,58,58,0,116,45,0.19283910365324292,-1.250740704314183
333,1573300800,285,222,-63,507,45,-0.21503641054858025,-0.04429936239068746
333,1573315200,382,249,-133,631,45,-0.6682314263283838,0.33830607596868195
333,1573329600,306,263,-43,569,45,-0.08555212032577925,0.14700335678899726
333,1573344000,132,188,56,320,45,0.5553951162770857,-0.6212930476584462
333,1573358400,22,72,50,94,45,0.5165498292102454,-1.318622314345684
333,1573372800,38,73,35,111,45,0.41943661154314466,-1.266168342957706
333,1573387200,274,211,-63,485,45,-0.21503641054858025,-0.1121809724221885
333,1573401600,333,224,-109,557,45,-0.5128502780610227,0.10997702404454215
333,1573416000,185,205,20,390,45,0.3223233938760439,-0.40530610664912475
333,1573430400,77,169,92,246,45,0.7884668386781275,-0.849622099582586
333,1573444800,19,64,45,83,45,0.48417875665454513,-1.3525631193614345
333,1573459200,241,165,-76,406,45,-0.29920119919340094,-0.3559376629898513
333,1573473600,594,271,-323,865,45,-1.8983321834449933,1.0603195644855565
333,1573488000,392,313,-79,705,45,-0.31862384272682104,0.5666351278928218
333,1573502400,356,511,155,867,45,1.1963423528799506,1.0664906199429658
333,1573516800,90,220,130,310,46,1.1329080392319502,-0.6548878442363425
333,1573531200,7,18,11,25,46,0.33965021069716633,-1.517075206258892
333,1573545600,329,194,-135,523,46,-0.6335904864967702,-0.010516236830016075
333,1573560000,690,317,-373,1007,46,-2.220106143566338,1.4536896692012609
333,1573574400,369,338,-31,707,46,0.05967685944959556,0.5461240249669983
333,1573588800,419,541,122,960,46,1.0795797818514605,1.3115043849378931
333,1573603200,85,195,110,280,46,0.9995873957807261,-0.7456444086597688
333,1573617600,4,10,6,14,46,0.3063200498343603,-1.5503526132141483
333,1573632000,312,201,-111,513,46,-0.47360571435530113,-0.04076842497115816
333,1573646400,712,280,-432,992,46,-2.613402041747449,1.4083113869895478
333,1573660800,410,339,-71,749,46,-0.2069644274528528,0.6731832151597951
333,1573675200,436,535,99,971,46,0.9262610418825528,1.3447817918931495
333,1573689600,88,182,94,270,46,0.8929308810197467,-0.7758965968009108
333,1573704000,1,11,10,12,46,0.3329841785246051,-1.5564030508423767
333,1573718400,316,208,-108,524,46,-0.4536076178376175,-0.007491018015901866
333,1573732800,715,304,-411,1019,46,-2.4734153661236635,1.4899922949706315
333,1573747200,399,315,-84,714,46,-0.2936228456961485,0.5673005566657978
333,1573761600,417,514,97,931,46,0.9129289775374304,1.223773039328581
333,1573776000,105,211,106,316,46,0.9729232670904813,-0.6367365313516573
333,1573790400,0,2,2,2,46,0.27965592114411547,-1.586655238983519
333,1573804800,309,205,-104,514,46,-0.4269434891473727,-0.037743206157043956
333,1573819200,672,332,-340,1004,46,-2.0001270818718178,1.4446140127589182
333,1573833600,426,361,-65,787,46,-0.16696823441748554,0.788141530096135
333,1573848000,448,488,40,936,46,0.5329651437014414,1.2388991333991521
333,1573862400,137,315,178,452,46,1.4528775835148884,-0.2253067726321249
333,1573876800,28,75,47,103,46,0.5796273689093698,-1.2811081387579837
333,1573891200,58,57,-1,115,46,0.25965782462643183,-1.2448055129886133
333,1573905600,293,242,-51,535,46,-0.07364378400162862,0.025786388939354428
333,1573920000,413,333,-80,746,46,-0.2669587170059037,0.6641075587174524
333,1573934400,319,271,-48,590,46,-0.053645687483944986,0.1921734237156359
333,1573948800,133,196,63,329,46,0.6862838836703492,-0.5974086867681726
333,1573963200,29,82,53,111,46,0.6196235619447371,-1.25690638824507
333,1573977600,34,48,14,82,46,0.35964830721484997,-1.344637733854382
333,1573992000,348,200,-148,548,46,-0.7202489047400659,0.06511423352283914
333,1574006400,321,245,-76,566,46,-0.24029458831565884,0.1195681721768949
333,1574020800,201,224,23,425,46,0.41964259676790083,-0.3069876806132085
333,1574035200,90,173,83,263,46,0.8196045271215734,-0.7970731284997103
333,1574049600,16,50,34,66,46,0.4929689506660741,-1.3930412348802095
333,1574064000,313,196,-117,509,46,-0.5136019073906684,-0.052869300227615
333,1574078400,655,302,-353,957,46,-2.0867855001151137,1.3024287284955505
333,1574092800,346,344,-2,690,46,0.2529917924538706,0.4946953051270568
333,1574107200,402,543,141,945,46,1.2062343931301236,1.26612610272618
333,1574121600,66,163,97,229,47,0.9279477708739609,-0.9847306236612576
333,1574136000,1,2,1,3,47,0.33406119751462593,-1.6545789166089901
333,1574150400,305,239,-66,544,47,-0.08042214014240995,-0.05109251623410839
333,1574164800,687,304,-383,991,47,-2.041485095922714,1.273784417162513
333,1574179200,360,299,-61,659,47,-0.049490547779944584,0.28975949123929534
333,1574193600,417,547,130,964,47,1.1320962804662322,1.1937582936687574
333,1574208000,82,228,146,310,47,1.2310773760261216,-0.7446522531799907
333,1574222400,0,1,1,1,47,0.33406119751462593,-1.6605067776085276
333,1574236800,329,214,-115,543,47,-0.3835517452945705,-0.05405644673387711
333,1574251200,713,297,-416,1010,47,-2.2456336055149855,1.3300990966581188
333,1574265600,414,352,-62,766,47,-0.05567686625243765,0.6069000547145492
333,1574280000,467,576,109,1043,47,1.0021835925438778,1.4279088031504867
333,1574294400,80,198,118,278,47,1.0578604587963154,-0.83949802917259
333,1574308800,2,2,0,4,47,0.32787487904213286,-1.6516149861092215
333,1574323200,314,212,-102,526,47,-0.3031296051521606,-0.10444326522994549
333,1574337600,719,316,-403,1035,47,-2.1652114653725754,1.4041973591523371
333,1574352000,422,322,-100,744,47,-0.2907569682071744,0.5416935837196372
333,1574366400,446,554,108,1000,47,0.9959972740713847,1.3004597916604315
333,1574380800,85,202,117,287,47,1.0516741403238223,-0.8128226546746715
333,1574395200,0,1,1,1,47,0.33406119751462593,-1.6605067776085276
333,1574409600,308,189,-119,497,47,-0.4082970191845428,-0.1903972497232386
333,1574424000,695,363,-332,1058,47,-1.7259828538255673,1.4723677606470178
333,1574438400,445,404,-41,849,47,0.07423582166991687,0.8529062861953536
333,1574452800,460,533,73,993,47,0.7794761275341272,1.2797122781620505
333,1574467200,186,306,120,492,47,1.0702330957413015,-0.20521690222208225
333,1574481600,36,130,94,166,47,0.9093888154564816,-1.1714582451466875
333,1574496000,87,57,-30,144,47,0.14228532486734066,-1.2366647161415996
333,1574510400,392,245,-147,637,47,-0.5815139364143488,0.2245530202443833
333,1574524800,533,272,-261,805,47,-1.2867542422785592,0.7224933442055296
333,1574539200,466,262,-204,728,47,-0.9341340893464539,0.49427069572333754
333,1574553600,186,229,43,415,47,0.5938865733593349,-0.4334395507042743
333,1574568000,50,185,135,235,47,1.1630278728286976,-0.9669470406626454
333,1574582400,61,101,40,162,47,0.5753276179418557,-1.1833139671457624
333,1574596800,368,221,-147,589,47,-0.5815139364143488,0.08228435625548437
333,1574611200,498,240,-258,738,47,-1.26819528686108,0.5239100007210248
333,1574625600,300,256,-44,556,47,0.05567686625243765,-0.015525350236883652
333,1574640000,109,183,74,292,47,0.7856624460066203,-0.7980030021758279
333,1574654400,20,89,69,109,47,0.7547308536441548,-1.340402283633505
333,1574668800,315,196,-119,511,47,-0.4082970191845428,-0.1489022227264764
333,1574683200,703,313,-390,1016,47,-2.0847893252301657,1.3478826796567311
333,1574697600,359,341,-18,700,47,0.21652114653725754,0.41128064172981316
333,1574712000,413,529,116,942,47,1.0454878218513293,1.1285518226738454
333,1574726400,116,313,197,429,48,1.591147338200686,-0.11185701922752798
333,1574740800,16,67,51,83,48,0.5036623317532265,-1.393801974601689
333,1574755200,302,196,-106,498,48,-0.6657564765498635,0.14379096320257925
333,1574769600,723,329,-394,1052,48,-2.8109323796790986,2.196384909090687
333,1574784000,358,355,-3,713,48,0.10144184991649492,0.9403752562818989
333,1574798400,393,520,127,913,48,1.0697504173012191,1.6813839010068474
333,1574812800,117,280,163,397,48,1.3378974051923735,-0.23041840238351974
333,1574827200,21,92,71,113,48,0.6526328805816456,-1.2826506778929467
333,1574841600,263,195,-68,458,48,-0.38271243377586717,-0.004410765742410458
333,1574856000,619,279,-340,898,48,-2.4087118978423674,1.6258082526524762
333,1574870400,429,387,-42,816,48,-0.18905072029892234,1.3219947083152475
333,1574884800,410,440,30,850,48,0.3472432554833864,1.4479661779184887
333,1574899200,139,252,113,391,48,0.9654710331213258,-0.25264866172526823
333,1574913600,23,75,52,98,48,0.5111108591946475,-1.3382263262473177
333,1574928000,88,47,-41,135,48,-0.18160219285750137,-1.2011397269732023
333,1574942400,226,137,-89,363,48,-0.5391315100457073,-0.356389871986761
333,1574956800,210,233,23,443,48,0.29510356339343974,-0.0599864140967816
333,1574971200,134,223,89,357,48,0.7867063745272228,-0.37862013132850947
333,1574985600,91,128,37,219,48,0.39938294757333315,-0.8899160961887239
333,1575000000,24,61,37,85,48,0.39938294757333315,-1.3863918881544395
333,1575014400,83,94,11,177,48,0.2057212340963883,-1.045527911580963
333,1575028800,315,219,-96,534,48,-0.5912712021356539,0.27717251925306996
333,1575043200,332,251,-81,583,48,-0.4795432905143396,0.4587196372106824
333,1575057600,262,337,75,599,48,0.6824269903473295,0.5180003287886782
333,1575072000,110,232,122,342,48,1.0325077800941143,-0.4341957796828806
333,1575086400,28,117,89,145,48,0.7867063745272228,-1.1640892947369548
333,1575100800,86,64,-22,150,48,-0.040080171470503224,-1.1455640786188312
333,1575115200,296,166,-130,462,48,-0.8445211351439664,0.010409407152088513
333,1575129600,414,256,-158,670,48,-1.053079903503753,0.7810583976660349
333,1575144000,357,243,-114,600,48,-0.7253446960812311,0.5217053720123029
333,1575158400,155,203,48,358,48,0.48131674942896363,-0.3749150881048847
333,1575172800,40,138,98,178,48,0.8537431215000114,-1.0418228683573383
333,1575187200,51,102,51,153,48,0.5036623317532265,-1.134448948947957
333,1575201600,350,232,-118,582,48,-0.755138805846915,0.4550145939870576
333,1575216000,423,210,-213,633,48,-1.4627489127819056,0.6439717983919194
333,1575230400,210,225,15,435,48,0.23551534386207212,-0.08962675988577953
333,1575244800,97,168,71,265,48,0.6526328805816456,-0.7194841079019858
333,1575259200,15,78,63,93,48,0.593044661050278,-1.3567515423654415
333,1575273600,332,223,-109,555,48,-0.6881020588741263,0.3549784269491896
333,1575288000,654,295,-359,949,48,-2.5502339192293655,1.8147654570573382
333,1575302400,337,316,-21,653,48,-0.03263164402908227,0.7180726628644143
333,1575316800,343,516,173,859,48,1.412382679606583,1.4813115669311112
333,1575331200,84,200,116,284,49,0.9339071557286734,-0.8422313633841736
333,1575345600,14,63,49,77,49,0.5110568361437198,-1.4917797953243852
333,1575360000,347,202,-145,549,49,-0.7133157310127132,-0.010683853895496991
333,1575374400,701,318,-383,1019,49,-2.215381045359265,1.4641362572730994
333,1575388800,338,356,18,694,49,0.3154096733506815,0.4443138399756657
333,1575403200,427,540,113,967,49,0.9149735593293471,1.30096467050551
333,1575417600,105,256,151,361,49,1.1547991137208133,-0.6006118983629355
333,1575432000,15,60,45,75,49,0.48581204094461805,-1.498055625584677
333,1575446400,349,176,-173,525,49,-0.8900292974064251,-0.08599381701899977
333,1575460800,731,339,-392,1070,49,-2.2721818345572435,1.6241699289105427
333,1575475200,375,390,15,765,49,0.2964760769513552,0.6671058142160281
333,1575489600,422,516,94,938,49,0.795060782133614,1.2099651317312774
333,1575504000,134,273,139,407,49,1.0790647281235082,-0.45626780237622183
333,1575518400,21,70,49,91,49,0.5110568361437198,-1.4478489835023418
333,1575532800,327,229,-98,556,49,-0.41668938742326805,0.011281552015524655
333,1575547200,730,336,-394,1066,49,-2.2848042321567945,1.611618268389959
333,1575561600,374,343,-31,717,49,0.006160932161685525,0.5164858879690225
333,1575576000,443,523,80,966,49,0.7067039989367581,1.297826755375364
333,1575590400,132,265,133,397,49,1.0411975353248557,-0.4876469536776813
333,1575604800,23,91,68,114,49,0.6309696133394529,-1.375676935508985
333,1575619200,283,252,-31,535,49,0.006160932161685525,-0.054614665717540284
333,1575633600,716,314,-402,1030,49,-2.335293822554998,1.4986533237047048
333,1575648000,389,373,-16,762,49,0.10082891415831693,0.6576920688255903
333,1575662400,439,533,94,972,49,0.795060782133614,1.3166542461562396
333,1575676800,160,266,106,426,49,0.8707951677309191,-0.3966474149034488
333,1575691200,38,89,51,127,49,0.5236792337432706,-1.3348840388170877
333,1575705600,74,58,-16,132,49,0.10082891415831693,-1.319194463166358
333,1575720000,281,214,-67,495,49,-0.22104222463022985,-0.18013127092337827
333,1575734400,392,284,-108,676,49,-0.47980137542102236,0.3878313676330386
333,1575748800,317,268,-49,585,49,-0.10744064623427217,0.1022810907897572
333,1575763200,160,195,35,355,49,0.4227000529468638,-0.6194393891438112
333,1575777600,34,120,86,154,49,0.7445711917354105,-1.250160330303147
333,1575792000,41,64,23,105,49,0.3469656673495586,-1.4039181716802986
333,1575806400,295,223,-72,518,49,-0.252598218629107,-0.10795922293002143
333,1575820800,429,289,-140,718,49,-0.6817597370138361,0.5196238030991684
333,1575835200,230,231,1,461,49,0.2081192937544992,-0.28682038534834053
333,1575849600,86,195,109,281,49,0.8897287641302454,-0.8516451087746114
333,1575864000,16,64,48,80,49,0.5047456373439443,-1.4823660499339473
333,1575878400,367,184,-183,551,49,-0.9531412854041794,-0.004408023635205092
333,1575892800,698,304,-394,1002,49,-2.2848042321567945,1.410791700060618
333,1575907200,363,333,-30,696,49,0.012472130961460954,0.4505896702359576
333,1575921600,372,530,158,902,49,1.1989775053192413,1.097000187046023
333,1575936000,109,334,225,443,50,1.6330024734884936,-0.3919242477275298
333,1575950400,18,94,76,112,50,0.703888055896804,-1.4189800237705303
333,1575964800,317,209,-108,526,50,-0.44347471482045003,-0.13438458183155086
333,1575979200,706,322,-384,1028,50,-2.1645188708963308,1.4232649637079848
333,1575993600,391,320,-71,711,50,-0.2127550272305674,0.4396496132377999
333,1576008000,554,546,-8,1100,50,0.1800920083954489,1.6466728666538941
333,1576022400,153,259,106,412,50,0.8909580728615737,-0.4881137614959075
333,1576036800,16,86,70,102,50,0.6664740525038501,-1.4500088991796845
333,1576051200,326,181,-145,507,50,-0.6741944024103326,-0.19333944510894363
333,1576065600,736,333,-403,1069,50,-2.2829965483073518,1.5504833528855164
333,1576080000,410,352,-58,762,50,-0.13169135321250056,0.5978968778244858
333,1576094400,425,573,148,998,50,1.1528560966122512,1.3301783374805225
333,1576108800,174,312,138,486,50,1.0904994242906614,-0.2585000834681672
333,1576123200,18,99,81,117,50,0.7350663920575989,-1.4034655860659533
333,1576137600,317,209,-108,526,50,-0.44347471482045003,-0.13438458183155086
333,1576152000,696,309,-387,1005,50,-2.183225872592808,1.3518985502669303
333,1576166400,401,300,-101,701,50,-0.3998250441953371,0.40862073782864583
333,1576180800,401,575,174,976,50,1.314983444648385,1.2619148115803833
333,1576195200,134,287,153,421,50,1.184034432773046,-0.46018777362766883
333,1576209600,24,110,86,134,50,0.7662447282183938,-1.3507164978703914
333,1576224000,286,201,-85,487,50,-0.30005436848079325,-0.2553971959272518
333,1576238400,678,311,-367,989,50,-2.058512527949628,1.3022523496122838
333,1576252800,392,367,-25,759,50,0.07408566544874608,0.5885882152017395
333,1576267200,658,549,-109,1207,50,-0.449710382052609,1.978681833531843
333,1576281600,191,305,114,496,50,0.9408434107188456,-0.22747120805901314
333,1576296000,40,99,59,139,50,0.5978817129501012,-1.3352020601658143
333,1576310400,64,61,-3,125,50,0.21127034455624383,-1.3786424857386301
333,1576324800,301,241,-60,542,50,-0.14416268767681853,-0.0847383811769043
333,1576339200,393,268,-125,661,50,-0.5494810577671528,0.28450523619202944
333,1576353600,306,299,-7,605,50,0.18632767562760788,0.11074353390076651
333,1576368000,181,221,40,402,50,0.4794040355390804,-0.5191426369050616
333,1576382400,46,91,45,137,50,0.5105823716998753,-1.341407835247645
333,1576396800,44,57,13,101,50,0.31104102027078767,-1.4531117867205998
333,1576411200,287,197,-90,484,50,-0.3312327046415882,-0.26470585854999806
333,1576425600,364,251,-113,615,50,-0.474653050981245,0.1417724093099206
333,1576440000,268,257,-11,525,50,0.16138500669897193,-0.13748746937246625
333,1576454400,106,193,87,299,50,0.7724803954505529,-0.8387400536193488
333,1576468800,12,73,61,85,50,0.6103530474144191,-1.5027579873752464
333,1576483200,329,176,-153,505,50,-0.7240797402676046,-0.19954522019077445
333,1576497600,690,277,-413,967,50,-2.3453532206289416,1.2339888237121448
333,1576512000,343,337,-6,680,50,0.19256334285976687,0.34346009946942224
333,1576526400,425,540,115,965,50,0.9470790779510045,1.2277830486303138
333,1576540800,143,289,146,432,51,1.2728958364471965,-0.2859146997718839
333,1576555200,19,57,38,76,51,0.4904245647132917,-1.4619797867015147
333,1576569600,311,172,-139,483,51,-0.7919589084061633,-0.11743346540836934
333,1576584000,682,298,-384,980,51,-2.567009478543262,1.5244326812321547
333,1576598400,357,332,-25,689,51,0.033982989535180606,0.5630985792756306
333,1576612800,425,519,94,944,51,0.8961504093160572,1.4055047510932033
333,1576627200,141,227,86,368,51,0.838189574372805,-0.4973421311300198
333,1576641600,14,79,65,93,51,0.6860423826467679,-1.4058193752470098
333,1576656000,335,183,-152,518,51,-0.8861452651889481,-0.0018090888843887757
333,1576670400,662,366,-296,1028,51,-1.9294402941674877,1.6830032547507565
333,1576684800,400,382,-18,782,51,0.08469872011052629,0.8703290654679218
333,1576699200,446,502,56,948,51,0.6208364433356092,1.4187189655530867
333,1576713600,145,266,121,411,51,1.0917682272495335,-0.3552893256862722
333,1576728000,25,57,32,82,51,0.4469539385058526,-1.4421584650116894
333,1576742400,267,193,-74,460,51,-0.32102712449223914,-0.19341519855269942
333,1576756800,706,285,-421,991,51,-2.8350783401558033,1.5607717709968343
333,1576771200,411,347,-64,758,51,-0.2485760808131739,0.7910437787086209
333,1576785600,399,521,122,920,51,1.09901333161744,1.3262194643339023
333,1576800000,141,233,92,374,51,0.8816602005802441,-0.47752080944019454
333,1576814400,19,60,41,79,51,0.5121598778170113,-1.452069125856602
333,1576828800,261,177,-84,438,51,-0.3934781681713044,-0.26609337808205863
333,1576843200,592,325,-267,917,51,-1.7193322674981986,1.3163088034889896
333,1576857600,389,377,-12,766,51,0.12816934631796542,0.8174722076283878
333,1576872000,406,531,125,937,51,1.1207486447211594,1.3823798757884072
333,1576886400,159,317,158,476,51,1.3598370888620748,-0.14055834071316545
333,1576900800,35,82,47,117,51,0.5556305040244505,-1.326534088487709
333,1576915200,63,53,-10,116,51,0.14265955505377848,-1.3298376421026799
333,1576929600,269,206,-63,475,51,-0.24133097644526738,-0.1438618943281363
333,1576944000,367,230,-137,597,51,-0.7774686996703503,0.2591716466983102
333,1576958400,267,284,17,551,51,0.3382773729872547,0.10720818040965004
333,1576972800,115,191,76,306,51,0.7657385306937396,-0.7021624552582139
333,1576987200,28,97,69,125,51,0.715022800118394,-1.3001056595679419
333,1577001600,41,49,8,90,51,0.27307143367609593,-1.4157300360919225
333,1577016000,311,183,-128,494,51,-0.7122627603591916,-0.08109437564368974
333,1577030400,329,236,-93,565,51,-0.45868410748246313,0.15345793101924227
333,1577044800,242,237,-5,479,51,0.17888507689331112,-0.13064767986825285
333,1577059200,95,149,54,244,51,0.6063462345997961,-0.906982779386408
333,1577073600,20,60,40,80,51,0.5049147734491047,-1.4487655722416313
333,1577088000,150,131,-19,281,51,0.07745361574261976,-0.7847512956324857
333,1577102400,558,251,-307,809,51,-2.0091364422144595,0.9595250130721353
333,1577116800,390,322,-68,712,51,-0.2775564982848,0.6390803124199607
333,1577131200,378,410,32,788,51,0.4469539385058526,0.890150387157747
333,1577145600,112,253,141,365,52,1.43888685318616,-0.028464489240675975
333,1577160000,17,59,42,76,52,0.33355379040881883,-1.2547359014973785
333,1577174400,147,121,-26,268,52,-0.4256648789735973,-0.44005039577666266
333,1577188800,452,194,-258,646,52,-3.0159403392194877,1.1638616936109967
333,1577203200,327,292,-35,619,52,-0.5261497028624464,1.0492965443690212
333,1577217600,282,333,51,615,52,0.43403861429766805,1.032323929666506
333,1577232000,89,166,77,255,52,0.7243281055321212,-0.4952113935598361
333,1577246400,16,54,38,70,52,0.2888938686804414,-1.2801948235511509
333,1577260800,28,30,2,58,52,-0.11304542687495533,-1.3311126676586957
333,1577275200,108,97,-11,205,52,-0.25819017249218196,-0.7073690773412725
333,1577289600,160,150,-10,310,52,-0.2470251920600876,-0.26183794140025607
333,1577304000,121,190,69,311,52,0.6350082620753664,-0.2575947877246273
333,1577318400,76,124,48,200,52,0.400543673001385,-0.7285848457194162
333,1577332800,17,48,31,65,52,0.21073900565578094,-1.3014105919292946
333,1577347200,123,95,-28,218,52,-0.447994839837786,-0.6522080795580991
333,1577361600,371,237,-134,608,52,-1.6314827656397877,1.002621853937105
333,1577376000,282,273,-9,555,52,-0.23586021162799325,0.7777347091287825
333,1577390400,273,416,143,689,52,1.4612168140503488,1.346317301663032
333,1577404800,107,222,115,329,52,1.1485973619517067,-0.1812180215633102
333,1577419200,15,52,37,67,52,0.27772888824834707,-1.292924284578037
333,1577433600,140,121,-19,261,52,-0.34751001594893677,-0.46975247150606375
333,1577448000,389,279,-110,668,52,-1.363523235269523,1.2572110744748288
333,1577462400,335,326,-9,661,52,-0.23586021162799325,1.2275089987454277
333,1577476800,328,474,146,802,52,1.4947117553466318,1.8257936670090784
