remote_unit_id,time_stamp,entries,exits,num_people_exited,sum_exit_entry,week_num,z_score_num_people_exited,z_score_sum_exit_entry
311,1546311600,176,100,-76,276,1,-0.3724538254769992,-0.7459897929444697
311,1546326000,65,65,0,130,1,0.11760083689834351,-1.2461438942275977
311,1546340400,92,176,84,268,1,0.6592402005763539,-0.7733954971243672
311,1546354800,219,311,92,530,1,0.7108249018790216,0.12414131476727346
311,1546369200,379,289,-90,668,1,-0.4627270527566676,0.596889711870504
311,1546383600,277,118,-159,395,1,-0.9076451014921761,-0.3383299432684955
311,1546398000,65,54,-11,119,1,0.046671872607175494,-1.2838267374749566
311,1546412400,19,73,54,92,1,0.4657975706913502,-1.3763209890821104
311,1546426800,220,431,211,651,1,1.478147333756203,0.538652590488222
311,1546441200,301,377,76,678,1,0.6076554992736862,0.6311468420953757
311,1546455600,599,392,-207,991,1,-1.217153309308182,1.7033950181338624
311,1546470000,366,134,-232,500,1,-1.3783555008790185,0.02136992409265812
311,1546484400,127,46,-81,173,1,-0.40469426379116646,-1.098838234260649
311,1546498800,28,90,62,118,1,0.5173822719940179,-1.2872524504974439
311,1546513200,238,547,309,785,1,2.1100599247138816,0.9976981355015038
311,1546527600,310,332,22,642,1,0.2594587654806796,0.5078211732858373
311,1546542000,599,400,-199,999,1,-1.1655686080055143,1.7308007223137598
311,1546556400,448,190,-258,638,1,-1.5460057801126883,0.49411832119588867
311,1546570800,149,40,-109,189,1,-0.5852407183505033,-1.0440268259008543
311,1546585200,35,81,46,116,1,0.41421286938868257,-1.2941038765424182
311,1546599600,224,476,252,700,1,1.7425189279323747,0.7065125285900936
311,1546614000,289,350,61,639,1,0.5109341843311844,0.49754403421837584
311,1546628400,620,453,-167,1073,1,-0.9592298027948437,1.9843034859778108
311,1546642800,415,231,-184,646,1,-1.0688472930630126,0.521524025375786
311,1546657200,226,67,-159,293,1,-0.9076451014921761,-0.6877526715621877
311,1546671600,22,59,37,81,1,0.35618008042318144,-1.4140038323294695
311,1546686000,93,355,262,448,1,1.8069998045607092,-0.15676715307667513
311,1546700400,300,444,144,744,1,1.0461254603463612,0.8572439015795295
311,1546714800,467,420,-47,887,1,-0.18545928325482897,1.347120863795196
311,1546729200,363,210,-153,573,1,-0.8689565755151754,0.2714469747342221
311,1546743600,206,67,-139,273,1,-0.778683348235507,-0.7562669320119312
311,1546758000,40,47,7,87,1,0.1627374505381777,-1.3934495541945462
311,1546772400,88,286,198,374,1,1.394322194139368,-0.41026991674072627
311,1546786800,307,445,138,752,1,1.0074369343693605,0.8846496057594269
311,1546801200,495,340,-155,835,1,-0.8818527508408422,1.1689837866258626
311,1546815600,337,93,-244,430,1,-1.4557325528330198,-0.21842998748144432
311,1546830000,99,36,-63,135,1,-0.28862868586016427,-1.2290153291151618
311,1546844400,25,83,58,108,1,0.49158992134268403,-1.3215095807223156
311,1546858800,235,481,246,716,1,1.7038304019553738,0.7613239369498885
311,1546873200,271,304,33,575,1,0.3303877297718476,0.27829840077919643
311,1546887600,606,363,-243,969,1,-1.4492844651701864,1.6280293316391445
311,1546902000,312,130,-182,442,1,-1.0559511177373455,-0.17732143121159818
311,1546916400,0,21,21,21,2,0.13500657770248106,-0.8934004395395921
311,1546930800,14,68,54,82,2,0.41263137992152965,-0.716515437522557
311,1546945200,249,495,246,744,2,2.027902956468721,1.2031217974819888
311,1546959600,258,292,34,550,2,0.24437392403119718,0.6405694959851884
311,1546974000,570,347,-223,917,2,-1.9177343841595753,1.7047792622188263
311,1546988400,296,117,-179,413,2,-1.5475679812008438,0.2433031799797159
311,1547002800,0,2,2,2,2,-0.024838005393334795,-0.9484957680367014
311,1547017200,21,82,61,103,2,0.47152148948314604,-0.6556206007625941
311,1547031600,243,501,258,744,2,2.128857430002921,1.2031217974819888
311,1547046000,303,320,17,623,2,0.10135508652441456,0.8522515475793452
311,1547060400,554,370,-184,924,2,-1.5896323451734269,1.725077541138814
311,1547074800,333,174,-159,507,2,-1.3793105253105113,0.5158800683338357
311,1547089200,0,4,4,4,2,-0.008012259804301548,-0.9426962597738479
311,1547103600,24,94,70,118,2,0.5472373446337957,-0.612124288791192
311,1547118000,225,495,270,720,2,2.2298119035371204,1.1335276983277454
311,1547132400,239,301,62,540,2,0.4799343622776627,0.6115719546709203
311,1547146800,519,397,-122,916,2,-1.0680342319133962,1.7018795080873994
311,1547161200,336,145,-191,481,2,-1.6485224547350432,0.4404864609167387
311,1547175600,0,2,2,2,2,-0.024838005393334795,-0.9484957680367014
311,1547190000,17,79,62,96,2,0.4799343622776627,-0.6759188796825817
311,1547204400,236,452,216,688,2,1.7755167726332226,1.0407355661220876
311,1547218800,270,310,40,580,2,0.29485116079829693,0.7275621199279926
311,1547233200,520,492,-28,1012,2,-0.27722418922883346,1.9802559047043728
311,1547247600,281,193,-88,474,2,-0.7819965568998309,0.42018818199675106
311,1547262000,0,0,0,0,2,-0.04166375098236804,-0.9542952762995551
311,1547276400,2,1,-1,3,2,-0.05007662377688467,-0.9455960139052747
311,1547290800,0,0,0,0,2,-0.04166375098236804,-0.9542952762995551
311,1547305200,0,1,1,1,2,-0.03325087818785142,-0.9513955221681283
311,1547319600,0,1,1,1,2,-0.03325087818785142,-0.9513955221681283
311,1547334000,0,1,1,1,2,-0.03325087818785142,-0.9513955221681283
311,1547348400,0,0,0,0,2,-0.04166375098236804,-0.9542952762995551
311,1547362800,0,0,0,0,2,-0.04166375098236804,-0.9542952762995551
311,1547377200,2,0,-2,2,2,-0.05848949657140129,-0.9484957680367014
311,1547391600,0,0,0,0,2,-0.04166375098236804,-0.9542952762995551
311,1547406000,1,0,-1,1,2,-0.05007662377688467,-0.9513955221681283
311,1547420400,1,1,0,2,2,-0.04166375098236804,-0.9484957680367014
311,1547434800,0,1,1,1,2,-0.03325087818785142,-0.9513955221681283
311,1547449200,13,69,56,82,2,0.4294571255105629,-0.716515437522557
311,1547463600,213,456,243,669,2,2.0026643380851716,0.9856402376249783
311,1547478000,258,271,13,529,2,0.06770359534634807,0.5796746592252254
311,1547492400,530,333,-197,863,2,-1.698999691502143,1.5481925391217788
311,1547506800,279,127,-152,406,2,-1.320420415748895,0.22300490105972826
311,1547521200,0,4,4,4,3,-0.010867484543454415,-0.8883656463534193
311,1547535600,26,64,38,90,3,0.2712919323302348,-0.632134973620963
311,1547550000,240,539,299,779,3,2.4372803971547317,1.420689834665809
311,1547564400,218,311,93,529,3,0.7277262831553203,0.6758332278854128
311,1547578800,578,389,-189,967,3,-1.6125371156205726,1.9808220029646668
311,1547593200,294,96,-198,390,3,-1.687226373028314,0.2616929545155125
311,1547607600,0,1,1,1,3,-0.03576390367936817,-0.8973039256347841
311,1547622000,21,69,48,90,3,0.354279996116614,-0.632134973620963
311,1547636400,242,460,218,702,3,1.7650770804850604,1.191273999777447
311,1547650800,299,310,11,609,3,0.04722416010701101,0.9141873420551396
311,1547665200,570,378,-192,948,3,-1.6374335347564863,1.9242129008493567
311,1547679600,317,103,-214,420,3,-1.8200072750865206,0.35107574732916
311,1547694000,0,0,0,0,3,-0.04406271005800609,-0.9002833520619057
311,1547708400,19,67,48,86,3,0.354279996116614,-0.6440526793294493
311,1547722800,229,480,251,709,3,2.0389376909801116,1.2121299847672982
311,1547737200,259,272,13,531,3,0.06382177286428685,0.681792080739656
311,1547751600,575,448,-127,1023,3,-1.0980111201450216,2.1476698828834757
311,1547766000,341,141,-200,482,3,-1.7038239857855897,0.5358001858106983
311,1547780400,0,2,2,2,3,-0.027465097300730254,-0.8943244992076624
311,1547794800,20,73,53,93,3,0.3957740280098036,-0.6231966943395982
311,1547809200,239,542,303,781,3,2.4704756226692832,1.4266486875200521
311,1547823600,251,338,87,589,3,0.6779334448834928,0.8545988135127079
311,1547838000,525,400,-125,925,3,-1.0814135073877458,1.8556860930255603
311,1547852400,258,172,-86,430,3,-0.7577600586208671,0.38087001160037587
311,1547866800,0,0,0,0,3,-0.04406271005800609,-0.9002833520619057
311,1547881200,0,0,0,0,3,-0.04406271005800609,-0.9002833520619057
311,1547895600,0,1,1,1,3,-0.03576390367936817,-0.8973039256347841
311,1547910000,0,0,0,0,3,-0.04406271005800609,-0.9002833520619057
311,1547924400,0,0,0,0,3,-0.04406271005800609,-0.9002833520619057
311,1547938800,0,1,1,1,3,-0.03576390367936817,-0.8973039256347841
311,1547953200,0,0,0,0,3,-0.04406271005800609,-0.9002833520619057
311,1547967600,0,0,0,0,3,-0.04406271005800609,-0.9002833520619057
311,1547982000,0,0,0,0,3,-0.04406271005800609,-0.9002833520619057
311,1547996400,1,0,-1,1,3,-0.05236151643664401,-0.8973039256347841
311,1548010800,1,2,1,3,3,-0.03576390367936817,-0.8913450727805409
311,1548025200,3,1,-2,4,3,-0.06066032281528193,-0.8883656463534193
311,1548039600,0,0,0,0,3,-0.04406271005800609,-0.9002833520619057
311,1548054000,8,41,33,49,3,0.2297979004370452,-0.754291457132948
311,1548068400,80,278,198,358,3,1.599100952912302,0.16635130884762178
311,1548082800,168,200,32,368,3,0.2214990940584073,0.19614557311883762
311,1548097200,288,199,-89,487,3,-0.7826564777567808,0.5506973179463063
311,1548111600,164,75,-89,239,3,-0.7826564777567808,-0.18820043597984684
311,1548126000,43,16,-27,59,4,-0.14620820729589346,-0.8548042870383947
311,1548140400,15,68,53,83,4,0.4587912711698726,-0.7809449761062242
311,1548154800,202,461,259,663,4,2.0166649282192206,1.0039883714212314
311,1548169200,263,311,48,574,4,0.42097880376576224,0.7300934267144322
311,1548183600,558,337,-221,895,4,-1.6133319425753763,1.7179617104322134
311,1548198000,374,147,-227,521,4,-1.6587069034603088,0.5669874484058888
311,1548212400,90,28,-62,118,4,-0.4108954791246662,-0.6732334809968088
311,1548226800,27,86,59,113,4,0.5041662320548052,-0.688620837441011
311,1548241200,244,529,285,773,4,2.2132897587205944,1.34251021319368
311,1548255600,242,294,52,536,4,0.4512287776890505,0.6131495177384955
311,1548270000,570,319,-251,889,4,-1.8402067470000385,1.6994968826991708
311,1548284400,410,121,-289,531,4,-2.1275814992712774,0.5977621612942933
311,1548298800,99,40,-59,139,4,-0.3882079986821999,-0.6086065839311595
311,1548313200,33,79,46,112,4,0.4058538168041181,-0.6916983087298514
311,1548327600,199,451,252,650,4,1.963727473853466,0.9639812446663056
311,1548342000,224,262,38,486,4,0.34535386895754144,0.4592759532964734
311,1548356400,484,335,-149,819,4,-1.0688324119561867,1.48407389248034
311,1548370800,378,183,-195,561,4,-1.4167071120740022,0.6900862999595064
311,1548385200,129,48,-81,177,4,-0.5545828552602855,-0.49166267495522276
311,1548399600,25,100,75,125,4,0.6251661277479583,-0.6516911819749257
311,1548414000,230,431,201,661,4,1.5780403063315398,0.9978334288435505
311,1548428400,290,363,73,653,4,0.6100411407863142,0.9732136585328269
311,1548442800,525,471,-54,996,4,-0.35039553127808953,2.028786310605098
311,1548457200,289,174,-115,463,4,-0.8117076336082362,0.38849411365314324
311,1548471600,0,0,0,0,4,0.05797911668630259,-1.0363750930799809
311,1548486000,2,0,-2,2,4,0.042854129724658435,-1.0302201505022999
311,1548500400,0,0,0,0,4,0.05797911668630259,-1.0363750930799809
311,1548514800,0,1,1,1,4,0.06554161016712468,-1.0332976217911403
311,1548529200,1,1,0,2,4,0.05797911668630259,-1.0302201505022999
311,1548543600,0,1,1,1,4,0.06554161016712468,-1.0332976217911403
311,1548558000,1,0,-1,1,4,0.05041662320548051,-1.0332976217911403
311,1548572400,0,0,0,0,4,0.05797911668630259,-1.0363750930799809
311,1548586800,0,0,0,0,4,0.05797911668630259,-1.0363750930799809
311,1548601200,0,0,0,0,4,0.05797911668630259,-1.0363750930799809
311,1548615600,0,0,0,0,4,0.05797911668630259,-1.0363750930799809
311,1548630000,0,0,0,0,4,0.05797911668630259,-1.0363750930799809
311,1548644400,0,0,0,0,4,0.05797911668630259,-1.0363750930799809
311,1548658800,20,67,47,87,4,0.41341631028494014,-0.7686350909508625
311,1548673200,215,450,235,665,4,1.8351650846794905,1.0101433139989122
311,1548687600,255,289,34,544,4,0.3151038950342532,0.637769288049219
311,1548702000,462,318,-144,780,4,-1.0310199445520765,1.364052512215563
311,1548716400,334,130,-204,464,4,-1.484769553401401,0.3915715849419837
311,1548730800,93,34,-59,127,5,-0.30276981785114426,-1.2266478129096547
311,1548745200,30,68,38,98,5,0.3281684112667901,-1.3274001924446173
311,1548759600,240,504,264,744,5,1.7981894399333178,0.9169459171962725
311,1548774000,270,304,34,574,5,0.30215033996295776,0.3263285199223541
311,1548788400,534,351,-183,885,5,-1.109330028269947,1.4068109349352282
311,1548802800,309,158,-151,467,5,-0.9011854578392882,-0.04541301836181803
311,1548817200,128,37,-91,165,5,-0.510914388281803,-1.0946274535190141
311,1548831600,32,83,51,115,5,0.41272714300424523,-1.2683384527172255
311,1548846000,229,496,267,725,5,1.817702993411192,0.8509357375009522
311,1548860400,229,291,62,520,5,0.4842768390897842,0.13872064078828591
311,1548874800,513,363,-150,876,5,-0.8946809400133301,1.3755429550795502
311,1548889200,295,156,-139,451,5,-0.8231312439277912,-0.10100053810524565
311,1548903600,110,30,-80,140,5,-0.4393646921962641,-1.18148295311812
311,1548918000,34,51,17,85,5,0.1915735369216703,-1.3725650522361523
311,1548932400,223,419,196,642,5,1.355882227768168,0.5625754788319215
311,1548946800,192,246,54,438,5,0.4322406964821195,-0.14616539789678057
311,1548961200,431,335,-96,766,5,-0.5434369774115935,0.9933787568434854
311,1548975600,339,142,-197,481,5,-1.2003932778333601,0.003226061413681123
311,1548990000,108,25,-83,133,5,-0.4588782456741384,-1.2058024930058695
311,1549004400,24,80,56,104,5,0.4452497321340357,-1.306554872540832
311,1549018800,237,503,266,740,5,1.811198475585234,0.9030490372604155
311,1549033200,275,309,34,584,5,0.30215033996295776,0.36107071976199634
311,1549047600,511,438,-73,949,5,-0.3938330674145575,1.6291610139089387
311,1549062000,358,204,-154,562,5,-0.9206990113171624,0.2846378801147834
311,1549076400,196,53,-143,249,5,-0.8491493152316234,-0.8027929748660192
311,1549090800,29,44,15,73,5,0.17856450126975412,-1.414255692043723
311,1549105200,111,355,244,466,5,1.668099083414156,-0.04888723834578226
311,1549119600,351,547,196,898,5,1.355882227768168,1.4519757947267633
311,1549134000,492,410,-82,902,5,-0.45237372784818025,1.46587267466262
311,1549148400,379,190,-189,569,5,-1.1483571352256954,0.30895742000253296
311,1549162800,201,52,-149,253,5,-0.8881764221873719,-0.7888960949301623
311,1549177200,31,27,-4,58,5,0.05497866257655049,-1.4663689918031864
311,1549191600,93,301,208,394,5,1.433936441679665,-0.29903107719120653
311,1549206000,314,425,111,739,5,0.8029982125617304,0.8995748172764514
311,1549220400,485,287,-198,772,5,-1.206897795659318,1.0142240767472708
311,1549234800,305,98,-207,403,5,-1.265438456092941,-0.2677630973355285
311,1549249200,78,30,-48,108,5,-0.23122012176560533,-1.292657992604975
311,1549263600,26,76,50,102,5,0.4062226251782871,-1.3135033125087603
311,1549278000,229,515,286,744,5,1.9412888321043957,0.9169459171962725
311,1549292400,293,292,-1,585,5,0.07449221605442476,0.3645449397459606
311,1549306800,619,338,-281,957,5,-1.7467727752138393,1.6569547737806525
311,1549321200,367,153,-214,520,5,-1.3109700808746476,0.13872064078828591
311,1549335600,132,38,-94,170,6,-0.42781529120942957,-1.1807175201054207
311,1549350000,34,66,32,100,6,0.2985236632597078,-1.409439237777552
311,1549364400,195,466,271,661,6,1.676261838800373,0.4236019567091002
311,1549378800,315,508,193,823,6,1.2266234384147165,0.9529293604646041
311,1549393200,604,400,-204,1004,6,-1.0619207276507399,1.5443383733025435
311,1549407600,503,162,-341,665,6,-1.8516702257640083,0.4366717691475077
311,1549422000,162,46,-116,208,6,-0.5546363784976917,-1.0565543019405494
311,1549436400,50,82,32,132,6,0.2985236632597078,-1.304880738270292
311,1549450800,238,518,280,756,6,1.7281431926910258,0.7340100021212784
311,1549465200,259,294,35,553,6,0.3158174478899254,0.07071702087209764
311,1549479600,525,367,-158,892,6,-0.7967493633207374,1.1783836250271336
311,1549494000,393,164,-229,557,6,-1.2060355995692196,0.08378683331050514
311,1549508400,148,39,-109,187,6,-0.5142842143605174,-1.1251708172421888
311,1549522800,42,72,30,114,6,0.2869944735062294,-1.3636948942431257
311,1549537200,220,518,298,738,6,1.831905900472331,0.6751958461484446
311,1549551600,281,285,4,566,6,0.13711500671101062,0.11319391129692202
311,1549566000,588,448,-140,1036,6,-0.6929866555394321,1.6488968728098037
311,1549580400,524,200,-324,724,6,-1.7536721128594421,0.6294515026140184
311,1549594800,199,34,-165,233,6,-0.8371015274579118,-0.9748679742005026
311,1549609200,40,81,41,121,6,0.3504050171503605,-1.3408227224759126
311,1549623600,258,581,323,839,6,1.9760207723908108,1.005208610218234
311,1549638000,245,330,85,575,6,0.6040471917268846,0.1426009892833389
311,1549652400,559,479,-80,1038,6,-0.3471109629350809,1.6554317790290074
311,1549666800,430,245,-185,675,6,-0.9523934249926954,0.46934630024352647
311,1549681200,235,63,-172,298,6,-0.877453691595086,-0.7624835220763807
311,1549695600,26,41,15,67,6,0.20052555035514166,-1.5172651903944139
311,1549710000,102,358,256,460,6,1.5897929156492852,-0.23315611832087682
311,1549724400,334,480,146,814,6,0.9556874792079749,0.9235222824781872
311,1549738800,529,487,-42,1016,6,-0.1280563576189919,1.583547810617766
311,1549753200,385,238,-147,623,6,-0.7333388196766064,0.2994387385442289
311,1549767600,213,71,-142,284,6,-0.7045158452929104,-0.808227865610807
311,1549782000,33,29,-4,62,6,0.09099824769709713,-1.5336024559424233
311,1549796400,98,278,180,376,6,1.1516837050171072,-0.5076221795274344
311,1549810800,293,375,82,668,6,0.586753407096667,0.44647412847631335
311,1549825200,479,315,-164,794,6,-0.8313369325811726,0.8581732202861497
311,1549839600,285,127,-158,412,6,-0.7967493633207374,-0.38999386758176685
311,1549854000,100,30,-70,130,6,-0.2894650141676891,-1.3114156444894958
311,1549868400,35,95,60,130,6,0.45993231980840493,-1.3114156444894958
311,1549882800,261,512,251,773,6,1.5609699412655893,0.7895567049845102
311,1549897200,266,307,41,573,6,0.3504050171503605,0.13606608306413515
311,1549911600,600,356,-244,956,6,-1.2925045227203074,1.3875006240416536
311,1549926000,356,158,-198,514,6,-1.027333158390305,-0.05671365040237552
311,1549940400,194,40,-154,234,7,-0.8163125900333906,-0.9915243970743917
311,1549954800,34,82,48,116,7,0.3830311869147274,-1.3716650606012881
311,1549969200,204,466,262,670,7,1.65362310902808,0.41306313934702266
311,1549983600,200,262,62,462,7,0.4661540229408345,-0.25701531839530345
311,1549998000,417,319,-98,736,7,-0.4838212459289618,0.6256841884383376
311,1550012400,342,154,-188,496,7,-1.0181823346682224,-0.14748326280280785
311,1550026800,202,39,-163,241,7,-0.8697486989073167,-0.9689736797465249
311,1550041200,53,72,19,125,7,0.21084816943207677,-1.3426712811797452
311,1550055600,269,514,245,783,7,1.552688236710664,0.7770961476397287
311,1550070000,286,326,40,612,7,0.3355324234712375,0.22621433863041246
311,1550084400,575,390,-185,965,7,-1.0003702983769136,1.363414798164264
311,1550098800,462,208,-254,670,7,-1.4100471330770132,0.41306313934702266
311,1550113200,222,43,-179,265,7,-0.9647462257942963,-0.8916569346224104
311,1550127600,49,89,40,138,7,0.3355324234712375,-1.30079137757085
311,1550142000,224,472,248,696,7,1.5705002730019726,0.4968229465648134
311,1550156400,262,303,41,565,7,0.34146976890167374,0.07480237942902149
311,1550170800,569,464,-105,1033,7,-0.5253826639420154,1.582478909349255
311,1550185200,386,218,-168,604,7,-0.8994354260594978,0.2004420902557076
311,1550199600,308,58,-250,366,7,-1.3862977513552683,-0.5662822988917616
311,1550214000,33,65,32,98,7,0.2880336600277477,-1.4296526194443742
311,1550228400,244,475,231,719,7,1.4695654006845569,0.5709181606420898
311,1550242800,297,316,19,613,7,0.21084816943207677,0.22943586967725058
311,1550257200,613,529,-84,1142,7,-0.4006984099028546,1.9336257934546088
311,1550271600,418,220,-198,638,7,-1.0775557889725846,0.3099741458482032
311,1550286000,284,87,-197,371,7,-1.0716184435421483,-0.5501746436575711
311,1550300400,38,74,36,112,7,0.3117830417494926,-1.3845511847886407
311,1550314800,110,330,220,440,7,1.4042546009497583,-0.3278890014257418
311,1550329200,311,519,208,830,7,1.3330064557845236,0.9285081068411196
311,1550343600,538,438,-100,976,7,-0.49569593678983426,1.3988516396794832
311,1550358000,445,272,-173,717,7,-0.9291221532116789,0.5644750985484136
311,1550372400,265,72,-193,337,7,-1.0478690618204034,-0.6597066992500668
311,1550386800,45,37,-8,82,7,0.050539842810298614,-1.4811971161937838
311,1550401200,80,248,168,328,7,1.0955126385670746,-0.6887004786716097
311,1550415600,382,691,309,1073,7,1.9326783442585826,1.7113401512227795
311,1550430000,642,417,-225,1059,7,-1.2378641155943628,1.666238716567046
311,1550444400,347,162,-185,509,7,-1.0003702983769136,-0.10560335919391246
311,1550458800,118,31,-87,149,7,-0.41851044619416333,-1.2653545360556306
311,1550473200,24,47,23,71,7,0.23459755115382167,-1.5166339577090029
311,1550487600,123,410,287,533,7,1.8020567447889855,-0.028286614069797916
311,1550502000,278,401,123,679,7,0.8283320941974442,0.44205691876856557
311,1550516400,552,408,-144,960,7,-0.7569391357290283,1.3473071429300734
311,1550545200,448,161,-287,609,8,-1.7058925754238004,0.18954743012709338
311,1550559600,27,82,55,109,8,0.44461675633453984,-1.6199745758594781
311,1550574000,232,453,221,685,8,1.4884312273049622,0.46459477503705227
311,1550588400,281,380,99,661,8,0.7212904715315193,0.3777377187496968
311,1550602800,522,386,-136,908,8,-0.7563986891796208,1.2716415897070632
311,1550617200,415,187,-228,602,8,-1.3348982755005778,0.16421412204328137
311,1550631600,166,77,-89,243,8,-0.4608608570373928,-1.135022678255077
311,1550646000,30,108,78,138,8,0.589241652914779,-1.515022299512257
311,1550660400,231,481,250,712,8,1.6707843577756984,0.5623089633603271
311,1550674800,224,282,58,506,8,0.46348087327978843,-0.18321410310614036
311,1550689200,432,328,-104,760,8,-0.5551814417636358,0.736023075935038
311,1550703600,348,181,-167,529,8,-0.9513278976138563,-0.09997609083075808
311,1550718000,137,70,-67,207,8,-0.3225239994389031,-1.26530826268611
311,1550732400,33,107,74,140,8,0.5640894969877809,-1.5077842114883107
311,1550746800,232,448,216,680,8,1.4569910323962145,0.4464995549771865
311,1550761200,275,351,76,626,8,0.57666557495128,0.2510711783306368
311,1550775600,599,427,-172,1026,8,-0.9827680925226039,1.698688783119894
311,1550790000,456,216,-240,672,8,-1.4103547432815722,0.4175472028814014
311,1550804400,198,51,-147,249,8,-0.8255671179788656,-1.1133084141832381
311,1550818800,36,97,61,133,8,0.482344990225037,-1.5331175195721227
311,1550833200,234,477,243,711,8,1.6267680849034518,0.558689919348354
311,1550847600,299,354,55,653,8,0.44461675633453984,0.3487853666539117
311,1550862000,532,512,-20,1044,8,-0.026986167296675072,1.7638315753354106
311,1550876400,481,275,-206,756,8,-1.196561417902088,0.7215468998871454
311,1551495600,9486,9565,79,19051,9,0.1913327944844926,4.1171201884510715
311,1551510000,52,56,4,108,9,-0.25555176010731534,-0.32319073127499937
311,1551524400,80,386,306,466,9,1.543903379715698,-0.23927417585812066
311,1551538800,200,499,299,699,9,1.5021941546204627,-0.1846580937013253
311,1551553200,397,385,-12,782,9,-0.3508871317535677,-0.16520257945662994
311,1551567600,313,198,-115,511,9,-0.9646085867263173,-0.22872600548449065
311,1551582000,248,50,-198,298,9,-1.4591608271412515,-0.27865401191967265
311,1551596400,43,47,4,90,9,-0.25555176010731534,-0.32740999942445137
311,1551610800,73,302,229,375,9,1.0851019036681087,-0.2606049203914613
311,1551625200,221,442,221,663,9,1.0374342178449825,-0.1930966300002293
311,1551639600,400,268,-132,668,9,-1.0659024191004605,-0.19192461106982597
311,1551654000,222,132,-90,354,9,-0.815647068529048,-0.2655273998991553
311,1551668400,84,46,-38,130,9,-0.5058071106787279,-0.3180338479812247
311,1551682800,27,83,56,110,9,0.05428819774300484,-0.32272192370283803
311,1551697200,201,541,340,742,9,1.7464910444639843,-0.17457873089985662
311,1551711600,177,322,145,499,9,0.5845912025252836,-0.23153885091745866
311,1551726000,416,336,-80,752,9,-0.7560624612501403,-0.17223469303904995
311,1551740400,319,145,-174,464,9,-1.316157769671873,-0.239742983430282
311,1551754800,134,31,-103,165,10,-0.6546177551539408,-1.2959991613933708
311,1551769200,32,112,80,144,10,0.3152868690403755,-1.3695849750282754
311,1551783600,207,606,399,813,10,2.005994929794402,0.9746488021979688
311,1551798000,284,304,20,588,10,-0.00271464708890852,0.18622937039542034
311,1551812400,493,377,-116,870,10,-0.7235180836486189,1.1743817249212811
311,1551826800,406,182,-224,588,10,-1.2959208126813302,0.18622937039542034
311,1551841200,169,47,-122,216,10,-0.7553182352615474,-1.1172907568514598
311,1551855600,41,92,51,133,10,0.1615861362445549,-1.408129925027511
311,1551870000,231,556,325,787,10,1.6137930599016188,0.8835425567452299
311,1551884400,264,378,114,642,10,0.4954877281803031,0.37545003402803195
311,1551898800,444,386,-58,830,10,-0.4161166180569778,1.0342182703786058
311,1551913200,370,191,-179,561,10,-1.0574196755843672,0.0916190385791145
311,1551927600,148,50,-98,198,10,-0.6281176288098338,-1.1803643113956637
311,1551942000,38,93,55,131,10,0.18278623731984048,-1.4151380977546448
311,1551956400,211,619,408,830,10,2.053695157213795,1.0342182703786058
311,1551970800,225,342,117,567,10,0.5113878039867673,0.11264355676051581
311,1551985200,501,474,-27,975,10,-0.2518158347235144,1.5423107930958038
311,1551999600,443,217,-226,660,10,-1.306520863218973,0.43852358857223583
311,1552014000,211,65,-146,276,10,-0.882518841713261,-0.9070455750374469
311,1552028400,41,110,69,151,10,0.2569865910833401,-1.3450563704833072
311,1552042800,202,596,394,798,10,1.9794948034502953,0.9220875067444656
311,1552057200,275,374,99,649,10,0.41598734914798213,0.39997863857300014
311,1552071600,525,466,-59,991,10,-0.4214166433257992,1.5983761749128738
311,1552086000,393,259,-134,652,10,-0.8189185384874041,0.4104908976637008
311,1552100400,322,63,-259,385,10,-1.4814216970900793,-0.5251001614086568
311,1552114800,62,66,4,128,10,-0.08751505139005093,-1.4256503568453456
311,1552129200,93,476,383,569,10,1.9211945254932599,0.11965172948764957
311,1552143600,311,501,190,812,10,0.8982896486107297,0.971144715834402
311,1552158000,548,505,-43,1053,10,-0.33661623902465676,1.8156295294540206
311,1552172400,357,267,-90,624,10,-0.5857174266592626,0.3123764794838281
311,1552190400,309,69,-240,378,10,-1.3807212169824725,-0.549628765953625
311,1552204800,40,53,13,93,10,-0.039814823970658324,-1.5482933795701863
311,1552219200,86,328,242,414,10,1.1738909625894425,-0.42348165686521716
311,1552233600,246,361,115,607,10,0.5007877534491245,0.2528070113031911
311,1552248000,378,293,-85,671,10,-0.5592173003151556,0.4770685385714716
311,1552262400,273,84,-189,357,10,-1.1104199282725813,-0.6232145795885294
311,1552276800,64,28,-36,92,10,-0.299516062142907,-1.5517974659337532
311,1552291200,60,165,105,225,10,0.4477875007609105,-1.0857539795793578
311,1552305600,230,558,328,788,10,1.6296931357080828,0.8870466431087968
311,1552320000,303,303,0,606,10,-0.10871515246533653,0.24930292493962422
311,1552334400,574,338,-236,912,10,-1.359521115907187,1.3215533521910903
311,1552348800,325,102,-223,427,11,-1.3291222871003918,-0.4063739946835588
311,1552363200,77,44,-33,121,11,-0.23443802132878205,-1.4698475397198236
311,1552377600,61,148,87,209,11,0.45694151494802404,-1.164012010428349
311,1552392000,251,527,276,778,11,1.5458642845839936,0.8134927187403921
311,1552406400,304,381,77,685,11,0.3993265535916235,0.49028017073917435
311,1552420800,487,422,-65,909,11,-0.4188058976692637,1.2687706089356559
311,1552435200,370,139,-231,509,11,-1.3752142561855123,-0.1213908878437754
311,1552449600,102,24,-78,126,11,-0.4937053474325844,-1.4524705210100808
311,1552464000,68,174,106,242,11,0.566409941525185,-1.0493236869440459
311,1552478400,239,484,245,723,11,1.367257904379152,0.6223455129332204
311,1552492800,288,329,41,617,11,0.1919126927085817,0.25395271628667104
311,1552507200,544,436,-108,980,11,-0.6665502315017858,1.515524274614005
311,1552521600,401,126,-275,527,11,-1.6287200861536744,-0.058833620488700986
311,1552536000,125,32,-93,157,11,-0.5801277894671851,-1.3447330050096749
311,1552550400,58,185,127,243,11,0.6874013603736261,-1.0458482832020972
311,1552564800,221,533,312,754,11,1.7532781454670354,0.7300830289336263
311,1552579200,322,396,74,718,11,0.38204206518470335,0.6049684942234774
311,1552593600,537,440,-97,977,11,-0.6031737740097454,1.5050980633881592
311,1552608000,438,160,-278,598,11,-1.6460045745605947,0.18792004518964806
311,1552622400,151,31,-120,182,11,-0.7356881851294664,-1.2578479114609604
311,1552636800,55,200,145,255,11,0.7911082908151469,-1.0041434382987142
311,1552651200,228,516,288,744,11,1.6150022382116742,0.6953289915141405
311,1552665600,332,403,71,735,11,0.3647575767777832,0.6640503578366033
311,1552680000,519,483,-36,1002,11,-0.2517225097357022,1.5919831569368736
311,1552694400,475,202,-273,677,11,-1.6171970938823943,0.46247694080358576
311,1552708800,187,48,-139,235,11,-0.8451566117066275,-1.0736515131376858
311,1552723200,37,93,56,130,11,0.27833513474318244,-1.4385689060422866
311,1552737600,156,482,326,638,11,1.833939091365996,0.3269361948675912
311,1552752000,344,549,205,893,11,1.13679805895355,1.2131641490644787
311,1552766400,554,442,-112,996,11,-0.6895962160443461,1.5711307344851821
311,1552780800,423,228,-195,651,11,-1.1678003953024705,0.3721164435129227
311,1552795200,212,40,-172,252,11,-1.0352859841827493,-1.01456964952456
311,1552809600,41,70,29,111,11,0.12277473908090109,-1.5046015771393095
311,1552824000,150,370,220,520,11,1.2232205009881507,-0.08316144668234103
311,1552838400,311,478,167,789,11,0.917861205799228,0.8517221599018265
311,1552852800,450,291,-159,741,11,-0.9603865344194286,0.6849027802882948
311,1552867200,289,129,-160,418,11,-0.9661480305550686,-0.43765262836109603
311,1552881600,73,19,-54,92,11,-0.3554294401772231,-1.5706342482363325
311,1552896000,53,193,140,246,11,0.7623008101369466,-1.0354220719762515
311,1552910400,221,509,288,730,11,1.6150022382116742,0.6466733391268604
311,1552924800,309,325,16,634,11,0.04787528931758043,0.3130345798997969
311,1552939200,473,401,-72,874,11,-0.459136370618744,1.1471314779674557
311,1552953600,331,138,-193,469,12,-1.1414908130313222,-0.18813455004629004
311,1552968000,75,24,-51,99,12,-0.28397082198474133,-1.4857869724694366
311,1552982400,66,168,102,234,12,0.6399767740020678,-1.0123191967204506
311,1552996800,295,459,164,754,12,1.014386910937899,0.8114085320904579
311,1553011200,276,337,61,613,12,0.39238297377030845,0.31689774408596155
311,1553025600,489,367,-122,856,12,-0.7127308175080318,1.1691397404341362
311,1553040000,384,137,-247,521,12,-1.4675899645560784,-0.005761777165199185
311,1553054400,97,27,-70,124,12,-0.3987094123360444,-1.3981077547381429
311,1553068800,51,166,115,217,12,0.7184821252950646,-1.0719410647777303
311,1553083200,238,478,240,716,12,1.4733412723431112,0.6781361211388915
311,1553097600,300,375,75,675,12,0.47692719823968965,0.5343422040595699
311,1553112000,558,403,-155,961,12,-0.9120136323287161,1.5373924549055695
311,1553126400,385,122,-263,507,12,-1.5642119353782284,-0.05486213909472364
311,1553140800,87,39,-48,126,12,-0.2658542024555882,-1.3910934173196394
311,1553155200,67,159,92,226,12,0.579588042238224,-1.0403765463944645
311,1553169600,240,391,151,631,12,0.935881559644902,0.38002678085249303
311,1553184000,303,376,73,679,12,0.46484945188692095,0.5483708788965769
311,1553198400,514,452,-62,966,12,-0.3503984269249695,1.5549282984518282
311,1553212800,438,136,-302,574,12,-1.7997279892572189,0.18011816442514342
311,1553227200,78,42,-36,120,12,-0.19338772433897577,-1.4121364295751497
311,1553241600,65,157,92,222,12,0.579588042238224,-1.0544052212314716
311,1553256000,237,501,264,738,12,1.618274228576336,0.75529383274243
311,1553270400,319,423,104,742,12,0.6520545203548365,0.769322507579437
311,1553284800,558,482,-76,1040,12,-0.4349426513943506,1.8144587829364576
311,1553299200,442,181,-261,623,12,-1.5521341890254596,0.351969431178479
311,1553313600,170,40,-130,210,12,-0.7610418029191067,-1.0964912457424925
311,1553328000,31,95,64,126,12,0.41049959329946156,-1.3910934173196394
311,1553342400,160,443,283,603,12,1.7330128189276393,0.2818260569934441
311,1553356800,319,521,202,840,12,1.243864091640505,1.1130250410861082
311,1553371200,529,399,-130,928,12,-0.7610418029191067,1.4216558875002618
311,1553385600,384,179,-205,563,12,-1.2139572911479348,0.1415393086233742
311,1553400000,164,49,-115,213,12,-0.6704587052733412,-1.0859697396147374
311,1553414400,39,70,31,109,12,0.21121677847877723,-1.450715285376919
311,1553428800,124,405,281,529,12,1.7209350725748704,0.022295572508814792
311,1553443200,266,468,202,734,12,1.243864091640505,0.741265157905423
311,1553457600,474,266,-208,740,12,-1.232073910677088,0.7623081701609334
311,1553472000,286,104,-182,390,12,-1.0750632080910942,-0.4652008780771781
311,1553486400,64,33,-31,97,12,-0.1631933584570539,-1.49280130988794
311,1553500800,55,163,108,218,12,0.676210013060374,-1.0684338960684785
311,1553515200,241,472,231,713,12,1.4189914137556519,0.6676146150111363
311,1553529600,302,301,-1,603,12,0.017972836834477302,0.2818260569934441
311,1553544000,558,344,-214,902,12,-1.2683071497353942,1.3304695010597165
311,1553558400,324,95,-229,419,13,-1.8234257132999034,0.1523756713254161
311,1553572800,72,18,-54,90,13,-0.315360112674913,-0.8068621539021921
311,1553587200,54,147,93,201,13,0.9514149918500789,-0.4832287235062513
311,1553601600,233,404,171,637,13,1.6235813738429319,0.7879800661570835
311,1553616000,297,288,-9,585,13,0.07242818462865601,0.6363680086743004
311,1553630400,579,457,-122,1036,13,-0.9013513174891951,1.9513110456884384
311,1553644800,406,183,-223,589,13,-1.771720606992761,0.6480304746345146
311,1553659200,130,30,-100,160,13,-0.7117659276963391,-0.6027689995984457
311,1553673600,55,177,122,232,13,1.2013230056679345,-0.39284461231459217
311,1553688000,236,403,167,639,13,1.5891113029715034,0.7938112991371906
311,1553702400,331,352,21,683,13,0.33095371616436864,0.9220984246995455
311,1553716800,565,439,-126,1004,13,-0.9358213883606233,1.8580113180067257
311,1553731200,397,131,-266,528,13,-2.1422738688606158,0.47017786874124984
311,1553745600,87,22,-65,109,13,-0.4101528075713409,-0.7514654405911751
311,1553760000,62,154,92,216,13,0.9427974741322218,-0.4394944761554485
311,1553774400,245,440,195,685,13,1.8304017990715018,0.9279296576796525
311,1553788800,329,329,0,658,13,0.1499858440893698,0.8492080124482074
311,1553803200,541,420,-121,961,13,-0.8927337997713379,1.7326398089344244
311,1553817600,427,137,-290,564,13,-2.3490942940891855,0.5751400623831766
311,1553832000,124,27,-97,151,13,-0.6859133745427678,-0.6290095480089273
311,1553846400,66,147,81,213,13,0.8480047792357939,-0.4482413256256091
311,1553860800,250,406,156,656,13,1.4943186080750754,0.8433767794681004
311,1553875200,332,324,-8,656,13,0.0810457023465131,0.8433767794681004
311,1553889600,536,465,-71,1001,13,-0.46185791387848346,1.8492644685365651
311,1553904000,191,122,-69,313,13,-0.44462287844276926,-0.15667967662025703
311,1553918400,1,0,-1,1,13,0.1413683263715127,-1.0663520215169553
311,1553932800,1,0,-1,1,13,0.1413683263715127,-1.0663520215169553
311,1553947200,0,0,0,0,13,0.1499858440893698,-1.069267638007009
311,1553961600,0,0,0,0,13,0.1499858440893698,-1.069267638007009
311,1553976000,0,0,0,0,13,0.1499858440893698,-1.069267638007009
311,1553990400,0,0,0,0,13,0.1499858440893698,-1.069267638007009
311,1554004800,0,0,0,0,13,0.1499858440893698,-1.069267638007009
311,1554019200,0,0,0,0,13,0.1499858440893698,-1.069267638007009
311,1554033600,0,0,0,0,13,0.1499858440893698,-1.069267638007009
311,1554048000,0,0,0,0,13,0.1499858440893698,-1.069267638007009
311,1554062400,2,0,-2,2,13,0.13275080865365563,-1.0634364050269018
311,1554076800,1,0,-1,1,13,0.1413683263715127,-1.0663520215169553
311,1554091200,0,0,0,0,13,0.1499858440893698,-1.069267638007009
311,1554105600,65,119,54,184,13,0.6153318008536525,-0.5327942038371611
311,1554120000,278,474,196,752,13,1.839019316789359,1.1232759625132385
311,1554134400,315,288,-27,603,13,-0.08268713429277158,0.6888491054952638
311,1554148800,535,338,-197,873,13,-1.5476651463284765,1.4760655578097144
311,1554163200,379,126,-253,505,14,-1.737157543158739,0.33280593017401155
311,1554177600,74,30,-44,104,14,-0.14526184278840693,-0.8025227058378789
311,1554192000,73,179,106,252,14,0.9972470330754676,-0.3834986706015702
311,1554206400,267,429,162,696,14,1.4237836800646473,0.8735734351073559
311,1554220800,349,318,-31,667,14,-0.04624440688020446,0.79146737414889
311,1554235200,535,366,-169,901,14,-1.097352572674969,1.45397834877927
311,1554249600,431,138,-293,569,14,-2.0418265767224386,0.5140055129789018
311,1554264000,86,34,-52,120,14,-0.20619564950114688,-0.7572228101366564
311,1554278400,71,160,89,231,14,0.8677626938108952,-0.4429547837094248
311,1554292800,253,410,157,663,14,1.3857000508691848,0.7801424002235844
311,1554307200,341,319,-22,660,14,0.022306125671628017,0.7716486697796051
311,1554321600,541,403,-138,944,14,-0.8612340716631016,1.5757218184763055
311,1554336000,516,170,-346,686,14,-2.445513046194341,0.8452610002940918
311,1554350400,111,39,-72,150,14,-0.35853016628299683,-0.6722855056968641
311,1554364800,67,161,94,228,14,0.9058463230063577,-0.45144851415340403
311,1554379200,252,491,239,743,14,2.01027156967477,1.0066418787296971
311,1554393600,350,365,15,715,14,0.3041249817180504,0.9273670612525576
311,1554408000,600,452,-148,1052,14,-0.9374013300540266,1.881496114459558
311,1554422400,582,222,-360,804,14,-2.5521472079416356,1.1793477310906082
311,1554436800,151,50,-101,201,14,-0.5794152156166792,-0.5278920881492171
311,1554451200,84,172,88,256,14,0.8601459679718026,-0.37217369667626454
311,1554465600,265,412,147,677,14,1.3095327924782598,0.8197798089621541
311,1554480000,357,336,-21,693,14,0.02992285151072051,0.8650797046633767
311,1554494400,575,482,-93,1057,14,-0.5184814089039392,1.89565233186619
311,1554508800,165,119,-46,284,14,-0.16049529446659191,-0.29289887919912505
311,1554523200,0,0,0,0,14,0.18987409413166295,-1.0969720278958255
311,1554537600,0,0,0,0,14,0.18987409413166295,-1.0969720278958255
311,1554552000,0,0,0,0,14,0.18987409413166295,-1.0969720278958255
311,1554566400,0,0,0,0,14,0.18987409413166295,-1.0969720278958255
311,1554580800,0,0,0,0,14,0.18987409413166295,-1.0969720278958255
311,1554595200,0,0,0,0,14,0.18987409413166295,-1.0969720278958255
311,1554609600,0,0,0,0,14,0.18987409413166295,-1.0969720278958255
311,1554624000,0,0,0,0,14,0.18987409413166295,-1.0969720278958255
311,1554638400,1,0,-1,1,14,0.18225736829257044,-1.0941407844144992
311,1554652800,0,0,0,0,14,0.18987409413166295,-1.0969720278958255
311,1554667200,1,0,-1,1,14,0.18225736829257044,-1.0941407844144992
311,1554681600,0,0,0,0,14,0.18987409413166295,-1.0969720278958255
311,1554696000,0,0,0,0,14,0.18987409413166295,-1.0969720278958255
311,1554710400,59,138,79,197,14,0.7915954354199702,-0.5392170620745228
311,1554724800,248,429,181,677,14,1.5685014710074048,0.8197798089621541
311,1554739200,324,321,-3,645,14,0.16702391661438545,0.729180017559709
311,1554753600,552,342,-210,894,14,-1.4096383320777615,1.4341596444099851
311,1554768000,433,115,-318,548,15,-1.627566313605738,-0.027157962425776783
311,1554782400,75,41,-34,116,15,0.05224773750521146,-1.480709792081514
311,1554796800,58,158,100,216,15,0.8448360573955889,-1.144239461142686
311,1554811200,240,436,196,676,15,1.4126605253767548,0.40352406117592315
311,1554825600,327,304,-23,631,15,0.11731095779472005,0.2521124122534505
311,1554840000,523,390,-133,913,15,-0.5333212451003658,1.2009587455009456
311,1554854400,441,125,-316,566,15,-1.6157366371894635,0.03340669714321227
311,1554868800,101,32,-69,133,15,-0.1547715997795886,-1.4235098358219134
311,1554883200,62,172,110,234,15,0.9039844394769604,-1.083674801573697
311,1554897600,257,441,184,698,15,1.3416824668791092,0.4775475339824653
311,1554912000,291,306,15,597,15,0.34207480970393156,0.13771249973424898
311,1554926400,581,365,-216,946,15,-1.024252816375749,1.3119939547107589
311,1554940800,460,196,-264,656,15,-1.3081650503663318,0.33622999498815753
311,1554955200,121,48,-73,169,15,-0.17843095261213718,-1.302380516683935
311,1554969600,88,135,47,223,15,0.5313496323643202,-1.120686537976968
311,1554984000,240,451,211,691,15,1.501383098498812,0.45399461081674736
311,1554998400,287,364,77,651,15,0.7087947786084345,0.3194064784412161
311,1555012800,531,397,-134,928,15,-0.539236083308503,1.2514292951417698
311,1555027200,488,189,-299,677,15,-1.515184387651132,0.4068887644853114
311,1555041600,146,49,-97,195,15,-0.3203870696074287,-1.21489823063984
311,1555056000,70,167,97,237,15,0.8270915427711775,-1.0735806916455322
311,1555070400,268,462,194,730,15,1.4008308489604806,0.5852180398828903
311,1555084800,353,346,-7,699,15,0.21194836912491438,0.4809122372918536
311,1555099200,542,475,-67,1017,15,-0.14294192336331432,1.5508878896773268
311,1555113600,450,206,-244,656,15,-1.189868286203589,0.33622999498815753
311,1555128000,214,61,-153,275,15,-0.6516180092631088,-0.9457219658887774
311,1555142400,39,101,62,140,15,0.6200722054863774,-1.3999569126561953
311,1555156800,187,433,246,620,15,1.7084024357836118,0.21510067585017942
311,1555171200,418,557,139,975,15,1.0755147475129376,1.409570350683019
311,1555185600,646,441,-205,1087,15,-0.9591895960862402,1.7864171213345066
311,1555200000,495,242,-253,737,15,-1.2431018300768233,0.6087709630486082
311,1555214400,221,68,-153,289,15,-0.6516180092631088,-0.8986161195573414
311,1555228800,58,64,6,122,15,0.28884126583069725,-1.4605215722251843
311,1555243200,143,381,238,524,15,1.6610837301185148,-0.10791084185109552
311,1555257600,359,391,32,750,15,0.4426270592422631,0.6525121060706559
311,1555272000,585,295,-290,880,15,-1.4619508437778976,1.0899235362911324
311,1555286400,367,93,-274,460,15,-1.3673134324477032,-0.3232518536519455
311,1555300800,56,23,-33,79,15,0.058162575713348603,-1.6052038145288805
311,1555315200,67,133,66,200,15,0.643731558318926,-1.1980747140928985
311,1555329600,264,417,153,681,15,1.1583224824268576,0.4203475777228646
311,1555344000,337,286,-51,623,15,-0.04830451203312,0.22519478577834426
311,1555358400,688,422,-266,1110,15,-1.3199947267826062,1.8638052974504369
311,1555372800,424,150,-274,574,16,-1.332497250214597,0.05738468086092991
311,1555387200,100,28,-72,128,16,-0.08650290756931531,-1.446013699400524
311,1555401600,59,147,88,206,16,0.9004233044269475,-1.1830875252740813
311,1555416000,282,446,164,728,16,1.3692132551251723,0.5764953323413422
311,1555430400,313,341,28,654,16,0.530325974928349,0.3270525517598454
311,1555444800,574,394,-180,968,16,-0.7526781006667926,1.3854989450380886
311,1555459200,487,135,-352,622,16,-1.8136237785627751,0.2191854034002792
311,1555473600,108,31,-77,139,16,-0.11734435169419852,-1.408934367151923
311,1555488000,74,141,67,215,16,0.770889239102438,-1.1527498897979533
311,1555502400,266,383,117,649,16,1.0793036803512701,0.31019830982866314
311,1555516800,387,331,-56,718,16,0.012189713630310973,0.5427868484789777
311,1555531200,579,402,-177,981,16,-0.7341732341918628,1.4293199740591624
311,1555545600,510,137,-373,647,16,-1.9431578438872847,0.30345661305619026
311,1555560000,133,37,-96,170,16,-0.23454183936875472,-1.3044380671785933
311,1555574400,63,148,85,211,16,0.8819184379520176,-1.166233283342899
311,1555588800,236,430,194,666,16,1.5542619198744716,0.36750273239468273
311,1555603200,346,398,52,744,16,0.6783649067277884,0.6304289065211253
311,1555617600,588,510,-78,1098,16,-0.12351264051917515,1.8237092352488262
311,1555632000,552,192,-360,744,16,-1.8629700891625882,0.6304289065211253
311,1555646400,197,52,-145,249,16,-0.5367879917926102,-1.0381410446659143
311,1555660800,48,122,74,170,16,0.8140672608772745,-1.3044380671785933
311,1555675200,232,377,145,609,16,1.252015767450616,0.17536437437920543
311,1555689600,376,410,34,786,16,0.5673357078782089,0.772004538743056
311,1555704000,627,436,-191,1063,16,-0.8205292777415357,1.7057295417305507
311,1555718400,515,235,-280,750,16,-1.3695069831644568,0.650653996838544
311,1555732800,242,57,-185,299,16,-0.7835195447916758,-0.869598625354092
311,1555747200,48,94,46,142,16,0.6413551737779285,-1.3988218219932136
311,1555761600,160,361,201,521,16,1.5974399416493081,-0.12127028360960158
311,1555776000,365,465,100,830,16,0.9744427703266673,0.9203218677374594
311,1555790400,638,433,-205,1071,16,-0.9068853212912087,1.7326963288204422
311,1555804800,493,230,-263,723,16,-1.2646460731398539,0.55964109041016
311,1555819200,231,57,-174,288,16,-0.7156683677169328,-0.9066779576026929
311,1555833600,39,69,30,108,16,0.5426625525783023,-1.5134306671252526
311,1555848000,152,336,184,488,16,1.4925790316247052,-0.23250828035540422
311,1555862400,344,358,14,702,16,0.44396993137867596,0.4888532742991947
311,1555876800,500,282,-218,782,16,-0.9870730760159051,0.7585211451981101
311,1555891200,396,137,-259,533,16,-1.2399729178399475,-0.08082010297476427
311,1555905600,67,33,-34,100,16,0.1478920677797971,-1.5403974542151442
311,1555920000,51,121,70,172,16,0.789394105577368,-1.2976963704061204
311,1555934400,260,354,94,614,16,0.9374330373768074,0.19221861631038764
311,1555948800,336,326,-10,662,16,0.2959309995792365,0.3540193388497369
311,1555963200,516,353,-163,869,16,-0.6478171906421897,1.0517849548006808
311,1555977600,397,111,-286,508,17,-1.581611321306965,-0.08090357658990094
311,1555992000,113,40,-73,153,17,-0.2179745749295451,-1.3348249143813997
311,1556006400,49,114,65,163,17,0.6655083875121635,-1.2995031865562872
311,1556020800,262,422,160,684,17,1.2737031804973977,0.5407588331320815
311,1556035200,289,297,8,586,17,0.300591511721023,0.19460590044597767
311,1556049600,579,426,-153,1005,17,-0.730138611127637,1.6745862963181974
311,1556064000,494,138,-356,632,17,-2.0297548529802953,0.3570858484414958
311,1556078400,134,37,-97,171,17,-0.3716237857889727,-1.271245804296197
311,1556092800,59,123,64,182,17,0.6591063370596874,-1.232391903688573
311,1556107200,269,405,136,674,17,1.12005396963797,0.505437105306969
311,1556121600,347,316,-31,663,17,0.05091154407445317,0.466583204699345
311,1556136000,541,411,-130,952,17,-0.5828914507206856,1.4873811388451004
311,1556150400,561,163,-398,724,17,-2.2986409719842937,0.6820457444325321
311,1556164800,128,39,-89,167,17,-0.3204073821691635,-1.285374495426242
311,1556179200,60,156,96,216,17,0.8639719515389243,-1.11229802908319
311,1556193600,254,385,131,639,17,1.0880437173755895,0.38181105791907466
311,1556208000,311,381,70,692,17,0.6975186397745442,0.5690162153921716
311,1556222400,570,462,-108,1032,17,-0.44204634076621035,1.7699549614460015
311,1556236800,543,166,-377,709,17,-2.1641979124822943,0.6290631526948631
311,1556251200,161,49,-112,210,17,-0.46765454257611494,-1.1334910657782578
311,1556265600,46,140,94,186,17,0.8511678506339719,-1.218263212558528
311,1556280000,223,432,209,655,17,1.5874036526687292,0.4383258224392549
311,1556294400,286,329,43,615,17,0.5246632775576883,0.2970389111388043
311,1556308800,508,489,-19,997,17,0.12773614950416695,1.6463289140581072
311,1556323200,387,187,-200,574,17,-1.031034982394016,0.1522198270558425
311,1556337600,213,69,-144,282,17,-0.6725201570553517,-0.8791746254374466
311,1556352000,51,98,47,149,17,0.5502714793675928,-1.3489536055114448
311,1556366400,178,403,225,581,17,1.6898364599083475,0.17694503653342133
311,1556380800,379,572,193,951,17,1.4849708454291106,1.483848966062589
311,1556395200,546,429,-117,975,17,-0.4996647948384957,1.5686211128428595
311,1556409600,371,248,-123,619,17,-0.5380770975533525,0.3111676022688494
311,1556424000,215,60,-155,275,17,-0.7429427120325893,-0.9038998349150255
311,1556438400,56,92,36,148,17,0.47984892439035515,-1.352485778293956
311,1556452800,125,320,195,445,17,1.497774946334063,-0.30343046188811057
311,1556467200,285,347,62,632,17,0.646302236154735,0.3570858484414958
311,1556481600,453,249,-204,702,17,-1.0566431842039206,0.6043379432172843
311,1556496000,264,136,-128,400,17,-0.5700873498157333,-0.4623782371011175
311,1556510400,72,26,-46,98,17,-0.04511921271268907,-1.5290944174195193
311,1556524800,76,107,31,183,17,0.4478386721279744,-1.2288597309060618
311,1556539200,273,352,79,625,17,0.7551370938468296,0.332360638963917
311,1556553600,304,262,-42,566,17,-0.019511010902784478,0.12396244479575239
311,1556568000,535,343,-192,878,17,-0.9798185787742067,1.226000352939267
311,1556582400,361,102,-259,463,18,-1.4959888403345558,-0.17056449875819737
311,1556596800,82,37,-45,119,18,0.01649121556274315,-1.3978134420143908
311,1556611200,56,120,64,176,18,0.7868665711366011,-1.1944611461841494
311,1556625600,241,416,175,657,18,1.5713772543356674,0.5215468238920977
311,1556640000,296,282,-14,578,18,0.23558879375347339,0.23970767703965798
311,1556654400,530,378,-152,908,18,-0.7397488123859063,1.4170104423726342
311,1556668800,430,114,-316,544,18,-1.8988456776529954,0.1184098163689877
311,1556683200,124,28,-96,152,18,-0.3439596388800711,-1.2800831654810931
311,1556697600,62,149,87,211,18,0.9494228388264977,-1.0695957013761064
311,1556712000,264,398,134,662,18,1.2816030380188952,0.539384744578961
311,1556726400,310,330,20,640,18,0.47588936338201626,0.4608978935567626
311,1556740800,546,376,-170,922,18,-0.8669667610127819,1.4669566202958513
311,1556755200,404,121,-283,525,18,-1.6656127718370566,0.05062571775890725
311,1556769600,97,32,-65,129,18,-0.12486206068934086,-1.3621376006406642
311,1556784000,57,126,69,183,18,0.8222048901996221,-1.1694880572225408
311,1556798400,290,358,68,648,18,0.8151372263870179,0.4894385666557438
311,1556812800,336,319,-17,655,18,0.21438580231566076,0.5144116556173525
311,1556827200,638,461,-177,1099,18,-0.9164404077010113,2.098419012610811
311,1556841600,461,128,-333,589,18,-2.0189959624672666,0.27895110255075717
311,1556856000,144,40,-104,184,18,-0.4005009493809047,-1.1659204730851682
311,1556870400,71,118,47,189,18,0.6667162863223297,-1.148082552398305
311,1556884800,239,443,204,682,18,1.7763395049011892,0.6107364273264141
311,1556899200,360,334,-26,694,18,0.15077682800222297,0.6535474369748859
311,1556913600,553,494,-59,1047,18,-0.08245607781371565,1.912904637467433
311,1556928000,460,184,-276,644,18,-1.616139125148827,0.4751682301062532
311,1556942400,213,74,-139,287,18,-0.6478691828220516,-0.7984593069357847
311,1556956800,43,92,49,135,18,0.680851613947538,-1.3407320958164282
311,1556971200,186,355,169,541,18,1.528971271460042,0.10770706395686973
311,1556985600,363,407,44,770,18,0.645513294884517,0.9246838314152077
311,1557000000,523,393,-130,916,18,-0.5842602085086138,1.4455511154716154
311,1557014400,385,209,-176,594,18,-0.909372743888407,0.29678902323762046
311,1557028800,206,70,-136,276,18,-0.6266661913842391,-0.8377027324468839
311,1557043200,33,66,33,99,18,0.5677689929458709,-1.4691651247618438
311,1557057600,151,291,140,442,18,1.3240090208945203,-0.24548376564302313
311,1557072000,270,371,101,641,18,1.0483701322029566,0.46446547769413526
311,1557086400,399,244,-155,643,18,-0.7609518038237189,0.47160064596888057
311,1557100800,250,79,-171,329,18,-0.8740344248253861,-0.6486207731661332
311,1557115200,61,31,-30,92,18,0.12250617275180616,-1.4941382137234525
311,1557129600,71,140,69,211,18,0.8222048901996221,-1.0695957013761064
311,1557144000,266,392,126,658,18,1.2250617275180615,0.5251144080294704
311,1557158400,316,274,-42,590,18,0.03769420700055575,0.28251868668812985
311,1557172800,573,357,-216,930,18,-1.192079296392575,1.4954972933948325
311,1557187200,373,123,-250,496,19,-1.5137157221024955,0.011567477338025885
311,1557201600,73,31,-42,104,19,-0.03767815671713992,-1.3991506477972162
311,1557216000,60,125,65,185,19,0.721629629322442,-1.1076502188789645
311,1557230400,237,374,137,611,19,1.2325657096481422,0.42542611098739536
311,1557244800,272,296,24,568,19,0.43067991691475177,0.27067896970980504
311,1557259200,550,405,-145,955,19,-0.7686006049608497,1.663403241208118
311,1557273600,439,129,-310,568,19,-1.9394957890405788,0.27067896970980504
311,1557288000,87,26,-61,113,19,-0.17250851124753297,-1.3667617112507437
311,1557302400,58,148,90,206,19,0.8990379905466435,-1.0320760336038624
311,1557316800,235,389,154,624,19,1.353203395280599,0.47221013044341104
311,1557331200,329,309,-20,638,19,0.11844120116015731,0.5225929206268125
311,1557345600,601,397,-204,998,19,-1.1872843374499649,1.8181503824857084
311,1557360000,460,126,-334,586,19,-2.1098078158158122,0.33545684280274984
311,1557374400,112,29,-83,141,19,-0.3286278691248302,-1.2659961308839407
311,1557388800,59,139,80,198,19,0.8280746460569629,-1.060866199422949
311,1557403200,252,409,157,661,19,1.3744923986275033,0.6053646473566865
311,1557417600,338,334,-4,672,19,0.2319825523436462,0.6449511253579305
311,1557432000,575,456,-119,1031,19,-0.5840959092876802,1.9369098164894407
311,1557446400,422,129,-293,551,19,-1.818858103408122,0.20949986734424608
311,1557460800,126,42,-84,168,19,-0.3357242035737983,-1.1688293212445235
311,1557475200,59,140,81,199,19,0.835170980505931,-1.0572674286955632
311,1557489600,228,384,156,612,19,1.3673960641785352,0.4290248817147812
311,1557504000,375,312,-63,687,19,-0.1867011801454691,0.6989326862687179
311,1557518400,615,455,-160,1070,19,-0.8750456216953705,2.077261874857488
311,1557532800,417,219,-198,636,19,-1.1447063307561565,0.5153953791720409
311,1557547200,204,65,-139,269,19,-0.7260225982670413,-0.8053534777785556
311,1557561600,42,93,51,135,19,0.6222809470368893,-1.2875887552482557
311,1557576000,136,396,260,532,19,2.1054148468712133,0.14112322352391546
311,1557590400,319,393,74,712,19,0.7854966393631546,0.7889019544533633
311,1557604800,469,372,-97,841,19,-0.427976551410383,1.2531433782861343
311,1557619200,342,175,-167,517,19,-0.9247199628381468,0.08714166261312814
311,1557633600,159,66,-93,225,19,-0.3995912136145108,-0.9636993897835318
311,1557648000,30,50,20,80,19,0.40229457911887956,-1.4855211452544759
311,1557662400,122,247,125,369,19,1.1474096962605256,-0.4454764050399735
311,1557676800,241,331,90,572,19,0.8990379905466435,0.2850740526193483
311,1557691200,299,222,-77,521,19,-0.2860498624310219,0.10153674552267143
311,1557705600,228,87,-141,315,19,-0.7402152671649774,-0.6398100243188078
311,1557720000,67,26,-41,93,19,-0.030581822268171865,-1.4387371257984602
311,1557734400,63,125,62,188,19,0.7003406259755379,-1.0968539066968073
311,1557748800,250,399,149,649,19,1.3177217230357587,0.5621793986280565
311,1557763200,269,260,-9,529,19,0.19650088009880592,0.130326911341758
311,1557777600,527,345,-182,872,19,-1.0311649795726676,1.3647052708350949
311,1557792000,334,88,-246,422,20,-1.3550173370894005,-0.3255139965997524
311,1557806400,74,31,-43,105,20,-0.01056512994123005,-1.45737436503253
311,1557820800,64,121,57,185,20,0.6517265977179671,-1.1717313698444471
311,1557835200,242,424,182,666,20,1.4795912572919638,0.5456971387238997
311,1557849600,300,295,-5,595,20,0.2411057265692649,0.29218898049447634
311,1557864000,597,423,-174,1020,20,-0.8781672931747786,1.8096673924311655
311,1557878400,436,130,-306,566,20,-1.7523923736849187,0.18864339473879638
311,1557892800,90,29,-61,119,20,-0.12977764091988556,-1.4073868408746155
311,1557907200,62,133,71,195,20,0.7444474395902548,-1.1360259954459369
311,1557921600,264,378,114,642,20,1.0292328824837096,0.4600042401674749
311,1557936000,312,315,3,627,20,0.2940890647820007,0.4064461785697094
311,1557950400,592,430,-162,1022,20,-0.7986922858556749,1.8168084673108675
311,1557964800,486,125,-361,611,20,-2.116652823897477,0.34931757953209286
311,1557979200,111,33,-78,144,20,-0.2423672346219491,-1.3181234048783397
311,1557993600,65,150,85,215,20,0.8371682814625424,-1.0646152466489163
311,1558008000,250,357,107,607,20,0.9828724615475658,0.33503542977268874
311,1558022400,314,314,0,628,20,0.27422031295222477,0.4100167160095604
311,1558036800,587,475,-112,1062,20,-0.4675464220260762,1.9596299649049087
311,1558051200,485,207,-278,692,20,-1.5669506899403438,0.6385311121600266
311,1558065600,148,40,-108,188,20,-0.44105475291970836,-1.1610197575248942
311,1558080000,61,161,100,222,20,0.936512040611422,-1.039621484569959
311,1558094400,263,400,137,663,20,1.1815599798453251,0.5349855264043466
311,1558108800,339,360,21,699,20,0.41330157576065624,0.6635248742389838
311,1558123200,565,443,-122,1008,20,-0.533775594791996,1.7668209431529531
311,1558137600,467,178,-289,645,20,-1.6398027799828554,0.470715852487028
311,1558152000,188,46,-142,234,20,-0.6662339403238354,-0.9967750352917466
311,1558166400,58,113,55,171,20,0.6384807631647832,-1.2217188940023618
311,1558180800,148,391,243,539,20,1.8835892111640744,0.09223888386281849
311,1558195200,302,413,111,715,20,1.0093641306539338,0.7206534732766003
311,1558209600,449,319,-130,768,20,-0.5867589330047317,0.9098919575887051
311,1558224000,402,175,-227,577,20,-1.2291819088341531,0.22791930657715775
311,1558238400,211,69,-142,280,20,-0.6662339403238354,-0.832530313058599
311,1558252800,36,91,55,127,20,0.6384807631647832,-1.378822541355807
311,1558267200,110,323,213,433,20,1.684901692866315,-0.286238084761391
311,1558281600,259,365,106,624,20,0.9762495442709739,0.3957345662501563
311,1558296000,441,263,-178,704,20,-0.9046589622811464,0.6813775614382389
311,1558310400,298,84,-214,382,20,-1.1430839842384575,-0.4683354941937937
311,1558324800,57,35,-22,92,20,0.12851613286720137,-1.5037913517505934
311,1558339200,61,118,57,179,20,0.6517265977179671,-1.1931545944835533
311,1558353600,244,382,138,626,20,1.188182897121917,0.40287564112985835
311,1558368000,314,297,-17,611,20,0.16163071925016123,0.34931757953209286
311,1558382400,560,383,-177,943,20,-0.8980360450045545,1.534736009562636
311,1558396800,371,113,-258,484,21,-1.583820930116317,-0.033684053617527576
311,1558411200,72,31,-41,103,21,-0.056959923443997015,-1.4087152423616025
311,1558425600,75,134,59,209,21,0.6466626602759661,-1.0261606334196813
311,1558440000,250,406,156,656,21,1.3291765664843302,0.5870649344769104
311,1558454400,321,305,-16,626,21,0.11894572248599378,0.4787947621348573
311,1558468800,575,374,-201,949,21,-1.1827560573959381,1.6445036176842962
311,1558483200,427,130,-297,557,21,-1.8582337377671025,0.22977336574813506
311,1558497600,91,41,-50,132,21,-0.1202859559787937,-1.3040540757642844
311,1558512000,55,143,88,198,21,0.8507132095547554,-1.0658596966117675
311,1558526400,218,440,222,658,21,1.793567471739506,0.5942829459663806
311,1558540800,294,318,24,612,21,0.40039475597397906,0.4282686817085658
311,1558555200,619,375,-244,994,21,-1.4853137683955222,1.8069088761973757
311,1558569600,436,143,-293,579,21,-1.830088834418304,0.3091714921323074
311,1558584000,84,45,-39,129,21,-0.04288747176959775,-1.3148810929984898
311,1558598400,63,134,71,197,21,0.7310973703223617,-1.0694687023565026
311,1558612800,254,356,102,610,21,0.9492203712755503,0.42105067021909565
311,1558627200,310,291,-19,601,21,0.09783704497439488,0.3885696185164797
311,1558641600,572,507,-65,1079,21,-0.22582934353678819,2.11367436449986
311,1558656000,439,137,-302,576,21,-1.8934148669531008,0.29834447489810206
311,1558670400,89,41,-48,130,21,-0.10621350430439444,-1.3112720872537547
311,1558684800,54,136,82,190,21,0.8084958545315576,-1.0947317425696483
311,1558699200,235,371,136,606,21,1.1884520497403377,0.4066146472401552
311,1558713600,394,367,-27,761,21,0.04154723827679783,0.9660105376740964
311,1558728000,594,478,-116,1072,21,-0.5846768612339694,2.088411324286714
311,1558742400,478,178,-300,656,21,-1.8793424152787015,0.5870649344769104
311,1558756800,148,64,-84,212,21,-0.35951763444358115,-1.015333616185476
311,1558771200,44,108,64,152,21,0.6818437894619642,-1.2318739608695823
311,1558785600,146,383,237,529,21,1.8991108592975008,0.12872120489555214
311,1558800000,302,375,73,677,21,0.745169821996761,0.6628540551163477
311,1558814400,454,390,-64,844,21,-0.21879311769958854,1.2655580144871101
311,1558828800,373,187,-186,560,21,-1.0772126698379436,0.24060038298234038
311,1558843200,159,54,-105,213,21,-0.5072783770247735,-1.011724610440741
311,1558857600,44,71,27,115,21,0.42150343348557795,-1.3654071734247812
311,1558872000,135,301,166,436,21,1.3995388248563267,-0.2069163293648126
311,1558886400,274,340,66,614,21,0.6959162411363635,0.435486693198036
311,1558900800,401,326,-75,727,21,-0.29619160190878446,0.8433043423531029
311,1558915200,313,163,-150,476,21,-0.8239085396987569,-0.06255609957540842
311,1558929600,103,44,-59,147,21,-0.1836119885135904,-1.2499189895932579
311,1558944000,29,63,34,92,21,0.4707570143459753,-1.4484143055536887
311,1558958400,145,274,129,419,21,1.1391984688799404,-0.26826942702530937
311,1558972800,252,288,36,540,21,0.4848294660203746,0.1684202680876383
311,1558987200,359,244,-115,603,21,-0.5776406353967698,0.3957876300059499
311,1559001600,263,135,-128,398,22,-0.6894657433407998,-0.3759262849367449
311,1559016000,60,23,-37,83,22,-0.03444758001777299,-1.481886869707289
311,1559030400,57,122,65,179,22,0.6997486030475978,-1.1448322153010277
311,1559044800,266,426,160,692,22,1.3835587735496586,0.6563035941824293
311,1559059200,317,301,-16,618,22,0.11671045767215628,0.39649063141093654
311,1559073600,537,350,-187,887,22,-1.1141478492315533,1.340945860945147
311,1559088000,348,123,-225,471,22,-1.3876719174323777,-0.1196243081486506
311,1559102400,88,36,-52,124,22,-0.14241760693915104,-1.3379364443879482
311,1559116800,63,161,98,224,22,0.9372826622746294,-0.986837846048093
311,1559131200,270,437,167,707,22,1.4339447861129684,0.7089683839334077
311,1559145600,319,275,-44,594,22,-0.08483359258108274,0.3122269678093713
311,1559160000,578,424,-154,1002,22,-0.8766137900045217,1.7447092490359806
311,1559174400,347,116,-231,463,22,-1.4308599282009289,-0.14771219601583901
311,1559188800,81,29,-52,110,22,-0.14241760693915104,-1.3870902481555278
311,1559203200,58,146,88,204,22,0.8653026443270441,-1.057057565716064
311,1559217600,254,422,168,676,22,1.441142787907727,0.6001278184480525
311,1559232000,348,332,-16,680,22,0.11671045767215628,0.6141717623816467
311,1559246400,629,425,-204,1054,22,-1.2365138797424484,1.9272805201727052
311,1559260800,431,138,-293,569,22,-1.8771360394759582,0.22445231822440748
311,1559275200,108,30,-78,138,22,-0.329565653602873,-1.2887826406203684
311,1559289600,73,150,77,223,22,0.7861246245847002,-0.9903488320314915
311,1559304000,294,476,182,770,22,1.5419148130343465,0.9301605008875165
311,1559318400,328,397,69,725,22,0.728540610226632,0.7721661316345816
311,1559332800,628,512,-116,1140,22,-0.6030897218036974,2.2292253147449808
311,1559347200,428,191,-237,619,22,-1.4740479389694803,0.4000016173943351
311,1559361600,201,82,-119,283,22,-0.6246837271879729,-0.7796896730275784
311,1559376000,49,109,60,158,22,0.6637585940738051,-1.2185629209523974
311,1559390400,167,376,209,543,22,1.736260861492827,0.13316668265604514
311,1559404800,324,381,57,705,22,0.6421645886895295,0.7019464119666106
311,1559419200,455,303,-152,758,22,-0.8622177864150046,0.8880286690867338
311,1559433600,340,176,-164,516,22,-0.948593807952107,0.03837006110428423
311,1559448000,194,63,-131,257,22,-0.7110597487250754,-0.8709753085959407
311,1559462400,41,73,32,114,22,0.4622145438205661,-1.3730463042219336
311,1559476800,111,330,219,441,22,1.8082408794404123,-0.22495388765060717
311,1559491200,254,288,34,542,22,0.47661054741008313,0.1296556966726466
311,1559505600,390,251,-139,641,22,-0.7686437630831436,0.4772433090291032
311,1559520000,290,87,-203,377,22,-1.22931587794769,-0.4496569905881145
311,1559534400,69,32,-37,101,22,-0.03444758001777299,-1.4186891220061149
311,1559548800,63,132,69,195,22,0.728540610226632,-1.088656439566651
311,1559563200,256,395,139,651,22,1.2324007358597295,0.5123531688630888
311,1559577600,315,302,-13,617,22,0.13830446305643188,0.392979645427538
311,1559592000,591,373,-218,964,22,-1.337285904869068,1.6112917816668355
311,1559606400,400,137,-263,537,23,-1.6299590916162885,0.025409777022255282
311,1559620800,93,23,-70,116,23,-0.26560052112458726,-1.4146404707582476
311,1559635200,68,115,47,183,23,0.5614976796398119,-1.1854638279998304
311,1559649600,253,368,115,621,23,1.0422043262379244,0.31273571719698745
311,1559664000,283,359,76,642,23,0.7665049259831246,0.3845672022406705
311,1559678400,548,441,-107,989,23,-0.5271614905970896,1.5714969789148618
311,1559692800,444,154,-290,598,23,-1.8208279071773037,0.2340631383396203
311,1559707200,104,35,-69,139,23,-0.2585313057334386,-1.3359678919008806
311,1559721600,68,143,75,211,23,0.7594357105919759,-1.089688514608253
311,1559736000,254,404,150,658,23,1.2896268649281293,0.4392959527501433
311,1559750400,310,284,-26,594,23,0.045444956085956015,0.2203809507122521
311,1559764800,587,425,-162,1012,23,-0.9159683371102686,1.6501695577722288
311,1559779200,431,138,-293,569,23,-1.8420355533507498,0.13486727804120088
311,1559793600,100,25,-75,125,23,-0.3009465980803308,-1.3838555485966693
311,1559808000,79,134,55,213,23,0.6180514027690016,-1.0828474207945689
311,1559822400,245,378,133,623,23,1.1694502032786012,0.31957681101067154
311,1559836800,320,333,13,653,23,0.3211443563407558,0.42219321821593303
311,1559851200,625,546,-79,1171,23,-0.32922345964492566,2.1940365159601147
311,1559865600,492,169,-323,661,23,-2.0541120150852112,0.4495575934706694
311,1559880000,139,49,-90,188,23,-0.4069848289475615,-1.1683610934656201
311,1559894400,67,152,85,219,23,0.830127864503463,-1.0623241393535165
311,1559908800,243,431,188,674,23,1.5582570497917803,0.4940247032596161
311,1559923200,379,350,-29,729,23,0.024237309912509882,0.6821547831359288
311,1559937600,593,503,-90,1096,23,-0.4069848289475615,1.9374954979469612
311,1559952000,449,213,-236,662,23,-1.4390902760552733,0.4529781403775115
311,1559966400,188,57,-131,245,23,-0.6968226599846586,-0.9733899197756233
311,1559980800,49,99,50,148,23,0.5827053258132581,-1.305182969739302
311,1559995200,146,448,302,594,23,2.364147604382733,0.2203809507122521
311,1560009600,368,446,78,814,23,0.780643356765422,0.9729012702175031
311,1560024000,447,413,-34,860,23,-0.011108767043233674,1.1302464279322373
311,1560038400,382,247,-135,629,23,-0.7250995215492535,0.34010009245172385
311,1560052800,168,75,-93,243,23,-0.4281924751210076,-0.9802310135893073
311,1560067200,52,82,30,134,23,0.44132101799028384,-1.3530706264350907
311,1560081600,141,310,169,451,23,1.4239419573599548,-0.268757256966161
311,1560096000,299,388,89,687,23,0.8584047260680578,0.5384918130485628
311,1560110400,418,289,-129,707,23,-0.6826842292023613,0.6069027511854037
311,1560124800,290,142,-148,432,23,-0.8169993216341868,-0.33374764819615993
311,1560139200,50,21,-29,71,23,0.024237309912509882,-1.5685650815661398
311,1560153600,65,133,68,198,23,0.7099512028539349,-1.1341556243971995
311,1560168000,288,383,95,671,23,0.9008200184149501,0.48376306253908996
311,1560182400,303,267,-36,570,23,-0.025247197825531097,0.13828782494804293
311,1560196800,574,331,-243,905,23,-1.4885747837933143,1.2841710387401295
311,1560211200,291,126,-165,417,24,-1.347009860842102,0.3129204029001286
311,1560225600,76,38,-38,114,24,-0.4548573063339041,-1.0969663194603023
311,1560240000,52,147,95,199,24,0.47944418775735836,-0.7014535425605114
311,1560254400,227,442,215,669,24,1.3224229794186477,1.485499459120685
311,1561176000,206,55,-151,261,25,-0.9649934856789681,-0.7902050989279829
311,1561190400,46,96,50,142,25,0.4674056196924629,-1.3320982904979182
311,1561204800,117,374,257,491,25,1.9425629073137873,0.25715148982063185
311,1561219200,276,369,93,645,25,0.7738392591500327,0.958425031852313
311,1561233600,361,262,-99,623,25,-0.5944225728465581,0.8582430972763585
311,1561248000,354,191,-163,545,25,-1.050509850178755,0.503052601961611
311,1561262400,216,66,-150,282,25,-0.9578671219706526,-0.6945768886509354
311,1561276800,44,81,37,125,25,0.37476289148436037,-1.4095116035793376
311,1561291200,95,314,219,409,25,1.6717610863977954,-0.11625390268974381
311,1561305600,231,271,40,502,25,0.3961419826093071,0.3072424571086091
311,1561320000,356,199,-157,555,25,-1.0077516679288616,0.5485898449506812
311,1561334400,289,89,-200,378,25,-1.3141853073864316,-0.25741935595586146
311,1561348800,69,30,-39,99,25,-0.16684075034762352,-1.52790843535092
311,1561363200,52,117,65,169,25,0.5743010753171965,-1.2091477344274286
311,1561377600,254,392,138,646,25,1.0945256260242338,0.96297875615122
311,1561392000,320,314,-6,634,25,0.06832925202679054,0.9083340645643357
311,1561406400,540,341,-199,881,25,-1.307058943678116,2.03310396639437
311,1561420800,349,133,-216,482,26,-1.135111542315597,-0.2508645166571923
311,1561435200,89,33,-56,122,26,-0.04415765725255182,-1.4550141966117152
311,1561449600,68,132,64,200,26,0.7740577565447321,-1.1941150992882352
311,1561464000,257,368,111,625,26,1.0945254602820016,0.227450495102521
311,1561478400,310,288,-22,598,26,0.1876700433233453,0.13713926910593177
311,1561492800,555,424,-131,979,26,-0.5555422908758544,1.4115310137244685
311,1561507200,469,147,-322,616,26,-1.8578684911698646,0.19734675310365793
311,1561521600,82,31,-51,113,26,-0.010065348344331657,-1.4851179386105784
311,1561536000,71,170,99,241,26,1.0127039189022733,-1.0569758301823036
311,1561550400,317,384,67,701,26,0.7945131418896642,0.4816598719818092
311,1561564800,308,298,-10,606,26,0.2694915847030737,0.16389815088269896
311,1561579200,588,433,-155,1021,26,-0.7191853736353111,1.5520151430524962
311,1561593600,544,190,-354,734,26,-2.076059268182474,0.5920402593109738
311,1561608000,108,44,-64,152,26,-0.09870535150570409,-1.3546683899488383
311,1561622400,67,111,44,178,26,0.6376885209118515,-1.267702024174345
311,1561636800,275,375,100,650,26,1.0195223806839173,0.3110720006549184
311,1561651200,319,355,36,674,26,0.5831408266586992,0.39134864598521996
311,1561665600,722,538,-184,1260,26,-0.916920765302988,2.3514367361334156
311,1561680000,518,184,-334,702,26,-1.939690032549593,0.48500473220390505
311,1561694400,141,44,-97,185,26,-0.3237145902999572,-1.2442880026196736
311,1561708800,70,122,52,192,26,0.6922362151650037,-1.2208739810650024
311,1561723200,226,378,152,604,26,1.374082393329407,0.15720843043850716
311,1561737600,363,360,-3,723,26,0.31722081717458195,0.5552467968679189
311,1561752000,565,487,-78,1052,26,-0.19416381644872055,1.655705809937469
311,1561766400,438,250,-188,688,26,-0.9441946124295643,0.43817668909456253
311,1561780800,221,76,-145,297,26,-0.6510007558188708,-0.8696636577449333
311,1561795200,63,102,39,165,26,0.6035962120036312,-1.3111852070615917
311,1561809600,157,348,191,505,26,1.6400024028135243,-0.17393273154898664
311,1561824000,402,471,69,873,26,0.8081500654529522,1.0569758301823036
311,1561838400,530,416,-114,946,26,-0.4396284405879058,1.3011506263953039
311,1561852800,469,272,-197,741,26,-1.0055607684643606,0.615454280865645
311,1561867200,218,92,-126,310,26,-0.5214499819676341,-0.8261804748576865
311,1561881600,45,100,55,145,26,0.7126916005099357,-1.3780824115035095
311,1561896000,101,379,278,480,26,2.2332085778165554,-0.2575542371013841
311,1561910400,301,397,96,698,26,0.9922485335573411,0.4716252913155215
311,1561924800,498,295,-203,793,26,-1.0464715391542248,0.7893870124146317
311,1561939200,474,135,-339,609,26,-1.9737823414578133,0.17393273154898664
311,1561953600,154,42,-112,196,26,-0.4259915170246177,-1.2074945401766188
311,1561968000,88,145,57,233,26,0.7263285240732239,-1.0837347119590706
311,1561982400,327,381,54,708,26,0.7058731387282917,0.5050738935364805
311,1561996800,312,300,-12,612,26,0.2558546611397856,0.18396731221527435
311,1562011200,558,427,-131,985,26,-0.5555422908758544,1.431600175057044
311,1562025600,353,125,-228,478,27,-1.761980093824326,0.021255168270748154
311,1562040000,73,29,-44,102,27,-0.22858120136099364,-1.4131961878474393
311,1562054400,60,135,75,195,27,0.7631278649604006,-1.0583983790203344
311,1562068800,261,422,161,683,27,1.4798251733943495,0.8033363597713556
311,1562083200,352,346,-6,698,27,0.08809900469121631,0.8605618128079855
311,1562097600,560,374,-186,934,27,-1.4119651292403044,1.7609089405842946
311,1562112000,371,155,-216,526,27,-1.6619758182288913,0.20437661798796355
311,1562126400,90,30,-60,120,27,-0.36192023548824,-1.3445256442034834
311,1562140800,61,136,75,197,27,0.7631278649604006,-1.0507683186154504
311,1562155200,244,404,160,648,27,1.4714914837613966,0.669810302685886
311,1562169600,347,372,25,719,27,0.346443383312756,0.9406774470592671
311,1562184000,622,402,-220,1024,27,-1.6953105767607028,2.1042616588040732
311,1562198400,335,191,-144,526,27,-1.061950164656283,0.20437661798796355
311,1562212800,127,39,-88,166,27,-0.595263545210921,-1.169034254891152
311,1562227200,27,71,44,98,27,0.5047834863388609,-1.428456308657207
311,1562241600,163,278,115,441,27,1.0964754502785166,-0.11990094921960538
311,1562256000,301,318,17,619,27,0.2797738662491328,0.5591744268150685
311,1562270400,418,356,-62,774,27,-0.37858761475414576,1.1505041081935765
311,1562284800,314,210,-104,524,27,-0.7286025793381673,0.1967465575830796
311,1562299200,102,64,-38,166,27,-0.17857906356327627,-1.169034254891152
311,1562313600,50,113,63,163,27,0.663123589364966,-1.1804793454984779
311,1562328000,158,336,178,494,27,1.6214978971545488,0.08229565150981996
311,1562342400,360,354,-6,714,27,0.08809900469121631,0.9216022960470572
311,1562356800,462,424,-38,886,27,-0.17857906356327627,1.577787490867079
311,1562371200,349,189,-160,538,27,-1.1952891987835292,0.2501569804172674
311,1562385600,145,43,-102,188,27,-0.7119352000722615,-1.0851035904374282
311,1562400000,49,101,52,150,27,0.5714530034024841,-1.2300747381302237
311,1562414400,151,316,165,467,27,1.5131599319261613,-0.02071016395611371
311,1562428800,313,357,44,670,27,0.5047834863388609,0.7537409671396098
311,1562443200,355,339,-16,694,27,0.004762108361687381,0.8453016919982175
311,1562457600,332,154,-178,486,27,-1.3452956121766813,0.051775409890284056
311,1562472000,135,57,-78,192,27,-0.511926648881392,-1.0698434696276604
311,1562486400,44,79,35,123,27,0.42978027964228493,-1.3330805535961574
311,1562500800,123,322,199,445,27,1.7965053794465595,-0.10464082840983743
311,1562515200,274,349,75,623,27,0.7631278649604006,0.5744345476248364
311,1562529600,339,245,-94,584,27,-0.6452656830086383,0.42564836972959885
311,1562544000,303,100,-203,403,27,-1.5536378530005035,-0.26487209691240093
311,1562558400,53,28,-25,81,27,-0.07024109833488866,-1.493311822098721
311,1562572800,59,103,44,162,27,0.5047834863388609,-1.1842943757009199
311,1562587200,219,403,184,622,27,1.6715000349522662,0.5706195174223944
311,1562601600,286,339,53,625,27,0.579786693035437,0.5820646080297204
311,1562616000,529,365,-164,894,27,-1.2286239573153408,1.608307732486615
311,1562630400,320,102,-218,422,28,-1.2794850358284584,-0.35702054837524955
311,1562644800,67,26,-41,93,28,-0.0851490543682927,-1.5005787165368631
311,1562659200,60,122,62,182,28,0.6098600195887529,-1.1912271148153324
311,1562673600,256,423,167,679,28,1.3183644153702072,0.5362756498543391
311,1562688000,337,313,-24,650,28,0.02956118113918085,0.43547568974282913
311,1562702400,599,435,-164,1034,28,-0.9151113465694248,1.7702061960469615
311,1562716800,414,139,-275,553,28,-1.6641017078241052,0.09831720247329565
311,1562731200,85,41,-44,126,28,-0.10539203710490568,-1.3858753136513517
311,1562745600,50,129,79,179,28,0.7245702550962264,-1.2016546968958335
311,1562760000,281,411,130,692,28,1.0687009616186471,0.5814618388698436
311,1562774400,323,342,19,665,28,0.31971060036396687,0.4876136001453343
311,1562788800,559,399,-160,958,28,-0.8881207029206075,1.5060407833409353
311,1562803200,449,152,-297,601,28,-1.8125502478926,0.2651585157613122
311,1562817600,105,26,-79,131,28,-0.3415601690320571,-1.36849601018385
311,1562832000,68,123,55,191,28,0.5626263932033226,-1.1599443685738293
311,1562846400,261,423,162,684,28,1.2846261108091854,0.5536549533218409
311,1562860800,316,437,121,753,28,1.0079720134088082,0.7934893411733647
311,1562875200,561,442,-119,1003,28,-0.6114666055202301,1.6624545145484508
311,1562889600,432,121,-311,553,28,-1.9070175006634607,0.09831720247329565
311,1562904000,125,42,-83,167,28,-0.3685508126808744,-1.2433650252178374
311,1562918400,67,149,82,216,28,0.7448132378328395,-1.0730478512363206
311,1562932800,251,428,177,679,28,1.3858410244922503,0.5362756498543391
311,1562947200,344,346,2,690,28,0.20500036485649334,0.5745101174828429
311,1562961600,539,494,-45,1033,28,-0.11213969801711,1.7667303353534611
311,1562976000,482,216,-266,698,28,-1.6033727596142662,0.6023170030308457
311,1562990400,216,71,-145,287,28,-0.7869057892375426,-0.8262617419977961
311,1563004800,58,108,50,166,28,0.528888088642301,-1.2468408859113378
311,1563019200,139,393,254,532,28,1.9054109147319838,0.025324127909788396
311,1563033600,298,407,109,705,28,0.9270000824623562,0.6266480278853481
311,1563048000,486,347,-139,833,28,-0.7464198237643167,1.0715581966533922
311,1563062400,523,267,-256,790,28,-1.5358961504922228,0.9220961868328774
311,1563076800,196,86,-110,282,28,-0.5507376573103913,-0.8436410454652978
311,1563091200,32,94,62,126,28,0.6098600195887529,-1.3858753136513517
311,1563105600,110,306,196,416,28,1.5140465818241327,-0.37787571253625163
311,1563120000,280,340,60,620,28,0.5963646977643443,0.3311998689378188
311,1563134400,384,266,-118,650,28,-0.6047189446080258,0.43547568974282913
311,1563148800,270,132,-138,402,28,-0.7396721628521123,-0.42653776224525647
311,1563163200,66,29,-37,95,28,-0.05815841071947539,-1.4936269951498624
311,1563177600,69,139,70,208,28,0.6638413068863875,-1.1008547367843233
311,1563192000,257,446,189,703,28,1.4668129554387024,0.6196963064983474
311,1563206400,281,302,21,583,28,0.3332059221883755,0.202593023278306
311,1563220800,599,409,-190,1008,28,-1.0905505302867373,1.6798338180159527
311,1563235200,362,114,-248,476,29,-1.539644114208824,-0.17395364214701559
311,1563249600,77,22,-55,99,29,-0.1313440476576248,-1.5032885696353566
311,1563264000,47,128,81,175,29,0.8610332013110958,-1.2353059317331978
311,1563278400,261,392,131,653,29,1.2258777781378314,0.45016381717774934
311,1563292800,298,288,-10,586,29,0.19701607148643718,0.21391596534295132
311,1563307200,639,410,-229,1049,29,-1.4010031750146645,1.8464944041416302
311,1563321600,417,144,-273,561,29,-1.7220664026221917,0.12576378182250428
311,1563336000,113,35,-78,148,29,-0.29917255299792317,-1.3305102899352805
311,1563350400,58,132,74,190,29,0.8099549605553529,-1.1824146216209295
311,1563364800,310,424,114,734,29,1.1018306220167413,0.7357768917839977
311,1563379200,307,298,-9,605,29,0.20431296302297192,0.280911624818491
311,1563393600,615,430,-185,1045,29,-1.0799399474071372,1.8323900547783587
311,1563408000,386,156,-230,542,29,-1.408300066551199,0.058768122346964546
311,1563422400,96,55,-41,151,29,-0.029187566146138842,-1.3199320279128268
311,1563436800,60,204,144,264,29,1.3207373681127828,-0.9214841584004063
311,1563451200,405,525,120,930,29,1.1456119712359496,1.4268900105843023
311,1563465600,386,357,-29,743,29,0.058375132292277684,0.7675116778513587
311,1563480000,574,463,-111,1037,29,-0.5399699737035686,1.8041813560518156
311,1563494400,484,167,-317,651,29,-2.043129630229719,0.44311164249611357
311,1563508800,177,35,-142,212,29,-0.7661736113361446,-1.1048407001229361
311,1563523200,69,128,59,197,29,0.7005015875073323,-1.1577320102352044
311,1563537600,263,399,136,662,29,1.2623622358205049,0.48189860324511025
311,1563552000,382,365,-17,747,29,0.14593783073069422,0.7816160272146302
311,1563566400,575,502,-73,1077,29,-0.2626880953152496,1.9452248496845308
311,1563580800,436,225,-211,661,29,-1.2696591273570397,0.47837251590429236
311,1563595200,203,79,-124,282,29,-0.6348295636785198,-0.8580145862656845
311,1563609600,70,135,65,205,29,0.7442829367265406,-1.1295233115086614
311,1563624000,164,341,177,505,29,1.561534788818428,-0.07169710926329705
311,1563638400,286,353,67,639,29,0.7588767197996099,0.400798594406299
311,1563652800,409,318,-91,727,29,-0.39403214297287437,0.7110942803982725
311,1563667200,383,185,-198,568,29,-1.1747995373820885,0.15044639320822945
311,1563681600,243,71,-172,314,29,-0.9850803574321859,-0.7451797913595123
311,1563696000,77,73,-4,150,29,0.24079742070564547,-1.3234581152536449
311,1563710400,109,298,189,407,29,1.6490974872568447,-0.4172536686634494
311,1563724800,231,366,135,597,29,1.2550653442839703,0.252702926091948
311,1563739200,368,280,-88,648,29,-0.3721414683632703,0.4325333804736599
311,1563753600,264,119,-145,383,29,-0.7880642859457487,-0.5018797648430785
311,1563768000,77,26,-51,103,29,-0.10215648151148596,-1.4891842202720853
311,1563782400,54,130,76,184,29,0.8245487436284223,-1.203571145665837
311,1563796800,255,432,177,687,29,1.561534788818428,0.5700507867655573
311,1563811200,308,285,-23,593,29,0.10215648151148596,0.2385985767286765
311,1563825600,511,366,-145,877,29,-0.7880642859457487,1.2400073815209547
311,1563840000,312,97,-215,409,30,-1.356184882737452,-0.4104623643105222
311,1563854400,70,34,-36,104,30,-0.08962613138090988,-1.4545495141949123
311,1563868800,53,102,49,155,30,0.5118123818330906,-1.2799644497880143
311,1563883200,234,384,150,618,30,1.226462850475609,0.30499407610205986
311,1563897600,309,312,3,621,30,0.1863280099761021,0.31526378577305386
311,1563912000,576,464,-112,1040,30,-0.6273829196663692,1.7495999031552159
311,1563926400,435,149,-286,584,30,-1.8585629349514998,0.18860403316412785
311,1563940800,117,37,-80,154,30,-0.4009590088093337,-1.2833876863450122
311,1563955200,61,128,67,189,30,0.6391758316901731,-1.1635744068500822
311,1563969600,254,421,167,675,30,1.3467505531184092,0.5001185598509459
311,1563984000,295,322,27,617,30,0.3561459431188787,0.30157083954506186
311,1563998400,589,447,-142,1036,30,-0.83965533609484,1.7359069569272239
311,1564012800,478,139,-339,617,30,-2.2335775373084648,0.30157083954506186
311,1564027200,128,38,-90,166,30,-0.4717164809521573,-1.2423088476610362
311,1564041600,66,135,69,201,30,0.6533273261187378,-1.1224955681661062
311,1564056000,266,398,132,664,30,1.0990994006185266,0.46246295772396784
311,1564070400,285,339,54,624,30,0.5471911179045024,0.32553349544404786
311,1564084800,593,582,-11,1175,30,0.08726754897614909,2.211736838349946
311,1564099200,496,169,-327,665,30,-2.1486685707370765,0.46588619428096584
311,1564113600,150,56,-94,206,30,-0.5000194698092868,-1.1053793853811162
311,1564128000,76,137,61,213,30,0.5967213484044789,-1.0814167294821302
311,1564142400,254,411,157,665,30,1.2759930809755855,0.46588619428096584
311,1564156800,366,411,45,777,30,0.4835093929759612,0.8492886886647418
311,1564171200,573,503,-70,1076,30,-0.33020153666651014,1.8728364192071438
311,1564185600,441,238,-203,679,30,-1.2712759161660638,0.5138115060789379
311,1564200000,217,64,-153,281,30,-0.9174885554519459,-0.8486366436062662
311,1564214400,67,112,45,179,30,0.4835093929759612,-1.1978067724200623
311,1564228800,168,395,227,563,30,1.7712953859753506,0.11671606546716984
311,1564243200,298,458,160,756,30,1.2972203226184327,0.7774007209677839
311,1564257600,463,396,-67,859,30,-0.308974295023663,1.1299940863385778
311,1564272000,343,225,-118,568,30,-0.6698374029520634,0.13383224825215984
311,1564286400,200,79,-121,279,30,-0.6910646445949105,-0.8554831167202622
311,1564300800,52,74,22,126,30,0.3207672070474669,-1.3792383099409562
311,1564315200,115,326,211,441,30,1.6580834305468328,-0.3009187944865862
311,1564329600,274,352,78,626,30,0.7170090510472791,0.33237996855804386
311,1564344000,408,307,-101,715,30,-0.5495497003092633,0.6370480221308659
311,1564358400,326,166,-160,492,30,-0.9670187859519224,-0.12633373007968818
311,1564372800,73,27,-46,100,30,-0.1603836035237335,-1.4682424604229043
311,1564387200,41,126,85,167,30,0.7665392815472556,-1.2388856111040383
311,1564401600,216,377,161,593,30,1.3042960698327148,0.21941316217710985
311,1564416000,299,312,13,611,30,0.2570854821189257,0.28103142020307387
311,1564430400,560,368,-192,928,30,-1.1934426968089578,1.36619740877144
311,1564444800,347,126,-221,473,31,-1.3636980408689117,-0.2167374174189389
311,1564459200,75,33,-42,108,31,-0.014447284633802362,-1.4291382964674093
311,1564473600,65,144,79,209,31,0.8976160757262436,-1.0936520258265998
311,1564488000,265,386,121,651,31,1.2142000520495653,0.3745156140074385
311,1564502400,325,341,16,666,31,0.422740111241261,0.4243403076669647
311,1564516800,573,429,-144,1002,31,-0.7832940842761551,1.540413445640351
311,1564531200,412,123,-289,535,31,-1.8762625739638135,-0.01079535029289734
311,1564545600,97,40,-57,137,31,-0.12751299046356013,-1.3328105553923255
311,1564560000,72,113,41,185,31,0.6111829542908573,-1.1733715356818417
311,1564574400,258,385,127,643,31,1.2594263343814684,0.3479424440556912
311,1564588800,315,340,25,655,31,0.4905795347391157,0.38780219898331214
311,1564603200,559,427,-132,986,31,-0.6928415196123489,1.4872671057368565
311,1564617600,429,146,-283,575,31,-1.8310362916319103,0.12207049946583916
311,1564632000,99,33,-66,132,31,-0.19535241396141478,-1.3494187866121674
311,1564646400,68,131,63,199,31,0.777012656174502,-1.1268684882662838
311,1564660800,256,403,147,659,31,1.4101806088211455,0.4010887839591858
311,1564675200,321,334,13,655,31,0.40012697007530945,0.38780219898331214
311,1564689600,578,455,-123,1033,31,-0.6250020961144942,1.643384479203372
311,1564704000,435,186,-249,621,31,-1.5747540250844594,0.2748662266883861
311,1564718400,118,54,-64,172,31,-0.18027698651744709,-1.216552936853431
311,1564732800,58,139,81,197,31,0.9126915031702113,-1.1335117807542208
311,1564747200,249,412,163,661,31,1.530784028372887,0.4077320764471226
311,1564761600,367,343,-24,710,31,0.12123156236190695,0.5704927424015748
311,1564776000,599,455,-144,1054,31,-0.7832940842761551,1.7131390503267085
311,1565395200,8848,9334,486,18182,32,2.830413125788076,4.23338017504163
311,1565409600,174,69,-105,243,32,-0.8682612591152529,-0.28855724168702795
311,1565424000,57,123,66,180,32,0.20191356291261384,-0.30443784022952786
311,1565438400,161,373,212,534,32,1.1156300776264652,-0.2152040008002428
311,1565452800,331,456,125,787,32,0.5711551681736907,-0.15142953363750516
311,1565467200,448,332,-116,780,32,-0.9371029143334197,-0.1531940445866718
311,1565481600,316,196,-120,512,32,-0.9621362435036622,-0.22074960664048085
311,1565496000,217,60,-157,277,32,-1.1936945383284054,-0.2799867599339328
311,1565508963,48,56,8,104,32,-0.1610697100559024,-0.32359538767762297
311,1565510400,6,23,17,29,32,-0.10474471942285676,-0.34250086213298
311,1565524800,115,298,183,413,32,0.9341384411422069,-0.2457048329215521
311,1565539200,284,362,78,646,32,0.2770135504233413,-0.18697182561357634
311,1565553600,361,340,-21,701,32,-0.3425613465401605,-0.1731078110129812
311,1565568000,262,144,-118,406,32,-0.949619578918541,-0.24746934387071873
311,1565582400,74,32,-42,106,32,-0.4739863246839336,-0.32309124169214676
311,1565596800,60,124,64,184,32,0.1893968983274926,-0.3034295482585755
311,1565611200,250,463,213,713,32,1.1218884099190256,-0.17008293510012407
311,1565625600,295,347,52,642,32,0.11429691081676509,-0.1879801175845287
311,1565640000,556,372,-184,928,32,-1.3626695102275423,-0.11588724166143398
311,1565654400,334,137,-197,471,33,-1.2310148126679725,-0.13245991829911957
311,1565668800,70,38,-32,108,33,-0.04944519330660832,-1.4187554051706963
311,1565683200,54,140,86,194,33,0.7955561102366705,-1.1140132237080087
311,1565697600,250,402,152,652,33,1.2681839579812162,0.5089160682676998
311,1565712000,275,335,60,610,33,0.609369382337304,0.36008849127429415
311,1565726400,602,396,-206,998,33,-1.295464064633138,1.7349718215943266
311,1565740800,357,108,-249,465,33,-1.6033882684667056,-0.15372100072674894
311,1565755200,87,38,-49,125,33,-0.1711826692408095,-1.3585156716257465
311,1565769600,56,137,81,193,33,0.7597509702560231,-1.117556737445947
311,1565784000,279,413,134,692,33,1.1392854540508857,0.6506566177852289
311,1565798400,336,355,19,691,33,0.3157672344959952,0.6471131040472906
311,1565812800,598,401,-197,999,33,-1.2310148126679725,1.7385153353322649
311,1565827200,388,112,-276,500,33,-1.7967360243622017,-0.02969801989891096
311,1565841600,119,23,-96,142,33,-0.507750985058895,-1.2982759380807967
311,1565856000,63,132,69,195,33,0.6738186343024694,-1.1104697099700704
311,1565870400,249,439,190,688,33,1.5403030218341365,0.6364825628334759
311,1565884800,282,371,89,653,33,0.8170391942250589,0.5124595820056379
311,1565899200,579,438,-141,1017,33,-0.8299972448847217,1.802298582615153
311,1565913600,417,148,-269,565,33,-1.7466088283892953,0.20063037306707387
311,1565928000,121,41,-80,162,33,-0.3931745371208234,-1.227405663322032
311,1565942400,60,130,70,190,33,0.6809796622985987,-1.1281872786597618
311,1565956800,259,378,119,637,33,1.0318700341089433,0.4557633621986263
311,1565971200,313,345,32,658,33,0.40886059844567846,0.5301771506953291
311,1565985600,610,438,-172,1048,33,-1.0519891127647356,1.912147508491238
311,1566000000,412,206,-206,618,33,-1.295464064633138,0.38843660117779993
311,1566014400,186,58,-128,244,33,-0.7369038809350384,-0.9368375368110974
311,1566028800,50,102,52,152,33,0.5520811583682681,-1.2628408007014142
311,1566043200,136,405,269,541,33,2.106024233528365,0.1155860433565564
311,1566057600,338,416,78,754,33,0.7382678862676346,0.870354469537399
311,1566072000,449,387,-62,836,33,-0.26427603319049275,1.1609225960483336
311,1566086400,351,243,-108,594,33,-0.5936833210124488,0.3033922714672825
311,1566100800,166,68,-98,234,33,-0.522073041051154,-0.9722726741904797
311,1566115200,41,72,31,113,33,0.40169957044954896,-1.4010378364810052
311,1566129600,125,336,211,461,33,1.6906846097528556,-0.16789505567850185
311,1566144000,280,343,63,623,33,0.6308524663256925,0.4061541698674911
311,1566158400,406,320,-86,726,33,-0.4361407050976003,0.7711360848751286
311,1566172800,277,111,-166,388,33,-1.0090229447879586,-0.4265715585479925
311,1566187200,57,40,-17,97,33,0.05797022663533389,-1.457734056288017
311,1566201600,57,113,56,170,33,0.5807252703527861,-1.1990575534185262
311,1566216000,261,390,129,651,33,1.103480314070238,0.5053725545297615
311,1566230400,293,305,12,598,33,0.2656400385230888,0.31756632641903537
311,1566244800,560,339,-221,899,33,-1.4028794845750803,1.384163961538442
311,1566259200,330,114,-216,444,34,-1.4077960497294275,-0.06990054673608913
311,1566273600,54,30,-24,84,34,0.06458718107341159,-1.3267139286724297
311,1566288000,64,128,64,192,34,0.7394294951913795,-0.9496699140915276
311,1566302400,253,383,130,636,34,1.2455612307798554,0.6003999236299592
311,1566316800,307,313,6,620,34,0.29464706088635517,0.5445415510994551
311,1566331200,527,330,-197,857,34,-1.26209145918123,1.371943694207546
311,1566345600,419,176,-243,595,34,-1.6148499415610769,0.4572628440205426
311,1566360000,95,33,-62,128,34,-0.22682200002298364,-1.1731034042135438
311,1566368868,20,28,8,48,34,0.3099843862072181,-1.4523952668660638
311,1566374400,33,86,53,119,34,0.6550742059266335,-1.2045237387619523
311,1566388800,252,377,125,629,34,1.207217917477698,0.5759618856478637
311,1566403200,276,344,68,620,34,0.7701041458331053,0.5445415510994551
311,1566417600,568,414,-154,982,34,-0.9323389647826774,1.8083372296021087
311,1566432000,400,108,-292,508,34,-1.990614411922218,0.153532943385927
311,1566446400,91,28,-63,119,34,-0.2344906626834151,-1.2045237387619523
311,1566460800,59,129,70,188,34,0.7854414711539681,-0.9636345072241536
311,1566475200,230,354,124,584,34,1.1995492548172666,0.4188602129058211
311,1566489600,331,318,-13,649,34,0.14894247033815758,0.6457848513109937
311,1566504000,581,443,-138,1024,34,-0.8096403622157742,1.954965457494682
311,1566518400,453,154,-299,607,34,-2.044295050545238,0.49915662341842065
311,1566532800,98,47,-51,145,34,-0.14246671075823766,-1.1137538833998832
311,1566547200,53,134,81,187,34,0.8697967604187141,-0.9671256555073101
311,1566561600,238,348,110,586,34,1.0921879775712262,0.4258425094721341
311,1566576000,313,343,30,656,34,0.4786949647367101,0.6702228892930893
311,1566590400,570,437,-133,1007,34,-0.771297048913617,1.8956159366810212
311,1566604800,506,252,-254,758,34,-1.6992052308258228,1.0263200141750524
311,1566619200,204,69,-135,273,34,-0.7866343742344798,-0.666886903155851
311,1566633600,45,116,71,161,34,0.7931101338143997,-1.057895510869379
311,1566648000,135,377,242,512,34,2.1044514487481782,0.16749753651855298
311,1566662400,324,392,68,716,34,0.7701041458331053,0.8796917862824793
311,1566676800,472,345,-127,817,34,-0.7252850729510282,1.2322977628812861
311,1566691200,308,207,-101,515,34,-0.5258998437798104,0.1779709813680225
311,1566705600,181,109,-72,290,34,-0.30350862662729816,-0.6075373823421903
311,1566720000,38,92,54,130,34,0.6627428685870649,-1.1661211076472306
311,1566726503,45,96,51,141,34,0.6397368806057705,-1.1277184765325092
311,1566726588,0,0,0,0,34,0.2486350849237665,-1.619970384457576
311,1566734400,71,197,126,268,34,1.2148865801381297,-0.6843426445716334
311,1566748800,269,343,74,612,34,0.8161161217956939,0.5166123648342031
311,1566763200,407,280,-127,687,34,-0.7252850729510282,0.7784484860709407
311,1566777600,273,128,-145,401,34,-0.8633210008387944,-0.2200199229118187
311,1566792000,63,41,-22,104,34,0.0799245063942745,-1.2568909630092997
311,1566806400,61,117,56,178,34,0.6780801939079278,-0.9985459900557185
311,1566820800,256,374,118,630,34,1.1535372788546778,0.5794530339310202
311,1566835200,319,265,-54,584,34,-0.16547269873953202,0.4188602129058211
311,1566849600,578,312,-266,890,34,-1.7912291827510003,1.4871515875517107
311,1566864000,310,107,-203,417,35,-1.0350487158306045,-0.16545739661637163
311,1566878400,55,23,-32,78,35,0.1365383412372287,-1.391788689184773
311,1566892800,65,122,57,187,35,0.7463117218163934,-0.9974815774149921
311,1566907200,246,390,144,636,35,1.3423823297982735,0.6267743233614452
311,1566921600,328,304,-24,632,35,0.1913494316263671,0.6123043376084257
311,1566936000,567,348,-219,915,35,-1.1446708966088812,1.6360558296345544
311,1566950400,398,99,-299,497,35,-1.6927818005002653,0.1239423184440181
311,1566964800,93,24,-69,117,35,-0.1169629518125364,-1.2507063280928332
311,1566979200,49,116,67,165,35,0.8148255848028164,-1.0770664990565992
311,1566993600,235,340,105,575,35,1.0751782641512238,0.4061070406278981
311,1567008000,429,256,-173,685,35,-0.8295071268713355,0.8040316488359339
311,1567022400,879,399,-480,1278,35,-2.9328827205545216,2.949207036721073
311,1567036800,369,125,-244,494,35,-1.3159555540749388,0.11308982912925347
311,1567051200,70,34,-36,104,35,0.1091327960426595,-1.2977337817901464
311,1567065600,54,137,83,191,35,0.9244477655810933,-0.9830115916619726
311,1567080000,221,315,94,536,35,0.9998130148661586,0.2650246795359581
311,1567094400,327,292,-35,619,35,0.1159841823413018,0.5652768839111124
311,1567108800,578,433,-145,1011,35,-0.6376683105093511,1.9833354877070224
311,1567123200,421,162,-259,583,35,-1.4187263485545731,0.43504701213393704
311,1567137600,132,31,-101,163,35,-0.33620731336909,-1.084301491933109
311,1567152000,63,138,75,201,35,0.8696366751919548,-0.946836627279424
311,1567166400,210,352,142,562,35,1.3286795572009888,0.3590795869305847
311,1567180800,366,378,12,744,35,0.4379993383774899,1.0174639386929714
311,1567195200,643,365,-278,1008,35,-1.5489026882287769,1.9724829983922576
311,1567209600,364,185,-179,549,35,-0.8706154446631894,0.3120521332332714
311,1567224000,169,63,-106,232,35,-0.37046424486230145,-0.8346942376935229
311,1567238400,37,109,72,146,35,0.8490825162960278,-1.1457989313834418
311,1567252800,123,302,179,425,35,1.582180850250754,-0.13651742511033266
311,1567267200,284,286,2,570,35,0.3694854753910669,0.3880195584366237
311,1567281600,393,260,-133,653,35,-0.5554516749256436,0.688271762811778
311,1567296000,302,164,-138,466,35,-0.589708606418855,0.011799928858117072
311,1567310400,155,51,-104,206,35,-0.35676147226501687,-0.9287491450881495
311,1567324800,40,83,43,123,35,0.6503923136354012,-1.2290013494633039
311,1567339200,99,299,200,398,35,1.7260599625222424,-0.2341898289432142
311,1567353600,232,267,35,499,35,0.5955812232462628,0.13117731132052785
311,1567368000,368,209,-159,577,35,-0.7335877186903433,0.41334203350440785
311,1567382400,228,114,-114,342,35,-0.4252753352514399,-0.43676962948548703
311,1567396800,91,35,-56,126,35,-0.027894929930186493,-1.2181488601485393
311,1567411200,32,89,57,121,35,0.7463117218163934,-1.2362363423398137
311,1567425600,149,269,120,418,35,1.1779490586308583,-0.16183990017811678
311,1567440000,274,305,31,579,35,0.5681756780516936,0.4205770263809176
311,1567454400,360,247,-113,607,35,-0.41842394895279755,0.5218669266520539
311,1567468800,242,128,-114,370,36,-0.5568984693545888,-0.5261481191976614
311,1567483200,57,28,-29,85,36,0.03498230932831743,-1.5326996593600404
311,1567497600,42,117,75,159,36,0.7591658503050496,-1.2713494348968262
311,1567512000,263,379,116,642,36,1.044661284728569,0.4344905436941531
311,1567526400,289,313,24,602,36,0.40403738309530596,0.2932201520924157
311,1567540800,579,327,-252,906,36,-1.5178343218044834,1.36687512826562
311,1567555200,346,112,-234,458,36,-1.3924948627892797,-0.21535325767383903
311,1567569600,80,20,-60,100,36,-0.18088009230897775,-1.479723262509389
311,1567584000,64,139,75,203,36,0.7591658503050496,-1.1159520041349151
311,1567598400,278,414,136,692,36,1.1839273503010175,0.6110785331963249
311,1567612800,329,259,-70,588,36,-0.250513125095202,0.24377551503180758
311,1567627200,585,369,-216,954,36,-1.2671554037740762,1.536399598187705
311,1567641600,387,113,-274,500,36,-1.6710269939341769,-0.06701934649201473
311,1567656000,109,34,-75,143,36,-0.28532964148831413,-1.3278575915375213
311,1567670400,65,163,98,228,36,0.9193218257133654,-1.0276580093838292
311,1567684800,264,371,107,635,36,0.9819915552209671,0.40976822516384903
311,1567699200,349,369,20,718,36,0.3761841699808163,0.7029042877374542
311,1567713600,597,375,-222,972,36,-1.3089352234458107,1.5999712744084869
311,1567728000,443,162,-281,605,36,-1.7197701168845339,0.30381543146254597
311,1567742400,126,35,-91,161,36,-0.3967424939462729,-1.2642859153167394
311,1567756800,73,151,78,224,36,0.7800557601409168,-1.041785048544003
311,1567771200,235,407,172,642,36,1.434606268331425,0.4344905436941531
311,1567785600,344,343,-1,687,36,0.22995480112974534,0.5934197342461077
311,1567800000,548,472,-76,1020,36,-0.29229294476693657,1.7694957443305717
311,1567814400,417,241,-176,658,36,-0.9886232726291792,0.49099870033484805
311,1567828800,217,55,-162,272,36,-0.8911370267284652,-0.872260578621918
311,1567843200,42,105,63,147,36,0.6756062109615805,-1.3137305523773475
311,1567857600,164,418,254,582,36,2.0055971371784636,0.22258495629154698
311,1567872000,368,454,86,822,36,0.8357621863698963,1.0702073059019714
311,1567886400,523,418,-105,941,36,-0.49422873984698695,1.4904867209171402
311,1567900800,393,230,-163,623,36,-0.8981003300070876,0.36738710768332783
311,1567915200,251,80,-171,331,36,-0.953806756236067,-0.6638867510093553
311,1567929600,44,84,40,128,36,0.5154502355532647,-1.3808339883881726
311,1567944000,123,329,206,452,36,1.6713585798045874,-0.23654381641409963
311,1567958400,312,413,101,725,36,0.9402117355492327,0.7276266062677582
311,1567972800,436,293,-143,729,36,-0.7588342644346391,0.741753645427932
311,1567987200,307,145,-162,452,36,-0.8911370267284652,-0.23654381641409963
311,1568001600,71,20,-51,91,36,-0.11821036280137592,-1.5115091006197798
311,1568016000,59,130,71,189,36,0.7313126371905599,-1.1653966411955232
311,1568030400,266,426,160,692,36,1.3510466289879557,0.6110785331963249
311,1568044800,309,380,71,689,36,0.7313126371905599,0.6004832538261946
311,1568059200,617,363,-254,980,36,-1.5317609283617282,1.6282253527288342
311,1568073600,423,141,-282,564,37,-1.3712405197208395,-0.0653895973810341
311,1568088000,78,28,-50,106,37,-0.014343228753046234,-1.4771003664288171
311,1568102400,63,163,100,226,37,0.8629610542002683,-1.1072198155866033
311,1568116800,233,386,153,619,37,1.1729419008437727,0.10413898842164727
311,1568131200,328,313,-15,641,37,0.1903611039360605,0.17195042274271982
311,1568145600,664,411,-253,1075,37,-1.2016283583498655,1.5096850816220602
311,1568160000,459,150,-309,609,37,-1.5291552906524362,0.07331560918479613
311,1568174400,111,31,-80,142,37,-0.18980408534370916,-1.366136201176153
311,1568188800,67,153,86,220,37,0.7810793211246255,-1.125713843128714
311,1568203200,244,457,213,701,37,1.5238636140250985,0.3568906981638268
311,1568217600,344,324,-20,668,37,0.16111762783761668,0.255173546682218
311,1568232000,644,434,-210,1078,37,-0.9501344639032485,1.5189320953931156
311,1568246400,486,188,-298,674,37,-1.4648196432358598,0.27366757422432864
311,1568260800,113,35,-78,148,37,-0.17810669490433162,-1.3476421736340423
311,1568275200,60,128,68,188,37,0.6758028071702279,-1.2243486566866377
311,1568289600,256,418,162,674,37,1.2255801578209717,0.27366757422432864
311,1568304000,352,348,-4,700,37,0.2546967513526369,0.3538083602401417
311,1568318400,626,420,-206,1046,37,-0.9267396830244935,1.4202972818351918
311,1568332800,447,154,-293,601,37,-1.4355761671374159,0.048656905795315196
311,1568347200,115,48,-67,163,37,-0.11377104748775523,-1.3014071047787656
311,1568361600,76,144,68,220,37,0.6758028071702279,-1.125713843128714
311,1568376000,258,428,170,686,37,1.2723697195784818,0.31065562930855006
311,1568390400,361,330,-31,691,37,0.09678198042104028,0.3260673189269756
311,1568404800,656,577,-79,1233,37,-0.18395539012402037,1.9966944735643084
311,1568419200,541,200,-341,741,37,-1.7163135376824765,0.48018421511123144
311,1568433600,277,104,-173,381,37,-0.7337327407747642,-0.6294574374154103
311,1568448000,69,119,50,188,37,0.5705262932158301,-1.2243486566866377
311,1568462400,125,467,342,592,37,2.278345297364949,0.02091586448214915
311,1568476800,442,545,103,987,37,0.8805071398593346,1.23843934433777
311,1568491200,650,541,-109,1191,37,-0.3594162467146833,1.8672362807695335
311,1568505600,547,318,-229,865,37,-1.0612596730773352,0.8623941176481857
311,1568520000,275,78,-197,353,37,-0.8741014260472946,-0.7157628992785936
311,1568534400,54,89,35,143,37,0.4827958649204987,-1.3630538632524678
311,1568548800,132,366,234,498,37,1.6466862136385627,-0.26882390034425174
311,1568563200,354,453,99,807,37,0.8571123589805795,0.6836185180744491
311,1568577600,587,380,-207,967,37,-0.9325883782441823,1.1767925858640675
311,1568592000,391,153,-238,544,37,-1.113897930054534,-0.1270363558547364
311,1568606400,72,31,-41,103,37,0.03829502822415264,-1.4863473801998726
311,1568620800,61,141,80,202,37,0.745987149806493,-1.181195925755046
311,1568635200,276,416,140,692,37,1.0969088629878188,0.3291496568506607
311,1568649600,318,296,-22,614,37,0.14942023739823915,0.08872729880322171
311,1568664000,653,385,-268,1038,37,-1.2893587866451968,1.3956385784457108
311,1568678400,372,117,-255,489,38,-1.3205170657720888,-0.2599113610915905
311,1568692800,85,43,-42,128,38,0.0707614256184549,-1.3952545062574495
311,1568707200,67,131,64,198,38,0.7631347593621058,-1.1751048659205794
311,1568721600,274,399,125,673,38,1.161576017459867,0.31876769350818257
311,1568736000,324,304,-20,628,38,0.21446155148977866,0.17724292472019457
311,1568750400,633,435,-198,1068,38,-0.9482031032872954,1.5610406639805214
311,1568764800,457,141,-316,598,38,-1.7189583238698503,0.08289307886153592
311,1568779200,99,29,-70,128,38,-0.1121296436723208,-1.3952545062574495
311,1568793600,60,89,29,149,38,0.5345209227486362,-1.3292096141563885
311,1568808000,252,383,131,635,38,1.200766960879319,0.1992578887538816
311,1568822400,324,331,7,655,38,0.39082079687731236,0.26215778599298734
311,1568836800,652,468,-184,1120,38,-0.8567575686419076,1.7245803968021964
311,1568851200,487,159,-328,646,38,-1.7973402107087542,0.23385283223538975
311,1568865600,140,32,-108,172,38,-0.3603389519955164,-1.2568747323314169
311,1568880000,78,130,52,208,38,0.6847528725232019,-1.1436549173010266
311,1568894400,266,397,131,663,38,1.200766960879319,0.28731774488862966
311,1568908800,333,318,-15,651,38,0.2471206710059886,0.2495778065451662
311,1568923200,652,466,-186,1118,38,-0.8698212164483915,1.7182904070782858
311,1568937600,511,187,-324,698,38,-1.7712129150957863,0.3973925650570648
311,1568952000,141,39,-102,180,38,-0.32114800857606446,-1.2317147734357745
311,1568966400,77,147,70,224,38,0.8023257027815577,-1.093334999509742
311,1568980800,288,413,125,701,38,1.161576017459867,0.4068275496429306
311,1568995200,434,375,-59,809,38,-0.04027958073665892,0.7464869947341017
311,1569009600,684,599,-85,1283,38,-0.21010700222095063,2.2372145593009085
311,1569024000,566,261,-305,827,38,-1.6471082609341883,0.803096902249297
311,1569038400,246,75,-171,321,38,-0.7718438578997616,-0.788270497900079
311,1569052800,54,102,48,156,38,0.6586255769102339,-1.3071946501227016
311,1569067200,186,449,263,635,38,2.0629677161072615,0.1992578887538816
311,1569081600,357,470,113,827,38,1.0831941306209634,0.803096902249297
311,1569096000,546,416,-130,962,38,-0.5040390778668401,1.2276712086132608
311,1569110400,556,319,-237,875,38,-1.202944235513733,0.9540566556231508
311,1569124800,222,103,-119,325,38,-0.43218901493117823,-0.7756905184522578
311,1569139200,47,94,47,141,38,0.652093753006992,-1.3543695730520309
311,1569153600,152,368,216,520,38,1.755971992654888,-0.16241652037097656
311,1569168000,346,416,70,762,38,0.8023257027815577,0.5986722362222032
311,1569182400,486,315,-171,801,38,-0.7718438578997616,0.7213270358384595
311,1569196800,331,123,-208,454,38,-1.0135213423197154,-0.3699861812600256
311,1569211200,68,32,-36,100,38,0.10995236903790684,-1.4833143623921976
311,1569225600,69,154,85,223,38,0.9003030613301876,-1.0964799943716972
311,1569240000,257,398,141,655,38,1.266085199911739,0.26215778599298734
311,1569254400,344,295,-49,639,38,0.025038658295760973,0.21183786820170275
311,1569268800,591,373,-218,964,38,-1.0788395813521352,1.2339611983371714
311,1569283200,323,94,-229,417,39,-1.2404054143236003,-0.3997132757633375
311,1569297600,72,36,-36,108,39,0.04224878755254512,-1.3749866152738837
311,1569312000,66,145,79,211,39,0.8065246073233054,-1.0498955021037015
311,1569321886,210,328,118,538,39,1.0657137983759981,-0.01781012339836632
311,1569326400,77,110,33,187,39,0.5008142794150013,-1.1256448876967537
311,1569340800,363,316,-47,679,39,-0.030855856077701523,0.42721751696081495
311,1569355200,634,440,-194,1074,39,-1.007799730045543,1.6739261548464646
311,1569369600,419,118,-301,537,39,-1.718908536267033,-0.020966347798076827
311,1569384000,110,40,-70,150,39,-0.18371102003185358,-1.2424251904860424
311,1569398400,75,142,67,217,39,0.7267740869994,-1.0309581557054386
311,1569412800,260,435,175,695,39,1.4445287699145488,0.477717107356183
311,1569427200,301,331,30,632,39,0.48087664933402496,0.2788749701744212
311,1569441600,684,385,-299,1069,39,-1.7056167828797155,1.658145032847912
311,1569456000,414,158,-256,572,39,-1.4198440850523877,0.08950150619179086
311,1569470400,123,44,-79,167,39,-0.24352391027478265,-1.1887693756909639
311,1569484800,67,141,74,208,39,0.7732952238550116,-1.059364175302833
311,1569499200,285,419,134,704,39,1.1720478254745386,0.5061231269535775
311,1569513600,386,354,-32,740,39,0.06883229432718026,0.6197472053431557
311,1569528000,616,490,-126,1106,39,-0.5558801148767455,1.7749253356372008
311,1569542400,481,161,-320,642,39,-1.84518019344655,0.31043721417152625
311,1569556800,148,56,-92,204,39,-0.32992030729234684,-1.0719890729016752
311,1569571200,79,162,83,241,39,0.8331081140979406,-0.9552087701123864
311,1569585600,259,376,117,635,39,1.0590679216823393,0.2883436433735527
311,1569600000,377,317,-60,694,39,-0.11725225309526573,0.47456088295647253
311,1569614400,632,465,-167,1097,39,-0.8283610593167557,1.7465193160398063
311,1569628800,431,282,-149,713,39,-0.7087352788308976,0.5345291465509722
311,1569643200,232,70,-162,302,39,-0.7951316758484618,-0.7626790817300456
311,1569657600,56,139,83,195,39,0.8331081140979406,-1.1003950924990697
311,1569672000,181,413,232,594,39,1.8233437414530995,0.15893844298542198
311,1569686400,356,508,152,864,39,1.2916736059603968,1.0111190309072584
311,1569700800,537,347,-190,884,39,-0.9812162232709077,1.0742435189014685
311,1569715200,342,215,-127,557,39,-0.5625259915704043,0.04215814019613328
311,1569729600,229,102,-127,331,39,-0.5625259915704043,-0.671148574138441
311,1569744000,57,85,28,142,39,0.46758489594670744,-1.2676749856837264
311,1569758400,146,363,217,509,39,1.7236555910482176,-0.10934063098997097
311,1569787200,715,589,-126,1304,39,-0.5558801148767455,2.399857766779881
311,1569801600,318,102,-216,420,39,-1.1540090173060362,-0.39024460256420596
311,1569816000,72,35,-37,107,39,0.03560291085888633,-1.3781428396735942
311,1569830400,56,140,84,196,39,0.8397539907915994,-1.0972388680993592
311,1569844800,236,405,169,641,39,1.404653509752596,0.3072809897718157
311,1569859200,282,326,44,608,39,0.5739189230452479,0.20312558458136906
311,1569873600,599,343,-256,942,39,-1.4198440850523877,1.2573045340846778
311,1569888000,355,101,-254,456,40,-1.3715964362922923,-0.35000206392943045
311,1569902400,65,53,-12,118,40,0.09094093031228795,-1.4833572873651497
311,1569916800,67,142,75,209,40,0.6167291571494717,-1.1782231887478407
311,1569931200,221,391,170,612,40,1.1908657266843274,0.17308496227167075
311,1569945600,291,291,0,582,40,0.16346344435879606,0.0724913033868436
311,1569960000,609,398,-211,1007,40,-1.111724094292305,1.4975681375885617
311,1569974400,374,116,-258,490,40,-1.3957706076411285,-0.235995917193293
311,1569988800,119,58,-61,177,40,-0.20519266871095349,-1.285523091558323
311,1570003200,74,133,59,207,40,0.5200324717541276,-1.1849294326734958
311,1570017600,262,558,296,820,40,1.9523521241726627,0.8705343305398057
311,1570032000,312,309,-3,621,40,0.14533281584716903,0.2032630599371189
311,1570046400,594,430,-164,1024,40,-0.8276775809434815,1.5545712109566303
311,1570060800,445,126,-319,571,40,-1.764426720710878,0.03560696179574031
311,1570075200,169,59,-110,228,40,-0.501326267734195,-1.1145138714541167
311,1570089600,66,134,68,200,40,0.5744243572890086,-1.208401286413289
311,1570104000,230,369,139,599,40,1.0035158987308483,0.12949437675491232
311,1570118400,301,342,41,643,40,0.4112487006843655,0.2770317431193255
311,1570132800,589,381,-208,970,40,-1.0935934657806778,1.3735026249639415
311,1570147200,447,170,-277,617,40,-1.5105979215480996,0.1898505720858086
311,1570161600,188,74,-114,262,40,-0.525500439083031,-1.0005077247179794
311,1570176000,81,151,70,232,40,0.5865114429634267,-1.1011013836028065
311,1570190400,253,432,179,685,40,1.2452576122192087,0.4178628655580835
311,1570204800,351,387,36,738,40,0.3810309864983204,0.5955783295879448
311,1570219200,660,588,-72,1248,40,-0.27167163992025256,2.3056705306300063
311,1570233600,434,271,-163,705,40,-0.8216340381062724,0.4849253048146349
311,1570248000,268,88,-180,356,40,-0.9243742663388257,-0.6853142602121877
311,1570262400,51,105,54,156,40,0.48981475756808257,-1.355938652777702
311,1570276800,179,489,310,668,40,2.036961723893589,0.3608597921900148
311,1570291200,382,480,98,862,40,0.755730642405279,1.0113654529785636
311,1570305600,589,417,-172,1006,40,-0.8760259236411536,1.494215015625734
311,1570320000,410,259,-151,669,40,-0.7491115240597643,0.36421291415284235
311,1570334400,212,93,-119,305,40,-0.555718153269076,-0.8563234803163938
311,1570348800,60,80,20,140,40,0.28433430110297625,-1.409588604182943
311,1570363200,137,347,210,484,40,1.4326074401726878,-0.25611464897025843
311,1570377600,326,464,138,790,40,0.9974723558936393,0.7699406716549786
311,1570392000,507,272,-235,779,40,-1.2567691223853212,0.7330563300638753
311,1570406400,328,99,-229,427,40,-1.2205078653620671,-0.44724260085143
311,1570420800,85,60,-25,145,40,0.012374873428570828,-1.3928229943688053
311,1570435200,66,140,74,206,40,0.6106856143122628,-1.1882825546363234
311,1570449600,261,582,321,843,40,2.103440695102888,0.9476561356848399
311,1570464000,342,318,-24,660,40,0.018418416265779836,0.3340348164873942
311,1570478400,576,443,-133,1019,40,-0.6403277529900021,1.5378056011424925
311,1570492800,417,119,-298,536,41,-1.6421399736920226,-0.09950736185897377
311,1570507200,87,55,-32,142,41,-0.02189906703413366,-1.4032665257879513
311,1570521600,68,134,66,202,41,0.5750317933135096,-1.2047245211287163
311,1570536000,306,473,167,779,41,1.1902360473452644,0.7045877570109287
311,1570550400,346,335,-11,681,41,0.10601468875464706,0.3803024827341779
311,1570564800,644,464,-180,1108,41,-0.9233864887836359,1.793259749225735
311,1570579200,403,123,-280,526,41,-1.5324996115873537,-0.1325976959688463
311,1570593600,108,39,-69,147,41,-0.24727092247150922,-1.3867213587330152
311,1570608000,59,117,58,176,41,0.5263027434892122,-1.2907593898143848
311,1570622400,255,422,167,677,41,1.1902360473452644,0.3670663490902289
311,1570636800,284,299,15,583,41,0.2643841006836137,0.05601720845742712
311,1570651200,553,395,-158,948,41,-0.789381601766818,1.2638144034677745
311,1570665600,359,108,-251,467,41,-1.3558568059742755,-0.3278306672170942
311,1570680000,88,40,-48,128,41,-0.1193571666827285,-1.4495929935417728
311,1570694400,81,183,102,264,41,0.794312517522848,-0.9995644496475066
311,1570708800,283,477,194,760,41,1.3546965905022683,0.6417161222021709
311,1570723200,330,345,15,675,41,0.2643841006836137,0.36044828226825437
311,1570737600,653,433,-220,1086,41,-1.167031737905123,1.7204610141840153
311,1570752000,453,153,-300,606,41,-1.654322236148097,0.13212497691013395
311,1570766400,158,56,-102,214,41,-0.4482782529967361,-1.1650161201968692
311,1570780800,79,170,91,249,41,0.727310074014439,-1.0491999508123153
311,1570795200,285,507,222,792,41,1.5252482648873094,0.747605191353763
311,1570809600,360,343,-17,703,41,0.069467901386424,0.45310121777589746
311,1570824000,676,453,-223,1129,41,-1.1853051315892345,1.8627494508564673
311,1570838400,509,219,-290,728,41,-1.5934109238677252,0.5358270530505788
311,1570852800,235,76,-159,311,41,-0.7954727329948552,-0.8440398793311057
311,1570867200,52,122,70,174,41,0.5993963182256584,-1.2973774566363594
311,1570881600,193,483,290,676,41,1.9394451883938375,0.36375731567924163
311,1570896000,348,547,199,895,41,1.3851522466424542,1.08843563268545
311,1570910400,570,496,-74,1066,41,-0.2777265786116951,1.6542803459642703
311,1570924800,409,271,-138,680,41,-0.6675589772060745,0.3769934493231907
311,1570939200,247,121,-126,368,41,-0.5944654024696283,-0.6554249749048322
311,1570953600,38,102,64,140,41,0.5628495308574353,-1.409884592609926
311,1570968000,153,397,244,550,41,1.6592531519041274,-0.05318089410515223
311,1570982400,302,449,147,751,41,1.068413422784521,0.6119348215032856
311,1570996800,488,377,-111,865,41,-0.5030984340490707,0.9891646303558325
311,1571011200,350,137,-213,487,41,-1.1243938193088627,-0.26164999899734914
311,1571025600,94,40,-54,134,41,-0.15590395405095156,-1.4297387930758494
311,1571040000,46,125,79,171,41,0.654216499277993,-1.3073045568693211
311,1571054400,224,388,164,612,41,1.171962653661153,0.15197917737605746
311,1571068800,329,346,17,675,41,0.276566363139688,0.36044828226825437
311,1571083200,562,352,-210,914,41,-1.1061204256247512,1.1513072674942078
311,1571097600,355,120,-235,475,42,-1.3412395690336456,-0.2916702292862701
311,1571112000,69,43,-26,112,42,0.13545089313381029,-1.4958111509138874
311,1571126400,74,154,80,228,42,0.8843943811230464,-1.1110168068125001
311,1571140800,278,425,147,703,42,1.357783189569073,0.46464968843024984
311,1571155200,344,339,-5,683,42,0.28382648981092307,0.3983058359989762
311,1571169600,637,409,-228,1046,42,-1.2917810368079412,1.6024467576265935
311,1571184000,390,145,-245,535,42,-1.411894615070366,-0.09263867199244907
311,1571198400,101,43,-58,144,42,-0.09064525418369491,-1.3896609870238494
311,1571212800,77,145,68,222,42,0.7996083258789819,-1.1309199625418822
311,1571227200,267,404,137,671,42,1.2871281435323525,0.35849952454021194
311,1571241600,345,298,-47,643,42,-0.012924703543302501,0.2656181311364288
311,1571256000,549,454,-95,1003,42,-0.35206892451956034,1.459807474899355
311,1571270400,374,128,-246,502,42,-1.418960119674038,-0.20210602850405063
311,1571299200,154,180,26,334,42,0.5028571325247563,-0.7593943889267496
311,1571313600,281,428,147,709,42,1.357783189569073,0.48455284415963196
311,1571328000,392,334,-58,726,42,-0.09064525418369491,0.5409451187262145
311,1571342400,653,488,-165,1141,42,-0.846654246776603,1.9175800566751435
311,1571356800,550,179,-371,729,42,-2.302148195133043,0.5508966965909057
311,1571371200,126,62,-64,188,42,-0.13303828180572716,-1.2437045116750474
311,1571385600,73,134,61,207,42,0.7501497936532776,-1.1806778518653374
311,1571400000,314,430,116,744,42,1.1387525468552397,0.6006545859143609
311,1571414400,368,370,2,738,42,0.33328502203662735,0.5807514301849788
311,1571428800,692,534,-158,1226,42,-0.7971957145508987,2.1995414295080566
311,1571443200,457,258,-199,715,42,-1.0868814033014522,0.504455999889014
311,1571457600,223,59,-164,282,42,-0.8395887421729309,-0.9318884052480612
311,1571472000,35,81,46,116,42,0.644167224598197,-1.4825423804276328
311,1571486400,152,381,229,533,42,1.93715456707018,-0.09927305723557643
311,1571500800,369,452,83,821,42,0.9055908949340625,0.8560784177747646
311,1571515200,540,439,-101,979,42,-0.3944619521415926,1.3801948519818266
311,1571529600,405,162,-243,567,42,-1.3977636058630218,0.01351149189758882
311,1571544000,227,83,-144,310,42,-0.6982786500994902,-0.839007011844278
311,1571558400,54,92,38,146,42,0.5876431877688207,-1.3830266017807222
311,1571572800,142,317,175,459,42,1.55561731847189,-0.34474531123128904
311,1571587200,315,363,48,678,42,0.6582982338055411,0.3817198728911577
311,1571601600,434,280,-154,714,42,-0.7689336961362105,0.5011388072674504
311,1571616000,300,110,-190,410,42,-1.023291861868404,-0.5072877496879096
311,1571630400,71,31,-40,102,42,0.036533828682401764,-1.5289830771295243
311,1571644800,61,155,94,216,42,0.9833114455744549,-1.1508231182712643
311,1571659200,256,367,111,623,42,1.1034250238368797,0.19927427870515513
311,1571673600,366,337,-29,703,42,0.11425437932279418,0.46464968843024984
311,1571688000,596,401,-195,997,42,-1.058619384886764,1.439904319169973
311,1571702400,391,127,-264,518,43,-1.504117098543352,-0.09858868231272391
311,1571716800,82,43,-39,125,43,-0.012626376483050178,-1.3819520815665278
311,1571731200,65,134,69,199,43,0.7032891701058949,-1.1403009580429107
311,1571745600,240,404,164,644,43,1.3330296971980224,0.3128713388220834
311,1571760000,331,342,11,673,43,0.31881600619701694,0.40757245479755494
311,1571774400,627,466,-161,1093,43,-0.8213457902224138,1.7791058585802462
311,1571788800,374,143,-231,517,43,-1.2853651259745078,-0.10185423803601604
311,1571803200,84,45,-39,129,43,-0.012626376483050178,-1.3688898586733593
311,1571817600,81,155,74,236,43,0.7364334083739016,-1.0194753962811023
311,1571832000,275,448,173,723,43,1.3926893260804345,0.5708502409621611
311,1571846400,333,348,15,681,43,0.3453313968114223,0.43369690058389193
311,1571860800,635,510,-125,1145,43,-0.5827072746927655,1.9489147561914364
311,1571875200,466,147,-319,613,43,-1.8687037194914262,0.21163911140002764
311,1571889600,127,49,-78,176,43,-0.2711514349735025,-1.2154087396786295
311,1571904000,65,108,43,173,43,0.5309391311122599,-1.2252054068485059
311,1571918400,279,424,145,703,43,1.2070815917795967,0.5055391264963186
311,1571932800,333,330,-3,663,43,0.22601213904659814,0.37491689756463376
311,1571947200,631,460,-171,1091,43,-0.8876342667584273,1.772574747133662
311,1571961600,491,165,-326,656,43,-1.9151056530666355,0.3520580075015889
311,1571976000,145,64,-81,209,43,-0.2910379779343065,-1.1076454008099896
311,1571990400,75,151,76,226,43,0.7496911036811043,-1.0521309535140235
311,1572004800,272,407,135,679,43,1.1407931152435835,0.4271657891373077
311,1572019200,325,363,38,688,43,0.4977948928442532,0.4565557906469368
311,1572033600,647,534,-113,1181,43,-0.5031611028495494,2.066474762229953
311,1572048000,487,246,-241,733,43,-1.3516536025105212,0.6035057981950822
311,1572062400,201,47,-154,248,43,-0.7749438566472044,-0.9802887276015968
311,1572076800,44,108,64,152,43,0.6701449318378881,-1.2937820770376405
311,1572091200,175,476,301,651,43,2.241181825741406,0.33573022888512827
311,1572105600,346,480,134,826,43,1.1341642675899821,0.9072024804612496
311,1572120000,538,391,-147,929,43,-0.7285419230719951,1.243554719960338
311,1572134400,384,194,-190,578,43,-1.0135823721768529,0.09734466108480339
311,1572148800,210,69,-141,279,43,-0.6887688371503871,-0.8790565001795411
311,1572163200,56,71,15,127,43,0.3453313968114223,-1.3754209701199436
311,1572177600,142,292,150,434,43,1.2402258300476035,-0.37289536306926213
311,1572192000,221,267,46,488,43,0.5508256740730639,-0.19655535401148758
311,1572206400,400,303,-97,703,43,-0.397099540391928,0.5055391264963186
311,1572220800,371,140,-231,511,43,-1.2853651259745078,-0.12144757237576877
311,1572235200,61,41,-20,102,43,0.11332172893537533,-1.4570598632022467
311,1572249600,58,139,81,197,43,0.782835341949111,-1.146832069489495
311,1572264000,239,436,197,675,43,1.5517816697668667,0.4141035662441392
311,1572278400,371,288,-83,659,43,-0.30429567324150925,0.36185467467146526
311,1572292800,613,378,-235,991,43,-1.3118805165889131,1.4460191748044497
311,1572307200,384,108,-276,492,44,-1.5254502006609079,-0.2538969385103213
311,1572321600,113,58,-55,171,44,-0.040928617775028965,-1.2861618699559663
311,1572336000,86,123,37,209,44,0.5770622674082327,-1.1639622830558587
311,1572350400,283,388,105,671,44,1.0338381390654263,0.3217274313612377
311,1572364800,341,357,16,698,44,0.435999130572923,0.4085534536323667
311,1572379200,624,424,-200,1048,44,-1.0149359911616915,1.5340759645544093
311,1572393600,352,120,-232,472,44,-1.2298893425297828,-0.3182125105630095
311,1572408000,117,39,-78,156,44,-0.19542633907084442,-1.3343985489954824
311,1572422400,79,117,38,196,44,0.5837795596384856,-1.205767404890106
311,1572436800,270,437,167,707,44,1.4503102573411026,0.4374954610560764
311,1572451200,329,355,26,684,44,0.5031720528754515,0.363532553195485
311,1572465600,667,427,-240,1094,44,-1.2836276803718054,1.6820017802755922
311,1572480000,416,124,-292,540,44,-1.6329268763449534,-0.09953956558386973
311,1572494400,120,46,-74,166,44,-0.16855717014983304,-1.3022407629691382
311,1572508800,61,129,68,190,44,0.785298326546071,-1.2250620765059124
311,1572523200,268,398,130,666,44,1.2017704448217474,0.30564853834806566
311,1572537600,313,296,-17,609,44,0.21432848697457918,0.12234915799790441
311,1572552000,580,393,-187,973,44,-0.9276111921684046,1.292892569356829
311,1572566400,408,162,-246,570,44,-1.3239314337533226,-0.0030662075048374926
311,1572580800,211,79,-132,290,44,-0.5581601195044982,-0.9034842162424717
311,1572595200,89,144,55,233,44,0.697973527552784,-1.086783596592633
311,1572609600,255,375,120,630,44,1.134597522519219,0.18988050865322698
311,1572624000,373,343,-30,716,44,0.12700368798129216,0.46643746847978607
311,1572638400,677,557,-120,1234,44,-0.477552612741464,2.132210784644409
311,1572652800,477,202,-275,679,44,-1.5187329084306551,0.34745366018231294
311,1572667200,217,65,-152,282,44,-0.692505964109555,-0.9292104450635469
311,1572681600,68,108,40,176,44,0.5972141440989913,-1.2700829769427942
311,1572696000,222,464,242,686,44,1.9541071746100664,0.36996411040075383
311,1572710400,427,559,132,986,44,1.2152050292822532,1.3346976911910762
311,1572724800,643,536,-107,1179,44,-0.39022781374817694,1.9553429614995168
311,1572739200,442,285,-157,727,44,-0.7260924252608193,0.5018110331087645
311,1572750000,229,88,-141,317,44,-0.6186157495767738,-0.8166581939713426
311,1572764400,60,52,-8,112,44,0.2747841170468548,-1.4758928075113962
311,1572778800,175,305,130,480,44,1.2017704448217474,-0.2924862817419342
311,1572793200,310,521,211,831,44,1.7458711154722282,0.8362520077827429
311,1572807600,511,388,-123,899,44,-0.4977044894322225,1.0549249527618827
311,1572822000,402,192,-210,594,44,-1.0821089134642201,0.0741124789583883
311,1572836400,130,68,-62,198,44,-0.08794966338679888,-1.1993358476848373
311,1572850800,31,77,46,108,44,0.6375178974805084,-1.488755921921934
311,1572865200,223,420,197,643,44,1.6518290242486882,0.2316856304874743
311,1572879600,284,316,32,600,44,0.5434758062569686,0.09340715057419474
311,1572894000,600,403,-197,1003,44,-0.9947841144709331,1.3893659274358612
311,1572908400,460,176,-284,636,44,-1.5791885385029307,0.20917518026903342
311,1572922800,142,59,-83,201,45,-0.3161779829840993,-1.1556916270136854
311,1572937200,40,75,35,115,45,0.4003186259181395,-1.439835535309474
311,1572951600,222,410,188,632,45,1.3293354154269745,0.26833191339892987
311,1572966000,259,300,41,559,45,0.4367506568792703,0.027139991240876665
311,1572980400,590,381,-209,971,45,-1.081250633167846,1.3883875519137248
311,1572994800,490,200,-290,690,45,-1.5730830511431113,0.4599638515519036
311,1573009200,200,40,-160,240,45,-0.7837223803186112,-1.026835668600479
311,1573023600,49,81,32,130,45,0.3821026104375741,-1.3902755513043947
311,1573038000,283,388,105,671,45,0.8253589871313319,0.39718787181213633
311,1573052400,271,317,46,588,45,0.4671106826802126,0.12295596031736354
311,1573066800,604,399,-205,1003,45,-1.0569626125270921,1.4941155177912275
311,1573081200,446,196,-250,642,45,-1.330202844735573,0.30137190273564946
311,1573095600,232,56,-176,288,45,-0.8808744628816265,-0.8682437197842249
311,1573110000,42,61,19,103,45,0.30316654335512405,-1.4794835225135377
311,1573124400,229,393,164,622,45,1.1836072915824514,0.23529192406221022
311,1573138800,310,316,6,626,45,0.224230476272674,0.24850791979689807
311,1573153200,577,453,-124,1030,45,-0.5651301945518263,1.5833234890003705
311,1573167600,467,187,-280,654,45,-1.5123629995412269,0.341019889939713
311,1573182000,180,50,-130,230,45,-0.6015622255129571,-1.0598756579371986
311,1573196400,42,98,56,140,45,0.5278307342820973,-1.357235561967675
311,1573210800,246,414,168,660,45,1.2078953122232052,0.36084388354174474
311,1573225200,317,356,39,673,45,0.42460664655889335,0.4037958696794803
311,1573239600,610,541,-69,1151,45,-0.23116991074146082,1.9831073599746778
311,1573254000,454,290,-164,744,45,-0.808010400959365,0.6383797939701895
311,1573268400,284,104,-180,388,45,-0.9051624835223804,-0.5378438264170288
311,1573282800,55,52,-3,107,45,0.16958242983097782,-1.4662675267788499
311,1573297200,118,421,303,539,45,2.027616008848648,-0.038939987432562564
311,1573311600,300,630,330,930,45,2.1915601481737363,1.2529235956331743
311,1573326000,602,502,-100,1104,45,-0.4194020707073032,1.8278194100920955
311,1573340400,414,329,-85,743,45,-0.32832199330447626,0.6350757950365176
311,1573354800,304,93,-211,397,45,-1.093394643488223,-0.508107836013981
311,1573369200,44,52,8,96,45,0.23637448659305094,-1.5026115150492414
311,1573383600,100,286,186,386,45,1.3171914051065976,-0.5444518242843727
311,1573398000,263,562,299,825,45,2.0033279882078943,0.9060037075976184
311,1573412400,450,420,-30,870,45,0.005638290505889279,1.0546836596128566
311,1573426800,414,164,-250,578,45,-1.330202844735573,0.08991597098064393
311,1573441200,130,37,-93,167,45,-0.3768980345859839,-1.268027590758532
311,1573455600,22,55,33,77,45,0.38817461559776256,-1.5653874947890087
311,1573470000,192,362,170,554,45,1.2200393225435822,0.010619996572516858
311,1573484400,286,302,16,588,45,0.28495052787455866,0.12295596031736354
311,1573498800,515,343,-172,858,45,-0.8565864422408727,1.015035672408793
311,1573513200,421,142,-279,563,45,-1.5062909943810383,0.04035598697556451
311,1573527600,138,52,-86,190,46,-0.2786069509847451,-1.1718689687075308
311,1573542000,31,70,39,101,46,0.567855139680713,-1.4817915812042586
311,1573556400,256,367,111,623,46,1.055417303904017,0.3359567752372234
311,1573570800,274,266,-8,540,46,0.24958539359050075,0.04692782200993793
311,1573585200,568,402,-166,970,46,-0.8203426890106381,1.544306736319971
311,1573599600,436,192,-244,628,46,-1.348535033585884,0.35336815796175863
311,1573614000,142,33,-109,175,46,-0.4343559756671893,-1.2241031168811367
311,1573628400,41,76,35,117,46,0.5407683527794184,-1.4260751564857457
311,1573642800,259,346,87,605,46,0.8928965824962489,0.2732757974288964
311,1573657200,247,290,43,537,46,0.5949419265820076,0.03648099237521677
311,1573671600,540,418,-122,958,46,-0.5223880330963969,1.5025194177810863
311,1573686000,486,175,-311,661,46,-1.8022387141825695,0.4682832839436914
311,1573700400,177,54,-123,231,46,-0.5291597298217205,-1.0290956303663417
311,1573714800,47,76,29,123,46,0.5001381724274764,-1.4051814972163035
311,1573729200,230,384,154,614,46,1.3466002630929343,0.3046162863330599
311,1573743600,253,343,90,596,46,0.9132116726722199,0.24193530852473294
311,1573758000,542,416,-126,958,46,-0.5494748199976915,1.5025194177810863
311,1573772400,494,193,-301,687,46,-1.734521746929333,0.5588224741112748
311,1573786800,243,51,-192,294,46,-0.9964068038690534,-0.8097122080371972
311,1573801200,50,78,28,128,46,0.4933664757021527,-1.3877701144917682
311,1573815600,215,368,153,583,46,1.3398285663676106,0.19666571344094125
311,1573830000,290,322,32,612,46,0.5204532626034474,0.2976517332432458
311,1573844400,618,521,-97,1139,46,-0.3530956149633054,2.132811472409263
311,1573858800,503,311,-192,814,46,-0.9964068038690534,1.0010715953144707
311,1573873200,312,72,-240,384,46,-1.3214482466845894,-0.49630731899556246
311,1573887600,66,58,-8,124,46,0.24958539359050075,-1.4016992206713963
311,1573902000,109,382,273,491,46,2.15243217340645,-0.12370372869050769
311,1573916400,343,478,135,821,46,1.2179380253117849,1.02544753112882
311,1573930800,572,434,-138,1006,46,-0.6307351807015755,1.669668691936625
311,1573945200,399,262,-137,661,46,-0.6239634839762519,0.4682832839436914
311,1573959600,313,97,-216,410,46,-1.1589275252768214,-0.405768128827979
311,1573974000,52,58,6,110,46,0.34438914774503204,-1.450451092300095
311,1573988400,92,277,185,369,46,1.556522861577968,-0.5485414671691683
311,1574002800,269,388,119,657,46,1.1095908777066061,0.4543541777640632
311,1574017200,465,335,-130,800,46,-0.5765616068989863,0.9523197236857719
311,1574031600,343,131,-212,474,46,-1.1318407383755267,-0.1829024299539276
311,1574046000,144,44,-100,188,46,-0.3734107051392764,-1.178833521797345
311,1574060400,27,67,40,94,46,0.5746268364060366,-1.506167517018608
311,1574074800,226,419,193,645,46,1.6106964353805573,0.41256685922517855
311,1574089200,255,316,61,571,46,0.7168324676378336,0.1548783949020566
311,1574103600,556,361,-195,917,46,-1.0167218940450244,1.3597460794398972
311,1574118000,376,132,-244,508,46,-1.348535033585884,-0.06450502742708779
311,1574132400,111,41,-70,152,47,-0.162671788478404,-1.2587557480784166
311,1574146800,42,76,34,118,47,0.5493025322366949,-1.373965542223781
311,1574161200,260,377,117,637,47,1.1175128074227836,0.38467808017163757
311,1574175600,255,292,37,547,47,0.5698402530265535,0.07971097802214301
311,1574190000,564,403,-161,967,47,-0.7856493191041155,1.5028907880531177
311,1574204400,485,164,-321,649,47,-1.8809944278965753,0.42534036045823687
311,1574218800,160,42,-118,202,47,-0.49127532111614197,-1.0893295802175862
311,1574233200,41,70,29,111,47,0.5150729975869306,-1.3976852057242974
311,1574247600,262,378,116,640,47,1.1106669004928307,0.39484365024328744
311,1574262000,261,284,23,545,47,0.4739975560072133,0.0729339313077098
311,1574276400,584,429,-155,1013,47,-0.7445738775243983,1.6587628624850816
311,1574290800,507,175,-332,682,47,-1.956299404126057,0.5371616312463849
311,1574305200,178,43,-135,221,47,-0.6076557389253409,-1.0249476364304708
311,1574319600,40,78,38,118,47,0.5766861599565064,-1.373965542223781
311,1574334000,244,398,154,642,47,1.3708113638310397,0.4016206969577206
311,1574348400,286,334,48,620,47,0.6451452292560351,0.3270731830989553
311,1574362800,561,421,-140,982,47,-0.6418852735751052,1.5537186384113668
311,1574377200,509,213,-296,722,47,-1.7098467546477536,0.6727025655350491
311,1574391600,219,69,-150,288,47,-0.7103443428746339,-0.797916571496958
311,1574406000,46,78,32,124,47,0.5356107183767892,-1.3536344020804816
311,1574420400,223,358,135,581,47,1.2407391321619352,0.19492077216750764
311,1574434800,276,314,38,590,47,0.5766861599565064,0.2254174823824571
311,1574449200,638,530,-108,1168,47,-0.4228162518166132,2.183983982853656
311,1574463600,432,257,-175,689,47,-0.8814920161234557,0.5608812947469012
311,1574478000,296,69,-227,365,47,-1.2374791764810051,-0.5370002729912794
311,1574492400,59,51,-8,110,47,0.2617744411786742,-1.401073729081514
311,1574506800,116,375,259,491,47,2.0896315914760915,-0.11004632998198695
311,1574521200,317,450,133,767,47,1.2270473183020294,0.8251861166097965
311,1574535600,542,436,-106,978,47,-0.40912443795670744,1.5401645449825003
311,1574550000,382,216,-166,598,47,-0.8198788537538799,0.25252566924018993
311,1574564400,255,77,-178,332,47,-0.9020297369133145,-0.6488215437794274
311,1574578800,47,43,-4,90,47,0.2891580688984857,-1.468844196225846
311,1574593200,69,241,172,310,47,1.4940376885701916,-0.7233690576381927
311,1574607600,236,383,147,619,47,1.3228900153213696,0.32368465974173866
311,1574622000,412,328,-84,740,47,-0.25851448549774425,0.7336959859649481
311,1574636400,294,144,-150,438,47,-0.7103443428746339,-0.2896380679144671
311,1574650800,121,41,-80,162,47,-0.23113085777793274,-1.2248705145062504
311,1574665200,35,82,47,117,47,0.6382993223260823,-1.3773540655809977
311,1574679600,249,394,145,643,47,1.309198201461464,0.40500922031493725
311,1574694000,274,275,1,549,47,0.3233876035482501,0.08648802473657623
311,1574708400,627,403,-224,1030,47,-1.2169414556911466,1.716367759557764
311,1574722800,449,190,-259,639,47,-1.4565481982394972,0.3914551268860708
311,1574737200,129,39,-90,168,48,-0.5677969700005743,-1.087448433008466
311,1574751600,36,81,45,117,48,0.5828137590570583,-1.2920974001060002
311,1574766000,206,399,193,605,48,1.8442240398017224,0.6661123242782485
311,1574780400,277,337,60,614,48,0.7106593956190176,0.7022268478836957
311,1574794800,567,429,-138,996,48,-0.9769030069988437,2.2350877386926773
311,1574809200,414,173,-241,587,48,-1.85477637805763,0.5938832770673541
311,1574823600,171,42,-129,213,48,-0.9001956250616682,-0.9068758149812299
311,1574838000,39,76,37,115,48,0.5146294195573469,-1.3001228497960995
311,1574852400,215,380,165,595,48,1.6055788515527318,0.6259850758277516
311,1574866800,313,346,33,659,48,0.480537249807491,0.8827994659109317
311,1574881200,533,431,-102,964,48,-0.6700734792501417,2.106680543651087
311,1574895600,325,159,-166,484,48,-1.2155481952478342,0.18057261802723604
311,1574910000,177,50,-127,227,48,-0.8831495401867403,-0.8506976671505342
311,1574924400,36,54,18,90,48,0.35269161324553183,-1.4004409709223418
311,1574938800,102,230,128,332,48,1.290226281366566,-0.4293615584203168
311,1574953200,211,245,34,456,48,0.48906029224495495,0.06821632236584473
311,1574967600,255,248,-7,503,48,0.1396155523089332,0.25681439008318013
311,1574982000,149,141,-8,290,48,0.13109250987146925,-0.5978960019124038
311,1574996400,65,51,-14,116,48,0.07995425524668558,-1.2961101249510498
311,1575010800,22,64,42,86,48,0.5572446317446665,-1.4164918703025404
311,1575025200,139,269,130,408,48,1.3072723662414938,-0.12439447019654039
311,1575039600,260,381,121,641,48,1.2305649843043183,0.8105704187000373
311,1575054000,438,357,-81,795,48,-0.4910895880633988,1.4285300448376896
311,1575068400,341,184,-157,525,48,-1.1388408133106587,0.3450943366742733
311,1575082800,225,56,-169,281,48,-1.241117322560226,-0.634010525517851
311,1575097200,50,51,1,101,48,0.20779989180864478,-1.3563009976267952
311,1575111600,126,281,155,407,48,1.5203484271780925,-0.12840719504159007
311,1575126000,305,392,87,697,48,0.9407815414305442,1.0352830100228199
311,1575140400,468,347,-121,815,48,-0.8320112855619566,1.5087845417386834
311,1575154800,424,206,-218,630,48,-1.6587464019959595,0.7664304454044908
311,1575169200,200,79,-121,279,48,-0.8320112855619566,-0.6420359752079504
311,1575183600,61,42,-19,103,48,0.03733904305936585,-1.3482755479366957
311,1575198000,78,260,182,338,48,1.750470572989619,-0.40528520935001866
311,1575212400,245,308,63,553,48,0.7362285229314094,0.45745063233566463
311,1575226800,339,231,-108,570,48,-0.7212117338749253,0.5256669547015094
311,1575241200,273,133,-140,406,48,-0.9939490918737716,-0.13241991988663976
311,1575255600,145,37,-108,182,48,-0.7212117338749253,-1.0312702851777702
311,1575270000,27,53,26,80,48,0.4208759527452434,-1.4405682193728386
311,1575284400,281,376,95,657,48,1.0089658809302557,0.8747740162208324
311,1575298800,247,266,19,513,48,0.36121465568299577,0.29694163853367705
311,1575313200,466,307,-159,773,48,-1.1558868981855865,1.3402500982465964
311,1575327600,330,137,-193,467,48,-1.4456703410593608,0.11235629566139131
311,1575342000,111,46,-65,157,49,-0.19547145152465392,-1.2018975128919673
311,1575356400,32,74,42,106,49,0.609706094902289,-1.3888457717413314
311,1575370800,253,387,134,640,49,1.3020082843534924,0.5686124679755402
311,1575385200,243,271,28,514,49,0.504355761724932,0.10674029905358176
311,1575399600,597,352,-245,949,49,-1.5499757352335302,1.7012989774746288
311,1575414000,414,203,-211,617,49,-1.2941249260885201,0.4843024688866113
311,1575428400,153,32,-121,185,49,-0.6168727842340821,-1.099259253131532
311,1575442800,37,74,37,111,49,0.5720809759103758,-1.3705175110698251
311,1575457200,253,391,138,644,49,1.332108379547023,0.5832750765127452
311,1575471600,257,341,84,598,49,0.9257570944343602,0.4146550783348874
311,1575486000,561,398,-163,959,49,-0.9329237837661531,1.7379554988176416
311,1575500400,430,172,-258,602,49,-1.6478010446125044,0.42931768687209243
311,1575514800,174,58,-116,232,49,-0.5792476652421689,-0.9269736028193729
311,1575529200,42,72,30,114,49,0.5194058093216973,-1.3595205546669213
311,1575543600,250,391,141,641,49,1.3546834509421708,0.5722781201098415
311,1575558000,240,347,107,587,49,1.098832641797161,0.3743329048575736
311,1575572400,525,423,-102,948,49,-0.47389733206481177,1.6976333253403275
311,1575586800,467,207,-260,674,49,-1.6628510922092699,0.693244640541783
311,1575601200,196,51,-145,247,49,-0.7974733553952655,-0.8719888208048541
311,1575615600,36,78,42,114,49,0.609706094902289,-1.3595205546669213
311,1575630000,258,387,129,645,49,1.2643831653615791,0.5869407286470465
311,1575644400,273,295,22,568,49,0.4592056189346362,0.30468551430584967
311,1575658800,610,528,-82,1138,49,-0.3233968560971589,2.3941072308575664
311,1575673200,486,268,-218,754,49,-1.3468000926771986,0.9864968112858836
311,1575687600,271,87,-184,358,49,-1.0909492835321888,-0.46510143389741443
311,1575702000,47,64,17,111,49,0.42158049994272295,-1.3705175110698251
311,1575716400,93,271,178,364,49,1.6331093314823288,-0.4431075210916069
311,1575730800,232,369,137,601,49,1.3245833557486404,0.4256520347377912
311,1575745200,409,309,-100,718,49,-0.4588472844680465,0.8545333344510383
311,1575759600,318,199,-119,517,49,-0.6018227366373168,0.11773725545648553
311,1575774000,255,64,-191,319,49,-1.1436244501208672,-0.6080618671351635
311,1575788400,53,53,0,106,49,0.293655095370218,-1.3888457717413314
311,1575802800,68,248,180,316,49,1.648159379079094,-0.6190588235380673
311,1575817200,201,295,94,496,49,1.0010073324181865,0.040758560636159125
311,1575831600,376,256,-120,632,49,-0.6093477604356995,0.5392872509011302
311,1575846000,295,105,-190,400,49,-1.1360994263224846,-0.3111440442567616
311,1575860400,109,43,-66,152,49,-0.20299647532303658,-1.2202257735634736
311,1575874800,28,80,52,108,49,0.6849563328861155,-1.3815144674727289
311,1575889200,251,309,58,560,49,0.7301064756764113,0.2753602972314396
311,1575903600,192,235,43,427,49,0.6172311187006717,-0.21217143663062765
311,1575918000,519,372,-147,891,49,-0.8125234029920309,1.488691153685156
311,1575932400,387,158,-229,545,49,-1.4295753544594079,0.22037551521692075
311,1575946800,102,46,-56,148,50,0.021682397611901202,-1.045129354506899
311,1575961200,35,72,37,107,50,0.6309733693535277,-1.1777439553808862
311,1575975600,235,356,121,591,50,1.181300698668545,0.3877552354242309
311,1575990000,9,4,-5,13,50,0.3558097046960189,-1.4817871866529544
311,1576004400,535,370,-165,905,50,-0.6924328273325857,1.4033890079713522
311,1576018800,420,200,-220,620,50,-1.0527661977174188,0.4815558067741243
311,1576033200,338,156,-182,494,50,-0.803808596360625,0.07400849677113928
311,1576047600,46,70,24,116,50,0.5458036636262036,-1.1486334332378159
311,1576062000,265,335,70,600,50,0.8471733915844273,0.41686575756730126
311,1576076400,2,1,-1,3,50,0.38201576799673403,-1.5141322112563658
311,1576090800,496,373,-123,869,50,-0.417269162675077,1.2869469193990708
311,1576105200,422,172,-250,594,50,-1.249311672472782,0.3974587428052544
311,1576119600,177,36,-141,213,50,-0.535196447528295,-0.8348866945847241
311,1576134000,34,79,45,113,50,0.6833854959549579,-1.1583369406188393
311,1576148400,218,379,161,597,50,1.4433613316756961,0.40716225018627783
311,1576162800,2,1,-1,3,50,0.38201576799673403,-1.5141322112563658
311,1576177200,540,544,4,1084,50,0.4147733471226279,1.9823649483724184
311,1576191600,515,235,-280,750,50,-1.4458571472281454,0.9020411266184739
311,1576206000,234,50,-184,284,50,-0.8169116280109825,-0.6052370199005024
311,1576220400,29,83,54,112,50,0.7423491383815669,-1.1615714430791804
311,1576234800,205,363,158,568,50,1.4237067842001598,0.31336167883638444
311,1576249200,16,1,-15,17,50,0.29029454644423114,-1.4688491768115897
311,1576263600,595,521,-74,1116,50,-0.09624488724131681,2.0858690271033353
311,1576278000,448,311,-137,759,50,-0.5089903842275799,0.9311516487615443
311,1576292400,315,65,-250,380,50,-1.249311672472782,-0.2947247837077519
311,1576306800,51,67,16,118,50,0.4933915370247733,-1.1421644283171335
311,1576321200,80,316,236,396,50,1.9347250185641045,-0.24297274434229352
311,1576335600,288,422,134,710,50,1.2664704043958692,0.7726610282048278
311,1576350000,515,316,-199,831,50,-0.9151843653886643,1.1640358259061072
311,1576364400,404,209,-195,613,50,-0.8889783020879491,0.45891428955173624
311,1576378800,591,92,-499,683,50,-2.880639112942298,0.6853294617756168
311,1576393200,135,52,-83,187,50,-0.15520852966792584,-0.918983758553594
311,1576407600,200,213,13,413,50,0.47373698954923693,-0.18798620251649395
311,1576422000,273,393,120,666,50,1.1747491828433663,0.6303429199498173
311,1576436400,417,249,-168,666,50,-0.712087374808122,0.6303429199498173
311,1576450800,319,123,-196,442,50,-0.8955298179131279,-0.09418563116660057
311,1576465200,139,49,-90,188,50,-0.20106914044417729,-0.9157492560932529
311,1576479600,34,78,44,112,50,0.6768339801297791,-1.1615714430791804
311,1576494000,212,406,194,618,50,1.6595613539065959,0.475086801853442
311,1576508400,272,296,24,568,50,0.5458036636262036,0.31336167883638444
311,1576522800,557,412,-145,969,50,-0.5614025108290102,1.610397165433186
311,1576537200,419,132,-287,551,50,-1.4917177580043968,0.2583751370105849
311,1576551600,135,39,-96,174,51,-0.5619206542467888,-1.1049746224744996
311,1576566000,25,66,41,91,51,0.5866731093539299,-1.423395845417883
311,1576580400,255,322,67,577,51,0.8046544075555261,0.44109468892530046
311,1576594800,251,253,2,504,51,0.25970116205153543,0.16103746874618033
311,1576609200,547,428,-119,975,51,-0.7547502641943548,1.9679819989429692
311,1576623600,415,182,-233,597,51,-1.7105144178475076,0.5178226944538266
311,1576638000,136,36,-100,172,51,-0.5954562385854959,-1.1126474230273524
311,1576652400,37,82,45,119,51,0.620208693692637,-1.3159766376779465
311,1576666800,236,389,153,625,51,1.525669470837729,0.625241902193763
311,1576681200,266,351,85,617,51,0.9555645370797081,0.5945506999823525
311,1576695600,575,444,-131,1019,51,-0.8553570172104761,2.1367836111057263
311,1576710000,375,189,-186,564,51,-1.3164713018676988,0.3912214853317585
311,1576724400,152,37,-115,189,51,-0.7212146798556476,-1.0474286183281052
311,1576738800,41,68,27,109,51,0.4692985641684549,-1.3543406404422094
311,1576753200,239,324,85,563,51,0.9555645370797081,0.3873850850553322
311,1576767600,254,311,57,565,51,0.7208154467087583,0.39505788560818483
311,1576782000,544,420,-124,964,51,-0.7966697446177387,1.9257815959022797
311,1576796400,423,194,-229,617,51,-1.6769788335088003,0.5945506999823525
311,1576810800,191,42,-149,233,51,-1.006267146734658,-0.8786270061653478
311,1576825200,47,78,31,125,51,0.502834148507162,-1.2929582360193885
311,1576839600,189,324,135,513,51,1.374759341313547,0.19556507123401703
311,1576854000,266,338,72,604,51,0.84657388797891,0.5446774963888107
311,1576868400,536,432,-104,968,51,-0.6289918229242031,1.941127197007985
311,1576882800,369,215,-154,584,51,-1.048186627158042,0.4679494908602846
311,1576897200,211,78,-133,289,51,-0.8721248093798296,-0.6637885906854749
311,1576911600,63,79,16,142,51,0.37707570723701034,-1.2277394313201415
311,1576926000,82,313,231,395,51,2.179613365442518,-0.25713016138428674
311,1576940400,239,356,117,595,51,1.2238492117893651,0.5101498939009739
311,1576954800,406,262,-144,668,51,-0.9643476663112742,0.790207114080094
311,1576969200,316,154,-162,470,51,-1.1152577958354561,0.030599859347686012
311,1576983600,180,60,-120,240,51,-0.7631341602790315,-0.8517722042303637
311,1576998000,60,49,-11,109,51,0.1507105129507373,-1.3543406404422094
311,1577012400,80,243,163,323,51,1.6095084316844968,-0.5333509812869806
311,1577026800,184,308,124,492,51,1.2825364843821025,0.11500066542906467
311,1577041200,370,250,-120,620,51,-0.7631341602790315,0.6060599008116315
311,1577055600,257,120,-137,377,51,-0.9056603937185367,-0.3261853663599602
311,1577070000,126,32,-94,158,51,-0.5451528620774353,-1.1663570268973207
311,1577084400,28,65,37,93,51,0.5531375250152227,-1.4157230448650302
311,1577098800,161,296,135,457,51,1.374759341313547,-0.01927334424585593
311,1577113200,285,342,57,627,51,0.7208154467087583,0.6329147027466157
311,1577127600,467,354,-113,821,51,-0.704446887686294,1.3771763563733184
311,1577142000,292,169,-123,461,51,-0.7882858485330618,-0.003927743140150718
311,1577156400,128,31,-97,159,52,-1.0038303661687376,-0.9679941930854136
311,1577170800,24,69,45,93,52,0.49007962854875486,-1.242582803731419
311,1577185200,160,301,141,461,52,1.500046948921144,0.28845672229479363
311,1577199600,276,323,47,599,52,0.5111206143898462,0.8625965445546234
311,1577214000,415,284,-131,699,52,-1.3615271254672918,1.2786398940182682
311,1577228400,196,152,-44,348,52,-0.4462442413798143,-0.18167226259912495
311,1577242800,124,38,-86,162,52,-0.8881049440427347,-0.9555128926015042
311,1577257200,22,57,35,79,52,0.38487469934329765,-1.3008288726563293
311,1577271600,70,165,95,235,52,1.016104274576041,-0.6518012474930436
311,1577286000,184,304,120,488,52,1.2791165975896839,0.4007884266499777
311,1577300400,221,247,26,468,52,0.29019026305838613,0.31757975675724875
311,1577314800,148,116,-32,264,52,-0.3199983263332657,-0.5311486761485865
311,1577329200,72,41,-31,113,52,-0.30947783341271995,-1.15937413383869
311,1577343600,14,69,55,83,52,0.5952845577542121,-1.2841871386777837
311,1577358000,167,251,84,418,52,0.9003788524500379,0.10955808202542637
311,1577372400,268,324,56,592,52,0.6058050506747578,0.8334735100921683
311,1577386800,458,327,-131,785,52,-1.3615271254672918,1.6364371745570025
311,1577401200,296,136,-160,432,52,-1.6666214201631178,0.16780415095033663
311,1577415600,151,48,-103,199,52,-1.066953323692012,-0.8015768532999556
311,1577430000,30,68,38,98,52,0.41643617810493483,-1.2217806362582369
311,1577444400,151,277,126,428,52,1.3422395551129582,0.15116241697179084
311,1577458800,301,437,136,738,52,1.4474444843184155,1.4408968003090896
311,1577473200,487,400,-87,887,52,-0.8986254369632803,2.06080139100992
311,1577487600,356,216,-140,572,52,-1.4562115617522033,0.7502648401994393
