remote_unit_id,time_stamp,entries,exits,num_people_exited,sum_exit_entry,week_num,z_score_num_people_exited,z_score_sum_exit_entry
344,1546311600,40,10,-30,50,1,0.5923359296968171,-0.563343490427572
344,1546326000,29,5,-24,34,1,0.6377615700752706,-0.6774383745648018
344,1546340400,78,4,-74,82,1,0.25921456692149214,-0.3351537221531125
344,1546354800,125,11,-114,136,1,-0.043623035601530635,0.04991651181003803
344,1546369200,163,15,-148,178,1,-0.3010349977461,0.34941558267026623
344,1546383600,78,13,-65,91,1,0.3273530274891722,-0.27097534982592075
344,1546398000,20,5,-15,25,1,0.7059000306429507,-0.7416167468919936
344,1546412400,107,4,-103,111,1,0.03965730509230062,-0.12835674465438351
344,1546426800,436,16,-420,452,1,-2.360330694902655,2.303290473520326
344,1546441200,206,17,-189,223,1,-0.6114435403321983,0.670307444306225
344,1546455600,243,19,-224,262,1,-0.8764264425398433,0.9484137243907226
344,1546470000,107,12,-95,119,1,0.10022482559690517,-0.07130930258576862
344,1546484400,18,4,-14,22,1,0.7134709707060263,-0.7630095376677242
344,1546498800,117,3,-114,120,1,-0.043623035601530635,-0.06417837232719176
344,1546513200,473,13,-460,486,1,-2.6631682974256776,2.5457421023119395
344,1546527600,223,14,-209,237,1,-0.7628623415937097,0.7701404679263011
344,1546542000,245,27,-218,272,1,-0.8310008021613898,1.0197230269764912
344,1546556400,106,12,-94,118,1,0.10779576565998074,-0.07844023284434548
344,1546570800,12,7,-5,19,1,0.7816094312737064,-0.7844023284434548
344,1546585200,104,1,-103,105,1,0.03965730509230062,-0.17114232620584469
344,1546599600,445,17,-428,462,1,-2.4208982154072594,2.374599776106095
344,1546614000,210,20,-190,230,1,-0.6190144803952738,0.720223956116263
344,1546628400,234,29,-205,263,1,-0.7325785813414074,0.9555446546492995
344,1546642800,136,13,-123,149,1,-0.11176149616921076,0.14261860517153724
344,1546657200,2,9,7,11,1,0.8724607120306132,-0.8414497705120697
344,1546671600,0,5,5,5,1,0.8573188319044621,-0.8842353520635309
344,1546686000,1,8,7,9,1,0.8724607120306132,-0.8557116310292234
344,1546700400,0,15,15,15,1,0.9330282325352177,-0.8129260494777623
344,1546714800,0,2,2,2,1,0.8346060117152354,-0.9056281428392614
344,1546729200,0,1,1,1,1,0.8270350716521598,-0.9127590730978383
344,1546743600,0,7,7,7,1,0.8724607120306132,-0.8699734915463772
344,1546758000,0,1,1,1,1,0.8270350716521598,-0.9127590730978383
344,1546772400,1,15,14,16,1,0.9254572924721421,-0.8057951192191853
344,1546786800,0,10,10,10,1,0.8951735322198399,-0.8485807007706465
344,1546801200,0,9,9,9,1,0.8876025921567643,-0.8557116310292234
344,1546815600,0,2,2,2,1,0.8346060117152354,-0.9056281428392614
344,1546830000,0,1,1,1,1,0.8270350716521598,-0.9127590730978383
344,1546844400,91,2,-89,93,1,0.14565046597535858,-0.25671348930876703
344,1546858800,474,14,-460,488,1,-2.6631682974256776,2.5600039628290934
344,1546873200,179,23,-156,202,1,-0.36160251825070455,0.5205579088761109
344,1546887600,201,14,-187,215,1,-0.5963016602060471,0.6132600022376101
344,1546902000,78,7,-71,85,1,0.28192738711071885,-0.3137609313773819
344,1546916400,11,3,-8,14,2,1.0296073402151606,-1.0697200265594138
344,1546930800,109,3,-106,112,2,0.3386137298571627,-0.4194515832986625
344,1546945200,530,16,-514,546,2,-2.538175994898584,2.4603086654275215
344,1546959600,178,15,-163,193,2,-0.06329071698371365,0.11801519123318294
344,1546974000,232,13,-219,245,2,-0.4581442086168553,0.46305558969807137
344,1546988400,78,11,-67,89,2,0.6136009829588149,-0.5720656056965939
344,1547002800,9,4,-5,13,2,1.0507602058383647,-1.0763554188375848
344,1547017200,102,4,-98,106,2,0.39502137151904004,-0.4592639369676881
344,1547031600,523,22,-501,545,2,-2.446513577198033,2.453673273149351
344,1547046000,213,15,-198,228,2,-0.31007414925442717,0.3502539209691655
344,1547060400,216,16,-200,232,2,-0.32417605966989654,0.37679549008184926
344,1547074800,94,11,-83,105,2,0.5007856996350601,-0.46589932924585903
344,1547089200,18,7,-11,25,2,1.0084544745919566,-0.9967307114995335
344,1547103600,105,2,-103,107,2,0.3597665954803667,-0.45262854468951713
344,1547118000,502,13,-489,515,2,-2.361902114705217,2.254611504804223
344,1547132400,204,13,-191,217,2,-0.26071746280028446,0.2772646059092853
344,1547146800,241,31,-210,272,2,-0.39468561174724326,0.6422111812086865
344,1547161200,83,8,-75,91,2,0.5571933412969375,-0.558794821140252
344,1547175600,13,4,-9,17,2,1.022556385007426,-1.049813849724901
344,1547190000,98,3,-95,101,2,0.4161742371422441,-0.4924408983585427
344,1547204400,496,12,-484,508,2,-2.3266473386665436,2.2081637588570264
344,1547218800,241,12,-229,253,2,-0.528653760694202,0.5161387279234388
344,1547233200,286,26,-260,312,2,-0.7472333721339769,0.9076268723355237
344,1547247600,108,10,-98,118,2,0.39502137151904004,-0.3796392296296369
344,1547262000,21,5,-16,26,2,0.9731996985532833,-0.9900953192213626
344,1547276400,40,5,-35,45,2,0.8392315496063244,-0.8640228659361149
344,1547290800,165,7,-158,172,2,-0.028035940945040284,-0.02132804660840662
344,1547305200,182,13,-169,195,2,-0.10559644823012168,0.1312859757895248
344,1547319600,197,12,-185,209,2,-0.21841173155387644,0.22418146768391783
344,1547334000,94,9,-85,103,2,0.4866837892195908,-0.47917011380220087
344,1547348400,10,9,-1,19,2,1.0789640266693032,-1.0365430651685592
344,1547362800,32,2,-30,34,2,0.8744863256449978,-0.9370121809959951
344,1547377200,124,7,-117,131,2,0.2610532225720813,-0.2933791300134148
344,1547391600,133,10,-123,143,2,0.21874749132567325,-0.21375442267536363
344,1547406000,109,11,-98,120,2,0.39502137151904004,-0.366368445073295
344,1547420400,58,5,-53,63,2,0.7123143558671003,-0.7445858049290381
344,1547434800,18,4,-14,22,2,0.9873016089687525,-1.0166368883340462
344,1547449200,94,3,-91,97,2,0.44437805797318275,-0.5189824674712264
344,1547463600,481,21,-460,502,2,-2.1574244136809115,2.168351405188001
344,1547478000,182,24,-158,206,2,-0.028035940945040284,0.20427529084940504
344,1547492400,230,18,-212,248,2,-0.4087875221627126,0.48296176653258416
344,1547506800,54,6,-48,60,2,0.7475691319057737,-0.7644919817635509
344,1547521200,0,1,1,1,3,1.0731108388942767,-1.12136210718438
344,1547535600,98,2,-96,100,3,0.32947185987483746,-0.42011024349470455
344,1547550000,490,12,-478,502,3,-2.599085768840892,2.4273973242148874
344,1547564400,200,17,-183,217,3,-0.33750330687455643,0.40864195904763934
344,1547578800,208,27,-181,235,3,-0.3221705444205474,0.5361422979003077
344,1547593200,72,8,-64,80,3,0.5747960591389824,-0.561777286664336
344,1547607600,1,1,0,2,3,1.0654444576672721,-1.1142787550258986
344,1547622000,111,4,-107,115,3,0.24514166637778767,-0.313859961117481
344,1547636400,502,17,-485,519,3,-2.6527504374299236,2.547814310909074
344,1547650800,226,17,-209,243,3,-0.5368292187766741,0.5928091151681602
344,1547665200,244,33,-211,277,3,-0.5521619812306832,0.8336430885565336
344,1547679600,54,9,-45,63,3,0.7204573024520684,-0.6821942733585227
344,1547694000,0,0,0,0,3,1.0654444576672721,-1.1284454593428617
344,1547708400,110,2,-108,112,3,0.23747528515078314,-0.3351100175929257
344,1547722800,509,17,-492,526,3,-2.7064151060189556,2.597397776018445
344,1547737200,205,20,-185,225,3,-0.3528360693285655,0.4653087763154919
344,1547751600,243,23,-220,266,3,-0.621159412273724,0.7557262148132363
344,1547766000,83,10,-73,93,3,0.5057986280959416,-0.46969370860407555
344,1547780400,2,6,4,8,3,1.0961099825752902,-1.071778642075009
344,1547794800,106,1,-105,107,3,0.2604744288317967,-0.37052677838533354
344,1547809200,454,22,-432,476,3,-2.246432232398684,2.2432301680943665
344,1547823600,219,16,-203,235,3,-0.49083093141464695,0.5361422979003077
344,1547838000,273,20,-253,293,3,-0.8741499927648734,0.9469767230922388
344,1547852400,131,12,-119,143,3,0.15314509165373336,-0.11552610067999697
344,1547866800,4,4,0,8,3,1.0654444576672721,-1.071778642075009
344,1547881200,34,3,-31,37,3,0.8277866396301318,-0.8663614294790435
344,1547895600,160,6,-154,166,3,-0.11517825129142513,0.04739099896507918
344,1547910000,234,10,-224,244,3,-0.6518249371817421,0.5998924673266418
344,1547924400,159,14,-145,173,3,-0.04618082024838437,0.09697446407445018
344,1547938800,99,7,-92,106,3,0.36013738478285556,-0.3776101305438151
344,1547953200,2,2,0,4,3,1.0654444576672721,-1.1001120507089355
344,1547967600,1,1,0,2,3,1.0654444576672721,-1.1142787550258986
344,1547982000,78,3,-75,81,3,0.49046586564193256,-0.5546939345058544
344,1547996400,132,11,-121,143,3,0.13781232919972428,-0.11552610067999697
344,1548010800,112,17,-95,129,3,0.337138241101842,-0.21469303089873895
344,1548025200,56,5,-51,61,3,0.6744590150900412,-0.6963609776754858
344,1548039600,3,1,-2,4,3,1.050111695213263,-1.1001120507089355
344,1548054000,53,2,-51,55,3,0.6744590150900412,-0.7388610906263753
344,1548068400,185,8,-177,193,3,-0.2915050195125293,0.23864150724408162
344,1548082800,156,17,-139,173,3,-0.00018253288635720915,0.09697446407445018
344,1548097200,180,13,-167,193,3,-0.21484120724248398,0.23864150724408162
344,1548111600,75,6,-69,81,3,0.5364641530039598,-0.5546939345058544
344,1548126000,13,1,-12,14,4,1.0558532941992163,-1.1280329460707803
344,1548140400,120,3,-117,123,4,0.30763133016174693,-0.3880976406267296
344,1548154800,462,11,-451,473,4,-2.0724271078241085,1.987841413551415
344,1548169200,189,13,-176,202,4,-0.11279815439264067,0.1481857458877659
344,1548183600,229,16,-213,245,4,-0.37645732267251086,0.4400868296867951
344,1548198000,93,5,-88,98,4,0.514283110705429,-0.5578075730680256
344,1548212400,7,3,-4,10,4,1.1128606819354045,-1.1551865352613877
344,1548226800,116,2,-114,118,4,0.32900910056281746,-0.42203962711498877
344,1548241200,467,9,-458,476,4,-2.122308572093273,2.0082066054443706
344,1548255600,216,10,-206,226,4,-0.32657585840334624,0.31110728103141005
344,1548270000,237,13,-224,250,4,-0.4548424808097695,0.47402881617505427
344,1548284400,95,12,-83,107,4,0.5499127280405466,-0.496711997389159
344,1548298800,8,4,-4,12,4,1.1128606819354045,-1.141609740666084
344,1548313200,121,3,-118,124,4,0.3005054066947234,-0.38130924332907773
344,1548327600,487,13,-474,500,4,-2.236323347565649,2.171128140588015
344,1548342000,182,18,-164,200,4,-0.027287072788358444,0.1346089512924622
344,1548356400,233,22,-211,255,4,-0.3622054757384638,0.5079708026633135
344,1548370800,104,7,-97,111,4,0.4501497995022173,-0.46955840819855166
344,1548385200,16,2,-14,18,4,1.0416014472651693,-1.100879356880173
344,1548399600,103,4,-99,107,4,0.43589795256817027,-0.496711997389159
344,1548414000,469,10,-459,479,4,-2.1294344955602966,2.0285717973373263
344,1548442800,481,38,-443,519,4,-2.0154197200879205,2.3001076892434
344,1548457200,141,4,-137,145,4,0.16511286082127655,-0.23875290007838906
344,1548471600,30,18,-12,48,4,1.0558532941992163,-0.8972274379506177
344,1548486000,45,9,-36,54,4,0.8848311309906519,-0.8564970541647066
344,1548500400,190,10,-180,200,4,-0.14130184826073475,0.1346089512924622
344,1548514800,200,14,-186,214,4,-0.18405738906287586,0.22964651345958798
344,1548529200,210,15,-195,225,4,-0.24819070026608753,0.30431888373375826
344,1548543600,103,13,-90,116,4,0.500031263771382,-0.43561642171029247
344,1548558000,24,7,-17,31,4,1.0202236768640986,-1.012630192010699
344,1548572400,25,1,-24,26,4,0.9703422125949341,-1.0465721784989581
344,1548586800,118,6,-112,124,4,0.34326094749686453,-0.38130924332907773
344,1548601200,169,9,-160,178,4,0.0012166210797356289,-0.014735789255878297
344,1548615600,129,11,-118,140,4,0.3005054066947234,-0.27269488656664825
344,1548630000,59,8,-51,67,4,0.7779422789852991,-0.7682478892952327
344,1548644400,16,9,-7,25,4,1.0914829115343339,-1.05336057579661
344,1548658800,112,4,-108,116,4,0.37176464136495857,-0.43561642171029247
344,1548673200,482,11,-471,493,4,-2.214945577164579,2.123609359504452
344,1548687600,194,15,-179,209,4,-0.1341759247937112,0.19570452697132878
344,1548702000,223,17,-206,240,4,-0.32657585840334624,0.40614484319853583
344,1548716400,59,10,-49,69,4,0.7921941259193461,-0.754671094699929
344,1548730800,0,0,0,0,5,1.0884362000198373,-1.1754819934125367
344,1548745200,110,3,-107,113,5,0.32445527610049774,-0.41423089305381144
344,1548759600,559,11,-548,570,5,-2.824288531828743,2.664457185388113
344,1548774000,221,15,-206,236,5,-0.3824055787407604,0.4143875613189603
344,1548788400,231,30,-201,261,5,-0.3467055355669595,0.5828059463540766
344,1548802800,70,11,-59,81,5,0.6671756905689865,-0.6298064258987602
344,1548817200,0,3,3,3,5,1.1098562259241178,-1.1552717872083227
344,1548831600,115,3,-112,118,5,0.2887552329266968,-0.3805472160467882
344,1548843055,465,6,-459,471,5,-2.188827763335087,1.9975203806490527
344,1548846000,46,2,-44,48,5,0.7742758200903893,-0.8521186941451135
344,1548860400,182,23,-159,205,5,-0.0468251729070318,0.20554876387541623
344,1548874800,239,19,-220,258,5,-0.482365699627403,0.5625957401498626
344,1548889200,66,10,-56,76,5,0.6885957164732671,-0.6634901029057835
344,1548903600,0,1,1,1,5,1.0955762086545975,-1.1687452580111322
344,1548918000,96,1,-95,97,5,0.41013537971761993,-0.5220186594762858
344,1548932400,449,10,-439,459,5,-2.0460275906398833,1.916679555832197
344,1548946800,186,15,-171,201,5,-0.132505276524154,0.17860182226979765
344,1548961200,250,22,-228,272,5,-0.5394857687054845,0.6569100357695277
344,1548975600,74,8,-66,82,5,0.6171956301256653,-0.6230696904973555
344,1548990000,0,0,0,0,5,1.0884362000198373,-1.1754819934125367
344,1549004400,105,4,-101,109,5,0.36729532790905883,-0.44117783465943
344,1549018800,488,20,-468,508,5,-2.2530878410479285,2.2467795905010246
344,1549033200,244,20,-224,264,5,-0.5109257341664437,0.6030161525582906
344,1549047600,280,20,-260,300,5,-0.7679660450178103,0.8455386270088578
344,1549062000,118,13,-105,131,5,0.3387352933700181,-0.29296965582852774
344,1549076400,18,4,-14,22,5,0.9884760791331948,-1.0272738145816345
344,1549090800,38,15,-23,53,5,0.9242160014203531,-0.8184350171380903
344,1549105200,157,9,-148,166,5,0.031714922075330214,-0.05718391677936506
344,1549119600,215,12,-203,227,5,-0.3609855528364799,0.3537569427063185
344,1549134000,174,14,-160,188,5,-0.05396518154179199,0.09102426205153721
344,1549148400,109,12,-97,121,5,0.39585536244809955,-0.3603370098425742
344,1549162800,16,5,-11,21,5,1.0098961050374753,-1.0340105499830392
344,1549177200,22,1,-21,23,5,0.9384960186898735,-1.0205370791802297
344,1549191600,108,4,-104,112,5,0.3458753020047783,-0.42096762845521607
344,1549206000,164,15,-149,179,5,0.02457491344057003,0.030393643438895373
344,1549220400,140,8,-132,148,5,0.14595506023149316,-0.17844515400464872
344,1549234800,66,12,-54,78,5,0.7028757337427874,-0.6500166321029741
344,1549249200,18,7,-11,25,5,1.0098961050374753,-1.0070636083774205
344,1549263600,104,2,-102,106,5,0.36015531927429867,-0.461388040863644
344,1549278000,499,19,-480,518,5,-2.3387679446650504,2.314146944515071
344,1549292400,219,18,-201,237,5,-0.3467055355669595,0.421124296720365
344,1549306800,272,35,-237,307,5,-0.6037458464183261,0.8926957748186904
344,1549321200,96,12,-84,108,5,0.48867547469998196,-0.4479145700608347
344,1549335600,7,8,1,15,6,1.1855135343699361,-1.153619758659258
344,1549350000,102,2,-100,104,6,0.4738027485226011,-0.5659622691705273
344,1549364400,467,14,-453,481,6,-2.0136616812210546,1.923328444731175
344,1549378800,189,16,-173,205,6,-0.04060207689180928,0.1009299380020773
344,1549393200,242,12,-230,254,6,-0.44226063920169134,0.42447170187789535
344,1549407600,96,13,-83,109,6,0.5935956530711625,-0.5329478034689131
344,1549422000,4,4,0,8,6,1.178466892925903,-1.1998400106415177
344,1549436400,105,2,-103,107,6,0.452662824190502,-0.5461535897495587
344,1549450800,526,25,-501,551,6,-2.3519004705346394,2.385530964553772
344,1549465200,229,16,-213,245,6,-0.32246773465313006,0.36504566361498997
344,1549479600,237,20,-217,257,6,-0.3506543004292621,0.44428038129886377
344,1549494000,112,9,-103,121,6,0.452662824190502,-0.4537130857850393
344,1549508400,7,1,-6,8,6,1.1361870442617048,-1.1998400106415177
344,1549522800,105,6,-99,111,6,0.4808493899666341,-0.5197420171882675
344,1549537200,519,15,-504,534,6,-2.3730403948667385,2.273281781168284
344,1549551600,226,19,-207,245,6,-0.2801878859889319,0.36504566361498997
344,1549566000,275,18,-257,293,6,-0.6325199581905828,0.6819845343504852
344,1549580400,114,7,-107,121,6,0.42447625841437,-0.4537130857850393
344,1549594800,5,6,1,11,6,1.1855135343699361,-1.1800313312205493
344,1549609200,126,3,-123,129,6,0.3117299953098417,-0.4008899406624568
344,1549623600,534,17,-517,551,6,-2.4646467336391678,2.385530964553772
344,1549638000,214,14,-200,228,6,-0.2308613958807008,0.2527964802295021
344,1549652400,305,34,-271,339,6,-0.7311729384070451,0.9857176188053348
344,1549666800,134,13,-121,147,6,0.3258232781979077,-0.2820378641366461
344,1549681200,20,7,-13,27,6,1.0868605541534737,-1.0743850409753841
344,1549695600,51,2,-49,53,6,0.833181462168285,-0.9027098193269909
344,1549710000,189,11,-178,200,6,-0.07583528411197438,0.06791547230046321
344,1549724400,232,13,-219,245,6,-0.36474758331732815,0.36504566361498997
344,1549738800,221,17,-204,238,6,-0.25904796165683286,0.31882541163273026
344,1549753200,119,9,-110,128,6,0.40333633408227093,-0.4074928338027796
344,1549767600,20,4,-16,24,6,1.0657206298213746,-1.0941937203963525
344,1549782000,25,3,-22,28,6,1.0234407811571766,-1.0677821478350613
344,1549796400,114,7,-107,121,6,0.42447625841437,-0.4537130857850393
344,1549810800,179,15,-164,194,6,0.02281769610448789,0.028298113458526307
344,1549825200,161,9,-152,170,6,0.10737739343288412,-0.13017132190922132
344,1549839600,79,7,-72,86,6,0.6711087089555257,-0.6848143456963379
344,1549854000,14,3,-11,17,6,1.1009538370415397,-1.1404139723786124
344,1549868400,106,4,-102,110,6,0.4597094656345351,-0.5263449103285903
344,1549882800,496,11,-485,507,6,-2.2391542074301114,2.095003666379568
344,1549897200,239,27,-212,266,6,-0.315421093209097,0.5037064195617691
344,1549911600,251,18,-233,269,6,-0.46340056353379044,0.5235150989827376
344,1549926000,100,11,-89,111,6,0.5513158044069643,-0.5197420171882675
344,1549940400,8,5,-3,13,7,1.095514702472152,-1.1248787353047989
344,1549954800,115,3,-112,118,7,0.26213711724159167,-0.3725713008652837
344,1549969200,462,19,-443,481,7,-2.268578302128275,2.2282629724827547
344,1549983600,177,17,-160,194,7,-0.10485484689663675,0.17195598501474632
344,1549998000,192,11,-181,203,7,-0.2654138312071117,0.2364394793952762
344,1550012400,80,11,-69,91,7,0.590900751782088,-0.5660217840068733
344,1550026800,9,4,-5,13,7,1.0802233706330593,-1.1248787353047989
344,1550041200,96,3,-93,99,7,0.4074047697129738,-0.5087031223352912
344,1550055600,529,20,-509,549,7,-2.7731922528183395,2.7154715966912026
344,1550070000,220,23,-197,243,7,-0.3877444859198545,0.5230327877531867
344,1550084400,232,32,-200,264,7,-0.4106814836784938,0.6734942746410898
344,1550098800,109,14,-95,123,7,0.3921134378738809,-0.3367471373205449
344,1550113200,8,3,-5,11,7,1.0802233706330593,-1.1392084007226944
344,1550127600,106,6,-100,112,7,0.3538851082761488,-0.4155602971189703
344,1550142000,553,13,-540,566,7,-3.0102078963242787,2.8372737527433145
344,1550156400,222,20,-202,242,7,-0.42597281551758664,0.515867955044239
344,1550170800,282,16,-266,298,7,-0.9152954343685579,0.9170985867453137
344,1550185200,122,9,-113,131,7,0.25449145132204526,-0.2794284756489628
344,1550199600,6,4,-2,10,7,1.1031603683916986,-1.146373233431642
344,1550214000,93,1,-92,94,7,0.4150504356325202,-0.5445272858800301
344,1550228400,469,17,-452,486,7,-2.337389295404193,2.2640871360274932
344,1550242800,215,31,-184,246,7,-0.288350828965751,0.5445272858800301
344,1550257200,265,15,-250,280,7,-0.7929647796558151,0.788131597984254
344,1550271600,149,11,-138,160,7,0.06334980333338461,-0.07164832708947763
344,1550286000,19,5,-14,24,7,1.0114123773571415,-1.0460655755063735
344,1550300400,45,2,-43,47,7,0.789688065690295,-0.8812744232005749
344,1550314800,153,9,-144,162,7,0.017475807816106054,-0.05731866167158211
344,1550329200,224,18,-206,242,7,-0.45655547919577233,0.515867955044239
344,1550343600,205,13,-192,218,7,-0.3495161563221224,0.34391197002949264
344,1550358000,113,10,-103,123,7,0.3309481105175095,-0.3367471373205449
344,1550372400,30,6,-24,36,7,0.9349557181616771,-0.9600875829990003
344,1550386800,28,2,-26,30,7,0.9196643863225843,-1.003076579252687
344,1550401200,124,6,-118,130,7,0.2162631217243131,-0.2865933083579105
344,1550415600,170,16,-154,186,7,-0.058980851379358205,0.11463732334316422
344,1550430000,128,11,-117,139,7,0.22390878764385955,-0.22210981397738067
344,1550444400,68,13,-55,81,7,0.6979400746557379,-0.637670111096351
344,1550458800,17,3,-14,20,7,1.0114123773571415,-1.0747249063421647
344,1550473200,52,2,-50,54,7,0.7361684042534701,-0.8311205942379406
344,1550487600,188,3,-185,191,7,-0.2959964948852974,0.15046148688790303
344,1550502000,121,29,-92,150,7,0.4150504356325202,-0.14329665417895526
344,1550516400,164,29,-135,193,7,0.08628680109202388,0.16479115230579858
344,1550530800,74,13,-61,87,7,0.6520660791384594,-0.5946811148426644
344,1550545200,13,7,-6,20,8,1.1459625714767139,-1.1596572840982058
344,1550559600,92,4,-88,96,8,0.5673361499182746,-0.651270380594147
344,1550574000,429,16,-413,445,8,-1.7260002769901737,1.683295794707386
344,1550588400,212,16,-196,228,8,-0.1947571857928405,0.23171739917606038
344,1550602800,238,21,-217,259,8,-0.3429420010700018,0.4390857413948212
344,1550617200,108,8,-100,116,8,0.48265911261703964,-0.5174843533562368
344,1550631600,13,6,-7,19,8,1.138906151701611,-1.1663465854601012
344,1550646000,95,3,-92,98,8,0.539110470817863,-0.6378917778703559
344,1550660400,485,11,-474,496,8,-2.156441883271452,2.024450164164057
344,1550674800,197,44,-153,241,8,0.10866886453658497,0.31867831688070203
344,1550689200,171,12,-159,183,8,0.06633034588596746,-0.06930116210923758
344,1550703600,84,11,-73,95,8,0.6731824465448184,-0.6579596819560425
344,1550718000,16,3,-13,19,8,1.0965676330509935,-1.1663465854601012
344,1550732400,81,5,-76,86,8,0.6520131872195096,-0.718163394213102
344,1550746800,507,8,-499,515,8,-2.332852377649025,2.1515468900400716
344,1550761200,247,20,-227,267,8,-0.41350619882103096,0.49260015228998527
344,1550775600,225,21,-204,246,8,-0.2512085439936638,0.35212482369017956
344,1550790000,116,10,-106,126,8,0.4403205939664221,-0.45059133973728166
344,1550804400,21,2,-19,23,8,1.054229114400376,-1.1395893800125192
344,1550818800,88,3,-85,91,8,0.5885054092435834,-0.6847168874036245
344,1550832399,425,16,-409,441,8,-1.697774597889762,1.656538589259804
344,1550833200,18,2,-16,20,8,1.0753983737256847,-1.1596572840982058
344,1550847600,245,28,-217,273,8,-0.3429420010700018,0.5327359604613583
344,1550862000,243,22,-221,265,8,-0.37116768017041346,0.4792215495661942
344,1550876400,153,13,-140,166,8,0.2004023216129229,-0.18301928526146125
344,1551495600,7450,395,-7055,7845,9,-4.1182722182148215,4.118516581000149
344,1551510000,33,1,-32,34,9,0.2829490841549101,-0.2892018562393062
344,1551524400,131,24,-107,155,9,0.23594757515907785,-0.2209220033515871
344,1551538800,128,20,-108,148,9,0.23532088837246676,-0.22487207748558738
344,1551553200,131,16,-115,147,9,0.2309340808661891,-0.22543637379044457
344,1551567600,72,17,-55,89,9,0.26853528806285487,-0.2581655594721612
344,1551582000,15,3,-12,18,9,0.29548281988713204,-0.29823059711702116
344,1551596400,23,2,-21,25,9,0.28984263880763217,-0.2942805229830209
344,1551610800,97,15,-82,112,9,0.2516147448243553,-0.24518674446044597
344,1551625200,123,13,-110,136,9,0.23406751479924456,-0.23164363314387357
344,1551639600,109,9,-100,118,9,0.24033438266535553,-0.24180096663130288
344,1551654000,39,6,-33,45,9,0.282322397368299,-0.2829945968858772
344,1551668400,8,2,-6,10,9,0.2992429406067986,-0.3027449675558786
344,1551682800,83,2,-81,85,9,0.2522414316109664,-0.2604227446915899
344,1551697200,356,12,-344,368,9,0.08742280673224798,-0.10072689041700715
344,1551711600,194,13,-181,207,9,0.18957275294985673,-0.1915785954990136
344,1551726000,189,11,-178,200,9,0.19145281330969,-0.19552866963301388
344,1551740400,89,6,-83,95,9,0.2509880580377442,-0.25477978164301807
344,1551754800,11,4,-7,15,10,1.1451043402039236,-1.1787166902266306
344,1551769200,131,3,-128,134,10,0.3318097615709007,-0.41871157173637946
344,1551783600,568,19,-549,587,10,-2.497917656648129,2.4744171566340727
344,1551798000,273,13,-260,286,10,-0.5554206878469423,0.5520512686881431
344,1551812400,275,19,-256,294,10,-0.5285349166524622,0.603144049763118
344,1551826800,93,13,-80,106,10,0.6544390159046618,-0.5975363054987914
344,1551841200,14,4,-10,18,10,1.1249400118080635,-1.159556897323515
344,1551855600,114,5,-109,119,10,0.4595171747446811,-0.5145105362519573
344,1551870000,544,16,-528,560,10,-2.3567673578771084,2.3019790205060326
344,1551884400,298,11,-287,309,10,-0.736899643409683,0.6989430142786959
344,1551898800,259,15,-244,274,10,-0.44787760306902197,0.47541209707568083
344,1551913200,125,10,-115,135,10,0.419188517952961,-0.4123249741020076
344,1551927600,16,11,-5,27,10,1.1585472258011635,-1.1020775186141683
344,1551942000,120,4,-116,124,10,0.412467075154341,-0.482577548080098
344,1551956400,529,19,-510,548,10,-2.235781387501948,2.22533984889357
344,1551970800,246,22,-224,268,10,-0.3134487470966215,0.43709251126944965
344,1551985200,264,16,-248,280,10,-0.47476337426350207,0.513731682881912
344,1551999600,114,13,-101,127,10,0.5132887171336413,-0.46341775517698247
344,1552014000,12,4,-8,16,10,1.1383828974053034,-1.1723300925922588
344,1552028400,107,2,-105,109,10,0.4864029459391612,-0.5783765125956759
344,1552042800,528,13,-515,541,10,-2.269388601495048,2.180633665452967
344,1552057200,207,10,-197,217,10,-0.1319697915338809,0.11137603191648485
344,1552071600,280,17,-263,297,10,-0.5755850162428024,0.6223038426662335
344,1552086000,126,12,-114,138,10,0.42590996075158105,-0.393165181198892
344,1552100400,21,3,-18,24,10,1.0711684694191033,-1.121237311517284
344,1552114800,48,1,-47,49,10,0.8762466282591226,-0.9615723706579874
344,1552129200,187,7,-180,194,10,-0.017705263957340494,-0.03551571367406791
344,1552143600,233,18,-215,251,10,-0.2529557619090413,0.32852035148512804
344,1552158000,209,21,-188,230,10,-0.07147680634630067,0.194401801163319
344,1552172400,120,14,-106,134,10,0.4796815031405412,-0.41871157173637946
344,1552190400,25,4,-21,29,10,1.0510041410232431,-1.0893043233454247
344,1552204800,43,3,-40,46,10,0.9232967278494627,-0.980732163561103
344,1552219200,133,8,-125,141,10,0.3519740899667608,-0.37400538829577645
344,1552233600,151,13,-138,164,10,0.2645953335847005,-0.22711364270522366
344,1552248000,95,13,-82,108,10,0.6409961303074218,-0.5847631102300478
344,1552262400,57,7,-50,64,10,0.8560822998632626,-0.8657734061424096
344,1552276800,6,2,-4,8,10,1.1652686685997835,-1.2234228736672337
344,1552291200,286,3,-283,289,10,-0.7100138722152028,0.5712110615912587
344,1552305600,434,14,-420,448,10,-1.630851535626146,1.5866800854563843
344,1552320000,227,24,-203,251,10,-0.172298448325601,0.32852035148512804
344,1552334400,198,25,-173,223,10,0.02934483563299967,0.149695617722716
344,1552348800,68,12,-56,80,11,0.90538862790088,-0.8894245072367695
344,1552363200,0,20,20,20,11,1.520151550738491,-1.3586206048370748
344,1552377600,303,7,-296,310,11,-1.035967970533681,0.9091605335644013
344,1552392000,428,15,-413,443,11,-1.9823793122705295,1.9492118832450782
344,1552406400,210,22,-188,232,11,-0.16235750123812856,0.29920560668400425
344,1552420800,220,15,-205,235,11,-0.29987026029390995,0.3226654115640195
344,1552435200,64,10,-54,74,11,0.9215665995545014,-0.9363441169968
344,1552449600,12,7,-5,19,11,1.3179269050682243,-1.36644053979708
344,1552464000,289,7,-282,296,11,-0.9227221689583316,0.7996814441243301
344,1552478400,434,10,-424,444,11,-2.071358156365447,1.9570318182050834
344,1552492800,238,16,-222,254,11,-0.43738301934969137,0.47124417580411626
344,1552507200,230,17,-213,247,11,-0.36458214690839535,0.4165046310840806
344,1552521600,60,10,-50,70,11,0.953922542861744,-0.9676238568368203
344,1552536000,9,6,-3,15,11,1.3341048767218455,-1.3977202796371002
344,1552550400,278,10,-268,288,11,-0.8094763673829822,0.7371219644442893
344,1552564800,413,25,-388,438,11,-1.7801546666002628,1.9101122084450528
344,1552579200,224,43,-181,267,11,-0.10573460045045387,0.5729033302841824
344,1552593600,202,20,-182,222,11,-0.11382358627726454,0.22100625708395336
344,1552608000,75,13,-62,88,11,0.8568547129400159,-0.8268650275567287
344,1552622400,11,7,-4,18,11,1.3260158908950348,-1.374260474757085
344,1552636800,288,6,-282,294,11,-0.9227221689583316,0.7840415742043199
344,1552651200,410,11,-399,421,11,-1.86913351069518,1.7771733141249664
344,1552665600,258,18,-240,276,11,-0.5829847642322834,0.6432827449242282
344,1552680000,221,30,-191,251,11,-0.18662445871856057,0.44778437092410095
344,1552694400,117,13,-104,130,11,0.5171173082139678,-0.49842775923651494
344,1552708800,13,9,-4,22,11,1.3260158908950348,-1.3429807349170646
344,1552723200,78,4,-74,82,11,0.7597868830182879,-0.8737846373167593
344,1552737600,228,13,-215,241,11,-0.3807601185620167,0.3695850213240501
344,1552752000,236,16,-220,252,11,-0.42120504769607003,0.45560430588410605
344,1552766400,204,18,-186,222,11,-0.14617952958450722,0.22100625708395336
344,1552780800,105,20,-85,125,11,0.6708080389233705,-0.5375274340365404
344,1552795200,18,3,-15,21,11,1.2370370468001175,-1.3508006698770698
344,1552809600,48,2,-46,50,11,0.9862784861689867,-1.1240225560369221
344,1552824000,151,8,-143,159,11,0.20164686096835163,-0.2716496453963673
344,1552838400,184,15,-169,199,11,-0.008666770528725817,0.04114775300383629
344,1552852800,131,14,-117,145,11,0.41196049246542904,-0.38112873483643855
344,1552867200,68,5,-63,73,11,0.8487657271132053,-0.9441640519568051
344,1552881600,11,3,-8,14,11,1.2936599475877921,-1.4055402145971054
344,1552896000,275,4,-271,279,11,-0.8337433248634143,0.6667425498042435
344,1552910400,380,9,-371,389,11,-1.6426419075444814,1.5269353954048035
344,1552924800,196,13,-183,209,11,-0.1219125721040752,0.11934710260388719
344,1552939200,207,16,-191,223,11,-0.18662445871856057,0.22882619204395846
344,1552953600,61,7,-54,68,12,0.9684077462422792,-0.9864200022766129
344,1552968000,8,3,-5,11,12,1.3766386232940224,-1.4358850737364932
344,1552982400,285,5,-280,290,12,-0.9144530336290264,0.7641281707776578
344,1552996800,396,10,-386,406,12,-1.7975647268430015,1.6788290179591685
344,1553011200,211,11,-200,222,12,-0.24795364252413946,0.22792422587815145
344,1553025600,219,25,-194,244,12,-0.19796618819127293,0.40140197275740347
344,1553040000,68,7,-61,75,12,0.9100890495206015,-0.9312225373604872
344,1553054400,3,8,5,11,12,1.4599510471821333,-1.4358850737364932
344,1553068800,290,11,-279,301,12,-0.9061217912402153,0.8508670442172838
344,1553083200,384,13,-371,397,12,-1.6725960910108353,1.6078608487812927
344,1553097600,238,29,-209,267,12,-0.32293482402343926,0.5827650717675307
344,1553112000,249,19,-230,268,12,-0.49789091418847203,0.5906504238984057
344,1553126400,92,7,-85,99,12,0.7101392321891355,-0.741974086219485
344,1553140800,9,5,-4,14,12,1.3849698656828335,-1.4122290173438679
344,1553155200,292,4,-288,296,12,-0.9811029727395151,0.8114402835629083
344,1553169600,431,20,-411,451,12,-2.005845786563279,2.033669863848548
344,1553184000,216,11,-205,227,12,-0.28960985446819487,0.2673509865325269
344,1553198400,247,23,-224,270,12,-0.44790345985560553,0.6064211281601559
344,1553212800,79,7,-72,86,12,0.8184453832436797,-0.8444836639208612
344,1553227200,17,2,-15,19,12,1.2933261994059115,-1.3728022566894924
344,1553241600,250,8,-242,258,12,-0.5978658228542051,0.5117969025896548
344,1553256000,396,16,-380,412,12,-1.747577272510135,1.7261411307444192
344,1553270400,248,22,-226,270,12,-0.4645659446332277,0.6064211281601559
344,1553284800,256,22,-234,278,12,-0.5312158837437164,0.6695039452071566
344,1553299200,115,8,-107,123,12,0.5268518996352916,-0.5527256350784827
344,1553313600,14,7,-7,21,12,1.3599761385164002,-1.3570315524277423
344,1553328000,72,4,-68,76,12,0.851770352798924,-0.9233371852296122
344,1553342400,215,17,-198,232,12,-0.2312911577465173,0.30677774718690237
344,1553356800,235,18,-217,253,12,-0.3895847631339279,0.4723701419352793
344,1553371200,196,19,-177,215,12,-0.05633506758148447,0.1727267609620258
344,1553385600,82,17,-65,99,12,0.8767640799653572,-0.741974086219485
344,1553400000,19,5,-14,24,12,1.3016574417947226,-1.333375496035117
344,1553414400,48,4,-44,52,12,1.05172017013039,-1.1125856363706144
344,1553428800,148,8,-140,156,12,0.2519209008045257,-0.29250901475960467
344,1553443200,225,8,-217,233,12,-0.3895847631339279,0.3146630993177775
344,1553457600,118,13,-105,131,12,0.5435143844129138,-0.489642818031482
344,1553472000,54,7,-47,61,12,1.0267264429639569,-1.0416174671927385
344,1553486400,8,3,-5,11,12,1.3766386232940224,-1.4358850737364932
344,1553500800,271,6,-265,277,12,-0.7894843977968601,0.6616185930762816
344,1553515200,388,9,-379,397,12,-1.739246030121324,1.6078608487812927
344,1553529600,230,14,-216,244,12,-0.38125352074511687,0.40140197275740347
344,1553544000,247,18,-229,265,12,-0.489559671799661,0.5669943675057805
344,1553558400,80,15,-65,95,13,0.8691697834203749,-0.7724845934948422
344,1553572800,0,3,3,3,13,1.4319330800534718,-1.4881116539753194
344,1553587200,295,6,-289,301,13,-0.9846387231357092,0.829897737581009
344,1553601600,411,12,-399,423,13,-1.894991114748072,1.7788814482181636
344,1553616000,230,22,-208,252,13,-0.3142883256756967,0.4487485423251027
344,1553630400,237,54,-183,291,13,-0.10739005485470517,0.7521121875287833
344,1553644800,86,11,-75,97,13,0.7864104750919783,-0.756927483484397
344,1553659200,0,1,1,1,13,1.4153812183877925,-1.5036687639857647
344,1553673600,284,6,-278,290,13,-0.893603483974473,0.7443336325235607
344,1553688000,405,16,-389,421,13,-1.8122318064196754,1.7633243382077184
344,1553702400,218,30,-188,248,13,-0.1487697090189035,0.4176343223042124
344,1553716800,233,15,-218,248,13,-0.3970476340040933,0.4176343223042124
344,1553731200,100,3,-97,103,13,0.6043399967695057,-0.7102561534530616
344,1553745600,0,0,0,0,13,1.4071052875549528,-1.5114473189909872
344,1553760000,277,9,-268,286,13,-0.8108441756460764,0.7132194125026704
344,1553774400,401,10,-391,411,13,-1.8287836680853546,1.6855387881554926
344,1553788800,243,25,-218,268,13,-0.3970476340040933,0.5732054224086639
344,1553803200,264,14,-250,278,13,-0.6618774206549625,0.6509909724608898
344,1553817600,80,8,-72,88,13,0.8112382675904972,-0.8269344785314002
344,1553832000,0,1,1,1,13,1.4153812183877925,-1.5036687639857647
344,1553846400,268,5,-263,273,13,-0.769464521481878,0.6120981974347768
344,1553860800,386,16,-370,402,13,-1.654989120595722,1.6155317931084894
344,1553875200,241,22,-219,263,13,-0.405323564836933,0.534312647382551
344,1553889600,249,17,-232,266,13,-0.5129106656638486,0.5576483123982188
344,1553904000,91,17,-74,108,13,0.7946864059248179,-0.6713633784269486
344,1553918400,12,3,-9,15,13,1.332621910059396,-1.3947689939126484
344,1553932800,73,2,-71,75,13,0.8195141984233368,-0.9280556935992937
344,1553947200,207,12,-195,219,13,-0.20670122484878112,0.19205622715275758
344,1553961600,246,16,-230,262,13,-0.49635880399816923,0.5265340923773285
344,1553976000,211,13,-198,224,13,-0.23152901734730008,0.2309490021788705
344,1553990400,84,17,-67,101,13,0.8526179217546955,-0.7258132634635067
344,1554004800,22,2,-20,24,13,1.2415866708981596,-1.3247619988656452
344,1554019200,42,5,-37,47,13,1.1008958467398853,-1.145855233745526
344,1554033600,148,7,-141,155,13,0.2401990401245606,-0.30577129318148744
344,1554048000,172,10,-162,182,13,0.06640449263492772,-0.09575030804047782
344,1554062400,123,16,-107,139,13,0.521580688441109,-0.4302281732650487
344,1554076800,73,7,-66,80,13,0.8608938525875351,-0.8891629185731809
344,1554091200,10,3,-7,13,13,1.3491737717250751,-1.4103261039230937
344,1554105600,301,8,-293,309,13,-1.017742446467068,0.8921261776227897
344,1554120000,402,13,-389,415,13,-1.8122318064196754,1.7166530081763829
344,1554134400,223,17,-206,240,13,-0.29773646401001735,0.35540588226243175
344,1554148800,223,21,-202,244,13,-0.2646327406786587,0.38652010228332206
344,1554163200,78,11,-67,89,14,0.7796038825065058,-0.7524573652349433
344,1554177600,0,4,4,4,14,1.3298473801714528,-1.381119381122785
344,1554192000,318,5,-313,323,14,-1.1268735882762677,0.9782121843857033
344,1554206400,395,9,-386,404,14,-1.6926169027768467,1.5772901054082349
344,1554220800,221,14,-207,235,14,-0.3053832959877555,0.3273620973488789
344,1554235200,249,15,-234,264,14,-0.5146308232687916,0.5418467851223778
344,1554249600,65,7,-58,72,14,0.8493530582668513,-0.8781897684125117
344,1554264000,2,4,2,6,14,1.3143475633358204,-1.36632733369013
344,1554278400,313,7,-306,320,14,-1.0726242293515547,0.9560241132367207
344,1554292800,429,10,-419,439,14,-1.9483638805647798,1.836150935479699
344,1554307200,232,21,-211,253,14,-0.3363829296590201,0.4604905242427748
344,1554321600,227,18,-209,245,14,-0.3208831128233878,0.40132233451215443
344,1554336000,88,8,-80,96,14,0.6788550730748959,-0.7006851992206505
344,1554350400,2,3,1,5,14,1.3065976549180043,-1.3737233574064576
344,1554364800,300,5,-295,305,14,-0.9873752367555769,0.8450837574918074
344,1554379200,455,10,-445,465,14,-2.149861499428,2.0284475521042156
344,1554393600,232,10,-222,242,14,-0.42163192225499774,0.37913426336317174
344,1554408000,234,19,-215,253,14,-0.3673825633302847,0.4604905242427748
344,1554422400,76,10,-66,86,14,0.787353790924322,-0.774645436383926
344,1554436800,0,2,2,2,14,1.3143475633358204,-1.3959114285554401
344,1554451200,278,6,-272,284,14,-0.8091273431458054,0.6897672594489288
344,1554465600,412,13,-399,425,14,-1.7933657122084568,1.7326066034511134
344,1554480000,253,17,-236,270,14,-0.5301306401044239,0.5862229274203431
344,1554494400,252,35,-217,287,14,-0.382882380165917,0.7119553305979115
344,1554508800,81,13,-68,94,14,0.7718539740886897,-0.7154772466533056
344,1554523200,0,2,2,2,14,1.3143475633358204,-1.3959114285554401
344,1554537600,68,2,-66,70,14,0.787353790924322,-0.8929818158451668
344,1554552000,204,12,-192,216,14,-0.18913466972051318,0.18683764673865547
344,1554566400,227,20,-207,247,14,-0.3053832959877555,0.4161143819448095
344,1554580800,205,24,-181,229,14,-0.10388567712453552,0.2829859550509136
344,1554595200,77,6,-71,83,14,0.7486042488352412,-0.7968335075329087
344,1554609600,0,4,4,4,14,1.3298473801714528,-1.381119381122785
344,1554624000,10,5,-5,15,14,1.2600982044111073,-1.299763120243182
344,1554638400,151,14,-137,165,14,0.2371102932593752,-0.19035956279404959
344,1554652800,160,11,-149,171,14,0.14411139224558137,-0.1459834204960843
344,1554667200,116,26,-90,142,14,0.6013559888967344,-0.3604681082695832
344,1554681600,48,8,-40,56,14,0.9888514097875419,-0.9965261478737525
344,1554696000,0,2,2,2,14,1.3143475633358204,-1.3959114285554401
344,1554710400,251,9,-242,260,14,-0.5766300906113209,0.5122626902570676
344,1554724800,383,23,-360,406,14,-1.4911192839136267,1.59208215284089
344,1554739200,216,25,-191,241,14,-0.18138476130269704,0.3717382396468442
344,1554753600,217,17,-200,234,14,-0.25113393706304243,0.31996607363255136
344,1554768000,79,11,-68,90,15,0.7765313618594094,-0.7735495968508123
344,1554782400,0,16,16,16,15,1.3235766183769806,-1.230099567798842
344,1554796800,495,29,-466,524,15,-1.8154211630690826,1.9040542868173618
344,1554811200,735,22,-713,757,15,-3.423994714971941,3.3415697358834553
344,1554825600,389,34,-355,423,15,-1.092539931242292,1.2809252724153215
344,1554840000,285,18,-267,303,15,-0.5194449006048365,0.5405739681752733
344,1554854400,84,42,-42,126,15,0.9458548936386576,-0.5514442055787978
344,1554868800,5,2,-3,7,15,1.19984019130753,-1.2856259156168455
344,1554883200,275,7,-268,282,15,-0.5259573441348077,0.41101248993326484
344,1554897600,448,12,-436,460,15,-1.62004785716995,1.5092002578893364
344,1554912000,231,25,-206,256,15,-0.12218584527660034,0.2506030406812544
344,1554926400,244,22,-222,266,15,-0.22638494175613771,0.31229898270125844
344,1554940800,79,10,-69,89,15,0.7700189183294384,-0.7797191910528126
344,1554955200,13,1,-12,14,15,1.1412281995377902,-1.2424387562028427
344,1554969600,272,7,-265,279,15,-0.5064200135448944,0.39250370732726364
344,1554984000,434,17,-417,451,15,-1.4963114301004994,1.4536739100713327
344,1554998400,225,16,-209,241,15,-0.1417231758665136,0.15805912765124838
344,1555012800,227,17,-210,244,15,-0.1482356193964847,0.1765679102572496
344,1555027200,73,8,-65,81,15,0.7960686924493227,-0.8290759446688158
344,1555041600,10,4,-6,14,15,1.1803028607176167,-1.2424387562028427
344,1555056000,255,8,-247,263,15,-0.38919603000541486,0.29379020009525725
344,1555070400,414,17,-397,431,15,-1.3660625595010776,1.3302820260313246
344,1555084800,274,21,-253,295,15,-0.42827069118524136,0.4912172145592701
344,1555099200,203,15,-188,218,15,-0.004961861737120809,0.016158461005239155
344,1555113600,85,6,-79,91,15,0.7048944830297275,-0.7673800026488118
344,1555128000,14,6,-8,20,15,1.1672779736576746,-1.2054211909908403
344,1555142400,71,5,-66,76,15,0.7895562489193516,-0.8599239156788179
344,1555156800,202,13,-189,215,15,-0.011474305267091894,-0.0023503216007620493
344,1555171200,254,13,-241,267,15,-0.3501213688255883,0.3184685769032588
344,1555185600,191,18,-173,209,15,0.09272479121244546,-0.03936788681276446
344,1555200000,96,13,-83,109,15,0.6788447089098432,-0.6563273070128046
344,1555214400,16,5,-11,21,15,1.1477406430677612,-1.19925159678884
344,1555228800,65,8,-57,73,15,0.8481682406890914,-0.8784326982848191
344,1555243200,149,10,-139,159,15,0.31414787123146237,-0.34784759691278455
344,1555257600,211,18,-193,229,15,-0.03752407938697624,0.08402399722724357
344,1555272000,138,11,-127,149,15,0.3922971935911154,-0.40954353893278855
344,1555286400,85,8,-77,93,15,0.7179193700896697,-0.7550408142448111
344,1555300800,12,2,-10,14,15,1.1542530865977323,-1.2424387562028427
344,1555315200,282,8,-274,290,15,-0.5650320053146342,0.46036924354926806
344,1555329600,401,19,-382,420,15,-1.2683759065515114,1.2624164898093202
344,1555344000,199,31,-168,230,15,0.1252870088623009,0.09019359142924398
344,1555358400,235,16,-219,251,15,-0.20684761116622447,0.2197550696712524
344,1555372800,80,9,-71,89,16,0.7867232260753471,-0.777425180347795
344,1555387200,0,2,2,2,16,1.3780675288816755,-1.445042479758099
344,1555401600,310,9,-301,319,16,-1.0764163581089756,0.9875400939553074
344,1555416000,456,13,-443,469,16,-2.226702536170601,2.1386044032834177
344,1555430400,254,20,-234,274,16,-0.5336756966291947,0.6422208011568743
344,1555444800,256,19,-237,275,16,-0.5579775172924685,0.6498945632190617
344,1555459200,70,11,-59,81,16,0.8839305087284421,-0.8388152768452942
344,1555473600,0,2,2,2,16,1.3780675288816755,-1.445042479758099
344,1555488000,294,7,-287,301,16,-0.9630078616803647,0.8494123768359342
344,1555502400,443,13,-430,456,16,-2.121394646629748,2.0388454964749814
344,1555516800,232,23,-209,255,16,-0.3311605244352466,0.4964193219753137
344,1555531200,239,20,-219,259,16,-0.4121665933128258,0.5271143702240633
344,1555545600,84,7,-77,91,16,0.7381195847487995,-0.7620776562234202
344,1555560000,0,0,0,0,16,1.3618663151061596,-1.4603900038824738
344,1555574400,320,4,-316,324,16,-1.1979254614253445,1.0259089042662444
344,1555588800,443,10,-433,453,16,-2.145696467293022,2.015824210288419
344,1555603200,236,17,-219,253,16,-0.4121665933128258,0.48107179785093884
344,1555617600,257,18,-239,275,16,-0.5741787310679843,0.6498945632190617
344,1555632000,86,10,-76,96,16,0.7462201916365574,-0.7237088459124832
344,1555646400,0,2,2,2,16,1.3780675288816755,-1.445042479758099
344,1555660800,178,5,-173,183,16,-0.039538676475961286,-0.056091546502179235
344,1555675200,333,19,-314,352,16,-1.1817242476498286,1.2407742420074916
344,1555689600,255,22,-233,277,16,-0.5255750897414367,0.6652420873434365
344,1555704000,246,20,-226,266,16,-0.46887084152713127,0.580830704659375
344,1555718400,91,10,-81,101,16,0.7057171571977677,-0.6853400356015461
344,1555732800,11,5,-6,16,16,1.313262673779612,-1.3376098108874752
344,1555747200,83,4,-79,87,16,0.7219183709732836,-0.7927727044721697
344,1555761600,176,12,-164,188,16,0.033366785513860034,-0.017722736191242226
344,1555776000,218,20,-198,238,16,-0.2420538486699094,0.36596536691812787
344,1555790400,199,23,-176,222,16,-0.06384049713923506,0.2431851739231294
344,1555804800,80,8,-72,88,16,0.7786226191875891,-0.7850989424099823
344,1555819200,16,2,-14,18,16,1.2484578186775488,-1.3222622867631004
344,1555833600,50,6,-44,56,16,1.005439612044811,-1.0306593283999792
344,1555848000,147,11,-136,158,16,0.2601837783710819,-0.24793559805686427
344,1555862400,171,18,-153,189,16,0.1224734612791972,-0.010048974129054826
344,1555876800,135,11,-124,146,16,0.357391061024177,-0.34002074280311306
344,1555891200,60,7,-53,67,16,0.9325341500549896,-0.9462479457159177
344,1555905600,11,5,-6,16,16,1.313262673779612,-1.3376098108874752
344,1555920000,227,9,-218,236,16,-0.4040659864250679,0.350617842793753
344,1555934400,350,8,-342,358,16,-1.4085412405070505,1.286816814380616
344,1555948800,218,11,-207,229,16,-0.3149593106597307,0.29690150835844126
344,1555963200,212,14,-198,226,16,-0.2420538486699094,0.273880222171879
344,1555977600,66,10,-56,76,17,0.8576490784749672,-0.8711214536327996
344,1555992000,0,17,17,17,17,1.4695997590903385,-1.3524233403891157
344,1556006400,242,8,-234,250,17,-0.6345046359022392,0.5483112293434546
344,1556020800,418,8,-410,426,17,-2.1098925782077917,1.9840592305148381
344,1556035200,227,13,-214,240,17,-0.4668469151856991,0.46673463836780776
344,1556049600,260,13,-247,273,17,-0.7434821543679901,0.7359373885874422
344,1556064000,77,8,-69,85,17,0.7486715600092162,-0.7977025217547175
344,1556078400,2,4,2,6,17,1.3438564685529333,-1.4421575904623272
344,1556092800,233,6,-227,239,17,-0.5758244336514502,0.4585769792702431
344,1556107200,430,8,-422,438,17,-2.2104872106377154,2.0819511396856143
344,1556121600,236,27,-209,263,17,-0.4249324850065641,0.6543607976117953
344,1556136000,193,16,-177,209,17,-0.15668013186010005,0.21384720634330273
344,1556150400,89,10,-79,99,17,0.6648426996509462,-0.683495294388812
344,1556164800,0,1,1,1,17,1.3354735825171062,-1.4829458859501505
344,1556179200,240,6,-234,246,17,-0.6345046359022392,0.5156805929531958
344,1556193600,406,16,-390,422,17,-1.9422348574912516,1.9514285941245793
344,1556208000,224,8,-216,232,17,-0.4836126872573531,0.40147336558729035
344,1556222400,211,12,-199,223,17,-0.3411036246482941,0.3280544337092082
344,1556236800,74,18,-56,92,17,0.8576490784749672,-0.7405989080717648
344,1556251200,1,8,7,9,17,1.3857708987320683,-1.417684613169633
344,1556265600,207,10,-197,217,17,-0.32433785257664005,0.27910847912382014
344,1556280000,390,15,-375,405,17,-1.8164915669538464,1.8127483894659797
344,1556294400,214,23,-191,237,17,-0.2740405363616781,0.4422616610751137
344,1556308800,216,16,-200,232,17,-0.34948651068412107,0.40147336558729035
344,1556323200,86,12,-74,98,17,0.7067571298300812,-0.6916529534863767
344,1556337600,20,2,-18,22,17,1.1761987478363933,-1.3116350449012923
344,1556352000,73,5,-68,78,17,0.7570544460450432,-0.8548061354376703
344,1556366400,183,15,-168,198,17,-0.08123415753765702,0.12411295627009125
344,1556380800,217,14,-203,231,17,-0.3746351687916021,0.39331570648972564
344,1556395200,165,16,-149,181,17,0.07804067714305603,-0.01456724838850829
344,1556409600,110,13,-97,123,17,0.5139507510060601,-0.4877114760472597
344,1556424000,19,9,-10,28,17,1.2432618361230092,-1.2626890903159043
344,1556438400,53,2,-51,55,17,0.8995635086541023,-1.0424322946816578
344,1556452800,150,10,-140,160,17,0.15348665146549906,-0.18587808943736656
344,1556467200,168,62,-106,230,17,0.4385047766836171,0.385158047392161
344,1556481600,98,8,-90,106,17,0.5726309532568492,-0.6263916807058592
344,1556496000,65,12,-53,77,17,0.8827977365824482,-0.8629637945352349
344,1556510400,10,2,-8,12,17,1.2600276081946633,-1.393211635876939
344,1556524800,286,5,-281,291,17,-1.0285002795861082,0.8827752523436064
344,1556539200,385,11,-374,396,17,-1.8081086809180194,1.7393294575878977
344,1556553600,229,17,-212,246,17,-0.4500811431140451,0.5156805929531958
344,1556568000,190,18,-172,208,17,-0.11476570168096502,0.20568954724573804
344,1556582400,77,26,-51,103,18,0.9237651206985595,-0.6917446257749332
344,1556596800,0,18,18,18,18,1.4679959236634763,-1.3459243116071218
344,1556611200,289,12,-277,301,18,-0.8587879440850809,0.8321092306341648
344,1556625600,415,12,-403,427,18,-1.8526007147166679,1.801834411985409
344,1556640000,217,13,-204,230,18,-0.28300752935408197,0.2856767871743367
344,1556654400,206,18,-188,224,18,-0.15680908228975343,0.23949939758618222
344,1556668800,81,14,-67,95,18,0.7975666736342311,-0.7533144785591392
344,1556683200,0,11,11,11,18,1.4127841030728325,-1.3997979327933021
344,1556697600,298,9,-289,307,18,-0.9534367793833273,0.8782866202223193
344,1556712000,443,14,-429,457,18,-2.057673191196202,2.0327213599261813
344,1556726400,213,15,-198,228,18,-0.23568311170495876,0.2702843239782852
344,1556740800,252,18,-234,270,18,-0.519629617599698,0.5935260510953666
344,1556755200,59,10,-49,69,18,0.9395399265816006,-0.9534165001078087
344,1556769600,2,15,13,17,18,1.4285589089558737,-1.3536205432051476
344,1556784000,275,8,-267,283,18,-0.7799139146698755,0.6935770618697014
344,1556798400,421,10,-411,431,18,-1.9156999382488322,1.832619338377512
344,1556812800,225,24,-201,249,18,-0.25934532052952036,0.4319051875368259
344,1556827200,197,15,-182,212,18,-0.10948466464063024,0.14714461840987322
344,1556841600,84,11,-73,95,18,0.7502422559851079,-0.7533144785591392
344,1556856000,0,2,2,2,18,1.3417974765991478,-1.4690640171755338
344,1556870400,271,9,-262,280,18,-0.7404768999622728,0.6704883670756241
344,1556884800,419,15,-404,434,18,-1.8604881176581884,1.8557080331715892
344,1556899200,238,17,-221,255,18,-0.417093379359931,0.47808257712498037
344,1556913600,252,21,-231,273,18,-0.49596740877513634,0.6166147458894439
344,1556928000,96,15,-81,111,18,0.6871430324529436,-0.6301747729907273
344,1556942400,11,4,-7,15,18,1.270810850125463,-1.3690130064011992
344,1556956800,78,2,-76,80,18,0.7265800471605462,-0.8687579525295255
344,1556971200,200,12,-188,212,18,-0.15680908228975343,0.14714461840987322
344,1556985600,233,18,-215,251,18,-0.3697689617108078,0.4472976507328774
344,1557000000,206,23,-183,229,18,-0.11737206758215077,0.27798055557631096
344,1557014400,92,9,-83,101,18,0.6713682265699025,-0.7071370889709848
344,1557028800,17,6,-11,23,18,1.2392612383593808,-1.307443153616993
344,1557043200,54,3,-51,57,18,0.9237651206985595,-1.0457712792841176
344,1557057600,166,8,-158,174,18,0.07981300595586255,-0.14531218231510518
344,1557072000,181,10,-171,191,18,-0.022723232283904382,-0.014476245148667468
344,1557086400,105,10,-95,115,18,0.5767193912716561,-0.5993898465986243
344,1557100800,59,8,-51,67,18,0.9237651206985595,-0.9688089633038602
344,1557115200,6,3,-3,9,18,1.3023604618915452,-1.4151903959893535
344,1557129600,289,2,-287,291,18,-0.9376619735002861,0.7551469146539073
344,1557144000,400,15,-385,415,18,-1.7106274617692985,1.7094796328091
344,1557158400,222,19,-203,241,18,-0.27512012641256145,0.3703353347526199
344,1557172800,232,16,-216,248,18,-0.3776563646523284,0.42420895593880015
344,1557187200,78,15,-63,93,19,0.8780378103886989,-0.839203203152656
344,1557201600,2,6,4,8,19,1.3974111663615143,-1.4788845598864717
344,1557216000,327,13,-314,340,19,-1.0676743142258789,1.019635562885609
344,1557230400,412,14,-398,426,19,-1.7188289694753789,1.6668425826398228
344,1557244800,215,16,-199,231,19,-0.17621258382477753,0.19933829366224515
344,1557259200,233,16,-217,249,19,-0.31574572423538466,0.3348002280294062
344,1557273600,78,8,-70,86,19,0.8237749224512405,-0.8918828442954407
344,1557288000,0,5,5,5,19,1.405163007495437,-1.5014615489476653
344,1557302400,293,9,-284,302,19,-0.8351190802082002,0.7336603681104914
344,1557316800,422,12,-410,434,19,-1.8118510630824505,1.7270478868030055
344,1557331200,234,15,-219,249,19,-0.3312494065032299,0.3348002280294062
344,1557345600,229,25,-204,254,19,-0.2149717894943906,0.37242854313139534
344,1557360000,82,11,-71,93,19,0.8160230813173178,-0.839203203152656
344,1557374400,1,6,5,7,19,1.405163007495437,-1.4864102229068696
344,1557388800,314,7,-307,321,19,-1.0134114262884204,0.8766479654980502
344,1557403200,457,12,-445,469,19,-2.0831655027697424,1.9904460925169296
344,1557417600,253,15,-238,268,19,-0.4785343880477597,0.477787825416965
344,1557432000,261,23,-238,284,19,-0.4785343880477597,0.5981984337433304
344,1557446400,77,18,-59,95,19,0.9090451749243893,-0.8241518771118602
344,1557460800,0,13,13,13,19,1.467177736566818,-1.4412562447844826
344,1557475200,269,14,-255,283,19,-0.6103156873244443,0.5906727707229326
344,1557489600,410,13,-397,423,19,-1.7110771283414563,1.6442655935786292
344,1557504000,255,19,-236,274,19,-0.46303070577991445,0.522941803539352
344,1557518400,257,29,-228,286,19,-0.4010159767085335,0.613249759784126
344,1557532800,103,10,-93,113,19,0.6454825763710202,-0.6886899427446993
344,1557547200,18,16,-2,34,19,1.3509001195579786,-1.2832173213561282
344,1557561600,81,4,-77,85,19,0.7695120345137821,-0.8994085073158387
344,1557576000,231,17,-214,248,19,-0.2924902008336168,0.3272745650090083
344,1557590400,263,18,-245,281,19,-0.5327972759852181,0.5756214446821368
344,1557604800,173,32,-141,205,19,0.27339420194273445,0.0036710551319014658
344,1557633600,114,18,-96,132,19,0.6222270529692524,-0.5457023453571405
344,1557648000,46,2,-44,48,19,1.0253227919332286,-1.1778580390705584
344,1557662400,138,7,-131,145,19,0.35091261328196066,-0.4478687260919686
344,1557676800,155,15,-140,170,19,0.2811460430766571,-0.2597271505820227
344,1557691200,101,10,-91,111,19,0.6609862586388655,-0.7037412687854949
344,1557705600,62,18,-44,80,19,1.0253227919332286,-0.9370368224178278
344,1557720000,8,9,1,17,19,1.3741556429597466,-1.4111535927028913
344,1557734400,288,10,-278,298,19,-0.7886080334046646,0.7035577160289
344,1557748800,424,20,-404,444,19,-1.7653400162789146,1.8023045170069838
344,1557763200,240,22,-218,262,19,-0.3234975653693073,0.432633847294578
344,1557777600,202,17,-185,219,19,-0.06768680794986083,0.10903033741747115
344,1557792000,67,10,-57,77,20,0.9432916512323117,-0.9577789547737237
344,1557806400,6,8,2,14,20,1.3885253106139628,-1.4124404392249745
344,1557820800,306,9,-297,315,20,-0.8678283191337268,0.7598310975976688
344,1557835200,452,12,-440,464,20,-1.9469539681434915,1.8351415925696748
344,1557849600,241,22,-219,263,20,-0.27921432876476426,0.38455495170139814
344,1557864000,222,24,-198,246,20,-0.1207413313577359,0.2618685193891558
344,1557878400,87,7,-80,94,20,0.7697259874055664,-0.8350925224614814
344,1557892800,11,13,2,24,20,1.3885253106139628,-1.3402719496295379
344,1557907200,323,9,-314,332,20,-0.9961159837013212,0.8825175299099111
344,1557921600,437,26,-411,463,20,-1.728110305057595,1.8279247436101311
344,1557936000,246,17,-229,263,20,-0.35467766086334923,0.38455495170139814
344,1557950400,246,18,-228,264,20,-0.3471313276534907,0.3917718006609418
344,1557964800,79,11,-68,90,20,0.8602819859238683,-0.863959918299656
344,1557979200,6,3,-3,9,20,1.3507936445646704,-1.4485246840226929
344,1557993600,318,6,-312,324,20,-0.9810233172816042,0.8247827382335617
344,1558008000,458,13,-445,471,20,-1.9846856341927839,1.8856595352864807
344,1558022400,244,14,-230,258,20,-0.3622239940732077,0.3484707069036798
344,1558036800,232,31,-201,263,20,-0.14338033098731137,0.38455495170139814
344,1558051200,77,17,-60,94,20,0.9206526516027362,-0.8350925224614814
344,1558065600,10,3,-7,13,20,1.3206083117252365,-1.4196572881845182
344,1558080000,296,6,-290,302,20,-0.8150039866647173,0.6660120611236011
344,1558094400,440,15,-425,455,20,-1.833758969995614,1.7701899519337818
344,1558108800,251,26,-225,277,20,-0.32449232802391526,0.48559083713500945
344,1558123200,228,22,-206,250,20,-0.18111199703660386,0.29073591522733044
344,1558137600,109,18,-91,127,20,0.686716322097123,-0.5969365067965404
344,1558152000,20,9,-11,29,20,1.2904229788858024,-1.3041877048318196
344,1558166400,107,4,-103,111,20,0.596160323578821,-0.7124060901492391
344,1558180800,240,24,-216,264,20,-0.25657532913518877,0.3917718006609418
344,1558195200,287,28,-259,315,20,-0.581067657159104,0.7598310975976688
344,1558209600,185,14,-171,199,20,0.08300966530844343,-0.07732338170939648
344,1558224000,88,15,-73,103,20,0.8225503198745758,-0.7701408818255884
344,1558238400,17,7,-10,24,20,1.297969312095661,-1.3402719496295379
344,1558252800,70,4,-66,74,20,0.8753746523435852,-0.9794295016523547
344,1558267200,159,9,-150,168,20,0.2414826627154718,-0.3010456994552501
344,1558281600,186,14,-172,200,20,0.07546333209858494,-0.0701065327498528
344,1558296000,143,12,-131,155,20,0.3848629937027832,-0.39486473592931776
344,1558310400,75,7,-68,82,20,0.8602819859238683,-0.9216947099760053
344,1558324800,13,4,-9,17,20,1.3055156453055194,-1.3907898923463435
344,1558339200,323,11,-312,334,20,-0.9810233172816042,0.8969512278289984
344,1558353600,448,13,-435,461,20,-1.909222302094199,1.8134910456910438
344,1558368000,248,21,-227,269,20,-0.3395849944436322,0.42785604545866013
344,1558382400,225,26,-199,251,20,-0.12828766456759438,0.2979527641868741
344,1558396800,72,11,-61,83,21,0.365759472936681,-0.32734789547941157
344,1558411200,0,3,3,3,21,0.8404040239918394,-0.8662929806466373
344,1558425600,339,9,-330,348,21,-1.6292309057170318,1.4579076991370237
344,1558440000,424,17,-407,441,21,-2.2002876312052693,2.0844313606439235
344,1558454400,236,17,-219,253,21,-0.8060192624807414,0.8179104105009432
344,1558468800,219,33,-186,252,21,-0.5612806658429254,0.8111735969363528
344,1558483200,69,11,-58,80,21,0.38800843626739157,-0.3475583361731825
344,1558497600,0,3,3,3,21,0.8404040239918394,-0.8662929806466373
344,1558512000,318,16,-302,334,21,-1.4215739146304,1.363592309232759
344,1558526400,435,18,-417,453,21,-2.2744508423076377,2.1652731234190075
344,1558540800,258,38,-220,296,21,-0.8134355835909782,1.1075933937783269
344,1558555200,245,24,-221,269,21,-0.820851904701215,0.9256994275343883
344,1558569600,86,12,-74,98,21,0.26934729850360195,-0.22629569201055674
344,1558584000,2,2,0,4,21,0.8181550606611289,-0.859556167082047
344,1558598400,306,10,-296,316,21,-1.377075987968979,1.2423296650701334
344,1558612800,443,18,-425,461,21,-2.3337814111895328,2.2191676319357296
344,1558627200,218,33,-185,251,21,-0.5538643447326885,0.8044367833717625
344,1558641600,221,32,-189,253,21,-0.5835296291736359,0.8179104105009432
344,1558656000,85,9,-76,94,21,0.25451465628312825,-0.253242946268918
344,1558670400,0,3,3,3,21,0.8404040239918394,-0.8662929806466373
344,1558684800,293,10,-283,303,21,-1.2806638135358999,1.1547510887304593
344,1558687319,151,3,-148,154,21,-0.279460463653925,0.15096586760650127
344,1558689022,84,2,-82,86,21,0.21001672962170714,-0.3071374547856406
344,1558699200,191,8,-183,199,21,-0.5390317025122148,0.45412247801306577
344,1558713600,285,21,-264,306,21,-1.1397537124413997,1.1749615294242302
344,1558728000,230,31,-199,261,21,-0.6576928402760044,0.8718049190176657
344,1558742400,105,19,-86,124,21,0.18035144518075974,-0.05113853933120837
344,1558756800,0,8,8,8,21,0.8774856295430237,-0.8326089128236857
344,1558771200,4,4,0,8,21,0.8181550606611289,-0.8326089128236857
344,1558785600,0,7,7,7,21,0.8700693084327868,-0.839345726388276
344,1558800000,1,10,9,11,21,0.8849019506532606,-0.8123984721299147
344,1558814400,1,19,18,20,21,0.9516488406453922,-0.7517671500486018
344,1558828800,0,7,7,7,21,0.8700693084327868,-0.839345726388276
344,1558843200,0,0,0,0,21,0.8181550606611289,-0.8865034213404083
344,1558857600,0,0,0,0,21,0.8181550606611289,-0.8865034213404083
344,1558872000,0,0,0,0,21,0.8181550606611289,-0.8865034213404083
344,1558886400,0,0,0,0,21,0.8181550606611289,-0.8865034213404083
344,1558900800,1,0,-1,1,21,0.810738739550892,-0.8797666077758179
344,1558915200,0,0,0,0,21,0.8181550606611289,-0.8865034213404083
344,1558929600,0,0,0,0,21,0.8181550606611289,-0.8865034213404083
344,1558944000,0,0,0,0,21,0.8181550606611289,-0.8865034213404083
344,1558958400,0,0,0,0,21,0.8181550606611289,-0.8865034213404083
344,1558972800,0,0,0,0,21,0.8181550606611289,-0.8865034213404083
344,1558987200,0,0,0,0,21,0.8181550606611289,-0.8865034213404083
344,1559001600,1,0,-1,1,22,1.3533895719068925,-1.4718496686929385
344,1559016000,0,0,0,0,22,1.3612234145226711,-1.4792939950519346
344,1559030400,307,10,-297,317,22,-0.9654278423635717,0.8805574607498216
344,1559044800,390,11,-379,401,22,-1.6078029368574165,1.505880874905492
344,1559059200,211,9,-202,220,22,-0.22121279386460513,0.15845780392720213
344,1559073600,198,17,-181,215,22,-0.05670209893325462,0.12123617213222175
344,1559088000,56,9,-47,65,22,0.9930328115810771,-0.9954127817171897
344,1559102400,13,3,-10,16,22,1.2828849883648852,-1.3601847733079975
344,1559116800,315,8,-307,323,22,-1.0437662685213576,0.925223418903798
344,1559131200,418,11,-407,429,22,-1.8271505300992172,1.714322012957382
344,1559145600,227,16,-211,243,22,-0.29171737740661247,0.3296773101841119
344,1559160000,216,19,-197,235,22,-0.18204358078571214,0.2701226993121433
344,1559174400,83,8,-75,91,22,0.7736852183392765,-0.8018602963832917
344,1559188800,13,4,-9,17,22,1.2907188309806639,-1.3527404469490014
344,1559203200,307,11,-296,318,22,-0.957593999747793,0.8880017871088176
344,1559217600,428,12,-416,440,22,-1.8976551136412245,1.7962096029063388
344,1559232000,211,20,-191,231,22,-0.13504052509104056,0.24034539387615897
344,1559246400,256,23,-233,279,22,-0.46406191495374155,0.5976730591079706
344,1559260800,91,6,-85,97,22,0.6953467921814905,-0.7571943382293153
344,1559275200,11,2,-9,13,22,1.2907188309806639,-1.3825177523849856
344,1559289600,302,8,-294,310,22,-0.9419263145162359,0.828447176236849
344,1559304000,424,14,-410,438,22,-1.8506520579465529,1.7813209501883467
344,1559318400,284,18,-266,302,22,-0.7225787212744352,0.7688925653648804
344,1559332800,265,22,-243,287,22,-0.5424003411115276,0.6572276699799392
344,1559347200,114,17,-97,131,22,0.6013406807921474,-0.5040872420234487
344,1559361600,17,8,-9,25,22,1.2907188309806639,-1.2931858360770327
344,1559376000,80,6,-74,86,22,0.7815190609550551,-0.8390819281782721
344,1559390400,191,23,-168,214,22,0.04513785507186712,0.11379184577322568
344,1559404800,254,27,-227,281,22,-0.41705885925907,0.6125617118259628
344,1559419200,184,29,-155,213,22,0.14697780907698887,0.1063475194142296
344,1559433600,93,9,-84,102,22,0.7031806347972691,-0.7199727064343349
344,1559448000,18,7,-11,25,22,1.2750511457491065,-1.2931858360770327
344,1559462400,50,3,-47,53,22,0.9930328115810771,-1.0847446980251425
344,1559476800,140,9,-131,149,22,0.33499003185567516,-0.3700893675615193
344,1559491200,199,11,-188,210,22,-0.11153899724370478,0.08401454033724137
344,1559505600,143,32,-111,175,22,0.49166688417124704,-0.1765368822276213
344,1559520000,73,9,-64,82,22,0.859857487112841,-0.8688592336142564
344,1559534400,20,6,-14,26,22,1.2515496179017709,-1.2857415097180367
344,1559548800,295,16,-279,311,22,-0.8244186752795569,0.8358915025958451
344,1559563200,429,13,-416,442,22,-1.8976551136412245,1.8110982556243311
344,1559577600,256,18,-238,274,22,-0.5032311280326346,0.5604514273129902
344,1559592000,239,20,-219,259,22,-0.35438811833284123,0.4487865319280491
344,1559606400,38,15,-23,53,23,1.1294609060737346,-1.0458214219054718
344,1559620800,0,4,4,4,23,1.339774316170223,-1.4079177352098897
344,1559635200,241,5,-236,246,23,-0.5296782180207859,0.38039466927315446
344,1559649600,410,10,-400,420,23,-1.8071374497179753,1.6662060675378227
344,1559664000,241,12,-229,253,23,-0.47515251910688144,0.4321227140309285
344,1559678400,235,26,-209,261,23,-0.31936480792429733,0.4912404794683845
344,1559692800,43,10,-33,53,23,1.0515670504824426,-1.0458214219054718
344,1559707200,1,5,4,6,23,1.339774316170223,-1.3931382938505257
344,1559721600,295,8,-287,303,23,-0.9269368815363752,0.8016087480150286
344,1559736000,458,16,-442,474,23,-2.1342916432014016,2.0652509842406506
344,1559750400,243,22,-221,265,23,-0.4128374346338478,0.5207993621871125
344,1559764800,235,21,-214,256,23,-0.35831173571994335,0.4542918760699745
344,1559779200,44,11,-33,55,23,1.0515670504824426,-1.0310419805461077
344,1559793600,0,3,3,3,23,1.3319849306110938,-1.4153074558895717
344,1559808000,267,5,-262,272,23,-0.7322022425581451,0.5725274069448865
344,1559822400,448,18,-430,466,23,-2.0408190164918514,2.006133218803195
344,1559836800,233,20,-213,253,23,-0.3505223501608142,0.4321227140309285
344,1559851200,233,23,-210,256,23,-0.32715419348342656,0.4542918760699745
344,1559865600,48,17,-31,65,23,1.0671458216007008,-0.9571447737492877
344,1559880000,0,6,6,6,23,1.3553530872884814,-1.3931382938505257
344,1559894400,279,5,-274,284,23,-0.8256748692676956,0.6612040551010705
344,1559908800,375,22,-353,397,23,-1.4410363284389027,1.4962424919051367
344,1559923200,287,22,-265,309,23,-0.7555703992355327,0.8459470720931206
344,1559937600,256,19,-237,275,23,-0.5374676035799151,0.5946965689839325
344,1559952000,99,12,-87,111,23,0.6309402302894654,-0.6172176224839157
344,1559966400,19,6,-13,25,23,1.2073547616650266,-1.2527336009365677
344,1559980800,90,5,-85,95,23,0.6465190014077239,-0.7354531533588277
344,1559995200,196,16,-180,212,23,-0.09347262670955045,0.12914416616396643
344,1560009600,248,30,-218,278,23,-0.3894692779564602,0.6168657310229785
344,1560024000,208,17,-191,225,23,-0.17915586785997167,0.22521053499983246
344,1560038400,92,10,-82,102,23,0.6698871580851115,-0.6837251086010537
344,1560052800,18,4,-14,22,23,1.1995653761058973,-1.2749027629756138
344,1560067200,48,5,-43,53,23,0.9736731948911505,-1.0458214219054718
344,1560081600,163,9,-154,172,23,0.10905139782780884,-0.1664446610233136
344,1560096000,218,21,-197,239,23,-0.2258921812147469,0.3286666245153805
344,1560110400,141,18,-123,159,23,0.3505223501608142,-0.2625110298591796
344,1560124800,59,9,-50,68,23,0.919147495977246,-0.9349756117102417
344,1560139200,5,3,-2,8,23,1.2930380028154478,-1.3783588524911619
344,1560153600,295,8,-287,303,23,-0.9269368815363752,0.8016087480150286
344,1560168000,410,14,-396,424,23,-1.7759799074814584,1.6957649502565506
344,1560182400,213,28,-185,241,23,-0.13241955450519646,0.34344606587474447
344,1560196800,181,17,-164,198,23,0.031157542236516813,0.025688076648418424
344,1560211200,62,10,-52,72,24,1.0887778098813907,-1.0994631957358953
344,1560225600,12,5,-7,17,24,1.4038582050239152,-1.4698795863360439
344,1560240000,313,10,-303,323,24,-0.6686706163580245,0.5909825140938733
344,1560254400,463,13,-450,476,24,-1.6979332404902716,1.6214135643088319
344,1560268800,221,19,-202,240,24,0.038509826072975234,0.031990506460921914
344,1560283200,221,21,-200,242,24,0.05251339919042077,0.045460193391836407
344,1560297600,77,10,-67,87,24,0.9837510115005491,-0.9984405437540366
344,1560312000,7,6,-1,13,24,1.445868924376252,-1.4968189601978727
344,1560326400,307,5,-302,312,24,-0.6616688297993017,0.5168992359738436
344,1560340800,461,11,-450,472,24,-1.6979332404902716,1.5944741904470028
344,1560355200,252,17,-235,269,24,-0.19254913036487617,0.22730096695918203
344,1560369600,239,25,-214,264,24,-0.045511612631698006,0.1936267496318958
344,1560384000,91,10,-81,101,24,0.8857259996784304,-0.9041527352376352
344,1560398400,11,5,-6,16,24,1.410859991582638,-1.4766144298015011
344,1560412800,289,13,-276,302,24,-0.4796223792725097,0.4495508013192711
344,1560427200,418,15,-403,433,24,-1.3688492722303014,1.3318152952941702
344,1560441600,242,19,-223,261,24,-0.10852769166020293,0.17342221923552406
344,1560456000,214,23,-191,237,24,0.1155294782189257,0.01178597606455018
344,1560470400,66,16,-50,82,24,1.1027813829988362,-1.0321147610813228
344,1560484800,13,2,-11,15,24,1.3758510587890243,-1.4833492732669582
344,1560499200,305,11,-294,316,24,-0.6056545373295196,0.5438386098356726
344,1560513600,438,19,-419,457,24,-1.4808778571698658,1.4934515384651441
344,1560528000,327,21,-306,348,24,-0.6896759760341928,0.7593536007303044
344,1560542400,264,27,-237,291,24,-0.20655270348232171,0.3754675231992414
344,1561161600,7279,433,-6846,7712,25,-4.114711189859856,4.115787715558205
344,1561176000,16,7,-9,23,25,0.3269161283221403,-0.32448145543741963
344,1561190400,76,4,-72,80,25,0.2859884522879929,-0.29156490676441266
344,1561204800,240,16,-224,256,25,0.1872423132849706,-0.18992784419512795
344,1561219200,230,14,-216,244,25,0.19243947849565599,-0.196857643915761
344,1561233600,181,15,-166,196,25,0.22492176106243963,-0.22457684279829318
344,1561248000,104,20,-84,124,25,0.2781927044719648,-0.26615564112209145
344,1561262400,12,7,-5,19,25,0.32951471092748297,-0.32679138867763063
344,1561276800,52,6,-46,58,25,0.3028792392227204,-0.30426953958557323
344,1561291200,165,12,-153,177,25,0.2333671545298034,-0.2355490256892955
344,1561305600,196,16,-180,212,25,0.21582672194374022,-0.21533710983744914
344,1561320000,143,16,-127,159,25,0.2502579414645309,-0.24594372527024508
344,1561334400,77,13,-64,90,25,0.2911856174986783,-0.2857900736638851
344,1561348800,10,9,-1,19,25,0.3321132935328257,-0.32679138867763063
344,1561363200,252,5,-247,257,25,0.17230046330425014,-0.1893503608850752
344,1561377600,403,13,-390,416,25,0.07940113516324888,-0.09753051458668734
344,1561392000,242,25,-217,267,25,0.19178983284432033,-0.18357552778454767
344,1561406400,196,23,-173,219,25,0.22037424150308993,-0.21129472666707985
344,1561420800,78,11,-67,89,26,0.8847149427481101,-0.880331881001307
344,1561435200,9,13,4,22,26,1.4891181407492247,-1.4227566484936822
344,1561449600,236,7,-229,243,26,-0.4943458752262637,0.3664354950259436
344,1561464000,398,16,-382,414,26,-1.7967922033131725,1.7508330359393192
344,1561478400,213,20,-193,233,26,-0.1878879156764029,0.28547657450469355
344,1561492800,223,15,-208,238,26,-0.3155787321555116,0.3259560347653186
344,1561507200,68,8,-60,76,26,0.9443039904383608,-0.985578477678932
344,1561521600,10,9,-1,19,26,1.4465545352561884,-1.4470443246500573
344,1561536000,243,5,-238,248,26,-0.5709603651137289,0.4069149552865686
344,1561550400,459,15,-444,474,26,-2.324580911426821,2.2365865590668195
344,1561564800,235,23,-212,258,26,-0.34962961654994057,0.48787387580781866
344,1561579200,226,38,-188,264,26,-0.14532431018336667,0.5364492281205687
344,1561593600,79,11,-68,90,26,0.8762022216495029,-0.872235988949182
344,1561608000,18,2,-16,20,26,1.3188637187770798,-1.4389484325979323
344,1561622400,232,4,-228,236,26,-0.4858331541276565,0.30976425066106855
344,1561636800,399,16,-383,415,26,-1.8053049244117796,1.7589289279914442
344,1561651200,289,18,-271,307,26,-0.8518801613677681,0.8845725863619438
344,1561665600,261,28,-233,289,26,-0.5283967596206928,0.7388465294236938
344,1561680000,125,20,-105,145,26,0.5612315410010348,-0.42696192608230676
344,1561694400,20,7,-13,27,26,1.3444018820729013,-1.3822771882330571
344,1561708800,199,4,-195,203,26,-0.2049133578736174,0.04259981294094345
344,1561723200,399,14,-385,413,26,-1.822330366608994,1.7427371438871941
344,1561737600,291,22,-269,313,26,-0.8348547191705535,0.9331479386746939
344,1561752000,256,15,-241,271,26,-0.5964985284095506,0.5931204724854438
344,1561766400,109,15,-94,124,26,0.6548714730857145,-0.5969756591769318
344,1561780800,20,6,-14,26,26,1.3358891609742942,-1.3903730802851821
344,1561795200,90,6,-84,96,26,0.7399986840717869,-0.823660636636432
344,1561809600,212,12,-200,224,26,-0.24747696336665362,0.21261354603556853
344,1561824000,255,20,-235,275,26,-0.5454222018179072,0.6255040406939437
344,1561838400,163,23,-140,186,26,0.26328630254978114,-0.09503035194518161
344,1561852800,106,10,-96,116,26,0.6378460308885,-0.6617427955939319
344,1561867200,22,8,-14,30,26,1.3358891609742942,-1.3579895120766823
344,1561881600,41,2,-39,43,26,1.123071133509113,-1.2527429153990572
344,1561896000,184,9,-175,193,26,-0.03465893590147246,-0.03835910758030659
344,1561910400,233,17,-216,250,26,-0.38368050094436956,0.4231067393908186
344,1561924800,173,21,-152,194,26,0.16113364936649419,-0.030263215528181585
344,1561939200,80,13,-67,93,26,0.8847149427481101,-0.8479483127928069
344,1561953600,9,5,-4,14,26,1.4210163719603666,-1.4875237849106824
344,1561968000,246,6,-240,252,26,-0.5879858073109434,0.43929852349506865
344,1561982400,377,11,-366,388,26,-1.6605886657354565,1.540339842584069
344,1561996800,251,22,-229,273,26,-0.4943458752262637,0.6093122565896937
344,1562011200,205,16,-189,221,26,-0.1538370312819739,0.18832586987919353
344,1562025600,40,8,-32,48,27,1.0077484497066727,-1.05645521099732
344,1562040000,0,0,0,0,27,1.3114287000218674,-1.4829297214840236
344,1562054400,218,4,-214,222,27,-0.7194329739609966,0.4895148895169802
344,1562068800,406,13,-393,419,27,-2.4181443741616166,2.2398373596394925
344,1562083200,228,26,-202,254,27,-0.6055528800927986,0.7738312298414491
344,1562097600,229,51,-178,280,27,-0.3777926923564027,1.0048382563550802
344,1562112000,74,18,-56,92,27,0.7799882619702768,-0.6655202430511752
344,1562126400,0,3,3,3,27,1.3398987234889168,-1.4562750645786045
344,1562140800,239,6,-233,245,27,-0.8997431225856435,0.6938672591251922
344,1562155200,405,18,-387,423,27,-2.3612043272275174,2.2753769021800507
344,1562169600,231,22,-209,253,27,-0.6719829348492475,0.7649463442063095
344,1562184000,244,28,-216,272,27,-0.7384129896056963,0.933759171273963
344,1562198400,86,13,-73,99,27,0.6186581289903297,-0.6033260436051976
344,1562212800,12,8,-4,20,27,1.2734686687324681,-1.3052320087812304
344,1562227200,75,3,-72,78,27,0.6281481368126794,-0.7899086419431304
344,1562241600,170,9,-161,179,27,-0.21646255937645556,0.10746480720597495
344,1562256000,194,12,-182,206,27,-0.415752723645802,0.34735671935474566
344,1562270400,168,16,-152,184,27,-0.13105248897530708,0.15188923538167323
344,1562284800,112,29,-83,141,27,0.5237580507668314,-0.23016084692933197
344,1562299200,16,11,-5,27,27,1.2639786609101182,-1.2430378093352528
344,1562313600,151,5,-146,156,27,-0.07411244204120808,-0.09688756240223714
344,1562328000,245,12,-233,257,27,-0.8997431225856435,0.8004858867468682
344,1562342400,222,19,-203,241,27,-0.6150428879151485,0.6583277165846336
344,1562356800,198,18,-180,216,27,-0.39677270800110237,0.4362055757061422
344,1562371200,92,12,-80,104,27,0.5522280742338808,-0.5589016154294992
344,1562385600,22,9,-13,31,27,1.1880585983313194,-1.207498266794694
344,1562400000,79,5,-74,84,27,0.6091681211679798,-0.7365993281322923
344,1562414400,133,53,-80,186,27,0.5522280742338808,0.16965900665195255
344,1562428800,198,19,-179,217,27,-0.38728270017875255,0.4450904613412819
344,1562443200,150,15,-135,165,27,0.03027764400464007,-0.016923591685980236
344,1562457600,62,17,-45,79,27,0.8843783480161249,-0.7810237563079907
344,1562472000,13,7,-6,20,27,1.2544886530877684,-1.3052320087812304
344,1562486400,41,1,-40,42,27,0.9318283871278741,-1.109764524808158
344,1562500800,136,7,-129,143,27,0.08721769093873906,-0.21239107565905269
344,1562515200,179,11,-168,190,27,-0.2828926141329044,0.20519854919251115
344,1562529600,132,18,-114,150,27,0.22956780827398654,-0.1501968762130751
344,1562544000,55,11,-44,66,27,0.8938683558384748,-0.8965272695648062
344,1562558400,12,5,-7,17,27,1.2449986452654185,-1.3318866656866493
344,1562572800,247,7,-240,254,27,-0.9661731773420923,0.7738312298414491
344,1562587200,422,17,-405,439,27,-2.5320244680298147,2.4175350723422855
344,1562601600,245,16,-229,261,27,-0.8617830912962441,0.8360254292874267
344,1562616000,226,21,-205,247,27,-0.6340229035598481,0.7116370303954715
344,1562630400,58,6,-52,64,28,0.9319080345026132,-1.0128405213874232
344,1562644800,2,9,7,11,28,1.4164376420346054,-1.42456130309093
344,1562659200,285,6,-279,291,28,-0.9322990995611539,0.750567354965333
344,1562673600,423,22,-401,445,28,-1.9342077795425616,1.9468881168962777
344,1562688000,237,30,-207,267,28,-0.3410087310475361,0.5641277557033676
344,1562702400,212,23,-189,235,28,-0.19318613891913167,0.31554162335408037
344,1562716800,83,12,-71,95,28,0.7758730761448529,-0.7720227056740512
344,1562731200,1,2,1,3,28,1.3671634446584706,-1.486707836178252
344,1562745600,245,7,-238,252,28,-0.5955920841575659,0.44760300616463916
344,1562760000,447,18,-429,465,28,-2.164154033964524,2.102254449614582
344,1562774400,230,17,-213,247,28,-0.3902829284236709,0.40876142298506307
344,1562788800,225,17,-208,242,28,-0.34922109727689193,0.3699198398054869
344,1562803200,80,21,-59,101,28,0.8744214708971225,-0.7254128058585598
344,1562817600,0,2,2,2,28,1.3753758108878265,-1.4944761528141672
344,1562832000,245,5,-240,250,28,-0.6120168166162776,0.43206637289280875
344,1562846400,435,15,-420,450,28,-2.090242737900322,1.9857297000758538
344,1562860800,240,24,-216,264,28,-0.4149200271117383,0.5408228057956219
344,1562875200,191,21,-170,212,28,-0.03715118056137144,0.13687034072803017
344,1562889600,74,7,-67,81,28,0.8087225410622761,-0.8807791385768644
344,1562904000,0,2,2,2,28,1.3753758108878265,-1.4944761528141672
344,1562918400,207,7,-200,214,28,-0.2835221674420455,0.1524069739998606
344,1562932800,403,15,-388,418,28,-1.8274470185609362,1.7371435677265665
344,1562947200,259,24,-235,283,28,-0.5709549854694985,0.6884208218780111
344,1562961600,280,23,-257,303,28,-0.7516270425153262,0.8437871545963157
344,1562976000,107,36,-71,143,28,0.7758730761448529,-0.39914350715012037
344,1562990400,20,5,-15,25,28,1.2357655849887779,-1.3158048701881169
344,1563004800,74,6,-68,80,28,0.8005101748329203,-0.8885474552127796
344,1563019200,245,13,-232,258,28,-0.5463178867814311,0.49421290598013057
344,1563033600,227,15,-212,242,28,-0.3820705621943151,0.3699198398054869
344,1563048000,199,22,-177,221,28,-0.09463774416686205,0.2067851904512672
344,1563062400,135,31,-104,166,28,0.5048649905761114,-0.2204722245240702
344,1563076800,30,8,-22,38,28,1.1782790213832872,-1.2148167539212191
344,1563091200,39,3,-36,42,28,1.063305894172306,-1.183743487377558
344,1563105600,163,8,-155,171,28,0.08603431287896558,-0.18163064134449408
344,1563120000,216,16,-200,232,28,-0.2835221674420455,0.2922366734463347
344,1563134400,129,25,-104,154,28,0.5048649905761114,-0.31369202415505293
344,1563148800,68,12,-56,80,28,0.89905856958519,-0.8885474552127796
344,1563163200,10,3,-7,13,28,1.3014645148236244,-1.4090246698190996
344,1563177600,233,9,-224,242,28,-0.48061895694658474,0.3699198398054869
344,1563192000,391,15,-376,406,28,-1.7288986238086665,1.6439237680955838
344,1563206400,220,19,-201,239,28,-0.2917345336714013,0.34661488989774125
344,1563220800,189,26,-163,215,28,0.020335383044119172,0.16017529063577585
344,1563235200,77,10,-67,87,29,0.4429967531102277,-0.43215230767909846
344,1563249600,13,5,-8,18,29,0.8849234657540055,-0.9194586841981751
344,1563264000,239,5,-234,244,29,-0.8078805521696182,0.6766462591831485
344,1563278400,410,16,-394,426,29,-2.006325874593423,1.962005107392887
344,1563292800,247,14,-233,261,29,-0.8003902689044694,0.7967072504994427
344,1563307200,215,23,-192,238,29,-0.49328865503336955,0.6342717916597505
344,1563321600,78,15,-63,93,29,0.4729578861708228,-0.3897778401557005
344,1563336000,8,4,-4,12,29,0.9148845988146006,-0.9618331517215731
344,1563350400,240,6,-234,246,29,-0.8078805521696182,0.6907710816909478
344,1563364800,421,14,-407,435,29,-2.1036995570403567,2.025566808677984
344,1563379200,220,18,-202,238,29,-0.5681914876848573,0.6342717916597505
344,1563393600,235,19,-216,254,29,-0.6730554533969402,0.747270371722145
344,1563408000,67,11,-56,78,29,0.5253898690268642,-0.49571400896419543
344,1563422400,7,3,-4,10,29,0.9148845988146006,-0.9759579742293725
344,1563436800,234,7,-227,241,29,-0.7554485693135767,0.6554590254214495
344,1563451200,400,16,-384,416,29,-1.931423041941935,1.8913809948538904
344,1563465600,220,12,-208,232,29,-0.61313318727575,0.5918973241363525
344,1563480000,220,16,-204,236,29,-0.5831720542151548,0.6201469691519512
344,1563494400,79,11,-68,90,29,0.4355064698450789,-0.4109650739173995
344,1563508800,17,7,-10,24,29,0.869942899223708,-0.8770842166747772
344,1563523200,229,7,-222,236,29,-0.7179971529878328,0.6201469691519512
344,1563537600,404,13,-391,417,29,-1.9838550247979765,1.89844340610779
344,1563552000,242,27,-215,269,29,-0.6655651701317914,0.85320654053064
344,1563566400,121,30,-91,151,29,0.263229954746657,0.01984201257047991
344,1563580800,88,13,-75,101,29,0.38307448698903745,-0.3332785501245032
344,1563595200,0,5,5,5,29,0.9822971482009396,-1.0112700304988707
344,1563609600,0,1,1,1,29,0.9523360151403445,-1.0395196755144693
344,1563624000,0,5,5,5,29,0.9822971482009396,-1.0112700304988707
344,1563638400,0,17,17,17,29,1.072180547382725,-0.9265210954520748
344,1563652800,2,9,7,11,29,0.9972777147312372,-0.9688955629754727
344,1563667200,0,6,6,6,29,0.9897874314660884,-1.0042076192449712
344,1563681600,0,1,1,1,29,0.9523360151403445,-1.0395196755144693
344,1563696000,0,0,0,0,29,0.9448457318751957,-1.046582086768369
344,1563710400,0,4,4,4,29,0.9748068649357908,-1.0183324417527704
344,1563724800,0,6,6,6,29,0.9897874314660884,-1.0042076192449712
344,1563739200,0,4,4,4,29,0.9748068649357908,-1.0183324417527704
344,1563753600,0,5,5,5,29,0.9822971482009396,-1.0112700304988707
344,1563768000,0,2,2,2,29,0.9598262984054933,-1.0324572642605698
344,1563782400,225,13,-212,238,29,-0.6430943203363451,0.6342717916597505
344,1563796800,366,13,-353,379,29,-1.6992242607223227,1.6300717784596028
344,1563811200,237,30,-207,267,29,-0.6056429040106012,0.8390817180228407
344,1563825600,200,20,-180,220,29,-0.4034052558515842,0.5071483890895566
344,1563840000,24,7,-17,31,30,0.8042812384252713,-0.7789252186293971
344,1563854400,1,3,2,4,30,0.9455571416309431,-0.9621447162285957
344,1563868800,222,9,-213,231,30,-0.6530912367490261,0.5782562450683701
344,1563883200,402,13,-389,415,30,-1.9617522348647218,1.8268631916703162
344,1563897600,210,28,-182,238,30,-0.4225884473081934,0.625757596297792
344,1563912000,216,20,-196,236,30,-0.5266864812492146,0.6121857816608144
344,1563926400,39,12,-27,51,30,0.7299254998959704,-0.6432070722596204
344,1563940800,1,3,2,4,30,0.9455571416309431,-0.9621447162285957
344,1563955200,235,5,-230,240,30,-0.7794959922488377,0.6393294109347697
344,1563969600,428,11,-417,439,30,-2.1699483027467643,1.9897249673140482
344,1563984000,204,18,-186,222,30,-0.45233074271991375,0.5171830792019707
344,1563998400,232,20,-212,252,30,-0.6456556628960961,0.7207602987566357
344,1564012800,43,14,-29,57,30,0.7150543521901103,-0.6024916283486873
344,1564027200,1,2,1,3,30,0.9381215677780129,-0.9689306235470845
344,1564041600,256,6,-250,262,30,-0.9282074693074395,0.7886193719415241
344,1564056000,415,16,-399,431,30,-2.0361079733940226,1.9354377087661374
344,1564070400,209,18,-191,227,30,-0.4895086119845642,0.5511126157944148
344,1564084800,232,22,-210,254,30,-0.6307845151902359,0.7343321133936135
344,1564099200,53,11,-42,64,30,0.6183918921020192,-0.5549902771192655
344,1564113600,1,3,2,4,30,0.9455571416309431,-0.9621447162285957
344,1564128000,234,8,-226,242,30,-0.7497536968371173,0.6529012255717473
344,1564142400,357,17,-340,374,30,-1.5974091160711474,1.5486409916122739
344,1564156800,261,16,-245,277,30,-0.891029600042789,0.8904079817188567
344,1564171200,260,30,-230,290,30,-0.7794959922488377,0.9786247768592116
344,1564185600,124,16,-108,140,30,0.12764401780863324,-0.039261320914113926
344,1564200000,0,3,3,3,30,0.9529927154838732,-0.9689306235470845
344,1564214400,0,0,0,0,30,0.9306859939250829,-0.9892883455025511
344,1564228800,0,0,0,0,30,0.9306859939250829,-0.9892883455025511
344,1564243200,0,0,0,0,30,0.9306859939250829,-0.9892883455025511
344,1564257600,0,0,0,0,30,0.9306859939250829,-0.9892883455025511
344,1564272000,1,0,-1,1,30,0.9232504200721527,-0.9825024381840622
344,1564286400,0,0,0,0,30,0.9306859939250829,-0.9892883455025511
344,1564300800,0,0,0,0,30,0.9306859939250829,-0.9892883455025511
344,1564315200,0,1,1,1,30,0.9381215677780129,-0.9825024381840622
344,1564329600,0,0,0,0,30,0.9306859939250829,-0.9892883455025511
344,1564344000,0,0,0,0,30,0.9306859939250829,-0.9892883455025511
344,1564358400,0,0,0,0,30,0.9306859939250829,-0.9892883455025511
344,1564372800,0,0,0,0,30,0.9306859939250829,-0.9892883455025511
344,1564387200,220,10,-210,230,30,-0.6307845151902359,0.5714703377498813
344,1564401600,396,16,-380,412,30,-1.894832070188351,1.8065054697148497
344,1564416000,215,58,-157,273,30,-0.23669910098494115,0.8632643524449013
344,1564430400,198,17,-181,215,30,-0.4151528734552633,0.4696817279725488
344,1564444800,38,6,-32,44,31,1.1034949490101043,-1.1888942662723474
344,1564459200,3,7,4,10,31,1.3852383402467268,-1.4411401636405834
344,1564473600,234,5,-229,239,31,-0.43826749747919036,0.2578101451043
344,1564488000,373,12,-361,385,31,-1.4713265986801392,1.340983704391431
344,1564502400,222,18,-204,240,31,-0.24261236467598038,0.2652291420857187
344,1564516800,199,23,-176,222,31,-0.023478615936385196,0.131687196420182
344,1564531200,32,11,-21,43,31,1.1895832074435166,-1.1963132632537663
344,1564545600,2,19,17,21,31,1.4869790093043957,-1.3595311968449777
344,1564560000,223,7,-216,230,31,-0.33652682842152115,0.19103917227153167
344,1564574400,409,15,-394,424,31,-1.7295913739803763,1.6303245866667604
344,1564588800,295,18,-277,313,31,-0.8139253524613536,0.8068159217292842
344,1564603200,228,22,-206,250,31,-0.25826477530023717,0.33941911189990576
344,1564617600,34,9,-25,43,31,1.158278386195003,-1.1963132632537663
344,1564632000,3,11,8,14,31,1.4165431614952402,-1.4114641757149087
344,1564646400,232,17,-215,249,31,-0.32870062310939274,0.3320001149184871
344,1564660800,398,17,-381,415,31,-1.6278507049227071,1.563553613833992
344,1564675200,229,17,-212,246,31,-0.30522200717300757,0.3097431239742309
344,1564689600,243,25,-218,268,31,-0.35217923904577797,0.47296105756544243
344,1564704000,48,10,-38,58,31,1.0565377171373338,-1.0850283085324857
344,1564718400,1,11,10,12,31,1.432195572119497,-1.426302169677746
344,1564732800,224,16,-208,240,31,-0.273917185924494,0.2652291420857187
344,1564747200,328,46,-282,374,31,-0.8530563790219955,1.2593747375958253
344,1564761600,259,17,-242,276,31,-0.5400081665368596,0.5323130334167921
344,1564776000,270,16,-254,286,31,-0.6339226302824004,0.6065030032309792
344,1565395200,5685,347,-5338,6032,32,-4.1081898844198825,4.109049186245782
344,1565409600,1,1,0,2,32,0.2870412934642938,-0.28504532379980646
344,1565424000,0,0,0,0,32,0.2870412934642938,-0.28650273491424944
344,1565438400,0,0,0,0,32,0.2870412934642938,-0.28650273491424944
344,1565452800,0,0,0,0,32,0.2870412934642938,-0.28650273491424944
344,1565467200,0,0,0,0,32,0.2870412934642938,-0.28650273491424944
344,1565481600,1,0,-1,1,32,0.28621790808065123,-0.28577402935702795
344,1565496000,0,0,0,0,32,0.2870412934642938,-0.28650273491424944
344,1565510400,0,0,0,0,32,0.2870412934642938,-0.28650273491424944
344,1565524800,0,0,0,0,32,0.2870412934642938,-0.28650273491424944
344,1565539200,0,0,0,0,32,0.2870412934642938,-0.28650273491424944
344,1565553600,0,0,0,0,32,0.2870412934642938,-0.28650273491424944
344,1565568000,0,0,0,0,32,0.2870412934642938,-0.28650273491424944
344,1565582400,0,0,0,0,32,0.2870412934642938,-0.28650273491424944
344,1565596800,216,4,-212,220,32,0.11248359213206349,-0.1261875123255215
344,1565611200,378,14,-364,392,32,-0.012670986181611079,-0.0008501564834250863
344,1565625600,217,13,-204,230,32,0.11907067520120426,-0.11890045675330659
344,1565640000,178,22,-156,200,32,0.15859317361604885,-0.1407616234699513
344,1565654400,45,10,-35,55,33,0.6165774989969877,-0.5821657570239136
344,1565668800,1,13,12,14,33,0.9960985414104748,-0.8860425177378206
344,1565683200,215,8,-207,223,33,-0.7723080179204549,0.6629877990720957
344,1565697600,389,13,-376,402,33,-2.1369687874498022,1.9896692665791533
344,1565712000,231,20,-211,251,33,-0.8046076811045815,0.8705133917547639
344,1565726400,159,29,-130,188,33,-0.15053950162601845,0.40358080821876047
344,1565740800,31,9,-22,40,33,0.721551404345399,-0.693340181675343
344,1565755200,1,12,11,13,33,0.9880236256144431,-0.8934541460479158
344,1565769600,212,6,-206,218,33,-0.7642331021244233,0.6259296575216192
344,1565784000,400,14,-386,414,33,-2.2177179454101186,2.0786088063002968
344,1565798400,207,18,-189,225,33,-0.6269595335918854,0.6778110556922863
344,1565812800,209,21,-188,230,33,-0.6188846177958537,0.7148691972427628
344,1565827200,34,14,-20,48,33,0.7377012359374623,-0.6340471551945807
344,1565841600,0,0,0,0,33,0.8991995518580951,-0.9898053140791547
344,1565856000,199,5,-194,204,33,-0.6673341125720436,0.5221668611802852
344,1565870400,403,14,-389,417,33,-2.241942692798214,2.100843691230583
344,1565884800,241,27,-214,268,33,-0.8288324284926765,0.996511073026384
344,1565899200,238,22,-216,260,33,-0.8449822600847398,0.9372180465456216
344,1565913600,38,11,-27,49,33,0.6811768253652407,-0.6266355268844853
344,1565928000,1,3,2,4,33,0.9153493834501584,-0.9601588008387736
344,1565942400,142,69,-73,211,33,0.3097306987477852,0.5740482593509523
344,1565956800,233,10,-223,243,33,-0.9015066706569612,0.8112203652740017
344,1565971200,234,24,-210,258,33,-0.7965327653085499,0.922394789925431
344,1565985600,229,20,-209,249,33,-0.7884578495125182,0.8556901351345734
344,1566000000,97,10,-87,107,33,0.1966818776033422,-0.1967610848989583
344,1566014400,0,1,1,1,33,0.9072744676541268,-0.9823936857690594
344,1566028800,0,3,3,3,33,0.9234242992461901,-0.9675704291488688
344,1566043200,1,0,-1,1,33,0.8911246360620635,-0.9823936857690594
344,1566057600,0,0,0,0,33,0.8991995518580951,-0.9898053140791547
344,1566072000,0,0,0,0,33,0.8991995518580951,-0.9898053140791547
344,1566086400,0,1,1,1,33,0.9072744676541268,-0.9823936857690594
344,1566100800,0,2,2,2,33,0.9153493834501584,-0.9749820574589642
344,1566115200,0,1,1,1,33,0.9072744676541268,-0.9823936857690594
344,1566129600,0,0,0,0,33,0.8991995518580951,-0.9898053140791547
344,1566144000,0,0,0,0,33,0.8991995518580951,-0.9898053140791547
344,1566158400,0,0,0,0,33,0.8991995518580951,-0.9898053140791547
344,1566172800,0,0,0,0,33,0.8991995518580951,-0.9898053140791547
344,1566187200,0,0,0,0,33,0.8991995518580951,-0.9898053140791547
344,1566201600,205,3,-202,208,33,-0.7319334389402967,0.5518133744206664
344,1566216000,357,10,-347,367,33,-1.902796229364885,1.730262275725818
344,1566230400,211,30,-181,241,33,-0.5623602072236322,0.796397108653811
344,1566244800,180,13,-167,193,33,-0.44931138607918925,0.44063894976923695
344,1566259200,32,13,-19,45,34,0.761284607248008,-0.6768630063924612
344,1566273600,0,0,0,0,34,0.9131608863939855,-1.010876343750621
344,1566288000,205,17,-188,222,34,-0.5896149283135821,0.6369227872163001
344,1566302400,370,15,-355,385,34,-1.9245274871229638,1.8467933203136342
344,1566316800,243,23,-220,266,34,-0.8454065563489127,0.9635136059665007
344,1566331200,192,22,-170,214,34,-0.4457321375437086,0.5775426383526273
344,1566345600,40,24,-16,64,34,0.7852650723763202,-0.5358351528412383
344,1566360000,0,3,3,3,34,0.9371413515222977,-0.9886087879267437
344,1566374400,219,4,-215,223,34,-0.8054391144683923,0.6443453058242593
344,1566388800,363,21,-342,384,34,-1.820612138233611,1.839370801705675
344,1566403200,210,16,-194,226,34,-0.6375758585702066,0.6666128616481366
344,1566417600,175,21,-154,196,34,-0.31783632352604324,0.44393730340936344
344,1566432000,42,14,-28,56,34,0.6893432118630711,-0.5952153017049111
344,1566446400,0,1,1,1,34,0.9211543747700895,-1.003453825142662
344,1566460800,221,5,-216,226,34,-0.8134326028444964,0.6666128616481366
344,1566475200,386,10,-376,396,34,-2.0923907430211495,1.9284410250011843
344,1566489600,230,13,-217,243,34,-0.8214260912206005,0.7927956779834413
344,1566504000,204,40,-164,244,34,-0.3977712072870841,0.8002181965914005
344,1566518400,44,18,-26,62,34,0.7053301886152793,-0.5506801900571565
344,1566532800,0,2,2,2,34,0.9291478631461937,-0.9960313065347027
344,1566547200,208,6,-202,214,34,-0.7015237655790393,0.5775426383526273
344,1566561600,339,17,-322,356,34,-1.6607423707115292,1.63154028068282
344,1566576000,249,16,-233,265,34,-0.9493219052382658,0.9560910873585416
344,1566590400,203,27,-176,230,34,-0.49369306780033306,0.696302936079973
344,1566604800,92,13,-79,105,34,0.28167530468176294,-0.231511889914915
344,1566619200,0,4,4,4,34,0.9451348398984019,-0.9811862693187845
344,1566633600,0,1,1,1,34,0.9211543747700895,-1.003453825142662
344,1566648000,0,4,4,4,34,0.9451348398984019,-0.9811862693187845
344,1566662400,0,2,2,2,34,0.9291478631461937,-0.9960313065347027
344,1566676800,0,4,4,4,34,0.9451348398984019,-0.9811862693187845
344,1566691200,0,4,4,4,34,0.9451348398984019,-0.9811862693187845
344,1566705600,0,1,1,1,34,0.9211543747700895,-1.003453825142662
344,1566720000,0,2,2,2,34,0.9291478631461937,-0.9960313065347027
344,1566734400,0,5,5,5,34,0.9531283282745059,-0.9737637507108254
344,1566748800,0,2,2,2,34,0.9291478631461937,-0.9960313065347027
344,1566763200,0,16,16,16,34,1.0410567004116509,-0.8921160460232753
344,1566777600,2,3,1,5,34,0.9211543747700895,-0.9737637507108254
344,1566792000,0,0,0,0,34,0.9131608863939855,-1.010876343750621
344,1566806400,217,6,-211,223,34,-0.773465160963976,0.6443453058242593
344,1566820800,374,15,-359,389,34,-1.9565014406273802,1.8764833947454704
344,1566835200,216,14,-202,230,34,-0.7015237655790393,0.696302936079973
344,1566849600,183,17,-166,200,34,-0.41375818403929226,0.47362737784119985
344,1566864000,33,6,-27,39,35,1.0155175763942637,-1.0476396272174742
344,1566878400,0,6,6,6,35,1.317229320105603,-1.3345741243076041
344,1566892800,218,7,-211,225,35,-0.6667539642992641,0.5696275381996224
344,1566907200,401,10,-391,411,35,-2.312454384542933,2.1868947036167192
344,1566921600,207,15,-192,222,35,-0.4930411421624325,0.5435425839187016
344,1566936000,195,16,-179,211,35,-0.37418500070038974,0.44789775155532485
344,1566950400,28,4,-24,32,35,1.0429459167316582,-1.108504520539623
344,1566964800,1,7,6,8,35,1.317229320105603,-1.3171841547869902
344,1566979200,256,9,-247,265,35,-0.9958940483479979,0.9174269286119013
344,1566993600,379,10,-369,389,35,-2.1113132220687065,1.9956050388899658
344,1567008000,230,21,-209,251,35,-0.6484684040743345,0.7956971419676037
344,1567022400,196,16,-180,212,35,-0.38332778081285457,0.45659273631563185
344,1567036800,45,8,-37,53,35,0.9240897752696154,-0.9259098405731766
344,1567051200,0,2,2,2,35,1.2806581996557436,-1.3693540633488321
344,1567065600,234,5,-229,239,35,-0.831324006323631,0.6913573248439201
344,1567080000,389,15,-374,404,35,-2.1570271226310305,2.1260298102945705
344,1567094400,258,27,-231,285,35,-0.8496095665485607,1.0913266238180408
344,1567108800,195,14,-181,209,35,-0.3924705609253194,0.4305077820347109
344,1567123200,46,10,-36,56,35,0.9332325553820803,-0.8998248862922557
344,1567137600,0,3,3,3,35,1.2898009797682084,-1.360659078588525
344,1567152000,208,7,-201,215,35,-0.5753261631746159,0.48267769059655274
344,1567166400,336,11,-325,347,35,-1.7090308971202541,1.630415678957073
344,1567180800,252,16,-236,268,35,-0.8953234671108847,0.9435118828928222
344,1567195200,209,21,-188,230,35,-0.45647002171257317,0.6131024620011574
344,1567209600,99,11,-88,110,35,0.45780798953390933,-0.4302957092356792
344,1567224000,17,7,-10,24,35,1.1709448383061656,-1.1780643986220787
344,1567238400,65,5,-60,70,35,0.7138058326829244,-0.7780950996479581
344,1567252800,173,9,-164,182,35,-0.2370432990134174,0.1957431935064227
344,1567267200,197,18,-179,215,35,-0.37418500070038974,0.48267769059655274
344,1567281600,145,13,-132,158,35,0.05552566458545702,-0.012936440740944615
344,1567296000,60,10,-50,70,35,0.8052336338075726,-0.7780950996479581
344,1567310400,14,2,-12,16,35,1.152659278081236,-1.2476242767045345
344,1567324800,39,4,-35,43,35,0.942375335494545,-1.0128596881762464
344,1567339200,141,7,-134,148,35,0.03724010436052737,-0.09988628834401432
344,1567353600,167,13,-154,180,35,-0.14561549788876912,0.17835322398580875
344,1567368000,130,14,-116,144,35,0.20181014638489422,-0.1346662273852422
344,1567382400,74,19,-55,93,35,0.7595197332452486,-0.5781104501608978
344,1567396800,13,5,-8,18,35,1.1892303985310952,-1.2302343071839206
344,1567425600,202,12,-190,214,35,-0.47475558193750284,0.4739827058362458
344,1567440000,153,10,-143,163,35,-0.04504491665165605,0.030538483060590243
344,1567454400,95,14,-81,109,35,0.521807450321163,-0.4389906939959862
344,1567468800,48,8,-40,56,36,0.9658599587362342,-0.9822317013547182
344,1567483200,11,2,-9,13,36,1.214830393555988,-1.3071832405828956
344,1567497600,253,11,-242,264,36,-0.6564635197666783,0.5896269070048381
344,1567512000,379,12,-367,391,36,-1.6603765633947183,1.5493674996089901
344,1567526400,242,20,-222,262,36,-0.4958374327861919,0.5745128819244577
344,1567540800,242,18,-224,260,36,-0.5119000414842406,0.5593988568440774
344,1567555200,28,14,-14,42,36,1.1746738718108665,-1.0880298769173806
344,1567569600,0,3,3,3,36,1.31120604574428,-1.3827533659847975
344,1567584000,243,13,-230,256,36,-0.5600878675783865,0.5291708066833167
344,1567598400,422,20,-402,442,36,-1.9414722156105695,1.9347751391586892
344,1567612800,216,28,-188,244,36,-0.22277308491936507,0.4384866562010346
344,1567627200,210,26,-184,236,36,-0.1906478675232678,0.3780305558795132
344,1567641600,56,8,-48,64,36,0.9016095239440396,-0.9217756010331968
344,1567656000,2,9,7,11,36,1.3433312631403773,-1.322297265663276
344,1567670400,299,14,-285,313,36,-1.001809606774724,0.9599205214741566
344,1567684800,394,14,-380,408,36,-1.7647835199320343,1.6778367127922231
344,1567699200,241,23,-218,264,36,-0.46371221539009466,0.5896269070048381
344,1567713600,214,19,-195,233,36,-0.2789922153625353,0.3553595182589427
344,1567728000,34,5,-29,39,36,1.0542043065755018,-1.1107009145379512
344,1567742400,0,1,1,1,36,1.2951434370462314,-1.3978673910651778
344,1567756800,318,7,-311,325,36,-1.2106235198493565,1.0506046719564388
344,1567771200,362,14,-348,376,36,-1.507781780763256,1.4360123115061376
344,1567785600,254,14,-240,268,36,-0.6404009110686297,0.6198549571655988
344,1567800000,238,34,-204,272,36,-0.3512739545037542,0.6500830073263595
344,1567814400,82,12,-70,94,36,0.7249208282655046,-0.6950652248274916
344,1567828800,15,4,-11,19,36,1.1987677848579394,-1.2618411653417545
344,1567843200,73,5,-68,78,36,0.7409834369635533,-0.8159774254705343
344,1567857600,206,11,-195,217,36,-0.2789922153625353,0.23444731761589988
344,1567872000,237,17,-220,254,36,-0.4797748240881433,0.5140567816029363
344,1567886400,158,23,-135,181,36,0.20288604557892387,-0.03760513383094639
344,1567900800,77,9,-68,86,36,0.7409834369635533,-0.7555213251490129
344,1567915200,13,7,-6,20,36,1.238924306603061,-1.2542841528015645
344,1567929600,37,2,-35,39,36,1.0060164804813558,-1.1107009145379512
344,1567944000,130,13,-117,143,36,0.34744952386136163,-0.324771610358173
344,1567958400,172,13,-159,185,36,0.01013474120234019,-0.007377083670185687
344,1567972800,114,11,-103,125,36,0.4598877847477021,-0.46079783608159613
344,1567987200,38,13,-25,51,36,1.086329523971599,-1.020016764055669
344,1568001600,10,3,-7,13,36,1.2308930022540367,-1.3071832405828956
344,1568016000,319,9,-310,328,36,-1.2025922155003321,1.0732757095770091
344,1568030400,413,14,-399,427,36,-1.9173783025634965,1.8214199510558364
344,1568044800,245,17,-228,262,36,-0.5440252588803378,0.5745128819244577
344,1568059200,226,20,-206,246,36,-0.3673365632018028,0.45360068128141495
344,1568073600,25,15,-10,40,37,1.2448042442759926,-1.1334365366034398
344,1568088000,0,2,2,2,37,1.3340096102812675,-1.397249386598932
344,1568102400,345,13,-332,358,37,-1.1488730768655575,1.074260471253574
344,1568116800,410,18,-392,428,37,-1.5948999068919334,1.5602315107189542
344,1568131200,225,17,-208,242,37,-0.22708429481104758,0.2689370344252292
344,1568145600,262,24,-238,286,37,-0.45009770982423547,0.5744045449463254
344,1568160000,46,8,-38,54,37,1.0366583902636837,-1.0362423287103637
344,1568174400,1,2,1,3,37,1.326575829780828,-1.390306943177998
344,1568188800,329,13,-316,342,37,-1.029932588858524,0.9631813765186298
344,1568203200,439,19,-420,458,37,-1.803045760904242,1.7685048133469743
344,1568217600,247,12,-235,259,37,-0.4277963683229167,0.38695857258110733
344,1568232000,249,30,-219,279,37,-0.3088558803158831,0.5258074409997874
344,1568246400,41,7,-34,48,37,1.0663935122654422,-1.0778969892359678
344,1568260800,0,3,3,3,37,1.3414433907817072,-1.390306943177998
344,1568275200,355,7,-348,362,37,-1.267813564872591,1.1020302449373098
344,1568289600,428,15,-413,443,37,-1.7510092974011648,1.6643681620329642
344,1568304000,226,17,-209,243,37,-0.2345180753114872,0.27587947784616323
344,1568318400,236,23,-213,259,37,-0.2642531973132456,0.38695857258110733
344,1568332800,36,7,-29,43,37,1.1035624147676402,-1.1126092063406379
344,1568347200,0,0,0,0,37,1.3191420492803885,-1.4111342734408001
344,1568361600,318,6,-312,324,37,-1.0001974668567657,0.8382173949418177
344,1568376000,404,17,-387,421,37,-1.5577310043897352,1.5116344067724161
344,1568390400,303,19,-284,322,37,-0.7920516128444569,0.8243325080999496
344,1568404800,287,29,-258,316,37,-0.5987733198330274,0.7826778475743457
344,1568419200,99,16,-83,115,37,0.702138267743902,-0.6127532800333895
344,1568433600,14,4,-10,18,37,1.2448042442759926,-1.286170291863988
344,1568448000,79,4,-75,83,37,0.7616085117474187,-0.8349114695032777
344,1568462400,198,9,-189,207,37,-0.08584246530269525,0.02595151469253904
344,1568476800,208,14,-194,222,37,-0.12301136780489323,0.13008816600654913
344,1568491200,169,13,-156,182,37,0.15947229121181142,-0.14760957083081108
344,1568505600,90,10,-80,100,37,0.7244396092452208,-0.7168899313473995
344,1568520000,19,3,-16,22,37,1.200201561273355,-1.258400518180252
344,1568534400,44,4,-40,48,37,1.0217908292628046,-1.0778969892359678
344,1568548800,160,9,-151,169,37,0.1966411937140094,-0.23786133530295317
344,1568563200,249,23,-226,272,37,-0.3608923438189603,0.4772103370532494
344,1568577600,165,14,-151,179,37,0.1966411937140094,-0.16843690109361312
344,1568592000,77,4,-73,81,37,0.7764760727482979,-0.8487963563451456
344,1568606400,8,7,-1,15,37,1.3117082687799488,-1.30699762212679
344,1568620800,328,8,-320,336,37,-1.0596677108602823,0.9215267159930257
344,1568635200,412,17,-395,429,37,-1.617201248393252,1.5671739541398881
344,1568649600,223,13,-210,236,37,-0.24195185581192677,0.2272823738996252
344,1568664000,241,47,-194,288,37,-0.12301136780489323,0.5882894317881935
344,1568678400,75,9,-66,84,38,0.8676713564798638,-0.8818495252093467
344,1568692800,10,4,-6,14,38,1.331410872562421,-1.3893143136445552
344,1568707200,332,10,-322,342,38,-1.1109505788057132,0.9885206950232783
344,1568721600,436,19,-417,455,38,-1.8452048126030955,1.8077138534972574
344,1568736000,217,25,-192,242,38,-0.10618162729350616,0.263570997258695
344,1568750400,236,20,-216,256,38,-0.29167743372652905,0.3650639549457366
344,1568764800,61,9,-52,70,38,0.9758772435657939,-0.9833424828963884
344,1568779200,15,5,-10,20,38,1.3004949048235839,-1.3458173317786801
344,1568793600,340,7,-333,347,38,-1.1959694900875155,1.0247681799115076
344,1568808000,415,21,-394,436,38,-1.667437998104782,1.6699734109219866
344,1568822400,238,23,-215,261,38,-0.2839484417918197,0.40131143983396583
344,1568836800,246,23,-223,269,38,-0.345780377269494,0.4593074156551325
344,1568851200,86,10,-76,96,38,0.790381437132771,-0.7948555614775967
344,1568865600,14,8,-6,22,38,1.331410872562421,-1.3313183378233884
344,1568880000,333,9,-324,342,38,-1.126408562675132,0.9885206950232783
344,1568894400,414,17,-397,431,38,-1.6906249739089096,1.6337259260337575
344,1568908800,253,21,-232,274,38,-0.4153413046818776,0.49555490054336165
344,1568923200,217,29,-188,246,38,-0.07526565955466902,0.2925689851692783
344,1568937600,82,11,-71,93,38,0.8290263968063174,-0.8166040524105342
344,1568952000,8,2,-6,10,38,1.331410872562421,-1.4183123015551384
344,1568966400,317,10,-307,327,38,-0.995015699785074,0.8797782403585909
344,1568980800,393,20,-373,413,38,-1.5051291674758869,1.5032349804361325
344,1568995200,292,17,-275,309,38,-0.7476879578743769,0.7492872947609658
344,1569009600,286,42,-244,328,38,-0.5080892078983891,0.8870277373362366
344,1569024000,94,18,-76,112,38,0.790381437132771,-0.6788636098352634
344,1569038400,18,6,-12,24,38,1.2850369209541652,-1.3168193438680966
344,1569052800,70,3,-67,73,38,0.8599423645451546,-0.9615939919634509
344,1569067200,204,12,-192,216,38,-0.10618162729350616,0.0750840758399033
344,1569081600,208,16,-192,224,38,-0.10618162729350616,0.13308005166106998
344,1569096000,173,19,-154,192,38,0.1875200662254467,-0.0989038516235967
344,1569110400,107,14,-93,121,38,0.6589885742427132,-0.6136181370364509
344,1569124800,13,4,-9,17,38,1.308223896758293,-1.3675658227116176
344,1569139200,51,3,-48,54,38,1.006793211304631,-1.0993344345387217
344,1569153600,171,7,-164,178,38,0.11023014687835384,-0.20039680931063836
344,1569168000,196,15,-181,211,38,-0.021162716011704018,0.03883659095167414
344,1569182400,128,12,-116,140,38,0.48122175974439957,-0.47587769446118006
344,1569196800,54,11,-43,65,38,1.0454381709781775,-1.0195899677846176
344,1569211200,9,5,-4,14,38,1.3468688564318396,-1.3893143136445552
344,1569225600,319,9,-310,328,38,-1.018202675589202,0.8870277373362366
344,1569240000,446,17,-429,463,38,-1.9379527158196068,1.8657098293184244
344,1569254400,245,16,-229,261,38,-0.39215432887774976,0.40131143983396583
344,1569268800,240,17,-223,257,38,-0.345780377269494,0.3723134519233825
344,1569283200,70,7,-63,77,39,0.8941283327704278,-0.9375286606092518
344,1569297600,9,11,2,20,39,1.3974211881236789,-1.3520915740740742
344,1569312000,345,11,-334,356,39,-1.2042157257023576,1.0916477052975109
344,1569326400,428,13,-415,441,39,-1.8313960531425628,1.7098555587099655
344,1569340800,271,22,-249,293,39,-0.5460635302404138,0.6334465904153387
344,1569355200,226,23,-203,249,39,-0.1898870479904207,0.313433113354774
344,1569369600,83,7,-76,90,39,0.7934697616997776,-0.842979224204994
344,1569384000,8,2,-6,10,39,1.335477452080202,-1.4248219097696573
344,1569398400,330,9,-321,339,39,-1.1035571546317073,0.9680061346150199
344,1569412800,438,16,-422,454,39,-1.8855968221806052,1.8044049951142234
344,1569427200,253,18,-235,271,39,-0.43766199216432894,0.47343985188505633
344,1569441600,267,28,-239,295,39,-0.46863386018606745,0.6479926575544552
344,1569456000,82,8,-74,90,39,0.8089556957106468,-0.842979224204994
344,1569470400,9,6,-3,15,39,1.3587063530965058,-1.3884567419218659
344,1569484800,337,13,-324,350,39,-1.1267860556480112,1.0480095038801611
344,1569499200,453,20,-433,473,39,-1.9707694592403862,1.9425926329358305
344,1569513600,239,24,-215,263,39,-0.2828026520556363,0.41525558332858997
344,1569528000,214,27,-187,241,39,-0.06599957590346658,0.2552488447983076
344,1569542400,94,8,-86,102,39,0.7160400916454313,-0.7557028213702945
344,1569556800,11,4,-7,15,39,1.3277344850747672,-1.3884567419218659
344,1569571200,337,10,-327,347,39,-1.1500149566643152,1.0261904031714864
344,1569585600,426,19,-407,445,39,-1.7694523170990857,1.7389476929881986
344,1569600000,279,24,-255,303,39,-0.5925213322730216,0.7061769261109215
344,1569614400,275,25,-250,300,39,-0.5538064972458484,0.6843578254022467
344,1569628800,87,16,-71,103,39,0.8321845967269508,-0.7484297878007363
344,1569643200,19,4,-15,23,39,1.26579074903129,-1.3302724733653994
344,1569657600,87,3,-84,90,39,0.7315260256563005,-0.842979224204994
344,1569672000,239,13,-226,252,39,-0.36797528911541727,0.3352522140634488
344,1569686400,218,25,-193,243,39,-0.11245737793607438,0.2697949119374242
344,1569700800,186,17,-169,203,39,0.0733738301943568,-0.021126430844907364
344,1569715200,82,17,-65,99,39,0.8786423987595585,-0.7775219220789694
344,1569729600,19,2,-17,21,39,1.250304815020421,-1.344818540504516
344,1569744000,48,2,-46,50,39,1.0257587718628165,-1.1339005669873257
344,1569758400,164,13,-151,177,39,0.21274723629218018,-0.21022530365342287
344,1569772800,210,15,-195,225,39,-0.12794331194694364,0.13888030768537502
344,1569787200,109,12,-97,121,39,0.6308674545856503,-0.6175151835486871
344,1569801600,59,10,-49,69,39,1.0025298708465127,-0.9957129291657182
344,1569816000,12,7,-5,19,39,1.3432204190856365,-1.3593646076436325
344,1569830400,259,16,-243,275,39,-0.499605728207806,0.5025319861632894
344,1569844800,342,13,-329,355,39,-1.1655008906751845,1.0843746717279525
344,1569859200,243,17,-226,260,39,-0.36797528911541727,0.39343648261991515
344,1569873600,205,19,-186,224,39,-0.058256608898031956,0.1316072741158167
344,1569888000,76,8,-68,84,40,0.7684893432715212,-0.8149777565994905
344,1569902400,8,4,-4,12,40,1.2044748550304594,-1.2838690686156358
344,1569916800,236,12,-224,248,40,-0.2942253416408907,0.25305245410395144
344,1569931200,410,19,-391,429,40,-1.43187503638687,1.431793113477872
344,1569945600,242,15,-227,257,40,-0.3146621625045909,0.3116638681059696
344,1569960000,239,22,-217,261,40,-0.2465394262922568,0.33771338544019985
344,1569974400,81,13,-68,94,40,0.7684893432715212,-0.7498539632639147
344,1569988800,7,2,-5,9,40,1.197662581409226,-1.3034062066163086
344,1570003200,333,13,-320,346,40,-0.948203609279298,0.8912656287925935
344,1570017600,689,19,-670,708,40,-3.332499376710991,3.248746947540435
344,1570032000,289,17,-272,306,40,-0.6212144754600943,0.6307704554502906
344,1570046400,244,20,-224,264,40,-0.2942253416408907,0.3572505234408726
344,1570060800,73,7,-66,80,40,0.782113890513988,-0.8410272739337208
344,1570075200,7,5,-2,12,40,1.2180994022729261,-1.2838690686156358
344,1570089600,350,9,-341,359,40,-1.0912613553251995,0.975926560128842
344,1570104000,447,16,-431,463,40,-1.7043659812362064,1.6532140108188296
344,1570118400,240,15,-225,255,40,-0.3010376152621241,0.2986391094388544
344,1570132800,246,17,-229,263,40,-0.3282867097470577,0.350738144107315
344,1570147200,69,7,-62,76,40,0.8093629849989217,-0.8670767912679511
344,1570161600,14,8,-6,22,40,1.1908503077879926,-1.21874527528006
344,1570176000,318,11,-307,329,40,-0.8596440522032637,0.7805551801221148
344,1570190400,441,14,-427,455,40,-1.677116886751273,1.601114976150369
344,1570204800,257,41,-216,298,40,-0.2397271526710234,0.5786714207818301
344,1570219200,268,26,-242,294,40,-0.41684626682309206,0.5526219034475998
344,1570233600,105,52,-53,157,40,0.8706734475900223,-0.33957406524978767
344,1570248000,19,6,-13,25,40,1.1431643924393586,-1.1992081372793872
344,1570262400,76,6,-70,82,40,0.7548647960290544,-0.8280025152666056
344,1570276800,223,11,-212,234,40,-0.21247805818608978,0.16187914343414542
344,1570291200,211,15,-196,226,40,-0.10348168024635522,0.10978010876568482
344,1570305600,160,16,-144,176,40,0.2507565480577821,-0.21583885791219382
344,1570320000,77,10,-67,87,40,0.7753016168927546,-0.7954406185988178
344,1570334400,12,5,-7,17,40,1.1840380341667591,-1.251307171947848
344,1570348800,39,3,-36,42,40,0.9864820991509903,-1.0884976886089086
344,1570363200,165,8,-157,173,40,0.16219699098174775,-0.23537599591286654
344,1570377600,178,10,-168,188,40,0.08726198114818025,-0.13769030590950293
344,1570392000,117,25,-92,142,40,0.6049947763619193,-0.4372597552531513
344,1570406400,47,11,-36,58,40,0.9864820991509903,-0.9842996192719874
344,1570420800,16,4,-12,20,40,1.1499766660605921,-1.231770033947175
344,1570435200,325,8,-317,333,40,-0.9277667884155978,0.8066046974563451
344,1570449600,387,22,-365,409,40,-1.2547559222348015,1.3015455268067206
344,1570464000,214,22,-192,236,40,-0.07623258576142158,0.17490390210126056
344,1570478400,234,21,-213,255,40,-0.21929033180732319,0.2986391094388544
344,1570492800,63,20,-43,83,41,0.9841816069862492,-0.7972428332691087
344,1570507200,1,7,6,8,41,1.3882202559345238,-1.375487117127661
344,1570521600,329,10,-319,339,41,-1.291627925865257,1.1764976556347497
344,1570536000,430,18,-412,448,41,-2.0584767901956558,2.016879348175846
344,1570550400,233,18,-215,251,41,-0.4340765076893271,0.4980243625740484
344,1570564800,230,18,-212,248,41,-0.4093394475496368,0.47489459121970634
344,1570579200,36,7,-29,43,41,1.0996212209714706,-1.1056397846603367
344,1570593600,0,1,1,1,41,1.3469918223683734,-1.429456583621126
344,1570608000,244,9,-235,253,41,-0.598990241953929,0.5134442101436099
344,1570622400,373,11,-362,384,41,-1.646192454534151,1.5234442259498813
344,1570636800,195,18,-177,213,41,-0.1207404125865835,0.20504725875238194
344,1570651200,216,19,-197,235,41,-0.2856541468511854,0.3746655820175573
344,1570665600,50,10,-40,60,41,1.0089186671259396,-0.9745710803190648
344,1570680000,0,4,4,4,41,1.3717288825080636,-1.4063268122667838
344,1570694400,346,11,-335,357,41,-1.4235589132769384,1.3152762837608023
344,1570708800,417,23,-394,440,41,-1.9100544293575141,1.9551999578976003
344,1570723200,239,10,-229,249,41,-0.5495161216745484,0.48260451500448703
344,1570737600,245,21,-224,266,41,-0.508287688108398,0.6136732193457589
344,1570752000,70,7,-63,77,41,0.8192678727216474,-0.8435023759777929
344,1570766400,0,0,0,0,41,1.3387461356551433,-1.4371665074059066
344,1570780800,284,7,-277,291,41,-0.945309083909593,0.8064213139652764
344,1570795200,423,16,-407,439,41,-2.0172483566295054,1.9474900341128196
344,1570809600,276,15,-261,291,41,-0.8133780964979115,0.8064213139652764
344,1570824000,291,46,-245,337,41,-0.68144710908623,1.1610778080651885
344,1570838400,113,11,-102,124,41,0.4976860909056736,-0.48113595809310017
344,1570852800,23,5,-18,28,41,1.1903237748170017,-1.2212886414320472
344,1570867200,73,3,-70,76,41,0.7615480657290367,-0.8512122997625736
344,1570881600,199,8,-191,207,41,-0.2361800265718048,0.15878771604369776
344,1570896000,222,17,-205,239,41,-0.35161964055702616,0.40550527715668006
344,1570910400,185,14,-171,199,41,-0.07126629230720292,0.09710832576545217
344,1570924800,71,8,-63,79,41,0.8192678727216474,-0.8280825284082315
344,1570939200,14,7,-7,21,41,1.2810263286625325,-1.275258107925512
344,1570953600,52,4,-48,56,41,0.9429531734200988,-1.0054107754581876
344,1570968000,147,9,-138,156,41,0.2008413692293902,-0.23441839698011782
344,1570982400,187,11,-176,198,41,-0.11249472587335341,0.08939840198067148
344,1570996800,140,11,-129,151,41,0.27505254964846104,-0.2729680159040213
344,1571011200,53,11,-42,64,41,0.9924272936994794,-0.943731385179942
344,1571025600,19,5,-14,24,41,1.223306521669922,-1.25212833657117
344,1571040000,171,6,-165,177,41,-0.02179217202782236,-0.07250999749972317
344,1571054400,268,10,-258,278,41,-0.7886410363582211,0.7061923047631272
344,1571068800,216,15,-201,231,41,-0.31863689370410575,0.3438258868784345
344,1571083200,180,24,-156,204,41,0.052419008391248495,0.13565794468935566
344,1571097600,64,15,-49,79,42,0.9749995444835904,-0.9070578694761102
344,1571112000,15,4,-11,19,42,1.2453892365991892,-1.3058002495531709
344,1571126400,333,14,-319,347,42,-0.9461903731798744,0.873991428201427
344,1571140800,427,22,-405,449,42,-1.5581249395467558,1.55185347433243
344,1571155200,234,17,-217,251,42,-0.2204075153958988,0.23600362007813008
344,1571169600,271,22,-249,293,42,-0.44810409823008723,0.5151232861320725
344,1571184000,84,16,-68,100,42,0.839804698425791,-0.767498036449139
344,1571198400,8,3,-5,11,42,1.2880823458805994,-1.3589659002301122
344,1571212800,331,14,-317,345,42,-0.9319593367527376,0.8607000155321917
344,1571227200,435,18,-417,453,42,-1.6435111581095765,1.5784362996709007
344,1571256000,471,46,-425,517,42,-1.7004353038181235,2.0037615050864317
344,1571270400,65,13,-52,78,42,0.9536529898428853,-0.9137035758107279
344,1571284800,11,8,-3,19,42,1.3023133823077362,-1.3058002495531709
344,1571299200,332,10,-322,342,42,-0.9675369278205795,0.8407628965283386
344,1571313600,461,14,-447,475,42,-1.8569767045166283,1.7246418390324896
344,1571328000,270,20,-250,290,42,-0.4552196164436556,0.49518616712821945
344,1571342400,237,27,-210,264,42,-0.1705988879009201,0.32239780242815985
344,1571356800,83,16,-67,99,42,0.8469202166393595,-0.7741437427837566
344,1571371200,17,6,-11,23,42,1.2453892365991892,-1.2792174242147
344,1571385600,310,8,-302,318,42,-0.8252265635492118,0.6812659444975143
344,1571400000,444,14,-430,458,42,-1.7360128948859654,1.611664831343989
344,1571414400,268,23,-245,291,42,-0.4196420253758137,0.5018318734628371
344,1571428800,298,23,-275,321,42,-0.6331075717828654,0.7012030635013674
344,1571443200,122,16,-106,138,42,0.5694150063101923,-0.5149611957336673
344,1571457600,23,4,-19,27,42,1.188465090890642,-1.2526345988762293
344,1571472000,95,3,-92,98,42,0.6690322613001497,-0.7807894491183743
344,1571486400,207,12,-195,219,42,-0.06386611469739427,0.023341017370364446
344,1571500800,231,22,-209,253,42,-0.1634833696873517,0.24929503274736542
344,1571515200,185,16,-169,201,42,0.12113735885538382,-0.09628169665275373
344,1571529600,81,13,-68,94,42,0.839804698425791,-0.807372274456845
344,1571544000,20,6,-14,26,42,1.224042681958484,-1.259280305210847
344,1571558400,49,6,-43,55,42,1.0176926537650006,-1.0665548215069345
344,1571572800,151,8,-143,159,42,0.3061408324081619,-0.3754013627066961
344,1571587200,186,21,-165,207,42,0.14959943170965737,-0.05640745864504767
344,1571601600,92,15,-77,107,42,0.7757650345036755,-0.7209780921068153
344,1571616000,47,8,-39,55,42,1.0461547266192743,-1.0665548215069345
344,1571630400,8,5,-3,13,42,1.3023133823077362,-1.3456744875608768
344,1571644800,319,9,-310,328,42,-0.882150709257759,0.7477230078436912
344,1571659200,417,19,-398,436,42,-1.508316312051777,1.4654592919824
344,1571673600,264,18,-246,282,42,-0.42675754358938206,0.44202051645127804
344,1571688000,265,30,-235,295,42,-0.3484868432401298,0.5284146988013079
344,1571702400,67,7,-60,74,43,0.8692017239912585,-0.926460260772443
344,1571716800,11,14,3,25,43,1.3484490175275932,-1.2797408271370323
344,1571731200,329,19,-310,348,43,-1.032573250359276,1.049026987878525
344,1571745600,371,15,-356,386,43,-1.3824998456397743,1.3229996719980024
344,1571760000,201,16,-185,217,43,-0.08168576318400869,0.10454220841401109
344,1571774400,241,23,-218,264,43,-0.33272005979827923,0.44340315982494355
344,1571788800,59,8,-51,67,43,0.9376656230678778,-0.9769289131102414
344,1571803200,16,6,-10,22,43,1.2495567188613654,-1.3013702495675172
344,1571817600,329,12,-317,341,43,-1.085822949641091,0.9985583355407265
344,1571832000,456,18,-438,474,43,-2.00628203722675,1.9574627299588971
344,1571846400,232,17,-215,249,43,-0.3098987601060728,0.3352560476725183
344,1571860800,255,20,-235,275,43,-0.4620407580541156,0.5227110420700554
344,1571875200,76,15,-61,91,43,0.8615946240938565,-0.8038935336663611
344,1571889600,9,4,-5,13,43,1.2875922183483761,-1.3662585168589725
344,1571904000,342,7,-335,349,43,-1.2227507477943294,1.0562367953553533
344,1571918400,452,20,-432,472,43,-1.9606394378423369,1.9430431150052405
344,1571932800,245,17,-228,262,43,-0.4087910587723006,0.42898354487128687
344,1571947200,269,19,-250,288,43,-0.5761472565151476,0.616438539268824
344,1571961600,69,11,-58,80,43,0.8844159237860628,-0.8832014159114729
344,1571976000,15,7,-8,22,43,1.2647709186561698,-1.3013702495675172
344,1571990400,317,11,-306,328,43,-1.0021448507696673,0.904830838341958
344,1572004800,402,17,-385,419,43,-1.6031057426644362,1.5609233187333378
344,1572019200,271,21,-250,292,43,-0.5761472565151476,0.6452777691761373
344,1572033600,257,31,-226,288,43,-0.39357685897749634,0.616438539268824
344,1572048000,93,15,-78,108,43,0.7322739258380201,-0.6813268065602791
344,1572062400,17,12,-5,29,43,1.2875922183483761,-1.2509015972297188
344,1572076800,92,5,-87,97,43,0.6638100267614008,-0.760634688805391
344,1572091200,183,11,-172,194,43,0.0172065354822191,-0.06128336355304098
344,1572105600,235,17,-218,252,43,-0.33272005979827923,0.35688547010300337
344,1572120000,168,14,-154,182,43,0.1541343336354576,-0.1478010532749812
344,1572134400,93,14,-79,107,43,0.7246668259406179,-0.6885366140371074
344,1572148800,23,6,-17,29,43,1.1963070195795504,-1.2509015972297188
344,1572163200,35,5,-30,40,43,1.0974147209133227,-1.171593714984607
344,1572177600,135,9,-126,144,43,0.3671331307627174,-0.4217737373944585
344,1572192000,176,15,-161,191,43,0.10088463435364262,-0.08291278598352603
344,1572206400,123,7,-116,130,43,0.44320412973673884,-0.5227110420700554
344,1572220800,38,10,-28,48,43,1.112628920708127,-1.1139152551699802
344,1572235200,8,4,-4,12,43,1.2951993182457782,-1.3734683243358008
344,1572249600,315,9,-306,324,43,-1.0021448507696673,0.8759916084346446
344,1572264000,433,18,-415,451,43,-1.8313187395865005,1.791637157991845
344,1572278400,208,45,-163,253,43,0.08567043455883834,0.3640952775798317
344,1572292800,246,22,-224,268,43,-0.3783626591826921,0.47224238973225696
344,1572307200,44,10,-34,54,44,0.99173828654138,-0.9770128784663281
344,1572321600,0,1,1,1,44,1.2395905152436013,-1.3297714890532677
344,1572336000,326,8,-318,334,44,-1.0194055120709304,0.8866175170873144
344,1572350400,438,21,-417,459,44,-1.7204732446857849,1.7185953722451905
344,1572364800,221,17,-204,238,44,-0.21211539572655227,0.24765852432606553
344,1572379200,232,18,-214,250,44,-0.28293031821290127,0.3275283984212216
344,1572393600,37,11,-26,48,44,1.048390224530459,-1.0169478155139062
344,1572408000,0,1,1,1,44,1.2395905152436013,-1.3297714890532677
344,1572422400,303,9,-294,312,44,-0.8494496981036929,0.7401894145795281
344,1572436800,465,18,-447,483,44,-1.932918012144832,1.8783351204355028
344,1572451200,264,36,-228,300,44,-0.38207120969378977,0.660319540484372
344,1572465600,222,18,-204,240,44,-0.21211539572655227,0.2609701700085915
344,1572480000,41,12,-29,53,44,1.0271457477845545,-0.9836687013075912
344,1572494400,0,2,2,2,44,1.2466720074922362,-1.3231156662120047
344,1572508800,298,9,-289,307,44,-0.8140422368605184,0.7069103003732131
344,1572523200,453,17,-436,470,44,-1.855021597409848,1.7918094234990836
344,1572537600,252,22,-230,274,44,-0.39623419419105954,0.48726814661153384
344,1572552000,231,17,-214,248,44,-0.28293031821290127,0.3142167527386956
344,1572566400,54,6,-48,60,44,0.8925973950604914,-0.9370779414187501
344,1572580800,0,4,4,4,44,1.2608349919895059,-1.3098040205294785
344,1572595200,313,10,-303,323,44,-0.9131831283414069,0.8134034658334213
344,1572609600,408,19,-389,427,44,-1.522191461724008,1.5056090413247742
344,1572624000,255,21,-234,276,44,-0.42456016318559914,0.5005797922940599
344,1572638400,275,27,-248,302,44,-0.5237010546664876,0.6736311861668981
344,1572652800,94,14,-80,108,44,0.6659896431041747,-0.6175984450381257
344,1572667200,21,5,-16,26,44,1.119205147016808,-1.1633759180216925
344,1572681600,72,5,-67,77,44,0.7580490423364283,-0.823928953117279
344,1572696000,234,20,-214,254,44,-0.28293031821290127,0.35415168978627365
344,1572710400,254,28,-226,282,44,-0.36790822519652,0.5405147293416379
344,1572724800,178,12,-166,190,44,0.05698130972157373,-0.07182097205455892
344,1572739200,71,21,-50,92,44,0.8784344105632216,-0.7240916104983338
344,1572750000,18,10,-8,28,44,1.1758570850058871,-1.1500642723391663
344,1572764400,35,2,-33,37,44,0.9988197787900148,-1.0901618667677992
344,1572778800,159,14,-145,173,44,0.20569264694290654,-0.18496996035603008
344,1572793200,214,13,-201,227,44,-0.1908709189806476,0.17444447307217242
344,1572807600,169,16,-153,185,44,0.14904070895382737,-0.10510008626087397
344,1572822000,84,6,-78,90,44,0.6801526276014446,-0.7374032561808598
344,1572836400,14,10,-4,24,44,1.2041830540004268,-1.1766875637042185
344,1572850800,131,3,-128,134,44,0.32607801516969975,-0.4445470511652874
344,1572865200,581,19,-562,600,44,-2.747289620737845,2.6570663928632747
344,1572879600,237,15,-222,252,44,-0.3395822562019804,0.34084004410374763
344,1572894000,268,18,-250,286,44,-0.5378640391637575,0.56713802070669
344,1572908400,93,10,-83,103,44,0.6447451663582701,-0.6508775592444407
344,1572922800,19,5,-14,24,45,1.0508546784294694,-1.1023522828305803
344,1572937200,110,7,-103,117,45,0.4659686170879928,-0.5277875621558743
344,1572951600,508,14,-494,522,45,-2.1035870007155726,1.9743491246533293
344,1572966000,244,29,-215,273,45,-0.2700677747125171,0.43599842091137453
344,1572980400,256,18,-238,274,45,-0.42121810517155034,0.4421765361874467
344,1572994800,91,10,-81,101,45,0.6105471940488072,-0.626637406573028
344,1573009200,21,3,-18,24,45,1.024567664436594,-1.1023522828305803
344,1573023600,122,7,-115,129,45,0.3871075751093668,-0.453650178843009
344,1573038000,600,22,-578,622,45,-2.655614294565955,2.59216065226054
344,1573052400,233,23,-210,256,45,-0.23720900722142288,0.3309704612181487
344,1573066800,283,26,-257,309,45,-0.5460814216377082,0.6584105708499705
344,1573081200,141,9,-132,150,45,0.2753877656396465,-0.3239097580454947
344,1573095600,26,8,-18,34,45,1.024567664436594,-1.0405711300698592
344,1573110000,133,5,-128,138,45,0.30167477963252187,-0.39804714135836
344,1573124400,624,22,-602,646,45,-2.813336378523207,2.7404354188862707
344,1573138800,263,17,-246,280,45,-0.47379213315730107,0.4792452278438793
344,1573153200,288,36,-252,324,45,-0.513222654146614,0.751082299991052
344,1573167600,109,20,-89,129,45,0.5579731660630566,-0.453650178843009
344,1573182000,22,8,-14,30,45,1.0508546784294694,-1.0652835911741476
344,1573196400,137,6,-131,143,45,0.2819595191378653,-0.3671565649779995
344,1573210800,565,17,-548,582,45,-2.45846168961939,2.345036041217656
344,1573225200,300,15,-285,315,45,-0.7300905195878358,0.6954792625064031
344,1573239600,290,33,-257,323,45,-0.5460814216377082,0.74490418471498
344,1573254000,136,20,-116,156,45,0.3805358216111479,-0.2868410663890621
344,1573268400,35,8,-27,43,45,0.9654218829526245,-0.9849680925852102
344,1573282800,47,3,-44,50,45,0.8537020734829043,-0.9417212856527055
344,1573297200,180,13,-167,193,45,0.04537639320198717,-0.05825080117439409
344,1573311600,225,26,-199,251,45,-0.16491971874101566,0.3000798848377882
344,1573326000,194,22,-172,216,45,0.012517625710892981,0.0838458501752644
344,1573340400,82,16,-66,98,45,0.7091234965220898,-0.6451717524012444
344,1573354800,28,7,-21,35,45,1.0048524039419375,-1.0343930147937872
344,1573369200,24,6,-18,30,45,1.024567664436594,-1.0652835911741476
344,1573383600,137,11,-126,148,45,0.31481828662895955,-0.33626598859763895
344,1573398000,186,13,-173,199,45,0.005945872212674143,-0.02118210951796144
344,1573412400,120,17,-103,137,45,0.4659686170879928,-0.40422525663443215
344,1573426800,61,9,-52,70,45,0.8011280454971536,-0.8181589801312633
344,1573441200,19,1,-18,20,45,1.024567664436594,-1.1270647439348687
344,1573455600,88,2,-86,90,45,0.577688426557713,-0.6945966746098212
344,1573470000,391,16,-375,407,45,-1.3215483344275312,1.263865867905037
344,1573484400,257,12,-245,269,45,-0.4672203796590822,0.4112859598070861
344,1573498800,209,25,-184,234,45,-0.06634341626773307,0.19505192514456235
344,1573513200,99,12,-87,111,45,0.5711166730594942,-0.564856253812307
344,1573527600,4,5,1,9,46,1.1051760263217099,-1.1582225606037677
344,1573542000,112,6,-106,118,46,0.48490938684401275,-0.5608898939096079
344,1573556400,603,18,-585,621,46,-2.291798279602874,2.1956085588166525
344,1573570800,273,14,-259,287,46,-0.40201393876428304,0.3652497452767501
344,1573585200,289,23,-266,312,46,-0.4425921301319829,0.5022526504818327
344,1573599600,112,9,-103,121,46,0.5023000402873127,-0.544449545284998
344,1573614000,18,6,-12,24,46,1.02981652806741,-1.0760208174807182
344,1573628400,126,5,-121,131,46,0.39795611962751315,-0.48964838320296494
344,1573642800,592,18,-574,610,46,-2.2280325503107745,2.135327280526416
344,1573657200,218,20,-198,238,46,-0.048403985417184735,0.0967240510747883
344,1573671600,270,23,-247,293,46,-0.3324513249910834,0.39813044252596985
344,1573686000,127,9,-118,136,46,0.4153467730708131,-0.46224780216194844
344,1573700400,22,6,-16,28,46,1.0066289901430103,-1.054100352647905
344,1573714800,122,7,-115,129,46,0.432737426514113,-0.5006086156193715
344,1573729200,594,21,-573,615,46,-2.2222356658296745,2.162727861567433
344,1573743600,228,14,-214,242,46,-0.1411541371147843,0.1186445159076015
344,1573758000,283,19,-264,302,46,-0.4309983611697829,0.4474514883997996
344,1573772400,120,14,-106,134,46,0.48490938684401275,-0.47320803457835503
344,1573815600,693,31,-662,724,46,-2.7381583846475723,2.7600605282615924
344,1573830000,279,23,-256,302,46,-0.38462328532098317,0.4474514883997996
344,1573844400,306,27,-279,333,46,-0.5179516283862825,0.617335090854102
344,1573858800,136,12,-124,148,46,0.3805654661842132,-0.39648640766350884
344,1573873200,30,6,-24,36,46,0.9602539142942105,-1.0102594229822786
344,1573887600,42,3,-39,45,46,0.8733006470777109,-0.9609383771084489
344,1573902000,180,13,-167,193,46,0.13129943349691442,-0.14988117829436026
344,1573916400,229,36,-193,265,46,-0.019419563011684876,0.24468718869627742
344,1573930800,202,24,-178,226,46,0.0675337042048147,0.030962656576348686
344,1573945200,120,16,-104,136,46,0.4965031558062127,-0.46224780216194844
344,1573959600,22,7,-15,29,46,1.0124258746241102,-1.0486202364397017
344,1573974000,30,2,-28,32,46,0.9370663763698106,-1.0321798878150918
344,1573988400,102,34,-68,136,46,0.7051909971258117,-0.46224780216194844
344,1574002800,195,11,-184,206,46,0.03275239731821488,-0.07863966758771734
344,1574017200,147,17,-130,164,46,0.3457841592976134,-0.308804548332256
344,1574031600,64,13,-51,77,46,0.8037380333045112,-0.7855746584459432
344,1574046000,18,6,-12,24,46,1.02981652806741,-1.0760208174807182
344,1574060400,119,5,-114,124,46,0.43853431099521295,-0.528009196660388
344,1574074800,582,18,-564,600,46,-2.170063705499775,2.080526118444383
344,1574089200,231,24,-207,255,46,-0.10057594574708449,0.18988602661424442
344,1574103600,265,32,-233,297,46,-0.2512949422556838,0.4200509073587831
344,1574118000,95,17,-78,112,46,0.647222152314812,-0.5937705911588277
344,1574132400,25,10,-15,35,47,0.75146059473409,-0.7433433475009714
344,1574146800,119,7,-112,126,47,0.21408119102219203,-0.2681705302825883
344,1574161200,591,22,-569,613,47,-2.317695999661699,2.274787293732275
344,1574175600,223,21,-202,244,47,-0.2845182557208061,0.3479876283082821
344,1574190000,269,26,-243,295,47,-0.5116580036815053,0.6142932731229803
344,1574204400,141,11,-130,152,47,0.1143613016735924,-0.13240686822019312
344,1574218800,33,6,-27,39,47,0.6849806685016903,-0.7224566302606029
344,1574233200,118,8,-110,126,47,0.225161178727592,-0.2681705302825883
344,1574247600,615,17,-598,632,47,-2.478355821389998,2.3739992006240254
344,1574262000,236,18,-218,254,47,-0.37315815736400576,0.4002044214092033
344,1574276400,281,23,-258,304,47,-0.594757911472005,0.6612883869138094
344,1574290800,119,13,-106,132,47,0.24732115413839192,-0.23684045442203555
344,1574305200,24,6,-18,30,47,0.7348406131759901,-0.769451744051432
344,1574319600,120,4,-116,124,47,0.1919212156113921,-0.27861388890277256
344,1574334000,609,18,-591,627,47,-2.4395758644210983,2.3478908040735647
344,1574348400,250,16,-234,266,47,-0.46179805900720544,0.46286457313030877
344,1574362800,313,34,-279,347,47,-0.7110977823787045,0.8858205972477706
344,1574377200,122,11,-111,133,47,0.21962118487489202,-0.23161877511194343
344,1574391600,25,9,-16,34,47,0.74592060088139,-0.7485650268110635
344,1574406000,123,5,-118,128,47,0.18084122790599216,-0.25772717166240405
344,1574420400,566,18,-548,584,47,-2.201356128754999,2.1233585937396033
344,1574434800,261,26,-235,287,47,-0.46733805285990543,0.5725198386422433
344,1574449200,318,18,-300,336,47,-0.8274376532854041,0.8283821248367573
344,1574463600,164,22,-142,186,47,0.047881375441192656,0.04513022832293903
344,1574478000,17,20,3,37,47,0.8511804840826896,-0.7328999888807871
344,1574492400,3,12,9,15,47,0.8844204471988896,-0.8477769337028138
344,1574506800,0,11,11,11,47,0.8955004349042895,-0.8686636509431823
344,1574521200,0,11,11,11,47,0.8955004349042895,-0.8686636509431823
344,1574535600,0,6,6,6,47,0.8678004656407896,-0.8947720474936429
344,1574550000,0,7,7,7,47,0.8733404594934896,-0.8895503681835508
344,1574564400,0,3,3,3,47,0.8511804840826896,-0.9104370854239193
344,1574578800,0,1,1,1,47,0.8401004963772897,-0.9208804440441035
344,1574593200,0,7,7,7,47,0.8733404594934896,-0.8895503681835508
344,1574607600,1,4,3,5,47,0.8511804840826896,-0.899993726803735
344,1574622000,0,3,3,3,47,0.8511804840826896,-0.9104370854239193
344,1574636400,2,1,-1,3,47,0.8290205086718897,-0.9104370854239193
344,1574650800,0,2,2,2,47,0.8456404902299897,-0.9156587647340114
344,1574665200,99,2,-97,101,47,0.2971810988126917,-0.39871251303489136
344,1574679600,563,22,-541,585,47,-2.162576171786099,2.1285802730496957
344,1574694000,200,46,-154,246,47,-0.018598550791207095,0.35843098692846637
344,1574708400,254,24,-230,278,47,-0.43963808359640555,0.5255247248514142
344,1574722800,84,10,-74,94,47,0.42460095742479126,-0.4352642682055362
344,1574737200,0,3,3,3,48,0.817384326054759,-0.877605844891334
344,1574751600,105,9,-96,114,48,0.12967003472823374,-0.15063383904851255
344,1574766000,597,15,-582,612,48,-3.2463819408747083,3.110916241219281
344,1574780400,251,17,-234,268,48,-0.8289620077269226,0.857957952841528
344,1574794800,285,18,-267,303,48,-1.0582001048357643,1.0871833600892644
344,1574809200,111,12,-99,123,48,0.10883020771833905,-0.0916901628990946
344,1574823600,0,2,2,2,48,0.8104377170514608,-0.8841551422412692
344,1574838000,104,3,-101,107,48,0.09493698971174258,-0.19647892049805984
344,1574852400,483,13,-470,496,48,-2.468361732505306,2.3511977486267828
344,1574866800,271,17,-254,288,48,-0.9678941877928873,0.9889438998402346
344,1574881200,245,34,-211,279,48,-0.6691900006510633,0.9300002236908166
344,1574895600,126,19,-107,145,48,0.05325733569195317,0.052394378799482624
344,1574910000,25,14,-11,39,48,0.7201318000085837,-0.6418311402936622
344,1574924400,44,5,-39,49,48,0.5256267479162332,-0.5763381667943088
344,1574938800,100,7,-93,107,48,0.15050986173812847,-0.19647892049805984
344,1574953200,191,7,-184,198,48,-0.4816315575620109,0.399507138346055
344,1574967600,135,12,-123,147,48,-0.05788840836081859,0.06549297349935328
344,1574982000,88,14,-74,102,48,0.2824954328007949,-0.2292254072477365
344,1574996400,31,10,-21,41,48,0.6506657099756014,-0.6287325455937914
344,1575010800,64,3,-61,67,48,0.37280134984367197,-0.458450814495473
344,1575025200,244,11,-233,255,48,-0.8220153987236244,0.7728170872923688
344,1575039600,263,15,-248,278,48,-0.9262145337730979,0.9234509263408812
344,1575054000,209,28,-181,237,48,-0.4607917305521162,0.6549297349935328
344,1575068400,115,10,-105,125,48,0.06715055369854964,-0.07859156819922393
344,1575082800,11,10,-1,21,48,0.7895978900415661,-0.759718492592498
344,1575097200,0,2,2,2,48,0.8104377170514608,-0.8841551422412692
344,1575111600,12,6,-6,18,48,0.7548648450250749,-0.779366384642304
344,1575126000,1,5,4,6,48,0.8243309350580572,-0.857957952841528
344,1575140400,1,11,10,12,48,0.8660105890778467,-0.818662168741916
344,1575154800,0,7,7,7,48,0.8451707620679519,-0.8514086554915926
344,1575169200,0,9,9,9,48,0.8590639800745484,-0.838310060791722
344,1575183600,0,2,2,2,48,0.8104377170514608,-0.8841551422412692
344,1575198000,0,9,9,9,48,0.8590639800745484,-0.838310060791722
344,1575212400,0,11,11,11,48,0.8729571980811449,-0.8252114660918514
344,1575226800,0,4,4,4,48,0.8243309350580572,-0.8710565475413986
344,1575241200,0,1,1,1,48,0.8034911080481626,-0.8907044395912046
344,1575255600,0,3,3,3,48,0.817384326054759,-0.877605844891334
344,1575270000,111,12,-99,123,48,0.10883020771833905,-0.0916901628990946
344,1575284400,536,22,-514,558,48,-2.7740125286504282,2.757254184322773
344,1575298800,215,27,-188,242,48,-0.5094179935752039,0.6876762217432094
344,1575313200,226,17,-209,243,48,-0.6552967826444668,0.6942255190931448
344,1575327600,85,13,-72,98,48,0.2963886508073914,-0.2554225966474778
344,1575342000,12,5,-7,17,49,1.064322545220853,-1.092660272269816
344,1575356400,95,18,-77,113,49,0.6261334564448681,-0.5444947605375904
344,1575370800,587,14,-573,601,49,-2.4787492297392526,2.2420132574345573
344,1575385200,229,22,-207,251,49,-0.18764627985338944,0.24349316257748418
344,1575399600,270,21,-249,291,49,-0.4505597331189803,0.47189545913257824
344,1575414000,107,6,-101,113,49,0.47589719743595893,-0.5444947605375904
344,1575428400,17,10,-7,27,49,1.064322545220853,-1.0355596981310426
344,1575442800,102,4,-98,106,49,0.49467672981207256,-0.5844651624347318
344,1575457200,596,17,-579,613,49,-2.51630829449148,2.3105339464010854
344,1575471600,230,23,-207,253,49,-0.18764627985338944,0.2549132774052389
344,1575486000,279,22,-257,301,49,-0.5006384861219499,0.5289960332713518
344,1575500400,93,11,-82,104,49,0.594834235818012,-0.5958852772624865
344,1575514800,17,8,-9,25,49,1.0518028569701103,-1.0469798129587973
344,1575529200,131,10,-121,141,49,0.3507003149285347,-0.3846131529490245
344,1575543600,612,28,-584,640,49,-2.547607515118336,2.4647054965757738
344,1575558000,232,16,-216,248,49,-0.24398487698173033,0.22636299033585214
344,1575572400,281,24,-257,305,49,-0.5006384861219499,0.5518362629268612
344,1575586800,85,15,-70,100,49,0.6699523653224665,-0.6187255069179959
344,1575601200,28,6,-22,34,49,0.9704248833402846,-0.9955892962339011
344,1575615600,131,3,-128,134,49,0.3068814060509362,-0.42458355484616594
344,1575630000,602,17,-585,619,49,-2.553867359243707,2.3447942908843493
344,1575644400,244,20,-224,264,49,-0.29406362998470004,0.31772390895788977
344,1575658800,294,33,-261,327,49,-0.5256778626234349,0.6774575260321629
344,1575673200,160,11,-149,171,49,0.1754246794181408,-0.21331143053270393
344,1575687600,42,16,-26,58,49,0.9453855068387997,-0.8585479183008446
344,1575702000,53,4,-49,57,49,0.8014090919552619,-0.8642579757147221
344,1575716400,179,11,-168,190,49,0.0564876410360878,-0.10482033966903426
344,1575730800,246,19,-227,265,49,-0.31284316236081366,0.32343396637176713
344,1575745200,214,21,-193,235,49,-0.10000846209819247,0.15213224395544656
344,1575759600,117,13,-104,130,49,0.4571176650598453,-0.44742378450167536
344,1575774000,24,4,-20,28,49,0.982944571591027,-1.0298496407171653
344,1575788400,27,2,-25,29,49,0.951645350964171,-1.0241395833032878
344,1575802800,113,9,-104,122,49,0.4571176650598453,-0.4931042438126942
344,1575817200,176,18,-158,194,49,0.11908608228979992,-0.08198011001352486
344,1575831600,147,16,-131,163,49,0.2881018736748226,-0.25899188984372273
344,1575846000,81,11,-70,92,49,0.6699523653224665,-0.6644059662290147
344,1575860400,19,6,-13,25,49,1.0267634804686254,-1.0469798129587973
344,1575874800,107,4,-103,111,49,0.46337750918521653,-0.555914875365345
344,1575889200,523,86,-437,609,49,-1.627410428688768,2.2876937167455758
344,1575903600,248,18,-230,266,49,-0.3316226947369273,0.32914402378564445
344,1575918000,263,27,-236,290,49,-0.36918175948915455,0.4661854017187009
344,1575932400,80,9,-71,89,49,0.6636925211970953,-0.6815361384706468
344,1575946800,7,7,0,14,50,0.9433964057128622,-0.9292137204336255
344,1575961200,100,7,-93,107,50,0.36181396241828523,-0.41613642441811216
344,1575975600,595,18,-577,613,50,-2.6649161725771475,2.375445422720057
344,1575990000,233,19,-214,252,50,-0.39486857133057296,0.3838228005523119
344,1576004400,283,27,-256,310,50,-0.6575187070119949,0.7038064905404815
344,1576018800,110,10,-100,120,50,0.3180389398047149,-0.3444159421793845
344,1576033200,17,7,-10,24,50,0.8808606591220475,-0.8740441187115273
344,1576047600,124,4,-120,128,50,0.1929674466230855,-0.3002802608017059
344,1576062000,571,14,-557,585,50,-2.539844679395518,2.2209705378981823
344,1576076400,230,16,-214,246,50,-0.39486857133057296,0.350721039519053
344,1576090800,232,43,-189,275,50,-0.23852920485353615,0.5107128845131378
344,1576105200,107,20,-87,127,50,0.3993354103727741,-0.3057972209739157
344,1576119600,18,4,-14,22,50,0.8558463604857216,-0.885078039055947
344,1576134000,129,5,-124,134,50,0.1679531479867596,-0.267178499768447
344,1576148400,482,92,-390,574,50,-1.4954977113289123,2.1602839760038743
344,1576162800,239,15,-224,254,50,-0.4574043179213877,0.3948567208967316
344,1576177200,279,29,-250,308,50,-0.619997259057506,0.6927725701960619
344,1576191600,102,14,-88,116,50,0.3930818357136926,-0.36648378286822375
344,1576206000,28,3,-25,31,50,0.7870570392358254,-0.8354253975060586
344,1576220400,122,3,-119,125,50,0.19922102128216695,-0.3168311413183354
344,1576234800,581,16,-565,597,50,-2.58987327666817,2.2871740599647
344,1576249200,259,16,-243,275,50,-0.5762222364439357,0.5107128845131378
344,1576263600,305,33,-272,338,50,-0.7575759015572984,0.8582813753623565
344,1576278000,160,22,-138,182,50,0.08040310275961897,-0.0023644115023755703
344,1576292400,13,3,-10,16,50,0.8808606591220475,-0.9181798000892059
344,1576306800,7,12,5,19,50,0.9746642790082696,-0.9016289195725764
344,1576321200,0,7,7,7,50,0.9871714283264326,-0.9678324416390942
344,1576335600,1,7,6,8,50,0.9809178536673511,-0.9623154814668844
344,1576350000,2,14,12,16,50,1.0184393016218398,-0.9181798000892059
344,1576364400,0,3,3,3,50,0.9621571296901067,-0.9899002823279336
344,1576378800,0,0,0,0,50,0.9433964057128622,-1.006451162844563
344,1576393200,15,2,-13,17,50,0.8620999351448031,-0.912662839916996
344,1576407600,88,9,-79,97,50,0.4493640076454259,-0.4713060261402104
344,1576422000,142,14,-128,156,50,0.1429388493504337,-0.14580537597983093
344,1576436400,100,12,-88,112,50,0.3930818357136926,-0.388551623557063
344,1576450800,52,5,-47,57,50,0.649478396736033,-0.6919844330286032
344,1576465200,13,4,-9,17,50,0.887114233781129,-0.912662839916996
344,1576479600,106,3,-103,109,50,0.2992782158274705,-0.4051025040736925
344,1576494000,533,60,-473,593,50,-2.014544408032674,2.265106219275861
344,1576508400,250,32,-218,282,50,-0.4198828699668989,0.5493316057186065
344,1576522800,259,27,-232,286,50,-0.5074329151940395,0.5713994464074458
344,1576537200,105,5,-100,110,50,0.3180389398047149,-0.3995855439014827
344,1576551600,21,7,-14,28,51,1.046767771102111,-1.0761013473023584
344,1576566000,115,2,-113,117,51,0.35960951530126195,-0.49515581925264496
344,1576580400,549,18,-531,567,51,-2.541725342524545,2.442209210212198
344,1576594800,230,19,-211,249,51,-0.3206077480167503,0.3664712560570423
344,1576609200,265,30,-235,295,51,-0.4871915676048349,0.6667352368467818
344,1576623600,95,11,-84,106,51,0.5608982973035309,-0.5669580755284522
344,1576638000,27,3,-24,30,51,0.9773578462737424,-1.063046391615848
344,1576652400,107,5,-102,112,51,0.4359604326124674,-0.527793208468921
344,1576666800,581,18,-563,599,51,-2.7638371019753247,2.6510885011963645
344,1576681200,258,19,-239,277,51,-0.5149555375361823,0.549240635668188
344,1576695600,259,30,-229,289,51,-0.44554561270781373,0.6275703697872506
344,1576710000,100,10,-90,110,51,0.5192523424065097,-0.5408481641554315
344,1576724400,14,6,-8,20,51,1.0884137259991322,-1.1283211700484
344,1576738800,107,4,-103,111,51,0.42901944012963056,-0.5343206863121762
344,1576753200,534,24,-510,558,51,-2.3959645003849714,2.383461909622901
344,1576767600,162,47,-115,209,51,0.34572753033558823,0.10537214232683402
344,1576782000,257,21,-236,278,51,-0.49413256008767176,0.5557681135114433
344,1576796400,109,16,-93,125,51,0.49842936495799917,-0.4429359965066033
344,1576810800,32,4,-28,36,51,0.949593876342395,-1.0238815245563166
344,1576825200,100,3,-97,103,51,0.4706653950266517,-0.5865405090582179
344,1576839600,496,19,-477,515,51,-2.166911748451355,2.102780362362927
344,1576854000,282,23,-259,305,51,-0.6537753871929195,0.7320100152793338
344,1576868400,259,19,-240,278,51,-0.5218965300190191,0.5557681135114433
344,1576882800,121,22,-99,143,51,0.456783410060978,-0.3254413953280096
344,1576897200,27,5,-22,32,51,0.9912398312394162,-1.0499914359293376
344,1576911600,35,3,-32,38,51,0.9218299064110476,-1.0108265688698064
344,1576926000,173,12,-161,185,51,0.026441876125092703,-0.05128732591129093
344,1576940400,206,17,-189,223,51,-0.16790591339433936,0.1967568321324069
344,1576954800,216,19,-197,235,51,-0.22343385325703424,0.2750865662514694
344,1576969200,111,10,-101,121,51,0.4429014250953043,-0.46904590787962414
344,1576983600,32,8,-24,40,51,0.9773578462737424,-0.9977716131832959
344,1576998000,20,5,-15,25,51,1.039826778619274,-1.095683780832124
344,1577012400,119,13,-106,132,51,0.40819646268112,-0.39724365160381686
344,1577026800,167,15,-152,182,51,0.08891080847062444,-0.07086975944105656
344,1577041200,145,16,-129,161,51,0.2485536355758722,-0.2079467941494159
344,1577055600,81,11,-70,92,51,0.658072192063247,-0.6583427653340251
344,1577070000,21,12,-9,33,51,1.0814727335162952,-1.0434639580860823
344,1577084400,90,2,-88,92,51,0.5331343273721835,-0.6583427653340251
344,1577098800,421,9,-412,430,51,-1.715747237066959,1.5479447456862347
344,1577113200,242,17,-225,259,51,-0.4177816427764663,0.43174603448959437
344,1577127600,222,24,-198,246,51,-0.2303748457398711,0.34688882252727665
344,1577142000,103,11,-92,114,51,0.505370357440836,-0.5147382527824106
344,1577156400,17,9,-8,26,52,1.22711921474207,-1.2002726529554766
344,1577170800,67,2,-65,69,52,0.6316246827210866,-0.7813746557116308
344,1577185200,340,9,-331,349,52,-2.147349800043502,1.9463332333180619
344,1577199600,205,18,-187,223,52,-0.6429425612536493,0.7188646832547002
344,1577214000,179,22,-157,201,52,-0.32952438650576343,0.5045447776880815
344,1577228400,77,24,-53,101,52,0.756991952620241,-0.4696366112510945
344,1577242800,21,3,-18,24,52,1.122646489826108,-1.21975628073426
344,1577257200,16,1,-15,17,52,1.1539883073008965,-1.2879489779600024
344,1577271600,80,10,-70,90,52,0.5793883202631057,-0.5767965640344038
344,1577286000,156,15,-141,171,52,-0.16236802664022426,0.21229036100632867
344,1577300400,125,18,-107,143,52,0.1928392380740464,-0.0604804278966406
344,1577314800,69,11,-58,80,52,0.7047555901622601,-0.6742147029283214
344,1577329200,17,4,-13,21,52,1.1748828522840888,-1.2489817224024353
344,1577343600,89,3,-86,92,52,0.41223196039756654,-0.5573129362556204
344,1577358000,291,8,-283,299,52,-1.6458807204468844,1.459242538848474
344,1577372400,201,13,-188,214,52,-0.6533898337452455,0.6311883582501744
344,1577386800,224,18,-206,242,52,-0.8414407385939771,0.9039591471531436
344,1577401200,98,11,-87,109,52,0.40178468790597033,-0.3917021001359604
344,1577415600,17,4,-13,21,52,1.1748828522840888,-1.2489817224024353
344,1577430000,84,5,-79,89,52,0.4853628678387399,-0.5865383779237956
344,1577444400,323,17,-306,340,52,-1.8861679877535968,1.858656908313536
344,1577458800,255,19,-236,274,52,-1.154858913341863,1.2156971916136798
344,1577473200,229,21,-208,250,52,-0.8623352835771695,0.9818936582682777
344,1577487600,116,20,-96,136,52,0.30775923548160455,-0.1286731251223829
