remote_unit_id,time_stamp,entries,exits,num_people_exited,sum_exit_entry,week_num,z_score_num_people_exited,z_score_sum_exit_entry
320,1546300800,0,0,0,0,1,0.17321849102404097,-1.0371547483268149
320,1546315200,106,100,-6,206,1,0.15402277434063802,-0.6174810563184151
320,1546329600,41,25,-16,66,1,0.12202991320163309,-0.9026961868095605
320,1546344000,66,124,58,190,1,0.35877708563026955,-0.6500770712316889
320,1546358400,187,248,61,435,1,0.368374943971971,-0.1509505928721844
320,1546372800,175,192,17,367,1,0.22760635496034934,-0.2894836562535979
320,1546387200,94,99,5,193,1,0.18921492159354344,-0.6439653184354501
320,1546401600,15,15,0,30,1,0.17321849102404097,-0.9760372203644265
320,1546416000,51,176,125,227,1,0.5731292552616025,-0.5746987867447433
320,1546430400,286,749,463,1035,1,1.654487961759969,1.0713999663755818
320,1546444800,455,400,-55,855,1,-0.002742245240486127,0.7046947986012518
320,1546459200,1257,361,-896,1618,1,-2.6933418670308007,2.2591172597779945
320,1546473600,220,113,-107,333,1,-0.16910512316331175,-0.35875018794430463
320,1546488000,30,23,-7,53,1,0.15082348822673752,-0.9291804489265955
320,1546502400,61,188,127,249,1,0.5795278274894036,-0.529879266238992
320,1546516800,336,728,392,1064,1,1.427338647673034,1.1304802434058905
320,1546531200,509,430,-79,939,1,-0.07952511197409795,0.8758238768959391
320,1546545600,1314,390,-924,1704,1,-2.7829218782200145,2.434320839936841
320,1546560000,213,130,-83,343,1,-0.09232225642969992,-0.33837767862350854
320,1546574400,37,24,-13,61,1,0.13162777154333458,-0.9128824414699587
320,1546588800,68,180,112,248,1,0.5315385357808962,-0.5319165171710715
320,1546603200,333,663,330,996,1,1.2289829086112036,0.9919471800244769
320,1546617600,571,338,-233,909,1,-0.5722151735147739,0.8147063489335509
320,1546632000,1248,400,-848,1648,1,-2.539776133563577,2.320234787740383
320,1546646400,243,122,-121,365,1,-0.21389512875791866,-0.2935581581177571
320,1546660800,52,29,-23,81,1,0.09963491040432965,-0.8721374228283664
320,1546675200,22,41,19,63,1,0.2340049271881503,-0.9088079396057994
320,1546689600,103,212,109,315,1,0.5219406774391947,-0.3954207047217376
320,1546704000,219,358,139,577,1,0.6179192608562094,0.13833903948312024
320,1546718400,302,252,-50,554,1,0.013254185329016337,0.09148226804528921
320,1546732800,138,111,-27,249,1,0.08683776594872766,-0.529879266238992
320,1546747200,47,29,-18,76,1,0.11563134097383211,-0.8823236774887645
320,1546761600,14,19,5,33,1,0.18921492159354344,-0.9699254675681878
320,1546776000,89,184,95,273,1,0.47715067184458776,-0.48098524386908126
320,1546790400,279,366,87,645,1,0.4515563829333838,0.27687210286453373
320,1546804800,270,156,-114,426,1,-0.1915001259606152,-0.1692858512609009
320,1546819200,94,65,-29,159,1,0.08043919372092669,-0.7132318501261569
320,1546833600,21,11,-10,32,1,0.14122562988503604,-0.9719627185002673
320,1546848000,68,181,113,249,1,0.5347378218947967,-0.529879266238992
320,1546862400,336,658,322,994,1,1.2033886196999997,0.9878726781603177
320,1546876800,503,312,-191,815,1,-0.43784515673095314,0.6232047613180675
320,1546891200,1355,352,-1003,1707,1,-3.035665481218153,2.44043259273308
320,1546905600,211,71,-140,282,2,-0.1124948591814885,-0.6062970175592
320,1546920000,31,15,-16,46,2,0.2275360326450885,-1.041240640490863
320,1546934400,74,159,85,233,2,0.5044966784070585,-0.696603108761113
320,1546948800,378,650,272,1028,2,1.0172852007584285,0.7685671464535997
320,1546963200,571,374,-197,945,2,-0.26879938203725373,0.6155996858462774
320,1546977600,1409,367,-1042,1776,2,-2.585945378758686,2.1471172733726
320,1546992000,261,102,-159,363,2,-0.16459636680007692,-0.45701551985807826
320,1547006400,33,12,-21,45,2,0.21382510958756523,-1.0430836219439634
320,1547020800,79,165,86,244,2,0.5072388630185631,-0.6763303127770101
320,1547035200,357,721,364,1078,2,1.2695661850168567,0.8607162191086131
320,1547049600,523,386,-137,909,2,-0.10426830534697454,0.5492523535346678
320,1547064000,1416,423,-993,1839,2,-2.451578332794958,2.263225104917917
320,1547078400,252,116,-136,368,2,-0.10152612073546989,-0.4478006125925769
320,1547092800,51,19,-32,70,2,0.18366107886101404,-0.9970090856164566
320,1547107200,74,201,127,275,2,0.6196684320902539,-0.6191978877309018
320,1547121600,329,747,418,1076,2,1.417644154038108,0.8570302562024125
320,1547136000,596,409,-187,1005,2,-0.2413775359222072,0.7261785730322935
320,1547150400,1369,404,-965,1773,2,-2.3747971636728273,2.1415883290132993
320,1547164800,258,118,-140,376,2,-0.1124948591814885,-0.4330567609677748
320,1547179200,40,20,-20,60,2,0.2165672941990699,-1.0154389001474593
320,1547193600,77,216,139,293,2,0.6525746474283097,-0.5860242215750969
320,1547208000,344,771,427,1115,2,1.4423238155416498,0.9289065328733229
320,1547222400,571,382,-189,953,2,-0.2468619051452165,0.6303435374710796
320,1547236800,1244,376,-868,1620,2,-2.108805256356876,1.859612166688958
320,1547251200,252,125,-127,377,2,-0.07684645923192801,-0.4312137795146745
320,1547265600,65,20,-45,85,2,0.14801267891145356,-0.9693643638199526
320,1547280000,28,52,24,80,2,0.33722341710527465,-0.978579271085454
320,1547294400,117,164,47,281,2,0.4002936631698817,-0.6081399990123002
320,1547308800,284,253,-31,537,2,0.1864032634725187,-0.13633674701863172
320,1547323200,352,303,-49,655,2,0.13704394046543494,0.08113506444719987
320,1547337600,176,145,-31,321,2,0.1864032634725187,-0.5344207408882895
320,1547352000,72,30,-42,102,2,0.15623923274596752,-0.9380336791172481
320,1547366400,20,20,0,40,2,0.27141098642916295,-1.0522985292094647
320,1547380800,97,174,77,271,2,0.48255920151502124,-0.6265698135433029
320,1547395200,243,271,28,514,2,0.34819215555129324,-0.17872532043993786
320,1547409600,234,208,-26,442,2,0.20011418653004198,-0.3114199850631571
320,1547424000,90,71,-19,161,2,0.21930947881057455,-0.8292977733843323
320,1547438400,14,16,2,30,2,0.27689535565217227,-1.0707283437404673
320,1547452800,73,225,152,298,2,0.6882230473778702,-0.5768093143095956
320,1547467200,341,773,432,1114,2,1.4560347385991732,0.9270635514202227
320,1547481600,494,339,-155,833,2,-0.1536276283540583,0.4091857630990475
320,1547496000,1409,339,-1070,1748,2,-2.662726547880816,2.0955137926857925
320,1547510400,206,86,-120,292,3,-0.10248950507686701,-0.5109088302130167
320,1547524800,28,13,-15,41,3,0.21829028015307156,-0.985906703756153
320,1547539200,73,216,143,289,3,0.7009874807847887,-0.516586095633851
320,1547553600,405,777,372,1182,3,1.4005929171434166,1.173346577967825
320,1547568000,573,376,-197,949,3,-0.3377280142454886,0.7324122969496946
320,1547582400,1396,352,-1044,1748,3,-2.9253516151003263,2.244457320698563
320,1547596800,289,116,-173,405,3,-0.2644069204786455,-0.29706516602825817
320,1547611200,27,12,-15,39,3,0.21829028015307156,-0.9896915473700425
320,1547625600,77,167,90,244,3,0.5390700653830102,-0.6017450769463655
320,1547640000,393,725,332,1118,3,1.278391094198678,1.05223158232336
320,1547654400,548,383,-165,931,3,-0.2399665558896978,0.6983487044246888
320,1547668800,1484,473,-1011,1957,3,-2.824535111170917,2.639973478350019
320,1547683200,305,132,-173,437,3,-0.2644069204786455,-0.23650766820602565
320,1547697600,48,13,-35,61,3,0.15718936868070232,-0.9480582676172576
320,1547712000,78,201,123,279,3,0.6398865693124194,-0.5355103137032987
320,1547726400,365,778,413,1143,3,1.5258497856617736,1.0995421274969792
320,1547740800,639,370,-269,1009,3,-0.5576912955460179,0.8459576053663805
320,1547755200,1411,423,-988,1834,3,-2.7542690629776923,2.4072055960958125
320,1547769600,304,125,-179,429,3,-0.2827371939203563,-0.2516470426615838
320,1547784000,39,12,-27,51,3,0.18162973326965,-0.9669824856867053
320,1547798400,74,194,120,268,3,0.6307214325915641,-0.5563269535796911
320,1547812800,373,678,305,1051,3,1.1959048637109797,0.9254393212580606
320,1547827200,635,418,-217,1053,3,-0.39882892571785783,0.9292241648719501
320,1547841600,1251,404,-847,1655,3,-2.323507637097489,2.0684620926526995
320,1547856000,237,148,-89,385,3,-0.007783092294694665,-0.3349136021671535
320,1547870400,66,19,-47,85,3,0.12052882179728076,-0.9026401442505833
320,1547884800,20,48,28,68,3,0.3496572398186655,-0.9348113149686443
320,1547899200,104,202,98,306,3,0.5635104299719579,-0.48441492491578997
320,1547913600,276,322,46,598,3,0.40464806014379784,0.06817224271208168
320,1547928000,322,214,-108,536,3,-0.06582895819344545,-0.049157909318493814
320,1547942400,123,93,-30,216,3,0.17246459654879462,-0.6547328875408189
320,1547956800,51,34,-17,85,3,0.21218018900583463,-0.9026401442505833
320,1547971200,18,24,6,42,3,0.28244623719905926,-0.9840142819492081
320,1547985600,75,132,57,207,3,0.4382535614536009,-0.6717646838033218
320,1548000000,178,244,66,422,3,0.4657489716161671,-0.26489399531019714
320,1548014400,219,202,-17,421,3,0.21218018900583463,-0.2667864171171419
320,1548028800,101,42,-59,143,3,0.08386827491385922,-0.7928796794477868
320,1548043200,18,7,-11,25,3,0.23051046244754542,-1.0161854526672691
320,1548057600,22,89,67,111,3,0.46880401718978554,-0.8534371772700193
320,1548072000,130,343,213,473,3,0.9148406709380811,-0.16838048315601406
320,1548086400,268,223,-45,491,3,0.12663891294451768,-0.13431689063100827
320,1548100800,368,156,-212,524,3,-0.38355369784976556,-0.07186697100183101
320,1548115200,101,71,-30,172,4,0.15868150041618037,-0.8061831878957006
320,1548129600,22,10,-12,32,4,0.20756626582556603,-1.0560438849664744
320,1548144000,70,199,129,269,4,0.590496928199087,-0.6330654192109503
320,1548158400,356,845,489,1201,4,1.5681922363867997,1.0302929355744868
320,1548172800,535,340,-195,875,4,-0.2894288491698547,0.448474455252542
320,1548187200,1324,328,-996,1652,4,-2.4648009098875154,1.8352013239953362
320,1548201600,254,102,-152,356,4,-0.1726485762474334,-0.47779484317411225
320,1548216000,41,16,-25,57,4,0.1722606019187875,-1.0114259033466935
320,1548230400,74,171,97,245,4,0.5035906785824014,-0.67589868156594
320,1548244800,359,748,389,1107,4,1.2966102063346572,0.86252932468411
320,1548259200,522,389,-133,911,4,-0.12104799053752634,0.5127243487850267
320,1548273600,1376,432,-944,1808,4,-2.3235782542604015,2.11361752930277
320,1548288000,301,129,-172,430,4,-0.2269649822578619,-0.3457256175795604
320,1548302400,42,15,-27,57,4,0.16682896131774466,-1.0114259033466935
320,1548316800,77,211,134,288,4,0.604076029701694,-0.5991557531799167
320,1548331200,346,819,473,1165,4,1.524739111578457,0.966043042042002
320,1548345600,535,414,-121,949,4,-0.08845814693126924,0.5805436808470938
320,1548360000,1433,484,-949,1917,4,-2.3371573557630088,2.308151929165015
320,1548374400,276,108,-168,384,4,-0.2161017010557762,-0.42782270375995746
320,1548388800,52,16,-36,68,4,0.14238657861305185,-0.9917939914339897
320,1548403200,84,207,123,291,4,0.5742020063959583,-0.5938015953855429
320,1548417600,401,749,348,1150,4,1.1852615740132788,0.9392722530701334
320,1548432000,626,385,-241,1011,4,-0.41435658299384015,0.6911962752641508
320,1548446400,1340,417,-923,1757,4,-2.2665460279494516,2.022596846798417
320,1548460800,267,128,-139,395,4,-0.13734291234065488,-0.4081907918472538
320,1548475200,77,20,-57,97,4,0.08535435230210192,-0.9400371327550437
320,1548489600,18,37,19,55,4,0.2917566951417302,-1.0149953418762758
320,1548504000,124,265,141,389,4,0.623086771805344,-0.4188991074360013
320,1548518400,277,301,24,578,4,0.3053357966443373,-0.08158716639045666
320,1548532800,361,285,-76,646,4,0.03375376659219485,0.03977374361534775
320,1548547200,170,137,-33,307,4,0.1505340395146161,-0.565246087148883
320,1548561600,48,37,-11,85,4,0.21028208612608745,-0.9614537639325387
320,1548576000,18,20,2,38,4,0.24558775003286595,-1.0453355693777269
320,1548590400,87,152,65,239,4,0.4166844289657157,-0.6866069971546874
320,1548604800,193,244,51,437,4,0.3786629447584158,-0.3332325827260217
320,1548619200,272,165,-107,437,4,-0.05043666272396931,-0.3332325827260217
320,1548633600,93,72,-21,165,4,0.1831238831208732,-0.8186762227492393
320,1548648000,16,10,-6,26,4,0.22386118762869456,-1.066752200555222
320,1548662400,78,166,88,244,4,0.4791482958777085,-0.6776834008307313
320,1548676800,355,848,493,1203,4,1.5790555175888854,1.0338623741040691
320,1548691200,580,386,-194,966,4,-0.28671302886933325,0.610883908348545
320,1548705600,1374,363,-1011,1737,4,-2.505538214395337,1.9869024615025919
320,1548720000,231,70,-161,301,5,-0.1659667141261843,-0.6003628123803026
320,1548734400,32,14,-18,46,5,0.2292736050815329,-1.0709340741333062
320,1548748800,81,181,100,262,5,0.555415966385803,-0.6723325347660561
320,1548763200,367,669,302,1036,5,1.1137274662456553,0.75598964796659
320,1548777600,588,368,-220,956,5,-0.32903789477831935,0.6083594482009418
320,1548792000,1434,347,-1087,1781,5,-2.7253550748698636,2.1307958832841885
320,1548806400,271,89,-182,360,5,-0.22400899876507982,-0.4914855400531371
320,1548820800,39,10,-29,49,5,0.1988705036040162,-1.0653979416420944
320,1548835200,82,191,109,273,5,0.580291231231044,-0.6520333822982795
320,1548849600,415,811,396,1226,5,1.3735357879626162,1.1066113724100044
320,1548864000,589,384,-205,973,5,-0.28757912003625113,0.639730865651142
320,1548878400,1435,435,-1000,1870,5,-2.484894181365868,2.295034480523472
320,1548892800,269,117,-152,386,5,-0.14109144928094333,-0.4435057251293015
320,1548907200,35,13,-22,48,5,0.21821793181698138,-1.067243319139165
320,1548921600,72,185,113,257,5,0.5913469044955956,-0.6815594222514091
320,1548936000,338,721,383,1059,5,1.337604849852824,0.7984333303992138
320,1548950400,530,347,-183,877,5,-0.2267729170812177,0.4625746259323642
320,1548964800,1273,388,-885,1661,5,-2.167043575010011,1.909350583635716
320,1548979200,272,115,-157,387,5,-0.15491104086163276,-0.44166034763223083
320,1548993600,51,16,-35,67,5,0.1822869937071889,-1.0321811466948236
320,1549008000,64,217,153,281,5,0.7019036371411108,-0.6372703623217146
320,1549022400,329,718,389,1047,5,1.3541883597496511,0.7762888004343665
320,1549036800,583,395,-188,978,5,-0.24059250866190712,0.6489577531364951
320,1549051200,1316,377,-939,1693,5,-2.3162951640814566,1.9684026635419754
320,1549065600,254,161,-93,415,5,0.021979731371191722,-0.38998977771425397
320,1549080000,55,23,-32,78,5,0.19057874865560256,-1.011881994227047
320,1549094400,25,42,17,67,5,0.3260107461463588,-1.0321811466948236
320,1549108800,115,244,129,359,5,0.6355695975538017,-0.4933309175502077
320,1549123200,312,355,43,667,5,0.3978726223659438,0.07504535154753775
320,1549137600,360,248,-112,608,5,-0.030534716635428043,-0.033831920779627773
320,1549152000,170,159,-11,329,5,0.24862103329449808,-0.5486922424623257
320,1549166400,61,37,-24,98,5,0.2126900951847056,-0.9749744442856348
320,1549180800,22,23,1,45,5,0.2817880530881527,-1.0727794516303768
320,1549195200,89,201,112,290,5,0.5885829861794577,-0.6206619648480792
320,1549209600,237,282,45,519,5,0.4034004589982195,-0.19807051801891137
320,1549224000,316,235,-81,551,5,0.05514675116484631,-0.1390184381126521
320,1549238400,155,79,-76,234,5,0.06896634274553573,-0.724003104684033
320,1549252800,21,14,-7,35,5,0.2596767065590496,-1.091233226601083
320,1549267200,79,176,97,255,5,0.5471242114373894,-0.6852501772455504
320,1549281600,353,763,410,1116,5,1.4122306443885466,0.9036198477322381
320,1549296000,613,437,-176,1050,5,-0.20742548886825252,0.7818249329255784
320,1549310400,1340,376,-964,1716,5,-2.385393121984904,2.010846345974599
320,1549324800,281,109,-172,390,6,-0.19027781325989415,-0.5287354675383366
320,1549339200,26,16,-10,42,6,0.24651376616666448,-1.1177596743630565
320,1549353600,70,196,126,266,6,0.613202993339578,-0.7386176561770298
320,1549368000,425,861,436,1286,6,1.4490387317484248,0.9878326052057701
320,1549382400,640,441,-199,1081,6,-0.26307640983098723,0.6408499546337367
320,1549396800,1435,474,-961,1909,6,-2.3176145797262815,2.0423213432856566
320,1549411200,346,122,-224,468,6,-0.33048251776718457,-0.39671280049141655
320,1549425600,28,20,-8,48,6,0.25190625480156026,-1.1076040845902164
320,1549440000,78,214,136,292,6,0.6401654365140569,-0.6946101004947232
320,1549454400,399,802,403,1201,6,1.3600626692726443,0.8439617500905368
320,1549468800,608,457,-151,1065,6,-0.1336566825934884,0.6137683819061635
320,1549483200,1479,406,-1073,1885,6,-2.6195939432804454,2.001698984194297
320,1549497600,346,151,-195,497,6,-0.2522914325611957,-0.34762744992268985
320,1549512000,49,14,-35,63,6,0.17910765823046718,-1.0822151101581166
320,1549526400,79,190,111,269,6,0.5727593285778595,-0.7335398612906099
320,1549540800,417,811,394,1228,6,1.3357964704156131,0.8896619040683167
320,1549555200,655,428,-227,1083,6,-0.33857125071952826,0.6442351512246834
320,1549569600,1380,470,-910,1850,6,-2.180106119536439,1.9424580438527301
320,1549584000,410,155,-255,565,6,-0.4140660916080692,-0.2325307658305032
320,1549598400,43,20,-23,63,6,0.21146259003984189,-1.0822151101581166
320,1549612800,79,227,148,306,6,0.6725203683234315,-0.6709137243580965
320,1549627200,404,858,454,1262,6,1.4975711294624867,0.9472102461144101
320,1549641600,720,443,-277,1163,6,-0.4733834665919228,0.77964301486255
320,1549656000,1387,549,-838,1936,6,-1.9859765286801907,2.088021497263437
320,1549670400,369,200,-169,569,6,-0.18218908030755046,-0.22576037264860987
320,1549684800,73,23,-50,96,6,0.13866399346874878,-1.0263593664074966
320,1549699200,24,66,42,90,6,0.38671847067395493,-1.0365149561803364
320,1549713600,127,304,177,431,6,0.7507114535294205,-0.45933893742392984
320,1549728000,370,373,3,743,6,0.2815649422934871,0.0687517307637501
320,1549742400,399,320,-79,719,6,0.06047290826275989,0.028129371672390113
320,1549756800,205,170,-35,375,6,0.17910765823046718,-0.5541244419704365
320,1549771200,59,25,-34,84,6,0.18180390254791506,-1.0466705459531764
320,1549785600,19,35,16,54,6,0.3166161184203097,-1.0974484948173764
320,1549800000,99,205,106,304,6,0.5592781069906201,-0.6742989209490432
320,1549814400,285,304,19,589,6,0.32470485137265337,-0.1919084067391432
320,1549828800,322,266,-56,588,6,0.12248652756406142,-0.19360100503461655
320,1549843200,126,69,-57,195,6,0.11979028324661353,-0.8587921351556365
320,1549857600,17,14,-3,31,6,0.2653874763887997,-1.136378255613263
320,1549872000,93,222,129,315,6,0.6212917262919216,-0.6556803396988365
320,1549886400,371,768,397,1139,6,1.343885203367957,0.73902065577119
320,1549900800,656,395,-261,1051,6,-0.43024355751275656,0.5900720057695368
320,1549915200,1482,427,-1055,1909,6,-2.5710615455663834,2.0423213432856566
320,1549929600,284,96,-188,380,7,-0.14335580727908262,-0.36422055684420895
320,1549944000,36,22,-14,58,7,0.3752799548969251,-1.0081053687084027
320,1549958400,82,127,45,209,7,0.5511392075887898,-0.7061593855050076
320,1549972800,386,562,176,948,7,0.9416063618707268,0.771576254146046
320,1549987200,586,381,-205,967,7,-0.19402711737673856,0.8095694573305792
320,1550001600,1330,396,-934,1726,7,-2.366932120976219,2.327297942439036
320,1550016000,321,50,-271,371,7,-0.39075102716763804,-0.3822173373000404
320,1550030400,34,17,-17,51,7,0.3663379589973388,-1.022102864618494
320,1550044800,88,95,7,183,7,0.4378739261940295,-0.7581500845996318
320,1550059200,410,612,202,1022,7,1.0191036596671417,0.9195497823384383
320,1550073600,691,225,-466,916,7,-0.9719807606407501,0.7075877014142007
320,1550088000,1489,445,-1044,1934,7,-2.6948053039610516,2.7432235351960306
320,1550102400,357,63,-294,420,7,-0.45930632906446667,-0.2842348659294023
320,1550116800,50,42,-8,92,7,0.3931639466960978,-0.9401175314308171
320,1550131200,89,95,6,184,7,0.4348932608941674,-0.7561504423267617
320,1550145600,393,534,141,927,7,0.8372830763755528,0.7295837664157725
320,1550160000,631,244,-387,875,7,-0.7365082019516432,0.6256023682265238
320,1550174400,1494,338,-1156,1832,7,-3.028639817545608,2.5392600233632736
320,1550188800,259,58,-201,317,7,-0.1821044561772901,-0.4901980200350295
320,1550203200,59,23,-36,82,7,0.3097053182999586,-0.9601139541595187
320,1550217600,73,121,48,194,7,0.5600812034883762,-0.73615401959806
320,1550232000,370,529,159,899,7,0.8909350517730709,0.6735937827754078
320,1550246400,632,220,-412,852,7,-0.811024834448196,0.5796105959505099
320,1550260800,1238,244,-994,1482,7,-2.545772038967946,1.8393852278587153
320,1550275200,287,55,-232,342,7,-0.2745050804730156,-0.4402069632132753
320,1550289600,65,12,-53,77,7,0.2590340082023027,-0.9701121655238696
320,1550304000,23,51,28,74,7,0.5004678974911339,-0.9761110923424801
320,1550318400,117,139,22,256,7,0.4825839056919612,-0.6121761986801096
320,1550332800,337,415,78,752,7,0.6495011624842395,0.3796463686634932
320,1550347200,392,354,-38,746,7,0.3037439877002344,0.3676485150262722
320,1550361600,185,143,-42,328,7,0.29182132650078596,-0.46820195503345763
320,1550376000,53,29,-24,82,7,0.345473301898304,-0.9601139541595187
320,1550390400,20,29,9,49,7,0.44383525679375374,-1.0261021491642344
320,1550404800,105,225,120,330,7,0.7746891050784483,-0.4642026704877173
320,1550419200,276,233,-43,509,7,0.28884066120092383,-0.10626670364395739
320,1550433600,318,685,367,1003,7,1.5109134341443904,0.8815565791539052
320,1550448000,139,100,-39,239,7,0.3007633224003723,-0.6461701173189025
320,1550462400,27,19,-8,46,7,0.3931639466960978,-1.0321010759828448
320,1550476800,26,93,67,119,7,0.6167138441857563,-0.8861271900633225
320,1550491200,175,312,137,487,7,0.8253604151761044,-0.15025883364710108
320,1550505600,368,243,-125,611,7,0.04442610661223053,0.09769680818879965
320,1550520000,448,191,-257,639,7,-0.34902171296956847,0.15368679182916434
320,1550534400,155,99,-56,254,8,0.12144207941767038,-0.811949976500973
320,1550548800,23,10,-13,33,8,0.2221752857247658,-1.1679835971492172
320,1550563200,63,173,110,236,8,0.510319108417155,-0.8409481899474364
320,1550577600,365,745,380,1110,8,1.1428299387175216,0.5670761740641717
320,1550592000,530,414,-116,944,8,-0.01911588287129996,0.29964820561345434
320,1550606400,1384,376,-1008,1760,8,-2.1087442555673257,1.614233881853125
320,1550620800,275,137,-138,412,8,-0.07065380237725576,-0.5574101029153505
320,1550635200,39,23,-16,62,8,0.2151473876103173,-1.1212642532632484
320,1550649600,66,212,146,278,8,0.5946538857905372,-0.7732856919056886
320,1550664000,368,849,481,1217,8,1.379435841903955,0.7394544428848148
320,1550678400,563,441,-122,1004,8,-0.03317167910019699,0.39630891710166544
320,1550692800,1393,446,-947,1839,8,-1.9658436605735392,1.7415038186459362
320,1550707200,349,130,-219,479,8,-0.2604070514673657,-0.4494723084201815
320,1550721600,38,23,-15,61,8,0.21749002031513345,-1.1228752651213854
320,1550736000,61,187,126,248,8,0.5478012316942138,-0.8216160476497941
320,1550750400,394,799,405,1193,8,1.2013957563379258,0.7007901582895303
320,1550764800,576,457,-119,1033,8,-0.026143780985748474,0.4430282609876341
320,1550779200,1404,463,-941,1867,8,-1.951787864344642,1.786612150673768
320,1550793600,356,159,-197,515,8,-0.2088691319614099,-0.3914758815272549
320,1550808000,50,21,-29,71,8,0.18469316244770703,-1.1067651465400168
320,1550822400,61,88,27,149,8,0.3158805939174127,-0.9811062216053424
320,1550823572,29,28,-1,57,8,0.25028687818255985,-1.1293193125539327
320,1550836800,352,1051,699,1403,8,1.8901297715538805,1.039102648498269
320,1550851200,628,357,-271,985,8,-0.3822239521178067,0.36569969179706524
320,1550865600,1301,439,-862,1740,8,-1.7667198806641644,1.5820136446903879
320,1551484800,9369,6489,-2880,15858,9,-3.93916639960002,4.101447122350617
320,1551499200,64,31,-33,95,9,0.21045272005592228,-0.3354397434128139
320,1551513600,21,43,22,64,9,0.29061747298218743,-0.34416546141310994
320,1551528000,118,252,134,370,9,0.4538620607593092,-0.25803418050696203
320,1551542400,307,367,60,674,9,0.3460040295494251,-0.1724658491492203
320,1551556800,349,287,-62,636,9,0.16818403214934613,-0.18316189056893803
320,1551571200,175,142,-33,317,9,0.21045272005592228,-0.2729523435397262
320,1551585600,72,31,-41,103,9,0.19879239235755644,-0.33318794521918915
320,1551600000,26,28,2,54,9,0.2614666537362728,-0.34698020915514094
320,1551614400,108,164,56,272,9,0.3401738657002422,-0.2856187083788656
320,1551628800,241,274,33,515,9,0.30665042356744043,-0.21722033824751286
320,1551643200,284,229,-55,513,9,0.17838681888541624,-0.21778328779591904
320,1551657600,91,92,1,183,9,0.2600091127739771,-0.31066996328294133
320,1551672000,19,9,-10,28,9,0.24397616218872406,-0.3542985532844215
320,1551686400,56,203,147,259,9,0.47281009326915363,-0.2892778804435059
320,1551700800,321,679,358,1000,9,0.7803512363135526,-0.08070507275901041
320,1551715200,468,305,-163,773,9,0.020972394957477436,-0.1445998465031136
320,1551729600,1088,359,-729,1447,9,-0.8039957897019054,0.0451141513097743
320,1551744000,250,118,-132,368,10,-0.12638678909941412,-0.5498420190788181
320,1551758400,27,17,-10,44,10,0.2180844382119678,-1.135490907277359
320,1551772800,80,188,108,268,10,0.5512615269229766,-0.7305978487697258
320,1551787200,378,836,458,1214,10,1.5394986544556295,0.9793523001062608
320,1551801600,625,371,-254,996,10,-0.47085801641079605,0.5853045913800821
320,1551816000,1392,452,-940,1844,10,-2.407802786374796,2.1181140271589793
320,1551830400,303,135,-168,438,10,-0.2280340365027727,-0.42331293829518274
320,1551844800,31,23,-8,54,10,0.22373150751215437,-1.1174153243082683
320,1551859200,87,178,91,265,10,0.5032614378713905,-0.736020523660453
320,1551873600,393,795,402,1188,10,1.381380714050405,0.9323557843866248
320,1551888000,596,366,-230,962,10,-0.403093184808557,0.5238476092851735
320,1551902400,1410,413,-997,1823,10,-2.568744261430114,2.0801553029238886
320,1551916800,296,111,-185,407,10,-0.27603412555435874,-0.47934724549936414
320,1551931200,41,24,-17,65,10,0.19831969566131474,-1.0975321830422684
320,1551945600,87,214,127,301,10,0.6049086852747492,-0.6709484249717262
320,1551960000,376,744,368,1120,10,1.285380535947233,0.8094418201968075
320,1551974400,616,416,-200,1032,10,-0.3183871453057581,0.6503766900688088
320,1551988800,1419,442,-977,1861,10,-2.512273568428248,2.1488425182064335
320,1552003200,337,146,-191,483,10,-0.2929753334549185,-0.3419728149342743
320,1552017600,35,28,-7,63,10,0.22655504216224767,-1.1011472996360865
320,1552032000,78,244,166,322,10,0.7150265366283876,-0.6329897007366356
320,1552046400,371,755,384,1126,10,1.3305570903487258,0.820287169978262
320,1552060800,621,463,-158,1084,10,-0.19979869000183978,0.7443697215080808
320,1552075200,1283,499,-784,1782,10,-1.9673313809602422,2.006045412750616
320,1552089600,332,220,-112,552,10,-0.06991609609754823,-0.217251292447548
320,1552104000,70,27,-43,97,10,0.12490779475888908,-1.039690317541178
320,1552118400,29,59,30,88,10,0.3310258242156996,-1.0559583422133596
320,1552132800,105,272,167,377,10,0.7178500712784809,-0.5335739944066364
320,1552147200,350,431,81,781,10,0.4750260913704576,0.19667955754463057
320,1552161600,482,327,-155,809,10,-0.1913280860515599,0.2472911898580847
320,1552176000,182,209,27,391,10,0.32255522026541966,-0.5082681782499093
320,1552194000,52,35,-17,87,10,0.19831969566131474,-1.0577659005102686
320,1552208400,32,48,16,80,10,0.29149633911439343,-1.0704188085886321
320,1552222800,98,186,88,284,10,0.4947908339211106,-0.7016769160191806
320,1552237200,254,377,123,631,10,0.593614546674376,-0.07445418699173094
320,1552251600,277,193,-84,470,10,0.009142874105064008,-0.3654710727940923
320,1552266000,78,61,-17,139,10,0.19831969566131474,-0.9637728690709967
320,1552280400,14,21,7,35,10,0.2660845272635538,-1.1517589319495407
320,1552294800,171,407,236,578,10,0.9126739621349182,-0.170254776727912
320,1552309200,332,670,338,1002,10,1.2006744964444342,0.5961499411615365
320,1552323600,702,364,-338,1066,10,-0.7080349270186328,0.7118336721637174
320,1552338000,1256,399,-857,1655,10,-2.1734494104170525,1.7764855090431637
320,1552352400,208,37,-171,245,11,-0.21617647771931356,-0.7209075455012507
320,1552366800,15,22,7,37,11,0.3082656016669387,-1.1068414107651035
320,1552381200,181,467,286,648,11,1.1302843665476374,0.02683931844746383
320,1552395600,352,681,329,1033,11,1.2569754306690355,0.7411880594406527
320,1552410000,730,380,-350,1110,11,-0.7435648609223425,0.8840578076392904
320,1552424400,1391,382,-1009,1773,11,-2.6851790761781866,2.1142220031678205
320,1552438800,193,37,-156,230,11,-0.17198192046766309,-0.7487393146308555
320,1552453200,15,18,3,33,11,0.29648038639983193,-1.1142632158663313
320,1552467600,176,412,236,588,11,0.9829691757088026,-0.08448775807095521
320,1552482000,361,782,421,1143,11,1.5280353818124917,0.945287699724421
320,1552496400,753,491,-262,1244,11,-0.4842901250459931,1.1326882785304262
320,1552510800,1280,440,-840,1720,11,-2.187253731142925,2.0158830855765504
320,1552525200,208,57,-151,265,11,-0.1572504013837796,-0.6837985199951111
320,1552539600,18,25,7,43,11,0.3082656016669387,-1.0957087031132615
320,1552554000,183,412,229,595,11,0.9623450489913656,-0.07149959914380632
320,1552568400,427,634,207,1061,11,0.8975263650222783,0.7931406951492482
320,1552582800,798,406,-392,1204,11,-0.867309621226964,1.058470227518147
320,1552597200,1272,428,-844,1700,11,-2.1990389464100315,1.9787740600704107
320,1552611600,240,50,-190,290,11,-0.27215625023807083,-0.6374122381124364
320,1552626000,25,11,-14,36,11,0.24639322151462806,-1.1086968620404103
320,1552640400,163,424,261,587,11,1.05662677112822,-0.08634320934626219
320,1552654800,399,643,244,1042,11,1.006539606243016,0.7578871209184155
320,1552669200,805,393,-412,1198,11,-0.9262356975624979,1.047337519866305
320,1552683600,1104,402,-702,1506,11,-1.7806638044277405,1.618816512660856
320,1552698000,217,63,-154,280,11,-0.1660893128341097,-0.6559667508655063
320,1552712400,31,17,-14,48,11,0.24639322151462806,-1.0864314467367266
320,1552726800,27,123,96,150,11,0.5704866413600649,-0.8971754166554142
320,1552741200,164,215,51,379,11,0.43790296960511343,-0.47227707461011487
320,1552755600,290,318,28,608,11,0.3701379818192494,-0.04737873256481553
320,1552770000,302,178,-124,480,11,-0.07770019833080874,-0.2848764958041095
320,1552784400,129,59,-70,188,11,0.08140020777513296,-0.8266682681937488
320,1552798800,32,14,-18,46,11,0.23460800624752126,-1.0901423492873406
320,1552813200,22,58,36,80,11,0.393708412353463,-1.027057005926903
320,1552827600,134,160,26,294,11,0.364245374185696,-0.6299904330112085
320,1552842000,222,212,-10,434,11,0.25817843678173485,-0.37022725446823074
320,1552856400,203,121,-82,324,11,0.046044561973812584,-0.5743268947519989
320,1552870800,96,46,-50,142,11,0.14032628411066694,-0.9120190268578701
320,1552885200,8,16,8,24,11,0.3112119054837154,-1.1309622773440942
320,1552896905,86,93,7,179,11,0.3082656016669387,-0.8433673296715116
320,1552899600,83,417,334,500,11,1.271706949752919,-0.2477674702979698
320,1552914000,382,631,249,1013,11,1.0212711253268996,0.704079033934513
320,1552928400,731,372,-359,1103,11,-0.770081595273333,0.8710696487121415
320,1552942800,1264,375,-889,1639,11,-2.331622618164983,1.865591532276685
320,1552957200,278,107,-171,385,12,-0.21821669907548394,-0.5414195289948488
320,1552971600,25,18,-7,43,12,0.28255263443584466,-1.2194503212454022
320,1552986000,171,436,265,607,12,1.113096894893658,-0.10129427788484055
320,1552988587,64,184,120,248,12,0.6703435207525442,-0.8130283551303045
320,1553000400,374,654,280,1028,12,1.1588989680806696,0.7333576622832383
320,1553014800,765,428,-337,1193,12,-0.7250929756784141,1.0604777813514876
320,1553029200,1297,421,-876,1718,12,-2.3709141388650368,2.1013145238413724
320,1553043600,343,154,-189,497,12,-0.27317918689989806,-0.31937435726367347
320,1553058000,27,18,-9,45,12,0.2764456913442431,-1.2154852288930598
320,1553072400,167,437,270,604,12,1.1283642526226618,-0.10724191641335418
320,1553086800,375,670,295,1045,12,1.2047010412676815,0.7670609472781488
320,1553101200,788,382,-406,1170,12,-0.9357825123386683,1.01487921929955
320,1553115600,1297,381,-916,1678,12,-2.4930530006970684,2.0220126767945237
320,1553130000,318,154,-164,472,12,-0.19684239825487843,-0.3689380116679537
320,1553144400,51,25,-26,76,12,0.22453667506562977,-1.1540262974317523
320,1553158800,157,414,257,571,12,1.0886691225272516,-0.17266594022700404
320,1553173200,374,607,233,981,12,1.015385805428033,0.6401779920031915
320,1553187600,731,422,-309,1153,12,-0.6395957723959922,0.9811759343046393
320,1553202000,1288,391,-897,1679,12,-2.4350370413268534,2.023995222970695
320,1553216400,351,180,-171,531,12,-0.21821669907548394,-0.2519677872738524
320,1553230800,46,20,-26,66,12,0.22453667506562977,-1.1738517591934643
320,1553245200,127,422,295,549,12,1.2047010412676815,-0.21628195610277065
320,1553259600,347,606,259,953,12,1.0947760656188532,0.5846666990703976
320,1553274000,816,456,-360,1272,12,-0.7953228212318322,1.217098929269013
320,1553288400,1092,449,-643,1541,12,-1.659455268693454,1.7504038506590682
320,1553302800,268,53,-215,321,12,-0.3525694470907184,-0.6683024842698062
320,1553317200,43,14,-29,57,12,0.2153762604282274,-1.1916946747790054
320,1553331600,70,172,102,242,12,0.6153810329281301,-0.8249236321873317
320,1553346000,173,276,103,449,12,0.6184345044739309,-0.4145365737198915
320,1553360400,361,275,-86,636,12,0.04132838231758273,-0.0438004387758755
320,1553374800,345,183,-162,528,12,-0.19073545516327686,-0.25791542580236604
320,1553389200,175,88,-87,263,12,0.03827491077178194,-0.7832901624877363
320,1553403600,50,22,-28,72,12,0.2184297319740282,-1.1619564821364372
320,1553418000,32,57,25,89,12,0.3802637239014698,-1.1282531971415266
320,1553432400,114,180,66,294,12,0.5054560572793019,-0.7218312310264289
320,1553446800,263,226,-37,489,12,0.19094848806182116,-0.33523472667304316
320,1553461200,260,107,-153,367,12,-0.16325421125106981,-0.5771053601659306
320,1553475600,108,25,-83,133,12,0.05048879695498508,-1.0410211653899935
320,1553490000,15,24,9,39,12,0.3314081791686572,-1.227380505950087
320,1553504400,179,407,228,586,12,1.0001184476990288,-0.14292774758443594
320,1553518800,360,669,309,1029,12,1.2474496429088924,0.7353402084594095
320,1553533200,629,430,-199,1059,12,-0.3037139023579059,0.7948165937445457
320,1553547600,1175,365,-810,1540,12,-2.169385016842185,1.7484213044828971
320,1553562000,279,115,-164,394,13,-0.23225101686950425,-0.5779500598087854
320,1553576400,37,16,-21,53,13,0.192375956438941,-1.258937370099318
320,1553590800,183,456,273,639,13,1.0653852582059542,-0.0886776521220391
320,1553605200,381,655,274,1036,13,1.0683546775997197,0.7041433513540355
320,1553619600,589,391,-198,980,13,-0.3332112762575262,0.5923096581684936
320,1553634000,1268,400,-868,1668,13,-2.3227222700803116,1.9662664601622954
320,1553648400,322,103,-219,425,13,-0.39556908352659864,-0.5160421225096461
320,1553662800,29,23,-6,52,13,0.23691724734542127,-1.2609344003347742
320,1553677200,173,420,247,593,13,0.9881803539680551,-0.18054104295302004
320,1553691600,381,652,271,1033,13,1.0594464194184237,0.6981522606476672
320,1553706000,766,430,-336,1196,13,-0.7429911525971448,1.0236681890270127
320,1553720400,1286,404,-882,1690,13,-2.3642941415930263,2.0102011253423298
320,1553734800,349,153,-196,502,13,-0.3272724374699955,-0.3622707943795258
320,1553749200,40,24,-16,64,13,0.20722305340776775,-1.236970037509301
320,1553763600,164,517,353,681,13,1.3029388097071823,-0.004802382232882587
320,1553778000,377,691,314,1068,13,1.1871314533503337,0.768048318888631
320,1553792400,752,411,-341,1163,13,-0.7578382495659715,0.9577661912569612
320,1553806800,1235,419,-816,1654,13,-2.168312461604513,1.9383080368659098
320,1553821200,443,197,-246,640,13,-0.47574340715826313,-0.08668062188658299
320,1553835600,51,28,-23,79,13,0.1864371176514103,-1.2070145839774593
320,1553850000,157,465,308,622,13,1.1693149369877416,-0.12262716612479292
320,1553864400,366,653,287,1019,13,1.106957129718669,0.6701938373512817
320,1553878800,831,472,-359,1303,13,-0.8112877986537478,1.2373504242208162
320,1553893200,1059,406,-653,1465,13,-1.684297100420761,1.5608693223647057
320,1553907600,238,110,-128,348,13,-0.1253519186939516,-0.6698134506397664
320,1553922000,49,28,-21,77,13,0.192375956438941,-1.2110086444483714
320,1553936400,36,86,50,122,13,0.40320473339628093,-1.1211422838528466
320,1553950800,173,323,150,496,13,0.7001466727728161,-0.37425297579226247
320,1553965200,356,397,41,753,13,0.37647995885239277,0.13898379471995714
320,1553979600,373,331,-42,704,13,0.13001814916986862,0.04112931318260788
320,1553994000,164,144,-20,308,13,0.19534537583270636,-0.7496946600580107
320,1554008400,48,21,-27,69,13,0.17455944007634888,-1.2269848863320203
320,1554022800,35,52,17,87,13,0.30521389340202437,-1.1910383420938104
320,1554037200,136,239,103,375,13,0.5605839612658445,-0.6158936342824515
320,1554051600,212,251,39,463,13,0.37054112006486206,-0.440154973562314
320,1554066000,201,207,6,408,13,0.2725502800706055,-0.5499916365123999
320,1554080400,101,58,-43,159,13,0.12704872977610326,-1.0472521651409705
320,1554094800,12,14,2,26,13,0.2606726024955441,-1.312857186456633
320,1554109200,201,393,192,594,13,0.8248622873109608,-0.17854401271756393
320,1554123600,342,693,351,1035,13,1.2969999709196518,0.7021463211185794
320,1554138000,680,354,-326,1034,13,-0.7132969586594913,0.7001492908831233
320,1554152400,1278,348,-930,1626,13,-2.5068262724937633,1.882391190273139
320,1554166800,169,88,-81,257,14,0.019886768314931934,-0.8298552468043366
320,1554181200,19,19,0,38,14,0.258949615690898,-1.2568289314329817
320,1554195600,202,453,251,655,14,0.9997493032386449,-0.05389393866643361
320,1554210000,361,657,296,1018,14,1.1325619962252926,0.6538295659920056
320,1554224400,732,435,-297,1167,14,-0.6176141580209777,0.944327643661723
320,1554238800,1286,354,-932,1640,14,-2.491748825721453,1.866512816398477
320,1554253200,219,85,-134,304,14,-0.1365370700915644,-0.7382216249890566
320,1554267600,22,14,-8,36,14,0.23533847027104954,-1.260728234488951
320,1554282000,196,448,252,644,14,1.002700696416126,-0.0753401054742651
320,1554296400,375,667,292,1042,14,1.1207564235153684,0.7006212026636379
320,1554310800,775,417,-358,1192,14,-0.7976491418473226,0.99306893186134
320,1554325200,1276,337,-939,1613,14,-2.5124085779638206,1.8138722251428907
320,1554339600,216,96,-120,312,14,-0.09521756560682954,-0.7226244127651792
320,1554354000,22,15,-7,37,14,0.23828986344853062,-1.2587785829609663
320,1554368400,186,486,300,672,14,1.144367568935217,-0.02074986269069404
320,1554382800,381,664,283,1045,14,1.0941938849180388,0.7064701572475919
320,1554397200,738,486,-252,1224,14,-0.48480146503432986,1.0554577807568497
320,1554411600,1285,419,-866,1704,14,-2.2969568760077026,1.9912905141894965
320,1554426000,256,142,-114,398,14,-0.07750920654194315,-0.5549543813584966
320,1554440400,25,16,-9,41,14,0.23238707709356848,-1.2509799768490277
320,1554454800,184,437,253,621,14,1.005652089593607,-0.12018209061791277
320,1554469200,383,745,362,1128,14,1.3273539459390429,0.8682912340703204
320,1554483600,830,392,-438,1222,14,-1.0337605960458076,1.0515584777008804
320,1554498000,1181,435,-746,1616,14,-1.9427896947099752,1.8197211797268447
320,1554512400,241,127,-114,368,14,-0.07750920654194315,-0.613443927198037
320,1554526800,39,21,-18,60,14,0.2058245384962389,-1.2139365978173187
320,1554541200,40,115,75,155,14,0.48030410400197776,-1.028719702658774
320,1554555600,211,344,133,555,14,0.6514849082958795,-0.2488590914649017
320,1554570000,389,350,-39,739,14,0.14384528176913658,0.10987678968427958
320,1554584400,388,333,-55,721,14,0.09662299092943957,0.07478306218055532
320,1554598800,217,172,-45,389,14,0.1261369227042502,-0.5725012451103587
320,1554613200,54,19,-35,73,14,0.15565085447906085,-1.188591127953518
320,1554627600,25,54,29,79,14,0.3445400178378489,-1.1768932187856098
320,1554642000,151,212,61,363,14,0.4389845995172429,-0.6231921848379605
320,1554656400,278,250,-28,528,14,0.1763106067214283,-0.3014996827204881
320,1554670800,308,196,-112,504,14,-0.07160642018698102,-0.34829131939212044
320,1554685200,105,69,-36,174,14,0.15269946130157977,-0.9916763236270651
320,1554699600,19,16,-3,35,14,0.25009543615845486,-1.2626778860169356
320,1554714000,194,458,264,652,14,1.0381174145458987,-0.05974289325038766
320,1554728400,344,657,313,1001,14,1.1827356802424709,0.6206854900162659
320,1554742800,691,387,-304,1078,14,-0.6382739102633451,0.7708086576710864
320,1554757200,1165,406,-759,1571,14,-1.981157806017229,1.731986860967534
320,1554771600,213,79,-134,292,15,-0.14210159213864748,-0.7714983388684157
320,1554786000,19,12,-7,31,15,0.22584495760287954,-1.2728121972368551
320,1554800400,185,463,278,648,15,1.0515517818259914,-0.08771391902487376
320,1554814800,385,698,313,1083,15,1.1529543742744437,0.7478091782558587
320,1554829200,714,353,-361,1067,15,-0.7997698345900383,0.7170772942179467
320,1554843600,1310,359,-951,1669,15,-2.5091278215782347,1.8733644311443856
320,1554858000,214,89,-125,303,15,-0.11602663979475974,-0.7503701685923512
320,1554872400,27,30,3,57,15,0.25481712687386593,-1.2228728856752482
320,1554886800,178,410,232,588,15,0.918279803179454,-0.20295848416704376
320,1554901200,437,705,268,1142,15,1.022579612555005,0.8611330006456592
320,1554915600,807,404,-403,1211,15,-0.921452945528181,0.9936642505591546
320,1554930000,1339,419,-920,1758,15,-2.419314096838177,2.044310536105271
320,1554944400,256,116,-140,372,15,-0.1594848937012393,-0.6178389186788558
320,1554958800,22,12,-10,34,15,0.21715330682158362,-1.2670499689797468
320,1554973200,191,485,294,676,15,1.0979072526595697,-0.03393312195852776
320,1554987600,373,662,289,1035,15,1.0834211680240764,0.6556135261421228
320,1555002000,810,479,-331,1289,15,-0.7128533267770791,1.1434821852439756
320,1555016400,1322,440,-882,1762,15,-2.3092198536084285,2.0519935071147493
320,1555030800,277,127,-150,404,15,-0.1884570629722257,-0.5563751506030318
320,1555045200,27,10,-17,37,15,0.19687278833189314,-1.2612877407226382
320,1555059600,171,474,303,645,15,1.1239822050034574,-0.09347614728198225
320,1555074000,395,585,190,980,15,0.7965966922413112,0.5499726747618002
320,1555088400,865,425,-440,1290,15,-1.0286499718308306,1.1454029279963451
320,1555102800,986,379,-607,1365,15,-1.5124851986563033,1.2894586344240577
320,1555117200,219,122,-97,341,15,-0.03490456583599789,-0.6773819440023102
320,1555131600,38,12,-26,50,15,0.1707978359880054,-1.2363180849418347
320,1555146000,37,118,81,155,15,0.4808000471875597,-1.0346400959430373
320,1555160400,160,358,198,518,15,0.8197744276581004,-0.33741047683290876
320,1555174800,323,456,133,779,15,0.6314553273966889,0.16390338153553072
320,1555189200,351,438,87,789,15,0.4981833487501515,0.18311080905922572
320,1555203600,170,130,-40,300,15,0.13023679900862448,-0.7561323968494598
320,1555218000,50,15,-35,65,15,0.14472288364411767,-1.2075069436562922
320,1555232400,37,64,27,101,15,0.3243503331242332,-1.1383602045709902
320,1555246800,130,255,125,385,15,0.6082775919798997,-0.5928692628980522
320,1555261200,268,359,91,627,15,0.5097722164585461,-0.12804951682463325
320,1555275600,273,235,-38,508,15,0.13603123286282176,-0.35661790435660373
320,1555290000,126,90,-36,216,15,0.14182566671701902,-0.9174747880484977
320,1555304400,14,29,15,43,15,0.2895837299990496,-1.2497632842084212
320,1555318800,176,461,285,637,15,1.0718323003156818,-0.10884208930093825
320,1555333200,474,648,174,1122,15,0.750241221407733,0.8227181455982692
320,1555347600,714,421,-293,1135,15,-0.6027590835473309,0.8476878013790727
320,1555362000,1268,357,-911,1625,15,-2.393239144494289,1.7888517500401278
320,1555376400,192,81,-111,273,16,-0.1312718683580883,-0.7610821895421086
320,1555390800,20,12,-8,32,16,0.17803210904773417,-1.2147198012807272
320,1555405200,196,455,259,651,16,0.9798200893133128,-0.04956759519688925
320,1555419600,403,697,294,1100,16,1.0849233826065534,0.7955912748057654
320,1555434000,809,384,-425,1193,16,-1.0741985567603045,0.9706464527795893
320,1555448400,1339,386,-953,1725,16,-2.659756809869763,1.9720373633395272
320,1555462800,210,107,-103,317,16,-0.10724825846249043,-0.6782603849093317
320,1555477200,21,9,-12,30,16,0.16602030409993523,-1.2184844287640353
320,1555491600,200,496,296,696,16,1.0909292850804528,0.03513652317754162
320,1555506000,400,729,329,1129,16,1.1900266758997942,0.850178373313732
320,1555520400,804,475,-329,1279,16,-0.7859152380131301,1.132525434561835
320,1555534800,1317,508,-809,1825,16,-2.2273318317490016,2.1602687375049294
320,1555549200,237,117,-120,354,16,-0.15829842949063588,-0.608614776468133
320,1555563600,22,14,-8,36,16,0.17803210904773417,-1.207190546314111
320,1555578000,187,516,329,703,16,1.1900266758997942,0.04831271936911976
320,1555592400,431,760,329,1191,16,1.1900266758997942,0.9668818252962812
320,1555606800,780,465,-315,1245,16,-0.7438739206958338,1.0685267673455983
320,1555621200,1209,446,-763,1655,16,-2.089196074849314,1.8402754014237461
320,1555635600,209,168,-41,377,16,0.078934718228393,-0.5653215604100905
320,1555650000,41,17,-24,58,16,0.12998488925653845,-1.1657796439977226
320,1555664400,86,363,277,449,16,1.033873211578408,-0.42979497101100117
320,1555678800,365,645,280,1010,16,1.0428820652892572,0.6261830380569037
320,1555693200,903,473,-430,1376,16,-1.0892133129450532,1.3151098675022748
320,1555707600,855,344,-511,1199,16,-1.3324523631379814,0.9819403352295133
320,1555722000,190,145,-45,335,16,0.06692291328059406,-0.6443787375595593
320,1555736400,32,13,-19,45,16,0.14499964544128713,-1.190249722639225
320,1555750800,32,100,68,132,16,0.4062564030559138,-1.0264884271153252
320,1555765200,179,324,145,503,16,0.6374836483010432,-0.3281500289616841
320,1555779600,334,413,79,747,16,0.4392888666623609,0.1311345240018966
320,1555794000,283,305,22,588,16,0.26812064615622616,-0.16815336092109245
320,1555808400,142,132,-10,274,16,0.17202620657383472,-0.7591998758004546
320,1555822800,24,17,-7,41,16,0.1810350602846839,-1.197778977605841
320,1555837200,29,37,8,66,16,0.2260793288389299,-1.1507211340644905
320,1555851600,119,223,104,342,16,0.5143626475861042,-0.6312025413679813
320,1555866000,227,308,81,535,16,0.44529476913626037,-0.2679159892287555
320,1555880400,237,188,-49,425,16,0.05491110833279513,-0.47497050081069764
320,1555894800,103,66,-37,169,16,0.09094652317619192,-0.9568428186741266
320,1555909200,12,15,3,27,16,0.21106457265418124,-1.2241313699889973
320,1555923600,169,455,286,624,16,1.0608997727109555,-0.10039006622154777
320,1555938000,346,640,294,986,16,1.0849233826065534,0.5810075082572073
320,1555952400,679,395,-284,1074,16,-0.6507824323503921,0.7466511175227609
320,1555966800,1264,368,-896,1632,16,-2.4885885893636286,1.7969821853657038
320,1555981200,191,33,-158,224,17,-0.22287312536450707,-0.8644815586448904
320,1555995600,18,20,2,38,17,0.2518360354752671,-1.2077955709540706
320,1556010000,197,493,296,690,17,1.1241141185183523,-0.004350753612213173
320,1556024400,395,653,258,1048,17,1.011370692818906,0.6564364313699723
320,1556038800,760,493,-267,1253,17,-0.5462687411866033,1.0348201546139613
320,1556053200,1312,416,-896,1728,17,-2.4124691297379655,1.9115629279841795
320,1556067600,209,50,-159,259,17,-0.22584005761975567,-0.7998794595544533
320,1556082000,26,14,-12,40,17,0.21029898390178686,-1.2041040224346171
320,1556096400,165,434,269,599,17,1.0440069476266403,-0.17231621124734972
320,1556110800,433,641,208,1074,17,0.8630240800564765,0.7044265621228685
320,1556125200,773,512,-261,1285,17,-0.5284671476551117,1.093884930925218
320,1556139600,1354,388,-966,1742,17,-2.620154387605367,1.9374037676203544
320,1556154000,233,70,-163,303,17,-0.23770778664075,-0.7186653921264752
320,1556168400,24,14,-10,38,17,0.21623284841228405,-1.2077955709540706
320,1556182800,188,452,264,640,17,1.0291722863503974,-0.09663946659855192
320,1556197200,401,649,248,1050,17,0.98170137026642,0.6601279798894258
320,1556211600,839,500,-339,1339,17,-0.7598878635645016,1.193556740950464
320,1556226000,1334,495,-839,1829,17,-2.243353991188796,2.0979861282165837
320,1556240400,287,48,-239,335,17,-0.4631946380396428,-0.6596006158152183
320,1556254800,30,17,-13,47,17,0.20733205164653828,-1.1911836026165297
320,1556269200,137,473,336,610,17,1.2427914087282959,-0.1520126943903552
320,1556283600,381,709,328,1090,17,1.219055950686307,0.7339589502784969
320,1556298000,748,432,-316,1180,17,-0.691648421693784,0.9000786336539066
320,1556312400,1074,424,-650,1498,17,-1.6826037949468127,1.487034848247021
320,1556326800,233,122,-111,355,17,-0.08342730936782342,-0.6226851306206829
320,1556341200,36,17,-19,53,17,0.18953045811504673,-1.1801089570581689
320,1556355600,47,109,62,156,17,0.42985197079018245,-0.9899942083063111
320,1556370000,164,310,146,474,17,0.6790742802310639,-0.4030379937131966
320,1556384400,360,349,-11,709,17,0.21326591615703544,0.030718957322595556
320,1556398800,342,388,46,730,17,0.382381054706205,0.06948021677685784
320,1556413200,183,127,-56,310,17,0.07975396467084896,-0.7057449723083877
320,1556427600,48,20,-28,68,17,0.16282806781780945,-1.1524223431622673
320,1556442000,41,57,16,98,17,0.29337308704874737,-1.097049115370464
320,1556456400,162,278,116,440,17,0.5900663125736062,-0.46579431854390696
320,1556470800,234,301,67,535,17,0.4446866320664254,-0.2904457638698633
320,1556485200,242,250,8,492,17,0.26963762900675864,-0.36981405703811465
320,1556499600,121,67,-54,188,17,0.08568782918134614,-0.9309294319950543
320,1556514000,8,14,6,22,17,0.2637037644962615,-1.237327959109699
320,1556528400,182,427,245,609,17,0.9728005735006743,-0.15385846865008196
320,1556542800,358,680,322,1038,17,1.2012543571548155,0.6379786887727046
320,1556557200,724,453,-271,1177,17,-0.5581364702075976,0.8945413108747263
320,1556571600,1286,400,-886,1686,17,-2.3827998071854797,1.8340404090756548
320,1556586000,224,31,-193,255,18,-0.26039224953822804,-0.7151947275772521
320,1556600400,17,18,1,35,18,0.34789454565860706,-1.1070255101614188
320,1556614800,191,445,254,636,18,1.1411757785699437,-0.036615054101945356
320,1556629200,430,613,183,1043,18,0.9185553535236792,0.6882718936787628
320,1556643600,652,473,-179,1125,18,-0.21649526431783786,0.8343179126419523
320,1556658000,1565,491,-1074,2056,18,-3.0227668194784947,2.4924745425776758
320,1556672400,330,38,-292,368,18,-0.5708066450252727,-0.5139361892499301
320,1556686800,28,13,-15,41,18,0.29772656254958973,-1.0963392160909415
320,1556701200,201,460,259,661,18,1.1568532732915116,0.007911171191709941
320,1556715600,461,618,157,1079,18,0.837032380971526,0.7523896581016265
320,1556730000,778,400,-378,1178,18,-0.8404595542362409,0.9287135102645016
320,1556744400,1309,508,-801,1817,18,-2.1667756076808864,2.066803828770331
320,1556758800,253,46,-207,299,18,-0.3042892347586182,-0.6368285710604188
320,1556773200,25,19,-6,44,18,0.32594605304841195,-1.0909960690557028
320,1556783372,78,62,-16,140,18,0.29459106360527615,-0.9200153639280665
320,1556787600,145,417,272,562,18,1.1976147595675881,-0.16841268097116505
320,1556802000,412,661,249,1073,18,1.1254982838483756,0.7417033640311492
320,1556816400,840,473,-367,1313,18,-0.8059690658487914,1.16915512685024
320,1556830800,1223,473,-750,1696,18,-2.0068651615208934,1.8512968983490394
320,1556845200,270,56,-214,326,18,-0.3262377273688133,-0.588740247743271
320,1556859600,33,20,-13,53,18,0.3039975604382169,-1.074966627949987
320,1556874000,172,432,260,604,18,1.159988772235825,-0.09360862247782414
320,1556888400,363,665,302,1028,18,1.2916797278969956,0.6615561585025698
320,1556902800,796,444,-352,1240,18,-0.7589365816840876,1.0391385489927667
320,1556917200,1115,506,-609,1621,18,-1.5647598103726785,1.7177182224680734
320,1556931600,238,57,-181,295,18,-0.22276626220646503,-0.6439527671074036
320,1556946000,41,19,-22,60,18,0.27577806993939463,-1.0624992848677635
320,1556960400,44,130,86,174,18,0.6144119559252617,-0.8594596975286952
320,1556974800,159,228,69,387,18,0.5611084738719307,-0.4800962580267521
320,1556989200,325,276,-49,601,18,0.19111959844292792,-0.09895176951306277
320,1557003600,348,180,-168,528,18,-0.18200477593038844,-0.22896834737053626
320,1557018000,200,61,-139,261,18,-0.09107530654529454,-0.7045084335067748
320,1557032400,42,9,-33,51,18,0.24128758155194524,-1.0785287259734793
320,1557046800,24,54,30,78,18,0.438824015043701,-1.0304404026563316
320,1557061200,107,150,43,257,18,0.47958550131977756,-0.7116326295537597
320,1557075600,212,188,-24,400,18,0.26950707205076746,-0.45694262087405135
320,1557090000,211,112,-99,323,18,0.034344651227248765,-0.5940833947785097
320,1557104400,83,27,-56,110,18,0.16917110583273284,-0.9734468342804529
320,1557118800,11,8,-3,19,18,0.3353525498813527,-1.1355222943493581
320,1557133200,192,454,262,646,18,1.1662597701244521,-0.018804563984483238
320,1557147600,338,588,250,926,18,1.1286337827926893,0.4798891593044561
320,1557162000,742,397,-345,1139,18,-0.7369880890738926,0.8592525988063993
320,1557176400,1252,432,-820,1684,18,-2.2263500876228446,1.8299243102080849
320,1557190800,218,82,-136,300,19,-0.1336675321198734,-0.6992783124723857
320,1557205200,20,13,-7,33,19,0.2620760137956862,-1.1936489464444784
320,1557219600,196,406,210,602,19,0.9277841491730229,-0.1401025392155618
320,1557234000,379,723,344,1102,19,1.3388665922170926,0.7856851648520276
320,1557248400,703,415,-288,1118,19,-0.5999700048265791,0.8153103713821904
320,1557262800,1279,423,-856,1702,19,-2.342468718625322,1.896630409733135
320,1557277200,217,76,-141,293,19,-0.14900642924838345,-0.712239340329332
320,1557291600,26,14,-12,40,19,0.24673711666717613,-1.1806879185875323
320,1557306000,192,482,290,674,19,1.1732065032291839,-0.006789109829828918
320,1557320400,401,665,264,1066,19,1.0934442381609315,0.7190284501591612
320,1557334800,826,467,-359,1293,19,-0.817782344051422,1.1393360678058466
320,1557349200,1300,425,-875,1725,19,-2.40075652771366,1.939216644120244
320,1557363600,283,77,-206,360,19,-0.34841209191901423,-0.5881837879842751
320,1557378000,27,25,-2,52,19,0.27741491092419623,-1.15846901368991
320,1557392400,218,447,229,665,19,0.9860719582613611,-0.023453288503045525
320,1557406800,447,667,220,1114,19,0.958461943430043,0.8079040697496497
320,1557421200,833,501,-332,1334,19,-0.7349522995574678,1.215250659539389
320,1557435600,1354,489,-865,1843,19,-2.37007873345664,2.157702542280195
320,1557450000,288,112,-176,400,19,-0.25637870914795385,-0.5141207716588678
320,1557464400,32,13,-19,45,19,0.22526266068726206,-1.1714300415468564
320,1557478800,202,422,220,624,19,0.958461943430043,-0.09936788023658785
320,1557493200,374,637,263,1011,19,1.0903764587352296,0.6171918027117262
320,1557507600,823,403,-420,1226,19,-1.0049168890192448,1.0152805154607898
320,1557522000,1086,492,-594,1578,19,-1.5387105090913948,1.6670350591243726
320,1557536400,233,111,-122,344,19,-0.09071862016004521,-0.6178089945144378
320,1557550800,54,14,-40,68,19,0.1608392927475198,-1.128843807159747
320,1557565200,46,95,49,141,19,0.4338716616349989,-0.9936788023658791
320,1557579600,195,283,88,478,19,0.5535150592373774,-0.36969788982432394
320,1557594000,373,347,-26,720,19,0.20378820470734796,0.0783833589443893
320,1557608400,361,264,-97,625,19,-0.014024134517494907,-0.09751630482845268
320,1557622800,167,133,-34,300,19,0.17924596930173187,-0.6992783124723857
320,1557637200,45,16,-29,61,19,0.19458486643024192,-1.1418048350166934
320,1557651600,27,63,36,90,19,0.3939905291008728,-1.0881091481807732
320,1557666000,114,180,66,294,19,0.4860239118719331,-0.7103877649211968
320,1557680400,158,186,28,344,19,0.3694482936952566,-0.6178089945144378
320,1557694800,171,162,-9,333,19,0.2559404549442822,-0.6381763240039249
320,1557709200,81,63,-18,144,19,0.22833044011296405,-0.9881240761414736
320,1557723600,11,14,3,25,19,0.2927538080527063,-1.2084615497095599
320,1557738000,180,440,260,620,19,1.0811731204581234,-0.10677418186912857
320,1557752400,322,662,340,984,19,1.3265954745142845,0.5671992666920764
320,1557766800,657,417,-240,1074,19,-0.4527165923928826,0.7338410534242426
320,1557781200,1253,364,-889,1617,19,-2.4437054396734887,1.7392465000416446
320,1557795600,197,72,-125,269,20,-0.1339619724100954,-0.8120138223935178
320,1557810000,19,11,-8,30,20,0.21862995711492272,-1.2525843185389225
320,1557824400,203,433,230,636,20,0.9358682411059852,-0.1354892529986914
320,1557838800,402,710,308,1112,20,1.1709295274559972,0.7419649568975958
320,1557853200,768,425,-343,1193,20,-0.7909281316960267,0.8912796438757454
320,1557867600,1331,398,-933,1729,20,-2.5689558104974,1.879337325607699
320,1557882000,220,88,-132,308,20,-0.15505721605689135,-0.7401215657003346
320,1557896400,19,16,-3,35,20,0.23369798829120556,-1.243367362552617
320,1557910800,209,493,284,702,20,1.0986029778098396,-0.013825433979458306
320,1557925200,398,648,250,1046,20,0.9961403658111165,0.6203011378783627
320,1557939600,773,400,-373,1173,20,-0.8813363187537236,0.8544118199305233
320,1557954000,1297,510,-787,1807,20,-2.1289693001499415,2.0231218389940655
320,1557968400,285,107,-178,392,20,-0.29368310287869337,-0.5852767051304016
320,1557982800,28,15,-13,43,20,0.2035619259386399,-1.2286202329745282
320,1557997200,186,517,331,703,20,1.2402424708668982,-0.0119820427821972
320,1558011600,412,687,275,1099,20,1.0714805216925307,0.7180008713332013
320,1558026000,830,437,-393,1267,20,-0.941608443458855,1.0276905924730675
320,1558040400,1328,553,-775,1881,20,-2.0928060253268628,2.1595327875913872
320,1558054800,349,123,-226,472,20,-0.43833620217100855,-0.437805409349513
320,1558069200,34,18,-16,52,20,0.1945211072328702,-1.212029712199178
320,1558083600,170,400,230,570,20,0.9358682411059852,-0.2571530720179245
320,1558098000,432,678,246,1110,20,0.9840859408700903,0.7382781745030735
320,1558112400,811,471,-340,1282,20,-0.7818873129902569,1.055341460431984
320,1558126800,1102,428,-674,1530,20,-1.7884317955659497,1.5125024773527387
320,1558141200,245,126,-119,371,20,-0.115880334998556,-0.6239879202728849
320,1558155600,44,17,-27,61,20,0.161371438645048,-1.1954391914238283
320,1558170000,52,100,48,152,20,0.3873919062892903,-1.0276905924730675
320,1558184400,145,356,211,501,20,0.8786097226361105,-0.3843470646289409
320,1558198800,321,451,130,772,20,0.6345076175803287,0.11521194982881922
320,1558213200,356,368,12,724,20,0.27890208182005405,0.02672917236028606
320,1558227600,187,126,-61,313,20,0.058908826646324776,-0.7309046097140292
320,1558242000,44,18,-26,62,20,0.16438504488030456,-1.1935958002265672
320,1558256400,32,53,21,85,20,0.3060245379373631,-1.1511978026895617
320,1558270800,122,256,134,378,20,0.646562042521355,-0.6110841818920572
320,1558285200,276,337,61,613,20,0.4265687873476257,-0.17788725053569687
320,1558299600,290,264,-26,554,20,0.16438504488030456,-0.28664733117410224
320,1558314000,101,67,-34,168,20,0.14027619499825203,-0.9981963333168897
320,1558328400,16,14,-2,30,20,0.23671159452646212,-1.2525843185389225
320,1558342800,191,473,282,664,20,1.0925757653393267,-0.08387429947538039
320,1558357200,352,691,339,1043,20,1.2643513207489507,0.6147709642865794
320,1558371600,738,426,-312,1164,20,-0.6975063384030732,0.8378212991551733
320,1558386000,1276,427,-849,1703,20,-2.3158128867358485,1.8314091544789104
320,1558400400,265,68,-197,333,21,-0.5245801090195769,-0.5355088059110619
320,1558414800,17,13,-4,30,21,0.19032344910293322,-1.1275926516125538
320,1558429200,191,373,182,564,21,0.8792978626303264,-0.0841181512673501
320,1558443600,432,639,207,1071,21,0.9719019504700298,0.9065964024311861
320,1558458000,773,481,-292,1254,21,-0.8764756428104497,1.264191596369711
320,1558472400,1369,602,-767,1971,21,-2.6359533117648137,2.6652612906534396
320,1558486800,285,116,-169,401,21,-0.4208635306391091,-0.4026319032453805
320,1558501200,29,17,-12,46,21,0.16069014099422815,-1.0963274980441584
320,1558515600,177,486,309,663,21,1.3497266288560197,0.1093349864370978
320,1558530000,413,689,276,1102,21,1.2274892329076112,0.9671726374699526
320,1558544400,819,454,-365,1273,21,-1.1468795793023834,1.301318966232181
320,1558558800,1359,474,-885,1833,21,-3.0730446063682137,2.3955993411260277
320,1558573200,323,98,-225,421,21,-0.6282966874000446,-0.36355046128488594
320,1558587600,28,15,-13,43,21,0.15698597748064,-1.1021897143382324
320,1558602000,185,437,252,622,21,1.138589308581496,0.029218030418084025
320,1558616400,416,672,256,1088,21,1.1534059626358484,0.9398156280976064
320,1558630800,828,490,-338,1318,21,-1.0468671644355039,1.3892522106432936
320,1558645200,1192,450,-742,1642,21,-2.5433492239251105,2.0223715704033047
320,1558659600,256,102,-154,358,21,-0.36530107793528704,-0.4866570034604437
320,1558674000,24,17,-7,41,21,0.17921095856216882,-1.106097858534282
320,1558688400,151,409,258,560,21,1.1608142896630247,-0.091934439659449
320,1558702800,341,532,191,873,21,0.9126353342526196,0.5196901270222903
320,1558717200,816,474,-342,1290,21,-1.0616838184898563,1.3345381918986012
320,1558731600,666,393,-273,1059,21,-0.8060965360522752,0.8831475372548894
320,1558746000,237,123,-114,360,21,-0.21713453739176164,-0.48274885926439426
320,1558760400,38,26,-12,64,21,0.16069014099422815,-1.0611542002797132
320,1558774800,38,75,37,113,21,0.34219415316004675,-0.9654046674765017
320,1558789200,142,300,158,442,21,0.7903979383042111,-0.3225149472263667
320,1558803600,250,367,117,617,21,0.6385272342470976,0.019447669927960393
320,1558818000,303,291,-12,594,21,0.16069014099422815,-0.025495988326608314
320,1558832400,146,91,-55,237,21,0.0014111099099383322,-0.7230997273214356
320,1558846800,41,16,-25,57,21,0.11253601531758238,-1.0748327049658863
320,1558861200,25,48,23,73,21,0.29033586396981287,-1.0435675513974907
320,1558875600,117,273,156,390,21,0.7829896112770348,-0.42412669632365246
320,1558890000,236,321,85,557,21,0.5199940018122773,-0.09779665595352319
320,1558904400,232,244,12,476,21,0.2495900653203434,-0.256076495893526
320,1558918800,100,71,-29,171,21,0.09771936126322985,-0.8520684857910675
320,1558933200,24,9,-15,33,21,0.14957765045346375,-1.1217304353184798
320,1558947600,39,84,45,123,21,0.3718274612687518,-0.9458639464962544
320,1558962000,125,278,153,403,21,0.7718771207362705,-0.39872375904933105
320,1558976400,218,275,57,493,21,0.41627742343180946,-0.22285727022710566
320,1558990800,245,192,-53,437,21,0.008819436937114603,-0.33228530771649034
320,1559005200,112,20,-92,132,22,-0.0884740172583899,-1.0614596365791444
320,1559019600,22,99,77,121,22,0.38619610708027335,-1.0818104832446864
320,1559034000,159,517,358,676,22,1.1754405150043228,-0.05501776511961444
320,1559048400,370,649,279,1019,22,0.9535532971182021,0.579558635451376
320,1559062800,712,398,-314,1110,22,-0.7120051865079948,0.7479156396844959
320,1559077200,1267,426,-841,1693,22,-2.1921895387356605,1.8265105129582202
320,1559091600,185,41,-144,226,22,-0.2345263632087478,-0.8875524014372405
320,1559106000,17,25,8,42,22,0.19239587879999073,-1.2279665638426698
320,1559120400,188,466,278,654,22,0.9507445981576184,-0.09571945845069837
320,1559134800,381,670,289,1051,22,0.9816402867240402,0.6387610984784072
320,1559149200,788,502,-286,1290,22,-0.6333616156116483,1.0809294942115464
320,1559163600,1443,405,-1038,1848,22,-2.7455032339706706,2.1132724432454024
320,1559178000,222,36,-186,258,22,-0.3524917195532677,-0.8283499384102092
320,1559192400,27,18,-9,45,22,0.14464799647006601,-1.2224163329338855
320,1559206800,185,512,327,697,22,1.0883708472262248,-0.01616614875812523
320,1559221200,429,632,203,1061,22,0.7400921761138329,0.6572618681743544
320,1559235600,792,419,-373,1211,22,-0.8777184251824394,0.9347734136135631
320,1559250000,1401,459,-942,1860,22,-2.475868133754625,2.135473366880539
320,1559264400,253,49,-204,302,22,-0.4030483008437762,-0.7469465517480414
320,1559278800,30,10,-20,40,22,0.11375230790364414,-1.2316667177818592
320,1559293200,187,476,289,663,22,0.9816402867240402,-0.07906876572434586
320,1559307600,410,710,300,1120,22,1.0125359752904621,0.7664164093804432
320,1559322000,856,435,-421,1291,22,-1.0125359752904621,1.082779571181141
320,1559336400,985,439,-546,1424,22,-1.3636233453634379,1.3288398081372395
320,1559350800,263,141,-122,404,22,-0.17273498607590407,-0.5582387008493794
320,1559365200,32,26,-6,58,22,0.15307409335181743,-1.198365332329154
320,1559379600,42,89,47,131,22,0.30193513826275914,-1.0633097135487393
320,1559394000,152,393,241,545,22,0.8468227366160176,-0.29737784813652335
320,1559408400,328,535,207,863,22,0.7513269719561682,0.29094662819459904
320,1559422800,318,411,93,729,22,0.43113529044961424,0.04303631426890595
320,1559437200,172,182,10,354,22,0.19801327672115834,-0.6507425493291157
320,1559451600,48,23,-25,71,22,0.09970881310072512,-1.1743143317244227
320,1559466000,35,55,20,90,22,0.2261002663269964,-1.139162869302123
320,1559480400,139,355,216,494,22,0.7766052626014224,-0.39173177358585426
320,1559494800,267,397,130,664,22,0.5350571519912151,-0.07721868875475113
320,1559509200,246,295,49,541,22,0.30755253618392675,-0.3047781560149022
320,1559523600,100,115,15,215,22,0.21205677152407737,-0.9079032481027823
320,1559538000,9,12,3,21,22,0.17835238399707168,-1.266818180204159
320,1559552400,187,468,281,655,22,0.9591706950393698,-0.09386938148110366
320,1559566800,369,769,400,1138,22,1.2934058713488428,0.7997177948331482
320,1559581200,693,448,-245,1141,22,-0.5182049582277122,0.8052680257419323
320,1559595600,1270,423,-847,1693,22,-2.2090417324991636,1.8265105129582202
320,1559610000,87,117,30,204,23,0.2969872560771409,-0.8284579160843488
320,1559624400,11,23,12,34,23,0.24747846542789753,-1.1101470213199434
320,1559638800,178,496,318,674,23,1.089127906465034,-0.04967038984476382
320,1559653200,384,788,404,1172,23,1.325669906233641,0.7755129890218603
320,1559667600,751,457,-294,1208,23,-0.5941709756092389,0.8351647995423391
320,1559682000,1684,550,-1134,2234,23,-2.904581205907261,2.5352413993759866
320,1559696400,111,142,31,253,23,0.2997377444465433,-0.7472651739870304
320,1559710800,9,28,19,37,23,0.2667318840137144,-1.1051760371099035
320,1559725200,185,514,329,699,23,1.1193832785284605,-0.008245521427764612
320,1559739600,419,731,312,1150,23,1.0726249762486195,0.739059104814901
320,1559754000,740,502,-238,1242,23,-0.4401436269227042,0.8915026205894581
320,1559768400,1393,539,-854,1932,23,-2.134444462474587,2.0348289888986364
320,1559782800,99,123,24,222,23,0.2804843258607264,-0.7986320108241094
320,1559797200,14,24,10,38,23,0.24197748868909272,-1.1035190423732235
320,1559811600,187,503,316,690,23,1.0836269297262293,-0.023158474057884324
320,1559826000,381,739,358,1120,23,1.1991474412411303,0.6893492627145019
320,1559840400,732,443,-289,1175,23,-0.580418533762227,0.7804839732319002
320,1559854800,1413,534,-879,1947,23,-2.203206671709647,2.0596839099488355
320,1559869200,105,151,46,256,23,0.3409950699875794,-0.7422941897769905
320,1559883600,19,19,0,38,23,0.21447260499506865,-1.1035190423732235
320,1559898000,180,438,258,618,23,0.9240986043008896,-0.14246209509884203
320,1559912400,363,666,303,1029,23,1.0478705809239979,0.5385627416766249
320,1559926800,933,510,-423,1443,23,-0.9489839752621495,1.2245585626621316
320,1559941200,1090,494,-596,1584,23,-1.424818463168766,1.4581948205340072
320,1559955600,255,126,-129,381,23,-0.14034039465784184,-0.5351698476919945
320,1559970000,41,9,-32,50,23,0.12645697717419163,-1.083635105533064
320,1559984400,38,119,81,157,23,0.4372621629166636,-0.9063366687083073
320,1559998800,150,237,87,387,23,0.45376509313307806,-0.5252278792719146
320,1560013200,343,245,-98,588,23,-0.055075255206367225,-0.19217193719924106
320,1560027600,493,194,-299,687,23,-0.607923417456251,-0.028129458267924227
320,1560042000,237,85,-152,322,23,-0.2036016271540972,-0.6329325371561125
320,1560056400,50,13,-37,63,23,0.1127045353271796,-1.0620941739562244
320,1560070800,31,33,2,64,23,0.21997358173387346,-1.0604371792195444
320,1560085200,132,191,59,323,23,0.37675141878981067,-0.6312755424194326
320,1560099600,244,141,-103,385,23,-0.06882769705337927,-0.5285418687452745
320,1560114000,274,112,-162,386,23,-0.23110651084812128,-0.5268848740085946
320,1560128400,84,45,-39,129,23,0.10720355858837478,-0.9527325213353464
320,1560142800,11,14,3,25,23,0.22272407010327586,-1.125059973950063
320,1560157200,176,471,295,647,23,1.0258666739687787,-0.09440924773512295
320,1560171600,393,801,408,1194,23,1.3366718597112506,0.8119668732288196
320,1560186000,681,386,-295,1067,23,-0.5969214639786414,0.6015285416704637
320,1560200400,1320,393,-927,1713,23,-2.3352301134409625,1.671947141565723
320,1560214800,176,53,-123,229,24,0.05513404674321561,-1.1550117671320352
320,1560229200,10,19,9,29,24,0.3610266213185346,-1.4880081322130472
320,1560243600,189,428,239,617,24,0.8940212588361357,-0.508998818874872
320,1560258000,440,836,396,1276,24,1.2578480331416289,0.5882242040670626
320,1560272400,777,450,-327,1227,24,-0.4176090230550046,0.5066400946222147
320,1560286800,1374,467,-907,1841,24,-1.7616824567950427,1.5289389354209215
320,1560301200,246,97,-149,343,24,-0.005117520976165396,-0.9652038390358584
320,1560315600,20,19,-1,39,24,0.33785294142646494,-1.4713583139589967
320,1560330000,246,488,242,734,24,0.9009733628037566,-0.3141959453024799
320,1560344400,498,748,250,1246,24,0.9195123067174124,0.5382747493049108
320,1560358800,864,448,-416,1312,24,-0.6238547740944242,0.6481635497816448
320,1560373200,1472,256,-1216,1728,24,-2.4777491654599935,1.3407959891501497
320,1560387600,556,525,-31,1081,24,0.2683319017502561,0.2635527481130759
320,1560402000,18,9,-9,27,24,0.31931399751280926,-1.4913380958638573
320,1560416400,228,495,267,723,24,0.9589075625339307,-0.3325107453819356
320,1560430800,385,839,454,1224,24,1.3922553765156325,0.5016451491459994
320,1560445200,796,451,-345,1247,24,-0.4593216468607299,0.5399397311303159
320,1560459600,1437,565,-872,2002,24,-1.680574577172799,1.797001009311136
320,1560474000,254,104,-150,358,24,-0.007434888965372358,-0.9402291116547825
320,1560488400,24,17,-7,41,24,0.32394873349122316,-1.4680283503081866
320,1560502800,209,455,246,664,24,0.9102428347605844,-0.43074467308083414
320,1560517200,470,629,159,1099,24,0.7086318196995788,0.29352242097036696
320,1560531600,1009,454,-555,1463,24,-0.945968924594192,0.8995758054178088
320,1560546000,1136,459,-677,1595,24,-1.2286878192774413,1.1193534063712767
320,1561165200,8133,7280,-853,15413,25,-2.4254268405226167,4.083900692644239
320,1561179600,40,23,-17,63,25,0.16435695967495204,-0.38156013254384935
320,1561194000,37,100,63,137,25,0.4121831606507959,-0.3600328295429426
320,1561208400,190,283,93,473,25,0.5051179860167374,-0.2622872375388255
320,1561222800,363,367,4,730,25,0.22941133743111108,-0.1875234960356764
320,1561237200,318,322,4,640,25,0.22941133743111108,-0.21370535103677918
320,1561251600,177,148,-29,325,25,0.12718302952857546,-0.305341843540639
320,1561266000,35,22,-13,57,25,0.17674826972374424,-0.38330558954392285
320,1561280400,34,43,9,77,25,0.24490047499210132,-0.3774873995436778
320,1561294800,130,239,109,369,25,0.5546832262119061,-0.29254182554009983
320,1561309200,306,371,65,677,25,0.41837881567519203,-0.20294169953632582
320,1561323600,279,265,-14,544,25,0.17365044221154619,-0.2416326630379555
320,1561338000,113,100,-13,213,25,0.17674826972374424,-0.33792370754201134
320,1561352400,13,22,9,35,25,0.24490047499210132,-0.38970559854419246
320,1561366800,218,485,267,703,25,1.0441399731391978,-0.19537805253600724
320,1561381200,419,738,319,1157,25,1.2052270037734965,-0.06330513953044423
320,1561395600,780,490,-290,1270,25,-0.6813499511551153,-0.030432366029059604
320,1561410000,1417,443,-974,1860,25,-2.8002639694985807,0.14120423897816986
320,1561424400,197,74,-123,271,26,-0.0733284617586083,-0.8429254277928188
320,1561438800,20,13,-7,33,26,0.2586940899959824,-1.2327599135991025
320,1561453200,198,454,256,652,26,1.011469358198201,-0.21886265849788555
320,1561467600,505,770,265,1275,26,1.037229728592954,0.801586436700916
320,1561482000,837,455,-382,1292,26,-0.8146546764520479,0.8294317571156505
320,1561496400,1482,493,-989,1975,26,-2.5520485464092597,1.948158453778221
320,1561510800,230,87,-143,317,26,-0.13057372930250324,-0.7675792666705958
320,1561525200,24,15,-9,39,26,0.2529695632415929,-1.2229321534527255
320,1561539600,218,528,310,746,26,1.1660315805667176,-0.06489441620464743
320,1561554000,456,711,255,1167,26,1.0086070948210064,0.6246867540661318
320,1561568400,795,507,-288,1302,26,-0.5456019189957416,0.8458113573596121
320,1561582800,1513,560,-953,2073,26,-2.4490070648302487,2.1086785361690437
320,1561597200,317,101,-216,418,26,-0.33951895583771985,-0.6021453042065847
320,1561611600,29,16,-13,45,26,0.24152050973281394,-1.2131043933063488
320,1561626000,214,538,324,752,26,1.206103267847444,-0.055066656058270526
320,1561640400,475,738,263,1213,26,1.0315052018385644,0.7000329151883548
320,1561654800,801,456,-345,1257,26,-0.7087509314958423,0.7721031562617853
320,1561669200,1605,652,-953,2257,26,-2.4490070648302487,2.4100631806579353
320,1561683600,311,134,-177,445,26,-0.22789068412712468,-0.5579203835478886
320,1561698000,28,14,-14,42,26,0.2386582463556192,-1.2180182733795373
320,1561712400,197,470,273,667,26,1.060127835610512,-0.19429325813194329
320,1561726800,488,776,288,1264,26,1.103061786268433,0.7835688764325583
320,1561741200,1043,517,-526,1560,26,-1.2268206027680915,1.2684050436538188
320,1561755600,1149,585,-564,1734,26,-1.335586611101492,1.553410087898749
320,1561770000,266,218,-48,484,26,0.14134129153099778,-0.4940399425964388
320,1561784400,49,36,-13,85,26,0.24152050973281394,-1.1475859923305027
320,1561798800,39,111,72,150,26,0.4848128967943675,-1.0411185907447529
320,1561813200,204,303,99,507,26,0.5620940079786257,-0.45636686203532734
320,1561827600,394,415,21,809,26,0.33883746455743535,0.03829706533231003
320,1561842000,354,277,-77,631,26,0.058335653592350094,-0.2532598190102047
320,1561856400,235,160,-75,395,26,0.06406018034673959,-0.6398183847676961
320,1561870800,65,36,-29,101,26,0.19572429569769798,-1.1213786319401644
320,1561885200,35,57,22,92,26,0.3416997279346301,-1.1361202721597297
320,1561899600,214,230,16,444,26,0.32452614767146165,-0.5595583435722848
320,1561914000,326,374,48,700,26,0.41611857574169353,-0.14024057732687034
320,1561928400,367,319,-48,686,26,0.14134129153099778,-0.16317201766841644
320,1561942800,175,178,3,353,26,0.2873167237679299,-0.7086127057923345
320,1561957200,20,31,11,51,26,0.3102148307854879,-1.2032766331599718
320,1561971600,183,485,302,668,26,1.1431334735491596,-0.19265529810754714
320,1561986000,397,640,243,1037,26,0.9742599342946694,0.4117519508946323
320,1562000400,729,441,-288,1170,26,-0.5456019189957416,0.6296006341393202
320,1562014800,1359,478,-881,1837,26,-2.242924101672227,1.7221199704115522
320,1562029200,234,115,-119,349,27,-0.3031351324723104,-0.43787343401941714
320,1562043600,23,22,-1,45,27,0.12402941587365784,-1.055842706215716
320,1562058000,193,497,304,690,27,1.2281411721916267,0.25530920354287884
320,1562072400,451,708,257,1159,27,1.0579993605623004,1.2086894293983532
320,1562086800,816,471,-345,1287,27,-1.1212638437111988,1.4688870176915318
320,1562101200,1405,432,-973,1837,27,-3.3946480501626226,2.5869235298887836
320,1562115600,229,158,-71,387,27,-0.12937328229767925,-0.36062727499487973
320,1562130000,22,21,-1,43,27,0.12402941587365784,-1.059908293532797
320,1562144400,148,445,297,593,27,1.202800902374493,0.05812821866445446
320,1562158800,443,669,226,1112,27,0.945778165657851,1.113148127446952
320,1562173200,1118,518,-600,1636,27,-2.0443736727639266,2.1783320045221513
320,1562187600,835,423,-412,1258,27,-1.3638064262466214,1.4099360015938587
320,1562202000,233,148,-85,381,27,-0.18005382193194666,-0.3728240369461225
320,1562216400,32,16,-16,48,27,0.06972883769408561,-1.0497443252400949
320,1562230800,30,55,25,85,27,0.21815041805158306,-0.9745309598740979
320,1562245200,115,216,101,331,27,0.49327334749474905,-0.47446371987314534
320,1562259600,195,306,111,501,27,0.5294737329477972,-0.12888879792126762
320,1562274000,192,212,20,404,27,0.20005022532505898,-0.32606978279969195
320,1562288400,284,66,-218,350,27,-0.6615189484574872,-0.43584064036087666
320,1562302800,25,18,-7,43,27,0.10230918460182895,-1.059908293532797
320,1562317200,71,250,179,321,27,0.7756363540285246,-0.49479165645854994
320,1562331600,242,456,214,698,27,0.9023377031141931,0.2715715528112025
320,1562346000,465,463,-2,928,27,0.12040937732835302,0.7391140942755077
320,1562360400,466,331,-135,797,27,-0.36105574919718747,0.4728181250067078
320,1562374800,178,133,-45,311,27,-0.03525228011975405,-0.5151195930439545
320,1562389200,29,20,-9,49,27,0.09506910751121932,-1.0477115315815544
320,1562403600,22,68,46,90,27,0.2941712275029842,-0.9643669915813956
320,1562418000,117,170,53,287,27,0.3195114973201179,-0.5639066408489255
320,1562432400,227,380,153,607,27,0.6815153518505994,0.08658732988402086
320,1562446800,266,259,-7,525,27,0.10230918460182895,-0.08010175011629664
320,1562461200,113,122,9,235,27,0.160229801326706,-0.6696119110930293
320,1562475600,26,14,-12,40,27,0.08420899187530487,-1.0660066745084185
320,1562490000,38,38,0,76,27,0.12764945441896267,-0.992826102800962
320,1562504400,109,209,100,318,27,0.4896533089494442,-0.5008900374341713
320,1562518800,210,302,92,512,27,0.4606930005870057,-0.10652806767732258
320,1562533200,230,251,21,481,27,0.20367026387036377,-0.16954467109207677
320,1562547600,108,95,-13,203,27,0.08058895333000005,-0.7346613081663239
320,1562562000,8,17,9,25,27,0.160229801326706,-1.0964985793865254
320,1562576400,192,478,286,670,27,1.16298047837614,0.21465333037206968
320,1562590800,367,671,304,1038,27,1.2281411721916267,0.9627213967149579
320,1562605200,704,416,-288,1120,27,-0.9149216466288242,1.1294104767152755
320,1562619600,1382,453,-929,1835,27,-3.235366354169211,2.5828579425717026
320,1562634000,227,93,-134,320,28,-0.06765865150714145,-0.7472734086477237
320,1562648400,20,14,-6,34,28,0.27613426957262455,-1.233316736819505
320,1562662800,209,517,308,726,28,1.1195012790964256,-0.057295816907362754
320,1562677200,467,725,258,1192,28,0.9852071692996419,0.734648906617288
320,1562691600,764,481,-283,1245,28,-0.4678550987015566,0.824719873026744
320,1562706000,1408,391,-1017,1799,28,-2.4392926305183398,1.7662163898350196
320,1562720400,235,104,-131,339,28,-0.059601004919334434,-0.714983816916032
320,1562734800,16,10,-6,26,28,0.27613426957262455,-1.2469123543907437
320,1562749200,210,479,269,689,28,1.0147518734549343,-0.12017554817434146
320,1562763600,546,672,126,1218,28,0.6306707194361332,0.7788346637238136
320,1562778000,878,455,-423,1333,28,-0.8438786061325507,0.974271666310369
320,1562792400,1479,523,-956,2002,28,-2.2754538165662637,2.1112051857052
320,1562806800,239,97,-142,336,28,-0.08914570907462682,-0.7200821735052464
320,1562821200,22,14,-8,36,28,0.27076250518075323,-1.2299178324266955
320,1562835600,214,471,257,685,28,0.9825212871037062,-0.1269733569599608
320,1562850000,445,727,282,1172,28,1.049668342002098,0.7006598626891913
320,1562864400,876,417,-459,1293,28,-0.9405703651862348,0.9062935784541758
320,1562878800,1472,441,-1031,1913,28,-2.476894981261439,1.9599539402251702
320,1562893200,244,111,-133,355,28,-0.06497276931120577,-0.6877925817735546
320,1562907600,19,14,-5,33,28,0.27882015176856023,-1.23501618901591
320,1562922000,188,500,312,688,28,1.1302448078801681,-0.12187500037074629
320,1562936400,422,751,329,1173,28,1.1759048052110745,0.7023593148855962
320,1562950800,1006,501,-505,1507,28,-1.0641209461992758,1.2699763484848094
320,1562965200,1132,499,-633,1631,28,-1.4079138672790417,1.4807084208390082
320,1562979600,315,142,-173,457,28,-0.17240805714863267,-0.514448457740262
320,1562994000,46,24,-22,70,28,0.2331601544376538,-1.1721364577489313
320,1563008400,47,94,47,141,28,0.4184860259572151,-1.0514753518041882
320,1563022800,166,348,182,514,28,0.7810801224085309,-0.4175796825451867
320,1563037200,330,399,69,729,28,0.4775754342677999,-0.052197460318148266
320,1563051600,465,366,-99,831,28,0.02634722535060707,0.12114666371514439
320,1563066000,295,194,-101,489,28,0.020975460958735724,-0.46006598745530747
320,1563080400,45,19,-26,64,28,0.22241662565391113,-1.1823331709273601
320,1563094800,27,45,18,72,28,0.3405954422750807,-1.1687375533561215
320,1563109200,145,231,86,376,28,0.5232354315987063,-0.6521040856490532
320,1563123600,244,330,86,574,28,0.5232354315987063,-0.3156125507608969
320,1563138000,232,278,46,510,28,0.41580014376127944,-0.42437749133080604
320,1563152400,115,82,-33,197,28,0.20361545028236142,-0.9563060288055177
320,1563166800,17,19,2,36,28,0.2976213271401099,-1.2299178324266955
320,1563181200,222,441,219,663,28,0.8804577636581506,-0.16436130528086704
320,1563195600,400,787,387,1187,28,1.3316859725753436,0.7261516456352638
320,1563210000,1090,460,-630,1550,28,-1.3998562206912346,1.3430527929302172
320,1563224400,1300,403,-897,1703,28,-2.116986767006059,1.603068978980156
320,1563238800,193,80,-113,273,29,-0.10957799640610241,-0.7370416817750656
320,1563253200,13,11,-2,24,29,0.22149952740805792,-1.1759678196945256
320,1563267600,242,449,207,691,29,0.8448797299049904,-0.00020985185404444453
320,1563282000,412,627,215,1039,29,0.8687411730627678,0.6132290878888152
320,1563296400,769,494,-275,1263,29,-0.5927722203510931,1.0080863364589319
320,1563310800,1308,511,-797,1819,29,-2.149731386396063,1.9881784355883283
320,1563325200,282,104,-178,386,29,-0.3034522220630431,-0.5378503019160336
320,1563339600,22,16,-6,38,29,0.20956880582916926,-1.1512892416588933
320,1563354000,216,445,229,661,29,0.9104986985888781,-0.05309251907325649
320,1563368400,478,807,329,1285,29,1.2087667380610945,1.046866959086354
320,1563382800,803,483,-320,1286,29,-0.7269928381135906,1.0486297146603278
320,1563397200,1466,482,-984,1948,29,-2.707492620209108,2.21557390463094
320,1563411600,211,95,-116,306,29,-0.1185260375902689,-0.6788707478339323
320,1563426000,17,14,-3,31,29,0.21851684701333576,-1.1636285306767093
320,1563440400,216,511,295,727,29,1.107355604640541,0.06324934880901001
320,1563454800,426,871,445,1297,29,1.5547576638488658,1.068020025974039
320,1563469200,806,455,-351,1261,29,-0.8194559303499777,1.0045608253109843
320,1563483600,1360,498,-862,1858,29,-2.343605612053004,2.056925902973304
320,1563498000,328,108,-220,436,29,-0.4287247986413741,-0.44971252321734684
320,1563512400,23,13,-10,36,29,0.1976380842502806,-1.1548147528068406
320,1563526800,217,478,261,695,29,1.0059444712199874,0.006841170441850494
320,1563541200,566,648,82,1214,29,0.47204468056471977,0.9217113133342189
320,1563555600,822,438,-384,1260,29,-0.9178843833758091,1.0027980697370107
320,1563570000,595,300,-295,895,29,-0.6524258282455364,0.35939228523659744
320,1563584400,163,99,-64,262,29,0.036573342935283686,-0.7564319930887766
320,1563598800,37,22,-15,59,29,0.18272468227666977,-1.114271374605445
320,1563613200,30,75,45,105,29,0.36168550595999965,-1.033184618202653
320,1563627600,120,312,192,432,29,0.800139523984158,-0.4567635455132418
320,1563642000,253,262,9,515,29,0.25430901175000176,-0.3104548328734218
320,1563656400,229,231,2,460,29,0.2334302489869466,-0.40740638944197716
320,1563670800,154,128,-26,282,29,0.14991519793472596,-0.7211768816093019
320,1563685200,67,21,-46,88,29,0.09026159004028265,-1.0631514629602066
320,1563699600,25,41,16,66,29,0.27518777451305687,-1.1019320855876287
320,1563714000,138,191,53,329,29,0.385546949117777,-0.6383273696325364
320,1563728400,184,233,49,417,29,0.37361622753888835,-0.48320487912284776
320,1563742800,191,186,-5,377,29,0.21255148622389142,-0.5537151020817972
320,1563757200,92,74,-18,166,29,0.17377664109250326,-0.9256565281902552
320,1563771600,8,19,11,27,29,0.2602743725394461,-1.1706795529726044
320,1563786000,189,504,315,693,29,1.1670092125349842,0.003315659293903025
320,1563800400,358,741,383,1099,29,1.3698314793760915,0.7189944223272393
320,1563814800,686,439,-247,1125,29,-0.5092571692988725,0.7648260672505565
320,1563829200,1400,396,-1004,1796,29,-2.7671462281035515,1.9476350573869323
320,1563843600,152,74,-78,226,30,-0.09162355354912032,-0.8328235483081189
320,1563858000,9,12,3,21,30,0.1389262461358703,-1.1816904720666526
320,1563872400,189,501,312,690,30,1.0184310375267605,-0.04319304770343756
320,1563886800,378,824,446,1202,30,1.3998344098451398,0.8281233667569005
320,1563901200,679,441,-238,1120,30,-0.5470305652725586,0.688576597253487
320,1563915600,1482,488,-994,1970,30,-2.6988286956658043,2.1350979884474075
320,1563930000,213,86,-127,299,30,-0.23109195088942328,-0.7085928876526411
320,1563944400,14,20,6,34,30,0.14746512760568475,-1.1595672037307456
320,1563958800,189,508,319,697,30,1.0383550942896609,-0.031280518599487626
320,1563973200,413,763,350,1176,30,1.126590202811077,0.7838768300850865
320,1563987600,817,510,-307,1327,30,-0.7434248390782914,1.0408471007560065
320,1564002000,1488,644,-844,2132,30,-2.271884622175081,2.410787947710249
320,1564016400,268,101,-167,369,30,-0.34494370382028283,-0.5894675966131416
320,1564030800,28,13,-15,41,30,0.0876929573169835,-1.1476546746267957
320,1564045200,162,477,315,639,30,1.0269699189965749,-0.1299843311750728
320,1564059600,349,812,463,1161,30,1.4482214048407551,0.7583499820051937
320,1564074000,729,463,-266,1192,30,-0.6267267923241603,0.811105468036972
320,1564088400,1410,610,-800,2020,30,-2.1466476939511354,2.22018748204705
320,1564102800,270,162,-108,432,30,-0.177012368247265,-0.4822548346775923
320,1564117200,21,15,-6,36,30,0.1133096017264269,-1.1561636239867599
320,1564131600,177,451,274,628,30,0.9102718722424438,-0.14870401976699413
320,1564146000,368,670,302,1038,30,0.9899680992940455,0.5490298277500735
320,1564160400,863,457,-406,1320,30,-1.0252079275821688,1.0289345716520566
320,1564174800,990,483,-507,1473,30,-1.312683603732589,1.2893084220669622
320,1564189200,235,141,-94,376,30,-0.13716425472146412,-0.5775550675091917
320,1564203600,27,26,-1,53,30,0.12754107084278435,-1.1272331961628816
320,1564218000,40,91,51,131,30,0.27554834965290176,-0.9944935861474394
320,1564232400,144,354,210,498,30,0.7281090675530685,-0.3699367031260643
320,1564246800,304,362,58,666,30,0.2954724064158022,-0.08403600463126591
320,1564261200,245,290,45,535,30,0.25847058671327283,-0.30697047786232895
320,1564275600,162,146,-16,308,30,0.084846663493712,-0.6932767788047054
320,1564290000,28,16,-12,44,30,0.09623183878679796,-1.142549305010817
320,1564304400,27,51,24,78,30,0.19869841642457156,-1.0846884493630604
320,1564318800,99,290,191,389,30,0.6740294849109102,-0.5554317991732847
320,1564333200,198,359,161,557,30,0.5886406702127656,-0.2695311006784863
320,1564347600,221,226,5,447,30,0.14461883378241328,-0.45672798659769953
320,1564362000,100,75,-25,175,30,0.05923001908426861,-0.9196148317797541
320,1564376400,13,21,8,34,30,0.15315771525222774,-1.1595672037307456
320,1564390800,159,490,331,649,30,1.0725106201689187,-0.11296643245514432
320,1564405200,336,702,366,1038,30,1.1721309039834207,0.5490298277500735
320,1564419600,669,403,-266,1072,30,-0.6267267923241603,0.6068906833978303
320,1564434000,1320,433,-887,1753,30,-2.394275256575755,1.7658095862249596
320,1564448400,170,96,-74,266,31,0.02358880857503998,-1.005008686169912
320,1564462800,9,18,9,27,31,0.23620829582155428,-1.4120361396663896
320,1564477200,203,486,283,689,31,0.938108771791975,-0.2846211847933006
320,1564491600,387,725,338,1112,31,1.079001203099906,0.43576631658331066
320,1564506000,750,453,-297,1203,31,-0.54766595836439,0.5907432967848985
320,1564520400,1305,454,-851,1759,31,-1.966836993720642,1.537635615379215
320,1564534800,205,82,-123,287,31,-0.10193353931748052,-0.9692447676618532
320,1564549200,13,13,0,26,31,0.21315317069843828,-1.4137391834048687
320,1564563600,176,493,317,669,31,1.0252059111459688,-0.31868205956288037
320,1564578000,401,712,311,1113,31,1.0098358277305581,0.4374693603217897
320,1564592400,764,504,-260,1268,31,-0.4528837773026909,0.7014411397860326
320,1564606800,1409,495,-914,1904,31,-2.128222869582454,1.784576957458668
320,1564621200,203,85,-118,288,31,-0.08912513647130496,-0.9675417239233742
320,1564635600,17,15,-2,32,31,0.20802980955996805,-1.4035209209739947
320,1564650000,192,562,370,754,31,1.1609749813154298,-0.1739233417921665
320,1564664400,377,826,449,1203,31,1.3633477462850039,0.5907432967848985
320,1564678800,708,499,-209,1207,31,-0.32223806827170015,0.5975554717388144
320,1564693200,1365,475,-890,1840,31,-2.0667425359208114,1.6755821581960129
320,1564707600,254,123,-131,377,31,-0.12242698387136142,-0.8159708311987445
320,1564722000,22,15,-7,37,31,0.19522140671379248,-1.3950057022815998
320,1564736400,169,463,294,632,31,0.9662872580535612,-0.3816946778866029
320,1564750800,363,660,297,1023,31,0.9739722997612665,0.28419542385868085
320,1564765200,875,528,-347,1403,31,-0.6757499868261457,0.9313520444806958
320,1564779600,935,493,-442,1428,31,-0.9191096409034814,0.9739281379426704
320,1565398800,8559,6992,-1567,15551,32,-3.2374398421238726,4.094561096307714
320,1565413200,42,23,-19,65,32,0.18484566798423419,-0.36323067619832095
320,1565427600,31,87,56,118,32,0.35065407448172,-0.3479741242195776
320,1565442000,140,310,170,450,32,0.6026828523578983,-0.2524047797489587
320,1565456400,334,349,15,683,32,0.2600121455964277,-0.1853335229367473
320,1565470800,64,275,211,339,32,0.6933247812431905,-0.2843571810629307
320,1565485200,466,138,-328,604,32,-0.4982849667854073,-0.20807442116921382
320,1565499600,37,20,-17,57,32,0.1892672254908338,-0.3655335519686973
320,1565514000,35,45,10,80,32,0.24895825182992867,-0.3589127841288653
320,1565528400,95,218,123,313,32,0.49877625095280725,-0.29184152731665386
320,1565542800,236,328,92,564,32,0.4302421096005132,-0.21958880002109563
320,1565557200,248,200,-48,448,32,0.12073308413853967,-0.2529804986915528
320,1565571600,116,86,-30,202,32,0.16052710169793627,-0.32379392863062584
320,1565586000,12,13,1,25,32,0.22906124305023037,-0.3747450550502027
320,1565600400,181,473,292,654,32,0.8723978602604752,-0.1936814476043616
320,1565614800,357,731,374,1088,32,1.0536817180310596,-0.06875043706144417
320,1565629200,634,418,-216,1052,32,-0.2506777464158285,-0.07911337802813778
320,1565643600,1278,312,-966,1590,32,-1.9087618113906866,0.0757550175296723
320,1565658000,180,115,-65,295,33,-0.03719154250316668,-0.4784146008945076
320,1565672400,30,27,-3,57,33,0.14918562349954453,-0.881983264392232
320,1565683980,23,256,233,279,33,0.8586212876388968,-0.5055452673481361
320,1565686800,147,240,93,387,33,0.4377696224714845,-0.3224132687861436
320,1565701200,383,723,340,1106,33,1.1802722031597048,0.8967710549737883
320,1565715600,695,461,-234,1156,33,-0.545219624026686,0.9815543876413775
320,1565730000,1297,408,-889,1705,33,-2.5142042003456515,1.9124753803315062
320,1565744400,234,115,-119,349,33,-0.1995200419248829,-0.38684860161351137
320,1565758800,43,21,-22,64,33,0.09207004036968142,-0.8701135978187695
320,1565773200,164,505,341,669,33,1.1832782864823292,0.15576472745905917
320,1565787600,383,850,467,1233,33,1.5620447851330004,1.1121207199494647
320,1565802000,755,481,-274,1236,33,-0.6654629569316609,1.11720771990952
320,1565816400,1300,436,-864,1736,33,-2.439052117280042,1.9650410465854116
320,1565830800,244,140,-104,384,33,-0.1544287920855173,-0.3275002687461989
320,1565845200,50,25,-25,75,33,0.0830517904018083,-0.8514612646318999
320,1565859600,173,484,311,657,33,1.093095786803598,0.13541672761883777
320,1565874000,364,707,343,1071,33,1.189290453127578,0.837422722106476
320,1565888400,736,466,-270,1202,33,-0.6534386236411635,1.0595550536955596
320,1565902800,1303,556,-747,1859,33,-2.08734036853299,2.173608044947681
320,1565917200,268,111,-157,379,33,-0.3137512081846091,-0.33597860201295787
320,1565931600,33,30,-3,63,33,0.14918562349954453,-0.8718092644721213
320,1565946000,138,391,253,529,33,0.9187429540913843,-0.08162860401019043
320,1565960400,369,710,341,1079,33,1.1832782864823292,0.8509880553332901
320,1565974800,859,450,-409,1309,33,-1.0712842054859515,1.2409913856042003
320,1565989200,946,371,-575,1317,33,-1.5702940370415976,1.2545567188310145
320,1566003600,190,116,-74,306,33,-0.06424629240678605,-0.459762267707638
320,1566018000,0,0,0,0,33,0.15820387346741765,-0.9786362636332836
320,1566032400,0,0,0,0,33,0.15820387346741765,-0.9786362636332836
320,1566046800,0,2,2,2,33,0.1642160401126664,-0.97524493032658
320,1566061200,1,0,-1,1,33,0.1551977901447933,-0.9769405969799319
320,1566075600,1,0,-1,1,33,0.1551977901447933,-0.9769405969799319
320,1566090000,1,0,-1,1,33,0.1551977901447933,-0.9769405969799319
320,1566104400,0,1,1,1,33,0.16120995679004205,-0.9769405969799319
320,1566118800,0,0,0,0,33,0.15820387346741765,-0.9786362636332836
320,1566133200,0,2,2,2,33,0.1642160401126664,-0.97524493032658
320,1566147600,0,0,0,0,33,0.15820387346741765,-0.9786362636332836
320,1566162000,1,1,0,2,33,0.15820387346741765,-0.97524493032658
320,1566176400,0,5,5,5,33,0.17323429008053953,-0.9701579303665246
320,1566190800,3,1,-2,4,33,0.1521917068221689,-0.9718535970198765
320,1566205200,145,498,353,643,33,1.2193512863538218,0.11167739447191283
320,1566219600,245,778,533,1023,33,1.7604462844262092,0.7560307227455904
320,1566234000,628,392,-236,1020,33,-0.5512317906719347,0.750943722785535
320,1566248400,1208,402,-806,1610,33,-2.264699284567828,1.7513870482630869
320,1566262800,179,70,-109,249,34,-0.18152559993585105,-0.5663779049240101
320,1566277200,35,20,-15,55,34,0.09635849023349363,-0.9030560379451551
320,1566291600,159,547,388,706,34,1.2877126214914287,0.2267247073989963
320,1566306000,369,733,364,1102,34,1.2167634920864898,0.9139646077926736
320,1566320400,673,433,-240,1106,34,-0.5687895979378101,0.9209064249683674
320,1566334800,1318,394,-924,1712,34,-2.5908397859785737,1.9725917270859645
320,1566349200,215,79,-136,294,34,-0.2613433705164075,-0.48828246169745587
320,1566363600,43,18,-25,61,34,0.06679635298143569,-0.8926433121816145
320,1566378000,163,500,337,663,34,1.1369457215059333,0.15210017276028892
320,1566392400,360,776,416,1136,34,1.3704866057971912,0.9729700537860703
320,1566406800,666,433,-233,1099,34,-0.5480961018613696,0.9087582449109034
320,1566421200,1256,434,-822,1690,34,-2.289305986007583,1.934411732619649
320,1566435600,222,109,-113,331,34,-0.1933504548366742,-0.42407065282228906
320,1566450000,42,21,-21,63,34,0.07862120788225888,-0.8891724035937677
320,1566464400,135,450,315,585,34,1.0719090195514058,0.01673473783426157
320,1566478800,387,768,381,1155,34,1.2670191254149883,1.0059436853706154
320,1566493200,636,499,-137,1135,34,-0.26429958424161326,0.9712345994921467
320,1566507600,1190,450,-740,1640,34,-2.0468964605407076,1.8476390179234778
320,1566522000,241,103,-138,344,34,-0.2672557979668191,-0.4015097470012845
320,1566536400,64,30,-34,94,34,0.04019042945458354,-0.8353733204821414
320,1566550800,133,457,324,590,34,1.098514943078258,0.025412009303878706
320,1566565200,356,763,407,1119,34,1.3438806822703389,0.943467330789372
320,1566579600,832,465,-367,1297,34,-0.9442287410389462,1.2523781951077422
320,1566594000,932,433,-499,1365,34,-1.334448952766111,1.3703890870945352
320,1566608400,166,99,-67,265,34,-0.05736462347720768,-0.5386106362212353
320,1566622800,0,3,3,3,34,0.14957033728719793,-0.9932996612291733
320,1566637200,0,4,4,4,34,0.15252655101240373,-0.9915642069352499
320,1566651600,1,1,0,2,34,0.14070169611158057,-0.9950351155230968
320,1566666000,1,0,-1,1,34,0.13774548238637477,-0.9967705698170202
320,1566680400,2,1,-1,3,34,0.13774548238637477,-0.9932996612291733
320,1566694800,0,2,2,2,34,0.14661412356199216,-0.9950351155230968
320,1566709200,0,5,5,5,34,0.15548276473760952,-0.9898287526413265
320,1566723600,0,0,0,0,34,0.14070169611158057,-0.9985060241109436
320,1566738000,0,1,1,1,34,0.14365790983678636,-0.9967705698170202
320,1566752400,0,2,2,2,34,0.14661412356199216,-0.9950351155230968
320,1566766800,0,1,1,1,34,0.14365790983678636,-0.9967705698170202
320,1566781200,0,1,1,1,34,0.14365790983678636,-0.9967705698170202
320,1566795600,3,4,1,7,34,0.14365790983678636,-0.9863578440534796
320,1566810000,137,552,415,689,34,1.3675303920719852,0.19722198440229805
320,1566824400,324,702,378,1026,34,1.258150484239371,0.7820700814544932
320,1566838800,640,404,-236,1044,34,-0.556964743036987,0.8133082587451149
320,1566853200,1202,316,-886,1518,34,-2.4785036644207534,1.6359135940648195
320,1566867600,143,84,-59,227,35,-0.1345764262041488,-0.7233742471178186
320,1566882000,23,21,-2,44,35,0.07395170605004683,-1.1181100982607048
320,1566896400,137,401,264,538,35,1.04708298990296,-0.052539002825809686
320,1566910800,312,728,416,1040,35,1.6031580092474815,1.0302883046809057
320,1566925200,640,425,-215,1065,35,-0.7052849986893158,1.0842139674053437
320,1566939600,1231,383,-848,1614,35,-3.021044783196436,2.2684215208340026
320,1566954000,195,61,-134,256,35,-0.4089555475912483,-0.6608204783574705
320,1566968400,38,25,-13,63,35,0.03370943491327223,-1.077126594590132
320,1566982800,164,536,372,700,35,1.4421889247003832,0.29689929162854867
320,1566997200,388,742,354,1130,35,1.3763379355674794,1.2244206904888826
320,1567011600,669,469,-200,1138,35,-0.6504091744118959,1.2416769025607028
320,1567026000,1258,374,-884,1632,35,-3.152746761462244,2.307247997995598
320,1567040400,213,84,-129,297,35,-0.3906636061654417,-0.5723823914893922
320,1567054800,44,21,-23,65,35,-0.002874447938341039,-1.072812541572177
320,1567069200,160,448,288,608,35,1.1348843087468317,0.09845285280261677
320,1567083600,367,667,300,1034,35,1.1787849681687677,1.0173461456270405
320,1567098000,686,481,-205,1167,35,-0.6687011158377025,1.304230671321051
320,1567112400,1149,485,-664,1634,35,-2.3479013387267518,2.311562051013553
320,1567126800,197,86,-111,283,35,-0.3248126170325378,-0.6025807626150774
320,1567141200,96,20,-76,116,35,-0.19676902705189137,-0.9628041896143235
320,1567155600,121,330,209,451,35,0.8458716342190868,-0.240200309106854
320,1567170000,286,596,310,882,35,1.2153688510203808,0.6894781162624575
320,1567184400,742,453,-289,1195,35,-0.976005731791254,1.3646274135724215
320,1567198800,539,357,-182,896,35,-0.5845581852789921,0.7196764873881427
320,1567213200,189,140,-49,329,35,-0.09799254335253554,-0.5033575432021116
320,1567227600,47,24,-23,71,35,-0.002874447938341039,-1.0598703825183118
320,1567242000,34,60,26,94,35,0.17638657803456398,-1.0102587728118289
320,1567256400,124,294,170,418,35,0.7031944910977951,-0.3113821839031122
320,1567270800,261,382,121,643,35,0.5239334651248901,0.17394878061683
320,1567285200,305,336,31,641,35,0.19467851946037062,0.16963472759887496
320,1567299600,127,151,24,278,35,0.16906980146424133,-0.6133658951599651
320,1567314000,38,16,-22,54,35,0.0007839403468202881,-1.0965398331709297
320,1567328400,29,37,8,66,35,0.1105355889016601,-1.0706555150631996
320,1567342800,95,240,145,335,35,0.6117347839687619,-0.49041538414824637
320,1567357200,316,345,29,661,35,0.18736174289004798,0.21277525777842538
320,1567371600,230,240,10,470,35,0.11785236547198276,-0.1992168054362811
320,1567386000,116,82,-34,198,35,-0.04311671907511564,-0.7859280158781667
320,1567400400,25,22,-3,47,35,0.07029331776488551,-1.1116390187337724
320,1567414800,26,55,29,81,35,0.18736174289004798,-1.0383001174285367
320,1567429200,95,206,111,301,35,0.48734958227327685,-0.563754285453482
320,1567443600,179,260,81,439,35,0.37759793371843703,-0.26608462721458426
320,1567458000,242,176,-66,418,35,-0.1601851442002781,-0.3113821839031122
320,1567472400,103,62,-41,165,36,0.09475289523780782,-1.0433489648081828
320,1567486800,10,17,7,27,36,0.22824125079295846,-1.2942201782505487
320,1567501200,172,490,318,662,36,1.0931345544940387,-0.13984901494690893
320,1567515600,340,712,372,1052,36,1.2433089544935831,0.5691348491293423
320,1567530000,646,412,-234,1058,36,-0.4419815343901938,0.5800422931920539
320,1567544400,1299,407,-892,1706,36,-2.271884408458717,1.758046251964902
320,1567558800,180,85,-95,265,36,-0.055421504761736656,-0.861558230429657
320,1567573200,31,20,-11,51,36,0.17818311745977697,-1.2505904019997025
320,1567587600,206,490,284,696,36,0.9985803026424735,-0.0780401652582101
320,1567602000,381,735,354,1116,36,1.1932508211604016,0.6854809191315989
320,1567616400,707,449,-258,1156,36,-0.5087257121677691,0.7581972128830093
320,1567630800,1337,471,-866,1808,36,-2.1995782158663437,1.9434728010309983
320,1567645200,272,97,-175,369,36,-0.2779020973536544,-0.6724958666759899
320,1567659600,45,27,-18,72,36,0.15871606560798418,-1.212414347780212
320,1567674000,218,531,313,749,36,1.0792295174570439,0.018308923962408657
320,1567688400,401,684,283,1085,36,0.9957992952350746,0.6291257914742558
320,1567702800,817,454,-363,1271,36,-0.8007314899446611,0.9672565574183142
320,1567717200,1338,474,-864,1812,36,-2.194016201051546,1.9507444304061394
320,1567731600,300,125,-175,425,36,-0.2779020973536544,-0.5706930554240155
320,1567746000,51,26,-25,77,36,0.13924901375619136,-1.2033248110612857
320,1567760400,193,529,336,722,36,1.14319268782722,-0.03077457431979335
320,1567774800,430,720,290,1150,36,1.0152663470868675,0.7472897688202977
320,1567789200,884,541,-343,1425,36,-0.7451113417966817,1.247214288361244
320,1567803600,1239,410,-829,1649,36,-2.096680941792582,1.6544255333691422
320,1567818000,249,145,-104,394,36,-0.0804505714283274,-0.6270481830813585
320,1567832400,49,30,-19,79,36,0.1559350582005852,-1.1996889963737152
320,1567846800,43,131,88,174,36,0.45350285079227515,-1.0269877987141156
320,1567861200,198,345,147,543,36,0.6175822878288145,-0.3561799888573548
320,1567875600,507,463,-44,970,36,0.0864098730156109,0.420066446938951
320,1567890000,437,387,-50,824,36,0.06972382857121708,0.15465197474630313
320,1567904400,215,156,-59,371,36,0.044694761904626325,-0.6688600519884195
320,1567918800,50,25,-25,75,36,0.13924901375619136,-1.2069606257488563
320,1567933200,34,62,28,96,36,0.2866424063483369,-1.1687845715293659
320,1567947600,166,322,156,488,36,0.6426113544954052,-0.4561648927655441
320,1567962000,288,366,78,654,36,0.4256927767182854,-0.154392273697191
320,1567976400,371,248,-123,619,36,-0.13328971216890786,-0.2180190307296751
320,1567990800,150,80,-70,230,36,0.014103680423237636,-0.9251849874621411
320,1568005200,15,11,-4,26,36,0.19765016931156978,-1.296038085594334
320,1568019600,213,501,288,714,36,1.0097043322720696,-0.045317833070075426
320,1568034000,352,774,422,1126,36,1.3823593248635317,0.7036599925694516
320,1568048400,734,510,-224,1244,36,-0.41417146031620405,0.9181730591361121
320,1568062800,1423,417,-1006,1840,36,-2.5889192529022,2.0016458360321265
320,1568077200,282,33,-249,315,37,-0.4926542560625631,-0.7602075471572252
320,1568091600,49,89,40,138,37,0.32538095051573934,-1.0661838820552658
320,1568106000,235,464,229,699,37,0.8603589921880549,-0.0963944816157132
320,1568120400,400,718,318,1118,37,1.1122798689543834,0.6279223789621345
320,1568134800,824,490,-334,1314,37,-0.7332528462326521,0.9667436311656146
320,1568149200,1407,445,-962,1852,37,-2.5108518418422503,1.8967733948670038
320,1568163600,226,109,-117,335,37,-0.11901879838666027,-0.7256339499936048
320,1568178000,30,19,-11,49,37,0.18102179641368596,-1.2200363894333768
320,1568192400,214,489,275,703,37,0.9905652880448089,-0.08947976218298911
320,1568206800,434,742,308,1176,37,1.0839741524637847,0.7281858107366337
320,1568221200,779,449,-330,1228,37,-0.7219305596364126,0.8180771633620467
320,1568235600,1394,512,-882,1906,37,-2.284406109917461,1.990122107208779
320,1568250000,258,91,-167,349,37,-0.2605473808396538,-0.7014324319790705
320,1568264400,32,13,-19,45,37,0.158377223221207,-1.2269511088661007
320,1568278800,211,517,306,728,37,1.0783130091656647,-0.0462627657284636
320,1568293200,412,761,349,1173,37,1.2000275900752393,0.7229997711620906
320,1568307600,813,451,-362,1264,37,-0.8125088524063284,0.8803096382565635
320,1568322000,1418,531,-887,1949,37,-2.29855896816276,2.0644553411105626
320,1568336400,248,98,-150,346,37,-0.212427662805636,-0.7066184715536136
320,1568350800,24,25,1,49,37,0.21498865620240443,-1.2200363894333768
320,1568365200,212,465,253,677,37,0.9282927117654918,-0.13442543849569566
320,1568379600,431,714,283,1145,37,1.0132098612372877,0.6745967351330221
320,1568394000,864,566,-298,1430,37,-0.6313522668664967,1.1672704947146129
320,1568408400,1258,571,-687,1829,37,-1.7324446383507863,1.8570137581288402
320,1568422800,246,150,-96,396,37,-0.05957679375640299,-0.6201844786445625
320,1568437200,52,27,-25,79,37,0.1413937933268478,-1.1681759936879461
320,1568451600,47,86,39,133,37,0.3225503788666795,-1.074827281346171
320,1568466000,139,345,206,484,37,0.7952558442596779,-0.4680606511246327
320,1568480400,374,474,100,848,37,0.4952152494593316,0.1611788172532589
320,1568494800,391,365,-26,756,37,0.13856322167778792,0.00214027030060498
320,1568509200,210,132,-78,342,37,-0.008626504073325329,-0.7135331909863376
320,1568523600,45,23,-22,68,37,0.1498855082740274,-1.1871914721279373
320,1568538000,15,58,43,73,37,0.33387266546291894,-1.1785480728370321
320,1568552400,132,322,190,454,37,0.7499666978747199,-0.5199210468700632
320,1568566800,254,415,161,669,37,0.6678801200519837,-0.14825487736114382
320,1568581200,304,304,0,608,37,0.21215808455334453,-0.2537043487101861
320,1568595600,121,78,-43,199,37,0.09044350364377013,-0.9607344107062236
320,1568610000,17,10,-7,27,37,0.19234408300992545,-1.2580673463133591
320,1568624400,207,516,309,723,37,1.0868047241128445,-0.05490616501936871
320,1568638800,345,702,357,1047,37,1.2226721632677182,0.505186109031282
320,1568653200,716,472,-244,1188,37,-0.47850139781726375,0.7489299690348059
320,1568667600,1354,435,-919,1789,37,-2.389137260932676,1.7878665638015994
320,1568682000,192,70,-122,262,38,-0.12036133143924715,-0.8268664518397564
320,1568696400,18,17,-1,35,38,0.23755340605300215,-1.233119724287076
320,1568710800,210,426,216,636,38,0.8794335551093501,-0.157532866397917
320,1568725200,399,667,268,1066,38,1.0332481530399034,0.6120217906608824
320,1568739600,754,471,-283,1225,38,-0.5965949904165376,0.896578047573322
320,1568754000,1375,435,-940,1810,38,-2.5399832758083374,1.9435303135719209
320,1568768400,203,103,-100,306,38,-0.05528592462247456,-0.7481213241407164
320,1568782800,17,15,-2,32,38,0.23459543301587613,-1.238488710266556
320,1568797200,237,410,173,647,38,0.7522407145129308,-0.137846584473157
320,1568811600,410,755,345,1165,38,1.2610120768986075,0.7891983279837221
320,1568826000,786,517,-269,1303,38,-0.5551833678967732,1.036171683039802
320,1568840400,1424,490,-934,1914,38,-2.5222354375855813,2.1296551608605605
320,1568854800,225,103,-122,328,38,-0.12036133143924715,-0.7087487602911965
320,1568869200,30,29,-1,59,38,0.23755340605300215,-1.190167836451236
320,1568883600,212,414,202,626,38,0.8380219325895857,-0.17542948632951696
320,1568898000,386,784,398,1170,38,1.417784647866287,0.7981466379495221
320,1568912400,767,461,-306,1228,38,-0.6646283702704362,0.901947033552802
320,1568926800,1327,468,-859,1795,38,-2.3003874598011294,1.916685383674521
320,1568941200,268,132,-136,400,38,-0.16177295395901153,-0.5798930967836766
320,1568955600,30,13,-17,43,38,0.19022583745898572,-1.218802428341796
320,1568970000,190,399,209,589,38,0.8587277438494678,-0.24164698007643692
320,1568984400,391,782,391,1173,38,1.3970788366064049,0.8035156239290021
320,1568998800,817,458,-359,1275,38,-0.8214009412381157,0.986061147231322
320,1569013200,1191,550,-641,1741,38,-1.6555493377076553,1.8200436360438812
320,1569027600,251,166,-85,417,38,-0.010916329065584146,-0.5494688428999567
320,1569042000,44,25,-19,69,38,0.18430989138473367,-1.172271216519636
320,1569056400,32,79,47,111,38,0.3795361118350514,-1.0971054128069162
320,1569070800,183,321,138,504,38,0.64871165821352,-0.39376824949503675
320,1569085200,330,421,91,751,38,0.5096869254685966,0.04827826281548282
320,1569099600,405,327,-78,732,38,0.009789482194298045,0.014274684945442854
320,1569114000,269,162,-107,431,38,-0.07599173588235675,-0.5244135749957166
320,1569128400,65,18,-47,83,38,0.10148664634520489,-1.147215948615396
320,1569142800,28,61,33,89,38,0.3381244893152871,-1.1364779766564361
320,1569157200,151,231,80,382,38,0.4771492220602103,-0.6121070126605566
320,1569171600,275,413,138,688,38,0.64871165821352,-0.06447044275359708
320,1569186000,323,198,-125,521,38,-0.12923525055062524,-0.3633439956113168
320,1569200400,134,59,-75,193,38,0.018663401305676126,-0.9503531293677963
320,1569214800,17,14,-3,31,38,0.2316374599787501,-1.240278372259716
320,1569229200,209,501,292,710,38,1.1042395059309282,-0.02509787890407711
320,1569243600,384,697,313,1081,38,1.1663569397105746,0.6388667205582823
320,1569258000,704,431,-273,1135,38,-0.5670152600452774,0.7355084681889222
320,1569272400,1249,404,-845,1653,38,-2.2589758372813646,1.6625533806458013
320,1569286800,223,78,-145,301,39,-0.20129363002267503,-0.7361708137945272
320,1569301200,22,21,-1,43,39,0.2385271338418982,-1.1916954219647817
320,1569315600,229,491,262,720,39,1.0418108900667784,0.0036152746680178736
320,1569330000,424,756,332,1180,39,1.2556126502787237,0.815790932645991
320,1569344400,756,524,-232,1280,39,-0.46701867485752135,0.9923508582933764
320,1569358800,1481,489,-992,1970,39,-2.7882949285872134,2.2106143452603364
320,1569373200,228,112,-116,340,39,-0.11271861507772625,-0.6673124427920469
320,1569387600,20,14,-6,34,39,0.22325557954104497,-1.2075858152730463
320,1569402000,235,480,245,715,39,0.9898876054438773,-0.0052127216143514
320,1569416400,395,771,376,1166,39,1.3900023281262321,0.791072543055357
320,1569430800,797,457,-340,1254,39,-0.7968842477559513,0.9464452776250563
320,1569445200,1395,554,-841,1949,39,-2.3270939887014457,2.173536760874385
320,1569459600,254,90,-164,344,39,-0.2593255363659173,-0.6602500457661514
320,1569474000,13,16,3,29,39,0.25074437728258075,-1.2164138115554157
320,1569488400,225,462,237,687,39,0.9654531185625121,-0.05464950079561933
320,1569502800,437,737,300,1174,39,1.157874702753263,0.8051973371071479
320,1569517200,786,430,-356,1216,39,-0.8457532215186817,0.8793525058790498
320,1569531600,1347,580,-767,1927,39,-2.1010749850488177,2.1346935772319604
320,1569546000,235,97,-138,332,39,-0.17991345400148048,-0.6814372368438377
320,1569560400,29,16,-13,45,39,0.20187540351985042,-1.188164223451834
320,1569574800,203,412,209,615,39,0.8799324144777341,-0.18177264726173686
320,1569589200,426,728,302,1154,39,1.1639833244736042,0.7698853519776708
320,1569603600,837,480,-357,1317,39,-0.8488075323788523,1.057678030782909
320,1569618000,1129,475,-654,1604,39,-1.7559378578495346,1.5644050173909054
320,1569632400,271,174,-97,445,39,-0.05468670873448395,-0.48192452086229215
320,1569646800,43,19,-24,62,39,0.1682779840579733,-1.1581490360917785
320,1569661200,48,80,32,128,39,0.33931939222752955,-1.041619485164504
320,1569675600,176,279,103,455,39,0.5561754632996455,-0.4642685282975536
320,1569690000,380,399,19,779,39,0.2996133510453111,0.1077856307999753
320,1569704400,399,311,-88,710,39,-0.027197910992948125,-0.014040717896720673
320,1569718800,174,126,-48,300,39,0.09497452341387777,-0.7379364130510011
320,1569733200,67,27,-40,94,39,0.11940901029524295,-1.1016498598846152
320,1569747600,28,61,33,89,39,0.3423737030877002,-1.1104778561669844
320,1569762000,127,245,118,372,39,0.6019901262022053,-0.6108132665848836
320,1569776400,288,262,-26,550,39,0.16216936233763202,-0.2965365989325374
320,1569790800,271,215,-56,486,39,0.07054003653251259,-0.40953495134686413
320,1569805200,103,62,-41,165,39,0.1163546994350723,-0.9762923126749714
320,1569819600,13,14,1,27,39,0.2446357555622395,-1.2199450100683633
320,1569834000,159,415,256,574,39,1.0234850249057545,-0.2541622167771649
320,1569848400,329,658,329,987,39,1.2464497176982117,0.4750302761465371
320,1569862800,597,464,-133,1061,39,-0.16464189970062726,0.6056846211256023
320,1569877200,1139,335,-804,1474,39,-2.2140844868751315,1.3348771140493043
320,1569891600,66,84,18,150,40,0.2514805179576818,-0.9346682781921958
320,1569906000,9,13,4,22,40,0.21102346062276608,-1.1564441824849638
320,1569920400,201,466,265,667,40,0.9652586009379802,-0.038901539759687555
320,1569934800,365,718,353,1083,40,1.2195601041860218,0.6818701491918084
320,1569949200,613,428,-185,1041,40,-0.3351468133985959,0.6090999305957439
320,1569963600,1339,398,-941,1737,40,-2.519827909484044,1.8150064101876697
320,1569978000,77,91,14,168,40,0.23992135871913442,-0.9034810416510253
320,1569992400,6,9,3,15,40,0.20813367081312922,-1.1685725522509745
320,1570006800,237,495,258,732,40,0.9450300722705224,0.07371903663898369
320,1570021200,394,781,387,1175,40,1.3178129577136741,0.8412715804022354
320,1570035600,734,455,-279,1189,40,-0.6067870555044584,0.8655283199342569
320,1570050000,1442,458,-984,1900,40,-2.6440888712984276,2.0974241633104915
320,1570064400,79,107,28,186,40,0.2803784160540501,-0.8722938051098548
320,1570078800,8,11,3,19,40,0.20813367081312922,-1.1616420552418254
320,1570093200,206,420,214,626,40,0.8178793206465016,-0.1099391341034648
320,1570107600,411,730,319,1141,40,1.1213072506583694,0.7823623558244689
320,1570122000,780,429,-351,1209,40,-0.8148519217983107,0.9001808049800019
320,1570136400,1428,568,-860,1996,40,-2.2857549349034603,2.2637560915300674
320,1570150800,105,126,21,231,40,0.2601498873865923,-0.7943257137569285
320,1570165200,12,13,1,25,40,0.20235409119385556,-1.151246309728102
320,1570179600,194,407,213,601,40,0.8149895308368648,-0.15325474041064605
320,1570194000,402,694,292,1096,40,1.0432829257981748,0.7043942644715426
320,1570208400,824,524,-300,1348,40,-0.667472641506832,1.1410155760479297
320,1570222800,1165,454,-711,1619,40,-1.8551762532675715,1.6105567484177743
320,1570237200,200,99,-101,299,40,-0.0924044693891017,-0.6765072646013955
320,1570251600,41,17,-24,58,40,0.13010934595293466,-1.0940697094026228
320,1570266000,47,82,35,129,40,0.300606944721508,-0.971053387490228
320,1570280400,149,249,100,398,40,0.4884432823479023,-0.5049774636249578
320,1570294800,381,393,12,774,40,0.23414177909986075,0.1464892552350482
320,1570309200,354,326,-28,680,40,0.11855018671438733,-0.016377424479953308
320,1570323600,173,130,-43,303,40,0.07520333956983478,-0.6695767675922465
320,1570338000,33,24,-9,57,40,0.1734561930974872,-1.09580233365491
320,1570352400,32,55,23,87,40,0.26592946700586595,-1.0438236060862924
320,1570366800,135,222,87,357,40,0.45087601482262346,-0.576015057968735
320,1570381200,284,288,4,572,40,0.21102346062276608,-0.2035008437269763
320,1570395600,266,174,-92,440,40,-0.06639636110237017,-0.4322072450288933
320,1570410000,93,77,-16,170,40,0.15322766443002936,-0.9000157931464507
320,1570424400,10,11,1,21,40,0.20235409119385556,-1.158176806737251
320,1570438800,223,435,212,658,40,0.8120997410272279,-0.05449515803027281
320,1570453200,362,711,349,1073,40,1.2080009449474745,0.6645439066689359
320,1570467600,754,472,-282,1226,40,-0.6154564249333689,0.9296354172688851
320,1570482000,1294,385,-909,1679,40,-2.427354635575665,1.7145142035550094
320,1570496400,205,95,-110,300,41,-0.08256917034068088,-0.7056243129577062
320,1570510800,19,30,11,49,41,0.2835883546779405,-1.179185014969429
320,1570525200,197,442,245,639,41,0.9916946427304811,-0.06603436083828802
320,1570539600,398,631,233,1029,41,0.9553814997534278,0.6697770885026356
320,1570554000,778,428,-350,1206,41,-0.8088320298817481,1.0037222847419778
320,1570568400,1381,375,-1006,1756,41,-2.793950512627332,2.0414050979150753
320,1570582800,186,116,-70,302,41,0.03847463958283033,-0.701850920909804
320,1570597200,16,17,1,33,41,0.25332740219706273,-1.2093721513526463
320,1570611600,165,441,276,606,41,1.0855035954212022,-0.12829532962867385
320,1570626000,384,707,323,1091,41,1.227730072081328,0.786752241987603
320,1570640400,688,397,-291,1085,41,-0.6302924102445691,0.7754320658438965
320,1570654800,1258,393,-865,1651,41,-2.367271082646955,1.8433020154002113
320,1570669200,217,103,-114,320,41,-0.094673551333032,-0.6678903924786845
320,1570683600,22,26,4,48,41,0.26240568794132607,-1.18107171099338
320,1570698000,217,420,203,637,41,0.8645986423107943,-0.06980775288619019
320,1570712400,415,676,261,1091,41,1.0401121666998856,0.786752241987603
320,1570726800,777,509,-268,1286,41,-0.5606922195385501,1.1546579666580647
320,1570741200,1430,559,-871,1989,41,-2.3854276541354817,2.4810052714956785
320,1570755600,271,136,-135,407,41,-0.15822155154287537,-0.50374783839494
320,1570770000,27,22,-5,49,41,0.23517083070853603,-1.179185014969429
320,1570784400,165,374,209,539,41,0.8827552137993211,-0.2547039632333966
320,1570798800,368,638,270,1006,41,1.0673470239326757,0.6263830799517606
320,1570813200,814,488,-326,1302,41,-0.7362057439276414,1.184845103041282
320,1570827600,1155,425,-730,1580,41,-1.9587482241551046,1.709346597699684
320,1570842000,223,139,-84,362,41,-0.0038906938903985927,-0.5886491594727389
320,1570856400,51,20,-31,71,41,0.15649235425825375,-1.1376777024425049
320,1570870800,32,85,53,117,41,0.41068435509762735,-1.050889685340755
320,1570885200,142,321,179,463,41,0.7919723563566876,-0.3980928610536792
320,1570899600,334,349,15,683,41,0.29569273567029164,0.016980264215559777
320,1570914000,345,304,-41,649,41,0.12623140177737596,-0.04716740059877716
320,1570928400,188,145,-43,333,41,0.12017921128120039,-0.6433633441673204
320,1570942800,36,26,-10,62,41,0.22004035446809714,-1.1546579666580647
320,1570957200,43,71,28,114,41,0.33503197389543277,-1.0565497734126084
320,1570971600,137,221,84,358,41,0.5044933077883486,-0.5961959435685432
320,1570986000,281,293,12,574,41,0.2866144499260283,-0.18866960239510863
320,1571000400,249,185,-64,434,41,0.05663121107135701,-0.4528070457482607
320,1571014800,115,78,-37,193,41,0.13833578276972708,-0.9075007875204725
320,1571029200,17,19,2,36,41,0.2563534974451505,-1.203712063280793
320,1571043600,127,382,255,509,41,1.021955595211359,-0.3113048439519292
320,1571058000,316,569,253,885,41,1.0159034047151834,0.3980928610536792
320,1571072400,560,434,-126,994,41,-0.13098669431008536,0.6037427276643476
320,1571086800,1142,328,-814,1470,41,-2.2129402249944783,1.5018100350650647
320,1571101200,145,87,-58,232,42,0.11890752107090524,-0.8435116302249355
320,1571115600,15,16,1,31,42,0.28462902681539526,-1.204430291266948
320,1571130000,225,442,217,667,42,0.8913382681850536,-0.06241900558177434
320,1571144400,403,683,280,1086,42,1.0682951302512038,0.689943775396351
320,1571158800,738,441,-297,1179,42,-0.5524050191483001,0.8569359916993717
320,1571173200,1423,460,-963,1883,42,-2.423091846704746,2.1210491129609474
320,1571187600,231,147,-84,378,42,0.04587770498011304,-0.5813518067814837
320,1571202000,24,17,-7,41,42,0.2621583141720746,-1.1864741389763005
320,1571216400,214,441,227,655,42,0.9194266589892044,-0.0839663883305512
320,1571230800,427,664,237,1091,42,0.9475150497933552,0.6989218515416747
320,1571245200,792,467,-325,1259,42,-0.6310525133999224,1.0005852100245507
320,1571259600,1402,369,-1033,1771,42,-2.6197105823338025,1.9199402073056968
320,1571274000,231,119,-112,350,42,-0.032769789271509336,-0.6316290331952964
320,1571288400,22,16,-6,38,42,0.26496715325248965,-1.1918609846634947
320,1571302800,202,421,219,623,42,0.8969559463458837,-0.14142607566062282
320,1571317200,402,719,317,1121,42,1.172222176226562,0.7527903084136168
320,1571331600,789,450,-339,1239,42,-0.6703762605257336,0.964672905443256
320,1571346000,1366,402,-964,1768,42,-2.4259006857851615,1.9145533616185026
320,1571360400,283,150,-133,433,42,-0.09175540996022612,-0.4825929691829231
320,1571374800,27,20,-7,47,42,0.2621583141720746,-1.1757004476019122
320,1571389200,206,368,162,574,42,0.7368521187622239,-0.229411221884795
320,1571403600,451,665,214,1116,42,0.8829117509438082,0.7438122322682932
320,1571418000,822,441,-381,1263,42,-0.7883475019031672,1.0077676709408097
320,1571432400,1234,392,-842,1626,42,-2.083222317974521,1.6595759990913097
320,1571446800,229,133,-96,362,42,0.01217163601513202,-0.6100816504465195
320,1571461200,35,22,-13,57,42,0.24530527968958407,-1.1577442953112647
320,1571475600,40,93,53,133,42,0.4306886589969796,-1.0212775379023447
320,1571490000,179,281,102,460,42,0.5683217739373188,-0.4341113579981752
320,1571504400,339,366,27,705,42,0.35765884290618744,0.005814373122685722
320,1571518800,344,319,-25,663,42,0.21159921072460305,-0.0696014664980333
320,1571533200,149,129,-20,278,42,0.22564340612667846,-0.7609133296879576
320,1571547600,43,17,-26,60,42,0.20879037164418796,-1.1523574496240705
320,1571562000,32,47,15,79,42,0.3239527739412064,-1.1182407602718405
320,1571576400,130,276,146,406,42,0.6919106934755825,-0.5310745803676711
320,1571590800,254,270,16,524,42,0.32676161302162154,-0.31919198333803195
320,1571605200,245,193,-52,438,42,0.13576055555339575,-0.4736148930375994
320,1571619600,72,60,-12,132,42,0.24811411876999914,-1.0230731531314095
320,1571634000,11,15,4,26,42,0.2930555440566405,-1.2134083674122715
320,1571648400,199,451,252,650,42,0.9896476359995815,-0.09294446447587489
320,1571662800,368,676,308,1044,42,1.1469426245028262,0.614527935775632
320,1571677200,740,462,-278,1202,42,-0.49903707662041347,0.8982351419678607
320,1571691600,1361,423,-938,1784,42,-2.352870869694369,1.9432832052835385
320,1571706000,96,134,38,230,43,0.36541793739052153,-0.8351678207778861
320,1571720400,11,27,16,38,43,0.3086133993439465,-1.1519800000399463
320,1571734800,216,440,224,656,43,0.8456744863297466,-0.1322407980401902
320,1571749200,429,623,194,1052,43,0.7682137526298717,0.5211843216878088
320,1571763600,756,443,-313,1199,43,-0.5408726468980163,0.7637436464353236
320,1571778000,1418,483,-935,1901,43,-2.146891858942092,1.9220881768622309
320,1571792400,100,128,28,228,43,0.3395976928238965,-0.8384679476451993
320,1571806800,13,23,10,36,43,0.2931212526039715,-1.1552801269072595
320,1571821200,236,385,149,621,43,0.6520226520800592,-0.18999301821816994
320,1571835600,447,703,256,1150,43,0.9282992689429467,0.682890538186152
320,1571850000,753,411,-342,1164,43,-0.6157513561412288,0.7059914262573438
320,1571864400,1412,417,-995,1829,43,-2.3018133263418417,1.8032836096389584
320,1571878800,90,151,61,241,43,0.42480449989375907,-0.8170171230076639
320,1571893200,13,21,8,34,43,0.2879572036906465,-1.1585802537745724
320,1571907600,225,398,173,623,43,0.7139912390399591,-0.1866928913508568
320,1571922000,411,716,305,1127,43,1.0548184673194092,0.644939079212051
320,1571936400,776,501,-275,1277,43,-0.4427557175448412,0.8924485942605355
320,1571950800,1446,506,-940,1952,43,-2.1598019812254043,2.0062414119787157
320,1571965200,102,151,49,253,43,0.39382020641380905,-0.7972163618037852
320,1571979600,13,15,2,28,43,0.2724650569506715,-1.168480634376512
320,1571994000,197,380,183,577,43,0.7398114836065841,-0.2625958092990587
320,1572008400,437,712,275,1149,43,0.9773577336195343,0.6812404747524954
320,1572022800,902,480,-422,1382,43,-0.8223133126742288,1.0657052547944745
320,1572037200,1271,523,-748,1794,43,-1.664053285546204,1.7455313894609785
320,1572051600,284,159,-125,443,43,-0.0554520490454661,-0.48370430940903814
320,1572066000,42,26,-16,68,43,0.2259886167307465,-1.1024780970302492
320,1572080400,47,113,66,160,43,0.4377146221770715,-0.9506722611338455
320,1572094800,208,371,163,579,43,0.6881709944733341,-0.25929568243174556
320,1572109200,399,469,70,868,43,0.44804272000372153,0.21757264989500116
320,1572123600,425,398,-27,823,43,0.19758634770745898,0.14331979538045583
320,1572138000,207,168,-39,375,43,0.16660205422750896,-0.5959086228976844
320,1572152400,49,40,-9,89,43,0.24406278792738398,-1.0678267649234614
320,1572166800,42,54,12,96,43,0.2982853015172965,-1.0562763208878656
320,1572181200,125,218,93,343,43,0.5074292825069591,-0.6487106527746944
320,1572195600,223,236,13,459,43,0.300867325973959,-0.45730329447053314
320,1572210000,234,46,-188,280,43,-0.21811958981520366,-0.7526646490950579
320,1572224400,43,197,154,240,43,0.6649327743633716,-0.8186671864413204
320,1572238800,63,21,-42,84,43,0.15885598085752145,-1.0760770820917442
320,1572253200,258,458,200,716,43,0.7837058993698467,-0.033236992020796434
320,1572267600,494,777,283,1271,43,0.9980139292728342,0.8825482136585961
320,1572282000,956,424,-532,1380,43,-1.1063360029071039,1.0624051279271616
320,1572296400,1764,339,-1425,2103,43,-3.412083842706717,2.2554009904608567
320,1572310800,219,97,-122,316,44,-0.1120190640630457,-0.6912154294159544
320,1572325200,15,15,0,30,44,0.24943287816557277,-1.168831613156431
320,1572339600,228,431,203,659,44,0.8508652082672905,-0.11841000625866961
320,1572354000,413,764,351,1177,44,1.2893478922823358,0.7466430817747808
320,1572368400,751,434,-317,1185,44,-0.6897496274612473,0.7600029750262627
320,1572382800,1444,448,-996,1892,44,-2.701437076422165,1.940683541125972
320,1572397200,211,101,-110,312,44,-0.07646641400777175,-0.6978953760416953
320,1572411600,20,15,-5,35,44,0.23461927397587531,-1.1604816798742548
320,1572426000,210,403,193,613,44,0.8212379998878955,-0.19522939245469031
320,1572440400,458,733,275,1191,44,1.0641811085989341,0.7700228949648741
320,1572454800,744,507,-237,1251,44,-0.45273196042608765,0.870222094350988
320,1572469200,1374,441,-933,1815,44,-2.5147856636319768,1.812094568580459
320,1572483600,247,120,-127,367,44,-0.12683266825274317,-0.6060461099377575
320,1572498000,25,24,-1,49,44,0.24647015732763328,-1.1371018666841615
320,1572512400,213,380,167,593,44,0.7442072581014686,-0.22862912558339496
320,1572526800,398,693,295,1091,44,1.1234355253577242,0.6030242293213508
320,1572541200,868,511,-357,1379,44,-0.8082584609788271,1.0839803863746977
320,1572555600,1443,708,-735,2151,44,-1.9281669377199566,2.373210085142697
320,1572570000,285,251,-34,536,44,0.14870036967562994,-0.3238183650002032
320,1572584400,38,23,-15,61,44,0.20499206559648034,-1.1170620268069387
320,1572598800,180,336,156,516,44,0.7116173288841342,-0.35721809812890787
320,1572613200,407,769,362,1176,44,1.3219378214996702,0.7449730951183455
320,1572627600,820,453,-367,1273,44,-0.8378856693582222,0.9069618007925632
320,1572642000,1169,460,-709,1629,44,-1.8511361959335297,1.501477050483506
320,1572656400,192,164,-28,356,44,0.1664766947032669,-0.6244159631585451
320,1572670800,41,27,-14,68,44,0.20795478643441984,-1.105372120211892
320,1572685200,39,71,32,110,44,0.34423994497963667,-1.0352326806416123
320,1572699600,196,286,90,482,44,0.5160777535801274,-0.41399764444770576
320,1572714000,384,413,29,797,44,0.33535178246581815,0.11204815232939247
320,1572728400,364,309,-55,673,44,0.08648323207890052,-0.09503019306857637
320,1572742800,178,109,-69,287,44,0.04500514034774758,-0.7396450424525761
320,1572753600,47,38,-9,85,44,0.22276839062411732,-1.076982347052493
320,1572768000,29,29,0,58,44,0.24943287816557277,-1.1220719867762443
320,1572782400,141,237,96,378,44,0.5338540786077645,-0.58767625671697
320,1572796800,313,359,46,672,44,0.38571803671078964,-0.09670017972501159
320,1572811200,282,312,30,594,44,0.3383145033037577,-0.22695913892695974
320,1572825600,118,92,-26,210,44,0.1724021363791459,-0.868234014998089
320,1572840000,27,13,-14,40,44,0.20795478643441984,-1.1521317465920786
320,1572854400,96,160,64,256,44,0.43904701179370054,-0.7914146288020683
320,1572868800,359,819,460,1178,44,1.6122844636177407,0.748313068431216
320,1572883200,608,448,-160,1056,44,-0.22460245590474653,0.5445746963461177
320,1572897600,1502,557,-945,2059,44,-2.550338313687251,2.219571312750656
320,1572912000,297,127,-170,424,45,-0.22834680939209978,-0.47365700455762966
320,1572926400,41,17,-24,58,45,0.1705770182980301,-1.0743050390453284
320,1572940800,97,218,121,315,45,0.5667684910039811,-0.6525385230252777
320,1572955200,411,826,415,1237,45,1.3700808563525988,0.8605693671322585
320,1572969600,575,441,-134,1016,45,-0.1299820299616568,0.4978829856519814
320,1572984000,1566,592,-974,2158,45,-2.425160216671993,2.3720361424414675
320,1572998400,340,127,-213,467,45,-0.3458380737117956,-0.4030890660795667
320,1573012800,42,14,-28,56,45,0.1596475983613142,-1.0775872687419825
320,1573027200,113,188,75,301,45,0.44108016173174835,-0.6755141309018563
320,1573041600,434,843,409,1277,45,1.353686726447525,0.9262139610653403
320,1573056000,615,444,-171,1059,45,-0.23107916437627876,0.5684509241300444
320,1573070400,1531,503,-1028,2034,45,-2.5727073858176577,2.168537901248914
320,1573084800,373,173,-200,546,45,-0.3103174589174689,-0.2734409930617301
320,1573099200,46,25,-21,71,45,0.178774083250567,-1.0529705460170768
320,1573113600,94,189,95,283,45,0.4957272614153278,-0.7050541981717431
320,1573128000,426,896,470,1322,45,1.5203603804824422,1.0000641292400574
320,1573142400,638,490,-148,1128,45,-0.1682349997401624,0.6816878486646105
320,1573156800,1636,591,-1045,2227,45,-2.6191574205487003,2.4852730669760335
320,1573171200,438,153,-285,591,45,-0.5425676325726815,-0.19959082488701305
320,1573185600,61,18,-43,79,45,0.11866227359862964,-1.0398416272304605
320,1573200000,88,151,63,239,45,0.4082919019216007,-0.7772632514981331
320,1573214400,396,744,348,1140,45,1.1870130724126076,0.7013812268445351
320,1573228800,708,465,-243,1173,45,-0.4278087232371647,0.7555380168393275
320,1573243200,1442,493,-949,1935,45,-2.3568513420675186,2.006067531264536
320,1573257600,277,173,-104,450,45,-0.048011380436287644,-0.4309880185011265
320,1573272000,69,47,-22,116,45,0.17604172826638806,-0.9791203778423597
320,1573286400,24,49,25,73,45,0.3044624125227997,-1.0496883163204227
320,1573300800,153,304,151,457,45,0.6487391405293502,-0.41950021456283715
320,1573315200,339,496,157,835,45,0.665133270434424,0.20084119810478612
320,1573329600,444,388,-56,832,45,0.083141658804303,0.19591785355980498
320,1573344000,191,192,1,383,45,0.2388858929025044,-0.5409427133390385
320,1573358400,80,25,-55,105,45,0.08587401378848197,-0.9971726411739572
320,1573372800,15,30,15,45,45,0.27713886268101,-1.09563953207358
320,1573387200,124,248,124,372,45,0.574965555956518,-0.558994976670636
320,1573401600,291,308,17,599,45,0.2826035726493679,-0.18646190610039667
320,1573416000,355,362,7,717,45,0.2552800228075782,0.007189646002194721
320,1573430400,153,121,-32,274,45,0.14871817842459834,-0.7198242318066865
320,1573444800,25,19,-6,44,45,0.21975940801325158,-1.097280646921907
320,1573459200,64,167,103,231,45,0.5175861012887596,-0.7903921702847495
320,1573473600,221,687,466,908,45,1.5094309605457263,0.32064258203266044
320,1573488000,378,404,26,782,45,0.3071947675069787,0.1138621111434527
320,1573502400,1169,402,-767,1571,45,-1.859562734946946,1.4087017264734918
320,1573516800,300,116,-184,416,46,-0.16380372934195747,-0.48198330256735783
320,1573531200,36,13,-23,49,46,0.23809787363711235,-1.082184516476976
320,1573545600,105,201,96,306,46,0.5351555801868596,-0.6618801241751453
320,1573560000,407,898,491,1305,46,1.5211874632721554,0.9719101011537611
320,1573574400,620,399,-221,1019,46,-0.25616620952969404,0.5041783649735135
320,1573588800,1551,364,-1187,1915,46,-2.6675758274041135,1.9695197482514915
320,1573603200,357,140,-217,497,46,-0.2461810765364252,-0.34951382483798704
320,1573617600,50,17,-33,67,46,0.21313504115394033,-1.0527468547593382
320,1573632000,95,186,91,281,46,0.5226741639452737,-0.7027657654496424
320,1573646400,398,920,522,1318,46,1.5985722439699885,0.9931706346164996
320,1573660800,634,403,-231,1037,46,-0.2811290420128661,0.5336160266911515
320,1573675200,1613,539,-1074,2152,46,-2.385495820344269,2.3571156275337244
320,1573689600,393,156,-237,549,46,-0.2961067415027693,-0.26447169098703294
320,1573704000,50,16,-34,66,46,0.21063875790562311,-1.054382280410318
320,1573718400,103,183,80,286,46,0.49521504821378437,-0.6945886371947431
320,1573732800,425,825,400,1250,46,1.2940256876752898,0.8819616903498673
320,1573747200,637,414,-223,1051,46,-0.2611587760263284,0.5565119858048699
320,1573761600,1625,554,-1071,2179,46,-2.3780069705993174,2.4012721201101814
320,1573776000,384,185,-199,569,46,-0.20124797806671554,-0.23176317796743523
320,1573790400,85,33,-52,118,46,0.16570565943591345,-0.969340146559364
320,1573804800,87,143,56,230,46,0.43530425025417147,-0.7861724736496166
320,1573819200,367,729,362,1096,46,1.199166924239236,0.6301061400989648
320,1573833600,685,408,-277,1093,46,-0.39595807143545747,0.6251998631460252
320,1573848000,1371,411,-960,1782,46,-2.1009195300361077,1.7520081366711666
320,1573862400,340,159,-181,499,46,-0.15631487959700588,-0.3462429735360273
320,1573876800,73,36,-37,109,46,0.2031499081606715,-0.9840589774181829
320,1573891200,34,57,23,91,46,0.35292690305970376,-1.0134966391358209
320,1573905600,121,252,131,373,46,0.6225254938779617,-0.552306605559493
320,1573920000,341,349,8,690,46,0.31548265433494566,-0.03387667419886899
320,1573934400,352,354,2,706,46,0.30050495484504247,-0.0077098637831908125
320,1573948800,161,189,28,350,46,0.36540831930128975,-0.5899213955320303
320,1573963200,85,36,-49,121,46,0.17319450918086504,-0.9644338696064243
320,1573977600,16,25,9,41,46,0.3179789375832629,-1.0952679216848151
320,1573992000,92,190,98,282,46,0.5401481466834941,-0.7011303397986626
320,1574006400,345,348,3,693,46,0.30300123809335966,-0.028970397245929334
320,1574020800,313,215,-98,528,46,0.05087663001332206,-0.29881562965761055
320,1574035200,122,130,8,252,46,0.31548265433494566,-0.7501931093280592
320,1574049600,49,13,-36,62,46,0.2056461914089887,-1.0609239830142376
320,1574064000,105,183,78,288,46,0.49022248171714994,-0.6913177858927833
320,1574078400,388,828,440,1216,46,1.3938770176079778,0.8263572182165512
320,1574092800,595,387,-208,982,46,-0.22371452730157038,0.4436676158872578
320,1574107200,1501,435,-1066,1936,46,-2.365525554357731,2.003863686922069
320,1574121600,273,129,-144,402,47,-0.0836738609155358,-0.48659362037577053
320,1574136000,32,12,-20,44,47,0.24008057270118813,-1.072751421687266
320,1574150400,103,182,79,285,47,0.49856193502421775,-0.6781591587932145
320,1574164800,396,784,388,1180,47,1.3053370962142798,0.7872353444855241
320,1574179200,574,419,-155,993,47,-0.11239401228476131,0.48105794547644687
320,1574193600,1581,453,-1128,2034,47,-2.652821947035345,2.185500043703449
320,1574208000,346,123,-223,469,47,-0.2899367662036099,-0.3768936966666359
320,1574222400,51,19,-32,70,47,0.20874949848021485,-1.0301813020389452
320,1574236800,104,199,95,303,47,0.5403367006521821,-0.6486875374982232
320,1574251200,397,840,443,1237,47,1.4489378530604073,0.8805621452529969
320,1574265600,560,446,-114,1006,47,-0.005346175363102593,0.5023430053006074
320,1574280000,1635,555,-1080,2190,47,-2.527497650151452,2.4409207615933743
320,1574294400,448,154,-294,602,47,-0.4753122886777018,-0.15913116154253282
320,1574308800,55,29,-26,84,47,0.2244150355907015,-1.0072589299206185
320,1574323200,106,193,87,299,47,0.5194493178381999,-0.6552367866748879
320,1574337600,372,872,500,1244,47,1.5977604556100304,0.8920233313121602
320,1574352000,590,420,-170,1010,47,-0.1515578550609779,0.508892254477272
320,1574366400,1516,512,-1004,2028,47,-2.329067513418621,2.175676169938452
320,1574380800,484,171,-313,655,47,-0.5249198228609095,-0.07235360995172484
320,1574395200,75,24,-51,99,47,0.15914196429700714,-0.9826992455081256
320,1574409600,97,147,50,244,47,0.4228451723235323,-0.7452889628540283
320,1574424000,387,786,399,1173,47,1.3340572475835053,0.7757741584263608
320,1574438400,645,437,-208,1082,47,-0.2507729234273933,0.6267787396572376
320,1574452800,1385,469,-916,1854,47,-2.099306302464817,1.8907838307535352
320,1574467200,332,145,-187,477,47,-0.19594354354069007,-0.36379519831330637
320,1574481600,65,35,-30,100,47,0.2139713441837104,-0.9810619332139594
320,1574496000,27,34,7,61,47,0.310575489698378,-1.0449171126864407
320,1574510400,147,225,78,372,47,0.49595101217247,-0.5357129892007562
320,1574524800,316,328,12,644,47,0.3236301039571169,-0.09036404518755291
320,1574539200,361,368,7,729,47,0.310575489698378,0.04880749981657312
320,1574553600,200,202,2,402,47,0.2975208754396392,-0.48659362037577053
320,1574568000,74,40,-34,114,47,0.2035276527767193,-0.9581395610956328
320,1574582400,20,20,0,40,47,0.2922990297361436,-1.0793006708639308
320,1574596800,92,164,72,256,47,0.4802854750619833,-0.725641215324034
320,1574611200,219,225,6,444,47,0.30796456684663026,-0.41782650402079063
320,1574625600,273,231,-42,504,47,0.1826402699627371,-0.3195877663708193
320,1574640000,131,100,-31,231,47,0.21136042133196262,-0.7665740226781887
320,1574654400,14,16,2,30,47,0.2975208754396392,-1.0956737938055927
320,1574668800,96,185,89,281,47,0.5246711635416955,-0.6847084079698793
320,1574683200,392,766,374,1158,47,1.2687841762898109,0.751214474013868
320,1574697600,612,432,-180,1044,47,-0.17766708357845565,0.5645608724789225
320,1574712000,1451,441,-1010,1892,47,-2.3447330505291077,1.9530016979318503
320,1574726400,295,141,-154,436,48,-0.4268914192147274,-0.08656695091264462
320,1574740800,26,21,-5,47,48,0.13001633593344103,-0.9612304289650798
320,1574755200,102,176,74,278,48,0.425289575240188,-0.4418287234892121
320,1574769600,391,665,274,1056,48,1.172816763358535,1.3074982326156583
320,1574784000,617,392,-225,1009,48,-0.6922635709967405,1.201819097735287
320,1574798400,1451,434,-1017,1885,48,-3.6524712359453937,3.171498292526889
320,1574812800,306,157,-149,463,48,-0.40820323951176873,-0.02585766066221852
320,1574827200,39,66,27,105,48,0.2496206860323765,-0.8308178795382386
320,1574841600,72,157,85,229,48,0.4664035705866971,-0.552004842832578
320,1574856000,301,629,328,930,48,1.3746491041504885,1.0241882114470031
320,1574870400,821,369,-452,1190,48,-1.5407069295110642,1.6087961916362914
320,1574884800,713,371,-342,1084,48,-1.1295669760459734,1.3704560150975815
320,1574899200,180,169,-11,349,48,0.10759052028989063,-0.2821857750529065
320,1574913600,40,34,-6,74,48,0.1262786999928493,-0.9005211387146537
320,1574928000,43,21,-22,64,48,0.06647652494338156,-0.9230060610296263
320,1574942400,128,138,10,266,48,0.18608087504231705,-0.4688106302671793
320,1574956800,191,287,96,478,48,0.5075175659332062,0.007869722810240419
320,1574971200,177,181,4,358,48,0.16365505939876665,-0.2619493449694311
320,1574985600,111,123,12,234,48,0.1935561469235005,-0.5407623816750917
320,1575000000,21,22,1,43,48,0.15244215157699145,-0.9702243978910688
320,1575014400,27,88,61,115,48,0.3767003080124955,-0.8083329572232659
320,1575028800,127,363,236,490,48,1.030786597616049,0.034851629588207575
320,1575043200,297,484,187,781,48,0.847642436527054,0.689162868953911
320,1575057600,408,328,-80,736,48,-0.15030635961093902,0.5879807185365342
320,1575072000,152,182,30,334,48,0.2608335938541517,-0.3159131585253654
320,1575086400,45,33,-12,78,48,0.1038528843492989,-0.8915271697886646
320,1575100800,22,27,5,49,48,0.16739269533935838,-0.9567334445020853
320,1575115200,113,177,64,290,48,0.3879132158342707,-0.41484681671124496
320,1575129600,255,323,68,578,48,0.4028637595966376,0.2327189459599667
320,1575144000,309,220,-89,529,48,-0.18394508307626464,0.12254282661660082
320,1575158400,148,138,-10,286,48,0.11132815623048237,-0.42384078563723404
320,1575172800,59,25,-34,84,48,0.021624893656280744,-0.8780362163996811
320,1575187200,13,17,4,30,48,0.16365505939876665,-0.9994547969005333
320,1575201600,86,158,72,244,48,0.41781430335900455,-0.518277459360119
320,1575216000,160,175,15,335,48,0.20476905474527574,-0.31366466629386813
320,1575230400,162,172,10,334,48,0.18608087504231705,-0.3159131585253654
320,1575244800,78,61,-17,139,48,0.08516470464634023,-0.7543691436673317
320,1575259200,6,14,8,20,48,0.17860560316113358,-1.021939719215506
320,1575273600,93,180,87,273,48,0.4738788424678806,-0.45307118464669843
320,1575288000,327,744,417,1071,48,1.7072987028631528,1.3412256160881173
320,1575302400,520,335,-185,855,48,-0.5427581333730711,0.8555512940847084
320,1575316800,1368,332,-1036,1700,48,-3.723486318816637,2.7555272296998954
320,1575331200,228,109,-119,337,49,-0.02454309161682691,-0.598143944069768
320,1575345600,28,8,-20,36,49,0.24260396320716843,-1.0943208299575637
320,1575360000,115,162,47,277,49,0.4234004548557309,-0.6970496356088635
320,1575374400,382,831,449,1213,49,1.508179404747106,0.8458791524010261
320,1575388800,572,363,-209,935,49,-0.26740405054773175,0.38761611493655035
320,1575403200,1527,516,-1011,2043,49,-2.4315650401320172,2.2140745520251803
320,1575417600,351,153,-198,504,49,-0.23772104445617673,-0.32285643595261887
320,1575432000,38,17,-21,55,49,0.23990550810793615,-1.0630006943035168
320,1575446400,98,184,86,282,49,0.5286402037257897,-0.6888074946472722
320,1575460800,375,806,431,1181,49,1.459607212960925,0.7931294502468418
320,1575475200,557,382,-175,939,49,-0.17565657717383437,0.39420982770582336
320,1575489600,1556,513,-1043,2069,49,-2.5179156033074497,2.256933685025455
320,1575504000,413,152,-261,565,49,-0.40772371570781013,-0.22230231622120514
320,1575518400,54,18,-36,72,49,0.199428681619452,-1.0349774150341065
320,1575532800,101,176,75,277,49,0.49895719763423463,-0.6970496356088635
320,1575547200,453,825,372,1278,49,1.3003983621062207,0.9530269849017129
320,1575561600,619,358,-261,977,49,-0.40772371570781013,0.45685009901391715
320,1575576000,1530,514,-1016,2044,49,-2.4450573156281785,2.2157229802174987
320,1575590400,387,170,-217,557,49,-0.28899169134159,-0.2354897417597512
320,1575604800,66,28,-38,94,49,0.19403177142098746,-0.9987119948031047
320,1575619200,89,169,80,258,49,0.512449473130396,-0.7283697712629104
320,1575633600,388,731,343,1119,49,1.2221431642284848,0.6909269023231098
320,1575648000,643,419,-224,1062,49,-0.3078808770362159,0.5969664953609691
320,1575662400,1438,552,-886,1990,49,-2.0942581527279827,2.1267078578323124
320,1575676800,377,227,-150,604,49,-0.10819519969302746,-0.1580136167207931
320,1575691200,90,43,-47,133,49,0.16974567552789696,-0.9344232953026926
320,1575705600,29,45,16,74,49,0.33974834677953036,-1.03168055864947
320,1575720000,143,258,115,401,49,0.6068954016035257,-0.49264453976139944
320,1575734400,368,410,42,778,49,0.4099081793595695,0.12881288874258381
320,1575748800,381,365,-16,746,49,0.25339778360409754,0.07606318658839957
320,1575763200,206,209,3,415,49,0.30466843048951076,-0.46956654506894385
320,1575777600,76,42,-34,118,49,0.20482559181791654,-0.9591497181874665
320,1575792000,27,17,-10,44,49,0.2695885141994912,-1.0811334044190175
320,1575806400,108,213,105,321,49,0.579910850611203,-0.6245187951468602
320,1575820800,295,307,12,602,49,0.32895452638260125,-0.1613104731054296
320,1575835200,300,264,-36,564,49,0.199428681619452,-0.2239507444135234
320,1575849600,121,91,-30,212,49,0.21561941221484565,-0.8041974681095503
320,1575864000,16,10,-6,26,49,0.28038233459642026,-1.1108051118807463
320,1575878400,86,167,81,253,49,0.5151479282296283,-0.7366119122245016
320,1575892800,398,786,388,1184,49,1.3435736436939372,0.7980747348237966
320,1575907200,507,350,-157,857,49,-0.1270843853876534,0.2590387159357262
320,1575921600,1469,429,-1040,1898,49,-2.509820238009753,1.9750524641390328
320,1575936000,264,130,-134,394,50,-0.024820634427819732,-0.5221329092046626
320,1575950400,34,15,-19,49,50,0.28336359252942794,-1.1237794980218045
320,1575964800,124,159,35,283,50,0.428076186057179,-0.715706159519743
320,1575979200,431,821,390,1252,50,1.379427495359987,0.9741359986362296
320,1575993600,589,402,-187,991,50,-0.16685336511246432,0.5189772749223918
320,1576008000,1594,418,-1176,2012,50,-2.8172377169447946,2.2995023971899333
320,1576022400,375,166,-209,541,50,-0.22581034766080735,-0.26577914527388036
320,1576036800,39,18,-21,57,50,0.27800386684321493,-1.1098282727738706
320,1576051200,108,180,72,288,50,0.5272311112521196,-0.7069866437397844
320,1576065600,434,763,329,1197,50,1.2159558619304904,0.8782213250566852
320,1576080000,607,303,-304,910,50,-0.480397317755925,0.37772111928706276
320,1576094400,1402,454,-948,1856,50,-2.206228988716512,2.027453504855226
320,1576108800,352,128,-224,480,50,-0.26600829030740486,-0.372157237789375
320,1576123200,47,24,-23,71,50,0.2726441411570019,-1.0854136285899867
320,1576137600,108,162,54,270,50,0.4789935800762026,-0.7383769005476353
320,1576152000,430,791,361,1221,50,1.3017114729098986,0.9200750008004863
320,1576166400,584,369,-215,953,50,-0.24188952471944636,0.45270895499470654
320,1576180800,1424,483,-941,1907,50,-2.187469948814767,2.1163925658108034
320,1576195200,447,179,-268,626,50,-0.3839222554040909,-0.1175473770145845
320,1576209600,65,22,-43,87,50,0.2190468842948719,-1.0575111780941193
320,1576224000,89,143,54,232,50,0.4789935800762026,-0.8046452204753205
320,1576238400,386,723,337,1109,50,1.2373947646753425,0.7247578473294142
320,1576252800,723,357,-366,1080,50,-0.6465488140285282,0.6741846558056545
320,1576267200,1385,420,-965,1805,50,-2.2517866570493226,1.9385144438996484
320,1576281600,324,201,-123,525,50,0.004657856846351784,-0.2936815957697478
320,1576296000,76,36,-40,112,50,0.22708647282419142,-1.0139135991943264
320,1576310400,24,50,26,74,50,0.4039574204692205,-1.0801819191220117
320,1576324800,141,246,105,387,50,0.6156665850746341,-0.5343402312966046
320,1576339200,368,407,39,775,50,0.43879563742960503,0.14229419322818115
320,1576353600,452,455,3,907,50,0.34232057507777097,0.3724894098190876
320,1576368000,196,199,3,395,50,0.34232057507777097,-0.5203890060486708
320,1576382400,96,64,-32,160,50,0.24852537556904342,-0.930206247706724
320,1576396800,30,24,-6,54,50,0.31820180948981247,-1.1150599822418459
320,1576411200,123,151,28,274,50,0.4093171461554335,-0.7314012879236684
320,1576425600,316,327,11,643,50,0.36375947782262297,-0.08790102336272533
320,1576440000,379,259,-120,638,50,0.012697445375671289,-0.09662053914268391
320,1576454400,121,111,-10,232,50,0.30748235811738645,-0.8046452204753205
320,1576468800,20,21,1,41,50,0.33696084939155796,-1.1377307232697382
320,1576483200,83,185,102,268,50,0.6076269965453146,-0.7418647068596187
320,1576497600,355,767,412,1122,50,1.43838447790833,0.7474285883573065
320,1576512000,613,454,-159,1067,50,-0.09181720550548227,0.6515139147777621
320,1576526400,1423,355,-1068,1778,50,-2.5278125298892924,1.891429058687872
320,1576540800,299,137,-162,436,51,-0.1728932121701341,-0.36080335666641433
320,1576555200,40,18,-22,58,51,0.2538960773178544,-1.0385262731874738
320,1576569600,94,170,76,264,51,0.5526485799594463,-0.6691852128611822
320,1576584000,378,760,382,1138,51,1.4854880269831927,0.8978249168726963
320,1576598400,568,386,-182,954,51,-0.23386311066841817,0.5679280474550377
320,1576612800,1546,591,-955,2137,51,-2.5903496876270973,2.6889497676783534
320,1576627200,378,164,-214,542,51,-0.3314149482656727,-0.17075407319754576
320,1576641600,59,11,-48,70,51,0.1746352092700851,-1.017011259964583
320,1576656000,92,152,60,244,51,0.5038726611608191,-0.7050435682326668
320,1576670400,451,698,247,1149,51,1.0739412121197751,0.9175470123270127
320,1576684800,625,429,-196,1054,51,-0.276542039617217,0.7472198243124608
320,1576699200,1488,490,-998,1978,51,-2.721434969398408,2.403875842475051
320,1576713600,364,165,-199,529,51,-0.28568752439195966,-0.19406200418901076
320,1576728000,39,17,-22,56,51,0.2538960773178544,-1.0421121087246223
320,1576742400,90,132,42,222,51,0.4489997525123634,-0.7444877591412998
320,1576756800,367,748,381,1115,51,1.4824395320582784,0.856587808195489
320,1576771200,596,431,-165,1027,51,-0.1820386969448767,0.6988110445609566
320,1576785600,1700,404,-1296,2104,51,-3.6298864570228413,2.6297834813154037
320,1576800000,337,157,-180,494,51,-0.22776612081858977,-0.25681412608910886
320,1576814400,63,40,-23,103,51,0.2508475823929402,-0.9578449736016335
320,1576828800,73,116,43,189,51,0.4520482474372776,-0.8036540455042495
320,1576843200,390,638,248,1028,51,1.0769897070446894,0.7006039623295308
320,1576857600,682,346,-336,1028,51,-0.7033313291052056,0.7006039623295308
320,1576872000,1080,448,-632,1528,51,-1.6056858268798098,1.5970628466166465
320,1576886400,265,197,-68,462,51,0.11366531077180103,-0.3141874946834843
320,1576900800,59,26,-33,85,51,0.22036263314379817,-0.9901174934359696
320,1576915200,24,46,22,70,51,0.38802985401407936,-1.017011259964583
320,1576929600,161,168,7,329,51,0.3423024301403663,-0.552645557903857
320,1576944000,355,327,-28,682,51,0.23560510776836918,0.08025441440284665
320,1576958400,366,259,-107,625,51,-0.005225991299852902,-0.021941898405884546
320,1576972800,184,190,6,374,51,0.3392539352154521,-0.4719642583180167
320,1576987200,57,40,-17,97,51,0.2691385519424254,-0.9686024802130788
320,1577001600,18,23,5,41,51,0.3362054402905379,-1.0690058752532359
320,1577016000,99,167,68,266,51,0.5282606205601327,-0.6655993773240336
320,1577030400,268,304,36,572,51,0.4307087829628782,-0.11696654014031882
320,1577044800,304,256,-48,560,51,0.1746352092700851,-0.1384815533632096
320,1577059200,132,135,3,267,51,0.33010845044070947,-0.6638064595554595
320,1577073600,19,16,-3,35,51,0.3118174808912243,-1.0797633818646812
320,1577088000,41,143,102,184,51,0.6319094480072156,-0.8126186343471207
320,1577102400,274,502,228,776,51,1.0160198085464052,0.24878868464882442
320,1577116800,461,348,-113,809,51,-0.023516960849338124,0.30795497101177405
320,1577131200,707,376,-331,1083,51,-0.6880888544806345,0.7992144396011135
320,1577145600,161,159,-2,320,52,-0.18023517013564197,-0.19940020624334834
320,1577160000,39,24,-15,63,52,-0.3001357524007172,-1.0661376777789175
320,1577174400,32,113,81,145,52,0.5852839320183,-0.7895910915302145
320,1577188800,180,337,157,517,52,1.2862411821833553,0.4649861046224381
320,1577203200,411,330,-81,741,52,-0.9088617854387916,1.2204304377896267
320,1577217600,335,245,-90,580,52,-0.9918698808530744,0.6774548233257099
320,1577232000,97,94,-3,191,52,-0.18945829184834007,-0.6344552016833811
320,1577246400,18,16,-2,34,52,-0.18023517013564197,-1.1639407387693124
320,1577260800,17,16,-1,33,52,-0.17101204842294387,-1.1673132581138088
320,1577275200,55,78,23,133,52,0.05034287268181043,-0.830061323664171
320,1577289600,165,206,41,371,52,0.21635906351037615,-0.02740171967403307
320,1577304000,165,156,-9,321,52,-0.24479702212452864,-0.19602768689885197
320,1577318400,90,116,26,206,52,0.07801223781990471,-0.5838674115159355
320,1577332800,15,13,-2,28,52,-0.18023517013564197,-1.1841758548362906
320,1577347200,30,134,104,164,52,0.7974157314103562,-0.7255132239847832
320,1577361600,163,442,279,605,52,2.4114620311325226,0.7617678069381194
320,1577376000,348,377,29,725,52,0.105681602957999,1.1664701282776846
320,1577390400,543,318,-225,861,52,-2.236991312067317,1.6251327591291922
320,1577404800,172,154,-18,326,52,-0.32780511753881153,-0.17916509017637008
320,1577419200,39,33,-6,72,52,-0.21712765698643435,-1.0357850036784502
320,1577433600,31,120,89,151,52,0.6590689057198847,-0.7693559754632362
320,1577448000,229,463,234,692,52,1.9964215540611088,1.0551769899093042
320,1577462400,417,422,5,839,52,-0.1156733181467553,1.5509373335502719
320,1577476800,587,394,-193,981,52,-1.9418514172609782,2.0298350804687573
