remote_unit_id,time_stamp,entries,exits,num_people_exited,sum_exit_entry,week_num,z_score_num_people_exited,z_score_sum_exit_entry
323,1546311600,100,251,151,351,1,1.0881311342510522,-0.24248436239981042
323,1546326000,54,103,49,157,1,0.23154278821439148,-0.6854804576539931
323,1546340400,186,141,-45,327,1,-0.5578621581331193,-0.2972880030498124
323,1546354800,270,282,12,552,1,-0.0791804353479266,0.21649612804395624
323,1546369200,326,332,6,658,1,-0.12956798511478898,0.4585455409147983
323,1546383600,162,280,118,442,1,0.8109996105333089,-0.03468722493521954
323,1546398000,36,111,75,147,1,0.4498888372041285,-0.7083153079248273
323,1546412400,155,103,-52,258,1,-0.6166476328611254,-0.4548484699185681
323,1546426800,710,520,-190,1230,1,-1.7755612774989604,1.7646989764065124
323,1546441200,370,344,-26,714,1,-0.3983015838713884,0.5864207024314696
323,1546455600,535,633,98,1168,1,0.6430411113104343,1.6231229047273408
323,1546470000,161,377,216,538,1,1.6339962567253947,0.1845273376647884
323,1546484400,42,144,102,186,1,0.6766328111550093,-0.619259391868574
323,1546498800,164,116,-48,280,1,-0.5830559330165506,-0.40461179932273295
323,1546513200,836,533,-303,1369,1,-2.724526798108202,2.0821033951711074
323,1546527600,361,329,-32,690,1,-0.44868913363825086,0.5316170617814676
323,1546542000,547,649,102,1196,1,0.6766328111550093,1.6870604854856763
323,1546556400,200,437,237,637,1,1.8103526809094133,0.4105923553460466
323,1546570800,37,126,89,163,1,0.5674597866601407,-0.6717795474914926
323,1546585200,161,117,-44,278,1,-0.5494642331719756,-0.4091787693768998
323,1546599600,716,534,-182,1250,1,-1.7083778778098104,1.8103686769481808
323,1546614000,379,321,-58,700,1,-0.6670351826279879,0.5544519120523018
323,1546628400,528,637,109,1165,1,0.7354182858830154,1.6162724496460905
323,1546642800,205,406,201,611,1,1.5080273823082389,0.3512217446418778
323,1546657200,48,109,61,157,1,0.3323178877481162,-0.6854804576539931
323,1546671600,0,12,12,12,1,-0.0791804353479266,-1.0165857865810886
323,1546686000,0,6,6,6,1,-0.12956798511478898,-1.0302866967435889
323,1546700400,0,12,12,12,1,-0.0791804353479266,-1.0165857865810886
323,1546714800,0,13,13,13,1,-0.07078251038678288,-1.0143023015540051
323,1546729200,0,14,14,14,1,-0.06238458542563914,-1.0120188165269217
323,1546743600,0,35,35,35,1,0.11397183875837923,-0.9640656309581699
323,1546758000,0,15,15,15,1,-0.053986660464495406,-1.0097353314998383
323,1546772400,0,6,6,6,1,-0.12956798511478898,-1.0302866967435889
323,1546786800,0,4,4,4,1,-0.14636383503707645,-1.0348536667977557
323,1546801200,0,6,6,6,1,-0.12956798511478898,-1.0302866967435889
323,1546815600,0,13,13,13,1,-0.07078251038678288,-1.0143023015540051
323,1546830000,0,13,13,13,1,-0.07078251038678288,-1.0143023015540051
323,1546844400,134,89,-45,223,1,-0.5578621581331193,-0.5347704458664877
323,1546858800,803,509,-294,1312,1,-2.6489454734579088,1.9519447486273527
323,1546873200,308,300,-8,608,1,-0.24713893457080124,0.3443712895606275
323,1546887600,447,626,179,1073,1,1.3232730331630767,1.406191827154416
323,1546902000,170,443,273,613,1,2.1126779795105874,0.3557887146960446
323,1546916400,48,113,65,161,2,0.40137042005626894,-1.1304163140196313
323,1546930800,185,121,-64,306,2,-0.36542257566476954,-0.7868573085111197
323,1546945200,950,524,-426,1474,2,-2.5171982690834978,1.9805697151712356
323,1546959600,352,304,-48,656,2,-0.27031646766836165,0.04242304961287373
323,1546974000,542,659,117,1201,2,0.7104652710445946,1.3337310358345207
323,1546988400,187,467,280,654,2,1.6793587462579997,0.03768430470930805
323,1547002800,51,112,61,163,2,0.377593893057167,-1.1256775691160656
323,1547017200,187,140,-47,327,2,-0.26437233591858617,-0.7371004870236801
323,1547031600,921,515,-406,1436,2,-2.398315634087988,1.8905335620034878
323,1547046000,331,328,-3,659,2,-0.0028305389284645206,0.04953116696822225
323,1547060400,532,620,88,1152,2,0.5380854503011052,1.2176317856971615
323,1547074800,196,452,256,648,2,1.536699584263388,0.02346806999861102
323,1547089200,57,105,48,162,2,0.3003201803100856,-1.1280469415678485
323,1547103600,195,130,-65,325,2,-0.371366707414545,-0.7418392319272458
323,1547118000,968,563,-405,1531,2,-2.3923715023382126,2.115623944922857
323,1547132400,329,327,-2,656,2,0.0031135928213109716,0.04242304961287373
323,1547146800,559,601,42,1160,2,0.26465538981143266,1.2365867653114242
323,1547161200,183,437,254,620,2,1.524811320763837,-0.04287435865130845
323,1547175600,54,142,88,196,2,0.5380854503011052,-1.047488278207232
323,1547190000,163,121,-42,284,2,-0.2346516771697087,-0.8389835024503421
323,1547204400,888,567,-321,1455,2,-1.8930644353570711,1.9355516385873617
323,1547218800,340,311,-29,651,2,-0.1573779644226273,0.030576187353959536
323,1547233200,560,623,63,1183,2,0.3894821565567179,1.2910823317024296
323,1547247600,194,431,237,625,2,1.4237610810176535,-0.03102749639239426
323,1547262000,62,167,105,229,2,0.6391356900472887,-0.9692989872983983
323,1547276400,67,50,-17,117,2,-0.08604838342532141,-1.2346687018980762
323,1547290800,306,198,-108,504,2,-0.6269643726548912,-0.3177215630581177
323,1547305200,331,284,-47,615,2,-0.26437233591858617,-0.05472122091022264
323,1547319600,331,355,24,686,2,0.15766101831547377,0.11350422316635889
323,1547334000,190,298,108,488,2,0.6569680852966151,-0.35563152228664313
323,1547348400,56,146,90,202,2,0.5499737138006562,-1.0332720434965348
323,1547362800,59,64,5,123,2,0.04472251506973942,-1.220452467187379
323,1547377200,239,163,-76,402,2,-0.4367521566620755,-0.5593975531399672
323,1547391600,289,270,-19,559,2,-0.09793664692487239,-0.18740607821006158
323,1547406000,300,325,25,625,2,0.16360515006524928,-0.03102749639239426
323,1547420400,146,276,130,422,2,0.787738983791676,-0.5120101041043105
323,1547434800,35,89,54,124,2,0.33598497080873857,-1.2180830947355963
323,1547449200,172,103,-69,275,2,-0.395143234413647,-0.8603078545163877
323,1547463600,842,508,-334,1350,2,-1.9703381481041524,1.6867675311501635
323,1547478000,347,306,-41,653,2,-0.2287075454199332,0.03531493225752522
323,1547492400,530,628,98,1158,2,0.5975267677988602,1.2318480204078586
323,1547506800,179,404,225,583,2,1.3524315000203477,-0.13054113936727346
323,1547521200,58,110,52,168,3,0.3463371007454378,-1.0397504685706653
323,1547535600,184,122,-62,306,3,-0.41538179607089476,-0.7025341003855847
323,1547550000,908,534,-374,1442,3,-2.5000861452524368,2.0733919449640648
323,1547564400,342,338,-4,680,3,-0.027840602953813326,0.211371129333402
323,1547578800,534,646,112,1180,3,0.7472417832803496,1.4331695647865927
323,1547593200,188,451,263,639,3,1.7561852343265443,0.11118365762624036
323,1547607600,49,107,58,156,3,0.38642756899892894,-1.0690736310215418
323,1547622000,191,123,-68,314,3,-0.45547226432438603,-0.6829853254183337
323,1547636400,954,580,-374,1534,3,-2.5000861452524368,2.298202857087452
323,1547650800,386,369,-17,755,3,-0.1147032841697109,0.39464089465138064
323,1547665200,542,639,97,1181,3,0.6470156126466217,1.4356131616574992
323,1547679600,211,440,229,651,3,1.5290059142234278,0.14050682007711693
323,1547694000,50,127,77,177,3,0.5133807184683177,-1.017758096732508
323,1547708400,175,116,-59,291,3,-0.3953365619441492,-0.7391880534491804
323,1547722800,947,547,-400,1494,3,-2.6738115076842317,2.2004589822511966
323,1547737200,356,298,-58,654,3,-0.388654817235234,0.14783761068983609
323,1547751600,555,701,146,1256,3,0.9744211033834664,1.6188829269754779
323,1547766000,207,456,249,663,3,1.6626408084017317,0.16982998252799353
323,1547780400,61,124,63,185,3,0.41983629254350496,-0.9982093217652569
323,1547794800,183,113,-70,296,3,-0.4688357537422164,-0.7269700690946485
323,1547809200,869,531,-338,1400,3,-2.2595433357314896,1.9707608763859967
323,1547823600,380,316,-64,696,3,-0.4287452854887252,0.2504686792679041
323,1547838000,543,620,77,1163,3,0.5133807184683177,1.3916284179811842
323,1547852400,233,347,114,580,3,0.76060527269818,-0.03298855775723615
323,1547866800,70,169,99,239,3,0.660379102064452,-0.8662550907363122
323,1547881200,77,59,-18,136,3,-0.1213850288786261,-1.1179455684396695
323,1547895600,299,196,-103,495,3,-0.6893333291364179,-0.2406942917842786
323,1547910000,340,346,6,686,3,0.038976844135338654,0.22603271055884028
323,1547924400,345,367,22,712,3,0.1458847594779818,0.2895662292024062
323,1547938800,211,324,113,535,3,0.7539235279892648,-0.14295041694802332
323,1547953200,54,127,73,181,3,0.48665373963265685,-1.0079837092488824
323,1547967600,58,52,-6,110,3,-0.04120409237164372,-1.1814790870832355
323,1547982000,205,160,-45,365,3,-0.3017921360193364,-0.5583618850021081
323,1547996400,289,242,-47,531,3,-0.3151556254371668,-0.15272480443164885
323,1548010800,260,317,57,577,3,0.37974582429001374,-0.040319348369955293
323,1548025200,146,243,97,389,3,0.6470156126466217,-0.499715560100355
323,1548039600,36,91,55,127,3,0.36638233487218336,-1.139937940277827
323,1548054000,82,55,-27,137,3,-0.18152073125886287,-1.115501971568763
323,1548068400,285,166,-119,451,3,-0.7962412444790611,-0.34821255410415936
323,1548082800,232,226,-6,458,3,-0.04120409237164372,-0.3311073760078147
323,1548097200,273,328,55,601,3,0.36638233487218336,0.01832697653179786
323,1548111600,92,244,152,336,3,1.0145115716369575,-0.6292261942583932
323,1548126000,34,80,46,114,4,0.3004318883772688,-1.3235930828197713
323,1548140400,146,83,-63,229,4,-0.36368070698300964,-1.0343322081978312
323,1548154800,835,517,-318,1352,4,-1.917338613559808,1.7903631152842436
323,1548169200,370,298,-72,668,4,-0.4185156919210143,0.06988973927200923
323,1548183600,577,609,32,1186,4,0.2151330229181505,1.3728213310473565
323,1548198000,193,418,225,611,4,1.3910388110331389,-0.07348304206234364
323,1548212400,43,115,72,158,4,0.45884406708706005,-1.2129193568774639
323,1548226800,196,113,-83,309,4,-0.4855362290674644,-0.8331072519390904
323,1548241200,888,511,-377,1399,4,-2.2768124037089494,1.908582777086254
323,1548255600,411,340,-71,751,4,-0.4124229158167915,0.2786606313904529
323,1548270000,541,610,69,1151,4,0.4405657387743918,1.2847854126841574
323,1548284400,179,487,308,666,4,1.8967392276836261,0.0648591153655407
323,1548298800,45,112,67,157,4,0.42838018656594634,-1.215434668830698
323,1548313200,185,104,-81,289,4,-0.47335067685901894,-0.8834134910037756
323,1548327600,831,523,-308,1354,4,-1.8564108525175806,1.7953937391907122
323,1548342000,339,307,-32,646,4,-0.17480464775210475,0.01455287630085549
323,1548356400,490,584,94,1074,4,0.5928851413799603,1.0911063922851192
323,1548370800,174,455,281,629,4,1.7322342728696123,-0.028207426904126948
323,1548385200,50,158,108,208,4,0.6781840068390786,-1.0871537592157507
323,1548399600,168,99,-69,267,4,-0.40023736360834605,-0.9387503539749295
323,1548414000,866,462,-404,1328,4,-2.4413173585229635,1.7299956284066214
323,1548428400,423,339,-84,762,4,-0.4916290051716871,0.30632906287602973
323,1548442800,555,601,46,1156,4,0.3004318883772688,1.2973619724503285
323,1548457200,226,420,194,646,4,1.202162751802234,0.01455287630085549
323,1548471600,68,177,109,245,4,0.6842767829433013,-0.9940872169460832
323,1548486000,68,74,6,142,4,0.0567208442083593,-1.253164348129212
323,1548500400,343,189,-154,532,4,-0.9181233324672788,-0.27219268636785027
323,1548514800,363,385,22,748,4,0.15420526187592312,0.2711146955307501
323,1548529200,378,384,6,762,4,0.0567208442083593,0.30632906287602973
323,1548543600,204,299,95,503,4,0.598977917484183,-0.3451367330116438
323,1548558000,64,182,118,246,4,0.739111767881306,-0.9915719049928489
323,1548572400,52,77,25,129,4,0.17248359018859133,-1.2858634035212575
323,1548586800,237,166,-71,403,4,-0.4124229158167915,-0.5966679283350699
323,1548601200,368,316,-52,684,4,-0.2966601698365595,0.1101347305237574
323,1548615600,316,347,31,663,4,0.20904024681392777,0.057313179505837926
323,1548630000,169,310,141,479,4,0.8792456182784288,-0.4055042198892661
323,1548644400,54,105,51,159,4,0.3308957688983825,-1.2104040449242295
323,1548658800,182,100,-82,282,4,-0.47944345296324165,-0.9010206746764154
323,1548673200,826,489,-337,1315,4,-2.03310135954004,1.6972965730145761
323,1548687600,352,342,-10,694,4,-0.04076357345920451,0.1352878500561
323,1548702000,508,660,152,1168,4,0.946266155424879,1.3275457158891397
323,1548716400,197,428,231,625,4,1.4275954676584752,-0.03826867471706399
323,1548730800,44,123,79,167,5,0.645265788330743,-1.1818651155020592
323,1548745200,192,119,-73,311,5,-0.1981774534185329,-0.8403169399211889
323,1548759600,963,543,-420,1506,5,-2.1236695908329986,1.99405854493395
323,1548774000,361,355,-6,716,5,0.1736034491946348,0.12028730390000877
323,1548788400,540,692,152,1232,5,1.0503405031182242,1.3441682663981274
323,1548802800,160,434,274,594,5,1.7273146839959326,-0.1690799004115619
323,1548817200,45,130,85,175,5,0.6785596005050566,-1.1628902168586777
323,1548831600,205,109,-96,314,5,-0.3258037334200681,-0.8332013529299208
323,1548846000,927,582,-345,1509,5,-1.7074969386540795,2.001174131925218
323,1548860400,363,335,-28,698,5,0.051526137888818546,0.07759378195239998
323,1548874800,603,615,12,1218,5,0.2734848857175754,1.3109621937722093
323,1548889200,174,385,211,559,5,1.3777296561656407,-0.25209508197635677
323,1548903600,42,100,58,142,5,0.5287374457206457,-1.241161673762627
323,1548918000,160,89,-71,249,5,-0.18707951602709505,-0.987372404407397
323,1548932400,778,404,-374,1182,5,-1.8684170308299282,1.2255751498769918
323,1548946800,351,267,-84,618,5,-0.25921610907144105,-0.11215520448141686
323,1548961200,627,544,-83,1171,5,-0.2536671403757221,1.199484664242342
323,1548975600,219,370,151,589,5,1.0447915344225054,-0.18093921206367547
323,1548990000,51,118,67,169,5,0.578678163982116,-1.177121390841214
323,1549004400,165,100,-65,265,5,-0.15378570385278154,-0.9494226071206336
323,1549018800,766,470,-296,1236,5,-1.4355974725638523,1.3536557157198181
323,1549033200,414,297,-117,711,5,-0.44233207603016544,0.10842799224789522
323,1549047600,746,579,-167,1325,5,-0.7197805108161115,1.5647514631274395
323,1549062000,265,384,119,649,5,0.8672245361594999,-0.03862747223831283
323,1549076400,66,138,72,204,5,0.6064230074607107,-1.094106209276419
323,1549090800,65,54,-11,119,5,0.1458586057160402,-1.2957145073623493
323,1549105200,340,217,-123,557,5,-0.475625888204479,-0.2568388066372022
323,1549119600,530,336,-194,866,5,-0.8696026656005224,0.47606665346341537
323,1549134000,614,391,-223,1005,5,-1.0305227577763711,0.8057555173921721
323,1549148400,223,337,114,560,5,0.8394796926809053,-0.24972321964593405
323,1549162800,82,147,65,229,5,0.5675802265906782,-1.0348096510158513
323,1549177200,50,65,15,115,5,0.29013179180473214,-1.3052019566840403
323,1549191600,319,192,-127,511,5,-0.49782176298735464,-0.36594447383664686
323,1549206000,358,303,-55,661,5,-0.09829601689559232,-0.010165124273240303
323,1549220400,371,429,58,800,5,0.5287374457206457,0.31952373965551645
323,1549234800,152,295,143,447,5,1.000399784856754,-0.5177436629837003
323,1549249200,42,122,80,164,5,0.650814757026462,-1.1889807024933274
323,1549263600,237,156,-81,393,5,-0.24256920298428428,-0.6458242288265267
323,1549278000,1029,434,-595,1463,5,-3.0947391125838095,1.8920684647257735
323,1549292400,354,323,-31,677,5,0.03487923180166178,0.027784673013523064
323,1549306800,565,630,65,1195,5,0.5675802265906782,1.256409360172487
323,1549321200,196,475,279,671,5,1.7550595274745273,0.013553499030986802
323,1549335600,50,109,59,159,6,0.4110399030084758,-1.1768110500743008
323,1549350000,172,120,-52,292,6,-0.2296381403969118,-0.8742814110796373
323,1549364400,794,483,-311,1277,6,-1.724553575009483,1.3662576446327204
323,1549378800,346,336,-10,682,6,0.012780578729451101,0.01283557544606782
323,1549393200,807,707,-100,1514,6,-0.5066881051127552,1.905351813367572
323,1549407600,228,449,221,677,6,1.346083533924447,0.0014622807470203191
323,1549422000,59,124,65,183,6,0.44567114859795626,-1.1222192355188727
323,1549436400,212,128,-84,340,6,-0.4143381168741407,-0.7650977819687812
323,1549450800,976,523,-453,1499,6,-2.544159720627186,1.8712319292704296
323,1549465200,363,331,-32,694,6,-0.11420065509864374,0.04013148272378182
323,1549479600,573,633,60,1206,6,0.41681177727338925,1.204756859906246
323,1549494000,177,484,307,661,6,1.8424647207069997,-0.03493226228993168
323,1549508400,42,128,86,170,6,0.5668805081611377,-1.1517898017363963
323,1549522800,200,105,-95,305,6,-0.47782873378818813,-0.8447108448621138
323,1549537200,972,568,-404,1540,6,-2.2613378816464293,1.964492945802619
323,1549551600,347,343,-4,690,6,0.04741182431893152,0.031032846964543823
323,1549566000,599,590,-9,1189,6,0.018552452994364504,1.1660876579294843
323,1549580400,185,494,309,679,6,1.8540084692368266,0.006011598626639319
323,1549594800,50,140,90,190,6,0.5899680052207913,-1.1062966229402063
323,1549609200,166,125,-41,291,6,-0.16614752348286435,-0.8765560700194468
323,1549623600,948,590,-358,1538,6,-1.995831665460413,1.959943627923
323,1549638000,377,339,-38,716,6,-0.14883190068812416,0.09017397939959082
323,1549652400,567,628,61,1195,6,0.42258365153830263,1.1797356115683415
323,1549666800,233,435,202,668,6,1.2364179228910925,-0.019009649711265182
323,1549681200,67,163,96,230,6,0.6245992508102717,-1.0153102653478263
323,1549695600,80,56,-24,136,6,-0.06802566097933653,-1.2291282056899193
323,1549710000,341,235,-106,576,6,-0.5413193507022356,-0.2282782721737392
323,1549724400,397,371,-26,768,6,-0.07956940950916333,0.20845624426968484
323,1549738800,396,390,-6,786,6,0.03586807578910471,0.24940010518625583
323,1549753200,238,347,109,585,6,0.699633616254146,-0.2078063417154537
323,1549767600,71,134,63,205,6,0.43412740006812944,-1.0721767388430639
323,1549782000,64,54,-10,118,6,0.012780578729451101,-1.2700720666064902
323,1549796400,255,148,-107,403,6,-0.547091224967149,-0.6217942687607827
323,1549810800,347,299,-48,646,6,-0.20655064333725817,-0.06905214638707419
323,1549825200,318,375,57,693,6,0.399496154478649,0.03785682378397232
323,1549839600,157,321,164,478,6,1.0170867008243831,-0.4511948482750702
323,1549854000,49,97,48,146,6,0.3475492860944284,-1.2063816162918244
323,1549868400,198,116,-82,314,6,-0.4027943683443139,-0.8242389144038282
323,1549882800,931,527,-404,1458,6,-2.2613378816464293,1.77797091273824
323,1549897200,338,297,-41,635,6,-0.16614752348286435,-0.09407339472497869
323,1549911600,585,655,70,1240,6,0.47453051992252326,1.282095263859769
323,1549926000,185,450,265,635,6,1.6000460015806368,-0.09407339472497869
323,1549940400,49,103,54,152,7,0.4127855487397039,-1.1863017758073848
323,1549954800,210,128,-82,338,7,-0.4464823282286594,-0.7217244010025277
323,1549969200,874,520,-354,1394,7,-2.165018082165386,1.9158761785347256
323,1549983600,321,336,15,657,7,0.16637784872671743,0.0750507740660176
323,1549998000,508,567,59,1075,7,0.4443762795105996,1.1191010034661804
323,1550012400,157,423,266,580,7,1.7522325334256819,-0.11727426819190712
323,1550026800,42,122,80,164,7,0.5770573487483616,-1.1563290419490069
323,1550041200,194,101,-93,295,7,-0.5159819359246299,-0.8291266973283817
323,1550055600,975,596,-379,1571,7,-2.3229717360198645,2.357974002945799
323,1550070000,367,320,-47,687,7,-0.2253472128323894,0.14998260871196228
323,1550084400,528,615,87,1143,7,0.6212843718276156,1.2889464953303216
323,1550098800,198,484,286,682,7,1.8785954565092648,0.13749396960430485
323,1550113200,44,112,68,156,7,0.5012395948982119,-1.1763108645212588
323,1550127600,170,136,-34,306,7,-0.14321131282806054,-0.8016516912915354
323,1550142000,994,552,-442,1546,7,-2.7210149437331506,2.295530807407512
323,1550156400,357,315,-42,672,7,-0.19375648206149368,0.11251669138898994
323,1550170800,604,613,9,1217,7,0.12846897180164257,1.4737783541236518
323,1550185200,214,446,232,660,7,1.5374155641835914,0.08254395753061207
323,1550199600,46,157,111,203,7,0.772919879527915,-1.0589176569092789
323,1550214000,193,115,-78,308,7,-0.42120974361194286,-0.7966562356484723
323,1550228400,905,549,-356,1454,7,-2.1776543744737444,2.065739847826615
323,1550242800,400,368,-32,768,7,-0.13057502051970227,0.35229856225601297
323,1550257200,574,582,8,1156,7,0.12215082564746343,1.321416957010231
323,1550271600,242,366,124,608,7,0.855055779532244,-0.04733788918902541
323,1550286000,75,168,93,243,7,0.6591932487526905,-0.9590085440480192
323,1550300400,75,71,-4,146,7,0.04633307179731371,-1.2012881427365736
323,1550314800,319,212,-107,531,7,-0.604435982083138,-0.2396629314469501
323,1550329200,373,320,-53,693,7,-0.26325608975746423,0.16496897564115123
323,1550343600,421,432,11,853,7,0.14110526411000085,0.5646054270861895
323,1550358000,219,344,125,563,7,0.8613739256864231,-0.15973564115794245
323,1550372400,95,166,71,261,7,0.5201940333607493,-0.9140494432604523
323,1550386800,55,70,15,125,7,0.16637784872671743,-1.253740426988735
323,1550401200,311,129,-182,440,7,-1.0782969436465735,-0.46695616320631567
323,1550415600,344,279,-65,623,7,-0.33907384360761395,-0.009871971866053058
323,1550430000,329,374,45,703,7,0.35592223335209167,0.18994625385646613
323,1550444400,158,311,153,469,7,1.0382820180034391,-0.39452205638190246
323,1550458800,51,120,69,171,7,0.507557741052391,-1.1388449471982864
323,1550473200,114,64,-50,178,7,-0.2443016512949268,-1.121360852447566
323,1550487600,407,229,-178,636,7,-1.053024359029857,0.022598489813856308
323,1550502000,345,276,-69,621,7,-0.3643464282243305,-0.014867427509116038
323,1550516400,387,408,21,795,7,0.2042867256517923,0.4197372134373632
323,1550530800,160,329,169,489,7,1.1393723564703053,-0.34456749995127267
323,1550545200,44,114,70,158,8,0.46180753321928575,-1.338111791274916
323,1550559600,165,104,-61,269,8,-0.3076269577406689,-1.0509346534390684
323,1550574000,714,473,-241,1187,8,-1.3648651895940418,1.3240978919060493
323,1550588400,349,331,-18,680,8,-0.055064491242363164,0.01239691098015098
323,1550602800,489,574,85,1063,8,0.5499107192070668,1.0032873955849224
323,1550617200,197,420,223,617,8,1.3604600302946526,-0.1505955186023571
323,1550631600,50,115,65,165,8,0.43243980455669206,-1.3200015213213039
323,1550646000,186,108,-78,294,8,-0.40747723519348744,-0.9862551178904541
323,1550660400,814,499,-315,1313,8,-1.7995075738004283,1.6500827510710656
323,1550674800,386,304,-82,690,8,-0.4309714181235624,0.038268725199596704
323,1550689200,457,550,93,1007,8,0.5968990850672168,0.8584052359560262
323,1550703600,148,415,267,563,8,1.618896042525477,-0.29030331538736404
323,1550718000,40,105,65,145,8,0.43243980455669206,-1.3717451497601953
323,1550732400,181,122,-59,303,8,-0.2958798662756314,-0.9629704850929529
323,1550746800,820,475,-345,1295,8,-1.9757139457759905,1.603513485476063
323,1550761200,370,320,-50,690,8,-0.24301795468296278,0.038268725199596704
323,1550775600,512,588,76,1100,8,0.4970488076143982,1.0990131081968715
323,1550790000,195,460,265,655,8,1.6071489510604395,-0.05228262456846334
323,1550804400,41,148,107,189,8,0.679128725322479,-1.2579091671946343
323,1550818800,158,115,-43,273,8,-0.2019031345553316,-1.04058592775129
323,1550833200,774,418,-356,1192,8,-2.0403229488336967,1.3370337990157721
323,1550847600,361,306,-55,667,8,-0.27238568334555646,-0.021236447505128465
323,1550862000,526,536,10,1062,8,0.10939478926816149,1.0007002141629777
323,1550876400,229,399,170,628,8,1.0491621064711596,-0.1221365229609668
323,1551495600,7015,9993,2978,17008,9,4.077336652941428,4.112995279763119
323,1551510000,80,59,-21,139,9,-0.2584679960043636,-0.3443863962111869
323,1551524400,375,196,-179,571,9,-0.4868965170225147,-0.23023683879694182
323,1551538800,412,297,-115,709,9,-0.39436850850883326,-0.1937723968451691
323,1551553200,431,343,-88,774,9,-0.35533325491712386,-0.17659711621571092
323,1551567600,266,316,50,582,9,-0.15581973655949827,-0.22733025284426428
323,1551582000,77,182,105,259,9,-0.07630347924305327,-0.312678185818341
323,1551596400,66,55,-11,121,9,-0.2440104946741009,-0.34914262777011373
323,1551610800,285,206,-79,491,9,-0.34232150371988745,-0.2513756457255057
323,1551625200,414,317,-97,731,9,-0.36834500611436033,-0.187959224939814
323,1551639600,342,379,37,721,9,-0.1746144882888398,-0.1906015758058845
323,1551654000,114,223,109,337,9,-0.07052047871094817,-0.2920678490629912
323,1551668400,44,94,50,138,9,-0.15581973655949827,-0.34465063129779394
323,1551682800,144,89,-55,233,9,-0.3076235005272569,-0.3195482980701243
323,1551697200,564,417,-147,981,9,-0.440632512765674,-0.12190045328805181
323,1551711600,326,280,-46,606,9,-0.29461174933002043,-0.2209886107656951
323,1551726000,429,553,124,982,9,-0.04883422671555409,-0.12163621820144477
323,1551740400,177,402,225,579,9,0.09718653672009944,-0.22812295810408542
323,1551754800,40,116,76,156,10,0.6397499148147072,-1.254493093119485
323,1551769200,183,123,-60,306,10,-0.1693327626647229,-0.898284010397068
323,1551783600,984,564,-420,1548,10,-2.3110222030514493,2.0511271945445464
323,1551798000,365,307,-58,672,10,-0.15743448799590776,-0.029133848554370016
323,1551812400,563,604,41,1167,10,0.43153010811044207,1.1463561244296065
323,1551826800,212,517,305,729,10,2.002102364394042,0.10622560288014851
323,1551841200,47,121,74,168,10,0.627851640145892,-1.2259963665016917
323,1551855600,197,113,-84,310,10,-0.31211205869050473,-0.8887851015244701
323,1551870000,964,548,-416,1512,10,-2.2872256537138194,1.9656370146911661
323,1551884400,402,331,-71,733,10,-0.23477327334320625,0.1157245117527463
323,1551898800,541,538,-3,1079,10,0.16976806539650882,0.9373801292324553
323,1551913200,185,442,257,627,10,1.7165437723424783,-0.13599657337109516
323,1551927600,43,114,71,157,10,0.6100042281426693,-1.2521183659013357
323,1551942000,199,98,-101,297,10,-0.4132473933754335,-0.9196565553604129
323,1551956400,920,604,-316,1524,10,-1.6923119202730619,1.9941337413089595
323,1551970800,396,312,-84,708,10,-0.31211205869050473,0.056356331299010104
323,1551985200,583,611,28,1194,10,0.3541913227631436,1.2104737593196417
323,1551999600,230,467,237,697,10,1.597561025654327,0.03023433189936618
323,1552014000,57,155,98,212,10,0.7706309361716738,-1.121508368903116
323,1552028400,172,117,-55,289,10,-0.13958707599268505,-0.9386543731056085
323,1552042800,945,528,-417,1473,10,-2.293174791048227,1.8730226531833376
323,1552057200,419,351,-68,770,10,-0.21692586133998354,0.20358941882427586
323,1552071600,610,593,-17,1203,10,0.08648014271480278,1.2318463042829868
323,1552086000,232,401,169,633,10,1.1930196869146117,-0.12174821006219848
323,1552100400,76,182,106,258,10,0.8182240348469344,-1.0122709168682413
323,1552114800,85,73,-12,158,10,0.11622582938684065,-1.2497436386831862
323,1552129200,409,238,-171,647,10,-0.8296870067839637,-0.0885020290081062
323,1552143600,469,349,-120,818,10,-0.5262810027291774,0.3175763252954494
323,1552158000,474,454,-20,928,10,0.06863273071158006,0.5787963192918886
323,1552172400,226,348,122,574,10,0.9134102321974557,-0.2618571159330159
323,1552190400,86,158,72,244,10,0.6159533654770769,-1.0455170979223336
323,1552204800,89,92,3,181,10,0.20546288940295424,-1.1951249126657488
323,1552219200,296,150,-146,446,10,-0.6809585734237743,-0.5658221998561452
323,1552233600,377,298,-79,675,10,-0.28236637201846687,-0.022009666899921673
323,1552248000,293,313,20,606,10,0.306598224087883,-0.18586584495223357
323,1552262400,148,270,122,418,10,0.9134102321974557,-0.6323145619643298
323,1552276800,33,66,33,99,10,0.3839370094351815,-1.3898525445540035
323,1552291200,452,277,-175,729,10,-0.853483556121594,0.10622560288014851
323,1552305600,721,434,-287,1155,10,-1.5197869375752424,1.1178593978118132
323,1552320000,438,351,-87,789,10,-0.32995947069372744,0.24870923596911537
323,1552334400,513,653,140,1166,10,1.020494704216792,1.1439813972114572
323,1552348800,146,334,188,480,11,1.2402006487035073,-0.5415530427373301
323,1552363200,27,96,69,123,11,0.5351019293063819,-1.4985414131325603
323,1552377600,501,225,-276,726,11,-1.5090918370130153,0.11788432173669403
323,1552392000,805,487,-318,1292,11,-1.757950208564942,1.6351263879655462
323,1552406400,414,449,35,863,11,0.33364515233577463,0.48513195967547984
323,1552420800,525,647,122,1172,11,0.8491374934076226,1.3134496248074856
323,1552435200,140,353,213,493,11,1.3883306317701303,-0.5067047267285402
323,1552449600,22,84,62,106,11,0.49362553404772747,-1.5441122879132854
323,1552464000,497,256,-241,753,11,-1.3017098607197433,0.19026159344725765
323,1552478400,813,458,-355,1271,11,-1.977182583503544,1.5788329544128856
323,1552492800,446,411,-35,857,11,-0.08111880025076973,0.4690481215175768
323,1552507200,542,683,141,1225,11,0.961716280538256,1.4555235285356292
323,1552521600,150,393,243,543,11,1.5660866114500778,-0.3726727420793483
323,1552536000,31,97,66,128,11,0.5173263313383871,-1.485138214667641
323,1552550400,516,293,-223,809,11,-1.1950562729117746,0.3403774162543526
323,1552564800,825,463,-362,1288,11,-2.0186589787621987,1.624403829193611
323,1552579200,425,370,-55,795,11,-0.1996227867040681,0.30284846055257886
323,1552593600,561,614,53,1175,11,0.4402987401437432,1.3214915438864372
323,1552608000,171,435,264,606,11,1.6905157972260412,-0.20379244142136652
323,1552622400,27,95,68,122,11,0.529176729983717,-1.501222052825544
323,1552636800,472,269,-203,741,11,-1.0765522864584762,0.1580939171314516
323,1552651200,730,415,-315,1145,11,-1.7401746105969473,1.241072353096922
323,1552665600,460,490,30,950,11,0.30401915572245003,0.7183476129650738
323,1552680000,560,601,41,1161,11,0.3691963482717642,1.2839625881846635
323,1552694400,174,369,195,543,11,1.2816770439621616,-0.3726727420793483
323,1552708800,39,119,80,158,11,0.600279121855696,-1.404719023878126
323,1552723200,136,92,-44,228,11,-0.134445594154754,-1.2170742453692573
323,1552737600,358,228,-130,586,11,-0.644012735903937,-0.25740523528104325
323,1552752000,379,374,-5,753,11,0.09663717942917786,0.19026159344725765
323,1552766400,354,362,8,716,11,0.1736647706238218,0.09107792480685564
323,1552780800,178,344,166,522,11,1.109846263604879,-0.4289661756320089
323,1552795200,38,93,55,131,11,0.45214913878907304,-1.4770962955886895
323,1552809600,106,69,-37,175,11,-0.09296919889609956,-1.3591481490974007
323,1552824000,320,173,-147,493,11,-0.7447411243892407,-0.5067047267285402
323,1552838400,381,305,-76,686,11,-0.3240519724800314,0.010658734017340512
323,1552852800,298,341,43,639,11,0.381046746917094,-0.11533133155289987
323,1552867200,134,241,107,375,11,0.7602595035676487,-0.8230202105006331
323,1552881600,28,54,26,82,11,0.28031835843179037,-1.6084476405448975
323,1552896000,444,265,-179,709,11,-0.9343475027145182,0.07231344695596878
323,1552910400,714,449,-265,1163,11,-1.4439146444637012,1.289323867570631
323,1552924800,411,368,-43,779,11,-0.12852039483208907,0.25995822546483743
323,1552939200,472,611,139,1083,11,0.9498658818929262,1.074872692131924
323,1552953600,134,347,213,481,12,0.6819016275219635,-0.684718738363381
323,1552968000,45,66,21,111,12,-0.148992105378779,-1.6323967927067138
323,1552982400,504,281,-223,785,12,-1.2049195576068061,0.09391404142141126
323,1552996800,757,417,-340,1174,12,-1.7112454260931962,1.0902566445012936
323,1553011200,439,404,-35,843,12,-0.3913361108081623,0.24246897966982556
323,1553025600,478,661,183,1139,12,0.5520744817562225,1.0006114231444918
323,1553040000,152,382,230,534,12,0.7554703434558835,-0.5489702603087955
323,1553054400,27,89,62,116,12,0.02843832716773374,-1.6195903325128849
323,1553068800,482,300,-182,782,12,-1.0274891250602933,0.08623016530511396
323,1553083200,789,402,-387,1191,12,-1.9146412877928571,1.1337986091603114
323,1553097600,476,393,-83,869,12,-0.5990595440333479,0.30906257267773546
323,1553112000,497,599,102,1096,12,0.20154118818872177,0.8904758654775639
323,1553126400,169,407,238,576,12,0.790090915660081,-0.44139599468063345
323,1553140800,25,80,55,105,12,-0.0018546735109391665,-1.6477645449393084
323,1553155200,443,256,-187,699,12,-1.0491269826879168,-0.12635707391244447
323,1553169600,760,409,-351,1169,12,-1.7588487128739678,1.0774501843074646
323,1553184000,424,400,-24,824,12,-0.3437328240273905,0.19380443093327604
323,1553198400,452,622,170,1074,12,0.4958160519244014,0.8341274406247171
323,1553212800,129,358,229,487,12,0.7511427719303587,-0.6693509861307865
323,1553227200,35,75,40,110,12,-0.06676824639380968,-1.6349580847454794
323,1553241600,391,279,-112,670,12,-0.7245591182735643,-0.20063454303665162
323,1553256000,712,405,-307,1117,12,-1.568435565750881,0.944262998291645
323,1553270400,464,431,-33,895,12,-0.38268096775711286,0.3756561656856453
323,1553284800,519,611,92,1130,12,0.15826547293347476,0.9775597947955998
323,1553299200,222,600,378,822,12,1.3959509292335393,0.18868184685574452
323,1553313600,50,218,168,268,12,0.48716090887335206,-1.2302739426204887
323,1553328000,159,123,-36,282,12,-0.395663682333687,-1.194415854077768
323,1553342400,338,200,-138,538,12,-0.8370759779372066,-0.5387250921537324
323,1553356800,403,674,271,1077,12,0.9329007760023962,0.8418113167410144
323,1553371200,391,714,323,1105,12,1.1579344953296806,0.9135274938264557
323,1553385600,193,561,368,754,12,1.3526752139782923,0.014513988219672567
323,1553400000,50,193,143,243,12,0.37897162073523455,-1.2943062435896329
323,1553414400,99,90,-9,189,12,-0.27881925114452005,-1.4326160136829842
323,1553428800,322,262,-60,584,12,-0.4995253989462798,-0.4209056583705073
323,1553443200,377,512,135,889,12,0.34435104853103693,0.36028841345305074
323,1553457600,314,617,303,931,12,1.0713830648191867,0.4678626790812128
323,1553472000,140,423,283,563,12,0.9848316343086926,-0.47469279118458835
323,1553486400,32,112,80,144,12,0.10633461462717836,-1.5478741554274436
323,1553500800,446,358,-88,804,12,-0.6206974016609714,0.14257859015796076
323,1553515200,783,583,-200,1366,12,-1.105385412519738,1.5820247159443201
323,1553529600,465,717,252,1182,12,0.8506769170174269,1.1107469808114196
323,1553544000,464,1248,784,1712,12,3.152944968596568,2.4682317613572744
323,1553558400,133,589,456,722,13,1.1996921691053872,-0.2757045255662935
323,1553572800,30,119,89,149,13,-0.11050019979006682,-1.4554885071236225
323,1553587200,550,413,-137,963,13,-0.9173216585649242,0.22050479302937193
323,1553601600,770,548,-222,1318,13,-1.2207722072191847,0.9514355320395844
323,1553616000,465,700,235,1165,13,0.41072074260431,0.6364146783253238
323,1553630400,508,1317,809,1825,13,2.459904447634257,1.9953281649358598
323,1553644800,155,687,532,842,13,1.4710126596668436,-0.028629346182559676
323,1553659200,30,130,100,160,13,-0.07123012878775077,-1.432839949013447
323,1553673600,520,339,-181,859,13,-1.0744019425741884,0.0063729708968026134
323,1553688000,834,590,-244,1424,13,-1.2993123492238168,1.1696852738285493
323,1553702400,492,785,293,1277,13,0.6177811169801583,0.8670181790834754
323,1553716800,519,1263,744,1782,13,2.2278540280751167,1.9067928923233552
323,1553731200,164,631,467,795,13,1.2389622401077032,-0.1254004581078554
323,1553745600,33,141,108,174,13,-0.04267007714970272,-1.404014511418678
323,1553760000,503,327,-176,830,13,-1.0565519103004084,-0.05333686412093306
323,1553774400,841,626,-215,1467,13,-1.1957821620358926,1.2582205464410539
323,1553788800,534,694,160,1228,13,0.14297025849760958,0.7661291475017841
323,1553803200,502,1250,748,1752,13,2.2421340538941408,1.8450240974774217
323,1553817600,154,711,557,865,13,1.5602628210357439,0.018726729865989306
323,1553832000,38,169,131,207,13,0.03944007130968541,-1.336068837088151
323,1553846400,469,348,-121,817,13,-0.860201555288828,-0.08010334188750422
323,1553860800,784,615,-169,1399,13,-1.0315618651171163,1.1182112781236049
323,1553875200,543,740,197,1283,13,0.2750604973235818,0.8793719380526621
323,1553889600,568,982,414,1550,13,1.049751898005635,1.4291142121814697
323,1553904000,178,413,235,591,13,0.41072074260431,-0.5454282630602029
323,1553918400,50,181,131,231,13,0.03944007130968541,-1.2866538012114044
323,1553932800,154,107,-47,261,13,-0.5960210776368836,-1.2248850063654708
323,1553947200,484,336,-148,820,13,-0.9565917295672403,-0.07392646240291087
323,1553961600,475,508,33,983,13,-0.31042056125640316,0.26168398959332756
323,1553976000,458,520,62,978,13,-0.206890374068479,0.25138919045233865
323,1553990400,204,348,144,552,13,0.08585015522151349,-0.6257276963599164
323,1554004800,36,180,144,216,13,0.08585015522151349,-1.317538198634371
323,1554019200,106,66,-40,172,13,-0.5710310324535917,-1.4081324310750736
323,1554033600,292,183,-109,475,13,-0.8173614778317561,-0.7842676031311456
323,1554048000,331,300,-31,631,13,-0.5389009743607875,-0.46306986993229166
323,1554062400,258,376,118,634,13,-0.006970012602142666,-0.45689299044769827
323,1554076800,127,265,138,392,13,0.06443011649297745,-0.9551612688715615
323,1554091200,38,74,36,112,13,-0.29971054189213514,-1.5316700207669405
323,1554105600,475,291,-184,766,13,-1.0851119619384564,-0.1851102931255911
323,1554120000,738,451,-287,1189,13,-1.452822626778325,0.6858297142020706
323,1554134400,434,388,-46,822,13,-0.5924510711821277,-0.06980854274651531
323,1554148800,478,792,314,1270,13,0.6927512525300344,0.852605460286091
323,1554163200,142,354,212,496,14,1.0160498107300568,-0.5890554097332162
323,1554177600,26,66,40,92,14,0.13690933489894766,-1.6149295955438714
323,1554192000,526,300,-226,826,14,-1.2226916335375353,0.24891112818142783
323,1554206400,752,447,-305,1199,14,-1.6264828985994984,1.1960672452788892
323,1554220800,429,446,17,875,14,0.01934985266571794,0.3733364625990568
323,1554235200,566,808,242,1374,14,1.1693882658168784,1.640443439627564
323,1554249600,122,383,261,505,14,1.2665026207051986,-0.5662017768809987
323,1554264000,35,112,77,147,14,0.3260267628393607,-1.4752685058914308
323,1554278400,493,289,-204,782,14,-1.110243433140533,0.13718225645947527
323,1554292800,821,408,-413,1229,14,-2.1785013369120554,1.2722460214529479
323,1554307200,460,443,-17,903,14,-0.15443372976601297,0.44443665369484475
323,1554321600,527,652,125,1179,14,0.5713682909782749,1.1452813944961835
323,1554336000,183,440,257,623,14,1.246057493360289,-0.2665652572630351
323,1554350400,32,77,45,109,14,0.16246574408008457,-1.5717616223785715
323,1554364800,503,270,-233,773,14,-1.258470606391127,0.1143286236072577
323,1554379200,833,460,-373,1293,14,-1.97405006346296,1.434760743957606
323,1554393600,454,398,-56,852,14,-0.35377372137888075,0.31493273419894524
323,1554408000,546,657,111,1203,14,0.49981034527109164,1.2062244154354302
323,1554422400,174,432,258,606,14,1.2511687751965164,-0.3097332304283349
323,1554436800,32,78,46,110,14,0.16757702591631193,-1.5692223298394363
323,1554451200,440,249,-191,689,14,-1.043796769269577,-0.09897194968010625
323,1554465600,772,426,-346,1198,14,-1.836045453884821,1.193527952739754
323,1554480000,484,469,-15,953,14,-0.14421116609355822,0.571401280651609
323,1554494400,483,720,237,1203,14,1.1438318566357415,1.2062244154354302
323,1554508800,181,395,214,576,14,1.0262723744025117,-0.3859120066023935
323,1554523200,50,136,86,186,14,0.37202829936540716,-1.3762360968651546
323,1554537600,145,86,-59,231,14,-0.36910756688756285,-1.261967932604067
323,1554552000,388,339,-49,727,14,-0.31799474852528914,-0.002478833192965411
323,1554566400,410,492,82,902,14,0.35158317202049766,0.4418973611557095
323,1554580800,403,532,129,935,14,0.5918134183231845,0.5256940149471739
323,1554595200,185,365,180,550,14,0.8524887919707808,-0.4519336126199109
323,1554609600,39,116,77,155,14,0.3260267628393607,-1.4549541655783484
323,1554624000,103,82,-21,185,14,-0.1748788571109225,-1.37877538940429
323,1554638400,308,208,-100,516,14,-0.5786701221728855,-0.5382695589505105
323,1554652800,369,359,-10,728,14,-0.11865475691242132,6.0459346169873994e-05
323,1554667200,318,403,85,721,14,0.36691701752917977,-0.017714588427777123
323,1554681600,133,319,186,452,14,0.8831564829881451,-0.7007842814551688
323,1554696000,24,98,74,122,14,0.31069291733067855,-1.538750819369813
323,1554710400,436,274,-162,710,14,-0.895569596018983,-0.045646806358265256
323,1554724800,738,458,-280,1196,14,-1.498700852693814,1.1884493676614833
323,1554739200,420,538,118,958,14,0.5355893181246834,0.5840977433472855
323,1554753600,525,981,456,1506,14,2.2632025787695373,1.9756300547934218
323,1554768000,153,384,231,537,15,0.941778772624607,-0.5095787543255884
323,1554782400,21,65,44,86,15,0.03557414846892155,-1.6822658470818188
323,1554796800,495,349,-146,844,15,-0.8851685177855182,0.28868053054395204
323,1554811200,788,468,-320,1256,15,-1.7283749595132682,1.3599600919975372
323,1554825600,406,394,-12,800,15,-0.23580263737449228,0.17427203368968566
323,1554840000,491,656,165,1147,15,0.6219418464520121,1.0765390429721955
323,1554854400,135,377,242,512,15,0.9950849269867061,-0.5745835820836943
323,1554868800,25,101,76,126,15,0.19064659752230087,-1.5782581226688495
323,1554883200,556,285,-271,841,15,-1.4909202719002812,0.2808799512129794
323,1554887998,477,231,-246,708,15,-1.3697699210773284,-0.06494573246014404
323,1554897600,374,254,-120,628,15,-0.7591721529296476,-0.27296118128608293
323,1554912000,520,510,-10,1030,15,-0.22611060930865606,0.77231644906426
323,1554926400,527,963,436,1490,15,1.9352116493728184,1.9684052798134086
323,1554940800,171,397,226,568,15,0.9175487024600165,-0.42897276790553707
323,1554955200,29,72,43,101,15,0.030728134436003446,-1.6432629504269554
323,1554969600,491,267,-224,758,15,-1.2631576123531303,0.06506392305606776
323,1554984000,831,445,-386,1276,15,-2.048211885685863,1.411963954204022
323,1554998400,449,461,12,910,15,-0.11949830058445778,0.4602932758253516
323,1555012800,526,661,135,1187,15,0.476561425464469,1.180546767385165
323,1555027200,166,391,225,557,15,0.9127026884270983,-0.4575748921191037
323,1555041600,27,85,58,112,15,0.103418344929775,-1.6146608262133888
323,1555056000,432,263,-169,695,15,-0.9966268405426346,-0.09874824289435911
323,1555059851,406,263,-143,669,15,-0.8706304756867639,-0.16635326376278925
323,1555070400,372,251,-121,623,15,-0.7640181669625656,-0.2859621468377041
323,1555084800,457,607,150,1064,15,0.5492516359582406,0.860723014815284
323,1555099200,546,1023,477,1569,15,2.133898224722461,2.173820535529023
323,1555113600,232,597,365,829,15,1.591144653035633,0.2496776338890885
323,1555128000,39,213,174,252,15,0.665555972748275,-1.2506337907679956
323,1555142400,161,111,-50,272,15,-0.41995117062538023,-1.198629928561511
323,1555156800,404,334,-70,738,15,-0.5168714512837423,0.013060060849583041
323,1555171200,466,712,246,1178,15,1.0144689831183786,1.157145029392247
323,1555185600,446,816,370,1262,15,1.6153747232002236,1.3755612506594828
323,1555200000,222,537,315,759,15,1.348843951389728,0.067664116166392
323,1555214400,51,229,178,280,15,0.6849400288799475,-1.177828383678917
323,1555228800,111,94,-17,205,15,-0.2600327075390828,-1.3728428669532347
323,1555243200,340,270,-70,610,15,-0.5168714512837423,-0.31976465727191916
323,1555257600,385,398,13,783,15,-0.11465228655153968,0.13006875081417366
323,1555272000,318,363,45,681,15,0.040420162501839656,-0.1351509464388984
323,1555286400,143,272,129,415,15,0.4474853412669604,-0.8268023137851452
323,1555300800,23,73,50,96,15,0.06465023266643018,-1.6562639159785766
323,1555315200,450,255,-195,705,15,-1.1226232053985052,-0.07274631179111675
323,1555329600,738,420,-318,1158,15,-1.718682931447432,1.1051411671857623
323,1555344000,424,383,-41,807,15,-0.3763370443291173,0.19247338546195533
323,1555358400,495,632,137,1127,15,0.48625345353030525,1.0245351807657108
323,1555372800,151,345,194,496,16,1.2816407031441448,-0.47570124946860615
323,1555387200,26,80,54,106,16,0.41042135811667985,-1.577820975960228
323,1555401600,523,294,-229,817,16,-1.3506863179031239,0.43142806387449806
323,1555416000,830,461,-369,1291,16,-2.2219056629305887,1.7709274237643153
323,1555430400,452,406,-46,858,16,-0.21187817404579504,0.5472919325569506
323,1555444800,518,690,172,1208,16,1.1447348060684002,1.5363737383827651
323,1555459200,173,417,244,590,16,1.5927904692253823,-0.2100621359039588
323,1555473600,33,92,59,125,16,0.4415363347248036,-1.5241279636439695
323,1555488000,481,302,-179,783,16,-1.0395365518218864,0.33534583130856177
323,1555502400,791,460,-331,1251,16,-1.9854318407088483,1.6578895030985081
323,1555516800,475,448,-27,923,16,-0.0936412629349248,0.7309785536388875
323,1555531200,535,685,150,1220,16,1.0078289089926558,1.5702851145825074
323,1555545600,171,337,166,508,16,1.1073968341386518,-0.44178987326886393
323,1555560000,28,61,33,89,16,0.2797384563625601,-1.625862092243196
323,1555574400,501,301,-200,802,16,-1.1702194535760062,0.3890388436248203
323,1555588800,784,386,-398,1170,16,-2.4023725272577066,1.428987713750248
323,1555603200,465,416,-49,881,16,-0.23054716001066927,0.6122887369397898
323,1555617600,552,639,87,1191,16,0.6157802037302965,1.488332622099797
323,1555632000,172,419,247,591,16,1.6114594551902564,-0.20723618788731363
323,1555646400,26,84,58,110,16,0.43531333940317885,-1.5665171838936474
323,1555660800,335,192,-143,527,16,-0.8155087202433956,-0.3880968609526054
323,1555675200,588,347,-241,935,16,-1.425362261762621,0.7648899298386298
323,1555689600,444,420,-24,864,16,-0.07497227697005054,0.5642476206568217
323,1555704000,434,521,87,955,16,0.6157802037302965,0.8214088901715335
323,1555718400,194,316,122,510,16,0.8335850399871628,-0.43613797723557357
323,1555732800,45,106,61,151,16,0.45398232536805305,-1.4506533152111947
323,1555747200,140,96,-44,236,16,-0.19943218340254554,-1.2104477337963542
323,1555761600,310,206,-104,516,16,-0.5728119027000305,-0.41918228913570243
323,1555776000,403,336,-67,739,16,-0.34256107579991474,0.21100411857617365
323,1555790400,373,426,53,799,16,0.4041983627950551,0.3805609995748847
323,1555804800,174,342,168,516,16,1.1198428247819012,-0.41918228913570243
323,1555819200,43,119,76,162,16,0.5473272551924243,-1.4195678870280977
323,1555833600,101,77,-24,178,16,-0.07497227697005054,-1.3743527187617748
323,1555848000,301,250,-51,551,16,-0.24299315065391877,-0.320274108553121
323,1555862400,372,463,91,835,16,0.6406721850167956,0.48229512817411135
323,1555876800,350,358,8,708,16,0.12416357332194142,0.12339973006017295
323,1555891200,149,290,141,439,16,0.951821951098033,-0.6367802864173816
323,1555905600,24,63,39,87,16,0.3170764282923086,-1.6315139882764866
323,1555920000,331,196,-135,527,16,-0.7657247576703977,-0.3880968609526054
323,1555934400,603,362,-241,965,16,-1.425362261762621,0.8496683703379854
323,1555948800,403,330,-73,733,16,-0.37989904772966326,0.19404843047630255
323,1555963200,398,561,163,959,16,1.0887278481737774,0.8327126822381142
323,1555977600,145,310,165,455,17,1.3534242407115267,-0.5072754159817248
323,1555992000,22,65,43,87,17,0.44923241443405615,-1.5691763255584654
323,1556006400,390,222,-168,612,17,-1.1145747605212408,-0.054236169232952235
323,1556020800,674,402,-272,1076,17,-1.8853612353807239,1.2846823689290252
323,1556035200,408,442,34,850,17,0.3825297387250624,0.6325367016346137
323,1556049600,562,730,168,1292,17,1.375658465947858,1.9079720332458077
323,1556064000,174,402,228,576,17,1.8203429706744827,-0.158117779952416
323,1556078400,23,101,78,124,17,0.7086317088579206,-1.4624091145412388
323,1556092800,439,238,-201,677,17,-1.3591512381208846,0.13332785012163512
323,1556107200,670,422,-248,1092,17,-1.7074874334900738,1.3308519736932314
323,1556121600,470,472,2,942,17,0.14536466953752922,0.8980119290287989
323,1556136000,741,566,-175,1307,17,-1.1664546194060137,1.951256037712251
323,1556150400,246,336,90,582,17,0.7975686098032455,-0.1408041781658387
323,1556164800,24,82,58,106,17,0.5604035406157123,-1.5143499199009707
323,1556179200,395,229,-166,624,17,-1.09975194369702,-0.01960896565979765
323,1556193600,663,410,-253,1073,17,-1.7445444755506259,1.2760255680357364
323,1556208000,467,401,-66,868,17,-0.3586111024859789,0.6844775069943456
323,1556222400,508,603,95,1111,17,0.8346256518637976,1.3856783793507261
323,1556236800,181,358,177,539,17,1.4423611416568516,-0.26488499096964263
323,1556251200,31,110,79,141,17,0.716043117270031,-1.4133539094792698
323,1556265600,364,211,-153,575,17,-1.0034036343395847,-0.16100338025017888
323,1556266368,54,26,-28,80,17,-0.07697758282578315,-1.5893755276428057
323,1556280000,608,359,-249,967,17,-1.7148988419021842,0.970151936472871
323,1556294400,397,376,-21,773,17,-0.025097723941010265,0.4103454787068718
323,1556308800,447,611,164,1058,17,1.3460128322994163,1.2327415635692933
323,1556323200,159,322,163,481,17,1.3386014238873059,-0.43224980823988984
323,1556337600,34,119,85,153,17,0.7605115677426935,-1.3787267059061152
323,1556352000,181,96,-85,277,17,-0.4994278623160767,-1.0209122689835177
323,1556366400,387,271,-116,658,17,-0.7291815230914995,0.07850144446414035
323,1556380800,431,402,-29,833,17,-0.08438899123789356,0.5834814965726448
323,1556395200,404,360,-44,764,17,-0.19556011741954976,0.3843750760270059
323,1556409600,208,271,63,479,17,0.5974605826762643,-0.4380210088354156
323,1556424000,47,132,85,179,17,0.7605115677426935,-1.3037010981642803
323,1556438400,100,89,-11,189,17,0.049016360180093865,-1.2748450951866515
323,1556452800,315,180,-135,495,17,-0.8699982829215973,-0.3918514040712095
323,1556467200,326,313,-13,639,17,0.03419354335587304,0.023675038806645586
323,1556481600,270,365,95,635,17,0.8346256518637976,0.012132637615594057
323,1556496000,140,288,148,428,17,1.2274302977056495,-0.5851866240213226
323,1556510400,19,75,56,94,17,0.5455807237914915,-1.5489771234741252
323,1556524800,463,260,-203,723,17,-1.3739740549451054,0.2660654638187277
323,1556527007,239,124,-115,363,17,-0.7217701146793891,-0.7727506433759099
323,1556539200,484,359,-125,843,17,-0.7958841988004932,0.6123374995502736
323,1556553600,417,382,-35,799,17,-0.12885744171055605,0.48537108644870675
323,1556568000,538,598,60,1136,17,0.5752263574399331,1.457818386794798
323,1556582400,148,328,180,476,18,1.2367315551165574,-0.49372452464513683
323,1556596800,30,75,45,105,18,0.39369472866535826,-1.4639141361035364
323,1556611200,524,264,-260,788,18,-1.5109440273910542,0.3221761728616573
323,1556625600,780,524,-256,1304,18,-1.4859651584591669,1.671550403353663
323,1556640000,435,470,35,905,18,0.33124755633563985,0.6281389344267051
323,1556654400,537,801,264,1338,18,1.761287802686192,1.7604626588511982
323,1556668800,171,393,222,564,18,1.4990096789013747,-0.2635986868868103
323,1556683200,28,92,64,120,18,0.5123443560918234,-1.4246881410310943
323,1556697600,557,296,-261,853,18,-1.517188744624026,0.4921554848422394
323,1556712000,741,468,-273,1209,18,-1.5921253514196883,1.4231191012281967
323,1556726400,432,468,36,900,18,0.33749227356861167,0.6150636027358911
323,1556740800,557,838,281,1395,18,1.8674479956467134,1.909521440126478
323,1556755200,164,432,268,596,18,1.7862666716180795,-0.17991656406560064
323,1556769600,37,73,36,110,18,0.33749227356861167,-1.4508388044127223
323,1556784000,500,239,-261,739,18,-1.517188744624026,0.19403792229168002
323,1556790117,519,257,-262,776,18,-1.5234334618569978,0.29079537680370365
323,1556790400,16,4,-12,20,18,0.03774584638596315,-1.6861947748473745
323,1556798400,266,176,-90,442,18,-0.44934209778584067,-0.5826367801426721
323,1556812800,559,392,-167,951,18,-0.9301853247246726,0.748431985982194
323,1556827200,760,553,-207,1313,18,-1.1799740140435464,1.6950860003971282
323,1556841600,229,357,128,586,18,0.9120062590020214,-0.20606722744722866
323,1556856000,47,89,42,136,18,0.37496057696644275,-1.3828470796204895
323,1556870400,444,289,-155,733,18,-0.8552487179290106,0.1783475242627032
323,1556878314,638,379,-259,1017,18,-1.5046993101580823,0.9210263643009389
323,1556884800,175,117,-58,292,18,-0.2495111463307417,-0.9748967308670924
323,1556899200,456,415,-41,871,18,-0.14335095337022033,0.5392266789291699
323,1556913600,539,599,60,1138,18,0.487365487159936,1.237449391218638
323,1556928000,193,367,174,560,18,1.1992632517187263,-0.2740589522394615
323,1556942400,43,110,67,153,18,0.531078507790739,-1.3383909518717219
323,1556956800,162,130,-32,292,18,-0.08714849827347373,-0.9748967308670924
323,1556971200,389,258,-131,647,18,-0.7053755043376863,-0.04654818081929775
323,1556985600,412,425,13,837,18,0.19386377721025927,0.4503144234316346
323,1557000000,387,459,72,846,18,0.5623020939555982,0.4738500204750998
323,1557014400,221,379,158,600,18,1.0993477759911767,-0.16945629871294943
323,1557028800,45,125,80,170,18,0.6122598318193728,-1.2939348241229542
323,1557043200,101,72,-29,173,18,-0.06841434657455821,-1.2860896251084657
323,1557057600,299,158,-141,457,18,-0.7678226766674048,-0.5434107850702301
323,1557072000,326,274,-52,600,18,-0.21204284293291062,-0.16945629871294943
323,1557086400,250,334,84,584,18,0.6372387007512602,-0.21129736012355427
323,1557100800,130,250,120,380,18,0.8620485211382467,-0.7447708931087658
323,1557115200,33,68,35,101,18,0.33124755633563985,-1.4743744014561875
323,1557129600,432,236,-196,668,18,-1.1112821244808562,0.008368212282121085
323,1557144000,689,461,-228,1150,18,-1.3111130759359553,1.2688301872765915
323,1557158400,441,398,-43,839,18,-0.15584038783616402,0.4555445561079602
323,1557172800,522,660,138,1182,18,0.9744534313317399,1.3525123100978012
323,1557187200,177,393,216,570,19,0.6503537317075944,-0.4644735546126778
323,1557201600,31,72,41,103,19,-0.05535705382629466,-1.4716498526478512
323,1557216000,493,292,-201,785,19,-1.0312542543931582,-0.0007842525193966923
323,1557226588,686,403,-283,1089,19,-1.3619301653290377,0.6548508536962194
323,1557227171,21,17,-4,38,19,-0.23682554153500895,-1.611834990490006
323,1557230400,95,64,-31,159,19,-0.3457066341602375,-1.350874964660764
323,1557244800,435,461,26,896,19,-0.11584654972919943,0.23860882902643682
323,1557259200,505,685,180,1190,19,0.5051789415406229,0.8726769909586445
323,1557273600,160,431,271,591,19,0.8721485500182451,-0.4191829716175201
323,1557288000,30,63,33,93,19,-0.08761811830784387,-1.4932167969312597
323,1557302400,518,287,-231,805,19,-1.152233246198968,0.042349636047420154
323,1557316800,747,454,-293,1201,19,-1.4022564959309742,0.8964006296703938
323,1557331200,560,377,-183,937,19,-0.9586668593096725,0.32703330058841135
323,1557345600,780,605,-175,1385,19,-0.9264057948281232,1.2932324044851087
323,1557360000,239,383,144,622,19,0.36000415137365144,-0.352325444338954
323,1557374400,41,90,49,131,19,-0.023095989344745455,-1.4112624086543077
323,1557388800,494,249,-245,743,19,-1.208690109041679,-0.09136541850971207
323,1557403200,785,428,-357,1213,19,-1.660345011783368,0.9222809628104839
323,1557417600,593,360,-233,953,19,-1.1602985123193552,0.36154041144186483
323,1557432000,729,604,-125,1333,19,-0.7247741418184407,1.181084294211385
323,1557446400,215,392,177,607,19,0.4930810423600419,-0.3846758607640666
323,1557460800,48,88,40,136,19,-0.05938968688648832,-1.4004789365126034
323,1557475200,490,283,-207,773,19,-1.0554500527543202,-0.026664585659486803
323,1557489600,752,535,-217,1287,19,-1.0957763833562568,1.0818763505077063
323,1557504000,510,896,386,1406,19,1.335901351940515,1.3385229874802664
323,1557518400,525,1188,663,1713,19,2.4529407096141562,2.000628176980905
323,1557532800,225,673,448,898,19,1.5859246016725213,0.2429222178831185
323,1557547200,45,250,205,295,19,0.6059947680454641,-1.0575645224064094
323,1557561600,145,117,-28,262,19,-0.33360873497965654,-1.1287354385416573
323,1557576000,432,363,-69,795,19,-0.49894669044759626,0.02078269176401173
323,1557590400,636,778,142,1414,19,0.3519388852532641,1.3557765429069932
323,1557604800,511,790,279,1301,19,0.9044096144997943,1.112070072504478
323,1557619200,214,588,374,802,19,1.287509755218191,0.035879552762397626
323,1557633600,46,229,183,275,19,0.5172768407212038,-1.1006984109732263
323,1557648000,91,91,0,182,19,-0.22069500929423436,-1.3012709928089248
323,1557662400,257,219,-38,476,19,-0.37393506558159306,-0.6672028308767171
323,1557676800,300,354,54,654,19,-0.002932824043777198,-0.28331122263204706
323,1557691200,256,501,245,757,19,0.7673000904532102,-0.06117169651294028
323,1557705600,116,391,275,507,19,0.8882790822590197,-0.6003453035981509
323,1557720000,27,104,77,131,19,0.08981773634067677,-1.4112624086543077
323,1557734400,455,365,-90,820,19,-0.5836319847116629,0.0747000524725328
323,1557748800,757,628,-129,1385,19,-0.7409046740592153,1.2932324044851087
323,1557763200,451,711,260,1162,19,0.827789586356115,0.8122895469651009
323,1557777600,451,1230,779,1681,19,2.9207261445966197,1.9316139552739982
323,1557792000,133,594,461,727,20,0.7567246560049541,-0.5244597328790519
323,1557806400,35,98,63,133,20,-0.579151291801447,-1.6205660758351204
323,1557820800,485,367,-118,852,20,-1.1866727655525993,-0.29379762367112505
323,1557835200,843,647,-196,1490,20,-1.4484775995448085,0.8835017817261337
323,1557849600,447,690,243,1137,20,0.025013709719035902,0.23211198532294822
323,1557864000,517,1286,769,1803,20,1.7905181030511137,1.4610797031827825
323,1557878400,139,585,446,724,20,0.7063775725449138,-0.5299956235000421
323,1557892800,34,128,94,162,20,-0.4751006526506972,-1.5670524664988814
323,1557907200,530,445,-85,975,20,-1.0759091819405107,-0.06682610821052501
323,1557921600,822,723,-99,1545,20,-1.1228997931698816,0.9849931097776216
323,1557936000,499,812,313,1311,20,0.25996676586589035,0.5531936413403824
323,1557950400,560,1384,824,1944,20,1.975124075737928,1.7212665623693242
323,1557964800,203,683,480,886,20,0.8204976283876717,-0.23105752996656895
323,1557979200,42,163,121,205,20,-0.38447590242262475,-1.4877047009313544
323,1557993600,524,364,-160,888,20,-1.327644599240712,-0.22736693621924212
323,1558008000,826,740,-86,1566,20,-1.07926565417118,1.0237443441245533
323,1558022400,480,797,317,1277,20,0.2733926547885678,0.4904535476358263
323,1558036800,575,1379,804,1954,20,1.907994631124541,1.7397195311059581
323,1558051200,192,721,529,913,20,0.9849647676904699,-0.18123451437765672
323,1558065600,39,172,133,211,20,-0.34419823565459257,-1.476632919689374
323,1558080000,502,417,-85,919,20,-1.0759091819405107,-0.17016273313567626
323,1558094400,764,684,-80,1448,20,-1.059126820787164,0.8059993130322702
323,1558108800,501,807,306,1308,20,0.23647146025120494,0.5476577507193922
323,1558123200,591,1313,722,1904,20,1.6327639082096543,1.6474546874227876
323,1558137600,228,661,433,889,20,0.6627434335462123,-0.2255216393455787
323,1558152000,47,202,155,249,20,-0.27035584657986683,-1.4065116384901644
323,1558166400,184,134,-50,318,20,-0.9584326538670835,-1.2791861542073886
323,1558180800,438,430,-8,868,20,-0.8174608201789708,-0.2642728736925104
323,1558195200,486,1003,517,1489,20,0.9446871009224377,0.8816564848524703
323,1558209600,546,998,452,1544,20,0.72651640592893,0.9831478129039581
323,1558224000,221,665,444,886,20,0.6996646280835752,-0.23105752996656895
323,1558238400,45,211,166,256,20,-0.23343465204250402,-1.3935945603745203
323,1558252800,104,116,12,220,20,-0.7503313755655838,-1.4600252478264033
323,1558267200,391,385,-6,776,20,-0.8107478757176322,-0.4340401860695446
323,1558281600,485,710,225,1195,20,-0.035402790433012386,0.3391392039954263
323,1558296000,400,735,335,1135,20,0.3338091549406161,0.22842139157562139
323,1558310400,164,512,348,676,20,0.3774432939393176,-0.6185698734358861
323,1558324800,38,121,83,159,20,-0.51202184718806,-1.5725883571198715
323,1558339200,468,390,-78,858,20,-1.0524138763258253,-0.28272584242914456
323,1558353600,813,681,-132,1494,20,-1.2336633767819702,0.8908829692207874
323,1558368000,463,838,375,1301,20,0.46806804416739006,0.5347406726037482
323,1558382400,485,1391,906,1876,20,2.2503547986528147,1.595786374960212
323,1558396800,174,655,481,829,21,0.969668735505868,-0.15232286964609335
323,1558411200,34,123,89,157,21,-0.45383782368883646,-1.3995409354689363
323,1558425600,501,343,-158,844,21,-1.3507922117528466,-0.12448318067683346
323,1558440000,821,706,-115,1527,21,-1.1946422575554683,1.1431506570568
323,1558454400,482,733,251,1215,21,0.13444805026407708,0.5640851264961944
323,1558468800,559,1437,878,1996,21,2.411332266118872,2.013604932162326
323,1558483200,200,657,457,857,21,0.8825152726980289,-0.10035545023680822
323,1558497600,27,128,101,155,21,-0.410261092284917,-1.4032528939981708
323,1558512000,536,384,-152,920,21,-1.3290038460508868,0.016571243434083296
323,1558526400,852,753,-99,1605,21,-1.136539949016909,1.2879170396969515
323,1558540800,511,788,277,1299,21,0.22886430163923605,0.7199873847240498
323,1558555200,559,1420,861,1979,21,2.3495985632966527,1.9820532846638315
323,1558569600,212,699,487,911,21,0.9914571012078277,-0.000132569947472636
323,1558584000,33,133,100,166,21,-0.4138924865685769,-1.3828371220873803
323,1558598400,465,385,-80,850,21,-1.0675434576273697,-0.1133473050891295
323,1558612800,767,622,-145,1389,21,-1.3035840860652672,0.8870255185396091
323,1558627200,500,794,294,1294,21,0.29059800446145534,0.7107074884009631
323,1558641600,536,1332,796,1868,21,2.1135579348587554,1.776039586291308
323,1558656000,185,660,475,845,21,0.9478803698039081,-0.12262720141221613
323,1558670400,36,141,105,177,21,-0.3957355151502771,-1.3624213501765896
323,1558684800,479,388,-91,867,21,-1.1074887947476293,-0.08179565759063497
323,1558699200,747,702,-45,1449,21,-0.9404446576992711,0.9983842744166486
323,1558713600,542,1059,517,1601,21,1.1003989297176264,1.2804931226384821
323,1558728000,547,1139,592,1686,21,1.3727535009921235,1.4382513601309548
323,1558742400,240,657,417,897,21,0.7372595013516304,-0.026116279652115194
323,1558756800,51,203,152,254,21,-0.22505998381825898,-1.2195109468010557
323,1558771200,143,93,-50,236,21,-0.958601629117571,-1.2529185735641675
323,1558785600,326,341,15,667,21,-0.7225610006796735,-0.4529915105141001
323,1558800000,446,618,172,1064,21,-0.15243209814505979,0.28383225753897817
323,1558814400,379,755,376,1134,21,0.5883723357215721,0.413750806062191
323,1558828800,166,502,336,668,21,0.4431165643751737,-0.4511355312494828
323,1558843200,43,139,96,182,21,-0.4284180637032167,-1.3531414538535032
323,1558857600,88,68,-20,156,21,-0.8496598006077721,-1.4013969147335534
323,1558872000,329,248,-81,577,21,-1.0711748519110298,-0.6200296443296595
323,1558886400,426,632,206,1058,21,-0.02896469250062113,0.27269638195127427
323,1558900800,345,721,376,1066,21,0.5883723357215721,0.28754421606821284
323,1558915200,146,356,210,502,21,-0.01443911536598129,-0.7592280891759589
323,1558929600,32,130,98,162,21,-0.42115527513589684,-1.3902610391458496
323,1558944000,121,108,-13,229,21,-0.8242400406221524,-1.2659104284164888
323,1558958400,256,266,10,522,21,-0.7407179720979733,-0.7221085038836124
323,1558972800,389,774,385,1163,21,0.6210548842745117,0.46757420473609346
323,1558987200,408,834,426,1242,21,0.7699420499045702,0.6141965666408622
323,1559001600,161,427,266,588,22,0.8531260414345763,-0.45845870652825294
323,1559016000,23,125,102,148,22,0.07304743086755633,-1.4840387690681531
323,1559030400,441,409,-32,850,22,-0.5643338728884234,0.1522276034386877
323,1559044800,643,660,17,1303,22,-0.33126160509705765,1.208108895099085
323,1559059200,469,725,256,1194,22,0.8055602724975629,0.9540447432426097
323,1559073600,495,1250,755,1745,22,3.1790921424545324,2.238350685195985
323,1559088000,149,613,464,762,22,1.794928266387442,-0.052888409069292375
323,1559102400,32,112,80,144,22,-0.03159726079387318,-1.4933622241821523
323,1559116800,515,409,-106,924,22,-0.9163205630223227,0.3247115230476709
323,1559131200,748,666,-82,1414,22,-0.8021627175734904,1.4668347745125598
323,1559145600,455,702,247,1157,22,0.7627510804542508,0.8678027834381181
323,1559160000,465,1124,659,1589,22,2.7224607606592035,1.8747359357500202
323,1559174400,158,380,222,538,22,0.6438366581117173,-0.5750018954532415
323,1559188800,34,84,50,118,22,-0.1742945676049134,-1.5539646824231463
323,1559203200,494,340,-154,834,22,-1.144636253919987,0.1149337829826913
323,1559217600,794,517,-277,1311,22,-1.7296952118452518,1.226755805327083
323,1559232000,431,463,32,894,22,-0.25991295169153755,0.2547856096926777
323,1559246400,478,860,382,1338,22,1.404888961103932,1.2896891273465771
323,1559260800,155,363,208,518,22,0.5772445815998984,-0.621619171023237
323,1559275200,31,88,57,119,22,-0.14099852934900403,-1.5516338186446466
323,1559289600,449,300,-149,749,22,-1.1208533694514804,-0.08318963818978943
323,1559304000,684,500,-184,1184,22,-1.2873335607310272,0.930736105457612
323,1559318400,480,543,63,1023,22,-0.11245906798679597,0.5554670371191485
323,1559332800,539,699,160,1238,22,0.3489288907022341,1.0566027494965997
323,1559347200,244,379,135,623,22,0.2300144683597006,-0.3768784742807609
323,1559361600,61,135,74,196,22,-0.06013672215608122,-1.372157307700164
323,1559376000,162,133,-29,295,22,-0.5500641422073194,-1.1414017936286864
323,1559390400,373,291,-82,664,22,-0.8021627175734904,-0.28131305936227013
323,1559404800,418,502,84,920,22,-0.012570953219067812,0.3153880679336718
323,1559419200,386,484,98,870,22,0.05402112329275097,0.19884487900868314
323,1559433600,195,443,248,638,22,0.7675076573479521,-0.3419155176032643
323,1559448000,51,154,103,205,22,0.07780400776125768,-1.351179533693666
323,1559462400,107,82,-25,189,22,-0.531037834632514,-1.3884733541496626
323,1559476800,306,219,-87,525,22,-0.8259456020419972,-0.6053031245737387
323,1559491200,390,489,99,879,22,0.05877770018645231,0.2198226530151811
323,1559505600,340,434,94,774,22,0.034994815717945604,-0.024918043727295093
323,1559520000,170,310,140,480,22,0.2537973528282073,-0.7101919946062284
323,1559534400,31,88,57,119,22,-0.14099852934900403,-1.5516338186446466
323,1559548800,442,281,-161,723,22,-1.1779322921758963,-0.14379209643078353
323,1559563200,696,424,-272,1120,22,-1.7059123273767451,0.7815608236336264
323,1559577600,430,424,-6,854,22,-0.44066287365218854,0.16155105855268675
323,1559592000,534,667,133,1201,22,0.2205013145722979,0.9703607896921081
323,1559606400,184,353,169,537,23,0.6939473758563989,-0.5257048239157476
323,1559620800,37,103,66,140,23,0.13366063678309137,-1.5425960343532392
323,1559635200,423,244,-179,667,23,-1.199060247420407,-0.19271777767677048
323,1559649600,671,460,-211,1131,23,-1.373129913928619,0.9957898335146554
323,1559664000,414,495,81,909,23,0.21525579295881575,0.4271504160911715
323,1559678400,491,944,453,1435,23,2.2388156661167806,1.7744672339504173
323,1559692800,182,482,300,664,23,1.4065450731243918,-0.20040209412843918
323,1559707200,28,98,70,126,23,0.15541934509661787,-1.5784561777943598
323,1559721600,468,298,-170,766,23,-1.1501031537149724,0.060864665228296685
323,1559736000,767,540,-227,1307,23,-1.460164747182725,1.446603065345886
323,1559750400,468,541,73,1009,23,0.17173837633176275,0.6832942978134615
323,1559764800,543,800,257,1343,23,1.1726389587539818,1.5388148627659104
323,1559779200,161,375,214,536,23,0.938732844383572,-0.5282662627329705
323,1559793600,38,81,43,119,23,0.008548063980313972,-1.59638624951492
323,1559808000,394,292,-102,686,23,-0.7802051123850219,-0.14405044014953536
323,1559822400,677,444,-233,1121,23,-1.4928028096530148,0.9701754453424264
323,1559836800,451,457,6,908,23,-0.19271998791980618,0.42458897727394856
323,1559851200,558,732,174,1290,23,0.7211457612483069,1.4030586054530967
323,1559865600,197,393,196,590,23,0.8408186569727026,-0.3899485666029338
323,1559880000,40,104,64,144,23,0.12278128262632812,-1.5323502790843475
323,1559894400,452,296,-156,748,23,-1.0739476746176297,0.01475876651828447
323,1559908800,711,421,-290,1132,23,-1.8028644031207677,0.9983512723318783
323,1559923200,460,500,40,960,23,-0.007770967254830906,0.5577837957695394
323,1559937600,536,892,356,1428,23,1.711166989513763,1.756537162229857
323,1559952000,207,419,212,626,23,0.9278534902268087,-0.2977367691829094
323,1559966400,45,170,125,215,23,0.4546015844076073,-1.3504881230615216
323,1559980800,161,108,-53,269,23,-0.5136609355443221,-1.212170426931485
323,1559995200,378,372,-6,750,23,-0.2579961128603857,0.019881644152730273
323,1560009600,444,443,-1,887,23,-0.23079772746847757,0.37079876211226764
323,1560024000,454,387,-67,841,23,-0.5898164146416649,0.2529725765200142
323,1560038400,234,365,131,599,23,0.48723964687789706,-0.36689561724792774
323,1560052800,47,150,103,197,23,0.3349286886832115,-1.3965940217715338
323,1560067200,103,95,-8,198,23,-0.26887546701714893,-1.394032582954311
323,1560081600,321,212,-109,533,23,-0.8182828519336932,-0.5359505791846392
323,1560096000,400,388,-12,788,23,-0.2906341753306755,0.11721631920720049
323,1560110400,387,396,9,783,23,-0.17640095668466133,0.104409125121086
323,1560124800,170,294,124,464,23,0.4491619073292257,-0.7126898575730193
323,1560139200,26,102,76,128,23,0.18805740756690764,-1.573333300159914
323,1560153600,470,273,-197,743,23,-1.2969744348312764,0.0019515724321699677
323,1560168000,692,443,-249,1135,23,-1.5798376429071208,1.006035588783547
323,1560182400,397,575,178,972,23,0.7429044695618334,0.5885210615762142
323,1560196800,430,920,490,1350,23,2.4400837180169006,1.5567449344864706
323,1560211200,161,379,218,540,24,1.3510796177171471,-0.7482366855753247
323,1560225600,39,120,81,159,24,0.5718567124279033,-1.7101200333752362
323,1560240000,426,299,-127,725,24,-0.6111970415878832,-0.2811804668273363
323,1560254400,711,445,-266,1156,24,-1.4017954637426637,0.8069342914450044
323,1560268800,412,391,-21,803,24,-0.008294647714453623,-0.08425946649034656
323,1560283200,550,831,281,1381,24,1.709408398981544,1.3749756385709362
323,1560297600,240,441,201,681,24,1.2543877243600876,-0.3922641080430741
323,1560312000,36,96,60,132,24,0.45241378533977095,-1.7782849950303479
323,1560326400,463,294,-169,757,24,-0.8500828957641479,-0.20039236412498154
323,1560340800,740,460,-280,1200,24,-1.4814240818014184,0.9180179326607422
323,1560355200,485,481,-4,966,24,0.08839724564260584,0.327254931649773
323,1560369600,608,678,70,1286,24,0.5092913696674529,1.1351359586733205
323,1560384000,300,449,149,749,24,0.958624285856141,-0.22058938980057022
323,1560398400,34,119,85,153,24,0.594607746158976,-1.7252678026319277
323,1560412800,455,254,-201,709,24,-1.0320911656127305,-0.3215745181785137
323,1560427200,715,411,-304,1126,24,-1.6179302841878553,0.7311954451615468
323,1560441600,513,417,-96,930,24,-0.4348765301720689,0.2363683161096239
323,1560456000,665,723,58,1388,24,0.4410382684742345,1.3926480360370763
323,1560470400,216,491,275,707,24,1.6752818483849348,-0.3266237745974108
323,1560484800,52,123,71,175,24,0.5149791281002212,-1.6697259820240586
323,1560499200,408,243,-165,651,24,-0.8273318620330751,-0.46800295432653166
323,1560513600,720,448,-272,1168,24,-1.4359220143392728,0.8372298299583875
323,1560528000,603,470,-133,1073,24,-0.6453235921844924,0.5973901500607717
323,1560542400,719,739,20,1458,24,0.22490344802904275,1.5693720106984774
323,1561161600,8008,6034,-1974,14042,25,-3.974324858029311,4.0999042397295575
323,1561176000,54,138,84,192,25,0.36155763470630364,-0.37522514885513797
323,1561190400,156,103,-53,259,25,0.07292017041826714,-0.35357650849158745
323,1561204800,369,268,-101,637,25,-0.02820828422279675,-0.23143940315692932
323,1561219200,397,428,31,825,25,0.24989496604012895,-0.17069396452487715
323,1561233600,414,388,-26,802,25,0.12980492615386557,-0.17812558733624523
323,1561248000,231,342,111,573,25,0.4184423904419021,-0.2521187014146492
323,1561262400,39,150,111,189,25,0.4184423904419021,-0.3761944909609686
323,1561276800,99,103,4,202,25,0.1930102103045305,-0.3719940085023692
323,1561291200,299,225,-74,524,25,0.02867647151280169,-0.26795128914321603
323,1561305600,400,359,-41,759,25,0.09820228407853311,-0.1920194908531508
323,1561320000,349,397,48,746,25,0.28571129372550574,-0.19621997331175015
323,1561334400,157,344,187,501,25,0.5785624436235866,-0.2753829119545841
323,1561348800,25,93,68,118,25,0.327848149825949,-0.39913558746562655
323,1561363200,377,229,-148,606,25,-0.12722989605883847,-0.2414559382505124
323,1561377600,653,433,-220,1086,25,-0.2789225780204343,-0.08636120131761321
323,1561392000,434,493,59,927,25,0.30888656458074953,-0.13773633292663606
323,1561406400,507,864,357,1371,25,0.9367257204773545,0.005726298736295683
323,1561420800,178,462,284,640,26,1.8868326957278954,-0.1776173002838246
323,1561435200,31,105,74,136,26,0.38985829828973423,-1.714112197058649
323,1561449600,355,220,-135,575,26,-1.0999876496368164,-0.37577636435200634
323,1561464000,712,438,-274,1150,26,-2.0908421317506467,1.377169202404986
323,1561478400,420,354,-66,774,26,-0.6081246333357064,0.2308952317951962
323,1561492800,478,642,164,1120,26,1.0314187543346605,1.2857111728350559
323,1561507200,190,415,225,605,26,1.466254174542888,-0.2843183347820763
323,1561521600,39,114,75,153,26,0.3969867478013445,-1.6622859803023555
323,1561536000,401,252,-149,653,26,-1.1997859427993605,-0.13798548747018824
323,1561550400,708,453,-255,1161,26,-1.9554015910300513,1.4107038132472935
323,1561564800,447,425,-22,872,26,-0.2944728548248537,0.529658128390301
323,1561579200,494,601,107,1095,26,0.6250971321728738,1.2094961481934476
323,1561593600,201,440,239,641,26,1.5660524677054322,-0.17456869929816027
323,1561608000,32,121,89,153,26,0.4967850409638886,-1.6622859803023555
323,1561622400,381,227,-154,608,26,-1.2354281903574118,-0.2751725318250833
323,1561636800,624,479,-145,1103,26,-1.1712721447529193,1.2338849560787621
323,1561651200,442,425,-17,867,26,-0.25883060726680224,0.5144151234619793
323,1561665600,498,619,121,1117,26,0.7248954253354178,1.2765653698780628
323,1561680000,229,398,169,627,26,1.0670610018927118,-0.21724911309746095
323,1561694400,44,142,98,186,26,0.5609410865683812,-1.5616821477754323
323,1561708800,324,227,-97,551,26,-0.8291065681956254,-0.44894278800795034
323,1561723200,636,447,-189,1083,26,-1.484923923263772,1.1729129363654756
323,1561737600,493,458,-35,951,26,-0.3871426984757875,0.7704976062577834
323,1561752000,550,589,39,1139,26,0.14036256538337405,1.3436345915626782
323,1561766400,249,489,240,738,26,1.5731809172170426,0.12114559631128016
323,1561780800,58,164,106,222,26,0.6179686826612635,-1.4519325122915163
323,1561795200,171,136,-35,307,26,-0.3871426984757875,-1.192801428510048
323,1561809600,389,305,-84,694,26,-0.7364367245446917,-0.012992847057950542
323,1561824000,454,478,24,932,26,0.033435822709219694,0.712574187530161
323,1561838400,397,549,152,946,26,0.945877360195337,0.7552546013294618
323,1561852800,227,408,181,635,26,1.1526023960320353,-0.19286030521214628
323,1561867200,42,166,124,208,26,0.7462807738702487,-1.494612926090817
323,1561881600,102,102,0,204,26,-0.1376469655694273,-1.5068073300334743
323,1561896000,364,229,-135,593,26,-1.0999876496368164,-0.3209015466100483
323,1561910400,480,488,8,968,26,-0.08061936947654495,0.822323823014077
323,1561924800,346,464,118,810,26,0.703510076800587,0.34064486727911225
323,1561939200,186,318,132,504,26,0.803308369963131,-0.5922270343341741
323,1561953600,33,113,80,146,26,0.432628995359396,-1.6836261872020057
323,1561968000,309,234,-75,543,26,-0.672280678940199,-0.473331595893265
323,1561982400,612,405,-207,1017,26,-1.6132360144727573,0.9717052713116294
323,1561996800,435,378,-57,813,26,-0.5439685877312138,0.34979067023610527
323,1562011200,497,590,93,1087,26,0.5252988390103297,1.185107340308133
323,1562025600,99,185,86,284,27,0.4778403766900248,-0.9238982850751911
323,1562040000,0,2,2,2,27,-0.16634030690279425,-1.7360894294699483
323,1562054400,328,217,-111,545,27,-1.0329167026883723,-0.1721894599438734
323,1562068800,627,443,-184,1070,27,-1.5927403920011793,1.3398685216421105
323,1562083200,436,508,72,944,27,0.37047692942455496,0.9769746060614743
323,1562097600,478,821,343,1299,27,2.448726515777578,1.9994138126577112
323,1562112000,104,265,161,369,27,1.0530017013264703,-0.6790888975803175
323,1562126400,0,2,2,2,27,-0.16634030690279425,-1.7360894294699483
323,1562140800,332,234,-98,566,27,-0.9332220730847217,-0.11170714068043405
323,1562155200,636,413,-223,1049,27,-1.891824280812131,1.279386202378671
323,1562169600,457,577,120,1034,27,0.7385801771918802,1.2361845457619287
323,1562184000,488,817,329,1305,27,2.3413630685121083,2.016694475304408
323,1562198400,208,339,131,547,27,0.8229371714718922,-0.1664292390616411
323,1562212800,29,80,51,109,27,0.20943175852635018,-1.427917612270519
323,1562227200,169,97,-72,266,27,-0.7338328138774206,-0.975740273015282
323,1562241600,320,222,-98,542,27,-0.9332220730847217,-0.1808297912672219
323,1562256000,406,398,-8,804,27,-0.243028483520987,0.573759144305212
323,1562270400,386,394,8,780,27,-0.12032740093187862,0.5046364937184241
323,1562284800,259,324,65,583,27,0.31679520579182,-0.06274526318145934
323,1562299200,38,145,107,183,27,0.6388855475882296,-1.2147894396279233
323,1562313600,219,161,-58,380,27,-0.6264693666119507,-0.6474076827280398
323,1562328000,435,302,-133,737,27,-1.2016306912483965,0.38079174475042926
323,1562342400,393,403,10,796,27,-0.10498976560824007,0.5507182607762827
323,1562356800,408,655,247,1063,27,1.7125200202429278,1.3197077485542974
323,1562371200,210,472,262,682,27,1.827552285170217,0.22238567048904048
323,1562385600,50,144,94,194,27,0.539190917984579,-1.1831082247756455
323,1562400000,120,96,-24,216,27,-0.3657295661100954,-1.11974579507109
323,1562414400,295,221,-74,516,27,-0.7491704492010591,-0.25571266273624205
323,1562428800,432,364,-68,796,27,-0.7031575432301435,0.5507182607762827
323,1562443200,401,385,-16,786,27,-0.3043790248155412,0.5219171563651211
323,1562457600,203,312,109,515,27,0.6542231829118681,-0.25859277317735824
323,1562472000,49,110,61,159,27,0.2861199351445429,-1.2839120902147112
323,1562486400,93,93,0,186,27,-0.1816779422264328,-1.2061491083045748
323,1562500800,332,187,-145,519,27,-1.2936565031902276,-0.24707233141289356
323,1562515200,451,380,-71,831,27,-0.7261639962156013,0.6515221262153483
323,1562529600,404,435,31,839,27,0.0560554052899647,0.6745630097442776
323,1562544000,188,281,93,469,27,0.5315221003227597,-0.39107785346870155
323,1562558400,30,87,57,117,27,0.2554446644972658,-1.4048767287415898
323,1562572800,308,210,-98,518,27,-0.9332220730847217,-0.24995244185400972
323,1562587200,582,416,-166,998,27,-1.4547016740884324,1.132500569881747
323,1562601600,361,360,-1,721,27,-0.1893467598882521,0.3347099776925707
323,1562616000,439,641,202,1080,27,1.3674232254610605,1.368669626053272
323,1562630400,169,334,165,503,28,0.47142934316748714,-0.6068287765674074
323,1562644800,33,62,29,95,28,-0.23183636802934923,-1.62860512669604
323,1562659200,373,260,-113,633,28,-0.9661285076613401,-0.2812627826538726
323,1562673600,677,429,-248,1106,28,-1.6642231474523175,0.9032965644315273
323,1562688000,438,518,80,956,28,0.03188827366946442,0.5276434945312948
323,1562702400,485,724,239,1209,28,0.8540886272010599,1.1612450057630201
323,1562716800,201,404,203,605,28,0.6679300565901327,-0.35138468903524933
323,1562731200,31,99,68,130,28,-0.030164583200844673,-1.540952743719319
323,1562745600,395,218,-177,613,28,-1.2970770776363219,-0.33134985864057026
323,1562760000,669,510,-159,1179,28,-1.2039977923308582,1.0861143917829736
323,1562774400,415,570,155,985,28,0.41971862910889624,0.6002697547120064
323,1562788800,512,963,451,1475,28,1.9503557652431873,1.8274031163860993
323,1562803200,180,532,352,712,28,1.4384196960631372,-0.08341883250641682
323,1562817600,29,114,85,143,28,0.057743630698759874,-1.5083961443279654
323,1562832000,374,252,-122,626,28,-1.012668150314072,-0.2987932592492168
323,1562846400,684,476,-208,1160,28,-1.4573802912179536,1.038531669595611
323,1562860800,436,522,86,958,28,0.06291470210461897,0.5326522021299644
323,1562875200,471,986,515,1457,28,2.281304335218169,1.7823247479980713
323,1562889600,144,438,294,582,28,1.13849755452331,-0.40898482641995165
323,1562904000,37,91,54,128,28,-0.10255958288287195,-1.5459614513179887
323,1562918400,309,227,-82,536,28,-0.8058252940797083,-0.5241851011893564
323,1562932800,619,393,-226,1012,28,-1.5504595765234175,0.6678873072940482
323,1562947200,465,562,97,1027,28,0.11979648756906897,0.7054526142840715
323,1562961600,468,899,431,1367,28,1.8469343371260054,1.5569329060579318
323,1562976000,234,580,346,814,28,1.4073932676279828,0.17202525502574129
323,1562990400,50,165,115,215,28,0.2128757728745326,-1.328082670775854
323,1563004800,154,98,-56,252,28,-0.6713774375273719,-1.235421580200463
323,1563019200,393,343,-50,736,28,-0.6403510090922174,-0.02331434132237962
323,1563033600,448,529,81,977,28,0.03705934507532351,0.5802349243173273
323,1563048000,518,435,-83,953,28,-0.8109963654855673,0.5201304331332901
323,1563062400,208,386,178,594,28,0.5386532714436554,-0.3789325808279331
323,1563076800,49,171,122,220,28,0.24907327271554625,-1.3155609017791794
323,1563091200,88,71,-17,159,28,-0.46970565269886744,-1.4683264835386074
323,1563105600,316,234,-82,550,28,-0.8058252940797083,-0.48912414799866794
323,1563120000,428,523,95,951,28,0.10945434475735079,0.5151217255346203
323,1563134400,454,473,19,927,28,-0.28354708208794016,0.4550172343505831
323,1563148800,192,386,194,578,28,0.6213904139374008,-0.4190022416172912
323,1563163200,30,81,51,111,28,-0.11807279710044923,-1.5885354659066817
323,1563177600,339,220,-119,559,28,-0.9971549360964946,-0.466584963804654
323,1563192000,642,443,-199,1085,28,-1.4108406485652218,0.8507051346454947
323,1563206400,421,537,116,958,28,0.2180468442803917,0.5326522021299644
323,1563220800,523,944,421,1467,28,1.7952236230674146,1.8073682859914202
323,1563235200,192,481,289,673,29,1.164647688000065,-0.049210719142428465
323,1563249600,34,109,75,143,29,0.03979776109864824,-1.5255322934152857
323,1563264000,393,247,-146,640,29,-1.1218463222901982,-0.14113262848394598
323,1563278400,686,447,-239,1133,29,-1.6106829727660474,1.23212498683024
323,1563292800,415,532,117,947,29,0.26056270002322535,0.7140196796325958
323,1563307200,519,972,453,1491,29,2.026682211419842,2.229338427565491
323,1563321600,196,533,337,729,29,1.416950475342439,0.10677797549772249
323,1563336000,29,112,83,141,29,0.08184822565571055,-1.5311033182238625
323,1563350400,379,235,-144,614,29,-1.1113337061509325,-0.21355595099544464
323,1563364800,675,444,-231,1119,29,-1.5686325082089851,1.1931278131702023
323,1563379200,416,530,114,946,29,0.244793775814327,0.7112341672283073
323,1563393600,485,903,418,1388,29,1.8427114289826947,1.9424306499237844
323,1563408000,149,374,225,523,29,0.8282439715435664,-0.46703757978568994
323,1563422400,32,84,52,116,29,-0.0810973245029059,-1.6007411283310726
323,1563436800,387,241,-146,628,29,-1.1218463222901982,-0.1745587773354069
323,1563451200,637,396,-241,1033,29,-1.6211955889053131,0.953573746401399
323,1563465600,456,443,-13,899,29,-0.42275734902903717,0.5803150842267522
323,1563480000,466,864,398,1330,29,1.737585267590039,1.7808709304750567
323,1563494400,160,500,340,660,29,1.4327193995513372,-0.08542238039817779
323,1563508800,35,155,120,190,29,0.27633162423212376,-1.3946132104137303
323,1563523200,354,222,-132,576,29,-1.048258009315339,-0.3194054223584042
323,1563537600,601,409,-192,1010,29,-1.3636364934933065,0.8895069611027656
323,1563552000,416,473,57,889,29,-0.05481578415474195,0.552459960183868
323,1563566400,378,487,109,865,29,0.21851223546616305,0.4856076624809462
323,1563580800,206,333,127,539,29,0.31312578071955327,-0.4224693813170754
323,1563595200,45,122,77,167,29,0.050310377237913824,-1.4586799957123637
323,1563609600,143,95,-48,238,29,-0.6067281314661848,-1.2609086150078868
323,1563624000,380,261,-119,641,29,-0.9799260044101128,-0.13834711607965758
323,1563638400,345,449,104,794,29,0.19223069511799912,0.28783628177646914
323,1563652800,308,575,267,883,29,1.0490089104681437,0.5357468857581376
323,1563667200,184,415,231,599,29,0.8597818199613632,-0.2553386370597708
323,1563681600,47,156,109,203,29,0.21851223546616305,-1.358401549157981
323,1563696000,93,80,-13,173,29,-0.42275734902903717,-1.4419669212866333
323,1563710400,301,210,-91,511,29,-0.8327493784603948,-0.5004637286371508
323,1563724800,358,410,52,768,29,-0.0810973245029059,0.21541295926497045
323,1563739200,309,433,124,742,29,0.2973568565106549,0.14298963675347182
323,1563753600,164,323,159,487,29,0.4813276389478025,-0.5673160263400727
323,1563768000,33,88,55,121,29,-0.06532840029400752,-1.5868135663096306
323,1563782400,333,218,-115,551,29,-0.9589007721315816,-0.38904323246561445
323,1563796800,603,405,-198,1008,29,-1.3951743419111031,0.8839359362941888
323,1563811200,378,388,10,766,29,-0.301862263427483,0.20984193445639365
323,1563825600,368,766,398,1134,29,1.737585267590039,1.2349104992345283
323,1563840000,65,237,172,302,30,0.5060413649569113,-0.9368815214328635
323,1563854400,0,2,2,2,30,-0.3780142616132739,-1.6405898475165643
323,1563868800,343,162,-181,505,30,-1.3296741419800029,-0.46070555411622605
323,1563883200,672,426,-246,1098,30,-1.6676954109627207,0.9302912371092225
323,1563897600,404,457,53,861,30,-0.1127975736422183,0.37436165950309885
323,1563912000,428,854,426,1282,30,1.8269244775970703,1.3618990104405588
323,1563926400,87,279,192,366,30,0.6100479092592861,-0.7867570785350074
323,1563940800,0,4,4,4,30,-0.36761360718303643,-1.6358984586760064
323,1563955200,385,247,-138,632,30,-1.1060600717298972,-0.16280236274079274
323,1563969600,698,502,-196,1200,30,-1.4076790502067837,1.1695520679776807
323,1563984000,368,524,156,892,30,0.4228361295150116,0.4470781865317479
323,1563998400,500,929,429,1429,30,1.8425254592424267,1.7067160902215723
323,1564012800,119,279,160,398,30,0.4436374383754865,-0.7116948570860793
323,1564027200,0,5,5,5,30,-0.36241327996791767,-1.6335527642557273
323,1564041600,368,244,-124,612,30,-1.0332554907182347,-0.20971625114637277
323,1564056000,680,495,-185,1175,30,-1.3504754508404777,1.1109097074707057
323,1564070400,408,433,25,841,30,-0.25840673566554295,0.3274477710975188
323,1564084800,484,930,446,1414,30,1.930931021899445,1.6715306739173872
323,1564099200,104,288,184,392,30,0.5684452915383362,-0.7257690236077533
323,1564113600,0,3,3,3,30,-0.37281393439815513,-1.6382441530962852
323,1564128000,301,196,-105,497,30,-0.9344492736309788,-0.47947110947845806
323,1564142400,611,451,-160,1062,30,-1.2204672704625092,0.8458462379791784
323,1564156800,412,581,169,993,30,0.49044038331155515,0.6839933229799272
323,1564171200,479,842,363,1321,30,1.49930386304459,1.4533810928314401
323,1564185600,245,522,277,767,30,1.0520757225443786,0.1538663839968726
323,1564200000,47,160,113,207,30,0.1992220592649059,-1.159722491359369
323,1564214400,156,97,-59,253,30,-0.6952342217355169,-1.0518205480265348
323,1564228800,444,339,-105,783,30,-0.9344492736309788,0.19139749472133666
323,1564243200,494,562,68,1056,30,-0.03479266541543726,0.8317720714575043
323,1564257600,433,648,215,1081,30,0.7296554352070169,0.8904144319644794
323,1564272000,245,469,224,714,30,0.7764583801430857,0.02954457972208548
323,1564286400,48,118,70,166,30,-0.024392010985199785,-1.255895962590808
323,1564300800,90,84,-6,174,30,-0.41961687933422376,-1.2371304072285758
323,1564315200,346,244,-102,590,30,-0.9188482919856226,-0.2613215283925108
323,1564329600,407,516,109,923,30,0.17842075040443095,0.519794713560397
323,1564344000,362,634,272,996,30,1.026074086468785,0.6910304062407642
323,1564358400,165,383,218,548,30,0.7452564168523732,-0.3598406940442289
323,1564372800,27,81,54,108,30,-0.10759724642709957,-1.39194623896699
323,1564387200,327,191,-136,518,30,-1.0956594172996597,-0.43021152665259904
323,1564401600,601,412,-189,1013,30,-1.3712767597009528,0.7309072113855073
323,1564416000,355,538,183,893,30,0.5632449643232175,0.44942388095202696
323,1564430400,453,930,477,1383,30,2.092141165568126,1.5988141468887382
323,1564444800,89,280,191,369,31,0.7799246519179708,-0.7533359774072191
323,1564459200,0,12,12,12,31,-0.19719879650419384,-1.6058762831033033
323,1564473600,365,227,-138,592,31,-1.0160173287015384,-0.22079679485756437
323,1564488000,650,467,-183,1117,31,-1.261662888360742,1.0329389488131475
323,1564502400,377,498,121,875,31,0.3978093368925433,0.4550264726830289
323,1564516800,439,747,308,1186,31,1.4186031070318996,1.1977156465527268
323,1564531200,95,316,221,411,31,0.9436883583574397,-0.6530371179135622
323,1564545600,0,16,16,16,31,-0.17536363564559798,-1.596324010770574
323,1564560000,374,233,-141,607,31,-1.0323936993454854,-0.18497577360982972
323,1564574400,651,411,-240,1062,31,-1.5728139305957327,0.9015952042381207
323,1564588800,390,481,91,871,31,0.23404563045307433,0.4454742003502997
323,1564603200,405,868,463,1273,31,2.264715590302489,1.4054775697895878
323,1564617600,91,284,193,375,31,0.7908422323472687,-0.7390075689081254
323,1564632000,0,9,9,9,31,-0.21357516714814073,-1.61304048735285
323,1564646400,336,210,-126,546,31,-0.9505118461257509,-0.33064792668395054
323,1564660800,654,405,-249,1059,31,-1.6219430425275736,0.8944309999885737
323,1564675200,403,468,65,871,31,0.09211708487220127,0.4454742003502997
323,1564689600,487,661,174,1148,31,0.6871252182689384,1.1069690593917991
323,1564704000,105,197,92,302,31,0.23950442066772332,-0.9133365389804339
323,1564718400,0,3,3,3,31,-0.2463279084360345,-1.627368895851944
323,1564732800,307,219,-88,526,31,-0.7430778179690902,-0.37840928834759674
323,1564747200,512,411,-101,923,31,-0.8140420907595268,0.5696537406757798
323,1564761600,429,537,108,966,31,0.32684506410210673,0.672340668252619
323,1564776000,477,831,354,1308,31,1.669707456905752,1.4890599527009685
323,1565395200,9042,9261,219,18303,32,2.3266383542728173,4.10936895036791
323,1565409600,8,16,8,24,32,-0.10700870425876081,-0.2817181124970891
323,1565424000,0,11,11,11,32,-0.0724070873128142,-0.2848410476585993
323,1565438400,1,16,15,17,32,-0.02627159805155206,-0.2833996929686715
323,1565452800,0,7,7,7,32,-0.11854257657407635,-0.2858019507852178
323,1565467200,0,7,7,7,32,-0.11854257657407635,-0.2858019507852178
323,1565481600,0,4,4,4,32,-0.15314419352002295,-0.2865226281301817
323,1565496000,0,2,2,2,32,-0.17621193815065403,-0.287003079693491
323,1565510400,0,0,0,0,32,-0.1992796827812851,-0.28748353125680026
323,1565524800,0,1,1,1,32,-0.18774581046596955,-0.2872433054751456
323,1565539200,0,0,0,0,32,-0.1992796827812851,-0.28748353125680026
323,1565553600,0,1,1,1,32,-0.18774581046596955,-0.2872433054751456
323,1565568000,0,1,1,1,32,-0.18774581046596955,-0.2872433054751456
323,1565582400,0,1,1,1,32,-0.18774581046596955,-0.2872433054751456
323,1565596800,270,194,-76,464,32,-1.0758539787452657,-0.1760187685690515
323,1565611200,545,391,-154,936,32,-1.9754960193398776,-0.06263219962806571
323,1565625600,357,371,14,728,32,-0.0378054703668676,-0.11259916221222893
323,1565640000,392,642,250,1034,32,2.684188396047599,-0.03909007302591187
323,1565654400,99,209,110,308,33,0.49020375847729636,-0.3493824892849957
323,1565668800,0,4,4,4,33,-0.17072511273437033,-1.0143967443820179
323,1565683200,329,212,-117,541,33,-0.9251816544005181,0.16031593649660356
323,1565697600,608,358,-250,966,33,-1.754460332430251,1.0900233654973748
323,1565712000,366,330,-36,696,33,-0.42013223394632,0.4993857047204142
323,1565726400,434,594,160,1028,33,0.8019626599922335,1.225651272786899
323,1565740800,92,217,125,309,33,0.5837314289317775,-0.3471949423932292
323,1565755200,0,2,2,2,33,-0.18319546879496781,-1.018771838165551
323,1565769600,351,226,-125,577,33,-0.9750630786429081,0.2390676246001983
323,1565784000,639,399,-240,1038,33,-1.6921085521272636,1.2475267417045641
323,1565798400,366,485,119,851,33,0.546320360749985,0.838455472944225
323,1565812800,424,890,466,1314,33,2.7099271372636484,1.8512896838321238
323,1565827200,102,208,106,310,33,0.4652630463561014,-0.3450073955014627
323,1565841600,0,5,5,5,33,-0.16448993470407158,-1.0122091974902514
323,1565856000,349,197,-152,546,33,-1.1434128854609742,0.17125367095543614
323,1565870400,668,457,-211,1125,33,-1.5112883892486,1.4378433212882513
323,1565884800,382,445,63,827,33,0.1971503910532555,0.7859543475418285
323,1565899200,469,788,319,1257,33,1.7933559668097334,1.726599511001432
323,1565913600,77,245,168,322,33,0.8518440842346234,-0.31875683280026446
323,1565928000,0,12,12,12,33,-0.12084368849198038,-0.9968963692478858
323,1565942400,265,209,-56,474,33,-0.5448357945522948,0.013750294748246683
323,1565956800,546,391,-155,937,33,-1.1621184195518703,1.0265845056361456
323,1565971200,396,484,88,880,33,0.35302984181072405,0.901894332805454
323,1565985600,454,840,386,1294,33,2.211112894839749,1.8075387459967933
323,1566000000,171,456,285,627,33,1.5813599137795762,0.3484449691885243
323,1566014400,0,13,13,13,33,-0.11460851046168163,-0.9947088223561192
323,1566028800,0,3,3,3,33,-0.17696029076466907,-1.0165842912737844
323,1566043200,0,2,2,2,33,-0.18319546879496781,-1.018771838165551
323,1566057600,0,6,6,6,33,-0.15825475667377284,-1.010021650598485
323,1566072000,0,0,0,0,33,-0.19566582485556527,-1.023146931949084
323,1566086400,0,4,4,4,33,-0.17072511273437033,-1.0143967443820179
323,1566100800,0,2,2,2,33,-0.18319546879496781,-1.018771838165551
323,1566115200,0,0,0,0,33,-0.19566582485556527,-1.023146931949084
323,1566129600,0,1,1,1,33,-0.18943064682526653,-1.0209593850573175
323,1566144000,0,0,0,0,33,-0.19566582485556527,-1.023146931949084
323,1566158400,0,1,1,1,33,-0.18943064682526653,-1.0209593850573175
323,1566172800,0,1,1,1,33,-0.18943064682526653,-1.0209593850573175
323,1566187200,0,5,5,5,33,-0.16448993470407158,-1.0122091974902514
323,1566201600,259,179,-80,438,33,-0.6944800672794647,-0.06500139335534806
323,1566216000,556,377,-179,933,33,-1.3117626922790402,1.0178343180690796
323,1566230400,336,391,55,727,33,0.14726896681086554,0.5671996583651764
323,1566244800,425,833,408,1258,33,2.3482868115063216,1.7287870578931985
323,1566259200,80,206,126,286,34,0.6985605477660649,-0.38531412183240316
323,1566273600,0,2,2,2,34,-0.1829764846462603,-1.0312771359177024
323,1566288000,310,214,-96,524,34,-0.8796751070366464,0.15602108011231947
323,1566302400,586,393,-193,979,34,-1.5692645598108041,1.1909266132419363
323,1566316800,363,442,79,805,34,0.36442957580332874,0.795160541231929
323,1566331200,427,787,360,1214,34,2.3621062379635176,1.7254382622209692
323,1566345600,100,261,161,361,34,0.94738148433406,-0.21472529769015863
323,1566360000,0,3,3,3,34,-0.17586731503003186,-1.0290026182624725
323,1566374400,327,220,-107,547,34,-0.9578759728151591,0.2083349861826078
323,1566388800,615,414,-201,1029,34,-1.6261379167406316,1.3046524960034327
323,1566403200,347,463,116,810,34,0.6274688516037806,0.8065331295080787
323,1566417600,494,861,367,1355,34,2.4118704252771166,2.046145251608389
323,1566432000,70,219,149,289,34,0.8620714489393189,-0.3784905688667134
323,1566446400,0,1,1,1,34,-0.19008565426248872,-1.0335516535729323
323,1566460800,331,200,-131,531,34,-1.1284960436046414,0.17194270369892897
323,1566475200,585,416,-169,1001,34,-1.3986444890213217,1.2409660016569948
323,1566489600,365,400,35,765,34,0.05162611268927789,0.704179835022732
323,1566504000,423,627,204,1050,34,1.2530757778318824,1.352417366763261
323,1566518400,95,209,114,304,34,0.6132505123713238,-0.3443728040382645
323,1566532800,0,10,10,10,34,-0.12610312771643284,-1.013080994675863
323,1566547200,285,181,-104,466,34,-0.9365484639664738,0.0240990561089837
323,1566561600,578,374,-204,952,34,-1.6474654255893169,1.1295146365507283
323,1566576000,369,455,86,824,34,0.4141937631169278,0.8383763766812976
323,1566590400,453,772,319,1225,34,2.070630283698152,1.7504579564284983
323,1566604800,147,390,243,537,34,1.5303333928647913,0.18558980963030852
323,1566619200,0,15,15,15,34,-0.0905572796352907,-1.0017084063997135
323,1566633600,0,10,10,10,34,-0.12610312771643284,-1.013080994675863
323,1566648000,0,19,19,19,34,-0.06212060117037699,-0.9926103357787938
323,1566662400,0,8,8,8,34,-0.14032146694888972,-1.017630029986323
323,1566676800,0,8,8,8,34,-0.14032146694888972,-1.017630029986323
323,1566691200,0,1,1,1,34,-0.19008565426248872,-1.0335516535729323
323,1566705600,0,6,6,6,34,-0.15453980618134658,-1.0221790652967828
323,1566720000,0,1,1,1,34,-0.19008565426248872,-1.0335516535729323
323,1566734400,0,1,1,1,34,-0.19008565426248872,-1.0335516535729323
323,1566748800,0,2,2,2,34,-0.1829764846462603,-1.0312771359177024
323,1566763200,0,3,3,3,34,-0.17586731503003186,-1.0290026182624725
323,1566777600,0,2,2,2,34,-0.1829764846462603,-1.0312771359177024
323,1566792000,0,5,5,5,34,-0.161648975797575,-1.0244535829520127
323,1566806400,302,221,-81,523,34,-0.77303756279322,0.15374656245708954
323,1566820800,588,365,-223,953,34,-1.782539648297657,1.1317891542059582
323,1566835200,337,363,26,700,34,-0.012356413856777979,0.5563361874327867
323,1566849600,404,596,192,1000,34,1.1677657424371413,1.2386914840017649
323,1566864000,165,292,127,457,35,0.41432152692919166,-0.4178930891314595
323,1566878400,22,85,63,107,35,-0.0017024791917150022,-1.4337734281809806
323,1566892800,355,210,-145,565,35,-1.3537804990846616,-0.10442144165332154
323,1566907200,604,403,-201,1007,35,-1.7178015044404549,1.1784903008035024
323,1566921600,407,475,68,882,35,0.03079939628648083,0.8156758940001019
323,1566936000,461,797,336,1258,35,1.7728999219177775,1.9070216296647304
323,1566950400,150,431,281,581,35,1.4153792916576233,-0.057981197582486294
323,1566964800,23,88,65,111,35,0.01129827099956333,-1.4221633671632719
323,1566979200,375,251,-124,626,35,-1.217272622076239,0.07263198886673786
323,1566993600,643,420,-223,1063,35,-1.8608097565445165,1.3410311550514258
323,1567008000,380,465,85,845,35,0.14130577291234667,0.7082828295862954
323,1567022400,409,719,310,1128,35,1.6038901694311591,1.5296946465891939
323,1567036800,120,384,264,504,35,1.3048729150317575,-0.28147487217338096
323,1567051200,21,105,84,126,35,0.1348053978167075,-1.3786256383468638
323,1567065600,360,243,-117,603,35,-1.171769996406765,0.005874138014912182
323,1567080000,642,411,-231,1053,35,-1.9128127573096299,1.3120060025071536
323,1567094400,416,506,90,922,35,0.1738076483905425,0.93177650417719
323,1567108800,467,796,329,1263,35,1.7273972962483033,1.9215342059368663
323,1567123200,150,472,322,622,35,1.6818946705788291,0.061021927849029045
323,1567137600,31,103,72,134,35,0.056800896669037496,-1.3554055163114462
323,1567152000,330,206,-124,536,35,-1.217272622076239,-0.18859438403171044
323,1567166400,598,407,-191,1005,35,-1.6527977534840632,1.172685270294648
323,1567180800,408,578,170,986,35,0.6938376560416758,1.1175374804605311
323,1567195200,462,754,292,1216,35,1.4868834177096542,1.7851159889787878
323,1567209600,179,389,210,568,35,0.9538526598672424,-0.09571389589003994
323,1567224000,39,112,73,151,35,0.06330127176467666,-1.3060627569861838
323,1567238400,103,73,-30,176,35,-0.6062373630861575,-1.2334998756255036
323,1567252800,251,217,-34,468,35,-0.6322388634687142,-0.3859654213327603
323,1567267200,294,355,61,649,35,-0.014703229382993335,0.13938983971856353
323,1567281600,311,451,140,762,35,0.4988264031725008,0.46737406346883753
323,1567296000,125,280,155,405,35,0.5963320296070883,-0.568823882361674
323,1567310400,26,138,112,164,35,0.3168159004946041,-1.2683300586786301
323,1567324800,79,75,-4,154,35,-0.43722761059953913,-1.297355211222902
323,1567339200,239,196,-43,435,35,-0.6907422393294667,-0.481748424728858
323,1567353600,330,322,-8,652,35,-0.4632291109820958,0.14809738548184515
323,1567368000,329,419,90,748,35,0.1738076483905425,0.4267388499068567
323,1567382400,118,298,180,416,35,0.7588414069980675,-0.5368962145629749
323,1567396800,26,126,100,152,35,0.23881139934693416,-1.3031602417317565
323,1567411200,99,74,-25,173,35,-0.5737354876079617,-1.2422074213887853
323,1567425600,237,202,-35,439,35,-0.6387392385643533,-0.47013836371114914
323,1567440000,277,287,10,564,35,-0.3462223592605908,-0.10732395690774875
323,1567454400,231,334,103,565,35,0.2583125246338516,-0.10442144165332154
323,1567468800,87,241,154,328,36,0.5616567074216662,-0.8213154049422414
323,1567483200,23,67,44,90,36,-0.05956761345171133,-1.4028744322003448
323,1567497600,311,200,-111,511,36,-0.9349291565005614,-0.3741502705379014
323,1567512000,563,372,-191,935,36,-1.3867286625902906,0.6619044670983837
323,1567526400,386,471,85,857,36,0.17197963341927486,0.471309491778501
323,1567540800,476,884,408,1360,36,1.9961201392565564,1.7004027300592826
323,1567555200,79,227,148,306,36,0.5277717444649366,-0.8750729620837467
323,1567569600,0,18,18,18,36,-0.2064024529308733,-1.5788082555725442
323,1567584000,371,274,-97,645,36,-0.8558642429348589,-0.046717877039641496
323,1567598400,653,413,-240,1066,36,-1.6634558600702496,0.9820062846228019
323,1567612800,438,481,43,919,36,-0.06521510727783295,0.6228080619045616
323,1567627200,417,905,488,1322,36,2.4479196453462855,1.607548767723955
323,1567641600,60,240,180,300,36,0.7084915469008282,-0.88973411403143
323,1567656000,0,5,5,5,36,-0.2798198726704543,-1.6105740847925245
323,1567670400,401,318,-83,719,36,-0.7767993293691563,0.13410299698178563
323,1567684800,688,467,-221,1155,36,-1.556153477373939,1.1994800385134372
323,1567699200,446,527,81,973,36,0.14938965811478838,0.7547584294337111
323,1567713600,497,964,467,1461,36,2.3293222749977316,1.9471987878452846
323,1567728000,72,216,144,288,36,0.5051817691604501,-0.9190564179267966
323,1567742400,0,13,13,13,36,-0.23463992206148138,-1.5910258821956136
323,1567756800,426,307,-119,733,36,-0.9801091071095344,0.16831235152637994
323,1567771200,662,472,-190,1134,36,-1.3810811687641689,1.1481660066965458
323,1567785600,458,566,108,1024,36,0.301871991420072,0.879378220989019
323,1567800000,433,804,371,1237,36,1.7871628676900566,1.3998491151317753
323,1567814400,167,422,255,589,36,1.1320535838599493,-0.18355529521801878
323,1567828800,46,122,76,168,36,0.12115218898418033,-1.2122794568804622
323,1567843200,123,79,-44,202,36,-0.5565470701504134,-1.1291995958435903
323,1567857600,358,234,-124,592,36,-1.0083465762401425,-0.17622471924417712
323,1567872000,388,451,63,839,36,0.04773476924459934,0.4273260359354512
323,1567886400,347,492,145,839,36,0.5108292629865717,0.4273260359354512
323,1567900800,177,324,147,501,36,0.522124250638815,-0.39858552378404016
323,1567915200,44,126,82,170,36,0.15503715194091,-1.2073924062312344
323,1567929600,87,80,-7,167,36,-0.34758979858391365,-1.214722982205076
323,1567944000,307,221,-86,528,36,-0.793741810847521,-0.33261034001946543
323,1567958400,396,386,-10,782,36,-0.3645322800622785,0.28804509243246007
323,1567972800,331,368,37,699,36,-0.09910007023456263,0.08523249048950801
323,1567987200,115,307,192,422,36,0.7762614728142876,-0.5916240244285367
323,1568001600,26,67,41,93,36,-0.07651009493007617,-1.3955438562265032
323,1568016000,460,265,-195,725,36,-1.409318637894777,0.1487641489294689
323,1568030400,638,478,-160,1116,36,-1.2116563539805205,1.104182550853496
323,1568044800,391,512,121,903,36,0.375289411159653,0.5837116567107395
323,1568059200,453,706,253,1159,36,1.120758596207706,1.2092541398118928
323,1568073600,147,342,195,489,37,0.5764420114506967,-0.6429550075910265
323,1568088000,33,70,37,103,37,-0.21016485426734222,-1.5805808583660308
323,1568102400,480,342,-138,822,37,-1.081406635917069,0.16592946989103682
323,1568116800,728,469,-259,1197,37,-1.683808096372023,1.0768354130014686
323,1568131200,421,527,106,948,37,0.13335333392597862,0.47199386677614186
323,1568145600,517,959,442,1476,37,1.806137554693454,1.7545494346756296
323,1568160000,140,412,272,552,37,0.9597883953765765,-0.48992280914847397
323,1568174400,27,96,69,123,37,-0.050852071337106466,-1.5319992080668077
323,1568188800,516,343,-173,859,37,-1.2556549922470144,0.2558055229445994
323,1568203200,740,483,-257,1223,37,-1.6738510474388832,1.1399915583904585
323,1568217600,415,523,108,938,37,0.14331038285911835,0.44770304162653035
323,1568232000,486,908,422,1394,37,1.7065670653620566,1.5553646684488152
323,1568246400,149,386,237,535,37,0.7855400390466312,-0.5312172119028136
323,1568260800,25,84,59,109,37,-0.10063731600280514,-1.566006363276264
323,1568275200,485,306,-179,791,37,-1.2855261390464336,0.09062791192724115
323,1568289600,757,478,-279,1235,37,-1.7833785857034203,1.1691405485699922
323,1568304000,443,561,118,1004,37,0.19309562752481702,0.6080224876139664
323,1568318400,489,890,401,1379,37,1.6020180515640894,1.518928430724398
323,1568332800,131,466,335,597,37,1.273435436770478,-0.38061409597522217
323,1568347200,28,111,83,139,37,0.01884727119487167,-1.4931338878274294
323,1568361600,348,265,-83,613,37,-0.8075877902557264,-0.3417487757358437
323,1568376000,639,471,-168,1110,37,-1.230762369914165,0.8655052341998484
323,1568390400,456,577,121,1033,37,0.20803120092452662,0.6784658805478397
323,1568404800,519,942,423,1461,37,1.7115455898286265,1.7181131969512125
323,1568419200,180,491,311,671,37,1.1539508495728013,-0.20086198986809697
323,1568433600,41,120,79,161,37,-0.0010668266714077984,-1.439694072498284
323,1568448000,132,76,-56,208,37,-0.6731676296583399,-1.32552719429511
323,1568462400,344,251,-93,595,37,-0.857373034921425,-0.3854722610051445
323,1568476800,367,488,121,855,37,0.20803120092452662,0.2460891928847548
323,1568491200,323,546,223,869,37,0.715840696514653,0.2800963480942109
323,1568505600,191,341,150,532,37,0.3524084104550528,-0.538504459447697
323,1568520000,37,133,96,170,37,0.08356808926027995,-1.4178323298636337
323,1568534400,83,101,18,184,37,-0.3047568191321697,-1.3838251746541776
323,1568548800,308,442,134,750,37,0.2727520189899349,-0.008964471186166048
323,1568563200,389,744,355,1133,37,1.3730059261018754,0.9213741320439548
323,1568577600,347,503,156,850,37,0.382279557254472,0.23394378030994906
323,1568592000,155,316,161,471,37,0.4071721795873213,-0.6866784928603272
323,1568606400,23,74,51,97,37,-0.14046551173536406,-1.5951553534557976
323,1568620800,463,273,-190,736,37,-1.340289908178702,-0.042971626395622166
323,1568635200,710,469,-241,1179,37,-1.5941946559737654,1.0331119277321679
323,1568649600,477,392,-85,869,37,-0.8175448391888661,0.2800963480942109
323,1568664000,475,720,245,1195,37,0.8253682347791901,1.0719772479715461
323,1568678400,130,396,266,526,38,0.9570167974367935,-0.5501673001351153
323,1568692800,26,83,57,109,38,-0.07096820597732464,-1.5486781907637583
323,1568707200,525,302,-223,827,38,-1.4481729952402582,0.17058036911961277
323,1568721600,758,515,-243,1273,38,-1.5465447659018963,1.2385320650917346
323,1568736000,406,542,136,948,38,0.3176002881361459,0.46031614313895525
323,1568750400,518,946,428,1464,38,1.7538281397960622,1.6958835761470603
323,1568764800,147,405,258,552,38,0.9176680891721383,-0.4879100263788929
323,1568779200,26,99,73,125,38,0.007729210551985841,-1.5103660222983908
323,1568793600,527,350,-177,877,38,-1.2219179227184906,0.29030589557388653
323,1568808000,733,512,-221,1245,38,-1.4383358181740944,1.1714857702773414
323,1568822400,435,512,77,947,38,0.027403564684313462,0.4579216326098698
323,1568836800,493,711,218,1204,38,0.7209245478488621,1.073310838584837
323,1568851200,139,422,283,561,38,1.0406328024991858,-0.4663594316171236
323,1568865600,23,79,56,102,38,-0.07588679451040654,-1.5654397644673568
323,1568880000,513,293,-220,806,38,-1.4334172296410124,0.12029564800881778
323,1568894400,733,516,-217,1249,38,-1.4186614640417667,1.1810638123936832
323,1568908800,464,536,72,1000,38,0.0028106220189039357,0.5848306906513999
323,1568923200,547,945,398,1492,38,1.606270483803605,1.7629298709614538
323,1568937600,166,464,298,630,38,1.1144116304954144,-0.3011382051102258
323,1568952000,24,91,67,115,38,-0.02178232064650559,-1.5343111275892456
323,1568966400,473,271,-202,744,38,-1.3448826360455381,-0.02816400479448167
323,1568980800,761,466,-295,1227,38,-1.8023113696221553,1.1283845807538029
323,1568995200,466,548,82,1014,38,0.05199650734972299,0.6183538380585966
323,1569009600,536,927,391,1463,38,1.5718403640720315,1.6934890656179749
323,1569024000,181,463,282,644,38,1.035714213966104,-0.2676150577030292
323,1569038400,50,164,114,214,38,0.20939134040834395,-1.2972545852097834
323,1569052800,117,97,-20,214,38,-0.44969952302463134,-1.2972545852097834
323,1569067200,339,274,-65,613,38,-0.6710360070133171,-0.3418448841046789
323,1569081600,370,437,67,807,38,-0.02178232064650559,0.12269015853790326
323,1569096000,361,528,167,889,38,0.4700765326616849,0.3190400219229122
323,1569110400,176,424,248,600,38,0.8684822038413191,-0.3729735209827901
323,1569124800,41,170,129,211,38,0.28317016840457254,-1.3044381167970398
323,1569139200,97,76,-21,173,38,-0.45461811155771326,-1.395429516902288
323,1569153600,305,262,-43,567,38,-0.5628270592855151,-0.45199236844261076
323,1569168000,329,447,118,776,38,0.22906569454067158,0.04846033213625353
323,1569182400,254,465,211,719,38,0.6864944281172887,-0.08802676802161855
323,1569196800,125,314,189,439,38,0.5782854803894868,-0.7584897161655516
323,1569211200,27,74,47,101,38,-0.1201540913081437,-1.5678342749964422
323,1569225600,445,320,-125,765,38,-0.9661513189982315,0.022120716316313307
323,1569240000,687,456,-231,1143,38,-1.4875217035049133,0.9272456963106229
323,1569254400,402,465,63,867,38,-0.04145667477883321,0.2663607902830318
323,1569268800,496,1004,508,1500,38,2.1473152224426144,1.7820859551941375
323,1569283200,126,460,334,586,39,1.5187717074587603,-0.3080687820443436
323,1569297600,28,78,50,106,39,0.022331188165179212,-1.530640956456542
323,1569312000,492,278,-214,770,39,-1.3687261959668822,0.1605838848136657
323,1569326400,698,448,-250,1146,39,-1.5584158392576177,1.1182654214365544
323,1569340800,398,447,49,845,39,0.01706203140710322,0.3516107870655717
323,1569355200,543,983,440,1526,39,2.0773023238148154,2.086135059512878
323,1569369600,134,440,306,574,39,1.3712353182326327,-0.3386330864046486
323,1569384000,28,85,57,113,39,0.05921528547171114,-1.5128117789130306
323,1569398400,513,314,-199,827,39,-1.2896888445957424,0.30576433052511426
323,1569412800,758,513,-245,1271,39,-1.532070055467238,1.4366435918563976
323,1569427200,466,538,72,1004,39,0.138252636842851,0.7565878198396123
323,1569441600,570,857,287,1427,39,1.271121339829189,1.833979548540362
323,1569456000,155,433,278,588,39,1.223698929006505,-0.30297473131762614
323,1569470400,26,69,43,95,39,-0.01455290914135272,-1.5586582354534881
323,1569484800,497,312,-185,809,39,-1.2159206499826785,0.2599178739846568
323,1569499200,744,468,-276,1212,39,-1.6954139149675935,1.2863690954182316
323,1569513600,426,454,28,880,39,-0.09359026051249257,0.4407566747831278
323,1569528000,480,756,276,1236,39,1.213160615490353,1.3474977041388416
323,1569542400,135,394,259,529,39,1.123584950603061,-0.4532492277557922
323,1569556800,23,89,66,112,39,0.10663769629439505,-1.5153588042763895
323,1569571200,445,287,-158,732,39,-1.0736534175146268,0.06379692100603333
323,1569585600,726,416,-310,1142,39,-1.8745652447421772,1.1080773199831193
323,1569600000,468,424,-44,892,39,-0.4729695470939639,0.47132097914343274
323,1569614400,517,659,142,1176,39,0.5070936099081703,1.1946761823373167
323,1569628800,185,375,190,560,39,0.7600131342958178,-0.37429144149167104
323,1569643200,33,134,101,167,39,0.2910581828270547,-1.3752724092916584
323,1569657600,118,87,-31,205,39,-0.404470509238976,-1.278485445484026
323,1569672000,355,269,-86,624,39,-0.6942741309331555,-0.21128181823671127
323,1569686400,366,505,139,871,39,0.49128613963394235,0.4178334465128991
323,1569700800,322,527,205,849,39,0.8390504856669577,0.36179888851900666
323,1569715200,162,328,166,490,39,0.633553372101994,-0.5525832169267832
323,1569729600,38,122,84,160,39,0.20148251793976288,-1.3931015868351695
323,1569744000,104,81,-23,185,39,-0.3623172551743681,-1.329425952751201
323,1569758400,280,194,-86,474,39,-0.6942741309331555,-0.5933356227405232
323,1569772800,334,404,70,738,39,0.12771432332669902,0.07907907318618582
323,1569787200,296,386,90,682,39,0.2330974584882188,-0.06355434716190399
323,1569801600,125,299,174,424,39,0.675706626166602,-0.7206868909084605
323,1569816000,26,74,48,100,39,0.01179287464902723,-1.5459231086366945
323,1569830400,341,239,-102,580,39,-0.7785806390623713,-0.3233509342244961
323,1569844800,612,359,-253,971,39,-1.5742233095318459,0.6725359828487737
323,1569859200,360,423,63,783,39,0.09083022602016708,0.1936952145373294
323,1569873600,432,799,367,1231,39,1.692653880475268,1.3347625773220477
323,1569888000,123,349,226,472,40,0.9564558909258165,-0.573950712646627
323,1569902400,27,69,42,96,40,-0.0004953163598787225,-1.545838944912929
323,1569916800,389,216,-173,605,40,-1.1186719987860987,-0.2301710985737063
323,1569931200,615,412,-203,1027,40,-1.2746966521478968,0.8606183535975158
323,1569945600,379,448,69,827,40,0.1399268716657396,0.34365652792395085
323,1569960000,486,814,328,1300,40,1.4869397123559303,1.566271245641932
323,1569974400,168,378,210,546,40,0.8732427424661908,-0.38267483714740796
323,1569988800,24,80,56,104,40,0.07231618854229374,-1.5251604718859866
323,1570003200,502,302,-200,804,40,-1.2590941868117171,0.28420591797149086
323,1570017600,787,465,-322,1252,40,-1.8935944438163628,1.4422004074802763
323,1570032000,427,528,101,955,40,0.30635316858499095,0.6745120963550324
323,1570046400,474,868,394,1342,40,1.8301939497518862,1.6748332290333807
323,1570060800,130,413,283,543,40,1.252902732313233,-0.3904292645325114
323,1570075200,27,80,53,107,40,0.05671372320611393,-1.517406044500883
323,1570089600,491,279,-212,770,40,-1.3215040481564364,0.19632240760698483
323,1570104000,721,408,-313,1129,40,-1.8467870478078232,1.124268884691034
323,1570118400,411,478,67,889,40,0.1295252281082864,0.503914693882756
323,1570132800,487,811,324,1298,40,1.4661364252410238,1.5611016273851963
323,1570147200,138,424,286,562,40,1.2685051976494128,-0.34131789109352273
323,1570161600,24,77,53,101,40,0.05671372320611393,-1.53291489927109
323,1570176000,444,305,-139,749,40,-0.9418440583093942,0.1420414159112605
323,1570190400,726,424,-302,1150,40,-1.7895780082418307,1.1785498763867583
323,1570204800,400,489,89,889,40,0.2439433072402717,0.503914693882756
323,1570219200,521,708,187,1229,40,0.7536238415554789,1.3827497975278165
323,1570233600,202,335,133,537,40,0.47277946550424227,-0.4059381193027184
323,1570248000,34,145,111,179,40,0.35836138637225695,-1.3312997872583996
323,1570262400,121,100,-21,221,40,-0.32814708841965484,-1.222737803866951
323,1570276800,376,275,-101,651,40,-0.7442128307177832,-0.11126987866878633
323,1570291200,386,399,13,785,40,-0.15131914794295026,0.2350945445325022
323,1570305600,322,474,152,796,40,0.5715950793000477,0.2635274449445483
323,1570320000,147,334,187,481,40,0.7536238415554789,-0.5506874304913165
323,1570334400,35,130,95,165,40,0.2751482379126313,-1.3674871150555492
323,1570348800,88,82,-6,170,40,-0.25013476173875576,-1.35456306941371
323,1570363200,312,196,-116,508,40,-0.8222251573986823,-0.4808975840253853
323,1570377600,308,340,32,648,40,-0.05250353414714477,-0.11902430605388982
323,1570392000,236,437,201,673,40,0.8264353464576514,-0.05440407784469419
323,1570406400,120,265,145,385,40,0.5351893268489615,-0.7988291068146277
323,1570420800,24,57,33,81,40,-0.04730271236841817,-1.5846110818384465
323,1570435200,444,298,-146,742,40,-0.9782498107604805,0.12394775201268572
323,1570449600,721,425,-296,1146,40,-1.758373077569471,1.168210639873287
323,1570464000,418,459,41,877,40,-0.005696138138605328,0.47289698434234206
323,1570478400,476,883,407,1359,40,1.8978046328753322,1.7187749842156337
323,1570492800,119,406,287,525,41,1.39267853258369,-0.44850638238131757
323,1570507200,25,69,44,94,41,0.10310521525932598,-1.5048246927985192
323,1570521600,496,313,-183,809,41,-1.101557924792652,0.24753630940171079
323,1570536000,757,468,-289,1225,41,-1.6640878492222098,1.2670918015909354
323,1570550400,430,414,-16,844,41,-0.2153079495121219,0.33331621860032346
323,1570564800,536,707,171,1243,41,0.7770797473588906,1.3112071834645076
323,1570579200,138,385,247,523,41,1.1804030894027246,-0.4534080914783811
323,1570593600,28,96,68,124,41,0.23047048116790514,-1.4312990563425654
323,1570608000,356,217,-139,573,41,-0.8680549372935902,-0.3308653640517916
323,1570622400,628,434,-194,1062,41,-1.1599336716674173,0.8676025101802537
323,1570636800,398,349,-49,747,41,-0.39043519013641825,0.09558332739273981
323,1570651200,430,734,304,1164,41,1.4828955959356003,1.1175896741304963
323,1570665600,145,406,261,551,41,1.2546994945160623,-0.384784164119491
323,1570680000,29,79,50,108,41,0.13494653173647075,-1.470512729119074
323,1570694400,681,357,-324,1038,41,-1.8498288620055543,0.8087820010154907
323,1570708800,1065,528,-537,1593,41,-2.9801955969441942,2.1690062754506343
323,1570723200,568,514,-54,1082,41,-0.4169696205340389,0.9166196011508895
323,1570737600,696,969,273,1665,41,1.318382127470352,2.345467802944923
323,1570752000,146,410,264,556,41,1.2706201527546348,-0.37252989137683207
323,1570766400,30,91,61,121,41,0.19332227861123621,-1.4386516199881607
323,1570780800,476,287,-189,763,41,-1.1333992412697966,0.13479700016924845
323,1570795200,776,497,-279,1273,41,-1.6110189884269683,1.3847328199204614
323,1570809600,474,446,-28,920,41,-0.27899058246641145,0.5195811642887395
323,1570824000,501,734,233,1235,41,1.1061066842893867,1.2916003470762534
323,1570838400,189,350,161,539,41,0.7240108865636493,-0.4141944187018725
323,1570852800,47,125,78,172,41,0.28353934196314645,-1.3136580380130394
323,1570867200,130,107,-23,237,41,-0.2524561520687908,-1.1543524923584731
323,1570881600,381,257,-124,638,41,-0.7884516461007282,-0.1715598183972253
323,1570896000,374,449,75,823,41,0.2676186837245741,0.28184827308115584
323,1570910400,347,467,120,814,41,0.5064285573031599,0.25979058214436973
323,1570924800,174,336,162,510,41,0.7293177726431734,-0.4852692006092944
323,1570939200,42,142,100,184,41,0.4002908357126774,-1.284247783430658
323,1570953600,95,78,-17,173,41,-0.22061483559164602,-1.3112071834645076
323,1570968000,309,241,-68,550,41,-0.4912660256473767,-0.38723501866802285
323,1570982400,369,454,85,823,41,0.3206875445198154,0.28184827308115584
323,1570996800,299,438,139,737,41,0.6072593928141184,0.0710747819074219
323,1571011200,110,321,211,431,41,0.9893551905398559,-0.6788867099433058
323,1571025600,26,76,50,102,41,0.13494653173647075,-1.4852178564102647
323,1571040000,244,159,-85,403,41,-0.5814830889992869,-0.7475106373021959
323,1571054400,476,366,-110,842,41,-0.7141552409873904,0.32841450950325984
323,1571068800,407,415,8,822,41,-0.08794268360354275,0.27939741853262406
323,1571083200,405,693,288,1098,41,1.3979854186632141,0.9558332739273981
323,1571097600,144,328,184,472,42,0.8213049524110304,-0.6014406827316615
323,1571112000,27,73,46,100,42,0.06221015027830322,-1.536921939774915
323,1571126400,455,256,-199,711,42,-1.2854581578558866,-0.00041912242699060966
323,1571140800,707,492,-215,1199,42,-1.373469149407507,1.2267713438017935
323,1571155200,409,535,126,944,42,0.502265108036406,0.5855140305060149
323,1571169600,500,819,319,1319,42,1.5638976936278288,1.5285394912351011
323,1571184000,136,446,310,582,42,1.5143915108800423,-0.32481988091779623
323,1571198400,31,75,44,106,42,0.05120877633435065,-1.5218335324032497
323,1571212800,472,279,-193,751,42,-1.2524540360240288,0.10017026005077859
323,1571227200,772,469,-303,1241,42,-1.85752960294142,1.3323901954034512
323,1571241600,434,400,-34,834,42,-0.37784480747979954,0.30889322869214964
323,1571256000,389,718,329,1107,42,1.6189045633475916,0.9954157641029244
323,1571270400,100,352,252,452,42,1.1953516665054178,-0.6517353739705462
323,1571284800,30,64,34,94,42,-0.003798093385412193,-1.5520103471465805
323,1571299200,513,268,-245,781,42,-1.5384897585667956,0.1756122969091055
323,1571313600,791,487,-304,1278,42,-1.8630302899133964,1.4254353741953878
323,1571328000,446,428,-18,874,42,-0.289833815928179,0.40948261116991885
323,1571342400,492,749,257,1241,42,1.222855101365299,1.3323901954034512
323,1571356800,144,402,258,546,42,1.2283557883372755,-0.4153503251477885
323,1571371200,29,81,52,110,42,0.09521427211016092,-1.5117745941554728
323,1571385600,448,285,-163,733,42,-1.0874334268647403,0.05490503793578245
323,1571400000,745,476,-269,1221,42,-1.6705062458942266,1.2820955041645665
323,1571414400,454,423,-31,877,42,-0.36134274656387066,0.41702681485575155
323,1571428800,556,691,135,1247,42,0.5517712907841925,1.3474786027751167
323,1571443200,202,368,166,570,42,0.7222925869154573,-0.354996695661127
323,1571457600,40,128,88,168,42,0.2932390031013072,-1.3659199895627074
323,1571472000,120,103,-17,223,42,-0.2843331289562027,-1.2276095886557747
323,1571486400,365,290,-75,655,42,-0.6033729733308272,-0.14124425789586748
323,1571500800,566,519,-47,1085,42,-0.44935373811549123,0.9400916037401513
323,1571515200,373,539,166,912,42,0.7222925869154573,0.5050425245237996
323,1571529600,151,325,174,476,42,0.7662980826912675,-0.5913817444838846
323,1571544000,39,144,105,183,42,0.386750681624904,-1.328198971133544
323,1571558400,103,95,-8,198,42,-0.23482694620841615,-1.2904779527043806
323,1571572800,299,213,-86,512,42,-0.6638805300225663,-0.5008513002538924
323,1571587200,281,401,120,682,42,0.46926098620454826,-0.07334642472337327
323,1571601600,244,414,170,658,42,0.7442953348033624,-0.13370005421003478
323,1571616000,100,267,167,367,42,0.7277932738874335,-0.8654878117358057
323,1571630400,20,64,44,84,42,0.05120877633435065,-1.5771576927660227
323,1571644800,449,291,-158,740,42,-1.0599299920048588,0.07250817986939205
323,1571659200,704,545,-159,1249,42,-1.065430678976835,1.352508071899005
323,1571673600,426,479,53,905,42,0.1007149590821372,0.48743938259019
323,1571688000,500,882,382,1382,42,1.9104409728623348,1.6869677686375877
323,1571702400,122,355,233,477,43,1.1878185181359502,-0.5515578772772028
323,1571716800,24,95,71,119,43,0.26690726045625496,-1.4565365157254813
323,1571731200,445,283,-162,728,43,-1.0576132521324424,0.08293831895329405
323,1571745600,769,440,-329,1209,43,-2.0069476967775604,1.2988453722874336
323,1571760000,423,479,56,902,43,0.1816376995599869,0.5227882717186585
323,1571774400,481,827,346,1308,43,1.8301825435545032,1.5491048281711755
323,1571788800,139,403,264,542,43,1.364042277321571,-0.38724611331312997
323,1571803200,37,93,56,130,43,0.1816376995599869,-1.4287299095161767
323,1571817600,521,300,-221,821,43,-1.3930068583244302,0.3180305350865061
323,1571832000,759,504,-255,1263,43,-1.5862845296893044,1.4353505300422018
323,1571846400,436,428,-8,864,43,-0.18217909359742354,0.4267290866319697
323,1571860800,524,883,359,1407,43,1.904082829664602,1.799364284054917
323,1571875200,148,440,292,588,43,1.523212124327938,-0.2709639418924014
323,1571889600,32,70,38,102,43,0.07931422648446522,-1.4995103616853158
323,1571904000,501,307,-194,808,43,-1.2395216487111476,0.2851681822936915
323,1571918400,795,484,-311,1279,43,-1.9046242237020385,1.4757965027102813
323,1571932800,453,527,74,980,43,0.2839611726355086,0.719962388475546
323,1571947200,523,785,262,1308,43,1.352673002535402,1.5491048281711755
323,1571961600,157,369,212,526,43,1.068441132881175,-0.42769208598120945
323,1571976000,30,91,61,121,43,0.21006088652540958,-1.4514807691419713
323,1571990400,423,273,-150,696,43,-0.9893976034154279,0.0020463736171350833
323,1572004800,721,488,-233,1209,43,-1.4612225070414446,1.2988453722874336
323,1572019200,426,450,24,876,43,-0.0002706970187183104,0.4570635661330293
323,1572033600,520,681,161,1201,43,0.7785246258338635,1.2786223859533938
323,1572048000,180,370,190,550,43,0.9433791102333151,-0.36702312697909023
323,1572062400,40,133,93,173,43,0.39196928310411483,-1.320031357970713
323,1572076800,131,75,-56,206,43,-0.4550416884654814,-1.2366115393427992
323,1572091200,357,300,-57,657,43,-0.46072632585856593,-0.09654068476130866
323,1572105600,383,408,25,791,43,0.005413940374366228,0.24219433633385704
323,1572120000,348,415,67,763,43,0.2441687108839168,0.17141388416471792
323,1572134400,182,371,189,553,43,0.9376944728402306,-0.35943950710382533
323,1572148800,46,126,80,172,43,0.3180689969940158,-1.322559231262468
323,1572163200,92,69,-23,161,43,-0.26744865449369165,-1.3503658374717726
323,1572177600,252,152,-100,404,43,-0.7051657337612011,-0.7360926275753156
323,1572192000,233,250,17,483,43,-0.04006315877031008,-0.536390637526673
323,1572206400,255,308,53,563,43,0.1645837873807333,-0.33416077418627566
323,1572220800,98,222,124,320,43,0.5681930422897354,-0.9484339840827328
323,1572235200,23,63,40,86,43,0.0906835012706343,-1.5399563343533953
323,1572249600,452,288,-164,740,43,-1.0689825269186115,0.11327279845435367
323,1572264000,681,431,-250,1112,43,-1.5578613427238817,1.0536416629872016
323,1572278400,425,401,-24,826,43,-0.27313329188677615,0.3306699015452809
323,1572292800,507,667,160,1174,43,0.772839988440779,1.2103698070760096
323,1572307200,133,351,218,484,44,0.9318857118025639,-0.6224163238637906
323,1572321600,29,76,47,105,44,0.026713236388527902,-1.4802917323556881
323,1572336000,478,257,-221,735,44,-1.3919196490556922,-0.05427192404461842
323,1572350400,748,469,-279,1217,44,-1.6989372138160086,1.0367464054886126
323,1572364800,412,454,42,866,44,0.00024620494367305005,0.24224965514387384
323,1572379200,524,818,294,1342,44,1.3341845897643576,1.3196868436455709
323,1572393600,138,361,223,499,44,0.9583527432474187,-0.5884634712849556
323,1572408000,28,71,43,99,44,0.00553961123264402,-1.493872873387222
323,1572422400,489,295,-194,784,44,-1.248997679253476,0.05664072771290921
323,1572436800,739,489,-250,1228,44,-1.5454284314358504,1.0616451640464248
323,1572451200,475,495,20,970,44,-0.1162087334136883,0.4776560996904631
323,1572465600,717,1046,329,1763,44,1.5194538098783414,2.272630239358206
323,1572480000,136,405,269,541,44,1.2018494325400833,-0.4933954840642176
323,1572494400,26,88,62,114,44,0.10611433072309245,-1.4599200208083871
323,1572508800,465,252,-213,717,44,-1.3495723987439245,-0.09501534713922041
323,1572523200,752,454,-298,1206,44,-1.7995119333064569,1.0118476469308002
323,1572537600,432,448,16,880,44,-0.13738235856957218,0.27393898421745316
323,1572552000,466,785,319,1251,44,1.4665197469886317,1.1137062046673052
323,1572566400,146,355,209,501,44,0.8842450552018251,-0.5839364242744443
323,1572580800,43,122,79,165,44,0.19610223763559895,-1.344480322040348
323,1572595200,427,291,-136,718,44,-0.9419801144931598,-0.09275182363396474
323,1572609600,736,481,-255,1217,44,-1.5718954628807051,1.0367464054886126
323,1572624000,419,469,50,888,44,0.04259345525544082,0.2920471722594985
323,1572638400,532,893,361,1425,44,1.6888428111254126,1.507559294581791
323,1572652800,200,396,196,596,44,0.8154307734452024,-0.368901691275156
323,1572667200,45,133,88,178,44,0.2437428942363377,-1.3150545164720244
323,1572681600,151,106,-45,257,44,-0.4602801421968014,-1.1362361595568269
323,1572696000,412,311,-101,723,44,-0.7567108943791757,-0.08143420610768641
323,1572710400,476,522,46,998,44,0.021419830099556933,0.5410347578376218
323,1572724800,426,621,195,1047,44,0.8101373671562315,0.6519474095951494
323,1572739200,174,390,216,564,44,0.9212988992246218,-0.44133444344333733
323,1572750000,58,148,90,206,44,0.25432970681427963,-1.2516758583248657
323,1572764400,76,59,-17,135,44,-0.31206476610561423,-1.412386027198018
323,1572778800,348,262,-86,610,44,-0.6773098000446112,-0.3372123622015767
323,1572793200,599,690,91,1289,44,0.2596231131032506,1.1997200978670206
323,1572807600,581,502,-79,1083,44,-0.6402559560218144,0.7334342557843534
323,1572822000,142,313,171,455,44,0.6830956162209282,-0.688058505516205
323,1572836400,39,110,71,149,44,0.1537549873238312,-1.3806966981244386
323,1572850800,193,120,-73,313,44,-0.6084955182879886,-1.0094788432625095
323,1572865200,883,546,-337,1429,44,-2.0059547785763248,1.5166133886028137
323,1572879600,362,413,51,775,44,0.04788686154441178,0.036269016165608216
323,1572894000,585,890,305,1475,44,1.3924120589430382,1.6207354698445744
323,1572908400,176,463,287,639,44,1.2971307457415608,-0.2715701805491624
323,1572922800,60,115,55,175,45,0.15567143036119235,-1.1416993210471251
323,1572937200,186,131,-55,317,45,-0.4476859591259794,-0.8292408614874218
323,1572951600,811,521,-290,1332,45,-1.7366767457576644,1.4041770008583445
323,1572966000,380,372,-8,752,45,-0.18988780179964238,0.12793822237504945
323,1572980400,599,793,194,1392,45,0.9180957679858912,1.5362017020807543
323,1572994800,179,495,316,674,45,1.5872739635989364,-0.04369388921408333
323,1573009200,44,129,85,173,45,0.3202234456758756,-1.1461001444212053
323,1573023600,213,144,-69,357,45,-0.524476899606165,-0.7412243940058153
323,1573038000,990,611,-379,1601,45,-2.2248477245245577,1.9960877446721486
323,1573052400,391,414,23,805,45,-0.01985071930780306,0.24456004178817814
323,1573066800,604,899,295,1503,45,1.4720875528786581,1.7804473993422125
323,1573081200,195,554,359,749,45,1.823131852216649,0.12133698731392896
323,1573095600,59,193,134,252,45,0.5889917373565248,-0.9722676211450324
323,1573110000,193,119,-74,312,45,-0.5519022354919454,-0.8402429199226227
323,1573124400,1015,607,-408,1622,45,-2.383914672662085,2.0422963900999918
323,1573138800,400,422,22,822,45,-0.02533578648495917,0.2819670404678609
323,1573153200,586,979,393,1565,45,2.0096241362399567,1.9168729239387026
323,1573167600,196,531,335,727,45,1.6914902399649023,0.07292793019904535
323,1573182000,76,157,81,233,45,0.29828317696725115,-1.0140754431987955
323,1573196400,176,145,-31,321,45,-0.31604434687423283,-0.8204392147392612
323,1573210800,949,588,-361,1537,45,-2.126116515335748,1.855261396701578
323,1573225200,429,348,-81,777,45,-0.5902977057320382,0.18294851455105354
323,1573239600,614,683,69,1297,45,0.23246237084137786,1.3271625918119387
323,1573254000,248,391,143,639,45,0.6383573419509297,-0.12070829826048905
323,1573268400,58,163,105,221,45,0.4299247892189977,-1.0404803834432776
323,1573282800,70,70,0,140,45,-0.14600726438239353,-1.218713730093531
323,1573297200,337,205,-132,542,45,-0.8700361317669997,-0.33414823190338494
323,1573311600,418,352,-66,770,45,-0.5080216980746965,0.1675456327417724
323,1573326000,363,372,9,735,45,-0.09664165978798855,0.09053122369536667
323,1573340400,198,298,100,496,45,0.4024994533332172,-0.4353671695072325
323,1573354800,64,167,103,231,45,0.41895465486468547,-1.018476266572876
323,1573369200,53,65,12,118,45,-0.08018645825652024,-1.2671227872084143
323,1573383600,273,156,-117,429,45,-0.787760124109658,-0.5827947525389234
323,1573398000,340,308,-32,648,45,-0.32152941405138896,-0.10090459307712758
323,1573412400,321,372,51,693,45,0.13373116165256793,-0.001886067160320212
323,1573426800,138,293,155,431,45,0.704178148076803,-0.5783939291648431
323,1573441200,36,101,65,137,45,0.21052210213275344,-1.2253149651546513
323,1573455600,126,98,-28,224,45,-0.2995891453427645,-1.033879148382157
323,1573470000,604,408,-196,1012,45,-1.2210804311049905,0.700045261005492
323,1573484400,353,387,34,740,45,0.04048501964091412,0.10153328213056749
323,1573498800,495,569,74,1064,45,0.2598877067271584,0.8144666687315806
323,1573513200,172,405,233,577,45,1.1320133878949794,-0.2571338228569792
323,1573527600,66,139,73,205,46,0.3380840217051207,-1.0568991589429677
323,1573542000,166,145,-21,311,46,-0.10432755194148738,-0.8351908681445842
323,1573556400,926,567,-359,1493,46,-1.6951266146282271,1.6370657330222953
323,1573570800,391,350,-41,741,46,-0.19845767399395717,0.06419182094319763
323,1573585200,602,765,163,1367,46,0.7616695709412349,1.3735256892430847
323,1573599600,187,459,272,646,46,1.2746787361271952,-0.13450900571573093
323,1573614000,53,151,98,204,46,0.455746674270708,-1.058990746592009
323,1573628400,191,108,-83,299,46,-0.3961309303041438,-0.8602899199330805
323,1573642800,946,621,-325,1567,46,-1.5351054071390284,1.7918432190513554
323,1573657200,378,365,-13,743,46,-0.06667550312049944,0.06837499624128034
323,1573671600,571,673,102,1244,46,0.4745726986812019,1.1162604084109984
323,1573686000,187,425,238,612,46,1.1146575286379967,-0.20562298578313692
323,1573700400,48,175,127,223,46,0.5922353512467892,-1.0192505812602233
323,1573714800,239,137,-102,376,46,-0.4855545462539901,-0.6992376709568963
323,1573729200,1377,557,-820,1934,46,-3.864825927937656,2.559455886249532
323,1573743600,477,338,-139,815,46,-0.6596952720510592,0.21896930697225778
323,1573758000,591,761,170,1352,46,0.7946151136595994,1.3421518745074645
323,1573772400,235,527,292,762,46,1.368808858179665,0.10811516157306605
323,1573786800,59,204,145,263,46,0.6769524610940121,-0.9355870752985692
323,1573801200,163,141,-22,304,46,-0.10903405804411086,-0.8498319816878738
323,1573815600,998,561,-437,1559,46,-2.0622340906328596,1.7751105178590245
323,1573830000,387,367,-20,754,46,-0.09962104583886389,0.09138246038073522
323,1573844400,596,803,207,1399,46,0.9687558394566684,1.440456494012408
323,1573858800,264,457,193,721,46,0.9028647540199396,0.022360067962370566
323,1573873200,64,179,115,243,46,0.5357572780153073,-0.9774188282793963
323,1573887600,86,67,-19,153,46,-0.0949145397362404,-1.165661716693118
323,1573902000,346,231,-115,577,46,-0.5467391255880955,-0.2788285534995843
323,1573916400,378,296,-82,674,46,-0.3914244242015203,-0.07594455154257304
323,1573930800,375,345,-30,720,46,-0.14668610686509878,0.02026848031332921
323,1573945200,204,316,112,520,46,0.5216377597074369,-0.3980490494949414
323,1573959600,54,159,105,213,46,0.4886922169890724,-1.0401664577506369
323,1573974000,51,52,1,103,46,-0.0007844176837705821,-1.2702410991451858
323,1573988400,238,163,-75,401,46,-0.3584788814831559,-0.6469479797308625
323,1574002800,343,324,-19,667,46,-0.0949145397362404,-0.09058566508586251
323,1574017200,319,337,18,656,46,0.07922618606082875,-0.11359312922531739
323,1574031600,132,312,180,444,46,0.8416801746858342,-0.5570097108220843
323,1574046000,36,125,89,161,46,0.4133881193470965,-1.1489290155007872
323,1574060400,161,132,-29,293,46,-0.1419796007624753,-0.8728394458273286
323,1574074800,931,582,-349,1513,46,-1.6480615536019922,1.6788974860031223
323,1574089200,357,337,-20,694,46,-0.09962104583886389,-0.03411279856174597
323,1574103600,561,737,176,1298,46,0.8228541502753403,1.2292061414592315
323,1574118000,158,451,293,609,46,1.3735153642822884,-0.211897748730261
323,1574132400,47,121,74,168,47,0.40420998392827223,-0.7409640570498957
323,1574146800,162,128,-34,290,47,-0.23934792660126195,-0.512095540061309
323,1574161200,1015,559,-456,1574,47,-2.7539908732999976,1.8966518026710302
323,1574175600,363,340,-23,703,47,-0.17380036163992052,0.26268066908857896
323,1574190000,609,692,83,1301,47,0.4578398098057334,1.3845115966227992
323,1574204400,194,459,265,653,47,1.5423540664388373,0.1688820965522729
323,1574218800,76,154,78,230,47,0.4280454620960328,-0.6246538271048762
323,1574233200,195,114,-81,309,47,-0.5194147950724481,-0.47645208249751264
323,1574247600,981,595,-386,1576,47,-2.3368700053641884,1.9004037455724825
323,1574262000,396,331,-65,727,47,-0.42407288240140606,0.30770398390600584
323,1574276400,594,726,132,1320,47,0.7498244173607999,1.4201550541865955
323,1574290800,233,528,295,761,47,1.7211201526970412,0.37148701323069394
323,1574305200,75,167,92,242,47,0.5114696356831946,-0.6021421696961627
323,1574319600,176,125,-51,301,47,-0.3406487088142442,-0.4914598541033216
323,1574334000,1009,593,-416,1602,47,-2.5156360916223925,1.9491790032913616
323,1574348400,378,376,-2,754,47,-0.04866410125917775,0.3583552130756111
323,1574362800,582,700,118,1282,47,0.666400243773638,1.348868139059003
323,1574377200,213,511,298,724,47,1.7389967613228616,0.3020760695538275
323,1574391600,75,176,101,251,47,0.5650994615606558,-0.5852584266396277
323,1574406000,153,115,-38,268,47,-0.26318340476902247,-0.5533669119772836
323,1574420400,906,544,-362,1450,47,-2.193857136357625,1.6640313427809912
323,1574434800,371,335,-36,706,47,-0.2512656656851422,0.2683085834407573
323,1574449200,562,687,125,1249,47,0.7081123305672189,1.286961081185041
323,1574463600,244,429,185,673,47,1.065644503083627,0.20640152556679534
323,1574478000,38,143,105,181,47,0.5889349397284163,-0.7165764281904561
323,1574492400,0,9,9,9,47,0.016883463702163704,-1.039243517715349
323,1574506800,0,36,36,36,47,0.17777294133454724,-0.9885922885457435
323,1574521200,0,18,18,18,47,0.07051328957962488,-1.0223597746588138
323,1574535600,0,22,22,22,47,0.09434876774738542,-1.0148558888559094
323,1574550000,0,10,10,10,47,0.022842333244103837,-1.0373675462646228
323,1574564400,0,12,12,12,47,0.0347600723279841,-1.0336156033631705
323,1574578800,0,8,8,8,47,0.010924594160223573,-1.0411194891660749
323,1574593200,0,27,27,27,47,0.12414311545708608,-1.0054760316022786
323,1574607600,0,23,23,23,47,0.10030763728932554,-1.0129799174051832
323,1574622000,0,31,31,31,47,0.14797859362484658,-0.9979721457993742
323,1574636400,0,20,20,20,47,0.08243102866350514,-1.0186078317573615
323,1574650800,0,11,11,11,47,0.028801202786043967,-1.0354915748138966
323,1574665200,141,84,-57,225,47,-0.37640192606588496,-0.6340336843585068
323,1574679600,802,564,-238,1366,47,-1.4549573131570488,1.506449740919997
323,1574694000,356,336,-20,692,47,-0.1559237530141001,0.2420449831305916
323,1574708400,569,693,124,1262,47,0.7021534610252789,1.3113487100444805
323,1574722800,178,400,222,578,47,1.2861226761354119,0.028184237747813853
323,1574737200,43,144,101,187,48,0.724321048871444,-0.5816681095394058
323,1574751600,177,111,-66,288,48,-0.705565761369003,-0.34552722326644575
323,1574766000,914,594,-320,1508,48,-2.8803636643694435,2.5068676406247548
323,1574780400,371,377,6,748,48,-0.08908761563659472,0.7299659221351544
323,1574794800,539,630,91,1169,48,0.6386990841863873,1.7142759530353147
323,1574809200,212,446,234,658,48,1.8630931791826981,0.5195433502087544
323,1574823600,40,125,85,165,48,0.5873259053753533,-0.6331047382325258
323,1574838000,171,112,-59,283,48,-0.6456303860894632,-0.3572173661512458
323,1574852400,779,500,-279,1279,48,-2.529313609160711,1.9714590965009147
323,1574866800,417,453,36,870,48,0.1677782784185754,1.0152054085242745
323,1574881200,499,670,171,1169,48,1.323674801666841,1.7142759530353147
323,1574895600,209,349,140,558,48,1.0582467111431653,0.28574049251275435
323,1574910000,56,145,89,201,48,0.621574691249376,-0.5489357094619658
323,1574924400,64,56,-8,120,48,-0.2089583661956741,-0.7383160241957258
323,1574938800,252,177,-75,429,48,-0.782625529585554,-0.015865193915085698
323,1574953200,294,298,4,592,48,-0.10621200857360606,0.36523346412939434
323,1574967600,260,324,64,584,48,0.4075197795367342,0.34652923551371434
323,1574982000,174,245,71,419,48,0.46745515481627387,-0.039245479684685704
323,1574996400,69,138,69,207,48,0.4503307618792625,-0.5349075380002057
323,1575010800,85,86,1,171,48,-0.13189859797912307,-0.6190765667707658
323,1575025200,337,228,-109,565,48,-1.0737402095147468,0.3021066925514744
323,1575039600,366,269,-97,635,48,-0.9709938518926787,0.4657686929386744
323,1575054000,342,477,135,819,48,1.0154357288006368,0.8959659510993144
323,1575068400,197,288,91,485,48,0.6386990841863873,0.11506440639467433
323,1575082800,40,93,53,133,48,0.3133356183831718,-0.7079216526952458
323,1575097200,0,20,20,20,48,0.03078313492248467,-0.9721188818917258
323,1575111600,0,22,22,22,48,0.04790752785949601,-0.9674428247378059
323,1575126000,0,20,20,20,48,0.03078313492248467,-0.9721188818917258
323,1575140400,0,11,11,11,48,-0.046276633294066366,-0.9931611390843659
323,1575154800,0,19,19,19,48,0.022220938453979,-0.9744569104686859
323,1575169200,0,22,22,22,48,0.04790752785949601,-0.9674428247378059
323,1575183600,0,15,15,15,48,-0.012027847420043683,-0.9838090247765259
323,1575198000,0,16,16,16,48,-0.0034656509515380123,-0.9814709961995659
323,1575212400,0,21,21,21,48,0.03934533139099034,-0.9697808533147658
323,1575226800,0,6,6,6,48,-0.08908761563659472,-1.004851281969166
323,1575241200,0,11,11,11,48,-0.046276633294066366,-0.9931611390843659
323,1575255600,0,8,8,8,48,-0.07196322269958337,-1.0001752248152458
323,1575270000,138,90,-48,228,48,-0.5514462249359009,-0.4858089378840458
323,1575284400,832,545,-287,1377,48,-2.5978111809087565,2.200585897042995
323,1575298800,317,280,-37,597,48,-0.4572620637823385,0.37692360701419436
323,1575313200,473,683,210,1156,48,1.6576004639385622,1.6838815815348347
323,1575327600,140,372,232,512,48,1.8459687862456868,0.17819117797259434
323,1575342000,44,100,56,144,49,0.2791249223669129,-1.1939618497508082
323,1575356400,173,109,-64,282,49,-0.45395981381299383,-0.8766232483312785
323,1575370800,927,615,-312,1542,49,-1.9690016019181342,2.0208161559339928
323,1575385200,325,292,-33,617,49,-0.26457959029985123,-0.10627229560995627
323,1575399600,531,636,105,1167,49,0.5784678563070415,1.1584829999026622
323,1575414000,191,463,272,654,49,1.598677447490745,-0.021188757548198302
323,1575428400,53,136,83,189,49,0.44406898800739186,-1.0904818710270485
323,1575442800,175,100,-75,275,49,-0.5211592479628185,-0.89272013391053
323,1575457200,922,526,-396,1448,49,-2.482160917244069,1.8046579781554728
323,1575471600,363,313,-50,676,49,-0.3684332612586714,0.02940145427230644
323,1575486000,532,655,123,1187,49,0.6884305667340275,1.2044741015576665
323,1575500400,190,413,223,603,49,1.2993345135506165,-0.1384660667684593
323,1575514800,48,129,81,177,49,0.4318509090710601,-1.118076532020051
323,1575529200,173,118,-55,291,49,-0.3989784585995008,-0.8559272525865265
323,1575543600,984,522,-462,1506,49,-2.8853575221430177,1.9380321729549852
323,1575558000,382,335,-47,717,49,-0.3501061428541737,0.12368321266506527
323,1575572400,607,693,86,1300,49,0.46239610641188955,1.4643238259084408
323,1575586800,227,466,239,693,49,1.3970791450412707,0.0684938906790601
323,1575601200,55,142,87,197,49,0.46850514588005543,-1.0720854303650467
323,1575615600,136,107,-29,243,49,-0.2401434324271877,-0.9663058965585368
323,1575630000,901,595,-306,1496,49,-1.932347365109139,1.915036622127483
323,1575644400,378,374,-4,752,49,-0.08741744572304047,0.2041676405613228
323,1575658800,600,691,91,1291,49,0.492941303752719,1.443627830163689
323,1575673200,243,390,147,633,49,0.8350475139700089,-0.06947941428595282
323,1575687600,79,176,97,255,49,0.5295955405617143,-0.9387112355655343
323,1575702000,55,75,20,130,49,0.05919950151294087,-1.2261556209093112
323,1575716400,354,200,-154,554,49,-1.0037733659479238,-0.25114426582321986
323,1575730800,406,354,-52,760,49,-0.38065134019500313,0.22256408122332452
323,1575745200,384,417,33,801,49,0.13861701459909742,0.31684583961608337
323,1575759600,213,352,139,565,49,0.7861751982246817,-0.22584915991296747
323,1575774000,68,205,137,273,49,0.7739571192883499,-0.8973192440760304
323,1575788400,49,68,19,117,49,0.05309046204477499,-1.256049836985064
323,1575802800,238,202,-36,440,49,-0.2829067087043489,-0.5132935452567444
323,1575817200,347,337,-10,684,49,-0.1240716825320358,0.04779789493430816
323,1575831600,315,383,68,698,49,0.35243339598490353,0.07999166609281118
323,1575846000,123,294,171,417,49,0.9816644612059903,-0.5661833121599994
323,1575860400,32,96,64,128,49,0.32799723811224,-1.2307547310748117
323,1575874800,133,109,-24,242,49,-0.20959823508635825,-0.9686054516412871
323,1575889200,796,551,-245,1347,49,-1.5596959575510196,1.572402914797701
323,1575903600,320,308,-12,628,49,-0.13628976146836758,-0.0809771896997039
323,1575918000,465,690,225,1155,49,1.3115525924869482,1.1308883389096596
323,1575932400,174,407,233,581,49,1.3604249082322752,-0.189056278588964
323,1575946800,54,114,60,168,50,0.34149749149108294,-1.1321876090426954
323,1575961200,162,117,-45,279,50,-0.3314265198921502,-0.8807940753526093
323,1575975600,864,555,-309,1419,50,-2.023349748512851,1.7010854598428684
323,1575990000,377,333,-44,710,50,-0.3250177197837385,0.09533757348006688
323,1576004400,560,776,216,1336,50,1.341270308403315,1.513106511227759
323,1576018800,211,446,235,657,50,1.4630375104631381,-0.024697176840424627
323,1576033200,47,126,79,173,50,0.46326469355090616,-1.1208635759935923
323,1576047600,157,115,-42,272,50,-0.312200119566915,-0.8966477216213535
323,1576062000,951,560,-391,1511,50,-2.548871357402614,1.909447667946363
323,1576076400,406,370,-36,776,50,-0.27374731891644455,0.2448148097282261
323,1576090800,543,614,71,1157,50,0.4119942926836122,1.1077061280698726
323,1576105200,178,352,174,530,50,1.0721007038500219,-0.3123276162876401
323,1576119600,43,132,89,175,50,0.5273526946350235,-1.1163339627739512
323,1576134000,151,109,-42,260,50,-0.312200119566915,-0.9238254009392006
323,1576148400,973,602,-371,1575,50,-2.420695355234379,2.054395290974881
323,1576162800,393,323,-70,716,50,-0.4916465226024438,0.10892641313899044
323,1576177200,596,665,69,1261,50,0.39917669246678866,1.3432460154912145
323,1576191600,237,472,235,709,50,1.4630375104631381,0.09307276687024629
323,1576206000,55,176,121,231,50,0.7324342981041995,-0.9895047926239979
323,1576220400,139,109,-30,248,50,-0.23529451826597406,-0.9510030802570478
323,1576234800,866,589,-277,1455,50,-1.818268145043675,1.78261849779641
323,1576249200,405,308,-97,713,50,-0.6646841255295609,0.10213199330952867
323,1576263600,590,770,180,1360,50,1.1105535045004922,1.5674618698634533
323,1576278000,252,426,174,678,50,1.0721007038500219,0.022863761965807857
323,1576292400,79,197,118,276,50,0.7132078977789642,-0.8875884951820712
323,1576306800,52,70,18,122,50,0.07232788693778969,-1.2363687130944427
323,1576321200,319,164,-155,483,50,-1.0363945318174421,-0.41877352694920805
323,1576335600,369,331,-38,700,50,-0.28656491913326804,0.07268950738186093
323,1576350000,385,352,-33,737,50,-0.2545209185912093,0.15648735194522292
323,1576364400,219,286,67,505,50,0.3863590922499652,-0.368947781533155
323,1576378800,67,162,95,229,50,0.5658054952854941,-0.9940344058436391
323,1576393200,45,54,9,99,50,0.014648685962083987,-1.2884592651203164
323,1576407600,274,186,-88,460,50,-0.6070049245538552,-0.47086407897508176
323,1576422000,324,382,58,706,50,0.32867989127425945,0.0862783470407845
323,1576436400,318,396,78,714,50,0.4568558934424944,0.10439679991934926
323,1576450800,153,313,160,466,50,0.9823775023322574,-0.4572752393161582
323,1576465200,37,101,64,138,50,0.3671326919247299,-1.2001318073373133
323,1576479600,147,113,-34,260,50,-0.26092971869962106,-0.9238254009392006
323,1576494000,831,562,-269,1393,50,-1.7669977441763811,1.642200487987533
323,1576508400,337,314,-23,651,50,-0.19043291750709185,-0.038286016499348194
323,1576522800,554,599,45,1153,50,0.24536548986490678,1.0986469016305902
323,1576537200,165,426,261,591,50,1.6296663132818436,-0.17417441308858386
323,1576551600,62,123,61,185,51,0.3816423812442144,-1.1331221779695406
323,1576566000,152,114,-38,266,51,-0.31465819848963533,-0.9312007673858951
323,1576580400,883,548,-335,1431,51,-2.4035599376911847,1.9729775453295009
323,1576594800,375,294,-81,669,51,-0.6170917836265599,0.07342057169076122
323,1576609200,539,702,163,1241,51,1.0990429785457565,1.4993347303802087
323,1576623600,190,442,252,632,51,1.7250101663872983,-0.01881513437831145
323,1576638000,47,123,76,170,51,0.4871424690826765,-1.1705150317813269
323,1576652400,159,114,-45,273,51,-0.363891572814251,-0.9137507689403949
323,1576666800,902,596,-306,1498,51,-2.199593101203491,2.139998959022146
323,1576681200,371,327,-44,698,51,-0.35685823362502017,0.1457134223935479
323,1576695600,586,645,59,1231,51,0.3675757028657528,1.4744061611723513
323,1576710000,193,410,217,603,51,1.47884329476422,-0.09110798508109813
323,1576724400,45,119,74,164,51,0.47307579070421485,-1.1854721733060414
323,1576738800,163,95,-68,258,51,-0.5256583741665595,-0.951143622752181
323,1576753200,895,539,-356,1434,51,-2.5512600606650313,1.9804561160918581
323,1576767600,363,397,34,760,51,0.19174222313498268,0.3002705514822642
323,1576782000,556,624,68,1180,51,0.43087575556883,1.347270458212278
323,1576796400,223,415,192,638,51,1.30300981503345,-0.0038579928535969633
323,1576810800,57,127,70,184,51,0.44494243394729166,-1.1356150348903264
323,1576825200,152,112,-40,264,51,-0.3287248768680969,-0.9361864812274665
323,1576839600,834,548,-286,1382,51,-2.058926317418875,1.8508275562109993
323,1576854000,442,362,-80,804,51,-0.6100584444373292,0.4099562559968371
323,1576868400,521,563,42,1084,51,0.2480089366488291,1.1079561938168465
323,1576882800,229,384,155,613,51,1.0427762650319101,-0.06617941587324065
323,1576897200,68,198,130,266,51,0.86694278530114,-0.9312007673858951
323,1576911600,57,66,9,123,51,0.015908743404212534,-1.2876793070582568
323,1576926000,301,182,-119,483,51,-0.8843586728173306,-0.3902508155753878
323,1576940400,377,284,-93,661,51,-0.7014918538973296,0.05347771632447523
323,1576954800,385,422,37,807,51,0.2128422407026751,0.41743482675919436
323,1576969200,195,346,151,541,51,1.0146429082749868,-0.24566511416981449
323,1576983600,85,233,148,318,51,0.9935428907072945,-0.8015722075050362
323,1576998000,56,65,9,121,51,0.015908743404212534,-1.2926650208998285
323,1577012400,256,158,-98,414,51,-0.7366585498434837,-0.5622579431096044
323,1577026800,338,334,-4,672,51,-0.07552466605578793,0.08089914245311845
323,1577041200,321,394,73,715,51,0.4660424515149841,0.1880919900469056
323,1577055600,157,312,155,469,51,1.0427762650319101,-0.4251508124663883
323,1577070000,52,120,68,172,51,0.43087575556883,-1.1655293179397552
323,1577084400,139,104,-35,243,51,-0.2935581809219429,-0.9885364765639673
323,1577098800,513,380,-133,893,51,-0.9828254214665618,0.6318205219467686
323,1577113200,381,349,-32,730,51,-0.2724581633542505,0.2254848438586918
323,1577127600,487,547,60,1034,51,0.3746090420549836,0.9833133477775591
323,1577142000,182,355,173,537,51,1.1693763704380646,-0.2556365418529575
323,1577156400,57,137,80,194,52,0.7907076745311391,-1.1070758844990451
323,1577170800,110,96,-14,206,52,-0.5180498557272979,-1.0614820256779778
323,1577185200,460,321,-139,781,52,-2.258418911922028,1.1232237094981734
323,1577199600,357,316,-41,673,52,-0.8939695718653596,0.7128789801085659
323,1577214000,379,408,29,787,52,0.08063709960368917,1.146020638908707
323,1577228400,166,240,74,406,52,0.707169959833792,-0.30158437866018606
323,1577242800,52,96,44,148,52,0.2894813863470568,-1.2818523433131372
323,1577257200,45,46,1,91,52,-0.30920556898393037,-1.498423172713208
323,1577271600,150,138,-12,288,52,-0.49020395082818224,-0.7499239904006831
323,1577286000,215,339,124,554,52,1.4033175823116841,0.2607398801329798
323,1577300400,336,338,2,674,52,-0.2952826165343725,0.7166784683436548
323,1577314800,149,237,88,386,52,0.9020912941276018,-0.37757414336196526
323,1577329200,44,110,66,154,52,0.5957863402373293,-1.2590554139026036
323,1577343600,98,92,-6,190,52,-0.40666623613083525,-1.122273837439401
323,1577358000,393,336,-57,729,52,-1.116736811058285,0.9256503212735475
323,1577372400,339,306,-33,645,52,-0.7825859522688968,0.6064933095260749
323,1577386800,406,486,80,892,52,0.7907076745311391,1.5449669035930478
323,1577401200,168,327,159,495,52,1.8906209180462084,0.03657007426273123
323,1577415600,55,127,72,182,52,0.6793240549346764,-1.1526697433201127
323,1577430000,109,108,-1,217,52,-0.337051473883046,-1.0196876550919993
323,1577444400,446,346,-100,792,52,-1.7154237663892722,1.1650180800841519
323,1577458800,369,340,-29,709,52,-0.7268941424706655,0.8496605565717683
323,1577473200,428,455,27,883,52,0.052791194704573496,1.5107715094772471
323,1577487600,215,358,143,573,52,1.667853678853283,0.33293015659966996
