remote_unit_id,time_stamp,entries,exits,num_people_exited,sum_exit_entry,week_num,z_score_num_people_exited,z_score_sum_exit_entry
37,1546311600,59,49,-10,108,1,0.9319735120551473,-1.1056758824862671
37,1546326000,89,20,-69,109,1,0.5154847180294205,-1.1014584283890532
37,1546340400,156,38,-118,194,1,0.16958724502500333,-0.7429748301258642
37,1546354800,206,68,-138,274,1,0.028404602982384074,-0.4055785023487452
37,1546369200,233,109,-124,342,1,0.12723245241221756,-0.11879162373819406
37,1546383600,132,80,-52,212,1,0.6354899637656469,-0.6670606563760124
37,1546398000,41,39,-2,80,1,0.9884465688721951,-1.2237645972082587
37,1546412400,196,30,-166,226,1,-0.16925109587728288,-0.6080162990150166
37,1546426800,608,119,-489,727,1,-2.449350764865584,1.5049282036891911
37,1546441200,334,107,-227,441,1,-0.5998581541072716,0.2987363318859907
37,1546455600,433,323,-110,756,1,0.22606030184205103,1.6272343725083969
37,1546470000,188,130,-58,318,1,0.5931351711528611,-0.22001052207132976
37,1546484400,43,56,13,99,1,1.0943335504041596,-1.143632969361193
37,1546498800,212,39,-173,251,1,-0.21866502059219964,-0.502579946584667
37,1546513200,667,138,-529,805,1,-2.7317160489508225,1.8338896232718822
37,1546527600,365,128,-237,493,1,-0.6704494751285812,0.518043944941118
37,1546542000,445,359,-86,804,1,0.39547947229319413,1.8296721691746682
37,1546556400,198,153,-45,351,1,0.6849038884805636,-0.08083453686326818
37,1546570800,39,57,18,96,1,1.1296292109148143,-1.156285331652835
37,1546585200,199,34,-165,233,1,-0.16219196377515194,-0.5784941203345187
37,1546599600,696,127,-569,823,1,-3.014081333036061,1.9098037970217339
37,1546614000,370,109,-261,479,1,-0.8398686455797244,0.4589995875801222
37,1546628400,427,340,-87,767,1,0.3884203401910632,1.6736263675777507
37,1546642800,226,147,-79,373,1,0.44489339700811087,0.011949453275439552
37,1546657200,42,77,35,119,1,1.2496344566510407,-1.0592838874169133
37,1546671600,101,23,-78,124,1,0.45195252911024186,-1.0381966169308434
37,1546686000,302,71,-231,373,1,-0.6280946825157955,0.011949453275439552
37,1546700400,284,131,-153,415,1,-0.07748237854958037,0.18908252535842704
37,1546714800,285,139,-146,424,1,-0.02806845383466363,0.22703961223335292
37,1546729200,176,121,-55,297,1,0.614312567459254,-0.3085770581128235
37,1546743600,49,70,21,119,1,1.150806607221207,-1.0592838874169133
37,1546758000,81,13,-68,94,1,0.5225438501315515,-1.164720239847263
37,1546772400,239,56,-183,295,1,-0.28925634161350927,-0.3170119663072515
37,1546786800,295,108,-187,403,1,-0.31749287002203314,0.13847307619185917
37,1546801200,303,165,-138,468,1,0.028404602982384074,0.4126075925107684
37,1546815600,150,105,-45,255,1,0.6849038884805636,-0.485710130195811
37,1546830000,42,41,-1,83,1,0.995505700974326,-1.2111122349166168
37,1546844400,221,41,-180,262,1,-0.26807894530711635,-0.45618795151531305
37,1546858800,641,181,-460,822,1,-2.244635933903786,1.90558634292452
37,1546873200,324,144,-180,468,1,-0.26807894530711635,0.4126075925107684
37,1546887600,460,367,-93,827,1,0.3460655475782774,1.92667361341059
37,1546902000,199,139,-60,338,1,0.5790169069485992,-0.13566144012705
37,1546916400,39,62,23,101,2,1.129853482731872,-1.1996839699755733
37,1546930800,232,38,-194,270,2,-0.3123712569905764,-0.5323362568966846
37,1546945200,680,180,-500,860,2,-2.346107525907946,1.797457534325471
37,1546959600,320,108,-212,428,2,-0.4320028022210099,0.09157462278653676
37,1546974000,436,343,-93,779,2,0.35889463569130053,1.4776044884119208
37,1546988400,191,137,-54,328,2,0.6180963170239064,-0.3033056808104388
37,1547002800,49,79,30,128,2,1.1763768614325962,-1.0930662880043898
37,1547017200,221,36,-185,257,2,-0.25255548437535963,-0.5836706963642914
37,1547031600,682,176,-506,858,2,-2.385984707651424,1.7895599282535315
37,1547046000,336,107,-229,443,2,-0.5449881504941971,0.15080666832608308
37,1547060400,424,381,-43,805,2,0.6912044835536159,1.5802733673471345
37,1547074800,189,164,-25,353,2,0.8108360287840494,-0.2045856049111949
37,1547089200,49,44,-5,93,2,0.9437599679289754,-1.2312743942633313
37,1547103600,211,35,-176,246,2,-0.19273971176014287,-0.6271075297599588
37,1547118000,662,165,-497,827,2,-2.326168935036207,1.667147034138469
37,1547132400,351,124,-227,475,2,-0.5316957565797045,0.27716836547711526
37,1547146800,456,359,-97,815,2,0.3323098478623153,1.6197613977068321
37,1547161200,174,154,-20,328,2,0.8440670135702809,-0.3033056808104388
37,1547175600,46,63,17,109,2,1.0899763009883943,-1.1680935456878152
37,1547190000,192,37,-155,229,2,-0.053169575657970446,-0.6942371813714445
37,1547204400,675,177,-498,852,2,-2.3328151319934536,1.765867110037713
37,1547218800,328,114,-214,442,2,-0.4452951961355025,0.14685786529011333
37,1547233200,413,321,-92,734,2,0.3655408326485468,1.299908351793282
37,1547247600,213,147,-66,360,2,0.5383419535369508,-0.1769439836594066
37,1547262000,56,62,6,118,2,1.0168681344586847,-1.1325543183640874
37,1547276400,97,22,-75,119,2,0.47852618092173405,-1.1286055153281176
37,1547290800,315,84,-231,399,2,-0.5582805444086897,-0.022940665256586144
37,1547305200,309,122,-187,431,2,-0.26584787828985224,0.10342103189444603
37,1547319600,343,139,-204,482,2,-0.3788332265630394,0.3048099867289035
37,1547334000,143,111,-32,254,2,0.7643126500833252,-0.5955171054722007
37,1547348400,57,59,2,116,2,0.9902833466296996,-1.140451924436027
37,1547362800,65,17,-48,82,2,0.6579734987673843,-1.2747112276589987
37,1547377200,219,56,-163,275,2,-0.10633915131594089,-0.5125922417168358
37,1547391600,265,120,-145,385,2,0.013292393914492611,-0.07822390776016272
37,1547406000,213,136,-77,349,2,0.46523378700724144,-0.22038081705507392
37,1547420400,137,88,-49,225,2,0.651327301810138,-0.7100323935153235
37,1547434800,34,53,19,87,2,1.1032686949028867,-1.2549672124791498
37,1547449200,204,41,-163,245,2,-0.10633915131594089,-0.6310563327959284
37,1547463600,623,156,-467,779,2,-2.126783026318818,1.4776044884119208
37,1547478000,333,108,-225,441,2,-0.5184033626652119,0.14290906225414357
37,1547492400,418,363,-55,781,2,0.6114501200666601,1.4855020944838604
37,1547506800,188,126,-62,314,2,0.564926741365936,-0.3585889233140154
37,1547521200,36,52,16,88,3,1.0530942422978742,-1.1662853614579476
37,1547535600,210,39,-171,249,3,-0.29069165193567653,-0.504950215614875
37,1547550000,656,176,-480,832,3,-2.5111720867921856,1.8898223932454439
37,1547564400,356,117,-239,473,3,-0.7793410680206041,0.41516824816679126
37,1547578800,423,375,-48,798,3,0.59318890951206,1.7501615549928695
37,1547593200,223,157,-66,380,3,0.46384053466604985,0.03315477882886737
37,1547607600,38,59,21,97,3,1.089024346421766,-1.1293163160381485
37,1547622000,184,43,-141,227,3,-0.07511102719232612,-0.5953189933077171
37,1547636400,684,191,-493,875,3,-2.604590357514304,2.066452276917817
37,1547650800,346,153,-193,499,3,-0.44878411008080016,0.5219677127128776
37,1547665200,404,343,-61,747,3,0.4997706387899416,1.540670297614008
37,1547679600,189,163,-26,352,3,0.7512813676571837,-0.08186002914384091
37,1547694000,44,48,4,92,3,0.966861992400534,-1.1498546746047036
37,1547708400,213,39,-174,252,3,-0.31224971441001154,-0.4926272004749419
37,1547722800,651,184,-467,835,3,-2.417753816070067,1.9021454083853768
37,1547737200,347,121,-226,468,3,-0.6859227972984856,0.39462988960023626
37,1547751600,435,353,-82,788,3,0.3488642014695963,1.7090848378597594
37,1547766000,189,163,-26,352,3,0.7512813676571837,-0.08186002914384091
37,1547780400,46,69,23,115,3,1.1033963880713227,-1.0553782251985502
37,1547794800,189,40,-149,229,3,-0.1325991937905529,-0.5871036498810951
37,1547809200,656,145,-511,801,3,-2.7339387323603144,1.7624845701328025
37,1547823600,334,134,-200,468,3,-0.49908625585424854,0.39462988960023626
37,1547838000,440,322,-118,762,3,0.09016745177757583,1.6022853733136733
37,1547852400,208,181,-27,389,3,0.7440953468324053,0.07012382424866646
37,1547866800,51,77,26,128,3,1.1249544505456577,-1.0019784929255071
37,1547881200,99,18,-81,117,3,0.35605022229437466,-1.0471628817719283
37,1547895600,333,94,-239,427,3,-0.7793410680206041,0.22621534935448484
37,1547910000,291,145,-146,436,3,-0.11104113131621786,0.2631843947742839
37,1547924400,287,156,-131,443,3,-0.003250818944542663,0.291938096767461
37,1547938800,148,76,-72,224,3,0.4207244097173798,-0.6076420084476502
37,1547953200,35,47,12,82,3,1.024350158998761,-1.1909313917378135
37,1547967600,59,11,-48,70,3,0.59318890951206,-1.2402234522975457
37,1547982000,190,49,-141,239,3,-0.07511102719232612,-0.546026932747985
37,1547996400,241,102,-139,343,3,-0.060738985542769436,-0.11882907456364
37,1548010800,220,105,-115,325,3,0.11172551425191088,-0.19276716540323818
37,1548025200,109,97,-12,206,3,0.8518856592040805,-0.6815800992872484
37,1548039600,32,44,12,76,3,1.024350158998761,-1.2155774220176796
37,1548054000,123,23,-100,146,3,0.21951582662358607,-0.928040402085909
37,1548068400,297,56,-241,353,3,-0.7937131096701607,-0.0777523574305299
37,1548082800,213,75,-138,288,3,-0.053552964717991085,-0.34475101879574555
37,1548097200,208,151,-57,359,3,0.5285147220890549,-0.05310632715066384
37,1548111600,115,76,-39,191,3,0.6578630969350652,-0.7431951749869135
37,1548126000,29,35,6,64,4,1.1174699201449136,-1.4401000951904273
37,1548140400,195,42,-153,237,4,-0.013035174041987396,-0.7049235834463365
37,1548154800,619,130,-489,749,4,-2.4020270711916654,1.4708589252991806
37,1548169200,344,128,-216,472,4,-0.46097115475755196,0.2937265914661567
37,1548183600,434,299,-135,733,4,0.1149465347338882,1.4028657219008833
37,1548198000,193,144,-49,337,4,0.7264146988852938,-0.27996606220697773
37,1548212400,45,55,10,100,4,1.145910299872886,-1.2871153875442582
37,1548226800,206,48,-158,254,4,-0.04858564870195284,-0.6326808048356456
37,1548241200,604,140,-464,744,4,-2.224274697891838,1.4496110492372127
37,1548255600,345,126,-219,471,4,-0.4823014395535312,0.28947701625376315
37,1548270000,413,335,-78,748,4,0.5202219458574943,1.4666093500867872
37,1548284400,207,155,-52,362,4,0.7050844140893145,-0.173726681897138
37,1548298800,50,55,5,105,4,1.1103598252129205,-1.2658675114822902
37,1548313200,197,40,-157,237,4,-0.04147555376995975,-0.7049235834463365
37,1548327600,584,148,-436,732,4,-2.0251920397960315,1.3986161466884897
37,1548342000,311,147,-164,458,4,-0.09124621829391137,0.23423253849264647
37,1548356400,455,311,-144,766,4,0.0509556803459504,1.5431017039098718
37,1548370800,193,144,-49,337,4,0.7264146988852938,-0.27996606220697773
37,1548385200,38,64,26,102,4,1.2596718187847755,-1.278616237119471
37,1548399600,212,38,-174,250,4,-0.16234716761384224,-0.6496791056852199
37,1548414000,620,163,-457,783,4,-2.1745040333678864,1.6153444825205627
37,1548428400,374,126,-248,500,4,-0.6884941925813308,0.4127146974131772
37,1548442800,444,317,-127,761,4,0.1718272941898329,1.5218538278479037
37,1548457200,211,146,-65,357,4,0.6126531799734044,-0.19497455795910595
37,1548471600,52,85,33,137,4,1.309442483308727,-1.1298811046856954
37,1548486000,92,18,-74,110,4,0.5486623255854666,-1.2446196354203223
37,1548500400,308,75,-233,383,4,-0.5818427686014345,-0.08448560243687264
37,1548514800,428,145,-283,573,4,-0.9373475152010889,0.7229336879179091
37,1548529200,311,148,-163,459,4,-0.08413612336191828,0.23848211370504008
37,1548543600,180,92,-88,272,4,0.4491209965375634,-0.556188451012561
37,1548558000,53,71,18,124,4,1.2027910593288307,-1.185125582446812
37,1548572400,56,32,-24,88,4,0.904167072185121,-1.338110290092981
37,1548586800,254,68,-186,322,4,-0.2476683067977593,-0.3437096903928815
37,1548601200,288,121,-167,409,4,-0.11257650308989063,0.026003353085360652
37,1548615600,255,141,-114,396,4,0.26425852830574303,-0.029241124675755997
37,1548630000,146,78,-68,224,4,0.5913228951774251,-0.7601680612074532
37,1548644400,58,58,0,116,4,1.0748093505529552,-1.2191221841459607
37,1548658800,199,38,-161,237,4,-0.0699159334979321,-0.7049235834463365
37,1548673200,618,148,-470,766,4,-2.2669352674837966,1.5431017039098718
37,1548687600,373,119,-254,492,4,-0.7311547621732893,0.3787180957140285
37,1548702000,443,353,-90,796,4,0.43490080667357717,1.6705889602816792
37,1548716400,198,160,-38,358,4,0.8046257431372178,-0.19072498274671235
37,1548730800,51,54,3,105,5,0.9172575908943521,-1.1803961454516243
37,1548745200,234,36,-198,270,5,-0.399881029823356,-0.5248258400129335
37,1548759600,943,245,-698,1188,5,-3.676345260464421,3.1225289502459646
37,1548774000,334,119,-215,453,5,-0.5112808136651522,0.20226122601906904
37,1548788400,419,383,-36,802,5,0.661693380904349,1.5888917508560574
37,1548802800,202,156,-46,358,5,0.5961640962915278,-0.17518834377896508
37,1548817200,41,61,20,102,5,1.0286573747361483,-1.1923156055505095
37,1548831600,205,43,-162,248,5,-0.1639756052171993,-0.6122352140714256
37,1548846000,661,148,-513,809,5,-2.464053495127227,1.616703824420123
37,1548860400,360,145,-215,505,5,-0.5112808136651522,0.408865201066414
37,1548874800,389,380,-9,769,5,0.8386224493589666,1.4577776897683192
37,1548889200,141,122,-19,263,5,0.7730931647461453,-0.5526379135769992
37,1548903600,33,54,21,87,5,1.0352103031974305,-1.251912906044936
37,1548918000,175,31,-144,206,5,-0.04602289291412097,-0.7791076554558196
37,1548932400,539,135,-404,674,5,-1.7497842928474747,1.0803281199702852
37,1548946800,288,97,-191,385,5,-0.3540105305943811,-0.06791320288899748
37,1548961200,350,287,-63,637,5,0.48476431244973156,0.9333214454173666
37,1548975600,145,123,-22,268,5,0.753434379362299,-0.5327721467455236
37,1548990000,23,64,41,87,5,1.1662688724230732,-1.251912906044936
37,1549004400,197,38,-159,235,5,-0.14431681983335293,-0.6638862078332618
37,1549018800,565,147,-418,712,5,-1.8415252913054245,1.2313079478894988
37,1549033200,331,139,-192,470,5,-0.3605634590556632,0.2698048332460857
37,1549047600,393,345,-48,738,5,0.5830582393689635,1.3346099354131713
37,1549062000,196,174,-22,370,5,0.753434379362299,-0.12751050338342393
37,1549076400,44,78,34,122,5,1.1203983731940983,-1.1128525382246077
37,1549090800,86,17,-69,103,5,0.4454467416820388,-1.1883424521842145
37,1549105200,331,85,-246,416,5,-0.7144215959648983,0.055254551466150485
37,1549119600,378,180,-198,558,5,-0.399881029823356,0.6194423294800541
37,1549134000,336,188,-148,524,5,-0.07223460675924949,0.48435511502602085
37,1549148400,185,104,-81,289,5,0.3668116001466532,-0.4493359260533267
37,1549162800,45,85,40,130,5,1.159715943961791,-1.0810673112942468
37,1549177200,76,14,-62,90,5,0.4913172409110137,-1.2399934459460507
37,1549191600,247,77,-170,324,5,-0.21639903290745635,-0.31027555823299835
37,1549206000,285,148,-137,433,5,-0.0001523936851460614,0.12279815869316711
37,1549220400,267,158,-109,425,5,0.1833296032307536,0.09101293176280635
37,1549234800,146,81,-65,227,5,0.4716584555271673,-0.6956714347636226
37,1549249200,50,45,-5,95,5,0.8648341632040951,-1.2201276791145752
37,1549263600,201,42,-159,243,5,-0.14431681983335293,-0.6321009809029011
37,1549267885,303,61,-242,364,5,-0.6882098821197697,-0.1513494235811945
37,1549278000,378,93,-285,471,5,-0.9699858059549014,0.27377798661238073
37,1549292400,335,112,-223,447,5,-0.5637042413554093,0.17842230582129845
37,1549306800,479,378,-101,857,5,0.23575303092101063,1.8074151860022878
37,1549321200,203,228,25,431,5,1.061422017042559,0.11485185196057693
37,1549335600,35,59,24,94,6,1.0836597092874993,-1.2753498028055226
37,1549350000,176,37,-139,213,6,0.08490710161622574,-0.8241749504257093
37,1549364400,600,160,-440,760,6,-1.759415198439316,1.2497128163957851
37,1549378800,401,144,-257,545,6,-0.6381162585384386,0.4345649738608284
37,1549393200,447,349,-98,796,6,0.33612708268691416,1.386202687703964
37,1549407600,219,189,-30,408,6,0.7527846122675682,-0.08485481417307422
37,1549422000,54,60,6,114,6,0.9733680102808556,-1.199522096523201
37,1549436400,200,39,-161,239,6,-0.04989386383633879,-0.7255989322586913
37,1549450800,730,176,-554,906,6,-2.4579292921480596,1.8032550722567324
37,1549465200,342,127,-215,469,6,-0.38076896085626993,0.1464196899880065
37,1549479600,440,326,-114,766,6,0.2380900169032309,1.2724611282804814
37,1549494000,185,162,-23,347,6,0.7956758285479296,-0.3161293183341549
37,1549508400,38,69,31,107,6,1.1265509255678607,-1.2260617937220135
37,1549522800,206,36,-170,242,6,-0.10503971333966065,-0.7142247763163431
37,1549537200,761,178,-583,939,6,-2.6356214738809856,1.9283707876225629
37,1549551600,378,157,-221,535,6,-0.41753286052515115,0.3966511207196676
37,1549566000,455,380,-75,835,6,0.4770553647509589,1.5340667149544909
37,1549580400,187,172,-15,359,6,0.8446943614397713,-0.270632694564762
37,1549594800,50,69,19,119,6,1.0530231262300982,-1.1805651699526205
37,1549609200,206,61,-145,267,6,0.0481432019473445,-0.6194401434634411
37,1549623600,715,175,-540,890,6,-2.3721468595873367,1.742592907230875
37,1549638000,347,187,-160,534,6,-0.043766547224858586,0.3928597354055515
37,1549652400,445,346,-99,791,6,0.32999976607543396,1.3672457611333835
37,1549666800,216,154,-62,370,6,0.5567104807002016,-0.22892745610948517
37,1549681200,53,93,40,146,6,1.1816967750711826,-1.0781977664714866
37,1549695600,94,20,-74,114,6,0.48318268136243914,-1.199522096523201
37,1549710000,372,71,-301,443,6,-0.9077181894435676,0.0478436718209885
37,1549724400,366,133,-233,499,6,-0.49106065986291364,0.2601612494114888
37,1549738800,332,154,-178,486,6,-0.1540582462315023,0.21087324032797983
37,1549753200,159,113,-46,272,6,0.6547475464838849,-0.6004832168928608
37,1549767600,61,71,10,132,6,0.9978772767267764,-1.1312771608691117
37,1549782000,84,22,-62,106,6,0.5567104807002016,-1.2298531790361296
37,1549796400,243,65,-178,308,6,-0.1540582462315023,-0.46399334558468197
37,1549810800,275,135,-140,410,6,0.07877978500474553,-0.07727204354484206
37,1549825200,273,134,-139,407,6,0.08490710161622574,-0.0886461994871903
37,1549839600,144,90,-54,234,6,0.6057290135920432,-0.7445558588292717
37,1549854000,45,33,-12,78,6,0.8630763112742119,-1.3360119678313798
37,1549868400,200,33,-167,233,6,-0.08665776350522003,-0.7483472441433877
37,1549882800,694,151,-543,845,6,-2.3905288094217774,1.5719805680956516
37,1549897200,384,162,-222,546,6,-0.42366017713663134,0.4383563591749445
37,1549911600,438,376,-62,814,6,0.5567104807002016,1.4544476233580532
37,1549926000,198,160,-38,358,6,0.7037660793757265,-0.27442407987887807
37,1549940400,37,71,34,108,7,1.1564194278485531,-1.1944641737981698
37,1549954800,188,34,-154,222,7,-0.040315539686463384,-0.7423618446166965
37,1549969200,648,144,-504,792,7,-2.268279574991016,1.5181498012906698
37,1549983600,296,92,-204,388,7,-0.35859611615854226,-0.08403740036998986
37,1549998000,331,342,11,673,7,1.010010362671397,1.0462184225836932
37,1550012400,154,117,-37,271,7,0.7044610092582012,-0.5480371592667651
37,1550026800,30,68,38,98,7,1.1818818739663195,-1.2341222728491763
37,1550041200,194,43,-151,237,7,-0.02121870509813865,-0.6828746960401869
37,1550055600,744,165,-579,909,7,-2.7457004396991342,1.982149560187445
37,1550070000,372,147,-225,519,7,-0.4922739582768154,0.4354836971981943
37,1550084400,503,350,-153,853,7,-0.03394992815702181,1.760064205501809
37,1550098800,219,171,-48,390,7,0.6344392824343439,-0.07610578055978857
37,1550113200,46,55,9,101,7,0.9972791396125138,-1.2222248431338743
37,1550127600,175,41,-134,216,7,0.08699669090236817,-0.7661567040473004
37,1550142000,702,188,-514,890,7,-2.3319356902854316,1.9067991719905328
37,1550156400,359,131,-228,490,7,-0.5113707928651401,0.3204752099502757
37,1550170800,439,396,-43,835,7,0.6662673400815518,1.6886796272099973
37,1550185200,213,189,-24,402,7,0.7872139591409417,-0.028516061698580866
37,1550199600,39,74,35,113,7,1.1627850393779948,-1.1746351242726667
37,1550214000,189,39,-150,228,7,-0.014853093568697075,-0.7185669851860926
37,1550228400,750,148,-602,898,7,-2.89210950487629,1.9385256512313378
37,1550242800,344,132,-212,476,7,-0.4095210083940749,0.2649538712788667
37,1550257200,470,336,-134,806,7,0.08699669090236817,1.5736711399620789
37,1550271600,247,171,-76,418,7,0.4562021596099797,0.034936896783029414
37,1550286000,69,75,6,144,7,0.978182305024189,-1.0516950172145467
37,1550300400,93,20,-73,113,7,0.4752989941983044,-1.1746351242726667
37,1550314800,367,104,-263,471,7,-0.7341671963955954,0.24512482175336348
37,1550329200,380,149,-231,529,7,-0.5304676274534649,0.4751417962492008
37,1550343600,365,148,-217,513,7,-0.44134906604128277,0.41168883776759047
37,1550358000,204,138,-66,342,7,0.5198582749043954,-0.26646465600461944
37,1550372400,48,67,19,115,7,1.0609352549069295,-1.1667035044624654
37,1550386800,79,11,-68,90,7,0.5071270518455123,-1.2658487520899813
37,1550401200,220,63,-157,283,7,-0.05941237427478812,-0.5004474404055573
37,1550415600,302,156,-146,458,7,0.010609352549069235,0.19356929298705514
37,1550430000,272,161,-111,433,7,0.23340575607952446,0.09442404535953906
37,1550444400,144,92,-52,236,7,0.6089768363165775,-0.6868405059452876
37,1550458800,43,44,1,87,7,0.9463542473769812,-1.2777461818052833
37,1550473200,150,26,-124,176,7,0.15065280619678395,-0.9247891002513261
37,1550487600,374,93,-281,467,7,-0.8487482039255437,0.2292615821329609
37,1550502000,321,118,-203,439,7,-0.35223050462910066,0.11821890479014291
37,1550516400,388,248,-140,636,7,0.0488030217257187,0.8994834560949695
37,1550530800,186,135,-51,321,7,0.6153424478460191,-0.34974666401173293
37,1550545200,34,64,30,98,8,1.217934201581333,-1.4361292176035174
37,1550559600,163,36,-127,199,8,0.20821449386769983,-1.0028775407558603
37,1550574000,567,134,-433,701,8,-1.7597742358161967,1.1505119817938818
37,1550588400,361,130,-231,491,8,-0.4606444207961081,0.2496916635957826
37,1550602800,439,339,-100,778,8,0.38186055825157306,1.480812765133185
37,1550617200,203,162,-41,365,8,0.7613093656089257,-0.290800527323077
37,1550631600,39,62,23,101,8,1.1729148515558845,-1.4232603559149732
37,1550646000,177,39,-138,216,8,0.1374698009705663,-0.9299539911874427
37,1550660400,606,124,-482,730,8,-2.0749096859943372,1.2749109781164765
37,1550674800,350,120,-230,470,8,-0.4542130850781869,0.15960963177597268
37,1550689200,342,280,-62,622,8,0.6262513155325798,0.8116319573288826
37,1550703600,162,156,-6,318,8,0.9864061157361688,-0.4924126937769373
37,1550718000,28,62,34,90,8,1.243659544453018,-1.4704461821063022
37,1550732400,183,34,-149,217,8,0.06672510807343277,-0.9256643706245946
37,1550746800,581,135,-446,716,8,-1.8433816001491727,1.2148562902366034
37,1550761200,371,154,-217,525,8,-0.3706057207452109,0.39553876273261773
37,1550775600,433,336,-97,769,8,0.4011545654053368,1.442206180067552
37,1550790000,241,153,-88,394,8,0.45903658686662785,-0.16640153100048233
37,1550804400,41,79,38,120,8,1.269384887324703,-1.3417575652208595
37,1550818800,174,33,-141,207,8,0.11817579381680261,-0.9685605762530755
37,1550833200,548,107,-441,655,8,-1.8112249215595666,0.9531894359028696
37,1550847600,403,120,-283,523,8,-0.7950738781280121,0.38695952160692154
37,1550862000,416,276,-140,692,8,0.12460712953472385,1.111905396728249
37,1550876400,244,146,-98,390,8,0.3947232296874155,-0.18356001325187468
37,1551495600,9072,5429,-3643,14501,9,-4.1044746714528655,4.1185654979483814
37,1551510000,67,15,-52,82,9,0.2408702440064797,-0.2905102213751604
37,1551524400,41,79,38,120,9,0.34977613161197707,-0.2788904920364896
37,1551538800,129,81,-48,210,9,0.24571050567783512,-0.25137008044490083
37,1551553200,157,140,-17,297,9,0.28322253363083977,-0.224767015906365
37,1551567600,115,81,-34,196,9,0.26265142152757914,-0.25565103335914796
37,1551582000,37,69,32,106,9,0.34251573910494393,-0.28317144495073676
37,1551596400,56,23,-33,79,9,0.26386148694541806,-0.2914275684282134
37,1551610800,58,52,-6,110,9,0.29653325322706725,-0.28194831554666616
37,1551625200,124,105,-19,229,9,0.28080240279516205,-0.24556021577556542
37,1551639600,146,151,5,297,9,0.3098439728232947,-0.224767015906365
37,1551654000,121,71,-50,192,9,0.2432903748421574,-0.25687416276321856
37,1551668400,30,27,-3,57,9,0.3001634494805838,-0.29815478015060176
37,1551682800,157,32,-125,189,9,0.15253546850424293,-0.2577915098162715
37,1551697200,419,107,-312,526,9,-0.07374676463162386,-0.15474285752332242
37,1551711600,306,145,-161,451,9,0.10897311346204397,-0.1776765338496464
37,1551726000,331,288,-43,619,9,0.25176083276702943,-0.12630509887868066
37,1551740400,182,134,-48,316,9,0.24571050567783512,-0.21895715123702958
37,1551754800,36,65,29,101,10,1.1257425905572136,-1.2824216114856024
37,1551769200,218,46,-172,264,10,-0.13612420606710596,-0.6502912360940785
37,1551783600,710,185,-525,895,10,-2.3522385304869307,1.7967901557589985
37,1551798000,374,130,-244,504,10,-0.5881361929176084,0.2804528749118462
37,1551812400,436,361,-75,797,10,0.4728363873287099,1.416736310431579
37,1551826800,188,173,-15,361,10,0.849513043037462,-0.27411549122918394
37,1551841200,62,63,1,125,10,0.9499601512264625,-1.1893472003850099
37,1551855600,203,44,-159,247,10,-0.05451093066354301,-0.7162189439569981
37,1551870000,714,162,-552,876,10,-2.5217430255558693,1.7231062469710294
37,1551884400,338,116,-222,454,10,-0.4500214191577327,0.08654785178561188
37,1551898800,457,327,-130,784,10,0.1275494529290205,1.3663210044187584
37,1551913200,184,177,-7,361,10,0.8997365971319623,-0.27411549122918394
37,1551927600,34,89,55,123,10,1.2889691413643394,-1.1971034013100592
37,1551942000,204,43,-161,247,10,-0.06706681918716809,-0.7162189439569981
37,1551956400,694,177,-517,871,10,-2.3020149763924302,1.703715744658406
37,1551970800,334,133,-201,467,10,-0.31818458965966945,0.1369631577984328
37,1551985200,440,350,-90,790,10,0.37866722340152187,1.3895896071939065
37,1551999600,205,187,-18,392,10,0.8306792102520244,-0.15389437689091864
37,1552014000,49,76,27,125,10,1.1131867020335884,-1.1893472003850099
37,1552028400,209,35,-174,244,10,-0.14868009459073103,-0.7278532453445722
37,1552042800,717,192,-525,909,10,-2.3522385304869307,1.851083562234344
37,1552057200,373,146,-227,519,10,-0.4814111404667954,0.3386243818497165
37,1552071600,462,319,-143,781,10,0.04593617752545755,1.3546867030311842
37,1552086000,231,198,-33,429,10,0.7365100463248364,-0.010404659777505272
37,1552100400,39,73,34,112,10,1.1571323118662762,-1.2397625063978308
37,1552114800,115,18,-97,133,10,0.3347216135688341,-1.1583223966848124
37,1552129200,334,102,-232,436,10,-0.512800861775858,0.01674204346016753
37,1552143600,342,137,-205,479,10,-0.3432963667069196,0.18350036334872905
37,1552158000,333,172,-161,505,10,-0.06706681918716809,0.28433097537437085
37,1552172400,207,138,-69,345,10,0.5105040528995851,-0.3361650986295789
37,1552190400,61,81,20,142,10,1.0692410922009008,-1.1234194925220902
37,1552204800,97,22,-75,119,10,0.4728363873287099,-1.212615803160158
37,1552219200,188,57,-131,245,10,0.12127150866720796,-0.7239751448820475
37,1552233600,254,142,-112,396,10,0.24055244964164613,-0.13838197504081992
37,1552248000,205,135,-70,340,10,0.5042261086377726,-0.35555560094220234
37,1552262400,109,77,-32,186,10,0.7427879905866489,-0.952783072171004
37,1552276800,31,21,-10,52,10,0.8809027643465247,-1.4724485341493119
37,1552291200,418,99,-319,517,10,-1.0589820125535485,0.3308681809246671
37,1552305600,518,130,-388,648,10,-1.4921601666186135,0.838899341515401
37,1552320000,410,205,-205,615,10,-0.3432963667069196,0.7109220262520863
37,1552334400,398,365,-33,763,10,0.7365100463248364,1.28488089470574
37,1552348800,137,132,-5,269,11,1.0164348921291593,-0.7340423844166555
37,1552363200,34,39,5,73,11,1.0822946043621502,-1.578221891055089
37,1552377600,448,101,-347,549,11,-1.2359672662391288,0.4719283393525353
37,1552392000,555,137,-418,692,11,-1.7035712230933637,1.0878348161346578
37,1552406400,420,166,-254,586,11,-0.6234719424723136,0.6312887564220355
37,1552420800,406,346,-60,752,11,0.6542064748477094,1.3462571140851987
37,1552435200,148,123,-25,271,11,0.8847154676631775,-0.7254283078183041
37,1552449600,28,41,13,69,11,1.1349823741485427,-1.5954500442517918
37,1552464000,581,87,-494,668,11,-2.2041050360640946,0.9844658969544414
37,1552478400,517,138,-379,655,11,-1.4467183453846995,0.9284743990651575
37,1552492800,403,158,-245,561,11,-0.5641982014626218,0.5236127989426435
37,1552507200,392,378,-14,770,11,0.9571611511194675,1.423783803470361
37,1552521600,158,158,0,316,11,1.0493647482456547,-0.5316115843553985
37,1552536000,29,38,9,67,11,1.1086384892553465,-1.6040641208501432
37,1552550400,445,104,-341,549,11,-1.1964514388993341,0.4719283393525353
37,1552564800,534,147,-387,681,11,-1.4994061151710922,1.0404573948437252
37,1552579200,418,168,-250,586,11,-0.5971280575791172,0.6312887564220355
37,1552593600,430,381,-49,811,11,0.7266521583039994,1.6003723737365638
37,1552608000,189,168,-21,357,11,0.9110593525563738,-0.3550230140891955
37,1552622400,40,44,4,84,11,1.075708633138851,-1.5308444697641566
37,1552636800,456,82,-374,538,11,-1.4137884892682042,0.4245509180616028
37,1552651200,516,144,-372,660,11,-1.4006165468216059,0.950009590561036
37,1552665600,416,212,-204,628,11,-0.2941733813073592,0.8121843649874141
37,1552680000,426,311,-115,737,11,0.2919780575662596,1.2816515395975634
37,1552694400,170,149,-21,319,11,0.9110593525563738,-0.5186904694578715
37,1552708800,34,51,17,85,11,1.1613262590417393,-1.5265374314649809
37,1552723200,170,30,-140,200,11,0.12732877698378242,-1.0312280270597776
37,1552737600,334,102,-232,436,11,-0.47858057555973366,-0.014766988454316692
37,1552752000,438,161,-277,599,11,-0.7749492806081926,0.6872802543113193
37,1552766400,308,140,-168,448,11,-0.05707841726859203,0.03691747113579148
37,1552780800,165,125,-40,290,11,0.7859258993136912,-0.6435945801339662
37,1552795200,47,45,-2,92,11,1.0361928057990566,-1.496388163370751
37,1552809600,104,23,-81,127,11,0.5159010791584286,-1.3456418228996023
37,1552824000,240,89,-151,329,11,0.05488309352749246,-0.4756200864661146
37,1552838400,339,133,-206,472,11,-0.30734532375395734,0.14028639031600784
37,1552852800,221,167,-54,388,11,0.693722302187504,-0.2215048268147494
37,1552867200,160,87,-73,247,11,0.5685888489448213,-0.8287972269985204
37,1552881600,24,25,1,49,11,1.0559507194689537,-1.6815908102353054
37,1552896000,413,84,-329,497,11,-1.117419784219745,0.24796234779539986
37,1552910400,522,154,-368,676,11,-1.3742726619284096,1.0189222033478469
37,1552924800,395,164,-231,559,11,-0.4719946043364346,0.5149987223442921
37,1552939200,364,350,-14,714,11,0.9571611511194675,1.1825896587165228
37,1552953600,141,137,-4,278,12,1.0133900217865288,-0.7099126408385957
37,1552968000,22,48,26,70,12,1.2200035213740734,-1.6726255918423167
37,1552982400,448,104,-344,552,12,-1.3282296402056446,0.5582765350028446
37,1552996800,517,109,-408,626,12,-1.7690051059924068,0.9007801810330145
37,1553011200,424,186,-238,610,12,-0.59819527499632,0.8267253386481129
37,1553025600,366,365,-1,731,12,1.0340513717452833,1.3867650841839314
37,1553040000,187,190,3,377,12,1.0615998383569558,-0.25169830358201695
37,1553054400,26,46,20,72,12,1.1786808214565645,-1.663368736544204
37,1553068800,458,95,-363,553,12,-1.4590848566110894,0.5629049626519009
37,1553083200,556,135,-421,691,12,-1.858537622480343,1.2016279782216774
37,1553097600,393,201,-192,594,12,-0.2813879089620847,0.7526704962632113
37,1553112000,393,332,-61,725,12,0.6208243725701938,1.3589945182895933
37,1553126400,182,167,-15,349,12,0.937631738604429,-0.38129427775559477
37,1553140800,37,43,6,80,12,1.0822611883157103,-1.6263413153517534
37,1553155200,426,101,-325,527,12,-1.1973744238001995,0.44256584377643576
37,1553169600,526,110,-416,636,12,-1.824102039215752,0.947064457523578
37,1553184000,390,177,-213,567,12,-0.42601735867336604,0.6277029497386898
37,1553198400,358,330,-28,688,12,0.848099222116493,1.1877426952745083
37,1553212800,164,153,-11,317,12,0.9651802052161017,-0.529403962525398
37,1553227200,30,55,25,85,12,1.2131164047211553,-1.6031991771064715
37,1553241600,417,95,-322,512,12,-1.176713073841445,0.3731394290405905
37,1553256000,494,146,-348,640,12,-1.3557781068173171,0.9655781681198035
37,1553270400,431,183,-248,614,12,-0.6670664415255015,0.8452390492443383
37,1553284800,381,314,-67,695,12,0.5795016726526849,1.2201416888179029
37,1553299200,181,151,-30,332,12,0.8343249888106566,-0.45997754778955274
37,1553313600,32,47,15,79,12,1.1442452381919737,-1.6309697430008097
37,1553328000,159,31,-128,190,12,0.1593875568246773,-1.1172142739555546
37,1553342400,332,122,-210,454,12,-0.4053560087146115,0.1046906253953221
37,1553356800,347,138,-209,485,12,-0.3984688920616934,0.248171882516069
37,1553371200,316,173,-143,489,12,0.05608080703090496,0.2666855931122944
37,1553385600,207,118,-89,325,12,0.42798510628848546,-0.4923765413329472
37,1553400000,44,49,5,93,12,1.0753740716627922,-1.5661717559140207
37,1553414400,105,23,-82,128,12,0.4761949228589125,-1.4041767881970484
37,1553428800,235,94,-141,329,12,0.06985504033674128,-0.4738628307367218
37,1553443200,326,135,-191,461,12,-0.2745007923091666,0.13708961893871657
37,1553457600,264,139,-125,403,12,0.1800489067834318,-0.1313591847065518
37,1553472000,151,98,-53,249,12,0.675921305793539,-0.8441370426612299
37,1553486400,31,32,1,63,12,1.0478256050511197,-1.7050245853857113
37,1553500800,438,81,-357,519,12,-1.4177621566935805,0.4055384225839849
37,1553515200,499,123,-376,622,12,-1.5486173730990256,0.8822664704367892
37,1553529600,395,179,-216,574,12,-0.4466787086321205,0.6601019432820843
37,1553544000,404,330,-74,734,12,0.5312918560822578,1.4006503671311006
37,1553558400,148,145,-3,293,13,0.520145039277875,-0.2430386649804873
37,1553572800,35,49,14,84,13,0.5622587033565726,-0.40262107459695556
37,1553587200,465,105,-360,570,13,-0.3642419063747748,-0.03153470582373269
37,1553601600,556,139,-417,695,13,-0.5054465447562904,0.06390931906649952
37,1553616000,408,164,-244,572,13,-0.07687808089660289,-0.030007601425488972
37,1553630400,379,376,-3,755,13,0.520145039277875,0.10972245101381099
37,1553644800,160,176,16,336,13,0.5672132520717135,-0.2102059204182474
37,1553659200,27,56,29,83,13,0.5994178187201293,-0.4033846267960774
37,1553673600,435,75,-360,510,13,-0.3642419063747748,-0.07734783777104415
37,1553688000,509,133,-376,642,13,-0.403878296095902,0.02344105251304107
37,1553904000,4918,2657,-2261,7575,13,-5.073540460116196,5.317148449024881
37,1553918400,43,54,11,97,13,0.5548268802838613,-0.3926948960083714
37,1553932800,162,30,-132,192,13,0.20057664715128726,-0.3201574370917949
37,1553947200,336,72,-264,408,13,-0.12642356804801183,-0.15523016208147364
37,1553957243,241,91,-150,332,13,0.15598570871501918,-0.21326012921473483
37,1553961600,108,49,-59,157,13,0.38141767525392994,-0.3468817640610599
37,1553976000,316,160,-156,476,13,0.1411220625695965,-0.10330861254118731
37,1553990400,176,146,-30,322,13,0.4532586316234729,-0.2208956512059534
37,1554004800,36,56,20,92,13,0.5771223495019953,-0.3965126570039807
37,1554019200,123,22,-101,145,13,0.2773721522359711,-0.3560443904505222
37,1554033600,323,95,-228,418,13,-0.037241691175475725,-0.14759464009025505
37,1554048000,267,138,-129,405,13,0.2080084702239986,-0.15752081867883921
37,1554062400,260,124,-136,384,13,0.19066754972100547,-0.17355541486039822
37,1554076800,122,109,-13,231,13,0.4953722957021705,-0.29037890132604244
37,1554091200,24,19,-5,43,13,0.5151904905627341,-0.4339267147609517
37,1554102681,244,41,-203,285,13,0.024690167763785468,-0.24914708257346213
37,1554105600,220,55,-165,275,13,0.11882659335146248,-0.2567826045646807
37,1554120000,514,141,-373,655,13,-0.39644647302319064,0.03336723110162522
37,1554134400,407,183,-224,590,13,-0.027332593745193933,-0.016263661841295535
37,1554148800,402,315,-87,717,13,0.3120539932419574,0.0807074674471804
37,1554163200,141,176,35,317,14,1.1930486188617115,-0.5372267661362754
37,1554177600,23,25,2,48,14,0.9740400819710558,-1.642545514606268
37,1554192000,459,84,-375,543,14,-1.5279665364464354,0.39140534224371826
37,1554206400,565,144,-421,709,14,-1.8332511636273494,1.0734979528237136
37,1554220800,416,337,-79,753,14,0.43647367323944636,1.2542935845437124
37,1554235200,393,342,-51,735,14,0.6222990984800028,1.1803317352037128
37,1554249600,172,152,-20,324,14,0.8280343907106187,-0.5084638247262756
37,1554264000,31,46,15,77,14,1.0603161722613141,-1.5233847573362687
37,1554278400,473,67,-406,540,14,-1.7337018286770514,0.37907836735371836
37,1554292800,565,178,-387,743,14,-1.6076060044066738,1.2132036682437126
37,1554307200,438,190,-248,628,14,-0.6851155005339118,0.7406696307937158
37,1554321600,403,355,-48,758,14,0.6422089654700623,1.2748385426937123
37,1554336000,166,170,4,336,14,0.9873133266310956,-0.45915592516627596
37,1554350400,39,68,29,107,14,1.1532288848815924,-1.4001150084362695
37,1554364415,437,76,-361,513,14,-1.4350538238261572,0.2681355933437191
37,1554364800,23,11,-12,34,14,0.8811273693507776,-1.7000713974262676
37,1554379200,571,162,-409,733,14,-1.7536116956671108,1.172113751943713
37,1554393600,431,151,-280,582,14,-0.8974874150945477,0.5516560158137171
37,1554408000,438,409,-29,847,14,0.7683047897404399,1.6405387977637098
37,1554422400,179,164,-15,343,14,0.861217502360718,-0.43039298375627616
37,1554436800,33,48,15,81,14,1.0603161722613141,-1.5069487908162689
37,1554451200,420,86,-334,506,14,-1.2558650209156206,0.2393726519337193
37,1554465600,512,143,-369,655,14,-1.488146802466316,0.8516124048037151
37,1554480000,395,193,-202,588,14,-0.37983087335299776,0.5763099655937169
37,1554494400,393,323,-70,716,14,0.4962032742096252,1.1022608942337133
37,1554508800,165,142,-23,307,14,0.8081245237205591,-0.5783166824362751
37,1554523200,33,67,34,100,14,1.1864119965316917,-1.4288779498462694
37,1554537600,161,33,-128,194,14,0.11127917906847269,-1.042632736626272
37,1554552000,396,147,-249,543,14,-0.6917521228639316,0.39140534224371826
37,1554566400,379,155,-224,534,14,-0.5258365646134349,0.3544244175737185
37,1554580800,336,218,-118,554,14,0.17764540236867138,0.43660425017371796
37,1554595200,195,147,-48,342,14,0.6422089654700623,-0.4345019753862761
37,1554609600,64,64,0,128,14,0.9607668373110161,-1.3138261842062702
37,1554624000,112,19,-93,131,14,0.34356096061916813,-1.3014992093162703
37,1554638400,223,88,-135,311,14,0.06482282275833359,-0.5618807159162752
37,1554652800,395,209,-186,604,14,-0.2736449160726798,0.6420538316737165
37,1554667200,244,174,-70,418,14,0.4962032742096252,-0.12221861150627825
37,1554681600,133,99,-34,232,14,0.7351216780903406,-0.886491054686273
37,1554696000,33,28,-5,61,14,0.9275837256609167,-1.5891286234162683
37,1554710400,437,77,-360,514,14,-1.4284172014961374,0.27224458497371906
37,1554724800,485,140,-345,625,14,-1.3288678665458393,0.7283426559037159
37,1554739200,399,213,-186,612,14,-0.2736449160726798,0.6749257647137163
37,1554753600,433,394,-39,827,14,0.7019385664402412,1.5583589651637104
37,1554768000,164,164,0,328,15,0.9856620629976834,-0.5200470220559128
37,1554782400,27,46,19,73,15,1.1090631182647295,-1.6330973030748626
37,1554796800,455,97,-358,552,15,-1.3394736099287627,0.45769126401563526
37,1554811200,530,124,-406,654,15,-1.6512236442876158,0.9029113764232152
37,1554825600,345,194,-151,539,15,0.004948413243791302,0.40094752419898294
37,1554840000,375,375,0,750,15,0.9856620629976834,1.3219420704538787
37,1554854400,156,161,5,317,15,1.018136024910064,-0.5680609557469263
37,1554868800,24,44,20,68,15,1.1155579106472056,-1.6549218183889596
37,1554883200,451,91,-360,542,15,-1.352463194693715,0.41404223338744117
37,1554897600,567,142,-425,709,15,-1.774624699554662,1.142981044878283
37,1554912000,429,223,-206,652,15,-0.3522651677923946,0.8941815702975764
37,1554926400,414,374,-40,788,15,0.7258703676986391,1.4878083868410164
37,1554940800,163,180,17,343,15,1.0960735334997773,-0.45457347611362164
37,1554955200,23,32,9,55,15,1.0441151944399685,-1.711665558205612
37,1554969600,449,92,-357,541,15,-1.3329788175462867,0.4096773303246218
37,1554984000,544,125,-419,669,15,-1.7356559452598053,0.9683849223655063
37,1554998400,408,176,-232,584,15,-0.5211297697367734,0.5973681620258564
37,1555012800,399,406,7,805,15,1.031125609675016,1.5620117389089463
37,1555027200,169,164,-5,333,15,0.9531881010853029,-0.49822250674181573
37,1555041600,29,44,15,73,15,1.083083948734825,-1.6330973030748626
37,1555056000,454,106,-348,560,15,-1.2745256861040017,0.49261048851819056
37,1555070400,538,139,-399,677,15,-1.6057600976102833,1.0033041468680617
37,1555084800,410,241,-169,651,15,-0.11195784964077862,0.8898166672347569
37,1555099200,411,311,-100,722,15,0.3361828247500728,1.1997247846949353
37,1555113600,187,148,-39,335,15,0.7323651600811153,-0.4894927006161769
37,1555128000,30,56,26,86,15,1.1545266649420622,-1.5763535632582102
37,1555142400,177,44,-133,221,15,0.12185467612836122,-0.9870916497775898
37,1555156800,359,101,-258,460,15,-0.6899943716811521,0.05612018223624946
37,1555171200,377,138,-239,515,15,-0.566593316414106,0.2961898506913171
37,1555185600,418,193,-225,611,15,-0.4756662230594406,0.7152205447219805
37,1555200000,180,140,-40,320,15,0.7258703676986391,-0.554966246558468
37,1555214400,38,60,22,98,15,1.1285474954121577,-1.5239747265043773
37,1555228800,131,22,-109,153,15,0.2777296933077878,-1.2839050580493097
37,1555243200,241,106,-135,347,15,0.10886509136340901,-0.43711386386234397
37,1555257600,341,142,-199,483,15,-0.3068016211150618,0.1565129526810959
37,1555272000,230,161,-69,391,15,0.5375213886068321,-0.2450581290982899
37,1555286400,149,79,-70,228,15,0.531026596224356,-0.9565373283378539
37,1555300800,35,32,-3,67,15,0.9661776858502551,-1.659286721451779
37,1555315200,456,68,-388,524,15,-1.534317381403046,0.3354739782566918
37,1555329600,503,124,-379,627,15,-1.475864249960761,0.7850589937270911
37,1555344000,413,203,-210,616,15,-0.378244337322299,0.7370450600360776
37,1555358400,378,335,-43,713,15,0.7063859905512109,1.1604406571295605
37,1555372800,150,144,-6,294,16,0.6572779552037343,-0.1470277341789976
37,1555387200,25,50,25,75,16,0.8628450697065597,-0.9132379885577058
37,1555401600,464,102,-362,566,16,-1.7034282629577444,0.8046123991132792
37,1555416000,573,154,-419,727,16,-2.0814065057532622,1.3678993897752518
37,1555430400,386,264,-122,650,16,-0.11194092487135421,1.0985012638064824
37,1555444800,376,377,1,753,16,0.7036963358979207,1.4588649907517195
37,1555459200,176,171,-5,347,16,0.6639091524457609,0.03840214473457106
37,1555473600,35,46,11,81,16,0.7700083083181869,-0.8922459267939055
37,1555488000,463,76,-387,539,16,-1.86920819400841,0.7101481211761782
37,1555502400,553,136,-417,689,16,-2.0681441112692087,1.2349496652711838
37,1555516800,410,279,-131,689,16,-0.17162170004959384,1.2349496652711838
37,1555531200,391,385,-6,776,16,0.6572779552037343,1.539334560846287
37,1555545600,182,188,6,370,16,0.7368523221080538,0.11887171482913858
37,1555560000,30,36,6,66,16,0.7368523221080538,-0.9447260812034061
37,1555574400,470,111,-359,581,16,-1.6835346712316643,0.8570925535227798
37,1555588800,548,121,-427,669,16,-2.134456083689475,1.1649761260585163
37,1555603200,370,186,-184,556,16,-0.523075153877005,0.7696256295069455
37,1555617600,409,373,-36,782,16,0.45834203794293554,1.5603266226100874
37,1555632000,189,170,-19,359,16,0.5710723910573882,0.0803862682621715
37,1555646400,33,44,11,77,16,0.7700083083181869,-0.906240634636439
37,1555660800,293,72,-221,365,16,-0.7684294518319901,0.10137833002597173
37,1555675200,409,91,-318,500,16,-1.4116555843085727,0.5736997197114767
37,1555689600,373,171,-202,544,16,-0.6424367042334842,0.7276415059793451
37,1555704000,345,239,-106,584,16,-0.005841768998928208,0.8675885844046799
37,1555718400,141,147,6,288,16,0.7368523221080538,-0.1680197959427978
37,1555732800,0,3,3,3,16,0.7169587303819739,-1.1651427297233083
37,1555747200,0,8,8,8,16,0.750114716592107,-1.1476493449201415
37,1555761600,0,2,2,2,16,0.7103275331399473,-1.1686414066839417
37,1555776000,0,1,1,1,16,0.7036963358979207,-1.1721400836445752
37,1555790400,0,1,1,1,16,0.7036963358979207,-1.1721400836445752
37,1555804800,0,1,1,1,16,0.7036963358979207,-1.1721400836445752
37,1555819200,0,1,1,1,16,0.7036963358979207,-1.1721400836445752
37,1555833600,0,1,1,1,16,0.7036963358979207,-1.1721400836445752
37,1555848000,0,2,2,2,16,0.7103275331399473,-1.1686414066839417
37,1555862400,1,3,2,4,16,0.7103275331399473,-1.161644052762675
37,1555876800,0,5,5,5,16,0.7302211248660272,-1.1581453758020417
37,1555891200,0,5,5,5,16,0.7302211248660272,-1.1581453758020417
37,1555905600,0,0,0,0,16,0.697065138655894,-1.1756387606052086
37,1555920000,326,80,-246,406,16,-0.9342093828826558,0.24482408541193992
37,1555934400,471,125,-346,596,16,-1.5973291070853182,0.9095727079322803
37,1555948800,337,177,-160,514,16,-0.36392642006836595,0.622681197160344
37,1555963200,335,301,-34,636,16,0.4716044324269888,1.0495197863576151
37,1555977600,127,128,1,255,17,0.9158422157391913,-0.4120899605857826
37,1555992000,18,28,10,46,17,0.9826352617645462,-1.2511819749726996
37,1556006400,380,78,-302,458,17,-1.3328570004477562,0.40291328783787356
37,1556020800,502,120,-382,622,17,-1.9265729651175771,1.0613395575003346
37,1556035200,391,192,-199,583,17,-0.5684476959353616,0.9047625787391397
37,1556049600,410,317,-93,727,17,0.21822595725215146,1.4828929618573983
37,1556064000,162,154,-8,316,17,0.8490491697138365,-0.16718750662596474
37,1556078400,30,42,12,72,17,0.9974781608812917,-1.1467973224652361
37,1556092800,383,107,-276,490,17,-1.1398993119300644,0.5313867063085976
37,1556107200,489,144,-345,633,17,-1.651979331457785,1.105502295099646
37,1556121600,397,197,-200,594,17,-0.5758691454937344,0.9489253163384511
37,1556136000,423,336,-87,759,17,0.26275465460238806,1.6113663803281224
37,1556150400,175,173,-2,348,17,0.893577867064073,-0.03871408815524063
37,1556164800,27,31,4,58,17,0.9381065644143096,-1.203004443046178
37,1556179200,358,73,-285,431,17,-1.2066923579554194,0.29451384100320005
37,1556193600,476,97,-379,573,17,-1.904308616442459,0.8646146354670384
37,1556208000,395,166,-229,561,17,-0.7910911826865445,0.8164371035405168
37,1556222400,421,342,-79,763,17,0.3221262510693702,1.627425557636963
37,1556236800,181,155,-26,336,17,0.7154630776631267,-0.08689162008176217
37,1556251200,36,49,13,85,17,1.0048996104396646,-1.0946049962115045
37,1556265600,358,70,-288,428,17,-1.2289567066305376,0.2824694580215697
37,1556280000,468,119,-349,587,17,-1.6816651296912761,0.9208217560479802
37,1556294400,359,167,-192,526,17,-0.5164975490267522,0.6759193020881623
37,1556308800,345,267,-78,612,17,0.32954770062774297,1.0211916142282333
37,1556323200,161,120,-41,281,17,0.6041413342875352,-0.30770530807831925
37,1556337600,0,6,6,6,17,0.9529494635310551,-1.4117737480611048
37,1556352000,0,18,18,18,17,1.0420068582315283,-1.3635962161345832
37,1556366400,2,18,16,20,17,1.0271639591147828,-1.355566627480163
37,1556380800,1,20,19,21,17,1.0494283077899011,-1.3515518331529528
37,1556395200,0,18,18,18,17,1.0420068582315283,-1.3635962161345832
37,1556409600,36,16,-20,52,17,0.7599917750133632,-1.2270932090094389
37,1556424000,93,37,-56,130,17,0.4928195909119438,-0.9139392514870487
37,1556438400,64,22,-42,86,17,0.5967198847291625,-1.0905902018842943
37,1556452800,179,68,-111,247,17,0.08463986520144172,-0.44420831520346366
37,1556467200,191,95,-96,286,17,0.19596160857703318,-0.2876313364422686
37,1556481600,186,114,-72,300,17,0.37407639797797954,-0.2314242158613268
37,1556496000,114,56,-58,170,17,0.47797669179519825,-0.7533474783986436
37,1556510400,26,29,3,55,17,0.9306851148559369,-1.2150488260278085
37,1556524800,414,79,-335,493,17,-1.5777648358740575,0.5434310892902281
37,1556539200,490,135,-355,625,17,-1.726193827041513,1.0733839404819652
37,1556553600,403,174,-229,577,17,-0.7910911826865445,0.8806738127758789
37,1556568000,410,363,-47,773,17,0.5596126369372987,1.6675735009090642
37,1556582400,148,126,-22,274,18,0.8695586228015921,-0.7080718398489658
37,1556596800,27,41,14,68,18,1.1045492640305479,-1.5970919469993434
37,1556611200,454,111,-343,565,18,-1.225774594823263,0.5477769522906454
37,1556625600,533,111,-422,644,18,-1.7414485019645825,0.8887118477512271
37,1556640000,385,169,-216,554,18,-0.39677983271000256,0.5003050048214505
37,1556654400,402,351,-51,753,18,0.6802606062560445,1.359115690855068
37,1556668800,188,164,-24,352,18,0.8565035871777613,-0.37145257597649267
37,1556683200,36,36,0,72,18,1.0131640146637317,-1.579829420646909
37,1556697600,494,103,-391,597,18,-1.539095449795204,0.6858771631101216
37,1556712000,561,110,-451,671,18,-1.9307465185101302,1.0052339006301603
37,1556726400,398,177,-221,575,18,-0.42941742176957975,0.5909332681717318
37,1556740800,396,340,-56,736,18,0.6476230171964673,1.285749953857221
37,1556755200,157,145,-12,302,18,0.9348338009207465,-0.5872341553819241
37,1556769600,37,32,-5,69,18,0.9805264256041546,-1.5927763154112349
37,1556784000,496,78,-418,574,18,-1.7153384307169208,0.5866176365836231
37,1556798400,540,154,-386,694,18,-1.506457860735627,1.1044934271566587
37,1556812800,453,202,-251,655,18,-0.6252429561270428,0.936183795220422
37,1556827200,386,349,-37,735,18,0.7716458556228606,1.2814343222691125
37,1556841600,168,153,-15,321,18,0.9152512474850002,-0.5052371552078602
37,1556856000,42,34,-8,76,18,0.9609438721684083,-1.5625668942944746
37,1556870400,452,91,-361,543,18,-1.343269915437741,0.4528330573522556
37,1556884800,533,138,-395,671,18,-1.5652055210428657,1.0052339006301603
37,1556899200,420,245,-175,665,18,-0.12915160242146967,0.9793401111015084
37,1556913600,397,320,-77,717,18,0.5105451431462431,1.203752953683157
37,1556928000,185,159,-26,344,18,0.8434485515539304,-0.4059776286813617
37,1556942400,38,57,19,95,18,1.137186853090125,-1.4805698941204106
37,1556956800,161,49,-112,210,18,0.2820820197292029,-0.9842722614879181
37,1556971200,325,113,-212,438,18,-0.3706697614623408,-0.0003082593991505463
37,1556985600,400,145,-255,545,18,-0.6513530273747046,0.4614643205284728
37,1557000000,292,177,-115,469,18,0.26249946629345655,0.13347631983221697
37,1557014400,161,136,-25,297,18,0.8499760693658459,-0.6088123133224673
37,1557028800,50,30,-20,80,18,0.882613658425423,-1.54530436794204
37,1557043200,115,21,-94,136,18,0.3995773403436807,-1.3036289990079568
37,1557057600,209,83,-126,292,18,0.19069677036238675,-0.6303904712630105
37,1557072000,248,144,-104,392,18,0.33430216222452636,-0.19882731245214752
37,1557086400,182,170,-12,352,18,0.9348338009207465,-0.37145257597649267
37,1557100800,125,72,-53,197,18,0.6672055706322136,-1.0403754721333303
37,1557115200,27,20,-7,47,18,0.9674713899803237,-1.6877202103496247
37,1557129600,490,99,-391,589,18,-1.539095449795204,0.6513521104052525
37,1557144000,521,137,-384,658,18,-1.493402825111796,0.949130689984748
37,1557158400,422,193,-229,615,18,-0.48163756426490323,0.7635585316960769
37,1557172800,405,355,-50,760,18,0.68678812406796,1.3893251119718282
37,1557187200,149,145,-4,294,19,0.9000987673955538,-0.6604001019757996
37,1557201600,38,39,1,77,19,0.9313160656867292,-1.6078086537477871
37,1557216000,500,102,-398,602,19,-1.5598243379490582,0.684308810216699
37,1557230400,539,135,-404,674,19,-1.5972850958984686,0.9986563481318285
37,1557244800,407,198,-209,605,19,-0.3798104625426326,0.697406624296496
37,1557259200,391,357,-34,748,19,0.7127949776485022,1.321735762100156
37,1557273600,177,167,-10,344,19,0.8626380094461435,-0.44210320064584846
37,1557288000,41,47,6,88,19,0.9625333639779045,-1.5597833354551978
37,1557302400,506,90,-416,596,19,-1.6722066117972896,0.6581131820571048
37,1557316800,562,125,-437,687,19,-1.8033192646202256,1.0554135424776157
37,1557331200,446,189,-257,635,19,-0.6794965261379153,0.8283847650944667
37,1557345600,415,361,-54,776,19,0.5879257844838011,1.4439820268449286
37,1557360000,186,175,-11,361,19,0.8563945497879085,-0.3678822541936651
37,1557374400,40,43,3,83,19,0.9438029850031993,-1.581613025588193
37,1557388800,503,90,-413,593,19,-1.6534762328225843,0.6450153679773077
37,1557403200,591,126,-465,717,19,-1.9781361350508073,1.1863916832755863
37,1557417600,411,209,-202,620,19,-0.33610624493498725,0.7628956946954814
37,1557432000,392,356,-36,748,19,0.7003080583320321,1.321735762100156
37,1557446400,166,182,16,348,19,1.024967960560255,-0.4246394485394524
37,1557460800,29,45,16,74,19,1.024967960560255,-1.6209064678275842
37,1557475200,455,80,-375,535,19,-1.416224765809652,0.39179096243456457
37,1557489600,534,120,-414,654,19,-1.6597196924808193,0.9113375875998481
37,1557504000,393,212,-181,605,19,-0.20499359211205107,0.697406624296496
37,1557518400,378,332,-46,710,19,0.6378734617496815,1.1558301170893932
37,1557532800,234,190,-44,424,19,0.6503603810661517,-0.09282815851792679
37,1557547200,40,61,21,101,19,1.0561852588514302,-1.5030261411094106
37,1557561600,183,36,-147,219,19,0.0072840362679408395,-0.9878454539707261
37,1557576000,351,161,-190,512,19,-0.2611847290361666,0.2913743878227871
37,1557590400,354,243,-111,597,19,0.23204858396440287,0.6624791200837038
37,1557604800,339,208,-131,547,19,0.10717939079970173,0.4441822187537528
37,1557619200,170,176,6,346,19,0.9625333639779045,-0.43337132459265043
37,1557633600,46,53,7,99,19,0.9687768236361395,-1.5117580171626086
37,1557648000,105,27,-78,132,19,0.4380827526861597,-1.367682062284841
37,1557662400,189,66,-123,255,19,0.1571270680655822,-0.8306716850131614
37,1557676800,208,105,-103,313,19,0.2819962612302833,-0.5774472794704182
37,1557691200,179,119,-60,298,19,0.5504650265343908,-0.6429363498694034
37,1557705600,104,93,-11,197,19,0.8563945497879085,-1.0838960905559045
37,1557720000,28,28,0,56,19,0.9250726060284941,-1.6994933523063664
37,1557734400,453,111,-342,564,19,-1.2101905970878952,0.5184031652059361
37,1557748800,508,132,-376,640,19,-1.422468225467887,0.8502144552274618
37,1557763200,388,189,-199,577,19,-0.3173758659602821,0.5751603595517234
37,1557777600,334,316,-18,650,19,0.8126903321802631,0.893873835493452
37,1557792000,135,138,3,273,20,0.783307061952408,-0.2766307835595925
37,1557806400,28,37,9,65,20,0.821890599796819,-0.9857406794447449
37,1557820800,468,112,-356,580,20,-1.5252746190715185,0.7699881493093583
37,1557835200,540,159,-381,699,20,-1.6860393600898977,1.1756808301282675
37,1557849600,385,258,-127,643,20,-0.05266959134316425,0.9847666273899573
37,1557864000,374,366,-8,740,20,0.712570575904321,1.3154572999902447
37,1557878400,169,141,-28,310,20,0.5839587830896177,-0.1504910424646375
37,1557892800,29,37,8,66,20,0.8154600101560838,-0.9823314972529893
37,1557907200,466,111,-355,577,20,-1.5188440294307832,0.7597606027340917
37,1557921600,505,135,-370,640,20,-1.615302874041811,0.9745390808146908
37,1557936000,441,192,-249,633,20,-0.8372015275128551,0.950674805472402
37,1557950400,389,360,-29,749,20,0.5775281934488825,1.3461399397160447
37,1557964800,198,150,-48,348,20,0.45534699027491427,-0.020942119177926974
37,1557979200,31,43,12,74,20,0.8411823687190244,-0.955058039718945
37,1557993600,499,98,-401,597,20,-1.8146511529046012,0.8279442465692025
37,1558008000,502,129,-373,631,20,-1.6345946429640164,0.9438564410888909
37,1558022400,397,189,-208,586,20,-0.5735473522427131,0.7904432424598916
37,1558036800,417,343,-74,760,20,0.2881516596157998,1.3836409438253556
37,1558051200,186,189,3,375,20,0.783307061952408,0.07110579999947261
37,1558065600,39,46,7,85,20,0.8090294205153487,-0.9175570356096341
37,1558080000,476,95,-381,571,20,-1.6860393600898977,0.7393055095835585
37,1558094400,503,123,-380,626,20,-1.6796087704491625,0.9268105301301132
37,1558108800,411,198,-213,609,20,-0.6057003004463889,0.868854432870269
37,1558123200,418,317,-101,735,20,0.11452573931595018,1.298411389031467
37,1558137600,193,153,-40,346,20,0.5067917074007956,-0.02776048356143805
37,1558152000,0,4,4,4,20,0.7897376515931431,-1.1937007931418329
37,1558166400,0,6,6,6,20,0.8025988308746135,-1.1868824287583217
37,1558180800,5,7,2,12,20,0.7768764723116728,-1.1664273356077886
37,1558195200,5,9,4,14,20,0.7897376515931431,-1.1596089712242774
37,1558209600,0,4,4,4,20,0.7897376515931431,-1.1937007931418329
37,1558224000,5,12,7,17,20,0.8090294205153487,-1.1493814246490108
37,1558238400,0,3,3,3,20,0.783307061952408,-1.1971099753335883
37,1558252800,3,4,1,7,20,0.7704458826709376,-1.1834732465665663
37,1558267200,2,14,12,16,20,0.8411823687190244,-1.1527906068407663
37,1558281600,3,9,6,12,20,0.8025988308746135,-1.1664273356077886
37,1558296000,0,3,3,3,20,0.783307061952408,-1.1971099753335883
37,1558310400,2,10,8,12,20,0.8154600101560838,-1.1664273356077886
37,1558324800,1,12,11,13,20,0.8347517790782892,-1.1630181534160329
37,1558339200,434,87,-347,521,20,-1.4673993123049018,0.5688463999957815
37,1558353600,466,111,-355,577,20,-1.5188440294307832,0.7597606027340917
37,1558368000,394,184,-210,578,20,-0.5864085315241834,0.7631697849258473
37,1558382400,413,344,-69,757,20,0.3203046078194757,1.373413397250089
37,1558396800,160,147,-13,307,21,0.9634894902356053,-0.48093977184543807
37,1558411200,26,34,8,60,21,1.1151849080127927,-1.6205627031210375
37,1558425600,446,86,-360,532,21,-1.5430966987493484,0.5571782829602699
37,1558440000,551,111,-440,662,21,-2.120984004567205,1.1569798257369013
37,1558454400,413,169,-244,582,21,-0.7051601053134562,0.787871184028205
37,1558468800,393,393,0,786,21,1.057396177431007,1.7290982203853802
37,1558483200,183,165,-18,348,21,0.9273715336219892,-0.29177159296973126
37,1558497600,29,42,13,71,21,1.1513028646264087,-1.5698102648860919
37,1558512000,525,110,-415,635,21,-1.9403942214991248,1.0324056591602162
37,1558526400,551,169,-382,720,21,-1.702015707849259,1.4245835909757059
37,1558540800,416,252,-164,668,21,-0.12727279949559941,1.1846629738650534
37,1558555200,398,350,-48,748,21,0.7106637939402929,1.5537716155737495
37,1558569600,175,164,-11,339,21,0.9779366728810517,-0.3332963151619596
37,1558584000,24,52,28,76,21,1.259656734467257,-1.5467409747792984
37,1558598400,441,114,-327,555,21,-1.3047181850994827,0.66329701745152
37,1558612800,525,128,-397,653,21,-1.8103695776901072,1.115455103544673
37,1558627200,407,169,-238,576,21,-0.6618185573771169,0.7601880359000528
37,1558641600,343,335,-8,678,21,0.9996074468492213,1.2308015540786406
37,1558656000,234,169,-65,403,21,0.5878627414539983,-0.03800940179500265
37,1558670400,34,35,1,69,21,1.0646197687537302,-1.579037980928809
37,1558684800,438,90,-348,528,21,-1.4564136028766699,0.5387228508748352
37,1558699200,522,117,-405,639,21,-1.8681583082718927,1.050861091245651
37,1558713600,404,227,-177,631,21,-0.22117948669100113,1.0139502270747816
37,1558728000,413,270,-143,683,21,0.024422618281587986,1.253870844185434
37,1558742400,192,166,-26,358,21,0.8695828030402035,-0.24563301275614424
37,1558756800,50,59,9,109,21,1.122408499335516,-1.394483660074461
37,1558771200,134,31,-103,165,21,0.31336627119051635,-1.1361076108783739
37,1558785600,291,100,-191,391,21,-0.3223097652091261,-0.09337569805130708
37,1558800000,362,142,-220,504,21,-0.5317939135680991,0.42799025836222626
37,1558814400,318,152,-166,470,21,-0.14171998214104584,0.2711190856360304
37,1558828800,182,140,-42,322,21,0.7540053418766322,-0.4117319015250575
37,1558843200,54,40,-14,94,21,0.956265898912882,-1.4636915303948417
37,1558857600,111,28,-83,139,21,0.45783809764498057,-1.2560679194337
37,1558872000,240,82,-158,322,21,-0.08393125155926016,-0.4117319015250575
37,1558886400,291,123,-168,414,21,-0.15616716478649226,0.012743036439943069
37,1558900800,236,107,-129,343,21,0.1255528967997129,-0.3148408830765248
37,1558915200,161,116,-45,277,21,0.7323345679084625,-0.6193555124861991
37,1558929600,56,35,-21,91,21,0.9057007596538196,-1.4775331044589177
37,1558944000,144,29,-115,173,21,0.22668317531783785,-1.0991967467075041
37,1558958400,251,75,-176,326,21,-0.21395589536827794,-0.39327646943962274
37,1558972800,309,109,-200,418,21,-0.38732208711363497,0.03119846852537788
37,1558987200,277,130,-147,407,21,-0.004471747009304854,-0.019553969709567846
37,1559001600,131,109,-22,240,22,0.6210840231143218,-0.33060385342618104
37,1559016000,32,23,-9,55,22,0.7062666095550201,-0.9732838487029952
37,1559030400,456,83,-373,539,22,-1.6788458107845308,0.7081059767779673
37,1559044800,473,143,-330,616,22,-1.3970880248652982,0.9755998126499386
37,1559059200,422,184,-238,606,22,-0.7942574131311259,0.9408603534457864
37,1559073600,408,379,-29,787,22,0.5752164765693304,1.5696445650409399
37,1559088000,167,152,-15,319,22,0.6669515696593131,-0.05616212571337933
37,1559102400,34,38,4,72,22,0.7914491959957183,-0.9142267680559366
37,1559116800,505,90,-415,595,22,-1.9540510900544787,0.9026469483212192
37,1559131200,490,149,-341,639,22,-1.4691655980074274,1.0555005688194885
37,1559145600,405,178,-227,583,22,-0.7221798399889966,0.8609595972762366
37,1559160000,360,335,-25,695,22,0.6014265031664684,1.2500415403627403
37,1559174400,146,117,-29,263,22,0.5752164765693304,-0.2507030972566312
37,1559188800,25,40,15,65,22,0.8635267691378474,-0.9385443894988431
37,1559203200,475,85,-390,560,22,-1.7902384238223668,0.7810588411066868
37,1559217600,500,122,-378,622,22,-1.711608344030953,0.9964434881724299
37,1559232000,382,184,-198,566,22,-0.5321571471597466,0.801902516629178
37,1559246400,372,351,-21,723,22,0.6276365297636063,1.3473120261343663
37,1559260800,148,163,15,311,22,0.8635267691378474,-0.08395369307670102
37,1559275200,22,30,8,52,22,0.8176592225928562,-0.983705686464241
37,1559289600,415,79,-336,494,22,-1.4364030647610049,0.5517784103592828
37,1559304000,487,129,-358,616,22,-1.5805582110452634,0.9755998126499386
37,1559318400,411,195,-216,606,22,-0.6501022668468672,0.9408603534457864
37,1559332800,398,331,-67,729,22,0.3262212238965202,1.3681557016568575
37,1559347200,179,172,-7,351,22,0.719371622853589,0.05500414373990745
37,1559361600,0,0,0,0,22,0.7652391693985804,-1.164350874325832
37,1559376000,0,0,0,0,22,0.7652391693985804,-1.164350874325832
37,1559390400,0,1,1,1,22,0.7717916760478648,-1.1608769284054168
37,1559404800,0,0,0,0,22,0.7652391693985804,-1.164350874325832
37,1559419200,0,0,0,0,22,0.7652391693985804,-1.164350874325832
37,1559433600,0,2,2,2,22,0.7783441826971493,-1.1574029824850014
37,1559448000,0,0,0,0,22,0.7652391693985804,-1.164350874325832
37,1559462400,2,2,0,4,22,0.7652391693985804,-1.150455090644171
37,1559476800,1,2,1,3,22,0.7717916760478648,-1.1539290365645862
37,1559491200,0,0,0,0,22,0.7652391693985804,-1.164350874325832
37,1559505600,0,0,0,0,22,0.7652391693985804,-1.164350874325832
37,1559520000,0,1,1,1,22,0.7717916760478648,-1.1608769284054168
37,1559534400,0,2,2,2,22,0.7783441826971493,-1.1574029824850014
37,1559548800,393,75,-318,468,22,-1.3184579450738843,0.46145581642848726
37,1559563200,477,131,-346,608,22,-1.5019281312538497,0.9478082452866169
37,1559577600,395,163,-232,558,22,-0.7549423732354189,0.7741109492658563
37,1559592000,380,346,-34,726,22,0.5424539433229081,1.357733863895612
37,1559606400,183,152,-31,335,23,0.9362245451269327,-0.525434015958525
37,1559620800,35,46,11,81,23,1.2320862609284213,-1.7272629358224927
37,1559635200,377,72,-305,449,23,-0.9939209341494453,0.01396951500404317
37,1559649600,476,113,-363,589,23,-1.4024918750181676,0.6763949039054427
37,1559664000,395,169,-226,564,23,-0.4374191353799786,0.5581046558873356
37,1559678400,391,336,-55,727,23,0.767160707526082,1.3293570729653936
37,1559692800,201,158,-43,359,23,0.8516926263265073,-0.41187537786114226
37,1559707200,27,52,25,79,23,1.3307068328622507,-1.7367261556639413
37,1559721600,475,81,-394,556,23,-1.620865998585933,0.5202517765215414
37,1559736000,484,127,-357,611,23,-1.360225915617955,0.7804903221613769
37,1559750400,400,175,-225,575,23,-0.4303748088132765,0.6101523650153028
37,1559764800,408,367,-41,775,23,0.8657812794599116,1.5564743491601591
37,1559779200,187,138,-49,325,23,0.8094266669262947,-0.5727501151657678
37,1559793600,33,34,1,67,23,1.1616429952614002,-1.7935054747126327
37,1559808000,402,74,-328,476,23,-1.1559404451835937,0.1417229828635988
37,1559822400,453,130,-323,583,23,-1.1207188123500833,0.648005244381097
37,1559836800,381,155,-226,536,23,-0.4374191353799786,0.42561957810705575
37,1559851200,401,305,-96,706,23,0.47834331829129556,1.2299932646301837
37,1559865600,181,145,-36,326,23,0.9010029122934221,-0.5680185052450436
37,1559880000,49,40,-9,89,23,1.091199729594379,-1.6894100564566985
37,1559894400,493,88,-405,581,23,-1.698353590819656,0.6385420245396485
37,1559908800,482,206,-276,688,23,-0.7896354637150841,1.1448242860571467
37,1559923200,398,211,-187,609,23,-0.16269039927859638,0.7710271023199283
37,1559937600,400,363,-37,763,23,0.89395858572672,1.4996950301114678
37,1559952000,227,145,-82,372,23,0.5769638902251251,-0.3503644488917266
37,1559966400,47,66,19,113,23,1.288440873462038,-1.5758514183593157
37,1559980800,237,38,-199,275,23,-0.24722231807902167,-0.809330611201982
37,1559995200,492,113,-379,605,23,-1.5152011000854013,0.7521006626370312
37,1560009600,568,142,-426,710,23,-1.8462844487204002,1.2489197043130809
37,1560024000,437,205,-232,642,23,-0.4796850947801913,0.9271702297038297
37,1560038400,233,202,-31,435,23,0.9362245451269327,-0.05227302388609678
37,1560052800,69,77,8,146,23,1.2109532812283148,-1.4197082909754144
37,1560067200,151,35,-116,186,23,0.3374567869572534,-1.230443894146443
37,1560081600,283,74,-209,357,23,-0.31766558374604276,-0.4213385977025908
37,1560096000,336,119,-217,455,23,-0.37402019627965966,0.04235917452838887
37,1560110400,245,132,-113,377,23,0.3585897666573597,-0.3267063992881052
37,1560124800,152,120,-32,272,23,0.9291802185602306,-0.8235254409641548
37,1560139200,32,21,-11,53,23,1.0771110764609748,-1.8597480136027726
37,1560153600,415,93,-322,508,23,-1.1136744857833811,0.29313450032677585
37,1560168000,456,115,-341,571,23,-1.2475166905507211,0.5912259253324056
37,1560182400,370,172,-198,542,23,-0.24017799151231958,0.45400923763140144
37,1560196800,347,319,-28,666,23,0.957357524827039,1.0407288678012125
37,1560211200,90,88,-2,178,24,1.2311784710352156,-1.17172246983707
37,1560225600,86,4,-82,90,24,0.6558894312718635,-1.5523835767892145
37,1560240000,292,99,-193,391,24,-0.14232411139978757,-0.2503495632369928
37,1560254400,513,103,-410,616,24,-1.70279563175788,0.7229316761292859
37,1560268800,360,171,-189,531,24,-0.11355965941161995,0.3552476523686917
37,1560283200,404,373,-31,777,24,1.0226361941210005,1.4193684740758232
37,1560297600,142,84,-58,226,24,0.8284761432008692,-0.9640891387722639
37,1560312000,71,5,-66,76,24,0.7709472392245339,-1.6129432983497831
37,1560326400,495,95,-400,590,24,-1.6308845017874611,0.6104636218025159
37,1560340800,536,118,-418,654,24,-1.7603245357342154,0.8873080632222574
37,1560355200,398,192,-206,590,24,-0.2358085803613323,0.6104636218025159
37,1560369600,393,339,-54,732,24,0.8572405951890367,1.2247122262025674
37,1560384000,137,84,-53,221,24,0.8644317081860786,-0.9857176107581812
37,1560398400,78,5,-73,83,24,0.7206094482452405,-1.5826634375694988
37,1560412800,406,80,-326,486,24,-1.0987421400063604,0.160591404495436
37,1560427200,463,108,-355,571,24,-1.3072844169205755,0.5282754282560301
37,1560441600,365,174,-191,539,24,-0.12794188540570375,0.38985320754615943
37,1560456000,360,370,10,730,24,1.3174718269997183,1.2160608374082005
37,1560470400,138,71,-67,209,24,0.763756126227492,-1.0376259435243826
37,1560484800,95,7,-88,102,24,0.612742753289612,-1.500475244023013
37,1560499200,386,91,-295,477,24,-0.8758176370980615,0.12166015492078484
37,1560513600,488,123,-365,611,24,-1.3791955468909947,0.7013032041433687
37,1560528000,378,192,-186,570,24,-0.09198632042049425,0.5239497338588467
37,1560542400,391,332,-59,723,24,0.8212850302038271,1.1857809766279162
37,1561161600,9130,4028,-5102,13158,25,-4.104417395799086,4.111440810570518
37,1561176000,1,8,7,9,25,0.2917999928248692,-0.2821227602853964
37,1561190400,2,1,-1,3,25,0.28491611357080937,-0.28412758053219356
37,1561204800,4,9,5,13,25,0.29007902301135424,-0.2807862134541983
37,1561219200,1,4,3,5,25,0.28835805319783925,-0.2834593071165945
37,1561233600,0,1,1,1,25,0.2866370833843243,-0.2847958539477926
37,1561248000,0,0,0,0,25,0.2857765984775668,-0.28512999065559214
37,1561262400,0,1,1,1,25,0.2866370833843243,-0.2847958539477926
37,1561276800,0,0,0,0,25,0.2857765984775668,-0.28512999065559214
37,1561291200,0,0,0,0,25,0.2857765984775668,-0.28512999065559214
37,1561305600,0,1,1,1,25,0.2866370833843243,-0.2847958539477926
37,1561320000,0,1,1,1,25,0.2866370833843243,-0.2847958539477926
37,1561334400,0,0,0,0,25,0.2857765984775668,-0.28512999065559214
37,1561348800,0,2,2,2,25,0.2874975682910818,-0.2844617172399931
37,1561363200,375,64,-311,439,25,0.01816579247599118,-0.13844397593160196
37,1561377600,470,122,-348,592,25,-0.013672149074035505,-0.08732105963827509
37,1561392000,359,143,-216,502,25,0.09991185861795158,-0.11739336334023207
37,1561406400,327,306,-21,633,25,0.2677064154356598,-0.07362145461849469
37,1561420800,142,78,-64,220,26,0.7103081652320596,-0.8061888960892744
37,1561435200,98,7,-91,105,26,0.47884567690644025,-1.3711761810734873
37,1561449600,345,57,-288,402,26,-1.2099732193953017,0.08796489405965396
37,1561464000,482,126,-356,608,26,-1.7929157825857505,1.100029074118331
37,1561478400,369,168,-201,537,26,-0.46414964590163893,0.7512108373019909
37,1561492800,370,310,-60,680,26,0.7445989042432626,1.4537602438475774
37,1561507200,143,60,-83,203,26,0.547427154928846,-0.8897087556086797
37,1561521600,92,5,-87,97,26,0.5131364159176431,-1.410479644376737
37,1561536000,432,68,-364,500,26,-1.8614972606081563,0.5694323195244615
37,1561550400,531,138,-393,669,26,-2.1101051184393773,1.3997179818056091
37,1561564800,400,182,-218,582,26,-0.6098852866992511,0.9722928183827698
37,1561579200,401,468,67,869,26,1.833329867848954,2.3823045643868492
37,1561593600,185,122,-63,307,26,0.7188808499848603,-0.378763732666435
37,1561608000,97,6,-91,103,26,0.47884567690644025,-1.3810020468992996
37,1561622400,313,68,-245,381,26,-0.8413477750248706,-0.015206697111376224
37,1561636800,473,111,-362,584,26,-1.844351891102555,0.9821186842085823
37,1561651200,345,141,-204,486,26,-0.4898677001600411,0.5006512587437747
37,1561665600,334,321,-13,655,26,1.1475150876248963,1.3309369210249224
37,1561680000,161,96,-65,257,26,0.7017354804792589,-0.624410378311745
37,1561694400,90,5,-85,95,26,0.5302817854232446,-1.4203055102025492
37,1561708800,311,58,-253,369,26,-0.9099292530472763,-0.07416189206625062
37,1561723200,423,105,-318,528,26,-1.4671537619793231,0.7069944410858351
37,1561737600,348,164,-184,512,26,-0.3184140051040267,0.6283875144793359
37,1561752000,359,303,-56,662,26,0.7788896432544654,1.3653274514152658
37,1561766400,172,132,-40,304,26,0.916052599299277,-0.39350253140515357
37,1561780800,55,42,-13,97,26,1.1475150876248963,-1.410479644376737
37,1561795200,148,29,-119,177,26,0.23881050382802008,-1.0174450113442408
37,1561809600,252,93,-159,345,26,-0.1040968862840087,-0.1920722819759994
37,1561824000,332,129,-203,461,26,-0.4812950154072404,0.37782793592111974
37,1561838400,256,116,-140,372,26,0.05878412401920497,-0.05942309332753202
37,1561852800,150,92,-58,242,26,0.761744273748864,-0.6981043720053379
37,1561867200,63,47,-16,110,26,1.1217970333664942,-1.3466115165089563
37,1561881600,102,34,-68,136,26,0.6760174262208568,-1.218875260773395
37,1561896000,224,84,-140,308,26,0.05878412401920497,-0.37385079975352875
37,1561910400,255,151,-104,406,26,0.3674007751200309,0.10761662571127875
37,1561924800,200,131,-69,331,26,0.6674447414680561,-0.2608533427566862
37,1561939200,134,97,-37,231,26,0.9417706535576791,-0.7521466340473061
37,1561953600,26,28,2,54,26,1.2761053589169071,-1.6217357596317035
37,1561968000,364,59,-305,423,26,-1.3557088601929137,0.19113648523068416
37,1561982400,430,117,-313,547,26,-1.4242903382153196,0.8003401664310529
37,1561996800,366,129,-237,495,26,-0.7727662970024648,0.5448676549599305
37,1562011200,377,305,-72,682,26,0.6417266872096539,1.4635861096733898
37,1562025600,173,152,-21,325,27,0.6308852404244779,0.22667008615283896
37,1562040000,28,35,7,63,27,0.870756253272582,-0.8833778123900359
37,1562054400,372,75,-297,447,27,-1.733557600506834,0.7435626190621165
37,1562068800,457,114,-343,571,27,-2.1276314073287192,1.2689288000518741
37,1562083200,357,180,-177,537,27,-0.7055389740149594,1.1248767826837147
37,1562097600,367,306,-61,673,27,0.28821236492718627,1.7010848521563522
37,1562112000,151,188,37,339,27,1.1277609098955508,0.28598562271619865
37,1562126400,44,46,2,90,27,0.8279221438354205,-0.7689835633035564
37,1562140800,354,62,-292,416,27,-1.6907234910696727,0.6122210738146772
37,1562155200,491,132,-359,623,27,-2.2647005575276364,1.4892436501443531
37,1562169600,347,208,-139,555,27,-0.3799997422925323,1.2011396154080345
37,1562184000,373,280,-93,653,27,0.014074064529353014,1.6163483713515525
37,1562198400,184,141,-43,325,27,0.4424151589009675,0.22667008615283896
37,1562212800,37,37,0,74,27,0.8107885000605559,-0.8367727479473961
37,1562227200,129,34,-95,163,27,-0.003059579245511567,-0.45969540836603784
37,1562241600,199,75,-124,274,27,-0.25149741398104797,0.01059206010059995
37,1562256000,274,112,-162,386,27,-0.577036645703475,0.48511635260747776
37,1562270400,220,111,-109,331,27,-0.12299508566956363,0.2520910303942788
37,1562284800,125,101,-24,226,27,0.605184774762181,-0.1927754938309191
37,1562299200,39,26,-13,65,27,0.6994198155239362,-0.874904164309556
37,1562313600,247,53,-194,300,27,-0.8511749461013083,0.12074948514683943
37,1562328000,362,90,-272,452,27,-1.519387053321027,0.7647467392633165
37,1562342400,332,134,-198,466,27,-0.8854422336510375,0.8240622758266761
37,1562356800,354,215,-139,569,27,-0.3799997422925323,1.2604551519713942
37,1562371200,171,144,-27,315,27,0.5794843090998841,0.18430184575043915
37,1562385600,1,2,1,3,27,0.8193553219479882,-1.1375872548044348
37,1562400000,0,1,1,1,27,0.8193553219479882,-1.1460609028849147
37,1562414400,0,0,0,0,27,0.8107885000605559,-1.1502977269251546
37,1562428800,0,0,0,0,27,0.8107885000605559,-1.1502977269251546
37,1562443200,0,2,2,2,27,0.8279221438354205,-1.1418240788446747
37,1562457600,0,1,1,1,27,0.8193553219479882,-1.1460609028849147
37,1562472000,1,2,1,3,27,0.8193553219479882,-1.1375872548044348
37,1562486400,0,0,0,0,27,0.8107885000605559,-1.1502977269251546
37,1562500800,0,1,1,1,27,0.8193553219479882,-1.1460609028849147
37,1562515200,0,1,1,1,27,0.8193553219479882,-1.1460609028849147
37,1562529600,0,1,1,1,27,0.8193553219479882,-1.1460609028849147
37,1562544000,0,0,0,0,27,0.8107885000605559,-1.1502977269251546
37,1562558400,0,5,5,5,27,0.8536226094977174,-1.1291136067239547
37,1562572800,336,71,-265,407,27,-1.4594193001090008,0.5740896574525173
37,1562587200,469,110,-359,579,27,-2.2647005575276364,1.302823392373794
37,1562601600,341,193,-148,534,27,-0.4571011392794229,1.1121663105629949
37,1562616000,354,273,-81,627,27,0.11687592717854049,1.506190946305313
37,1562630400,150,124,-26,274,28,0.7461645793020824,-0.5085407582224919
37,1562644800,34,25,-9,59,28,0.8762015599273415,-1.6272065430578393
37,1562659200,398,64,-334,462,28,-1.6097995402614365,0.4696414164242306
37,1562673600,476,125,-351,601,28,-1.7398365208866957,1.192871854061967
37,1562688000,361,138,-223,499,28,-0.7607345491200385,0.6621559933493834
37,1562702400,264,185,-79,449,28,0.34075516911745085,0.40200115966674443
37,1562716800,162,145,-17,307,28,0.8150076866919254,-0.33683856799195017
37,1562731200,38,18,-20,56,28,0.7920599842286443,-1.6428158330787976
37,1562745600,383,63,-320,446,28,-1.5027102620994583,0.38639186964578615
37,1562760000,487,114,-373,601,28,-1.9081196722840899,1.192871854061967
37,1562774400,355,170,-185,525,28,-0.4700636512518121,0.7974365068643556
37,1562788800,388,312,-76,700,28,0.36370287158073183,1.707978424753592
37,1562803200,155,152,-3,307,28,0.9220969648539035,-0.33683856799195017
37,1562817600,36,22,-14,58,28,0.8379553891552064,-1.6324096397314922
37,1562832000,390,74,-316,464,28,-1.4721133254817504,0.48004760977153615
37,1562846400,474,125,-349,599,28,-1.7245380525778418,1.1824656607146613
37,1562860800,384,152,-232,536,28,-0.8295776565098816,0.8546705702745362
37,1562875200,321,315,-6,636,28,0.8991492623906224,1.3749802376398141
37,1562889600,127,143,16,270,28,1.0674324137880167,-0.529353144917103
37,1562904000,30,27,-3,57,28,0.9220969648539035,-1.637612736405145
37,1562918400,354,62,-292,416,28,-1.2885317057755021,0.23029896943620276
37,1562932800,418,127,-291,545,28,-1.2808824716210752,0.9014984403374112
37,1562947200,357,170,-187,527,28,-0.48536211956066616,0.8078427002116613
37,1562961600,352,283,-69,635,28,0.41724751066172094,1.3697771409661614
37,1562976000,202,137,-65,339,28,0.44784444727942896,-0.17033947443506123
37,1562990400,61,22,-39,83,28,0.6467245352945312,-1.5023322228901725
37,1563004800,100,77,-23,177,28,0.7691122817653633,-1.0132411355668114
37,1563019200,184,166,-18,350,28,0.8073584525374984,-0.11310541102488066
37,1563033600,215,177,-38,392,28,0.6543737694489582,0.10542464926853605
37,1563048000,242,169,-73,411,28,0.3866505740440129,0.20428348606793886
37,1563062400,206,90,-116,296,28,0.0577335054036515,-0.3940726314021307
37,1563076800,47,28,-19,75,28,0.7997092183830714,-1.5439569962793949
37,1563091200,66,50,-16,116,28,0.8226569208463524,-1.330630032659631
37,1563105600,131,180,49,311,28,1.3198571408841078,-0.31602618129733906
37,1563120000,184,179,-5,363,28,0.9067984965450495,-0.04546515426739454
37,1563134400,193,115,-78,308,28,0.3484044032718778,-0.3316354713182974
37,1563148800,100,72,-28,172,28,0.7308661109932283,-1.0392566189350754
37,1563163200,31,11,-20,42,28,0.7920599842286443,-1.7156591865099367
37,1563177600,375,67,-308,442,28,-1.4109194522463344,0.365579482951175
37,1563192000,453,104,-349,557,28,-1.7245380525778418,0.9639356004212446
37,1563206400,347,153,-194,500,28,-0.5389067586416552,0.6673590900230362
37,1563220800,370,280,-90,650,28,0.2566135934187537,1.447823591070953
37,1563235200,154,131,-23,285,29,0.6931137307517593,-0.432780678388234
37,1563249600,39,21,-18,60,29,0.730235353668839,-1.5560373141390744
37,1563264000,371,59,-312,430,29,-1.4525160738554466,0.2910958202067521
37,1563278400,535,142,-393,677,29,-2.0538863651121373,1.5241819936754526
37,1563292800,366,144,-222,510,29,-0.7843268613480122,0.6904759573626066
37,1563307200,363,340,-23,703,29,0.6931137307517593,1.6539805382511052
37,1563321600,185,160,-25,345,29,0.6782650815849275,-0.13324557552134317
37,1563336000,55,22,-33,77,29,0.6188704849176,-1.4711690349934554
37,1563350400,409,76,-333,485,29,-1.6084268901071812,0.565669664501402
37,1563364800,481,120,-361,601,29,-1.8163079784428275,1.144770863377391
37,1563379200,350,162,-188,512,29,-0.5318998255118703,0.7004604607915029
37,1563393600,394,289,-105,683,29,0.08431911491165246,1.5541355039621416
37,1563408000,141,114,-27,255,29,0.6634164324180956,-0.5825482298216793
37,1563422400,34,11,-23,45,29,0.6931137307517593,-1.630921089855797
37,1563436800,364,57,-307,421,29,-1.415394450938367,0.24616555477671853
37,1563451200,469,132,-337,601,29,-1.638124188440845,1.144770863377391
37,1563465600,361,166,-195,527,29,-0.5838700975957819,0.7753442365082256
37,1563480000,370,305,-65,675,29,0.38129209824828997,1.5141974902465563
37,1563494400,147,126,-21,273,29,0.7079623799185912,-0.49268769896161213
37,1563508800,43,18,-25,61,29,0.6782650815849275,-1.5510450624246264
37,1563523200,352,64,-288,416,29,-1.274332283853464,0.22120429620447762
37,1563537600,457,123,-334,580,29,-1.6158512146905972,1.039933577373979
37,1563552000,367,166,-201,533,29,-0.6284160450962775,0.8052977467949147
37,1563566400,261,244,-17,505,29,0.737659678252255,0.6655146987903656
37,1563580800,157,101,-56,258,29,0.44811101949903337,-0.5675714746783348
37,1563595200,51,27,-24,78,29,0.6856894061683434,-1.4661767832790071
37,1563609600,79,87,8,166,29,0.9232677928376534,-1.0268586324075675
37,1563624000,209,254,45,463,29,1.197967802424043,0.4558401267835421
37,1563638400,191,206,15,397,29,0.975238064921565,0.1263515136299622
37,1563652800,175,140,-35,315,29,0.6040218357507681,-0.28301312695478853
37,1563667200,110,115,5,225,29,0.9009948190874055,-0.7323157812551248
37,1563681600,55,21,-34,76,29,0.611446160334184,-1.4761612867079035
37,1563696000,69,43,-26,112,29,0.6708407570015115,-1.2964402249877691
37,1563710400,154,198,44,352,29,1.1905434778406272,-0.09829981352020589
37,1563724800,164,156,-8,320,29,0.8044785995029984,-0.2580518683825477
37,1563739200,162,113,-49,275,29,0.5000812915829449,-0.48270319553271573
37,1563753600,99,69,-30,168,29,0.6411434586678477,-1.016874128978671
37,1563768000,47,10,-37,57,29,0.5891731865839362,-1.571014069282419
37,1563782400,345,66,-279,411,29,-1.2075133626027206,0.19624303763223672
37,1563796800,472,132,-340,604,29,-1.660397162191093,1.1597476185207354
37,1563811200,345,140,-205,485,29,-0.6581133434299412,0.565669664501402
37,1563825600,297,292,-5,589,29,0.8267515732532462,1.0848638428040127
37,1563840000,115,106,-9,221,30,0.8778657870918994,-0.8194448684393807
37,1563854400,15,30,15,45,30,1.0624868414187583,-1.6812084859530958
37,1563868800,378,68,-310,446,30,-1.4375899359241224,0.28224157440485725
37,1563883200,471,138,-333,609,30,-1.6145184463206954,1.0803521974431274
37,1563897600,357,170,-187,527,30,-0.4914070324989706,0.678848693828783
37,1563912000,382,316,-66,698,30,0.4393907830656096,1.5161303903904038
37,1563926400,178,168,-10,346,30,0.8701732431616136,-0.20739684463702626
37,1563940800,30,60,30,90,30,1.1778750003730452,-1.460871197384248
37,1563955200,395,71,-324,466,30,-1.5452855509481234,0.380169258213234
37,1563969600,493,134,-359,627,30,-1.814524588508126,1.1684871128706664
37,1563984000,382,182,-200,564,30,-0.5914101035926859,0.8600149088742799
37,1563998400,373,299,-74,672,30,0.3778504316233233,1.3888244014395141
37,1564012800,179,163,-16,342,30,0.824017979579899,-0.2269823813987016
37,1564027200,35,50,15,85,30,1.0624868414187583,-1.4853531183363424
37,1564041600,364,59,-305,423,30,-1.3991272162726935,0.16962473802522407
37,1564056000,508,123,-385,631,30,-2.0145307306955567,1.188072649632342
37,1564070400,358,167,-191,525,30,-0.5221772082201137,0.6690559254479452
37,1564084800,384,330,-54,714,30,0.531701310229039,1.5944725374371052
37,1564099200,193,184,-9,377,30,0.8778657870918994,-0.05560893473404237
37,1564113600,42,36,-6,78,30,0.9009434188827568,-1.5196278076692742
37,1564128000,365,66,-299,431,30,-1.3529719526909787,0.20879581154857474
37,1564142400,481,117,-364,598,30,-1.852987308159555,1.0264919713485203
37,1564156800,348,175,-173,523,30,-0.3837114174749696,0.6592631570671076
37,1564171200,395,304,-91,699,30,0.2470771848084649,1.5210267745808226
37,1564185600,214,160,-54,374,30,0.531701310229039,-0.07029808730529888
37,1564200000,66,18,-48,84,30,0.5778565738107537,-1.4902495025267612
37,1564214400,78,74,-4,152,30,0.9163285067433283,-1.1572953775782804
37,1564228800,198,183,-15,381,30,0.8317105235101847,-0.036023397972367026
37,1564243200,242,165,-77,407,30,0.35477279983246596,0.09128259097852269
37,1564257600,218,155,-63,373,30,0.46246841485646695,-0.07519447149571772
37,1564272000,164,87,-77,251,30,0.35477279983246596,-0.6725533427268157
37,1564286400,52,20,-32,72,30,0.7009372766953264,-1.5490061128117871
37,1564300800,54,54,0,108,30,0.9470986824644715,-1.372736281956709
37,1564315200,146,126,-20,272,30,0.7932478038587558,-0.56972927472802
37,1564329600,180,132,-48,312,30,0.5778565738107537,-0.37387390711126667
37,1564344000,205,134,-71,339,30,0.40092806341418064,-0.2416715339699581
37,1564358400,134,84,-50,218,30,0.5624714859501821,-0.8341340210106372
37,1564372800,42,19,-23,61,30,0.7701701720678984,-1.6028663389063944
37,1564387200,337,63,-274,400,30,-1.160658354433834,0.057007901645590844
37,1564401600,487,120,-367,607,30,-1.8760649399504121,1.0705594290622897
37,1564416000,342,167,-175,509,30,-0.39909650533554114,0.590713778401244
37,1564430400,361,293,-68,654,30,0.424005695205038,1.300689486011975
37,1564444800,166,140,-26,306,31,0.824795591720766,-0.6705148001217106
37,1564459200,20,42,22,62,31,1.1605427725201731,-1.9395951716513604
37,1564473600,385,78,-307,463,31,-1.1407243625424306,0.14606560287072803
37,1564488000,450,122,-328,572,31,-1.2876137541421713,0.7129908508081536
37,1564502400,363,160,-203,523,31,-0.4132721374770482,0.45813454668949444
37,1564516800,347,334,-13,681,31,0.9157271198539387,1.279916098745579
37,1564531200,176,149,-27,325,31,0.817800858787445,-0.5716929679124346
37,1564545600,27,53,26,80,31,1.188521704253457,-1.8459744885057305
37,1564560000,389,66,-323,455,31,-1.2526400894755663,0.1044564103615592
37,1564574400,462,110,-352,572,31,-1.4554873445418748,0.7129908508081536
37,1564588800,357,147,-210,504,31,-0.4622352680102951,0.3593127144802184
37,1564603200,315,295,-20,610,31,0.8667639893206919,0.9106345152267057
37,1564617600,152,153,1,305,31,1.0136533809204324,-0.6757159491853567
37,1564632000,25,43,18,68,31,1.1325638407868892,-1.9083882772694838
37,1564646400,379,72,-307,451,31,-1.1407243625424306,0.08365181410697477
37,1564660800,485,125,-360,610,31,-1.5114452080084426,0.9106345152267057
37,1564675200,362,164,-198,526,31,-0.37829847281044326,0.47373799388043275
37,1564689600,376,314,-62,690,31,0.5729852061212105,1.326726440318394
37,1564704000,173,200,27,373,31,1.1955164371867781,-0.3220378128574215
37,1564718400,31,66,35,97,31,1.251474300653346,-1.7575549544237468
37,1564732800,329,69,-260,398,31,-0.8119719146763443,-0.19200908626626884
37,1564747200,456,160,-296,616,31,-1.0637823002758997,0.9418414096085823
37,1564761600,357,177,-180,534,31,-0.2523932800106656,0.5153471863896015
37,1564776000,364,253,-111,617,31,0.23024329238848232,0.9470425586722284
37,1565395200,7650,5105,-2545,12755,32,-4.0701027140049595,4.1160451461849
37,1565409600,43,58,15,101,32,0.4867351561867051,-0.32646096674868913
37,1565424000,163,38,-125,201,32,0.23753308516059848,-0.2913534425434292
37,1565438400,296,125,-171,421,32,0.15565240468059202,-0.2141168892918574
37,1565452800,321,131,-190,452,32,0.12183212361276326,-0.20323355678822683
37,1565467200,285,161,-124,446,32,0.2393130999536421,-0.20534000824054244
37,1565481600,171,138,-33,309,32,0.4012944461206114,-0.2534373164017485
37,1565496000,54,54,0,108,32,0.4600349342910508,-0.3240034400543209
37,1565510400,115,20,-95,135,32,0.29093352895190705,-0.31452440851890073
37,1565524800,231,97,-134,328,32,0.22151295202320592,-0.2467668868027491
37,1565539200,320,144,-176,464,32,0.1467523307153739,-0.19902065388359563
37,1565553600,262,154,-108,416,32,0.26779333664234,-0.2158722655021204
37,1565568000,160,103,-57,263,32,0.35857409108756455,-0.26958677753616805
37,1565582400,37,28,-9,65,32,0.44401480115365827,-0.3390996754625827
37,1565596800,311,61,-250,372,32,0.015031236030146135,-0.23131957615243476
37,1565611200,452,105,-347,557,32,-0.1576301988950849,-0.16637065637270393
37,1565625600,336,126,-210,462,32,0.08623182775189088,-0.19972280436770085
37,1565640000,397,304,-93,701,32,0.2944935585379943,-0.11581582151712964
37,1565654400,155,133,-22,288,33,0.7667092944935957,-0.5379783185046734
37,1565668800,22,35,13,57,33,1.060368143609173,-1.7689843671207912
37,1565683200,355,64,-291,419,33,-1.4902687172804128,0.1601246787624758
37,1565697600,456,119,-337,575,33,-1.8762203475466002,0.9914534388668671
37,1565712000,339,144,-195,483,33,-0.6848044454205435,0.5011826316258159
37,1565726400,348,285,-63,633,33,0.4227089283867766,1.300537208649269
37,1565740800,181,136,-45,317,33,0.5737334793605021,-0.38343643361347235
37,1565755200,32,42,10,74,33,1.035197385113552,-1.6783908483914665
37,1565769600,371,61,-310,432,33,-1.649683521086012,0.22940207543784175
37,1565784000,449,150,-299,599,33,-1.557390739935402,1.1193501711906197
37,1565798400,371,168,-203,539,33,-0.7519264680755327,0.7996083403812384
37,1565812800,360,321,-39,681,33,0.6240749963517439,1.556330673296774
37,1565827200,168,149,-19,317,33,0.7918800529892166,-0.38343643361347235
37,1565841600,36,51,15,87,33,1.0771486492729203,-1.6091134517161005
37,1565856000,400,74,-326,474,33,-1.7839275663959901,0.45322135700440863
37,1565870400,436,178,-258,614,33,-1.2133903738285827,1.199285628892965
37,1565884800,363,184,-179,547,33,-0.5505604001105654,0.8422405844891558
37,1565899200,371,308,-63,679,33,0.4227089283867766,1.5456726122697948
37,1565913600,193,170,-23,363,33,0.7583190416617221,-0.13830102999294672
37,1565928000,31,45,14,76,33,1.0687583964410468,-1.6677327873644872
37,1565942400,334,58,-276,392,33,-1.3644149248023083,0.01624085489825423
37,1565956800,442,123,-319,565,33,-1.7251957965728746,0.9381631337319702
37,1565971200,343,160,-183,503,33,-0.58412141143806,0.6077632418956096
37,1565985600,373,278,-95,651,33,0.1542208377668202,1.3964597578920834
37,1566000000,191,103,-88,294,33,0.21295260758993564,-0.5060041354237352
37,1566014400,67,26,-41,93,33,0.6072944906879966,-1.5771392686351624
37,1566028800,101,121,20,222,33,1.1190999134322885,-0.8896943323949927
37,1566043200,216,198,-18,414,33,0.8002703058210903,0.13347952619502737
37,1566057600,240,257,17,497,33,1.0939291549366676,0.5757890588146715
37,1566072000,285,190,-95,475,33,0.1542208377668202,0.45855038751789834
37,1566086400,202,131,-71,333,33,0.3555869057317875,-0.29817194539763736
37,1566100800,100,28,-72,128,33,0.34719665289991386,-1.3906232006630235
37,1566115200,59,86,27,145,33,1.1778316832554039,-1.3000296819336987
37,1566129600,160,170,10,330,33,1.035197385113552,-0.31415903693810643
37,1566144000,208,187,-21,395,33,0.7750995473254694,0.032227946438723294
37,1566158400,191,152,-39,343,33,0.6240749963517439,-0.24488164026274048
37,1566172800,126,59,-67,185,33,0.38914791705928203,-1.086868461394111
37,1566187200,62,9,-53,71,33,0.506611456705513,-1.6943779399319356
37,1566201600,316,62,-254,378,33,-1.1798293625010883,-0.0583655722906014
37,1566216000,440,116,-324,556,33,-1.7671470607322428,0.890201859110563
37,1566230400,311,159,-152,470,33,-0.32402357364997714,0.4319052349504499
37,1566244800,345,297,-48,642,33,0.5485627208648811,1.3484984832706763
37,1566259200,158,145,-13,303,34,0.765986121076096,-0.44724078305514314
37,1566273600,28,37,9,65,34,0.9422239636742814,-1.7282204012268372
37,1566288000,345,59,-286,404,34,-1.4209652893468412,0.09636821457234043
37,1566302400,444,139,-305,583,34,-1.573170698863456,1.0597940618527322
37,1566316800,365,152,-213,517,34,-0.8361760843619533,0.704564419838733
37,1566331200,376,300,-76,676,34,0.2613050263631104,1.5603449210542764
37,1566345600,177,148,-29,325,34,0.637813144641052,-0.3288309023838101
37,1566360000,41,55,14,96,34,0.9822780188102326,-1.5613701148263224
37,1566374400,367,53,-314,420,34,-1.6452679981081682,0.18248449142421902
37,1566388800,440,139,-301,579,34,-1.541127454754695,1.0382649926397625
37,1566403200,370,141,-229,511,34,-0.9643490607969972,0.6722708160192785
37,1566417600,360,314,-46,674,34,0.5016293571788178,1.5495803864477915
37,1566432000,166,166,0,332,34,0.8701266644295691,-0.2911550312611132
37,1566446400,27,45,18,72,34,1.0143212629189935,-1.6905445301041402
37,1566460800,365,62,-303,427,34,-1.5571490768090754,0.2201603625469159
37,1566475200,458,140,-318,598,34,-1.6773112422169292,1.1405280714013684
37,1566489600,356,190,-166,546,34,-0.4596679660840117,0.8606501716327629
37,1566504000,358,291,-67,649,34,0.3334023256078226,1.4150237038667313
37,1566518400,149,132,-17,281,34,0.733942876967335,-0.5656506637264762
37,1566532800,30,44,14,74,34,0.9822780188102326,-1.6797799954976553
37,1566547200,322,52,-270,374,34,-1.2927923129117973,-0.06509980452493191
37,1566561600,409,130,-279,539,34,-1.3648896121565095,0.822974300510066
37,1566576000,360,171,-189,531,34,-0.6439166197093874,0.7799161620841267
37,1566590400,364,249,-115,613,34,-0.05111660369730918,1.2212620809500045
37,1566604800,172,128,-44,300,34,0.5176509792331982,-0.46338758496487037
37,1566619200,81,36,-45,117,34,0.5096401682060081,-1.4483425014582316
37,1566633600,90,130,40,220,34,1.190559105517179,-0.8939689692242633
37,1566648000,200,214,14,414,34,0.9822780188102326,0.15019088760476454
37,1566662400,232,223,-9,455,34,0.7980293651848569,0.3708638470377034
37,1566676800,257,188,-69,445,34,0.31738070355344217,0.3170411740052793
37,1566691200,172,117,-55,289,34,0.4295320579341056,-0.5225925253005369
37,1566705600,80,27,-53,107,34,0.4455536799884861,-1.502165174490656
37,1566720000,55,72,17,127,34,1.0063104518918033,-1.3945198284258076
37,1566734400,166,175,9,341,34,0.9422239636742814,-0.2427146255319315
37,1566748800,177,275,98,452,34,1.6551861450942134,0.3547170451279762
37,1566763200,205,186,-19,391,34,0.7179212549129544,0.026398739630189086
37,1566777600,157,57,-100,214,34,0.06904556171054452,-0.9262625730437177
37,1566792000,57,13,-44,70,34,0.5176509792331982,-1.701309064710625
37,1566806400,320,46,-274,366,34,-1.3248355570205583,-0.1081579429508712
37,1566820800,443,126,-317,569,34,-1.6693004311897388,0.9844423196073383
37,1566835200,341,146,-195,487,34,-0.6919814858725288,0.5430964007414606
37,1566849600,349,314,-35,663,34,0.5897482784779106,1.490375446112125
37,1566864000,136,74,-62,210,35,0.7997133432587326,-0.7724245928719695
37,1566878400,78,8,-70,86,35,0.7170352868479837,-1.4273883310154434
37,1566892800,337,68,-269,405,35,-1.339581366369397,0.2575587050149452
37,1566907200,468,151,-317,619,35,-1.835649704833891,1.3878993498754566
37,1566921600,362,146,-216,508,35,-0.7918392426481851,0.8016011649244437
37,1566936000,359,269,-90,628,35,0.5103401458211112,1.4354370405471604
37,1566950400,133,72,-61,205,35,0.8100481003100762,-0.798834421022916
37,1566964800,88,6,-82,94,35,0.5930182022318602,-1.3851326059739288
37,1566979200,364,64,-300,428,35,-1.6599588349610492,0.37904391450929925
37,1566993600,472,123,-349,595,35,-2.166361930476887,1.2611321747509132
37,1567008000,361,161,-200,522,35,-0.6264831298266872,0.8755486837470939
37,1567022400,369,284,-85,653,35,0.5620139310778293,1.567486181301893
37,1567036800,142,64,-78,206,35,0.6343572304372347,-0.7935524553927267
37,1567051200,80,6,-74,86,35,0.6756962586426092,-1.4273883310154434
37,1567065600,328,57,-271,385,35,-1.3602508804720843,0.15191939241115907
37,1567080000,450,123,-327,573,35,-1.938997275347327,1.1449289308867485
37,1567094400,370,181,-189,551,35,-0.5128008022619074,1.0287256870225838
37,1567108800,391,325,-66,716,35,0.7583743150533582,1.9002500160038194
37,1567123200,190,84,-106,274,35,0.3449840329996133,-0.4343787925398539
37,1567137600,87,3,-84,90,35,0.5723486881291729,-1.4062604684946862
37,1567152000,330,55,-275,385,35,-1.4015899086774588,0.15191939241115907
37,1567166400,425,130,-295,555,35,-1.6082850497043313,1.049853549543341
37,1567180800,389,171,-218,560,35,-0.8125087567508723,1.0762633776942876
37,1567195200,387,249,-138,636,35,0.014271807356617369,1.477692765588675
37,1567209600,136,132,-4,268,35,1.3991292522366627,-0.46607058632098974
37,1567224000,40,29,-11,69,35,1.3267859528772572,-1.5171817467286617
37,1567238400,144,35,-109,179,35,0.3139797618455824,-0.936165527407838
37,1567252800,260,120,-140,380,35,-0.006397706746069875,0.12550956426021254
37,1567267200,320,137,-183,457,35,-0.4507922599538456,0.5322209177847891
37,1567281600,331,148,-183,479,35,-0.4507922599538456,0.6484241616489538
37,1567296000,172,153,-19,325,35,1.2441078964665084,-0.1649985454001993
37,1567310400,34,40,6,74,35,1.5024768227500989,-1.490771918577715
37,1567324800,108,30,-78,138,35,0.6343572304372347,-1.1527261182455995
37,1567339200,213,103,-110,316,35,0.3036450047942388,-0.21253623607190303
37,1567353600,281,137,-144,418,35,-0.047736734951444364,0.3262242582074062
37,1567368000,262,149,-113,411,35,0.2726407336402079,0.289250498796081
37,1567382400,130,99,-31,229,35,1.120090811850385,-0.6720672458983726
37,1567396800,36,29,-7,65,35,1.3681249810826317,-1.5383096092494188
37,1567411200,127,34,-93,161,35,0.47933587466708033,-1.0312409087512455
37,1567425600,262,65,-197,327,35,-0.5954788586726563,-0.15443461413982068
37,1567440000,249,115,-134,364,35,0.05561083556199185,0.040998114177183645
37,1567454400,207,125,-82,332,35,0.5930182022318602,-0.12802478598887415
37,1567468800,132,68,-64,200,36,0.6307746090397099,-1.0022560914930816
37,1567483200,24,19,-5,43,36,1.094315380451454,-1.714573042054127
37,1567497600,382,80,-302,462,36,-1.2391017230958006,0.18645117632216618
37,1567512000,459,136,-323,595,36,-1.4040908112254042,0.7898789115108225
37,1567526400,375,157,-218,532,36,-0.579145370577385,0.5040447211583011
37,1567540800,398,330,-68,728,36,0.5993481160626425,1.3933066466994788
37,1567555200,169,134,-35,303,36,0.8586166831234486,-0.5349398755199117
37,1567569600,18,26,8,44,36,1.1964514826269232,-1.710035991413611
37,1567584000,405,100,-305,505,36,-1.262671592828601,0.38154435386436336
37,1567598400,474,158,-316,632,36,-1.3490944485155363,0.9577497852099224
37,1567612800,377,166,-211,543,36,-0.5241490078675171,0.5539522782039794
37,1567627200,407,347,-60,754,36,0.6622011020167773,1.5112699633529003
37,1567641600,167,164,-3,331,36,1.1100286269399877,-0.40790245758545773
37,1567656000,31,44,13,75,36,1.2357345988482573,-1.5693874215576082
37,1567670400,439,109,-330,548,36,-1.4590871739352722,0.5766375314065605
37,1567684800,480,151,-329,631,36,-1.4512305506910055,0.9532127345694061
37,1567699200,418,193,-225,611,36,-0.634141733287253,0.8624717217590819
37,1567713600,365,287,-78,652,36,0.520781883619974,1.0484907980202467
37,1567728000,184,171,-13,355,36,1.0314623944973194,-0.29901324221306863
37,1567742400,31,49,18,80,36,1.2750177150695916,-1.5467021683550273
37,1567756800,456,107,-349,563,36,-1.6083630155763424,0.6446932910143037
37,1567771200,497,153,-344,650,36,-1.5690798993550081,1.0394166967392142
37,1567785600,396,182,-214,578,36,-0.5477188776003177,0.7127490506220469
37,1567800000,395,292,-103,687,36,0.3243663025133028,1.2072875704383141
37,1567814400,160,110,-50,270,36,0.7407673344594459,-0.6846625466569467
37,1567828800,41,57,16,98,36,1.259304468581058,-1.4650352568257354
37,1567843200,158,38,-120,196,36,0.1908037073607663,-1.0204042940551465
37,1567857600,308,133,-175,441,36,-0.24131057107391046,0.0911731128713257
37,1567872000,314,144,-170,458,36,-0.20202745485257623,0.16830297376010134
37,1567886400,326,183,-143,509,36,0.010101372742628744,0.3996925564264282
37,1567900800,196,93,-103,289,36,0.3243663025133028,-0.5984585844871386
37,1567915200,48,50,2,98,36,1.149311743161322,-1.4650352568257354
37,1567929600,104,26,-78,130,36,0.520781883619974,-1.3198496363292165
37,1567944000,242,92,-150,334,36,-0.04489498996723921,-0.3942913056639091
37,1567958400,281,154,-127,435,36,0.13580734465089836,0.06395080902822843
37,1567972800,237,164,-73,401,36,0.5600649998413083,-0.09030891274932282
37,1567987200,148,97,-51,245,36,0.732910711215179,-0.7980888126698521
37,1568001600,19,32,13,51,36,1.2357345988482573,-1.6782766369299973
37,1568016000,486,120,-366,606,36,-1.741925610728879,0.8397864685565009
37,1568030400,510,159,-351,669,36,-1.624076262064876,1.1256206589090223
37,1568044800,423,155,-268,578,36,-0.9719765327907276,0.7127490506220469
37,1568059200,389,379,-10,768,36,1.0550322642301198,1.5747886723201274
37,1568073600,157,104,-53,261,37,0.4799836037987859,-0.3440087998981713
37,1568088000,23,30,7,53,37,0.856141509292578,-1.0302560620108274
37,1568102400,486,99,-387,585,37,-1.6139620701166566,0.7249532814696201
37,1568116800,535,139,-396,674,37,-1.6703857559407254,1.0185879272774394
37,1568131200,400,181,-219,581,37,-0.5607199347340388,0.7117562187366844
37,1568145600,412,337,-75,749,37,0.34205903845106217,1.2660328535199836
37,1568160000,167,137,-30,304,37,0.6241774675714062,-0.20214037551911257
37,1568174400,31,41,10,72,37,0.8749494045672676,-0.9675700140293829
37,1568188800,520,99,-421,619,37,-1.8271182165631388,0.8371283146995735
37,1568203200,542,145,-397,687,37,-1.676655054365622,1.0614783811594803
37,1568217600,423,189,-234,612,37,-0.6547594111074868,0.814033454916936
37,1568232000,416,356,-60,772,37,0.4360985148245102,1.3419159642343639
37,1568246400,160,129,-31,289,37,0.6179081691465097,-0.25162936076762144
37,1568260800,23,43,20,66,37,0.937642388816233,-0.9873656081287865
37,1568275200,515,119,-396,634,37,-1.6703857559407254,0.8866172999480824
37,1568289600,500,140,-360,640,37,-1.4446910126444503,0.9064128940474859
37,1568304000,423,177,-246,600,37,-0.7299909922062453,0.774442266718129
37,1568318400,422,389,-33,811,37,0.6053695722967166,1.470587325880487
37,1568332800,147,150,3,297,37,0.8310643155929919,-0.22523523530175002
37,1568347200,38,35,-3,73,37,0.7934485250436126,-0.964270748346149
37,1568361600,451,118,-333,569,37,-1.2754199551722438,0.6721650305378774
37,1568376000,552,158,-394,710,37,-1.6578471590909325,1.1373614918738606
37,1568390400,413,200,-213,613,37,-0.5231041441846597,0.8173327206001699
37,1568404800,428,350,-78,778,37,0.32325114317637255,1.3617115583337673
37,1568419200,179,130,-49,309,37,0.5050607974983721,-0.18564404710294294
37,1568433600,1,10,9,11,37,0.8686801061423711,-1.1688252207066523
37,1568448000,5,9,4,14,37,0.8373336140178884,-1.1589274236569505
37,1568462400,2,6,4,8,37,0.8373336140178884,-1.1787230177563541
37,1568476800,5,5,0,10,37,0.8122564203183023,-1.1721244863898863
37,1568491200,0,8,8,8,37,0.8624108077174746,-1.1787230177563541
37,1568505600,0,2,2,2,37,0.8247950171680953,-1.1985186118557576
37,1568520000,0,2,2,2,37,0.8247950171680953,-1.1985186118557576
37,1568534400,0,1,1,1,37,0.8185257187431988,-1.2018178775389916
37,1568563200,1,15,14,16,37,0.9000265982668537,-1.1523288922904826
37,1568577600,0,5,5,5,37,0.843602912442785,-1.1886208148060557
37,1568592000,0,5,5,5,37,0.843602912442785,-1.1886208148060557
37,1568606400,0,0,0,0,37,0.8122564203183023,-1.2051171432222254
37,1568620800,472,96,-376,568,37,-1.5449997874427948,0.6688657648546433
37,1568635200,490,147,-343,637,37,-1.3381129394212092,0.8965150969977841
37,1568649600,384,188,-196,572,37,-0.4165260709614185,0.6820628275875791
37,1568664000,421,338,-83,759,37,0.2919046510518899,1.299025510352323
37,1568678400,136,119,-17,255,38,0.9853487762642145,-0.7841859720265458
37,1568692800,61,10,-51,71,38,0.737318095406591,-1.5656417027578347
37,1568707200,518,113,-405,631,38,-1.8451189935227832,0.8127018255547837
37,1568721600,518,157,-361,675,38,-1.5241381124129174,0.9995716742079179
37,1568736000,422,183,-239,605,38,-0.6341456693355625,0.7022787331688406
37,1568750400,411,329,-82,740,38,0.5111724746246401,1.2756294051727755
37,1568764800,166,146,-20,312,38,0.9634637161885419,-0.54210457718044
37,1568779200,43,10,-33,53,38,0.868628455860627,-1.642088459025026
37,1568793600,484,106,-378,590,38,-1.6481534528417292,0.6385731029461812
37,1568808000,500,144,-356,644,38,-1.4876630122867964,0.8679133717477551
37,1568822400,441,184,-257,625,38,-0.7654560297895985,0.7872195734657198
37,1568836800,431,339,-92,770,38,0.4382222743723979,1.4030406656180943
37,1568851200,171,118,-53,289,38,0.7227280553561426,-0.6397865435218512
37,1568865600,44,9,-35,53,38,0.8540384158101785,-1.642088459025026
37,1568880000,446,123,-323,569,38,-1.246927351454397,0.549385220634458
37,1568894400,512,145,-367,657,38,-1.5679082325642628,0.9231249179407266
37,1568908800,408,189,-219,597,38,-0.4882452688310781,0.668302397050089
37,1568923200,416,367,-49,783,38,0.7519081354570394,1.4582522118110657
37,1568937600,159,145,-14,304,38,1.0072338363398872,-0.5760809132991916
37,1568952000,51,12,-39,63,38,0.8248583357092817,-1.5996180388765864
37,1568966400,487,99,-388,586,38,-1.7211036530939714,0.6215849348868053
37,1568980800,504,142,-362,646,38,-1.5314331324381416,0.8764074557774431
37,1568995200,401,198,-203,599,38,-0.37152494842749056,0.6767964810797769
37,1569009600,427,322,-105,749,38,0.3433870140444831,1.3138527833063711
37,1569024000,181,154,-27,335,38,0.9123985760119723,-0.4444226108390289
37,1569038400,37,62,25,99,38,1.2917396173236317,-1.4467245263422037
37,1569052800,127,36,-91,163,38,0.44551729439762217,-1.1749138373921901
37,1569067200,334,155,-179,489,38,-0.19644446782210928,0.20962185944694112
37,1569081600,339,203,-136,542,38,0.11724139326253222,0.43471508623367106
37,1569096000,311,164,-147,475,38,0.03699617298506578,0.15016327123912568
37,1569110400,153,143,-10,296,38,1.036413916440784,-0.6100572494179434
37,1569124800,28,52,24,80,38,1.2844445972984075,-1.527418324624239
37,1569139200,107,23,-84,130,38,0.4965824345741917,-1.315066223882041
37,1569153600,230,107,-123,337,38,0.21207665359044708,-0.43592852680934097
37,1569168000,269,194,-75,463,38,0.5622376148012097,0.09919876706099813
37,1569182400,237,136,-101,373,38,0.3725670941453799,-0.28303501427495836
37,1569196800,135,90,-45,225,38,0.7810882155579363,-0.9115972324718646
37,1569211200,28,22,-6,50,38,1.065593996541681,-1.6548295850695578
37,1569225600,437,113,-324,550,38,-1.2542223714796212,0.4686914223524227
37,1569240000,532,128,-404,660,38,-1.837823973497559,0.9358660439852585
37,1569254400,383,209,-174,592,38,-0.15996936769598818,0.6470671869758691
37,1569268800,401,339,-62,740,38,0.6570728751291246,1.2756294051727755
37,1569283200,143,115,-28,258,39,0.854012455563259,-0.7374082879482825
37,1569297600,19,21,2,40,39,1.0659178699015235,-1.6699649570718285
37,1569312000,507,115,-392,622,39,-1.7171065717410152,0.8197046825148862
37,1569326400,509,143,-366,652,39,-1.533455212647853,0.9480381690915208
37,1569340800,413,158,-255,571,39,-0.7494051795962746,0.601537755334607
37,1569355200,404,379,-25,783,39,0.8752029969970855,1.5084277271428261
37,1569369600,170,159,-11,329,39,0.9740921903549422,-0.43368570305024684
37,1569384000,21,40,19,61,39,1.1859976046932066,-1.5801315164681842
37,1569398400,522,98,-424,620,39,-1.9431390137018303,0.8111491167431104
37,1569412800,538,144,-394,682,39,-1.7312335993635661,1.0763716556681557
37,1569427200,433,206,-227,639,39,-0.5516267928805613,0.8924269915749792
37,1569441600,424,317,-107,741,39,0.29599486447249623,1.3287608459355373
37,1569456000,160,140,-20,300,39,0.9105205660534629,-0.5577414067409938
37,1569470400,24,35,11,59,39,1.1294894942030027,-1.5886870822399597
37,1569484800,503,107,-396,610,39,-1.7453606269861173,0.7683712878842323
37,1569499200,517,134,-383,651,39,-1.653534947439536,0.9437603862056331
37,1569513600,425,183,-242,608,39,-0.6575795000496935,0.7598157221124565
37,1569528000,391,317,-74,708,39,0.529090820244587,1.187594010701239
37,1569542400,163,148,-15,311,39,0.9458381351098403,-0.5106857949962277
37,1569556800,23,36,13,59,39,1.1436165218255536,-1.5886870822399597
37,1569571200,479,122,-357,601,39,-1.4698835883463734,0.7298712419112418
37,1569585600,526,159,-367,685,39,-1.5405187264591282,1.0892050043258192
37,1569600000,417,200,-217,617,39,-0.4809916547678065,0.798315768085447
37,1569614400,426,350,-76,776,39,0.5149637926220361,1.4784832469416114
37,1569628800,175,136,-39,311,39,0.7763138036392287,-0.5106857949962277
37,1569643200,34,59,25,93,39,1.2283786875608593,-1.4432424641197736
37,1569657600,150,37,-113,187,39,0.2536137816048433,-1.041130872846318
37,1569672000,305,114,-191,419,39,-0.29734029567464404,-0.04868524332034251
37,1569686400,316,167,-149,483,39,-0.0006727156010739029,0.22509286137647833
37,1569700800,304,174,-130,478,39,0.1335340468131602,0.2037039469470392
37,1569715200,157,115,-42,272,39,0.7551232622054024,-0.6775193275458529
37,1569729600,39,49,10,88,39,1.1224259803917271,-1.4646313785492129
37,1569744000,101,21,-80,122,39,0.4867097373769341,-1.3191867604290268
37,1569758400,223,94,-129,317,39,0.14059756062443568,-0.48501909768090073
37,1569772800,272,167,-105,439,39,0.31012189209504715,0.036870414397414
37,1569787200,228,127,-101,355,39,0.3383759473401491,-0.32246334801716336
37,1569801600,116,100,-16,216,39,0.9387746212985648,-0.9170751691555712
37,1569816000,26,23,-3,49,39,1.030600300845146,-1.631464911098838
37,1569830400,326,85,-241,411,39,-0.650515986238418,-0.08290750640744513
37,1569844800,434,158,-276,592,39,-0.8977389696330598,0.6913711959382514
37,1569859200,404,173,-231,577,39,-0.5798808481256632,0.627204452649934
37,1569873600,398,286,-112,684,39,0.26067729541611884,1.0849272214399313
37,1569888000,131,119,-12,250,40,0.9887640178752574,-0.7750797129585939
37,1569902400,24,37,13,61,40,1.1655394680317397,-1.5920472818691396
37,1569916800,363,89,-274,452,40,-0.8638426997646764,0.09808139243786224
37,1569931200,462,135,-327,597,40,-1.2386066540964187,0.7248554532422491
37,1569945600,428,170,-258,598,40,-0.7507064116645278,0.7291780329719345
37,1569960000,398,281,-117,679,40,0.24630712721803197,1.0793069910764541
37,1569974400,153,117,-36,270,40,0.8190595857250345,-0.6886281183648854
37,1569988800,21,52,31,73,40,1.2928177921444068,-1.5401763251129144
37,1570003200,455,122,-333,577,40,-1.2810327621339745,0.6384038586485405
37,1570017600,511,143,-368,654,40,-1.5285183923530496,0.9712424978343184
37,1570032000,409,177,-232,586,40,-0.5668599435017863,0.6773070762157094
37,1570046400,403,363,-40,766,40,0.7907755136999972,1.455371427559086
37,1570060800,138,138,0,276,40,1.0736162339503688,-0.6626926399867729
37,1570075200,23,42,19,65,40,1.2079655760692953,-1.574756962950398
37,1570089600,467,98,-369,565,40,-1.5355894103593088,0.5865329018923154
37,1570104000,507,145,-362,652,40,-1.486092284315494,0.9625973383749475
37,1570118400,432,162,-270,594,40,-0.8355586277396393,0.7118877140531928
37,1570132800,415,316,-99,731,40,0.3735854513306992,1.3040811370200962
37,1570147200,140,131,-9,271,40,1.0099770718940353,-0.6843055386351999
37,1570161600,24,40,16,64,40,1.1867525220505175,-1.5790795426800832
37,1570176000,493,110,-383,603,40,-1.634583662446939,0.7507909316203616
37,1570190400,552,162,-390,714,40,-1.684080788490754,1.230597281615444
37,1570204800,447,176,-271,623,40,-0.8426296457458986,0.8372425262140701
37,1570219200,428,334,-94,762,40,0.40894054136199565,1.4380811086403444
37,1570233600,189,123,-66,312,40,0.6069290455372557,-0.5070797697180974
37,1570248000,30,71,41,101,40,1.3635279722069997,-1.4191440926817225
37,1570262400,140,33,-107,173,40,0.3170173072806249,-1.1079183521443718
37,1570276800,352,133,-219,485,40,-0.47493670942041555,0.2407265235174813
37,1570291200,346,172,-174,518,40,-0.1567408991387475,0.3833716545971004
37,1570305600,298,176,-122,474,40,0.21095203718673552,0.19317814649094162
37,1570320000,174,82,-92,256,40,0.4230825773745142,-0.7491442345804814
37,1570334400,35,47,12,82,40,1.1584684500254803,-1.5012731075457455
37,1570348800,116,25,-91,141,40,0.4301535953807735,-1.2462409034943054
37,1570363200,221,130,-91,351,40,0.4301535953807735,-0.33849916026036586
37,1570377600,282,143,-139,425,40,0.09074473108032761,-0.01862826026364428
37,1570392000,225,150,-75,375,40,0.5432898834809221,-0.2347572467479156
37,1570406400,135,83,-52,218,40,0.7059232976248858,-0.9134022643085276
37,1570420800,24,36,12,60,40,1.1584684500254803,-1.5963698615988249
37,1570435200,478,117,-361,595,40,-1.4790212663092346,0.7162102937828783
37,1570449600,530,136,-394,666,40,-1.712364860515791,1.0231134545905436
37,1570464000,393,152,-241,545,40,-0.6304991055581199,0.5000813072986069
37,1570478400,412,359,-53,771,40,0.6988522796186265,1.4769843262075133
37,1570492800,129,114,-15,243,41,1.050746058801127,-0.9366358157898211
37,1570507200,19,28,9,47,41,1.211345304786197,-1.8362258327752146
37,1570521600,532,101,-431,633,41,-1.732974204940085,0.8533647282117273
37,1570536000,509,151,-358,660,41,-1.2444848317354973,0.9772878427964499
37,1570550400,410,196,-214,606,41,-0.2808893558250777,0.7294416136270047
37,1570564800,414,330,-84,744,41,0.589023226594051,1.3628264215044756
37,1570579200,143,137,-6,280,41,1.1109707760455283,-0.7668152513589049
37,1570593600,29,44,15,73,41,1.2514951162824646,-1.7168924631751115
37,1570608000,372,65,-307,437,41,-0.9032114340172236,-0.04622528877366628
37,1570622400,455,149,-306,604,41,-0.8965197987678457,0.720262123657766
37,1570636800,391,136,-255,527,41,-0.5552464010495721,0.36685175984207563
37,1570651200,354,294,-60,648,41,0.749622472579121,0.9222109029810176
37,1570665600,149,127,-22,276,41,1.0039046120554818,-0.7851742312973824
37,1570680000,21,36,15,57,41,1.2514951162824646,-1.790328382929021
37,1570694400,495,99,-396,594,41,-1.4987669712118579,0.6743646738115724
37,1570708800,517,113,-404,630,41,-1.5523000532068811,0.8395954932578692
37,1570723200,442,170,-272,612,41,-0.6690042002889967,0.7569800835347208
37,1570737600,429,340,-89,769,41,0.5555650503471615,1.4775700461199595
37,1570752000,152,154,2,306,41,1.1645038580405516,-0.6474818817588017
37,1570766400,29,39,10,68,41,1.2180369400355748,-1.739841188098208
37,1570780800,485,85,-400,570,41,-1.5255335122093696,0.5642107941807079
37,1570795200,528,132,-396,660,41,-1.4987669712118579,0.9772878427964499
37,1570809600,393,192,-201,585,41,-0.1938980975831648,0.6330569689499982
37,1570824000,415,344,-71,759,41,0.6760144848359639,1.431672596273766
37,1570838400,188,145,-43,333,41,0.8633802718185455,-0.5235587671740791
37,1570852800,57,69,12,126,41,1.2314202105343308,-1.4736359789902855
37,1570867200,241,43,-198,284,41,-0.17382319183503106,-0.7484562714204276
37,1570881600,474,103,-371,577,41,-1.33147608997741,0.5963390090730434
37,1570896000,513,189,-324,702,41,-1.0169692332566482,1.1700571321504627
37,1570910400,455,238,-217,693,41,-0.30096426157321143,1.1287494272888885
37,1570924800,216,170,-46,386,41,0.8433053660704117,-0.28030228298925336
37,1570939200,63,65,2,128,41,1.1645038580405516,-1.464456489021047
37,1570953600,163,29,-134,192,41,0.2544414641251554,-1.1707128100054083
37,1570968000,408,84,-324,492,41,-1.0169692332566482,0.20621068538039822
37,1570982400,477,147,-330,624,41,-1.0571190447529157,0.8120570233501531
37,1570996800,367,182,-185,549,41,-0.0868319335931182,0.46782614950370144
37,1571011200,159,136,-23,295,41,0.9972129768061038,-0.6979690765896146
37,1571025600,64,58,-6,122,41,1.1109707760455283,-1.491994958928763
37,1571040000,296,50,-246,346,41,-0.4950216838051709,-0.46389208237402757
37,1571054400,404,105,-299,509,41,-0.8496783520222003,0.28423635011892723
37,1571068800,352,155,-197,507,41,-0.16713155658565315,0.27505686014968855
37,1571083200,292,232,-60,524,41,0.749622472579121,0.35308252488821756
37,1571097600,134,136,2,270,42,1.0549493748182601,-0.7219182155613415
37,1571112000,34,35,1,69,42,1.048357902973219,-1.5574588757983643
37,1571126400,478,92,-386,570,42,-1.5025417010577247,0.5251573967327223
37,1571140800,549,142,-407,691,42,-1.6409626098035897,1.0281445603579948
37,1571155200,423,185,-238,608,42,-0.5270038679916272,0.6831203076233038
37,1571169600,425,333,-92,758,42,0.43535102138438764,1.3066581137703357
37,1571184000,165,152,-13,317,42,0.9560772971426422,-0.5265430363019382
37,1571198400,29,42,13,71,42,1.1274555651137135,-1.5491450383830705
37,1571212800,494,113,-381,607,42,-1.4695843418325185,0.6789633889156569
37,1571227200,546,130,-416,676,42,-1.7002858564089605,0.9657907797432916
37,1571241600,398,193,-205,591,42,-0.30948529710526773,0.6124526895933069
37,1571256000,344,301,-43,645,42,0.7583331417914063,0.8369262998062383
37,1571270400,135,133,-2,268,42,1.0285834874380955,-0.7302320529766353
37,1571284800,36,47,11,83,42,1.114272621423631,-1.499262013891308
37,1571299200,464,122,-342,586,42,-1.212516939875912,0.5916680960550724
37,1571313600,522,170,-352,692,42,-1.2784316583263238,1.0323014790656417
37,1571328000,428,182,-246,610,42,-0.5797356427519569,0.6914341450385976
37,1571342400,461,356,-105,817,42,0.34966188739885207,1.5519163175215016
37,1571356800,162,150,-12,312,42,0.9626687689876835,-0.5473276298401726
37,1571371200,22,36,14,58,42,1.1340470369587545,-1.60318498158248
37,1571385600,466,88,-378,554,42,-1.449809926297395,0.4586466974103723
37,1571400000,528,118,-410,646,42,-1.6607370253387133,0.8410832185138852
37,1571414400,417,187,-230,604,42,-0.4742720932312977,0.6664926327927163
37,1571428800,578,309,-269,887,42,-0.7313394951879044,1.8429006270567831
37,1571443200,188,156,-32,344,42,0.8308393320868595,-0.41430623119547244
37,1571457600,33,45,12,78,42,1.1208640932686722,-1.5200466074295425
37,1571472000,160,42,-118,202,42,0.2639727534133165,-1.0045886876813293
37,1571486400,311,123,-188,434,42,-0.19743027573956737,-0.040183547507253246
37,1571500800,384,195,-189,579,42,-0.2040217475846086,0.5625696651015443
37,1571515200,332,160,-172,492,42,-0.09196672621890821,0.20091773753626577
37,1571529600,171,141,-30,312,42,0.8440222757769419,-0.5473276298401726
37,1571544000,45,62,17,107,42,1.1538214524938781,-1.399495964907783
37,1571558400,106,24,-82,130,42,0.5012657398347996,-1.3038868346319046
37,1571572800,226,87,-139,313,42,0.1255518446674513,-0.5431707111325257
37,1571587200,272,126,-146,398,42,0.07941154175216293,-0.18983262098254092
37,1571601600,187,136,-51,323,42,0.7056013670310768,-0.5016015240560568
37,1571616000,113,97,-16,210,42,0.9363028816075186,-0.9713333380201543
37,1571630400,26,33,7,59,42,1.0879067340434663,-1.599028062874833
37,1571644800,452,84,-368,536,42,-1.383895207846983,0.38382216067272845
37,1571659200,572,140,-432,712,42,-1.8057494059296197,1.1154398532185792
37,1571673600,444,261,-183,705,42,-0.16447291651436138,1.0863414222650511
37,1571688000,376,334,-42,710,42,0.7649246136364475,1.1071260158032856
37,1571702400,153,154,1,307,43,1.0667801074333565,-0.545236006286946
37,1571716800,24,32,8,56,43,1.1124859295822063,-1.5812630391414857
37,1571731200,476,95,-381,571,43,-1.4274519012610143,0.5444497971935259
37,1571745600,573,145,-428,718,43,-1.7343338499747192,1.151206665040607
37,1571760000,395,175,-220,570,43,-0.3762179918374705,0.5403221994530696
37,1571774400,398,320,-78,718,43,0.5509572574677667,1.151206665040607
37,1571788800,147,107,-40,254,43,0.7990745777043795,-0.7639986865311317
37,1571803200,29,19,-10,48,43,0.9949566726280212,-1.6142838210651365
37,1571817600,511,106,-405,617,43,-1.5841575771999274,0.7343192932545173
37,1571832000,535,122,-413,657,43,-1.6363928025128986,0.8994232028727707
37,1571846400,429,191,-238,620,43,-0.49374724879165555,0.7467020864758863
37,1571860800,446,400,-46,846,43,0.7598981587196512,1.6795391758190177
37,1571875200,197,120,-77,317,43,0.5574866606318881,-0.5039600288823827
37,1571889600,25,37,12,62,43,1.1386035422386918,-1.5564974526987476
37,1571904000,503,92,-411,595,43,-1.6233339961846558,0.643512142964478
37,1571918400,542,146,-396,688,43,-1.525392948722835,1.027378732826917
37,1571932800,413,216,-197,629,43,-0.2260417190626786,0.7838504661399933
37,1571947200,454,345,-109,799,43,0.34854575938000365,1.48554208201757
37,1571961600,170,155,-15,325,43,0.9623096568074142,-0.470939246958732
37,1571976000,28,43,15,71,43,1.1581917517310558,-1.5193490730346406
37,1571990400,499,98,-401,597,43,-1.558039964543442,0.6517673384453906
37,1572004800,539,139,-400,678,43,-1.5515105613793205,0.9861027554223536
37,1572019200,416,178,-238,594,43,-0.49374724879165555,0.6393845452240217
37,1572033600,434,334,-100,768,43,0.40731038785709617,1.3575865520634236
37,1572048000,179,110,-69,289,43,0.6097218859448592,-0.61953276561516
37,1572062400,45,42,-3,87,43,1.040662494776871,-1.4533075091873393
37,1572076800,171,38,-133,209,43,0.19184008344109033,-0.9497405848516667
37,1572091200,340,126,-214,466,43,-0.33704157285274217,0.11105203444561096
37,1572105600,349,178,-171,527,43,-0.056277236795522455,0.3628354966134473
37,1572120000,342,171,-171,513,43,-0.056277236795522455,0.30504912824705865
37,1572134400,170,126,-44,296,43,0.772956965047894,-0.5906395814319657
37,1572148800,39,63,24,102,43,1.2169563802081484,-1.3913935430804945
37,1572163200,110,34,-76,144,43,0.5640160637960095,-1.2180344379813284
37,1572177600,214,65,-149,279,43,0.0873696328151481,-0.6608087430197234
37,1572192000,184,105,-79,289,43,0.5444278543036454,-0.61953276561516
37,1572206400,196,122,-74,318,43,0.5770748701242523,-0.4998324311419264
37,1572220800,122,84,-38,206,43,0.8121333840326223,-0.9621233780730357
37,1572235200,26,38,12,64,43,1.1386035422386918,-1.5482422572178351
37,1572249600,474,77,-397,551,43,-1.5319223518869565,0.4618978423843993
37,1572264000,553,143,-410,696,43,-1.6168045930205344,1.0603995147505676
37,1572278400,390,176,-214,566,43,-0.33704157285274217,0.5238118084912443
37,1572292800,391,344,-47,735,43,0.7533687555555298,1.2213758266283645
37,1572307200,165,127,-38,292,44,0.7160793511765545,-0.6080438486315848
37,1572321600,28,51,23,79,44,1.1257360879565115,-1.5018126834280354
37,1572336000,491,91,-400,582,44,-1.714998332665157,0.6088245179926908
37,1572350400,525,124,-401,649,44,-1.7217140168746647,0.8899630716610579
37,1572364800,421,184,-237,605,44,-0.6203418065154361,0.7053347677594437
37,1572379200,351,355,4,706,44,0.9981380879758691,1.1291406471699672
37,1572393600,159,151,-8,310,44,0.9175498774617792,-0.5325140879445608
37,1572408000,28,56,28,84,44,1.1593145090040489,-1.4808321943483065
37,1572422400,493,113,-380,606,44,-1.5806846484750072,0.7095308655753895
37,1572436800,552,150,-402,702,44,-1.7284297010841723,1.1123562559061841
37,1572451200,441,201,-240,642,44,-0.6404888591439586,0.8605903869494375
37,1572465600,405,334,-71,739,44,0.4944617722628073,1.2676118750961778
37,1572480000,141,177,36,318,44,1.2130399826801088,-0.49894530541699456
37,1572494400,23,57,34,80,44,1.1996086142610938,-1.4976165856120895
37,1572508800,474,105,-369,579,44,-1.506812122170425,0.5962362245448535
37,1572523200,485,157,-328,642,44,-1.2314690695806176,0.8605903869494375
37,1572537600,361,186,-175,547,44,-0.20396938552597169,0.46196109443458855
37,1572552000,388,289,-99,677,44,0.30642261439659757,1.0074538105075397
37,1572566400,153,146,-7,299,44,0.9242655616712867,-0.5786711639199643
37,1572580800,30,57,27,87,44,1.1525988247945413,-1.4682439009004693
37,1572595200,434,97,-337,531,44,-1.2919102274661851,0.39482352937945614
37,1572609600,484,141,-343,625,44,-1.33220433272323,0.7892567240783592
37,1572624000,406,207,-199,613,44,-0.36514580655415146,0.7389035502870099
37,1572638400,452,354,-98,806,44,0.3131382986061051,1.548750428764545
37,1572652800,166,127,-39,293,44,0.709363666967047,-0.603847750815639
37,1572667200,29,62,33,91,44,1.1928929300515863,-1.451459509636686
37,1572681600,172,30,-142,202,44,0.017648193387775495,-0.9856926520667048
37,1572696000,339,106,-233,445,44,-0.5934790696774062,0.03395911720811923
37,1572710400,360,191,-169,551,44,-0.16367528026892675,0.47874548569837166
37,1572724800,304,187,-117,491,44,0.18554029862546276,0.226979616741625
37,1572739200,162,133,-29,295,44,0.7765205090621219,-0.5954555551837474
37,1572750000,38,43,5,81,44,1.0048537721853765,-1.493420487796144
37,1572764400,87,18,-69,105,44,0.5078931406818223,-1.3927141402134453
37,1572778800,245,70,-175,315,44,-0.20396938552597169,-0.5115335988648319
37,1572793200,289,171,-118,460,44,0.17882461441595526,0.0969005844473059
37,1572807600,278,148,-130,426,44,0.09823640390186537,-0.045766741294850546
37,1572822000,117,105,-12,222,44,0.8906871406237492,-0.9017706957477892
37,1572836400,39,40,1,79,44,0.9779910353473467,-1.5018126834280354
37,1572850800,233,33,-200,266,44,-0.37186149076365893,-0.717142391846175
37,1572865200,710,198,-512,908,44,-2.467154964129996,1.9767524059910142
37,1572879600,358,181,-177,539,44,-0.21740075394498667,0.4283923119070223
37,1572894000,503,378,-125,881,44,0.13181482494940283,1.8634577649604782
37,1572908400,184,153,-31,337,44,0.763089140643107,-0.41921944691402474
37,1572922800,45,87,42,132,45,1.2675430313248652,-1.2441488279639148
37,1572937200,206,39,-167,245,45,-0.11445830130085408,-0.7772610017982834
37,1572951600,600,197,-403,797,45,-1.674995691251427,1.5034653702674556
37,1572966000,378,155,-223,533,45,-0.4847553090857358,0.4126831923229718
37,1572980400,465,333,-132,798,45,0.11697732856469699,1.5075971209414878
37,1572994800,202,171,-31,373,45,0.7848344318910014,-0.24839691552216997
37,1573009200,41,62,21,103,45,1.1286816534055344,-1.3639695975108466
37,1573023600,222,47,-175,269,45,-0.16735787384155146,-0.678098985621512
37,1573038000,757,190,-567,947,45,-2.7594369283357234,2.123227971372276
37,1573052400,401,142,-259,543,45,-0.722803385518874,0.45400069906329316
37,1573066800,444,333,-111,777,45,0.2558387064840276,1.420830356786813
37,1573081200,236,215,-21,451,45,0.8509588975668733,0.07387963705233663
37,1573095600,63,139,76,202,45,1.492366214622829,-0.9549262807816652
37,1573110000,240,42,-198,282,45,-0.31944414489605644,-0.6243862268590943
37,1573124400,690,198,-492,888,45,-2.2635034357666854,1.87945468160438
37,1573138800,385,137,-248,522,45,-0.6500664732754151,0.3672339349086183
37,1573153200,458,350,-108,808,45,0.27567604618678915,1.548914627681809
37,1573167600,229,180,-49,409,45,0.6658103936744324,-0.09965389125701307
37,1573182000,76,138,62,214,45,1.3997919626766087,-0.9053452726932796
37,1573196400,235,37,-198,272,45,-0.31944414489605644,-0.6657037335994157
37,1573210800,671,159,-512,830,45,-2.395752367118429,1.6398131425105162
37,1573225200,356,157,-199,513,45,-0.32605659146364363,0.33004817884232907
37,1573239600,435,321,-114,756,45,0.2360013667812661,1.334063592632138
37,1573254000,203,148,-55,351,45,0.6261357142689093,-0.33929543035087695
37,1573268400,56,87,31,143,45,1.1948061190814063,-1.1986995705495613
37,1573282800,108,20,-88,128,45,0.40792497753853263,-1.2606758306600432
37,1573297200,326,97,-229,423,45,-0.5244299884912588,-0.041809381820563166
37,1573311600,361,151,-210,512,45,-0.39879350370710254,0.3259164281682969
37,1573326000,331,164,-167,495,45,-0.11445830130085408,0.25567666670975064
37,1573340400,177,113,-64,290,45,0.5666236951606247,-0.5913322214668373
37,1573354800,62,91,29,153,45,1.181581225946232,-1.1573820638092398
37,1573369200,64,18,-46,82,45,0.6856477333771939,-1.4507363616655216
37,1573383600,235,76,-159,311,45,-0.06155872876015669,-0.5045654573121624
37,1573398000,304,155,-149,459,45,0.004565736915715043,0.10693364244459373
37,1573412400,270,149,-121,419,45,0.18971424080815588,-0.058336384516691715
37,1573426800,147,85,-62,232,45,0.5798485882957991,-0.8309737605607012
37,1573441200,54,54,0,108,45,0.9898202754862039,-1.343310844140686
37,1573455600,173,29,-144,202,45,0.03762796975365091,-0.9549262807816652
37,1573470000,525,91,-434,616,45,-1.8799815348466293,0.755618498267639
37,1573484400,342,118,-224,460,45,-0.49136775565332297,0.11106539311862586
37,1573498800,426,297,-129,723,45,0.1368146682674585,1.1977158203890776
37,1573513200,240,180,-60,420,45,0.5930734814309735,-0.054204633842659576
37,1573527600,67,134,67,201,46,1.3257516475265367,-0.9804493890593043
37,1573542000,252,43,-209,295,46,-0.33800423621576214,-0.6102845054400892
37,1573556400,711,139,-572,850,46,-2.526204909398568,1.5752634776308092
37,1573570800,382,141,-241,523,46,-0.53090346911342,0.2875622335511988
37,1573585200,408,304,-104,712,46,0.29494637172967764,1.0318299250834506
37,1573599600,196,192,-4,388,46,0.8977564745348584,-0.24405754611469535
37,1573614000,68,142,74,210,46,1.3679483547228994,-0.9450080704149114
37,1573628400,228,31,-197,259,46,-0.26566702387914043,-0.7520497800176609
37,1573642800,712,183,-529,895,46,-2.2669965651923403,1.7524700708527738
37,1573657200,360,148,-212,508,46,-0.3560885392999176,0.22849336914387725
37,1573671600,489,372,-117,861,46,0.21658105836500416,1.618580644862845
37,1573686000,225,151,-74,376,46,0.47578940257123187,-0.2913126376405526
37,1573700400,60,159,99,219,46,1.5186508804241945,-0.9095667517705185
37,1573714800,221,33,-188,254,46,-0.21141411462667417,-0.7717394014867681
37,1573729200,683,178,-505,861,46,-2.122322140519097,1.618580644862845
37,1573743600,363,131,-232,494,46,-0.4766505598609537,0.1733624290303771
37,1573758000,451,357,-94,808,46,0.3552273820101957,1.4098706572903088
37,1573772400,257,196,-61,453,46,0.5541547159359054,0.011907532983698137
37,1573786800,62,160,98,222,46,1.5126227793961426,-0.8977529788890541
37,1573801200,238,36,-202,274,46,-0.2958075290193995,-0.6929809156103394
37,1573815600,715,198,-517,913,46,-2.1946593528557186,1.8233527081415597
37,1573830000,392,200,-192,592,46,-0.23552651873888142,0.5592790098248781
37,1573844400,507,377,-130,884,46,0.13821574500033065,1.709152903620738
37,1573858800,207,140,-67,347,46,0.5179861097675945,-0.40551244216137433
37,1573873200,71,96,25,167,46,1.0725714043483607,-1.1143388150492333
37,1573887600,131,27,-104,158,46,0.29494637172967764,-1.1497801336936262
37,1573902000,324,93,-231,417,46,-0.4706224588329019,-0.12985774159387364
37,1573916400,325,150,-175,475,46,-0.1330488012620007,0.09854186744776978
37,1573930800,328,159,-169,487,46,-0.09688019509368984,0.14579695897362704
37,1573945200,188,96,-92,284,46,0.36728358406629935,-0.653601672672125
37,1573959600,40,66,26,106,46,1.0785995053764126,-1.354552196972341
37,1573974000,82,18,-64,100,46,0.53607041285175,-1.3781797427352696
37,1573988400,228,60,-168,288,46,-0.09085209406563803,-0.6378499754968392
37,1574002800,315,158,-157,473,46,-0.024542982757068146,0.0906660188601269
37,1574017200,256,126,-130,382,46,0.13821574500033065,-0.26768509187762396
37,1574031600,130,105,-25,235,46,0.7711663529457704,-0.8465599630693754
37,1574046000,36,55,19,91,46,1.0364027981800499,-1.4136210613796625
37,1574060400,219,43,-176,262,46,-0.13907690229005248,-0.7402360071361966
37,1574074800,709,196,-513,905,46,-2.1705469487435116,1.7918493137909883
37,1574089200,361,153,-208,514,46,-0.33197613518771035,0.2521209149068059
37,1574103600,454,330,-124,784,46,0.1743843511686415,1.3153604742385943
37,1574118000,210,162,-48,372,46,0.6325200293005788,-0.3070643348158384
37,1574132400,69,103,34,172,47,1.1635432687063547,-1.1046776826080618
37,1574146800,239,52,-187,291,47,-0.21190357542665392,-0.6473235525819606
37,1574161200,717,217,-500,934,47,-2.1599346261670687,1.8239260743657955
37,1574175600,367,146,-221,513,47,-0.4235107822163475,0.20589171519782454
37,1574190000,488,370,-118,858,47,0.2175345795289008,1.531834361071815
37,1574204400,232,205,-27,437,47,0.7838950447601396,-0.08619999809615596
37,1574218800,64,114,50,178,47,1.263123130725034,-1.0816178105059053
37,1574233200,227,39,-188,266,47,-0.21812731680282138,-0.743406353007612
37,1574247600,698,175,-523,873,47,-2.30308067781892,1.5894840413272058
37,1574262000,379,144,-235,523,47,-0.510643161482692,0.24432483536808514
37,1574276400,446,348,-98,794,47,0.34200940705224997,1.2858623919821472
37,1574290800,245,209,-36,454,47,0.7278813723746325,-0.020863693806712956
37,1574305200,68,102,34,170,47,1.1635432687063547,-1.1123643066421138
37,1574319600,236,41,-195,277,47,-0.2616935064359936,-0.7011299208203254
37,1574334000,723,192,-531,915,47,-2.35287060882826,1.7509031460423004
37,1574348400,381,137,-244,518,47,-0.5666568338681991,0.22510827528295482
37,1574362800,479,327,-152,806,47,0.005927372739207171,1.3319821361864599
37,1574377200,277,242,-35,519,47,0.7341051137507999,0.22895158729998089
37,1574391600,68,157,89,225,47,1.505849044395565,-0.9009821457056805
37,1574406000,228,51,-177,279,47,-0.1496661616649793,-0.6934432967862734
37,1574420400,727,172,-555,899,47,-2.502240401856279,1.6894101537698833
37,1574434800,379,148,-231,527,47,-0.4857481959780221,0.2596980834361894
37,1574449200,501,340,-161,841,47,-0.050086299646299966,1.466498056782372
37,1574463600,232,182,-50,414,47,0.640748993108288,-0.17459617448775533
37,1574478000,65,72,7,137,47,0.9955022515498332,-1.2391936032039736
37,1574492400,110,36,-74,146,47,0.49137920008026903,-1.2046037950507391
37,1574506800,346,108,-238,454,47,-0.5293143856111944,-0.020863693806712956
37,1574521200,369,151,-218,520,47,-0.40483955808784516,0.23279489931700695
37,1574535600,359,200,-159,559,47,-0.037638816893965046,0.3826840679810233
37,1574550000,183,156,-27,339,47,0.7838950447601396,-0.4628445757647098
37,1574564400,65,76,11,141,47,1.020397217054503,-1.2238203551358695
37,1574578800,78,18,-60,96,47,0.5785115793466135,-1.3967693959020422
37,1574593200,224,83,-141,307,47,0.07438852787704922,-0.5858305603095436
37,1574607600,235,87,-148,322,47,0.03082233824387701,-0.5281808800541528
37,1574622000,227,157,-70,384,47,0.5162741655849389,-0.2898955349985371
37,1574636400,135,103,-32,238,47,0.7527763378793023,-0.8510190894843418
37,1574650800,40,47,7,87,47,0.9955022515498332,-1.4313592040552767
37,1574665200,220,36,-184,256,47,-0.19323235129815153,-0.7818394731778727
37,1574679600,659,200,-459,859,47,-1.904761229744203,1.535677673088841
37,1574694000,373,134,-239,507,47,-0.5355381269873618,0.1828318430956682
37,1574708400,489,360,-129,849,47,0.14907342439105875,1.4972445529185805
37,1574722800,213,199,-14,412,47,0.8648036826503166,-0.18228279852180745
37,1574737200,39,88,49,127,48,1.3080037296445066,-1.0267250578993703
37,1574751600,216,31,-185,247,48,-0.43387440788208026,-0.4904873074524453
37,1574766000,737,205,-532,942,48,-3.016915919513386,2.6152229972193286
37,1574780400,390,124,-266,514,48,-1.0368322247182062,0.7026416872919629
37,1574794800,467,342,-125,809,48,0.012761011996531724,2.02089282380732
37,1574809200,209,193,-16,402,48,0.8241486914426768,0.2021531202081662
37,1574823600,33,114,81,147,48,1.5462092869130997,-0.9373520994915495
37,1574838000,185,34,-151,219,48,-0.18078100328420013,-0.6156094492233944
37,1574852400,666,155,-511,821,48,-2.8605935225558716,2.074516598852013
37,1574866800,366,156,-210,522,48,-0.6199724994981686,0.7383908706550912
37,1574881200,464,289,-175,753,48,-0.3594351712356449,1.770648540265422
37,1574895600,207,173,-34,380,48,0.6901580654790932,0.10384286595956327
37,1574910000,49,101,52,150,48,1.3303355006384372,-0.9239461557303763
37,1574924400,85,17,-68,102,48,0.4370646608812131,-1.1384412559091464
37,1574938800,241,75,-166,316,48,-0.2924398582538531,-0.1821506009454634
37,1574953200,258,117,-141,375,48,-0.1063417666377648,0.08149962635760806
37,1574967600,257,115,-142,372,48,-0.11378569030240833,0.06809368259643493
37,1574982000,135,70,-65,205,48,0.4593964318751437,-0.678170520108869
37,1574996400,50,40,-10,90,48,0.868812233430538,-1.192065030953839
37,1575010800,119,24,-95,143,48,0.2360787219358377,-0.9552266911731137
37,1575025200,309,77,-232,386,48,-0.7837388201203263,0.13065475348190952
37,1575039600,302,130,-172,432,48,-0.3371034002417143,0.33621255781989745
37,1575054000,321,150,-171,471,48,-0.3296594765770708,0.5104898267151481
37,1575068400,180,98,-82,278,48,0.3328497295762036,-0.351959221920323
37,1575082800,55,78,23,133,48,1.1144617143637747,-0.9999131703770241
37,1575097200,93,16,-77,109,48,0.3700693478994213,-1.1071607204664091
37,1575111600,294,68,-226,362,48,-0.7390752781324651,0.023407203392524518
37,1575126000,326,152,-174,478,48,-0.35199124757100136,0.5417703621578853
37,1575140400,331,211,-120,542,48,0.04998063031974939,0.827763829062912
37,1575154800,188,163,-25,351,48,0.757153378460885,-0.025747923731776944
37,1575169200,57,78,21,135,48,1.0995738670344877,-0.990975874536242
37,1575183600,70,18,-52,88,48,0.5561674395155096,-1.201002326794621
37,1575198000,230,48,-182,278,48,-0.4115426368881496,-0.351959221920323
37,1575212400,220,92,-128,312,48,-0.009570758997398874,-0.2000251926270276
37,1575226800,173,94,-79,267,48,0.35518150057013426,-0.40111434904462445
37,1575241200,107,99,-8,206,48,0.8837000807598251,-0.673701872188478
37,1575255600,25,41,16,66,48,1.06235424871127,-1.2993125810432238
37,1575270000,212,40,-172,252,48,-0.3371034002417143,-0.46814406785049006
37,1575284400,630,171,-459,801,48,-2.4735094919944083,1.985143640444192
37,1575298800,321,120,-201,441,48,-0.5529771865163767,0.3764303891034168
37,1575313200,384,289,-95,673,48,0.2360787219358377,1.4131567066341386
37,1575327600,152,135,-17,287,48,0.8167047677780332,-0.3117413906368036
37,1575342000,36,49,13,85,49,1.025102149879534,-1.308710406141997
37,1575356400,212,26,-186,238,49,-0.20325681337396345,-0.7315521417903071
37,1575370800,689,168,-521,857,49,-2.2710972791524644,1.6034868492796013
37,1575385200,360,116,-244,476,49,-0.5612709835684502,0.16624960275676587
37,1575399600,469,341,-128,810,49,0.15475735682052327,1.4261898661127423
37,1575414000,173,186,13,359,49,1.025102149879534,-0.2751067170415852
37,1575428400,46,64,18,110,49,1.0559654404135415,-1.2144035002021785
37,1575442800,249,34,-215,283,49,-0.3822638984712068,-0.5617997110986337
37,1575457200,727,226,-501,953,49,-2.1476441170164344,1.9656253680885047
37,1575471600,354,138,-216,492,49,-0.3884365565780083,0.22660602255824977
37,1575486000,464,325,-139,789,49,0.08685811764570682,1.3469720651232948
37,1575500400,196,169,-27,365,49,0.7781958256074742,-0.2524730596160287
37,1575514800,43,87,44,130,49,1.2164545511903804,-1.1389579754503236
37,1575529200,214,44,-170,258,49,-0.10449428366513952,-0.6561066170384523
37,1575543600,739,185,-554,924,49,-2.4747949966769136,1.856229357198315
37,1575558000,361,126,-235,487,49,-0.5057170606072366,0.20774464137028606
37,1575572400,461,354,-107,815,49,0.28438317706335464,1.445051247300706
37,1575586800,183,168,-15,351,49,0.8522677228890922,-0.3052849269423271
37,1575601200,51,85,34,136,49,1.1547279701223654,-1.116324318024767
37,1575615600,222,42,-180,264,49,-0.16622086473315448,-0.6334729596128958
37,1575630000,711,179,-532,890,49,-2.338996518327281,1.727971965120162
37,1575644400,341,152,-189,493,49,-0.22177478769436793,0.2303782987958425
37,1575658800,459,338,-121,797,49,0.19796596356813373,1.3771502750240368
37,1575673200,220,163,-57,383,49,0.5930160824034294,-0.18457208733935931
37,1575687600,62,88,26,150,49,1.1053467052679535,-1.0635124506984686
37,1575702000,91,30,-61,121,49,0.5683254499762235,-1.1729084615886582
37,1575716400,322,101,-221,423,49,-0.4192998471120158,-0.03368103783564956
37,1575730800,355,147,-208,502,49,-0.33905529172359633,0.2643287849341772
37,1575745200,345,182,-163,527,49,-0.06128567691752906,0.3586356908739958
37,1575759600,189,144,-45,333,49,0.6670879796850474,-0.37318589921899653
37,1575774000,53,81,28,134,49,1.1176920214815564,-1.1238688704999527
37,1575788400,72,16,-56,88,49,0.599188740510231,-1.2973935774292187
37,1575802800,229,59,-170,288,49,-0.10449428366513952,-0.54293832991067
37,1575817200,271,140,-131,411,49,0.1362393825001188,-0.0789483526867625
37,1575831600,263,138,-125,401,49,0.17327533114092775,-0.11667111506268993
37,1575846000,126,100,-26,226,49,0.7843684837142758,-0.7768194566414202
37,1575860400,39,39,0,78,49,0.9448575944911146,-1.3351163398051462
37,1575874800,195,32,-163,227,49,-0.06128567691752906,-0.7730471804038274
37,1575889200,698,157,-541,855,49,-2.3945504412884944,1.595942296804416
37,1575903600,351,165,-186,516,49,-0.20325681337396345,0.3171406522604756
37,1575918000,452,316,-136,768,49,0.10537609196611131,1.267754264133847
37,1575932400,192,156,-36,348,49,0.7226419026462608,-0.31660175565510534
37,1575946800,61,57,-4,118,50,0.9155229413061151,-1.1939413123153242
37,1575961200,224,41,-183,265,50,-0.2572324638292356,-0.6282599630531945
37,1575975600,706,183,-523,889,50,-2.484812562969008,1.7729996419778864
37,1575990000,336,138,-198,474,50,-0.3555080564383432,0.1760080777344592
37,1576004400,450,304,-146,754,50,-0.014819335393436843,1.2534963620432775
37,1576018800,192,202,10,394,50,1.0072468277412823,-0.13184571778234605
37,1576033200,45,61,16,106,50,1.0465570647849254,-1.2401193816428449
37,1576047600,183,34,-149,217,50,-0.034474453915258364,-0.8129722403632776
37,1576062000,682,180,-502,862,50,-2.347226733316257,1.6690989859909646
37,1576076400,328,185,-143,513,50,0.004835783128384678,0.32608680304890175
37,1576090800,458,348,-110,806,50,0.22104208686842142,1.453601329129201
37,1576105200,213,224,11,437,50,1.0137985339152227,0.033625697307936776
37,1576119600,39,86,47,125,50,1.249659956177081,-1.1670041052076037
37,1576134000,219,38,-181,257,50,-0.24412905148135458,-0.659045342604875
37,1576148400,687,195,-492,882,50,-2.281709671576852,1.7460624348701659
37,1576162800,357,132,-225,489,50,-0.5324041231347368,0.23373066439386017
37,1576177200,489,324,-165,813,50,-0.13930175269830647,1.4805385362369214
37,1576191600,188,165,-23,353,50,0.7910405240012455,-0.28962078798470875
37,1576206000,43,79,36,122,50,1.1775911882637353,-1.178548622539484
37,1576220400,202,33,-169,235,50,-0.1655085773940685,-0.7437051363719964
37,1576234800,714,215,-499,929,50,-2.3275716147944356,1.926926539736289
37,1576249200,381,198,-183,579,50,-0.2572324638292356,0.580066184350266
37,1576263600,419,311,-108,730,50,0.23414549921630243,1.161140223388236
37,1576278000,201,176,-25,377,50,0.7779371116533645,-0.19726464932966717
37,1576292400,49,72,23,121,50,1.092419008002509,-1.182396794983444
37,1576306800,81,19,-62,100,50,0.5355239832175658,-1.2632084163066053
37,1576321200,314,98,-216,412,50,-0.47343876756927233,-0.06257861379106486
37,1576335600,355,149,-206,504,50,-0.40792170582986725,0.29145325105326114
37,1576350000,324,159,-165,483,50,-0.13930175269830647,0.21064162973009978
37,1576364400,202,130,-72,332,50,0.47000692147816064,-0.3704324093078701
37,1576378800,62,67,5,129,50,0.9744882968715797,-1.1516114154317634
37,1576393200,57,19,-38,76,50,0.6927649313921379,-1.3555645549616469
37,1576407600,239,72,-167,311,50,-0.15240516504618748,-0.45124403063103147
37,1576422000,273,152,-121,425,50,0.14897331895507582,-0.012552372019584012
37,1576436400,274,157,-117,431,50,0.17518014365083787,0.01053666264417638
37,1576450800,134,125,-9,259,50,0.8827644104364126,-0.6513489977169549
37,1576465200,45,30,-15,75,50,0.8434541733927695,-1.359412727405607
37,1576479600,200,30,-170,230,50,-0.172060283568009,-0.7629459985917968
37,1576494000,653,178,-475,831,50,-2.1703306666198636,1.5498056402282026
37,1576508400,333,126,-207,459,50,-0.4144734120038078,0.11828549107505822
37,1576522800,428,329,-99,757,50,0.29311085478176696,1.2650408793751577
37,1576537200,172,154,-18,326,50,0.8237990548709481,-0.39352144397163047
37,1576551600,41,62,21,103,51,1.2233847753655542,-1.3355980500817708
37,1576566000,208,30,-178,238,51,-0.15725929059519406,-0.7549477706795594
37,1576580400,674,161,-513,835,51,-2.4814591001271067,1.812816798232442
37,1576594800,302,117,-185,419,51,-0.20582465974959221,0.023553715037479498
37,1576609200,434,300,-134,734,51,0.14800874408959452,1.3784043669759727
37,1576623600,167,150,-17,317,51,0.9597441999559642,-0.4151598293997469
37,1576638000,72,80,8,152,51,1.1331919469359577,-1.1248435042246718
37,1576652400,219,33,-186,252,51,-0.21276256962879198,-0.6947321861489598
37,1576666800,665,175,-490,840,51,-2.321887172905513,1.8343223641362276
37,1576681200,409,152,-257,561,51,-0.7053541710519735,0.6343117867049908
37,1576695600,407,334,-73,741,51,0.5712212467207787,1.4085121592412726
37,1576710000,164,162,-2,326,51,1.0638128481439602,-0.37644981077293277
37,1576724400,42,61,19,103,51,1.2095089556071548,-1.3355980500817708
37,1576738800,191,36,-155,227,51,0.002312636626399979,-0.8022600156678878
37,1576753200,627,172,-455,799,51,-2.0790603271335217,1.6579767237251857
37,1576767600,318,126,-192,444,51,-0.25439002890399043,0.13108154455640753
37,1576782000,404,308,-96,712,51,0.41164931949918465,1.283779876999316
37,1576796400,186,150,-36,336,51,0.8279239122511691,-0.33343867896536156
37,1576810800,42,68,26,110,51,1.258074324761553,-1.305490257816471
37,1576825200,189,34,-155,223,51,0.002312636626399979,-0.8194644683909164
37,1576839600,620,190,-430,810,51,-1.9056125801535284,1.705288968713514
37,1576854000,357,137,-220,494,51,-0.4486515055215831,0.3461372035942636
37,1576868400,490,264,-226,754,51,-0.49027896479678157,1.464426630591115
37,1576882800,239,153,-86,392,51,0.48102841829118204,-0.09257634084296278
37,1576897200,56,80,24,136,51,1.2441985050031534,-1.1936613151167859
37,1576911600,95,21,-74,116,51,0.5642833368415789,-1.2796835787319283
37,1576926000,353,86,-267,439,51,-0.774733269843971,0.10957597865262193
37,1576940400,355,132,-223,487,51,-0.46946523515918237,0.3160294113289637
37,1576954800,304,177,-127,481,51,0.1965741132439927,0.290222732244421
37,1576969200,178,124,-54,302,51,0.7030415344255737,-0.4796765271111037
37,1576983600,54,68,14,122,51,1.174819406211156,-1.2538768996473855
37,1576998000,67,13,-54,80,51,0.7030415344255737,-1.4345236532391847
37,1577012400,225,73,-152,298,51,0.0231263662639992,-0.4968809798341322
37,1577026800,294,146,-148,440,51,0.05087800578079816,0.11387709183337905
37,1577041200,293,161,-132,454,51,0.16188456384799402,0.17409267636397874
37,1577055600,163,79,-84,242,51,0.49490423804958156,-0.737743317956531
37,1577070000,167,85,-82,252,51,0.508780057807981,-0.6947321861489598
37,1577084400,253,54,-199,307,51,-0.3029553980583886,-0.4581709612073181
37,1577098800,612,108,-504,720,51,-2.419017911214309,1.318188782445373
37,1577113200,368,146,-222,514,51,-0.46252732527998264,0.432159467209406
37,1577127600,424,275,-149,699,51,0.04394009590159842,1.2278654056494736
37,1577142000,218,139,-79,357,51,0.5295937874455803,-0.24311530216946203
37,1577156400,56,70,14,126,52,1.366093241253489,-1.071191920385222
37,1577170800,158,28,-130,186,52,-0.15198336381791233,-0.7314306064304379
37,1577185200,379,122,-257,501,52,-1.4908425919017179,1.0523162918321782
37,1577199600,316,136,-180,452,52,-0.6790932961343712,0.774844552102438
37,1577214000,309,182,-127,491,52,-0.12035676787892481,0.9956894061730476
37,1577228400,161,88,-73,249,52,0.4489219590228507,-0.3746812267779147
37,1577242800,52,47,-5,99,52,1.1657914669732348,-1.2240845116648749
37,1577257200,55,8,-47,63,52,0.7230191238274093,-1.4279413000377452
37,1577271600,138,33,-105,171,52,0.11157160234031707,-0.8163709349191339
37,1577286000,182,74,-108,256,52,0.07994500640132954,-0.33504240681652325
37,1577300400,201,96,-105,297,52,0.11157160234031707,-0.1028721756140875
37,1577314800,137,76,-61,213,52,0.5754283427788008,-0.5785380151507852
37,1577329200,31,48,17,79,52,1.3977198371924764,-1.3373382829831362
37,1577343600,131,25,-106,156,52,0.10102940369398788,-0.90131126340783
37,1577358000,431,88,-343,519,52,-2.397471675486027,1.1542446860186135
37,1577372400,301,103,-198,404,52,-0.8688528717682963,0.5030355009386107
37,1577386800,359,246,-113,605,52,0.027234013169683654,1.6412359026871373
37,1577401200,198,155,-43,353,52,0.765187918412726,0.21423838407704426
37,1577415600,56,68,12,124,52,1.3450088439608308,-1.082517297517048
37,1577430000,161,30,-131,191,52,-0.16252556246424152,-0.7031171636008726
37,1577444400,449,120,-329,569,52,-2.2498808944374185,1.4373791143142667
37,1577458800,325,138,-187,463,52,-0.7528886866586754,0.8371341263274816
37,1577473200,379,262,-117,641,52,-0.01493478141563305,1.8450926910600076
37,1577487600,204,152,-52,356,52,0.6703081305957634,0.23122644977478346
