remote_unit_id,time_stamp,entries,exits,num_people_exited,sum_exit_entry,week_num,z_score_num_people_exited,z_score_sum_exit_entry
36,1546311600,79,264,185,343,1,0.6392860807545651,-0.8034843897648167
36,1546326000,82,128,46,210,1,-0.061061477782712266,-1.2391112752570292
36,1546340400,160,118,-42,278,1,-0.5044469824681828,-1.0163847473361987
36,1546354800,232,186,-46,418,1,-0.5246008690447951,-0.5578301310286067
36,1546369200,281,333,52,614,1,-0.03083064791779382,0.08414633180202229
36,1546383600,145,278,133,423,1,0.3772855552586052,-0.5414531804461926
36,1546398000,38,175,137,213,1,0.3974394418352175,-1.2292851049075808
36,1546412400,187,53,-134,240,1,-0.9679863737302656,-1.140849571762545
36,1546426800,610,300,-310,910,1,-1.8547573831012065,1.0536618062809313
36,1546441200,388,325,-63,713,1,-0.6102548869953973,0.4084099533338196
36,1546455600,469,652,183,1121,1,0.629209137466259,1.7447691208588023
36,1546470000,204,617,413,821,1,1.788057615621466,0.762152085913962
36,1546484400,46,247,201,293,1,0.7199016270610142,-0.9672538955889567
36,1546498800,199,74,-125,273,1,-0.9226401289328879,-1.0327616979186127
36,1546513200,664,319,-345,983,1,-2.031103890646564,1.2927652847841757
36,1546527600,426,337,-89,763,1,-0.7412551497433773,0.5721794591579596
36,1546542000,463,747,284,1210,1,1.1380947735257194,2.0362788412257715
36,1546556400,201,612,411,813,1,1.77798067233316,0.7359489649820996
36,1546570800,55,253,198,308,1,0.704786212128555,-0.9181230438417147
36,1546585200,189,77,-112,266,1,-0.857139997558898,-1.0556894287339924
36,1546599600,621,307,-314,928,1,-1.8749112696778187,1.1126188283776217
36,1546614000,435,344,-91,779,1,-0.7513320930316835,0.6245857010216844
36,1546628400,460,720,260,1180,1,1.0171714540660457,1.9380171377312876
36,1546642800,205,475,270,680,1,1.0675561705075765,0.30032207948988715
36,1546657200,57,270,213,327,1,0.7803632867908511,-0.8558906316285415
36,1546671600,82,78,-4,160,1,-0.31298505999036597,-1.4028807810811692
36,1546686000,273,200,-73,473,1,-0.6606396034369281,-0.3776836746220526
36,1546700400,315,342,27,657,1,-0.15679243902162068,0.2249881068107827
36,1546714800,307,446,139,753,1,0.4075163851235236,0.5394255579931316
36,1546729200,172,432,260,604,1,1.0171714540660457,0.05139243063719428
36,1546743600,70,286,216,356,1,0.7954787017233104,-0.7609043182505403
36,1546758000,68,58,-10,126,1,-0.3432158898552844,-1.5142440450415844
36,1546772400,230,145,-85,375,1,-0.7211012631667649,-0.6986719060373671
36,1546786800,336,306,-30,642,1,-0.4439853227383459,0.17585725506354072
36,1546801200,324,414,90,738,1,0.160631274560023,0.49029470624588956
36,1546815600,178,359,181,537,1,0.6191321941779527,-0.16805870716715338
36,1546830000,31,202,171,233,1,0.568747477736422,-1.1637773025779248
36,1546844400,201,128,-73,329,1,-0.6606396034369281,-0.8493398513955759
36,1546858800,642,267,-375,909,1,-2.182258039971156,1.0503864161644485
36,1546873200,381,386,5,767,1,-0.2676388151929883,0.5852810196238908
36,1546887600,459,708,249,1167,1,0.9617482659803618,1.895437066217011
36,1546902000,169,607,438,776,1,1.914019406725293,0.614759530672236
36,1546916400,32,236,204,268,2,0.6390686320971853,-1.05945651606307
36,1546930800,189,76,-113,265,2,-0.7749112664579448,-1.0692511833918503
36,1546945200,603,268,-335,871,2,-1.7651432458877205,0.909271617021772
36,1546959600,358,340,-18,698,2,-0.35116334733259036,0.34444580106210754
36,1546974000,418,650,232,1068,2,0.7639627556288687,1.552454771611679
36,1546988400,190,539,349,729,2,1.2858417718148314,0.445657363459504
36,1547002800,43,213,170,256,2,0.48741148209442686,-1.0986351853781913
36,1547017200,193,58,-135,251,2,-0.8730423635185531,-1.1149596309261585
36,1547031600,699,298,-401,997,2,-2.0595365370695458,1.3206476448305449
36,1547046000,405,325,-80,730,2,-0.6277146208670322,0.44892225256909746
36,1547060400,406,784,378,1190,2,1.4151963997583608,1.950771242982078
36,1547074800,173,662,489,835,2,1.9103123894732486,0.7917356090764083
36,1547089200,32,239,207,271,2,0.6524501453327228,-1.0496618487342897
36,1547103600,180,66,-114,246,2,-0.7793717708697906,-1.1312840764741257
36,1547110619,437,148,-289,585,2,-1.559960042942812,-0.02448666832195077
36,1547118000,212,153,-59,365,2,-0.5340440282182697,-0.7427622724325067
36,1547132400,359,348,-11,707,2,-0.3199398164496695,0.37382980304844843
36,1547146800,405,686,281,1091,2,0.9825274718093147,1.6275472211323279
36,1547161200,172,609,437,781,2,1.678366160057265,0.6154315971583627
36,1547175600,34,251,217,285,2,0.6970551894511812,-1.0039534011999816
36,1547190000,181,64,-117,245,2,-0.7927532841053281,-1.134548965583719
36,1547204400,639,328,-311,967,2,-1.6580911400034204,1.222700971542742
36,1547218800,388,411,23,799,2,-0.1682826664469111,0.6741996011310446
36,1547233200,431,762,331,1193,2,1.2055526924016065,1.9605659103108584
36,1547247600,204,595,391,799,2,1.4731829571123565,0.6741996011310446
36,1547262000,45,296,251,341,2,0.8487123394539396,-0.8211196110627492
36,1547276400,99,72,-27,171,2,-0.3913078870392029,-1.3761507596936333
36,1547290800,313,209,-104,522,2,-0.7347667267513323,-0.23017468222633725
36,1547305200,373,285,-88,658,2,-0.6633986561617988,0.21385023667837008
36,1547319600,410,415,5,825,2,-0.24857174586013614,0.7590867179804739
36,1547334000,205,376,171,581,2,0.49187198650627273,-0.037546224760324515
36,1547348400,71,299,228,370,2,0.7461207379814854,-0.7264378268845395
36,1547362800,72,58,-14,130,2,-0.333321329685207,-1.5100112131869643
36,1547377200,219,130,-89,349,2,-0.6678591605736447,-0.7950004981860017
36,1547391600,311,265,-46,576,2,-0.47605747086427375,-0.0538706703082917
36,1547406000,329,403,74,732,2,0.05920305855722656,0.45545203078828433
36,1547420400,136,373,237,509,2,0.7862652776880978,-0.27261824065105195
36,1547434800,26,191,165,217,2,0.4651089600351977,-1.2259658606523354
36,1547449200,181,36,-145,217,2,-0.9176474076370116,-1.2259658606523354
36,1547451983,162,41,-121,203,2,-0.8105953017527114,-1.2716743081866433
36,1547463600,431,243,-188,674,2,-1.1094490973463824,0.26608846243186507
36,1547478000,363,292,-71,655,2,-0.5875700811604196,0.20405556934958977
36,1547492400,412,688,276,1100,2,0.9602249497500855,1.6569312231186688
36,1547506800,158,590,432,748,2,1.6560636379980358,0.5076902565417794
36,1547521200,33,232,199,265,3,0.5855173072011264,-1.0183173407060815
36,1547535600,195,71,-124,266,3,-0.8970004141497393,-1.0148725830378207
36,1547539757,281,75,-206,356,3,-1.273367142170702,-0.7048443928943532
36,1547550000,372,196,-176,568,3,-1.135671997772789,0.02544423277692596
36,1547564400,367,327,-40,694,3,-0.5114540098355822,0.4594836989777805
36,1547578800,426,649,223,1075,3,0.695673422719457,1.7719363705851265
36,1547593200,198,655,457,853,3,1.76969554902318,1.00720016823124
36,1547607600,35,273,238,308,3,0.7645209949184136,-0.8701927609708692
36,1547622000,176,79,-97,255,3,-0.7730747841916173,-1.052764917388689
36,1547636400,650,280,-370,930,3,-2.0261005982126274,1.2724465086873176
36,1547650800,373,345,-28,718,3,-0.45637595207641696,0.5421578830160385
36,1547665200,390,735,345,1125,3,1.2556336766043041,1.944174253998164
36,1547679600,163,640,477,803,3,1.8614923119551223,0.8349622848182023
36,1547694000,38,279,241,317,3,0.7782905093582049,-0.8391899419565224
36,1547708400,191,76,-115,267,3,-0.8556918708303652,-1.0114278253695599
36,1547722800,681,268,-413,949,3,-2.223463638516303,1.337896904384272
36,1547737200,366,369,3,735,3,-0.3140909695319066,0.6007187633764713
36,1547751600,453,746,293,1199,3,1.0169620929812546,2.1990863214494594
36,1547766000,178,666,488,844,3,1.9119805315676905,0.976197349216893
36,1547780400,44,256,212,300,3,0.6451852031068888,-0.8977508223169551
36,1547794800,180,73,-107,253,3,-0.8189731656575884,-1.0596544327252104
36,1547797298,155,22,-133,177,3,-0.9383089574691132,-1.3214560155130275
36,1547809200,474,257,-217,731,3,-1.3238553617832702,0.5869397327034283
36,1547823600,365,371,6,736,3,-0.3003214550921153,0.604163521044732
36,1547838000,438,688,250,1126,3,0.8195990526775789,1.9476190116664247
36,1547852400,193,615,422,808,3,1.6090512138922815,0.8521860731595061
36,1547866800,56,337,281,393,3,0.9618840352220892,-0.5773883591687053
36,1547881200,97,84,-13,181,3,-0.38752837987746036,-1.3076769848399845
36,1547895600,313,164,-149,477,3,-1.011746367814667,-0.2880287150348023
36,1547910000,354,265,-89,619,3,-0.7363560790188405,0.20112687385822423
36,1547924400,362,391,29,753,3,-0.19475517772038184,0.6627244014051648
36,1547938800,184,320,136,504,3,0.29635750396550864,-0.19502025799176206
36,1547953200,47,251,204,298,3,0.608466497934112,-0.9046403376534766
36,1547967600,63,73,10,136,3,-0.28196210250572684,-1.4626910799117183
36,1547982000,185,134,-51,319,3,-0.5619422294481504,-0.8323004266200009
36,1547996400,273,265,-8,538,3,-0.3645791891444748,-0.07789849727089655
36,1548010800,308,346,38,654,3,-0.15344663440100786,0.3216933922473505
36,1548025200,106,371,265,477,3,0.8884466248765355,-0.2880287150348023
36,1548039600,39,216,177,255,3,0.48454086797599005,-1.052764917388689
36,1548054000,106,52,-54,158,3,-0.5757117438879418,-1.3869064112099818
36,1548068400,281,215,-66,496,3,-0.6307898016471071,-0.22257831933784808
36,1548082800,219,255,36,474,3,-0.16262631069420208,-0.2983629880395846
36,1548097200,250,525,275,775,3,0.9343450063425066,0.7385090701069014
36,1548111600,104,398,294,502,3,1.0215519311278516,-0.20190977332828358
36,1548126000,28,198,170,226,4,0.4118101071385998,-1.3025929019165725
36,1548140400,159,66,-93,225,4,-0.7621653155058229,-1.3059579661870688
36,1548146363,362,98,-264,460,4,-1.5254725294685465,-0.5151678626204143
36,1548154800,241,156,-85,397,4,-0.726455036490023,-0.7271669116616876
36,1548169200,377,397,20,774,4,-0.25775762440764893,0.5414623183154561
36,1548183600,394,697,303,1091,4,1.0054934957762736,1.6081876920628155
36,1548198000,167,573,406,740,4,1.4652633381046976,0.42705013311857837
36,1548212400,29,254,225,283,4,0.6573182753722243,-1.1107842384982776
36,1548226800,176,82,-94,258,4,-0.7666291003827979,-1.1949108452606876
36,1548241200,595,276,-319,871,4,-1.770980697702171,0.8678735525536071
36,1548255600,407,316,-91,723,4,-0.753237745751873,0.3698440405201395
36,1548270000,419,736,317,1155,4,1.0679864840539235,1.8235518053745854
36,1548284400,168,535,367,703,4,1.291175727902673,0.3025427551102115
36,1548298800,46,326,280,372,4,0.9028264436058487,-0.8112935184240977
36,1548313200,193,83,-110,276,4,-0.8380496584143977,-1.1343396883917523
36,1548327600,600,310,-290,910,4,-1.6415309362698962,0.9991110591029668
36,1548342000,328,324,-4,652,4,-0.3648884614550487,0.13092447731489498
36,1548356400,354,759,405,1113,4,1.4607995532277227,1.6822191060137364
36,1548370800,180,685,505,865,4,1.9071780409252217,0.8476831669306287
36,1548385200,39,325,286,364,4,0.9296091528676987,-0.8382140325880689
36,1548399600,195,81,-114,276,4,-0.8559047979222977,-1.1343396883917523
36,1548414000,637,324,-313,961,4,-1.744197988440321,1.1707293368982834
36,1548428400,398,397,-1,795,4,-0.3514971068241237,0.6121286679958805
36,1548442800,434,699,265,1133,4,0.835869670451224,1.7495203914236646
36,1548457200,227,616,389,843,4,1.3893789951961228,0.7736517529797078
36,1548471600,53,326,273,379,4,0.8715799494670239,-0.7877380685306229
36,1548486000,93,101,8,194,4,-0.3113230429313488,-1.4102749585724572
36,1548500400,327,196,-131,523,4,-0.9317891408308726,-0.30316881357914094
36,1548514800,397,306,-91,703,4,-0.753237745751873,0.3025427551102115
36,1548529200,385,384,-1,769,4,-0.3514971068241237,0.5246369969629741
36,1548543600,226,332,106,558,4,0.12612787501220032,-0.18539156411176683
36,1548558000,71,327,256,398,4,0.795695606558449,-0.7238018473911912
36,1548572400,57,94,37,151,4,-0.18187328149907406,-1.5549727222038026
36,1548586800,216,142,-74,358,4,-0.677353402843298,-0.8584044182110473
36,1548601200,350,281,-69,631,4,-0.6550344784584231,0.06025812763447053
36,1548615600,290,403,113,693,4,0.15737436915102526,0.26889211240524746
36,1548630000,136,330,194,466,4,0.5189409441859996,-0.49497747699743583
36,1548644400,38,228,190,266,4,0.5010858046780996,-1.1679903310967163
36,1548658800,177,58,-119,235,4,-0.8782237223071727,-1.2723073234821047
36,1548673200,595,320,-275,915,4,-1.5745741631152712,1.0159363804554489
36,1548687600,353,387,34,740,4,-0.19526463612999903,0.42705013311857837
36,1548702000,395,759,364,1154,4,1.277784373271748,1.8201867411040888
36,1548716400,198,566,368,764,4,1.295639512779648,0.507811675610492
36,1548730800,43,278,235,321,5,0.5873140441144473,-1.0168389552627368
36,1548745200,186,76,-110,262,5,-0.7135389823634405,-1.2058940971550733
36,1548759600,855,296,-559,1151,5,-2.4065332110259665,1.6427503289853873
36,1548774000,358,409,51,767,5,-0.10647423667375949,0.4122897444657733
36,1548788400,420,821,401,1241,5,1.2132317322168513,1.931139528482172
36,1548802800,152,664,512,816,5,1.631767053779302,0.5693016419695782
36,1548817200,34,297,263,331,5,0.6928905216256962,-0.9847957108742051
36,1548831600,184,76,-108,260,5,-0.7059978053983512,-1.2123027460327795
36,1548846000,670,297,-373,967,5,-1.7052037532726707,1.0531546322364056
36,1548860400,363,339,-24,702,5,-0.38926837286460464,0.20400865594031783
36,1548874800,362,789,427,1151,5,1.311267032763011,1.6427503289853873
36,1548889200,130,651,521,781,5,1.6657023501222035,0.4571502866097176
36,1548903600,27,264,237,291,5,0.5948552210795365,-1.1129686884283316
36,1548918000,179,64,-115,243,5,-0.7323919247761634,-1.2667762614932834
36,1548932400,561,267,-294,828,5,-1.4073272631516471,0.6077535352358162
36,1548946800,296,332,36,628,5,-0.1630330639119285,-0.033111352534816126
36,1548961200,299,794,495,1093,5,1.5676670495760439,1.4568995115319041
36,1548975600,127,515,388,642,5,1.1642140819437714,0.011749189609128139
36,1548990000,29,304,275,333,5,0.7381375834162314,-0.9783870619964988
36,1549004400,179,55,-124,234,5,-0.7663272211190649,-1.2956151814429617
36,1549018800,636,286,-350,922,5,-1.618480218174145,0.9089600324880134
36,1549033200,379,311,-68,690,5,-0.5551742660965672,0.1655567626740799
36,1549047600,424,743,319,1167,5,0.9040434766481938,1.694019520007038
36,1549062000,223,625,402,848,5,1.2170023206993958,0.6718400240128795
36,1549076400,48,322,274,370,5,0.7343669949336868,-0.8598270577589319
36,1549090800,88,67,-21,155,5,-0.37795660741697085,-1.5487568121123616
36,1549105200,337,207,-130,544,5,-0.7889507520143325,-0.3022746053984817
36,1549119600,384,297,-87,681,5,-0.6268154472649146,0.13671784272440143
36,1549134000,410,403,-7,813,5,-0.3251683686613464,0.5596886686530188
36,1549148400,188,364,176,552,5,0.36484932364431577,-0.2766400098876564
36,1549162800,52,344,292,396,5,0.8022375876194896,-0.7765146223487496
36,1549177200,83,74,-9,157,5,-0.3327095456264356,-1.5423481632346552
36,1549191600,250,146,-104,396,5,-0.6909154514681728,-0.7765146223487496
36,1549206000,365,272,-93,637,5,-0.6494389781601823,-0.004272432585137671
36,1549220400,328,410,82,738,5,0.010414006285123177,0.31936433573903167
36,1549234800,166,376,210,542,5,0.49304933205083223,-0.30868325427618803
36,1549249200,47,247,200,294,5,0.4553434472253862,-1.103355715111772
36,1549263600,197,49,-148,246,5,-0.8568213447001354,-1.2571632881767238
36,1549278000,671,314,-357,985,5,-1.6448743375519572,1.1108324721357625
36,1549292400,381,354,-27,735,5,-0.4005801383122385,0.30975136242247214
36,1549306800,438,652,214,1090,5,0.5081316859810107,1.4472865382153446
36,1549321200,192,618,426,810,5,1.3074964442804664,0.5500756953364593
36,1549335600,37,272,235,309,6,0.6478352669624686,-1.0981037907985207
36,1549350000,190,76,-114,266,6,-0.7327941810072705,-1.2339005208849443
36,1549364400,627,269,-358,896,6,-1.6980480070949964,0.755679478055679
36,1549378800,381,344,-37,725,6,-0.42818539162712743,0.21565062120036702
36,1549393200,428,730,302,1158,6,0.9128844733062295,1.5830921125357478
36,1549407600,185,721,536,906,6,1.838578716357573,0.7872601129594985
36,1549422000,32,263,231,295,6,0.6320114337479158,-1.142316679663868
36,1549436400,191,83,-108,274,6,-0.7090584311854411,-1.2086360129618887
36,1549450800,707,271,-436,978,6,-2.0066127547787778,1.0146406842669982
36,1549465200,434,445,11,879,6,-0.23829939305249284,0.7019923987191861
36,1549479600,415,732,317,1147,6,0.9722238478608027,1.5483534141415465
36,1549494000,168,673,505,841,6,1.7159440089447884,0.5819859860846722
36,1549508400,36,242,206,278,6,0.5331124761569602,-1.196003759000361
36,1549522800,197,73,-124,270,6,-0.7723537640436526,-1.2212682669234165
36,1549537200,708,315,-393,1023,6,-1.8365065477223341,1.1567535413341856
36,1549551600,393,382,-11,775,6,-0.3253304757325337,0.3735537957194641
36,1549566000,425,723,298,1148,6,0.8970606400916766,1.5515114776319283
36,1549580400,176,700,524,876,6,1.7911072167139146,0.6925182082480402
36,1549594800,31,276,245,307,6,0.6873948499988508,-1.1044199177792846
36,1549609200,195,77,-118,272,6,-0.7486180142218234,-1.2149521399426526
36,1549623600,663,267,-396,930,6,-1.8483744226332488,0.8630536367286651
36,1549638000,368,414,46,782,6,-0.09984085242515511,0.3956602401521377
36,1549652400,453,721,268,1174,6,0.77838189098253,1.633621128381859
36,1549666800,242,603,361,845,6,1.1462860132208845,0.5946182400462
36,1549681200,52,337,285,389,6,0.8456331821443797,-0.8454587115679654
36,1549695600,100,85,-15,185,6,-0.3411543089470866,-1.4897036636058814
36,1549710000,342,246,-96,588,6,-0.6615869315417825,-0.21700407698195898
36,1549724400,388,322,-66,710,6,-0.5429081824326358,0.1682796688446379
36,1549738800,382,418,36,800,6,-0.13940043546153733,0.45250538297901266
36,1549753200,171,359,188,530,6,0.46190522669147227,-0.4001717594241116
36,1549767600,78,294,216,372,6,0.5726720591933424,-0.8991457909044583
36,1549782000,74,73,-1,147,6,-0.2857708926961515,-1.6097100762403953
36,1549796400,256,141,-115,397,6,-0.7367501393109087,-0.8201942036449098
36,1549810800,357,289,-68,646,6,-0.5508200990399124,-0.033836394539806365
36,1549825200,361,369,8,730,6,-0.2501672679634075,0.23144093865227675
36,1549839600,161,446,285,607,6,0.8456331821443797,-0.15700087066470209
36,1549854000,40,191,151,231,6,0.3155347694568581,-1.344432743048312
36,1549868400,187,61,-126,248,6,-0.7802656806509292,-1.290745663711819
36,1549882800,663,319,-344,982,6,-1.6426645908440614,1.027272938228526
36,1549897200,395,346,-49,741,6,-0.4756568912707861,0.26617963704647807
36,1549911600,422,715,293,1137,6,0.8772808485734854,1.516772779237727
36,1549926000,184,604,420,788,6,1.3796875531355395,0.41460862109442936
36,1549940400,37,256,219,293,7,0.7214644959375447,-1.1146094380583438
36,1549954800,187,67,-120,254,7,-0.7576156326670286,-1.2495987363607148
36,1549969200,606,301,-305,907,7,-1.5647832544718843,1.01060669418924
36,1549983600,355,292,-63,647,7,-0.5089207437866136,0.11067803884010026
36,1549998000,331,694,363,1025,7,1.3497463204775402,1.4190358531553882
36,1550012400,141,588,447,729,7,1.7162440514592043,0.3945016916809828
36,1550026800,27,264,237,291,7,0.7999997240050442,-1.1215319661764143
36,1550041200,196,55,-141,251,7,-0.8492400654124446,-1.2599825285378203
36,1550055600,670,274,-396,944,7,-1.9618224630353538,1.1386734643735408
36,1550070000,400,328,-72,728,7,-0.5481883578203633,0.39104042762194763
36,1550084400,413,721,308,1134,7,1.1097775680490698,1.7963136355902198
36,1550098800,178,622,444,800,7,1.7031548467812878,0.6402514398724787
36,1550113200,48,251,203,299,7,0.6516554043219897,-1.093841853704133
36,1550127600,198,67,-131,265,7,-0.8056093831527227,-1.211524831711328
36,1550142000,712,278,-434,990,7,-2.127619055622297,1.2978916110891576
36,1550156400,402,350,-52,752,7,-0.46092699330091946,0.47411076503879135
36,1550170800,459,713,254,1172,7,0.8741718838465714,1.9278416698335556
36,1550185200,190,641,451,831,7,1.7336963243630932,0.7475506257025684
36,1550199600,52,304,252,356,7,0.8654457473946271,-0.8965498023391293
36,1550214000,181,66,-115,247,7,-0.7358002915371675,-1.2738275847739609
36,1550228400,622,305,-317,927,7,-1.6171400731835506,1.079831975369943
36,1550242800,402,242,-160,644,7,-0.9321383617059162,0.1002942466629948
36,1550257200,449,660,211,1109,7,0.6865599501297671,1.7097820341143408
36,1550271600,243,594,351,837,7,1.2973895017658739,0.7683182100567794
36,1550286000,57,351,294,408,7,1.048694612885459,-0.7165640712693013
36,1550300400,109,95,-14,204,7,-0.2951304007139761,-1.4226619393124724
36,1550314800,355,214,-141,569,7,-0.8492400654124446,-0.15930055776464166
36,1550329200,426,325,-101,751,7,-0.6747173363735569,0.47064950097975616
36,1550343600,423,455,32,878,7,-0.09442926231925532,0.9102300364772206
36,1550358000,216,412,196,628,7,0.6211139267401843,0.04491402171843236
36,1550372400,71,312,241,383,7,0.8174519969089329,-0.8030956727451801
36,1550386800,84,88,4,172,7,-0.2165951726464767,-1.5334223892015975
36,1550401200,253,132,-121,385,7,-0.7619787008930007,-0.7961731446271098
36,1550415600,340,297,-43,637,7,-0.42165937926716973,0.07606539824974874
36,1550430000,331,389,58,720,7,0.01901051155602168,0.3633503151496664
36,1550444400,150,379,229,529,7,0.7650951781972666,-0.29775112012604776
36,1550458800,41,218,177,259,7,0.5382156304467126,-1.232292416065539
36,1550473200,121,47,-74,168,7,-0.5569144942723077,-1.547267445437738
36,1550487600,350,218,-132,568,7,-0.8099724513786949,-0.16276182182367682
36,1550502000,367,289,-78,656,7,-0.5743667671761965,0.14182941537141663
36,1550516400,412,438,26,850,7,-0.12060767167508847,0.8133146428242363
36,1550530800,184,450,266,634,7,0.9265287025582377,0.06568160607264328
36,1550545200,38,255,217,293,8,0.5438929721139812,-0.8957200948763743
36,1550559600,161,51,-110,212,8,-0.805750381116581,-1.1404652032590117
36,1550574000,566,269,-297,835,8,-1.5775647757774836,0.7419570501037432
36,1550588400,393,341,-52,734,8,-0.5663640982805792,0.4367810507624298
36,1550602800,388,685,297,1073,8,0.8740809484395011,1.4610846525119867
36,1550617200,170,663,493,833,8,1.6830414904370246,0.7359139610078756
36,1550631600,31,252,221,283,8,0.5604023709302572,-0.9259355403557122
36,1550646000,175,73,-102,248,8,-0.772731583484029,-1.031689599533395
36,1550660400,572,316,-256,888,8,-1.4083434379106547,0.9020989111442343
36,1550674800,384,333,-51,717,8,-0.5622367485765102,0.3854147934475553
36,1550689200,311,649,338,960,8,1.04330228630633,1.1196501185954677
36,1550703600,149,600,451,749,8,1.5096928028661267,0.48210421898143674
36,1550703929,4,8,4,12,8,-0.33523251485271527,-1.744774112845771
36,1550718000,28,214,186,242,8,0.41594513128784233,-1.0498188668209978
36,1550732400,161,78,-83,239,8,-0.6943119391067181,-1.0588835004647992
36,1550746800,580,273,-307,853,8,-1.6188382728181736,0.7963448519665516
36,1550761200,371,355,-16,726,8,-0.41777950893409527,0.4126086943789594
36,1550775600,395,750,355,1145,8,1.113467231275503,1.67863585996322
36,1550790000,167,712,545,879,8,1.8976636750486124,0.8749050102128302
36,1550804400,46,288,242,334,8,0.6470767147157062,-0.7718367684110886
36,1550818800,174,65,-109,239,8,-0.801623031412512,-1.0588835004647992
36,1550824665,275,90,-185,365,8,-1.1153016089217558,-0.6781688874251409
36,1550828031,121,80,-41,201,8,-0.5209632515358202,-1.1737021932862834
36,1550833200,138,102,-36,240,8,-0.5003265030154752,-1.0558619559168654
36,1550847600,381,373,-8,754,8,-0.38476071130154327,0.4972119417211057
36,1550862000,414,667,253,1081,8,0.6924775614604651,1.485257008895457
36,1550876400,214,566,352,780,8,1.1010851821632959,0.5757720999673844
36,1551495600,9569,4461,-5108,14030,9,-4.074636591502637,4.111723008061614
36,1551510000,98,72,-26,170,9,0.20284805175627668,-0.3613141093039561
36,1551524400,332,167,-165,499,9,0.08585270240307147,-0.2551359555079047
36,1551538800,431,282,-149,713,9,0.09931979297610229,-0.1860717460478591
36,1551553200,454,413,-41,867,9,0.1902226543440603,-0.1363713336326861
36,1551567600,228,441,213,669,9,0.4040127171909245,-0.20027186388076568
36,1551582000,65,281,216,346,9,0.4065377966733678,-0.30451363797232983
36,1551596400,83,78,-5,161,9,0.22052360813337965,-0.364218678860687
36,1551610800,294,164,-130,458,9,0.11531196303157638,-0.2683678834885676
36,1551625200,415,230,-185,645,9,0.06901883918678293,-0.2080173826987147
36,1551639600,366,326,-40,692,9,0.19106434750487472,-0.19284907501356452
36,1551654000,108,356,248,464,9,0.4334719778194294,-0.26643150378408037
36,1551668400,37,203,166,240,9,0.3644531386326465,-0.3387230127516047
36,1551682800,167,55,-112,222,9,0.13046243992623605,-0.3445321518650665
36,1551697200,506,226,-280,732,9,-0.010942011090587539,-0.17993987698364944
36,1551711600,346,286,-60,632,9,0.1742304842885862,-0.2122128720584371
36,1551726000,335,604,269,939,9,0.4511475341965324,-0.11313477717883899
36,1551740400,175,558,383,733,9,0.547100554529377,-0.17961714703290158
36,1551754800,41,268,227,309,10,0.676299047145853,-1.0867170874256677
36,1551769200,200,80,-120,280,10,-0.7021689390638962,-1.1783428580219746
36,1551783600,702,346,-356,1048,10,-1.6396860708953107,1.2481603081147028
36,1551798000,416,383,-33,799,10,-0.3565588099565528,0.4614424847188269
36,1551812400,430,776,346,1206,10,1.1490301432811847,1.7473627823980296
36,1551826800,189,689,500,878,10,1.7607997971033789,0.7110437218604903
36,1551841200,41,271,230,312,10,0.6882166378047269,-1.0772385594329466
36,1551855600,192,84,-108,276,10,-0.6544985764284006,-1.1909808953456031
36,1551870000,681,280,-401,961,10,-1.8184499307784194,0.9732829963257822
36,1551884400,387,331,-56,718,10,-0.4479270050079195,0.20552222891534916
36,1551898800,424,755,331,1179,10,1.0894421899868152,1.662056030463537
36,1551913200,163,674,511,837,10,1.8044976295192499,0.5815038392932979
36,1551927600,35,264,229,299,10,0.6842441075851022,-1.1183121807347391
36,1551942000,190,62,-128,252,10,-0.7339491808208933,-1.2668091192873743
36,1551956400,713,289,-424,1002,10,-1.909818125829786,1.1028228788929746
36,1551970800,358,343,-15,701,10,-0.2850532660033093,0.15181057028992792
36,1551985200,440,619,179,1059,10,0.4856175966038703,1.2829149107546811
36,1551999600,194,707,513,901,10,1.8124426899584993,0.7837124364713544
36,1552014000,38,263,225,301,10,0.6683539867066036,-1.1119931620729249
36,1552028400,188,76,-112,264,10,-0.6703886973068992,-1.2288950073164888
36,1552042800,695,287,-408,982,10,-1.846257642315792,1.039632692274832
36,1552057200,398,353,-45,751,10,-0.40422917259204844,0.3097860368352845
36,1552071600,467,686,219,1153,10,0.6445188053888559,1.5799087878599516
36,1552086000,220,584,364,804,10,1.2205356872344282,0.4772400313733625
36,1552100400,62,340,278,402,10,0.8788980883467095,-0.7928827196513045
36,1552114800,97,98,1,195,10,-0.22149278248931514,-1.4469011511490808
36,1552129200,340,205,-135,545,10,-0.7617568923582658,-0.3410728853315847
36,1552143600,427,289,-138,716,10,-0.7736744830171397,0.19920321025353488
36,1552158000,403,425,22,828,10,-0.13806964787719778,0.5530682553151337
36,1552172400,231,346,115,577,10,0.23137566254789352,-0.23996858674255647
36,1552190400,69,328,259,397,10,0.8034200141738413,-0.8086802663058402
36,1552204800,106,82,-24,188,10,-0.32080603797993107,-1.4690177164654308
36,1552219200,266,142,-124,408,10,-0.7180590599423948,-0.7739256636658618
36,1552233600,313,286,-27,599,10,-0.332723628638805,-0.17045938146259956
36,1552248000,259,405,146,664,10,0.3545240993562573,0.034908725046364025
36,1552262400,119,357,238,476,10,0.719996879561724,-0.5590790291641768
36,1552276800,31,123,92,154,10,0.14000746749652684,-1.5764410337162733
36,1552291200,396,88,-308,484,10,-1.449004620353328,-0.5338029545169197
36,1552305600,526,306,-220,832,10,-1.09942196102636,0.5657062926387623
36,1552320000,375,455,80,830,10,0.0923371048610312,0.559387273976948
36,1552334400,400,804,404,1204,10,1.3794368960194137,1.7410437637362153
36,1552348800,158,556,398,714,11,1.416239900521685,0.1855327331404591
36,1552363200,43,173,130,216,11,0.3052777205598698,-1.4994879556853504
36,1552377600,399,119,-280,518,11,-1.3943285995309669,-0.4776481002126708
36,1552392000,565,301,-264,866,11,-1.328002499234739,0.6998362365571721
36,1552406400,422,442,20,864,11,-0.15071421897669612,0.6930690851964258
36,1552420800,395,774,379,1169,11,1.3374776564199147,1.7250596677102248
36,1552435200,143,564,421,707,11,1.5115836696975125,0.1618477033778473
36,1552449600,24,171,147,195,11,0.37574920212461177,-1.5705430449731859
36,1552464000,443,146,-297,589,11,-1.4648000810957087,-0.23741422690617986
36,1552478400,544,318,-226,862,11,-1.170478011031198,0.6863019338356796
36,1552492800,442,455,13,897,11,-0.1797318878562958,0.8047270826487385
36,1552507200,422,793,371,1215,11,1.3043146062718007,1.880704149007388
36,1552521600,142,586,444,728,11,1.6069274388733399,0.23290279266568265
36,1552536000,29,191,162,220,11,0.4379299211523253,-1.4859536529638582
36,1552550400,436,112,-324,548,11,-1.5767253753455932,-0.37614082980147745
36,1552564800,546,267,-279,813,11,-1.3901832182624525,0.5205067254973972
36,1552579200,429,424,-5,853,11,-0.25434875068955204,0.6558497527123216
36,1552593600,401,762,361,1163,11,1.2628607935866583,1.7047582136279862
36,1552608000,163,678,515,841,11,1.9012495089378507,0.6152468445478443
36,1552622400,43,173,130,216,11,0.3052777205598698,-1.4994879556853504
36,1552636800,418,90,-328,508,11,-1.59330690041965,-0.5114838570164019
36,1552651200,541,300,-241,841,11,-1.2326587300589116,0.6152468445478443
36,1552665600,427,454,27,881,11,-0.12169655009709648,0.7505898717627687
36,1552680000,436,781,345,1217,11,1.1965346932904306,1.8874713003681343
36,1552694400,155,514,359,669,11,1.25457003104963,0.033271827523669056
36,1552708800,64,219,155,283,11,0.40891225227272565,-1.272788385100352
36,1552723200,157,78,-79,235,11,-0.5611069645596055,-1.4352000177582613
36,1552737600,341,287,-54,628,11,-0.4574724328467496,-0.10545477537162852
36,1552752000,402,349,-53,751,11,-0.4533270515782354,0.3107250333142642
36,1552766400,363,387,24,750,11,-0.13413269390263918,0.3073414576338911
36,1552780800,192,471,279,663,11,0.9229395295684909,0.012970373441430389
36,1552795200,56,190,134,246,11,0.3218592456339267,-1.3979806852741572
36,1552809600,113,81,-32,194,11,-0.36627404493943644,-1.573926620653559
36,1552824000,257,184,-73,441,11,-0.5362346769485201,-0.7381834276014004
36,1552838400,365,331,-34,696,11,-0.3745648074764649,0.12462837089374307
36,1552852800,331,386,55,717,11,-0.005625874578697879,0.19568346018157842
36,1552867200,117,345,228,462,11,0.7115250848742649,-0.667128338313565
36,1552881600,40,124,84,164,11,0.11459018220821496,-1.6754338910647524
36,1552896000,381,105,-276,486,11,-1.3777470744569098,-0.5859225219846104
36,1552910400,524,321,-203,845,11,-1.0751342418553707,0.6287811472693368
36,1552924800,395,347,-48,742,11,-0.4326001452356642,0.2802728521909062
36,1552939200,395,677,282,1072,11,0.9353756733740336,1.396852826714033
36,1552953600,133,616,483,749,12,1.6371232502229158,0.2952472781195959
36,1552968000,29,207,178,236,12,0.4116485330280609,-1.4625305208206683
36,1552982400,425,136,-289,561,12,-1.4647340667424218,-0.3489286014140682
36,1552996800,543,312,-231,855,12,-1.2316929729807773,0.658452827218364
36,1553011200,384,420,36,804,12,-0.158900351698724,0.48370298755763597
36,1553025600,411,800,389,1211,12,1.259435960333354,1.8782752373991323
36,1553040000,152,609,457,761,12,1.53265655301942,0.3363648874515319
36,1553054400,34,216,182,250,12,0.4277203325978295,-1.4145599766000763
36,1553068800,422,145,-277,567,12,-1.416518668033116,-0.3283697967481002
36,1553083200,507,323,-184,830,12,-1.0428493280359963,0.5727911411101639
36,1553097600,418,452,34,870,12,-0.16693625148360827,0.709849838883284
36,1553112000,400,786,386,1186,12,1.2473821106560277,1.7926135512909323
36,1553126400,130,619,489,749,12,1.6612309495775688,0.2952472781195959
36,1553140800,42,222,180,264,12,0.4196844328129452,-1.3665894323794843
36,1553155200,408,127,-281,535,12,-1.4325904676028847,-0.4380167549665962
36,1553169600,533,294,-239,827,12,-1.2638365721203144,0.56251173877718
36,1553184000,403,393,-10,796,12,-0.3437260467510628,0.45629124800301196
36,1553198400,350,807,457,1157,12,1.53265655301942,1.6932459954054202
36,1553212800,126,687,561,813,12,1.9505233418334034,0.514541194556588
36,1553227200,32,185,153,217,12,0.31119978571700724,-1.5276334022629003
36,1553241600,375,113,-262,488,12,-1.3562494196464838,-0.5990607248500123
36,1553256000,511,320,-191,831,12,-1.0709749772830914,0.576217608554492
36,1553270400,435,435,0,870,12,-0.30354654782664126,0.709849838883284
36,1553284800,419,754,335,1173,12,1.042466666141478,1.748069474514668
36,1553299200,170,535,365,705,12,1.1630051629147424,0.1444827105691639
36,1553313600,47,208,161,255,12,0.3433433848565444,-1.3974276393784364
36,1553328000,153,109,-44,262,12,-0.48033634309409573,-1.3734423672681404
36,1553342400,351,234,-117,585,12,-0.7736466852423725,-0.26669338275019616
36,1553356800,421,351,-70,772,12,-0.5848030402975916,0.37405602933913995
36,1553371200,363,373,10,736,12,-0.2633670489022198,0.2507032013433319
36,1553385600,178,459,281,637,12,0.8254973719496022,-0.08851707564514015
36,1553400000,44,224,180,268,12,0.4196844328129452,-1.3528835626021722
36,1553414400,106,87,-19,193,12,-0.3798875957830421,-1.6098686209267723
36,1553428800,260,178,-82,438,12,-0.6330184390068972,-0.7703840970664122
36,1553443200,410,319,-91,729,12,-0.6691799880388766,0.2267179292330359
36,1553457600,310,433,123,743,12,0.19066128894374282,0.2746884734536279
36,1553472000,139,325,186,464,12,0.4437921321675981,-0.6812959435138842
36,1553486400,38,131,93,169,12,0.07012279217047841,-1.6921038395906445
36,1553500800,381,109,-272,490,12,-1.3964289185709053,-0.5922077899613563
36,1553515200,505,303,-202,808,12,-1.115172426099955,0.49740885733494794
36,1553529600,414,368,-46,782,12,-0.48837224287898007,0.4083207037824199
36,1553544000,421,782,361,1203,12,1.1469333633449739,1.8508634978445082
36,1553558400,131,595,464,726,13,1.5565392216298177,0.20563016670752235
36,1553572800,33,189,156,222,13,0.33257767698187396,-1.551648544985991
36,1553587200,425,116,-309,541,13,-1.5152863433470019,-0.43940269373553315
36,1553601600,527,317,-210,844,13,-1.1218701325673057,0.6170565317468767
36,1553616000,463,391,-72,854,13,-0.5734717781471231,0.6519231728519067
36,1553630400,386,689,303,1075,13,0.9167411414729381,1.4224759412730703
36,1553644800,155,646,491,801,13,1.663834551842462,0.46712997499524755
36,1553659200,39,238,199,277,13,0.5034554250983077,-1.3598820189083258
36,1553673600,401,103,-298,504,13,-1.4715734310381468,-0.5684092658241442
36,1553688000,524,293,-231,817,13,-1.2053220560660292,0.5229166007632956
36,1553702400,441,433,-8,874,13,-0.3191421065319661,0.7216564550619667
36,1553716800,389,817,428,1206,13,1.4134787813462917,1.8792289397489637
36,1553731200,145,649,504,794,13,1.7154952663892908,0.4427233262217265
36,1553745600,36,176,140,212,13,0.2689952590780847,-1.586515186091021
36,1553760000,404,117,-287,521,13,-1.4278605187292917,-0.5091359759455932
36,1553774400,542,309,-233,851,13,-1.2132698583040027,0.6414631805203976
36,1553788800,434,425,-9,859,13,-0.32311600765095294,0.6693564934044217
36,1553803200,414,769,355,1183,13,1.1233839996602533,1.7990356652073944
36,1553817600,147,640,493,787,13,1.6717823540804357,0.4183166774482055
36,1553832000,42,223,181,265,13,0.43192520495654474,-1.401721988234362
36,1553846400,410,129,-281,539,13,-1.4040171120153706,-0.44637602195653914
36,1553860800,568,327,-241,895,13,-1.2450610672558975,0.7948764013825298
36,1553875200,415,457,42,872,13,-0.12044705058262463,0.7146831268409607
36,1553889600,388,740,352,1128,13,1.1114622963032927,1.6072691391297294
36,1553904000,179,544,365,723,13,1.1631230108501214,0.19517017437601333
36,1553918400,42,246,204,288,13,0.5233249306932418,-1.321528713692793
36,1553932800,144,115,-29,259,13,-0.40259403003068955,-1.4226419728973798
36,1553947200,407,297,-110,704,13,-0.7244800206686227,0.1289235562764563
36,1553961600,448,359,-89,807,13,-0.6410280971698993,0.48804995965826553
36,1553976000,366,394,28,760,13,-0.17608166624844024,0.3241767464646244
36,1553990400,195,472,277,667,13,0.8134197123792805,-8.301581215481451e-05
36,1554004800,53,252,199,305,13,0.5034554250983077,-1.2622554238142418
36,1554019200,99,86,-13,185,13,-0.3390116121269003,-1.680655117074602
36,1554033600,273,171,-102,444,13,-0.692688811716728,-0.7776091124543244
36,1554048000,309,335,26,644,13,-0.1840294684864139,-0.08027629035372387
36,1554062400,272,320,48,592,13,-0.09660364386870365,-0.26158282409988004
36,1554076800,93,339,246,432,13,0.6902287776906887,-0.8194490817803605
36,1554091200,44,149,105,193,13,0.12990871991354566,-1.652761804190578
36,1554105600,408,112,-296,520,13,-1.463625628800173,-0.5126226400560963
36,1554120000,540,323,-217,863,13,-1.1496874404002135,0.6833031498464337
36,1554134400,393,425,32,818,13,-0.16018606177249292,0.5264032648737986
36,1554148800,365,799,434,1164,13,1.4373221880602127,1.7327890471078375
36,1554163200,130,529,399,659,14,1.2619379660534369,-0.04498272511199845
36,1554177600,32,172,140,204,14,0.2683536294343513,-1.5478146777174042
36,1554192000,430,134,-296,564,14,-1.4042439410904415,-0.35876082510653373
36,1554206400,575,266,-309,841,14,-1.4541149695693916,0.5561500559301639
36,1554220800,428,468,40,896,14,-0.11526966655757365,0.7378110611901579
36,1554235200,386,878,492,1264,14,1.6187076313259272,1.9532883327479367
36,1554249600,151,650,499,801,14,1.645561262045362,0.42403296119562267
36,1554264000,29,182,153,211,14,0.3182246579133015,-1.5246941861388594
36,1554278400,422,124,-298,546,14,-1.4119164070102799,-0.41821351773707727
36,1554292800,555,308,-247,863,14,-1.2162685260543982,0.6288144580341615
36,1554307200,423,429,6,852,14,-0.24570158719482812,0.5924822569821627
36,1554321600,391,808,417,1199,14,1.3309901593319835,1.7385980538043073
36,1554336000,139,629,490,768,14,1.6110351654060886,0.3150363580396262
36,1554350400,33,195,162,228,14,0.35275075455257476,-1.4685444208766796
36,1554364800,421,115,-306,536,14,-1.4426062706896339,-0.45124279142071255
36,1554379200,540,297,-243,837,14,-1.2009235942147212,0.5429383464567097
36,1554393600,393,402,9,795,14,-0.23419288831507037,0.4042153969854415
36,1554408000,429,885,456,1314,14,1.4806032447688342,2.1184347011661133
36,1554422400,170,587,417,757,14,1.3309901593319835,0.2787041569876274
36,1554436800,39,182,143,221,14,0.279862328314109,-1.4916649124552241
36,1554451200,415,131,-284,546,14,-1.3582091455714105,-0.41821351773707727
36,1554465600,546,301,-245,847,14,-1.2085960601345596,0.575967620140345
36,1554480000,396,428,32,824,14,-0.14595953023692765,0.5000002906679839
36,1554494400,362,768,406,1130,14,1.2887915967728716,1.5106960653872237
36,1554508800,154,564,410,718,14,1.3041365286125486,0.14988998962144978
36,1554523200,50,249,199,299,14,0.4946913740695871,-1.234036577722869
36,1554537600,142,88,-54,230,14,-0.4758755647899831,-1.4619385661399524
36,1554552000,412,237,-175,649,14,-0.9400597529402122,-0.07801199879563374
36,1554566400,430,355,-75,785,14,-0.5564364569482873,0.3711861233018062
36,1554580800,380,440,60,820,14,-0.038545007359188664,0.4867885811945297
36,1554595200,205,419,214,624,14,0.5522348684683758,-0.16058518300472197
36,1554609600,58,274,216,332,14,0.5599073343882143,-1.1250399745668724
36,1554624000,118,89,-29,207,14,-0.37996974079200185,-1.5379058956123137
36,1554638400,282,151,-131,433,14,-0.7712655027037653,-0.791444310362156
36,1554652800,369,319,-50,688,14,-0.4605306329503061,0.05080216857054389
36,1554667200,304,392,88,696,14,0.06886951551855032,0.07722558751745212
36,1554681600,138,360,222,498,14,0.5829247321477298,-0.5767540314185267
36,1554696000,42,140,98,182,14,0.10723184511774281,-1.620479079821402
36,1554710400,391,109,-282,500,14,-1.3505366796515719,-0.5701481766817996
36,1554724800,525,293,-232,818,14,-1.1587250316556095,0.4801827264578027
36,1554739200,405,427,22,832,14,-0.18432185983612015,0.526423709614892
36,1554753600,414,822,408,1236,14,1.2964640626927102,1.860806366433758
36,1554768000,159,544,385,703,15,1.2843446536096008,0.10973005304179025
36,1554782400,44,154,110,198,15,0.17822424877842571,-1.5731147951262285
36,1554796800,425,137,-288,562,15,-1.4226336462136024,-0.3601335580308645
36,1554811200,571,318,-253,889,15,-1.2818546855987254,0.7295501357333773
36,1554825600,362,456,94,818,15,0.11386815249733916,0.49295214717906183
36,1554840000,390,808,418,1198,15,1.4170791021893419,1.7592512408500462
36,1554854400,132,569,437,701,15,1.4935019665231322,0.1030653209698377
36,1554868800,27,161,134,188,15,0.2747583932000555,-1.6064384554859912
36,1554883200,425,104,-321,529,15,-1.5553680947933433,-0.47010163721808157
36,1554897600,551,311,-240,862,15,-1.2295653573703427,0.6395762527620179
36,1554912000,398,369,-29,767,15,-0.3808693376635137,0.3230014793442718
36,1554926400,424,831,407,1255,15,1.3728342859960947,1.9491961049006938
36,1554940800,134,667,533,801,15,1.8796385442096513,0.43630192456746514
36,1554955200,36,157,121,193,15,0.2224690649716727,-1.5897766253061099
36,1554969600,420,98,-322,518,15,-1.5593903508109113,-0.5067576636138206
36,1554984000,546,320,-226,866,15,-1.173253773124392,0.652905716905923
36,1554998400,431,436,5,867,15,-0.2441126330662048,0.6562380829418993
36,1555012800,394,865,471,1259,15,1.630258671120441,1.962525569044599
36,1555027200,140,621,481,761,15,1.6704812312961201,0.3030072831284142
36,1555041600,35,180,145,215,15,0.31900320939330257,-1.5164645725146317
36,1555056000,434,125,-309,559,15,-1.5071010225825285,-0.3701306561387933
36,1555070400,548,313,-235,861,15,-1.209454077282503,0.6362438867260416
36,1555084800,447,448,1,895,15,-0.2602016571364764,0.749544331949235
36,1555099200,417,662,245,1079,15,0.7212288111500934,1.3626996825688695
36,1555113600,180,491,311,671,15,0.9866977083095755,0.003094339890549452
36,1555128000,40,221,181,261,15,0.4638044260257473,-1.363175734859723
36,1555142400,162,94,-68,256,15,-0.5377373223486622,-1.3798375650396046
36,1555156800,378,246,-132,624,15,-0.7951617074730084,-0.15352686380033545
36,1555171200,441,422,-19,863,15,-0.3406467774878346,0.6429086187979942
36,1555185600,366,426,60,792,15,-0.022888552099969768,0.4063106302436787
36,1555200000,219,491,272,710,15,0.829829723624427,0.13305661529362417
36,1555214400,71,233,162,304,15,0.387381561691957,-1.2198839953127434
36,1555228800,114,87,-27,201,15,-0.3728248256283779,-1.5631176970182996
36,1555243200,301,221,-80,522,15,-0.5860043945594772,-0.4934281994699155
36,1555257600,354,335,-19,689,15,-0.3406467774878346,0.0630769285381224
36,1555272000,284,426,142,710,15,0.30693644134059883,0.13305661529362417
36,1555286400,135,381,246,516,15,0.7252510671676613,-0.5134223956857731
36,1555300800,33,117,84,150,15,0.07364559232166006,-1.7330683648530896
36,1555315200,386,100,-286,486,15,-1.4145891341784664,-0.6133933767650613
36,1555329600,528,332,-196,860,15,-1.0525860925973547,0.6329115206900654
36,1555344000,432,421,-11,853,15,-0.30846872934729136,0.6095849584382315
36,1555358400,378,753,375,1131,15,1.2441220934339217,1.5359827164396358
36,1555372800,142,176,34,318,16,-0.042308783226200714,-0.42485713030353167
36,1555387200,106,305,199,411,16,0.6728128454508018,-0.19771615699863235
36,1555401600,422,109,-313,531,16,-1.546231238686321,0.09536896984639909
36,1555416000,538,275,-263,813,16,-1.3295277148448053,0.7841190179322229
36,1555430400,420,447,27,867,16,-0.07264727656401293,0.916007325012487
36,1555444800,410,792,382,1202,16,1.46594774271075,1.734203304121533
36,1555459200,181,563,382,744,16,1.46594774271075,0.6155950699963298
36,1555473600,29,175,146,204,16,0.4431071101787949,-0.7032880008063115
36,1555488000,412,97,-315,509,16,-1.5548993796399817,0.04163669659147666
36,1555502400,558,325,-233,883,16,-1.1995056005398956,0.9550853419251579
36,1555516800,395,449,54,844,16,0.04437262631040565,0.8598326757005227
36,1555531200,405,859,454,1264,16,1.7780008170425328,1.8856306196581327
36,1555545600,146,656,510,802,16,2.0207087637450307,0.7572528813047618
36,1555560000,33,160,127,193,16,0.36075977111901886,-0.7301541374337728
36,1555574400,534,101,-433,635,16,-2.066319695905959,0.3493760797787597
36,1555588800,586,331,-255,917,16,-1.2948551510301627,1.0381261278645835
36,1555603200,405,452,47,857,16,0.014034132972593422,0.8915835644420678
36,1555617600,401,767,366,1168,16,1.3966026150814648,1.6511625181821075
36,1555632000,155,664,509,819,16,2.0163746932682005,0.7987732742744745
36,1555646400,37,189,152,226,16,0.4691115330397768,-0.6495557275513891
36,1555660800,285,97,-188,382,16,-1.0044724290825313,-0.2685450626528483
36,1555675200,411,244,-167,655,16,-0.9134569490690946,0.39822360091959824
36,1555689600,383,430,47,813,16,0.014034132972593422,0.7841190179322229
36,1555704000,375,638,263,1013,16,0.9501933559679421,1.2725942293406087
36,1555718400,160,443,283,603,16,1.0368747655045485,0.2712200459534179
36,1555732800,0,0,0,0,16,-0.18966717943843153,-1.2015327164428649
36,1555747200,0,1,1,1,16,-0.1853331089616012,-1.199090340385823
36,1555761600,0,1,1,1,16,-0.1853331089616012,-1.199090340385823
36,1555776000,0,0,0,0,16,-0.18966717943843153,-1.2015327164428649
36,1555790400,1,0,-1,1,16,-0.19400124991526185,-1.199090340385823
36,1555804800,1,0,-1,1,16,-0.19400124991526185,-1.199090340385823
36,1555819200,0,0,0,0,16,-0.18966717943843153,-1.2015327164428649
36,1555833600,0,1,1,1,16,-0.1853331089616012,-1.199090340385823
36,1555848000,0,0,0,0,16,-0.18966717943843153,-1.2015327164428649
36,1555862400,0,0,0,0,16,-0.18966717943843153,-1.2015327164428649
36,1555876800,1,1,0,2,16,-0.18966717943843153,-1.196647964328781
36,1555891200,0,0,0,0,16,-0.18966717943843153,-1.2015327164428649
36,1555905600,0,3,3,3,16,-0.17666496800794057,-1.194205588271739
36,1555920000,305,78,-227,383,16,-1.1735011776789137,-0.2661026865958063
36,1555934400,473,320,-153,793,16,-0.8527799623934702,0.7352714967913844
36,1555948800,371,330,-41,701,16,-0.36736406898847457,0.5105728995435269
36,1555963200,331,771,440,1102,16,1.7173238303669083,1.4899656984173402
36,1555977600,129,509,380,638,17,1.3738139208503943,0.21840148952026123
36,1555992000,22,149,127,171,17,0.339291440306401,-1.0793043012856778
36,1556006400,373,116,-257,489,17,-1.2308928779896204,-0.19564168570476
36,1556020800,500,292,-208,792,17,-1.0305308165403886,0.6463387310280013
36,1556035200,391,388,-3,779,17,-0.19228137578339796,0.6102141586929323
36,1556049600,394,771,377,1165,17,1.3615468558637067,1.6828360757188263
36,1556064000,173,546,373,719,17,1.3451907692147897,0.4434853633003063
36,1556078400,30,181,151,211,17,0.4374279601999023,-0.9681517710239271
36,1556092800,328,108,-220,436,17,-1.0795990764871393,-0.3429187883015796
36,1556107200,468,297,-171,765,17,-0.8792370150379073,0.5713107731013196
36,1556121600,409,431,22,840,17,-0.09005583422766741,0.7797217673421021
36,1556136000,383,804,421,1187,17,1.5414638090017925,1.743969967362789
36,1556150400,144,582,438,726,17,1.6109771772596893,0.4629370560961127
36,1556164800,34,190,156,224,17,0.4578730685110484,-0.9320271986888582
36,1556179200,332,99,-233,431,17,-1.132756358096119,-0.35681285458429846
36,1556193600,495,325,-170,820,17,-0.8751479933756781,0.7241455022112268
36,1556208000,403,353,-50,756,17,-0.3844653939081714,0.5463014537924257
36,1556222400,371,739,368,1110,17,1.3247456609036437,1.530001346608919
36,1556236800,144,566,422,710,17,1.5455528306640216,0.4184760439914124
36,1556251200,47,193,146,240,17,0.4169828518887562,-0.8875661865841579
36,1556265600,320,109,-211,429,17,-1.0427978815270762,-0.362370481097386
36,1556280000,442,314,-128,756,17,-0.7034090835620508,0.5463014537924257
36,1556294400,345,434,89,779,17,0.1839086171416905,0.6102141586929323
36,1556308800,326,756,430,1082,17,1.5782650039618553,1.4521945754256935
36,1556323200,126,421,295,547,17,1.0262470795609104,-0.034470516825221544
36,1556337600,0,0,0,0,17,-0.1800143107967103,-1.5544813681546619
36,1556352000,0,1,1,1,17,-0.17592528913448108,-1.551702554898118
36,1556366400,0,0,0,0,17,-0.1800143107967103,-1.5544813681546619
36,1556380800,5,1,-4,6,17,-0.1963703974456272,-1.5378084886153993
36,1556395200,1,4,3,5,17,-0.16774724581002265,-1.5405873018719431
36,1556409600,26,98,72,124,17,0.11439524888379372,-1.2099085243432348
36,1556424000,28,138,110,166,17,0.2697780720485042,-1.0931983675683967
36,1556438400,107,54,-53,161,17,-0.3967324588948591,-1.1070924338511154
36,1556452800,264,107,-157,371,17,-0.8219907117666982,-0.5235416499769244
36,1556467200,396,276,-120,672,17,-0.670696910264217,0.31288114024274927
36,1556481600,426,336,-90,762,17,-0.5480262603973403,0.5629743333316882
36,1556496000,127,307,180,434,17,0.5560095884045498,-0.3484764148146672
36,1556510400,63,101,38,164,17,-0.02463148763199985,-1.0987559940814842
36,1556524800,665,112,-553,777,17,-2.4412432900094703,0.6046565321798448
36,1556539200,762,270,-492,1032,17,-2.1918129686134877,1.3132539125985052
36,1556553600,410,409,-1,819,17,-0.18410333245893953,0.7213666889546829
36,1556568000,414,785,371,1199,17,1.3370127258903313,1.7773157264413142
36,1556582400,123,535,412,658,18,1.3951997159835443,0.05479371989650853
36,1556596800,36,155,119,191,18,0.2097182753363375,-1.5095789468431076
36,1556611200,405,120,-285,525,18,-1.4248704687642482,-0.3907342558558875
36,1556625600,512,161,-351,673,18,-1.6919072437905813,0.10504123595880883
36,1556640000,385,386,1,771,18,-0.26771111031680384,0.4333250075658375
36,1556654400,426,709,283,1135,18,0.8732642011593474,1.652664730677658
36,1556668800,153,597,444,750,18,1.5246720917538876,0.3629784850786171
36,1556683200,46,165,119,211,18,0.2097182753363375,-1.4425822587600405
36,1556697600,427,136,-291,563,18,-1.4491465392211875,-0.26344054849806003
36,1556712000,537,328,-209,865,18,-1.1173735763096826,0.7482094415562527
36,1556726400,422,453,31,875,18,-0.1463307580321069,0.7817077855977862
36,1556740800,405,822,417,1227,18,1.4154297746976605,1.9608494958597666
36,1556755200,130,585,455,715,18,1.5691782209249432,0.24573428093324967
36,1556769600,34,196,162,230,18,0.38369678027773646,-1.3789354050811267
36,1556784000,460,129,-331,589,18,-1.6109870089341167,-0.17634485399007285
36,1556798400,548,300,-248,848,18,-1.2751680342797886,0.6912622566856457
36,1556812800,378,457,79,835,18,0.04787780562340822,0.6477144094316521
36,1556827200,417,784,367,1201,18,1.213129187556499,1.8737538013517794
36,1556841600,135,550,415,685,18,1.407337751212014,0.14523924880864908
36,1556856000,43,193,150,236,18,0.3351446393638577,-1.3588363986562066
36,1556870400,437,108,-329,545,18,-1.6028949854484704,-0.3237375677728204
36,1556884800,515,309,-206,824,18,-1.105235541081213,0.6108662309859653
36,1556899200,401,462,61,863,18,-0.02495040574740995,0.741509772747946
36,1556913600,390,833,443,1223,18,1.5206260800110645,1.9474501582431534
36,1556928000,165,589,424,754,18,1.443751856897423,0.37637782269523046
36,1556942400,47,191,144,238,18,0.3108685689069183,-1.3521367298479
36,1556956800,143,100,-43,243,18,-0.44573562700102604,-1.3353875578271333
36,1556971200,346,235,-111,581,18,-0.7208644255130059,-0.20314352922329967
36,1556985600,391,324,-67,715,18,-0.5428399088287836,0.24573428093324967
36,1557000000,301,385,84,686,18,0.06810786433752437,0.14858908321280243
36,1557014400,162,417,255,579,18,0.759975872360297,-0.2098431980316064
36,1557028800,57,254,197,311,18,0.5253071912765495,-1.1075988183447052
36,1557043200,99,72,-27,171,18,-0.3809994391158543,-1.5765756349261746
36,1557057600,224,164,-60,388,18,-0.514517826629021,-0.8496615692248969
36,1557072000,298,285,-13,583,18,-0.3243552747163291,-0.19644386041499298
36,1557086400,197,386,189,583,18,0.4929390973339637,-0.19644386041499298
36,1557100800,96,287,191,383,18,0.5010311208196102,-0.8664107412456636
36,1557115200,35,107,72,142,18,0.019555723423645602,-1.673720832646622
36,1557129600,436,116,-320,552,18,-1.5664808797630612,-0.3002887269437469
36,1557144000,489,282,-207,771,18,-1.109281552824036,0.4333250075658375
36,1557158400,382,439,57,821,18,-0.04113445271870288,0.6008167277735051
36,1557172800,431,779,348,1210,18,1.1362549644428575,1.9039023109891597
36,1557187200,133,513,380,646,19,1.2270206695314885,-0.02695791922301375
36,1557201600,37,213,176,250,19,0.4086248189518688,-1.3774522340337472
36,1557216000,450,130,-320,580,19,-1.5812003863789705,-0.2520403050248027
36,1557230400,554,229,-325,783,19,-1.6012591082069023,0.44025854827463895
36,1557244800,395,421,26,816,19,-0.19313683588608666,0.5527997411755334
36,1557259200,416,789,373,1205,19,1.1989384589723837,1.879421681734562
36,1557273600,150,640,490,790,19,1.6683125497459892,0.46413092252634386
36,1557288000,42,190,148,232,19,0.2962959767154505,-1.4388383392524169
36,1557302400,427,131,-296,558,19,-1.4849185216048977,-0.3270677669587323
36,1557316800,526,313,-213,839,19,-1.1519437392612288,0.631237542288278
36,1557331200,412,469,57,881,19,-0.06877276055290918,0.7744717877985073
36,1557345600,412,810,398,1222,19,1.299232068112043,1.9373974477744167
36,1557360000,141,642,501,783,19,1.7124417377674392,0.44025854827463895
36,1557374400,34,166,132,200,19,0.23210806686606855,-1.5479691929744963
36,1557388800,437,121,-316,558,19,-1.565153408916625,-0.3270677669587323
36,1557403200,569,335,-234,904,19,-1.2361903709385427,0.8529095889112519
36,1557417600,402,461,59,863,19,-0.06074927182173644,0.7130856825798376
36,1557432000,416,779,363,1195,19,1.1588210153165202,1.845318289946412
36,1557446400,169,618,449,787,19,1.503831030756948,0.4538999049898989
36,1557460800,45,206,161,251,19,0.3484486534680733,-1.3740418948549322
36,1557475200,412,121,-291,533,19,-1.4648597997769657,-0.41232624642910687
36,1557489600,544,332,-212,876,19,-1.1479319948956426,0.7574200919044324
36,1557504000,423,463,40,886,19,-0.13697241476787747,0.7915234836925823
36,1557518400,421,745,324,1166,19,1.0023629850586515,1.7464184537607776
36,1557532800,181,559,378,740,19,1.2189971808003157,0.29361396358559466
36,1557547200,53,262,209,315,19,0.541012383016219,-1.1557801874107732
36,1557561600,158,114,-44,272,19,-0.4739589414771325,-1.3024247720998174
36,1557576000,337,217,-120,554,19,-0.7788515132616967,-0.3407091236739922
36,1557590400,396,325,-71,721,19,-0.5822760393479646,0.22881751918811
36,1557604800,329,444,115,773,19,0.16390841265110026,0.40615515648648914
36,1557619200,180,416,236,596,19,0.649329480887051,-0.1974748781637629
36,1557633600,54,235,181,289,19,0.4286835407798007,-1.244449006059963
36,1557648000,97,75,-22,172,19,-0.3857005654342324,-1.643458689981316
36,1557662400,206,162,-44,368,19,-0.4739589414771325,-0.9750322109335792
36,1557676800,265,255,-10,520,19,-0.33755963304719594,-0.4566606557537016
36,1557691200,194,364,170,558,19,0.3845543527583506,-0.3270677669587323
36,1557705600,102,363,261,465,19,0.7496230900267102,-0.6442293105885257
36,1557720000,26,115,89,141,19,0.059603059145854655,-1.7491792045245804
36,1557734400,433,113,-320,546,19,-1.5812003863789705,-0.3679918371045121
36,1557748800,508,283,-225,791,19,-1.2000846716482654,0.46754126170515886
36,1557763200,357,411,54,768,19,-0.08080799364966829,0.38910346059241424
36,1557777600,332,739,407,1071,19,1.3353377674023204,1.422436231773354
36,1557792000,118,537,419,655,20,1.5918902298339168,0.27796924941834555
36,1557806400,27,127,100,154,20,0.23330410807223342,-0.7866897758104888
36,1557820800,449,104,-345,553,20,-1.6619022373319958,0.06121232212624756
36,1557835200,538,297,-241,835,20,-1.218977608293704,0.6604814740514597
36,1557849600,415,444,29,859,20,-0.0690771290596773,0.7114831040025416
36,1557864000,376,733,357,1109,20,1.3278390086764735,1.2427500826596445
36,1557878400,122,612,490,734,20,1.8942714669658274,0.4458496146739901
36,1557892800,36,145,109,181,20,0.271634124046701,-0.7293129421155217
36,1557907200,467,120,-347,587,20,-1.6704200186596554,0.13346463122361357
36,1557921600,529,321,-208,850,20,-1.078434216387323,0.6923574927708859
36,1557936000,430,457,27,887,20,-0.07759491038733676,0.7709850056121371
36,1557950400,454,807,353,1261,20,1.3108034460211546,1.565760405683163
36,1557964800,163,532,369,695,20,1.3789456966424303,0.362971966003482
36,1557979200,28,170,142,198,20,0.41217751595308205,-0.6931867875668387
36,1557993600,444,132,-312,576,20,-1.5213588454256148,0.11008888416270103
36,1558008000,552,330,-222,882,20,-1.1380586856809394,0.7603596660389951
36,1558022400,413,430,17,843,20,-0.12018381702563405,0.677482017368487
36,1558036800,410,838,428,1248,20,1.6302202458083843,1.538134522792994
36,1558051200,168,564,396,732,20,1.493935744565833,0.4415994788447333
36,1558065600,33,191,158,224,20,0.4803197665743577,-0.6379350217865
36,1558080000,417,102,-315,519,20,-1.534135517417104,-0.01103998697111844
36,1558094400,548,355,-193,903,20,-1.014550856429877,0.8049860922461918
36,1558108800,430,453,23,883,20,-0.09463047304265568,0.7624847339536235
36,1558123200,391,730,339,1121,20,1.2511789767275385,1.2682508976351856
36,1558137600,154,530,376,684,20,1.4087579312892384,0.3395962189425695
36,1558152000,0,1,1,1,20,-0.1883260676469097,-1.1118251667486359
36,1558166400,0,2,2,2,20,-0.18406717698307998,-1.1097000988340073
36,1558180800,0,0,0,0,20,-0.19258495831073943,-1.1139502346632641
36,1558195200,0,0,0,0,20,-0.19258495831073943,-1.1139502346632641
36,1558209600,0,1,1,1,20,-0.1883260676469097,-1.1118251667486359
36,1558224000,0,1,1,1,20,-0.1883260676469097,-1.1118251667486359
36,1558238400,0,0,0,0,20,-0.19258495831073943,-1.1139502346632641
36,1558252800,0,0,0,0,20,-0.19258495831073943,-1.1139502346632641
36,1558267200,11,2,-9,13,20,-0.230914974285207,-1.086324351773095
36,1558281600,10,2,-8,12,20,-0.22665608362137726,-1.0884494196877232
36,1558296000,0,2,2,2,20,-0.18406717698307998,-1.1097000988340073
36,1558310400,0,4,4,4,20,-0.17554939565542052,-1.1054499630047505
36,1558324800,0,2,2,2,20,-0.18406717698307998,-1.1097000988340073
36,1558339200,381,94,-287,475,20,-1.4148865788298717,-0.10454297521476856
36,1558353600,500,325,-175,825,20,-0.937890824480942,0.6392307949051756
36,1558382400,805,1176,371,1981,20,1.3874634779700898,3.09580930421562
36,1558396800,138,645,507,783,21,1.8504394781996714,0.5025986285109577
36,1558411200,36,152,116,188,21,0.1855305854210716,-1.5403323614839726
36,1558425600,438,104,-334,542,21,-1.7306049689277008,-0.32487425987354346
36,1558440000,524,336,-188,860,21,-1.1089254335167658,0.766977933098537
36,1558454400,418,383,-35,801,21,-0.4574393450381831,0.5644015828301321
36,1558468800,406,827,421,1233,21,1.4842446833685727,2.047672486490317
36,1558483200,136,625,489,761,21,1.7737940560257206,0.42706168434307795
36,1558497600,30,186,156,216,21,0.35585374580762913,-1.4441944325430347
36,1558512000,432,106,-326,538,21,-1.6965403368503893,-0.3386082497222489
36,1558526400,563,293,-270,856,21,-1.4580879123092088,0.7532439432498316
36,1558540800,421,414,-7,835,21,-0.33821313276759285,0.6811404965441281
36,1558555200,430,771,341,1201,21,1.1435983625954576,1.9378005677006735
36,1558569600,153,582,429,735,21,1.5183093154458842,0.3377907503264928
36,1558584000,38,220,182,258,21,0.46656380005889153,-1.2999875391316278
36,1558598400,419,102,-317,521,21,-1.6582176257634138,-0.39697770657924686
36,1558612800,508,364,-144,872,21,-0.9215699570915524,0.8081799026446532
36,1558627200,417,410,-7,827,21,-0.33821313276759285,0.6536725168467173
36,1558641600,369,823,454,1192,21,1.6247612906874827,1.9068990905410863
36,1558656000,154,651,497,805,21,1.807858688103032,0.5781355726788375
36,1558670400,42,205,163,247,21,0.3856602988752767,-1.3377560112155678
36,1558684800,421,128,-293,549,21,-1.5560237295314792,-0.300839777638309
36,1558699200,515,366,-149,881,21,-0.9428603521398722,0.8390813798042404
36,1558713600,432,475,43,907,21,-0.12530918228439591,0.9283523138208256
36,1558728000,455,711,256,1166,21,0.781661646774023,1.8176281565245012
36,1558742400,198,594,396,792,21,1.3777927081269743,0.533500105670545
36,1558756800,52,200,148,252,21,0.3217891137303176,-1.320588523904686
36,1558771200,138,115,-23,253,21,-0.40634239692221585,-1.3171550264425096
36,1558785600,335,274,-61,609,21,-0.5681493992894455,-0.09482992990772778
36,1558800000,406,266,-140,672,21,-0.9045376410528967,0.12148041020938251
36,1558814400,346,398,52,744,21,-0.08698647119742046,0.36869222748608
36,1558828800,190,400,210,590,21,0.5857900123294817,-0.1600663816890785
36,1558843200,47,198,151,245,21,0.33456335075930943,-1.3446230061399205
36,1558857600,108,76,-32,184,21,-0.4446651080091913,-1.554066351332678
36,1558872000,250,202,-48,452,21,-0.5127943721638143,-0.6338890314694153
36,1558886400,312,314,2,626,21,-0.29989042168061736,-0.036460473050729754
36,1558900800,261,408,147,669,21,0.3175310347206537,0.11117991782285344
36,1558915200,161,404,243,565,21,0.7263066196483917,-0.24590381824348734
36,1558929600,55,158,103,213,21,0.1301755582954404,-1.4544949249295638
36,1558944000,138,78,-60,216,21,-0.5638913202797816,-1.4441944325430347
36,1558958400,291,189,-102,480,21,-0.742730638685667,-0.5377511025284774
36,1558972800,353,339,-14,692,21,-0.3680196858352404,0.1901503594529096
36,1558987200,312,398,86,710,21,0.05778821513115344,0.25195331377208396
36,1559001600,169,375,206,544,22,0.6685350787861613,0.09943096743114556
36,1559016000,37,148,111,185,22,0.2624679507062734,-0.7696821496278766
36,1559030400,427,130,-297,557,22,-1.4814835046262975,0.13090303016587337
36,1559044800,501,271,-230,772,22,-1.1950993195594293,0.6514025292402181
36,1559059200,394,346,-48,740,22,-0.41716018997480214,0.5739328363547342
36,1559073600,369,886,517,1255,22,1.9978706243950575,1.8207107062304904
36,1559088000,133,582,449,715,22,1.7072120485062956,0.51340963878795
36,1559102400,28,187,159,215,22,0.4676387101571641,-0.6970543125477355
36,1559116800,428,118,-310,546,22,-1.5370505853109138,0.1042728232364883
36,1559131200,495,326,-169,821,22,-0.9343614794239224,0.7700279964711153
36,1559145600,426,393,-33,819,22,-0.35304432764639876,0.7651861406657726
36,1559160000,359,784,425,1143,22,1.6046266687808501,1.5495667811312968
36,1559174400,125,536,411,661,22,1.5447851972743405,0.382679532043696
36,1559188800,30,162,132,192,22,0.352230157966038,-0.752735654309177
36,1559203200,435,132,-303,567,22,-1.5071298495576588,0.1551123091925871
36,1559217600,515,287,-228,802,22,-1.1865505379156422,0.7240303663203593
36,1559232000,418,427,9,845,22,-0.17351991312686937,0.8281302661352282
36,1559246400,363,856,493,1219,22,1.895285244669612,1.733557301734321
36,1559260800,127,615,488,742,22,1.8739132905601443,0.578774692160077
36,1559275200,33,195,162,228,22,0.4804618826228447,-0.6655822498130077
36,1559289600,430,138,-292,568,22,-1.4601115505168298,0.15753323709525846
36,1559304000,555,324,-231,879,22,-1.199373710381323,0.9104418148260549
36,1559318400,446,502,56,948,22,0.02737645550212778,1.0774858401103795
36,1559332800,411,749,338,1160,22,1.2327546672761107,1.5907225554767102
36,1559347200,190,538,348,728,22,1.2754985754950463,0.5448817015226778
36,1559361600,0,0,0,0,22,-0.2119894305239114,-1.2175538116220803
36,1559376000,0,3,3,3,22,-0.1991662580582307,-1.2102910279140662
36,1559390400,0,4,4,4,22,-0.19489186723633717,-1.2078701000113947
36,1559404800,0,4,4,4,22,-0.19489186723633717,-1.2078701000113947
36,1559419200,1,2,1,3,22,-0.20771503970201782,-1.2102910279140662
36,1559433600,0,1,1,1,22,-0.20771503970201782,-1.2151328837194089
36,1559448000,0,0,0,0,22,-0.2119894305239114,-1.2175538116220803
36,1559462400,0,0,0,0,22,-0.2119894305239114,-1.2175538116220803
36,1559476800,0,1,1,1,22,-0.20771503970201782,-1.2151328837194089
36,1559491200,0,0,0,0,22,-0.2119894305239114,-1.2175538116220803
36,1559505600,1,0,-1,1,22,-0.21626382134580494,-1.2151328837194089
36,1559520000,0,0,0,0,22,-0.2119894305239114,-1.2175538116220803
36,1559534400,0,0,0,0,22,-0.2119894305239114,-1.2175538116220803
36,1559548800,379,132,-247,511,22,-1.2677639635316198,0.019540346642990314
36,1559563200,492,303,-189,795,22,-1.0198492958617935,0.7070838710016597
36,1559577600,415,458,43,873,22,-0.028190625182488455,0.8959162474100266
36,1559592000,388,688,300,1076,22,1.0703278160441556,1.3873646116523148
36,1559606400,158,492,334,650,23,1.0306967629625616,-0.14891684844184566
36,1559620800,39,169,130,208,23,0.18513856063938774,-1.6864543203408557
36,1559635200,343,105,-238,448,23,-1.3401821180612394,-0.8515923446490855
36,1559649600,470,285,-185,755,23,-1.12050278118316,0.21633526592330377
36,1559664000,389,449,60,838,23,-0.10500395976562288,0.5050583658500409
36,1559678400,373,750,377,1123,23,1.208927168354211,1.496456961984018
36,1559692800,152,509,357,661,23,1.1260293053813508,-0.11065234122263953
36,1559707200,36,229,193,265,23,0.4462668290038973,-1.4881746011140602
36,1559721600,399,141,-258,540,23,-1.4230799810340997,-0.531561920633907
36,1559736000,490,305,-185,795,23,-1.12050278118316,0.3554789285385988
36,1559750400,432,444,12,876,23,-0.3039588309004873,0.6372448453345713
36,1559764800,361,801,440,1162,23,1.4700554367187206,1.6321220330339306
36,1559779200,143,581,438,724,23,1.4617656504214347,0.10849892739645013
36,1559793600,36,200,164,236,23,0.3260649276932501,-1.5890537565101492
36,1559808000,381,113,-268,494,23,-1.4645289125205299,-0.6915771326414962
36,1559822400,500,300,-200,800,23,-1.1826761784128053,0.37287188636551066
36,1559836800,407,402,-5,809,23,-0.37442201442741846,0.40417921045395205
36,1559851200,414,844,430,1258,23,1.4286065052322905,1.9660668233106386
36,1559865600,167,563,396,730,23,1.2876801381784282,0.1293704767887444
36,1559880000,48,280,232,328,23,0.6079176618009747,-1.2690233324949707
36,1559894400,409,119,-290,528,23,-1.555716561790676,-0.5733050194184954
36,1559908800,475,369,-106,844,23,-0.7930562224403623,0.5259299152423352
36,1559923200,440,439,-1,879,23,-0.3578424418328464,0.6476806200307184
36,1559937600,410,747,337,1157,23,1.0431314424084908,1.6147290752070187
36,1559952000,207,680,473,887,23,1.60683691062394,0.6755093525537773
36,1559966400,64,274,210,338,23,0.5167300125308285,-1.2342374168411467
36,1559980800,202,124,-78,326,23,-0.6769992142783581,-1.2759805156257353
36,1559995200,452,315,-137,767,23,-0.9215479100482956,0.2580783647078923
36,1560009600,604,478,-126,1082,23,-0.8759540854132225,1.3538347078033406
36,1560024000,460,509,49,969,23,-0.15059778440069596,0.9607538609151322
36,1560038400,251,551,300,802,23,0.8897703959086993,0.37982906949627543
36,1560052800,106,318,212,424,23,0.5250197988281144,-0.9350785422182626
36,1560067200,135,109,-26,244,23,-0.46146477054892165,-1.5612250239870902
36,1560081600,324,226,-98,550,23,-0.7598970772512182,-0.49677600498008323
36,1560096000,409,381,-28,790,23,-0.46975455684620765,0.33808597071168695
36,1560110400,304,489,185,793,23,0.41310768381475327,0.34852174540783404
36,1560124800,177,400,223,577,23,0.5706136234631877,-0.40285403271475906
36,1560139200,36,158,122,194,23,0.15197941545024368,-1.735154602256209
36,1560153600,382,112,-270,494,23,-1.4728186988178158,-0.6915771326414962
36,1560168000,466,285,-181,751,23,-1.103923208588588,0.2024208996617743
36,1560182400,374,390,16,764,23,-0.28737925830591526,0.24764259001174516
36,1560196800,332,906,574,1238,23,2.025471118636884,1.8964949920029912
36,1560211200,104,463,359,567,24,1.1820210216940819,-0.31960994644575264
36,1560225600,1,122,121,123,24,0.20379672787828998,-1.6067466015198042
36,1560240000,325,194,-131,519,24,-0.831970171456078,-0.45875985510240685
36,1560254400,488,342,-146,830,24,-0.8936229630831237,0.4428155947354986
36,1560268800,419,409,-10,828,24,-0.3346376523312426,0.43701768187480466
36,1560283200,384,818,434,1202,24,1.4902849798293105,1.5212273868245687
36,1560297600,146,526,380,672,24,1.268334929971946,-0.015219521259321555
36,1560312000,0,90,90,90,24,0.07638095851572883,-1.702412163721254
36,1560326400,378,182,-196,560,24,-1.0991322685066094,-0.3399026414581814
36,1560340800,510,306,-204,816,24,-1.1320137573743672,0.4022302047106411
36,1560355200,425,430,5,855,24,-0.27298486070419686,0.5152895054941726
36,1560369600,375,760,385,1135,24,1.2888858605142943,1.3269973059913223
36,1560384000,159,492,333,651,24,1.0751561828738694,-0.07609760629660778
36,1560398400,14,76,62,90,24,-0.03870425252142316,-1.702412163721254
36,1560412800,393,140,-253,533,24,-1.3334128766893831,-0.4181744650775494
36,1560427200,492,282,-210,774,24,-1.1566748740251855,0.2804740346360686
36,1560441600,396,439,43,835,24,-0.11679778858234773,0.45731037688723336
36,1560456000,401,861,460,1262,24,1.597149818649523,1.6951647726453865
36,1560470400,97,403,306,500,24,0.964181157945187,-0.5138400272789991
36,1560484800,0,3,3,3,24,-0.2812052329211363,-1.9546213731614397
36,1560499200,395,105,-290,500,24,-1.4854897627027626,-0.5138400272789991
36,1560513600,531,311,-220,842,24,-1.1977767351098827,0.4776030718996621
36,1560528000,438,473,35,911,24,-0.14967927745010545,0.6776310655936025
36,1560542400,399,757,358,1156,24,1.177910835585612,1.3878753910286084
36,1561161600,8861,3406,-5455,12267,25,-4.108098834605072,4.088702045582042
36,1561176000,0,1,1,1,25,0.24090265673779312,-0.3100834144029884
36,1561190400,0,1,1,1,25,0.24090265673779312,-0.3100834144029884
36,1561204800,0,0,0,0,25,0.2401055523588813,-0.3104420305337552
36,1561219200,0,0,0,0,25,0.2401055523588813,-0.3104420305337552
36,1561233600,0,2,2,2,25,0.24169976111670494,-0.30972479827222166
36,1561248000,0,0,0,0,25,0.2401055523588813,-0.3104420305337552
36,1561262400,0,0,0,0,25,0.2401055523588813,-0.3104420305337552
36,1561276800,1,1,0,2,25,0.2401055523588813,-0.30972479827222166
36,1561291200,0,0,0,0,25,0.2401055523588813,-0.3104420305337552
36,1561305600,1,2,1,3,25,0.24090265673779312,-0.3093661821414549
36,1561320000,0,0,0,0,25,0.2401055523588813,-0.3104420305337552
36,1561334400,0,0,0,0,25,0.2401055523588813,-0.3104420305337552
36,1561348800,0,0,0,0,25,0.2401055523588813,-0.3104420305337552
36,1561363200,343,123,-220,466,25,0.0647425889982819,-0.14332691359644684
36,1561377600,490,330,-160,820,25,0.11256885173299083,-0.016376803305015182
36,1561392000,408,456,48,864,25,0.27836656254664843,-0.0005976935512779132
36,1561406400,398,758,360,1156,25,0.5270631287671348,0.10411821663261486
36,1561420800,136,387,251,523,26,0.9297470856078051,-0.2910517511256324
36,1561435200,22,80,58,102,26,-0.08037620563155534,-1.700631883528654
36,1561449600,319,167,-152,486,26,-1.179474087290963,-0.41493409055297636
36,1561464000,475,367,-108,842,26,-0.9491869120861347,0.7770149050182248
36,1561478400,403,440,37,843,26,-0.1902859937974961,0.780363076354099
36,1561492800,383,771,388,1154,26,1.6467776084046566,1.8216443618109628
36,1561507200,134,390,256,524,26,0.9559160827901718,-0.28770357978975825
36,1561521600,21,101,80,122,26,0.03476738197085879,-1.6336684568111708
36,1561536000,358,153,-205,511,26,-1.4568654574240518,-0.3312298071561224
36,1561550400,551,332,-219,883,26,-1.530138649534679,0.9142899297890653
36,1561564800,432,437,5,869,26,-0.35776757576464396,0.8674155310868271
36,1561579200,346,722,376,1068,26,1.583972015166976,1.533701626925785
36,1561593600,128,444,316,572,26,1.269944048978574,-0.12699135566779857
36,1561608000,23,94,71,117,26,-0.012336812957401536,-1.6504093134905415
36,1561622400,313,137,-176,450,26,-1.3050852737663239,-0.5354682586444461
36,1561636800,486,352,-134,838,26,-1.0852656974344423,0.7636222196747281
36,1561651200,377,437,60,814,26,-0.0699086067586086,0.6832661076137483
36,1561665600,356,771,415,1127,26,1.7880901931894375,1.7312437357423605
36,1561680000,145,454,309,599,26,1.2333074529232604,-0.03659072959919624
36,1561694400,26,115,89,141,26,0.08187157689911911,-1.5700532014295616
36,1561708800,326,140,-186,466,26,-1.3574232681310576,-0.4818975172704596
36,1561723200,466,316,-150,782,26,-1.1690064884180162,0.5761246248657751
36,1561737600,409,420,11,829,26,-0.3263647791458037,0.7334886776518607
36,1561752000,380,756,376,1136,26,1.583972015166976,1.761377277765228
36,1561766400,196,484,288,680,26,1.1233976647573196,0.23461114860661075
36,1561780800,60,249,189,309,26,0.6052515205464561,-1.0075604170027028
36,1561795200,112,79,-33,191,26,-0.556651954350632,-1.4026446346358536
36,1561809600,283,249,-34,532,26,-0.5618857537871054,-0.260918209102765
36,1561824000,371,298,-73,669,26,-0.7660039318095668,0.197781263911995
36,1561838400,303,415,112,718,26,0.20224896393800662,0.36184165936982887
36,1561852800,189,362,173,551,26,0.5215107295628821,-0.19730295372115594
36,1561867200,48,223,175,271,26,0.5319783284358289,-1.134790927765921
36,1561881600,88,92,4,180,26,-0.3630013752011173,-1.4394745193304694
36,1561896000,273,176,-97,449,26,-0.8916151182849277,-0.5388164299803203
36,1561910400,334,298,-36,632,26,-0.572353352660052,0.07389892448465106
36,1561924800,228,410,182,638,26,0.5686149244911425,0.09398795249989603
36,1561939200,155,376,221,531,26,0.7727331025136039,-0.26426638043863915
36,1561953600,34,156,122,190,26,0.2545869583027403,-1.405992805971728
36,1561968000,340,137,-203,477,26,-1.446397858551105,-0.4450676325758438
36,1561982400,489,308,-181,797,26,-1.3312542709486908,0.6263471949038876
36,1561996800,375,449,74,824,26,0.003364585352018574,0.7167478209724899
36,1562011200,375,805,430,1180,26,1.8665971847365381,1.908696816543691
36,1562025600,190,503,313,693,27,1.4785721047954783,0.6939669662834576
36,1562040000,32,191,159,223,27,0.5846289029056715,-0.5827252904206852
36,1562054400,310,130,-180,440,27,-1.3832071064491631,0.006726240866121132
36,1562068800,507,337,-170,844,27,-1.3251588465861885,1.1041383083309588
36,1562083200,397,507,110,904,27,0.3001924295770966,1.267120298548509
36,1562097600,354,764,410,1118,27,2.0416402254663306,1.8484227303244378
36,1562112000,163,552,389,715,27,1.9197388797540844,0.753727029363226
36,1562126400,38,239,201,277,27,0.8284315943301642,-0.4360414992248901
36,1562140800,316,116,-200,432,27,-1.499303626175112,-0.015004691162885555
36,1562155200,477,322,-155,799,27,-1.238086456791727,0.9819018156677962
36,1562169600,392,465,73,857,27,0.08541386808409102,1.1394510728780947
36,1562184000,372,699,327,1071,27,1.5598396686036426,1.7207535046540234
36,1562198400,174,570,396,744,27,1.9603726616581665,0.8325016579683752
36,1562212800,46,180,134,226,27,0.43950825324823534,-0.5745761909098077
36,1562227200,132,88,-44,220,27,-0.5937507723127102,-0.5908743899315627
36,1562241600,259,215,-44,474,27,-0.5937507723127102,0.09908270198939954
36,1562256000,356,318,-38,674,27,-0.5589218163949256,0.6423560027145667
36,1562270400,249,355,106,604,27,0.27697312563190674,0.4522103474607582
36,1562284800,143,385,242,528,27,1.0664294597683597,0.2457664931851947
36,1562299200,42,176,134,218,27,0.43950825324823534,-0.5963071229388144
36,1562313600,241,89,-152,330,27,-1.2206719788328346,-0.29207407453272083
36,1562328000,391,311,-80,702,27,-0.8027245078194183,0.7184142648160902
36,1562342400,381,433,52,814,27,-0.03648747762815537,1.0226473132221838
36,1562356800,328,599,271,927,27,1.2347694133709857,1.3295967281319032
36,1562371200,139,395,256,534,27,1.1476970235765238,0.2620646922069497
36,1562385600,0,0,0,0,27,-0.3383384289156226,-1.1884750207292467
36,1562400000,0,0,0,0,27,-0.3383384289156226,-1.1884750207292467
36,1562414400,0,0,0,0,27,-0.3383384289156226,-1.1884750207292467
36,1562428800,0,0,0,0,27,-0.3383384289156226,-1.1884750207292467
36,1562443200,0,0,0,0,27,-0.3383384289156226,-1.1884750207292467
36,1562457600,0,0,0,0,27,-0.3383384289156226,-1.1884750207292467
36,1562472000,0,0,0,0,27,-0.3383384289156226,-1.1884750207292467
36,1562486400,0,0,0,0,27,-0.3383384289156226,-1.1884750207292467
36,1562500800,0,0,0,0,27,-0.3383384289156226,-1.1884750207292467
36,1562515200,0,0,0,0,27,-0.3383384289156226,-1.1884750207292467
36,1562529600,0,0,0,0,27,-0.3383384289156226,-1.1884750207292467
36,1562544000,0,0,0,0,27,-0.3383384289156226,-1.1884750207292467
36,1562558400,0,0,0,0,27,-0.3383384289156226,-1.1884750207292467
36,1562572800,305,86,-219,391,27,-1.6095953199147635,-0.12637571781154483
36,1562587200,496,293,-203,789,27,-1.5167181041340043,0.9547381506315378
36,1562601600,372,374,2,746,27,-0.3267287769430277,0.8379343909756269
36,1562616000,362,720,358,1082,27,1.7397892741788634,1.7506335361939078
36,1562630400,162,547,385,709,28,1.6324610683270193,0.4657667474658921
36,1562644800,35,185,150,220,28,0.49962054632830727,-1.1135493264080545
36,1562659200,373,114,-259,487,28,-1.4720040217460466,-0.2512233719615438
36,1562673600,524,307,-217,831,28,-1.2695389071760639,0.8597883446287172
36,1562688000,409,387,-22,796,28,-0.3295223038154308,0.7467493618361034
36,1562702400,213,523,310,736,28,1.270916220880622,0.552968248477337
36,1562716800,175,496,321,671,28,1.3239427985060936,0.34303870900534
36,1562731200,38,89,51,127,28,0.022381347699062713,-1.4139100521141426
36,1562745600,348,74,-274,422,28,-1.544312991235326,-0.4611529114335408
36,1562760000,521,356,-165,877,28,-1.0188678129465618,1.0083538648704382
36,1562774400,402,376,-26,778,28,-0.34880469567923866,0.6886150278284735
36,1562788800,362,750,388,1112,28,1.6469228622248753,1.7673298921922735
36,1562803200,170,574,404,744,28,1.7240524296801067,0.5788057302585059
36,1562817600,45,74,29,119,28,-0.08367180755188053,-1.4397475338953114
36,1562832000,327,115,-212,442,28,-1.245435917346304,-0.3965592069806187
36,1562846400,513,308,-205,821,28,-1.2116917315846405,0.8274914924022562
36,1562860800,393,470,77,863,28,0.1477168948138138,0.9631382717533927
36,1562875200,320,752,432,1072,28,1.8590291727267618,1.638142483286429
36,1562889600,104,527,423,631,28,1.815643791033194,0.21385130009949568
36,1562904000,34,89,55,123,28,0.041663739562870575,-1.426828793004727
36,1562918400,302,114,-188,416,28,-1.1297415661634571,-0.48053102276941745
36,1562932800,522,316,-206,838,28,-1.2165123295505924,0.88239614118724
36,1562947200,414,426,12,840,28,-0.16562197297306394,0.8888555116325322
36,1562961600,397,719,322,1116,28,1.3287633964720456,1.780248633082858
36,1562976000,223,523,300,746,28,1.2227102412211022,0.5852651007037981
36,1562990400,46,95,49,141,28,0.01274015176715878,-1.368694458997097
36,1563004800,94,59,-35,153,28,-0.39219007737280637,-1.3299382363253438
36,1563019200,227,151,-76,378,28,-0.5898345939768369,-0.6032590612299695
36,1563033600,269,233,-36,502,28,-0.39701067533875833,-0.2027780936218522
36,1563048000,252,241,-11,493,28,-0.27649572618995916,-0.23184526062566718
36,1563062400,182,305,123,487,28,0.3694644012476042,-0.2512233719615438
36,1563076800,49,120,71,169,28,0.11879330701810202,-1.278263272763006
36,1563091200,66,44,-22,110,28,-0.3295223038154308,-1.4688147008991264
36,1563105600,175,128,-47,303,28,-0.45003725296423,-0.8454854529284277
36,1563120000,239,196,-43,435,28,-0.4307548611004221,-0.41916700353914144
36,1563134400,188,196,8,384,28,-0.1849043648368718,-0.5838809498940929
36,1563148800,160,150,-10,310,28,-0.2716751282240072,-0.8228776563699048
36,1563163200,34,37,3,71,28,-0.20900735466663165,-1.5947724245823247
36,1563177600,328,123,-205,451,28,-1.2116917315846405,-0.3674920399768037
36,1563192000,500,354,-146,854,28,-0.9272764515934746,0.9340711047495777
36,1563206400,367,407,40,774,28,-0.03064522992640891,0.6756962869378891
36,1563220800,385,784,399,1169,28,1.699949439850347,1.9514219498831016
36,1563235200,169,494,325,663,29,1.2984650508930025,0.4091384414467833
36,1563249600,33,68,35,101,29,-0.04374867395438529,-1.3983299792737625
36,1563264000,342,97,-245,439,29,-1.339679166910484,-0.3112760180574912
36,1563278400,493,325,-168,818,29,-0.9832982813475569,0.9076395183359017
36,1563292800,357,412,55,769,29,0.04881778982819319,0.7500488553193417
36,1563307200,346,754,408,1100,29,1.6826158755907032,1.8145898646761045
36,1563321600,159,548,389,707,29,1.5946777349972536,0.5506484245636943
36,1563336000,43,51,8,94,29,-0.16871340006086621,-1.420842931133271
36,1563350400,356,102,-254,458,29,-1.3813340756126442,-0.25016943443882506
36,1563364800,493,279,-214,772,29,-1.1962011480474875,0.7596972632591311
36,1563379200,371,416,45,787,29,0.00253455793690395,0.807939302958078
36,1563393600,318,788,470,1106,29,1.9695719133166965,1.8338866805556833
36,1563408000,109,535,426,644,29,1.7659256929950238,0.34803185782811713
36,1563422400,36,63,27,99,29,-0.08077525946741668,-1.4047622512336222
36,1563436800,337,120,-217,457,29,-1.210086117614874,-0.25338557041875487
36,1563451200,465,279,-186,744,29,-1.0666080987518776,0.6696454558210968
36,1563465600,387,399,12,786,29,-0.15020010730435054,0.8047231669781483
36,1563480000,361,829,468,1190,29,1.9603152669384387,2.104042102869786
36,1563494400,123,594,471,717,29,1.9742002365058253,0.5828097843629924
36,1563508800,53,66,13,119,29,-0.14557178411522162,-1.3404395316350262
36,1563523200,315,105,-210,420,29,-1.1776878552909718,-0.37238260167615733
36,1563537600,472,318,-154,790,29,-0.918501756699752,0.8175877108978674
36,1563552000,384,466,82,850,29,0.17378251593467411,1.0105558696936552
36,1563566400,240,517,277,757,29,1.076305537814814,0.7114552235601842
36,1563580800,181,395,214,576,29,0.784721176899692,0.12933461119289097
36,1563595200,71,69,-2,140,29,-0.21499663195215546,-1.2729006760565005
36,1563609600,91,62,-29,153,29,-0.3399613580586364,-1.231090908317413
36,1563624000,226,157,-69,383,29,-0.5250942856237933,-0.4913796329335598
36,1563638400,223,197,-26,420,29,-0.32607638849124965,-0.37238260167615733
36,1563652800,244,191,-53,435,29,-0.45104111459773055,-0.32414056197721036
36,1563667200,165,187,22,352,29,-0.1039168754130613,-0.5910798483113835
36,1563681600,50,59,9,109,29,-0.16408507687173732,-1.3726008914343242
36,1563696000,48,45,-3,93,29,-0.21962495514128438,-1.424059067113201
36,1563710400,170,110,-60,280,29,-0.483439376921633,-0.8226416388663289
36,1563724800,223,159,-64,382,29,-0.5019526696781488,-0.4945957689134896
36,1563739200,209,163,-46,372,29,-0.41864285227382814,-0.5267571287127876
36,1563753600,132,166,34,298,29,-0.04837699714351421,-0.7647511912275925
36,1563768000,41,38,-3,79,29,-0.21962495514128438,-1.469084970832218
36,1563782400,312,118,-194,430,29,-1.103634684264909,-0.34022124187685937
36,1563796800,498,323,-175,821,29,-1.0156965436714593,0.9172879262756911
36,1563811200,373,371,-2,744,29,-0.21499663195215546,0.6696454558210968
36,1563825600,299,750,451,1049,29,1.8816337727232468,1.6505669296996848
36,1563840000,97,484,387,581,30,1.6078415307514105,0.025645318432138606
36,1563854400,33,140,107,173,30,0.2476360490136515,-1.3182634786722174
36,1563868800,387,87,-300,474,30,-1.7295197762265908,-0.32680135139669986
36,1563883200,536,288,-248,824,30,-1.476910186761007,0.8260615872957623
36,1563897600,365,395,30,760,30,-0.1264204584642322,0.6152523642205693
36,1563912000,366,705,339,1071,30,1.3746634481677946,1.6396534326015857
36,1563926400,148,519,371,667,30,1.5301155032235385,0.3089202119394293
36,1563940800,39,205,166,244,30,0.5342507755226793,-1.084396996823175
36,1563955200,342,123,-219,465,30,-1.336031761866739,-0.3564463983916489
36,1563969600,495,307,-188,802,30,-1.1854375835314872,0.7535959168636647
36,1563984000,393,447,54,840,30,-0.009831417172424285,0.8787638930645606
36,1563998400,395,791,396,1186,30,1.6515624212358384,2.0184512553148233
36,1564012800,154,509,355,663,30,1.4523894756956666,0.29574463549722974
36,1564027200,33,203,170,236,30,0.5536822824046472,-1.1107481497075742
36,1564041600,330,145,-185,475,30,-1.1708639533700111,-0.32350745728614994
36,1564056000,502,319,-183,821,30,-1.1611481999290272,0.8161799049641126
36,1564070400,373,405,32,778,30,-0.11670470502324819,0.6745424582104673
36,1564084800,355,729,374,1084,30,1.5446891333850143,1.6824740560387343
36,1564099200,178,535,357,713,30,1.4621052291366505,0.46043934102472434
36,1564113600,38,191,153,229,30,0.4710983781562833,-1.1338054084814233
36,1564128000,351,135,-216,486,30,-1.3214581317052632,-0.2872746220701011
36,1564142400,461,319,-142,780,30,-0.9619752543888554,0.681130246431567
36,1564156800,394,444,50,838,30,-0.029262924054392268,0.8721761048434609
36,1564171200,414,695,281,1109,30,1.0929065983792587,1.7648214088024816
36,1564185600,197,540,343,737,30,1.3940949550497626,0.5394927996779217
36,1564200000,63,68,5,131,30,-0.2478673764765321,-1.4566070313153128
36,1564214400,82,76,-6,158,30,-0.30130402040194404,-1.3676718903304657
36,1564228800,242,184,-58,426,30,-0.5539136098675278,-0.48490826870309467
36,1564243200,275,243,-32,518,30,-0.42760881513473586,-0.1818700105325046
36,1564257600,265,250,-15,515,30,-0.34502491088637194,-0.19175169286415425
36,1564272000,167,233,66,400,30,0.048463103473479666,-0.5705495155773919
36,1564286400,38,60,22,98,30,-0.16528347222816814,-1.5653055369634592
36,1564300800,58,45,-13,103,30,-0.335309157445388,-1.5488360664107097
36,1564315200,162,162,0,324,30,-0.27215676007899203,-0.8208854679791836
36,1564329600,270,174,-96,444,30,-0.7385129252462236,-0.4256181747131966
36,1564344000,243,186,-57,429,30,-0.5490557331470358,-0.47502658637144496
36,1564358400,151,154,3,305,30,-0.2575831299175161,-0.8834694560796316
36,1564372800,38,53,15,91,30,-0.19928860927161213,-1.5883627957373085
36,1564387200,319,105,-214,424,30,-1.3117423782642792,-0.4914960569241944
36,1564401600,458,328,-130,786,30,-0.9036807337429514,0.7008936110948665
36,1564416000,328,473,145,801,30,0.4322353643923474,0.7503020227531149
36,1564430400,326,760,434,1086,30,1.8361617366145342,1.689061844259834
36,1564444800,155,523,368,678,31,1.0912776581794836,0.03250323561795635
36,1564459200,31,167,136,198,31,0.14717666365751894,-1.639091739019792
36,1564473600,326,104,-222,430,31,-1.3096688365099955,-0.8311541679448803
36,1564488000,491,341,-150,832,31,-1.0166719761411098,0.5688066233142339
36,1564502400,360,419,59,779,31,-0.1661672009036504,0.38423467819798257
36,1564516800,343,792,449,1135,31,1.42089912609448,1.6240009510543125
36,1564531200,148,505,357,653,31,1.0465142489564596,-0.054559002644426376
36,1564545600,25,168,143,193,31,0.17566246952671616,-1.6565041866722685
36,1564560000,347,115,-232,462,31,-1.350362844894563,-0.7197145029690304
36,1564574400,493,340,-153,833,31,-1.02888017865648,0.5722891128447293
36,1564588800,363,421,58,784,31,-0.1702366017421071,0.4016471258504591
36,1564603200,278,828,550,1106,31,1.8319086107786113,1.5230087546699487
36,1564617600,117,547,430,664,31,1.3435805101638019,-0.016251617808977978
36,1564632000,31,184,153,215,31,0.2163564779112836,-1.5798894170013718
36,1564646400,326,117,-209,443,31,-1.2567666256100578,-0.7858818040484413
36,1564660800,484,317,-167,801,31,-1.0858517903948746,0.4608494478688794
36,1564675200,404,391,-13,795,31,-0.459164061272536,0.4399545106859075
36,1564689600,350,749,399,1099,31,1.2174290841716429,1.4986313279564816
36,1564704000,161,462,301,623,31,0.8186278020028819,-0.15903368855928565
36,1564718400,30,185,155,215,31,0.2244952795881971,-1.5798894170013718
36,1564732800,337,115,-222,452,31,-1.3096688365099955,-0.7545393982739835
36,1564747200,459,320,-139,779,31,-0.9719085669180857,0.38423467819798257
36,1564761600,376,399,23,775,31,-0.3126656310880932,0.37030472007600135
36,1564776000,391,713,322,1104,31,0.9040852196104735,1.516043775608958
36,1565395200,8138,4607,-3531,12745,32,-4.06817280867448,4.10707534135176
36,1565409600,52,212,160,264,32,0.3581686977078052,-0.3395248785832953
36,1565424000,110,110,0,220,32,0.1662926096500524,-0.3552007386647905
36,1565438400,298,241,-57,539,32,0.09793675327947797,-0.24155075307394983
36,1565452800,360,349,-11,709,32,0.1531011285960819,-0.18098493003180902
36,1565467200,324,361,37,685,32,0.21066395501340773,-0.18953539916717008
36,1565481600,175,429,254,604,32,0.47089589944173493,-0.21839323249901363
36,1565496000,65,196,131,261,32,0.3233911567473375,-0.3405936872252154
36,1565510400,87,88,1,175,32,0.16749183520041336,-0.37123286829359253
36,1565524800,249,194,-55,443,32,0.10033520438019988,-0.27575262961539404
36,1565539200,345,367,22,712,32,0.1926755717579934,-0.17991612138988888
36,1565553600,300,418,118,718,32,0.30780122459264503,-0.17777850410604862
36,1565568000,159,348,189,507,32,0.39294623866827283,-0.25295137858776456
36,1565582400,34,166,132,200,32,0.32459038229769843,-0.36232612961092475
36,1565596800,311,141,-170,452,32,-0.03757573391130993,-0.27254620368963367
36,1565611200,465,300,-165,765,32,-0.031579606159505155,-0.16103383538263322
36,1565625600,354,413,59,767,32,0.23704691712134876,-0.1603212962880198
36,1565640000,375,765,390,1140,32,0.6339905742908248,-0.02743275514261672
36,1565654400,153,590,437,743,33,1.8887394526539294,0.5716554239919559
36,1565668800,34,157,123,191,33,0.3291191469999302,-1.1980413779615093
36,1565683200,329,138,-191,467,33,-1.230501158654069,-0.31319297698477677
36,1565697600,462,317,-145,779,33,-1.0020217508194067,0.687070432815008
36,1565712000,340,418,78,758,33,0.10560668281384752,0.6197450110015609
36,1565726400,377,815,438,1192,33,1.8937063963025091,2.0111370618128
36,1565740800,141,541,400,682,33,1.7049625376564836,0.3760911034862287
36,1565755200,42,168,126,210,33,0.3440199779456691,-1.1371279010826765
36,1565769600,324,129,-195,453,33,-1.2503689332483876,-0.35807659152707483
36,1565784000,469,319,-150,788,33,-1.0268564690623048,0.7159241850207709
36,1565798400,378,429,51,807,33,-0.028500795697802093,0.776837661899604
36,1565812800,401,751,350,1152,33,1.456615355227503,1.88289816312052
36,1565827200,139,510,371,649,33,1.5609211718476748,0.2702940120650977
36,1565841600,39,162,123,201,33,0.3291191469999302,-1.1659816532884395
36,1565856000,336,146,-190,482,33,-1.2255342150054893,-0.26510338997517174
36,1565870400,463,311,-152,774,33,-1.036790356359464,0.671040570478473
36,1565884800,362,423,61,785,33,0.02116864078799406,0.70630626761885
36,1565899200,416,729,313,1145,33,1.2728384402300572,1.8604563558493707
36,1565913600,164,556,392,720,33,1.6652269884678468,0.4979180572438948
36,1565928000,33,189,156,222,33,0.49302828740305754,-1.0986562314749924
36,1565942400,315,134,-181,449,33,-1.180831722168273,-0.37090048139630283
36,1565956800,432,313,-119,745,33,-0.8728812159563367,0.5780673689265698
36,1565971200,370,415,45,785,33,-0.05830245758927979,0.70630626761885
36,1565985600,391,748,357,1139,33,1.4913839607675603,1.8412205210455288
36,1566000000,206,519,313,725,33,1.2728384402300572,0.5139479195804298
36,1566014400,63,108,45,171,33,-0.05830245758927979,-1.2621608273076494
36,1566028800,90,57,-33,147,33,-0.4457240621784898,-1.3391041665230174
36,1566043200,223,139,-84,362,33,-0.6990381882560501,-0.649820086052012
36,1566057600,289,177,-112,466,33,-0.8381126104162794,-0.3163989494520838
36,1566072000,299,212,-87,511,33,-0.713939019201789,-0.1721301884232687
36,1566086400,174,175,1,349,33,-0.27684797812678286,-0.691497728127003
36,1566100800,61,47,-14,108,33,-0.3513521328554771,-1.4641370927479906
36,1566115200,63,34,-29,97,33,-0.4258562875841713,-1.4994027898883677
36,1566129600,181,120,-61,301,33,-0.5847984843387191,-0.8453844065577392
36,1566144000,283,201,-82,484,33,-0.689104300958891,-0.25869144504055774
36,1566158400,216,159,-57,375,33,-0.5649307097444005,-0.608142443977021
36,1566172800,124,136,12,260,33,-0.22221159799240708,-0.9768292777173263
36,1566187200,42,36,-6,78,33,-0.3116165836668402,-1.5603162667672008
36,1566201600,294,140,-154,434,33,-1.0467242436566233,-0.41899006840590786
36,1566216000,433,263,-170,696,33,-1.126195342033897,0.42097471802852676
36,1566230400,355,370,15,725,33,-0.20731076704666826,0.5139479195804298
36,1566244800,361,749,388,1110,33,1.6453592138735282,1.7482473194936257
36,1566259200,148,500,352,648,34,1.5166637532975131,0.29443820974327084
36,1566273600,40,169,129,209,34,0.3922219965188772,-1.148254246075605
36,1566288000,338,117,-221,455,34,-1.3725969042547668,-0.339820660354777
36,1566302400,565,317,-248,882,34,-1.5087400766001622,1.06343601079479
36,1566316800,348,419,71,767,34,0.0997662929621019,0.6855097410472485
36,1566331200,356,733,377,1089,34,1.6427222462099162,1.7437032963403647
36,1566345600,164,493,329,657,34,1.4006899398181023,0.32401504824525235
36,1566360000,40,183,143,223,34,0.4628147525498229,-1.102245830628078
36,1566374400,328,109,-219,437,34,-1.3625122248217745,-0.39897433735874
36,1566388800,459,319,-140,778,34,-0.9641673872185806,0.7216592103274482
36,1566403200,359,389,30,748,34,-0.10696963541423925,0.6230697486541764
36,1566417600,363,816,453,1179,34,2.025940064663622,2.0394716813601796
36,1566432000,144,498,354,642,34,1.5267484327305054,0.2747203174086165
36,1566446400,31,173,142,204,34,0.4577724128333268,-1.16468582302115
36,1566460800,326,137,-189,463,34,-1.2112420333268907,-0.31353013724190454
36,1566475200,459,296,-163,755,34,-1.0801412006979916,0.6460739563779399
36,1566489600,351,402,51,753,34,-0.0010805013678206034,0.6395013255997217
36,1566504000,373,752,379,1125,34,1.6528069256429085,1.8620106503482907
36,1566518400,137,564,427,701,34,1.8948392320347225,0.4686129253660508
36,1566532800,39,157,118,196,34,0.3367562596374198,-1.1909763461340226
36,1566547200,285,168,-117,453,34,-0.8481935737391697,-0.3463932911329951
36,1566561600,432,289,-143,721,34,-0.979294406368069,0.534339233148232
36,1566576000,377,424,47,801,34,-0.021249860233805106,0.7972444642769564
36,1566590400,412,672,260,1084,34,1.0527684993798696,1.7272717193948193
36,1566604800,189,515,326,704,34,1.385562920668614,0.478471871533378
36,1566619200,61,104,43,165,34,-0.04141921909978961,-1.2928521231964032
36,1566633600,87,53,-34,140,34,-0.42967937726999134,-1.3750100079241296
36,1566648000,224,155,-69,379,34,-0.6061612673473558,-0.5895806299270653
36,1566662400,315,223,-92,538,34,-0.7221350808267666,-0.06705648305872533
36,1566676800,286,177,-109,463,34,-0.8078548560072008,-0.31353013724190454
36,1566691200,177,163,-14,340,34,-0.3288325829400688,-0.7177469301023185
36,1566705600,60,55,-5,115,34,-0.28345152549160363,-1.457167892651856
36,1566720000,55,44,-11,99,34,-0.3137055637905804,-1.509748938877601
36,1566734400,181,124,-57,305,34,-0.5456531907494022,-0.8327679687211355
36,1566748800,246,178,-68,424,34,-0.6011189276308596,-0.44169643741715775
36,1566763200,248,155,-93,403,34,-0.7271774205432627,-0.5107090605884479
36,1566777600,122,133,11,255,34,-0.20277409002766564,-0.9970837381765882
36,1566792000,37,46,9,83,34,-0.21285876946065788,-1.5623299851033459
36,1566806400,305,133,-172,438,34,-1.1255222581464566,-0.39568802196963093
36,1566820800,450,325,-125,775,34,-0.8885322914711388,0.711800264160121
36,1566835200,362,424,62,786,34,0.054385235513636776,0.7479497334403206
36,1566849600,372,699,327,1071,34,1.39060526038511,1.6845496193364016
36,1566864000,129,435,306,564,35,1.2766922278422481,-0.032867197235741906
36,1566878400,32,103,71,135,35,-0.031003111385957443,-1.528324671461996
36,1566892800,309,194,-115,503,35,-1.066030060732537,-0.24550800359425357
36,1566907200,441,294,-147,735,35,-1.2440992133082927,0.563224243539758
36,1566921600,355,409,54,764,35,-0.12560234869182763,0.6643157744315095
36,1566936000,382,814,432,1196,35,1.9778395161092859,2.1702309932327726
36,1566950400,164,494,330,658,35,1.4102440922740649,0.29480879944786625
36,1566964800,30,95,65,125,35,-0.06439107749391162,-1.5631838200453587
36,1566979200,398,154,-244,552,35,-1.783871332053552,-0.07469817553577698
36,1566993600,501,265,-236,766,35,-1.739354043909613,0.671287604148182
36,1567008000,330,445,115,775,35,0.21384197340570654,0.7026608378732083
36,1567022400,354,751,397,1105,35,1.783076380479553,1.853012741124173
36,1567036800,138,411,273,549,35,1.0930584142485,-0.08515592011078577
36,1567051200,23,109,86,132,35,0.052466803883928013,-1.538782416037005
36,1567065600,313,163,-150,476,35,-1.2607931963622696,-0.3396277047693325
36,1567080000,459,308,-151,767,35,-1.266357857380262,0.6747735190065183
36,1567094400,384,478,94,862,35,0.09698409202786692,1.0059354305484627
36,1567108800,385,811,426,1196,35,1.9444515500013317,2.1702309932327726
36,1567123200,166,480,314,646,35,1.321209515986187,0.25297782114783113
36,1567137600,4,95,91,99,35,0.08029010897388983,-1.6538176063621013
36,1567152000,292,134,-158,426,35,-1.3053104845062087,-0.5139234476861454
36,1567166400,438,297,-141,735,35,-1.2107112472003385,0.563224243539758
36,1567180800,395,421,26,816,35,-0.2814128571956138,0.8455833470649948
36,1567195200,377,703,326,1080,35,1.3879854482020952,1.7658648696657666
36,1567209600,160,491,331,651,35,1.4158087532920571,0.2704073954395124
36,1567224000,42,171,129,213,35,0.29174722765759964,-1.256423312511768
36,1567238400,103,100,-3,203,35,-0.44278802671739237,-1.2912824610951306
36,1567252800,281,214,-67,495,35,-0.7989263318689035,-0.2733953224609436
36,1567267200,357,323,-34,680,35,-0.6152925182751556,0.3714989263312639
36,1567281600,367,393,26,760,35,-0.2814128571956138,0.6503721149981644
36,1567296000,179,399,220,578,35,0.7981313802949048,0.015935610780965687
36,1567310400,51,205,154,256,35,0.4308637531074087,-1.106528973603309
36,1567324800,98,69,-29,167,35,-0.5874692131851939,-1.4167753959952358
36,1567339200,247,172,-75,419,35,-0.8434436200128425,-0.5383248516944992
36,1567353600,327,344,17,671,35,-0.3314948063575451,0.3401256926062376
36,1567368000,257,412,155,669,35,0.4364284141254011,0.33315386288956506
36,1567382400,171,349,178,520,35,0.5644156175392254,-0.1862474510025372
36,1567396800,48,155,107,203,35,0.16932468526176764,-1.2912824610951306
36,1567411200,122,71,-51,193,35,-0.7098917555810258,-1.3261416096784933
36,1567425600,277,211,-66,488,35,-0.7933616708509111,-0.29779672646929745
36,1567440000,289,315,26,604,35,-0.2814128571956138,0.10656939709770837
36,1567454400,259,393,134,652,35,0.3195705327475615,0.2738933102978487
36,1567468800,131,362,231,493,36,0.6761727192370613,-0.5123449991111626
36,1567483200,31,105,74,136,36,-0.01125912020931276,-1.6784198194925788
36,1567497600,345,143,-202,488,36,-1.2197380226755499,-0.5286765792285494
36,1567512000,573,347,-226,920,36,-1.3248231446291359,0.8823719429136686
36,1567526400,397,421,24,818,36,-0.2301864576126166,0.5492077085189783
36,1567540800,400,752,352,1152,36,1.2059768757530567,1.6401572603604153
36,1567555200,138,557,419,695,36,1.499339507873484,0.1474508376312634
36,1567569600,35,226,191,261,36,0.5010308493144182,-1.2701303165579092
36,1567584000,334,120,-214,454,36,-1.2722805836523428,-0.6397313240267795
36,1567598400,494,302,-192,796,36,-1.175952555194889,0.4773487560024764
36,1567612800,391,404,13,795,36,-0.2783504718413434,0.47408243997899907
36,1567627200,369,777,408,1146,36,1.451175493644757,1.6205593642195513
36,1567641600,128,591,463,719,36,1.6919955647883913,0.22584242219471998
36,1567656000,34,152,118,186,36,0.18139693670559462,-1.515104018318711
36,1567670400,401,168,-233,569,36,-1.3554729718655982,-0.2641049813268835
36,1567684800,547,315,-232,862,36,-1.3510944251175323,0.6929256135519819
36,1567699200,428,468,40,896,36,-0.16012970964355938,0.8039803583502121
36,1567713600,408,765,357,1173,36,1.227869609493387,1.7087498968534398
36,1567728000,135,570,435,705,36,1.5693962558425412,0.180113997866037
36,1567742400,33,180,147,213,36,0.3083747923995109,-1.4269134856848225
36,1567756800,431,148,-283,579,36,-1.574400309268902,-0.23144182109210992
36,1567771200,495,333,-162,828,36,-1.0445961527529068,0.5818708687537518
36,1567785600,419,478,59,897,36,-0.07693732143030392,0.8072466743736895
36,1567800000,392,845,453,1237,36,1.6482100973077305,1.9177941223559907
36,1567814400,149,543,394,692,36,1.389875839171832,0.13765188956083135
36,1567828800,32,230,198,262,36,0.5316806765508808,-1.2668640005344318
36,1567843200,147,92,-55,239,36,-0.5760916507098366,-1.341989269074411
36,1567857600,317,236,-81,553,36,-0.6899338661595547,-0.3163660377025212
36,1567872000,401,404,3,805,36,-0.32213593932200424,0.5067456002137726
36,1567886400,368,374,6,742,36,-0.309000299077806,0.30096769073469914
36,1567900800,181,444,263,625,36,0.8162862151751759,-0.08119128401215153
36,1567915200,51,184,133,235,36,0.24707513792658578,-1.3550545331683206
36,1567929600,90,81,-9,171,36,-0.3746785002987971,-1.5640987586708714
36,1567944000,264,184,-80,448,36,-0.6855553194114885,-0.6593292201676436
36,1567958400,369,344,-25,713,36,-0.4447352482678544,0.20624452605385582
36,1567972800,282,403,121,685,36,0.19453257694979287,0.11478767739648985
36,1567987200,130,346,216,476,36,0.6104945180160702,-0.5678723715102777
36,1568001600,33,111,78,144,36,0.0062550667829515474,-1.65228929130476
36,1568016000,436,123,-313,559,36,-1.7057567117108845,-0.29676814156165704
36,1568030400,495,316,-179,811,36,-1.1190314474700302,0.5263434963546367
36,1568044800,405,451,46,856,36,-0.1338584291551629,0.6733277174111177
36,1568059200,400,860,460,1260,36,1.678859924544193,1.9929193908959697
36,1568073600,131,537,406,668,37,1.4271228182218065,0.3343681903111359
36,1568088000,24,157,133,181,37,0.304574266823629,-0.785154966445121
36,1568102400,439,142,-297,581,37,-1.4635424991148924,0.13437124033619885
36,1568116800,536,349,-187,885,37,-1.0112335589910846,0.8332111574900019
36,1568131200,390,434,44,824,37,-0.06138478473108821,0.6929834109558506
36,1568145600,407,846,439,1253,37,1.5628155002589488,1.679175267728816
36,1568160000,134,587,453,721,37,1.6203820926383425,0.45620541270966075
36,1568174400,22,179,157,201,37,0.4032598537597325,-0.7391786561060549
36,1568188800,446,143,-303,589,37,-1.4882138958489184,0.15276176447182524
36,1568203200,515,277,-238,792,37,-1.2209404312303047,0.619421314413345
36,1568217600,436,461,25,897,37,-0.13951087438883683,0.8607969436934415
36,1568232000,401,897,496,1298,37,1.7971937692321946,1.7826219659917146
36,1568246400,127,577,450,704,37,1.6080463942713297,0.4171255489214547
36,1568260800,37,166,129,203,37,0.2881266690009451,-0.7345810250721484
36,1568275200,440,152,-288,592,37,-1.4265354040138536,0.15965821102268513
36,1568289600,530,320,-210,850,37,-1.1058072464715172,0.7527526143966364
36,1568304000,405,427,22,832,37,-0.15184657275584976,0.7113739350914771
36,1568318400,409,835,426,1244,37,1.509360807335226,1.6584859280762365
36,1568332800,113,653,540,766,37,1.9781173452817178,0.5596521109725593
36,1568347200,31,164,133,195,37,0.304574266823629,-0.7529715492077748
36,1568361600,430,149,-281,579,37,-1.3977521078241568,0.12977360930229223
36,1568376000,528,288,-240,816,37,-1.2291642301416466,0.6745928868202242
36,1568390400,424,507,83,931,37,0.09897929404008,0.9389566712698537
36,1568404800,440,795,355,1235,37,1.2174159459825864,1.6377965884236567
36,1568419200,166,484,318,650,37,1.0652756661227603,0.29298951100597653
36,1568433600,0,1,1,1,37,-0.23819646132494035,-1.1989417594967149
36,1568448000,1,1,0,2,37,-0.24230836078061133,-1.1966429439797617
36,1568462400,0,1,1,1,37,-0.23819646132494035,-1.1989417594967149
36,1568476800,0,2,2,2,37,-0.23408456186926938,-1.1966429439797617
36,1568491200,0,0,0,0,37,-0.24230836078061133,-1.201240575013668
36,1568505600,0,0,0,0,37,-0.24230836078061133,-1.201240575013668
36,1568520000,0,0,0,0,37,-0.24230836078061133,-1.201240575013668
36,1568534400,0,0,0,0,37,-0.24230836078061133,-1.201240575013668
36,1568548800,0,2,2,2,37,-0.23408456186926938,-1.1966429439797617
36,1568563200,0,2,2,2,37,-0.23408456186926938,-1.1966429439797617
36,1568577600,0,1,1,1,37,-0.23819646132494035,-1.1989417594967149
36,1568592000,0,0,0,0,37,-0.24230836078061133,-1.201240575013668
36,1568606400,0,0,0,0,37,-0.24230836078061133,-1.201240575013668
36,1568620800,429,139,-290,568,37,-1.4347592029251957,0.10448663861580595
36,1568635200,512,292,-220,804,37,-1.146926241028227,0.6470071006167847
36,1568649600,390,396,6,786,37,-0.21763696404658545,0.6056284213116252
36,1568664000,443,848,405,1291,37,1.4230109187661355,1.7665302573730415
36,1568678400,115,537,422,652,38,1.9377671671024865,0.24625793205457477
36,1568692800,15,116,101,131,38,0.4442285810702591,-1.5991585300064546
36,1568707200,435,175,-260,610,38,-1.2354207321933988,0.09749115392297548
36,1568721600,513,296,-217,809,38,-1.035351700419611,0.8023623169750769
36,1568736000,425,428,3,853,38,-0.011742700646745001,0.9582132273986571
36,1568750400,382,870,488,1252,38,2.2448498670343464,2.37149761964885
36,1568764800,134,561,427,695,38,1.9610310080064153,0.39856677633216453
36,1568779200,28,93,65,121,38,0.27672892656197184,-1.6345791914663592
36,1568793600,441,185,-256,626,38,-1.2168096594702555,0.15416421225882282
36,1568808000,514,284,-230,798,38,-1.095837686769826,0.7633995893691818
36,1568822400,424,317,-107,741,38,-0.523547200533178,0.5615018190477257
36,1568836800,373,693,320,1066,38,1.4631848126623395,1.7126733164946248
36,1568851200,145,427,282,572,38,1.2863796217924808,-0.037107359624661974
36,1568865600,32,84,52,116,38,0.21624294021175702,-1.6522895221963114
36,1568880000,418,109,-309,527,38,-1.4634063730519007,-0.19650033619423266
36,1568894400,546,263,-283,809,38,-1.342434400351471,0.8023623169750769
36,1568908800,462,330,-132,792,38,-0.639866405052822,0.742147192493239
36,1568923200,421,583,162,1004,38,0.7280474400981901,1.4930652154432165
36,1568937600,120,370,250,490,38,1.1374910400073366,-0.32755678359587964
36,1568952000,33,115,82,148,38,0.3558259856353297,-1.5389434055246167
36,1568966400,434,131,-303,565,38,-1.4354897639671862,-0.06190182264659519
36,1568980800,510,244,-266,754,38,-1.2633373412781133,0.6075486789456016
36,1568995200,424,329,-95,753,38,-0.467713982363749,0.6040066127996112
36,1569009600,426,556,130,982,38,0.5791588583130459,1.4151397602314264
36,1569024000,179,479,300,658,38,1.3701294490466245,0.2675103289305175
36,1569038400,51,130,79,181,38,0.34186768109297244,-1.4220552227069316
36,1569052800,117,76,-41,193,38,-0.21646450060131825,-1.379550428955046
36,1569067200,298,254,-44,552,38,-0.23042280514367552,-0.10794868254447115
36,1569081600,359,250,-109,609,38,-0.5328527368947495,0.09394908777698502
36,1569096000,313,228,-85,541,38,-0.42118630055589146,-0.1469114101503662
36,1569110400,160,312,152,472,38,0.6815197582903326,-0.3913139742237079
36,1569124800,54,183,129,237,38,0.5745060901322602,-1.2236995185314659
36,1569139200,89,72,-17,161,38,-0.10479806426246012,-1.4928965456267407
36,1569153600,256,137,-119,393,38,-0.5793804187026071,-0.6711371997569542
36,1569168000,286,260,-26,546,38,-0.14667297788953193,-0.12920107942041392
36,1569182400,269,293,24,562,38,0.08596543114975586,-0.07252802108456656
36,1569196800,117,244,127,361,38,0.5652005537706887,-0.7844833164286489
36,1569211200,39,95,56,134,38,0.23485401293490002,-1.5885323315684832
36,1569225600,432,113,-319,545,38,-1.5099340548597582,-0.13274314556640437
36,1569240000,525,223,-302,748,38,-1.4308369957864004,0.5862962820696589
36,1569254400,402,329,-73,731,38,-0.3653530823864624,0.526081157587821
36,1569268800,400,574,174,974,38,0.7838806582676192,1.3868032310635026
36,1569283200,121,400,279,521,39,1.516981481327718,-0.158404849566783
36,1569297600,32,141,109,173,39,0.6535898689977135,-1.5624347351144465
36,1569312000,432,103,-329,535,39,-1.5709132262995922,-0.10192088865394597
36,1569326400,561,191,-370,752,39,-1.7791429680968285,0.7735805054950282
36,1569340800,399,344,-55,743,39,-0.17932909819123202,0.7372693877653472
36,1569355200,406,654,248,1060,39,1.3595394814322466,2.0162276455774433
36,1569369600,142,468,326,610,39,1.7556838682660134,0.20067175909339532
36,1569384000,31,122,91,153,39,0.5621719335745365,-1.643126107847071
36,1569398400,455,133,-322,588,39,-1.5353618069683568,0.11191124908750855
36,1569412800,527,264,-263,791,39,-1.2357141297479435,0.9309286823236457
36,1569427200,427,342,-85,769,39,-0.331692323896527,0.8421681723177589
36,1569441600,375,545,170,920,39,0.9633950945984799,1.4513880364490728
36,1569456000,128,350,222,478,39,1.2274913524876578,-0.33189130094192537
36,1569470400,35,145,110,180,39,0.6586686431878901,-1.534192754658028
36,1569484800,456,129,-327,585,39,-1.560755677919239,0.0998075431776149
36,1569499200,524,204,-320,728,39,-1.5252042585880037,0.676750858215879
36,1569513600,452,306,-146,758,39,-0.6414975494972933,0.7977879173148155
36,1569528000,430,535,105,965,39,0.6332747722370076,1.6329436250974774
36,1569542400,133,482,349,615,39,1.872495674640073,0.22084460227655142
36,1569556800,33,136,103,169,39,0.6231172238566545,-1.5785730096609716
36,1569571200,429,113,-316,542,39,-1.5048891618272977,-0.07367890819752745
36,1569585600,527,241,-286,768,39,-1.3525259361220028,0.8381336036811277
36,1569600000,413,354,-59,767,39,-0.19964419495193803,0.8340990350444965
36,1569614400,453,471,18,924,39,0.19142141769165225,1.4675263109955976
36,1569628800,200,357,157,557,39,0.8973710301261855,-0.013160378648059188
36,1569643200,51,203,152,254,39,0.8719771591753029,-1.235634675547318
36,1569657600,127,83,-44,210,39,-0.12346258209929056,-1.4131556955590916
36,1569672000,334,201,-133,535,39,-0.5754734850249988,-0.10192088865394597
36,1569686400,356,216,-140,572,39,-0.6110249043562342,0.04735815090140907
36,1569700800,333,316,-17,649,39,0.013664321035474858,0.3580199359220128
36,1569715200,174,322,148,496,39,0.851662062414597,-0.25926906548256345
36,1569729600,52,168,116,220,39,0.689141288328949,-1.3728100091927793
36,1569744000,82,68,-14,150,39,0.02890064360600435,-1.6552298137569645
36,1569758400,235,150,-85,385,39,-0.331692323896527,-0.7071061841486286
36,1569772800,331,311,-20,642,39,-0.0015720015350546336,0.3297779554655943
36,1569787200,345,287,-58,632,39,-0.19456542076176153,0.2894322690992821
36,1569801600,149,267,118,416,39,0.699298836709302,-0.5820345564130608
36,1569816000,32,86,54,118,39,0.37425728853800616,-1.7843360101291637
36,1569830400,284,86,-198,370,39,-0.9055938073864711,-0.7676247136980968
36,1569844800,429,263,-166,692,39,-0.7430730333008232,0.5315063872971552
36,1569859200,401,224,-177,625,39,-0.7989395493927646,0.2611902886428636
36,1569873600,343,571,228,914,39,1.2579639976287167,1.4271806246292853
36,1569888000,134,414,280,548,40,1.5988133108228608,-0.03680214985230889
36,1569902400,31,129,98,160,40,0.6573350774101847,-1.5785189467500522
36,1569916800,327,66,-261,393,40,-1.199756602782951,-0.652694169231562
36,1569931200,480,246,-234,726,40,-1.0600867549689825,0.670480298209027
36,1569945600,388,345,-43,733,40,-0.07205190561831704,0.6982947765035739
36,1569960000,388,570,182,958,40,1.09186349283142,1.5923315788282961
36,1569974400,139,322,183,461,40,1.097036450157863,-0.38249638008453485
36,1569988800,40,127,87,167,40,0.6004325468193087,-1.5507044684555054
36,1570003200,429,96,-333,525,40,-1.5722095302868668,-0.12819257853439162
36,1570017600,520,231,-289,751,40,-1.3445994079233627,0.7698177206895517
36,1570032000,412,285,-127,697,40,-0.5065803210395522,0.5552488881316183
36,1570046400,415,561,146,976,40,0.905637029079462,1.663854523014274
36,1570060800,109,415,306,524,40,1.7333102013103858,-0.1321660754336126
36,1570075200,33,132,99,165,40,0.6625080347366281,-1.5586514622539474
36,1570089600,427,91,-336,518,40,-1.5877284022661968,-0.15600705682893853
36,1570104000,521,240,-281,761,40,-1.3032157493118164,0.8095526896817615
36,1570118400,419,286,-133,705,40,-0.5376180649982119,0.5870368633253862
36,1570132800,418,529,111,947,40,0.7245835226539474,1.5486231129368653
36,1570147200,129,455,326,584,40,1.8367693478392513,0.10624373851964668
36,1570161600,31,117,86,148,40,0.5952595894928654,-1.6262009095407042
36,1570176000,422,141,-281,563,40,-1.3032157493118164,0.02280030363600593
36,1570190400,543,262,-281,805,40,-1.3032157493118164,0.984386553247485
36,1570204800,482,323,-159,805,40,-0.6721149554857369,0.984386553247485
36,1570219200,445,506,61,951,40,0.4659356563317836,1.5645171005337493
36,1570233600,200,458,258,658,40,1.4850082496411088,0.4002825090619998
36,1570248000,59,201,142,260,40,0.8849451997736889,-1.1811692568279535
36,1570262400,133,79,-54,212,40,-0.12895443620919306,-1.3718971079905609
36,1570276800,309,167,-142,476,40,-0.5841746809362013,-0.32289392659622
36,1570291200,390,242,-148,632,40,-0.6152124248948609,0.2969715896822541
36,1570305600,392,300,-92,692,40,-0.32552681461403754,0.5353814036355133
36,1570320000,194,299,105,493,40,0.6935457786952878,-0.25534447930946325
36,1570334400,45,174,129,219,40,0.8176967545299263,-1.344082629696014
36,1570348800,100,76,-24,176,40,0.02623428358410519,-1.5149429963625165
36,1570363200,268,124,-144,392,40,-0.5945205955890879,-0.656667666130783
36,1570377600,349,242,-107,591,40,-0.4031211745106867,0.13405821681419358
36,1570392000,261,290,29,551,40,0.30040102188559875,-0.024881659154645925
36,1570406400,118,216,98,334,40,0.6573350774101847,-0.8871304862856003
36,1570420800,37,114,77,151,40,0.548702973554876,-1.614280418843041
36,1570435200,401,92,-309,493,40,-1.4480585544522282,-0.25534447930946325
36,1570449600,542,254,-288,796,40,-1.3394264505969196,0.9486250811544962
36,1570464000,427,269,-158,696,40,-0.6669419981592937,0.5512753912323973
36,1570478400,406,606,200,1012,40,1.1849767247073988,1.8069004113862295
36,1570492800,116,408,292,524,41,1.3673114453331479,-0.3475250416519076
36,1570507200,28,165,137,193,41,0.6551016910429581,-1.6554008210359952
36,1570521600,437,86,-351,523,41,-1.5872103095609946,-0.35147632799445777
36,1570536000,527,276,-251,803,41,-1.1277201455028074,0.754883847919574
36,1570550400,428,318,-110,746,41,-0.47983901418076386,0.5296605263942176
36,1570564800,409,668,259,1077,41,1.215679691193946,1.8375363057783052
36,1570579200,136,500,364,636,41,1.6981443634550424,0.09501902871370507
36,1570593600,28,170,142,198,41,0.6780761992458675,-1.6356443893232446
36,1570608000,302,71,-231,373,41,-1.03582211269117,-0.9441692793769748
36,1570622400,471,262,-209,733,41,-0.9347342765983689,0.4782938039410661
36,1570636800,355,371,16,726,41,0.09911859253255176,0.4506347995432153
36,1570651200,316,612,296,928,41,1.3856910518954753,1.2487946407383381
36,1570665600,132,467,335,599,41,1.5648922158781682,-0.05117856596064913
36,1570680000,25,149,124,174,41,0.5953679697153937,-1.7304752615444474
36,1570694400,457,117,-340,574,41,-1.536666391514594,-0.14996072452440196
36,1570708800,547,249,-298,796,41,-1.3436805226101556,0.7272248435217232
36,1570723200,439,318,-121,757,41,-0.5303829322271645,0.5731246761622688
36,1570737600,453,650,197,1103,41,0.9307957894778703,1.940269750684608
36,1570752000,149,519,370,668,41,1.7257137732985337,0.2214601916753087
36,1570766400,33,140,107,173,41,0.517254641825502,-1.7344265478869973
36,1570780800,428,117,-311,545,41,-1.4034142439377197,-0.26454802845835523
36,1570795200,538,279,-259,817,41,-1.1644793586274624,0.8102018567152756
36,1570809600,427,350,-77,777,41,-0.32820726004156214,0.6521504030132711
36,1570824000,480,553,73,1033,41,0.36102798604571834,1.6636797067061002
36,1570838400,205,391,186,596,41,0.8802518714314698,-0.06303242498829947
36,1570852800,61,210,149,271,41,0.7102405107299405,-1.3472004863170863
36,1570867200,196,82,-114,278,41,-0.49821862074309137,-1.3195414819192355
36,1570881600,458,231,-227,689,41,-1.0174425061288426,0.30443720486886106
36,1570896000,519,232,-287,751,41,-1.293136604563755,0.5494169581069681
36,1570910400,454,383,-71,837,41,-0.30063785019807093,0.8892275835662778
36,1570924800,231,410,179,641,41,0.8480875599473966,0.11477546042645563
36,1570939200,70,234,164,304,41,0.7791640353386686,-1.2168080370129326
36,1570953600,153,101,-52,254,41,-0.2133347190270154,-1.4143723541404383
36,1570968000,391,201,-190,592,41,-0.8474311454273135,-0.07883757035849992
36,1570982400,544,312,-232,856,41,-1.040417014331752,0.96430202407473
36,1570996800,412,347,-65,759,41,-0.2730684403545797,0.581027248847369
36,1571011200,133,440,307,573,41,1.436234969941876,-0.15391201086695208
36,1571025600,60,160,100,220,41,0.48509033034142884,-1.5487160897871421
36,1571040000,259,82,-177,341,41,-0.7876974240997491,-1.0706104423385785
36,1571054400,405,250,-155,655,41,-0.6866095880069479,0.17009346922215723
36,1571068800,402,299,-103,701,41,-0.4476747026966908,0.35185264097946245
36,1571083200,354,554,200,908,41,0.9445804943996159,1.169768913887336
36,1571097600,121,441,320,562,42,1.5527993265914295,-0.11690654831724313
36,1571112000,31,122,91,153,42,0.4578708864773262,-1.631401787377276
36,1571126400,426,116,-310,542,42,-1.45944922044737,-0.19096499521504426
36,1571140800,546,276,-270,822,42,-1.2681953444449066,0.8458532613541714
36,1571155200,457,329,-128,786,42,-0.5892440846361613,0.7125480569381294
36,1571169600,415,602,187,1017,42,0.9168801888832385,1.5679231186077323
36,1571184000,152,530,378,682,42,1.8301174467950014,0.32744413306956355
36,1571198400,29,131,102,160,42,0.5104657023780036,-1.6054813309630456
36,1571212800,423,114,-309,537,42,-1.4546678735473084,-0.20947960693949452
36,1571227200,563,256,-307,819,42,-1.4451051797471852,0.8347444943195013
36,1571241600,415,368,-47,783,42,-0.20195498573117274,0.7014392899034592
36,1571256000,337,535,198,872,42,0.9694750047839159,1.0309993785986742
36,1571270400,96,408,312,504,42,1.5145485513909367,-0.3316760443208664
36,1571284800,29,105,76,134,42,0.38615068297640237,-1.701757311930187
36,1571299200,439,117,-322,556,42,-1.516825383248109,-0.13912408238658347
36,1571313600,534,260,-274,794,42,-1.287320732045153,0.7421714356972499
36,1571328000,449,358,-91,807,42,-0.4123342493338825,0.7903094261808206
36,1571342400,442,621,179,1063,42,0.8786294136827458,1.7382575464726748
36,1571356800,150,508,358,658,42,1.7344905087937699,0.23857399679220223
36,1571371200,36,146,110,182,42,0.5487164775784963,-1.5240170393754644
36,1571385600,418,131,-287,549,42,-1.3494782417459534,-0.16504453880081385
36,1571400000,557,295,-262,852,42,-1.2299445692444138,0.956940931700873
36,1571414400,454,307,-147,761,42,-0.6800896757373314,0.619974998315878
36,1571428800,471,572,101,1043,42,0.5056843554779421,1.6641990995748737
36,1571443200,169,485,316,654,42,1.533673938991183,0.223762307412642
36,1571457600,42,165,123,207,42,0.610873987279297,-1.4314439807532129
36,1571472000,151,92,-59,243,42,-0.25933114853191175,-1.298138776337171
36,1571486400,331,194,-137,525,42,-0.6322762067367155,-0.25391467507817517
36,1571500800,404,281,-123,685,42,-0.5653373501358533,0.3385529001042337
36,1571515200,388,425,37,813,42,0.19967815387400054,0.8125269602501609
36,1571529600,175,281,106,456,42,0.52959108997825,-0.5094163168755891
36,1571544000,55,217,162,272,42,0.7973465163816988,-1.1907540283353593
36,1571558400,96,87,-9,183,42,-0.020263803528832437,-1.5203141170305743
36,1571572800,287,168,-119,455,42,-0.546211962535607,-0.5131192392204791
36,1571587200,326,270,-56,596,42,-0.244987107831727,0.008992811409018767
36,1571601600,241,257,16,498,42,0.09926986897270723,-0.3538935783902067
36,1571616000,102,278,176,380,42,0.864285372982561,-0.7908384150872333
36,1571630400,29,101,72,130,42,0.367025295376156,-1.7165690013097472
36,1571644800,425,123,-302,548,42,-1.4211984452468773,-0.1687474611457039
36,1571659200,524,249,-275,773,42,-1.2921020789452144,0.6644100664545587
36,1571673600,411,372,-39,783,42,-0.16370421053068004,0.7014392899034592
36,1571688000,419,672,253,1091,42,1.2324490842873033,1.8419393721295965
36,1571702400,152,442,290,594,43,1.3842603084582947,0.001640882001510045
36,1571716800,33,149,116,182,43,0.5537723079482202,-1.4927708103210762
36,1571731200,403,116,-287,519,43,-1.369714267945803,-0.2704000814067278
36,1571745600,535,318,-217,853,43,-1.0356098999245087,0.9410890089712912
36,1571760000,418,333,-85,751,43,-0.40558452022721075,0.5711132987360878
36,1571774400,360,670,310,1030,43,1.4797186993215217,1.5831056826147325
36,1571788800,115,449,334,564,43,1.594268768357394,-0.10717550336178508
36,1571803200,31,135,104,166,43,0.496497273430284,-1.550806215848167
36,1571817600,445,116,-329,561,43,-1.5701768887585796,-0.11805714189811459
36,1571832000,553,302,-251,855,43,-1.1978891643919944,0.9483434346621775
36,1571846400,442,329,-113,771,43,-0.5392262674357284,0.6436575556449512
36,1571860800,404,602,198,1006,43,0.9451517104874506,1.4960525743240964
36,1571875200,158,481,323,639,43,1.541766653382619,0.16486546004645272
36,1571889600,37,129,92,166,43,0.4392222389123478,-1.550806215848167
36,1571904000,435,136,-299,571,43,-1.4269893024637392,-0.08178501344368289
36,1571918400,537,293,-244,830,43,-1.164478727589865,0.8576631135260984
36,1571932800,456,355,-101,811,43,-0.4819512329177923,0.7887460694626781
36,1571947200,407,613,206,1020,43,0.9833350668327414,1.5468335541603007
36,1571961600,152,533,381,685,43,1.8185959868859773,0.33171725093683857
36,1571976000,35,139,104,174,43,0.496497273430284,-1.5217885130846216
36,1571990400,400,129,-271,529,43,-1.2933475552552214,-0.23412795295229605
36,1572004800,535,252,-283,787,43,-1.3506225897731576,0.7016929611720419
36,1572019200,453,338,-115,791,43,-0.5487721065220512,0.7162018125538147
36,1572033600,464,536,72,1000,43,0.34376384804912086,1.4742892972514374
36,1572048000,180,473,293,653,43,1.3985790670877787,0.2156464398826571
36,1572062400,51,172,121,223,43,0.5776369056640269,-1.3440550836579062
36,1572076800,145,90,-55,235,43,-0.2623969339323703,-1.3005285295125881
36,1572091200,350,229,-121,579,43,-0.5774096237810192,-0.052767310680137514
36,1572105600,443,255,-188,698,43,-0.8971952331728296,0.3788710179275998
36,1572120000,397,344,-53,741,43,-0.25285109484604756,0.5348411702816561
36,1572134400,166,339,173,505,43,0.8258287219084169,-0.32118106124293216
36,1572148800,50,179,129,229,43,0.6158202620093177,-1.3222918065852471
36,1572163200,97,84,-13,181,43,-0.06193431311959368,-1.4963980231665195
36,1572177600,227,119,-108,346,43,-0.5153616697199217,-0.8979079036683962
36,1572192000,221,204,-17,425,43,-0.08102599129223906,-0.6113580888783858
36,1572206400,285,299,14,584,43,0.06693451454576271,-0.03463124645292166
36,1572220800,86,249,163,335,43,0.7780995264768035,-0.9378072449682712
36,1572235200,33,109,76,142,43,0.36285552622176626,-1.637859324138803
36,1572249600,395,89,-306,484,43,-1.4603997392658685,-0.3973525309972387
36,1572264000,558,290,-268,848,43,-1.2790287966257374,0.9229529447440754
36,1572278400,404,307,-97,711,43,-0.4628595547451469,0.426024784918361
36,1572292800,417,738,321,1155,43,1.5322208142962965,2.036507288295129
36,1572307200,135,424,289,559,44,1.3052590035068217,-0.10675897337376683
36,1572321600,42,146,104,188,44,0.4731276224444105,-1.5355558712191573
36,1572336000,412,121,-291,533,44,-1.3035853263104673,-0.20689029236023626
36,1572350400,557,279,-278,836,44,-1.2451112292628383,0.9600246942897727
36,1572364800,411,350,-61,761,44,-0.26904360931395616,0.6711843510595724
36,1572379200,396,626,230,1022,44,1.0398765630598905,1.6763487455006691
36,1572393600,113,539,426,652,44,1.9214860262395261,0.25140305223168147
36,1572408000,36,150,114,186,44,0.5181076970964327,-1.5432582803719626
36,1572422400,397,100,-297,497,44,-1.3305733711016805,-0.34553365711073236
36,1572436800,542,235,-307,777,44,-1.3755534457537029,0.7328036242820152
36,1572451200,452,344,-108,796,44,-0.4804499601784606,0.8059765112336659
36,1572465600,393,575,182,968,44,0.8239722047301837,1.468383698374925
36,1572480000,139,484,345,623,44,1.557147421558146,0.13971811951600402
36,1572494400,37,139,102,176,44,0.46413160751400606,-1.5817703261359894
36,1572508800,389,82,-307,471,44,-1.3755534457537029,-0.4456649760972018
36,1572523200,509,276,-233,785,44,-1.0427008933287385,0.7636132608932366
36,1572537600,357,301,-56,658,44,-0.24655357198794506,0.27451027969009745
36,1572552000,405,601,196,1006,44,0.8869443092430148,1.6147294722782266
36,1572566400,117,500,383,617,44,1.7280717052358305,0.11661089205758801
36,1572580800,47,208,161,255,44,0.7295140479609371,-1.2775251646001784
36,1572595200,384,116,-268,500,44,-1.2001311546108162,-0.33398004338152437
36,1572609600,591,276,-315,867,44,-1.4115375054753205,1.0794120361582555
36,1572624000,481,350,-131,831,44,-0.5839041318781117,0.9407686714077593
36,1572638400,428,499,71,927,44,0.32469337609273713,1.3104843107424156
36,1572652800,191,478,287,669,44,1.2962629885764172,0.3168735300305268
36,1572667200,51,195,144,246,44,0.6530479210524993,-1.3121860057878025
36,1572681600,141,74,-67,215,44,-0.2960316541051695,-1.4315733476562853
36,1572696000,376,241,-135,617,44,-0.6018961617389207,0.11661089205758801
36,1572710400,412,288,-124,700,44,-0.5524180796216962,0.4362608718990096
36,1572724800,390,322,-68,712,44,-0.30052966157037175,0.48247532681584165
36,1572739200,136,355,219,491,44,0.990398480942666,-0.3686408845691484
36,1572750000,51,209,158,260,44,0.7160200255653304,-1.258269141718165
36,1572764400,80,76,-4,156,44,-0.012657183797429507,-1.6587944176640428
36,1572778800,254,80,-174,334,44,-0.7773184528818073,-0.9732800030643676
36,1572793200,333,268,-65,601,44,-0.28703563917476504,0.05499161883514529
36,1572807600,388,235,-153,623,44,-0.6828602961125607,0.13971811951600402
36,1572822000,138,263,125,401,44,0.5675857792136572,-0.7152492964453887
36,1572836400,39,130,91,169,44,0.4146535253967816,-1.608728758170808
36,1572850800,189,64,-125,253,44,-0.5569160870868984,-1.2852275737529837
36,1572865200,674,227,-447,901,44,-2.0052744908820137,1.2103529917559461
36,1572879600,396,242,-154,638,44,-0.687358303577763,0.19748618816204408
36,1572894000,456,550,94,1006,44,0.4281475477923883,1.6147294722782266
36,1572908400,175,571,396,746,44,1.7865458022834595,0.6134162824135324
36,1572922800,48,283,235,331,45,0.9875003435676196,-1.0053478509254439
36,1572937200,192,61,-131,253,45,-0.600184551456065,-1.2999645035447975
36,1572951600,587,199,-388,786,45,-1.7150343274699638,0.7132492893541192
36,1572966000,409,384,-25,793,45,-0.14036324306122738,0.7396892453584202
36,1572980400,445,476,31,921,45,0.10256122175113966,1.2231627265799236
36,1572994800,164,658,494,822,45,2.111025993324817,0.8492262059476671
36,1573009200,36,231,195,267,45,0.8139828687016432,-1.2470845915361957
36,1573023600,197,84,-113,281,45,-0.5221016877663757,-1.1942046795275938
36,1573038000,715,258,-457,973,45,-2.014351971613773,1.4195738283261594
36,1573052400,399,313,-86,712,45,-0.4049773922318415,0.4337411830229375
36,1573066800,464,444,-20,908,45,-0.11867355870298033,1.1740599511433647
36,1573081200,188,594,406,782,45,1.729287548619669,0.6981407430659472
36,1573095600,75,343,268,418,45,1.1306522603320504,-0.6767369691577033
36,1573110000,204,110,-94,314,45,-0.4396808872050368,-1.069559172650175
36,1573124400,738,262,-476,1000,45,-2.096772772175112,1.5215565157713205
36,1573138800,397,265,-132,662,45,-0.6045224883277145,0.2448843544207877
36,1573153200,435,586,151,1021,45,0.6231136463490691,1.6008763837842233
36,1573167600,187,604,417,791,45,1.7770048542078125,0.7321349722143342
36,1573182000,65,304,239,369,45,1.0048520910542171,-0.8618166611878101
36,1573196400,208,79,-129,287,45,-0.5915086777127662,-1.1715418600953358
36,1573210800,709,254,-455,963,45,-2.005676097870474,1.3818024626057295
36,1573225200,414,282,-132,696,45,-0.6045224883277145,0.37330699787024957
36,1573239600,491,553,62,1044,45,0.23703726477227144,1.6877505249412121
36,1573254000,223,506,283,729,45,1.1957213134067914,0.49795250474766845
36,1573268400,69,269,200,338,45,0.8356725530598902,-0.9789078949211429
36,1573282800,110,76,-34,186,45,-0.17940467490607206,-1.5530326538716783
36,1573297200,322,157,-165,479,45,-0.747674405092145,-0.44633163826308053
36,1573311600,399,222,-177,621,45,-0.799729647551938,0.09002175496702489
36,1573326000,404,335,-69,739,45,-0.3312324654138015,0.5357238704680984
36,1573340400,191,295,104,486,45,0.41923061338154666,-0.4198916822587796
36,1573354800,78,267,189,345,45,0.7879552474717466,-0.952467938916842
36,1573369200,79,68,-11,147,45,-0.07963212685813563,-1.7003409801813552
36,1573383600,230,152,-78,382,45,-0.37027389725864623,-0.8127138857512511
36,1573398000,393,311,-82,704,45,-0.38762564474524386,0.40352409044659354
36,1573412400,321,314,-7,635,45,-0.062280379371537985,0.1429016669756268
36,1573426800,153,327,174,480,45,0.7228861943970055,-0.44255450169103755
36,1573441200,42,187,145,229,45,0.5970860251191725,-1.3906157812738296
36,1573455600,155,67,-88,222,45,-0.41365326597514035,-1.4170557372781305
36,1573470000,515,218,-297,733,45,-1.3202820721498671,0.5130610510358404
36,1573484400,378,309,-69,687,45,-0.3312324654138015,0.3393127687218626
36,1573498800,400,513,113,913,45,0.45827204522639137,1.1929456340035798
36,1573513200,157,475,318,632,45,1.3475491039145209,0.13157025725949784
36,1573527600,70,282,212,352,46,0.9239520084888859,-0.8843678985747526
36,1573542000,212,85,-127,297,46,-0.5498580628605156,-1.086354238866198
36,1573556400,677,215,-462,892,46,-2.0062780448724613,1.0987707151958017
36,1573570800,392,249,-143,641,46,-0.6194184202103399,0.17697850768393292
36,1573585200,414,536,122,950,46,0.5326749983961245,1.3117744922304169
36,1573599600,170,568,398,738,46,1.732591162680593,0.5332089623797547
36,1573614000,45,292,247,337,46,1.0761152901916267,-0.9394550822906014
36,1573628400,199,66,-133,265,46,-0.5759431968666997,-1.2038735641266753
36,1573642800,687,249,-438,936,46,-1.9019375088477248,1.260359787428958
36,1573657200,349,337,-12,686,46,-0.04989299440865371,0.3422400588314791
36,1573671600,438,524,86,962,46,0.3761641943590199,1.3558442392030958
36,1573686000,165,464,299,629,46,1.3021864515785555,0.13290876071125393
36,1573700400,53,335,282,388,46,1.2282785718943672,-0.7521586576567157
36,1573714800,223,87,-136,310,46,-0.5889857638697918,-1.0386120129791292
36,1573729200,732,259,-473,991,46,-2.0541007905504656,1.4623461277204033
36,1573743600,404,278,-126,682,46,-0.5455105405261517,0.32755014317391945
36,1573758000,461,556,95,1017,46,0.415291895368296,1.557830579494541
36,1573772400,218,526,308,744,46,1.3413141525878316,0.5552438358660942
36,1573786800,59,285,226,344,46,0.9848173211699822,-0.913747729889872
36,1573801200,205,108,-97,313,46,-0.41943239282959516,-1.0275945762359593
36,1573815600,718,259,-459,977,46,-1.993235477869369,1.4109314229189445
36,1573830000,434,326,-108,760,46,-0.4672551385075993,0.6140034984963328
36,1573844400,511,566,55,1077,46,0.2413910019937354,1.778179314357936
36,1573858800,184,506,322,690,46,1.402179465268928,0.35692997448903874
36,1573873200,62,252,190,314,46,0.8283065171328776,-1.0239220973215695
36,1573887600,94,67,-27,161,46,-0.11510582942411396,-1.5858113712232265
36,1573902000,295,189,-106,484,46,-0.4585600938388713,-0.3996006818752838
36,1573916400,374,220,-154,594,46,-0.6672411658883441,0.004371998707606883
36,1573930800,399,268,-131,667,46,-0.5672481521979718,0.2724629594580707
36,1573945200,183,259,76,442,46,0.3326889710153797,-0.5538447962796602
36,1573959600,65,253,188,318,46,0.8196114724641496,-1.0092321816640097
36,1573974000,77,58,-19,135,46,-0.08032565074920182,-1.6812958229973642
36,1573988400,227,112,-115,339,46,-0.49768779484814746,-0.9321101244618215
36,1574002800,327,287,-40,614,46,-0.17162361977084617,0.07782157699540519
36,1574017200,295,332,37,627,46,0.1631355999751831,0.1255638028824741
36,1574031600,145,266,121,411,46,0.5283274760617604,-0.6676916426257477
36,1574046000,39,169,130,208,46,0.5674551770710367,-1.4132048622469005
36,1574060400,194,73,-121,267,46,-0.5237729288543316,-1.1965286062978955
36,1574074800,655,269,-386,924,46,-1.675866347460796,1.216290040456279
36,1574089200,393,274,-119,667,46,-0.5150778841856035,0.2724629594580707
36,1574103600,454,530,76,984,46,0.3326889710153797,1.4366387753196739
36,1574118000,162,602,440,764,46,1.9151871007238817,0.6286934141538925
36,1574132400,49,274,225,323,47,0.9553862114334309,-1.0361217566308505
36,1574146800,232,98,-134,330,47,-0.5451672568992014,-1.0102098991581157
36,1574161200,688,193,-495,881,47,-2.0540803545818767,1.0294234533385789
36,1574175600,394,222,-172,616,47,-0.7040002145500094,0.04847456329933368
36,1574190000,472,588,116,1060,47,0.49978641185611355,1.6920266658556538
36,1574204400,198,602,404,800,47,1.7035730382622365,0.7295862454397907
36,1574218800,72,356,284,428,47,1.2019952772596851,-0.6474438945398289
36,1574233200,209,116,-93,325,47,-0.3737948552233299,-1.0287183687814978
36,1574247600,679,236,-443,915,47,-1.836729991480771,1.1552810467775763
36,1574262000,406,290,-116,696,47,-0.4699305927488189,0.3446100772734454
36,1574276400,423,568,145,991,47,0.6210010374317302,1.4366097850529824
36,1574290800,188,609,421,797,47,1.7746298877375979,0.7184811636657614
36,1574305200,61,256,195,317,47,0.8299917711827932,-1.058331920178909
36,1574319600,201,71,-130,272,47,-0.5284479981991165,-1.2249081467893468
36,1574334000,689,199,-490,888,47,-2.03318128120677,1.0553353108113135
36,1574348400,396,290,-106,686,47,-0.4281324459986062,0.3075931380266814
36,1574362800,473,539,66,1012,47,0.2907956781050505,1.5143453574711867
36,1574377200,210,663,453,873,47,1.9083839573382781,0.9998099019411676
36,1574391600,77,297,220,374,47,0.9344871380583247,-0.8473353664723543
36,1574406000,204,126,-78,330,47,-0.31109763509801097,-1.0102098991581157
36,1574420400,640,262,-378,902,47,-1.5650420376043892,1.1071590257567832
36,1574434800,427,284,-143,711,47,-0.5827855889743928,0.40013548614359135
36,1574449200,497,539,42,1036,47,0.19048012590454028,1.6031860116634202
36,1574463600,213,537,324,750,47,1.3691878642605357,0.5445015492059708
36,1574478000,66,257,191,323,47,0.8132725124827082,-1.0361217566308505
36,1574492400,91,87,-4,178,47,-0.0017913491464376823,-1.572867375708928
36,1574506800,299,197,-102,496,47,-0.4114131872985212,-0.3957287076618339
36,1574521200,410,203,-207,613,47,-0.8502937281757534,0.0373694815253045
36,1574535600,381,313,-68,694,47,-0.2692994883477984,0.3372066894240926
36,1574550000,221,365,144,586,47,0.6168212227567089,-0.06257625444095821
36,1574564400,66,271,205,337,47,0.8717899179330058,-0.9842980416853809
36,1574578800,92,72,-20,164,47,-0.06866838394677784,-1.6246910906543977
36,1574593200,206,94,-112,300,47,-0.4532113340487338,-1.1212607168984077
36,1574607600,308,267,-41,575,47,-0.15644449212222433,-0.10329488761239858
36,1574622000,285,315,30,600,47,0.14032234980428515,-0.01075253949548866
36,1574636400,137,317,180,454,47,0.7672945510574742,-0.5511998524982425
36,1574650800,44,171,127,215,47,0.5457643732813475,-1.4359047004959014
36,1574665200,198,57,-141,255,47,-0.5744259596243503,-1.2878369435088455
36,1574679600,720,226,-494,946,47,-2.0499005399068553,1.2700335584425446
36,1574694000,391,239,-152,630,47,-0.6204039210495842,0.10029827824480324
36,1574708400,514,514,0,1028,47,0.014927909553647358,1.573572460266009
36,1574722800,209,406,197,615,47,0.8383514005328357,0.04477286937465729
36,1574737200,47,228,181,275,48,1.1306653459201186,-0.8901240430369632
36,1574751600,196,66,-130,262,48,-0.7032786188642586,-0.9421981593444937
36,1574766000,669,254,-415,923,48,-2.383902509422289,1.7055703698307096
36,1574780400,405,277,-128,682,48,-0.6914847670006934,0.7401963675141832
36,1574794800,462,507,45,969,48,0.32868341919769006,1.889832627534279
36,1574809200,203,556,353,759,48,2.1449366061867194,1.0486353641049406
36,1574823600,44,182,138,226,48,0.8770975308534684,-1.086403404503809
36,1574838000,184,90,-94,274,48,-0.4909892853200863,-0.8941297442913887
36,1574852400,626,222,-404,848,48,-2.319036324172681,1.405142775748803
36,1574866800,390,302,-88,692,48,-0.4556077297293909,0.7802533800584374
36,1574881200,490,473,-17,963,48,-0.036925988572828916,1.8657984200077264
36,1574895600,203,388,185,591,48,1.154253049647249,0.3756775533614698
36,1574910000,65,205,140,270,48,0.8888913827170336,-0.9101525493090904
36,1574924400,78,72,-6,150,48,0.027940196676779282,-1.390836699840141
36,1574938800,243,148,-95,391,48,-0.4968862112518688,-0.42546269752361443
36,1574953200,290,205,-85,495,48,-0.4379169519340432,-0.008869767063370608
36,1574967600,329,265,-64,594,48,-0.3140815073666094,0.3876946571247461
36,1574982000,162,270,108,432,48,0.7001897528999915,-0.2612289460921721
36,1574996400,80,195,115,275,48,0.7414682344224695,-0.8901240430369632
36,1575010800,100,55,-45,155,48,-0.20203991466274066,-1.3708081935680139
36,1575025200,327,191,-136,518,48,-0.7386601744549539,0.08326136178841408
36,1575039600,375,252,-123,627,48,-0.6620001373417806,0.519882798520785
36,1575054000,383,406,23,789,48,0.19895104869847363,1.1688064017377031
36,1575068400,177,326,149,503,48,0.9419637161030766,0.023175842972032762
36,1575082800,68,273,205,341,48,1.2721915682829001,-0.6257477602448854
36,1575097200,84,61,-23,145,48,-0.07230754416352429,-1.410865206112268
36,1575111600,266,157,-109,423,48,-0.5794431742968247,-0.2972802573820009
36,1575126000,405,191,-214,596,48,-1.198620397133994,0.39570605963359695
36,1575140400,399,286,-113,685,48,-0.6030308780239549,0.7522134712774594
36,1575154800,244,258,14,502,48,0.14587871531243055,0.01917014171760734
36,1575169200,58,299,241,357,48,1.4844809018270724,-0.5616565401740787
36,1575183600,67,50,-17,117,48,-0.036925988572828916,-1.5230248412361798
36,1575198000,201,110,-91,311,48,-0.47329850752473857,-0.7459187978776481
36,1575212400,285,233,-52,518,48,-0.2433183961852186,0.08326136178841408
36,1575226800,204,262,58,466,48,0.4053434563108634,-0.12503510344170782
36,1575241200,116,225,109,341,48,0.7060866788317741,-0.6257477602448854
36,1575255600,39,128,89,167,48,0.5881481601961228,-1.3227397785149086
36,1575270000,161,46,-115,207,48,-0.6148247298875201,-1.1625117283378918
36,1575284400,636,224,-412,860,48,-2.3662117316269415,1.453211190801908
36,1575298800,344,278,-66,622,48,-0.3258753592301745,0.49985429224865785
36,1575313200,412,598,186,1010,48,1.1601499755790314,2.054066378965721
36,1575327600,150,402,252,552,48,1.5493470870766806,0.2194552044388784
36,1575342000,44,216,172,260,49,0.7933423983908887,-1.1736464377853701
36,1575356400,201,75,-126,276,49,-0.5183449805074419,-1.1149990250703368
36,1575370800,713,237,-476,950,49,-2.0589174053880317,1.3555232355504443
36,1575385200,383,287,-96,670,49,-0.3862959155176771,0.32919351303736016
36,1575399600,486,578,92,1064,49,0.4412115584181825,1.7733860511450572
36,1575414000,178,555,377,733,49,1.6956776758209484,0.5601177006028041
36,1575428400,48,241,193,289,49,0.8857767438837241,-1.0673480022393722
36,1575442800,192,74,-118,266,49,-0.4831318965101713,-1.1516536580172327
36,1575457200,712,188,-524,900,49,-2.2701959093716555,1.1722500708159649
36,1575471600,392,319,-73,711,49,-0.28505829902552404,0.4794775081196332
36,1575486000,444,499,55,943,49,0.27835104493080587,1.3298649924876171
36,1575500400,179,521,342,700,49,1.5416204333328893,0.43915741187804774
36,1575514800,44,216,172,260,49,0.7933423983908887,-1.1736464377853701
36,1575529200,184,85,-99,269,49,-0.3995008220166536,-1.140657268133164
36,1575543600,691,209,-482,900,49,-2.085327218385985,1.1722500708159649
36,1575558000,364,220,-144,584,49,-0.5975744195013009,0.013963669694055726
36,1575572400,450,559,109,1009,49,0.5160393619123825,1.57178556993713
36,1575586800,161,523,362,684,49,1.629653143326066,0.38050999916301437
36,1575601200,52,246,194,298,49,0.890178379383383,-1.034358832587166
36,1575615600,205,77,-128,282,49,-0.5271482515067596,-1.0930062453021994
36,1575630000,727,234,-493,961,49,-2.1337452088822317,1.3958433317920298
36,1575644400,401,306,-95,707,49,-0.3818942800180183,0.46481565494087485
36,1575658800,498,599,101,1097,49,0.48082627791511195,1.8943463398698135
36,1575673200,209,494,285,703,49,1.2907272098523364,0.4501538017621165
36,1575687600,64,262,198,326,49,0.9077849213820183,-0.9317258603358576
36,1575702000,103,78,-25,181,49,-0.07377979504190035,-1.4632180380658475
36,1575716400,315,177,-138,492,49,-0.5711646065033479,-0.3232589534173862
36,1575730800,378,237,-141,615,49,-0.5843695130023243,0.1275930318294329
36,1575745200,371,312,-59,683,49,-0.2234354020303005,0.3768445358683248
36,1575759600,204,287,83,491,49,0.40159683892125303,-0.3269244167120758
36,1575774000,72,281,209,353,49,0.9562029118782653,-0.8327583513792387
36,1575788400,66,77,11,143,49,0.08467908294581744,-1.6025056432640519
36,1575802800,251,128,-123,379,49,-0.5051400740084655,-0.7374563057173095
36,1575817200,336,258,-78,594,49,-0.3070664765238182,0.05061830264095159
36,1575831600,305,307,2,612,49,0.04506436344888799,0.11659664194536414
36,1575846000,147,259,112,406,49,0.5292442684113591,-0.6384887967606906
36,1575860400,46,220,174,266,49,0.8021456693902064,-1.1516536580172327
36,1575874800,175,70,-105,245,49,-0.4259106350146066,-1.228628387205714
36,1575889200,608,265,-343,873,49,-1.4734998839334075,1.0732825618593462
36,1575903600,362,241,-121,603,49,-0.4963368030091478,0.08360747229315786
36,1575918000,409,475,66,884,49,0.326769035427053,1.1136026581009315
36,1575932400,187,519,332,706,49,1.4976040783363012,0.46115019164618526
36,1575946800,44,224,180,268,50,0.921915920753653,-1.1503936350101285
36,1575961200,191,79,-112,270,50,-0.41232727633423943,-1.142848892244603
36,1575975600,700,196,-504,896,50,-2.203503075164561,1.218655593364883
36,1575990000,349,290,-59,639,50,-0.17015299741075213,0.24915614799485447
36,1576004400,441,457,16,898,50,0.17254645389606957,1.2262003361304086
36,1576018800,169,522,353,691,50,1.7124093217680552,0.44531945989851784
36,1576033200,33,219,186,252,50,0.9493318768581988,-1.2107515771343327
36,1576047600,186,85,-101,271,50,-0.36206469014257225,-1.1390765208618403
36,1576062000,676,201,-475,877,50,-2.0709926206592564,1.1469805370923907
36,1576076400,407,290,-117,697,50,-0.4351739064213609,0.4679536881950944
36,1576090800,456,527,71,983,50,0.4238593848544055,1.546851903665243
36,1576105200,183,480,297,663,50,1.4565270647922948,0.33969306118116066
36,1576119600,32,215,183,247,50,0.9356238988059259,-1.2296134340481464
36,1576134000,195,71,-124,266,50,-0.46715918854333094,-1.157938377775654
36,1576148400,704,242,-462,946,50,-2.0115913824327407,1.407274162503021
36,1576162800,407,259,-148,666,50,-0.5768230129615138,0.3510101753294489
36,1576177200,489,509,20,998,50,0.19082375796576673,1.6034374744066844
36,1576191600,190,556,366,746,50,1.7718105599945708,0.6527998859504696
36,1576206000,38,245,207,283,50,1.045287723224109,-1.0938080642686872
36,1576220400,177,89,-88,266,50,-0.3026634519160565,-1.157938377775654
36,1576234800,656,208,-448,864,50,-1.9476208181888006,1.0979397091164749
36,1576249200,411,304,-107,715,50,-0.389480646247118,0.535856373084824
36,1576263600,468,479,11,947,50,0.14969982380894814,1.4110465338857838
36,1576278000,213,417,204,630,50,1.031579745171836,0.21520480554998964
36,1576292400,54,224,170,278,50,0.8762226605794101,-1.112669921182501
36,1576306800,98,83,-15,181,50,0.030897347355916628,-1.4785899453104885
36,1576321200,311,189,-122,500,50,-0.45802053650848235,-0.2752034742091688
36,1576335600,451,278,-173,729,50,-0.6910561633971211,0.5886695724435026
36,1576350000,351,319,-32,670,50,-0.04678119494029629,0.36609966086049994
36,1576364400,215,262,47,477,50,0.31419556043622254,-0.3619680160127122
36,1576378800,74,300,226,374,50,1.1321049175551703,-0.7505222684372762
36,1576393200,73,81,8,154,50,0.13599184575667528,-1.580443972645083
36,1576407600,231,148,-83,379,50,-0.2798168218289351,-0.7316604115234625
36,1576422000,391,203,-188,594,50,-0.7595960536584855,0.07939943577053038
36,1576436400,356,328,-28,684,50,-0.028503890870599135,0.41891286021917856
36,1576450800,171,337,166,508,50,0.8579453565097129,-0.24502450314706675
36,1576465200,38,148,110,186,50,0.6020630995339528,-1.4597280883966746
36,1576479600,190,59,-131,249,50,-0.49914447066530093,-1.2220686912826209
36,1576494000,636,212,-424,848,50,-1.8379569937706177,1.0375817669922707
36,1576508400,365,248,-117,613,50,-0.4351739064213609,0.15107449204302276
36,1576522800,476,515,39,991,50,0.2776409522968282,1.5770308747273452
36,1576537200,193,477,284,670,50,1.397125826565779,0.36609966086049994
36,1576551600,40,269,229,309,51,1.2931171022556427,-0.8989051823734449
36,1576566000,181,74,-107,255,51,-0.3745572611639348,-1.1080702122833694
36,1576580400,630,212,-418,842,51,-1.9181487106386033,1.1656311313671086
36,1576594800,327,241,-86,568,51,-0.2703276134502111,0.10431227589823126
36,1576609200,444,526,82,970,51,0.5635095682595775,1.6614297207832265
36,1576623600,166,553,387,719,51,2.077321118387468,0.6891996743500578
36,1576638000,32,233,201,265,51,1.1541442386373446,-1.0693359474852353
36,1576652400,178,77,-101,255,51,-0.34477736181715657,-1.1080702122833694
36,1576666800,697,200,-497,897,51,-2.310250718704516,1.378669587756847
36,1576681200,425,247,-178,672,51,-0.7269527367674764,0.507148629798827
36,1576695600,457,503,46,960,51,0.3848301721789085,1.6226954559850923
36,1576710000,194,454,260,648,51,1.44697991554733,0.41418639428330495
36,1576724400,25,43,18,68,51,0.24585730856061047,-1.8324009640084793
36,1576738800,197,238,41,435,51,0.3600135893899267,-0.4108534459169537
36,1576753200,624,242,-382,866,51,-1.739469314557934,1.2585933668826308
36,1576767600,374,232,-142,606,51,-0.5482733406868074,0.25150248213114124
36,1576782000,443,432,-11,875,51,0.10192112838451597,1.2934542052009514
36,1576796400,172,533,361,705,51,1.9482748878847624,0.63497170363267
36,1576810800,43,272,229,315,51,1.2931171022556427,-0.8756646234945643
36,1576825200,183,60,-123,243,51,-0.45397032608867655,-1.1545513300411305
36,1576839600,643,190,-453,833,51,-2.091864790161476,1.130770293048788
36,1576854000,431,226,-205,657,51,-0.8609622838279782,0.44904723260162577
36,1576868400,529,483,-46,1012,51,-0.07179495113835667,1.8241136329353902
36,1576882800,223,459,236,682,51,1.3278603181602173,0.5458828945969613
36,1576897200,48,189,141,237,51,0.8563452451695629,-1.1777918889200112
36,1576911600,87,88,1,175,51,0.16148092707807232,-1.4179443306684432
36,1576926000,308,161,-147,469,51,-0.5730899234757892,-0.2791569456032974
36,1576940400,404,211,-193,615,51,-0.8014024851344218,0.28636332044946206
36,1576954800,418,262,-156,680,51,-0.6177597724959565,0.5381360416373344
36,1576969200,181,265,84,446,51,0.5734362013751703,-0.3682457546390061
36,1576983600,76,240,164,316,51,0.9705015259988792,-0.8717911970147508
36,1576998000,86,69,-17,155,51,0.07214122903773781,-1.4954128602647117
36,1577012400,253,140,-113,393,51,-0.40433716051071295,-0.5735373580691174
36,1577026800,384,196,-188,580,51,-0.77658590234544,0.1507933936559923
36,1577041200,403,299,-104,702,51,-0.35966731149054565,0.6233514241932296
36,1577055600,213,274,61,487,51,0.459279920545854,-0.20943526896665585
36,1577070000,52,161,109,213,51,0.6975191153200794,-1.2707541244355332
36,1577084400,147,63,-84,210,51,-0.2604009803346184,-1.2823744038749736
36,1577090867,247,80,-167,327,51,-0.6723562546317164,-0.8291835057368032
36,1577098800,261,96,-165,357,51,-0.6624296215161237,-0.7129807113424006
36,1577113200,403,331,-72,734,51,-0.20084118164106207,0.7473010715472591
36,1577127600,455,417,-38,872,51,-0.03208841867598578,1.2818339257615112
36,1577142000,227,414,187,641,51,1.0846578068281956,0.387072408924611
36,1577156400,61,195,134,256,52,1.0719115735137976,-0.9464737921676066
36,1577170800,139,70,-69,209,52,-0.4782081018080255,-1.1543037391337463
36,1577185200,388,227,-161,615,52,-1.1807253930868813,0.6409932495524825
36,1577199600,446,290,-156,736,52,-1.142545105517378,1.1760448151461615
36,1577214000,376,479,103,855,52,0.8351937905828788,1.7022525532093666
36,1577228400,211,306,95,517,52,0.774105330471674,0.20764570055925483
36,1577242800,71,205,134,276,52,1.0719115735137976,-0.8580355168628663
36,1577257200,49,49,0,98,52,0.048679866651116364,-1.6451361670750553
36,1577271600,135,95,-40,230,52,-0.2567624339049079,-1.0614435500637691
36,1577286000,236,175,-61,411,52,-0.4171196416968206,-0.26107715855586894
36,1577300400,236,264,28,500,52,0.2624894770403333,0.13247316655022554
36,1577314800,149,247,98,396,52,0.7970135030133758,-0.3274058650344242
36,1577329200,38,160,122,198,52,0.9802788833469903,-1.2029447905513535
36,1577343600,152,54,-98,206,52,-0.699653769711143,-1.1675694804294574
36,1577358000,402,195,-207,597,52,-1.531984038726309,0.5613988017782162
36,1577372400,413,229,-184,642,52,-1.3563547159065952,0.7603849212138819
36,1577386800,381,494,113,875,52,0.9115543657218849,1.790690828514107
36,1577401200,214,359,145,573,52,1.1559082061667043,0.45527287141252776
36,1577415600,52,195,143,247,52,1.140636091138903,-0.9862710160547398
36,1577430000,152,69,-83,221,52,-0.585112907002634,-1.1012407739509023
36,1577444400,399,186,-213,585,52,-1.5778003838097128,0.508335836595372
36,1577458800,424,233,-191,657,52,-1.4098071185038994,0.8267136276924372
36,1577473200,379,369,-10,748,52,-0.027680708487889696,1.2291077803290058
36,1577487600,214,419,205,633,52,1.6140716570007405,0.7205876973267488
