remote_unit_id,time_stamp,entries,exits,num_people_exited,sum_exit_entry,week_num,z_score_num_people_exited,z_score_sum_exit_entry
300,1546311600,471,290,-181,761,1,-0.377496465590896,-0.24468938268156526
300,1546326000,128,62,-66,190,1,0.23931947784754368,-1.035757160447715
300,1546340400,154,168,14,322,1,0.668408829804719,-0.8528833484247171
300,1546354800,478,417,-61,895,1,0.26613756234486713,-0.05904475532488563
300,1546369200,583,584,1,1167,1,0.5986818101116781,0.31778613005583717
300,1546383600,370,372,2,742,1,0.6040454270111428,-0.2710121283515422
300,1546398000,102,80,-22,182,1,0.4753186214239902,-1.046840421782442
300,1546412400,114,128,14,242,1,0.668408829804719,-0.9637159617719886
300,1546426800,1188,733,-455,1921,1,-1.8471274960442219,1.3623835108538702
300,1546441200,609,597,-12,1206,1,0.5289547904186371,0.371817029062632
300,1546455600,1077,1122,45,2199,1,0.8346809536881246,1.7475268422356383
300,1546470000,674,615,-59,1289,1,0.2768647961437965,0.4868058654104261
300,1546484400,140,46,-94,186,1,0.08913820466253228,-1.0412987911150786
300,1546498800,110,115,5,225,1,0.6201362777095368,-0.9872678921082837
300,1546513200,1381,738,-643,2119,1,-2.855487473143584,1.6366942288883668
300,1546527600,613,572,-41,1185,1,0.373409900334161,0.34272346805897325
300,1546542000,1100,1163,63,2263,1,0.931226057878489,1.8361929329134554
300,1546556400,724,842,118,1566,1,1.2262249873490472,0.8705637891253534
300,1546570800,174,45,-129,219,1,-0.09858838681873196,-0.9955803381093291
300,1546585200,121,118,-3,239,1,0.5772273425138194,-0.9678721847725112
300,1546599600,1305,782,-523,2087,1,-2.211853445207821,1.5923611835494582
300,1546614000,660,556,-104,1216,1,0.03550203566788535,0.3856711057310409
300,1546628400,1163,1413,250,2576,1,1.9342224180783865,2.269825532634655
300,1546642800,799,849,50,1648,1,0.861499038185448,0.9841672178063066
300,1546657200,322,58,-264,380,1,-0.8226766682464655,-0.7725297037479454
300,1546671600,81,41,-40,122,1,0.3787735172336257,-1.1299648817928958
300,1546686000,245,150,-95,395,1,0.08377458776306759,-0.751748588745332
300,1546700400,495,350,-145,845,1,-0.18440625721016704,-0.12831513866693026
300,1546714800,622,311,-311,933,1,-1.074766662521306,-0.006399263984931705
300,1546729200,408,285,-123,693,1,-0.0664066854219438,-0.33889710402674594
300,1546743600,297,73,-224,370,1,-0.6081319922678777,-0.7863837804163543
300,1546758000,73,44,-29,117,1,0.4377733031277373,-1.1368919201271002
300,1546772400,169,156,-13,325,1,0.5235911735191724,-0.8487271254241945
300,1546786800,425,311,-114,736,1,-0.018134133326761573,-0.27932457435258756
300,1546801200,504,228,-276,732,1,-0.8870400710400418,-0.28486620501995114
300,1546815600,327,143,-184,470,1,-0.39358731628929006,-0.647843013732265
300,1546830000,110,32,-78,142,1,0.17495607505396737,-1.1022567284560778
300,1546844400,110,98,-12,208,1,0.5289547904186371,-1.010819822444579
300,1546858800,1404,694,-710,2098,1,-3.2148498054077184,1.6076006678847081
300,1546873200,535,448,-87,983,1,0.12668352295878513,0.06287111935711293
300,1546887600,1040,974,-66,2014,1,0.23931947784754368,1.4912264238700732
300,1546902000,608,564,-44,1172,1,0.35731904963576694,0.32471316839004166
300,1546916400,165,72,-93,237,2,0.06463391324325161,-1.1952040588599688
300,1546930800,121,101,-20,222,2,0.38271991324936644,-1.2140073690630349
300,1546945200,1449,806,-643,2255,2,-2.3319044429672022,1.334467940459185
300,1546959600,513,571,58,1084,2,0.7225926255846671,-0.13344380939350534
300,1546974000,1115,1182,67,2297,2,0.7618087077772018,1.38711720902777
300,1546988400,676,787,111,1463,2,0.9535317762740382,0.3416531617372971
300,1547002800,142,90,-52,232,2,0.24328495434257638,-1.2014718289276574
300,1547017200,137,133,-4,270,2,0.45243739270276145,-1.1538367764132234
300,1547031600,1512,722,-790,2234,2,-2.972433785445269,1.3081433061748924
300,1547046000,614,528,-86,1142,2,0.09513531050411195,-0.06073767660831657
300,1547060400,1174,1154,-20,2328,2,0.38271991324936644,1.4259773834474399
300,1547074800,779,862,83,1641,2,0.8315261872305968,0.5647857761470143
300,1547089200,216,119,-97,335,2,0.04720454337990286,-1.0723557655332705
300,1547103600,132,110,-22,242,2,0.37400522831769206,-1.18893628879228
300,1547118000,1526,770,-756,2296,2,-2.8242841416068045,1.3858636550142323
300,1547132400,573,550,-23,1123,2,0.3696478858518549,-0.08455520286553357
300,1547146800,1164,1297,133,2461,2,1.0493933105224562,1.5927000672479588
300,1547161200,885,991,106,1876,2,0.9317450639448522,0.8593709693283825
300,1547175600,224,121,-103,345,2,0.021060488584879727,-1.0598202253978932
300,1547190000,125,123,-2,248,2,0.46115207763443583,-1.1814149647110537
300,1547204400,1431,837,-594,2268,2,-2.11839466214118,1.3507641426351755
300,1547218800,660,598,-62,1258,2,0.19971152968420447,0.08467458896206095
300,1547233200,1192,1335,143,2527,2,1.092966735180828,1.6754346321414495
300,1547247600,926,1094,168,2020,2,1.2019002968267578,1.0398827472778167
300,1547262000,417,250,-167,667,2,-0.25780942922870037,-0.6561758330387417
300,1547276400,91,58,-33,149,2,0.326074461193483,-1.3055168120512897
300,1547290800,318,292,-26,610,2,0.3565758584543433,-0.7276284118103927
300,1547305200,693,579,-114,1272,2,-0.026870278539329353,0.10222434515158928
300,1547319600,940,835,-105,1775,2,0.012345803653205348,0.7327620139610711
300,1547334000,765,682,-83,1447,2,0.10820733790162351,0.3215962975206933
300,1547348400,474,269,-205,743,2,-0.4233884429305136,-0.5609057280098737
300,1547362800,101,50,-51,151,2,0.24764229680841357,-1.3030097040242141
300,1547377200,242,213,-29,455,2,0.34350383105683174,-0.9219292839087421
300,1547391600,628,534,-94,1162,2,0.060276570777414426,-0.03566659633756182
300,1547406000,720,551,-169,1271,2,-0.26652411416037475,0.10097079113805153
300,1547420400,537,313,-224,850,2,-0.5061779497814202,-0.4267754485613358
300,1547434800,127,78,-49,205,2,0.2563569817400879,-1.2353177872931764
300,1547449200,136,110,-26,246,2,0.3565758584543433,-1.1839220727381292
300,1547463600,1427,807,-620,2234,2,-2.231685566252947,1.3081433061748924
300,1547478000,538,464,-74,1002,2,0.1474234200941582,-0.2362352385035998
300,1547492400,1064,1050,-14,2114,2,0.40886396804438957,1.157716824550364
300,1547506800,595,647,52,1242,2,0.696448570789644,0.06461772474545716
300,1547521200,144,79,-65,223,3,0.3529184336264336,-1.2422300438910618
300,1547535600,139,100,-39,239,3,0.46318651074233214,-1.2212002267983602
300,1547550000,1560,796,-764,2356,3,-2.611596408835608,1.561307447279732
300,1547564400,608,479,-129,1087,3,0.08148932072576023,-0.10661992088517074
300,1547578800,1135,969,-166,2104,3,-0.07543063516994156,1.2300878280696803
300,1547593200,723,885,162,1608,3,1.3156435684460095,0.578163498195928
300,1547607600,170,75,-95,245,3,0.22568603695424294,-1.213314045388597
300,1547622000,131,115,-16,246,3,0.5607313481910117,-1.2119996818203034
300,1547636400,1546,801,-745,2347,3,-2.5310158909432205,1.5494781751650872
300,1547650800,627,525,-102,1152,3,0.1959984777307318,-0.02118628894607012
300,1547665200,1117,1180,63,2297,3,0.8957766594277803,1.4837599967503945
300,1547679600,777,897,120,1674,3,1.1375182131049426,0.6649114937033225
300,1547694000,217,91,-126,308,3,0.09421256039297929,-1.1305091405860843
300,1547708400,134,126,-8,260,3,0.5946599873035958,-1.1935985918641894
300,1547722800,1501,770,-731,2271,3,-2.4716407724961984,1.4495865439747542
300,1547737200,608,517,-91,1125,3,0.24265035651053504,-0.05667410529000422
300,1547751600,1175,1221,46,2396,3,0.8236783013135389,1.6138819900114862
300,1547766000,772,768,-4,1540,3,0.6116243068598879,0.48878677555194583
300,1547780400,186,114,-72,300,3,0.3232308744029224,-1.141024049132435
300,1547794800,143,111,-32,254,3,0.4928740699658433,-1.2014847732739524
300,1547809200,1420,716,-704,2136,3,-2.3571316154912267,1.2721474622550837
300,1547823600,580,583,3,1163,3,0.6413118660833991,-0.0067282896948377075
300,1547838000,1095,1407,312,2502,3,1.9518055518069626,1.753204528250635
300,1547852400,836,916,80,1752,3,0.9678750175420217,0.7674318520302432
300,1547866800,441,221,-220,662,3,-0.3044489491798847,-0.6652244374100593
300,1547881200,92,69,-23,161,3,0.5310437889675005,-1.323720585125281
300,1547895600,343,299,-44,642,3,0.44198111129696704,-0.6915117087759365
300,1547910000,676,665,-11,1341,3,0.5819367476363767,0.2272284254614686
300,1547924400,1239,827,-412,2066,3,-1.1187362878819047,1.180142012474514
300,1547938800,959,633,-326,1592,3,-0.7540034174216249,0.5571336811032264
300,1547953200,548,235,-313,783,3,-0.6988693788636757,-0.5061864456465028
300,1547967600,134,50,-84,184,3,0.2723379157340462,-1.2934902230545222
300,1547982000,317,238,-79,555,3,0.2935433151794113,-0.8058613392175019
300,1547996400,776,467,-309,1243,3,-0.6819050593073837,0.09842079576867074
300,1548010800,992,690,-302,1682,3,-0.6522175000838725,0.6754264022496733
300,1548025200,747,404,-343,1151,3,-0.8261017755358663,-0.022500652514363974
300,1548039600,260,107,-153,367,3,-0.020296596611992283,-1.0529616900567467
300,1548054000,76,78,2,154,3,0.637070786194326,-1.332921130103338
300,1548068400,666,484,-182,1150,3,-0.1432879133951099,-0.02381501608265783
300,1548082800,620,512,-108,1132,3,0.17055199839629367,-0.04747356031194723
300,1548097200,935,780,-155,1715,3,-0.028778756390138324,0.7188004000033705
300,1548111600,478,418,-60,896,3,0.3741238330717987,-0.35766336242929714
300,1548126000,116,37,-79,153,4,0.0008410022797051787,-1.2465833783814682
300,1548140400,156,109,-47,265,4,0.10848929408196806,-1.1119210033038935
300,1548154800,1900,846,-1054,2746,4,-3.279067888570492,1.8710910731913077
300,1548169200,832,557,-275,1389,4,-0.658504785009155,0.23951211801033714
300,1548183600,1425,1317,-108,2742,4,-0.09671526216609555,1.866281702652823
300,1548198000,925,860,-65,1785,4,0.04793712994319519,0.715639801320333
300,1548212400,256,93,-163,349,4,-0.2817357637012349,-1.0109242219957126
300,1548226800,182,97,-85,279,4,-0.01934305243321911,-1.0950882064191967
300,1548241200,1846,777,-1069,2623,4,-3.329528025352803,1.7232029291328999
300,1548255600,548,499,-49,1047,4,0.10176127584432662,-0.1716890630301138
300,1548270000,1031,1245,214,2276,4,0.9864956740941746,1.305990034919343
300,1548284400,707,861,154,1568,4,0.7846551269649318,0.45473144960753226
300,1548298800,227,112,-115,339,4,-0.12026332599784056,-1.0229476483419246
300,1548313200,126,107,-19,233,4,0.2026815494089481,-1.1503959676117719
300,1548327600,1450,672,-778,2122,4,-2.3506013717759746,1.120829269187678
300,1548342000,533,577,44,1110,4,0.41461412389465313,-0.09594147704897811
300,1548356400,1081,1382,301,2463,4,1.2791644674315767,1.5308281075935077
300,1548370800,822,921,99,1743,4,0.5996346254297924,0.6651414106662425
300,1548385200,231,142,-89,373,4,-0.03279908890850197,-0.9820679987648037
300,1548399600,104,93,-11,197,4,0.2295936223595138,-1.1936803024581353
300,1548407646,927,477,-450,1404,4,-1.24720638080278,0.2575472575296552
300,1548408294,77,26,-51,103,4,0.0950332576066852,-1.3067005101125282
300,1548414000,399,459,60,858,4,0.46843826979578457,-0.3989318209735209
300,1548428400,662,602,-60,1264,4,0.06475717553729876,0.08921928868268694
300,1548442800,1124,1339,215,2463,4,0.9898596832129953,1.5308281075935077
300,1548457200,917,1168,251,2085,4,1.110964011490541,1.0763425917066936
300,1548471600,411,232,-179,643,4,-0.3355599096023663,-0.6574354874170792
300,1548486000,92,58,-34,150,4,0.15222141262663735,-1.2501904062853317
300,1548500400,294,343,49,637,4,0.4314341694887567,-0.6646495432248065
300,1548514800,673,833,160,1506,4,0.8048391816778561,0.38018620626101773
300,1548529200,848,1156,308,2004,4,1.3027125312633219,0.9789528383023761
300,1548543600,738,946,208,1684,4,0.9663116193812503,0.5942031952235917
300,1548558000,430,349,-81,779,4,-0.005887015957936251,-0.4939168891085958
300,1548572400,78,58,-20,136,4,0.19931754029012735,-1.2670232031700286
300,1548586800,237,291,54,528,4,0.4482542150828603,-0.7957048903985174
300,1548601200,488,483,-5,971,4,0.2497776770724381,-0.26306710326132515
300,1548615600,692,579,-113,1271,4,-0.11353530776019913,0.09763568712503536
300,1548630000,520,332,-188,852,4,-0.36583599167175274,-0.40614587678124814
300,1548644400,152,62,-90,214,4,-0.036163098027322683,-1.1732404776695748
300,1548658800,132,109,-23,241,4,0.1892255129336652,-1.1407772265348024
300,1548673200,1381,785,-596,2166,4,-1.7383517121506045,1.1737323451110109
300,1548687600,490,535,45,1025,4,0.4179781330134738,-0.19814060099178024
300,1548702000,1037,1178,141,2215,4,0.7409230084202625,1.2326471342074496
300,1548716400,622,728,106,1350,4,0.6231826892615374,0.19262075526011027
300,1548730800,152,93,-59,245,5,0.025002002142804194,-1.1076634724639145
300,1548745200,139,122,-17,261,5,0.2197756639972302,-1.0863165147332665
300,1548759600,1425,781,-644,2206,5,-2.6879168594009863,1.5086730343986117
300,1548774000,489,519,30,1008,5,0.43773666654861165,-0.08968042568364547
300,1548788400,1103,1175,72,2278,5,0.6325103284030377,1.604734344186527
300,1548802800,718,938,220,1656,5,1.3188556130329199,0.7748713624075921
300,1548817200,181,123,-58,304,5,0.02963947028219529,-1.0289465658321506
300,1548831600,139,124,-15,263,5,0.22905060027601237,-1.0836481450169357
300,1548846000,1459,833,-626,2292,5,-2.6044424328919464,1.623412932200844
300,1548860400,620,612,-8,1232,5,0.26151287725175004,0.20917698254542433
300,1548862290,140,73,-67,213,5,-0.012097742972324568,-1.15035738792521
300,1548874800,935,1022,87,1957,5,0.702072350493904,1.1764610047154047
300,1548889200,614,897,283,1511,5,1.611016105814559,0.5814145579735961
300,1548903600,175,103,-72,278,5,-0.03528508366928004,-1.0636353721444534
300,1548918000,130,109,-21,239,5,0.20122579143966582,-1.1156685816129075
300,1548932400,1357,736,-621,2093,5,-2.5812550921949913,1.3579101454259113
300,1548946800,518,562,44,1080,5,0.502661220500087,0.006380884104269828
300,1548961200,1016,1182,166,2198,5,1.0684323335058006,1.497999555533288
300,1548975600,705,853,148,1558,5,0.9849579069967609,0.6441212463073741
300,1548990000,182,137,-45,319,5,0.08992655609427952,-1.0089337929596682
300,1549004400,129,108,-21,237,5,0.20122579143966582,-1.1183369513292383
300,1549013503,1073,536,-537,1609,5,-2.1917077684861392,0.7121646740738141
300,1549018800,350,510,160,860,5,1.040607524669454,-0.287139784692138
300,1549019213,16,6,-10,22,5,0.25223794097296787,-1.4051866958348187
300,1549020893,54,65,11,119,5,0.3496247719001809,-1.2757707645927663
300,1549033200,520,488,-32,1008,5,0.15021364190636377,-0.08968042568364547
300,1549047600,1095,1344,249,2439,5,1.4533421890752616,1.8195381063511709
300,1549062000,861,908,47,1769,5,0.5165736249182603,0.9256342513802925
300,1549076400,425,252,-173,677,5,-0.5036693657477807,-0.5312956137364228
300,1549090800,88,72,-16,160,5,0.22441313213662129,-1.2210691854079812
300,1549105200,317,359,42,676,5,0.4933862842213048,-0.5326297985945881
300,1549119600,640,602,-38,1242,5,0.12238883307001719,0.22251883112707924
300,1549134000,920,905,-15,1825,5,0.22905060027601237,1.00034860343756
300,1549148400,828,764,-64,1592,5,0.0018146614458487182,0.6894835314850007
300,1549162800,457,294,-163,751,5,-0.4572946843538697,-0.43256593423217643
300,1549177200,102,49,-53,151,5,0.05282681097915076,-1.2330768491314705
300,1549191600,240,250,10,490,5,0.34498730376078973,-0.7807881822133693
300,1549206000,569,498,-71,1067,5,-0.03064761552988895,-0.010963519051881544
300,1549220400,787,660,-127,1447,5,-0.2903458313357903,0.4960267270510047
300,1549234800,550,351,-199,901,5,-0.6242435373719492,-0.23243820550735292
300,1549249200,167,121,-46,288,5,0.08528908795488843,-1.0502935235627984
300,1549263600,121,112,-9,233,5,0.25687540911235895,-1.1236736907619003
300,1549278000,1386,745,-641,2131,5,-2.6740044549828133,1.4086091700362
300,1549292400,532,475,-57,1007,5,0.034276938421586384,-0.09101461054181095
300,1549306800,1046,1035,-11,2081,5,0.24760047283357675,1.3418999271279255
300,1549321200,741,746,5,1487,5,0.3217999630638343,0.5493941213776243
300,1549335600,175,82,-93,257,6,0.02369369812242534,-1.221922112841615
300,1549350000,142,121,-21,263,6,0.323940240729799,-1.2143843187068784
300,1549355491,572,227,-345,799,6,-1.0271692010033824,-0.5410080426704114
300,1549355564,119,141,22,260,6,0.5032541481203138,-1.2181532157742467
300,1549364400,875,422,-453,1297,6,-1.4775390149144427,0.08462887051272411
300,1549378800,588,593,5,1181,6,0.43236260333801724,-0.061101816092182945
300,1549393200,886,1156,270,2042,6,1.537436683767934,1.020571642242515
300,1549407600,860,785,-75,1645,6,0.09875533377426875,0.5218209303274453
300,1549422000,242,118,-124,360,6,-0.10557911883352719,-1.0925233135286372
300,1549436400,137,95,-42,232,6,0.236368332469315,-1.2533295884030173
300,1549450800,1544,725,-819,2269,6,-3.003792273168592,1.3057515203400487
300,1549465200,673,538,-135,1211,6,-0.1514501183985426,-0.023412845418500087
300,1549479600,1135,1210,75,2345,6,0.7242689642062972,1.4012302460467119
300,1549494000,807,985,178,1792,6,1.1537883237696234,0.7064968866284912
300,1549508400,230,130,-100,360,6,-0.005496937964402652,-1.0925233135286372
300,1549522800,123,104,-19,227,6,0.33228042246889267,-1.2596110835152978
300,1549537200,1554,762,-792,2316,6,-2.8911998196908266,1.3647975743954852
300,1549551600,650,547,-103,1197,6,-0.01800721057304322,-0.04100103173288542
300,1549566000,1157,1284,127,2441,6,0.9411136894227337,1.521834952202497
300,1549580400,913,946,33,1859,6,0.5491251476853292,0.7906689211330497
300,1549594800,270,169,-101,439,6,-0.009667028833949508,-0.9932756907546056
300,1549609200,131,118,-13,249,6,0.3573009676861738,-1.2319725050212638
300,1549623600,1065,686,-379,1751,6,-1.1689522905679754,0.6549886267077913
300,1549638000,713,586,-127,1299,6,-0.11808939144216776,0.0871414685576363
300,1549652400,1291,1603,312,2894,6,1.712580500288902,2.090938409375108
300,1549666800,1138,1149,11,2287,6,0.4573831485552983,1.3283649027442583
300,1549681200,559,296,-263,855,6,-0.6852217497005402,-0.47065529741287
300,1549695600,113,65,-48,178,6,0.21134778725203385,-1.3211697356156464
300,1549710000,383,338,-45,721,6,0.22385805986067442,-0.6389993664219867
300,1549724400,753,803,50,1556,6,0.6200166924676257,0.41001031732885274
300,1549738800,1106,1017,-89,2123,6,0.040374061600612764,1.1223318630614587
300,1549753200,1021,1073,52,2094,6,0.6283568742067195,1.085899191410232
300,1549767600,661,337,-324,998,6,-0.9395972927428984,-0.29100453720164837
300,1549782000,134,52,-82,186,6,0.06956469768744075,-1.3111193434359978
300,1549796400,285,299,14,584,6,0.4698934211639389,-0.8111123324984718
300,1549810800,676,636,-40,1312,6,0.2447085142084087,0.10347335584956553
300,1549825200,845,797,-48,1642,6,0.21134778725203385,0.518052033260077
300,1549839600,582,415,-167,997,6,-0.284893026224042,-0.2922608362241045
300,1549854000,168,87,-81,255,6,0.0737347885569876,-1.224434710886527
300,1549868400,124,113,-11,237,6,0.36564114942526754,-1.2470480932907368
300,1549882800,1495,723,-772,2218,6,-2.8077980022998896,1.2416802701947878
300,1549897200,567,547,-20,1114,6,0.32811033159934583,-0.14527385059674133
300,1549911600,1062,1244,182,2306,6,1.1704686872478107,1.3522345841709242
300,1549926000,699,757,58,1456,6,0.6533774194240006,0.28438041508324324
300,1549940400,157,42,-115,199,7,-0.03517182237788357,-1.211059665249155
300,1549954800,142,124,-18,266,7,0.452209144858503,-1.1236959914578737
300,1549969200,1502,733,-769,2235,7,-3.3212249416830053,1.4437528696620257
300,1549983600,535,474,-61,1009,7,0.23615366453721823,-0.1548719671754535
300,1549998000,1012,1204,192,2216,7,1.50736381619501,1.418978096497334
300,1550012400,623,745,122,1368,7,1.1556455924161744,0.3132408520942488
300,1550026800,168,33,-135,201,7,-0.1356627434575509,-1.208451794389714
300,1550041200,151,85,-66,236,7,0.2110309342673014,-1.1628140543494923
300,1550046802,680,373,-307,1053,7,-0.99988466474269,-0.09749880826774628
300,1550055600,917,523,-394,1440,7,-1.437020171439243,0.4071242030341334
300,1550070000,639,573,-66,1212,7,0.2110309342673014,0.10982692505783218
300,1550084400,1186,1237,51,2423,7,0.7989028225833553,1.688892730449502
300,1550098800,818,846,28,1664,7,0.6833382633417379,0.699205739291552
300,1550113200,176,53,-123,229,7,-0.0753681908097505,-1.1719416023575364
300,1550127600,150,124,-26,274,7,0.4120127764266361,-1.1132645080201087
300,1550142000,1517,738,-779,2255,7,-3.371470402222839,1.469831578256438
300,1550144762,124,104,-20,228,7,0.44216005275053627,-1.173245537787257
300,1550156400,566,466,-100,1032,7,0.040196368431866934,-0.12488145229187927
300,1550170800,1328,1459,131,2787,7,1.2008665069020246,2.1635252268678076
300,1550185200,961,1026,65,1987,7,0.8692464673391225,1.1203768830913121
300,1550199600,270,59,-211,329,7,-0.5175282435602868,-1.0415480593854747
300,1550214000,134,108,-26,242,7,0.4120127764266361,-1.1549904417711685
300,1550228400,1371,810,-561,2181,7,-2.276119362454465,1.3733403564571123
300,1550242800,629,706,77,1335,7,0.9295410199869228,0.27021098291346834
300,1550257200,1156,1283,127,2439,7,1.1807683226860912,1.7097556973250319
300,1550271600,1047,993,-54,2040,7,0.2713254869151018,1.1894854608665049
300,1550286000,503,239,-264,742,7,-0.7838291844214053,-0.5030227269108588
300,1550300400,110,52,-58,162,7,0.2512273026991683,-1.259305276148818
300,1550314800,323,318,-5,641,7,0.5175282435602868,-0.6347202053126414
300,1550329200,728,645,-83,1373,7,0.12561365134958416,0.31976052924285187
300,1550343600,929,876,-53,1805,7,0.27635003296908517,0.8830606348821594
300,1550358000,877,735,-142,1612,7,-0.17083456583543447,0.6314010969460798
300,1550372400,451,250,-201,701,7,-0.4672827830204531,-0.5564840795294043
300,1550386800,90,53,-37,143,7,0.35674276983281905,-1.2840800493135098
300,1550401200,241,246,5,487,7,0.5677737041001204,-0.8355262614896167
300,1550415600,636,540,-96,1176,7,0.0602945526478004,0.0628852495878899
300,1550430000,844,700,-144,1544,7,-0.1808836579434012,0.5427334877250778
300,1550444400,625,521,-104,1146,7,0.020098184215933467,0.023767186696271314
300,1550458800,230,90,-140,320,7,-0.16078547372746774,-1.05328347825296
300,1550473200,51,66,15,117,7,0.6180191646399541,-1.317982370486246
300,1550487600,594,346,-248,940,7,-0.7034364475576713,-0.24484351182617625
300,1550502000,607,572,-35,1179,7,0.3667918619407858,0.06679705587705174
300,1550516400,849,807,-42,1656,7,0.3316200395629022,0.6887742558537872
300,1550530800,540,458,-82,998,7,0.13063819740356752,-0.16921525690238032
300,1550545200,134,80,-54,214,8,0.12222260443609015,-1.3430511942211358
300,1550559600,134,108,-26,242,8,0.21218272511632297,-1.307739546562127
300,1550574000,1293,634,-659,1927,8,-1.821558574547512,0.8172649643460749
300,1550588400,563,522,-41,1085,8,0.1639898033233411,-0.24460672597125807
300,1550602800,1002,1159,157,2161,8,0.8001363709907018,1.1123694483535047
300,1550617200,714,763,49,1477,8,0.45314733408123237,0.2497563412548637
300,1550631600,208,126,-82,334,8,0.03226248375585732,-1.1917155613968127
300,1550646000,120,100,-20,220,8,0.23145989383351573,-1.3354844125799197
300,1550660400,1448,587,-861,2035,8,-2.4705565880263345,0.9534670338879656
300,1550674800,616,558,-58,1174,8,0.10937115862462832,-0.13236613162655186
300,1550689200,858,1136,278,1994,8,1.1888926067874221,0.9017606926729885
300,1550703600,664,803,139,1467,8,0.7423048648391236,0.23714503851950344
300,1550718000,189,110,-79,299,8,0.041901068114453696,-1.2358551209705737
300,1550732400,121,136,15,257,8,0.34391004468380676,-1.2888225924590866
300,1550746800,1427,685,-742,2112,8,-2.088226075135345,1.0505740649502395
300,1550761200,593,561,-32,1154,8,0.1929055563991302,-0.15758873709727236
300,1550775600,1000,1215,215,2215,8,0.9864823352568984,1.1804704831244501
300,1550790000,813,939,126,1752,8,0.7005376659518726,0.5965671664772706
300,1550804400,246,154,-92,400,8,0.00013386922720274262,-1.1084809633434352
300,1550818800,134,114,-20,248,8,0.23145989383351573,-1.300172764920911
300,1550833200,1356,669,-687,2025,8,-1.911518695227745,0.9408557311526053
300,1550847600,660,596,-64,1256,8,0.09009398990743557,-0.02895344919659781
300,1550862000,1093,1422,329,2515,8,1.3527485408835607,1.5588095651852576
300,1550876400,1066,1066,0,2132,8,0.29571712289082486,1.07579667042096
300,1551495600,1966,4472,2506,6438,9,3.989284082523774,3.7457869148579035
300,1551510000,104,61,-43,165,9,-0.19689129654391874,-0.8204448527264174
300,1551524400,336,362,26,698,9,-0.08357387749500907,-0.43246437574212876
300,1551538800,711,547,-164,1258,9,-0.39560735023838356,-0.02483010348846707
300,1551553200,887,833,-54,1720,9,-0.21495639233432465,0.3114681711208038
300,1551567600,820,765,-55,1585,9,-0.2165986737698161,0.21319919477393895
300,1551582000,503,274,-229,777,9,-0.5023556435453275,-0.37495882662063007
300,1551596400,102,57,-45,159,9,-0.20017585941490162,-0.8248123627862781
300,1551610800,266,232,-34,498,9,-0.18211076362449574,-0.5780480444041508
300,1551625200,671,634,-37,1305,9,-0.18703760793097007,0.009382058647108105
300,1551639600,776,627,-149,1403,9,-0.3709731287060119,0.0807180562914989
300,1551654000,437,348,-89,785,9,-0.2724362425765252,-0.3691354798741492
300,1551668400,128,99,-29,227,9,-0.17389935644703852,-0.7753139154411907
300,1551682800,108,108,0,216,9,-0.12627319481778662,-0.7833210172176018
300,1551697200,1114,546,-568,1660,9,-1.0590890501769272,0.2677930705221972
300,1551711600,424,467,43,891,9,-0.055655093091654506,-0.2919761354832775
300,1551726000,908,1115,207,2023,9,0.2136790623289424,0.5320274291437672
300,1551740400,676,774,98,1450,9,0.03467038586037495,0.11493021842707407
300,1551754800,148,93,-55,241,10,0.21339592696139295,-1.245245446294511
300,1551769200,158,114,-44,272,10,0.2573499698754204,-1.2082402293252221
300,1551783600,1582,784,-798,2366,10,-2.755499880777006,1.2914024911164195
300,1551798000,584,586,2,1170,10,0.44115778569771696,-0.13628265389227362
300,1551812400,1194,1208,14,2402,10,0.4891076506948378,1.3343762914678516
300,1551826800,780,931,151,1711,10,1.0365352760786344,0.5095180680556386
300,1551841200,192,117,-75,309,10,0.13347948529952489,-1.164072712297361
300,1551855600,147,112,-35,259,10,0.29331236862326104,-1.2237585461187948
300,1551870000,1562,826,-736,2388,10,-2.5077589116252152,1.3176642579978504
300,1551884400,695,577,-118,1272,10,-0.038340864273491496,-0.014523552896548947
300,1551898800,1160,1306,146,2466,10,1.0165561656631672,1.4107741587592868
300,1551913200,797,899,102,1696,10,0.8407399940070573,0.49161231790920845
300,1551927600,206,121,-85,327,10,0.09352126446859084,-1.142585812121645
300,1551942000,135,135,0,270,10,0.43316614153153016,-1.2106276626780794
300,1551946199,78,95,17,173,10,0.501095116944118,-1.3264181802916608
300,1551956400,1506,753,-753,2259,10,-2.575687887037803,1.1636748067385514
300,1551970800,684,658,-26,1342,10,0.3292747673711017,0.06903661445345817
300,1551985200,1143,1459,316,2602,10,1.6958459197890459,1.5731196267535863
300,1551999600,942,1134,192,2076,10,1.2003639814854639,0.9452246549521043
300,1552014000,295,175,-120,470,10,-0.04633250843967831,-0.9718843273923448
300,1552028400,124,125,1,249,10,0.43716196361462356,-1.2356957128830817
300,1552042800,1494,796,-698,2290,10,-2.355917672467666,1.2006800237078403
300,1552057200,753,721,-32,1474,10,0.30529983487254125,0.22660721574204304
300,1552071600,1295,1447,152,2742,10,1.0405310981617277,1.7402399614536006
300,1552086000,989,1165,176,2154,10,1.1364308281559694,1.0383345557135408
300,1552100400,585,271,-314,856,10,-0.8215219925597986,-0.5111096902908769
300,1552114800,109,46,-63,155,10,0.18142935029664572,-1.347905080467377
300,1552129200,384,343,-41,727,10,0.2693374361247006,-0.6650991415501758
300,1552143600,810,755,-55,1565,10,0.21339592696139295,0.3352354332970523
300,1552158000,1071,929,-142,2000,10,-0.1342405942677332,0.8545021875435251
300,1552172400,1013,892,-121,1905,10,-0.05032833052277171,0.7410991032828012
300,1552190400,540,297,-243,837,10,-0.537818624660167,-0.5337903071430218
300,1552204800,127,74,-53,201,10,0.22138757112757976,-1.2929941133516578
300,1552219200,324,333,9,657,10,0.4691285402793708,-0.748659308900183
300,1552233600,773,615,-158,1388,10,-0.19817374759722767,0.12394758156917714
300,1552248000,750,682,-68,1432,10,0.1614502398811787,0.17647111533203877
300,1552262400,575,368,-207,943,10,-0.3939690296688045,-0.4072563394415824
300,1552276800,91,39,-52,130,10,0.22538339321067316,-1.3777479973780937
300,1552291200,428,290,-138,718,10,-0.11825730593535957,-0.6758425916380338
300,1552305600,1209,704,-505,1913,10,-1.5847240104306388,0.7506488366942305
300,1552320000,695,508,-187,1203,10,-0.31405258800693636,-0.09689000357012739
300,1552334400,1117,1208,91,2325,10,0.79678595109303,1.2424601073828438
300,1552348800,594,568,-26,1162,11,0.4550743474321871,-0.1687227866005002
300,1552363200,115,50,-65,165,11,0.2650636971405933,-1.4890550546082266
300,1552377600,462,332,-130,794,11,-0.05162072001206307,-0.656067094149992
300,1552392000,1396,765,-631,2161,11,-2.4925267660656143,1.154258091774343
300,1552406400,780,612,-168,1392,11,-0.23675930234746217,0.13586740561793217
300,1552420800,1142,1269,127,2411,11,1.2005007447299783,1.4853343876639433
300,1552435200,707,666,-41,1373,11,0.3819933280892664,0.11070560713032254
300,1552449600,91,69,-22,160,11,0.47456261925696597,-1.4956765805260186
300,1552464000,426,321,-105,747,11,0.07018097889280477,-0.7183094377772369
300,1552478400,1411,741,-670,2152,11,-2.682537416357208,1.1423393451223174
300,1552492800,854,729,-125,1583,11,-0.0272603802310895,0.3888096956775869
300,1552507200,1227,1302,75,2529,11,0.9471532110078531,1.6416023993238347
300,1552521600,768,648,-120,1416,11,-0.0029000404501159337,0.1676507300233338
300,1552536000,137,68,-69,205,11,0.24557542531581444,-1.4360828472658904
300,1552550400,451,321,-130,772,11,-0.05162072001206307,-0.6852018081882768
300,1552564800,1282,741,-541,2023,11,-2.05404065000809,0.9715039764432836
300,1552579200,780,679,-101,1459,11,0.08966925071758362,0.22459585291634507
300,1552593600,1150,1358,208,2508,11,1.59513824918175,1.6137919904691083
300,1552608000,798,803,5,1601,11,0.6061084540742232,0.4126471889816381
300,1552622400,139,100,-39,239,11,0.3917374640016558,-1.391056471024905
300,1552636800,379,333,-46,712,11,0.3576329883082928,-0.7646601192017809
300,1552651200,1316,791,-525,2107,11,-1.9760875627089747,1.0827456118621892
300,1552665600,768,705,-63,1473,11,0.27480783305298273,0.2431361254861627
300,1552680000,1218,1572,354,2790,11,2.306460170786178,1.9872460522325774
300,1552694400,964,911,-53,1875,11,0.3235285126149299,0.7755068092766401
300,1552708800,333,151,-182,484,11,-0.3049682537341882,-1.0666017010530964
300,1552723200,105,105,0,210,11,0.5817481142932497,-1.4294613213480984
300,1552737600,528,421,-107,949,11,0.06043684298041534,-0.45079979069843973
300,1552752000,864,613,-251,1477,11,-0.6411409427116234,0.2484333462203963
300,1552766400,1025,903,-122,1928,11,-0.01264417636250536,0.8456949840052354
300,1552780800,926,702,-224,1628,11,-0.5095951078943661,0.44840342893771495
300,1552795200,421,162,-259,583,11,-0.6801174863611811,-0.9354954878808147
300,1552809600,150,78,-72,228,11,0.2309592214472303,-1.4056238280440472
300,1552824000,393,318,-75,711,11,0.21634301757864616,-0.7659844243853393
300,1552838400,730,709,-21,1439,11,0.4794346872131607,0.19810974924517705
300,1552852800,780,694,-86,1474,11,0.16275027006050433,0.2444604306697211
300,1552867200,547,314,-233,861,11,-0.5534437195001185,-0.5673386468515791
300,1552881600,85,33,-52,118,11,0.3284005805711246,-1.5512973982354714
300,1552896000,387,264,-123,651,11,-0.017516244318700074,-0.8454427353988434
300,1552910400,1182,719,-463,1901,11,-1.6740193494249025,0.8099387440491586
300,1552924800,699,590,-109,1289,11,0.05069270706802591,-0.0005360282885831912
300,1552939200,1075,1340,265,2415,11,1.8728461226848487,1.490631608398177
300,1552953600,661,552,-109,1213,12,-0.18589222262354446,-0.14000010868649812
300,1552968000,88,61,-27,149,12,0.15428461835174093,-1.5089989832996764
300,1552982400,454,324,-130,778,12,-0.2730106818977029,-0.6996941974616228
300,1552996800,1297,766,-531,2063,12,-1.936558404228062,0.9536550073108718
300,1553011200,759,617,-142,1376,12,-0.3227926586257934,0.06972434296946813
300,1553025600,1168,1401,233,2569,12,1.2328941141270362,1.6047014645987179
300,1553040000,763,606,-157,1369,12,-0.38502012953590664,0.060717771425960375
300,1553054400,120,72,-48,192,12,0.06716615907758247,-1.4536729009609861
300,1553068800,481,340,-141,821,12,-0.31864416056511924,-0.6443681151229322
300,1553083200,1345,777,-568,2122,12,-2.090052832473008,1.0295675388918657
300,1553097600,771,681,-90,1452,12,-0.10707075947073443,0.16750997687040944
300,1553112000,1232,1440,208,2672,12,1.1291816626101807,1.7372267315960463
300,1553126400,796,644,-152,1440,12,-0.3642776392325356,0.15207013993868188
300,1553140800,130,72,-58,202,12,0.02568117847084036,-1.4408063701845464
300,1553155200,428,321,-107,749,12,-0.17759522650219603,-0.7370071367132978
300,1553169600,1452,754,-698,2206,12,-2.6293575803606557,1.1376463974139588
300,1553184000,804,701,-103,1505,12,-0.1610012342594992,0.23570258998553956
300,1553198400,1170,1597,427,2767,12,2.0377027378978334,1.859458773972223
300,1553212800,860,744,-116,1604,12,-0.21493170904826395,0.3630812446722921
300,1553227200,151,76,-75,227,12,-0.044843288560621246,-1.4086400432434472
300,1553241600,384,354,-30,738,12,0.1418391241697183,-0.7511603205673814
300,1553256000,1348,802,-546,2150,12,-1.998785875138175,1.0655938250658967
300,1553270400,821,739,-82,1560,12,-0.07388277498534074,0.30646850925595764
300,1553284800,1125,1660,535,2785,12,2.485740528450648,1.8826185293698143
300,1553299200,841,843,2,1684,12,0.2745910621112931,0.4660134908838092
300,1553313600,281,186,-95,467,12,-0.1278132497741055,-1.0998433046088958
300,1553328000,96,128,32,224,12,0.39904600393151946,-1.4125000024763792
300,1553342400,448,516,68,964,12,0.5483919341157911,-0.46037672501984533
300,1553356800,800,957,157,1757,12,0.917608261515796,0.5599391655518187
300,1553371200,964,1129,165,2093,12,0.9507962460011897,0.9922545996401908
300,1553385600,885,973,88,1858,12,0.6313618953292753,0.6898911263938591
300,1553400000,336,174,-162,510,12,-0.4057626198392777,-1.0445172222702053
300,1553414400,99,90,-9,189,12,0.22895758344387673,-1.457532860193918
300,1553428800,403,382,-21,785,12,0.1791756067157862,-0.690687625918115
300,1553443200,773,773,0,1546,12,0.26629406598994465,0.28845536616894213
300,1553457600,765,833,68,1598,12,0.5483919341157911,0.3553613262064283
300,1553472000,492,454,-38,946,12,0.10865113968432459,-0.4835364804174367
300,1553486400,68,50,-18,118,12,0.19162110089780884,-1.5488852287066395
300,1553500800,415,305,-110,720,12,-0.19004072068421868,-0.7743200759649727
300,1553515200,1162,625,-537,1787,12,-1.961449392592107,0.5985387578811376
300,1553529600,700,660,-40,1360,12,0.10035414356297617,0.04913789372716469
300,1553544000,970,1231,261,2201,12,1.3490520598259141,1.131213132025739
300,1553558400,606,484,-122,1090,13,-0.4558197981772173,-0.10755011754254999
300,1553572800,108,69,-39,177,13,-0.15441586862023784,-1.2730487207039523
300,1553587200,459,346,-113,805,13,-0.42313744436983397,-0.47136950626215535
300,1553601600,1337,657,-680,1994,13,-2.482125734234983,1.0464594522908648
300,1553616000,705,640,-65,1345,13,-0.24883155739712295,0.21797249341709687
300,1553630400,1173,1326,153,2499,13,0.5428076792706062,1.6911218779168322
300,1553644800,787,716,-71,1503,13,-0.27061979326871183,0.4196688562862114
300,1553659200,119,68,-51,187,13,-0.1979923403634156,-1.2602831281172995
300,1553673600,467,297,-170,764,13,-0.6301256851499284,-0.5237084358674319
300,1553688000,1328,734,-594,2062,13,-2.169827686742209,1.133265481880104
300,1553702400,815,628,-187,1443,13,-0.6918590201194302,0.3430753007662945
300,1553716800,1150,1422,272,2572,13,0.974941024057119,1.7843107037993977
300,1553731200,709,719,10,1428,13,0.023521390997737993,0.3239269118863153
300,1553745600,106,79,-27,185,13,-0.11083939687706008,-1.2628362466346301
300,1553760000,440,350,-90,790,13,-0.3396158735287433,-0.49051789514213456
300,1553774400,1343,769,-574,2112,13,-2.097200233836913,1.197093444813368
300,1553788800,804,669,-135,1473,13,-0.5030276425656599,0.38137207852625293
300,1553803200,1251,1530,279,2781,13,1.0003606325739727,2.0511115888604414
300,1553817600,784,840,56,1624,13,0.19056453267991938,0.5741325265847105
300,1553832000,146,97,-49,243,13,-0.19072959507288598,-1.1887958096320437
300,1553846400,400,315,-85,715,13,-0.32145901030241925,-0.5862598395420306
300,1553853000,233,250,17,483,13,0.04894099951459168,-0.8824215875523761
300,1553857367,93,147,54,240,13,0.18330178738938976,-1.1926254874080395
300,1553860800,1188,768,-420,1956,13,-1.5379688464661314,0.9979502004615841
300,1553875200,852,723,-129,1575,13,-0.48123940669407106,0.5115811229101117
300,1553889600,1213,1663,450,2876,13,1.621325354914256,2.1723847184336433
300,1553904000,790,952,162,1742,13,0.5754900330779895,0.7247665191072138
300,1553918400,167,192,25,359,13,0.07799198067671019,-1.040714935626871
300,1553932800,60,116,56,176,13,0.19056453267991938,-1.2743252799626177
300,1553947200,162,463,301,625,13,1.0802508307697987,-0.7011501728219061
300,1553961600,405,864,459,1269,13,1.6540077087216392,0.12095398975853545
300,1553976000,488,1034,546,1522,13,1.9699371288596779,0.44392348220085176
300,1553990400,369,782,413,1151,13,1.4869645670394578,-0.029680002763967803
300,1554004800,163,164,1,327,13,-0.009160962809645325,-1.08156483190416
300,1554019200,57,84,27,141,13,0.0852547259672398,-1.3190048540159025
300,1554033600,130,392,262,522,13,0.938627297604471,-0.8326357764644301
300,1554048000,282,673,391,955,13,1.4070743688436318,-0.27988561746236307
300,1554062400,343,643,300,986,13,1.0766194581245339,-0.2403122804437393
300,1554076800,223,339,116,562,13,0.4084468913958082,-0.7815734061178188
300,1554091200,35,55,20,90,13,0.059835117450386124,-1.3841093762078318
300,1554105600,424,292,-132,716,13,-0.4921335246298655,-0.5849832802833654
300,1554120000,1225,720,-505,1945,13,-1.8466355213136407,0.983908048616266
300,1554134400,787,605,-182,1392,13,-0.6737021568931061,0.27797077857436514
300,1554148800,1030,1235,205,2265,13,0.7316390568243765,1.3924070113891562
300,1554163200,284,312,28,596,14,0.33880758788504745,-0.7915699355091238
300,1554177600,50,6,-44,56,14,0.02567979272478355,-1.4495675215429504
300,1554192000,456,328,-128,784,14,-0.3396359682955244,-0.5624892944454953
300,1554206400,1293,695,-598,1988,14,-2.383664631147247,0.904601619600296
300,1554220800,764,648,-116,1412,14,-0.2874480024354804,0.20273752783088086
300,1554235200,966,1403,437,2369,14,2.117547424281547,1.368855471968607
300,1554249600,266,195,-71,461,14,-0.09174313046031542,-0.9560693320175805
300,1554264000,1,7,6,8,14,0.24312965047496682,-1.5080561958570684
300,1554278400,757,680,-77,1437,14,-0.11783711339033741,0.23320037903615062
300,1554292800,1297,780,-517,2077,14,-2.03139586159195,1.0130493698910563
300,1554307200,818,627,-191,1445,14,-0.6136227890607553,0.24294849142183694
300,1554321600,1242,1499,257,2741,14,1.3347279363808868,1.8221426979030209
300,1554336000,426,400,-26,826,14,0.10396174151484952,-0.5113117044206421
300,1554350400,0,1,1,1,14,0.2213846646999485,-1.516585794194544
300,1554364800,451,359,-92,810,14,-0.1830720707153924,-0.5308079291920148
300,1554379200,1351,781,-570,2132,14,-2.2618927108071443,1.0800676425426496
300,1554393600,799,617,-182,1416,14,-0.5744818146657223,0.20761158402372404
300,1554408000,1277,1537,260,2814,14,1.347774927845898,1.9110942234224086
300,1554422400,407,430,23,837,14,0.3170626021100291,-0.49790804989032345
300,1554436800,1,7,6,8,14,0.24312965047496682,-1.5080561958570684
300,1554451200,395,302,-93,697,14,-0.18742106787039606,-0.668500016639834
300,1554465600,1278,842,-436,2120,14,-1.6791270920366532,1.0654454739641201
300,1554480000,848,707,-141,1555,14,-0.396172931310572,0.37698503672502387
300,1554494400,1232,1717,485,2949,14,2.3262992877217226,2.0755936199308653
300,1554508800,855,954,99,1809,14,0.6475863858903077,0.6864876049705645
300,1554523200,219,162,-57,381,14,-0.0308571702902641,-1.0535504558744437
300,1554537600,124,122,-2,246,14,0.2083376732349375,-1.2180498523829004
300,1554552000,518,596,78,1114,14,0.5562574456352307,-0.16037965853593458
300,1554566400,798,831,33,1629,14,0.36055257366006577,0.4671550762926223
300,1554580800,890,1054,164,1944,14,0.9302712009655459,0.8509870014790212
300,1554595200,782,858,76,1640,14,0.5475594513252233,0.480558730822941
300,1554609600,349,197,-152,546,14,-0.44401190001561236,-0.8524956379196633
300,1554624000,110,79,-31,189,14,0.0822167557398312,-1.2875051531309154
300,1554638400,393,429,36,822,14,0.37359956512507675,-0.5161857606134853
300,1554652800,742,740,-2,1482,14,0.2083376732349375,0.2880335112056362
300,1554667200,786,831,45,1617,14,0.41274053952010975,0.4525329077140928
300,1554681600,474,350,-124,824,14,-0.3222399796755097,-0.5137487325170637
300,1554696000,76,44,-32,120,14,0.07786775858482753,-1.3715826224574599
300,1554710400,411,347,-64,758,14,-0.061300150375289755,-0.5941706596989759
300,1554724800,1194,746,-448,1940,14,-1.7313150578966972,0.846112945286178
300,1554739200,802,542,-260,1344,14,-0.9137035927560082,0.11987857255254715
300,1554753600,1024,1348,324,2372,14,1.6261107457661326,1.3725110141132393
300,1554768000,295,336,41,631,15,0.7260628303412202,-0.5374898885190535
300,1554782400,0,7,7,7,15,0.5706877783814926,-1.306363585277274
300,1554796800,461,316,-145,777,15,-0.123930100967878,-0.35759315818780335
300,1554811200,1251,756,-495,2007,15,-1.7233791652591917,1.1579751863836887
300,1554825600,705,569,-136,1274,15,-0.08280141074324421,0.25479502656994585
300,1554840000,1080,1421,341,2501,15,2.0970191711623465,1.7666668629839464
300,1554854400,278,268,-10,546,15,0.49300025240162876,-0.6422242863146445
300,1554868800,1,5,4,6,15,0.5569782149732814,-1.3075957546631043
300,1554883200,444,373,-71,817,15,0.2142391297679998,-0.30830638275458405
300,1554897600,1342,722,-620,2064,15,-2.294610973934661,1.2282088413760262
300,1554912000,816,612,-204,1428,15,-0.3935515146626995,0.44454911198784
300,1554926400,1160,1238,78,2398,15,0.8951474457091592,1.6397534162434069
300,1554940800,385,438,53,823,15,0.7809010839740653,-0.3009133664396012
300,1554955200,2,2,0,4,15,0.5386987970956664,-1.3100600934347653
300,1554969600,465,322,-143,787,15,-0.11479039202907049,-0.3452714643294985
300,1554984000,1392,743,-649,2135,15,-2.42713675354737,1.3156928677699902
300,1554998400,778,666,-112,1444,15,0.02687509652244588,0.46426382216112766
300,1555012800,1127,1371,244,2498,15,1.6537432876301823,1.762970354826455
300,1555027200,348,322,-26,670,15,0.4198825808911687,-0.48943528247166485
300,1555041600,1,7,6,8,15,0.5661179239120888,-1.3051314158914433
300,1555056000,389,298,-91,687,15,0.12284204037992472,-0.4684884029125466
300,1555070400,1238,781,-457,2019,15,-1.549724695421849,1.1727612190136545
300,1555084800,743,682,-61,1425,15,0.2599376744620373,0.4408526038303485
300,1555099200,1373,1749,376,3122,15,2.256964077591478,2.531844051584675
300,1555113600,863,647,-216,1510,15,-0.44838976829554456,0.5455870016259394
300,1555128000,202,63,-139,265,15,-0.09651097415145547,-0.9884638837330098
300,1555142400,113,55,-58,168,15,0.2736472378702486,-1.1079843141585664
300,1555156800,386,245,-141,631,15,-0.10565068309026299,-0.5374898885190535
300,1555171200,623,397,-226,1020,15,-0.49408831298958206,-0.05817599743099638
300,1555185600,663,410,-253,1073,15,-0.6174743836634834,0.007128980018019133
300,1555200000,500,246,-254,746,15,-0.6220442381328872,-0.39579040914854824
300,1555214400,257,52,-205,309,15,-0.3981213691321032,-0.9342484307564686
300,1555228800,69,68,-1,137,15,0.5341289426262625,-1.1461815651193112
300,1555243200,325,186,-139,511,15,-0.09651097415145547,-0.6853502148187114
300,1555257600,513,334,-179,847,15,-0.27930515292760566,-0.27134130117966965
300,1555272000,534,226,-308,760,15,-0.8688163794806899,-0.3785400377469215
300,1555286400,324,89,-235,413,15,-0.5352170032142158,-0.8061028146300985
300,1555300800,47,24,-23,71,15,0.43359214429938,-1.2275047445841232
300,1555315200,439,297,-142,736,15,-0.11022053755966674,-0.4081121030068531
300,1555329600,1273,763,-510,2036,15,-1.7919269823002482,1.1937080985727726
300,1555344000,713,598,-115,1311,15,0.013165533114234618,0.3003852938456737
300,1555358400,969,1232,263,2201,15,1.7405705225488537,1.397016047234802
300,1555372800,557,486,-71,1043,16,0.20238109724511927,-0.07605292845121493
300,1555387200,73,45,-28,118,16,0.38991329920750273,-1.275669765775495
300,1555401600,489,334,-155,823,16,-0.16396087868139733,-0.36136720327428695
300,1555416000,1309,672,-637,1981,16,-2.2660660262597423,1.1404233887489739
300,1555430400,712,569,-143,1281,16,-0.11162631069189496,0.23260524158465387
300,1555444800,1252,1162,-90,2414,16,0.1195180312617405,1.7019737569234747
300,1555459200,680,643,-37,1323,16,0.35066237321537597,0.2870743304145131
300,1555473600,101,72,-29,173,16,0.3855520852083776,-1.2043411970697269
300,1555488000,459,303,-156,762,16,-0.16832209268052253,-0.44047707038432055
300,1555502400,1418,756,-662,2174,16,-2.3750963762378725,1.3907218207528507
300,1555516800,857,606,-251,1463,16,-0.5826374225974164,0.46863795984737705
300,1555531200,1179,1410,231,2589,16,1.519467724980929,1.9289282937145547
300,1555545600,713,627,-86,1340,16,0.1369628872582413,0.3091213425599323
300,1555560000,100,64,-36,164,16,0.35502358721450117,-1.2160131446761253
300,1555574400,445,341,-104,786,16,0.05846103527398774,-0.40935187676725815
300,1555588800,1374,766,-608,2140,16,-2.1395908202851115,1.3466277964620124
300,1555603200,796,815,19,1611,16,0.594890357166387,0.6605766538192619
300,1555617600,1061,1478,417,2539,16,2.3306535288182157,1.8640841403456747
300,1555632000,747,680,-67,1427,16,0.21982595324162005,0.4219501694217835
300,1555646400,124,89,-35,213,16,0.35938480121362637,-1.152465874374623
300,1555660800,262,237,-25,499,16,0.40299694120487833,-0.7815573171046294
300,1555675200,1116,683,-433,1799,16,-1.3763783704382022,0.9043906704862507
300,1555689600,846,880,34,1726,16,0.660308567153265,0.8097182065676859
300,1555704000,1044,1475,431,2519,16,2.3917105248059687,1.8381464789981228
300,1555718400,740,646,-94,1386,16,0.10207317526523971,0.3687779636593019
300,1555732800,216,43,-173,259,16,-0.24246273066565088,-1.0928092532752534
300,1555747200,85,47,-38,132,16,0.34630115921625076,-1.2575134028322086
300,1555761600,398,225,-173,623,16,-0.24246273066565088,-0.6207438167498069
300,1555776000,605,323,-282,928,16,-0.7178350565702974,-0.22519448119963895
300,1555790400,609,309,-300,918,16,-0.796336908554551,-0.23816331187341494
300,1555804800,450,170,-280,620,16,-0.709112628572047,-0.6246344659519397
300,1555819200,183,55,-128,238,16,-0.046208100705017005,-1.120043797690183
300,1555833600,77,53,-24,130,16,0.40735815520400354,-1.2601071689669638
300,1555848000,358,197,-161,555,16,-0.19012816267614852,-0.7089318653314838
300,1555862400,423,246,-177,669,16,-0.2599075866621517,-0.5610871956504373
300,1555876800,397,212,-185,609,16,-0.29479729865515325,-0.6389001796930933
300,1555891200,268,104,-164,372,16,-0.20321180467352412,-0.9462614666615845
300,1555905600,58,20,-38,78,16,0.34630115921625076,-1.327545088470599
300,1555920000,349,242,-107,591,16,0.045377393276612145,-0.6622440749058901
300,1555934400,1068,633,-435,1701,16,-1.3851007984364525,0.7772961298832459
300,1555948800,650,623,-27,1273,16,0.39427451320662793,0.22223017704563308
300,1555963200,952,1328,376,2280,16,2.1518437548540827,1.5281914258948763
300,1555977600,552,517,-35,1069,17,0.15389372434990628,-0.05532209921276107
300,1555992000,87,48,-39,135,17,0.13704339227198992,-1.3000835093828171
300,1556006400,388,268,-120,656,17,-0.20417583230581618,-0.6057358705192205
300,1556020800,1228,687,-541,1915,17,-1.9776732835065123,1.0721598633181462
300,1556035200,627,519,-108,1146,17,-0.15362483607206712,0.04729741747149408
300,1556049600,1025,1369,344,2394,17,1.7504626887324803,1.7105332203539672
300,1556064000,742,631,-111,1373,17,-0.16626258513050438,0.3498250835406619
300,1556078400,120,66,-54,186,17,0.07385464697980361,-1.2321147385919469
300,1556092800,444,270,-174,714,17,-0.4316553153576869,-0.5284380527570542
300,1556107200,1208,649,-559,1857,17,-2.0534997778571356,0.9948620455559799
300,1556121600,740,576,-164,1316,17,-0.38952948516289604,0.27385998677439505
300,1556136000,1157,1477,320,2634,17,1.6493606962649823,2.0303862593698274
300,1556150400,658,379,-279,1037,17,-0.8739765324029911,-0.09796917108154243
300,1556164800,94,44,-50,138,17,0.09070497905771996,-1.2960853463951187
300,1556179200,383,235,-148,618,17,-0.32212815685123064,-0.6563792683633983
300,1556193600,1206,579,-627,1785,17,-2.339955423181714,0.8989061338512219
300,1556200967,199,249,50,448,17,0.5119632810056287,-0.8829418376662994
300,1556200968,362,240,-122,602,17,-0.21260099834477436,-0.6777028042977891
300,1556200969,294,375,81,669,17,0.6425533546094805,-0.5884104975725281
300,1556208000,411,412,1,823,17,0.30554671305115344,-0.38317146420401776
300,1556222400,1132,1446,314,2578,17,1.6240851981481077,1.95575388359946
300,1556236800,725,849,124,1574,17,0.8236944244470812,0.6177020037164448
300,1556251200,88,85,-3,173,17,0.2886963809732371,-1.249440111538639
300,1556265600,352,270,-82,622,17,-0.044097677565610845,-0.6510483843798007
300,1556280000,1211,678,-533,1889,17,-1.9439726193506794,1.0375091174247613
300,1556294400,777,842,65,1619,17,0.575152026297815,0.6776744485319186
300,1556308800,1045,1733,688,2778,17,3.1995912474332866,2.2222980827793437
300,1556323200,858,793,-65,1651,17,0.027516233765533644,0.7203215204007
300,1556337600,263,131,-132,394,17,-0.25472682853956524,-0.9549087714448679
300,1556352000,108,106,-2,214,17,0.29290896399271615,-1.194798550706763
300,1556366400,480,436,-44,916,17,0.11598047717459448,-0.25922841158537197
300,1556380800,825,739,-86,1564,17,-0.060948009643527194,0.6043747937574506
300,1556395200,936,936,0,1872,17,0.30133413003167436,1.0148528604944713
300,1556409600,756,635,-121,1391,17,-0.20838841532529526,0.37381406146685137
300,1556424000,305,184,-121,489,17,-0.20838841532529526,-0.8283002768344232
300,1556438400,100,79,-21,179,17,0.2128698866226135,-1.2414437855632428
300,1556452800,372,318,-54,690,17,0.07385464697980361,-0.5604233566586403
300,1556467200,701,562,-139,1263,17,-0.28421490967591884,0.20322577399172592
300,1556481600,724,568,-156,1292,17,-0.3558288210070633,0.24187468287280905
300,1556496000,482,342,-140,824,17,-0.2884274926953979,-0.3818387432081184
300,1556510400,55,38,-17,93,17,0.22972021870052986,-1.3560577912105927
300,1556522994,235,148,-87,383,17,-0.06516059266300628,-0.9695687023997615
300,1556524672,167,153,-14,320,17,0.24235796775896712,-1.0535301251414249
300,1556524800,93,185,92,278,17,0.6888917678237504,-1.1095044069692004
300,1556539200,1267,685,-582,1952,17,-2.1503891873051546,1.1214705401664247
300,1556553600,741,593,-148,1334,17,-0.32212815685123064,0.2978489647005846
300,1556568000,1055,1292,237,2347,17,1.299716305648218,1.6478953335466946
300,1556582400,570,465,-105,1035,18,-0.25472909534387084,-0.290933276759829
300,1556596800,66,42,-24,108,18,0.1849403020989747,-1.5595183587810164
300,1556611200,460,363,-97,823,18,-0.21130495732482438,-0.5810519794442861
300,1556625600,1150,680,-470,1830,18,-2.2359553924628663,0.7970118583068851
300,1556640000,753,693,-60,1446,18,-0.01046831898673443,0.2715138308029629
300,1556654400,975,1292,317,2267,18,2.0358941851608305,1.3950395614819218
300,1556668800,629,603,-26,1232,18,0.17408426759421308,-0.02134184077474384
300,1556683200,107,52,-55,159,18,0.016671767275169617,-1.4897256520031517
300,1556697600,440,338,-102,778,18,-0.2384450435867284,-0.642633779542402
300,1556712000,1180,733,-447,1913,18,-2.1111109956581076,0.9105960673767434
300,1556726400,793,759,-34,1552,18,0.13066012957516662,0.4165731821451914
300,1556740800,1130,1421,291,2551,18,1.8947657365989294,1.7836891443233642
300,1556755200,771,686,-85,1457,18,-0.14616875029625465,0.28656715971583563
300,1556769600,90,43,-47,133,18,0.06009590529421609,-1.5253062476153965
300,1556784000,448,348,-100,796,18,-0.2275890090819668,-0.6180010595031556
300,1556798400,1223,791,-432,2014,18,-2.0296907368723955,1.048812996485848
300,1556812800,680,652,-28,1332,18,0.16322823308945147,0.11550660388773593
300,1556827200,1012,1508,496,2520,18,3.0075092733369955,1.7412661264779956
300,1556841600,768,690,-78,1458,18,-0.10817262952958899,0.2879356441624604
300,1556856000,119,78,-41,197,18,0.09266400880850094,-1.4377232430314095
300,1556870400,384,320,-64,704,18,-0.032180387996257664,-0.743901628592637
300,1556884800,1078,839,-239,1917,18,-0.9820834071628993,0.9160700051632426
300,1556899200,755,772,17,1527,18,0.4074890094465879,0.38236107097957145
300,1556913600,1270,1568,298,2838,18,1.9327618573655951,2.176444180504681
300,1556928000,849,838,-11,1687,18,0.2555045263799252,0.6013185824395391
300,1556942400,324,131,-193,455,18,-0.7323946135533821,-1.0846542558022116
300,1556956800,132,117,-15,249,18,0.233792457370402,-1.36656205180692
300,1556971200,513,463,-50,976,18,0.04381185353707366,-0.37167385911069206
300,1556985600,772,766,-6,1538,18,0.2826446126418293,0.39741439989244426
300,1557000000,900,948,48,1848,18,0.5757575442703929,0.8216445783461316
300,1557014400,864,747,-117,1611,18,-0.31986530237244054,0.49731376449605447
300,1557028800,364,203,-161,567,18,-0.5586980614771961,-0.9313839977802343
300,1557043200,88,73,-15,161,18,0.233792457370402,-1.4869886831099022
300,1557057600,368,365,-3,733,18,0.2989286643989717,-0.7042155796405178
300,1557072000,783,692,-91,1475,18,-0.17873685381053953,0.311199879755082
300,1557086400,748,634,-114,1382,18,-0.3035812506152981,0.1839308262189758
300,1557100800,474,345,-129,819,18,-0.38500150940101024,-0.5865259172307853
300,1557115200,65,38,-27,103,18,0.16865625034183226,-1.5663607810141404
300,1557129600,470,369,-101,839,18,-0.2330170263343476,-0.5591562282982894
300,1557144000,1092,711,-381,1803,18,-1.7528618570009742,0.7600627782480156
300,1557158400,660,552,-108,1212,18,-0.27101314710101326,-0.04871152970723979
300,1557172800,1102,1252,150,2354,18,1.1294153040132353,1.5140977083382792
300,1557187200,575,533,-42,1108,19,0.3289978776033907,-0.2273742998363614
300,1557201600,90,53,-37,143,19,0.35176214590543753,-1.4510471682957593
300,1557216000,404,336,-68,740,19,0.21062368243274734,-0.6940184610726914
300,1557230400,1306,813,-493,2119,19,-1.724339123241231,1.0546290887775778
300,1557244800,776,645,-131,1421,19,-0.07620609817304241,0.1695268481717127
300,1557259200,1182,1434,252,2616,19,1.667536853763743,1.6848523174038168
300,1557273600,806,542,-264,1348,19,-0.6817356350074875,0.0769588487960277
300,1557288000,86,44,-42,130,19,0.3289978776033907,-1.467531880513347
300,1557302400,452,316,-136,768,19,-0.09897036647508922,-0.6585129270655793
300,1557316800,1178,654,-524,1832,19,-1.8654775867139213,0.6906973652046791
300,1557331200,1449,1094,-355,2543,19,-1.0960453181047394,1.5922843180281316
300,1557345600,1219,1351,132,2570,19,1.1211944145146195,1.6265217972492756
300,1557360000,814,609,-205,1423,19,-0.4131172690433351,0.1720629577436493
300,1557374400,111,61,-50,172,19,0.2925750483201158,-1.4142735795026788
300,1557388800,479,361,-118,840,19,-0.01701900058772072,-0.5672129824758625
300,1557403200,1336,816,-520,2152,19,-1.8472661720722838,1.0964748967145312
300,1557417600,808,653,-155,1461,19,-0.1854745860228671,0.22024903961044423
300,1557432000,1211,1430,219,2641,19,1.517292682970234,1.716553687053024
300,1557446400,892,660,-232,1552,19,-0.5360443178743879,0.33564202513355845
300,1557460800,160,72,-88,232,19,0.11956660922456011,-1.3381902923445816
300,1557475200,414,312,-102,726,19,0.05582665797882906,-0.7117712280762474
300,1557489600,1326,704,-622,2030,19,-2.3116572454340387,0.9417722128264
300,1557504000,843,707,-136,1550,19,-0.09897036647508922,0.33310591556162183
300,1557518400,1110,1665,555,2775,19,3.0470515128677795,1.8864730283727744
300,1557532800,914,835,-79,1749,19,0.16054229216824437,0.5854488179693111
300,1557547200,369,121,-248,490,19,-0.6088899764409377,-1.0110321575647634
300,1557561600,148,146,-2,294,19,0.5111120240197652,-1.2595708956145477
300,1557576000,500,434,-66,934,19,0.21972938975356607,-0.44801583259484346
300,1557590400,794,667,-127,1461,19,-0.057994683531404974,0.22024903961044423
300,1557604800,967,909,-58,1876,19,0.25615221903684093,0.7464917757872837
300,1557619200,828,719,-109,1547,19,0.02395668235596353,0.329301751203717
300,1557633600,307,152,-155,459,19,-0.1854745860228671,-1.0503418559297801
300,1557648000,94,81,-13,175,19,0.4610306337552622,-1.410469415144774
300,1557662400,366,328,-38,694,19,0.34720929224502817,-0.7523489812272326
300,1557676800,600,502,-98,1102,19,0.07403807262046651,-0.2349826285521711
300,1557691200,558,566,8,1124,19,0.5566405606238588,-0.2070854232608688
300,1557705600,394,292,-102,686,19,0.05582665797882906,-0.7624934195149788
300,1557720000,63,28,-35,91,19,0.36086785322625625,-1.5169860171661103
300,1557734400,415,284,-131,699,19,-0.07620609817304241,-0.7460087072973911
300,1557748800,1264,726,-538,1990,19,-1.9292175379596523,0.8910500213876685
300,1557763200,807,684,-123,1491,19,-0.03978326888976753,0.2582906831894929
300,1557777600,1018,1295,277,2313,19,1.781358195273977,1.3006317172554256
300,1557792000,589,473,-116,1062,20,0.055675266073637104,-0.3148090231318987
300,1557806400,80,41,-39,121,20,0.4143481953209328,-1.5389217948968437
300,1557820800,496,350,-146,846,20,-0.08406743363310148,-0.5957955892330975
300,1557835200,1153,781,-372,1934,20,-1.1367957714238655,0.8195441511284967
300,1557849600,1092,673,-419,1765,20,-1.3557260009644225,0.5996981804289475
300,1557864000,1156,1486,330,2642,20,2.1331834017138176,1.7405556733490928
300,1557878400,779,491,-288,1270,20,-0.7455162122449974,-0.04422936688629982
300,1557892800,115,55,-60,170,20,0.3165283055262158,-1.4751794720312938
300,1557907200,442,317,-125,759,20,0.013752456161615528,-0.7089707339127471
300,1557921600,1318,722,-596,2040,20,-2.18020792923418,0.9574357067151961
300,1557936000,790,719,-71,1509,20,0.26528931563374497,0.2666770650497489
300,1557950400,1203,1588,385,2791,20,2.3893783511761715,1.934384369409642
300,1557964800,837,616,-221,1453,20,-0.43342418289994794,0.1938286960605492
300,1557979200,122,74,-48,196,20,0.37242538540891124,-1.441357015000594
300,1557993600,447,303,-144,750,20,-0.07475125365265224,-0.720678507500297
300,1558008000,1312,781,-531,2093,20,-1.8774320798695798,1.0263814845085457
300,1558022400,769,624,-145,1393,20,-0.07940934364287686,0.11577687214354952
300,1558036800,1257,1513,256,2770,20,1.7884847424371957,1.907066231038692
300,1558051200,911,751,-160,1662,20,-0.14928069349624615,0.46570921603809806
300,1558065600,151,78,-73,229,20,0.2559731356532957,-1.3984285118462443
300,1558080000,437,301,-136,738,20,-0.03748653373085529,-0.736288872283697
300,1558094400,1278,709,-569,1987,20,-2.054439499498115,0.8884899289218463
300,1558108800,921,744,-177,1665,20,-0.2284682233300647,0.4696118072339481
300,1558123200,1225,1467,242,2692,20,1.723271482574051,1.8055988599465926
300,1558137600,947,950,3,1897,20,0.6099879749103669,0.7714121930463468
300,1558152000,306,145,-161,451,20,-0.15393878348647078,-1.1096367633533455
300,1558166400,160,136,-24,296,20,0.4842195451743021,-1.3112706418055946
300,1558180800,505,473,-32,978,20,0.44695482525250513,-0.42408157661569823
300,1558195200,884,763,-121,1647,20,0.032384816122514,0.44619626005884816
300,1558209600,1052,875,-177,1927,20,-0.2284682233300647,0.8104381050048467
300,1558224000,866,703,-163,1569,20,-0.16325496346692,0.3447288889667486
300,1558238400,374,155,-219,529,20,-0.4241080029194987,-1.0081693922612458
300,1558252800,104,76,-28,180,20,0.4655871852134036,-1.4621708347117939
300,1558267200,412,362,-50,774,20,0.363109205428462,-0.6894577779334972
300,1558281600,724,550,-174,1274,20,-0.21449395335939084,-0.03902591195849984
300,1558296000,719,639,-80,1358,20,0.2233665057217234,0.0702466415252997
300,1558310400,549,408,-141,957,20,-0.06077698368197838,-0.45139971498664816
300,1558324800,73,35,-38,108,20,0.4190062853111574,-1.5558330234121935
300,1558339200,465,334,-131,799,20,-0.014196083779732189,-0.6569361846347473
300,1558353600,1273,676,-597,1949,20,-2.1848660192244047,0.8390571071077465
300,1558368000,778,586,-192,1364,20,-0.29833957318343396,0.07805182391699968
300,1558382400,1000,1174,174,2174,20,1.4065213632387767,1.1317514467964953
300,1558396800,748,583,-165,1331,21,-0.27087221261452504,0.16881991569043578
300,1558411200,119,45,-74,164,21,0.22376400172504246,-1.3821715271682358
300,1558425600,470,352,-118,822,21,-0.01540076125233083,-0.5076622131999359
300,1558440000,1305,671,-634,1976,21,-2.820151163441527,1.026051690021064
300,1558454400,862,649,-213,1511,21,-0.5317792267716596,0.4080473875966576
300,1558468800,1221,1415,194,2636,21,1.6804948307690435,1.9032190870105439
300,1558483200,827,716,-111,1543,21,0.022648178312251285,0.4505767159355415
300,1558497600,123,64,-59,187,21,0.305297443649147,-1.351603572424663
300,1558512000,519,354,-165,873,21,-0.27087221261452504,-0.4398810961598397
300,1558526400,1348,615,-733,1963,21,-3.358271880140617,1.0087741503833925
300,1558540800,825,665,-160,1490,21,-0.24369439863982353,0.38013751587426503
300,1558555200,1291,1526,235,2817,21,1.903352905361596,2.143775600427356
300,1558569600,840,650,-190,1490,21,-0.4067612824880326,0.38013751587426503
300,1558584000,133,56,-77,189,21,0.20745731334022158,-1.3489454894034827
300,1558598400,438,356,-82,794,21,0.18027949936552004,-0.5448753754964593
300,1558612800,1338,794,-544,2132,21,-2.3309505118968996,1.2333821656731228
300,1558627200,766,754,-12,1520,21,0.5607688950113412,0.42000876119196867
300,1558641600,1209,1401,192,2610,21,1.669623705179163,1.8686640077352008
300,1558656000,902,666,-236,1568,21,-0.6567971710552866,0.4838027537002945
300,1558670400,142,66,-76,208,21,0.21289287613516186,-1.3236937007022704
300,1558684800,343,262,-81,605,21,0.18571506216046035,-0.7960642209979922
300,1558699200,1120,770,-350,1890,21,-1.276451329678481,0.9117541201103135
300,1558713600,946,906,-40,1852,21,0.40857313675301277,0.8612505427078889
300,1558728000,1348,1343,-5,2691,21,0.5988178345759233,1.9763163700930007
300,1558742400,977,872,-105,1849,21,0.0552615550818931,0.8572634181761185
300,1558756800,289,98,-191,387,21,-0.4121968452829729,-1.0857952703066387
300,1558771200,125,132,7,257,21,0.664044588115207,-1.2585706666833545
300,1558785600,437,412,-25,849,21,0.49010657867711727,-0.47177809241400265
300,1558800000,733,589,-144,1322,21,-0.1567253939207787,0.15685854209512468
300,1558814400,782,751,-31,1533,21,0.4574932019074755,0.43728630082964026
300,1558828800,743,583,-160,1326,21,-0.24369439863982353,0.16217470813748516
300,1558843200,291,120,-171,411,21,-0.30348558938416687,-1.0538982740524758
300,1558857600,96,93,-3,189,21,0.609688960165804,-1.3489454894034827
300,1558872000,377,345,-32,722,21,0.45205763911253516,-0.6405663642589481
300,1558886400,658,568,-90,1226,21,0.13679499700599765,0.02927055707847305
300,1558900800,670,740,70,1410,21,1.0064850441964461,0.27381419502705534
300,1558915200,529,376,-153,905,21,-0.20564545907524143,-0.3973517678209559
300,1558929600,155,101,-54,256,21,0.3324752576238485,-1.2598997081939445
300,1558944000,84,97,13,181,21,0.6966579648848489,-1.3595778214882035
300,1558958400,407,320,-87,727,21,0.15310168539081853,-0.6339211567059975
300,1558972800,635,438,-197,1073,21,-0.4448102220526147,-0.1740727940418155
300,1558987200,531,551,20,1082,21,0.734706904449431,-0.1621114204465044
300,1559001600,527,340,-187,867,22,-0.45778670768895996,-0.48826646016754804
300,1559016000,81,36,-45,117,22,0.25395466995883914,-1.5098122555499716
300,1559030400,409,317,-92,726,22,0.01837829848386338,-0.6803170696994436
300,1559044800,1139,749,-390,1888,22,-1.4752761419319402,0.9023978826130578
300,1559059200,768,563,-205,1331,22,-0.5480074457006527,0.14372987190904463
300,1559073600,1077,1265,188,2342,22,1.4218120008879742,1.5207736040845514
300,1559088000,604,524,-80,1128,22,0.07852545715832528,-0.13276852337446468
300,1559102400,107,47,-60,154,22,0.17877072161576177,-1.4594159963111053
300,1559116800,471,343,-128,814,22,-0.1620631775395223,-0.5604556963745726
300,1559131200,1339,702,-637,2041,22,-2.713305157981281,1.1107932248710721
300,1559145600,686,620,-66,1306,22,0.14869714227853081,0.10967834539629717
300,1559160000,1138,1445,307,2583,22,2.0182713244097212,1.849030319667437
300,1559174400,650,490,-160,1140,22,-0.3224556006714207,-0.11642379064834589
300,1559188800,101,50,-51,151,22,0.2238810906216082,-1.463502179492635
300,1559203200,490,341,-149,831,22,-0.2673207052198306,-0.5373006583459043
300,1559217600,1218,754,-464,1972,22,-1.8461836204244553,1.0168110116958893
300,1559232000,674,644,-30,1318,22,0.3291386183019165,0.12602307812241595
300,1559246400,1229,1463,234,2692,22,1.6523761091400782,1.9974949752630158
300,1559260800,803,651,-152,1454,22,-0.2823574948884461,0.31126338235176204
300,1559275200,123,60,-63,183,22,0.16373393194714628,-1.4199162255563182
300,1559289600,419,335,-84,754,22,0.05847640426683798,-0.6421793600051665
300,1559304000,1245,701,-544,1946,22,-2.2471646782542014,0.9813974241226319
300,1559318400,789,856,67,1645,22,0.8153281509204835,0.5714170449091526
300,1559332800,1214,1524,310,2738,22,2.033308114078337,2.060149784046471
300,1559347200,904,824,-80,1728,22,0.07852545715832528,0.6844681129314741
300,1559361600,374,176,-198,550,22,-0.51292160314055,-0.9200398163491857
300,1559376000,143,110,-33,253,22,0.314101828633301,-1.3245719513206253
300,1559390400,471,482,11,953,22,0.5346414104396613,-0.37112920896369683
300,1559404800,772,616,-156,1388,22,-0.30240654777993337,0.2213673523581088
300,1559419200,851,810,-41,1661,22,0.2740037228503264,0.593210021877311
300,1559433600,719,700,-19,1419,22,0.38427351375350655,0.26359124523391564
300,1559448000,338,176,-162,514,22,-0.33248012711716435,-0.969074014527542
300,1559462400,115,77,-38,192,22,0.2890405125189419,-1.4076576760117292
300,1559476800,373,333,-40,706,22,0.2790159860731983,-0.7075582909096416
300,1559491200,658,637,-21,1295,22,0.3742489873077629,0.0946956737306883
300,1559505600,722,690,-32,1412,22,0.31911409185617284,0.25405681781034634
300,1559520000,498,391,-107,889,22,-0.056805649859213984,-0.4583011168363303
300,1559534400,81,39,-42,120,22,0.2689914596274546,-1.5057260723684418
300,1559548800,442,308,-134,750,22,-0.19213675687675325,-0.6476276042472061
300,1559563200,1205,684,-521,1889,22,-2.131882624128149,0.9037599436735677
300,1559577600,731,558,-173,1289,22,-0.3876150225687544,0.08652330736762891
300,1559592000,1046,1295,249,2341,22,1.7275600574831556,1.5194115430240416
300,1559606400,685,531,-154,1216,23,-0.1657817921913305,-0.03636040813351705
300,1559620800,99,42,-57,141,23,0.2619541301566621,-1.5060760994748743
300,1559635200,456,256,-200,712,23,-0.36862563165532697,-0.7254178113298371
300,1559649600,1237,653,-584,1890,23,-2.0619307263112976,0.8851171509028315
300,1559664000,686,598,-88,1284,23,0.12525502095266447,0.05660765420249438
300,1559678400,1071,1396,325,2467,23,1.946439927444633,1.6739785033716343
300,1559692800,761,601,-160,1362,23,-0.19223968429533003,0.16324749041144868
300,1559707200,108,72,-36,180,23,0.3545567525206605,-1.452756181370397
300,1559721600,493,311,-182,804,23,-0.2892519553433283,-0.5996374916987628
300,1559736000,1340,714,-626,2054,23,-2.2471359710392944,1.1093342424190944
300,1559750400,800,605,-195,1405,23,-0.34657738823532735,0.22203611806510296
300,1559764800,1147,1397,250,2544,23,1.6157162761446386,1.7792511621932945
300,1559779200,729,647,-82,1376,23,0.151712913056664,0.18238797383356867
300,1559793600,125,57,-68,182,23,0.21344799463266292,-1.4500218265958085
300,1559808000,435,297,-138,732,23,-0.09522741324733171,-0.6980742635839513
300,1559822400,1284,643,-641,1927,23,-2.313280701299293,0.9357027142327201
300,1559836800,660,649,-11,1309,23,0.46479796962065856,0.09078708888485153
300,1559851200,1058,1340,282,2398,23,1.7568250340326363,1.5796432636483286
300,1559865600,874,764,-110,1638,23,0.028242749904666145,0.5405884493046715
300,1559880000,142,61,-81,203,23,0.1561225617406639,-1.4213111014626285
300,1559894400,403,285,-118,688,23,-0.007034439567333241,-0.7582300686248999
300,1559908800,1223,728,-495,1951,23,-1.6694719934353042,0.968514971527783
300,1559923200,851,743,-108,1594,23,0.037062047272665995,0.48043264426372295
300,1559937600,1239,1576,337,2815,23,1.9993557116526322,2.149756234150046
300,1559952000,816,841,25,1657,23,0.6235453222446559,0.566564819663263
300,1559966400,347,154,-193,501,23,-0.3377580908673275,-1.0138922400489314
300,1559980800,141,97,-44,238,23,0.3192795630486611,-1.3734598929073285
300,1559995200,516,459,-57,975,23,0.2619541301566621,-0.3658501584714399
300,1560009600,889,753,-136,1642,23,-0.08640811587933186,0.5460571588538486
300,1560024000,910,799,-111,1709,23,0.023833101220666224,0.6376580438025659
300,1560038400,710,642,-68,1352,23,0.21344799463266292,0.14957571653850582
300,1560052800,349,156,-193,505,23,-0.3377580908673275,-1.0084235304997542
300,1560067200,111,63,-48,174,23,0.3016409683126614,-1.4609592456941627
300,1560081600,398,353,-45,751,23,0.31486991436466116,-0.67209789322536
300,1560096000,686,511,-175,1197,23,-0.2583844145553289,-0.062336778492108474
300,1560110400,687,545,-142,1232,23,-0.1128660079833314,-0.014485569936808475
300,1560124800,512,332,-180,844,23,-0.2804326579753285,-0.5449503962069914
300,1560139200,102,52,-50,154,23,0.29282167094466155,-1.4883027934400486
300,1560153600,426,287,-139,713,23,-0.09963706193133164,-0.7240506339425428
300,1560168000,1316,697,-619,2013,23,-2.216268430251295,1.0532799695400288
300,1560182400,730,622,-108,1352,23,0.037062047272665995,0.14957571653850582
300,1560196800,987,1321,334,2308,23,1.9861267656006323,1.456597298791843
300,1560211200,652,455,-197,1107,24,-0.24019275648375066,-0.3953781449530994
300,1560225600,86,40,-46,126,24,0.31530089348249857,-1.5886588839321751
300,1560240000,471,314,-157,785,24,-0.09304212073110187,-0.7870564303264556
300,1560254400,1372,780,-592,2152,24,-1.6933052845411574,0.8757516942244075
300,1560268800,654,547,-107,1201,24,0.09089617395970913,-0.2810372790366538
300,1560283200,1170,1439,269,2609,24,1.474112150034608,1.431642925328829
300,1560297600,771,668,-103,1439,24,0.105611237534974,0.008464062326261616
300,1560312000,101,46,-55,147,24,0.28219200043815257,-1.563114647929565
300,1560326400,502,325,-177,827,24,-0.16661743860742625,-0.7359679583212352
300,1560340800,1369,723,-646,2092,24,-1.8919586428072332,0.8027681627883784
300,1560355200,776,768,-8,1544,24,0.4550939974475149,0.13618524233931253
300,1560369600,1286,1465,179,2751,24,1.143023219591148,1.6043706163940978
300,1560384000,876,522,-354,1398,24,-0.8177590018128972,-0.04140801748835827
300,1560398400,118,57,-61,175,24,0.26011940507525527,-1.5290556665927515
300,1560412800,444,308,-136,752,24,-0.015788036960961243,-0.8271973726162716
300,1560427200,1450,728,-722,2178,24,-2.171544850737266,0.90737789118002
300,1560441600,776,756,-20,1532,24,0.41094880672172024,0.12158853605210672
300,1560456000,1048,1483,435,2531,24,2.0847872884081005,1.3367643344619913
300,1560470400,879,718,-161,1597,24,-0.10775718430636674,0.20065402844113825
300,1560484800,192,83,-109,275,24,0.0835386421720767,-1.407416447532703
300,1560499200,416,309,-107,725,24,0.09089617395970913,-0.8600399617624847
300,1560513600,1225,742,-483,1967,24,-1.2923198021151894,0.6507191389633177
300,1560528000,861,827,-34,1688,24,0.35944608420829316,0.3113457177857824
300,1560542400,1270,1501,231,2771,24,1.3343190460695915,1.6286984602061076
300,1561161600,9194,9957,763,19151,25,3.1786580880632194,4.080072237369874
300,1561176000,394,168,-226,562,25,-0.7602581923002382,-0.3519071245461307
300,1561190400,130,103,-27,233,25,0.03230433529564459,-0.43034712723967883
300,1561204800,535,423,-112,958,25,-0.30622739759706913,-0.25749301796058344
300,1561219200,814,599,-215,1413,25,-0.7164482033376517,-0.14901216317163393
300,1561233600,868,895,27,1763,25,0.24737155383925097,-0.06556535179551894
300,1561248000,718,685,-33,1403,25,0.008407977679688327,-0.1513963577823801
300,1561262400,334,180,-154,514,25,-0.473501900908763,-0.3633512586777122
300,1561276800,123,73,-50,196,25,-0.05929836889885442,-0.43916864729943955
300,1561291200,399,308,-91,707,25,-0.22259014594122223,-0.31733630269031166
300,1561305600,693,606,-87,1299,25,-0.20665924086391804,-0.17619198173413997
300,1561320000,653,621,-32,1274,25,0.012390703949014372,-0.18215246826100534
300,1561334400,467,393,-74,860,25,-0.1548837993626795,-0.28085812514589564
300,1561348800,74,47,-27,121,25,0.03230433529564459,-0.4570501068800356
300,1561363200,384,290,-94,674,25,-0.23453832474920036,-0.32520414490577393
300,1561377600,1167,717,-450,1884,25,-1.652388876629272,-0.036716597005490605
300,1561392000,709,542,-167,1251,25,-0.5252773424100016,-0.18763611586572146
300,1561406400,1002,1419,417,2421,25,1.800634798876408,0.09131465359157728
300,1561420800,674,540,-134,1214,26,-0.20911986789564643,-0.0967485178896112
300,1561435200,67,43,-24,110,26,0.27130469186461537,-1.6107664988229533
300,1561449600,442,270,-172,712,26,-0.37508471581282776,-0.785187853422707
300,1561464000,1386,693,-693,2079,26,-2.6505501306773405,1.089506512461241
300,1561478400,741,670,-71,1411,26,0.06603237996704897,0.1734159225486754
300,1561492800,1070,1358,288,2428,26,1.6339634431846306,1.5681227038975967
300,1561507200,677,677,0,1354,26,0.3761245958123089,0.09524651592439959
300,1561521600,112,68,-44,180,26,0.18395477190820414,-1.514768981915948
300,1561536000,418,326,-92,744,26,-0.025685035987182823,-0.7413032742652188
300,1561550400,1339,758,-581,2097,26,-2.161390578921438,1.1141915882373283
300,1561564800,719,646,-73,1365,26,0.057297387971407855,0.11033184000978614
300,1561579200,1120,1348,228,2468,26,1.3719136833153969,1.6229784278444568
300,1561593600,844,635,-209,1479,26,-0.5366820677321885,0.2666706532583378
300,1561608000,163,59,-104,222,26,-0.07809498796102957,-1.4571704717717449
300,1561622400,426,221,-205,647,26,-0.5192120837409063,-0.8743284048363549
300,1561636800,1271,664,-607,1935,26,-2.274945474864772,0.8920259062525443
300,1561651200,762,649,-113,1411,26,-0.11740245194141462,0.1734159225486754
300,1561665600,1077,1236,159,2313,26,1.0705564594657782,1.4104124975503736
300,1561680000,1049,870,-179,1919,26,-0.4056571877975717,0.8700836166738003
300,1561694400,164,88,-76,252,26,0.04419489997794617,-1.4160286788115997
300,1561708800,348,259,-89,607,26,-0.012582547993721136,-0.9291841287832151
300,1561723200,1189,671,-518,1860,26,-1.8862383310587423,0.7891714238521814
300,1561737600,779,824,45,1603,26,0.5726619157142342,0.4367233974936045
300,1561752000,1198,1585,387,2783,26,2.0663455469688663,2.054967253925981
300,1561766400,743,993,250,1736,26,1.4679985952674492,0.6191186796169147
300,1561780800,372,235,-137,607,26,-0.2222223558891081,-0.9291841287832151
300,1561795200,118,119,1,237,26,0.38049209181012944,-1.4365995752916723
300,1561809600,480,450,-30,930,26,0.24509971587769203,-0.4862241579123188
300,1561824000,811,876,65,1687,26,0.6600118356706454,0.551920417782011
300,1561838400,920,948,28,1868,26,0.4984144837512846,0.8001425686415534
300,1561852800,751,843,92,1594,26,0.7779342276118005,0.42438085960556093
300,1561867200,377,178,-199,555,26,-0.49300710775398293,-1.0004965699141335
300,1561881600,105,83,-22,188,26,0.2800396838602565,-1.5037978371265759
300,1561896000,454,358,-96,812,26,-0.04315501997846507,-0.6480485435555564
300,1561910400,760,695,-65,1455,26,0.09223735595397235,0.23375721889022166
300,1561924800,729,692,-37,1421,26,0.21452724389294808,0.18712985353539047
300,1561939200,627,541,-86,1168,26,0.000519939999740549,-0.15983260042850045
300,1561953600,118,116,-2,234,26,0.36738960381666774,-1.4407137545876867
300,1561968000,368,239,-129,607,26,-0.1872823879065436,-0.9291841287832151
300,1561982400,1170,688,-482,1858,26,-1.7290084751372021,0.7864286376548384
300,1561996800,863,683,-180,1546,26,-0.41002468379539225,0.35855399086932865
300,1562011200,983,1272,289,2255,26,1.6383309391824512,1.3308716978274262
300,1562025600,583,453,-130,1036,27,-0.4833901056973357,0.13149061125620654
300,1562040000,97,71,-26,168,27,0.19161542487056427,-1.2931588710408257
300,1562054400,419,264,-155,683,27,-0.6456510505453885,-0.4478887288945451
300,1562068800,1152,651,-501,1803,27,-2.8913425272424407,1.3903686676177547
300,1562083200,688,593,-95,1281,27,-0.2562247829100617,0.5336094167432721
300,1562097600,911,1247,336,2158,27,2.54115390627037,1.9730306102622786
300,1562112000,672,603,-69,1275,27,-0.08747340026808668,0.5237616092619563
300,1562126400,121,69,-52,190,27,0.022864042228589274,-1.2570502436093343
300,1562140800,331,230,-101,561,27,-0.2951674096735944,-0.6481274810146349
300,1562143355,53,70,17,123,27,0.4707042500092153,-1.367017427150695
300,1562143438,3,3,0,6,27,0.3603668075125393,-1.559049673036355
300,1562155200,1078,617,-461,1695,27,-2.6317250154855563,1.2131081329540687
300,1562169600,765,794,29,1559,27,0.5485895035362807,0.9898911633775751
300,1562184000,1049,1147,98,2196,27,0.9964297113169066,2.0354000576439457
300,1562198400,696,699,3,1395,27,0.37983812089430563,0.720717758888274
300,1562212800,208,89,-119,297,27,-0.41199528996419243,-1.0814310101925342
300,1562227200,105,109,4,214,27,0.38632855868822774,-1.2176590136840706
300,1562241600,443,330,-113,773,27,-0.3730526632006598,-0.30017161667480674
300,1562256000,544,537,-7,1081,27,0.3149337429550845,0.20534916736607572
300,1562270400,515,672,157,1187,27,1.3793655411583114,0.3793270995359898
300,1562284800,597,488,-109,1085,27,-0.34709091202497133,0.21191437235361965
300,1562299200,199,99,-100,298,27,-0.2886769718796723,-1.079789708945648
300,1562313600,156,212,56,368,27,0.7238313239721778,-0.9648986216636294
300,1562328000,578,611,33,1189,27,0.5745512547119691,0.38260970202976174
300,1562342400,722,648,-74,1370,27,-0.11992558923769726,0.6796852277161245
300,1562356800,877,961,84,1838,27,0.9055635822019971,1.447814211258764
300,1562371200,660,646,-14,1306,27,0.26950067839762964,0.5746419479154217
300,1562385600,235,118,-117,353,27,-0.3990144143763482,-0.9895181403669192
300,1562400000,106,95,-11,201,27,0.28897199177939603,-1.2389959298935884
300,1562414400,362,384,22,746,27,0.5031564389788259,-0.34448675034072823
300,1562428800,625,588,-37,1213,27,0.12022060913742101,0.42200093195502536
300,1562443200,674,611,-63,1285,27,-0.048530773504553995,0.540174621730816
300,1562457600,627,516,-111,1143,27,-0.36007178761281555,0.3071098446730066
300,1562472000,246,121,-125,367,27,-0.4509379167277251,-0.9665399229105154
300,1562486400,88,78,-10,166,27,0.29546242957331814,-1.2964414735345977
300,1562500800,333,298,-35,631,27,0.13320148472526525,-0.5332363937326162
300,1562515200,534,531,-3,1065,27,0.3408954941307729,0.17908834741590002
300,1562529600,552,526,-26,1078,27,0.19161542487056427,0.20042526362541777
300,1562544000,457,407,-50,864,27,0.03584491781643351,-0.15081320320818237
300,1562558400,76,32,-44,108,27,0.0747875445799662,-1.3916369458539848
300,1562572800,387,206,-181,593,27,-0.8144024331873636,-0.5956058411142835
300,1562587200,1204,676,-528,1880,27,-3.066584347678338,1.5167488636279753
300,1562601600,618,550,-68,1168,27,-0.08098296247416457,0.34814237584515617
300,1562616000,905,1158,253,2063,27,2.0024475693748345,1.8171069918081102
300,1562630400,666,469,-197,1135,28,-0.4714863929811319,0.003916951469412836
300,1562644800,92,43,-49,135,28,0.09888689163583464,-1.332097503214007
300,1562659200,392,259,-133,651,28,-0.22483848611974094,-0.6427140445973624
300,1562673600,1311,648,-663,1959,28,-2.267391464815635,1.1047928621285508
300,1562688000,673,638,-35,1311,28,0.15284112126176388,0.23905549549369473
300,1562702400,1015,1426,411,2441,28,1.8716687222020818,1.748751829285959
300,1562716800,756,583,-173,1339,28,-0.3789934279081103,0.27646390022483047
300,1562731200,113,72,-41,185,28,0.1297178799935085,-1.2652967804798358
300,1562745600,445,263,-182,708,28,-0.41367828981049337,-0.5665612206804074
300,1562748946,107,106,-1,213,28,0.28387282178187784,-1.2278883757487002
300,1562760000,1323,730,-593,2053,28,-1.9976203166859883,1.2303782208687921
300,1562774400,627,580,-47,1207,28,0.1065946387252531,0.10010999220661906
300,1562788800,1007,1520,513,2527,28,2.2647638237624235,1.8636490723887331
300,1562803200,650,554,-96,1204,28,-0.08224516496549933,0.0961019488425688
300,1562817600,161,71,-90,232,28,-0.05912192369724393,-1.2025041011097153
300,1562831033,303,172,-131,475,28,-0.21713073903032248,-0.8778525886216442
300,1562832000,115,142,27,257,28,0.3917812810337364,-1.1691037397426298
300,1562846400,1290,650,-640,1940,28,-2.178752373287322,1.0794085874895658
300,1562860800,707,695,-12,1402,28,0.24148021279007625,0.3606328108698859
300,1562875200,1095,1559,464,2654,28,2.075924020071671,2.0333229081335276
300,1562889600,746,637,-109,1383,28,-0.13234552104671937,0.33524853623090095
300,1562904000,118,61,-57,179,28,0.06805590327816077,-1.2733128672079366
300,1562918400,392,260,-132,652,28,-0.2209846125750317,-0.6413780301426789
300,1562932800,1258,713,-545,1971,28,-1.8126343865399452,1.1208250355847518
300,1562947200,641,811,170,1452,28,0.9428851979271567,0.4274335336040569
300,1562961600,1071,1495,424,2566,28,1.921769078283302,1.9157536361213865
300,1562976000,874,997,123,1871,28,0.7617531413258227,0.9872235901164098
300,1562990400,409,143,-266,552,28,-0.737403667566069,-0.7749794756110209
300,1563004800,135,114,-21,249,28,0.20679535088769316,-1.179791855380097
300,1563019200,502,431,-71,933,28,0.014101673652231502,-0.26595796837663793
300,1563033600,731,672,-59,1403,28,0.0603481561887423,0.3619688253245693
300,1563048000,715,670,-45,1385,28,0.11430238581467157,0.3379205651402678
300,1563062400,426,303,-123,729,28,-0.18629975067264862,-0.5385049171320556
300,1563076800,222,97,-125,319,28,-0.19400749776206708,-1.0862708435522577
300,1563091200,79,60,-19,139,28,0.21450309797711162,-1.3267534453952732
300,1563105600,363,302,-61,665,28,0.05264040909932383,-0.6240098422317945
300,1563120000,680,512,-168,1192,28,-0.3597240601845641,0.08006977538636777
300,1563134400,659,643,-16,1302,28,0.22606471861123933,0.22703136540154395
300,1563148800,488,361,-127,849,28,-0.20171524485148556,-0.37818318257004524
300,1563163200,77,34,-43,111,28,0.12201013290409003,-1.364161850126409
300,1563177600,405,225,-180,630,28,-0.4059705427210749,-0.6707703481457141
300,1563192000,1194,683,-511,1877,28,-1.6816026860198312,0.9952396768445103
300,1563206400,595,514,-81,1109,28,-0.02443706179486083,-0.030819424352356076
300,1563220800,920,1345,425,2265,28,1.925622951828011,1.5136132852616773
300,1563235200,682,537,-145,1219,29,-0.23959834471453312,0.13447578085888515
300,1563249600,91,46,-45,137,29,0.17253328810170834,-1.3634472362515027
300,1563264000,471,275,-196,746,29,-0.44978547745081626,-0.5203463883585024
300,1563278400,1317,710,-607,2027,29,-2.143646488325569,1.2530726365198772
300,1563279666,21,20,-1,41,29,0.3538712065408546,-1.4963498329636997
300,1563291920,293,338,45,631,29,0.5434517576363257,-0.6795526240033218
300,1563292800,678,535,-143,1213,29,-0.2313557120582083,0.12616936856437283
300,1563307200,1047,1231,184,2278,29,1.1163147272509013,1.600557550840309
300,1563321600,727,556,-171,1283,29,-0.3467525692467559,0.22307751200034986
300,1563336000,111,49,-62,160,29,0.1024709105229473,-1.3316059891225387
300,1563350400,424,249,-175,673,29,-0.36323783455940556,-0.6214077379417356
300,1563364800,1340,676,-664,2016,29,-2.3785615190308262,1.237844213979938
300,1563379200,681,642,-39,1323,29,0.19726118607068283,0.2784535939637653
300,1563393600,1001,1516,515,2517,29,2.4804704318726607,1.9314296405717162
300,1563408000,742,613,-129,1355,29,-0.1736572834639345,0.32275445953449766
300,1563422400,88,39,-49,127,29,0.1560480227890587,-1.3772912567423565
300,1563436800,424,277,-147,701,29,-0.24784097737085797,-0.5826444805673449
300,1563451200,1359,742,-617,2101,29,-2.184859651607193,1.3555183881521957
300,1563465600,673,561,-112,1234,29,-0.10359490588517345,0.15524181159516592
300,1563480000,995,1493,498,2488,29,2.4104080542938995,1.8912819811482402
300,1563494400,798,627,-171,1425,29,-0.3467525692467559,0.4196626029704747
300,1563508800,115,74,-41,189,29,0.189018553414358,-1.2914583296990625
300,1563523200,384,281,-103,665,29,-0.06650305893171171,-0.6324829543344187
300,1563537600,1204,731,-473,1935,29,-1.5913901003518052,1.1257076480040216
300,1563552000,703,750,47,1453,29,0.5516943902926505,0.4584258603448655
300,1563566400,1159,1439,280,2598,29,1.5119610947544933,2.0435662065476325
300,1563580800,767,860,93,1627,29,0.7412749413881217,0.6993118168857226
300,1563595200,349,122,-227,471,29,-0.5775462836238511,-0.9010569518569836
300,1563609600,129,108,-21,237,29,0.2714448799776063,-1.225007031342964
300,1563624000,508,424,-84,932,29,0.011801951303374171,-0.26284760722862066
300,1563638400,614,517,-97,1131,29,-0.04177516096273722,0.01264840053937117
300,1563652800,632,600,-32,1232,29,0.22611040036781974,0.15247300749699516
300,1563667200,647,616,-31,1263,29,0.23023171669598216,0.19538947101864212
300,1563681600,338,141,-197,479,29,-0.4539067937789787,-0.8899817354643006
300,1563696000,97,73,-24,170,29,0.2590809309931191,-1.3177619686316848
300,1563710400,324,300,-24,624,29,0.2590809309931191,-0.6892434383469196
300,1563724800,539,510,-29,1049,29,0.238474349352307,-0.10087256748563049
300,1563739200,564,530,-34,1094,29,0.2178677677114949,-0.03857447527678812
300,1563753600,428,258,-170,686,29,-0.3426312529185935,-0.6034105113036257
300,1563768000,80,43,-37,123,29,0.20550381872700768,-1.382828864938698
300,1563782400,390,220,-170,610,29,-0.3426312529185935,-0.708625067034115
300,1563796800,1163,629,-534,1792,29,-1.8427903963697125,0.9277381549848114
300,1563811200,602,514,-88,1116,29,-0.0046833140092754875,-0.008117630196909621
300,1563825600,893,1298,405,2191,29,2.027125635774795,1.4801145725698803
300,1563840000,443,352,-91,795,30,-0.12045804313562603,-0.5398687328190153
300,1563854400,69,38,-31,107,30,0.13723826805004163,-1.493389723369328
300,1563868800,413,247,-166,660,30,-0.4425784321177106,-0.7269695085810679
300,1563879317,218,330,112,548,30,0.7514144763758829,-0.882193855879956
300,1563883200,1304,696,-608,2000,30,-2.340941257852129,1.130178932316344
300,1563897600,596,576,-20,1172,30,0.18448259176741402,-0.0173724923575792
300,1563912000,913,1373,460,2286,30,2.2460530812527555,1.5265553905974334
300,1563926400,644,617,-27,1261,30,0.15441802212908615,0.10597542647814442
300,1563940800,117,75,-42,192,30,0.08999394433266922,-1.3755855312228507
300,1563955200,445,215,-230,660,30,-0.7174544973824227,-0.7269695085810679
300,1563969600,1296,719,-577,2015,30,-2.207798163739534,1.1509679074010164
300,1563984000,673,629,-44,1302,30,0.08140406729314696,0.16279862504291598
300,1563998400,1091,1513,422,2604,30,2.0828454175018325,1.9672816623924907
300,1564012800,815,632,-183,1447,30,-0.5155923869536497,0.3637587175280837
300,1564027200,132,107,-25,239,30,0.1630078991686084,-1.31044674262421
300,1564041600,434,214,-220,648,30,-0.6745051121848115,-0.7436006886488059
300,1564056000,1261,663,-598,1924,30,-2.2979918726545177,1.0248481252206698
300,1564070400,652,685,33,1337,30,0.41211433331475383,0.21130623357381853
300,1564084800,1041,1376,335,2417,30,1.7091857662826144,1.70811243967024
300,1564099200,864,767,-97,1631,30,-0.1462276742541928,0.6187701452333999
300,1564113600,163,74,-89,237,30,-0.11186816609610377,-1.3132186059688329
300,1564128000,339,233,-106,572,30,-0.18488212093204295,-0.84893149574448
300,1564142400,1063,774,-289,1837,30,-0.9708558700483293,0.9042720697295692
300,1564156800,764,734,-30,1498,30,0.14153320656980276,0.43444123281597025
300,1564171200,1220,1528,308,2748,30,1.593222426249064,2.166855823205347
300,1564185600,894,917,23,1811,30,0.36916494811714257,0.8682378462494702
300,1564200000,345,174,-171,519,30,-0.4640531247165162,-0.9223858743769896
300,1564214400,128,114,-14,242,30,0.2102522228859808,-1.3062889476072754
300,1564228800,510,467,-43,977,30,0.0856990058129081,-0.287629168458322
300,1564243200,701,657,-44,1358,30,0.08140406729314696,0.24041079869236007
300,1564257600,775,800,25,1575,30,0.3777548251566648,0.5411579715839558
300,1564272000,750,705,-45,1455,30,0.07710912877338584,0.3748461709065757
300,1564286400,369,179,-190,548,30,-0.5456569565919777,-0.882193855879956
300,1564300800,98,64,-34,162,30,0.12435345249075824,-1.4171634813921956
300,1564315200,355,315,-40,670,30,0.09858382137219147,-0.7131101918579529
300,1564329600,700,602,-98,1302,30,-0.15052261277395393,0.16279862504291598
300,1564344000,657,811,154,1468,30,0.9318018942058502,0.39286328264662523
300,1564358400,495,356,-139,851,30,-0.3266150920841601,-0.46225655916957115
300,1564372800,71,47,-24,118,30,0.1673028376883695,-1.4781444749739017
300,1564387200,418,208,-210,626,30,-0.6315557269872002,-0.7740911854396589
300,1564401600,1119,653,-466,1772,30,-1.7310599880460489,0.8141865110293216
300,1564416000,565,589,24,1154,30,0.37345988663690366,-0.04231926245918622
300,1564430400,901,1289,388,2190,30,1.936817507829954,1.3935059500555291
300,1564444800,641,545,-96,1186,31,-0.09478198797951004,-0.15245430970620966
300,1564459200,98,63,-35,161,31,0.14487402307748942,-1.513752320150041
300,1564473600,445,228,-217,673,31,-0.5701652230270008,-0.8337673627380978
300,1564488000,1273,740,-533,2013,31,-1.8116619360435882,0.9458807679884718
300,1564502400,630,588,-42,1218,31,0.11737251361193211,-0.10995524986796322
300,1564516800,948,1437,489,2385,31,2.2035584459277797,1.4399323386080867
300,1564531200,696,542,-154,1238,31,-0.3226516378369849,-0.08339333746905919
300,1564545600,115,66,-49,181,31,0.0898710041463748,-1.4871904077511369
300,1564560000,425,259,-166,684,31,-0.3697970826350832,-0.8191583109187006
300,1564574400,1202,683,-519,1885,31,-1.7566589171124736,0.775884528635486
300,1564588800,539,671,132,1210,31,0.8009814631843568,-0.12058001482752483
300,1564603200,1014,1358,344,2372,31,1.6338843212840926,1.422667095548799
300,1564617600,679,572,-107,1251,31,-0.1379986457111001,-0.06612809440977158
300,1564632000,115,66,-49,181,31,0.0898710041463748,-1.4871904077511369
300,1564646400,408,240,-168,648,31,-0.37765465676809956,-0.8669697532367279
300,1564660800,1184,767,-417,1951,31,-1.3559226363286383,0.8635388395518693
300,1564675200,642,585,-57,1227,31,0.05844070761430929,-0.0980023892884564
300,1564689600,1112,1502,390,2614,31,1.8146085263434693,1.7440662355755376
300,1564704000,785,687,-98,1472,31,-0.10263956211252641,0.2273810375981179
300,1564718400,166,105,-61,271,31,0.04272555934827654,-1.3676618019560687
300,1564732800,345,231,-114,576,31,-0.16550015517665742,-0.9625926378727824
300,1564747200,1160,718,-442,1878,31,-1.4541423129913431,0.7665878592958696
300,1564761600,747,783,36,1530,31,0.42381790479957077,0.30441058355493955
300,1564776000,1103,1311,208,2414,31,1.0995692802389792,1.4784471115864974
300,1565395200,8616,9535,919,18151,32,3.521511702206813,4.088586753448294
300,1565409600,294,119,-175,413,32,-0.5571618914796099,-0.365039934420539
300,1565424000,157,98,-59,255,32,-0.12468827459878257,-0.4047103040610439
300,1565438400,452,346,-106,798,32,-0.2999146538522212,-0.26837479320791635
300,1565452800,706,525,-181,1231,32,-0.5795312164906872,-0.1596578941298238
300,1565467200,775,620,-155,1395,32,-0.482597474776019,-0.11848105475613521
300,1565481600,658,725,67,1383,32,0.34506755063384015,-0.12149399422250266
300,1565496000,337,154,-183,491,32,-0.5869876581610463,-0.3454558278891505
300,1565510400,103,74,-29,177,32,-0.012841649543396207,-0.4242944105924324
300,1565524800,414,341,-73,755,32,-0.17688336629129622,-0.2791711596290664
300,1565539200,659,509,-150,1168,32,-0.46395637060012124,-0.17547582632825298
300,1565553600,579,582,3,1161,32,0.10646141718234925,-0.17723337435030068
300,1565568000,430,317,-113,747,32,-0.32601219969847806,-0.28117978593997806
300,1565582400,81,39,-42,120,32,-0.0613085204007303,-0.4386058730576778
300,1565596800,360,229,-131,589,32,-0.39312017473170985,-0.3208501555804829
300,1565611200,963,590,-373,1553,32,-1.29534961684516,-0.07881068511563032
300,1565625600,568,540,-28,1108,32,-0.00911342870821666,-0.19054052366009028
300,1565640000,880,1229,349,2109,32,1.396425826154472,0.06078884349272865
300,1565654400,587,483,-104,1070,33,-0.17171073282468344,-0.0979845632212718
300,1565668800,91,51,-40,142,33,0.12208840774358465,-1.4702613638365383
300,1565683200,412,256,-156,668,33,-0.41042253453640126,-0.6924406772809023
300,1565697600,1202,661,-541,1863,33,-2.177807989517389,1.0746614528217306
300,1565712000,576,636,60,1212,33,0.5811495648815035,0.11199744721770216
300,1565726400,952,1291,339,2243,33,1.861930193296297,1.6365851427288443
300,1565740800,674,572,-102,1246,33,-0.16252950968192506,0.16227482999886494
300,1565755200,99,78,-21,177,33,0.20931002759978923,-1.4185052345029885
300,1565769600,392,261,-131,653,33,-0.29565724525192155,-0.7146218755667094
300,1565784000,1200,671,-529,1871,33,-2.1227206506608387,1.0864914252408278
300,1565798400,689,658,-31,1347,33,0.16340391188599734,0.3116282317899662
300,1565812800,916,1348,432,2264,33,2.288857069434562,1.667638820328974
300,1565827200,733,599,-134,1332,33,-0.3094290799660591,0.28944703350415907
300,1565841600,114,65,-49,179,33,0.08077290360117195,-1.415547741398214
300,1565856000,365,250,-115,615,33,-0.2222074601098545,-0.7708142445574208
300,1565870400,1192,705,-487,1897,33,-1.929914964662913,1.1249388356028935
300,1565884800,685,686,1,1371,33,0.3103034821701314,0.3471181490472575
300,1565899200,1059,1480,421,2539,33,2.2383603421493907,2.074294122235438
300,1565913600,828,657,-171,1485,33,-0.4792817081070891,0.5156952560193916
300,1565928000,173,87,-86,260,33,-0.08907972453985803,-1.2957692706548558
300,1565942400,337,218,-119,555,33,-0.24056990639537126,-0.8595390377006492
300,1565956800,1091,710,-381,1801,33,-1.4433101380967188,0.982979166573728
300,1565971200,678,754,76,1432,33,0.6545993500235705,0.43732168874287314
300,1565985600,1062,1341,279,2403,33,1.5864934990135457,1.8731845911107867
300,1566000000,797,774,-23,1571,33,0.20012880445703085,0.6428674595246857
300,1566014400,281,154,-127,435,33,-0.2772947989664048,-1.0369886239871062
300,1566028800,119,113,-6,232,33,0.27816920117047705,-1.3371741741216956
300,1566043200,440,379,-61,819,33,0.025685564744621685,-0.4691499478704441
300,1566057600,663,636,-27,1299,33,0.1817663581715141,0.2406483972753834
300,1566072000,779,724,-55,1503,33,0.053229234172896815,0.5423126939623601
300,1566086400,683,598,-85,1281,33,-0.08448911296847884,0.21403095933241487
300,1566100800,350,143,-207,493,33,-0.6445437246767399,-0.951221323948652
300,1566115200,105,73,-32,178,33,0.15881330031461816,-1.4170264879506014
300,1566129600,339,340,1,679,33,0.3103034821701314,-0.6761744652046437
300,1566144000,551,508,-43,1059,33,0.10831657302944708,-0.11425077529753035
300,1566158400,598,571,-27,1169,33,0.1817663581715141,0.04841134546505512
300,1566172800,456,286,-170,742,33,-0.4746910965357099,-0.583013432404254
300,1566187200,84,51,-33,135,33,0.15422268874323897,-1.4806125897032483
300,1566201600,369,213,-156,582,33,-0.41042253453640126,-0.8196128807861964
300,1566216000,1122,613,-509,1735,33,-2.030908419233255,0.8853818941161767
300,1566230400,553,563,10,1116,33,0.35161898631254407,-0.029962221811463335
300,1566244800,864,1206,342,2070,33,1.8757020280104346,1.380761989165869
300,1566259200,532,508,-24,1040,34,0.267199503486794,-0.08682790833960101
300,1566273600,82,60,-22,142,34,0.2763233889717089,-1.453606452136092
300,1566288000,372,210,-162,582,34,-0.3623485949723353,-0.7839154061779005
300,1566302400,1158,605,-553,1763,34,-2.146068207273202,1.0135962421780638
300,1566316800,570,586,16,1156,34,0.44967721318509235,0.0897270037766495
300,1566331200,931,1254,323,2185,34,1.850193635119532,1.6558908362561475
300,1566345600,670,523,-147,1193,34,-0.2939194538354734,0.1460419326413156
300,1566360000,109,57,-52,166,34,0.13946510669798515,-1.4170778496292815
300,1566374400,414,218,-196,632,34,-0.5174546482158888,-0.7078141509553786
300,1566388800,1204,617,-587,1821,34,-2.3011742605167553,1.101873698236189
300,1566403200,644,624,-20,1268,34,0.2854472744566238,0.26019381547509823
300,1566417600,946,1229,283,2175,34,1.6677159254212337,1.6406705852116432
300,1566432000,702,608,-94,1310,34,-0.05213648848522811,0.32411886986201655
300,1566446400,126,74,-52,200,34,0.13946510669798515,-1.3653289960779667
300,1566460800,394,235,-159,629,34,-0.3486627667449629,-0.71238022626873
300,1566475200,1083,610,-473,1693,34,-1.7811127878766049,0.9070544848665333
300,1566489600,571,681,110,1252,34,0.8784998309760934,0.2358414138038913
300,1566504000,983,1320,337,2303,34,1.9140608335139364,1.8354897985812988
300,1566518400,770,711,-59,1481,34,0.10753150750078294,0.584385162723041
300,1566532800,135,81,-54,216,34,0.13034122121307024,-1.3409765944067598
300,1566547200,342,218,-124,560,34,-0.18899477075895185,-0.81739995847581
300,1566561600,1084,556,-528,1640,34,-2.0320196387117653,0.8263871543306602
300,1566576000,679,772,93,1451,34,0.8009468043543165,0.5387244095895279
300,1566590400,1112,1487,375,2599,34,2.08741465772732,2.2860092294986276
300,1566604800,804,674,-130,1478,34,-0.21636642721369662,0.5798190874096897
300,1566619200,294,149,-145,443,34,-0.28479556835055847,-0.9954768956965109
300,1566633600,135,109,-26,244,34,0.25807561800187906,-1.2983598914821475
300,1566648000,411,341,-70,752,34,0.0573501373337509,-0.5251711384213263
300,1566662400,682,582,-100,1264,34,-0.07950814493997285,0.2541057150572965
300,1566676800,743,696,-47,1439,34,0.16227482041027244,0.5204601083361227
300,1566691200,584,524,-60,1108,34,0.10296956475832549,0.016669798763028595
300,1566705600,290,129,-161,419,34,-0.3577866522298778,-1.0320054982033213
300,1566720000,96,79,-17,175,34,0.2991331026839962,-1.4033796236892275
300,1566734400,344,283,-61,627,34,0.09840762201586803,-0.7154242764776308
300,1566748800,658,522,-136,1180,34,-0.24373808366844135,0.12625560628345994
300,1566763200,697,555,-142,1252,34,-0.2711097401231861,0.2358414138038913
300,1566777600,441,288,-153,729,34,-0.3212911102902182,-0.5601777158236864
300,1566792000,82,32,-50,114,34,0.14858899218290006,-1.4962231550607041
300,1566806400,339,199,-140,538,34,-0.2619858546382712,-0.8508845107737195
300,1566820800,1119,585,-534,1704,34,-2.05939129516651,0.923796761015488
300,1566835200,587,570,-17,1157,34,0.2991331026839962,0.09124902888109993
300,1566849600,853,1143,290,1996,34,1.699649524618436,1.3682280915150151
300,1566864000,566,482,-84,1048,35,-0.11282807180724395,-0.00025525797609803156
300,1566878400,82,71,-11,153,35,0.27982898626427705,-1.3709905896219043
300,1566892800,383,239,-144,622,35,-0.4355599003591791,-0.6526946448823701
300,1566907200,1181,609,-572,1790,35,-2.737713610696316,1.1361532516118218
300,1566921600,641,638,-3,1279,35,0.3228598967378684,0.35353229689561283
300,1566936000,960,1294,334,2254,35,2.1355370004379037,1.8467914570684185
300,1566950400,700,605,-95,1305,35,-0.17199557370843205,0.39335254116688767
300,1566964800,113,72,-41,185,35,0.1184630719883095,-1.3219810582111045
300,1566979200,386,230,-156,616,35,-0.5001062660695661,-0.661883932021895
300,1566993600,1169,609,-560,1778,35,-2.6731672449859287,1.117774677332772
300,1567008000,681,641,-40,1322,35,0.12384193579750842,0.41938885472887505
300,1567022400,1029,1392,363,2421,35,2.2915240509046724,2.10255994911853
300,1567036800,685,507,-178,1192,35,-0.6184412698719423,0.22028763337250096
300,1567051200,107,81,-26,188,35,0.19914602912629328,-1.317386414641342
300,1567065600,380,240,-140,620,35,-0.4140444451223834,-0.655757740595545
300,1567080000,1111,664,-447,1775,35,-2.065355634546451,1.1131800337630093
300,1567094400,662,704,42,1366,35,0.5649087681518197,0.48677696041872476
300,1567108800,1016,1337,321,2353,35,2.0656117709183177,1.9984146948705803
300,1567123200,760,679,-81,1439,35,-0.0966914803796472,0.5985799539496117
300,1567137600,164,78,-86,242,35,-0.1235857994256418,-1.2346828303856174
300,1567152000,292,227,-65,519,35,-0.010629659432464519,-0.8104440741108818
300,1567166400,948,640,-308,1588,35,-1.3176935650678017,0.8267805845811482
300,1567180800,760,827,67,1587,35,0.6993803633817925,0.8252490367245607
300,1567195200,1095,1396,301,2491,35,1.9580344947343393,2.2097682990796543
300,1567209600,772,690,-82,1462,35,-0.10207034418884613,0.6338055546511241
300,1567224000,323,159,-164,482,35,-0.5431371765431574,-0.867111344804619
300,1567238400,109,120,11,229,35,0.3981639900666532,-1.2545929525212547
300,1567252800,410,340,-70,750,35,-0.037523978478459105,-0.45665651923917094
300,1567267200,649,546,-103,1195,35,-0.2150264841820234,0.22488227694226343
300,1567281600,652,579,-73,1231,35,-0.05366056990605586,0.28001799977941316
300,1567296000,595,491,-104,1086,35,-0.22040534799122233,0.0579435605742267
300,1567310400,256,145,-111,401,35,-0.2580573946556147,-0.991166721188206
300,1567324800,104,80,-24,184,35,0.2099037567446911,-1.323512606067692
300,1567339200,314,317,3,631,35,0.35513307959306184,-0.6389107141730827
300,1567353600,607,537,-70,1144,35,-0.037523978478459105,0.1467733362563013
300,1567368000,644,606,-38,1250,35,0.13459966341590626,0.3091174090545756
300,1567382400,517,442,-75,959,35,-0.0644182975244537,-0.1365630172123849
300,1567396800,174,73,-101,247,35,-0.20426875656362556,-1.2270250911026799
300,1567411200,76,87,11,163,35,0.3981639900666532,-1.3556751110560292
300,1567425600,291,321,30,612,35,0.5003624024414326,-0.668010123448245
300,1567440000,518,462,-56,980,35,0.037780114850325744,-0.10440051222404756
300,1567454400,453,431,-22,884,35,0.22066148436308894,-0.2514291064564469
300,1567468800,335,251,-84,586,36,0.01028175687666747,-0.8275110263633976
300,1567483200,66,37,-29,103,36,0.2364804081633518,-1.5026322280850095
300,1567497600,392,276,-116,668,36,-0.12132473114467615,-0.7128941763816746
300,1567512000,1113,628,-485,1741,36,-1.6389120461407947,0.7869092386230657
300,1567526400,642,577,-65,1219,36,0.08842310913934025,0.057275144836975794
300,1567540800,903,1288,385,2191,36,1.9391393469394849,1.41590414705935
300,1567555200,572,491,-81,1063,36,0.022619865128668433,-0.16077642342093612
300,1567569600,105,67,-38,172,36,0.19946608340734892,-1.406186342124779
300,1567584000,417,268,-149,685,36,-0.25704392191668674,-0.6891321465074149
300,1567598400,1222,667,-555,1889,36,-1.926801238687484,0.9937786751754436
300,1567612800,664,592,-72,1256,36,0.059634189884671326,0.10899250397507029
300,1567627200,982,1287,305,2269,36,1.6101231268861258,1.524929931188306
300,1567641600,679,530,-149,1209,36,-0.25704392191668674,0.043297480205058365
300,1567656000,97,53,-44,150,36,0.174789866903347,-1.4369372043149975
300,1567670400,465,356,-109,821,36,-0.09253581189000723,-0.49903590751333793
300,1567684800,1277,726,-551,2003,36,-1.910350427684816,1.1531240519793025
300,1567699200,766,703,-63,1469,36,0.09664851464067421,0.4067167606349116
300,1567713600,1002,1433,431,2435,36,2.1283236734701663,1.7569591640781355
300,1567728000,774,619,-155,1393,36,-0.28172013842068866,0.30048650943233907
300,1567742400,169,93,-76,262,36,0.043183378882003375,-1.2803873604375222
300,1567756800,443,353,-90,796,36,-0.014394459627334459,-0.5339800690931316
300,1567771200,1268,755,-513,2023,36,-1.7540677231594703,1.1810793812431373
300,1567785600,848,742,-106,1590,36,-0.08019770363800627,0.5758465026811125
300,1567800000,1111,1744,633,2855,36,2.959089629104898,2.3440210786186673
300,1567814400,849,778,-71,1627,36,0.06374689263533831,0.627563861819207
300,1567828800,282,141,-141,423,36,-0.22414229991135085,-1.0553469598636518
300,1567843200,128,103,-25,231,36,0.25293121916601974,-1.3237181207964663
300,1567857600,474,431,-43,905,36,0.178902569654014,-0.3816235246052315
300,1567872000,790,597,-193,1387,36,-0.43800284294603425,0.29209991065318863
300,1567886400,836,713,-123,1549,36,-0.15011365039934507,0.518538077690251
300,1567900800,723,683,-40,1406,36,0.19124067790601496,0.3186574734538318
300,1567915200,371,176,-195,547,36,-0.4462282484473682,-0.8820239184278755
300,1567929600,112,97,-15,209,36,0.29405824667268965,-1.3544689829866847
300,1567944000,375,354,-21,729,36,0.2693820301686877,-0.6276304221269783
300,1567958400,619,511,-108,1130,36,-0.08842310913934025,-0.06712607038708934
300,1567972800,668,531,-137,1199,36,-0.2076914889086829,0.029319815573140937
300,1567987200,460,250,-210,710,36,-0.507918789707373,-0.6541879849276214
300,1568001600,81,45,-36,126,36,0.2076914889086829,-1.4704835994315995
300,1568016000,451,336,-115,787,36,-0.11721202839400915,-0.5465599672618572
300,1568030400,1280,679,-601,1959,36,-2.1159855652181654,1.0916223275988657
300,1568044800,709,577,-132,1286,36,-0.18712797515534796,0.15092549787082257
300,1568059200,1035,1384,349,2419,36,1.7910820479154732,1.7345949006670676
300,1568073600,564,510,-54,1074,37,0.2883194131307015,-0.2587032594461128
300,1568088000,90,42,-48,132,37,0.31874507984298656,-1.5121119977177282
300,1568102400,507,309,-198,816,37,-0.4418965879641404,-0.6019935508198673
300,1568116800,1346,817,-529,2163,37,-2.120379201591867,1.1903011099570604
300,1568131200,710,652,-58,1362,37,0.26803563532251146,0.12450450766877601
300,1568145600,1146,1443,297,2589,37,2.0682209157993787,1.7571292654811668
300,1568160000,677,587,-90,1264,37,0.10576541285699101,-0.005892579752262545
300,1568174400,111,45,-66,156,37,0.22746807970613134,-1.4801780171248209
300,1568188800,506,399,-107,905,37,0.019559357172183284,-0.48357170612116906
300,1568203200,1268,770,-498,2038,37,-1.9631799235783942,1.023978294369001
300,1568217600,738,574,-164,1312,37,-0.26948447659452496,0.057975381433552256
300,1568232000,1110,1429,319,2539,37,2.179781693744424,1.690600139245943
300,1568246400,687,633,-54,1320,37,0.2883194131307015,0.06862004163118805
300,1568260800,120,66,-54,186,37,0.2883194131307015,-1.4402605413836866
300,1568275200,511,334,-177,845,37,-0.33540675447114265,-0.5634066576034376
300,1568289600,1265,745,-520,2010,37,-2.0747407015234396,0.9867219836772758
300,1568304000,819,633,-186,1452,37,-0.3810452545395703,0.24425693489217876
300,1568318400,1255,1460,205,2715,37,1.6016940262110075,1.9247826635939307
300,1568332800,737,582,-155,1319,37,-0.22384597652609733,0.06728945910648358
300,1568347200,126,84,-42,210,37,0.34917074655527164,-1.4083265607907791
300,1568361600,425,332,-93,757,37,0.09055257950084847,-0.6804979197774313
300,1568376000,1188,757,-431,1945,37,-1.623426645291211,0.9002341195714849
300,1568390400,778,638,-140,1416,37,-0.14778180974538466,0.19635596400281766
300,1568404800,1284,1617,333,2901,37,2.250774916073089,2.172271013188963
300,1568419200,996,980,-16,1976,37,0.481015302308507,0.9414821778373236
300,1568433600,388,172,-216,560,37,-0.5331735881009957,-0.9426226771442129
300,1568448000,130,112,-18,242,37,0.47087341340441197,-1.365747920000236
300,1568462400,503,404,-99,907,37,0.06012691278856339,-0.4809105410717601
300,1568476800,795,694,-101,1489,37,0.04998502388446836,0.2934884883062443
300,1568491200,952,876,-76,1828,37,0.17675863518565618,0.7445559641810613
300,1568505600,735,604,-131,1339,37,-0.10214330967695703,0.09390110960057307
300,1568520000,429,172,-257,601,37,-0.7410823106349437,-0.8880687936313294
300,1568534400,118,85,-33,203,37,0.39480924662369926,-1.4176406384637106
300,1568548800,429,343,-86,772,37,0.12604919066518105,-0.6605391819068642
300,1568563200,700,649,-51,1349,37,0.303532246486844,0.10720693484761783
300,1568577600,742,577,-165,1319,37,-0.2745554210465725,0.06728945910648358
300,1568592000,489,301,-188,790,37,-0.3911871434436653,-0.6365886964621836
300,1568606400,105,44,-61,149,37,0.2528228019663689,-1.4894920947977521
300,1568620800,490,353,-137,843,37,-0.13256897638924212,-0.5660678226528465
300,1568635200,1234,697,-537,1931,37,-2.1609467572082472,0.8816059642256222
300,1568649600,717,561,-156,1278,37,-0.22891692097814487,0.012735575593600104
300,1568664000,1045,1227,182,2272,37,1.4850623038139148,1.3353346051498483
300,1568678400,550,468,-82,1018,38,-0.04650580029387241,0.2817135683394041
300,1568692800,90,56,-34,146,38,0.2341234860508663,-0.7630173605264626
300,1568707200,495,339,-156,834,38,-0.47914261674201125,0.06126575766128543
300,1568721600,1272,731,-541,2003,38,-2.7300233509654364,1.461828207023898
300,1568736000,727,575,-152,1302,38,-0.4557568428799497,0.6219699717773699
300,1568750400,1083,1315,232,2398,38,1.78927744787796,1.935072148425294
300,1568764800,700,575,-125,1275,38,-0.29790286931103416,0.5896216517322111
300,1568779200,116,52,-64,168,38,0.058730182085404606,-0.7366594701192962
300,1568793600,469,346,-123,815,38,-0.2862099823800034,0.038502125036914484
300,1568808000,1330,725,-605,2055,38,-3.1041957327584213,1.5241286752590184
300,1568822400,759,598,-161,1357,38,-0.5083748340695882,0.6878646977952858
300,1568836800,1123,1364,241,2487,38,1.8418954390675986,2.0417017959815578
300,1568851200,791,630,-161,1421,38,-0.5083748340695882,0.7645421971615879
300,1568865600,106,55,-51,161,38,0.13473394713710468,-0.7450460716124855
300,1568880000,492,346,-146,838,38,-0.42067818208685737,0.06605810137167932
300,1568894400,1303,710,-593,2013,38,-3.034038411172237,1.4738090662998826
300,1568908800,729,668,-61,1397,38,0.07626951248195077,0.7357881348992246
300,1568923200,1164,1465,301,2629,38,2.192682046998522,2.2118299977005407
300,1568937600,787,637,-150,1424,38,-0.4440639559489189,0.7681364549443833
300,1568952000,136,69,-67,205,38,0.041190851688858436,-0.6923302907981528
300,1568966400,444,326,-118,770,38,-0.2569777650524264,-0.015411741705016708
300,1568980800,1279,853,-426,2132,38,-2.0576823524311663,1.6163812916841007
300,1568995200,776,697,-79,1473,38,-0.028966469897326243,0.8268426653967084
300,1569009600,1260,1669,409,2929,38,2.824097941274184,2.571255775980082
300,1569024000,922,805,-117,1727,38,-0.25113132158691104,1.13115649100672
300,1569038400,358,130,-228,488,38,-0.9000865462591192,-0.35327197328778553
300,1569052800,139,101,-38,240,38,0.21073771218880474,-0.6503972833322064
300,1569067200,454,405,-49,859,38,0.14642683406813545,0.09121790585124721
300,1569081600,724,613,-111,1337,38,-0.2160526607938187,0.6639029792433163
300,1569096000,844,809,-35,1653,38,0.22827704258535092,1.0424981323644331
300,1569110400,709,467,-242,1176,38,-0.9819367547763347,0.4710111448999625
300,1569124800,403,159,-244,562,38,-0.9936296417073655,-0.26461361464549865
300,1569127986,9,9,0,18,38,0.43290256387838955,-0.9163723592590669
300,1569128066,0,0,0,0,38,0.43290256387838955,-0.9379379059558394
300,1569128146,0,0,0,0,38,0.43290256387838955,-0.9379379059558394
300,1569128226,1,2,1,3,38,0.43874900734390493,-0.9343436481730439
300,1569128306,0,0,0,0,38,0.43290256387838955,-0.9379379059558394
300,1569128386,0,2,2,2,38,0.4445954508094203,-0.9355417341006425
300,1569128466,0,0,0,0,38,0.43290256387838955,-0.9379379059558394
300,1569128546,33,12,-21,45,38,0.31012725110256634,-0.8840240392139082
300,1569128626,0,0,0,0,38,0.43290256387838955,-0.9379379059558394
300,1569128706,0,1,1,1,38,0.43874900734390493,-0.9367398200282409
300,1569128786,1,0,-1,1,38,0.42705612041287416,-0.9367398200282409
300,1569128866,1,0,-1,1,38,0.42705612041287416,-0.9367398200282409
300,1569128946,1,0,-1,1,38,0.42705612041287416,-0.9367398200282409
300,1569129026,1,0,-1,1,38,0.42705612041287416,-0.9367398200282409
300,1569129106,1,0,-1,1,38,0.42705612041287416,-0.9367398200282409
300,1569129186,0,0,0,0,38,0.43290256387838955,-0.9379379059558394
300,1569129266,1,0,-1,1,38,0.42705612041287416,-0.9367398200282409
300,1569129346,1,0,-1,1,38,0.42705612041287416,-0.9367398200282409
300,1569129426,1,2,1,3,38,0.43874900734390493,-0.9343436481730439
300,1569129506,1,1,0,2,38,0.43290256387838955,-0.9355417341006425
300,1569129586,1,1,0,2,38,0.43290256387838955,-0.9355417341006425
300,1569129666,1,0,-1,1,38,0.42705612041287416,-0.9367398200282409
300,1569129746,1,0,-1,1,38,0.42705612041287416,-0.9367398200282409
300,1569129826,0,1,1,1,38,0.43874900734390493,-0.9367398200282409
300,1569139200,50,61,11,111,38,0.4972134419990588,-0.804950367992409
300,1569153600,353,303,-50,656,38,0.14058039060262006,-0.1519935374512424
300,1569168000,715,484,-231,1199,38,-0.9176258766556654,0.49856712123472735
300,1569182400,688,516,-172,1204,38,-0.5726857121902574,0.5045575508727197
300,1569196800,504,320,-184,824,38,-0.6428430337764421,0.04928489838530072
300,1569211200,91,35,-56,126,38,0.10550172980952773,-0.786979079078432
300,1569225600,487,331,-156,818,38,-0.47914261674201125,0.0420963828197099
300,1569240000,1029,713,-316,1742,38,-1.4145735712244736,1.1491277799206971
300,1569254400,714,569,-145,1283,38,-0.414831738621342,0.5992063391529989
300,1569268800,1058,1270,212,2328,38,1.6723485785676522,1.851206133493401
300,1569283200,566,503,-63,1069,39,0.08480139143345146,-0.24859308798890714
300,1569297600,89,33,-56,122,39,0.11604400932998621,-1.5333567940272121
300,1569312000,505,334,-171,839,39,-0.3972275703987989,-0.5606265118419274
300,1569326400,1238,673,-565,1911,39,-2.1557406348608974,0.893720576725193
300,1569340800,734,593,-141,1327,39,-0.2633306365565072,0.10142701355056773
300,1569355200,1144,1450,306,2594,39,1.7317336776936403,1.8203241788626399
300,1569369600,677,563,-114,1240,39,-0.14282339609844455,-0.01660302068948775
300,1569384000,98,58,-40,156,39,0.1874557073792085,-1.4872301139793742
300,1569398400,504,359,-145,863,39,-0.28118356106881276,-0.5280665023963947
300,1569412800,1254,707,-547,1961,39,-2.0754024745555224,0.961553929736719
300,1569427200,760,681,-79,1441,39,0.013389693384229177,0.2560870584168473
300,1569441600,1107,1518,411,2625,39,2.2003729461416617,1.8623808577297862
300,1569456000,785,576,-209,1361,39,-0.5668303532657019,0.14755369359840548
300,1569470400,125,51,-74,176,39,0.03570584902461114,-1.4600967727747638
300,1569484800,503,381,-122,884,39,-0.1785292451230557,-0.4995764941315538
300,1569499200,1288,734,-554,2022,39,-2.1066450924520574,1.044310620410781
300,1569513600,751,654,-97,1405,39,-0.0669484669211459,0.20724704424854848
300,1569528000,1180,1411,231,2591,39,1.3969913430879108,1.8162541776819483
300,1569542400,750,633,-117,1383,39,-0.15621308948267373,0.177400368923477
300,1569556800,137,64,-73,201,39,0.04016908015268753,-1.4261800962690008
300,1569571200,421,353,-68,774,39,0.0624852357930695,-0.6488098707569113
300,1569585600,1276,754,-522,2030,39,-1.9638216963536128,1.0551639568926252
300,1569600000,821,769,-52,1590,39,0.1338969338422918,0.4582304503911952
300,1569614400,1213,1654,441,2867,39,2.334269879983953,2.1906942863055727
300,1569628800,901,936,35,1837,39,0.5221980419849379,0.7933272142681342
300,1569643200,392,174,-218,566,39,-0.6069994334183894,-0.93099661928486
300,1569657600,130,129,-1,259,39,0.3615217213741878,-1.3474934067756306
300,1569672000,451,527,76,978,39,0.70519051823607,-0.3720497904698847
300,1569686400,757,865,108,1622,39,0.8480139143345146,0.5016437963185719
300,1569700800,876,850,-26,1726,39,0.249940943172278,0.6427371705825463
300,1569715200,778,763,-15,1541,39,0.2990364855811183,0.39175376443989957
300,1569729600,347,204,-143,551,39,-0.27225709881265997,-0.9513466251883179
300,1569744000,97,78,-19,175,39,0.28118356106881276,-1.4614534398349943
300,1569758400,411,315,-96,726,39,-0.0624852357930695,-0.7139298896479764
300,1569772800,734,603,-131,1337,39,-0.21869832527574323,0.11499368415287295
300,1569787200,716,645,-71,1361,39,0.04909554240884032,0.14755369359840548
300,1569801600,471,363,-108,834,39,-0.11604400932998621,-0.56740984714308
300,1569816000,90,47,-43,137,39,0.1740660139949793,-1.5130067881237543
300,1569830400,380,228,-152,608,39,-0.31242617896534747,-0.8740166027551781
300,1569844800,1052,557,-495,1609,39,-1.84331445589555,0.4840071245355751
300,1569859200,610,596,-14,1206,39,0.3034997167091947,-0.06272970073732552
300,1569873600,900,1189,289,2089,39,1.6558587485163416,1.135207313446226
300,1569888000,526,436,-90,962,40,0.02517009316261474,-0.3841605717096484
300,1569902400,65,37,-28,102,40,0.31390543499278595,-1.5609801671767423
300,1569916800,386,263,-123,649,40,-0.1285116210373151,-0.8124681686645325
300,1569931200,1155,582,-573,1737,40,-2.2241713601272672,0.6763454590891862
300,1569945600,661,588,-73,1249,40,0.1043394610837907,0.0085687584055329
300,1569960000,962,1348,386,2310,40,2.241912394955542,1.4604357244410986
300,1569974400,688,522,-166,1210,40,-0.3287635516614661,-0.044798641854021354
300,1569988800,65,72,7,137,40,0.47690119247755997,-1.5130863464309885
300,1570003200,480,341,-139,821,40,-0.20302396731606895,-0.5771042495711138
300,1570017600,1284,735,-549,2019,40,-2.1124028407091364,1.062232814812117
300,1570032000,746,657,-89,1403,40,0.029827114805036855,0.21930156968684972
300,1570046400,1106,1474,368,2580,40,2.1580860053919437,1.829902341622628
300,1570060800,670,558,-112,1228,40,-0.0772843829706718,-0.020167534041919392
300,1570075200,57,76,19,133,40,0.5327854521866253,-1.5185599259447888
300,1570089600,475,324,-151,799,40,-0.25890822702513433,-0.6072089368970162
300,1570104000,1302,689,-613,1991,40,-2.4104522258241516,1.023917758215514
300,1570118400,853,704,-149,1557,40,-0.2495941837402901,0.43003438096816654
300,1570132800,1128,1363,235,2491,40,1.5387021269498025,1.7081151974405684
300,1570147200,814,739,-75,1553,40,0.09502541779894648,0.4245608014543661
300,1570161600,81,91,10,172,40,0.4908722574048263,-1.4651925256852347
300,1570176000,412,336,-76,748,40,0.09036839615652437,-0.6769970756979717
300,1570190400,1166,791,-375,1957,40,-1.302081074927688,0.9773923323482102
300,1570204800,817,692,-125,1509,40,-0.1378256643221593,0.3643514268025613
300,1570219200,1190,1572,382,2762,40,2.223284308385854,2.078950209500548
300,1570233600,931,1024,93,1955,40,0.877405053725862,0.9746555425913099
300,1570248000,319,220,-99,539,40,-0.016743101619184304,-0.9629916052940446
300,1570262400,128,112,-16,240,40,0.3697896947018513,-1.3721416739506271
300,1570276800,502,457,-45,959,40,0.23473606707160996,-0.38826575634499877
300,1570291200,775,681,-94,1456,40,0.0065420065929262744,0.29182649824470547
300,1570305600,918,821,-97,1739,40,-0.0074290583343400735,0.6790822488460864
300,1570320000,759,695,-64,1454,40,0.14625265586558975,0.2890897084878053
300,1570334400,370,162,-208,532,40,-0.5243584606431949,-0.9725703694431953
300,1570348800,108,90,-18,198,40,0.3604756514170071,-1.4296142588455318
300,1570363200,466,366,-100,832,40,-0.02140012326160642,-0.5620519059081626
300,1570377600,889,727,-162,1616,40,-0.3101354650917776,0.510769678796723
300,1570392000,895,598,-297,1493,40,-0.9388333868187633,0.3424571087473595
300,1570406400,496,267,-229,763,40,-0.6221559151340593,-0.6564711525212201
300,1570420800,103,35,-68,138,40,0.1276245692959013,-1.5117179515525383
300,1570435200,420,329,-91,749,40,0.020513071520192622,-0.6756286808195217
300,1570449600,1181,748,-433,1929,40,-1.572188330188171,0.9390772757516072
300,1570464000,741,587,-154,1328,40,-0.2728792919524007,0.11667195380309152
300,1570478400,1011,1185,174,2196,40,1.2546238067620534,1.3044387082977862
300,1570492800,616,521,-95,1137,41,-0.36227759677221444,0.025600736772713642
300,1570507200,82,27,-55,109,41,-0.19312074224822323,-1.395141436618903
300,1570521600,483,343,-140,826,41,-0.5525790581117045,-0.4042152320257229
300,1570536000,1299,732,-567,2031,41,-2.35832848015531,1.2611488914537499
300,1570550400,723,654,-69,1377,41,-0.25232564133162017,0.35729151655285757
300,1570564800,1145,1283,138,2428,41,0.6230610808300342,1.809820723006738
300,1570579200,693,511,-182,1204,41,-0.7301937553618951,0.11819774612800382
300,1570593600,90,26,-64,116,41,-0.23118103451612126,-1.3854671222086488
300,1570608000,383,223,-160,606,41,-0.6371574853737,-0.7082651134908549
300,1570622400,1166,685,-481,1851,41,-1.9946412429287292,1.012380806618642
300,1570636800,616,641,25,1257,41,0.1451929667997591,0.19144612666278563
300,1570651200,889,1287,398,2176,41,1.7225806352359767,1.4615454042375868
300,1570665600,629,577,-52,1206,41,-0.1804339781589239,0.12096183595950502
300,1570680000,78,25,-53,103,41,-0.1846628995220237,-1.4034337061134066
300,1570694400,473,367,-106,840,41,-0.408795731766312,-0.3848666032052145
300,1570708800,1281,739,-542,2020,41,-2.2526054460778155,1.2459463973804932
300,1570723200,795,672,-123,1467,41,-0.48068739493900825,0.4816755589704116
300,1570737600,1181,1349,168,2530,41,0.7499287217230275,1.9507893044132991
300,1570752000,759,659,-100,1418,41,-0.38342220358771334,0.4139553580986322
300,1570766400,130,43,-87,173,41,-0.3284462258674162,-1.3066905620108646
300,1570780800,438,299,-139,737,41,-0.5483501367486047,-0.5272172295275263
300,1570795200,1248,735,-513,1983,41,-2.1299667265479223,1.194810735497721
300,1570809600,850,830,-20,1680,41,-0.045108494539730974,0.7760511260252894
300,1570824000,1277,1500,223,2777,41,0.9825193966935154,2.292154398603697
300,1570838400,718,829,111,1547,41,0.50888020402634,0.5922391522304595
300,1570852800,170,135,-35,305,41,-0.10854231498622766,-1.1242606331317855
300,1570867200,65,127,62,192,41,0.3016630572344509,-1.2804317086116033
300,1570881600,205,494,289,699,41,1.2616282066581006,-0.5797349363260491
300,1570896000,376,640,264,1016,41,1.1559051725806062,-0.14162669803310893
300,1570910400,513,819,306,1332,41,1.3335198698307968,0.2950994953440806
300,1570924800,422,718,296,1140,41,1.2912306561997993,0.02974687151996544
300,1570939200,187,146,-41,333,41,-0.13391584316482633,-1.0855633754907685
300,1570953600,44,85,41,129,41,0.21285570860935557,-1.367500538303891
300,1570968000,179,360,181,539,41,0.8049046994433247,-0.800862122846145
300,1570982400,364,651,287,1015,41,1.2531703639319012,-0.14300874294885954
300,1570996800,345,659,314,1004,41,1.3673512407355952,-0.15821123702211612
300,1571011200,216,407,191,623,41,0.8471939130743225,-0.6847703499230946
300,1571025600,50,51,1,101,41,0.043698854085364384,-1.4061977959449077
300,1571040000,272,210,-62,482,41,-0.2227231917899217,-0.8796386830439292
300,1571054400,844,519,-325,1363,41,-1.3349295102851637,0.3379428877323492
300,1571068800,574,577,3,1151,41,0.05215669681156394,0.04494936559322204
300,1571083200,816,1137,321,1953,41,1.3969536902772937,1.153349388025203
300,1571097600,480,430,-50,910,42,0.20341873754514092,-0.41922071414346956
300,1571112000,41,47,6,88,42,0.4902058101497657,-1.4914186419376143
300,1571126400,463,370,-93,833,42,-0.01679276463341031,-0.5196577463091011
300,1571140800,1277,798,-479,2075,42,-1.9935750865152886,1.1003785387521248
300,1571155200,801,668,-133,1469,42,-0.22164067363671378,0.30992605183819333
300,1571169600,1099,1184,85,2283,42,0.8947804304312901,1.3716889633034413
300,1571184000,619,518,-101,1137,42,-0.057762346434071,-0.1231271258110233
300,1571198400,54,68,14,122,42,0.5311753919504264,-1.4470698225398029
300,1571212800,459,337,-122,796,42,-0.16530749866080532,-0.5679196968302488
300,1571227200,1225,644,-581,1869,42,-2.5159372544737124,0.8316768682830326
300,1571241600,791,728,-63,1519,42,0.13684316711906727,0.37514490389379823
300,1571256000,1051,1288,237,2339,42,1.6732024846438431,1.4447340776057187
300,1571270400,573,631,58,1204,42,0.7565080918540602,-0.035733864056512715
300,1571284800,42,60,18,102,42,0.5516601828507568,-1.473157363362045
300,1571299200,414,328,-86,742,42,0.019055619442167798,-0.6383560570503021
300,1571313600,1278,768,-510,2046,42,-2.152332215992849,1.062551604559874
300,1571328000,836,700,-136,1536,42,-0.23700426681196152,0.3973193135927039
300,1571342400,1259,1653,394,2912,42,2.4772305274818094,2.192142122162951
300,1571356800,864,718,-146,1582,42,-0.2882162440627874,0.4573206574838604
300,1571371200,76,97,21,173,42,0.5670237760260045,-1.3805465934430858
300,1571385600,422,342,-80,764,42,0.049782805792663316,-0.609659762145836
300,1571400000,1273,748,-525,2021,42,-2.2291501818690875,1.0299421785320715
300,1571414400,838,858,20,1696,42,0.5619025783009219,0.6060196401706396
300,1571428800,1293,1633,340,2926,42,2.2006858503273494,2.2104034007385205
300,1571443200,1022,1067,45,2089,42,0.6899325214279867,1.1186398173276941
300,1571457600,325,153,-172,478,42,-0.42136738491493464,-0.982711595903896
300,1571472000,112,133,21,245,42,0.5670237760260045,-1.2866314464830149
300,1571486400,515,522,7,1037,42,0.49532700787484835,-0.2535648299222331
300,1571500800,787,605,-182,1392,42,-0.4725793621657605,0.20948901967256175
300,1571515200,945,999,54,1944,42,0.7360233009537299,0.92950514636644
300,1571529600,840,686,-154,1526,42,-0.3291858258634481,0.3842755431815829
300,1571544000,392,176,-216,568,42,-0.6467000848185684,-0.8653176622038071
300,1571558400,105,83,-22,188,42,0.34681227384745333,-1.3609809378264044
300,1571572800,361,333,-28,694,42,0.3160850874969578,-0.7009661550236828
300,1571587200,744,559,-185,1303,42,-0.48794295534100823,0.09339946301358501
300,1571601600,705,555,-150,1260,42,-0.30870103496311774,0.03731125024576479
300,1571616000,417,237,-180,654,42,-0.4623369667155953,-0.7531412366681667
300,1571630400,78,33,-45,111,42,0.22902472617055383,-1.461417969992036
300,1571644800,455,353,-102,808,42,-0.06288354415915358,-0.5522671723369036
300,1571646768,259,135,-124,394,42,-0.1755498941109705,-1.0922792673573123
300,1571659200,944,599,-345,1543,42,-1.307334591354222,0.4064499528804886
300,1571673600,764,534,-230,1298,42,-0.7183968529697247,0.08687757780802452
300,1571688000,1106,1168,62,2274,42,0.7769928827543906,1.3599495699334323
300,1571702400,566,472,-94,1038,43,-0.005797949420866256,-0.29794565064523987
300,1571716800,46,65,19,111,43,0.5337524025679845,-1.5140286742558662
300,1571731200,468,311,-157,779,43,-0.3066092076093406,-0.6377142624199456
300,1571745600,1291,712,-579,2003,43,-2.321567159284518,0.9679875939979687
300,1571760000,797,624,-173,1421,43,-0.38300571762546104,0.20449210344631338
300,1571774400,1114,1398,284,2512,43,1.7990695997099797,1.6357181862501895
300,1571788800,589,591,2,1180,43,0.45258111067585655,-0.11166324573401123
300,1571803200,52,62,10,114,43,0.4907793656839168,-1.510093130490136
300,1571817600,471,336,-135,807,43,-0.20156400633717494,-0.6009825206064638
300,1571832000,1259,803,-456,2062,43,-1.734268988535592,1.0453866213906622
300,1571846400,768,672,-96,1440,43,-0.015347513172881315,0.22941721396260453
300,1571860800,1103,1413,310,2516,43,1.9232139284861756,1.6409655779378298
300,1571875200,729,579,-150,1308,43,-0.2731857344772879,0.056253288270476536
300,1571889600,52,76,24,128,43,0.5576263119480221,-1.491727259583395
300,1571904000,468,334,-134,802,43,-0.19678922446116742,-0.6075417602160141
300,1571918400,1360,739,-621,2099,43,-2.5221079980768337,1.0939249945013345
300,1571932800,817,670,-147,1487,43,-0.2588613888492653,0.2910740662923774
300,1571947200,1145,1552,407,2697,43,2.386367770458906,1.878410051803551
300,1571961600,877,720,-157,1597,43,-0.3066092076093406,0.43537733770248405
300,1571976000,77,57,-20,134,43,0.3475359094036909,-1.4838561720519348
300,1571990400,402,355,-47,757,43,0.21861679875148762,-0.6665749167019669
300,1572004800,1270,821,-449,2091,43,-1.7008455154035391,1.083430211126054
300,1572019200,866,713,-153,1579,43,-0.2875100801053105,0.411764075108103
300,1572033600,1275,1496,221,2771,43,1.4982583415215054,1.9754867980248954
300,1572048000,929,868,-61,1797,43,0.1517698524873822,0.6977469220844962
300,1572062400,379,171,-208,550,43,-0.5501230832857246,-0.9381274365373494
300,1572076800,111,104,-7,215,43,0.40960807379178876,-1.3775964903772198
300,1572091200,459,428,-31,887,43,0.29501330876760806,-0.496034686853659
300,1572105600,786,716,-70,1502,43,0.10879681560331445,0.3107517851210283
300,1572120000,960,888,-72,1848,43,0.09924725185129939,0.7646511661019093
300,1572134400,891,702,-189,1593,43,-0.4594022276415815,0.43012994601484383
300,1572148800,512,179,-333,691,43,-1.1469708177866658,-0.7531568795480309
300,1572163200,108,92,-16,200,43,0.36663503690772103,-1.3972742092058708
300,1572177600,352,356,4,708,43,0.4621306744278716,-0.7308554648755599
300,1572192000,576,569,-7,1145,43,0.40960807379178876,-0.15757792300086335
300,1572206400,676,592,-84,1268,43,0.04194986933920904,0.003779371394074109
300,1572220800,457,296,-161,753,43,-0.3257083351133707,-0.6718223083896071
300,1572235200,78,42,-36,120,43,0.2711393993875704,-1.5022220429586755
300,1572249600,416,361,-55,777,43,0.1804185437434274,-0.6403379582637657
300,1572264000,1179,771,-408,1950,43,-1.5050794584872305,0.8984596541367355
300,1572278400,707,597,-110,1304,43,-0.08219445943698672,0.051005896582836295
300,1572292800,1078,1316,238,2394,43,1.5794296334136333,1.4809201314648024
300,1572307200,573,546,-27,1119,44,0.2803557356910983,-0.23610388228103263
300,1572321600,96,66,-30,162,44,0.2680250538281076,-1.467368723206995
300,1572336000,504,357,-147,861,44,-0.21287153882852913,-0.5680436199601322
300,1572350400,1285,777,-508,2062,44,-1.6966635896750748,0.9771487248173816
300,1572364800,740,702,-38,1442,44,0.23514323552679908,0.17946408388311136
300,1572379200,1090,1493,403,2583,44,2.04775346938643,1.6474611408282764
300,1572393600,685,578,-107,1263,44,-0.048462447321986665,-0.05083519148339568
300,1572408000,88,21,-67,109,44,0.1159466441845558,-1.5355578941255696
300,1572422400,483,338,-145,821,44,-0.204651084253202,-0.619507145181698
300,1572436800,1348,728,-620,2076,44,-2.157009045893394,0.9951609586449296
300,1572451200,807,604,-203,1411,44,-0.44304426693768856,0.13957985183639784
300,1572465600,1127,1535,408,2662,44,2.0683046058247476,1.7491016031408688
300,1572480000,735,544,-191,1279,44,-0.39372153948572586,-0.030249781394769356
300,1572494400,99,36,-63,135,44,0.13238755333521005,-1.5021066027315517
300,1572508800,447,308,-139,755,44,-0.17998972052722065,-0.7044219617972816
300,1572523200,1355,786,-569,2141,44,-1.947387454222552,1.0787891871299742
300,1572537600,806,650,-156,1456,44,-0.24986358441750117,0.1974763177106594
300,1572552000,1084,1422,338,2506,44,1.7805886956882984,1.5483938547767622
300,1572566400,797,774,-23,1571,44,0.2967966448417525,0.34543395272266114
300,1572580800,463,72,-391,535,44,-1.2157669970184382,-0.9874713505158936
300,1572595200,414,310,-104,724,44,-0.03613176545899598,-0.7443061938439951
300,1572609600,1304,741,-563,2045,44,-1.9227260904965706,0.955276726598216
300,1572624000,833,733,-100,1566,44,-0.019690856308341734,0.3390010120699654
300,1572638400,1296,1770,474,3066,44,2.3395796068105423,2.268883207878684
300,1572652800,933,860,-73,1793,44,0.09128528045857442,0.6310565177023514
300,1572667200,363,212,-151,575,44,-0.22931244797918338,-0.9360078252943278
300,1572681600,124,111,-13,235,44,0.33789891771838815,-1.3734477896776374
300,1572696000,465,419,-46,884,44,0.2022614172254906,-0.5384520929577318
300,1572710400,825,614,-211,1439,44,-0.4759260852389971,0.17560431949149394
300,1572724800,974,965,-9,1939,44,0.35433982686904236,0.8188983847610667
300,1572739200,846,776,-70,1622,44,0.10361596232156511,0.41104994738015754
300,1572750000,333,180,-153,513,44,-0.2375329025545105,-1.0157762893877549
300,1572764400,93,56,-37,149,44,0.23925346281446264,-1.4840943689040038
300,1572778800,351,317,-34,668,44,0.2515841446774533,-0.8163551291541873
300,1572793200,705,636,-69,1341,44,0.10772618960922868,0.04951868269865767
300,1572807600,801,782,-19,1583,44,0.31323755399240677,0.3608730102891309
300,1572822000,597,409,-188,1006,44,-0.38139085762273517,-0.38148834103195606
300,1572836400,148,78,-70,226,44,0.10361596232156511,-1.3850270828524895
300,1572850800,161,121,-40,282,44,0.22692278095147198,-1.3129781475422975
300,1572865200,1446,813,-633,2259,44,-2.2104420006330203,1.2306065865335933
300,1572879600,630,567,-63,1197,44,0.13238755333521005,-0.13575000809897927
300,1572894000,1133,1270,137,2403,44,0.9544330108679224,1.4158752773312302
300,1572908400,664,880,216,1544,44,1.2791409665933438,0.3106960731981042
300,1572922800,169,97,-72,266,45,-0.31191105069941255,-1.1332285851909407
300,1572937200,139,139,0,278,45,-0.05856186528038931,-1.1184285746460925
300,1572951600,1386,784,-602,2170,45,-2.1768425544783336,1.2150397545916292
300,1572966000,534,633,99,1167,45,0.2897932646707677,-0.021994460115260323
300,1572980400,814,1295,481,2109,45,1.633951442866141,1.1398063676553178
300,1572994800,765,770,5,1535,45,-0.04096817184851269,0.43187252992674896
300,1573009200,222,100,-122,322,45,-0.4878479850181787,-1.0641618693149828
300,1573023600,159,126,-33,285,45,-0.17468024193077497,-1.1097952351615978
300,1573038000,1480,801,-679,2281,45,-2.4477854333292335,1.3519398521314743
300,1573052400,645,563,-82,1208,45,-0.3470984375631658,0.028572242579637454
300,1573066800,1148,1320,172,2468,45,0.5466611887761663,1.5825733497886911
300,1573081200,859,954,95,1813,45,0.2757183099252664,0.7747394408823973
300,1573095600,207,107,-100,314,45,-0.4104357339179216,-1.0740285430115482
300,1573110000,150,139,-11,289,45,-0.09726799083051786,-1.1048618983133152
300,1573124400,1564,866,-698,2430,45,-2.514641468370365,1.5357066497300054
300,1573138800,649,686,37,1335,45,0.07163146611549766,0.1852056875126135
300,1573153200,1202,1354,152,2556,45,0.4762864150486598,1.6911067604509107
300,1573167600,900,946,46,1846,45,0.10330011429287556,0.8154394698807297
300,1573182000,264,141,-123,405,45,-0.49136672370455403,-0.9617951297131165
300,1573196400,135,143,8,278,45,-0.03041195578938672,-1.1184285746460925
300,1573210800,1403,872,-531,2275,45,-1.9270121077456859,1.3445398468590504
300,1573225200,666,757,91,1423,45,0.2616433551797651,0.2937390981748331
300,1573239600,1322,1539,217,2861,45,0.7050044296630559,2.0672736951324673
300,1573254000,945,1135,190,2080,45,0.6099984851309221,1.1040396755052682
300,1573268400,403,305,-98,708,45,-0.403398256545171,-0.5880948634557013
300,1573282800,61,63,2,124,45,-0.05152438790763866,-1.308362043304977
300,1573297200,144,376,232,520,45,0.7577855099586857,-0.8199616953249886
300,1573311600,366,758,392,1124,45,1.3207836997787372,-0.07502783123429946
300,1573326000,501,1037,536,1538,45,1.827482070616784,0.435572532562961
300,1573340400,417,890,473,1307,45,1.6058015333751385,0.15067232957463453
300,1573354800,307,343,36,650,45,0.06811272742912233,-0.6596282477558005
300,1573369200,45,61,16,106,45,-0.0022620462983841344,-1.3305620591222491
300,1573383600,121,253,132,374,45,0.40591164132115337,-1.0000284902873076
300,1573398000,295,588,293,883,45,0.9724285698275803,-0.37226137634333273
300,1573412400,412,626,214,1038,45,0.6944482136039298,-0.1810945734723777
300,1573426800,278,404,126,682,45,0.38479920920290145,-0.6201615529695389
300,1573441200,73,107,34,180,45,0.06107525005637168,-1.239295327429019
300,1573455600,101,114,13,215,45,-0.012818262357510104,-1.1961286300065452
300,1573470000,1160,536,-624,1696,45,-2.254254805578591,0.6304393380701281
300,1573484400,585,607,22,1192,45,0.018850385819867803,0.008838895186506615
300,1573498800,919,1168,249,2087,45,0.8176040676270662,1.112673014989763
300,1573513200,617,728,111,1345,45,0.33201812890727156,0.19753902963332026
300,1573527600,168,83,-85,251,46,0.034825945216625596,-1.0829999291949564
300,1573542000,151,134,-17,285,46,0.2938439127652786,-1.0424321756959165
300,1573556400,1568,787,-781,2355,46,-2.616299134398999,1.4274281108632751
300,1573570800,620,579,-41,1199,46,0.20242580657163636,0.048124491895919747
300,1573585200,1077,1301,224,2378,46,1.2118340624597692,1.454871002936155
300,1573599600,671,886,215,1557,46,1.1775522726371535,0.4752790728563983
300,1573614000,206,96,-110,302,46,-0.06040124873508506,-1.0221482989463966
300,1573628400,144,113,-31,257,46,0.2405166841523206,-1.0758409138715965
300,1573642800,1505,890,-615,2395,46,-1.9839905665596405,1.4751548796856748
300,1573657200,616,605,-11,1221,46,0.31669843931368913,0.07437421474823966
300,1573671600,1165,1367,202,2532,46,1.1280341317822637,1.6386190629023945
300,1573686000,794,983,189,1777,46,1.0785159909273743,0.7377763013795974
300,1573700400,181,104,-77,285,46,0.065298647281173,-1.0424321756959165
300,1573714800,151,130,-21,281,46,0.2786075617330049,-1.0472048525781565
300,1573729200,1498,847,-651,2345,46,-2.121117725850104,1.415496418657675
300,1573743600,652,585,-67,1237,46,0.10338952486185728,0.09346492227719959
300,1573758000,1107,1418,311,2525,46,1.5432246974117223,1.6302668783584744
300,1573772400,882,1021,139,1903,46,0.8880616030239531,0.8881156231701569
300,1573786800,249,159,-90,408,46,0.015780506426283467,-0.895672361567037
300,1573801200,136,133,-3,269,46,0.34717114137823657,-1.0615228832248764
300,1573815600,1307,818,-489,2125,46,-1.5040455090430187,1.152999190134476
300,1573830000,638,689,51,1327,46,0.5528618803139316,0.20085015212759924
300,1573844400,1237,1415,178,2652,46,1.0366160255886216,1.781799369369594
300,1573858800,993,1158,165,2151,46,0.9870978847337321,1.1840215898690358
300,1573873200,457,181,-276,638,46,-0.6927098165744439,-0.621243440838238
300,1573887600,91,52,-39,143,46,0.2100439820877732,-1.211862205015436
300,1573902000,286,180,-106,466,46,-0.04516489770281135,-0.8264685467745573
300,1573916400,545,378,-167,923,46,-0.27751925094498536,-0.28119021297863916
300,1573930800,780,373,-407,1153,46,-1.1917003128814079,-0.006761292249840067
300,1573945200,579,269,-310,848,46,-0.8222188003487704,-0.3706779045206388
300,1573959600,397,87,-310,484,46,-0.8222188003487704,-0.8049915008044773
300,1573974000,82,53,-29,135,46,0.24813485966845747,-1.221407558779916
300,1573988400,218,192,-26,410,46,0.25956212294266273,-0.8932860231259171
300,1574002800,492,314,-178,806,46,-0.31941921628373804,-0.4207910117841587
300,1574017200,556,246,-310,802,46,-0.8222188003487704,-0.42556368866639865
300,1574031600,355,133,-222,488,46,-0.4870190776387488,-0.8002188239222374
300,1574046000,109,33,-76,142,46,0.06910773503924143,-1.213055374235996
300,1574060400,124,130,6,254,46,0.3814529312008524,-1.0794204215332763
300,1574074800,1377,724,-653,2101,46,-2.1287359013662406,1.124363128841036
300,1574089200,566,628,62,1194,46,0.5947618456526843,0.042158645793119766
300,1574103600,998,1183,185,2181,46,1.0632796398951005,1.2198166664858359
300,1574118000,581,898,317,1479,46,1.5660792239601329,0.38221187365271864
300,1574132400,148,74,-74,222,47,-0.14274627090870998,-1.2741429011974363
300,1574146800,160,136,-24,296,47,0.094223823089939,-1.1832308936462614
300,1574161200,1231,861,-370,2092,47,-1.5456092273807118,1.0232281004336077
300,1574175600,533,576,43,1109,47,0.4117637490481286,-0.1844273512259198
300,1574190000,1100,1242,142,2342,47,0.8809645351654536,1.3303632610794691
300,1574204400,785,934,149,1719,47,0.9141403483252645,0.5649824407499823
300,1574218800,191,99,-92,290,47,-0.22805550474822361,-1.1906021375017621
300,1574233200,149,134,-15,283,47,0.13687844000969582,-1.1992019219998462
300,1574247600,1537,821,-716,2358,47,-3.185442277851363,1.3500199113608042
300,1574262000,660,559,-101,1219,47,-0.2707101216679804,-0.04928788054174074
300,1574276400,1125,1215,90,2340,47,0.6345156374068587,1.3279061797943024
300,1574290800,810,816,6,1626,47,0.2364058794891284,0.4507281609897218
300,1574305200,233,107,-126,340,47,-0.3891951686673049,-1.1291751053725898
300,1574319600,178,129,-49,307,47,-0.0242612239093855,-1.1697169465778434
300,1574334000,1490,789,-701,2279,47,-3.1143512496517682,1.252965200596712
300,1574348400,628,684,56,1312,47,0.4733759734877774,0.06496639921851974
300,1574362800,1181,1420,239,2601,47,1.3406865175228329,1.6485552875085816
300,1574377200,872,1011,139,1883,47,0.8667463295255347,0.7664631061336674
300,1574391600,228,167,-61,395,47,-0.08113404646906125,-1.0616053700305004
300,1574406000,142,125,-17,267,47,0.12739963624974984,-1.2188585722811813
300,1574420400,1312,889,-423,2201,47,-1.7967975270192797,1.1571390304752032
300,1574434800,725,838,113,1563,47,0.7435218806462373,0.3733301005069647
300,1574449200,1087,1458,371,2545,47,1.9662875656792662,1.5797570115239088
300,1574463600,919,1251,332,2170,47,1.7814508923603198,1.1190542705551165
300,1574478000,461,254,-207,715,47,-0.7730867209451163,-0.6684723644037975
300,1574492400,100,57,-43,157,47,0.00417518737045238,-1.3539980429653604
300,1574506800,357,362,5,719,47,0.2316664776091554,-0.6635582018334638
300,1574521200,670,652,-18,1322,47,0.12266023436977687,0.0772518056443542
300,1574535600,951,910,-41,1861,47,0.01365399113039834,0.7394352119968316
300,1574550000,427,407,-20,834,47,0.11318143060983091,-0.5222760279363675
300,1574564400,1244,1135,-109,2379,47,-0.30862533670776426,1.3758192648550567
300,1574578800,101,54,-47,155,47,-0.014782420149439538,-1.3564551242505274
300,1574593200,247,250,3,497,47,0.22218767384920945,-0.9362942244869887
300,1574607600,603,581,-22,1184,47,0.10370262684988496,-0.09228680303216134
300,1574622000,623,617,-6,1240,47,0.17953305692945262,-0.023488527047488373
300,1574636400,406,399,-7,805,47,0.17479365504947966,-0.5579037065712874
300,1574650800,123,83,-40,206,47,0.01839339301037132,-1.2937995514787717
300,1574665200,132,125,-7,257,47,0.17479365504947966,-1.2311439787070158
300,1574679600,1170,832,-338,2002,47,-1.3939483672215764,0.9126594426010975
300,1574694000,636,639,3,1275,47,0.22218767384920945,0.01951039544293224
300,1574708400,1036,1148,112,2184,47,0.7387824787662642,1.1362538395512847
300,1574722800,652,680,28,1332,47,0.34067272084853395,0.08953721207018867
300,1574737200,176,99,-77,275,48,-0.20113149413859105,-0.883251019443525
300,1574751600,132,129,-3,261,48,0.24506171341511418,-0.9041395525824379
300,1574766000,1245,785,-460,2030,48,-2.510482825126011,1.7352758133273487
300,1574780400,611,617,6,1228,48,0.2993284548743486,0.5386612720839066
300,1574794800,1128,1245,117,2373,48,0.9686182662049064,2.2470448752307157
300,1574809200,704,822,118,1526,48,0.9746479041448214,0.9832886203264822
300,1574823600,226,115,-111,341,48,-0.4061391840956989,-0.7847765060743639
300,1574838000,117,122,5,239,48,0.29329881693443366,-0.9369643903721583
300,1574852400,993,781,-212,1774,48,-1.0151326160271075,1.3533140645015116
300,1574866800,644,806,162,1450,48,1.2399519735010784,0.8698937261438119
300,1574881200,1328,1011,-317,2339,48,-1.6482445997181754,2.1963155804647845
300,1574895600,614,653,39,1267,48,0.49830650689154143,0.5968507572565926
300,1574910000,220,166,-54,386,48,-0.062449821520547524,-0.7176347924135723
300,1574924400,91,63,-28,154,48,0.0943207649172408,-1.0637876272869868
300,1574938800,312,193,-119,505,48,-0.45437628761501836,-0.5400822607328122
300,1574953200,499,487,-12,986,48,0.19079497195587977,0.17758805639698272
300,1574967600,408,445,37,853,48,0.4862472310117116,-0.020853008422690316
300,1574982000,261,310,49,571,48,0.5586028862906908,-0.44160774736365116
300,1574996400,77,100,23,177,48,0.4018322998529025,-1.0294707514159156
300,1575010800,90,88,-2,178,48,0.25109135135502914,-1.0279787133345648
300,1575025200,353,453,100,806,48,0.8661144212263525,-0.0909787982461838
300,1575039600,506,677,171,1183,48,1.2942187149603128,0.47151955842311494
300,1575054000,745,982,237,1727,48,1.6921748189946988,1.283188274678018
300,1575068400,578,833,255,1411,48,1.8007083019131676,0.8117042409711258
300,1575082800,236,139,-97,375,48,-0.3217242529368898,-0.7340472113084325
300,1575097200,84,46,-38,130,48,0.03402438551809144,-1.099596541239409
300,1575111600,218,156,-62,374,48,-0.11068692503986702,-0.7355392493897834
300,1575126000,419,283,-136,702,48,-0.5568801325935723,-0.24615075870668
300,1575140400,553,302,-251,855,48,-1.2502884956837899,-0.01786893225998847
300,1575154800,418,189,-229,607,48,-1.1176364610056613,-0.3878943764350179
300,1575169200,254,60,-194,314,48,-0.9065991331086385,-0.825061534270839
300,1575183600,78,37,-41,115,48,0.015935471698346634,-1.121977112459673
300,1575198000,199,121,-78,320,48,-0.20716113207850598,-0.8161093057827333
300,1575212400,421,245,-176,666,48,-0.7980656501901697,-0.2998641296353133
300,1575226800,359,214,-145,573,48,-0.6111468740528067,-0.4386236712009493
300,1575241200,263,96,-167,359,48,-0.7437989087309352,-0.7579198206100473
300,1575255600,93,29,-64,122,48,-0.12274620091969689,-1.1115328458902165
300,1575270000,146,114,-32,260,48,0.07020221315758106,-0.9056315906637888
300,1575284400,1229,726,-503,1955,48,-2.7697572565423534,1.6233729572260291
300,1575298800,542,599,57,1141,48,0.6068399898100103,0.4088539590063761
300,1575313200,1003,1144,141,2147,48,1.1133295767628648,1.909844268845407
300,1575327600,550,808,258,1358,48,1.8187972157329124,0.7326262226595268
300,1575342000,140,81,-59,221,49,-0.1011246858220059,-1.3275599243371992
300,1575356400,151,152,1,303,49,0.1292859907344632,-1.228153123897635
300,1575370800,1429,836,-593,2265,49,-2.151779707174581,1.1503364183270588
300,1575385200,597,561,-36,1158,49,-0.01280059314202607,-0.19165538760705747
300,1575399600,1043,1251,208,2294,49,0.9242028248542816,1.1854924818971484
300,1575414000,720,904,184,1624,49,0.8320385542316939,0.37326618562266084
300,1575428400,177,94,-83,271,49,-0.19328895644459354,-1.2669460216301478
300,1575442800,141,117,-24,258,49,0.03328154216926775,-1.2827056363339813
300,1575457200,1518,760,-758,2278,49,-2.785409067704871,1.166096033030892
300,1575471600,616,595,-21,1211,49,0.044802075997091205,-0.12740465073758309
300,1575486000,1095,1342,247,2437,49,1.0739697646159867,1.3588482436393152
300,1575500400,818,1048,230,1866,49,1.0086867395916537,0.6666374747247892
300,1575514800,187,144,-43,331,49,-0.0396818387402808,-1.1942093383816863
300,1575529200,139,123,-16,262,49,0.0640029657101303,-1.2778565241174171
300,1575543600,1506,806,-700,2312,49,-2.5626787470336176,1.207313486871687
300,1575558000,596,640,44,1236,49,0.2944136422665994,-0.09709769938405742
300,1575572400,1219,1315,96,2534,49,0.4941028952822059,1.4764392148909948
300,1575586800,815,1080,265,1895,49,1.1430929675829273,0.701793538294879
300,1575601200,252,173,-79,425,49,-0.17792824467416227,-1.0802552012924298
300,1575615600,122,104,-18,226,49,0.05632260982491466,-1.321498534066494
300,1575630000,1338,850,-488,2188,49,-1.74856102320076,1.0569910081581997
300,1575644400,638,715,77,1353,49,0.4211395143726574,0.04473883295044267
300,1575658800,1182,1359,177,2541,49,0.8051573086334393,1.484925161269982
300,1575673200,967,1350,383,2317,49,1.59623396481065,1.213374877142392
300,1575687600,523,348,-175,871,49,-0.5465853271645129,-0.539579189145532
300,1575702000,114,62,-52,176,49,-0.07424344022375116,-1.3821124367735453
300,1575716400,366,347,-19,713,49,0.05248243188230684,-0.7311191216998142
300,1575730800,792,803,11,1595,49,0.1676877701605414,0.33811012205257107
300,1575745200,1055,1043,-12,2098,49,0.07936367748056157,0.9478859832855073
300,1575759600,960,1112,152,2072,49,0.7091528600682437,0.9163667538778406
300,1575774000,614,409,-205,1023,49,-0.6617906654427474,-0.35531292491609606
300,1575788400,125,68,-57,193,49,-0.09344432993679026,-1.361503709853148
300,1575802800,310,319,9,629,49,0.16000741427532575,-0.8329504782476604
300,1575817200,787,785,-2,1572,49,0.11776545690663975,0.31022772680732746
300,1575831600,854,865,11,1719,49,0.1676877701605414,0.4884326007660583
300,1575846000,592,546,-46,1138,49,-0.051202372568104254,-0.215900948689878
300,1575860400,142,93,-49,235,49,-0.06272290639592772,-1.3105880315792249
300,1575874800,134,113,-21,247,49,0.044802075997091205,-1.2960406949295324
300,1575889200,1421,823,-598,2244,49,-2.1709805968876204,1.1248785791900973
300,1575903600,576,568,-8,1144,49,0.09472438925099284,-0.20862728036503184
300,1575918000,1093,1276,183,2369,49,0.8281983762890861,1.2764133359577254
300,1575932400,460,972,512,1432,49,2.091616919407058,0.14050879922758375
300,1575946800,705,729,24,1434,50,0.2827135078810353,0.02248151819182835
300,1575961200,144,113,-31,257,50,0.0502221575053886,-1.3754447337513773
300,1575975600,1483,865,-618,2348,50,-2.4310946183219677,1.1080419211451757
300,1575990000,645,733,88,1378,50,0.5532488974090605,-0.04402984128890191
300,1576004400,1149,1352,203,2501,50,1.039367175467231,1.2897604568693137
300,1576018800,804,1037,233,1841,50,1.1661806393084928,0.5058765772749929
300,1576033200,203,140,-63,343,50,-0.085045537258624,-1.2733022888345416
300,1576047600,129,126,-3,255,50,0.16858139042389964,-1.3778201394471177
300,1576062000,1515,834,-681,2349,50,-2.6974028923886175,1.109229623993046
300,1576076400,598,732,134,1330,50,0.7476962086323287,-0.1010395779866707
300,1576090800,1180,1263,83,2443,50,0.5321133201021835,1.220873691692843
300,1576105200,756,904,148,1660,50,0.8068758250915842,0.29090236181048973
300,1576119600,222,134,-88,356,50,-0.19072342379300886,-1.257862151812229
300,1576134000,148,141,-7,289,50,0.15167292857839806,-1.3374382426195315
300,1576148400,1485,859,-626,2344,50,-2.464911542012971,1.103291109753695
300,1576162800,672,769,97,1441,50,0.591292936561439,0.030795438126919636
300,1576177200,1191,1484,293,2675,50,1.4198075669910164,1.4964207523987256
300,1576191600,977,1167,190,2144,50,0.9844146744693507,0.8657505401796585
300,1576206000,374,176,-198,550,50,-0.6557061245443022,-1.0274477993254136
300,1576220400,158,118,-40,276,50,0.012178118353010059,-1.3528783796418438
300,1576234800,1121,868,-253,1989,50,-0.8881974749199488,0.68165659875978
300,1576249200,719,980,261,1699,50,1.2845398722270038,0.3372227728774269
300,1576263600,1239,1609,370,2848,50,1.7452954575169217,1.7018933450802674
300,1576278000,1121,1364,243,2485,50,1.2084517939222468,1.270757211303391
300,1576292400,548,364,-184,912,50,-0.5965265080850467,-0.5974993683964073
300,1576306800,94,52,-42,146,50,0.00372388743025927,-1.5072797498649677
300,1576321200,349,302,-47,651,50,-0.0174116898766177,-0.9074898116905251
300,1576335600,791,807,16,1598,50,0.24889658419003213,0.2172647852425384
300,1576350000,1280,1051,-229,2331,50,-0.7867467038469395,1.0878509727313828
300,1576364400,967,853,-114,1820,50,-0.3006284257887691,0.48093481746971906
300,1576378800,579,373,-206,952,50,-0.6895230482353053,-0.5499912544815999
300,1576393200,120,61,-59,181,50,-0.06813707541312243,-1.4657101501895111
300,1576407600,294,291,-3,585,50,0.16858139042389964,-0.9858781996499572
300,1576422000,917,897,-20,1814,50,0.09672042758051794,0.47380860038249795
300,1576436400,1032,831,-201,1863,50,-0.6683874709284284,0.532006039928137
300,1576450800,589,531,-58,1120,50,-0.06390995995174703,-0.3504571760394092
300,1576465200,172,97,-75,269,50,-0.13577092279512873,-1.361192299576935
300,1576479600,149,116,-33,265,50,0.04176792658263782,-1.365943110968416
300,1576494000,1349,832,-517,2181,50,-2.0041559567230527,0.9096955455508552
300,1576508400,704,616,-88,1320,50,-0.19072342379300886,-0.11291660646537253
300,1576522800,1146,1240,94,2386,50,0.5786115901773129,1.1531746293642429
300,1576537200,799,1005,206,1804,50,1.0520485218513569,0.46193157190379613
300,1576551600,186,114,-72,300,51,-0.24683655211448904,-1.1654341715532646
300,1576566000,141,114,-27,255,51,0.0028386848648817397,-1.223273950002457
300,1576580400,1415,832,-583,2247,51,-3.0820375764802326,1.337100242681798
300,1576594800,611,673,62,1284,51,0.4966408202240817,0.09932898386907832
300,1576609200,1073,1091,18,2164,51,0.2525139218442525,1.2304179846532874
300,1576623600,731,961,230,1692,51,1.428761704947066,0.623742975141757
300,1576638000,230,123,-107,353,51,-0.4410284030984441,-1.0973117658242155
300,1576652400,134,116,-18,250,51,0.05277373226075589,-1.2297005920523674
300,1576666800,1347,850,-497,2197,51,-2.6048804569196573,1.2728338221826951
300,1576678418,467,525,58,992,51,0.4744474658259154,-0.27598691184568197
300,1576681200,322,367,45,689,51,0.40231906403187495,-0.6654414200702449
300,1576695600,1186,1399,213,2585,51,1.3344399487548593,1.7715412452557329
300,1576710000,815,1016,201,1831,51,1.2678598855603602,0.8024036241292628
300,1576724400,260,129,-131,389,51,-0.5741885294874418,-1.0510399430648616
300,1576738800,140,118,-22,258,51,0.030580377862589603,-1.219417964772511
300,1576753200,1361,816,-545,2177,51,-2.871200709697653,1.247127253983054
300,1576767600,658,691,33,1349,51,0.33573900083737607,0.18287533051791194
300,1576782000,1212,1497,285,2709,51,1.7339203279218525,1.9309219680935077
300,1576796400,944,1150,206,2094,51,1.2956015785580681,1.1404449959545435
300,1576810800,327,176,-151,503,51,-0.6851553014782733,-0.9045125043269072
300,1576825200,133,119,-14,252,51,0.07496708665892218,-1.2271299352324032
300,1576839600,1052,779,-273,1831,51,-1.3620526106223452,0.8024036241292628
300,1576854000,710,667,-43,1377,51,-0.08593473272778343,0.2188645259974095
300,1576868400,1266,1374,108,2640,51,0.751864395802994,1.8422343078047458
300,1576882800,814,1031,217,1845,51,1.3566333031530255,0.8203982218690116
300,1576897200,421,250,-171,671,51,-0.7961220734691048,-0.6885773314499218
300,1576911600,104,76,-28,180,51,-0.0027096537346598328,-1.3196735807511113
300,1576926000,261,301,40,562,51,0.3745773710341671,-0.8286781281379659
300,1576940400,693,741,48,1434,51,0.41896407983049966,0.2921282453663867
300,1576954800,907,920,13,1827,51,0.22477222884654463,0.7972623104893346
300,1576969200,680,747,67,1427,51,0.5243825132217895,0.28313094649651227
300,1576983600,350,251,-99,601,51,-0.39664169430211155,-0.7785503201486658
300,1576998000,116,50,-66,166,51,-0.21354652051723963,-1.33766817849086
300,1577012400,282,287,5,569,51,0.18038552005021205,-0.8196808292680915
300,1577026800,721,701,-20,1422,51,0.04167705506167275,0.276704304446602
300,1577041200,768,844,76,1612,51,0.5743175606176637,0.5209167023431927
300,1577055600,536,423,-113,959,51,-0.4743184346956935,-0.3184027493750898
300,1577070000,137,90,-47,227,51,-0.10812808712594972,-1.2592631454819545
300,1577084400,92,104,12,196,51,0.21922389024700306,-1.2991083261913983
300,1577098800,688,644,-44,1332,51,-0.091483071327325,0.161024747548217
300,1577113200,638,657,19,1295,51,0.25806226044379404,0.11346759637888093
300,1577127600,999,978,-21,1977,51,0.03612871646213118,0.9900615719866429
300,1577142000,608,561,-47,1169,51,-0.10812808712594972,-0.04848378327885809
300,1577156400,176,120,-56,296,52,-1.0868364435234856,-0.9519065493240878
300,1577170800,75,99,24,174,52,-0.4053452705760354,-1.1613431571104516
300,1577185200,519,445,-74,964,52,-1.2401719574366619,0.19484471298157613
300,1577199600,622,600,-22,1222,52,-0.7972026950208193,0.6377516376445421
300,1577214000,657,709,52,1366,52,-0.16682336004442788,0.8849555025727093
300,1577228400,411,426,15,837,52,-0.4820130275326236,-0.023175362337015663
300,1577242800,112,121,9,233,52,-0.5331248655036823,-1.060058240230161
300,1577257200,35,43,8,78,52,-0.5416435051655255,-1.3261457337292297
300,1577271600,154,186,32,340,52,-0.33719615328129043,-0.8763720350404812
300,1577286000,412,397,-15,809,52,-0.7375722173879175,-0.0712427805174926
300,1577300400,445,476,31,921,52,-0.34571479294313356,0.12102689220441513
300,1577314800,275,366,91,641,52,0.1654035867674541,-0.3596472896003542
300,1577329200,82,85,3,167,52,-0.5842367034747411,-1.173360011655571
300,1577343600,58,102,44,160,52,-0.2349724773391729,-1.18537686620069
300,1577358000,503,490,-13,993,52,-0.7205349380642312,0.24462882466849867
300,1577372400,473,819,346,1292,52,2.3376567005374516,0.7579201830957345
300,1577386800,787,1000,213,1787,52,1.2046776255123157,1.6076834687863089
300,1577401200,564,706,142,1270,52,0.5998542095214536,0.7201529259539312
300,1577415600,191,157,-34,348,52,-0.8994263709629369,-0.8626384869889164
300,1577430000,69,104,35,173,52,-0.31164023429576104,-1.1630598506168972
300,1577444400,454,557,103,1011,52,0.26762726270957166,0.27552930778451956
300,1577458800,668,862,194,1530,52,1.0428234719372962,1.1664932376297885
300,1577473200,840,1231,391,2071,52,2.7209954853203926,2.0952244246168608
300,1577487600,765,964,199,1729,52,1.0854166702465118,1.5081152454124638
