remote_unit_id,time_stamp,entries,exits,num_people_exited,sum_exit_entry,week_num,z_score_num_people_exited,z_score_sum_exit_entry
319,1546311600,146,231,85,377,1,-0.50022392121673,-0.642477824035867
319,1546326000,32,75,43,107,1,-0.6112030429657317,-0.9655829960863672
319,1546340400,84,283,199,367,1,-0.19899487646943995,-0.6544446822599596
319,1546354800,226,628,402,854,1,0.3374042119840679,-0.07165868674664978
319,1546369200,272,540,268,812,1,-0.01667203359608014,-0.12191949128783872
319,1546383600,146,216,70,362,1,-0.5398593218413734,-0.6604281113720059
319,1546398000,47,77,30,124,1,-0.6455537235070893,-0.9452393371054097
319,1546412400,70,246,176,316,1,-0.25976915742722656,-0.7154756592028318
319,1546426800,507,1895,1388,2402,1,2.942771213043963,1.7808109663428853
319,1546441200,397,1039,642,1436,1,0.9715706219783629,0.6248124618955397
319,1546455600,1098,1265,167,2363,1,-0.2835503978020126,1.7341402192689241
319,1546470000,339,332,-7,671,1,-0.7433210450478764,-0.2906521922475444
319,1546484400,71,105,34,176,1,-0.6349842833405177,-0.8830116743401283
319,1546498800,63,234,171,297,1,-0.272980957635441,-0.7382126898286078
319,1546513200,624,1973,1349,2597,1,2.83971917141989,2.014164701712691
319,1546527600,402,1083,681,1485,1,1.0746226636024356,0.6834500671935935
319,1546542000,1236,1245,9,2481,1,-0.7010432843815901,1.8753491463132168
319,1546556400,354,406,52,760,1,-0.5874218025909456,-0.18414715405312027
319,1546570800,72,77,5,149,1,-0.7116127245481617,-0.9153221915451782
319,1546585200,88,230,142,318,1,-0.349609398843085,-0.7130822875580133
319,1546599600,620,1749,1129,2369,1,2.2583999622584527,1.7413203342033796
319,1546614000,383,1091,708,1474,1,1.145966384726794,0.6702865231470916
319,1546628400,1060,1325,265,2385,1,-0.024599113721008824,1.760467307361928
319,1546642800,348,378,30,726,1,-0.6455537235070893,-0.2248344720150351
319,1546657200,97,128,31,225,1,-0.6429113634654464,-0.8243740690420746
319,1546671600,27,68,41,95,1,-0.6164877630490174,-0.9799432259552784
319,1546686000,128,321,193,449,1,-0.2148490367192973,-0.5563164448224002
319,1546700400,245,568,323,813,1,0.1286577686942791,-0.12072280546542946
319,1546714800,340,492,152,832,1,-0.323185798426656,-0.09798577483965351
319,1546729200,240,223,-17,463,1,-0.7697446454643054,-0.5395628433086705
319,1546743600,80,117,37,197,1,-0.627057203215589,-0.8578812720695338
319,1546758000,30,44,14,74,1,-0.6878314841733756,-1.0050736282258728
319,1546772400,92,239,147,331,1,-0.3363975986348705,-0.697525371866693
319,1546786800,233,551,318,784,1,0.11544596848606464,-0.15542669431529801
319,1546801200,312,466,154,778,1,-0.3179010783433702,-0.16260680924975357
319,1546815600,177,157,-20,334,1,-0.777671725589234,-0.6939353143994651
319,1546830000,44,51,7,95,1,-0.7063280044648759,-0.9799432259552784
319,1546844400,65,251,186,316,1,-0.23334555701079757,-0.7154756592028318
319,1546858800,681,1936,1255,2617,1,2.5913373275054576,2.0380984181608763
319,1546873200,416,1017,601,1433,1,0.8632338602710041,0.6212224044283119
319,1546887600,1147,1271,124,2418,1,-0.3971718795926571,1.7999579395014333
319,1546902000,392,329,-63,721,1,-0.8912932073798786,-0.2308179011270814
319,1546916400,72,77,5,149,2,-0.7129260602238732,-0.9939833718905895
319,1546930800,64,226,162,290,2,-0.3239929551426934,-0.8441991654645717
319,1546945200,626,1945,1319,2571,2,2.542221074022434,1.5789056207605805
319,1546959600,419,1026,607,1445,2,0.7783970560746633,0.38275656802514807
319,1546974000,1159,1323,164,2482,2,-0.3190383932945255,1.484360979825009
319,1546988400,451,437,-14,888,2,-0.7599943977814682,-0.20894416232443977
319,1547002800,62,70,8,132,2,-0.7054942174516213,-1.01204246060862
319,1547017200,73,215,142,288,2,-0.3735385736243723,-0.8463237641372813
319,1547031600,696,1981,1285,2677,2,2.4579935226035796,1.6915093504141825
319,1547046000,457,1093,636,1550,2,0.8502382028730977,0.49429799834239535
319,1547060400,1266,1333,67,2599,2,-0.5593346429306684,1.6086500021785133
319,1547074800,424,365,-59,789,2,-0.8714720393652458,-0.3141117966235586
319,1547089200,88,74,-14,162,2,-0.7599943977814682,-0.9801734805179779
319,1547103600,66,265,199,331,2,-0.23233356095158733,-0.8006448926740276
319,1547118000,727,1978,1251,2705,2,2.3737659711847257,1.7212537318321153
319,1547132400,433,1076,643,1509,2,0.8675791693416853,0.45074372555185116
319,1547146800,1249,1484,235,2733,2,-0.14315144768456523,1.7509981132500478
319,1547161200,414,449,35,863,2,-0.6386076325013547,-0.23550164573330817
319,1547175600,95,84,-11,179,2,-0.7525625550092163,-0.9621143917999475
319,1547190000,74,227,153,301,2,-0.3462884834594489,-0.8325138727646697
319,1547204400,680,2031,1351,2711,2,2.6214940635931203,1.7276275278502435
319,1547218800,506,1164,658,1670,2,0.9047383832029445,0.6217739187049636
319,1547233200,1094,1315,221,2409,2,-0.17783338062174048,1.4068131282711134
319,1547247600,387,429,42,816,2,-0.621266666032767,-0.28542971454198074
319,1547262000,98,123,25,221,2,-0.6633804417421941,-0.9174978196730486
319,1547276400,25,56,31,81,2,-0.6485167561976904,-1.0662197267627116
319,1547290800,174,371,197,545,2,-0.23728812279975522,-0.5733128346941142
319,1547305200,348,688,340,1036,2,0.11696304934424925,-0.05172386054393888
319,1547319600,377,674,297,1051,2,0.010439969608639512,-0.035789370498617835
319,1547334000,225,245,20,470,2,-0.6757668463626139,-0.6529852849207194
319,1547348400,88,98,10,186,2,-0.7005396556034534,-0.9546782964454643
319,1547362800,31,49,18,80,2,-0.6807214082107818,-1.0672820260990663
319,1547377200,117,238,121,355,2,-0.42556147303013525,-0.775149708601514
319,1547391600,270,449,179,719,2,-0.2818791794332663,-0.3884727501683901
319,1547406000,290,455,165,745,2,-0.31656111237044154,-0.36085296742316697
319,1547420400,164,159,-5,323,2,-0.7376988694647126,-0.8091432873648655
319,1547434800,41,38,-3,79,2,-0.7327443076165447,-1.068344325435421
319,1547449200,62,236,174,298,2,-0.294265584053686,-0.835700770773734
319,1547463600,690,1779,1089,2469,2,1.972446461483126,1.4705510884523976
319,1547478000,436,938,502,1374,2,0.5182825590458487,0.30733331514396184
319,1547492400,1236,1302,66,2538,2,-0.5618119238547523,1.5438497426608744
319,1547506800,376,362,-14,738,2,-0.7599943977814682,-0.36828906277765017
319,1547521200,65,77,12,142,3,-0.7015054168773224,-0.9514081556883371
319,1547535600,61,257,196,318,3,-0.2236110355631521,-0.7533008574672614
319,1547550000,709,2035,1326,2744,3,2.71128380620322,1.9774281509664302
319,1547564400,410,1074,664,1484,3,0.9919029343011507,0.5591599932473653
319,1547578800,1186,1401,215,2587,3,-0.1742632461883193,1.8007074360760387
319,1547593200,380,404,24,784,3,-0.670338392009007,-0.22876676104100405
319,1547607600,74,99,25,173,3,-0.6677411399366473,-0.9165142565698522
319,1547622000,68,239,171,307,3,-0.28854233737214263,-0.7656825636060786
319,1547636400,681,2046,1365,2727,3,2.8125766370252454,1.9582927869337126
319,1547650800,454,1107,653,1561,3,0.9633331615051949,0.645831936219086
319,1547665200,1234,1463,229,2697,3,-0.1379017171752846,1.924524497464211
319,1547679600,410,460,50,870,3,-0.6028098381276569,-0.13196433122843296
319,1547694000,90,89,-1,179,3,-0.7352696938179974,-0.9097605986759518
319,1547708400,65,238,173,303,3,-0.2833478332274234,-0.7701850022020121
319,1547722800,682,1971,1289,2653,3,2.615185479525914,1.8749976729089421
319,1547737200,463,1157,694,1620,3,1.0698204964719393,0.7122429055091056
319,1547751600,1182,1439,257,2621,3,-0.06517865914921521,1.8389781641414737
319,1547766000,442,459,17,901,3,-0.6885191565155243,-0.09707043210994803
319,1547780400,80,114,34,194,3,-0.6443658712854108,-0.8928764539412011
319,1547794800,68,229,161,297,3,-0.31451485809573887,-0.7769386600959125
319,1547809200,640,1831,1191,2471,3,2.360654776434671,1.670136716793966
319,1547823600,417,997,580,1414,3,0.7737337602229425,0.48036731781852837
319,1547838000,1024,1263,239,2287,3,-0.11192919645168839,1.4630245413810232
319,1547852400,387,378,-9,765,3,-0.7560477103968745,-0.25015334437168835
319,1547866800,82,126,44,208,3,-0.6183933505618145,-0.8771179188554337
319,1547881200,31,43,12,74,3,-0.7015054168773224,-1.0279496118192073
319,1547895600,154,308,154,462,3,-0.3326956226022562,-0.5912130680136539
319,1547910000,302,718,416,1020,3,0.3477844203559646,0.036877116119074765
319,1547924400,401,537,136,938,3,-0.3794461599047294,-0.05542287509756279
319,1547938800,243,223,-20,466,3,-0.7846174831928303,-0.5867106294177205
319,1547953200,52,79,27,131,3,-0.6625466357919281,-0.9637898618271543
319,1547967600,18,40,22,58,3,-0.6755328961537262,-1.0459593662029414
319,1547982000,103,208,105,311,3,-0.4599609741478776,-0.7611801250101451
319,1547996400,244,489,245,733,3,-0.09634568401753066,-0.2861728531391567
319,1548010800,301,395,94,696,3,-0.48853074694383347,-0.3278204101515419
319,1548025200,191,163,-28,354,3,-0.8053954997717073,-0.7127789101038595
319,1548039600,52,50,-2,102,3,-0.7378669458903572,-0.9964325416476725
319,1548054000,49,127,78,176,3,-0.5300867801015874,-0.9131374276229021
319,1548068400,264,849,585,1113,3,0.7867200205847406,0.14155881347452956
319,1548082800,281,696,415,977,3,0.34518716828360496,-0.011524098787210783
319,1548097200,537,615,78,1152,3,-0.5300867801015874,0.18545758978488155
319,1548111600,231,163,-68,394,3,-0.9092855826660922,-0.6677545241445241
319,1548126000,57,56,-1,113,4,-0.7063103258965083,-1.0583332016630926
319,1548140400,77,200,123,277,4,-0.43457625060146393,-0.8922520704336168
319,1548154800,694,1972,1278,2666,4,2.0964951765418927,1.527063920464052
319,1548169200,472,1868,1396,2340,4,2.3550808288387897,1.1969270376542402
319,1548183600,1153,1324,171,2477,4,-0.32938886661628547,1.3356655436203269
319,1548198000,419,376,-43,795,4,-0.7983492868835395,-0.36767874130637007
319,1548212400,67,73,6,140,4,-0.6909704990653365,-1.0309905763997034
319,1548226800,67,207,140,274,4,-0.39732238544004655,-0.8952901399073268
319,1548241200,661,2096,1435,2757,4,2.440545578326747,1.6192186944999196
319,1548255600,464,1064,600,1528,4,0.610723377751247,0.37462290010342114
319,1548270000,1234,1322,88,2556,4,-0.5112753847573233,1.4156680397613548
319,1548284400,430,431,1,861,4,-0.7019275182304592,-0.30084121288475174
319,1548298800,65,79,14,144,4,-0.67343926840114,-1.0269398171014235
319,1548313200,56,208,152,264,4,-0.37102553944375194,-0.9054170381530264
319,1548327600,704,1799,1095,2503,4,1.6954682750983996,1.3619954790591462
319,1548342000,423,1060,637,1483,4,0.6918053195731554,0.32905185799777226
319,1548356400,1121,1393,272,2514,4,-0.10805707948080581,1.3731350671294158
319,1548370800,447,689,242,1136,4,-0.17379919447154235,-0.02235151112800882
319,1548385200,84,90,6,174,4,-0.6909704990653365,-0.9965591223643242
319,1548399600,81,226,145,307,4,-0.3863653662749238,-0.8618713756965175
319,1548414000,686,2105,1419,2791,4,2.4054831169983544,1.6536501485352988
319,1548428400,750,1227,477,1977,4,0.3411807062892272,0.8293206313353396
319,1548442800,1181,1433,252,2614,4,-0.15188515614129683,1.4744040495864132
319,1548457200,402,440,38,842,4,-0.6208455764085508,-0.3200823195515813
319,1548471600,103,136,33,239,4,-0.6318025955736736,-0.9307342837672758
319,1548486000,33,68,35,101,4,-0.6274197879076244,-1.0704854795579324
319,1548500400,172,432,260,604,4,-0.13435392547710043,-0.5611024977992352
319,1548514800,324,658,334,982,4,0.02780995816671636,-0.17830574411178488
319,1548529200,409,595,186,1004,4,-0.29651780912091724,-0.15602656797124542
319,1548543600,247,250,3,497,4,-0.69754471056441,-0.6694603090282224
319,1548558000,100,118,18,218,4,-0.6646736530690418,-0.9520007700832452
319,1548572400,25,41,16,66,4,-0.669056460735091,-1.1059296234178815
319,1548586800,100,255,155,355,4,-0.3644513279446783,-0.8132622641171587
319,1548601200,265,665,400,930,4,0.17244261114633674,-0.23096561498942353
319,1548615600,308,508,200,816,4,-0.2658381554585735,-0.3464122549904006
319,1548630000,199,179,-20,378,4,-0.7479469987239747,-0.7899703981520494
319,1548644400,55,49,-6,104,4,-0.717267345061631,-1.0674474100842224
319,1548658800,82,230,148,312,4,-0.3797911547758502,-0.8568079265736677
319,1548673200,676,2102,1426,2778,4,2.420822943829526,1.6404851808158891
319,1548687600,606,1168,562,1774,4,0.527450032096314,0.6237445969476348
319,1548702000,1398,1508,110,2906,4,-0.4630645004307831,1.7701094783608458
319,1548716400,675,367,-308,1042,4,-1.3790713026350456,-0.1175443546375864
319,1548730800,67,59,-8,126,5,-0.755821532529909,-1.0974363739084567
319,1548745200,65,233,168,298,5,-0.4339693078360276,-0.9442731744896918
319,1548759600,740,2876,2136,3616,5,3.1649237501046468,2.01035180034439
319,1548774000,887,2038,1151,2925,5,1.3636485153121851,1.3950275515166772
319,1548788400,1694,2197,503,3891,5,0.17864714257562173,2.2552348226709036
319,1548802800,649,390,-259,1039,5,-1.2148266938831151,-0.2844247397844313
319,1548817200,64,66,2,130,5,-0.7375344743086658,-1.0938744390382529
319,1548831600,73,269,196,342,5,-0.3827655448165465,-0.9050918909174497
319,1548846000,676,2208,1532,2884,5,2.0603854335415535,1.3585177190970879
319,1548860400,613,1204,591,1817,5,0.33957325492256246,0.4083715924702147
319,1548874800,1229,1486,257,2715,5,-0.2712144896669626,1.2080259708309757
319,1548889200,597,370,-227,967,5,-1.1563081075751367,-0.34853956744810033
319,1548903600,72,81,9,153,5,-0.7247335335537956,-1.0733933135345808
319,1548918000,65,173,108,238,5,-0.5436916571634872,-0.9977021975427494
319,1548932400,634,2041,1407,2675,5,1.8317972057760128,1.1724066221289375
319,1548946800,535,1174,639,1709,5,0.4273511343845301,0.3121993509747112
319,1548961200,1319,1613,294,2932,5,-0.2035523742483625,1.401260937539534
319,1548975600,760,381,-379,1141,5,-1.4342713925380344,-0.1935954005942335
319,1548990000,80,62,-18,142,5,-0.7741085907511523,-1.0831886344276414
319,1549004400,68,266,198,334,5,-0.37910813317229786,-0.9122157606578574
319,1549018800,620,2061,1441,2681,5,1.8939732037282397,1.1777495244342433
319,1549033200,696,1247,551,1943,5,0.2664250220375894,0.5205725408816355
319,1549047600,1482,1406,-76,2888,5,-0.8801735284343633,1.3620796539672917
319,1549062000,387,414,27,801,5,-0.6918168287555576,-0.4963598645615595
319,1549076400,114,223,109,337,5,-0.5418629513413629,-0.9095443095052045
319,1549090800,25,156,131,181,5,-0.5016314232546277,-1.048459769443154
319,1549105200,138,746,608,884,5,0.370661253898676,-0.42244971600482994
319,1549119600,311,1206,895,1517,5,0.8954998248483577,0.14122647720492706
319,1549134000,474,1107,633,1581,5,0.41637889945178413,0.19821743512818843
319,1549148400,260,490,230,750,5,-0.3205895468643194,-0.5417745341566584
319,1549162800,83,182,99,265,5,-0.5601500095626062,-0.9736591371688735
319,1549177200,16,107,91,123,5,-0.5747796561396008,-1.1001078250611096
319,1549191600,128,512,384,640,5,-0.03896885025717312,-0.6397277430872639
319,1549206000,244,936,692,1180,5,0.5242725429571194,-0.1588665356097461
319,1549220400,336,923,587,1259,5,0.33225843163406515,-0.08851832192322034
319,1549234800,194,344,150,538,5,-0.4668860126342655,-0.7305570822774617
319,1549249200,47,125,78,172,5,-0.598552831827217,-1.0564741229011128
319,1549263600,73,242,169,315,5,-0.4321406020139033,-0.9291349512913255
319,1549278000,676,2175,1499,2851,5,2.0000381414114505,1.3291317564179062
319,1549292400,633,1202,569,1835,5,0.29934172683582727,0.424400299386132
319,1549306800,1486,1545,59,3031,5,-0.6332982424475793,1.4894188255770788
319,1549321200,705,502,-203,1207,5,-1.1124191678441528,-0.1348234752358702
319,1549335600,64,68,4,132,6,-0.7509454902545172,-1.1189964307761833
319,1549350000,71,219,148,290,6,-0.44182074117487546,-0.9696708935611182
319,1549364400,699,2104,1405,2803,6,2.2565807143328303,1.4053612268278586
319,1549378800,684,1246,562,1930,6,0.4469129124290944,0.5802903787977842
319,1549393200,1502,1703,201,3205,6,-0.3280456599163962,1.7852907582231505
319,1549407600,722,465,-257,1187,6,-1.311234097961368,-0.12191768544774294
319,1549422000,74,70,-4,144,6,-0.7681190874256084,-1.1076552507345327
319,1549436400,65,252,187,317,6,-0.35809945496580586,-0.9441532384674046
319,1549441090,125,609,484,734,6,0.27947034001095516,-0.5500472320200496
319,1549450800,612,1754,1142,2366,6,1.6919987073332068,0.9923532536444193
319,1549465200,680,1322,642,2002,6,0.6186488841400065,0.6483374590476872
319,1549479600,1379,1820,441,3199,6,0.18716225521633995,1.7796201682023252
319,1549494000,688,466,-222,1154,6,-1.2360996103378439,-0.15310593056228183
319,1549508400,62,69,7,131,6,-0.744505391315358,-1.1199415291129875
319,1549522800,85,212,127,297,6,-0.48690143374898986,-0.9630552052034888
319,1549537200,643,2142,1499,2785,6,2.458370481093152,1.3883494567653827
319,1549551600,678,1308,630,1986,6,0.5928884883833697,0.6332158856588199
319,1549566000,1567,1792,225,3359,6,-0.2765248684031226,1.9308359020909986
319,1549580400,782,447,-335,1229,6,-1.4786766703795071,-0.08222355530196616
319,1549594800,85,87,2,172,6,-0.75523888954729,-1.0811924973040148
319,1549609200,70,206,136,276,6,-0.46758113693151226,-0.9829022702763771
319,1549623600,677,2207,1530,2884,6,2.52491817013113,1.4819141921089993
319,1549638000,757,1243,486,2000,6,0.283763739303728,0.6464472623740788
319,1549652400,1373,1503,130,2876,6,-0.48046133480983066,1.4743534054145657
319,1549666800,442,444,2,886,6,-0.75523888954729,-0.4063922848258098
319,1549681200,99,170,71,269,6,-0.6071166139466283,-0.9895179586340066
319,1549695600,28,146,118,174,6,-0.5062217305664675,-1.0793023006304066
319,1549710000,177,766,589,943,6,0.5048738028815273,-0.3525216796279699
319,1549724400,356,1104,748,1460,6,0.846199046656965,0.13609416049980608
319,1549738800,530,1119,589,1649,6,0.5048738028815273,0.31471774615580156
319,1549753200,246,463,217,709,6,-0.2936984655742138,-0.5736746904401547
319,1549767600,77,167,90,244,6,-0.5663293206652867,-1.0131454170541119
319,1549782000,24,97,73,121,6,-0.6028232146538555,-1.1293925124810296
319,1549796400,116,499,383,615,6,0.0626536757259287,-0.6625139340997503
319,1549810800,329,928,599,1257,6,0.5263407993453912,-0.05576080187144832
319,1549825200,329,759,430,1088,6,0.16354855910608954,-0.2154824207913596
319,1549839600,201,300,99,501,6,-0.5470090238478091,-0.7702551444954302
319,1549854000,43,91,48,134,6,-0.6564907058135155,-1.1171062341025748
319,1549868400,71,252,181,323,6,-0.37097965284412426,-0.9384826484465794
319,1549882800,663,2128,1465,2791,6,2.3853826931160143,1.394020046786208
319,1549897200,622,1182,560,1804,6,0.44261951313632164,0.4612079883604539
319,1549911600,1456,1546,90,3002,6,-0.5663293206652867,1.593435795851896
319,1549926000,734,426,-308,1160,6,-1.4207157799270742,-0.14743534054145657
319,1549940400,68,63,-5,131,7,-0.8370063855301835,-1.1110986467230672
319,1549954800,78,201,123,279,7,-0.522206726329801,-0.9434407409484195
319,1549969200,671,2031,1360,2702,7,2.520036855161395,1.8013910542676037
319,1549983600,359,846,487,1205,7,0.37300480452128654,0.10555399383079539
319,1549998000,831,980,149,1811,7,-0.45826304555472336,0.7920451485567178
319,1550012400,358,329,-29,687,7,-0.8960313216302552,-0.48124867638047164
319,1550026800,61,81,20,142,7,-0.7755220770926088,-1.0986375861587352
319,1550041200,63,284,221,347,7,-0.28118823725450826,-0.8664087301870947
319,1550046816,165,724,559,889,7,0.5500796128215016,-0.2524182914718308
319,1550046900,262,225,-37,487,7,-0.9157063003302791,-0.7078134139137794
319,1550055600,446,1314,868,1760,7,1.3100256651099251,0.7342711404857244
319,1550070000,738,1242,504,1980,7,0.41481413425883734,0.9834923517723628
319,1550072380,113,69,-44,182,7,-0.9329219066928001,-1.0533246386520736
319,1550084400,1324,1660,336,2984,7,0.0016395815583353718,2.1208473341895675
319,1550098800,687,391,-296,1078,7,-1.5526837357435528,-0.038314614502855025
319,1550113200,73,68,-5,141,7,-0.8370063855301835,-1.0997704098464018
319,1550127600,65,271,206,336,7,-0.3180788223170531,-0.8788697907514267
319,1550142000,709,2243,1534,2952,7,2.947967641886915,2.0845969761842382
319,1550156400,692,1271,579,1963,7,0.5992670595715615,0.9642343490820316
319,1550170800,1495,1555,60,3050,7,-0.6771471835924893,2.1956136975755594
319,1550185200,714,435,-279,1149,7,-1.510874406006002,0.04211586732146922
319,1550199600,87,72,-15,159,7,-0.8616001089052134,-1.0793795834684041
319,1550214000,70,224,154,294,7,-0.44596618386720843,-0.9264483856334214
319,1550228400,637,1874,1237,2511,7,2.217534057648528,1.585021729923295
319,1550242800,722,1193,471,1915,7,0.3336548471212388,0.9098588120740378
319,1550257200,1286,1292,6,2578,7,-0.8099532898176507,1.660920916996953
319,1550271600,409,434,25,843,7,-0.7632252154050939,-0.3045281811044916
319,1550286000,86,171,85,257,7,-0.6156628751549146,-0.9683628620770832
319,1550300400,34,132,98,166,7,-0.5836910347673757,-1.0714498176547382
319,1550314800,174,902,728,1076,7,0.9657135378595066,-0.040580261878188105
319,1550329200,376,1286,910,1662,7,1.4133193032850506,0.6232544190944036
319,1550343600,513,1169,656,1682,7,0.7886387295592915,0.6459108928477343
319,1550358000,282,481,199,763,7,-0.335294428679574,-0.3951540761178147
319,1550372400,118,224,106,342,7,-0.5640160560673518,-0.8720728486254274
319,1550386800,24,103,79,127,7,-0.6304191091799325,-1.1156299414737334
319,1550401200,142,557,415,699,7,0.19592999622107143,-0.46765479212847316
319,1550415600,319,912,593,1231,7,0.6336982722966032,0.1350074097101254
319,1550430000,342,838,496,1180,7,0.39513915555881346,0.07723340163913192
319,1550444400,212,326,114,538,7,-0.544341077367328,-0.6500394058427859
319,1550458800,59,139,80,198,7,-0.6279597368424296,-1.035199459649409
319,1550473200,47,168,121,215,7,-0.527125471004807,-1.015941456959078
319,1550487600,298,1126,828,1424,7,1.2116507716098055,0.35364238142976734
319,1550502000,356,1147,791,1503,7,1.120653995122195,0.44313545275542393
319,1550516400,624,1090,466,1714,7,0.3213579854337238,0.6821612508530636
319,1550530800,282,418,136,700,7,-0.4902348859422622,-0.4665219684408066
319,1550545200,49,78,29,127,8,-0.68616339271903,-1.2903507284925535
319,1550559600,77,200,123,277,8,-0.48551729887922035,-1.1490929324587025
319,1550574000,689,2061,1372,2750,8,2.1805143096944213,1.1797772648193892
319,1550588400,626,1297,671,1923,8,0.6842067375486064,0.4009759493527568
319,1550602800,1295,1546,251,2841,8,-0.21229708599096883,1.2654736610799255
319,1550617200,728,462,-266,1190,8,-1.315850602109922,-0.2893038139326622
319,1550631600,79,92,13,171,8,-0.7203159193300614,-1.248915108322624
319,1550646000,79,255,176,334,8,-0.37238705448017867,-1.095414969965839
319,1550660400,819,1803,984,2622,8,1.352315539376909,1.059237278870503
319,1550674800,578,1163,585,1741,8,0.5006369070143124,0.22958315683168418
319,1550689200,1127,1453,326,2580,8,-0.05220711750175895,1.0196850959810246
319,1550703600,573,420,-153,993,8,-1.0746483829195126,-0.47482238605711996
319,1550718000,81,84,3,165,8,-0.7416612484619561,-1.254565420163978
319,1550732400,71,246,175,317,8,-0.37452158739336816,-1.1114241868496755
319,1550746800,811,2154,1343,2965,8,2.1186128552119268,1.382246772467909
319,1550761200,659,1327,668,1986,8,0.6778031388090381,0.46030422368697427
319,1550775600,1434,1623,189,3057,8,-0.3446381266087156,1.468884887368671
319,1550790000,765,486,-279,1251,8,-1.343599529981385,-0.23185897687889606
319,1550804400,87,105,18,192,8,-0.7096432547641142,-1.2291390168778848
319,1550818800,69,276,207,345,8,-0.3062165341713053,-1.0850560649233567
319,1550833200,719,1939,1220,2658,8,1.8560653068896227,1.0931391499186272
319,1550847600,693,1255,562,1948,8,0.4515426500109548,0.4245189153583987
319,1550862000,1235,1357,122,2592,8,-0.4876518317924098,1.0309857196637326
319,1550876400,418,490,72,908,8,-0.594378477451883,-0.5548684704763023
319,1551495600,7530,9938,2408,17468,9,3.5333102952405353,4.07094297514556
319,1551510000,32,135,103,167,9,-0.6580507566101569,-0.4301999854865632
319,1551524400,209,772,563,981,9,0.1784030758633001,-0.21842434419677945
319,1551538800,313,1208,895,1521,9,0.7821045375615343,-0.07793436103156663
319,1551553200,492,1135,643,1627,9,0.32387330759781435,-0.050356697669506345
319,1551567600,243,426,183,669,9,-0.5125805248756427,-0.2995963344700135
319,1551582000,89,188,99,277,9,-0.6653242681968826,-0.40158165558253833
319,1551596400,24,77,53,101,9,-0.7489696514442283,-0.4473709834289781
319,1551610800,146,511,365,657,9,-0.1816357476796227,-0.3027183340959071
319,1551625200,331,1033,702,1364,9,0.4311576035020186,-0.1187805228036748
319,1551639600,392,772,380,1164,9,-0.1543600792294013,-0.17081384990190177
319,1551654000,180,285,105,465,9,-0.6544140008167941,-0.352670328110205
319,1551668400,39,82,43,121,9,-0.7671534304110427,-0.44216765071915537
319,1551682800,57,187,130,244,9,-0.6089545533997583,-0.4101671545537458
319,1551697200,622,1535,913,2157,9,0.8148353397018,0.08753161914079512
319,1551711600,367,891,524,1258,9,0.10748633789272438,-0.1463581861657351
319,1551726000,816,998,182,1814,9,-0.5143989027723241,-0.0017055368326641324
319,1551740400,319,396,77,715,9,-0.705328581923874,-0.2876286692374213
319,1551754800,76,92,16,168,10,-0.7490617047763388,-1.1292257430749906
319,1551769200,77,244,167,321,10,-0.40547120212609705,-0.9783335695461927
319,1551783600,711,2146,1435,2857,10,2.47977884661898,1.522728862277542
319,1551798000,621,1283,662,1904,10,0.7208685251048281,0.5828580036308466
319,1551812400,1437,1574,137,3011,10,-0.47373421589766823,1.674607259162737
319,1551826800,716,429,-287,1145,10,-1.4385181438692083,-0.16568552387475843
319,1551841200,87,90,3,177,10,-0.778642344077353,-1.1203497328674141
319,1551855600,89,251,162,340,10,-0.4168483710880256,-0.9595953257746426
319,1551870000,750,1988,1238,2738,10,2.0315183895189954,1.4053682828662546
319,1551884400,577,1232,655,1809,10,0.7049404885581282,0.48916678477309633
319,1551898800,1286,1607,321,2893,10,-0.055054398098698075,1.5582329031078472
319,1551913200,766,416,-350,1182,10,-1.5818704727895079,-0.12919525968805567
319,1551927600,78,105,27,183,10,-0.7240319330600961,-1.11443239272903
319,1551942000,80,257,177,337,10,-0.38271686420223994,-0.9625539958438347
319,1551956400,718,2064,1346,2782,10,2.277265239096652,1.448762110547739
319,1551970800,606,1266,660,1872,10,0.7163176575200567,0.5512988562261307
319,1551985200,1484,1760,276,3244,10,-0.1574489187560549,1.9043973012033246
319,1551999600,752,494,-258,1246,10,-1.372530563890023,-0.0660769648786239
319,1552014000,90,98,8,188,10,-0.7672651751154245,-1.109501275947043
319,1552028400,75,241,166,316,10,-0.40774663591848276,-0.9832646863281795
319,1552042800,634,1939,1305,2573,10,2.183972453608838,1.2426414290606882
319,1552057200,734,1216,482,1950,10,0.31129044247540083,0.6282242780251257
319,1552071600,1350,1403,53,2753,10,-0.6648706544580677,1.4201616332122151
319,1552086000,427,440,13,867,10,-0.7558880061534959,-0.4398556169532278
319,1552100400,89,183,94,272,10,-0.5715778689702536,-1.0266585140096638
319,1552114800,39,127,88,166,10,-0.5852304717245679,-1.1311981897877852
319,1552129200,197,652,455,849,10,0.2498537300809867,-0.45760763736838045
319,1552143600,388,933,545,1321,10,0.4546427713957004,0.007889786851178974
319,1552158000,571,1123,552,1694,10,0.47057080794240036,0.3757510987873986
319,1552172400,265,469,204,734,10,-0.3212801518078259,-0.5710233233540782
319,1552190400,102,215,113,317,10,-0.5283446269149252,-0.9822784629717821
319,1552204800,84,120,36,204,10,-0.7035530289286247,-1.0937217022446852
319,1552219200,147,593,446,740,10,0.22937482594951536,-0.5651059832156939
319,1552233600,272,908,636,1180,10,0.6617072465027998,-0.13116770640085043
319,1552248000,344,648,304,992,10,-0.0937367725692551,-0.3165776974035563
319,1552262400,158,246,88,404,10,-0.5852304717245679,-0.8964770309652108
319,1552276800,33,78,45,111,10,-0.6830741247971533,-1.1854404743896407
319,1552291200,162,650,488,812,10,0.32494304522971507,-0.4940979015550832
319,1552305600,672,1929,1257,2601,10,2.074751631574324,1.2702556830398146
319,1552320000,723,1136,413,1859,10,0.154285510800787,0.5384779525929649
319,1552334400,1373,1348,-25,2721,10,-0.8423544902641529,1.3886024858074992
319,1552348800,543,275,-268,818,11,-1.3552043935543672,-0.5084359293856607
319,1552363200,42,56,14,98,11,-0.7679475420287888,-1.226064211755392
319,1552377600,181,610,429,791,11,0.09627796642197341,-0.5353469899745257
319,1552392000,676,2108,1432,2784,11,2.184996484436707,1.4510879638628
319,1552406400,800,1303,503,2103,11,0.25038082816982016,0.7723312134547625
319,1552420800,1392,1484,92,2876,11,-0.6055147958621395,1.542784911054488
319,1552435200,521,297,-224,818,11,-1.2635756649475394,-0.5084359293856607
319,1552449600,41,64,23,105,11,-0.7492053020864831,-1.2190872701212419
319,1552464000,181,636,455,817,11,0.15042221514418982,-0.5094326353333964
319,1552478400,645,2157,1512,2802,11,2.3515941728127574,1.4690286709220433
319,1552492800,734,1307,573,2041,11,0.39615380549886436,0.7105354446951467
319,1552507200,1406,1593,187,2999,11,-0.40768004091557947,1.6653797426259838
319,1552521600,538,336,-202,874,11,-1.2177613006441255,-0.45262039631245937
319,1552536000,46,57,11,103,11,-0.7741949553428907,-1.2210806820167133
319,1552550400,165,633,468,798,11,0.17749433950529805,-0.5283700483403755
319,1552552084,96,88,-8,184,11,-0.8137619063322027,-1.1403475002501184
319,1552564800,561,2133,1572,2694,11,2.4765424390947954,1.3613844285665837
319,1552579200,822,1341,519,2163,11,0.2837003658450303,0.8321335703189068
319,1552593600,1486,1666,180,3152,11,-0.4222573386484839,1.8178757526295517
319,1552608000,559,384,-175,943,11,-1.1615345808172084,-0.38384768591869345
319,1552622400,48,70,22,118,11,-0.7512877731911838,-1.2061300928006773
319,1552636800,154,601,447,755,11,0.13376244630658476,-0.5712284040930122
319,1552651200,600,1987,1387,2587,11,2.0912852847251786,1.2547368921588598
319,1552665600,907,1261,354,2168,11,-0.05990736643057398,0.8371171000575854
319,1552680000,1122,1267,145,2389,11,-0.49514382731300605,1.0573891145071836
319,1552694400,309,335,26,644,11,-0.7429578887723812,-0.6818627642916791
319,1552708800,55,136,81,191,11,-0.6284219780138465,-1.1333705586159684
319,1552723200,44,210,166,254,11,-0.45141193411429276,-1.070578083908617
319,1552737600,270,1208,938,1478,11,1.156255758714595,0.14938999611992632
319,1552752000,566,1667,1101,2233,11,1.4956985487807979,0.9019029866604085
319,1552766400,543,1104,561,1647,11,0.3711641522424568,0.31783330128726606
319,1552780800,215,358,143,573,11,-0.49930876952240727,-0.7526288865809165
319,1552795200,54,120,66,174,11,-0.659659044584356,-1.150314559727476
319,1552809600,95,149,54,244,11,-0.6846486978407635,-1.0805451433859743
319,1552824000,228,748,520,976,11,0.2857828369497309,-0.35095638964341414
319,1552838400,331,969,638,1300,11,0.5315144273044055,-0.028023662577035025
319,1552852800,312,673,361,985,11,-0.045330068697669555,-0.34198603611379247
319,1552867200,154,234,80,388,11,-0.6305044491185471,-0.937019486912028
319,1552881600,17,62,45,79,11,-0.7033909377830692,-1.245001624762371
319,1552896000,143,551,408,694,11,0.05254607322326014,-0.6320274669048922
319,1552910400,614,1930,1316,2544,11,1.9434298362914337,1.211878536406223
319,1552924800,714,1184,470,1898,11,0.1816592817146993,0.5680064941689362
319,1552939200,1395,1432,37,2827,11,-0.7200507066206743,1.4939463196154368
319,1552953600,501,384,-117,885,12,-1.1745401688439463,-0.5775984636778305
319,1552968000,73,131,58,204,12,-0.8044912922953156,-1.3283583481637797
319,1552982400,164,681,517,845,12,0.16609404676652142,-0.6216959605639362
319,1552996800,630,2019,1389,2649,12,2.0099947344831266,1.36710114899943
319,1553011200,825,1320,495,2145,12,0.11957361657183642,0.8114726882344984
319,1553025600,1436,1478,42,2914,12,-0.8383243324369046,1.6592470658698801
319,1553040000,547,384,-163,931,12,-1.271810159251015,-0.526886342258809
319,1553054400,85,138,53,223,12,-0.8150641173395622,-1.3074120371428795
319,1553068800,178,608,430,786,12,-0.017873109003369258,-0.6867397684709421
319,1553083200,640,1991,1351,2631,12,1.9296412641468528,1.3472572754006824
319,1553097600,766,1317,551,2083,12,0.23798925706739824,0.7431215680610346
319,1553112000,1376,1408,32,2784,12,-0.8594699825253979,1.5159302009900366
319,1553126400,524,406,-118,930,12,-1.1766547338527955,-0.5279887796809617
319,1553140800,78,119,41,197,12,-0.840438897445754,-1.3360754101188481
319,1553155200,154,639,485,793,12,0.09842796648334323,-0.6790227065158736
319,1553169600,664,1892,1228,2556,12,1.6695497680583866,1.2645744687392342
319,1553184000,757,1288,531,2045,12,0.19569795689041186,0.7012289460192341
319,1553198400,1420,1494,74,2914,12,-0.7706582521537265,1.6592470658698801
319,1553212800,532,434,-98,966,12,-1.1343634336758093,-0.4883010324834665
319,1553227200,83,119,36,202,12,-0.8510117224900006,-1.330563223008085
319,1553241600,143,585,442,728,12,0.007501671102822558,-0.7506811389557954
319,1553256000,551,1887,1336,2438,12,1.897922789014113,1.1344868529252226
319,1553270400,869,1231,362,2100,12,-0.1616635296051229,0.7618630042376294
319,1553284800,1055,1169,114,2224,12,-0.6860756517997538,0.8985652445845571
319,1553299200,329,460,131,789,12,-0.6501280466493153,-0.6834324562044841
319,1553313600,123,178,55,301,12,-0.8108349873218635,-1.2214219182149735
319,1553328000,62,504,442,566,12,0.007501671102822558,-0.9292760013445234
319,1553342400,225,1738,1513,1963,12,2.272200795580442,0.6108290774027175
319,1553356800,489,1659,1170,2148,12,1.5469049975451261,0.8147800005009563
319,1553371200,547,1293,746,1840,12,0.6503294337930152,0.47522927447794255
319,1553385600,275,519,244,794,12,-0.4111822006493424,-0.6779202690937209
319,1553400000,81,193,112,274,12,-0.6903047818174524,-1.2511877286130948
319,1553414400,74,307,233,381,12,-0.4344424157466849,-1.1332269244427622
319,1553428800,208,1105,897,1313,12,0.9696287501292623,-0.10575524699649977
319,1553443200,331,1288,957,1619,12,1.0965026506602213,0.23159060418220867
319,1553457600,441,837,396,1278,12,-0.08976831930424607,-0.14434055677184224
319,1553472000,203,402,199,605,12,-0.5063376260475617,-0.8862809418805703
319,1553486400,47,105,58,152,12,-0.8044912922953156,-1.385685094115717
319,1553500800,141,669,528,810,12,0.18935426186386392,-0.6602812703392786
319,1553515200,620,1868,1248,2488,12,1.7118410682353729,1.1896087240328546
319,1553529600,776,1186,410,1962,12,-0.06016440918035562,0.6097266399805649
319,1553544000,1357,1362,5,2719,12,-0.9165632377643295,1.444271768550115
319,1553558400,636,365,-271,1001,13,-1.4539641271335064,-0.26910928931801276
319,1553572800,70,127,57,197,13,-0.6762749164452415,-1.1255333824193094
319,1553587200,178,600,422,778,13,0.1891414308145655,-0.5066498027030739
319,1553601600,691,1995,1304,2686,13,2.2803666863848386,1.5257596122686603
319,1553616000,790,1342,552,2132,13,0.49737191066052416,0.9356365431416472
319,1553630400,1366,1468,102,2834,13,-0.5695797503447173,1.6834098184614361
319,1553644800,596,408,-188,1004,13,-1.2571708207703174,-0.2659136770303213
319,1553659200,83,125,42,208,13,-0.7118399718120829,-1.113816137364441
319,1553673600,169,645,476,814,13,0.31717563013519445,-0.468302455250777
319,1553688000,638,1888,1250,2526,13,2.1523324870642098,1.3553269569251185
319,1553702400,714,1230,516,1944,13,0.41201577778010484,0.7353781731129858
319,1553716800,1299,1464,165,2763,13,-0.42020651780398355,1.6077803276527396
319,1553731200,532,425,-107,957,13,-1.0651195217893739,-0.3159782695374867
319,1553745600,74,107,33,181,13,-0.7331790050321877,-1.1425766479536636
319,1553760000,172,673,501,845,13,0.37645072241326344,-0.43528112827796583
319,1553774400,662,1913,1251,2575,13,2.1547034907553324,1.4075219576240783
319,1553788800,814,1246,432,2060,13,0.21285146772579308,0.8589418482370536
319,1553803200,1528,1503,-25,3031,13,-0.8706972191173077,1.893255025353172
319,1553817600,559,418,-141,977,13,-1.1457336472875477,-0.294674187619544
319,1553832000,95,113,18,208,13,-0.7687440603990291,-1.113816137364441
319,1553846400,153,601,448,754,13,0.2507875267837572,-0.5322147010046051
319,1553853004,388,291,-97,679,13,-1.0414094848781463,-0.6121050081968903
319,1553857368,133,127,-6,260,13,-0.8256481489859753,-1.05842552437779
319,1553860800,491,1845,1354,2336,13,2.398916870940977,1.1529381787046629
319,1553875200,906,1314,408,2220,13,0.15594737913884688,1.0293745035805952
319,1553889600,1159,1300,141,2459,13,-0.4771106063909297,1.2839582825000104
319,1553904000,286,400,114,686,13,-0.5411277060512443,-0.6046485795256104
319,1553918400,34,153,119,187,13,-0.5292726875956304,-1.1361854233782809
319,1553932800,24,215,191,239,13,-0.3585604218347918,-1.0807948103916298
319,1553947200,224,795,571,1019,13,0.5424209807918565,-0.2499356155918643
319,1553961600,339,1078,739,1417,13,0.9407496009004801,0.17401561457519554
319,1553976000,331,937,606,1268,13,0.6254061099811531,0.015300204286522378
319,1553990400,153,501,348,654,13,0.013687157671481332,-0.6387351105943186
319,1554004800,29,109,80,138,13,-0.6217418315494181,-1.1883804240772404
319,1554019200,17,123,106,140,13,-0.5600957355802263,-1.1862500158854463
319,1554033600,180,590,410,770,13,0.16068938652109238,-0.515171435470251
319,1554048000,236,627,391,863,13,0.11564031638975997,-0.4161074545518174
319,1554062400,229,507,278,736,13,-0.1522831007071118,-0.5513883747307536
319,1554076800,107,194,87,301,13,-0.6051448057115587,-1.0147521564460074
319,1554091200,13,65,52,78,13,-0.6881299349008553,-1.2522926698310686
319,1554105600,163,711,548,874,13,0.4878878958960331,-0.4043902094969489
319,1554120000,575,1980,1405,2555,13,2.5198380591882374,1.3862178757061354
319,1554134400,810,1252,442,2062,13,0.23656150463702066,0.8610722564288478
319,1554148800,1405,1339,-66,2744,13,-0.9679083704533409,1.5875414498306941
319,1554163200,466,359,-107,825,14,-1.0896242499351212,-0.6469936806961414
319,1554177600,44,52,8,96,14,-0.8736844367401995,-1.386049512495666
319,1554192000,194,638,444,832,14,-0.054990884105539095,-0.6398971226404532
319,1554206400,569,2202,1633,2771,14,2.177639010579349,1.3258494587851686
319,1554220800,903,1393,490,2296,14,0.031385041172429656,0.8442973050063287
319,1554235200,1420,1611,191,3031,14,-0.5300584731343673,1.589435900853586
319,1554249600,540,297,-243,837,14,-1.344996550756942,-0.6348281526006759
319,1554264000,45,56,11,101,14,-0.868051224222071,-1.3809805424558887
319,1554278400,181,654,473,835,14,-0.0005364964302979273,-0.6368557406165869
319,1554292800,557,2076,1519,2633,14,1.96357693489047,1.1859458856873162
319,1554307200,758,1257,499,2015,14,0.04828467872681485,0.5594211887708467
319,1554321600,1405,1563,158,2968,14,-0.5920238108337796,1.5255668783523926
319,1554336000,525,290,-235,815,14,-1.3299746507085994,-0.6571316207756959
319,1554350400,39,61,22,100,14,-0.8473961116556002,-1.3819943364638443
319,1554364800,180,652,472,832,14,-0.0024142339363407263,-0.6398971226404532
319,1554379200,529,2110,1581,2639,14,2.0799966602651234,1.1920286497350487
319,1554393600,839,1303,464,2142,14,-0.01743613398468312,0.6881730277811892
319,1554408000,1500,1741,241,3241,14,-0.4361715978322273,1.802332642524231
319,1554422400,540,346,-194,886,14,-1.2529874129608447,-0.5851522462108588
319,1554436800,48,50,2,98,14,-0.8849508617764562,-1.3840219244797551
319,1554451200,180,623,443,803,14,-0.0568686216115819,-0.6692971488711613
319,1554465600,553,2040,1487,2593,14,1.9034893346971002,1.145394125369098
319,1554480000,799,1330,531,2129,14,0.10837227892018442,0.6749937056777683
319,1554494400,1134,1367,233,2501,14,-0.45119349788056967,1.0521250766371963
319,1554508800,371,514,143,885,14,-0.6201898734244216,-0.5861660402188142
319,1554523200,93,149,56,242,14,-0.7835530364501451,-1.23803558733417
319,1554537600,66,519,453,585,14,-0.03809124655115391,-0.8903042426054499
319,1554552000,233,1637,1404,1870,14,1.747637121695548,0.41242105761730613
319,1554566400,474,1823,1349,2297,14,1.6443615588631941,0.8453110990142843
319,1554580800,642,1539,897,2181,14,0.7956242061318488,0.7277109940914518
319,1554595200,319,500,181,819,14,-0.5488358481947953,-0.653076444743874
319,1554609600,102,192,90,294,14,-0.7197099612446899,-1.1853182989204865
319,1554624000,68,337,269,405,14,-0.38359494766302893,-1.0727871640374314
319,1554638400,211,1233,1022,1444,14,1.0303413943871989,-0.01945518977171649
319,1554652800,393,1355,962,1748,14,0.9176771440246307,0.28873818864674095
319,1554667200,395,929,534,1324,14,0.1140054914383128,-0.14111047072637076
319,1554681600,215,412,197,627,14,-0.5187920480981104,-0.8477248942713209
319,1554696000,68,100,32,168,14,-0.8286187365951723,-1.3130563439228735
319,1554710400,159,671,512,830,14,0.07269526630537124,-0.6419247106563641
319,1554724800,747,2028,1281,2775,14,1.5166754084522838,1.3299046348169903
319,1554739200,830,1381,551,2211,14,0.14592702904104038,0.7581248143301154
319,1554753600,1454,1276,-178,2730,14,-1.22294361286416,1.284283904458995
319,1554768000,511,281,-230,792,15,-1.2879949056090076,-0.5751525958060483
319,1554782400,39,37,-2,76,15,-0.8120246365896109,-1.2760774102532164
319,1554796800,166,614,448,780,15,0.1273903680539354,-0.5868999390649393
319,1554811200,750,2169,1419,2919,15,2.1544391891847874,1.507063996832397
319,1554825600,825,1331,506,2156,15,0.24847052420799248,0.7601287546212386
319,1554840000,1459,1656,197,3115,15,-0.3965944456472426,1.6989372700609513
319,1554854400,476,283,-193,759,15,-1.210754116338316,-0.6074577897679988
319,1554868800,50,56,6,106,15,-0.7953239253959479,-1.2467090521059887
319,1554883200,173,669,496,842,15,0.22759463521591367,-0.5262053322273355
319,1554887500,310,217,-93,527,15,-1.001995226417528,-0.8345730927732264
319,1554895790,301,264,-37,565,15,-0.8850902480618866,-0.7973731724534047
319,1554897600,551,2158,1607,2709,15,2.546905902235869,1.301485489801803
319,1554912000,773,1376,603,2149,15,0.4509666474311569,0.7532761377202188
319,1554926400,1401,1520,119,2921,15,-0.5594263797854573,1.5090218873755454
319,1554940800,523,387,-136,910,15,-1.091761549083467,-0.4596370537602859
319,1554955200,42,73,31,115,15,-0.7431342029157508,-1.2378985446618205
319,1554969600,164,691,527,855,15,0.29230989109135797,-0.51347904369687
319,1554984000,680,2089,1409,2769,15,2.1335633001927086,1.3602222060962583
319,1554998400,832,1394,562,2226,15,0.36537550256363377,0.8286549236314367
319,1555012800,1502,1588,86,3090,15,-0.6283168134593173,1.674463638271595
319,1555027200,538,312,-226,850,15,-1.279644550012176,-0.5183737700547414
319,1555041600,54,75,21,129,15,-0.7640100919078296,-1.224193310859781
319,1555056000,161,610,449,771,15,0.12947795695314326,-0.5957104465091076
319,1555070400,662,1982,1320,2644,15,1.9477678881632072,1.2378540471494761
319,1555084800,945,1396,451,2341,15,0.13365313475155904,0.9412336298624763
319,1555099200,1191,1436,245,2627,15,-0.29639017848526433,1.221211977532714
319,1555113600,325,339,14,664,15,-0.7786232142022848,-0.7004575905675532
319,1555128000,56,130,74,186,15,-0.653367880249812,-1.1683934303800483
319,1555142400,50,335,285,385,15,-0.21288662251694915,-0.973583321336771
319,1555156800,245,1130,885,1375,15,1.0396667170077791,-0.00442750247825628
319,1555171200,814,1676,862,2490,15,0.991652172325998,1.0870964753270407
319,1555185600,655,1520,865,2175,15,0.9979149390236216,0.7787287147811496
319,1555200000,244,441,197,685,15,-0.3965944456472426,-0.6798997398644938
319,1555214400,64,159,95,223,15,-0.6095285133664464,-1.1321724553318007
319,1555228800,39,226,187,265,15,-0.4174703346393214,-1.091056753925682
319,1555243200,206,820,614,1026,15,0.47393012532244355,-0.3460794022576721
319,1555257600,343,1080,737,1423,15,0.7307035599250129,0.04256187055730807
319,1555272000,373,649,276,1022,15,-0.23167492260982006,-0.3499951833439691
319,1555286400,157,256,99,413,15,-0.6011781577696149,-0.9461728537326918
319,1555300800,40,92,52,132,15,-0.6992948360323853,-1.221256475045058
319,1555315200,188,624,436,812,15,0.10233930126344083,-0.5555736903745632
319,1555329600,493,2017,1524,2510,15,2.3736360236016147,1.1066753807585257
319,1555344000,1129,1322,193,2451,15,-0.40494480124407417,1.0489176097356445
319,1555358400,1336,1383,47,2719,15,-0.7097327805284247,1.3112749425175456
319,1555372800,469,286,-183,755,16,-1.1918557506974978,-0.4130639498844836
319,1555387200,30,88,58,118,16,-0.6296166721422444,-1.0703596683885859
319,1555401600,170,637,467,807,16,0.324556701837418,-0.35940715653720995
319,1555416000,669,2130,1461,2799,16,2.6435012830985047,1.696060773227581
319,1555430400,842,1417,575,2259,16,0.576514463181681,1.1388556115443547
319,1555444800,1438,1627,189,3065,16,-0.32400123940059217,1.9705359084270964
319,1555459200,509,275,-234,784,16,-1.310835804665622,-0.38313996897927327
319,1555473600,30,94,64,124,16,-0.6156190187342299,-1.064168499925439
319,1555488000,180,677,497,857,16,0.394544968877491,-0.30781408601098526
319,1555502400,654,2121,1467,2775,16,2.6574989365065194,1.6712960993749932
319,1555516800,729,1380,651,2109,16,0.7538180730165326,0.9840763999656805
319,1555531200,1394,1553,159,2947,16,-0.3939895064406652,1.8487762619852062
319,1555545600,493,373,-120,866,16,-1.0448803899133445,-0.2985273333162648
319,1555560000,35,76,41,111,16,-0.6692766901316192,-1.0775826982622574
319,1555574400,165,650,485,815,16,0.36654966206146183,-0.35115226525301396
319,1555588800,649,2127,1478,2776,16,2.6831613010878796,1.6723279607855177
319,1555603200,767,1448,681,2215,16,0.8238063400566057,1.0934537094812768
319,1555617600,1428,1630,202,3058,16,-0.29367299034989386,1.9633128785534248
319,1555632000,476,349,-127,825,16,-1.061210985556028,-0.34083365114776903
319,1555646400,36,93,57,129,16,-0.6319496143769135,-1.0590091928728165
319,1555660800,96,412,316,508,16,-0.02771757559761629,-0.6679337182840335
319,1555675200,510,1454,944,1964,16,1.4373701477745793,0.8344564954396291
319,1555689600,554,1176,622,1730,16,0.6861627482111287,0.5930009253768975
319,1555704000,706,1124,418,1830,16,0.21024253233863205,0.6961870664293469
319,1555718400,252,284,32,536,16,-0.6902731702436411,-0.6390415987893476
319,1555732800,43,59,16,102,16,-0.7276002459983467,-1.0868694509569778
319,1555747200,37,121,84,158,16,-0.5689601740408478,-1.0290852119676062
319,1555761600,177,440,263,617,16,-0.15136351403507867,-0.5554608245368637
319,1555776000,292,600,308,892,16,-0.0463811134749691,-0.271698936642628
319,1555790400,358,519,161,877,16,-0.38932362197132697,-0.2871768578004954
319,1555804800,200,195,-5,395,16,-0.7765920329263978,-0.7845340576733012
319,1555819200,44,56,12,100,16,-0.7369320149370231,-1.0889331737780268
319,1555833600,21,49,28,70,16,-0.6996049391823175,-1.1198890160937616
319,1555848000,178,325,147,503,16,-0.4219848132566944,-0.6730930253366559
319,1555862400,254,444,190,698,16,-0.32166829716592305,-0.47188005028437974
319,1555876800,279,325,46,604,16,-0.6576119789582736,-0.5688750228736821
319,1555891200,161,215,54,376,16,-0.6389484410809209,-0.8041394244732666
319,1555905600,18,35,17,53,16,-0.7252673037636775,-1.137430660072678
319,1555920000,121,558,437,679,16,0.254568434797345,-0.49148541708434507
319,1555934400,607,1759,1152,2366,16,1.9226221325857524,1.2492647824704755
319,1555948800,456,957,501,1413,16,0.40387673781616745,0.26590085824063314
319,1555963200,849,1009,160,1858,16,-0.3916565642059961,0.7250791859240328
319,1555977600,217,203,-14,420,17,-1.0242985537364695,-0.8548624958843559
319,1555992000,24,80,56,104,17,-0.8401915813096662,-1.227721776352895
319,1556006400,166,593,427,759,17,0.13557537255239077,-0.45486472348298024
319,1556020800,616,1871,1255,2487,17,2.313297846400863,1.5840619747753593
319,1556035200,494,1148,654,1642,17,0.7326079831364526,0.5870173798515763
319,1556049600,1049,1076,27,2125,17,-0.9164644698864847,1.156925710441147
319,1556064000,291,311,20,602,17,-0.9348751671291651,-0.6401144292853873
319,1556078400,25,69,44,94,17,-0.8717527765828325,-1.2395211206715195
319,1556092800,152,631,479,783,17,0.2723405520694446,-0.4265462971182811
319,1556107200,661,1913,1252,2574,17,2.3054075475825715,1.6867162703473937
319,1556121600,536,1028,492,1564,17,0.30653184694870805,0.4949824941663041
319,1556136000,1055,1154,99,2209,17,-0.7270972982474871,1.256040202717594
319,1556150400,304,427,123,731,17,-0.6639749077011546,-0.4879028875751293
319,1556164800,25,45,20,70,17,-0.9348751671291651,-1.2678395470362187
319,1556179200,147,594,447,741,17,0.18817736467433455,-0.4761035432565046
319,1556193600,678,1879,1201,2557,17,2.171272467671615,1.6666573850057318
319,1556208000,521,1050,529,1571,17,0.40384553237430404,0.5032420351893413
319,1556222400,956,1226,270,2182,17,-0.27735026560486786,1.2241819730573074
319,1556236800,296,366,70,662,17,-0.8033701868243056,-0.5693183633736394
319,1556251200,37,81,44,118,17,-0.8717527765828325,-1.2112026943068204
319,1556265600,134,563,429,697,17,0.14083557176458514,-0.5280206582584531
319,1556280000,623,1746,1123,2369,17,1.966124698396034,1.4448297118155884
319,1556294400,514,1060,546,1574,17,0.44855722567795625,0.5067818384849287
319,1556308800,883,1228,345,2111,17,-0.08009279514757871,1.1404066283950725
319,1556323200,258,276,18,534,17,-0.9401353663413594,-0.7203499706520349
319,1556337600,43,83,40,126,17,-0.8822731750072212,-1.2017632188519207
319,1556352000,41,216,175,257,17,-0.5272097281841008,-1.0471918082779377
319,1556366400,231,926,695,1157,17,0.8404420669864373,0.014749180398280813
319,1556380800,387,975,588,1362,17,0.5590214091340382,0.2566357389300861
319,1556395200,419,902,483,1321,17,0.28286095049383336,0.20825842722372506
319,1556409600,234,374,140,608,17,-0.6192632143975024,-0.6330348226942125
319,1556424000,54,106,52,160,17,-0.850711979734055,-1.1616454481685967
319,1556438400,38,162,124,200,17,-0.6613448080950574,-1.1144480708940983
319,1556452800,198,678,480,876,17,0.2749706516755418,-0.31681239495507185
319,1556467200,350,807,457,1157,17,0.21447836073530643,0.014749180398280813
319,1556481600,312,690,378,1002,17,0.006700491853628524,-0.16814065654040125
319,1556496000,140,189,49,329,17,-0.8586022785523466,-0.9622365291838402
319,1556510400,19,46,27,65,17,-0.9164644698864847,-1.273739219195531
319,1556524800,189,694,505,883,17,0.3407231418279715,-0.3085528539320346
319,1556539200,652,1961,1309,2613,17,2.4553232251301114,1.7327337131900298
319,1556553600,780,1198,418,1978,17,0.11190447609751607,0.9834753489573645
319,1556568000,1401,1294,-107,2695,17,-1.268897817103508,1.829488336602752
319,1556582400,447,250,-197,697,18,-1.2894332462876166,-0.6595313665553831
319,1556596800,38,71,33,109,18,-0.775086912755867,-1.2350511937152624
319,1556611200,184,745,561,929,18,0.4056733659604968,-0.432455516383458
319,1556625600,715,2111,1396,2826,18,2.2729741855214134,1.4242810688585337
319,1556640000,857,1297,440,2154,18,0.13508246875466343,0.7665441235329573
319,1556654400,1536,1672,136,3208,18,-0.5447492068699097,1.7981732014692036
319,1556668800,541,354,-187,895,18,-1.2670703622210187,-0.46573387373624014
319,1556683200,39,58,19,97,18,-0.806394950449104,-1.2467964963103622
319,1556697600,183,675,492,858,18,0.251369465900972,-0.5019485567377971
319,1556712000,696,2078,1382,2774,18,2.2416661478281763,1.3733847576131022
319,1556726400,801,1206,405,2007,18,0.05681237452157113,0.6226641667429874
319,1556740800,1451,1543,92,2994,18,-0.6431458967629401,1.5887153051899277
319,1556755200,521,312,-209,833,18,-1.3162687071675339,-0.5264179371442547
319,1556769600,53,69,16,122,18,-0.8131038156690833,-1.2223271159039046
319,1556784000,183,725,542,908,18,0.36318388623396103,-0.4530097959248823
319,1556798400,681,2036,1355,2717,18,2.1812863608483624,1.3175945702863792
319,1556812800,809,1495,686,2304,18,0.6852094167929693,0.913360405971702
319,1556827200,1489,1653,164,3142,18,-0.4821331314834359,1.7335740371961559
319,1556841600,576,410,-166,986,18,-1.2201083056811632,-0.376665329056735
319,1556856000,50,78,28,128,18,-0.786268354789166,-1.2164544646063549
319,1556870400,172,544,372,716,18,-0.016985142898201615,-0.6409346374464755
319,1556884800,682,1968,1286,2650,18,2.0269824607888376,1.252016630797073
319,1556899200,902,1314,412,2216,18,0.0724663933681896,0.8272281869409718
319,1556913600,1147,1427,280,2574,18,-0.2227236763109014,1.1776297143614425
319,1556928000,388,327,-61,715,18,-0.9852980229818864,-0.6419134126627338
319,1556942400,62,108,46,170,18,-0.74601516346929,-1.1753459055235063
319,1556956800,46,231,185,277,18,-0.4351710749435805,-1.0706169573838684
319,1556971200,246,1095,849,1341,18,1.0497244270785135,-0.029200127285039155
319,1556985600,430,1201,771,1631,18,0.8752939313590506,0.2546446854298673
319,1557000000,492,986,494,1478,18,0.25584204271429156,0.10489207734234769
319,1557014400,240,356,116,596,18,-0.5894749750031053,-0.7583876633974713
319,1557028800,91,140,49,231,18,-0.7393062982493106,-1.1156406173317501
319,1557043200,33,127,94,160,18,-0.6386733199496205,-1.1851336576860894
319,1557057600,209,728,519,937,18,0.3117492528807861,-0.4246253146533916
319,1557072000,302,1005,703,1307,18,0.7232263197061856,-0.06247848463782129
319,1557086400,336,546,210,882,18,-0.379263864777086,-0.478457951547598
319,1557100800,129,215,86,344,18,-0.6565636272028987,-1.0050390178945625
319,1557115200,29,50,21,79,18,-0.8019223736357844,-1.2644144502030115
319,1557129600,175,701,526,876,18,0.3274032717274045,-0.4843306028451478
319,1557144000,636,1985,1349,2621,18,2.1678686304084036,1.2236321495255824
319,1557158400,796,1331,535,2127,18,0.34752986738734254,0.7401171926939832
319,1557172800,1423,1536,113,2959,18,-0.5961838402230847,1.5544581726208873
319,1557187200,563,314,-249,877,19,-1.388610708611596,-0.48868248822660165
319,1557201600,59,62,3,121,19,-0.7774302811177243,-1.2286627622583177
319,1557216000,179,692,513,871,19,0.4594824888103493,-0.4945553475443137
319,1557230400,744,2073,1329,2817,19,2.438542920695267,1.4102086911669556
319,1557244800,839,1341,502,2180,19,0.43280397808641047,0.7867067936031947
319,1557259200,1504,1683,179,3187,19,-0.3505741095347028,1.7723683490925308
319,1557273600,596,311,-285,907,19,-1.4759221982535777,-0.4593181916380415
319,1557288000,68,72,4,140,19,-0.7750049619610025,-1.2100653744188963
319,1557302400,291,752,461,1043,19,0.33336589266082023,-0.3262000471032354
319,1557316800,982,2033,1051,3015,19,1.764304195126631,1.6040130486514526
319,1557331200,721,1277,556,1998,19,0.563771212549383,0.6085633942992631
319,1557345600,1416,1686,270,3102,19,-0.12987006627302694,1.689169508758277
319,1557360000,626,328,-298,954,19,-1.5074513472909599,-0.4133141269826306
319,1557374400,55,91,36,146,19,-0.6973947489459078,-1.2041925151011843
319,1557388800,305,715,410,1020,19,0.20967461566801288,-0.34871267448779825
319,1557403200,1042,2121,1079,3163,19,1.8322131315148389,1.7488769118216827
319,1557417600,831,1371,540,2202,19,0.5249661060418356,0.8082406111014722
319,1557432000,1548,1649,101,3197,19,-0.5397490037589965,1.7821564479553842
319,1557446400,574,354,-220,928,19,-1.3182764530666664,-0.4387631840260494
319,1557460800,76,63,-13,139,19,-0.8162353876252717,-1.2110441843051816
319,1557475200,198,591,393,789,19,0.16844419000374375,-0.5748177582197115
319,1557489600,684,2095,1411,2779,19,2.6374190915464477,1.3730139154881127
319,1557504000,858,1131,273,1989,19,-0.1225941088028618,0.599754105322695
319,1557518400,1081,1440,359,2521,19,0.08598333867520552,1.1204809648264953
319,1557532800,399,424,25,823,19,-0.7240732596698466,-0.54153822208601
319,1557547200,73,101,28,174,19,-0.7167973021996815,-1.1767858382851948
319,1557561600,68,252,184,320,19,-0.3384475137510943,-1.0338795948875354
319,1557576000,319,919,600,1238,19,0.6704852554451384,-0.1353321192775944
319,1557590400,455,1013,558,1468,19,0.5686218508628265,0.08979415456803352
319,1557604800,512,986,474,1498,19,0.3648950416982025,0.11915845115659368
319,1557619200,313,284,-29,597,19,-0.8550404941328191,-0.7627492563864965
319,1557633600,66,102,36,168,19,-0.6973947489459078,-1.1826586976029068
319,1557648000,144,164,20,308,19,-0.7361998554534552,-1.0456253135229594
319,1557662400,204,550,346,754,19,0.05445418963782325,-0.6090761042396984
319,1557676800,270,670,400,940,19,0.18542142410079576,-0.42701746539062535
319,1557691200,264,592,328,856,19,0.010798444816832415,-0.5092374958385938
319,1557705600,270,191,-79,461,19,-0.9763064519689048,-0.8958674009213026
319,1557720000,34,36,2,70,19,-0.779855600274446,-1.27858206645887
319,1557734400,173,693,520,866,19,0.4764597229074013,-0.4994493969757404
319,1557748800,668,1862,1194,2530,19,2.111124834537836,1.1292902538030634
319,1557763200,761,1236,475,1997,19,0.36732036085492425,0.6075845844129777
319,1557777600,1274,1376,102,2650,19,-0.5373236846022748,1.246747440157304
319,1557792000,492,233,-259,725,20,-1.4614654369362912,-0.6117861990143918
319,1557806400,45,46,1,91,20,-0.8436101302640381,-1.280367127659029
319,1557820800,195,658,463,853,20,0.2542712223612734,-0.47680456042367647
319,1557835200,695,2079,1384,2774,20,2.4429048279195245,1.548974562488544
319,1557849600,795,1225,430,2020,20,0.17585112574517975,0.7538483476651113
319,1557864000,1332,1399,67,2731,20,-0.6867699370318507,1.5036291682744756
319,1557878400,494,272,-222,766,20,-1.3735398740637015,-0.5685498929033033
319,1557892800,57,68,11,125,20,-0.8198464646227975,-1.2445126299083702
319,1557907200,186,697,511,883,20,0.36833681743922786,-0.44516823887897755
319,1557921600,709,1923,1214,2632,20,2.0389225120184356,1.3992293071769693
319,1557936000,775,1312,537,2087,20,0.4301223481064532,0.8245027991149388
319,1557950400,1402,1536,134,2938,20,-0.5275533772355393,1.7219197869328982
319,1557964800,447,369,-78,816,20,-1.031343088829838,-0.5158226903288051
319,1557979200,60,65,5,125,20,-0.8341046640075418,-1.2445126299083702
319,1557993600,178,667,489,845,20,0.3160567530284988,-0.48524091283559617
319,1558008000,707,2002,1295,2709,20,2.231408203712484,1.4804291991416965
319,1558022400,859,1391,532,2250,20,0.41824051528583295,0.996393479507803
319,1558036800,1264,1622,358,2886,20,0.004752733128248102,1.66708349625542
319,1558051200,477,339,-138,816,20,-1.1739250826772811,-0.5158226903288051
319,1558065600,57,63,6,120,20,-0.8317282974434178,-1.2497853501658198
319,1558080000,183,598,415,781,20,0.140205627283319,-0.5527317321309538
319,1558094400,670,1936,1266,2606,20,2.162493573352886,1.37181116183823
319,1558108800,775,1172,397,1947,20,0.09743102912908608,0.6768666319063439
319,1558123200,1034,1232,198,2266,20,-0.37546591713160005,1.0132661843316424
319,1558137600,353,361,8,714,20,-0.8269755643151697,-0.6233861835807815
319,1558152000,64,98,34,162,20,-0.7651900336479444,-1.2054945000032415
319,1558166400,73,225,152,298,20,-0.48477877908130634,-1.0620765090006064
319,1558180800,270,942,672,1212,20,0.7509318342632001,-0.09822324593877946
319,1558195200,415,1273,858,1688,20,1.1929360151902735,0.4037397225704433
319,1558209600,464,882,418,1346,20,0.14733472697569114,0.0430856569608757
319,1558224000,257,409,152,666,20,-0.48477877908130634,-0.6740042980522997
319,1558238400,66,107,41,173,20,-0.748555467699076,-1.1938945154368519
319,1558252800,32,140,108,172,20,-0.5893389079027646,-1.1949490594883418
319,1558267200,266,777,511,1043,20,0.36833681743922786,-0.2764411906405833
319,1558281600,364,922,558,1286,20,0.48002604595305826,-0.02018698612852213
319,1558296000,355,612,257,967,20,-0.23526028984828104,-0.35658653855382055
319,1558310400,174,236,62,410,20,-0.6986517698524709,-0.9439675752337304
319,1558324800,29,52,23,81,20,-0.7913300658533089,-1.2909125681739284
319,1558339200,178,629,451,807,20,0.22575482359178484,-0.5253135867922147
319,1558353600,687,1942,1255,2629,20,2.1363535411475216,1.3960656750224993
319,1558368000,781,1117,336,1898,20,-0.04752733128248102,0.6251939733833357
319,1558382400,1216,1256,40,2472,20,-0.7509318342632001,1.230502258938575
319,1558396800,427,272,-155,699,21,-1.1658583206340414,-0.418738838527651
319,1558411200,39,55,16,94,21,-0.7399562820995567,-1.0902645988714337
319,1558425600,193,632,439,825,21,0.3135908658541684,-0.2788838867866318
319,1558440000,699,2029,1330,2728,21,2.5327646455864827,1.8333698684765392
319,1558454400,764,1292,528,2056,21,0.535259178307789,1.0874767925244366
319,1558468800,1337,1569,232,2906,21,-0.20197475974020773,2.03094273680909
319,1558483200,442,317,-125,759,21,-1.0911386647507983,-0.352141242460499
319,1558497600,55,48,-7,103,21,-0.797241351610043,-1.0802749594613608
319,1558512000,195,666,471,861,21,0.3932918321296275,-0.2389253291463406
319,1558526400,726,2108,1382,2834,21,2.662278715784104,1.9510256215285076
319,1558540800,701,1349,648,2050,21,0.8341378018407607,1.0808170329177216
319,1558555200,1376,1512,136,2888,21,-0.44107765856658504,2.0109634579889444
319,1558569600,408,335,-73,743,21,-0.9616245945531774,-0.3699006014117395
319,1558584000,62,56,-6,118,21,-0.7947506964139348,-1.0636255604445728
319,1558598400,201,373,172,574,21,-0.35141407150669357,-0.5574838303342177
319,1558612800,748,2400,1652,3148,21,3.3347556187332903,2.299553040946603
319,1558627200,626,1221,595,1847,21,0.7021330764470315,0.8554951662238572
319,1558641600,1074,1285,211,2359,21,-0.2542785188584778,1.4237946526635543
319,1558656000,341,304,-37,645,21,-0.8719610074932859,-0.4786766749880878
319,1558670400,46,88,42,134,21,-0.6751992470007462,-1.0458662014933322
319,1558684800,190,593,403,783,21,0.22392727879427687,-0.3255022040336382
319,1558687225,125,138,13,263,21,-0.747428247687881,-0.9026813699489555
319,1558699200,468,1645,1177,2113,21,2.151694400581944,1.150744508788231
319,1558713600,624,1104,480,1728,21,0.41570772889460034,0.7234099340240058
319,1558728000,881,1082,201,1963,21,-0.27918507081955873,0.9842505186203511
319,1558742400,303,284,-19,587,21,-0.8271292139633402,-0.5430543511863347
319,1558756800,47,122,75,169,21,-0.593007625529179,-1.0070176037874936
319,1558771200,58,216,158,274,21,-0.3862832442522069,-0.8904718106699776
319,1558785600,243,737,494,980,21,0.4505769016401137,-0.10684009694648913
319,1558800000,370,875,505,1245,21,0.4779741087973028,0.1872992856834322
319,1558814400,407,682,275,1089,21,-0.09487658630755956,0.014145535908837001
319,1558828800,216,309,93,525,21,-0.5481758319992333,-0.6118718671223918
319,1558843200,55,79,24,134,21,-0.7200310405306919,-1.0458662014933322
319,1558857600,38,128,90,166,21,-0.5556477975875576,-1.0103474835908512
319,1558872000,215,523,308,738,21,-0.012684964835992348,-0.3754504010840022
319,1558886400,298,749,451,1047,21,0.34347872820746556,-0.0324727813381694
319,1558900800,328,502,174,830,21,-0.34643276111447735,-0.27333408711436913
319,1558915200,136,202,66,338,21,-0.6154235222941519,-0.8194343748650155
319,1558929600,30,84,54,114,21,-0.645311384647449,-1.068065400182383
319,1558944000,36,152,116,188,21,-0.490890762488747,-0.9859283650328955
319,1558958400,224,516,292,740,21,-0.0525354479737219,-0.3732304812150971
319,1558972800,308,724,416,1032,21,0.25630579634368217,-0.0491221803549574
319,1558987200,348,514,166,862,21,-0.3663580026833421,-0.23781536921188806
319,1559001600,163,225,62,388,22,-0.7713673838875816,-0.909953088055035
319,1559016000,29,62,33,91,22,-0.8381424708509841,-1.2411209341566238
319,1559027897,89,170,81,259,22,-0.7276181889805248,-1.0537936676749171
319,1559030400,109,648,539,757,22,0.3269676672001092,-0.4985021277470005
319,1559044800,666,1774,1108,2440,22,1.6371409252061806,1.3781156668286694
319,1559059200,567,1066,499,1633,22,0.23486409897472635,0.47827576176475645
319,1559073600,1112,1250,138,2362,22,-0.5963706042593542,1.2911422931050198
319,1559088000,352,269,-83,621,22,-1.1052428187045946,-0.6501480101369536
319,1559102400,39,38,-1,77,22,-0.9164305038425596,-1.2567315396967662
319,1559116800,170,628,458,798,22,0.1404579415437089,-0.45278535437944106
319,1559131200,665,1875,1210,2540,22,1.872005024180907,1.4896199921153996
319,1559145600,694,1197,503,1891,22,0.2440744557972646,0.7659569210045204
319,1559160000,1128,1393,265,2521,22,-0.30394177514376347,1.468434170310921
319,1559174400,338,298,-40,636,22,-1.006231482862308,-0.633422361343944
319,1559188800,44,59,15,103,22,-0.8795890765524065,-1.2277404151222162
319,1559203200,170,650,480,820,22,0.19111490406766948,-0.4282544028163604
319,1559217600,696,1880,1184,2576,22,1.812137704834408,1.5297615492186225
319,1559232000,684,1271,587,1955,22,0.43749194907056865,0.8373196891880278
319,1559246400,1168,1411,243,2579,22,-0.3545987376677241,1.5331066789772245
319,1559260800,368,265,-103,633,22,-1.151294602817286,-0.6367674911025459
319,1559275200,54,73,19,127,22,-0.8703787197298681,-1.200979377053401
319,1559289600,151,623,472,774,22,0.1726941904225929,-0.47954639244825636
319,1559304000,653,1787,1134,2440,22,1.6970082445526795,1.3781156668286694
319,1559318400,552,1146,594,1698,22,0.45361007351001065,0.550753573201131
319,1559332800,979,1311,332,2290,22,-0.14966829836624718,1.210859178898574
319,1559347200,339,375,36,714,22,-0.8312347032340804,-0.5464489876202945
319,1559361600,79,136,57,215,22,-0.7828803299157544,-1.1028555708010783
319,1559376000,49,217,168,266,22,-0.5272929280903169,-1.045988364904846
319,1559390400,282,873,591,1155,22,0.44670230589310694,-0.054714913105814125
319,1559404800,396,1164,768,1560,22,0.8542605952904262,0.39687760430544333
319,1559419200,430,932,502,1362,22,0.24177186659163005,0.17609904023771747
319,1559433600,223,390,167,613,22,-0.5295955172959516,-0.659068356159892
319,1559448000,83,132,49,215,22,-0.801301043560831,-1.1028555708010783
319,1559462400,28,134,106,162,22,-0.6700534588396604,-1.1619528632030454
319,1559476800,279,684,405,963,22,0.018420713645076574,-0.2688032176563362
319,1559491200,460,1146,686,1606,22,0.6654482804283913,0.44816959393733924
319,1559505600,407,742,335,1149,22,-0.14276053074934347,-0.06140517262301794
319,1559520000,183,269,86,452,22,-0.7161052429523519,-0.8385903198715277
319,1559534400,35,67,32,102,22,-0.8404450600566188,-1.2288554583750835
319,1559548800,204,805,601,1009,22,0.4697281979494527,-0.21751122802444028
319,1559563200,518,2618,2100,3136,22,3.921309417195676,2.154185770824312
319,1559577600,585,1085,500,1670,22,0.2371666881803609,0.5195323621208466
319,1559592000,1132,1285,153,2417,22,-0.5618317661748355,1.3524696720127216
319,1559606400,355,302,-53,657,23,-1.1399526952049144,-0.6494481833438495
319,1559620800,40,69,29,109,23,-0.9186575550050539,-1.2791166355887646
319,1559635200,166,630,464,796,23,0.25528617654298646,-0.48973301023793125
319,1559649600,670,1913,1243,2583,23,2.3575900084416612,1.563583639692111
319,1559664000,667,1211,544,1878,23,0.4711838742989479,0.7535174739390725
319,1559678400,1168,1473,305,2641,23,-0.17381049774698687,1.6302273809881056
319,1559692800,399,336,-63,735,23,-1.1669399074244096,-0.5598238416009601
319,1559707200,53,80,27,133,23,-0.9240549974489529,-1.2515399150524908
319,1559721600,199,640,441,839,23,0.19321558843814757,-0.44032471927710765
319,1559736000,669,1928,1259,2597,23,2.4007695479928532,1.5796700600049374
319,1559750400,650,1198,548,1848,23,0.481978759186746,0.7190465732687304
319,1559764800,1199,1501,302,2700,23,-0.18190666141283543,1.698020152306445
319,1559779200,377,370,-7,747,23,-1.0158115189952366,-0.5460354813328233
319,1559793600,40,69,29,109,23,-0.9186575550050539,-1.2791166355887646
319,1559808000,188,739,551,927,23,0.4900749228525946,-0.3392100773107709
319,1559822400,718,1982,1264,2700,23,2.414263154102601,1.698020152306445
319,1559836800,673,1246,573,1919,23,0.549446789735484,0.8006277048552067
319,1559851200,1193,1491,298,2684,23,-0.1927015463006335,1.6796356719489294
319,1559865600,363,384,21,747,23,-0.94024732478065,-0.5460354813328233
319,1559880000,43,93,50,136,23,-0.861984409344114,-1.2480928249854566
319,1559894400,165,673,508,838,23,0.37402991030876526,-0.4414737492994524
319,1559908800,636,1722,1086,2358,23,1.9338907765955866,1.3050518846645456
319,1559923200,568,1119,551,1687,23,0.4900749228525946,0.534052739671228
319,1559937600,919,1177,258,2096,23,-0.3006503951786142,1.0040060188102249
319,1559952000,331,340,9,671,23,-0.9726319794440442,-0.6333617630310232
319,1559966400,63,152,89,215,23,-0.7567342816880828,-1.1573194532202227
319,1559980800,56,230,174,286,23,-0.5273429778223737,-1.0757383216337464
319,1559995200,307,870,563,1177,23,0.5224595775159888,-0.051952571724587046
319,1560009600,391,993,602,1384,23,0.62770970517202,0.1858966429007732
319,1560024000,470,856,386,1326,23,0.044785921230924085,0.11925290160477854
319,1560038400,306,322,16,628,23,-0.9537409308903976,-0.6827700539918469
319,1560052800,57,133,76,190,23,-0.7918176575734265,-1.186045203778841
319,1560067200,44,146,102,190,23,-0.721650905802739,-1.186045203778841
319,1560081600,267,661,394,928,23,0.06637569100652023,-0.3380610472884262
319,1560096000,357,940,583,1297,23,0.5764340019549792,0.08593103095678122
319,1560110400,375,636,261,1011,23,-0.29255423151276566,-0.24269155543381313
319,1560124800,207,248,41,455,23,-0.8862729003416596,-0.8815522478574861
319,1560139200,36,59,23,95,23,-0.9348498823367509,-1.2952030559015908
319,1560153600,187,575,388,762,23,0.05018336367482312,-0.5288000309976523
319,1560168000,702,1802,1100,2504,23,1.97167287370288,1.4728102679268769
319,1560182400,566,1046,480,1612,23,0.29846571609417877,0.4478754879953729
319,1560196800,1069,1069,0,2138,23,-0.9969204704415898,1.0522652797487038
319,1560211200,314,248,-66,562,24,-1.1079090394900541,-0.9261395983158924
319,1560225600,45,60,15,105,24,-0.9199377379741993,-1.3893360923573292
319,1560240000,184,655,471,839,24,0.13827107055950225,-0.6453837365008421
319,1560254400,745,2097,1352,2842,24,2.18274905371343,1.3847750765516695
319,1560268800,644,1269,625,1913,24,0.4956486067748313,0.44317870244993046
319,1560283200,1308,1557,249,2865,24,-0.37690953359506296,1.40808693511393
319,1560297600,447,285,-162,732,24,-1.330689841286623,-0.7538345567687497
319,1560312000,67,59,-8,126,24,-0.9733123050712938,-1.3680513519309174
319,1560326400,211,682,471,893,24,0.13827107055950225,-0.5906515468329262
319,1560340800,743,2056,1313,2799,24,2.092244352983574,1.3411920366309216
319,1560355200,687,1381,694,2068,24,0.6557723080661151,0.6002803579782077
319,1560369600,1244,1517,273,2761,24,-0.3212143331459208,1.3026767920497957
319,1560384000,440,434,-6,874,24,-0.9686710383671987,-0.6099091691234892
319,1560398400,61,48,-13,109,24,-0.9849154718315318,-1.3852818560856317
319,1560412800,185,546,361,731,24,-0.11699859816573276,-0.754848115836674
319,1560427200,696,1638,942,2334,24,1.2312893793739175,0.86988707004609
319,1560441600,663,1285,622,1948,24,0.4886867067186885,0.4786532698272834
319,1560456000,1224,1442,218,2666,24,-0.44884916750853826,1.2063886805969806
319,1560470400,377,351,-26,728,24,-1.0150837054081505,-0.7578887930404471
319,1560484800,64,83,19,147,24,-0.9106552045660089,-1.3467666115045056
319,1560499200,164,592,428,756,24,0.03848383642145584,-0.7295091391385649
319,1560513600,687,1826,1139,2513,24,1.688454149727293,1.051314143204552
319,1560528000,612,1301,689,1913,24,0.6441691413058771,0.44317870244993046
319,1560542400,960,1234,274,2194,24,-0.31889369979387316,0.7279888005366782
319,1561161600,8811,9683,872,18494,25,1.965664390720094,4.070840933455228
319,1561176000,67,99,32,166,25,-1.2130356721342181,-0.43225965571111524
319,1561190400,52,258,206,310,25,-0.5545906591143964,-0.3968795550541994
319,1561204800,312,797,485,1109,25,0.5011918617622143,-0.20056913543700666
319,1561219200,412,1045,633,1457,25,1.061248539503212,-0.11506722551612672
319,1561233600,457,818,361,1275,25,0.03195518581705398,-0.15978374162417314
319,1561248000,300,410,110,710,25,-0.9178706662977464,-0.2986014976738776
319,1561262400,71,140,69,211,25,-1.073021502698969,-0.42120337425582904
319,1561276800,40,198,158,238,25,-0.7362306627060714,-0.4145696053826573
319,1561291200,236,656,420,892,25,0.25522102356515447,-0.2538849815658312
319,1561305600,335,896,561,1231,25,0.7887885341156997,-0.17059432793600854
319,1561320000,337,647,310,984,25,-0.16103731799910068,-0.23128102836835723
319,1561334400,197,318,121,515,25,-0.8762448321413209,-0.3465120506467845
319,1561348800,36,76,40,112,25,-1.1827623382022725,-0.44552719345745867
319,1561363200,177,588,411,765,25,0.22116352289171543,-0.2850882647840834
319,1561377600,689,1593,904,2282,25,2.086757726447877,0.08763126783078694
319,1561392000,557,1083,526,1640,25,0.6563426981634367,-0.0701050142646295
319,1561406400,1069,1196,127,2265,25,-0.8535398316923615,0.08345445039212326
319,1561420800,366,332,-34,698,26,-1.07215255926896,-0.5961338965246274
319,1561435200,38,70,32,108,26,-0.9110157725473402,-1.2611288526730144
319,1561449600,175,691,516,866,26,0.270653996744539,-0.40677940053661216
319,1561464000,739,1979,1240,2718,26,2.0382757177513997,1.6806284957122228
319,1561478400,561,1144,583,1705,26,0.43423224993163795,0.5388659693082973
319,1561492800,1069,1354,285,2423,26,-0.2933247567811306,1.3481310176380292
319,1561507200,352,314,-38,666,26,-1.0819184251308764,-0.6322014195699637
319,1561521600,61,77,16,138,26,-0.9500792359950057,-1.2273155498180117
319,1561536000,182,660,478,842,26,0.17787827105633358,-0.4338300428206144
319,1561550400,770,2397,1627,3167,26,2.9831232398918073,2.186700928442097
319,1561564800,597,1185,588,1782,26,0.4464395822590334,0.6256534466361378
319,1561579200,1113,1393,280,2506,26,-0.3055320891085261,1.4416811555368703
319,1561593600,358,393,35,751,26,-0.9036913731509029,-0.5363970614807893
319,1561608000,53,82,29,135,26,-0.9183401719437775,-1.2306968801035119
319,1561622400,155,685,530,840,26,0.3048345272612462,-0.4360842630109479
319,1561636800,730,2167,1437,2897,26,2.5192446114507803,1.8823812027470723
319,1561651200,605,1180,575,1785,26,0.41470051820780524,0.629034776921638
319,1561665600,1157,1306,149,2463,26,-0.6253641960862868,1.3932154214446997
319,1561680000,397,440,43,837,26,-0.8841596414270702,-0.43946559329644813
319,1561694400,68,78,10,146,26,-0.9647280347878802,-1.2182986690566777
319,1561708800,140,634,494,774,26,0.216941734503999,-0.5104735292919539
319,1561723200,655,1887,1232,2542,26,2.018743986027567,1.4822571189628735
319,1561737600,565,1174,609,1739,26,0.49771037803409424,0.5771877125439672
319,1561752000,933,1337,404,2270,26,-0.0027902473891190187,1.1756831730775155
319,1561766400,299,383,84,682,26,-0.7840595163424275,-0.6141676580472956
319,1561780800,62,131,69,193,26,-0.8206815133246139,-1.16532449458384
319,1561795200,53,321,268,374,26,-0.33482968669427515,-0.9613175673586569
319,1561809600,292,921,629,1213,26,0.5465397073436761,-0.01567219751374732
319,1561824000,408,955,547,1363,26,0.34633945717439074,0.1533943167612663
319,1561838400,427,809,382,1236,26,-0.05650250962965898,0.010251334675088104
319,1561852800,232,364,132,596,26,-0.6668691259994313,-0.7110991262316367
319,1561867200,46,85,39,131,26,-0.8939255072889866,-1.235205320484179
319,1561881600,40,130,90,170,26,-0.769410717549553,-1.1912480267726755
319,1561896000,289,609,320,898,26,-0.20787343048936252,-0.37071187749127593
319,1561910400,360,906,546,1266,26,0.34389799070891164,0.04406463753009083
319,1561924800,292,647,355,939,26,-0.12242210419759439,-0.3245003635894389
319,1561939200,206,333,127,539,26,-0.6790764583268267,-0.7753444016561419
319,1561953600,38,89,51,127,26,-0.8646279097032374,-1.239713760864846
319,1561968000,151,657,506,808,26,0.24623933208974808,-0.4721517860562841
319,1561982400,624,1810,1186,2434,26,1.906436528615529,1.3605292286848636
319,1561996800,548,1047,499,1595,26,0.22914906683139444,0.41488385883995405
319,1562011200,1051,1117,66,2168,26,-0.8280059127210512,1.060717943370506
319,1562025600,300,394,94,694,27,-0.6343607576314626,-0.3255501780825168
319,1562040000,53,62,9,115,27,-0.9225664468372049,-1.1844686056747078
319,1562054400,144,680,536,824,27,0.8643088262383973,-0.1327014810410922
319,1562063284,311,1367,1056,1678,27,2.627449513144115,1.134166113369497
319,1562068800,644,563,-81,1207,27,-1.2277254118785792,0.4354604494732586
319,1562083200,587,1041,454,1628,27,0.5862751025340341,1.0599935375843335
319,1562097600,1161,1335,174,2496,27,-0.36310834426135224,2.3476294532147683
319,1562112000,375,331,-44,706,27,-1.102271170694903,-0.3077487598940776
319,1562126400,56,84,28,140,27,-0.8581439986618037,-1.147382317782126
319,1562140800,140,614,474,754,27,0.6540882058765618,-0.23654308714032082
319,1562155200,619,1793,1174,2412,27,3.027546822865028,2.223019525895694
319,1562169600,644,1179,535,1823,27,0.8609181710712709,1.3492665831464703
319,1562184000,868,1150,282,2018,27,0.0030824137882967968,1.6385396287086071
319,1562198400,265,311,46,576,27,-0.7971122056535289,-0.5005974569355022
319,1562212800,40,82,42,122,27,-0.8106748263220344,-1.174084445064785
319,1562227200,45,141,96,186,27,-0.6275794472972099,-1.0791435480597757
319,1562241600,239,473,234,712,27,-0.15966903423376944,-0.298848050799858
319,1562256000,292,582,290,874,27,0.030207655125307837,-0.058528905255928916
319,1562270400,301,538,237,839,27,-0.1494970687323903,-0.11044970830554322
319,1562284800,205,352,147,557,27,-0.4546560337737645,-0.5287830357338642
319,1562299200,37,101,64,138,27,-0.736080412645254,-1.1503492208135326
319,1562313600,90,341,251,431,27,-0.10202789639262098,-0.7156979267124757
319,1562328000,316,1017,701,1333,27,1.42376692881425,0.6223753404518702
319,1562342400,403,865,462,1268,27,0.6134003438710453,0.5259509919311578
319,1562356800,570,758,188,1328,27,-0.3156391719215829,0.6149580828733537
319,1562371200,263,299,36,562,27,-0.8310187573247927,-0.5213657781553479
319,1562385600,65,113,48,178,27,-0.7903308953192761,-1.091011160185402
319,1562400000,55,186,131,241,27,-0.5089065164477866,-0.9975537146960962
319,1562414400,228,664,436,892,27,0.5252433095257594,-0.03182677797327013
319,1562428800,319,788,469,1107,27,0.6371349300409299,0.28711529790293205
319,1562443200,404,682,278,1086,27,-0.010480206880208724,0.25596281607316346
319,1562457600,218,277,59,495,27,-0.7530336884808859,-0.6207570297074667
319,1562472000,50,99,49,149,27,-0.7869402401521497,-1.1340312541407966
319,1562486400,43,111,68,154,27,-0.7225177919767485,-1.1266139965622803
319,1562500800,210,546,336,756,27,0.18617779281312133,-0.2335761841089143
319,1562515200,293,664,371,957,27,0.3048507236625446,0.06459757054744215
319,1562529600,370,513,143,883,27,-0.46821865444227,-0.04517784161459952
319,1562544000,210,254,44,464,27,-0.8038935159877817,-0.6667440266942679
319,1562558400,34,59,25,93,27,-0.8683159641631829,-1.2171045390201796
319,1562572436,160,264,104,424,27,-0.6004542059601988,-0.7260820873223985
319,1562572800,116,637,521,753,27,0.8134489987315017,-0.23802653865602408
319,1562587200,650,1757,1107,2407,27,2.8003729266675603,2.2156022683171774
319,1562601600,502,1073,571,1575,27,0.9829817570878207,0.9813706072520605
319,1562616000,1017,1140,123,2157,27,-0.5360317577847976,1.8447393893913613
319,1562630400,289,292,3,581,28,-0.9511417523791967,-0.6526352700993843
319,1562644800,44,50,6,94,28,-0.942510361452102,-1.2790152589930224
319,1562659200,173,688,515,861,28,0.521948965844966,-0.292498931515773
319,1562673600,695,1903,1208,2598,28,2.5158002700038424,1.941632568911844
319,1562688000,561,1195,634,1756,28,0.8643274726197224,0.8586511507425559
319,1562702400,1087,1296,209,2383,28,-0.3584529087186938,1.6650993089279997
319,1562716800,350,312,-38,662,28,-1.069104095049491,-0.5484529721519824
319,1562731200,45,126,81,171,28,-0.7267255882747344,-1.1799777658825295
319,1562744641,118,198,80,316,28,-0.729602718583766,-0.9934785905445878
319,1562745600,130,634,504,764,28,0.49030053244561866,-0.41726044881080976
319,1562748950,165,523,358,688,28,0.0702395073270098,-0.5150117407120757
319,1562760000,703,1230,527,1933,28,0.5564745295533448,1.0863087647757674
319,1562774400,647,936,289,1583,28,-0.12828248399616834,0.6361383415462533
319,1562788800,1181,1275,94,2456,28,-0.6893228942573241,1.7589919972015842
319,1562803200,384,315,-69,699,28,-1.1582951346294696,-0.5008635274105766
319,1562817600,47,51,4,98,28,-0.9482646220701652,-1.2738704541561137
319,1562832000,179,565,386,744,28,0.1507991559798937,-0.44298447299535343
319,1562846400,682,1617,935,2299,28,1.7303436956382243,1.5570584073529163
319,1562860800,593,1058,465,1651,28,0.3780924503933875,0.7236000237737017
319,1562875200,1033,1206,173,2239,28,-0.4620295998438302,1.4798863347992854
319,1562889600,266,294,28,560,28,-0.8792134946534075,-0.6796454954931551
319,1562904000,50,50,0,100,28,-0.9597731433062914,-1.2712980517376593
319,1562918400,159,506,347,665,28,0.03859107392766256,-0.5445943685243009
319,1562920232,101,74,-27,175,28,-1.0374556616501438,-1.1748329610456205
319,1562925518,297,288,-9,585,28,-0.9856673160875755,-0.6474904652624756
319,1562932800,373,1522,1149,1895,28,2.3460495817709797,1.0374331188251344
319,1562947200,507,1287,780,1794,28,1.2843884977383313,0.9075267966931889
319,1562961600,804,1170,366,1974,28,0.09325654979926234,1.139043014354082
319,1562976000,351,391,40,742,28,-0.8446879309450287,-0.4455568754138078
319,1562990400,88,123,35,211,28,-0.8590735824901865,-1.128529717513442
319,1563004800,67,306,239,373,28,-0.2721389994477467,-0.9201651216186384
319,1563019200,309,779,470,1088,28,0.3924781019385454,-0.0005312570212023923
319,1563033600,403,1085,682,1488,28,1.0024297274532377,0.5139492266696709
319,1563048000,456,1353,897,1809,28,1.6210127438950248,0.9268198148315967
319,1563062400,195,298,103,493,28,-0.6634287214760399,-0.7658209765113764
319,1563076800,251,171,-80,422,28,-1.1899435680288168,-0.8571412623665063
319,1563091200,54,156,102,210,28,-0.6663058517850715,-1.1298159187226693
319,1563105600,243,627,384,870,28,0.14504489536183057,-0.28092312063272834
319,1563120000,294,1133,839,1427,28,1.4541391859711938,0.4354909529068127
319,1563134400,390,740,350,1130,28,0.047222464854757264,0.0534891937663393
319,1563148800,193,239,46,432,28,-0.8274251490908393,-0.8442792502742346
319,1563163200,36,71,35,107,28,-0.8590735824901865,-1.262294643273069
319,1563177600,162,617,455,779,28,0.34932114730307184,-0.397967430672402
319,1563192000,686,1797,1111,2483,28,2.2367186300277804,1.7937194298507182
319,1563206400,501,1020,519,1521,28,0.5334574870810922,0.5563938665741679
319,1563220800,1019,1139,120,2158,28,-0.6145175062225032,1.3757040368518836
319,1563235200,298,317,19,615,29,-0.9049116394252266,-0.5711767494627602
319,1563249600,37,89,52,126,29,-0.8189832043689563,-1.13576713589363
319,1563264000,149,750,601,899,29,0.6105534879308132,-0.24327558433726512
319,1563278400,703,2059,1356,2762,29,2.5764919263394215,1.9077098756232886
319,1563292800,589,1190,601,1779,29,0.6105534879308132,0.7727561949248322
319,1563307200,1067,1386,319,2453,29,-0.12374404800458755,1.5509441713142111
319,1563321600,366,313,-53,679,29,-1.09239186136618,-0.49728352915278945
319,1563336000,42,72,30,114,29,-0.8762688277398032,-1.1496221147017496
319,1563350400,174,606,432,780,29,0.17049574476385318,-0.38067079085111694
319,1563350808,17,13,-4,30,29,-0.9648011547674756,-1.2466069663585861
319,1563364800,693,1896,1203,2589,29,2.1780964547148955,1.707967264472899
319,1563379200,570,1169,599,1739,29,0.6053457039880089,0.7265729322311004
319,1563393600,1132,1279,147,2411,29,-0.571613467085754,1.5024517454857929
319,1563408000,295,301,6,596,29,-0.9387622350534544,-0.5931137992422827
319,1563422400,51,66,15,117,29,-0.9153272073108352,-1.1461583699997198
319,1563435448,118,207,89,325,29,-0.7226392014270775,-0.906005403992315
319,1563436800,123,584,461,707,29,0.24600861193451495,-0.4649552452671773
319,1563451200,686,1986,1300,2672,29,2.4306739759409024,1.8037975345623922
319,1563465600,644,1260,616,1904,29,0.6496118675018452,0.9170788908427437
319,1563480000,1071,1348,277,2419,29,-0.23310751080347702,1.5116883980245392
319,1563494400,335,317,-18,652,29,-1.0012556423671055,-0.5284572314710584
319,1563508800,46,87,41,133,29,-0.8476260160543797,-1.1276850649222272
319,1563523200,130,582,452,712,29,0.22257358419189577,-0.45918233743046083
319,1563537600,653,1712,1059,2365,29,1.8031360108329888,1.4493409933880015
319,1563552000,519,1118,599,1637,29,0.6053457039880089,0.6088056123620846
319,1563566400,1029,1189,160,2218,29,-0.5377628714575262,1.2796175029885375
319,1563580800,338,362,24,700,29,-0.891892179568216,-0.4730373162385803
319,1563595200,68,124,56,192,29,-0.8085676364833478,-1.0595647524489729
319,1563609600,64,218,154,282,29,-0.553386223285939,-0.9556524113880766
319,1563624000,279,804,525,1083,29,0.4126576981042513,-0.030832575946099332
319,1563638400,285,798,513,1083,29,0.3814109944474257,-0.030832575946099332
319,1563652800,332,706,374,1038,29,0.01947001042252962,-0.08278874647654749
319,1563667200,202,343,141,545,29,-0.5872368189141667,-0.6519974591767906
319,1563681600,46,114,68,160,29,-0.7773209328265223,-1.0965113626039582
319,1563696000,35,124,89,159,29,-0.7226392014270775,-1.0976659441713015
319,1563710400,185,572,387,757,29,0.053320606050757315,-0.4072261669000127
319,1563724800,269,745,476,1014,29,0.28506699150554693,-0.1104987040927865
319,1563739200,340,558,218,898,29,-0.3867371371162027,-0.24443016590460842
319,1563753600,166,235,69,401,29,-0.77471704085512,-0.8182572048742247
319,1563768000,23,62,39,85,29,-0.852833799997184,-1.183104980154705
319,1563782400,168,691,523,859,29,0.40744991416144705,-0.28945884703099684
319,1563796800,639,1994,1355,2633,29,2.5738880343680193,1.7587688534360038
319,1563811200,509,1078,569,1587,29,0.5272289448459451,0.5510765339949201
319,1563825600,865,1053,188,1918,29,-0.4648538962582666,0.9332430327855498
319,1563840000,245,351,106,596,30,-0.7571373794788911,-0.7957857845112007
319,1563854400,39,86,47,125,30,-0.8984909865269355,-1.3300909940689705
319,1563868800,170,561,391,731,30,-0.07432758272138891,-0.6426409792239418
319,1563883200,683,1781,1098,2464,30,1.619519878006871,1.3232845582784256
319,1563897600,571,1134,563,1705,30,0.33775411918138437,0.46227043077450364
319,1563912000,1293,1389,96,2682,30,-0.7810956179616105,1.5705850586682215
319,1563926400,419,275,-144,694,30,-1.3560933415468757,-0.6846139999323017
319,1563940800,80,84,4,164,30,-1.0015114120026287,-1.285849161430429
319,1563955200,171,601,430,772,30,0.01910954736121666,-0.5961303346552188
319,1563969600,707,2039,1332,2746,30,2.1801426585025045,1.6431870404340332
319,1563984000,772,1241,469,2013,30,0.11254667744382223,0.811667468022472
319,1563998400,1555,1405,-150,2960,30,-1.3704682846365073,1.8859499169634657
319,1564012800,380,379,-1,759,30,-1.0134905312439886,-0.6108776122013992
319,1564027200,54,101,47,155,30,-0.8984909865269355,-1.2960588151162464
319,1564041600,164,623,459,787,30,0.08858843896110286,-0.5791142451788567
319,1564056000,724,1965,1241,2689,30,1.962122688309758,1.5785259004238572
319,1564070400,745,1304,559,2049,30,0.3281708237882966,0.852506082765741
319,1564084800,1500,1451,-49,2951,30,-1.1284900759610415,1.8757402632776485
319,1564099200,393,347,-46,740,30,-1.1213026044162258,-0.6324313255381246
319,1564113600,52,84,32,136,30,-0.9344283442510145,-1.3176125284529716
319,1564128000,136,600,464,736,30,0.10056755820246253,-0.6369689493984878
319,1564142400,647,1657,1010,2304,30,1.4086873793589405,1.1417796038638968
319,1564156800,547,1061,514,1608,30,0.22035875061605942,0.3522330521606954
319,1564171200,832,1115,283,1947,30,-0.3330765583347582,0.7367966743264788
319,1564185600,292,417,125,709,30,-0.7116167263617243,-0.6675979104559396
319,1564200000,116,205,89,321,30,-0.7978663848995141,-1.1077474249111725
319,1564214400,76,516,440,592,30,0.043067785843936036,-0.8003234083715639
319,1564228800,304,1490,1186,1794,30,1.8303523766548015,0.5632325616675854
319,1564243200,384,1481,1097,1865,30,1.6171240541585992,0.6437753851890327
319,1564257600,463,1271,808,1734,30,0.9247309620080091,0.495168203762137
319,1564272000,283,533,250,816,30,-0.41213874532773215,-0.5462164721912233
319,1564286400,94,192,98,286,30,-0.7763039702650666,-1.1474516336893508
319,1564300800,67,227,160,294,30,-0.6277628916722066,-1.1383763859686242
319,1564315200,219,882,663,1101,30,0.5773365040085782,-0.22291077214034347
319,1564329600,343,1151,808,1494,30,0.9247309620080091,0.22291077214034347
319,1564344000,334,869,535,1203,30,0.2706710514297701,-0.10720136370108121
319,1564358400,193,408,215,601,30,-0.49599258001724994,-0.7901137546857467
319,1564372800,42,106,64,148,30,-0.8577619811063125,-1.303999656871882
319,1564387200,153,729,576,882,30,0.36889982920891956,-0.47134567849523007
319,1564401600,639,1893,1254,2532,30,1.9932683983372932,1.4004241639046007
319,1564416000,470,1030,560,1500,30,0.33056664763656857,0.22971720793088832
319,1564430400,1034,1076,42,2110,30,-0.9104701057682951,0.9217048466362803
319,1564444800,280,290,10,570,31,-0.8988549846835502,-0.90200097180017
319,1564459200,47,49,2,96,31,-0.9192569420141142,-1.425930665708709
319,1564473600,169,646,477,815,31,0.2921092744881286,-0.6311934295900603
319,1564488000,686,1897,1211,2583,31,2.163988859567384,1.32304222195065
319,1564502400,525,1169,644,1694,31,0.718000133763654,0.3403977116453947
319,1564516800,1093,1319,226,2412,31,-0.3480021367583197,1.134029610857063
319,1564531200,388,322,-66,710,31,-1.092673579323909,-0.7472538048229644
319,1564545600,55,69,14,124,31,-0.8886540060182682,-1.3949812323132678
319,1564560000,163,618,455,781,31,0.23600389182907736,-0.6687748844273816
319,1564574400,651,1959,1308,2610,31,2.4113625922004736,1.3528863184391111
319,1564588800,544,1120,576,1664,31,0.5445834964538593,0.30723760443599346
319,1564603200,1002,1270,268,2272,31,-0.24089186077285826,0.9792824438798576
319,1564617600,323,285,-38,608,31,-1.0212667286669348,-0.8599981693349286
319,1564632000,60,82,22,142,31,-0.868252048687704,-1.375085167987627
319,1564646400,166,673,507,839,31,0.36861661447774396,-0.6046653438225393
319,1564660800,831,1784,953,2615,31,1.5060257356566922,1.3584130029740114
319,1564675200,714,1186,472,1900,31,0.27935805115652607,0.5680971144832828
319,1564689600,1175,1220,45,2395,31,-0.8095964213623322,1.1152388834384026
319,1564704000,439,356,-83,795,31,-1.1360277386513578,-0.653300167729661
319,1564718400,61,119,58,180,31,-0.7764432407001657,-1.3330823655223856
319,1564732800,232,602,370,834,31,0.019233095191833905,-0.6101920283574396
319,1564747200,860,1681,821,2541,31,1.1693934397023846,1.2766180718574884
319,1564761600,734,1106,372,1840,31,0.024333584524474927,0.5017769000644805
319,1564776000,1085,1160,75,2245,31,-0.7330890813727169,0.9494383473913965
319,1565395200,9685,9083,-602,18768,32,-2.558695032918905,4.074410489485723
319,1565409600,120,200,80,320,32,-0.8520642138962222,-0.43140274183061167
319,1565424000,90,502,412,592,32,-0.02127032545702757,-0.3649683750202234
319,1565438400,289,1278,989,1567,32,1.4226094143906087,-0.12683047928445657
319,1565452800,359,1349,990,1708,32,1.4251118056208474,-0.09239207590113029
319,1565467200,488,1100,612,1588,32,0.47920792059068,-0.1217013553763016
319,1565481600,320,596,276,916,32,-0.3615955327694687,-0.2858333204372609
319,1565496000,104,218,114,322,32,-0.7669829120681119,-0.43091425383935883
319,1565510400,70,295,225,365,32,-0.4892174855116342,-0.4204117620274225
319,1565524800,223,920,697,1143,32,0.6919111751609558,-0.23038993343006184
319,1565539200,324,1046,722,1370,32,0.7544709559169192,-0.1749465464228628
319,1565553600,346,868,522,1214,32,0.2539927098692116,-0.21304860974058548
319,1565568000,231,456,225,687,32,-0.4892174855116342,-0.3417651954357128
319,1565582400,47,117,70,164,32,-0.8770881261986075,-0.46950480514833437
319,1565596800,144,605,461,749,32,0.10134684482466079,-0.3266220677068743
319,1565611200,659,1746,1087,2405,32,1.6678437549539855,0.0778459890504897
319,1565625600,503,1047,544,1550,32,0.3090453169344594,-0.13098262721010584
319,1565640000,990,1135,145,2125,32,-0.6894087839307173,0.009457670275089987
319,1565654400,278,262,-16,540,33,-0.8248012637198856,-0.613033163738898
319,1565668800,58,43,-15,101,33,-0.8220895883323134,-1.1439197107783892
319,1565683200,170,573,403,743,33,0.3113907236728773,-0.367543484811753
319,1565697600,654,1813,1159,2467,33,2.3614173166774806,1.7173048229241983
319,1565712000,497,1122,625,1619,33,0.9133826597139115,0.6918109917408534
319,1565726400,1030,1289,259,2319,33,-0.07909053213752332,1.538327125972388
319,1565740800,319,257,-62,576,33,-0.949538331548208,-0.5694980482641334
319,1565755200,45,62,17,107,33,-0.7353159759300021,-1.1366638581992616
319,1565769600,156,610,454,766,33,0.44968616843906084,-0.3397293832584311
319,1565784000,681,1769,1088,2450,33,2.1688883641598524,1.6967465739500038
319,1565798400,539,1091,552,1630,33,0.7154303564211391,0.7051133881359203
319,1565812800,1069,1134,65,2203,33,-0.6051555573265353,1.398047309442591
319,1565827200,318,274,-44,592,33,-0.9007281745719079,-0.5501491080531269
319,1565841600,49,56,7,105,33,-0.7624327298057244,-1.1390824757256375
319,1565856000,159,539,380,698,33,0.24902218975871607,-0.4219623791552088
319,1565870400,658,1817,1159,2475,33,2.3614173166774806,1.7269792930297014
319,1565884800,556,1180,624,1736,33,0.9106709843263393,0.8333001170338384
319,1565899200,1387,1197,-190,2584,33,-1.296632781157453,1.8587939482171834
319,1565913600,377,303,-74,680,33,-0.9820784361990748,-0.4437299368925911
319,1565928000,63,65,2,128,33,-0.7759911067435855,-1.1112683741723155
319,1565942400,132,566,434,698,33,0.3954526606876163,-0.4219623791552088
319,1565956800,629,1777,1148,2406,33,2.3315888874141857,1.643536988369736
319,1565971200,507,1083,576,1590,33,0.7805105657228725,0.6567410376084041
319,1565985600,823,1197,374,2020,33,0.2327521374332827,1.176743805779204
319,1566000000,283,293,10,576,33,-0.7542977036430077,-0.5694980482641334
319,1566014400,61,95,34,156,33,-0.6892174943412743,-1.0774077288030541
319,1566028800,71,86,15,157,33,-0.7407393267051466,-1.0761984200398662
319,1566043200,263,444,181,707,33,-0.290601212368157,-0.4110786002865176
319,1566057600,325,631,306,956,33,0.04835821107837132,-0.10996071825272882
319,1566072000,367,473,106,840,33,-0.49397686643607397,-0.250240534782526
319,1566086400,209,178,-31,387,33,-0.865476394533469,-0.7980574045066477
319,1566100800,51,101,50,152,33,-0.6458306881401187,-1.0822449638558058
319,1566115200,54,80,26,134,33,-0.7109108974418521,-1.1040125215931882
319,1566129600,247,338,91,585,33,-0.5346519972496574,-0.5586142693954422
319,1566144000,257,486,229,743,33,-0.16044079376469011,-0.367543484811753
319,1566158400,263,393,130,656,33,-0.42889665713434055,-0.47275334720910084
319,1566172800,155,172,17,327,33,-0.7353159759300021,-0.8706159302979222
319,1566187200,26,37,11,63,33,-0.7515860282554355,-1.1898734437795295
319,1566201600,153,558,405,711,33,0.31681407444802173,-0.40624136523376597
319,1566216000,587,1581,994,2168,33,1.913990877728063,1.355721502731014
319,1566230400,462,962,500,1424,33,0.5744232362673832,0.4559957829192115
319,1566244800,946,1050,104,1996,33,-0.4994002172112184,1.1477203954626942
319,1566259200,286,224,-62,510,34,-0.9750262624353111,-0.6188191965595589
319,1566273600,46,40,-6,86,34,-0.822700671651661,-1.1572962184179816
319,1566288000,179,1132,953,1311,34,1.7858750705183462,0.398445177281471
319,1566302400,650,1800,1150,2450,34,2.3217347380965436,1.8449671770379417
319,1566316800,519,1009,490,1528,34,0.5264688467178109,0.6740336530910883
319,1566331200,1005,1249,244,2254,34,-0.14267571279608043,1.5960485537260292
319,1566345600,317,286,-31,603,34,-0.8907031675372191,-0.5007098497840086
319,1566360000,55,30,-25,85,34,-0.8743825685246852,-1.1585662113940627
319,1566374400,167,572,405,739,34,0.29526036070691347,-0.32799080503696726
319,1566388800,610,1742,1132,2352,34,2.272772941058942,1.7205078653819854
319,1566403200,501,1062,561,1563,34,0.7195959350327958,0.7184834072539298
319,1566417600,914,1088,174,2002,34,-0.333082701275643,1.2760103237535705
319,1566432000,312,262,-50,574,34,-0.9423850644102433,-0.537539646090363
319,1566446400,41,65,24,106,34,-0.7410976765889914,-1.131896358896358
319,1566460800,160,579,419,739,34,0.33334175840282604,-0.32799080503696726
319,1566475200,656,1798,1142,2454,34,2.299973939413165,1.8500471489422663
319,1566489600,470,1012,542,1482,34,0.6679140381597717,0.6156139761913538
319,1566504000,915,1173,258,2088,34,-0.10459431510016791,1.3852297196965524
319,1566518400,283,264,-19,547,34,-0.8580619695121512,-0.571829456444555
319,1566532800,48,69,21,117,34,-0.7492579760952583,-1.1179264361594647
319,1566547200,122,518,396,640,34,0.2707794621881126,-0.45372010966900467
319,1566561600,555,1529,974,2084,34,1.842997167062215,1.3801497477922275
319,1566576000,492,973,481,1465,34,0.50198794819901,0.5940240955979736
319,1566590400,758,1003,245,1761,34,-0.1399556129606581,0.9699420165180046
319,1566604800,250,277,27,527,34,-0.7329373770827244,-0.5972293159661787
319,1566619200,51,64,13,115,34,-0.7710187747786369,-1.1204664221116272
319,1566633600,52,94,42,146,34,-0.6921358795513896,-1.0810966398531106
319,1566648000,262,372,110,634,34,-0.5071690907426716,-0.4613400675254918
319,1566662400,312,522,210,834,34,-0.2351591072004394,-0.20734147230925462
319,1566676800,317,448,131,765,34,-0.45004699419880284,-0.29497098765885643
319,1566691200,176,199,23,375,34,-0.7438177764244137,-0.7902682483305189
319,1566705600,32,87,55,119,34,-0.6567745816908994,-1.1153864502073025
319,1566720000,34,61,27,95,34,-0.7329373770827244,-1.145866281633251
319,1566734400,166,320,154,486,34,-0.38748469798408947,-0.6492990279855073
319,1566748800,231,467,236,698,34,-0.164436511479459,-0.3800605170562959
319,1566763200,262,340,78,602,34,-0.594212285476186,-0.5019798427600898
319,1566777600,155,183,28,338,34,-0.7302172772473021,-0.8372579884455228
319,1566792000,21,44,23,65,34,-0.7438177764244137,-1.1839660709156865
319,1566806400,135,472,337,607,34,0.11029357189819557,-0.4956298778796838
319,1566820800,567,1695,1128,2262,34,2.261892541717253,1.6062084975346786
319,1566835200,551,1042,491,1593,34,0.5291889465532332,0.7565831965363654
319,1566849600,1082,1002,-80,2084,34,-1.023988059472913,1.3801497477922275
319,1566864000,258,345,87,603,35,-0.5359879106134621,-0.50337768552256
319,1566878400,25,84,59,109,35,-0.6121781418332652,-1.0465198259990318
319,1566892800,154,747,593,901,35,0.8408784107158376,-0.17573323640922273
319,1566907200,683,1980,1297,2663,35,2.7565185099566025,1.7615470298246705
319,1566921600,812,1297,485,2109,35,0.5470018045823112,1.1524362083186677
319,1566936000,1395,1476,81,2871,35,-0.5523143887319913,1.9902384573937113
319,1566950400,432,421,-11,853,35,-0.8026537198827731,-0.22850818123284752
319,1566964800,20,91,71,111,35,-0.5795251855962068,-1.044320869964714
319,1566979200,151,624,473,775,35,0.5143488483452527,-0.31426746657123783
319,1566993600,631,1842,1211,2473,35,2.52250565692435,1.552646206564489
319,1567008000,741,1324,583,2065,35,0.8136676138516222,1.1040591755636784
319,1567022400,1226,1447,221,2673,35,-0.17136323263297562,1.772541809996259
319,1567036800,393,397,4,790,35,-0.76183752458645,-0.2977752963138551
319,1567051200,26,63,37,89,35,-0.6720418949345391,-1.0685093863422088
319,1567065600,142,710,568,852,35,0.772851418555299,-0.22960765925000637
319,1567080000,647,1967,1320,2614,35,2.819103342744298,1.7076726069838868
319,1567094400,813,1298,485,2111,35,0.5470018045823112,1.1546351643529855
319,1567108800,1401,1466,65,2867,35,-0.595851663714736,1.9858405453250758
319,1567123200,441,369,-72,810,35,-0.9686395807544871,-0.27578573597067807
319,1567137600,28,85,57,113,35,-0.6176203012061083,-1.0421219139303963
319,1567152000,116,588,472,704,35,0.5116277686588312,-0.3923304057895161
319,1567166400,466,1703,1237,2169,35,2.5932537287713098,1.2184048893481987
319,1567180800,943,1275,332,2218,35,0.1306766125598154,1.2722793121889824
319,1567195200,989,1174,185,2163,35,-0.2693221013441511,1.2118080212452456
319,1567209600,270,351,81,621,35,-0.5523143887319913,-0.48358708121370064
319,1567224000,73,87,14,160,35,-0.7346267277222346,-0.9904464471239304
319,1567238400,66,102,36,168,35,-0.6747629746209607,-0.9816506229866596
319,1567252800,266,476,210,742,35,-0.20129510918361257,-0.35055024113747985
319,1567267200,328,671,343,999,35,0.16060848911045236,-0.06798439072765546
319,1567281600,398,493,95,891,35,-0.5142192731220898,-0.18672801658081123
319,1567296000,196,205,9,401,35,-0.7482321261543423,-0.7254722449886476
319,1567310400,76,99,23,175,35,-0.7101370105444408,-0.9739542768665477
319,1567324800,51,69,18,120,35,-0.7237424089765484,-1.0344255678102845
319,1567339200,168,350,182,518,35,-0.2774853404034157,-0.5968333169810622
319,1567353600,230,557,327,787,35,0.11707121412770771,-0.3010737303653316
319,1567368000,375,379,4,754,35,-0.76183752458645,-0.33735650493157365
319,1567382400,161,208,47,369,35,-0.6448310980703238,-0.7606555415377309
319,1567396800,45,55,10,100,35,-0.7455110464679208,-1.0564151281534613
319,1567411200,41,90,49,131,35,-0.6393889386974807,-1.022331309621537
319,1567425600,162,394,232,556,35,-0.14143135608233867,-0.5550531523290259
319,1567440000,213,505,292,718,35,0.021833425102953778,-0.37693771354929223
319,1567454400,262,377,115,639,35,-0.45979767939365895,-0.4637964769048414
319,1567468800,132,173,41,305,36,-0.5859876944768203,-0.9567427559400242
319,1567483200,24,60,36,84,36,-0.5961931527485181,-1.1577951956193384
319,1567497600,156,683,527,839,36,0.40598284953220753,-0.4709418383438535
319,1567512000,670,2185,1515,2855,36,2.4225814040196965,1.3630930865136002
319,1567526400,786,1378,592,2164,36,0.5386538070642791,0.734463060185971
319,1567540800,1482,1514,32,2996,36,-0.6043575193658764,1.4913663625080946
319,1567555200,492,265,-227,757,36,-1.1330002578398233,-0.5455404811207936
319,1567569600,37,77,40,114,36,-0.5880287861311599,-1.130503009237531
319,1567584000,190,709,519,899,36,0.389654116297491,-0.4163574655802388
319,1567598400,657,2247,1590,2904,36,2.5756632780951634,1.4076703242705522
319,1567612800,809,1382,573,2191,36,0.49987306563182743,0.7590260279295976
319,1567627200,1523,1556,33,3079,36,-0.6023164277115368,1.566874744831095
319,1567641600,500,330,-170,830,36,-1.0166580335424682,-0.4791294942583957
319,1567656000,30,66,36,96,36,-0.5961931527485181,-1.1468783210666154
319,1567670400,194,784,590,978,36,0.5345716237556,-0.34448804144147943
319,1567684800,676,2217,1541,2893,36,2.4756497870325247,1.3976631892638895
319,1567699200,823,1343,520,2166,36,0.39169520795183055,0.7362825392780914
319,1567713600,1612,1613,1,3225,36,-0.6676313606504028,1.6996967185558907
319,1567728000,503,352,-151,855,36,-0.9778772921100165,-0.4563860056068896
319,1567742400,47,75,28,122,36,-0.6125218859832346,-1.123225092869049
319,1567756800,176,723,547,899,36,0.4468046826189988,-0.4163574655802388
319,1567771200,645,1980,1335,2625,36,2.055184906238575,1.153852990919744
319,1567785600,894,1340,446,2234,36,0.24065442553070288,0.7981448284101881
319,1567800000,1213,1341,128,2554,36,-0.40841272054927835,1.0892614831494665
319,1567814400,268,318,50,586,36,-0.5676178695877643,-0.7011059434970954
319,1567828800,51,74,23,125,36,-0.6227273442549325,-1.1204958742308684
319,1567843200,41,115,74,156,36,-0.5186316698836148,-1.0922939483030008
319,1567857600,266,613,347,879,36,0.03858635175108608,-0.4345522565014437
319,1567872000,549,903,354,1452,36,0.052873993331463025,0.08672850339107661
319,1567886400,426,672,246,1098,36,-0.16756390533720983,-0.23531929591425008
319,1567900800,304,306,2,610,36,-0.6655902689960633,-0.6792721943916495
319,1567915200,76,119,43,195,36,-0.5819055111681413,-1.0568141060066512
319,1567929600,40,101,61,141,36,-0.5451658613900291,-1.1059400414939045
319,1567944000,205,437,232,642,36,-0.19613918849796372,-0.6501605289177217
319,1567958400,328,619,291,947,36,-0.07571478089192948,-0.37268996736934706
319,1567972800,387,598,211,985,36,-0.23900211323909457,-0.33811986461905774
319,1567987200,184,210,26,394,36,-0.6166040692919138,-0.8757759363406624
319,1568001600,30,46,16,76,36,-0.6370149858353095,-1.1650731119878204
319,1568016000,200,781,581,981,36,0.5162017988665439,-0.3417588228032987
319,1568030400,669,2071,1402,2740,36,2.1919380470793257,1.258473038716672
319,1568044800,1199,1435,236,2634,36,-0.18797482188060546,1.162040646834286
319,1568059200,2106,1569,-537,3675,36,-1.7657386706850882,2.1090795142830006
319,1568073600,716,262,-454,978,37,-1.7325630173823985,-0.4574556411213376
319,1568088000,37,61,24,98,37,-0.7624359705544564,-1.2933049834114618
319,1568102400,206,751,545,957,37,0.29496191939817473,-0.47740204588053375
319,1568116800,685,2222,1537,2907,37,2.3082799747398446,1.3747641103305372
319,1568131200,918,1296,378,2214,37,-0.04397368064422334,0.7165327532770642
319,1568145600,1686,1604,-82,3290,37,-0.977568746629272,1.7385485399863527
319,1568160000,502,385,-117,887,37,-1.0486031538237868,-0.5438900617445209
319,1568174400,41,47,6,88,37,-0.7989679513973497,-1.3028032713920314
319,1568188800,188,771,583,959,37,0.37208499006650486,-0.4755023882844198
319,1568203200,670,2086,1416,2756,37,2.0627038812959517,1.2313399618239362
319,1568217600,837,1406,569,2243,37,0.343671227188699,0.7440777884207161
319,1568232000,1536,1658,122,3194,37,-0.5635396304098156,1.6473649753728845
319,1568246400,511,334,-177,845,37,-1.1703764233000973,-0.5837828712629132
319,1568260800,46,54,8,100,37,-0.794908842414806,-1.291405325815348
319,1568275200,202,753,551,955,37,0.3071392463458058,-0.47930170347664763
319,1568289600,701,2159,1458,2860,37,2.147945169929369,1.33012215682186
319,1568304000,919,1372,453,2291,37,0.10824290620116502,0.7896695707274501
319,1568318400,1523,1704,181,3227,37,-0.44379591542477675,1.6787093257087642
319,1568332800,541,310,-231,851,37,-1.279972365828777,-0.5780838984745714
319,1568347200,51,45,-6,96,37,-0.8233226052926118,-1.2952046410075757
319,1568361600,186,748,562,934,37,0.3294643457497961,-0.4992481082358438
319,1568376000,663,2103,1440,2766,37,2.1114131890864756,1.2408382498045059
319,1568390400,942,1249,307,2191,37,-0.18807204952452433,0.6946866909217542
319,1568404800,1379,1445,66,2824,37,-0.6771946819210389,1.2959283200918095
319,1568419200,354,467,113,821,37,-0.5818056208312622,-0.6065787624162802
319,1568433600,60,166,106,226,37,-0.5960125022701651,-1.171726897260171
319,1568448000,45,307,262,352,37,-0.2794020016317573,-1.0520484687049942
319,1568462400,270,1161,891,1431,37,0.997187773378233,-0.027183195601534968
319,1568476800,447,1270,823,1717,37,0.8591780679717477,0.24446784064275542
319,1568491200,485,1202,717,1687,37,0.644045291896932,0.21597297670104665
319,1568505600,219,505,286,724,37,-0.23069269384123306,-0.6987121558278053
319,1568520000,51,151,100,202,37,-0.6081898292177962,-1.194522788413538
319,1568534400,42,182,140,224,37,-0.5270076495669224,-1.173626554856285
319,1568548800,245,858,613,1103,37,0.43297162480466017,-0.33872704136421766
319,1568563200,330,1078,748,1408,37,0.7069614811263593,-0.04902925795684503
319,1568577600,338,724,386,1062,37,-0.027737244714048585,-0.377670022084553
319,1568592000,172,321,149,493,37,-0.5087416591454759,-0.918122608178963
319,1568606400,26,87,61,113,37,-0.6873424543773982,-1.2790575514406075
319,1568620800,182,773,591,955,37,0.3883214259966796,-0.47930170347664763
319,1568635200,673,2145,1472,2818,37,2.1763589328071746,1.2902293473034678
319,1568649600,1004,1342,338,2346,37,-0.12515586029509715,0.8419101546205829
319,1568664000,1630,1481,-149,3111,37,-1.1135488975444856,1.568529185134157
319,1568678400,526,310,-216,836,38,-1.2771781546829246,-0.5651896200753567
319,1568692800,47,62,15,109,38,-0.7861076336694212,-1.242033949187838
319,1568707200,215,812,597,1027,38,0.45113497771525024,-0.3873666945451174
319,1568721600,688,2297,1609,2985,38,2.6024915459648854,1.4355510446601627
319,1568736000,895,1403,508,2298,38,0.26193464710831593,0.7959471188000873
319,1568750400,1607,1754,147,3361,38,-0.5054959073759906,1.7856108352327802
319,1568764800,566,372,-194,938,38,-1.2304095336340195,-0.47022659178172105
319,1568779200,68,67,-1,135,38,-0.8201211762504431,-1.217827687073774
319,1568793600,204,763,559,967,38,0.3703528140853232,-0.44322729942372663
319,1568808000,674,2082,1408,2756,38,2.1751964172907976,1.2223497360401374
319,1568822400,838,1285,447,2123,38,0.13225801601816997,0.6330203545708105
319,1568836800,1567,1795,228,3362,38,-0.3333023480595672,1.7865418453140904
319,1568851200,564,396,-168,960,38,-1.175137526939859,-0.4497443699928977
319,1568865600,58,88,30,146,38,-0.7542199374997132,-1.2075865761793625
319,1568880000,194,799,605,993,38,0.4681417490057612,-0.4190210373096626
319,1568894400,673,2166,1493,2839,38,2.3558933622524765,1.2996235727888803
319,1568908800,811,1429,618,2240,38,0.4957777523528415,0.7419485340840984
319,1568923200,1662,1791,129,3453,38,-0.5437611427796402,1.8712637627133144
319,1568937600,594,380,-214,974,38,-1.272926461860297,-0.4367102288545555
319,1568952000,73,96,23,169,38,-0.7691008623789103,-1.1861733443092288
319,1568966400,184,757,573,941,38,0.4001146638437174,-0.4674335615377906
319,1568980800,673,2134,1461,2807,38,2.2878662770904326,1.2698312501869553
319,1568995200,990,1437,447,2427,38,0.13225801601816997,0.916047419289097
319,1569009600,1322,1448,126,2770,38,-0.5501386820135818,1.2353838771784798
319,1569024000,384,377,-7,761,38,-0.8328762547183263,-0.6350153761736181
319,1569038400,71,97,26,168,38,-0.7627233231449686,-1.187104354390539
319,1569052800,46,229,183,275,38,-0.4289654365686913,-1.0874862756903527
319,1569067200,293,1019,726,1312,38,0.7253691647747393,-0.12202882137172374
319,1569081600,445,1148,703,1593,38,0.6764746973145203,0.13958501147642932
319,1569096000,570,934,364,1504,38,-0.04418723612088111,0.05672511423982567
319,1569110400,223,384,161,607,38,-0.4757340576175964,-0.7783909286953817
319,1569124800,65,115,50,180,38,-0.7117030092734358,-1.1759322334148172
319,1569139200,39,156,117,195,38,-0.5692712997154066,-1.1619670821951649
319,1569153600,219,718,499,937,38,0.24280202940649115,-0.4711576018630312
319,1569168000,326,837,511,1163,38,0.26831218634225756,-0.2607493234869366
319,1569182400,345,558,213,903,38,-0.36519004422927526,-0.5028119446275764
319,1569196800,160,263,103,423,38,-0.5990331494738008,-0.9496967836564499
319,1569211200,36,67,31,103,38,-0.7520940910883993,-1.247620009675699
319,1569225600,183,764,581,947,38,0.41712143513422834,-0.46184750104992967
319,1569240000,680,1949,1269,2629,38,1.87970376611817,1.1041114557137481
319,1569254400,872,1276,404,2148,38,0.04084662033167363,0.6562956066035643
319,1569268800,1574,1571,-3,3145,38,-0.8243728690730708,1.5845126576697872
319,1569283200,546,347,-199,893,39,-1.3488897303224898,-0.583035335567637
319,1569297600,65,85,20,150,39,-0.8818433256732799,-1.3417909417949059
319,1569312000,192,874,682,1066,39,0.5299590481978478,-0.4063668027583267
319,1569326400,717,2025,1308,2742,39,1.8649866706197902,1.305173434168864
319,1569340800,920,1305,385,2225,39,-0.10343265125793005,0.777210246524856
319,1569355200,1636,1889,253,3525,39,-0.3849400732382757,2.1047772560745863
319,1569369600,614,304,-310,918,39,-1.5856118806241442,-0.5575052007686037
319,1569384000,86,118,32,204,39,-0.8562517418568848,-1.2866458506289942
319,1569398400,204,814,610,1018,39,0.3764095452994774,-0.4553846615724706
319,1569412800,675,2073,1398,2748,39,2.0569235492427533,1.3113006665206322
319,1569427200,860,1312,452,2172,39,0.03945369171694239,0.7230863607509055
319,1569441600,1598,1743,145,3341,39,-0.6152643275858314,1.9168754639537013
319,1569456000,558,337,-221,895,39,-1.3958076339858807,-0.5809929247837143
319,1569470400,76,125,49,201,39,-0.8199969981169919,-1.289709466804878
319,1569484800,214,773,559,987,39,0.26764531407979836,-0.48704202872327185
319,1569499200,747,2134,1387,2881,39,2.033464597411058,1.4471209836514891
319,1569513600,926,1442,516,2368,39,0.17594213873771605,0.9232426175753263
319,1569528000,1551,1640,89,3191,39,-0.7346917187290083,1.7636946551595019
319,1569542400,555,397,-158,952,39,-1.2614518189498067,-0.5227842174419185
319,1569556800,100,124,24,224,39,-0.8733127977344816,-1.2662217427897675
319,1569571200,198,729,531,927,39,0.2079316185082099,-0.5483143522409517
319,1569585600,696,2103,1407,2799,39,2.0761172371050494,1.36338214151066
319,1569600000,923,1291,368,2214,39,-0.13968739499782307,0.7659769872132813
319,1569614400,1212,1377,165,2589,39,-0.5726116878918396,1.1489290091987805
319,1569628800,376,385,9,761,39,-0.9053022775049754,-0.7178344473065327
319,1569643200,125,182,57,307,39,-0.8029359422393951,-1.181461695256977
319,1569657600,65,509,444,574,39,0.02239263583934568,-0.9087998556033016
319,1569672000,253,1598,1345,1851,39,1.943894054053675,0.39527942993131815
319,1569686400,484,1634,1150,2118,39,1.5280308170372552,0.6679412695849936
319,1569700800,574,1367,793,1941,39,0.7666811984995021,0.48718791520783794
319,1569715200,325,523,198,848,39,-0.5022348323967532,-0.6289895782058968
319,1569729600,97,175,78,272,39,-0.7581506705607037,-1.2172038839756236
319,1569744000,54,293,239,347,39,-0.41479692102407,-1.1406134795785237
319,1569758400,237,1033,796,1270,39,0.7730790944536009,-0.19804090279821518
319,1569772800,461,1232,771,1693,39,0.7197632948361111,0.23392897800142787
319,1569787200,477,928,451,1405,39,0.037321059732242805,-0.06017817488343548
319,1569801600,194,408,214,602,39,-0.46811272064155973,-0.8802061046283843
319,1569816000,58,107,49,165,39,-0.8199969981169919,-1.3264728609154859
319,1569830400,120,580,460,700,39,0.0565147475945391,-0.7801279762161739
319,1569844800,504,1541,1037,2045,39,1.2870434027662017,0.5933932759718163
319,1569859200,492,888,396,1380,39,-0.07997369942623457,-0.08570830968246876
319,1569873600,874,1102,228,1976,39,-0.43825587285576545,0.5229301039264845
319,1569888000,259,238,-21,497,40,-0.9751741619816604,-0.9307228250755557
319,1569902400,34,53,19,87,40,-0.8834136269682634,-1.346880050039231
319,1569916800,155,664,509,819,40,0.2406529269458495,-0.603887150835791
319,1569931200,610,1756,1146,2366,40,1.7019394470341962,0.9663451101856868
319,1569945600,525,1021,496,1546,40,0.21083075306649549,0.13403066025833588
319,1569960000,978,1186,208,2164,40,-0.4498450990299627,0.7613115505694369
319,1569974400,315,326,11,641,40,-0.9017657339709428,-0.784560287527338
319,1569988800,32,58,26,90,40,-0.867355533340919,-1.3438349971736432
319,1570003200,200,732,532,932,40,0.29341523457855273,-0.4891901595653147
319,1570017600,678,2112,1434,2790,40,2.3626152991306544,1.396712581855439
319,1570032000,821,1169,348,1990,40,-0.12868322648307332,0.5846984843653406
319,1570046400,1454,1502,48,2956,40,-0.8168872390835507,1.5652055070846345
319,1570060800,480,326,-154,806,40,-1.2802779409012053,-0.6170823799200051
319,1570075200,47,55,8,102,40,-0.9086477740969476,-1.331654785711292
319,1570089600,205,654,449,859,40,0.10301212442575404,-0.5632864459612862
319,1570104000,771,1856,1085,2627,40,1.5620046311387659,1.2312647094918314
319,1570118400,850,1316,466,2166,40,0.14201035180644775,0.7633415858131621
319,1570132800,1592,1835,243,3427,40,-0.36955463089324037,2.0432788069819297
319,1570147200,542,371,-171,913,40,-1.319276168281899,-0.5084754943807045
319,1570161600,53,63,10,116,40,-0.9040597473462777,-1.3174445390052152
319,1570176000,188,630,442,818,40,0.08695403079840956,-0.6049021684576537
319,1570190400,773,2020,1247,2793,40,1.9336347979430237,1.3997576347210268
319,1570204800,950,1322,372,2272,40,-0.07362690547503514,0.8709334537306003
319,1570219200,1281,1458,177,2739,40,-0.5209595136653454,1.3449466831404453
319,1570233600,349,356,7,705,40,-0.9109417874722825,-0.7195991597281302
319,1570248000,90,178,88,268,40,-0.7251267040701537,-1.1631618604820964
319,1570262400,82,433,351,515,40,-0.12180118635706855,-0.9124525078820285
319,1570276800,299,1444,1145,1743,40,1.6996454336588613,0.3339891317652726
319,1570291200,582,1596,1014,2178,40,1.3991296814899863,0.7755217972755136
319,1570305600,704,1406,702,2110,40,0.6833975083854898,0.7065005989888553
319,1570320000,437,545,108,982,40,-0.6792464365634552,-0.4384392784721835
319,1570334400,99,157,58,256,40,-0.7939471053302014,-1.1753420719444478
319,1570348800,67,180,113,247,40,-0.6677763696867806,-1.1844772305412115
319,1570363200,261,936,675,1197,40,0.6214591472514469,-0.22021048977171956
319,1570377600,388,1300,912,1688,40,1.165140317205824,0.27816316256282836
319,1570392000,517,968,451,1485,40,0.10760015117642388,0.07211458532471587
319,1570406400,297,338,41,635,40,-0.8329453327108951,-0.7906503932585137
319,1570420800,47,75,28,122,40,-0.8627675065902491,-1.3113544332740394
319,1570435200,196,734,538,930,40,0.3071793148305623,-0.49122019480903995
319,1570449600,691,2089,1398,2780,40,2.2800308176185973,1.3865624056368127
319,1570464000,850,1246,396,2096,40,-0.018570584466996956,0.6922903522827786
319,1570478400,1458,1475,17,2933,40,-0.8880016537189332,1.5418601017817941
319,1570492800,484,315,-169,799,41,-1.357562672929428,-0.4946426440036375
319,1570507200,71,78,7,149,41,-0.8902267963265158,-1.2334807564564088
319,1570521600,196,675,479,871,41,0.363083054563112,-0.4128021146242536
319,1570536000,760,2026,1266,2786,41,2.4528179118727245,1.7639286320635263
319,1570550400,617,1133,516,1750,41,0.4613298013489515,0.5863343482157248
319,1570564800,1106,1388,282,2494,41,-0.1600144891344657,1.4320198184693584
319,1570579200,448,374,-74,822,41,-1.1053075122630833,-0.46849914156300093
319,1570593600,75,63,-12,138,41,-0.9406778284597848,-1.245984170667148
319,1570608000,136,535,399,671,41,0.1506576561072429,-0.6401369184558755
319,1570622400,588,1660,1072,2248,41,1.9376863206172419,1.1523980097564634
319,1570636800,499,908,409,1407,41,0.17721083091422654,0.1964551596444932
319,1570651200,918,1095,177,2013,41,-0.4388228246077939,0.8852796152543077
319,1570665600,408,331,-77,739,41,-1.1132734647051785,-0.5628430851531241
319,1570680000,48,54,6,102,41,-0.8928821138072142,-1.28690443535684
319,1570694400,214,654,440,868,41,0.25952567281587585,-0.4162121366817279
319,1570708800,703,2043,1340,2746,41,2.6493114054444034,1.718461671297202
319,1570723200,878,1346,468,2224,41,0.33387456227543005,1.1251178332966687
319,1570737600,1606,1686,80,3292,41,-0.6963886202355353,2.3390856857575297
319,1570752000,566,485,-81,1051,41,-1.123894734627972,-0.20820079117579385
319,1570766400,81,68,-13,149,41,-0.9433331459404831,-1.2334807564564088
319,1570780800,205,658,453,863,41,0.2940448000649546,-0.42189550677751847
319,1570795200,688,2012,1324,2700,41,2.6068263257532296,1.666174666415929
319,1570809600,965,1283,318,2248,41,-0.06442305982932459,1.1523980097564634
319,1570824000,1239,1332,93,2571,41,-0.6618694929864565,1.5195437179445328
319,1570838400,350,396,46,746,41,-0.7866694145792796,-0.5548863670190173
319,1570852800,76,107,31,183,41,-0.8264991767897552,-1.194833839805033
319,1570867200,54,213,159,267,41,-0.48661853926036447,-1.0993532221957518
319,1570881600,301,969,668,1270,41,0.8649380584151029,0.04073081901983218
319,1570896000,428,1111,683,1539,41,0.9047678206255784,0.34649613017336367
319,1570910400,479,982,503,1461,41,0.4268106740998728,0.25783555667903113
319,1570924800,265,399,134,664,41,-0.5530014762778236,-0.6480936365899823
319,1570939200,61,120,59,181,41,-0.752150287330201,-1.1971071878433492
319,1570953600,37,149,112,186,41,-0.6114184608531876,-1.1914238177475587
319,1570968000,274,736,462,1010,41,0.31794265739123984,-0.25480442596127634
319,1570982400,356,939,583,1295,41,0.6392360725557419,0.06914766949878492
319,1570996800,401,685,284,1086,41,-0.15470385417306898,-0.16841720050526
319,1571011200,195,292,97,487,41,-0.651248223063663,-0.8492849379809677
319,1571025600,32,73,41,105,41,-0.7999460019827714,-1.2834944132993655
319,1571040000,131,466,335,597,41,-0.0192826626574524,-0.7242507958735757
319,1571054400,540,1286,746,1826,41,1.0720528219095753,0.6727215736717411
319,1571068800,514,1044,530,1558,41,0.4985042460787286,0.36809293653736774
319,1571083200,737,936,199,1673,41,-0.38040584003242994,0.49881044874055036
319,1571097600,259,259,0,518,42,-0.9392103331999714,-0.9744691711829738
319,1571112000,39,59,20,98,42,-0.8986271706542936,-1.3878008096283825
319,1571126400,216,674,458,890,42,-0.009855910903950268,-0.6083754342741832
319,1571140800,702,2107,1405,2809,42,1.9117568356338925,1.280156504241863
319,1571155200,864,1337,473,2201,42,0.020581461005308065,0.6818097514446998
319,1571169600,1543,1534,-9,3077,42,-0.9574727563455264,1.543901454487981
319,1571184000,557,425,-132,982,42,-1.207059206001445,-0.5178361229956651
319,1571198400,50,90,40,140,42,-0.8580440081086159,-1.3464676457838416
319,1571212800,215,659,444,874,42,-0.038264124685924716,-0.624121401453056
319,1571227200,732,2109,1377,2841,42,1.8549404080699436,1.3116484385996083
319,1571241600,768,1283,515,2051,42,0.1058061023512314,0.5341913091427681
319,1571256000,1320,1465,145,2785,42,-0.6449824047438075,1.256537553473554
319,1571270400,455,361,-94,816,42,-1.1299511971646572,-0.6812005324764695
319,1571284800,58,67,9,125,42,-0.9209479100544165,-1.361229490014035
319,1571299200,207,700,493,907,42,0.06116462355098585,-0.591645344146631
319,1571313600,712,2114,1402,2826,42,1.9056693612520408,1.2968865943694152
319,1571328000,864,1436,572,2300,42,0.22146811560641308,0.7792379233639747
319,1571342400,1609,1805,196,3414,42,-0.5414953402523291,1.8755508881929874
319,1571356800,546,409,-137,955,42,-1.2172049966378644,-0.5444074426100128
319,1571371200,91,83,-8,174,42,-0.9554435982182425,-1.3130074655287371
319,1571385600,162,618,456,780,42,-0.013914227158518047,-0.7166289586289332
319,1571400000,638,2030,1392,2668,42,1.885377779979202,1.1413951684780472
319,1571414400,903,1319,416,2222,42,-0.0950805522498736,0.7024763333669702
319,1571428800,1303,1502,199,2805,42,-0.5354078658704775,1.2762200124471448
319,1571443200,377,456,79,833,42,-0.7789068411445442,-0.6644704423489173
319,1571457600,118,182,64,300,42,-0.8093442130538026,-1.1890079739951145
319,1571472000,75,552,477,627,42,0.028698093514443624,-0.8671997697769035
319,1571486400,333,1742,1409,2075,42,1.919873468143028,0.5578102599110771
319,1571500800,605,1906,1301,2511,42,1.700724390396368,0.9868878655353587
319,1571515200,664,1599,935,2263,42,0.9580525158104648,0.7428253742628316
319,1571529600,289,637,348,926,42,-0.23306330490517807,-0.5729470081217196
319,1571544000,138,205,67,343,42,-0.8032567386719509,-1.146690687201894
319,1571558400,63,280,217,343,42,-0.49888301957936754,-1.146690687201894
319,1571572800,238,1227,989,1465,42,1.0676270546837947,-0.04250473878344505
319,1571587200,355,1360,1005,1715,42,1.1000935847203368,0.20352599838644111
319,1571601600,406,985,579,1391,42,0.2356722224974003,-0.11532983698573135
319,1571616000,185,362,177,547,42,-0.5800493446707231,-0.945929605671267
319,1571630400,57,148,91,205,42,-0.7545569436171375,-1.2824996541196714
319,1571644800,169,754,585,923,42,0.24784717126110364,-0.5758993769677583
319,1571659200,674,1959,1285,2633,42,1.668257860359826,1.106950865274263
319,1571673600,878,1193,315,2071,42,-0.3000255231055464,0.553873768116359
319,1571688000,1515,1400,-115,2915,42,-1.1725635178376188,1.3844735368018946
319,1571702400,538,333,-205,871,43,-1.3262563408085728,-0.5817430451796702
319,1571716800,68,74,6,142,43,-0.8647822471164148,-1.3114660390471429
319,1571731200,190,695,505,885,43,0.22657117825034742,-0.5677291605237791
319,1571745600,622,2036,1414,2658,43,2.2146278188483173,1.2070292319687161
319,1571760000,873,1258,385,2131,43,-0.035878543280737675,0.6795065738505295
319,1571774400,1451,1515,64,2966,43,-0.7379315483763903,1.5153346943983206
319,1571788800,519,345,-174,864,43,-1.2584568294130425,-0.5887499875076158
319,1571803200,60,70,10,130,43,-0.8560339230653786,-1.323477940180764
319,1571817600,199,640,441,839,43,0.08659799343376871,-0.6137747815359927
319,1571832000,671,1971,1300,2642,43,1.9653005833937862,1.191013363790555
319,1571846400,788,1295,507,2083,43,0.23094534027586552,0.6314589693160456
319,1571860800,1499,1809,310,3308,43,-0.19990961923766587,1.8576738767065175
319,1571875200,568,372,-196,940,43,-1.3065726116937413,-0.5126746136613497
319,1571889600,78,92,14,170,43,-0.8472855990143424,-1.2834382697353606
319,1571904000,197,716,519,913,43,0.257190312428974,-0.5397013912119969
319,1571918400,651,2011,1360,2662,43,2.0965254441593286,1.2110331990132563
319,1571932800,840,1340,500,2180,43,0.21563577318655222,0.7285551701461483
319,1571947200,1613,1771,158,3384,43,-0.5323459331770404,1.9337492505527836
319,1571961600,566,360,-206,926,43,-1.328443421821332,-0.5266884983172408
319,1571976000,71,64,-7,135,43,-0.8932143002822823,-1.3184729813750884
319,1571990400,193,655,462,848,43,0.1325266947017086,-0.604765855685777
319,1572004800,655,1938,1283,2593,43,1.9281202061768825,1.141964767494936
319,1572019200,1007,1255,248,2262,43,-0.3355086420287265,0.8106364945592248
319,1572033600,1183,1300,117,2483,43,-0.6220162547001611,1.0318556737700773
319,1572048000,424,375,-49,799,43,-0.9850717028181621,-0.6538144519813959
319,1572062400,153,172,19,325,43,-0.8363501939505472,-1.1282845467594234
319,1572076800,90,603,513,693,43,0.24406782635241978,-0.7599195786617143
319,1572091200,316,1450,1134,1766,43,1.6022451352757852,0.31414458103622556
319,1572105600,490,1668,1178,2158,43,1.698476699837183,0.7065333514011766
319,1572120000,658,1648,990,2306,43,1.2873054694384831,0.8546801320491683
319,1572134400,268,597,329,865,43,-0.15835507999524406,-0.5877489957464807
319,1572148800,94,186,92,280,43,-0.6766932800191371,-1.173329176010502
319,1572163200,39,250,211,289,43,-0.41643063950081105,-1.1643202501602863
319,1572177600,201,680,479,881,43,0.1697070719186123,-0.5717331275683194
319,1572192000,282,675,393,957,43,-0.018381895178665335,-0.4956577537220534
319,1572206400,397,704,307,1101,43,-0.206470862275943,-0.351514940118602
319,1572220800,211,492,281,703,43,-0.2633349686076781,-0.7499096610503635
319,1572235200,54,143,89,197,43,-0.6832545230574143,-1.2564114921847136
319,1572249600,203,670,467,873,43,0.1434620997655038,-0.5797410616574
319,1572264000,714,1896,1182,2610,43,1.7072250238882192,1.1589816274342324
319,1572278400,835,1234,399,2069,43,-0.005259409102111078,0.6174450846601546
319,1572292800,1537,1567,30,3104,43,-0.8122923028101977,1.6534715574349614
319,1572307200,518,301,-217,819,44,-1.228607805459894,-0.6040168731144171
319,1572321600,49,54,5,103,44,-0.7703461670853328,-1.2849319435785773
319,1572336000,193,698,505,891,44,0.26177464006458023,-0.5355449665872949
319,1572350400,730,2102,1372,2832,44,2.0514721196625296,1.3103435135397088
319,1572364800,881,1338,457,2219,44,0.1626910425781886,0.7273813093574042
319,1572379200,1523,1787,264,3310,44,-0.23570758898167782,1.7649208929836593
319,1572393600,516,322,-194,838,44,-1.181130248330998,-0.585947897780871
319,1572408000,56,79,23,135,44,-0.7331898180279359,-1.2544999851220784
319,1572422400,219,707,488,926,44,0.2266825326214832,-0.5022600120254994
319,1572436800,682,2129,1447,2811,44,2.2062902407350165,1.2903725408026316
319,1572451200,778,1286,508,2064,44,0.2679673649074797,0.5799765105837383
319,1572465600,1533,1711,178,3244,44,-0.4132323678114629,1.7021549786671306
319,1572480000,502,372,-130,874,44,-1.0490187850158093,-0.5517119445173099
319,1572494400,58,80,22,138,44,-0.7352540596422357,-1.2516469890167816
319,1572508800,187,738,551,925,44,0.3567297543223722,-0.5032110107272649
319,1572523200,772,2032,1260,2804,44,1.820277058860949,1.2837155498902724
319,1572537600,809,1323,514,2132,44,0.28035281459327865,0.6446444223037981
319,1572552000,1483,1417,-66,2900,44,-0.9169073217006204,1.3750114252597687
319,1572566400,485,348,-137,833,44,-1.063468476315908,-0.5907028912896989
319,1572580800,65,105,40,170,44,-0.6980977105848388,-1.221215030560283
319,1572595200,186,672,486,858,44,0.22255404939288354,-0.5669279237455592
319,1572609600,666,2043,1377,2709,44,2.0617933277340286,1.1933706732225418
319,1572624000,925,1286,361,2211,44,-0.035476152394594715,0.7197733197432795
319,1572638400,1341,1446,105,2787,44,-0.5639220056553501,1.2675485719602575
319,1572652800,424,419,-5,843,44,-0.790988583228331,-0.5811929042720431
319,1572667200,79,142,63,221,44,-0.6506201534559428,-1.172714096770238
319,1572681600,59,274,215,333,44,-0.3368554280823693,-1.0662022421724924
319,1572696000,268,1085,817,1353,44,0.905818023726126,-0.09618356637159385
319,1572710400,620,1412,792,2032,44,0.8542119833686302,0.5495445521272395
319,1572724800,719,1099,380,1818,44,0.00374443827710198,0.346030829949404
319,1572739200,293,407,114,700,44,-0.5453438311266517,-0.717185718624522
319,1572750000,65,135,70,200,44,-0.636170462155844,-1.1926850695073152
319,1572764400,36,108,72,144,44,-0.6320419789272445,-1.245940996806188
319,1572778800,190,836,646,1026,44,0.5528327076808557,-0.40716014184894067
319,1572793200,518,1959,1441,2477,44,2.1939047910492175,0.9727389744129257
319,1572807600,555,994,439,1549,44,0.12553469352079172,0.09021217917446116
319,1572822000,228,318,90,546,44,-0.5948856298698475,-0.8636395186964223
319,1572836400,56,99,43,155,44,-0.6919049857419394,-1.2354800110867667
319,1572850800,83,271,188,354,44,-0.3925899516684646,-1.046231269435415
319,1572865200,774,2221,1447,2995,44,2.2062902407350165,1.4653563019274995
319,1572879600,732,1216,484,1948,44,0.21842556616428388,0.46966066117893024
319,1572894000,1588,1608,20,3196,44,-0.7393825428708354,1.6565070409823826
319,1572908400,689,416,-273,1105,44,-1.3442053358606842,-0.33203124440945936
319,1572922800,76,112,36,188,45,-0.6346790888416057,-1.0930105421512006
319,1572937200,80,272,192,352,45,-0.30970117464262165,-0.9441228188917482
319,1572951600,724,2199,1475,2923,45,2.3630338504682538,1.3899645987914964
319,1572966000,860,1341,481,2201,45,0.29234124332857325,0.7344954756614681
319,1572980400,1930,1712,-218,3642,45,-1.163809795293798,2.0427101660082423
319,1572994800,761,456,-305,1217,45,-1.3450474782124622,-0.15883086389524625
319,1573009200,106,101,-5,207,45,-0.7200899509067233,-1.0757613547004103
319,1573023600,89,275,186,364,45,-0.3222003251887364,-0.9332285952386176
319,1573038000,755,2281,1526,3036,45,2.4692766301102296,1.4925518715251433
319,1573052400,686,1318,632,2004,45,0.6069031987391283,0.5556486373559064
319,1573066800,1464,1829,365,3293,45,0.05069099943702098,1.7258698280963585
319,1573081200,729,516,-213,1245,45,-1.1533938365053689,-0.13341100870460806
319,1573095600,102,149,47,251,45,-0.611763979507062,-1.0358158679722647
319,1573110000,104,269,165,373,45,-0.3659473521001381,-0.9250579274987696
319,1573124400,743,2203,1460,2946,45,2.331785974102967,1.4108451941266635
319,1573138800,754,1305,551,2059,45,0.43816466636657897,0.6055804957660886
319,1573153200,1593,1809,216,3402,45,-0.25970457245816253,1.8248256929456286
319,1573167600,756,524,-232,1280,45,-1.192974479901399,-0.10163618971631029
319,1573182000,106,142,36,248,45,-0.6346790888416057,-1.0385394238855474
319,1573196400,97,264,167,361,45,-0.36178096858476655,-0.9359521511519002
319,1573210800,706,2264,1558,2970,45,2.5359387663561748,1.4326336414329248
319,1573225200,717,1278,561,1995,45,0.4589965839434369,0.5474779696160584
319,1573239600,1433,1549,116,2982,45,-0.4680237482267421,1.4435278650860555
319,1573254000,408,532,124,940,45,-0.45135821416525573,-0.4103058598883457
319,1573268400,117,294,177,411,45,-0.34094905100790857,-0.8905595525971891
319,1573282800,52,125,73,177,45,-0.5576009938072313,-1.1029969138332372
319,1573297200,191,689,498,880,45,0.3277555032092318,-0.46477697815399904
319,1573311600,353,1031,678,1384,45,0.702730019592675,-0.007219584722511203
319,1573326000,532,1039,507,1571,45,0.34650422902840394,0.1625487338721083
319,1573340400,292,461,169,753,45,-0.3576145850693949,-0.5800741784829653
319,1573354800,121,132,11,253,45,-0.6867588827837506,-1.0340001640300762
319,1573369200,30,76,46,106,45,-0.6138471712647477,-1.167454403780927
319,1573383600,180,500,320,680,45,-0.04305262965883981,-0.6463473723728435
319,1573398000,340,871,531,1211,45,0.39650083121286306,-0.1642779757218116
319,1573412400,371,695,324,1066,45,-0.034719862628096634,-0.29591651153047377
319,1573426800,230,313,83,543,45,-0.5367690762303734,-0.7707230924127518
319,1573441200,53,72,19,125,45,-0.6700933487222642,-1.1502052163301366
319,1573455600,70,251,181,321,45,-0.3326162839771654,-0.9722662299956691
319,1573470000,650,1923,1273,2573,45,1.9422291154157232,1.0722164089085187
319,1573484400,665,1285,620,1950,45,0.5819048976468989,0.5066246309168184
319,1573498800,1328,1474,146,2802,45,-0.40552799549616825,1.2801145102890956
319,1573513200,723,454,-269,1177,45,-1.2700525749357736,-0.19514494273901514
319,1573527600,119,116,-3,235,46,-0.6603398163316369,-0.9372181780070096
319,1573542000,86,318,232,404,46,-0.15768969425149015,-0.7865050552003999
319,1573556400,768,2147,1379,2915,46,2.2956706888375664,1.452788739872954
319,1573570800,642,1262,620,1904,46,0.6722177413531776,0.5511853839115199
319,1573585200,1566,1812,246,3378,46,-0.1277445805956516,1.8656891887454998
319,1573599600,777,471,-306,1248,46,-1.3084376333115706,-0.033831234793426326
319,1573614000,102,154,52,256,46,-0.5426982983979854,-0.9184905118594427
319,1573628400,97,305,208,402,46,-0.2090241748043562,-0.7882886424525491
319,1573642800,741,2056,1315,2797,46,2.15877874069659,1.3475570919961497
319,1573657200,813,1320,507,2133,46,0.4305178954167666,0.7554061242826065
319,1573671600,2016,1858,-158,3874,46,-0.9918750032355633,2.308018827278508
319,1573686000,1020,527,-493,1547,46,-1.708418794285985,0.23281505940288305
319,1573700400,127,146,19,273,46,-0.6132832091581762,-0.9033300202161743
319,1573714800,109,353,244,462,46,-0.13202245397505713,-0.7347810248880724
319,1573729200,752,2182,1430,2934,46,2.4047564600124067,1.4697328187683716
319,1573743600,667,1386,719,2053,46,0.88397247363375,0.6840626341966374
319,1573758000,1546,2036,490,3582,46,0.3941559716918198,2.047615088464721
319,1573772400,855,596,-259,1451,46,-1.2079076088955412,0.14720287129972018
319,1573786800,119,186,67,305,46,-0.5106142480524442,-0.8747926241817866
319,1573801200,89,314,225,403,46,-0.1726622510794094,-0.7873968488264745
319,1573815600,704,2190,1486,2894,46,2.524536914635761,1.4340610737253872
319,1573826891,500,900,400,1400,46,0.20165166961857214,0.1017213963699149
319,1573826990,354,220,-134,574,46,-0.9405405226826973,-0.6349001387677157
319,1573828353,101,100,-1,201,46,-0.6560619429522313,-0.9675391612935464
319,1573828434,5,6,1,11,46,-0.6517840695728258,-1.136979950247723
319,1573828519,3,6,3,9,46,-0.6475061961934203,-1.1387635374998721
319,1573830000,112,128,16,240,46,-0.6197000192272846,-0.9327592098766365
319,1573844400,1432,1563,131,2995,46,-0.37372229991146805,1.524132229958923
319,1573858800,426,476,50,902,46,-0.546976171777391,-0.34239182941524254
319,1573873200,107,175,68,282,46,-0.5084753113627415,-0.8953038775815028
319,1573887600,21,114,93,135,46,-0.45500189412017267,-1.026397540614471
319,1573902000,221,780,559,1001,46,0.5417426032813097,-0.2541042604338558
319,1573916400,358,1158,800,1516,46,1.0572263454996729,0.20516945699457004
319,1573930800,559,1124,565,1683,46,0.5545762234195262,0.35409899254903043
319,1573945200,265,479,214,744,46,-0.1961905546661397,-0.4832952223350314
319,1573959600,106,165,59,271,46,-0.5277257415700662,-0.9051136074683235
319,1573974000,32,99,67,131,46,-0.5106142480524442,-1.0299647151187694
319,1573988400,154,454,300,608,46,-0.012241999351703023,-0.6045791554811788
319,1574002800,309,1024,715,1333,46,0.875416726874939,0.0419712234229158
319,1574017200,407,772,365,1179,46,0.12678888547897585,-0.09536499499257464
319,1574031600,210,265,55,475,46,-0.5362814883288772,-0.7231877077491023
319,1574046000,51,98,47,149,46,-0.5533929818464992,-1.0139124298494264
319,1574060400,70,293,223,363,46,-0.1769401244588149,-0.8230685938694591
319,1574074800,708,2138,1430,2846,46,2.4047564600124067,1.3912549796738056
319,1574089200,676,1181,505,1857,46,0.4262400220373611,0.5092710834860131
319,1574103600,1496,1541,45,3037,46,-0.5576708552259048,1.561587562254057
319,1574118000,637,410,-227,1047,46,-1.139461634825053,-0.21308175363442358
319,1574132400,89,105,16,194,47,-0.7871420668418051,-1.2149211597927403
319,1574146800,90,248,158,338,47,-0.5156415586789155,-1.0832936375451632
319,1574161200,740,2215,1475,2955,47,2.0024300557614065,1.3088537633014277
319,1574175600,630,1192,562,1822,47,0.2567965067986017,0.2732011056173667
319,1574190000,1541,1837,296,3378,47,-0.251788952154417,1.695509609903685
319,1574204400,818,541,-277,1359,47,-1.3473508618539647,-0.15001794160921775
319,1574218800,105,137,32,242,47,-0.7565504602882401,-1.171045319043548
319,1574233200,112,299,187,411,47,-0.4601942718005788,-1.0165657964057664
319,1574247600,756,2152,1396,2908,47,1.8513839984031792,1.2658920025678435
319,1574262000,1188,1279,91,2467,47,-0.643743911121969,0.8627827156846388
319,1574276400,1509,1758,249,3267,47,-0.3416517964055143,1.5940467281711779
319,1574290800,725,504,-221,1229,47,-1.240280238916487,-0.26884834363828036
319,1574305200,117,127,10,244,47,-0.7986139192993921,-1.1692171590123315
319,1574319600,92,275,183,367,47,-0.46784217343897005,-1.056785317092526
319,1574334000,690,2396,1706,3086,47,2.444096375378502,1.4285982453460984
319,1574348400,696,1266,570,1962,47,0.27209231007538426,0.40117230780251106
319,1574362800,1613,1765,152,3378,47,-0.5271134111365023,1.695509609903685
319,1574377200,810,529,-281,1339,47,-1.354998763492356,-0.16829954192138122
319,1574391600,130,138,8,268,47,-0.8024378701185877,-1.1472792386377353
319,1574406000,87,254,167,341,47,-0.49843377999253513,-1.0805513974983387
319,1574420400,768,2306,1538,3074,47,2.122884506566069,1.4176292851588004
319,1574434800,709,1299,590,2008,47,0.3103318182673405,0.44321998852048705
319,1574449200,1408,1495,87,2903,47,-0.6513918127603603,1.2613216024898026
319,1574463600,443,477,34,920,47,-0.7527265094690445,-0.551299068461206
319,1574478000,149,286,137,435,47,-0.5557930422804696,-0.9946278760311703
319,1574492400,61,376,315,437,47,-0.21546141937205854,-0.992799715999954
319,1574506800,209,1451,1242,1660,47,1.556939785325116,0.12512014308884256
319,1574521200,443,1644,1201,2087,47,1.4785487935316055,0.5154323097535328
319,1574535600,719,1643,924,2362,47,0.9489316050730107,0.7668043140457805
319,1574550000,328,769,441,1097,47,0.025447482237266127,-0.3895069056985593
319,1574564400,146,294,148,440,47,-0.5347613127748936,-0.9900574759531294
319,1574578800,47,172,125,219,47,-0.5787367471956434,-1.1920691594025359
319,1574593200,153,819,666,972,47,0.45564194939677444,-0.503766907649581
319,1574607600,361,1218,857,1579,47,0.8208292526299571,0.05107966182458049
319,1574622000,367,1057,690,1424,47,0.501529359227122,-0.09060274059468645
319,1574636400,211,514,303,725,47,-0.23840512428723232,-0.7295446715048
319,1574650800,74,181,107,255,47,-0.613152304568404,-1.1591622788406417
319,1574665200,96,353,257,449,47,-0.3263559931287318,-0.9818307558126559
319,1574679600,815,2211,1396,3026,47,1.8513839984031792,1.373753444409608
319,1574694000,704,1218,514,1922,47,0.1650216871379066,0.3646091071781841
319,1574708400,1581,1672,91,3253,47,-0.643743911121969,1.5812496079526634
319,1574722800,674,495,-179,1169,47,-1.159977271713379,-0.3236931445747708
319,1574737200,87,168,81,255,48,-0.5691500264300781,-0.8884644748696645
319,1574751600,94,334,240,428,48,-0.1478238013441606,-0.6930480112885238
319,1574766000,710,2173,1463,2883,48,3.092943326203494,2.0800584516692817
319,1574780400,697,1300,603,1997,48,0.8140719200784057,1.0792550601496826
319,1574794800,1574,1624,50,3198,48,-0.6512953910694708,2.435874555877717
319,1574809200,664,534,-130,1198,48,-1.1282684760723962,0.17672468788765144
319,1574823600,94,200,106,294,48,-0.5029037646241162,-0.8444110524438582
319,1574838000,81,260,179,341,48,-0.30946468015070755,-0.7913210305460917
319,1574852400,564,1793,1229,2357,48,2.472878315699691,1.4859020363878945
319,1574866800,735,1132,397,1867,48,0.2682027227972799,0.9324103187303284
319,1574881200,1149,1355,206,2504,48,-0.23791871740026874,1.6519495516851643
319,1574895600,453,416,-37,869,48,-0.8818323821542181,-0.19490546539671433
319,1574910000,95,147,52,242,48,-0.6459956901249938,-0.9031489490115999
319,1574924400,33,96,63,129,48,-0.6168473349303706,-1.0307909165530387
319,1574938800,193,658,465,851,48,0.4483925549094962,-0.21523781420862492
319,1574953200,245,553,308,798,48,0.03236603076805568,-0.2751052857103617
319,1574967600,223,483,260,706,48,-0.09482679189939111,-0.3790261796379047
319,1574982000,142,228,86,370,48,-0.5559007740688857,-0.7585633574602357
319,1574996400,60,81,21,141,48,-0.7281410547643865,-1.0172360173450983
319,1575010800,35,158,123,193,48,-0.45785630659606213,-0.9584981207773565
319,1575025200,236,905,669,1141,48,0.988962051246145,0.11233891664993459
319,1575039600,370,928,558,1298,48,0.6948286488276744,0.2896821812871547
319,1575054000,563,984,421,1547,48,0.3317991341310033,0.5709463398519179
319,1575068400,253,336,83,589,48,-0.5638503254856011,-0.5111864469153236
319,1575082800,93,157,64,250,48,-0.6141974844581322,-0.8941123495396397
319,1575097200,40,136,96,176,48,-0.5294022693465009,-0.9777008946552721
319,1575111600,144,675,531,819,48,0.6232826860772355,-0.251384212096466
319,1575126000,283,1046,763,1329,48,1.2380479956365615,0.32469900424100073
319,1575140400,448,982,534,1430,48,0.631232237493951,0.4387860725744991
319,1575154800,243,492,249,735,48,-0.12397514709401433,-0.3462685065520487
319,1575169200,99,256,157,355,48,-0.367761390539954,-0.7755069814701612
319,1575183600,23,92,69,115,48,-0.6009482320969397,-1.046604965628969
319,1575198000,147,453,306,600,48,0.027066329823578726,-0.4987611226413782
319,1575212400,250,717,467,967,48,0.45369225585397316,-0.08420712186520113
319,1575226800,265,584,319,849,48,0.0615143859626789,-0.217496964076615
319,1575241200,163,324,161,487,48,-0.3571619886510001,-0.6264030901828169
319,1575255600,48,113,65,161,48,-0.6115476339858936,-0.9946445186651975
319,1575270000,69,287,218,356,48,-0.20612051173340704,-0.7743774065361662
319,1575284400,737,2068,1331,2805,48,2.7431630638680153,1.9919516068176693
319,1575298800,721,1097,376,1818,48,0.21255586288027195,0.8770611469645718
319,1575313200,1786,1382,-404,3168,48,-1.854327505465738,2.401987307857866
319,1575327600,752,377,-375,1129,48,-1.7774818417708222,0.09878401744199419
319,1575342000,95,126,31,221,49,-0.5636751100292761,-1.052298874505661
319,1575356400,79,309,230,388,49,-0.21085577582537512,-0.9190349166509584
319,1575370800,788,2348,1560,3136,49,2.1471829904620026,1.2738354796647477
319,1575385200,936,1254,318,2190,49,-0.05483516572515764,0.5189390477452943
319,1575399600,2103,1805,-298,3908,49,-1.14697943642668,1.889882039328403
319,1575414000,1044,531,-513,1575,49,-1.5281661542851661,0.02817656822049106
319,1575428400,136,160,24,296,49,-0.576085840378157,-0.9924497916367826
319,1575442800,73,334,261,407,49,-0.1558939699946167,-0.9038731489908425
319,1575457200,718,2235,1517,2953,49,2.0709456468903054,1.1278037174646842
319,1575471600,886,1229,343,2115,49,-0.010511128764868578,0.45908996487641585
319,1575486000,1937,1959,22,3896,49,-0.5796317633349801,1.8803061860693826
319,1575500400,985,621,-364,1606,49,-1.2639948940018433,0.05291418913962748
319,1575514800,112,169,57,281,49,-0.5175781115905754,-1.0044196082105583
319,1575529200,77,322,245,399,49,-0.1842613536492017,-0.9102570511635228
319,1575543600,859,614,-245,1473,49,-1.0530124780708674,-0.053218184481183615
319,1575558000,1266,3548,2282,4814,49,3.4272611778751507,2.6128589603844548
319,1575572400,1640,2161,521,3801,49,0.30507601439238957,1.804497347768803
319,1575586800,847,528,-319,1375,49,-1.184211627473323,-0.13142098609651812
319,1575601200,160,190,30,350,49,-0.5654480715076876,-0.9493584519711901
319,1575615600,88,314,226,402,49,-0.21794762173902138,-0.9078630878487677
319,1575630000,748,2163,1415,2911,49,1.8901035760923262,1.0942882310581123
319,1575644400,730,1264,534,1994,49,0.32812451361173983,0.36253344451462527
319,1575658800,1454,1759,305,3213,49,-0.07788366494450795,1.3352805380767963
319,1575673200,523,565,42,1088,49,-0.5441725337667489,-0.3604434765414263
319,1575687600,138,215,77,353,49,-0.4821188820223442,-0.946964488656435
319,1575702000,39,149,110,188,49,-0.4236111532347626,-1.0786324709679675
319,1575716400,235,927,692,1162,49,0.6082524272007668,-0.3013923814441329
319,1575730800,435,1231,796,1666,49,0.7926404209555692,0.10079345543473023
319,1575745200,642,1244,602,1886,49,0.4486858941437261,0.2763507651834403
319,1575759600,334,614,280,948,49,-0.12220770190479702,-0.4721617645633327
319,1575774000,114,200,86,314,49,-0.46616222871664015,-0.9780860117482517
319,1575788400,35,85,50,120,49,-0.5299888419394564,-1.1328956394357506
319,1575802800,192,490,298,682,49,-0.0902943952933889,-0.6844265118049548
319,1575817200,375,982,607,1357,49,0.4575507015357839,-0.14578476598504894
319,1575831600,373,874,501,1247,49,0.2696167848241583,-0.233563420859404
319,1575846000,206,350,144,556,49,-0.36333046296876953,-0.7849729710246707
319,1575860400,63,95,32,158,49,-0.5619021485508645,-1.102572104115519
319,1575874800,78,238,160,316,49,-0.3349630793141845,-0.9764900362050817
319,1575889200,681,2097,1416,2778,49,1.8918765375707378,0.9881558574373013
319,1575903600,632,1078,446,1710,49,0.17210390351152235,0.13590491738447225
319,1575918000,1401,1804,403,3205,49,0.09586655993982517,1.3288966359041159
319,1575932400,749,480,-269,1229,49,-1.0955635535527448,-0.2479272007479348
319,1575946800,93,74,-19,167,50,-0.9174942248495754,-1.1366231231399888
319,1575961200,92,256,164,348,50,-0.5123778571702604,-0.9741659628919923
319,1575975600,758,2216,1458,2974,50,2.3522154749446775,1.3828091907612623
319,1575990000,823,1271,448,2094,50,0.1163273254577476,0.5929622238096766
319,1576004400,1665,2125,460,3790,50,0.14289233317442399,2.1152127419345508
319,1576018800,813,592,-221,1405,50,-1.3646718547469614,-0.02545204917855356
319,1576033200,119,86,-33,205,50,-0.9484867338523646,-1.1025160950216248
319,1576047600,73,260,187,333,50,-0.461461592379964,-0.9876292634650307
319,1576062000,763,2138,1375,2901,50,2.168474171570999,1.3172877946391421
319,1576076400,586,1238,652,1824,50,0.5679324566412463,0.35062281349498553
319,1576090800,1406,1864,458,3270,50,0.13846483188831127,1.6484849887358866
319,1576105200,759,568,-191,1327,50,-1.2982593354552705,-0.0954612121583532
319,1576119600,121,114,-7,235,50,-0.890929217132899,-1.0755894938755481
319,1576134000,81,235,154,316,50,-0.5345153636008241,-1.002887670781141
319,1576148400,795,2184,1389,2979,50,2.199466680573788,1.3872969576189418
319,1576162800,534,1392,858,1926,50,1.0239650891108578,0.4421732573916466
319,1576177200,1532,2091,559,3623,50,0.36205364683700425,1.9653213288880564
319,1576191600,822,595,-227,1417,50,-1.3779543586052996,-0.014681408720122847
319,1576206000,156,133,-23,289,50,-0.9263492274218009,-1.0271216118126099
319,1576220400,86,252,166,338,50,-0.5079503558841477,-0.9831414966073512
319,1576234800,723,1932,1209,2655,50,1.8009915648236423,1.0964896652413125
319,1576249200,622,1208,586,1830,50,0.4218249141995261,0.35600813372420087
319,1576263600,1242,1753,511,2995,50,0.25579361597029865,1.401657811563516
319,1576278000,503,571,68,1074,50,-0.7248979189036715,-0.3225422151569341
319,1576292400,128,173,45,301,50,-0.7758141836939679,-1.0163509713541792
319,1576306800,28,87,59,115,50,-0.7448216746911789,-1.1832958984598554
319,1576321200,203,817,614,1020,50,0.4838099322051044,-0.37101009721987227
319,1576335600,428,1202,774,1630,50,0.838010035094123,0.17649745941702233
319,1576350000,605,1209,604,1814,50,0.4616724257745407,0.3416472797796266
319,1576364400,343,624,281,967,50,-0.2533690319326656,-0.4185804259112746
319,1576378800,133,207,74,340,50,-0.7116154150453333,-0.9813463898642795
319,1576393200,25,108,83,133,50,-0.691691659257826,-1.1671399377722091
319,1576407600,192,556,364,748,50,-0.06962772855898716,-0.6151446142776351
319,1576422000,419,1094,675,1513,50,0.6188487214315427,0.07148371494732286
319,1576436400,386,879,493,1265,50,0.21594610439528408,-0.15110952119357857
319,1576450800,226,371,145,597,50,-0.5544391193883313,-0.7506751733795549
319,1576465200,68,110,42,178,50,-0.7824554356231371,-1.126750036053094
319,1576479600,68,247,179,315,50,-0.4791715975244149,-1.0037852241526768
319,1576494000,769,2211,1442,2980,50,2.3167954646557756,1.3881945109904776
319,1576508400,683,1142,459,1825,50,0.14067858253136764,0.35152036686652144
319,1576522800,1325,1714,389,3039,50,-0.014283962482578006,1.4411501599110954
319,1576537200,600,506,-94,1106,50,-1.0835255230788028,-0.2938205072677855
319,1576551600,115,96,-19,211,51,-1.0343834345230416,-1.0918559860303227
319,1576566000,73,277,204,350,51,-0.48879379394508315,-0.948288445174785
319,1576580400,754,2119,1365,2873,51,2.3516975635033908,1.6576173503541498
319,1576594800,577,1208,631,1785,51,0.555900271197465,0.533865663657566
319,1576609200,1336,1675,339,3011,51,-0.1585041012185164,1.8001520312035328
319,1576623600,627,541,-86,1168,51,-1.1983049857280783,-0.10340896014003718
319,1576638000,111,158,47,269,51,-0.8729084736344978,-1.0319501056733358
319,1576652400,82,279,197,361,51,-0.5059199261605347,-0.9369269851070806
319,1576666800,739,2056,1317,2795,51,2.234261228311723,1.577054269874064
319,1576681200,605,1383,778,1988,51,0.9155490477219488,0.7435362449070205
319,1576695600,1347,1892,545,3239,51,0.34549350397905954,2.035644112606861
319,1576710000,623,526,-97,1149,51,-1.2252174792095023,-0.12303330025698121
319,1576724400,103,105,2,208,51,-0.9830050378766867,-1.0949545660487876
319,1576738800,68,263,195,331,51,-0.5108131067935209,-0.967912785291729
319,1576753200,720,2127,1407,2847,51,2.454454356796101,1.6307629901941212
319,1576767600,607,1349,742,1956,51,0.8274717963281977,0.7104847247100622
319,1576782000,1229,1746,517,2975,51,0.27698897511725307,1.7629690709819545
319,1576796400,564,469,-95,1033,51,-1.2203242985765161,-0.24284506097095523
319,1576810800,131,144,13,275,51,-0.9560925443952627,-1.025752945636406
319,1576825200,80,260,180,340,51,-0.5475119615409172,-0.9586170452363345
319,1576839600,668,1815,1147,2483,51,1.818340874507898,1.25480194795372
319,1576854000,659,1211,552,1870,51,0.3626196361945111,0.6216587641807366
319,1576868400,1031,1513,482,2544,51,0.19135831403999504,1.3178064083291718
319,1576882800,391,480,89,871,51,-0.7701516803417882,-0.4101683819680569
319,1576897200,125,191,66,316,51,-0.8264232576211291,-0.9834056853840533
319,1576911600,38,114,76,152,51,-0.8019573544561983,-1.1527947263934648
319,1576926000,210,714,504,924,51,0.24518330100284294,-0.3554268016418446
319,1576940400,370,1081,711,1451,51,0.751627496516912,0.1888904216018132
319,1576954800,480,1098,618,1578,51,0.5240945970830548,0.32006364238349166
319,1576969200,251,486,235,737,51,-0.41294949413379745,-0.54857162279282
319,1576983600,95,172,77,267,51,-0.7995107641397052,-1.0340158256856458
319,1576998000,26,100,74,126,51,-0.8068505350891845,-1.1796490865534934
319,1577012400,151,419,268,570,51,-0.3322120136895256,-0.7210592438206963
319,1577026800,341,1034,693,1375,51,0.7075888708200364,0.11039306113403714
319,1577041200,387,904,517,1291,51,0.27698897511725307,0.023632820617021467
319,1577055600,204,354,150,558,51,-0.6209096710357098,-0.7334535638945557
319,1577070000,75,110,35,185,51,-0.9022675574324148,-1.1187103461903516
319,1577084400,77,243,166,320,51,-0.5817642259718204,-0.9792742453594334
319,1577098800,404,1492,1088,1896,51,1.6739920458348059,0.6485131243407652
319,1577113200,456,1247,791,1703,51,0.9473547218363589,0.4491711431528602
319,1577127600,884,1202,318,2086,51,-0.20988249786487123,0.8447565255102055
319,1577142000,337,457,120,794,51,-0.6943073805305024,-0.4896986024419879
319,1577156400,82,115,33,197,52,-0.8515107885261122,-0.9758872173973115
319,1577170800,55,184,129,239,52,-0.5153996258116762,-0.9093359478528633
319,1577185200,271,1021,750,1292,52,1.6588194579973312,0.7591994528686615
319,1577199600,503,939,436,1442,52,0.5594558632855304,0.9968825583845482
319,1577214000,544,847,303,1391,52,0.09380185660823892,0.9160703025091468
319,1577228400,204,279,75,483,52,-0.7044621548385465,-0.5227047628803542
319,1577242800,80,95,15,175,52,-0.9145316315350689,-1.0107474062063082
319,1577257200,16,56,40,72,52,-0.8270026829115179,-1.1739564719938838
319,1577271600,70,241,171,311,52,-0.3683509921241105,-0.7952480572052376
319,1577286000,142,422,280,564,52,0.013275223874571973,-0.3943558859017754
319,1577300400,221,471,250,692,52,-0.09175951447368927,-0.19153296919488538
319,1577314800,132,246,114,378,52,-0.5679169949858068,-0.6890829367414749
319,1577329200,40,91,51,131,52,-0.7884899455171555,-1.0804677838243018
319,1577343600,60,182,122,242,52,-0.5399077314262706,-0.9045822857425455
319,1577358000,295,1200,905,1495,52,2.201498939463348,1.0808639223334948
319,1577372400,395,998,603,1393,52,1.1441492400908513,0.9192394105826919
319,1577386800,729,1108,379,1837,52,0.35988986042383403,1.6227814029097165
319,1577401200,314,376,62,690,52,-0.749977208122793,-0.19470207726843053
319,1577415600,81,143,62,224,52,-0.749977208122793,-0.933104258404452
319,1577430000,70,172,102,242,52,-0.6099308903251114,-0.9045822857425455
319,1577444400,323,1238,915,1561,52,2.2365105189127683,1.1854444887604851
319,1577458800,382,1110,728,1492,52,1.5817939832086063,1.0761102602231771
319,1577473200,1094,1117,23,2211,52,-0.8865223679755326,2.215404612662661
319,1577487600,337,418,81,755,52,-0.6834552071688942,-0.09170606487821296
