remote_unit_id,time_stamp,entries,exits,num_people_exited,sum_exit_entry,week_num,z_score_num_people_exited,z_score_sum_exit_entry
321,1546311600,123,54,-69,177,1,0.18781790331062437,-0.6725166993074213
321,1546326000,35,20,-15,55,1,0.40841396996442864,-0.9709987752928025
321,1546340400,34,47,13,81,1,0.5227971156367716,-0.9073878410664098
321,1546354800,126,121,-5,247,1,0.44926509341883686,-0.5012564917748255
321,1546369200,225,93,-132,318,1,-0.06954417445214726,-0.3275497098489069
321,1546383600,102,44,-58,146,1,0.23275413911047338,-0.748360505500428
321,1546398000,31,10,-21,41,1,0.38390329589178374,-1.0052508167993217
321,1546412400,22,55,33,77,1,0.604499362545588,-0.917174138639701
321,1546426800,270,549,279,819,1,1.6094369995240296,0.8981840612058144
321,1546441200,396,245,-151,641,1,-0.14716130901552285,0.4626938191943565
321,1546455600,1021,302,-719,1323,1,-2.4675051212259085,2.131257555440504
321,1546470000,337,100,-237,437,1,-0.49848097072343334,-0.03640735704349407
321,1546484400,68,13,-55,81,1,0.24500947614679586,-0.9073878410664098
321,1546498800,27,46,19,73,1,0.5473077897094165,-0.9269604362129922
321,1546513200,342,584,242,926,1,1.4582878427427193,1.1599675212913536
321,1546527600,395,303,-92,698,1,0.09386031936548551,0.6021485596137559
321,1546542000,1135,310,-825,1445,1,-2.9005270298426353,2.429739631425885
321,1546556400,389,144,-245,533,1,-0.5311618694869599,0.19846378471549445
321,1546570800,64,19,-45,83,1,0.285860599601204,-0.9024946922797642
321,1546585200,22,48,26,70,1,0.5759035761275022,-0.9343001593929605
321,1546599600,331,539,208,870,1,1.3193940229977315,1.022959355265277
321,1546614000,427,255,-172,682,1,-0.23294866826978006,0.5630033693205911
321,1546628400,1047,354,-693,1401,1,-2.361292200244447,2.322090358119682
321,1546642800,398,124,-274,522,1,-0.6496301275047437,0.17155146638894367
321,1546657200,105,37,-68,142,1,0.19190301565606518,-0.7581468030737192
321,1546671600,13,14,1,27,1,0.47377576749148176,-1.0395028583058408
321,1546686000,84,177,93,261,1,0.8496061032720371,-0.46700445026830634
321,1546700400,350,224,-126,574,1,-0.04503350037950235,0.29877333484172913
321,1546714800,415,219,-196,634,1,-0.3309913645603597,0.44556779844109695
321,1546729200,220,126,-94,346,1,0.08569009467460388,-0.25904562683586857
321,1546743600,93,34,-59,127,1,0.22866902676503256,-0.7948454189735611
321,1546758000,20,9,-11,29,1,0.4247544193461919,-1.0346097095191953
321,1546772400,61,77,16,138,1,0.5350524526730941,-0.7679331006470104
321,1546786800,278,235,-43,513,1,0.29403082429208566,0.1495322968490385
321,1546801200,422,211,-211,633,1,-0.392268049741972,0.44312122404777415
321,1546815600,175,60,-115,235,1,-9.726457965333073e-05,-0.530615384494699
321,1546830000,28,8,-20,36,1,0.3879884082372245,-1.0174836887659355
321,1546844400,24,46,22,70,1,0.5595631267457389,-0.9343001593929605
321,1546858800,357,568,211,925,1,1.331649360034054,1.1575209468980308
321,1546873200,403,247,-156,650,1,-0.16758687074272693,0.48471298873426166
321,1546887600,1087,289,-798,1376,1,-2.790228996515733,2.2609259982866123
321,1546902000,402,115,-287,517,1,-0.7027365879954743,0.15931859442232968
321,1546916400,53,9,-44,62,2,0.3546160634678987,-1.0499153210515677
321,1546930800,29,55,26,84,2,0.608653886712446,-1.0005150890191994
321,1546945200,419,585,166,1004,2,1.1167295332015406,1.0653127959707474
321,1546959600,411,193,-218,604,2,-0.2768493828828332,0.16712675901859667
321,1546974000,1098,323,-775,1421,2,-2.2982646335573023,2.0016717394933647
321,1546988400,464,104,-360,568,2,-0.7921832528932006,0.0862900156929031
321,1547002800,62,17,-45,79,2,0.35098695170726235,-1.0117424144811011
321,1547017200,25,56,31,81,2,0.6267994455156279,-1.0072514842963405
321,1547031600,385,537,152,922,2,1.065921968552631,0.8811846583955565
321,1547046000,462,274,-188,736,2,-0.16797603006374145,0.46352815121280644
321,1547060400,1088,346,-742,1434,2,-2.1785039454563013,2.0308627856943096
321,1547074800,459,146,-313,605,2,-0.6216150001432902,0.16937222411097705
321,1547089200,56,15,-41,71,2,0.3655033987498079,-1.0297061352201442
321,1547103600,27,49,22,76,2,0.5941374396699005,-1.0184788097582425
321,1547118000,358,608,250,966,2,1.4215749210949975,0.9799851224602931
321,1547132400,419,253,-166,672,2,-0.08813557132974087,0.3198183853004623
321,1547146800,1158,357,-801,1515,2,-2.3926215393338484,2.21274545817712
321,1547161200,455,123,-332,578,2,-0.6905681235953817,0.10874466661670686
321,1547175600,75,22,-53,97,2,0.3219540576221712,-0.9713240428182545
321,1547190000,23,47,24,70,2,0.6013956631911732,-1.0319516003125246
321,1547204400,370,560,190,930,2,1.203828215456814,0.8991483791345996
321,1547218800,400,281,-119,681,2,0.08243268142016946,0.3400275711318857
321,1547233200,1068,338,-730,1406,2,-2.134954604328665,1.967989763107659
321,1547247600,414,129,-285,543,2,-0.5199998708454713,0.03015338838339367
321,1547262000,85,39,-46,124,2,0.34735783994662595,-0.9106964853239843
321,1547276400,18,18,0,36,2,0.5142969809358999,-1.1082974134534573
321,1547290800,88,158,70,246,2,0.7683348041804472,-0.6367497440535783
321,1547305200,285,264,-21,549,2,0.4380856339625357,0.04362617893767593
321,1547319600,419,227,-192,646,2,-0.18249247710628702,0.2614362928985725
321,1547334000,241,110,-131,351,2,0.03888334029253278,-0.4009759093536387
321,1547348400,71,35,-36,106,2,0.38364895755298983,-0.9511148569868311
321,1547362800,21,19,-2,40,2,0.5070387574146271,-1.099315553083936
321,1547377200,48,103,55,151,2,0.7138981277709013,-0.8500689278297141
321,1547391600,233,227,-6,460,2,0.49252231037208155,-0.15622021428417762
321,1547406000,359,176,-183,535,2,-0.1498304712605595,0.012189667644350654
321,1547420400,153,68,-85,221,2,0.20582248128180672,-0.6928863713630877
321,1547434800,33,12,-21,45,2,0.4380856339625357,-1.088088227622034
321,1547449200,33,54,21,87,2,0.5905083279092641,-0.9937786937420582
321,1547463600,369,626,257,995,2,1.4469787034194521,1.045103610139324
321,1547478000,364,235,-129,599,2,0.04614156381380556,0.15589943355669478
321,1547492400,1096,247,-849,1343,2,-2.5668189038443954,1.8265254622876952
321,1547506800,403,100,-303,503,2,-0.5853238825369264,-0.05966521531182141
321,1547521200,44,16,-28,60,3,0.37297099557200725,-1.0434492039203802
321,1547535600,28,52,24,80,3,0.5699169951680575,-0.999011091402984
321,1547550000,373,640,267,1013,3,1.490260800972677,1.0740268575335408
321,1547564400,455,275,-180,730,3,-0.20271731093952422,0.44522756541238695
321,1547578800,1190,384,-806,1574,3,-2.573644152230437,2.3205159136464992
321,1547593200,496,104,-392,600,3,-1.0056510016003444,0.15637983404931277
321,1547607600,61,21,-40,82,3,0.32752191874214953,-0.9945672801512445
321,1547622000,26,52,26,78,3,0.5774918413063671,-1.0034549026547237
321,1547636400,369,598,229,967,3,1.346338724344794,0.97181919874353
321,1547650800,493,304,-189,797,3,-0.23680411856191755,0.5940952423456637
321,1547665200,1167,344,-823,1511,3,-2.6380303444060687,2.180535859216702
321,1547679600,520,140,-380,660,3,-0.9602019247704867,0.28969417160150085
321,1547694000,66,18,-48,84,3,0.29722253418891104,-0.9901234688995049
321,1547708400,22,45,23,67,3,0.5661295720989027,-1.0278958645392915
321,1547722800,392,603,211,995,3,1.2781651091000075,1.0340325562678845
321,1547737200,414,238,-176,652,3,-0.18756761866290497,0.2719189265945424
321,1547751600,1215,400,-815,1615,3,-2.60773095985283,2.411614044307161
321,1547766000,560,156,-404,716,3,-1.0511000784302023,0.41412088665020974
321,1547780400,76,24,-52,100,3,0.28207284191229176,-0.954572978885588
321,1547794800,33,44,11,77,3,0.5206804952690449,-1.0056768082805936
321,1547809200,348,601,253,949,3,1.4372368780045095,0.9318248974778736
321,1547823600,459,289,-170,748,3,-0.1648430802479761,0.4852218666780434
321,1547838000,1033,391,-642,1424,3,-1.9525067688890476,1.9872300697660292
321,1547852400,394,140,-254,534,3,-0.48298661805698034,0.009734062741905858
321,1547866800,111,46,-65,157,3,0.2328363420132792,-0.8279243582110093
321,1547881200,21,30,9,51,3,0.5131056491307353,-1.0634463545532082
321,1547895600,75,211,136,286,3,0.9941083789133965,-0.5412985324738049
321,1547910000,346,406,60,752,3,0.7062642256576308,0.4941094891815226
321,1547924400,527,254,-273,781,3,-0.5549476563709218,0.5585447523317468
321,1547938800,293,145,-148,438,3,-0.08151977272657022,-0.2035688773415951
321,1547953200,68,33,-35,101,3,0.34645903408792356,-0.9523510732597182
321,1547967600,26,13,-13,39,3,0.42978234160932943,-1.090109222063646
321,1547982000,50,109,59,159,3,0.7024768025884759,-0.8234805469592698
321,1547996400,280,359,79,639,3,0.7782252639715722,0.24303415345823504
321,1548010800,441,240,-201,681,3,-0.2822531953917753,0.3363541897447667
321,1548025200,214,69,-145,283,3,-0.0701575035191058,-0.5479642493514143
321,1548039600,34,22,-12,56,3,0.43356976467848424,-1.0523368264238593
321,1548054000,17,33,16,50,3,0.539617610614819,-1.0656682601790781
321,1548068400,126,185,59,311,3,0.7024768025884759,-0.4857508918270599
321,1548082800,254,195,-59,449,3,0.25556088042820807,-0.17912791545702728
321,1548097200,457,180,-277,637,3,-0.570097348647541,0.23859034220649541
321,1548111600,204,57,-147,261,3,-0.07773234965741542,-0.59684617312055
321,1548126000,46,9,-37,55,4,0.41029984049248414,-1.153905687586773
321,1548140400,27,40,13,67,4,0.6019008333842378,-1.1266135356066833
321,1548154800,380,525,145,905,4,1.1077274546184677,0.7792884110029212
321,1548169200,376,270,-106,646,4,0.14589047030186397,0.19023279743264968
321,1548183600,1069,299,-770,1368,4,-2.3985707153006257,1.8323106082347194
321,1548198000,492,114,-378,606,4,-0.8964189310292764,0.099258957499017
321,1548212400,70,15,-55,85,4,0.34132348305145277,-1.0856753076365486
321,1548226800,33,59,26,92,4,0.6517170915360938,-1.069754885648163
321,1548241200,406,536,130,942,4,1.0502471567509415,0.8634392129415315
321,1548255600,432,255,-177,687,4,-0.12618293960442634,0.2834809833646232
321,1548270000,1131,331,-800,1462,4,-2.513531311035678,2.0460991320787563
321,1548284400,476,156,-320,632,4,-0.674161779274842,0.15839195345587823
321,1548298800,74,26,-48,100,4,0.3681476220562983,-1.0515601176614362
321,1548313200,29,60,31,89,4,0.6708771908252692,-1.0765779236431854
321,1548327600,415,587,172,1002,4,1.2111919907800146,0.9998999728419805
321,1548342000,428,227,-201,655,4,-0.21815141619246814,0.21070191141771702
321,1548356400,1131,344,-787,1475,4,-2.463715052883822,2.0756656300571867
321,1548370800,505,150,-355,655,4,-0.8082824742990696,0.21070191141771702
321,1548385200,80,19,-61,99,4,0.31833136390444233,-1.0538344636597772
321,1548399600,28,55,27,83,4,0.6555491113939289,-1.0902239996332301
321,1548414000,384,526,142,910,4,1.0962313950449625,0.7906601409946253
321,1548428400,429,227,-202,656,4,-0.2219834360503032,0.21297625741605786
321,1548442800,1055,389,-666,1444,4,-2.000040650085778,2.0051609041086214
321,1548457200,458,167,-291,625,4,-0.5630332033976249,0.14247153146749253
321,1548471600,130,53,-77,183,4,0.2570190461790811,-0.8627893997991485
321,1548486000,23,17,-6,40,4,0.5290924560853715,-1.1880208775618852
321,1548500400,103,229,126,332,4,1.0349190773196013,-0.5239118460463668
321,1548514800,339,401,62,740,4,0.7896698064181565,0.40402132127668644
321,1548529200,533,369,-164,902,4,-0.07636668145257038,0.7724653730078987
321,1548543600,321,212,-109,533,4,0.13439441072835873,-0.06676830037986263
321,1548558000,126,34,-92,160,4,0.19953874831155502,-0.9150993577609873
321,1548572400,29,10,-19,39,4,0.47927619793351545,-1.1902952235602262
321,1548586800,70,116,46,186,4,0.7283574886927954,-0.8559663618041261
321,1548601200,291,290,-1,581,4,0.5482525553745469,0.04240030754049658
321,1548615600,447,249,-198,696,4,-0.20665535661896292,0.30395009734969053
321,1548630000,219,106,-113,325,4,0.11906633129701844,-0.5398322680347525
321,1548644400,32,10,-22,42,4,0.46778013836001026,-1.1834721855652037
321,1548658800,35,53,18,88,4,0.6210609326734132,-1.0788522696415261
321,1548673200,394,554,160,948,4,1.1652077524859938,0.8770852889315763
321,1548687600,330,242,-88,572,4,0.2148668277428953,0.021931193555429232
321,1548702000,1046,333,-713,1379,4,-2.1801455834040264,1.8573284142164683
321,1548716400,413,120,-293,533,4,-0.5706972431132951,-0.06676830037986263
321,1548730800,66,13,-53,79,5,0.3586405857928729,-1.0512712160925575
321,1548745200,30,71,41,101,5,0.7028061242009431,-1.0013213130074967
321,1548759600,385,579,194,964,5,1.2629904579928022,0.9580771580110224
321,1548774000,415,265,-150,680,5,0.0034910408398641855,0.3132693181856928
321,1548788400,1200,327,-873,1527,5,-2.6436545364902932,2.2363405869605315
321,1548802800,445,121,-324,566,5,-0.6335813387665638,0.05443800219946896
321,1548817200,70,17,-53,87,5,0.3586405857928729,-1.0331076149707172
321,1548831600,25,59,34,84,5,0.6771767755960868,-1.0399189653914074
321,1548846000,440,628,188,1068,5,1.2410224449029255,1.194203972594946
321,1548860400,513,284,-229,797,5,-0.285754464843514,0.5789119845926067
321,1548874800,1154,300,-854,1454,5,-2.5740891617056834,2.070597726723739
321,1548889200,465,117,-348,582,5,-0.7214533911260711,0.0907652044431495
321,1548903600,64,14,-50,78,5,0.3696245923378113,-1.0535416662327874
321,1548918000,26,47,21,73,5,0.6295794139013537,-1.0648939169339378
321,1548932400,378,562,184,940,5,1.2263771028430075,0.9035863546455016
321,1548946800,384,231,-153,615,5,-0.007492965705074227,0.1656900590707406
321,1548961200,1033,339,-694,1372,5,-1.988275479308968,1.8844208152248763
321,1548975600,414,111,-303,525,5,-0.5566932929519949,-0.038650453549962424
321,1548990000,65,21,-44,86,5,0.3915926054276881,-1.0353780651109472
321,1549004400,28,51,23,79,5,0.6369020849313126,-1.0512712160925575
321,1549013449,144,370,226,514,5,1.3801531944721452,-0.0636254050924928
321,1549018800,343,304,-39,647,5,0.4098992830025855,0.2383444635581017
321,1549033200,451,273,-178,724,5,-0.09902635357956101,0.4131691243558143
321,1549047600,1081,341,-740,1422,5,-2.1566969129980236,1.9979433222363778
321,1549062000,460,141,-319,601,5,-0.6152746611916664,0.13390375710752014
321,1549076400,120,24,-96,144,5,0.20120315864875563,-0.9036919569776053
321,1549090800,26,20,-6,46,5,0.530723354996908,-1.1261960707201486
321,1549105200,109,168,59,277,5,0.7687101634705736,-0.6017220883270108
321,1549119600,378,297,-81,675,5,0.2561231913734477,0.30191706748454267
321,1549134000,509,247,-262,756,5,-0.40657853683783657,0.48582352884317537
321,1549148400,271,108,-163,379,5,-0.04410632085486894,-0.37013617402354737
321,1549162800,99,47,-52,146,5,0.3623019213078523,-0.8991510566971452
321,1549177200,21,14,-7,35,5,0.5270620194819285,-1.151171022262679
321,1549191600,66,110,44,176,5,0.7137901307458816,-0.8310375524902442
321,1549206000,282,232,-50,514,5,0.3696245923378113,-0.0636254050924928
321,1549220400,411,183,-228,594,5,-0.28209312932853453,0.11801060612590991
321,1549234800,188,59,-129,247,5,0.08037908665443308,-0.6698355925339118
321,1549249200,39,14,-25,53,5,0.46115798021229804,-1.1103029197385383
321,1549263600,27,55,28,82,5,0.6552087625062101,-1.0444598656718673
321,1549278000,376,582,206,958,5,1.3069264841725559,0.9444544571696423
321,1549292400,403,226,-177,629,5,-0.09536501806458153,0.1974763610339611
321,1549306800,1105,333,-772,1438,5,-2.273859649477367,2.0342705244800583
321,1549321200,390,103,-287,493,5,-0.49811192471232335,-0.11130485803732351
321,1549335600,75,14,-61,89,6,0.33624699027170735,-1.048389990218465
321,1549350000,21,61,40,82,6,0.6948090145885958,-1.0637109295327223
321,1549364400,386,528,142,914,6,1.0569211579581268,0.7572921432475759
321,1549378800,394,248,-146,642,6,0.03448687079709821,0.16196421560786306
321,1549393200,1048,330,-718,1378,6,-1.9961812273143889,1.7728515492212038
321,1549407600,518,119,-399,637,6,-0.8636932495214442,0.1510206875262507
321,1549422000,58,33,-25,91,6,0.4640512761668359,-1.04401257898582
321,1549436400,29,57,28,86,6,0.6522075859568863,-1.0549561070674323
321,1549450800,384,570,186,954,6,1.213126396274395,0.8448403679004749
321,1549465200,501,294,-207,795,6,-0.18207039141409184,0.49683617490520154
321,1549479600,1186,323,-863,1509,6,-2.5109484899475456,2.059571984959448
321,1549494000,482,158,-324,640,6,-0.5974343205732597,0.1575868043752181
321,1549508400,67,38,-29,105,6,0.44985079995626603,-1.0133707003573054
321,1549522800,27,57,30,84,6,0.6593078240621711,-1.0593335183000774
321,1549537200,419,601,182,1020,6,1.1989259200638251,0.9892949385777582
321,1549551600,447,269,-178,716,6,-0.0791169388874605,0.3239284312157261
321,1549566000,1172,394,-778,1566,6,-2.2091883704729365,2.184328205089829
321,1549580400,544,134,-410,678,6,-0.9027445591005112,0.2407576177954721
321,1549594800,71,47,-24,118,6,0.46760139521947836,-0.9849175273451132
321,1549609200,30,78,48,108,6,0.7232099670097355,-1.006804583508338
321,1549623600,381,597,216,978,6,1.3196299678536687,0.8973693026922143
321,1549638000,485,267,-218,752,6,-0.22112170099315892,0.40272183340333517
321,1549652400,1124,381,-743,1505,6,-2.0849342036304503,2.050817162494158
321,1549666800,453,132,-321,585,6,-0.5867839634153323,0.037207995477482055
321,1549681200,91,40,-51,131,6,0.37174818079813193,-0.956464354332921
321,1549695600,24,32,8,56,6,0.581205204904037,-1.1206172755571067
321,1549710000,100,188,88,288,6,0.8652147291154338,-0.6128375725702927
321,1549724400,322,291,-31,613,6,0.4427505618509811,0.09849175273451131
321,1549738800,527,236,-291,763,6,-0.48028039183605853,0.4267975951828824
321,1549753200,302,156,-146,458,6,0.03448687079709821,-0.2407576177954721
321,1549767600,129,36,-93,165,6,0.2226431805871486,-0.8820483633779569
321,1549782000,19,21,2,40,6,0.5599044905881823,-1.155636565418266
321,1549796400,65,117,52,182,6,0.7374104432203054,-0.8448403679004749
321,1549810800,261,247,-14,508,6,0.5031025857459029,-0.13132233697934842
321,1549825200,435,180,-255,615,6,-0.35247610594092993,0.10286916396715627
321,1549839600,175,73,-102,248,6,0.19069210911336645,-0.7003857972231916
321,1549854000,41,10,-31,51,6,0.4427505618509811,-1.131560803638719
321,1549868400,27,49,22,76,6,0.6309068716410315,-1.076843163230657
321,1549882800,379,596,217,975,6,1.3231800869063113,0.8908031858432468
321,1549897200,413,243,-170,656,6,-0.05071598646632083,0.1926060942363777
321,1549911600,1162,312,-850,1474,6,-2.4647969422631935,1.9829672883881613
321,1549926000,424,101,-323,525,6,-0.5938842015206173,-0.09411434150186637
321,1549940400,63,17,-46,80,7,0.3610410802489688,-1.0041189648350504
321,1549954800,27,57,30,84,7,0.6718859238000892,-0.9945837895997548
321,1549969200,387,581,194,968,7,1.3426563756735592,1.1126899374005752
321,1549983600,430,247,-183,677,7,-0.19929765088923504,0.4190059390328196
321,1549998000,1054,301,-753,1355,7,-2.530633977522638,2.0352181414154256
321,1550012400,438,108,-330,546,7,-0.8005370193367968,0.10672895007688832
321,1550026800,63,21,-42,84,7,0.37740133517271196,-0.9945837895997548
321,1550041200,33,58,25,91,7,0.6514356051454102,-0.9778972329379875
321,1550055600,395,627,232,1022,7,1.4980787974491194,1.241414803077066
321,1550070000,532,271,-261,803,7,-0.518322621902227,0.7193639589446313
321,1550084400,1105,414,-691,1519,7,-2.2770500262046185,2.4261603260625457
321,1550098800,569,121,-448,690,7,-1.2831645395872207,0.4499952585475303
321,1550113200,85,17,-68,102,7,0.2710596781683813,-0.9516755010409245
321,1550127600,21,49,28,70,7,0.6637057963382176,-1.0279569029232893
321,1550142000,391,608,217,999,7,1.4367278414850826,1.1865875454741164
321,1550142145,0,0,0,0,7,0.5491840118720153,-1.1948224695409626
321,1550156400,434,279,-155,713,7,-0.0847758664230328,0.5048225161504801
321,1550170800,1142,378,-764,1520,7,-2.5756246785629315,2.4285441198713698
321,1550185200,408,122,-286,530,7,-0.6205742151756218,0.06858824913570588
321,1550199600,107,17,-90,124,7,0.18107827608779384,-0.8992320372467987
321,1550214000,30,50,20,80,7,0.6309852864907312,-1.0041189648350504
321,1550222519,222,173,-49,395,7,0.3487708890561614,-0.253223915055521
321,1550228400,224,510,286,734,7,1.7189422389196523,0.554882186135782
321,1550242800,449,290,-159,739,7,-0.10113612134677598,0.5668011551799016
321,1550257200,1060,317,-743,1377,7,-2.48973334021328,2.0876616052095516
321,1550271600,439,153,-286,592,7,-0.6205742151756218,0.21638346528278785
321,1550286000,119,32,-87,151,7,0.1933484672806012,-0.8348696044085533
321,1550300400,19,22,3,41,7,0.5614542030648227,-1.0970869233791827
321,1550314800,100,163,63,263,7,0.8068580269209703,-0.5678846978202762
321,1550329200,327,249,-78,576,7,0.23015904085902336,0.1782427643416054
321,1550343600,493,252,-241,745,7,-0.4365213472835111,0.581103918032845
321,1550358000,302,129,-173,431,7,-0.1583970135798771,-0.1674073379378605
321,1550372400,102,48,-54,150,7,0.32832057040148244,-0.8372533982173772
321,1550386800,27,15,-12,42,7,0.5001032471007858,-1.0947031295703586
321,1550401200,69,125,56,194,7,0.7782275808044198,-0.7323664706291254
321,1550415600,319,246,-73,565,7,0.25060935951370233,0.1520210324445425
321,1550430000,437,196,-241,633,7,-0.4365213472835111,0.3141190114445679
321,1550444400,223,68,-155,291,7,-0.0847758664230328,-0.5011384711732069
321,1550458800,48,19,-29,67,7,0.4305721636748773,-1.0351082843497612
321,1550473200,25,32,7,57,7,0.5778144579885659,-1.0589462224380002
321,1550487600,134,192,58,326,7,0.7864077082662914,-0.4177056878643703
321,1550502000,302,224,-78,526,7,0.23015904085902336,0.05905307390041027
321,1550516400,576,213,-363,789,7,-0.935509122457678,0.6859908456210967
321,1550530800,251,62,-189,313,7,-0.2238380332748498,-0.448695007379081
321,1550545200,43,29,-14,72,8,0.6614256377027312,-1.2289762156702868
321,1550559600,26,61,35,87,8,0.8516987663569415,-1.1950370136419572
321,1550574000,380,482,102,862,8,1.111868146353515,0.5584884244883999
321,1550588400,354,223,-131,577,8,0.20710000397737183,-0.08635641404986051
321,1550602800,1011,330,-681,1341,8,-1.9286187870392746,1.6422802759263884
321,1550617200,460,118,-342,578,8,-0.6122393867581053,-0.08409380058130521
321,1550631600,59,27,-32,86,8,0.5915293863603682,-1.1972996271105125
321,1550646000,26,61,35,87,8,0.8516987663569415,-1.1950370136419572
321,1550660400,393,519,126,912,8,1.2050631481433323,0.6716190979161648
321,1550674800,436,261,-175,697,8,0.0362425006960401,0.18515720217677542
321,1550689200,982,289,-693,1271,8,-1.9752162879341832,1.4838973331275174
321,1550703600,470,122,-348,592,8,-0.6355381372055596,-0.05241721202153102
321,1550718000,84,18,-66,102,8,0.4595031338247937,-1.161097811613628
321,1550732400,23,50,27,73,8,0.8206337657603358,-1.2267136022017315
321,1550746800,444,466,22,910,8,0.8012181403874572,0.6670938709790543
321,1550761200,403,295,-108,698,8,0.2964118806926134,0.18741981564533072
321,1550775600,1030,365,-665,1395,8,-1.866488785846063,1.7644614032283745
321,1550790000,605,162,-443,767,8,-1.0044350192902531,0.3435401449756464
321,1550804400,86,26,-60,112,8,0.482801884272248,-1.1384716769280747
321,1550818800,30,50,20,80,8,0.7934518902383058,-1.2108753079218444
321,1550833200,365,412,47,777,8,0.8982962672518502,0.3661662796611994
321,1550847600,397,250,-147,647,8,0.14497000278416028,0.07202652874901046
321,1550862000,984,398,-586,1382,8,-1.5597219049545812,1.7350474281371557
321,1550876400,503,156,-347,659,8,-0.631655012130984,0.09917789037167404
321,1551495600,5268,8089,2821,13357,9,4.020550563043204,4.102603925428888
321,1551510000,30,19,-11,49,9,-0.10413670177778993,-0.35949126271584886
321,1551524400,108,183,75,291,9,0.021118631829062293,-0.27835006677874136
321,1551538800,339,265,-74,604,9,-0.19589351593164678,-0.17340298277744118
321,1551553200,460,250,-210,710,9,-0.39397171791457586,-0.13786179778019575
321,1551567600,287,110,-177,397,9,-0.34590862478636514,-0.24280888178149593
321,1551582000,106,42,-64,148,9,-0.1813289422564314,-0.32629713710521396
321,1551596400,33,17,-16,50,9,-0.1114189886153976,-0.3591559685177616
321,1551610800,68,85,17,153,9,-0.06335589548718687,-0.32462066611477786
321,1551625200,273,218,-55,491,9,-0.16822082594873758,-0.21129122716129714
321,1551639600,417,191,-226,608,9,-0.4172750357949205,-0.17206180598509227
321,1551654000,168,43,-125,211,9,-0.2701728416752452,-0.305173602625719
321,1551668400,44,13,-31,57,9,-0.13326584912822068,-0.3568089091311511
321,1551682800,18,46,28,64,9,-0.04733486444444997,-0.35446184974454054
321,1551697200,335,395,60,730,9,-0.0007282286837607687,-0.13115591381845132
321,1551711600,302,253,-49,555,9,-0.15948208174360834,-0.189832398483715
321,1551726000,879,296,-583,1175,9,-0.9372303160001093,0.01805000433036204
321,1551740400,411,120,-291,531,9,-0.5119447646838204,-0.1978794592378083
321,1551754800,53,25,-28,78,10,0.4899444942588954,-1.079447509642602
321,1551769200,27,52,25,79,10,0.6768234456411282,-1.0772834419737667
321,1551783600,416,611,195,1027,10,1.2762464972445162,0.9742527080819104
321,1551798000,459,256,-203,715,10,-0.1271086470975334,0.29906359540535843
321,1551812400,1169,351,-818,1520,10,-2.2956096867215545,2.0411380688176157
321,1551826800,498,123,-375,621,10,-0.7335837346021378,0.09564123453485879
321,1551841200,68,25,-43,93,10,0.437054224999773,-1.0469864946100753
321,1551855600,30,51,21,81,10,0.6627193738386955,-1.0729553066360966
321,1551870000,418,626,208,1044,10,1.3220847306024224,1.0110418584521073
321,1551884400,542,257,-285,799,10,-0.4162421190474029,0.48084527958750706
321,1551898800,1085,346,-739,1431,10,-2.0170542686235096,1.8485360462912919
321,1551913200,557,103,-454,660,10,-1.0121391527001826,0.18003987361942778
321,1551927600,59,21,-38,80,10,0.4546843147528138,-1.0751193743049317
321,1551942000,21,56,35,77,10,0.7120836251472098,-1.081611577311437
321,1551956400,409,581,172,990,10,1.1951480843805284,0.8941822043350116
321,1551970800,430,259,-171,689,10,-0.014276072678072125,0.24279783601564575
321,1551985200,1135,346,-789,1481,10,-2.1933551661539177,1.956739429733047
321,1551999600,590,127,-463,717,10,-1.0438733142556562,0.3033917307430286
321,1552014000,75,27,-48,102,10,0.4194241352467321,-1.0275098855905593
321,1552028400,34,49,15,83,10,0.6415632661350466,-1.0686271712984263
321,1552042800,368,573,205,941,10,1.3115066767505978,0.7881428885620916
321,1552057200,529,286,-243,815,10,-0.26814936512186,0.5154703622888687
321,1552071600,1157,362,-795,1519,10,-2.2145112738575667,2.0389740011487807
321,1552086000,477,149,-328,626,10,-0.567860890923554,0.1064615728790343
321,1552100400,109,46,-63,155,10,0.3665338659876097,-0.912814299142299
321,1552114800,26,17,-9,43,10,0.5569388353204505,-1.1551898780518304
321,1552129200,106,165,59,271,10,0.7967080559618057,-0.661782449557427
321,1552143600,369,291,-78,660,10,0.3136435967284872,0.18003987361942778
321,1552158000,539,262,-277,801,10,-0.3880339754425376,0.48517341492517724
321,1552172400,347,111,-236,458,10,-0.24346723946760282,-0.2571017954852629
321,1552190400,125,46,-79,171,10,0.31011757877787904,-0.8781892164409374
321,1552204800,32,28,-4,60,10,0.5745689250734913,-1.1184007276816337
321,1552219200,84,113,29,197,10,0.6909275174435608,-0.8219234570512247
321,1552233600,320,215,-105,535,10,0.21844111206206673,-0.09046858498496003
321,1552248000,364,140,-224,504,10,-0.20115502406030486,-0.1575546827188482
321,1552262400,161,39,-122,200,10,0.15849880690172793,-0.8154312540447194
321,1552276800,23,11,-12,34,10,0.5463607814686261,-1.1746664870713464
321,1552291200,89,172,83,261,10,0.8813324867764017,-0.6834231262457782
321,1552305600,367,543,176,910,10,1.209252156182961,0.7210567908282034
321,1552320000,483,211,-272,694,10,-0.3704038856894968,0.25361817435982126
321,1552334400,1097,330,-767,1427,10,-2.115782771240538,1.8398797756159515
321,1552348800,289,72,-217,361,11,-0.1154168361038011,-0.46082922914186547
321,1552363200,22,4,-18,26,11,0.5615332804965988,-1.1168918876490037
321,1552377600,83,162,79,245,11,0.8915039403470449,-0.6880031646249342
321,1552392000,448,539,91,987,11,0.932325052905863,0.7651266640684882
321,1552406400,554,221,-333,775,11,-0.5100209241723759,0.3499467130132246
321,1552420800,1167,357,-810,1524,11,-2.132660148385395,1.8167853136754528
321,1552435200,357,76,-281,433,11,-0.33312943641749754,-0.3198247174627194
321,1552449600,28,14,-14,42,11,0.5751403180162049,-1.0855575517203044
321,1552464000,82,148,66,230,11,0.8472810684083254,-0.7173791045580896
321,1552478400,417,574,157,991,11,1.1568411719793625,0.772960248050663
321,1552492800,585,295,-290,880,11,-0.3637452708366111,0.5555782925453127
321,1552507200,1157,352,-805,1509,11,-2.1156513514858872,1.7874093737422974
321,1552521600,365,62,-303,427,11,-0.4079681427753307,-0.33157509343598157
321,1552536000,37,13,-24,50,11,0.5411227242171898,-1.0698903837559548
321,1552550400,84,154,70,238,11,0.8608881059279315,-0.7017119365937401
321,1552564800,493,678,185,1171,11,1.2520904346166046,1.1254715272485283
321,1552579200,793,325,-468,1118,11,-0.9692584404590795,1.0216765394847123
321,1552593600,1392,495,-897,1887,11,-2.428613214436826,2.5276830600578144
321,1552608000,415,77,-338,492,11,-0.5270297210718835,-0.20427935372564132
321,1552622400,61,10,-51,71,11,0.4492752209598491,-1.0287640678495373
321,1552636800,78,166,88,244,11,0.9221197747661585,-0.6899615606204779
321,1552651200,424,558,134,982,11,1.0786007062416278,0.7553346840907696
321,1552665600,833,372,-461,1205,11,-0.945446124799769,1.1920569910970138
321,1552680000,1283,442,-841,1725,11,-2.238114689162342,2.210422908779736
321,1552694400,404,86,-318,490,11,-0.45899453347385333,-0.2081961457167287
321,1552708800,53,18,-35,71,11,0.5037033710382732,-1.0287640678495373
321,1552723200,29,38,9,67,11,0.6533807837539395,-1.0365976518317122
321,1552737600,251,213,-38,464,11,0.4934980928985687,-0.2591144416008648
321,1552752000,603,286,-317,889,11,-0.4555927740939518,0.573203856505206
321,1552766400,542,175,-367,717,11,-0.6256807430890272,0.23635974527169026
321,1552780800,201,67,-134,268,11,0.166929192428024,-0.6429600567274292
321,1552795200,53,16,-37,69,11,0.4968998522784702,-1.0326808598406247
321,1552809600,24,13,-11,37,11,0.5853455961559094,-1.0953495316980228
321,1552824000,101,82,-19,183,11,0.5581315211166973,-0.8094237163486433
321,1552838400,232,147,-85,379,11,0.33361540204319784,-0.42557810122207895
321,1552852800,290,93,-197,383,11,-0.04738164850577095,-0.4177445172399042
321,1552867200,135,30,-105,165,11,0.2655802144451677,-0.8446748442684299
321,1552881600,26,10,-16,36,11,0.5683367992564019,-1.0973079276935667
321,1552896000,66,180,114,246,11,1.0105655186435978,-0.6860447686293905
321,1552910400,329,537,208,866,11,1.3303309003543393,0.5281607486077009
321,1552924800,520,231,-289,751,11,-0.3603435114567096,0.3029452091201759
321,1552939200,1061,290,-771,1351,11,-1.9999915325692361,1.4779828064463936
321,1552953600,269,93,-176,362,12,-0.07433236077240672,-0.41706235211052234
321,1552968000,37,12,-25,49,12,0.493638521177718,-1.122323695157207
321,1552982400,67,170,103,237,12,0.9750972820361019,-0.6987162431036074
321,1552996800,406,578,172,984,12,1.2346336453113245,0.9844474094710686
321,1553011200,552,248,-304,800,12,-0.5557911216307906,0.5698528819292474
321,1553025600,1215,312,-903,1527,12,-2.808867666585259,2.2079519119450297
321,1553040000,342,94,-248,436,12,-0.34515291375524765,-0.25032324864261607
321,1553054400,40,12,-28,52,12,0.48235433147009965,-1.1155640017733732
321,1553068800,75,160,85,235,12,0.9073921437903917,-0.7032227053594967
321,1553083200,428,551,123,979,12,1.0503252134202243,0.9731812538313451
321,1553097600,561,257,-304,818,12,-0.5557911216307906,0.6104110422322516
321,1553112000,1099,376,-723,1475,12,-2.1318162841281567,2.0907838932919063
321,1553126400,351,87,-264,438,12,-0.4053352588625456,-0.2458167863867267
321,1553140800,46,22,-24,68,12,0.4973999177469241,-1.0795123037262582
321,1553155200,72,161,89,233,12,0.9224377300672162,-0.7077291676153861
321,1553169600,406,535,129,941,12,1.072893592835461,0.8875584709694473
321,1553184000,558,252,-306,810,12,-0.5633139147692029,0.5923851932086942
321,1553198400,1118,365,-753,1483,12,-2.2446581812043407,2.1088097423154637
321,1553212800,415,115,-300,530,12,-0.5407455353539661,-0.03851952261581615
321,1553227200,76,17,-59,93,12,0.3657510378247098,-1.0231815255276413
321,1553241600,73,149,76,222,12,0.8735395746675365,-0.7325147100227776
321,1553256000,397,543,146,940,12,1.1368373345119651,0.8853052398415026
321,1553270400,590,280,-310,870,12,-0.5783595010460274,0.727579060885375
321,1553284800,1054,351,-703,1405,12,-2.0565883527440345,1.9330577143357788
321,1553299200,323,87,-236,410,12,-0.3000161549247742,-0.30890725796917773
321,1553313600,58,25,-33,83,12,0.463547348624069,-1.045713836807088
321,1553328000,36,60,24,96,12,0.677946953068818,-1.0164218321438072
321,1553342400,121,144,23,265,12,0.674185556499612,-0.6356257715211563
321,1553356800,359,195,-164,554,12,-0.029195601941933238,0.015558024454856172
321,1553371200,409,160,-249,569,12,-0.3489143103244538,0.04935649137402637
321,1553385600,212,67,-145,279,12,0.04227093287298312,-0.6040805357299308
321,1553400000,63,11,-52,74,12,0.39208081380915266,-1.0659929169585902
321,1553414400,22,17,-5,39,12,0.5688664525618404,-1.144856006436654
321,1553428800,118,97,-21,215,12,0.5086841074545425,-0.7482873279183903
321,1553443200,284,169,-115,453,12,0.15511282994916684,-0.2120183194675565
321,1553457600,316,142,-174,458,12,-0.06680956763399448,-0.2007521638278331
321,1553472000,160,47,-113,207,12,0.1626356230875791,-0.7663131769419478
321,1553486400,24,14,-10,38,12,0.5500594697158099,-1.1471092375645986
321,1553500800,79,162,83,241,12,0.8998693506519794,-0.6897033185918287
321,1553515200,396,542,146,938,12,1.1368373345119651,0.8807987775856132
321,1553529600,532,223,-309,755,12,-0.5745981044768212,0.4684574811717368
321,1553544000,1011,306,-705,1317,12,-2.0641111458824466,1.734773375076647
321,1553558400,262,70,-192,332,13,-0.13178339005134537,-0.5606631686564549
321,1553572800,34,19,-15,53,13,0.51401603093857,-1.1781884069604627
321,1553587200,76,165,89,241,13,0.8934687980738875,-0.7620782105405578
321,1553601600,450,581,131,1031,13,1.0467093386477657,0.9864699552664891
321,1553616000,491,279,-212,770,13,-0.20475507603890644,0.40878505491757866
321,1553630400,1156,346,-810,1502,13,-2.3866084870669817,2.028958798424868
321,1553644800,380,93,-287,473,13,-0.4783988984922604,-0.24858052134152633
321,1553659200,36,21,-15,57,13,0.51401603093857,-1.1693349985259966
321,1553673600,81,153,72,234,13,0.8314428649844605,-0.7775716753008735
321,1553688000,429,563,134,992,13,1.0576550915459,0.900149223030445
321,1553702400,578,247,-331,825,13,-0.6389366076648947,0.530519420891487
321,1553716800,1137,387,-750,1524,13,-2.1676934291042986,2.077652544814431
321,1553731200,425,117,-308,542,13,-0.5550191687791995,-0.09585922584698679
321,1553745600,36,14,-22,50,13,0.48847594084292356,-1.1848284632863122
321,1553760000,88,185,97,273,13,0.9226574724689118,-0.6912509430648294
321,1553774400,381,564,183,945,13,1.2364357222154245,0.7961216739254688
321,1553788800,569,282,-287,851,13,-0.4783988984922604,0.5880665757155163
321,1553803200,1130,355,-775,1485,13,-2.25890803658875,1.991331812578387
321,1553817600,462,137,-325,599,13,-0.6170451018686264,0.030301844344154574
321,1553832000,65,20,-45,85,13,0.40455850195722837,-1.1073611394847342
321,1553846400,65,176,111,241,13,0.9737376526602047,-0.7620782105405578
321,1553860800,383,526,143,909,13,1.0904923502403023,0.7164409980152743
321,1553875200,633,266,-367,899,13,-0.7702856424425046,0.6943074769291091
321,1553889600,1091,393,-698,1484,13,-1.97796704553664,1.9891184604697705
321,1553904000,387,101,-286,488,13,-0.47475031419288233,-0.2153802397122786
321,1553918400,86,19,-67,105,13,0.3242896473709112,-1.063094097312404
321,1553932800,23,39,16,62,13,0.6271221442192896,-1.1582682379829141
321,1553947200,145,239,94,384,13,0.9117117195707777,-0.44556885900839616
321,1553961600,445,292,-153,737,13,0.01051139762439867,0.33574443533323367
321,1553976000,533,225,-308,758,13,-0.5550191687791995,0.3822248296141805
321,1553990400,259,105,-154,364,13,0.006862813325020618,-0.4898359011807265
321,1554004800,81,15,-66,96,13,0.32793823167028924,-1.0830142662899525
321,1554019200,20,22,2,42,13,0.5760419640279968,-1.2025352801552442
321,1554033600,108,175,67,283,13,0.8131999434875703,-0.6691174219786642
321,1554048000,405,283,-122,688,13,0.1236175109051183,0.2272901820110244
321,1554062400,369,176,-193,545,13,-0.13543197435072343,-0.08921916952113725
321,1554076800,161,45,-116,206,13,0.14550901670138663,-0.8395455343421359
321,1554091200,28,10,-18,38,13,0.5030702780404358,-1.2113886885897105
321,1554105600,75,160,85,235,13,0.8788744608763752,-0.775358323192257
321,1554120000,382,602,220,984,13,1.3714333412924125,0.8824424061615129
321,1554134400,526,228,-298,754,13,-0.518533325785419,0.37337142117971445
321,1554148800,1094,323,-771,1417,13,-2.244313699391238,1.8408238691924639
321,1554163200,283,69,-214,352,14,-0.21320310783158714,-0.5462850596311415
321,1554177600,27,13,-14,40,14,0.5060362920822009,-1.2262356125762859
321,1554192000,101,176,75,277,14,0.8260978250438366,-0.7097347117814166
321,1554206400,413,483,70,896,14,0.8081168400459919,0.639269750632187
321,1554220800,583,275,-308,858,14,-0.5512456257910675,0.556455260209381
321,1554235200,1203,365,-838,1568,14,-2.4572300355626058,2.1037786338986515
321,1554249600,385,79,-306,464,14,-0.5440532317919297,-0.3022002457533974
321,1554264000,32,9,-23,41,14,0.47367051908608043,-1.2240562838809488
321,1554278400,85,171,86,256,14,0.8656559920390949,-0.7555006143834936
321,1554292800,414,573,159,987,14,1.1281783730076276,0.8375886619078541
321,1554307200,601,286,-315,887,14,-0.5764190047880501,0.619655792374154
321,1554321600,1165,374,-791,1539,14,-2.2882087765828656,2.0405781017338787
321,1554336000,351,86,-265,437,14,-0.3966091548096031,-0.3610421205274964
321,1554350400,43,60,17,103,14,0.6175183990688381,-1.0889379047700547
321,1554364800,94,173,79,267,14,0.8404826130421124,-0.7315279987347866
321,1554379200,467,584,117,1051,14,0.9771380990257321,0.9770656984094221
321,1554393600,589,237,-352,826,14,-0.7094782937721009,0.48671674195859693
321,1554408000,1163,387,-776,1550,14,-2.2342658215893314,2.0645507173825854
321,1554422400,362,104,-258,466,14,-0.3714357758126205,-0.2978415883627234
321,1554436800,40,12,-28,52,14,0.45568953408823576,-1.2000836682322418
321,1554451200,81,167,86,248,14,0.8656559920390949,-0.7729352439461896
321,1554465600,437,567,130,1004,14,1.0238886600201282,0.8746372497285831
321,1554480000,672,334,-338,1006,14,-0.6591315357781358,0.8789959071192571
321,1554494400,1165,370,-795,1535,14,-2.3025935645811413,2.0318607869525307
321,1554508800,398,101,-297,499,14,-0.5116874587958092,-0.22592374141660235
321,1554523200,62,24,-38,86,14,0.41972756409254636,-1.1259864925907836
321,1554537600,29,47,18,76,14,0.621114596068407,-1.1477797795441538
321,1554552000,169,311,142,480,14,1.0670430240149555,-0.26733098662800536
321,1554566400,432,400,-32,832,14,0.44130474608996,0.499792714130619
321,1554580800,572,335,-237,907,14,-0.29591563882167277,0.6632423662808941
321,1554595200,261,121,-140,382,14,0.05291547013651444,-0.48090519877103144
321,1554609600,99,30,-69,129,14,0.30824545710590917,-1.0322753586912927
321,1554624000,27,31,4,58,14,0.5707678380744419,-1.1870076960602198
321,1554638400,135,218,83,353,14,0.8548674010403882,-0.5441057309358045
321,1554652800,340,331,-9,671,14,0.5240172770800456,0.1489207941813618
321,1554667200,395,218,-177,613,14,-0.08014381884753635,0.02251972985181576
321,1554681600,196,67,-129,263,14,0.09247363713177278,-0.7402453135161345
321,1554696000,22,8,-14,30,14,0.5060362920822009,-1.2480288995296558
321,1554710400,95,182,87,277,14,0.8692521890386639,-0.7097347117814166
321,1554724800,362,498,136,860,14,1.045465842017542,0.560813917600055
321,1554739200,518,225,-293,743,14,-0.49730267079753343,0.3058324602456259
321,1554753600,1037,306,-731,1343,14,-2.072436956608729,1.6134296774478265
321,1554768000,279,69,-210,348,15,-0.1652967634591679,-0.4800604304171553
321,1554782400,31,10,-21,41,15,0.5330138849383174,-1.1703580985111444
321,1554796800,113,192,79,305,15,0.9024904184819603,-0.5767470744824372
321,1554811200,436,600,164,1036,15,1.216545471994057,1.0669258746273547
321,1554825600,550,267,-283,817,15,-0.4350146329460273,0.5744985478762679
321,1554840000,1155,337,-818,1492,15,-2.4117140874045173,2.092254007040576
321,1554854400,364,68,-296,432,15,-0.4830465823067009,-0.29118419549893026
321,1554868800,41,21,-20,62,15,0.5367086502737538,-1.1231390397815881
321,1554883200,87,159,72,246,15,0.8766270611339053,-0.7094101442464286
321,1554897600,462,552,90,1014,15,0.9431328371717611,1.0174582892916288
321,1554912000,594,261,-333,855,15,-0.6197528997178487,0.659942558910703
321,1554926400,1152,310,-842,1462,15,-2.5003884554549916,2.0247982088554957
321,1554940800,372,90,-282,462,15,-0.4313198676105909,-0.2237283973138499
321,1554955200,50,16,-34,66,15,0.48498193557764374,-1.114144933356911
321,1554969600,109,185,76,294,15,0.8914061224756511,-0.6014808671503
321,1554984000,447,564,117,1011,15,1.0428915012285447,1.010712709473121
321,1554998400,549,296,-253,845,15,-0.3241716728829344,0.6374572928490095
321,1555012800,1126,360,-766,1486,15,-2.2195862899618226,2.07876284740356
321,1555027200,402,86,-316,488,15,-0.5569418890154295,-0.1652667055534469
321,1555041600,54,10,-44,64,15,0.44803428222327946,-1.1186419865692494
321,1555056000,76,168,92,244,15,0.9505223678426339,-0.7139071974587673
321,1555070400,403,566,163,969,15,1.2128507066586205,0.9162745920140084
321,1555084800,615,308,-307,923,15,-0.5236890009965016,0.8128423681302185
321,1555099200,1035,330,-705,1365,15,-1.9942056045002006,1.8066911280570692
321,1555113600,330,70,-260,400,15,-0.3500350302309894,-0.36313704689634935
321,1555128000,70,17,-53,87,15,0.4147813942043516,-1.0669258746273547
321,1555142400,27,26,-1,53,15,0.6069091916470459,-1.1433757792371122
321,1555156800,142,157,15,299,15,0.6660254370140288,-0.5902382341194533
321,1555171200,388,199,-189,587,15,-0.08770669141500288,0.05733742845731832
321,1555185600,457,171,-286,628,15,-0.4460989289523366,0.1495270193102615
321,1555200000,233,85,-148,318,15,0.06377868733789074,-0.5475162286022357
321,1555214400,79,21,-58,100,15,0.39630756752716945,-1.0376950287471531
321,1555228800,29,16,-13,45,15,0.5625720076218088,-1.1613639920864671
321,1555243200,122,133,11,255,15,0.6512463756722832,-0.6891734047909045
321,1555257600,282,199,-83,481,15,0.3039384341412587,-0.18100639179663233
321,1555272000,373,132,-241,505,15,-0.27983448885769724,-0.12704175324856803
321,1555286400,167,41,-126,208,15,0.1450635247174922,-0.7948541552808637
321,1555300800,14,8,-6,22,15,0.5884353649698638,-1.213080104028362
321,1555315200,83,149,66,232,15,0.8544584691212868,-0.7408895167327995
321,1555329600,383,548,165,931,15,1.2202402373294934,0.8308305809795733
321,1555344000,526,234,-292,760,15,-0.46826752096495516,0.44633253132461514
321,1555358400,1055,290,-765,1345,15,-2.2158915246263864,1.7617205959336824
321,1555372800,271,72,-199,343,16,-0.2121470443031225,-0.42607084442715304
321,1555387200,28,22,-6,50,16,0.5593486672810456,-1.0853475716395942
321,1555401600,91,187,96,278,16,0.967082152159725,-0.5723267736722338
321,1555416000,449,525,76,974,16,0.8871344100266506,0.9937367148597083
321,1555430400,574,227,-347,801,16,-0.8037603360878731,0.6044709339458778
321,1555444800,1166,339,-827,1505,16,-2.722506147281659,2.1885351522310605
321,1555459200,350,72,-278,422,16,-0.5279406257287664,-0.24831363811390098
321,1555473600,40,9,-31,49,16,0.45941398961470253,-1.0875976628587494
321,1555488000,85,199,114,284,16,1.039035120079492,-0.5588262263573033
321,1555502400,436,590,154,1026,16,1.198930604345641,1.1107414582557729
321,1555516800,576,328,-248,904,16,-0.4080190125291548,0.836230329518852
321,1555531200,1148,425,-723,1573,16,-2.306777888189672,2.341541355133607
321,1555545600,377,92,-285,469,16,-0.5559223354753424,-0.1425593508136118
321,1555560000,35,7,-28,42,16,0.4714061509346637,-1.103348301392835
321,1555574400,91,182,91,273,16,0.9470952166264565,-0.5835772297680093
321,1555588800,456,591,135,1047,16,1.1229802493192202,1.1579933738580297
321,1555603200,616,254,-362,870,16,-0.863721142687679,0.759727228067579
321,1555617600,1125,359,-766,1484,16,-2.478665533775782,2.1412832366288037
321,1555632000,383,104,-279,487,16,-0.5319380128354202,-0.1020577088688202
321,1555646400,51,12,-39,63,16,0.4274348927614728,-1.056096385790578
321,1555660800,41,99,58,140,16,0.8151814421068837,-0.8828393619156362
321,1555675200,325,408,83,733,16,0.9151161197732267,0.45146473104333174
321,1555689600,589,255,-334,844,16,-0.7517943037013748,0.7012248563695467
321,1555704000,836,270,-566,1106,16,-1.6791881124450379,1.29074875578818
321,1555718400,302,101,-201,403,16,-0.22014181851642994,-0.2910653712778477
321,1555732800,49,19,-30,68,16,0.4634113767213563,-1.0448459296948025
321,1555747200,17,35,18,52,16,0.6552859578407348,-1.080847389201284
321,1555761600,127,187,60,314,16,0.8231762163201911,-0.4913234897826506
321,1555776000,333,254,-79,587,16,0.267539408495324,0.12295141304668873
321,1555790400,376,151,-225,527,16,-0.31607910907611925,-0.012054060102616622
321,1555804800,227,73,-154,300,16,-0.032264624503705076,-0.5228247668508219
321,1555819200,58,22,-36,80,16,0.43942705408143395,-1.0178448350649414
321,1555833600,23,12,-11,35,16,0.539361731747777,-1.1190989399269204
321,1555848000,87,95,8,182,16,0.6153120867741977,-0.7883355307111224
321,1555862400,242,179,-63,421,16,0.3314976022017835,-0.2505637293330561
321,1555876800,240,109,-131,349,16,0.059675278949330494,-0.4125702971122225
321,1555891200,100,50,-50,150,16,0.38346363458828187,-0.8603384497240852
321,1555905600,12,12,0,24,16,0.5833329899209679,-1.1438499433376266
321,1555920000,79,125,46,204,16,0.767212796827039,-0.7388335238897105
321,1555934400,362,436,74,798,16,0.8791396358133432,0.5977206602884125
321,1555948800,452,256,-196,708,16,-0.20015488298316134,0.39521245056445453
321,1555963200,1019,371,-648,1390,16,-2.006973855190643,1.9297746620282255
321,1555977600,277,99,-178,376,17,-0.11121988418179533,-0.3579845472587968
321,1555992000,39,13,-26,52,17,0.5110656027740168,-1.120459695028042
321,1556006400,87,134,47,221,17,0.8099263958514792,-0.7227488926422321
321,1556020800,412,509,97,921,17,1.0146255691922068,0.9245739574765077
321,1556035200,450,249,-201,699,17,-0.20538150391853005,0.40213728215313593
321,1556049600,1089,342,-747,1431,17,-2.440696476799276,2.1247663197058753
321,1556064000,393,85,-308,478,17,-0.6434377348676873,-0.11794607481292331
321,1556078400,35,15,-20,50,17,0.5356295035749041,-1.125166331742667
321,1556092800,87,129,42,216,17,0.7894564785174064,-0.7345154844287944
321,1556107200,413,513,100,926,17,1.0269075195926505,0.9363405492630701
321,1556121600,479,288,-191,767,17,-0.16444166925038453,0.562162930450385
321,1556136000,1047,355,-692,1402,17,-2.2155273861244758,2.056520087343813
321,1556150400,375,60,-315,435,17,-0.6720956191353892,-0.21913876417736017
321,1556164800,63,15,-48,78,17,0.4209979665040966,-1.0592734177379175
321,1556179200,89,140,51,229,17,0.8263023297187374,-0.7039223457837321
321,1556193600,407,524,117,931,17,1.0965052385284981,0.9481071410496326
321,1556208000,507,255,-252,762,17,-0.4141746607260723,0.5503963386638225
321,1556222400,1120,369,-751,1489,17,-2.4570724106665343,2.2612587844299994
321,1556236800,386,71,-315,457,17,-0.6720956191353892,-0.1673657603164855
321,1556251200,34,20,-14,54,17,0.5601934043757915,-1.1157530583134172
321,1556265600,73,107,34,180,17,0.75670461078289,-0.819234945292044
321,1556280000,378,428,50,806,17,0.8222083462519229,0.6539423463855719
321,1556294400,507,230,-277,737,17,-0.5165242473964361,0.4915633797310104
321,1556308800,911,334,-577,1245,17,-1.744719287440802,1.687049105245753
321,1556323200,348,94,-254,442,17,-0.4223626276597014,-0.2026655356761728
321,1556337600,61,18,-43,79,17,0.4414678838381694,-1.056920099380605
321,1556352000,28,34,6,62,17,0.6420730737120824,-1.0969265114549172
321,1556366400,147,184,37,331,17,0.7689865611833336,-0.46388387333785863
321,1556380800,367,242,-125,609,17,0.105761239559376,0.19033862999501228
321,1556395200,425,181,-244,606,17,-0.38142279299155585,0.1832786749230748
321,1556409600,215,87,-128,302,17,0.09347928915893235,-0.5321301056999207
321,1556424000,61,33,-28,94,17,0.5028776358403877,-1.0216203240209176
321,1556438400,21,25,4,46,17,0.6338851067784534,-1.134579605171917
321,1556452800,99,118,19,217,17,0.6952948587806717,-0.732162166071482
321,1556467200,260,188,-72,448,17,0.32274236330054734,-0.18854562553229787
321,1556481600,306,125,-181,431,17,-0.12350183458223898,-0.2285520376066101
321,1556496000,134,42,-92,176,17,0.24086269396425627,-0.8286482187212939
321,1556510400,20,20,0,40,17,0.6175091729111952,-1.148699515315792
321,1556524800,79,155,76,234,17,0.9286519163891013,-0.6921557539971698
321,1556539200,405,530,125,935,17,1.1292571062630146,0.9575204144788825
321,1556553600,522,263,-259,785,17,-0.44283254499377417,0.6045226608820097
321,1556568000,1102,300,-802,1402,17,-2.6658655674740763,2.056520087343813
321,1556582400,280,72,-208,352,18,-0.1841229724182705,-0.4174258002597704
321,1556596800,33,7,-26,40,18,0.4961264239883316,-1.1214993858697628
321,1556611200,94,139,45,233,18,0.7614984412678303,-0.6859666870789662
321,1556625600,425,558,133,983,18,1.090410237332561,1.006517893714285
321,1556640000,548,233,-315,781,18,-0.5840498153606135,0.5506753799539692
321,1556654400,1076,340,-736,1416,18,-2.1575937488066548,1.9836456583589217
321,1556668800,394,62,-332,456,18,-0.6475895941458456,-0.1827346050564396
321,1556683200,35,5,-30,40,18,0.4811758878035712,-1.1214993858697628
321,1556697600,82,162,80,244,18,0.8923156328844846,-0.6611435798939985
321,1556712000,433,581,148,1014,18,1.1464747480254127,1.0764739230537392
321,1556726400,567,246,-321,813,18,-0.6064756196377542,0.6228880554011479
321,1556740800,1122,364,-758,1486,18,-2.239821697822838,2.1416108858996252
321,1556755200,366,61,-305,427,18,-0.5466734748987123,-0.2481773421804453
321,1556769600,30,10,-20,40,18,0.5185522282654723,-1.1214993858697628
321,1556784000,97,178,81,275,18,0.8960532669306747,-0.5911875505545442
321,1556798400,408,530,122,938,18,1.0492962628244697,0.9049688188666898
321,1556812800,581,261,-320,842,18,-0.6027379855915641,0.6883307925251536
321,1556827200,1139,331,-808,1470,18,-2.4267034001323435,2.105504548176036
321,1556841600,360,76,-284,436,18,-0.4681831599287198,-0.2278675272109263
321,1556856000,34,15,-19,49,18,0.5222898623116625,-1.1011895709002437
321,1556870400,82,166,84,248,18,0.9072661690692451,-0.6521169954631012
321,1556884800,392,533,141,925,18,1.120311309702082,0.8756324194662733
321,1556899200,551,227,-324,778,18,-0.6176885217763246,0.5439054416307962
321,1556913600,1008,337,-671,1345,18,-1.9146475358042971,1.823423784710494
321,1556928000,315,83,-232,398,18,-0.2738261895268334,-0.313620079304451
321,1556942400,75,16,-59,91,18,0.37278450046405764,-1.0064104343758218
321,1556956800,30,36,6,66,18,0.6157307134664155,-1.0628265870689302
321,1556971200,127,141,14,268,18,0.6456317858359365,-0.6069840733086145
321,1556985600,323,196,-127,519,18,0.11862538532312934,-0.040565900269806505
321,1557000000,403,148,-255,551,18,-0.35979177258920625,0.0316467751773722
321,1557014400,205,73,-132,278,18,0.09993721509217875,-0.5844176122313711
321,1557028800,67,12,-55,79,18,0.3877350366488181,-1.0334901876685139
321,1557043200,26,20,-6,46,18,0.5708791049121341,-1.107959509223417
321,1557057600,101,113,12,214,18,0.6381565177435563,-0.7288429631257286
321,1557072000,262,144,-118,406,18,0.15226409173884045,-0.2955669104426563
321,1557086400,293,127,-166,420,18,-0.027142342478285397,-0.26397386493451563
321,1557100800,124,40,-84,164,18,0.27934364930930455,-0.8416752685119453
321,1557115200,13,12,-1,25,18,0.5895672751430847,-1.1553490774856279
321,1557129600,82,159,77,241,18,0.8811027307459142,-0.6679135182171716
321,1557144000,360,598,238,958,18,1.4828618121825237,0.9501017410211764
321,1557158400,571,220,-351,791,18,-0.7186046410234579,0.5732418410312126
321,1557172800,1096,311,-785,1407,18,-2.340737817069971,1.9633358433894028
321,1557187200,302,64,-238,366,19,-0.2627451425493081,-0.4192498181338553
321,1557201600,39,10,-29,49,19,0.4966808901467165,-1.1142930354958465
321,1557216000,97,196,99,293,19,0.961783914955765,-0.5793070890090142
321,1557230400,383,555,172,938,19,1.2270379837921754,0.8348975646139647
321,1557244800,582,237,-345,819,19,-0.6515422023506221,0.5739822874339112
321,1557259200,1156,360,-796,1516,19,-2.290303641326254,2.10220033948851
321,1557273600,372,74,-298,446,19,-0.48076218542854954,-0.24384458977751683
321,1557288000,28,9,-19,37,19,0.5330170639599234,-1.1406038197492971
321,1557302400,105,171,66,276,19,0.8418745413721822,-0.6165807000347361
321,1557316800,386,545,159,931,19,1.1798009578350066,0.819549607132785
321,1557331200,575,274,-301,849,19,-0.4916630375725116,0.6397592480675381
321,1557345600,1067,318,-749,1385,19,-2.1195236244041817,1.8149742780550058
321,1557360000,366,79,-287,445,19,-0.44079239423402194,-0.24603715513197108
321,1557374400,42,8,-34,50,19,0.478512803240113,-1.1121004701413921
321,1557388800,95,167,72,262,19,0.8636762456601064,-0.6472766149970953
321,1557403200,418,612,194,1030,19,1.3069775661812308,1.036613577223754
321,1557417600,602,276,-326,878,19,-0.5825034721055289,0.7033436433467108
321,1557432000,1187,434,-753,1621,19,-2.1340580939294647,2.332419701706204
321,1557446400,449,80,-369,529,19,-0.7387490195023186,-0.06186166535781569
321,1557460800,49,16,-33,65,19,0.48214642062143376,-1.0792119898245787
321,1557475200,85,150,65,235,19,0.8382409239908615,-0.7064758795673595
321,1557489600,390,505,115,895,19,1.019921793056896,0.7406172543724328
321,1557504000,609,293,-316,902,19,-0.546167298292322,0.7559652118536123
321,1557518400,993,358,-635,1351,19,-1.7052912429336227,1.740427056003562
321,1557532800,324,86,-238,410,19,-0.2627451425493081,-0.32277694253786915
321,1557547200,60,19,-41,79,19,0.4530774815708682,-1.0485160748622195
321,1557561600,37,38,1,75,19,0.6056894115863373,-1.0572863362800364
321,1557576000,138,156,18,294,19,0.667460907068789,-0.57711452365456
321,1557590400,367,201,-166,568,19,-0.00112469109421826,0.02364838346589931
321,1557604800,421,156,-265,577,19,-0.36085281184496676,0.04338147165598739
321,1557619200,209,60,-149,269,19,0.0606468043882335,-0.6319286575159156
321,1557633600,61,15,-46,76,19,0.43490939466426476,-1.055093770925582
321,1557648000,33,24,-9,57,19,0.5693532377731303,-1.0967525126602127
321,1557662400,108,103,-5,211,19,0.5838877072984131,-0.759097448074261
321,1557676800,296,135,-161,431,19,0.017043395812385197,-0.2767330700943303
321,1557691200,247,106,-141,353,19,0.08971574343879903,-0.44775316774176027
321,1557705600,190,28,-162,218,19,0.013409778431064506,-0.7437494905930815
321,1557720000,18,7,-11,25,19,0.5620860030104889,-1.166914604002748
321,1557734400,83,177,94,260,19,0.9436158280491616,-0.6516617457060038
321,1557748800,428,590,162,1018,19,1.1907018099789686,1.0103027929703032
321,1557763200,572,247,-325,819,19,-0.5788698547242083,0.5739822874339112
321,1557777600,1212,283,-929,1495,19,-2.773574753041906,2.0561564670449712
321,1557792000,287,60,-227,347,20,-0.2798469829741448,-0.48182065704458454
321,1557806400,22,10,-12,32,20,0.5149872282688562,-1.1779551423426005
321,1557820800,96,186,90,282,20,0.8920713656957683,-0.6254674555981434
321,1557835200,444,603,159,1047,20,1.14715769395515,1.065144865839895
321,1557849600,628,260,-368,888,20,-0.8011103494172291,0.7137626970704204
321,1557864000,1274,342,-932,1616,20,-2.8861638151895668,2.322606840870279
321,1557878400,332,95,-237,427,20,-0.3168160160552146,-0.30502459728635833
321,1557892800,42,12,-30,54,20,0.44844296872293055,-1.1293362259090882
321,1557907200,84,183,99,267,20,0.9253434954687312,-0.6586167168028108
321,1557921600,408,634,226,1042,20,1.3948502155983178,1.054095112105006
321,1557936000,627,272,-355,899,20,-0.7530506064118384,0.7380721552871764
321,1557950400,1114,372,-742,1486,20,-2.1837521866492406,2.0353132437631616
321,1557964800,420,84,-336,504,20,-0.6828094435578058,-0.13485838976906558
321,1557979200,57,11,-46,68,20,0.38929251579321883,-1.0983969154513986
321,1557993600,94,175,81,269,20,0.8587992359228055,-0.6541968153088551
321,1558008000,382,584,202,966,20,1.3061245362037501,0.886138855334691
321,1558022400,594,272,-322,866,20,-0.6310527972443081,0.6651437806369082
321,1558036800,1129,383,-746,1512,20,-2.1985397998816683,2.092771963184585
321,1558051200,452,96,-356,548,20,-0.7567475097199454,-0.03762055690204115
321,1558065600,65,20,-45,85,20,0.39298941910132584,-1.0608277527527754
321,1558080000,75,155,80,230,20,0.8551023326146985,-0.7403848944409904
321,1558094400,420,558,138,978,20,1.0695227244849035,0.9126582642984249
321,1558108800,626,288,-338,914,20,-0.6902032501740197,0.7712214164918438
321,1558123200,968,350,-618,1318,20,-1.7253361764439745,1.6640415182708863
321,1558137600,335,99,-236,434,20,-0.31311911274710763,-0.28955494205751353
321,1558152000,63,21,-42,84,20,0.4040801290256468,-1.0630377034997534
321,1558166400,34,42,8,76,20,0.5889252944309958,-1.080717309475576
321,1558180800,140,210,70,350,20,0.8181332995336287,-0.4751908048036511
321,1558195200,424,250,-174,674,20,-0.08391110764447479,0.24083323721716518
321,1558209600,415,209,-206,624,20,-0.2022120135038982,0.13033569986827376
321,1558224000,238,102,-136,340,20,0.05657121806359051,-0.49729031227342935
321,1558238400,67,22,-45,89,20,0.39298941910132584,-1.051987949764864
321,1558252800,30,22,-8,52,20,0.5297748415012842,-1.1337561274030439
321,1558267200,112,127,15,239,20,0.6148036175877447,-0.72049533771819
321,1558281600,316,250,-66,566,20,0.3153544496310792,0.0021585565435597504
321,1558296000,357,188,-169,545,20,-0.06542659110393988,-0.04425040914297464
321,1558310400,152,52,-100,204,20,0.18965973715544185,-0.797843613862414
321,1558324800,18,6,-12,24,20,0.5149872282688562,-1.195634748318423
321,1558339200,89,164,75,253,20,0.8366178160741636,-0.6895560272605004
321,1558340400,29,43,14,72,20,0.6111067142796377,-1.0895571124634873
321,1558353600,380,498,118,878,20,0.9955846583227638,0.6916631896006421
321,1558368000,554,263,-291,817,20,-0.5164487946929917,0.5568561940349945
321,1558382400,1008,322,-686,1330,20,-1.9767256013952494,1.6905609272346203
321,1558396800,307,69,-238,376,21,-0.45118616127001454,-0.2720197308860788
321,1558411200,37,13,-24,50,21,0.4414533319051761,-1.066663245990024
321,1558425600,96,155,59,251,21,0.7876639764544322,-0.576714330235751
321,1558440000,378,618,240,996,21,1.5426534543269066,1.2392654818882958
321,1558454400,592,283,-309,875,21,-0.7473422548001012,0.9443211097178129
321,1558468800,1092,358,-734,1450,21,-2.5201076033956897,2.3459162667263054
321,1558483200,379,87,-292,466,21,-0.6764316408562776,-0.05263961935431476
321,1558497600,57,21,-36,78,21,0.3913987808860065,-0.9984116557356975
321,1558512000,89,172,83,261,21,0.8877730784927714,-0.5523387622877773
321,1558526400,409,577,168,986,21,1.2423261482118892,1.214889913940322
321,1558540800,602,279,-323,881,21,-0.8057392309891322,0.9589464504865972
321,1558555200,1085,374,-711,1459,21,-2.4241697139422813,2.367854277879482
321,1558569600,444,108,-336,552,21,-0.8599649945932326,0.15699026499825977
321,1558584000,47,9,-38,56,21,0.38305635571614494,-1.0520379052212399
321,1558598400,87,169,82,256,21,0.8836018659078406,-0.5645265462617641
321,1558612800,384,629,245,1013,21,1.5635095172515607,1.2807039473998512
321,1558627200,591,261,-330,852,21,-0.8349377190836479,0.8882573034374732
321,1558641600,1121,349,-772,1470,21,-2.67861368162306,2.394667402622253
321,1558656000,398,104,-294,502,21,-0.6847740660261392,0.03511242525839086
321,1558670400,53,14,-39,67,21,0.37888514313121413,-1.0252247804784687
321,1558684800,71,152,81,223,21,0.8794306533229098,-0.6449659204900776
321,1558699200,317,467,150,784,21,1.167244321683135,0.7225034413912516
321,1558713600,695,263,-432,958,21,-1.260401402746589,1.1466383236859954
321,1558728000,769,243,-526,1012,21,-1.652495385730084,1.2782663906050538
321,1558742400,288,84,-204,372,21,-0.3093649333823674,-0.28176995806526833
321,1558756800,63,18,-45,81,21,0.35385786762162935,-0.9910989853513054
321,1558771200,31,30,-1,61,21,0.5373912213585844,-1.0398501212472528
321,1558785600,114,168,54,282,21,0.7668079135297783,-0.5011500695970323
321,1558800000,292,203,-89,495,21,0.17032451388467426,0.01804952769480921
321,1558814400,345,179,-166,524,21,-0.15085885515499714,0.08873867474393318
321,1558828800,243,64,-179,307,21,-0.2050846187590975,-0.4402111497270979
321,1558843200,69,13,-56,82,21,0.30797452918739054,-0.988661428556508
321,1558857600,33,16,-17,49,21,0.4706518199996917,-1.0691008027848214
321,1558872000,78,108,30,186,21,0.6666988114914392,-0.7351555218975807
321,1558886400,247,170,-77,417,21,0.22037906490384382,-0.1720799022993863
321,1558900800,291,140,-151,431,21,-0.08829066638103517,-0.137954107172223
321,1558915200,137,51,-86,188,21,0.18283815163946665,-0.7302804083079859
321,1558929600,25,19,-6,44,21,0.5165351584339304,-1.0812885867588085
321,1558944000,21,21,0,42,21,0.5415624339435152,-1.086163700348403
321,1558958400,101,137,36,238,21,0.6917260870010239,-0.608402568568117
321,1558972800,253,193,-60,446,21,0.2912896788476674,-0.10139075525026232
321,1558987200,235,125,-110,360,21,0.08272904960112752,-0.3110206396028368
321,1559001600,130,111,-19,241,22,0.41794828063233486,-0.7150842322708141
321,1559016000,25,11,-14,36,22,0.4353111172164675,-1.1679621461988545
321,1559030400,73,180,107,253,22,0.8554917625524765,-0.6885743056018556
321,1559044800,389,600,211,989,22,1.2166387635024347,0.9373678634275969
321,1559059200,544,217,-327,761,22,-0.6516024529502336,0.4336792567173861
321,1559073600,1083,297,-786,1380,22,-2.2455108513736066,1.8011496407244936
321,1559088000,317,65,-252,382,22,-0.39115990418824453,-0.4035925939105521
321,1559102400,31,8,-23,39,22,0.4040580113650288,-1.161334664531615
321,1559116800,93,155,62,248,22,0.699226233295283,-0.6996201083805883
321,1559131200,416,585,169,1001,22,1.0707909361957209,0.9638777900965554
321,1559145600,586,259,-327,845,22,-0.6516024529502336,0.6192487434000954
321,1559160000,1227,358,-869,1585,22,-2.533733938670208,2.254027554652534
321,1559174400,381,57,-324,438,22,-0.641184750999754,-0.2798796027887459
321,1559188800,36,14,-22,50,22,0.40753057868185527,-1.137033898418403
321,1559203200,82,163,81,245,22,0.7652050123149869,-0.7062475900478279
321,1559217600,418,589,171,1007,22,1.077736070829374,0.9771327534310347
321,1559232000,611,228,-383,839,22,-0.8460662226925187,0.6059937800656161
321,1559246400,1214,385,-829,1599,22,-2.394831245997147,2.2849558024329855
321,1559260800,433,71,-362,504,22,-0.7731423090391618,-0.13407500610947437
321,1559275200,49,17,-32,66,22,0.3728049055135901,-1.1016873295264584
321,1559289600,87,157,70,244,22,0.7270067718298953,-0.7084567506035744
321,1559304000,403,587,184,990,22,1.1228794459481186,0.9395770239833434
321,1559318400,675,295,-380,970,22,-0.8356485207420392,0.8953938128684127
321,1559332800,916,307,-609,1223,22,-1.6308664362953125,1.454311433472287
321,1559347200,347,111,-236,458,22,-0.33559882711902017,-0.23569639167381515
321,1559361600,62,27,-35,89,22,0.3623872035631105,-1.0508766367442879
321,1559376000,34,46,12,80,22,0.525597867453957,-1.0707590817460069
321,1559390400,145,272,127,417,22,0.924943108889007,-0.32627197445942324
321,1559404800,349,285,-64,634,22,0.2616827513751414,0.15311586613757566
321,1559419200,421,242,-179,663,22,-0.1376624900599085,0.2171815222542253
321,1559433600,212,96,-116,308,22,0.08110925090016233,-0.567070475035796
321,1559448000,54,28,-26,82,22,0.3936403094145492,-1.0663407606345137
321,1559462400,29,19,-10,48,22,0.44920138648377356,-1.141452219529896
321,1559476800,86,73,-13,159,22,0.43878368453329397,-0.8962353978420302
321,1559491200,291,476,185,767,22,1.1263520132649452,0.44693422005186534
321,1559505600,297,218,-79,515,22,0.2095942416227436,-0.10977423999626243
321,1559520000,139,55,-84,194,22,0.192231405038611,-0.8189147783909013
321,1559534400,15,17,2,32,22,0.4908721942856918,-1.1767987884218407
321,1559548800,82,174,92,256,22,0.8034032528000786,-0.6819468239346159
321,1559563200,386,533,147,919,22,0.9943944552255374,0.7827266245253393
321,1559577600,525,234,-291,759,22,-0.5265900295444789,0.429260935605893
321,1559592000,1092,310,-782,1402,22,-2.2316205821063004,1.8497511729509175
321,1559606400,182,72,-110,254,23,0.1252625765599181,-0.6066025360178463
321,1559620800,9,12,3,21,23,0.5427458548979599,-1.119760594236263
321,1559635200,81,136,55,217,23,0.7348620537791827,-0.688091154704891
321,1559649600,407,584,177,991,23,1.1855962126928208,1.016562652424098
321,1559664000,506,251,-255,757,23,-0.4104460549357992,0.5012021991060316
321,1559678400,1179,360,-819,1539,23,-2.4941679043398306,2.2234751670322197
321,1559692800,224,102,-122,326,23,0.08092806912578979,-0.4480300888430566
321,1559707200,17,18,1,35,23,0.5353567703256051,-1.088927062841165
321,1559721600,91,190,99,281,23,0.8974219143709865,-0.5471378683273002
321,1559736000,418,553,135,971,23,1.0304254366733716,0.972514750431101
321,1559750400,602,281,-321,883,23,-0.654285845823505,0.7787039816619136
321,1559764800,1139,338,-801,1477,23,-2.427666143188638,2.0869266708539285
321,1559779200,212,74,-138,286,23,0.02181539254695201,-0.5361258928290509
321,1559793600,6,15,9,21,23,0.5649131086150241,-1.119760594236263
321,1559808000,82,142,60,224,23,0.7533347652100695,-0.672674389007342
321,1559822400,407,518,111,925,23,0.9417564218051149,0.8712045758472076
321,1559836800,563,295,-268,858,23,-0.45847510465610486,0.7236441041706672
321,1559851200,1165,374,-791,1539,23,-2.3907207203268643,2.2234751670322197
321,1559865600,232,88,-144,320,23,-0.0003518611701121546,-0.4612444594409557
321,1559880000,9,20,11,29,23,0.5723021931873787,-1.102141433439064
321,1559894400,83,164,81,247,23,0.830920153219794,-0.6220193017153953
321,1559908800,364,477,113,841,23,0.9491455063774696,0.6862033874766196
321,1559923200,581,262,-319,843,23,-0.6468967612511503,0.6906081776759193
321,1559937600,1025,327,-698,1352,23,-2.0471282877123698,1.8116272833976963
321,1559952000,327,88,-239,415,23,-0.35133337835696143,-0.25201692497421935
321,1559966400,72,20,-52,92,23,0.33954602915820503,-0.9633905421611231
321,1559980800,36,34,-2,70,23,0.5242731434670731,-1.0118432343534198
321,1559995200,181,141,-40,322,23,0.38388053659233334,-0.45683966924165603
321,1560009600,361,150,-211,511,23,-0.24788619434399534,-0.04058699540783311
321,1560024000,399,137,-262,536,23,-0.43630785093904073,0.014472882083413309
321,1560038400,179,85,-94,264,23,0.18437525313875588,-0.5845785850213477
321,1560052800,55,27,-28,82,23,0.4282150440264617,-0.9854144931576216
321,1560067200,35,25,-10,60,23,0.4947168051776542,-1.0338671853499184
321,1560081600,109,113,4,222,23,0.5464403971841373,-0.6770791792066417
321,1560096000,284,204,-80,488,23,0.23609884514523893,-0.09124208269977982
321,1560110400,293,124,-169,417,23,-0.09271541832454618,-0.24761213477491964
321,1560124800,131,35,-96,166,23,0.17698616856640115,-0.8004133047870337
321,1560139200,16,17,1,33,23,0.5353567703256051,-1.0933318530404645
321,1560153600,78,177,99,255,23,0.8974219143709865,-0.6044001409181964
321,1560168000,379,564,185,943,23,1.2151525509822396,0.910847687640905
321,1560182400,537,219,-318,756,23,-0.6432022189649729,0.4989998040063818
321,1560196800,1084,283,-801,1367,23,-2.427666143188638,1.8446632098924443
321,1560211200,233,61,-172,294,24,0.028717636575161454,-0.7711638523684046
321,1560225600,32,8,-24,40,24,0.5287423675309139,-1.3091605156824115
321,1560240000,83,155,72,238,24,0.8530827335562667,-0.8897772899494455
321,1560254400,423,540,117,963,24,1.005117280130651,0.6458431073051022
321,1560268800,583,242,-341,825,24,-0.5422565494486369,0.3535457075518228
321,1560283200,1105,365,-740,1470,24,-1.8902961957415099,1.719718336833455
321,1560297600,360,102,-258,462,24,-0.26183727465588386,-0.4153235396252818
321,1560312000,28,15,-13,43,24,0.5659063678046522,-1.3028062243834273
321,1560326400,104,192,88,296,24,0.9071394612271589,-0.7669276581690817
321,1560340800,411,595,184,1006,24,1.2314798272525118,0.7369212825905443
321,1560355200,598,250,-348,848,24,-0.5659063678046522,0.40226194084403605
321,1560369600,1078,340,-738,1418,24,-1.8835391047826484,1.6095772876510597
321,1560384000,341,79,-262,420,24,-0.2753514565736069,-0.5042836178110625
321,1560398400,28,12,-16,40,24,0.5557707313663599,-1.3091605156824115
321,1560412800,81,145,64,226,24,0.8260543697208207,-0.9151944551453828
321,1560427200,461,615,154,1076,24,1.130123462869589,0.8851880795668455
321,1560441600,557,286,-271,843,24,-0.3057583658884837,0.3916714553457288
321,1560456000,1095,353,-742,1448,24,-1.8970532867003713,1.6731202006409032
321,1560470400,353,85,-268,438,24,-0.29562272945019147,-0.4661578700171565
321,1560484800,37,18,-19,55,24,0.5456350949280676,-1.27738905918749
321,1560499200,77,151,74,228,24,0.8598398245151283,-0.9109582609460599
321,1560513600,374,537,163,911,24,1.1605303721844658,0.5357020581227071
321,1560528000,643,259,-384,902,24,-0.6875340050641595,0.5166391842257541
321,1560542400,978,326,-652,1304,24,-1.5929841935516031,1.368114218289655
321,1561161600,5330,8334,3004,13664,25,3.9995225697220778,4.098882350822861
321,1561176000,60,23,-37,83,25,-0.1624078972078316,-0.33492318971598534
321,1561190400,25,36,11,61,25,-0.09671481519118062,-0.3421055563967787
321,1561204800,141,153,12,294,25,-0.09534620931583372,-0.2660377638229217
321,1561219200,314,221,-93,535,25,-0.23904982622725776,-0.18735820154695812
321,1561233600,350,160,-190,510,25,-0.37180459613590666,-0.19551998186604147
321,1561248000,171,84,-87,255,25,-0.2308381909751764,-0.27877014112069176
321,1561262400,53,24,-29,77,25,-0.15145905020505643,-0.3368820169925653
321,1561276800,19,23,4,42,25,-0.10629505631860889,-0.34830850943928204
321,1561291200,90,96,6,186,25,-0.1035578445679151,-0.30129665480136186
321,1561305600,275,211,-64,486,25,-0.1993602558421978,-0.20335529097236152
321,1561320000,258,117,-141,375,25,-0.30474290824390876,-0.23959359558909163
321,1561334400,140,50,-90,190,25,-0.23494400860121709,-0.29999076995030854
321,1561348800,23,15,-8,38,25,-0.12271832682277163,-0.34961439429033536
321,1561363200,86,145,59,231,25,-0.031021733174529637,-0.28660545022701184
321,1561377600,379,458,79,837,25,-0.0036496156675917277,-0.08876389529243107
321,1561392000,476,260,-216,736,25,-0.4073883488949259,-0.12173748778152786
321,1561406400,1055,305,-750,1360,25,-1.1382238863301681,0.08198054898279289
321,1561420800,261,78,-183,339,26,-0.07341842953105027,-0.5626027529240784
321,1561435200,31,14,-17,45,26,0.5688316215235072,-1.2264363690833253
321,1561449600,86,136,50,222,26,0.8280530276720334,-0.8267814369058195
321,1561464000,451,561,110,1012,26,1.0601916003423553,0.9569891643384157
321,1561478400,555,285,-270,840,26,-0.41001935990301713,0.5686239195105569
321,1561492800,1085,328,-757,1413,26,-2.294210774743797,1.8624220897801098
321,1561507200,342,92,-250,434,26,-0.33263983567957645,-0.3480986932807842
321,1561521600,39,17,-22,56,26,0.549486740467647,-1.2015990569141017
321,1561536000,97,146,49,243,26,0.8241840514608614,-0.7793647500373018
321,1561550400,443,551,108,994,26,1.0524536479200113,0.9163462898796862
321,1561564800,539,273,-266,812,26,-0.394543455058329,0.5054016703525334
321,1561579200,1069,329,-740,1398,26,-2.2284381791538723,1.8285530277311686
321,1561593600,329,80,-249,409,26,-0.3287708594684044,-0.4045471300290195
321,1561608000,37,16,-21,53,26,0.553355716678819,-1.20837286932389
321,1561622400,83,130,47,213,26,0.8164460990385173,-0.8471028741351841
321,1561636800,402,509,107,911,26,1.0485846717088392,0.7289374798755451
321,1561651200,591,250,-341,841,26,-0.6847166708962314,0.5708818569804863
321,1561665600,1098,385,-713,1483,26,-2.1239758214522277,2.0204777126751687
321,1561680000,364,91,-273,455,26,-0.4216262885365332,-0.30068200641226656
321,1561694400,50,19,-31,69,26,0.5146659545670987,-1.1722458698050193
321,1561708800,76,123,47,199,26,0.8164460990385173,-0.878713998714196
321,1561723200,376,462,86,838,26,0.9673361712742266,0.5641080445706981
321,1561737600,628,313,-315,941,26,-0.5841232894057585,0.7966756039734275
321,1561752000,1028,335,-693,1363,26,-2.046596297228787,1.7495252162836392
321,1561766400,328,117,-211,445,26,-0.18174976344386717,-0.32326138111156066
321,1561780800,104,27,-77,131,26,0.3366930488531852,-1.032253746669396
321,1561795200,33,43,10,76,26,0.6732939792251521,-1.1564403075155136
321,1561809600,134,173,39,307,26,0.785494289349141,-0.6348567519618195
321,1561824000,439,250,-189,689,26,-0.09663228679808246,0.22767536155121576
321,1561838400,442,198,-244,640,26,-0.30942597841254427,0.11703642552467458
321,1561852800,245,99,-146,344,26,0.06973369028231495,-0.5513130655744313
321,1561867200,74,30,-44,104,26,0.4643692638218623,-1.09321805835749
321,1561881600,31,30,-1,61,26,0.6307352409022597,-1.1903093695644547
321,1561896000,115,219,104,334,26,1.036977743075323,-0.5738924402737253
321,1561910400,633,621,-12,1254,26,0.5881765025793674,1.5034100320613333
321,1561924800,790,211,-579,1001,26,-1.6055330091551752,0.9321518521691922
321,1561939200,381,89,-292,470,26,-0.4951368365488018,-0.26681294436332537
321,1561953600,106,22,-84,128,26,0.30961021537498096,-1.0390275590791842
321,1561968000,61,160,99,221,26,1.017632862019463,-0.8290393743757488
321,1561982400,350,509,159,859,26,1.249771434689785,0.6115247314392157
321,1561996800,435,263,-172,698,26,-0.030859691208157902,0.24799679878058045
321,1562011200,1035,323,-712,1358,26,-2.1201068452410556,1.7382355289339921
321,1562025600,271,78,-193,349,27,-0.43617480403649234,-0.09198759159518499
321,1562040000,31,15,-16,46,27,0.41198723970069945,-0.9533813301090373
321,1562054400,77,153,76,230,27,0.8528398274059065,-0.4302907430247177
321,1562068800,367,496,129,863,27,1.1068092529317322,1.3692545918903596
321,1562083200,469,223,-246,692,27,-0.6901442295623181,0.8831214919369975
321,1562097600,1092,307,-785,1399,27,-3.272965368400433,2.893040215135986
321,1562112000,317,62,-255,379,27,-0.7332711131421753,-0.006701082831437254
321,1562126400,40,14,-26,54,27,0.36406848016752474,-0.9306382611053712
321,1562140800,64,142,78,206,27,0.8624235793125414,-0.4985199500357159
321,1562155200,350,423,73,773,27,0.8384641995459541,1.1133950655991165
321,1562169600,615,299,-316,914,27,-1.0255755462945408,1.5142416567887307
321,1562184000,902,247,-655,1149,27,-2.6500214944691622,2.1823193087714214
321,1562198400,251,80,-171,331,27,-0.330753533063508,-0.14315949685343365
321,1562212800,41,13,-28,54,27,0.35448472826088984,-0.9306382611053712
321,1562227200,20,23,3,43,27,0.5030328828137314,-0.961909980985412
321,1562241600,95,92,-3,187,27,0.47428162709382654,-0.5525347389194228
321,1562256000,175,108,-67,283,27,0.16760156608150859,-0.27961791087543003
321,1562270400,200,80,-120,280,27,-0.08636785944431719,-0.2881465617518048
321,1562284800,89,65,-24,154,27,0.3736522320741597,-0.6463498985595453
321,1562299200,36,17,-19,53,27,0.39761161184074706,-0.9334811447308294
321,1562313600,29,104,75,133,27,0.848047951452589,-0.7060504546941687
321,1562328000,154,216,62,370,27,0.785753564059462,-0.032287035460561574
321,1562342400,397,211,-186,608,27,-0.4026316723632701,0.6443192673985039
321,1562356800,482,173,-309,655,27,-0.9920324146213185,0.7779347977950419
321,1562371200,199,78,-121,277,27,-0.09115973539763465,-0.2966752126281796
321,1562385600,46,15,-31,61,27,0.34010910040093745,-0.9107380757271634
321,1562400000,19,27,8,46,27,0.5269922625803186,-0.9533813301090373
321,1562414400,92,95,3,187,27,0.5030328828137314,-0.5525347389194228
321,1562428800,237,204,-33,441,27,0.3305253484943025,0.16955770194697475
321,1562443200,261,156,-105,417,27,-0.014489720144555174,0.10132849493597655
321,1562457600,104,55,-49,159,27,0.253855333241223,-0.6321354804322541
321,1562472000,40,27,-13,67,27,0.42636286756065184,-0.8936807739744138
321,1562486400,18,21,3,39,27,0.5030328828137314,-0.9732815154872451
321,1562500800,58,113,55,171,27,0.7522104323862396,-0.598020876926755
321,1562515200,236,162,-74,398,27,0.13405843440828633,0.04731370605226965
321,1562529600,253,112,-141,365,27,-0.18699725446398402,-0.04650145358785287
321,1562544000,113,40,-73,153,27,0.13885031036160378,-0.6491927821850035
321,1562558400,18,14,-4,32,27,0.46948975114050906,-0.9931817008654528
321,1562572800,75,136,61,211,27,0.7809616881061444,-0.4843055319084246
321,1562587200,340,504,164,844,27,1.2745249112978436,1.3152398030066528
321,1562601600,450,199,-251,649,27,-0.7141036093289055,0.7608774960422925
321,1562616000,1027,268,-759,1295,27,-3.148376593614179,2.597380318088327
321,1562630400,253,50,-203,303,28,-0.26623063414847487,-0.4999007945223354
321,1562644800,27,13,-14,40,28,0.46604198327030305,-1.1251163941932723
321,1562659200,79,159,80,238,28,0.8302410628330815,-0.6544217602204757
321,1562673600,371,505,134,876,28,1.039461810667018,0.8622609492474246
321,1562688000,486,241,-245,727,28,-0.4289578824637588,0.5080513509547645
321,1562702400,1035,294,-741,1329,28,-2.3506891959013982,1.9391532178821564
321,1562716800,390,102,-288,492,28,-0.5955595890722638,-0.050601371184665844
321,1562731200,29,11,-18,40,28,0.4505441500974189,-1.1251163941932723
321,1562745600,74,152,78,226,28,0.8224921462466394,-0.6829487077339785
321,1562760000,400,514,114,914,28,0.9619726448025971,0.9525962830401836
321,1562774400,474,243,-231,717,28,-0.37471546635866415,0.48427889469351215
321,1562788800,1101,348,-753,1449,28,-2.397182695420051,2.2244226930171846
321,1562803200,325,89,-236,414,28,-0.3940877578247694,-0.23602653002243423
321,1562817600,28,11,-17,39,28,0.4544186083906399,-1.1274936398193975
321,1562832000,74,136,62,210,28,0.7605008135551027,-0.7209846377519823
321,1562846400,413,529,116,942,28,0.9697215613890392,1.01915916057169
321,1562860800,512,236,-276,748,28,-0.5490660895536112,0.5579735091033945
321,1562875200,1119,332,-787,1451,28,-2.5289142773895668,2.2291771842694352
321,1562889600,353,91,-262,444,28,-0.49482367344851663,-0.16470916123867715
321,1562904000,37,9,-28,46,28,0.4117995671652084,-1.110852920436521
321,1562918400,69,131,62,200,28,0.7605008135551027,-0.7447570940132346
321,1562932800,363,499,136,862,28,1.04721072725346,0.8289795104816713
321,1562947200,596,281,-315,877,28,-0.7001699629892321,0.8646381948735499
321,1562961600,923,303,-620,1226,28,-1.8818797424216516,1.694296918391257
321,1562976000,320,77,-243,397,28,-0.4212089658773167,-0.27643970566656323
321,1562990400,57,21,-36,78,28,0.38080390081944004,-1.0347810604005134
321,1563004800,34,40,6,74,28,0.543531149134724,-1.0442900429050144
321,1563019200,136,144,8,280,28,0.5512800657211661,-0.5545774439232158
321,1563033600,321,220,-101,541,28,0.12896411176007197,0.0658836644954707
321,1563048000,292,164,-128,456,28,0.024353737843103695,-0.13618221372517433
321,1563062400,202,272,70,474,28,0.791496479900871,-0.09339179245492009
321,1563076800,64,30,-34,94,28,0.3885528174058821,-0.9967451303825097
321,1563091200,20,17,-3,37,28,0.5086610244957346,-1.1322481310716481
321,1563105600,81,94,13,175,28,0.5706523571872714,-0.8041882346663656
321,1563120000,232,157,-75,389,28,0.2297000273838192,-0.2954576706755651
321,1563134400,225,159,-66,384,28,0.2645701520228086,-0.3073438988061913
321,1563148800,110,51,-59,161,28,0.29169136007535595,-0.8374696734321189
321,1563163200,14,10,-4,24,28,0.5047865662025135,-1.163152324211276
321,1563177600,73,153,80,226,28,0.8302410628330815,-0.6829487077339785
321,1563192000,353,566,213,919,28,1.3455440158314806,0.9644825111708097
321,1563206400,482,218,-264,700,28,-0.5025725900349587,0.44386571904938316
321,1563220800,1052,287,-765,1339,28,-2.4436761949387034,1.9629256741434087
321,1563235200,281,65,-216,346,29,-0.31788660748948194,-0.3708963756911542
321,1563249600,27,9,-18,36,29,0.45462801199693875,-1.0812627792655625
321,1563264000,88,133,45,221,29,0.7004281181971636,-0.6573344416485769
321,1563278400,418,565,147,983,29,1.0983901949022894,1.088792008427872
321,1563292800,511,259,-252,770,29,-0.4583438110324675,0.6007015440364237
321,1563307200,1108,328,-780,1436,29,-2.5183827963295893,2.126843559457572
321,1563321600,326,62,-264,388,29,-0.5051628788801293,-0.2746531855294601
321,1563336000,31,9,-22,40,29,0.43902165604771815,-1.072096761154925
321,1563350400,98,160,62,258,29,0.7667551309813512,-0.5725487741251798
321,1563364800,394,530,136,924,29,1.0554727160419326,0.9535932412959685
321,1563379200,532,248,-284,780,29,-0.5831946586262325,0.6236165893130176
321,1563393600,1180,376,-804,1556,29,-2.612020932024913,2.401824102776698
321,1563408000,363,73,-290,436,29,-0.6066041925500634,-0.1646609682018098
321,1563422400,26,6,-20,32,29,0.4468248340223285,-1.0904287973762001
321,1563436800,82,147,65,229,29,0.7784598979432666,-0.6390024054273018
321,1563451200,412,572,160,984,29,1.1491108517372564,1.0910835129555314
321,1563465600,550,259,-291,809,29,-0.6105057815373686,0.6900702206151396
321,1563480000,1095,361,-734,1456,29,-2.3389097029135524,2.1726736500107595
321,1563494400,340,99,-241,439,29,-0.41542633217211083,-0.15778645461883167
321,1563508800,33,15,-18,48,29,0.45462801199693875,-1.05376472493365
321,1563523200,73,140,67,213,29,0.7862630759178769,-0.6756664778698519
321,1563537600,369,468,99,837,29,0.9111139235116419,0.7542323473896023
321,1563552000,571,255,-316,826,29,-0.7080455062199975,0.7290257975853491
321,1563566400,629,323,-306,952,29,-0.6690296163469459,1.0177553680704312
321,1563580800,264,92,-172,356,29,-0.14621669204805512,-0.34798133041456036
321,1563595200,67,21,-46,88,29,0.34538352035239445,-0.9621045438272746
321,1563609600,30,30,0,60,29,0.5248566137684315,-1.0262666706017374
321,1563624000,134,148,14,282,29,0.5794788595907038,-0.5175526654613546
321,1563638400,264,176,-88,440,29,0.1815167828855779,-0.15549495009117228
321,1563652800,243,150,-93,393,29,0.16200883794905213,-0.2631956628911632
321,1563667200,132,71,-61,203,29,0.2868596855428171,-0.6985815231464457
321,1563681600,38,21,-17,59,29,0.45852960098424395,-1.0285581751293968
321,1563696000,17,15,-2,32,29,0.5170534357938212,-1.0904287973762001
321,1563710400,90,124,34,214,29,0.6575106393368069,-0.6733749733421925
321,1563724800,225,168,-57,393,29,0.3024660414920377,-0.2631956628911632
321,1563739200,238,102,-136,340,29,-0.005759488505069536,-0.38464540285711046
321,1563753600,95,65,-30,160,29,0.40780894414927693,-0.7971162178357992
321,1563768000,17,7,-10,24,29,0.48584072389538,-1.108760833597475
321,1563782400,70,147,77,217,29,0.8252789657909285,-0.6665004597592145
321,1563796800,370,510,140,880,29,1.0710790719911534,0.8527670420789557
321,1563811200,489,253,-236,742,29,-0.39591838723558503,0.536539417261961
321,1563825600,1170,278,-892,1448,29,-2.955360762907767,2.1543416137894846
321,1563840000,256,52,-204,308,30,-0.26038733697179844,-0.49056355234955057
321,1563854400,18,12,-6,30,30,0.5202114713401973,-1.1318331489945743
321,1563868800,94,124,30,218,30,0.6621385273969238,-0.6981688174504576
321,1563883200,426,528,102,954,30,0.9459926395103768,0.9995809060414043
321,1563897600,456,228,-228,684,30,-0.35500537434294943,0.3767651107386832
321,1563912000,1139,341,-798,1480,30,-2.602183761907786,2.212918344297816
321,1563926400,360,98,-262,458,30,-0.48904759395208003,-0.1445547771813722
321,1563940800,27,14,-13,41,30,0.4926145437736116,-1.106459172148908
321,1563955200,87,170,83,257,30,0.8710866932582156,-0.6082065359067312
321,1563969600,426,558,132,984,30,1.0642651862243155,1.06878266107504
321,1563984000,568,237,-331,805,30,-0.7610744513941391,0.6558788560410137
321,1563998400,1075,358,-717,1433,30,-2.282847885780151,2.104502261411787
321,1564012800,345,91,-254,436,30,-0.4575082481616964,-0.19530273087270503
321,1564027200,28,14,-14,42,30,0.48867212554981365,-1.1041524469811201
321,1564041600,97,134,37,231,30,0.6897354549635095,-0.6681813902692154
321,1564056000,366,550,184,916,30,1.2692709338618093,0.9119253496654657
321,1564070400,515,265,-250,780,30,-0.4417385752665045,0.5982107268463174
321,1564084800,1134,361,-773,1495,30,-2.5036233063128366,2.2475192218146343
321,1564099200,328,89,-239,417,30,-0.39837197480472697,-0.2391305090606743
321,1564113600,36,14,-22,50,30,0.45713277975942995,-1.0856986456388174
321,1564128000,63,134,71,197,30,0.8237776745726401,-0.7466100459740025
321,1564142400,380,433,53,813,30,0.7528141465442768,0.6743326573833166
321,1564156800,601,284,-317,885,30,-0.7058805962609678,0.8404168694640421
321,1564171200,910,266,-644,1176,30,-1.9950513554429001,1.5116738932903082
321,1564185600,285,95,-190,380,30,-0.20519348183862704,-0.32447934026882497
321,1564200000,72,21,-51,93,30,0.34280265126928916,-0.9865094634239395
321,1564214400,25,31,6,56,30,0.5675204900257728,-1.0718582946320903
321,1564228800,123,183,60,306,30,0.7804110741108625,-0.49517700268512627
321,1564243200,311,232,-79,543,30,0.23241494100294635,0.051516862080595534
321,1564257600,313,220,-93,533,30,0.17722108586977492,0.028449610402716975
321,1564272000,157,95,-62,252,30,0.2994360508075116,-0.6197401617456705
321,1564286400,50,16,-34,66,30,0.4098237610738545,-1.0487910429542115
321,1564300800,22,29,7,51,30,0.5714629082495708,-1.0833919204710294
321,1564315200,89,95,6,184,30,0.5675204900257728,-0.7765974731552446
321,1564329600,257,198,-59,455,30,0.3112633054789055,-0.15147495268473576
321,1564344000,264,179,-85,443,30,0.2087604316601586,-0.17915565469819003
321,1564358400,111,60,-51,171,30,0.34280265126928916,-0.8065849003364868
321,1564372800,22,13,-9,35,30,0.5083842166688034,-1.1202995231556352
321,1564387200,75,141,66,216,30,0.8040655834536503,-0.7027822677860333
321,1564401600,358,511,153,869,30,1.1470559689240727,0.8035092667794365
321,1564416000,502,226,-276,728,30,-0.5442414490852514,0.4782610181213488
321,1564430400,1060,337,-723,1397,30,-2.306502395122939,2.0214601553714244
321,1564444800,284,68,-216,352,31,-0.17632512800587494,-0.5766147561471696
321,1564459200,21,11,-10,32,31,0.5681252843434383,-1.3017500643525506
321,1564473600,74,141,67,215,31,0.8463907297361428,-0.8870633099725984
321,1564488000,366,517,151,883,31,1.1499530338009114,0.6266566459061346
321,1564502400,440,246,-194,686,31,-0.0968207150365308,0.18024522179219685
321,1564516800,1076,365,-711,1441,31,-1.9651744198161178,1.8911113395892678
321,1564531200,332,75,-257,407,31,-0.32449244308510716,-0.45198212504936974
321,1564545600,31,13,-18,44,31,0.5392145887182223,-1.2745574902948489
321,1564560000,90,147,57,237,31,0.8102523602046228,-0.8372102575334784
321,1564574400,416,511,95,927,31,0.947578164424399,0.7263627507843744
321,1564588800,526,260,-266,786,31,-0.35701697566347523,0.4068500056063784
321,1564603200,1072,340,-732,1412,31,-2.04106499583231,1.825395952283155
321,1564617600,310,110,-200,420,31,-0.11850373675544283,-0.42252350315352616
321,1564632000,42,11,-31,53,31,0.4922347083272462,-1.2541630597515725
321,1564646400,72,143,71,215,31,0.8608460775487508,-0.8870633099725984
321,1564660800,366,537,171,903,31,1.2222297728639515,0.6719776026689709
321,1564675200,485,231,-254,716,31,-0.31365093222565116,0.24822665693645132
321,1564689600,1062,303,-759,1365,31,-2.138638593567414,1.7188917038904898
321,1564704000,321,103,-218,424,31,-0.18355280191217893,-0.4134593118009589
321,1564718400,40,14,-26,54,31,0.5103038930930062,-1.2518970119134307
321,1564732800,77,126,49,203,31,0.7813416645794067,-0.9142558840303002
321,1564747200,340,424,84,764,31,0.9078259579397269,0.3569969531672585
321,1564761600,555,292,-263,847,31,-0.34617546480401923,0.5450789237330291
321,1564776000,886,283,-603,1169,31,-1.5748800288757012,1.2747463276146938
321,1565395200,4773,7773,3000,12546,32,4.009144477558875,4.097532015293761
321,1565409600,54,26,-28,80,32,-0.15255914878609364,-0.34269116453787296
321,1565424000,24,29,5,53,32,-0.10720372617401175,-0.35230820495624726
321,1565438400,133,190,57,323,32,-0.03573457539133725,-0.2561378007725042
321,1565452800,333,197,-136,530,32,-0.3009950773347253,-0.18240715756496784
321,1565467200,373,108,-265,481,32,-0.4782935475455909,-0.1998603049909064
321,1565481600,195,76,-119,271,32,-0.277630162655774,-0.2746595082449288
321,1565496000,70,19,-51,89,32,-0.18417050393996892,-0.33948548439841486
321,1565510400,35,18,-17,53,32,-0.13744067458206635,-0.35230820495624726
321,1565524800,94,126,32,220,32,-0.07009474403685384,-0.29282502903519136
321,1565539200,271,202,-69,473,32,-0.20890982536474084,-0.20270979844820247
321,1565553600,287,141,-146,428,32,-0.31473914479293197,-0.218738199145493
321,1565568000,142,48,-94,190,32,-0.24326999401025745,-0.3035106295000517
321,1565582400,21,13,-8,34,32,-0.1250710138696804,-0.3590757519173255
321,1565596800,60,148,88,208,32,0.006872033729103317,-0.2970992692211355
321,1565611200,334,446,112,780,32,0.03985779562879924,-0.09336048702446498
321,1565625600,452,254,-198,706,32,-0.38620829557560643,-0.11971830150445383
321,1565640000,981,312,-669,1293,32,-1.033553872857139,0.08936328092464688
321,1565654400,261,67,-194,328,33,-0.35996614264655447,-0.18670783902219426
321,1565668800,22,9,-13,31,33,0.42795859573499095,-0.8580810255205661
321,1565683200,74,139,65,213,33,0.767506273048585,-0.44666715365961096
321,1565697600,358,476,118,834,33,0.9982245666078221,0.9571131453824392
321,1565712000,445,222,-223,667,33,-0.4862082278016087,0.5796070102133211
321,1565726400,1047,337,-710,1384,33,-2.606204623336485,2.2003968240831275
321,1565740800,305,85,-220,390,33,-0.47314870175108587,-0.04655586069593483
321,1565755200,30,13,-17,43,33,0.4105458943342938,-0.8309548361670965
321,1565769600,69,147,78,216,33,0.8240975526008507,-0.43988560632124357
321,1565784000,367,496,129,863,33,1.0461094954597392,1.0226681029866573
321,1565798400,462,268,-194,730,33,-0.35996614264655447,0.7220195043190363
321,1565812800,1054,376,-678,1430,33,-2.4669030121309077,2.3043805499380943
321,1565827200,338,92,-246,430,33,-0.5863312608556173,0.04386477048229707
321,1565841600,36,12,-24,48,33,0.3800736668830738,-0.8196522572698175
321,1565856000,66,109,43,175,33,0.6717364153447508,-0.5325667532789312
321,1565870400,432,469,37,901,33,0.6456173632437051,1.1085677026059777
321,1565884800,504,254,-250,758,33,-0.6037439622563144,0.7853139461437986
321,1565899200,993,319,-674,1312,33,-2.449490310730211,2.03763968796231
321,1565913600,336,89,-247,425,33,-0.5906844362057916,0.03256219158501808
321,1565928000,34,15,-19,49,33,0.40183954363394525,-0.8173917414903618
321,1565942400,66,120,54,186,33,0.7196213441966679,-0.5077010797049175
321,1565956800,318,406,88,724,33,0.8676293061025936,0.7084564096423015
321,1565971200,527,261,-266,788,33,-0.673394767859103,0.8531294195274726
321,1565985600,831,290,-541,1121,33,-1.8705179891570312,1.605881174086253
321,1566000000,267,81,-186,348,33,-0.32514073984516023,-0.1414975234330783
321,1566014400,0,3,3,3,33,0.4976094013377795,-0.9213754673453284
321,1566028800,1,6,5,7,33,0.5063157520381281,-0.9123334042275052
321,1566043200,0,4,4,4,33,0.5019625766879537,-0.9191149515658726
321,1566057600,2,3,1,5,33,0.4889030506374309,-0.9168544357864168
321,1566072000,0,1,1,1,33,0.4889030506374309,-0.92589649890424
321,1566086400,0,2,2,2,33,0.4932562259876052,-0.9236359831247842
321,1566100800,0,3,3,3,33,0.4976094013377795,-0.9213754673453284
321,1566115200,0,5,5,5,33,0.5063157520381281,-0.9168544357864168
321,1566129600,3,10,7,13,33,0.5150221027384766,-0.8987703095507704
321,1566144000,1,3,2,4,33,0.4932562259876052,-0.9191149515658726
321,1566158400,0,1,1,1,33,0.4889030506374309,-0.92589649890424
321,1566172800,0,3,3,3,33,0.4976094013377795,-0.9213754673453284
321,1566187200,1,8,7,9,33,0.5150221027384766,-0.9078123726685936
321,1566201600,62,108,46,170,33,0.6847959413952737,-0.5438693321762103
321,1566216000,326,503,177,829,33,1.2550619122681048,0.9458105664851602
321,1566230400,394,203,-191,597,33,-0.3469066165960316,0.4213709056514152
321,1566244800,928,267,-661,1195,33,-2.392899031177945,1.7731593417659821
321,1566259200,214,60,-154,274,34,-0.23772330856145066,-0.2875320289363481
321,1566273600,19,13,-6,32,34,0.42850215853412066,-0.8414508200866595
321,1566288000,73,122,49,195,34,0.6760859469817992,-0.46835675827880513
321,1566302400,342,510,168,852,34,1.2117672347140491,1.0354640920755527
321,1566316800,456,244,-212,700,34,-0.49881166728809345,0.687548157138167
321,1566331200,989,338,-651,1327,34,-2.4749804514432006,2.1227013887548827
321,1566345600,265,80,-185,345,34,-0.3772705347774149,-0.1250186645905956
321,1566360000,46,9,-37,55,34,0.28895493231815644,-0.788805645721134
321,1566374400,71,118,47,189,34,0.6670829001291564,-0.4820902820263335
321,1566388800,372,481,109,853,34,0.9461773525610849,1.0377530127001406
321,1566403200,427,260,-167,687,34,-0.2962431131036292,0.6577921890185221
321,1566417600,1046,401,-645,1447,34,-2.447971310885272,2.3973718637054504
321,1566432000,314,84,-230,398,34,-0.5798390889618791,-0.0037058714874282314
321,1566446400,33,10,-23,43,34,0.3519762602866564,-0.8162726932161908
321,1566460800,68,124,56,192,34,0.7075966109660493,-0.47522352015256936
321,1566475200,331,491,160,822,34,1.1757550473034777,0.9667964733379107
321,1566489600,482,239,-243,721,34,-0.6383588935040577,0.7356154902545163
321,1566504000,936,319,-617,1255,34,-2.321928654948272,1.9578991037845423
321,1566518400,308,81,-227,389,34,-0.5663345186829148,-0.024306157108720805
321,1566532800,39,10,-29,49,34,0.3249671197287278,-0.8025391694686624
321,1566547200,51,123,72,174,34,0.7796209857871921,-0.5164240913951544
321,1566561600,306,416,110,722,34,0.9506788759874064,0.7379044108791044
321,1566576000,513,238,-275,751,34,-0.7824076431463434,0.8042831089921582
321,1566590400,836,277,-559,1113,34,-2.060840296221629,1.6328723750930372
321,1566604800,251,84,-167,335,34,-0.2962431131036292,-0.14790787083647625
321,1566619200,0,3,3,3,34,0.4690158693710135,-0.9078295181997134
321,1566633600,0,2,2,2,34,0.4645143459446921,-0.9101184388243014
321,1566648000,0,2,2,2,34,0.4645143459446921,-0.9101184388243014
321,1566662400,1,2,1,3,34,0.46001282251837067,-0.9078295181997134
321,1566676800,0,0,0,0,34,0.45551129909204924,-0.9146962800734776
321,1566691200,0,2,2,2,34,0.4645143459446921,-0.9101184388243014
321,1566705600,0,2,2,2,34,0.4645143459446921,-0.9101184388243014
321,1566720000,0,4,4,4,34,0.47351739279733496,-0.9055405975751253
321,1566734400,0,1,1,1,34,0.46001282251837067,-0.9124073594488895
321,1566748800,0,3,3,3,34,0.4690158693710135,-0.9078295181997134
321,1566763200,0,3,3,3,34,0.4690158693710135,-0.9078295181997134
321,1566777600,0,2,2,2,34,0.4645143459446921,-0.9101184388243014
321,1566792000,0,4,4,4,34,0.47351739279733496,-0.9055405975751253
321,1566806400,59,123,64,182,34,0.7436087983766207,-0.49811272639844995
321,1566820800,302,466,164,768,34,1.1937611410087634,0.8431947596101553
321,1566835200,423,204,-219,627,34,-0.5303223312723435,0.5204569515432383
321,1566849600,944,312,-632,1256,34,-2.3894515063430934,1.9601880244091303
321,1566864000,233,48,-185,281,35,-0.3942925532473771,-0.3311674166166109
321,1566878400,22,11,-11,33,35,0.4866276482603673,-1.0370073616705542
321,1566892800,67,128,61,195,35,0.8511463523325373,-0.5759344943369299
321,1566907200,333,471,138,804,35,1.240978855298608,1.1573579513802128
321,1566921600,429,221,-208,650,35,-0.5107360281593203,0.7190541145321997
321,1566936000,993,282,-711,1275,35,-3.057304196885731,2.4978846212205643
321,1566950400,232,65,-167,297,35,-0.30316287722933455,-0.2856293556453888
321,1566964800,23,14,-9,37,35,0.49675316781792755,-1.0256228464277486
321,1566979200,65,119,54,184,35,0.8157070338810763,-0.6072419112546452
321,1566993600,338,483,145,821,35,1.276418173750069,1.2057421411621363
321,1567008000,469,234,-235,703,35,-0.6474305421863841,0.869898941499373
321,1567022400,960,296,-664,1256,35,-2.8193544872830643,2.443808173817238
321,1567036800,239,62,-177,301,35,-0.35379047501713595,-0.2742448404025833
321,1567051200,25,9,-16,34,35,0.4613138493664666,-1.0341612328598528
321,1567065600,60,109,49,169,35,0.7903932349871757,-0.6499338434151659
321,1567080000,362,498,136,860,35,1.2308533357410478,1.3167411647794902
321,1567094400,473,267,-206,740,35,-0.50061050860176,0.9752057074953242
321,1567108800,954,308,-646,1262,35,-2.728224811265022,2.460884946681446
321,1567123200,249,72,-177,321,35,-0.35379047501713595,-0.2173222641885556
321,1567137600,38,13,-25,51,35,0.4157490113574453,-0.9857770430779292
321,1567152000,51,90,39,141,35,0.7397656371993743,-0.7296254501148046
321,1567166400,271,343,72,614,35,0.9068367098991189,0.6165934773469498
321,1567180800,518,245,-273,763,35,-0.8398154137800294,1.040666670141456
321,1567195200,671,217,-454,888,35,-1.756174933739235,1.396432771479129
321,1567209600,215,61,-154,276,35,-0.23734700010519275,-0.34539806067011786
321,1567224000,55,26,-29,81,35,0.39549797224232475,-0.9003931787568877
321,1567238400,29,21,-8,50,35,0.5018159275967077,-0.9886231718886306
321,1567252800,112,137,25,249,35,0.6688870002964523,-0.4222435385590552
321,1567267200,272,140,-132,412,35,-0.12596628497202966,0.04167545758527033
321,1567281600,304,129,-175,433,35,-0.3436649554595757,0.10144416260999939
321,1567296000,152,74,-78,226,35,0.1474227430820979,-0.48770450120518705
321,1567310400,57,23,-34,80,35,0.3701841733484241,-0.9032393075675891
321,1567324800,23,12,-11,35,35,0.4866276482603673,-1.0313151040491513
321,1567339200,90,89,-1,179,35,0.5372552460481687,-0.621472555308152
321,1567353600,216,182,-34,398,35,0.3701841733484241,0.0018296542354509589
321,1567368000,283,129,-154,412,35,-0.23734700010519275,0.04167545758527033
321,1567382400,122,49,-73,171,35,0.1727365419759986,-0.6442415857937631
321,1567396800,33,13,-20,46,35,0.441062810251346,-1.000007687131436
321,1567411200,12,23,11,35,35,0.5980083633935304,-1.0313151040491513
321,1567425600,84,111,27,195,35,0.6790125198540126,-0.5759344943369299
321,1567440000,206,162,-44,368,35,0.31955657556062267,-0.08355421008559055
321,1567454400,254,109,-145,363,35,-0.1917821620961715,-0.09778485413909747
321,1567468800,121,32,-89,153,36,0.019839422845141216,-0.8069240914655912
321,1567483200,34,21,-13,55,36,0.22216350502306706,-0.9939236725968549
321,1567497600,79,138,59,217,36,0.4138389512968916,-0.6848019160329293
321,1567512000,359,497,138,856,36,0.6241495104028935,0.5345116793025549
321,1567526400,435,246,-189,681,36,-0.24637647475739277,0.20058385585386995
321,1567540800,988,344,-644,1332,36,-1.4576588088489224,1.4427953590829783
321,1567555200,256,86,-170,342,36,-0.19579545421291134,-0.44628204214101136
321,1567569600,27,15,-12,42,36,0.2248256639990924,-1.0187297394816144
321,1567584000,83,154,71,237,36,0.4457848590091957,-0.6466387362102224
321,1567598400,442,549,107,991,36,0.5416225821461079,0.7921131431058263
321,1567612800,471,269,-202,740,36,-0.2809845414457222,0.3131652363308552
321,1567627200,1049,342,-707,1391,36,-1.6253748243385189,1.5553767395599636
321,1567641600,271,72,-199,343,36,-0.2729980645176462,-0.444373883149876
321,1567656000,38,24,-14,62,36,0.21950134604704172,-0.9805665596589074
321,1567670400,92,195,103,287,36,0.5309739462420066,-0.5512307866534553
321,1567684800,422,578,156,1000,36,0.6720683719713495,0.8092865740260444
321,1567699200,598,306,-292,904,36,-0.5205788492880028,0.6261033108770514
321,1567713600,1113,354,-759,1467,36,-1.7638070910918366,1.7003968228862496
321,1567728000,300,76,-224,376,36,-0.3395520389182797,-0.3814046364424097
321,1567742400,47,10,-37,57,36,0.1582716895984589,-0.9901073546145841
321,1567756800,79,177,98,256,36,0.5176631513618798,-0.6103837153786509
321,1567771200,373,537,164,910,36,0.6933656437795522,0.6375522648238635
321,1567785600,664,268,-396,932,36,-0.7974433827946381,0.6795317626288411
321,1567800000,1087,303,-784,1390,36,-1.83036106549247,1.5534685805688282
321,1567814400,294,101,-193,395,36,-0.25702511066149414,-0.3451496156108382
321,1567828800,66,26,-40,92,36,0.15028521267038286,-0.9233217899248471
321,1567843200,25,26,1,51,36,0.2594337306874218,-1.001556308561396
321,1567857600,185,227,42,412,36,0.36858224870446077,-0.31271091276153734
321,1567872000,388,295,-93,683,36,0.009190786941039855,0.20440017383614062
321,1567886400,413,216,-197,629,36,-0.2676737465655955,0.1013595883148321
321,1567900800,188,78,-110,266,36,-0.036065915651390924,-0.5913021254672974
321,1567915200,74,16,-58,90,36,0.10236635110192675,-0.9271381079071178
321,1567929600,27,16,-11,43,36,0.22748782297511774,-1.016821580490479
321,1567944000,98,137,39,235,36,0.3605957717763848,-0.650455054192493
321,1567958400,318,261,-57,579,36,0.1050285100779521,0.005951638758064947
321,1567972800,293,165,-128,458,36,-0.08398477721984704,-0.22493559916931158
321,1567987200,142,62,-80,204,36,0.04379885362936928,-0.7096079829176887
321,1568001600,20,14,-6,34,36,0.24079861785524442,-1.033995011410697
321,1568016000,83,194,111,277,36,0.5522712180502093,-0.5703123765648087
321,1568030400,402,2077,1675,2479,36,4.715887856553841,3.631453721915217
321,1568044800,612,266,-346,878,36,-0.6643354339933711,0.5764911771075325
321,1568059200,1063,298,-765,1361,36,-1.7797800449479886,1.4981319698259032
321,1568073600,258,67,-191,325,37,-0.17546114404762628,-0.4960968559752238
321,1568088000,31,10,-21,41,37,0.4279638478954746,-1.1001333279879293
321,1568102400,87,185,98,272,37,0.8503613422556452,-0.608821972231116
321,1568109018,186,484,298,670,37,1.5602730974828227,0.23767984418105578
321,1568116800,426,310,-116,736,37,0.09075576416256528,0.378054517254431
321,1568131200,625,241,-384,866,37,-0.8605259878418525,0.654550085429261
321,1568145600,1152,422,-730,1574,37,-2.0886733243848696,2.1603874874891043
321,1568160000,350,62,-288,412,37,-0.5197683453328074,-0.3110575141966837
321,1568174400,36,8,-28,44,37,0.4031169364625234,-1.0937526610300485
321,1568188800,95,145,50,240,37,0.6799825210011226,-0.6768824197818434
321,1568203200,394,653,259,1047,37,1.4218403052135231,1.0395169918880627
321,1568217600,610,248,-362,858,37,-0.782435694766863,0.6375349735415792
321,1568232000,1080,341,-739,1421,37,-2.1206193533700928,1.834973472637189
321,1568246400,300,69,-231,369,37,-0.31744349509306174,-0.4025137405929736
321,1568260800,34,9,-25,43,37,0.41376561279093105,-1.0958795500160088
321,1568275200,90,182,92,272,37,0.8290639895988299,-0.608821972231116
321,1568281362,196,248,52,444,37,0.6870816385533943,-0.24299706664595636
321,1568289600,411,367,-44,778,37,0.34632399604434916,0.4673838546647607
321,1568304000,663,264,-399,927,37,-0.9137693694838909,0.7842903135728351
321,1568318400,1210,334,-876,1544,37,-2.6069089057007093,2.096580817910297
321,1568332800,321,65,-256,386,37,-0.40618246449645895,-0.36635662783164974
321,1568347200,46,8,-38,54,37,0.36762134870116453,-1.0724837711704462
321,1568361600,85,174,89,259,37,0.8184153132704222,-0.636471529048599
321,1568376000,224,543,319,767,37,1.6348138317816763,0.44398807581919814
321,1568390400,1074,598,-476,1672,37,-1.1870853952463543,2.3688226081132067
321,1568404800,1005,370,-635,1375,37,-1.7514652406519602,1.7371365792830185
321,1568419200,305,122,-183,427,37,-0.14706467383853916,-0.27915417940728027
321,1568433600,77,21,-56,98,37,0.3037292907307185,-0.9789006557881962
321,1568448000,35,25,-10,60,37,0.46700899443296934,-1.059722437254685
321,1568462400,135,185,50,320,37,0.6799825210011226,-0.5067313009050249
321,1568476800,306,240,-66,546,37,0.26823370296935967,-0.026054390078012826
321,1568491200,373,195,-178,568,37,-0.12931687995785973,0.02073716761311225
321,1568505600,186,69,-117,255,37,0.0872062053864294,-0.6449790849924399
321,1568520000,60,27,-33,87,37,0.38536914258184396,-1.0022964346337586
321,1568534400,22,16,-6,38,37,0.4812072295375129,-1.10651399494581
321,1568548800,87,118,31,205,37,0.6125409042545408,-0.7513235342904515
321,1568563200,261,205,-56,466,37,0.3037292907307185,-0.19620550895483127
321,1568577600,281,164,-117,445,37,0.0872062053864294,-0.24087017765999613
321,1568592000,122,40,-82,162,37,0.21144076255118546,-0.8427797606867414
321,1568606400,22,9,-13,31,37,0.4563603181045617,-1.1214022178475316
321,1568620800,73,180,107,253,37,0.8823073712408682,-0.6492328629643604
321,1568635200,394,586,192,980,37,1.1840198672124187,0.8970154298287273
321,1568649600,535,240,-295,775,37,-0.5446152567657586,0.46100318770688
321,1568664000,1133,318,-815,1451,37,-2.3903858203564203,1.898780142215996
321,1568678400,264,76,-188,340,38,-0.11162255611595455,-0.48169188904174803
321,1568692800,26,8,-18,34,38,0.506674612749767,-1.1346508762756418
321,1568707200,92,167,75,259,38,0.8449195345410148,-0.6545339738977788
321,1568721600,404,609,205,1013,38,1.3177350166148019,0.954391112292927
321,1568736000,607,237,-370,844,38,-0.7735642310192565,0.5937699722846653
321,1568750400,1176,423,-753,1599,38,-2.1665513820520292,2.204828911374828
321,1568764800,328,72,-256,400,38,-0.3589414236622432,-0.3536607150743179
321,1568779200,43,15,-28,58,38,0.47030419105178345,-1.0834384066886698
321,1568793600,91,177,86,268,38,0.8849269984087967,-0.6353292978026642
321,1568808000,404,620,216,1024,38,1.3577424804825837,0.9778634941869558
321,1568822400,647,304,-343,951,38,-0.6753640924347007,0.8220922325265825
321,1568836800,1158,388,-770,1546,38,-2.228381098938601,2.091734707703598
321,1568851200,346,89,-257,435,38,-0.36257846583204156,-0.27897586359331694
321,1568865600,50,17,-33,67,38,0.4521189802027916,-1.0642337305935552
321,1568880000,89,162,73,251,38,0.837645450201418,-0.6716047970934361
321,1568894400,408,566,158,974,38,1.1467940346342789,0.8711708492140973
321,1568908800,602,261,-341,863,38,-0.668090008095104,0.6343131773743516
321,1568923200,1222,392,-830,1614,38,-2.446603629126503,2.2368367048666857
321,1568937600,351,87,-264,438,38,-0.3880377610206301,-0.27257430489494544
321,1568952000,73,17,-56,90,38,0.3684670102974293,-1.0151551139060404
321,1568966400,84,191,107,275,38,0.9613048839745624,-0.620392327506464
321,1568980800,399,535,136,934,38,1.066779106898715,0.7858167332358106
321,1568995200,613,276,-337,889,38,-0.6535418394159105,0.6897933527602379
321,1569009600,1033,348,-685,1381,38,-1.9192325145057405,1.7396489792931653
321,1569024000,326,109,-217,435,38,-0.21709677904010705,-0.27897586359331694
321,1569038400,85,17,-68,102,38,0.32482250425984893,-0.9895488791125543
321,1569052800,33,36,3,69,38,0.5830524983155326,-1.059966024794641
321,1569067200,159,180,21,339,38,0.6485192573719032,-0.4838257419412052
321,1569081600,358,190,-168,548,38,-0.038881712719987305,-0.037850485954656815
321,1569096000,430,157,-273,587,38,-0.42077114054881537,0.04536977712417279
321,1569110400,207,67,-140,274,38,0.06295546803436684,-0.6225261804059212
321,1569124800,94,20,-74,114,38,0.3030002512410588,-0.9639426443190683
321,1569139200,33,15,-18,48,38,0.506674612749767,-1.1047769356832415
321,1569153600,101,85,-16,186,38,0.5139486970893637,-0.8103052355581521
321,1569168000,254,144,-110,398,38,0.17206673312831772,-0.35792842087323223
321,1569182400,283,119,-164,402,38,-0.024333544040793853,-0.34939300927540357
321,1569196800,125,31,-94,156,38,0.2302594078450915,-0.8743208225418672
321,1569211200,22,6,-16,28,38,0.5139486970893637,-1.1474539936723849
321,1569225600,87,190,103,277,38,0.9467567152953689,-0.6161246217075497
321,1569240000,414,611,197,1025,38,1.2886386792564148,0.979997347086413
321,1569254400,561,261,-300,822,38,-0.5189712791333712,0.5468252084966075
321,1569268800,1102,302,-800,1404,38,-2.3374923640325522,1.78872759598068
321,1569283200,267,69,-198,336,39,-0.10569693225004059,-0.49051426107555146
321,1569297600,35,5,-30,40,39,0.49285648184007713,-1.1181463415295712
321,1569312000,89,190,101,279,39,0.9595856321127285,-0.6113758441359539
321,1569326400,436,629,193,1065,39,1.2873648826858883,1.0552417749074903
321,1569340800,695,227,-468,922,39,-1.067657776323444,0.7520276279313929
321,1569355200,1185,368,-817,1553,39,-2.3110812377368433,2.08998655619655
321,1569369600,337,78,-259,415,39,-0.32302882665180954,-0.32300434771113407
321,1569384000,36,8,-28,44,39,0.4999821177221023,-1.1096648269288412
321,1569398400,102,201,99,303,39,0.9524599962307033,-0.560486756531574
321,1569412800,455,593,138,1048,39,1.091409895930195,1.0191953378543877
321,1569427200,638,263,-375,901,39,-0.7363157078092718,0.7074996762775604
321,1569441600,1173,397,-776,1570,39,-2.1650057021553266,2.1260329932496522
321,1569456000,391,87,-304,478,39,-0.4833556339973768,-0.18942049274963665
321,1569470400,42,10,-32,52,39,0.48573084595805194,-1.0927017977273812
321,1569484800,89,175,86,264,39,0.9061433629975394,-0.6431815238886914
321,1569499200,440,629,189,1069,39,1.273113610921838,1.0637232895082203
321,1569513600,635,276,-359,911,39,-0.6793106207530701,0.7287034627793854
321,1569528000,1297,356,-941,1653,39,-2.7528706624224064,2.3020244212147993
321,1569542400,361,72,-289,433,39,-0.4299133648821877,-0.2848375320078491
321,1569556800,38,14,-24,52,39,0.5142333894861527,-1.0927017977273812
321,1569571200,77,164,87,241,39,0.9097061809385519,-0.6919502328428889
321,1569585600,422,575,153,997,39,1.144852165045384,0.9110560266950802
321,1569600000,718,322,-396,1040,39,-0.8111348845705365,1.0022323086529277
321,1569614400,1112,389,-723,1501,39,-1.9761763512816584,1.9797268663870597
321,1569628800,360,128,-232,488,39,-0.2268327422444692,-0.16821670624781165
321,1569643200,84,24,-60,108,39,0.38597194360969894,-0.9739605933171612
321,1569657600,34,30,-4,64,39,0.5854897483064049,-1.0672572539251912
321,1569672000,135,148,13,283,39,0.6460576533036192,-0.6028943295352239
321,1569686400,388,177,-211,565,39,-0.15201356548320447,-0.004947550183759244
321,1569700800,481,172,-309,653,39,-0.5011697237024398,0.18164577103230065
321,1569715200,236,65,-171,301,39,-0.009500847842700248,-0.564727513831939
321,1569729600,74,21,-53,95,39,0.41091166919678723,-1.0015255157695337
321,1569744000,28,19,-9,47,39,0.5676756586013418,-1.1033036909782936
321,1569758400,109,97,-12,206,39,0.556987204778304,-0.7661634855992764
321,1569772800,272,170,-102,442,39,0.23633359008716953,-0.2657541241562066
321,1569787200,304,115,-189,419,39,-0.07363157078092715,-0.3145228331104041
321,1569801600,157,36,-121,193,39,0.16864004920793002,-0.7937284080516488
321,1569816000,17,7,-10,24,39,0.5641128406603293,-1.152072399932491
321,1569830400,62,115,53,177,39,0.7885703709441234,-0.8276544664545687
321,1569844800,345,464,119,809,39,1.0237163550509554,0.5124248404607705
321,1569859200,399,237,-162,636,39,0.022564513626413204,0.14559933397919816
321,1569873600,894,257,-637,1151,39,-1.6697740083545742,1.2375943388231851
321,1569888000,128,67,-61,195,40,0.26252190771127204,-0.7713212831006069
321,1569902400,8,13,5,21,40,0.49222857695863514,-1.1403677631909064
321,1569916800,63,142,79,205,40,0.7497784788420423,-0.7501117152793253
321,1569931200,394,505,111,899,40,0.8611514093862184,0.7218322915176166
321,1569945600,425,231,-194,656,40,-0.20037183486295962,0.20643979346047417
321,1569960000,1070,311,-759,1381,40,-2.1668001397835677,1.7441334605033891
321,1569974400,203,91,-112,294,40,0.0850212996564915,-0.5613465616699191
321,1569988800,6,12,6,18,40,0.49570898103814065,-1.1467306335372909
321,1570003200,77,197,120,274,40,0.892475046101768,-0.6037656973124823
321,1570017600,392,635,243,1027,40,1.3205647478809446,0.9933147596300209
321,1570032000,646,267,-379,913,40,-0.8442465895714774,0.7515256864674109
321,1570046400,1185,335,-850,1520,40,-2.4835169110185684,2.038946453219203
321,1570060800,232,94,-138,326,40,-0.005469206410651545,-0.4934759446418181
321,1570075200,11,13,2,24,40,0.4817873647201187,-1.1340048928445219
321,1570089600,87,156,69,243,40,0.7149744380469872,-0.6695153575584553
321,1570104000,469,618,149,1087,40,0.9934067644074275,1.1205721665577104
321,1570118400,656,306,-350,962,40,-0.7433148712658179,0.8554525687916906
321,1570132800,1248,384,-864,1632,40,-2.5322425681316454,2.276493612817557
321,1570147200,225,95,-130,320,40,0.022374026225392467,-0.5062016853345871
321,1570161600,10,12,2,22,40,0.4817873647201187,-1.1382468064087783
321,1570176000,71,173,102,244,40,0.8298277726706688,-0.6673944007763272
321,1570190400,385,544,159,929,40,1.0282108052024825,0.7854609949814614
321,1570204800,667,299,-368,966,40,-0.8059621446969168,0.8639363959202033
321,1570219200,1037,389,-648,1426,40,-1.7804752869584572,1.8395765156991561
321,1570233600,352,86,-266,438,40,-0.45096092858735576,-0.2559287850434644
321,1570248000,81,19,-62,100,40,0.2590415036317666,-0.9728121774027819
321,1570262400,28,47,19,75,40,0.5409542340717122,-1.0258360969559859
321,1570276800,147,278,131,425,40,0.9307594909763285,-0.2835012232111304
321,1570291200,459,276,-183,735,40,-0.1620873899883991,0.3739953792485987
321,1570305600,426,170,-256,596,40,-0.4161568877923007,0.07918238653278466
321,1570320000,239,85,-154,324,40,-0.06115567168273957,-0.49771785820607445
321,1570334400,52,20,-32,72,40,0.3634536260169316,-1.0321989673023704
321,1570348800,24,17,-7,41,40,0.45046372800456913,-1.0979486275483432
321,1570363200,112,203,91,315,40,0.7915433277961083,-0.5168064692452279
321,1570377600,337,208,-129,545,40,0.02585443030489797,-0.02898640935575142
321,1570392000,300,163,-137,463,40,-0.0019888023311460433,-0.2029048654902604
321,1570406400,121,46,-75,167,40,0.21379625059819504,-0.8307080730001953
321,1570420800,20,12,-8,32,40,0.4469833239250636,-1.1170372385874967
321,1570435200,80,164,84,244,40,0.7671804992395698,-0.6673944007763272
321,1570449600,391,645,254,1036,40,1.358849192755505,1.0124033706691744
321,1570464000,611,224,-387,835,40,-0.8720898222075214,0.5860910574614145
321,1570478400,1122,315,-807,1437,40,-2.333859535599832,1.8629070403025658
321,1570492800,257,67,-190,324,41,-0.15257982983426216,-0.48357614280422057
321,1570507200,26,17,-9,43,41,0.545321413487074,-1.1341878205715952
321,1570521600,86,173,87,259,41,0.9154789790055726,-0.6340735059888446
321,1570536000,446,612,166,1058,41,1.220087808963504,1.2158863891575338
321,1570550400,607,277,-330,884,41,-0.6923929462154061,0.8130165246325403
321,1570564800,1132,312,-820,1444,41,-2.58173885354941,2.109609192069301
321,1570579200,339,79,-260,418,41,-0.4224863880248341,-0.2659338021987643
321,1570593600,32,11,-21,43,41,0.4990517177972616,-1.1341878205715952
321,1570608000,55,138,83,193,41,0.9000557471089685,-0.7868862132224628
321,1570622400,367,480,113,847,41,1.0157299863334994,0.7273487948197542
321,1570636800,430,234,-196,664,41,-0.17571467767916835,0.3036408338538128
321,1570651200,1019,320,-699,1339,41,-2.1151860886771354,1.8664980669249085
321,1570665600,339,96,-243,435,41,-0.3569376524642667,-0.2265729533658626
321,1570680000,35,13,-22,48,41,0.49519590982311057,-1.1226111003266241
321,1570694400,91,175,84,266,41,0.9039115550831196,-0.6178660976458851
321,1570708800,389,599,210,988,41,1.3897433598261493,1.0538123057279387
321,1570723200,623,250,-373,873,41,-0.8581926891039003,0.7875477400936038
321,1570737600,1213,374,-839,1587,41,-2.6549992050582794,2.440703391075474
321,1570752000,332,107,-225,439,41,-0.28753310892954814,-0.21731157716988575
321,1570766400,46,14,-32,60,41,0.4566378300816003,-1.0948269717386936
321,1570780800,82,155,73,237,41,0.8614976673674583,-0.6850110750667173
321,1570795200,379,531,152,910,41,1.1661064973253896,0.8732154699063899
321,1570809600,717,288,-429,1005,41,-1.0741179356563577,1.0931731545608403
321,1570824000,1028,355,-673,1383,41,-2.0149350813492086,1.968373205080654
321,1570838400,343,109,-234,452,41,-0.32223538069690744,-0.18721210453296094
321,1570852800,66,19,-47,85,41,0.39880071046933485,-1.0369433705138382
321,1570867200,22,43,21,65,41,0.6609956527116048,-1.0832502514937223
321,1570881600,156,178,22,334,41,0.6648514606857558,-0.4604227023142784
321,1570896000,418,222,-196,640,41,-0.17571467767916835,0.2480725766779516
321,1570910400,490,191,-299,681,41,-0.5728628990167243,0.34300168268671444
321,1570924800,223,64,-159,287,41,-0.03304978263558029,-0.5692438726170066
321,1570939200,69,19,-50,88,41,0.38723328654688177,-1.0299973383668555
321,1570953600,21,23,2,44,41,0.5877353012027353,-1.131872476522601
321,1570968000,98,114,16,212,41,0.6417166128408497,-0.7428946762915727
321,1570982400,342,189,-153,531,41,-0.00991493479067412,-0.0042999246624179045
321,1570996800,331,121,-210,452,41,-0.22969598931728274,-0.18721210453296094
321,1571011200,138,35,-103,173,41,0.18287546391687728,-0.8331930942023471
321,1571025600,30,8,-22,38,41,0.49519590982311057,-1.1457645408165662
321,1571040000,57,108,51,165,41,0.7766698919361357,-0.8517158465943009
321,1571054400,285,427,142,712,41,1.1275484175838792,0.41477734820553513
321,1571068800,376,214,-162,590,41,-0.044617206558033376,0.13230537422824082
321,1571083200,814,270,-544,1084,41,-1.5175358526837261,1.2760853344313834
321,1571097600,212,57,-155,269,42,0.03739829649535329,-0.6376410911182931
321,1571112000,25,9,-16,34,42,0.522578863028403,-1.133740536911889
321,1571126400,87,185,98,272,42,0.9204967377389616,-0.6313079067039069
321,1571140800,415,606,191,1021,42,1.2451139513186278,0.9498771354212128
321,1571155200,601,262,-339,863,42,-0.60485511531818,0.6163294229301995
321,1571169600,1110,352,-758,1462,42,-2.067377830263128,1.880855244336003
321,1571184000,343,115,-228,458,42,-0.21740876362632025,-0.23865047301195458
321,1571198400,42,10,-32,52,42,0.4667307402620087,-1.0957414304255708
321,1571212800,90,194,104,284,42,0.9414397837763594,-0.6059751690463615
321,1571227200,410,589,179,999,42,1.2032278592438324,0.9034337830490464
321,1571241600,643,286,-357,929,42,-0.6676842534303735,0.7556594800466988
321,1571256000,1243,388,-855,1631,42,-2.405957074534393,2.237624633013099
321,1571270400,380,77,-303,457,42,-0.47919683909379307,-0.2407615344834167
321,1571284800,39,10,-29,49,42,0.47720226328070764,-1.1020746148399572
321,1571299200,83,158,75,241,42,0.84021506126227,-0.6967508123192322
321,1571313600,405,622,217,1027,42,1.3358671508140185,0.9625435042499855
321,1571328000,642,269,-373,911,42,-0.7235323761967677,0.7176603735603808
321,1571342400,1162,383,-779,1545,42,-2.1406784913940204,2.056073346467358
321,1571356800,384,85,-299,469,42,-0.4652348084021945,-0.21542879682587138
321,1571371200,54,16,-38,70,42,0.4457876942246109,-1.057742323939253
321,1571385600,84,153,69,237,42,0.8192720152248721,-0.7051950582050807
321,1571400000,393,556,163,949,42,1.147379736477438,0.7978807094759409
321,1571414400,690,282,-408,972,42,-0.8457001447482551,0.8464351233195695
321,1571428800,1129,365,-764,1494,42,-2.088320876300526,1.9484092114227904
321,1571443200,338,106,-232,444,42,-0.2313707943179188,-0.2682053336124241
321,1571457600,71,16,-55,87,42,0.38644906378531707,-1.021854278924397
321,1571472000,35,40,5,75,42,0.5958795241592953,-1.0471870165819424
321,1571486400,166,181,15,347,42,0.6307846008882917,-0.4729782963442487
321,1571500800,418,211,-207,629,42,-0.14410810249542785,0.12234103860806606
321,1571515200,459,144,-315,603,42,-0.5210829311685887,0.06745344035005123
321,1571529600,214,73,-141,287,42,0.08626540391594821,-0.5996419846319753
321,1571544000,78,24,-54,102,42,0.38993957145821667,-0.9901883568524654
321,1571558400,19,16,-3,35,42,0.5679554627760982,-1.1316294754404268
321,1571572800,110,78,-32,188,42,0.4667307402620087,-0.808637070306724
321,1571587200,293,143,-150,436,42,0.054850834859851476,-0.285093825384121
321,1571601600,309,90,-219,399,42,-0.1859941945702235,-0.363203099828219
321,1571616000,120,34,-86,154,42,0.2782433259254283,-0.8804131603364357
321,1571630400,17,11,-6,28,42,0.5574839397573993,-1.1464069057406614
321,1571644800,85,196,111,281,42,0.9658733374866569,-0.6123083534607479
321,1571659200,371,561,190,932,42,1.2416234436457283,0.761992664461085
321,1571673600,558,230,-328,788,42,-0.566459530916284,0.4579998125705414
321,1571688000,1145,329,-816,1474,42,-2.269827275291307,1.906187981993548
321,1571702400,178,77,-101,255,43,0.12956324649678325,-0.6865220315429238
321,1571716800,9,16,7,25,43,0.5017601344698097,-1.1614094518583298
321,1571731200,84,196,112,280,43,0.8636182199991409,-0.6349038336825537
321,1571745600,416,662,246,1078,43,1.3254180624841922,1.0127490420204637
321,1571760000,595,303,-292,898,43,-0.5286738424184765,0.6410980174257981
321,1571774400,1201,367,-834,1568,43,-2.396550817246072,2.02446572008372
321,1571788800,263,83,-180,346,43,-0.14269188452052312,-0.49863179133117624
321,1571803200,12,13,1,25,43,0.4810825295824193,-1.1614094518583298
321,1571817600,95,226,131,321,43,0.9290973021425436,-0.5502499891915464
321,1571832000,428,554,126,982,43,0.911865964736385,0.8145351622366419
321,1571846400,668,311,-357,979,43,-0.7526812286985387,0.8083409784933975
321,1571860800,1137,397,-740,1534,43,-2.07260167401029,1.9542649709936162
321,1571875200,245,102,-143,347,43,-0.015179987714949248,-0.49656706341676143
321,1571889600,9,13,4,22,43,0.49142133202611454,-1.1676036356015742
321,1571904000,82,190,108,272,43,0.849833150074214,-0.6514216569978721
321,1571918400,430,657,227,1087,43,1.2599389803407894,1.0313315932501967
321,1571932800,688,318,-370,1006,43,-0.7974827059545511,0.8640886321825973
321,1571947200,1218,377,-841,1595,43,-2.4206746896146942,2.0802133737729194
321,1571961600,264,105,-159,369,43,-0.07032026741465687,-0.45114304929963567
321,1571976000,15,19,4,34,43,0.49142133202611454,-1.1428269006285965
321,1571990400,79,167,88,246,43,0.7809078004495795,-0.7051045827726571
321,1572004800,450,567,117,1017,43,0.8808495574052996,0.8868006392411603
321,1572019200,709,297,-412,1006,43,-0.9422259401662837,0.8640886321825973
321,1572033600,1065,380,-685,1445,43,-1.883056962542545,1.7705041866106983
321,1572048000,288,125,-163,413,43,-0.08410533733958377,-0.3602950210653841
321,1572062400,82,21,-61,103,43,0.2674139457460523,-1.0003606745339748
321,1572076800,26,49,23,75,43,0.5569004141695173,-1.0581730561375893
321,1572091200,148,259,111,407,43,0.8601719525179092,-0.37268338855187294
321,1572105600,453,310,-143,763,43,-0.015179987714949248,0.3623597489797989
321,1572120000,499,237,-262,736,43,-0.42528581798152465,0.3066120952905991
321,1572134400,227,105,-122,332,43,0.05719162939091701,-0.5275379821329835
321,1572148800,91,16,-75,107,43,0.21916620100880815,-0.9921017628763155
321,1572163200,20,18,-2,38,43,0.47074372713872414,-1.1345679889709372
321,1572177600,108,144,36,252,43,0.6017018914255298,-0.6927162152861682
321,1572192000,283,188,-95,471,43,0.15024085138417362,-0.24054080202932518
321,1572206400,313,163,-150,476,43,-0.03930386008357133,-0.23021716245725116
321,1572220800,140,56,-84,196,43,0.1881497936777226,-0.8083409784933975
321,1572235200,23,8,-15,31,43,0.42594224988271173,-1.149021084371841
321,1572249600,69,192,123,261,43,0.9015271622926898,-0.6741336640564349
321,1572264000,395,603,208,998,43,1.1944598981973866,0.8475708088672789
321,1572278400,578,244,-334,822,43,-0.673417076630209,0.4841786959302726
321,1572292800,1165,292,-873,1457,43,-2.5309552490141094,1.795280921583676
321,1572307200,250,84,-166,334,44,0.011837405779533048,-0.565527079372424
321,1572321600,39,13,-26,52,44,0.4806609767847245,-1.1544639880352556
321,1572336000,97,188,91,285,44,0.8724635325533489,-0.6678600883244762
321,1572350400,420,631,211,1051,44,1.274312307700656,0.9318763373341373
321,1572364800,626,262,-364,888,44,-0.6512130732135235,0.5914624504120042
321,1572379200,1261,376,-885,1637,44,-2.3959065053114146,2.155695587250518
321,1572393600,359,74,-285,433,44,-0.38666262957487973,-0.3587726327141958
321,1572408000,39,9,-30,48,44,0.4672660176131476,-1.1628177030517497
321,1572422400,78,194,116,272,44,0.9561820273757045,-0.6950096621280819
321,1572436800,444,667,223,1111,44,1.3144971852153866,1.0571820625815482
321,1572451200,624,253,-371,877,44,-0.674654251763783,0.5684897341166455
321,1572465600,1187,412,-775,1599,44,-2.02754512809305,2.0763352945938243
321,1572480000,386,108,-278,494,44,-0.36322145102462017,-0.23137847871266132
321,1572494400,44,17,-27,61,44,0.47731223699183034,-1.1356681292481439
321,1572508800,92,192,100,284,44,0.9026021906893968,-0.6699485170785997
321,1572523200,490,627,137,1117,44,1.0265055630264832,1.0697126351062893
321,1572537600,696,262,-434,958,44,-0.8856248587161193,0.7376524632006503
321,1572552000,1047,376,-671,1423,44,-1.6792761896320505,1.7087718338680855
321,1572566400,930,155,-775,1085,44,-2.02754512809305,1.0028829149743368
321,1572580800,88,25,-63,113,44,0.3567576044476382,-1.027069834033721
321,1572595200,70,151,81,221,44,0.8389761346244066,-0.8015195285883813
321,1572609600,378,548,170,926,44,1.1370139761919926,0.6708227430686978
321,1572624000,640,285,-355,925,44,-0.6210744150774755,0.6687343143145743
321,1572638400,1084,374,-710,1458,44,-1.8098770415549252,1.7818668402624085
321,1572652800,303,93,-210,396,44,-0.13550714510781284,-0.4360444966167659
321,1572667200,105,22,-83,127,44,0.2897828085897537,-0.9978318314759919
321,1572681600,24,30,6,54,44,0.5878206501573398,-1.1502871305270086
321,1572696000,153,176,23,329,44,0.6447492266365416,-0.5759692231430416
321,1572710400,400,295,-105,695,44,0.21611053314608078,0.18839570086616547
321,1572724800,483,224,-259,707,44,-0.2995953949596299,0.21345684591564767
321,1572739200,251,99,-152,350,44,0.0587197628800522,-0.5321122193064477
321,1572750000,94,34,-60,128,44,0.3668038238263209,-0.9957434027218683
321,1572764400,33,11,-22,44,44,0.49405593595630143,-1.1711714180682438
321,1572778800,76,96,20,172,44,0.6347030072578589,-0.9038525375404336
321,1572793200,283,257,-26,540,44,0.4806609767847245,-0.13531075602297957
321,1572807600,363,259,-104,622,44,0.219459272938975,0.035940401815148786
321,1572822000,180,52,-128,232,44,0.1390895179095136,-0.7785468122930226
321,1572836400,33,11,-22,44,44,0.49405593595630143,-1.1711714180682438
321,1572850800,23,68,45,91,44,0.7184215020802145,-1.0730152666244384
321,1572865200,384,680,296,1064,44,1.558955190096665,0.959025911137743
321,1572879600,512,231,-281,743,44,-0.37326767040330283,0.2886402810640943
321,1572894000,1185,324,-861,1509,44,-2.3155367502819533,1.8883767067227077
321,1572908400,394,113,-281,507,44,-0.37326767040330283,-0.2042289049090556
321,1572922800,67,24,-43,91,45,0.39744068688275513,-1.0821447161935625
321,1572937200,31,62,31,93,45,0.6589236790147626,-1.0779033875186719
321,1572951600,403,607,204,1010,45,1.2702285119720231,0.8667458099187519
321,1572966000,452,284,-168,736,45,-0.04425355658347356,0.28568378145871476
321,1572980400,1156,362,-794,1518,45,-2.256258327862347,1.9440432933410106
321,1572994800,472,122,-350,594,45,-0.6873603750703026,-0.01545055445853081
321,1573009200,65,28,-37,93,45,0.41864201056913414,-1.0779033875186719
321,1573023600,31,64,33,95,45,0.6659907869102222,-1.073662058843781
321,1573038000,419,703,284,1122,45,1.5529128277904094,1.1042602157126358
321,1573052400,514,291,-223,805,45,-0.2385990237086142,0.4320096207424467
321,1573066800,1160,399,-761,1559,45,-2.1396510475872628,2.0309905311762715
321,1573081200,586,132,-454,718,45,-1.0548499856342048,0.24751182338469768
321,1573095600,91,27,-64,118,45,0.3232360539804287,-1.024886779082537
321,1573110000,38,73,35,111,45,0.6730578948056819,-1.0397314294446547
321,1573124400,395,649,254,1044,45,1.4469062093585146,0.9388483973918952
321,1573138800,465,322,-143,787,45,0.04408529210977218,0.3938376626684297
321,1573153200,1252,380,-872,1632,45,-2.531875535785274,2.1857990278097854
321,1573167600,635,147,-488,782,45,-1.1749908198570191,0.38323434098120274
321,1573182000,110,24,-86,134,45,0.24549786713037247,-0.9909561496834107
321,1573196400,30,71,41,101,45,0.6942592184920608,-1.0609380728191087
321,1573210800,360,556,196,916,45,1.2419600803901845,0.6674033621988852
321,1573225200,529,275,-254,804,45,-0.3481391960882389,0.42988895640500135
321,1573239600,1176,411,-765,1587,45,-2.153785263378182,2.0903691326247427
321,1573254000,457,155,-302,612,45,-0.5177497855792708,0.02272140361548623
321,1573268400,118,40,-78,158,45,0.2737662987122111,-0.9400602055847214
321,1573282800,32,24,-8,56,45,0.5211150750532992,-1.1563679680041512
321,1573297200,97,218,121,315,45,0.9769435343104472,-0.6071159046057949
321,1573311600,438,389,-49,827,45,0.3762393631963762,0.4786642361662453
321,1573326000,562,316,-246,878,45,-0.3198707645064003,0.5868181173759602
321,1573340400,297,166,-131,463,45,0.08648793948253014,-0.293257582663877
321,1573354800,115,35,-80,150,45,0.2666991908167515,-0.9570255202842844
321,1573369200,33,10,-23,43,45,0.46811176583735176,-1.1839366043909414
321,1573383600,91,108,17,199,45,0.609453923746545,-0.8531129677494603
321,1573398000,335,349,14,684,45,0.5988532619033554,0.17540923591155438
321,1573412400,437,258,-179,695,45,-0.08312265000850169,0.1987365436234537
321,1573426800,207,64,-143,271,45,0.04408529210977218,-0.7004251354533921
321,1573441200,57,23,-34,80,45,0.4292426724123236,-1.1054720239054618
321,1573455600,28,41,13,69,45,0.5953197079556256,-1.1287993316173612
321,1573470000,351,474,123,825,45,0.9840106422059068,0.4744229074913545
321,1573484400,385,244,-141,629,45,0.051152400005231836,0.05877269735205788
321,1573498800,1007,316,-691,1323,45,-1.8923022712461746,1.5305137475391593
321,1573513200,408,119,-289,527,45,-0.47181358425878295,-0.15753506506737203
321,1573527600,74,28,-46,102,46,0.35373828868901264,-1.0301199016532938
321,1573542000,32,67,35,99,46,0.6222983552188097,-1.0363911055769695
321,1573556400,434,711,277,1145,46,1.42466299843129,1.1501686624779417
321,1573570800,491,294,-197,785,46,-0.14691072422455972,0.39762419163686336
321,1573585200,1194,311,-883,1505,46,-2.4213823987855574,1.9027131333190201
321,1573599600,485,144,-341,629,46,-0.6243508424997546,0.07152158760572937
321,1573614000,89,24,-65,113,46,0.2907427175277022,-1.007125487266483
321,1573628400,36,56,20,92,46,0.5725650095651436,-1.0510239147322125
321,1573642800,419,718,299,1137,46,1.4976052387233336,1.1334454520148067
321,1573657200,522,278,-244,800,46,-0.3027418739393803,0.4289802112552416
321,1573671600,1228,375,-853,1603,46,-2.321915707478225,2.107572461492425
321,1573686000,508,147,-361,655,46,-0.690661970037976,0.12587202161091837
321,1573700400,107,33,-74,140,46,0.2609027101355025,-0.9506846519534021
321,1573714800,29,63,34,92,46,0.6189827988418987,-1.0510239147322125
321,1573729200,391,707,316,1098,46,1.553969697130822,1.0519198010070232
321,1573743600,474,273,-201,747,46,-0.16017294973220403,0.3181889419369717
321,1573758000,1195,375,-820,1570,46,-2.21250234704016,2.0385892183319925
321,1573772400,564,155,-409,719,46,-0.8498086761297077,0.25965770531599897
321,1573786800,116,34,-82,150,46,0.2343782591202139,-0.9297806388744833
321,1573801200,35,57,22,92,46,0.5791961223189657,-1.0510239147322125
321,1573815600,368,589,221,957,46,1.2389918413242698,0.7571732165942675
321,1573830000,508,308,-200,816,46,-0.15685739335529297,0.46242663218151175
321,1573844400,1133,357,-776,1490,46,-2.0666178664560726,1.871357113700642
321,1573858800,439,175,-264,614,46,-0.3690530014776018,0.0401655679873511
321,1573873200,142,50,-92,192,46,0.20122269535110315,-0.8419837839430241
321,1573887600,26,21,-5,47,46,0.4896761001423667,-1.1450919735873473
321,1573902000,93,161,68,254,46,0.7317117156568752,-0.7123789028537273
321,1573916400,311,272,-39,583,46,0.37694718332739013,-0.02463687255729731
321,1573930800,455,288,-167,743,46,-0.047444032917227486,0.3098273367054042
321,1573945200,237,128,-109,365,46,0.14485823694361488,-0.4803443576777281
321,1573959600,121,39,-82,160,46,0.2343782591202139,-0.9088766257955644
321,1573974000,30,17,-13,47,46,0.46315164912707807,-1.1450919735873473
321,1573988400,61,131,70,192,46,0.7383428284106973,-0.8419837839430241
321,1574002800,320,228,-92,548,46,0.20122269535110315,-0.09780091833351326
321,1574017200,396,191,-205,587,46,-0.17343517523984833,-0.016275267325729773
321,1574031600,158,56,-102,214,46,0.1680671315819924,-0.7959949551694027
321,1574046000,38,11,-27,49,46,0.416733859850323,-1.1409111709715636
321,1574060400,24,56,32,80,46,0.6123516860880764,-1.0761087304269152
321,1574074800,369,642,273,1011,46,1.4114007729236455,0.8700548872204292
321,1574089200,453,274,-179,727,46,-0.08723070944016038,0.27638091577913404
321,1574103600,1147,326,-821,1473,46,-2.215817903417071,1.8358202914664798
321,1574118000,445,114,-331,559,46,-0.5911952787306438,-0.07480650394670253
321,1574132400,83,17,-66,100,47,0.33796448143199453,-1.0982966217212347
321,1574146800,29,53,24,82,47,0.6565444664227524,-1.137223590592367
321,1574161200,366,614,248,980,47,1.4494546512886388,0.8047996342007921
321,1574175600,476,300,-176,776,47,-0.05141105577893181,0.36362732032795864
321,1574190000,1239,370,-869,1609,47,-2.5044769402077676,2.1650809353086955
321,1574204400,551,135,-416,686,47,-0.9009576824209529,0.1689924759722968
321,1574218800,431,57,-374,488,47,-0.7522870227585992,-0.25920418161015923
321,1574233200,242,116,-126,358,47,0.12557782477148924,-0.5403434012350041
321,1574247600,431,691,260,1122,47,1.4919319826207398,1.1118901664063918
321,1574262000,493,315,-178,808,47,-0.058490611000948656,0.4328308205433051
321,1574276400,1163,412,-751,1575,47,-2.086783182108774,2.0915522163298896
321,1574290800,525,149,-376,674,47,-0.759366577980616,0.14304116339154188
321,1574305200,102,23,-79,125,47,0.291947372488885,-1.0442313871779954
321,1574319600,32,51,19,83,47,0.6388455783677103,-1.1350609812106376
321,1574334000,393,703,310,1096,47,1.6689208631711607,1.055662322481423
321,1574348400,466,295,-171,761,47,-0.033712167723889706,0.33118817960201496
321,1574362800,1127,393,-734,1520,47,-2.026606962721631,1.972608700334763
321,1574377200,610,158,-452,768,47,-1.028389676417256,0.34632644527412204
321,1574391600,123,27,-96,150,47,0.23177115310174187,-0.9901661526347559
321,1574406000,41,62,21,103,47,0.6459251335897271,-1.0918087935760459
321,1574420400,347,591,244,938,47,1.435295540844605,0.7139700401681499
321,1574434800,570,337,-233,907,47,-0.2531783796064118,0.646929149334533
321,1574449200,1024,383,-641,1407,47,-1.6974076448978477,1.728233840199321
321,1574463600,425,168,-257,593,47,-0.3381330422706139,-0.03213019652855377
321,1574478000,121,36,-85,157,47,0.2707087068228345,-0.9750278869626489
321,1574492400,27,20,-7,47,47,0.5468113604814914,-1.2129149189529023
321,1574506800,90,159,69,249,47,0.8158344589181313,-0.7760678238435279
321,1574521200,346,256,-90,602,47,0.2530098187677924,-0.012666712092987586
321,1574535600,537,228,-309,765,47,-0.5222014780430518,0.33983861712893326
321,1574550000,303,136,-167,439,47,-0.019553057279856022,-0.36517204131490844
321,1574564400,128,50,-78,178,47,0.29548715009989346,-0.9296130899463277
321,1574578800,22,11,-11,33,47,0.5326522500374576,-1.2431914502971162
321,1574593200,70,115,45,185,47,0.7308797962539293,-0.9144748242742208
321,1574607600,268,237,-31,505,47,0.4618566978172892,-0.22243982212075644
321,1574622000,367,205,-162,572,47,-0.0018541692248139157,-0.07754499354487486
321,1574636400,179,60,-119,239,47,0.15035626804854818,-0.7976939176608236
321,1574650800,47,14,-33,61,47,0.4547771425952724,-1.1826383876086881
321,1574665200,27,64,37,91,47,0.7025615753658618,-1.1177601061568008
321,1574679600,372,642,270,1014,47,1.5273297587308239,0.8783283531795977
321,1574694000,450,264,-186,714,47,-0.08680883188901602,0.2295455386607249
321,1574708400,1119,341,-778,1460,47,-2.182357177606001,1.8428521374309885
321,1574722800,394,116,-278,510,47,-0.41246837210179077,-0.21162677521210857
321,1574737200,67,22,-45,89,48,0.28342679663657283,-0.8396261352035932
321,1574751600,33,52,19,85,48,0.5933744082554125,-0.850349655859987
321,1574766000,362,610,248,972,48,1.7024057060790732,1.5275910496953318
321,1574780400,481,241,-240,722,48,-0.6609448325145793,0.8573710086707209
321,1574794800,1118,355,-763,1473,48,-3.193797971212285,2.8707120119086516
321,1574809200,439,152,-287,591,48,-0.8885626097971646,0.506175707173825
321,1574823600,93,20,-73,113,48,0.1478247165533305,-0.7752850112652305
321,1574838000,33,63,30,96,48,0.6466466540024006,-0.8208599740549041
321,1574852400,294,475,181,769,48,1.3779293001656003,0.9833723763833477
321,1574866800,625,284,-341,909,48,-1.1500809071005607,1.3586955993571297
321,1574881200,818,272,-546,1090,48,-2.1428818505671563,1.8439349090589479
321,1574895600,293,114,-179,407,48,-0.3655260151903727,0.012893756979711521
321,1574910000,87,17,-70,104,48,0.1623535108479636,-0.7994129327421166
321,1574924400,29,12,-17,41,48,0.4190288767198152,-0.9683083830803184
321,1574938800,99,60,-39,159,48,0.31248438522583905,-0.6519645237167022
321,1574953200,160,101,-59,261,48,0.21562575659495167,-0.3785147469786611
321,1574967600,127,79,-48,206,48,0.2688980023419397,-0.5259631560040754
321,1574982000,100,36,-64,136,48,0.19141109943722984,-0.7136247674909664
321,1574996400,32,14,-18,46,48,0.41418594528827085,-0.9549039822598262
321,1575010800,15,29,14,44,48,0.5691597510976907,-0.9602657425880231
321,1575025200,95,179,84,274,48,0.9081649513057966,-0.3436633048453813
321,1575039600,338,248,-90,586,48,0.06549488221707621,0.4927713063533327
321,1575054000,472,222,-250,694,48,-0.709374146830023,0.7823063640759645
321,1575068400,278,105,-173,383,48,-0.3364684266011065,-0.0514473669586511
321,1575082800,99,56,-43,155,48,0.2931126594996616,-0.662688044373096
321,1575097200,18,13,-5,31,48,0.47714405389834763,-0.9951171847213028
321,1575111600,76,124,48,200,48,0.7338194197701993,-0.5420484369886661
321,1575126000,243,183,-60,426,48,0.2107828251634073,0.06383048009758192
321,1575140400,395,187,-208,582,48,-0.5059710267051594,0.48204778569693896
321,1575154800,232,112,-120,344,48,-0.07979306072925488,-0.15600169335849035
321,1575169200,71,30,-41,101,48,0.30279852236275034,-0.8074555732344119
321,1575183600,22,12,-10,34,48,0.45292939674062577,-0.9870745442290075
321,1575198000,52,83,31,135,48,0.651489585433945,-0.7163056476550649
321,1575212400,212,161,-51,373,48,0.2543692080473066,-0.07825616859963552
321,1575226800,284,139,-145,423,48,-0.2008663465178641,0.055787839605286604
321,1575241200,124,48,-76,172,48,0.13329592225869738,-0.6171130815834225
321,1575255600,33,8,-25,41,48,0.38028542526746023,-0.9683083830803184
321,1575270000,23,62,39,85,48,0.6902330368862999,-0.850349655859987
321,1575284400,364,623,259,987,48,1.7556779518260612,1.5678042521568083
321,1575298800,454,263,-191,717,48,-0.42364119236890513,0.8439666078502287
321,1575313200,1049,295,-754,1344,48,-3.150211588328385,2.5248784707399525
321,1575327600,381,111,-270,492,48,-0.8062327754609103,0.24076857092807913
321,1575342000,68,15,-53,83,49,0.34223535211655237,-1.0627798244980498
321,1575356400,24,72,48,96,49,0.6963759607041594,-1.0359208380206135
321,1575370800,442,698,256,1140,49,1.4256952338350728,1.1210623837057956
321,1575385200,448,273,-175,721,49,-0.0855384523160027,0.2553765887792004
321,1575399600,1201,359,-842,1560,49,-2.424269006057923,1.9888142545152707
321,1575414000,504,149,-355,653,49,-0.7166801309869856,0.1148834287433806
321,1575428400,107,15,-92,122,49,0.20548798840450608,-0.9822028650657413
321,1575441455,26,20,-6,46,49,0.5070334571028645,-1.1392246321645987
321,1575442800,13,64,51,77,49,0.7068949886820092,-1.075176279795328
321,1575457200,394,671,277,1065,49,1.499328429680021,0.966106692489818
321,1575471600,487,305,-182,792,49,-0.11008285093098537,0.4020679764636592
321,1575486000,1143,394,-749,1537,49,-2.0981791387445816,1.9412945092090375
321,1575500400,536,164,-372,700,49,-0.7762879561948006,0.2119889952387266
321,1575514800,101,18,-83,119,49,0.23704507233805522,-0.9884010927143805
321,1575529200,36,70,34,106,49,0.6472871634741941,-1.0152600791918165
321,1575543600,415,655,240,1070,49,1.369593751286541,0.9764370719042165
321,1575558000,488,308,-180,796,49,-0.1030701656124189,0.410332279995178
321,1575572400,1213,460,-753,1673,49,-2.1122045093817143,2.2222808292806766
321,1575586800,590,152,-438,742,49,-1.0077065717074944,0.2987641823196741
321,1575601200,114,32,-82,146,49,0.24055141499733845,-0.9326170438766285
321,1575615600,34,60,26,94,49,0.6192364221999281,-1.040052989786373
321,1575630000,382,622,240,1004,49,1.369593751286541,0.8400760636341561
321,1575644400,522,344,-178,866,49,-0.09605748029385242,0.5549575917967572
321,1575658800,1078,373,-705,1451,49,-1.943900061736119,1.763611983281383
321,1575673200,498,171,-327,669,49,-0.6185025365270549,0.14794064286945585
321,1575687600,148,43,-105,191,49,0.15990553383382397,-0.8396436291470418
321,1575702000,20,16,-4,36,49,0.514046142421431,-1.1598853909933957
321,1575716400,109,216,107,325,49,0.9032501776018704,-0.5627894608411618
321,1575730800,379,310,-69,689,49,0.28613386956802056,0.1892621605270499
321,1575745200,527,255,-272,782,49,-0.4256536902664768,0.3814072176348622
321,1575759600,297,160,-137,457,49,0.04770256873676035,-0.29006744430104103
321,1575774000,143,42,-101,185,49,0.17393090447095694,-0.8520400844443201
321,1575788400,34,14,-20,48,49,0.45794465987289923,-1.1350924803988394
321,1575802800,84,100,16,184,49,0.5841729956070958,-0.8541061603271998
321,1575817200,298,224,-74,522,49,0.2686021562716044,-0.1557725119138604
321,1575831600,409,183,-226,592,49,-0.26436192793944785,-0.011147200112281234
321,1575846000,187,76,-111,263,49,0.13886747787812453,-0.6908861655797033
321,1575860400,47,19,-28,66,49,0.4298939185986333,-1.0979031145070046
321,1575874800,27,68,41,95,49,0.6718315620891767,-1.0379869139034934
321,1575889200,414,699,285,1113,49,1.5273791709542868,1.0652783348680437
321,1575903600,477,267,-210,744,49,-0.20826044539091604,0.30289633408543354
321,1575918000,1182,325,-857,1507,49,-2.476864145947171,1.8793122327226464
321,1575932400,436,125,-311,561,49,-0.5624010539785231,-0.075195552481552
321,1575946800,81,17,-64,98,50,0.30738597874698287,-0.477202468258858
321,1575961200,33,51,18,84,50,0.47758661352902193,-0.4865409868357142
321,1575975600,414,701,287,1115,50,1.0359277203140036,0.2011742026456226
321,1575990000,498,305,-193,803,50,0.03963132158987266,-0.006941354210029254
321,1576004400,1192,354,-838,1546,50,-1.2991419641956783,0.48866716740455196
321,1576018800,561,161,-400,722,50,-0.39002150035990885,-0.06097135454755426
321,1576033200,100,15,-85,115,50,0.2637980113028021,-0.4658628385583898
321,1576047600,26,64,38,90,50,0.5190989634758607,-0.4825387645884901
321,1576062000,393,675,282,1068,50,1.025549632827294,0.16982346170903403
321,1576076400,547,284,-263,831,50,-0.10566190322406312,0.011735682943683092
321,1576090800,1095,398,-697,1493,50,-1.006479897070465,0.45331420422073926
321,1576105200,597,184,-413,781,50,-0.4170045278253541,-0.021616169116517526
321,1576119600,129,27,-102,156,50,0.22851251384798915,-0.4385143198690253
321,1576134000,28,57,29,85,50,0.5004184059997833,-0.48587394979451015
321,1576292400,5635,3147,-2488,8782,50,-4.723910834809879,5.315347197556785
321,1576306800,25,22,-3,47,50,0.4339986460848412,-0.5112213573602626
321,1576321200,89,203,114,292,50,0.6768458932738481,-0.34779728226527956
321,1576335600,373,323,-50,696,50,0.33644462370977,-0.07831431761885858
321,1576350000,535,277,-258,812,50,-0.09528381573735341,-0.0009380208391931424
321,1576364400,340,166,-174,506,50,0.0790680540393695,-0.20505135544762093
321,1576378800,144,46,-98,190,50,0.2368149838373569,-0.4158350604680888
321,1576393200,30,14,-16,44,50,0.40701561861939595,-0.5132224684838746
321,1576407600,75,102,27,177,50,0.4962671710050994,-0.424506542003741
321,1576422000,332,241,-91,573,50,0.2513443063187505,-0.1603598736869521
321,1576436400,454,212,-242,666,50,-0.06207393577988238,-0.09832542885497894
321,1576450800,226,72,-154,298,50,0.1205804039862083,-0.3437950600180555
321,1576465200,39,16,-23,55,50,0.3924862961380024,-0.5058850610306305
321,1576479600,28,60,32,88,50,0.5066452584918091,-0.4838728386708981
321,1576494000,392,647,255,1039,50,0.9695079603990616,0.15047938751411766
321,1576508400,536,292,-244,828,50,-0.06622517077456626,0.009734571820071055
321,1576522800,1017,368,-649,1385,50,-0.9068502571980518,0.3812742037707059
321,1576537200,444,120,-324,564,50,-0.23227457056192144,-0.1663632070577882
321,1576551600,73,14,-59,87,51,0.31300063251104104,-1.028206699356358
321,1576564476,22,13,-9,35,51,0.5096550334165753,-1.1431142453260108
321,1576566000,10,42,32,52,51,0.6709116421591134,-1.105548316835932
321,1576580400,388,651,263,1039,51,1.5794549743426816,1.0754852960880574
321,1576594800,474,287,-187,761,51,-0.1904346338071266,0.46117187725029746
321,1576609200,1149,428,-721,1577,51,-2.2907036354782324,2.2643364447740817
321,1576623600,503,131,-372,634,51,-0.9180559171576034,0.18053229382441435
321,1576638000,98,19,-79,117,51,0.23433887214882737,-0.9619138843738657
321,1576652400,32,64,32,96,51,0.6709116421591134,-1.0083188548616102
321,1576666800,411,676,265,1087,51,1.5873211503789029,1.1815538000600447
321,1576681200,520,342,-178,862,51,-0.15503684164413045,0.6843576876913542
321,1576695600,1161,413,-748,1574,51,-2.396897011967221,2.2577071632758328
321,1576710000,588,165,-423,753,51,-1.1186434060812485,0.44349379325496624
321,1576724400,131,24,-107,155,51,0.12421240764172818,-0.8779429853960424
321,1576738800,30,39,9,69,51,0.5804506177425677,-1.067982388345853
321,1576753200,364,667,303,1031,51,1.7367784950671088,1.0578072120927262
321,1576767600,494,302,-192,796,51,-0.21010007389768004,0.5385134947298715
321,1576782000,1074,394,-680,1468,51,-2.1294470267356944,2.023472550337694
321,1576796400,583,159,-424,742,51,-1.122576494099359,0.4191864277613858
321,1576810800,104,27,-77,131,51,0.24220504818504873,-0.9309772373820361
321,1576825200,36,43,7,79,51,0.5725844417063463,-1.045884783351689
321,1576839600,338,587,249,925,51,1.524391742089132,0.8235725991545875
321,1576854000,504,324,-180,828,51,-0.1629030176803518,0.6092258307111964
321,1576868400,1049,347,-702,1396,51,-2.2159749631341294,1.864369794379713
321,1576882800,442,159,-283,601,51,-0.5680110835457524,0.10761019734367308
321,1576897200,134,32,-102,166,51,0.1438778477322816,-0.8536356199024621
321,1576911600,35,20,-15,55,51,0.48605650530791117,-1.0989190353376828
321,1576926000,93,139,46,232,51,0.725974874412663,-0.7077914269409794
321,1576940400,345,271,-74,616,51,0.2540043122393808,0.1407566048349191
321,1576954800,487,238,-249,725,51,-0.4342860909299891,0.381620499271307
321,1576969200,269,118,-151,387,51,-0.04884346515514196,-0.36527854953143707
321,1576983600,112,48,-64,160,51,0.2933351924204876,-0.8668941828989605
321,1576998000,29,15,-14,44,51,0.4899895933260219,-1.1232264008312631
321,1577012400,65,96,31,161,51,0.6669785541410027,-0.864684422399544
321,1577026800,285,241,-44,526,51,0.37199695278270134,-0.058121840112557104
321,1577041200,420,195,-225,615,51,-0.33989197849533265,0.1385468443355027
321,1577055600,182,76,-106,258,51,0.12814549565983888,-0.650337653956153
321,1577070000,53,12,-41,65,51,0.3837962168370334,-1.0768214303435186
321,1577084400,19,61,42,80,51,0.7102425223402202,-1.0436750228522726
321,1577098800,200,341,141,541,51,1.0996182361331779,-0.024975432621311067
321,1577113200,412,304,-108,716,51,0.1202793196236175,0.36173265477655936
321,1577127600,793,277,-516,1070,51,-1.484420591765542,1.1439878715699658
321,1577142000,343,94,-249,437,51,-0.4342860909299891,-0.2547905245606169
321,1577156400,78,25,-53,103,52,0.14862977394222907,-0.7382704619508534
321,1577170800,26,44,18,70,52,0.6932859778079459,-0.8639335193041902
321,1577185200,128,228,100,356,52,1.322325537202154,0.22514631109139502
321,1577199600,390,220,-170,610,52,-0.7489022803153607,1.1923710555685931
321,1577214000,479,168,-311,647,52,-1.8305434739078406,1.3332659986617281
321,1577228400,146,72,-74,218,52,-0.012465722975799856,-0.30035374693164957
321,1577242800,34,16,-18,50,52,0.4171222688056106,-0.9400929480031821
321,1577257200,17,10,-7,27,52,0.501505624334102,-1.027676291007023
321,1577271600,40,24,-16,64,52,0.4324646970835181,-0.8867813479138877
321,1577286000,114,47,-67,161,52,0.04123277599687645,-0.5174081187237767
321,1577300400,106,60,-46,166,52,0.20232827291490538,-0.4983682615490287
321,1577314800,55,28,-27,83,52,0.3480813415550268,-0.8144298906498454
321,1577329200,23,8,-15,31,52,0.44013591122247187,-1.0124444052672246
321,1577343600,12,29,17,41,52,0.6856147636689921,-0.9743646909177285
321,1577358000,108,242,134,350,52,1.5831468179265817,0.2022984824816974
321,1577372400,294,217,-77,511,52,-0.03547936539266113,0.8153818835085828
321,1577386800,597,221,-376,818,52,-2.3291723929398347,1.9844291140381094
321,1577401200,246,81,-165,327,52,-0.7105462096205918,0.11471513947785665
321,1577415600,78,15,-63,93,52,0.07191763255269149,-0.7763501763003494
321,1577430000,16,40,24,56,52,0.7393132626416684,-0.9172451193934845
321,1577444400,154,239,85,393,52,1.2072573251178476,0.36604125418453015
321,1577458800,334,267,-67,601,52,0.04123277599687645,1.1580993126540466
321,1577473200,643,279,-364,922,52,-2.23711782327239,2.3804581432728678
321,1577487600,313,114,-199,427,52,-0.9713674903450196,0.4955122829728165
