remote_unit_id,time_stamp,entries,exits,num_people_exited,sum_exit_entry,week_num,z_score_num_people_exited,z_score_sum_exit_entry
48,1546300800,0,0,0,0,1,-0.02999383841378894,-0.8470602173059
48,1546315200,109,138,29,247,1,0.0027864565046990613,-0.570266488480685
48,1546329600,43,153,110,196,1,0.09434521127702762,-0.6274182300599803
48,1546344000,118,225,107,343,1,0.0909541462854599,-0.4626867396255407
48,1546358400,195,320,125,515,1,0.11130053623486624,-0.26993968959340714
48,1546372800,229,278,49,507,1,0.02539355644848389,-0.2789046686646692
48,1546387200,219,173,-46,392,1,-0.08199016828449404,-0.4077762428140608
48,1546401600,33,26,-7,59,1,-0.03790632339411363,-0.7809434966553426
48,1546416000,61,931,870,992,1,0.9534150091408511,0.264597187530591
48,1546430400,272,1980,1708,2252,1,1.9006524967854352,1.67658139125436
48,1546444800,597,515,-82,1112,1,-0.12268294818330673,0.3990718735995214
48,1546459200,2302,237,-2065,2539,1,-2.3641769076095724,1.998200015435885
48,1546473600,482,159,-323,641,1,-0.3950985025059139,-0.12874126922103027
48,1546488000,33,17,-16,50,1,-0.048079518368816805,-0.7910290981105124
48,1546502400,69,936,867,1005,1,0.9500239441492834,0.27916527852139184
48,1546516800,236,2222,1986,2458,1,2.2148911860040443,1.907429602339357
48,1546531200,649,587,-62,1236,1,-0.1000758482395219,0.5380290492040828
48,1546545600,2431,204,-2227,2635,1,-2.5472944171542298,2.105779764291029
48,1546560000,556,197,-359,753,1,-0.4357912824047266,-0.003231562223361922
48,1546574400,2,1,-1,3,1,-0.03112419341097818,-0.8436983501541767
48,1546588800,67,847,780,914,1,0.8516830593938194,0.17718864158578632
48,1546601718,243,1848,1605,2091,1,1.7842259320749434,1.4961611874452116
48,1546603200,33,82,49,115,1,0.02539355644848389,-0.7181886431565083
48,1546617600,656,554,-102,1210,1,-0.14529004812709156,0.5088928672224812
48,1546632000,2146,257,-1889,2403,1,-2.165234428104266,1.8457953712244306
48,1546646400,524,203,-321,727,1,-0.39283779251153544,-0.0323677442049635
48,1546660800,21,17,-4,38,1,-0.034515258402545906,-0.8044765667174053
48,1546675200,1,0,-1,1,1,-0.03112419341097818,-0.8459395949219922
48,1546689600,0,0,0,0,1,-0.02999383841378894,-0.8470602173059
48,1546704000,0,0,0,0,1,-0.02999383841378894,-0.8470602173059
48,1546718400,2,1,-1,3,1,-0.03112419341097818,-0.8436983501541767
48,1546732800,1,3,2,4,1,-0.027733128419410457,-0.842577727770269
48,1546747200,0,0,0,0,1,-0.02999383841378894,-0.8470602173059
48,1546761600,0,0,0,0,1,-0.02999383841378894,-0.8470602173059
48,1546776000,1,1,0,2,1,-0.02999383841378894,-0.8448189725380845
48,1546790400,2,1,-1,3,1,-0.03112419341097818,-0.8436983501541767
48,1546804800,3,3,0,6,1,-0.02999383841378894,-0.8403364830024534
48,1546819200,1,1,0,2,1,-0.02999383841378894,-0.8448189725380845
48,1546833600,1,2,1,3,1,-0.028863483416599698,-0.8436983501541767
48,1546848000,78,840,762,918,1,0.831336669444413,0.18167113112141733
48,1546862400,239,2137,1898,2376,1,2.115419946251391,1.8155385668589212
48,1546876800,620,496,-124,1116,1,-0.17015785806525488,0.4035543631351524
48,1546891200,2406,230,-2176,2636,1,-2.4896463122975785,2.106900386674937
48,1546905600,530,140,-390,670,2,-0.33773619925901255,-0.31979475730254064
48,1546920000,1,1,0,2,2,0.008584005064427138,-0.9592019487848725
48,1546934400,66,1007,941,1073,2,0.8441924980602137,0.06595538965461467
48,1546948800,251,2271,2020,2522,2,1.8023450633550635,1.4529329651903915
48,1546963200,674,579,-95,1253,2,-0.07577604470666714,0.23825074065284782
48,1546977600,2822,190,-2632,3012,2,-2.328633373856838,1.9219591984633595
48,1546992000,665,180,-485,845,2,-0.42209624903010684,-0.15228538827648067
48,1547006400,2,3,1,5,2,0.009472005588333393,-0.9563303596015686
48,1547020800,71,871,800,942,2,0.7189844241894316,-0.05943733801632168
48,1547035200,275,2267,1992,2542,2,1.7774810486856885,1.4720768930790842
48,1547049600,655,521,-134,1176,2,-0.11040806513901111,0.16454661828138142
48,1547064000,2640,260,-2380,2900,2,-2.1048572418324616,1.8147532022866812
48,1547078400,632,173,-459,805,2,-0.3990082354085442,-0.1905732440538658
48,1547092800,0,2,2,2,2,0.010360006112239648,-0.9592019487848725
48,1547107200,83,926,843,1009,2,0.7571684467174006,0.0046948204107984375
48,1547121600,258,2120,1862,2378,2,1.662040980577875,1.315096684391805
48,1547136000,642,612,-30,1254,2,-0.018056010652760534,0.23920793704728244
48,1547150400,2699,215,-2484,2914,2,-2.197209296318712,1.828153951808766
48,1547164800,596,162,-434,758,2,-0.3768082223108878,-0.23556147459229335
48,1547179200,17,3,-14,20,2,-0.0038480022702604417,-0.9419724136850492
48,1547193600,67,854,787,921,2,0.7074404173786503,-0.07953846229944889
48,1547208000,289,2037,1748,2326,2,1.560808920852562,1.2653224718812044
48,1547222400,952,483,-469,1435,2,-0.40788824064760676,0.4124604844399502
48,1547236800,2218,227,-1991,2445,2,-1.7594250380329277,1.3792288428189252
48,1547251200,566,248,-318,814,2,-0.27380016153776215,-0.18195847650395414
48,1547265600,19,5,-14,24,2,-0.0038480022702604417,-0.9381436281073108
48,1547280000,0,1,1,1,2,0.009472005588333393,-0.9601591451793072
48,1547294400,1,1,0,2,2,0.008584005064427138,-0.9592019487848725
48,1547308800,1,3,2,4,2,0.010360006112239648,-0.9572875559960033
48,1547323200,0,1,1,1,2,0.009472005588333393,-0.9601591451793072
48,1547337600,3,7,4,10,2,0.01213600716005216,-0.9515443776293956
48,1547352000,2,5,3,7,2,0.011248006636145905,-0.9544159668126995
48,1547366400,3,2,-1,5,2,0.007696004540520882,-0.9563303596015686
48,1547380800,5,5,0,10,2,0.008584005064427138,-0.9515443776293956
48,1547395200,4,2,-2,6,2,0.006808004016614626,-0.9553731632071341
48,1547409600,2,2,0,4,2,0.008584005064427138,-0.9572875559960033
48,1547424000,0,1,1,1,2,0.009472005588333393,-0.9601591451793072
48,1547438400,1,3,2,4,2,0.010360006112239648,-0.9572875559960033
48,1547452800,79,1188,1109,1267,2,0.9933765860764647,0.2516514901749326
48,1547467200,290,2518,2228,2808,2,1.9870491723275645,1.7266911339986952
48,1547481600,598,582,-16,1180,2,-0.005624003318072953,0.16837540385911992
48,1547496000,2610,205,-2405,2815,2,-2.1270572549301177,1.7333915087597378
48,1547510400,580,169,-411,749,3,-0.42550063258336124,-0.13875887122071653
48,1547524800,5,3,-2,8,3,0.006692476836989953,-0.9426407755638176
48,1547539200,69,946,877,1015,3,0.9355378146865956,0.14981412008193515
48,1547553600,288,2158,1870,2446,3,1.98484773560202,1.7022500244206364
48,1547568000,626,608,-18,1234,3,-0.010214833066984664,0.3873986505153213
48,1547582400,2664,212,-2452,2876,3,-2.582239352209123,2.168740198330938
48,1547596800,578,193,-385,771,3,-0.39802625398940245,-0.11489193209042203
48,1547611200,2,2,0,4,3,0.00880589057498678,-0.946980219042053
48,1547625600,75,888,813,963,3,0.8679085750706971,0.09340135486487541
48,1547640000,304,2001,1697,2305,3,1.8020374472652945,1.5492846418128399
48,1547654400,663,608,-55,1271,3,-0.04931298721992596,0.4275385026889984
48,1547668800,2631,212,-2419,2843,3,-2.5473680255321756,2.1329397896354965
48,1547683200,615,199,-416,814,3,-0.4307841669283533,-0.06824291469939187
48,1547697600,3,4,1,7,3,0.009862597443985195,-0.9437256364333765
48,1547712000,81,883,802,964,3,0.8562847995117145,0.09448621573443426
48,1547726400,297,2281,1984,2578,3,2.1053123186678393,1.8454516592024035
48,1547740800,683,609,-74,1292,3,-0.06939041773089583,0.45032058094973404
48,1547755200,2210,233,-1977,2443,3,-2.080303589434877,1.69899544181196
48,1547769600,503,183,-320,686,3,-0.3293403075045056,-0.2071051060029235
48,1547784000,2,2,0,4,3,0.00880589057498678,-0.946980219042053
48,1547798400,72,917,845,989,3,0.9017231948786463,0.12160773747340528
48,1547812800,353,1918,1565,2271,3,1.6625521405575039,1.5123993722478393
48,1547827200,720,548,-172,1268,3,-0.17294769089274034,0.4242839200803219
48,1547841600,2050,212,-1838,2262,3,-1.9334213346440974,1.5026356244218098
48,1547856000,605,168,-437,773,3,-0.45297501117732,-0.11272221035130435
48,1547870400,18,2,-16,20,3,-0.008101419328987837,-0.9296224451291115
48,1547884800,2,0,-2,2,3,0.006692476836989953,-0.9491499407811707
48,1547899200,0,0,0,0,3,0.00880589057498678,-0.9513196625202883
48,1547913600,3,4,1,7,3,0.009862597443985195,-0.9437256364333765
48,1547928000,1,3,2,4,3,0.010919304312983607,-0.946980219042053
48,1547942400,6,8,2,14,3,0.010919304312983607,-0.9361316103464645
48,1547956800,4,0,-4,4,3,0.004579063098993126,-0.946980219042053
48,1547971200,1,5,4,6,3,0.013032718050980436,-0.9448104973029353
48,1547985600,5,1,-4,6,3,0.004579063098993126,-0.9448104973029353
48,1548000000,5,3,-2,8,3,0.006692476836989953,-0.9426407755638176
48,1548014400,0,0,0,0,3,0.00880589057498678,-0.9513196625202883
48,1548028800,1,1,0,2,3,0.00880589057498678,-0.9491499407811707
48,1548043200,0,1,1,1,3,0.009862597443985195,-0.9502348016507295
48,1548057600,34,505,471,539,3,0.5065148258732396,-0.3665796538280731
48,1548072000,145,1004,859,1149,3,0.9165170910446241,0.2951854766028198
48,1548086400,449,371,-78,820,3,-0.07361724520688949,-0.06173374948203882
48,1548100800,1237,175,-1062,1412,3,-1.1134168043013286,0.580503885296795
48,1548115200,365,112,-253,477,4,-0.22351432399811008,-0.48585329562295254
48,1548129600,4,1,-3,5,4,0.012118246481825247,-0.9550444361349074
48,1548144000,75,905,830,980,4,0.7972459713209699,0.014153364710762105
48,1548158400,330,2204,1874,2534,4,1.78124758564518,1.5589055519047832
48,1548172800,850,494,-356,1344,4,-0.32059494303584346,0.3759872103598121
48,1548187200,2568,102,-2466,2670,4,-2.309333837886498,1.6940962195099227
48,1548201600,504,132,-372,636,4,-0.3356754275465593,-0.3277995004081203
48,1548216000,2,3,1,5,4,0.01588836760950421,-0.9550444361349074
48,1548230400,67,914,847,981,4,0.8132689861136054,0.015147413737270484
48,1548244800,271,2145,1874,2416,4,1.78124758564518,1.4416077667767944
48,1548259200,683,608,-75,1291,4,-0.05574393381639613,0.323302611954868
48,1548273600,2633,205,-2428,2838,4,-2.273517687173548,1.8610964559633303
48,1548288000,418,121,-297,539,4,-0.26498565640257876,-0.424222255979433
48,1548302400,4,16,12,20,4,0.026256200710621368,-0.9401337007372818
48,1548316800,65,974,909,1039,4,0.8717058635926294,0.07280225727475646
48,1548331200,347,2253,1906,2600,4,1.8114085546666117,1.6245127876543362
48,1548345600,639,590,-49,1229,4,-0.031238146486482852,0.26167157231134847
48,1548360000,2479,225,-2254,2704,4,-2.1095174181195127,1.7278938864112077
48,1548374400,641,181,-460,822,4,-0.4186180923554966,-0.1429063814775618
48,1548388800,8,6,-2,14,4,0.013060776763744989,-0.9460979948963321
48,1548403200,101,895,794,996,4,0.7633148811718592,0.03005814913489617
48,1548417600,385,1947,1562,2332,4,1.4871781376862205,1.3581076485500905
48,1548432000,885,541,-344,1426,4,-0.3092845796528066,0.45749923053349917
48,1548446400,2359,244,-2115,2603,4,-1.9785057089326687,1.6274949347338612
48,1548460800,595,161,-434,756,4,-0.3941123050255833,-0.2085136172271148
48,1548475200,16,17,1,33,4,0.01588836760950421,-0.9272110633926729
48,1548489600,2,1,-1,3,4,0.01400330704566473,-0.9570325341879242
48,1548504000,2,3,1,5,4,0.01588836760950421,-0.9550444361349074
48,1548518400,0,3,3,3,4,0.017773428173343694,-0.9570325341879242
48,1548532800,0,1,1,1,4,0.01588836760950421,-0.959020632240941
48,1548547200,1,0,-1,1,4,0.01400330704566473,-0.959020632240941
48,1548561600,0,0,0,0,4,0.014945837327584472,-0.9600146812674494
48,1548576000,0,0,0,0,4,0.014945837327584472,-0.9600146812674494
48,1548590400,0,0,0,0,4,0.014945837327584472,-0.9600146812674494
48,1548604800,0,0,0,0,4,0.014945837327584472,-0.9600146812674494
48,1548619200,1,0,-1,1,4,0.01400330704566473,-0.959020632240941
48,1548633600,1,0,-1,1,4,0.01400330704566473,-0.959020632240941
48,1548648000,0,0,0,0,4,0.014945837327584472,-0.9600146812674494
48,1548662400,101,1067,966,1168,4,0.9254300896620546,0.20103458169433736
48,1548676800,302,2181,1879,2483,4,1.7859602370547785,1.508209051552856
48,1548691200,659,537,-122,1196,4,-0.10004285706662397,0.22886795443657199
48,1548705600,2251,159,-2092,2410,4,-1.9568275124485146,1.435643472617744
48,1548720000,404,152,-252,556,5,-0.2933577237425484,-0.5494940816437006
48,1548734400,2,1,-1,3,5,-0.04268275221835734,-1.1912474652740417
48,1548748800,73,956,883,1029,5,0.8401725259783954,-0.0005802471823059141
48,1548763200,251,2101,1850,2352,5,1.8059203246393227,1.5347537971991427
48,1548777600,626,595,-31,1221,5,-0.07264390419336025,0.2222346708231651
48,1548792000,2616,221,-2395,2837,5,-2.4335826798235902,2.0975935640358796
48,1548806400,563,204,-359,767,5,-0.4002191657867255,-0.3046297707106049
48,1548820800,0,0,0,0,5,-0.041684047152523905,-1.1947289483678771
48,1548835200,74,988,914,1062,5,0.8711323830192317,0.03771606684988442
48,1548849600,297,2223,1926,2520,5,1.8818219096426636,1.72971685045393
48,1548864000,784,565,-219,1349,5,-0.26040045657004524,0.3707779494934791
48,1548878400,2522,210,-2312,2732,5,-2.3506901593594156,1.9757416557516374
48,1548892800,506,216,-290,722,5,-0.3313085162442188,-0.3568520171181372
48,1548907200,3,0,-3,3,5,-0.0446801623500242,-1.1912474652740417
48,1548921600,102,920,818,1022,5,0.7752566966992224,-0.00870370773458871
48,1548936000,351,2079,1728,2430,5,1.6840783066076443,1.6252723576388655
48,1548950400,781,456,-325,1237,5,-0.3662631935483889,0.24080258065695434
48,1548964800,2065,130,-1935,2195,5,-1.974178349540212,1.3525561819550858
48,1548979200,448,134,-314,582,5,-0.3552774378242211,-0.5193212281637931
48,1548993600,1,1,0,2,5,-0.041684047152523905,-1.1924079596386534
48,1549008000,73,958,885,1031,5,0.8421699361100623,0.0017407415469177423
48,1549022400,320,1876,1556,2196,5,1.5123010352842943,1.3537166763196975
48,1549036800,656,501,-155,1157,5,-0.19648333235670565,0.1479630314880081
48,1549051200,1679,215,-1464,1894,5,-1.5037882635326663,1.0032473782069256
48,1549065600,424,196,-228,620,5,-0.26938880216254607,-0.47522244230854366
48,1549080000,62,47,-15,109,5,-0.056664623140025364,-1.0682350626251877
48,1549094400,23,222,199,245,5,0.15705826094832878,-0.9104078290379792
48,1549108800,121,382,261,503,5,0.2189779750300015,-0.6110002829681276
48,1549123200,247,329,82,576,5,0.04020976824581741,-0.5262841943514641
48,1549137600,302,273,-29,575,5,-0.07064649406169339,-0.5274446887160759
48,1549152000,274,164,-110,438,5,-0.15154160439420128,-0.6864324166678963
48,1549166400,44,38,-6,82,5,-0.04767627754752449,-1.0995684104697072
48,1549180800,27,145,118,172,5,0.07616315061582091,-0.9951239176546427
48,1549195200,98,324,226,422,5,0.18402329772583143,-0.7050003265016856
48,1549209600,224,272,48,496,5,0.006253796007480765,-0.6191237435204103
48,1549224000,229,277,48,506,5,0.006253796007480765,-0.607518799874292
48,1549238400,218,169,-49,387,5,-0.090620595378362,-0.7456176292630996
48,1549252800,29,37,8,66,5,-0.03369440662585646,-1.1181363203034964
48,1549267200,70,1043,973,1113,5,0.9300559819034041,0.09690127944508765
48,1549281600,277,2103,1826,2380,5,1.7819514030593204,1.567247639408274
48,1549296000,558,580,22,1138,5,-0.01971253570418843,0.12591363856038335
48,1549310400,2319,193,-2126,2512,5,-2.1649310171143976,1.7204328955370354
48,1549324800,501,170,-331,671,6,-0.35981392253079886,-0.46541385007603975
48,1549339200,3,4,1,7,6,-0.039775309545568314,-1.2191134872005152
48,1549353600,67,1084,1017,1151,6,0.939619963927306,0.07942926109827991
48,1549368000,265,2152,1887,2417,6,1.7782753654247474,1.516452966820548
48,1549382400,617,503,-114,1120,6,-0.15063205801936805,0.04424147683493843
48,1549396800,2256,239,-2017,2495,6,-1.985070252329289,1.604989972386375
48,1549411200,589,230,-359,819,6,-0.38680513085485446,-0.29742055746395785
48,1549425600,0,1,1,1,6,-0.039775309545568314,-1.2259240260901942
48,1549440000,76,995,919,1071,6,0.8451507347931113,-0.011377924097440033
48,1549454400,288,2214,1926,2502,6,1.8158702627332535,1.6129356010910005
48,1549468800,624,548,-76,1172,6,-0.11400113243672119,0.10326614721215639
48,1549483200,2568,254,-2314,2822,6,-2.27136985490945,1.9761643418738801
48,1549497600,547,224,-323,771,6,-0.35210214872392587,-0.3519048685813898
48,1549512000,5,1,-4,6,6,-0.044595168174863954,-1.2202485770154619
48,1549526400,62,824,762,886,6,0.6938071738332282,-0.2213695398625424
48,1549540800,292,2222,1930,2514,6,1.8197261496366899,1.6265566788703585
48,1549555200,602,670,68,1272,6,0.02481079608699328,0.21677512870680632
48,1549569600,2407,189,-2218,2596,6,-2.1788285692269738,1.7196340436959714
48,1549584000,605,197,-408,802,6,-0.4340397454219518,-0.31671708431804835
48,1549598400,0,1,1,1,6,-0.039775309545568314,-1.2259240260901942
48,1549612800,71,928,857,999,6,0.7853844877898454,-0.09310439077358798
48,1549627200,272,2049,1777,2321,6,1.6722384755802433,1.4074843445856842
48,1549641600,713,585,-128,1298,6,-0.16412766218139585,0.2462874638954153
48,1549656000,2188,260,-1928,2448,6,-1.8992767687278267,1.5516407510838894
48,1549670400,564,222,-342,786,6,-0.37041761151524927,-0.3348785213571923
48,1549684800,103,49,-54,152,6,-0.09279375446782036,-1.0545254640332729
48,1549699200,29,248,219,277,6,0.17037052669172165,-0.9126392371649604
48,1549713600,158,476,318,634,6,0.26580372755177534,-0.5074121732290602
48,1549728000,305,344,39,649,6,-0.0031443839629214394,-0.49038582600486275
48,1549742400,381,357,-24,738,6,-0.06387460269204652,-0.3893628324746243
48,1549756800,276,188,-88,464,6,-0.12556879314703073,-0.7003774417699651
48,1549771200,61,58,-3,119,6,-0.04363119644900482,-1.0919834279265073
48,1549785600,36,131,95,167,6,0.050838032685189743,-1.0374991168090755
48,1549800000,133,380,247,513,6,0.19736173501577722,-0.6447580408375866
48,1549814400,239,287,48,526,6,0.0055313615698107145,-0.6300018732432822
48,1549828800,237,301,64,538,6,0.020954909183556768,-0.6163807954639241
48,1549843200,214,132,-82,346,6,-0.11978496279187595,-0.8343180399336521
48,1549857600,39,27,-12,66,6,-0.05230694198173698,-1.152143188118672
48,1549872000,82,948,866,1030,6,0.7940602333225776,-0.0579166065102465
48,1549886400,257,2045,1788,2302,6,1.6828421645646938,1.3859176381017007
48,1549900800,624,632,8,1256,6,-0.03302750746455441,0.19861369166766232
48,1549915200,2458,220,-2238,2678,6,-2.198108003744156,1.8127114085215843
48,1549929600,528,191,-337,719,7,-0.352711986731271,-0.361077973740162
48,1549944000,94,33,-61,127,7,-0.05818401164202641,-1.1061271637049244
48,1549958400,78,1015,937,1093,7,1.0068120721951697,0.10961188613622508
48,1549972800,279,1840,1561,2119,7,1.6727014071795487,1.400862678203533
48,1549987200,717,495,-222,1212,7,-0.22999199711075244,0.25937684155143914
48,1550001600,2220,266,-1954,2486,7,-2.078261753830215,1.8627428348202015
48,1550016000,486,200,-286,686,7,-0.29828833916043235,-0.40260943196454907
48,1550030400,101,22,-79,123,7,-0.07739235784349888,-1.111161279853335
48,1550044800,81,873,792,954,7,0.8520781722388636,-0.06532365002104178
48,1550059200,284,2139,1855,2423,7,1.9864377284702657,1.7834555054827352
48,1550073600,688,671,-17,1359,7,-0.011230276482871473,0.4443806100055271
48,1550088000,2527,222,-2305,2749,7,-2.4528245047589285,2.1937359715781954
48,1550102400,629,218,-411,847,7,-0.4316796322262134,-0.19998625699102418
48,1550116800,108,30,-78,138,7,-0.07632522749897264,-1.0922833442967954
48,1550131200,70,934,864,1004,7,0.9289115570447535,-0.0023971981659098164
48,1550145600,286,1978,1692,2264,7,1.8124954823124872,1.5833493885834156
48,1550160000,688,585,-103,1273,7,-0.10300348611212884,0.3361471128147001
48,1550174400,2942,107,-2835,3049,7,-3.01840358735784,2.5712946827089875
48,1550188800,711,138,-573,849,7,-0.6045547480394656,-0.19746919891681888
48,1550203200,124,41,-83,165,7,-0.08166087922160388,-1.058303060295024
48,1550217600,82,906,824,988,7,0.8862263432637036,-0.022533662759552042
48,1550232000,279,1877,1598,2156,7,1.71218522992702,1.4474282525763305
48,1550246400,782,546,-236,1328,7,-0.24493182193411991,0.40536620985534527
48,1550260800,2006,277,-1729,2283,7,-1.8381574263118092,1.6072614402883658
48,1550275200,527,216,-311,743,7,-0.32496659777358855,-0.33087327684969864
48,1550289600,119,41,-78,160,7,-0.07632522749897264,-1.0645957054805373
48,1550304000,36,240,204,276,7,0.22460552965742947,-0.9186063371766312
48,1550318400,182,431,249,613,7,0.27262639516111065,-0.49448205167304177
48,1550332800,329,340,11,669,7,0.018649373163863486,-0.42400442559529394
48,1550347200,345,359,14,704,7,0.02185076419744223,-0.3799559092967016
48,1550361600,268,205,-63,473,7,-0.060318272331078907,-0.6706761168674112
48,1550376000,66,67,1,133,7,0.007978069718601,-1.0985759894823086
48,1550390400,26,157,131,183,7,0.14670501450701331,-1.0356495376271766
48,1550404800,131,352,221,483,7,0.2427467455143757,-0.6580908264963848
48,1550419200,240,301,61,541,7,0.07200589039017592,-0.5850961423444317
48,1550433600,245,275,30,520,7,0.03892484970986221,-0.6115252521235872
48,1550448000,217,174,-43,391,7,-0.03897566544055394,-0.7738754979098277
48,1550462400,51,30,-21,81,7,-0.015498797860976467,-1.1640194994116457
48,1550476800,38,498,460,536,7,0.4977908978561491,-0.591388787529945
48,1550491200,168,946,778,1114,7,0.8371383474154962,0.1360409959153805
48,1550505600,427,451,24,878,7,0.03252206764270472,-0.16097185684084236
48,1550520000,1055,301,-754,1356,7,-0.7977053403987167,0.4406050228942192
48,1550534400,425,188,-237,613,8,-0.2191366980407713,-0.8077660757194804
48,1550548800,52,26,-26,78,8,-0.029572598471508255,-1.4450842772825951
48,1550563200,67,1009,942,1076,8,0.8400863986045422,-0.25621780034803715
48,1550577600,266,1926,1660,2192,8,1.485143381972935,1.0732160556228714
48,1550592000,704,568,-136,1272,8,-0.1283974845028776,-0.022733001270709142
48,1550606400,2251,209,-2042,2460,8,-1.8407632370100595,1.3924707808918708
48,1550620800,326,127,-199,453,8,-0.18499719195720735,-0.9983659117009727
48,1550635200,3,5,2,8,8,-0.004417172936250601,-1.528471705524498
48,1550649600,60,892,832,952,8,0.7412615125731729,-0.40393267323369364
48,1550664000,278,1986,1708,2264,8,1.5282669686048052,1.158985981814543
48,1550678400,919,560,-359,1479,8,-0.32874248073010826,0.22385553653034648
48,1550692800,2252,262,-1990,2514,8,-1.7940460181588669,1.4567982255356244
48,1550707200,492,216,-276,708,8,-0.2541746121791659,-0.6945974231054693
48,1550721600,120,24,-96,144,8,-0.0924611623096524,-1.3664618449402295
48,1550736000,74,996,922,1070,8,0.8221182375079296,-0.2633652941973431
48,1550750400,276,2000,1724,2276,8,1.5426414974820952,1.1732809695131547
48,1550764800,632,630,-2,1262,8,-0.008010805155573123,-0.03464549101955241
48,1550779200,2361,297,-2064,2658,8,-1.8605282142163333,1.6283380779189676
48,1550793600,588,171,-417,759,8,-0.3808501479102848,-0.6338437253863687
48,1550808000,136,29,-107,165,8,-0.10234365091278934,-1.3414456164676587
48,1550822400,67,916,849,983,8,0.7565344495052936,-0.36700395501227956
48,1550836800,350,1727,1377,2077,8,1.2308939024558665,0.9362224235111738
48,1550851200,681,549,-132,1230,8,-0.12480385228355509,-0.07276545821585086
48,1550865600,2030,263,-1767,2293,8,-1.5937010219316363,1.1935322020861883
48,1551484800,6955,191,-6764,7146,9,-3.887779478503494,3.84852279396816
48,1551499200,123,39,-84,162,9,0.13950119774255484,-0.5405717045333717
48,1551513600,36,212,176,248,9,0.2962516432251855,-0.48652500824598166
48,1551528000,155,419,264,574,9,0.34930564015776816,-0.28165032231936377
48,1551542400,309,311,2,620,9,0.19134942201757882,-0.2527416243051784
48,1551556800,383,322,-61,705,9,0.15336758330447986,-0.19932337797461852
48,1551571200,290,222,-68,512,9,0.1491473790030244,-0.320614219642831
48,1551585600,86,53,-33,139,9,0.17024840051030163,-0.5550260535404643
48,1551600000,33,150,117,183,9,0.2606813498272039,-0.5273742554399392
48,1551614400,141,363,222,504,9,0.3239844143490355,-0.3256418192974719
48,1551628800,217,339,122,556,9,0.2636957814711007,-0.29296242154230584
48,1551643200,228,304,76,532,9,0.23596301034725062,-0.3080452205062286
48,1551657600,187,140,-47,327,9,0.16180799190739073,-0.43687746165640245
48,1551672000,27,17,-10,44,9,0.18411478607222664,-0.6147287994393253
48,1551686400,64,826,762,890,9,0.6495430318898837,-0.08306013596104701
48,1551700800,268,1565,1297,1833,9,0.9720872177868353,0.5095681733297527
48,1551715200,499,607,108,1106,9,0.2552553728681898,0.052685054714258106
48,1551729600,2037,281,-1756,2318,9,-0.868524743976516,0.8143664023923591
48,1551744000,557,152,-405,709,10,-0.46370838631807326,-0.4883949244481201
48,1551758400,90,30,-60,120,10,-0.1395353502902409,-1.1612945981321967
48,1551772800,82,1321,1239,1403,10,1.0810466027536845,0.30446139734602107
48,1551787200,322,2838,2516,3160,10,2.2809566520509073,2.311735975721102
48,1551801600,643,560,-83,1203,10,-0.1611468860254297,0.0759725438030409
48,1551816000,2355,180,-2175,2535,10,-2.1268570059391263,1.597708308399289
48,1551830400,605,179,-426,784,10,-0.4834406580762891,-0.40271160436950254
48,1551844800,53,11,-42,64,10,-0.12262197449748441,-1.2252714771242312
48,1551859200,155,1245,1090,1400,10,0.9410414364692004,0.30103406454287635
48,1551873600,295,2325,2030,2620,10,1.8242955056464827,1.6948160711550553
48,1551888000,656,626,-30,1282,10,-0.11134639063564676,0.16622564095251807
48,1551902400,2138,156,-1982,2294,10,-1.9455080321612375,1.3223792398799976
48,1551916800,404,183,-221,587,10,-0.29081610043656264,-0.627773125109338
48,1551931200,64,36,-28,100,10,-0.10946712665867382,-1.1841434834864948
48,1551945600,98,1098,1000,1196,10,0.856474557505418,0.0679754339290366
48,1551960000,372,2049,1677,2421,10,1.4926054137107585,1.46746966187979
48,1551974400,660,497,-163,1157,10,-0.23631744510434735,0.023420107488155466
48,1551988800,2151,145,-2006,2296,10,-1.9680591998849126,1.3246641284154275
48,1552003200,455,213,-242,668,10,-0.31054837219477854,-0.535235139424431
48,1552017600,111,34,-77,145,10,-0.15550909409451089,-1.1327334914393241
48,1552032000,88,1122,1034,1210,10,0.888422045113958,0.08396965367704522
48,1552046400,299,2479,2180,2778,10,1.9652403039194533,1.8753222654540096
48,1552060800,701,584,-117,1285,10,-0.19309437363396972,0.16965297375566277
48,1552075200,2133,253,-1880,2386,10,-1.8496655693356174,1.4274841125097686
48,1552089600,538,224,-314,762,10,-0.3782018753658044,-0.42784537825923036
48,1552104000,118,57,-61,175,10,-0.14047498227872734,-1.0984601634078772
48,1552118400,44,258,214,302,10,0.11792381455505206,-0.9533697414080847
48,1552132800,163,512,349,675,10,0.2447741330007256,-0.5272380295504268
48,1552147200,346,328,-18,674,10,-0.10007080677380913,-0.5283804738181417
48,1552161600,375,356,-19,731,10,-0.1010104387622956,-0.4632611505583923
48,1552176000,276,243,-33,519,10,-0.11416528660110618,-0.7054593353139512
48,1552194000,72,60,-12,132,10,-0.0944330148428903,-1.1475852669196178
48,1552208400,32,199,167,231,10,0.07376111109618794,-1.0344832844158427
48,1552222800,156,482,326,638,10,0.22316259726553678,-0.569508467455878
48,1552237200,267,336,69,603,10,-0.018322823775486177,-0.6094940168258995
48,1552251600,231,235,4,466,10,-0.07939890302710677,-0.766008881502841
48,1552266000,192,148,-44,340,10,-0.12450123847445736,-0.9099568592349185
48,1552280400,24,48,24,72,10,-0.060606263257377356,-1.2161319229825118
48,1552294800,183,1852,1669,2035,10,1.4850883578028669,1.0264861745418383
48,1552309200,284,1315,1031,1599,10,0.8856031491484986,0.5283804738181417
48,1552323600,1056,553,-503,1609,10,-0.5557923211897474,0.5398049164952906
48,1552338000,2164,203,-1961,2367,10,-1.9257757604030215,1.4057776714231855
48,1552352400,349,129,-220,478,11,-0.23462827503465866,-0.7632631342322959
48,1552366800,1,1,0,2,11,-0.015453975033351585,-1.3071849675660243
48,1552381200,169,1887,1718,2056,11,1.696098058613219,1.039906304844644
48,1552395600,280,1395,1115,1675,11,1.0953612272460003,0.604540299592227
48,1552410000,1081,541,-540,1622,11,-0.5534272568547417,0.5439775744521269
48,1552424400,2269,219,-2050,2488,11,-2.0577599523182584,1.5335496493828176
48,1552438800,508,149,-359,657,11,-0.3731065827627572,-0.5587211002685619
48,1552453200,28,36,8,64,11,-0.007484000487849509,-1.236338006081379
48,1552467600,188,1694,1506,1882,11,1.4848937331574141,0.8410777355167685
48,1552482000,303,1528,1225,1831,11,1.2049483772466538,0.7828003962310118
48,1552496400,1120,462,-658,1582,11,-0.6709843814008973,0.49826985736525903
48,1552510800,2137,215,-1922,2352,11,-1.9302403595902253,1.3781434112874666
48,1552525200,460,157,-303,617,11,-0.31731676094424266,-0.6044288173554299
48,1552539600,32,49,17,81,11,0.0014822208758403254,-1.21691222631946
48,1552554000,179,1861,1682,2040,11,1.6602331731584599,1.0216232180098967
48,1552568400,307,1370,1063,1677,11,1.0435563927002367,0.6068256854465703
48,1552582800,1065,512,-553,1577,11,-0.5663784654911825,0.4925563927294005
48,1552597200,2118,227,-1891,2345,11,-1.8993567082264047,1.3701445607972649
48,1552611600,473,206,-267,679,11,-0.28145187548948336,-0.5335818558707845
48,1552626000,43,56,13,99,11,-0.002502766396910712,-1.1963437536303696
48,1552640400,173,1739,1566,1912,11,1.5446685422486797,0.8753585233319194
48,1552654800,286,1356,1070,1642,11,1.050530120427551,0.5668314329955609
48,1552683600,2834,782,-2052,3616,11,-2.059752445954634,2.8225072712324932
48,1552698000,485,225,-260,710,11,-0.27447814776216906,-0.4981583751284619
48,1552712400,51,67,16,118,11,0.000485974057652566,-1.1746325880141073
48,1552726800,65,374,309,439,11,0.2923862917866661,-0.8078281583919921
48,1552741200,228,462,234,690,11,0.21766778042258414,-0.5210122336718959
48,1552755600,413,389,-24,802,11,-0.039363898669857816,-0.3930306258286656
48,1552770000,345,332,-13,677,11,-0.028405183669792458,-0.5358672417251279
48,1552784400,260,182,-78,442,11,-0.09316122685199682,-0.804400079610477
48,1552798800,33,27,-6,60,11,-0.021431455942478143,-1.2409087777900658
48,1552813200,76,240,164,316,11,0.14793050314944098,-0.948379388434111
48,1552827600,281,410,129,691,11,0.11306186451286938,-0.5198695407447241
48,1552842000,322,332,10,654,11,-0.0054915068514739904,-0.562149179050077
48,1552856400,250,273,23,523,11,0.007459701784966882,-0.7118419525095694
48,1552870800,212,116,-96,328,11,-0.1110936695793765,-0.9346670733080505
48,1552885200,27,47,20,74,11,0.004470961330403604,-1.224911076809662
48,1552899600,158,1894,1736,2052,11,1.7140305013405988,1.0353355331359573
48,1552914000,248,1229,981,1477,11,0.9618641536088405,0.3782871000122307
48,1552928400,1085,420,-665,1505,11,-0.6779581091282116,0.4102825019730382
48,1552942800,2232,220,-2012,2452,11,-2.0199025732271236,1.4924127040046364
48,1552957200,471,138,-333,609,12,-0.37679864898083243,-0.6364966642438481
48,1552971600,32,56,24,88,12,0.008900350392365376,-1.3252425848740472
48,1552986000,175,1786,1611,1961,12,1.7234782551690178,1.1508056096372061
48,1553000400,295,1357,1062,1652,12,1.1303444998304026,0.7423171461540362
48,1553014800,1114,528,-586,1642,12,-0.6501371555394293,0.7290974547791763
48,1553029200,2236,227,-2009,2463,12,-2.187531206262288,1.8144341166551716
48,1553043600,490,184,-306,674,12,-0.3476281364231956,-0.550568670307259
48,1553058000,31,40,9,71,12,-0.007305489917432853,-1.3477160602113092
48,1553072400,156,1809,1653,1965,12,1.768854608036453,1.1560934861871501
48,1553086800,293,1417,1124,1710,12,1.1973286397775686,0.8189913561282235
48,1553101200,1153,454,-699,1607,12,-0.7722211525399093,0.6828285349671668
48,1553115600,1830,170,-1660,2000,12,-1.8104753217209824,1.2023624059991598
48,1553130000,493,178,-315,671,12,-0.3573516406090746,-0.5545345777197169
48,1553144400,47,43,-4,90,12,-0.021350551519257983,-1.3225986465990753
48,1553158800,169,1845,1676,2014,12,1.7937035631781435,1.2208699739239635
48,1553173200,290,1544,1254,1834,12,1.3377792557958201,0.9829155291764858
48,1553187600,1098,505,-593,1603,12,-0.6576998810173351,0.6775406584172229
48,1553202000,1980,198,-1782,2178,12,-1.9422828229073414,1.4376729124716654
48,1553216400,438,204,-234,642,12,-0.2698401029361642,-0.5928716827068106
48,1553230800,46,45,-1,91,12,-0.018109383457298338,-1.3212766774615894
48,1553245200,144,1408,1264,1552,12,1.3485831493356855,0.6101202324054376
48,1553259600,371,1273,902,1644,12,0.957482203192555,0.7317413930541483
48,1553274000,1183,443,-740,1626,12,-0.8165171160533577,0.7079459485794005
48,1553288400,1638,291,-1347,1929,12,-1.4723134539231928,1.1085025972376545
48,1553302800,494,214,-280,708,12,-0.3195380132195454,-0.5056217196327354
48,1553317200,65,37,-28,102,12,-0.047279896014935145,-1.3067350169492435
48,1553331600,59,389,330,448,12,0.3394994927122492,-0.849333695379092
48,1553346000,233,379,146,612,12,0.1407078515787243,-0.6325307568313902
48,1553360400,367,392,25,759,12,0.009980739746351924,-0.4382012936209501
48,1553374800,338,311,-27,649,12,-0.046199506660948596,-0.5836178987444086
48,1553389200,280,165,-115,445,12,-0.14127376981176487,-0.8532996027915499
48,1553403600,48,24,-24,72,12,-0.042958338598988954,-1.346394091073823
48,1553418000,54,227,173,281,12,0.16987836413636112,-1.0701025413392518
48,1553432400,202,345,143,547,12,0.13746668351676467,-0.7184587507679793
48,1553446800,248,374,126,622,12,0.11910006449899332,-0.6193110654565303
48,1553461200,222,247,25,469,12,0.009980739746351924,-0.8215723434918863
48,1553475600,204,116,-88,320,12,-0.11210325725412806,-1.0185457449772983
48,1553490000,18,45,27,63,12,0.01214151845432502,-1.358291813311197
48,1553504400,164,1728,1564,1892,12,1.6726999555316502,1.059589739150673
48,1553518800,296,1417,1121,1713,12,1.1940874717156091,0.8229572635406814
48,1553533200,1070,433,-637,1503,12,-0.7052370125927433,0.5453437446686241
48,1553547600,2034,245,-1789,2279,12,-1.9498455483852473,1.57119179535775
48,1553562000,421,182,-239,603,13,-0.23619437101748847,-0.6600299209275599
48,1553576400,36,51,15,87,13,0.03352534103716439,-1.3302655336321836
48,1553590800,171,1891,1720,2062,13,1.8440454554197754,1.2350742630570253
48,1553605200,285,1420,1135,1705,13,1.2228406067899646,0.7713647403137102
48,1553619600,1124,440,-684,1564,13,-0.7087348114281993,0.5882189624234931
48,1553634000,2084,220,-1864,2304,13,-1.9617633949891848,1.5494095697905892
48,1553648400,475,162,-313,637,13,-0.3147741296475842,-0.6158671092377204
48,1553662800,30,46,16,76,13,0.034587229667300816,-1.344553502120073
48,1553677200,191,1771,1580,1962,13,1.6953810472006754,1.1051836404398503
48,1553691600,270,1413,1143,1683,13,1.231335715831056,0.7427888033379316
48,1553706000,1155,519,-636,1674,13,-0.6577641571816507,0.7310986473023858
48,1553720400,2172,233,-1939,2405,13,-2.041405042249417,1.680599098633936
48,1553734800,761,177,-584,938,13,-0.6025459484145564,-0.2248963351600232
48,1553749200,62,59,-3,121,13,0.014411345694708677,-1.286102721942344
48,1553763600,185,1779,1594,1964,13,1.7102474880225853,1.1077814528921937
48,1553778000,373,1365,992,1738,13,1.0709905326804552,0.8142286457773779
48,1553792400,1170,496,-674,1666,13,-0.698115925126835,0.7207073974930118
48,1553806800,2040,235,-1805,2275,13,-1.8991119658111357,1.5117412892316084
48,1553821200,551,170,-381,721,13,-0.38698255649686136,-0.5067589862392933
48,1553835600,55,43,-12,98,13,0.0048543480234808185,-1.3159775651442944
48,1553850000,163,1614,1451,1777,13,1.558397413913076,0.8648859885980762
48,1553864400,316,1213,897,1529,13,0.9701111128174944,0.5427572445074819
48,1553878800,1155,431,-724,1586,13,-0.7512103566336564,0.6167948993992717
48,1553893200,1695,220,-1475,1915,13,-1.5486887178661142,1.044135047809778
48,1553907600,577,129,-448,706,13,-0.4581290947160021,-0.5262425796318695
48,1553922000,80,53,-27,133,13,-0.011073981428565612,-1.2705158472282831
48,1553936400,102,421,319,523,13,0.3563394845986387,-0.7639424190213
48,1553950800,271,288,17,559,13,0.03564911829743725,-0.7171817948791169
48,1553965200,500,273,-227,773,13,-0.22345170745585133,-0.4392158624783622
48,1553979600,327,249,-78,576,13,-0.06523030156552348,-0.6951003890341972
48,1553994000,368,165,-203,533,13,-0.19796638033257705,-0.7509533567595825
48,1554008400,47,37,-10,84,13,0.006978125283753676,-1.3341622523106988
48,1554022800,64,189,125,253,13,0.15033309035217154,-1.114647100087673
48,1554037200,160,188,28,348,13,0.047329893228937964,-0.9912510086013565
48,1554051600,307,302,-5,609,13,0.01228756843443582,-0.6522364835705294
48,1554066000,290,156,-134,446,13,-0.12469606485316348,-0.8639581984365249
48,1554080400,234,128,-106,362,13,-0.09496318320934348,-0.973066321434952
48,1554094800,21,51,30,72,13,0.049453670489210816,-1.34974912702476
48,1554109200,193,1926,1733,2119,13,1.857850007611549,1.309111917948815
48,1554123600,341,1521,1180,1862,13,1.2706255951461038,0.9752930178226751
48,1554138000,1037,518,-519,1555,13,-0.5335231874556885,0.5765288063879475
48,1554152400,1823,242,-1581,2065,13,-1.6612489126605756,1.2389709817355405
48,1554166800,495,156,-339,651,14,-0.34188443154149023,-0.6545949416547915
48,1554181200,40,47,7,87,14,0.03772013440907029,-1.35986397549081
48,1554195600,194,1889,1695,2083,14,1.889663797196776,1.136088137162901
48,1554210000,390,960,570,1350,14,0.655400396345965,0.2194884885781464
48,1554224400,1328,615,-713,1943,14,-0.7522084421354487,0.961021355714244
48,1554238800,1956,234,-1722,2190,14,-1.8592055723207541,1.2698891772700889
48,1554253200,446,141,-305,587,14,-0.3045822487602213,-0.7346254703170347
48,1554267600,31,38,7,69,14,0.03772013440907029,-1.382372561677066
48,1554282000,202,1701,1499,1903,14,1.6746276846929902,0.911002275300342
48,1554296400,383,1601,1218,1984,14,1.366336115236032,1.0122909131384934
48,1554310800,1172,575,-597,1747,14,-0.6249421714699429,0.715927861686124
48,1554325200,2030,287,-1743,2317,14,-1.8822451558033024,1.428699757584228
48,1554339600,474,184,-290,658,14,-0.28812540341554377,-0.6458416025823587
48,1554354000,37,57,20,94,14,0.05198273370779077,-1.3511106364183771
48,1554368400,208,1741,1533,1949,14,1.7119298674742591,0.9685242177763292
48,1554382800,392,1569,1177,1961,14,1.3213540712939136,0.9835299419004998
48,1554397200,1360,493,-867,1853,14,-0.9211653876741375,0.8484784247829643
48,1554411600,2206,276,-1930,2482,14,-2.087407161100282,1.6350284642915738
48,1554426000,427,171,-256,598,14,-0.25082322063427487,-0.7208702232032117
48,1554440400,46,37,-9,83,14,0.02016616604141431,-1.3648658835322003
48,1554454800,166,1585,1419,1751,14,1.5868578428547102,0.7209297697275142
48,1554469200,432,769,337,1201,14,0.3997707319919749,0.03316741403636136
48,1554483600,1420,659,-761,2079,14,-0.8048703472384167,1.131086229121511
48,1554498000,2021,360,-1661,2381,14,-1.7922810679190655,1.508730286246471
48,1554512400,519,176,-343,695,14,-0.34627292363340423,-0.5995739531994992
48,1554526800,64,31,-33,95,14,-0.00616478651006966,-1.3498601594080297
48,1554541200,103,406,303,509,14,0.3624685492107059,-0.8321626771241437
48,1554555600,331,498,167,829,14,0.21325981808563008,-0.43201003381292746
48,1554570000,475,435,-40,910,14,-0.013844647670919152,-0.33072139597477584
48,1554584400,406,458,52,864,14,0.08709067044310273,-0.3882433384507632
48,1554598800,343,264,-79,607,14,-0.0566324455670806,-0.7096159301100837
48,1554613200,31,36,5,67,14,0.03552588836311329,-1.384873515697761
48,1554627600,81,257,176,338,14,0.22313392529243656,-1.045994245893575
48,1554642000,310,386,76,696,14,0.11342162299458669,-0.5983234761891517
48,1554656400,379,412,33,791,14,0.06624533300651125,-0.47952816020613437
48,1554670800,281,310,29,591,14,0.061856840914597255,-0.7296235622756445
48,1554685200,241,146,-95,387,14,-0.07418641393473657,-0.9847208723865448
48,1554699600,19,62,43,81,14,0.07721656323629623,-1.3673668375528953
48,1554714000,194,1773,1579,1967,14,1.7623975265312701,0.9910328039625851
48,1554728400,397,1428,1031,1825,14,1.161174109939053,0.813465068493233
48,1554742800,1224,549,-675,1773,14,-0.7105177672622658,0.7484402639551603
48,1554757200,1985,317,-1668,2302,14,-1.799960929079915,1.4099426024290147
48,1554771600,350,180,-170,530,15,-0.20860842077644293,-0.743384438922318
48,1554786000,38,53,15,91,15,-0.007305958104689135,-1.286992049172564
48,1554800400,196,1829,1633,2025,15,1.753274499208271,1.1078533226360365
48,1554814800,432,1494,1062,1926,15,1.1319571684754526,0.9852629959509014
48,1554829200,1358,516,-842,1874,15,-0.9398260149138404,0.9208721172880021
48,1554843600,2169,364,-1805,2533,15,-1.9876869422268075,1.7369026757274373
48,1554858000,456,186,-270,642,15,-0.3174205627611747,-0.604696392571458
48,1554872400,36,45,9,81,15,-0.013834686623773042,-1.2993749104538908
48,1554886800,194,1773,1579,1967,15,1.694515942536516,1.0360327272043413
48,1554901200,324,1455,1131,1779,15,1.2070375464449175,0.8032349351153977
48,1554915600,1198,588,-610,1786,15,-0.6873818455092627,0.8119029380123264
48,1554930000,2060,310,-1750,2370,15,-1.927840264135205,1.5350620368418106
48,1554944400,469,196,-273,665,15,-0.32068492702071666,-0.5762158116244064
48,1554958800,43,53,10,96,15,-0.012746565203925723,-1.2808006185319005
48,1554973200,190,1786,1596,1976,15,1.7130140066739203,1.0471773023575353
48,1554987600,386,1409,1023,1795,15,1.0895204331014072,0.8230475131655205
48,1555002000,1334,458,-876,1792,15,-0.9768221431886492,0.8193326547811225
48,1555016400,2011,270,-1741,2281,15,-1.9180471713565792,1.4248545714380023
48,1555030800,419,182,-237,601,15,-0.2815125559062132,-0.6554661238248978
48,1555045200,50,68,18,118,15,-0.004041593845147182,-1.2535583237129815
48,1555059600,187,1862,1675,2049,15,1.7989755988418583,1.1375721897112208
48,1555074000,358,1146,788,1504,15,0.8338118994372876,0.462706249878911
48,1555088400,1025,499,-526,1524,15,-0.595979646242088,0.4874719724415646
48,1555102800,1731,269,-1462,2000,15,-1.6144612952191777,1.0768961694327197
48,1555117200,401,232,-169,633,15,-0.20752029935659563,-0.6158409677246521
48,1555131600,47,40,-7,87,15,-0.031244629341330127,-1.2919451936850945
48,1555146000,73,359,286,432,15,0.28757494667393396,-0.8647364794793205
48,1555160400,247,404,157,651,15,0.14720728351363,-0.5935518174182639
48,1555174800,352,358,6,710,15,-0.017099050883314995,-0.5204929358584358
48,1555189200,298,355,57,653,15,0.03839514152889821,-0.5910752451619985
48,1555203600,264,195,-69,459,15,-0.09870815737186384,-0.8313027540197382
48,1555218000,42,22,-20,64,15,-0.04539020779934526,-1.3204257746321462
48,1555232400,50,218,168,268,15,0.15917661913195047,-1.0678154044930799
48,1555246800,175,372,197,547,15,0.1907321403075227,-0.7223335747440625
48,1555261200,233,357,124,590,15,0.1112992766586685,-0.6690872712343573
48,1555275600,211,263,52,474,15,0.032954534429661626,-0.812728462097748
48,1555290000,195,137,-58,332,15,-0.08673882175354335,-0.9885650922925884
48,1555304400,19,52,33,71,15,0.012280227452562586,-1.3117577717352176
48,1555318800,193,1605,1412,1798,15,1.5127996654220137,0.8267623715499185
48,1555333200,335,1439,1104,1774,15,1.17765826810904,0.7970435044747343
48,1555347600,1039,533,-506,1572,15,-0.5742172178451417,0.5469097065919332
48,1555362000,2093,261,-1832,2354,15,-2.0170662205626853,1.5152494587916878
48,1555376400,376,169,-207,545,16,-0.2343776280846653,-0.6569609757546997
48,1555390800,3,5,2,8,16,0.018401192326588173,-1.3252708330985947
48,1555405200,202,1711,1509,1913,16,1.841069528976153,1.045549051892318
48,1555419600,346,1452,1106,1798,16,1.3536539087573245,0.9024286913810556
48,1555434000,1081,578,-503,1659,16,-0.592380167997254,0.7294397338935297
48,1555448400,2133,251,-1882,2384,16,-2.260236595495429,1.6317202675514886
48,1555462800,441,177,-264,618,16,-0.30331730637864357,-0.5661106599518982
48,1555477200,35,48,13,83,16,0.03170534076928573,-1.2319314675477715
48,1555491600,196,1788,1592,1984,16,1.9414553763165072,1.1339103179470975
48,1555506000,341,1409,1068,1750,16,1.3076941232280057,0.8426914974285287
48,1555520400,1062,568,-494,1630,16,-0.5814949556350469,0.6933485125472113
48,1555534800,2078,287,-1791,2365,16,-2.150175003833113,1.6080742949452802
48,1555549200,452,179,-273,631,16,-0.31420251874085064,-0.5499318365897555
48,1555563600,44,59,15,103,16,0.03412427684977619,-1.207040970067552
48,1555578000,1158,1751,593,2909,16,0.7331968041115202,2.285095826407252
48,1555592400,358,1396,1038,1754,16,1.2714100820206486,0.8476695969245726
48,1555606800,1137,531,-606,1668,16,-0.716955376142513,0.7406404577596285
48,1555621200,2047,258,-1789,2305,16,-2.1477560677526224,1.5334028025046214
48,1555635600,501,184,-317,685,16,-0.36741911251164083,-0.4827274933931628
48,1555650000,48,48,0,96,16,0.01598225624609771,-1.2157526441856288
48,1555664400,148,1198,1050,1346,16,1.2859236985035916,0.3399034483280936
48,1555678800,358,906,548,1264,16,0.6787707423004848,0.23785240865919344
48,1555693200,1359,420,-939,1779,16,-1.1197082335441753,0.878782718774847
48,1555707600,1009,292,-717,1301,16,-0.8512063286097338,0.28389982899759963
48,1555722000,352,191,-161,543,16,-0.17874209823338463,-0.6594500255027216
48,1555736400,44,36,-8,80,16,0.006306511924135852,-1.2356650421698043
48,1555750800,61,290,229,351,16,0.29295043746225585,-0.8983988013128293
48,1555765200,200,369,169,569,16,0.22038235504754194,-0.6270923787784363
48,1555779600,292,330,38,622,16,0.06194204177541653,-0.5611325604558544
48,1555794000,287,273,-14,560,16,-0.0009502963173355404,-0.638293102644535
48,1555808400,241,179,-62,420,16,-0.059004762249106675,-0.8125265850060719
48,1555822800,33,37,4,70,16,0.02082012840707864,-1.2481102909099142
48,1555837200,68,220,152,288,16,0.19982139836337298,-0.976803868375521
48,1555851600,181,316,135,497,16,0.17926044167920405,-0.7166981697072267
48,1555866000,253,288,35,541,16,0.05831363765468083,-0.6619390752507436
48,1555880400,191,269,78,460,16,0.1103207633852258,-0.7627455900456328
48,1555894800,196,108,-88,304,16,-0.09045093129548272,-0.9568914703913454
48,1555909200,26,50,24,76,16,0.04500948921198328,-1.2406431416658483
48,1555923600,174,1612,1438,1786,16,1.7551972981187416,0.8874943928929239
48,1555938000,343,1298,955,1641,16,1.1710242346802944,0.7070382861613321
48,1555952400,1045,466,-579,1511,16,-0.6842997390558917,0.545250052539905
48,1555966800,1908,256,-1652,2164,16,-1.9820589462390257,1.3579247952690736
48,1555981200,397,175,-222,572,17,-0.32737257478714515,-0.5662884945153157
48,1555995600,36,49,13,85,17,-0.0705117316725598,-1.1656216128840706
48,1556010000,202,1762,1560,1964,17,1.6203977334264341,1.1467950799596471
48,1556024400,380,1303,923,1683,17,0.9241408948562603,0.8009786399973882
48,1556038800,1043,491,-552,1534,17,-0.688070780011882,0.6176097803732722
48,1556053200,2113,238,-1875,2351,17,-2.134142675503782,1.6230618495873848
48,1556067600,457,171,-286,628,17,-0.3973261661034578,-0.49737133922034593
48,1556082000,28,39,11,67,17,-0.07269778140119457,-1.1877735556574538
48,1556096400,202,2500,2298,2702,17,2.427050083292664,2.055024733668356
48,1556110800,286,1848,1562,2134,17,1.622583783155069,1.3560078728193767
48,1556125200,1021,520,-501,1541,17,-0.6323265119316954,0.6262244247851434
48,1556139600,1996,200,-1796,2196,17,-2.0477937112227087,1.4323090090388075
48,1556154000,490,176,-314,666,17,-0.4279308623043446,-0.45060612669875927
48,1556168400,42,56,14,98,17,-0.06941870680824241,-1.1496229875477384
48,1556182800,205,2402,2197,2607,17,2.316654571996608,1.9381117023643895
48,1556197200,313,1856,1543,2169,17,1.6018163107330385,1.399081094878733
48,1556211600,1090,569,-521,1659,17,-0.6541870092180432,0.771442716299544
48,1556226000,1876,176,-1700,2052,17,-1.9428633242482398,1.2550934668517426
48,1556240400,471,152,-319,623,17,-0.4333959866259315,-0.5035246566573968
48,1556254800,64,47,-17,111,17,-0.10330247760208133,-1.1336243622114062
48,1556269200,182,1655,1473,1837,17,1.5253045702308217,0.990500817058555
48,1556283600,431,1260,829,1691,17,0.8213965576104261,0.8108239478966696
48,1556298000,832,414,-418,1246,17,-0.5416054481933525,0.2631786959991419
48,1556312400,1605,349,-1256,1954,17,-1.457560284491321,1.1344884450855455
48,1556326800,448,208,-240,656,17,-0.34704702234485807,-0.46291276157286104
48,1556341200,51,53,2,104,17,-0.08253500518005102,-1.1422390066232773
48,1556355600,99,386,287,485,17,0.2289770811504036,-0.6733562179200009
48,1556370000,240,469,229,709,17,0.16558163901999529,-0.3976875967401218
48,1556384400,381,411,30,792,17,-0.05193030897916426,-0.2955425272850773
48,1556398800,340,324,-16,664,17,-0.10220945273776395,-0.45306745367357965
48,1556413200,264,287,23,551,17,-0.05958148302938595,-0.5921324277509293
48,1556427600,47,38,-9,85,17,-0.09455827868754225,-1.1656216128840706
48,1556442000,69,247,178,316,17,0.10983737093980867,-0.8813383472923203
48,1556456400,230,377,147,607,17,0.07595360014596975,-0.5232152724559596
48,1556470800,244,413,169,657,17,0.10000014716095221,-0.46168209808545085
48,1556485200,296,329,33,625,17,-0.048651234386212105,-0.5010633296825764
48,1556499600,238,142,-96,380,17,-0.18965144188315472,-0.8025758840980692
48,1556514000,25,46,21,71,17,-0.06176753275802072,-1.182850901707813
48,1556523006,59,686,627,745,17,0.6006055350183144,-0.3533837111933555
48,1556523265,6,29,23,35,17,-0.05958148302938595,-1.2271547872545794
48,1556524652,26,209,183,235,17,0.11530249526139559,-0.9810220897725445
48,1556524725,3,13,10,16,17,-0.07379080626551195,-1.2505373935153727
48,1556526423,48,354,306,402,17,0.2497445535724339,-0.7755012873750453
48,1556528400,87,558,471,645,17,0.4300936561848024,-0.47645005993437295
48,1556542800,316,1363,1047,1679,17,1.0596759780316158,0.7960559860477474
48,1556557200,1047,517,-530,1564,17,-0.6640242329968996,0.6545296849955774
48,1556571600,2108,210,-1898,2318,17,-2.1592822473830817,1.582449954502849
48,1556586000,413,180,-233,593,18,-0.2748533740745564,-0.6786360929011968
48,1556600400,35,33,-2,68,18,-0.03214586199015245,-1.340259024699021
48,1556614800,180,1952,1772,2132,18,1.8317637762684305,1.260864272883282
48,1556629200,294,1467,1173,1761,18,1.2024053358417726,0.7933174010794863
48,1556643600,1098,510,-588,1608,18,-0.647845438100372,0.6005015752412632
48,1556658000,2180,237,-1943,2417,18,-2.071519372621443,1.6200310072878152
48,1556672400,487,168,-319,655,18,-0.36521201493714833,-0.6005015752412632
48,1556686800,45,52,7,97,18,-0.022689725155695156,-1.3037122341806648
48,1556701200,194,1851,1657,2045,18,1.7109353611614762,1.151223901328214
48,1556715600,290,1491,1201,1781,18,1.2318244282156396,0.8185220841955939
48,1556730000,1095,540,-555,1635,18,-0.6131729363740286,0.6345278974480085
48,1556744400,2205,240,-1965,2445,18,-2.0946343737723385,1.6553175636503659
48,1556758800,506,221,-285,727,18,-0.32948883134030965,-0.509764716023276
48,1556773200,38,51,13,89,18,-0.016385633932723624,-1.313794107427108
48,1556787600,186,1812,1626,1998,18,1.678364223176123,1.0919928960053613
48,1556802000,349,1386,1037,1735,18,1.0595126014544178,0.7605513130285464
48,1556816400,1183,523,-660,1706,18,-0.7234945327760304,0.7240045225101904
48,1556830800,2056,281,-1775,2337,18,-1.89500481837824,1.5192122748233847
48,1556845200,503,221,-282,724,18,-0.3263367857288239,-0.5135454184906921
48,1556859600,44,60,16,104,18,-0.013233588321237857,-1.2948905950900274
48,1556874000,172,1650,1478,1822,18,1.5228633063428254,0.8701916845836144
48,1556888400,324,1304,980,1628,18,0.9996237348361883,0.6257062583573708
48,1556902800,1213,502,-711,1715,18,-0.7770793081712885,0.7353466299124388
48,1556917200,1653,315,-1338,1968,18,-1.4358568409718135,1.0541858713311998
48,1556931600,447,233,-214,680,18,-0.2548904185351466,-0.5689957213461287
48,1556946000,64,41,-23,105,18,-0.05421018127055281,-1.293630360934222
48,1556960400,72,374,302,446,18,0.28726142664040516,-0.8638905138045876
48,1556974800,251,399,148,650,18,0.12545641858413584,-0.6068027460202902
48,1556989200,330,371,41,701,18,0.013033458441143524,-0.5425308040742158
48,1557003600,350,322,-28,672,18,-0.05946359062302909,-0.5790775945925718
48,1557018000,257,263,6,520,18,-0.02374040702619041,-0.7706331862749894
48,1557032400,37,38,1,75,18,-0.028993816378666687,-1.3314373856083832
48,1557046800,57,238,181,295,18,0.16012892031047926,-1.0541858713311998
48,1557061200,217,380,163,597,18,0.14121664664156466,-0.6735951562779753
48,1557075600,246,348,102,594,18,0.07712505254135409,-0.6773758587453914
48,1557090000,207,254,47,461,18,0.019337549664115057,-0.8449870014675068
48,1557104400,170,150,-20,320,18,-0.05105813565906705,-1.0226800174360653
48,1557118800,26,37,11,63,18,-0.018486997673714135,-1.346560195478048
48,1557133200,196,1885,1689,2081,18,1.7445571810173242,1.1965923309372077
48,1557147600,287,1309,1022,1596,18,1.043752373396989,0.5853787653715987
48,1557162000,1118,439,-679,1557,18,-0.7434574883154402,0.5362296332951889
48,1557176400,2086,234,-1852,2320,18,-1.9759073224063746,1.4977882941746934
48,1557190800,480,142,-338,622,19,-0.38639563581807584,-0.5851748658781991
48,1557205200,41,41,0,82,19,-0.014431373025246278,-1.2802583440197786
48,1557219600,180,1853,1673,2033,19,1.8266816792008007,1.2310525186732244
48,1557234000,309,1378,1069,1687,19,1.161988144505922,0.7856842160121382
48,1557248400,1397,423,-974,1820,19,-1.0863047220199682,0.9568807022951569
48,1557262800,2046,254,-1792,2300,19,-1.9865022574179994,1.5747326828654498
48,1557277200,480,208,-272,688,19,-0.3137635608348606,-0.5002202185497838
48,1557291600,40,54,14,94,19,0.0009754307590721058,-1.2648120445055213
48,1557306000,225,1862,1637,2087,19,1.7870641837554107,1.3005608664873822
48,1557320400,313,1399,1086,1712,19,1.1806964062440228,0.817864006666841
48,1557334800,1095,480,-615,1575,19,-0.691230253550661,0.6415187538790699
48,1557349200,2068,217,-1851,2285,19,-2.0514309305090555,1.555424808472628
48,1557363600,497,216,-281,713,19,-0.32366793469620814,-0.4680404278950811
48,1557378000,39,56,17,95,19,0.004276888712854617,-1.2635248528793332
48,1557392400,201,1812,1611,2013,19,1.7584515481559622,1.2053086861494622
48,1557406800,312,1333,1021,1645,19,1.1091648172454016,0.7316221677122375
48,1557421200,1150,577,-573,1727,19,-0.6450098421977059,0.8371718810596626
48,1557435600,2097,274,-1823,2371,19,-2.0206173229404185,1.6661232883248056
48,1557450000,495,218,-277,713,19,-0.31926599075783146,-0.4680404278950811
48,1557464400,62,54,-8,116,19,-0.023235260901999642,-1.236493828729383
48,1557478800,172,1618,1446,1790,19,1.576871360697924,0.9182649535095135
48,1557493200,333,1310,977,1643,19,1.0607434339232582,0.7290477844598614
48,1557507600,1161,448,-713,1609,19,-0.7990778800408898,0.6852832691694656
48,1557522000,1772,277,-1495,2049,19,-1.6596579199935309,1.2516475846922341
48,1557536400,473,260,-213,733,19,-0.24883488774380458,-0.44229659537131893
48,1557550800,62,54,-8,116,19,-0.023235260901999642,-1.236493828729383
48,1557565200,73,393,320,466,19,0.3377241420448882,-0.7859767595635443
48,1557579600,283,430,147,713,19,0.14734006671009675,-0.4680404278950811
48,1557594000,393,324,-69,717,19,-0.09036490596224403,-0.46289166139032867
48,1557608400,322,279,-43,601,19,-0.0617522703627956,-0.6122058900281494
48,1557622800,252,296,44,548,19,0.033990010296897216,-0.6804270462161193
48,1557637200,34,38,4,72,19,-0.010029429086869598,-1.2931302602816597
48,1557651600,44,200,156,244,19,0.1572444405714443,-1.0717333005773049
48,1557666000,167,322,155,489,19,0.1561439545868501,-0.7563713521612178
48,1557680400,204,313,109,517,19,0.1055215992955183,-0.7203299866279507
48,1557694800,209,305,96,514,19,0.09121528149579408,-0.7241915615065151
48,1557709200,188,131,-57,319,19,-0.07715907414711398,-0.9751939286131965
48,1557723600,22,54,32,76,19,0.02078417848176717,-1.2879814937769074
48,1557736081,122,1295,1173,1417,19,1.2764386869037156,0.43814247694134845
48,1557736162,5,23,18,28,19,0.005377374697448787,-1.3497666918339366
48,1557738000,81,510,429,591,19,0.4576771143656528,-0.6250778062900305
48,1557752400,322,1556,1234,1878,19,1.34356833196396,1.0315378166140672
48,1557766800,1102,457,-645,1559,19,-0.7242448330884862,0.6209236878600601
48,1557781200,2074,230,-1844,2304,19,-2.043727528616896,1.5798814493702023
48,1557795600,344,160,-184,504,20,-0.2268045611083614,-0.6148347103610575
48,1557810000,8,13,5,21,20,-0.0016532007884412661,-1.2267735257071675
48,1557824400,209,1869,1660,2078,20,1.969910298309272,1.379350994307218
48,1557838800,384,1453,1069,1837,20,1.265865568419998,1.0740150636686825
48,1557853200,1179,511,-668,1690,20,-0.8033826478535536,0.8877728155198665
48,1557867600,2106,317,-1789,2423,20,-2.1388042082695877,1.8164501481258677
48,1557882000,459,203,-256,662,20,-0.3125765078969024,-0.41465596745280625
48,1557896400,32,44,12,76,20,0.006685738482666887,-1.1570910519099913
48,1557909322,132,1361,1229,1493,20,1.4564698946167558,0.6381828639190722
48,1557909403,5,26,21,31,20,0.01740723183123451,-1.2141039850167716
48,1557910800,77,417,340,494,20,0.3974246071860203,-0.6275042510514531
48,1557925200,332,1317,985,1649,20,1.1657982971667,0.8358276986892443
48,1557939600,1429,465,-964,1894,20,-1.1560006513175556,1.1462314456039377
48,1557954000,2396,248,-2148,2644,20,-2.566472665173563,2.0964469973836115
48,1557968400,613,204,-409,817,20,-0.49484189482255203,-0.21827808675167368
48,1557982800,43,54,11,97,20,0.00549446144393715,-1.1304850164601605
48,1557995280,168,1325,1157,1493,20,1.3706979478282149,0.6381828639190722
48,1557995360,7,12,5,19,20,-0.0016532007884412661,-1.2293074338452465
48,1557997200,92,532,440,624,20,0.5165523110589939,-0.4628002220763097
48,1558008774,225,1309,1084,1534,20,1.283734724000944,0.6901279807496944
48,1558011600,105,151,46,256,20,0.04718915779947792,-0.9290393194828697
48,1558026000,1140,503,-637,1643,20,-0.7664530596529319,0.828225974275007
48,1558040400,2062,293,-1769,2355,20,-2.114978667494993,1.7302972714311773
48,1558054800,507,231,-276,738,20,-0.33640204867149714,-0.3183674582057993
48,1558069200,57,105,48,162,20,0.04957171187693739,-1.0481330019725887
48,1558083441,180,1595,1415,1775,20,1.6780474238204868,0.9954639113882295
48,1558083521,4,22,18,26,20,0.013833400715045302,-1.2204387553619696
48,1558083600,6,36,30,42,20,0.028128725179802135,-1.2001674902573365
48,1558098000,389,1278,889,1667,20,1.0514357014486453,0.8586328719319565
48,1558112400,1148,482,-666,1630,20,-0.8010000937760942,0.8117555713774927
48,1558126800,1558,316,-1242,1874,20,-1.4871756680844221,1.1208923642231465
48,1558141200,489,271,-218,760,20,-0.2673079804251724,-0.2904944686869289
48,1558155600,63,31,-32,94,20,-0.045730451221441495,-1.1342858786672791
48,1558170000,99,359,260,458,20,0.30212244408764144,-0.6731145975368775
48,1558184400,293,384,91,677,20,0.10079662454231604,-0.3956516564172128
48,1558198800,378,435,57,813,20,0.06029320522550501,-0.22334590302783194
48,1558213200,313,367,54,680,20,0.0567193741093158,-0.39185079421009406
48,1558227600,262,280,18,542,20,0.013833400715045302,-0.566690455737554
48,1558242000,42,37,-5,79,20,-0.013565971175738628,-1.1532901897028727
48,1558256400,63,238,175,301,20,0.20086389579561387,-0.8720263863760892
48,1558270800,234,301,67,535,20,0.07220597561280237,-0.575559134220831
48,1558285200,258,323,65,581,20,0.0698234215353429,-0.517279247045011
48,1558299600,235,360,125,595,20,0.14130004385912706,-0.4995418900784571
48,1558314000,230,153,-77,383,20,-0.09933791796427963,-0.7681361527148448
48,1558328400,19,49,30,68,20,0.028128725179802135,-1.1672266844623078
48,1558342800,191,1754,1563,1945,20,1.8543564255524876,1.2108461031249556
48,1558357200,296,1394,1098,1690,20,1.3004126025431604,0.8877728155198665
48,1558371600,1110,503,-607,1613,20,-0.7307147484910398,0.7902173522038201
48,1558386000,2110,303,-1807,2413,20,-2.160247194966723,1.803780607435472
48,1558400400,431,184,-247,615,21,-0.377255069247542,-0.4271544532891851
48,1558414800,39,52,13,91,21,-0.03683875814232978,-1.1440326797439422
48,1558428551,160,1618,1458,1778,21,1.8550903555000995,1.1639321447392164
48,1558428631,3,24,21,27,21,-0.02636441010832325,-1.231590325723149
48,1558429200,24,166,142,190,21,0.13206010390602552,-1.0085919461198563
48,1558443600,329,1495,1166,1824,21,1.4727766522588612,1.2268642027867713
48,1558458000,1132,505,-627,1637,21,-0.8747866008628522,0.971031705941276
48,1558472400,2074,273,-1801,2347,21,-2.4118971748533107,1.9423743410231031
48,1558486800,495,237,-258,732,21,-0.391657297794301,-0.26708813173344736
48,1558501200,40,40,0,80,21,-0.05385957369759039,-1.1590816501466183
48,1558515600,200,1742,1542,1942,21,1.9650710098571682,1.3882986125609342
48,1558530000,308,1474,1166,1782,21,1.4727766522588612,1.1694044976129168
48,1558544400,1082,575,-507,1657,21,-0.7176713803527542,0.9983934703097782
48,1558558800,2066,260,-1806,2326,21,-2.4184436423745646,1.9136444884361759
48,1558573200,481,270,-211,751,21,-0.33012050309451263,-0.24109445558337034
48,1558587600,40,53,13,93,21,-0.03683875814232978,-1.1412965033070919
48,1558602000,186,1732,1546,1918,21,1.9703081838741714,1.3554644953187316
48,1558616400,372,1509,1137,1881,21,1.4348071406355876,1.3048452312370025
48,1558630800,1149,530,-619,1679,21,-0.8643122528288456,1.0284914111151306
48,1558645200,2009,239,-1770,2248,21,-2.3713090762215354,1.8069336073990174
48,1558659600,515,202,-313,717,21,-0.46366844052809586,-0.28760945500982404
48,1558674000,67,51,-16,118,21,-0.07480826976560345,-1.1070942978464642
48,1558688400,152,1460,1308,1612,21,1.658696329862477,0.9368295004806483
48,1558702800,356,1111,755,1467,21,0.9346570220117759,0.7384567088090075
48,1558717200,1377,471,-906,1848,21,-1.24007948854883,1.259698320028974
48,1558731600,1041,340,-701,1381,21,-0.9716743201774126,0.6208011220244481
48,1558746000,427,255,-172,682,21,-0.27905805642873077,-0.33549254265470285
48,1558760400,49,51,2,100,21,-0.05124098668908876,-1.131719885778116
48,1558774800,92,362,270,454,21,0.29964967245013,-0.6474166564556276
48,1558789200,204,404,200,608,21,0.20799912715257288,-0.43673107081816087
48,1558803600,325,359,34,684,21,-0.00934359455306264,-0.3327563662178526
48,1558818000,281,333,52,614,21,0.014223688523452054,-0.4285225415076102
48,1558832400,241,237,-4,478,21,-0.05909674771459366,-0.614582539213425
48,1558846800,36,21,-15,57,21,-0.07349897626135264,-1.1905476791703957
48,1558861200,70,216,146,286,21,0.1372972779230288,-0.8772554771510459
48,1558875600,244,346,102,590,21,0.07968836373599286,-0.46135665874981285
48,1558890000,241,319,78,560,21,0.04826531963397328,-0.502399305302566
48,1558904400,219,318,99,537,21,0.07576048322324042,-0.5338653343263436
48,1558918800,194,172,-22,366,21,-0.08266403079110834,-0.7678084196770372
48,1558933200,19,26,7,45,21,-0.04469451916783468,-1.2069647377914972
48,1558947600,62,272,210,334,21,0.22109206219508104,-0.8115872426666406
48,1558962000,196,356,160,552,21,0.15562738698254022,-0.513344011049967
48,1558976400,248,339,91,587,21,0.06528613518923389,-0.46546092340508816
48,1558990800,218,305,87,523,21,0.060048961172230624,-0.5530185693842952
48,1559005200,233,160,-73,393,22,-0.12039625113757416,-0.8719012264397425
48,1559019600,22,45,23,67,22,-0.010272005835470813,-1.3001784400570178
48,1559034000,199,1861,1662,2060,22,1.8698700571868978,1.3180929916584094
48,1559048400,330,1335,1005,1665,22,1.116207253400628,0.7991681469380915
48,1559062800,1070,434,-636,1504,22,-0.7662290647322011,0.587657007697658
48,1559077200,2081,219,-1862,2300,22,-2.1726074474444794,1.6333890998429064
48,1559091600,401,213,-188,614,22,-0.2523159199890521,-0.5815660601531849
48,1559106000,39,52,13,91,22,-0.021743281387773244,-1.268648829238568
48,1559120400,192,1804,1612,1996,22,1.8125136794253855,1.2340140294758768
48,1559134800,327,1491,1164,1818,22,1.2986005346822367,1.0001694159057082
48,1559149200,1139,483,-656,1622,22,-0.789171615836806,0.7426775942217024
48,1559163600,2093,281,-1812,2374,22,-2.115251069682967,1.7306053998664597
48,1559178000,450,210,-240,660,22,-0.31196655286102476,-0.5211343060844897
48,1559192400,46,51,5,97,22,-0.03092030182961519,-1.2607664265339555
48,1559206800,200,1846,1646,2046,22,1.8515160163032138,1.2997007186809804
48,1559221200,305,1470,1165,1775,22,1.2997476622374668,0.9436788631893193
48,1559235600,1175,516,-659,1691,22,-0.7926129985024968,0.8333252253247453
48,1559250000,2100,275,-1825,2375,22,-2.1301637279009604,1.7319191336505617
48,1559264400,469,217,-252,686,22,-0.3257320835237877,-0.48697722769783586
48,1559278800,58,48,-10,106,22,-0.04812721515806884,-1.248942822477037
48,1559293200,171,1684,1513,1855,22,1.6989480514575914,1.048777565917485
48,1559307600,340,1202,862,1542,22,0.9521680130027032,0.6375788914935367
48,1559322000,1204,501,-703,1705,22,-0.8430866109326275,0.8517174983021742
48,1559336400,1500,307,-1193,1807,22,-1.4051791129954465,0.9857183442805855
48,1559350800,494,278,-216,772,22,-0.2844354915354989,-0.3739961222650578
48,1559365200,66,49,-17,115,22,-0.05615710804468054,-1.2371192184201183
48,1559379600,87,352,265,439,22,0.26733286253024807,-0.8114694723710474
48,1559394000,223,384,161,607,22,0.14803159678630276,-0.5907621966418994
48,1559408400,369,364,-5,733,22,-0.04239157738191762,-0.42523173984503854
48,1559422800,296,332,36,628,22,0.004640652382522349,-0.563173787175756
48,1559437200,266,278,12,544,22,-0.02289040894300349,-0.6735274250403299
48,1559451600,48,36,-12,84,22,-0.05042147026852933,-1.2778449657272826
48,1559466000,62,237,175,299,22,0.16409138255952618,-0.9953922021453373
48,1559480400,215,362,147,577,22,0.13197181101307934,-0.6301742101649616
48,1559494800,298,350,52,648,22,0.02299469326620624,-0.5368991114937145
48,1559509200,233,298,65,531,22,0.0379073514841994,-0.6906059642336568
48,1559523600,223,159,-64,382,22,-0.11007210314050198,-0.8863522980648654
48,1559538000,23,50,27,73,22,-0.00568349561454984,-1.2922960373524053
48,1559548637,64,910,846,974,22,0.9338139721190193,-0.10862189787643949
48,1559548717,2,7,5,9,22,-0.03092030182961519,-1.3763749995349377
48,1559552400,115,859,744,974,22,0.8168069614855344,-0.10862189787643949
48,1559566800,296,1116,820,1412,22,0.903988655683033,0.4667934995602675
48,1559581200,1048,527,-521,1575,22,-0.6343093958807232,0.6809321063689051
48,1559595600,1972,297,-1675,2269,22,-1.9580945946164239,1.592663352535742
48,1559610000,425,157,-268,582,23,-0.3239361439165453,-0.6803748513458395
48,1559624400,40,37,-3,77,23,-0.021164118237073586,-1.3588304506427487
48,1559638800,181,1807,1626,1988,23,1.840026937732207,1.2085530152114958
48,1559653200,305,1260,955,1565,23,1.0733853179928656,0.6402624835231936
48,1559667600,1060,493,-567,1553,23,-0.6655543917586662,0.624140766312178
48,1559682000,2056,266,-1790,2322,23,-2.062875853668077,1.6572741442514318
48,1559696400,451,249,-202,700,23,-0.2485287714831674,-0.5218446321041855
48,1559710800,43,55,12,98,23,-0.004026079047669525,-1.3306174455234714
48,1559725200,204,1676,1472,1880,23,1.6640764020543253,1.0634575603123548
48,1559739600,337,1263,926,1600,23,1.0402517755600178,0.6872841587219893
48,1559754000,1084,482,-602,1566,23,-0.7055431498672756,0.641605959957445
48,1559768400,1826,279,-1547,2105,23,-1.7852396187997315,1.3657397580188986
48,1559782800,470,220,-250,690,23,-0.3033704968892604,-0.5352793964466985
48,1559797200,40,55,15,95,23,-0.000598471209788713,-1.3346478748262252
48,1559811600,171,1787,1616,1958,23,1.8286015782726044,1.1682487221839566
48,1559826000,386,1393,1007,1779,23,1.1327971871827998,0.927766440452973
48,1559840400,1103,510,-593,1613,23,-0.6952603263536332,0.7047493523672563
48,1559854800,1903,264,-1639,2167,23,-1.8903529258280762,1.4490352969424796
48,1559869200,536,215,-321,751,23,-0.3844905490524396,-0.4533273339573689
48,1559883600,64,47,-17,111,23,-0.03715962148051737,-1.3131522518782044
48,1559898000,199,1453,1254,1652,23,1.4150035658349864,0.7571449333030572
48,1559912400,332,1113,781,1445,23,0.8745840633957785,0.479045311413037
48,1559926800,1381,400,-981,1781,23,-1.1385642733862182,0.9304533933214756
48,1559941200,1523,279,-1244,1802,23,-1.4390512271737694,0.958666398440753
48,1559955600,418,296,-122,714,23,-0.15712589580634576,-0.5030359620246672
48,1559970000,68,49,-19,117,23,-0.03944469337243791,-1.3050913932726964
48,1559984400,93,376,283,469,23,0.3056011623075638,-0.832187688416237
48,1559998800,202,425,223,627,23,0.23704900554994757,-0.6199184118045308
48,1560013200,340,363,23,703,23,0.008541816357893452,-0.5178142028014315
48,1560027600,317,255,-62,572,23,-0.08857373904872953,-0.6938096156883525
48,1560042000,246,297,51,543,23,0.040532822844781026,-0.7327704322816404
48,1560056400,33,40,7,73,23,-0.009738758777470878,-1.364204356379754
48,1560070800,67,231,164,298,23,0.1696393847382916,-1.0619221586732102
48,1560085200,216,337,121,553,23,0.12051033906199997,-0.7193356679391274
48,1560099600,253,332,79,585,23,0.0725238293316686,-0.6763444220430855
48,1560114000,220,306,86,526,23,0.0805215809533905,-0.7556095316639126
48,1560128400,182,158,-24,340,23,-0.045157373102239266,-1.0054961484346554
48,1560142800,21,51,30,72,23,0.016539567979615345,-1.3655478328140052
48,1560157200,190,1800,1610,1990,23,1.8217463625968426,1.2112399680799983
48,1560171600,325,1358,1033,1683,23,1.1625031217777666,0.7987927027648477
48,1560186000,1093,477,-616,1570,23,-0.7215386531107194,0.6469798656944502
48,1560200400,2127,272,-1855,2399,23,-2.1371406901554946,1.7607218296887823
48,1560214800,422,133,-289,555,24,-0.2670151581555482,-1.067113375423401
48,1560229200,40,50,10,90,24,0.011771510682544901,-1.6980529923624823
48,1560243600,180,1912,1732,2092,24,1.617358947937382,1.018379508953734
48,1560258000,273,1326,1053,1599,24,0.9842614625157593,0.34944782905918115
48,1560272400,1059,455,-604,1514,24,-0.5607201771655794,0.23411478080149967
48,1560286800,2086,225,-1861,2311,24,-1.7327430625484657,1.315531715641172
48,1560301200,486,153,-333,639,24,-0.30804062112837793,-0.9531371865569864
48,1560315600,34,42,8,76,24,0.009906716911052639,-1.717049023840218
48,1560330000,186,1612,1426,1798,24,1.3320455008990661,0.6194628479212826
48,1560344400,331,1278,947,1609,24,0.8854273926266695,0.36301642297184955
48,1560358800,1130,460,-670,1590,24,-0.622258371624824,0.3372360945377796
48,1560373200,1964,234,-1730,2198,24,-1.6105990705157227,1.162206604428019
48,1560387600,503,179,-324,682,24,-0.2996490491566628,-0.8947922327325122
48,1560402000,44,61,17,105,24,0.018298288882767817,-1.6777001014934796
48,1560416400,212,1796,1584,2008,24,1.4793642088469547,0.9044033200873192
48,1560430800,318,1669,1351,1987,24,1.2621157344681062,0.8759092728707155
48,1560445200,1110,493,-617,1603,24,-0.5728413366802791,0.3548752666242485
48,1560459600,1921,267,-1654,2188,24,-1.5397369071990168,1.1486380105153506
48,1560474000,481,221,-260,702,24,-0.2399756484689104,-0.8676550449071754
48,1560488400,56,54,-2,110,24,0.0005827480535913317,-1.6709158045371453
48,1560502800,171,1607,1436,1778,24,1.3413694697565275,0.5923256600959458
48,1560517200,342,1263,921,1605,24,0.86118507359727,0.3575889854067822
48,1560531600,1171,334,-837,1505,24,-0.7779686515444278,0.2219030462800981
48,1560546000,1609,242,-1367,1851,24,-1.2721390009898772,0.6913763956584251
48,1561165200,7162,188,-6974,7350,25,-3.8684594300889947,3.8373044255694313
48,1561179600,66,34,-32,100,25,0.17222615501675154,-0.6290550779697301
48,1561194000,85,389,304,474,25,0.3677995281938663,-0.3986525325457789
48,1561208400,240,384,144,624,25,0.2746693504904783,-0.30624509454152044
48,1561222800,372,354,-18,726,25,0.180375045565798,-0.24340803669862462
48,1561237200,295,262,-33,557,25,0.17164409140610537,-0.3475204168500892
48,1561251600,280,239,-41,519,25,0.16698758252093596,-0.3709303011445014
48,1561266000,59,35,-24,94,25,0.17688266390192095,-0.6327513754899005
48,1561280400,67,210,143,277,25,0.27408728687983214,-0.5200143011247051
48,1561294800,224,339,115,563,25,0.25778950578173926,-0.3438241193299189
48,1561309200,284,335,51,619,25,0.22053743470038406,-0.3093253424749957
48,1561323600,272,284,12,556,25,0.19783695388518324,-0.3481364664367843
48,1561338000,198,299,101,497,25,0.2496406152326928,-0.3844833920517926
48,1561352400,30,50,20,80,25,0.20249346277035263,-0.6413760697036313
48,1561366800,173,1687,1514,1860,25,1.0720964970757378,0.45519219461356974
48,1561381200,304,1325,1021,1629,25,0.7851391370271738,0.3128847400870116
48,1561395600,1075,471,-604,1546,25,-0.1607142302728605,0.2617526243913219
48,1561410000,1855,254,-1601,2109,25,-0.7410316500870968,0.6085885417006389
48,1561424400,487,154,-333,641,26,-0.351056702486501,-0.6424743695336348
48,1561438800,44,48,4,92,26,0.002875669263191653,-1.3604588610136208
48,1561453200,194,1872,1678,2066,26,1.7609848393195284,1.2211465782969297
48,1561467600,296,1504,1208,1800,26,1.2673699588377612,0.8732706680352245
48,1561482000,1118,515,-603,1633,26,-0.634622697656878,0.6548673709912214
48,1561496400,2482,177,-2305,2659,26,-2.422138711656809,1.996674453429228
48,1561510800,495,169,-326,664,26,-0.34370499150060235,-0.6123948735335626
48,1561525200,29,48,19,77,26,0.018629335661545926,-1.3800759236223636
48,1561539600,184,1843,1659,2027,26,1.7410301952149463,1.1701422155141985
48,1561554000,311,1381,1070,1692,26,1.1224362279729019,0.7320278172522764
48,1561568400,1119,443,-676,1562,26,-0.7112905407955354,0.5620132746431722
48,1561582800,2077,234,-1843,2311,26,-1.9369257865874978,1.5415586009063953
48,1561597200,543,202,-341,745,26,-0.3594586578989566,-0.5064627354463516
48,1561611600,53,52,-1,105,26,-0.0023755528695931045,-1.3434574067527103
48,1561626000,184,1761,1577,1945,26,1.6549101522372762,1.0629022732530713
48,1561640400,320,1395,1075,1715,26,1.1276874501056866,0.7621073132523486
48,1561654800,1117,545,-572,1662,26,-0.6020651204336125,0.6927936920347908
48,1561669200,2176,226,-1950,2402,26,-2.0493019402290917,1.6605687807327683
48,1561683600,552,179,-373,731,26,-0.39306647954877905,-0.5247719938811781
48,1561698000,75,60,-15,135,26,-0.017078974841390426,-1.3042232815352248
48,1561712400,155,1540,1385,1695,26,1.4532632223383417,0.7359512297740249
48,1561726800,331,1226,895,1557,26,0.9386434533254354,0.5554742537735913
48,1561741200,1314,409,-905,1723,26,-0.9517965144770774,0.7725697466436782
48,1561755600,1460,292,-1168,1752,26,-1.2280107986615556,0.8104960676872475
48,1561770000,517,284,-233,801,26,-0.24603225983080584,-0.4332257017070451
48,1561784400,69,42,-27,111,26,-0.029681907960073844,-1.3356105817092132
48,1561798800,81,384,303,465,26,0.31689875280372015,-0.8726479041428835
48,1561813200,218,433,215,651,26,0.22447724326670843,-0.629396327794473
48,1561827600,396,388,-8,784,26,-0.009727263855491766,-0.45545837266362027
48,1561842000,310,341,31,651,26,0.031232268780229343,-0.629396327794473
48,1561856400,277,286,9,563,26,0.00812689139597641,-0.7444830950990974
48,1561870800,49,44,-5,93,26,-0.006576530575820911,-1.3591510568397047
48,1561885200,58,250,192,308,26,0.20032162145589855,-1.0779731594477246
48,1561899600,261,335,74,596,26,0.07639277912217826,-0.7013255573598632
48,1561914000,301,351,50,652,26,0.05118691288481143,-0.6280885236205568
48,1561928400,276,308,32,584,26,0.032282513206786295,-0.7170192074468574
48,1561942800,234,246,12,480,26,0.011277624675647264,-0.8530308415341408
48,1561957200,27,60,33,87,26,0.033332757633343243,-1.3669978818832018
48,1561971600,169,1745,1576,1914,26,1.6538599078107192,1.0223603438616695
48,1561986000,298,1316,1018,1614,26,1.0678235177919404,0.6300190916868139
48,1562000400,1111,487,-624,1598,26,-0.656677830614574,0.6090942249041549
48,1562014800,1983,229,-1754,2212,26,-1.843454032623929,1.4120859876886929
48,1562029200,476,165,-311,641,27,-0.4897522687397406,-0.17584208035545193
48,1562043600,57,52,-5,109,27,-0.029786999871361613,-0.9796034955239457
48,1562058000,171,1755,1584,1926,27,2.358725458402672,1.7655741198165675
48,1562072400,320,1382,1062,1702,27,1.5740788232742606,1.4271482607982546
48,1562086800,1041,504,-537,1545,27,-0.8294651797340337,1.1899479935398833
48,1562101200,2092,195,-1897,2287,27,-2.873755263593496,2.3109836515380455
48,1562115600,457,234,-223,691,27,-0.357474675078246,-0.1003005939674356
48,1562130000,54,51,-3,105,27,-0.02678069092450946,-0.9856468144349869
48,1562144400,140,1624,1484,1764,27,2.208410011060064,1.520819703919395
48,1562158800,314,1233,919,1547,27,1.359127733574332,1.192969652995404
48,1562173200,1510,426,-1084,1936,27,-1.6516906766980968,1.7806824170941709
48,1562187600,1287,223,-1064,1510,27,-1.6216275872295753,1.1370689530682718
48,1562202000,411,203,-208,614,27,-0.33492735797685486,-0.21663448300498075
48,1562216400,43,41,-2,84,27,-0.025277536451083386,-1.0173742387179538
48,1562230268,70,234,164,304,27,0.22424610613764512,-0.684991698610682
48,1562230348,1,0,-1,1,27,-0.02377438197765731,-1.142773106122061
48,1562230800,7,24,17,31,27,0.003282398544012043,-1.0974482142892512
48,1562245200,189,275,86,464,27,0.10700005721041124,-0.4432589421690297
48,1562259600,286,284,-2,570,27,-0.025277536451083386,-0.2831109910264351
48,1562274000,286,256,-30,542,27,-0.06736586170701349,-0.3254142234037243
48,1562288400,206,229,23,435,27,0.012301325384568495,-0.4870730042740792
48,1562302800,30,50,20,80,27,0.007791861964290269,-1.0234175576289952
48,1562315630,81,756,675,837,27,0.9923580420583695,0.12028054628557208
48,1562315710,2,15,13,17,27,-0.0027302193496922577,-1.1185998304778957
48,1562315791,1,12,11,13,27,-0.005736528296544408,-1.124643149388937
48,1562317200,20,206,186,226,27,0.25731550455301877,-0.8028364173759874
48,1562331600,350,825,475,1175,27,0.6917271473731545,0.6309409942685624
48,1562346000,1033,417,-616,1450,27,-0.9482143831346936,1.0464191694026523
48,1562360400,1062,211,-851,1273,27,-1.3014556843898213,0.7790023075890745
48,1562374800,477,248,-229,725,27,-0.3664936019188024,-0.048932383223584494
48,1562389200,52,37,-15,89,27,-0.04481854460562237,-1.0098200900791523
48,1562403600,65,307,242,372,27,0.341492155064879,-0.5822552771229798
48,1562418000,188,326,138,514,27,0.18516408982856714,-0.3677174557810134
48,1562432400,303,361,58,664,27,0.06491173195448113,-0.14109299661696442
48,1562446800,304,269,-35,573,27,-0.07488163407414387,-0.27857850184315414
48,1562461200,262,225,-37,487,27,-0.07788794302099603,-0.4085098584305422
48,1562475600,41,24,-17,65,27,-0.04782485355247451,-1.0460800035454
48,1562490000,55,216,161,271,27,0.2197366427173669,-0.7348490796267727
48,1562504400,219,296,77,515,27,0.09347166694957655,-0.36620662605325305
48,1562518800,236,327,91,563,27,0.11451582957754161,-0.2936867991207574
48,1562533200,253,247,-6,500,27,-0.031290154344787685,-0.388869071969658
48,1562547600,205,151,-54,356,27,-0.10344156906923929,-0.606428552767145
48,1562562000,20,43,23,63,27,0.012301325384568495,-1.0491016630009207
48,1562574701,122,1314,1192,1436,27,1.7694889048196503,1.0252675532140076
48,1562574781,3,16,13,19,27,-0.0027302193496922577,-1.115578171022375
48,1562576400,85,499,414,584,27,0.600034724494164,-0.2619593748377905
48,1562590800,263,1463,1200,1726,27,1.781514140607059,1.4634081742645024
48,1562605200,1026,447,-579,1473,27,-0.8925976676179288,1.0811682531411397
48,1562619600,2017,221,-1796,2238,27,-2.7219366617774625,2.2369529948777895
48,1562634000,475,130,-345,605,28,-0.3832253459023029,-0.5920411113187481
48,1562648400,31,41,10,72,28,-0.003187259241521279,-1.2552628998378446
48,1562662800,179,1923,1744,2102,28,1.8531114513776203,1.2707037618765376
48,1562677200,282,1423,1141,1705,28,1.2075819689650815,0.7767092965067791
48,1562691600,1120,415,-705,1535,28,-0.7686160816709828,0.5651751425701067
48,1562706000,2109,232,-1877,2341,28,-2.023277032562352,1.5680958959404476
48,1562720400,485,209,-276,694,28,-0.3093587882133059,-0.48129676014013734
48,1562734800,40,37,-3,77,28,-0.017104146922056945,-1.2490413070750013
48,1562749200,183,1847,1664,2030,28,1.767469065651247,1.181112826091594
48,1562763600,282,1578,1296,1860,28,1.3735140913099297,0.9695786721549216
48,1562778000,1129,481,-648,1610,28,-0.7075958818409419,0.6584990340127563
48,1562792400,2059,253,-1806,2312,28,-1.9472694152301957,1.5320106579159565
48,1562806800,528,195,-333,723,28,-0.3703789880433469,-0.44521152211564613
48,1562821200,47,48,1,95,28,-0.012822027635738278,-1.2266435731287653
48,1562835600,176,1882,1706,2058,28,1.812431318157593,1.2159537455635165
48,1562850000,283,1485,1202,1768,28,1.2728842880814413,0.8551013653186047
48,1562864400,1194,537,-657,1731,28,-0.7172306502351589,0.8090615788735643
48,1562878800,2041,283,-1758,2324,28,-1.8958839837943717,1.5469424805467804
48,1562893200,458,199,-259,657,28,-0.2911597812464516,-0.5273365465851778
48,1562907600,56,50,-6,106,28,-0.020315736386795943,-1.2129560690505101
48,1562922000,156,1686,1530,1842,28,1.6240180695595718,0.9471809382086857
48,1562936400,344,1364,1020,1708,28,1.0780478605539419,0.780442252164485
48,1562950800,1348,426,-922,1774,28,-1.0009210529537704,0.8625672766340167
48,1562965200,1513,341,-1172,1854,28,-1.2685535083486872,0.9621127608395096
48,1562979600,531,195,-336,726,28,-0.37359057750808594,-0.44147856645794015
48,1562994000,55,28,-27,83,28,-0.04279686263996894,-1.2415753957595892
48,1563008400,71,324,253,395,28,0.2569514874023377,-0.853348007358167
48,1563022800,223,403,180,626,28,0.17880281042702204,-0.5659104217148063
48,1563037200,366,337,-29,703,28,-0.044937922283128276,-0.47009789316701933
48,1563051600,387,292,-95,679,28,-0.11559289050738626,-0.49996153842866725
48,1563066000,300,189,-111,489,28,-0.13272136765266093,-0.7363820634167129
48,1563080400,49,34,-15,83,28,-0.02995050478101294,-1.2415753957595892
48,1563094800,70,193,123,263,28,0.11778261059698104,-1.0175980562972302
48,1563109200,182,310,128,492,28,0.12313525970487937,-0.7326491077590068
48,1563123600,264,288,24,552,28,0.011800158260594051,-0.6579899946048872
48,1563138000,269,277,8,546,28,-0.005328318884680612,-0.6654559059202991
48,1563152400,247,152,-95,399,28,-0.11559289050738626,-0.8483707331478924
48,1563166800,30,39,9,69,28,-0.004257789063100946,-1.2589958554955505
48,1563180721,224,1674,1450,1898,28,1.5383756838331986,1.0168627771525307
48,1563180802,3,31,28,34,28,0.01608227754691272,-1.3025470048354537
48,1563181200,23,129,106,152,28,0.09958360363012671,-1.1557174156323518
48,1563195600,321,1415,1094,1736,28,1.1572670673508372,0.8152831716364076
48,1563210000,1105,440,-665,1545,28,-0.7257948888077962,0.5776183280957933
48,1563224400,2254,248,-2006,2502,28,-2.161375379546129,1.768431182904002
48,1563238800,408,157,-251,565,29,-0.3106563313558047,-0.4605290881013034
48,1563253200,2,1,-1,3,29,-0.004465286076982819,-1.175370717689931
48,1563267600,173,1199,1026,1372,29,1.2533675279284175,0.565942789261726
48,1563282000,379,1472,1093,1851,29,1.335426728063142,1.1752117226655565
48,1563296400,1202,413,-789,1615,29,-0.9695794607958295,0.8750291166461327
48,1563310800,2184,272,-1912,2456,29,-2.344989636188297,1.9447476406390791
48,1563325200,397,171,-226,568,29,-0.28003722682792254,-0.4567132075163107
48,1563339600,1,0,-1,1,29,-0.004465286076982819,-1.1779146380799261
48,1563352757,143,1514,1371,1657,29,1.675911170413192,0.9284514448360301
48,1563352838,5,23,18,28,29,0.018805233364207644,-1.1435717128149923
48,1563352918,5,21,16,26,29,0.01635570500197707,-1.1461156332049873
48,1563354000,44,343,299,387,29,0.36296396825760346,-0.6869380028108688
48,1563368400,275,1252,977,1527,29,1.1933540830537683,0.7630966194863475
48,1563382800,1050,261,-789,1311,29,-0.9695794607958295,0.488353217366875
48,1563397200,2134,294,-1840,2428,29,-2.2568066151479966,1.9091327551791475
48,1563411600,387,188,-199,575,29,-0.2469685939378098,-0.4478094861513278
48,1563426000,1,2,1,3,29,-0.0020157577147522443,-1.175370717689931
48,1563440400,187,2062,1875,2249,29,2.2931923176952966,1.6814518802745846
48,1563454800,496,967,471,1463,29,0.573623407409433,0.6816911670065038
48,1563469200,1110,492,-618,1602,29,-0.7601447858251154,0.8584936341111644
48,1563483600,2020,270,-1750,2290,29,-2.146577838847621,1.7336022482694844
48,1563498000,432,195,-237,627,29,-0.2935096328201907,-0.3816675560114548
48,1563512400,1,1,0,2,29,-0.0032405218958675317,-1.1766426778849286
48,1563526249,134,1398,1264,1532,29,1.544861403033856,0.7694564204613353
48,1563526329,5,24,19,29,29,0.020029997545322933,-1.1422997526199945
48,1563526411,5,30,25,35,29,0.02737858263201466,-1.1346679914500093
48,1563526800,16,93,77,109,29,0.09106632005000961,-1.04054293702019
48,1563541200,309,1291,982,1600,29,1.1994779039593448,0.8559497137211693
48,1563555600,1257,478,-779,1735,29,-0.9573318189846766,1.0276643400458396
48,1563570000,1389,319,-1070,1708,29,-1.3137381956892251,0.9933214147809056
48,1563584400,464,215,-249,679,29,-0.30820680299357417,-0.3155256258715818
48,1563598800,44,28,-16,72,29,-0.02283674879371213,-1.0876054642350996
48,1563613200,71,331,260,402,29,0.31519816519410726,-0.6678585998859053
48,1563627600,199,418,219,617,29,0.26498283376838044,-0.39438715796143037
48,1563642000,299,317,18,616,29,0.018805233364207644,-0.39565911815642796
48,1563656400,299,239,-60,538,29,-0.0767263727627848,-0.4948720133662375
48,1563670800,281,191,-90,472,29,-0.1134692981962434,-0.5788213862360764
48,1563685200,34,24,-10,58,29,-0.015488163707020408,-1.1054129069650653
48,1563699600,67,205,138,272,29,0.16577693509804214,-0.833213425235588
48,1563714000,199,317,118,516,29,0.1412816514757364,-0.5228551376561837
48,1563728400,258,282,24,540,29,0.026153818450899372,-0.49232809297624236
48,1563742800,232,298,66,530,29,0.07759391405774145,-0.5050476949262179
48,1563757200,198,142,-56,340,29,-0.07182731603832364,-0.746720131975754
48,1563771600,26,45,19,71,29,0.020029997545322933,-1.0888774244300972
48,1563786000,179,1870,1691,2049,29,2.067835708370084,1.427059841275073
48,1563800400,297,1389,1092,1686,29,1.3342019638820266,0.9653382904909593
48,1563814800,1102,484,-618,1586,29,-0.7601447858251154,0.8381422709912035
48,1563829200,1786,315,-1471,2101,29,-1.8048686323164556,1.493201771414946
48,1563843600,356,98,-258,454,30,-0.34196231384664266,-0.8353442416316282
48,1563858000,1,1,0,2,30,-0.056726101634940726,-1.4121519775329425
48,1563872400,204,1803,1599,2007,30,1.711075074049212,1.1464752580470021
48,1563886800,268,1579,1311,1847,30,1.3926718604175448,0.9422955285244131
48,1563901200,1102,495,-607,1597,30,-0.7278050970322395,0.6232647011453676
48,1563915600,2165,234,-1931,2399,30,-2.1915754263667098,1.6467155953773454
48,1563930000,406,185,-221,591,30,-0.3010563454286854,-0.6605153482279114
48,1563944400,1,1,0,2,30,-0.056726101634940726,-1.4121519775329425
48,1563958800,196,1764,1568,1960,30,1.6768025059152478,1.0864974624997417
48,1563973200,311,1520,1209,1831,30,1.2799040555896626,0.9218775555721541
48,1563987600,1113,514,-599,1627,30,-0.7189605633202488,0.6615484004308531
48,1564002000,2067,271,-1796,2338,30,-2.042323919976866,1.5688720734968584
48,1564016400,436,234,-202,670,30,-0.2800505778627074,-0.559701606776133
48,1564030800,12,11,-1,23,30,-0.05783166834893957,-1.3853533880331026
48,1564045200,180,1678,1498,1858,30,1.5994128359353286,0.9563328849290911
48,1564059600,317,1446,1129,1763,30,1.191458718469755,0.8351011705250538
48,1564074000,1087,611,-476,1698,30,-0.5829758574983909,0.752153155406502
48,1564088400,1958,392,-1566,2350,30,-1.7880435757571316,1.5841855532110525
48,1564102800,428,178,-250,606,30,-0.3331177801346519,-0.6413734985851686
48,1564117200,2,4,2,6,30,-0.054514968206943036,-1.4070474842948777
48,1564131600,165,1557,1392,1722,30,1.4822227642514512,0.7827801148348903
48,1564146000,303,1339,1036,1642,30,1.0886410140678624,0.6806902500735957
48,1564160400,1246,475,-771,1721,30,-0.90911803812805,0.7815039915253742
48,1564174800,1462,325,-1137,1787,30,-1.3137554554516273,0.8657281299534422
48,1564189200,478,306,-172,784,30,-0.246883576442742,-0.41422354949128826
48,1564203600,50,40,-10,90,30,-0.06778176877492917,-1.2998531262955184
48,1564218000,76,388,312,464,30,0.28821071313269886,-0.8225830085364665
48,1564232400,207,414,207,621,30,0.17212620816282015,-0.6222316489424259
48,1564246800,309,359,50,668,30,-0.0014477659349984879,-0.5622538533951653
48,1564261200,350,332,-18,682,30,-0.07662630248691993,-0.5443881270619388
48,1564275600,297,304,7,601,30,-0.048987134636948815,-0.6477541151327495
48,1564290000,46,28,-18,74,30,-0.07662630248691993,-1.3202710992477773
48,1564304400,62,257,195,319,30,0.15885940759483402,-1.0076208884163127
48,1564318800,225,359,134,584,30,0.09141983804090448,-0.6694482113945246
48,1564333200,252,367,115,619,30,0.07041407047492643,-0.6247838955614582
48,1564347600,247,357,110,604,30,0.0648862369049322,-0.643925745204201
48,1564362000,224,166,-58,390,30,-0.12084897104687373,-0.9170161334406639
48,1564376400,30,51,21,81,30,-0.033509200640964985,-1.311338236081164
48,1564390800,169,1765,1596,1934,30,1.7077583739072155,1.053318256452321
48,1564405200,297,1338,1041,1635,30,1.0941688476378566,0.6717573869069825
48,1564419600,1046,527,-519,1573,30,-0.6305152262003412,0.5926377417169792
48,1564434000,2052,285,-1767,2337,30,-2.0102624852708995,1.5675959501873422
48,1564448400,454,192,-262,646,31,-0.2704034350560324,-0.8119864935114556
48,1564462800,38,49,11,87,31,-0.005669147879795438,-1.5211207139594483
48,1564476005,130,1506,1376,1636,31,1.3180022880013893,0.44390416524259235
48,1564476085,5,21,16,26,31,-0.0008205345615493402,-1.5985038757614654
48,1564477200,53,366,313,419,31,0.28718709654226887,-1.0999533415287979
48,1564491600,298,1587,1289,1885,31,1.2336364162639073,0.7597796945655801
48,1564506000,1176,576,-600,1752,31,-0.5981696953694686,0.5910590303087232
48,1564520400,2064,258,-1806,2322,31,-1.7676552277304274,1.3141475914095386
48,1564534800,494,168,-326,662,31,-0.33246568552958244,-0.7916892707437134
48,1564549200,36,51,15,87,31,-0.0017902572251985598,-1.5211207139594483
48,1564563600,189,1930,1741,2119,31,1.6719510602333545,1.0566265775438097
48,1564578000,307,1397,1090,1704,31,1.0406616061977125,0.5301673620054966
48,1564592400,1158,557,-601,1715,31,-0.5991394180331178,0.5441217026583194
48,1564606800,2128,296,-1832,2424,31,-1.792868016985307,1.4435423865538952
48,1564621200,505,179,-326,684,31,-0.33246568552958244,-0.7637805894380678
48,1564635600,45,57,12,102,31,-0.004699425216146218,-1.50209206761469
48,1564650000,173,1786,1613,1959,31,1.5478265592862543,0.8536543498663878
48,1564664400,328,1407,1079,1735,31,1.029994656897571,0.5694932311179972
48,1564678800,1101,530,-571,1631,31,-0.5700477381236412,0.43756128312767295
48,1564693200,2020,271,-1749,2291,31,-1.7123810359024219,1.2748217222970382
48,1564707600,498,180,-318,678,31,-0.3247079042203887,-0.7713920479759712
48,1564722000,54,57,3,111,31,-0.013426929188989195,-1.490674879807835
48,1564736400,160,1598,1438,1758,31,1.378125093147641,0.5986704888466265
48,1564750800,300,1162,862,1462,31,0.8195648388856904,0.22317186764339605
48,1564765200,1320,450,-870,1770,31,-0.8599948145547579,0.6138934059224332
48,1564779600,1466,307,-1159,1773,31,-1.1402446643493824,0.6176991351913849
48,1565398800,6381,212,-6169,6593,32,-3.852931603093797,3.80290545958742
48,1565413200,53,43,-10,96,32,0.15600055313799077,-0.6807580334754937
48,1565427600,83,386,303,469,32,0.3597342379732805,-0.42334592282250516
48,1565442000,215,385,170,600,32,0.27316369457681555,-0.3329411332902223
48,1565456400,351,433,82,784,32,0.21588393654005675,-0.2059603602067105
48,1565470800,356,317,-39,673,32,0.13712426923951346,-0.2825628917951334
48,1565485200,283,310,27,593,32,0.1800840877670825,-0.3377719235705733
48,1565499600,40,33,-7,73,32,0.1579532721619712,-0.6966306301109327
48,1565514000,72,237,165,309,32,0.2699091628701815,-0.533763986373385
48,1565528400,236,406,170,642,32,0.27316369457681555,-0.3039563916081163
48,1565542800,273,368,95,641,32,0.2243457189773052,-0.30464650450530933
48,1565557200,290,365,75,655,32,0.21132759215076913,-0.29498492394460735
48,1565571600,234,177,-57,411,32,0.12540795509563096,-0.46337247085969907
48,1565586000,33,69,36,102,32,0.18594224483902375,-0.6766173560923358
48,1565600400,155,1629,1474,1784,32,1.1219455636669684,0.4841525369862884
48,1565614800,284,1327,1043,1611,32,0.8414049305551158,0.3647630057718996
48,1565629200,971,475,-496,1446,32,-0.16033992874683614,0.2508943777350548
48,1565643600,1679,323,-1356,2002,32,-0.7201193822878879,0.6345971485743622
48,1565658000,437,157,-280,594,33,-0.33851969604716914,-0.47471168443576994
48,1565672400,43,53,10,96,33,-0.012834869992309728,-1.0612588011452786
48,1565686800,168,1870,1702,2038,33,1.887367632369146,1.2260393929307574
48,1565701200,305,1650,1345,1955,33,1.4864383809843706,1.1282815401458393
48,1565715600,1076,523,-553,1599,33,-0.6451126529884679,0.7089827980804073
48,1565730000,2027,293,-1734,2320,33,-1.9714360308187744,1.5581805313084311
48,1565744400,528,136,-392,664,33,-0.4643014219718045,-0.3922653025689715
48,1565758800,40,55,15,95,33,-0.007219614370674221,-1.0624366066005186
48,1565773200,195,1820,1625,2015,33,1.800892695795959,1.198949867460238
48,1565787600,303,1595,1292,1898,33,1.4269166713950343,1.0611466291971605
48,1565802000,1200,493,-707,1693,33,-0.8180625261348414,0.8196965108729652
48,1565816400,1949,272,-1677,2221,33,-1.9074221167321297,1.4415777912396732
48,1565830800,510,165,-345,675,33,-0.4115180191284307,-0.37930944256133176
48,1565845200,39,55,16,94,33,-0.00609656324634712,-1.0636144120557587
48,1565859600,187,1657,1470,1844,33,1.6268197715252584,0.9975451346142018
48,1565874000,330,1466,1136,1796,33,1.2517206960000065,0.9410104727626829
48,1565888400,1129,606,-523,1735,33,-0.6114211192586548,0.8691643399930443
48,1565902800,1920,292,-1628,2212,33,-1.8523926116401017,1.4309775421425135
48,1565917200,499,137,-362,636,33,-0.4306098882419915,-0.42524385531569087
48,1565931600,60,49,-11,109,33,-0.03641894360317886,-1.045947330227159
48,1565946000,145,1501,1356,1646,33,1.4987919433519687,0.7643396544766863
48,1565960400,351,1154,803,1505,33,0.8777446715990816,0.5982690852878495
48,1565974800,1185,490,-695,1675,33,-0.8045859126429162,0.7984960126786457
48,1565989200,1362,289,-1073,1651,33,-1.2290992376385603,0.7702286817528862
48,1566003600,477,180,-297,657,33,-0.3576115651607299,-0.40050994075565133
48,1566018000,51,22,-29,73,33,-0.05663386384106669,-1.088348326615798
48,1566032400,66,113,47,179,33,0.028718021607793024,-0.9635009483603606
48,1566046800,12,16,4,28,33,-0.019573176738272337,-1.1413495721015972
48,1566061200,0,1,1,1,33,-0.022942330111253642,-1.1731503193930766
48,1566075600,7,5,-2,12,33,-0.026311483484234944,-1.1601944593854367
48,1566090000,3,7,4,10,33,-0.019573176738272337,-1.1625500702959166
48,1566104400,3,8,5,11,33,-0.018450125613945236,-1.1613722648406768
48,1566118800,3,21,18,24,33,-0.0038504609976929174,-1.146060793922557
48,1566133200,62,49,-13,111,33,-0.038665045851833064,-1.043591719316679
48,1566147600,108,101,-7,209,33,-0.031926739105870454,-0.9281667847031613
48,1566162000,141,176,35,317,33,0.015241408115867806,-0.8009637955372436
48,1566176400,124,114,-10,238,33,-0.03529589247885176,-0.8940104265012019
48,1566190800,17,39,22,56,33,0.0006417434996154883,-1.1083710193548777
48,1566205200,159,1756,1597,1915,33,1.7694472643148003,1.0811693219362402
48,1566219600,298,1261,963,1559,33,1.057432851491418,0.6618705798708082
48,1566234000,1020,476,-544,1496,33,-0.635005192869524,0.5876688361906897
48,1566248400,1949,265,-1684,2214,33,-1.9152834746024194,1.4333331530529934
48,1566262800,368,141,-227,509,34,-0.2999901276106245,-0.7236048184757913
48,1566277200,3,7,4,10,34,-0.02329992720390533,-1.389129450310418
48,1566291600,164,1529,1365,1693,34,1.6068964483525654,0.8555157508472504
48,1566306000,300,1497,1197,1797,34,1.4056672116931332,0.9942222873418419
48,1566320400,1069,488,-581,1557,34,-0.7240088762858564,0.6741302800466308
48,1566334800,2035,330,-1705,2365,34,-2.0703282929834854,1.7517733712738417
48,1566349200,428,228,-200,656,34,-0.2676497145760729,-0.5275484640074745
48,1566363600,42,60,18,102,34,-0.006530824148952658,-1.266427514180587
48,1566378000,176,1871,1695,2047,34,2.002168163219307,1.3276514616076869
48,1566392400,325,1486,1161,1811,34,1.3625466609803978,1.0128943211007293
48,1566406800,1138,495,-643,1633,34,-0.7982720469577896,0.7754927490234477
48,1566421200,1935,280,-1655,2215,34,-2.0104386392157974,1.5517158667143347
48,1566435600,477,195,-282,672,34,-0.3658687467550814,-0.5062089968544604
48,1566450000,38,48,10,86,34,-0.016113168751782758,-1.287766981333601
48,1566464400,191,1761,1570,1952,34,1.8524440288000867,1.2009483753866659
48,1566478800,262,1531,1269,1793,34,1.4919083131186042,0.9888874205535884
48,1566493200,1064,524,-540,1588,34,-0.6748993601963521,0.7154754976555955
48,1566507600,1965,321,-1644,2286,34,-1.997262915386906,1.6464097522058347
48,1566522000,437,243,-194,680,34,-0.2604629561239503,-0.4955392632779534
48,1566536400,52,51,-1,103,34,-0.029288892580674145,-1.2650937974835235
48,1566550800,175,1561,1386,1736,34,1.6320501029349943,0.9128655688209757
48,1566565200,324,1198,874,1522,34,1.018780048353868,0.6274501956494124
48,1566579600,1199,481,-718,1680,34,-0.8881065276093218,0.8381774337854264
48,1566594000,1381,366,-1015,1747,34,-1.2438510709893893,0.9275364524886729
48,1566608400,440,218,-222,658,34,-0.29400116223385564,-0.5248810306133478
48,1566622800,54,21,-33,75,34,-0.06761827099199454,-1.3024378650012982
48,1566637200,79,311,232,390,34,0.2497968939767525,-0.8823171054263336
48,1566651600,241,342,101,583,34,0.09288600110540964,-0.6249097828931012
48,1566666000,334,325,-9,659,34,-0.03887123718350424,-0.5235473139162844
48,1566680400,323,281,-42,604,34,-0.0783984086701784,-0.5969017322547703
48,1566694800,266,220,-46,486,34,-0.08318958097159344,-0.7542803025082491
48,1566709200,39,28,-11,67,34,-0.041266823334211764,-1.3131075985778051
48,1566723600,65,212,147,277,34,0.1479844825716827,-1.0330270921944955
48,1566738000,230,334,104,564,34,0.09647938033147092,-0.6502504001373054
48,1566752400,216,296,80,512,34,0.06773234652298062,-0.7196036683846012
48,1566766800,255,231,-24,486,34,-0.05683813331381068,-0.7542803025082491
48,1566781200,198,135,-63,333,34,-0.10355206325260741,-0.9583389571589462
48,1566795600,17,40,23,57,34,-0.0005418587721838452,-1.326444765548439
48,1566810000,167,776,609,943,34,0.7013648833851209,-0.14477177195028448
48,1566824400,287,1258,971,1545,34,1.134965976663183,0.6581256796818702
48,1566838800,1006,490,-516,1496,34,-0.6461523263878618,0.5927735615257645
48,1566853200,1825,365,-1460,2190,34,-1.7768689895218135,1.5183729492877502
48,1566867600,425,263,-162,688,35,-0.33041332410337765,-0.40313100441928984
48,1566882000,37,39,2,76,35,-0.1558687289331909,-1.1361068364623985
48,1566896400,188,2494,2306,2682,35,2.2962699739455306,1.9850288143616883
48,1566910800,287,1777,1490,2064,35,1.42780418334265,1.2448669447495295
48,1566925200,1032,457,-575,1489,35,-0.7699677009648845,0.5562050110488965
48,1566939600,1933,277,-1656,2210,35,-1.9204720142512985,1.4197271922630816
48,1566954000,414,284,-130,698,35,-0.296355842118951,-0.3911542751375397
48,1566968400,42,63,21,105,35,-0.13564709900493754,-1.101374321545323
48,1566982800,195,2337,2142,2532,35,2.1217253787753436,1.8053778751354363
48,1566997200,314,1583,1269,1897,35,1.1925946983877032,1.0448555657443022
48,1567011600,1057,488,-569,1545,35,-0.7635819230928046,0.6232746950266973
48,1567026000,1940,203,-1737,2143,35,-2.0066800155243785,1.3394831060753558
48,1567040400,458,228,-230,686,35,-0.40278547332028436,-0.4055263502756399
48,1567054800,40,63,23,103,35,-0.1335185063809109,-1.103769667401673
48,1567069200,192,2527,2335,2719,35,2.3271345669939176,2.029342712704164
48,1567083600,302,1998,1696,2300,35,1.6470492236173968,1.5275177557988329
48,1567098000,1043,476,-567,1519,35,-0.761453330468778,0.5921351988941469
48,1567112400,1834,157,-1677,1991,35,-1.9428222368035786,1.1574368209927537
48,1567126800,490,277,-213,767,35,-0.3846924360160577,-0.3085148430934637
48,1567141200,41,46,5,87,35,-0.1526758399971509,-1.1229324342524734
48,1567155600,138,2072,1934,2210,35,1.9003517458765702,1.4197271922630816
48,1567170000,355,1489,1134,1844,35,1.048914696265903,0.9813789005510265
48,1567184400,1242,516,-726,1758,35,-0.930676444078898,0.8783790287279752
48,1567198800,968,275,-693,1243,35,-0.895554665782458,0.261577470717843
48,1567213200,428,230,-198,658,35,-0.3687279913358577,-0.43906119226454027
48,1567227600,45,37,-8,82,35,-0.16651169205332422,-1.1289207988933485
48,1567242000,65,310,245,375,35,0.10275527488604926,-0.7780026309380693
48,1567256400,243,360,117,603,35,-0.03347465305165749,-0.504933203314166
48,1567270800,293,298,5,591,35,-0.1526758399971509,-0.5193052784522663
48,1567285200,276,333,57,609,35,-0.09733243177245753,-0.49774716574511596
48,1567299600,282,262,-20,544,35,-0.17928324779748425,-0.5755959060764919
48,1567314000,33,39,6,72,35,-0.15161154368513757,-1.1408975281750986
48,1567328400,48,208,160,256,35,0.01229008836491587,-0.920525709390896
48,1567342800,241,276,35,517,35,-0.12074695063675088,-0.6079330751372173
48,1567357200,223,263,40,486,35,-0.1154254690766842,-0.6450609359106427
48,1567371600,262,253,-9,515,35,-0.16757598836533757,-0.6103284209935673
48,1567386000,212,223,11,435,35,-0.1462900621250709,-0.7061422552475685
48,1567400400,26,33,7,59,35,-0.15054724737312422,-1.1564672762413737
48,1567414800,51,273,222,324,35,0.07827645970974258,-0.839083950274995
48,1567429200,183,326,143,509,35,-0.0058029489393108084,-0.6175144585626174
48,1567443600,254,270,16,524,35,-0.14096858056500422,-0.5995493646399922
48,1567458000,267,251,-16,518,35,-0.1750260625494309,-0.6067354022090423
48,1567472400,214,173,-41,387,36,-0.18347187616430571,-0.9648848216586637
48,1567486800,18,36,18,54,36,-0.12794631325087757,-1.3500786081437375
48,1567501200,172,2531,2359,2703,36,2.0751950898056526,1.7141206122735606
48,1567515600,239,1990,1751,2229,36,1.5029994584265962,1.1658267540335456
48,1567530000,909,444,-465,1353,36,-0.5825030401523316,0.1525241805773158
48,1567544400,1870,173,-1697,2043,36,-1.7419520826835766,0.9506734678887298
48,1567558800,443,177,-266,620,36,-0.3952219042239893,-0.6953648449288675
48,1567573200,37,48,11,85,36,-0.1345340919016233,-1.3142197271196014
48,1567587600,196,2663,2467,2859,36,2.1768351032743003,1.8945717554917934
48,1567602000,278,2050,1772,2328,36,1.5227627943788333,1.2803438256912703
48,1567616400,1058,548,-510,1606,36,-0.6248530457642684,0.4451789192581676
48,1567630800,2073,289,-1784,2362,36,-1.8238287601999876,1.3196729210080647
48,1567645200,477,205,-272,682,36,-0.40086857163891415,-0.6236470828805954
48,1567659600,53,116,63,169,36,-0.08559630763894087,-1.2170537269251684
48,1567674000,200,2035,1835,2235,36,1.5820528022355447,1.1727671826188624
48,1567688400,314,1605,1291,1919,36,1.070088289949021,0.8072379437921858
48,1567702800,1114,553,-561,1667,36,-0.67284971879113,0.5157399432088868
48,1567717200,2097,307,-1790,2404,36,-1.8294754276149126,1.3682559211052812
48,1567731600,474,245,-229,719,36,-0.36040078849861906,-0.5808477732711429
48,1567746000,51,54,3,105,36,-0.14206298178818982,-1.291084965168546
48,1567760400,164,1887,1723,2051,36,1.4766483438236133,0.959927372669152
48,1567774800,365,1514,1149,1879,36,0.9364504944624651,0.7609684198900749
48,1567789200,1190,523,-667,1713,36,-0.7726075097881364,0.5689498956963144
48,1567803600,1828,319,-1509,2147,36,-1.5650231703492632,1.0709742300342182
48,1567818000,477,352,-125,829,36,-0.26252521997325423,-0.4536065825403377
48,1567832400,59,27,-32,86,36,-0.1750018750419184,-1.3130629890220487
48,1567846800,70,427,357,497,36,0.19109039569237896,-0.8376436309278587
48,1567861200,233,491,258,724,36,0.0979203833461182,-0.575064082783379
48,1567875600,352,480,128,832,36,-0.02442407731058785,-0.4501363682476794
48,1567890000,372,458,86,830,36,-0.06395074921506211,-0.45244984444278497
48,1567904400,291,264,-27,555,36,-0.1702963188628143,-0.7705528212697977
48,1567918800,43,39,-4,82,36,-0.14865076043893552,-1.3176899414122598
48,1567933200,67,262,195,329,36,0.03863037548940681,-1.0319756313167248
48,1567947600,250,417,167,667,36,0.012279260886423967,-0.6409981543438871
48,1567962000,258,415,157,673,36,0.0028681485282158093,-0.6340577257585704
48,1567976400,250,358,108,608,36,-0.04324630202700416,-0.7092457020995008
48,1567990800,223,257,34,480,36,-0.11288853347774454,-0.8573081785862559
48,1568005200,26,40,14,66,36,-0.13171075819416084,-1.3361977509731042
48,1568019600,184,1904,1720,2088,36,1.473825010116151,1.0027266822786045
48,1568034000,307,1491,1184,1798,36,0.9693893877161937,0.6672726339883002
48,1568048400,1102,475,-627,1577,36,-0.7349630603553038,0.41163351442913715
48,1568062800,2013,235,-1778,2248,36,-1.8181820927850627,1.1878047778870484
48,1568077200,440,154,-286,594,37,-0.344053196782087,-0.7447371212104806
48,1568091600,38,40,2,78,37,-0.059046521787146276,-1.3728971154065392
48,1568106000,185,2102,1917,2287,37,1.8360499456271295,1.3162606892041075
48,1568120400,266,1540,1274,1806,37,1.1997329594405084,0.7307084465523551
48,1568134800,1135,520,-615,1655,37,-0.6696337387033907,0.5468864327469193
48,1568149200,2215,289,-1926,2504,37,-1.9670078738366106,1.5804287487788067
48,1568163600,485,195,-290,680,37,-0.3480116228236834,-0.6400437888444708
48,1568178000,46,58,12,104,37,-0.04915045668315528,-1.3412456428307689
48,1568192400,177,2042,1865,2219,37,1.7845904070863763,1.2334799147751696
48,1568206800,343,1651,1308,1994,37,1.2333795807940777,0.9595729405617719
48,1568221200,1079,562,-517,1641,37,-0.572652300684279,0.5298433321291968
48,1568235600,2154,263,-1891,2417,37,-1.932371645972642,1.4745180520829595
48,1568250000,494,172,-322,666,37,-0.37967903115645457,-0.6570868894621933
48,1568264400,52,53,1,105,37,-0.06003612829754538,-1.3400282785009316
48,1568278800,180,1884,1704,2064,37,1.6252637589121213,1.0447884436503845
48,1568293200,310,1634,1324,1944,37,1.2492132849604634,0.8987047240699058
48,1568307600,1283,512,-771,1795,37,-0.8240123543256502,0.7173174389241446
48,1568322000,2133,306,-1827,2439,37,-1.8690368293070996,1.5013000673393806
48,1568336400,525,213,-312,738,37,-0.3697829660524636,-0.5694366577139061
48,1568350800,59,59,0,118,37,-0.06102573480794447,-1.3242025422130463
48,1568365200,167,1765,1598,1932,37,1.5203654688098167,0.8840963521118578
48,1568379600,288,1443,1155,1731,37,1.0819697847030156,0.6394061218145559
48,1568394000,1183,550,-633,1733,37,-0.6874466558905745,0.6418408504742306
48,1568408400,1769,327,-1442,2096,37,-1.4880383228034462,1.0837441022051788
48,1568422800,518,288,-230,806,37,-0.2886352321997374,-0.48665588328496806
48,1568437200,73,27,-46,100,37,-0.10654763428630305,-1.3461151001501181
48,1568451600,86,402,316,488,37,0.251689922478171,-0.8737777401732368
48,1568466000,234,482,248,716,37,0.18439667977103225,-0.5962186729703272
48,1568480400,390,465,75,855,37,0.013194753471987997,-0.42700503112293925
48,1568494800,424,346,-78,770,37,-0.13821504261907425,-0.5304809991591117
48,1568509200,317,302,-15,619,37,-0.07586983246393096,-0.7143030129645475
48,1568523600,66,37,-29,103,37,-0.08972432360951836,-1.3424630071606063
48,1568538000,65,257,192,322,37,0.12897871518868267,-1.0758602189262325
48,1568552400,204,445,241,649,37,0.17746943419823855,-0.6777820830694278
48,1568566800,294,353,59,647,37,-0.002638950694397597,-0.6802168117291024
48,1568581200,307,344,37,651,37,-0.02441029392317779,-0.6753473544097531
48,1568595600,265,202,-63,467,37,-0.12337094496308774,-0.8993423910998206
48,1568610000,18,55,37,73,37,-0.02441029392317779,-1.378983937055726
48,1568624400,175,1939,1764,2114,37,1.6846401495360672,1.1056566601422506
48,1568638800,280,1555,1275,1835,37,1.2007225659509075,0.7660120121176375
48,1568653200,1071,537,-534,1608,37,-0.5894756113610636,0.4896703092445651
48,1568667600,2233,246,-1987,2479,37,-2.0273738709709552,1.5499946405328735
48,1568682000,393,148,-245,541,38,-0.3375195678607962,-0.8123070284080747
48,1568696400,1,1,0,2,38,-0.1159234246024798,-1.4154032374239152
48,1568710800,172,1885,1713,2057,38,1.4334406300975038,0.8839709917552173
48,1568725200,290,1610,1320,1900,38,1.077982326830082,0.7083010384797312
48,1568739600,1136,527,-609,1663,38,-0.6667481235588663,0.4431177332167364
48,1568754000,2162,260,-1902,2422,38,-1.8362330755303078,1.2923756601982264
48,1568768400,493,160,-333,653,38,-0.417113284622967,-0.6869883356255623
48,1568782800,43,41,-2,84,38,-0.11773237271071095,-1.3236520516367187
48,1568797200,195,2353,2158,2548,38,1.8359315841789356,1.4333591895785527
48,1568811600,262,2147,1885,2409,38,1.5890101674053831,1.277829740500256
48,1568826000,1139,560,-579,1699,38,-0.639613901935399,0.4833987416111154
48,1568840400,2169,293,-1876,2462,38,-1.8127167501233026,1.3371323361919807
48,1568854800,510,216,-294,726,38,-0.38183879651245944,-0.6053074019369605
48,1568869200,49,49,0,98,38,-0.1159234246024798,-1.3079872150389047
48,1568883600,198,2349,2151,2547,38,1.8296002658001267,1.4322402726787087
48,1568898000,292,2037,1745,2329,38,1.4623837998292024,1.1883163885127472
48,1568912400,1190,570,-620,1760,38,-0.6766973381541377,0.5516526725015909
48,1568926800,2172,296,-1876,2468,38,-1.8127167501233026,1.3438458375910438
48,1568941200,505,208,-297,713,38,-0.3845522186748062,-0.6198533216349307
48,1568955600,52,53,1,105,38,-0.11501895054836422,-1.3001547967399976
48,1568970000,173,1899,1726,2072,38,1.4451987928010064,0.9007547452528752
48,1568984400,302,1551,1249,1853,38,1.013764668987876,0.6557119441870699
48,1568998800,1154,554,-600,1708,38,-0.6586078570718261,0.49346899370971015
48,1569013200,1650,356,-1294,2006,38,-1.2863128506280368,0.8269062298631805
48,1569027600,537,189,-348,726,38,-0.43068039543470066,-0.6053074019369605
48,1569042000,74,40,-34,114,38,-0.14667554244240943,-1.2900845446414029
48,1569056400,80,490,410,570,38,0.25491093758490685,-0.7798584383126027
48,1569070800,208,550,342,758,38,0.1934067019050476,-0.569502061141957
48,1569085200,355,483,128,838,38,-0.00015074567568592096,-0.47998870915444813
48,1569099600,393,368,-25,761,38,-0.13853527595536924,-0.5661453104424254
48,1569114000,345,200,-145,545,38,-0.24707216244923846,-0.8078313608086992
48,1569128400,44,41,-3,85,38,-0.11863684676482654,-1.3225331347368747
48,1569142800,56,322,266,378,38,0.12466667379226373,-0.9946904830826239
48,1569157200,212,469,257,681,38,0.11652640730522354,-0.6556586624299342
48,1569171600,285,407,122,692,38,-0.005577590000379384,-0.6433505765316517
48,1569186000,312,347,35,659,38,-0.0842668327084346,-0.6802748342264991
48,1569200400,283,143,-140,426,38,-0.24254979217866057,-0.9409824718901185
48,1569214800,25,62,37,87,38,-0.08245788460020345,-1.3202953009371872
48,1569229200,195,2144,1949,2339,38,1.64689650686878,1.199505557511186
48,1569243600,277,2151,1874,2428,38,1.5790609528101118,1.2990891615972895
48,1569258000,1193,539,-654,1732,38,-0.7074494559940673,0.5203229993059628
48,1569272400,2339,230,-2109,2569,38,-2.023459204732232,1.4568564444752736
48,1569286800,566,179,-387,745,39,-0.4545333292170468,-0.6135958662669253
48,1569301200,46,59,13,105,39,-0.08216487303884491,-1.3460199030916045
48,1569315600,234,2170,1936,2404,39,1.7079964800378606,1.2849845666895476
48,1569330000,362,1718,1356,2080,39,1.168062218579468,0.9141948980470538
48,1569344400,1182,595,-587,1777,39,-0.6407175573061478,0.5674378931128699
48,1569358800,2291,313,-1978,2604,39,-1.9356288636658447,1.5138670781972599
48,1569373200,573,211,-362,784,39,-0.4312603007059092,-0.5689637765229214
48,1569387600,50,68,18,118,39,-0.07751026733661738,-1.3311425398436032
48,1569402000,190,2055,1865,2245,39,1.6419010790662298,1.1030229700409164
48,1569416400,342,2092,1750,2434,39,1.534845147914997,1.3193169434157044
48,1569430800,1203,588,-615,1791,39,-0.6667833492386219,0.5834596689184096
48,1569445200,2226,308,-1918,2534,39,-1.8797735952391146,1.4337581991695605
48,1569459600,594,193,-401,787,39,-0.4675662251832839,-0.5655305388503057
48,1569474000,53,66,13,119,39,-0.08216487303884491,-1.3299981272860646
48,1569488400,194,2016,1822,2210,39,1.601871470027073,1.0629685305270669
48,1569502800,408,1806,1398,2214,39,1.2071609064781792,1.067546180757221
48,1569517200,1248,595,-653,1843,39,-0.7021583525755511,0.6429691219104149
48,1569531600,2245,281,-1964,2526,39,-1.9225959676996076,1.424602898709252
48,1569546000,571,206,-365,777,39,-0.4340530641272457,-0.5769746644256913
48,1569560400,60,58,-2,118,39,-0.09612869014552748,-1.3311425398436032
48,1569574800,171,2162,1991,2333,39,1.7591971427623634,1.2037312751043099
48,1569589200,357,1758,1401,2115,39,1.2099536698995157,0.9542493375609035
48,1569603600,1258,558,-700,1816,39,-0.7459116461764899,0.6120699828568736
48,1569618000,1742,278,-1464,2020,39,-1.4571353974768555,0.8455301445947402
48,1569632400,513,242,-271,755,39,-0.3465464769253683,-0.6021517406915396
48,1569646800,71,58,-13,129,39,-0.10636882269042804,-1.318554001710679
48,1569661200,68,506,438,574,39,0.3134766116504946,-0.8092904136060193
48,1569675600,209,569,360,778,39,0.24086476269574525,-0.5758302518681527
48,1569690000,432,461,29,893,39,-0.06727013479171683,-0.44422280775121825
48,1569704400,411,336,-75,747,39,-0.16408593339804933,-0.6113070411518482
48,1569718800,296,251,-45,547,39,-0.1361582991846842,-0.8401895526595604
48,1569733200,54,43,-11,97,39,-0.10450698040953701,-1.355175203551913
48,1569747600,67,246,179,313,39,0.07236803627510889,-1.1079820911235836
48,1569762000,243,447,204,690,39,0.09564106478624651,-0.6765385569315462
48,1569776400,270,375,105,645,39,0.0034798718821415324,-0.7280371220207814
48,1569790800,277,376,99,653,39,-0.0021056549605314966,-0.7188818215604729
48,1569805200,247,187,-60,434,39,-0.15012211629136676,-0.9695081716614178
48,1569819600,20,45,25,65,39,-0.07099381935349885,-1.3917964053931469
48,1569834000,135,1953,1818,2088,39,1.5981477854652912,0.9233501985073623
48,1569848400,283,1927,1644,2210,39,1.4361675070277733,1.0629685305270669
48,1569862800,1092,428,-664,1520,39,-0.7123984851204517,0.2733238658254596
48,1569877200,1924,248,-1676,2172,39,-1.6544906792513026,1.0194808533406015
48,1569891600,436,163,-273,599,40,-0.349093906305349,-0.7301958852272805
48,1569906000,45,47,2,92,40,-0.07465648336587304,-1.341294422408137
48,1569920400,178,1809,1631,1987,40,1.5510110147010592,0.9427918260291863
48,1569934800,300,1547,1247,1847,40,1.1677965768510272,0.774046667833289
48,1569949200,994,571,-423,1565,40,-0.4987870460905177,0.43414570632441035
48,1569963600,2107,308,-1799,2415,40,-1.871972115053132,1.458669881085215
48,1569978000,467,172,-295,639,40,-0.37104890014050707,-0.6819829828855956
48,1569992400,48,48,0,96,40,-0.07665239189634195,-1.3364731321739685
48,1570006800,192,2058,1866,2250,40,1.7855302670311568,1.2597916589257647
48,1570021200,289,1684,1395,1973,40,1.315493808105727,0.9259173102095966
48,1570035600,1165,559,-606,1724,40,-0.6814126766284236,0.6257919931326079
48,1570050000,2208,308,-1900,2516,40,-1.9727654958418124,1.5804074594979693
48,1570064400,488,182,-306,670,40,-0.3820263970580861,-0.6446179835707898
48,1570078800,58,56,-2,114,40,-0.07864830042681087,-1.3147773261202103
48,1570093200,220,1890,1670,2110,40,1.5899312310452032,1.0910465007298673
48,1570107600,302,1937,1635,2239,40,1.555002831761997,1.2465331107818012
48,1570122000,1129,537,-592,1666,40,-0.6674413169151412,0.5558832847371648
48,1570136400,2186,306,-1880,2492,40,-1.9528064105371232,1.5514797180929585
48,1570150800,488,226,-262,714,40,-0.33811640938777,-0.5915837909949363
48,1570165200,48,58,10,106,40,-0.06667284924399737,-1.3244199065885471
48,1570179600,183,1854,1671,2037,40,1.5909291853104375,1.0030579539562925
48,1570194000,326,1617,1291,1943,40,1.2117065645213434,0.8897576334533329
48,1570208400,1145,532,-613,1677,40,-0.6883983564850649,0.5691418328811282
48,1570222800,1733,328,-1405,2061,40,-1.4787781345507556,1.0319856953613034
48,1570237200,492,193,-299,685,40,-0.37504071720144494,-0.6265381451926579
48,1570251600,76,41,-35,117,40,-0.11158079117954799,-1.3111613584445838
48,1570266000,101,428,327,529,40,0.24967865283532586,-0.8145684643252291
48,1570280400,264,432,168,696,40,0.09100392466304702,-0.6132795970486945
48,1570294800,393,490,97,883,40,0.020149171831400487,-0.3878842786013176
48,1570309200,358,407,49,765,40,-0.027752632899853504,-0.530112340509288
48,1570323600,327,205,-122,532,40,-0.19840281225494583,-0.8109524966496028
48,1570338000,47,37,-10,84,40,-0.08663193454868653,-1.3509370028764738
48,1570352400,69,256,187,325,40,0.10996505570250172,-1.0604542662678222
48,1570366800,239,397,158,636,40,0.08102438201070243,-0.6855989505612219
48,1570381200,291,445,154,736,40,0.0770325649497646,-0.5650666947070097
48,1570395600,300,351,51,651,40,-0.025756724369384587,-0.6675191121830901
48,1570410000,212,162,-50,374,40,-0.12655010515806486,-1.001393460899258
48,1570424400,24,59,35,83,40,-0.04172399261313592,-1.352142325435016
48,1570438800,174,1863,1689,2037,40,1.6088923620846578,1.0030579539562925
48,1570453200,279,1574,1295,1853,40,1.2156983815822813,0.7812786031845418
48,1570467600,1129,509,-620,1638,40,-0.695384036341706,0.5221342530979853
48,1570482000,2178,268,-1910,2446,40,-1.982745038494157,1.4960348804000208
48,1570496400,398,196,-202,594,41,-0.28387670411005755,-0.6488646959744692
48,1570510800,46,67,21,113,41,-0.0386009466658879,-1.2669505403764034
48,1570525200,204,1621,1417,1825,41,1.496847292760394,0.9329724650624981
48,1570539600,57,50,-7,107,41,-0.06939790275753252,-1.2746605509094837
48,1570554000,1230,480,-750,1710,41,-0.8866171304751023,0.7851972631784597
48,1570568400,2024,269,-1755,2293,41,-1.9920078759073467,1.5343532866427587
48,1570582800,470,172,-298,642,41,-0.3894662678528391,-0.587184611709827
48,1570597200,36,37,1,73,41,-0.06059877244563406,-1.3183506105969387
48,1570611600,153,1875,1722,2028,41,1.832314135901523,1.1938278214317137
48,1570626000,309,1394,1085,1703,41,1.1316833848166077,0.7762022508898662
48,1570640400,1040,509,-531,1549,41,-0.6457409381868818,0.578311980540806
48,1570654800,1991,299,-1692,2290,41,-1.9227147247011462,1.5304982813762185
48,1570669200,467,166,-301,633,41,-0.392765941719801,-0.5987496275094474
48,1570683600,41,64,23,105,41,-0.03640116408791329,-1.2772305544205105
48,1570698000,177,1934,1757,2111,41,1.8708103310160786,1.300482967139324
48,1570712400,296,1616,1320,1912,41,1.390157837728625,1.0447676177921619
48,1570726800,1131,628,-503,1759,41,-0.6149439820952373,0.8481623491986152
48,1570741200,2199,310,-1889,2509,41,-2.139393308631646,1.811913665833648
48,1570755600,527,203,-324,730,41,-0.4180634413665091,-0.47410445722464983
48,1570770000,66,54,-12,120,41,-0.07489735920246907,-1.2579555280878099
48,1570784400,180,1755,1575,1935,41,1.6706301164203885,1.0743226581689695
48,1570798800,346,1564,1218,1910,41,1.2779689262519196,1.042197614281135
48,1570813200,1194,591,-603,1785,41,-0.724933110993968,0.881572394841963
48,1570827600,1715,281,-1434,1996,41,-1.6389427721424208,1.1527077652552857
48,1570842000,519,223,-296,742,41,-0.38726648527486446,-0.4586844361584893
48,1570856400,67,40,-27,107,41,-0.09139572853727869,-1.2746605509094837
48,1570870800,84,345,261,429,41,0.225372962691066,-0.8608899856341763
48,1570885200,243,408,165,651,41,0.11978339894828442,-0.5756195959102066
48,1570899600,389,408,19,797,41,-0.040800729243862514,-0.3880093396052536
48,1570914000,370,330,-40,700,41,-0.10569431529411369,-0.5126545098900511
48,1570928400,273,399,126,672,41,0.07688763867777942,-0.5486345590444257
48,1570942800,40,36,-4,76,41,-0.0660982288905706,-1.3144956053303984
48,1570957200,64,225,161,289,41,0.1153838337923352,-1.040790231406049
48,1570971600,224,348,124,572,41,0.0746878560998048,-0.6771347345957635
48,1570986000,315,343,28,658,41,-0.030901707642976745,-0.5666245836216129
48,1571000400,274,324,50,598,41,-0.0067040992852559714,-0.6437246889524156
48,1571014800,211,322,111,533,41,0.06038926934296981,-0.7272498030607851
48,1571029200,30,50,20,80,41,-0.03970083795487521,-1.309355598308345
48,1571043600,132,1764,1632,1896,41,1.733323919892665,1.024207589703948
48,1571058000,228,1811,1583,2039,41,1.679429246732287,1.2079628407423608
48,1571072400,891,467,-424,1358,41,-0.5280525702652399,0.332876645237751
48,1571086800,1249,278,-971,1527,41,-1.1296931053412973,0.5500419419195117
48,1571101200,323,148,-175,471,42,-0.26204779925049204,-0.880376517311083
48,1571115600,0,1,1,1,42,-0.1033246484753661,-1.3955431874871895
48,1571130000,188,2007,1819,2195,42,1.5362133521449692,1.0092986728668059
48,1571144400,286,1596,1310,1882,42,1.0771787854146333,0.6662195925154838
48,1571158800,1179,509,-670,1688,42,-0.7084566608055338,0.45357632865555897
48,1571173200,2175,323,-1852,2498,42,-1.7744269120339369,1.3414167602356575
48,1571187600,502,209,-293,711,42,-0.3684644571565424,-0.6173126857317945
48,1571202000,37,42,5,79,42,-0.09971730413956778,-1.3100474422239208
48,1571216400,202,2114,1912,2316,42,1.62008410795228,1.1419266879546972
48,1571230800,339,1635,1296,1974,42,1.064553080239339,0.7670607279542111
48,1571245200,1298,511,-787,1809,42,-0.8139714826276346,0.5862043437434502
48,1571259600,2278,282,-1996,2560,42,-1.904291308122676,1.4093749167269738
48,1571274000,457,232,-225,689,42,-0.30713960344797103,-0.6414268702932293
48,1571288400,44,58,14,102,42,-0.09160077938402156,-1.284837158364239
48,1571302800,227,2361,2134,2588,42,1.8202917185890868,1.4400656970778907
48,1571317200,291,2181,1890,2472,42,1.6002437141053893,1.3129181784812347
48,1571331600,1241,583,-658,1824,42,-0.6976346277981389,0.6026458332171557
48,1571346000,2227,281,-1946,2508,42,-1.8591995039251972,1.3523777532181278
48,1571360400,541,216,-325,757,42,-0.39732321184292896,-0.5668921180124309
48,1571374800,54,54,0,108,42,-0.10422648455931567,-1.278260562574757
48,1571389200,198,2343,2145,2541,42,1.830211915512532,1.38854903006028
48,1571403600,305,2229,1924,2534,42,1.630906140959675,1.3808763349725508
48,1571418000,1237,493,-744,1730,42,-0.7751925310178027,0.49961249918193446
48,1571432400,1831,338,-1493,2169,42,-1.4506677578960379,0.980800091112383
48,1571446800,533,237,-296,770,42,-0.37116996540839114,-0.5526428271352195
48,1571461200,73,48,-25,121,42,-0.12677238665805515,-1.2640112716975453
48,1571475600,104,433,329,537,42,0.19247758706009596,-0.8080339636267787
48,1571490000,260,497,237,757,42,0.10950866733673464,-0.5668921180124309
48,1571504400,355,475,120,830,42,0.003993845514633853,-0.48687686924039736
48,1571518800,366,394,28,760,42,-0.07897507420872746,-0.5636038201176898
48,1571533200,332,193,-139,525,42,-0.2295817002283072,-0.8211871552057431
48,1571547600,50,43,-7,93,42,-0.11053933714696274,-1.2947020520484624
48,1571562000,64,272,208,336,42,0.08335542090219684,-1.0283499225744328
48,1571576400,213,441,228,654,42,0.10139214258118844,-0.6797903457318756
48,1571590800,280,449,169,729,42,0.04818381362816324,-0.5975828983633479
48,1571605200,218,345,127,563,42,0.010306698102280909,-0.7795353818723558
48,1571619600,225,126,-99,351,42,-0.19350825687032402,-1.0119084331007273
48,1571634000,18,62,44,80,42,-0.06454569686553419,-1.3089513429256738
48,1571648400,206,1922,1716,2128,42,1.4433242354981626,0.9358600198842545
48,1571662800,285,1788,1503,2073,42,1.251233149616902,0.8755745584806676
48,1571677200,1117,420,-697,1537,42,-0.7328062350721725,0.28806533462025663
48,1571691600,2172,294,-1878,2466,42,-1.7978746502166258,1.3063415826917524
48,1571706000,451,171,-280,622,43,-0.3512627500528602,-0.6872786012542117
48,1571720400,50,60,10,110,43,-0.06149774526831315,-1.2988248850863202
48,1571734800,193,2044,1851,2237,43,1.7780104402777253,1.2417199307552713
48,1571749200,334,1625,1291,1959,43,1.2184642241420482,0.9096694094558062
48,1571763600,1134,513,-621,1647,43,-0.6919864280926207,0.5370083927456151
48,1571778000,2233,303,-1930,2536,43,-1.999925708309766,1.598853405102538
48,1571792400,423,237,-186,660,43,-0.25733892091580013,-0.6418904005010474
48,1571806800,53,51,-2,104,43,-0.07348802132836338,-1.3059914430999777
48,1571821200,197,1944,1747,2141,43,1.6740947144239566,1.127055002536751
48,1571835600,297,1712,1415,2009,43,1.342363743429234,0.9693907262362855
48,1571850000,1128,584,-544,1712,43,-0.6150488233739652,0.6146461045602382
48,1571864400,2174,302,-1872,2476,43,-1.9419727073528565,1.5271878249659627
48,1571878800,549,166,-383,715,43,-0.45417928623495796,-0.5761969520425201
48,1571893200,53,55,2,108,43,-0.06949126264167997,-1.3012137377575395
48,1571907600,190,1963,1773,2153,43,1.7000736458873988,1.1413881185640662
48,1571922000,300,1563,1263,1863,43,1.1904869133352642,0.7950044812372858
48,1571936400,1185,540,-645,1725,43,-0.7159669802127212,0.6301736469231628
48,1571950800,2123,302,-1821,2425,43,-1.8910140340976431,1.4662720818498738
48,1571965200,499,232,-267,731,43,-0.3382732843211391,-0.5570861306727667
48,1571979600,75,52,-23,127,43,-0.09447100443345127,-1.2785196373809573
48,1571994000,203,1820,1617,2023,43,1.544200057106746,0.9861126949348198
48,1572008400,351,1546,1195,1897,43,1.1225420156616464,0.8356149766480118
48,1572022800,1216,552,-664,1768,43,-0.7349515839744674,0.6815339793543751
48,1572037200,1737,289,-1448,2026,43,-1.5183162865644153,0.9896959739416485
48,1572051600,480,203,-277,683,43,-0.34826518103784765,-0.6144185947820269
48,1572066000,67,82,15,149,43,-0.05650179690995889,-1.2522422579975463
48,1572080400,83,418,335,501,43,0.26323889802471373,-0.8318041878629717
48,1572094800,223,469,246,692,43,0.17431101724600792,-0.6036687577615406
48,1572109200,334,452,118,786,43,0.04641473927213886,-0.49139268221423943
48,1572123600,350,391,41,741,43,-0.030522865446516743,-0.5451418673166708
48,1572138000,298,187,-111,485,43,-0.1823996955404862,-0.8509150092327251
48,1572152400,42,31,-11,73,43,-0.08248072837340105,-1.3430186595038751
48,1572166800,50,231,181,281,43,0.10936368858740253,-1.0945779816970809
48,1572181200,164,400,236,564,43,0.1643191205292994,-0.7565553287195678
48,1572195600,235,374,139,609,43,0.06739772237722674,-0.7028061436171363
48,1572210000,245,260,15,505,43,-0.05650179690995889,-0.8270264825205333
48,1572224400,214,140,-74,354,43,-0.1454296776886647,-1.0073848591975811
48,1572238800,20,57,37,77,43,-0.03451962413320015,-1.3382409541614366
48,1572253200,193,1951,1758,2144,43,1.685085800812336,1.1306382815435798
48,1572267600,290,1565,1275,1855,43,1.2024771893953146,0.7854490705524091
48,1572282000,1082,541,-541,1623,43,-0.6120512543589526,0.5083421606909849
48,1572296400,2125,270,-1855,2395,43,-1.924986482934452,1.4304392917815862
48,1572310800,453,180,-273,633,44,-0.346725199787804,-0.684564006103218
48,1572325200,53,60,7,113,44,-0.0734534117370986,-1.294978324206116
48,1572339600,209,2018,1809,2227,44,1.6852457385035122,1.186590653619896
48,1572354000,292,1655,1363,1947,44,1.249962818965603,0.8579060207952587
48,1572368400,1136,537,-599,1673,44,-0.6648916387325539,0.5362646301025779
48,1572382800,2237,279,-1958,2516,44,-1.9912357814500845,1.525840149642468
48,1572397200,464,172,-292,636,44,-0.36526864254838753,-0.6810423850372397
48,1572411601,49,64,15,113,44,-0.06564564636422131,-1.294978324206116
48,1572426000,202,2057,1855,2259,44,1.7301403893975567,1.2241546116569975
48,1572440400,282,1729,1447,2011,44,1.3319443553808146,0.9330339368694615
48,1572454800,1191,534,-657,1725,44,-0.7214979376859142,0.5973060619128676
48,1572469200,2190,302,-1888,2492,44,-1.922917834437408,1.497667181114642
48,1572483600,518,180,-338,698,44,-0.41016329344243196,-0.6082622163403557
48,1572498000,44,68,24,112,44,-0.05686191031973435,-1.2961521978947754
48,1572512400,200,2026,1826,2226,44,1.7018372399208765,1.1854167799312365
48,1572526800,331,1810,1479,2141,44,1.3631754168723238,1.085637516395186
48,1572541200,1324,495,-829,1819,44,-0.8893648932027761,0.707650188646853
48,1572555600,1931,260,-1671,2191,44,-1.7111321986981114,1.144331200828157
48,1572570000,443,236,-207,679,44,-0.2823111354615663,-0.6305658164248847
48,1572584400,52,64,12,116,44,-0.0685735583790503,-1.2914567031401376
48,1572598800,170,1755,1585,1925,44,1.4666283080629479,0.8320807996447515
48,1572613200,324,1422,1098,1746,44,0.9913305909890425,0.6219574093747154
48,1572627600,1126,594,-532,1720,44,-0.5995016037347065,0.5914366934695705
48,1572642000,1728,375,-1353,2103,44,-1.400773525126239,1.041030316226128
48,1572656400,486,221,-265,707,44,-0.33891743441492667,-0.597697353142421
48,1572670800,68,55,-13,123,44,-0.09297282516929184,-1.2832395873195217
48,1572685200,72,577,505,649,44,0.4125799827245131,-0.6657820270846673
48,1572699600,271,445,174,716,44,0.08953369042171494,-0.5871324899444862
48,1572714000,400,486,86,886,44,0.0036482713200646916,-0.38757396287238494
48,1572728400,378,400,22,778,44,-0.05881385166295368,-0.5143523212476022
48,1572742800,283,254,-29,537,44,-0.10858835591504644,-0.7972558802145222
48,1572753600,59,53,-6,112,44,-0.08614103046802421,-1.2961521978947754
48,1572768000,44,173,129,217,44,0.04561501019928016,-1.1728954605855364
48,1572782400,195,432,237,627,44,0.15101984273312366,-0.6916072482351745
48,1572796800,260,467,207,727,44,0.12174072258483379,-0.5742198793692326
48,1572811200,300,483,183,783,44,0.09831742646620191,-0.5084829528043051
48,1572825600,267,193,-74,460,44,-0.15250703613748123,-0.8876441542412975
48,1572840000,50,29,-21,79,44,-0.10078059054216915,-1.3348900296205362
48,1572854400,95,960,865,1055,44,0.7639294245039914,-0.18918930948894314
48,1572868800,345,2244,1899,2589,44,1.773083098948382,1.6115329289146056
48,1572883200,682,660,-22,1342,44,-0.1017565612137788,0.14771243915631013
48,1572897600,2608,263,-2345,2871,44,-2.3689364313630232,1.942565309116562
48,1572912000,567,246,-321,813,45,-0.3527786067142109,-0.3794512244420645
48,1572926400,124,39,-85,163,45,-0.11656016790104745,-1.152223953070812
48,1572940800,77,1030,953,1107,45,0.9224005926415951,-0.029920174877677234
48,1572955200,285,2192,1907,2477,45,1.8772836037761627,1.5988469608475289
48,1572969600,656,654,-2,1310,45,-0.0334833440811637,0.21142269267868544
48,1572984000,2535,245,-2290,2780,45,-2.3236010898630193,1.959077940500622
48,1572998400,597,244,-353,841,45,-0.38480822553633476,-0.34616255305498
48,1573012800,128,39,-89,167,45,-0.12056387025381293,-1.1474684285869428
48,1573027200,86,1061,975,1147,45,0.9444209555818053,0.017635069961014917
48,1573041600,301,2294,1993,2595,45,1.9633632043606204,1.7391349331216708
48,1573056000,635,648,13,1283,45,-0.018469460258293147,0.17932290241256824
48,1573070400,2459,237,-2222,2696,45,-2.255538149866006,1.8592119263393685
48,1573084800,599,255,-344,854,45,-0.3757998952426124,-0.3307070984824051
48,1573099200,147,31,-116,178,45,-0.14758886113497996,-1.1343907362563024
48,1573113600,97,1040,943,1137,45,0.9123913367596814,0.005746258751341878
48,1573128000,324,1852,1528,2176,45,1.4979328058516332,1.2409937434363705
48,1573142400,662,663,1,1325,45,-0.03048056731658959,0.229255909493195
48,1573156800,2479,269,-2210,2748,45,-2.2435270428077096,1.9210337446296681
48,1573171200,614,295,-319,909,45,-0.35077675553782817,-0.26531863682920337
48,1573185600,124,33,-91,157,45,-0.12256572143019567,-1.1593572397966159
48,1573200000,94,908,814,1002,45,0.7832719358829946,-0.15475269257924412
48,1573214400,301,1912,1611,2213,45,1.5810096296715168,1.2849823449121607
48,1573228800,800,568,-232,1368,45,-0.26369622936517895,0.28037779769478904
48,1573243200,2186,308,-1878,2494,45,-1.9112197475281747,1.619057939903973
48,1573257600,573,296,-277,869,45,-0.3087378808337906,-0.31287388166789554
48,1573272000,153,56,-97,209,45,-0.12857127495934392,-1.097535421506316
48,1573286400,52,262,210,314,45,0.17871288061540683,-0.9727029038047491
48,1573300800,198,477,279,675,45,0.2477767462006114,-0.5435168191355525
48,1573315200,335,388,53,723,45,0.021567563269361673,-0.48645052532912186
48,1573329600,385,370,-15,755,45,-0.04649537672765151,-0.44840632945816816
48,1573344000,296,288,-8,584,45,-0.03948889761031192,-0.6517050011435771
48,1573358400,87,64,-23,151,45,-0.05450278143318248,-1.1664905265224197
48,1573372800,48,149,101,197,45,0.06961199150254746,-1.1118019949579236
48,1573387200,172,414,242,586,45,0.21074249943753068,-0.6493272389016425
48,1573401600,229,361,132,590,45,0.10064068473647994,-0.6445717144177733
48,1573416000,306,343,37,649,45,0.005552753858299746,-0.5744277282807023
48,1573430400,251,194,-57,445,45,-0.08853425143168908,-0.8169594769580323
48,1573444800,36,39,3,75,45,-0.02847871614020685,-1.2568454917159346
48,1573459200,71,831,760,902,45,0.7292219541206606,-0.2736408046759745
48,1573473600,308,1927,1619,2235,45,1.5890170343770478,1.3111377295734414
48,1573488000,594,609,15,1203,45,-0.016467609081910407,0.08421241273518393
48,1573502400,2144,305,-1839,2449,45,-1.8721836495887114,1.5655582894604443
48,1573516800,522,207,-315,729,46,-0.38252502833388696,-0.5028673650457537
48,1573531200,118,36,-82,154,46,-0.1602202639609778,-1.140661959124581
48,1573545600,98,976,878,1074,46,0.7557135291634549,-0.12019060859845732
48,1573560000,339,2294,1955,2633,46,1.7832767533249279,1.6090646473474415
48,1573574400,685,650,-35,1335,46,-0.11537767200592743,0.16931267671384517
48,1573588800,2391,217,-2174,2608,46,-2.156192654811304,1.5813344476048838
48,1573603200,517,243,-274,760,46,-0.3434070225858643,-0.4684819173649821
48,1573617600,89,45,-44,134,46,-0.123964551316469,-1.1628461189186272
48,1573632000,101,936,835,1037,46,0.7146873280130897,-0.16123130421744272
48,1573646400,328,2258,1930,2586,46,1.7594243107956458,1.556931871831433
48,1573660800,638,535,-103,1173,46,-0.18025631568557476,-0.010379017617928778
48,1573675200,2109,224,-1885,2333,46,-1.8804584191728029,1.276302250436749
48,1573689600,624,256,-368,880,46,-0.433092206495965,-0.33537695860070516
48,1573704000,136,31,-105,167,46,-0.1821645110879173,-1.126242255258451
48,1573718400,88,1089,1001,1177,46,0.8730675464075228,-0.005942185659119545
48,1573732800,344,2448,2104,2792,46,1.9254373107994494,1.7854287177101085
48,1573747200,692,700,8,1392,46,-0.07435147085556221,0.23253753212687675
48,1573761600,2458,363,-2095,2821,46,-2.0808189364187726,1.8175957494114754
48,1573776000,625,332,-293,957,46,-0.3615348789081187,-0.24996794339362738
48,1573790400,128,35,-93,163,46,-0.1707153386738619,-1.1306790872172603
48,1573804800,111,953,842,1064,46,0.7213660119212887,-0.1312826884954804
48,1573819200,319,2163,1844,2482,46,1.6773719084949155,1.4415742409023928
48,1573833600,781,584,-197,1365,46,-0.2699414995956754,0.20258891640491444
48,1573848000,2125,343,-1782,2468,46,-1.7821863559521605,1.4260453290465607
48,1573862400,570,280,-290,850,46,-0.35867258580460487,-0.3686531982917744
48,1573876800,161,54,-107,215,46,-0.1840727064902599,-1.0730002717527403
48,1573891200,45,280,235,325,46,0.14222870731031925,-0.9509873928854863
48,1573905600,214,527,313,741,46,0.2166483280016794,-0.489556869169326
48,1573920000,315,465,150,780,46,0.061130402710760125,-0.446297757570936
48,1573934400,387,439,52,826,46,-0.032371172004025714,-0.39527419004462977
48,1573948800,304,257,-47,561,46,-0.12682684441998285,-0.6892143073157415
48,1573963200,78,59,-19,137,46,-0.10011210878718688,-1.1595184949495203
48,1573977600,39,158,119,197,46,0.03155337397445032,-1.0929660155673817
48,1573992000,179,413,234,592,46,0.14127460960914798,-0.65482885963497
48,1574006400,280,391,111,671,46,0.023920592365080047,-0.5672014284484876
48,1574020800,237,409,172,646,46,0.08212055213652837,-0.5949316281910453
48,1574035200,248,226,-22,474,46,-0.10297440189070073,-0.7857154024198424
48,1574049600,44,31,-13,75,46,-0.09438752258015917,-1.2282893903110634
48,1574064000,69,1083,1014,1152,46,0.8854708165227495,-0.03367238540167725
48,1574078400,311,2586,2275,2897,46,2.0885880176997387,1.901895556628851
48,1574092800,624,734,110,1358,46,0.022966494663908765,0.19482446047699828
48,1574107200,2554,324,-2230,2878,46,-2.209622126076896,1.880820604824507
48,1574121600,473,257,-216,730,47,-0.29636654779307686,-0.5367166476853548
48,1574136000,8,11,3,19,47,-0.09652932863020605,-1.3033960321952838
48,1574150400,111,1234,1123,1345,47,0.9254692351251151,0.12644484524517455
48,1574164800,307,2458,2151,2765,47,1.8635179168576779,1.657646991523795
48,1574179200,653,740,87,1393,47,-0.019879436348556954,0.17820379103487438
48,1574193600,2638,255,-2383,2893,47,-2.2737512689160955,1.7956708469629945
48,1574208000,582,253,-329,835,47,-0.39947890288624766,-0.42349395377038634
48,1574222400,118,32,-86,150,47,-0.17774171450004853,-1.162137242644228
48,1574236800,99,1199,1100,1298,47,0.9044817646194255,0.07576421082609344
48,1574251200,351,2402,2051,2753,47,1.77226804509381,1.6447072550763702
48,1574265600,687,681,-6,1368,47,-0.10474181708895416,0.15124600676940572
48,1574280000,2594,316,-2278,2910,47,-2.1779389035640344,1.8140021402635134
48,1574294400,635,272,-363,907,47,-0.4305038592859628,-0.34585553508583655
48,1574308800,135,34,-101,169,47,-0.1914291952646287,-1.1416493266024716
48,1574323200,89,1184,1095,1273,47,0.8999192710312321,0.04880642656062477
48,1574337600,318,2464,2146,2782,47,1.8589554232694845,1.6759782848243137
48,1574352000,678,671,-7,1349,47,-0.10565431580659285,0.13075809072764952
48,1574366400,2497,313,-2184,2810,47,-2.0921640241059984,1.7061710032016386
48,1574380800,673,302,-371,975,47,-0.4378038490270722,-0.2725303618837618
48,1574395200,147,52,-95,199,47,-0.18595420295879664,-1.1092999854839094
48,1574409600,85,1002,917,1087,47,0.7374944992915471,-0.15175948837446215
48,1574424000,320,2249,1929,2569,47,1.660943201541891,1.4462979628825205
48,1574438400,773,632,-141,1405,47,-0.2279291439701759,0.19114352748229935
48,1574452800,2080,349,-1731,2429,47,-1.6788021050156765,1.295334370995896
48,1574467200,572,306,-266,878,47,-0.34199148367501087,-0.3771265648337802
48,1574481600,151,61,-90,212,47,-0.18139170937060325,-1.0952819376658656
48,1574496000,48,298,250,346,47,0.12885785462654784,-0.9507882140029535
48,1574510400,203,553,350,756,47,0.22010772639041581,-0.5086805520492673
48,1574524800,314,451,137,765,47,0.025745499533377028,-0.4989757497136986
48,1574539200,426,442,16,868,47,-0.08466684530090321,-0.3879096785399677
48,1574553600,304,246,-58,550,47,-0.1521917504061655,-0.7308126943967291
48,1574568000,74,62,-12,136,47,-0.11021680939478624,-1.1772336018328904
48,1574582400,34,199,165,233,47,0.051295463627260056,-1.072637398882872
48,1574596800,146,515,369,661,47,0.23744520202555072,-0.6111201322580483
48,1574611200,238,449,211,687,47,0.09327040463863932,-0.5830840366219608
48,1574625600,269,423,154,692,47,0.04125797773323458,-0.5776924797688672
48,1574640000,247,195,-52,442,47,-0.1467167581003334,-0.8472703224235538
48,1574654400,42,39,-3,81,47,-0.10200432093603812,-1.2365407272169215
48,1574668800,84,1104,1020,1188,47,0.8314818672083312,-0.04285003994196871
48,1574683200,300,2411,2111,2711,47,1.8270179681521308,1.5994181775103826
48,1574697600,660,650,-10,1310,47,-0.10839181195950888,0.0887039472735184
48,1574712000,2335,301,-2034,2636,47,-1.9552892164601965,1.5185448247139768
48,1574726400,574,240,-334,814,48,-0.5179733305640742,0.0764079950531227
48,1574740800,119,35,-84,154,48,-0.19292432441282037,-0.7228484664082214
48,1574755200,73,1067,994,1140,48,1.2086869901113861,0.47119224722948355
48,1574769600,337,2342,2005,2679,48,2.5231851709870567,2.3349129960007087
48,1574784000,713,692,-21,1405,48,-0.1110119748627044,0.792105826452599
48,1574798400,2476,241,-2235,2717,48,-2.989645973338208,2.380930792266665
48,1574812800,637,243,-394,880,48,-0.5959850920403752,0.1563336411992571
48,1574827200,128,34,-94,162,48,-0.20592628465887053,-0.7131605092995991
48,1574841600,62,944,882,1006,48,1.0630650353556244,0.30891896566005916
48,1574856000,277,1808,1531,2085,48,1.9068922553242795,1.6155821806854989
48,1574870400,1172,511,-661,1683,48,-0.9431374306099142,1.1287623359772256
48,1574884800,1272,327,-945,1599,48,-1.3123931015977386,1.027038786336691
48,1574899200,473,279,-194,752,48,-0.33594588711937207,0.0013263274612994626
48,1574913600,112,45,-67,157,48,-0.1708209919945351,-0.719215482492488
48,1574928000,58,253,195,311,48,0.1698303664519789,-0.5327223081515077
48,1574942400,165,288,123,453,48,0.0762162526804178,-0.360761069473461
48,1574956800,230,313,83,543,48,0.02420841169621719,-0.2517715520014595
48,1574971200,197,237,40,434,48,-0.03170001736179846,-0.38376996760643906
48,1574985600,167,215,48,382,48,-0.021298449164958343,-0.4467416888124843
48,1575000000,40,38,-2,78,48,-0.0863082503952091,-0.8148840589401337
48,1575014400,31,502,471,533,48,0.5286844692429631,-0.26388149838723746
48,1575028800,157,1095,938,1252,48,1.1358760127335052,0.6068236467501965
48,1575043200,414,490,76,904,48,0.015107039523982084,0.18539751252512415
48,1575057600,676,352,-324,1028,48,-0.5049713703180241,0.33556084770877065
48,1575072000,353,190,-163,543,48,-0.2956398103566166,-0.2517715520014595
48,1575086400,31,15,-16,46,48,-0.10451099473967933,-0.8536358873746231
48,1575100800,8,7,-1,15,48,-0.08500805437060409,-0.8911767211705348
48,1575115200,3,12,9,15,48,-0.07200609412455394,-0.8911767211705348
48,1575129600,1,4,3,5,48,-0.07980727027218404,-0.9032866675563127
48,1575144000,1,6,5,7,48,-0.077206878222974,-0.9008646782791572
48,1575158400,0,0,0,0,48,-0.08370785834599907,-0.9093416407492017
48,1575172800,0,0,0,0,48,-0.08370785834599907,-0.9093416407492017
48,1575187200,0,1,1,1,48,-0.08240766232139406,-0.9081306461106239
48,1575201600,7,5,-2,12,48,-0.0863082503952091,-0.8948097050862681
48,1575216000,6,2,-4,8,48,-0.08890864244441914,-0.8996536836405793
48,1575230400,1,3,2,4,48,-0.08110746629678905,-0.9044976621948905
48,1575244800,0,2,2,2,48,-0.08110746629678905,-0.9069196514720461
48,1575259200,4,8,4,12,48,-0.07850707424757902,-0.8948097050862681
48,1575273600,84,1075,991,1159,48,1.2047864020375711,0.4942011453624616
48,1575288000,299,2300,2001,2599,48,2.5179843868886365,2.238033424914485
48,1575302400,770,590,-180,1360,48,-0.31774314277490184,0.7376110677165982
48,1575316800,2289,310,-1979,2599,48,-2.656795791039324,2.238033424914485
48,1575331200,506,205,-301,711,49,-0.34642313396704494,-0.5385021886271065
48,1575345600,92,36,-56,128,49,-0.12256643662210069,-1.1569134347917875
48,1575360000,100,994,894,1094,49,0.7454493285929895,-0.13223888282766771
48,1575374400,335,2536,2201,2871,49,1.9396562813678553,1.7526955673175093
48,1575388800,636,695,59,1331,49,-0.01749084399080031,0.1191564265051443
48,1575403200,2647,293,-2354,2940,49,-2.2222508876371294,1.8258866067435178
48,1575417600,584,293,-291,877,49,-0.3372861259121493,-0.3624193981239555
48,1575432000,125,28,-97,153,49,-0.160028169647173,-1.1303949422461324
48,1575446400,85,1089,1004,1174,49,0.845956417196842,-0.04737970668157084
48,1575460800,336,2383,2047,2719,49,1.798946357322462,1.5914631326399251
48,1575475200,712,699,-13,1411,49,-0.08327730198604924,0.2040156026512412
48,1575489600,2709,274,-2435,2983,49,-2.2962606528817844,1.871498413922045
48,1575504000,673,284,-389,957,49,-0.426828804850127,-0.2775602219778586
48,1575518400,149,42,-107,191,49,-0.16916517770206868,-1.0900868335767362
48,1575532800,75,1066,991,1141,49,0.8340783067254777,-0.0823841168418358
48,1575547200,340,2454,2114,2794,49,1.860164311290263,1.6710186102768911
48,1575561600,709,699,-10,1408,49,-0.08053619956958054,0.20083338354576255
48,1575576000,2435,299,-2136,2734,49,-2.0230641120404034,1.6073742281673185
48,1575590400,674,312,-362,986,49,-0.40215888310190867,-0.24679877062489852
48,1575604800,146,32,-114,178,49,-0.17556108334049567,-1.103876449700477
48,1575619200,77,945,868,1022,49,0.7216931076502607,-0.20861214135915493
48,1575633600,332,2252,1920,2584,49,1.6829063550252867,1.4482632728933866
48,1575648000,734,619,-115,1353,49,-0.17647478414598525,0.14249269994532093
48,1575662400,2047,375,-1672,2422,49,-1.5991069382932435,1.2764234411975406
48,1575676800,586,275,-311,861,49,-0.35556014202194064,-0.3793912333531749
48,1575691200,158,60,-98,218,49,-0.16094187045266256,-1.0614468616274286
48,1575705600,63,283,220,346,49,0.12961498569302024,-0.9256721797936736
48,1575720000,207,477,270,684,49,0.17530002596749866,-0.5671421605764142
48,1575734400,328,463,135,791,49,0.0519504172264069,-0.4536430124810097
48,1575748800,369,475,106,844,49,0.025453093867209415,-0.39742380828422047
48,1575763200,329,289,-40,618,49,-0.1079472237342676,-0.6371509808969442
48,1575777600,75,66,-9,141,49,-0.07962249876409097,-1.1431238186680468
48,1575792000,33,187,154,220,49,0.0693107325307087,-1.0593253822237763
48,1575806400,170,450,280,620,49,0.18443703402239434,-0.6350295014932917
48,1575820800,260,397,137,657,49,0.05377781883738604,-0.595782132525722
48,1575835200,285,370,85,655,49,0.006265376951928474,-0.5979036119293744
48,1575849600,229,176,-53,405,49,-0.11982533420563199,-0.8630885373859272
48,1575864000,42,41,-1,83,49,-0.07231289232017442,-1.204646721373967
48,1575878400,78,835,757,913,49,0.6202723182409186,-0.3242327688582119
48,1575892800,316,2479,2163,2795,49,1.9049356507592519,1.6720793499787172
48,1575907200,666,709,43,1375,49,-0.03211005687863341,0.16582897338549757
48,1575921600,2499,297,-2202,2796,49,-2.083368365202715,1.6731400896805435
48,1575936000,540,239,-301,779,50,-0.39101045928187345,-0.4880329732493556
48,1575950400,108,22,-86,130,50,-0.20458889395371518,-1.146783234952383
48,1575964800,91,1276,1185,1367,50,0.8974660341025132,0.10880085399468148
48,1575979200,337,3612,3275,3949,50,2.709657064501819,2.7295915715866945
48,1575993600,640,711,71,1351,50,-0.06845779741175778,0.09256047774314306
48,1576008000,2599,238,-2361,2837,50,-2.1771891782400403,1.6008854221047741
48,1576022400,607,237,-370,844,50,-0.45083877559649166,-0.4220564447274808
48,1576036800,133,48,-85,181,50,-0.20372181690567726,-1.0950170356506042
48,1576051200,81,1119,1038,1200,50,0.7700057080409353,-0.06070807313075082
48,1576065600,378,2635,2257,3013,50,1.8269726295991908,1.7795295608716968
48,1576080000,680,675,-5,1355,50,-0.13435565306264163,0.09662057180602766
48,1576094400,2484,249,-2235,2733,50,-2.0679374701872595,1.4953229764697744
48,1576108800,670,315,-355,985,50,-0.4378326198759225,-0.2789381290107984
48,1576123200,123,20,-103,143,50,-0.21932920377036025,-1.133587929248008
48,1576137600,88,1103,1015,1191,50,0.7500629359360625,-0.06984328477224118
48,1576152000,351,2519,2168,2870,50,1.7498027723238134,1.634381198123572
48,1576166400,660,780,120,1440,50,-0.025971022057898467,0.18289757064232554
48,1576180800,2466,256,-2210,2722,50,-2.046260543986311,1.4841577177968417
48,1576195200,678,279,-399,957,50,-0.47598400998959206,-0.30735878745099066
48,1576209600,174,47,-127,221,50,-0.24013905292327095,-1.054416095021758
48,1576224000,80,1006,926,1086,50,0.6728930786606854,-0.17642075392296208
48,1576238400,295,2249,1954,2544,50,1.564248284043693,1.3034835319984768
48,1576252800,769,681,-88,1450,50,-0.20632304804979107,0.19304780579953706
48,1576267200,1941,429,-1512,2370,50,-1.4410407644558252,1.1268694402629964
48,1576281600,527,292,-235,819,50,-0.33378337411136905,-0.4474320326205095
48,1576296000,137,95,-42,232,50,-0.1664375038400456,-1.0432508363488255
48,1576310400,47,288,241,335,50,0.07894530075469292,-0.9387034142295468
48,1576324800,165,555,390,720,50,0.20813978091234675,-0.5479193606769035
48,1576339200,348,462,114,810,50,-0.031173484346126136,-0.4565672442619999
48,1576353600,380,466,86,846,50,-0.0554516416911886,-0.42002639769603844
48,1576368000,282,308,26,590,50,-0.10747626457346532,-0.6798724177206532
48,1576382400,75,78,3,153,50,-0.12741903667833807,-1.1234376940907964
48,1576396800,33,162,129,195,50,-0.018167328625556957,-1.080806706430508
48,1576411200,177,466,289,643,50,0.12056499906051428,-0.6260761713874322
48,1576425600,250,441,191,691,50,0.03559144835279565,-0.5773550426328169
48,1576440000,286,398,112,684,50,-0.03290763844220203,-0.584460207242865
48,1576454400,240,247,7,487,50,-0.12395072848618628,-0.7844198398399318
48,1576468800,45,57,12,102,50,-0.11961534324599656,-1.1752038933925752
48,1576483200,77,1059,982,1136,50,0.7214493933508104,-0.12566957813690452
48,1576497600,336,2436,2100,2772,50,1.6908415330572333,1.5349088935828994
48,1576512000,624,734,110,1358,50,-0.03464179253827792,0.09966564235319111
48,1576526400,2305,316,-1989,2621,50,-1.8546365163699248,1.3816403427090054
48,1576540800,498,278,-220,776,51,-0.32004661342733076,-0.3854094071531697
48,1576555200,23,11,-12,34,51,-0.10459410399516912,-1.2541905112776817
48,1576569600,83,1080,997,1163,51,0.9405577326252686,0.06771496925678465
48,1576584000,357,2419,2062,2776,51,2.043716014092827,1.9563186363091265
48,1576598400,680,676,-4,1356,51,-0.09630746901700905,0.2936917254508962
48,1576612800,2300,330,-1970,2630,51,-2.1327480148998443,1.785372489136379
48,1576627200,558,334,-224,892,51,-0.32418993091641074,-0.2495891806323565
48,1576641600,29,14,-15,43,51,-0.10770159211197915,-1.2436527350821012
48,1576656000,94,976,882,1070,51,0.8214373548142178,-0.04117538476421213
48,1576670400,347,2389,2042,2736,51,2.0229994266474267,1.9094840754398805
48,1576684800,695,794,99,1489,51,0.010382956326801739,0.44941664034113893
48,1576699200,2443,300,-2143,2743,51,-2.3119464963025553,1.9176801235919987
48,1576713600,615,297,-318,912,51,-0.4215578919097915,-0.22617190019773353
48,1576728000,3,3,0,6,51,-0.09216415152792903,-1.2869747038861536
48,1576742400,72,1000,928,1072,51,0.8690855059386382,-0.038833656720749836
48,1576756800,326,2065,1739,2391,51,1.7091431268496147,1.5055359879426344
48,1576771200,683,697,14,1380,51,-0.07766254031614891,0.32179246197244377
48,1576785600,2300,174,-2126,2474,51,-2.2943373969739653,1.60271770174632
48,1576800000,709,257,-452,966,51,-0.5603590277939725,-0.16294524302425153
48,1576814400,14,3,-11,17,51,-0.10355827462289911,-1.274095199647111
48,1576828800,64,920,856,984,51,0.7945057911351976,-0.14186969063309088
48,1576843200,243,2062,1819,2305,51,1.7920094766312151,1.4048416820737557
48,1576857600,738,546,-192,1284,51,-0.2910433910037705,0.20938951588625357
48,1576872000,2104,309,-1795,2413,51,-1.951477874752593,1.5312949964207199
48,1576886400,536,231,-305,767,51,-0.4080921100702814,-0.39594718334875
48,1576900800,113,50,-63,163,51,-0.1574214019809395,-1.1031490524743635
48,1576915200,44,254,210,298,51,0.1253600166487726,-0.9450824095406585
48,1576929600,186,459,273,645,51,0.1906172671017831,-0.53879259399995
48,1576944000,268,398,130,666,51,0.04249366686717198,-0.514204449543596
48,1576958400,339,402,63,741,51,-0.02690690107491854,-0.42638964791375983
48,1576972800,276,231,-45,507,51,-0.1387764732800794,-0.7003718289988485
48,1576987200,73,55,-18,128,51,-0.11080908022878917,-1.1441292932349536
48,1577001600,29,146,117,175,51,0.02902788502766188,-1.0890986842135897
48,1577016000,159,401,242,560,51,0.15850655656141285,-0.6383160358470976
48,1577030400,216,361,145,577,51,0.05803110745122209,-0.6184113474776681
48,1577044800,256,342,86,598,51,-0.003082825512708362,-0.5938232030213141
48,1577059200,224,168,-56,392,51,-0.15017059637504945,-0.8350211914979305
48,1577073600,41,26,-15,67,51,-0.10770159211197915,-1.2155519985605536
48,1577088000,59,932,873,991,51,0.8121148904637877,-0.13367364248097283
48,1577102400,304,1712,1408,2016,51,1.366283604628242,1.066461979793454
48,1577116800,666,668,2,1334,51,-0.09009249278338902,0.26793271697281096
48,1577131200,1573,307,-1266,1880,51,-1.4035241368217588,0.9072244728380179
48,1577145600,448,201,-247,649,52,-0.6673954607304284,-0.21720605125759596
48,1577160000,2,2,0,4,52,-0.21750686723372845,-1.3424904131945388
48,1577174400,59,692,633,751,52,0.9354464918084219,-0.039254105648963124
48,1577188800,288,1421,1133,1709,52,1.8461521466600412,1.6320984815380002
48,1577203200,924,456,-468,1380,52,-1.0699273601748442,1.0581162256042727
48,1577217600,703,288,-415,991,52,-0.9733925607605726,0.37945635460664356
48,1577232000,284,135,-149,419,52,-0.4888971523795111,-0.6184702423358857
48,1577246400,38,39,1,77,52,-0.21568545592402522,-1.2151326482001252
48,1577260800,26,129,103,155,52,-0.02990150233429485,-1.079051748617053
48,1577275200,139,193,54,332,52,-0.11915065650975355,-0.770252784178543
48,1577289600,175,244,69,419,52,-0.09182948686420497,-0.6184702423358857
48,1577304000,162,215,53,377,52,-0.1209720678194568,-0.6917445728806169
48,1577318400,150,167,17,317,52,-0.1865428749687734,-0.7964221879445185
48,1577332800,17,40,23,57,52,-0.17561440711055396,-1.2500251865547591
48,1577347200,54,747,693,801,52,1.0447311703906161,0.04797724023762159
48,1577361600,239,1366,1127,1605,52,1.835223678801822,1.4506572820939039
48,1577376000,527,554,27,1081,52,-0.168328761871741,0.5364727772024961
48,1577390400,1140,365,-775,1505,52,-1.6291006322537385,1.2761945903207346
48,1577404800,387,210,-177,597,52,-0.5398966690512018,-0.30792665097964406
48,1577419200,3,5,2,8,52,-0.21386404461432199,-1.335511905523612
48,1577433600,49,745,696,794,52,1.050195404319726,0.03576485181349973
48,1577448000,245,1583,1338,1828,52,2.219541465149205,1.8397090847480717
48,1577462400,591,578,-13,1169,52,-0.24118521425987058,0.6899999459628852
48,1577476800,1199,340,-859,1539,52,-1.7820991822688106,1.335511905523612
