remote_unit_id,time_stamp,entries,exits,num_people_exited,sum_exit_entry,week_num,z_score_num_people_exited,z_score_sum_exit_entry
453,1546311600,96,121,25,217,1,-0.4942662855526367,-0.7208646339980437
453,1546326000,25,20,-5,45,1,-0.5864883379436218,-0.9825625140926145
453,1546340400,31,104,73,135,1,-0.34671100172706054,-0.8456275768338275
453,1546354800,144,233,89,377,1,-0.29752590711853516,-0.47742474553797765
453,1546369200,229,300,71,529,1,-0.35285913855312623,-0.24615685150091499
453,1546383600,106,160,54,266,1,-0.4051183015746844,-0.6463111681571484
453,1546398000,33,37,4,70,1,-0.5588217222263262,-0.9445250315207293
453,1546412400,10,129,119,139,1,-0.20530385472755008,-0.8395415796223258
453,1546426800,129,1196,1067,1325,1,2.7089130008275784,0.9649565935879132
453,1546441200,320,657,337,977,1,0.46484305931360814,0.43547483618726973
453,1546455600,976,1069,93,2045,1,-0.28522963346640384,2.06043609165821
453,1546470000,408,346,-62,754,1,-0.7617102374864934,0.09618049164605277
453,1546484400,0,2,2,2,1,-0.5649698590523918,-1.0479869841162572
453,1546498800,9,113,104,122,1,-0.25141488092304265,-0.8654070677712078
453,1546513200,168,1268,1100,1436,1,2.810357258457662,1.133843016207084
453,1546527600,314,765,451,1079,1,0.8152868583993514,0.5906677650805617
453,1546542000,1058,1094,36,2152,1,-0.4604515330092755,2.2232365170658794
453,1546556400,479,461,-18,940,1,-0.6264512273130486,0.3791793619808795
453,1546570800,1,3,2,4,1,-0.5649698590523918,-1.0449439855105065
453,1546585200,12,141,129,153,1,-0.17456317059722173,-0.81824058938207
453,1546599600,187,1257,1070,1444,1,2.7181352060666772,1.1460150106300873
453,1546614000,434,831,397,1265,1,0.6492871640955783,0.8736666354153885
453,1546628400,1125,1209,84,2334,1,-0.31289624918369935,2.5001493901892045
453,1546642800,517,419,-98,936,1,-0.8723767003556755,0.3730933647693778
453,1546657200,130,49,-81,179,1,-0.8201175373341173,-0.7786816075073093
453,1546671600,10,9,-1,19,1,-0.5741920642914904,-1.0221214959673752
453,1546686000,97,387,290,484,1,0.32036184390106487,-0.31462432013030855
453,1546700400,209,459,250,668,1,0.19739910737975142,-0.034668448401232684
453,1546714800,341,405,64,746,1,-0.37437761744435605,0.08400849722304948
453,1546729200,190,182,-8,372,1,-0.5957105431827202,-0.48503224205235473
453,1546743600,71,64,-7,135,1,-0.5926364747696874,-0.8456275768338275
453,1546758000,13,35,22,48,1,-0.5034884907917352,-0.9779980161839883
453,1546772400,57,207,150,264,1,-0.11000773392353218,-0.6493541667628993
453,1546786800,188,385,197,573,1,0.03447348148901112,-0.17921088217439685
453,1546801200,268,381,113,649,1,-0.22374826520574712,-0.06357693515586552
453,1546815600,137,132,-5,269,1,-0.5864883379436218,-0.6417466702485222
453,1546830000,28,24,-4,52,1,-0.583414269530589,-0.9719120189724867
453,1546844400,14,148,134,162,1,-0.15919282853205755,-0.8045470956561913
453,1546858800,144,1328,1184,1472,1,3.0685790051524204,1.1886169911105988
453,1546873200,341,730,389,1071,1,0.6246946167913157,0.5784957706575585
453,1546887600,1048,1164,116,2212,1,-0.21452605996664859,2.314526475238404
453,1546902000,508,384,-124,892,1,-0.9523024790945293,0.3061473954428597
453,1546916400,0,0,0,0,2,-0.478391761132559,-0.8831472264306024
453,1546930800,19,135,116,154,2,-0.19202677031822954,-0.6931144156067848
453,1546945200,144,1261,1117,1405,2,2.279105607312321,0.8505936775139683
453,1546959600,324,818,494,1142,2,0.7411281135422579,0.5260571239642017
453,1546974000,1053,1223,170,2276,2,-0.058718929766731334,1.925389640030496
453,1546988400,490,407,-83,897,2,-0.6832908493876396,0.2237321976535826
453,1547002800,4,4,0,8,2,-0.478391761132559,-0.8732753921020925
453,1547017200,15,138,123,153,2,-0.1747461243208131,-0.6943483948978485
453,1547031600,142,1468,1326,1610,2,2.795056323520897,1.1035594321820374
453,1547046000,343,859,516,1202,2,0.7954387152484238,0.6000958814280268
453,1547060400,1134,1323,189,2457,2,-0.011814319202315297,2.148739891713035
453,1547074800,553,415,-138,968,2,-0.8190673536530544,0.31134472731910895
453,1547089200,7,10,3,17,2,-0.4709857699908091,-0.8621695784825186
453,1547103600,8,134,126,142,2,-0.1673401331790632,-0.7079221670995497
453,1547118000,136,1434,1298,1570,2,2.7259337395312313,1.0542002605394873
453,1547132400,354,857,503,1211,2,0.7633460869675076,0.6112016950476006
453,1547146800,1110,1337,227,2447,2,0.08199490192651678,2.1364000988023975
453,1547161200,589,409,-180,998,2,-0.9227512296375531,0.3483641060510215
453,1547175600,0,0,0,0,2,-0.478391761132559,-0.8831472264306024
453,1547190000,9,132,123,141,2,-0.1747461243208131,-0.7091561463906135
453,1547204400,154,1309,1155,1463,2,2.3729148284411528,0.9221644763956659
453,1547218800,360,681,321,1041,2,0.3140492910346803,0.4014252155667628
453,1547233200,1176,995,-181,2171,2,-0.9252198933514697,1.795821814468802
453,1547247600,505,322,-183,827,2,-0.930157220779303,0.13735364727912
453,1547262000,1,2,1,3,2,-0.47592309741864236,-0.8794452885574112
453,1547276400,0,0,0,0,2,-0.478391761132559,-0.8831472264306024
453,1547290800,0,2,2,2,2,-0.47345443370472573,-0.880679267848475
453,1547305200,1,1,0,2,2,-0.478391761132559,-0.880679267848475
453,1547319600,0,0,0,0,2,-0.478391761132559,-0.8831472264306024
453,1547334000,0,0,0,0,2,-0.478391761132559,-0.8831472264306024
453,1547348400,1,2,1,3,2,-0.47592309741864236,-0.8794452885574112
453,1547362800,0,0,0,0,2,-0.478391761132559,-0.8831472264306024
453,1547377200,0,1,1,1,2,-0.47592309741864236,-0.8819132471395387
453,1547391600,0,1,1,1,2,-0.47592309741864236,-0.8819132471395387
453,1547406000,0,1,1,1,2,-0.47592309741864236,-0.8819132471395387
453,1547420400,0,1,1,1,2,-0.47592309741864236,-0.8819132471395387
453,1547434800,0,0,0,0,2,-0.478391761132559,-0.8831472264306024
453,1547449200,9,129,120,138,2,-0.182152115462563,-0.7128580842638047
453,1547463600,149,1149,1000,1298,2,1.9902719527840746,0.718557893370147
453,1547478000,300,707,407,1007,2,0.5263543704315108,0.3594699196705953
453,1547492400,1280,1088,-192,2368,2,-0.9523751942045526,2.038915734808361
453,1547506800,590,344,-246,934,2,-1.0856830347560509,0.2693894314229414
453,1547521200,0,0,0,0,3,-0.4589005771841388,-0.8432961052047102
453,1547535600,15,140,125,155,3,-0.11716610481297161,-0.6421434727526121
453,1547550000,142,1353,1211,1495,3,2.8518229911477286,1.0968534787687527
453,1547564400,313,780,467,1093,3,0.8178194115945417,0.5751543933123433
453,1547578800,1174,1180,6,2354,3,-0.44249732251032275,2.2116283902290905
453,1547593200,558,381,-177,939,3,-0.9427965900617116,0.37529951977929094
453,1547607600,0,1,1,1,3,-0.45616670140516946,-0.8419983462856644
453,1547622000,9,139,130,148,3,-0.10349672591812492,-0.6512277851859326
453,1547636400,171,1447,1276,1618,3,3.0295249167807357,1.2564778258113856
453,1547650800,342,813,471,1155,3,0.8287549147104191,0.6556154462931826
453,1547665200,1237,1211,-26,2448,3,-0.5299813474373416,2.333617728619395
453,1547679600,586,380,-206,966,3,-1.0220789876518224,0.4103390105935274
453,1547694000,0,0,0,0,3,-0.4589005771841388,-0.8432961052047102
453,1547708400,10,151,141,161,3,-0.07342409234946222,-0.6343569192383373
453,1547722800,172,1446,1274,1618,3,3.0240571652227968,1.2564778258113856
453,1547737200,333,793,460,1126,3,0.7986822811417563,0.6179804376408545
453,1547751600,1160,1178,18,2338,3,-0.40969081316269074,2.190864247524358
453,1547766000,600,396,-204,996,3,-1.0166112360938837,0.4492717781649012
453,1547780400,0,0,0,0,3,-0.4589005771841388,-0.8432961052047102
453,1547794800,10,122,112,132,3,-0.152706489939573,-0.6719919278906653
453,1547809200,156,1026,870,1182,3,1.9195713505191847,0.690654937107419
453,1547823600,378,809,431,1187,3,0.7193998835516455,0.697143731702648
453,1547838000,1093,1290,197,2383,3,0.07967295127282067,2.2492633988814186
453,1547852400,441,366,-75,807,3,-0.6639412606068391,0.20399534246524603
453,1547866800,0,0,0,0,3,-0.4589005771841388,-0.8432961052047102
453,1547881200,0,0,0,0,3,-0.4589005771841388,-0.8432961052047102
453,1547895600,1,1,0,2,3,-0.4589005771841388,-0.8407005873666187
453,1547910000,0,1,1,1,3,-0.45616670140516946,-0.8419983462856644
453,1547924400,0,1,1,1,3,-0.45616670140516946,-0.8419983462856644
453,1547938800,0,0,0,0,3,-0.4589005771841388,-0.8432961052047102
453,1547953200,0,0,0,0,3,-0.4589005771841388,-0.8432961052047102
453,1547967600,0,0,0,0,3,-0.4589005771841388,-0.8432961052047102
453,1547982000,0,1,1,1,3,-0.45616670140516946,-0.8419983462856644
453,1547996400,0,0,0,0,3,-0.4589005771841388,-0.8432961052047102
453,1548010800,0,0,0,0,3,-0.4589005771841388,-0.8432961052047102
453,1548025200,0,1,1,1,3,-0.45616670140516946,-0.8419983462856644
453,1548039600,0,0,0,0,3,-0.4589005771841388,-0.8432961052047102
453,1548054000,5,64,59,69,3,-0.29760190622494787,-0.7537507397905504
453,1548068400,109,575,466,684,3,0.8150855358155723,0.0443709954226133
453,1548082800,250,422,172,672,3,0.011326056798587244,0.02879788839406377
453,1548097200,579,542,-37,1121,3,-0.5600539810060042,0.6114916430456255
453,1548111600,277,161,-116,438,3,-0.776030167544582,-0.27487769866265216
453,1548126000,17,11,-6,28,4,-0.5048173025023502,-0.8592340574211543
453,1548140400,13,132,119,145,4,-0.18904334347252316,-0.7193819108156244
453,1548154800,210,1395,1185,1605,4,2.503876979133842,1.0257816280226115
453,1548169200,373,776,403,1149,4,0.5283950914432439,0.4807168515087515
453,1548183600,1136,1198,62,2334,4,-0.33303626879012427,1.8971680799493742
453,1548198000,538,389,-149,927,4,-0.8660627116324724,0.21535636820595122
453,1548212400,0,3,3,3,4,-0.48208157745220265,-0.8891169947300283
453,1548226800,12,144,132,156,4,-0.15620285173342113,-0.70623341839972
453,1548241200,145,1345,1200,1490,4,2.541769854217421,0.8883201164017915
453,1548255600,317,802,485,1119,4,0.7355428085668104,0.4448573267381028
453,1548270000,1090,1200,110,2290,4,-0.2117790685226707,1.8445741102857562
453,1548284400,575,418,-157,993,4,-0.8862722450103814,0.2942473227013783
453,1548298800,0,0,0,0,4,-0.48966015246891853,-0.8927029472070931
453,1548313200,11,129,118,140,4,-0.19156953514476177,-0.7253584982773992
453,1548327600,176,1360,1184,1536,4,2.5013507874616034,0.9433047210501194
453,1548342000,392,773,381,1165,4,0.47281887465399436,0.49984193138643074
453,1548356400,1208,1197,-11,2405,4,-0.5174482608635433,1.9820356219065762
453,1548370800,620,449,-171,1069,4,-0.921638928421722,0.38509145212035495
453,1548385200,0,1,1,1,4,-0.4871339607966799,-0.8915076297147382
453,1548399600,10,134,124,144,4,-0.17641238511133006,-0.7205772283079794
453,1548414000,193,1354,1161,1547,4,2.443248379000115,0.956453213466024
453,1548428400,389,957,568,1346,4,0.9452167173626156,0.7161943975026778
453,1548442800,1293,1325,32,2618,4,-0.40882201895728276,2.2366382477781817
453,1548457200,552,416,-136,968,4,-0.8332222198933704,0.2643643853925044
453,1548471600,1,1,0,2,4,-0.48966015246891853,-0.8903123122223832
453,1548486000,2,0,-2,2,4,-0.49471253581339575,-0.8903123122223832
453,1548500400,1,0,-1,1,4,-0.49218634414115714,-0.8915076297147382
453,1548514800,2,2,0,4,4,-0.48966015246891853,-0.8879216772376732
453,1548529200,3,4,1,7,4,-0.4871339607966799,-0.8843357247606084
453,1548543600,4,7,3,11,4,-0.48208157745220265,-0.8795544547911885
453,1548558000,2,2,0,4,4,-0.48966015246891853,-0.8879216772376732
453,1548572400,0,1,1,1,4,-0.4871339607966799,-0.8915076297147382
453,1548586800,0,1,1,1,4,-0.4871339607966799,-0.8915076297147382
453,1548601200,2,1,-1,3,4,-0.49218634414115714,-0.8891169947300283
453,1548615600,1,2,1,3,4,-0.4871339607966799,-0.8891169947300283
453,1548630000,3,3,0,6,4,-0.48966015246891853,-0.8855310422529633
453,1548644400,1,1,0,2,4,-0.48966015246891853,-0.8903123122223832
453,1548658800,11,149,138,160,4,-0.14104570169998945,-0.7014521484303001
453,1548673200,186,1326,1140,1512,4,2.390198353883104,0.9146171012336005
453,1548687600,349,730,381,1079,4,0.47281887465399436,0.39704462704390453
453,1548702000,1155,1235,80,2390,4,-0.2875648186898292,1.964105859521252
453,1548716400,620,381,-239,1001,4,-1.093419962133948,0.303809862640218
453,1548730800,38,19,-19,57,5,-0.5580724945484888,-1.088082584165302
453,1548745200,17,160,143,177,5,-0.17242093524441426,-0.9224847998860073
453,1548759600,181,1504,1323,1685,5,2.636645978205018,1.1585273558904623
453,1548774000,389,850,461,1239,5,0.5845987922783988,0.5430555909857504
453,1548788400,1206,1213,7,2419,5,-0.4961777998453658,2.171433803065481
453,1548802800,632,391,-241,1023,5,-1.0865579647059245,0.24497957928302003
453,1548817200,39,20,-19,59,5,-0.5580724945484888,-1.0853226210939804
453,1548831600,14,154,140,168,5,-0.17956263078708232,-0.9349046337069544
453,1548846000,159,1459,1300,1618,5,2.581892979044563,1.0660685930011893
453,1548860400,336,854,518,1190,5,0.7202910075890917,0.47543649573837177
453,1548874800,1122,1130,8,2252,5,-0.49379723466447645,1.9409768866101296
453,1548889200,531,358,-173,889,5,-0.9246795324054488,0.06006205350447432
453,1548903600,33,18,-15,51,5,-0.5485502338249315,-1.0963624733792667
453,1548918000,12,123,111,135,5,-0.24859902103287346,-0.9804440243837604
453,1548932400,143,1314,1171,1457,5,2.2748000707098366,0.8438915657598024
453,1548946800,300,796,496,1096,5,0.667918573609526,0.3457182313862576
453,1548961200,1043,1045,2,2088,5,-0.5080806257498125,1.7146599147617603
453,1548975600,496,467,-29,963,5,-0.5818781463573823,0.1621806871433727
453,1548990000,58,26,-32,84,5,-0.5890198419000504,-1.0508230827024607
453,1549004400,11,147,136,158,5,-0.18908489151063973,-0.9487044490635623
453,1549018800,144,1345,1201,1489,5,2.346217026136517,0.8880509749009476
453,1549033200,357,933,576,1290,5,0.8583637880806739,0.6134346493044506
453,1549047600,1069,1213,144,2282,5,-0.17004037006352493,1.9823763326799533
453,1549062000,499,372,-127,871,5,-0.8151735340845386,0.03522238586258013
453,1549076400,76,35,-41,111,5,-0.6104449285280547,-1.0135635812396193
453,1549090800,12,36,24,48,5,-0.45570819177024685,-1.100502417986249
453,1549105200,67,269,202,336,5,-0.031967589571942664,-0.7030677357159418
453,1549119600,301,420,119,721,5,-0.22955449958575866,-0.17177484448653818
453,1549134000,402,465,63,867,5,-0.36286614971556225,0.02970245971993697
453,1549148400,244,221,-23,465,5,-0.5675947552720463,-0.5250501176157001
453,1549162800,88,66,-22,154,5,-0.5652141900911569,-0.9542243752062054
453,1549177200,13,27,14,40,5,-0.47951384357914034,-1.1115422702715354
453,1549191600,56,174,118,230,5,-0.23193506476664802,-0.8493457784959855
453,1549206000,236,316,80,552,5,-0.3223965416404433,-0.4049917240132115
453,1549220400,388,343,-45,731,5,-0.619967189251612,-0.1579750291299303
453,1549234800,215,138,-77,353,5,-0.6961452750400712,-0.6796080496097084
453,1549249200,39,18,-21,57,5,-0.5628336249102676,-1.088082584165302
453,1549263600,14,147,133,161,5,-0.19622658705330775,-0.9445645044565799
453,1549278000,171,1394,1223,1565,5,2.398589460116083,0.9929295716111676
453,1549292400,359,781,422,1140,5,0.4917567502237142,0.4064374189553323
453,1549306800,1070,1120,50,2190,5,-0.39381349706712376,1.8554180313991606
453,1549321200,651,398,-253,1049,5,-1.1151247468765966,0.2808590992102005
453,1549335600,53,31,-22,84,6,-0.5619654728917544,-0.9025012819727857
453,1549350000,14,161,147,175,6,-0.18474636383486945,-0.8105911253048349
453,1549364400,147,1437,1290,1584,6,2.3665047702007485,0.6125013004659633
453,1549378800,350,949,599,1299,6,0.8241473479622428,0.324650809802601
453,1549393200,1070,1279,209,2349,6,-0.04635828832287617,1.3851526175097253
453,1549407600,660,414,-246,1074,6,-1.0619481973221816,0.09740042243678866
453,1549422000,55,32,-23,87,6,-0.5641975386258187,-0.8994712768079082
453,1549436400,12,141,129,153,6,-0.22492354704802878,-0.8328111631806032
453,1549450800,169,1476,1307,1645,6,2.4044498876798435,0.6741114054851391
453,1549465200,431,907,476,1338,6,0.5496032626723206,0.3640408769460085
453,1549479600,1291,1280,-11,2571,6,-0.5374127498170458,1.60937299971066
453,1549494000,698,383,-315,1081,6,-1.2159607329726256,0.10447043448816948
453,1549508400,50,26,-24,76,6,-0.5664296043598831,-0.9105812957457924
453,1549522800,12,132,120,144,6,-0.24501213865460844,-0.8419011786752357
453,1549537200,155,1494,1339,1649,6,2.4758759911699046,0.6781514123716424
453,1549551600,381,923,542,1304,6,0.6969196011205716,0.3297008184107302
453,1549566000,1074,1303,229,2377,6,-0.0017169736415880157,1.4134326657152487
453,1549580400,704,437,-267,1141,6,-1.108821577737534,0.16507053778571945
453,1549594800,83,30,-53,113,6,-0.631159510647751,-0.8732112320456366
453,1549609200,13,152,139,165,6,-0.2026028897073847,-0.8206911425210932
453,1549623600,199,1273,1074,1472,6,1.8843785716428365,0.49938110764387006
453,1549681200,2359,2652,293,5011,6,0.14113523333853406,4.073777200477692
453,1549695600,17,31,14,48,6,-0.48161110646543565,-0.9388613439513157
453,1549710000,98,281,183,379,6,-0.10439199740855076,-0.604550774093165
453,1549724400,359,405,46,764,6,-0.4101850029753746,-0.21570011126721947
453,1549738800,517,425,-92,942,6,-0.7182100742762628,-0.035919804817821255
453,1549753200,284,270,-14,554,6,-0.5441089470192391,-0.4278004728086443
453,1549767600,133,62,-71,195,6,-0.6713366938609103,-0.7903910908723183
453,1549782000,17,20,3,37,6,-0.5061638295401442,-0.9499713628891998
453,1549796400,73,183,110,256,6,-0.2673327959952525,-0.7287809858531424
453,1549810800,261,356,95,617,6,-0.3008137820062186,-0.36417036434621686
453,1549825200,367,364,-3,731,6,-0.5195562239445306,-0.24903016808087194
453,1549839600,225,118,-107,343,6,-0.751691060287229,-0.6409108360716951
453,1549854000,33,22,-11,55,6,-0.5374127498170458,-0.9317913318999348
453,1549868400,11,139,128,150,6,-0.22715561278209317,-0.8358411683454807
453,1549882800,129,1470,1341,1599,6,2.4803401226380335,0.6276513262903508
453,1549897200,338,854,516,1192,6,0.638885892034897,0.21658062558863692
453,1549911600,1130,1199,69,2329,6,-0.35884749109189323,1.3649525830772087
453,1549926000,610,432,-178,1042,6,-0.9101677274058019,0.06508036734476201
453,1549940400,46,19,-27,65,7,-0.6219327447156829,-1.030837960494173
453,1549954800,13,145,132,158,7,-0.2316908093968448,-0.9111078114671242
453,1549969200,140,1440,1300,1580,7,2.6349920865302177,0.9196047897851727
453,1549983600,333,734,401,1067,7,0.42852982331238454,0.2591578387004833
453,1549998000,1077,1060,-17,2137,7,-0.597389226771102,1.6366982629901863
453,1550012400,517,386,-131,903,7,-0.8771853313393254,0.04802080170654753
453,1550026800,51,24,-27,75,7,-0.6219327447156829,-1.0179637509213721
453,1550041200,13,134,121,147,7,-0.25868867913588395,-0.9252694419972052
453,1550055600,174,1489,1315,1663,7,2.671807363447089,1.0264607292394206
453,1550070000,371,929,558,1300,7,0.8138630550423065,0.5591269217467457
453,1550084400,1150,1269,119,2419,7,-0.2635973827248001,1.9997509729431733
453,1550098800,778,440,-338,1218,7,-1.3852361527921524,0.4535584032497778
453,1550113200,50,21,-29,71,7,-0.6268414483045992,-1.0231134347504924
453,1550127600,14,157,143,171,7,-0.2046929396578057,-0.8943713390224829
453,1550142000,175,1466,1291,1641,7,2.612902920380095,0.9981374681792585
453,1550156400,383,907,524,1290,7,0.7304150940307311,0.5462527121739448
453,1550170800,1336,1276,-60,2612,7,-0.7029263539328002,2.2482232176982317
453,1550185200,570,338,-232,908,7,-1.1250748625795937,0.05445790649294801
453,1550199600,55,37,-18,92,7,-0.59984357856556,-0.9960775946476105
453,1550214000,13,145,132,158,7,-0.2316908093968448,-0.9111078114671242
453,1550228400,128,1382,1254,1510,7,2.522091903985145,0.829485322775566
453,1550242800,368,952,584,1320,7,0.8776762016982171,0.5848753408923476
453,1550286000,1532,1680,148,3212,7,-0.19242118068551517,3.02067579206629
453,1550300400,9,54,45,63,7,-0.4452194155146996,-1.0334128024087332
453,1550314800,76,390,314,466,7,0.2150012171945297,-0.5145821566248545
453,1550329200,275,596,321,871,7,0.2321816797557364,0.006823331073584451
453,1550343600,461,561,100,1022,7,-0.31023006681950405,0.20122389562287898
453,1550358000,229,286,57,515,7,-0.41576719398120243,-0.4514985297181298
453,1550372400,109,93,-16,202,7,-0.5949348749766439,-0.8544612893467999
453,1550386800,17,33,16,50,7,-0.5163956175539846,-1.0501492748533745
453,1550401200,54,258,204,312,7,-0.05497748019586149,-0.7128449840459893
453,1550415600,233,458,225,691,7,-0.003436092512241356,-0.22491244123683288
453,1550430000,377,435,58,812,7,-0.4133128421867443,-0.06913450540594122
453,1550444400,200,156,-44,356,7,-0.6636567252214706,-0.6561984619256651
453,1550458800,58,32,-26,90,7,-0.6194783929212249,-0.9986524365621707
453,1550473200,9,95,86,104,7,-0.3445909919419175,-0.9806285431602493
453,1550487600,94,556,462,650,7,0.5782452827743287,-0.2776967004853168
453,1550502000,307,604,297,911,7,0.17327723668874195,0.0583201693647883
453,1550516400,651,606,-45,1257,7,-0.6661110770159288,0.5037678205837016
453,1550530800,340,199,-141,539,7,-0.9017288492839065,-0.4206004267434075
453,1550545200,40,24,-16,64,8,-0.6063766150301682,-1.2162474945442965
453,1550559600,45,160,115,205,8,-0.3384484695601465,-1.0454262172206592
453,1550574000,168,1478,1310,1646,8,2.1056288879717306,0.7003430070584974
453,1550588400,392,871,479,1263,8,0.4060236293031198,0.23633911191698664
453,1550602800,1177,1229,52,2406,8,-0.46729940974801953,1.621081806817109
453,1550617200,656,432,-224,1088,8,-1.0317892429520346,0.024326888288359015
453,1550631600,69,35,-34,104,8,-0.6431911693695604,-1.1677875577148957
453,1550645128,13,107,94,120,8,-0.3813987829561042,-1.1484035829831356
453,1550646000,2,43,41,45,8,-0.4897971929554259,-1.2392659645382618
453,1550660400,135,1454,1319,1589,8,2.1240361651414266,0.6312875970766015
453,1550674800,368,877,509,1245,8,0.4673812198687736,0.21453214034375637
453,1550689200,1131,1139,8,2270,8,-0.5572905425776451,1.4563180215971467
453,1550703600,613,419,-194,1032,8,-0.9704316523863808,-0.04351702327280183
453,1550718000,52,29,-23,81,8,-0.6206933861621541,-1.1956520213918012
453,1550732400,14,154,140,168,8,-0.2873171440887683,-1.0902516587878548
453,1550746800,185,1506,1321,1691,8,2.128126671179137,0.754860435991573
453,1550761200,355,881,526,1236,8,0.5021505211893108,0.20362865455714124
453,1550775600,1189,1332,143,2521,8,-0.2811813850322029,1.7604041252016356
453,1550790000,692,458,-234,1150,8,-1.052241773140586,0.09943979037392994
453,1550804400,80,38,-42,118,8,-0.6595531935204014,-1.1508265798246056
453,1550818800,16,154,138,170,8,-0.29140765012647857,-1.0878286619463848
453,1550833200,179,1324,1145,1503,8,1.7681621398606346,0.5270987328933903
453,1550847600,369,940,571,1309,8,0.5941869070377915,0.29206803927079733
453,1550862000,1200,1357,157,2557,8,-0.25254784276823117,1.8040180683480962
453,1550876400,703,414,-289,1117,8,-1.164730689177618,0.05946034248967445
453,1551510000,23,46,23,69,9,-0.5328582898483525,-1.0900799645229777
453,1551524400,80,368,288,448,9,0.7219909499670306,-0.3567203308776248
453,1551538800,298,525,227,823,9,0.43313886080198016,0.3688993594047165
453,1551553200,424,578,154,1002,9,0.08746340983396898,0.7152618248994874
453,1551567600,296,265,-31,561,9,-0.7885634179616758,-0.13806693087254593
453,1551582000,119,84,-35,203,9,-0.8075045385626627,-0.8307918618620878
453,1551596400,17,42,25,59,9,-0.5233877295478591,-1.1094298229305068
453,1551610800,73,268,195,341,9,0.28160989599408487,-0.5637638158381861
453,1551625200,246,443,197,689,9,0.2910804562945783,0.10961125674382657
453,1551639600,364,459,95,823,9,-0.191918119030588,0.3688993594047165
453,1551654000,186,118,-68,304,9,-0.9637687835208048,-0.6353582919460439
453,1551668400,33,26,-7,59,9,-0.6749166943557543,-1.1094298229305068
453,1551682800,19,120,101,139,9,-0.16350643812910765,-0.954630955670274
453,1551697200,159,943,784,1102,9,3.070689904489408,0.9087604089747785
453,1551711600,320,714,394,1034,9,1.223930645893184,0.7771813718035806
453,1551726000,997,1115,118,2112,9,-0.08300667557491326,2.8630961081352173
453,1551740400,569,413,-156,982,9,-1.3804734367425169,0.6765621080844293
453,1551754800,65,26,-39,91,10,-0.6692056800253385,-1.0944995578060739
453,1551769200,17,145,128,162,10,-0.266387984101515,-1.0049196603513129
453,1551783600,192,1517,1325,1709,10,2.620874183687807,0.9469127532052379
453,1551798000,406,881,475,1287,10,0.5706044738958909,0.4144801232628562
453,1551812400,1189,1280,91,2469,10,-0.3556350185277513,1.9057961625801432
453,1551826800,673,459,-214,1132,10,-1.0913200320413212,0.21891837529823738
453,1551841200,71,21,-50,92,10,-0.6957385821520574,-1.093237869109528
453,1551855600,12,176,164,188,10,-0.1795530316867985,-0.9721157542411187
453,1551870000,193,1381,1188,1574,10,2.2904189481095805,0.7765847791715376
453,1551884400,370,865,495,1235,10,0.6188461141262889,0.34887231104246796
453,1551898800,1227,1325,98,2552,10,-0.338750444447112,2.010516324393455
453,1551913200,696,425,-271,1121,10,-1.2288087066979556,0.20503979963623217
453,1551927600,74,34,-40,108,10,-0.6716177620368584,-1.073050849964793
453,1551942000,16,158,142,174,10,-0.23261883594023636,-0.9897793959927618
453,1551956400,187,1317,1130,1504,10,2.150518191441426,0.6882665704133226
453,1551970800,358,966,608,1324,10,0.8914113814280378,0.4611626050350556
453,1551985200,1136,1314,178,2450,10,-0.1457838835255199,1.8818240773457706
453,1551999600,683,482,-201,1165,10,-1.0599629658915626,0.260554102284253
453,1552014000,70,44,-26,114,10,-0.6378486138755798,-1.0654807177855175
453,1552028400,21,151,130,172,10,-0.2615638200784752,-0.9923027733858536
453,1552042800,187,1383,1196,1570,10,2.3097156042017395,0.7715380243853539
453,1552057200,394,914,520,1308,10,0.6791481644142864,0.4409755858903207
453,1552071600,1233,1391,158,2624,10,-0.19402552375591792,2.101357910544762
453,1552086000,557,506,-51,1063,10,-0.6981506641635773,0.13186185523656832
453,1552100400,154,64,-90,218,10,-0.7922218626128535,-0.934265093344741
453,1552114800,21,53,32,74,10,-0.4979478572074255,-1.1159482656473545
453,1552129200,96,409,313,505,10,0.17984718802966682,-0.5721604374360596
453,1552143600,361,615,254,976,10,0.03753434934999262,0.02209493863707258
453,1552158000,608,632,24,1240,10,-0.5172445132995848,0.3551807545251976
453,1552172400,354,334,-20,688,10,-0.6233761218064604,-0.3412714059681547
453,1552190400,147,102,-45,249,10,-0.6836781720944579,-0.8951527437518172
453,1552204800,31,58,27,89,10,-0.510008267265025,-1.0970229351991656
453,1552219200,79,269,190,348,10,-0.11683889938728108,-0.7702455627937703
453,1552233600,304,409,105,713,10,-0.3218658703664727,-0.30972918855450654
453,1552248000,382,357,-25,739,10,-0.6354365318640599,-0.27692528244431236
453,1552262400,196,112,-84,308,10,-0.777749370543734,-0.8207131106556074
453,1552276800,30,22,-8,52,10,-0.5944311376682215,-1.143705416971365
453,1552291200,34,402,368,436,10,0.3125116986632614,-0.6592169574977286
453,1552305600,204,1474,1270,1678,10,2.4882096730542123,0.9078004036123142
453,1552320000,422,722,300,1144,10,0.1484901218799081,0.2340586396567885
453,1552334400,1311,1342,31,2653,10,-0.5003599392189454,2.137946882744594
453,1552348800,437,267,-170,704,11,-0.9746894295664564,-0.34610106603467006
453,1552363200,31,17,-14,48,11,-0.6173614784407054,-1.1658892857206424
453,1552377600,33,431,398,464,11,0.3263508027375602,-0.646023585431977
453,1552392000,213,1531,1318,1744,11,2.433669488863784,0.9535631846869933
453,1552406400,419,852,433,1271,11,0.4065205353619274,0.36246588604146757
453,1552420800,1257,1256,-1,2513,11,-0.5875841491802262,1.9145649239225309
453,1552435200,452,266,-186,718,11,-1.0113384501947387,-0.32860558573649384
453,1552449600,53,40,-13,93,11,-0.6150709146514378,-1.1096538133336473
453,1552464000,33,434,401,467,11,0.3332224941053631,-0.6422745539395107
453,1552478400,213,1509,1296,1722,11,2.383277085499896,0.9260702870755735
453,1552492800,451,936,485,1387,11,0.5256298524038444,0.5074284370834993
453,1552507200,1389,1347,-42,2736,11,-0.6814972645401992,2.1932429315291952
453,1552521600,481,239,-242,720,11,-1.1396100223937262,-0.32610623140818296
453,1552536000,48,26,-22,74,11,-0.6356859887548465,-1.1333976794526008
453,1552550400,32,403,371,435,11,0.264505580427334,-0.6822642231924849
453,1552564800,204,1555,1351,1759,11,2.509258093909616,0.9723083421493249
453,1552579200,437,1000,563,1437,11,0.7042938279667199,0.5699122952912715
453,1552593600,1309,1273,-36,2582,11,-0.6677538818045934,2.0007926482492566
453,1552608000,482,301,-181,783,11,-0.9998856312484005,-0.24737657006638988
453,1552622400,63,21,-42,84,11,-0.6814972645401992,-1.1209009078110463
453,1552636800,35,399,364,434,11,0.2484716339024606,-0.6835139003566404
453,1552651200,226,1537,1311,1763,11,2.4176355423389104,0.9773070508059467
453,1552665600,512,981,469,1493,11,0.4889808317755623,0.6398942164839765
453,1552680000,1448,1336,-112,2784,11,-0.8418367297889336,2.2532274354086566
453,1552694400,434,363,-71,797,11,-0.7479236144289606,-0.22988108976821364
453,1552708800,73,45,-28,118,11,-0.6494293714904523,-1.0784118842297612
453,1552723200,16,106,90,122,11,-0.37914284435687134,-1.0734131755731393
453,1552737600,165,554,389,719,11,0.3057357286341515,-0.32735590857233837
453,1552752000,418,790,372,1208,11,0.2667961442166017,0.28373622469967447
453,1552766400,516,639,123,1155,11,-0.3035542393110394,0.21750333499943586
453,1552780800,263,266,3,529,11,-0.5784218940231556,-0.564794569761873
453,1552795200,57,47,-10,104,11,-0.6081992232836348,-1.0959073645279374
453,1552809600,77,72,-5,149,11,-0.5967464043372966,-1.0396718921409422
453,1552824000,98,370,272,468,11,0.03773976528983819,-0.6410248767753552
453,1552838400,325,529,204,854,11,-0.11801857238036098,-0.15864949141135323
453,1552852800,392,412,20,804,11,-0.5394823096056058,-0.2211333496191255
453,1552867200,182,115,-67,297,11,-0.73876135927189,-0.8547196718459364
453,1552881600,26,21,-5,47,11,-0.5967464043372966,-1.167138962884798
453,1552896000,37,355,318,392,11,0.14310569959614938,-0.7360003412511691
453,1552910400,192,1365,1173,1557,11,2.1015377394199772,0.719873554989925
453,1552924800,415,783,368,1198,11,0.25763388905953116,0.27123945305812003
453,1552939200,1290,1177,-113,2467,11,-0.8441272935782013,1.8570797743713805
453,1552953600,424,277,-147,701,12,-0.9819022438738584,-0.38941214570707455
453,1552968000,56,30,-26,86,12,-0.6958260411927285,-1.1863787667049144
453,1552982400,37,440,403,477,12,0.31844413194945925,-0.6796894190461251
453,1552996800,190,1614,1424,1804,12,2.7323598587051086,1.0399442493508397
453,1553011200,471,922,451,1393,12,0.43192890656676697,0.5073372880010638
453,1553025600,1360,1334,-26,2694,12,-0.6958260411927285,2.1932780585997462
453,1553040000,466,310,-156,776,12,-1.0031806391146036,-0.29222109436587457
453,1553054400,48,28,-20,76,12,-0.681640444365565,-1.1993375735504077
453,1553068800,31,437,406,468,12,0.325536930363041,-0.6913523452070691
453,1553083200,237,1501,1264,1738,12,2.3540772766474163,0.9544161241705837
453,1553097600,481,951,470,1432,12,0.47684996318611794,0.5578766346984878
453,1553112000,1342,1281,-61,2623,12,-0.7785753560178487,2.1012705299967434
453,1553126400,566,294,-272,860,12,-1.2774355111064306,-0.1833671168637306
453,1553140800,68,48,-20,116,12,-0.681640444365565,-1.1475023461684344
453,1553155200,51,426,375,477,12,0.25224468008936307,-0.6796894190461251
453,1553169600,224,1425,1201,1649,12,2.2051285099622,0.8390827432456931
453,1553184000,485,922,437,1407,12,0.39882918063671885,0.5254796175847545
453,1553198400,1293,1186,-107,2479,12,-0.8873315983594353,1.9146637114216394
453,1553212800,554,322,-232,876,12,-1.1828648655920075,-0.16263302591094128
453,1553227200,55,33,-22,88,12,-0.6863689766412862,-1.1837870053358157
453,1553241600,36,399,363,435,12,0.22387348643503613,-0.7341164077971971
453,1553256000,197,1370,1173,1567,12,2.1389290581021037,0.7328205271126478
453,1553270400,479,878,399,1357,12,0.30898706739801696,0.4606855833572879
453,1553284800,1237,1196,-41,2433,12,-0.7312900332606371,1.85505319993237
453,1553299200,420,378,-42,798,12,-0.7336542993984977,-0.26371171930578924
453,1553313600,96,58,-38,154,12,-0.7241972348470554,-1.0982588801555597
453,1553328000,38,174,136,212,12,-0.31281492685931495,-1.0230978004516984
453,1553342400,191,725,534,916,12,0.6281629960091949,-0.11079779852896797
453,1553356800,468,758,290,1226,12,0.05128205837121399,0.29092521368132523
453,1553371200,515,660,145,1175,12,-0.29153653161856974,0.22483529876930927
453,1553385600,270,324,54,594,12,-0.5066847501638823,-0.5280713789538531
453,1553400000,58,61,3,119,12,-0.6272623231947717,-1.1436147041147864
453,1553414400,24,105,81,129,12,-0.4428495644416467,-1.130655897269293
453,1553428800,127,497,370,624,12,0.2404233494000602,-0.4891949584173732
453,1553443200,308,663,355,971,12,0.2049593573321515,-0.039524360878754654
453,1553457600,376,503,127,879,12,-0.33409332210006015,-0.15874538385729328
453,1553472000,185,154,-31,339,12,-0.7076473718820314,-0.8585209535139331
453,1553486400,23,21,-2,44,12,-0.6390836538840746,-1.2408057554559864
453,1553500800,33,366,333,399,12,0.15294550229921883,-0.7807681124409731
453,1553515200,213,1449,1236,1662,12,2.28787782478732,0.8559291921448344
453,1553529600,392,820,428,1212,12,0.3775507853959737,0.27278288409763457
453,1553544000,1272,1326,54,2598,12,-0.5066847501638823,2.0688735128830102
453,1553558400,424,254,-170,678,13,-1.0158067756939662,-0.2835384522139599
453,1553572800,40,37,-3,77,13,-0.5830774471648188,-1.0301172464334118
453,1553587200,32,411,379,443,13,0.4067585019258058,-0.5754619408022646
453,1553601600,223,1445,1222,1668,13,2.591134693243598,0.9462668826899625
453,1553616000,466,872,406,1338,13,0.47672072869399135,0.5363317710553217
453,1553630400,1411,1335,-76,2746,13,-0.7722345787973203,2.2853882473631226
453,1553644800,529,319,-210,848,13,-1.119454519054241,-0.07235975834156917
453,1553659200,50,35,-15,85,13,-0.6141717701729013,-1.0201794255452992
453,1553673600,37,450,413,487,13,0.4948590837820394,-0.5208039259176459
453,1553688000,236,1301,1065,1537,13,2.184317300554519,0.7835350656471203
453,1553702400,438,951,513,1389,13,0.7539784421827266,0.5996853792170389
453,1553716800,1382,1439,57,2821,13,-0.42760583212440656,2.378555318189177
453,1553731200,516,283,-233,799,13,-1.179051971486399,-0.13322891128125827
453,1553745600,52,36,-16,88,13,-0.6167629637569082,-1.0164527427122572
453,1553760000,45,420,375,465,13,0.3963937275897783,-0.5481329333599553
453,1553774400,239,1502,1263,1741,13,2.6973736301878795,1.036949498293989
453,1553788800,437,957,520,1394,13,0.7721167972707746,0.6058965172721092
453,1553803200,1371,1356,-15,2727,13,-0.6141717701729013,2.2617859227538553
453,1553817600,548,332,-216,880,13,-1.1350016805582823,-0.03260847478911916
453,1553832000,61,31,-30,92,13,-0.6530396739330043,-1.011483832268201
453,1553846400,33,420,387,453,13,0.42748805059786077,-0.5630396646921241
453,1553852997,83,846,763,929,13,1.4017768381844442,0.028260678150569932
453,1553857365,85,392,307,477,13,0.22019256387731112,-0.5332262020277866
453,1553860800,93,226,133,319,13,-0.23067511973988442,-0.7294981645680085
453,1553875200,526,895,369,1421,13,0.3808465660857371,0.639436662769489
453,1553889600,1223,1365,142,2588,13,-0.20735437748382257,2.0891162848229006
453,1553904000,436,305,-131,741,13,-0.9147502259176982,-0.2052781127200739
453,1553918400,71,26,-45,97,13,-0.6919075776931073,-1.0052726942131305
453,1553932800,19,95,76,114,13,-0.37837315402827604,-0.9841548248258914
453,1553947200,145,420,275,565,13,0.13727436918909125,-0.423910172258549
453,1553961600,298,467,169,765,13,-0.13739215071563707,-0.17546465005573642
453,1553976000,381,410,29,791,13,-0.500159252476599,-0.14316673216937076
453,1553990400,248,222,-26,470,13,-0.6426748995969769,-0.541921795304885
453,1554004800,44,25,-19,69,13,-0.6245365445089288,-1.0400550673215243
453,1554019200,12,60,48,72,13,-0.4509265743804684,-1.036328384488482
453,1554033600,95,302,207,397,13,-0.03892679452337597,-0.6326044109089116
453,1554048000,264,342,78,606,13,-0.3731907668602623,-0.3729788402069724
453,1554062400,256,239,-17,495,13,-0.619354157340915,-0.5108661050295334
453,1554076800,140,74,-66,214,13,-0.7463226429572516,-0.8599320637244852
453,1554091200,18,16,-2,34,13,-0.580486253580812,-1.0835330337070164
453,1554105600,30,424,394,454,13,0.4456264056859089,-0.56179743708111
453,1554120000,205,1485,1280,1690,13,2.7414239211159965,0.9735958901322719
453,1554134400,406,786,380,1192,13,0.4093496955098127,0.3549665398472685
453,1554148800,1405,1214,-191,2619,13,-1.0702218409581106,2.1276253407643364
453,1554163200,270,186,-84,456,14,-0.7511363901503424,-0.37861264706081504
453,1554177600,0,0,0,0,14,-0.5557800182778464,-0.8771474986599026
453,1554192000,37,422,385,459,14,0.33960335280442683,-0.37533281251082107
453,1554206400,232,1541,1309,1773,14,2.4885234434018826,1.0612347203865498
453,1554220800,442,898,456,1340,14,0.5047260004585603,0.5878452670040828
453,1554235200,1401,1366,-35,2767,14,-0.6371785065580531,2.1479532346178942
453,1554249600,283,145,-138,428,14,-0.8767226292112327,-0.4092244361940924
453,1554264000,0,0,0,0,14,-0.5557800182778464,-0.8771474986599026
453,1554278400,38,438,400,476,14,0.37448841921022963,-0.3567470833941884
453,1554292800,242,1508,1266,1750,14,2.3885195863719146,1.036089322169929
453,1554307200,486,952,466,1438,14,0.5279827113957622,0.6949865289705534
453,1554321600,1472,1338,-134,2810,14,-0.8674199448363519,2.1949641965011413
453,1554336000,309,243,-66,552,14,-0.709274310463379,-0.27365794146100714
453,1554350400,0,5,5,5,14,-0.5441516628092454,-0.8716811077432459
453,1554364800,32,426,394,458,14,0.36053439264790854,-0.3764260906941524
453,1554379200,206,1544,1338,1750,14,2.5559679051197683,1.036089322169929
453,1554393600,451,981,530,1432,14,0.6768256613938544,0.6884268598705654
453,1554408000,1313,1316,3,2629,14,-0.5488030049966859,1.9970808453181703
453,1554422400,312,248,-64,560,14,-0.7046229682759386,-0.2649117159943565
453,1554436800,0,1,1,1,14,-0.5534543471841262,-0.8760542204765713
453,1554451200,30,421,391,451,14,0.35355737936674797,-0.3840790379774717
453,1554465600,236,1427,1191,1663,14,2.2140942543429,0.9409741202201032
453,1554480000,523,1006,483,1529,14,0.5675191199890054,0.7944748436537047
453,1554494400,1305,1214,-91,2519,14,-0.7674160878063837,1.8768202451517237
453,1554508800,274,229,-45,503,14,-0.6604352174952549,-0.3272285724442424
453,1554523200,0,0,0,0,14,-0.5557800182778464,-0.8771474986599026
453,1554537600,1,1,0,2,14,-0.5557800182778464,-0.87496094229324
453,1554552000,0,0,0,0,14,-0.5557800182778464,-0.8771474986599026
453,1554566400,0,1,1,1,14,-0.5534543471841262,-0.8760542204765713
453,1554580800,0,0,0,0,14,-0.5557800182778464,-0.8771474986599026
453,1554595200,0,0,0,0,14,-0.5557800182778464,-0.8771474986599026
453,1554609600,1,1,0,2,14,-0.5557800182778464,-0.87496094229324
453,1554624000,0,1,1,1,14,-0.5534543471841262,-0.8760542204765713
453,1554638400,0,0,0,0,14,-0.5557800182778464,-0.8771474986599026
453,1554652800,0,0,0,0,14,-0.5557800182778464,-0.8771474986599026
453,1554667200,0,1,1,1,14,-0.5534543471841262,-0.8760542204765713
453,1554681600,0,0,0,0,14,-0.5557800182778464,-0.8771474986599026
453,1554696000,0,0,0,0,14,-0.5557800182778464,-0.8771474986599026
453,1554710400,28,435,407,463,14,0.390768116866271,-0.3709596997774957
453,1554724800,212,1494,1282,1706,14,2.425730323871438,0.9879850821033505
453,1554739200,415,868,453,1283,14,0.49774898717739974,0.5255284105541969
453,1554753600,1279,1210,-69,2489,14,-0.7162513237445395,1.8440218996517839
453,1554768000,217,164,-53,381,15,-0.6801762427338642,-0.45105864891108965
453,1554782400,0,3,3,3,15,-0.5495077364110635,-0.8698065063529036
453,1554796800,36,414,378,450,15,0.3255045827148338,-0.3746205479494887
453,1554811200,212,1530,1318,1742,15,2.5188687959904166,1.0566551975923726
453,1554825600,439,895,456,1334,15,0.5075071450930204,0.6046733832107323
453,1554840000,1394,1312,-82,2706,15,-0.7478438620796003,2.1245730139254646
453,1554854400,234,135,-99,369,15,-0.7875110872133076,-0.4643522316870203
453,1554868800,1,1,0,2,15,-0.5565078349640707,-0.8709143049175645
453,1554883200,40,434,394,474,15,0.3628384416642054,-0.3480333823976275
453,1554897600,225,1529,1304,1754,15,2.4862016694097164,1.0699487803683032
453,1554912000,459,945,486,1404,15,0.5775081306230923,0.6822192827369941
453,1554926400,1316,1399,83,2715,15,-0.3628384416642054,2.1345432010074123
453,1554940800,294,247,-47,541,15,-0.6661760456278498,-0.2738108785653483
453,1554955200,1,6,5,7,15,-0.5448410040423921,-0.86537531209426
453,1554969600,43,430,387,473,15,0.34650487837385535,-0.34914118096228836
453,1554984000,226,1567,1341,1793,15,2.5725362182301383,1.1131529243900777
453,1554998400,459,931,472,1390,15,0.5448410040423921,0.6667101028317417
453,1555012800,1374,1217,-157,2591,15,-0.9228463259047798,1.9971761789894629
453,1555027200,314,203,-111,517,15,-0.8155114814253364,-0.3003980441172095
453,1555041600,0,8,8,8,15,-0.5378409054893849,-0.8642675135295992
453,1555056000,29,403,374,432,15,0.3161711179774909,-0.3945609221133846
453,1555070400,223,1428,1205,1651,15,2.2551984171604795,0.9558455282082323
453,1555084800,481,943,462,1424,15,0.5215073421990348,0.7043752540302117
453,1555099200,1202,1213,11,2415,15,-0.5308408069363777,1.8022036316091474
453,1555113600,277,252,-25,529,15,-0.6148419895724638,-0.2871044613412789
453,1555128000,0,2,2,2,15,-0.5518411025953992,-0.8709143049175645
453,1555142400,0,1,1,1,15,-0.554174468779735,-0.8720221034822253
453,1555156800,0,1,1,1,15,-0.554174468779735,-0.8720221034822253
453,1555171200,0,0,0,0,15,-0.5565078349640707,-0.8731299020468862
453,1555185600,0,1,1,1,15,-0.554174468779735,-0.8720221034822253
453,1555200000,0,0,0,0,15,-0.5565078349640707,-0.8731299020468862
453,1555214400,1,2,1,3,15,-0.554174468779735,-0.8698065063529036
453,1555228800,0,0,0,0,15,-0.5565078349640707,-0.8731299020468862
453,1555243200,0,1,1,1,15,-0.554174468779735,-0.8720221034822253
453,1555257600,2,3,1,5,15,-0.554174468779735,-0.8675909092235818
453,1555272000,0,0,0,0,15,-0.5565078349640707,-0.8731299020468862
453,1555286400,0,2,2,2,15,-0.5518411025953992,-0.8709143049175645
453,1555300800,1,1,0,2,15,-0.5565078349640707,-0.8709143049175645
453,1555315200,28,398,370,426,15,0.306837653240148,-0.40120771350134987
453,1555329600,211,1439,1228,1650,15,2.3088658394002013,0.9547377296435714
453,1555344000,425,883,458,1308,15,0.512173877461692,0.5758706205295493
453,1555358400,1379,1217,-162,2596,15,-0.9345131568264583,2.0027151718127674
453,1555372800,345,241,-104,586,16,-0.8319333449125783,-0.24223097161918083
453,1555387200,21,18,-3,39,16,-0.5816098061752285,-0.8602912050686544
453,1555401600,43,467,424,510,16,0.4766887189816859,-0.32810405707102724
453,1555416000,244,1562,1318,1806,16,2.6924238044390196,1.1362580316867747
453,1555430400,430,949,519,1379,16,0.7121415524475101,0.6537868805296904
453,1555444800,1329,1501,172,2830,16,-0.14788090242239474,2.293284867248495
453,1555459200,357,248,-109,605,16,-0.8443255993055163,-0.22076270025621922
453,1555473600,21,29,8,50,16,-0.5543468465107647,-0.8478622058585187
453,1555488000,33,454,421,487,16,0.4692533663459231,-0.3540919645104018
453,1555502400,233,1474,1241,1707,16,2.501583086787773,1.0243970387955539
453,1555516800,457,1014,557,1471,16,0.8063226858338397,0.7577385102871886
453,1555531200,1340,1293,-47,2633,16,-0.6906616448330838,2.070692790485156
453,1555545600,411,271,-140,682,16,-0.9211575765417327,-0.13375970578526958
453,1555560000,27,18,-9,45,16,-0.5964805114467543,-0.853511750954035
453,1555574400,34,463,429,497,16,0.48908097337462403,-0.3427928743193694
453,1555588800,238,1524,1286,1762,16,2.6131133763242156,1.086542034846232
453,1555603200,498,990,492,1488,16,0.6452233787256443,0.7769469636119437
453,1555617600,1432,1441,9,2873,16,-0.551868395632177,2.3418709550699344
453,1555632000,434,247,-187,681,16,-1.0376447678353509,-0.1348896148043728
453,1555646400,35,15,-20,50,16,-0.6237434711112181,-0.8478622058585187
453,1555660800,29,347,318,376,16,0.21397292585139804,-0.47951186563086173
453,1555675200,232,1176,944,1408,16,1.7654831758472493,0.6865542420836843
453,1555689600,519,954,435,1473,16,0.5039516786461498,0.759998328325395
453,1555704000,999,981,-18,1980,16,-0.6187865693540429,1.3328622010107392
453,1555718400,265,232,-33,497,16,-0.6559633325328571,-0.3427928743193694
453,1555732800,14,18,4,32,16,-0.5642606500251152,-0.8682005682023771
453,1555747200,0,0,0,0,16,-0.5741744535394657,-0.9043576568136809
453,1555761600,0,0,0,0,16,-0.5741744535394657,-0.9043576568136809
453,1555776000,0,0,0,0,16,-0.5741744535394657,-0.9043576568136809
453,1555790400,1,0,-1,1,16,-0.5766529044180533,-0.9032277477945776
453,1555804800,0,0,0,0,16,-0.5741744535394657,-0.9043576568136809
453,1555819200,0,0,0,0,16,-0.5741744535394657,-0.9043576568136809
453,1555833600,0,0,0,0,16,-0.5741744535394657,-0.9043576568136809
453,1555848000,0,0,0,0,16,-0.5741744535394657,-0.9043576568136809
453,1555862400,1,1,0,2,16,-0.5741744535394657,-0.9020978387754743
453,1555876800,0,0,0,0,16,-0.5741744535394657,-0.9043576568136809
453,1555891200,0,0,0,0,16,-0.5741744535394657,-0.9043576568136809
453,1555905600,0,0,0,0,16,-0.5741744535394657,-0.9043576568136809
453,1555920000,30,357,327,387,16,0.23627898375868664,-0.46708286642072605
453,1555934400,230,1335,1105,1565,16,2.1645137672998565,0.8639499580828934
453,1555948800,423,843,420,1266,16,0.46677491546733546,0.526107161371024
453,1555963200,1238,1210,-28,2448,16,-0.643571078139919,1.8616596219510564
453,1555977600,324,210,-114,534,17,-0.9190584886117028,-0.4502498672267972
453,1555992000,19,15,-4,34,17,-0.6457545353813947,-1.0980470179367685
453,1556006400,33,447,414,480,17,0.39280048689377617,-0.5202119595034741
453,1556020800,243,1525,1282,1768,17,2.549417136020207,1.1485135007254121
453,1556035200,506,843,337,1349,17,0.20148771963256049,0.605659488430456
453,1556049600,1277,1379,102,2656,17,-0.3823889077230977,2.299001240386321
453,1556064000,377,252,-125,629,17,-0.9463888839347335,-0.32716840859190266
453,1556078400,25,12,-13,37,17,-0.6681157679184199,-1.0941602350325088
453,1556092800,34,412,378,446,17,0.3033555567456753,-0.5642621657517521
453,1556107200,217,1497,1280,1714,17,2.5444479732342016,1.078551408448735
453,1556121600,508,913,405,1421,17,0.37043925435675096,0.6989422781326919
453,1556136000,1266,1306,40,2572,17,-0.5364329540892714,2.190171319067046
453,1556150400,412,303,-109,715,17,-0.9066355816466888,-0.2157472986697876
453,1556164800,20,13,-7,33,17,-0.6532082795604031,-1.0993426122381884
453,1556179200,36,422,386,458,17,0.3232322078896977,-0.5487150341347129
453,1556193600,235,1510,1275,1745,17,2.5320250662691874,1.1187148317927533
453,1556208000,496,886,390,1382,17,0.33317053346170894,0.6484141003773142
453,1556222400,1376,1321,-55,2697,17,-0.7724681864245375,2.352120606744539
453,1556236800,415,262,-153,677,17,-1.015957162938812,-0.2649798821237454
453,1556251200,34,18,-16,52,17,-0.6755695120974283,-1.0747263205112096
453,1556265600,32,390,358,422,17,0.2536639288856193,-0.5953564289858309
453,1556280000,221,1392,1171,1613,17,2.2736286013968963,0.947696384005321
453,1556294400,467,946,479,1413,17,0.5542982774389582,0.6885775237213324
453,1556308800,1228,1236,8,2464,17,-0.615939558665361,2.050247134513692
453,1556323200,375,287,-88,662,17,-0.8544593723936299,-0.28441379664504457
453,1556337600,57,44,-13,101,17,-0.6681157679184199,-1.0112421997416323
453,1556352000,16,78,62,94,17,-0.4817721634432097,-1.020311359851572
453,1556366400,160,510,350,670,17,0.23378727774159688,-0.27404904223368504
453,1556380800,375,631,256,1006,17,0.00023662679933361688,0.16127064304341573
453,1556395200,472,493,21,965,17,-0.5836400005563246,0.10815127668519808
453,1556409600,252,254,2,506,17,-0.6308470470233778,-0.48652650766655564
453,1556424000,67,43,-24,110,17,-0.6954461632414507,-0.9995818510288529
453,1556438400,16,61,45,77,17,-0.5240100471242574,-1.042336462975711
453,1556452800,104,322,218,426,17,-0.09417746613477282,-0.590174051780151
453,1556467200,292,486,194,778,17,-0.15380741956684005,-0.1341248576803312
453,1556481600,298,383,85,681,17,-0.42462679140414533,-0.25979750491806564
453,1556496000,160,110,-50,270,17,-0.7600452794595235,-0.7922867628016621
453,1556510400,25,13,-12,38,17,-0.6656311865254171,-1.0928646407310887
453,1556522941,22,246,224,268,17,-0.07926997777675601,-0.794877951404502
453,1556524800,12,198,186,210,17,-0.17368407071086245,-0.8700224208868587
453,1556539200,224,1409,1185,1633,17,2.3084127408989357,0.9736082700337197
453,1556553600,410,808,398,1218,17,0.3530471846057313,0.43593663494444357
453,1557547200,59,32,-27,91,19,-0.6982252032536197,-0.8750676373534401
453,1557561600,15,109,94,124,19,-0.306983241092711,-0.8258039198867787
453,1557576000,141,532,391,673,19,0.6533379387567921,-0.0062348020323224835
453,1557590400,335,646,311,981,19,0.39466556708015826,0.45355989432318305
453,1557604800,483,527,44,1010,19,-0.4686534733906072,0.4968522520969157
453,1557619200,260,221,-39,481,19,-0.7370260590051149,-0.2928600672928974
453,1557633600,54,47,-7,101,19,-0.6335571103344613,-0.8601392381211185
453,1557648000,16,58,42,74,19,-0.47512028268252304,-0.9004459160483868
453,1557662400,112,349,237,461,19,0.15539362327927198,-0.32271686575754055
453,1557676800,210,384,174,594,19,-0.04831086941607719,-0.12416915596766319
453,1557691200,280,295,15,575,19,-0.562422208123387,-0.15253311450907425
453,1557705600,164,115,-49,279,19,-0.769360105464694,-0.5944137317857938
453,1557720000,20,15,-5,35,19,-0.6270903010425455,-0.9586666730544411
453,1557734400,35,414,379,449,19,0.6145370830052971,-0.3406309448363265
453,1557748800,192,1458,1266,1650,19,3.4825670039699745,1.4522698029654986
453,1557763200,434,798,364,1232,19,0.5660360133159282,0.8282627150544554
453,1557777600,1340,1362,22,2702,19,-0.5397883756016815,3.022737402205732
453,1557792000,370,251,-119,621,20,-0.8996498065162295,-0.46061965637501007
453,1557806400,32,23,-9,55,20,-0.6316135514884035,-1.1379949552786353
453,1557820800,39,431,392,470,20,0.3455004327493985,-0.6413328544924083
453,1557835200,250,1609,1359,1859,20,2.701782783766742,1.0209892129583606
453,1557849600,462,979,517,1441,20,0.6500870861901099,0.5207367837327153
453,1557864000,1404,1361,-43,2765,20,-0.714461121224277,2.10526840166275
453,1557878400,504,307,-197,811,20,-1.0897118782632333,-0.23323218854517128
453,1557892800,39,17,-22,56,20,-0.6632905634462375,-1.1367981791321624
453,1557907200,31,473,442,504,20,0.467335094125683,-0.6006424655123319
453,1557909223,21,218,197,239,20,-0.1296547466181112,-0.9177881443276333
453,1557921600,219,1214,995,1433,20,1.8148264489473902,0.5111625745609326
453,1557936000,500,981,481,1481,20,0.562366129999185,0.5686078295916287
453,1557950400,1408,1412,4,2820,20,-0.5999365395305696,2.1710910897187556
453,1557964800,501,349,-152,850,20,-0.9800606830245773,-0.18655791883273068
453,1557979200,46,30,-16,76,20,-0.6486704040810833,-1.1128626562027055
453,1557993600,41,494,453,535,20,0.4941387196284657,-0.563542404971674
453,1558008000,246,1587,1341,1833,20,2.657922305671279,0.9898730331500669
453,1558022400,486,992,506,1478,20,0.6232834606873272,0.5650175011522102
453,1558036800,1404,1324,-80,2728,20,-0.8046187706427276,2.060987684243255
453,1558051200,577,365,-212,942,20,-1.1262622766761188,-0.0764545133572298
453,1558065600,50,27,-23,77,20,-0.6657272566737632,-1.1116658800562327
453,1558080000,42,436,394,478,20,0.3503738192044499,-0.6317586453206256
453,1558094400,247,1323,1076,1570,20,2.012198600376971,0.6751209066277111
453,1558108800,534,965,431,1499,20,0.44053146862290044,0.5901498002281398
453,1558123200,1261,1468,207,2729,20,-0.1052878143428543,2.062184460389728
453,1558137600,488,378,-110,866,20,-0.8777195674684983,-0.1674095004891653
453,1558152000,73,36,-37,109,20,-0.6998409618591228,-1.073369043369102
453,1558166400,30,106,76,136,20,-0.42449462714871977,-1.0410560874143355
453,1558180800,204,548,344,752,20,0.22853915782816536,-0.3038419811870686
453,1558195200,408,606,198,1014,20,-0.1272180533905855,0.00971336918881438
453,1558209600,497,671,174,1168,20,-0.18569869085120208,0.1940168957456311
453,1558224000,311,252,-59,563,20,-0.753448212864688,-0.5300326728704345
453,1558238400,71,55,-16,126,20,-0.6486704040810833,-1.0530238488790638
453,1558252800,16,80,64,96,20,-0.4537349458790281,-1.0889271332732489
453,1558267200,128,385,257,513,20,0.01654684703343025,-0.5898714801940763
453,1558281600,312,523,211,835,20,-0.09554104143275152,-0.20450956102982323
453,1558296000,381,431,50,812,20,-0.48784865106438774,-0.23203541239869846
453,1558310400,245,158,-87,403,20,-0.8216756232354074,-0.7215168563060883
453,1558324800,33,22,-11,55,20,-0.6364869379434549,-1.1379949552786353
453,1558339200,34,444,410,478,20,0.38936091084486096,-0.6317586453206256
453,1558353600,241,1512,1271,1753,20,2.4873537797444807,0.89413094143224
453,1558368000,504,833,329,1337,20,0.19198875941527999,0.39627206449954033
453,1558382400,1557,1330,-227,2887,20,-1.1628126750890042,2.251275091532436
453,1558396800,523,278,-245,801,21,-1.2429521214630694,-0.0825356015406896
453,1558411200,50,19,-31,69,21,-0.6470988136754504,-1.0679626049453341
453,1558425600,42,467,425,509,21,0.6225699169374198,-0.4756294334999194
453,1558440000,237,1074,837,1311,21,1.7697267524911535,0.6040323926346775
453,1558454400,484,958,474,1442,21,0.7590036182532764,0.7803861323150169
453,1558468800,1381,1302,-79,2683,21,-0.7807481537399632,2.4510349181417435
453,1558483200,463,307,-156,770,21,-0.9951439700934522,-0.12426816589252565
453,1558497600,58,15,-43,73,21,-0.6805111486915786,-1.062577757932194
453,1558512000,38,475,437,513,21,0.655982251953548,-0.47024458648677925
453,1558526400,233,1560,1327,1793,21,3.1340637656497203,1.2529064577180635
453,1558540800,452,991,539,1443,21,0.9399870995906373,0.7817323440683018
453,1558555200,1355,1423,68,2778,21,-0.37144704979239307,2.5789250347038215
453,1558569600,482,331,-151,813,21,-0.9812221638367321,-0.06638106050126921
453,1558584000,47,33,-14,80,21,-0.5997646724026022,-1.0531542756591987
453,1558598400,32,417,385,449,21,0.5111954668836594,-0.5564021386970214
453,1558612800,217,1444,1227,1661,21,2.8556276405153187,1.0752065062844391
453,1558627200,490,1020,530,1510,21,0.9149278483285412,0.8719285315383991
453,1558641600,1408,1339,-69,2747,21,-0.7529045412265231,2.5371924703519855
453,1558656000,526,318,-208,844,21,-1.1399307551633409,-0.02464849614943317
453,1558670400,48,23,-25,71,21,-0.6303926461673863,-1.065270181438764
453,1558684800,44,396,352,440,21,0.41931154558930683,-0.5685180444765867
453,1558699200,237,1314,1077,1551,21,2.4379734528137167,0.9271232134230855
453,1558713600,687,1017,330,1704,21,0.3580555980597385,1.1330936116756956
453,1558728000,920,960,40,1880,21,-0.44940916483002546,1.3700268802538615
453,1558742400,344,313,-31,657,21,-0.6470988136754504,-0.27639009401373443
453,1558756800,69,44,-25,113,21,-0.6303926461673863,-1.0087292878007927
453,1558771200,25,95,70,120,21,-0.36587832728970504,-0.9993058055277974
453,1558785600,144,430,286,574,21,0.23554370300060196,-0.3881256695363922
453,1558800000,358,493,135,851,21,-0.18489484595234412,-0.015225013876437937
453,1558814400,425,521,96,946,21,-0.2934849347547607,0.11266510268564024
453,1558828800,256,259,3,515,21,-0.5524305311297539,-0.4675521629802092
453,1558843200,73,40,-33,113,21,-0.6526675361781384,-1.0087292878007927
453,1558857600,15,52,37,67,21,-0.45776224858405745,-1.070655028451904
453,1558872000,106,302,196,408,21,-0.015048809620359293,-0.6115968205817077
453,1558886400,274,437,163,711,21,-0.10693273091471174,-0.20369465933634262
453,1558900800,327,420,93,747,21,-0.3018380185087927,-0.15523103621808143
453,1558915200,199,143,-56,342,21,-0.7167078449590508,-0.70044679629852
453,1558929600,41,27,-14,68,21,-0.5997646724026022,-1.069308816698619
453,1558944000,17,65,48,82,21,-0.42713427481927335,-1.0504618521526288
453,1558958400,123,306,183,429,21,-0.05124550588783147,-0.5833263737627221
453,1558972800,275,459,184,734,21,-0.04846114463648746,-0.17273178901078684
453,1558987200,354,451,97,805,21,-0.29070057350341666,-0.07715075452754948
453,1559001600,200,137,-63,337,22,-0.7860770472947213,-0.7987849404334618
453,1559016000,22,17,-5,39,22,-0.6438756744141375,-1.162122355554308
453,1559030400,38,461,423,499,22,0.40547238753223935,-0.6012659429516595
453,1559044800,255,1485,1230,1740,22,2.3840328688189825,0.9118271180046169
453,1559059200,445,856,411,1301,22,0.3760514138328082,0.3765750198903499
453,1559073600,1572,1296,-276,2868,22,-1.3082993304596238,2.287144581951982
453,1559088000,413,283,-130,696,22,-0.9503441504498784,-0.3610730879892207
453,1559102400,32,21,-11,53,22,-0.658586161263853,-1.1450528125620536
453,1559116800,33,481,448,514,22,0.4667660827393875,-0.5829771468885295
453,1559131200,209,1492,1283,1701,22,2.5139755026581363,0.8642762482404792
453,1559145600,458,862,404,1320,22,0.3588891791748067,0.39974082823698104
453,1559160000,1456,1323,-133,2779,22,-0.9576993938747361,2.178631058644078
453,1559174400,423,263,-160,686,22,-1.0238965846984562,-0.373265618697974
453,1559188800,37,22,-15,59,22,-0.6683931524969967,-1.1377372941368016
453,1559203200,42,476,434,518,22,0.43244161342338455,-0.5781001346050283
453,1559217600,241,1435,1194,1676,22,2.2957699477206894,0.8337949214685961
453,1559232000,481,930,449,1411,22,0.46921783054767346,0.5106928576866355
453,1559246400,1359,1509,150,2868,22,-0.2638547641298188,2.287144581951982
453,1559260800,543,323,-220,866,22,-1.1710014531956119,-0.15380006594041576
453,1559275200,53,33,-20,86,22,-0.6806518915384264,-1.104817461223168
453,1559289600,34,466,432,500,22,0.4275381178068127,-0.6000466898807841
453,1559304000,250,1370,1120,1620,22,2.1143406099075306,0.765516749499578
453,1559318400,544,988,444,1532,22,0.4569590915062438,0.6582224792625496
453,1559332800,1132,1278,146,2410,22,-0.2736617553629625,1.7287266754910835
453,1559347200,432,367,-65,799,22,-0.7909805429112932,-0.2354900216890624
453,1559361600,87,49,-38,136,22,-0.724783352087573,-1.0438548076794019
453,1559376000,27,130,103,157,22,-0.37908691111925735,-1.01825049319102
453,1559390400,234,509,275,743,22,0.042613711905922134,-0.3037681936580805
453,1559404800,395,690,295,1085,22,0.09164866807164068,0.11321635658128007
453,1559419200,477,549,72,1026,22,-0.45509109317612106,0.04128042539963599
453,1559433600,302,313,11,615,22,-0.6046477094815627,-0.4598325867301219
453,1559448000,94,52,-42,146,22,-0.7345903433207168,-1.0316622769706485
453,1559462400,22,76,54,98,22,-0.4992225537252678,-1.090186424372664
453,1559476800,127,378,251,505,22,-0.01622823549294012,-0.5939504245264075
453,1559491200,325,676,351,1001,22,0.2289465453356526,0.010799098627752904
453,1559505600,376,490,114,866,22,-0.35211768522811215,-0.15380006594041576
453,1559520000,177,142,-35,319,22,-0.7174281086627153,-0.8207314957092177
453,1559534400,28,17,-11,45,22,-0.658586161263853,-1.1548068371290563
453,1559548800,36,410,374,446,22,0.2853367449262289,-0.6658863557080515
453,1559563200,234,1476,1242,1710,22,2.4134538425184138,0.8752495258783571
453,1559577600,443,821,378,1264,22,0.2951437361593726,0.33146265626796295
453,1559592000,1337,1293,-44,2630,22,-0.7394938389372886,1.9969623510836547
453,1559606400,465,342,-123,807,23,-0.8953419945618172,-0.2720236694117258
453,1559620800,39,29,-10,68,23,-0.6311974613243967,-1.1778353474721428
453,1559635200,46,478,432,524,23,0.4020050492148944,-0.6189041902386514
453,1559649600,247,1532,1285,1779,23,2.3959456408212634,0.9193822183754534
453,1559664000,437,958,521,1395,23,0.610048088667376,0.44870334912619747
453,1559678400,1382,1221,-161,2603,23,-0.9841693597213038,1.9293806253061487
453,1559692800,507,370,-137,877,23,-0.9280678659363649,-0.18622283387149682
453,1559707200,58,31,-27,89,23,-0.6709360194220617,-1.1520950968100743
453,1559721600,33,482,449,515,23,0.44174360731255946,-0.6299357262366808
453,1559736000,224,1483,1259,1707,23,2.3351690225542465,0.831129930391218
453,1559750400,503,951,448,1454,23,0.4394060450715203,0.5210211962243905
453,1559764800,1618,1322,-296,2940,23,-1.299740262261585,2.3424503621212507
453,1559779200,506,304,-202,810,23,-1.0800094116039076,-0.268346490745716
453,1559793600,59,23,-36,82,23,-0.6919740795914138,-1.1606751803640971
453,1559808000,42,519,477,561,23,0.5071953500616548,-0.5735523200245304
453,1559822400,249,1505,1256,1754,23,2.3281563358311295,0.8887390628253717
453,1559836800,466,1039,573,1505,23,0.7316013252014103,0.5835332335465573
453,1559851200,1412,1498,86,2910,23,-0.4067914861846411,2.305678575461153
453,1559865600,601,347,-254,948,23,-1.201562648137942,-0.09919627210926459
453,1559880000,57,28,-29,85,23,-0.6756111439041399,-1.1569980016980872
453,1559894400,42,466,424,508,23,0.3833045512865814,-0.6385158097907038
453,1559908800,247,1406,1159,1653,23,2.1014127984503346,0.7649407144030413
453,1559923200,552,1031,479,1583,23,0.511870474543733,0.6791398788628124
453,1559937600,1214,1375,161,2589,23,-0.23147431810670713,1.9122204581981028
453,1559952000,507,353,-154,860,23,-0.9678064240340299,-0.20706017964555243
453,1559966400,95,50,-45,145,23,-0.7130121397607658,-1.083454428377891
453,1559980800,29,100,71,129,23,-0.44185491980022795,-1.1030660479299434
453,1559995200,184,572,388,756,23,0.29915231060917313,-0.3345357067338926
453,1560009600,426,610,184,1036,23,-0.17771038656280738,0.008667635427023248
453,1560024000,438,575,137,1013,23,-0.287575811891646,-0.01952406767905198
453,1560038400,272,342,70,614,23,-0.44419248204126704,-0.508588830258357
453,1560052800,82,62,-20,144,23,-0.6545730837347878,-1.0846801545998943
453,1560067200,14,64,50,78,23,-0.49094372686204946,-1.1655780852521103
453,1560081600,127,372,245,499,23,-0.035119089859421054,-0.6495473457887332
453,1560096000,328,593,265,921,23,0.011632154961361349,-0.1322908801033529
453,1560110400,347,478,131,825,23,-0.3016011853378807,-0.2499605974156669
453,1560124800,219,168,-51,387,23,-0.7270375132070006,-0.7868286826530995
453,1560139200,37,20,-17,57,23,-0.6475603970116705,-1.1913183359141788
453,1560153600,45,463,418,508,23,0.3692791778403467,-0.6385158097907038
453,1560168000,251,1485,1234,1736,23,2.2767299665282685,0.8666759908293128
453,1560182400,415,806,391,1221,23,0.30616499733229047,0.23542698649762836
453,1560196800,1325,1215,-110,2540,23,-0.8649536854283086,1.8521598733199425
453,1560211200,397,251,-146,648,24,-0.9565104724740203,-0.64639997578093
453,1560225600,43,22,-21,65,24,-0.7042217950147218,-1.2985797032922346
453,1560240000,42,468,426,510,24,0.1979625155797295,-0.8007752800631942
453,1560254400,232,1518,1286,1750,24,1.933708616499703,0.5863651352267163
453,1560268800,459,867,408,1326,24,0.16163294602559053,0.1120526061275856
453,1560283200,1469,1333,-136,2802,24,-0.9363273782772765,1.7631971649726725
453,1560297600,479,337,-142,816,24,-0.9484372347953228,-0.4584648227416518
453,1560312000,34,17,-17,51,24,-0.6961485573360243,-1.3142409660455079
453,1560326400,40,474,434,514,24,0.2141089909371246,-0.796300633562259
453,1560340800,232,1513,1281,1745,24,1.923617069401331,0.5807718271005473
453,1560355200,475,999,524,1474,24,0.3957568387078195,0.27761452666218783
453,1560369600,1446,1485,39,2931,24,-0.5831232298342586,1.9075045146278327
453,1560384000,528,327,-201,855,24,-1.0675174905561118,-0.41483701935753364
453,1560398400,39,26,-13,65,24,-0.6880753196573267,-1.2985797032922346
453,1560412800,38,445,407,483,24,0.15961463660591613,-0.8309791439445068
453,1560427200,234,1589,1355,1823,24,2.072971966457236,0.6680274338687836
453,1560441600,490,960,470,1450,24,0.2867681300454026,0.25076664765657664
453,1560456000,1441,1381,-60,2822,24,-0.782935862382023,1.7855703974773487
453,1560470400,504,343,-161,847,24,-0.9867851137691361,-0.423786312359404
453,1560484800,66,40,-26,106,24,-0.7143133421130938,-1.2527145766576488
453,1560499200,45,431,386,476,24,0.11723013879275399,-0.8388097753211434
453,1560513600,235,1523,1288,1758,24,1.9377452353390516,0.5953144282285867
453,1560528000,600,1049,449,1649,24,0.2443836322322404,0.47338031107810263
453,1560542400,1207,1247,40,2454,24,-0.5811049204145842,1.3739029193913106
453,1561176000,100,92,-8,192,25,-0.5590415409948959,-0.8316937622342662
453,1561190400,33,130,97,163,25,-0.21021733746886312,-0.8745637280569468
453,1561204800,216,529,313,745,25,0.5073638812132615,-0.014207862236252363
453,1561219200,426,638,212,1064,25,0.17182821877393467,0.4573617618132348
453,1561233600,509,604,95,1113,25,-0.21686160801221613,0.5297972213067297
453,1561248000,315,344,29,659,25,-0.4361225359428653,-0.1413394850207536
453,1561262400,95,84,-11,179,25,-0.5690079468099254,-0.8509113331202954
453,1561276800,24,68,44,92,25,-0.38629050686771776,-0.9795212305883374
453,1561291200,147,404,257,551,25,0.3213243059993773,-0.30099315084315054
453,1561305600,340,559,219,899,25,0.1950831656756702,0.2134464390290173
453,1561320000,480,544,64,1024,25,-0.31984780143418773,0.3982307744716063
453,1561334400,243,218,-25,461,25,-0.6155178406133964,-0.4340378723618146
453,1561348800,43,38,-5,81,25,-0.5490751351798664,-0.9957822521072852
453,1561362033,41,360,319,401,25,0.5272966928433205,-0.5227343533742573
453,1561363200,15,134,119,149,25,-0.13713036149198005,-0.8952595736265168
453,1561377600,239,1440,1201,1679,25,3.4574200024619954,1.3665006921907727
453,1561392000,492,829,337,1321,25,0.5870951277334975,0.8372783554831978
453,1561406400,1591,1219,-372,2810,25,-1.768298779885143,3.0384293592753178
453,1561420800,501,349,-152,850,26,-0.8280980593433764,-0.2767879032745848
453,1561435200,44,21,-23,65,26,-0.5387310625344495,-1.1994142475232008
453,1561449600,40,421,381,461,26,0.3675035631307174,-0.7339874547557461
453,1561464000,226,1483,1257,1709,26,2.332507355414594,0.7328121345719899
453,1561478400,479,895,416,1374,26,0.4460139886215116,0.3390798730136633
453,1561492800,1789,1420,-369,3209,26,-1.3148626973863002,2.495792410206288
453,1561507200,643,332,-311,975,26,-1.1847597065729842,-0.12987288030505997
453,1561521600,46,27,-19,73,26,-0.5297584424783587,-1.1900116860531513
453,1561536000,43,510,467,553,26,0.5604148943366688,-0.6258579978501758
453,1561550400,276,1426,1150,1702,26,2.092489768914166,0.7245848932856965
453,1561564800,480,943,463,1423,26,0.551442274280578,0.39667056201771705
453,1561579200,1482,1361,-121,2843,26,-0.758560253908673,2.0656252229515193
453,1561593600,608,300,-308,908,26,-1.178030241530916,-0.20861933261672527
453,1561608000,56,28,-28,84,26,-0.5499468376045629,-1.177083164031833
453,1561622400,41,481,440,522,26,0.49984970895805614,-0.662292923546618
453,1561636800,289,1546,1257,1835,26,2.332507355414594,0.880902477725271
453,1561651200,523,1095,572,1618,26,0.7959461708090514,0.6258579978501758
453,1561665600,1545,1400,-145,2945,26,-0.8123959742452176,2.1855078816946514
453,1561680000,639,384,-255,1023,26,-1.0591430257877135,-0.07345751148476243
453,1561694400,70,40,-30,110,26,-0.5544331476326082,-1.1465248392541718
453,1561708800,42,456,414,498,26,0.4415276785934662,-0.6905006079567667
453,1561723200,301,1398,1097,1699,26,1.9736025531709638,0.7210589327344279
453,1561737600,620,1079,459,1699,26,0.5424696542244872,0.7210589327344279
453,1561752000,1240,1369,129,2609,26,-0.1977715004030005,1.7906002999525688
453,1561766400,505,348,-157,853,26,-0.8393138344134898,-0.2732619427233162
453,1561780800,113,65,-48,178,26,-0.5948099378850166,-1.0666030667587503
453,1561795200,27,113,86,140,26,-0.2942271660059762,-1.111265233741486
453,1561809600,191,395,204,586,26,-0.029534874351298732,-0.5870724317862213
453,1561824000,402,502,100,904,26,-0.2628229958096585,-0.21332061335175007
453,1561838400,467,427,-40,894,26,-0.5768646977728351,-0.22507381518931205
453,1561852800,312,279,-33,591,26,-0.5611626126746763,-0.5811958308674403
453,1561867200,84,60,-24,144,26,-0.5409742175484721,-1.106563953006461
453,1561881600,26,69,43,95,26,-0.39068283160895184,-1.1641546420105149
453,1561896000,173,488,315,661,26,0.21945533220521987,-0.49892341800450635
453,1561910400,654,1093,439,1747,26,0.49760655394403347,0.7774743015547255
453,1561924800,848,483,-365,1331,26,-1.3058900773302093,0.2885411051121468
453,1561939200,402,192,-210,594,26,-0.9582010501566924,-0.5776698703161717
453,1561953600,54,41,-13,95,26,-0.5162995123942226,-1.1641546420105149
453,1561968000,27,447,420,474,26,0.4549866086776024,-0.7187082923669156
453,1561982400,222,1479,1257,1701,26,2.332507355414594,0.7234095731019403
453,1561996800,416,862,446,1278,26,0.5133086390421923,0.22624913537306826
453,1562011200,1289,1249,-40,2538,26,-0.5768646977728351,1.7071525669058787
453,1562025600,398,257,-141,655,27,-0.9497691538769399,-0.17072132947996302
453,1562040000,34,22,-12,56,27,-0.6006850160501127,-1.0410368729565405
453,1562054400,34,452,418,486,27,0.5629287767059782,-0.4162694544341226
453,1562068800,261,1542,1281,1803,27,2.8982745979815747,1.4972623832263992
453,1562083200,443,861,418,1304,27,0.5629287767059782,0.7722415882434073
453,1562097600,1297,1118,-179,2415,27,-1.0526001402135248,2.386466244007143
453,1562112000,440,305,-135,745,27,-0.9335326823501108,-0.039956055835736026
453,1562126400,41,23,-18,64,27,-0.6169214875769419,-1.0294132930770536
453,1562140800,35,386,351,421,27,0.38162151132305233,-0.5107110409549532
453,1562155200,224,1392,1168,1616,27,2.592487717559625,1.2255612035433943
453,1562169600,599,1834,1235,2433,27,2.773794982942551,2.4126192987359882
453,1562184000,1033,994,-39,2027,27,-0.6737491379208439,1.8227226198520308
453,1562198400,325,272,-53,597,27,-0.7116342381501121,-0.25499228360624265
453,1562212800,62,42,-20,104,27,-0.6223336447525516,-0.9712953936796195
453,1562227200,21,78,57,99,27,-0.4139655934915772,-0.9785601311042987
453,1562241600,97,249,152,346,27,-0.15688812765011526,-0.6196821023251424
453,1562256000,225,265,40,490,27,-0.4599689294842598,-0.4104576644943792
453,1562270400,280,235,-45,515,27,-0.6899856094476732,-0.3741339773709828
453,1562284800,157,121,-36,278,27,-0.6656309021574294,-0.7184825313007805
453,1562299200,22,26,4,48,27,-0.5573877586452348,-1.0526604528360273
453,1562313600,28,286,258,314,27,0.12995620265720015,-0.6661764218430898
453,1562328000,151,799,648,950,27,1.1853268519010964,0.25789817857611436
453,1562342400,383,696,313,1079,27,0.2787905249864676,0.44532840413283975
453,1562356800,567,668,101,1235,27,-0.29489813562816325,0.6719882117828332
453,1562371200,290,323,33,613,27,-0.47891147959889385,-0.23174512384726897
453,1562385600,69,44,-25,113,27,-0.6358640376915758,-0.9582188663151967
453,1562400000,27,92,65,119,27,-0.39231696478913824,-0.9495011814055816
453,1562414400,166,416,250,582,27,0.10830757395476126,-0.2767864958802805
453,1562428800,314,535,221,849,27,0.029831294908420253,0.11115048259759296
453,1562443200,408,538,130,946,27,-0.21642185658182223,0.25208638863637095
453,1562457600,258,288,30,546,27,-0.48702971536230844,-0.3290926053379713
453,1562472000,69,57,-12,126,27,-0.6006850160501127,-0.9393305490110306
453,1562486400,17,82,65,99,27,-0.39231696478913824,-0.9785601311042987
453,1562500800,121,358,237,479,27,0.07312855231329805,-0.4264400868286736
453,1562515200,306,464,158,770,27,-0.14065165612328606,-0.003632368712339639
453,1562529600,377,408,31,785,27,-0.4843236367745036,0.018161843561698195
453,1562544000,210,157,-53,367,27,-0.7116342381501121,-0.5891702051414894
453,1562558400,44,32,-12,76,27,-0.6006850160501127,-1.0119779232578234
453,1562572800,36,399,363,435,27,0.4140944543767107,-0.49036977616585126
453,1562587200,213,1394,1181,1607,27,2.627666739201088,1.2124846761789714
453,1562601600,446,808,362,1254,27,0.41138837578890586,0.6995942139966145
453,1562616000,1285,1314,29,2599,27,-0.4897357939501133,2.65380858123534
453,1562630400,421,300,-121,721,28,-0.8150102676849021,-0.3681922783335412
453,1562644800,42,23,-19,65,28,-0.5820569725980245,-1.1500971382569054
453,1562659200,37,488,451,525,28,0.49135526946896013,-0.6018101937984488
453,1562673600,252,1521,1269,1773,28,2.3595493418323503,0.8857161250801464
453,1562688000,456,874,418,1330,28,0.4159880269408527,0.3576919590038502
453,1562702400,1384,1357,-27,2741,28,-0.6003278192715051,2.0395025647231595
453,1562716800,570,273,-297,843,28,-1.2169688945014752,-0.22277704523803749
453,1562731200,48,20,-28,68,28,-0.6026116751056902,-1.146521353836524
453,1562745600,36,471,435,507,28,0.45481357612199896,-0.6232649003207362
453,1562760000,244,1575,1331,1819,28,2.501148403551825,0.940544819525992
453,1562774400,512,850,338,1362,28,0.23327956020604682,0.39583365948791677
453,1562788800,1794,1366,-428,3160,28,-1.5161540087797198,2.5389204554364055
453,1562803200,623,259,-364,882,28,-1.369987235391875,-0.1762918477730814
453,1562817600,58,24,-34,82,28,-0.6163148101108007,-1.129834359874745
453,1562832000,48,468,420,516,28,0.42055573860922285,-0.6125375470595925
453,1562846400,341,1591,1250,1932,28,2.316156080982834,1.075232699360352
453,1562860800,548,933,385,1481,28,0.3406207844127453,0.5376731081630391
453,1562875200,1373,1396,23,2769,28,-0.4861350275622514,2.0728765526467177
453,1562889600,473,373,-100,846,28,-0.7670492951670156,-0.21920126081765626
453,1562904000,52,22,-30,74,28,-0.6071793867740604,-1.1393697849957616
453,1562918400,37,426,389,463,28,0.34975620774948557,-0.6757097384863276
453,1562932800,231,1436,1205,1667,28,2.213382568444506,0.759371742226676
453,1562947200,570,966,396,1536,28,0.36574319858878107,0.6032291558700286
453,1562961600,1165,1301,136,2466,28,-0.2280593182993381,1.7117223261882124
453,1562976000,474,387,-87,861,28,-0.7373591693226096,-0.20132233871575006
453,1562990400,103,53,-50,156,28,-0.6528565034577619,-1.0416316775053411
453,1563004800,31,115,84,146,28,-0.3468198216769619,-1.0535509589066119
453,1563019200,183,601,418,784,28,0.4159880269408527,-0.2931008055055352
453,1563033600,413,646,233,1059,28,-0.006525302383385934,0.03467943302941167
453,1563048000,489,537,48,1026,28,-0.4290386317076246,-0.004654195594781955
453,1563062400,248,149,-99,397,28,-0.7647654393328305,-0.754376995734715
453,1563076800,80,38,-42,118,28,-0.6345856567842812,-1.08692494683017
453,1563091200,20,68,48,88,28,-0.4290386317076246,-1.1226827910339825
453,1563105600,159,401,242,560,28,0.01402940012427973,-0.560092708894001
453,1563120000,429,515,86,944,28,-0.3422521100085918,-0.10239230308520247
453,1563134400,374,463,89,837,28,-0.33540054250603657,-0.22992861407879997
453,1563148800,229,190,-39,419,28,-0.627734089281726,-0.7281545766519192
453,1563163200,25,25,0,50,28,-0.5386637117485081,-1.1679760603588114
453,1563177600,36,446,410,482,28,0.39771718026737213,-0.6530631038239132
453,1563192000,232,1479,1247,1711,28,2.3093045134802788,0.8118165803922675
453,1563206400,443,842,399,1285,28,0.3725947660913363,0.30405519269813164
453,1563220800,1392,1313,-79,2705,28,-0.719088322649129,1.9965931516785844
453,1563235200,397,314,-83,711,29,-0.8227478696314219,-0.2947098393958112
453,1563249600,45,25,-20,70,29,-0.664752920229392,-1.0566491840029668
453,1563264000,41,464,423,505,29,0.4462274382642468,-0.5395764618436646
453,1563274320,179,1309,1130,1488,29,2.2192818704425825,0.6288890229439078
453,1563278400,100,277,177,377,29,-0.17070522130558424,-0.6917265961801949
453,1563279663,32,83,51,115,29,-0.48669512010964405,-1.0031589024002803
453,1563292800,455,872,417,1327,29,0.4311803002259582,0.43751268209874083
453,1563307200,1517,1516,-1,3033,29,-0.6171036497748116,2.4653886913028087
453,1563321600,511,320,-191,831,29,-1.093596354320616,-0.15206908845531403
453,1563336000,46,32,-14,78,29,-0.6497057821911034,-1.0471398006069337
453,1563350400,41,438,397,479,29,0.38102317343166303,-0.5704819578807723
453,1563364800,229,1507,1278,1736,29,2.590444608720367,0.9236799082209353
453,1563379200,448,866,418,1314,29,0.433688156565673,0.422059934080187
453,1563393600,1472,1465,-7,2937,29,-0.6321507878131002,2.351276090550411
453,1563408000,471,321,-150,792,29,-0.9907742443923109,-0.1984273325109756
453,1563422400,49,21,-28,70,29,-0.6848157709471101,-1.0566491840029668
453,1563436800,43,443,400,486,29,0.38854674245080734,-0.5621612474092433
453,1563451200,224,1547,1323,1771,29,2.7032981440075314,0.9652834605785803
453,1563465600,493,993,500,1486,29,0.6393323764222834,0.6265116770948995
453,1563480000,1443,1442,-1,2885,29,-0.6171036497748116,2.2894650984761955
453,1563494400,500,275,-225,775,29,-1.178863469870918,-0.21863477222754604
453,1563508800,49,27,-22,76,29,-0.6697686329088216,-1.0495171464559419
453,1563523200,48,393,345,441,29,0.2506146437664955,-0.6156515290119298
453,1563537600,228,1406,1178,1634,29,2.339658974748891,0.8024352699215127
453,1563552000,570,986,416,1556,29,0.4286724438862435,0.7097187818101895
453,1563566400,1330,1237,-93,2567,29,-0.8478264330285695,1.9114671084838781
453,1563580800,402,385,-17,787,29,-0.6572293512102477,-0.20437069713349632
453,1563595200,77,43,-34,120,29,-0.6998629089853987,-0.9972155377777596
453,1563609600,26,128,102,154,29,-0.35879444678419126,-0.9568006583446188
453,1563624000,151,450,299,601,29,0.13525325213961653,-0.4254638610912669
453,1563638400,321,571,250,892,29,0.012368291493593263,-0.07956004006056132
453,1563652800,349,510,161,859,29,-0.21083092274102042,-0.11878624656919803
453,1563667200,246,288,42,534,29,-0.5092658271670769,-0.5051049470330444
453,1563681600,70,61,-9,131,29,-0.6371665004925297,-0.984140135608214
453,1563696000,18,73,55,91,29,-0.476663694750785,-1.0316870525883797
453,1563710400,148,370,222,518,29,-0.05785168601842003,-0.5241237138251108
453,1563724800,322,441,119,763,29,-0.3161608890090403,-0.23289884732159574
453,1563739200,329,368,39,697,29,-0.5167893961862212,-0.3113512603388692
453,1563753600,190,172,-18,362,29,-0.6597372075499625,-0.709556690047757
453,1563768000,36,24,-12,60,29,-0.644690069511674,-1.0685359132480081
453,1563782400,38,420,382,458,29,0.3434053283359416,-0.5954440892953593
453,1563796800,224,1441,1217,1665,29,2.437465371997767,0.8392841305811412
453,1563811200,434,827,393,1261,29,0.370991748072804,0.3590602690814674
453,1563825600,1363,1337,-26,2700,29,-0.6798000582676806,2.0695606074429294
453,1563840000,386,256,-130,642,30,-0.9810374721177946,-0.468390554267663
453,1563854400,38,37,-1,75,30,-0.6758258141255918,-1.1611582494002712
453,1563868800,35,474,439,509,30,0.36520619763075857,-0.6308916185580279
453,1563883200,229,1536,1307,1765,30,2.41887843900465,0.9037048983494783
453,1563897600,425,880,455,1305,30,0.40306190714917134,0.34167114215723876
453,1563912000,1505,1340,-165,2845,30,-1.0638468366893226,2.2232624128877796
453,1563926400,524,259,-265,783,30,-1.3004450211794019,-0.296114989869607
453,1563940800,60,22,-38,82,30,-0.7633671423869213,-1.1526055618060416
453,1563955200,34,430,396,464,30,0.26346897830002436,-0.6858731816637905
453,1563969600,256,1572,1316,1828,30,2.440172275608757,0.9806790866975459
453,1563984000,457,970,513,1427,30,0.5402888541534175,0.49073226879952836
453,1563998400,1321,1556,235,2877,30,-0.11745409872900388,2.2623604133185444
453,1564012800,562,349,-213,911,30,-1.1774139652445608,-0.13972298814654904
453,1564027200,66,47,-19,113,30,-0.7184134873338062,-1.1147293738887385
453,1564041600,39,441,402,480,30,0.27766486936942913,-0.6663241814484082
453,1564056000,249,1533,1284,1782,30,2.364460856571932,0.9244757110783219
453,1564070400,446,906,460,1352,30,0.41489181637367534,0.3990963302899241
453,1564084800,1394,1404,10,2798,30,-0.6498000138316831,2.1658372247550943
453,1564099200,535,368,-167,903,30,-1.0685788003791241,-0.14949748825424014
453,1564113600,52,41,-11,93,30,-0.6994856325745998,-1.1391656241579662
453,1564128000,36,427,391,463,30,0.25163906907552036,-0.6870949941772518
453,1564142400,231,1465,1234,1696,30,2.246161764326892,0.8193998349206424
453,1564156800,623,1061,438,1684,30,0.3628402157858578,0.8047380847591057
453,1564171200,1103,1277,174,2380,30,-0.26177899126795245,1.6551195941282333
453,1564185600,405,312,-93,717,30,-0.8934961438564651,-0.37675461575805874
453,1564200000,102,65,-37,167,30,-0.7610011605420205,-1.0487514981618233
453,1564214400,31,168,137,199,30,-0.34932031952928194,-1.009653497731059
453,1564228800,172,694,522,866,30,0.5615826907575246,-0.1947045512523116
453,1564243200,392,711,319,1103,30,0.08128837624266302,0.09486501443803791
453,1564257600,470,599,129,1069,30,-0.36824817428848833,0.05332338898035063
453,1564272000,288,357,69,645,30,-0.5102070849825361,-0.46472511672727884
453,1564286400,84,66,-18,150,30,-0.7160475054889054,-1.069522310890667
453,1564300800,20,93,73,113,30,-0.5007431576029329,-1.1147293738887385
453,1564315200,123,477,354,600,30,0.1640977408141909,-0.5197066798330414
453,1564329600,295,584,289,879,30,0.010308920895639126,-0.17882098857731352
453,1564344000,355,409,54,764,30,-0.5456968126560481,-0.3193294276253734
453,1564358400,195,165,-30,360,30,-0.7444392876277149,-0.8129416830637751
453,1564372800,32,26,-6,58,30,-0.6876557233500958,-1.181929062129115
453,1564387200,34,435,401,469,30,0.2752988875245283,-0.6797641190964835
453,1564401600,223,1431,1208,1654,30,2.184646236359471,0.7680837093552639
453,1564416000,421,882,461,1303,30,0.4172577982185761,0.33922751713031596
453,1564430400,1307,1385,78,2692,30,-0.4889132483784289,2.036325098328187
453,1564444800,383,286,-97,669,31,-0.9589040561916348,-0.6022377495298051
453,1564459200,36,21,-15,57,31,-0.7809407232432062,-1.3093255245173172
453,1564473600,41,468,427,509,31,0.17832504703978727,-0.7870972985461482
453,1564488000,231,1562,1331,1793,31,2.1402622785688057,0.6964005823100049
453,1564502400,463,947,484,1410,31,0.3020312662844267,0.25389303685213366
453,1564516800,1399,1433,34,2832,31,-0.6745967803837792,1.8968322787348826
453,1564531200,428,312,-116,740,31,-1.0001394626065145,-0.5202063246538029
453,1564545600,43,17,-26,60,31,-0.8048138532728734,-1.3058594079732608
453,1564560000,35,466,431,501,31,0.18700618523239357,-0.7963402759969653
453,1564574400,241,1490,1249,1731,31,1.962298945620377,0.6247675070661719
453,1564588800,455,886,431,1341,31,0.18700618523239357,0.1741723563388357
453,1564603200,1294,1456,162,2750,31,-0.39680035822037846,1.8020917598640067
453,1564617600,466,286,-180,752,31,-1.1390376736882148,-0.5063418584775772
453,1564632000,50,26,-24,76,31,-0.8004732841765703,-1.2873734530716265
453,1564646400,33,476,443,509,31,0.21304959981021238,-0.7870972985461482
453,1564660800,257,1558,1301,1815,31,2.0751537421242587,0.721818770299752
453,1564675200,463,911,448,1374,31,0.22390102255097022,0.21229963832345647
453,1564689600,1367,1465,98,2832,31,-0.5356985693020788,1.8968322787348826
453,1564704000,483,394,-89,877,31,-0.9415417798064223,-0.36192033580855915
453,1564718400,55,24,-31,79,31,-0.8156652760136313,-1.2839073365275702
453,1564732800,31,467,436,498,31,0.1978576079731514,-0.7998063925410217
453,1564747200,241,1353,1112,1594,31,1.664969962523612,0.4664815182209282
453,1564761600,556,1015,459,1571,31,0.24777415258063748,0.43990795804982885
453,1564776000,1094,1102,8,2196,31,-0.73102417863572,1.162015571394919
453,1565409600,89,84,-5,173,32,-0.8109100456206282,-0.9452644819221945
453,1565424000,20,217,197,237,32,-0.11820728525713634,-0.8412968559283259
453,1565438400,164,625,461,789,32,0.7871072134357441,0.05542391826879022
453,1565452800,391,693,302,1084,32,0.24186098126844108,0.534649694334278
453,1565467200,433,576,143,1009,32,-0.30338525089886187,0.41281263262271334
453,1565481600,246,324,78,570,32,-0.5262846539861241,-0.3003403019289787
453,1565496000,72,72,0,144,32,-0.7937639376908388,-0.9923748124506662
453,1565510400,18,121,103,139,32,-0.44055411433717706,-1.0004972832314372
453,1565524800,124,538,414,662,32,0.6259337988957236,-0.15088683956279267
453,1565539200,314,582,268,896,32,0.12526744734587317,0.2292447929772892
453,1565553600,372,485,113,857,32,-0.40626189847759825,0.16588952088727554
453,1565568000,224,160,-64,384,32,-1.0132341191921432,-0.6024962149736591
453,1565582400,25,23,-2,48,32,-0.8006223808627545,-1.148326251441469
453,1565596800,41,440,399,481,32,0.5744954751063555,-0.4449202818267021
453,1565611200,220,1391,1171,1611,32,3.221854539465839,1.3907581146275392
453,1565625600,392,818,426,1210,32,0.6670844579272183,0.7393359580097068
453,1565640000,1304,1235,-69,2539,32,-1.0303802271219327,2.898288691538633
453,1565654400,391,273,-118,664,33,-1.0427734691936439,-0.3213159349987065
453,1565668800,43,26,-17,69,33,-0.7591576433024326,-1.129923616215569
453,1565683200,35,443,408,478,33,0.4342752874279114,-0.5740907731606165
453,1565683493,2,33,31,35,33,-0.6243699240670056,-1.1761297694279613
453,1565697600,230,1416,1186,1646,33,2.618959570035459,1.0132264901356784
453,1565706014,229,533,304,762,33,0.142235229084486,-0.18813349338651736
453,1565712000,214,422,208,636,33,-0.1273402093863682,-0.3593680611736177
453,1565726400,1331,1266,-65,2597,33,-0.8939453625378597,2.305639775576412
453,1565740800,449,277,-172,726,33,-1.1944096533334994,-0.23705765561140316
453,1565755200,51,30,-21,81,33,-0.7703899532387182,-1.1136155621406072
453,1565769600,32,476,444,508,33,0.5353660768544817,-0.5333206379732116
453,1565772630,40,388,348,428,33,0.2657906383836275,-0.6420409984729579
453,1565784000,206,1149,943,1355,33,1.9365967414061092,0.6177561788178516
453,1565798400,456,925,469,1381,33,0.6055680139562666,0.6530902959802691
453,1565812800,1366,1274,-92,2640,33,-0.9697634546077875,2.3640769693450254
453,1565827200,475,294,-181,769,33,-1.2196823506901417,-0.17862046184278957
453,1565841600,36,29,-7,65,33,-0.7310768684617186,-1.1353596342405563
453,1565856000,36,458,422,494,33,0.4735883722049109,-0.5523467010606672
453,1565870400,249,1430,1181,1679,33,2.604919182615102,1.058073638841824
453,1565884800,433,933,500,1366,33,0.69261841596248,0.6327052283865667
453,1565899200,1317,1387,70,2704,33,-0.514854902188221,2.4510532577448227
453,1565913600,438,350,-88,788,33,-0.9585311446715018,-0.15279937622409984
453,1565928000,50,37,-13,87,33,-0.747925333366147,-1.1054615351031263
453,1565942400,30,448,418,478,33,0.46235606226862536,-0.5740907731606165
453,1565946008,50,386,336,436,33,0.2320937085747707,-0.6311689624229833
453,1565956800,177,977,800,1154,33,1.5350416611838993,0.34459627306223917
453,1565971200,526,1038,512,1564,33,0.7263153457713368,0.9017881206234386
453,1565985600,1128,991,-137,2119,33,-1.0961269413910004,1.6560356215904282
453,1566000000,438,319,-119,757,33,-1.0455815466777152,-0.1949285159177515
453,1566014400,104,56,-48,160,33,-0.8462080453086459,-1.0062542061471078
453,1566028800,19,145,126,164,33,-0.3576025630802228,-1.0008181881221205
453,1566043200,158,594,436,752,33,0.5129014569819105,-0.20172353844898563
453,1566057600,396,737,341,1133,33,0.2461340959951277,0.3160571784310558
453,1566072000,433,686,253,1119,33,-0.000976722603155293,0.2970311153436002
453,1566086400,254,368,114,622,33,-0.39129949288907956,-0.3783941242610733
453,1566100800,88,67,-21,155,33,-0.7703899532387182,-1.013049228678342
453,1566115200,14,82,68,96,33,-0.5204710571563639,-1.0932304945469047
453,1566129600,122,464,342,586,33,0.2489421734791991,-0.4273182864859591
453,1566144000,302,707,405,1009,33,0.42585105497569714,0.14754061965644913
453,1566158400,326,555,229,881,33,-0.06837058222086884,-0.02641195714314484
453,1566172800,193,148,-45,341,33,-0.8377838128564318,-0.7602743905164319
453,1566187200,26,16,-10,42,33,-0.7395011009139328,-1.1666167378842334
453,1566201600,36,463,427,499,33,0.4876287596252679,-0.5455516785294331
453,1566216000,217,1395,1178,1612,33,2.596494950162888,0.9670203369232864
453,1566230400,411,831,420,1242,33,0.46797221723676813,0.46418866961196004
453,1566244800,1326,1215,-111,2541,33,-1.023116926805144,2.2295355232265894
453,1566259200,355,285,-70,640,34,-0.868048690027093,-0.43280208495192385
453,1566273600,30,41,11,71,34,-0.6674303718564293,-1.1763753578621379
453,1566288000,33,478,445,511,34,0.40748753044070735,-0.6013802083357861
453,1566302400,242,1497,1255,1739,34,2.413670712147345,1.0033789817059413
453,1566316800,395,924,529,1319,34,0.6155361566917661,0.45451997533987815
453,1566331200,1348,1314,-34,2662,34,-0.7788849930623535,2.209561988553266
453,1566345600,397,303,-94,700,34,-0.9274911546702526,-0.35439365547105767
453,1566360000,42,32,-10,74,34,-0.7194425284191939,-1.1724549363880945
453,1566374400,31,461,430,492,34,0.3703359900387326,-0.6262095443380603
453,1566388800,231,1528,1297,1759,34,2.5176950252728743,1.02951512486623
453,1566403200,414,945,531,1359,34,0.6204896954120294,0.5067922616604555
453,1566417600,1345,1300,-45,2645,34,-0.8061294560238017,2.1873462668670203
453,1566432000,433,278,-155,711,34,-1.0785740856382833,-0.3400187767328989
453,1566446400,56,33,-23,89,34,-0.7516405301009054,-1.1528528290178781
453,1566460800,34,476,442,510,34,0.4000572223603124,-0.6026870154938005
453,1566475200,248,1468,1220,1716,34,2.326983784542737,0.9733224170716092
453,1566489600,427,974,547,1401,34,0.6601180051741358,0.5616781622970619
453,1566504000,1319,1251,-68,2570,34,-0.8630951513068297,2.0893357300159376
453,1566518400,479,317,-162,796,34,-1.0959114711592048,-0.22894016830167183
453,1566532800,53,39,-14,92,34,-0.7293496058597205,-1.1489324075438347
453,1566547200,35,416,381,451,34,0.24897429139228167,-0.6797886378166522
453,1566561600,213,1353,1140,1566,34,2.128842235732205,0.7773013433694438
453,1566576000,586,899,313,1485,34,0.0805539749033294,0.6714499635702745
453,1566590400,1035,1158,123,2193,34,-0.39003220352168433,1.5966694314444951
453,1566604800,386,260,-126,646,34,-1.0067477741944655,-0.4249612420038372
453,1566619200,66,60,-6,126,34,-0.7095354509786673,-1.104500964171344
453,1566633600,22,127,105,149,34,-0.434614052004054,-1.0744443995370119
453,1566648000,171,595,424,766,34,0.35547537387794265,-0.2681443830421049
453,1566662400,365,716,351,1081,34,0.17467121058833215,0.1434998717324424
453,1566676800,400,670,270,1070,34,-0.025947107582331597,0.1291249929942836
453,1566691200,260,343,83,603,34,-0.48910297792695034,-0.481153949798458
453,1566705600,89,49,-40,138,34,-0.7937456092231434,-1.0888192782751707
453,1566720000,15,67,52,82,34,-0.5658828280910315,-1.162000479123979
453,1566734400,117,452,335,569,34,0.13504290082622572,-0.5255853931709488
453,1566748800,317,638,321,955,34,0.10036812978438261,-0.021157830177376526
453,1566763200,359,577,218,936,34,-0.15473911430917744,-0.045987166179650804
453,1566777600,194,181,-13,375,34,-0.7268728364995889,-0.7791059818257493
453,1566792000,30,42,12,72,34,-0.6649536024962975,-1.1750685507041234
453,1566806400,29,305,276,334,34,-0.011086491421541689,-0.8326850753043412
453,1566820800,193,1373,1180,1566,34,2.227913010137471,0.7773013433694438
453,1566835200,426,854,428,1280,34,0.3653824513184693,0.40355449617731515
453,1566849600,1285,1206,-79,2491,34,-0.8903396142682778,1.986097964532797
453,1566864000,397,277,-120,674,35,-0.9556018212562676,-0.2700531533104643
453,1566878400,40,40,0,80,35,-0.6291439361392345,-1.1161270034661173
453,1566892800,38,497,459,535,35,0.6195574744334169,-0.4680401317138916
453,1566907200,225,1540,1315,1765,35,2.9482903882682527,1.2839309721437737
453,1566921600,488,930,442,1418,35,0.5733092740418372,0.7896757095107576
453,1566936000,1332,1243,-89,2575,35,-0.871266867601034,2.437668040537846
453,1566950400,451,267,-184,718,35,-1.1297126933186852,-0.20738101626189745
453,1566964800,41,36,-5,77,35,-0.6427463480191109,-1.1204001037194287
453,1566979200,34,505,471,539,35,0.6522032629451202,-0.4623426647094764
453,1566993600,227,1516,1289,1743,35,2.8775578464928953,1.2525949036194903
453,1567008000,435,840,405,1275,35,0.472651426130752,0.5859912641029152
453,1567022400,1266,1324,58,2590,35,-0.4713559583326685,2.459033541804403
453,1567036800,435,258,-177,693,35,-1.1106693166868582,-0.24299018503949227
453,1567051200,46,43,-3,89,35,-0.6373053832671604,-1.1033077027061833
453,1567065600,48,486,438,534,35,0.5624273445379361,-0.46946449846499533
453,1567080000,232,1454,1222,1686,35,2.695285527302552,1.1714059988065741
453,1567094400,444,920,476,1364,35,0.6658056748249965,0.7127599049511528
453,1567108800,1275,1318,43,2593,35,-0.5121631939722977,2.4633066420577143
453,1567123200,471,302,-169,773,35,-1.088905457679056,-0.12904084495118884
453,1567137600,41,38,-3,79,35,-0.6373053832671604,-1.117551370217221
453,1567152000,34,433,399,467,35,0.45632853187490036,-0.5648970707889495
453,1567166400,224,1196,972,1420,35,2.015164933308733,0.7925244430129652
453,1567180800,652,1004,352,1656,35,0.32846586020406243,1.1286749962734604
453,1567195200,823,945,122,1768,35,-0.2972450862702509,1.2882040723970851
453,1567209600,370,314,-56,684,35,-0.78149094919385,-0.2558094857994264
453,1567224000,70,54,-16,124,35,-0.672671654154839,-1.0534548664175505
453,1567238400,26,118,92,144,35,-0.3788595575495092,-1.0249675313954747
453,1567252800,187,494,307,681,35,0.20604415328517503,-0.26008258605273776
453,1567267200,392,558,166,950,35,-0.1775438617273388,0.12307206999418252
453,1567281600,416,514,98,930,35,-0.3625366632936575,0.09458473497210666
453,1567296000,257,308,51,565,35,-0.4903993349644955,-0.4253091291807778
453,1567310400,66,61,-5,127,35,-0.6427463480191109,-1.049181766164239
453,1567324800,23,80,57,103,35,-0.4740764407086438,-1.08336656819073
453,1567339200,125,369,244,494,35,0.034653763598732686,-0.5264391685091471
453,1567353600,311,604,293,915,35,0.16795740002152118,0.07321923370554977
453,1567368000,329,511,182,840,35,-0.1340161437117344,-0.0336082726272347
453,1567382400,215,195,-20,410,35,-0.6835535836587401,-0.6460859756018656
453,1567396800,55,39,-16,94,35,-0.672671654154839,-1.0961858689506643
453,1567411200,16,83,67,99,35,-0.44687161694889105,-1.0890640351951453
453,1567425600,114,387,273,501,35,0.11354775250201567,-0.5164686012514205
453,1567440000,277,506,229,783,35,-0.006153472040896449,-0.1147971774401509
453,1567454400,331,385,54,716,35,-0.4822378878365696,-0.21022974976410502
453,1567468800,195,183,-12,378,36,-0.650237690616946,-0.79537558632561
453,1567483200,28,32,4,60,36,-0.6133167165489622,-1.1727346972262829
453,1567497600,44,479,435,523,36,0.3812420224073501,-0.6233093250658691
453,1567512000,245,1435,1190,1680,36,2.1234504862403334,0.7496607733997871
453,1567526400,456,821,365,1277,36,0.2197127608599212,0.2714352334847832
453,1567540800,1411,1305,-106,2716,36,-0.8671484132663505,1.9790445435038664
453,1567555200,435,278,-157,713,36,-0.9848340181080487,-0.39784318962207077
453,1567569600,37,39,2,76,36,-0.6179318383074602,-1.1537480752941736
453,1567584000,53,534,481,587,36,0.4873898228528034,-0.5473628373374317
453,1567598400,252,1592,1340,1844,36,2.4695846181276813,0.9442736482039077
453,1567612800,468,973,505,1441,36,0.542771283954779,0.4660481082889039
453,1567627200,1491,1413,-78,2904,36,-0.8025367086473789,2.2021373512061513
453,1567641600,532,290,-242,822,36,-1.1809766928442125,-0.26849682770957595
453,1567656000,43,43,0,86,36,-0.6225469600659582,-1.1418814365866052
453,1567670400,36,515,479,551,36,0.4827747010943054,-0.5900827366846778
453,1567684800,270,1623,1353,1893,36,2.499582909557918,1.0024201778709925
453,1567699200,512,1019,507,1531,36,0.547386405713277,0.5728478566570189
453,1567713600,1423,1425,2,2848,36,-0.6179318383074602,2.1356841744437682
453,1567728000,541,330,-211,871,36,-1.1094423055874938,-0.2103502980424911
453,1567742400,60,28,-32,88,36,-0.6963889082019257,-1.1395081088450916
453,1567756800,40,507,467,547,36,0.4550839705433176,-0.5948293921677051
453,1567771200,232,1521,1289,1753,36,2.351899013285983,0.8362872359650358
453,1567785600,529,917,388,1446,36,0.2727866610826478,0.4719814276426881
453,1567800000,1321,1365,44,2686,36,-0.5210142813790029,1.9434446273811614
453,1567814400,425,329,-96,754,36,-0.8440728044738607,-0.3491899709210406
453,1567828800,78,46,-32,124,36,-0.6963889082019257,-1.0967882094978456
453,1567843200,24,142,118,166,36,-0.35025477631457796,-1.0469483269260587
453,1567857600,192,584,392,776,36,0.2820169045996438,-0.3230833657643903
453,1567872000,480,709,229,1189,36,-0.0941155187179407,0.1670088128581819
453,1567886400,548,675,127,1223,36,-0.32948672840133714,0.20735538446391422
453,1567900800,340,389,49,729,36,-0.5094764769827579,-0.37885656768996145
453,1567915200,110,69,-41,179,36,-0.7171569561151665,-1.0315216966062197
453,1567929600,22,80,58,102,36,-0.48870842906951706,-1.122894814654496
453,1567944000,146,460,314,606,36,0.10202715601822297,-0.5248162237930519
453,1567958400,344,540,196,884,36,-0.1702650277331572,-0.1949236677226523
453,1567972800,428,505,77,933,36,-0.44486477236378635,-0.13677713805556746
453,1567987200,206,180,-26,386,36,-0.6825435429264317,-0.7858822753595552
453,1568001600,39,18,-21,57,36,-0.6710057385301869,-1.1762946888385535
453,1568016000,42,529,487,571,36,0.5012351881282973,-0.5663494592695412
453,1568030400,246,1534,1288,1780,36,2.349591452406734,0.8683271604754704
453,1568044800,520,859,339,1379,36,0.1597161779994476,0.3924749483019802
453,1568059200,1504,1364,-140,2868,36,-0.945605483160816,2.159417451858905
453,1568073600,530,309,-221,839,37,-1.0701030263361406,-0.31470820688325246
453,1568088000,49,33,-16,82,37,-0.6265023014081593,-1.2026947821092135
453,1568102400,57,570,513,627,37,0.5182039595035581,-0.5633913692979206
453,1568116800,253,1686,1433,1939,37,2.5089974567413273,0.9756289565890822
453,1568131200,498,966,468,1464,37,0.4208281906169281,0.4184379087260286
453,1568145600,1483,1501,18,2984,37,-0.5529294982493722,2.2014492618878
453,1568160000,561,324,-237,885,37,-1.1047255219402756,-0.26074865277440934
453,1568174400,55,33,-22,88,37,-0.63948573725971,-1.1956565793993645
453,1568188800,40,457,417,497,37,0.3104689858787474,-0.715885761344651
453,1568203200,216,1645,1429,1861,37,2.5003418328402938,0.8841323213610439
453,1568217600,510,1010,500,1520,37,0.4900731818251983,0.4841278006846202
453,1568232000,1437,1411,-26,2848,37,-0.6481413611607438,2.0419166671312206
453,1568246400,582,329,-253,911,37,-1.1393480175444108,-0.23024977436506328
453,1568260800,62,35,-27,97,37,-0.6503052671360022,-1.1850992753345908
453,1568275200,41,527,486,568,37,0.4597784981715801,-0.6326003626114367
453,1568289600,215,1613,1398,1828,37,2.4332607476072816,0.8454222064568738
453,1568304000,492,1060,568,1552,37,0.6372187881427727,0.5216648818038153
453,1568318400,1436,1459,23,2895,37,-0.54210996837308,2.0970492550250386
453,1568332800,557,302,-255,859,37,-1.1436758294949276,-0.29124753118375546
453,1568347200,83,31,-52,114,37,-0.7044029165174633,-1.1651577009900185
453,1568361600,38,480,442,518,37,0.36456663526020855,-0.6912520518601791
453,1568376000,290,1528,1238,1818,37,2.0870357915659308,0.8336918686071254
453,1568390400,644,999,355,1643,37,0.1763068154127238,0.6284109562365267
453,1568404800,1418,1364,-54,2782,37,-0.7087307284679802,1.9644964373228804
453,1568419200,496,373,-123,869,37,-0.858040240760813,-0.27951719333400693
453,1568433600,120,63,-57,183,37,-0.7152224463937555,-1.0842183698267538
453,1568448000,23,149,126,172,37,-0.3192276529214601,-1.0971217414614771
453,1568462400,203,635,432,838,37,0.3429275755076241,-0.3158812406682273
453,1568476800,560,714,154,1274,37,-0.25863828561422364,0.19556148958080716
453,1568491200,627,712,85,1339,37,-0.4079477979070564,0.2718086856041724
453,1568505600,351,349,-2,700,37,-0.5962076177545411,-0.47775990299475657
453,1568520000,138,68,-70,206,37,-0.7433532240721153,-1.0572385927723322
453,1568534400,25,80,55,105,37,-0.47286497716480974,-1.175715005054792
453,1568548800,145,454,309,599,37,0.07676714055083532,-0.5962363152772163
453,1568563200,402,641,239,1043,37,-0.07470627771725583,-0.07540931474838311
453,1568577600,470,541,71,1011,37,-0.43824248156067463,-0.1129463958675783
453,1568592000,248,201,-47,449,37,-0.6935833866411711,-0.7721913830234438
453,1568606400,33,32,-1,65,37,-0.5940437117792826,-1.222636356453786
453,1568620800,58,499,441,557,37,0.3624027292849501,-0.64550373424616
453,1568635200,224,1546,1322,1770,37,2.26880389348764,0.7773862469283326
453,1568649600,473,840,367,1313,37,0.20227368711582513,0.24130980719482628
453,1568664000,1366,1428,62,2794,37,-0.45771763533800064,1.9785728427425786
453,1568678400,462,286,-176,748,38,-0.9938377876463174,-0.3744488546675002
453,1568692800,36,23,-13,59,38,-0.6326436753021708,-1.1994051513076314
453,1568707200,47,435,388,482,38,0.25593815936042286,-0.6929370620786394
453,1568721600,269,1668,1399,1937,38,2.4962280218139945,1.0491694859785317
453,1568736000,545,915,370,1460,38,0.2160516929665907,0.4780458959969024
453,1568750400,1428,1355,-73,2783,38,-0.7655985632816112,2.062105664436516
453,1568764800,521,351,-170,872,38,-0.9805422988483733,-0.22598066775403683
453,1568779200,47,41,-6,88,38,-0.6171322717045694,-1.1646827527552892
453,1568793600,54,495,441,549,38,0.3733816437422619,-0.6127163481818487
453,1568808000,238,1699,1461,1937,38,2.6336147393927494,1.0491694859785317
453,1568822400,508,948,440,1456,38,0.3711657289426046,0.4732565996448552
453,1568836800,1437,1554,117,2991,38,-0.3445747513467165,2.3111490747429704
453,1568851200,537,346,-191,883,38,-1.0270765096411774,-0.21281010278590703
453,1568865600,73,39,-34,112,38,-0.679177886094975,-1.135946974643006
453,1568880000,49,558,509,607,38,0.5240638501189611,-0.5432715510771642
453,1568894400,246,1574,1328,1820,38,2.338898071038323,0.9090825676811509
453,1568908800,486,1024,538,1510,38,0.588325379309024,0.5379121003974925
453,1568923200,1438,1247,-191,2685,38,-1.0270765096411774,1.9447679038113592
453,1568937600,549,384,-165,933,38,-0.9694627248500866,-0.15294389838531694
453,1568952000,69,42,-27,111,38,-0.6636664824973736,-1.1371442987310176
453,1568966400,45,530,485,575,38,0.4708818949271849,-0.5815859218935419
453,1568980800,251,1474,1223,1725,38,2.1062270170743025,0.7953367793200298
453,1568995200,540,916,376,1456,38,0.22934718176453478,0.4732565996448552
453,1569009600,1287,1346,59,2633,38,-0.47309780972684223,1.8825070512347455
453,1569024000,482,365,-117,847,38,-0.8630988144665342,-0.25591376995433185
453,1569038400,102,56,-46,158,38,-0.705768863690863,-1.080870066594463
453,1569052800,20,157,137,177,38,-0.30025645535356965,-1.0581209089222388
453,1569067200,172,576,404,748,38,0.2913927961549403,-0.3744488546675002
453,1569081600,468,655,187,1123,38,-0.18946071537070264,0.07454767833692533
453,1569096000,556,615,59,1171,38,-0.47309780972684223,0.13201923456149178
453,1569110400,300,262,-38,562,38,-0.6880415452936043,-0.5971511350376952
453,1569124800,81,51,-30,132,38,-0.6703142268963456,-1.1120004928827698
453,1569139200,12,73,61,85,38,-0.4686659801275276,-1.1682747250193246
453,1569153600,109,416,307,525,38,0.07644906058817826,-0.641452126294132
453,1569168000,344,561,217,905,38,-0.12298327138098242,-0.1864689728496474
453,1569182400,370,485,115,855,38,-0.34900658094603115,-0.24633517725023746
453,1569196800,198,198,0,396,38,-0.6038367829066253,-0.7959069336476543
453,1569211200,28,23,-5,51,38,-0.6149163569049121,-1.208983744011726
453,1569225600,40,513,473,553,38,0.44429091733129683,-0.6079270518298014
453,1569240000,228,1542,1314,1770,38,2.3078752638431204,0.8492163632805608
453,1569254400,459,881,422,1340,38,0.33127926254877244,0.33436700543548625
453,1569268800,1422,1319,-103,2741,38,-0.8320760072713315,2.0118180527400202
453,1569283200,464,301,-163,765,39,-1.0374563685041756,-0.4199271363609541
453,1569297600,36,28,-8,64,39,-0.6823274927568739,-1.2734059951721655
453,1569312000,49,558,509,607,39,0.502199144413158,-0.6122946965495011
453,1569326400,252,1563,1311,1815,39,2.339704682150809,0.8584648775502757
453,1569340800,494,983,489,1477,39,0.45637606367157074,0.44694440069123215
453,1569355200,1445,1387,-58,2832,39,-0.7968851946108421,2.096678856738581
453,1569369600,503,361,-142,864,39,-0.9893421337255088,-0.299393032192181
453,1569384000,46,30,-16,76,39,-0.7006567250535087,-1.2587958007274658
453,1569398400,44,549,505,593,39,0.4930345282648406,-0.6293399234016508
453,1569412800,258,1602,1344,1860,39,2.415312765374428,0.9132531067178997
453,1569427200,544,1023,479,1567,39,0.4334645233007771,0.5565208590264804
453,1569441600,1476,1440,-36,2916,39,-0.7464798057950961,2.1989502178514795
453,1569456000,580,340,-240,920,39,-1.2138752293592867,-0.23121212478358208
453,1569470400,58,38,-20,96,39,-0.7098213412018262,-1.2344454766529662
453,1569484800,51,564,513,615,39,0.5113637605614755,-0.6025545669197012
453,1569499200,272,1574,1302,1846,39,2.3190842958170945,0.89620787986575
453,1569513600,551,1017,466,1568,39,0.40367952081874536,0.5577383752302054
453,1569528000,1433,1370,-63,2803,39,-0.808340964796239,2.0613708868305567
453,1569542400,523,321,-202,844,39,-1.1268113759502707,-0.3237433562666806
453,1569556800,62,39,-23,101,39,-0.7166948033130643,-1.2283578956343413
453,1569571200,42,557,515,599,39,0.5159460686356343,-0.6220348261793008
453,1569585600,262,1508,1246,1770,39,2.19077966974065,0.8036766483826515
453,1569600000,596,1001,405,1597,39,0.2639191245569041,0.5930463451382298
453,1569614400,1339,1360,21,2699,39,-0.6158840256815722,1.9347492016431587
453,1569628800,479,338,-141,817,39,-0.9870509796884294,-0.35661629376725507
453,1569643200,110,63,-47,173,39,-0.771682500202969,-1.1406967289661427
453,1569657600,26,226,200,252,39,-0.20576745304436583,-1.0445129488718692
453,1569672000,225,823,598,1048,39,0.7061118537132216,-0.07537005070678454
453,1569686400,533,859,326,1392,39,0.08291795562763421,0.34345552337460883
453,1569700800,685,746,61,1431,39,-0.5242378641983976,0.39093865531988303
453,1569715200,345,415,70,760,39,-0.5036174778646834,-0.42601471737957897
453,1569729600,114,77,-37,191,39,-0.7487709598321755,-1.118781437299093
453,1569744000,29,124,95,153,39,-0.4463386269376992,-1.1650470530406423
453,1569758400,137,552,415,689,39,0.2868306649276977,-0.5124583678440526
453,1569772800,381,722,341,1103,39,0.11728526618382469,-0.008406659501910607
453,1569787200,427,621,194,1048,39,-0.21951437726684203,-0.07537005070678454
453,1569801600,250,244,-6,494,39,-0.677745184682715,-0.7498740275704239
453,1569816000,41,42,1,83,39,-0.6617071064231596,-1.2502731873013908
453,1569830400,28,510,482,538,39,0.4403379854120152,-0.6963033146065247
453,1569844800,200,1392,1192,1592,39,2.0670573517383644,0.5869587641196049
453,1569859200,446,858,412,1304,39,0.27995720281645964,0.2363140974468105
453,1569873600,1386,1268,-118,2654,39,-0.934354436835604,1.8799609724755344
453,1569888000,414,240,-174,654,40,-1.0430861792148658,-0.5208468926551865
453,1569902400,33,20,-13,53,40,-0.6879147836838259,-1.2199066716950238
453,1569916800,36,495,459,531,40,0.35333303427052737,-0.6639156993471999
453,1569931200,247,1513,1266,1760,40,2.1336020789509575,0.7656092065429168
453,1569945600,460,910,450,1370,40,0.333478732656991,0.3119764048365331
453,1569960000,1573,1403,-170,2976,40,-1.0342620451644051,2.1800130190428204
453,1569974400,489,297,-192,786,40,-1.0827947824419386,-0.3673096366930259
453,1569988800,47,22,-25,69,40,-0.7143871858352077,-1.201296095214762
453,1570003200,45,536,491,581,40,0.4239261066742124,-0.6057576478463814
453,1570017600,230,1611,1381,1841,40,2.3872959329017007,0.8598252499742426
453,1570032000,501,974,473,1475,40,0.38421750344713956,0.4341083129882518
453,1570046400,1542,1515,-27,3057,40,-0.718799252860438,2.2742290624741464
453,1570060800,499,340,-159,839,40,-1.0099956765256384,-0.3056621021021584
453,1570075200,62,23,-39,85,40,-0.7452716550118199,-1.1826855187345
453,1570089600,39,485,446,524,40,0.32465459860653034,-0.6720578265573144
453,1570104000,238,1643,1405,1881,40,2.4402407372044643,0.9063516911748973
453,1570118400,519,1025,506,1544,40,0.4570166093634397,0.5143664240593812
453,1570132800,1421,1401,-20,2822,40,-0.7033570182721319,2.0008862204202997
453,1570147200,527,384,-143,911,40,-0.974699140323796,-0.2219145079409799
453,1570161600,62,30,-32,92,40,-0.7298294204235137,-1.1745433915243855
453,1570176000,32,492,460,524,40,0.35553906778314254,-0.6720578265573144
453,1570190400,244,1544,1300,1788,40,2.208607218379873,0.798177715383375
453,1570204800,547,988,441,1535,40,0.3136244310434546,0.5038979747892339
453,1570219200,1349,1321,-28,2670,40,-0.7210052863730532,1.8240857438578117
453,1570233600,454,381,-73,835,40,-0.8202767944407351,-0.3103147462222239
453,1570248000,92,68,-24,160,40,-0.7121811523225925,-1.0954484414832724
453,1570262400,26,186,160,212,40,-0.306270986001404,-1.0349640679224212
453,1570276800,195,752,557,947,40,0.5695243185068126,-0.18004071086039064
453,1570291200,464,826,362,1290,40,0.13934778354685734,0.21892352243522367
453,1570305600,577,867,290,1444,40,-0.01948662936143383,0.39805032105774435
453,1570320000,309,451,142,760,40,-0.34597958922847677,-0.39755182347345147
453,1570334400,98,76,-22,174,40,-0.7077690852973623,-1.0791641870630433
453,1570348800,21,97,76,118,40,-0.491577801061077,-1.1443012047439598
453,1570363200,135,503,368,638,40,0.15258398462254827,-0.5394574691354485
453,1570377600,351,776,425,1127,40,0.27832789484161213,0.029328274542555644
453,1570392000,428,671,243,1099,40,-0.12317020445434612,-0.0032402342979026646
453,1570406400,249,174,-75,423,40,-0.8246888614659654,-0.7895370905889676
453,1570420800,38,14,-24,52,40,-0.7121811523225925,-1.2210698327250402
453,1570435200,43,469,426,512,40,0.28053392835422725,-0.6860157589175108
453,1570449600,231,1637,1406,1868,40,2.4424467707170794,0.8912305977846845
453,1570464000,488,904,416,1392,40,0.2584735932280757,0.3375659474968932
453,1570478400,1507,1349,-158,2856,40,-1.0077896430130233,2.040433695440856
453,1570492800,477,376,-101,853,41,-0.9358276948495258,-0.24456326647828422
453,1570507200,52,34,-18,86,41,-0.7359933705465888,-1.2010232721030802
453,1570521600,40,497,457,537,41,0.4076367986569664,-0.6386198007383045
453,1570536000,233,1598,1365,1831,41,2.5937761536818678,0.9750167667694999
453,1570550400,529,910,381,1439,41,0.2246559715843976,0.48618714199124696
453,1570564800,1473,1395,-78,2868,41,-0.8804519182354589,2.268170646603807
453,1570579200,463,344,-119,807,41,-0.9791652591561868,-0.3019259265287935
453,1570593600,50,28,-22,78,41,-0.7456239403925133,-1.210999386894473
453,1570608000,37,440,403,477,41,0.2776241057369833,-0.7134406616737513
453,1570622400,217,1457,1240,1674,41,2.2928208459967214,0.779235513988414
453,1570636800,452,868,416,1320,41,0.30892345773623847,0.3377924344692773
453,1570651200,1319,1251,-68,2570,41,-0.8563754936206471,1.8965603706244207
453,1570665600,458,277,-181,735,41,-1.1284390917680192,-0.39171095965132974
453,1570680000,70,25,-45,95,41,-0.8009997170065802,-1.1898001429627632
453,1570694400,42,517,475,559,41,0.4509743629636274,-0.6111854850619739
453,1570708800,227,1580,1353,1807,41,2.5648844441440937,0.9450884223953212
453,1570723200,488,1146,658,1634,41,0.8915729334146814,0.7293549400314493
453,1570737600,1395,1527,132,2922,41,-0.3748470013244134,2.335509421445709
453,1570752000,534,429,-105,963,41,-0.9454582646954504,-0.1073916880966316
453,1570766400,79,30,-49,109,41,-0.8106302868525049,-1.1723419420778256
453,1570780800,47,491,444,538,41,0.37633744665771124,-0.6373727863893803
453,1570795200,234,1590,1356,1824,41,2.572107371528537,0.9662876663270311
453,1570809600,555,1036,481,1591,41,0.46542021773251446,0.6757333230277124
453,1570824000,1315,1363,48,2678,41,-0.5770889680888316,2.031237920308225
453,1570838400,435,409,-26,844,41,-0.755254510238438,-0.2557863956186012
453,1570852800,94,47,-47,141,41,-0.8058150019295426,-1.1324374829122539
453,1570867200,28,122,94,150,41,-0.4663374148606978,-1.1212143537719368
453,1570881600,191,682,491,873,41,0.48949664234732615,-0.21962297949980192
453,1570896000,496,711,215,1207,41,-0.1750126770214764,0.1968798130408524
453,1570910400,559,733,174,1292,41,-0.2737260179422043,0.3028760326994021
453,1570924800,322,465,143,787,41,-0.34836293424812054,-0.3268662135072758
453,1570939200,93,89,-4,182,41,-0.7022863760858523,-1.081309894606365
453,1570953600,22,66,44,88,41,-0.5867195379347563,-1.198529243405232
453,1570968000,133,424,291,557,41,0.007968150051092407,-0.6136795137598222
453,1570982400,316,640,324,956,41,0.08742035127997097,-0.1161207885391004
453,1570996800,398,589,191,987,41,-0.23279609609702445,-0.07746334372245285
453,1571011200,221,270,49,491,41,-0.5746813256273504,-0.6959824607888138
453,1571025600,52,35,-17,87,41,-0.7335857280851076,-1.199776257754156
453,1571040000,27,373,346,400,41,0.1403884854325567,-0.8094607665409081
453,1571054400,223,1187,964,1410,41,1.6283115266279191,0.45002372587244766
453,1571068800,468,840,372,1308,41,0.20298718943106708,0.32282826228218797
453,1571083200,1126,1182,56,2308,41,-0.5578278283969822,1.5698426112063026
453,1571097600,382,241,-141,623,42,-0.9798330351185628,-0.5895002972398878
453,1571112000,39,28,-11,67,42,-0.7030812699875632,-1.2426298195222742
453,1571126400,52,515,463,567,42,0.3059982428746968,-0.6552831268222864
453,1571140800,247,1723,1476,1970,42,2.4625331511647164,0.9928116928938797
453,1571155200,505,995,490,1500,42,0.36347745563267364,0.440705801755891
453,1571169600,1507,1285,-222,2792,42,-1.1522706733924934,1.9584096556926598
453,1571184000,609,412,-197,1021,42,-1.0990491800980704,-0.1219723298506974
453,1571198400,74,43,-31,117,42,-0.7456584646231016,-1.1838951502522757
453,1571212800,35,497,462,532,42,0.30386938314291984,-0.6963973953112856
453,1571227200,233,1755,1522,1988,42,2.560460698826455,1.0139561738310792
453,1571241600,510,938,428,1448,42,0.23148815226250458,0.3796217457150923
453,1571256000,1408,1397,-11,2805,42,-0.7030812699875632,1.9736806697028595
453,1571270400,510,350,-160,860,42,-1.0202813700223243,-0.3110979649000935
453,1571284800,59,34,-25,93,42,-0.7328853062324401,-1.212087791501875
453,1571299200,47,484,437,531,42,0.25064788984849684,-0.6975720886966855
453,1571313600,270,1663,1393,1933,42,2.285837793427232,0.9493480376340806
453,1571328000,513,1108,595,1621,42,0.5870077274692502,0.5828437013892881
453,1571342400,1473,1477,4,2950,42,-0.6711483740109094,2.144011210585856
453,1571356800,575,380,-195,955,42,-1.0947914606345166,-0.1995020932870958
453,1571371200,79,49,-30,128,42,-0.7435296048913247,-1.170973523012876
453,1571385600,40,453,413,493,42,0.1995552562858508,-0.7422104373418846
453,1571400000,253,1524,1271,1777,42,2.0261169061504476,0.7660958695116843
453,1571414400,543,1063,520,1606,42,0.4273432475859812,0.5652233006082885
453,1571428800,1386,1387,1,2773,42,-0.6775349532062401,1.9360904813700603
453,1571443200,468,330,-138,798,42,-0.973446455923232,-0.38392895479489203
453,1571457600,73,59,-14,132,42,-0.709467849182894,-1.166274749471276
453,1571472000,25,196,171,221,42,-0.3156287988041638,-1.061727038170678
453,1571486400,208,913,705,1121,42,0.8211822979647113,-0.004502991310699819
453,1571500800,467,951,484,1418,42,0.3507042972420121,0.344380944153093
453,1571515200,567,911,344,1478,42,0.05266393479324333,0.41486254727709154
453,1571529600,346,442,96,788,42,-0.47529327868743276,-0.39567588864889175
453,1571544000,124,70,-54,194,42,-0.7946222384539707,-1.0934437595764774
453,1571558400,19,105,86,124,42,-0.496581876005202,-1.1756722965544757
453,1571572800,139,647,508,786,42,0.40179693080465817,-0.39802527541969174
453,1571587200,336,765,429,1101,42,0.2336170119942815,-0.027996859018699336
453,1571601600,381,562,181,943,42,-0.2943402014863946,-0.21359841391189552
453,1571616000,198,173,-25,371,42,-0.7328853062324401,-0.8855230303606817
453,1571630400,34,36,2,70,42,-0.6754060934744632,-1.2391057393660745
453,1571644800,39,492,453,531,42,0.28470964555692757,-0.6975720886966855
453,1571659200,260,1546,1286,1806,42,2.0580498021271016,0.8001619776882837
453,1571673600,479,961,482,1440,42,0.3464465777784583,0.3702241986318925
453,1571688000,1405,1366,-39,2771,42,-0.7626893424773169,1.9337410945992604
453,1571702400,512,318,-194,830,43,-1.06143671989328,-0.36698783646885824
453,1571716800,58,38,-20,96,43,-0.694797803743538,-1.2073281040661221
453,1571731200,38,494,456,532,43,0.3081914151488594,-0.7081614056023523
453,1571745600,252,1616,1364,1868,43,2.2214565637923402,0.8213952667545202
453,1571760000,473,1019,546,1492,43,0.49783223384700176,0.3909212332169573
453,1571774400,1512,1350,-162,2862,43,-0.9940088732450515,1.9594037490320138
453,1571788800,505,315,-190,820,43,-1.0530082390622513,-0.3784366139565594
453,1571803200,62,28,-34,90,43,-0.7242974866521379,-1.2141973705587428
453,1571817600,45,477,432,522,43,0.2576205301626881,-0.7196101830900534
453,1571832000,254,1740,1486,1994,43,2.478525229138711,0.9656498630995547
453,1571846400,514,1038,524,1552,43,0.45147558927634474,0.45961389814316417
453,1571860800,1485,1419,-66,2904,43,-0.7917253333003663,2.0074886144803585
453,1571875200,630,355,-275,985,43,-1.2321134567216079,-0.18953178540949056
453,1571889600,78,25,-53,103,43,-0.7643327705995235,-1.1993139598247313
453,1571904000,45,506,461,551,43,0.3187270161876451,-0.6864087283757201
453,1571918400,245,1704,1459,1949,43,2.4216329835292685,0.9141303644048995
453,1571932800,485,1099,614,1584,43,0.6411164079744871,0.4962499861038078
453,1571947200,1437,1496,59,2933,43,-0.5283353073307241,2.040690069194692
453,1571961600,685,400,-285,1085,43,-1.2531846587991793,-0.07504401053247914
453,1571976000,80,44,-36,124,43,-0.7285117270676522,-1.175271527100559
453,1571990400,41,449,408,490,43,0.2070496451765168,-0.7562462710506971
453,1572004800,276,1621,1345,1897,43,2.1814212798449546,0.8545967214688536
453,1572019200,579,1035,456,1614,43,0.3081914151488594,0.5305963185669113
453,1572033600,1394,1515,121,2909,43,-0.3976938544497816,2.0132130032242093
453,1572048000,505,352,-153,857,43,-0.9750447913752373,-0.3360761372520652
453,1572062400,118,72,-46,190,43,-0.7495829291452236,-1.0997095956817313
453,1572076800,27,219,192,246,43,-0.24808831969902487,-1.035596441750605
453,1572091200,206,899,693,1105,43,0.807578904387301,-0.05214645555707686
453,1572105600,476,932,456,1408,43,0.3081914151488594,0.29475150232026776
453,1572120000,642,952,310,1594,43,0.0005518648163173398,0.507698763591509
453,1572134400,379,436,57,815,43,-0.5325495477462384,-0.38416100270041
453,1572148800,151,92,-59,243,43,-0.7769754918460664,-1.0390310749969154
453,1572163200,38,109,71,147,43,-0.5030498648376385,-1.1489393388788463
453,1572177600,138,564,426,702,43,0.2449778089161453,-0.5135321883114329
453,1572192000,285,660,375,945,43,0.13751467832053127,-0.23532689536029514
453,1572206400,426,583,157,1009,43,-0.3218375269705247,-0.16205471943900782
453,1572220800,253,199,-54,452,43,-0.7664398908072807,-0.7997516255039614
453,1572235200,33,30,-3,63,43,-0.6589767602116666,-1.2451090697755358
453,1572249600,45,444,399,489,43,0.18808556330670256,-0.7573911487994672
453,1572264000,244,1514,1270,1758,43,2.023387264263169,0.6954587143898077
453,1572278400,468,1002,534,1470,43,0.47254679135391614,0.36573392274401484
453,1572292800,1538,1506,-32,3044,43,-0.7200832462366237,2.1677714993081745
453,1572307200,529,293,-236,822,44,-1.182031120784047,-0.3061208304198322
453,1572321600,48,27,-21,75,44,-0.6882349449122394,-1.1587248007815847
453,1572336000,38,461,423,499,44,0.33151157642302853,-0.6747835913660786
453,1572350400,262,1572,1310,1834,44,2.3687078926941605,0.8489463958266118
453,1572364800,488,1069,581,1557,44,0.694394347528822,0.5327866906188401
453,1572379200,1488,1723,235,3211,44,-0.1002729866648777,2.4206139556500834
453,1572393600,610,323,-287,933,44,-1.2991641671536387,-0.17942867418133882
453,1572408000,57,24,-33,81,44,-0.7157956617050845,-1.1518765761200447
453,1572422400,42,521,479,563,44,0.46012825478963887,-0.6017358616429833
453,1572436800,267,1647,1380,1914,44,2.5294787406524235,0.9402560579804808
453,1572451200,529,1123,594,1652,44,0.7242517907210708,0.6412169144265596
453,1572465600,1530,1474,-56,3004,44,-0.7686203688913709,2.184350204826947
453,1572480000,606,318,-288,924,44,-1.3014608935530425,-0.1897010111736491
453,1572494400,67,21,-46,88,44,-0.7456531048973333,-1.143886980681581
453,1572508800,36,480,444,516,44,0.3797428308105074,-0.6553802881583815
453,1572510930,25,250,225,275,44,-0.12324025065891527,-0.930450645396912
453,1572523200,221,1299,1078,1520,44,1.8358673680324888,0.4905559718726756
453,1572537600,524,1042,518,1566,44,0.5497005843663854,0.5430590276111503
453,1572552000,1439,1474,35,2913,44,-0.559618266545629,2.0804854641269213
453,1572566400,556,391,-165,947,44,-1.0189635464263802,-0.16344948330441172
453,1572580800,115,46,-69,161,44,-0.7984778120836197,-1.0605669139661755
453,1572595200,46,424,378,470,44,0.22815888844985946,-0.7078833438968561
453,1572609600,274,1562,1288,1836,44,2.318179911907278,0.8512291373804585
453,1572624000,559,1067,508,1626,44,0.5267333203723478,0.6115412742265521
453,1572638400,1386,1416,30,2802,44,-0.5711018985426478,1.9537933078884278
453,1572652800,490,420,-70,910,44,-0.8007745384830234,-0.2056802020505762
453,1572667200,106,60,-46,166,44,-0.7456531048973333,-1.0548600600815587
453,1572681600,28,113,85,141,44,-0.4447819465754412,-1.0833943295046429
453,1572696000,187,593,406,780,44,0.29246722763316463,-0.3540584030506134
453,1572710400,485,834,349,1319,44,0.16155382286715053,0.2611404457110795
453,1572724800,554,670,116,1224,44,-0.3735834281939247,0.15271022190335998
453,1572739200,303,395,92,698,44,-0.42870486177961487,-0.44765080675832924
453,1572750000,107,59,-48,166,44,-0.7502465576961408,-1.0548600600815587
453,1572764400,19,27,8,46,44,-0.6216298793295304,-1.1918245533123624
453,1572778800,114,362,248,476,44,-0.07041554347262886,-0.7010351192353159
453,1572793200,291,638,347,929,44,0.156960370068343,-0.18399415728903226
453,1572807600,411,781,370,1192,44,0.20978507725462942,0.11618635704181235
453,1572822000,264,254,-10,518,44,-0.6629709545187981,-0.6530975466045347
453,1572836400,61,33,-28,94,44,-0.7043120297080656,-1.1370387560200408
453,1572850800,15,186,171,201,44,-0.2472634762267181,-1.0149120828892408
453,1572865200,211,1593,1382,1804,44,2.5340721934512307,0.8147052725189109
453,1572879600,417,991,574,1408,44,0.6783172627329958,0.3627224448572589
453,1572894000,1323,1515,192,2838,44,-0.19903222183923922,1.9948826558576689
453,1572908400,726,544,-182,1270,44,-1.0580078952162442,0.2052132776418347
453,1572922800,95,32,-63,127,45,-0.7388122588471203,-1.146900186563089
453,1572937200,22,194,172,216,45,-0.2467028652163282,-1.043963361328436
453,1572951600,188,1678,1490,1866,45,2.513297904168285,0.8644159829095119
453,1572966000,408,1036,628,1444,45,0.7081987666800175,0.3763335082013822
453,1572980400,1359,1550,191,2909,45,-0.20691529722064714,2.0707430471762875
453,1572994800,823,494,-329,1317,45,-1.2958382107866555,0.22944612837215836
453,1573009200,113,34,-79,147,45,-0.772317579264536,-1.1237683157238412
453,1573023600,23,197,174,220,45,-0.24251470016415125,-1.0393369871605864
453,1573038000,210,1786,1576,1996,45,2.693389001411894,1.014773143364623
453,1573052400,439,1010,571,1449,45,0.5888360626929743,0.3821164759111942
453,1573066800,1354,1502,148,2856,45,-0.29696084584245164,2.009443589452281
453,1573081200,824,510,-314,1334,45,-1.2644269728953283,0.24910821858551904
453,1573095600,99,30,-69,129,45,-0.7513767540036512,-1.1445869994791642
453,1573110000,19,184,165,203,45,-0.2613614428989475,-1.058999077373947
453,1573124400,209,1614,1405,1823,45,2.3353008894507643,0.814682460605129
453,1573138800,434,1062,628,1496,45,0.7081987666800175,0.4364763723834267
453,1573153200,1360,1591,231,2951,45,-0.12315199617710804,2.119319975938708
453,1573167600,745,600,-145,1345,45,-0.9105270259863755,0.2618307475471054
453,1573182000,121,59,-62,180,45,-0.7367181763210319,-1.085600728839082
453,1573196400,16,174,158,190,45,-0.2760200205815669,-1.074034793419458
453,1573210800,213,1522,1309,1735,45,2.13426896694627,0.7129022289124385
453,1573225200,441,1023,582,1464,45,0.6118709704799475,0.3994653790406301
453,1573239600,1333,1422,89,2755,45,-0.4205117148816718,1.892627641714079
453,1573254000,646,534,-112,1180,45,-0.8414223026254558,0.07099281312331057
453,1573268400,171,133,-38,304,45,-0.6864601956949085,-0.9421831296357455
453,1573282800,27,64,37,91,45,-0.5294040062382727,-1.188537554073735
453,1573297200,151,507,356,658,45,0.13860831958395162,-0.5327490157810584
453,1573311600,437,821,384,1258,45,0.19724263031442898,0.1612071093963772
453,1573326000,635,785,150,1420,45,-0.2927726807902747,0.34857526319428483
453,1573340400,432,531,99,963,45,-0.3995708896207871,-0.17998798548252865
453,1573354800,212,106,-106,318,45,-0.8288578074689249,-0.9259908200482719
453,1573369200,25,49,24,74,45,-0.5566270790774228,-1.2081996442870957
453,1573383600,106,339,233,445,45,-0.11896383112493109,-0.7791034402190481
453,1573398000,305,679,374,984,45,0.1763018050535442,-0.15569952110131838
453,1573412400,508,688,180,1196,45,-0.2299502050076204,0.08949830979470885
453,1573426800,305,281,-24,586,45,-0.6571430403296697,-0.6160237508023507
453,1573441200,85,49,-36,134,45,-0.6822720306427315,-1.1388040317693522
453,1573455600,16,188,172,204,45,-0.2467028652163282,-1.0578424838319846
453,1573470000,193,1483,1290,1676,45,2.0944813989505895,0.6446632099366574
453,1573484400,445,1101,656,1546,45,0.7668330774104948,0.4943060494815463
453,1573498800,1198,1452,254,2650,45,-0.07498809807707306,1.7711853198080278
453,1573513200,660,483,-177,1143,45,-0.9775376668212068,0.028198852070702045
453,1573527600,95,34,-61,129,46,-0.7364366535463893,-1.1234986554944693
453,1573542000,22,178,156,200,46,-0.28903739608593126,-1.0431910426970075
453,1573556400,202,1720,1518,1922,46,2.519063012490769,0.9045513409259369
453,1573570800,406,968,562,1374,46,0.5480321823884742,0.28471230130609165
453,1573585200,1308,1541,233,2849,46,-0.13028282085802678,1.9530746798449088
453,1573599600,780,559,-221,1339,46,-1.0663162903835934,0.24512404147635702
453,1573614000,102,46,-56,148,46,-0.7261279148952268,-1.1020078858726132
453,1573628400,28,185,157,213,46,-0.2869756483556987,-1.0284868319031062
453,1573642800,205,1735,1530,1940,46,2.543803985253559,0.9249110174098005
453,1573657200,395,1013,618,1408,46,0.6634900552814956,0.3231694679978339
453,1573671600,1409,1479,70,2888,46,-0.4663477008859285,1.997187312226613
453,1573686000,818,615,-203,1433,46,-1.029204831239408,0.35144679644764437
453,1573700400,104,44,-60,148,46,-0.7343749058161568,-1.1020078858726132
453,1573714800,19,196,177,215,46,-0.24574069375104823,-1.0262246456271213
453,1573729200,203,1637,1434,1840,46,2.345876203151237,0.8118017036105587
453,1573743600,434,1106,672,1540,46,0.7748244327140521,0.4724737622128331
453,1573758000,1309,1585,276,2894,46,-0.04162766845802817,2.003973871054568
453,1573772400,780,586,-194,1366,46,-1.0106491016673154,0.2756635562021523
453,1573786800,152,56,-96,208,46,-0.8085978241045277,-1.034142297593068
453,1573801200,31,173,142,204,46,-0.31790186430918665,-1.0386666701450378
453,1573815600,188,1608,1420,1796,46,2.3170117349279815,0.7620336055388922
453,1573830000,471,1067,596,1538,46,0.6181316052163801,0.4702115759368483
453,1573844400,1369,1563,194,2932,46,-0.2106909823370953,2.0469554102982794
453,1573858800,664,524,-140,1188,46,-0.8993147242347589,0.07432897763950186
453,1573873200,193,110,-83,303,46,-0.781795103611505,-0.9266884494837885
453,1573887600,21,62,41,83,46,-0.5261383850626717,-1.1755289398421205
453,1573902000,125,538,413,663,46,0.24083177058382788,-0.5194949198065179
453,1573916400,381,780,399,1161,46,0.2119673023605725,0.043789462913706556
453,1573930800,639,796,157,1435,46,-0.2869756483556987,0.3537089827236292
453,1573945200,396,482,86,878,46,-0.43335973720220805,-0.27630989513814785
453,1573959600,190,119,-71,309,46,-0.7570541308487146,-0.9199018906558339
453,1573974000,21,47,26,68,46,-0.5570646010161596,-1.1924953369120068
453,1573988400,83,365,282,448,46,-0.029257182076633012,-0.7626799444748877
453,1574002800,308,678,370,986,46,0.15217661818382927,-0.15415183623496667
453,1574017200,490,636,146,1126,46,-0.30965487338825654,0.004201203083971913
453,1574031600,274,254,-20,528,46,-0.6519049966068559,-0.6721924934354943
453,1574046000,69,41,-28,110,46,-0.668398978448716,-1.1449894251163253
453,1574060400,14,191,177,205,46,-0.24574069375104823,-1.0375355770070454
453,1574074800,194,1603,1409,1797,46,2.2943325098954235,0.7631646986768846
453,1574089200,382,844,462,1226,46,0.34185740936522163,0.11731051688321376
453,1574103600,1387,1529,142,2916,46,-0.31790186430918665,2.0288579200904007
453,1574118000,687,495,-192,1182,46,-1.0065256062068502,0.06754241881154735
453,1574132400,89,25,-64,114,47,-0.7821845022148493,-1.1989805261038429
453,1574146800,21,201,180,222,47,-0.2896303189349073,-1.0742196602016811
453,1574161200,197,1703,1506,1900,47,2.387119054135597,0.8641945340930156
453,1574175600,391,959,568,1350,47,0.4936115790676233,0.22883827255422945
453,1574190000,1377,1387,10,2764,47,-0.6328033154824079,1.862281461310309
453,1574204400,812,506,-306,1318,47,-1.2707013561236442,0.19187209006470007
453,1574218800,177,45,-132,222,47,-0.9194537008338495,-1.0742196602016811
453,1574233200,20,219,199,239,47,-0.2512756899090102,-1.0545813757541187
453,1574247600,203,1730,1527,1933,47,2.4295110125326413,0.9023159097853428
453,1574262000,395,1001,606,1396,47,0.5703208371194175,0.28197715988292793
453,1574276400,1385,1490,105,2875,47,-0.44103017035292225,1.990507906820864
453,1574290800,844,539,-305,1383,47,-1.2686826914380707,0.26695964824655666
453,1574305200,118,45,-73,163,47,-0.800352484385011,-1.142376059166751
453,1574319600,21,213,192,234,47,-0.26540634270802493,-1.0603573417681076
453,1574334000,194,1581,1387,1775,47,2.1468979565523467,0.7197953837432916
453,1574348400,410,1104,694,1514,47,0.7479633294498884,0.41828995781306755
453,1574362800,1343,1661,318,3004,47,-0.011054592325759833,2.139527829981779
453,1574377200,780,583,-197,1363,47,-1.050666905396129,0.24385578419060078
453,1574391600,159,56,-103,215,47,-0.860912424952217,-1.0823060126212656
453,1574406000,20,206,186,226,47,-0.27751833082146615,-1.06959888739049
453,1574420400,197,1598,1401,1795,47,2.175159262150376,0.7428992477992473
453,1574434800,459,1073,614,1532,47,0.5864701546040058,0.4390834354634278
453,1574449200,1294,1525,231,2819,47,-0.18667841997065715,1.9258170874641876
453,1574463600,674,562,-112,1236,47,-0.8790804071223788,0.09714624743528105
453,1574478000,195,117,-78,312,47,-0.8104458078128787,-0.9702522719498797
453,1574492400,25,126,101,151,47,-0.4491048290952164,-1.1562383776003244
453,1574506800,116,758,642,874,47,0.6429927658000647,-0.32103369197752
453,1574521200,420,955,535,1375,47,0.42699564444369675,0.2577181026241743
453,1574535600,646,1006,360,1652,47,0.07372932446832853,0.5777066197991629
453,1574550000,396,497,101,893,47,-0.4491048290952164,-0.29908502112436197
453,1574564400,185,119,-66,304,47,-0.7862218315859963,-0.9794938175722621
453,1574578800,26,65,39,91,47,-0.5742620396007754,-1.225549969768192
453,1574593200,85,420,335,505,47,0.02326270732899022,-0.7472999838099057
453,1574607600,272,758,486,1030,47,0.3280810748505936,-0.14082355234106433
453,1574622000,413,755,342,1168,47,0.03739336012800495,0.018593109645031122
453,1574636400,268,340,72,608,47,-0.5076461049768488,-0.628315083921733
453,1574650800,72,59,-13,131,47,-0.6792326032505991,-1.1793422416562802
453,1574665200,18,216,198,234,47,-0.2532943545945837,-1.0603573417681076
453,1574679600,223,1716,1493,1939,47,2.3608764132231412,0.9092470690021296
453,1574694000,403,1047,644,1450,47,0.6470300951712118,0.34435759283400874
453,1574708400,1313,1478,165,2791,47,-0.31991028921851034,1.8934716777858493
453,1574722800,741,539,-202,1280,47,-1.0607602288239968,0.14797474835838395
453,1574737200,112,51,-61,163,48,-0.819023598999666,-0.8939691792844079
453,1574751600,20,203,183,223,48,-0.14404540498691357,-0.8099062541082183
453,1574766000,199,1651,1452,1850,48,3.366394464694164,1.4696000669194595
453,1574780400,452,977,525,1429,48,0.8020305882604692,0.8797585419331949
453,1574794800,1276,1554,278,2830,48,0.1187534820262483,2.842627844797225
453,1574809200,697,598,-99,1295,48,-0.9241431538049308,0.6920180090397046
453,1574823600,148,45,-103,193,48,-0.9352083701002218,-0.851937716696313
453,1574838000,19,193,174,212,48,-0.16894214165131838,-0.8253177903905197
453,1574852400,188,1452,1264,1640,48,2.846329298815486,1.1753798288027955
453,1574866800,546,1104,558,1650,48,0.8933186226966202,1.1893903163321604
453,1574881200,946,1135,189,2081,48,-0.12744758054397703,1.79324232884779
453,1574895600,452,396,-56,848,48,-0.8051920786305523,0.06574921647709125
453,1574910000,118,60,-58,178,48,-0.8107246867781978,-0.8729534479903605
453,1574924400,16,32,16,48,48,-0.6060181853153139,-1.055089785872105
453,1574938800,52,138,86,190,48,-0.41237690014772094,-0.8561408629551226
453,1574953200,166,255,89,421,48,-0.40407798792625266,-0.5324986010267921
453,1574967600,139,275,136,414,48,-0.2740616964565831,-0.5423059422973476
453,1574982000,108,182,74,290,48,-0.44557254903359406,-0.716035987661473
453,1574996400,48,48,0,96,48,-0.650279050496478,-0.9878394457311531
453,1575010800,9,96,87,105,48,-0.4096105960738982,-0.9752300069547246
453,1575025200,109,602,493,711,48,0.713508857898141,-0.12619446267520856
453,1575039600,302,895,593,1197,48,0.9901392652804166,0.5547152312519281
453,1575054000,528,837,309,1365,48,0.20450890831475374,0.7900914217452593
453,1575068400,350,462,112,812,48,-0.3404529942283293,0.015311461371377434
453,1575082800,102,70,-32,172,48,-0.7388007808588062,-0.8813597405079795
453,1575097200,20,63,43,83,48,-0.5313279753220995,-1.0060530795193274
453,1575111600,102,404,302,506,48,0.18514477979799446,-0.41340945702719006
453,1575126000,308,684,376,992,48,0.3898512812608784,0.26750023689994656
453,1575140400,479,723,244,1202,48,0.02469914351627458,0.5617204750166106
453,1575154800,296,423,127,719,48,-0.2989584331209879,-0.11498607265171662
453,1575169200,118,99,-19,217,48,-0.7028388278991103,-0.8183125466258372
453,1575183600,27,40,13,67,48,-0.6143170975367822,-1.0284698595663115
453,1575198000,76,307,231,383,48,-0.011262809443421257,-0.585738453638379
453,1575212400,238,534,296,772,48,0.16854695535505793,-0.04073048874608237
453,1575226800,331,463,132,794,48,-0.28512691275187413,-0.00990741618147948
453,1575241200,221,205,-16,426,48,-0.6945399156776421,-0.5254933572621097
453,1575255600,71,37,-34,108,48,-0.7443333890064516,-0.9710268606959152
453,1575270000,29,206,177,235,48,-0.1606432294298501,-0.7930936690729803
453,1575284400,181,1518,1337,1699,48,3.048269496204547,1.2580417052260486
453,1575298800,389,857,468,1246,48,0.644351256052572,0.6233666201458163
453,1575313200,1239,1390,151,2629,48,-0.23256713534924178,2.5610170454569894
453,1575327600,659,495,-164,1154,48,-1.10395291860341,0.4944701348756588
453,1575342000,91,61,-30,152,49,-0.7657525604185595,-1.050445104969692
453,1575356400,23,241,218,264,49,-0.19614657666390214,-0.9249623401846135
453,1575370800,189,1604,1415,1793,49,2.553121014280956,0.7881014754973958
453,1575385200,414,962,548,1376,49,0.5617968694612469,0.32090225303866604
453,1575399600,1358,1638,280,2996,49,-0.05374508072523779,2.135920815108552
453,1575414000,859,617,-242,1476,49,-1.252673804595928,0.43294043588248615
453,1575428400,130,46,-84,176,49,-0.889779669784493,-1.023555941087175
453,1575442800,21,223,202,244,49,-0.2328953498093639,-0.9473699767533775
453,1575457200,195,1686,1491,1881,49,2.7276776867218997,0.8866950763999576
453,1575471600,459,1088,629,1547,49,0.747837533510147,0.5124875457015985
453,1575486000,1384,1563,179,2947,49,-0.2857217112059652,2.0810221055150797
453,1575500400,789,781,-8,1570,49,-0.7152229973435497,0.5382563277556771
453,1575514800,125,68,-57,193,49,-0.8277661151015263,-1.0045094500037257
453,1575527320,14,115,101,129,49,-0.4648719802900913,-1.0762138870237705
453,1575529200,10,106,96,116,49,-0.4763559718980481,-1.0907788507934673
453,1575543600,215,1575,1360,1790,49,2.4267971065934315,0.7847403300120813
453,1575558000,440,1071,631,1511,49,0.7524311301533297,0.4721537998778232
453,1575572400,1405,1518,113,2923,49,-0.437310400430995,2.054132941632563
453,1575586800,849,802,-47,1651,49,-0.8047981318856127,0.6290072558591714
453,1575601200,174,71,-103,245,49,-0.9334188378947289,-0.9462495949249393
453,1575615600,21,202,181,223,49,-0.28112811456278247,-0.9708979951505797
453,1575630000,208,1436,1228,1644,49,2.123619728143372,0.6211645830601039
453,1575644400,449,1012,563,1461,49,0.5962488442851173,0.41613470845591316
453,1575658800,1331,1502,171,2833,49,-0.30409609777869606,1.953298577073125
453,1575673200,633,772,139,1405,49,-0.3775936440696196,0.35339332606337387
453,1575687600,179,193,14,372,49,-0.6646934342685397,-0.8039611027132878
453,1575702000,25,67,42,92,49,-0.6003830812639815,-1.117668014675984
453,1575716400,146,565,419,711,49,0.2655098859759613,-0.42415166287273764
453,1575730800,441,835,394,1276,49,0.2080899279361773,0.20886407019484596
453,1575745200,641,940,299,1581,49,-0.010105912615001935,0.5505805278684973
453,1575759600,420,663,243,1083,49,-0.13872661862411811,-0.007369622693726839
453,1575774000,182,186,4,368,49,-0.6876614174844533,-0.8084426300270405
453,1575788400,21,36,15,57,49,-0.6623966359469483,-1.156881378671321
453,1575802800,88,328,240,416,49,-0.1456170135888922,-0.754664302262007
453,1575817200,318,631,313,949,49,0.022049263887277112,-0.15750078770444578
453,1575831600,504,710,206,1214,49,-0.22370815652299847,0.1394003968316775
453,1575840416,201,265,64,466,49,-0.5498535181889717,-0.6986452108400969
453,1575840498,1,0,-1,1,49,-0.6991454090924101,-1.2196227610638604
453,1575846000,92,111,19,203,49,-0.6532094426605829,-0.9933056317193437
453,1575860400,86,48,-38,134,49,-0.7841269469912904,-1.0706119778815797
453,1575874800,18,188,170,206,49,-0.3063928961002874,-0.9899444862340292
453,1575889200,185,1643,1458,1828,49,2.6518833421093846,0.8273148394927329
453,1575903600,357,955,598,1312,49,0.6766367855408149,0.2491978160186212
453,1575918000,1276,1562,286,2838,49,-0.03996429079568962,1.9589004862153159
453,1575932400,722,656,-66,1378,49,-0.8484372999958485,0.32314301669554246
453,1575946800,128,54,-74,182,50,-0.9000423818006539,-1.121995566102951
453,1575961200,22,211,189,233,50,-0.3449718581353073,-1.0649490066642624
453,1575975600,221,1701,1480,1922,50,2.3797279367390747,0.824298814746432
453,1575990000,420,1040,620,1460,50,0.5646684296964964,0.30752409983125095
453,1576004400,1345,1483,138,2828,50,-0.45260910797155324,1.8377141647749038
453,1576018800,789,668,-121,1457,50,-0.9992374943948413,0.30416841986426923
453,1576033200,139,68,-71,207,50,-0.89371077886911,-1.0940315663781037
453,1576047600,15,211,196,226,50,-0.3301981179617049,-1.0727789265872196
453,1576062000,186,1686,1500,1872,50,2.421938622949367,0.768370815296737
453,1576076400,418,1147,729,1565,50,0.7947166695425906,0.4249728986756103
453,1576090800,1379,1426,47,2805,50,-0.6446677302283842,1.811987285028044
453,1576105200,811,711,-100,1522,50,-0.9549162738740341,0.3768748191488726
453,1576119600,154,71,-83,225,50,-0.9190371905952855,-1.0738974865762134
453,1576134000,22,200,178,222,50,-0.3681877355509682,-1.0772531665431953
453,1576148400,195,1711,1516,1906,50,2.455707171917601,0.8064018549225296
453,1576162800,405,1110,705,1515,50,0.7440638460902396,0.3690448992259153
453,1576177200,1348,1910,562,3258,50,0.4422574396866481,2.31869496004228
453,1576191600,816,781,-35,1597,50,-0.8177315436905834,0.460766818323415
453,1576206000,186,87,-99,273,50,-0.9528057395635195,-1.0202066071045064
453,1576220400,16,193,177,209,50,-0.3702982698614828,-1.091794446400116
453,1576234800,187,1549,1362,1736,50,2.1306848880983487,0.6162466567935668
453,1576249200,447,1061,614,1508,50,0.5520052238334087,0.36121497930295804
453,1576263600,1316,1573,257,2889,50,-0.20145552502031275,1.9059463241035317
453,1576278000,656,684,28,1340,50,-0.6847678821281621,0.17329690115198312
453,1576292400,194,139,-55,333,50,-0.859942229900876,-0.9530930077648725
453,1576306800,18,45,27,63,50,-0.6868784164386766,-1.255104204793225
453,1576321200,99,496,397,595,50,0.09401927845173486,-0.6600302906484711
453,1576335600,394,764,370,1158,50,0.037034852067839956,-0.030281016844906358
453,1576350000,672,976,304,1648,50,-0.10226041242612534,0.5178133777621038
453,1576364400,403,714,311,1117,50,-0.08748667225252296,-0.07614197639365619
453,1576378800,176,205,29,381,50,-0.6826573478176474,-0.8994021282931653
453,1576393200,17,46,29,63,50,-0.6826573478176474,-1.255104204793225
453,1576407600,102,367,265,469,50,-0.18457125053619575,-0.8009688492617023
453,1576422000,333,748,415,1081,50,0.1320088960409981,-0.11641013599743652
453,1576436400,445,818,373,1263,50,0.04336645499938383,0.08716778199945296
453,1576450800,283,374,91,657,50,-0.5518042205657406,-0.5906795713308494
453,1576465200,78,55,-23,133,50,-0.792405131964408,-1.176805005563652
453,1576479600,16,178,162,194,50,-0.4019562845192022,-1.1085728462350244
453,1576494000,192,1680,1488,1872,50,2.3966122112231916,0.768370815296737
453,1576508400,399,1057,658,1456,50,0.6448687334960521,0.30304985987527533
453,1576522800,1296,1626,330,2922,50,-0.04738652035274507,1.9428588037403303
453,1576537200,747,664,-83,1411,50,-0.9190371905952855,0.2527146603705499
453,1576551600,124,52,-72,176,51,-0.970856354613705,-1.0998022503206712
453,1576566000,24,180,156,204,51,-0.41298534040543383,-1.0642301100974223
453,1576580400,153,1492,1339,1645,51,2.481582246473447,0.7664646778204981
453,1576594800,380,959,579,1339,51,0.622012199112543,0.3777120025235629
453,1576609200,1247,1373,126,2620,51,-0.4863894212223116,2.0051374177372034
453,1576623600,719,654,-65,1373,51,-0.9537287357564335,0.4209067442232224
453,1576638000,137,61,-76,198,51,-0.9806435653892887,-1.0718527115738328
453,1576652400,16,183,167,199,51,-0.38607051077257865,-1.070582277994431
453,1576666800,210,1666,1456,1876,51,2.7678581616592703,1.059934834662302
453,1576681200,415,1088,673,1503,51,0.8520116523387601,0.5860631095454497
453,1576695600,1355,1544,189,2899,51,-0.3322408515068683,2.3595883863902913
453,1576710000,766,689,-77,1455,51,-0.9830903680831846,0.5250822977341658
453,1576724400,129,71,-58,200,51,-0.936601116899162,-1.0693118444150294
453,1576738800,18,184,166,202,51,-0.38851731346647456,-1.0667709772562257
453,1576753200,167,1509,1342,1676,51,2.488922654555135,0.8058481187819524
453,1576767600,399,976,577,1375,51,0.6171185937247511,0.4234476113820259
453,1576782000,1226,1469,243,2695,51,-0.20011350603648823,2.100419936192335
453,1576796400,714,606,-108,1320,51,-1.0589412515939582,0.35357376451492967
453,1576810800,159,71,-88,230,51,-1.0100051977160398,-1.0311988370329768
453,1576825200,20,198,178,218,51,-0.35915568113972346,-1.0464440399857977
453,1576839600,174,1398,1224,1572,51,2.2001999366754155,0.6737230265241705
453,1576854000,429,1089,660,1518,51,0.820203217318113,0.605119613236476
453,1576868400,1090,1428,338,2518,51,0.03233274988362476,1.875553192638225
453,1576882800,572,641,69,1213,51,-0.6258571747743794,0.21763737151894255
453,1576897200,157,122,-35,279,51,-0.8803246549395557,-0.968947591642291
453,1576911600,17,62,45,79,51,-0.6845804394278816,-1.2230343075226409
453,1576926000,115,430,315,545,51,-0.023943712075981543,-0.6310122595214258
453,1576940400,352,746,394,1098,51,0.16935370074179662,0.07153750988774141
453,1576954800,501,847,346,1348,51,0.05190717143479217,0.38914590473817867
453,1576969200,325,545,220,870,51,-0.25638996799609454,-0.21812134621585738
453,1576983600,124,123,-1,247,51,-0.7971333633470943,-1.009601466183147
453,1576998000,23,44,21,67,51,-0.7433037040813839,-1.2382795104754618
453,1577012400,81,328,247,409,51,-0.19032629526090453,-0.8037912263200637
453,1577026800,261,641,380,902,51,0.13509846302725367,-0.1774674716750014
453,1577041200,405,737,332,1142,51,0.017651933720249202,0.12743658738141836
453,1577055600,258,404,146,662,51,-0.43745336734439305,-0.4823715307314212
453,1577070000,68,69,1,137,51,-0.7922397579593023,-1.1493491599173395
453,1577084400,14,153,139,167,51,-0.45458098620166454,-1.111236152535287
453,1577098800,161,1116,955,1277,51,1.5420100120174114,0.2989451206006545
453,1577113200,378,967,589,1345,51,0.6464802260515022,0.38533460399997344
453,1577127600,776,1261,485,2037,51,0.3920127458863259,1.2644746409459837
453,1577142000,396,520,124,916,51,-0.4912830266101035,-0.15968140156337693
453,1577156400,94,98,4,192,52,-1.0350616533981307,-0.8843937020684309
453,1577170800,21,152,131,173,52,-0.5260477909332223,-0.9203626218100652
453,1577185200,113,850,737,963,52,1.9027900094898842,0.575187199026311
453,1577199600,391,824,433,1215,52,0.6843631261093159,1.0522486608627248
453,1577214000,477,677,200,1154,52,-0.24949695227118546,0.9367694974816881
453,1577228400,174,339,165,513,52,-0.3897763631867114,-0.27670826853871344
453,1577242800,67,79,12,146,52,-1.0029977880460106,-0.9714763498639667
453,1577257200,9,24,15,33,52,-0.9909738385389655,-1.1853967672747396
453,1577271600,46,83,37,129,52,-0.9027982088206349,-1.0036590675275343
453,1577286000,111,165,54,276,52,-0.8346624949473794,-0.7253732147896264
453,1577300400,125,293,168,418,52,-0.37775241367966633,-0.45655286724688526
453,1577314800,82,259,177,341,52,-0.34168056515853107,-0.6023216472524561
453,1577329200,32,84,52,116,52,-0.8426784612854095,-1.0282693810349683
453,1577343600,10,130,120,140,52,-0.5701356057923876,-0.9828349560981671
453,1577358000,109,851,742,960,52,1.9228299253349592,0.5695078959092109
453,1577372400,294,842,548,1136,52,1.145281190546044,0.9026936787790871
453,1577386800,653,1065,412,1718,52,0.6001954795600003,2.004478483496519
453,1577401200,342,509,167,851,52,-0.38176039684868135,0.3631598826545716
453,1577415600,97,81,-16,178,52,-1.1152213167784313,-0.9108971166148984
453,1577430000,18,109,91,127,52,-0.6863671176938234,-1.007445269605601
453,1577444400,127,932,805,1059,52,2.1753328649829062,0.7569248987735163
453,1577458800,359,901,542,1260,52,1.1212332915319538,1.137438207619227
453,1577473200,663,1066,403,1729,52,0.5641236310388651,2.0253025949258863
453,1577487600,349,644,295,993,52,0.13126144878524215,0.6319802301973126
