remote_unit_id,time_stamp,entries,exits,num_people_exited,sum_exit_entry,week_num,z_score_num_people_exited,z_score_sum_exit_entry
45,1546300800,0,0,0,0,1,-0.7781893392806283,-0.9638521488386352
45,1546315200,7,22,15,29,1,-0.7088999792811798,-0.9388869687621609
45,1546329600,23,82,59,105,1,-0.505651189949464,-0.8734609795962283
45,1546344000,94,197,103,291,1,-0.3024024006177483,-0.7133394797953932
45,1546358400,265,433,168,698,1,-0.0021485072868046426,-0.3629660904462541
45,1546372800,287,403,116,690,1,-0.2423516219515596,-0.369853036674247
45,1546387200,123,162,39,285,1,-0.5980370032820621,-0.7185046894663879
45,1546401600,4,10,6,14,1,-0.7504735952808489,-0.9517999929396476
45,1546416000,461,682,221,1143,1,0.2426738980445802,0.020120293485851298
45,1546430400,1335,1953,618,3288,1,2.0765322926966516,1.8666827508664494
45,1546444800,621,710,89,1331,1,-0.36707246995056697,0.1819635298436846
45,1546459200,1692,1615,-77,3307,1,-1.1338747206111308,1.8830392481579326
45,1546473600,295,397,102,692,1,-0.30702169128437823,-0.3681313001172488
45,1546488000,11,13,2,24,1,-0.7689507579473686,-0.9431913101546565
45,1546502400,579,595,16,1174,1,-0.7042806886145498,0.04680721011932381
45,1546516800,1297,2115,818,3412,1,3.000390426022632,1.9734304174003394
45,1546531200,600,777,177,1377,1,0.03942510871286448,0.2215634706546438
45,1546545600,1376,2038,662,3414,1,2.2797810820283675,1.9751521539573376
45,1546560000,333,409,76,742,1,-0.4271232486167557,-0.3250878861922931
45,1546574400,5,12,7,17,1,-0.745854304614219,-0.9492173881041502
45,1546588800,497,600,103,1097,1,-0.3024024006177483,-0.019479647325107916
45,1546601699,1103,1833,730,2936,1,2.593892847359201,1.5636571168347615
45,1546603200,54,73,19,127,1,-0.6904228166146602,-0.8545218774692478
45,1546617600,682,799,117,1481,1,-0.23773233128492968,0.3110937716185516
45,1546632000,1424,1734,310,3158,1,0.6537907673746416,1.7547698746615645
45,1546646400,278,433,155,711,1,-0.06219928595299338,-0.3517748028257657
45,1546660800,3,21,18,24,1,-0.6950421072812901,-0.9431913101546565
45,1546675200,69,156,87,225,1,-0.37631105128382675,-0.7701567861763348
45,1546689600,308,461,153,769,1,-0.07143786728625319,-0.30184444267281707
45,1546704000,455,654,199,1109,1,0.14104950337872235,-0.009149227983118556
45,1546718400,425,636,211,1061,1,0.19648099137828118,-0.05047090535107599
45,1546732800,169,326,157,495,1,-0.052960704619733574,-0.5377223509815742
45,1546747200,6,30,24,36,1,-0.6673263632815106,-0.9328608908126671
45,1546761600,34,80,46,114,1,-0.5657019686156528,-0.8657131650897363
45,1546776000,179,335,156,514,1,-0.057579995286363476,-0.5213658536900909
45,1546790400,381,451,70,832,1,-0.4548389926165351,-0.24760974112737294
45,1546804800,361,458,97,819,1,-0.33011814461752775,-0.25880102874786143
45,1546819200,137,185,48,322,1,-0.556463387282393,-0.6866525631619207
45,1546833600,74,190,116,264,1,-0.2423516219515596,-0.7365829233148693
45,1546848000,580,680,100,1260,1,-0.31626027261763806,0.12084188207024756
45,1546862400,1535,2333,798,3868,1,2.9080046126900343,2.365986352395935
45,1546876800,640,735,95,1375,1,-0.33935672595078753,0.21984173409764557
45,1546891200,1648,1866,218,3514,1,0.2288160260446905,2.0612389818072487
45,1546905600,351,333,-18,684,2,-0.8318085290381294,-0.5386134407699851
45,1546920000,4,8,4,12,2,-0.7435491126061542,-1.0668823304335309
45,1546933961,563,624,61,1187,2,-0.5148769882142187,-0.14319788794146787
45,1546934400,69,118,49,187,2,-0.563018488086205,-0.9293123070836491
45,1546945750,1391,2117,726,3508,2,2.1529644630250298,1.6813736788875349
45,1546948800,109,156,47,265,2,-0.5710420713982028,-0.867995382390559
45,1546963200,645,735,90,1380,2,-0.3985350301902514,0.008522194952973128
45,1546977600,1537,1889,352,3426,2,0.6525543836814526,1.616912296517876
45,1546992000,351,427,76,778,2,-0.4547001133742356,-0.46471868537062
45,1547006400,7,21,14,28,2,-0.7034311960461656,-1.054304499727256
45,1547020800,593,671,78,1264,2,-0.44667653006223784,-0.0826670776675199
45,1547035200,1376,2209,833,3585,2,2.582226170216909,1.7419044891614828
45,1547049600,693,760,67,1453,2,-0.4908062382782254,0.06590854755035236
45,1547064000,1569,1909,340,3478,2,0.6044128838094661,1.6577902463132694
45,1547078400,378,422,44,800,2,-0.5830774463661994,-0.447424168149492
45,1547092800,9,13,4,22,2,-0.7435491126061542,-1.059021186242109
45,1547107200,611,704,93,1315,2,-0.38649965522225477,-0.042575242291268654
45,1547121600,1409,2308,899,3717,2,2.8470044195128343,1.8456715924882507
45,1547136000,676,841,165,1517,2,-0.09765065599033615,0.11621987037545196
45,1547150400,1691,1850,159,3541,2,-0.12172140592632937,1.7073154547192269
45,1547164800,412,641,229,1053,2,0.15910400999359153,-0.24853722010652016
45,1547179200,5,11,6,16,2,-0.7355255292941565,-1.0637378727569622
45,1547193600,518,695,177,1213,2,-0.049509156118349704,-0.12275891304377115
45,1547208000,1322,2238,916,3560,2,2.915204877664815,1.7222516286829284
45,1547222400,736,855,119,1591,2,-0.28219307216628414,0.17439233739197338
45,1547236800,1601,1701,100,3302,2,-0.3584171136302627,1.5194341085442455
45,1547251200,290,534,244,824,2,0.2192808848335746,-0.4285574220900797
45,1547265600,8,20,12,28,2,-0.7114547793581633,-1.054304499727256
45,1547280000,76,168,92,244,2,-0.3905114468782537,-0.8845037851925448
45,1547294400,288,452,164,740,2,-0.10166244764633502,-0.4945910332980229
45,1547308800,445,684,239,1129,2,0.19922192655358023,-0.18879252425171436
45,1547323200,394,609,215,1003,2,0.10293892680960737,-0.28784294106362923
45,1547337600,213,311,98,524,2,-0.36644069694226045,-0.664391747832734
45,1547352000,17,43,26,60,2,-0.6552896961741791,-1.029148838314706
45,1547366400,31,117,86,148,2,-0.4145821968142469,-0.9599707694301942
45,1547380800,211,301,90,512,2,-0.3985350301902514,-0.6738251208624402
45,1547395200,391,473,82,864,2,-0.4306293634382424,-0.3971128453243924
45,1547409600,381,483,102,864,2,-0.350393530318265,-0.3971128453243924
45,1547424000,148,194,46,342,2,-0.5750538630542017,-0.807464572116611
45,1547438400,3,6,3,9,2,-0.747560904262153,-1.0692406736909574
45,1547452800,556,730,174,1286,2,-0.06154453108634631,-0.0653725604463919
45,1547467200,1513,2353,840,3866,2,2.610308711808901,1.9628026409404358
45,1547481600,625,752,127,1377,2,-0.2500987389182932,0.006163851695546584
45,1547496000,1740,1801,61,3541,2,-0.5148769882142187,1.7073154547192269
45,1547510400,352,383,31,735,3,-0.6484722574068622,-0.39934969527229514
45,1547524800,5,16,11,21,3,-0.7550157054832934,-1.073130660977612
45,1547539200,630,709,79,1339,3,-0.3927679820234272,0.17062748019830892
45,1547541655,482,623,141,1105,3,-0.06248329298649035,-0.050191491755534355
45,1547553600,1100,1796,696,2896,3,2.8940973911344767,1.6399229474296508
45,1547568000,707,734,27,1441,3,-0.6697809470221484,0.26688190387049704
45,1547582400,1703,1921,218,3624,3,0.3477089821077699,2.3269153046193853
45,1547596800,381,506,125,887,3,-0.14771805144763533,-0.25591173058432853
45,1547611200,8,10,2,18,3,-0.8029602571176875,-1.0759616734385584
45,1547622026,214,250,36,464,3,-0.6218363953877544,-0.6550844875778145
45,1547625600,400,467,67,867,3,-0.45669405086928594,-0.27478514699063994
45,1547627207,249,354,105,603,3,-0.25426149952406657,-0.5239142435539503
45,1547633588,963,1525,562,2488,3,2.1802562890223873,1.2549052527408984
45,1547640000,339,365,26,704,3,-0.6751081194259699,-0.42860349070207776
45,1547654400,697,869,172,1566,3,0.10265905153197807,0.38484075640994325
45,1547668800,1518,2008,490,3526,3,1.796699875947235,2.2344355642284595
45,1547683200,397,503,106,900,3,-0.24893432712024502,-0.2436440099202261
45,1547697600,3,12,9,15,3,-0.7656700502909365,-1.0787926858995052
45,1547712000,615,697,82,1312,3,-0.3767864648119625,0.14514836804978856
45,1547726400,1586,2325,739,3911,3,3.1231658044988038,2.597748830049954
45,1547740800,752,836,84,1588,3,-0.3661321200043194,0.40560151445688575
45,1547755200,1768,1722,-46,3490,3,-1.0586645325011224,2.200463414697099
45,1547769600,412,566,154,978,3,0.006769948263189952,-0.1700376859356117
45,1547784000,5,12,7,17,3,-0.7763243950985796,-1.076905344258874
45,1547796571,322,383,61,705,3,-0.4886570852922153,-0.4276598198817622
45,1547797736,97,144,47,241,3,-0.5632374989457172,-0.8655230805081865
45,1547798400,91,125,34,216,3,-0.6324907401953975,-0.8891148510160757
45,1547812800,1192,1994,802,3186,3,3.458777665939562,1.913587485321166
45,1547827200,724,851,127,1575,3,-0.13706370663999223,0.3933337937927833
45,1547841600,1378,1524,146,2902,3,-0.03584743096738254,1.645584972351544
45,1547856000,315,402,87,717,3,-0.3501506027928547,-0.41633577003797534
45,1547870400,8,27,19,35,3,-0.7123983262527209,-1.0599192694931938
45,1547884800,76,162,86,238,3,-0.3554777751966763,-0.8683540929691332
45,1547899200,384,530,146,914,3,-0.03584743096738254,-0.23043261843580815
45,1547913600,516,679,163,1195,3,0.05471449989758401,0.034738882072866906
45,1547928000,510,623,113,1133,3,-0.21164412029349408,-0.02376870878669841
45,1547942400,194,447,253,641,3,0.5341600162415245,-0.48805475238195867
45,1547956800,3,27,24,30,3,-0.6857624642336131,-1.0646376235947717
45,1547971200,24,95,71,119,3,-0.4353853612539997,-0.980650920586686
45,1547985600,155,318,163,473,3,0.05471449989758401,-0.6465914501949743
45,1548000000,382,579,197,961,3,0.23583836162751712,-0.18608008988097638
45,1548014400,407,474,67,881,3,-0.45669405086928594,-0.26157375550622197
45,1548028800,121,298,177,419,3,0.12929491355108588,-0.6975496744920151
45,1548043200,5,68,63,73,3,-0.4780027404845722,-1.0240597783212022
45,1548057600,193,263,70,456,3,-0.44071253365782126,-0.662633854140339
45,1548072000,609,816,207,1425,3,0.28911008566573276,0.2517831707454479
45,1548086400,472,549,77,1021,3,-0.4034223268310703,-0.1294598406620422
45,1548100800,667,875,208,1542,3,0.2944372580695543,0.36219265672236955
45,1548115200,216,241,25,457,4,-0.5488355854945954,-0.5061268381939596
45,1548129600,5,16,11,21,4,-0.6164511969984053,-0.8572925166928445
45,1548144000,553,761,208,1314,4,0.3349970505909205,0.18412313078205922
45,1548158400,1658,2130,472,3788,4,1.6100342960913367,2.1767467285027955
45,1548172800,724,801,77,1525,4,-0.29769188562330123,0.35406798895468466
45,1548187200,1683,1902,219,3585,4,0.3881236024867712,2.0132452772751037
45,1548201600,387,479,92,866,4,-0.22524658758350485,-0.17670765813422604
45,1548216000,5,13,8,18,4,-0.6309402566063647,-0.8597087942971946
45,1548230400,605,706,101,1311,4,-0.18177940875962703,0.1817068531777091
45,1548235420,582,1417,835,1999,4,3.3632105086544093,0.7358398504420044
45,1548235509,14,3,-11,17,4,-0.7227043007901067,-0.8605142201653113
45,1548235594,13,16,3,29,4,-0.6550886892862967,-0.8508491097479108
45,1548244800,1237,1494,257,2731,4,0.5716516908542554,1.3254115859034348
45,1548257619,604,658,54,1262,4,-0.40877467595098904,0.1422409856399904
45,1548257700,6,12,6,18,4,-0.6405996296783375,-0.8597087942971946
45,1548257780,5,8,3,13,4,-0.6550886892862967,-0.8637359236377782
45,1548257861,6,1,-5,7,4,-0.6937261815741882,-0.8685684788464784
45,1548257942,5,19,14,24,4,-0.601962137390446,-0.8548762390884943
45,1548258022,6,4,-2,10,4,-0.6792371219662289,-0.8661522012421282
45,1548258103,9,2,-7,11,4,-0.703385554646161,-0.8653467753740116
45,1548258183,6,8,2,14,4,-0.6599183758222832,-0.8629304977696615
45,1548258263,5,15,10,20,4,-0.6212808835343918,-0.8580979425609612
45,1548258344,6,2,-4,8,4,-0.6888964950382017,-0.8677630529783616
45,1548258425,5,27,22,32,4,-0.5633246451025546,-0.8484328321435607
45,1548259200,46,60,14,106,4,-0.601962137390446,-0.7888313179029243
45,1548273600,1624,1873,249,3497,4,0.533014198566364,1.9423678008808334
45,1548288000,383,507,124,890,4,-0.07069661843193925,-0.15737743729942505
45,1548302400,8,15,7,23,4,-0.635769943142351,-0.855681664956611
45,1548316800,684,839,155,1523,4,0.07902366418363994,0.35245713721845123
45,1548331200,1786,2687,901,4473,4,3.6819698200295132,2.728463448162741
45,1548345600,794,929,135,1723,4,-0.01757006653608856,0.5135423108417929
45,1548360000,1581,2031,450,3612,4,1.5037811922996354,2.034991775714255
45,1548374400,408,543,135,951,4,-0.01757006653608856,-0.10824645934430585
45,1548388800,6,10,4,16,4,-0.6502590027503103,-0.861319646033428
45,1548403200,539,630,91,1169,4,-0.2300762741194913,0.06733637990513654
45,1548404874,218,290,72,508,4,-0.3218403183032334,-0.4650501189200076
45,1548417600,1045,1826,781,2871,4,3.102407435711142,1.438171207439774
45,1548432000,740,764,24,1504,4,-0.5536652720305818,0.3371540457242338
45,1548446400,1562,1702,140,3264,4,0.006578366143843565,1.7547035736096404
45,1548460800,342,471,129,813,4,-0.046548185752007115,-0.2193952291444116
45,1548475200,6,18,12,24,4,-0.6116215104624189,-0.8548762390884943
45,1548489600,75,211,136,286,4,-0.012740380000102136,-0.6438546616419168
45,1548504000,340,511,171,851,4,0.15629864875942276,-0.18878904615597666
45,1548518400,492,673,181,1165,4,0.204595514119287,0.0641146764326697
45,1548532800,479,680,201,1159,4,0.30118924483901555,0.059282121223969454
45,1548547200,207,408,201,615,4,0.30118924483901555,-0.3788695510315198
45,1548561600,11,27,16,38,4,-0.5923027643184732,-0.8436002769348604
45,1548576000,38,102,64,140,4,-0.36047781059112477,-0.7614468383869561
45,1548590400,292,312,20,604,4,-0.5729840181745275,-0.3877292355808036
45,1548604800,440,540,100,980,4,-0.18660909529561345,-0.08488910916892131
45,1548619200,380,465,85,845,4,-0.25905439333540986,-0.19362160136467693
45,1548633600,146,222,76,368,4,-0.30252157215928765,-0.5778097404563467
45,1548648000,3,5,2,8,4,-0.6599183758222832,-0.8677630529783616
45,1548658162,200,219,19,419,4,-0.577813704710514,-0.5367330211823946
45,1548662400,373,524,151,897,4,0.05970491803969425,-0.1517394562226081
45,1548676800,1611,2287,676,3898,4,2.5952903494325676,2.2653435739956334
45,1548691200,644,662,18,1306,4,-0.5826433912465003,0.17767972383712557
45,1548705600,1608,1719,111,3327,4,-0.1334825433997628,1.805445403300993
45,1548720000,371,500,129,871,5,-0.4035387704716224,-0.47567490560972725
45,1548734400,8,16,8,24,5,-0.867622054367704,-1.120628943501271
45,1548748800,568,733,165,1301,5,-0.26546440501493695,-0.1482484164794275
45,1548763200,1473,2254,781,3727,5,2.0971414039105696,1.6990461477766359
45,1548777600,637,844,207,1481,5,-0.10437764531547057,-0.011186165215581082
45,1548792000,1796,1911,115,3707,5,-0.45723435703811116,1.6838170087473194
45,1548806400,378,623,245,1001,5,0.04136751822214184,-0.3766855019191715
45,1548820800,10,20,10,30,5,-0.859951256286777,-1.1160602017924763
45,1548835200,593,738,145,1331,5,-0.3421723858242066,-0.12540470793545308
45,1548849600,1467,2445,978,3912,5,2.852715014881876,1.8399156837978112
45,1548864000,731,838,107,1569,5,-0.487917549361819,0.055822046513410495
45,1548878400,1833,1926,93,3759,5,-0.5416131359283078,1.7234127702235418
45,1548892800,392,583,191,975,5,-0.16574402996288634,-0.39648338265728267
45,1548907200,5,14,9,19,5,-0.8637866553272405,-1.1244362282586002
45,1548921600,618,740,122,1358,5,-0.4303865637548668,-0.10484537024587613
45,1548936000,1644,2558,914,4202,5,2.6072494762922127,2.060738199722897
45,1548950400,720,829,109,1549,5,-0.48024675128089206,0.04059290748409423
45,1548964800,1778,1713,-65,3491,5,-1.1476061843215384,1.5193423072307037
45,1548979200,407,582,175,989,5,-0.2271104146103021,-0.3858229853367613
45,1548993600,12,56,44,68,5,-0.7295476889110186,-1.0871248376367755
45,1549008000,598,668,70,1266,5,-0.629827313858968,-0.17489940978073096
45,1549022400,1532,2350,818,3882,5,2.2390511684077183,1.817071975253837
45,1549036800,788,846,58,1634,5,-0.6758521023445297,0.10531674835868836
45,1549051200,1597,1844,247,3441,5,0.04903831630306881,1.4812694596574132
45,1549065600,340,591,251,931,5,0.06437991246492275,-0.4299874885217784
45,1549080000,4,9,5,13,5,-0.8791282514890945,-1.1290049699673952
45,1549094400,70,202,132,272,5,-0.39203257335023195,-0.9317876195377495
45,1549108800,261,626,365,887,5,0.50161540307776,-0.46349159438627424
45,1549123200,409,771,362,1180,5,0.49010920595636953,-0.2403847076067909
45,1549137600,434,841,407,1275,5,0.6627021627772264,-0.16804629721753864
45,1549152000,146,565,419,711,5,0.7087269512627882,-0.5975080178442573
45,1549166400,3,14,11,17,5,-0.8561158572463136,-1.1259591421615318
45,1549180800,30,102,72,132,5,-0.622156515778041,-1.0383915927429634
45,1549195200,188,354,166,542,5,-0.26162900597447347,-0.7261942426419798
45,1549209600,340,577,237,917,5,0.010684325898433962,-0.4406478858422998
45,1549224000,321,583,262,904,5,0.10656930191002108,-0.4505468262113554
45,1549238400,104,250,146,354,5,-0.33833698678374313,-0.8693481495175528
45,1549252800,6,5,-1,11,5,-0.9021406457318754,-1.1305278838703268
45,1549267200,594,671,77,1265,5,-0.6029795205757236,-0.17566086673219677
45,1549281600,1256,2137,881,3393,5,2.480681307956918,1.444719525987054
45,1549296000,501,718,217,1219,5,-0.06602365491083573,-0.2106878864996242
45,1549310400,1528,1681,153,3209,5,-0.31148919350049875,1.3046114469173444
45,1549324800,348,455,107,803,6,-0.25957599103988066,-0.49505989771880615
45,1549339200,7,11,4,18,6,-0.64400794490449,-1.1032094125214826
45,1549353600,570,653,83,1223,6,-0.3491523686394013,-0.16968053948043144
45,1549368000,1373,2061,688,3434,6,1.9089188166818478,1.5432093678172982
45,1549382400,638,725,87,1363,6,-0.3342229723728145,-0.061220753400973195
45,1549396800,1487,1898,411,3385,6,0.8750581252207139,1.5052484426894879
45,1549411200,362,524,162,886,6,-0.054296792374312564,-0.4307587388288416
45,1549425600,10,16,6,26,6,-0.6365432467711967,-1.0970117104597994
45,1549440000,651,643,-8,1294,6,-0.6887961337042503,-0.11467593368299189
45,1549454400,1387,2218,831,3605,6,2.4426447332123247,1.6756852493857795
45,1549468800,679,779,100,1458,6,-0.28570243450640753,0.012376958581516323
45,1549483200,1686,2031,345,3717,6,0.6287230868220322,1.762453078249346
45,1549497600,440,766,326,1206,6,0.557808454555745,-0.1828506563615085
45,1549512000,7,12,5,19,6,-0.6402755958378433,-1.1024346997637722
45,1549526400,611,708,97,1319,6,-0.2968994817063476,-0.0953081147402315
45,1549540800,1461,2156,695,3617,6,1.9350452601483747,1.6849818024783043
45,1549555200,635,782,147,1417,6,-0.11028202837401295,-0.01938626448461073
45,1549569600,1487,1767,280,3254,6,0.38612039748999716,1.4037610714294233
45,1549584000,436,532,96,968,6,-0.30063183077299427,-0.36723229269658747
45,1549598400,6,19,13,25,6,-0.6104168033046697,-1.0977864232175096
45,1549612800,510,670,160,1180,6,-0.061761490507605946,-0.2029931880619793
45,1549627200,1335,2375,1040,3710,6,3.2227056881414837,1.7570300889453732
45,1549641600,712,809,97,1521,6,-0.2968994817063476,0.061183862317272526
45,1549656000,1468,1779,311,3247,6,0.5018232185560446,1.3983380821254505
45,1549670400,346,587,241,933,6,0.24055878389077617,-0.39434723921645204
45,1549684800,6,9,3,15,6,-0.6477402939711367,-1.1055335507946138
45,1549699200,70,155,85,225,6,-0.3416876705061079,-0.9428438716754266
45,1549713600,383,442,59,825,6,-0.4387287462389219,-0.47801621704917696
45,1549728000,507,481,-26,988,6,-0.7559784169038908,-0.3517380375423792
45,1549742400,441,596,155,1037,6,-0.08042323584083941,-0.3137771124145688
45,1549756800,187,342,155,529,6,-0.08042323584083941,-0.7073311933314601
45,1549771200,2,6,4,8,6,-0.64400794490449,-1.1109565400985868
45,1549785600,31,87,56,118,6,-0.44992579343886197,-1.025738136750441
45,1549800000,199,288,89,487,6,-0.32675827423952114,-0.7398691291552976
45,1549814400,419,404,-15,823,6,-0.7149225771707771,-0.4795656425645978
45,1549828800,359,384,25,743,6,-0.5656286145049094,-0.5415426631814311
45,1549843200,142,276,134,418,6,-0.15880256624041997,-0.7933243094373162
45,1549857600,3,6,3,9,6,-0.6477402939711367,-1.1101818273408763
45,1549872000,625,677,52,1302,6,-0.46485518970544876,-0.10847823162130857
45,1549886400,1505,2181,676,3686,6,1.8641306278820875,1.738436982760323
45,1549900800,688,834,146,1522,6,-0.11401437744065965,0.061958575074982945
45,1549915200,2356,1846,-510,4202,6,-2.56243536516089,2.1381887657388976
45,1549929600,380,437,57,817,7,-0.5216080103503801,-0.3921424915889748
45,1549944000,5,13,8,18,7,-0.7093759455088692,-1.0847122370098903
45,1549958400,567,657,90,1224,7,-0.3951520540191527,-0.039356651305729975
45,1549972800,1228,2122,894,3350,7,2.68577488205075,1.8034509566603105
45,1549987200,730,965,235,1695,7,0.16048775410290686,0.3689041122652978
45,1550001600,1733,1712,-21,3445,7,-0.8205039071332811,1.8857965459156132
45,1550016000,332,449,117,781,7,-0.2916880897481485,-0.4233471359383527
45,1550030400,5,17,12,22,7,-0.6940479508020537,-1.0812450543044039
45,1550044800,562,694,132,1256,7,-0.23420810959759064,-0.01161918966183849
45,1550059200,1523,2371,848,3894,7,2.5095029429223725,2.2749878046064658
45,1550073600,757,779,22,1536,7,-0.6557279640350152,0.23108359972221199
45,1550088000,1581,1894,313,3475,7,0.4593836508858079,1.9118004162067614
45,1550102400,428,572,144,1000,7,-0.18822412547714432,-0.23351888281297037
45,1550116800,4,14,10,18,7,-0.7017119481554615,-1.0847122370098903
45,1550131200,590,680,90,1270,7,-0.3951520540191527,0.0005159498073640342
45,1550145600,1478,2293,815,3771,7,2.3830469865911454,2.1683719364127576
45,1550160000,750,800,50,1550,7,-0.548432001087307,0.2432187391914145
45,1550174400,1530,1796,266,3326,7,0.2792797130807265,1.7826478604273919
45,1550188800,303,615,312,918,7,0.45555165220910404,-0.3045961282754423
45,1550203200,4,10,6,14,7,-0.7170399428622769,-1.0881794197153767
45,1550217600,475,562,87,1037,7,-0.4066480500492643,-0.20144744278722082
45,1550232000,1046,1948,902,2994,7,2.716430871464381,1.4948716958720176
45,1550246400,685,847,162,1532,7,-0.11924814929647486,0.22761641701672555
45,1550260800,1304,1599,295,2903,7,0.39040767470513843,1.4159932893222014
45,1550275200,296,430,134,726,7,-0.22654411224418292,-0.47102089813879117
45,1550289600,4,8,4,12,7,-0.7247039402156846,-1.0899130110681199
45,1550304000,84,147,63,231,7,-0.49861601829015695,-0.9000847579427376
45,1550318400,291,401,110,692,7,-0.31851208048507557,-0.5004919511354259
45,1550332800,420,478,58,898,7,-0.5177760116736763,-0.32193204180287444
45,1550347200,387,569,182,956,7,-0.04260817576239768,-0.2716578925733211
45,1550361600,178,296,118,474,7,-0.28785609107144466,-0.6894534085844366
45,1550376000,1,8,7,9,7,-0.7132079441855731,-1.0925133980972348
45,1550390400,35,90,55,125,7,-0.5292720077037878,-0.9919650996381281
45,1550404800,233,312,79,545,7,-0.4373040394628952,-0.6279109155620524
45,1550419200,384,409,25,793,7,-0.6442319680049036,-0.4129455878218934
45,1550433600,389,458,69,847,7,-0.47562402622993377,-0.3661386212978265
45,1550448000,149,236,87,385,7,-0.4066480500492643,-0.7665982237815098
45,1550462400,5,4,-1,9,7,-0.7438639335992039,-1.0925133980972348
45,1550476800,142,281,139,423,7,-0.20738411886066363,-0.7336599880793887
45,1550491200,533,1398,865,1931,7,2.5746469204263382,0.5734678918889975
45,1550505600,454,556,102,1010,7,-0.3491680698987064,-0.22485092604925427
45,1550520000,617,786,169,1403,7,-0.09242415855954784,0.115799774764788
45,1550534400,218,258,40,476,8,-0.7419586102182659,-1.002464350406808
45,1550548800,4,8,4,12,8,-0.8725191477393619,-1.3699488130485293
45,1550563200,520,723,203,1243,8,-0.15080950977552535,-0.3950061977210314
45,1550577600,1474,2322,848,3796,8,2.1884001208107793,1.6269503391848195
45,1550592000,706,861,155,1567,8,-0.3248902264703201,-0.1384006677729328
45,1550606400,1671,1695,24,3366,8,-0.7999855157831974,1.2863936173401207
45,1550620800,402,502,100,904,8,-0.5243577143497724,-0.6634916133148753
45,1550635200,6,12,6,18,8,-0.8652657845437455,-1.3651968587902312
45,1550649600,528,711,183,1239,8,-0.22334314173168984,-0.39817416722656346
45,1550664000,1371,2259,888,3630,8,2.333467384723108,1.495479604705238
45,1550678400,899,1024,125,1923,8,-0.4336906744045668,0.14354861821942244
45,1550692800,1639,1770,131,3409,8,-0.4119305848177175,1.3204492895245907
45,1550707200,374,591,217,965,8,-0.10003596740621022,-0.615180078355511
45,1550721600,12,14,2,26,8,-0.8797725109349784,-1.3588609197791672
45,1550736000,586,665,79,1251,8,-0.6005180279037452,-0.38867025870996724
45,1550750400,1285,2084,799,3369,8,2.010692722518176,1.2887695944692699
45,1550764800,708,827,119,1535,8,-0.45545076399141615,-0.16374442381718946
45,1550779200,1371,1638,267,3009,8,0.08129811248420099,1.0036523389713825
45,1550793600,373,637,264,1010,8,0.07041806769077631,-0.5795404214182751
45,1550808000,4,11,7,15,8,-0.8616391029459373,-1.3675728359193804
45,1550822400,500,606,106,1106,8,-0.5025976247629231,-0.5035091532855052
45,1550836800,1207,1986,779,3193,8,1.9381590905620116,1.1493789362258582
45,1550851200,676,880,204,1556,8,-0.14718282817771713,-0.14711258391314602
45,1550865600,1432,1752,320,3184,8,0.27351223716803685,1.1422510048384111
45,1551484800,9692,2777,-6915,12469,9,-4.078944984995626,3.943834651876749
45,1551499200,5,11,6,16,9,0.09039630450760344,-0.5622504848909998
45,1551513600,65,221,156,286,9,0.18075914129787715,-0.4645516984999862
45,1551528000,304,602,298,906,9,0.26630262679266964,-0.24020633715765868
45,1551542400,369,790,421,1159,9,0.3404001529606941,-0.14865895583570893
45,1551556800,335,878,543,1213,9,0.41389526021678336,-0.1291191985575062
45,1551571200,139,496,357,635,9,0.3018453425968439,-0.33826697090567603
45,1551585600,2,4,2,6,9,0.08798662885986282,-0.5658689584610374
45,1551600000,39,110,71,149,9,0.1295535337833887,-0.5141247864095004
45,1551614400,214,419,205,633,9,0.21027766798269992,-0.33899066561968355
45,1551628800,381,695,314,1076,9,0.27594132938363214,-0.1786922864670205
45,1551643200,434,870,436,1304,9,0.34943643663972146,-0.09619108907016459
45,1551657600,137,348,211,485,9,0.21389218145431085,-0.3925440744562391
45,1551672000,3,6,3,9,9,0.08858904777179796,-0.564783416390026
45,1551686400,306,604,298,910,9,0.26630262679266964,-0.23875894772964368
45,1551700800,936,1892,956,2828,9,0.6626942708460037,0.45526428300355654
45,1551715200,561,755,194,1316,9,0.20365105995141317,-0.09184892078611953
45,1551729600,1503,1354,-149,2857,9,-0.0029786268423460673,0.46575785635666545
45,1551744000,350,329,-21,679,10,-0.8879791376060534,-0.6059849057656684
45,1551758400,216,150,-66,366,10,-1.0846865939618304,-0.8561904721276076
45,1551772800,555,744,189,1299,10,0.02998899205423994,-0.11037004587939912
45,1551787200,1522,2330,808,3852,10,2.735809336148152,1.9304440465232549
45,1551801600,699,837,138,1536,10,-0.19294612514897416,0.07908273120615866
45,1551816000,1818,1821,3,3639,10,-0.7830684942163055,1.760176360788133
45,1551830400,412,602,190,1014,10,0.0343602688621461,-0.3381930056658294
45,1551844800,6,12,6,18,10,-0.769954663792587,-1.134374296708933
45,1551859200,559,740,181,1299,10,-0.0049812224090093294,-0.11037004587939912
45,1551873600,1659,2361,702,4020,10,2.272453994510099,2.0647396859763085
45,1551882798,426,514,88,940,10,-0.4115099655442821,-0.3973470373296744
45,1551888000,286,415,129,701,10,-0.23228761642012957,-0.5883985720277686
45,1551902400,1746,1900,154,3646,10,-0.1230056962224756,1.7657720124320104
45,1551916800,415,650,235,1065,10,0.23106772521792324,-0.2974246865461524
45,1551931200,5,9,4,14,10,-0.7786972174083994,-1.1375718119340057
45,1551945600,618,781,163,1399,10,-0.08366420495132018,-0.030432165252581488
45,1551960000,1571,2371,800,3942,10,2.700839121684903,2.0023881390873908
45,1551974400,767,886,119,1653,10,-0.2760003844991912,0.1726100515395353
45,1551988800,1587,2048,461,3635,10,1.2189762838047151,1.7569788455630606
45,1552003200,443,695,252,1138,10,0.30537943095232795,-0.2390700336885755
45,1552017600,8,9,1,17,10,-0.7918110478321179,-1.135173675515201
45,1552032000,566,636,70,1202,10,-0.4901929480865929,-0.1879097900874122
45,1552046400,1354,2128,774,3482,10,2.5871859246793427,1.6346738882040297
45,1552060800,717,984,267,1701,10,0.3709485830709203,0.21098023424040774
45,1552075200,1463,1544,81,3007,10,-0.4421089031996252,1.254968955226646
45,1552089600,330,580,250,910,10,0.2966368773365156,-0.4213284015177197
45,1552104000,3,13,10,16,10,-0.7524695565609625,-1.1359730543214692
45,1552118400,79,140,61,219,10,-0.5295344393577484,-0.9736991566490295
45,1552132800,374,416,42,790,10,-0.6125886987079654,-0.5172538582699009
45,1552147200,473,470,-3,943,10,-0.8092961550637425,-0.39494890091086987
45,1552161600,488,532,44,1020,10,-0.6038461450921531,-0.3333967328282203
45,1552176000,204,393,189,597,10,0.02998899205423994,-0.6715339678796589
45,1552194000,3,11,8,14,10,-0.7612121101767748,-1.1375718119340057
45,1552208400,62,141,79,203,10,-0.45085145681543753,-0.9864892175493203
45,1552222800,312,337,25,649,10,-0.6869004044423701,-0.6299662699537137
45,1552237200,386,450,64,836,10,-0.5164206089340299,-0.48048243318156475
45,1552251600,290,345,55,635,10,-0.5557621002051853,-0.6411575732414682
45,1552266000,83,135,52,218,10,-0.5688759306289037,-0.9744985354552976
45,1552280400,3,3,0,6,10,-0.796182324640024,-1.1439668423841511
45,1552294800,1084,1567,483,2651,10,1.3151443735786508,0.9703901001951752
45,1552309200,850,1381,531,2231,10,1.5249656603581463,0.6346510015625412
45,1552323600,839,955,116,1794,10,-0.2891142149229096,0.28532246322334814
45,1552338000,1350,1448,98,2798,10,-0.3677971974652205,1.087898784716597
45,1552352400,200,324,124,524,11,-0.619943010372872,-0.828329397054304
45,1552366800,6,11,5,17,11,-1.1910905063809114,-1.290008396684571
45,1552381200,1107,1657,550,2764,11,1.42466903416011,1.2114358084127532
45,1552395600,969,1579,610,2548,11,1.7126425615591214,1.0147441635998584
45,1552410000,898,1045,147,1943,11,-0.5095531582032509,0.46382543623040773
45,1552424400,1475,1585,110,3060,11,-0.6871368334326413,1.4809762105637572
45,1552438800,226,377,151,603,11,-0.4903549230433168,-0.7563912491829211
45,1552453200,4,8,4,12,11,-1.195890065170895,-1.2945614440182027
45,1552467600,1263,1636,373,2899,11,0.5751471283330258,1.3343680864208125
45,1552482000,947,1573,626,2520,11,1.789435502198858,0.9892470985315203
45,1552496400,866,1125,259,1991,11,0.027997426274903942,0.5075346906332733
45,1552510800,1398,1809,411,3207,11,0.7575303623523998,1.6148358021725329
45,1552525200,217,447,230,664,11,-0.11118977863461829,-0.7008440717126129
45,1552539600,6,10,4,16,11,-1.195890065170895,-1.2909190061512974
45,1552554000,1188,1589,401,2777,11,0.7095347744525645,1.223273731480196
45,1552568400,997,1510,513,2507,11,1.2470853589307196,0.9774091754640775
45,1552582800,860,1055,195,1915,11,-0.2791743362840417,0.4383283711620695
45,1552597200,1226,1893,667,3119,11,1.9862174125881824,1.5347021691006129
45,1552611600,224,501,277,725,11,0.1143894844946074,-0.6452968942423046
45,1552626000,5,6,1,11,11,-1.2102887415408456,-1.295472053484929
45,1552640400,907,1392,485,2299,11,1.1126977128111806,0.7880024063849936
45,1552654800,739,1407,668,2146,11,1.991016971378166,0.6486791579758597
45,1552669200,904,1169,265,2073,11,0.0567947790148051,0.5822046669048352
45,1552683600,1018,1521,503,2539,11,1.199089771030884,1.0065486783993212
45,1552698000,186,445,259,631,11,0.027997426274903942,-0.730894184114583
45,1552712400,3,6,3,9,11,-1.2006896239608786,-1.2972932724183819
45,1552726800,142,231,89,373,11,-0.7879275680222954,-0.9658314265299851
45,1552741200,458,693,235,1151,11,-0.08719198468470067,-0.2573772614168732
45,1552755600,507,689,182,1196,11,-0.3415686005538275,-0.2163998354141868
45,1552770000,414,494,80,908,11,-0.8311235971321471,-0.4786553618313799
45,1552784400,111,280,169,391,11,-0.4039628648236133,-0.9494404561289105
45,1552798800,1,8,7,9,11,-1.1814913888009444,-1.2972932724183819
45,1552813200,87,131,44,218,11,-1.003907713571554,-1.1069758938725716
45,1552827600,380,606,226,986,11,-0.1303880137945524,-0.40762782342672343
45,1552842000,350,466,116,816,11,-0.6583394806927402,-0.5624314327702055
45,1552856400,324,339,15,663,11,-1.1430949184810764,-0.7017546811793393
45,1552870800,85,132,47,217,11,-0.9895090372016034,-1.107886503339298
45,1552885200,3,6,3,9,11,-1.2006896239608786,-1.2972932724183819
45,1552899600,1187,1611,424,2798,11,0.8199246266221857,1.2423965302814497
45,1552914000,809,1408,599,2217,11,1.6598474148693028,0.7133324301134317
45,1552928400,764,1042,278,1806,11,0.11918904328459093,0.33907193928889573
45,1552942800,1329,1607,278,2936,11,0.11918904328459093,1.368060636689688
45,1552957200,193,319,126,512,12,-0.42844151958238175,-0.8101157706643223
45,1552971600,5,16,11,21,12,-1.0056723534967205,-1.2464116998027532
45,1552986000,1188,1621,433,2809,12,1.1125138370411134,1.230967221659457
45,1553000400,891,1457,566,2348,12,1.7800938449594352,0.8213288849327429
45,1553014800,823,1004,181,1827,12,-0.1523745990146546,0.35837536338259535
45,1553029200,1429,1567,138,2996,12,-0.3682087369130595,1.3971328810258248
45,1553043600,200,376,176,576,12,-0.1774715917935389,-0.7532462401859933
45,1553058000,8,15,7,23,12,-1.0257499477198277,-1.2446345269753054
45,1553072400,1254,1588,334,2842,12,0.6155933800192045,1.2602905733123455
45,1553086800,957,1450,493,2407,12,1.4136777503877247,0.8737554833424526
45,1553101200,908,939,31,1847,12,-0.9052843823811833,0.37614709165707316
45,1553115600,1375,1656,281,3031,12,0.3495652565630311,1.428233405506161
45,1553130000,187,409,222,596,12,0.05342074177219653,-0.7354745119115154
45,1553144400,7,10,3,17,12,-1.0458275419429353,-1.2499660454576487
45,1553158800,1284,1773,489,3057,12,1.3936001561646172,1.4513366522629823
45,1553173200,1022,1732,710,2754,12,2.502887236991303,1.182094968904643
45,1553187600,1026,1195,169,2221,12,-0.21260738168397691,0.7084784103898086
45,1553202000,1479,1700,221,3179,12,0.04840134321641967,1.559744194737297
45,1553216400,213,561,348,774,12,0.6858649598000806,-0.5773061302686627
45,1553230800,3,10,7,13,12,-1.0257499477198277,-1.2535203911125443
45,1553245200,1035,1638,603,2673,12,1.965811591523179,1.1101194693930077
45,1553259600,886,1527,641,2413,12,2.1565487366426996,0.8790870018247959
45,1553274000,845,1299,454,2144,12,1.2179212067124274,0.640057256533069
45,1553288400,1126,1294,168,2420,12,-0.21762678023975376,0.8853071067208631
45,1553302800,181,376,195,557,12,-0.08210301923377862,-0.7701293820467472
45,1553317200,5,5,0,10,12,-1.0608857376102658,-1.256186150353716
45,1553331600,124,234,110,358,12,-0.5087518964748114,-0.9469580783778017
45,1553346000,426,448,22,874,12,-0.950458969383175,-0.4884474888962735
45,1553360400,426,525,99,951,12,-0.5639652805883569,-0.42002633503953385
45,1553374800,357,432,75,789,12,-0.6844308459270015,-0.5639773340628043
45,1553389200,134,239,105,373,12,-0.5338488892536958,-0.9336292821719433
45,1553403600,3,7,4,10,12,-1.0408081433871583,-1.256186150353716
45,1553418000,87,138,51,225,12,-0.804896411265646,-1.0651400714030792
45,1553432400,305,306,1,611,12,-1.055866339054489,-0.722145715705657
45,1553446800,361,448,87,809,12,-0.6241980632576792,-0.5462056057883264
45,1553461200,313,364,51,677,12,-0.804896411265646,-0.6634990123998802
45,1553475600,116,131,15,247,12,-0.985594759273613,-1.0455911703011536
45,1553490000,2,4,2,6,12,-1.050846940498712,-1.2597404960086116
45,1553504400,1206,1561,355,2767,12,0.7210007496905185,1.1936465922830535
45,1553518800,877,1281,404,2158,12,0.9669512789235846,0.6524974663252036
45,1553533200,815,1100,285,1915,12,0.36964285078613857,0.4365709677902978
45,1553547600,1377,1581,204,2958,12,-0.0369284322317869,1.363366597304317
45,1553562000,190,351,161,541,13,-0.16410098441772708,-0.7877576417560647
45,1553576400,8,9,1,17,13,-1.0777369540010957,-1.2571744283633663
45,1553590800,1233,1655,422,2888,13,1.326267690965143,1.3147637287922882
45,1553605200,907,1482,575,2389,13,2.199932086879239,0.8677427812406784
45,1553619600,788,1115,327,1903,13,0.7837963340250178,0.43236766999802845
45,1553634000,1470,1562,92,3032,13,-0.5581064963005548,1.4437637617530734
45,1553648400,229,322,93,551,13,-0.5523962714906587,-0.7787993061337879
45,1553662800,6,8,2,14,13,-1.0720267291911996,-1.2598619290500492
45,1553677200,1325,1619,294,2944,13,0.595358915298448,1.364930408277038
45,1553691600,967,1566,599,2533,13,2.3369774823167444,0.9967428142014636
45,1553706000,914,983,69,1897,13,-0.689441666928164,0.4269926686246624
45,1553720400,1542,1637,95,3179,13,-0.5409758218708666,1.5754512954005415
45,1553734800,232,375,143,607,13,-0.26688503099585603,-0.7286326266490382
45,1553749200,11,18,7,29,13,-1.0434756051417193,-1.2464244256166341
45,1553763600,1197,1626,429,2823,13,1.3662392646344153,1.2565345472474894
45,1553778000,924,1419,495,2343,13,1.7431141020875547,0.8265344373782054
45,1553792400,911,1130,219,2041,13,0.167092054556244,0.5559927015854476
45,1553806800,1469,1490,21,2959,13,-0.9635324578031745,1.378367911710453
45,1553821200,223,382,159,605,13,-0.1755214340375192,-0.7304242937734935
45,1553835600,3,4,1,7,13,-1.0777369540010957,-1.266132763985643
45,1553850000,1063,1349,286,2412,13,0.5496771168192796,0.8883469531719149
45,1553864400,847,1304,457,2151,13,1.5261255593115048,0.6545343934304918
45,1553878800,1031,1147,116,2178,13,-0.4210611008630495,0.678721899610639
45,1553893200,1114,1487,373,2601,13,1.0464666752802363,1.0576594964329455
45,1553907600,181,446,265,627,13,0.42976239581146247,-0.7107159554044846
45,1553922000,1,2,1,3,13,-1.0777369540010957,-1.2697160982345537
45,1553936400,100,227,127,327,13,-0.3582486279541929,-0.979466024072787
45,1553950800,393,437,44,830,13,-0.8321972871755653,-0.5288617422722667
45,1553965200,414,583,169,997,13,-0.11841918593855864,-0.3792575373802449
45,1553979600,424,498,74,922,13,-0.6608905428786838,-0.44644505454732053
45,1553994000,129,272,143,401,13,-0.26688503099585603,-0.9131743404679391
45,1554008400,0,2,2,2,13,-1.0720267291911996,-1.2706119317967814
45,1554022800,66,138,72,204,13,-0.6723109924984758,-1.0896535522267912
45,1554037200,349,376,27,725,13,-0.9292711089437983,-0.6229242663061725
45,1554051600,414,446,32,860,13,-0.9007199848943179,-0.5019867354054364
45,1554066000,336,397,61,733,13,-0.7351234654073324,-0.615757597808351
45,1554080400,86,140,54,226,13,-0.7750950390766048,-1.0699452138577823
45,1554094800,18,14,-4,32,13,-1.106288078050576,-1.243736924929951
45,1554109200,1300,1696,396,2996,13,1.1778018459078454,1.411513753512877
45,1554123600,865,1337,472,2202,13,1.6117789314599456,0.7002219051041032
45,1554138000,795,1070,275,1865,13,0.486864643910423,0.3983259946333768
45,1554152400,1368,1691,323,3059,13,0.7609554347854336,1.4679512679332205
45,1554166800,213,302,89,515,14,-0.5414078195245327,-0.8199574906507326
45,1554181200,2,6,4,8,14,-1.0443549742740985,-1.2729155627683217
45,1554195600,1312,1705,393,3017,14,1.2573678868739147,1.415350391870387
45,1554210000,859,1488,629,2347,14,2.653785869472709,0.8167667462712063
45,1554224400,930,1043,113,1973,14,-0.3993992111246552,0.48263199484718594
45,1554238800,1368,1673,305,3041,14,0.7366696560743641,1.4367921941008053
45,1554253200,246,387,141,633,14,-0.23372250132479824,-0.7145352963511755
45,1554267600,2,6,4,8,14,-1.0443549742740985,-1.2729155627683217
45,1554282000,1142,1652,510,2794,14,1.9496598528233169,1.2161203128127491
45,1554296400,1003,1400,397,2403,14,1.2810359882738942,0.8667976181421826
45,1554310800,846,1133,287,1979,14,0.630163199774456,0.4879924454047906
45,1554325200,1382,1595,213,2977,14,0.19230332387483398,1.3796140548196896
45,1554339600,223,415,192,638,14,0.06804579152494127,-0.7100682542198383
45,1554354000,1,6,5,7,14,-1.0384379489241036,-1.273808971194589
45,1554368400,1297,1635,338,2932,14,0.9319314926241955,1.3394106756376551
45,1554382800,975,1403,428,2378,14,1.4644637741237359,0.8444624074854967
45,1554397200,852,1126,274,1978,14,0.5532418702245224,0.48709903697852314
45,1554411600,1373,1522,149,2895,14,-0.1863862985248391,1.30635456386576
45,1554426000,184,205,21,389,14,-0.9437655433241853,-0.9325269523604294
45,1554440400,173,274,101,447,14,-0.4704035153245939,-0.8807092636369181
45,1554454800,1093,1466,373,2559,14,1.1390273798740167,1.0061693326399022
45,1554469200,884,1419,535,2303,14,2.0975854865731893,0.7774567755154391
45,1554483600,1164,1208,44,2372,14,-0.8076739602743028,0.8391019569278921
45,1554498000,1448,1487,39,2935,14,-0.8372590870242772,1.3420909009164574
45,1554512400,201,442,241,643,14,0.357980033674691,-0.7056012120885011
45,1554526800,2,3,1,5,14,-1.0621060503240831,-1.275595788047124
45,1554541200,141,285,144,426,14,-0.21597142527481356,-0.8994708405885343
45,1554555600,396,430,34,826,14,-0.8668442137742517,-0.5421074700815607
45,1554570000,442,480,38,922,14,-0.8431761123742721,-0.4563402611598871
45,1554584400,349,415,66,764,14,-0.6774994025744151,-0.5974987925101416
45,1554598800,151,233,82,384,14,-0.5828269969744969,-0.9369939944917666
45,1554613200,3,2,-1,5,14,-1.073940101024073,-1.275595788047124
45,1554627600,57,138,81,195,14,-0.5887440223244917,-1.1058481870563115
45,1554642000,279,355,76,634,14,-0.6183291490744662,-0.713641887924908
45,1554656400,388,394,6,782,14,-1.0325209235741086,-0.5814174408373278
45,1554670800,337,364,27,701,14,-0.908263391224216,-0.65378352336499
45,1554685200,113,153,40,266,14,-0.8313420616742824,-1.0424161887913237
45,1554699600,6,4,-2,10,14,-1.0798571263740677,-1.2711287459157867
45,1554714000,1322,1598,276,2920,14,0.5650759209245122,1.328689774522446
45,1554728400,1030,1407,377,2437,14,1.1626954812739962,0.8971735046352753
45,1554742800,831,1010,179,1841,14,-0.008875538024992339,0.3647020825798847
45,1554757200,1278,1610,332,2888,14,0.8964293405242262,1.300100704881888
45,1554771600,227,267,40,494,15,-0.8733012571534731,-0.7775983655784828
45,1554786000,0,5,5,5,15,-1.0701519503642969,-1.2242296104740151
45,1554800400,1401,1715,314,3116,15,0.6677584554112621,1.6172219291374386
45,1554814800,916,1525,609,2441,15,2.326928583902492,1.0007064070423788
45,1554829200,892,1144,252,2036,15,0.31905151315208846,0.6307970937853429
45,1554843600,1519,1637,118,3156,15,-0.43460542656935136,1.6537561822986273
45,1554858000,220,280,60,500,15,-0.760815146747288,-0.7721182276043045
45,1554872400,2,3,1,5,15,-1.0926491724455338,-1.2242296104740151
45,1554886800,1219,1547,328,2766,15,0.7464987326955916,1.2975472139770372
45,1554887580,101,202,101,303,15,-0.5302186204146087,-0.952049424423159
45,1554895845,608,970,362,1578,15,0.9377251203861062,0.21247989508973184
45,1554901200,255,279,24,534,15,-0.9632901454784211,-0.7410641124172941
45,1554915600,840,1108,268,1948,15,0.4090404014770365,0.5504217368307276
45,1554930000,1390,1667,277,3057,15,0.45965915115981976,1.5633339057246853
45,1554944400,233,376,143,609,15,-0.29399778856162007,-0.6725623877400653
45,1554958800,2,4,2,6,15,-1.0870248669252247,-1.2233162541449853
45,1554973200,1208,1617,409,2825,15,1.2020674798406412,1.3514352373897907
45,1554987600,906,1354,448,2260,15,1.421415395132702,0.8353889114879998
45,1555002000,783,1156,373,1939,15,0.999592481109508,0.5422015298694601
45,1555016400,1334,1569,235,2903,15,0.22343831930683117,1.4226770310541086
45,1555030800,250,391,141,641,15,-0.3052463996022386,-0.6433349852111142
45,1555045200,2,1,-1,3,15,-1.1038977834861525,-1.2260563231320745
45,1555059600,1024,1473,449,2497,15,1.4270397006530111,1.051854361468043
45,1555074000,788,1404,616,2192,15,2.3662987225446566,0.7732806811139789
45,1555088400,849,1163,314,2012,15,0.6677584554112621,0.6088765418886296
45,1555102800,1245,1342,97,2587,15,-0.5527158424958457,1.1340564310807177
45,1555117200,199,470,271,669,15,0.4259133180379643,-0.6177610079982822
45,1555131600,1,2,1,3,15,-1.0926491724455338,-1.2260563231320745
45,1555146000,149,303,154,452,15,-0.23213042783821827,-0.815959331397731
45,1555160400,319,540,221,859,15,0.14469804202250164,-0.44422330548263567
45,1555174800,398,572,174,970,15,-0.11964431743203323,-0.3428407529603369
45,1555189200,367,496,129,863,15,-0.3727380658459496,-0.44056988016651677
45,1555203600,159,209,50,368,15,-0.8170582019503806,-0.8926812630362273
45,1555218000,2,3,1,5,15,-1.0926491724455338,-1.2242296104740151
45,1555232400,70,140,70,210,15,-0.7045720915441955,-1.036991563022923
45,1555246800,275,340,65,615,15,-0.7326936191457417,-0.6670822497658869
45,1555261200,395,398,3,793,15,-1.0814005614049154,-0.504504823198597
45,1555275600,333,418,85,751,15,-0.6202075087395567,-0.5428657890178452
45,1555290000,96,144,48,240,15,-0.8283068129909991,-1.0095908731520313
45,1555304400,1,2,1,3,15,-1.0926491724455338,-1.2260563231320745
45,1555318800,1209,1638,429,2847,15,1.3145535902468262,1.3715290766284445
45,1555333200,880,1500,620,2380,15,2.3887959446258935,0.944991670971566
45,1555347600,808,994,186,1802,15,-0.052152651188322206,0.41707171279238875
45,1555362000,1427,1526,99,2953,15,-0.5414672314552271,1.4683448475055945
45,1555376400,201,270,69,471,16,-0.6810034574383362,-0.7898660477893368
45,1555390800,1,7,6,8,16,-0.9963578761260922,-1.2400077500726567
45,1555405200,1185,1610,425,2795,16,1.100999289432158,1.4695925183152758
45,1555419600,882,1499,617,2381,16,2.0620794225757955,1.0670900026666916
45,1555434000,842,1027,185,1869,16,-0.10035087699738866,0.5693091137486359
45,1555448400,1244,1661,417,2905,16,1.0609542838845065,1.5765376311687644
45,1555462800,184,324,140,508,16,-0.3256040332029287,-0.7538936007386179
45,1555477200,2,1,-1,3,16,-1.0313972559802873,-1.2448688915659971
45,1555491600,1159,1546,387,2705,16,0.9107855130808131,1.382091971435149
45,1555506000,854,1494,640,2348,16,2.1772088135252936,1.035006468810645
45,1555520400,920,988,68,1908,16,-0.6860090831317927,0.6072260173966909
45,1555534800,1331,1583,252,2914,16,0.23502604446419312,1.5852876858567773
45,1555549200,232,339,107,571,16,-0.49078968108699134,-0.692643217922529
45,1555563600,1,4,3,5,16,-1.0113747532064616,-1.242924434968661
45,1555578000,1118,1505,387,2623,16,0.9107855130808131,1.3023692509443665
45,1555592400,899,1496,597,2395,16,1.9619669087066665,1.0807011988480448
45,1555606800,909,1093,184,2002,16,-0.10535650269084511,0.6986154774714902
45,1555621200,1071,1692,621,2763,16,2.082101925349621,1.4384812127578974
45,1555635600,232,380,148,612,16,-0.28555902765527713,-0.6527818576771378
45,1555650000,1,2,1,3,16,-1.0213860045933745,-1.2448688915659971
45,1555664400,692,816,124,1508,16,-0.40569404429823175,0.21833469792945984
45,1555678800,656,933,277,1589,16,0.3601666868006042,0.29708519012157414
45,1555693200,784,1174,390,1958,16,0.9258023901611825,0.6558374323300948
45,1555707600,594,905,311,1499,16,0.5303579603781233,0.20958464324144715
45,1555722000,204,293,89,497,16,-0.5808909435692073,-0.7645881120239668
45,1555736400,1,1,0,2,16,-1.0263916302868308,-1.2458411198646653
45,1555750800,113,202,89,315,16,-0.5808909435692073,-0.9415336623815569
45,1555765200,321,511,190,832,16,-0.07532274853010644,-0.43889163197016073
45,1555779600,385,580,195,965,16,-0.05029462006282422,-0.30958526824730637
45,1555794000,300,408,108,708,16,-0.48578405539353486,-0.5594479410050024
45,1555808400,143,193,50,336,16,-0.7761103456140086,-0.9211168681095273
45,1555822800,1,1,0,2,16,-1.0263916302868308,-1.2458411198646653
45,1555837200,47,142,95,189,16,-0.5508571894084686,-1.0640344280137348
45,1555851600,216,392,176,608,16,-0.14540150823849665,-0.6566707708718101
45,1555866000,342,347,5,689,16,-1.0013635018195486,-0.5779202786796959
45,1555880400,420,299,-121,719,16,-1.6320723391950607,-0.5487534297196535
45,1555894800,144,116,-28,260,16,-1.1665491497036113,-0.9950062188083012
45,1555909200,1,1,0,2,16,-1.0263916302868308,-1.2458411198646653
45,1555923600,1065,1354,289,2419,16,0.42023419512208154,1.1040346780160788
45,1555938000,772,1321,549,2093,16,1.7216968754207571,0.7870882526502854
45,1555952400,876,1080,204,1956,16,-0.005243988821716221,0.6538929757327587
45,1555966800,1301,1668,367,2969,16,0.8106729992116842,1.6387602422835215
45,1555981200,214,227,13,441,17,-0.7745223974757974,-0.7849558494228824
45,1555995600,1,3,2,4,17,-0.833947466940961,-1.2273338943666372
45,1556010000,1172,1506,334,2678,17,0.9596091750985202,1.4795743257239806
45,1556024400,800,1262,462,2062,17,1.6511008925113322,0.8559933744989169
45,1556038800,766,961,195,1727,17,0.20869238822054462,0.5168706169333384
45,1556053200,1241,1661,420,2902,17,1.4242051727352532,1.7063310352603676
45,1556067600,245,306,61,551,17,-0.515213003445993,-0.6736021081326925
45,1556082000,2,3,1,5,17,-0.8393497459832486,-1.2263215876276354
45,1556096400,1052,1453,401,2505,17,1.321561870931789,1.304445259876682
45,1556110800,863,1331,468,2194,17,1.6835145667650577,0.9896178640471449
45,1556125200,743,1044,301,1787,17,0.7813339667030296,0.577609021273442
45,1556139600,1300,1459,159,2759,17,0.01421034269819124,1.5615711715831206
45,1556154000,192,337,145,529,17,-0.061421563893835074,-0.6958728563907305
45,1556168400,1,6,5,7,17,-0.8177406298140982,-1.224296974149632
45,1556182800,1103,1501,398,2604,17,1.3053550338049262,1.404663627037853
45,1556197200,874,1406,532,2280,17,2.0292604254714637,1.0766762436012933
45,1556211600,910,1096,186,2006,17,0.16007187683995627,0.7993041971148203
45,1556226000,1561,1593,32,3154,17,-0.6718790956723332,1.9614323334888029
45,1556240400,232,426,194,658,17,0.20329010917825702,-0.5652852870595078
45,1556254800,2,7,5,9,17,-0.8177406298140982,-1.2222723606716286
45,1556266354,670,671,1,1341,17,-0.8393497459832486,0.1261202156786718
45,1556269200,472,700,228,1172,17,0.3869675966160352,-0.044959623212620065
45,1556283600,733,1504,771,2237,17,3.320405116578199,1.0331470538242191
45,1556298000,995,1158,163,2153,17,0.035819458867341614,0.9481132877480741
45,1556312400,1257,1147,-110,2404,17,-1.4390027196771715,1.2022022792375076
45,1556326800,198,337,139,535,17,-0.09383523814756063,-0.6897990159567201
45,1556341200,1,2,1,3,17,-0.8393497459832486,-1.228346201105639
45,1556355600,155,214,59,369,17,-0.5260175615305681,-0.8578419346310068
45,1556370000,377,411,34,788,17,-0.661074537587758,-0.4336854109892832
45,1556384400,403,512,109,915,17,-0.25590360941618845,-0.3051224551360639
45,1556398800,458,458,0,916,17,-0.8447520250255361,-0.3041101483970622
45,1556413200,109,260,151,369,17,-0.029007889640109513,-0.8578419346310068
45,1556427600,0,0,0,0,17,-0.8447520250255361,-1.231383121322644
45,1556442000,81,118,37,199,17,-0.6448677004608953,-1.0299340802613004
45,1556456400,281,320,39,601,17,-0.63406314237632,-0.6229867711826061
45,1556470800,393,384,-9,777,17,-0.8933725364061246,-0.4448207851183022
45,1556485200,332,387,55,719,17,-0.5476266776997185,-0.5035345759804024
45,1556499600,97,131,34,228,17,-0.661074537587758,-1.0005771848302503
45,1556514000,0,2,2,2,17,-0.833947466940961,-1.2293585078446405
45,1556523746,451,474,23,925,17,-0.7204996070529215,-0.2949993877460466
45,1556526977,409,634,225,1043,17,0.3707607594891724,-0.17554719254384285
45,1556528400,276,439,163,715,17,0.035819458867341614,-0.5075838029364093
45,1556528510,14,9,-5,23,17,-0.8717634202369742,-1.2081000663256043
45,1556542800,899,1393,494,2292,17,1.8239738218645352,1.088823924469314
45,1556557200,750,799,49,1549,17,-0.580040351953444,0.336680017391031
45,1556571600,1296,1522,226,2818,17,0.37616303853146005,1.6212972691842225
45,1556586000,238,255,17,493,18,-1.0606139350237413,-0.7904765346423325
45,1556600400,2,3,1,5,18,-1.162493074095472,-1.256041780050352
45,1556614800,1339,1635,296,2974,18,0.7159035525395618,1.576464805229176
45,1556629200,942,1511,569,2453,18,2.4542163629509663,1.0794166641275817
45,1556643600,819,1004,185,1823,18,0.009117025229430475,0.47837956452296637
45,1556658000,1345,1631,286,2976,18,0.6522290906197302,1.5783728595136353
45,1556672400,245,448,203,693,18,0.12373105668512746,-0.5996711061964229
45,1556686800,2,2,0,4,18,-1.1688605202874551,-1.2569958071925815
45,1556701200,1273,1539,266,2812,18,0.5248801667800669,1.4219124081879895
45,1556715600,913,1453,540,2366,18,2.2695604233834543,0.9964163027536109
45,1556730000,872,1071,199,1943,18,0.09826127191719479,0.5928628215905122
45,1556744400,1366,1575,209,2941,18,0.16193573383702645,1.544981909535601
45,1556758800,235,337,102,572,18,-0.5193810087051722,-0.7151083904061982
45,1556773200,3,5,2,8,18,-1.1561256279034888,-1.2531796986236634
45,1556787600,1313,1548,235,2861,18,0.3274893348285888,1.4686597381572373
45,1556790381,313,660,347,973,18,1.0406433083307034,-0.33254350637214947
45,1556802000,514,856,342,1370,18,1.0088060773707874,0.04620526909298112
45,1556816400,880,1116,236,1996,18,0.3338567810205719,0.6434262601286782
45,1556830800,1392,1529,137,2921,18,-0.29652039198576147,1.5259013666910102
45,1556845200,228,431,203,659,18,0.12373105668512746,-0.6321080290322275
45,1556859600,2,3,1,5,18,-1.162493074095472,-1.256041780050352
45,1556874000,1093,1340,247,2433,18,0.40389868913238675,1.0603361212829907
45,1556878308,389,753,364,1142,18,1.1488898935944172,-0.17131291933535583
45,1556888400,455,606,151,1061,18,-0.20737614529799717,-0.24858911785594923
45,1556902800,890,1022,132,1912,18,-0.32835762294567733,0.5632879801813961
45,1556917200,1056,1513,457,2569,18,1.7410623894488515,1.1900838126262092
45,1556931600,183,439,256,622,18,0.46120570486023527,-0.6674070332947208
45,1556946000,5,4,-1,9,18,-1.1752279664794383,-1.2522256714814337
45,1556960400,126,245,119,371,18,-0.41113442344145845,-0.9068678459943373
45,1556974800,350,450,100,800,18,-0.5321159010891386,-0.49759020197786125
45,1556989200,416,463,47,879,18,-0.8695905492642464,-0.42222205774172694
45,1557003600,347,403,56,750,18,-0.8122835335363979,-0.5452915590893387
45,1557018000,130,208,78,338,18,-0.6721997173127683,-0.9383507416879124
45,1557032400,0,0,0,0,18,-1.1688605202874551,-1.2608119157614996
45,1557046800,75,153,78,228,18,-0.6721997173127683,-1.0432937273331628
45,1557061200,333,354,21,687,18,-1.0351441502558087,-0.6053952690498002
45,1557075600,428,472,44,900,18,-0.888692887840196,-0.4021874877549065
45,1557090000,346,398,52,744,18,-0.8377533183043305,-0.551015721942716
45,1557104400,96,119,23,215,18,-1.0224092578718424,-1.055696080182147
45,1557118800,1,1,0,2,18,-1.1688605202874551,-1.2589038614770407
45,1557133200,1219,1564,345,2783,18,1.027908415946737,1.3942456210633325
45,1557147600,802,1327,525,2129,18,2.174048730503707,0.7703118700452081
45,1557162000,762,1051,289,1813,18,0.6713314291956797,0.4688392931006709
45,1557176400,1298,1616,318,2914,18,0.8559873687631915,1.5192231766954034
45,1557190800,241,228,-13,469,19,-0.8939140538863376,-0.7602820913842198
45,1557205200,0,1,1,1,19,-0.8215560032700981,-1.1975610885340857
45,1557219600,1218,1560,342,2778,19,0.940879372454021,1.397147832588089
45,1557226578,534,983,449,1517,19,1.4939016164495658,0.21892386804539468
45,1557227162,11,31,20,42,19,-0.7233557917194874,-1.1592524584418966
45,1557234000,251,324,73,575,19,-0.4494288858151521,-0.6612402672434382
45,1557248400,792,1033,241,1825,19,0.4188677215797218,0.5067057721525714
45,1557262800,1365,1703,338,3068,19,0.9202056437065239,1.6681113137279633
45,1557277200,240,324,84,564,19,-0.3925761317595354,-0.671518192390123
45,1557291600,1,4,3,5,19,-0.8112191388963496,-1.1938236612080186
45,1557306000,1238,1563,325,2801,19,0.8530160252771587,1.4186380397129756
45,1557320400,882,1333,451,2215,19,1.5042384808233142,0.8711049364441265
45,1557334800,850,1025,175,1875,19,0.07775119724602131,0.5534236137284119
45,1557349200,1323,1537,214,2860,19,0.279320052534117,1.4737650927724675
45,1557363600,225,375,150,600,19,-0.051459607425834934,-0.637881346455518
45,1557378000,2,3,1,5,19,-0.8215560032700981,-1.1938236612080186
45,1557392400,1132,1546,414,2678,19,1.3130064899089668,1.3037121494364083
45,1557406800,912,1396,484,2308,19,1.6747967429901645,0.9580001217751896
45,1557421200,899,1139,240,2038,19,0.4136992893928475,0.7057237772656515
45,1557435600,1288,1634,346,2922,19,0.9615531012015179,1.5316952163265094
45,1557450000,264,520,256,784,19,0.4963942043828355,-0.46595968945642535
45,1557464400,1,3,2,4,19,-0.8163875710832239,-1.1947580180395354
45,1557478800,992,1340,348,2332,19,0.9718899655752664,0.9804246857315929
45,1557493200,776,1371,595,2147,19,2.248492715733206,0.8075686719009835
45,1557507600,929,1195,266,2124,19,0.548078526251578,0.7860784647760969
45,1557522000,1115,1269,154,2384,19,-0.030785878678337934,1.029011240970467
45,1557536400,185,395,210,580,19,0.25864632378662006,-0.6565684830858541
45,1557550800,1,1,0,2,19,-0.8267244354569724,-1.196626731702569
45,1557565200,127,242,115,369,19,-0.23235473396643366,-0.8537177745359006
45,1557579600,374,429,55,803,19,-0.5424606651788886,-0.448206909657606
45,1557594000,358,502,144,860,19,-0.08247020054708043,-0.394948570261148
45,1557608400,379,381,2,760,19,-0.8163875710832239,-0.48838425341282876
45,1557622800,144,225,81,369,19,-0.40808142832015815,-0.8537177745359006
45,1557637200,2,2,0,4,19,-0.8267244354569724,-1.1947580180395354
45,1557651600,61,164,103,225,19,-0.29437592020892467,-0.9882651582743208
45,1557666000,291,396,105,687,19,-0.28403905583517614,-0.5565923021135557
45,1557680400,502,457,-45,959,19,-1.0593038838663136,-0.302447243940984
45,1557694800,457,381,-76,838,19,-1.2195252816594153,-0.41550442055451775
45,1557709200,128,122,-6,250,19,-0.8577350285782178,-0.9649062374864007
45,1557723600,0,1,1,1,19,-0.8215560032700981,-1.1975610885340857
45,1557736057,931,1089,158,2020,19,-0.010112149930840936,0.688905354298349
45,1557736138,16,17,1,33,19,-0.8215560032700981,-1.167661669925548
45,1557738000,350,627,277,977,19,0.6049312803071948,-0.2856288209736815
45,1557752400,1105,1685,580,2790,19,2.1709662329300925,1.408360114566291
45,1557766800,994,1130,136,2124,19,-0.12381765804207442,0.7860784647760969
45,1557781200,1937,1495,-442,3432,19,-3.111171462055391,2.0082172004000816
45,1557795600,215,321,106,536,20,-0.3578150261712083,-0.6452364889447121
45,1557810000,1,2,1,3,20,-0.9730957262404303,-1.1563908575206996
45,1557824400,1295,1674,379,2969,20,1.241914794008769,1.6880441466000862
45,1557838800,894,1541,647,2435,20,2.812345533233069,1.1759307641993784
45,1557853200,871,1067,196,1938,20,0.16956843103098201,0.6993008933133262
45,1557867600,1692,1731,39,3423,20,-0.7504227109772833,2.12343642302316
45,1557882000,233,349,116,582,20,-0.29921686425985383,-0.6011218530075725
45,1557896400,2,6,4,8,20,-0.955516277667024,-1.1515957883970975
45,1557909303,897,1037,140,1934,20,-0.15858127567260305,0.6954648380144445
45,1557909383,18,12,-6,30,20,-1.0141144395783785,-1.130497484253248
45,1557910800,247,447,200,694,20,0.19300769579552382,-0.4937123046388847
45,1557925200,922,1470,548,2392,20,2.23222373031066,1.1346931697364
45,1557939600,796,1067,271,1863,20,0.6090546453661406,0.6273748564592941
45,1557954000,1246,1643,397,2889,20,1.347391485449207,1.6113230406224521
45,1557968400,236,444,208,680,20,0.2398862253246074,-0.5071384981849707
45,1557982800,2,1,-1,3,20,-0.9848153586227012,-1.1563908575206996
45,1557995260,779,997,218,1776,20,0.2984843872359619,0.5439406537086171
45,1557995341,15,7,-8,22,20,-1.0258340719606494,-1.1381695948510115
45,1557997200,424,585,161,1009,20,-0.03552513565875865,-0.19162294985195027
45,1558011600,832,1426,594,2258,20,2.50177527510289,1.0061853172238628
45,1558026000,915,1005,90,1920,20,-0.4515720852293755,0.6820386444683585
45,1558040400,1370,1455,85,2825,20,-0.4808711661850527,1.5499461558403447
45,1558054800,238,458,220,696,20,0.3102040196182328,-0.49179427698944383
45,1558069200,1,3,2,4,20,-0.9672359100492949,-1.1554318436959792
45,1558083423,953,1186,233,2139,20,0.3863816301029936,0.892062672082132
45,1558083504,11,23,12,34,20,-0.9086377481379404,-1.1266614289543664
45,1558083600,15,50,35,65,20,-0.7738619757418251,-1.0969320003880332
45,1558098000,770,1270,500,2040,20,1.9509525531361582,0.7971203034348098
45,1558112400,915,1229,314,2144,20,0.8610267415849648,0.8968577412057341
45,1558126800,1111,1303,192,2414,20,0.14612916626644024,1.1557914738802493
45,1558141200,215,371,156,586,20,-0.0648242166144359,-0.5972857977086908
45,1558155600,1,3,2,4,20,-0.9672359100492949,-1.1554318436959792
45,1558170000,138,218,80,356,20,-0.5101702471407299,-0.817858977394389
45,1558184400,372,458,86,830,20,-0.47501134999391725,-0.3632864244769067
45,1558198800,408,521,113,929,20,-0.31679631283326015,-0.2683440558295844
45,1558213200,423,454,31,877,20,-0.7973012405063669,-0.3182127747150466
45,1558227600,159,288,129,447,20,-0.22303925377509298,-0.7305887193448302
45,1558242000,0,1,1,1,20,-0.9730957262404303,-1.1583088851701404
45,1558256400,94,123,29,217,20,-0.8090208728886378,-0.9511618990305283
45,1558270800,264,304,40,568,20,-0.7445628947861479,-0.6145480465536585
45,1558285200,366,405,39,771,20,-0.7504227109772833,-0.41986824013541185
45,1558299600,378,409,31,787,20,-0.7973012405063669,-0.404524018939885
45,1558314000,91,138,47,229,20,-0.7035441814481997,-0.9396537331338831
45,1558328400,0,2,2,2,20,-0.9672359100492949,-1.15734987134542
45,1558342800,1212,1507,295,2719,20,0.7496902339533914,1.4482906904199795
45,1558357200,901,1341,440,2242,20,1.5993635816680314,0.9908410960283359
45,1558371600,774,1131,357,1905,20,1.1129988378037892,0.6676534370975521
45,1558386000,1290,1538,248,2828,20,0.4742788729700253,1.552823197314506
45,1558400400,229,261,32,490,21,-0.7683049666605617,-0.5960703986919564
45,1558414800,2,2,0,4,21,-0.9587580288186728,-1.0864662668678875
45,1558428527,1095,1289,194,2384,21,0.19586366051487555,1.3150608241994286
45,1558428609,19,22,3,41,21,-0.9409030542413498,-1.049131602006757
45,1558429200,119,231,112,350,21,-0.29217231126528403,-0.7373366981665045
45,1558443600,942,1420,478,2362,21,1.886134587168111,1.2928618342819997
45,1558458000,824,1106,282,1930,21,0.719609581449681,0.8569543959033944
45,1558472400,1354,1517,163,2871,21,0.011362256549205474,1.8064657373716064
45,1558486800,213,379,166,592,21,0.029217231126528385,-0.4931478090747858
45,1558501200,3,8,5,11,21,-0.9289997378564679,-1.07940295189416
45,1558515600,1147,1479,332,2626,21,1.0171924910717296,1.5592497132911474
45,1558530000,847,1348,501,2195,21,2.0230227255942532,1.124351319908789
45,1558544400,850,1051,201,1901,21,0.23752526786196235,0.8276920910122381
45,1558558800,1222,1566,344,2788,21,1.0886123893810211,1.7227150026831244
45,1558573200,252,344,92,596,21,-0.41120547511410344,-0.4891116290897987
45,1558587600,1,2,1,3,21,-0.9528063706262317,-1.0874753118641343
45,1558602000,1166,1720,554,2886,21,2.338460609793625,1.821601412315308
45,1558616400,901,1511,610,2412,21,2.6717534685703193,1.3433140840943383
45,1558630800,893,1220,327,2113,21,0.9874342001095247,1.0416096302165536
45,1558645200,1366,1525,159,2891,21,-0.012444376220558408,1.8266466372965418
45,1558659600,206,362,156,568,21,-0.03029935079788132,-0.5173648889847083
45,1558674000,1,2,1,3,21,-0.9528063706262317,-1.0874753118641343
45,1558688400,830,1094,264,1924,21,0.6124797339857435,0.8509001259259138
45,1558702800,710,1103,393,1813,21,1.3802436408106287,0.7388961313425222
45,1558717200,982,1466,484,2448,21,1.921844536322757,1.379639703959222
45,1558731600,685,818,133,1503,21,-0.16718748922402366,0.42609218250602304
45,1558746000,153,320,167,473,21,0.03516888931896936,-0.6132241636281516
45,1558760400,1,2,1,3,21,-0.9528063706262317,-1.0874753118641343
45,1558774800,99,231,132,330,21,-0.1731391474164646,-0.7575175980914399
45,1558789200,322,399,77,721,21,-0.5004803480007181,-0.36298100455895227
45,1558803600,323,498,175,821,21,0.08278215485849712,-0.26207650493427515
45,1558818000,328,356,28,684,21,-0.7921115994303256,-0.4003156694200828
45,1558832400,145,224,79,369,21,-0.48857703161583604,-0.7181648432378158
45,1558846800,2,8,6,10,21,-0.9230480796640269,-1.0804119968904067
45,1558861200,53,111,58,164,21,-0.6135618536570965,-0.925019067468404
45,1558875600,241,345,104,586,21,-0.3397855768048118,-0.49920207905226643
45,1558890000,302,372,70,674,21,-0.5421419553478048,-0.4104061193825505
45,1558904400,302,361,59,663,21,-0.6076101954646554,-0.421505614341265
45,1558918800,130,134,4,264,21,-0.9349513960489089,-0.8241145678437268
45,1558933200,1,13,12,14,21,-0.8873381305093812,-1.0763758169054196
45,1558947600,54,146,92,200,21,-0.41120547511410344,-0.8886934476035202
45,1558962000,266,350,84,616,21,-0.4588187406536312,-0.4689307291648633
45,1558976400,317,327,10,644,21,-0.899241446894263,-0.44067746926995366
45,1558990800,334,277,-57,611,21,-1.2980025457878082,-0.4739759541460971
45,1559005200,126,126,0,252,22,-0.8774566679734033,-0.9789474575200526
45,1559019600,1,1,0,2,22,-0.8774566679734033,-1.2056653982893766
45,1559034000,1214,1511,297,2725,22,0.5245000183056571,1.2637464125700997
45,1559048400,1071,1404,333,2475,22,0.6944341620970583,1.0370284718007758
45,1559062800,826,1126,300,1952,22,0.5386611969549405,0.5627345397113501
45,1559077200,1350,1520,170,2870,22,-0.07498987784734179,1.3952428182163077
45,1559091600,220,322,102,542,22,-0.3959765938977664,-0.7159546462276369
45,1559106000,2,3,1,5,22,-0.8727362750903088,-1.2029447830001447
45,1559120400,1276,1575,299,2851,22,0.5339408040718461,1.378012254717839
45,1559134800,868,1475,607,2343,22,1.9878218120649458,0.9173213990745728
45,1559149200,836,1185,349,2021,22,0.7699604482265701,0.6253086913636835
45,1559163600,1833,1687,-146,3520,22,-1.5666340289051974,1.9847094642165497
45,1559178000,219,345,126,564,22,-0.2826871647034989,-0.6960034674399364
45,1559192400,1,3,2,4,22,-0.8680158822072144,-1.203851654763222
45,1559206800,1235,1577,342,2812,22,0.7369176980449087,1.3426442559578244
45,1559221200,868,1433,565,2301,22,1.7895653109749776,0.8792327850253263
45,1559235600,870,1083,213,1953,22,0.12798701612572083,0.5636414114744274
45,1559250000,2119,1699,-420,3818,22,-2.8600216788730846,2.2549572496135837
45,1559264400,240,514,274,754,22,0.4159309819944841,-0.5236978324552501
45,1559278800,1,1,0,2,22,-0.8774566679734033,-1.2056653982893766
45,1559293200,919,1296,377,2215,22,0.9021314489532155,0.8012418134006789
45,1559307600,709,1282,573,1991,22,1.8273284540397334,0.5981025384713646
45,1559322000,921,1264,343,2185,22,0.7416380909280031,0.77403566050836
45,1559336400,899,1319,420,2218,22,1.105108342926278,0.8039624286899107
45,1559350800,220,340,120,560,22,-0.3110095220020658,-0.6996309544922455
45,1559365200,2,1,-1,3,22,-0.8821770608564978,-1.2047585265262992
45,1559379600,127,197,70,324,22,-0.5470291661567898,-0.9136526905784874
45,1559394000,371,409,38,780,22,-0.6980817384158131,-0.5001191666152405
45,1559408400,352,542,190,894,22,0.019417979814547796,-0.3967357856244288
45,1559422800,318,474,156,792,22,-0.14107537821066451,-0.48923670545831294
45,1559437200,128,399,271,527,22,0.4017698033452006,-0.7295577226737964
45,1559451600,1,3,2,4,22,-0.8680158822072144,-1.203851654763222
45,1559466000,71,125,54,196,22,-0.6225554522863014,-1.0297322762523813
45,1559480400,257,377,120,634,22,-0.3110095220020658,-0.6325224440245257
45,1559494800,359,495,136,854,22,-0.2354832358725541,-0.4330106561475206
45,1559509200,328,491,163,819,22,-0.10803262802900315,-0.46475116785522597
45,1559523600,122,214,92,336,22,-0.4431805227287112,-0.9027702294215598
45,1559538000,2,4,2,6,22,-0.8680158822072144,-1.2020379112370674
45,1559548609,514,539,25,1053,22,-0.7594468458960413,-0.25254317529513876
45,1559548690,11,36,25,47,22,-0.7594468458960413,-1.1648561689508983
45,1559552400,617,906,289,1523,22,0.48673687524090126,0.17368655335119024
45,1559566800,724,1501,777,2225,22,2.790288602191007,0.8103105310314519
45,1559581200,764,998,234,1762,22,0.2271152666707049,0.3904289047266639
45,1559595600,1291,1580,289,2871,22,0.48673687524090126,1.3961496899793848
45,1559610000,217,279,62,496,23,-0.6927592656415655,-0.7958813355087387
45,1559624400,1,1,0,2,23,-0.9961757601709583,-1.2612170358438968
45,1559638800,1080,1635,555,2715,23,1.7198912473098966,1.2943614155919005
45,1559641728,323,632,309,955,23,0.5160128980481122,-0.3635147637398368
45,1559645397,216,401,185,617,23,-0.0908200910106734,-0.6819023481796819
45,1559653200,288,399,111,687,23,-0.4529623586747874,-0.6159640910471695
45,1559667600,809,914,105,1723,23,-0.482325245242148,0.3599221145140122
45,1559682000,1207,1692,485,2899,23,1.3773242373573562,1.4676848343402185
45,1559696400,218,318,100,536,23,-0.5067943173816152,-0.7582023314330175
45,1559710800,1,0,-1,1,23,-1.0010695745988518,-1.2621590109457899
45,1559725200,1182,1581,399,2763,23,0.9564561965585211,1.3395762204827661
45,1559739600,882,1487,605,2369,23,1.9645819687045682,0.9684380303369112
45,1559754000,752,1169,417,1921,23,1.0445448562606028,0.5464331846888326
45,1559768400,1284,1729,445,3013,23,1.181571660241619,1.5750699959560241
45,1559782800,207,419,212,626,23,0.041312898542449274,-0.6734245722626445
45,1559797200,1,1,0,2,23,-0.9961757601709583,-1.2612170358438968
45,1559811600,1163,1606,443,2769,23,1.171784031385832,1.3452280710941242
45,1559826000,845,1462,617,2307,23,2.0233077418392895,0.9100355740195432
45,1559840400,778,1163,385,1941,23,0.8879427945680131,0.5652726867266933
45,1559854800,1325,1605,280,2930,23,0.37409227963920266,1.4968860624989024
45,1559869200,262,377,115,639,23,-0.43338710096321365,-0.6611788959380351
45,1559883600,2,8,6,10,23,-0.9668128736035978,-1.2536812350287525
45,1559898000,1007,1320,313,2327,23,0.5355881557596859,0.9288750760574038
45,1559912400,770,1246,476,2016,23,1.3332799075063153,0.6359208193686707
45,1559926800,1008,1371,363,2379,23,0.7802788771543575,0.9778577813558416
45,1559941200,1090,1167,77,2257,23,-0.6193520492231641,0.8629368189248916
45,1559955600,229,329,100,558,23,-0.5067943173816152,-0.7374788791913708
45,1559970000,1,1,0,2,23,-0.9961757601709583,-1.2612170358438968
45,1559984400,154,208,54,362,23,-0.731909781064713,-0.9221059991624051
45,1559998800,409,463,54,872,23,-0.731909781064713,-0.44169869719695853
45,1560013200,414,508,94,922,23,-0.5361572039489757,-0.3945999421023069
45,1560027600,350,357,7,707,23,-0.9619190591757043,-0.5971245890093089
45,1560056400,126,245,119,371,23,-0.41381184325163994,-0.9136282232453679
45,1560070800,75,147,72,222,23,-0.6438211213626313,-1.0539825134274297
45,1560085200,279,343,64,622,23,-0.6829716367857787,-0.6771924726702166
45,1560099600,358,408,50,766,23,-0.7514850387762868,-0.54154805799762
45,1560114000,289,329,40,618,23,-0.8004231830552211,-0.6809603730777888
45,1560128400,116,139,23,255,23,-0.8836180283294094,-1.0228973350649597
45,1560142800,1,4,3,5,23,-0.9814943168872781,-1.2583911105382177
45,1560157200,1210,1565,355,2775,23,0.7411283617312101,1.3508799217054825
45,1560171600,863,1525,662,2388,23,2.243529391094494,0.9863355572728788
45,1560186000,983,1099,116,2082,23,-0.4284932865353202,0.6980911760936109
45,1560200400,1678,1554,-124,3232,23,-1.603008749229744,1.7813625432705984
45,1560214800,215,244,29,459,24,-0.9773334465324123,-1.1609302363178753
45,1560229200,0,4,4,4,24,-1.0753281102890044,-1.5722122951224171
45,1560243600,1140,1706,566,2846,24,1.127591930959187,0.9967187183336444
45,1560258000,830,1486,656,2316,24,1.4803727204829187,0.51764291357231
45,1560272400,851,996,145,1847,24,-0.5226382067018247,0.09370602218916675
45,1560286800,1200,1655,455,2855,24,0.6924956238799179,1.0048539678484596
45,1560301200,212,334,122,546,24,-0.6127932973578895,-1.0822894910079959
45,1560315600,2,3,1,5,24,-1.0870874699397954,-1.57130837850966
45,1560330000,1109,1520,411,2629,24,0.5200250156683157,0.8005688133653245
45,1560344400,857,1487,630,2344,24,1.3784582701760628,0.5429525787295125
45,1560358800,816,1142,326,1958,24,0.18684315889590242,0.19404076620521982
45,1560373200,1700,1584,-116,3284,24,-1.5457024963206467,1.3926341947213132
45,1560387600,239,321,82,560,24,-0.7695847593684368,-1.0696346584293945
45,1560402000,1,4,3,5,24,-1.079247896839268,-1.57130837850966
45,1560416400,1351,1804,453,3155,24,0.6846560507793905,1.27602895167563
45,1560430800,1038,1888,850,2926,24,2.240811311234074,1.0690320473542232
45,1560445200,901,981,80,1882,24,-0.7774243324689643,0.12534310363566997
45,1560459600,1351,1481,130,2832,24,-0.5814350049557799,0.9840638857550431
45,1560474000,240,464,224,704,24,-0.21297506923099352,-0.9394706661923528
45,1560488400,0,2,2,2,24,-1.0831676833895318,-1.5740201283479316
45,1560502800,906,1313,407,2219,24,0.504345869467261,0.4299630021348581
45,1560517200,729,1304,575,2033,24,1.16287000991156,0.2618345121620124
45,1560531600,906,1349,443,2255,24,0.6454581852767537,0.4625040001941186
45,1560546000,986,1188,202,2174,24,-0.2992103733367946,0.38928675456078254
45,1561165200,6041,2632,-3409,8673,25,-4.007016245185109,3.7252923560916753
45,1561179600,2,3,1,5,25,0.06023346342665516,-0.6652639431827598
45,1561194000,114,235,121,349,25,0.20336248543058819,-0.49101943845843987
45,1561208400,348,454,106,802,25,0.18547135768009657,-0.26156373892321616
45,1561222800,351,450,99,801,25,0.17712216472986714,-0.26207026364625197
45,1561237200,383,388,5,771,25,0.06500443082678625,-0.27726600533732637
45,1561251600,147,227,80,374,25,0.1544600695792444,-0.4783563203825445
45,1561266000,0,1,1,1,25,0.06023346342665516,-0.6672900420749031
45,1561280400,81,137,56,218,25,0.1258342651784578,-0.5573741771761315
45,1561294800,259,354,95,613,25,0.17235119732973603,-0.35729691157698495
45,1561309200,345,369,24,714,25,0.08766652597740898,-0.30613791455036776
45,1561323600,372,362,-10,734,25,0.047113303076294626,-0.2960074200896515
45,1561338000,153,167,14,320,25,0.07573910747708124,-0.5057086554264785
45,1561352400,1,2,1,3,25,0.06023346342665516,-0.6662769926288314
45,1561366800,975,1514,539,2489,25,0.7019285787442883,0.5929434688382019
45,1561381200,819,1328,509,2147,25,0.666146323243305,0.4197120135599536
45,1561395600,795,1026,231,1821,25,0.3345640889341935,0.25458495385027824
45,1561410000,1125,1771,646,2896,25,0.8295519566977952,0.7990990311137782
45,1561424400,210,249,39,459,26,-0.9414009310869321,-0.8507458117157667
45,1561438800,1,2,1,3,26,-1.116331177450274,-1.292243814316508
45,1561453200,1403,1939,536,3342,26,1.346502554244145,1.9405672178849738
45,1561467600,970,1562,592,2532,26,1.6042944962532804,1.156327344844183
45,1561482000,852,1018,166,1870,26,-0.35676563403049993,0.5153806831738084
45,1561496400,1155,1641,486,2796,26,1.116331177450274,1.4119314516130332
45,1561510800,218,351,133,569,26,-0.5086787427144548,-0.744244100562079
45,1561525200,2,2,0,4,26,-1.1209346049861515,-1.2912756169423836
45,1561539600,1077,1531,454,2608,26,0.9690214963021966,1.2299103452776399
45,1561554000,920,1417,497,2337,26,1.1669688803449256,0.9675288568899185
45,1561568400,814,1091,277,1905,26,0.15421482245189352,0.5492675912681635
45,1561582800,1264,1614,350,2878,26,0.4902650325709451,1.4913236362912368
45,1561597200,216,415,199,631,26,-0.20485252534654513,-0.6842158633663642
45,1561611600,2,3,1,5,26,-1.116331177450274,-1.2903074195682593
45,1561626000,1079,1557,478,2636,26,1.0795037571632546,1.257019871753124
45,1561640400,824,1580,756,2404,26,2.359256612137177,1.0323980809562556
45,1561654800,891,1151,260,2042,26,0.07595655434197741,0.6819106315232109
45,1561669200,1174,1597,423,2771,26,0.8263152426899967,1.3877265172599225
45,1561683600,221,404,183,625,26,-0.27850736592058384,-0.6900250476111107
45,1561698000,1,3,2,4,26,-1.1117277499143967,-1.2912756169423836
45,1561712400,868,1249,381,2117,26,0.632971286183145,0.7545254345825433
45,1561726800,673,1324,651,1997,26,1.875896720870048,0.6383417496876114
45,1561741200,971,1255,284,2226,26,0.18643881520303546,0.8600589483621065
45,1561755600,1001,1134,133,2135,26,-0.5086787427144548,0.7719529873167831
45,1561770000,171,397,226,568,26,-0.08055998187785483,-0.7452122979362035
45,1561784400,2,1,-1,3,26,-1.1255380325220288,-1.292243814316508
45,1561798800,113,208,95,321,26,-0.6836089890777967,-0.9843570493449384
45,1561813200,379,424,45,803,26,-0.9137803658716677,-0.5176859150169617
45,1561827600,372,483,111,855,26,-0.609954148503758,-0.4673396515624912
45,1561842000,359,443,84,802,26,-0.7342466919724483,-0.5186541123910862
45,1561856400,147,238,91,385,26,-0.7020226992213063,-0.9223924174009747
45,1561870800,1,1,0,2,26,-1.1209346049861515,-1.2932120116906325
45,1561885200,81,138,57,219,26,-0.8585392354411386,-1.0831131815056305
45,1561899600,358,385,27,743,26,-0.9966420615174612,-0.5757777574644276
45,1561914000,403,563,160,966,26,-0.38438619924576445,-0.3598697430346791
45,1561928400,294,524,230,818,26,-0.06214627173434515,-0.5031629544050952
45,1561942800,140,274,134,414,26,-0.5040753151785774,-0.8943146935513662
45,1561957200,1,1,0,2,26,-1.1209346049861515,-1.2932120116906325
45,1561971600,838,1418,580,2256,26,1.5490533658227514,0.8891048695858395
45,1561986000,638,1348,710,1986,26,2.1474989454868156,0.6276915785722426
45,1562000400,727,886,159,1613,26,-0.3889896267816419,0.2665539580238291
45,1562014800,1147,1384,237,2531,26,-0.02992227898320322,1.1553591474700586
45,1562029200,187,244,57,431,27,-0.49040065990432224,-0.42487498116042327
45,1562043600,1,2,1,3,27,-0.8342710956241219,-0.9421470592891377
45,1562058000,1015,1413,398,2428,27,1.603524671889458,1.988658523566312
45,1562072400,761,1326,565,2087,27,2.6289954355538607,1.576532872533855
45,1562086800,728,1044,316,1772,27,1.1000001052997512,1.1958302916680954
45,1562101200,1170,1534,364,2704,27,1.3947461930595797,2.322226499182025
45,1562115600,190,326,136,516,27,-0.005297723799604826,-0.32214571330775804
45,1562130000,4,5,1,9,27,-0.8342710956241219,-0.9348955815583614
45,1562144400,848,1186,338,2034,27,1.2350920621896726,1.5124781525786637
45,1562158800,676,1111,435,1787,27,1.8307247812043257,1.2139589859950364
45,1562173200,1051,1344,293,2395,27,0.9587676049148336,1.948775396047042
45,1562187600,658,1166,508,1824,27,2.2789844563390647,1.2586764320014907
45,1562202000,166,329,163,495,27,0.16049695056529859,-0.34752588536547535
45,1562216400,2,2,0,4,27,-0.8404116391191183,-0.9409384796673417
45,1562230242,74,179,105,253,27,-0.19565457214449394,-0.6400021538401223
45,1562230323,3,0,-3,3,27,-0.8588332696041077,-0.9421470592891377
45,1562230403,1,2,1,3,27,-0.8342710956241219,-0.9421470592891377
45,1562230800,6,13,7,19,27,-0.7974278346541434,-0.9228097853404007
45,1562245200,204,441,237,645,27,0.6148971691950339,-0.16623894209606607
45,1562259600,229,388,159,617,27,0.1359347765853129,-0.20007917150635582
45,1562274000,221,241,20,462,27,-0.7176007692191899,-0.3874090128847454
45,1562288400,137,177,40,314,27,-0.5947898993192614,-0.5662787969105625
45,1562302800,2,1,-1,3,27,-0.8465521826141148,-0.9421470592891377
45,1562315423,288,501,213,789,27,0.4675241253151197,0.007796523442566805
45,1562315601,12,12,0,24,27,-0.8404116391191183,-0.9167668872314204
45,1562315681,9,14,5,23,27,-0.8097089216441362,-0.9179754668532165
45,1562315762,6,3,-3,9,27,-0.8588332696041077,-0.9348955815583614
45,1562317200,59,147,88,206,27,-0.3000438115594331,-0.6968053960645372
45,1562331600,368,620,252,988,27,0.7070053216199802,0.2483038681799831
45,1562346000,619,639,20,1258,27,-0.7176007692191899,0.5746203660649197
45,1562360400,427,563,136,990,27,-0.005297723799604826,0.2507210274235752
45,1562374800,154,209,55,363,27,-0.5026817468943151,-0.5070583954425555
45,1562389200,1,1,0,2,27,-0.8404116391191183,-0.9433556389109338
45,1562403600,100,150,50,250,27,-0.5333844643692972,-0.6436278927055105
45,1562418000,285,363,78,648,27,-0.36144924650939736,-0.1626132032306779
45,1562432400,347,408,61,755,27,-0.4658384859243365,-0.03329518369849929
45,1562446800,273,365,92,638,27,-0.27548163757944744,-0.1746989994486385
45,1562461200,127,185,58,312,27,-0.4842601164093258,-0.5686959561541547
45,1562475600,2,3,1,5,27,-0.8342710956241219,-0.9397299000455456
45,1562490000,55,133,78,188,27,-0.36144924650939736,-0.7185598292568663
45,1562504400,242,252,10,494,27,-0.7790062041691541,-0.3487344649872714
45,1562518800,332,346,14,678,27,-0.7544440301891684,-0.12635581457679604
45,1562533200,309,323,14,632,27,-0.7544440301891684,-0.1819504771794149
45,1562547600,128,136,8,264,27,-0.791287291159147,-0.6267077780003656
45,1562562000,1,1,0,2,27,-0.8404116391191183,-0.9433556389109338
45,1562574720,790,1114,324,1904,27,1.1491244532597227,1.3553628017451755
45,1562574801,25,16,-9,41,27,-0.8956765305740861,-0.8962210336608873
45,1562576400,349,578,229,927,27,0.5657728212350625,0.17458051125042331
45,1562590800,836,1432,596,2268,27,2.8193522838987497,1.795285784078942
45,1562605200,769,917,148,1686,27,0.06838879814035224,1.0918924441936342
45,1562619600,1218,1540,322,2758,27,1.13684336626973,2.3874897987590122
45,1562634000,181,224,43,405,28,-0.7592098409863042,-0.8097724184184809
45,1562648400,1,2,1,3,28,-0.9737060626867614,-1.1884440519144779
45,1562662800,1097,1501,404,2598,28,1.0844362550581013,1.2559661195335627
45,1562677200,733,1295,562,2028,28,1.8913506128836308,0.7190436541287908
45,1562691600,817,1105,288,1922,28,0.49201811893302916,0.6191949149482543
45,1562706000,1315,1562,247,2877,28,0.28262895013020195,1.5187755368106353
45,1562720400,183,395,212,578,28,0.10388209871315432,-0.6468117403219449
45,1562734800,2,2,0,4,28,-0.9788131155843913,-1.1875020826769258
45,1562749200,1150,1356,206,2506,28,0.07323978132737473,1.1693049496787575
45,1562763600,876,1468,592,2344,28,2.0445621998125287,1.016705933195296
45,1562778000,769,1088,319,1857,28,0.6503367587595571,0.5579669145073592
45,1562792400,1253,1643,390,2896,28,1.0129375144912822,1.5366729523241278
45,1562806800,194,418,224,612,28,0.1651667334847135,-0.614784786245169
45,1562821200,2,9,7,11,28,-0.9430637453009818,-1.1809082980140602
45,1562835600,1082,1559,477,2641,28,1.4572511165850865,1.2964707967483087
45,1562850000,794,1359,565,2153,28,1.9066717715765205,0.8367898088228197
45,1562864400,893,1269,376,2162,28,0.9414387739244632,0.8452675319607899
45,1562878800,1596,1631,35,3227,28,-0.8000662641673437,1.8484647699539163
45,1562893200,227,418,191,645,28,-0.00336601213707426,-0.5836998014059454
45,1562907600,1,1,0,2,28,-0.9788131155843913,-1.1893860211520302
45,1562922000,851,1309,458,2160,28,1.3602171115301178,0.8433835934856854
45,1562936400,705,1254,549,1959,28,1.8249589252144416,0.6540477767376869
45,1562950800,904,1197,293,2101,28,0.5175533834211788,0.7878074084701037
45,1562965200,1011,1172,161,2183,28,-0.1565775990659722,0.8650488859493867
45,1562979600,177,440,263,617,28,0.3643417964922809,-0.6100749400574078
45,1562994000,0,3,3,3,28,-0.9634919568915015,-1.1884440519144779
45,1563008400,131,229,98,360,28,-0.4783219316166579,-0.8521610341083313
45,1563022800,264,445,181,709,28,-0.05443654111337358,-0.5234137702026025
45,1563037200,405,451,46,856,28,-0.7438886822934144,-0.3849442922824245
45,1563051600,314,377,63,691,28,-0.6570687830337055,-0.5403692164785427
45,1563066000,84,178,94,262,28,-0.4987501432071777,-0.94447401938845
45,1563080400,0,3,3,3,28,-0.9634919568915015,-1.1884440519144779
45,1563094800,80,130,50,210,28,-0.7234604707028947,-0.993456419741166
45,1563109200,218,313,95,531,28,-0.4936430903095477,-0.6910842944868998
45,1563123600,353,343,-10,696,28,-1.0298836445606907,-0.5356593702907816
45,1563138000,335,306,-29,641,28,-1.1269176496156594,-0.5874676783561543
45,1563152400,118,150,32,268,28,-0.8153874228602335,-0.9388222039631366
45,1563166800,1,1,0,2,28,-0.9788131155843913,-1.1893860211520302
45,1563180701,1030,1343,313,2373,28,0.6196944413737775,1.0440230410843108
45,1563180782,29,52,23,81,28,-0.8613508989389028,-1.114970451385404
45,1563181200,96,130,34,226,28,-0.8051733170649736,-0.9783849119403304
45,1563195600,790,1332,542,2122,28,1.789209554931032,0.8075887624587006
45,1563210000,843,1023,180,1866,28,-0.059543594011003516,0.5664446376453293
45,1563224400,1701,1553,-148,3254,28,-1.734656944433621,1.8738979393678266
45,1563238800,205,267,62,472,29,-0.16629079157044752,-0.6799457167536288
45,1563253200,1,2,1,3,29,-0.4149896436478982,-1.073570304678104
45,1563267600,1138,1697,559,2835,29,1.8599932983064866,1.3032843499106246
45,1563279779,769,1312,543,2081,29,1.79476081251568,0.6704635838230888
45,1563282000,106,116,10,222,29,-0.3782963703905694,-0.8897669256685943
45,1563296400,967,1122,155,2089,29,0.21287303208861666,0.6771778625083678
45,1563310800,1303,1732,429,3035,29,1.329979351256182,1.471141317042597
45,1563325200,189,345,156,534,29,0.21695006245054207,-0.6279100569427174
45,1563339600,2,6,4,8,29,-0.40275855256212195,-1.0693738804998048
45,1563352744,939,1188,249,2127,29,0.5961138861096063,0.7090706862634425
45,1563352816,17,5,-12,22,29,-0.46799103835292866,-1.0576238928005666
45,1563354000,284,396,112,680,29,0.03756072652582355,-0.5053744709363776
45,1563368400,918,1566,648,2484,29,2.222849000517849,1.008695372594013
45,1563382800,1221,1103,-118,2324,29,-0.9001562567170233,0.8744097988884353
45,1563397200,1831,1613,-218,3444,29,-1.3078592929095656,1.8144088148274806
45,1563411600,241,414,173,655,29,0.2862595786032742,-0.5263565918278741
45,1563426000,3,2,-1,5,29,-0.42314370437174903,-1.0718917350067843
45,1563440400,1296,1656,360,2952,29,1.048664256283328,1.4014806756828284
45,1563454800,992,1652,660,2644,29,2.2717733648609544,1.142980946299591
45,1563469200,1251,1057,-194,2308,29,-1.2100105642233554,0.8609812415178775
45,1563483600,1862,1778,-84,3640,29,-0.761537224411559,1.9789086426168137
45,1563498000,242,380,138,622,29,0.14356351593588448,-0.5540529914046496
45,1563512400,1,1,0,2,29,-0.4190666740098236,-1.0744095895137638
45,1563526225,778,1158,380,1936,29,1.1302048635218362,0.5487672826524089
45,1563526305,8,8,0,16,29,-0.4190666740098236,-1.0626596018145258
45,1563526800,72,169,97,241,29,-0.02359472890305777,-0.8738205137910569
45,1563541200,714,1142,428,1856,29,1.3259023208942564,0.4816244957996199
45,1563555600,1631,1223,-408,2854,29,-2.0824950616753957,1.319230761788162
45,1563570000,1084,815,-269,1899,29,-1.5157878413677621,0.517713743732994
45,1563584400,170,272,102,442,29,-0.003209577093430663,-0.7051242618234247
45,1563598800,0,1,1,1,29,-0.4149896436478982,-1.0752488743494237
45,1563613200,128,216,88,344,29,-0.06028800216038656,-0.7873741757180911
45,1563627600,323,403,80,726,29,-0.09290424505578992,-0.4667673684960239
45,1563642000,328,437,109,765,29,0.025329635440047286,-0.4340352599052893
45,1563656400,279,332,53,611,29,-0.2029840648277763,-0.563285124596908
45,1563670800,116,179,63,295,29,-0.1622137612085221,-0.8284991326654243
45,1563685200,0,2,2,2,29,-0.4109126132859728,-1.0744095895137638
45,1563699600,58,115,57,173,29,-0.18667594338007462,-0.9308918826159275
45,1563714000,223,249,26,472,29,-0.31306388459976264,-0.6799457167536288
45,1563728400,307,332,25,639,29,-0.3171409149616881,-0.5397851491984319
45,1563742800,335,297,-38,632,29,-0.5739938277629896,-0.5456601430480509
45,1563757200,109,124,15,233,29,-0.3579112185809423,-0.8805347924763358
45,1563771600,0,3,3,3,29,-0.40683558292404737,-1.073570304678104
45,1563786000,1071,1458,387,2529,29,1.1587440760553143,1.046463190198707
45,1563800400,832,1375,543,2207,29,1.79476081251568,0.7762134731162315
45,1563814800,1176,1057,-119,2233,29,-0.9042332870789487,0.7980348788433879
45,1563829200,2195,1769,-426,3964,29,-2.155881608190053,2.250836929370609
45,1563843600,200,232,32,432,30,-0.41295631154060275,-0.6820843871885569
45,1563858000,2,1,-1,3,30,-0.5642305768215369,-1.0535826988817734
45,1563872400,1251,1777,526,3028,30,1.8515735990285316,1.5659566784421888
45,1563886800,829,1345,516,2174,30,1.8057329125797636,0.8264239087778371
45,1563901200,1207,1002,-205,2209,30,-1.499380580376402,0.8567326288460483
45,1563915600,1902,1461,-441,3363,30,-2.581220780567324,1.856054427666495
45,1563930000,214,311,97,525,30,-0.11499184962361139,-0.6015497881501674
45,1563944400,3,1,-2,4,30,-0.5688146454664136,-1.052716735451253
45,1563958800,1144,1550,406,2694,30,1.3014853616433169,1.2767248926484025
45,1563973200,961,1431,470,2392,30,1.5948657549154313,1.0152039366312664
45,1563987600,1162,1081,-81,2243,30,-0.93095606841168,0.8861753854837391
45,1564002000,1846,1714,-132,3560,30,-1.1647435693003962,2.026649223478998
45,1564016400,218,392,174,610,30,0.23798143603190144,-0.5279428965559403
45,1564030800,4,2,-2,6,30,-0.5688146454664136,-1.0509848085902123
45,1564045200,1126,1525,399,2651,30,1.2693968811291791,1.2394884651360287
45,1564059600,822,1303,481,2125,30,1.645290510009076,0.7839917006823416
45,1564074000,1006,1155,149,2161,30,0.1233797199099817,0.815166384181073
45,1564088400,1789,1704,-85,3493,30,-0.9492923429911871,1.9686296736341364
45,1564102800,211,332,121,543,30,-0.004974202146568426,-0.5859624464008016
45,1564117200,2,4,2,6,30,-0.5504783708869064,-1.0509848085902123
45,1564131600,835,1217,382,2052,30,1.1914677141662737,0.7207763702543584
45,1564146000,647,1168,521,1815,30,1.8286532558041477,0.515543037221043
45,1564160400,946,1216,270,2162,30,0.6780520259400733,0.8160323476115933
45,1564174800,1256,1138,-118,2394,30,-1.1005666082721213,1.0169358634923071
45,1564174804,0,25,25,25,30,-0.4450447920547403,-1.0345315034103264
45,1564189200,176,351,175,527,30,0.24256550467677823,-0.5998178612891267
45,1564189204,0,0,0,0,30,-0.5596465081766601,-1.0561805891733342
45,1564203600,0,2,2,2,30,-0.5504783708869064,-1.0544486623122937
45,1564203604,0,1,1,1,30,-0.5550624395317832,-1.0553146257428139
45,1564218000,118,195,77,313,30,-0.2066732225211472,-0.7851340354204748
45,1564218004,0,0,0,0,30,-0.5596465081766601,-1.0561805891733342
45,1564232400,290,440,150,730,30,0.1279637885548585,-0.4240272848935021
45,1564246800,359,438,79,797,30,-0.19750508523139362,-0.3660077350486408
45,1564261200,323,343,20,666,30,-0.46796513527912426,-0.47944894444680247
45,1564275600,135,207,72,342,30,-0.22959356574553114,-0.7600210959353855
45,1564290000,0,2,2,2,30,-0.5504783708869064,-1.0544486623122937
45,1564304400,51,89,38,140,30,-0.385451899671342,-0.9349457089004898
45,1564318800,215,316,101,531,30,-0.09665557504410423,-0.5963540075670454
45,1564318802,1,0,-1,1,30,-0.5642305768215369,-1.0553146257428139
45,1564333200,316,342,26,658,30,-0.4404607234098635,-0.486376651890965
45,1564347600,352,301,-51,653,30,-0.7934340090653763,-0.49070646904356663
45,1564362000,127,140,13,267,30,-0.5000536157932618,-0.8249683532244093
45,1564376400,3,1,-2,4,30,-0.5688146454664136,-1.052716735451253
45,1564390800,1007,1398,391,2405,30,1.2327243319701648,1.0264614612280305
45,1564405200,779,1395,616,2174,30,2.2641397770674425,0.8264239087778371
45,1564419600,730,916,186,1646,30,0.2929902597704229,0.3691952174631092
45,1564434000,1228,1567,339,2795,30,0.9943527624365718,1.3641871991309547
45,1564448400,175,281,106,456,31,-0.2933684124354378,-0.9540882597864148
45,1564462800,5,6,1,11,31,-0.7541072652987856,-1.3577534454210065
45,1564475980,845,1136,291,1981,31,0.5184095664190321,0.42925872469168075
45,1564476061,20,41,21,61,31,-0.6663474838010051,-1.3123978065856592
45,1564477200,237,352,115,589,31,-0.2538765107614366,-0.8334422604843907
45,1564491600,858,1410,552,2268,31,1.663674714965068,0.6896000916065748
45,1564506000,800,1120,320,1920,31,0.645661249590814,0.37392484531255693
45,1564520400,1536,1831,295,3367,31,0.5359615227185882,1.6865170332075106
45,1564534800,225,343,118,568,31,-0.2407125435367695,-0.8524916287952365
45,1564549200,268,38,-230,306,31,-1.767732741598151,-1.0901551762924568
45,1564563600,1177,1457,280,2634,31,0.47014168659525285,1.0216033678813177
45,1564578000,818,1382,564,2200,31,1.7163305838637364,0.6279164227905023
45,1564592400,1177,1460,283,2637,31,0.4833056538199199,1.0243247062114385
45,1564606800,1743,1743,0,3486,31,-0.7584952543736746,1.7944634536356372
45,1564621200,218,347,129,565,31,-0.19244466371299018,-0.8552129671253574
45,1564635600,5,8,3,13,31,-0.7453312871490075,-1.3559392198675926
45,1564650000,1074,1459,385,2533,31,0.9308805394586006,0.929984977433916
45,1564664400,810,1421,611,2231,31,1.9225660703835206,0.6560369188684178
45,1564678800,1134,1075,-59,2209,31,-1.0173866097921271,0.6360804377808649
45,1564693200,1551,1568,17,3119,31,-0.6838994401005611,1.4615530645841874
45,1564707600,212,437,225,649,31,0.22880228747635636,-0.7790154938819738
45,1564722000,8,7,-1,15,31,-0.7628832434485636,-1.3541249943141787
45,1564736400,774,1236,462,2010,31,1.2687556982250556,0.4555649952161822
45,1564750800,581,1122,541,1703,31,1.6154068351412887,0.17708137276714925
45,1564761511,953,766,-187,1719,31,-1.5790492113779229,0.1915951771944604
45,1564761936,58,20,-38,78,31,-0.9252388392194577,-1.2969768893816411
45,1564765200,407,362,-45,769,31,-0.9559547627436809,-0.6701619606771401
45,1564779600,1020,1101,81,2121,31,-0.4030681393076635,0.5562545134306535
45,1565398800,8469,2327,-6142,10796,32,-4.106983685284409,3.90577728499205
45,1565413200,3,4,1,7,32,0.1665766363356904,-0.5627212970070905
45,1565427600,121,230,109,351,32,0.2417100426086793,-0.4202462286775229
45,1565442000,276,434,158,710,32,0.27579834730660946,-0.2715585846940498
45,1565456400,346,373,27,719,32,0.18466430821622476,-0.2678310393017065
45,1565470800,299,383,84,682,32,0.22431805041585778,-0.2831553925813402
45,1565485200,124,243,119,367,32,0.2486668394858079,-0.41361948131335696
45,1565499600,1,21,20,22,32,0.17979455040223474,-0.5565087213531849
45,1565514000,79,104,25,183,32,0.18327294884079906,-0.4898270760012652
45,1565528400,225,313,88,538,32,0.22710076916670924,-0.3427961188588336
45,1565542800,346,358,12,704,32,0.17422911290053186,-0.274043614955612
45,1565557200,325,322,-3,647,32,0.16379391758483897,-0.2976514024404532
45,1565571600,139,143,4,282,32,0.16866367539882898,-0.4488240766854885
45,1565586000,2,7,5,9,32,0.16935935508654185,-0.5618929535865698
45,1565600400,1041,1359,318,2400,32,0.38710709734066706,0.42839160564597684
45,1565614800,718,1217,499,1935,32,0.5130251208166947,0.23580176037490438
45,1565629200,727,920,193,1647,32,0.30014713637655954,0.11652030781991761
45,1565643600,1196,1387,191,2583,32,0.2987557770011338,0.5041850286236247
45,1565658000,192,287,95,479,33,-0.5402068009464234,-0.6785972979831666
45,1565672400,6,12,6,18,33,-1.066100879164806,-1.166079150835192
45,1565686800,1020,1531,511,2551,33,1.9179048455574768,1.5124274289352646
45,1565701200,830,1368,538,2198,33,2.0774457456911435,1.1391495676407635
45,1565715600,829,970,141,1799,33,-0.2683963784964728,0.7172292654976872
45,1565730000,1177,1521,344,2698,33,0.931114833619613,1.6678717507774505
45,1565744400,187,309,122,496,33,-0.38066590081275675,-0.6606207437565192
45,1565758800,3,13,10,16,33,-1.0424651902561144,-1.1681940395677388
45,1565770883,629,880,251,1509,33,0.3815850664925392,0.4105703992784087
45,1565773200,336,633,297,969,33,0.6533954889424898,-0.1604495585092133
45,1565787600,801,1390,589,2191,33,2.378800779276958,1.1317474570768498
45,1565802000,843,1081,238,1924,33,0.30476907753929233,0.849409811281859
45,1565816400,1246,1413,167,2659,33,-0.11476440058997907,1.626631420492789
45,1565830800,210,341,131,551,33,-0.3274856007682012,-0.6024613036114836
45,1565845200,4,18,14,22,33,-1.0188295013474231,-1.1618493733700985
45,1565859600,952,1386,434,2338,33,1.4629178340651683,1.287191778919036
45,1565874000,842,1346,504,2188,33,1.8765423899672669,1.1285751239780297
45,1565888400,790,1067,277,1857,33,0.535217044399033,0.7785610387415429
45,1565902800,1216,1399,183,2615,33,-0.02022164495521368,1.5801038683767605
45,1565917200,179,402,223,581,33,0.2161352441316998,-0.5707379726232824
45,1565931600,3,13,10,16,33,-1.0424651902561144,-1.1681940395677388
45,1565946000,774,1127,353,1901,33,0.9842951336641685,0.8250885908575714
45,1565960400,626,1119,493,1745,33,1.8115442454683657,0.660127269718925
45,1565974800,884,1168,284,2052,33,0.5765794999892428,0.9847626901648509
45,1565989200,778,1042,264,1820,33,0.45840105544578613,0.7394355971894281
45,1566003600,181,332,151,513,33,-0.20930715622474447,-0.6426441895298719
45,1566018000,6,15,9,21,33,-1.0483741124832873,-1.162906817736372
45,1566030085,76,111,35,187,33,-0.8947421345767935,-0.9873710529349918
45,1566032400,38,46,8,84,33,-1.0542830347104601,-1.0962878226611494
45,1566039244,66,154,88,220,33,-0.5815692565366332,-0.9524753888479706
45,1566046800,149,190,41,339,33,-0.8592886012137565,-0.826639509261439
45,1566061200,297,456,159,753,33,-0.16203577840736177,-0.3888575416242621
45,1566075600,234,439,205,673,33,0.10977464404258873,-0.473453090926132
45,1566090000,80,141,61,221,33,-0.7411101566702998,-0.9514179444816971
45,1566104400,2,15,13,17,33,-1.024738423574596,-1.1671365952014654
45,1566118800,52,69,17,121,33,-1.0011027346659045,-1.0571623811090345
45,1566133200,193,174,-19,367,33,-1.2138239348441267,-0.7970310670057845
45,1566147600,257,291,34,548,33,-0.9006510568039664,-0.6056336367103038
45,1566162000,320,311,-9,631,33,-1.1547347125723983,-0.5178657543096138
45,1566176400,89,117,28,206,33,-0.9361045901670034,-0.9672796099757978
45,1566190800,2,6,4,8,33,-1.0779187236191514,-1.1766535944979257
45,1566205200,1036,1232,196,2268,33,0.0565943439980332,1.2131706732798997
45,1566219600,826,1049,223,1875,33,0.2161352441316998,0.7975950373344636
45,1566234000,634,999,365,1633,33,1.0552022003902426,0.5416935006963071
45,1566248400,1127,1428,301,2555,33,0.677031177851181,1.516657206400358
45,1566262800,177,237,60,414,34,-0.711591332987487,-0.744160728272928
45,1566277200,2,3,1,5,34,-1.0083228335040757,-1.1381005348331683
45,1566291600,1023,1285,262,2308,34,0.3043368552218505,1.080098424844664
45,1566306000,726,1137,411,1863,34,1.0537096277128963,0.6514842098830333
45,1566320400,829,1047,218,1876,34,0.08304556670100471,0.6640055240279799
45,1566334800,1193,1526,333,2719,34,0.6614205253350335,1.4759645874272038
45,1566349200,183,359,176,542,34,-0.12818702688707537,-0.6208739428457624
45,1566363600,3,1,-2,4,34,-1.023410875903224,-1.1390637128443182
45,1566378000,928,1245,317,2173,34,0.5809509658729077,0.9500693933394502
45,1566392400,865,1134,269,1999,34,0.3395422874865305,0.7824764193993968
45,1566406800,778,1052,274,1830,34,0.3646890248184448,0.6196993355150922
45,1566421200,1176,1634,458,2810,34,1.2900889586328907,1.5636137864418294
45,1566435600,197,366,169,563,34,-0.16339245915175538,-0.600647204611618
45,1566450000,2,4,2,6,34,-1.0032934860376927,-1.1371373568220187
45,1566464400,980,1172,192,2152,34,-0.04771746742494962,0.9298426551053058
45,1566478800,790,1074,284,1864,34,0.4149824994822734,0.6524473878941831
45,1566493200,816,1043,227,1859,34,0.12830969389845043,0.6476314978384344
45,1566507600,1107,1542,435,2649,34,1.1744139669060851,1.4085421266467226
45,1566522000,216,455,239,671,34,0.18866186349504474,-0.496623979407447
45,1566536400,2,3,1,5,34,-1.0083228335040757,-1.1381005348331683
45,1566550800,813,1073,260,1886,34,0.29427816028908477,0.6736373041394772
45,1566565200,704,1037,333,1741,34,0.6614205253350335,0.533976492522766
45,1566579600,811,1341,530,2152,34,1.6522019762124567,0.9298426551053058
45,1566594000,765,1167,402,1932,34,1.0084455005154507,0.7179434926523648
45,1566608400,162,303,141,465,34,-0.3042141882104754,-0.6950386497042917
45,1566622800,2,1,-1,3,34,-1.0183815284368414,-1.1400268908554678
45,1566637200,92,114,22,206,34,-0.9027065367100356,-0.9445017545920723
45,1566651600,208,291,83,499,34,-0.5959163412606812,-0.6622905973252009
45,1566666000,276,302,26,578,34,-0.8825891468445042,-0.586199534444372
45,1566680400,213,310,97,523,34,-0.5255054767313212,-0.6391743250576073
45,1566694800,81,241,160,322,34,-0.2086565863492011,-0.8327731052987034
45,1566709200,5,18,13,23,34,-0.9479706639074813,-1.1207633306324731
45,1566723600,50,81,31,131,34,-0.8574424095125899,-1.016740105428302
45,1566738000,176,162,-14,338,34,-1.0837630454998186,-0.8173622571203076
45,1566752400,220,236,16,456,34,-0.9328826215083328,-0.7037072518046393
45,1566766800,247,302,55,549,34,-0.7367380703194013,-0.6141316967677143
45,1566781200,86,142,56,228,34,-0.7317087228530184,-0.9233118383467782
45,1566795600,2,2,0,4,34,-1.0133521809704584,-1.1390637128443182
45,1566824400,1512,2470,958,3982,34,3.8047626918243203,2.692458415509315
45,1566838800,748,974,226,1722,34,0.12328034643206758,0.5156761103109211
45,1566853200,1029,1570,541,2599,34,1.707524798342668,1.360383226089236
45,1566867600,170,266,96,436,35,-0.5766915108356712,-0.6458983235478725
45,1566882000,3,4,1,7,35,-1.1249400522305553,-1.138753784255346
45,1566896400,964,1158,194,2122,35,-0.011129857607264492,1.2910581024493302
45,1566910800,723,1057,334,1780,35,0.7968153612904594,0.8981523505566593
45,1566925200,720,1073,353,1793,35,0.9064650695694362,0.9130873645174918
45,1566939600,1028,1615,587,2643,35,2.256887792584203,1.8896075081103876
45,1566954000,174,291,117,465,35,-0.4554997280010126,-0.6125817539429383
45,1566968400,2,3,1,5,35,-1.1249400522305553,-1.1410514787108585
45,1566982800,911,1090,179,2001,35,-0.09769541677487777,1.1520475878908123
45,1566997200,740,1142,402,1882,35,1.1892458961836394,1.0153347677878068
45,1567011600,830,1267,437,2097,35,1.3912322009080704,1.2623369217554214
45,1567026000,1126,1823,697,2949,35,2.8917018931467005,2.24115475980383
45,1567040400,174,342,168,516,35,-0.1611768268311275,-0.5539905453273647
45,1567054800,2,1,-1,3,35,-1.136482126786237,-1.1433491731663712
45,1567069200,926,1071,145,1997,35,-0.2939106842214678,1.1474521989797868
45,1567083600,731,990,259,1721,35,0.363987565452393,0.8303703641190348
45,1567098000,784,1105,321,1889,35,0.7217918766785278,1.0233766983821013
45,1567112400,1176,1577,401,2753,35,1.1834748589057986,2.015980703163586
45,1567126800,196,397,201,593,35,0.0292674033376217,-0.46552930879012583
45,1567141200,5,4,-1,9,35,-1.136482126786237,-1.136456089799833
45,1567155600,626,944,318,1570,35,0.7044787648450052,0.6568944327278262
45,1567170000,585,896,311,1481,35,0.664081503900119,0.5546470294575112
45,1567184400,844,1339,495,2183,35,1.7259523630228417,1.3611377833424674
45,1567198800,529,975,446,1504,35,1.4431715364086384,0.5810705156959073
45,1567213200,151,344,193,495,35,-0.016900894885105378,-0.5781163371102479
45,1567227600,2,4,2,6,35,-1.1191690149527143,-1.1399026314831022
45,1567242000,68,228,160,296,35,-0.20734512505385458,-0.8067369354337612
45,1567256400,244,468,224,712,35,0.16200126072796206,-0.32881648868712043
45,1567270800,265,419,154,684,35,-0.24197134872089987,-0.3609842110642982
45,1567285200,238,404,166,642,35,-0.17271890138680926,-0.40923579463006476
45,1567299600,114,187,73,301,35,-0.7094253682260115,-0.8009926992949795
45,1567314000,0,2,2,2,35,-1.1191690149527143,-1.1444980203941275
45,1567328400,39,109,70,148,35,-0.7267384800595342,-0.9767663251417007
45,1567342800,180,413,233,593,35,0.21394059622853,-0.46552930879012583
45,1567357200,263,447,184,710,35,-0.06884023038567334,-0.33111418314263313
45,1567371600,267,342,75,609,35,-0.6978832936703298,-0.4471477531460243
45,1567386000,104,182,78,286,35,-0.6805701818368071,-0.8182254077113247
45,1567400400,1,0,-1,1,35,-1.136482126786237,-1.1456468676218838
45,1567414800,61,118,57,179,35,-0.8017619646714657,-0.9411520610812539
45,1567429200,199,338,139,537,35,-0.32853690788851314,-0.5298647535444814
45,1567443600,370,377,7,747,35,-1.09031382856351,-0.2886068357156482
45,1567458000,313,265,-48,578,35,-1.4077208788447586,-0.48276201720647105
45,1567472400,103,104,1,207,36,-1.2962651760274946,-1.0434612150236675
45,1567486800,3,3,0,6,36,-1.302480855602007,-1.2471587425350514
45,1567501200,949,1244,295,2193,36,0.5311446188791733,0.9691919672529923
45,1567515600,745,1051,306,1796,36,0.5995170941988105,0.5668640149046369
45,1567530000,722,1045,323,1767,36,0.7051836469655226,0.5374748193930442
45,1567544400,1133,1559,426,2692,36,1.3453986431403075,1.4748888141593635
45,1567558800,174,306,132,480,36,-0.4820111517663603,-0.7667974090007429
45,1567573200,1,2,1,3,36,-1.2962651760274946,-1.2501990041396989
45,1567587600,1065,1244,179,2309,36,-0.18987421176427388,1.0867487492993633
45,1567602000,768,1146,378,1914,36,1.0470460235637087,0.6864476380207728
45,1567616400,751,1125,374,1876,36,1.0221833052656588,0.6479376576952375
45,1567630800,1152,1803,651,2955,36,2.7439265474056147,1.741418414833463
45,1567645200,183,325,142,508,36,-0.4198543560212355,-0.7384216340240327
45,1567659600,3,2,-1,5,36,-1.3086965351765196,-1.248172163069934
45,1567674000,1040,1201,161,2241,36,-0.30175644410549846,1.0178361529273527
45,1567688400,796,1158,362,1954,36,0.9475951503715092,0.726984459416073
45,1567702800,754,1196,442,1950,36,1.4448495163325072,0.722930777276543
45,1567717200,1191,1638,447,2829,36,1.4759279142050696,1.6137274274382671
45,1567731600,188,331,143,519,36,-0.41363867644672303,-0.7272740081403252
45,1567746000,1,1,0,2,36,-1.302480855602007,-1.2512124246745815
45,1567760400,910,1117,207,2027,36,-0.015835183677924573,0.8009641584624961
45,1567774800,759,1029,270,1788,36,0.3757526295163614,0.5587566506255768
45,1567789200,990,1432,442,2422,36,1.4448495163325072,1.2012652697410866
45,1567803600,1200,1538,338,2738,36,0.7984188405832098,1.521506158763959
45,1567818000,173,414,241,587,36,0.1954979218554996,-0.6583614117683146
45,1567832400,2,2,0,4,36,-1.302480855602007,-1.2491855836048165
45,1567846800,109,226,117,335,36,-0.5752463453840474,-0.9137433865587065
45,1567861200,257,618,361,875,36,0.9413794707969967,-0.3664962977221525
45,1567875600,333,498,165,831,36,-0.27689372580744853,-0.4110868012569828
45,1567890000,283,513,230,796,36,0.12712544653586236,-0.44655651997787055
45,1567904400,110,206,96,316,36,-0.7057756164488094,-0.9329983767214741
45,1567918800,1,2,1,3,36,-1.2962651760274946,-1.2501990041396989
45,1567933200,52,134,82,186,36,-0.792795130491984,-1.0647430462562002
45,1567947600,224,333,109,557,36,-0.6249717819801472,-0.6887640278147898
45,1567962000,280,468,188,748,36,-0.13393309559366162,-0.4952007056522309
45,1567976400,307,347,40,654,36,-1.053853672621508,-0.5904622359311866
45,1567990800,94,119,25,213,36,-1.1470888662391951,-1.0373806918143724
45,1568005200,3,0,-3,3,36,-1.3211278943255444,-1.2501990041396989
45,1568019600,994,1272,278,2266,36,0.4254780661124612,1.0431716662994153
45,1568034000,811,971,160,1782,36,-0.3079721236800109,0.5526761274162818
45,1568048400,734,1100,366,1834,36,0.9724578686695591,0.6053739952301721
45,1568062800,1221,1547,326,2768,36,0.7238306856890601,1.551908774810434
45,1568077200,171,284,113,455,37,-0.4013047244539833,-0.7852279470677096
45,1568091600,2,2,0,4,37,-1.121637068791591,-1.215407488226615
45,1568106000,1124,1349,225,2473,37,0.3126529973673626,1.1396108867652641
45,1568120400,875,1148,273,2023,37,0.6186348781479394,0.7103851805091501
45,1568134800,812,1193,381,2005,37,1.307094109904237,0.6932161522589055
45,1568149200,1162,1619,457,2781,37,1.7915654211401504,1.4333920368250044
45,1568163600,174,351,177,525,37,0.006671116586785764,-0.718459503872314
45,1568178000,2,2,0,4,37,-1.121637068791591,-1.215407488226615
45,1568192400,1032,1234,202,2266,37,0.16603667949333617,0.9421670618874517
45,1568206800,817,1142,325,1959,37,0.9501152489935641,0.6493397467305028
45,1568221200,819,1213,394,2032,37,1.3899642026156434,0.7189696946342724
45,1568235600,1584,1758,174,3342,37,-0.012452750962000285,1.96849341729096
45,1568250000,193,316,123,509,37,-0.3375584992913631,-0.7337208623169759
45,1568264400,3,3,0,6,37,-1.121637068791591,-1.2134998184210324
45,1568278800,1004,1288,284,2292,37,0.6887557258268215,0.9669667693600271
45,1568293200,905,1176,271,2081,37,0.6058856331154153,0.7657076048710493
45,1568307600,1405,1292,-113,2697,37,-1.841969413129199,1.35326990499053
45,1568322000,1715,1636,-79,3351,37,-1.6252322475762904,1.9770779314160822
45,1568336400,214,443,229,657,37,0.33815148743241064,-0.5925532967038539
45,1568350800,2,3,1,5,37,-1.1152624462753291,-1.2144536533238237
45,1568365200,896,1085,189,1981,37,0.08316658678192997,0.6703241145919128
45,1568379600,696,1023,327,1719,37,0.9628644940260882,0.4204193700605752
45,1568394000,868,1293,425,2161,37,1.5875775006197659,0.8420143970943584
45,1568408400,963,1464,501,2427,37,2.0720488118556792,1.0957344812368615
45,1568422800,177,403,226,580,37,0.31902761988362455,-0.665998584218789
45,1568437200,0,1,1,1,37,-1.1152624462753291,-1.218268992934989
45,1568451001,111,246,135,357,37,-0.2610630290962189,-0.8787037675412633
45,1568451600,8,23,15,31,37,-1.0260177310476608,-1.1896539458512483
45,1568466000,279,470,191,749,37,0.095915831814454,-0.5048004856470484
45,1568480400,378,534,156,912,37,-0.12719595625471658,-0.34932539649205596
45,1568494800,341,494,153,835,37,-0.14631982380350264,-0.4227706840069911
45,1568509200,120,254,134,374,37,-0.26743765161248095,-0.8624885741938101
45,1568523600,1,1,0,2,37,-1.121637068791591,-1.2173151580321977
45,1568538000,63,123,60,186,37,-0.7391597178158702,-1.0418095359185866
45,1568552400,265,310,45,575,37,-0.8347790555598004,-0.6707677587327459
45,1568566800,345,369,24,714,37,-0.9686461284013027,-0.5381847072447462
45,1568581200,298,432,134,730,37,-0.26743765161248095,-0.5229233488000844
45,1568595600,98,148,50,246,37,-0.8029059429784903,-0.9845794417511048
45,1568610000,2,0,-2,2,37,-1.1343863138241153,-1.2173151580321977
45,1568624400,1053,1239,186,2292,37,0.0640427192331439,0.9669667693600271
45,1568638800,802,1074,272,1876,37,0.6122602556316773,0.5701714497988195
45,1568653200,752,1183,431,1935,37,1.625825235717338,0.62644770906351
45,1568667600,1168,1644,476,2812,37,1.9126832489491288,1.4629609188115367
45,1568682000,180,311,131,491,38,-0.3625180544343744,-0.836948465202788
45,1568696400,3,8,5,11,38,-0.9789851315766331,-1.3213559370243373
45,1568710800,1052,1239,187,2291,38,-0.08853268681559275,0.9795795541280221
45,1568725200,772,1169,397,1941,38,0.9389124417548385,0.6263657725914756
45,1568739600,768,1108,340,1876,38,0.6600344782857214,0.5607689274489742
45,1568754000,1143,1697,554,2840,38,1.7070499902574943,1.5336206000239192
45,1568768400,173,383,210,556,38,0.023997017742121148,-0.7713516200602865
45,1568782800,2,1,-1,3,38,-1.0083407066786454,-1.3294293948880298
45,1568797200,1043,1240,197,2283,38,-0.039606728312238874,0.9715060962643296
45,1568811600,831,1165,334,1996,38,0.6306789031837091,0.6818707954043616
45,1568826000,798,1252,454,2050,38,1.2177904052239554,0.7363666359842859
45,1568840400,1148,1737,589,2885,38,1.8782908450192328,1.5790338005071893
45,1568854800,200,444,244,644,38,0.1903452766535243,-0.6825435835596692
45,1568869200,1,3,2,4,38,-0.9936629191276393,-1.3284202126550682
45,1568883600,1035,1225,190,2260,38,-0.07385489926458659,0.9482949049062137
45,1568898000,829,1189,360,2018,38,0.7578863952924292,0.7040728045295159
45,1568912400,819,1247,428,2066,38,1.0905829131152354,0.7525135517116708
45,1568926800,1070,1708,638,2778,38,2.1180280416856667,1.4710513015803024
45,1568941200,175,411,236,586,38,0.1512045098508412,-0.7410761530714397
45,1568955600,2,2,0,4,38,-1.00344811082831,-1.3284202126550682
45,1568970000,938,1072,134,2010,38,-0.3478402668833682,0.6959993466658234
45,1568984400,771,998,227,1769,38,0.10717114719782272,0.45278642852208717
45,1568998800,783,1170,387,1953,38,0.8899864832514846,0.6384759593870144
45,1569013200,933,1162,229,2095,38,0.1169563388984935,0.7817798364675561
45,1569027600,229,380,151,609,38,-0.26466613742766665,-0.7178649617133237
45,1569042000,1,1,0,2,38,-1.00344811082831,-1.3304385771209915
45,1569056400,157,262,105,419,38,-0.48972554654309447,-0.9096095859760204
45,1569070800,492,521,29,1013,38,-0.8615628311685838,-0.31015533959685304
45,1569085200,466,520,54,986,38,-0.7392479349101991,-0.3374032598868152
45,1569099600,495,449,-46,944,38,-1.2285075199437379,-0.37978891367120077
45,1569114000,218,206,-12,424,38,-1.0621592610323347,-0.9045636748112126
45,1569128400,0,1,1,1,38,-0.9985555149779747,-1.3314477593539529
45,1569142800,94,125,31,219,38,-0.8517776394679131,-1.1114460325683326
45,1569157200,358,331,-27,689,38,-1.1355481987873655,-0.6371303830763988
45,1569171600,517,492,-25,1009,38,-1.1257630070866946,-0.3141920685286993
45,1569186000,456,456,0,912,38,-1.00344811082831,-0.4120827451259707
45,1569200400,154,146,-8,300,38,-1.042588877630993,-1.029702271698446
45,1569214800,0,1,1,1,38,-0.9985555149779747,-1.3314477593539529
45,1569229200,1035,1657,622,2692,38,2.0397465080803006,1.384261629545608
45,1569243600,1046,1315,269,2361,38,0.31266017291190895,1.0502223104353314
45,1569258000,871,1378,507,2249,38,1.4770979852917312,0.9371939003436365
45,1569272400,1362,1852,490,3214,38,1.3939238558360296,1.911054755151543
45,1569286800,215,297,82,512,39,-0.7825386141888101,-0.7970099228373158
45,1569301200,2,1,-1,3,39,-1.2213241392108773,-1.324925589155399
45,1569315600,986,1321,335,2307,39,0.5549642512399009,1.0646966018011115
45,1569330000,808,1283,475,2091,39,1.2950844139277253,0.8406695213989386
45,1569344400,829,1104,275,1933,39,0.23776989580226196,0.6767978607343862
45,1569358800,1150,1825,675,2975,39,2.3523989320531884,1.7575210911930164
45,1569373200,634,501,-133,1135,39,-1.9191517211736833,-0.1508577418625302
45,1569387600,2,2,0,4,39,-1.21603756662025,-1.3238884267461297
45,1569402000,1073,1256,183,2329,39,-0.24859478253545117,1.0875141748050363
45,1569416400,888,1273,385,2161,39,0.8192928807712668,0.9132708900477908
45,1569430800,842,1223,381,2065,39,0.7981465904087575,0.8137032987579362
45,1569445200,1188,1651,463,2839,39,1.2316455428401976,1.616467003532389
45,1569459600,196,382,186,578,39,-0.23273506476356923,-0.7285572038255408
45,1569474000,2,3,1,5,39,-1.2107509940296228,-1.3228512643368604
45,1569488400,1039,1439,400,2478,39,0.8985914696306765,1.242051373786165
45,1569502800,841,1543,702,2384,39,2.495136392000126,1.144558107314849
45,1569517200,836,1217,381,2053,39,0.7981465904087575,0.8012573498467044
45,1569531600,1326,1618,292,2944,39,0.32764162984292633,1.7253690565056674
45,1569546000,198,446,248,644,39,0.09503243585532441,-0.6601044848137657
45,1569560400,1,2,1,3,39,-1.2107509940296228,-1.324925589155399
45,1569574800,863,1096,233,1959,39,0.015733846995914662,0.7037640833753884
45,1569589200,660,1173,513,1833,39,1.4959741723715634,0.5730816198074543
45,1569603600,853,1349,496,2202,39,1.4061024383308989,0.9557945488278329
45,1569618000,1002,1228,226,2230,39,-0.021272161138476554,0.9848350962873739
45,1569632400,178,427,249,605,39,0.10031900844595172,-0.7005538187752691
45,1569646800,2,2,0,4,39,-1.21603756662025,-1.3238884267461297
45,1569661200,104,241,137,345,39,-0.4917771217043077,-0.970216045185292
45,1569675600,318,512,194,830,39,-0.19044248403855069,-0.46719227668967245
45,1569690000,343,637,294,980,39,0.33821477502418096,-0.31161791529927463
45,1569704400,370,459,89,829,39,-0.745532606054419,-0.46822943909894177
45,1569718800,119,245,126,364,39,-0.5499294202012082,-0.9505099594091749
45,1569733200,0,0,0,0,39,-1.21603756662025,-1.328037076383207
45,1569747600,60,137,77,197,39,-0.8089714771419467,-1.1237160817571512
45,1569762000,225,380,155,605,39,-0.39661881507301605,-0.7005538187752691
45,1569776400,302,480,178,782,39,-0.27502764548858777,-0.5169760723345997
45,1569790800,317,388,71,705,39,-0.8406909126857106,-0.5968375778483372
45,1569805200,121,160,39,281,39,-1.0098612355857848,-1.0365944393785285
45,1569819600,0,7,7,7,39,-1.1790315584858588,-1.3207769395183218
45,1569834000,820,1117,297,1937,39,0.3540744927960629,0.6809465103714635
45,1569848400,713,944,231,1657,39,0.005160701814660028,0.3905410357760542
45,1569862800,663,1012,349,1675,39,0.6289762675086834,0.4092099591429019
45,1569877200,970,1339,369,2309,39,0.7347077193212297,1.0667709266196501
45,1569891600,156,239,83,395,40,-1.0032888589438387,-0.9211544020513257
45,1569906000,1,4,3,5,40,-1.5162302110514618,-1.3141457315715819
45,1569920400,918,1211,293,2129,40,0.34318219033867153,0.8261455092002749
45,1569934800,715,1074,359,1789,40,0.7663588058274605,0.48353768346466686
45,1569949200,738,1043,305,1781,40,0.42012339315481495,0.47547632285912317
45,1569963600,1170,1454,284,2624,40,0.28547628822656396,1.3249421966682924
45,1569978000,159,298,139,457,40,-0.6442299124685027,-0.8586788573583619
45,1569992400,2,2,0,4,40,-1.5354655117554976,-1.3151534016472748
45,1570006800,983,1281,298,2264,40,0.37524102484539795,0.962180969418825
45,1570021200,777,1181,404,1958,40,1.0548883163879983,0.6538339262567779
45,1570035600,800,1238,438,2038,40,1.272888391033738,0.734447532312215
45,1570050000,1339,1692,353,3031,40,0.7278882044193887,1.7350639174753288
45,1570064400,165,435,270,600,40,0.1957115516077299,-0.714582036534268
45,1570078800,1,5,4,6,40,-1.5098184441501163,-1.313138061495889
45,1570093200,1254,1497,243,2751,40,0.02259384527140717,1.4529162962812987
45,1570107600,898,1473,575,2371,40,2.1513004565180425,1.0700016675179722
45,1570122000,876,1388,512,2264,40,1.7473591417332894,0.962180969418825
45,1570136400,1366,1730,364,3096,40,0.7984176403341869,1.8005624723953715
45,1570150800,207,546,339,753,40,0.6381234678005547,-0.5604085149532444
45,1570165200,1,2,1,3,40,-1.5290537448541524,-1.3161610717229677
45,1570179600,879,1249,370,2128,40,0.8368882417422586,0.8251378391245818
45,1570194000,683,1095,412,1778,40,1.1061824515987606,0.47245331263204426
45,1570208400,860,1312,452,2172,40,1.3626531276525722,0.8694753224550723
45,1570222800,1027,1393,366,2420,40,0.8112411741368775,1.1193775012269276
45,1570237200,148,486,338,634,40,0.6317117008992095,-0.6803212539607072
45,1570251600,1,2,1,3,40,-1.5290537448541524,-1.3161610717229677
45,1570266000,128,290,162,418,40,-0.49675927373756107,-0.8979779903103875
45,1570280400,353,475,122,828,40,-0.7532299497913726,-0.4848332592762721
45,1570294800,388,594,206,982,40,-0.21464153007836845,-0.3296520676195555
45,1570309200,344,619,275,963,40,0.22777038611445635,-0.34879779905772185
45,1570323600,108,392,284,500,40,0.28547628822656396,-0.8153490441035645
45,1570338000,1,10,9,11,40,-1.47775960964339,-1.3080997111174242
45,1570352400,61,162,101,223,40,-0.8878770547196236,-1.0944736550705156
45,1570366800,285,391,106,676,40,-0.8558182202128972,-0.6379991107816027
45,1570381200,402,451,49,853,40,-1.2212889335895785,-0.45964150738394793
45,1570395600,349,483,134,832,40,-0.6762887469752291,-0.4808025789735002
45,1570410000,75,266,191,341,40,-0.31081803359854776,-0.9755685861387458
45,1570424400,1,1,0,2,40,-1.5354655117554976,-1.3171687417986608
45,1570438800,1051,1241,190,2292,40,-0.317229800499893,0.990395731538228
45,1570453200,786,1218,432,2004,40,1.2344177896256665,0.7001867497386542
45,1570467600,765,1048,283,1813,40,0.27906452132521864,0.507721765281298
45,1570482000,1242,1550,308,2792,40,0.43935869385885085,1.4942307693847103
45,1570496400,171,346,175,517,41,-0.18705095404875144,-0.7837268402921336
45,1570510800,2,3,1,5,41,-1.1981222352530967,-1.3426702594232705
45,1570525200,1180,1311,131,2491,41,-0.4427241515946779,1.371262045186117
45,1570539600,806,1790,984,2596,41,4.513849428102486,1.4858891135626198
45,1570554000,906,1233,327,2139,41,0.6961837283826308,0.9869884445334604
45,1570568400,1165,1367,202,2532,41,-0.0301605828273875,1.4160211861712275
45,1570582800,182,269,87,451,41,-0.6983973491406043,-0.8557781404145067
45,1570597200,1,2,1,3,41,-1.1981222352530967,-1.3448536321542515
45,1570611600,941,1074,133,2015,41,-0.43110264261531756,0.8516193352126381
45,1570626000,789,1189,400,1978,41,1.1203688061292814,0.8112269396894896
45,1570640400,806,1133,327,1939,41,0.6961837283826308,0.76865117143536
45,1570654800,1146,1297,151,2443,41,-0.3265090618010749,1.318861099642573
45,1570669200,199,247,48,446,41,-0.9250167742381299,-0.8612365722419593
45,1570683600,1,2,1,3,41,-1.1981222352530967,-1.3448536321542515
45,1570698000,1147,1240,93,2387,41,-0.6635328222025234,1.2577266631751047
45,1570712400,896,1270,374,2166,41,0.9692891893975976,1.0164639764017038
45,1570726800,827,1102,275,1929,41,0.3940244949192631,0.7577343077804549
45,1570741200,1225,1564,339,2789,41,0.7659127822587924,1.6965845821022865
45,1570755600,181,403,222,584,41,0.08605450696621542,-0.71058385380427
45,1570770000,1,1,0,2,41,-1.2039329897427768,-1.345945318519742
45,1570784400,908,1084,176,1992,41,-0.18124019955907128,0.8265105488063565
45,1570798800,763,1081,318,1844,41,0.6438869379755094,0.6649409667137623
45,1570813200,875,1181,306,2056,41,0.5741578840993476,0.8963784761977487
45,1570827600,963,1341,378,2304,41,0.9925322073563181,1.1671166948393932
45,1570842000,146,453,307,599,41,0.5799686385890278,-0.6942085583219125
45,1570856400,0,2,2,2,41,-1.1923114807634165,-1.345945318519742
45,1570870800,134,275,141,409,41,-0.3846166066978764,-0.9016289677651078
45,1570885200,329,546,217,875,41,0.057000734517814684,-0.39290312144653394
45,1570899600,374,698,324,1072,41,0.6787514649135903,-0.1778409074449051
45,1570914000,364,574,210,938,41,0.016325453090053663,-0.32412688042063237
45,1570928400,141,346,205,487,41,-0.012728319358347064,-0.8164774312568487
45,1570942800,0,0,0,0,41,-1.2039329897427768,-1.348128691250723
45,1570957200,71,187,116,258,41,-0.52988546893988,-1.0664736089541735
45,1570971600,244,462,218,706,41,0.06281148900749484,-0.5773981172144288
45,1570986000,354,444,90,798,41,-0.6809650856715638,-0.4769629715893026
45,1571000400,317,473,156,790,41,-0.2974552893526742,-0.4856964625132266
45,1571014800,104,331,227,435,41,0.11510827941461614,-0.8732451222623547
45,1571029200,1,1,0,2,41,-1.2039329897427768,-1.345945318519742
45,1571043600,750,889,139,1639,41,-0.39623811567723666,0.44114526178820945
45,1571058000,564,865,301,1429,41,0.545104111650947,0.21189112503520405
45,1571072400,671,867,196,1538,41,-0.06502510976546838,0.33088493887366877
45,1571086800,937,1341,404,2278,41,1.143611824088002,1.1387328493366402
45,1571101200,142,278,136,420,42,-0.36259057982856957,-0.9157180311139583
45,1571115600,2,2,0,4,42,-1.200760305437954,-1.3378775983749172
45,1571130000,1082,1168,86,2250,42,-0.6707412142437845,0.9413781421734327
45,1571144400,774,1141,367,1915,42,1.0610653511697232,0.6014179137301126
45,1571158800,785,1200,415,1985,42,1.3568899602083295,0.6724543793749854
45,1571173200,1207,1685,478,2892,42,1.7451597595715,1.592884012802124
45,1571187600,192,366,174,558,42,-0.12839609767300628,-0.7756747131283518
45,1571202000,2,4,2,6,42,-1.1884342800613454,-1.3358479850707778
45,1571216400,1140,1201,61,2341,42,-0.8248165314513919,1.0337255475117675
45,1571230800,819,1248,429,2067,42,1.4431721378445896,0.7556685248446936
45,1571245200,1076,1176,100,2252,42,-0.5844590366075243,0.9434077554775719
45,1571259600,1785,1687,-98,3472,42,-1.8047355488917756,2.181471871002499
45,1571274000,187,490,303,677,42,0.6666325391182482,-0.6549127215320678
45,1571288400,4,3,-1,7,42,-1.2069233181262584,-1.3348331784187082
45,1571302800,1139,1211,72,2350,42,-0.7570233918800446,1.042858807380394
45,1571317200,879,1238,359,2117,42,1.0117612496632888,0.8064088574481743
45,1571331600,863,1209,346,2072,42,0.9316420847153329,0.7607425581050417
45,1571346000,1129,1776,647,2905,42,2.7867089038949264,1.6060764992790288
45,1571360400,188,409,221,597,42,0.16126549867729573,-0.7360972536976369
45,1571374800,3,1,-2,4,42,-1.2130863308145627,-1.3378775983749172
45,1571389200,878,1085,207,1963,42,0.07498332104103557,0.6501286330294539
45,1571403600,741,1071,330,1812,42,0.8330338817024642,0.4968928285669424
45,1571418000,853,1301,448,2154,42,1.5602693789223714,0.84395670357475
45,1571432400,1066,1313,247,2379,42,0.3215038285732075,1.0722882002904128
45,1571446800,185,478,293,663,42,0.6050024122352052,-0.6691200146610424
45,1571461200,1,2,1,3,42,-1.1945972927496498,-1.3388924050269868
45,1571475600,148,301,153,449,42,-0.25781936412739653,-0.8862886382039395
45,1571490000,347,594,247,941,42,0.3215038285732075,-0.38700376538569015
45,1571504400,410,646,236,1056,42,0.2537106890018602,-0.2703010003976847
45,1571518800,420,546,126,966,42,-0.42422070671161255,-0.3616335990839498
45,1571533200,117,406,289,523,42,0.580350361481988,-0.8111929459507882
45,1571547600,2,2,0,4,42,-1.200760305437954,-1.3378775983749172
45,1571562000,73,140,67,213,42,-0.7878384553215662,-1.125783008092368
45,1571576400,351,400,49,751,42,-0.8987726837110435,-0.5798170292789165
45,1571590800,398,718,320,1116,42,0.7714037548194213,-0.20941260127350794
45,1571605200,353,546,193,899,42,-0.011298856595224605,-0.4296256447726139
45,1571619600,97,216,119,313,42,-0.46736179552974266,-1.0243023428854068
45,1571634000,1,0,-1,1,42,-1.2069233181262584,-1.340922018331126
45,1571648400,1122,1141,19,2263,42,-1.0836630643601723,0.9545706286503377
45,1571662800,796,1090,294,1886,42,0.6111654249235094,0.5719885208200938
45,1571677200,759,978,219,1737,42,0.14893947330068713,0.42078232966172147
45,1571691600,1162,1394,232,2556,42,0.229058638248643,1.2519089777067343
45,1571706000,148,318,170,466,43,-0.127005807961096,-0.8800311623978031
45,1571720400,3,3,0,6,43,-1.30316854316502,-1.3651292267512956
45,1571734800,1128,1199,71,2327,43,-0.8119476361092635,1.082506876214913
45,1571749200,862,1212,350,2074,43,1.1183429704901175,0.8157029408204922
45,1571763600,884,1185,301,2069,43,0.7793313585783983,0.8104301357731716
45,1571778000,1328,1791,463,3119,43,1.9001452591844903,1.9177191957104913
45,1571792400,179,538,359,717,43,1.1806104094126781,-0.6153363490223105
45,1571806800,1,1,0,2,43,-1.30316854316502,-1.369347470789152
45,1571821200,1070,1231,161,2301,43,-0.18927324688365668,1.055088289968846
45,1571835600,817,1172,355,1989,43,1.1529359921137623,0.7260652550160425
45,1571850000,823,1144,321,1967,43,0.9177034450729776,0.702864912807832
45,1571864400,1246,1522,276,2768,43,0.6063662504601742,1.5475682813885874
45,1571878800,182,375,193,557,43,0.03212209150767016,-0.7840661105365688
45,1571893200,3,5,2,8,43,-1.289331334515562,-1.3630201047323673
45,1571907600,1147,1211,64,2358,43,-0.8603778663823662,1.1151982675083005
45,1571922000,810,1219,409,2029,43,1.5265406256491265,0.768247695394607
45,1571936400,875,1103,228,1978,43,0.2742732428731839,0.7144650839119372
45,1571950800,1323,1157,-166,2480,43,-2.451656861070028,1.2438547106629225
45,1571965200,199,429,230,628,43,0.28811045152264186,-0.7091922788646167
45,1571979600,4,2,-2,6,43,-1.3170057518144778,-1.3651292267512956
45,1571994000,913,1044,131,1957,43,-0.39683137662552564,0.6923193027131909
45,1572008400,776,1059,283,1835,43,0.6547964807332769,0.563662859558569
45,1572022800,826,1265,439,2091,43,1.7340987553909954,0.8336304779813821
45,1572037200,1030,1398,368,2428,43,1.242877848335239,1.1890175381707886
45,1572051600,195,463,268,658,43,0.5510174158623424,-0.6775554485806933
45,1572066000,1,4,3,5,43,-1.282412730190833,-1.3661837877607597
45,1572080400,103,270,167,373,43,-0.14776162093528292,-0.9781053362779657
45,1572094800,368,532,164,900,43,-0.1685174339094698,-0.42235168429037767
45,1572109200,425,551,126,976,43,-0.43142439824917045,-0.342205047571105
45,1572123600,456,529,73,985,43,-0.7981104274598055,-0.332713998485928
45,1572138000,127,455,328,582,43,0.9661336753460803,-0.757702085299966
45,1572152400,3,25,22,28,43,-1.1509592480209827,-1.341928884543085
45,1572166800,78,146,68,224,43,-0.8327034490834504,-1.1352349266881188
45,1572181200,359,533,174,892,43,-0.09933139066218016,-0.43078817236609057
45,1572195600,401,559,158,960,43,-0.2100290598578436,-0.35907802372253084
45,1572210000,292,405,113,697,43,-0.521366254470647,-0.6364275692115928
45,1572224400,91,322,231,413,43,0.2950290558473708,-0.9359228958994011
45,1572238800,4,6,2,10,43,-1.289331334515562,-1.3609109827134391
45,1572253200,1088,1160,72,2248,43,-0.8050290317845346,0.999196556467248
45,1572267600,776,1099,323,1875,43,0.9315406537224356,0.6058452999371335
45,1572282000,814,1133,319,1947,43,0.9038662364235197,0.6817736926185497
45,1572296400,1197,1491,294,2688,43,0.7309011283052955,1.4632034006314583
45,1572310800,193,280,87,473,44,-0.903679275223102,-0.8584249431253315
45,1572325200,1,1,0,2,44,-1.4197849444424229,-1.330286736637205
45,1572339600,1179,1296,117,2475,44,-0.7257118030785086,1.1472381367276854
45,1572354000,940,1322,382,2262,44,0.8463342008653996,0.9338484084516151
45,1572368400,923,1158,235,2081,44,-0.02570641264310799,0.7525172309024662
45,1572382800,1536,1725,189,3261,44,-0.2985898699314845,1.934676288957691
45,1572397200,190,449,259,639,44,0.11666756507256672,-0.6921212112294269
45,1572411600,7,5,-2,12,44,-1.4316494425853956,-1.3202684395350421
45,1572426000,1031,1265,234,2296,44,-0.03163866171459444,0.967910618598969
45,1572440400,671,1284,613,1955,44,2.2166837363787684,0.6262866874152134
45,1572454800,696,1235,539,1931,44,1.7776973050887714,0.6022427743700224
45,1572469200,1242,1583,341,2825,44,0.6031119889344553,1.4978785353033874
45,1572483600,175,445,270,620,44,0.1819223048589176,-0.7111559757235365
45,1572498000,1,2,1,3,44,-1.4138526953709363,-1.3292849069269888
45,1572512400,1032,1261,229,2293,44,-0.06129990707202666,0.9649051294683202
45,1572526800,833,1347,514,2180,44,1.6293910783016103,0.8516983722138791
45,1572541200,937,1348,411,2285,44,1.0183694239385066,0.9568904917865898
45,1572555600,1165,1208,43,2373,44,-1.1646982343685057,1.0450515062856236
45,1572570000,166,397,231,563,44,-0.04943540892905377,-0.7682602692058652
45,1572584400,1,5,4,6,44,-1.396055948156477,-1.32627941779634
45,1572598800,749,1207,458,1956,44,1.2971851302983695,0.6272885171254298
45,1572613200,778,1138,360,1916,44,0.7158247212926978,0.5872153287167781
45,1572627600,837,1187,350,2024,44,0.6565022305778333,0.6954129374201375
45,1572642000,985,1464,479,2449,44,1.4217623607995848,1.1211905642620617
45,1572656400,193,437,244,630,44,0.027683829000270027,-0.7011376786213736
45,1572670800,1,1,0,2,44,-1.4197849444424229,-1.330286736637205
45,1572685200,121,337,216,458,44,-0.13841914500135047,-0.8734523887785758
45,1572699600,354,497,143,851,44,-0.571473327219861,-0.47973331266357305
45,1572714000,390,615,225,1005,44,-0.08502890335797245,-0.32545153729026405
45,1572728400,404,589,185,993,44,-0.3223188662174303,-0.33747349381285957
45,1572742800,129,383,254,512,44,0.08700631971513449,-0.8193535844268961
45,1572753600,0,1,1,1,44,-1.4138526953709363,-1.3312885663474212
45,1572768000,51,139,88,190,44,-0.8977470261516156,-1.141942751116542
45,1572782400,249,517,268,766,44,0.17005780671594473,-0.5648888380319579
45,1572796800,381,587,206,968,44,-0.19774163571621492,-0.36251923656826684
45,1572811200,389,819,430,1208,44,1.131082156296749,-0.12208010611635677
45,1572825600,165,413,248,578,44,0.05141282528621581,-0.7532328235526208
45,1572840000,3,10,7,13,44,-1.3782592009420176,-1.3192666098248258
45,1572854400,535,684,149,1219,44,-0.5358798327909423,-0.11105997930397755
45,1572868800,1181,1789,608,2970,44,2.1870224910213363,1.6431438432847498
45,1572883200,624,829,205,1453,44,-0.20367388478770138,0.12336817288663479
45,1572897600,1463,1694,231,3157,44,-0.04943540892905377,1.8304859990951965
45,1572912000,339,527,188,866,45,-0.08955209411502055,-0.41339175121554017
45,1572926400,2,3,1,5,45,-1.067774830108583,-1.2539356088178097
45,1572940800,564,607,43,1171,45,-0.8480670498319539,-0.1156381198930173
45,1572955200,1190,1656,466,2846,45,1.364704165811238,1.519566248845428
45,1572969600,660,899,239,1559,45,0.17723592479231465,0.2631435488057987
45,1572984000,1439,1540,101,2979,45,-0.5446610675451806,1.6494063569303314
45,1572998400,293,378,85,671,45,-0.628359269555325,-0.6037588269791204
45,1573012800,3,6,3,9,45,-1.0573125548573148,-1.250030643161121
45,1573027200,579,656,77,1235,45,-0.6702083705603972,-0.053158669385996095
45,1573041600,1188,1708,520,2896,45,1.6471855975954752,1.5683783195540384
45,1573056000,705,798,93,1503,45,-0.5865101685502527,0.20847402961215517
45,1573070400,1285,1901,616,3186,45,2.1493748096563414,1.8514883296639781
45,1573084800,357,629,272,986,45,0.3498634664382374,-0.29624278151487543
45,1573099200,3,5,2,8,45,-1.0625436924829488,-1.251006884575293
45,1573113600,577,603,26,1180,45,-0.9369963894677323,-0.10685194716546743
45,1573128000,1312,1709,397,3021,45,1.0037556696424903,1.6904084963255641
45,1573142400,675,919,244,1594,45,0.20339161292048474,0.2973119983018259
45,1573156800,1498,1890,392,3388,45,0.9775999815143201,2.0486890953267642
45,1573171200,427,691,264,1118,45,0.30801436543316524,-0.16737891484414422
45,1573185600,3,2,-1,5,45,-1.078237105359851,-1.2539356088178097
45,1573200000,528,595,67,1123,45,-0.7225197468167374,-0.1624977077732832
45,1573214400,998,1568,570,2566,45,1.9087424788771765,1.2462186528772103
45,1573228800,695,1027,332,1722,45,0.6637317239762788,0.4222708993158683
45,1573243200,1328,1571,243,2899,45,0.19816047529485073,1.571307043796555
45,1573257600,308,605,297,913,45,0.480641907079088,-0.3675084047494465
45,1573272000,1,11,10,12,45,-1.0206945914778767,-1.2471019189186043
45,1573286400,79,162,83,241,45,-0.638821544806593,-1.0235426350731691
45,1573300800,325,449,124,774,45,-0.42434490215559806,-0.5032059613193831
45,1573315200,383,595,212,978,45,0.03599520890019601,-0.3040527128282531
45,1573329600,471,558,87,1029,45,-0.6178969943040569,-0.2542644007054706
45,1573344000,171,569,398,740,45,1.0089868072681243,-0.5363981694012382
45,1573358400,2,11,9,13,45,-1.0259257291035107,-1.246125677504432
45,1573372800,46,96,50,142,45,-0.8114490864525158,-1.1201905350762176
45,1573387200,248,370,122,618,45,-0.4348071774068661,-0.6554996219302474
45,1573401600,376,521,145,897,45,-0.3144910120172835,-0.3831282673762018
45,1573416000,337,657,320,994,45,0.6009580724686705,-0.2884328502014978
45,1573430400,148,343,195,491,45,-0.05293413073558238,-0.7794822815301176
45,1573444800,2,6,4,8,45,-1.0520814172316808,-1.251006884575293
45,1573459200,433,529,96,962,45,-0.5708167556733507,-0.3196725754550084
45,1573473600,979,1484,505,2463,45,1.568718533210965,1.1456657872174731
45,1573488000,795,785,-10,1580,45,-1.125317343990557,0.28364461850341505
45,1573502400,1019,1747,728,2766,45,2.7352622237273523,1.4414669357116516
45,1573516800,260,484,224,744,46,0.12095417364050921,-0.5478070044506
45,1573531200,2,4,2,6,46,-1.0429020854142972,-1.1847335924678102
45,1573545600,584,670,86,1254,46,-0.6025240414476136,-0.10765448427610536
45,1573560000,1459,2035,576,3494,46,1.966347881691373,1.8255644278628516
45,1573574400,574,795,221,1369,46,0.1052263863559848,-0.008404406197542826
45,1573588800,1456,1929,473,3385,46,1.426360518256035,1.7314926147275187
45,1573603200,354,711,357,1065,46,0.8182194099210913,-0.2707698299878299
45,1573617600,3,25,22,28,46,-0.9380501701841344,-1.1657466210093024
45,1573632000,580,720,140,1300,46,-0.31942387032617425,-0.06795445304468034
45,1573646400,1278,1955,677,3233,46,2.4958500536036947,1.600309902832375
45,1573660800,684,897,213,1581,46,0.0632856202639197,0.1745609551298942
45,1573675200,2019,1767,-252,3786,46,-2.374521408837364,2.07757332176668
45,1573689600,351,666,315,1017,46,0.5980303879377497,-0.3121959495336647
45,1573704000,4,8,4,12,46,-1.0324168938912808,-1.1795553275245807
45,1573718400,525,751,226,1276,46,0.13143936516352547,-0.08866751281759774
45,1573732800,1237,1854,617,3091,46,2.1812943079132068,1.4777576325092805
45,1573747200,704,912,208,1616,46,0.03707264145637903,0.2047675006320654
45,1573761600,1685,1820,135,3505,46,-0.34563684913371495,1.8350579135921055
45,1573776000,359,736,377,1095,46,0.9230713251512541,-0.24487850527168312
45,1573790400,2,8,6,10,46,-1.0219317023682646,-1.1812814158389906
45,1573804800,483,633,150,1116,46,-0.2669979127110929,-0.2267545779703804
45,1573819200,1048,1540,492,2588,46,1.5259698377246895,1.0436464214352201
45,1573833600,713,819,106,1532,46,-0.4976721262174509,0.1322717914268545
45,1573848000,1327,1389,62,2716,46,-0.7283463397238089,1.1541160735574463
45,1573862400,315,630,315,945,46,0.5980303879377497,-0.3743351288524169
45,1573876800,3,11,8,14,46,-1.0114465108452482,-1.177829239210171
45,1573891200,66,174,108,240,46,-0.48718693469443464,-0.9827812596818655
45,1573905600,318,465,147,783,46,-0.2827256999956173,-0.5141482823196093
45,1573920000,441,508,67,949,46,-0.7021333609162682,-0.3708829522235973
45,1573934400,410,683,273,1093,46,0.37784136595440787,-0.2466045935860929
45,1573948800,196,598,402,794,46,1.0541362191889574,-0.5046547965903555
45,1573963200,2,9,7,11,46,-1.0166891066067565,-1.1804183716817855
45,1573977600,46,102,56,148,46,-0.7598019142928577,-1.0621813221447154
45,1573992000,211,362,151,573,46,-0.26175531694958476,-0.6953875553326365
45,1574006400,373,424,51,797,46,-0.7860148931003984,-0.5020656641187409
45,1574020800,349,521,172,870,46,-0.1516608059579139,-0.43906344064278374
45,1574035200,129,296,167,425,46,-0.17787378476545457,-0.8231180905989605
45,1574049600,3,6,3,9,46,-1.0376594896527889,-1.1821444599961954
45,1574064000,522,669,147,1191,46,-0.2827256999956173,-0.16202626618001353
45,1574078400,1387,1904,517,3291,46,1.657034731762393,1.6503664639502589
45,1574092800,666,881,215,1547,46,0.07377081178693598,0.14521745378492787
45,1574107200,1606,1802,196,3408,46,-0.02583850768171861,1.7513426303432311
45,1574121600,393,606,213,999,47,-0.10811068167069483,-0.3260515276281427
45,1574136000,3,6,3,9,47,-1.1214329051941048,-1.2540563547058468
45,1574150400,565,783,218,1348,47,-0.0839839620629946,0.0010936083820781734
45,1574164800,1219,1834,615,3053,47,1.8316775747884042,1.5993241439047907
45,1574179200,655,921,266,1576,47,0.14763254617092766,0.21481593219391304
45,1574193600,1312,2051,739,3363,47,2.4300202210593698,1.8899115139998293
45,1574208000,336,646,310,982,47,0.35994767871868977,-0.3419869640527094
45,1574222400,4,4,0,8,47,-1.135908936958725,-1.2549937333190566
45,1574236800,624,641,17,1265,47,-1.0538780902925442,-0.07670881651433539
45,1574251200,1245,1812,567,3057,47,1.6000610665544819,1.60307365835763
45,1574265600,731,913,182,1644,47,-0.2576963432384363,0.27855767789217956
45,1574280000,1363,2026,663,3389,47,2.0632940830223263,1.914283357943284
45,1574294400,393,728,335,1121,47,0.4805812767571909,-0.2116913368165469
45,1574308800,3,22,19,25,47,-1.044227402449464,-1.2390582968944899
45,1574323200,578,652,74,1230,47,-0.7788334867647614,-0.10951706797667847
45,1574337600,1228,1844,616,3072,47,1.8365029187099442,1.617134337555777
45,1574352000,681,970,289,1651,47,0.25861545636634875,0.2851193281846482
45,1574366400,1413,1741,328,3154,47,0.44680386930641064,1.6939993838389806
45,1574380800,346,744,398,1090,47,0.784577943814214,-0.24075007382605076
45,1574395200,2,8,6,10,47,-1.1069568734294846,-1.253118976092637
45,1574409600,533,535,2,1068,47,-1.1262582491156448,-0.2613724033166664
45,1574424000,1086,1543,457,2629,47,1.0692732351850767,1.2018756119038345
45,1574438400,745,1068,323,1813,47,0.4226771496987104,0.4369746635246361
45,1574452800,1233,1524,291,2757,47,0.26826614420942885,1.3218600743946893
45,1574467200,304,711,407,1015,47,0.8280060391080744,-0.3110534698167859
45,1574481600,3,13,10,16,47,-1.0876554977433244,-1.2474947044133782
45,1574496000,81,173,92,254,47,-0.6919772961770406,-1.0243985944694454
45,1574510400,312,428,116,740,47,-0.5761690420600795,-0.5688325884494815
45,1574524800,388,531,143,919,47,-0.44588475617849815,-0.4010418166849269
45,1574539200,463,551,88,1014,47,-0.7112786718632008,-0.3119908484299957
45,1574553600,179,599,420,778,47,0.8907355100880949,-0.533212201147509
45,1574568000,2,4,2,6,47,-1.1262582491156448,-1.2568684905454761
45,1574582400,46,98,52,144,47,-0.8849910530386425,-1.1275102419225236
45,1574596800,237,430,193,667,47,-0.2046175601014958,-0.637261227213797
45,1574611200,438,453,15,891,47,-1.0635287781356242,-0.4272884178548014
45,1574625600,346,478,132,824,47,-0.4989635393154387,-0.4900927849398581
45,1574640000,152,310,158,462,47,-0.3735045973553974,-0.8294238429218065
45,1574654400,3,6,3,9,47,-1.1214329051941048,-1.2540563547058468
45,1574668800,558,635,77,1193,47,-0.7643574550001413,-0.14420007666544113
45,1574683200,1157,1694,537,2851,47,1.4553007489082803,1.4099736640364107
45,1574697600,646,838,192,1484,47,-0.20944290402303584,0.12857709977861126
45,1574712000,1334,1653,319,2987,47,0.4033757740125502,1.5374571554329437
45,1574726400,311,613,302,924,48,0.3516819123869664,-0.14659252475247986
45,1574740800,4,5,1,9,48,-1.0481804101558638,-1.2221081273179244
45,1574755200,543,645,102,1188,48,-0.5784591657145819,0.16372017369263198
45,1574769600,1116,1619,503,2735,48,1.2864736958790224,1.9821055695054655
45,1574784000,711,849,138,1560,48,-0.4110337716563032,0.6009789760471077
45,1574798400,1270,1723,453,2993,48,1.0539384263536353,2.285365706622279
45,1574812800,313,628,315,941,48,0.412141082463567,-0.12661026765563554
45,1574827200,2,9,7,11,48,-1.0202761778128173,-1.219757273541825
45,1574841600,445,493,48,938,48,-0.829597256802,-0.13013654831978452
45,1574856000,804,1223,419,2027,48,0.8958144430763721,1.1499033327663017
45,1574870400,888,1350,462,2238,48,1.095794774868205,1.3979184061447814
45,1574884800,792,1238,446,2030,48,1.0213834886200812,1.1534296134304507
45,1574899200,193,688,495,881,48,1.2492680527549604,-0.1971358809386155
45,1574913600,3,11,8,14,48,-1.0156254724223097,-1.216230992877676
45,1574928000,96,134,38,230,48,-0.8761043107070774,-0.9623387850589481
45,1574942400,224,896,672,1120,48,2.0724429068748305,0.0837911453052547
45,1574956800,207,960,753,1167,48,2.449150043505958,0.139036209043589
45,1574971200,248,253,5,501,48,-1.029577588593833,-0.6437980983974886
45,1574985600,299,260,-39,559,48,-1.2342086257761737,-0.575623338890608
45,1575000000,13,10,-3,23,48,-1.066783231717895,-1.205652150885229
45,1575014400,118,258,140,376,48,-0.40173236087528774,-0.7907264594036969
45,1575028800,377,668,291,1045,48,0.3005241530913812,-0.0043658712984702645
45,1575043200,560,628,68,1188,48,-0.7365831489918452,0.16372017369263198
45,1575057600,503,578,75,1081,48,-0.704028211258291,0.037949496671317716
45,1575072000,208,431,223,639,48,-0.015723813463145216,-0.4815891878466347
45,1575086400,2,11,9,13,48,-1.010974767031802,-1.2174064197657257
45,1575100800,62,173,111,235,48,-0.5366028172000122,-0.9564616506186998
45,1575115200,320,429,109,749,48,-0.5459042279810278,-0.3522922301611714
45,1575129600,476,695,219,1171,48,-0.03432663502517618,0.14373791659578766
45,1575144000,526,726,200,1252,48,-0.12269003744482328,0.2389474945278106
45,1575158400,224,669,445,893,48,1.0167327832295734,-0.1830307582820195
45,1575172800,8,94,86,102,48,-0.6528704519627058,-1.1127934267293054
45,1575187200,47,141,94,188,48,-0.6156648088386438,-1.011706714357034
45,1575201600,314,449,135,763,48,-0.4249858878278265,-0.3358362537284761
45,1575216000,589,570,-19,1159,48,-1.1411945179660188,0.12963279393919167
45,1575230400,399,875,476,1274,48,1.1609046503353133,0.26480688606490327
45,1575244800,128,429,301,557,48,0.3470312069964586,-0.5779741926667074
45,1575259200,3,4,1,7,48,-1.0481804101558638,-1.2244589810940236
45,1575273600,463,734,271,1197,48,0.20751004528122638,0.17429901568507897
45,1575288000,1273,1927,654,3200,48,1.9887302098456914,2.52867907244856
45,1575302400,742,1223,481,1965,48,1.1841581772878522,1.0770268657072226
45,1575316800,1445,1458,13,2903,48,-0.9923719454697709,2.179577286697809
45,1575331200,284,580,296,864,49,0.3768678816722706,-0.4775009311989276
45,1575345600,2,7,5,9,49,-1.0853794992161394,-1.2630542773302034
45,1575360000,546,696,150,1242,49,-0.35676826131641615,-0.13020366238299513
45,1575374400,1204,1842,638,3046,49,2.0953854220978245,1.5272679591618252
45,1575388800,653,891,238,1544,49,0.08542338651238134,0.14726664233237946
45,1575403200,1476,1727,251,3203,49,0.15074715266890823,1.671515766580083
45,1575417600,401,684,283,1085,49,0.3115441155157437,-0.2744514698012528
45,1575432000,5,9,4,14,49,-1.0904044043051029,-1.2584603981130613
45,1575446400,601,610,9,1211,49,-1.0652798788602849,-0.15868571352927532
45,1575460800,1242,1814,572,3056,49,1.7637416862262263,1.5364557175961093
45,1575475200,734,906,172,1640,49,-0.2462203493592168,0.23546912330150516
45,1575489600,1488,1698,210,3186,49,-0.05527395597859969,1.6558965772418004
45,1575504000,391,734,343,1125,49,0.6130384208535602,-0.2377004360641171
45,1575518400,2,6,4,8,49,-1.0904044043051029,-1.2639730531736317
45,1575532800,626,553,-73,1179,49,-1.4773220961553006,-0.18808654051898388
45,1575547200,1344,1799,455,3143,49,1.1758277908174843,1.6163892159743793
45,1575561600,757,949,192,1706,49,-0.14572224757994462,0.29610832896777906
45,1575576000,1458,1716,258,3174,49,0.1859214882916535,1.6448712671206596
45,1575590400,433,763,330,1196,49,0.5477146546970333,-0.1724673511807012
45,1575604800,4,5,1,9,49,-1.1054791195719937,-1.2630542773302034
45,1575619200,512,653,141,1165,49,-0.4019924071170886,-0.20094940232698139
45,1575633600,1039,1615,576,2654,49,1.7838413065820808,1.1671078285378953
45,1575648000,735,1003,268,1738,49,0.23617053918128958,0.32550915595748764
45,1575662400,1248,1562,314,2810,49,0.4673161732736155,1.3104368601127245
45,1575676800,316,757,441,1073,49,1.1054791195719937,-0.2854767799223935
45,1575691200,4,4,0,8,49,-1.1105040246609574,-1.2639730531736317
45,1575705600,83,166,83,249,49,-0.6934369022769779,-1.0425480749073892
45,1575720000,352,495,143,847,49,-0.3919425969391614,-0.49312012053721027
45,1575734400,439,786,347,1225,49,0.6331380412094146,-0.14582285172127782
45,1575748800,498,709,211,1207,49,-0.05024905088963608,-0.1623608169029889
45,1575763200,209,614,405,823,49,0.9245825363693039,-0.5151707407794917
45,1575777600,2,18,16,20,49,-1.0301055432375397,-1.2529477430524911
45,1575792000,38,101,63,139,49,-0.7939350040562501,-1.1436134176845123
45,1575806400,217,424,207,641,49,-0.0703486712454905,-0.6823879442834592
45,1575820800,413,441,28,854,49,-0.9698066821699763,-0.4866886896332115
45,1575835200,344,585,241,929,49,0.10049810177927215,-0.4177805013760821
45,1575849600,133,316,183,449,49,-0.1909463933806171,-0.8587929062217106
45,1575864000,1,5,4,6,49,-1.0904044043051029,-1.2658106048604885
45,1575878400,599,745,146,1344,49,-0.3768678816722706,-0.036488526353299085
45,1575892800,1293,2160,867,3453,49,3.2460886874704906,1.901209727437181
45,1575907200,628,891,263,1519,49,0.21104601373647153,0.12429724624666964
45,1575921600,1663,1660,-3,3323,49,-1.125578739927848,1.78176886779149
45,1575936000,369,500,131,869,50,-0.5510166312024446,-0.4941262351617947
45,1575950400,2,5,3,7,50,-1.1337955824801038,-1.2987565692506542
45,1575964800,548,720,172,1268,50,-0.3643452483713193,-0.12168133574015322
45,1575979200,1041,1897,856,2938,50,2.7498797725186725,1.4371732558241106
45,1575993600,733,913,180,1646,50,-0.32792156391646565,0.23116120055403347
45,1576008000,1548,1662,114,3210,50,-0.6284169606690087,1.691070530617811
45,1576022400,397,653,256,1050,50,0.018103438404644574,-0.32517253392039847
45,1576036800,3,7,4,10,50,-1.1292426219232472,-1.2959562316610178
45,1576051200,549,756,207,1305,50,-0.20499162888133438,-0.08714383880130426
45,1576065600,1300,2041,741,3341,50,2.2262893084801503,1.8133519386986008
45,1576080000,756,902,146,1658,50,-0.4827222228495939,0.24236255091257908
45,1576094400,1386,1730,344,3116,50,0.41876396740803534,1.6033266194758706
45,1576108800,387,741,354,1128,50,0.46429357297660245,-0.252363756589852
45,1576123200,2,5,3,7,50,-1.1337955824801038,-1.2987565692506542
45,1576137600,565,715,150,1280,50,-0.46451038062216704,-0.11047998538160761
45,1576152000,1329,2018,689,3347,50,1.9895353595236014,1.8189526138778735
45,1576166400,708,991,283,1699,50,0.14103337343977584,0.28063383130427655
45,1576180800,1288,1664,376,2952,50,0.5644587052274501,1.4502414979090805
45,1576195200,449,782,333,1231,50,0.3686814012826115,-0.1562188326790022
45,1576209600,2,7,5,9,50,-1.1246896613663904,-1.29688967752423
45,1576224000,502,552,50,1054,50,-0.9198064363078383,-0.32143875046754994
45,1576238400,1026,1658,632,2684,50,1.7300166077827688,1.2000780065682286
45,1576252800,738,1011,273,1749,50,0.0955037678712087,0.3273061244648833
45,1576267200,1606,1521,-85,3127,50,-1.5344561114834947,1.613594523971204
45,1576281600,408,921,513,1329,50,1.1882143015168198,-0.06474113808421304
45,1576296000,3,21,18,24,50,-1.065501174127253,-1.282887989576048
45,1576310400,74,169,95,243,50,-0.7149232112492863,-1.0784633455325907
45,1576324800,354,509,155,863,50,-0.44174557783788343,-0.49972691034106753
45,1576339200,477,720,243,1197,50,-0.041085048834492696,-0.18795599202821475
45,1576353600,470,765,295,1235,50,0.1956689001220564,-0.15248504922615363
45,1576368000,196,686,490,882,50,1.0834962087091156,-0.481991438940037
45,1576382400,2,27,25,29,50,-1.0336304502292561,-1.2782207602599873
45,1576396800,39,96,57,135,50,-0.8879357124098414,-1.179275498759501
45,1576411200,213,426,213,639,50,-0.1776738655401941,-0.7088187837005856
45,1576425600,391,535,144,926,50,-0.4918281439633073,-0.4409198209587031
45,1576440000,356,704,348,1060,50,0.4369758096354622,-0.3158380752882771
45,1576454400,152,427,275,579,50,0.10460968898492212,-0.7648255354933136
45,1576468800,2,6,4,8,50,-1.1292426219232472,-1.2978231233874422
45,1576483200,510,709,199,1219,50,-0.24141531333618807,-0.1674201830375478
45,1576497600,1134,1800,666,2934,50,1.8848172667158969,1.4334394723712622
45,1576512000,676,949,273,1625,50,0.0955037678712087,0.21155883742657863
45,1576526400,1382,1737,355,3119,50,0.4688465335334592,1.606126957065507
45,1576540800,383,749,366,1132,51,0.6456600127070357,-0.20526475073354739
45,1576555200,2,9,7,11,51,-1.163531898015262,-1.285917215682321
45,1576569600,589,716,127,1305,51,-0.5587880838462488,-0.03849144436767956
45,1576584000,1380,2225,845,3605,51,3.0595957375983462,2.178725923502239
45,1576598400,755,1007,252,1762,51,0.07115338924647317,0.4020600065525609
45,1576612800,1451,1745,294,3196,51,0.2828137242056278,1.7844468350418932
45,1576627200,369,701,332,1070,51,0.4743159320258153,-0.2650332189109104
45,1576641600,4,14,10,18,51,-1.1484133026610366,-1.2791691628235864
45,1576656000,509,629,120,1138,51,-0.5940648063394413,-0.19948070542606064
45,1576670400,1157,1786,629,2943,51,1.9710568720941226,1.540552924576202
45,1576684800,741,985,244,1726,51,0.03083713496853897,0.36735573470764044
45,1576699200,1496,1554,58,3050,51,-0.9065157769934313,1.6437017325597156
45,1576713600,410,847,437,1257,51,1.0034667694237018,-0.08476380682757352
45,1576728000,2,16,14,18,51,-1.1282551755220696,-1.2791691628235864
45,1576742400,574,624,50,1198,51,-0.9468320312713656,-0.14164025235119318
45,1576756800,1420,2036,616,3456,51,1.9055429588924795,2.0350887983663184
45,1576771200,784,1061,277,1845,51,0.19714168386501757,0.48207263330612754
45,1576785600,1541,1634,93,3175,51,-0.7301321645274692,1.7642026764656895
45,1576800000,365,930,565,1295,51,1.648526837870649,-0.048131519880157465
45,1576814400,5,8,3,13,51,-1.183690025154229,-1.2839892005798255
45,1576828800,483,585,102,1068,51,-0.6847763784647932,-0.266961234013406
45,1576843200,1104,1618,514,2722,51,1.3915107168488183,1.3275072557504402
45,1576857600,794,1080,286,1874,51,0.24249746992769355,0.5100288522923134
45,1576872000,1193,1529,336,2722,51,0.4944740591647824,1.3275072557504402
45,1576886400,319,767,448,1086,51,1.0589016190558613,-0.24960909809094578
45,1576900800,4,19,15,23,51,-1.1232156437373277,-1.2743491250673475
45,1576915200,70,164,94,234,51,-0.7250926327427274,-1.0709435317540636
45,1576929600,268,462,194,730,51,-0.22113945426854983,-0.5927957863351593
45,1576944000,473,653,180,1126,51,-0.2916928992549347,-0.21104879604103413
45,1576958400,440,685,245,1125,51,0.035876666753280745,-0.21201280359228192
45,1576972800,149,643,494,792,51,1.290720081153983,-0.5330273181577962
45,1576987200,3,15,12,18,51,-1.1383342390915532,-1.2791691628235864
45,1577001600,35,81,46,116,51,-0.9669901584103326,-1.184696422801303
45,1577016000,259,437,178,696,51,-0.30177196282441826,-0.6255720430775842
45,1577030400,390,636,246,1026,51,0.04091619853802252,-0.30744955116581324
45,1577044800,357,609,252,966,51,0.07115338924647317,-0.3652900042406807
45,1577059200,161,361,200,522,51,-0.19090226356009918,-0.7933093569946998
45,1577073600,2,5,3,7,51,-1.183690025154229,-1.2897732458873121
45,1577088000,359,490,131,849,51,-0.5386299567072818,-0.47807888773667223
45,1577102400,790,1165,375,1955,51,0.6910157987697116,0.5881134639433845
45,1577116800,694,868,174,1562,51,-0.32193008996338535,0.2092584963030027
45,1577131200,964,1091,127,2055,51,-0.5587880838462488,0.6845142190681637
45,1577145600,220,566,346,786,52,1.624691230414695,0.07044422809629347
45,1577160000,2,8,6,10,52,-1.0331837575933063,-1.37126269944807
45,1577174400,229,385,156,614,52,0.1394081488808119,-0.24910936924601393
45,1577188800,459,878,419,1337,52,2.195352624898766,1.0941304614428713
45,1577203200,590,1039,449,1629,52,2.4298710061935895,1.6366284290239976
45,1577217600,362,585,223,947,52,0.663165867105918,0.3695612581667091
45,1577232000,141,247,106,388,52,-0.25145581994389415,-0.66898793319579
45,1577246400,3,8,5,11,52,-1.0410010369698004,-1.36940482969608
45,1577260800,25,72,47,97,52,-0.7126753031570473,-1.2096280310249263
45,1577275200,70,307,237,377,52,0.7726077783768357,-0.6894245004676817
45,1577289600,178,404,226,582,52,0.6866177052354003,-0.308561201309699
45,1577304000,203,237,34,440,52,-0.8142999350514709,-0.5723787060923017
45,1577318400,232,220,-12,452,52,-1.1738947863702005,-0.5500842690684197
45,1577332800,1,3,2,4,52,-1.0644528750992828,-1.3824099179600111
45,1577347200,227,372,145,599,52,0.05341807573937657,-0.2769774155258663
45,1577361600,582,721,139,1303,52,0.006514399480411842,1.030962889875206
45,1577376000,612,609,-3,1221,52,-1.1035392719817534,0.8786175702120127
45,1577390400,719,799,80,1518,52,-0.4547050837327413,1.43040488655309
45,1577404800,199,410,211,609,52,0.5693585145879886,-0.2583987180059647
45,1577419200,1,2,1,3,52,-1.072270154475777,-1.3842677877120013
45,1577433600,255,419,164,674,52,0.20194638389276487,-0.13763718412660436
45,1577448000,633,783,150,1416,52,0.09250447262184718,1.2409021718500939
45,1577462400,645,730,85,1375,52,-0.4156186868502707,1.1647295120184973
45,1577476800,731,831,100,1562,52,-0.2983594962028589,1.512151155640657
