remote_unit_id,time_stamp,entries,exits,num_people_exited,sum_exit_entry,week_num,z_score_num_people_exited,z_score_sum_exit_entry
47,1546300800,0,0,0,0,1,-0.5510208951870249,-1.0640596107729645
47,1546315200,101,359,258,460,1,-0.26450862432065564,-0.8049801270204198
47,1546329600,57,169,112,226,1,-0.4266434752760429,-0.9367727339728013
47,1546344000,214,507,293,721,1,-0.22564068059847378,-0.6579806808043018
47,1546358400,402,953,551,1355,1,0.06087159026789545,-0.3009015662410118
47,1546372800,374,1008,634,1382,1,0.15304414252335533,-0.28569472697727544
47,1546387200,195,362,167,557,1,-0.36556527799832855,-0.7503481489247744
47,1546401600,44,64,20,108,1,-0.5288106416314924,-1.0032322537180192
47,1546416000,656,1379,723,2035,1,0.2518797708454749,0.08208549669753283
47,1546430400,1380,4219,2839,5599,1,2.6017245970208136,2.0893882795107284
47,1546444800,952,1831,879,2783,1,0.42511974857862844,0.5033712659299319
47,1546459200,2262,1752,-510,4014,1,-1.1173823608531035,1.1966904931025029
47,1546473600,597,441,-156,1038,1,-0.7242608729201784,-0.47944112352265683
47,1546488000,107,71,-36,178,1,-0.5909993515869834,-0.9638071148861103
47,1546502400,700,1391,691,2091,1,0.21634336515662295,0.11362560776306004
47,1546516800,1605,4618,3013,6223,1,2.794953802953946,2.4408352313837454
47,1546531200,995,1930,935,2925,1,0.4873084585341194,0.5833479761318044
47,1546545600,2410,1965,-445,4375,1,-1.045199036797623,1.400011566221348
47,1546560000,679,499,-180,1178,1,-0.7509131771868174,-0.4005908458588388
47,1546574400,126,69,-57,195,1,-0.6143201178202925,-0.9542324383126467
47,1546588800,645,1334,689,1979,1,0.2141223398010697,0.05054538563200563
47,1546601696,1411,4274,2863,5685,1,2.6283769012874525,2.1378248786470735
47,1546603200,563,1478,915,2041,1,0.46509820497858695,0.08546479431169646
47,1546617600,1150,2101,951,3251,1,0.5050766613785455,0.766956479834695
47,1546632000,2333,1941,-392,4274,1,-0.9863418648754618,1.3431267230495936
47,1546646400,592,546,-46,1138,1,-0.6021044783647496,-0.42311949661992965
47,1546660800,160,100,-60,260,1,-0.6176516558536224,-0.917623380825874
47,1546675200,68,250,182,318,1,-0.34890758783167913,-0.8849568372222922
47,1546689600,360,803,443,1163,1,-0.059063778931980046,-0.40903908989424786
47,1546704000,556,1106,550,1662,1,0.059761077590118825,-0.12799417164963942
47,1546718400,548,842,294,1390,1,-0.22453016792069716,-0.28118899682505727
47,1546732800,294,434,140,728,1,-0.3955491202982974,-0.6540381669211109
47,1546747200,98,130,32,228,1,-0.5154844894981729,-0.9356463014347467
47,1546761600,52,141,89,193,1,-0.4521852668649053,-0.9553588708507011
47,1546776000,279,603,324,882,1,-0.1912147875873984,-0.5673028614909111
47,1546790400,453,989,536,1442,1,0.044213900101246074,-0.25190175083563915
47,1546804800,417,799,382,1216,1,-0.12680505227635416,-0.37918862763580247
47,1546819200,266,245,-21,511,1,-0.5743416614203339,-0.7762560973000289
47,1546833600,52,43,-9,95,1,-0.5610155092870145,-1.0105540652153737
47,1546848000,723,1528,805,2251,1,0.3429418104231582,0.20374021080742347
47,1546862400,1634,4823,3189,6457,1,2.990404034242632,2.572627838336127
47,1546876800,953,1734,781,2687,1,0.3162895061565192,0.4493025041033138
47,1546891200,2488,1456,-1032,3944,1,-1.6970699786525019,1.157265354270594
47,1546905600,654,170,-484,824,2,-1.0041893285645123,-0.7769567799047741
47,1546920000,117,36,-81,153,2,-0.6662786213024261,-1.0990164959028377
47,1546934400,744,1490,746,2234,2,0.027151043476098168,-0.10019940351540058
47,1546948800,1547,4830,3283,6377,2,2.154395371823276,1.8883153556201842
47,1546963200,1078,1816,738,2894,2,0.02044313861729745,0.2165806450072849
47,1546977600,2431,1272,-1159,3703,2,-1.570168801025823,0.6048761893328191
47,1546992000,655,441,-214,1096,2,-0.777797539579988,-0.6464050023317885
47,1547006400,125,64,-61,189,2,-0.6495088591554243,-1.0817375841652366
47,1547020800,701,1463,762,2164,2,0.040566853193699605,-0.1337972874496248
47,1547035200,1610,4840,3230,6450,2,2.109955502133721,1.9233531488658753
47,1547049600,1152,2002,850,3154,2,0.11435380664050751,0.3413727853344034
47,1547064000,2579,1723,-856,4302,2,-1.3161069044987457,0.8923780818556806
47,1547078400,748,293,-455,1041,2,-0.9798731734513597,-0.672803339708679
47,1547092800,112,54,-58,166,2,-0.646993394833374,-1.0927768888864817
47,1547107200,671,1626,955,2297,2,0.20239505791226692,-0.06996130797459878
47,1547121600,1665,5592,3927,7257,2,2.6943817129567336,2.3106887536504317
47,1547136000,1006,2541,1535,3547,2,0.688718160175319,0.530000905136548
47,1547150400,2389,2503,114,4892,2,-0.5027734403691586,1.175560246444142
47,1547164800,823,468,-355,1291,2,-0.8960243627163508,-0.5528108970864497
47,1547179200,119,68,-51,187,2,-0.6411239780819233,-1.0826975237062144
47,1547193600,640,1479,839,2119,2,0.10513043745965651,-0.1553959271216261
47,1547208000,1498,5244,3746,6742,2,2.5426153655263675,2.063504321848639
47,1547222400,1100,2422,1322,3522,2,0.5101201933097499,0.5180016608743251
47,1547236800,2153,2492,339,4645,2,-0.31411361621538836,1.0570077131333793
47,1547251200,639,672,33,1311,2,-0.5706909770645159,-0.5432115016766713
47,1547265600,118,111,-7,229,2,-0.6042305013585194,-1.06253879334568
47,1547280000,69,356,287,425,2,-0.357714997797593,-0.9684647183298521
47,1547294400,334,1126,792,1460,2,0.0657214964142023,-0.47169600587382265
47,1547308800,613,1487,874,2100,2,0.13447752121690965,-0.1645153527609155
47,1547323200,573,1533,960,2106,2,0.2065874984490174,-0.161635534137982
47,1547337600,323,604,281,927,2,-0.36274592644169357,-0.7275198935444156
47,1547352000,93,160,67,253,2,-0.5421823814146128,-1.051019518853946
47,1547366400,58,175,117,233,2,-0.5002579760471083,-1.0606189142637243
47,1547380800,244,761,517,1005,2,-0.1648627331070724,-0.6900822514462801
47,1547395200,431,1253,822,1684,2,0.09087613963470499,-0.36418277728430515
47,1547409600,434,1069,635,1503,2,-0.0659211364397618,-0.4510573057427992
47,1547424000,226,398,172,624,2,-0.45414113014285334,-0.8729507340025576
47,1547438400,43,55,12,98,2,-0.5882992273188677,-1.1254148332797282
47,1547452800,730,1670,940,2400,2,0.1898177363020156,-0.020524421614240288
47,1547467200,1594,5201,3607,6795,2,2.426065518604705,2.088942719684552
47,1547481600,975,2293,1318,3268,2,0.5067662408803495,0.39608933917014
47,1547496000,2498,2431,-67,4929,2,-0.6545397877995248,1.1933191279522317
47,1547510400,663,567,-96,1230,3,-0.8779439330175725,-0.47458496341925527
47,1547524800,108,59,-49,167,3,-0.8195592639665277,-1.061550822928085
47,1547539200,729,1612,883,2341,3,0.33819630104567966,0.13888546923766834
47,1547541668,128,306,178,434,3,-0.5375737347199921,-0.9141191347918126
47,1547553600,1654,4312,2658,5966,3,2.543149227973435,2.1405329205260104
47,1547568000,1041,2399,1358,3440,3,0.9282541265615578,0.7457297586075684
47,1547582400,2501,2569,68,5070,3,-0.6742187048394587,1.6457808884282574
47,1547596800,739,611,-128,1350,3,-0.9176951970523264,-0.4083235305490205
47,1547611200,115,77,-38,192,3,-0.805894766954581,-1.047746357746786
47,1547625600,737,1408,671,2145,3,0.07484417681543508,0.030658462216284876
47,1547627211,78,178,100,256,3,-0.6344674408047049,-1.0124069268826608
47,1547640000,1553,3868,2315,5421,3,2.1170653666009165,1.8395955795736942
47,1547654400,1048,2367,1319,3415,3,0.8798072735192015,0.7319252934262696
47,1547668800,2573,2495,-78,5068,3,-0.8555838469980234,1.6446765312137535
47,1547683200,700,669,-31,1369,3,-0.7971991779469786,-0.3978321370112333
47,1547697600,130,72,-58,202,3,-0.8307393069763022,-1.0422245716742664
47,1547712000,708,1216,508,1924,3,-0.1276388243615926,-0.0913730099863975
47,1547726400,1751,3834,2083,5585,3,1.828868702348951,1.930152871163015
47,1547740800,1075,2610,1535,3685,3,1.1481283057537903,0.8810135173842978
47,1547755200,2418,2384,-34,4802,3,-0.8009258589502367,1.4977970216847332
47,1547769600,705,741,36,1446,3,-0.7139699688742126,-0.3553143842528327
47,1547784000,134,131,-3,265,3,-0.7624168219165689,-1.0074373194173931
47,1547798400,541,1197,656,1738,3,0.05621077179914419,-0.1940782309352614
47,1547812800,1360,4738,3378,6098,3,3.437552668755398,2.2134204966832685
47,1547827200,1020,2330,1310,3350,3,0.868627230509427,0.6960336839548924
47,1547841600,2128,2629,501,4757,3,-0.13633441336919502,1.4729489843583952
47,1547856000,585,732,147,1317,3,-0.5760827717536601,-0.42654542458833505
47,1547870400,148,139,-9,287,3,-0.7698701839230853,-0.9952893900578502
47,1547884800,69,365,296,434,3,-0.3909909485918372,-0.9141191347918126
47,1547899200,340,1112,772,1452,3,0.20030910392512707,-0.35200131260932094
47,1547913600,582,1395,813,1977,3,0.2512404109696555,-0.0621075438020438
47,1547928000,503,1302,799,1805,3,0.23384923295445068,-0.15708226424938032
47,1547942400,310,414,104,724,3,-0.6294985328003606,-0.7539873386887452
47,1547956800,54,124,70,178,3,-0.6717342508372866,-1.0554768582483134
47,1547971200,43,173,130,216,3,-0.597200630772123,-1.034494071172739
47,1547985600,201,612,411,813,3,-0.24813484346694034,-0.7048434426433211
47,1548000000,406,1032,626,1438,3,0.018943961766562406,-0.35973181311084834
47,1548014400,376,845,469,1221,3,-0.1760856774039489,-0.47955457088452286
47,1548028800,188,308,120,496,3,-0.6096229007829836,-0.8798840611421913
47,1548043200,46,59,13,105,3,-0.7425411898991919,-1.0957858965777063
47,1548057600,142,783,641,925,3,0.0375773667828533,-0.642999438631102
47,1548072000,499,2271,1772,2770,3,1.4425361050111865,0.37577009174875764
47,1548086400,682,1356,674,2038,3,0.07857085781869326,-0.028424648759674463
47,1548100800,1021,1004,-17,2025,3,-0.7798079999317737,-0.03560297065394989
47,1548115200,375,254,-121,629,4,-0.9442764604439617,-0.858452136708504
47,1548129600,38,29,-9,67,4,-0.7903892817321048,-1.1639892847794897
47,1548144000,692,1364,672,2056,4,0.14529972454266854,-0.08264873760299365
47,1548158400,1570,3561,1991,5131,4,1.9575960524081986,1.5891070102943043
47,1548172800,970,2294,1324,3264,4,1.0411429434724075,0.5740930326278798
47,1548187200,2422,2396,-26,4818,4,-0.8137471570722974,1.418941303272563
47,1548201600,698,452,-246,1150,4,-1.1160255438277307,-0.5752050652761488
47,1548216000,163,34,-129,197,4,-0.955268401780523,-1.0933134320228561
47,1548230400,720,1313,593,2033,4,0.036754303844126555,-0.09515292693685962
47,1548244800,1579,3917,2338,5496,4,2.4343715078815413,1.787543058418699
47,1548259200,1027,2469,1442,3496,4,1.2032740781866853,0.70022224677818
47,1548273600,2657,2586,-71,5243,4,-0.8755768270904541,1.6499969757461734
47,1548288000,758,659,-99,1417,4,-0.9140486217684184,-0.4300477369221395
47,1548302400,113,57,-56,170,4,-0.8549669370844019,-1.107992262980003
47,1548316800,731,1464,733,2195,4,0.22911327723394778,-0.0070799411939775824
47,1548331200,1644,3767,2123,5411,4,2.1389630844614587,1.741331923923977
47,1548345600,1103,2385,1282,3488,4,0.9834352514554611,0.695872963531618
47,1548360000,2717,2571,-146,5288,4,-0.9786262771207155,1.674461694008085
47,1548374400,553,438,-115,991,4,-0.9360325044415408,-0.6616470698015701
47,1548388800,135,48,-87,183,4,-0.8975607097635766,-1.1009246777043398
47,1548403200,648,1202,554,1850,4,-0.016831410171609357,-0.19464278120196712
47,1548417600,1416,3458,2042,4874,4,2.027669678428776,1.4493862859984976
47,1548432000,1034,2506,1472,3540,4,1.2444938581987899,0.7241433046342715
47,1548446400,2318,2550,232,4868,4,-0.4592570489681982,1.4461243235635761
47,1548460800,603,696,93,1299,4,-0.6502420296909492,-0.4941996648089301
47,1548475200,139,153,14,292,4,-0.7587874503894912,-1.0416656934699313
47,1548489600,64,296,232,360,4,-0.4592570489681982,-1.0046967858741538
47,1548504000,364,1054,690,1418,4,0.17003159254993128,-0.4295040765163192
47,1548518400,676,1311,635,1987,4,0.09446199586107293,-0.12016130560459155
47,1548532800,584,1380,796,1964,4,0.31567481525936736,-0.13266549493845753
47,1548547200,272,622,350,894,4,-0.2971259142539203,-0.7143821291661352
47,1548561600,67,128,61,195,4,-0.6942097950371942,-1.0944007528344966
47,1548576000,46,154,108,200,4,-0.6296321396848971,-1.0916824508053953
47,1548590400,252,751,499,1003,4,-0.0924010068604677,-0.655123144931727
47,1548604800,475,1129,654,1604,4,0.1205678565354058,-0.32838324103375094
47,1548619200,456,1095,639,1551,4,0.09995796652935353,-0.3571972425422247
47,1548633600,216,300,84,516,4,-0.6626079636945806,-0.9198857625661933
47,1548648000,32,39,7,71,4,-0.7684053990589823,-1.1618146431562089
47,1548661378,91,514,423,605,4,-0.19682444955779924,-0.8714999864481902
47,1548661461,594,1329,735,1923,4,0.2318612625680881,-0.15495557157708817
47,1548662400,169,145,-24,314,4,-0.810999171738157,-1.0297051645418858
47,1548676800,1517,3713,2196,5230,4,2.2392645491575798,1.64292939047051
47,1548691200,996,2194,1198,3190,4,0.8680198674215683,0.5338621625971807
47,1548705600,2425,2257,-168,4682,4,-1.008854115796259,1.3450034880810078
47,1548720000,688,349,-339,1037,5,-1.173664227076985,-0.6559722666877328
47,1548734400,98,59,-39,157,5,-0.7741567367709009,-1.1606503469703848
47,1548748800,781,1151,370,1932,5,-0.22949485832027283,-0.14269171912753556
47,1548763200,1638,4097,2459,5735,5,2.5524089658444264,2.038320484639425
47,1548777600,1065,2360,1295,3425,5,1.00231990345682,0.7135405238974638
47,1548792000,2612,2475,-137,5087,5,-0.9046625169375551,1.6666938982494726
47,1548806400,715,381,-334,1096,5,-1.167005768905217,-0.622135895396055
47,1548820800,107,59,-48,166,5,-0.7861419614800834,-1.1554888666038576
47,1548835200,764,1376,612,2140,5,0.09277451719330171,-0.023404172878908724
47,1548849600,1582,3665,2083,5247,5,2.0516929113274673,1.7584535492099547
47,1548864000,1082,2425,1343,3507,5,1.0662411019057934,0.7605673450147109
47,1548878400,2346,2143,-203,4489,5,-0.9925541648048936,1.3237422027846704
47,1548892800,659,473,-186,1132,5,-0.9699154070208821,-0.6014899739299465
47,1548907200,91,42,-49,133,5,-0.7874736531144371,-1.1744142946144571
47,1548921600,613,1383,770,1996,5,0.3031817954211727,-0.1059878587433427
47,1548936000,1480,3583,2103,5063,5,2.07832674401454,1.6529299506054003
47,1548950400,958,2289,1331,3247,5,1.05026080229355,0.6114579122039274
47,1548964800,1973,1716,-257,3689,5,-1.0644655130599887,0.8649439479822594
47,1548979200,682,574,-108,1256,5,-0.8660434595413002,-0.5303762444355727
47,1548993600,103,69,-34,172,5,-0.7674982785991328,-1.1520478796928395
47,1549008000,506,1164,658,1670,5,0.15403233237356795,-0.29294814757532517
47,1549022400,1276,3328,2052,4604,5,2.0104104706625057,1.389694451912517
47,1549036800,881,2031,1150,2912,5,0.809224616475546,0.4193361430054178
47,1549051200,2128,2488,360,4616,5,-0.24281177466380896,1.396576425734553
47,1549065600,513,584,71,1097,5,-0.6276706569920034,-0.6215623975775519
47,1549080000,137,86,-51,223,5,-0.7901370363831443,-1.1227994909491859
47,1549094400,59,258,199,317,5,-0.4572141277947408,-1.0688906960099027
47,1549108800,327,951,624,1278,5,0.10875481680554508,-0.5177592924285065
47,1549123200,561,1256,695,1817,5,0.20330492284465165,-0.20864396825538215
47,1549137600,564,1333,769,1897,5,0.3018501037868191,-0.16276414277514104
47,1549152000,301,511,210,812,5,-0.44256551981685105,-0.7850092758509108
47,1549166400,71,108,37,179,5,-0.6729481725600263,-1.1480333949633186
47,1549180800,52,162,110,214,5,-0.5757346832522124,-1.127960971315713
47,1549195200,292,676,384,968,5,-0.21085117543932225,-0.6955436161644407
47,1549209600,354,1006,652,1360,5,0.14604218256744628,-0.4707324713112594
47,1549224000,412,947,535,1359,5,-0.009765738651926552,-0.47130596912976236
47,1549238400,239,396,157,635,5,-0.5131451764375926,-0.8865183897259443
47,1549252800,41,60,19,101,5,-0.6969186219783913,-1.1927662248065536
47,1549267200,676,1436,760,2112,5,0.2898648790776366,-0.039462111796993105
47,1549281600,1586,3558,1972,5144,5,1.9038751399142164,1.6993832739041443
47,1549296000,1043,2191,1148,3234,5,0.8065612332068387,0.6040024405633883
47,1549310400,2352,1987,-365,4339,5,-1.208288209570179,1.2377175300092182
47,1549324800,624,597,-27,1221,6,-0.7684101202795117,-0.5973251307568023
47,1549339200,122,68,-54,190,6,-0.7996310832460816,-1.1333505962525343
47,1549353600,734,1434,700,2168,6,0.07224321589442632,-0.10497196312881178
47,1549368000,1524,3622,2098,5146,6,1.6887952983857129,1.4433149779442143
47,1549382400,1100,2472,1372,3572,6,0.8492982941734997,0.6249793012320104
47,1549396800,2540,2444,-96,4984,6,-0.8481970256385236,1.359089832056427
47,1549411200,727,472,-255,1199,6,-1.0320538075527688,-0.6087631135316869
47,1549425600,139,64,-75,203,6,-0.8239140544423026,-1.1265917882491934
47,1549440000,804,1674,870,2478,6,0.2688196493876443,0.056199612335472326
47,1549454400,1659,4850,3191,6509,6,2.952666132550932,2.1519500016791153
47,1549468800,1099,2609,1510,3708,6,1.0088721048915237,0.6956868311131157
47,1549483200,2569,2461,-108,5030,6,-0.8620730091792214,1.383005614222095
47,1549497600,662,626,-36,1288,6,-0.778817107935035,-0.5624912741241989
47,1549512000,102,58,-44,160,6,-0.7880677636288335,-1.1489478454910134
47,1549526400,721,1739,1018,2460,6,0.4399567797229164,0.04684126279238486
47,1549540800,1671,4723,3052,6394,6,2.791935989871183,2.092160546264945
47,1549555200,1084,2643,1559,3727,6,1.0655323710160394,0.7055650889641525
47,1549569600,2193,1904,-289,4097,6,-1.0713690942514122,0.8979311629053948
47,1549584000,700,590,-110,1290,6,-0.864385673102671,-0.5614514575083003
47,1549598400,108,40,-68,148,6,-0.815819730710229,-1.155186745186405
47,1549612800,601,1269,668,1870,6,0.03524059311923236,-0.2599046388977042
47,1549627200,1490,3703,2213,5193,6,1.821773473984066,1.4677506684178314
47,1549641600,1171,2554,1383,3725,6,0.8620179457524726,0.7045252723482539
47,1549656000,2364,2834,470,5198,6,-0.19371313530228032,1.470350209957578
47,1549670400,635,750,115,1385,6,-0.6042109817145884,-0.5120601682531165
47,1549684800,102,99,-3,201,6,-0.7406581531981162,-1.1276316048650918
47,1549699200,64,343,279,407,6,-0.41457253999171934,-1.0205304934275354
47,1549713600,350,987,637,1337,6,-0.0006056976942367998,-0.537015767034683
47,1549728000,595,1220,625,1815,6,-0.014481681234934539,-0.2884995958349159
47,1549742400,590,1220,630,1810,6,-0.00870002142631048,-0.2910991373746625
47,1549756800,293,527,234,820,6,-0.46660747826933585,-0.8058083622444729
47,1549771200,76,130,54,206,6,-0.674747231379802,-1.1250320633253454
47,1549785600,45,155,110,200,6,-0.6099926415232125,-1.128151513173041
47,1549800000,264,589,325,853,6,-0.361381269752378,-0.788651388082146
47,1549814400,411,1005,594,1416,6,-0.050327972048403696,-0.49594301070668806
47,1549828800,428,916,488,1344,6,-0.17289915999123373,-0.5333764088790379
47,1549843200,216,283,67,499,6,-0.6597149158773794,-0.9726989290961994
47,1549857600,41,54,13,95,6,-0.7221568418105192,-1.182741885507718
47,1549872000,690,1428,738,2118,6,0.11618383043996916,-0.13096737852627696
47,1549886400,1633,3577,1944,5210,6,1.5107201762800917,1.4765891096529697
47,1549900800,981,2237,1256,3218,6,0.7151637866134215,0.44093176021795694
47,1549915200,2458,2186,-272,4644,6,-1.0517114509020904,1.1823210073536639
47,1549929600,652,406,-246,1058,7,-1.2266332846190453,-0.6515144012031436
47,1549944000,112,39,-73,151,7,-0.9814146238023946,-1.1914993800864069
47,1549958400,649,1682,1033,2331,7,0.5862838667364236,0.10636969815561517
47,1549972800,1300,3355,2055,4655,7,2.0349166491330535,1.4899695778961928
47,1549987200,965,2107,1142,3072,7,0.7407857975399781,0.5475261142002658
47,1550001600,2322,2054,-268,4376,7,-1.257817160561047,1.3238661499927413
47,1550016000,663,462,-201,1125,7,-1.162848083828587,-0.6116257643947879
47,1550030400,106,57,-49,163,7,-0.9473958500474836,-1.1843551466281939
47,1550044800,687,1408,721,2095,7,0.14403980792257975,-0.03413355985590648
47,1550059200,1616,3873,2257,5489,7,2.321241328236888,1.9864938032419939
47,1550073600,1076,2586,1510,3662,7,1.262406995115281,0.8987842592290699
47,1550088000,2371,2290,-81,4661,7,-0.9927542150540317,1.4935416946252993
47,1550102400,727,604,-123,1331,7,-1.052287069125126,-0.48898309002879864
47,1550116800,105,65,-40,170,7,-0.934638809889392,-1.180187677110903
47,1550131200,663,1379,716,2042,7,0.13695256339030662,-0.06568725762968042
47,1550145600,1685,3723,2038,5408,7,2.010820017723325,1.9382702273990564
47,1550160000,1160,2701,1541,3861,7,1.3063479112153744,1.0172594640777683
47,1550174400,2684,2495,-189,5179,7,-1.1458386969511316,1.8019344389048257
47,1550188800,596,623,27,1219,7,-0.8396697331569319,-0.555662602305453
47,1550203200,126,81,-45,207,7,-0.9417260544216651,-1.1581596239480798
47,1550217600,587,1216,629,1803,7,0.013634508528754,-0.2079765740057553
47,1550232000,1457,3327,1870,4784,7,1.7726886014389471,1.5667700875719823
47,1550246400,1192,2600,1408,3792,7,1.117827206656909,0.9761801216930437
47,1550260800,2185,2742,557,4927,7,-0.0884218127359792,1.6519055362823534
47,1550275200,548,796,248,1344,7,-0.5264135248304592,-0.4812435037824012
47,1550289600,129,117,-12,246,7,-0.8949502405086623,-1.1349408652088875
47,1550304000,69,324,255,393,7,-0.5164913824852768,-1.0474240053457788
47,1550318400,328,1156,828,1484,7,0.2957068409132249,-0.3978941134365833
47,1550332800,613,1450,837,2063,7,0.30846388107131656,-0.053184849077807725
47,1550347200,538,1579,1041,2117,7,0.5976234579880606,-0.02103579851584938
47,1550361600,275,702,427,977,7,-0.2726901705750808,-0.6997379770460811
47,1550376000,80,114,34,194,7,-0.8297475908117495,-1.1658992101944772
47,1550390400,42,197,155,239,7,-0.6582362731307395,-1.1391083347261786
47,1550404800,238,796,558,1034,7,-0.08700436382952458,-0.6658028681195696
47,1550419200,475,1362,887,1837,7,0.37933632639404796,-0.18773457920748524
47,1550433600,462,1335,873,1797,7,0.35949204170368315,-0.2115486907348618
47,1550448000,209,481,272,690,7,-0.4923947510755481,-0.8706042272550079
47,1550462400,46,64,18,110,7,-0.8524267733150236,-1.215908844401968
47,1550476800,131,645,514,776,7,-0.14937211571352818,-0.8194038874711482
47,1550491200,545,2382,1837,2927,7,1.7259127875259446,0.4611999599135258
47,1550505600,679,1459,780,2138,7,0.22766929340340278,-0.008533389963976687
47,1550520000,1099,1372,273,2471,7,-0.49097730216909347,0.1897190885014331
47,1550534400,388,404,16,792,8,-0.6986006445086596,-0.9588705344881147
47,1550548800,55,61,6,116,8,-0.7105700789450516,-1.3304363019366474
47,1550563200,674,1373,699,2047,8,0.11891172749692697,-0.2690553892989006
47,1550563362,23,11,-12,34,8,-0.7321150609305577,-1.375507889112357
47,1550577600,1469,3663,2194,5132,8,1.9083421757375592,1.4266256648116376
47,1550592000,948,2503,1555,3451,8,1.1434953152520984,0.5026581277095906
47,1550606400,2322,2274,-48,4596,8,-0.7752050249015695,1.1320113876630966
47,1550620800,711,463,-248,1174,8,-1.0145937136294132,-0.7489028966695651
47,1550635200,187,86,-101,273,8,-0.8386430274144481,-1.244140702100228
47,1550649600,617,1358,741,1975,8,0.16918335212977417,-0.30863044145318225
47,1550664000,1516,3581,2065,5097,8,1.7539364715080998,1.4073877922366396
47,1550678400,1175,2187,1012,3362,8,0.4935550253560025,0.4537389660188814
47,1550692800,2310,2303,-7,4613,8,-0.7261303437123615,1.1413554971995243
47,1550707200,666,579,-87,1245,8,-0.821885819203499,-0.7098774980174263
47,1550721600,115,64,-51,179,8,-0.7787958552324872,-1.2958081313016512
47,1550736000,701,1387,686,2088,8,0.10335146272961712,-0.2465195957110458
47,1550750400,1486,3810,2324,5296,8,2.0639448234106577,1.5167688391630567
47,1550764800,1111,2579,1468,3690,8,1.0393612356554862,0.6340253147217199
47,1550779200,2410,2240,-170,4650,8,-0.9212321250255542,1.1616926767788078
47,1550793600,749,598,-151,1347,8,-0.8984901995964091,-0.6538128407988606
47,1550808000,113,67,-46,180,8,-0.772811138014291,-1.2952584777995082
47,1550822400,604,1086,482,1690,8,-0.1408249997727835,-0.4652816895638802
47,1550824651,354,302,-52,656,8,-0.7799927986761264,-1.0336234107795355
47,1550836800,1018,3009,1991,4027,8,1.6653626566787978,0.8192585449438434
47,1550851200,1137,2390,1253,3527,8,0.7820183952730542,0.5444317938724434
47,1550865600,2320,2392,72,4712,8,-0.6315718116648632,1.1957711939116615
47,1551484800,6835,7933,1098,14768,9,1.3391078321669854,3.8291923812690034
47,1551499200,132,129,-3,261,9,-0.8989119871857988,-0.5613095452586013
47,1551513600,69,297,228,366,9,-0.42935469538698584,-0.5295315965245144
47,1551528000,363,966,603,1329,9,0.33291363545524305,-0.23808240956331758
47,1551542400,514,1120,606,1634,9,0.3390117821019809,-0.1457750346690652
47,1551556800,599,1066,467,1665,9,0.056464320803128056,-0.13639297361423955
47,1551571200,247,511,264,758,9,-0.35617693562613184,-0.4108939212505901
47,1551585600,103,100,-3,203,9,-0.8989119871857988,-0.5788630788450494
47,1551600000,54,152,98,206,9,-0.6936077167456252,-0.5779551374526468
47,1551614400,264,632,368,896,9,-0.14477451853922038,-0.3691286172000759
47,1551628800,435,1041,606,1476,9,0.3390117821019809,-0.19359328133559595
47,1551643200,468,839,371,1307,9,-0.13867637189248255,-0.2447406464409358
47,1551657600,193,290,97,483,9,-0.6956404322945378,-0.49412188222081765
47,1551672000,37,39,2,76,9,-0.8887484094412358,-0.6172992644567544
47,1551686400,423,972,549,1395,9,0.2231469958139621,-0.21810769893046297
47,1551700800,1273,3230,1957,4503,9,3.0852104886829177,0.7225195835985089
47,1551715200,925,1764,839,2689,9,0.8126345049986191,0.1735176883258078
47,1551729600,2154,1913,-241,4067,9,-1.382698287827,0.5905654345693481
47,1551744000,636,434,-202,1070,10,-0.930018042390444,-0.7073663454825513
47,1551758400,96,94,-2,190,10,-0.684198295503102,-1.2221792812307217
47,1551772800,741,965,224,1706,10,-0.4064219815204055,-0.3352969964645553
47,1551787200,1665,3572,1907,5237,10,1.662151188536578,1.7303899082249787
47,1551801600,1065,2270,1205,3335,10,0.7993238769620072,0.617691949369274
47,1551816000,2278,2019,-259,4297,10,-1.0000766702533366,1.1804760904939786
47,1551830400,712,412,-300,1124,10,-1.0504697183652416,-0.6757755516980044
47,1551844800,329,470,141,799,10,-0.5084371764786524,-0.8659053291049992
47,1551859200,754,1453,699,2207,10,0.1773999173370319,-0.04220463190792643
47,1551873600,1629,3780,2151,5409,10,1.9620512797391354,1.8310124365757576
47,1551888000,1074,2252,1178,3326,10,0.7661382111322161,0.6124268170718494
47,1551902400,2221,1592,-629,3813,10,-1.4548432019949191,0.8973289758324847
47,1551916800,706,416,-290,1122,10,-1.0381787310208745,-0.6769455810974321
47,1551931200,130,61,-69,191,10,-0.7665479107103615,-1.221594266531008
47,1551945600,743,1524,781,2267,10,0.27818601356084216,-0.007103749925096623
47,1551960000,1502,3941,2439,5443,10,2.3160317152569077,1.8509029363660279
47,1551974400,1050,2424,1374,3474,10,1.0070415630818113,0.6990089926294963
47,1551988800,2289,2262,-27,4551,10,-0.7149257638640197,1.3290698242212913
47,1552003200,794,638,-156,1432,10,-0.8734795006063554,-0.49559102418614476
47,1552017600,124,77,-47,201,10,-0.739507738552754,-1.2157441195338696
47,1552032000,652,1313,661,1965,10,0.1306941654284369,-0.1837781892386733
47,1552046400,1391,3641,2250,5032,10,2.0837320544483697,1.6104618947836435
47,1552060800,1083,2320,1237,3403,10,0.838655036463982,0.6574729489498143
47,1552075200,2145,2238,93,4383,10,-0.5674339157316145,1.230787354669368
47,1552089600,649,731,82,1380,10,-0.5809540018104183,-0.526011788571264
47,1552104000,179,138,-41,317,10,-0.7321331461461337,-1.1478824143670654
47,1552118400,71,320,249,391,10,-0.3756945131594877,-1.1045913265882419
47,1552132800,419,1009,590,1428,10,0.04342815528343048,-0.4979310829850001
47,1552147200,562,1400,838,1962,10,0.3482446414237346,-0.1855332333378148
47,1552161600,672,1258,586,1930,10,0.038511760345683634,-0.20425370372865737
47,1552176000,277,546,269,823,10,-0.3511125384707535,-0.8518649763118673
47,1552194000,114,104,-10,218,10,-0.6940310853785957,-1.2057988696387345
47,1552208400,60,269,209,329,10,-0.42485846253695614,-1.1408622379704993
47,1552222800,321,829,508,1150,10,-0.05735794094037976,-0.6605651695054449
47,1552237200,462,1065,603,1527,10,0.05940643883110771,-0.4400146277133309
47,1552251600,413,794,381,1207,10,-0.21345348021384197,-0.6272193316217566
47,1552266000,169,219,50,388,10,-0.6202851613123931,-1.1063463706873835
47,1552280400,33,84,51,117,10,-0.6190560625779563,-1.2648853543098313
47,1552294800,1358,2754,1396,4112,10,1.034081735239419,1.07224837104692
47,1552309200,1006,3755,2749,4761,10,2.6970523229322882,1.4519229111611958
47,1552323600,1373,2264,891,3637,10,0.4133868743488803,0.7943663886828506
47,1552338000,2267,1803,-464,4070,10,-1.2520419108128622,1.047677753658939
47,1552352400,528,384,-144,912,11,-0.8586567061912979,-0.8633219231343191
47,1552366800,56,88,32,144,11,-0.6867393071618809,-1.2855195633390037
47,1552381200,1488,2228,740,3716,11,0.004837502570091829,0.6781392528213267
47,1552395600,1142,4008,2866,5150,11,2.081521538573162,1.4664614091410113
47,1552410000,1393,2318,925,3711,11,0.18554613223169486,0.6753905702679107
47,1552424400,2247,1723,-524,3970,11,-1.2298419995502663,0.8177723265348552
47,1552438800,499,388,-111,887,11,-0.8264221938732822,-0.8770653359013987
47,1552453200,67,82,15,149,11,-0.7033449650226768,-1.2827708807855878
47,1552467600,1417,3296,1879,4713,11,1.1174165792434207,1.2262265539724604
47,1552482000,1196,4090,2894,5286,11,2.108872033873297,1.5412255745939243
47,1552496400,1404,2487,1083,3891,11,0.3398810699967396,0.7743431421908837
47,1552510800,2155,1756,-399,3911,11,-1.107741574103237,0.7853378724045473
47,1552525200,533,465,-68,998,11,-0.7844196475195041,-0.8160445832155653
47,1552539600,53,55,2,108,11,-0.7160434092691679,-1.3053100777235984
47,1552554000,1432,3434,2002,4866,11,1.2375633978832974,1.3103362401069873
47,1552568400,1155,3913,2758,5068,11,1.9760267709869292,1.4213830152649904
47,1552582800,1469,2449,980,3918,11,0.23927031942838767,0.7891860279793297
47,1552597200,2192,1892,-300,4084,11,-1.01103803714919,0.8804422887527381
47,1552611600,515,545,30,1060,11,-0.6886929139690333,-0.781960919553208
47,1552626000,60,113,53,173,11,-0.66622643568678,-1.2695772045291915
47,1552640400,960,3070,2110,4030,11,1.3430581654695306,0.8507565171758462
47,1552654800,920,3788,2868,4708,11,2.083475145380315,1.2234778714190444
47,1552669200,1509,2417,908,3926,11,0.1689404743708989,0.7935839200647952
47,1552683600,1915,1765,-150,3680,11,-0.8645175266127553,0.658348738436732
47,1552698000,507,377,-130,884,11,-0.8449814585412305,-0.8787145454334482
47,1552712400,63,80,17,143,11,-0.7013913582155243,-1.286069299849687
47,1552726800,113,572,459,685,11,-0.26964425383482954,-0.9881121110594017
47,1552741200,478,1439,961,1917,11,0.22071105476043923,-0.31083672989771993
47,1552755600,682,1691,1009,2373,11,0.2675976181320984,-0.06015688102618841
47,1552770000,537,1240,703,1777,11,-0.03130422336222878,-0.3877998413933656
47,1552784400,281,497,216,778,11,-0.5070074809038541,-0.9369866155658656
47,1552798800,89,106,17,195,11,-0.7013913582155243,-1.2574830012941614
47,1552813200,148,397,249,545,11,-0.4747729685858384,-1.0650752225550473
47,1552827600,491,1010,519,1501,11,-0.21103604962025557,-0.5395271183419241
47,1552842000,511,1095,584,1606,11,-0.14754382838780047,-0.48180478472018995
47,1552856400,386,869,483,1255,11,-0.24620097214899997,-0.6747622999699873
47,1552870800,191,275,84,466,11,-0.6359455301759168,-1.1085044068990189
47,1552885200,32,87,55,119,11,-0.6642728288796276,-1.2992629761060834
47,1552899600,1311,3436,2125,4747,11,1.357710216523174,1.2449175953356886
47,1552914000,1043,3917,2874,4960,11,2.089335965801772,1.3620114721112067
47,1552928400,1369,2149,780,3518,11,0.04390963871314114,0.5692914237060563
47,1552942800,2158,1576,-582,3734,11,-1.2864965969576878,0.6880345100136239
47,1552957200,463,323,-140,786,12,-0.8731853537867162,-0.9285509507576328
47,1552971600,57,108,51,165,12,-0.6932687558344126,-1.2591017566819995
47,1552986000,1394,3440,2046,4834,12,1.1859648196359842,1.2261505989715729
47,1553000400,1069,4063,2994,5132,12,2.078954007378308,1.3847724027806894
47,1553014800,1514,2396,882,3910,12,0.0895097410156624,0.734316549576863
47,1553029200,2207,1761,-446,3968,12,-1.1614286991972131,0.7651892496470937
47,1553043600,485,393,-92,878,12,-0.8279707113693834,-0.8795804609910599
47,1553058000,57,114,57,171,12,-0.6876169255322461,-1.2559080290885274
47,1553072400,1434,3559,2125,4993,12,1.2603805852811778,1.3107843801985848
47,1553086800,1125,4093,2968,5218,12,2.054462742735586,1.43054916495379
47,1553101200,1422,2431,1009,3853,12,0.20914014907818892,0.7039761374388775
47,1553115600,2175,1771,-404,3946,12,-1.1218658870820468,0.7534789151376958
47,1553130000,545,493,-52,1038,12,-0.7902918426882727,-0.7944143918318027
47,1553144400,57,109,52,166,12,-0.6923267841173849,-1.2585694687497542
47,1553158800,1387,3517,2130,4904,12,1.2650904438663166,1.263410754228748
47,1553173200,1113,4108,2995,5221,12,2.079895979095336,1.432146028750526
47,1553187600,1463,2475,1012,3938,12,0.21196606422927222,0.749220611679733
47,1553202000,2169,1772,-397,3941,12,-1.1152720850628526,0.750817475476469
47,1553216400,479,327,-152,806,12,-0.8844890143910495,-0.9179051921127257
47,1553230800,72,107,35,179,12,-0.7083403033068569,-1.2516497256305645
47,1553245200,1166,3091,1925,4257,12,1.0719862418756243,0.9190204620660019
47,1553259600,1003,3895,2892,4898,12,1.9828728922414758,1.260217026635276
47,1553274000,1441,2488,1047,3929,12,0.24493507432524408,0.7444300202895248
47,1553288400,1845,1707,-138,3552,12,-0.8713014103526607,0.5437574698330251
47,1553302800,480,564,84,1044,12,-0.6621836891724963,-0.7912206642383306
47,1553317200,97,77,-20,174,12,-0.7601487477433841,-1.2543111652917913
47,1553331600,114,584,470,698,12,-0.2985826063997779,-0.9753922887952242
47,1553346000,440,1301,861,1741,12,0.06972833495807929,-0.42021597546331674
47,1553360400,624,1572,948,2196,12,0.1516798743394951,-0.17802496629167922
47,1553374800,552,1200,648,1752,12,-0.13091164076883527,-0.4143608082086178
47,1553389200,256,539,283,795,12,-0.4747313174839705,-0.9237603593674246
47,1553403600,74,80,6,154,12,-0.7356574831006621,-1.2649569239366985
47,1553418000,84,302,218,386,12,-0.5359594790907755,-1.1414661236557757
47,1553432400,373,1021,648,1394,12,-0.13091164076883527,-0.6049198879524557
47,1553446800,498,1280,782,1778,12,-0.0046874306871143735,-0.4005213219702385
47,1553461200,443,960,517,1403,12,-0.25430993569947286,-0.6001292965622474
47,1553475600,204,277,73,481,12,-0.6725453780598017,-1.0908987700924668
47,1553490000,34,112,78,146,12,-0.6678355194746629,-1.2692152273946613
47,1553504400,1418,3527,2109,4945,12,1.2453090378087337,1.2852345594508077
47,1553518800,1087,3811,2724,4898,12,1.8246216437808107,1.260217026635276
47,1553533200,1391,2264,873,3655,12,0.0810319955624125,0.5985831268542968
47,1553547600,2302,1654,-648,3956,12,-1.3517069860368223,0.7588017944601494
47,1553562000,485,306,-179,791,13,-0.8526826859752871,-0.9490969274079644
47,1553576400,82,192,110,274,13,-0.5779245972984431,-1.2321872264743874
47,1553590800,1524,3818,2294,5342,13,1.498447948273277,1.5428642931941472
47,1553605200,812,3983,3171,4795,13,2.3322294146040456,1.2433470908936957
47,1553619600,1495,2303,808,3798,13,0.0856779836580865,0.6974263400828177
47,1553634000,2253,1647,-606,3900,13,-1.258640138795399,0.7532778110785143
47,1553648400,308,483,175,791,13,-0.5161277953469038,-0.9490969274079644
47,1553662800,393,142,-251,535,13,-0.9211345281369921,-1.08927316833834
47,1553677200,1544,3486,1942,5030,13,1.1637944977049413,1.3720244995602515
47,1553691600,1124,3620,2496,4744,13,1.690493394338061,1.2154213553958473
47,1553706000,1446,2457,1011,3903,13,0.27867414975289384,0.7549205014019172
47,1553720400,2394,1377,-1017,3771,13,-1.649386071135132,0.6826421271721922
47,1553734800,753,473,-280,1226,13,-0.9487054090076789,-0.7109068305145522
47,1553749200,114,121,7,235,13,-0.6758487603908823,-1.2535422006786243
47,1553763600,1443,3275,1832,4718,13,1.0592152944023363,1.201184705926356
47,1553778000,1280,4088,2808,5368,13,1.9871180437054494,1.5571009426636384
47,1553792400,1449,2249,800,3698,13,0.07807222341789705,0.6426699959693897
47,1553806800,2171,1775,-396,3946,13,-1.0589889324904258,0.7784657293706913
47,1553821200,562,592,30,1154,13,-0.6539821997003377,-0.7503313982762204
47,1553835600,59,67,8,126,13,-0.6748980403608587,-1.313226615762261
47,1553850000,1246,3223,1977,4469,13,1.19706969875577,1.06484140908392
47,1553864400,1056,3774,2718,4830,13,1.901553241003318,1.2625118113333953
47,1553878800,1507,2606,1099,4113,13,0.3623375123949778,0.8699088240401162
47,1553893200,1811,1615,-196,3426,13,-0.8688449264856897,0.4937327399808653
47,1553907600,554,707,153,1261,13,-0.5370436360074248,-0.6917421100748524
47,1553922000,89,107,18,196,13,-0.6653908400606218,-1.2748971748828613
47,1553936400,139,739,600,878,13,-0.11207178258683922,-0.9014589080292819
47,1553950800,505,1240,735,1745,13,0.01627542146635776,-0.42672140456586055
47,1553965200,678,1573,895,2251,13,0.16839062627014678,-0.1496543033519145
47,1553979600,533,1058,525,1591,13,-0.18337578483861533,-0.5110461745005398
47,1553994000,292,696,404,988,13,-0.2984129084714808,-0.8412269295045111
47,1554008400,80,61,-19,141,13,-0.700567481171498,-1.3050131641452467
47,1554022800,93,334,241,427,13,-0.45338027336534087,-1.1484100199808425
47,1554037200,369,1023,654,1392,13,-0.06073290096556044,-0.6200112992862616
47,1554051600,510,1014,504,1524,13,-0.20334090546911265,-0.5477329250565366
47,1554066000,388,842,454,1230,13,-0.2508769069702967,-0.7087165767500151
47,1554080400,185,275,90,460,13,-0.5969389978989167,-1.1303404264234111
47,1554094800,46,109,63,155,13,-0.6226084387095562,-1.297347275969367
47,1554109200,1436,3596,2160,5032,13,1.371051464250104,1.37311962644252
47,1554123600,1082,3544,2462,4626,13,1.6581689133172557,1.1508088693420022
47,1554138000,1384,2037,653,3421,13,-0.06168362099558412,0.4909949227751939
47,1554152400,2261,1459,-802,3720,13,-1.4449812646800404,0.6547163916743438
47,1554166800,442,404,-38,846,14,-0.7716593531043032,-0.9153160572927247
47,1554181200,66,132,66,198,14,-0.6743666601600821,-1.2565659451732563
47,1554195600,1482,3718,2236,5200,14,1.3556827983876083,1.3775882819539327
47,1554210000,1053,3975,2922,5028,14,1.9974403691542975,1.2870096080103348
47,1554224400,1443,2311,868,3754,14,0.07590968350593072,0.6160954765908948
47,1554238800,2205,1644,-561,3849,14,-1.2609293378141844,0.6661243953388123
47,1554253200,510,224,-286,734,14,-1.0036650055097536,-0.9742975193955327
47,1554267600,69,110,41,179,14,-0.6977543267332121,-1.2665717289228398
47,1554282000,1421,3643,2222,5064,14,1.3425857051066556,1.3059679351148088
47,1554296400,1162,4109,2947,5271,14,2.0208280357274275,1.414978315965534
47,1554310800,1538,2475,937,4013,14,0.14045964324776974,0.7524901077036381
47,1554325200,2325,1816,-509,4141,14,-1.2122829913420738,0.8198974929639901
47,1554339600,537,451,-86,988,14,-0.8165636729247129,-0.8405359892695219
47,1554354000,75,105,30,180,14,-0.7080449000253893,-1.2660451087254931
47,1554368400,1469,3622,2153,5091,14,1.2780357453648166,1.3201866804431643
47,1554382800,1199,4163,2964,5362,14,2.036731648997156,1.4629007539240655
47,1554397200,1605,2603,998,4208,14,0.1975255496862071,0.8551810461862055
47,1554411600,2232,1795,-437,4027,14,-1.144926511611459,0.7598627904664891
47,1554426000,537,569,32,1106,14,-0.706173886699539,-0.778394805982635
47,1554440400,57,60,3,117,14,-0.7333035799243699,-1.2992221811583227
47,1554454800,1291,3311,2020,4602,14,1.1536133591957645,1.062669403940726
47,1554469200,1050,3814,2764,4864,14,1.8496303164121155,1.200643895645509
47,1554483600,1451,2306,855,3757,14,0.06374809688790309,0.6176753371829343
47,1554498000,2028,1760,-268,3788,14,-0.9868258855770998,0.6340005633006758
47,1554512400,476,477,1,953,14,-0.7351745932502203,-0.8589676961766494
47,1554526800,83,66,-17,149,14,-0.7520137131828739,-1.2823703348432347
47,1554541200,150,674,524,824,14,-0.2459046085403391,-0.9269017016343477
47,1554555600,490,1388,898,1878,14,0.10397488339368681,-0.3718440136311376
47,1554570000,673,1780,1107,2453,14,0.2994957759450542,-0.06903740015690057
47,1554584400,553,1355,802,1908,14,0.01416624375286733,-0.3560454077107426
47,1554598800,264,703,439,967,14,-0.32542267488898136,-0.8515950134137983
47,1554613200,80,87,7,167,14,-0.729561553272669,-1.2728911712909976
47,1554627600,97,341,244,438,14,-0.5078464741593959,-1.1301770978100965
47,1554642000,381,959,578,1340,14,-0.19538724874237814,-0.6551656798035541
47,1554656400,509,1298,789,1807,14,0.00200465713483969,-0.409234047642739
47,1554670800,413,1042,629,1455,14,-0.14767640893319278,-0.5946043571087067
47,1554685200,212,314,102,526,14,-0.6406884202947748,-1.0838345204436044
47,1554699600,79,89,10,168,14,-0.7267550332838935,-1.2723645510936512
47,1554714000,1425,3501,2076,4926,14,1.206001732319576,1.233294347880992
47,1554728400,1055,3830,2775,4885,14,1.8599208897042927,1.2117029197897855
47,1554742800,1315,2054,739,3369,14,-0.04477067601142046,0.4133467006124927
47,1554757200,2240,1712,-528,3952,14,-1.2300576179376526,0.7203662756655017
47,1554771600,452,373,-79,825,15,-0.7865292724305673,-0.8265163720092921
47,1554786000,76,106,30,182,15,-0.6898856366810028,-1.1384750848469731
47,1554800400,1463,3277,1814,4740,15,0.8918780897155386,1.0728900988453287
47,1554814800,1132,4151,3019,5283,15,1.9602779161212742,1.3363326821592645
47,1554829200,1354,2392,1038,3746,15,0.2038463342874466,0.5906397713793023
47,1554843600,2229,1558,-671,3787,15,-1.3114194776025137,0.6105313844840379
47,1554858000,581,405,-176,986,15,-0.8725332418590787,-0.7484054034760624
47,1554872400,50,71,21,121,15,-0.6978653864217925,-1.1680699238564576
47,1554886800,1455,3586,2131,5041,15,1.1729426083633545,1.2189236487118014
47,1554901200,1156,3859,2703,5015,15,1.680100036333546,1.2063094550356277
47,1554915600,1460,2570,1110,4030,15,0.2676843322137644,0.7284255792267385
47,1554930000,2293,1722,-571,4015,15,-1.222755591593739,0.7211481597981767
47,1554944400,562,425,-137,987,15,-0.8379543263156566,-0.747920242180825
47,1554958800,71,95,24,166,15,-0.6952054698415292,-1.1462376655707722
47,1554973200,1451,3597,2146,5048,15,1.1862421912646708,1.2223197777784636
47,1554984832,911,3553,2642,4464,15,1.6260150658681936,0.9389855813597922
47,1554987600,613,1551,938,2164,15,0.11518244827867188,-0.17688539768634517
47,1555002000,1869,2551,682,4420,15,-0.11179709990379144,0.9176384843693444
47,1555016400,2285,1906,-379,4191,15,-1.0525209304568912,0.8065365477599681
47,1555030800,493,476,-17,969,15,-0.7315576631051268,-0.7566531454950991
47,1555045200,86,103,17,189,15,-0.7014119418621435,-1.135078955780311
47,1555059600,1164,3328,2164,4492,15,1.2022016907462503,0.9525700976264408
47,1555074000,621,1442,821,2063,15,0.01144570164840544,-0.22588668850532773
47,1555088400,2253,6604,4351,8857,15,3.141280877758154,3.0702991513379145
47,1555102800,1858,1890,32,3748,15,-0.6881123589608272,0.5916100939697773
47,1555103981,30,10,-20,40,15,-0.7342175796853901,-1.2073679887706912
47,1555117200,412,528,116,940,15,-0.6136346947134564,-0.7707228230569853
47,1555131600,78,70,-8,148,15,-0.7235779133643372,-1.1549705688850465
47,1555146000,132,564,432,696,15,-0.3334568149257283,-0.8891021790949233
47,1555160400,480,1148,668,1628,15,-0.12421004394501992,-0.43693185193361894
47,1555174800,620,1434,814,2054,15,0.005239229627791207,-0.2302531401624648
47,1555189200,476,1484,1008,1960,15,0.1772471684848142,-0.27585830191478516
47,1555203600,261,614,353,875,15,-0.40350128487266035,-0.8022583072474195
47,1555218000,66,86,20,152,15,-0.6987520252818802,-1.1530299237040966
47,1555232400,103,351,248,454,15,-0.49659836518187384,-1.0065112125423865
47,1555246800,360,1025,665,1385,15,-0.12686996052528315,-0.5548260466763195
47,1555261200,454,1337,883,1791,15,0.06641731097384578,-0.3578505608099144
47,1555275600,399,1001,602,1400,15,-0.18272820871081125,-0.5475486272477578
47,1555290000,198,327,129,525,15,-0.6021083895323157,-0.9720647605805274
47,1555304400,29,88,59,117,15,-0.6641731097384581,-1.1700105690374074
47,1555318800,1257,3508,2251,4765,15,1.2793392715738843,1.085019131226265
47,1555333200,1002,4080,3078,5082,15,2.012589608866451,1.238815261816537
47,1555347600,1387,2432,1045,3819,15,0.21005280630806086,0.6260565459316363
47,1555362000,2169,1729,-440,3898,15,-1.106605900922244,0.6643842882553949
47,1555376400,493,431,-62,924,16,-0.8731826499907893,-0.8499478572692556
47,1555390800,47,68,21,115,16,-0.792270509696587,-1.2884732504649365
47,1555405200,1408,3618,2210,5026,16,1.3416653349300263,1.3735764479083505
47,1555419600,1039,3989,2950,5028,16,2.0630506821313483,1.3746605650732349
47,1555434000,1477,2509,1032,3986,16,0.19329784979062456,0.8098355221685382
47,1555448400,2754,2046,-708,4800,16,-1.5029325611962678,1.2510712082764297
47,1555462800,537,538,1,1075,16,-0.8117674109722984,-0.7680970113204943
47,1555477200,73,88,15,161,16,-0.7981195800793004,-1.2635385556725987
47,1555491600,1359,3592,2233,4951,16,1.3640867713970943,1.332922054225191
47,1555506000,1067,4097,3030,5164,16,2.1410382872341938,1.448380532285364
47,1555520400,1553,2646,1093,4199,16,0.25276339868154435,0.9252940002287112
47,1555534800,2241,2043,-198,4284,16,-1.0057615786656269,0.9713689797362921
47,1555549200,528,515,-13,1043,16,-0.8254152418652964,-0.7854428859586424
47,1555563600,79,94,15,173,16,-0.7981195800793004,-1.2570338526832932
47,1555578000,1293,3487,2194,4780,16,1.326067813909457,1.2402300366275871
47,1555592400,1083,4218,3135,5301,16,2.2433970189316788,1.5226425580799354
47,1555606800,1468,2663,1195,4131,16,0.3521975951876725,0.8884340166226466
47,1555621200,2062,1778,-284,3840,16,-1.089598254151186,0.7306949691319876
47,1555635600,513,540,27,1053,16,-0.7864214393138735,-0.7800223001342211
47,1555650000,42,79,37,121,16,-0.7766729886760179,-1.2852208989702838
47,1555664400,805,2467,1662,3272,16,0.8074502399755338,0.42280569430485926
47,1555678800,835,3088,2253,3923,16,1.3835836726728057,0.7756858314746842
47,1555693200,1403,2356,953,3759,16,0.1162850897515645,0.6867882239541753
47,1555707600,1095,1948,853,3043,16,0.018800583373007475,0.2986742789256121
47,1555722000,356,605,249,961,16,-0.5700058351534769,-0.8298916897188968
47,1555736400,33,18,-15,51,16,-0.8273649319928675,-1.3231649997412327
47,1555750800,153,559,406,712,16,-0.4169551601391424,-0.9648642767469866
47,1555765200,456,1221,765,1677,16,-0.06698578224012271,-0.4417777446903337
47,1555779600,566,1230,664,1796,16,-0.1654451336824653,-0.3772727733797206
47,1555794000,426,1383,957,1809,16,0.12018447000670678,-0.37022601180797293
47,1555808400,270,631,361,901,16,-0.46082318800949307,-0.8624152046654245
47,1555822800,60,75,15,135,16,-0.7981195800793004,-1.277632078816094
47,1555837200,90,287,197,377,16,-0.6206977784703266,-1.1464539018650992
47,1555851600,315,1128,813,1443,16,-0.020193219178415336,-0.5686194529817915
47,1555866000,443,1212,769,1655,16,-0.06308640198498043,-0.45370303350406055
47,1555880400,446,1134,688,1580,16,-0.14204885215161162,-0.4943574271872201
47,1555894800,197,378,181,575,16,-0.6362952994908957,-1.039126302541558
47,1555909200,20,46,26,66,16,-0.7873962843776591,-1.3150341210046008
47,1555923600,1316,3276,1960,4592,16,1.0979540689836336,1.1383230231284673
47,1555938000,959,3761,2802,4720,16,1.9187736126910837,1.2077065216810596
47,1555952400,1282,2346,1064,3628,16,0.2244928918317628,0.6157785496542566
47,1555966800,2182,1652,-530,3834,16,-1.3294101398424363,0.7274426176373348
47,1555981200,437,379,-58,816,17,-0.7871130009513196,-0.841284516729152
47,1555995600,69,105,36,174,17,-0.7010168585584088,-1.1619984623043087
47,1556010000,1424,3586,2162,5010,17,1.2462214257748723,1.2538467725889273
47,1556024400,1048,3791,2743,4839,17,1.778368859075736,1.1684229646553577
47,1556038800,1407,2482,1075,3889,17,0.25062028980578643,0.6938462539133033
47,1556053200,2168,1871,-297,4039,17,-1.0060170225673375,0.7687794187673119
47,1556067600,520,564,44,1084,17,-0.693689527290927,-0.7074039288566567
47,1556082000,47,56,9,103,17,-0.7257466015861598,-1.1974668270018727
47,1556096400,1439,3580,2141,5019,17,1.2269871811977326,1.258342762480168
47,1556110800,1024,3895,2871,4919,17,1.8956061593554443,1.208387319244162
47,1556125200,1402,2408,1006,3810,17,0.18742205762375613,0.6543814537568589
47,1556139600,2218,1815,-403,4033,17,-1.103104161861471,0.7657820921731516
47,1556154000,484,561,77,1045,17,-0.6634642858125647,-0.726886551718699
47,1556168400,64,88,24,152,17,-0.7120078554596314,-1.17298865981623
47,1556182800,1375,3440,2065,4815,17,1.157377534156656,1.1564336582787162
47,1556197200,634,1117,483,1751,17,-0.29160222398786473,-0.37420112247249865
47,1556211600,2222,6588,4366,8810,17,3.2649011899661007,3.152153615557144
47,1556226000,2189,1986,-203,4175,17,-0.9199208801744267,0.8367188215682797
47,1556240400,485,489,4,974,17,-0.7303261836283359,-0.7623549164162631
47,1556254800,62,90,28,152,17,-0.7083441898258905,-1.17298865981623
47,1556269200,1165,3187,2022,4352,17,1.1179931285939413,0.9251399560960097
47,1556283600,998,3882,2884,4880,17,1.9075130726651024,1.18890469638212
47,1556298000,1478,2709,1231,4187,17,0.393503249521681,0.8427134747566004
47,1556312400,1767,1738,-29,3505,17,-0.7605514251066982,0.5020173518870414
47,1556326800,535,524,-11,1059,17,-0.7440649297548642,-0.7198927896656582
47,1556341200,128,74,-54,202,17,-0.7834493353175788,-1.148010938198227
47,1556355600,121,559,438,680,17,-0.3328184623674497,-0.9092239195301198
47,1556370000,495,1235,740,1730,17,-0.05621170702001281,-0.38469176555205986
47,1556384400,661,1631,970,2292,17,0.15444906692008814,-0.1039421745657078
47,1556398800,485,1299,814,1784,17,0.011566107204193585,-0.3577158262046168
47,1556413200,263,546,283,809,17,-0.47478550567490907,-0.8447813977556724
47,1556427600,71,87,16,158,17,-0.7193351867271132,-1.1699913332220695
47,1556442000,94,324,230,418,17,-0.5233290753219758,-1.0401071808084548
47,1556456400,381,847,466,1228,17,-0.30717280293126353,-0.6354680905968085
47,1556470800,484,1219,735,1703,17,-0.06079128906218892,-0.39817973522578143
47,1556485200,386,837,451,1223,17,-0.32091154905779185,-0.6379658627586088
47,1556499600,199,285,86,484,17,-0.6552210381366477,-1.007136588272691
47,1556514000,43,73,30,116,17,-0.7065123570090202,-1.190972619381192
47,1556523760,576,1147,571,1723,17,-0.21100158004556524,-0.38818864657858027
47,1556528400,884,2408,1524,3292,17,0.6618667571932009,0.3956122577943493
47,1556542800,1043,3644,2601,4687,17,1.6483087290779346,1.092490690936629
47,1556557200,1357,2204,847,3561,17,0.04179134868255589,0.5299924000992047
47,1556571600,2190,1631,-559,3821,17,-1.2459871215773655,0.6598765525128195
47,1556586000,515,426,-89,941,18,-0.8555262503885114,-0.862461429825903
47,1556600400,72,100,28,172,18,-0.7350157630521748,-1.2841282261125804
47,1556614800,1467,3574,2107,5041,18,1.4063628965396542,1.3856970419236123
47,1556629200,1129,3950,2821,5079,18,2.1417858705408883,1.4065336326373883
47,1556643600,1450,2250,800,3700,18,0.060147452534593825,0.6503847222611489
47,1556658000,2295,1692,-603,3987,18,-1.3849483913361784,0.807755815283615
47,1556672400,564,506,-58,1070,18,-0.8235961212652085,-0.7917266876659792
47,1556686800,69,116,47,185,18,-0.7154456839120859,-1.2769999187631307
47,1556701200,1430,3374,1944,4804,18,1.238472217600997,1.2557425156297988
47,1556715600,1102,3947,2845,5049,18,2.166505970507316,1.3900836926001967
47,1556730000,1447,2459,1012,3906,18,0.27850833557137483,0.7633409771831977
47,1556744400,2192,1596,-596,3788,18,-1.3777383621793036,0.6986378797035775
47,1556758800,546,489,-57,1035,18,-0.8225661170999407,-0.8109182843760361
47,1556773200,80,90,10,170,18,-0.7535558380269958,-1.2852248887817266
47,1556787600,1519,3427,1908,4946,18,1.201392067651355,1.3336055651391723
47,1556790389,426,1435,1009,1861,18,0.27541832307557135,-0.3579966020186947
47,1556802000,700,2603,1903,3303,18,1.196242046825016,0.43269718243564703
47,1556816400,1481,2634,1153,4115,18,0.42373892287413956,0.8779422261089657
47,1556830800,2249,1976,-273,4225,18,-1.045047016797793,0.9382586729120015
47,1556845200,515,601,86,1116,18,-0.6752755214666403,-0.7665034462756188
47,1556859600,70,97,27,167,18,-0.7360457672174425,-1.2868698827854457
47,1556874000,1236,3229,1993,4465,18,1.288942421699121,1.0698581932095341
47,1556888400,732,3721,2989,4453,18,2.314826570305885,1.0632782171946573
47,1556902800,2285,2696,411,4981,18,-0.34052416775459393,1.3527971618492292
47,1556917200,1966,1995,29,3961,18,-0.7339857588869069,0.7934992005847156
47,1556931600,493,714,221,1207,18,-0.5362249591554826,-0.716605294829471
47,1556946000,84,128,44,212,18,-0.7185356964078894,-1.2621949727296582
47,1556960400,140,590,450,730,18,-0.3003540053091484,-0.9781593414208171
47,1556974800,513,1260,747,1773,18,0.005557231775398575,-0.4062497594611233
47,1556989200,656,1460,804,2116,18,0.06426746919566517,-0.21817211170256628
47,1557003600,536,1175,639,1711,18,-0.1056832180735276,-0.44024630220465255
47,1557018000,296,675,379,971,18,-0.37348430104316466,-0.8460114897887114
47,1557032400,85,114,29,199,18,-0.7339857588869069,-1.2693232800791079
47,1557046800,95,305,210,400,18,-0.5475550049734288,-1.1591086818299243
47,1557061200,369,920,551,1289,18,-0.19632358461709706,-0.6716421253944808
47,1557075600,486,1193,707,1679,18,-0.03564293483531482,-0.45779290491099023
47,1557090000,387,846,459,1233,18,-0.2910839678217379,-0.7023486801305716
47,1557104400,181,260,79,441,18,-0.6824855506235151,-1.1366270971124293
47,1557118800,40,86,46,126,18,-0.7164756880773537,-1.3093514675029407
47,1557133200,1509,3400,1891,4909,18,1.183881996841802,1.3133173057599694
47,1557147600,1075,3745,2670,4820,18,1.9862552415854453,1.2645158169829678
47,1557162000,1410,2311,901,3721,18,0.16417787322664515,0.6618996802871829
47,1557176400,2212,1828,-384,4040,18,-1.1593774791425226,0.8368173760159867
47,1557190800,491,436,-55,927,19,-0.7857791324076241,-0.7154103292708582
47,1557205200,77,78,1,155,19,-0.724432216697148,-1.1391538982338216
47,1557219600,1539,3552,2013,5091,19,1.4796748263292452,1.5701702680889604
47,1557226580,732,2236,1504,2968,19,0.9220751817465244,0.40487545344081083
47,1557227164,22,101,79,123,19,-0.6389847269575563,-1.1567183985017166
47,1557234000,584,1359,775,1943,19,0.12346979687264735,-0.1577374457651964
47,1557248400,1399,2512,1113,3911,19,0.4937422524108784,0.9224793207103374
47,1557262800,2252,1687,-565,3939,19,-1.3444742576280317,0.9378482584447454
47,1557277200,519,503,-16,1022,19,-0.7430553875378283,-0.6632657191005453
47,1557291600,61,82,21,143,19,-0.7025226039434065,-1.1457405858342822
47,1557306000,1446,3582,2136,5028,19,1.6144189447647552,1.5355901581865423
47,1557320400,1207,3994,2787,5201,19,2.3275768398990406,1.630548237759849
47,1557334800,1489,2411,922,3900,19,0.28450545061264726,0.9164415237432486
47,1557349200,2263,2040,-223,4303,19,-0.9698198795390526,1.1376444489920494
47,1557363600,565,493,-72,1058,19,-0.8044023032483044,-0.6435056562991637
47,1557378000,67,98,31,165,19,-0.6915677975665357,-1.1336649919001045
47,1557392400,1535,3571,2036,5106,19,1.5048708809960478,1.5784036275895361
47,1557406800,1233,4039,2806,5272,19,2.348390972015095,1.6695194727292406
47,1557421200,1504,2054,550,3558,19,-0.12301334660694432,0.7287209271301223
47,1557435600,2251,1930,-321,4181,19,-1.0771769820323858,1.0706797917207003
47,1557450000,518,486,-32,1004,19,-0.7605830777408215,-0.6731457505012362
47,1557464400,77,114,37,191,19,-0.6849949137404133,-1.11939383543244
47,1557478800,1259,3159,1900,4418,19,1.3558855142706059,1.2007668718297966
47,1557493200,1036,3804,2768,4840,19,2.306762707782986,1.4323987191126601
47,1557507600,1574,2584,1010,4158,19,0.38090774672910976,1.0580553071531509
47,1557522000,1879,1845,-34,3724,19,-0.7627740390161956,0.8198367722698269
47,1557536400,489,620,131,1109,19,-0.5820197337978283,-0.6155122339972062
47,1557550800,114,94,-20,208,19,-0.7474373100885765,-1.1100626946651209
47,1557565200,133,583,450,716,19,-0.23256141037565173,-0.8312262529122899
47,1557579600,415,1136,721,1551,19,0.06431384243754534,-0.37290257404690846
47,1557594000,595,1501,906,2096,19,0.26697776040965404,-0.07375717885932412
47,1557608400,507,1191,684,1698,19,0.023781058843123606,-0.29221565094126645
47,1557622800,266,527,261,793,19,-0.4396072508985087,-0.7889616741426679
47,1557637200,79,70,-9,149,19,-0.7353870230740187,-1.142447242034052
47,1557651600,77,274,197,351,19,-0.5097180117104815,-1.0315713340929658
47,1557666000,343,876,533,1219,19,-0.14163651744762457,-0.5551342643263176
47,1557680400,427,872,445,1299,19,-0.2380388135640871,-0.5112230136565805
47,1557694800,428,675,247,1103,19,-0.4549439798261278,-0.6188055777974365
47,1557709200,205,277,72,482,19,-0.6466530914213657,-0.9596666611212711
47,1557723600,31,88,57,119,19,-0.6630853009866718,-1.1589139610352035
47,1557736070,211,854,643,1065,19,-0.021133647302046428,-0.6396634218655616
47,1557736151,7,14,7,21,19,-0.7178593328710255,-1.2127052431056313
47,1557736237,848,2387,1539,3235,19,0.960417004065572,0.5514292525510586
47,1557736317,16,52,36,68,19,-0.6860903943781004,-1.1869073833371608
47,1557738000,329,953,624,1282,19,-0.041947779418100836,-0.5205541544238996
47,1557752400,1064,3812,2748,4876,19,2.2848530950292445,1.4521587819140418
47,1557766800,1356,2285,929,3641,19,0.29217381507645673,0.7742788496999746
47,1557781200,2115,1533,-582,3648,19,-1.363097428468712,0.7781210841335766
47,1557795600,394,338,-56,732,20,-0.7774267154045849,-0.6944191092948313
47,1557810000,70,99,29,169,20,-0.68089108644986,-1.0155320779389252
47,1557824400,1441,3558,2117,4999,20,1.6904782459909093,1.7393091983505473
47,1557838800,1011,3871,2860,4882,20,2.534313214383386,1.6725770183658955
47,1557853200,1149,1990,841,3139,20,0.24130809838821693,0.6784386447483902
47,1557867600,2149,1528,-621,3677,20,-1.4191047196330497,0.9852926005752507
47,1557882000,458,350,-108,808,20,-0.83648380605924,-0.6510717103304421
47,1557896400,65,85,20,150,20,-0.6911125059862426,-1.0263689276800223
47,1557909316,1083,2531,1448,3614,20,0.9306860604531341,0.9493598882758228
47,1557909397,16,33,17,49,20,-0.6945196458317036,-1.083975339461645
47,1557910800,353,1197,844,1550,20,0.2447152382336778,-0.22786420991495793
47,1557925200,1101,3913,2812,5014,20,2.4797989768560122,1.7478646060408873
47,1557939600,1505,2683,1178,4188,20,0.6240434743616553,1.2767468225594991
47,1557954000,2199,1708,-491,3907,20,-1.2714619929964117,1.1164755184937971
47,1557968400,487,406,-81,893,20,-0.8058195474500921,-0.6025910667518489
47,1557982800,68,104,36,172,20,-0.672941093477118,-1.013820996400857
47,1557995265,207,584,377,791,20,-0.2856628643763985,-0.6607678390461608
47,1557995345,3,10,7,13,20,-0.7058767786499064,-1.104508317918461
47,1557995426,6,12,6,18,20,-0.7070124919317268,-1.1016565153550142
47,1557995513,1049,2463,1414,3512,20,0.8920718088712442,0.891183115981511
47,1557995594,19,50,31,69,20,-0.6786196598862194,-1.0725681292078582
47,1557997200,358,1012,654,1370,20,0.02892971468782237,-0.33052910219903764
47,1558011600,1049,4032,2983,5081,20,2.674005948047282,1.7860787603910724
47,1558026000,1511,2452,941,3963,20,0.3548794265702461,1.1484157072043997
47,1558040400,2157,1897,-260,4054,20,-1.0091122248959243,1.2003185138591288
47,1558054800,456,478,22,934,20,-0.6888410794226021,-0.5792062857315863
47,1558069200,69,82,13,151,20,-0.6990624989589846,-1.025798567167333
47,1558083431,312,1010,698,1322,20,0.0789010990879152,-0.3579064068081256
47,1558083511,5,10,5,15,20,-0.708148205213547,-1.1033675968930823
47,1558083597,1149,3087,1938,4236,20,1.487185568545077,1.304124127168587
47,1558083600,8,40,32,48,20,-0.6774839466043991,-1.0845456999743341
47,1558083677,3,11,8,14,20,-0.7047410653680861,-1.1039379574057715
47,1558083757,17,29,12,46,20,-0.7001982122408049,-1.0856864209997128
47,1558086927,357,1620,1263,1977,20,0.7205791033163801,0.015679729003386725
47,1558098000,635,2276,1641,2911,20,1.1498787238444503,0.5483964478552226
47,1558112400,1600,2539,939,4139,20,0.3526080000066055,1.248799157437722
47,1558126800,1892,1954,62,3846,20,-0.6434125481497904,1.0816835272197478
47,1558141200,470,720,250,1190,20,-0.4298984511675755,-0.43319399448311735
47,1558155600,94,101,7,195,20,-0.7058767786499064,-1.0007027046090025
47,1558170000,151,619,468,770,20,-0.1823129557307519,-0.6727454098126368
47,1558184400,441,1109,668,1550,20,0.044829700633306456,-0.22786420991495793
47,1558198800,591,1471,880,2062,20,0.2856009163792083,0.06416037258197993
47,1558213200,479,1223,744,1702,20,0.13114391005164863,-0.1411694119861795
47,1558227600,286,629,343,915,20,-0.3242771159582884,-0.5900431354726836
47,1558242000,70,100,30,170,20,-0.6797553731680397,-1.0149617174262358
47,1558256400,79,298,219,377,20,-0.46510556290400457,-0.8968970912995441
47,1558270800,370,835,465,1205,20,-0.18572009557621277,-0.4246385867927774
47,1558285200,442,1115,673,1557,20,0.05050826704240791,-0.2238716863261326
47,1558299600,377,965,588,1342,20,-0.04602736191231689,-0.3464991965543389
47,1558314000,179,348,169,527,20,-0.5218912269950191,-0.8113430143961443
47,1558328400,34,72,38,106,20,-0.6706696669134774,-1.051464790238353
47,1558342800,1359,3371,2012,4730,20,1.5712283513997787,1.585882220437117
47,1558357200,989,3826,2837,4815,20,2.508191808901519,1.6343628640157102
47,1558371600,1342,2283,941,3625,20,0.3548794265702461,0.9556338539154055
47,1558386000,2163,1769,-394,3932,20,-1.1612978046598434,1.1307345313110302
47,1558400400,461,538,77,999,21,-0.7007351917229866,-0.5746799869416589
47,1558414800,65,110,45,175,21,-0.7381794370278744,-1.0496715896025042
47,1558428536,312,968,656,1280,21,-0.023228378237673066,-0.4126986272963949
47,1558428614,5,21,16,26,21,-0.7721132843354289,-1.1355620614428754
47,1558428704,1340,3148,1808,4488,21,1.3247644527382876,1.4365405248103906
47,1558428784,16,57,41,73,21,-0.7428599676909853,-1.1084690938153756
47,1558429200,82,274,192,356,21,-0.5661699351585461,-0.9453348419306437
47,1558443600,1086,3578,2492,4664,21,2.1251351961302642,1.537995041883581
47,1558458000,1445,2629,1184,4074,21,0.5946016692929755,1.1978918312405
47,1558472400,2290,1822,-468,4112,21,-1.3384574945718566,1.2197967837903934
47,1558486800,562,378,-184,940,21,-1.0061398174909777,-0.6086903080059669
47,1558501200,58,72,14,130,21,-0.7744535496669844,-1.0756116649905356
47,1558515600,1327,3386,2059,4713,21,1.6184677518485013,1.5662409017505488
47,1558530000,1089,4114,3025,5203,21,2.7488159069898015,1.848699500420226
47,1558544400,1482,2652,1170,4134,21,0.578219811972087,1.232478598424542
47,1558558800,2199,2005,-194,4204,21,-1.0178411441487552,1.2728298268059246
47,1558573200,525,568,43,1093,21,-0.7405197023594299,-0.5204940516866595
47,1558587600,66,63,-3,129,21,-0.794345804985206,-1.0761881111102698
47,1558602000,1417,3410,1993,4827,21,1.5412389959071702,1.6319557594002287
47,1558616400,1103,3879,2776,4982,21,2.4574528732111434,1.7213049079590041
47,1558630800,1500,2721,1221,4221,21,0.637896577926752,1.2826294108414034
47,1558645200,2078,1508,-570,3586,21,-1.4578110264811865,0.9165861248102909
47,1558659600,463,601,138,1064,21,-0.6293570991105442,-0.5372109891589466
47,1558674000,80,116,36,196,21,-0.748710631019874,-1.0375662210880894
47,1558685244,141,593,452,734,21,-0.26193544205633273,-0.7274382086711783
47,1558688400,1026,2881,1855,3907,21,1.3797606880298416,1.1016253292449163
47,1558702800,913,3380,2467,4293,21,2.0958818794858205,1.3241335314622538
47,1558717200,1764,2472,708,4236,21,0.037618520382769596,1.2912761026374138
47,1558731600,1215,1586,371,2801,21,-0.35671618798432997,0.46407592081907306
47,1558746000,365,569,204,934,21,-0.5521283431692131,-0.6121489847243712
47,1558760400,68,75,7,143,21,-0.7826444783274286,-1.0681178654339931
47,1558774800,132,613,481,745,21,-0.22800159474877818,-0.7210973013541039
47,1558789200,403,1261,858,1664,21,0.21313842024943114,-0.19134331731852527
47,1558803600,549,1435,886,1984,21,0.24590213489120794,-0.006880559003633937
47,1558818000,378,1253,875,1631,21,0.23303067556765278,-0.21036603926974845
47,1558832400,225,524,299,749,21,-0.4409657399203275,-0.7187915168751677
47,1558846800,55,73,18,128,21,-0.7697730190038734,-1.0767645572300037
47,1558861200,105,377,272,482,21,-0.4725593218963266,-0.8727026308441552
47,1558875600,316,1008,692,1324,21,0.0188963977303257,-0.38733499802809734
47,1558890000,389,1297,908,1686,21,0.2716450535383183,-0.1786615026843765
47,1558904400,322,1038,716,1360,21,0.046979581708991545,-0.3665829377176721
47,1558918800,218,431,213,649,21,-0.5415971491772135,-0.7764361288485713
47,1558933200,31,93,62,124,21,-0.7182871817096527,-1.07907034170894
47,1558947600,106,404,298,510,21,-0.44213587258610526,-0.8565621394916022
47,1558962000,370,844,474,1214,21,-0.2361925234092224,-0.45074407119884125
47,1558976400,481,1103,622,1584,21,-0.06301288887411634,-0.2374590068972481
47,1558990800,399,859,460,1258,21,-0.2525743807301108,-0.4253804419305437
47,1559005200,192,387,195,579,22,-0.6064176743841077,-0.9603243348537431
47,1559019600,35,82,47,117,22,-0.7564689458345862,-1.2121233375225453
47,1559034000,1356,3537,2181,4893,22,1.4071081708905573,1.390889729027669
47,1559048400,975,3673,2698,4648,22,1.9312737610249993,1.2573599548851222
47,1559062800,1347,2230,883,3577,22,0.09111796587217096,0.6736440850619901
47,1559077200,2173,1605,-568,3778,22,-1.3799928103078585,0.783193001807508
47,1559091600,457,399,-58,856,22,-0.8629242397690474,-0.8093539371497211
47,1559106000,81,105,24,186,22,-0.7797877245059444,-1.1745169929681138
47,1559120400,1464,3430,1966,4894,22,1.1891282833104702,1.3914347485139649
47,1559134800,1049,4018,2969,5067,22,2.2060298053701324,1.4857231196431917
47,1559149200,1453,2441,988,3894,22,0.1975732598066321,0.8464152622178565
47,1559163600,2121,1908,-213,4029,22,-1.0200725308151566,0.9199928928678311
47,1559178000,470,393,-77,863,22,-0.8821875786714737,-0.8055388007456483
47,1559192400,64,88,24,152,22,-0.7797877245059444,-1.1930476555021814
47,1559203737,168,706,538,874,22,-0.25866371419820133,-0.7995435863963911
47,1559206800,1455,3570,2115,5025,22,1.3401934147031818,1.4628323012187552
47,1559221200,1055,4182,3127,5237,22,2.3662196762429404,1.57837643231353
47,1559235600,1399,2702,1303,4101,22,0.5169391416100155,0.959234295881151
47,1559250000,2561,2049,-512,4610,22,-1.3232166535428125,1.23664921440587
47,1559264400,539,489,-50,1028,22,-0.8548133602311837,-0.7156105855067905
47,1559278800,82,94,12,176,22,-0.7919540438127399,-1.179967187831075
47,1559293200,1200,3325,2125,4525,22,1.3503320141255113,1.1903225580707009
47,1559307600,986,3839,2853,4825,22,2.0884220520711088,1.3538284039595334
47,1559322000,1631,2769,1138,4400,22,0.34965225114157655,1.1221951222836875
47,1559336400,1845,1861,16,3706,22,-0.7878986040438081,0.743951598794188
47,1559350800,467,768,301,1235,22,-0.4989485205074136,-0.602791551843496
47,1559365200,105,145,40,250,22,-0.763565965430217,-1.139635745845163
47,1559379600,148,656,508,804,22,-0.28907951246519026,-0.8376949504371187
47,1559394000,448,1295,847,1743,22,0.05461900795178429,-0.3259216528050729
47,1559408400,568,1771,1203,2339,22,0.41555314738671917,-0.001090038972592217
47,1559422800,505,1291,786,1796,22,-0.0072264485244264666,-0.2970356200313791
47,1559437200,310,785,475,1095,22,-0.322536890558878,-0.6790942799249512
47,1559451600,76,95,19,171,22,-0.7848570242171092,-1.1826922852625554
47,1559466000,106,369,263,475,22,-0.5374751983122662,-1.0170063614285385
47,1559480400,390,1024,634,1414,22,-0.16133315974383686,-0.5052330637964926
47,1559494800,447,1471,1024,1918,22,0.23407221772701878,-0.23054324270325388
47,1559509200,464,1235,771,1699,22,-0.022434347657920916,-0.34990251020210167
47,1559523600,213,557,344,770,22,-0.4553525429913962,-0.8562256129711865
47,1559538000,30,94,64,124,22,-0.7392333268166259,-1.2083082011184725
47,1559548612,649,1478,829,2127,22,0.03636952899159095,-0.11663417006736722
47,1559548692,14,40,26,54,22,-0.7777600046214784,-1.2464595651592
47,1559548785,123,438,315,561,22,-0.4847544813161521,-0.9701346856070732
47,1559548865,4,9,5,13,22,-0.7990510634083707,-1.2688053640973405
47,1559552400,669,2032,1363,2701,22,0.5777707381439933,0.19620701506659904
47,1559566800,891,3789,2898,4680,22,2.134045749471592,1.2748005784465977
47,1559581200,1371,2481,1110,3852,22,0.3212641727590536,0.8235244437934199
47,1559595600,2219,1947,-272,4166,22,-1.0798902674069013,0.994660562490398
47,1559610000,502,401,-101,903,23,-0.921673478001862,-0.8893609509974705
47,1559624400,36,82,46,118,23,-0.7758862863040301,-1.3323804241287909
47,1559638800,1376,3672,2296,5048,23,1.4555503213158456,1.4498947383392473
47,1559653200,1016,3955,2939,4971,23,2.093245316293437,1.406439325051207
47,1559667600,1427,2557,1130,3984,23,0.2991702837670566,0.8494199365408716
47,1559682000,2180,1905,-275,4085,23,-1.0942379089911323,0.9064198942303789
47,1559696400,485,607,122,1092,23,-0.7005133164466476,-0.7826976638359169
47,1559710800,84,121,37,205,23,-0.7848120327345096,-1.2832814506734727
47,1559725200,1355,3531,2176,4886,23,1.3365403689094522,1.3584690636293442
47,1559739600,1084,3884,2800,4968,23,1.9553921214226977,1.4047462570010236
47,1559754000,1469,2598,1129,4067,23,0.29817853416367,0.8962614859292787
47,1559768400,2083,1922,-161,4005,23,-0.9811784542050587,0.8612714128921553
47,1559782800,491,505,14,996,23,-0.8076222736124017,-0.8368758414417854
47,1559797200,82,93,11,175,23,-0.8105975224225614,-1.3002121311753065
47,1559811100,1213,3210,1997,4423,23,1.1590171899032489,1.0971722278843743
47,1559811600,345,1144,799,1489,23,-0.029098834953911742,-0.5586483251949815
47,1559826000,1013,4056,3043,5069,23,2.196387275045644,1.4617462146905311
47,1559840400,1550,2689,1139,4239,23,0.3080960301975361,0.9933307208064597
47,1559854800,2280,1995,-285,4275,23,-1.1041554050249984,1.0136475374086604
47,1559869200,576,456,-120,1032,23,-0.9405167204662076,-0.8165590248395846
47,1559883600,93,91,-2,184,23,-0.8234902672665875,-1.2951329270247562
47,1559898000,1133,3404,2271,4537,23,1.4307565812311802,1.1615088137913432
47,1559912400,926,3715,2789,4641,23,1.9444828757854449,1.2202018395310341
47,1559926800,1744,2653,909,4397,23,0.0799936214186155,1.0824989714494515
47,1559941200,1784,1742,-42,3526,23,-0.8631602514020519,0.5909448808795406
47,1559955600,420,587,167,1007,23,-0.6558845842942501,-0.8306679252577795
47,1559970000,62,69,7,131,23,-0.814564520836108,-1.3250437959113295
47,1559984400,136,687,551,823,23,-0.27505273659379137,-0.9345094323356942
47,1559998800,414,1210,796,1624,23,-0.03207408376407157,-0.48246026293672895
47,1560013200,602,1558,956,2160,23,0.12660585277778624,-0.17996543797062986
47,1560027600,446,1166,720,1612,23,-0.10744705362145404,-0.4892325351374625
47,1560042000,259,746,487,1005,23,-0.3385247112105345,-0.8317966372912352
47,1560056400,67,73,6,140,23,-0.8155562704394945,-1.3199645917607794
47,1560070800,99,332,233,431,23,-0.5904291104707338,-1.1557369908929906
47,1560085200,363,1066,703,1429,23,-0.12430679687902643,-0.5925096861986493
47,1560099600,456,1306,850,1762,23,0.021480394818805437,-0.404579132628293
47,1560114000,385,259,-126,644,23,-0.9464672180865272,-1.0355291593299698
47,1560128400,594,1417,823,2011,23,-0.005296844472633068,-0.26405448446307156
47,1560142800,27,88,61,115,23,-0.7610100422532309,-1.3340734921789743
47,1560153781,671,1697,1026,2368,23,0.19602832501484904,-0.06257938649124813
47,1560157200,632,1938,1306,2570,23,0.4737182139631002,0.05142052888776683
47,1560171600,926,3767,2841,4693,23,1.9960538551615488,1.2495483524008795
47,1560186000,1370,2338,968,3708,23,0.13850684801842558,0.6936576759239996
47,1560200400,2056,1467,-589,3523,23,-1.4056472844545282,0.5892518128293572
47,1560214800,416,404,-12,820,24,-0.8129603823372457,-1.1240819822692576
47,1560229200,87,121,34,208,24,-0.7752201883662273,-1.4382255532664727
47,1560243600,1358,3665,2307,5023,24,1.0896376572017015,1.0333451891380865
47,1560258000,1057,3934,2877,4991,24,1.557287886842581,1.016919381504245
47,1560272400,1517,2426,909,3943,24,-0.05733606391750863,0.4789741814959423
47,1560286800,2194,1654,-540,3848,24,-1.2461521740045867,0.43021006508297593
47,1560301200,466,601,135,1067,24,-0.692355849429861,-0.9972952795955451
47,1560315600,42,66,24,108,24,-0.783424578359927,-1.4895562021222268
47,1560330000,1355,3686,2331,5041,24,1.1093281931865806,1.042584705932122
47,1560333190,144,368,224,512,24,-0.6193367784859342,-1.2821803807449803
47,1560341012,282,657,375,939,24,-0.4954504895810695,-1.0629985101309103
47,1560344400,978,4078,3100,5056,24,1.740245783702083,1.0502843032604852
47,1560358800,1553,2614,1061,4167,24,0.06737066398672593,0.5939548349328314
47,1560373200,2290,2034,-256,4324,24,-1.013147498183517,0.6745439536363653
47,1560387600,533,642,109,1175,24,-0.71368726341348,-0.9418581788313307
47,1560402000,94,93,-1,187,24,-0.8039355533441761,-1.449004989526181
47,1560416400,1330,3605,2275,4935,24,1.0633836092218625,0.9881742181450228
47,1560430800,1020,4264,3244,5284,24,1.8583889996113578,1.1673181826516046
47,1560445200,1542,2687,1145,4229,24,0.1362875399338029,0.6257798372233989
47,1560459600,2181,1695,-486,3876,24,-1.2018484680386086,0.4445826467625871
47,1560474000,495,593,98,1088,24,-0.7227120924065495,-0.9865158433358368
47,1560488400,61,60,-1,121,24,-0.8039355533441761,-1.4828832177709788
47,1560502800,1125,3329,2204,4454,24,1.005132440266595,0.7412737971488457
47,1560517200,927,3920,2993,4847,24,1.6524588107694969,0.9430032471519592
47,1560531600,1677,2800,1123,4477,24,0.11823788194766371,0.753079846385669
47,1560546000,1679,1858,179,3537,24,-0.6562565334575825,0.2705717471415807
47,1561165200,8778,9076,298,17854,25,-0.46138769127544055,3.801194199071311
47,1561179600,123,135,12,258,25,-0.812960194929373,-0.6362970887576763
47,1561194000,157,606,449,763,25,-0.2757672435420706,-0.5089424001719955
47,1561208400,472,1199,727,1671,25,0.06597106420545815,-0.27995614821992004
47,1561222800,690,1642,952,2332,25,0.34255782407306234,-0.1132602092988607
47,1561237200,509,1199,690,1708,25,0.020487908138341008,-0.27062521064037515
47,1561251600,372,737,365,1109,25,-0.3790263005593095,-0.421685524428143
47,1561266000,76,127,51,203,25,-0.765018489885655,-0.6501674013759188
47,1561280400,110,336,226,446,25,-0.5498954544330739,-0.5888858383535021
47,1561294800,444,929,485,1373,25,-0.23151336196325395,-0.3551080238605792
47,1561309200,518,1337,819,1855,25,0.17906431712910076,-0.2335536478243453
47,1561323600,469,1021,552,1490,25,-0.1491519712471229,-0.32560208610904523
47,1561338000,282,563,281,845,25,-0.48228535757654845,-0.4882630249957068
47,1561352400,44,79,35,123,25,-0.7846868816984623,-0.6703424015479078
47,1561366800,1263,3722,2459,4985,25,2.1950744779418603,0.5557932339047256
47,1561381200,919,3912,2993,4831,25,2.8515070546943075,0.5169563585736466
47,1561395600,1451,2564,1113,4015,25,0.540471016689437,0.31117135681935854
47,1561410000,2293,1906,-387,4199,25,-1.303440715761258,0.35757385721493334
47,1561424400,482,627,145,1109,26,-0.7344187753059768,-0.872889901902459
47,1561438800,76,130,54,206,26,-0.8145417610399831,-1.3690043711669866
47,1561453200,1275,3638,2363,4913,26,1.2184689429140894,1.217054108155418
47,1561467600,968,4240,3272,5208,26,2.0188183278834493,1.3791291562540178
47,1561482000,1378,2557,1179,3935,26,0.1759896560013038,0.6797341181878566
47,1561496400,2240,1762,-478,4002,26,-1.282953062254174,0.7165443833492334
47,1561510800,742,435,-307,1177,26,-1.1323922868638985,-0.835530229798375
47,1561525200,117,64,-53,181,26,-0.9087523047052434,-1.3827395447346644
47,1561539600,1292,3674,2382,4966,26,1.2351979179574533,1.2461726761188954
47,1561554000,1031,4178,3147,5209,26,1.9087592815455283,1.379678563196725
47,1561568400,1399,2490,1091,3889,26,0.09850808737940758,0.6544613988233291
47,1561582800,2298,1939,-359,4237,26,-1.1781768501404735,0.8456550148854062
47,1561597200,751,751,0,1502,26,-0.862087269057965,-0.6569729734185616
47,1561611600,92,95,3,187,26,-0.8594458519458548,-1.3794431030784218
47,1561626000,1241,3485,2244,4726,26,1.1136927308003888,1.114315009869187
47,1561640400,1010,4362,3352,5372,26,2.0892561175397186,1.4692318948579852
47,1561654800,1504,2949,1445,4453,26,0.4101953066083992,0.9643269145101437
47,1561669200,2232,1960,-272,4192,26,-1.1015757538892805,0.8209317024635859
47,1561683600,610,774,164,1384,26,-0.7176898002626129,-0.7218029926580015
47,1561698000,77,73,-4,150,26,-0.8656091585407784,-1.3997711599585851
47,1561712400,986,3342,2356,4328,26,1.2123056363191658,0.895651046671754
47,1561726800,830,3947,3117,4777,26,1.8823451104244273,1.1423347639472499
47,1561741200,1678,2823,1145,4501,26,0.14605359539738935,0.9906984477600854
47,1561755600,1800,2057,257,3857,26,-0.6358058697871998,0.6368803766567014
47,1561770000,616,871,255,1487,26,-0.6375668145286065,-0.6652140775591684
47,1561784400,113,139,26,252,26,-0.8391949874196774,-1.3437316518024591
47,1561798800,116,684,568,800,26,-0.3619789624984529,-1.0426566471989585
47,1561813200,407,1385,978,1792,26,-0.0009852905100727906,-0.4976449600334974
47,1561827600,559,1785,1226,2344,26,0.21737185742436202,-0.19437232765916823
47,1561842000,420,1416,996,1836,26,0.0148632121625878,-0.4734710545543842
47,1561856400,319,752,433,1071,26,-0.48084273254340737,-0.8937673657253294
47,1561870800,83,124,41,207,26,-0.8259879018591268,-1.3684549642242794
47,1561885200,93,421,328,514,26,-0.5732923314672608,-1.1997870328131943
47,1561899600,401,1170,769,1571,26,-0.18500401598707633,-0.6190638943717705
47,1561914000,470,1863,1393,2333,26,0.36441074333182416,-0.20041580402894651
47,1561928400,382,1913,1531,2295,26,0.4859159304888887,-0.22129326785181702
47,1561942800,228,822,594,1050,26,-0.3390866808601654,-0.905304911522179
47,1561957200,40,115,75,155,26,-0.7960518412552124,-1.3970241252450497
47,1561971600,1218,3487,2269,4705,26,1.1357045400679728,1.1027774640723376
47,1561986000,912,3846,2934,4758,26,1.7212186665857114,1.1318960320358147
47,1562000400,1431,2430,999,3861,26,0.0175046292746979,0.6390780044275298
47,1562014800,2175,1640,-535,3815,26,-1.333139987384266,0.6138052850630024
47,1562029200,425,598,173,1023,27,-0.5493137481076035,-0.2815122518651073
47,1562043600,90,129,39,219,27,-0.7364008554839181,-0.823198020872967
47,1562058000,1289,3505,2216,4794,27,2.303066553159641,2.2591557020262343
47,1562072400,962,3824,2862,4786,27,3.2049939514066503,2.2537657938769025
47,1562086800,1387,2588,1201,3975,27,0.8859515234062132,1.7073638552383774
47,1562101200,2057,1556,-501,3613,27,-1.490333974761604,1.463470511481107
47,1562115600,487,713,226,1200,27,-0.4753166086229417,-0.16226053406113822
47,1562130000,95,117,22,212,27,-0.7601357870167341,-0.8279141905036325
47,1562143404,984,2592,1608,3576,27,1.4541937077506912,1.438542186290447
47,1562144400,288,1134,846,1422,27,0.3903103061032901,-0.012690582917176967
47,1562158800,930,3648,2718,4578,27,3.0039451195992672,2.113628181994272
47,1562173200,1923,2677,754,4600,27,0.26186244133746217,2.128450429404935
47,1562187600,1344,1595,251,2939,27,-0.4404122975452711,1.0093707498998916
47,1562202000,324,580,256,904,27,-0.433431435329737,-0.3616871355864199
47,1562216400,77,82,5,159,27,-0.7838707185495501,-0.8636223319929566
47,1562230253,52,146,94,198,27,-0.6596113711130427,-0.8373465297649634
47,1562230334,0,2,2,2,27,-0.7880592358788707,-0.9693992794235958
47,1562230414,2,0,-2,2,27,-0.7936439256512979,-0.9693992794235958
47,1562230495,2,1,-1,3,27,-0.7922477532081912,-0.9687255409049293
47,1562230575,102,564,462,666,27,-0.1458199120497309,-0.522036903029045
47,1562230659,3,14,11,17,27,-0.7754936838909092,-0.9592932016435984
47,1562230739,2,8,6,10,27,-0.7824745461064434,-0.9640093712742639
47,1562230800,4,12,8,16,27,-0.7796822012202297,-0.9599669401622649
47,1562245200,321,1110,789,1431,27,0.31072847684620103,-0.006626936249178539
47,1562259600,455,1266,811,1721,27,0.34144427059455124,0.18875723416410417
47,1562274000,446,898,452,1344,27,-0.15978163648079916,-0.06524218737316335
47,1562288400,250,1737,1487,1987,27,1.2852568421347652,0.3679716801293911
47,1562302800,48,101,53,149,27,-0.7168544412804225,-0.8703597171796215
47,1562315612,107,566,459,673,27,-0.15000842937905137,-0.5173207333983796
47,1562315693,4,13,9,17,27,-0.7782860287771229,-0.9592932016435984
47,1562315773,2,7,5,9,27,-0.7838707185495501,-0.9646831097929304
47,1562315863,445,1473,1028,1918,27,0.6444136907487323,0.32148372234140316
47,1562315943,9,38,29,47,27,-0.7503625799149863,-0.9390810460836037
47,1562317200,86,450,364,536,27,-0.28264481147419984,-0.6096229104556891
47,1562331600,543,2267,1724,2810,27,1.616149711151083,0.9224584809919141
47,1562346000,1006,2081,1075,3087,27,0.7100337955747532,1.1090840506625324
47,1562360400,877,1624,747,2501,27,0.2520892342357144,0.7142732787239681
47,1562374800,379,671,292,1050,27,-0.3831692273778913,-0.2633213118611121
47,1562389200,74,86,12,160,27,-0.7740975114478024,-0.8629485934742901
47,1562403600,104,570,466,674,27,-0.14023522227730362,-0.5166469948797131
47,1562418000,338,906,568,1244,27,0.002174366919592602,-0.13261603923981258
47,1562432400,447,1342,895,1789,27,0.4587227558155246,0.23457145343342564
47,1562446800,341,1096,755,1437,27,0.263258613780569,-0.0025845051371795854
47,1562461200,261,587,326,848,27,-0.33569936431225916,-0.39941649263174345
47,1562475600,64,76,12,140,27,-0.7740975114478024,-0.8764233638476199
47,1562490000,97,371,274,468,27,-0.4083003313538141,-0.6554371297250104
47,1562504400,310,917,607,1227,27,0.0566250922007588,-0.14406959405714292
47,1562518800,412,1213,801,1625,27,0.32748254616348293,0.12407833637212094
47,1562533200,378,1065,687,1443,27,0.16831888764930483,0.0014579259748193673
47,1562547600,178,462,284,640,27,-0.39433860692274586,-0.5395541045143738
47,1562562000,41,102,61,143,27,-0.705685061735568,-0.8744021482916204
47,1562574732,966,2426,1460,3392,27,1.247560186170881,1.3145742988558125
47,1562574801,12,42,30,54,27,-0.7489664074718796,-0.9343648764529382
47,1562574893,16,39,23,55,27,-0.7587396145736274,-0.9336911379342717
47,1562574962,238,991,753,1229,27,0.2604662688943553,-0.14272211701980994
47,1562575043,8,11,3,19,27,-0.7866630634357639,-0.9579457246062655
47,1562575124,4,14,10,18,27,-0.7768898563340161,-0.958619463124932
47,1562576400,274,987,713,1261,27,0.2046193711700823,-0.1211624844224822
47,1562590800,967,3569,2602,4536,27,2.8419891161988757,2.0853311642102796
47,1562605200,1259,2154,895,3413,27,0.4587227558155246,1.3287228077478088
47,1562619600,2073,1809,-264,3882,27,-1.1594411057452862,1.6447061730023935
47,1562634000,452,341,-111,793,28,-0.9622446355072787,-0.8665857646892831
47,1562648400,68,88,20,156,28,-0.835548846542154,-1.1977847639839834
47,1562662800,1368,3742,2374,5110,28,1.4411067811212317,1.3779763702482692
47,1562677200,994,3726,2732,4720,28,1.7873441280640916,1.1752014727209017
47,1562691600,1452,2542,1090,3994,28,0.19929462057756672,0.7977282019391869
47,1562706000,2262,1889,-373,4151,28,-1.215636213437528,0.8793580965848194
47,1562720400,468,597,129,1065,28,-0.7301302129757525,-0.7251632720548115
47,1562734800,50,86,36,136,28,-0.820074551706719,-1.2081834766776944
47,1562749200,1335,3601,2266,4936,28,1.336655290982045,1.287507569812982
47,1562763600,1080,4387,3307,5467,28,2.3434515987125395,1.5635933918310132
47,1562778000,1436,2894,1458,4330,28,0.5552034017925734,0.9724265751935343
47,1562792400,2107,1857,-250,3964,28,-1.0966775718901207,0.7821301328986202
47,1562806800,466,618,152,1084,28,-0.7078859141498146,-0.7152844949957858
47,1562821200,72,96,24,168,28,-0.8316802728332953,-1.1915455363677565
47,1562835600,1408,3619,2211,5027,28,1.2834624024852368,1.334821712569368
47,1562850000,1050,4071,3021,5121,28,2.0668485785291377,1.3836956622298104
47,1562864400,1554,2922,1368,4476,28,0.46816049334325116,1.0483371778576256
47,1562878800,2035,2081,46,4116,28,-0.810403117434572,0.861160349370825
47,1562893200,450,420,-30,870,28,-0.8839060179028886,-0.8265507208184951
47,1562907600,69,91,22,160,28,-0.8336145596877246,-1.1957050214452412
47,1562922000,1145,3236,2091,4381,28,1.1674051912194738,0.9989432925624977
47,1562936400,940,3878,2938,4818,28,1.9865756740703182,1.2261551649200864
47,1562950800,1590,2712,1122,4302,28,0.23024321024843689,0.9578683774223387
47,1562965200,1768,2358,590,4126,28,-0.28427709302977944,0.8663597057176805
47,1562979600,447,677,230,1124,28,-0.6324487268270687,-0.6944870696083635
47,1562994000,83,55,-28,138,28,-0.8819717310484593,-1.2071436054083233
47,1563008400,122,713,591,835,28,-0.2833099496025647,-0.8447484680324897
47,1563022800,416,1562,1146,1978,28,0.2534546525015895,-0.2504620375868973
47,1563037200,630,1657,1027,2287,28,0.1383645846630411,-0.08980192646905998
47,1563051600,537,1571,1034,2108,28,0.14513458865354395,-0.1828704050777748
47,1563066000,407,845,438,1252,28,-0.4312828939664126,-0.6279353083686121
47,1563080400,58,79,21,137,28,-0.8345817031149393,-1.207663541043009
47,1563094800,90,434,344,524,28,-0.5221943761245937,-1.006448450419698
47,1563109200,376,990,614,1366,28,-0.2610656507766268,-0.5686626460144586
47,1563123600,458,1473,1015,1931,28,0.1267588635364648,-0.2748990124171185
47,1563138000,386,1157,771,1543,28,-0.10922413270392012,-0.47663403867511484
47,1563152400,214,517,303,731,28,-0.5618472566403961,-0.8988217740397877
47,1563166800,28,70,42,98,28,-0.8142716911434308,-1.2279410307957457
47,1563180712,279,1211,932,1490,28,0.04648595907764534,-0.5041906273134494
47,1563180792,7,28,21,35,28,-0.8345817031149393,-1.2606969757809359
47,1563180877,1266,3388,2122,4654,28,1.1973866374631292,1.140885720831655
47,1563180957,10,58,48,68,28,-0.8084688305801426,-1.2435390998363123
47,1563181200,54,175,121,229,28,-0.7378673603934701,-1.1598294626519376
47,1563195600,950,3957,3007,4907,28,2.0533085705481318,1.272429436407101
47,1563210000,1461,2484,1023,3945,28,0.13449601095418234,0.7722513558395946
47,1563224400,2345,1951,-394,4296,28,-1.2359462254090365,0.9547487636142253
47,1563238800,432,457,25,889,29,-0.7675990565894217,-0.6525583317082243
47,1563253200,66,85,19,151,29,-0.7738194380251221,-1.033880618456733
47,1563267600,1367,3601,2234,4968,29,1.5225380419875942,1.4550481827188315
47,1563282000,1078,3994,2916,5072,29,2.2295880651788686,1.5087846567321717
47,1563296400,1502,2809,1307,4311,29,0.5614891101718885,1.1155783420768666
47,1563310800,2483,2168,-315,4651,29,-1.1200873379457754,1.2912552763512473
47,1563325200,450,621,171,1071,29,-0.6162364416540462,-0.5585195021848793
47,1563339600,86,76,-10,162,29,-0.8038846149643405,-1.0281969529360913
47,1563352741,273,1262,989,1535,29,0.23180889407976948,-0.3187721565869009
47,1563352821,11,25,14,36,29,-0.779003089221539,-1.0933007579907148
47,1563352911,1180,2951,1771,4131,29,1.042531941199383,1.0225729062845472
47,1563352991,18,48,30,66,29,-0.7624154053930048,-1.0777998520253282
47,1563353071,16,48,32,64,29,-0.760341944914438,-1.0788332457563539
47,1563354000,170,605,435,775,29,-0.3425396584832304,-0.7114617743766931
47,1563368400,1112,4242,3130,5354,29,2.4514483363855146,1.654493172806805
47,1563382800,1529,2608,1079,4137,29,0.3251146156152749,1.0256730874776245
47,1563397200,2301,2042,-259,4343,29,-1.0620304445459054,1.1321126417732787
47,1563411600,394,559,165,953,29,-0.6224568230897466,-0.6194897323153996
47,1563426000,88,73,-15,161,29,-0.8090682661607574,-1.028713649801604
47,1563440400,1333,3524,2191,4857,29,1.4779586416984083,1.3976948306469015
47,1563454800,1130,4144,3014,5274,29,2.331187628628641,1.6131574235657742
47,1563469200,1478,2687,1209,4165,29,0.459889546722116,1.0401405997119852
47,1563483600,2269,2025,-244,4294,29,-1.0464794909566546,1.1067944953631474
47,1563498000,456,480,24,936,29,-0.7686357868287051,-0.6282735790291187
47,1563512400,62,79,17,141,29,-0.7758928985036888,-1.0390475871118618
47,1563526230,235,1193,958,1428,29,0.1996702566619843,-0.3740587211967795
47,1563526310,9,9,0,18,29,-0.7935173125715066,-1.1026013015699467
47,1563526402,1025,2942,1917,3967,29,1.1938945561347585,0.9378346203404342
47,1563526480,20,41,21,61,29,-0.7717459775465553,-1.0803833363528925
47,1563526560,11,55,44,66,29,-0.7479011820430372,-1.0777998520253282
47,1563526800,42,159,117,201,29,-0.6722198745753495,-1.0080457751810887
47,1563541200,929,3740,2811,4669,29,2.1207313900541123,1.3005558199304792
47,1563555600,1644,2896,1252,4540,29,0.504468947011302,1.233901924279317
47,1563570000,1692,1883,191,3575,29,-0.5955018368683784,0.7352894490593835
47,1563584400,338,546,208,884,29,-0.5778774228005608,-0.6551418160357887
47,1563598800,64,64,0,128,29,-0.7935173125715066,-1.0457646463635293
47,1563613200,117,599,482,716,29,-0.29381333723691094,-0.7419468894419533
47,1563627600,324,1331,1007,1655,29,0.25047003838687054,-0.2567685327253547
47,1563642000,457,1465,1008,1922,29,0.25150676862615395,-0.11881046963341457
47,1563656400,402,1167,765,1569,29,-0.0004186795197106374,-0.3012044631594628
47,1563670800,251,599,348,850,29,-0.43273518930088567,-0.6727095094632267
47,1563685200,51,89,38,140,29,-0.7541215634787376,-1.0395642839773747
47,1563699600,104,307,203,411,29,-0.5830610739969777,-0.899539433423383
47,1563714000,298,970,672,1268,29,-0.09683459177306622,-0.45673021967884103
47,1563728400,382,1289,907,1671,29,0.14679701445853122,-0.2485013828771486
47,1563742800,341,923,582,1264,29,-0.19014031330857162,-0.45879700714089255
47,1563757200,219,398,179,617,29,-0.6079425997397792,-0.7930998791277288
47,1563771600,34,81,47,115,29,-0.744790991325187,-1.052481705615197
47,1563786000,1341,3493,2152,4834,29,1.437526162366356,1.385810802740105
47,1563800400,960,3851,2891,4811,29,2.2036698091967835,1.3739267748333088
47,1563814800,1450,2413,963,3863,29,0.20485390785840124,0.8840981463270943
47,1563829200,2026,2135,109,4161,29,-0.6805137164896167,1.0380738122499338
47,1563843600,372,384,12,756,30,-0.8179566983184,-0.6444108972484158
47,1563858000,67,88,21,155,30,-0.8073097792220181,-0.9827836479644703
47,1563872400,1386,3397,2011,4783,30,1.5468423320890992,1.6228554374163953
47,1563879451,678,2813,2135,3491,30,1.6935332174170281,0.8954384758105011
47,1563886800,577,1747,1170,2324,30,0.5519468920827426,0.238398542223753
47,1563901200,1419,2779,1360,4198,30,0.7767151841174723,1.2934909462867914
47,1563915600,2137,1984,-153,4121,30,-1.0131502150854022,1.2501386970269974
47,1563930000,446,585,139,1031,30,-0.6677168399583439,-0.48958143560629436
47,1563944400,78,76,-2,154,30,-0.8345185724683275,-0.9833466641886235
47,1563955651,774,1853,1079,2627,30,0.4442947101082141,0.4089924581421632
47,1563958800,560,1794,1234,2354,30,0.6276583167681252,0.25528902894834804
47,1563973200,985,4097,3112,5082,30,2.849315434879823,1.7911972884381928
47,1563987600,1411,2726,1315,4137,30,0.7234805886355626,1.259146956613448
47,1564002000,2243,2212,-31,4455,30,-0.8688253117788916,1.4381861158941558
47,1564016400,444,729,285,1173,30,-0.4950001523948146,-0.40963313177654437
47,1564030800,60,89,29,149,30,-0.7978458511363453,-0.9861617453093893
47,1564045200,1291,3512,2221,4803,30,1.795270444338011,1.6341157618994586
47,1564046809,85,367,282,452,30,-0.4985491254269419,-0.8155678293909792
47,1564059600,1034,4246,3212,5280,30,2.9676145359507333,1.9026745008205201
47,1564074000,1402,2718,1316,4120,30,0.7246635796462718,1.2495756808028442
47,1564088400,1891,1973,82,3864,30,-0.7351473275687628,1.105443527419633
47,1564102800,478,809,331,1287,30,-0.44058256590219586,-0.34544928222308313
47,1564117200,91,101,10,192,30,-0.8203226803398183,-0.961952047670803
47,1564127337,453,1212,759,1665,30,0.06573758668130075,-0.1326291494931853
47,1564127426,8,33,25,41,30,-0.8025778151791817,-1.0469674975179315
47,1564131600,617,1908,1291,2525,30,0.6950888043785441,0.35156480327853995
47,1564146000,902,3677,2775,4579,30,2.4506474642708547,1.5080001276891488
47,1564160400,1694,2858,1164,4552,30,0.544848946018488,1.4927986896370133
47,1564174800,1667,2279,612,3946,30,-0.10816209189293756,1.151610857800193
47,1564189200,0,0,0,0,30,-0.8321525904469093,-1.0700511627082114
47,1564203600,308,686,378,994,30,-0.38498198839886794,-0.5104130358999616
47,1564218000,115,701,586,816,30,-0.13891985817137426,-0.6106299237992256
47,1564219174,23,64,41,87,30,-0.7836499590078361,-1.0210687512068857
47,1564219241,2,3,1,5,30,-0.8309695994362002,-1.0672360815874455
47,1564219315,4,5,1,9,30,-0.8309695994362002,-1.0649840166908329
47,1564219477,5,24,19,29,30,-0.8096757612434363,-1.0537236922077695
47,1564224692,34,38,4,72,30,-0.8274206264040729,-1.0295139945691834
47,1564224694,50,81,31,131,30,-0.7954798691149271,-0.9962960373441463
47,1564224729,121,576,455,697,30,-0.2938916805742669,-0.6776288544734528
47,1564224801,36,136,100,172,30,-0.7138534893759989,-0.9732123721538665
47,1564224828,135,97,-38,232,30,-0.8771062488538552,-0.9394313987046763
47,1564224908,1,3,2,4,30,-0.8297866084254911,-1.0677990978115988
47,1564224988,0,0,0,0,30,-0.8321525904469093,-1.0700511627082114
47,1564232400,229,836,607,1065,30,-0.11407704694648307,-0.4704388839850866
47,1564246800,559,1705,1146,2264,30,0.5235551078257241,0.20461756877456286
47,1564261200,421,1485,1064,1906,30,0.42654984494757753,0.0030577605277284084
47,1564275600,235,976,741,1211,30,0.04444374848853688,-0.38823851525872394
47,1564290000,79,123,44,202,30,-0.7801009859757088,-0.9563218854292713
47,1564304400,90,377,287,467,30,-0.4926341703733964,-0.8071225860286816
47,1564318800,300,1020,720,1320,30,0.019600937263645694,-0.32686974682602854
47,1564333200,398,1272,874,1670,30,0.20178155291284774,-0.12981406837241943
47,1564347600,337,1255,918,1592,30,0.2538331573840483,-0.17372933385636663
47,1564362000,199,440,241,639,30,-0.5470517568660153,-0.7102837954743365
47,1564376400,25,88,63,113,30,-0.7576241567722357,-1.0064303293789034
47,1564390800,1359,3388,2029,4747,30,1.568136170281863,1.6025868533468812
47,1564405200,988,2891,1903,3879,30,1.419079302932516,1.1138887707819305
47,1564419600,1342,2389,1047,3731,30,0.4064389977655228,1.0305623696072617
47,1564434000,2072,1811,-261,3883,30,-1.1409132442419856,1.1161408356785432
47,1564448400,458,443,-15,901,31,-0.8410642861722181,-0.8469935390162655
47,1564462800,75,107,32,182,31,-0.7968670349981413,-1.2084109601157877
47,1564475988,287,1162,875,1449,31,-0.004137615003530568,-0.571532138790204
47,1564476050,1217,2758,1541,3975,31,0.6221468378035996,0.6982041695510937
47,1564476117,16,27,11,43,31,-0.8166147429695373,-1.2782816437497704
47,1564476188,16,33,17,49,31,-0.8109725406919955,-1.2752656430173683
47,1564476251,30,80,50,110,31,-0.7799404281655161,-1.2446029689046132
47,1564476317,17,34,17,51,31,-0.8109725406919955,-1.274260309439901
47,1564477200,211,595,384,806,31,-0.4658578347156941,-0.8947468839459659
47,1564491600,1121,3878,2757,4999,31,1.7656331660520534,1.212934961214391
47,1564506000,1303,2541,1238,3844,31,0.3372156227877431,0.6323548202269804
47,1564520400,2228,1685,-543,3913,31,-1.3375780865958888,0.667038828649605
47,1564534800,456,624,168,1080,31,-0.6689771167071957,-0.7570161838329352
47,1564549200,67,83,16,150,31,-0.8119129077382525,-1.2244962973552658
47,1564563600,1362,3469,2107,4831,31,1.1543945859850344,1.1284869407071312
47,1564578000,1153,4144,2991,5297,31,1.9856790548761802,1.3627296642570301
47,1564592400,1285,2742,1457,4027,31,0.5431560059180156,0.7243428425652454
47,1564606800,2126,1991,-135,4117,31,-0.9539083317230523,0.7695828535512774
47,1564621200,446,434,-12,880,31,-0.8382431850334472,-0.857549541579673
47,1564635600,68,116,48,184,31,-0.78182116225803,-1.2074056265383204
47,1564650000,1296,3492,2196,4788,31,1.2380872531019032,1.1068722687915826
47,1564664400,974,4024,3050,4998,31,2.0411607106053404,1.2124322944256571
47,1564678800,1392,2743,1351,4135,31,0.44347709901477866,0.7786308557484838
47,1564693200,2151,2430,279,4581,31,-0.5645963745726741,1.002820243523709
47,1564707600,464,744,280,1208,31,-0.5636560075264171,-0.692674834875023
47,1564722000,83,105,22,188,31,-0.8062707054607108,-1.2053949593833855
47,1564736400,1113,3067,1954,4180,31,1.0105184279077208,0.8012508612414998
47,1564750800,881,3687,2806,4568,31,1.8117111513186441,0.996285575270171
47,1564765200,1729,2527,798,4256,31,-0.07654587756531589,0.8394535371852602
47,1564779600,1574,2216,642,3790,31,-0.22324313678140043,0.6052108136353612
47,1565398800,7671,8054,383,15725,32,-0.5666899918481461,3.769575810729608
47,1565413200,104,98,-6,202,32,-1.1637353308371197,-0.6854382977331652
47,1565427600,111,646,535,757,32,-0.33339721157481955,-0.5261564044008945
47,1565442000,443,1404,961,1847,32,0.3204365015596349,-0.2133325057843627
47,1565456400,546,1717,1171,2263,32,0.6427488953583096,-0.09394283438575975
47,1565470800,432,1355,923,1787,32,0.26211330649130327,-0.23055216992839198
47,1565485200,260,856,596,1116,32,-0.2397731352809188,-0.42312541393911934
47,1565499600,61,84,23,145,32,-1.1192255240744455,-0.7017969786699931
47,1565514000,95,388,293,483,32,-0.7048238749047209,-0.6047928706586282
47,1565528400,360,984,624,1344,32,-0.1967981494410955,-0.3576906901918081
47,1565542800,410,1328,918,1738,32,0.2544392018770491,-0.24461489564601588
47,1565557200,355,1330,975,1685,32,0.3419239944795466,-0.25982559897324176
47,1565571600,199,574,375,773,32,-0.5789685592309527,-0.5215644939624867
47,1565586000,34,88,54,122,32,-1.0716460754660697,-0.7083978499252043
47,1565600400,1281,3313,2032,4594,32,1.964229709932876,0.5750411176097775
47,1565614800,988,3444,2456,4432,32,2.614993781221629,0.5285480244208984
47,1565629200,1175,2320,1145,3495,32,0.602843551364188,0.2596342693716413
47,1565643600,2018,2100,82,4118,32,-1.0286710896262465,0.4384317820671453
47,1565658000,404,579,175,983,33,-0.7574448441603252,-0.8104855924366743
47,1565672400,69,106,37,175,33,-0.9044453585510144,-1.2511466177208757
47,1565686800,1435,3496,2061,4931,33,1.2515621858457608,1.3426452588282105
47,1565701200,1102,3971,2869,5073,33,2.112260849814434,1.4200881617865726
47,1565715600,1295,2503,1208,3798,33,0.3429285715322979,0.724738152829448
47,1565730000,2124,1963,-161,4087,33,-1.1153591400680904,0.8823508215263962
47,1565744400,472,570,98,1042,33,-0.8394668703058547,-0.7783086116300308
47,1565758800,68,78,10,146,33,-0.9332063287578883,-1.266962421846175
47,1565772706,313,1499,1186,1812,33,0.3194937069192894,-0.3583717434755321
47,1565773200,1338,3363,2025,4701,33,1.213214225569929,1.2172095709379056
47,1565787600,1111,4041,2930,5152,33,2.177239338059594,1.4631725937141122
47,1565802000,1407,2639,1232,4046,33,0.3684938783828525,0.8599905467285593
47,1565816400,2147,2215,68,4362,33,-0.871423503869048,1.0323282744387172
47,1565830800,451,469,18,920,33,-0.9246845598077035,-0.844844063467497
47,1565845200,69,96,27,165,33,-0.9150975697387455,-1.2566003432813238
47,1565859600,1348,3249,1901,4597,33,1.0811268068420634,1.160490825109246
47,1565874000,989,4051,3062,5040,33,2.317848525737644,1.4020908674370942
47,1565888400,1254,2488,1234,3742,33,0.37062432062039874,0.694197289690939
47,1565902800,2075,2104,29,4179,33,-0.9129671275011992,0.9325250966825182
47,1565917200,474,743,269,1217,33,-0.6573140589956528,-0.6828684143221903
47,1565931600,101,107,6,208,33,-0.9374672132329808,-1.233149323371397
47,1565946000,1024,2800,1776,3824,33,0.9479741669954246,0.7389178392866129
47,1565946084,1,4,3,5,33,-0.9406628765893001,-1.3438599522484922
47,1565960400,901,3705,2804,4606,33,2.043021477094182,1.1653991781136495
47,1565974800,1532,2893,1361,4425,33,0.5059074027045838,1.06668674546954
47,1565989200,1472,2092,620,3564,33,-0.283421446306291,0.597120974714964
47,1566003600,475,719,244,1194,33,-0.6839445869649805,-0.6954119831112208
47,1566018000,85,122,37,207,33,-0.9044453585510144,-1.233694695927442
47,1566032400,105,679,574,784,33,-0.3324216177698541,-0.9190147310895902
47,1566046800,376,1305,929,1681,33,0.04573187939460007,-0.4298155483174014
47,1566061200,502,1646,1144,2148,33,0.2747544199308188,-0.17512656464447804
47,1566075600,410,1227,817,1637,33,-0.07357288590798829,-0.4538119407833727
47,1566090000,262,686,424,948,33,-0.49220478558582065,-0.8295736318982424
47,1566104400,54,103,49,157,33,-0.8916627051257371,-1.2609633237296822
47,1566118800,88,372,284,460,33,-0.6413357422140561,-1.0957154392481065
47,1566133200,377,988,611,1365,33,-0.29300843637524904,-0.6021532760275593
47,1566147600,433,1278,845,1711,33,-0.0437466945823412,-0.41345437163605725
47,1566162000,335,1074,739,1409,33,-0.1566601331722909,-0.5781568835615879
47,1566176400,187,457,270,644,33,-0.6562488378768797,-0.9953668889358628
47,1566190800,41,84,43,125,33,-0.8980540318383757,-1.278415245523116
47,1566205200,1391,3312,1921,4703,33,1.1024312292175253,1.2183003160499952
47,1566219600,1039,3559,2520,4598,33,1.7404986793626185,1.161036197665291
47,1566234000,1333,2115,782,3448,33,-0.11085562506504716,0.5338577582137667
47,1566248400,2358,2264,-94,4622,33,-1.0439893251102919,1.1741251390103662
47,1566262800,502,466,-36,968,34,-1.0590139262988982,-0.8316646677266315
47,1566277200,56,70,14,126,34,-0.9742960395430533,-1.3461576146256886
47,1566291600,1393,2220,827,3613,34,0.40321679910698593,0.7845275467009291
47,1566306000,1080,2553,1473,3633,34,1.497771895992503,0.7967482817816668
47,1566320400,1266,2199,933,3465,34,0.5828187190293773,0.6940941071034701
47,1566334800,2345,2485,140,4830,34,-0.760806964918324,1.528159276363818
47,1566349200,560,607,47,1167,34,-0.9183822342841956,-0.7100683536732914
47,1566363600,29,82,53,111,34,-0.9082160878734942,-1.355323165936242
47,1566378000,1454,2135,681,3589,34,0.15584056977991864,0.7698626646040438
47,1566392400,1166,2916,1750,4082,34,1.967108988619884,1.0711037843442281
47,1566406800,1241,2311,1070,3552,34,0.8149457287403925,0.7472543047046791
47,1566421200,2405,2668,263,5073,34,-0.5524009634989453,1.676641207594781
47,1566435600,611,518,-93,1129,34,-1.1555923172005615,-0.733287750326693
47,1566450000,45,72,27,117,34,-0.9522693889865336,-1.3516569454120204
47,1566464400,1407,1666,259,3073,34,-0.559178394439413,0.4545676995210112
47,1566478800,1139,2759,1620,3898,34,1.7468424830546871,0.9586730216014413
47,1566493200,1266,2392,1126,3658,34,0.9098297619069389,0.812024200632589
47,1566507600,2267,2843,576,5110,34,-0.0220669924073558,1.6992495674941457
47,1566522000,549,726,177,1275,34,-0.6981157287189986,-0.6440763842373078
47,1566536400,40,70,30,110,34,-0.947186315781183,-1.3559342026902788
47,1566550800,1118,2343,1225,3461,34,1.077571177683512,0.6916499600873226
47,1566565200,1088,2794,1706,3882,34,1.8925572482747404,0.9488964335368512
47,1566579600,1457,1415,-42,2872,34,-1.0691800727095997,0.3317493119595974
47,1566594000,1616,2036,420,3652,34,-0.2863867990855921,0.8083579801083676
47,1566608400,511,633,122,1144,34,-0.7913054041504282,-0.7241221990161397
47,1566622800,44,129,85,173,34,-0.8539966403497534,-1.317438887185955
47,1566637200,146,717,571,863,34,-0.030538781082940298,-0.8958235269005044
47,1566651600,490,1422,932,1912,34,0.5811243612942604,-0.25484597191581215
47,1566666000,618,1352,734,1970,34,0.2456415297411143,-0.2194058401816728
47,1566680400,545,1128,583,1673,34,-0.010206488261537505,-0.4008837561306276
47,1566694800,312,697,385,1009,34,-0.3456893198146836,-0.8066121608111192
47,1566709200,37,84,47,121,34,-0.9183822342841956,-1.349212798395873
47,1566723600,109,391,282,500,34,-0.5202081665317242,-1.1176298686158936
47,1566738000,384,997,613,1381,34,0.04062424379196948,-0.579306488309398
47,1566752400,523,1123,600,1646,34,0.018597593235449787,-0.4173817484896235
47,1566766800,459,984,525,1443,34,-0.10847923689831768,-0.5414222095591111
47,1566781200,257,395,138,652,34,-0.7641956803885578,-1.0247522820022872
47,1566795600,27,56,29,83,34,-0.9488806735162998,-1.3724321950492746
47,1566810000,1370,3042,1672,4412,34,1.8349490852807657,1.2727459131764
47,1566824400,1160,3409,2249,4569,34,2.8125934984432166,1.368678683560191
47,1566838800,1227,1964,737,3191,34,0.25072460294646504,0.5266700364973637
47,1566853200,2222,2411,189,4633,34,-0.6777834358975959,1.4077850358185517
47,1566867600,548,583,35,1131,35,-1.0400676900048627,-0.5834013659056905
47,1566882000,52,75,23,127,35,-1.0653385821498007,-1.2464796871776551
47,1566896400,1393,1960,567,3353,35,0.08027519508739256,0.8840887036822629
47,1566910800,1128,2970,1842,4098,35,2.7653074854870647,1.3761139520364596
47,1566925200,1383,2027,644,3410,35,0.2424300863507453,0.9217335884556712
47,1566939600,2266,2427,161,4693,35,-0.7747233224830128,1.769073714144845
47,1566954000,552,677,125,1229,35,-0.850535998917827,-0.518678581558427
47,1566968400,49,83,34,132,35,-1.0421735976836075,-1.2431775043027946
47,1566982800,1364,2616,1252,3980,35,1.5228219550276085,1.2981824361897547
47,1566997200,1151,2357,1206,3508,35,1.4259502018053458,0.9864563728029347
47,1567011600,1420,1668,248,3088,35,-0.5915093544322116,0.7090730113146627
47,1567026000,2381,2640,259,5021,35,-0.5683443699660183,1.9856969107356859
47,1567040400,563,646,83,1209,35,-0.9389841214251103,-0.5318873130578685
47,1567054800,53,68,15,121,35,-1.0821858435797596,-1.2504423066274875
47,1567069200,1317,1700,383,3017,35,-0.3072118178016581,0.6621820144916453
47,1567083600,1185,3134,1949,4319,35,2.9906396071127626,1.5220704351052883
47,1567098000,1378,2449,1071,3827,35,1.1416526651747922,1.197135640219027
47,1567112400,2036,2562,526,4598,35,-0.0060670197411459076,1.7063322395224976
47,1567126800,560,761,201,1321,35,-0.6904870153332192,-0.45791841666099603
47,1567141200,40,99,59,139,35,-0.9895259057149866,-1.2385544482779902
47,1567155600,948,1359,411,2307,35,-0.2482464027968026,0.19327204626147115
47,1567170000,998,2481,1483,3479,35,2.0092866288176667,0.9673037121287444
47,1567184400,1764,2661,897,4425,35,0.7752247290731901,1.5920767120523285
47,1567198800,1283,1837,554,3120,35,0.05289839526370963,0.7302069817137691
47,1567213200,473,693,220,1166,35,-0.6504747694370672,-0.5602860857816678
47,1567227600,57,72,15,129,35,-1.0821858435797596,-1.2451588140277108
47,1567242000,144,629,485,773,35,-0.09240923456968438,-0.8198376597456938
47,1567256400,436,1248,812,1684,35,0.5962225763798785,-0.21817993994613236
47,1567270800,555,1382,827,1937,35,0.6278111915610511,-0.05108948647819706
47,1567285200,420,1168,748,1588,35,0.46144448494020873,-0.2815818511434517
47,1567299600,302,682,380,984,35,-0.31352954083789264,-0.6804855424265858
47,1567314000,41,66,25,107,35,-1.0611267667923112,-1.2596884186770965
47,1567328400,101,400,299,501,35,-0.48410806281622476,-0.9994764081380986
47,1567342800,349,1084,735,1433,35,0.4340676851165258,-0.3839495202641235
47,1567357200,461,1194,733,1655,35,0.4298558697590361,-0.23733260062032255
47,1567371600,380,1146,766,1526,35,0.49935082315761586,-0.3225289187917204
47,1567386000,242,605,363,847,35,-0.34932997137655497,-0.7709653531977602
47,1567400400,29,67,38,96,35,-1.0337499669686283,-1.2669532210017893
47,1567414800,91,445,354,536,35,-0.3682831404852585,-0.9763611280140758
47,1567429200,350,897,547,1247,35,0.03815704151249575,-0.5067907232089297
47,1567443600,518,951,433,1469,35,-0.2019164338644161,-0.36017380356512874
47,1567458000,434,839,405,1273,35,-0.2608818488692716,-0.4896193722596557
47,1567472400,272,394,122,666,36,-0.057294277446343696,-0.8315023482381387
47,1567486800,18,90,72,108,36,-0.12777932878630957,-1.2180972464330129
47,1567501200,1352,3506,2154,4858,36,2.80721820900987,2.0728091450108077
47,1567515600,1018,3813,2795,4831,36,3.7108365671882324,2.054102940259443
47,1567530000,1195,2045,850,3240,36,0.9689680700635597,0.9518225047253127
47,1567544400,2043,1142,-901,3185,36,-1.4994184278620457,0.9137172728243843
47,1567558800,468,237,-231,705,36,-0.5549187399065028,-0.8044822747083895
47,1567573200,40,38,-2,78,36,-0.23209720476945908,-1.2388819183789739
47,1567587600,1485,1820,335,3305,36,0.242972041261911,0.9968559606082281
47,1567602000,1173,1992,819,3165,36,0.9252673382327808,0.8998608248604103
47,1567616400,1269,1244,-25,2513,36,-0.2645203283858434,0.4481406212348585
47,1567630800,2146,1097,-1049,3243,36,-1.7080541798283446,0.9539009719199089
47,1567645200,477,232,-245,709,36,-0.5746545542816932,-0.8017109851155947
47,1567659600,49,47,-2,96,36,-0.23209720476945908,-1.2264111152113972
47,1567674000,1497,1774,277,3271,36,0.16120938170755056,0.9732999990694724
47,1567688400,1042,2188,1146,3230,36,1.3862395739961577,0.9448942807433257
47,1567702800,1323,1269,-54,2592,36,-0.3054016581630236,0.5028735906925557
47,1567717200,2237,1244,-993,3481,36,-1.6291109223275828,1.1187927026911992
47,1567731600,492,327,-165,819,36,-0.46187847213774785,-0.7255005213137378
47,1567746000,50,31,-19,81,36,-0.2560621222250475,-1.2368034511843777
47,1567760400,1270,1648,378,2918,36,0.30358918541428165,0.7287336925053316
47,1567774800,1117,1973,856,3090,36,0.9774262762243555,0.8478991449955079
47,1567789200,1382,1450,68,2832,36,-0.13341813289350685,0.6691509662602435
47,1567803600,2095,1361,-734,3456,36,-1.2639983563865596,1.1014721427362317
47,1567818000,474,334,-140,808,36,-0.42663594646776487,-0.7331215676939234
47,1567832400,66,44,-22,110,36,-0.26029122530544546,-1.2167116016366155
47,1567846800,140,322,182,462,36,0.02728778416161537,-0.9728381174706734
47,1567861200,463,695,232,1158,36,0.09777283550158125,-0.4906337283243788
47,1567875600,618,750,132,1368,36,-0.04319726717835052,-0.345141024702652
47,1567890000,516,695,179,1211,36,0.023058681081217416,-0.45391414121984774
47,1567904400,279,339,60,618,36,-0.1446957411079014,-0.8647578233516763
47,1567918800,47,47,0,94,36,-0.22927780271586046,-1.2277967600077946
47,1567933200,94,167,73,261,36,-0.12636962775951027,-1.112095419508612
47,1567947600,361,489,128,850,36,-0.04883607128554779,-0.7040230269695781
47,1567962000,502,620,118,1122,36,-0.06293308155354096,-0.515575334659532
47,1567976400,409,526,117,935,36,-0.06434278258034028,-0.6451331231226887
47,1567990800,208,245,37,453,36,-0.1771188647242857,-0.9790735190544617
47,1568005200,21,29,8,50,36,-0.2180001945014659,-1.2582809455285373
47,1568019600,1399,1845,446,3244,36,0.3994488552366353,0.9545937943181075
47,1568034000,1066,1985,919,3051,36,1.0662374409127127,0.8208790714657586
47,1568048400,1242,1230,-12,2472,36,-0.24619421503745226,0.4197349029087118
47,1568062800,2359,1281,-1078,3640,36,-1.748935509605525,1.2289514640047923
47,1568077200,423,249,-174,672,37,-1.001854514130933,-0.9732761726010162
47,1568091600,34,43,9,77,37,-0.6987784407806614,-1.3524392130128733
47,1568106000,1532,1930,398,3462,37,-0.05453476573554851,0.8046480000865152
47,1568120400,1156,1995,839,3151,37,0.6758288864364175,0.6064636209804857
47,1568134800,1282,1131,-151,2413,37,-0.9637629857863633,0.13617400110829997
47,1568149200,2264,1085,-1179,3349,37,-2.6662886874479987,0.732638884848633
47,1568163600,502,226,-276,728,37,-1.170782161572068,-0.9375902393857826
47,1568178000,58,39,-19,97,37,-0.7451507361566592,-1.3396942368645754
47,1568192400,1341,1799,458,3140,37,0.04483443864158972,0.599453884098922
47,1568206800,1172,2067,895,3239,37,0.7685734771884132,0.6625415160329956
47,1568221200,1294,2047,753,3341,37,0.5333996934958527,0.727540894389314
47,1568235600,2231,2161,-70,4392,37,-0.8296145598772267,1.397289390982359
47,1568250000,474,384,-90,858,37,-0.8627376280029394,-0.8547478944218474
47,1568264400,56,41,-15,97,37,-0.7385261225315166,-1.3396942368645754
47,1568278800,1437,2495,1058,3932,37,1.038526482412972,1.1041549395715116
47,1568293200,1156,3027,1871,4183,37,2.384979201723195,1.2641043902326479
47,1568307600,1419,2063,644,3482,37,0.35287897221071823,0.8173929762348129
47,1568322000,2216,2434,218,4650,37,-0.3526423788669632,1.5616995832953995
47,1568336400,531,256,-275,787,37,-1.1691260081657824,-0.8999925597483043
47,1568350800,36,38,2,74,37,-0.7103715146246609,-1.354350959435118
47,1568365200,1214,2376,1162,3590,37,1.2107664366666784,0.8862158474356205
47,1568379600,1039,2747,1708,3786,37,2.115026196498636,1.0111166136889382
47,1568394000,1407,2244,837,3651,37,0.6725165796238463,0.9250880246879286
47,1568408400,2161,2123,-38,4284,37,-0.7766176508760864,1.3284665197815513
47,1568422800,466,763,297,1229,37,-0.22180625977039786,-0.6183285868709248
47,1568437200,86,74,-12,160,37,-0.7335576623126597,-1.2995475619974377
47,1568451600,152,539,387,691,37,-0.07275245320469052,-0.9611684452601333
47,1568466000,400,1278,878,1678,37,0.7404188692815573,-0.33220387234164106
47,1568480400,654,1614,960,2268,37,0.8762234485969795,0.04377292403314153
47,1568494800,554,1343,789,1897,37,0.5930212161221357,-0.1926463835177811
47,1568509200,258,660,402,918,37,-0.04791015211040596,-0.8165129659769543
47,1568523600,60,77,17,137,37,-0.6855292135303763,-1.31420428456798
47,1568538000,85,328,243,413,37,-0.3112385437098223,-1.1383236137214716
47,1568552400,413,982,569,1395,37,0.22866746673929544,-0.5125452848400538
47,1568566800,520,1273,753,1793,37,0.5333996934958527,-0.2589202594889292
47,1568581200,421,1076,655,1497,37,0.3710966596798603,-0.44754590648373543
47,1568595600,219,365,146,584,37,-0.47188542411952905,-1.0293540676535262
47,1568610000,23,62,39,85,37,-0.6490938385920922,-1.3473412225535542
47,1568624400,1467,2625,1158,4092,37,1.2041418230415357,1.2061147487578932
47,1568638800,1122,2852,1730,3974,37,2.15146157143692,1.1309193894829368
47,1568653200,1326,2048,722,3374,37,0.48205893790099796,0.7485701050340052
47,1568667600,2475,2276,-199,4751,37,-1.0432583492880738,1.626061712844303
47,1568682000,468,279,-189,747,38,-1.0624551911242033,-0.6210010175661996
47,1568696400,47,50,3,97,38,-0.7354029591384407,-0.9851572773544657
47,1568710800,1526,2648,1122,4174,38,1.170698330403582,1.2989428321174736
47,1568716897,249,1132,883,1381,38,0.7635864374629713,-0.26580860417272173
47,1568718864,113,249,136,362,38,-0.5088511526066364,-0.8366935714407879
47,1568718865,803,2242,1439,3045,38,1.7106751925884087,0.6664314208852392
47,1568718866,0,0,0,0,38,-0.7405131502632182,-1.0395005961228685
47,1568718867,0,0,0,0,38,-0.7405131502632182,-1.0395005961228685
47,1568718868,1,0,-1,1,38,-0.7422165473048107,-1.0389403557231942
47,1568718869,0,0,0,0,38,-0.7405131502632182,-1.0395005961228685
47,1568718871,0,0,0,0,38,-0.7405131502632182,-1.0395005961228685
47,1568718882,0,0,0,0,38,-0.7405131502632182,-1.0395005961228685
47,1568718883,2,1,-1,3,38,-0.7422165473048107,-1.0378198749238456
47,1568718884,0,0,0,0,38,-0.7405131502632182,-1.0395005961228685
47,1568718885,0,0,0,0,38,-0.7405131502632182,-1.0395005961228685
47,1568723577,263,566,303,829,38,-0.2243838466606866,-0.5750613047929107
47,1568725200,315,722,407,1037,38,-0.047230554335065185,-0.4585313016606656
47,1568739600,1290,2137,847,3427,38,0.7022641439656407,0.8804432535608048
47,1568754000,2559,2372,-187,4931,38,-1.0590483970410183,1.7230448146708848
47,1568768400,545,367,-178,912,38,-1.0437178236666855,-0.5285613516199476
47,1568782800,31,65,34,96,38,-0.6825976508490728,-0.98571751775414
47,1568797200,1531,2461,930,3992,38,0.8436460984178193,1.1969790793767592
47,1568811600,1112,3178,2066,4290,38,2.7787051376669147,1.3639307184796872
47,1568826000,1330,2216,886,3546,38,0.7686966285877488,0.9471118611220412
47,1568840400,2465,2408,-57,4873,38,-0.8376067816339915,1.6905508714897781
47,1568854800,423,379,-44,802,38,-0.8154626200932887,-0.5901877955841156
47,1568869200,36,55,19,91,38,-0.7081486064729604,-0.9885187197525112
47,1568883600,1447,2515,1068,3962,38,1.0787148901575863,1.1801718673865313
47,1568898000,1154,3044,1890,4198,38,2.4789072583466325,1.3123886017096558
47,1568912400,1432,2292,860,3724,38,0.7244083055063434,1.0468346522640586
47,1568926800,2433,2476,43,4909,38,-0.6672670774747401,1.7107195258780512
47,1568941200,489,452,-37,941,38,-0.8035388408021412,-0.5123143800293941
47,1568955600,44,53,9,97,38,-0.7251825768888855,-0.9851572773544657
47,1568970000,1295,2344,1049,3639,38,1.0463503463673285,0.999214218291747
47,1568984400,1063,2905,1842,3968,38,2.3971442003501915,1.183533309784577
47,1568998800,1456,2461,1005,3917,38,0.9714008765372579,1.15496104940119
47,1569013200,2052,2301,249,4353,38,-0.3163672869066823,1.3992258636591652
47,1569027600,478,542,64,1020,38,-0.6314957396012973,-0.46805538845512795
47,1569042000,57,49,-8,106,38,-0.7541403265959583,-0.9801151137573973
47,1569056400,159,463,304,622,38,-0.22268044961909408,-0.6910310675254816
47,1569070800,488,1048,560,1536,38,0.21338919302858939,-0.17897134222321215
47,1569085200,669,1251,582,1920,38,0.25086392794362466,0.036160971251701916
47,1569099600,578,1075,497,1653,38,0.10607517940826103,-0.11342321546132428
47,1569114000,272,491,219,763,38,-0.3674691981544577,-0.6120371711714115
47,1569128400,48,75,27,123,38,-0.6945214301402203,-0.970591026962935
47,1569142800,95,279,184,374,38,-0.4270880946101957,-0.8299706866446969
47,1569157200,373,789,416,1162,38,-0.03189998096073256,-0.38850125170138367
47,1569171600,511,1166,655,1677,38,0.3752119119798782,-0.09997744586914215
47,1569186000,477,732,255,1209,38,-0.30614690465712724,-0.3621699529166937
47,1569200400,271,259,-12,530,38,-0.7609539147623283,-0.7425731842955131
47,1569214800,24,53,29,77,38,-0.6911146360570353,-0.9963620853479508
47,1569229200,1501,2721,1220,4222,38,1.3376312404796482,1.325834371301838
47,1569243600,1170,2996,1826,4166,38,2.3698898476847114,1.2944609089200796
47,1569258000,1342,2130,788,3472,38,0.6017637185116824,0.9056540715461463
47,1569272400,2583,2491,-92,5074,38,-0.8972256780897294,1.8031591918243035
47,1569286800,467,315,-152,782,39,-1.0665489207711947,-0.9054009795633475
47,1569301200,51,52,1,103,39,-0.8568098576725106,-1.2852498230379714
47,1569315600,1571,2775,1204,4346,39,0.7923149325740046,1.0883858807364448
47,1569330000,1143,3310,2167,4453,39,2.1124372709010153,1.14824424045925
47,1569344400,1370,2440,1070,3810,39,0.6086218969189481,0.7885346581997758
47,1569358800,2601,2492,-109,5093,39,-1.0076026481356168,1.5062755509507952
47,1569373200,586,369,-217,955,39,-1.1556537514993936,-0.8086206409461018
47,1569387600,48,61,13,109,39,-0.8403597350765354,-1.2818932795021132
47,1569402000,1499,2802,1303,4301,39,0.9280284439908002,1.063211804217508
47,1569416400,1174,3385,2211,4559,39,2.172754387086258,1.2075431762594122
47,1569430800,1633,2449,816,4082,39,0.26042763530413937,0.9406979651586824
47,1569445200,2283,2531,248,4814,39,-0.5182115009053542,1.3501962765333873
47,1569459600,546,372,-174,918,39,-1.0967074788638158,-0.8293193260838942
47,1569474000,238,123,-115,361,39,-1.0158277094336043,-1.1409184509960673
47,1569488400,1493,2758,1265,4251,39,0.8759363891035453,1.035240608085356
47,1569502800,1209,3633,2424,4842,39,2.464744063164818,1.3658601463673925
47,1569517200,1366,2487,1121,3853,39,0.6785349179518427,0.8125898868734265
47,1569531600,2264,2640,376,4904,39,-0.34274352654828516,1.4005444295712608
47,1569546000,516,443,-73,959,39,-0.9582522803476912,-0.8063829452555296
47,1569560400,48,78,30,126,39,-0.8170553947322372,-1.2723830728171814
47,1569574800,1230,2519,1289,3749,39,0.9088366342954958,0.7544097989185503
47,1569589200,1105,3234,2129,4339,39,2.0603452160137605,1.0844699132779436
47,1569603600,1422,2460,1038,3882,39,0.5647549033296808,0.8288131806300746
47,1569618000,1933,2175,242,4108,39,-0.5264365622033418,0.9552429871474015
47,1569632400,364,557,193,921,39,-0.5936078961369072,-0.8276410543159651
47,1569646800,56,69,13,125,39,-0.8403597350765354,-1.2729424967398244
47,1569661200,98,529,431,627,39,-0.2673471313167321,-0.9921116875730187
47,1569675600,488,1303,815,1791,39,0.25905679175447477,-0.3409422416165208
47,1569690000,751,1327,576,2078,39,-0.06857481661536492,-0.18038757581796852
47,1569704400,575,1070,495,1645,39,-0.17961314413819762,-0.4226181343224046
47,1569718800,282,475,193,757,39,-0.5936078961369072,-0.9193865776294236
47,1569733200,66,99,33,165,39,-0.8129428640832433,-1.250565539834103
47,1569747600,112,275,163,387,39,-0.6347332026268452,-1.1263734290073482
47,1569762000,414,915,501,1329,39,-0.17138808284021,-0.5993960938776051
47,1569776400,446,1029,583,1475,39,-0.058978911767712715,-0.5177202011717212
47,1569790800,310,664,354,974,39,-0.3729020846409064,-0.797991586415884
47,1569805200,170,237,67,407,39,-0.766334183394647,-1.1151849505544873
47,1569819600,22,46,24,68,39,-0.8252804560302248,-1.3048296603304776
47,1569834000,1213,2397,1184,3610,39,0.7648980615807126,0.6766498736711679
47,1569848400,936,2810,1874,3746,39,1.7107801108492873,0.7527315271506212
47,1569862800,1159,1987,828,3146,39,0.2768777579001146,0.41707717356479757
47,1569877200,2005,1864,-141,3869,39,-1.051469641724884,0.821540669635715
47,1569891600,422,289,-133,711,40,-1.0892213707963234,-0.9531564282990184
47,1569906000,32,51,19,83,40,-0.8606202388624774,-1.3116093476673156
47,1569920400,1368,2629,1261,3997,40,1.0072916418075015,0.9224427644465634
47,1569934800,942,2829,1887,3771,40,1.9487673562192622,0.7934453762662524
47,1569949200,1313,2044,731,3357,40,0.21019558966974888,0.5571404262368335
47,1569963600,2271,2170,-101,4441,40,-1.0410948167049874,1.1758712615795635
47,1569978000,400,392,-8,792,40,-0.9012270188770422,-0.9069228511193493
47,1569992400,47,59,12,106,40,-0.8711479225699571,-1.2984812948879036
47,1570006800,1497,2679,1182,4176,40,0.8884792113945158,1.0246132621645971
47,1570021200,1239,3205,1966,4444,40,2.067579786632248,1.1775836162899216
47,1570035600,1266,2306,1040,3572,40,0.6749176276142123,0.6798591804791646
47,1570050000,2192,2485,293,4677,40,-0.4485366194554128,1.3105764987944013
47,1570064400,481,411,-70,892,40,-0.9944722174290057,-0.8498443607740791
47,1570078800,35,74,39,109,40,-0.8305411425553924,-1.2967689401775455
47,1570093200,1461,2680,1219,4141,40,0.944125539562623,1.0046357905437526
47,1570107600,1189,3421,2232,4610,40,2.4676317675164787,1.2723339102630702
47,1570122000,1331,2326,995,3657,40,0.607239660923271,0.7283758972726444
47,1570136400,2278,2635,357,4913,40,-0.35228351127274077,1.4452817360092391
47,1570150800,535,445,-90,980,40,-1.0245513137360907,-0.7996152892702413
47,1570165200,35,74,39,109,40,-0.8305411425553924,-1.2967689401775455
47,1570179600,1302,2472,1170,3774,40,0.8704317536102648,0.7951577309766106
47,1570194000,1155,3148,1993,4303,40,2.108186566646813,1.0971029449030905
47,1570208400,1471,2507,1036,3978,40,0.6689018083527952,0.9115978512809619
47,1570222800,1857,2400,543,4257,40,-0.07254791561685019,1.070846839344266
47,1570237200,458,495,37,953,40,-0.8335490521861009,-0.8150264816634643
47,1570251600,49,59,10,108,40,-0.8741558322006656,-1.2973397250809982
47,1570266000,180,484,304,664,40,-0.431993116486516,-0.9799833187612953
47,1570280400,557,1157,600,1714,40,0.013177508858342084,-0.38065917013595735
47,1570294800,715,1473,758,2188,40,0.25080236968431363,-0.11010712589937617
47,1570309200,654,1112,458,1766,40,-0.20038407492196147,-0.3509783551564168
47,1570323600,344,444,100,788,40,-0.738799898818783,-0.9092059907331602
47,1570338000,36,80,44,116,40,-0.8230213684786212,-1.2927734458533766
47,1570352400,121,245,124,366,40,-0.7027049832502811,-1.1500772199902007
47,1570366800,562,771,209,1333,40,-0.5748688239451698,-0.5981282183514371
47,1570381200,663,1094,431,1757,40,-0.24099085493652622,-0.35611541928749113
47,1570395600,543,927,384,1470,40,-0.311676731258176,-0.5199306865784168
47,1570410000,214,211,-3,425,40,-0.8937072448002709,-1.1164009106864914
47,1570424400,25,59,34,84,40,-0.8380609166321636,-1.311038562763863
47,1570438800,1363,2617,1254,3980,40,0.9967639581000218,0.9127394210878673
47,1570453200,1242,2937,1695,4179,40,1.6600080316712462,1.0263256168749553
47,1570467600,1316,2155,839,3471,40,0.37262270972800793,0.6222099052304416
47,1570482000,2422,2364,-58,4786,40,-0.9764247596447546,1.3727920532707458
47,1570496400,477,443,-34,920,41,-1.1334747248658565,-0.8646040311671639
47,1570510800,44,70,26,114,41,-1.0437142979077159,-1.3650926710965556
47,1570525200,1419,2642,1223,4061,41,0.7470062199071946,1.085811375803332
47,1570539600,1187,3123,1936,4310,41,1.8136592935931022,1.2404288340445462
47,1570554000,1280,2243,963,3523,41,0.3580443697552509,0.7517383134187008
47,1570568400,2150,2364,214,4514,41,-0.762464960105541,1.3671033781457818
47,1570582800,455,384,-71,839,41,-1.1888269881567102,-0.9149012766191251
47,1570597200,50,63,13,113,41,-1.063162390415313,-1.3657136247441108
47,1570611600,1209,2470,1261,3679,41,0.8038544903140172,0.8486070824372928
47,1570626000,1030,2879,1849,3909,41,1.6835066745037979,0.9914264213749604
47,1570640400,1136,2095,959,3231,41,0.3520603412913748,0.5704198483326184
47,1570654800,2004,2163,159,4167,41,-0.8447453514838368,1.15163246244417
47,1570669200,522,449,-73,971,41,-1.1918190023886481,-0.832935395141855
47,1570683600,50,98,48,148,41,-1.0108021413563975,-1.343980247079683
47,1570698000,1388,2716,1328,4104,41,0.9040869670839412,1.1125123826482004
47,1570712400,1212,3292,2080,4504,41,2.0290843182926404,1.360893841670231
47,1570726800,1237,2437,1200,3674,41,0.7125980562399074,0.8455023141995174
47,1570741200,2106,2801,695,4907,41,-0.04288553732444503,1.611138161634927
47,1570755600,541,615,74,1156,41,-0.971905956341203,-0.7180589703441658
47,1570770000,48,106,58,154,41,-0.9958420701967073,-1.3402545251943527
47,1570784400,1121,2508,1387,3629,41,0.992351386926113,0.8175594000595389
47,1570798800,1000,3160,2160,4160,41,2.1487648875701613,1.1472857869112847
47,1570813200,1290,2828,1538,4118,41,1.2182484614374343,1.1212057337139714
47,1570827600,1802,2471,669,4273,41,-0.0817817223396394,1.2174535490850082
47,1570842000,509,603,94,1112,41,-0.9419858140218228,-0.7453809308365892
47,1570856400,68,84,16,152,41,-1.0586743690674059,-1.3414964324894627
47,1570870800,174,537,363,711,41,-0.5395598998261578,-0.994383343506175
47,1570885200,448,1448,1000,1896,41,0.4133966330461044,-0.25855327115340904
47,1570899600,640,1552,912,2192,41,0.2817480068408311,-0.07475099147710632
47,1570914000,559,1254,695,1813,41,-0.04288553732444503,-0.3100924239004804
47,1570928400,300,713,413,1013,41,-0.46475954402770714,-0.8068553419445418
47,1570942800,41,72,31,113,41,-1.0362342623278706,-1.3657136247441108
47,1570957200,102,281,179,383,41,-0.8148252091644566,-1.19805613990424
47,1570971600,395,1107,712,1502,41,-0.01745341635297178,-0.5032090082901093
47,1570986000,536,1278,742,1814,41,0.027426797126098655,-0.3094714702529253
47,1571000400,514,1126,612,1640,41,-0.16705412794987323,-0.41751740492750866
47,1571014800,229,500,271,729,41,-0.6771925544953072,-0.9832061778501835
47,1571029200,19,55,36,74,41,-1.0287542267480256,-1.3899308169987588
47,1571043600,829,2187,1358,3016,41,0.9489671805630117,0.43691481410827687
47,1571058000,663,2702,2039,3365,41,1.9677480265379106,0.6536276371049986
47,1571072400,937,1876,939,2813,41,0.32214019897199453,0.3108612236545963
47,1571086800,1642,1962,320,3604,41,-0.6038882058128254,0.802035558870662
47,1571101200,356,348,-8,704,42,-0.9860879733711286,-0.8603096992589189
47,1571115600,30,63,33,93,42,-0.9433216895062078,-1.1392978153645537
47,1571130000,1397,2728,1331,4125,42,0.4105962728515316,0.7017497855158378
47,1571144400,1235,4245,3010,5480,42,2.161927751124755,1.3204550184505923
47,1571158800,1564,3405,1841,4969,42,0.9425671209273768,1.0871278051445705
47,1571173200,2339,3307,968,5646,42,0.031958198632841786,1.3962521170979496
47,1571187600,491,604,113,1095,42,-0.8598752819648987,-0.6817755693124326
47,1571202000,65,92,27,157,42,-0.949580170071806,-1.1100748375728013
47,1571216400,1417,3732,2315,5149,42,1.436987085609633,1.1693174301838736
47,1571230800,1143,3671,2528,4814,42,1.6591631456883682,1.0163534058051704
47,1571245200,1646,3368,1722,5014,42,0.8184405897096796,1.1076752114043962
47,1571259600,2325,3772,1447,6097,42,0.5315935637864297,1.6021827887242037
47,1571274000,487,556,69,1043,42,-0.9057708061126187,-0.7055192387682312
47,1571288400,43,77,34,120,42,-0.9422786094119414,-1.1269693716086582
47,1571302800,1398,3634,2236,5032,42,1.3545837581625904,1.1158941739083266
47,1571317200,1250,4661,3411,5911,42,2.580202868925567,1.5172535095169237
47,1571331600,1598,3523,1925,5121,42,1.0301858488457514,1.156532377399982
47,1571346000,2381,3673,1292,6054,42,0.3699161491751434,1.5825486005203702
47,1571360400,573,634,61,1207,42,-0.9141154468667496,-0.6306353581768661
47,1571374800,57,84,27,141,42,-0.949580170071806,-1.1173805820207394
47,1571389200,1203,3094,1891,4297,42,0.9947211256406949,0.7802865383311719
47,1571394341,570,2208,1638,2778,42,0.7308218617913051,0.08669742480505224
47,1571403600,563,1604,1041,2167,42,0.10810304551428629,-0.19229069130058246
47,1571418000,1534,2895,1361,4429,42,0.4418886756795225,0.8405589300266609
47,1571432400,1920,3407,1487,5327,42,0.5733167675570843,1.2505938371671845
47,1571446800,471,688,217,1159,42,-0.7513949521611969,-0.6525525915206803
47,1571461200,85,82,-3,167,42,-0.9808725728997968,-1.10550874729284
47,1571475600,160,612,452,772,42,-0.5062711300086016,-0.8292602853551821
47,1571490000,545,1003,458,1548,42,-0.5000126494430034,-0.4749316796301862
47,1571504400,755,1265,510,2020,42,-0.44577248454115254,-0.2594122184160134
47,1571518800,599,963,364,1562,42,-0.5980621783040415,-0.4685391532382404
47,1571533200,343,465,122,808,42,-0.8504875611165015,-0.8128223603473215
47,1571547600,45,65,20,110,42,-0.9568817307316705,-1.1315354618886193
47,1571562000,97,356,259,453,42,-0.7075855882020097,-0.9749185652859472
47,1571576400,328,789,461,1117,42,-0.49688340916020435,-0.6717301706965177
47,1571590800,448,1312,864,1760,42,-0.07652213117085999,-0.37813056569500686
47,1571605200,526,1059,533,1585,42,-0.4217816423730262,-0.4580371455943294
47,1571619600,226,288,62,514,42,-0.9130723667724833,-0.9470654145781834
47,1571634000,19,60,41,79,42,-0.9349770487520769,-1.1456903417564994
47,1571646709,1027,2516,1489,3543,42,0.575402927745617,0.4360033312220908
47,1571648400,354,1038,684,1392,42,-0.26427654813880536,-0.5461626879975823
47,1571662409,1061,4352,3291,5413,42,2.4550332576136036,1.2898622135748516
47,1571662509,7,20,13,27,42,-0.964183291391535,-1.169434011212298
47,1571662600,6,10,4,16,42,-0.9735710122399323,-1.1744567105202555
47,1571662800,23,69,46,92,42,-0.929761648280745,-1.1397544243925497
47,1571677200,1636,3358,1722,4994,42,0.8184405897096796,1.0985430308444737
47,1571691600,2447,3094,647,5541,42,-0.3028705116266608,1.348308169158356
47,1571706000,449,633,184,1082,43,-0.7156471206801325,-0.8357885970869428
47,1571720400,58,111,53,169,43,-0.8561563615887464,-1.3177089547233787
47,1571734800,1436,3724,2288,5160,43,1.5410814508597435,1.316753810844477
47,1571749200,1249,4006,2757,5255,43,2.0441259851050866,1.3668988644868223
47,1571763600,1672,3379,1707,5051,43,0.9179068785856619,1.2592189598232595
47,1571778000,2390,2354,-36,4744,43,-0.9516168382365834,1.0971712601579957
47,1571792400,510,533,23,1043,43,-0.8883340503464443,-0.8563744612138003
47,1571806800,40,101,61,141,43,-0.8475756445866937,-1.3324885494811227
47,1571821200,1420,3161,1741,4581,43,0.9543749258443861,1.0111329049611293
47,1571835600,1190,4040,2850,5230,43,2.14387682025395,1.3537027977388367
47,1571850000,1323,2870,1547,4193,43,0.7462925385446068,0.8063299490323919
47,1571864400,2255,2860,605,5115,43,-0.2640868884471059,1.2930008906981028
47,1571878800,526,607,81,1133,43,-0.8261238520815618,-0.8088686209210519
47,1571893200,59,116,57,175,43,-0.85186600308772,-1.3145418987038622
47,1571907600,1409,3149,1740,4558,43,0.9533023362191295,0.9989925235529824
47,1571922000,1070,3935,2865,5005,43,2.159965664632799,1.234938197006966
47,1571936400,1394,2718,1324,4112,43,0.507105052112386,0.7635746927689183
47,1571950800,2234,2755,521,4989,43,-0.3541844169686599,1.2264927142882551
47,1571965200,482,865,383,1347,43,-0.50220178525407,-0.6959102895582948
47,1571979600,58,95,37,153,43,-0.8733177955928519,-1.3261544374420895
47,1571994000,1270,2801,1531,4071,43,0.7291311045405012,0.7419331433022218
47,1572008400,1111,3607,2496,4718,43,1.7641800929131153,1.0834473507400906
47,1572022800,1441,2379,938,3820,43,0.09308545676334028,0.6094446331524459
47,1572037200,1999,1502,-497,3501,43,-1.4460806554798737,0.441062821448149
47,1572051600,496,633,137,1129,43,-0.7660588330671925,-0.8109799916007296
47,1572066000,75,116,41,191,43,-0.8690274370918255,-1.3060964159851514
47,1572080400,131,653,522,784,43,-0.3531118273434033,-0.9930857127229317
47,1572094800,614,1522,908,2136,43,0.06090776800564242,-0.2794424229918676
47,1572109200,747,1832,1085,2579,43,0.25075613167605976,-0.04560812021756185
47,1572123600,710,1536,826,2246,43,-0.027044581265398382,-0.22137972930073074
47,1572138000,353,718,365,1071,43,-0.5215083985086887,-0.8415948664560564
47,1572152400,42,136,94,178,43,-0.812180186953226,-1.312958370694104
47,1572166800,92,343,251,435,43,-0.6437836157879406,-1.1773028045248113
47,1572181200,387,1181,794,1568,43,-0.061367449273609424,-0.5792570595061016
47,1572195600,584,1270,686,1854,43,-0.1772071288013217,-0.42829405590914577
47,1572210000,516,921,405,1437,43,-0.47860481349842493,-0.6484044492655464
47,1572224400,240,387,147,627,43,-0.7553329368146264,-1.0759570119002815
47,1572238800,15,61,46,76,43,-0.8636644889655426,-1.3667983230258853
47,1572253200,1322,3028,1706,4350,43,0.9168342889604053,0.8892012482097418
47,1572267600,1149,3701,2552,4850,43,1.8242451119274847,1.1531225831694547
47,1572282000,1367,1663,296,3030,43,-0.5955170826513938,0.1924489239160993
47,1572296400,2213,1847,-366,4060,43,-1.3055714145712598,0.7361268739331082
47,1572310800,504,462,-42,966,44,-0.9852914500489124,-0.9108942288581593
47,1572325200,58,91,33,149,44,-0.8972091459379442,-1.3535821671217472
47,1572339600,1337,3191,1854,4528,44,1.2414291978763627,1.0191601604868832
47,1572354000,1153,3653,2500,4806,44,2.0001114439521683,1.1697932655508703
47,1572368400,1327,2803,1476,4130,44,0.7974943851570832,0.8035055712226139
47,1572382800,2275,2890,615,5165,44,-0.21369046603683134,1.3643158724500477
47,1572397200,490,409,-81,899,44,-1.0310942481866159,-0.9471978908699835
47,1572411600,53,89,36,142,44,-0.8936858537735055,-1.3573750870334302
47,1572426000,1363,2985,1622,4348,44,0.9689612704931011,0.9216279341864598
47,1572440400,1220,3159,1939,4379,44,1.3412558092021265,0.9384251509381994
47,1572454800,1261,2534,1273,3795,44,0.5590849486967293,0.6219872611634929
47,1572469200,2219,2730,511,4949,44,-0.3358312610707072,1.2472772008895396
47,1572483600,445,443,-2,888,44,-0.9383142211897294,-0.9531581935883428
47,1572498000,49,99,50,148,44,-0.8772438236727915,-1.354124012823416
47,1572512400,1285,2778,1493,4063,44,0.817459707422236,0.7672019092107897
47,1572526800,1135,3483,2348,4618,44,1.821597974287273,1.0679262736370947
47,1572541200,1337,2536,1199,3873,44,0.47217707530724073,0.6642512258936762
47,1572555600,1983,2429,446,4412,44,-0.4121692579668796,0.956306059093277
47,1572570000,434,719,285,1153,44,-0.6012526041250913,-0.8095690826460529
47,1572584400,51,143,92,194,44,-0.8279177333706493,-1.3291991105466412
47,1572598800,1128,2653,1525,3781,44,0.8550414905095823,0.6144014213401267
47,1572613200,1105,3496,2391,4601,44,1.8720984953108948,1.0587148967087214
47,1572627600,1325,2808,1483,4133,44,0.8057154002074401,0.805131108327621
47,1572642000,1877,2744,867,4621,44,0.08226607577602167,1.0695518107421018
47,1572656400,693,714,21,1407,44,-0.9113023145956992,-0.6719402744221223
47,1572670800,74,119,45,193,44,-0.8831159772801893,-1.3297409562483102
47,1572685200,197,1075,878,1272,44,0.095184813712297,-0.7450894441474397
47,1572699600,747,1646,899,2393,44,0.11984785886336809,-0.13768041257647048
47,1572714000,894,1990,1096,2884,44,0.35121071099484447,0.1283658269430174
47,1572728400,842,1527,685,2369,44,-0.13148031553326106,-0.15068470941652692
47,1572742800,443,680,237,1123,44,-0.6576252787561109,-0.8258244536961235
47,1572753600,57,115,58,172,44,-0.8678483779009549,-1.3411197159833597
47,1572768000,91,270,179,361,44,-0.7257422606019263,-1.2387108783679153
47,1572782400,520,1136,616,1656,44,-0.21251603531535176,-0.5370206947065368
47,1572796800,725,1541,816,2266,44,0.022370108980563328,-0.20649481668843578
47,1572811200,723,1407,684,2130,44,-0.13265474625474064,-0.28018583211542225
47,1572825600,367,414,47,781,44,-0.8807671158372302,-1.0111356836669276
47,1572840000,38,47,9,85,44,-0.9253954832534541,-1.3882602920285643
47,1572854400,715,1343,628,2058,44,-0.19842286665759687,-0.31919872263559157
47,1572868800,1628,4500,2872,6128,44,2.4369996723425706,1.886113283157312
47,1572883200,1352,2389,1037,3741,44,0.2819192984275495,0.5927275932733659
47,1572897600,3333,2085,-1248,5418,44,-2.4016549001532805,1.5014028349723092
47,1572912000,758,832,74,1590,45,-0.2503408697726744,-0.553575574787989
47,1572926400,119,71,-48,190,45,-0.3465781431401576,-1.2663494333189578
47,1572940800,785,1386,601,2171,45,0.1653725979704703,-0.25777442349763696
47,1572955200,2004,4682,2678,6686,45,1.8037727355463935,2.0409212702647372
47,1572969600,1450,2548,1098,3998,45,0.557421162426529,0.6723954618852773
47,1572984000,4308,1509,-2799,5817,45,-2.516649774565947,1.5984923537908717
47,1572998400,903,795,-108,1698,45,-0.3939079497143297,-0.4985901628441714
47,1573012800,131,74,-57,205,45,-0.3536776141262834,-1.2587125705489832
47,1573027200,902,1552,650,2454,45,0.20402527333937748,-0.11369227923744826
47,1573041600,2154,4784,2630,6938,45,1.7659088902870559,2.1692205648003116
47,1573056000,1440,2466,1026,3906,45,0.5006253945375224,0.6255560368960994
47,1573070400,3330,1557,-1773,4887,45,-1.7073100821476046,1.1250068620524425
47,1573084800,2309,974,-1335,3283,45,-1.3618024941561486,0.3083716698498183
47,1573099200,147,69,-78,216,45,-0.37024304642724365,-1.2531122045176684
47,1573113600,811,1477,666,2288,45,0.21664655509249003,-0.19820689389183455
47,1573128000,1741,4772,3031,6513,45,2.082229764224439,1.9528427863176963
47,1573142400,1398,2339,941,3737,45,0.433574835224112,0.5395140496877181
47,1573156800,3375,1498,-1877,4873,45,-1.7893484135428361,1.1178791234671328
47,1573171200,924,948,24,1872,45,-0.28978237525115114,-0.4100025547124653
47,1573185600,121,77,-44,198,45,-0.34342282270187946,-1.262276439841638
47,1573200000,650,1244,594,1894,45,0.15985078720348356,-0.39880182264983577
47,1573214400,1490,4347,2857,5837,45,1.9449733251593402,1.6086748374841713
47,1573228800,1469,2195,726,3664,45,0.2639763616666621,0.5023479842071747
47,1573243200,3041,1418,-1623,4459,45,-1.5889855657121745,0.907101711015832
47,1573257600,805,977,172,1782,45,-0.17303551903486,-0.4558237313323133
47,1573272000,215,160,-55,375,45,-0.3520999539071443,-1.1721614591559368
47,1573286400,121,398,277,519,45,-0.09020835753005889,-1.09884757656418
47,1573300800,547,1537,990,2084,45,0.47222751059301915,-0.30206822756349
47,1573315200,905,1785,880,2690,45,0.38545619854037044,0.006461028343486481
47,1573329600,884,1975,1091,2859,45,0.5518993516595422,0.09250301555186771
47,1573344000,511,900,389,1411,45,-0.0018593852582710264,-0.64470880384302
47,1573358400,87,199,112,286,45,-0.22036532560903208,-1.21747351159112
47,1573372800,55,207,152,262,45,-0.1888121212262507,-1.2296924920230794
47,1573387200,432,988,556,1420,45,0.12987524303984124,-0.6401266861810352
47,1573401600,785,1563,778,2348,45,0.3049955273642779,-0.1676594428119359
47,1573416000,799,1383,584,2182,45,0.1519624861077882,-0.2521740574663222
47,1573430400,387,525,138,912,45,-0.1998557427602242,-0.8987617719908438
47,1573444800,55,52,-3,107,45,-0.31108078820952856,-1.308606740646151
47,1573459200,427,1180,753,1607,45,0.28527477462503953,-0.5449204636486844
47,1573473600,1330,4215,2885,5545,45,1.9670605682272873,1.4600105755619979
47,1573488000,1118,2020,902,3138,45,0.4028104609509002,0.2345486630733965
47,1573502400,2782,764,-2018,3546,45,-1.9005734589921404,0.4422713304167074
47,1573516800,724,720,-4,1444,46,-0.2741011079022292,0.035139179997536234
47,1573531200,126,62,-64,188,46,-0.33693950953043394,-0.6312813466317998
47,1573545600,719,1392,673,2111,46,0.4349255238026812,0.3890424373715547
47,1573560000,1816,4656,2840,6472,46,2.704439129274676,2.7029436448799418
47,1573574400,1261,1220,-41,2481,46,-0.31285145557295546,0.5853605861397508
47,1573588800,3292,1335,-1957,4627,46,-2.3194910809002947,1.7240058489952883
47,1573595861,392,155,-237,547,46,-0.5181235675584244,-0.44079968336752307
47,1573595928,1,0,-1,1,46,-0.27095918782081896,-0.7305016001984287
47,1573595992,1,1,0,2,46,-0.26991188112701553,-0.7299710106071633
47,1573596059,6,19,13,25,46,-0.25629689410757117,-0.7177674500080592
47,1573596125,1,0,-1,1,46,-0.27095918782081896,-0.7305016001984287
47,1573596193,4,0,-4,4,46,-0.2741011079022292,-0.7289098314246325
47,1573596259,4,0,-4,4,46,-0.2741011079022292,-0.7289098314246325
47,1573596325,4,0,-4,4,46,-0.2741011079022292,-0.7289098314246325
47,1573596406,4,4,0,8,46,-0.26991188112701553,-0.7267874730595709
47,1573596499,6,0,-6,6,46,-0.27619572128983605,-0.7278486522421017
47,1573596580,3,1,-2,4,46,-0.2720064945146224,-0.7289098314246325
47,1573596666,5,6,1,11,46,-0.26886457443321216,-0.7251957042857747
47,1573596741,2,0,-2,2,46,-0.2720064945146224,-0.7299710106071633
47,1573596821,2,1,-1,3,46,-0.27095918782081896,-0.7294404210158979
47,1573596901,1,3,2,4,46,-0.2678172677394087,-0.7289098314246325
47,1573596982,5,6,1,11,46,-0.26886457443321216,-0.7251957042857747
47,1573597062,2,1,-1,3,46,-0.27095918782081896,-0.7294404210158979
47,1573597142,4,0,-4,4,46,-0.2741011079022292,-0.7289098314246325
47,1573597223,1,0,-1,1,46,-0.27095918782081896,-0.7305016001984287
47,1573603200,752,493,-259,1245,46,-0.5411643148220995,-0.07044814866427736
47,1573617600,115,82,-33,197,46,-0.3044730020225282,-0.6265060403104112
47,1573632000,747,931,184,1678,46,-0.07720744946718762,0.15929714435363865
47,1573646400,921,2442,1521,3363,46,1.3230416001479752,1.0533406056358292
47,1573660800,1308,4595,3287,5903,46,3.172585221404802,2.4010381674499324
47,1573675200,3442,1343,-2099,4785,46,-2.4682086314203793,1.8078390044152206
47,1573689600,843,906,63,1749,46,-0.20393155941740054,0.1969690053334817
47,1573704000,118,98,-20,216,46,-0.2908580150030838,-0.6164248380763688
47,1573718400,663,1271,608,1934,46,0.3668505887054594,0.29512807971757976
47,1573732800,1691,4484,2793,6175,46,2.655215714665916,2.5453585362741196
47,1573747200,1124,2239,1115,3363,46,0.8978350824637896,1.0533406056358292
47,1573761600,3359,1303,-2056,4662,46,-2.4231744435868325,1.742576484689577
47,1573776000,935,871,-64,1806,46,-0.33693950953043394,0.22721261203560922
47,1573790400,167,86,-81,253,46,-0.35474372332509196,-0.5967930231995492
47,1573804800,606,1247,641,1853,46,0.401411709600972,0.25215032282508276
47,1573819200,1446,4296,2850,5742,46,2.7149121962127105,2.3156132432562035
47,1573833600,1495,2573,1078,4068,46,0.8590847347930634,1.4274062674779324
47,1573848000,2653,2431,-222,5084,46,-0.5024139671513732,1.9664852922035738
47,1573862400,853,762,-91,1615,46,-0.3652167902631261,0.12587000010391877
47,1573876800,141,148,7,289,46,-0.2625807342703917,-0.5776917979139949
47,1573891200,60,336,276,396,46,0.019144766362726356,-0.5209187116485977
47,1573905600,413,1193,780,1606,46,0.5469873400396463,0.12109469378253022
47,1573920000,613,1534,921,2147,46,0.6946575838659276,0.4081436626571089
47,1573934400,612,1555,943,2167,46,0.7176983311296027,0.4187554544824168
47,1573948800,316,712,396,1028,46,0.1448215696191359,-0.18558608996886808
47,1573963200,85,139,54,224,46,-0.21335731966163127,-0.6121801213462457
47,1573977600,44,199,155,243,46,-0.10757934358748658,-0.6020989191122031
47,1573992000,298,823,525,1121,46,0.2799241331197761,-0.13624125798118633
47,1573994131,71,168,97,239,46,-0.16832313182808453,-0.6042212774772647
47,1573994238,3,6,3,9,46,-0.2667699610456053,-0.7262568834683055
47,1573994331,5,12,7,17,46,-0.2625807342703917,-0.7220121667381824
47,1573994413,2,4,2,6,46,-0.2678172677394087,-0.7278486522421017
47,1573994493,4,13,9,17,46,-0.26048612088278483,-0.7220121667381824
47,1573994576,3,4,1,7,46,-0.26886457443321216,-0.7273180626508363
47,1573994655,2,6,4,8,46,-0.2657226543518019,-0.7267874730595709
47,1573994736,3,13,10,16,46,-0.2594388141889814,-0.7225427563294478
47,1573994816,5,1,-4,6,46,-0.2741011079022292,-0.7278486522421017
47,1573994896,3,1,-2,4,46,-0.2720064945146224,-0.7289098314246325
47,1573994977,5,13,8,18,46,-0.26153342757658826,-0.721481577146917
47,1573995058,7,10,3,17,46,-0.2667699610456053,-0.7220121667381824
47,1573995140,8,23,15,31,46,-0.25420228071996437,-0.7145839124604668
47,1573995218,7,8,1,15,46,-0.26886457443321216,-0.7230733459207132
47,1574006400,357,1035,678,1392,46,0.44016205727169827,0.007548521251735697
47,1574020800,478,1162,684,1640,46,0.44644589743451873,0.13913473988555364
47,1574035200,206,394,188,600,46,-0.07301822269197396,-0.4126784350304571
47,1574049600,41,46,5,87,46,-0.2646753476579985,-0.6848708953496048
47,1574064000,477,1286,809,1763,46,0.5773592341599453,0.20439725961119723
47,1574078400,1344,4540,3196,5884,46,3.0772803122686914,2.3909569652158895
47,1574092800,1209,2336,1127,3545,46,0.9104027627894306,1.149907911246131
47,1574107200,3556,1576,-1980,5132,46,-2.343579134857773,1.9919535925843128
47,1574121600,700,647,-53,1347,47,-0.8262669010438843,-0.5771072996765139
47,1574136000,133,69,-64,202,47,-0.8369364551911892,-1.1501393867562038
47,1574150400,518,1375,857,1893,47,0.05639621477861156,-0.3038535708158058
47,1574164800,1344,4678,3334,6022,47,2.4589858168580863,1.7625651956051898
47,1574179200,1329,2223,894,3552,47,0.09228471509227348,0.5264173745686533
47,1574193600,2896,2366,-530,5262,47,-1.288937567249742,1.38221201990164
47,1574208000,656,852,196,1508,47,-0.5847469935276189,-0.49653248219194607
47,1574222400,139,84,-55,223,47,-0.828206819979758,-1.139629627953869
47,1574236800,499,1361,862,1860,47,0.061246012118295605,-0.3203689060766178
47,1574251200,1369,4777,3408,6146,47,2.53076281748541,1.8246228190094531
47,1574265600,1086,2427,1341,3513,47,0.525856597260027,0.5068992510786028
47,1574280000,2805,2522,-283,5327,47,-1.0493575786693503,1.414742225718391
47,1574294400,654,725,71,1379,47,-0.70599192701972,-0.5610924291205749
47,1574308800,120,87,-33,207,47,-0.8068677116851481,-1.1476370632318382
47,1574323200,495,1374,879,1869,47,0.07773532307322135,-0.31586472373276
47,1574337600,1378,4650,3272,6028,47,2.3988483298460044,1.7655679838344283
47,1574352000,1031,2474,1443,3505,47,0.6247924629895815,0.502895533439618
47,1574366400,2920,2890,-30,5810,47,-0.8039578332813377,1.6564666781720943
47,1574380800,645,931,286,1576,47,-0.4974506414133062,-0.46250088226057584
47,1574395200,116,115,-1,231,47,-0.7758290087111703,-1.135625910314884
47,1574409600,400,1275,875,1675,47,0.07385548520147411,-0.4129548764781397
47,1574424000,1160,4392,3232,5552,47,2.360049951128532,1.5273467843148367
47,1574438400,1081,2666,1585,3747,47,0.7625267074366082,0.6240079920189062
47,1574452800,2441,2512,71,4953,47,-0.70599192701972,1.2275684260958548
47,1574467200,550,947,397,1497,47,-0.38978514047232043,-0.50203759394555
47,1574481600,125,213,88,338,47,-0.6895026160647943,-1.0820761868934634
47,1574496000,60,459,399,519,47,-0.3878452215364468,-0.9914920753114337
47,1574510400,365,1234,869,1599,47,0.06803572839385326,-0.4509901940484947
47,1574524800,619,1738,1119,2357,47,0.3105255953780554,-0.07163794775469122
47,1574539200,634,1514,880,2148,47,0.07870528254115816,-0.17623507107316738
47,1574553600,308,783,475,1091,47,-0.31412830197324937,-0.7052262641240252
47,1574568000,86,203,117,289,47,-0.6613737914946268,-1.1065989574322448
47,1574582400,41,245,204,286,47,-0.5769873177841245,-1.1081003515468641
47,1574596800,326,892,566,1218,47,-0.22586199039099977,-0.6416672466051426
47,1574611200,473,1347,874,1820,47,0.0728855257335373,-0.34038749427154147
47,1574625600,447,990,543,1437,47,-0.24817105815354637,-0.5320654762379355
47,1574640000,205,435,230,640,47,-0.5517683716177675,-0.9309358460217896
47,1574654400,38,51,13,89,47,-0.762249576160055,-1.206691898406863
47,1574668800,456,1301,845,1757,47,0.044756701163369855,-0.3719167706785462
47,1574683200,1333,4423,3090,5756,47,2.222315706681505,1.6294415841089473
47,1574697600,954,2284,1330,3238,47,0.515187043112722,0.3692714572385025
47,1574712000,2792,2748,-44,5540,47,-0.817537265832453,1.5213412078563595
47,1574726400,555,712,157,1267,48,-0.5795552226920704,-0.2118985198302151
47,1574740800,172,78,-94,250,48,-0.8987397775921465,-0.8730821866151299
47,1574753617,285,876,591,1161,48,-0.027658422585962766,-0.2808124516681708
47,1574753810,143,496,353,639,48,-0.3303115065151186,-0.6201810593984811
47,1574755200,178,647,469,825,48,-0.1827999193899838,-0.4992566129658418
47,1574769600,1393,4385,2992,5778,48,3.0255771005816974,2.7208443718775044
47,1574784000,1224,2532,1308,3756,48,0.8841157840409478,1.4062786154968774
47,1574798400,3178,2367,-811,5545,48,-1.810513984219057,2.5693637481204887
47,1574812800,792,680,-112,1472,48,-0.9216295066288054,-0.07862157618133847
47,1574827200,208,53,-155,261,48,-0.976310525994157,-0.865930740858361
47,1574841600,556,1159,603,1715,48,-0.012398603228190206,0.07936036190001286
47,1574856000,1451,3692,2241,5143,48,2.0705667391077647,2.308010912282204
47,1574870400,1274,2953,1679,4227,48,1.3558985325187496,1.712490520173077
47,1574884800,1005,2447,1442,3452,48,1.0545171002027414,1.2086386600370798
47,1574899200,305,642,337,947,48,-0.350657932325482,-0.41994057820894937
47,1574913600,46,86,40,132,48,-0.7283384614303529,-0.9497976956422882
47,1574928000,60,243,183,303,48,-0.5464922807502298,-0.8386252206961521
47,1574942400,150,995,845,1145,48,0.29534108715355645,-0.29121455458710754
47,1574956800,270,1253,983,1523,48,0.4708290097679409,-0.04546487312722769
47,1574971200,192,657,465,849,48,-0.18788652584257468,-0.48365345858743675
47,1574985600,286,272,-14,558,48,-0.7970076485403295,-0.6728417054255982
47,1575000000,22,55,33,77,48,-0.7372400227223869,-0.9855549244261331
47,1575014400,99,453,354,552,48,-0.32903985490197085,-0.6767424940201995
47,1575028800,374,1593,1219,1967,48,0.7709387904708013,0.2431934828732661
47,1575043200,519,1543,1024,2062,48,0.5229667259069971,0.3049559689544528
47,1575057600,479,1351,872,1830,48,0.3296756807085447,0.1541254766298705
47,1575072000,226,636,410,862,48,-0.2578273645656989,-0.47520174996580067
47,1575086400,48,87,39,135,48,-0.7296101130435007,-0.9478473013449875
47,1575100800,51,209,158,260,48,-0.5782835710789227,-0.8665808722907945
47,1575115200,260,769,509,1029,48,-0.13193385486407527,-0.3666298007493987
47,1575129600,390,1197,807,1587,48,0.24701832585394334,-0.0038564614514808387
47,1575144000,372,1279,907,1651,48,0.3741834871687147,0.037751950224266015
47,1575158400,259,651,392,910,48,-0.28071709360235775,-0.44399544120899054
47,1575172800,91,120,29,211,48,-0.7423266291749777,-0.8984373124800382
47,1575187200,60,145,85,205,48,-0.6711141388387057,-0.9023381010746394
47,1575201600,194,669,475,863,48,-0.17517000971109753,-0.4745516185333671
47,1575216000,325,958,633,1283,48,0.0257509451662412,-0.2014964169112784
47,1575230400,247,725,478,972,48,-0.1713550548716544,-0.40368729239811074
47,1575244800,182,306,124,488,48,-0.621519725925945,-0.7183509056959463
47,1575259200,41,51,10,92,48,-0.7664880098247843,-0.9758029529396299
47,1575273600,323,1370,1047,1693,48,0.5522147130093946,0.06505747038647489
47,1575288000,798,4120,3322,4918,48,3.445222132920443,2.161731339984656
47,1575302400,643,1484,841,2127,48,0.2902544807009656,0.3472145120626332
47,1575316800,1838,1529,-309,3367,48,-1.172144874418905,1.1533774882802286
47,1575331200,354,420,66,774,49,-0.5921911812551883,-0.6781297163489513
47,1575345600,66,43,-23,109,49,-0.698527859716633,-1.080264856747393
47,1575360000,435,999,564,1434,49,0.002816300472895444,-0.2790181484347083
47,1575374400,1038,3434,2396,4472,49,2.1916791649826335,1.5581044929644887
47,1575388800,818,1670,852,2488,49,0.3469170127975704,0.35835093123440087
47,1575403200,2152,2076,-76,4228,49,-0.7618519491374933,1.4105541557355867
47,1575417600,453,581,128,1034,49,-0.5181139445741819,-0.5209039471706132
47,1575432000,86,57,-29,143,49,-0.7056966245567304,-1.059704563854841
47,1575446400,411,1121,710,1532,49,0.1772562449152654,-0.21975612774441164
47,1575460800,942,3616,2674,4558,49,2.5238319359071464,1.6101099396927083
47,1575475200,899,1825,926,2724,49,0.43533177915877164,0.5010635524885847
47,1575489600,2163,2041,-122,4204,49,-0.8168124795782401,1.3960410078114325
47,1575504000,459,672,213,1131,49,-0.4165564426728022,-0.4622466409771562
47,1575518400,80,54,-26,134,49,-0.7021122421366818,-1.065146994326399
47,1575532800,452,995,543,1447,49,-0.02227437646744544,-0.2711568599757914
47,1575547200,1013,3451,2438,4464,49,2.2418605188633154,1.5532667769897706
47,1575561600,927,1830,903,2757,49,0.40785151393839825,0.5210191308842969
47,1575576000,2071,1896,-175,3967,49,-0.8801365689991004,1.252723672060409
47,1575590400,526,767,241,1293,49,-0.3831022067523477,-0.3642828924891148
47,1575604800,90,104,14,194,49,-0.6543204765360324,-1.0288641245160133
47,1575619200,418,926,508,1344,49,-0.06409217136801358,-0.33344245315028687
47,1575633600,882,3183,2301,4065,49,2.0781737216810914,1.3119856927507056
47,1575648000,933,1878,945,2811,49,0.45803286781908004,0.553673713713644
47,1575662400,2057,2176,119,4233,49,-0.528867091834328,1.4135777282197857
47,1575676800,442,324,-118,766,49,-0.8120333030181751,-0.6829674323236693
47,1575691200,165,62,-103,227,49,-0.7941113909179316,-1.0089085461203011
47,1575705600,51,156,105,207,49,-0.5455942097945553,-1.0210028360570964
47,1575720000,320,501,181,821,49,-0.4547898551533216,-0.6497081349974825
47,1575734400,511,703,192,1214,49,-0.44164711961314307,-0.41205533773945596
47,1575748800,514,700,186,1214,49,-0.44881588445324044,-0.41205533773945596
47,1575763200,252,307,55,559,49,-0.6053339167953669,-0.8081433331695
47,1575777600,87,67,-20,154,49,-0.6949434772965843,-1.0530527043896036
47,1575792000,42,80,38,122,49,-0.6256454171756428,-1.072403568288476
47,1575806400,229,391,162,620,49,-0.47749094381363005,-0.7712557488622745
47,1575820800,313,512,199,825,49,-0.4332835606330294,-0.6472892770101234
47,1575835200,323,1052,729,1375,49,0.1999573335755738,-0.31469630374825425
47,1575849600,179,336,157,515,49,-0.4834649145137112,-0.8347507710304496
47,1575864000,40,48,8,88,49,-0.6614892413761299,-1.092963861181028
47,1575878400,386,1151,765,1537,49,0.24296992261615818,-0.21673255526021282
47,1575892800,1049,4329,3280,5378,49,3.2478771847569834,2.105975827101313
47,1575907200,1008,2128,1120,3136,49,0.6671218423219207,0.7502059251865667
47,1575921600,2373,2936,563,5309,49,0.0016215063328792116,2.0642505268193694
47,1575936000,474,623,149,1097,50,-0.6850179071610847,-0.6173707645123614
47,1575950400,153,65,-88,218,50,-0.9060515953805225,-1.0792447160041918
47,1575964800,447,1294,847,1741,50,-0.03404105324898515,-0.2789784724068565
47,1575979200,1027,4682,3655,5709,50,2.5847884679332145,1.8060224826779934
47,1575993600,1095,2495,1400,3590,50,0.48170421926303636,0.6925857327221474
47,1576008000,2329,2865,536,5194,50,-0.32408947956225587,1.5354137397675354
47,1576022400,522,745,223,1267,50,-0.6160031690672517,-0.5280436066584238
47,1576036800,206,63,-143,269,50,-0.9573463331529658,-1.0524465686480104
47,1576051200,410,1239,829,1649,50,-0.05082842197451207,-0.32732022842192865
47,1576065600,952,4754,3802,5706,50,2.7218853125250178,1.8044461210688063
47,1576080000,1102,2338,1236,3440,50,0.32875263754156886,0.6137676522627906
47,1576094400,2261,2906,645,5167,50,-0.2224326356132317,1.5212264852848512
47,1576108800,642,525,-117,1167,50,-0.933097911660538,-0.5805889936313282
47,1576123200,225,68,-157,293,50,-0.9704031754950423,-1.0398356757745135
47,1576137600,383,1259,876,1642,50,-0.00699473696896955,-0.33099840551003196
47,1576152000,1005,4620,3615,5625,50,2.54748320409871,1.7618843576207537
47,1576166400,1146,2420,1274,3566,50,0.36419263818434794,0.6799748398486503
47,1576180800,2266,3253,987,5519,50,0.0965273701717798,1.706186247429475
47,1576195200,795,607,-188,1402,50,-0.9993147549667831,-0.4571073342450027
47,1576209600,261,96,-165,357,50,-0.9778642282619432,-1.0062066281118545
47,1576224000,317,1155,838,1472,50,-0.0424347376117486,-0.4203255633639696
47,1576238400,909,4084,3175,4993,50,2.137125301919163,1.4297975119519972
47,1576252800,948,2327,1379,3275,50,0.4621189557499216,0.5270677637574983
47,1576267200,1690,2964,1274,4654,50,0.36419263818434794,1.251668650113851
47,1576281600,451,767,316,1218,50,-0.5292684306520293,-0.553790846275147
47,1576296000,104,157,53,261,50,-0.7745505403638949,-1.0566501996058428
47,1576310400,47,226,179,273,50,-0.6570389592852064,-1.0503447531690944
47,1576324800,258,871,613,1129,50,-0.2522768466808351,-0.600556240681032
47,1576339200,454,1373,919,1827,50,0.03310842165312254,-0.23378943961015866
47,1576353600,452,1244,792,1696,50,-0.08533579102142852,-0.30262389654466354
47,1576368000,244,608,364,852,50,-0.4845021140506242,-0.7461069625959774
47,1576382400,78,142,64,220,50,-0.7642915928094062,-1.0781938082647338
47,1576396800,38,130,92,168,50,-0.7381779081252532,-1.105517409490644
47,1576411200,249,665,416,914,50,-0.43600527106576864,-0.7135288226727766
47,1576425600,404,1081,677,1485,50,-0.1925884245456283,-0.413494663057492
47,1576440000,421,859,438,1280,50,-0.4154873759567913,-0.5212127063519462
47,1576454400,175,325,150,500,50,-0.684085275565222,-0.9310667247406011
47,1576468800,37,38,1,75,50,-0.8230473833487505,-1.1543846193754452
47,1576483200,406,1231,825,1637,50,-0.054558948357962496,-0.33362567485867717
47,1576497600,994,4310,3316,5304,50,2.268626356935791,1.5932136654377302
47,1576512000,833,1996,1163,2829,50,0.2606705310435986,0.29271533785834425
47,1576526400,1947,2794,847,4741,50,-0.03404105324898515,1.297383136780278
47,1576540800,382,418,36,800,51,-0.8543252375927433,-0.6901357808155495
47,1576555200,103,48,-55,151,51,-0.9501481703384768,-1.0587903227679554
47,1576569600,414,1170,756,1584,51,-0.09616576971441236,-0.24479654985917632
47,1576584000,1018,4368,3350,5386,51,2.6353143131694634,1.9148715063858885
47,1576598400,797,1960,1163,2757,51,0.332404929489033,0.4215081923752953
47,1576612800,2020,2705,685,4725,51,-0.17092871724130332,1.53940054763313
47,1576627200,400,655,255,1055,51,-0.6237183994464176,-0.5452869238080557
47,1576641600,108,46,-62,154,51,-0.9575191651650716,-1.057086218567867
47,1576656000,404,1244,840,1648,51,-0.007713831795273757,-0.20844232692396217
47,1576670400,997,4602,3605,5599,51,2.9038291247097052,2.035862904592148
47,1576684800,827,2258,1431,3085,51,0.6146087314215228,0.6078235849182678
47,1576699200,2043,3034,991,5077,51,0.1512890566069873,1.7393487737768079
47,1576713600,427,519,92,946,51,-0.7953572789799842,-0.6072027097445922
47,1576728000,140,67,-73,207,51,-0.969102157035435,-1.026980377699643
47,1576742400,395,1136,741,1531,51,-0.11196075862854425,-0.2749023907274005
47,1576756800,1028,4364,3336,5392,51,2.6205723235162734,1.9182797147860648
47,1576771200,799,2145,1346,2944,51,0.5251037942414422,0.5277306875141241
47,1576785600,2087,2993,906,5080,51,0.06178411942690657,1.741052877976896
47,1576800000,459,468,9,927,51,-0.8827562176381807,-0.617995369678484
47,1576814400,97,48,-49,145,51,-0.9438301747728239,-1.0621985311681317
47,1576828800,330,1077,747,1407,51,-0.1056427630628915,-0.3453386976643779
47,1576843200,866,3869,3003,4735,51,2.2699235696225455,1.5450808949667574
47,1576857600,867,2331,1464,3198,51,0.649357707032613,0.6720115097882552
47,1576872000,1508,2585,1077,4093,51,0.24184699304801016,1.1804025961478906
47,1576886400,305,692,387,997,51,-0.48472249700205694,-0.5782329383430935
47,1576900800,68,213,145,281,51,-0.7395483181500515,-0.9849458074308016
47,1576915200,36,242,206,278,51,-0.6753153632325818,-0.9866499116308898
47,1576929600,235,801,566,1036,51,-0.29623562929341635,-0.5560795837419473
47,1576944000,407,1293,886,1700,51,0.04072413420806405,-0.17890452078910069
47,1576958400,372,1167,795,1539,51,-0.055098798537669434,-0.27035811286049877
47,1576972800,224,535,311,759,51,-0.5647504408336586,-0.7134252048834211
47,1576987200,76,82,6,158,51,-0.885915215421007,-1.0548140796344163
47,1577001600,28,134,106,162,51,-0.7806152893267944,-1.0525419407009655
47,1577016000,224,602,378,826,51,-0.49419949035053606,-0.6753668777481188
47,1577030400,352,1000,648,1352,51,-0.209889689896162,-0.3765806079993276
47,1577044800,366,973,607,1339,51,-0.2530626595947892,-0.38396505953304294
47,1577059200,167,350,183,517,51,-0.6995343462342507,-0.8508896103571996
47,1577073600,35,38,3,73,51,-0.8890742132038334,-1.1030970319702476
47,1577088000,295,893,598,1188,51,-0.2625396529432683,-0.4697383042708138
47,1577090871,90,600,510,690,51,-0.3552035879061754,-0.7526196014854488
47,1577102400,697,3202,2505,3899,51,1.7455299376733666,1.0702038578755226
47,1577116800,997,2230,1233,3227,51,0.40611487775498184,0.6884845170557742
47,1577131200,1614,2382,768,3996,51,-0.08352977858310684,1.1253032270117065
47,1577145600,307,312,5,619,52,-1.0777959113049889,-0.6476877962929393
47,1577160000,75,45,-30,120,52,-1.1396028860111735,-1.1249062685707936
47,1577174400,170,781,611,951,52,-0.007652292106480054,-0.3301797145369321
47,1577188800,445,2173,1728,2618,52,1.9648731578023224,1.2640551417500074
47,1577203200,1002,2038,1036,3040,52,0.7428609721829033,1.6676346914519202
47,1577217600,501,1114,613,1615,52,-0.0041204649804123675,0.30483644897508216
47,1577232000,151,360,209,511,52,-0.717549544446085,-0.750973557828026
47,1577246400,42,58,16,100,52,-1.0583708621116166,-1.1440332614476614
47,1577260800,29,151,122,180,52,-0.8711840244300293,-1.0675252899401897
47,1577275200,123,455,332,578,52,-0.5003421761929223,-0.6868981316905185
47,1577289600,208,723,515,931,52,-0.17717999415772898,-0.34930670741380004
47,1577304000,220,612,392,832,52,-0.3943873624108917,-0.44398532215429615
47,1577318400,211,266,55,477,52,-0.9895002331532968,-0.7834894457187014
47,1577332800,24,40,16,64,52,-1.0583708621116166,-1.1784618486260237
47,1577347200,167,715,548,882,52,-0.11890484657761216,-0.3961678399621264
47,1577361600,443,2112,1669,2555,52,1.8606842575833258,1.2038051141878736
47,1577376000,596,1683,1087,2279,52,0.8329225638976292,0.9398526124870965
47,1577390400,816,1749,933,2565,52,0.5609718751904174,1.2133686106263075
47,1577404800,217,554,337,771,52,-0.49151260837775307,-0.5023226504287432
47,1577419200,65,70,5,135,52,-1.0777959113049889,-1.1105610239131425
47,1577433600,172,682,510,854,52,-0.1860095619728982,-0.4229456299897415
47,1577448000,477,2282,1805,2759,52,2.1008485021559284,1.3989004415319262
47,1577462400,740,2058,1318,2798,52,1.240848596958447,1.4361980776418186
47,1577476800,970,1906,936,2876,52,0.566269615879519,1.5107933498616033
