remote_unit_id,time_stamp,entries,exits,num_people_exited,sum_exit_entry,week_num,z_score_num_people_exited,z_score_sum_exit_entry
452,1546300800,0,0,0,0,1,-0.4542227669925615,-1.344071215965898
452,1546315200,260,301,41,561,1,-0.288392421536383,-0.7281672982038906
452,1546329600,52,115,63,167,1,-0.19941028495014088,-1.1607272689672257
452,1546344000,270,379,109,649,1,-0.013356726633452842,-0.631554918947105
452,1546358400,514,642,128,1156,1,0.06349148223648353,-0.07493587027448868
452,1546372800,537,608,71,1145,1,-0.16705314437332558,-0.08701241768158686
452,1546387200,261,313,52,574,1,-0.24390135324326195,-0.7138950149045927
452,1546401600,48,23,-25,71,1,-0.5553388312951093,-1.2661225917928098
452,1546416000,366,442,76,808,1,-0.146829931512816,-0.4569939155172313
452,1546430400,1186,1076,-110,2262,1,-0.899133449923772,1.1393060781119289
452,1546444800,850,989,139,1839,1,0.10798255052960458,0.6749079369116987
452,1546459200,1130,1932,802,3062,1,2.7895805758331735,2.017600434991797
452,1546473600,401,513,112,914,1,-0.0012227989171470996,-0.3406199132306488
452,1546488000,50,37,-13,87,1,-0.5068031204298864,-1.2485567046552124
452,1546502400,374,458,84,832,1,-0.1144727909360007,-0.43064508481083524
452,1546516800,1342,1108,-234,2450,1,-1.4006691288644093,1.3457052519786978
452,1546531200,835,990,155,1825,1,0.1726968316832352,0.6595377856663011
452,1546545600,1146,1917,771,3063,1,2.664196656098014,2.0186983029378966
452,1546560000,443,640,197,1083,1,0.34257181971151557,-0.15508023033977664
452,1546574400,50,34,-16,84,1,-0.518937048146192,-1.251850308493512
452,1546588800,355,454,99,809,1,-0.05380315235447198,-0.45589604757113145
452,1546601672,1157,1074,-83,2231,1,-0.7899281004770203,1.105272171782834
452,1546603200,1278,1019,-259,2297,1,-1.5017851931669572,1.177731456225423
452,1546617600,881,1041,160,1922,1,0.19292004454374478,0.766030976437985
452,1546632000,1143,1731,588,2874,1,1.924027065403364,1.811201261125028
452,1546646400,524,699,175,1223,1,0.25358968312527347,-0.0013787178857997291
452,1546660800,85,89,4,174,1,-0.43804419670415384,-1.1530421933445267
452,1546675200,57,166,109,223,1,-0.013356726633452842,-1.0992466639856349
452,1546689600,431,659,228,1090,1,0.4679557394466749,-0.1473951547170778
452,1546704000,723,847,124,1570,1,0.04731291194807587,0.37958145941084304
452,1546718400,784,840,56,1624,1,-0.2277227829548543,0.43886632850023416
452,1546732800,447,480,33,927,1,-0.3207495621131983,-0.3263476299313509
452,1546747200,64,114,50,178,1,-0.25199063838746577,-1.1486507215601274
452,1546761600,45,104,59,149,1,-0.21558885523854854,-1.1804888919970227
452,1546776000,377,521,144,898,1,0.12820576339011414,-0.35818580036824615
452,1546790400,701,802,101,1503,1,-0.045713867210268155,0.3060243070221541
452,1546804800,614,794,180,1408,1,0.27381289598578307,0.20172685214266978
452,1546819200,304,315,11,619,1,-0.4097316986994404,-0.6644909573301001
452,1546833600,40,44,4,84,1,-0.43804419670415384,-1.251850308493512
452,1546848000,479,451,-28,930,1,-0.567472759011415,-0.3230540260930514
452,1546862400,1347,1024,-323,2371,1,-1.7606423177814796,1.2589736842368109
452,1546876800,903,912,9,1815,1,-0.41782098384364424,0.6485591062053027
452,1546891200,1053,2039,986,3092,1,3.5337948090999256,2.050536473374792
452,1546905600,453,538,85,991,2,-0.09967876689154026,-0.43746884388547724
452,1546920000,46,30,-16,76,2,-0.4778874691758996,-1.3659968274555032
452,1546934400,457,479,22,936,2,-0.33559112574218025,-0.4932820013678285
452,1546948800,1452,1148,-304,2600,2,-1.556343966778825,1.1953197086436722
452,1546963200,937,964,27,1901,2,-0.3168679226587961,0.4859852162770623
452,1546977600,1336,1938,602,3274,2,1.8363004319303784,1.87928458397285
452,1546992000,505,589,84,1094,2,-0.10342340750821707,-0.3329460216912557
452,1547006400,44,42,-2,86,2,-0.425462500542424,-1.3558489806405303
452,1547020800,480,525,45,1005,2,-0.24946439155861325,-0.4232618583445151
452,1547035200,1454,1096,-358,2550,2,-1.7585545600793737,1.1445804745688075
452,1547049600,866,1020,154,1886,2,0.15870143565916067,0.47076344605460285
452,1547064000,1262,1993,731,3255,2,2.319359071481689,1.8600036750244013
452,1547078400,432,597,165,1029,2,0.19989248244260577,-0.39890702598857997
452,1547092800,38,59,21,97,2,-0.33933576635885704,-1.34468634914406
452,1547107200,491,487,-4,978,2,-0.4329517817757777,-0.45066104474494206
452,1547121600,1403,1163,-240,2566,2,-1.3166869673115082,1.1608170294727642
452,1547136000,888,998,110,1886,2,-0.0060627514746196265,0.47076344605460285
452,1547150400,1249,1953,704,3202,2,2.2182537748314144,1.8062200869050447
452,1547164800,401,735,334,1136,2,0.8327367466609892,-0.2903250650683693
452,1547179200,53,53,0,106,2,-0.4179732193090704,-1.3355532870105844
452,1547193600,426,443,17,869,2,-0.35431432882556435,-0.5612725750281473
452,1547208000,1316,1078,-238,2394,2,-1.3091976860781547,0.9862740642552293
452,1547222400,870,1015,145,1885,2,0.12499967010906925,0.46974866137310556
452,1547236800,1219,1974,755,3193,2,2.4092304462819327,1.797087024771569
452,1547251200,575,650,75,1225,2,-0.1371251730583085,-0.20000922841510993
452,1547265600,63,88,25,151,2,-0.3243572038921498,-1.289887976343206
452,1547280000,67,166,99,233,2,-0.0472537982580647,-1.2066756324604277
452,1547294400,518,664,146,1182,2,0.12874431072574608,-0.24364496971949365
452,1547308800,735,957,222,1692,2,0.41333699759318476,0.2738952178441274
452,1547323200,827,1092,265,1919,2,0.5743565441102882,0.5042513405440137
452,1547337600,515,490,-25,1005,2,-0.511589234725991,-0.4232618583445151
452,1547352000,169,129,-40,298,2,-0.5677588439761434,-1.1407146281631035
452,1547366400,42,101,59,143,2,-0.1970394229251377,-1.2980062537951844
452,1547380800,430,604,174,1034,2,0.23359424799269718,-0.3938331025810935
452,1547395200,750,984,234,1734,2,0.4582726849933067,0.31651617446701386
452,1547409600,629,808,179,1437,2,0.25231745107608133,0.015125124062316865
452,1547424000,330,287,-43,617,2,-0.5789927658261739,-0.816998314765466
452,1547438400,35,36,1,71,2,-0.41422857869239355,-1.3710707508629898
452,1547452800,469,433,-36,902,2,-0.5527802815094361,-0.5277846805387366
452,1547467200,1341,994,-347,2335,2,-1.7173635132959286,0.9264017680468888
452,1547481600,756,845,89,1601,2,-0.08470020442483295,0.18154981182787344
452,1547496000,1191,1963,772,3154,2,2.4728893367654385,1.7575104221931743
452,1547510400,434,566,132,1000,3,-0.013359117424415345,-0.3295366471027579
452,1547524800,35,38,3,73,3,-0.49769260992920095,-1.3144403203548412
452,1547539200,480,472,-8,952,3,-0.5389923651040276,-0.3805348955559402
452,1547553600,1426,1071,-355,2497,3,-1.8418119147099237,1.2609712265308652
452,1547568000,807,918,111,1725,3,-0.0922041045763572,0.44074939724218315
452,1547582400,1300,1950,650,3250,3,1.9314838989901502,2.0610062491401626
452,1547596800,478,687,209,1165,3,0.2757391687993714,-0.15423016804494372
452,1547611200,55,44,-11,99,3,-0.5502559346971622,-1.2868162691093674
452,1547625600,483,448,-35,931,3,-0.6403644914422386,-0.40284662925420744
452,1547640000,1434,1109,-325,2543,3,-1.7291762187785782,1.3098445479651648
452,1547654400,888,947,59,1835,3,-0.287439310857356,0.5576203832807259
452,1547668800,1265,2127,862,3392,3,2.7274428169049916,2.2118760674808264
452,1547683200,514,705,191,1219,3,0.20815775124056413,-0.09685713853511364
452,1547697600,74,29,-45,103,3,-0.6779097234193537,-1.282566415071602
452,1547712000,429,424,-5,853,3,-0.527728795510893,-0.4857187829906287
452,1547726400,1402,1092,-310,2494,3,-1.6728583708129054,1.2577838360025413
452,1547740800,820,1023,203,1843,3,0.2532120296131023,0.5661200913562563
452,1547755200,1315,2054,739,3369,3,2.265636463586475,2.187439406763677
452,1547769600,585,722,137,1307,3,0.005413498564142236,-0.0033603497042794146
452,1547784000,60,62,2,122,3,-0.5014471331269125,-1.2623796083922174
452,1547797714,231,374,143,605,3,0.027940637750411335,-0.7492097333320706
452,1547798400,384,344,-40,728,3,-0.6591371074307961,-0.6185267216707909
452,1547812800,1282,1168,-114,2450,3,-0.9369718240614483,1.2110354415871243
452,1547827200,908,1006,98,1914,3,-0.1410129061466069,0.6415550005265884
452,1547841600,1187,1666,479,2853,3,1.2894604321814809,1.6392082358919673
452,1547856000,490,575,85,1065,3,-0.1898217077168566,-0.26047651898907354
452,1547870400,102,92,-10,194,3,-0.5465014114994506,-1.185882235712444
452,1547884800,66,174,108,240,3,-0.10346767416949174,-1.1370089142781443
452,1547899200,491,1433,942,1924,3,3.027804672721913,0.6521796356210015
452,1547913600,786,1124,338,1910,3,0.760072661304157,0.6373051464888233
452,1547928000,808,798,-10,1606,3,-0.5465014114994506,0.31431623961866867
452,1547942400,388,461,73,849,3,-0.2348759860893948,-0.4899686370283939
452,1547956800,64,120,56,184,3,-0.2987028804504906,-1.1965068708068571
452,1547971200,44,111,67,155,3,-0.2574031252756639,-1.2273183125806546
452,1547985600,320,524,204,844,3,0.2569665528108138,-0.4952809545756004
452,1548000000,671,784,113,1455,3,-0.08469505818093416,0.1538842496930327
452,1548014400,563,688,125,1251,3,-0.03964077980839596,-0.0628583062329921
452,1548028800,285,281,-4,566,3,-0.5239742723131816,-0.7906458102002812
452,1548043200,44,40,-4,84,3,-0.5239742723131816,-1.3027532217509867
452,1548057600,96,280,184,376,3,0.1818760888565835,-0.9925138769941279
452,1548072000,535,823,288,1358,3,0.5723465014185812,0.05082528927722678
452,1548086400,579,794,215,1373,3,0.2982663079856405,0.06676224191884625
452,1548100800,646,935,289,1581,3,0.5761010246162928,0.2877546518826362
452,1548115200,266,293,27,559,4,-0.35397654280087104,-0.8447774738806103
452,1548129600,34,30,-4,64,4,-0.4664967022929214,-1.3699452598409267
452,1548144000,412,447,35,859,4,-0.3249390822867935,-0.5264939672379941
452,1548158400,1282,1008,-274,2290,4,-1.4465109946430377,0.9917183594472847
452,1548172800,761,952,191,1713,4,0.24129139773771802,0.37955308167131974
452,1548187200,1204,1951,747,3155,4,2.2593949034661054,1.909435803600161
452,1548201600,416,685,269,1101,4,0.5244066377499739,-0.26974527187961717
452,1548216000,42,30,-12,72,4,-0.4955341628069989,-1.3614576996637904
452,1548230400,463,460,-3,923,4,-0.46286701972866173,-0.4585934858209027
452,1548244800,1316,1172,-144,2488,4,-0.974652261289278,1.2017854738314113
452,1548259200,859,1071,212,1930,4,0.31751473158717153,0.6097781514761453
452,1548273600,1219,1911,692,3130,4,2.0597623624318224,1.8829121780466098
452,1548288000,442,787,345,1229,4,0.8002625126337103,-0.13394430904543428
452,1548302400,54,53,-1,107,4,-0.45560765460014235,-1.3243246238888184
452,1548316800,424,468,44,892,4,-0.29227193920845634,-0.4914827815073064
452,1548331200,1335,1098,-237,2433,4,-1.312212739765429,1.1434334976135985
452,1548345600,763,988,225,1751,4,0.36470060492254747,0.41986899251271775
452,1548360000,1169,1839,670,3008,4,1.9799093460181094,1.7534768853452793
452,1548374400,497,742,245,1239,4,0.43729425620774126,-0.12333485882401374
452,1548388800,77,55,-22,132,4,-0.5318309884495958,-1.2978009983352672
452,1548403200,382,418,36,800,4,-0.32130939972253386,-0.5890897235443753
452,1548404857,226,133,-93,359,4,-0.7895384505120338,-1.056966478309021
452,1548409792,676,450,-226,1126,4,-1.2722862315585726,-0.2432216463260658
452,1548417600,1389,1007,-382,2396,4,-1.838516711583084,1.1041785317943424
452,1548432000,890,1084,194,1974,4,0.2521804454304971,0.6564597324503957
452,1548446400,1154,1921,767,3075,4,2.331988554751299,1.824560201828797
452,1548460800,623,662,39,1285,4,-0.31042035202975476,-0.07453138780547927
452,1548475200,90,112,22,202,4,-0.3721249556221695,-1.2235348467853235
452,1548489600,67,187,120,254,4,-0.016416064324719936,-1.1683657056339367
452,1548504000,498,660,162,1158,4,0.13603060337418701,-0.20927140561752008
452,1548518400,745,921,176,1666,4,0.18684615927382267,0.3296886656306432
452,1548532800,839,1120,281,1959,4,0.5679628285210901,0.6405455571182649
452,1548547200,584,519,-65,1103,4,-0.6879073387127624,-0.2676233818353331
452,1548561600,90,108,18,198,4,-0.3866436858792083,-1.2277786268738917
452,1548576000,48,123,75,171,4,-0.17975177971640596,-1.256424142471727
452,1548590400,452,558,106,1010,4,-0.0672316202243556,-0.36629126889454405
452,1548604800,709,952,243,1661,4,0.4300348910792219,0.3243839405199329
452,1548619200,610,870,260,1480,4,0.49173949467163663,0.1323528915122212
452,1548633600,284,371,87,655,4,-0.1361955889452897,-0.7429267517549731
452,1548648000,35,37,2,72,4,-0.4447186069073633,-1.3614576996637904
452,1548662400,424,405,-19,829,4,-0.5209419407568168,-0.5583223179022557
452,1548676800,1401,1062,-339,2463,4,-1.6824403613199175,1.17526184827786
452,1548691200,748,914,166,1662,4,0.15054933363122577,0.32544488554207496
452,1548705600,1077,1921,844,2998,4,2.6114741121992955,1.7428674351238587
452,1548720000,396,598,202,994,5,0.19487579242002048,-0.4443235526045462
452,1548734400,41,29,-12,70,5,-0.5407578162616862,-1.4072603052419075
452,1548748800,457,473,16,930,5,-0.4445066898921171,-0.5110204705361383
452,1548763200,1491,1162,-329,2653,5,-1.6304580683743077,1.2845856169034433
452,1548777600,886,972,86,1858,5,-0.20387887396819437,0.45608483947194745
452,1548792000,1138,2017,879,3155,5,2.522090526427102,1.807739566929369
452,1548806400,442,774,332,1216,5,0.6417560219930198,-0.21296861852933602
452,1548820800,37,42,5,79,5,-0.48231963239444786,-1.3978810511577773
452,1548835200,451,439,-12,890,5,-0.5407578162616862,-0.5527060442433834
452,1548849600,1380,1088,-292,2468,5,-1.5032690799573771,1.0917898385074347
452,1548864000,978,931,-47,1909,5,-0.6610717242236476,0.5092339459486849
452,1548878400,1227,2072,845,3299,5,2.405214158692625,1.9578076322754512
452,1548892800,352,659,307,1011,5,0.5558175163059046,-0.42660718377896706
452,1548907200,35,31,-4,66,5,-0.5132574944418093,-1.411428862612632
452,1548921600,421,403,-18,824,5,-0.5613830576265939,-0.6214872408603378
452,1548936000,1251,1070,-181,2321,5,-1.1217021147065855,0.9385953551333092
452,1548950400,710,987,277,1697,5,0.45269130948136627,0.288300405300286
452,1548964800,1010,1918,908,2928,5,2.6217791930241554,1.571173936140753
452,1548979200,566,690,124,1256,5,-0.07325234532377915,-0.17128304482209095
452,1548993600,41,51,10,92,5,-0.4651319312570248,-1.3843332397029227
452,1549008000,380,449,69,829,5,-0.26231705783543274,-0.6162765441469321
452,1549022400,1308,1124,-184,2432,5,-1.1320147353890393,1.0542728221709143
452,1549036800,803,1018,215,1821,5,0.2395638153773204,0.41752568379274574
452,1549051200,1084,1766,682,2850,5,1.8448951016126334,1.4898870674116254
452,1549065600,462,686,224,1148,5,0.2705016774246819,-0.28383409383165265
452,1549080000,78,89,11,167,5,-0.4616943910295402,-1.3061727890018382
452,1549094400,75,196,121,271,5,-0.08356496600623299,-1.197790297363001
452,1549108800,523,760,237,1283,5,0.31518970038198185,-0.14314528256970052
452,1549123200,798,1049,251,1847,5,0.3633152635667664,0.44462130670245503
452,1549137600,920,1027,107,1947,5,-0.13169052919101754,0.5488352409705677
452,1549152000,476,540,64,1016,5,-0.2795047589728558,-0.42139648706556143
452,1549166400,77,113,36,190,5,-0.3757558853424249,-1.2822035841201722
452,1549180800,55,110,55,165,5,-0.3104426210202173,-1.3082570676872003
452,1549195200,498,658,160,1156,5,0.05049910286566683,-0.27549697909020365
452,1549209600,753,1059,306,1812,5,0.55237997607842,0.4081464297086156
452,1549224000,714,952,238,1666,5,0.31862724060946646,0.2559940856771711
452,1549238400,434,423,-11,857,5,-0.5373202760342016,-0.5870966425518606
452,1549252800,33,44,11,77,5,-0.4616943910295402,-1.3999653298431396
452,1549267200,440,449,9,889,5,-0.4685694714845094,-0.5537481835860645
452,1549281600,1410,1041,-369,2451,5,-1.7679596774736925,1.0740734696818557
452,1549296000,889,969,80,1858,5,-0.22450411533310202,0.45608483947194745
452,1549310400,1256,1951,695,3207,5,1.8895831245699335,1.8619308127487875
452,1549324800,430,626,196,1056,6,0.2867780148810873,-0.4191472262206642
452,1549339200,39,39,0,78,6,-0.38816337283681385,-1.4176640478081455
452,1549353600,460,467,7,927,6,-0.3640583232754602,-0.5508534327490744
452,1549368000,1432,1028,-404,2460,6,-1.779369090377794,1.014306370414125
452,1549382400,775,952,177,1727,6,0.22135002321455607,0.2659292433961047
452,1549396800,1202,2078,876,3280,6,2.628411400841152,1.8515086134629335
452,1549411200,553,788,235,1341,6,0.42107757672291457,-0.12816839784394418
452,1549425600,60,41,-19,101,6,-0.45359136450334503,-1.3941815458689717
452,1549440000,455,515,60,970,6,-0.18154866231092573,-0.5069513639062709
452,1549454400,1497,1099,-398,2596,6,-1.758707619325205,1.1531594253588053
452,1549468800,904,1001,97,1905,6,-0.054136257486628064,0.447663388838407
452,1549483200,1291,1957,666,3248,6,1.905259914000544,1.8188373064171264
452,1549497600,432,796,364,1228,6,0.865299204353574,-0.24353895084945074
452,1549512000,53,47,-6,100,6,-0.40882484388940266,-1.3952025242141533
452,1549526400,481,544,63,1025,6,-0.17121792678463132,-0.4507975549212899
452,1549529504,509,284,-225,793,6,-1.1629685373088943,-0.6876645310033919
452,1549540800,1488,1077,-411,2565,6,-1.8034741399391474,1.1215090966581798
452,1549555200,1002,940,-62,1942,6,-0.6016652403802315,0.48543958761012157
452,1549569600,1405,1967,562,3372,6,1.5471277490890047,1.945438621219629
452,1549584000,516,836,320,1352,6,0.7137817499679227,-0.11693763604694797
452,1549598400,52,51,-1,103,6,-0.3916069513455786,-1.3921395891786088
452,1549612800,424,507,83,931,6,-0.10234635660933529,-0.5467695193683484
452,1549627200,1365,1184,-181,2549,6,-1.0114510829232428,1.1051734431352762
452,1549641600,961,1035,74,1996,6,-0.1333385631882185,0.5405724182499212
452,1549656000,1204,2030,826,3234,6,2.456232475402912,1.8045436095845857
452,1549670400,649,722,73,1371,6,-0.1367821416969833,-0.09753904748849998
452,1549684800,90,105,15,195,6,-0.3365096952053418,-1.2982095814219132
452,1549699200,79,170,91,249,6,-0.07479772853921687,-1.2430767507821137
452,1549713600,565,690,125,1255,6,0.04228394075878638,-0.21597253552955092
452,1549728000,828,1049,221,1877,6,0.37286747760020733,0.4190759951733258
452,1549742400,855,1284,429,2139,6,1.089131807423286,0.6865723216108719
452,1549756800,670,606,-64,1276,6,-0.6085523973977611,-0.19453199028073997
452,1549771200,98,124,26,222,6,-0.298630331608929,-1.2706431661020134
452,1549785600,61,116,55,177,6,-0.19876655485474973,-1.3165871916351797
452,1549800000,530,662,132,1192,6,0.06638899032013999,-0.28029417127598377
452,1549814400,809,994,185,1803,6,0.24889865128467448,0.3435235976298967
452,1549828800,695,837,142,1532,6,0.100824775407788,0.06683846608571731
452,1549843200,309,360,51,669,6,-0.21254086888980894,-0.8142658458058946
452,1549857600,38,29,-9,67,6,-0.41915557941569703,-1.4288948096051417
452,1549872000,498,453,-45,951,6,-0.5431244057312299,-0.5263499524647189
452,1549886400,1309,1045,-264,2354,6,-1.2972680991507215,0.9060826658248887
452,1549900800,911,935,24,1846,6,-0.30551748862645856,0.38742566647270005
452,1549915200,1123,1884,761,3007,6,2.2323998723332,1.5727815252283912
452,1549929600,500,623,123,1123,7,-0.11998417402373003,-0.22938724545533737
452,1549944000,32,28,-4,60,7,-0.5913678624209261,-1.366164130858711
452,1549958400,458,488,30,946,7,-0.46517065450356654,-0.4186718256212801
452,1549972800,1282,1045,-237,2327,7,-1.4561899049134197,1.0581756614361602
452,1549987200,775,963,188,1738,7,0.12127519405357506,0.42829646529073484
452,1550001600,1047,1924,877,2971,7,2.678624495673009,1.7468721000060308
452,1550016000,320,657,337,977,7,0.6743158993384745,-0.3855202889820472
452,1550030400,43,30,-13,73,7,-0.6247730056931684,-1.3522618735583873
452,1550044800,457,474,17,931,7,-0.5134225281190276,-0.434712891737038
452,1550046852,317,240,-77,557,7,-0.8623206911846688,-0.8346701402232672
452,1550049522,452,250,-202,702,7,-1.3262810144102555,-0.6796065011042746
452,1550059200,1378,1080,-298,2458,7,-1.6826025426475062,1.198267638847112
452,1550072434,814,834,20,1648,7,-0.5022874803616135,0.3320500685961877
452,1550072531,8,13,5,21,7,-0.5579627191486839,-1.4078709027596814
452,1550073600,762,1017,255,1779,7,0.36995792730248955,0.4721420460071396
452,1550088000,1278,1994,716,3272,7,2.0810435993584533,2.0687628267289053
452,1550102400,471,773,302,1244,7,0.5444070088353101,-0.09998931212155732
452,1550116800,45,41,-4,86,7,-0.5913678624209261,-1.338359616258064
452,1550131200,477,491,14,968,7,-0.5245575758764417,-0.3951449286515019
452,1550145600,1465,1097,-368,2562,7,-1.9424203236538347,1.3094856972496998
452,1550160000,905,1094,189,1999,7,0.12498687663937975,0.7074110157049216
452,1550174400,1305,2172,867,3477,7,2.641507669814962,2.2879907303109293
452,1550188800,544,687,143,1231,7,-0.045750522307636154,-0.11389156942188079
452,1550203200,65,55,-10,120,7,-0.6136379579357543,-1.3019998663956796
452,1550217600,386,449,63,835,7,-0.34268512917201166,-0.5373757148778883
452,1550232000,1285,1037,-248,2322,7,-1.4970184133572715,1.052828639397574
452,1550246400,936,1087,151,2023,7,-0.016057061621198604,0.7330767214901341
452,1550260800,1182,1790,608,2972,7,1.6801818800915465,1.7479415044137478
452,1550275200,563,626,63,1189,7,-0.34268512917201166,-0.1588065545460028
452,1550289600,90,104,14,194,7,-0.5245575758764417,-1.2228639402246073
452,1550304000,83,211,128,294,7,-0.10142576109470657,-1.1159234994528884
452,1550318400,511,790,279,1301,7,0.4590383093618022,-0.03903326088167745
452,1550332800,755,1267,512,2022,7,1.323860351854296,0.732007317082417
452,1550347200,897,1227,330,2124,7,0.6483341212378416,0.8410865666695704
452,1550361600,503,577,74,1080,7,-0.30185662072816,-0.27537163498717654
452,1550376000,96,104,8,200,7,-0.5468276713912699,-1.2164475137783042
452,1550390400,53,129,76,182,7,-0.29443325555655064,-1.2356967931172136
452,1550404800,453,612,159,1065,7,0.013636399065238947,-0.29141270110293443
452,1550419200,720,1113,393,1833,7,0.8821701241435372,0.5298898840238679
452,1550433600,682,1008,326,1690,7,0.6334873908946228,0.3769650537203097
452,1550448000,344,431,87,775,7,-0.253604747112699,-0.6015399793409197
452,1550462400,46,45,-1,91,7,-0.5802328146635121,-1.333012594219478
452,1550476800,126,252,126,378,7,-0.10884912626631595,-1.0260935292046443
452,1550491200,655,890,235,1545,7,0.2957242755863957,0.22190141460131704
452,1550505600,797,1178,381,1975,7,0.837629933113881,0.6817453099197089
452,1550520000,827,1338,511,2165,7,1.3201486692684912,0.8849321473859751
452,1550534400,562,475,-87,1037,8,-0.6686854144656263,-0.518922325291735
452,1550548800,36,29,-7,65,8,-0.4360991833471476,-1.4763266280761067
452,1550563200,366,438,72,804,8,-0.20642028011764987,-0.7484235624818159
452,1550577600,1239,1041,-198,2280,8,-0.9913988101425155,0.7054126010055634
452,1550592000,749,985,236,1734,8,0.2703814936752315,0.1676114185773052
452,1550606400,1144,1873,729,3017,8,1.7036941429428567,1.4313456988986517
452,1550620800,443,684,241,1127,8,0.2849181331201364,-0.4302737787376265
452,1550635200,52,35,-17,87,8,-0.46517246223695746,-1.4546569833628802
452,1550649600,381,426,45,807,8,-0.2849181331201364,-0.7454686109300123
452,1550664000,1365,1040,-325,2405,8,-1.3606294520431006,0.828535582330714
452,1550678400,744,946,202,1690,8,0.17153234544987805,0.12427212915085216
452,1550692800,981,1810,829,2791,8,1.994426931840955,1.2087393486627793
452,1550707200,379,699,320,1078,8,0.5145970363496342,-0.47853798741708553
452,1550721600,38,37,-1,75,8,-0.4186552160132617,-1.4664767895700945
452,1550736000,396,448,52,844,8,-0.26456683789726954,-0.7090242084577676
452,1550750400,1711,1133,-578,2844,8,-2.0961834079552895,1.2609434927446432
452,1550764800,980,1053,73,2033,8,-0.2035129522286689,0.4621215899070656
452,1550779200,1334,2131,797,3465,8,1.9013924393935635,1.8726184639679917
452,1550793600,608,801,193,1409,8,0.1453663944490492,-0.15250833286808657
452,1550808000,58,69,11,127,8,-0.3837672813454899,-1.415257629338832
452,1550822400,314,432,118,746,8,-0.0726831972245246,-0.8055526258166857
452,1550836800,1310,1084,-226,2394,8,-1.072803991033983,0.8177007599741007
452,1550851200,771,964,193,1735,8,0.1453663944490492,0.1685964024279064
452,1550865600,1089,1849,760,2938,8,1.7938213075012672,1.3535319747011565
452,1551484800,10,23,13,33,9,-0.5616228357664577,-1.300432867710524
452,1551499200,76,98,22,174,9,-0.5248917500199232,-1.1303654374920817
452,1551513600,74,217,143,291,9,-0.03106270831651382,-0.9892456549703955
452,1551528000,516,682,166,1198,9,0.0628056219246301,0.10473419756951342
452,1551542400,744,968,224,1712,9,0.29951706340229733,0.7246963190750406
452,1551556800,932,1152,220,2084,9,0.28319213640383756,1.1733848583747608
452,1551571200,559,617,58,1176,9,-0.37796740703378484,0.07819885384748697
452,1551585600,105,111,6,216,9,-0.5901914580137624,-1.0797070540227585
452,1551600000,59,138,79,197,9,-0.2922615402918708,-1.1026239417826904
452,1551614400,506,657,151,1163,9,0.001587145680405802,0.06251887801174406
452,1551628800,745,1140,395,1885,9,0.9974076925864543,0.9333606128891577
452,1551643200,651,1034,383,1685,9,0.9484329115910749,0.69213021541619
452,1551657600,449,309,-140,758,9,-1.1860512934575453,-0.4259726768710157
452,1551672000,37,34,-3,71,9,-0.626922543760297,-1.25459909219066
452,1551686400,320,378,58,698,9,-0.37796740703378484,-0.498341796112906
452,1551700800,1277,1035,-242,2312,9,-1.6023369319182705,1.448387511493944
452,1551715200,668,917,249,1585,9,0.40154785714267116,0.5715150166797061
452,1551729600,917,1846,929,2763,9,3.176785446880839,1.9923620577954864
452,1551744000,394,591,197,985,10,0.16879544349151818,-0.5171024940603147
452,1551758400,40,30,-10,70,10,-0.6027648013640335,-1.462140008171875
452,1551772800,418,444,26,862,10,-0.46858041095437236,-0.644140323826131
452,1551787200,1305,1171,-134,2476,10,-1.0649554794417553,1.022843881393605
452,1551801600,863,943,80,1806,10,-0.2673038253398806,0.3308491989294023
452,1551816000,1211,2000,789,3211,10,2.375383196894835,1.781972376335678
452,1551830400,428,753,325,1181,10,0.6458954982814246,-0.31466822874242856
452,1551844800,41,56,15,97,10,-0.50958119691288,-1.434253655296452
452,1551859200,457,504,47,961,10,-0.39030618321540334,-0.541890363282913
452,1551873600,1407,1185,-222,2592,10,-1.392961767109816,1.1426519159694968
452,1551888000,833,992,159,1825,10,0.02715636472576473,0.3504729287306259
452,1551902400,1245,1987,742,3232,10,2.200198020526666,1.8036617619054516
452,1551916800,486,815,329,1301,10,0.6608048749936091,-0.19072888262943702
452,1551931200,44,41,-3,85,10,-0.5766733921177105,-1.446647589907751
452,1551945600,494,457,-37,951,10,-0.7034030941712793,-0.5522186421256623
452,1551960000,1359,1269,-90,2628,10,-0.9009523356077249,1.1798337198033941
452,1551974400,939,1098,159,2037,10,0.02715636472576473,0.569432440196911
452,1551988800,1223,2027,804,3250,10,2.431293359565527,1.8222526638224001
452,1552003200,522,765,243,1287,10,0.34025327568164077,-0.20518847300928603
452,1552017600,143,48,-95,191,10,-0.9195890564979556,-1.3371678341746085
452,1552032000,456,476,20,932,10,-0.4909444760226492,-0.5718423719268859
452,1552046400,1355,1103,-252,2458,10,-1.5047820924512,1.0042529794766561
452,1552060800,877,1070,193,1947,10,0.1538860667793336,0.4764779306121673
452,1552075200,1219,1900,681,3119,10,1.9728300256658513,1.6869522109823845
452,1552089600,558,774,216,1332,10,0.2396149828743949,-0.15871121821691422
452,1552104000,112,142,30,254,10,-0.45367103424218774,-1.272099677465288
452,1552118400,93,193,100,286,10,-0.19275694177895772,-1.2390491851684904
452,1552132800,590,756,166,1346,10,0.053247773972087735,-0.14425162783706522
452,1552147200,864,1137,273,2001,10,0.4520736010230251,0.5322506363630135
452,1552161600,943,1339,396,2282,10,0.9105369349227007,0.8224752718442686
452,1552176000,589,644,55,1233,10,-0.3604874297910342,-0.2609611787601322
452,1552194000,130,127,-3,257,10,-0.5766733921177105,-1.2690011938124632
452,1552208400,88,209,121,297,10,-0.11448271403998872,-1.227688078441466
452,1552222800,445,636,191,1081,10,0.1464313784232413,-0.4179510171699215
452,1552237200,720,1011,291,1731,10,0.5191657962278556,0.2533871076087826
452,1552251600,655,745,90,1400,10,-0.23003038355941915,-0.08847892208621902
452,1552266000,300,228,-72,528,10,-0.8338601404028944,-0.9891048371739574
452,1552280400,24,27,3,51,10,-0.5543093270494336,-1.4817637379730986
452,1552294800,1013,711,-302,1724,10,-1.6911493013535073,0.24615731241885808
452,1552309200,955,968,13,1923,10,-0.5170358852689722,0.451690061389569
452,1552323600,1055,1130,75,2185,10,-0.28594054623011134,0.7222909670696005
452,1552338000,1120,1883,763,3003,10,2.278472248265635,1.5671441764064926
452,1552352400,400,545,145,945,11,0.009456820340997036,-0.17947972215347946
452,1552366800,35,37,2,72,11,-0.46091720009815984,-1.0007648193000156
452,1552381200,1068,824,-244,1892,11,-1.27009208840608,0.7114217520707699
452,1552395600,968,1072,104,2040,11,-0.12540566104365633,0.8506545062261963
452,1552410000,1077,1179,102,2256,11,-0.131984318672176,1.0538590663449268
452,1552424400,1046,2116,1070,3162,11,3.0520859735313475,1.9061893046207135
452,1552438800,543,561,18,1104,11,-0.40828793907000244,-0.02989858762163614
452,1552453200,347,477,130,824,11,-0.039883111872900535,-0.2933119062940647
452,1552467600,1093,856,-237,1949,11,-1.2470667867062613,0.765045177657657
452,1552482000,922,881,-41,1803,11,-0.6023583391113329,0.6276939472070336
452,1552496400,1799,1195,-604,2994,11,-2.4542504615396217,1.7481413134172563
452,1552510800,1265,2134,869,3399,11,2.39093088186512,2.129149863639876
452,1552525200,564,666,102,1230,11,-0.131984318672176,0.08863740578095669
452,1552539600,40,33,-7,73,11,-0.4905211594264984,-0.9998240574476139
452,1552554000,1054,893,-161,1947,11,-0.9970777968225134,0.763163653952854
452,1552568400,1046,1027,-19,2073,11,-0.5299931051976164,0.8816996473554468
452,1552582800,995,1246,251,2241,11,0.35812567465253986,1.039747638558904
452,1552584043,113,157,44,270,11,-0.32276538989924664,-0.8144939725245125
452,1552584168,14,3,-11,17,11,-0.5036784746835378,-1.0525067211820998
452,1552585205,81,95,14,176,11,-0.4214452543270418,-0.9029255866502564
452,1552585285,8,20,12,28,11,-0.42802391195556144,-1.042158340805683
452,1552585366,8,22,14,30,11,-0.4214452543270418,-1.0402768171008798
452,1552585446,9,26,17,35,11,-0.41157726788426224,-1.035573007838872
452,1552585527,7,15,8,22,11,-0.4411812272126008,-1.047802911920092
452,1552585607,9,30,21,39,11,-0.3984199526272229,-1.031809960429266
452,1552585688,6,19,13,25,11,-0.4247345831413016,-1.0449806263628874
452,1552585769,11,22,11,33,11,-0.4313132407698213,-1.0374545315436752
452,1552586817,113,197,84,310,11,-0.1911922373288531,-0.7768634984284513
452,1552586898,8,4,-4,12,11,-0.48065317298371885,-1.0572105304441073
452,1552586980,12,15,3,27,11,-0.4576278712839,-1.0430991026580843
452,1552587060,11,13,2,24,11,-0.46091720009815984,-1.045921388215289
452,1552587141,12,35,23,47,11,-0.39184129499870324,-1.0242838656100537
452,1552587317,20,30,10,50,11,-0.4346025695840811,-1.0214615800528493
452,1552587767,460,944,484,1404,11,1.1245392883750822,0.25232996809882297
452,1552587849,10,40,30,50,11,-0.36881599329888437,-1.0214615800528493
452,1552589028,115,263,148,378,11,0.01932480678377655,-0.7128916924651472
452,1552589110,12,34,22,46,11,-0.39513062381296304,-1.0252246274624552
452,1552589191,7,15,8,22,11,-0.4411812272126008,-1.047802911920092
452,1552589271,7,27,20,34,11,-0.4017092814414827,-1.0365137696912736
452,1552597200,756,1154,398,1910,11,0.8416570103487361,0.7283554654139973
452,1552611600,491,703,212,1194,11,0.22984185089640619,0.0547699790945016
452,1552626000,47,58,11,105,11,-0.4313132407698213,-0.969719678170765
452,1552640400,970,847,-123,1817,11,-0.8720833018806396,0.640864613140655
452,1552654800,963,1015,52,1978,11,-0.2964507593851679,0.7923272713773014
452,1552669200,1096,1331,235,2427,11,0.30549641362438246,1.2147293431055886
452,1552683600,1114,1979,865,3093,11,2.3777735666080804,1.8412767368050078
452,1552698000,516,680,164,1196,11,0.07195406781193396,0.05665150279930466
452,1552712400,63,79,16,142,11,-0.4148665966985221,-0.9349114896319084
452,1552726800,177,362,185,539,11,0.14102997291139055,-0.5614290342285008
452,1552741200,747,1376,629,2123,11,1.6014919664427587,0.9287377399755233
452,1552755600,1056,1821,765,2877,11,2.0488406851820966,1.6380721766862771
452,1552770000,968,1665,697,2633,11,1.8251663258124278,1.4085262847003037
452,1552784400,587,598,11,1185,11,-0.4313132407698213,0.046303122422887824
452,1552798800,68,81,13,149,11,-0.4247345831413016,-0.9283261566650977
452,1552813200,189,263,74,452,11,-0.22408552547145147,-0.643275315387434
452,1552827600,789,1329,540,2118,11,1.3087417019736332,0.9240339307135157
452,1552842000,863,1478,615,2341,11,1.555441363043121,1.133823823799057
452,1552856400,738,1146,408,1884,11,0.8745502984913345,0.7038956572515576
452,1552870800,312,297,-15,609,11,-0.5168357899405771,-0.4955757045603937
452,1552885200,30,37,7,67,11,-0.44447055602686064,-1.0054686285620231
452,1552899600,954,770,-184,1724,11,-1.0727323595504896,0.5533737608673127
452,1552914000,985,962,-23,1947,11,-0.5431504204546558,0.763163653952854
452,1552928400,1047,1161,114,2208,11,-0.09251237290105795,1.0087024974296535
452,1552942800,956,1933,977,2889,11,2.7461783938051822,1.6493613189150955
452,1552957200,319,368,49,687,12,-0.22960019879186117,-0.9238617447650409
452,1552971600,23,22,-1,45,12,-0.39166205939675336,-1.6442766175401307
452,1552986000,1021,786,-235,1807,12,-1.1501115670276487,0.3329367871790406
452,1553000400,931,1022,91,1953,12,-0.09346823588375175,0.4967694529503227
452,1553014800,1090,1061,-29,2151,12,-0.4824167013354929,0.7189534791332942
452,1553029200,986,1831,845,2817,12,2.3504246220380223,1.4662997490214713
452,1553043600,386,536,150,922,12,0.09776475963002101,-0.6601584813660596
452,1553058000,26,25,-1,51,12,-0.39166205939675336,-1.6375437682618588
452,1553072400,1056,827,-229,1883,12,-1.1306641437550615,0.4182195447038176
452,1553086800,955,1037,82,1992,12,-0.12263937079263233,0.5405329732590898
452,1553101200,1024,1125,101,2149,12,-0.06105586376277331,0.716709196040537
452,1553115600,1044,1946,902,2990,12,2.5351751431275993,1.6604302365449768
452,1553130000,360,558,198,918,12,0.2533441458107175,-0.6646470475515741
452,1553144400,35,30,-5,65,12,-0.4046270082451447,-1.6218337866125576
452,1553158800,1012,700,-312,1712,12,-1.3996868323591827,0.22633334027306942
452,1553173200,963,959,-4,1922,12,-0.4013857710330469,0.46198306501258474
452,1553187600,995,1101,106,2096,12,-0.044849677702284096,0.6572356940824688
452,1553202000,956,1964,1008,2920,12,2.8787462876099705,1.5818803282984717
452,1553216400,487,475,-12,962,12,-0.42731566872982957,-0.6152728195109137
452,1553230800,34,34,0,68,12,-0.3884208221846555,-1.6184673619734218
452,1553245200,912,781,-131,1693,12,-0.8130228969694729,0.20501265089187518
452,1553259600,917,982,65,1899,12,-0.17774040339829567,0.4361738094458759
452,1553274000,1059,1217,158,2276,12,0.12369465732680376,0.8592211724306248
452,1553288400,1052,1814,762,2866,12,2.081401933433901,1.521284684794025
452,1553302800,604,592,-12,1196,12,-0.42731566872982957,-0.35269169765831104
452,1553317200,91,78,-13,169,12,-0.4305569059419274,-1.5051310657891788
452,1553331600,181,305,124,486,12,0.013492592115477087,-1.1494121955871484
452,1553346000,698,1040,342,1738,12,0.720082304352807,0.25550902047891416
452,1553360400,1062,1287,225,2349,12,0.3408575505373593,0.9411375053162658
452,1553374800,1108,1216,108,2324,12,-0.03836720327808841,0.9130839666567997
452,1553389200,718,438,-280,1156,12,-1.2959672415720516,-0.3975773595134568
452,1553403600,96,74,-22,170,12,-0.45972804085080804,-1.5040089242428
452,1553418000,121,229,108,350,12,-0.03836720327808841,-1.302023445894644
452,1553432400,715,907,192,1622,12,0.23389672253813043,0.12534060109899142
452,1553446800,842,1352,510,2194,12,1.2646101559852447,0.7672055656275759
452,1553461200,917,913,-4,1830,12,-0.4013857710330469,0.35874604274574945
452,1553475600,409,289,-120,698,12,-0.7773692876363967,-0.9115181877548759
452,1553490000,40,28,-12,68,12,-0.42731566872982957,-1.6184673619734218
452,1553502326,577,580,3,1157,12,-0.37869711054836197,-0.39645521796707817
452,1553504400,1074,687,-387,1761,12,-1.6427796232665208,0.281318276045623
452,1553518800,859,940,81,1799,12,-0.1258806080047302,0.3239596548080115
452,1553533200,1047,1109,62,2156,12,-0.1874641150345892,0.7245641868651874
452,1553547600,1093,1783,690,2876,12,1.8480328541628563,1.5325061002578113
452,1553562000,334,403,69,737,13,-0.11788142038451307,-0.8174546256021559
452,1553576400,26,32,6,58,13,-0.3293487006132735,-1.5216859947506403
452,1553590800,1071,846,-225,1917,13,-1.1047287281187281,0.40639370369859756
452,1553605200,976,904,-72,1880,13,-0.591165333277453,0.3680187984578112
452,1553619600,1085,1139,54,2224,13,-0.1682307728199322,0.7248017012370139
452,1553634000,1105,1810,705,2915,13,2.0169311228772586,1.4414789855987262
452,1553648400,424,511,87,935,13,-0.0574621974620101,-0.6120970245838938
452,1553662800,36,32,-4,68,13,-0.36291493557021953,-1.511314398739617
452,1553677200,1062,765,-297,1827,13,-1.34640561980874,0.3130493395993876
452,1553691600,1143,973,-170,2116,13,-0.9201144358555247,0.6127884643179619
452,1553706000,1501,1115,-386,2616,13,-1.6451451109255602,1.1313682648691286
452,1553720400,1447,1901,454,3348,13,1.1744186254579116,1.8905690928760366
452,1553734800,322,553,231,875,13,0.4258915859180136,-0.6743266006500338
452,1553749200,27,28,1,55,13,-0.34613181809174653,-1.5247974735539471
452,1553763600,1064,763,-301,1827,13,-1.3598321137915184,0.3130493395993876
452,1553778000,1018,992,-26,2010,13,-0.43676065247550094,0.5028495466011146
452,1553792400,1133,1175,42,2308,13,-0.20851025476826754,0.81192310772961
452,1553806800,1091,2056,965,3147,13,2.889653231757857,1.6821000130544677
452,1553821200,439,600,161,1039,13,0.190927941219391,-0.5042324260692511
452,1553835600,35,40,5,75,13,-0.3327053241089681,-1.5040542815319005
452,1553850000,963,814,-149,1777,13,-0.8496253424459379,0.26119135954427086
452,1553864400,968,980,12,1948,13,-0.30920895963910583,0.4385456513327699
452,1553878800,1123,1233,110,2356,13,0.019740142938965914,0.8617067685825219
452,1553893200,1105,1844,739,2949,13,2.1310563217308753,1.4767424120362056
452,1553907600,471,520,49,991,13,-0.18501389029840526,-0.5540160869221632
452,1553922000,37,65,28,102,13,-0.25550298370799207,-1.4760509723021376
452,1553936400,182,336,154,518,13,0.16743157674952872,-1.0445925782435668
452,1553950800,687,884,197,1571,13,0.3117663870643969,0.0475364817171902
452,1553965200,957,1351,394,2308,13,0.9730212157162351,0.81192310772961
452,1553979600,836,1083,247,1919,13,0.4795975618491274,0.4084680229008022
452,1553994000,460,440,-20,900,13,-0.4166209115013333,-0.6483976106224755
452,1554008400,46,58,12,104,13,-0.30920895963910583,-1.473976653099933
452,1554022800,125,226,101,351,13,-0.010469468522285572,-1.2177982316276565
452,1554037200,646,837,191,1483,13,0.29162664609022926,-0.04373356317981514
452,1554051600,859,993,134,1852,13,0.10029910683563655,0.3389783296269459
452,1554066000,677,664,-13,1341,13,-0.39312454703147104,-0.19101022653634647
452,1554080400,228,248,20,476,13,-0.2823559716735489,-1.088153281489865
452,1554094800,23,19,-4,42,13,-0.36291493557021953,-1.5382805483682775
452,1554109200,1047,847,-200,1894,13,-1.020813140726363,0.38253903287324387
452,1554123600,892,962,70,1854,13,-0.11452479688881846,0.34105264882915054
452,1554138000,1103,1073,-30,2176,13,-0.4501871464582794,0.675018040384102
452,1554152400,1068,2100,1032,3168,13,3.114547005969396,1.7038803646776166
452,1554166800,386,400,14,786,14,-0.3675759186551483,-0.7255780659995902
452,1554181200,27,22,-5,49,14,-0.4332703381594727,-1.4905228381446571
452,1554195600,1138,818,-320,1956,14,-1.52241466152064,0.48878473374223935
452,1554210000,988,1078,90,2066,14,-0.10479824063785079,0.6029555952564284
452,1554224400,1089,1169,80,2258,14,-0.13937425090328467,0.8022356444448312
452,1554238800,1128,2020,892,3148,14,2.6681977826499463,1.7259817057869067
452,1554253200,353,480,127,833,14,0.02313299734425457,-0.6767959706253458
452,1554267600,33,39,6,72,14,-0.3952367268674954,-1.466650748918963
452,1554282000,1104,755,-349,1859,14,-1.6226850912903983,0.3881067922251817
452,1554296400,996,1029,33,2025,14,-0.3018814991508239,0.5604010014193216
452,1554310800,1163,1267,104,2430,14,-0.05639182626624336,0.9807573551761087
452,1554325200,1122,1949,827,3071,14,2.443453715924626,1.6460621027269744
452,1554339600,362,580,218,942,14,0.3377746907597029,-0.5636630260340129
452,1554354000,24,29,5,53,14,-0.3986943278940388,-1.486371170453232
452,1554368400,1097,808,-289,1905,14,-1.415229029697795,0.43585097067656986
452,1554382800,1017,956,-61,1973,14,-0.6268959956459024,0.5064293214307959
452,1554397200,1067,1274,207,2341,14,0.29974107946772566,0.8883827490419012
452,1554411600,1229,2163,934,3392,14,2.813417025764769,1.9792334349638352
452,1554426000,464,574,110,1038,14,-0.035646220106983026,-0.4640230014398115
452,1554440400,31,55,24,86,14,-0.33299990838971444,-1.4521199119989754
452,1554454800,942,839,-103,1781,14,-0.7721152387607246,0.307149272242393
452,1554469200,938,1027,89,1965,14,-0.10825584166439418,0.4981259860479457
452,1554483600,1095,1345,250,2440,14,0.4484179236090914,0.9911365244046714
452,1554498000,1058,1808,750,2866,14,2.177218436880785,1.4332891335414402
452,1554512400,449,523,74,972,14,-0.160119857062545,-0.532525518348325
452,1554526800,35,48,13,83,14,-0.3710335196816917,-1.4552336627675442
452,1554541200,171,279,108,450,14,-0.042561422160069806,-1.074318152079295
452,1554555600,637,687,50,1324,14,-0.2431022816995863,-0.16717876150291985
452,1554570000,773,918,145,1691,14,0.08536981582203557,0.21373674918532923
452,1554584400,749,831,82,1580,14,-0.1324590488501979,0.09852797074828387
452,1554598800,441,483,42,924,14,-0.27076308991193343,-0.5823455306454257
452,1554613200,49,71,22,120,14,-0.3399151104428012,-1.4168307366218624
452,1554627600,108,166,58,274,14,-0.21544147348723922,-1.2569915305019976
452,1554642000,577,701,124,1278,14,0.012760194264624406,-0.21492293995430803
452,1554656400,699,814,115,1513,14,-0.01835821497426609,0.028987536916914143
452,1554670800,540,664,124,1204,14,0.012760194264624406,-0.2917287922456716
452,1554685200,198,224,26,422,14,-0.3260847063366276,-1.1033798259192704
452,1554699600,32,26,-6,58,14,-0.43672793918601605,-1.4811815858389508
452,1554714000,1064,797,-267,1861,14,-1.3391618071138403,0.3901826260708942
452,1554728400,951,996,45,1947,14,-0.26039028683230325,0.479443481436533
452,1554742800,1141,1102,-39,2243,14,-0.5508287730619478,0.7866668906019872
452,1554757200,1195,1899,704,3094,14,2.0181687896597893,1.6699341919526685
452,1554771600,312,417,105,729,15,0.0527377023293745,-0.804633564035257
452,1554786000,20,27,7,47,15,-0.1890224507605855,-1.4230709314342562
452,1554800400,1319,779,-540,2098,15,-1.5384388154565867,0.4367751690574555
452,1554814800,1022,1019,-3,2041,15,-0.21369185413711203,0.3850875884977151
452,1554829200,1459,1149,-310,2608,15,-0.9710425377964764,0.8992429951182906
452,1554843600,1471,2030,559,3501,15,1.172728615623679,1.7090150905542236
452,1554858000,544,487,-57,1031,15,-0.34690663237035524,-0.5307800670345271
452,1554872400,35,32,-3,67,15,-0.21369185413711203,-1.4049349382554
452,1554886800,1443,856,-587,2299,15,-1.6543850113262615,0.6190419005049611
452,1554887540,100,48,-52,148,15,-0.334571930682092,-1.331484165881032
452,1554901200,1415,1029,-386,2444,15,-1.158530003458078,0.7505278510516692
452,1554915600,1121,1158,37,2279,15,-0.1150142406310059,0.6009059073261048
452,1554930000,1183,2056,873,3239,15,1.9473478816466119,1.4714335799112064
452,1554944400,471,441,-30,912,15,-0.2802992432537337,-0.638689226448722
452,1554958800,28,34,6,62,15,-0.19148939109823815,-1.4094689365501138
452,1554973200,1107,861,-246,1968,15,-0.8131583561867066,0.3188912133948897
452,1554974463,182,138,-44,320,15,-0.3148364079808708,-1.1755146245428678
452,1554987600,1072,1031,-41,2103,15,-0.30743558696791284,0.4413091673521696
452,1555002000,1552,1211,-341,2763,15,-1.0475176882637087,1.0397969422544269
452,1555016400,1685,2085,400,3770,15,0.7804851019369071,1.9529441988098408
452,1555030800,503,453,-50,956,15,-0.3296380500067867,-0.5987900414552382
452,1555045200,32,41,9,73,15,-0.18408857008528018,-1.399494140301743
452,1555059600,1452,788,-664,2240,15,-1.8443394173255157,0.5655407206273351
452,1555059810,19,14,-5,33,15,-0.21862573481241732,-1.4357661266594555
452,1555074000,1328,1098,-230,2426,15,-0.7736873107842642,0.7342054571906985
452,1555088400,1570,1308,-262,2878,15,-0.8526294015891491,1.1440789030328504
452,1555102800,1532,1955,423,3487,15,0.8372247297029182,1.6963198953290242
452,1555117200,582,490,-92,1072,15,-0.4332495441881981,-0.4936012810178717
452,1555131600,53,64,11,117,15,-0.1791546894099749,-1.3595949553082591
452,1555146000,258,1799,1541,2057,15,3.595264027198584,0.39959638304080014
452,1555160400,716,1145,429,1861,15,0.8520263717288341,0.22186364988800858
452,1555174800,953,1672,719,2625,15,1.5674390696481033,0.9146585893203185
452,1555189200,925,1210,285,2135,15,0.49678696310685205,0.47032675643833965
452,1555203600,445,493,48,938,15,-0.08787789691682672,-0.6151124353162088
452,1555218000,48,69,21,117,15,-0.15448528603344835,-1.3595949553082591
452,1555232400,132,224,92,356,15,0.02066747793989001,-1.1428698368209267
452,1555246800,661,1006,345,1667,15,0.6448033833660113,0.04594451605310265
452,1555261200,749,1230,481,1979,15,0.980307269286772,0.3288660096432606
452,1555275600,605,947,342,1552,15,0.6374025623530533,-0.05833744472532097
452,1555290000,255,268,13,523,15,-0.17422080873466958,-0.9914342937774766
452,1555304400,22,31,9,53,15,-0.18408857008528018,-1.4176301334805992
452,1555318800,1097,887,-210,1984,15,-0.7243485040312112,0.3334000079379747
452,1555333200,901,992,91,1893,15,0.018200537602237356,0.25088123897417863
452,1555347600,1006,1105,99,2111,15,0.03793606030345858,0.4485635646237121
452,1555362000,1101,2072,971,3173,15,2.189108034736572,1.4115848024209807
452,1555376400,292,424,132,716,16,-0.10813723727403236,-0.7923884962507343
452,1555390800,25,32,7,57,16,-0.49044060137414675,-1.4996582824169382
452,1555405200,1192,861,-331,2053,16,-1.524188897900856,0.6425427694612761
452,1555419600,1005,1106,101,2111,16,-0.2029484715708607,0.7047910966200619
452,1555434000,1100,1272,172,2372,16,0.014199839238004235,0.984908568834598
452,1555448400,1182,2040,858,3222,16,2.1122807014194316,1.8971685358168036
452,1555462800,355,544,189,899,16,0.06619309675561978,-0.5959842915945653
452,1555477200,28,28,0,56,16,-0.5118495897637532,-1.5007315294369175
452,1555491600,1133,864,-269,1997,16,-1.3345664293071993,0.5824409363424484
452,1555506000,1045,1034,-11,2079,16,-0.5454922858045632,0.6704471919807318
452,1555520400,1114,1298,184,2412,16,0.05090096219161521,1.0278384496337605
452,1555534800,1082,2039,957,3121,16,2.4150649657867223,1.7887705867989179
452,1555549200,479,537,58,1016,16,-0.33446082882130007,-0.47041439025701465
452,1555563600,32,46,14,78,16,-0.4690316129845403,-1.477120094997378
452,1555578000,1054,815,-239,1869,16,-1.2428136219231718,0.4450653177851281
452,1555592400,1021,1025,4,2046,16,-0.4996158821125495,0.6350300403214226
452,1555606800,1107,1277,170,2384,16,0.008082985412402405,0.9977875330743468
452,1555621200,1099,2151,1052,3250,16,2.7056155225028093,1.9272194523762174
452,1555635600,562,485,-77,1047,16,-0.7473484620494236,-0.43714373263766365
452,1555650000,35,48,13,83,16,-0.4720900398973412,-1.4717538598974826
452,1555664400,599,690,91,1289,16,-0.23353274069886987,-0.17741795380272982
452,1555678800,917,1025,108,1942,16,-0.18153948318125432,0.5234123502435999
452,1555693200,898,1407,509,2305,16,1.0448897088519125,0.9130010184960006
452,1555707600,913,1392,479,2305,16,0.953136901467885,0.9130010184960006
452,1555722000,510,461,-49,971,16,-0.6617125084909979,-0.5187105061560726
452,1555736400,40,52,12,92,16,-0.47514846681014217,-1.462094636717671
452,1555750800,135,302,167,437,16,-0.0010922953260003392,-1.0918244148248935
452,1555765200,580,783,203,1363,16,0.1090110735348326,-0.09799767432427899
452,1555779600,823,982,159,1805,16,-0.02555971062840766,0.3763775085064679
452,1555794000,702,1007,305,1709,16,0.42097061864052593,0.27334579458847763
452,1555808400,467,364,-103,831,16,-0.8268675617822474,-0.6689650889531418
452,1555822800,45,62,17,107,16,-0.4598563322461376,-1.445995931417985
452,1555837200,133,201,68,334,16,-0.3038765596932909,-1.2023688578827372
452,1555851600,600,688,88,1288,16,-0.2427080214372726,-0.1784912008227089
452,1555866000,611,938,327,1549,16,0.488256010722146,0.10162627139182716
452,1555880400,529,721,192,1250,16,0.07536837749402253,-0.21927458758191337
452,1555894800,235,283,48,518,16,-0.3650450979493092,-1.0048914062065892
452,1555909200,18,28,10,46,16,-0.48126532063574395,-1.511463999636708
452,1555923600,814,702,-112,1516,16,-0.8543934039974557,0.066209119732518
452,1555938000,818,920,102,1738,16,-0.19989004465805982,0.30446995816787054
452,1555952400,876,1041,165,1917,16,-0.007209149151602169,0.4965811747441232
452,1555966800,821,2080,1259,2901,16,3.3387098934525987,1.5526562424035235
452,1555981200,442,350,-92,792,17,-0.5453670533758136,-0.7717372322178286
452,1555995600,26,19,-7,45,17,-0.2545668281654425,-1.5696441006838742
452,1556010000,901,812,-89,1713,17,-0.5351035160154476,0.21202746103147263
452,1556024400,1171,927,-244,2098,17,-1.0653862796343594,0.623264602074883
452,1556038800,840,1157,317,1997,17,0.8538952067540897,0.5153816118271313
452,1556053200,1031,1822,791,2853,17,2.475534109691924,1.4297166578872853
452,1556067600,329,460,131,789,17,0.21755589041139528,-0.7749416774727124
452,1556082000,39,28,-11,67,17,-0.26825154464593054,-1.5461448354813936
452,1556096400,922,812,-110,1734,17,-0.6069482775380098,0.23445857781565865
452,1556110800,962,976,14,1938,17,-0.18272206664288024,0.45236085514775143
452,1556125200,1036,1108,72,2144,17,0.015706322324196522,0.6723994293164334
452,1556139600,1497,1902,405,3399,17,1.154958969324827,2.012925694276122
452,1556154000,562,488,-74,1050,17,-0.48378582921361735,-0.4961549402978289
452,1556168400,37,24,-13,61,17,-0.2750939028861746,-1.552553725991161
452,1556182800,891,827,-64,1718,17,-0.44957403801239726,0.2173682031229455
452,1556197200,1183,1020,-163,2203,17,-0.7882707709044765,0.7354201859958132
452,1556211600,872,1168,296,2040,17,0.7820504452315274,0.5613119938137978
452,1556226000,969,1985,1016,2954,17,3.245299411719377,1.5375996481350371
452,1556240400,422,562,140,984,17,0.2483465024924934,-0.5666527359052707
452,1556254800,95,43,-52,138,17,-0.4085198885709331,-1.470306297782479
452,1556266343,366,325,-41,691,17,-0.37088691824959097,-0.8796202224655805
452,1556269200,717,791,74,1508,17,0.022548680564440548,-0.006942964718914721
452,1556272601,355,280,-75,635,17,-0.48720700833373937,-0.9394365338900765
452,1556283600,877,975,98,1852,17,0.10465697944736886,0.3605000911744182
452,1556298000,926,1078,152,2004,17,0.2894006519339576,0.5228586507551932
452,1556312400,911,1691,780,2602,17,2.437901139370582,1.1616114048953476
452,1556326800,437,531,94,968,17,0.09097226296688081,-0.5837431105979839
452,1556341200,85,46,-39,131,17,-0.36404456000934693,-1.477783336710541
452,1556355600,251,354,103,605,17,0.12176287504797892,-0.9714809864389137
452,1556370000,941,909,-32,1850,17,-0.34009630616849285,0.35836379433782906
452,1556384400,1187,1290,103,2477,17,0.12176287504797892,1.028092852608526
452,1556398800,1162,1129,-33,2291,17,-0.34351748528861487,0.8294172468057355
452,1556413200,627,572,-55,1199,17,-0.41878342593129914,-0.3370008259719376
452,1556427600,124,71,-53,195,17,-0.4119410676910551,-1.4094218379396883
452,1556442000,163,218,55,381,17,-0.0424537227178777,-1.2107462321368978
452,1556456400,824,886,62,1710,17,-0.018505468877023607,0.2088230157765889
452,1556470800,947,1087,140,2034,17,0.2483465024924934,0.5549031033040304
452,1556485200,852,796,-56,1648,17,-0.42220460505142116,0.14259781384232542
452,1556499600,410,265,-145,675,17,-0.7266895467422803,-0.8967105971582936
452,1556514000,61,25,-36,86,17,-0.35378102264898087,-1.5258500155337968
452,1556528400,1492,864,-628,2356,17,-2.3791190617612124,0.8988468939948827
452,1556542800,1200,966,-234,2166,17,-1.0311744884331393,0.695898694518914
452,1556557200,1392,1139,-253,2531,17,-1.0961768917154575,1.0857728671964328
452,1556571600,1302,2024,722,3326,17,2.2394727504035052,1.934950859740618
452,1556586000,653,406,-247,1059,18,-1.1452621113804564,-0.49672227564489824
452,1556600400,71,43,-28,114,18,-0.3939689188375959,-1.4996704726688808
452,1556614800,1161,840,-321,2001,18,-1.3991237380844366,0.5030419588488493
452,1556629200,952,1007,55,1959,18,-0.1092322294263748,0.45846648342556123
452,1556643600,1099,1115,16,2214,18,-0.24302416782441844,0.7291032984955247
452,1556658000,1101,1924,823,3025,18,2.525439788258177,1.58983450250235
452,1556672400,640,531,-109,1171,18,-0.6718444832027635,-0.37785434118279665
452,1556686800,94,32,-62,126,18,-0.5106080446205057,-1.4869346225479412
452,1556701200,1101,838,-263,1939,18,-1.2001511117488846,0.4372400665573288
452,1556715600,1006,1056,50,2062,18,-0.1263850420415086,0.5677825302969582
452,1556730000,1072,1145,73,2217,18,-0.047482104011893116,0.7322872610257596
452,1556744400,1176,1941,765,3117,18,2.3264671619226247,1.687476020096219
452,1556758800,583,509,-74,1092,18,-0.5517747948968268,-0.46169868781231477
452,1556773200,65,27,-38,92,18,-0.42827454406786347,-1.5230195312239363
452,1556787600,1091,930,-161,2021,18,-0.8502337344001549,0.5242683757170817
452,1556787814,19,15,-4,34,18,-0.3116354182849536,-1.5845761401418104
452,1556790057,294,213,-81,507,18,-0.5757887325580141,-1.0825713812081135
452,1556802000,934,983,49,1917,18,-0.12981560456453536,0.41389100800227313
452,1556816400,1195,1237,42,2432,18,-0.15382954222572268,0.9604712423592583
452,1556830800,1100,1934,834,3034,18,2.563175976011471,1.5993863900930545
452,1556845200,587,565,-22,1152,18,-0.37338554369943533,-0.39801943720761745
452,1556859600,59,41,-18,100,18,-0.3596632936073283,-1.5145289644766433
452,1556874000,934,817,-117,1751,18,-0.6992889833869775,0.2377117479959439
452,1556888400,993,1005,12,1998,18,-0.25674641791652547,0.49985799631861444
452,1556902800,1061,1325,264,2386,18,0.607755337886218,0.9116504835623237
452,1556917200,1180,1920,740,3100,18,2.240703098846956,1.6694335657582215
452,1556931600,671,565,-106,1236,18,-0.6615527956336832,-0.30886848636104125
452,1556946000,92,71,-21,163,18,-0.36995498117640857,-1.4476657513417113
452,1556960400,224,316,92,540,18,0.01769858392561532,-1.04754779337553
452,1556974800,711,1008,297,1719,18,0.7209639011461011,0.203749481006772
452,1556989200,1033,1325,292,2358,18,0.7038110885309673,0.8819334999467983
452,1557003600,989,1373,384,2362,18,1.0194228406494292,0.8861787833204448
452,1557018000,739,522,-217,1261,18,-1.0423452356896536,-0.2823354652757507
452,1557032400,106,79,-27,185,18,-0.3905383563145691,-1.4243166927866555
452,1557046800,147,196,49,343,18,-0.12981560456453536,-1.2566279995276193
452,1557061200,610,804,194,1414,18,0.3676159612743448,-0.11995337623377259
452,1557075600,846,1038,192,1884,18,0.3607548362282913,0.3788674201696896
452,1557090000,796,730,-66,1526,18,-0.5243302947126127,-0.0010854417716709547
452,1557104400,315,266,-49,581,18,-0.4660107318211578,-1.0040336387956534
452,1557118800,31,29,-2,60,18,-0.3047742932389001,-1.5569817982131082
452,1557133200,1091,813,-278,1904,18,-1.251609549594286,0.400093837037922
452,1557147600,928,940,12,1868,18,-0.25674641791652547,0.36188628667510364
452,1557162000,1071,1185,114,2256,18,0.09317095943220403,0.7736787739188128
452,1557176400,1063,1846,783,2909,18,2.388217287337106,1.4667212846666018
452,1557190800,361,418,57,779,19,-0.22159617840743645,-0.7396546412564479
452,1557205200,30,37,7,67,19,-0.42047587582137025,-1.5152063873655746
452,1557219600,1037,857,-180,1894,19,-1.1642859441494826,0.4748681072150077
452,1557226546,639,530,-109,1169,19,-0.8818767738216967,-0.3148439938090329
452,1557227140,25,54,29,79,19,-0.3329688089592394,-1.5021352905210388
452,1557229072,85,111,26,196,19,-0.3449015908040754,-1.3746920962868143
452,1557234000,975,966,-9,1941,19,-0.48411737899382906,0.5260632365227731
452,1557248400,1111,1215,104,2326,19,-0.03464926283833868,0.9454275936182981
452,1557262800,1102,1987,885,3089,19,3.0718516107673075,1.7765315013167022
452,1557277200,461,519,58,980,19,-0.21761858445915777,-0.5207137691104724
452,1557291600,43,37,-6,80,19,-0.4721845971489931,-1.5010460324506607
452,1557306000,1090,916,-174,2006,19,-1.1404203804598108,0.5968650110973422
452,1557320400,956,991,35,1947,19,-0.30910324526956734,0.5325987849450411
452,1557334800,1095,1119,24,2214,19,-0.35285677870063276,0.8234306897359636
452,1557349200,1073,1921,848,2994,19,2.9246806346809966,1.6730519846307934
452,1557363600,455,491,36,946,19,-0.30512565132128866,-0.5577485435033239
452,1557378000,29,35,6,64,19,-0.42445346976964893,-1.5184741615767086
452,1557392400,1064,936,-128,2000,19,-0.9574510588389915,0.5903294626750744
452,1557406800,966,985,19,1951,19,-0.37274474844202615,0.536955817226553
452,1557421200,1062,1196,134,2258,19,0.0846785556100216,0.871358044832595
452,1557435600,1112,1815,703,2927,19,2.3479295121805883,1.6000716939154684
452,1557450000,475,572,97,1047,19,-0.06249242047628941,-0.44773347839514727
452,1557464400,41,46,5,87,19,-0.4284310637179276,-1.4934212259580149
452,1557478800,971,843,-128,1814,19,-0.9574510588389915,0.3877274615847688
452,1557493200,917,995,78,1912,19,-0.13806670549358427,0.4944747524818115
452,1557507600,1044,1250,206,2294,19,0.37106531988608626,0.9105713353662025
452,1557522000,1039,1728,689,2767,19,2.292243196904687,1.4257904026549904
452,1557536400,427,605,178,1032,19,0.25969268933428336,-0.4640723494508171
452,1557550800,54,65,11,119,19,-0.4045655000282556,-1.4585649677059191
452,1557565200,236,334,98,570,19,-0.05851482652801074,-0.9673095779654471
452,1557579600,902,941,39,1843,19,-0.2931928694764526,0.4193159456257304
452,1557594000,1078,1218,140,2296,19,0.10854411929969367,0.9127498515069585
452,1557608400,1082,1054,-28,2136,19,-0.5596916640111239,0.7384685602464806
452,1557622800,572,493,-79,1065,19,-0.7625489553733364,-0.42812683312834354
452,1557637200,70,54,-16,124,19,-0.5119605366317799,-1.4531186773540292
452,1557651600,149,259,110,408,19,-0.010783699148666623,-1.143769385366681
452,1557666000,607,833,226,1440,19,0.4506171988516598,-0.019655056736598384
452,1557680400,772,1008,236,1780,19,0.4903931383344466,0.3506926871919172
452,1557694800,686,698,12,1384,19,-0.4005879060799769,-0.08065350867776566
452,1557709200,310,201,-109,511,19,-0.8818767738216967,-1.0315758041177483
452,1557723600,113,192,79,305,19,-0.1340891115453056,-1.2559629666156136
452,1557738000,1049,847,-202,1896,19,-1.2517930110116136,0.4770466233557637
452,1557752400,850,948,98,1798,19,-0.05851482652801074,0.370299332458721
452,1557766800,959,1359,400,2318,19,1.1427185458521494,0.9367135290552743
452,1557781200,1096,1663,567,2759,19,1.8069767352146884,1.4170763380919664
452,1557795600,359,246,-113,605,20,-0.9458546254841417,-0.9906687965112505
452,1557810000,30,24,-6,54,20,-0.5821453171136675,-1.5703268908416936
452,1557824400,1057,890,-167,1947,20,-1.1294088558767175,0.42113004666743337
452,1557838800,912,956,44,1868,20,-0.41218769637980096,0.33802117288865835
452,1557853200,1013,1181,168,2194,20,0.009307203040187936,0.6809767786086666
452,1557867600,1065,2071,1006,3136,20,2.85779692653979,1.6719711975910214
452,1557882000,465,505,40,970,20,-0.42578430603851025,-0.6066847594321002
452,1557896400,36,25,-11,61,20,-0.5991410791870541,-1.5629628134182578
452,1557910800,1077,882,-195,1959,20,-1.2245851234876828,0.4337541793933232
452,1557925200,962,983,21,1945,20,-0.4903682019173795,0.4190260245464517
452,1557939600,1113,1221,108,2334,20,-0.19464194184045183,0.8282583270773817
452,1557954000,1099,1965,866,3064,20,2.3819155884849637,1.5962264012356822
452,1557968400,381,550,169,931,20,0.012706355454865264,-0.6477131907912423
452,1557982800,27,39,12,66,20,-0.5209605736494755,-1.5577027581158038
452,1557997200,1040,803,-237,1843,20,-1.3673495249041305,0.31172089637638783
452,1558011600,1024,1003,-21,2027,20,-0.6331326033338274,0.5052909315066991
452,1558026000,1056,1216,160,2272,20,-0.0178860162772307,0.7630336413269507
452,1558040400,1199,2126,927,3325,20,2.589263885780281,1.8708012880237868
452,1558054800,487,525,38,1012,20,-0.4325826108678649,-0.5625002948914857
452,1558069200,34,41,7,75,20,-0.5379563357228622,-1.5482346585713864
452,1558083600,983,898,-85,1881,20,-0.8506783578731765,0.35169731667503906
452,1558098000,997,1079,82,2076,20,-0.2830199046220624,0.5568394734707495
452,1558112400,1070,1362,292,2432,20,0.4308021024601768,0.9313554110054822
452,1558126800,1083,1697,614,2780,20,1.525329179986277,1.2974552600562885
452,1558141200,457,589,132,1046,20,-0.11306228388819593,-0.5267319188347978
452,1558155600,58,58,0,116,20,-0.5617504026256034,-1.5051022050912626
452,1558170000,327,339,12,666,20,-0.5209605736494755,-0.9264961218213102
452,1558184400,689,912,223,1601,20,0.19626058584744108,0.057134219737608766
452,1558198800,824,1195,371,2019,20,0.6993351432196858,0.49687484302277257
452,1558213200,772,1242,470,2014,20,1.0358512322727416,0.49161478772031847
452,1558227600,521,533,12,1054,20,-0.5209605736494755,-0.5183158303508711
452,1558242000,49,80,31,129,20,-0.4563766777706062,-1.491426061304882
452,1558256400,142,235,93,377,20,-0.2456292280606118,-1.230527318303158
452,1558270800,604,909,305,1513,20,0.4749910838509821,-0.03544275358558362
452,1558285200,741,1078,337,1819,20,0.5837639611206566,0.28647263092460806
452,1558299600,675,861,186,1536,20,0.07049194650437987,-0.0112464991942947
452,1558314000,324,299,-25,623,20,-0.6467292129925367,-0.9717325974224157
452,1558328400,18,38,20,56,20,-0.4937673543320569,-1.568222868720712
452,1558342800,1103,898,-205,2001,20,-1.258576647634456,0.47793864393393776
452,1558357200,871,1038,167,1909,20,0.005908050625510606,0.3811536263687821
452,1558371600,1061,1379,318,2440,20,0.5191800652417874,0.9397714994894089
452,1558386000,1205,1980,775,3185,20,2.072592718749327,1.7235197395550717
452,1558400400,330,429,99,759,21,-0.32233026115764624,-0.6373598375936705
452,1558414800,25,37,12,62,21,-0.6462794588354213,-1.3754063239028396
452,1558429200,1086,932,-154,2018,21,-1.2643894222206014,0.6957829547495772
452,1558436819,625,553,-72,1178,21,-0.9590579945243076,-0.19368483362876127
452,1558443600,869,1026,157,1895,21,-0.10636412937246285,0.5655394571656062
452,1558454287,701,951,250,1652,21,0.2399263922830898,0.308229132670444
452,1558454369,12,3,-9,15,21,-0.7244740927576429,-1.425174164443056
452,1558454823,657,885,228,1542,21,0.15800820436457194,0.19175120800185205
452,1558458000,370,433,63,803,21,-0.45637820502431176,-0.5907686677262338
452,1558472400,1308,2239,931,3547,21,2.775666663760846,2.314826107643005
452,1558486800,465,490,25,955,21,-0.5978732568835698,-0.4298173536387249
452,1558501200,33,38,5,71,21,-0.6723443368094951,-1.3658763118845
452,1558515600,986,940,-46,1926,21,-0.8622455906206046,0.5983650541176639
452,1558530000,955,1049,94,2004,21,-0.3409480311391275,0.6809584916099382
452,1558544400,1029,1369,340,2398,21,0.5750462519497536,1.0981612399683494
452,1558558800,1320,2304,984,3624,21,2.973015025564548,2.3963606549110192
452,1558573200,510,531,21,1041,21,-0.6127674728687549,-0.3387527943523712
452,1558587600,419,341,-78,760,21,-0.9813993185020852,-0.6363009473694107
452,1558602000,937,999,62,1936,21,-0.460101759020608,0.6089539563602632
452,1558616400,925,1339,414,2264,21,0.8505892476756772,0.9562699499175191
452,1558630800,1025,1328,303,2353,21,0.43727475408679184,1.0505111798766527
452,1558645200,1192,2315,1123,3507,21,3.490589031049729,2.272470498672608
452,1558659600,513,482,-31,995,21,-0.8063922806761606,-0.38746174466832783
452,1558674000,35,36,1,71,21,-0.6872385527946802,-1.3658763118845
452,1558688400,703,924,221,1627,21,0.1319433263904981,0.2817568770639458
452,1558702800,877,1176,299,2053,21,0.42238053810160675,0.7328441125986747
452,1558717200,1114,1693,579,2807,21,1.464975657064561,1.5312473416906593
452,1558731600,1060,1435,375,2495,21,0.7053706418201229,1.2008735917215623
452,1558746000,500,406,-94,906,21,-1.0409761824428254,-0.4817029746274613
452,1558760400,43,40,-3,83,21,-0.7021327687798652,-1.353169629193381
452,1558774800,136,294,158,430,21,-0.1026405753761666,-0.9857347213751865
452,1558789200,538,745,207,1283,21,0.07981357044235039,-0.08250136008146895
452,1558803600,653,1014,361,1667,21,0.6532408858719752,0.3241124860343429
452,1558818000,643,887,244,1530,21,0.21758506830531218,0.17904452531073295
452,1558832400,491,387,-104,878,21,-1.078211722405788,-0.5113519009067393
452,1558846800,38,41,3,79,21,-0.6797914448020876,-1.3574051900904207
452,1558861200,110,193,83,303,21,-0.3819071250983865,-1.120213779856197
452,1558875600,480,657,177,1137,21,-0.03189304944653756,-0.23709933282341825
452,1558890000,631,892,261,1523,21,0.2808854862423487,0.17163229374091346
452,1558904400,571,670,99,1241,21,-0.32233026115764624,-0.12697474950038587
452,1558918800,246,286,40,532,21,-0.5420199469391258,-0.8777279185006739
452,1558933200,20,32,12,52,21,-0.6462794588354213,-1.3859952261454387
452,1558947600,108,250,142,358,21,-0.16221743931690683,-1.0619748175219013
452,1558962000,427,641,214,1068,21,0.10587844841642424,-0.3101627582973532
452,1558976400,680,969,289,1649,21,0.3851449981386441,0.3050524619976642
452,1558990800,637,888,251,1525,21,0.24364994627938605,0.1737500741894333
452,1559005200,263,314,51,577,22,-0.8512577560545613,-1.0050750860828128
452,1559019600,20,27,7,47,22,-0.9946993839554302,-1.5073531413598131
452,1559034000,921,1073,152,1994,22,-0.5219940192821122,0.3378079409502232
452,1559048400,822,1058,236,1880,22,-0.24815091147136245,0.22977077434347226
452,1559062800,1072,1251,179,2323,22,-0.43397302034294266,0.6495994129995308
452,1559077200,1306,2455,1149,3761,22,2.728262867471668,2.012384023354863
452,1559091600,461,418,-43,879,22,-1.1577012338427812,-0.7188713640193147
452,1559106000,25,28,3,53,22,-1.0077395319464184,-1.5016669746962998
452,1559120400,974,1109,135,2083,22,-0.5774146482438116,0.42215274645900247
452,1559134800,961,1122,161,2083,22,-0.49265368630238904,0.42215274645900247
452,1559149200,1002,1379,377,2381,22,0.21151430521096753,0.7045656907468252
452,1559163600,1140,1966,826,3106,22,1.67527091719938,1.3916441625880045
452,1559178000,326,503,177,829,22,-0.4404930943384367,-0.7662560862152582
452,1559192400,27,34,7,61,22,-0.9946993839554302,-1.4940854191449489
452,1559206800,936,1236,300,2172,22,-0.039508543615553095,0.5064975519677818
452,1559221200,937,1252,315,2189,22,0.00939201135065222,0.5226083575144025
452,1559235600,1040,1454,414,2494,22,0.3321356741276073,0.8116551629096573
452,1559250000,1167,1967,800,3134,22,1.5905099552579574,1.4181796070177328
452,1559264400,381,534,153,915,22,-0.5187339822843652,-0.6847543640382355
452,1559278800,30,36,6,66,22,-0.9979594209531772,-1.4893469469253546
452,1559293200,867,1176,309,2043,22,-0.010168210635829907,0.3842449687022478
452,1559307600,936,1289,353,2225,22,0.13327341726503902,0.5567253574954818
452,1559322000,1181,1626,445,2807,22,0.43319682105776497,1.108283523856263
452,1559336400,1137,1999,862,3136,22,1.7926322491182727,1.4200749959055705
452,1559350800,447,595,148,1042,22,-0.5350341672731003,-0.5643971696605392
452,1559365200,41,61,20,102,22,-0.952318902984719,-1.4552299469442753
452,1559379600,174,404,230,578,22,-0.2677111334578446,-1.004127391638894
452,1559394000,621,1056,435,1677,22,0.40059645108029474,0.037388802227942025
452,1559408400,788,1296,508,2084,22,0.6385791519158273,0.42310044090292137
452,1559422800,789,1397,608,2186,22,0.9645828516905294,0.519765274182646
452,1559437200,522,517,-5,1039,22,-1.0338198279283946,-0.5672402529922959
452,1559451600,47,71,24,118,22,-0.9392787549937309,-1.4400668358415734
452,1559466000,119,256,137,375,22,-0.5708945742483176,-1.1965093637544242
452,1559480400,576,971,395,1547,22,0.2701949711704139,-0.08581147548151083
452,1559494800,798,1371,573,2169,22,0.8504815567693836,0.5036544686360251
452,1559509200,670,978,308,1648,22,-0.013428247633576928,0.009905663354294846
452,1559523600,295,322,27,617,22,-0.9294986440004899,-0.9671673083260582
452,1559538000,23,43,20,66,22,-0.952318902984719,-1.4893469469253546
452,1559552400,945,1112,167,2057,22,-0.4730934643159069,0.3975126909171119
452,1559566800,842,1218,376,2060,22,0.20825426821322052,0.40035577424886853
452,1559581200,948,1439,491,2387,22,0.583158522954128,0.7102518574103384
452,1559595600,1257,2530,1273,3787,22,3.1325074551922985,2.0370240788967537
452,1559610000,335,445,110,780,23,-0.4520136749094905,-0.7816795283758401
452,1559624400,25,30,5,55,23,-0.7335539614830923,-1.5045336840805392
452,1559637036,608,864,256,1472,23,-0.06053860976905384,-0.0917276997583894
452,1559638800,950,849,-101,1799,23,-1.0177755841192997,0.23430445046979903
452,1559653200,952,1307,355,2259,23,0.20491366042891349,0.692942949261746
452,1559667600,957,1442,485,2399,23,0.5534873485676585,0.8325285793288604
452,1559682000,1253,2668,1415,3921,23,3.0471298867909877,2.350023786201346
452,1559696400,485,612,127,1097,23,-0.40643096184519306,-0.46561778029530276
452,1559710800,28,39,11,67,23,-0.7174659451074579,-1.492569201503358
452,1559722815,559,833,274,1392,23,-0.01227456064215069,-0.1714909169395976
452,1559725200,964,788,-176,1752,23,-1.2188757888147295,0.18744356037583923
452,1559739600,995,1290,295,2285,23,0.04403349667256965,0.7188659948456387
452,1559754000,990,1479,489,2469,23,0.5642126928180814,0.9023213943624175
452,1559768400,1253,2382,1129,3635,23,2.280267772885749,2.0648702847785265
452,1559782800,338,519,181,857,23,-0.2616388144644836,-0.7049074318389272
452,1559797200,26,31,5,57,23,-0.7335539614830923,-1.502539603651009
452,1559808831,456,761,305,1217,23,0.07084685729862696,-0.3459729545234905
452,1559811600,918,833,-85,1751,23,-0.974874207117608,0.1864465201610741
452,1559826000,947,1147,200,2094,23,-0.21069342927497475,0.5284313138255041
452,1559840400,973,1480,507,2453,23,0.6124767419449846,0.8863687509261758
452,1559854800,1145,2564,1419,3709,23,3.057855231041411,2.138651260671144
452,1559869200,514,536,22,1050,23,-0.6879712484187948,-0.5124786703892625
452,1559883600,34,37,3,71,23,-0.7389166336083037,-1.4885810406442976
452,1559898000,867,910,43,1777,23,-0.6316631911040744,0.21236956574496677
452,1559912400,864,1032,168,1896,23,-0.29649618327835814,0.33101735130201393
452,1559926800,959,1579,620,2538,23,0.9154677170194321,0.9711171691812096
452,1559941200,1210,1974,764,3184,23,1.3015801100346573,1.6152051479194656
452,1559955600,502,553,51,1055,23,-0.6102125026032286,-0.507493469315437
452,1559970000,35,57,22,92,23,-0.6879712484187948,-1.4676431961342304
452,1559984400,167,342,175,509,23,-0.277726830840118,-1.0518774265771829
452,1559998800,666,915,249,1581,23,-0.07930796220729396,0.016949683651006738
452,1560013200,699,1084,385,1783,23,0.2853537423070854,0.2183518070335574
452,1560027600,706,1146,440,1852,23,0.4328272257504006,0.28714758185234945
452,1560042000,449,490,41,939,23,-0.6370258632292859,-0.6231501342281889
452,1560056400,63,58,-5,121,23,-0.7603673221091495,-1.4387290299060425
452,1560070800,113,232,119,345,23,-0.4278816503460389,-1.2153920217986596
452,1560085200,606,843,237,1449,23,-0.11148399495856272,-0.11465962469798675
452,1560099600,782,1240,458,2022,23,0.48109127487730374,0.4566444183624168
452,1560114000,620,1042,422,1662,23,0.3845631766234974,0.09770994104698001
452,1560128400,375,313,-62,688,23,-0.9132034776776762,-0.8734072281342296
452,1560142800,21,29,8,50,23,-0.725509953295275,-1.5095188851543648
452,1560157200,951,775,-176,1726,23,-1.2188757888147295,0.16152051479194657
452,1560171600,834,899,65,1733,23,-0.5726737977267484,0.16849979629530226
452,1560186000,877,1083,206,1960,23,-0.19460541289934036,0.3948279250469805
452,1560200400,851,1926,1075,2777,23,2.1354756255050393,1.209409780510069
452,1560214800,376,318,-58,694,24,-0.6714939791849237,-1.0025697232896622
452,1560229200,18,20,2,38,24,-0.4995609546425535,-1.6436410303919462
452,1560243600,981,825,-156,1806,24,-0.9523179192707952,0.08412432167640484
452,1560258000,1076,1103,27,2179,24,-0.4279221944165659,0.44863590330620967
452,1560272400,1186,1227,41,2413,24,-0.3878044886900129,0.6773107293152562
452,1560286800,1507,2261,754,3768,24,1.6553329529551533,2.001474785906102
452,1560301200,492,522,30,1014,24,-0.4193255431894474,-0.6898520125080602
452,1560315600,32,34,2,66,24,-0.4995609546425535,-1.6162782306985561
452,1560330000,1101,898,-203,1999,24,-1.0869987884956518,0.27273219099155854
452,1560344400,960,1072,112,2032,24,-0.1843504096482081,0.30498120491591124
452,1560358800,1035,1240,205,2275,24,0.08214577839246574,0.5424512165406903
452,1560373200,1055,2208,1153,3263,24,2.7986875661619153,1.5079671485788866
452,1560387600,348,467,119,815,24,-0.16429155678493157,-0.8843233389003688
452,1560402000,26,31,5,57,24,-0.490964303415435,-1.6250734163142886
452,1560416400,973,760,-213,1733,24,-1.1156542925860469,0.012785593904351883
452,1560430800,888,1037,149,1925,24,-0.07832504451374646,0.20041622037331308
452,1560445200,941,1233,292,2174,24,0.3314486639789026,0.44374968907524714
452,1560459600,1048,2018,970,3066,24,2.274291841307686,1.3154503078789628
452,1560474000,539,532,-7,1071,24,-0.5253509083239091,-0.6341491702750873
452,1560488400,28,38,10,66,24,-0.47663655137023747,-1.6162782306985561
452,1560502800,909,821,-88,1730,24,-0.7574604914561089,0.009853865365774364
452,1560517200,956,1063,107,2019,24,-0.19867816169340563,0.2922770479154087
452,1560531600,1031,1383,352,2414,24,0.5033816885212729,0.6782879721614486
452,1560546000,1017,1644,627,2661,24,1.2914080510071362,0.9196669551709977
452,1561165200,15,1,-14,16,25,-0.8192740997400778,-1.3673959429444216
452,1561179600,34,73,39,107,25,-0.6445005104842562,-1.262003765523804
452,1561194000,159,328,169,487,25,-0.2158105745737504,-0.8219045631080388
452,1561208400,659,823,164,1482,25,-0.23229864903184677,0.3304604537437675
452,1561222800,708,1137,429,1845,25,0.6415692972472612,0.7508710076304064
452,1561237200,674,1109,435,1783,25,0.6613549865969769,0.6790653482888868
452,1561251600,430,533,103,963,25,-0.43345315742062257,-0.27062240429250134
452,1561266000,26,91,65,117,25,-0.558762523302155,-1.2504222075654945
452,1561280400,117,248,131,365,25,-0.3411199404552829,-0.9631995701994162
452,1561294800,519,777,258,1296,25,0.07767715078036512,0.11504347571920871
452,1561309200,713,1102,389,1815,25,0.5096647015824902,0.7161263337554775
452,1561323600,510,1052,542,1562,25,1.0141997800002394,0.42311291741024437
452,1561338000,340,389,49,729,25,-0.6115243615680634,-0.5416308605169462
452,1561352400,20,26,6,46,25,-0.7533218019076923,-1.3326512690694927
452,1561366800,977,784,-193,1761,25,-1.409547165339928,0.6535859207806056
452,1561381200,891,933,42,1824,25,-0.6346076658093984,0.7265497359179562
452,1561395600,903,1294,391,2197,25,0.5162599313657288,1.1585418477629048
452,1561410000,965,2180,1215,3145,25,3.233494602060012,2.2564735422106557
452,1561424400,398,468,70,866,26,-0.4864656764344291,-0.6398604803182718
452,1561438800,19,22,3,41,26,-0.7060541290309135,-1.572990347449085
452,1561453200,941,791,-150,1732,26,-1.207502386452736,0.3396431135426785
452,1561467600,971,1024,53,1995,26,-0.5421821494812983,0.6371136045189256
452,1561482000,911,1151,240,2062,26,0.0706990540342626,0.7128950603950037
452,1561496400,1022,1887,865,2909,26,2.1190987984044525,1.6709083906493052
452,1561510800,322,538,216,860,26,-0.007959496149552698,-0.6466468793519505
452,1561525200,21,41,20,62,26,-0.6503376559840444,-1.5492379508312097
452,1561539600,988,810,-178,1798,26,-1.2992706950005206,0.4142935029131436
452,1561554000,1017,1033,16,2050,26,-0.6634474143480136,0.6993222623276465
452,1561568400,993,1137,144,2130,26,-0.2439351467009986,0.789807582776695
452,1561582800,1050,2131,1081,3181,26,2.8270257500587905,1.97855848017607
452,1561597200,498,591,93,1089,26,-0.41108456584160613,-0.3876326495665491
452,1561611600,23,35,12,58,26,-0.6765571727119828,-1.553762216853662
452,1561626000,917,810,-107,1727,26,-1.066572484040067,0.333987781014613
452,1561640400,921,1051,130,1972,26,-0.28981930097489084,0.6110990748898242
452,1561654800,893,1274,381,2167,26,0.5328180363641775,0.83165704348438
452,1561669200,997,2059,1062,3056,26,2.7647543978299365,1.8371751669744318
452,1561683600,336,586,250,922,26,0.10347344994418564,-0.5765207560039379
452,1561698000,30,42,12,72,26,-0.6765571727119828,-1.5379272857750785
452,1561712400,776,808,32,1584,26,-0.6110083808921367,0.17224527071193874
452,1561726800,865,954,89,1819,26,-0.42419432420557535,0.4380458995310188
452,1561741200,910,1344,434,2254,26,0.7065223346867696,0.9300598294727203
452,1561755600,942,1700,758,2642,26,1.7684127621682761,1.3689136336506056
452,1561770000,507,513,6,1020,26,-0.6962218102579366,-0.4656762384538534
452,1561784400,34,85,51,119,26,-0.5487370286632829,-1.4847671600112626
452,1561798800,151,345,194,496,26,-0.0800631671513834,-1.0583550873951213
452,1561813200,565,763,198,1328,26,-0.06695340878741417,-0.11730775472501657
452,1561827600,726,1056,330,1782,26,0.36566861722356997,0.3961964388233339
452,1561842000,684,880,196,1564,26,-0.07350828796939879,0.14962394059967662
452,1561856400,321,436,115,757,26,-0.3389808948397754,-0.7631467294301005
452,1561870800,35,82,47,117,26,-0.5618467870272521,-1.4870292930224889
452,1561885200,121,212,91,333,26,-0.41763944502359074,-1.2427189278100577
452,1561899600,632,754,122,1386,26,-0.31603881770282927,-0.05170589739945638
452,1561914000,773,1135,362,1908,26,0.4705466841353237,0.5387108185305853
452,1561928400,547,975,428,1522,26,0.6868576971408158,0.10211914736392613
452,1561942800,230,368,138,598,26,-0.2635997842469524,-0.9429863038225844
452,1561957200,26,41,15,67,26,-0.6667248539390058,-1.543582618303144
452,1561971600,849,761,-88,1610,26,-1.0043011318112132,0.20165299985787952
452,1561986000,791,950,159,1741,26,-0.19477355283611403,0.3498227120931965
452,1562000400,815,1134,319,1949,26,0.32961678172265463,0.5850845452607227
452,1562014800,911,1876,965,2787,26,2.446842757503683,1.532918276964506
452,1562029200,265,370,105,635,27,-0.33065124752570296,-0.6114453786534924
452,1562043600,20,29,9,49,27,-0.7722164924035309,-1.4001545508582873
452,1562058000,922,819,-103,1741,27,-1.2873759447609967,0.8771422398763769
452,1562063321,488,401,-87,889,27,-1.2137817372813589,-0.2695816760254754
452,1562072400,583,965,382,1548,27,0.9434484694655295,0.6173796626826474
452,1562086800,907,1069,162,1976,27,-0.06847188337949267,1.193433460811747
452,1562101200,917,1748,831,2665,27,3.0086859168628703,2.12077240219247
452,1562115600,264,432,168,696,27,-0.040874055574628435,-0.5293442532192049
452,1562130000,27,27,0,54,27,-0.8136132341108272,-1.393424950412854
452,1562139831,199,345,146,544,27,-0.14206609085913066,-0.7339241067603803
452,1562144400,553,658,105,1211,27,-0.33065124752570296,0.1638045926604359
452,1562158800,800,1015,215,1815,27,0.17530892889680813,0.9767403264687912
452,1562173200,931,1426,495,2357,27,1.4632075597904728,1.7062290147537724
452,1562187600,855,1333,478,2188,27,1.3850137143433574,1.4787685196981233
452,1562202000,268,397,129,665,27,-0.22025993630624602,-0.571067775980892
452,1562216400,20,58,38,78,27,-0.638826991346687,-1.3611228682747736
452,1562230800,111,283,172,394,27,-0.022475503704718937,-0.9358121201233824
452,1562245200,418,588,170,1006,27,-0.03167477963967368,-0.11210902560233371
452,1562259600,639,742,103,1381,27,-0.33985052346065775,0.39261100780517166
452,1562274000,570,472,-98,1042,27,-1.26437775492361,-0.0636559023952132
452,1562288400,191,552,361,743,27,0.8468560721485047,-0.4660860090321308
452,1562302800,16,52,36,68,27,-0.6480262672816418,-1.3745820691656405
452,1562317200,300,470,170,770,27,-0.03167477963967368,-0.42974616662679044
452,1562331600,526,754,228,1280,27,0.235104222474014,0.25667307880741685
452,1562346000,724,1086,362,1810,27,0.8514557101159821,0.9700107260233578
452,1562360400,642,853,211,1495,27,0.15691037702689864,0.5460458979610533
452,1562374800,281,381,100,662,27,-0.35364943736308985,-0.575105536248152
452,1562389200,24,56,32,80,27,-0.6664248191515513,-1.3584310280966003
452,1562403600,102,283,181,385,27,0.018921238002577424,-0.9479254009251626
452,1562418000,481,672,191,1153,27,0.06491761767735116,0.08574122749340839
452,1562432400,558,826,268,1384,27,0.41908974117310893,0.3966487680724317
452,1562446800,539,677,138,1216,27,-0.17886319459894964,0.1705341931058693
452,1562461200,245,350,105,595,27,-0.33065124752570296,-0.6652821822169596
452,1562475600,22,53,31,75,27,-0.6710244571190287,-1.3651606285420337
452,1562490000,85,212,127,297,27,-0.22945921224120075,-1.0663663687647906
452,1562504400,442,721,279,1163,27,0.46968575881536007,0.0992004283842752
452,1562518800,561,939,378,1500,27,0.92504991759562,0.5527754984064867
452,1562533200,487,853,366,1340,27,0.8698542619858916,0.3374282841526177
452,1562547600,282,293,11,575,27,-0.7630172164685761,-0.6922005839986932
452,1562562000,19,23,4,42,27,-0.7952146822409177,-1.4095759914818942
452,1562576400,997,725,-272,1722,27,-2.064714761264673,0.8515697581837299
452,1562590800,940,868,-72,1808,27,-1.144787167769198,0.9673188858451844
452,1562605200,806,1031,225,1837,27,0.22130530857158187,1.0063505684286982
452,1562619600,1046,1949,903,2995,27,3.339859850521241,2.564926031591075
452,1562634000,324,351,27,675,28,-0.45661687108181603,-0.8421824849396367
452,1562648400,22,28,6,50,28,-0.5288176742898049,-1.5262375078267418
452,1562662800,1087,870,-217,1957,28,-1.2955214416889245,0.5609511780063935
452,1562677200,884,954,70,1838,28,-0.30877713117974365,0.4307071016486887
452,1562691600,937,1034,97,1971,28,-0.21594752705518655,0.5762740105190647
452,1562706000,1180,2204,1024,3384,28,2.971202214554607,2.122785606262232
452,1562720400,468,483,15,951,28,-0.4978744729149525,-0.540103786832691
452,1562734800,25,40,15,65,28,-0.4978744729149525,-1.5098201872774513
452,1562749200,1163,919,-244,2082,28,-1.3883510458134816,0.6977621825838145
452,1562763600,1023,1041,18,2064,28,-0.4875600724566684,0.6780613979246659
452,1562778000,1030,1197,167,2227,28,0.02472181697144294,0.856462947893623
452,1562792400,1160,2025,865,3185,28,2.4245389902655483,1.9049824869749779
452,1562806800,446,480,34,926,28,-0.4325499366791531,-0.5674659877481752
452,1562821200,37,38,1,75,28,-0.5460083417202785,-1.4988753069112577
452,1562835600,1070,801,-269,1871,28,-1.4743043829658493,0.4668252068571278
452,1562850000,1025,923,-102,1948,28,-0.9001360907880332,0.5511007856768192
452,1562864400,1086,1115,29,2201,28,-0.44974060410962663,0.8280062589415194
452,1562878800,1124,1671,547,2795,28,1.3312125416874316,1.4781321526934241
452,1562893200,337,517,180,854,28,0.06941755229067413,-0.6462691263847697
452,1562907600,32,44,12,76,28,-0.5081888733732367,-1.4977808188746382
452,1562922000,1012,769,-243,1781,28,-1.384912912327387,0.36832128356138466
452,1562936400,911,992,81,1903,28,-0.27095766283270184,0.5018488240289476
452,1562950800,994,1304,310,2298,28,0.516374905482986,0.9341715984935981
452,1562965200,1080,1470,390,2550,28,0.7914255843705627,1.2099825837216789
452,1562979600,448,569,121,1017,28,-0.1334323233889136,-0.4678675764158127
452,1562994000,32,77,45,109,28,-0.39473046833211134,-1.461662713666199
452,1563008400,205,322,117,527,28,-0.14718485733329242,-1.0041667143593032
452,1563022800,686,843,157,1529,28,-0.009659517889504131,0.09251029833330386
452,1563037200,729,1014,285,1743,28,0.43042156833061834,0.3267307381698487
452,1563051600,711,926,215,1637,28,0.1897522243039889,0.21071500628819564
452,1563066000,253,472,219,725,28,0.2035047582483677,-0.7874580831086683
452,1563080400,27,69,42,96,28,-0.4050448687903954,-1.4758910581422509
452,1563094800,118,229,111,347,28,-0.16781365824986066,-1.2011745609507896
452,1563109200,483,686,203,1169,28,0.1484946224708524,-0.3015053948496687
452,1563123600,598,990,392,1588,28,0.798301851342752,0.1570850924938466
452,1563138000,481,864,383,1345,28,0.7673586499678997,-0.1088755004046599
452,1563152400,240,375,135,615,28,-0.08529845458358769,-0.9078517671367987
452,1563166800,21,27,6,48,28,-0.5288176742898049,-1.5284264838999806
452,1563181200,907,868,-39,1775,28,-0.6835336811640668,0.3617543553416685
452,1563195600,856,939,83,1795,28,-0.26408139586051244,0.38364411607405585
452,1563210000,793,1104,311,1897,28,0.5198130389690807,0.49528189580923143
452,1563224400,933,2046,1113,2979,28,3.2771960948170356,1.6795179514313878
452,1563238800,289,438,149,727,29,-0.31696529191680994,-0.760430497270321
452,1563253200,17,34,17,51,29,-0.7447295515046373,-1.5896724191668856
452,1563267600,977,815,-162,1792,29,-1.324803812612373,0.5459935364868406
452,1563282000,930,1044,114,1974,29,-0.4303876334741884,0.769250976997454
452,1563296400,918,1079,161,1997,29,-0.2780776319542802,0.7974648293696744
452,1563310800,1015,2058,1043,3073,29,2.580165375291657,2.1173824446961587
452,1563325200,348,474,126,822,29,-0.39149997351165866,-0.6438950200807151
452,1563339600,28,53,25,81,29,-0.7188044448629508,-1.5528717421596416
452,1563354000,1027,876,-151,1903,29,-1.2891567909800539,0.6821560414136433
452,1563368400,908,946,38,1854,29,-0.6766761465702102,0.6220482689684781
452,1563382800,859,1108,249,1967,29,0.007098541104271348,0.7606641523624305
452,1563397200,934,1846,912,2780,29,2.1556417540340402,1.7579624992587426
452,1563411600,267,497,230,764,29,-0.0544735871697341,-0.7150429956280534
452,1563426000,20,39,19,59,29,-0.7382482748442156,-1.5798589052982872
452,1563440400,889,701,-188,1590,29,-1.409060409197854,0.298202311304731
452,1563454800,930,966,36,1896,29,-0.6831574232306319,0.6735692167786197
452,1563469200,829,1087,258,1916,29,0.03626428607616867,0.6981030014501157
452,1563483600,910,1949,1039,2859,29,2.5672028219708136,1.8548709487111517
452,1563498000,319,580,261,899,29,0.045986201066801104,-0.5494399490954555
452,1563512400,32,52,20,84,29,-0.7350076365140048,-1.5491916744589171
452,1563526800,763,762,-1,1525,29,-0.8030610414484319,0.21846751112236903
452,1563541200,860,900,40,1760,29,-0.6701948699097886,0.5067394810124469
452,1563555600,848,1315,467,2163,29,0.7135576970902286,1.0010952421430912
452,1563570000,577,1294,717,1871,29,1.523717279642932,0.6429019859392497
452,1563584400,330,430,100,760,29,-0.4757565700971398,-0.7199497525623526
452,1563598800,37,100,63,137,29,-0.5956601883149399,-1.4841771450794528
452,1563613200,155,356,201,511,29,-0.14845209874584767,-1.0253953717224777
452,1563627600,494,1020,526,1514,29,0.9047553585726665,0.20497392955304625
452,1563642000,601,1117,516,1718,29,0.8723489752705584,0.4552185332023054
452,1563656400,557,966,409,1523,29,0.5256006739380015,0.21601413265521943
452,1563670800,305,556,251,861,29,0.013579817764692975,-0.5960541399712979
452,1563685200,34,88,54,122,29,-0.6248259332868372,-1.5025774835830747
452,1563699600,103,249,146,352,29,-0.3266872069074424,-1.220438959860871
452,1563714000,441,866,425,1307,29,0.5774508872213745,-0.048950741796937265
452,1563728400,539,1226,687,1765,29,1.4264981297366075,0.512872927180321
452,1563742800,454,947,493,1401,29,0.7978142936757098,0.0663580461590939
452,1563757200,224,446,222,670,29,-0.0803986938114206,-0.8303517835840846
452,1563771600,17,39,22,56,29,-0.7285263598535833,-1.5835389729990115
452,1563786000,913,798,-115,1711,29,-1.1724938110924645,0.44663170856728174
452,1563800400,851,883,32,1734,29,-0.6961199765514751,0.47484556093950214
452,1563814800,782,940,158,1722,29,-0.28779954694491267,0.4601252901366046
452,1563829200,771,1528,757,2299,29,1.6533428128513643,1.167924977909264
452,1563843600,241,321,80,562,30,-0.6325489388584363,-1.033835185878722
452,1563858000,20,21,1,41,30,-0.7930688148914988,-1.5543087056624145
452,1563872400,931,731,-200,1662,30,-1.2014801450515693,0.06505324360700124
452,1563886800,892,994,102,1886,30,-0.5878472012289759,0.2888268874295485
452,1563901200,811,1092,281,1903,30,-0.224137608698366,0.30580970861250967
452,1563915600,936,2212,1276,3148,30,1.797600070452231,1.5495516128940783
452,1563930000,456,451,-5,907,30,-0.8052601978813517,-0.6891838148127452
452,1563944400,29,38,9,67,30,-0.7768136375716951,-1.5283349791472973
452,1563958800,951,857,-94,1808,30,-0.9860990455641689,0.2109057078841972
452,1563973200,945,1027,82,1972,30,-0.6284851445284854,0.37473998282570503
452,1563987600,882,1099,217,1981,30,-0.35417902725679634,0.38373088815786094
452,1564002000,975,2557,1582,3532,30,2.4193606029347263,1.9331635737327306
452,1564016400,670,559,-111,1229,30,-1.020641297368752,-0.3675092018178334
452,1564030800,29,31,2,60,30,-0.7910369177265234,-1.535327905516752
452,1564045200,908,821,-87,1729,30,-0.9718757654093406,0.13198553885749528
452,1564059600,909,1044,135,1953,30,-0.5207945947847853,0.35575918268004253
452,1564074000,833,1127,294,1960,30,-0.19772294555368483,0.3627521090494972
452,1564088400,947,1876,929,2823,30,1.0925317542057413,1.2248800314551145
452,1564102800,350,541,191,891,30,-0.4070083535461587,-0.7051676465143557
452,1564117200,30,39,9,69,30,-0.7768136375716951,-1.5263370001845962
452,1564131600,793,793,0,1586,30,-0.7951007120564744,-0.010869956975648734
452,1564146000,856,1049,193,1905,30,-0.40294455921620775,0.307807687575211
452,1564160400,900,1403,503,2303,30,0.22694356192618934,0.7054055011527727
452,1564174800,949,1765,816,2714,30,0.8629273745635129,1.115990177987893
452,1564189200,560,559,-1,1119,30,-0.7971326092214498,-0.47739804476640574
452,1564203600,35,120,85,155,30,-0.622389453033559,-1.4404239047884395
452,1564218000,169,374,205,543,30,-0.3785617932365021,-1.0528159860243844
452,1564232400,590,1099,509,1689,30,0.23913494491604217,0.09202595960346899
452,1564246800,709,1577,868,2286,30,0.9685860271422375,0.6884226799698114
452,1564261200,680,1335,655,2015,30,0.5357919310024615,0.4176965305237833
452,1564275600,322,739,417,1061,30,0.052200405738298525,-0.5353394346847439
452,1564290000,38,121,83,159,30,-0.6264532473635099,-1.436427946863037
452,1564304400,109,238,129,347,30,-0.5329859777746381,-1.2486179243691133
452,1564318800,542,1315,773,1857,30,0.7755557964695674,0.25985619247037944
452,1564333200,676,1887,1211,2563,30,1.665526754728825,0.9651427663039436
452,1564347600,670,1810,1140,2480,30,1.5212620560155665,0.882226639351839
452,1564362000,378,762,384,1140,30,-0.01485220070589213,-0.456419265658042
452,1564376400,30,50,20,80,30,-0.7544627687569648,-1.5153481158897388
452,1564390800,851,1208,357,2059,30,-0.06971342416022994,0.4616520677032122
452,1564405200,839,1407,568,2246,30,0.35901687764959517,0.6484631007157852
452,1564419600,788,1632,844,2420,30,0.9198204951828262,0.8222872704707995
452,1564434000,1088,3071,1983,4159,30,3.2341513660898915,2.559529978539593
452,1564448400,406,644,238,1050,31,-0.6905354765754056,-0.7492221544761337
452,1564462800,24,48,24,72,31,-1.057659077855185,-1.5544655355892143
452,1564472177,215,277,62,492,31,-0.9924689056653176,-1.2086554946204067
452,1564477200,797,1256,459,2053,31,-0.3114031593659138,0.07660515764699487
452,1564491600,962,1502,540,2464,31,-0.17244516075067018,0.4150049834521851
452,1564506000,817,1659,842,2476,31,0.34564515507406524,0.42488527033700824
452,1564520400,1106,3115,2009,4221,31,2.347669653641834,1.8616436548383635
452,1564534800,462,721,259,1183,31,-0.6545093287862683,-0.639715641502678
452,1564549200,20,57,37,77,31,-1.035357176842862,-1.5503487493872046
452,1564563600,901,1326,425,2227,31,-0.3697312081673741,0.21986931747692945
452,1564578000,942,1533,591,2475,31,-0.08495308754847976,0.4240619130966063
452,1564592400,861,1665,804,2526,31,0.28045498288419785,0.4660531323571044
452,1564606800,950,2799,1849,3749,31,2.0731847181055505,1.473019037368656
452,1564621200,324,661,337,985,31,-0.5206979227123301,-0.8027403751022587
452,1564635600,25,52,27,77,31,-1.0525124853138796,-1.5503487493872046
452,1564650000,857,1229,372,2086,31,-0.460654343063768,0.10377594658025832
452,1564664400,947,1446,499,2393,31,-0.24278192548184288,0.3565466193836486
452,1564678800,846,1638,792,2484,31,0.2598686127189766,0.4314721282602236
452,1564693200,1094,3086,1992,4180,31,2.318505629241104,1.8278860079818846
452,1564707600,474,788,314,1262,31,-0.5601551321956708,-0.5746704195109261
452,1564722000,28,69,41,97,31,-1.0284950534544548,-1.5338816045791661
452,1564736400,723,1168,445,1891,31,-0.3354205912253386,-0.05677871529811663
452,1564750800,821,1460,639,2281,31,-0.0026076068875946637,0.26433060845863326
452,1564765200,908,1947,1039,2855,31,0.6836047319531146,0.736937664449337
452,1564779600,983,2360,1377,3343,31,1.2634541582735137,1.1387359977654752
452,1565398800,11,2,-9,13,32,-0.610648706206577,-0.9737977798078965
452,1565413200,24,42,18,66,32,-0.45880666414139587,-0.9016309902532679
452,1565427600,139,278,139,417,32,0.22167063548404523,-0.4236962141461996
452,1565442000,553,607,54,1160,32,-0.2563506080544878,0.5880004771573666
452,1565456400,623,740,117,1363,32,0.0979474900976014,0.8644128975269816
452,1565470800,576,718,142,1294,32,0.23854197349128758,0.7704599073520878
452,1565485200,247,427,180,674,32,0.4522455882496906,-0.0737553666831895
452,1565499600,21,52,31,73,32,-0.38569753277667906,-0.8920995274819019
452,1565514000,119,189,70,308,32,-0.16637013868252862,-0.5721147058717564
452,1565528400,422,550,128,972,32,0.15980906279082333,0.33201261986925024
452,1565542800,558,708,150,1266,32,0.28353220817726715,0.7323340562666237
452,1565557200,436,635,199,1071,32,0.559097395628892,0.4668147362071413
452,1565571600,201,349,148,550,32,0.27228464950577225,-0.24259842149024496
452,1565586000,18,26,8,44,32,-0.5150444574988704,-0.9315870161061326
452,1565600400,808,807,-1,1615,32,-0.5656584715205973,1.2075455572961589
452,1565614800,874,804,-70,1678,32,-0.9536992456871711,1.293328722238453
452,1565629200,848,1013,165,1861,32,0.36788889821347887,1.5425083918327367
452,1565643600,887,1763,876,2650,32,4.366396005929913,2.6168404099195657
452,1565653658,171,217,46,388,32,-0.30134084274046735,-0.46318370277043036
452,1565653728,1,5,4,6,32,-0.5375395748418601,-0.9833292425792625
452,1565653791,1,1,0,2,32,-0.5600346921848499,-0.9887757927343288
452,1565653873,2,0,-2,2,32,-0.5712822508563449,-0.9887757927343288
452,1565653972,2,0,-2,2,32,-0.5712822508563449,-0.9887757927343288
452,1565654054,1,0,-1,1,32,-0.5656584715205973,-0.9901374302730954
452,1565658000,268,355,87,623,33,-0.18461937088069855,-0.38150878809763816
452,1565672400,20,22,2,42,33,-0.5135743242364929,-1.0104435052529888
452,1565686800,880,815,-65,1695,33,-0.7728682286463543,0.7789353027638695
452,1565701200,904,937,33,1841,33,-0.3936025177184973,0.9369808599147837
452,1565715600,784,1040,256,1824,33,0.4694204775561161,0.9185782950410472
452,1565730000,890,1907,1017,2797,33,3.414534824659169,1.9718545081084418
452,1565744400,280,414,134,694,33,-0.0027266319663181316,-0.3046510171543853
452,1565758800,16,33,17,49,33,-0.4555234501148821,-1.0028659785402738
452,1565772666,511,556,45,1067,33,-0.3471618184212087,0.09912290625171763
452,1565773200,878,849,-29,1727,33,-0.6335461307544885,0.8135754248791384
452,1565787600,820,911,91,1731,33,-0.16913913778160233,0.8179054401435469
452,1565802000,836,963,127,1799,33,-0.02981703988973649,0.8915156996384933
452,1565816400,892,1837,945,2729,33,3.1358906288754373,1.8982442486134954
452,1565830800,272,426,154,698,33,0.0746745335291629,-0.3003210018899767
452,1565845200,18,27,9,45,33,-0.4864839163130745,-1.0071959938046824
452,1565859600,854,818,-36,1672,33,-0.6606365386779068,0.75403771499352
452,1565874000,838,856,18,1694,33,-0.45165339184010805,0.7778527989477674
452,1565888400,829,993,164,1822,33,0.1133751162769034,0.9164132874088429
452,1565902800,991,1651,660,2642,33,2.0329240205648325,1.8040664166126081
452,1565917200,285,462,177,747,33,0.16368587384896607,-0.2472783149009712
452,1565931600,26,39,13,65,33,-0.47100368321397834,-0.9855459174826393
452,1565946000,651,704,53,1355,33,-0.31620135222301626,0.4108840052891376
452,1565946054,0,0,0,0,33,-0.521314440786041,-1.0559086655292793
452,1565960400,779,900,121,1679,33,-0.053037389538380796,0.7616152417062351
452,1565974800,806,1079,273,1885,33,0.535211468227275,0.9846110278232785
452,1565989200,865,1137,272,2002,33,0.5313414099525009,1.1112639743072306
452,1566003600,267,377,110,644,33,-0.09560803056089535,-0.35877620795949294
452,1566018000,1,13,12,14,33,-0.4748737414887524,-1.0407536121038492
452,1566032400,1,21,20,22,33,-0.44391327529055996,-1.0320935815750318
452,1566046800,1,9,8,10,33,-0.4903539745878486,-1.0450836273682578
452,1566061200,0,5,5,5,33,-0.5019641494121707,-1.0504961464487685
452,1566075600,1,3,2,4,33,-0.5135743242364929,-1.0515786502648705
452,1566090000,1,3,2,4,33,-0.5135743242364929,-1.0515786502648705
452,1566104400,2,3,1,5,33,-0.5174443825112669,-1.0504961464487685
452,1566118800,1,4,3,5,33,-0.5097042659617188,-1.0504961464487685
452,1566133200,1,23,22,24,33,-0.43617315874101187,-1.0299285739428277
452,1566147600,0,3,3,3,33,-0.5097042659617188,-1.0526611540809727
452,1566162000,1,10,9,11,33,-0.4864839163130745,-1.0440011235521556
452,1566176400,2,7,5,9,33,-0.5019641494121707,-1.04616613118436
452,1566190800,5,11,6,16,33,-0.49809409113739667,-1.0385886044716448
452,1566205200,806,771,-35,1577,33,-0.6567664804031328,0.6511998524638155
452,1566219600,732,782,50,1514,33,-0.3278115270473384,0.5830021120493798
452,1566234000,718,912,194,1630,33,0.22947686452012495,0.7085725547172296
452,1566248400,763,1735,972,2498,33,3.2403822022943367,1.6481858670938982
452,1566262800,222,278,56,500,34,-0.05613055139866981,-0.5489601672211055
452,1566277200,25,24,-1,49,34,-0.2322841768508333,-1.0351447825985043
452,1566291600,845,773,-72,1618,34,-0.45170360504563345,0.656260231874087
452,1566306000,767,844,77,1611,34,0.00876815271528515,0.648714129196389
452,1566320400,802,867,65,1669,34,-0.02831682106411769,0.7112389799544581
452,1566334800,838,1856,1018,2694,34,2.916848179916791,1.8162040149030916
452,1566349200,397,391,-6,788,34,-0.24773624925891782,-0.23849194276724558
452,1566363600,20,25,5,45,34,-0.21374168996113188,-1.0394568412714746
452,1566378000,842,825,-17,1667,34,-0.28173080855670374,0.7090829506179729
452,1566392400,851,871,20,1722,34,-0.16738547273687834,0.7683737573713142
452,1566406800,774,966,192,1740,34,0.364165818101229,0.7877780213996805
452,1566421200,871,1865,994,2736,34,2.8426782323579856,1.8614806309692795
452,1566435600,375,343,-32,718,34,-0.3280870257809573,-0.3139529695442254
452,1566450000,18,32,14,50,34,-0.18592795962657974,-1.0340667679302618
452,1566464400,771,757,-14,1528,34,-0.27245956511185304,0.5592389117322557
452,1566478800,828,873,45,1701,34,-0.09012511069645575,0.7457354493382202
452,1566493200,811,945,134,1756,34,0.18492177816744862,0.8050262560915615
452,1566507600,813,1605,792,2418,34,2.2184145070713712,1.5186719664681425
452,1566522000,223,260,37,483,34,-0.11484842654939098,-0.5672864165812292
452,1566536400,188,366,178,554,34,0.32090001535859236,-0.4907473751360068
452,1566550800,948,732,-216,1680,34,-0.8967232903984675,0.7230971413051263
452,1566557161,611,380,-231,991,34,-0.9430795076227211,-0.019654965114003997
452,1566565200,500,795,295,1295,34,0.68247850970777,0.3080614940317371
452,1566579600,1182,1125,-57,2307,34,-0.4053473878213799,1.3990123382932174
452,1566594000,786,890,104,1676,34,0.09220934371894153,0.718785082632156
452,1566608400,290,358,68,648,34,-0.01904557761926698,-0.38941399632120527
452,1566622800,1,15,14,16,34,-0.18592795962657974,-1.0707192666505092
452,1566637200,1,14,13,15,34,-0.18901837410819666,-1.0717972813187517
452,1566651600,2,24,22,26,34,-0.16120464377364452,-1.0599391199680834
452,1566666000,1,19,18,20,34,-0.17356630170011214,-1.0664072079775389
452,1566680400,8,18,10,26,34,-0.19828961755304736,-1.0599391199680834
452,1566694800,0,4,4,4,34,-0.21683210444274878,-1.08365544266942
452,1566709200,0,13,13,13,34,-0.18901837410819666,-1.0739533106552368
452,1566723600,1,11,10,12,34,-0.19828961755304736,-1.0750313253234793
452,1566738000,0,9,9,9,34,-0.20138003203466426,-1.0782653693282072
452,1566752400,0,10,10,10,34,-0.19828961755304736,-1.0771873546599646
452,1566766800,1,7,6,8,34,-0.21065127547951498,-1.0793433839964497
452,1566781200,1,12,11,13,34,-0.19519920307143046,-1.0739533106552368
452,1566795600,4,15,11,19,34,-0.19519920307143046,-1.0674852226457814
452,1566810000,848,709,-139,1557,34,-0.658761375313966,0.5905013371112903
452,1566824400,1001,868,-133,1869,34,-0.6402188884242646,0.9268419136029719
452,1566838800,1862,865,-997,2727,34,-3.310337000541269,1.8517784989550963
452,1566853200,775,1634,859,2409,34,2.4254722773397037,1.5089698344539593
452,1566867600,224,442,218,666,35,-0.03933728958203883,-0.5525663541642882
452,1566882000,14,47,33,61,35,-0.4485082936683064,-1.2390529849428815
452,1566896400,805,731,-74,1536,35,-0.6851639554911747,0.434612767781788
452,1566910800,847,895,48,1742,35,-0.4153322663099604,0.6683586288402842
452,1566925200,870,3681,2811,4551,35,5.695691973097376,3.855699035215604
452,1566939600,879,1728,849,2607,35,1.3562675946257172,1.6498643075567854
452,1566954000,241,613,372,854,35,0.3012699246303136,-0.3392448887322626
452,1566968400,25,48,23,73,35,-0.47062564524053707,-1.2254367211919013
452,1566982800,814,812,-2,1626,35,-0.5259190241711138,0.5367347459141407
452,1566997200,874,866,-8,1740,35,-0.5391894351144522,0.6660892515484542
452,1567011600,862,947,85,1809,35,-0.3334980654927069,0.7443827681165912
452,1567026000,864,1727,863,2591,35,1.38723188682684,1.631709289222145
452,1567040400,237,511,274,748,35,0.08451987922245296,-0.4595218851992558
452,1567054800,17,52,35,69,35,-0.44408482335386024,-1.2299754757755612
452,1567069200,725,735,10,1460,35,-0.49937820228443697,0.3483764306922457
452,1567083600,822,922,100,1744,35,-0.30032203813436087,0.6706280061321143
452,1567098000,838,982,144,1820,35,-0.20300569121654585,0.7568643432216566
452,1567112400,831,1418,587,2249,35,0.7767929834332732,1.2436457723192045
452,1567126800,297,716,419,1013,35,0.4052214770197978,-0.1588293940317728
452,1567141200,20,53,33,73,35,-0.4485082936683064,-1.2254367211919013
452,1567155600,538,769,231,1307,35,-0.01058473253813895,0.17476906786724608
452,1567170000,797,872,75,1669,35,-0.35561541706493754,0.585526357688487
452,1567184400,840,1069,229,1909,35,-0.015008202852585086,0.8578516327080943
452,1567198800,757,897,140,1654,35,-0.21185263184543812,0.5685060279997616
452,1567213200,254,393,139,647,35,-0.21406436700266118,-0.5741254384366739
452,1567227600,30,73,43,103,35,-0.4263909420960757,-1.1913960618144503
452,1567242000,114,242,128,356,35,-0.23839345373211493,-0.9043198343979476
452,1567256400,506,1093,587,1599,35,0.7767929834332732,0.5060981524744349
452,1567270800,542,645,103,1187,35,-0.29368683266269163,0.03860643035744246
452,1567285200,473,535,62,1008,35,-0.38436797410883744,-0.16450283726134796
452,1567299600,207,387,180,594,35,-0.12338322555651542,-0.6342639366701704
452,1567314000,28,42,14,70,35,-0.49053126165554467,-1.2288407871296463
452,1567328400,82,154,72,236,35,-0.3622506225366067,-1.0404824719077512
452,1567342800,447,466,19,913,35,-0.47947258586942937,-0.27229825862327584
452,1567357200,522,702,180,1224,35,-0.12338322555651542,0.08058991025629858
452,1567371600,418,582,164,1000,35,-0.1587709880720845,-0.17358034642866818
452,1567386000,196,345,149,541,35,-0.19194701543043052,-0.694402434903667
452,1567400400,22,52,30,74,35,-0.4551434991399756,-1.2243020325459861
452,1567414800,88,219,131,307,35,-0.23175824826044575,-0.9599195780477842
452,1567429200,371,530,159,901,35,-0.16982966385819984,-0.2859145223742562
452,1567443600,499,648,149,1147,35,-0.19194701543043052,-0.006781115479158748
452,1567458000,424,523,99,947,35,-0.30253377329158393,-0.23371884466216478
452,1567472400,188,257,69,445,36,-0.4135621193133696,-1.1104259911900336
452,1567486800,14,29,15,43,36,-0.5582195663526544,-1.5902200447076027
452,1567501200,876,861,-15,1737,36,-0.6385848147078126,0.4315986783241436
452,1567515600,812,992,180,1804,36,-0.11621070039928431,0.5115643539104051
452,1567530000,803,984,181,1787,36,-0.1135318587874457,0.49127455562732386
452,1567544400,890,1935,1045,2825,36,2.20098729384111,1.7301457684413455
452,1567558800,216,395,179,611,36,-0.11888954201112291,-0.9123020785434752
452,1567573200,26,1769,1743,1795,36,4.070818738904458,0.5008226959958326
452,1567587600,943,914,-29,1857,36,-0.6760885972735531,0.5748207838517762
452,1567602000,914,935,21,1849,36,-0.5421465166816227,0.5652726434832673
452,1567616400,879,1024,145,1903,36,-0.20997015681363554,0.6297225909707019
452,1567630800,878,1820,942,2698,36,1.9250666078217338,1.5785690400912678
452,1567645200,265,368,103,633,36,-0.322481504510857,-0.8860446925300759
452,1567659600,21,44,23,65,36,-0.5367888334579456,-1.5639626586942033
452,1567674000,991,915,-76,1906,36,-0.8019941530299677,0.6333031436088928
452,1567688400,945,927,-18,1872,36,-0.6466213395433285,0.5927235470427302
452,1567702800,900,1150,250,2050,36,0.07130821242941815,0.8051696702420519
452,1567717200,980,1846,866,2826,36,1.7214746453219998,1.731339285987409
452,1567731600,459,522,63,981,36,-0.4296351689844013,-0.4707005864999415
452,1567746000,23,28,5,51,36,-0.5850079824710405,-1.5806719043390938
452,1567760400,849,886,37,1735,36,-0.49928505089220504,0.4292116432320164
452,1567774800,899,929,30,1828,36,-0.5180369421750753,0.5402087750159317
452,1567789200,897,1182,285,2079,36,0.1650676688437694,0.8397816790778964
452,1567803600,891,1556,665,2447,36,1.1830274813424397,1.278996136029303
452,1567818000,252,489,237,741,36,0.03648327147551626,-0.7571447975552066
452,1567832400,29,61,32,90,36,-0.5126792589513981,-1.5341247200426131
452,1567846800,146,289,143,435,36,-0.21532784003731276,-1.1223611666506697
452,1567861200,584,664,80,1248,36,-0.384094861583145,-0.15203140170095905
452,1567875600,762,897,135,1659,36,-0.2367585729320216,0.33850430973118245
452,1567890000,633,864,231,1497,36,0.020410221804484624,0.14515446726887848
452,1567904400,469,371,-98,840,36,-0.860928668490417,-0.6389865604949098
452,1567918800,36,54,18,90,36,-0.5501830415171386,-1.5341247200426131
452,1567933200,110,255,145,365,36,-0.20997015681363554,-1.205907394875122
452,1567947600,563,741,178,1304,36,-0.12156838362296152,-0.08519441912139719
452,1567962000,653,870,217,1523,36,-0.017093560761255868,0.17618592346653222
452,1567976400,477,649,172,1126,36,-0.13764143329399317,-0.29764054232071885
452,1567990800,196,283,87,479,36,-0.36534297030027474,-1.069846394623871
452,1568005200,18,22,4,40,36,-0.5876868240828791,-1.5938005973457934
452,1568019600,1003,922,-81,1925,36,-0.8153883610891607,0.6559799769841013
452,1568034000,888,882,-6,1770,36,-0.6144752402012651,0.47098475734424256
452,1568048400,889,1008,119,1897,36,-0.2796200387214393,0.6225614856943203
452,1568062800,925,1985,1060,2910,36,2.2411699180186893,1.831594759856752
452,1568077200,296,371,75,667,37,-0.3764469942542642,-0.8172898952937209
452,1568091600,20,31,11,51,37,-0.624094943484676,-1.4881313981820188
452,1568106000,1049,958,-91,2007,37,-1.0187838625706447,0.642008179171083
452,1568120400,872,994,122,1866,37,-0.1945805315381806,0.4884551728281447
452,1568134800,888,1198,310,2086,37,0.5328853193261538,0.7280414238596796
452,1568149200,1086,1911,825,2997,37,2.5256774107896236,1.7201463088129905
452,1568163600,343,457,114,800,37,-0.22553652519198208,-0.6724491162610202
452,1568178000,29,31,2,60,37,-0.6589204363452026,-1.4783301424580015
452,1568192400,978,944,-34,1922,37,-0.7982224077873092,0.5494407639998081
452,1568206800,909,939,30,1848,37,-0.5505744585568975,0.46885266138011
452,1568221200,887,1064,177,1951,37,0.018241924831704465,0.5810225879994195
452,1568235600,1037,1896,859,2933,37,2.6572403838182796,1.6504484903310892
452,1568250000,343,445,102,788,37,-0.27197051567268427,-0.6855174572263767
452,1568264400,25,40,15,65,37,-0.6086169466577752,-1.472885000389103
452,1568278800,1029,982,-47,2011,37,-0.8485258974747366,0.6463642928262018
452,1568293200,962,1024,62,1986,37,-0.4267504839416916,0.6191385824817092
452,1568307600,914,1259,345,2173,37,0.6683177915615353,0.822786895858514
452,1568322000,1054,1976,922,3030,37,2.9010188338419662,1.7560842464677207
452,1568336400,346,417,71,763,37,-0.39192499108116496,-0.7127431675708693
452,1568350800,26,42,16,68,37,-0.60474744745105,-1.469617915147764
452,1568365200,862,977,115,1839,37,-0.2216670259852569,0.45905140565609265
452,1568379600,1185,1291,106,2476,37,-0.25649251884578356,1.1527625052337644
452,1568394000,1256,1156,-100,2412,37,-1.0536093554311712,1.0830646867518634
452,1568408400,1005,1542,537,2547,37,1.4112616392527704,1.2300835226121234
452,1568422800,330,490,160,820,37,-0.047539561682623646,-0.6506685479854262
452,1568437200,32,62,30,94,37,-0.5505744585568975,-1.4413031763894915
452,1568451600,149,314,165,463,37,-0.028192065648997733,-1.0394516917047807
452,1568466000,556,756,200,1312,37,0.10724040658638367,-0.11486656840581157
452,1568480400,747,852,105,1599,37,-0.26036201805250875,0.1976845863489636
452,1568494800,698,782,84,1480,37,-0.3416215013937376,0.06809020510917878
452,1568509200,380,447,67,827,37,-0.4074029879080657,-0.6430453490889682
452,1568523600,25,60,35,85,37,-0.5312269625232715,-1.451104432113509
452,1568538000,108,218,110,326,37,-0.24101452201888282,-1.1886485843926
452,1568552400,528,705,177,1233,37,0.018241924831704465,-0.20089981309440821
452,1568566800,656,863,207,1519,37,0.13432690103345996,0.11056231324658725
452,1568581200,538,640,102,1178,37,-0.27197051567268427,-0.26079637585229193
452,1568595600,192,298,106,490,37,-0.25649251884578356,-1.0100479245327285
452,1568610000,18,33,15,51,37,-0.6086169466577752,-1.4881313981820188
452,1568624400,994,970,-24,1964,37,-0.7595274157200573,0.5951799573785557
452,1568638800,883,935,52,1818,37,-0.4654454760089434,0.4361818089667189
452,1568653200,905,1060,155,1965,37,-0.06688705771624956,0.5962689857923354
452,1568667600,1009,1955,946,2964,37,2.9938868148033704,1.68420837115826
452,1568682000,390,340,-50,730,38,-0.6782589842862754,-0.849082326117009
452,1568696400,19,31,12,50,38,-0.47478128900039274,-1.5831681538672593
452,1568710800,999,949,-50,1948,38,-0.6782589842862754,0.4657949359415278
452,1568725200,914,1033,119,1947,38,-0.1236181697166921,0.46471539795954214
452,1568739600,927,1139,212,2066,38,0.18159837321213182,0.593180417815836
452,1568754000,992,2011,1019,3003,38,2.8300903102396684,1.6047075069364016
452,1568768400,305,504,199,809,38,0.13893369516831774,-0.7637988255401416
452,1568782800,16,37,21,53,38,-0.4452442042008291,-1.5799295399213023
452,1568797200,1041,971,-70,2012,38,-0.7438969505075278,0.5348853667886102
452,1568811600,993,1038,45,2031,38,-0.3664786447353262,0.5553965884463378
452,1568826000,894,1167,273,2061,38,0.38179417018695183,0.5877827279059077
452,1568840400,1101,2145,1044,3246,38,2.912137768016234,1.8670352365589176
452,1568854800,515,485,-30,1000,38,-0.6126210180650229,-0.55760707098088
452,1568869200,18,43,25,61,38,-0.43211661095657866,-1.571293236065417
452,1568883600,1019,992,-27,2011,38,-0.602775323131835,0.5338058288066245
452,1568898000,941,1017,76,1958,38,-0.2647397970923849,0.47659031576138444
452,1568912400,947,1241,294,2188,38,0.4507140347192669,0.7248840516180868
452,1568926800,1085,1892,807,2977,38,2.1343278682943927,1.5766395194047744
452,1568941200,477,563,86,1040,38,-0.23192081398175865,-0.5144255517014535
452,1568955600,27,35,8,62,38,-0.48790888224464324,-1.5702136980834314
452,1568970000,844,921,77,1765,38,-0.26145789878132225,0.2682394852381516
452,1568984400,941,973,32,1914,38,-0.4091433227791403,0.4290906445540153
452,1568998800,966,1406,440,2372,38,0.9298711881344099,0.9235190403034487
452,1569013200,1067,1729,662,2796,38,1.6584526131903121,1.3812431446653695
452,1569027600,480,478,-2,958,38,-0.5207278653552695,-0.6029476662242779
452,1569042000,48,67,19,115,38,-0.45180800082295436,-1.5129981850381913
452,1569056400,212,322,110,534,38,-0.1531552545162557,-1.0606717705861988
452,1569070800,860,823,-37,1683,38,-0.6355943062424613,0.17971737071532728
452,1569085200,1088,973,-115,2061,38,-0.8915823745053457,0.5877827279059077
452,1569099600,976,1048,72,2024,38,-0.2778673903366354,0.5478398225724381
452,1569114000,613,481,-132,1094,38,-0.9473746457934104,-0.45613050067422783
452,1569128400,42,75,33,117,38,-0.40586142446807766,-1.51083910907422
452,1569142800,134,234,100,368,38,-0.18597423762688192,-1.2398750755958186
452,1569157200,757,806,49,1563,38,-0.3533510514910757,0.05017281287704781
452,1569171600,959,1084,125,2043,38,-0.10392677985031636,0.5683510442301657
452,1569186000,793,763,-30,1556,38,-0.6126210180650229,0.04261604700314817
452,1569200400,251,309,58,560,38,-0.3238139666915121,-1.0326037830545716
452,1569214800,19,37,18,56,38,-0.455089899134017,-1.5766909259753452
452,1569229200,1071,846,-225,1917,38,-1.2525911887222343,0.4323292584999723
452,1569243600,884,988,104,1872,38,-0.17284664438263145,0.38375004931061746
452,1569258000,894,1081,187,1975,38,0.09955091543556625,0.4949424614551407
452,1569272400,1038,2060,1022,3098,38,2.8399360051728566,1.7072636152250396
452,1569286800,286,389,103,675,39,-0.16960019763381287,-0.9143841847127567
452,1569301200,23,40,17,63,39,-0.4555926877614189,-1.6066118295242584
452,1569315600,1163,963,-200,2126,39,-1.1772249012229363,0.7268287444073229
452,1569330000,961,973,12,1934,39,-0.47222015811767504,0.5096592872115577
452,1569344400,873,1169,296,2042,39,0.47222015811767504,0.6318171068841757
452,1569358800,1079,2121,1042,3200,39,2.953038735271095,1.9416203955961346
452,1569373200,543,489,-54,1032,39,-0.6917027668202564,-0.5105847252393808
452,1569387600,32,51,19,83,39,-0.44894169961891645,-1.583990011066366
452,1569402000,1047,944,-103,1991,39,-0.8546519763115669,0.5741314698165506
452,1569416400,929,1097,168,2026,39,0.04655691699751726,0.613719652117862
452,1569430800,1017,1263,246,2280,39,0.3059454545551134,0.9010167465330929
452,1569445200,1057,2063,1006,3120,39,2.8333209487060502,1.8511331217645657
452,1569459600,508,494,-14,1002,39,-0.5586830039702071,-0.5445174529262191
452,1569474000,21,31,10,52,39,-0.4788711462601775,-1.619053829676099
452,1569488400,1026,1026,0,2052,39,-0.5121260869726899,0.6431280161131218
452,1569502800,932,1062,130,1994,39,-0.07981185771002959,0.5775247425852345
452,1569513389,643,808,165,1451,39,0.03658043478376356,-0.03665762854653906
452,1569517200,862,1243,381,2105,39,0.7548871541740299,0.7030758350265361
452,1569531600,1077,2114,1037,3191,39,2.9364112649148386,1.9314405772900831
452,1569546000,568,537,-31,1105,39,-0.6152164031814781,-0.42801508786807424
452,1569560400,31,43,12,74,39,-0.47222015811767504,-1.5941698293724176
452,1569574800,915,979,64,1894,39,-0.2992944664126109,0.46441565029577336
452,1569586150,508,679,171,1187,39,0.05653339921127096,-0.3352656321907162
452,1569589200,940,993,53,1933,39,-0.33587490119637453,0.5085281962886632
452,1569603600,1012,1297,285,2309,39,0.4356397233339115,0.9338183832970367
452,1569618000,981,1579,598,2560,39,1.4765193676355475,1.2177222049435839
452,1569632400,485,516,31,1001,39,-0.40903577076390163,-0.5456485438491138
452,1569646800,44,57,13,101,39,-0.4688946640464238,-1.5636303744542632
452,1569661200,203,300,97,503,39,-0.18955316206132028,-1.1089318234506298
452,1569675600,870,882,12,1752,39,-0.47222015811767504,0.30380073924473866
452,1569690000,1005,1182,177,2187,39,0.07648636363877835,0.7958252907038942
452,1569704400,1023,969,-54,1992,39,-0.6917027668202564,0.5752625607394452
452,1569718800,610,425,-185,1035,39,-1.127342490154168,-0.507191452470697
452,1569733200,48,73,25,121,39,-0.428988735191409,-1.5410085559963709
452,1569747600,141,266,125,407,39,-0.09643932806628575,-1.2175165520485123
452,1569762000,745,763,18,1508,39,-0.45226719369016766,0.027814554058453737
452,1569776400,1007,974,-33,1981,39,-0.6218673913239805,0.5628205605876044
452,1569790800,744,707,-37,1451,39,-0.6351693676089855,-0.03665762854653906
452,1569805200,283,270,-13,553,39,-0.5553575098989559,-1.0523772773058993
452,1569819600,22,32,10,54,39,-0.4788711462601775,-1.6167916478303097
452,1569834000,724,697,-27,1421,39,-0.6019144268964731,-0.07059035623337737
452,1569848400,766,885,119,1651,39,-0.11639229249379315,0.18956055603238303
452,1569862800,735,931,196,1666,39,0.13967075099255177,0.20652691987580218
452,1569877200,758,1647,889,2405,39,2.444238142369656,1.0424031118949193
452,1569891600,258,284,26,542,40,-0.5254915801948122,-0.9566864918958009
452,1569906000,15,25,10,40,40,-0.5810306993146364,-1.524502996880201
452,1569920400,837,796,-41,1633,40,-0.7580616415090754,0.2773529641559532
452,1569934800,832,881,49,1713,40,-0.44565409646006526,0.36784165020924403
452,1569949200,800,958,158,1758,40,-0.06729384745626403,0.41874153611422016
452,1569963600,992,1902,910,2894,40,2.5430447511754655,1.7036808780709503
452,1569978000,466,432,-34,898,40,-0.7337632768941524,-0.5540118389586566
452,1569992400,28,26,-2,54,40,-0.6226850386545043,-1.508667476820875
452,1570006800,1037,914,-123,1951,40,-1.0426996269981736,0.6370454912177843
452,1570021200,912,987,75,1899,40,-0.35540302789035116,0.5782278452831453
452,1570035600,927,1131,204,2058,40,0.09238112001323007,0.7580741088140609
452,1570050000,991,2084,1093,3075,40,3.178273426108453,1.9084115302665208
452,1570064400,440,433,-7,873,40,-0.6400410133794494,-0.58228955335031
452,1570078800,26,30,4,56,40,-0.6018578689845704,-1.5064052596695428
452,1570093200,985,967,-18,1952,40,-0.6782241577743284,0.6381765997934504
452,1570107600,938,1060,122,1998,40,-0.1922568654758681,0.6902075942740927
452,1570122000,966,1252,286,2218,40,0.37701910550232826,0.9390514809206426
452,1570136400,971,1918,947,2889,40,2.6714789641400585,1.6980253351926196
452,1570150800,315,546,231,861,40,0.18610338352793312,-0.5958628562583036
452,1570165200,22,44,22,66,40,-0.5393763599747683,-1.4950941739128816
452,1570179600,902,889,-13,1791,40,-0.6608681830493833,0.45606811911120265
452,1570191416,573,752,179,1325,40,0.005601246388505016,-0.07102847714921662
452,1570191508,880,868,-12,1748,40,-0.6573969881043944,0.4074304503575588
452,1570194000,118,178,60,296,40,-0.40747095206518624,-1.2349392015096703
452,1570208400,1070,1299,229,2369,40,0.17916099363795512,1.109848875846229
452,1570222800,961,1647,686,2608,40,1.765497083497929,1.3801838254304355
452,1570237200,481,507,26,988,40,-0.5254915801948122,-0.4522120671487043
452,1570251600,37,41,4,78,40,-0.6018578689845704,-1.481520871004888
452,1570266000,164,305,141,469,40,-0.12630416152107707,-1.0392574179194287
452,1570280400,664,762,98,1426,40,-0.27556554415560414,0.0432134889930631
452,1570294800,816,1008,192,1824,40,0.050726780673362046,0.4933947021081851
452,1570309200,746,1057,311,1803,40,0.46379897912705326,0.46964142201919623
452,1570323600,442,461,19,903,40,-0.5497899448097353,-0.5483562960803259
452,1570338000,37,75,38,112,40,-0.4838372408549443,-1.4430631794322393
452,1570352400,123,232,109,355,40,-0.23738239976072512,-1.1682037955453684
452,1570366800,584,775,191,1359,40,0.04725558572837304,-0.032570785576568
452,1570381200,711,992,281,1703,40,0.3596631307773832,0.3565305644525827
452,1570395600,544,727,183,1271,40,0.019486026168461023,-0.13210834023518794
452,1570410000,283,293,10,576,40,-0.5810306993146364,-0.9182288003231522
452,1570424400,20,29,9,49,40,-0.5845018942596253,-1.5143230196992057
452,1570438800,971,905,-66,1876,40,-0.8448415151338005,0.5522123480428242
452,1570453200,897,966,69,1863,40,-0.3762301975602852,0.5375079365591644
452,1570467600,854,1030,176,1884,40,-0.00481233844646199,0.5612612166481532
452,1570482000,993,1966,973,2959,40,2.7617300327097727,1.7772029354892491
452,1570496400,228,319,91,547,41,-0.17761982472406518,-0.9990042914759082
452,1570510800,19,23,4,42,41,-0.488157068523938,-1.5858238611614075
452,1570525200,967,965,-2,1932,41,-0.5095734301653085,0.610391954097194
452,1570539600,943,1003,60,1946,41,-0.28827102653781295,0.6266602193954058
452,1570554000,920,1316,396,2236,41,0.9110452253789372,0.9636457148583659
452,1570568400,920,2071,1151,2991,41,3.6059373985847296,1.8409700220119343
452,1570582800,496,381,-115,877,41,-0.9129149077444536,-0.6155380380180571
452,1570597200,28,28,0,56,41,-0.5024346429515183,-1.5695555958631957
452,1570611600,711,718,7,1429,41,-0.4774488877032527,0.025896422311439217
452,1570626000,788,876,88,1664,41,-0.18832800554475043,0.29897087553142404
452,1570640400,725,1037,312,1762,41,0.6112161623997496,0.4128487326189071
452,1570654800,835,1623,788,2458,41,2.310247519281812,1.221613921730011
452,1570669200,265,352,87,617,41,-0.19189739915164553,-0.9176629649848488
452,1570683600,19,32,13,51,41,-0.45603252606188216,-1.575365690612557
452,1570698000,1023,850,-173,1873,41,-1.1199397369443689,0.5418328360547298
452,1570712400,996,961,-35,1957,41,-0.6273634191928464,0.639442427844001
452,1570726800,880,1179,299,2059,41,0.5648140455101135,0.7579683607309731
452,1570741200,1076,1880,804,2956,41,2.3673578169921337,1.8002993587664045
452,1570755600,313,522,209,835,41,0.24356862088955542,-0.6643428339126927
452,1570770000,24,42,18,66,41,-0.4381855580274067,-1.5579354063644728
452,1570784400,865,920,55,1785,41,-0.3061179945722884,0.43957516846596945
452,1570798800,937,1034,97,1971,41,-0.15620346308269462,0.6557106931422128
452,1570813200,976,1214,238,2190,41,0.347081035489513,0.9101928431642412
452,1570827600,979,1656,677,2635,41,1.914044828916457,1.427291275857404
452,1570842000,327,540,213,867,41,0.25784619531713576,-0.6271582275167799
452,1570856400,41,52,11,93,41,-0.46317131327567235,-1.5265608947179214
452,1570870800,199,329,130,528,41,-0.03841347405515667,-1.0210826515234814
452,1570885200,884,860,-24,1744,41,-0.5881000895170004,0.3919323915212061
452,1570899600,1033,1068,35,2101,41,-0.3775058667101902,0.8067731566256087
452,1570914000,996,864,-132,1860,41,-0.9735945990616701,0.5267265897063902
452,1570928400,418,528,110,946,41,-0.10980134619305847,-0.5353587304768701
452,1570942800,39,54,15,93,41,-0.44889373884809197,-1.5265608947179214
452,1570957200,202,194,-8,396,41,-0.530989791806679,-1.1744691529066218
452,1570971600,818,821,3,1639,41,-0.49172646213083304,0.2699204017846172
452,1570986000,1083,1083,0,2166,41,-0.5024346429515183,0.8823043883673066
452,1571000400,855,768,-87,1623,41,-0.8129718867513911,0.2513280985866607
452,1571014800,358,337,-21,695,41,-0.5773919086963152,-0.8270254868948114
452,1571029200,22,25,3,47,41,-0.49172646213083304,-1.5800137664120462
452,1571043600,652,619,-33,1271,41,-0.6202246319790563,-0.15770257176838037
452,1571058000,1084,952,-132,2036,41,-0.9735945990616701,0.7312419248839107
452,1571072400,861,976,115,1837,41,-0.09195437815858301,0.5000001538593278
452,1571086800,780,1425,645,2205,41,1.7998242334958146,0.9276231274123253
452,1571101200,231,312,81,543,42,-0.26416342804878734,-1.0498585072128517
452,1571115600,16,32,16,48,42,-0.46371134132305114,-1.577988548951024
452,1571130000,1001,858,-143,1859,42,-0.9518362368708657,0.35422055324661256
452,1571144400,903,972,69,1875,42,-0.30100304280711293,0.37129142328259385
452,1571158800,882,1162,280,2044,42,0.3467601833601127,0.5516024880376467
452,1571173200,1011,2065,1054,3076,42,2.722915335272116,1.6526736053584423
452,1571187600,450,443,-7,893,42,-0.5343206029431753,-0.6764332251757601
452,1571202000,24,24,0,48,42,-0.5128308276674853,-1.577988548951024
452,1571216400,993,950,-43,1943,42,-0.6448394472181521,0.4438426209355145
452,1571230800,1119,1079,-40,2198,42,-0.6356295435285707,0.715909612133967
452,1571245200,995,1260,265,2255,42,0.30071066491220566,0.7767245866371504
452,1571259600,949,2234,1285,3183,42,3.4320779193698843,1.7668350487240674
452,1571274000,435,495,60,930,42,-0.32863275387585716,-0.6369568382175533
452,1571288400,18,22,4,40,42,-0.5005509560813768,-1.5865239839690146
452,1571302800,977,899,-78,1876,42,-0.7522883235966019,0.3723583526598427
452,1571317200,1015,1035,20,2050,42,-0.4514314697369426,0.5580040643011397
452,1571331600,922,1166,244,2088,42,0.2362413390851358,0.5985473806365953
452,1571346000,1072,1973,901,3045,42,2.253210247103464,1.6195987946637285
452,1571360400,332,592,260,924,42,0.28536082542957,-0.6433584144810462
452,1571374800,20,32,12,52,42,-0.4759912129091597,-1.5737208314420286
452,1571389200,878,888,10,1766,42,-0.48213114870221396,0.25499612116247106
452,1571403600,953,976,23,1929,42,-0.4422215660473612,0.42890560965403085
452,1571418000,983,1362,379,2345,42,0.6506870051162992,0.8727482305895454
452,1571432400,1128,1806,678,2934,42,1.5686074061779127,1.501169633789108
452,1571446800,512,540,28,1052,42,-0.4268717265647255,-0.5067914541931957
452,1571461200,32,70,38,102,42,-0.3961720475994542,-1.520374362579587
452,1571475600,234,337,103,571,42,-0.19662413432519033,-1.0199844846498842
452,1571490000,971,919,-52,1890,42,-0.6724691582868964,0.38729536394132635
452,1571504400,1114,1100,-14,2214,42,-0.5558103782188653,0.7329804821699483
452,1571518800,1115,1018,-97,2133,42,-0.8106177136306175,0.6465592026127928
452,1571533200,592,486,-106,1078,42,-0.8382474246993618,-0.479051290384726
452,1571547600,56,74,18,130,42,-0.45757140552999687,-1.4905003400166197
452,1571562000,129,386,257,515,42,0.27615092173998856,-1.079732529775819
452,1571576400,813,899,86,1712,42,-0.24881358856615163,0.1973819347910341
452,1571590800,997,1185,188,2182,42,0.06432313687961622,0.6988387420979856
452,1571605200,644,756,112,1400,42,-0.16899442325644612,-0.13550003091060178
452,1571619600,270,257,-13,527,42,-0.5527404103223381,-1.066929377248833
452,1571634000,18,41,23,59,42,-0.4422215660473612,-1.5662523258012868
452,1571648400,981,871,-110,1852,42,-0.8505272962854703,0.3467520476058707
452,1571662800,870,976,106,1846,42,-0.1874142306356089,0.3403504713423777
452,1571677200,914,1073,159,1987,42,-0.024705932119670725,0.49078751353446315
452,1571691600,990,1950,960,2940,42,2.434338352998565,1.507571210052601
452,1571706000,296,400,104,696,43,-0.3185150732270638,-0.8233979119834286
452,1571720400,17,30,13,47,43,-0.6614346816422294,-1.508256336395863
452,1571734800,950,903,-47,1853,43,-0.8875355223555255,0.3975284316917433
452,1571749200,1001,998,-3,1999,43,-0.721728239165775,0.5515951958893017
452,1571763600,962,1195,233,2157,43,0.16760173430652262,0.718324981801728
452,1571778000,1011,2183,1172,3194,43,3.706079891469605,1.8126211083282218
452,1571792400,453,486,33,939,43,-0.5860677347377974,-0.5669717222573554
452,1571806800,28,39,11,67,43,-0.6689713763326727,-1.4871513002044165
452,1571821200,987,987,0,1974,43,-0.7104231971301103,0.5252139006499937
452,1571835600,1045,1108,63,2153,43,-0.4730173143811494,0.7141039745634387
452,1571850000,998,1238,240,2236,43,0.19398016572307383,0.8016898747579411
452,1571864400,1106,1929,823,3035,43,2.3909266679872667,1.644836070606223
452,1571878800,300,505,205,805,43,0.06208800864031781,-0.708375464740046
452,1571893200,21,29,8,50,43,-0.6802764183683374,-1.505090580967146
452,1571907600,975,875,-100,1850,43,-1.0872579316522701,0.39436267626302635
452,1571922000,1013,1098,85,2111,43,-0.39011367278627423,0.6697833985614013
452,1571936400,955,1206,251,2161,43,0.23543198652051142,0.7225459890400172
452,1571950800,1142,1969,827,3111,43,2.406000057368153,1.7250352081337192
452,1571965200,331,548,217,879,43,0.10730817678297702,-0.6302868308316945
452,1571979600,30,41,11,71,43,-0.6689713763326727,-1.4829302929661274
452,1571994000,896,916,20,1812,43,-0.6350562502256782,0.35426310749927825
452,1572008400,1015,1172,157,2187,43,-0.118792663930319,0.7499825360888975
452,1572022800,993,1273,280,2266,43,0.34471405953193784,0.8333474290451106
452,1572037200,1160,1773,613,2933,43,1.5995737254907307,1.5372003860298467
452,1572051600,516,550,34,1066,43,-0.5822993873925758,-0.432954742441671
452,1572066000,34,51,17,85,43,-0.646361292261343,-1.468156767632115
452,1572080400,149,290,141,439,43,-0.1790862214538646,-1.0945976270435143
452,1572094800,647,803,156,1450,43,-0.1225610112755406,-0.027738047565900863
452,1572109200,806,1086,280,1892,43,0.34471405953193784,0.43868325226506366
452,1572123600,915,1026,111,1941,43,-0.29213664181051263,0.49039059093410725
452,1572138000,437,547,110,984,43,-0.2959049891557342,-0.5194853908266011
452,1572152400,34,81,47,115,43,-0.5333108719046951,-1.4364992133449455
452,1572166800,85,214,129,299,43,-0.2243063895965238,-1.2423328803836389
452,1572181200,444,698,254,1142,43,0.2467370285561762,-0.3527556049141748
452,1572195600,632,826,194,1458,43,0.02063618784288021,-0.019296033089322318
452,1572210000,514,624,110,1138,43,-0.2959049891557342,-0.35697661215246407
452,1572224400,207,284,77,491,43,-0.42026045154804703,-1.0397245329457538
452,1572238800,24,29,5,53,43,-0.6915814604040023,-1.501924825538429
452,1572253200,975,896,-79,1871,43,-1.0081226374026167,0.416522964264045
452,1572267600,906,1021,115,1927,43,-0.2770632524296262,0.4756170656000948
452,1572282000,889,1136,247,2025,43,0.22035859713962502,0.5790317429381819
452,1572296400,1144,1898,754,3042,43,2.130910701166976,1.6522228332732294
452,1572310800,282,429,147,711,44,-0.1083983845282415,-0.8412922518521057
452,1572325200,18,28,10,46,44,-0.5391472136549691,-1.4987062911959956
452,1572339600,1018,889,-129,1907,44,-0.9761843468565394,0.34106442642652934
452,1572354000,1029,1128,99,2157,44,-0.2593176823244672,0.5882125615182173
452,1572368400,929,1216,287,2145,44,0.3317829007107502,0.5763494510338163
452,1572382800,1018,2230,1212,3248,44,3.240123535325517,1.6667670230583433
452,1572397200,301,503,202,804,44,0.0645299775299338,-0.7493531455979978
452,1572411600,22,34,12,56,44,-0.5328589095801264,-1.488820365792328
452,1572426000,983,1059,76,2042,44,-0.3316331791851587,0.47452441937604084
452,1572440400,1090,1154,64,2244,44,-0.36936300363421515,0.6742201125301247
452,1572454800,1013,1228,215,2241,44,0.10540395401641159,0.6712543349090244
452,1572469200,1036,2071,1035,3107,44,2.683608624701934,1.5273754748666315
452,1572483600,453,476,23,929,44,-0.49827323716849126,-0.6257790780521538
452,1572498000,19,31,12,50,44,-0.5328589095801264,-1.4947519210345286
452,1572512400,900,888,-12,1788,44,-0.6083185584782392,0.2234219141228859
452,1572526800,1029,1209,180,2238,44,-0.0046413672933363235,0.6682885572879241
452,1572541200,954,1257,303,2211,44,0.3820893333094921,0.6415965586980219
452,1572555600,976,1761,785,2737,44,1.8975706153465919,1.1615962349309332
452,1572570000,310,479,169,789,44,-0.039227039704971385,-0.7641820337034991
452,1572584400,23,52,29,75,44,-0.47940832494396307,-1.4700371075253598
452,1572598800,847,850,3,1697,44,-0.5611562779169187,0.13345999294951147
452,1572613200,1021,1011,-10,2032,44,-0.6020302544033964,0.4646384939723733
452,1572627600,1029,1354,325,2383,44,0.4512606781327622,0.8116344756411031
452,1572642000,1072,1894,822,2966,44,2.0139042407311827,1.3879839266749194
452,1572656400,440,564,124,1004,44,-0.180713881388933,-0.5516346375246475
452,1572670800,51,56,5,107,44,-0.5548679738420759,-1.4384021462336238
452,1572685200,156,332,176,488,44,-0.0172179754430218,-1.0617483883538914
452,1572699600,684,800,116,1484,44,-0.20586709768830394,-0.07711021814860664
452,1572714000,905,1178,273,2083,44,0.287764772186851,0.5150567135310776
452,1572728400,777,986,209,1763,44,0.08653904179188338,0.1987071006137171
452,1572742800,500,458,-42,958,44,-0.7026431196008802,-0.5971098943815181
452,1572753600,31,103,72,134,44,-0.3442097873348442,-1.4117101476437215
452,1572768000,111,157,46,268,44,-0.42595774030779976,-1.2792387472345768
452,1572782400,538,719,181,1257,44,-0.0014972152559149547,-0.30152072481185926
452,1572796800,1423,1585,162,3008,44,-0.06123610396692097,1.429504813370323
452,1572811200,1624,1200,-424,2824,44,-1.9037091978958434,1.2476037859428406
452,1572825600,530,375,-155,905,44,-1.0579322998294949,-0.6495052990209559
452,1572840000,39,30,-9,69,44,-0.5988861023659751,-1.4759686627675603
452,1572854400,389,522,133,911,44,-0.15241651305214068,-0.6435737437787553
452,1572868800,1394,1250,-144,2644,44,-1.02334662741786,1.0696571286768253
452,1572883200,803,947,144,1750,44,-0.11783084064050561,0.1858553975889493
452,1572897600,1224,2120,896,3344,44,2.246571491500364,1.7616719069335516
452,1572912000,388,679,291,1067,45,0.3759670657797374,-0.3968508789943463
452,1572926400,31,48,17,79,45,-0.59391165939247,-1.385250379309417
452,1572940800,371,543,172,914,45,-0.04525763602863009,-0.5499127449338259
452,1572955200,1394,1244,-150,2638,45,-1.1850421232748007,1.17478435885482
452,1572969600,843,1082,239,1925,45,0.1919024901996104,0.46149605548979417
452,1572984000,1190,1904,714,3094,45,1.8732615940565394,1.630968743615622
452,1572998400,442,688,246,1130,45,0.2166804138353967,-0.3338254047839723
452,1573012800,43,58,15,101,45,-0.6009910661455519,-1.3632414835534135
452,1573027200,397,549,152,946,45,-0.11605170355944815,-0.517899805652366
452,1573041600,1421,1293,-128,2714,45,-1.107168648990901,1.250815089648287
452,1573056000,822,1054,232,1876,45,0.16712456656382407,0.4124762422150589
452,1573070400,1269,2217,948,3486,45,2.701552184167111,2.0231272498135042
452,1573084800,572,757,185,1329,45,0.0007585078664016508,-0.1347449386273943
452,1573099200,63,52,-11,115,45,-0.6930233539356153,-1.349235822617775
452,1573113600,403,530,127,933,45,-0.20454428797297072,-0.5309050622354591
452,1573128000,1459,1157,-302,2616,45,-1.723077036509018,1.1527754630988163
452,1573142400,814,1055,241,1869,45,0.19898189695269222,0.40547341174723955
452,1573156800,1251,2337,1086,3588,45,3.1900312501297554,2.1251684937731574
452,1573171200,664,870,206,1534,45,0.07509227877376061,0.07033795364445744
452,1573185600,153,58,-95,211,45,-0.9903584375650512,-1.2531970047733956
452,1573200000,360,535,175,895,45,-0.03463852589900738,-0.5689204276321926
452,1573214400,1402,1334,-68,2736,45,-0.8947864463984467,1.2728239854042906
452,1573228800,953,1141,188,2094,45,0.01137761799602436,0.6305643910700036
452,1573243200,1214,1929,715,3143,45,1.8768012974330803,1.6799885568903572
452,1573257600,451,828,377,1279,45,0.680381556162255,-0.1847651562546752
452,1573272000,248,100,-148,348,45,-1.177962716521719,-1.1161416084746458
452,1573286400,67,205,138,272,45,-0.16560755083102077,-1.1921723392681127
452,1573300800,508,695,187,1203,45,0.007837914619483457,-0.2607958870481422
452,1573315200,854,811,-43,1665,45,-0.8062938619849243,0.20139092382793344
452,1573329600,789,991,202,1780,45,0.060933465267597,0.3164374243706795
452,1573344000,532,499,-33,1031,45,-0.7708968282195152,-0.43286543568598856
452,1573358400,80,91,11,171,45,-0.6151498796517154,-1.2932131788752201
452,1573372800,50,124,74,174,45,-0.39214856692963856,-1.2902119658175835
452,1573387200,445,597,152,1042,45,-0.11605170355944815,-0.42186098780798675
452,1573401600,725,960,235,1685,45,0.1777436766934468,0.2213990108788458
452,1573416000,634,878,244,1512,45,0.2096010070823149,0.04832905788845384
452,1573430400,284,355,71,639,45,-0.40276767705926125,-0.8250239418838708
452,1573444800,37,35,-2,72,45,-0.6611660235467471,-1.3922532097772364
452,1573459200,267,440,173,707,45,-0.04171793265208918,-0.7569964459107689
452,1573473600,1170,1188,18,2358,45,-0.5903719560159292,0.8946711401420469
452,1573488000,783,953,170,1736,45,-0.05233704278171189,0.2724196328586723
452,1573502400,1014,1754,740,2768,45,1.965293881846603,1.3048369246857503
452,1573516800,372,490,118,862,46,0.10615018145694988,-0.7348045132336047
452,1573531200,40,38,-2,78,46,-0.2795721794248291,-1.4674507815683855
452,1573545600,373,537,164,910,46,0.25401041979496514,-0.6899486192539243
452,1573560000,1399,1308,-91,2707,46,-0.5656495970788151,0.9893439116103628
452,1573574400,817,1102,285,1919,46,0.6429471336840923,0.25295965211060867
452,1573588800,1150,2185,1035,3335,46,3.053711889195211,1.576208524511182
452,1573603200,397,696,299,1093,46,0.6879480757869665,-0.5189355234563926
452,1573617600,42,46,4,88,46,-0.2602860613807402,-1.4581058036559522
452,1573632000,379,531,152,910,46,0.21543818370678725,-0.6899486192539243
452,1573646400,1444,1285,-159,2729,46,-0.78422560157849,1.0099028630177165
452,1573660800,809,988,179,1797,46,0.3022257149051875,0.13895092157892083
452,1573675200,1196,2138,942,3334,46,2.754777059511832,1.5752740267199388
452,1573689600,480,793,313,1273,46,0.7329490178898407,-0.3507259210325908
452,1573704000,243,280,37,523,46,-0.15421241213825093,-1.051599264465098
452,1573718400,472,503,31,975,46,-0.17349853018233988,-0.629206262823107
452,1573732800,1751,1212,-539,2963,46,-2.00567974437079,1.2285753461686586
452,1573747200,1206,1110,-96,2316,46,-0.5817213621155559,0.6239552752342158
452,1573761600,1456,1962,506,3418,46,1.3533191483080351,1.6537718411843796
452,1573776000,726,734,8,1460,46,-0.24742864935134753,-0.1759748340700857
452,1573790400,94,68,-26,162,46,-0.3567166516011849,-1.3889529671039447
452,1573804800,460,548,88,1008,46,0.009719591236505128,-0.5983678357120767
452,1573819200,1402,1314,-88,2716,46,-0.5560065380567707,0.9977543917315529
452,1573833600,1280,1090,-190,2370,46,-0.8838705448062828,0.6744181559613562
452,1573848000,1438,1989,551,3427,46,1.4979650336387023,1.6621823213055698
452,1573862400,935,776,-159,1711,46,-0.78422560157849,0.05858411153199333
452,1573876800,220,195,-25,415,46,-0.35350229859383675,-1.152525025919379
452,1573891200,129,231,102,360,46,0.05472053333937934,-1.2039224044377628
452,1573905600,779,853,74,1632,46,-0.035281350866369084,-0.01524121397623075
452,1573920000,1180,1207,27,2387,46,-0.18635594221173252,0.6903046184124931
452,1573934400,1464,1560,96,3024,46,0.03543441529529039,1.2855797114345024
452,1573948800,844,674,-170,1518,46,-0.8195834846593196,-0.12177396217797183
452,1573963200,170,131,-39,301,46,-0.39850324069671095,-1.2590577741211202
452,1573977600,89,104,15,193,46,-0.2249281782999104,-1.359983535575401
452,1573992000,576,615,39,1191,46,-0.14778370612355463,-0.427354739914545
452,1574006400,786,932,146,1718,46,0.1961520656626983,0.06512559607069673
452,1574020800,956,902,-54,1858,46,-0.4467185358069333,0.19595528684476474
452,1574035200,519,395,-124,914,46,-0.6717232463213044,-0.686210628088951
452,1574049600,55,23,-32,78,46,-0.37600276964527385,-1.4674507815683855
452,1574064000,522,504,-18,1026,46,-0.33100182754239965,-0.5815468754696965
452,1574078400,1559,1182,-377,2741,46,-1.4849545571803884,1.0211168365126364
452,1574092800,1260,950,-310,2210,46,-1.2695929056880617,0.5248985093624214
452,1574107200,1361,2218,857,3579,46,2.4815570538872387,1.8042259855745577
452,1574121600,611,718,107,1329,47,-0.007462363505582553,-0.21548697912859718
452,1574136000,74,32,-42,106,47,-0.5568679025401206,-1.3712460028228142
452,1574150400,532,520,-12,1052,47,-0.44624933763383784,-0.4772574203087265
452,1574164800,1559,1277,-282,2836,47,-1.4418164217903835,1.2086576232484962
452,1574179200,1210,1107,-103,2317,47,-0.7817923178495625,0.7181924284019723
452,1574193600,1581,2240,659,3821,47,2.027919230770022,2.139501971849317
452,1574208000,756,737,-19,1493,47,-0.4720603361119705,-0.060503757635668634
452,1574222400,107,45,-62,152,47,-0.6306136124776426,-1.3277750992333344
452,1574236800,529,532,3,1061,47,-0.3909400551806964,-0.4687522435194804
452,1574251200,1413,1320,-93,2733,47,-0.7449194628808016,1.111320599993791
452,1574265600,1163,969,-194,2132,47,-1.117335298065287,0.543363794400803
452,1574280000,1553,2021,468,3574,47,1.3236477008666878,1.9060821199666746
452,1574294400,664,767,103,1431,47,-0.022211505493086932,-0.11909497551714161
452,1574308800,100,57,-43,157,47,-0.5605551880369968,-1.3230500010170865
452,1574323200,523,493,-30,1016,47,-0.5126204765776076,-0.5112781274657108
452,1574337600,1527,1213,-314,2740,47,-1.5598095576904185,1.117935737496538
452,1574352000,1008,933,-75,1941,47,-0.6785483239370318,0.36286504254013613
452,1574366400,1288,2205,917,3493,47,2.9792388889640544,1.8295355288634598
452,1574380800,784,928,144,1712,47,0.12896719987883296,0.14645554423598595
452,1574395200,83,72,-11,155,47,-0.44256205213696176,-1.3249400403035856
452,1574409600,403,560,157,963,47,0.1769019113382222,-0.5613641685579377
452,1574424000,1381,1290,-91,2671,47,-0.7375448918870493,1.052729382112318
452,1574438400,983,1134,151,2117,47,0.15477819835696563,0.5291884997520595
452,1574452800,1175,2065,890,3240,47,2.8796821805483996,1.59044555912132
452,1574467200,641,720,79,1361,47,-0.11070635741811322,-0.1852463505446111
452,1574481600,91,110,19,201,47,-0.3319434872306789,-1.2814691367141056
452,1574496000,88,194,106,282,47,-0.011149649002458647,-1.204922545610891
452,1574510400,481,658,177,1139,47,0.2506476212757441,-0.3950407113460144
452,1574524800,816,885,69,1701,47,-0.14757921238687416,0.13606032816024075
452,1574539200,870,1023,153,1893,47,0.16215276935071782,0.31750409966415705
452,1574553600,556,562,6,1118,47,-0.3798781986900681,-0.4148861238542552
452,1574568000,74,101,27,175,47,-0.30244520325567015,-1.3060396474385942
452,1574582400,47,128,81,175,47,-0.10333178642436103,-1.3060396474385942
452,1574596800,350,575,225,925,47,0.42763732512579666,-0.5972749150014212
452,1574611200,645,884,239,1529,47,0.47925932208206196,-0.02648305047868432
452,1574625600,556,849,293,1405,47,0.6783727389133711,-0.14366548624163028
452,1574640000,460,361,-99,821,47,-0.7670431758620581,-0.6955569578993758
452,1574654400,40,35,-5,75,47,-0.42043833915570517,-1.4005416117635507
452,1574668800,359,521,162,880,47,0.19533833882260265,-0.6398007989476515
452,1574683200,1352,1234,-118,2586,47,-0.8371016003027039,0.9724027124361051
452,1574697600,804,967,163,1771,47,0.19902562431947876,0.20221170318771023
452,1574712000,1171,1945,774,3116,47,2.4519570629107728,1.4732631233583742
452,1574726400,421,689,268,1110,48,0.3729244914091662,-0.03394630266954725
452,1574740800,34,45,11,79,48,-0.6591788280405447,-1.1646310782135274
452,1574755200,382,562,180,944,48,0.01951946373766987,-0.21599642171930547
452,1574769600,1365,1337,-28,2702,48,-0.8158015107585943,1.7119801402654833
452,1574784000,880,1105,225,1985,48,0.20023794379695778,0.9256552284662265
452,1574798400,1180,2057,877,3237,48,2.818647921544863,2.2987079335884992
452,1574812800,651,587,-64,1238,48,-0.9603762948060246,0.10642969274231451
452,1574827200,46,51,5,97,48,-0.6832746253817832,-1.1448907038587344
452,1574841600,285,536,251,821,48,0.3046530656089908,-0.35088897981039135
452,1574856000,1049,1224,175,2273,48,-0.0005603673800287865,1.2415012181429155
452,1574870400,1099,1794,695,2893,48,2.087742068860632,1.9214474459191209
452,1574884800,1351,2142,791,3493,48,2.473274826320446,2.5794599244122227
452,1574899200,671,466,-205,1137,48,-1.5266275323251266,-0.0043357411373576606
452,1574913600,59,65,6,124,48,-0.6792586591582435,-1.1152801423265448
452,1574928000,82,333,251,415,48,0.3046530656089908,-0.7961440902573904
452,1574942400,571,727,156,1298,48,-0.07686372562728369,0.1722309405916247
452,1574956800,596,571,-25,1167,48,-0.8037536120879751,0.02856488278729744
452,1574971200,300,360,60,660,48,-0.4623964830870979,-0.5274556615393737
452,1574985600,209,382,173,591,48,-0.00859229982710825,-0.6031270965660804
452,1575000000,33,37,4,70,48,-0.6872905916053229,-1.174501265390924
452,1575014400,77,250,173,327,48,-0.00859229982710825,-0.8926525871030453
452,1575028800,418,656,238,1074,48,0.2524455047029743,-0.07342705137913337
452,1575043200,660,821,161,1481,48,-0.05678389450958503,0.3729247465320208
452,1575057600,708,1052,344,1760,48,0.6781379243981859,0.6789005490313132
452,1575072000,492,399,-93,891,48,-1.0768393152886768,-0.27412085731952945
452,1575086400,51,60,9,111,48,-0.6672107604876242,-1.1295370793605621
452,1575100800,40,168,128,208,48,-0.18931077988639616,-1.0231583953375105
452,1575115200,360,583,223,943,48,0.19220601134987833,-0.21709310918346064
452,1575129600,647,786,139,1433,48,-0.1451351514274591,0.32028374825257266
452,1575144000,676,874,198,1550,48,0.09180685576138505,0.44859618155872755
452,1575158400,469,496,27,965,48,-0.594923368463909,-0.1929659849720469
452,1575172800,60,65,5,125,48,-0.6832746253817832,-1.1141834548623897
452,1575187200,46,113,67,159,48,-0.4342847195223198,-1.076896081081114
452,1575201600,295,535,240,830,48,0.2604774371500538,-0.34101879263299484
452,1575216000,544,719,175,1263,48,-0.0005603673800287865,0.13384687934619377
452,1575230400,416,620,204,1036,48,0.11590265310262343,-0.11510117501702982
452,1575244800,218,276,58,494,48,-0.47042841553417736,-0.7095057805891319
452,1575259200,31,28,-3,59,48,-0.715402355170101,-1.186564827496631
452,1575273600,336,449,113,785,48,-0.24955027323949214,-0.3903697285199775
452,1575275347,246,154,-92,400,48,-1.072823349065137,-0.8125944022197179
452,1575288000,1000,1032,32,2032,48,-0.5748435373462104,0.9771995392815195
452,1575302400,692,1054,362,1746,48,0.750425316421901,0.6635469245331409
452,1575316800,1019,2036,1017,3055,48,3.3808831928404253,2.099110815112258
452,1575331200,584,556,-28,1140,49,-0.7754373445485218,-0.39540851994715864
452,1575345600,32,34,2,66,49,-0.6832887965780288,-1.4040658471979888
452,1575360000,395,566,171,961,49,-0.1641853096775848,-0.5635180744889636
452,1575374400,1537,1297,-240,2834,49,-1.426620416873339,1.1955277113032194
452,1575388800,773,1019,246,1792,49,0.06618606024864772,0.21692348877494674
452,1575403200,1183,2375,1192,3558,49,2.9719369395848605,1.875479205651079
452,1575417600,694,799,105,1493,49,-0.3669121152126694,-0.06388520847644821
452,1575432000,43,35,-8,78,49,-0.7140049792348597,-1.3927959329270296
452,1575446400,393,518,125,911,49,-0.3054797498990074,-0.6104760506179595
452,1575460800,1465,1391,-74,2856,49,-0.9167317847699443,1.2161892207999776
452,1575475200,792,1085,293,1877,49,0.21055211873575344,0.2967520481942396
452,1575489600,1256,2116,860,3372,49,1.9521596753780712,1.7007955344512145
452,1575504000,420,844,424,1264,49,0.6129341115402396,-0.27895273914724905
452,1575518400,50,55,5,105,49,-0.6740739417809795,-1.367438625817372
452,1575532800,393,545,152,938,49,-0.2225460567255637,-0.5851187435083017
452,1575547200,1480,1355,-125,2835,49,-1.0733843163197825,1.1964668708257995
452,1575561600,899,1205,306,2104,49,0.25048315618963374,0.5099412598198806
452,1575576000,1262,2258,996,3520,49,2.369899759510973,1.839791143793042
452,1575590400,719,911,192,1630,49,-0.0996813260982397,0.06477964611700031
452,1575604800,69,117,48,186,49,-0.5419943563566061,-1.2913667044883987
452,1575619200,358,549,191,907,49,-0.1027529443639228,-0.6142326887082792
452,1575633600,1368,1250,-118,2618,49,-1.0518829884600007,0.9926692544259575
452,1575648000,884,1224,340,2108,49,0.3549181772228591,0.5136978979102003
452,1575662400,1261,2204,943,3465,49,2.2071039914297685,1.7881373700511467
452,1575676800,644,762,118,1406,49,-0.3269810777587891,-0.14559208694090092
452,1575691200,82,144,62,226,49,-0.49899170063704273,-1.2538003235852022
452,1575705600,68,209,141,277,49,-0.2563338576480778,-1.2059031879336264
452,1575720000,573,788,215,1361,49,-0.029034105987528386,-0.18785426545699715
452,1575734400,920,1087,167,2007,49,-0.1764717827403172,0.4188427861296287
452,1575748800,991,1180,189,2171,49,-0.10889618089528899,0.572864947832735
452,1575763200,500,689,189,1189,49,-0.10889618089528899,-0.34938970334074276
452,1575777600,100,163,63,263,49,-0.49592008237135965,-1.2190514212497452
452,1575792000,58,141,83,199,49,-0.4344877170576976,-1.2791576306948598
452,1575806400,454,645,191,1099,49,-0.1027529443639228,-0.43391406037293523
452,1575820800,813,971,158,1784,49,-0.2041163471314651,0.20941021259430742
452,1575835200,693,971,278,1664,49,0.16447784475050692,0.09671106988471746
452,1575849600,281,394,113,675,49,-0.34233916908720463,-0.8321176979468197
452,1575864000,31,37,6,68,49,-0.6710023235152963,-1.4021875281528289
452,1575878400,341,469,128,810,49,-0.2962648951019581,-0.705331162398531
452,1575892800,1331,1212,-119,2543,49,-1.0549546067256839,0.9222322902324639
452,1575907200,775,1099,324,1874,49,0.30577228497192954,0.2939345696264999
452,1575921600,1103,2226,1123,3329,49,2.7599952792527267,1.660411674980278
452,1575936000,499,656,157,1155,50,-0.038870604404241615,-0.4278063730219421
452,1575950400,237,270,33,507,50,-0.484769520125146,-1.0720012523051763
452,1575964800,397,524,127,921,50,-0.14674937433671847,-0.660432301651999
452,1575979200,1540,1238,-302,2778,50,-1.6894157843711377,1.185663208886529
452,1575993600,911,986,75,1897,50,-0.3337392422196784,0.3098365288733664
452,1576008000,1550,2001,451,3551,50,1.0183413409340316,1.9541240756858194
452,1576022400,815,823,8,1638,50,-0.5746684950688767,0.05235740274009834
452,1576036800,191,173,-18,364,50,-0.6681634290103566,-1.2141615420235445
452,1576051200,371,503,132,874,50,-0.12876957934797234,-0.7071563129580359
452,1576065600,1433,1252,-181,2685,50,-1.254304745643481,1.0932093141745833
452,1576080000,843,1034,191,1877,50,0.08339200151923216,0.28995397087079744
452,1576094400,1153,1822,669,2975,50,1.8022604024433635,1.3815064052118333
452,1576108800,562,478,-84,1040,50,-0.9054967228618058,-0.5421310815367136
452,1576123200,206,562,356,768,50,0.676725236147855,-0.8125338703716515
452,1576137600,372,493,121,865,50,-0.16832512832321386,-0.716103464059192
452,1576152000,1511,1332,-179,2843,50,-1.2471128276479826,1.2502815223948782
452,1576166400,913,1125,212,2038,50,0.15890714047196597,0.45000856279147755
452,1576180800,1269,2173,904,3442,50,2.647310766914432,1.8457641345718185
452,1576195200,603,912,309,1515,50,0.5077151632536412,-0.06992032897570077
452,1576209600,60,79,19,139,50,-0.5351129460936352,-1.4378403195524452
452,1576224000,351,536,185,887,50,0.0618162475327368,-0.6942326502563662
452,1576238400,1365,1268,-97,2633,50,-0.9522441898325458,1.0415146633679042
452,1576252800,894,1245,351,2139,50,0.6587454411591088,0.5504154807044508
452,1576267200,1234,2177,943,3411,50,2.787553167826652,1.8149461696678366
452,1576281600,760,826,66,1586,50,-0.3661028731994215,0.0006627519334190407
452,1576296000,80,151,71,231,50,-0.3481230782106753,-1.346380552740628
452,1576310400,74,201,127,275,50,-0.14674937433671847,-1.3026389251349764
452,1576324800,491,814,323,1305,50,0.5580585892221304,-0.27868718800267483
452,1576339200,925,1110,185,2035,50,0.0618162475327368,0.4470261790910922
452,1576353600,1016,1147,131,2163,50,-0.13236553834572157,0.5742745503075336
452,1576368000,616,658,42,1274,50,-0.452405889145403,-0.30950515290665676
452,1576382400,109,135,26,244,50,-0.5099412331093907,-1.3334568900389583
452,1576396800,53,138,85,191,50,-0.2977796522421861,-1.386145668745766
452,1576411200,441,635,194,1076,50,0.09417987851247986,-0.5063424771320895
452,1576425600,925,1099,174,2024,50,0.022260698557495275,0.4360907721896793
452,1576440000,759,925,166,1684,50,-0.006506973424498556,0.09808728614600695
452,1576454400,328,461,133,789,50,-0.1251736203502231,-0.7916571844689541
452,1576468800,45,25,-20,70,50,-0.6753553470058551,-1.5064351446613082
452,1576483200,341,544,203,885,50,0.12654350949222293,-0.696220906056623
452,1576497600,1449,1140,-309,2589,50,-1.7145874973553823,0.9977730357622524
452,1576512000,882,1000,118,1882,50,-0.17911300531646154,0.29492461037143963
452,1576526400,1194,2145,951,3339,50,2.816320839808646,1.7433689608585885
452,1576540800,388,796,408,1184,51,0.8956442880776593,-0.2297729547288878
452,1576555200,39,48,9,87,51,-0.7322523474543814,-1.378238903544117
452,1576569600,366,543,177,909,51,-0.046822185125101085,-0.5176746283152033
452,1576584000,1394,1274,-120,2668,51,-1.2585647935286501,1.323849167460538
452,1576598400,786,1138,352,1924,51,0.6671675673012325,0.5449442760124701
452,1576612800,1151,2183,1032,3334,51,3.441527748157843,2.02109467512776
452,1576627200,608,775,167,1383,51,-0.08762159954946301,-0.0214368345700632
452,1576641600,44,55,11,99,51,-0.724092464569509,-1.3656759214239869
452,1576656000,373,545,172,918,51,-0.06722189233728204,-0.5082523917251056
452,1576670400,1539,1319,-220,2858,51,-1.6665589377722694,1.522763051029265
452,1576684800,884,1204,320,2088,51,0.5366094411432744,0.7166383649875818
452,1576699200,1241,2140,899,3381,51,2.89889553631383,2.070299688431603
452,1576713600,619,777,158,1396,51,-0.12434107253138874,-0.007826937273255561
452,1576728000,41,51,10,92,51,-0.7281724060119452,-1.3730043276607293
452,1576742400,302,503,201,805,51,0.05109640949336753,-0.6265538066896643
452,1576756800,1213,1161,-52,2374,51,-0.981128775442989,1.0160561055173498
452,1576771200,829,1076,247,1905,51,0.23877371584543236,0.5250528876555973
452,1576785600,1238,1940,702,3178,51,2.0951470721538996,1.8577759075660683
452,1576800000,607,807,200,1414,51,0.047016468050931334,0.01101753590693963
452,1576814400,85,81,-4,166,51,-0.7852915862060519,-1.2955326045865936
452,1576828800,265,493,228,758,51,0.1612548284391447,-0.6757588199935073
452,1576843200,1148,1218,70,2366,51,-0.48337591946577363,1.0076807841039297
452,1576857600,903,1246,343,2149,51,0.6304480943193068,0.78050019076491
452,1576872000,1131,1667,536,2798,51,1.417876792709492,1.4599481404286143
452,1576886400,606,482,-124,1088,51,-1.2748845592983948,-0.33027681168992884
452,1576900800,80,108,28,188,51,-0.6547334600480937,-1.2725004706996883
452,1576915200,63,173,110,236,51,-0.320178261768326,-1.2222485422191678
452,1576929600,464,663,199,1127,51,0.042936526608495146,-0.28944711979950594
452,1576944000,711,895,184,1606,51,-0.01826259502804774,0.21202524982902166
452,1576958400,785,1046,261,1831,51,0.29589289603953906,0.4475811645814616
452,1576972800,514,506,-8,1020,51,-0.8016113519757967,-0.40146704370399955
452,1576987200,98,108,10,206,51,-0.7281724060119452,-1.2536559975194932
452,1577001600,50,126,76,176,51,-0.45889627081115647,-1.2850634528198186
452,1577016000,451,631,180,1082,51,-0.034582360797792505,-0.3365583027499939
452,1577030400,733,918,185,1651,51,-0.014182653585611547,0.25913643277950965
452,1577044800,656,835,179,1491,51,-0.0386623022402287,0.09163000451110795
452,1577059200,274,385,111,659,51,-0.31609832032588975,-0.7794034224845808
452,1577073600,54,29,-25,83,51,-0.8709703564972119,-1.382426564250827
452,1577088000,146,372,226,518,51,0.15309494555427233,-0.9270184623961099
452,1577102400,833,1019,186,1852,51,-0.010102712143175355,0.46956638329168926
452,1577116800,880,856,-24,1736,51,-0.8668904150547757,0.34812422279709804
452,1577131200,923,1239,316,2162,51,0.5202896753735297,0.7941100880617176
452,1577145600,344,410,66,754,52,-0.4936993960773085,-0.14121868415488634
452,1577160000,42,55,13,97,52,-1.0355334183467964,-1.2630001510336
452,1577174400,111,351,240,462,52,1.2851519223168588,-0.6397882249898702
452,1577188800,585,751,166,1336,52,0.5286289478273855,0.8525055376463486
452,1577203200,788,816,28,1604,52,-0.8821841667610921,1.3100967600565394
452,1577217600,595,624,29,1219,52,-0.8719608833220452,0.6527362353254819
452,1577232000,226,292,66,518,52,-0.4936993960773085,-0.5441721486653528
452,1577246400,50,48,-2,98,52,-1.1888826699325004,-1.2612927210992337
452,1577260800,38,119,81,157,52,-0.3403501444916044,-1.160554354971617
452,1577275200,199,276,77,475,52,-0.38124327824779214,-0.6175916358431073
452,1577289600,374,358,-16,732,52,-1.3320086380791576,-0.17878214271094678
452,1577304000,293,394,101,687,52,-0.13588447571066561,-0.255616489757434
452,1577318400,215,298,83,513,52,-0.3199035776135105,-0.5527092983371846
452,1577332800,35,34,-1,69,52,-1.1786593864934534,-1.3108081891958587
452,1577347200,102,338,236,440,52,1.244258788560671,-0.6773516835459307
452,1577361600,549,811,262,1360,52,1.5100641579758913,0.8934838560711419
452,1577376000,622,815,193,1437,52,0.8046576006816528,1.0249559610173533
452,1577390400,756,1049,293,1805,52,1.8269859445863466,1.6532901768641823
452,1577404800,307,385,78,692,52,-0.3710199948087452,-0.2470793400856021
452,1577419200,40,59,19,99,52,-0.9741937177125146,-1.2595852911648673
452,1577433600,103,387,284,490,52,1.734976393634924,-0.5919801868276114
452,1577448000,639,890,251,1529,52,1.397608040146375,1.1820395149790606
452,1577462400,783,902,119,1685,52,0.04813462619217929,1.4483985847402163
452,1577476800,873,950,77,1823,52,-0.38124327824779214,1.6840239156827772
