remote_unit_id,time_stamp,entries,exits,num_people_exited,sum_exit_entry,week_num,z_score_num_people_exited,z_score_sum_exit_entry
49,1546311600,119,180,61,299,1,-0.43849005116598994,-0.6994165564580856
49,1546326000,34,49,15,83,1,-0.5937049245358493,-1.103666492759548
49,1546340400,110,159,49,269,1,-0.4789808876972576,-0.7555623809443999
49,1546354800,242,308,66,550,1,-0.42161886927796177,-0.22966315825592332
49,1546369200,330,484,154,814,1,-0.12468606804866554,0.2644200972236418
49,1546383600,205,279,74,484,1,-0.3946249782571166,-0.3531839721258146
49,1546398000,40,56,16,96,1,-0.5903306881582436,-1.0793366354821452
49,1546412400,20,185,165,205,1,-0.08756946789500351,-0.8753401398485369
49,1546426800,264,1203,939,1467,1,2.524089488371761,1.4865275435424146
49,1546441200,294,545,251,839,1,0.2026148605790814,0.31120828429557035
49,1546455600,715,928,213,1643,1,0.07439387823006714,1.8159163805287915
49,1546470000,358,337,-21,695,1,-0.7151774341296523,0.041708326761262085
49,1546484400,72,61,-11,133,1,-0.681435070353596,-1.010090118615691
49,1546498800,23,165,142,188,1,-0.1651769045799332,-0.9071561070574482
49,1546513200,252,1337,1085,1589,1,3.016727999502184,1.714853896453426
49,1546527600,300,678,378,978,1,0.6311428805349976,0.5713506044154929
49,1546542000,772,1023,251,1795,1,0.2026148605790814,2.1003885579261166
49,1546556400,443,356,-87,799,1,-0.9378770350516245,0.2363471849804847
49,1546570800,71,48,-23,119,1,-0.7219259068848636,-1.036291503375971
49,1546585200,24,173,149,197,1,-0.14155724993669375,-0.890312359711554
49,1546599600,240,1313,1073,1553,1,2.9762371629709166,1.6474789070698488
49,1546614000,336,693,357,1029,1,0.5602839166052791,0.666798506042227
49,1546628400,838,951,113,1789,1,-0.26302975953049673,2.089159393028854
49,1546642800,401,409,8,810,1,-0.6173245791790888,0.25693398729213324
49,1546657200,110,85,-25,195,1,-0.7286743796400749,-0.8940554146773082
49,1546671600,19,93,74,112,1,-0.3946249782571166,-1.049392195756111
49,1546686000,88,233,145,321,1,-0.1550541954471163,-0.6582429518347885
49,1546700400,228,408,180,636,1,-0.03695592223091894,-0.06871179472848922
49,1546714800,344,476,132,820,1,-0.19891926835598958,0.2756492621209047
49,1546729200,227,296,69,523,1,-0.41149616014514484,-0.2801944002936061
49,1546743600,75,82,7,157,1,-0.6206988155566945,-0.9651734590266395
49,1546758000,17,62,45,79,1,-0.4924778332076802,-1.1111526026910565
49,1546772400,94,161,67,255,1,-0.41824463290035613,-0.7817637657046798
49,1546786800,242,339,97,581,1,-0.3170175415721869,-0.17164580628673196
49,1546801200,266,347,81,613,1,-0.37100532361387717,-0.11175692683466346
49,1546815600,171,526,355,697,1,0.5535354438500678,0.04545138172701636
49,1546830000,37,30,-7,67,1,-0.6679381248431734,-1.1336109324855823
49,1546844400,20,161,141,181,1,-0.16855114095753884,-0.9202567994375882
49,1546858800,241,1293,1052,1534,1,2.905378199041198,1.611919884895183
49,1546873200,271,543,272,814,1,0.2734738245087998,0.2644200972236418
49,1546887600,784,781,-3,1565,1,-0.6544411793327508,1.6699372368643743
49,1546902000,380,301,-79,681,1,-0.9108831440307794,0.015506942000982113
49,1546916400,65,35,-30,100,2,-0.6401339951219396,-1.1234898821075137
49,1546930800,17,169,152,186,2,-0.11358882577812099,-0.9686676527315898
49,1546945200,282,1359,1077,1641,2,2.562533600831946,1.6507084372913075
49,1546959600,306,555,249,861,2,0.16704239085017794,0.24650682202130067
49,1546974000,752,826,74,1578,2,-0.3392510412111861,1.5372921529810377
49,1546988400,363,261,-102,624,2,-0.8484375785986151,-0.18015443800304756
49,1547002800,80,39,-41,119,2,-0.6719581537086539,-1.0892849709663213
49,1547017200,23,150,127,173,2,-0.18591645892974443,-0.9920710129860899
49,1547031600,258,1363,1105,1621,2,2.6435405499617644,1.6147032676689996
49,1547046000,299,652,353,951,2,0.46792534476093145,0.40853008532168605
49,1547060400,744,834,90,1578,2,-0.29296135599414713,1.5372921529810377
49,1547074800,431,337,-94,768,2,-0.8252927359900956,0.0790827832775691
49,1547089200,63,38,-25,101,2,-0.625668468491615,-1.1216896236263982
49,1547103600,29,187,158,216,2,-0.09623019382173137,-0.914659898298128
49,1547118000,263,1282,1019,1545,2,2.3947334919201797,1.4778836231042298
49,1547132400,285,645,360,930,2,0.488177082043386,0.3707246572182628
49,1547146800,777,863,86,1640,2,-0.30453377729840686,1.648908178810192
49,1547161200,448,265,-183,713,2,-1.082779110009875,-0.01993143318377754
49,1547175600,83,39,-44,122,2,-0.6806374696868487,-1.083884195522975
49,1547190000,27,162,135,189,2,-0.16277161632122492,-0.9632668772882437
49,1547204400,264,1265,1001,1529,2,2.3426575960510108,1.4490794874063835
49,1547218800,332,716,384,1048,2,0.5576116098689445,0.5831551579898793
49,1547233200,829,854,25,1683,2,-0.481013202188368,1.726319293498154
49,1547247600,367,328,-39,695,2,-0.666171943056524,-0.05233608584385462
49,1547262000,114,59,-55,173,2,-0.7124616282735631,-0.9920710129860899
49,1547276400,30,110,80,140,2,-0.3218924092547965,-1.051479542862898
49,1547290800,124,337,213,461,2,0.0628905991118402,-0.47359657042485664
49,1547305200,286,441,155,727,2,-0.10490950979992618,0.005272185551837967
49,1547319600,357,410,53,767,2,-0.4000062530585498,0.0772825247964537
49,1547334000,261,224,-37,485,2,-0.6603857324043941,-0.43039036687808724
49,1547348400,82,74,-8,156,2,-0.576485677948511,-1.0226754071650517
49,1547362800,16,79,63,95,2,-0.37107519979790043,-1.1324911745130906
49,1547377200,108,273,165,381,2,-0.0759784565392768,-0.6176172489140881
49,1547391600,291,415,124,706,2,-0.19459577490793922,-0.032533242551585295
49,1547406000,314,315,1,629,2,-0.5504477300139266,-0.17115314559747058
49,1547420400,127,119,-8,246,2,-0.576485677948511,-0.8606521438646663
49,1547434800,34,22,-12,56,2,-0.5880580992527707,-1.202701255276591
49,1547449200,25,186,161,211,2,-0.08755087784353655,-0.923661190703705
49,1547463600,237,1349,1112,1586,2,2.6637922872442186,1.551694220829961
49,1547478000,290,603,313,893,2,0.35220113171833395,0.3041150934169933
49,1547492400,736,737,1,1473,2,-0.5504477300139266,1.3482650124639215
49,1547506800,370,245,-125,615,2,-0.9149790010981087,-0.19635676433308608
49,1547521200,66,19,-47,85,3,-0.7064266574961372,-1.062063487107973
49,1547535600,20,179,159,199,3,-0.022244793063512777,-0.8470541861331947
49,1547550000,268,1278,1010,1546,3,2.8041569867042706,1.6934504490687923
49,1547564400,301,624,323,925,3,0.5224436815333339,0.5222155727061836
49,1547578800,791,796,5,1587,3,-0.533720555794698,1.7707783555597214
49,1547593200,433,280,-153,713,3,-1.058481403272148,0.1223737147530869
49,1547607600,73,28,-45,101,3,-0.699784115123005,-1.031886743111513
49,1547622000,18,178,160,196,3,-0.01892352187694664,-0.852712325632531
49,1547636400,269,1362,1093,1631,3,3.07982249518926,1.8537644015499868
49,1547650800,318,636,318,954,3,0.5058373256005032,0.5769109211997676
49,1547665200,789,906,117,1695,3,-0.16173818289929057,1.9744713775358271
49,1547679600,461,290,-171,751,3,-1.1182642846303383,0.1940434817446797
49,1547694000,86,33,-53,119,3,-0.7263542846155341,-0.9979379061154954
49,1547708400,28,212,184,240,3,0.06078698660064068,-0.7697262796422656
49,1547722800,297,1272,975,1569,3,2.687912495174456,1.7368295185637037
49,1547737200,314,630,316,944,3,0.49919478322737093,0.55805045620198
49,1547751600,785,918,133,1703,3,-0.10859784391423237,1.9895597495340573
49,1547766000,483,291,-192,774,3,-1.1880109795482272,0.23742255123959113
49,1547780400,75,24,-51,99,3,-0.7197117422424018,-1.0356588361110706
49,1547794800,21,174,153,195,3,-0.042172420182909606,-0.8545983721323097
49,1547797305,14,77,63,91,3,-0.34108682697386206,-1.0507472081093006
49,1547809200,259,1239,980,1498,3,2.7045188511072866,1.602920217079412
49,1547823600,335,638,303,973,3,0.4560182578020111,0.612745804695564
49,1547838000,754,812,58,1566,3,-0.3576931829066927,1.7311713790643675
49,1547852400,381,287,-94,668,3,-0.8625264032647457,0.037501622263042794
49,1547866800,100,68,-32,168,3,-0.6566075896976452,-0.9055216276263361
49,1547881200,15,96,81,111,3,-0.28130394561567157,-1.0130262781137254
49,1547895600,148,356,208,504,3,0.14049749507822798,-0.2718100037006735
49,1547910000,297,353,56,650,3,-0.364335725279825,0.003552785267025152
49,1547924400,321,497,176,818,3,0.03421681710811157,0.3204085972298565
49,1547938800,203,248,45,451,3,-0.40086970833205254,-0.37177046818894766
49,1547953200,71,53,-18,124,3,-0.6101097930857192,-0.9885076736166015
49,1547967600,18,64,46,82,3,-0.3975484371454864,-1.0677216266073093
49,1547982000,105,217,112,322,3,-0.17834453883212126,-0.6150704666604074
49,1547996400,228,339,111,567,3,-0.1816658100186874,-0.15298907421461175
49,1548010800,241,343,102,584,3,-0.21155725069778264,-0.12092628371837287
49,1548025200,156,202,46,358,3,-0.3975484371454864,-0.5471727926683722
49,1548039600,46,38,-8,84,3,-0.5768970812200579,-1.0639495336077518
49,1548054000,14,94,80,108,3,-0.2846252168022377,-1.0186844176130616
49,1548068400,137,490,353,627,3,0.6220818171303181,-0.03982628422788628
49,1548082800,180,376,196,556,3,0.10064224083943434,-0.1737355857121781
49,1548097200,277,337,60,614,3,-0.35105064053356044,-0.06434488872501014
49,1548111600,176,143,-33,319,3,-0.6599288608842113,-0.6207286061597437
49,1548126000,43,16,-27,59,4,-0.6072442921643856,-1.1555753481597486
49,1548140400,23,174,151,197,4,-0.10656048173389895,-0.9112082865446974
49,1548154800,259,1275,1016,1534,4,2.3265378105266117,1.4563189698272103
49,1548169200,289,650,361,939,4,0.48413390135824813,0.4027073635884032
49,1548183600,727,806,79,1533,4,-0.3090842702226351,1.4545481940184057
49,1548198000,375,293,-82,668,4,-0.7619499639266146,-0.07717288059767535
49,1548212400,65,39,-26,104,4,-0.6044314617687087,-1.0758904367635362
49,1548226800,20,178,158,198,4,-0.08687066896416072,-0.9094375107358927
49,1548241200,247,1377,1130,1624,4,2.6472004756337775,1.615688792619635
49,1548255600,303,658,355,961,4,0.4672569189841868,0.441664431382107
49,1548270000,794,846,52,1640,4,-0.3850306909059112,1.6440212055605103
49,1548284400,441,315,-126,756,4,-0.8857145013363978,0.07865539057713983
49,1548298800,81,47,-34,128,4,-0.6269341049341238,-1.033391817352223
49,1548313200,22,169,147,191,4,-0.11781180331660653,-0.9218329413975258
49,1548327600,253,1390,1137,1643,4,2.6668902884035153,1.6493335329869245
49,1548342000,261,687,426,948,4,0.666967877077246,0.41864434586764565
49,1548356400,751,765,14,1516,4,-0.491918245941633,1.4244450052687254
49,1548370800,534,306,-228,840,4,-1.1726232016954408,0.22740055851673613
49,1548385200,68,40,-28,108,4,-0.6100571225600624,-1.0688073335283175
49,1548399600,24,179,155,203,4,-0.0953091601511914,-0.9005836316918692
49,1548414000,274,1306,1032,1580,4,2.371543096857442,1.5377746570322273
49,1548428400,350,659,309,1009,4,0.3378667207830498,0.5266616702047334
49,1548442800,882,918,36,1800,4,-0.4300359772367414,1.927345334969265
49,1548457200,405,366,-39,771,4,-0.6409982569125082,0.1052170277092106
49,1548471600,98,73,-25,171,4,-0.6016186313730317,-0.9572484575736201
49,1548486000,16,86,70,102,4,-0.3343997437837271,-1.0794319883811456
49,1548500400,111,223,112,334,4,-0.21626086716529772,-0.6686120007384512
49,1548514800,272,301,29,573,4,-0.44972579000647966,-0.24539658243412354
49,1548529200,341,438,97,779,4,-0.25845332310045105,0.11938323417964834
49,1548543600,218,205,-13,423,4,-0.5678646666249091,-0.5110129537548312
49,1548558000,90,72,-18,162,4,-0.5819288186032935,-0.9731854398528625
49,1548572400,13,47,34,60,4,-0.4356616380280952,-1.1538045723509438
49,1548586800,81,225,144,306,4,-0.1262502945036372,-0.7181937233849832
49,1548601200,255,280,25,535,4,-0.46097711158918725,-0.31268606316870284
49,1548615600,243,324,81,567,4,-0.30345860943128133,-0.25602123728695186
49,1548630000,121,130,9,251,4,-0.5059823979200175,-0.8155863928692427
49,1548644400,40,19,-21,59,4,-0.5903673097903243,-1.1555753481597486
49,1548658800,24,167,143,191,4,-0.1290631248993141,-0.9218329413975258
49,1548665478,65,328,263,393,4,0.20847652258191282,-0.5641362280189728
49,1548673200,257,1400,1143,1657,4,2.683767270777577,1.6741243943101907
49,1548687600,291,603,312,894,4,0.3463052119700805,0.3230224521921909
49,1548702000,765,708,-57,1473,4,-0.6916292040346923,1.3483016454901227
49,1548716400,446,272,-174,718,4,-1.0207303603288886,0.011365909842560548
49,1548730800,65,24,-41,89,5,-0.5920148404581315,-1.0485268445159128
49,1548745200,27,191,164,218,5,0.012807207444501437,-0.8156211829704065
49,1548759600,264,1314,1050,1578,5,2.6268185949651492,1.6398183496023724
49,1548774000,334,599,265,933,5,0.31079270421604255,0.4752900418748412
49,1548788400,739,817,78,1556,5,-0.24092301752928602,1.6000980042225186
49,1548802800,462,271,-191,733,5,-1.0345675584356677,0.11419599296707961
49,1548817200,82,26,-56,108,5,-0.636270112255885,-1.0142229098696753
49,1548831600,23,179,156,202,5,-0.010795604180967165,-0.8445087068830274
49,1548846000,256,1326,1070,1582,5,2.6858256240288205,1.6470402305805276
49,1548860400,293,670,377,963,5,0.6412320669726029,0.5294541492110054
49,1548874800,813,839,26,1652,5,-0.3943412930948319,1.773423147698244
49,1548889200,462,251,-211,713,5,-1.0935745874993392,0.07808658807630345
49,1548903600,68,20,-48,88,5,-0.6126673006304165,-1.0503323147604515
49,1548918000,26,120,94,146,5,-0.19371739427834883,-0.9456150405772007
49,1548932400,262,1259,997,1521,5,2.47044996794642,1.5369065456636604
49,1548946800,291,543,252,834,5,0.27243813532465605,0.2965484876654992
49,1548961200,734,775,41,1509,5,-0.3500860212970783,1.5152409027291946
49,1548975600,430,267,-163,697,5,-0.9519577177465275,0.04919906416368252
49,1548990000,82,24,-58,106,5,-0.6421708151622523,-1.017833850358753
49,1549004400,36,180,144,216,5,-0.046199821619170064,-0.8192321234594842
49,1549018800,227,1269,1042,1496,5,2.6032157833396803,1.49176978955019
49,1549021640,32,106,74,138,5,-0.25272442334202033,-0.9600588025335112
49,1549022114,58,77,19,135,5,-0.41499375326711696,-0.9654752132671276
49,1549033200,272,488,216,760,5,0.16622548301004733,0.16294368956962743
49,1549047600,875,817,-58,1692,5,-0.6421708151622523,1.8456419574797964
49,1549062000,341,287,-54,628,5,-0.6303694093495179,-0.07537838270949523
49,1549076400,89,50,-39,139,5,-0.5861141375517643,-0.9582533322889724
49,1549090800,22,89,67,111,5,-0.27337688351430534,-1.008806499136059
49,1549105200,111,260,149,371,5,-0.03144806435325219,-0.5393842355559689
49,1549119600,276,313,37,589,5,-0.3618874271098126,-0.14579172224650874
49,1549134000,351,394,43,745,5,-0.34418531839071115,0.1358616359015453
49,1549148400,237,178,-59,415,5,-0.6451211666154358,-0.4599435447962613
49,1549162800,65,55,-10,120,5,-0.5005539454094406,-0.9925572669352096
49,1549177200,16,55,39,71,5,-0.35598672420344546,-1.0810253089176112
49,1549191600,100,225,125,325,5,-0.10225649922965799,-0.622435866804754
49,1549206000,216,303,87,519,5,-0.21436985445063383,-0.2721746393642253
49,1549220400,263,330,67,593,5,-0.27337688351430534,-0.1385698412683535
49,1549234800,125,122,-3,247,5,-0.4799014852371556,-0.7632625458787811
49,1549249200,33,35,2,68,5,-0.4651497279712377,-1.0864417196512277
49,1549263600,23,163,140,186,5,-0.05800122743190437,-0.8733962307956483
49,1549278000,268,1329,1061,1597,5,2.6592724609501683,1.6741222842486096
49,1549292400,304,590,286,894,5,0.3727500847328976,0.4048767023378277
49,1549306800,768,739,-29,1507,5,-0.5566106230199286,1.511629962240117
49,1549321200,401,278,-123,679,5,-0.8339436596191845,0.016700599761983972
49,1549335600,66,44,-22,110,6,-0.6177678758929441,-1.0696238213171239
49,1549350000,22,170,148,192,6,-0.09832137659848132,-0.926723318034713
49,1549362856,130,637,507,767,6,0.9986274072057078,0.0753228940065823
49,1549364400,255,1345,1090,1600,6,2.7800233430214245,1.5269828846681457
49,1549364625,5,5,0,10,6,-0.5505453877489548,-1.243892727759088
49,1549378800,309,660,351,969,6,0.5219588549119655,0.4273460850193504
49,1549393200,788,893,105,1681,6,-0.22971078524355132,1.668140698886137
49,1549407600,432,312,-120,744,6,-0.9172135048979875,0.03524104552493049
49,1549422000,68,46,-22,114,6,-0.6177678758929441,-1.0626530650594452
49,1549436400,31,186,155,217,6,-0.07693240309812109,-0.8831560914242219
49,1549450800,287,1401,1114,1688,6,2.853356966451231,1.6803395223370743
49,1549465200,319,719,400,1038,6,0.671681669414487,0.5475916304643058
49,1549479600,747,850,103,1597,6,-0.23582192052936854,1.5217548174748867
49,1549494000,411,324,-87,735,6,-0.8163797726820036,0.019556843945153692
49,1549508400,86,36,-50,122,6,-0.703323769894385,-1.048711552544088
49,1549522800,27,194,167,221,6,-0.040265591383217836,-0.8761853351665433
49,1549527100,23,244,221,267,6,0.12473506133384682,-0.7960216382032397
49,1549537200,286,1143,857,1429,6,2.0680760822237194,1.2289830546523866
49,1549551600,364,739,375,1103,6,0.595292478341772,0.6608664196515827
49,1549566000,819,918,99,1737,6,-0.24804419110100295,1.765731286493637
49,1549580400,478,368,-110,846,6,-0.8866578284689014,0.21299533009573418
49,1549594800,84,50,-34,134,6,-0.6544346876078474,-1.0277992837710523
49,1549609200,22,151,129,173,6,-0.1563771618137448,-0.9598344102586862
49,1549623600,282,1228,946,1510,6,2.3400216024425853,1.3701408688703778
49,1549638000,351,692,341,1043,6,0.4914031784828794,0.556305075786404
49,1549652400,924,928,4,1852,6,-0.5383231171773204,1.966140528901896
49,1549666800,490,372,-118,862,6,-0.9111023696121703,0.24087835512644848
49,1549681200,95,68,-27,163,6,-0.6330457141074871,-0.9772613009028827
49,1549695600,18,80,62,98,6,-0.36110019388862136,-1.0905360900901595
49,1549710000,155,270,115,425,6,-0.19915510881446527,-0.520676766024936
49,1549724400,337,328,-9,665,6,-0.5780454965351323,-0.10243139056422138
49,1549738800,395,384,-11,779,6,-0.5841566318209495,0.09623516277961802
49,1549753200,246,243,-3,489,6,-0.5597120906776807,-0.4091446659020787
49,1549767600,83,74,-9,157,6,-0.5780454965351323,-0.9877174352894005
49,1549782000,18,56,38,74,6,-0.43443381731842784,-1.132360627636231
49,1549796400,146,191,45,337,6,-0.4130448438180676,-0.6740334036938646
49,1549810800,271,287,16,558,6,-0.5016563054624171,-0.2888991204571233
49,1549825200,325,334,9,659,6,-0.5230452789627774,-0.11288752495073924
49,1549839600,133,138,5,271,6,-0.5352675495344118,-0.7890508819455611
49,1549854000,40,20,-20,60,6,-0.6116567406071269,-1.156758274538106
49,1549868400,29,164,135,193,6,-0.13804375595629317,-0.9249806289702933
49,1549882800,265,1298,1033,1563,6,2.6058559873756337,1.4625033892846189
49,1549897200,306,578,272,884,6,0.2805690111221857,0.27921751454368066
49,1549911600,807,850,43,1657,6,-0.4191559791038848,1.6263161613400654
49,1549926000,456,321,-135,777,6,-0.9630470195416165,0.09274978465077874
49,1549940400,72,43,-29,115,7,-0.5352673660309746,-1.030287934565576
49,1549954800,27,196,169,223,7,0.08868601438864758,-0.8331319241374013
49,1549969200,275,1361,1086,1636,7,2.978409498453261,1.7463258789645506
49,1549983600,291,582,291,873,7,0.4731421376775057,0.3534551756617981
49,1549998000,743,776,33,1519,7,-0.3398880246874565,1.5327402010006947
49,1550012400,402,291,-111,693,7,-0.7936723013562726,0.024861824948173652
49,1550026800,69,33,-36,102,7,-0.5573263239245976,-1.05401967656156
49,1550041200,27,162,135,189,7,-0.018457495380378445,-0.8951995570499749
49,1550055600,300,1425,1125,1725,7,3.101309406717732,1.9087970357062873
49,1550070000,321,696,375,1017,7,0.7378496324009817,0.6163298562326976
49,1550084400,824,924,100,1748,7,-0.12875228484849346,1.9507839638530284
49,1550098800,451,324,-127,775,7,-0.8440927765416967,0.17455435138438036
49,1550113200,81,47,-34,128,7,-0.5510237645264195,-1.006556192569592
49,1550127600,30,141,111,171,7,-0.09408820815851446,-0.9280588921213373
49,1550142000,304,1325,1021,1629,7,2.773576318012476,1.7335472486590209
49,1550156400,340,653,313,993,7,0.5424702910574637,0.5725174094708811
49,1550170800,833,916,83,1749,7,-0.18232403973300648,1.952609482468104
49,1550185200,382,362,-20,744,7,-0.5069058487391735,0.11796327431703392
49,1550199600,90,60,-30,150,7,-0.5384186457300636,-0.9663947830379268
49,1550214000,32,157,125,189,7,-0.04997029237126845,-0.8951995570499749
49,1550228400,272,1228,956,1500,7,2.568743137571691,1.4980553473142566
49,1550242800,339,657,318,996,7,0.5582266895529087,0.5779939653161081
49,1550257200,801,908,107,1709,7,-0.10669332695487047,1.8795887378650764
49,1550271600,364,362,-2,726,7,-0.45018281415557154,0.08510393924567147
49,1550286000,101,62,-39,163,7,-0.5667801630218645,-0.9426630410419429
49,1550300400,18,90,72,108,7,-0.2169881164229855,-1.043066564871106
49,1550314800,152,242,90,394,7,-0.16026508183938348,-0.520968240959458
49,1550329200,288,247,-41,535,7,-0.5730827224200425,-0.2635701162337856
49,1550343600,355,299,-56,654,7,-0.6203519179063776,-0.046333401039778316
49,1550358000,233,208,-25,441,7,-0.5226622472346185,-0.4351688660509006
49,1550372400,93,52,-41,145,7,-0.5730827224200425,-0.9755223761133053
49,1550386800,17,77,60,94,7,-0.2548034728120535,-1.0686238254821656
49,1550401200,143,220,77,363,7,-0.2012317179275405,-0.5775593180268045
49,1550415600,321,251,-70,572,7,-0.6644698336936236,-0.19602592747598502
49,1550430000,321,313,-8,634,7,-0.4690904923501055,-0.08284377334129214
49,1550444400,167,173,6,340,7,-0.4249725765628595,-0.6195462461735455
49,1550458800,44,30,-14,74,7,-0.48799817054463956,-1.1051341977836793
49,1550473200,21,85,64,106,7,-0.2421983540156975,-1.0467176021012572
49,1550487600,228,377,149,605,7,0.025660420406867564,-0.1357838131784872
49,1550502000,370,362,-8,732,7,-0.4690904923501055,0.09605705093612563
49,1550516400,516,347,-169,863,7,-0.9764465239034348,0.3351999895110412
49,1550530800,251,161,-90,412,7,-0.7274954276754036,-0.48810890588809563
49,1550545200,46,26,-20,72,8,-0.8302427829489883,-1.3183648452136651
49,1550559600,29,193,164,222,8,-0.26296921044306426,-1.05837664717523
49,1550574000,283,1291,1008,1574,8,2.33909000257324,1.284983644477866
49,1550588400,305,654,349,959,8,0.30738737060908766,0.2190320325202816
49,1550602800,721,883,162,1604,8,-0.26913522753552,1.3369812840855528
49,1550617200,413,315,-98,728,8,-1.0707174495547604,-0.1813497924589086
49,1550631600,69,31,-38,100,8,-0.8857369367810897,-1.2698337149131573
49,1550646000,28,177,149,205,8,-0.309214338636482,-1.0878419762862526
49,1550652427,40,561,521,601,8,0.8376648405602776,-0.4014731334647837
49,1550660400,299,793,494,1092,8,0.7544236098121256,0.44955490144769417
49,1550674800,342,670,328,1012,8,0.24264419113830285,0.31089452916052873
49,1550689200,767,833,66,1600,8,-0.5651040479733934,1.3300482654711947
49,1550703600,516,354,-162,870,8,-1.2680299965133428,0.06477236835081007
49,1550718000,72,41,-31,113,8,-0.8641558769574947,-1.247301404416493
49,1550732400,32,178,146,210,8,-0.31846336427516553,-1.0791757030183047
49,1550741436,99,522,423,621,8,0.5355300030299485,-0.36680804039299236
49,1550746800,293,1355,1062,1648,8,2.5055724640695436,1.4132444888434939
49,1550761200,314,720,406,1034,8,0.48311885774407504,0.34902613153949924
49,1550775600,776,972,196,1748,8,-0.16431293696377314,1.5865699542024507
49,1550790000,449,384,-65,833,8,-0.9689781675292416,0.000641946167996056
49,1550804400,73,57,-16,130,8,-0.817910748764077,-1.2178360753054702
49,1550818800,27,144,117,171,8,-0.40787061211577313,-1.146772634508298
49,1550824678,42,221,179,263,8,-0.21672408224964657,-0.9873132063780576
49,1550833200,291,1248,957,1539,8,2.1818565667156196,1.224319731602231
49,1550847600,346,700,354,1046,8,0.3228024133402269,0.369825187382574
49,1550862000,825,947,122,1772,8,-0.3924555693846339,1.6281680658886004
49,1550876400,378,336,-42,714,8,-0.898068970966001,-0.20561535760916252
49,1551495600,9081,9378,297,18459,9,0.6424327384138456,4.101729788563966
49,1551510000,18,67,49,85,9,-0.4484077881283404,-0.3634878199707963
49,1551524400,120,258,138,378,9,-0.05693679271602366,-0.29228346820739776
49,1551538800,293,404,111,697,9,-0.1756976564927939,-0.2147606415434928
49,1551553200,407,581,174,988,9,0.10141102565300335,-0.1440423263109024
49,1551567600,246,347,101,593,9,-0.2196831615953014,-0.24003454114551825
49,1551582000,74,108,34,182,9,-0.5143860457821017,-0.3399150482265995
49,1551596400,21,63,42,84,9,-0.47919764170009566,-0.3637308382362004
49,1551610800,151,221,70,372,9,-0.35603822741307467,-0.2937415777998223
49,1551625200,289,403,114,692,9,-0.16250200496204165,-0.21597573287051328
49,1551639600,283,456,173,739,9,0.0970124751427526,-0.204553874396521
49,1551654000,148,192,44,340,9,-0.4704005406795942,-0.3015181622927532
49,1551668400,36,31,-5,67,9,-0.6859295156818809,-0.36786214874806994
49,1551682800,39,179,140,218,9,-0.04813969169552215,-0.3311663906720523
49,1551697200,223,1228,1005,1451,9,3.756606499671377,-0.03152486942880842
49,1551711600,263,550,287,813,9,0.5984472333113381,-0.18657052275661828
49,1551726000,741,789,48,1530,9,-0.45280633863859115,-0.012326426461885255
49,1551740400,435,330,-105,765,9,-1.125784566706956,-0.19823539949601465
49,1551754800,74,35,-39,109,10,-0.7124868052254302,-1.174922007711712
49,1551769200,31,185,154,216,10,-0.16126387896918956,-0.9962853248313044
49,1551783600,298,1357,1059,1655,10,2.423486112025099,1.4061276346538032
49,1551798000,342,675,333,1017,10,0.3499739645534377,0.3409855442080085
49,1551812400,813,921,108,1734,10,-0.2926434365224904,1.5380182696776556
49,1551826800,504,342,-162,846,10,-1.0637843178136042,0.05550075194118887
49,1551841200,62,42,-20,104,10,-0.6582213358012406,-1.1832695162575255
49,1551855600,33,183,150,216,10,-0.1726881883216505,-0.9962853248313044
49,1551870000,321,1380,1059,1701,10,2.423486112025099,1.482924713275287
49,1551884400,344,751,407,1095,10,0.5613236875739651,0.4712066775226981
49,1551898800,837,971,134,1808,10,-0.21838542573149428,1.6615613961556945
49,1551913200,544,328,-216,872,10,-1.218012494071827,0.09890779637941875
49,1551927600,75,39,-36,114,10,-0.7039185732110844,-1.1665744991658986
49,1551942000,32,171,139,203,10,-0.2041050390409181,-1.0179888470504193
49,1551956400,290,1391,1101,1681,10,2.543441360225939,1.4495346790920332
49,1551970800,378,678,300,1056,10,0.2557234123956349,0.4060961108653533
49,1551985200,783,973,190,1756,10,-0.05844509479704106,1.5747473072792346
49,1551999600,470,361,-109,831,10,-0.9124122188934968,0.030458226303748556
49,1552014000,74,64,-10,138,10,-0.6296605624200883,-1.126506458145994
49,1552028400,27,182,155,209,10,-0.15840780163107432,-1.007971836795443
49,1552042800,251,1295,1044,1546,10,2.3806449519533706,1.2241519483550702
49,1552057200,383,733,350,1116,10,0.3985272793013967,0.5062662134151146
49,1552071600,794,965,171,1759,10,-0.11271056422123055,1.5797558124067228
49,1552086000,454,335,-119,789,10,-0.9409729922746491,-0.039660845481084325
49,1552100400,106,99,-7,205,10,-0.6210923304057425,-1.0146498436320939
49,1552114800,316,80,-236,396,10,-1.2751340408341316,-0.6957750171820206
49,1552129200,148,263,115,411,10,-0.27265089515568375,-0.6707324915445803
49,1552143600,315,471,156,786,10,-0.1555517242929591,-0.04466935060857239
49,1552158000,420,726,306,1146,10,0.2728598764243263,0.5563512646899952
49,1552172400,244,338,94,582,10,-0.3326285192561037,-0.3852476992777607
49,1552190400,87,88,1,175,10,-0.5982437117008207,-1.0647348949069746
49,1552204800,31,75,44,106,10,-0.4754323861618655,-1.1799305128392001
49,1552219200,117,256,139,373,10,-0.2041050390409181,-0.7341735564927624
49,1552233600,260,448,188,708,10,-0.06415724947327153,-0.17489048392326204
49,1552248000,341,416,75,757,10,-0.38689398868029323,-0.09308490017429033
49,1552262400,114,186,72,300,10,-0.39546222069463893,-0.8560471812616386
49,1552276800,21,15,-6,36,10,-0.6182362530676273,-1.2967956324805883
49,1552291200,65,285,220,350,10,0.027237225346416018,-0.7725720958035043
49,1552305600,299,1337,1038,1636,10,2.363508487924679,1.3744071021797122
49,1552320000,354,711,357,1065,10,0.41851982066820337,0.42112162624781746
49,1552334400,895,825,-70,1720,10,-0.8010252027070025,1.514645245749378
49,1552348800,296,265,-31,561,11,-0.6787769038285654,-0.3770306399493009
49,1552363200,39,34,-5,73,11,-0.6016870441698559,-1.20304974087811
49,1552377600,54,345,291,399,11,0.27595135809852894,-0.6512418988641925
49,1552392000,320,1413,1093,1733,11,2.6538770291094904,1.6067693319534944
49,1552406400,388,769,381,1157,11,0.5428008723017541,0.6317959669227691
49,1552420800,892,821,-71,1713,11,-0.7973766879188877,1.5729160901121497
49,1552435200,353,242,-111,595,11,-0.91597647200921,-0.31948012881901505
49,1552449600,39,21,-18,60,11,-0.6402319739992106,-1.2250543480749838
49,1552464000,70,323,253,393,11,0.1632815632127228,-0.6613978714165958
49,1552478400,341,1393,1052,1734,11,2.53231225041691,1.6084619940455618
49,1552492800,385,764,379,1149,11,0.536870883097238,0.6182546701862313
49,1552507200,881,884,3,1765,11,-0.5779670873517915,1.6609345188996458
49,1552521600,375,276,-99,651,11,-0.8803965367821133,-0.2246910516632501
49,1552536000,42,19,-23,61,11,-0.6550569470105009,-1.2233616859829166
49,1552550400,48,301,253,349,11,0.1632815632127228,-0.735875003467554
49,1552552217,32,81,49,113,11,-0.4415773356479208,-1.1353432571954207
49,1552564800,245,1310,1065,1555,11,2.5708571802462648,1.3054754795655272
49,1552579200,403,775,372,1178,11,0.5161159208814315,0.6673418708561809
49,1552593600,849,863,14,1712,11,-0.5453521467269528,1.5712234280200825
49,1552608000,355,281,-74,636,11,-0.8062716717256619,-0.2500809830442586
49,1552622400,46,35,-11,81,11,-0.6194770117834042,-1.189508444141572
49,1552636800,58,335,277,393,11,0.23444143366691617,-0.6613978714165958
49,1552651200,344,1316,972,1660,11,2.2951126822362657,1.4832049992325866
49,1552665600,372,777,405,1149,11,0.6139607427559475,0.6182546701862313
49,1552680000,850,903,53,1753,11,-0.4297173572388886,1.640622573794839
49,1552694400,341,299,-42,640,11,-0.711391844453404,-0.24331033467598964
49,1552708800,55,43,-12,98,11,-0.6224420063856623,-1.1607331885764292
49,1552723200,28,131,103,159,11,-0.2814676271259857,-1.057480800960328
49,1552737600,216,336,120,552,11,-0.23106271888759877,-0.392264598777906
49,1552752000,519,528,9,1047,11,-0.5601771197382431,0.4456031367953736
49,1552766400,478,545,67,1023,11,-0.38820743280727577,0.40497924658576007
49,1552780800,204,324,120,528,11,-0.23106271888759877,-0.4328884889875196
49,1552795200,48,45,-3,93,11,-0.5957570549653398,-1.1691964990367654
49,1552809600,58,106,48,164,11,-0.44454233025017886,-1.0490174904999918
49,1552824000,220,259,39,479,11,-0.4712272816705014,-0.5158289314988139
49,1552838400,344,379,35,723,11,-0.4830872600795336,-0.10281938103440941
49,1552852800,313,361,48,674,11,-0.44454233025017886,-0.18575982354570375
49,1552867200,123,133,10,256,11,-0.5572121251359851,-0.8932925780298065
49,1552881600,26,12,-14,38,11,-0.6283719955901784,-1.262292914100463
49,1552896000,63,351,288,414,11,0.2670563742917548,-0.625851967483184
49,1552910400,280,1301,1021,1581,11,2.4403974177469103,1.3494846939592753
49,1552924800,370,666,296,1036,11,0.29077633110981926,0.42698385378263404
49,1552939200,832,741,-91,1573,11,-0.8566765799640489,1.3359433972227375
49,1552953600,319,179,-140,498,12,-1.080410712622665,-0.5498938359941115
49,1552968000,38,25,-13,63,12,-0.678056450372776,-1.305200356942111
49,1552981996,41,280,239,321,12,0.12031578653251584,-0.8572254548626077
49,1552982400,75,347,272,422,12,0.22486453184154215,-0.6818554350562906
49,1552996800,307,1371,1064,1678,12,2.7340344192581734,1.4989836231291973
49,1553011200,386,696,310,1082,12,0.34525399613678454,0.4641268725889498
49,1553025600,903,802,-101,1705,12,-0.9568531045301795,1.5458647175328661
49,1553040000,341,249,-92,590,12,-0.9283398103549905,-0.390150847655684
49,1553054400,54,31,-23,85,12,-0.7097378883452081,-1.2670009466872694
49,1553068800,68,364,296,432,12,0.30089998297537945,-0.6644920667586355
49,1553083200,306,1288,982,1594,12,2.4742466278842294,1.353131329428894
49,1553097600,380,721,341,1101,12,0.44346645385132444,0.4971172723544946
49,1553112000,908,895,-13,1803,12,-0.678056450372776,1.7160257268498866
49,1553126400,384,227,-157,611,12,-1.1342691571758,-0.35368777423060815
49,1553140800,51,32,-19,83,12,-0.6970653131562353,-1.2704736203468006
49,1553155200,68,368,300,436,12,0.31357255816435237,-0.6575467194395734
49,1553169600,314,1339,1025,1653,12,2.6104768111656877,1.4555752023850594
49,1553184000,389,715,326,1104,12,0.3959442968926761,0.5023262828437912
49,1553198400,899,878,-21,1777,12,-0.7034016007507217,1.6708809692759834
49,1553212800,371,272,-99,643,12,-0.950516816935693,-0.2981249956781116
49,1553227200,46,37,-9,83,12,-0.665383875183803,-1.2704736203468006
49,1553241600,66,350,284,416,12,0.26288225740846083,-0.6922734560348838
49,1553256000,350,1297,947,1647,12,2.3633615949807165,1.4451571814064663
49,1553270400,441,748,307,1189,12,0.3357495647450549,0.64991491337386
49,1553284800,855,948,93,1803,12,-0.3422332078649945,1.7160257268498866
49,1553299200,356,356,0,712,12,-0.636870581008614,-0.17831775442429104
49,1553313600,64,68,4,132,12,-0.6241980058196411,-1.1853931156882902
49,1553328000,43,144,101,187,12,-0.3168880574870487,-1.089894590051187
49,1553342400,278,370,92,648,12,-0.3454013516622377,-0.28944331152928404
49,1553356800,403,615,212,1018,12,0.03477590400694887,0.3530013154839568
49,1553371200,482,711,229,1193,12,0.08863434856008363,0.656860260692922
49,1553385600,276,425,149,701,12,-0.16481715521937407,-0.19741745955171172
49,1553400000,78,70,-8,148,12,-0.6622157313865599,-1.157611726412042
49,1553414400,34,104,70,138,12,-0.4151005152015886,-1.174975094709697
49,1553428800,259,304,45,563,12,-0.4943041101326691,-0.4370319420593529
49,1553443200,368,510,142,878,12,-0.18699416180007664,0.1099141593167846
49,1553457600,378,464,86,842,12,-0.36441021444569704,0.04740603344522602
49,1553472000,190,243,53,433,12,-0.46895895975472335,-0.66275572992887
49,1553486400,20,22,2,42,12,-0.6305342934141276,-1.3416634303671866
49,1553500800,72,324,252,396,12,0.16150165589667773,-0.727000192630194
49,1553515200,339,1221,882,1560,12,2.1574322481599073,1.2940958772168665
49,1553529600,363,635,272,998,12,0.22486453184154215,0.3182745788886465
49,1553544000,831,793,-38,1624,12,-0.7572600453038565,1.4052214343218594
49,1553558400,212,212,0,424,13,-0.6335764998606295,-0.6437398146508139
49,1553572800,37,22,-15,59,13,-0.681448075167921,-1.2642460620475051
49,1553587200,73,341,268,414,13,0.22172897896297877,-0.660739985812367
49,1553601600,355,1325,970,1680,13,2.4621187033442213,1.4914816832402662
49,1553616000,381,724,343,1105,13,0.46108685549943634,0.5139718414509581
49,1553630400,907,865,-42,1772,13,-0.7676169107210458,1.6478832579265554
49,1553644800,396,180,-216,576,13,-1.3229271842856272,-0.38533721299520546
49,1553659200,63,23,-40,86,13,-0.7612340340134068,-1.2183455999113115
49,1553673600,88,351,263,439,13,0.20577178719388162,-0.6182395579084842
49,1553688000,349,1442,1093,1791,13,2.854665620864012,1.6801835831335066
49,1553702400,365,733,368,1098,13,0.5408728143449222,0.5020717216378708
49,1553716800,942,897,-45,1839,13,-0.777191225782504,1.7617844047089621
49,1553731200,379,305,-74,684,13,-0.8697429380432676,-0.20173536445043108
49,1553745600,54,27,-27,81,13,-0.7197453354137542,-1.2268456854920882
49,1553760000,73,314,241,387,13,0.13556014340985406,-0.7066404479485607
49,1553774400,325,1304,979,1629,13,2.4908416485285962,1.404780810316345
49,1553788800,393,755,362,1148,13,0.5217241842220056,0.5870725774456368
49,1553803200,803,874,71,1677,13,-0.4069843767394497,1.4863816318918002
49,1553817600,415,343,-72,758,13,-0.8633600613356287,-0.0759340978549375
49,1553832000,67,39,-28,106,13,-0.7229367737675737,-1.1843452575882052
49,1553846400,68,299,231,367,13,0.10364575987165973,-0.7406407902716671
49,1553860800,360,1140,780,1500,13,1.855745416118529,1.185478602332309
49,1553875200,398,727,329,1125,13,0.4164067185459642,0.5479721837740644
49,1553889600,836,897,61,1733,13,-0.438898760277644,1.5815825903964982
49,1553904000,363,326,-37,689,13,-0.7516597189519486,-0.19323527886965447
49,1553918400,66,63,-3,129,13,-0.6431508149220878,-1.1452448639166328
49,1553932800,24,147,123,171,13,-0.24102958234083913,-1.0738441450381095
49,1553947200,246,300,54,546,13,-0.4612388287543801,-0.436337726479865
49,1553961600,278,456,178,734,13,-0.06550047288077027,-0.11673450864266514
49,1553976000,351,587,236,938,13,0.1196029516407569,0.23006898305301984
49,1553990400,233,319,86,552,13,-0.3591128014321582,-0.42613762378293313
49,1554004800,58,69,11,127,13,-0.5984706779686157,-1.1486448981489434
49,1554019200,28,101,73,129,13,-0.40060150003181083,-1.1452448639166328
49,1554033600,215,283,68,498,13,-0.416558691800908,-0.5179385480553204
49,1554048000,314,439,125,753,13,-0.23464670563320028,-0.08443418343571409
49,1554062400,302,398,96,700,13,-0.32719841789396387,-0.17453509059194597
49,1554076800,149,170,21,319,13,-0.5665562944304214,-0.8222416118471223
49,1554091200,40,23,-17,63,13,-0.6878309518755599,-1.257445993582884
49,1554105600,55,371,316,426,13,0.37491801994631163,-0.6403397804185033
49,1554120000,353,1306,953,1659,13,2.407864251329291,1.4557813238010044
49,1554134400,372,684,312,1056,13,0.3621522665310339,0.43067100275934744
49,1554148800,901,844,-57,1745,13,-0.8154884860283372,1.6019827957903618
49,1554163200,312,225,-87,537,14,-0.7885907823043014,-0.5327232640696594
49,1554177600,132,38,-94,170,14,-0.8085430792059765,-1.1393571583050117
49,1554192000,72,363,291,435,14,0.2888332503861538,-0.7013245098789399
49,1554206400,346,1398,1052,1744,14,2.4579329564111183,1.4623914780068261
49,1554220800,398,593,195,991,14,0.015201750020323911,0.21771757512066742
49,1554235200,902,837,-65,1739,14,-0.7258835634704655,1.4541267110553908
49,1554249600,337,223,-114,560,14,-0.8655496417821911,-0.49470533609305695
49,1554264000,40,19,-21,59,14,-0.6004691258027934,-1.3228349846268757
49,1554278400,81,334,253,415,14,0.18052078149134615,-0.7343835776846811
49,1554292800,324,1395,1071,1719,14,2.512089190858522,1.4210676432496496
49,1554307200,411,724,313,1135,14,0.3515404692199898,0.4557428633220046
49,1554321600,882,972,90,1854,14,-0.2840827035048026,1.6442163509384031
49,1554336000,355,287,-68,642,14,-0.7344345478568975,-0.3591631580895177
49,1554350400,47,21,-26,68,14,-0.614720766446847,-1.3079584041142922
49,1554364800,58,307,249,365,14,0.16911946897610325,-0.8170312471990343
49,1554379200,362,1437,1075,1799,14,2.5234905033737647,1.5533039144726146
49,1554393600,408,804,396,1212,14,0.5881177039112803,0.5830202743741084
49,1554408000,870,917,47,1787,14,-0.4066468130436639,1.53346847378917
49,1554422400,368,320,-48,688,14,-0.677427985280683,-0.2831273021363128
49,1554436800,51,32,-19,83,14,-0.5947684695451719,-1.2831641032599863
49,1554451200,51,358,307,409,14,0.3344385004471255,-0.7443012980264035
49,1554465600,362,1345,983,1707,14,2.261260315523178,1.401232202566205
49,1554480000,451,798,347,1249,14,0.4484516255995546,0.6441795498147298
49,1554494400,886,976,90,1862,14,-0.2840827035048026,1.6574399780606996
49,1554508800,935,337,-598,1272,14,-2.2451084561265837,0.6821974777913322
49,1554523200,70,52,-18,122,14,-0.5919181414163612,-1.2186989210387908
49,1554537600,39,163,124,202,14,-0.18717154712523779,-1.0864626498158256
49,1554552000,318,397,79,715,14,-0.3154363129217206,-0.23849756059856209
49,1554566400,468,609,141,1077,14,-0.13871596893545543,0.35987156668535486
49,1554580800,561,600,39,1161,14,-0.4294494380741497,0.49871965146946823
49,1554595200,327,387,60,714,14,-0.3695925473691244,-0.24015051398884915
49,1554609600,50,86,36,136,14,-0.4380004224605819,-1.1955575735747719
49,1554624000,38,126,88,164,14,-0.28978335976242403,-1.1492748786467342
49,1554638400,225,324,99,549,14,-0.258429750345506,-0.5128878233862146
49,1554652800,371,510,139,881,14,-0.14441662519307688,0.03589270218909044
49,1554667200,350,494,144,844,14,-0.13016498454902323,-0.025266573251530908
49,1554681600,172,205,33,377,14,-0.44655140684701405,-0.7971958065155895
49,1554696000,20,43,23,63,14,-0.47505468813512136,-1.3162231710657275
49,1554710400,51,324,273,375,14,0.2375273440675607,-0.8005017132961637
49,1554724800,366,1336,970,1702,14,2.2242060498486382,1.3929674356147697
49,1554739200,348,546,198,894,14,0.023752734406756095,0.05738109626282226
49,1554753600,847,766,-81,1613,14,-0.7714888135314371,1.245854583879221
49,1554768000,357,274,-83,631,15,-0.9068757265634352,-0.30248779673936343
49,1554782400,42,22,-20,64,15,-0.7169354534970324,-1.258826100256489
49,1554796800,66,361,295,427,15,0.23276591183498227,-0.6465671863645727
49,1554811200,354,1225,871,1579,15,1.9693626941563804,1.2964693668130793
49,1554825600,400,1068,668,1468,15,1.35733292538686,1.1092496989287743
49,1554840000,899,919,20,1818,15,-0.596338454724713,1.6995819850504568
49,1554854400,326,236,-90,562,15,-0.927980201348591,-0.41886759028906656
49,1554868800,36,29,-7,65,15,-0.6777414288960286,-1.2571394365818556
49,1554883200,72,384,312,456,15,0.28401963631321797,-0.5976539398002046
49,1554887590,113,291,178,404,15,-0.11998030957405173,-0.6853604508811403
49,1554897600,222,1334,1112,1556,15,2.6959596117596045,1.2576761022965115
49,1554912000,396,736,340,1132,15,0.3684375354538415,0.5425307042519592
49,1554926400,878,860,-18,1738,15,-0.7109056035584164,1.5646488910797864
49,1554940800,394,295,-99,689,15,-0.9551145260723629,-0.20466130361062748
49,1554955200,44,22,-22,66,15,-0.7229653034356484,-1.2554527729072222
49,1554969600,75,384,309,459,15,0.27497486140529404,-0.5925939487763046
49,1554984000,362,1401,1039,1763,15,2.4758700890001215,1.606815482945621
49,1554998400,398,849,451,1247,15,0.7030942070470276,0.7364970268347977
49,1555012800,922,933,11,1855,15,-0.6234727794484849,1.7619885410118918
49,1555027200,392,266,-126,658,15,-1.0365175002436784,-0.25694787752426224
49,1555041600,50,21,-29,71,15,-0.7440697782208042,-1.2470194545340554
49,1555056000,46,321,275,367,15,0.1724674124488226,-0.7477670068425754
49,1555059843,72,239,167,311,15,-0.15314448423643956,-0.8422201726220445
49,1555070400,226,1278,1052,1504,15,2.5150641136011256,1.1699695912155759
49,1555084800,388,763,375,1151,15,0.4739599093796209,0.5745773140699934
49,1555099200,866,992,126,1858,15,-0.27675640797806683,1.767048532035792
49,1555113600,359,330,-29,689,15,-0.7440697782208042,-0.20466130361062748
49,1555128000,59,43,-16,102,15,-0.7048757536198004,-1.1947328806204205
49,1555142400,34,163,129,197,15,-0.2677116330701429,-1.0344998315302496
49,1555156800,279,289,10,568,15,-0.6264877044177929,-0.40874760824126627
49,1555171200,391,477,86,868,15,-0.39735340675038616,0.09725149414874724
49,1555185600,398,602,204,1000,15,-0.04159226037204418,0.3198910992003532
49,1555200000,280,319,39,599,15,-0.5390548803078613,-0.35646103432763154
49,1555214400,41,63,22,104,15,-0.590308604786097,-1.1913595532711538
49,1555228800,38,84,46,122,15,-0.5179504055227054,-1.160999607127753
49,1555243200,262,285,23,547,15,-0.587293679816789,-0.44416754540856723
49,1555257600,324,453,129,777,15,-0.2677116330701429,-0.05623490024289019
49,1555272000,310,430,120,740,15,-0.29484595779391476,-0.11864145620432519
49,1555286400,161,259,98,420,15,-0.36117430711869036,-0.6583738320870063
49,1555300800,27,23,-4,50,15,-0.6686966539881046,-1.2824393917013563
49,1555315200,68,376,308,444,15,0.27195993643598604,-0.6178939038958052
49,1555329600,341,1355,1014,1696,15,2.400496964767422,1.4938090167451845
49,1555344000,370,727,357,1097,15,0.4196912599320772,0.4834974756397909
49,1555358400,898,838,-60,1736,15,-0.8375324522693516,1.5612755637305196
49,1555372800,336,282,-54,618,16,-1.0023571077905415,-0.3134697104539513
49,1555387200,40,20,-20,60,16,-0.8825374233836358,-1.249565038460934
49,1555401600,62,402,340,464,16,0.3861415879835989,-0.5718186002623301
49,1555416000,384,1397,1013,1781,16,2.757866517567346,1.6375676846573768
49,1555430400,393,825,432,1218,16,0.7103595575552255,0.6930844056825893
49,1555444800,933,969,36,1902,16,-0.6851873549487327,1.8405560980782458
49,1555459200,359,294,-65,653,16,-1.0411222998045404,-0.25475405367931975
49,1555473600,45,20,-25,65,16,-0.9001579652081808,-1.2411770874931296
49,1555488000,79,335,256,414,16,0.0901164853312441,-0.6556981099403751
49,1555502400,391,1358,967,1749,16,2.5957575327815325,1.583884798463428
49,1555516800,414,711,297,1125,16,0.2346049282925125,0.5370685176814256
49,1555531200,928,1042,114,1970,16,-0.41030690248583185,1.954632231240387
49,1555545600,338,315,-23,653,16,-0.8931097484783628,-0.25475405367931975
49,1555560000,44,25,-19,69,16,-0.8790133150187269,-1.234466726718886
49,1555574400,71,344,273,415,16,0.15002632753469686,-0.6540205197468142
49,1555588800,362,1278,916,1640,16,2.4160280061711745,1.4010274673652896
49,1555603200,460,861,401,1321,16,0.601112198243047,0.8658761956193622
49,1555617600,877,1010,133,1887,16,-0.3433488435525611,1.8153922451748323
49,1555632000,351,375,24,726,16,-0.7274766553276405,-0.13228996954937397
49,1555646400,41,31,-10,72,16,-0.847296339734546,-1.2294339561382033
49,1555660800,55,262,207,317,16,-0.08256482454929619,-0.8184243587157826
49,1555675200,313,917,604,1230,16,1.316506196319571,0.7132154880053202
49,1555689600,428,730,302,1158,16,0.2522254701170574,0.5924289940689353
49,1555704000,468,916,448,1384,16,0.7667452913937692,0.971564377813699
49,1555718400,220,339,119,559,16,-0.39268636066128687,-0.4124475318740445
49,1555732800,37,45,8,82,16,-0.7838623891661842,-1.2126580542025942
49,1555747200,35,133,98,168,16,-0.4666926363243756,-1.0683852975563568
49,1555761600,206,299,93,505,16,-0.4843131781489205,-0.5030374023263331
49,1555776000,294,425,131,719,16,-0.35039706028237905,-0.14403310090430027
49,1555790400,325,578,253,903,16,0.07954416023651714,0.16464349471090553
49,1555804800,241,298,57,539,16,-0.611181079285644,-0.44599933574526246
49,1555819200,38,33,-5,71,16,-0.8296757979100011,-1.2311115463317641
49,1555833600,26,82,56,108,16,-0.6147051876505529,-1.1690407091700108
49,1555848000,253,386,133,639,16,-0.3433488435525611,-0.27824031638917235
49,1555862400,335,562,227,897,16,-0.012082657251116478,0.15457795354954013
49,1555876800,240,475,235,715,16,0.016110209668155403,-0.15074346167854388
49,1555891200,108,187,79,295,16,-0.5336506952576463,-0.8553313429741224
49,1555905600,16,29,13,45,16,-0.7662418473416394,-1.2747288913643477
49,1555920000,55,340,285,395,16,0.19231562791360468,-0.6875723236180322
49,1555934400,319,1230,911,1549,16,2.3984074643466293,1.2483667597512476
49,1555948800,322,787,465,1109,16,0.826655133597222,0.5102270745844512
49,1555963200,821,794,-27,1615,16,-0.9072061819379988,1.359087712526267
49,1555977600,236,233,-3,469,17,-0.7303220551816128,-0.5252324600766759
49,1555992000,39,23,-16,62,17,-0.7734373628050911,-1.2011838000014412
49,1556006400,74,357,283,431,17,0.21821471253491262,-0.5883433959910275
49,1556020800,378,1325,947,1703,17,2.420411963457195,1.5242121430367408
49,1556035200,389,777,388,1166,17,0.5664537356476229,0.6323549697207725
49,1556049600,866,912,46,1778,17,-0.5678105110623479,1.6487732007624347
49,1556064000,317,328,11,645,17,-0.6838901854332513,-0.23292917794704754
49,1556078400,40,23,-17,63,17,-0.7767539249299741,-1.199522985898432
49,1556092800,65,343,278,408,17,0.20163190191049782,-0.6265421203602403
49,1556107200,373,1351,978,1724,17,2.5232253893285668,1.5590892391999351
49,1556121600,399,774,375,1173,17,0.5233384280241445,0.6439806684418373
49,1556136000,893,852,-41,1745,17,-0.8563514159271651,1.5939663353631293
49,1556150400,308,313,5,621,17,-0.7037895581825491,-0.2727887164192696
49,1556164800,40,27,-13,67,17,-0.7634876764304422,-1.192879729486395
49,1556179200,65,374,309,439,17,0.30444532778186945,-0.5750568831669534
49,1556193600,312,1338,1026,1650,17,2.6824203713229484,1.4361889955772504
49,1556208000,393,784,391,1177,17,0.5764034220222718,0.6506239248538743
49,1556222400,798,941,143,1739,17,-0.2461039849487012,1.584001450745074
49,1556236800,326,341,15,667,17,-0.6706239369337195,-0.19639126768084403
49,1556251200,33,34,1,67,17,-0.7170558066820809,-1.192879729486395
49,1556265600,66,291,225,357,17,0.02585410929170118,-0.7112436396137121
49,1556266364,11,53,42,64,17,-0.5810767595618798,-1.1978621717954228
49,1556280000,351,1302,951,1653,17,2.433678211956727,1.441171437886278
49,1556294400,421,840,419,1261,17,0.6692671615189946,0.7901323095066515
49,1556308800,824,960,136,1784,17,-0.2693199198228819,1.65873808538049
49,1556323200,327,345,18,672,17,-0.6606742505590707,-0.18808719716579775
49,1556337600,44,33,-11,77,17,-0.7568545521806763,-1.1762715884563024
49,1556352000,38,161,123,199,17,-0.3124352274463603,-0.9736522678891738
49,1556366400,285,329,44,614,17,-0.5744436353121138,-0.28441441514033433
49,1556380800,366,506,140,872,17,-0.25605367132335005,0.1440756234360526
49,1556395200,380,644,264,1024,17,0.15520003216213646,0.39651936709345886
49,1556409600,242,359,117,601,17,-0.332334600195658,-0.3060049984794546
49,1556424000,42,52,10,94,17,-0.6872067475581343,-1.1480377487051452
49,1556438400,40,76,36,116,17,-0.6009761323111774,-1.1114998384389416
49,1556452800,219,245,26,464,17,-0.634141753560007,-0.5335365305917221
49,1556467200,331,457,126,788,17,-0.30248554107171144,0.004567238783275442
49,1556481600,301,457,156,758,17,-0.20298867732522277,-0.04525718430700211
49,1556496000,161,188,27,349,17,-0.630825191435124,-0.7245301524377861
49,1556510400,18,18,0,36,17,-0.7203723688069639,-1.2443649666796819
49,1556524800,70,341,271,411,17,0.17841596703631715,-0.6215596780512125
49,1556526998,39,133,94,172,17,-0.408615529067966,-1.0184942486704236
49,1556539200,330,1290,960,1620,17,2.4635272710806735,1.3863645724869729
49,1556553600,355,707,352,1062,17,0.44705749915183657,0.45963030300781044
49,1556568000,892,817,-75,1709,17,-0.9691145281731857,1.5341770276547964
49,1556582400,322,159,-163,481,18,-0.9726016203223448,-0.5472515237606023
49,1556596800,67,22,-45,89,18,-0.6407936043527638,-1.2054371594729612
49,1556611200,72,346,274,418,18,0.2562128117005948,-0.6530313580715171
49,1556625600,333,1363,1030,1696,18,2.3820336597768925,1.4927881379498982
49,1556640000,382,736,354,1118,18,0.48116739879861575,0.5223001342719811
49,1556654400,895,791,-104,1686,18,-0.8066976123375543,1.4759976880592767
49,1556668800,414,185,-229,599,18,-1.158189154678212,-0.3491242150512697
49,1556683200,81,37,-44,118,18,-0.6379816720140384,-1.156744854790159
49,1556697600,58,356,298,414,18,0.32369918783000107,-0.6597475380277656
49,1556712000,358,1318,960,1676,18,2.1851983960661245,1.4592072381686554
49,1556726400,368,713,345,1081,18,0.4558600077500884,0.4601754696766819
49,1556740800,929,882,-47,1811,18,-0.6464174690302142,1.6858783116920444
49,1556755200,384,158,-226,542,18,-1.1497533576620362,-0.4448297794278117
49,1556769600,64,27,-37,91,18,-0.6182981456429616,-1.202079069494837
49,1556784000,66,329,263,395,18,0.2252815559746169,-0.6916493928199463
49,1556790391,178,375,197,553,18,0.03969402161874963,-0.42636028454812813
49,1556798400,183,1338,1155,1521,18,2.7335252021175505,1.1989552648640236
49,1556812800,385,837,452,1222,18,0.7567367679936914,0.6969208131344437
49,1556827200,960,1070,110,2030,18,-0.20494409185034815,2.053589164296653
49,1556841600,445,182,-263,627,18,-1.253794854194871,-0.3021109553575298
49,1556856000,58,31,-27,89,18,-0.5901788222557091,-1.2054371594729612
49,1556870400,68,333,265,401,18,0.23090542065206743,-0.6815751228855734
49,1556884800,341,1344,1003,1685,18,2.306111486631311,1.4743186430702147
49,1556899200,416,817,401,1233,18,0.613328218718703,0.7153903080141272
49,1556913600,860,925,65,1785,18,-0.3314810470929849,1.6422231419764286
49,1556928000,379,205,-174,584,18,-1.0035328760483226,-0.3743098898872018
49,1556942400,86,20,-66,106,18,-0.6998441834659942,-1.1768933946589049
49,1556956800,47,165,118,212,18,-0.18244863314054605,-0.998914625818318
49,1556971200,258,349,91,607,18,-0.25837080628612813,-0.3356918551387726
49,1556985600,394,565,171,959,18,-0.03341621918810718,0.2553319810111008
49,1557000000,426,604,178,1030,18,-0.013732692817030344,0.3745441752345128
49,1557014400,301,181,-120,482,18,-0.8516885297571585,-0.5455724787715401
49,1557028800,91,16,-75,107,18,-0.7251515745145217,-1.1752143496698426
49,1557043200,40,102,62,142,18,-0.33991684410916073,-1.1164477750526678
49,1557057600,224,265,41,489,18,-0.3989674232223912,-0.5338191638481051
49,1557072000,320,428,108,748,18,-0.21056795652779867,-0.0989465116810108
49,1557086400,323,401,78,724,18,-0.29492592668955653,-0.13924359141850218
49,1557100800,160,106,-54,266,18,-0.6661009954012911,-0.9082461964089624
49,1557115200,38,23,-15,61,18,-0.5564356341910058,-1.2524504191667012
49,1557129600,78,355,277,433,18,0.2646486087167706,-0.627845683235585
49,1557144000,342,1340,998,1682,18,2.2920518249376842,1.4692815081030282
49,1557158400,349,699,350,1048,18,0.4699196694437147,0.40476698503763126
49,1557172800,874,783,-91,1657,18,-0.7701424919341259,1.4273053833764746
49,1557187200,212,216,4,428,19,-0.6680620941830195,-0.5629229631604024
49,1557201600,121,77,-44,198,19,-0.8188204169647845,-0.9513309802861453
49,1557216000,55,360,305,415,19,0.27731822159429753,-0.584876459780553
49,1557226584,248,571,323,819,19,0.33385259263745937,0.0973706659533606
49,1557227167,15,16,1,31,19,-0.6774844893568799,-1.2333489753296194
49,1557230400,164,1317,1153,1481,19,2.9407152574054765,1.2153102630718033
49,1557244800,382,710,328,1092,19,0.34955658459389316,0.558394094976525
49,1557259200,901,882,-19,1783,19,-0.7403004571826153,1.725306876862996
49,1557273600,214,237,23,451,19,-0.608386924748571,-0.524082161447828
49,1557288000,153,124,-29,277,19,-0.7717084410954829,-0.8179212700559988
49,1557302400,53,349,296,402,19,0.24905103607271661,-0.6068299564007037
49,1557316800,274,1314,1040,1588,19,2.5858050391900718,1.3960044275607357
49,1557331200,399,797,398,1196,19,0.5694124719839669,0.7340220679377305
49,1557345600,931,931,0,1862,19,-0.6806252877481667,1.8587165870931428
49,1557360000,249,255,6,504,19,-0.6617804974004461,-0.43457944445798297
49,1557374400,65,37,-28,102,19,-0.7685676427041962,-1.1134491091734118
49,1557388800,67,384,317,451,19,0.31500780228973874,-0.524082161447828
49,1557403200,333,1381,1048,1714,19,2.610931426320366,1.6087844717252733
49,1557417600,456,783,327,1239,19,0.34641578620260643,0.806637479835152
49,1557432000,897,939,42,1836,19,-0.5487117553141224,1.8148095938528415
49,1557446400,275,315,40,590,19,-0.554993352096696,-0.28934862066313993
49,1557460800,138,34,-104,172,19,-1.0072683204419906,-0.9952379735264466
49,1557475200,70,328,258,398,19,0.12970069720381944,-0.6135848784376732
49,1557489600,343,1215,872,1558,19,2.058150909453895,1.345342512283465
49,1557504000,510,773,263,1283,19,0.1454046891602533,0.8809416222418158
49,1557518400,981,862,-119,1843,19,-1.054380296311292,1.8266307074175379
49,1557532800,210,304,94,514,19,-0.3853902389672105,-0.4176921393655594
49,1557547200,47,69,22,116,19,-0.6115277231398577,-1.0898068820440188
49,1557561600,32,127,95,159,19,-0.3822494405759237,-1.0171914701465974
49,1557576000,187,273,86,460,19,-0.4105166260975046,-0.5088835868646469
49,1557590400,244,417,173,661,19,-0.13726716605555583,-0.16944875450693236
49,1557604800,251,481,230,732,19,0.04175834224778994,-0.04954888835072477
49,1557619200,102,273,171,375,19,-0.14354876283812937,-0.6524256801502475
49,1557633600,26,73,47,99,19,-0.5330077633576885,-1.118515300701139
49,1557648000,23,96,73,119,19,-0.4513470051842326,-1.0847406905162917
49,1557662400,97,241,144,338,19,-0.2283503194028721,-0.7149087089922148
49,1557676800,193,410,217,603,19,0.000927963161061959,-0.26739512404298926
49,1557691200,193,290,97,483,19,-0.3759678437933502,-0.47004278515207254
49,1557705600,102,137,35,239,19,-0.5706973440531298,-0.8820930294072085
49,1557720000,63,69,6,132,19,-0.6617804974004461,-1.062787193896141
49,1557734400,85,374,289,459,19,0.22706544733370923,-0.5105723173738892
49,1557748800,334,1296,962,1630,19,2.3408227646697037,1.466931108948915
49,1557763200,355,617,262,972,19,0.1422638907689665,0.35574643386744176
49,1557777600,932,763,-169,1695,19,-1.2114202158756304,1.5766985920496683
49,1557792000,286,187,-99,473,20,-0.9011776186927825,-0.4838449439032342
49,1557806400,36,16,-20,52,20,-0.6439153979867002,-1.165821170541637
49,1557820800,92,377,285,469,20,0.3493121629671614,-0.49032452800431164
49,1557835200,351,1342,991,1693,20,2.6483897302898702,1.4924282069253916
49,1557849600,413,734,321,1147,20,0.4665455799977811,0.6079649771283181
49,1557864000,996,915,-81,1911,20,-0.8425609101774726,1.8455655404341134
49,1557878400,329,266,-63,595,20,-0.7839442016621626,-0.2862176288203716
49,1557892800,39,26,-13,65,20,-0.6211200113418575,-1.1447625222131352
49,1557906864,42,295,253,337,20,0.2451046811621661,-0.7041508033398679
49,1557907200,83,379,296,462,20,0.38513348483762855,-0.5016638001811973
49,1557909326,17,243,226,260,20,0.1571796183892013,-0.828882797285609
49,1557909407,1,22,21,23,20,-0.5103995619240499,-1.2127981552744487
49,1557921600,353,1040,687,1393,20,1.658418653142415,1.006459399344582
49,1557936000,490,800,310,1290,20,0.430724258127314,0.8396101087418374
49,1557950400,1096,817,-279,1913,20,-1.4873447038458811,1.848805332484652
49,1557964800,335,276,-59,611,20,-0.7709182664365382,-0.26029929241606176
49,1557979200,41,29,-12,70,20,-0.6178635275354514,-1.1366630420867885
49,1557993600,70,338,268,408,20,0.29395193825825766,-0.5891381855457429
49,1558008000,369,1355,986,1724,20,2.63210731125784,1.542644983708742
49,1558022400,540,820,280,1360,20,0.3330297439351309,0.9530028305106929
49,1558036800,1137,976,-161,2113,20,-1.1030796146899609,2.1727845375385253
49,1558051200,357,304,-53,661,20,-0.7513793635981015,-0.1793044911525935
49,1558065600,38,49,11,87,20,-0.542964399988111,-1.1091248096572093
49,1558080000,70,304,234,374,20,0.18323148884045012,-0.6442146504049013
49,1558094400,345,1305,960,1650,20,2.547438732291281,1.4227726778388088
49,1558108800,398,759,361,1157,20,0.5968049322540253,0.6241639373810117
49,1558123200,777,855,78,1632,20,-0.32477998495890203,1.3936145493839602
49,1558137600,323,313,-10,636,20,-0.6113505599226391,-0.21980189178432763
49,1558152000,52,73,21,125,20,-0.5103995619240499,-1.0475687606969735
49,1558166400,63,150,87,213,20,-0.2954716307012471,-0.9050179104732692
49,1558180800,255,327,72,582,20,-0.34431888779733866,-0.30727627714887334
49,1558195200,329,371,42,700,20,-0.4420134019895217,-0.11612854616708826
49,1558209600,359,444,85,803,20,-0.30198459831405927,0.050720744435656384
49,1558224000,225,275,50,500,20,-0.4159615315382729,-0.44010775122096135
49,1558238400,55,54,-1,109,20,-0.5820422056649842,-1.0734870971012833
49,1558252800,38,95,57,133,20,-0.39316614489343016,-1.0346095924948184
49,1558267200,239,276,37,515,20,-0.45829582102155225,-0.41580931084192085
49,1558281600,252,330,78,582,20,-0.32477998495890203,-0.30727627714887334
49,1558296000,316,357,41,673,20,-0.44526988579592786,-0.15986573884936112
49,1558310400,148,128,-20,276,20,-0.6439153979867002,-0.8029644608812991
49,1558324800,22,23,1,45,20,-0.5755292380521719,-1.1771604427185225
49,1558339200,67,351,284,418,20,0.3460556791607553,-0.5729392252930493
49,1558353600,303,1348,1045,1651,20,2.8242398558358,1.4243925738640784
49,1558368000,343,731,388,1074,20,0.6847299950269901,0.4897125672836544
49,1558382400,874,887,13,1761,20,-0.5364514323752987,1.6025811366437084
49,1558396800,302,262,-40,564,21,-0.8929388666434516,-0.2438334591393985
49,1558411200,35,24,-11,59,21,-0.785651673250133,-1.183150286822726
49,1558425600,66,351,285,417,21,0.30941761104029203,-0.5172583574947434
49,1558440000,346,1311,965,1657,21,2.825117318193971,1.7891829619653083
49,1558454400,415,756,341,1171,21,0.5165928810411833,0.8852067674027397
49,1558454858,13,9,-4,22,21,-0.7597547645000216,-1.2519715197420984
49,1558468800,791,914,123,1705,21,-0.28991084860514327,1.8784645614282782
49,1558483200,343,317,-26,660,21,-0.8411450491432287,-0.065270260213459
49,1558497600,39,27,-12,66,21,-0.789351231643006,-1.1701300535677095
49,1558512000,75,347,272,422,21,0.26132335193294226,-0.5079581908840173
49,1558526400,342,1354,1012,1696,21,2.9989965626590047,1.8617242615289713
49,1558540800,393,829,436,1222,21,0.8680509283641237,0.9800684668321451
49,1558555200,886,927,41,1813,21,-0.5932746368207339,2.0793481602199604
49,1558569600,318,286,-32,604,21,-0.8633423995004671,-0.16943212625359036
49,1558584000,42,32,-10,74,21,-0.7819521148572599,-1.155249786990548
49,1558598400,67,377,310,444,21,0.40190657086211845,-0.4670374577968229
49,1558612800,302,1304,1002,1606,21,2.962000978730274,1.694321262535903
49,1558627200,415,727,312,1142,21,0.40930568764786457,0.8312658010605288
49,1558641600,779,880,101,1659,21,-0.3713011332483505,1.7929030286095988
49,1558656000,348,270,-78,618,21,-1.0335220855726277,-0.14339165974355753
49,1558670400,40,45,5,85,21,-0.726458738964164,-1.1347894204469506
49,1558684800,45,333,288,378,21,0.3205162862189112,-0.5897996570584062
49,1558687315,42,138,96,180,21,-0.3897989252127158,-0.9580862548431565
49,1558699200,239,1103,864,1342,21,2.451461920513792,1.2032724654895695
49,1558713600,542,827,285,1369,21,0.30941761104029203,1.25349336518749
49,1558728000,472,782,310,1254,21,0.40190657086211845,1.0395895331407916
49,1558742400,253,364,111,617,21,-0.3343055493196199,-0.14525169306570274
49,1558756800,48,45,-3,93,21,-0.7560552061071485,-1.1199091538697892
49,1558771200,27,172,145,199,21,-0.208520563961936,-0.9227456217223976
49,1558785600,266,265,-1,531,21,-0.7486560893214024,-0.3052145587701902
49,1558800000,295,496,201,791,21,-0.0013452939610447863,0.17839410498756259
49,1558814400,316,578,262,894,21,0.2243277680042117,0.3699775371685185
49,1558828800,187,366,179,553,21,-0.08273557860425204,-0.2642938256829957
49,1558843200,49,50,1,99,21,-0.7412569725356563,-1.108748953936918
49,1558857600,31,107,76,138,21,-0.46379009307017693,-1.036207654373255
49,1558872000,231,278,47,509,21,-0.5710772864634956,-0.3461352918573847
49,1558886400,257,425,168,682,21,-0.12343072092585568,-0.024349527126264533
49,1558900800,307,495,188,802,21,-0.04943955306839453,0.19885447153115982
49,1558915200,127,257,130,384,21,-0.26401393985503185,-0.578639457125535
49,1558929600,21,39,18,60,21,-0.6783644798568143,-1.1812902535005807
49,1558944000,37,129,92,166,21,-0.40459715878420804,-0.9841267213531892
49,1558958400,198,300,102,498,21,-0.36760157485547745,-0.3665956584009819
49,1558972800,246,370,124,616,21,-0.2862112902122702,-0.14711172638784795
49,1558987200,269,454,185,723,21,-0.0605382282470137,0.05191183908168879
49,1559001600,125,191,66,316,22,-0.4139825018175089,-0.8143906990136162
49,1559016000,24,20,-4,44,22,-0.622141994778596,-1.2512409288831543
49,1559030400,69,361,292,430,22,0.2580752897425722,-0.6312990585535893
49,1559044800,332,1341,1009,1673,22,2.3902232390725637,1.3650422492693364
49,1559059200,383,653,270,1036,22,0.19265373481194484,0.3419775565233963
49,1559073600,660,868,208,1528,22,0.008283898189267726,1.1321625311403547
49,1559088000,996,386,-610,1382,22,-2.42420846241315,0.8976767459897939
49,1559102400,37,25,-12,62,22,-0.6459316511170059,-1.222331722494729
49,1559116800,79,361,282,440,22,0.22833821931955978,-0.6152383883377973
49,1559131200,372,1385,1013,1757,22,2.402118067241769,1.499951879081988
49,1559145600,444,761,317,1205,22,0.3324179658001033,0.6134028831702784
49,1559160000,939,850,-89,1789,22,-0.8749070933742017,1.5513460237725218
49,1559174400,191,253,62,444,22,-0.4258773299867139,-0.6088141202514806
49,1559188800,42,35,-7,77,22,-0.6310631159054997,-1.1982407171710412
49,1559203200,64,347,283,411,22,0.23131192636186101,-0.6618143319635937
49,1559217600,337,1330,993,1667,22,2.342643926395744,1.3554058471398613
49,1559232000,413,846,433,1259,22,0.6773679827070476,0.7001305023355543
49,1559246400,863,1046,183,1909,22,-0.06605877786826338,1.744074066362024
49,1559260800,236,324,88,560,22,-0.34856094688688155,-0.42251034574829527
49,1559275200,39,20,-19,59,22,-0.6667476004131146,-1.2271499235594665
49,1559289600,72,363,291,435,22,0.25510158270027095,-0.6232687234456933
49,1559304000,397,1356,959,1753,22,2.241537886957502,1.4935276109956712
49,1559318400,532,845,313,1377,22,0.32052313763089835,0.889646410881898
49,1559332800,787,1011,224,1798,22,0.05586321086608763,1.5658006269667344
49,1559347200,333,381,48,714,22,-0.4675092285789313,-0.17517602442510097
49,1559361600,54,60,6,114,22,-0.5924049243555836,-1.1388162373726114
49,1559376000,41,153,112,194,22,-0.2771919778716517,-1.0103308756462765
49,1559390400,257,315,58,572,22,-0.43777215815591886,-0.4032375414893451
49,1559404800,358,316,-42,674,22,-0.7351428623860432,-0.23941870528826834
49,1559419200,388,414,26,802,22,-0.5329307835095587,-0.033842126526132776
49,1559433600,233,290,57,523,22,-0.4407458651982201,-0.4819348255467251
49,1559448000,53,57,4,110,22,-0.598352338440186,-1.145240505458928
49,1559462400,29,89,60,118,22,-0.4318247440713164,-1.1323919692862945
49,1559476800,226,282,56,508,22,-0.44371957224052133,-0.5060258308704129
49,1559491200,347,343,-4,690,22,-0.622141994778596,-0.21372163294300137
49,1559505600,352,330,-22,682,22,-0.6756687215400183,-0.22657016911563485
49,1559520000,143,150,7,293,22,-0.5894312173132823,-0.8513302405099374
49,1559534400,20,17,-3,37,22,-0.6191682877362947,-1.2624833980342085
49,1559548800,66,380,314,446,22,0.32349684467319956,-0.6056019862083223
49,1559563200,367,1346,979,1713,22,2.3010120278035266,1.4292849301325037
49,1559577600,380,790,410,1170,22,0.608972720734119,0.5571905374150069
49,1559592000,895,903,8,1798,22,-0.586457510270981,1.5658006269667344
49,1559606400,331,240,-91,571,23,-0.9137003012541037,-0.41985813401928235
49,1559620800,40,29,-11,69,23,-0.6759369346233323,-1.2319981168739902
49,1559635200,73,422,349,495,23,0.3939982152151391,-0.5428115975590388
49,1559641731,106,462,356,568,23,0.4148025097953316,-0.42471156021164114
49,1559645401,35,88,53,123,23,-0.48572624131871517,-1.1446364454115316
49,1559649600,347,1354,1007,1701,23,2.349601905753234,1.4082657317692033
49,1559664000,404,774,370,1178,23,0.4564110989557166,0.562151765567984
49,1559678400,1102,923,-179,2025,23,-1.1752400045479523,1.932435760543955
49,1559692800,347,269,-78,616,23,-0.8750637541766033,-0.34705674113390017
49,1559707200,43,23,-20,66,23,-0.7026853133692941,-1.236851543066349
49,1559721600,79,379,300,458,23,0.2483681531537916,-0.6026705205981309
49,1559736000,372,1505,1133,1877,23,2.7240792081966987,1.693000068387587
49,1559750400,396,796,400,1192,23,0.5455723614422558,0.5848010877989918
49,1559764800,976,925,-51,1901,23,-0.794818617938718,1.7318274779264575
49,1559779200,360,294,-66,654,23,-0.8393992491819876,-0.2855800093640219
49,1559793600,47,33,-14,80,23,-0.6848530608719862,-1.2142022208353411
49,1559808000,71,368,297,439,23,0.23945202690513767,-0.63340888648307
49,1559822400,350,1469,1119,1819,23,2.6824706190363137,1.5991671620019834
49,1559836800,409,779,370,1188,23,0.4564110989557166,0.5783298528758466
49,1559851200,950,962,12,1912,23,-0.6075799667169854,1.7496233739651066
49,1559865600,386,314,-72,700,23,-0.8572315016792955,-0.21116080774785342
49,1559880000,42,38,-4,80,23,-0.6551326400431398,-1.2142022208353411
49,1559894400,69,369,300,438,23,0.2483681531537916,-0.6350266952138564
49,1559908800,333,1334,1001,1667,23,2.331769653255926,1.3532602349224703
49,1559923200,468,808,340,1276,23,0.3672498364691773,0.7206970211850384
49,1559937600,788,861,73,1649,23,-0.4262853996610223,1.3241396777683174
49,1559952000,348,385,37,733,23,-0.5332789146448694,-0.1577731196319065
49,1559966400,49,86,37,135,23,-0.5332789146448694,-1.1252227406420963
49,1559980800,40,140,100,180,23,-0.34604026342313693,-1.0524213477567141
49,1559995200,260,284,24,544,23,-0.5719154617223697,-0.4635389697505116
49,1560009600,399,429,30,828,23,-0.5540832092250619,-0.004081290207210785
49,1560024000,386,590,204,976,23,-0.03694788680313409,0.23535440194915727
49,1560038400,238,367,129,605,23,-0.2598510430194823,-0.3648526371725491
49,1560052800,44,76,32,120,23,-0.5481391250592926,-1.1494898716038904
49,1560067200,37,90,53,127,23,-0.48572624131871517,-1.1381652104883864
49,1560081600,243,330,87,573,23,-0.3846768105006373,-0.41662251655770977
49,1560096000,379,446,67,825,23,-0.44411765215833016,-0.008934716399569597
49,1560110400,306,443,137,749,23,-0.23607470635640515,-0.13188817993932617
49,1560124800,174,244,70,418,23,-0.4352015259096762,-0.6673828698295817
49,1560139200,24,26,2,50,23,-0.637300387545832,-1.2627364827589294
49,1560153600,73,355,282,428,23,0.19487139566186804,-0.651204782521719
49,1560168000,341,1356,1015,1697,23,2.373378242416311,1.4017944968460583
49,1560182400,358,723,365,1081,23,0.4415508885412934,0.40522431868171566
49,1560196800,887,845,-42,1732,23,-0.7680702391927562,1.4584178024235779
49,1560211200,200,264,64,464,24,-0.6401351082122577,-0.7684834566125418
49,1560225600,57,23,-34,80,24,-0.9182799030608131,-1.345832729959015
49,1560240000,69,383,314,452,24,0.0694179398707916,-0.786525621404619
49,1560254400,370,1510,1140,1880,24,2.4137812107371865,1.3604919888525777
49,1560268800,403,798,395,1201,24,0.29931312744969957,0.33960616436753804
49,1560283200,905,875,-30,1780,24,-0.9069270542914842,1.210140615585267
49,1560297600,233,314,81,547,24,-0.5918855009426104,-0.6436918168006739
49,1560312000,44,34,-10,78,24,-0.8501628104448403,-1.3488397574243611
49,1560326400,79,385,306,464,24,0.04671224233213402,-0.7684834566125418
49,1560340800,354,1370,1016,1724,24,2.0618428988879938,1.125943846555573
49,1560355200,447,804,357,1251,24,0.19146106414107608,0.41478185100119336
49,1560369600,910,1052,142,1962,24,-0.4187545572103463,1.4837801149317724
49,1560384000,253,311,58,564,24,-0.6571643813662509,-0.6181320833452311
49,1560398400,48,32,-16,80,24,-0.8671920835988335,-1.345832729959015
49,1560412800,73,356,283,429,24,-0.01856663809150651,-0.8211064372561006
49,1560427200,331,1363,1032,1694,24,2.107254293965309,1.0808384345753796
49,1560441600,416,744,328,1160,24,0.10915291056344237,0.27796210132794064
49,1560456000,967,926,-41,1893,24,-0.9381473884071384,1.380037667377328
49,1560470400,293,331,38,624,24,-0.7139286252128948,-0.5279212593848447
49,1560484800,54,36,-18,90,24,-0.8728685079834979,-1.3307975926322837
49,1560499200,66,347,281,413,24,-0.024243062476170904,-0.8451626569788703
49,1560513600,369,1219,850,1588,24,1.590699674960849,0.9214659789120304
49,1560528000,504,757,253,1261,24,-0.10371300386147243,0.4298169883279244
49,1560542400,782,942,160,1724,24,-0.3676667377483668,1.125943846555573
49,1561161600,9789,9146,-643,18935,25,-2.6298338521465405,4.093444006197553
49,1561176000,68,81,13,149,25,-0.40492318895628826,-0.3824123327299092
49,1561190400,38,211,173,249,25,0.13773794840718787,-0.35858684386092454
49,1561204800,362,412,50,774,25,-0.2794328009409844,-0.2335030272987549
49,1561219200,465,620,155,1085,25,0.0766885704537968,-0.15940575691621256
49,1561233600,505,725,220,1230,25,0.29714465750770896,-0.12485879805618476
49,1561248000,284,433,149,717,25,0.056338777802666454,-0.2470835559540762
49,1561262400,53,79,26,132,25,-0.3608319715455058,-0.3864626658376366
49,1561276800,30,158,128,188,25,-0.014885496476289785,-0.37312039207100517
49,1561291200,282,325,43,607,25,-0.30317422570063646,-0.27329159370995937
49,1561305600,378,541,163,919,25,0.10382162732197062,-0.19895606843872712
49,1561320000,331,554,223,885,25,0.30731955383327414,-0.20705673465418192
49,1561334400,200,341,141,541,25,0.029205720934492647,-0.28901641636348924
49,1561348800,21,29,8,50,25,-0.4218813494988969,-0.40599956671020404
49,1561363200,72,397,325,469,25,0.6532660289024902,-0.3061707683491582
49,1561377600,348,1351,1003,1699,25,2.95279259848022,-0.013117255260646592
49,1561392000,394,711,317,1105,25,0.6261329720343164,-0.15464065914241562
49,1561406400,975,864,-111,1839,25,-0.8254855704129822,0.020238429155931967
49,1561420800,265,290,25,555,26,-0.5956983837134097,-0.4849732400932623
49,1561435200,31,28,-3,59,26,-0.6848711560208142,-1.2876875685234896
49,1561449600,55,345,290,400,26,0.24825821133881157,-0.7358214677277084
49,1561464000,349,1420,1071,1769,26,2.735541610341773,1.4797348137662054
49,1561478400,407,743,336,1150,26,0.39475633727240467,0.477960278890579
49,1561492800,938,895,-43,1833,26,-0.8122608307456778,1.5833108561442994
49,1561507200,336,309,-27,645,26,-0.7613049608557323,-0.3393194304990678
49,1561521600,34,27,-7,61,26,-0.6976101234933005,-1.2844508171991742
49,1561536000,72,386,314,458,26,0.3246920161737297,-0.6419556793225608
49,1561550400,380,1507,1127,1887,26,2.913887154956582,1.6707031419008163
49,1561564800,459,772,313,1231,26,0.3215072743056081,0.609048707525354
49,1561579200,903,955,52,1858,26,-0.5097103532741267,1.6237702476982423
49,1561593600,336,347,11,683,26,-0.6402847698671119,-0.2778211553370746
49,1561608000,46,31,-15,77,26,-0.7230880584382733,-1.2585568066046509
49,1561622400,76,370,294,446,26,0.2609971788112979,-0.6613761872684534
49,1561636800,393,1350,957,1743,26,2.3724810373759118,1.4376570465501048
49,1561651200,438,796,358,1234,26,0.46482065837107966,0.6139038345118272
49,1561665600,951,1018,67,1969,26,-0.4619392252523029,1.8034099461977489
49,1561680000,374,382,8,756,26,-0.6498389954714767,-0.1596797319995613
49,1561694400,39,52,13,91,26,-0.6339152861308688,-1.2358995473344427
49,1561708800,59,337,278,396,26,0.2100413089213525,-0.7422949703763392
49,1561723200,388,1280,892,1668,26,2.1654728159480086,1.316278871888276
49,1561737600,486,807,321,1293,26,0.34698520925058085,0.7093879985791325
49,1561752000,745,863,118,1608,26,-0.29951738997810184,1.2191763321588132
49,1561766400,259,406,147,665,26,-0.20715987580257575,-0.3069519172559135
49,1561780800,46,83,37,129,26,-0.5574814812959507,-1.1744012721724495
49,1561795200,41,155,114,196,26,-0.3122563574505882,-1.0659701028078825
49,1561809600,279,266,-13,545,26,-0.71671857470203,-0.5011569967148395
49,1561824000,438,460,22,898,26,-0.6052526093177745,0.07012961202683445
49,1561838400,428,501,73,929,26,-0.44283077404357335,0.12029925755372366
49,1561852800,245,354,109,599,26,-0.32818006679119616,-0.4137647109583228
49,1561867200,45,88,43,133,26,-0.538373030087221,-1.1679277695238186
49,1561881600,41,92,51,133,26,-0.5128950951422484,-1.1679277695238186
49,1561896000,324,243,-81,567,26,-0.9332810217342982,-0.4655527321473697
49,1561910400,526,443,-83,969,26,-0.9396505054705414,0.1850342840400323
49,1561924800,321,435,114,756,26,-0.3122563574505882,-0.1596797319995613
49,1561939200,160,246,86,406,26,-0.4014291297579927,-0.7261112137547621
49,1561953600,28,30,2,58,26,-0.6689474466802062,-1.2893059441856474
49,1561968000,80,363,283,443,26,0.22596501826196044,-0.6662313142549265
49,1561982400,364,1291,927,1655,26,2.276938781332264,1.295239988280226
49,1561996800,456,657,201,1113,26,-0.03518381492400991,0.4180803793907435
49,1562011200,854,978,124,1832,26,-0.2804089387693723,1.5816924804821417
49,1562025600,211,344,133,555,27,-0.03750392319671983,0.20378340632379557
49,1562040000,53,32,-21,85,27,-0.7355301584448302,-0.7398441894612676
49,1562054400,42,372,330,414,27,0.8554257413739149,-0.0793048724117234
49,1562057433,55,211,156,266,27,0.06674674830137459,-0.3764471791695731
49,1562068800,339,1313,974,1652,27,3.7744445433205582,2.4062503692519113
49,1562083200,399,726,327,1125,27,0.8418278277002504,1.3481828309992978
49,1562097600,846,968,122,1814,27,-0.08736294000015628,2.7315007320544225
49,1562112000,237,356,119,593,27,-0.10096085367382077,0.2800767013021624
49,1562126400,48,67,19,115,27,-0.5542246427959704,-0.679612640794136
49,1562140800,71,330,259,401,27,0.5336084510971887,-0.10540521016748047
49,1562143408,25,99,74,124,27,-0.3049295587787881,-0.6615431761939965
49,1562155200,354,1165,811,1519,27,3.0356245670514546,2.1392238368276275
49,1562169600,580,711,131,1291,27,-0.04656919897916282,1.6814640669574266
49,1562183316,475,701,226,1176,27,0.3840314006868793,1.4505764637334218
49,1562183397,3,9,6,12,27,-0.6131489353818498,-0.8864076245512882
49,1562183478,1,4,3,5,27,-0.6267468490555143,-0.9004616525736189
49,1562183558,3,2,-1,5,27,-0.6448774006204003,-0.9004616525736189
49,1562183639,2,3,1,5,27,-0.6358121248379573,-0.9004616525736189
49,1562183719,2,0,-2,2,27,-0.6494100385116218,-0.906484807440332
49,1562183804,1,4,3,5,27,-0.6267468490555143,-0.9004616525736189
49,1562183885,2,0,-2,2,27,-0.6494100385116218,-0.906484807440332
49,1562183966,1,0,-1,1,27,-0.6448774006204003,-0.9084925257292364
49,1562184000,580,287,-293,867,27,-1.968407664857077,0.8301915124619652
49,1562184046,0,0,0,0,27,-0.6403447627291788,-0.9105002440181408
49,1562184128,1,0,-1,1,27,-0.6448774006204003,-0.9084925257292364
49,1562184207,2,0,-2,2,27,-0.6494100385116218,-0.906484807440332
49,1562184289,2,0,-2,2,27,-0.6494100385116218,-0.906484807440332
49,1562184369,3,0,-3,3,27,-0.6539426764028433,-0.9044770891514277
49,1562198400,230,387,157,617,27,0.07127938619259608,0.32826194023586774
49,1562212800,39,53,14,92,27,-0.5768878322520778,-0.7257901614389369
49,1562227200,46,133,87,179,27,-0.24600526619290863,-0.551118670304255
49,1562230299,27,47,20,74,27,-0.5496920049047489,-0.761929090639216
49,1562230380,2,0,-2,2,27,-0.6494100385116218,-0.906484807440332
49,1562230462,15,22,7,37,27,-0.6086162974906283,-0.8362146673286783
49,1562230542,2,0,-2,2,27,-0.6494100385116218,-0.906484807440332
49,1562241600,195,183,-12,378,27,-0.6947364174238367,-0.15158273081228144
49,1562256000,273,334,61,607,27,-0.3638538513646675,0.3081847573468238
49,1562270400,391,319,-72,710,27,-0.9666946908971265,0.514979741103976
49,1562284800,240,599,359,839,27,0.9868722402193383,0.7739754003726423
49,1562299200,19,116,97,135,27,-0.2006788872806937,-0.6394582750160481
49,1562313600,53,240,187,293,27,0.20725852292924096,-0.32223878536915457
49,1562328000,223,568,345,791,27,0.9234153097422373,0.6776049225052316
49,1562342400,350,572,222,922,27,0.36590084912199333,0.9406160183517066
49,1562356800,351,713,362,1064,27,1.0004701538930028,1.22571201537613
49,1562371200,126,399,273,525,27,0.5970653815742896,0.14355185765666387
49,1562385600,49,68,19,117,27,-0.5542246427959704,-0.6755972042163272
49,1562400000,27,94,67,121,27,-0.3366580240173386,-0.6675663310607096
49,1562414400,136,227,91,363,27,-0.22787471462802267,-0.1816985051458473
49,1562428800,153,364,211,517,27,0.31604183231855687,0.12749011134542876
49,1562443200,149,500,351,649,27,0.9506111370895663,0.39250892548080824
49,1562457600,88,271,183,359,27,0.18912797136435497,-0.18972937830146486
49,1562472000,27,65,38,92,27,-0.46810452286276194,-0.7257901614389369
49,1562486400,23,75,52,98,27,-0.404647592385661,-0.7137438517055106
49,1562500800,135,232,97,367,27,-0.2006788872806937,-0.17366763199022972
49,1562515200,120,354,234,474,27,0.4202925038166513,0.041158224922539996
49,1562529600,138,398,260,536,27,0.5381410889884102,0.16563675883461215
49,1562544000,91,228,137,319,27,-0.019373371631833843,-0.27003810985764043
49,1562558400,15,22,7,37,27,-0.6086162974906283,-0.8362146673286783
49,1562572800,62,370,308,432,27,0.755707707767042,-0.04316594321144438
49,1562587200,326,1328,1002,1654,27,3.9013584042747604,2.41026580582972
49,1562601600,349,624,275,973,27,0.6061306573567325,1.0430096510858304
49,1562616000,871,829,-42,1700,27,-0.8307155541604816,2.502620847119322
49,1562630400,270,278,8,548,28,-0.7170557787594519,-0.38793486828154883
49,1562644800,48,21,-27,69,28,-0.828444555550786,-1.1651954678322112
49,1562659200,68,394,326,462,28,0.294990821801812,-0.5274847880338598
49,1562673600,370,1386,1016,1756,28,2.4909409928309696,1.5722547021927726
49,1562688000,403,717,314,1120,28,0.25680038404478317,0.5402343654198684
49,1562702400,894,791,-103,1685,28,-1.0703173280119687,1.4570448847228417
49,1562716800,333,295,-38,628,28,-0.8634524568280625,-0.2581209894421898
49,1562731200,52,26,-26,78,28,-0.8252620190710336,-1.1505914064627831
49,1562745600,75,371,296,446,28,0.19951472740923992,-0.5534475638017317
49,1562760000,375,1328,953,1703,28,2.290441194606568,1.4862530074616973
49,1562774400,389,812,423,1201,28,0.603696860337795,0.6716709177447193
49,1562788800,982,952,-30,1934,28,-0.8379921649900433,1.8610905826103468
49,1562803200,353,256,-97,609,28,-1.0512221091334542,-0.28895178566653756
49,1562817600,55,33,-22,88,28,-0.812531873152024,-1.1343646716078633
49,1562832000,76,356,280,432,28,0.1485941437332015,-0.5761649925986194
49,1562846400,390,1405,1015,1795,28,2.487758456351217,1.6355389681269603
49,1562860800,433,808,375,1241,28,0.4509351093096797,0.7365778571643988
49,1562875200,890,937,47,1827,28,-0.5929368560491083,1.687464519662704
49,1562889600,341,209,-132,550,28,-1.1626108859247883,-0.38468952131056483
49,1562904000,46,41,-5,87,28,-0.7584287529962331,-1.1359873450933553
49,1562918400,71,319,248,390,28,0.04675297638112462,-0.6443172789892829
49,1562932800,334,1296,962,1630,28,2.31908402292434,1.3677978430207822
49,1562947200,502,774,272,1276,28,0.12313385189518228,0.7933714291566185
49,1562961600,688,829,141,1517,28,-0.29377842695238243,1.1844357391601876
49,1562976000,178,313,135,491,28,-0.31287364583089683,-0.48042725695459215
49,1562990400,61,50,-11,111,28,-0.7775239718747476,-1.0970431814415476
49,1563004800,25,136,111,161,28,-0.38925452134495453,-1.0159095071669482
49,1563019200,135,339,204,474,28,-0.09327862872798108,-0.5080127062079559
49,1563033600,194,468,274,662,28,0.1294989248546871,-0.20295009093546218
49,1563048000,197,530,333,727,28,0.31726857716007884,-0.09747631437848298
49,1563062400,140,309,169,449,28,-0.20466740551931517,-0.5485795433452556
49,1563076800,35,44,9,79,28,-0.7138732422796995,-1.1489687329772913
49,1563091200,20,75,55,95,28,-0.567476564211089,-1.1230059572094193
49,1563105600,83,256,173,339,28,-0.19193725960030555,-0.7270736267493744
49,1563120000,161,377,216,538,28,-0.05508819097095226,-0.4041616031364687
49,1563134400,145,388,243,533,28,0.03084029398236261,-0.41227497056392864
49,1563148800,81,212,131,293,28,-0.32560379174990645,-0.8017166070820058
49,1563163200,17,17,0,34,28,-0.7425160705974712,-1.2219890398244306
49,1563177600,76,369,293,445,28,0.18996711796998272,-0.5550702372872236
49,1563192000,321,1328,1007,1649,28,2.462298164513198,1.39862863924513
49,1563206400,381,699,318,1080,28,0.2695305299637928,0.4753274260001888
49,1563220800,941,884,-57,1825,28,-0.9239206499433581,1.6842191726917202
49,1563235200,293,322,29,615,29,-0.600064861793277,-0.27085378827118056
49,1563249600,44,22,-22,66,29,-0.763902292310291,-1.1608935126194213
49,1563264000,73,335,262,408,29,0.14844732076484585,-0.6064425367959271
49,1563278400,390,1477,1087,1867,29,2.7987586967753666,1.7588907197142425
49,1563279788,19,13,-6,32,29,-0.7125023141088749,-1.2160143698650319
49,1563292800,450,824,374,1274,29,0.508247168174759,0.797518121283447
49,1563307200,924,1001,77,1925,29,-0.44586492718902854,1.8529204173685192
49,1563321600,350,302,-48,652,29,-0.8474272568875924,-0.21086932597448677
49,1563336000,43,23,-20,66,29,-0.7574772950351141,-1.1608935126194213
49,1563350400,89,385,296,474,29,0.2576722744428552,-0.49944322567209487
49,1563364800,402,1473,1071,1875,29,2.7473587185739503,1.7718603331837979
49,1563379200,463,767,304,1230,29,0.28337226354356326,0.7261852472008923
49,1563393600,948,1022,74,1970,29,-0.45550242310179406,1.9258744931347684
49,1563408000,342,269,-73,611,29,-0.9277397228273051,-0.2773385950059583
49,1563422400,42,22,-20,64,29,-0.7574772950351141,-1.16413591598681
49,1563436800,76,338,262,414,29,0.14844732076484585,-0.5967153266937605
49,1563451200,370,1348,978,1718,29,2.448596345278219,1.5173316688437728
49,1563465600,368,709,341,1077,29,0.4022347131343381,0.4781413895956449
49,1563480000,885,947,62,1832,29,-0.4940524067528562,1.7021486607849377
49,1563494400,353,278,-75,631,29,-0.9341647201024821,-0.24491456133206976
49,1563508800,55,34,-21,89,29,-0.7606897936727025,-1.1236058738944494
49,1563523200,63,337,274,400,29,0.18699730441590795,-0.6194121502654825
49,1563537600,308,1228,920,1536,29,2.2622714242980853,1.222272962411387
49,1563552000,462,790,328,1252,29,0.3604722308456875,0.7618516842421696
49,1563566400,541,682,141,1223,29,-0.2402650143833639,0.7148368354150313
49,1563580800,253,301,48,554,29,-0.5390273876790953,-0.3697470909765407
49,1563595200,44,59,15,103,29,-0.6450398427195162,-1.1009090503227275
49,1563609600,34,123,89,157,29,-0.40731494353796643,-1.0133641594032283
49,1563624000,231,302,71,533,29,-0.4651399190145596,-0.40379232633412365
49,1563638400,272,420,148,692,29,-0.21777752392024433,-0.14602125862670967
49,1563652800,304,477,173,781,29,-0.13746505798053157,-0.0017343087779056409
49,1563667200,184,338,154,522,29,-0.19850253209471327,-0.42162554485476234
49,1563681600,43,59,16,102,29,-0.6418273440819277,-1.1025302520064217
49,1563696000,30,80,50,110,29,-0.5326023904039183,-1.0895606385368664
49,1563710400,173,256,83,429,29,-0.4265899353634975,-0.5723973014383441
49,1563724800,258,397,139,655,29,-0.2466900116585409,-0.2060057209234035
49,1563739200,222,379,157,601,29,-0.18886503618194772,-0.2935506118429026
49,1563753600,133,169,36,302,29,-0.5775773713301574,-0.7782899152675363
49,1563768000,20,24,4,44,29,-0.6803773277329898,-1.1965599496606987
49,1563782400,76,354,278,430,29,0.199847298966262,-0.5707760997546497
49,1563796800,321,1288,967,1609,29,2.413258860264745,1.3406206853210803
49,1563811200,376,644,268,1020,29,0.1677223125903769,0.3857328936250625
49,1563825600,848,836,-12,1684,29,-0.7317773059344059,1.4622108115981622
49,1563840000,259,172,-87,431,30,-0.9224770140661139,-0.6561627488948504
49,1563854400,39,22,-17,61,30,-0.7077529207073147,-1.2778790538656433
49,1563868800,100,413,313,513,30,0.3045178051270243,-0.5183769731986205
49,1563875981,202,417,215,619,30,0.0039040744247054635,-0.3402636533961772
49,1563883200,169,1467,1298,1636,30,3.3259925473901273,1.3686160281046238
49,1563897600,408,700,292,1108,30,0.24010057711938457,0.4814100577679248
49,1563912000,975,864,-111,1839,30,-0.9960967032177023,1.7097198386696804
49,1563926400,327,228,-99,555,30,-0.9592868586419081,-0.44780377101274677
49,1563940800,48,39,-9,87,30,-0.683213024323452,-1.234190881083912
49,1563954316,18,67,49,85,30,-0.5052987755404469,-1.2375515097594296
49,1563955200,69,378,309,447,30,0.2922478569350929,-0.629277719490708
49,1563969600,374,1353,979,1727,30,2.3474641790835995,1.5215246328406837
49,1563984000,395,702,307,1097,30,0.2861128828391273,0.46292660005257685
49,1563998400,927,986,59,1913,30,-0.47462390506061847,1.834063099663839
49,1564012800,343,349,6,692,30,-0.6372007186037093,-0.21760070673977752
49,1564027200,52,38,-14,90,30,-0.6985504595633661,-1.2291499380706352
49,1564041600,72,357,285,429,30,0.21862816778350466,-0.6595233775703682
49,1564056000,382,1355,973,1737,30,2.3290592567957025,1.5383277762182728
49,1564070400,400,772,372,1172,30,0.48549954095801223,0.5889501753844943
49,1564084800,905,857,-48,1762,30,-0.802845019194783,1.5803356346622452
49,1564099200,366,313,-53,679,30,-0.8181824544346973,-0.2394447931306432
49,1564113600,49,45,-4,94,30,-0.6678755890835377,-1.2224286807195996
49,1564128000,65,334,269,399,30,0.16954837501577913,-0.7099328077031352
49,1564142400,364,1281,917,1645,30,2.157279982108663,1.383738857144454
49,1564156800,476,781,305,1257,30,0.2799779087431616,0.7317768940940008
49,1564171200,750,865,115,1615,30,-0.3028446303735791,1.3333294270116869
49,1564185600,316,371,55,687,30,-0.4868938532525498,-0.226002278428572
49,1564200000,61,113,52,174,30,-0.4960963143964984,-1.0880035336988876
49,1564214400,51,148,97,199,30,-0.3580593972372703,-1.045995675254915
49,1564228800,285,293,8,578,30,-0.6310657445077436,-0.40915654124429207
49,1564243200,414,590,176,1004,30,-0.11572792044662551,0.3066573666409992
49,1564257600,437,630,193,1067,30,-0.06358064063091715,0.41251716991980986
49,1564272000,253,461,208,714,30,-0.017568334911174457,-0.18063379130908172
49,1564286400,67,93,26,160,30,-0.5758509776440524,-1.1115279344275122
49,1564300800,36,86,50,122,30,-0.502231288492464,-1.1753798792623504
49,1564315200,247,268,21,515,30,-0.5911884128839666,-0.5150163445231027
49,1564329600,377,456,79,833,30,-0.4132741641009615,0.019323614884227347
49,1564344000,351,524,173,875,30,-0.12493038159057406,0.08989681707010114
49,1564358400,151,270,119,421,30,-0.2905746821816477,-0.6729658922724393
49,1564372800,18,24,6,42,30,-0.6372007186037093,-1.3098050262830623
49,1564387200,72,352,280,424,30,0.20329073254359042,-0.6679249492591627
49,1564401600,364,1364,1000,1728,30,2.411881407091239,1.5232049471784426
49,1564416000,390,743,353,1133,30,0.42721728704633816,0.5234179162118973
49,1564430400,947,834,-113,1781,30,-1.002231677313668,1.6122616070796643
49,1564444800,185,283,98,468,31,-0.6064055154619575,-0.7128448797478211
49,1564459200,47,27,-20,74,31,-0.953457702000591,-1.3085775655995482
49,1564473600,82,353,271,435,31,-0.09759171655362192,-0.7627412722176358
49,1564488000,388,1370,982,1758,31,1.99354476335289,1.2376504622540263
49,1564502400,420,772,352,1192,31,0.14063902166357567,0.3818517308020529
49,1564516800,943,950,7,1893,31,-0.8740474559281919,1.4417720678123591
49,1564531200,227,302,75,529,31,-0.6740512806347421,-0.6206121542733152
49,1564545600,59,244,185,303,31,-0.35052805589533786,-0.9623268420968946
49,1564560000,82,398,316,480,31,0.034758693567043406,-0.6947007370315249
49,1564574400,415,1425,1010,1840,31,2.075896129650193,1.3616354374820507
49,1564588800,406,793,387,1199,31,0.24357822953520425,0.39243581405322575
49,1564603200,979,925,-54,1904,31,-1.053455789647316,1.4584041986356306
49,1564617600,234,315,81,549,31,-0.6564045592853199,-0.5903719164128214
49,1564632000,52,37,-15,89,31,-0.9387521008760726,-1.285897387204178
49,1564646400,56,381,325,437,31,0.06122877559117647,-0.7597172484315864
49,1564660800,359,1365,1006,1724,31,2.0641316487505783,1.186242057891187
49,1564675200,451,792,341,1243,31,0.10828669918963525,0.45896433734631203
49,1564689600,878,978,100,1856,31,-0.6005232750121502,1.3858276277704458
49,1564704000,243,363,120,606,31,-0.5417008705140767,-0.5041872385104141
49,1564718400,59,33,-26,92,31,-0.9711044233500131,-1.2813613515251037
49,1564732800,71,358,287,429,31,-0.05053379295516314,-0.7718133435757839
49,1564747200,352,1216,864,1568,31,1.6464925768142566,0.9503682025793356
49,1565395200,9208,6354,-2854,15562,32,-3.9603739542708483,4.082292743483262
49,1565409600,71,109,38,180,32,0.04921872059394893,-0.39128185961685186
49,1565424000,58,163,105,221,32,0.14211039044731733,-0.3793577562020095
49,1565438400,365,406,41,771,32,0.053378049094846024,-0.21940027136875878
49,1565452800,405,568,163,973,32,0.22252407479799446,-0.16065224966636488
49,1565467200,422,614,192,1036,32,0.262730916973333,-0.1423298468581925
49,1565481600,202,493,291,695,32,0.39998875750293705,-0.24150348745480796
49,1565496000,51,63,12,114,32,0.01317120691950746,-0.41047675779684195
49,1565510400,37,86,49,123,32,0.06446959176390493,-0.40785927168138875
49,1565524800,279,260,-19,539,32,-0.02980852092309583,-0.28687324678933
49,1565539200,397,476,79,873,32,0.10606287677287586,-0.18973542872695592
49,1565553600,333,563,230,896,32,0.31541574465136285,-0.18304629754301996
49,1565568000,183,308,125,491,32,0.16983924711996462,-0.3008331727384137
49,1565582400,27,40,13,67,32,0.014557649753139824,-0.42414585195531973
49,1565596800,71,342,271,413,32,0.3722599008302898,-0.3235180524056747
49,1565611200,406,1281,875,1687,32,1.2096713723442378,0.04700164882625518
49,1565625600,352,720,368,1072,32,0.5067448556926292,-0.13185990239637974
49,1565640000,839,905,66,1744,32,0.08803911993565512,0.06357906089079209
49,1565654400,256,320,64,576,33,-0.277751052415036,-0.3103821470106455
49,1565668800,48,24,-24,72,33,-0.3487250492157808,-0.6787890825226643
49,1565683200,65,352,287,417,33,-0.09789649234042129,-0.4266057635709848
49,1565697600,367,1386,1019,1753,33,0.4924781174112287,0.5499650019926208
49,1565712000,407,709,302,1116,33,-0.08579865197665798,0.0843395696093747
49,1565726400,855,829,-26,1684,33,-0.3503380945976159,0.49952833820228487
49,1565740800,308,296,-12,604,33,-0.33904677692477014,-0.2899150950377556
49,1565755200,42,25,-17,67,33,-0.3430793903793579,-0.682443913232109
49,1565769600,84,365,281,449,33,-0.10273562848592663,-0.40321484703053917
49,1565784000,378,1362,984,1740,33,0.4642498232291143,0.5404624421480647
49,1565798400,390,798,408,1188,33,-0.0003072467393971855,0.1369691318253774
49,1565812800,903,849,-54,1752,33,-0.37292072994330744,0.5492340358507318
49,1565827200,290,313,23,603,33,-0.3108184827426557,-0.2906460611796445
49,1565841600,47,30,-17,77,33,-0.3430793903793579,-0.6751342518132197
49,1565856000,74,353,279,427,33,-0.10434867386776173,-0.4192961021520955
49,1565870400,387,1373,986,1760,33,0.4658628686109494,0.5550817649858433
49,1565884800,408,787,379,1195,33,-0.02369640477600627,0.1420858948185999
49,1565899200,887,954,67,1841,33,-0.27533148434228333,0.6142900224788463
49,1565913600,310,378,68,688,33,-0.27452496165136575,-0.22851393911908577
49,1565928000,51,46,-5,97,33,-0.33340111808834727,-0.6605149289754412
49,1565942400,61,333,272,394,33,-0.10999433270418461,-0.44341798483443007
49,1565956800,326,1181,855,1507,33,0.36020839610074973,0.3701473310879449
49,1565971200,608,698,90,1306,33,-0.25678146245117955,0.2232231365682707
49,1565985600,650,793,143,1443,33,-0.21403575983254916,0.3233654980070536
49,1566000000,291,386,95,677,33,-0.2527488489965918,-0.23655456667986394
49,1566014400,56,56,0,112,33,-0.3293685046337595,-0.6495504368471073
49,1566028800,35,144,109,179,33,-0.241457531323746,-0.6005757053405493
49,1566043200,230,281,51,511,33,-0.2882358473969642,-0.3578949462334257
49,1566057600,330,416,86,746,33,-0.26000755321484975,-0.18611790288952804
49,1566072000,305,477,172,782,33,-0.1906466017959401,-0.15980312178152667
49,1566086400,188,358,170,546,33,-0.1922596471777752,-0.3323111312673133
49,1566100800,415,8542,8127,8957,33,6.225241404453207,5.8158450881604455
49,1566115200,23,101,78,124,33,-0.2664597347421902,-0.6407788431444402
49,1566129600,207,198,-9,405,33,-0.33662720885201747,-0.4353773572736519
49,1566144000,267,373,106,640,33,-0.24387709939649868,-0.2636003139297542
49,1566158400,222,482,260,704,33,-0.11967260499519528,-0.21681848084886293
49,1566172800,104,196,92,300,33,-0.25516841706934446,-0.5121288021719892
49,1566187200,20,28,8,48,33,-0.32291632310641905,-0.6963322699279986
49,1566201600,52,316,264,368,33,-0.11644651423152505,-0.4624231045235422
49,1566216000,343,1156,813,1499,33,0.32633444308221243,0.3642996019528335
49,1566230400,339,712,373,1051,33,-0.028535540921511598,0.0368267703865945
49,1566244800,808,813,5,1621,33,-0.3253358911791717,0.45347747126328253
49,1566259200,242,257,15,499,34,-0.6905622700889206,-0.4739576781089441
49,1566273600,42,26,-16,68,34,-0.8027829485282334,-1.257910701603837
49,1566288000,90,443,353,533,34,0.5330051270881034,-0.4121145161627113
49,1566302400,373,1269,896,1642,34,2.4986770107186476,1.6050639132011777
49,1566316800,427,737,310,1164,34,0.3773441860271211,0.7356218128982571
49,1566331200,840,822,-18,1662,34,-0.8100229922985116,1.6414422437577851
49,1566345600,282,296,14,578,34,-0.6941822919740597,-0.33026327241034426
49,1566360000,44,35,-9,79,34,-0.7774427953322596,-1.2379026197977028
49,1566374400,63,343,280,406,34,0.2687435294729474,-0.6431169151971693
49,1566388800,346,1330,984,1676,34,2.8172389366108908,1.6669070751474104
49,1566403200,372,678,306,1050,34,0.3628640984865646,0.5282653287255941
49,1566417600,884,875,-9,1759,34,-0.7774427953322596,1.8178771469573318
49,1566432000,317,312,-5,629,34,-0.762962707791703,-0.237498529490995
49,1566446400,40,30,-10,70,34,-0.7810628172173987,-1.254272868548176
49,1566460800,79,345,266,424,34,0.21806322308099962,-0.6103764176962224
49,1566475200,371,1282,911,1653,34,2.5529773389957344,1.6250719950073118
49,1566489600,408,746,338,1154,34,0.4787047988110166,0.7174326476199533
49,1566504000,798,871,73,1669,34,-0.4806010007508513,1.654174659452598
49,1566518400,318,352,34,670,34,-0.6217818542712772,-0.1629229518499495
49,1566532800,45,27,-18,72,34,-0.8100229922985116,-1.2506350354925155
49,1566547200,80,321,241,401,34,0.12756267595252152,-0.6522114978363212
49,1566561600,311,1097,786,1408,34,2.100474603353344,1.1794374456888692
49,1566576000,429,631,202,1060,34,-0.013618177567904314,0.5464544940038978
49,1566590400,639,802,163,1441,34,-0.15479903108833015,1.2394616911072718
49,1566604800,259,350,91,609,34,-0.4154406068183471,-0.2738768600476026
49,1566619200,54,55,1,109,34,-0.7412425764808683,-1.1833351239627914
49,1566633600,51,162,111,213,34,-0.3430401691155646,-0.9941678050684322
49,1566648000,213,331,118,544,34,-0.31770001591959074,-0.3921064343565771
49,1566662400,308,400,92,708,34,-0.411820584933208,-0.09380412379239517
49,1566676800,315,447,132,762,34,-0.26701970952764303,0.004417368710445233
49,1566691200,186,302,116,488,34,-0.324940059689869,-0.4939657599150783
49,1566705600,32,66,34,98,34,-0.6217818542712772,-1.2033432057689257
49,1566720000,27,118,91,145,34,-0.4154406068183471,-1.1178541289608979
49,1566734400,194,259,65,453,34,-0.5095611758319644,-0.5576278383891415
49,1566748800,247,329,82,576,34,-0.44802080378459924,-0.33390110546600504
49,1566763200,241,427,186,668,34,-0.07153852773013031,-0.16656078490561027
49,1566777600,120,246,126,366,34,-0.28873984083847776,-0.7158735763103844
49,1566792000,27,31,4,58,34,-0.7303825108254509,-1.2760998668821408
49,1566806400,69,302,233,371,34,0.09860250087140854,-0.7067789936712325
49,1566820800,323,1212,889,1535,34,2.473336857522674,1.4104398447233273
49,1566835200,331,576,245,907,34,0.14204276349307804,0.26816026524585
49,1566849600,793,732,-61,1525,34,-0.965683933359494,1.3922506794450236
49,1566864000,275,243,-32,518,35,-0.8983979266012717,-0.29559687609717533
49,1566878400,36,33,-3,69,35,-0.7701305869458563,-1.1977438075489528
49,1566892800,78,332,254,410,35,0.36658342310385966,-0.5125943562682043
49,1566907200,335,1162,827,1497,35,2.9009691342263784,1.6714450969346515
49,1566921600,344,677,333,1021,35,0.7160013483720603,0.7150487954401167
49,1566936000,867,792,-75,1659,35,-1.088587430228267,1.996941317191195
49,1566950400,297,261,-36,558,35,-0.9160899734502945,-0.21522743899679428
49,1566964800,45,33,-12,78,35,-0.8099376923561576,-1.1796606842013673
49,1566979200,72,296,224,368,35,0.23389307173618853,-0.5969822652236044
49,1566993600,378,1201,823,1579,35,2.8832770873773557,1.8362024429904327
49,1567008000,369,637,268,1006,35,0.4285055870754395,0.6849102565274737
49,1567022400,866,825,-41,1691,35,-0.9382050320115731,2.0612368668714995
49,1567036800,274,275,1,549,35,-0.7524385400968335,-0.23331056234438
49,1567051200,43,35,-8,78,35,-0.7922456455071348,-1.1796606842013673
49,1567065600,70,308,238,378,35,0.2958152357077684,-0.5768899059485091
49,1567080000,387,1225,838,1612,35,2.9496222630611912,1.9025072285982472
49,1567094400,382,689,307,1071,35,0.601003043853412,0.815510591815593
49,1567108800,778,806,28,1584,35,-0.6330172238659295,1.8462486226279804
49,1567123200,291,350,59,641,35,-0.4959038607860027,-0.048460857013503535
49,1567137600,45,64,19,109,35,-0.6728243292762308,-1.117374370448572
49,1567152000,55,303,248,358,35,0.34004535283032544,-0.6170746244986997
49,1567166400,324,981,657,1305,35,2.1490571431429086,1.2856717988528223
49,1567180800,463,681,218,1144,35,0.20735500146265431,0.9621848145237885
49,1567195200,456,717,261,1173,35,0.3975445050896496,1.0204526564215648
49,1567209600,228,376,148,604,35,-0.10225581839524497,-0.12280258633135603
49,1567224000,53,101,48,154,35,-0.5445569896208154,-1.026958753710643
49,1567238400,32,145,113,177,35,-0.25706122832419465,-0.980746327377924
49,1567252800,223,275,52,498,35,-0.5268649427717926,-0.3357815946473659
49,1567267200,293,396,103,689,35,-0.3012913454467517,0.04798246750695376
49,1567281600,303,518,215,821,35,0.1940859663258872,0.3132016099382113
49,1567296000,198,355,157,553,35,-0.06244871298494364,-0.2252736186343419
49,1567310400,30,83,53,113,35,-0.5224419310595368,-1.1093374267385336
49,1567324800,28,85,57,113,35,-0.504749884210514,-1.1093374267385336
49,1567339200,201,182,-19,383,35,-0.8408987743419476,-0.5668437263109615
49,1567353600,228,407,179,635,35,0.03485754468468185,-0.060516272578560695
49,1567368000,273,452,179,725,35,0.03485754468468185,0.12031496089729672
49,1567382400,133,284,151,417,35,-0.08898678325847786,-0.49852970477563757
49,1567396800,31,69,38,100,35,-0.5887871067433724,-1.1354574937961577
49,1567411200,26,111,85,137,35,-0.38090555626735434,-1.0611157644783051
49,1567425600,168,242,74,410,35,-0.4295586851021671,-0.5125943562682043
49,1567440000,186,282,96,468,35,-0.3322524274325416,-0.3960586724726517
49,1567454400,210,272,62,482,35,-0.48263482564923554,-0.3679293694875183
49,1567468800,119,195,76,314,36,-0.3995759334923392,-0.8211422986414759
49,1567483200,29,35,6,64,36,-0.6194025136696366,-1.251252751386936
49,1567497600,73,340,267,413,36,0.2002365924200008,-0.6508185593542736
49,1567512000,316,1194,878,1510,36,2.119008599396125,1.2365061072928059
49,1567526400,349,673,324,1022,36,0.37923823627865727,0.3969305035336675
49,1567540800,873,812,-61,1685,36,-0.8298079546964784,1.537583424214628
49,1567555200,281,208,-73,489,36,-0.8674925112983007,-0.5200649817196538
49,1567569600,41,42,1,83,36,-0.6351044122537293,-1.2185643569782811
49,1567584000,76,344,268,420,36,0.20337697213681935,-0.6387754666774007
49,1567598400,367,1369,1002,1736,36,2.5084156842816236,1.625325956574702
49,1567612800,382,706,324,1088,36,0.37923823627865727,0.510479663058469
49,1567627200,917,880,-37,1797,36,-0.7544388414928336,1.7302729070445941
49,1567641600,294,281,-13,575,36,-0.6790697282891888,-0.3721069859752154
49,1567656000,42,35,-7,77,36,-0.6602274499882775,-1.2288870078441723
49,1567670400,85,380,295,465,36,0.28816722449091975,-0.5613555851832179
49,1567684800,346,1302,956,1648,36,2.363958217307971,1.4739270772083
49,1567699200,391,710,319,1101,36,0.36353633769456456,0.5328454066012329
49,1567713600,897,857,-40,1754,36,-0.7638599806432892,1.656293909172375
49,1567728000,322,290,-32,612,36,-0.7387369429087409,-0.3084506389688873
49,1567742400,56,59,3,115,36,-0.6288236528200922,-1.1635102190268622
49,1567756800,67,317,250,384,36,0.14685013723408571,-0.700711371872747
49,1567771200,329,1271,942,1600,36,2.3199929012725113,1.3913458702811716
49,1567785600,407,777,370,1184,36,0.5236957032523099,0.6756420769127257
49,1567800000,851,790,-61,1641,36,-0.8298079546964784,1.461883984531427
49,1567814400,274,261,-13,535,36,-0.6790697282891888,-0.440924658414489
49,1567828800,56,73,17,129,36,-0.5848583367846327,-1.1394240336731165
49,1567843200,32,144,112,176,36,-0.28652226368687195,-1.05856326855697
49,1567857600,250,328,78,578,36,-0.3932951740587021,-0.36694566054226985
49,1567872000,416,483,67,899,36,-0.427839350943706,0.18531616078290106
49,1567886400,147,602,455,749,36,0.7906279791818852,-0.07275011086437508
49,1567900800,642,425,-217,1067,36,-1.3197071905201696,0.4743503850278503
49,1567915200,45,75,30,120,36,-0.5440334004659918,-1.154908009971953
49,1567929600,25,95,70,120,36,-0.4184182117932504,-1.154908009971953
49,1567944000,213,241,28,454,36,-0.5503141598996288,-0.5802804451040181
49,1567958400,304,423,119,727,36,-0.26453960566914225,-0.11059983070597557
49,1567972800,292,439,147,731,36,-0.17660897359822328,-0.1037180634620482
49,1567987200,134,197,63,331,36,-0.44040086981098014,-0.7918947878547846
49,1568001600,19,20,1,39,36,-0.6351044122537293,-1.294263796661482
49,1568016000,59,351,292,410,36,0.27874608534046413,-0.6559798847872191
49,1568030400,342,1419,1077,1761,36,2.7439441630430137,1.668337001849248
49,1568044800,382,670,288,1052,36,0.26618456647319,0.4485437578631227
49,1568059200,807,772,-35,1579,36,-0.7481580820591964,1.3552165922505528
49,1568073600,280,271,-9,551,37,-0.6040958031119814,-0.373277807632771
49,1568088000,38,21,-17,59,37,-0.6286900342819348,-1.1675742361080652
49,1568102400,82,345,263,427,37,0.2321080566664356,-0.5734663383867069
49,1568116800,348,1501,1153,1849,37,2.9682162743237557,1.7222440707431066
49,1568131200,389,770,381,1159,37,0.5948729664232488,0.60829176251556
49,1568145600,870,793,-77,1663,37,-0.8131467680565856,1.4219612746122028
49,1568160000,268,249,-19,517,37,-0.6348385920744232,-0.42816821122659215
49,1568174400,37,20,-17,57,37,-0.6286900342819348,-1.17080308337829
49,1568188800,60,362,302,422,37,0.3520049336199586,-0.5815384565622689
49,1568203200,391,1384,993,1775,37,2.476331650924687,1.6027767217447901
49,1568217600,388,756,368,1144,37,0.5549073407720745,0.5840754079888743
49,1568232000,839,875,36,1714,37,-0.4657532527809933,1.5042968800029346
49,1568246400,337,282,-55,619,37,-0.7455126323392137,-0.26349700044512875
49,1568260800,40,30,-10,70,37,-0.6071700820082255,-1.149815576121829
49,1568275200,83,366,283,449,37,0.2935936345913192,-0.5379490184142345
49,1568289600,403,1277,874,1680,37,2.1104924622716297,1.4494064764091135
49,1568304000,455,780,325,1235,37,0.42271334823357476,0.7309879587841014
49,1568318400,922,942,20,1864,37,-0.5149417151209001,1.7464604252697924
49,1568332800,333,299,-34,632,37,-0.6809527755180859,-0.2425094931886677
49,1568347200,39,28,-11,67,37,-0.6102443609044698,-1.1546588470271661
49,1568361600,68,319,251,387,37,0.19521670991150544,-0.6380432837912025
49,1568376000,363,1296,933,1659,37,2.2918749171500363,1.4155035800717533
49,1568390400,415,729,314,1144,37,0.38889628037488877,0.5840754079888743
49,1568404800,887,972,85,1859,37,-0.31511358686502844,1.7383883070942305
49,1568419200,301,303,2,604,37,-0.5702787352532954,-0.28771335497181455
49,1568433600,60,33,-27,93,37,-0.6594328232443766,-1.112683832514244
49,1568448000,47,145,98,192,37,-0.2751479612138541,-0.9528558926381178
49,1568462400,211,297,86,508,37,-0.31203930796878426,-0.44269802394260366
49,1568476800,338,337,-1,675,37,-0.5795015719420279,-0.17308927687883507
49,1568491200,378,305,-73,683,37,-0.8008496524716089,-0.16017388779793598
49,1568505600,200,121,-79,321,37,-0.8192953258490739,-0.74459524370862
49,1568520000,46,22,-24,68,37,-0.6502099865556441,-1.1530444233920538
49,1568534400,30,91,61,121,37,-0.38889628037488877,-1.0674799707310973
49,1568548800,158,260,102,418,37,-0.2628508456288774,-0.5879961511027184
49,1568563200,298,290,-8,588,37,-0.6010215242157372,-0.31354413313361273
49,1568577600,276,233,-43,509,37,-0.7086212855842835,-0.4410836003074913
49,1568592000,145,108,-37,253,37,-0.6901756122068184,-0.8543760508962622
49,1568606400,20,16,-4,36,37,-0.5887244086307605,-1.20470597971565
49,1568620800,83,337,254,420,37,0.20443954660023797,-0.5847673038324936
49,1568635200,352,1338,986,1690,37,2.454811698650978,1.4655507127602374
49,1568649600,333,611,278,944,37,0.2782222401100983,0.2611906809663969
49,1568664000,878,850,-28,1728,37,-0.6625071021406208,1.526898810894508
49,1568678400,275,238,-37,513,38,-0.7532793499842398,-0.4458680767389688
49,1568692800,43,16,-27,59,38,-0.7207677623512176,-1.1993483255346171
49,1568707200,73,336,263,409,38,0.22206827900642542,-0.6184714817494257
49,1568721600,351,1457,1106,1808,38,2.962795116470195,1.7033762452662398
49,1568736000,378,775,397,1153,38,0.6577235532889226,0.6163067233253814
49,1568750400,867,825,-42,1692,38,-0.7695351438007509,1.5108570627545763
49,1568764800,348,265,-83,613,38,-0.9028326530961418,-0.27990326422891404
49,1568779200,39,28,-11,67,38,-0.6687492221383822,-1.186071140533813
49,1568793600,84,369,285,453,38,0.2935937717990742,-0.5454469642450016
49,1568808000,417,1335,918,1752,38,2.351577268969378,1.6104359502606092
49,1568822400,397,861,464,1258,38,0.8755511904301713,0.7905697764609388
49,1568836800,937,950,13,1887,38,-0.590721411819129,1.8344884471491831
49,1568851200,367,289,-78,656,38,-0.8865768592796307,-0.20853839484959052
49,1568865600,46,34,-12,80,38,-0.6720003809016845,-1.1644957149075057
49,1568880000,73,356,283,429,38,0.2870914542724698,-0.5852785192474147
49,1568894400,388,1327,939,1715,38,2.4198516029987247,1.549028969631889
49,1568908800,449,769,320,1218,38,0.40738432851465184,0.724183851456917
49,1568923200,966,892,-74,1858,38,-0.8735722242264218,1.7863586515212673
49,1568937600,373,284,-89,657,38,-0.9223396056759551,-0.20687874672448997
49,1568952000,54,42,-12,96,38,-0.6720003809016845,-1.137941344905897
49,1568966400,85,329,244,414,38,0.16029626250368328,-0.6101732411239229
49,1568979521,326,564,238,890,38,0.14078930992386998,0.17981926642393753
49,1568979601,112,1171,1059,1283,38,2.8099906545949906,0.8320609795884526
49,1568979681,3,8,5,11,38,-0.6167306819255467,-1.2790114355394435
49,1568979761,2,1,-1,3,38,-0.6362376345053601,-1.292288620540248
49,1568980800,144,547,403,691,38,0.6772305058687359,-0.1504507104710714
49,1568995200,428,768,340,1196,38,0.4724075037806962,0.687671592704705
49,1569009600,851,885,34,1736,38,-0.5224470777897824,1.5838815802590005
49,1569024000,304,348,44,652,38,-0.48993549015676024,-0.21517698734999272
49,1569038400,51,91,40,142,38,-0.5029401252099691,-1.0615975311512718
49,1569052800,25,125,100,150,38,-0.30787059941183603,-1.0483203461504673
49,1569067200,251,282,31,533,38,-0.532200554079689,-0.41267511423695785
49,1569081600,400,488,88,888,38,-0.34688450457146264,0.17649997017373642
49,1569096000,352,524,172,876,38,-0.07378716845407639,0.15658419267252985
49,1569110400,181,328,147,509,38,-0.15506613753663182,-0.452506669239371
49,1569124800,38,76,38,114,38,-0.5094424427365736,-1.108067678654087
49,1569139200,31,100,69,131,38,-0.4086565210742048,-1.0798536605273779
49,1569153600,184,261,77,445,38,-0.38264725096778707,-0.558724149245806
49,1569168000,340,440,100,780,38,-0.30787059941183603,-0.002742027337122676
49,1569182400,317,429,112,746,38,-0.2688566942522094,-0.059170063590541284
49,1569196800,147,190,43,337,38,-0.4931866489200625,-0.737966146756665
49,1569211200,22,25,3,47,38,-0.6232329994521512,-1.2192641030358238
49,1569225600,77,348,271,425,38,0.24807754911284316,-0.5919171117478169
49,1569240000,350,1093,743,1443,38,1.7826244853914899,1.0976046796045402
49,1569254400,421,719,298,1140,38,0.33585883572200304,0.5947312976990743
49,1569268800,1133,868,-265,2001,38,-1.4945435480171454,2.0236883334106457
49,1569283200,327,234,-93,561,39,-0.9115431619452795,-0.5322309141834197
49,1569297600,46,23,-23,69,39,-0.7040374015024516,-1.34359348229011
49,1569312000,97,356,259,453,39,0.13191437628151198,-0.710334892548303
49,1569326400,390,1491,1101,1881,39,2.6279122376080983,1.644595488054042
49,1569340800,444,801,357,1245,39,0.42242244090147096,0.5957609487941742
49,1569355200,990,873,-117,1863,39,-0.9826879940971062,1.614911491659895
49,1569369600,329,241,-88,570,39,-0.896721321913649,-0.5173889159863462
49,1569384000,58,28,-30,86,39,-0.7247879775467344,-1.315558596806749
49,1569398400,95,349,254,444,39,0.11709253624988143,-0.7251768907453766
49,1569412800,424,1511,1087,1935,39,2.586411085519533,1.7336474772364838
49,1569427200,430,802,372,1232,39,0.46688796099636265,0.5743225069539567
49,1569441600,1005,847,-158,1852,39,-1.1042270823564768,1.5967712716412494
49,1569456000,365,249,-116,614,39,-0.97972362609078,-0.44482803591176406
49,1569470400,54,27,-27,81,39,-0.715894873527756,-1.3238041513606786
49,1569484800,79,335,256,414,39,0.12302127226253365,-0.7746502180689553
49,1569499200,368,1327,959,1695,39,2.2069719807097905,1.3378608586478544
49,1569513600,463,817,354,1280,39,0.41352933688249266,0.6534798306716826
49,1569528000,993,796,-197,1789,39,-1.219837434603195,1.4928772842617342
49,1569542400,363,284,-79,647,39,-0.8700420098567139,-0.3904073758558275
49,1569556800,63,44,-19,107,39,-0.6921799294771472,-1.2809272676802437
49,1569571200,89,347,258,436,39,0.12895000827518588,-0.7383697780316643
49,1569585600,370,1353,983,1723,39,2.2781168128616174,1.3840359641498612
49,1569600000,460,777,317,1237,39,0.30384772064842647,0.5825680615078865
49,1569614400,878,826,-52,1704,39,-0.7900040736859089,1.352702856844928
49,1569628800,315,316,1,631,39,-0.632892569350625,-0.4167931504284028
49,1569643200,64,80,16,144,39,-0.5884270492557333,-1.2199101639811634
49,1569657600,50,194,144,244,39,-0.2089879444459909,-1.0549990729025678
49,1569672000,322,480,158,802,39,-0.16748679235742533,-0.13479518468400437
49,1569686400,447,704,257,1151,39,0.12598564026885978,0.4407445231802943
49,1569700800,455,951,496,1406,39,0.8344695937808005,0.861267805430713
49,1569715200,289,604,315,893,39,0.29791898463577426,0.015273908197517633
49,1569729600,55,96,41,151,39,-0.5143178490975805,-1.2083663876056616
49,1569744000,53,117,64,170,39,-0.4461373849520799,-1.1770332803007286
49,1569758400,289,364,75,653,39,-0.41352933688249266,-0.3805127103911118
49,1569772800,376,573,197,949,39,-0.05187644011070696,0.10762411920153117
49,1569787200,383,713,330,1096,39,0.34238450473066595,0.3500434230870667
49,1569801600,218,289,71,507,39,-0.42538680890779706,-0.6212829033658613
49,1569816000,28,36,8,64,39,-0.6121419933063421,-1.3518390368440398
49,1569830400,68,309,241,377,39,0.07855575216764198,-0.8356673217680356
49,1569844800,310,1200,890,1510,39,2.0024305882732887,1.0327753401524524
49,1569859200,336,604,268,940,39,0.158593688338447,0.09278212100445757
49,1569873600,816,695,-121,1511,39,-0.9945454661224106,1.0344244510632383
49,1569888000,273,221,-52,494,40,-0.8353857561104595,-0.5218132461577665
49,1569902400,37,25,-12,62,40,-0.703696314216042,-1.2236598076396774
49,1569916800,62,352,290,414,40,0.2905589720868109,-0.6517848316173795
49,1569931200,332,1347,1015,1679,40,2.6774301064231296,1.403390863462753
49,1569945600,380,677,297,1057,40,0.313604624418334,0.3928617865142609
49,1569960000,907,808,-99,1715,40,-0.9901208503364002,1.4618780769195787
49,1569974400,305,270,-35,575,40,-0.7794177433053321,-0.39021701587990815
49,1569988800,39,21,-18,60,40,-0.7234497305002046,-1.2269090972761676
49,1570003200,95,357,262,452,40,0.1983763627607186,-0.5900483285240633
49,1570017600,384,1237,853,1621,40,2.1440878667507386,1.3091614640045335
49,1570032000,416,783,367,1199,40,0.5440611477335648,0.6235613507050742
49,1570046400,945,994,49,1939,40,-0.5028699153270552,1.8257985162064956
49,1570060800,351,259,-92,610,40,-0.9670751980048772,-0.3333544472413274
49,1570075200,44,33,-11,77,40,-0.7004040781686816,-1.199290135366
49,1570089600,77,385,308,462,40,0.34981922093929885,-0.5738018803416117
49,1570104000,365,1420,1055,1785,40,2.8091195483175473,1.5756032141967402
49,1570118400,424,805,381,1229,40,0.590152452396611,0.6723006952524291
49,1570132800,946,916,-30,1862,40,-0.7629565630685299,1.700700865201618
49,1570147200,326,276,-50,602,40,-0.8288012840157387,-0.34635160578728874
49,1570161600,48,26,-22,74,40,-0.7366186746896464,-1.2041640698207354
49,1570170974,14,90,76,104,40,-0.4139795420483232,-1.1554247252733805
49,1570176000,54,264,210,318,40,0.027180088297975722,-0.8077507341689153
49,1570190400,354,1236,882,1590,40,2.239562712124191,1.2587974746389334
49,1570204800,404,742,338,1146,40,0.44858630236011204,0.5374551753380805
49,1570219200,831,1027,196,1858,40,-0.018911216365070437,1.6942022859286372
49,1570233600,307,340,33,647,40,-0.5555456920848222,-0.27324258896625636
49,1570248000,59,66,7,125,40,-0.6411438293161936,-1.121307184090232
49,1570262400,39,137,98,176,40,-0.3415503490063935,-1.0384502983597286
49,1570276800,284,373,89,657,40,-0.3711804734326375,-0.2569961407838047
49,1570291200,441,536,95,977,40,-0.3514270571484749,0.2628902010546478
49,1570305600,461,583,122,1044,40,-0.262536683869743,0.3717414038770738
49,1570320000,231,361,130,592,40,-0.23619879549085948,-0.3625980539697404
49,1570334400,49,65,16,114,40,-0.6115137048899496,-1.139178277090929
49,1570348800,29,88,59,117,40,-0.4699475548534507,-1.1343043426361934
49,1570363200,224,302,78,526,40,-0.40739506995360236,-0.4698246119739212
49,1570377600,397,499,102,896,40,-0.32838140481695177,0.13129397077678948
49,1570392000,334,480,146,814,40,-0.18352301873309243,-0.001926904319313963
49,1570406400,167,201,34,368,40,-0.5522534560374617,-0.7265184932566571
49,1570420800,21,24,3,45,40,-0.6543127735056353,-1.251278769549845
49,1570435200,79,331,252,410,40,0.1654540022871142,-0.6582834108903602
49,1570449600,385,1339,954,1724,40,2.4766037075341427,1.4764998802837852
49,1570464000,324,698,374,1022,40,0.5671068000650878,0.33599921787568016
49,1570478400,945,870,-75,1815,40,-0.9111071851997496,1.6243425587440952
49,1570492800,354,151,-203,505,41,-1.210983450818847,-0.5030014784491369
49,1570507200,77,22,-55,99,41,-0.7360640104220045,-1.2075506168189973
49,1570521600,73,315,242,388,41,0.2169837855094969,-0.7060365749744415
49,1570536000,367,1303,936,1670,41,2.4439708911541502,1.518672773277187
49,1570550400,420,671,251,1091,41,0.24586402174984542,0.5139093468827307
49,1570564800,910,853,-57,1763,41,-0.7424818406976376,1.680059644874224
49,1570579200,366,152,-214,518,41,-1.2462815173348287,-0.4804420232796586
49,1570593600,81,24,-57,105,41,-0.7424818406976376,-1.1971385605869305
49,1570608000,69,336,267,405,41,0.29720666395490947,-0.6765357489835853
49,1570622400,284,1208,924,1492,41,2.405463909500352,1.2097817717258688
49,1570636800,350,588,238,938,41,0.20414812495823087,0.24840191296502465
49,1570651200,819,708,-111,1527,41,-0.9157632581397288,1.2705187664129256
49,1570665600,319,132,-187,451,41,-1.159640808613783,-0.596709984537739
49,1570680000,66,23,-43,89,41,-0.6975570287682066,-1.2249040438724423
49,1570694400,78,321,243,399,41,0.2201927006473134,-0.6869478052156522
49,1570708800,313,1376,1063,1689,41,2.851503113656846,1.5516442846787322
49,1570723200,434,836,402,1270,41,0.7304102075601374,0.8245356911393933
49,1570737600,980,989,9,1969,41,-0.5306934416017484,2.037540242175188
49,1570752000,373,246,-127,619,41,-0.9671059003447929,-0.3051724100398657
49,1570766400,84,33,-51,117,41,-0.7232283498707386,-1.1763144481227967
49,1570780800,60,293,233,353,41,0.18810354926914835,-0.7667735696614985
49,1570795200,320,1235,915,1555,41,2.3765836732600034,1.3191083621625712
49,1570809600,392,822,430,1214,41,0.8202598314189995,0.7273564996401022
49,1570824000,778,964,186,1742,41,0.03728453779177271,1.6436174480619898
49,1570838400,308,325,17,633,41,-0.5050221204992164,-0.280877612165043
49,1570852800,70,67,-3,137,41,-0.5692004232555464,-1.141607594015907
49,1570867200,38,141,103,179,41,-0.22905541864699708,-1.0687232003914386
49,1570881600,257,322,65,579,41,-0.3509941938840242,-0.3745861182536451
49,1570896000,364,544,180,908,41,0.01803104696487369,0.19634163180469014
49,1570910400,380,676,296,1056,41,0.39026520295158806,0.45317235219567376
49,1570924800,232,312,80,544,41,-0.30286046681677664,-0.43532311294070203
49,1570939200,46,50,4,96,41,-0.5467380172908309,-1.2127566449350309
49,1570953600,29,86,57,115,41,-0.3766655149865562,-1.1797851335334857
49,1570968000,231,282,51,513,41,-0.39591900581345524,-0.489118736806381
49,1570982400,376,478,102,854,41,-0.23226433378481356,0.102633125716088
49,1570996800,311,533,222,844,41,0.15280548275316683,0.08527969866264315
49,1571011200,146,223,77,369,41,-0.31248721223022613,-0.7390080863759867
49,1571025600,24,29,5,53,41,-0.5435291021530144,-1.2873763812648436
49,1571040000,79,312,233,391,41,0.18810354926914835,-0.7008305468584081
49,1571054400,412,1069,657,1481,41,1.5486835677033457,1.1906930019670794
49,1571068800,462,592,130,1054,41,-0.14241470992595148,0.4497016667849848
49,1571083200,898,712,-186,1610,41,-1.1564318934759665,1.4145522109565178
49,1571097600,235,245,10,480,42,-0.6724397467701685,-0.6266141646783735
49,1571112000,29,25,-4,54,42,-0.7166376643982546,-1.306998958611221
49,1571126400,68,336,268,404,42,0.14206473523313418,-0.7479973673518393
49,1571140800,422,1417,995,1839,42,2.437199457777324,1.5439091568116252
49,1571155200,409,733,324,1142,42,0.3188564057454789,0.43069741650365684
49,1571169600,929,904,-25,1833,42,-0.7829345408403839,1.534326272390036
49,1571184000,348,277,-71,625,42,-0.92815627018981,-0.3950277911566297
49,1571198400,51,27,-24,78,42,-0.779777546724092,-1.2686674209248632
49,1571212800,76,349,273,425,42,0.15784970581459354,-0.7144572718762764
49,1571227200,385,1416,1031,1801,42,2.5508512459638313,1.4832175554748925
49,1571241600,420,785,365,1205,42,0.44829316451344564,0.5313177029303455
49,1571256000,921,892,-29,1813,42,-0.7955625173055514,1.5023833243180713
49,1571270400,370,238,-132,608,42,-1.1207329112836142,-0.4221792970177997
49,1571284800,47,27,-20,74,42,-0.7671495702589246,-1.275056010539256
49,1571299200,81,330,249,411,42,0.08208184702358863,-0.7368173355266516
49,1571313600,364,1388,1024,1752,42,2.5287522871497883,1.4049573326985791
49,1571328000,399,819,420,1218,42,0.6219278409094985,0.5520806191771225
49,1571342400,973,1012,39,1985,42,-0.5808869173977042,1.777092677736967
49,1571356800,349,303,-46,652,42,-0.8492314172825132,-0.3519048112594774
49,1571371200,52,75,23,127,42,-0.6313988232583742,-1.1904071981485498
49,1571385600,62,312,250,374,42,0.0852388411398805,-0.7959117894597862
49,1571400000,380,1312,932,1692,42,2.2383088284509363,1.309128488482685
49,1571414400,436,775,339,1211,42,0.36621131748985697,0.5409005873519349
49,1571428800,866,1027,161,1893,42,-0.19573363521009599,1.6301551166059298
49,1571443200,353,389,36,742,42,-0.5903578997465798,-0.20816154493563646
49,1571457600,60,61,1,121,42,-0.7008526938167953,-1.1999900825701393
49,1571472000,56,142,86,198,42,-0.43250819393198625,-1.0770097324930752
49,1571486400,316,404,88,720,42,-0.42619420569940253,-0.24329878781479758
49,1571500800,434,599,165,1033,42,-0.18310565874492848,0.2566083495114494
49,1571515200,489,771,282,1260,42,0.18626265286122037,0.6191608101282483
49,1571529600,316,458,142,774,42,-0.2557165234196415,-0.15705282802049297
49,1571544000,72,65,-7,137,42,-0.7261086467471303,-1.1744357241125676
49,1571558400,53,98,45,151,42,-0.5619449526999529,-1.1520756604621922
49,1571572800,227,323,96,550,42,-0.4009382527690676,-0.5148138464264972
49,1571587200,381,552,171,933,42,-0.16416369404717726,0.09689360915162608
49,1571601600,370,564,194,934,42,-0.09155282937246424,0.09849075655522432
49,1571616000,175,206,31,381,42,-0.6061428703280392,-0.7847317576345986
49,1571630400,23,34,11,57,42,-0.6692827526538766,-1.302207516400426
49,1571644800,62,354,292,416,42,0.21783259402413907,-0.7288315985086604
49,1571659200,335,1348,1013,1683,42,2.4940253518705777,1.294754161850301
49,1571673600,363,741,378,1104,42,0.4893340880252399,0.37000581516692393
49,1571688000,879,869,-10,1748,42,-0.7355796290960058,1.398568743084186
49,1571702400,310,273,-37,583,43,-0.7859464205906881,-0.4658096275979017
49,1571716800,44,26,-18,70,43,-0.7279756983768635,-1.2835668374263374
49,1571731200,70,367,297,437,43,0.23311785411549293,-0.6985436483288016
49,1571745600,372,1439,1067,1811,43,2.5824576490968085,1.491706656357886
49,1571760000,372,720,348,1092,43,0.38872347689996967,0.3455713076899614
49,1571774400,961,871,-90,1832,43,-0.9476542246608306,1.525182097695892
49,1571788800,328,262,-66,590,43,-0.8744280492328415,-0.45465114715189964
49,1571803200,40,23,-17,63,43,-0.7249246077340306,-1.2947253178723395
49,1571817600,67,348,281,415,43,0.18430040383016688,-0.7336131583019508
49,1571832000,372,1459,1087,1831,43,2.6434794619534663,1.5235880290607489
49,1571846400,432,793,361,1225,43,0.42838765525679706,0.5575824361640003
49,1571860800,991,878,-113,1869,43,-1.0178293094459867,1.5841626371961885
49,1571875200,352,290,-62,642,43,-0.86222368666151,-0.37175957812445587
49,1571889600,57,25,-32,82,43,-0.7706909673765238,-1.2644380138046196
49,1571904000,79,332,253,411,43,0.09886986583084632,-0.7399894328425234
49,1571918400,384,1453,1069,1837,43,2.5885598303824744,1.533152440871608
49,1571932800,452,832,380,1284,43,0.48635837747062177,0.6516324856374461
49,1571947200,940,974,34,1914,43,-0.5693189849495538,1.6558957257776301
49,1571961600,362,322,-40,684,43,-0.7950996925191867,-0.3048086954484436
49,1571976000,45,34,-11,79,43,-0.7066180638770333,-1.269220219710049
49,1571990400,76,321,245,397,43,0.0744611406881833,-0.7623063937345276
49,1572004800,392,1363,971,1755,43,2.2895529473848524,1.4024388127898697
49,1572019200,475,822,347,1297,43,0.3856723862571368,0.6723553778943071
49,1572033600,854,983,129,1837,43,-0.27946537388043047,1.533152440871608
49,1572048000,360,353,-7,713,43,-0.6944137013057018,-0.25858070502929226
49,1572062400,74,95,21,169,43,-0.6089831633063812,-1.1257540425471657
49,1572076800,43,146,103,189,43,-0.3587937305940853,-1.0938726698443026
49,1572091200,280,409,129,689,43,-0.27946537388043047,-0.29683835227272787
49,1572105600,467,590,123,1057,43,-0.2977719177374277,0.2897789054599512
49,1572120000,489,774,285,1263,43,0.1965047664014984,0.61815704429944
49,1572134400,273,457,184,730,43,-0.11165538852462223,-0.2314815382318587
49,1572148800,59,99,40,158,43,-0.5510124410925565,-1.1432887975337402
49,1572163200,46,91,45,137,43,-0.5357569878783922,-1.1767642388717463
49,1572177600,235,360,125,595,43,-0.291669736451762,-0.4466808039761839
49,1572192000,369,446,77,815,43,-0.4381220873077401,-0.095985704244691
49,1572206400,382,487,105,869,43,-0.35269154930841956,-0.009905997946960923
49,1572220800,168,260,92,428,43,-0.39235572766524696,-0.7128902660450899
49,1572235200,25,32,7,57,43,-0.6516984323060415,-1.3042897296831983
49,1572249600,64,330,266,394,43,0.13853404418767373,-0.767088599639957
49,1572264000,345,1310,965,1655,43,2.2712464035278552,1.2430319492755546
49,1572278400,361,653,292,1014,43,0.21786240090132855,0.22123395414879576
49,1572292800,880,910,30,1790,43,-0.5815233475208853,1.4582312150198797
49,1572307200,304,265,-39,569,44,-0.8160181234812086,-0.34516854931663676
49,1572321600,37,45,8,82,44,-0.672227608880055,-1.1243796402096933
49,1572336000,72,333,261,405,44,0.10179367184530416,-0.6075722842375018
49,1572350400,395,1441,1046,1836,44,2.503401202949679,1.6820603052244363
49,1572364800,396,677,281,1073,44,0.16298112486707167,0.46124292873285083
49,1572379200,939,978,39,1917,44,-0.5773870566963153,1.811662149910961
49,1572393600,330,271,-59,601,44,-0.8772055765029761,-0.29396782055158993
49,1572408000,43,19,-24,62,44,-0.770127533714883,-1.1563800956878476
49,1572422400,69,352,283,421,44,0.16909987016924843,-0.5819719198549784
49,1572436800,367,1462,1095,1829,44,2.6533104628530095,1.6708601458070822
49,1572451200,404,799,395,1203,44,0.5117496070911465,0.6692458893408536
49,1572465600,982,867,-115,1849,44,-1.0485304449639252,1.7028606012852365
49,1572480000,304,289,-15,593,44,-0.7425931798550875,-0.30676800274285165
49,1572494400,40,24,-16,64,44,-0.7456525525061759,-1.1531800501400322
49,1572508800,73,326,253,399,44,0.07731869063659716,-0.617172420880948
49,1572510933,27,144,117,171,44,-0.338755989911422,-0.9819776133319068
49,1572523200,384,1411,1027,1795,44,2.445273122579,1.61645937149422
49,1572537600,403,637,234,1040,44,0.019190610265918017,0.4084421771938963
49,1572552000,939,767,-172,1706,44,-1.2229146860759625,1.4740573446164336
49,1572566400,283,355,72,638,44,-0.47642775921039887,-0.23476697791700454
49,1572580800,51,47,-4,98,44,-0.7089400806931154,-1.09877927582717
49,1572595200,60,318,258,378,44,0.09261555389203904,-0.6507728991330101
49,1572609600,357,1281,924,1638,44,2.130157739516897,1.365255795990709
49,1572624000,420,770,350,1190,44,0.37407783779216963,0.6484455932800534
49,1572638400,881,987,106,1868,44,-0.3724090890733941,1.7332610339894832
49,1572652800,180,355,175,535,44,-0.16131237614829616,-0.39956932362949904
49,1572667200,54,52,-2,106,44,-0.7028213353909387,-1.0859790936359082
49,1572681600,32,142,110,174,44,-0.36017159846904057,-0.9771775450101836
49,1572696000,164,401,237,565,44,0.028368728219183143,-0.35156864041226765
49,1572710400,190,570,380,760,44,0.4658590173248209,-0.03956419950026349
49,1572724800,219,676,457,895,44,0.7014307114586258,0.17643887497727784
49,1572739200,131,277,146,408,44,-0.2500341830298591,-0.6027722159157787
49,1572750000,35,49,14,84,44,-0.6538713729735247,-1.1211795946618779
49,1572764400,18,45,27,63,44,-0.6140995285093758,-1.15478007291394
49,1572778800,126,254,128,380,44,-0.3051028907494498,-0.6475728535851947
49,1572793200,192,468,276,660,44,0.1476842616116298,-0.19956647689103485
49,1572807600,267,461,194,728,44,-0.10318429577761702,-0.09076492826531032
49,1572822000,151,142,-9,293,44,-0.7242369439485573,-0.7867748349151658
49,1572836400,38,23,-15,61,44,-0.7425931798550875,-1.1579801184617553
49,1572850800,25,165,140,190,44,-0.2683904189363893,-0.9515771806276602
49,1572865200,305,1427,1122,1732,44,2.7359135244323958,1.515657936738034
49,1572879600,319,658,339,977,44,0.34042473863019745,0.30764074243771034
49,1572894000,819,892,73,1711,44,-0.47336838655931046,1.482057458485972
49,1572908400,429,352,-77,781,44,-0.932274284222567,-0.0059637212482015105
49,1572922800,61,62,1,123,45,-0.5375095324574896,-1.1363981808583519
49,1572937200,33,161,128,194,45,-0.14917473005626383,-1.016438558382526
49,1572951600,285,1471,1186,1756,45,3.085929371837412,1.6226731360856432
49,1572966000,358,705,347,1063,45,0.5204734725096293,0.45179963783568095
49,1572980400,854,831,-23,1685,45,-0.6108956368482723,1.5027135136098175
49,1572994800,449,347,-102,796,45,-0.8524582304679325,0.0006838744406737589
49,1573009200,73,33,-40,106,45,-0.6628774607917435,-1.1651209073666482
49,1573023600,37,183,146,220,45,-0.09413515176317673,-0.972509682546308
49,1573038000,294,1062,768,1356,45,1.8077880536979447,0.946844277066906
49,1573052400,375,508,133,883,45,-0.1338859583081841,0.14767665127724913
49,1573066800,884,927,43,1811,45,-0.4090838497736196,1.7155996042007198
49,1573081200,492,360,-132,852,45,-0.9441908609564109,0.09529991470329699
49,1573095600,73,40,-33,113,45,-0.6414731803444319,-1.1532939023338202
49,1573110000,39,182,143,221,45,-0.10330841481202459,-0.9708201103987611
49,1573124400,304,1446,1142,1750,45,2.9513881804543103,1.6125357032003622
49,1573138800,416,673,257,1089,45,0.24527558104419375,0.49572851367189885
49,1573153200,860,996,136,1856,45,-0.12471269525933625,1.7916303508403277
49,1573167600,443,367,-76,810,45,-0.7729566173779178,0.024337884506329566
49,1573182000,80,64,-16,144,45,-0.5894913564009607,-1.100917165759868
49,1573196400,44,163,119,207,45,-0.1766945192028074,-0.994474120464417
49,1573210800,347,1248,901,1595,45,2.214469382196866,1.3506520203306016
49,1573225200,384,744,360,1128,45,0.5602242790546367,0.5616218274262257
49,1573239600,901,1063,162,1964,45,-0.04521108216932153,1.9741041427753867
49,1573254000,457,369,-88,826,45,-0.8096496695733092,0.051371038867079055
49,1573268400,109,95,-14,204,45,-0.5833758477017288,-0.9995428369070575
49,1573282800,27,84,57,111,45,-0.36627528887899635,-1.156673046628914
49,1573297200,180,303,123,483,45,-0.1644635018043436,-0.5281522077414882
49,1573311600,453,495,42,948,45,-0.4121416041232356,0.25749884086779395
49,1573326000,474,657,183,1131,45,0.01900175917261343,0.5666905438688663
49,1573340400,311,347,36,658,45,-0.4304881302209313,-0.2324770819207906
49,1573354800,88,118,30,206,45,-0.448834656318627,-0.9961636926119638
49,1573369200,16,63,47,79,45,-0.39685283237515584,-1.2107393553504129
49,1573383600,160,208,48,368,45,-0.39379507802553987,-0.7224530047093751
49,1573398000,305,395,90,700,45,-0.26536939534167,-0.1615150517238232
49,1573412400,355,522,167,877,45,-0.029922310421241775,0.13753921839196806
49,1573426800,172,234,62,406,45,-0.35098651713091655,-0.6582492631025951
49,1573441200,39,36,-3,75,45,-0.5497405498559533,-1.2174976439406002
49,1573455600,15,156,141,171,45,-0.10942392351125649,-1.0552987177761033
49,1573470000,290,1250,960,1540,45,2.394876888824207,1.257725552215525
49,1573484400,338,644,306,982,45,0.39510554417537536,0.3149442938843866
49,1573498800,793,564,-229,1357,45,-1.240793032869158,0.9485338492144528
49,1573513200,327,244,-83,571,45,-0.7943608978252293,-0.379469858757366
49,1573527600,99,58,-41,157,46,-0.6746979390623118,-1.0592206108337703
49,1573542000,24,140,116,164,46,-0.19917867760689453,-1.0475063895132342
49,1573556400,305,1148,843,1453,46,2.0027480935911206,1.1095837936540338
49,1573570800,361,413,52,774,46,-0.3930209243148353,-0.02669567443795616
49,1573585200,866,584,-282,1450,46,-1.4046351493219014,1.1045634130880897
49,1573599600,351,348,-3,699,46,-0.559604105079472,-0.15220518858655593
49,1573614000,97,52,-45,149,46,-0.6868130794815581,-1.0726082923429543
49,1573628400,29,124,95,153,46,-0.2627831648079376,-1.0659144515883623
49,1573642800,312,1461,1149,1773,46,2.929556335663462,1.6450910540213928
49,1573657200,352,641,289,993,46,0.324801145525508,0.3397921068759552
49,1573671600,850,898,48,1748,46,-0.40513606473408165,1.6032545493051928
49,1573686000,378,371,-7,749,46,-0.5717192454987182,-0.06853217915415608
49,1573700400,89,52,-37,141,46,-0.6625827986430655,-1.085995973852138
49,1573714800,31,136,105,167,46,-0.23249531375982185,-1.0424860089472903
49,1573729200,341,1327,986,1668,46,2.4358643635791757,1.4693777342133532
49,1573743600,375,496,121,871,46,-0.18403475208283665,0.13562996386089954
49,1573758000,888,933,45,1821,46,-0.41422242004851634,1.7254171430764966
49,1573772400,420,398,-22,818,46,-0.6171510220708919,0.0469365738625557
49,1573786800,87,72,-15,159,46,-0.5959495263372109,-1.0558736904564743
49,1573801200,22,143,121,165,46,-0.18403475208283665,-1.0458329293245863
49,1573815600,300,1376,1076,1676,46,2.7084550230122173,1.482765415722537
49,1573830000,386,786,400,1172,46,0.6609962921595928,0.6393414806439466
49,1573844400,939,1054,115,1993,46,-0.2022074627117061,2.013252295523952
49,1573858800,466,430,-36,896,46,-0.6595540135382539,0.17746646857709947
49,1573873200,111,119,8,230,46,-0.5262874689265447,-0.9370580170624665
49,1573887600,28,70,42,98,46,-0.4233087753629511,-1.157954761964002
49,1573902000,172,303,131,475,46,-0.1537469010347209,-0.5270602708437072
49,1573916400,384,498,114,882,46,-0.20523624781651767,0.1540380259360275
49,1573930800,462,729,267,1191,46,0.2581678732196533,0.6711372242282585
49,1573945200,279,388,109,667,46,-0.22038017334057555,-0.20575591462329182
49,1573959600,99,123,24,222,46,-0.47782690724955945,-0.9504456985716504
49,1573974000,19,59,40,78,46,-0.42936634557257425,-1.191423965736962
49,1573988400,157,219,62,376,46,-0.36273307326671955,-0.6927328295198589
49,1574002800,281,401,120,682,46,-0.18706353718764823,-0.18065401179357188
49,1574017200,327,503,176,830,46,-0.01745157131820002,0.06701809612633167
49,1574031600,170,187,17,357,46,-0.49902840298324047,-0.7245285731041708
49,1574046000,38,49,11,87,46,-0.51720111361211,-1.17636282403913
49,1574060400,27,137,110,164,46,-0.21735138823576397,-1.0475063895132342
49,1574074800,282,1337,1055,1619,46,2.6448505358111745,1.3873781849696012
49,1574089200,319,608,289,927,46,0.324801145525508,0.22934373442518735
49,1574103600,822,905,83,1727,46,-0.2991285860656765,1.568111885343585
49,1574118000,427,330,-97,757,46,-0.8443099049317601,-0.055144497644972104
49,1574132400,65,36,-29,101,47,-0.7656624698792691,-1.2073189407097626
49,1574146800,24,200,176,224,47,-0.15087613530307706,-1.0130982310997407
49,1574161200,303,1502,1199,1805,47,2.917057622118603,1.4833484509607848
49,1574175600,456,782,326,1238,47,0.29896752414291716,0.5880383505633668
49,1574190000,901,983,82,1884,47,-0.43277816188923346,1.6080918335558396
49,1574204400,351,357,6,708,47,-0.6606989493418705,-0.2488476339351016
49,1574218800,90,66,-24,156,47,-0.7506676812310693,-1.1204722819410535
49,1574233200,26,158,132,184,47,-0.2828302754072354,-1.0762594374769836
49,1574247600,304,1483,1179,1787,47,2.857078467525804,1.4549259080910255
49,1574262000,363,749,386,1112,47,0.4789049879213148,0.3890805504750517
49,1574276400,910,993,83,1903,47,-0.4297792041595935,1.6380934065850299
49,1574290800,402,386,-16,788,47,-0.7266760193939497,-0.1225252211806158
49,1574305200,86,58,-28,144,47,-0.7626635121496292,-1.1394206438542265
49,1574319600,34,149,115,183,47,-0.3338125568111147,-1.0778384676364146
49,1574334000,355,1244,889,1599,47,1.9873807259302152,1.1580682381179839
49,1574348400,363,726,363,1089,47,0.40992896013959573,0.352762856808137
49,1574362800,857,978,121,1835,47,-0.3158188104332749,1.530719355743717
49,1574377200,471,433,-38,904,47,-0.7926530894460289,0.0606422773133886
49,1574391600,87,72,-15,159,47,-0.7236770616643097,-1.1157351914627605
49,1574406000,30,122,92,152,47,-0.40278858459283384,-1.1267884025787778
49,1574420400,301,1310,1009,1611,47,2.347255653487011,1.1770166000311568
49,1574434800,358,752,394,1110,47,0.5028966497584345,0.3859224901561895
49,1574449200,921,977,56,1898,47,-0.5107510628598725,1.6301982557878745
49,1574463600,441,410,-31,851,47,-0.7716603853385491,-0.02304632113645824
49,1574478000,101,127,26,228,47,-0.6007197947490712,-1.0067821104620163
49,1574492400,27,105,78,132,47,-0.4447739928077933,-1.1583690057673992
49,1574506800,195,336,141,531,47,-0.2558396558404757,-0.5283359721544014
49,1574521200,448,607,159,1055,47,-0.2018584167069564,0.29907583138748056
49,1574535600,541,792,251,1333,47,0.07404569441992004,0.7380462157093187
49,1574550000,310,446,136,756,47,-0.2708344444886755,-0.17305418628241012
49,1574564400,115,142,27,257,47,-0.5977208370194314,-0.9609902358385153
49,1574578800,28,57,29,85,47,-0.5917229215601514,-1.2325834232606596
49,1574593200,158,235,77,393,47,-0.44777295053743327,-0.7462421341558894
49,1574607600,349,500,151,849,47,-0.2258500785440761,-0.02620438145532038
49,1574622000,378,543,165,921,47,-0.18386467032911663,0.08748579002371683
49,1574636400,207,289,82,496,47,-0.43277816188923346,-0.583602027734489
49,1574650800,43,54,11,97,47,-0.6457041606936706,-1.2136350613474869
49,1574665200,22,146,124,168,47,-0.3068219372443551,-1.1015239200278808
49,1574679600,335,1404,1069,1739,47,2.527193117265408,1.3791324604383342
49,1574694000,382,745,363,1127,47,0.40992896013959573,0.41276600286651777
49,1574708400,830,1048,218,1878,47,-0.024919910658198687,1.598617652599253
49,1574722800,457,428,-29,885,47,-0.7656624698792691,0.030640704284198225
49,1574737200,78,47,-31,125,48,-0.7372249993100249,-0.984687634271668
49,1574751600,29,186,157,215,48,-0.025856479873148902,-0.8042212460269696
49,1574766000,326,1414,1088,1740,48,3.4969312413807425,2.253681443674865
49,1574780400,413,718,305,1131,48,0.5341570354282217,1.0325255498857389
49,1574794800,811,1031,220,1842,48,0.21252765164027235,2.4582100170188568
49,1574809200,443,399,-44,842,48,-0.7864153756540643,0.4530279254110962
49,1574823600,88,43,-45,131,48,-0.7901992507574519,-0.9726565417220215
49,1574838000,25,176,151,201,48,-0.048559730493474736,-0.8322937953094782
49,1574852400,263,1054,791,1317,48,2.373120335674614,1.4054894189247824
49,1574866800,457,723,266,1180,48,0.38658590639610374,1.1307794723745193
49,1574881200,536,820,284,1356,48,0.45469565825708125,1.483691520497485
49,1574895600,285,360,75,645,48,-0.33613423835093525,0.058007053364367386
49,1574910000,55,67,12,122,48,-0.5745183698643566,-0.9907031805464913
49,1574924400,21,69,48,90,48,-0.43829886614240154,-1.0548690074779397
49,1574938800,107,229,122,336,48,-0.15829210849171627,-0.5615942129424306
49,1574953200,306,245,-61,551,48,-0.8507412524116541,-0.1304800632467621
49,1574967600,247,350,103,597,48,-0.2301857354560814,-0.038241687032805116
49,1574982000,131,162,31,293,48,-0.5026247428999914,-0.6478170428815643
49,1574996400,45,34,-11,79,48,-0.6615474972422722,-1.076926010485625
49,1575010800,15,141,126,156,48,-0.14315660807816571,-0.9225269894318274
49,1575025200,156,417,261,573,48,0.3676665308791655,-0.08636605723139136
49,1575039600,326,516,190,842,48,0.09901139853864317,0.4530279254110962
49,1575054000,312,792,480,1104,48,1.1963351785210583,0.9783856334123294
49,1575068400,302,355,53,657,48,-0.4193794906254633,0.08206923846366052
49,1575082800,81,95,14,176,48,-0.5669506196575812,-0.8824233475996722
49,1575097200,26,86,60,112,48,-0.3928923649017499,-1.010755001462569
49,1575111600,181,249,68,430,48,-0.36262136407464873,-0.3731070963313011
49,1575126000,323,350,27,673,48,-0.517760243313542,0.11415215192938469
49,1575140400,394,656,262,1050,48,0.3714504059825532,0.8701058004655103
49,1575154800,251,298,47,549,48,-0.44208274124578917,-0.1344904274299776
49,1575169200,75,67,-8,142,48,-0.6501958719321093,-0.9505995387143361
49,1575183600,24,68,44,92,48,-0.4534343665559521,-1.0508586432947242
49,1575198000,116,205,89,321,48,-0.28315998690350835,-0.591671944316547
49,1575212400,203,341,138,544,48,-0.09775010683751403,-0.1445163378880164
49,1575226800,241,312,71,553,48,-0.35126973876448586,-0.12646969906354658
49,1575241200,107,145,38,252,48,-0.4761376171762779,-0.7300295086374825
49,1575255600,33,36,3,69,48,-0.6085732457948453,-1.0969778314017027
49,1575270000,25,148,123,173,48,-0.15450823338832861,-0.8884388938744956
49,1575284400,244,1371,1127,1615,48,3.6445023704128605,2.003033682223895
49,1575298800,270,587,317,857,48,0.5795635366688733,0.4831056567852126
49,1575313200,734,739,5,1473,48,-0.60100549558807,1.718297825215593
49,1575327600,392,277,-115,669,48,-1.0550705079945868,0.10613142356295364
49,1575342000,66,28,-38,94,49,-0.7393909755487449,-1.1473238859437258
49,1575356400,31,161,130,192,49,-0.269862107109563,-1.0047205690676386
49,1575370800,320,1501,1181,1821,49,2.6674881353284143,1.3656957900256885
49,1575385200,359,719,360,1078,49,0.37294527230122176,0.284529826363109
49,1575399600,834,957,123,1791,49,-0.28942580996119555,1.3220417134309679
49,1575414000,478,341,-137,819,49,-1.0160776301646914,-0.09235036823797865
49,1575428400,82,41,-41,123,49,-0.747775419628016,-1.1051249452354959
49,1575442800,35,186,151,221,49,-0.21117099855466526,-0.9625216283594087
49,1575457200,315,1280,965,1595,49,2.0638081616208948,1.0368350796787935
49,1575471600,368,782,414,1150,49,0.5238652657281017,0.38929961019043835
49,1575486000,891,1039,148,1930,49,-0.21955544263393637,1.5243056016531733
49,1575500400,547,466,-81,1013,49,-0.8595680073516307,0.18994599374121438
49,1575514800,101,57,-44,158,49,-0.7561598637072872,-1.054195189208322
49,1575527338,17,67,50,84,49,-0.4934472825567925,-1.1618752448086327
49,1575529200,28,169,141,197,49,-0.23911914548556892,-0.9974448896351852
49,1575543600,318,1484,1166,1802,49,2.625565914932059,1.3380482081823655
49,1575558000,371,411,40,782,49,-0.5213954294876961,-0.14619039603813402
49,1575572400,932,1793,861,2725,49,1.7731474335394963,2.6811386314132686
49,1575586800,564,426,-138,990,49,-1.0188724448577817,0.15647786835192862
49,1575601200,99,76,-23,175,49,-0.6974687551523894,-1.0294578791379803
49,1575615600,26,166,140,192,49,-0.2419139601786593,-1.0047205690676386
49,1575630000,351,1318,967,1669,49,2.0693977910070753,1.1445151352791043
49,1575644400,419,854,435,1273,49,0.5825563742829994,0.5682813242287926
49,1575658800,906,1153,247,2059,49,0.05713121198201013,1.7120181310104718
49,1575673200,536,511,-25,1047,49,-0.7030583845385701,0.2394206138818977
49,1575687600,127,107,-20,234,49,-0.6890843110731183,-0.9436048618350298
49,1575702000,20,87,67,107,49,-0.4459354327742562,-1.1284071194193468
49,1575716400,217,310,93,527,49,-0.37327025075390663,-0.5172500470932588
49,1575730800,428,555,127,983,49,-0.27824655118883407,0.1462919171464938
49,1575745200,604,851,247,1455,49,0.05713121198201013,0.8331160555700975
49,1575759600,388,542,154,930,49,-0.20278655447539415,0.06916971516248746
49,1575774000,108,99,-9,207,49,-0.6583413494491243,-0.9828935307702783
49,1575788400,23,48,25,71,49,-0.5633176498840516,-1.1807920113330115
49,1575802800,150,223,73,373,49,-0.429166544615714,-0.7413409736128245
49,1575817200,341,464,123,805,49,-0.28942580996119555,-0.11272227064884825
49,1575831600,440,689,249,1129,49,0.06272084136819087,0.35874175657413393
49,1575846000,234,285,51,519,49,-0.4906524678637021,-0.5288911341851844
49,1575860400,63,51,-12,114,49,-0.6667257935283953,-1.118221168213912
49,1575874800,30,157,127,187,49,-0.27824655118883407,-1.011996248500092
49,1575889200,298,1418,1120,1716,49,2.4970044390499018,1.2129065219441664
49,1575903600,334,683,349,1017,49,0.34220231067722773,0.19576653728717713
49,1575918000,837,963,126,1800,49,-0.28104136588192447,1.335137936409384
49,1575932400,466,326,-140,792,49,-1.0244620742439625,-0.13163903717322717
49,1575946800,72,40,-32,112,50,-0.7657384549276492,-1.2475039280594347
49,1575961200,29,164,135,193,50,-0.2931984652336028,-1.1257875014431045
49,1575975600,328,1457,1129,1785,50,2.5194048267177878,1.2664662167445184
49,1575990000,396,817,421,1213,50,0.5160616368771593,0.4069378707625333
49,1576004400,799,1006,207,1805,50,-0.08946864931760674,1.2965196554152172
49,1576018800,514,383,-131,897,50,-1.0458669518121437,-0.06790646023450742
49,1576033200,83,50,-33,133,50,-0.7685680357042602,-1.2159478174552008
49,1576047600,37,175,138,212,50,-0.28470972290376967,-1.0972367347059406
49,1576062000,304,1490,1186,1794,50,2.6806909309846176,1.279990264146333
49,1576076400,382,800,418,1182,50,0.5075728945473262,0.3603550408229502
49,1576090800,892,1061,169,1953,50,-0.1969927188288269,1.5189151015783882
49,1576105200,539,452,-87,991,50,-0.9213653976412574,0.07334470151777685
49,1576119600,104,89,-15,193,50,-0.7176355817252613,-1.1257875014431045
49,1576134000,27,162,135,189,50,-0.2931984652336028,-1.1317981891772442
49,1576148400,324,1331,1007,1655,50,2.1741959719712387,1.0711188653849764
49,1576162800,406,802,396,1208,50,0.445322117461883,0.3994245110948586
49,1576177200,1029,1186,157,2215,50,-0.23094768814815958,1.9126151481645421
49,1576191600,596,480,-116,1076,50,-1.003423240162978,0.20107181586824668
49,1576206000,92,101,9,193,50,-0.649725643086596,-1.1257875014431045
49,1576220400,29,180,151,209,50,-0.24792517280782592,-1.1017447505065454
49,1576234800,293,1410,1117,1703,50,2.485449857398455,1.1432471181946535
49,1576249200,411,806,395,1217,50,0.4424925366852719,0.41294855849667306
49,1576263600,959,1226,267,2185,50,0.08030619727905665,1.8675349901584941
49,1576278000,569,557,-12,1126,50,-0.7091468393954282,0.27620541254499364
49,1576292400,151,131,-20,282,50,-0.7317834856083165,-0.992049699358495
49,1576306800,30,88,58,118,50,-0.5110761850326542,-1.2384878964582249
49,1576321200,217,256,39,473,50,-0.5648382197882643,-0.7050393600533216
49,1576335600,469,592,123,1061,50,-0.3271534345529355,0.17853173686522258
49,1576350000,630,953,323,1583,50,0.23876272076927582,0.9629264861704607
49,1576364400,438,597,159,1035,50,-0.22528852659493748,0.13946226659331418
49,1576378800,143,158,15,301,50,-0.6327481584269297,-0.9634989326213311
49,1576393200,22,64,42,86,50,-0.5563494774584311,-1.286573398331343
49,1576407600,165,261,96,426,50,-0.40355211552143405,-0.7756649409294637
49,1576422000,431,575,144,1006,50,-0.2677322382441033,0.09588478052080093
49,1576436400,532,688,156,1220,50,-0.23377726892477063,0.4174565742972779
49,1576450800,230,366,136,596,50,-0.29036888445699177,-0.5202107122285241
49,1576465200,50,64,14,114,50,-0.6355777392035407,-1.2444985841923646
49,1576479600,20,195,175,215,50,-0.18001523416916057,-1.0927287189053358
49,1576494000,308,1430,1122,1738,50,2.4995977612815103,1.1958406358683764
49,1576508400,344,754,410,1098,50,0.48493624833443777,0.23413059840601533
49,1576522800,852,1035,183,1887,50,-0.1573785879562721,1.4197387539650823
49,1576537200,529,365,-164,894,50,-1.1392431174403086,-0.07241447603511224
49,1576551600,75,63,-12,138,51,-0.7861434399542678,-1.1343321773642039
49,1576564338,15,60,45,75,51,-0.6120053856092239,-1.2330854591227163
49,1576566000,32,182,150,214,51,-0.2912247591841431,-1.0152012342904428
49,1576580400,299,1426,1127,1725,51,2.6935625933616083,1.353310015504988
49,1576594800,397,776,379,1173,51,0.408382511781033,0.488043165811356
49,1576609200,824,990,166,1814,51,-0.24234390182413082,1.4928186198939974
49,1576623600,477,399,-78,876,51,-0.9877769765643185,0.022491980378369233
49,1576638000,72,67,-5,139,51,-0.7647580648592623,-1.1327646649553387
49,1576652400,31,172,141,203,51,-0.31872024144915,-1.032443870787961
49,1576666800,327,1409,1082,1736,51,2.5560851820365738,1.370552652002506
49,1576681200,401,844,443,1245,51,0.6039059412210822,0.6009040592496557
49,1576695600,869,1102,233,1971,51,-0.03765531162907928,1.7389180680858458
49,1576710000,518,410,-108,928,51,-1.0794285841143416,0.10400262563936355
49,1576724400,97,80,-17,177,51,-0.8014187078792716,-1.0731991934184582
49,1576738800,25,153,128,178,51,-0.35843593805416,-1.071631681009593
49,1576753200,305,1439,1134,1744,51,2.7149479684566136,1.3830927512734281
49,1576767600,393,890,497,1283,51,0.7688788348111237,0.6604695307865363
49,1576782000,864,1221,357,2085,51,0.3411713329110161,1.9176144826964872
49,1576796400,555,461,-94,1016,51,-1.0366578339243309,0.24194371761950775
49,1576810800,107,70,-37,177,51,-0.862519779579287,-1.0731991934184582
49,1576825200,30,164,134,194,51,-0.34010561654415544,-1.0465514824677484
49,1576839600,213,1212,999,1425,51,2.30251573448151,0.8830562928454053
49,1576854000,416,818,402,1234,51,0.4786487442360507,0.5836614227521377
49,1576868400,745,1169,424,1914,51,0.5458599231060676,1.6495698607805251
49,1576882800,441,470,29,911,51,-0.6608862429692361,0.07735491468865387
49,1576897200,103,91,-12,194,51,-0.7861434399542678,-1.0465514824677484
49,1576911600,27,83,56,110,51,-0.5783997961742154,-1.1782225248124316
49,1576926000,174,257,83,431,51,-0.4959133493791946,-0.6750510415666783
49,1576940400,374,518,144,892,51,-0.3095550806941477,0.04757217892021364
49,1576954800,511,776,265,1287,51,0.06010640309094533,0.6667395804219973
49,1576969200,359,555,196,914,51,-0.15069229427410774,0.0820574519152497
49,1576983600,105,98,-7,203,51,-0.7708681720292638,-1.032443870787961
49,1576998000,19,50,31,69,51,-0.6547761357992347,-1.2424905335759078
49,1577012400,174,184,10,358,51,-0.7189322610842508,-0.7894794474138433
49,1577026800,370,420,50,790,51,-0.59673011768422,-0.11231408678404443
49,1577041200,531,816,285,1347,51,0.12120747479096071,0.7607903249539139
49,1577055600,289,271,-18,560,51,-0.8044737614642724,-0.47284194082305775
49,1577070000,68,31,-37,99,51,-0.862519779579287,-1.1954651613099496
49,1577084400,16,147,131,163,51,-0.34927077729915773,-1.095144367142572
49,1577098800,228,922,694,1150,51,1.3707243910562752,0.45199038040745465
49,1577113200,381,817,436,1198,51,0.5825205661260768,0.5272309760329879
49,1577127600,646,1163,517,1809,51,0.8299799065111391,1.484981057849671
49,1577142000,348,554,206,902,51,-0.12014175842410005,0.06324730300886638
49,1577156400,113,69,-44,182,52,-1.4996959120274271,-1.0553341622672194
49,1577170800,13,172,159,185,52,-0.31530322546597067,-1.0485794232074594
49,1577185200,164,501,337,665,52,0.7232282927997401,0.03217882635413417
49,1577199600,380,580,200,960,52,-0.07609090946094739,0.6963948338971969
49,1577214000,396,809,413,1205,52,1.1666462444188077,1.248031857110927
49,1577228400,276,440,164,716,52,-0.2861309918068215,0.14700939037005348
49,1577242800,65,52,-13,117,52,-1.3188280633407026,-1.201686841895352
49,1577257200,20,55,35,75,52,-1.0387746202128703,-1.2962531887319912
49,1577271600,122,167,45,289,52,-0.980430152894572,-0.8144151358024474
49,1577286000,258,346,88,604,52,-0.729548943425889,-0.10516753452765168
49,1577300400,336,627,291,963,52,0.4548437431355677,0.7031495729569568
49,1577314800,208,363,155,571,52,-0.33864101239329003,-0.17946966418501123
49,1577329200,52,47,-5,99,52,-1.2721524894860639,-1.2422152762539116
49,1577343600,17,141,124,158,52,-0.5195088610800149,-1.109372074745299
49,1577358000,193,590,397,783,52,1.0732950967095303,0.29786522937135923
49,1577372400,298,649,351,947,52,0.8049105470453578,0.6671242979715704
49,1577386800,436,944,508,1380,52,1.7209186839426422,1.6420583022635913
49,1577401200,309,562,253,871,52,0.23313476732603391,0.49600424179098473
49,1577415600,80,58,-22,138,52,-1.371338083927171,-1.154403668477032
49,1577430000,27,152,125,179,52,-0.5136744143481851,-1.0620889013269792
49,1577444400,215,625,410,840,52,1.149142904223318,0.4262052715067985
49,1577458800,363,754,391,1117,52,1.0382884163185513,1.0498928446913014
49,1577473200,549,1096,547,1645,52,1.948462106484006,2.2387269192090544
49,1577487600,362,566,204,928,52,-0.052753122533628044,0.6243442839264239
