remote_unit_id,time_stamp,entries,exits,num_people_exited,sum_exit_entry,week_num,z_score_num_people_exited,z_score_sum_exit_entry
461,1546300800,0,0,0,0,1,-0.634980373919842,-1.090909064841084
461,1546315200,147,84,-63,231,1,-0.7391930264648665,-0.8377162513860721
461,1546329600,34,62,28,96,1,-0.5886636394553867,-0.9856860774312088
461,1546344000,65,381,316,446,1,-0.11226294210670358,-0.6020606024993729
461,1546358400,235,709,474,944,1,0.14909577379986563,-0.05621635531064619
461,1546372800,450,518,68,968,1,-0.5224968759347363,-0.02991060845817744
461,1546387200,157,81,-76,238,1,-0.7606972246090778,-0.8300437418874353
461,1546401600,14,14,0,28,1,-0.634980373919842,-1.060219026846537
461,1546416000,34,462,428,496,1,0.07300399575111763,-0.5472569632233962
461,1546430400,195,2065,1870,2260,1,2.4583158206705655,1.3862154304330574
461,1546444800,508,1458,950,1966,1,0.9364802596956058,1.0639700314903149
461,1546459200,1312,1416,104,2728,1,-0.46294678876615086,1.899177494056198
461,1546473600,396,191,-205,587,1,-0.9740850369631755,-0.4475143397411189
461,1546488000,54,27,-27,81,1,-0.6796429392962811,-1.002127169214002
461,1546502400,49,518,469,567,1,0.14082492835978433,-0.46943579545150954
461,1546516800,226,2361,2135,2587,1,2.8966706289948747,1.7446312312979442
461,1546531200,544,1429,885,1973,1,0.8289592689745489,1.0716425409889516
461,1546545600,1326,1406,80,2732,1,-0.5026468468785411,1.903561785198276
461,1546560000,451,189,-262,640,1,-1.0683726749801024,-0.38942248210858377
461,1546574400,276,157,-119,433,1,-0.8318264953937771,-0.6163095487111268
461,1546588800,36,504,468,540,1,0.13917075927176806,-0.4990297606605369
461,1546601628,199,2205,2006,2404,1,2.683282816640777,1.5440499115478699
461,1546601712,193,721,528,914,1,0.23842090455274373,-0.08909853887623213
461,1546603200,41,209,168,250,1,-0.3570799671331102,-0.816890868461201
461,1546606075,79,266,187,345,1,-0.3256507544608012,-0.7127639538368455
461,1546617600,531,1326,795,1857,1,0.6800840510530853,0.944498097868686
461,1546632000,1285,1707,422,2992,1,0.06307898122302007,2.1885407094333544
461,1546646400,464,285,-179,749,1,-0.9310766406747527,-0.2699505484869548
461,1546660800,76,41,-35,117,1,-0.6928762920004111,-0.9626685489352986
461,1546675200,18,112,94,130,1,-0.47948847964631347,-0.9484196027235448
461,1546689600,86,658,572,744,1,0.3112043444254592,-0.2754309124145525
461,1546704000,297,876,579,1173,1,0.322783528041573,0.1947843125733265
461,1546718400,453,754,301,1207,1,-0.1370754784269475,0.23205078728099057
461,1546732800,288,229,-59,517,1,-0.7325763501128014,-0.5242394347274861
461,1546747200,95,52,-43,147,1,-0.7061096447045412,-0.9297863653697127
461,1546761600,16,75,59,91,1,-0.5373843977268826,-0.9911664413588065
461,1546776000,67,510,443,577,1,0.09781653207136155,-0.45847506759631423
461,1546790400,272,817,545,1089,1,0.26654177904902016,0.10271419858968586
461,1546804800,488,477,-11,965,1,-0.6531762338880209,-0.03319882681473603
461,1546819200,209,112,-97,321,1,-0.7954347754574194,-0.7390697006893143
461,1546833600,23,35,12,58,1,-0.6151303448636469,-1.027336843280951
461,1546848000,51,492,441,543,1,0.09450819389532902,-0.49574154230397827
461,1546862400,230,2494,2264,2724,1,3.1100584413489725,1.89479320291412
461,1546876800,515,1159,644,1674,1,0.43030451876263,0.7439167781186118
461,1546891200,1272,1387,115,2659,1,-0.444750928797972,1.8235484718553503
461,1546905600,404,181,-223,585,2,-0.9501692772336559,-0.6561158052831286
461,1546920000,37,24,-13,61,2,-0.6695567533695727,-1.165977626640817
461,1546934400,58,524,466,582,2,-0.029492948936735253,-0.6590348615122756
461,1546948800,226,2493,2267,2719,2,2.377093505726188,1.4203061923834879
461,1546963200,494,1250,756,1744,2,0.35801958401842726,0.4716129179106899
461,1546977600,1297,1293,-4,2590,2,-0.6575305023468262,1.294786774530164
461,1546992000,455,171,-284,626,2,-1.031680534165604,-0.6162220368181186
461,1547006400,39,20,-19,59,2,-0.6775742540514036,-1.167923664126915
461,1547020800,44,536,492,580,2,0.005249554017865524,-0.6609808989983738
461,1547035200,266,2555,2289,2821,2,2.4064910082262347,1.5195541041744884
461,1547049600,563,1371,808,1934,2,0.4275045899276288,0.6564864790900043
461,1547064000,1289,1553,264,2842,2,-0.2994154718917105,1.539987497778518
461,1547078400,464,198,-266,662,2,-1.007628032120111,-0.5811933620683538
461,1547092800,38,26,-12,64,2,-0.6682205032559342,-1.16305857041167
461,1547107200,44,500,456,544,2,-0.042855450073120166,-0.6960095737481385
461,1547121600,284,2676,2392,2960,2,2.5441247699309995,1.6548037094583026
461,1547136000,617,1402,785,2019,2,0.3967708373139435,0.7391930722491714
461,1547150400,1380,1564,184,2944,2,-0.40631548098278986,1.6392354095695183
461,1547164800,510,201,-309,711,2,-1.0650867870065661,-0.5335154436589516
461,1547179200,45,30,-15,75,2,-0.6722292535968496,-1.1523553642381308
461,1547193600,48,515,467,563,2,-0.02815669882309676,-0.6775222176302071
461,1547208000,274,2546,2272,2820,2,2.3837747562943803,1.5185810854314394
461,1547222400,539,1459,920,1998,2,0.5771646026551399,0.7187596786451419
461,1547236800,1278,1652,374,2930,2,-0.15242795939147646,1.625613147166832
461,1547251200,450,290,-160,740,2,-0.8659855200744309,-0.50529790011053
461,1547265600,96,39,-57,135,2,-0.7283517583696663,-1.0939742396551893
461,1547280000,21,138,117,159,2,-0.4958442385965688,-1.0706217898220127
461,1547294400,101,893,792,994,2,0.406124588109413,-0.2581511393760779
461,1547308800,429,1360,931,1789,2,0.5918633539051633,0.515398761347896
461,1547323200,691,977,286,1668,2,-0.2700179693916637,0.39766349343896407
461,1547337600,359,217,-142,576,2,-0.841933018028938,-0.6648729739705699
461,1547352000,89,40,-49,129,2,-0.7176617574605584,-1.0998123521134835
461,1547366400,22,79,57,101,2,-0.5760192454148783,-1.127056876918856
461,1547380800,86,686,600,772,2,0.1495645662908226,-0.47416130033296117
461,1547395200,371,984,613,1355,2,0.166935817768123,0.09310862686461963
461,1547409600,533,576,43,1109,2,-0.5947267470058172,-0.1462539839254402
461,1547424000,211,112,-99,323,2,-0.7844742631424829,-0.9110467159619728
461,1547438400,21,31,10,52,2,-0.6388230007558874,-1.1747347953282583
461,1547452800,51,518,467,569,2,-0.02815669882309676,-0.671684105171913
461,1547467200,254,2478,2224,2732,2,2.319634750839733,1.4329554360431254
461,1547481600,428,1198,770,1626,2,0.37672708560936613,0.35679670623090504
461,1547496000,1290,1339,49,2629,2,-0.5867092463239862,1.3327345055090758
461,1547510400,390,177,-213,567,3,-0.9789344752068854,-0.5467980653483199
461,1547524800,29,21,-8,50,3,-0.6600126358466765,-1.0970065136406002
461,1547539200,48,479,431,527,3,0.022946815271039426,-0.5893673843651307
461,1547541590,39,375,336,414,3,-0.1248462322373501,-0.7096257105876214
461,1547553600,240,2141,1901,2381,3,2.309849760927172,1.3837205520640523
461,1547568000,532,1309,777,1841,3,0.5612246514594897,0.8090347453371058
461,1547582400,1371,1509,138,2880,3,-0.43287805757062514,1.9147728067987677
461,1547596800,420,199,-221,619,3,-0.9913802055233814,-0.49145795062646574
461,1547611200,34,24,-10,58,3,-0.6631240684258004,-1.088492649837238
461,1547625600,52,501,449,553,3,0.05094970848315534,-0.5616973270042036
461,1547627148,26,234,208,260,3,-0.3239779173012855,-0.8735175888023431
461,1547640000,234,2366,2132,2600,3,2.669220223815993,1.616787573681092
461,1547654400,491,1333,842,1824,3,0.6623462102810194,0.7909427847549613
461,1547668800,1292,1474,182,2766,3,-0.36442654082989734,1.793450247600857
461,1547683200,469,198,-271,667,3,-1.0691660200014812,-0.4403747678062927
461,1547697600,27,27,0,54,3,-0.6475669055301805,-1.092749581738919
461,1547712000,43,491,448,534,3,0.04939399219359335,-0.5819177535371888
461,1547726400,242,2629,2387,2871,3,3.065927877654302,1.9051947100199853
461,1547740800,564,1356,792,1920,3,0.5845603958029196,0.8931091503953074
461,1547755200,1299,1417,118,2716,3,-0.46399238336186505,1.7402385988298432
461,1547769600,507,208,-299,715,3,-1.112726076109217,-0.38929158498611965
461,1547784000,39,29,-10,68,3,-0.6631240684258004,-1.0778503200830352
461,1547798400,42,423,381,465,3,-0.05483899920706033,-0.6553498288411875
461,1547812800,243,2413,2170,2656,3,2.728337442819349,1.676384620304627
461,1547827200,586,1417,831,2003,3,0.6452333310958375,0.9814404873551899
461,1547841600,1174,1654,480,2828,3,0.09917691345957719,1.8594326920769138
461,1547856000,472,290,-182,762,3,-0.9307072702304635,-0.3392726351413669
461,1547870400,66,36,-30,102,3,-0.6942383942170403,-1.041666398918746
461,1547884800,17,131,114,148,3,-0.47021524852011304,-0.9927116820494135
461,1547899200,125,908,783,1033,3,0.5705589491968617,-0.05086549880247338
461,1547913600,372,1254,882,1626,3,0.7245748618634992,0.5802246556217475
461,1547928000,639,801,162,1440,3,-0.39554086662113724,0.3822773221935771
461,1547942400,291,205,-86,496,3,-0.781358506432512,-0.6223586066031591
461,1547956800,79,28,-51,107,3,-0.7269084362978422,-1.0363452340416446
461,1547971200,17,73,56,90,3,-0.5604467933147087,-1.0544371946237892
461,1547985600,62,569,507,631,3,0.14118125327775105,-0.47868715492142244
461,1548000000,295,926,631,1221,3,0.3340900731834384,0.14921030057653764
461,1548014400,485,566,81,1051,3,-0.5215538860756589,-0.031709305244908496
461,1548028800,184,91,-93,275,3,-0.792248520459446,-0.8575540941710391
461,1548043200,22,22,0,44,3,-0.6475669055301805,-1.1033919114931217
461,1548057600,26,208,182,234,3,-0.36442654082989734,-0.9011876461632702
461,1548072000,108,953,845,1061,3,0.6670133591497054,-0.021066975490705783
461,1548086400,347,865,518,1212,3,0.158294132462933,0.1396322037977552
461,1548100800,580,605,25,1185,3,-0.6086739982911306,0.11089791346140787
461,1548115200,200,113,-87,313,4,-0.7441015701679089,-0.8633361517174046
461,1548129600,19,22,3,41,4,-0.6230730015261406,-1.1253646372970973
461,1548144000,45,486,441,531,4,-0.03406730080286809,-0.6533280272454451
461,1548158400,277,2539,2262,2816,4,2.4147440713822443,1.547903919628076
461,1548172800,501,1239,738,1740,4,0.36532697571496736,0.5113500575554681
461,1548187200,1287,1288,1,2575,4,-0.6257625252737354,1.315738974684304
461,1548201600,413,149,-264,562,4,-0.9821244218300532,-0.6234644866095242
461,1548216000,30,20,-10,50,4,-0.6405549058855071,-1.1166945771124752
461,1548230400,54,488,434,542,4,-0.043480633919450076,-0.6427312870197958
461,1548244800,235,2590,2355,2825,4,2.539806925645405,1.556573979812698
461,1548259200,563,1327,764,1890,4,0.4002907844337004,0.6558510606325045
461,1548273600,1347,1558,211,2905,4,-0.343362531776276,1.6336411814537841
461,1548288000,508,222,-286,730,4,-1.0117091830535967,-0.46162336316324354
461,1548302400,43,24,-19,67,4,-0.652657762749684,-1.1003177967637443
461,1548316800,48,477,429,525,4,-0.050204443288437206,-0.6591080673685266
461,1548331200,274,2570,2296,2844,4,2.4604659750913567,1.5748774402024561
461,1548345600,451,1161,710,1612,4,0.32767364324863946,0.38804253492973045
461,1548360000,1225,1474,249,2699,4,-0.2922615805719739,1.4351931372279876
461,1548374400,523,215,-308,738,4,-1.04129394427714,-0.4539166429991349
461,1548388800,57,31,-26,88,4,-0.662071095866266,-1.0800876563329593
461,1548403200,41,565,524,606,4,0.07754793472231825,-0.581077525706927
461,1548417600,278,2630,2352,2908,4,2.5357726400240126,1.6365312015153248
461,1548432000,622,1494,872,2116,4,0.5455250668038224,0.8735659052685727
461,1548446400,1302,1608,306,2910,4,-0.2156101537655206,1.638457881556352
461,1548460800,449,292,-157,741,4,-0.8382349013337287,-0.45102662293759416
461,1548475200,75,34,-41,109,4,-0.6822425239732274,-1.0598575159021741
461,1548489600,17,100,83,117,4,-0.5154920516223466,-1.0521507957380656
461,1548504000,90,659,569,749,4,0.1380622190432024,-0.4433199027734856
461,1548518400,376,1026,650,1402,4,0.2469879308207939,0.18574113062187952
461,1548532800,599,762,163,1361,4,-0.4079111017185525,0.1462441897808229
461,1548547200,319,241,-78,560,4,-0.731998713303732,-0.6253911666505514
461,1548561600,71,41,-30,112,4,-0.6674501433614557,-1.0569674958406334
461,1548576000,15,74,59,89,4,-0.5477663365934847,-1.0791243163124458
461,1548590400,68,517,449,585,4,-0.023309205812488687,-0.601307666137712
461,1548604800,330,744,414,1074,4,-0.0703758713953986,-0.1302343961065734
461,1548619200,487,479,-8,966,4,-0.6378653821379123,-0.2342751183220396
461,1548633600,191,101,-90,292,4,-0.7481358557893011,-0.8835662921481898
461,1548648000,24,20,-4,44,4,-0.6324863346427226,-1.1224746172355566
461,1548662400,50,516,466,566,4,-0.0004482539579324498,-0.61961112652747
461,1548676800,244,2509,2265,2753,4,2.4187783570036365,1.4872134983357206
461,1548691200,495,1296,801,1791,4,0.4500469737642052,0.5604803986016605
461,1548705600,1357,1485,128,2842,4,-0.4549777673014624,1.5729507601614288
461,1548720000,434,215,-219,649,5,-0.8849224453959199,-0.5958642687179565
461,1548734400,26,31,5,57,5,-0.5891293792502543,-1.1837836805196735
461,1548748800,56,504,448,560,5,-0.004145770756817398,-0.6842508019111201
461,1548763200,296,2637,2341,2933,5,2.495569739125973,1.6723923808683978
461,1548777600,593,1331,738,1924,5,0.37880060952105327,0.670347302307701
461,1548792000,1348,1425,77,2773,5,-0.4940530365605761,1.5134952425436095
461,1548806400,471,175,-296,646,5,-0.9866013118834924,-0.5988435900615463
461,1548820800,29,20,-9,49,5,-0.6076164458843584,-1.191728537435913
461,1548835200,79,589,510,668,5,0.0777255243370722,-0.5769952335418879
461,1548849600,365,2762,2397,3127,5,2.569518005662389,1.865055161087204
461,1548862099,482,1116,634,1598,5,0.24146811452485137,0.3465943829709447
461,1548864000,371,435,64,806,5,-0.5112195984351013,-0.4399464517367579
461,1548878400,1370,1286,-84,2656,5,-0.7066543028527732,1.397301710143608
461,1548892800,453,160,-293,613,5,-0.9826397976047558,-0.6316161248410339
461,1548907200,274,45,-229,319,5,-0.8981274929917085,-0.9235896165128326
461,1548921600,43,408,365,451,5,-0.11374766580186314,-0.7924994773948821
461,1548936000,260,2523,2263,2783,5,2.3925703678788217,1.5234263136889088
461,1548950400,466,1192,726,1658,5,0.3629545524061069,0.40618080984274035
461,1548964800,1169,1282,113,2451,5,-0.44651486521573697,1.1937147516649729
461,1548979200,441,195,-246,636,5,-0.9205760739045492,-0.6087746612068455
461,1548993600,204,99,-105,303,5,-0.7343849028039293,-0.9394793303453114
461,1549008000,46,463,417,509,5,-0.045081418303762194,-0.7348992647521464
461,1549022400,301,2636,2335,2937,5,2.4876467105685,1.6763648093265175
461,1549036800,622,1435,813,2057,5,0.4778384664894681,0.8024305485401815
461,1549051200,1199,1459,260,2658,5,-0.2524006655576439,1.399287924372668
461,1549065600,447,277,-170,724,5,-0.8202177121765555,-0.5213812351282119
461,1549080000,99,49,-50,148,5,-0.6617571410270918,-1.0934109330974502
461,1549094400,26,102,76,128,5,-0.49537354132015493,-1.1132730753880486
461,1549108800,148,783,635,931,5,0.24278861928443024,-0.31580806242051696
461,1549123200,489,1269,780,1758,5,0.43426180942336556,0.505491521295733
461,1549137600,698,920,222,1618,5,-0.30257984642164076,0.36645652526154326
461,1549152000,334,231,-103,565,5,-0.7317438932847716,-0.6792852663384704
461,1549166400,107,43,-64,150,5,-0.6802442076611959,-1.0914247188683903
461,1549180800,21,64,43,85,5,-0.5389501983862575,-1.1559766813128356
461,1549195200,112,700,588,812,5,0.1807248955842236,-0.43398780904957834
461,1549209600,394,982,588,1376,5,0.1807248955842236,0.1261246035453008
461,1549224000,505,617,112,1122,5,-0.4478353699753158,-0.1261246035453008
461,1549238400,218,106,-112,324,5,-0.7436284361209814,-0.9186240809401829
461,1549252800,22,23,1,45,5,-0.5944113982885698,-1.1957009658940327
461,1549267200,51,523,472,574,5,0.027546343473075347,-0.670347302307701
461,1549281600,255,2614,2359,2869,5,2.5193388247983926,1.6088335255384825
461,1549296000,561,1334,773,1895,5,0.42501827610631354,0.6415471959863331
461,1549310400,1269,1493,224,2762,5,-0.299938836902483,1.5025710642837804
461,1549324800,439,184,-255,623,6,-1.0036825395961215,-0.6669286232867442
461,1549339200,42,27,-15,69,6,-0.6902649435884106,-1.1722723515216005
461,1549353600,81,549,468,630,6,-0.05951203162289268,-0.6605434137242099
461,1549368000,450,2682,2232,3132,6,2.244107299033782,1.6217129184844727
461,1549382400,638,1601,963,2239,6,0.5869117601430108,0.8071426128640277
461,1549396800,1437,1619,182,3056,6,-0.43300133353208137,1.5523877860912434
461,1549411200,501,209,-292,710,6,-1.05200108564731,-0.5875695901523895
461,1549425600,46,28,-18,74,6,-0.694182663538507,-1.1677114875483616
461,1549440000,56,514,458,570,6,-0.07257109812321397,-0.7152737814030752
461,1549454400,295,2658,2363,2953,6,2.4151810701879906,1.4584339882425248
461,1549468800,579,1403,824,1982,6,0.405390735788545,0.5727142046395547
461,1549483200,1372,1460,88,2832,6,-0.5557565586351014,1.3480610800901465
461,1549497600,487,197,-290,684,6,-1.049389272347246,-0.6112860828132312
461,1549512000,39,30,-9,69,6,-0.6824295036882179,-1.1722723515216005
461,1549526400,52,527,475,579,6,-0.05037068507266779,-0.7070642262512454
461,1549540800,268,2795,2527,3063,6,2.6293497607932594,1.5587729956537777
461,1549555200,585,1424,839,2009,6,0.4249793355390269,0.597342870095044
461,1549569600,1418,1742,324,3160,6,-0.24756258922751914,1.64725375673461
461,1549584000,565,253,-312,818,6,-1.0781192186479527,-0.48905492833043196
461,1549598400,48,35,-13,83,6,-0.6876531302883464,-1.1595019323965319
461,1549612800,46,493,447,539,6,-0.08693607127356738,-0.7435511380371556
461,1549627200,267,2340,2073,2607,6,2.0364681416786734,1.1428222012944016
461,1549641600,611,1545,934,2156,6,0.5490404672920791,0.731432270908264
461,1549656000,1352,1804,452,3156,6,-0.08040653802340673,1.643605065556019
461,1549670400,508,327,-181,835,6,-0.9070454474937439,-0.47354799082142013
461,1549684800,97,47,-50,144,6,-0.7359716763395351,-1.1038593919230189
461,1549699200,26,129,103,155,6,-0.5361679588846195,-1.0938254911818934
461,1549713600,162,927,765,1089,6,0.3283422434366494,-0.24185610098089041
461,1549728000,445,1310,865,1755,6,0.45893290843986223,0.36565098025451437
461,1549742400,762,1027,265,1789,6,-0.3246110815794147,0.39666485527253803
461,1549756800,376,317,-59,693,6,-0.7477248361898243,-0.6030765276614013
461,1549771200,123,68,-55,191,6,-0.7425012095896958,-1.0609872705745742
461,1549785600,18,75,57,93,6,-0.5962396647860974,-1.1503802044500542
461,1549800000,90,767,677,857,6,0.21342245823382214,-0.45348018933916956
461,1549814400,389,1198,809,1587,6,0.38580213603806307,0.21240595075369154
461,1549828800,594,679,85,1273,6,-0.5596742785851978,-0.0740163067657035
461,1549843200,211,102,-109,313,6,-0.8130201686914307,-0.9497021896275482
461,1549857600,26,23,-3,49,6,-0.6745940637880251,-1.1905158074145554
461,1549872000,48,539,491,587,6,-0.02947617867215373,-0.6997668438940634
461,1549886400,248,2747,2499,2995,6,2.59278437459236,1.4967452456177304
461,1549900800,522,1316,794,1838,6,0.36621353628758113,0.441361322210278
461,1549915200,1333,1505,172,2838,6,-0.44606040003240266,1.3535341168580328
461,1549929600,517,188,-329,705,7,-1.138139789581811,-0.5230904064083866
461,1549944000,33,29,-4,62,7,-0.6639855621438677,-1.2007965423338578
461,1549958400,54,522,468,576,7,0.02463226970446851,-0.6590532237246942
461,1549972800,230,2570,2340,2800,7,2.755760619747022,1.6849879058215704
461,1549987200,432,1026,594,1458,7,0.20845821634194808,0.27055301560075784
461,1550001600,1173,1207,34,2380,7,-0.6085459909357389,1.2423182680475455
461,1550016000,399,173,-226,572,7,-0.9878693728860937,-0.6632691250368278
461,1550030400,35,31,-4,66,7,-0.6639855621438677,-1.1965806410217243
461,1550044800,49,515,466,564,7,0.02171439753561963,-0.6717009276610949
461,1550059200,287,2623,2336,2910,7,2.7499248754093246,1.8009251919052436
461,1550073600,498,1342,844,1840,7,0.5731922374480584,0.6731715909095137
461,1550088000,1242,1581,339,2823,7,-0.1635704851862844,1.7092293383663384
461,1550102400,491,194,-297,685,7,-1.091453834880229,-0.5441699129690544
461,1550116800,36,40,4,76,7,-0.6523140734684721,-1.1860408877413904
461,1550131200,43,519,476,562,7,0.03630375837986404,-0.6738088783171616
461,1550145600,270,2632,2362,2902,7,2.7878572136043602,1.7924933892809765
461,1550160000,515,1356,841,1871,7,0.568815429194785,0.7058448260785489
461,1550174400,1192,1722,530,2914,7,0.11508630693878386,1.805141093217377
461,1550188800,427,226,-201,653,7,-0.9513959707754827,-0.577897123466123
461,1550203200,54,32,-22,86,7,-0.6902464116635076,-1.1755011344610564
461,1550217600,42,440,398,482,7,-0.07749325620524238,-0.7581269045598331
461,1550222505,90,314,224,404,7,-0.3313481348950951,-0.8403369801464377
461,1550232000,216,2313,2097,2529,7,2.4012391512318834,1.3993605919245211
461,1550246400,526,1386,860,1912,7,0.5965352147988494,0.749057814527918
461,1550260800,1156,1646,490,2802,7,0.05672886356180622,1.6870958564776373
461,1550275200,421,348,-73,769,7,-0.7646521519691541,-0.4556359854142495
461,1550289600,151,52,-99,203,7,-0.8025844901641896,-1.0521860210811496
461,1550304000,66,139,73,205,7,-0.5516474836431857,-1.0500780704250827
461,1550318400,230,978,748,1208,7,0.433134373343312,0.00705918359240977
461,1550332800,548,1417,869,1965,7,0.6096656395586694,0.8049185069136878
461,1550347200,805,1144,339,1949,7,-0.1635704851862844,0.7880549016651535
461,1550361600,460,295,-165,755,7,-0.8988742717362027,-0.47039164000671696
461,1550376000,191,59,-132,250,7,-0.8507293809501962,-1.00264918066358
461,1550390400,53,75,22,128,7,-0.6260532239488322,-1.131234170683654
461,1550404800,179,699,520,878,7,0.10049694609453945,-0.3407526746586097
461,1550419200,494,1190,696,1684,7,0.35726969695324107,0.5087514397363045
461,1550433600,614,815,201,1429,7,-0.36490366483685727,0.23998773108778948
461,1550448000,365,154,-211,519,7,-0.965985331619727,-0.7191298174225975
461,1550462400,81,22,-59,103,7,-0.744227046787212,-1.1575835538844887
461,1550476800,53,216,163,269,7,-0.420343236044986,-0.9826236494309456
461,1550491200,244,1128,884,1372,7,0.631549680825036,0.17991113738988612
461,1550505600,487,1196,709,1683,7,0.3762358660507588,0.5076974644082711
461,1550520000,680,973,293,1653,7,-0.2306815450698087,0.47607820456726935
461,1550534400,459,157,-302,616,8,-1.1312505998222435,-0.7186989631630415
461,1550548800,58,30,-28,88,8,-0.7691975534197968,-1.2429235220303678
461,1550563200,40,420,380,460,8,-0.23008206826578848,-0.873583491919297
461,1550577600,235,2430,2195,2665,8,2.168189023779616,1.3156497510777763
461,1550592000,471,1215,744,1686,8,0.250893511626513,0.3436500481779419
461,1550606400,1170,1398,228,2568,8,-0.43092901371532094,1.2193433453767712
461,1550620800,382,205,-177,587,8,-0.9660804144196674,-0.747491599919012
461,1550635200,30,24,-6,54,8,-0.7401276007889434,-1.276680406502885
461,1550649600,41,517,476,558,8,-0.10323136587661004,-0.7762842366749826
461,1550664000,253,2330,2077,2583,8,2.0122683687595844,1.2342360885264112
461,1550678400,435,1097,662,1532,8,0.14254187000242313,0.19075121850830506
461,1550692800,1032,1059,27,2091,8,-0.6965226718426633,0.7457541132182207
461,1550707200,369,163,-206,532,8,-1.004399897433065,-0.8020983248010252
461,1550721600,41,24,-17,65,8,-0.75466257710437,-1.2657590615264824
461,1550736000,41,465,424,506,8,-0.1719421630040817,-0.8279124129270677
461,1550750400,240,2367,2127,2607,8,2.0783364429206146,1.2580644775658352
461,1550764800,518,1371,853,1889,8,0.3949219132975594,0.545198505469736
461,1550779200,1157,1556,399,2713,8,-0.2049762000845969,1.3633065291566242
461,1550793600,432,245,-187,677,8,-0.9792940292518735,-0.6581351410211723
461,1550808000,53,33,-20,86,8,-0.7586266615540319,-1.2449092211169865
461,1550822400,40,438,398,478,8,-0.2062975615678175,-0.855712200139729
461,1550836800,233,2135,1902,2368,8,1.7810301091959777,1.020773436714905
461,1550851200,520,1405,885,1925,8,0.4372054807606188,0.5809410890288719
461,1550865600,1179,1644,465,2823,8,-0.11776634219203673,1.4725199789206505
461,1551484800,7267,8467,1200,15734,9,1.8504836119001873,4.036313062983342
461,1551499200,98,65,-33,163,9,-0.8493345107998362,-0.4618211572886444
461,1551513600,27,116,89,143,9,-0.5821992220979685,-0.4675987364040153
461,1551528000,129,857,728,986,9,0.8169765933159122,-0.22407377669113338
461,1551542400,532,1422,890,1954,9,1.1716972225757694,0.055561052492816454
461,1551556800,900,1088,188,1988,9,-0.36542550421694475,0.06538293698894693
461,1551571200,394,298,-96,692,9,-0.9872814221786695,-0.3090041896870851
461,1551585600,119,61,-58,180,9,-0.9040753486485796,-0.4569102150405792
461,1551600000,17,72,55,89,9,-0.6566467615722595,-0.4831982000155166
461,1551614400,98,745,647,843,9,0.6396162786859837,-0.2653834673660351
461,1551628800,473,1144,671,1617,9,0.6921674830207774,-0.04179115560118261
461,1551643200,750,650,-100,1400,9,-0.9960399562344685,-0.10447788900295649
461,1551657600,197,83,-114,280,9,-1.0266948254297648,-0.4280223194637249
461,1551672000,34,68,34,102,9,-0.702629065365204,-0.47944277359052556
461,1551686400,39,338,299,377,9,-0.12237618416852414,-0.4000010607541762
461,1551700800,189,1565,1376,1754,9,2.2358591103553405,-0.0022147386608921864
461,1551715200,378,945,567,1323,9,0.46444559757000486,-0.12672156859713432
461,1551729600,1020,1065,45,2085,9,-0.6785430967117568,0.09340419569849562
461,1551744000,310,129,-181,439,10,-0.8400950751540168,-0.45045183086422325
461,1551758400,38,37,-1,75,10,-0.45075184137879426,-0.6617196851639614
461,1551772800,70,255,185,325,10,-0.048430499811064245,-0.5166181368811742
461,1551787200,377,1250,873,1627,10,1.4397258603964531,0.23907072657558154
461,1551801600,551,633,82,1184,10,-0.27122135024910826,-0.01804921698151738
461,1551816000,1201,887,-314,2088,10,-1.127776464554598,0.5066379816090412
461,1551830400,335,191,-144,526,10,-0.7600634104335544,-0.3999564920618133
461,1551844800,40,17,-23,57,10,-0.49833823661798815,-0.6721669966403221
461,1551859200,43,186,143,229,10,-0.13927725435861618,-0.5723371314217645
461,1551873600,227,1182,955,1409,10,1.6170933335607214,0.1125421764729911
461,1551888000,464,617,153,1081,10,-0.11764707470443715,-0.07783105487402571
461,1551902400,1240,916,-324,2156,10,-1.149406644208777,0.5461056027419592
461,1551916800,389,159,-230,548,10,-0.9460829554594941,-0.387187555812928
461,1551931200,39,21,-18,60,10,-0.4875231467908986,-0.6704257780609286
461,1551945600,47,186,139,233,10,-0.1479293262202878,-0.5700155066492398
461,1551960000,247,1180,933,1427,10,1.5695069383215274,0.12298948794935177
461,1551974400,484,720,236,1204,10,0.061883416425248826,-0.006441093118894405
461,1551988800,1333,1121,-212,2454,10,-0.9071486320819718,0.7190666482950416
461,1552003200,410,191,-219,601,10,-0.9222897578398972,-0.3564260275769771
461,1552017600,47,27,-20,74,10,-0.4918491827217344,-0.6623000913570926
461,1552032000,50,182,132,232,10,-0.16307045197821313,-0.570595912842371
461,1552046400,234,1041,807,1275,10,1.2969666746788715,0.03476774659341716
461,1552060800,420,620,200,1040,10,-0.015985230329795694,-0.10162770879240281
461,1552089600,5834,5093,-741,10927,10,-2.051385135788043,5.636848322695265
461,1552104000,99,63,-36,162,10,-0.5264574701684208,-0.6112243463615514
461,1552118400,25,146,121,171,10,-0.18686364959781004,-0.6060006906233711
461,1552132800,125,980,855,1105,10,1.400791537018931,-0.06390130623887813
461,1552147200,616,1709,1093,2325,10,1.915589812788392,0.6441942493811234
461,1552161600,1217,1487,270,2704,10,0.13542602724945754,0.8641681965778287
461,1552176000,509,328,-181,837,10,-0.8400950751540168,-0.219450165998026
461,1552194000,132,56,-76,188,10,-0.612978188785137,-0.5961337853401416
461,1552208400,20,105,85,125,10,-0.26473229635285456,-0.632699375507404
461,1552222800,122,718,596,840,10,0.840569883975694,-0.21770894741863256
461,1552237200,473,996,523,1469,10,0.6826695725001871,0.14736654806086003
461,1552251600,611,549,-62,1160,10,-0.5826959372692864,-0.03197896561666495
461,1552266000,150,74,-76,224,10,-0.612978188785137,-0.5752391623874202
461,1552280400,16,20,4,36,10,-0.43993675155170475,-0.6843555266960761
461,1552294800,109,931,822,1040,10,1.3294119441601402,-0.10162770879240281
461,1552309200,241,1784,1543,2025,10,2.888947897226448,0.47007239144177876
461,1552323600,537,1173,636,1710,10,0.9270906025924102,0.2872444406054669
461,1552338000,1226,1201,-25,2427,10,-0.502664272548824,0.7033956810805005
461,1552352400,225,121,-104,346,11,-0.945032244366921,-0.9141678683125831
461,1552366800,18,24,6,42,11,-0.7429756086494719,-1.2571571086298003
461,1552377525,31,370,339,401,11,-0.1312950659775574,-0.8521138939130866
461,1552377591,34,166,132,200,11,-0.5115289168276664,-1.0788929639912468
461,1552381200,85,565,480,650,11,0.12770480344208202,-0.5711786279953659
461,1552395600,249,1926,1677,2175,11,2.326448375749234,1.1494088439906747
461,1552410000,641,1262,621,1903,11,0.38670467286172144,0.8425237342331644
461,1552424400,1243,1268,25,2511,11,-0.7080749170255488,1.5285022148675989
461,1552438800,257,130,-127,387,11,-0.9872804500169331,-0.8679094510329585
461,1552453200,17,26,9,43,11,-0.737464973129905,-1.2560288545498095
461,1552467600,124,1015,891,1139,11,0.8826618696227331,-0.019462382879842095
461,1552482000,276,1917,1641,2193,11,2.2603207495144324,1.1697174174305098
461,1552496400,590,1211,621,1801,11,0.38670467286172144,0.7274418180740981
461,1552510800,1271,1276,5,2547,11,-0.7448124871559941,1.5691193617472694
461,1552525200,238,122,-116,360,11,-0.9670747864451882,-0.8983723111927113
461,1552539600,19,30,11,49,11,-0.7337912161168605,-1.2492593300698644
461,1552554000,120,942,822,1062,11,0.7559172526726968,-0.10633794703913725
461,1552568400,299,2031,1732,2330,11,2.4274766936079586,1.3242882263892557
461,1552582800,599,1260,661,1859,11,0.4601798131226121,0.7928805547135672
461,1552597200,1275,1353,78,2628,11,-0.6107203561798688,1.6605079422265279
461,1552611600,280,137,-143,417,11,-1.0166705061212893,-0.8340618286332331
461,1552626000,25,28,3,53,11,-0.7484862441690386,-1.244746313749901
461,1552640400,100,940,840,1040,11,0.7889810657900976,-0.13115953679893588
461,1552654800,269,1878,1609,2147,11,2.20154063730572,1.1178177297509309
461,1552669200,647,1387,740,2034,11,0.605293215137871,0.9903250187119652
461,1552683600,1223,1399,176,2622,11,-0.4307062625406867,1.6537384177465828
461,1552698000,321,214,-107,535,11,-0.9505428798864878,-0.7009278471943132
461,1552712400,70,32,-38,102,11,-0.8237982629364515,-1.1894618638303496
461,1552726800,24,251,227,275,11,-0.3370254587080512,-0.9942739079919333
461,1552741200,248,1166,918,1414,11,0.9322575892988343,0.2908074891176406
461,1552755600,710,1503,793,2213,11,0.7026477759835511,1.1922824990303267
461,1552770000,966,1097,131,2063,11,-0.5133657953341887,1.0230443870316999
461,1552784400,306,249,-57,555,11,-0.8586989545603746,-0.6783627655944963
461,1552798800,89,33,-56,122,11,-0.8568620760538523,-1.1668967822305327
461,1552813200,33,134,101,167,11,-0.5684721505298566,-1.1161253486309446
461,1552827600,124,784,660,908,11,0.4583429346160898,-0.2800890753577276
461,1552842000,487,1018,531,1505,11,0.22138560727471754,0.3934786103968076
461,1552856400,571,515,-56,1086,11,-0.8568620760538523,-0.07925984911935695
461,1552870800,140,81,-59,221,11,-0.8623727115734191,-1.0551996283114389
461,1552885200,26,29,3,55,11,-0.7484862441690386,-1.2424898055899194
461,1552899600,111,971,860,1082,11,0.825718635920543,-0.08377286543932033
461,1552914000,300,1554,1254,1854,11,1.5494487674903155,0.7872392843136129
461,1552928400,543,1099,556,1642,11,0.2673075699377742,0.5480494193555535
461,1552942800,1183,954,-229,2137,11,-1.1746420576822043,1.1065351889510224
461,1552957200,216,108,-108,324,12,-0.8894224222459306,-0.9442875922022926
461,1552971600,24,30,6,54,12,-0.6712252322211565,-1.2856507627073772
461,1552986000,104,960,856,1064,12,0.95568364077058,-0.008699643410579208
461,1553000400,253,1716,1463,1969,12,2.1174879771305615,1.1354991318009082
461,1553014800,559,1049,490,1608,12,0.2551558201647264,0.6790839297552209
461,1553029200,1256,1049,-207,2305,12,-1.0789094556884975,1.5603066328739024
461,1553043600,276,118,-158,394,12,-0.9851229441866209,-0.8557860294787522
461,1553058000,19,23,4,42,12,-0.6750532530987842,-1.3008224591742699
461,1553072400,118,1033,915,1151,12,1.0686102566605948,0.10129515597439251
461,1553086800,266,1788,1522,2054,12,2.230414593020576,1.2429653151080644
461,1553101200,588,1107,519,1695,12,0.3106621228903268,0.7890787291401926
461,1553115600,1267,1145,-122,2412,12,-0.9162185683893239,1.6955875930370286
461,1553130000,272,123,-149,395,12,-0.9678968502372968,-0.8545217214398445
461,1553144400,29,39,10,68,12,-0.6635691904659013,-1.2679504501626693
461,1553158800,114,900,786,1014,12,0.8217029100536135,-0.07191504535596525
461,1553173200,236,1687,1451,1923,12,2.0945198518647956,1.077340962011153
461,1553187600,565,1048,483,1613,12,0.24175774709302975,0.6854054699497596
461,1553202000,1251,1131,-120,2382,12,-0.9123905475116963,1.657658351869797
461,1553216400,276,157,-119,433,12,-0.9104765370728825,-0.806478015961351
461,1553230800,26,33,7,59,12,-0.6693112217823427,-1.2793292225128388
461,1553245200,99,794,695,893,12,0.647527960121557,-0.22489631806379948
461,1553259600,261,1590,1329,1851,12,1.8610105783295112,0.9863107832097971
461,1553274000,618,1254,636,1872,12,0.5346013442315423,1.0128612520268592
461,1553288400,1157,1121,-36,2278,12,-0.7516136706513364,1.526170315823394
461,1553302800,258,273,15,531,12,-0.6539991382718323,-0.6825758281483945
461,1553317200,61,26,-35,87,12,-0.7496996602125227,-1.2439285974234224
461,1553331600,34,204,170,238,12,-0.3573275202556921,-1.0530180835483567
461,1553346000,148,760,612,908,12,0.48866509370001093,-0.20593169748018367
461,1553360400,481,1047,566,1528,12,0.4006206135145758,0.5779392866426033
461,1553374800,667,672,5,1339,12,-0.6731392426599704,0.33898506728904404
461,1553389200,217,179,-38,396,12,-0.7554416915289641,-0.8532574134009367
461,1553403600,59,31,-28,90,12,-0.736301587140826,-1.2401356733066993
461,1553418000,19,106,87,125,12,-0.5161903866772382,-1.1958848919449292
461,1553432400,117,611,494,728,12,0.2628118619199816,-0.4335071444835734
461,1553446800,384,766,382,1150,12,0.04844269277283515,0.10003084793548479
461,1553461200,469,392,-77,861,12,-0.8300880986427026,-0.26535417530884653
461,1553475600,125,68,-57,193,12,-0.7918078898664265,-1.1099119452992041
461,1553490000,22,20,-2,42,12,-0.686537315731667,-1.3008224591742699
461,1553504400,110,973,863,1083,12,0.9690817138422767,0.015322209328667489
461,1553518800,227,1772,1545,1999,12,2.2744368331132936,1.1734283729681398
461,1553533200,576,1052,476,1628,12,0.2283596740213331,0.7043700905333754
461,1553547600,1174,1024,-150,2198,12,-0.9698108606761106,1.4250256727107762
461,1553562000,300,142,-158,442,13,-0.8798604855889451,-0.8027878543245857
461,1553576400,114,35,-79,149,13,-0.7358359620968821,-1.1504234140162723
461,1553590800,121,1014,893,1135,13,1.036212605425718,0.019435500168038283
461,1553605200,310,1691,1381,2001,13,1.9258830796551711,1.0469180759120675
461,1553619600,552,1224,672,1776,13,0.6333085586947563,0.7799624413365404
461,1553634000,1353,1182,-171,2535,13,-0.903560723631943,1.680492781971319
461,1553648400,246,118,-128,364,13,-0.8251676285666427,-0.8953324743107685
461,1553662800,18,25,7,43,13,-0.5790497719662816,-1.2761891796385207
461,1553677200,122,1099,977,1221,13,1.1893526050881649,0.12147187605023982
461,1553691600,292,1861,1569,2153,13,2.2686249836615997,1.2272614379364237
461,1553706000,620,1143,523,1763,13,0.3616673688173208,0.76453833800551
461,1553720400,1296,1153,-143,2449,13,-0.8525140570777939,1.5784564060891175
461,1553734800,246,154,-92,400,13,-0.7595362001398798,-0.852619572778684
461,1553749200,20,23,3,43,13,-0.5863421529025886,-1.2761891796385207
461,1553763600,110,935,825,1045,13,0.9122421295084989,-0.08734675366217262
461,1553778000,287,1696,1409,1983,13,1.97692974620932,1.0255616251460256
461,1553792400,673,1285,612,1958,13,0.5239228446501515,0.9958998879709668
461,1553806800,1354,1269,-85,2623,13,-0.7467745335013425,1.784902096827525
461,1553821200,321,165,-156,486,13,-0.8762142951207916,-0.7505831968964826
461,1553835600,31,33,2,64,13,-0.5881652481366654,-1.2512733204114714
461,1553850000,101,949,848,1050,13,0.9541733198922642,-0.0814144062271609
461,1553864400,305,1876,1571,2181,13,2.272271174129753,1.2604825835724895
461,1553878800,732,1333,601,2065,13,0.5038687970753072,1.1228521230802175
461,1553893200,1251,1292,41,2543,13,-0.5170645340076722,1.6899845378673377
461,1553907600,294,237,-57,531,13,-0.6957278669471936,-0.6971920699813771
461,1553922000,84,36,-48,120,13,-0.6793200098405028,-1.1848310291393402
461,1553936400,124,145,21,269,13,-0.5535264386892071,-1.0080470755759912
461,1553950800,312,435,123,747,13,-0.36757072481337877,-0.4409146607888709
461,1553965200,497,733,236,1230,13,-0.16156096336270612,0.1321501014332609
461,1553979600,574,545,-29,1119,13,-0.6446812003930446,0.0004519883760007899
461,1553994000,257,159,-98,416,13,-0.7704747715443403,-0.8336360609866466
461,1554008400,85,39,-46,124,13,-0.6756738193723493,-1.1800851511913308
461,1554022800,82,102,20,184,13,-0.5553495339232839,-1.1088969819711902
461,1554037200,345,384,39,729,13,-0.5207107244758257,-0.46227111155491313
461,1554051600,404,458,54,862,13,-0.4933642959646744,-0.30447066978360143
461,1554066000,484,359,-125,843,13,-0.8196983428644125,-0.327013590036646
461,1554080400,142,74,-68,216,13,-0.7157819145220378,-1.0709299583871152
461,1554094800,38,33,-5,71,13,-0.6009269147752025,-1.2429680340024551
461,1554109200,150,903,753,1053,13,0.780979272654973,-0.07785499776615387
461,1554123600,272,1821,1549,2093,13,2.232163078980065,1.1560732687162831
461,1554138000,539,1142,603,1681,13,0.5075149875434607,0.6672478400713178
461,1554152400,1216,1006,-210,2222,13,-0.9746614377609362,1.3091278325395854
461,1554166800,194,169,-25,363,14,-0.7452585044231157,-0.8882690585522824
461,1554181200,12,35,23,47,14,-0.6568952070687076,-1.246111127002909
461,1554195600,127,1015,888,1142,14,0.9354850473388555,-0.006120415124946697
461,1554210000,274,1881,1607,2155,14,2.2590936056267608,1.1410125448132962
461,1554224400,588,1130,542,1718,14,0.29853294557583027,0.6461486716711321
461,1554238800,1349,1217,-132,2566,14,-0.9422350214423172,1.6064337161209148
461,1554253200,217,233,16,450,14,-0.6697815212662255,-0.7897492485674581
461,1554267600,16,29,13,45,14,-0.6753042273508759,-1.248375950220951
461,1554282000,133,1003,870,1136,14,0.9023488108309524,-0.012914884779072518
461,1554296400,336,1909,1573,2245,14,2.1965029366673883,1.2429295896251833
461,1554310800,689,950,261,1639,14,-0.21876052435310064,0.5566881545584754
461,1554325200,1325,1278,-47,2603,14,-0.7857583490438861,1.6483329456546907
461,1554339600,215,209,-6,424,14,-0.7102813658869959,-0.8191919504020033
461,1554354000,15,30,15,45,14,-0.6716224232944423,-1.248375950220951
461,1554368400,118,1026,908,1144,14,0.9723030879031923,-0.0038555919069047564
461,1554382800,317,1938,1621,2255,14,2.2848662340217962,1.254253705715393
461,1554397200,656,1429,773,2085,14,0.7237813140939194,1.0617437321818282
461,1554411600,1346,1488,142,2834,14,-0.4378278657109041,1.9099200273385348
461,1554426000,299,236,-63,535,14,-0.8152127814953555,-0.6934942618006755
461,1554440400,23,42,19,65,14,-0.6642588151815749,-1.2257277180405315
461,1554454800,121,915,794,1036,14,0.762440256686473,-0.12615604568116953
461,1554469200,311,1917,1606,2228,14,2.2572527035985437,1.223678592271827
461,1554483600,740,1256,516,1996,14,0.25066949284219253,0.9609590989789618
461,1554498000,1291,1227,-64,2518,14,-0.8170536835235723,1.5520779588879083
461,1554512400,313,188,-125,501,14,-0.9293487072447993,-0.7319962565073885
461,1554526800,37,50,13,87,14,-0.6753042273508759,-1.2008146626420702
461,1554541200,32,196,164,228,14,-0.3973280210901337,-1.0411446257701134
461,1554555600,160,686,526,846,14,0.2690785131243609,-0.34131425139515387
461,1554570000,483,863,380,1346,14,0.0003068170047028409,0.2248915531153312
461,1554584400,641,588,-53,1229,14,-0.7968037612131872,0.0923993948598777
461,1554598800,247,196,-51,443,14,-0.7931219571567535,-0.7976761298306049
461,1554613200,63,30,-33,93,14,-0.7599857206488504,-1.1940201929879444
461,1554627600,31,101,70,132,14,-0.5703728117425163,-1.1498561402361265
461,1554642000,116,569,453,685,14,0.13469266506453187,-0.5236325204475301
461,1554656400,409,720,311,1129,14,-0.12671542294225885,-0.02084176604221931
461,1554670800,440,377,-63,817,14,-0.8152127814953555,-0.374154188056762
461,1554685200,113,72,-41,185,14,-0.7747129368745851,-1.089838324958015
461,1554699600,16,19,3,35,14,-0.6937132476330443,-1.2597000663111606
461,1554714000,124,927,803,1051,14,0.7790083749404244,-0.10916987154585497
461,1554728400,269,1737,1468,2006,14,2.0032082237046205,0.9722832150691715
461,1554742800,586,1107,521,1693,14,0.25987400298327673,0.6178383814456079
461,1554757200,1327,1084,-243,2411,14,-1.1465751465743859,1.4309099167226644
461,1554771600,181,180,-1,361,15,-0.7308647501706073,-0.7979041157164686
461,1554786000,22,32,10,54,15,-0.7084949483567718,-1.150536084238343
461,1554800400,118,1011,893,1129,15,1.0871900517901996,0.08425012475519073
461,1554814800,300,1841,1541,2141,15,2.4049747404597777,1.2466721187100336
461,1554829200,645,1064,419,1709,15,0.12325495544856363,0.7504603584447251
461,1554843600,1326,1137,-189,2463,15,-1.1131849993525218,1.61653366224112
461,1554858000,202,210,8,412,15,-0.7125621850501964,-0.7393235606851475
461,1554872400,11,13,2,24,15,-0.7247638951304703,-1.1849952342567671
461,1554886800,132,905,773,1037,15,0.8431558501847219,-0.021424601967976804
461,1554901200,319,1809,1490,2128,15,2.3012602047774497,1.2317398203687164
461,1554915600,594,1215,621,1809,15,0.5340458614844505,0.8653241918394724
461,1554930000,1280,1265,-15,2545,15,-0.7593354070245796,1.7107220056248127
461,1554944400,249,198,-51,447,15,-0.8325456675062228,-0.699121218996986
461,1554958800,11,40,29,51,15,-0.6698561997692379,-1.1539819992401852
461,1554973200,126,976,850,1102,15,0.9997444628815699,0.05323688973860895
461,1554987600,271,1803,1532,2074,15,2.3866721753393665,1.1697133503355528
461,1555002000,600,1243,643,1843,15,0.5787854651121215,0.9043778951936865
461,1555016400,1269,1262,-7,2531,15,-0.7430664602508812,1.694641068949548
461,1555030800,229,198,-31,427,15,-0.7918733005719766,-0.7220939856759354
461,1555045200,23,11,-12,34,15,-0.7532345519844427,-1.1735088509172924
461,1555059600,112,849,737,961,15,0.7699455897030787,-0.10872111534798476
461,1555074000,307,1798,1491,2105,15,2.3032938231241618,1.2053211386879246
461,1555088400,766,1340,574,2106,15,0.43846579918897194,1.206469777021872
461,1555101878,1279,1223,-56,2502,15,-0.8427137592397844,1.6613305572650714
461,1555102800,654,857,203,1511,15,-0.3160066074412957,0.5230299683231254
461,1555117200,275,240,-35,515,15,-0.8000077739588258,-0.6210138122885578
461,1555131600,54,32,-22,86,15,-0.7735707354515658,-1.1137796575520238
461,1555146000,26,168,142,194,15,-0.4400573265907467,-0.9897267174856966
461,1555160400,153,707,554,860,15,0.3977934322547257,-0.22473358707667954
461,1555174800,409,903,494,1312,15,0.275776331451987,0.2944509398675783
461,1555189200,561,755,194,1316,15,-0.3343091725617065,0.2990454932033682
461,1555203600,199,228,29,427,15,-0.6698561997692379,-0.7220939856759354
461,1555218000,52,47,-5,99,15,-0.7389992235574565,-1.0988473592107066
461,1555232400,24,123,99,147,15,-0.5275029154993761,-1.0437127191812279
461,1555246800,109,535,426,644,15,0.13749028387554982,-0.47283946720933373
461,1555261200,326,643,317,969,15,-0.08417411591609215,-0.09953200867640498
461,1555275600,378,473,95,851,15,-0.5356373888862254,-0.2350713320822068
461,1555290000,83,107,24,190,15,-0.6800242915027995,-0.9943212708214865
461,1555304400,12,26,14,38,15,-0.7003604749699226,-1.1689142975815023
461,1555313490,34,212,178,246,15,-0.3668470661091035,-0.929997524120428
461,1555313565,1,1,0,2,15,-0.7288311318238949,-1.2102652776036114
461,1555313630,1,0,-1,1,15,-0.7308647501706073,-1.211413915937559
461,1555318800,109,655,546,764,15,0.3815244854810272,-0.335002867135637
461,1555333200,277,1782,1505,2059,15,2.3317644799781343,1.1524837753263406
461,1555347600,563,1114,551,1677,15,0.3916925772145888,0.713703931758406
461,1555362000,1365,1292,-73,2657,15,-0.8772852711338938,1.8393694990269296
461,1555376400,212,101,-111,313,16,-0.9389845103691649,-0.9101658922526619
461,1555390800,15,21,6,36,16,-0.7163144069064645,-1.21808929548831
461,1555405200,127,1016,889,1143,16,0.9641787670898121,0.012492680619496752
461,1555419600,328,1868,1540,2196,16,2.2031380607156064,1.183046267648874
461,1555434000,661,1195,534,1856,16,0.2885558035918753,0.8050897438217246
461,1555448400,1319,1251,-68,2570,16,-0.8571484894384288,1.5987984438587381
461,1555462800,262,132,-130,394,16,-0.9751446126408854,-0.8201233086350175
461,1555477200,14,18,4,32,16,-0.7201207334613825,-1.2225358428274529
461,1555491600,125,1066,941,1191,16,1.063143257517679,0.06585124868921195
461,1555506000,316,1841,1525,2157,16,2.1745906115537217,1.1396924310922303
461,1555520400,681,1306,625,1987,16,0.4617436618406422,0.9507141691786557
461,1555534800,1389,1268,-121,2657,16,-0.9580161431437546,1.695510848485097
461,1555549200,239,147,-92,386,16,-0.9028244080974442,-0.8290164033133034
461,1555563600,17,26,9,43,16,-0.7106049170740876,-1.21030783764481
461,1555578000,124,962,838,1086,16,0.8671174399394043,-0.050870618963290044
461,1555592400,301,1809,1508,2110,16,2.1422368358369193,1.0874454998573009
461,1555606800,698,1349,651,2047,16,0.5112259070545756,1.0174123792657996
461,1555621200,1381,1454,73,2835,16,-0.588802467316713,1.8933822050769575
461,1555635600,281,160,-121,441,16,-0.9580161431437546,-0.7678763774000881
461,1555650000,33,32,-1,65,16,-0.7296365498486773,-1.1858518272795238
461,1555664400,69,844,775,913,16,0.7472181534594887,-0.2431837913812219
461,1555678800,361,1822,1461,2183,16,2.052788161796347,1.1685949887966594
461,1555693200,948,1609,661,2557,16,0.5302575398291653,1.5843471650065237
461,1555707600,1097,1193,96,2290,16,-0.5450297119351566,1.2875401301187328
461,1555722000,253,235,-18,488,16,-0.76199032556548,-0.7156294461651586
461,1555736400,46,30,-16,76,16,-0.758183999010562,-1.1736238220968807
461,1555750800,22,151,129,173,16,-0.48222532377901034,-1.0657950491226647
461,1555765200,130,734,604,864,16,0.4217772330140037,-0.29765399628572287
461,1555779600,411,893,482,1304,16,0.1895913131640085,0.1914662110199998
461,1555794000,546,658,112,1204,16,-0.5145790994958129,0.08030252754142649
461,1555808400,182,178,-4,360,16,-0.7353460396810543,-0.8579189610177325
461,1555822800,44,36,-8,80,16,-0.7429586927908902,-1.1691772747577378
461,1555837200,15,131,116,146,16,-0.5069664463859771,-1.0958092436618794
461,1555851600,85,490,405,575,16,0.043047740799667285,-0.6189170415387998
461,1555866000,296,601,305,897,16,-0.1472685869462304,-0.26096998073779365
461,1555880400,350,411,61,761,16,-0.6116404266462208,-0.41215259026865336
461,1555894800,119,107,-12,226,16,-0.750571345900726,-1.0068782968790206
461,1555909200,12,24,12,36,16,-0.7048954272417106,-1.21808929548831
461,1555923600,82,885,803,967,16,0.8005067252283401,-0.18315540230279231
461,1555938000,265,1749,1484,2014,16,2.0965609171779036,0.9807283637178704
461,1555952400,650,1077,427,1727,16,0.08491733290376478,0.661688592134365
461,1555966800,1231,917,-314,2148,16,-1.3253266556933372,1.1296876995791587
461,1555981200,228,90,-138,318,17,-0.9617587577383876,-0.9640443797051977
461,1555995600,12,20,8,32,17,-0.6934952614478221,-1.285107402024673
461,1556010000,102,1000,898,1102,17,0.9418096132001459,-0.08392756327698578
461,1556024400,308,1932,1624,2240,17,2.2757774098230947,1.1935889381200873
461,1556038800,727,1327,600,2054,17,0.3942580933741971,0.9847857138144145
461,1556053200,1442,1314,-128,2756,17,-0.9433845456636913,1.7728494958713084
461,1556067600,263,124,-139,387,17,-0.9635961789458573,-0.886585119075674
461,1556082000,22,30,8,52,17,-0.6934952614478221,-1.2626554424219125
461,1556096400,118,920,802,1038,17,0.7654171772830617,-0.1557738340058194
461,1556110800,286,1757,1471,2043,17,1.994651965080242,0.9724371360328963
461,1556125200,694,1272,578,1966,17,0.3538348268098653,0.8859970915622682
461,1556139600,1356,1198,-158,2554,17,-0.9985071818877802,1.5460847038834273
461,1556154000,305,192,-113,497,17,-0.9158232275516469,-0.7630993412604912
461,1556168400,22,31,9,53,17,-0.6916578402403525,-1.2615328444417746
461,1556182800,103,909,806,1012,17,0.7727668621129402,-0.18496138148940808
461,1556197200,300,1860,1560,2160,17,2.158182452545039,1.1037810997090451
461,1556211600,715,1263,548,1978,17,0.29871219058577647,0.8994682673239246
461,1556226000,1438,1308,-130,2746,17,-0.9470593880786307,1.761623516069928
461,1556240400,286,166,-120,452,17,-0.9286851760039344,-0.8136162503667024
461,1556254800,25,27,2,52,17,-0.7045197886926399,-1.2626554424219125
461,1556269200,105,819,714,924,17,0.6037241110257345,-0.2837500037415543
461,1556283600,313,1890,1577,2203,17,2.1894186130720223,1.1520528128549803
461,1556298000,726,1196,470,1922,17,0.15539333640314557,0.8366027804361952
461,1556312400,1192,1158,-34,2350,17,-0.7706669521615465,1.31707471593527
461,1556326800,256,151,-105,407,17,-0.90112385789189,-0.8641331594729135
461,1556341200,48,33,-15,81,17,-0.7357559492196235,-1.2301001009979098
461,1556355600,25,206,181,231,17,-0.37562139255557664,-1.061710403977206
461,1556370000,196,1056,860,1252,17,0.8719876073163001,0.08446213374371805
461,1556384400,556,1284,728,1840,17,0.6294480079303093,0.744549746064877
461,1556398800,711,835,124,1546,17,-0.4803544013813454,0.41450593990429757
461,1556413200,225,221,-4,446,17,-0.7155443159374576,-0.8203518382475306
461,1556427600,60,38,-22,98,17,-0.7486178976719109,-1.2110159353355634
461,1556442000,25,123,98,148,17,-0.5281273527755557,-1.1548860363286622
461,1556456400,120,726,606,846,17,0.4052826206190148,-0.3713126461923203
461,1556470800,468,885,417,1353,17,0.05801001240725533,0.19784452973765862
461,1556485200,457,426,-31,883,17,-0.7651546885391376,-0.3297765209272134
461,1556499600,115,72,-43,187,17,-0.787203743028773,-1.1111047151032791
461,1556514000,11,23,12,34,17,-0.6861455766179436,-1.282862206064397
461,1556528400,115,931,816,1046,17,0.7911410741876365,-0.1467930501647152
461,1556542800,260,1729,1469,1989,17,1.9909771226653028,0.9118168451054428
461,1556557200,607,1136,529,1743,17,0.2638011876438536,0.6356577419914886
461,1556571600,1275,1128,-147,2403,17,-0.9782955486056143,1.3765724088825855
461,1556586000,223,102,-121,325,18,-0.9292534726158316,-0.9355623650791756
461,1556600400,91,130,39,221,18,-0.6239118414739201,-1.0546646987167414
461,1556614800,129,923,794,1052,18,0.816918980476975,-0.10299124436272916
461,1556629200,274,1804,1530,2078,18,2.221490483729768,1.0719990855617192
461,1556643600,648,1045,397,1693,18,0.05929005820610696,0.6310914081534224
461,1556658000,1310,1308,-2,2618,18,-0.702155634454035,1.69041504867985
461,1556672400,274,119,-155,393,18,-0.994138569233488,-0.8576877623161516
461,1556686800,26,19,-7,45,18,-0.7116975604272197,-1.2562224941033915
461,1556701200,104,968,864,1072,18,0.9505059441015612,-0.08008694943242803
461,1556715600,338,1736,1398,2074,18,1.9695836380376908,1.0674182265756589
461,1556730000,677,1165,488,1842,18,0.23295311091806914,0.8017284053841658
461,1556744400,1386,1157,-229,2543,18,-1.135359073636622,1.6045239426912206
461,1556758800,251,135,-116,386,18,-0.9197115466426469,-0.8657042655417571
461,1556773200,18,20,2,38,18,-0.6945220936754871,-1.264238997328997
461,1556787600,106,986,880,1092,18,0.9810401072157523,-0.05718265450212689
461,1556802000,303,1880,1577,2183,18,2.311184587877704,1.1922466339458002
461,1556816400,693,1258,565,1951,18,0.3798987709051141,0.926556812754307
461,1556830800,1390,1177,-213,2567,18,-1.1048249105224308,1.632009096607582
461,1556845200,290,139,-151,429,18,-0.9865050284549401,-0.8164600314416096
461,1556859600,23,31,8,54,18,-0.6830717825076654,-1.245915561384756
461,1556874000,99,880,781,979,18,0.7921099729466946,-0.18659192085832832
461,1556878259,69,296,227,365,18,-0.26513542488217406,-0.8897537752185732
461,1556883641,103,217,114,320,18,-0.48078295187614906,-0.9412884388117508
461,1556888400,346,1838,1492,2184,18,2.148971846333564,1.1933918486923152
461,1556902800,825,1467,642,2292,18,0.526844430892159,1.3170750413159413
461,1556917200,1276,1291,15,2567,18,-0.6697130861452069,1.632009096607582
461,1556931600,335,220,-115,555,18,-0.9178031614480099,-0.6721629733807124
461,1556946000,61,35,-26,96,18,-0.7479568791253216,-1.1978165420311235
461,1556960400,34,232,198,266,18,-0.3204785955266455,-1.003130035123564
461,1556974800,206,967,761,1173,18,0.7539422690539557,0.035579739965592716
461,1556989200,524,1151,627,1675,18,0.49821865297260476,0.6104775427161513
461,1557003600,718,912,194,1630,18,-0.3281121363051933,0.5589428791229737
461,1557018000,223,210,-13,433,18,-0.7231478715950413,-0.8118791724555494
461,1557032400,96,26,-70,122,18,-0.8319258276893473,-1.1680409586217322
461,1557046800,17,134,117,151,18,-0.4750577962922382,-1.1348297309727955
461,1557061200,144,766,622,910,18,0.48867672699942005,-0.2656117383678672
461,1557075600,429,934,505,1363,18,0.26539565922689723,0.25317054180345355
461,1557090000,479,415,-64,894,18,-0.8204755165215256,-0.28393517431210813
461,1557104400,124,66,-58,190,18,-0.8090252053537039,-1.0901663558587082
461,1557118800,17,21,4,38,18,-0.6907053232862133,-1.264238997328997
461,1557133200,113,939,826,1052,18,0.8779873067053573,-0.10299124436272916
461,1557147600,283,1736,1453,2019,18,2.074544823742723,1.0044314155173308
461,1557162000,662,1184,522,1846,18,0.2978382075357253,0.806309264370226
461,1557176400,1335,1134,-201,2469,18,-1.0819242881867874,1.5197780514491064
461,1557190800,235,102,-133,337,19,-0.9234128330597126,-0.913185397087415
461,1557205200,18,16,-2,34,19,-0.6774257406081517,-1.2561554526692367
461,1557219600,114,960,846,1074,19,0.914918186101189,-0.07896450281743973
461,1557234000,263,1847,1584,2110,19,2.300708065713799,1.093698789534927
461,1557248400,677,1106,429,1783,19,0.1318905711981288,0.7235627889565256
461,1557262800,1343,1189,-154,2532,19,-0.962845878414543,1.571366655724791
461,1557277200,238,99,-139,337,19,-0.9346794174468069,-0.913185397087415
461,1557291600,17,17,0,34,19,-0.6736702124791203,-1.2561554526692367
461,1557306000,141,973,832,1114,19,0.8886294891979688,-0.033687927823139854
461,1557320400,315,1587,1272,1902,19,1.7148456775848908,0.8582605995645678
461,1557334800,713,1643,930,2356,19,1.0726503675205104,1.3721497257498714
461,1557349200,1463,1187,-276,2650,19,-1.1919330942854625,1.7049325519579754
461,1557363600,269,132,-137,401,19,-0.9309238893177755,-0.8407428770965352
461,1557378000,21,18,-3,39,19,-0.6793035046726674,-1.250495880794949
461,1557392400,109,917,808,1026,19,0.8435631516495913,-0.13329639281059957
461,1557406800,294,1729,1435,2023,19,2.020921220100955,0.9952222389223249
461,1557421200,733,1312,579,2045,19,0.4135551808754886,1.0201243551691899
461,1557435600,1392,1284,-108,2676,19,-0.8764687314468192,1.7343623257042704
461,1557450000,282,145,-137,427,19,-0.9309238893177755,-0.8113131033502403
461,1557464400,21,19,-2,40,19,-0.6774257406081517,-1.2493639664200915
461,1557478800,97,807,710,904,19,0.6595422733270495,-0.2713899465432142
461,1557493200,317,1747,1430,2064,19,2.0115323997783765,1.0416307282914823
461,1557507600,663,1303,640,1966,19,0.5280987888109483,0.9307031195554476
461,1557522000,1186,1353,167,2539,19,-0.360083613704993,1.5792900563487933
461,1557536400,291,191,-100,482,19,-0.8614466189306934,-0.7490578127330779
461,1557550800,60,41,-19,101,19,-0.7093477297049191,-1.1803171895537843
461,1557565200,32,209,177,241,19,-0.3413059730598357,-1.0218491770737348
461,1557579600,174,926,752,1100,19,0.7384083640367103,-0.04953472907114481
461,1557594000,611,1198,587,1809,19,0.4285772933916145,0.7529925627028206
461,1557608400,786,808,22,1594,19,-0.6323594030597741,0.5096309721084586
461,1557622800,261,172,-89,433,19,-0.8407912142210204,-0.8045216171010953
461,1557637200,73,24,-49,97,19,-0.7656806516403911,-1.1848448470532142
461,1557651600,13,101,88,114,19,-0.5084269748017358,-1.1656023026806368
461,1557666000,121,577,456,698,19,0.18259020094005357,-0.5045643077638586
461,1557680400,357,661,304,1018,19,-0.1028299368663377,-0.14235170780945955
461,1557694800,433,328,-105,761,19,-0.8708354392532721,-0.43325370214783626
461,1557709200,104,57,-47,161,19,-0.7619251235113597,-1.1124023270623344
461,1557723600,16,15,-1,31,19,-0.675547976543636,-1.259551195793809
461,1557738000,133,922,789,1055,19,0.8078856344237924,-0.10047087593973217
461,1557752400,252,1794,1542,2046,19,2.2218419750041383,1.0212562695440472
461,1557766800,629,1049,420,1678,19,0.11499069461748722,0.6047117795964885
461,1557781200,1218,988,-230,2206,19,-1.1055559473177388,1.2023625695212468
461,1557795600,198,92,-106,290,20,-0.9067201363642313,-1.0203206242934157
461,1557810000,18,17,-1,35,20,-0.6973016907076764,-1.3096717307431982
461,1557824400,129,964,835,1093,20,0.9700680289959422,-0.10914831653194404
461,1557838800,297,1689,1392,1986,20,2.080983021669286,0.9041479111529804
461,1557853200,670,1164,494,1834,20,0.28995669595893986,0.7316719575044827
461,1557867600,1349,974,-375,2323,20,-1.4432302495224532,1.286545255755242
461,1557882000,298,120,-178,418,20,-1.0503213562430118,-0.8750777159578388
461,1557896400,17,18,1,35,20,-0.6933127679332658,-1.3096717307431982
461,1557910800,115,906,791,1021,20,0.8823117279589097,-0.19084745247070614
461,1557925200,321,1507,1186,1828,20,1.6701239759049973,0.7248636961762525
461,1557939600,697,1269,572,1966,20,0.44552468416095214,0.8814537067255465
461,1557954000,1395,1292,-103,2687,20,-0.9007367522026155,1.6995797763345393
461,1557968400,329,144,-185,473,20,-1.0642825859534488,-0.8126686537823955
461,1557982800,22,19,-3,41,20,-0.701290613482087,-1.3028634694149681
461,1557997200,121,881,760,1002,20,0.8204834249555458,-0.21240694667676835
461,1558011600,324,1763,1439,2087,20,2.1747227068679345,1.0187536435115216
461,1558026000,743,1286,543,2029,20,0.38768530393199885,0.9529404506719633
461,1558040400,1348,1286,-62,2634,20,-0.8189638353271989,1.6394401346018395
461,1558054800,397,156,-241,553,20,-1.1759724236369449,-0.7218918360726598
461,1558069200,28,26,-2,54,20,-0.6992961520948817,-1.288112236537136
461,1558083600,100,866,766,966,20,0.8324501932787776,-0.2532565146461494
461,1558098000,318,1794,1476,2112,20,2.24851777819453,1.0471213990458141
461,1558112400,802,1387,585,2189,20,0.47145268219462083,1.1344940860914348
461,1558126800,1269,1522,253,2791,20,-0.1907084983575339,1.8175896393571955
461,1558141200,329,227,-102,556,20,-0.8987422908154102,-0.7184877054085448
461,1558155600,50,33,-17,83,20,-0.729213072902961,-1.2552056401173568
461,1558170000,65,217,152,282,20,-0.39214909846526774,-1.0293983060643894
461,1558184400,215,944,729,1159,20,0.758655121952182,-0.034257441921412106
461,1558198800,662,1288,626,1950,20,0.5532255990700375,0.8632983431835993
461,1558213200,765,919,154,1684,20,-0.38816017569085715,0.5614654242987283
461,1558227600,309,191,-118,500,20,-0.9306536730106948,-0.7820314778053598
461,1558242000,71,39,-32,110,20,-0.7591299937110403,-1.2245684641403212
461,1558256400,22,120,98,142,20,-0.49985001337435314,-1.188257737056427
461,1558270800,152,695,543,847,20,0.38768530393199885,-0.3882870309893812
461,1558285200,533,1069,536,1602,20,0.37372407422156184,0.46841918614624917
461,1558299600,600,529,-71,1129,20,-0.8369139878120464,-0.06829874856256297
461,1558314000,145,86,-59,231,20,-0.8129804511655829,-1.0872685273543459
461,1558328400,16,16,0,32,20,-0.6953072293204711,-1.3130758614073135
461,1558342800,108,866,758,974,20,0.8164945021811352,-0.24417883287517586
461,1558357200,283,1553,1270,1836,20,1.8376587324302414,0.733941377947226
461,1558371600,678,1146,468,1824,20,0.23810069989160246,0.7203248552907657
461,1558386000,1344,1214,-130,2558,20,-0.9545872096571583,1.5532021577775905
461,1558400400,245,120,-125,365,21,-0.9438296384529316,-0.8226624797819347
461,1558414800,19,29,10,48,21,-0.6463580403413072,-1.1897915357521929
461,1558429200,111,959,848,1070,21,1.2001693612701092,-0.006176724390666715
461,1558443600,342,1652,1310,1994,21,2.218183274807668,1.063940776292357
461,1558458000,734,1272,538,2006,21,0.5170864322730458,1.077838406171357
461,1558472400,1434,1345,-89,2779,21,-0.8645038789564984,1.9730773975436269
461,1558486800,301,121,-180,422,21,-1.0650217710169265,-0.7566487378566833
461,1558501200,20,26,6,46,21,-0.6551720136186886,-1.1921078073986928
461,1558515600,117,904,787,1021,21,1.0657562687900417,-0.06292537972991796
461,1558530000,347,1670,1323,2017,21,2.246828687959158,1.0905779002271074
461,1558544400,746,1335,589,2081,21,0.6294645915596594,1.164698592915109
461,1558558800,1436,1260,-176,2696,21,-1.0562077977395452,1.8769521242138747
461,1558573200,311,137,-174,448,21,-1.0518008111008543,-0.7265372064521826
461,1558587600,21,30,9,51,21,-0.6485615336606525,-1.1863171282824427
461,1558602000,113,868,755,981,21,0.9952444825709901,-0.10925081265991898
461,1558616400,337,1737,1400,2074,21,2.416497673548751,1.156591642152359
461,1558630800,758,1200,442,1958,21,0.30555107361589073,1.022247886655356
461,1558645200,1361,1203,-158,2564,21,-1.0165449179913286,1.7240781955448714
461,1558659600,289,158,-131,447,21,-0.9570505983690036,-0.7276953422754326
461,1558674000,22,18,-4,40,21,-0.6772069468121423,-1.1990566223381929
461,1558688400,86,763,677,849,21,0.8233720036620517,-0.26212474132892233
461,1558702800,316,1539,1223,1855,21,2.0264793560246215,0.9029598968606033
461,1558717200,1030,1650,620,2680,21,0.6977728844593658,1.8584219510418742
461,1558731600,1084,1236,152,2320,21,-0.33346198899426527,1.4414930546718652
461,1558746000,339,229,-110,568,21,-0.9107772386627511,-0.5875609076621795
461,1558760400,68,23,-45,91,21,-0.7675501729053023,-1.1399916953524416
461,1558774800,28,208,180,236,21,-0.271764176052595,-0.972062000981188
461,1558789200,150,863,713,1013,21,0.9026977631584847,-0.07219046631591818
461,1558803600,561,1110,549,1671,21,0.5413248587858448,0.6898629053825986
461,1558818000,686,654,-32,1340,21,-0.7389047597538125,0.30651994788684017
461,1558832400,222,175,-47,397,21,-0.771957159543993,-0.7856021334379338
461,1558846800,55,30,-25,85,21,-0.7234803065183949,-1.1469405102919419
461,1558861200,24,117,93,141,21,-0.46346809483564183,-1.0820849041899403
461,1558875600,106,659,553,765,21,0.5501388320632263,-0.3594081504819245
461,1558890000,457,847,390,1304,21,0.19096942100993172,0.26482705824983926
461,1558904400,537,484,-53,1021,21,-0.7851781194600652,-0.06292537972991796
461,1558918800,170,106,-64,276,21,-0.8094165459728642,-0.925736568051187
461,1558933200,43,25,-18,68,21,-0.7080558532829774,-1.1666288192871923
461,1558947600,17,148,131,165,21,-0.37973534870051795,-1.0542896444319398
461,1558962000,146,698,552,844,21,0.5479353387438809,-0.26791542044517247
461,1558976400,467,872,405,1339,21,0.2240218208001122,0.30536181206359014
461,1558990800,556,472,-84,1028,21,-0.8534864123597715,-0.054818428967167786
461,1559005200,174,87,-87,261,22,-0.801738329725295,-1.0487245495329323
461,1559019600,11,22,11,33,22,-0.602381417676161,-1.3222974141254669
461,1559034000,115,996,881,1111,22,1.1674197403110487,-0.028825712236201836
461,1559048400,293,1575,1282,1868,22,1.9831556763488314,0.8794841934504157
461,1559062800,659,1070,411,1729,22,0.2113202641570388,0.7127007365277739
461,1559077200,1394,1057,-337,2451,22,-1.310301880871045,1.5790148077374673
461,1559091600,236,137,-99,373,22,-0.826149380180291,-0.9143378792067748
461,1559106000,18,23,5,41,22,-0.614586942903659,-1.3126983662450271
461,1559120400,116,957,841,1073,22,1.0860495721277286,-0.07442118966829096
461,1559134800,317,1580,1263,1897,22,1.9445048464617545,0.91428074201701
461,1559149200,738,1071,333,1809,22,0.05264843619956483,0.808691215332172
461,1559163600,1378,1027,-351,2405,22,-1.338781439735207,1.5238202824249383
461,1559178000,261,117,-144,378,22,-0.917690819386526,-0.9083384742814999
461,1559192400,18,23,5,41,22,-0.614586942903659,-1.3126983662450271
461,1559206800,112,920,808,1032,22,1.0189191833764897,-0.12361631005554502
461,1559221200,327,1664,1337,1991,22,2.0950396576008963,1.0270695546121777
461,1559235600,746,1242,496,1988,22,0.3842318715465938,1.023469911657013
461,1559250000,1386,1015,-371,2401,22,-1.3794665238268669,1.5190207584847184
461,1559264400,260,136,-124,396,22,-0.877005735294866,-0.8867406165505103
461,1559278800,25,25,0,50,22,-0.624758213926574,-1.3018994373795323
461,1559293200,109,815,706,924,22,0.8114252545090237,-0.2532034564414825
461,1559307600,334,1603,1269,1937,22,1.9567103716892524,0.9622759814192091
461,1559322000,910,1392,482,2302,22,0.3557523126824318,1.4002325409642757
461,1559336400,1213,1275,62,2488,22,-0.49863445324242806,1.6234104041845014
461,1559350800,351,250,-101,601,22,-0.830217888589457,-0.6407650146142401
461,1559365200,80,36,-44,116,22,-0.714265398928226,-1.222707292365904
461,1559379600,28,210,182,238,22,-0.2545239486924681,-1.0763218121891966
461,1559394000,229,877,648,1106,22,0.6934385106432097,-0.034825117161476724
461,1559408400,600,1017,417,1617,22,0.2235257893845368,0.5783140662016165
461,1559422800,663,689,26,1352,22,-0.571867604607416,0.2603456051620476
461,1559437200,235,240,5,475,22,-0.614586942903659,-0.7919500187311672
461,1559451600,86,36,-50,122,22,-0.726470924155724,-1.215508006455574
461,1559466000,22,119,97,141,22,-0.42743555608202305,-1.1927102677395294
461,1559480400,171,692,521,863,22,0.43508822666116875,-0.3263961965298361
461,1559494800,523,929,406,1452,22,0.2011489931341238,0.3803337036675453
461,1559509200,573,496,-77,1069,22,-0.781395787679465,-0.07922071360851086
461,1559523600,191,114,-77,305,22,-0.781395787679465,-0.9959297861905132
461,1559538000,14,21,7,35,22,-0.6105184344944931,-1.319897652155357
461,1559552400,124,928,804,1052,22,1.0107821665581576,-0.09961869035444548
461,1559566800,318,1603,1285,1921,22,1.9892584389625805,0.9430778856583295
461,1559581200,676,1106,430,1782,22,0.2499710940441158,0.7762944287356877
461,1559595600,1352,1093,-259,2445,22,-1.151630052913571,1.5718155218271375
461,1559610000,252,122,-130,374,23,-0.9358593407961961,-0.9175865167624213
461,1559624400,12,19,7,31,23,-0.6473703958191623,-1.3190550024721779
461,1559638800,143,1014,871,1157,23,1.1720051403863645,-0.0011147257690122478
461,1559653200,353,1622,1269,1975,23,2.0100971119254845,0.9563232372355964
461,1559667600,746,1173,427,1919,23,0.23704826761407985,0.8907773620176771
461,1559682000,1398,1285,-113,2683,23,-0.9000614425143745,1.785010373919292
461,1559696400,327,172,-155,499,23,-0.9885033088576987,-0.7712787595795655
461,1559710800,15,14,-1,29,23,-0.6642164655988432,-1.3213959265871036
461,1559725200,136,914,778,1050,23,0.9761695791975752,-0.12635416591753687
461,1559739600,345,1637,1292,1982,23,2.0585295625420668,0.9645164716378364
461,1559754000,760,1113,353,1873,23,0.08122212215203242,0.8369361073743861
461,1559768400,1378,1119,-259,2497,23,-1.2075022159935491,1.5673044312312026
461,1559782800,284,119,-165,403,23,-1.0095608960822997,-0.8836431170959987
461,1559797200,22,19,-3,41,23,-0.6684279830437634,-1.3073503818975494
461,1559811600,134,966,832,1100,23,1.0898805502104205,-0.06783106304439451
461,1559826000,343,1583,1240,1926,23,1.9490301089741415,0.898970596419917
461,1559840400,749,1182,433,1931,23,0.24968281994884045,0.9048229067072312
461,1559854800,1380,1305,-75,2685,23,-0.8200426110608906,1.7873512980342177
461,1559869200,359,186,-173,545,23,-1.0264069658619805,-0.7174375049362746
461,1559883600,29,16,-13,45,23,-0.6894855702683644,-1.302668533667698
461,1559898000,109,895,786,1004,23,0.9930156489772559,-0.18019542056082782
461,1559912400,367,1605,1238,1972,23,1.9448185915292213,0.952811851063208
461,1559926800,945,1508,563,2453,23,0.5234314538686535,1.5158041007028373
461,1559941200,1287,1313,26,2600,23,-0.6073609800924205,1.6878620231498758
461,1559955600,348,247,-101,595,23,-0.8747923378448532,-0.6589144020631322
461,1559970000,87,46,-41,133,23,-0.7484468144972473,-1.1996678726109675
461,1559984400,35,200,165,235,23,-0.3146605176704665,-1.080280742749757
461,1559998800,173,937,764,1110,23,0.9466889570831337,-0.05612644246976605
461,1560013200,560,1151,591,1711,23,0.5823926980975364,0.6473212540654049
461,1560027600,652,712,60,1364,23,-0.535765183528777,0.24117092012579705
461,1560042000,277,251,-26,528,23,-0.7168604336603457,-0.7373353599131429
461,1560056400,56,28,-28,84,23,-0.7210719511052659,-1.257020513426647
461,1560070800,20,120,100,140,23,-0.451534834630373,-1.1914746382087276
461,1560085200,121,687,566,808,23,0.5297487300360338,-0.4096059838235458
461,1560099600,465,819,354,1284,23,0.08332788087449251,0.1475339555287693
461,1560114000,525,504,-21,1029,23,-0.7063316400480452,-0.15093386912425663
461,1560128400,155,101,-54,256,23,-0.7758216778892285,-1.0557010395430373
461,1560142800,21,21,0,42,23,-0.6621107068763831,-1.3061799198400865
461,1560157200,117,867,750,984,23,0.9172083349686924,-0.20360466171008476
461,1560171600,303,1482,1179,1785,23,1.8205788269040755,0.7339354463176556
461,1560186000,625,911,286,1536,23,-0.05986371225279432,0.4424903940094067
461,1560200400,1301,935,-366,2236,23,-1.4328183992967798,1.2618138342333995
461,1560214800,236,98,-138,334,24,-0.9292467621167598,-1.116946205828557
461,1560229200,13,27,14,40,24,-0.6532867988961525,-1.4432347058006652
461,1560243600,137,889,752,1026,24,0.6865714435828487,-0.3489474235812823
461,1560258000,253,1628,1375,1881,24,1.8176441875725746,0.5999528059294401
461,1560272400,688,1095,407,1783,24,0.0602149481150229,0.4911899726054041
461,1560286800,1366,1234,-132,2600,24,-0.9183536056738412,1.3979168585823165
461,1560301200,337,166,-171,503,24,-0.9891591225528127,-0.9293858095860867
461,1560315600,14,25,11,39,24,-0.6587333771176119,-1.4443445306305023
461,1560330000,160,989,829,1149,24,0.8263669512669721,-0.21243896951131874
461,1560344400,321,1651,1330,1972,24,1.7359455142506843,0.7009468654446164
461,1560358800,708,1159,451,1867,24,0.14009809536309342,0.5844152583117207
461,1560373200,1458,1266,-192,2724,24,-1.0272851701030281,1.5355351374821173
461,1560387600,352,146,-206,498,24,-1.0527025351365051,-0.9349349337352723
461,1560402000,19,27,8,46,24,-0.6641799553390713,-1.4365757568216424
461,1560416400,142,911,769,1053,24,0.717435386837785,-0.3189821531756805
461,1560430800,310,1630,1320,1940,24,1.7177902535124865,0.6654324708898292
461,1560445200,687,1172,485,1859,24,0.2018259818729661,0.5755366596730238
461,1560459600,1377,1174,-203,2551,24,-1.0472559569150457,1.3435354419202985
461,1560474000,366,143,-223,509,24,-1.0835664783914414,-0.9227268606070641
461,1560488400,24,33,9,57,24,-0.6623644292652515,-1.4243676836934343
461,1560502800,105,903,798,1008,24,0.7700856429785587,-0.36892427051835014
461,1560517200,336,1619,1283,1955,24,1.6506157887811546,0.6820798433373857
461,1560531600,925,1429,504,2354,24,0.23632097727554202,1.1248999504423893
461,1560546000,1265,1157,-108,2422,24,-0.8747809799021663,1.2003680388713123
461,1561165200,9888,7637,-2251,17525,25,-3.5098495665007134,4.052785740784692
461,1561179600,95,37,-58,132,25,-0.2577064326560779,-0.4515340540622201
461,1561194000,38,216,178,254,25,0.09227340299706116,-0.41993933118684934
461,1561208400,225,789,564,1014,25,0.664698049446687,-0.22311974606158902
461,1561222800,566,1113,547,1679,25,0.6394876375564185,-0.05090260907698622
461,1561237200,701,712,11,1413,25,-0.15538181968969403,-0.11978946387082734
461,1561251600,283,282,-1,565,25,-0.17317740455341296,-0.33939868516848626
461,1561266000,89,30,-59,119,25,-0.25918939806138785,-0.45490070486041534
461,1561280400,26,121,95,147,25,-0.03081272564366148,-0.4476494569873794
461,1561294800,176,671,495,847,25,0.562373436480303,-0.26636826016148174
461,1561309200,521,935,414,1456,25,0.4422532386502002,-0.10865361892295076
461,1561323600,562,522,-40,1084,25,-0.23101305536049951,-0.20499162637899923
461,1561338000,159,129,-30,288,25,-0.2161834013074004,-0.4111342444838772
461,1561352400,23,22,-1,45,25,-0.17317740455341296,-0.47406471709629594
461,1561366800,119,858,739,977,25,0.9242169953759214,-0.23270175217952932
461,1561381200,325,1575,1250,1900,25,1.682012317489286,0.006330454492332909
461,1561395600,686,1066,380,1752,25,0.39183241486966325,-0.03199756997942831
461,1561410000,1356,1207,-149,2563,25,-0.39265628453927987,0.17802964520029027
461,1561424400,260,126,-134,386,26,-0.8844407514176618,-0.8715132374993001
461,1561438800,17,16,-1,33,26,-0.6055221019839657,-1.276879677002504
461,1561453200,130,887,757,1017,26,0.984104486517851,-0.14690637255164662
461,1561467600,322,1645,1323,1967,26,2.1710815961379413,0.944023138859242
461,1561482000,680,1079,399,1759,26,0.23333097901963154,0.7051669932029633
461,1561496400,1475,1171,-304,2646,26,-1.2409533108441904,1.7237506528044984
461,1561510800,288,144,-144,432,26,-0.9054120784427517,-0.8186892822099308
461,1561525200,15,23,8,38,26,-0.5866479076613847,-1.2711379427319203
461,1561539600,124,959,835,1083,26,1.1476808373135525,-0.07111548017994278
461,1561554000,334,1568,1234,1902,26,1.9844367856146408,0.869380593341655
461,1561568400,671,1123,452,1794,26,0.3444790122526082,0.7453591330970486
461,1561582800,1523,1239,-284,2762,26,-1.1990106567940106,1.8569588878820384
461,1561597200,343,154,-189,497,26,-0.9997830500556564,-0.7440467366923436
461,1561611600,17,23,6,40,26,-0.5908421730664027,-1.268841249023687
461,1561626000,134,875,741,1009,26,0.9505503632777071,-0.15609314738458044
461,1561640400,346,1604,1258,1950,26,2.0347679704748565,0.9245012423392578
461,1561654800,784,1221,437,2005,26,0.3130220217149733,0.9876603193156777
461,1561669200,1531,1454,-77,2985,26,-0.7649041873746492,2.113040236350068
461,1561683600,363,165,-198,528,26,-1.0186572443782373,-0.7084479842147251
461,1561698000,23,18,-5,41,26,-0.6139106327940017,-1.2676929021695702
461,1561712400,105,853,748,958,26,0.9652302921952701,-0.2146588369445334
461,1561726800,341,1631,1290,1972,26,2.1018762169551444,0.9497648731298257
461,1561741200,964,1475,511,2439,26,0.46820984170063873,1.4860428540023363
461,1561755600,1261,1212,-49,2473,26,-0.7061844717043974,1.5250866470423048
461,1561770000,349,264,-85,613,26,-0.7816812489947211,-0.6108385016148035
461,1561784400,81,39,-42,120,26,-0.6915045427868344,-1.176973500694349
461,1561798800,23,180,157,203,26,-0.2741751349875448,-1.0816607118026607
461,1561813200,164,667,503,831,26,0.4514327800805668,-0.36049888741735747
461,1561827600,550,911,361,1461,26,0.1536399363242898,0.36295963067617926
461,1561842000,666,622,-44,1288,26,-0.6956988081918524,0.16429562491398583
461,1561856400,223,195,-28,418,26,-0.6621446849517085,-0.8347661381675648
461,1561870800,75,35,-40,110,26,-0.6873102773818164,-1.1884569692355162
461,1561885200,22,115,93,137,26,-0.40839162794812034,-1.1574516041743645
461,1561899600,127,633,506,760,26,0.4577241781880938,-0.4420315140596449
461,1561914000,486,819,333,1305,26,0.09492022065403799,0.18381752143397015
461,1561928400,601,448,-153,1049,26,-0.9242862727653326,-0.11015927321991142
461,1561942800,224,127,-97,351,26,-0.806846841424829,-0.9117053773933854
461,1561957200,26,24,-2,50,26,-0.6076192346864747,-1.2573577804825196
461,1561971600,104,788,684,892,26,0.8310137992346945,-0.29044972931623725
461,1561986000,260,1490,1230,1750,26,1.9760482548046048,0.6948318715159127
461,1562000400,683,1049,366,1732,26,0.16412559983683475,0.6741616281418117
461,1562014800,1286,1015,-271,2301,26,-1.1717479316613937,1.3275709881342281
461,1562029200,267,110,-157,377,27,-1.0335429428175136,-0.6823607475213699
461,1562043600,16,25,9,41,27,-0.5757227199817371,-1.1704829370677932
461,1562058000,114,847,733,961,27,1.4210353603381558,0.16604210573788974
461,1562063283,89,873,784,962,27,1.5616909709684246,0.16749485034963507
461,1562072400,246,742,496,988,27,0.7674004638798484,0.20526621025501307
461,1562086800,717,1044,327,1761,27,0.30130638159523243,1.3282377951341358
461,1562101200,1299,1086,-213,2385,27,-1.1879883191958478,2.234750432863208
461,1562115600,308,128,-180,436,27,-1.0969758652586152,-0.5966488154283968
461,1562130000,18,27,9,45,27,-0.5757227199817371,-1.164671958620812
461,1562144400,97,869,772,966,27,1.5285955331730672,0.1733058287966163
461,1562158800,308,1462,1154,1770,27,2.582133636325276,1.3413124966398435
461,1562173200,923,1196,273,2119,27,0.15237691151612442,1.848320366138956
461,1562187600,1132,992,-140,2124,27,-0.9866577392740907,1.8555840891976825
461,1562202000,263,160,-103,423,27,-0.8846134727384056,-0.6155344953810857
461,1562216400,37,29,-8,66,27,-0.6226079235251599,-1.1341643217741606
461,1562230800,24,122,98,146,27,-0.3302648896661701,-1.017944752834536
461,1562245200,102,384,282,486,27,0.17719848986264242,-0.5240115848411313
461,1562259600,385,487,102,872,27,-0.3192330770677177,0.03674783529255738
461,1562274000,391,325,-66,716,27,-0.7825692062027204,-0.1898803241397106
461,1562288400,117,163,46,280,27,-0.4736784534460519,-0.8232769748606648
461,1562302800,17,22,5,39,27,-0.5867545325801895,-1.173388426291284
461,1562317200,45,455,410,500,27,0.5302164930131207,-0.5036731602766971
461,1562331600,194,1014,820,1208,27,1.6609772843544965,0.5248700248389807
461,1562346000,602,1174,572,1776,27,0.9770049032504449,1.3500289643103154
461,1562360400,772,751,-21,1523,27,-0.6584613144701305,0.9824845775387526
461,1562374800,219,149,-70,368,27,-0.793601018801173,-0.6954354490270777
461,1562389200,47,21,-26,68,27,-0.672251080218196,-1.1312588325506698
461,1562403600,19,173,154,192,27,-0.17581951328783588,-0.9511185006942517
461,1562418000,129,731,602,860,27,1.0597434977388382,0.019314899951613687
461,1562432400,502,925,423,1427,27,0.5660698839580912,0.8430210948112031
461,1562446800,565,560,-5,1125,27,-0.6143340640763206,0.4042922220641202
461,1562461200,215,145,-70,360,27,-0.793601018801173,-0.7070574059210402
461,1562475600,41,30,-11,71,27,-0.6308817829739993,-1.126900598715434
461,1562490000,25,113,88,138,27,-0.35784442116230125,-1.0295667097284984
461,1562504400,122,603,481,725,27,0.7260311666356517,-0.17680562263400285
461,1562518800,438,736,298,1174,27,0.2213257402564522,0.47547670803964026
461,1562533200,530,442,-88,972,27,-0.8432441754942089,0.18202229646708815
461,1562547600,151,85,-66,236,27,-0.7825692062027204,-0.8871977377774583
461,1562562000,13,21,8,34,27,-0.5784806731313502,-1.1806521493500104
461,1562572429,29,312,283,341,27,0.17995644301225555,-0.734659553544201
461,1562576400,128,513,385,641,27,0.4612676642727929,-0.2988361700206087
461,1562590800,261,1499,1238,1760,27,2.8138017008927774,1.3267850505223906
461,1562605200,579,929,350,1508,27,0.36473930403633403,0.960693408362573
461,1562619600,1341,944,-397,2285,27,-1.6954516987246604,2.089475971688677
461,1562634000,233,104,-129,337,28,-0.8753382008141031,-0.9098156969164966
461,1562648400,15,16,1,31,28,-0.5965108862918604,-1.2783578555849466
461,1562662800,137,959,822,1096,28,1.1643908461909183,0.00431338291799231
461,1562677200,300,1487,1187,1787,28,1.9472521523495228,0.8365442052706034
461,1562691600,678,1030,352,1708,28,0.15632286291819478,0.7413977002548924
461,1562706000,1441,1115,-326,2556,28,-1.297868823590117,1.762717146499486
461,1562720400,268,134,-134,402,28,-0.8860623282957278,-0.8315305978529369
461,1562734800,17,25,8,42,28,-0.5814971078175858,-1.2651096080511135
461,1562743014,16,207,191,223,28,-0.18899404199012115,-1.0471157168125858
461,1562749200,136,625,489,761,28,0.4501639559147121,-0.39915597379419976
461,1562763600,346,1601,1255,1947,28,2.093100286099619,1.0292459875809041
461,1562778000,716,1057,341,1773,28,0.1327297824586204,0.819682799318452
461,1562792400,1381,1094,-287,2475,28,-1.214220629233444,1.6651618692048962
461,1562806800,297,189,-108,486,28,-0.8302968653912793,-0.730362162140029
461,1562821200,16,17,1,33,28,-0.5965108862918604,-1.2759490833060678
461,1562835600,119,895,776,1014,28,1.0657288733599708,-0.09444628051603679
461,1562850000,324,1668,1344,1992,28,2.283989755272539,1.0834433638556762
461,1562864400,753,1022,269,1775,28,-0.021697653276775537,0.8220915715973308
461,1562878800,1335,1068,-267,2403,28,-1.1713241193069452,1.578446067165261
461,1562893200,351,124,-227,475,28,-1.0855310994539475,-0.7436104096738622
461,1562907600,19,18,-1,37,28,-0.6008005372845103,-1.2711315387483102
461,1562922000,97,856,759,953,28,1.029266839922447,-0.16791383502183893
461,1562936400,350,1622,1272,1972,28,2.129562319537143,1.0593556410668885
461,1562950800,927,1323,396,2250,28,0.25069518475649233,1.3941749878310359
461,1562965200,1266,1195,-71,2461,28,-0.7509383220272564,1.648300463252745
461,1562979600,351,271,-80,622,28,-0.7702417514941808,-0.5665656471762734
461,1562994000,82,45,-37,127,28,-0.6780142551522083,-1.162736786198766
461,1563008400,42,207,165,249,28,-0.24475950489456968,-1.0158016771871619
461,1563022800,211,812,601,1023,28,0.6903844115031057,-0.08360680526108237
461,1563037200,567,1041,474,1608,28,0.4179915734698379,0.6209590863109545
461,1563051600,638,748,110,1386,28,-0.36272490719244155,0.3535853633554123
461,1563066000,215,183,-32,398,28,-0.6672901276705836,-0.8363481424106944
461,1563080400,63,25,-38,88,28,-0.6801590806485333,-1.209707845636902
461,1563094800,20,114,94,134,28,-0.3970421151336407,-1.1543060832226906
461,1563109200,135,655,520,790,28,0.5166535463007853,-0.36422877575045776
461,1563123600,447,855,408,1302,28,0.27643309071239164,0.25241692764250445
461,1563138000,535,516,-19,1051,28,-0.6394073962183593,-0.04988399335677975
461,1563152400,133,99,-34,232,28,-0.6715797786632335,-1.0362762415576314
461,1563166800,20,15,-5,35,28,-0.6093798392698101,-1.273540311027189
461,1563181200,110,908,798,1018,28,1.1129150342791196,-0.08962873595827928
461,1563195600,292,1475,1183,1767,28,1.938672850364223,0.8124564824818158
461,1563210000,666,979,313,1645,28,0.07267466856152198,0.6655213734702116
461,1563224400,1421,1089,-332,2510,28,-1.3107377765680666,1.7073153840852746
461,1563238800,246,131,-115,377,29,-0.8345728681688354,-0.8246706425873709
461,1563253200,16,15,-1,31,29,-0.5922536002802119,-1.2480617126869225
461,1563267600,116,956,840,1072,29,1.1953824023016508,0.025782518450745622
461,1563282000,320,1552,1232,1872,29,2.0286205866204265,1.004721408854333
461,1563296400,710,998,288,1708,29,0.022046999893579312,0.8040389363215975
461,1563310800,1439,1114,-325,2553,29,-1.2809504669110368,1.8380431393103867
461,1563325200,276,128,-148,404,29,-0.9047179193997527,-0.7916314550362498
461,1563339600,16,23,7,39,29,-0.575248739375747,-1.2382723237828865
461,1563354000,127,896,769,1023,29,1.044464261774526,-0.0341774885864741
461,1563368400,338,1553,1215,1891,29,1.9924852571984388,1.0279712075014182
461,1563382800,692,982,290,1674,29,0.026298215119695514,0.762434033479445
461,1563397200,1436,1196,-240,2632,29,-1.1002738198010982,1.9347133547377409
461,1563411600,311,118,-193,429,29,-1.0003702619873673,-0.7610396147111377
461,1563426000,14,25,11,39,29,-0.5667463089235146,-1.2382723237828865
461,1563440400,132,865,733,997,29,0.9679423877044342,-0.06599300252459069
461,1563454800,334,1650,1316,1984,29,2.207171626117307,1.1417728535108351
461,1563469200,666,1057,391,1723,29,0.2409845840385637,0.8223940405166648
461,1563483600,1387,1222,-165,2609,29,-0.9408532488217404,1.9065688616386378
461,1563498000,295,154,-141,449,29,-0.8898386661083459,-0.736566142451048
461,1563512400,18,25,7,43,29,-0.575248739375747,-1.2333776293308685
461,1563526800,93,854,761,947,29,1.027459400870061,-0.1271766831748149
461,1563541200,316,1556,1240,1872,29,2.045625447524891,1.004721408854333
461,1563555600,874,1223,349,2097,29,0.15170906429012346,1.280047971780342
461,1563570000,1201,1143,-58,2344,29,-0.7134132342245236,1.5822953541924494
461,1563584400,311,241,-70,552,29,-0.7389205255812208,-0.6105277603115862
461,1563598800,53,30,-23,83,29,-0.6390169677674901,-1.1844306848106891
461,1563613200,26,201,175,227,29,-0.2181466603819861,-1.0082216845380434
461,1563627600,161,759,598,920,29,0.6809853599415906,-0.16021587072593596
461,1563642000,403,807,404,1210,29,0.268617483008319,0.19464947704536442
461,1563656400,536,547,11,1083,29,-0.5667463089235146,0.03924292819379495
461,1563670800,212,187,-25,399,29,-0.6432681829936062,-0.7977498231012722
461,1563685200,65,27,-38,92,29,-0.6709010819633616,-1.1734176222936488
461,1563698803,16,102,86,118,29,-0.40732573794415705,-1.1416021083555323
461,1563699600,17,126,109,143,29,-0.35843676284382076,-1.1110102680304201
461,1563714000,110,635,525,745,29,0.5258160041883493,-0.37435875300172067
461,1563728400,366,740,374,1106,29,0.204849254616576,0.06738742129289808
461,1563742800,491,419,-72,910,29,-0.7431717408073371,-0.1724526068559808
461,1563757200,131,92,-39,223,29,-0.6730266895764196,-1.0131163789900615
461,1563771600,24,17,-7,41,29,-0.6050072459585605,-1.2358249765568776
461,1563786000,110,875,765,985,29,1.0359618313222934,-0.0806770858806445
461,1563800400,292,1558,1266,1850,29,2.100891245464402,0.9778005893682343
461,1563814800,660,913,253,1573,29,-0.05234926656345422,0.6388429985659921
461,1563829200,1269,852,-417,2121,29,-1.476506367312382,1.3094161384924494
461,1563843600,188,92,-96,280,30,-0.8137629628461224,-0.9866334457710325
461,1563858000,14,14,0,28,30,-0.6078969654690635,-1.2977934097174153
461,1563872400,100,866,766,966,30,1.0347421386020528,-0.13958687725032365
461,1563886800,275,1600,1325,1875,30,2.2334826858288856,0.9828115641277001
461,1563901200,676,969,293,1645,30,0.020423214025501867,0.6988163589385412
461,1563915600,1381,1091,-290,2472,30,-1.2297838325455956,1.7199643358578214
461,1563930000,311,128,-183,439,30,-1.000329022969082,-0.7903063256620052
461,1563944400,19,23,4,42,30,-0.5993192155783527,-1.2805067450537273
461,1563958800,116,690,574,806,30,0.6230101438479348,-0.3371487591210429
461,1563973200,321,1592,1271,1913,30,2.1176830623042897,1.029732511071996
461,1563987600,692,1109,417,1801,30,0.28633346063753634,0.8914391937624925
461,1564002000,1354,1179,-175,2533,30,-0.9831735231876605,1.7952848033210331
461,1564016400,331,178,-153,509,30,-0.9359958987887511,-0.7038730023435655
461,1564030800,18,20,2,38,30,-0.603608090523708,-1.2854457921004954
461,1564045200,116,864,748,980,30,0.9961422640938542,-0.12230021258663572
461,1564059600,330,1557,1227,1887,30,2.023327813506471,0.9976287052680041
461,1564074000,725,1116,391,1841,30,0.2305780863479162,0.9408296642301723
461,1564088400,1386,1192,-194,2578,30,-1.0239178351685367,1.8508490825971728
461,1564102800,295,168,-127,463,30,-0.880240524499131,-0.7606720433813974
461,1564117200,22,17,-5,39,30,-0.618619152832452,-1.2842110303388035
461,1564131600,100,839,739,939,30,0.9768423268397549,-0.17292544481600752
461,1564146000,314,1519,1205,1833,30,1.976150189107562,0.9309515701366363
461,1564160400,927,1306,379,2233,30,0.20484483667578385,1.4248562748134346
461,1564174800,1178,1069,-109,2247,30,-0.8416406499909325,1.4421429394771224
461,1564189200,312,281,-31,593,30,-0.674374527122072,-0.600153014361438
461,1564203600,76,32,-44,108,30,-0.7022522142668821,-1.1990124687820558
461,1564218000,24,203,179,227,30,-0.22404265785975563,-1.0520758191407082
461,1564232400,154,857,703,1011,30,0.8996425778233578,-0.08402259797418386
461,1564246800,522,1020,498,1542,30,0.4600328959244298,0.5716358974842657
461,1564261200,642,618,-24,1260,30,-0.6593634648133282,0.22343308068712298
461,1564275600,230,217,-13,447,30,-0.6357746526138736,-0.7804282315684693
461,1564290000,70,33,-37,103,30,-0.6872411519581383,-1.2051862775905158
461,1564304400,21,113,92,134,30,-0.4106087179827153,-1.1669086629780638
461,1564318800,119,617,498,736,30,0.4600328959244298,-0.4235820824394826
461,1564333200,394,736,342,1130,30,0.12550065018670903,0.06291405166716359
461,1564347600,513,459,-54,972,30,-0.7236965889936591,-0.1321783066801717
461,1564362000,126,94,-32,220,30,-0.6765189645947498,-1.0607191514725522
461,1564376400,16,20,4,36,30,-0.5993192155783527,-1.2879153156238794
461,1564390800,108,803,695,911,30,0.8824870780419362,-0.2074987741433834
461,1564405200,274,1500,1226,1774,30,2.0211833760337936,0.8581006261968086
461,1564419600,618,887,269,1505,30,-0.031043285318762867,0.5259497123016619
461,1564434000,1299,925,-374,2224,30,-1.4099165802505222,1.4137434189582065
461,1564448400,227,105,-122,332,31,-0.9177000712883253,-1.0729588836226016
461,1564462800,18,27,9,45,31,-0.6573455302189791,-1.413882437012789
461,1564477200,110,931,821,1041,31,0.9564551365620066,-0.2307470391848219
461,1564491600,279,1601,1322,1880,31,1.9521621982088957,0.7658901081823111
461,1564506000,670,1032,362,1702,31,0.04422052319689278,0.5544462318636583
461,1564520400,1318,1067,-251,2385,31,-1.1740797338680633,1.3657730157155674
461,1564534800,243,118,-125,361,31,-0.9236623890227379,-1.0385101621998998
461,1564549200,15,25,10,40,31,-0.655358090974175,-1.419821871740841
461,1564563600,106,807,701,913,31,0.7179624271855063,-0.3827965682229542
461,1564578000,299,1536,1237,1835,31,1.7832298624005414,0.7124351956298426
461,1564592400,648,999,351,1647,31,0.02235869150404691,0.4891124498550858
461,1564606800,1329,1012,-317,2341,31,-1.3052507240251385,1.3135059901087094
461,1564621200,247,137,-110,384,31,-0.8938508003506753,-1.0111887624508604
461,1564635600,16,29,13,45,31,-0.6493957732397625,-1.413882437012789
461,1564650000,111,886,775,997,31,0.8650329313010149,-0.2830140647916799
461,1564664400,314,1453,1139,1767,31,1.5884608164097327,0.6316588833283349
461,1564678800,771,1176,405,1947,31,0.12968041072347208,0.8454785335382083
461,1564693200,1287,1226,-61,2513,31,-0.796466277355271,1.5178225447536997
461,1564707600,293,144,-149,437,31,-0.971360930898038,-0.9482307543335088
461,1564722000,33,36,3,69,31,-0.6692701656878042,-1.3853731503181392
461,1564736400,93,811,718,904,31,0.7517488943471772,-0.3934875507334479
461,1564750800,312,1405,1093,1717,31,1.4970386111487408,0.5722645360478144
461,1564765200,848,1225,377,2073,31,0.07403211186895532,0.9951522886851198
461,1564779600,1159,1112,-47,2271,31,-0.7686421279280127,1.2303539039159808
461,1565398800,9403,9639,236,19042,32,0.005964828687464856,4.073943667705112
461,1565413200,57,27,-30,84,32,-0.7456035859331059,-0.42141882701561356
461,1565427600,30,185,155,215,32,-0.22289622990000216,-0.39035582001021135
461,1565442000,169,794,625,963,32,1.1050629989408558,-0.2129884212312735
461,1565456400,516,1007,491,1523,32,0.7264533464628239,-0.08019999433795108
461,1565470800,668,588,-80,1256,32,-0.8868758443204312,-0.14351161930316017
461,1565485200,231,191,-40,422,32,-0.7738580376105709,-0.34127152649785825
461,1565499600,62,38,-24,100,32,-0.7286509149266269,-0.41762487196151865
461,1565514000,28,114,86,142,32,-0.41785194647451107,-0.40766573994451943
461,1565528400,136,586,450,722,32,0.6106100945852172,-0.2701348692335784
461,1565542800,395,819,424,1214,32,0.5371485202238081,-0.15347075132015936
461,1565557200,495,450,-45,945,32,-0.7879852634493035,-0.2172566206671303
461,1565571600,132,97,-35,229,32,-0.7597308117718384,-0.3870361093378783
461,1565586000,14,19,5,33,32,-0.6467130050619782,-0.43351205875054116
461,1565600400,91,834,743,925,32,1.4384655287349435,-0.221999064484749
461,1565614800,295,1471,1176,1766,32,2.661883286369181,-0.02257930195388438
461,1565629200,651,994,343,1645,32,0.308287461636341,-0.05127108705047726
461,1565643600,1273,1003,-270,2276,32,-1.4237104261922675,0.09835301539539142
461,1565658000,269,120,-149,389,33,-0.9162528301324104,-0.7938595290702923
461,1565672400,21,30,9,51,33,-0.5670510497979705,-1.2164632057833749
461,1565686800,104,876,772,980,33,1.1192841299183434,-0.054928248190316546
461,1565701200,316,1510,1194,1826,33,2.0519623027103284,1.0028312503282275
461,1565715600,623,1038,415,1661,33,0.33026491739052677,0.7965306389150362
461,1565730000,1316,1046,-270,2362,33,-1.1836795100087851,1.6729956607371395
461,1565744400,266,134,-132,400,33,-0.8786804866787048,-0.7801061549760795
461,1565758800,20,26,6,46,33,-0.5736814633486245,-1.2227147394625624
461,1565772634,101,312,211,413,33,-0.12060320405393987,-0.7638521674101918
461,1565773200,70,896,826,966,33,1.2386315738301141,-0.07243254249204185
461,1565787600,296,1578,1282,1874,33,2.24645443352951,1.0628459736484286
461,1565802000,705,1084,379,1789,33,0.2506999547826797,0.956569901102239
461,1565816400,1371,1075,-296,2446,33,-1.2411430941144523,1.7780214265474914
461,1565830800,284,111,-173,395,33,-0.9692961385376417,-0.7863576886552671
461,1565845200,19,21,2,40,33,-0.5825220147494964,-1.2302165798775877
461,1565859600,91,714,623,805,33,0.7899735902358653,-0.273731926961883
461,1565874000,325,1478,1153,1803,33,1.9613466508513915,0.9740741954039644
461,1565888400,771,1078,307,1849,33,0.09157002956698561,1.0315883052524903
461,1565902800,1379,1173,-206,2552,33,-1.0422306875948348,1.9105539405462688
461,1565917200,292,165,-127,457,33,-0.8676297974276149,-0.7088386710333408
461,1565931600,29,45,16,74,33,-0.5515800848464447,-1.1877061508591118
461,1565946000,79,690,611,769,33,0.7634519360332496,-0.3187429694520338
461,1565946012,0,0,0,0,33,-0.5869422904499323,-1.2802288493110885
461,1565960400,328,1491,1163,1819,33,1.9834480293535712,0.9940791031773647
461,1565974800,840,1252,412,2092,33,0.32363450383987286,1.3354128420610085
461,1565989200,1210,1125,-85,2335,33,-0.77480400771846,1.6392373788695265
461,1566003600,304,210,-94,514,33,-0.7946952483704218,-0.637571187090602
461,1566018000,76,29,-47,105,33,-0.6908187694101771,-1.1489466420481487
461,1566032400,28,207,179,235,33,-0.19132761526091502,-0.9864067663892707
461,1566046800,187,856,669,1043,33,0.891639931345892,0.023841076167447368
461,1566061200,545,1014,469,1559,33,0.4496123613022973,0.6689993518596089
461,1566075600,642,750,108,1392,33,-0.34824740262639114,0.46019812697474266
461,1566090000,231,198,-33,429,33,-0.6598768395071254,-0.7438472596367914
461,1566104400,76,29,-47,105,33,-0.6908187694101771,-1.1489466420481487
461,1566118800,21,110,89,131,33,-0.39024002178053263,-1.116438666916373
461,1566133200,132,604,472,736,33,0.4562427748529513,-0.360003091734672
461,1566147600,415,863,448,1278,33,0.40319946644771987,0.3176631590892651
461,1566162000,510,360,-150,870,33,-0.9184629679826284,-0.192461989132444
461,1566176400,117,70,-47,187,33,-0.6908187694101771,-1.046421489709472
461,1566190800,15,17,2,32,33,-0.5825220147494964,-1.2402190337642878
461,1566205200,90,795,705,885,33,0.9712048939537391,-0.17370738809488118
461,1566219600,258,1423,1165,1681,33,1.9878683050540071,0.8215367736317867
461,1566234000,566,913,347,1479,33,0.17997554357570456,0.5689748129926071
461,1566248400,1346,853,-493,2199,33,-1.6765402506073932,1.4691956627956233
461,1566262800,213,104,-109,317,34,-0.8746193994428062,-0.9466850135382128
461,1566277200,15,30,15,45,34,-0.5975164774146924,-1.2977734953801991
461,1566291600,93,907,814,1000,34,1.1880096088793635,-0.06509150950116645
461,1566306000,315,1465,1150,1780,34,1.938869139536188,0.9417063428398236
461,1566320400,663,954,291,1617,34,0.01926099419627052,0.7313114070301039
461,1566334800,1420,1094,-326,2514,34,-1.3595495129920054,1.8891289372222424
461,1566349200,258,119,-139,377,34,-0.941660428965737,-0.8692390248965982
461,1566363600,23,20,-3,43,34,-0.6377410951284509,-1.3003550283349194
461,1566378000,97,772,675,869,34,0.8773861720897842,-0.23418191803535834
461,1566392400,294,1500,1206,1794,34,2.0640123946456588,0.9597770735228669
461,1566406800,678,988,310,1666,34,0.06172031289412667,0.7945589644207558
461,1566421200,1285,1008,-277,2293,34,-1.2500491647712184,1.6038695457256285
461,1566435600,297,151,-146,448,34,-0.9573033358544208,-0.7775946050040209
461,1566450000,18,21,3,39,34,-0.6243328892238648,-1.3055180942443605
461,1566464400,102,853,751,955,34,1.0472234468812087,-0.12317600098237741
461,1566478800,274,1592,1318,1866,34,2.3142989048646,1.0527122598928045
461,1566493200,666,1101,435,1767,34,0.34105793590633815,0.9249263786341404
461,1566507600,1282,1101,-181,2383,34,-1.03551787029784,1.7200385286880504
461,1566522000,303,136,-167,439,34,-1.0042320565204723,-0.7892115033002631
461,1566536400,24,33,9,57,34,-0.6109246833192786,-1.2822842976518762
461,1566550800,84,753,669,837,34,0.8639779661851981,-0.2754864453108861
461,1566565200,269,1405,1136,1674,34,1.9075833257588202,0.8048850962396378
461,1566579600,814,1259,445,2073,34,0.3634049457473151,1.319900920706375
461,1566594000,1139,1045,-94,2184,34,-0.8410988846813409,1.463175999693362
461,1566608400,274,211,-63,485,34,-0.7718231541743124,-0.7298362453416919
461,1566622800,66,33,-33,99,34,-0.7047821246513817,-1.228072105602746
461,1566637200,31,225,194,256,34,-0.1975050012612056,-1.0254217686571876
461,1566651600,162,747,585,909,34,0.676263083520992,-0.18255125894094862
461,1566666000,527,993,466,1520,34,0.4103336664133666,0.6061070587261602
461,1566680400,626,749,123,1375,34,-0.35616877113214174,0.4189459195089249
461,1566694800,208,236,28,444,34,-0.5684653646214224,-0.7827576709134618
461,1566709200,56,37,-19,93,34,-0.673496310874014,-1.2358167044669073
461,1566723600,17,131,114,148,34,-0.37628107998902094,-1.164824548212094
461,1566738000,121,627,506,748,34,0.49972170577727426,-0.3903646617959478
461,1566752400,461,907,446,1368,34,0.36563964673141275,0.4099105541674032
461,1566766800,554,514,-40,1068,34,-0.7204250315400655,0.02268061095933012
461,1566781200,161,111,-50,272,34,-0.7427720413810424,-1.0047695050194239
461,1566795600,20,17,-3,37,34,-0.6377410951284509,-1.308099627199081
461,1566810000,93,693,600,786,34,0.7097835982824573,-0.34131553565625855
461,1566824400,271,1403,1132,1674,34,1.8986445218224295,0.8048850962396378
461,1566838800,612,985,373,1597,34,0.20250647489228127,0.705496077482899
461,1566853200,1243,959,-284,2202,34,-1.2656920716599023,1.4864097962858462
461,1566867600,239,117,-122,356,35,-0.9097881140992845,-0.823162931415089
461,1566882000,27,24,-3,51,35,-0.6138093993776661,-1.2474805504818183
461,1566896400,102,822,720,924,35,1.1844478337629232,-0.03295831623508157
461,1566910800,280,1344,1064,1624,35,2.0400501687565096,0.9408853996557726
461,1566925200,607,1024,417,1631,35,0.4308213584633402,0.9506238368146811
461,1566939600,1288,967,-321,2255,35,-1.4047441160287135,1.818735949265957
461,1566954000,242,130,-112,372,35,-0.8849159531983082,-0.8009036464804409
461,1566968400,17,28,11,45,35,-0.5789883741162992,-1.2558277823323114
461,1566982800,85,765,680,850,35,1.0849591901590179,-0.135907509057829
461,1566997200,272,1485,1213,1757,35,2.4106453661810567,1.1259157056750349
461,1567011600,678,967,289,1645,35,0.11245769893084304,0.9701007111324982
461,1567026000,1245,981,-264,2226,35,-1.2629727988931485,1.7783909953219073
461,1567040400,237,126,-111,363,35,-0.8824287371082106,-0.8134244942561805
461,1567054800,23,24,1,47,35,-0.6038605350172755,-1.2530453717154804
461,1567069200,93,699,606,792,35,0.900905199491793,-0.21659741694592835
461,1567083600,288,1463,1175,1751,35,2.316131154757347,1.117568473824542
461,1567098000,689,1106,417,1795,35,0.4308213584633402,1.1787815073948242
461,1567112400,1271,998,-273,2269,35,-1.2853577437040271,1.838212823583774
461,1567126800,294,150,-144,444,35,-0.9645068680814325,-0.7007368642745244
461,1567141200,31,25,-6,56,35,-0.6212710476479589,-1.2405245239397407
461,1567155600,58,725,667,783,35,1.0526253809877486,-0.2291182647216679
461,1567170000,284,1378,1094,1662,35,2.1146666514594386,0.9937512013755618
461,1567184400,932,1276,344,2208,35,0.2492545838862129,1.753349299770428
461,1567198800,945,979,34,1924,35,-0.5217824040440536,1.3582469921804243
461,1567213200,299,219,-80,518,35,-0.8053250383151839,-0.597787671451777
461,1567227600,63,39,-24,102,35,-0.6660409372697164,-1.1765290797526275
461,1567242000,24,184,160,208,35,-0.20839317669175172,-1.0290613170605838
461,1567256400,165,791,626,956,35,0.9506495212937457,0.011560253634214621
461,1567270800,542,969,427,1511,35,0.4556935193643165,0.7836791998048205
461,1567285200,684,689,5,1373,35,-0.593911670656885,0.5916928672434806
461,1567299600,210,217,7,427,35,-0.5889372384766898,-0.7243873545175881
461,1567314000,61,41,-20,102,35,-0.6560920729093258,-1.1765290797526275
461,1567328400,20,131,111,151,35,-0.3302667651065358,-1.1083600196402676
461,1567342800,150,638,488,788,35,0.6074137008602721,-0.22216223817959038
461,1567357200,453,880,427,1333,35,0.4556935193643165,0.5360446549068604
461,1567371600,585,510,-75,1095,35,-0.7928889578646957,0.20493779150396996
461,1567386000,196,161,-35,357,35,-0.6934003142607903,-0.8217717261066735
461,1567400400,50,25,-25,75,35,-0.668528153359814,-1.2140916230798462
461,1567414800,23,144,121,167,35,-0.3053946042055595,-1.0861007347056195
461,1567429200,139,658,519,797,35,0.6845173996532988,-0.20964139040385082
461,1567443600,420,753,333,1173,35,0.22189520689513892,0.31345180556037944
461,1567458000,471,369,-102,840,35,-0.8600437922973319,-0.14981956214198408
461,1567472400,148,85,-63,233,36,-0.7972324563770696,-1.085148243669431
461,1567486800,16,20,4,36,36,-0.6612763244914218,-1.3191526891363672
461,1567501200,105,958,853,1063,36,1.0615110780595476,-0.09924118916406562
461,1567515600,285,1569,1284,1854,36,1.9360945533239384,0.8403401121777948
461,1567530000,698,1158,460,1856,36,0.2640370507303002,0.8427157918272052
461,1567544400,1341,1105,-236,2446,36,-1.1482833640818018,1.5435412884033084
461,1567558800,249,119,-130,368,36,-0.9331885882627173,-0.9247898673342211
461,1567573200,19,34,15,53,36,-0.6389551685101961,-1.2989594121163779
461,1567587600,105,1008,903,1113,36,1.16297087797421,-0.03984919792880263
461,1567602000,335,1616,1281,1951,36,1.9300069653290586,0.955560575174205
461,1567616400,700,1139,439,1839,36,0.22142393476614197,0.8225225148072158
461,1567630800,1380,1088,-292,2468,36,-1.261918339986224,1.5696737645468242
461,1567645200,263,133,-130,396,36,-0.9331885882627173,-0.8915303522424738
461,1567659600,22,26,4,48,36,-0.6612763244914218,-1.3048986112399041
461,1567674000,103,875,772,978,36,0.8971462021977943,-0.20020757426401267
461,1567688400,334,1694,1360,2028,36,2.0903134491942255,1.0470242416765099
461,1567702800,728,1038,310,1766,36,-0.04034234901368729,0.735810207603732
461,1567717200,1387,1296,-91,2683,36,-0.8540499443292806,1.825059326858455
461,1567731600,280,154,-126,434,36,-0.9250718042695444,-0.8463924389036739
461,1567746000,24,26,2,50,36,-0.6653347164880083,-1.3025229315904936
461,1567760400,95,904,809,999,36,0.9722264541346445,-0.17526293794520223
461,1567774800,356,1602,1246,1958,36,1.858985105388795,0.9638754539471418
461,1567789200,780,1098,318,1878,36,-0.024108781027341288,0.868848267970721
461,1567803600,1279,1097,-182,2376,36,-1.0387067801739664,1.4603925006739402
461,1567818000,244,223,-21,467,36,-0.7120062244487531,-0.8071937246884003
461,1567832400,46,31,-15,77,36,-0.6998310484589936,-1.2704512563234516
461,1567846800,32,222,190,254,36,-0.2838458688088773,-1.0602036073506207
461,1567861200,205,918,713,1123,36,0.7774236382984925,-0.02797079968175003
461,1567875600,622,1271,649,1893,36,0.6475550944077245,0.8866658653412999
461,1567890000,725,874,149,1599,36,-0.36704290473890056,0.5374409568779536
461,1567904400,261,250,-11,511,36,-0.6917142644658206,-0.7549287724013689
461,1567918800,82,37,-45,119,36,-0.7607069284077911,-1.2205619836858308
461,1567933200,23,114,91,137,36,-0.4847362726399091,-1.1991808668411361
461,1567947600,142,847,705,989,36,0.7611900703121465,-0.18714133619225481
461,1567962000,496,960,464,1456,36,0.2721538347234732,0.36757986194510145
461,1567976400,565,506,-59,1071,36,-0.7891156723838966,-0.08973847056642353
461,1567990800,166,92,-74,258,36,-0.8195536123582954,-1.0554522480517996
461,1568005200,14,17,3,31,36,-0.6633055204897151,-1.3250918882598937
461,1568019600,118,975,857,1093,36,1.0696278620527206,-0.06360599442290782
461,1568034000,305,1596,1291,1901,36,1.9502989253119911,0.8961685839389419
461,1568048400,691,1166,475,1857,36,0.29447499070469896,0.8439036316519105
461,1568062800,1381,1064,-317,2445,36,-1.312648239943555,1.5423534485786032
461,1568077200,266,151,-115,417,37,-0.9206171334012938,-0.930049880283802
461,1568091600,21,22,1,43,37,-0.7050010063975872,-1.3352763176381226
461,1568106000,122,975,853,1097,37,0.8786622712503264,-0.19327453963958288
461,1568120400,349,1850,1501,2199,37,2.0831385669262046,1.0007349094632545
461,1568134800,720,1185,465,1905,37,0.1574635016172389,0.6821879239494304
461,1568149200,1504,1219,-285,2723,37,-1.2366062850446569,1.5684853190185057
461,1568163600,323,138,-185,461,37,-1.0507303134897372,-0.882376181771529
461,1568178000,18,25,7,43,37,-0.6938484481042921,-1.3352763176381226
461,1568192400,124,1043,919,1167,37,1.0013404124765732,-0.11743001927914856
461,1568206800,342,1714,1372,2056,37,1.8433585636203582,0.8457953892983673
461,1568221200,735,1233,498,1968,37,0.2188025722303623,0.7504479922738213
461,1568235600,1463,1233,-230,2696,37,-1.134374500689451,1.5392310040223383
461,1568250000,282,135,-147,417,37,-0.9800974442988679,-0.930049880283802
461,1568264400,18,23,5,41,37,-0.6975659675353905,-1.337443303934135
461,1568278800,115,906,791,1021,37,0.7634191688862763,-0.27562001888805443
461,1568293200,353,1835,1482,2188,37,2.0478221323307695,0.9888164848351864
461,1568307600,717,1145,428,1862,37,0.08868939214191872,0.6355977185851637
461,1568322000,1437,1246,-191,2683,37,-1.0618828717830324,1.5251455930982576
461,1568336400,285,170,-115,455,37,-0.9206171334012938,-0.8888771406595662
461,1568350800,31,29,-2,60,37,-0.7105772855442348,-1.316856934122017
461,1568365200,98,902,804,1000,37,0.7875830451884158,-0.2983733749961847
461,1568379600,366,1785,1419,2151,37,1.9307202702511705,0.9487272383589568
461,1568394000,813,1329,516,2142,37,0.2522602471102478,0.938975800026901
461,1568408400,1371,1512,141,2883,37,-0.44477464622070007,1.7418442226994986
461,1568422800,363,295,-68,658,37,-0.8332554267704817,-0.6689280316143067
461,1568437200,100,36,-64,136,37,-0.8258203879082849,-1.2345114548735454
461,1568451600,56,236,180,292,37,-0.3722830173142815,-1.0654865237845776
461,1568466000,233,1016,783,1249,37,0.7485490911618827,-0.02858358114263978
461,1568480400,694,1706,1012,2400,37,1.1742050660226484,1.2185170322125016
461,1568494800,892,1152,260,2044,37,-0.22358224007034594,0.8327934715222929
461,1568509200,322,307,-15,629,37,-0.7347411618463744,-0.7003493329064866
461,1568523600,100,31,-69,131,37,-0.8351141864860309,-1.2399289206135766
461,1568538000,47,121,74,168,37,-0.5693115471624961,-1.199839674137347
461,1568552400,193,881,688,1074,37,0.5719669181847092,-0.21819488204372559
461,1568566800,607,1308,701,1915,37,0.5961307944868488,0.6930228554294925
461,1568581200,656,733,77,1389,37,-0.5637352680158485,0.12310545957822887
461,1568595600,181,107,-74,288,37,-0.8444079850637769,-1.0698204963766025
461,1568610000,31,19,-12,50,37,-0.7291648826997268,-1.327691865602079
461,1568624400,107,942,835,1049,37,0.8452045963704409,-0.2452822107438807
461,1568638800,292,1744,1452,2036,37,1.992059340864294,0.8241255263382432
461,1568653200,635,1147,512,1782,37,0.24482520824805104,0.5489182667446673
461,1568667600,1415,1183,-232,2598,37,-1.1380920201205496,1.4330486755177303
461,1568682000,259,114,-145,373,38,-1.0308013502429916,-0.9379107555734011
461,1568696400,17,20,3,37,38,-0.7352951383207281,-1.297549822569348
461,1568710800,103,1066,963,1169,38,1.1815019119858443,-0.08590868019014583
461,1568725200,368,1757,1389,2125,38,2.032080603059386,0.937350093762608
461,1568739600,753,1256,503,2009,38,0.2630366587139451,0.8131889872997216
461,1568754000,1585,1321,-264,2906,38,-1.2684043179372437,1.7732968536549727
461,1568768400,267,126,-141,393,38,-1.0228146958667141,-0.9165036682522137
461,1568782800,20,18,-2,38,38,-0.7452784562910748,-1.2964794682032887
461,1568797200,129,1030,901,1159,38,1.057708769153545,-0.09661222385073949
461,1568811600,366,1785,1419,2151,38,2.0919805108814664,0.9651793072801514
461,1568826000,724,1198,474,1922,38,0.20513341448593406,0.7200681574525567
461,1568840400,1509,1364,-145,2873,38,-1.0308013502429916,1.7379751595750137
461,1568854800,247,162,-85,409,38,-0.9110015345988306,-0.8993779983952639
461,1568869200,21,19,-2,40,38,-0.7452784562910748,-1.29433875947117
461,1568883600,100,998,898,1098,38,1.0517187783713369,-0.1619038401803608
461,1568898000,344,1737,1393,2081,38,2.040067257435663,0.8902545016559958
461,1568912400,727,1267,540,1994,38,0.3369132116945109,0.797133671808831
461,1568926800,1425,1417,-8,2842,38,-0.757258437855491,1.7047941742271733
461,1568941200,314,167,-147,481,38,-1.03479467743113,-0.8223124840389896
461,1568955600,25,26,1,51,38,-0.7392884655088668,-1.2825648614445169
461,1568970000,104,893,789,997,38,0.8340824466177782,-0.27000963115235677
461,1568984400,354,1709,1355,2063,38,1.9641940408610281,0.8709881230669273
461,1568998800,885,1451,566,2336,38,0.38882646514031394,1.1631948650011341
461,1569013200,1415,1570,155,2985,38,-0.43180227202218746,1.8578548485736626
461,1569027600,391,293,-98,684,38,-0.936958161321732,-0.6050305477289383
461,1569042000,74,34,-40,108,38,-0.82115167286571,-1.2215546625791331
461,1569056400,25,220,195,245,38,-0.3519357282594136,-1.074916114429
461,1569070800,216,955,739,1171,38,0.7342492669143108,-0.0837679714580271
461,1569085200,692,1296,604,1988,38,0.4646996817149491,0.7907115456124748
461,1569099600,748,1014,266,1762,38,-0.21017261308049,0.5488114588830582
461,1569114000,305,419,114,724,38,-0.5136654793790306,-0.5622163730865637
461,1569128400,54,28,-26,82,38,-0.7931983825487392,-1.2493838760966767
461,1569142800,18,109,91,127,38,-0.5595887420426257,-1.201217929624005
461,1569157200,146,721,575,867,38,0.40679643748693806,-0.40915569874007435
461,1569171600,493,1043,550,1536,38,0.35687984763520436,0.30691137215364145
461,1569186000,618,648,30,1266,38,-0.6813852212808558,0.017915693317612662
461,1569200400,162,95,-67,257,38,-0.8750615899055824,-1.0620718620362875
461,1569214800,18,22,4,40,38,-0.7332984747266588,-1.29433875947117
461,1569229200,112,833,721,945,38,0.6983093222210626,-0.3256680581874438
461,1569243600,351,1673,1322,2024,38,1.8983041422567397,0.829244302790612
461,1569258000,637,1041,404,1678,38,0.0653669629010798,0.4589016921340714
461,1569272400,1317,1116,-201,2433,38,-1.1426145115108748,1.2670192385088928
461,1569286800,276,111,-165,387,39,-0.9212686899366995,-0.9473179891363464
461,1569301200,18,18,0,36,39,-0.6110154087013352,-1.342556620365418
461,1569315600,109,891,782,1000,39,0.859397112062634,-0.25705792946848044
461,1569330000,326,1798,1472,2124,39,2.1568199245014306,1.008606519253675
461,1569344400,697,1126,429,1823,39,0.19564312251061214,0.669669687344984
461,1569358800,1471,1178,-293,2649,39,-1.161950023258679,1.5997754121176713
461,1569373200,297,138,-159,435,39,-0.9099867524372317,-0.893268261788781
461,1569387600,22,18,-4,40,39,-0.6185367003676471,-1.3380524764197876
461,1569402000,129,1035,906,1164,39,1.0925571537183019,-0.07238802769763211
461,1569416400,404,1754,1350,2158,39,1.9274205286789186,1.0468917427915339
461,1569430800,750,1201,451,1951,39,0.23701022667532737,0.8138022936051583
461,1569445200,1495,1197,-298,2692,39,-1.171351637841569,1.6481949595331986
461,1569459600,311,164,-147,475,39,-0.8874228774382962,-0.8482268223324766
461,1569474000,19,24,5,43,39,-0.6016137941184453,-1.3346743684605649
461,1569488400,113,1008,895,1121,39,1.0718736016359443,-0.12080757511315941
461,1569502800,338,1775,1437,2113,39,2.0910086224212017,0.9962201234031913
461,1569517200,722,1262,540,1984,39,0.40435896625076634,0.8509614811566094
461,1569531600,1414,1213,-201,2627,39,-0.9889603149335063,1.5750026204167038
461,1569546000,339,172,-167,511,39,-0.9250293357698555,-0.8076895268218025
461,1569560400,28,22,-6,50,39,-0.622297346200803,-1.3267921165557115
461,1569574800,112,886,774,998,39,0.8443545287300103,-0.2593100014412956
461,1569589200,383,1724,1341,2107,39,1.9104976224297168,0.9894639074847457
461,1569603600,845,1308,463,2153,39,0.259574101674263,1.041261562859496
461,1569618000,1332,1372,40,2704,39,-0.5358024920382165,1.66170739137009
461,1569632400,333,233,-100,566,39,-0.7990477003591318,-0.7457575475693838
461,1569646800,54,39,-15,93,39,-0.6392202524500047,-1.2783725691401842
461,1569661200,35,243,208,278,39,-0.2199082420531183,-1.070055911654776
461,1569675600,246,989,743,1235,39,0.7860645183160934,0.007560527337308323
461,1569690000,751,1321,570,2072,39,0.4607686537481053,0.9500526479604793
461,1569704400,1003,900,-103,1903,39,-0.8046886691088656,0.7597525662575929
461,1569718800,342,247,-95,589,39,-0.789646085776242,-0.7198587198820088
461,1569733200,67,33,-34,100,39,-0.674946387864986,-1.270490317235331
461,1569747600,29,147,118,176,39,-0.38913730454513523,-1.1849115822683525
461,1569762000,169,787,618,956,39,0.5510241537438476,-0.3066035128704153
461,1569776400,636,1021,385,1657,39,0.11290891418118164,0.48274771360132046
461,1569790800,763,572,-191,1335,39,-0.9701570857677266,0.12016412597806948
461,1569805200,185,85,-100,270,39,-0.7990477003591318,-1.0790641995460368
461,1569819600,23,25,2,48,39,-0.6072547628681793,-1.3290441885285267
461,1569834000,91,870,779,961,39,0.8537561433129002,-0.30097333293837725
461,1569848400,243,1594,1351,1837,39,1.9293008515954966,0.6854341911546905
461,1569862800,699,1202,503,1901,39,0.3347870183373816,0.7575004942847777
461,1569877200,1351,915,-436,2266,39,-1.4308362003293282,1.168503629323556
461,1569891600,235,98,-137,333,40,-0.9024337820613884,-0.9965349491106895
461,1569906000,21,19,-2,40,40,-0.6554720781042441,-1.3164681385332495
461,1569920400,110,925,815,1035,40,0.8391035673252882,-0.23000560107438547
461,1569934800,336,1760,1424,2096,40,1.9531752540652945,0.9285237981656695
461,1569949200,700,1290,590,1990,40,0.4275007273967145,0.812780050456484
461,1569963600,1460,1228,-232,2688,40,-1.0762216478090085,1.5749417098999887
461,1569978000,268,127,-141,395,40,-0.9097511658823408,-0.9288357759222979
461,1569992400,17,20,3,37,40,-0.6463253483280536,-1.319743904977849
461,1570006800,135,1015,880,1150,40,0.9580110544157651,-0.10443455403140117
461,1570021200,377,1809,1432,2186,40,1.9678100217071994,1.0267967915036573
461,1570035600,762,1152,390,1914,40,0.061631536349093345,0.7297939671932944
461,1570050000,1493,1150,-343,2643,40,-1.2792790488404382,1.5258052132309947
461,1570064400,283,147,-136,430,40,-0.9006044361061503,-0.8906185007353028
461,1570078800,18,24,6,42,40,-0.6408373104623393,-1.3142842942368498
461,1570093200,116,968,852,1084,40,0.9067893676690982,-0.17650141581259216
461,1570107600,327,1788,1461,2115,40,2.0208610544091044,0.949270318981467
461,1570122000,736,1182,446,1918,40,0.16407490984242726,0.7341616557860938
461,1570136400,1470,1240,-230,2710,40,-1.0725629558985323,1.5989639971603855
461,1570150800,297,142,-155,439,40,-0.9353620092556743,-0.880791201401504
461,1570165200,41,22,-19,63,40,-0.6865709593432919,-1.2913539291246525
461,1570179600,100,954,854,1054,40,0.9104480595795744,-0.20925908025858805
461,1570194000,373,1756,1383,2129,40,1.8781720699005322,0.9645572290562651
461,1570208400,826,1287,461,2113,40,0.19151509917099885,0.9470864746850672
461,1570222800,1441,1314,-127,2755,40,-0.8841403225090073,1.6481004938293795
461,1570237200,352,251,-101,603,40,-0.8365773276728166,-0.7017159690967264
461,1570251600,61,31,-30,92,40,-0.7066937648509111,-1.2596881868268566
461,1570266000,29,258,229,287,40,-0.23289316244424169,-1.0467633679278832
461,1570280400,219,1120,901,1339,40,0.9964273194757652,0.10193873197837298
461,1570294800,713,1446,733,2159,40,0.6890971989957636,0.9973148935022609
461,1570309200,867,989,122,1856,40,-0.428633179654719,0.6664624825977024
461,1570323600,272,258,-14,530,40,-0.6774242295671014,-0.7814262859153165
461,1570338000,76,42,-34,118,40,-0.7140111486718634,-1.23129821097366
461,1570352400,21,136,115,157,40,-0.44143860134138574,-1.1887132471938655
461,1570366800,155,865,710,1020,40,0.6470222420252871,-0.2463844332973834
461,1570381200,541,1205,664,1746,40,0.5628723280843343,0.5463510462957174
461,1570395600,633,576,-57,1209,40,-0.7560861056423399,-0.04001114728760924
461,1570410000,163,96,-67,259,40,-0.774379565194721,-1.0773371880774794
461,1570424400,18,20,2,38,40,-0.6481546942832916,-1.3186519828296492
461,1570438800,113,918,805,1031,40,0.8208101077729072,-0.2343732896671849
461,1570453200,314,1825,1511,2139,40,2.11232835217101,0.9754764505382636
461,1570467600,656,1046,390,1702,40,0.061631536349093345,0.4983064717749234
461,1570482000,1531,1142,-389,2673,40,-1.3634289627813911,1.5585628776769906
461,1570496400,338,134,-204,472,41,-0.9308855748421565,-0.8378467966425446
461,1570510800,20,21,1,41,41,-0.5431291742910695,-1.3264018382874145
461,1570525200,120,1009,889,1129,41,1.1365180632180292,-0.09311208118853169
461,1570539600,380,1787,1407,2167,41,2.1163122850983367,1.0835007569260275
461,1570554000,729,1146,417,1875,41,0.24373259463211175,0.7525075500575773
461,1570568400,1471,1101,-370,2572,41,-1.2448736845566952,1.542583800699049
461,1570582800,363,158,-205,521,41,-0.9327770694789911,-0.7823034160379074
461,1570597200,24,29,5,53,41,-0.5355631957437313,-1.3127993777311768
461,1570611600,100,955,855,1055,41,1.0722072455656537,-0.1769939212853307
461,1570626000,283,1669,1386,1952,41,2.076590897724811,0.8397900052934358
461,1570640400,627,1076,449,1703,41,0.304260423010818,0.557538948751504
461,1570654800,1392,1002,-390,2394,41,-1.2827035772933866,1.340813969114857
461,1570669200,335,143,-192,478,41,-0.9081876392001417,-0.8310455663644257
461,1570683600,23,24,1,47,41,-0.5431291742910695,-1.3196006080092957
461,1570698000,118,1022,904,1140,41,1.1648904827705477,-0.08064315901198049
461,1570712400,340,1784,1444,2124,41,2.1862975866612158,1.0347586065995091
461,1570726800,764,1358,594,2122,41,0.5785271453518307,1.0324915298401363
461,1570741200,1500,1418,-82,2918,41,-0.7001232291483389,1.934788080070569
461,1570755600,433,209,-224,642,41,-0.9687154675788479,-0.6451452720958442
461,1570770000,39,37,-2,76,41,-0.5488036582015733,-1.286727994998388
461,1570784400,98,893,795,991,41,0.9587175673555794,-0.249540377585265
461,1570798800,352,1728,1376,2080,41,2.057675951356465,0.9848829178933044
461,1570813200,897,1564,667,2461,41,0.7166062538407544,1.4167610405538507
461,1570827600,1474,1318,-156,2792,41,-0.8400938322740972,1.7919622442300733
461,1570842000,395,237,-158,632,41,-0.8438768215477663,-0.6564806558927089
461,1570856400,76,26,-50,102,41,-0.6395954007696327,-1.2572559971265398
461,1570870800,35,187,152,222,41,-0.25751348412904945,-1.121231391564163
461,1570885200,250,839,589,1089,41,0.5690696721676579,-0.13845361637599063
461,1570899600,807,1168,361,1975,41,0.13780889496937582,0.8658613880262247
461,1570914000,1038,817,-221,1855,41,-0.9630409836683442,0.7298367824638479
461,1570928400,312,226,-86,538,41,-0.7076892076956772,-0.7630332635832374
461,1570942800,81,22,-59,103,41,-0.6566188525011438,-1.2561224587468534
461,1570957200,32,110,78,142,41,-0.39748408725480766,-1.2119144619390807
461,1570971600,197,669,472,866,41,0.34776479965801316,-0.3912326750460742
461,1570986000,688,935,247,1623,41,-0.07782149362976523,0.4668558783765861
461,1571000400,860,529,-331,1389,41,-1.171105393720147,0.20160789752995134
461,1571014800,202,100,-102,302,41,-0.7379531218850304,-1.030548321189245
461,1571029200,24,18,-6,42,41,-0.5563696367489116,-1.325268299907728
461,1571043600,66,601,535,667,41,0.4669289617785911,-0.6168068126036823
461,1571058000,215,1301,1086,1516,41,1.5091425066744395,0.34556727175013346
461,1571072400,699,1148,449,1847,41,0.304260423010818,0.7207684754263561
461,1571086800,1186,967,-219,2153,41,-0.9592579943946751,1.067631219610417
461,1571101200,238,106,-132,344,42,-0.8937160890154855,-0.9878508644476163
461,1571115600,22,18,-4,40,42,-0.6595272756723752,-1.3218607113113197
461,1571130000,117,993,876,1110,42,0.9505208160615077,-0.14623394767920592
461,1571144400,308,1713,1405,2021,42,1.9183792712060808,0.8546968763103787
461,1571158800,721,1206,485,1927,42,0.23514717530247564,0.7514175157669968
461,1571173200,1502,1175,-327,2677,42,-1.25048810934288,1.5754549669110016
461,1571187600,355,229,-126,584,42,-0.8827384883900272,-0.7241588800815347
461,1571202000,28,24,-4,52,42,-0.6595272756723752,-1.3086761120930155
461,1571216400,110,996,886,1106,42,0.9688168171039382,-0.1506288140853073
461,1571230800,287,1812,1525,2099,42,2.1379312837152464,0.9403967712293552
461,1571245200,736,1117,381,1853,42,0.04486876446119857,0.6701124872541216
461,1571259600,1308,967,-341,2275,42,-1.2761025108022828,1.133770893097815
461,1571274000,321,139,-182,460,42,-0.9851960942276379,-0.8603997386706769
461,1571288400,22,30,8,52,42,-0.6375720744214587,-1.3086761120930155
461,1571302800,114,958,844,1072,42,0.8919736127257302,-0.18798517853716884
461,1571317200,340,1902,1562,2242,42,2.2056264875722396,1.0975132452474787
461,1571331600,802,1410,608,2212,42,0.4601879881243707,1.0645517472017185
461,1571346000,1482,1366,-116,2848,42,-0.8644424873475967,1.7633355057718347
461,1571360400,425,264,-161,689,42,-0.9467744920385339,-0.608793636921374
461,1571374800,33,29,-4,62,42,-0.6595272756723752,-1.297688946077762
461,1571389200,91,937,846,1028,42,0.8956328129342163,-0.2363287090042838
461,1571403600,352,1785,1433,2137,42,1.969608074124886,0.9821480020873181
461,1571418000,862,1426,564,2288,42,0.3796855835376765,1.1480542089176444
461,1571432400,1497,1406,-91,2903,42,-0.8187024847415205,1.8237649188557286
461,1571446800,358,248,-110,606,42,-0.8534648867221384,-0.6999871148479773
461,1571461200,69,40,-29,109,42,-0.7052672782784515,-1.2460492658060711
461,1571475600,36,207,171,243,42,-0.3393472574298417,-1.0988212412016756
461,1571490000,188,969,781,1157,42,0.7767088061584181,-0.09459426740751495
461,1571504400,628,1350,722,1978,42,0.6687624000080782,0.8074520624447891
461,1571518800,843,985,142,1828,42,-0.3924056604528901,0.6426445722159881
461,1571533200,301,236,-65,537,42,-0.7711328820312012,-0.7757985603532257
461,1571547600,79,32,-47,111,42,-0.7382000801548263,-1.2438518326030203
461,1571562000,22,131,109,153,42,-0.4527824638929107,-1.1977057353389562
461,1571576400,143,770,627,913,42,0.4949503901049886,-0.3626811181796979
461,1571590800,516,985,469,1501,42,0.20587357363458686,0.28336424351720196
461,1571605200,626,496,-130,1122,42,-0.8900568888069994,-0.13304934846090186
461,1571619600,162,80,-82,242,42,-0.802236083803333,-1.0999199578032008
461,1571634000,11,18,7,29,42,-0.6394016745257017,-1.3339465939280983
461,1571648400,105,931,826,1036,42,0.8590408108493552,-0.22753897619208108
461,1571662800,299,1701,1402,2000,42,1.9128904708933516,0.8316238276783465
461,1571677200,710,1131,421,1841,42,0.11805276863092053,0.6569278880358175
461,1571691600,1450,1273,-177,2723,42,-0.9760480937064226,1.6259959305811673
461,1571706000,374,153,-221,527,43,-1.0539188744742924,-0.8018494643614069
461,1571720400,26,19,-7,45,43,-0.6551219711873417,-1.3300322176406936
461,1571734800,100,968,868,1068,43,0.9754728436541624,-0.2090136354732447
461,1571749200,354,1794,1440,2148,43,2.0414159683276942,0.9744663926214229
461,1571763600,714,1106,392,1820,43,0.08842926438038418,0.615039124829709
461,1571778000,1392,1182,-210,2574,43,-1.0334199682305707,1.4412835148143195
461,1571792400,333,134,-199,467,43,-1.012921061986849,-0.8675983548111106
461,1571806800,43,24,-19,67,43,-0.6774844143623109,-1.3059242911424689
461,1571821200,107,1044,937,1151,43,1.1040568919102354,-0.11806100368448783
461,1571835600,357,1728,1371,2085,43,1.9128319200716213,0.9054300576492339
461,1571850000,765,1197,432,1962,43,0.1629707416302815,0.7706448322273413
461,1571864400,1501,1216,-285,2717,43,-1.1731852380741281,1.5979850370527802
461,1571878800,422,183,-239,605,43,-1.0874625392367463,-0.716375906776792
461,1571893200,34,28,-6,62,43,-0.6532584342560943,-1.3114033653466108
461,1571907600,109,1024,915,1133,43,1.0630590794227919,-0.13778567081939896
461,1571922000,349,1844,1495,2193,43,2.143910499546303,1.0237780604587008
461,1571936400,796,1281,485,2077,43,0.2617381989863955,0.8966635389226068
461,1571950800,1496,1412,-84,2908,43,-0.7986143148933941,1.8072856716510037
461,1571965200,444,215,-229,659,43,-1.068827169924272,-0.6572019053720586
461,1571979600,55,25,-30,80,43,-0.6979833206060326,-1.2916786982117
461,1571994000,95,914,819,1009,43,0.8841595340230382,-0.27366671108212004
461,1572008400,377,1737,1360,2114,43,1.8923330138278995,0.9372086880332574
461,1572022800,827,1384,557,2211,43,0.3959128580362107,1.0435027275936117
461,1572037200,1486,1521,35,3007,43,-0.5768534200749496,1.9157713408930148
461,1572051600,378,272,-106,650,43,-0.8396121273808376,-0.6670642389395142
461,1572066000,84,40,-44,124,43,-0.7240728376434967,-1.2434628452152503
461,1572080400,34,213,179,247,43,-0.30850410197531913,-1.1086776197933577
461,1572094800,207,1042,835,1249,43,0.9139761249229972,-0.010671149283305034
461,1572109200,725,1404,679,2129,43,0.6232643636483975,0.9536459106456834
461,1572123600,934,1038,104,1972,43,-0.4482693718188766,0.7816029806356252
461,1572138000,343,345,2,688,43,-0.6383501388061148,-0.6254232749880351
461,1572152400,130,44,-86,174,43,-0.8023413887558889,-1.1886721031738305
461,1572166800,19,147,128,166,43,-0.40354448546893823,-1.1974386219004578
461,1572181200,138,652,514,790,43,0.31578076999257104,-0.5136501612235388
461,1572195600,378,761,383,1139,43,0.07165743199915728,-0.13121078177442858
461,1572210000,545,495,-50,1040,43,-0.7352540592309813,-0.23969645101643977
461,1572224400,161,96,-65,257,43,-0.7632071131996928,-1.0977194713850738
461,1572238800,23,23,0,46,43,-0.6420772126686097,-1.3289364027998654
461,1572253200,107,949,842,1056,43,0.9270208834417292,-0.22216341356318545
461,1572267600,304,1740,1436,2044,43,2.0339618206027046,0.8605016491752697
461,1572282000,715,1138,423,1853,43,0.1461989092490546,0.651201014577046
461,1572296400,1417,1137,-280,2554,43,-1.163867553417891,1.4193672179977517
461,1572310800,248,121,-127,369,44,-0.8795604029740625,-0.8971476009847144
461,1572325200,18,22,4,40,44,-0.6369139259803154,-1.2374942282196908
461,1572339600,110,960,850,1070,44,0.9301007269716697,-0.17197135268161853
461,1572354000,367,1838,1471,2205,44,2.08035616371302,1.0021727868676165
461,1572368400,738,1182,444,1920,44,0.1780818746093695,0.7073436416944605
461,1572382800,1591,1278,-313,2869,44,-1.2240813550415204,1.689072970709636
461,1572397200,294,124,-170,418,44,-0.9592077198498727,-0.8464576777795051
461,1572411600,21,17,-4,38,44,-0.6517320314455823,-1.2395632046770464
461,1572426000,120,848,728,968,44,0.7041246186263479,-0.27748915200674806
461,1572440400,386,1948,1562,2334,44,2.2489121133804324,1.1356217683670449
461,1572454800,797,1304,507,2101,44,0.2947744551483471,0.8945860110851315
461,1572469200,1472,1211,-261,2683,44,-1.1277636695172848,1.4966581601755762
461,1572483600,304,137,-167,441,44,-0.9536509303003976,-0.822664448519917
461,1572498000,28,33,5,61,44,-0.635061662797157,-1.2157699754174582
461,1572512400,125,902,777,1027,44,0.7948855146011083,-0.21645434651476136
461,1572526800,310,1772,1462,2082,44,2.063685795064595,0.8749307347402544
461,1572541200,803,1087,284,1890,44,-0.11828023469597046,0.6763089948341283
461,1572555600,1589,1586,-3,3175,44,-0.649879768262424,2.005626368685024
461,1572570000,566,296,-270,862,44,-1.14443403816571,-0.3871449042465885
461,1572584400,53,41,-12,94,44,-0.6665501369108494,-1.181631863871093
461,1572598800,107,906,799,1013,44,0.8356353046305925,-0.23093718171624975
461,1572613200,350,1756,1406,2106,44,1.9599590568077259,0.8997584522285202
461,1572627600,853,1373,520,2226,44,0.318853876529406,1.023897039669849
461,1572642000,1441,1433,-8,2874,44,-0.6591410841782159,1.6942454118530246
461,1572656400,299,261,-38,560,44,-0.7147089796729671,-0.699560349307266
461,1572670800,60,68,8,128,44,-0.6295048732476819,-1.1464592640960498
461,1572685200,27,196,169,223,44,-0.33129050075918354,-1.0481828823716643
461,1572699600,181,813,632,994,44,0.5263073530431439,-0.2505924580611268
461,1572714000,615,1283,668,1898,44,0.5929888276368455,0.6845849006635503
461,1572728400,815,840,25,1655,44,-0.5980163991339895,0.43320426109485943
461,1572742800,267,233,-34,500,44,-0.7072999269403336,-0.7616296430279303
461,1572753600,35,50,15,85,44,-0.6165390309655733,-1.1909422579291926
461,1572768000,15,43,28,58,44,-0.5924596095845144,-1.2188734401034915
461,1572782400,95,537,442,632,44,0.17437734824305276,-0.6250771968424688
461,1572796800,387,958,571,1345,44,0.4133192988704831,0.11251291020475998
461,1572811200,545,635,90,1180,44,-0.47761929222869515,-0.05817764752706714
461,1572825600,205,141,-64,346,44,-0.7628678224350849,-0.9209408302443024
461,1572840000,26,25,-1,51,44,-0.6461752418961073,-1.2261148577042358
461,1572854400,42,462,420,504,44,0.1336275582135685,-0.7574916901132195
461,1572868800,281,2054,1773,2335,44,2.6397396450268493,1.1366562565957228
461,1572883200,587,1092,505,1679,44,0.29106992878203036,0.45803197858312517
461,1572897600,1483,1400,-83,2883,44,-0.798060822915094,1.7035558059111242
461,1572912000,397,188,-209,585,45,-0.9587316931648363,-0.6896461999658716
461,1572926400,35,18,-17,53,45,-0.6350197485313632,-1.2217590040004527
461,1572940800,45,504,459,549,45,0.1675161142057891,-0.7256538333215952
461,1572955200,252,2129,1877,2381,45,2.558263705300919,1.1067346196696692
461,1572969600,575,1231,656,1806,45,0.49965805739742564,0.5316126980157516
461,1572984000,1469,1521,52,2990,45,-0.5186857684287087,1.7158637506039924
461,1572998400,461,240,-221,701,45,-0.9789636897044284,-0.5736216035974291
461,1573012800,35,18,-17,53,45,-0.6350197485313632,-1.2217590040004527
461,1573027200,47,502,455,549,45,0.1607721153592584,-0.7256538333215952
461,1573041600,300,2095,1795,2395,45,2.42001172894704,1.120737588196895
461,1573056000,557,1096,539,1653,45,0.3023960911364029,0.3785802562539266
461,1573070400,1516,1284,-232,2800,45,-0.9975096865323877,1.5258234634487848
461,1573084800,1143,1621,478,2764,45,0.1995501087268099,1.4898158300930613
461,1573099200,41,26,-15,67,45,-0.6316477491080978,-1.2077560354732269
461,1573113600,40,460,420,500,45,0.10176212545211485,-0.7746642231668855
461,1573128000,282,2019,1737,2301,45,2.322223745672345,1.0267176566569503
461,1573142400,584,1141,557,1725,45,0.332744085945791,0.4505955229653737
461,1573156800,1457,1542,85,2999,45,-0.46304777794483054,1.7248656589429232
461,1573171200,510,237,-273,747,45,-1.0666356747093273,-0.5276118498651157
461,1573185600,44,29,-15,73,45,-0.6316477491080978,-1.201754763247273
461,1573200000,44,410,366,454,45,0.010718141023950523,-0.820673976899199
461,1573214400,285,2024,1739,2309,45,2.3255957450956104,1.0347193529582221
461,1573228800,699,1354,655,2053,45,0.497972057685793,0.7786650713175215
461,1573243200,1556,1568,12,3124,45,-0.5861257568940157,1.8498921636502967
461,1573257600,503,341,-162,844,45,-0.8794897067181007,-0.43059128221219395
461,1573272000,92,59,-33,151,45,-0.661995743917486,-1.1237382243098721
461,1573286400,19,89,70,108,45,-0.4883377736193206,-1.1667473419292085
461,1573300800,123,755,632,878,45,0.4591940643182415,-0.3965840729317884
461,1573315200,618,1227,609,1845,45,0.42041607095069,0.5706209674844521
461,1573329600,969,938,-31,1907,45,-0.6586237444942206,0.6326341138193093
461,1573344000,475,315,-160,790,45,-0.8761177072948353,-0.48460273224577927
461,1573358400,142,77,-65,219,45,-0.7159477346897315,-1.055723805749061
461,1573372800,26,75,49,101,45,-0.5237437675636067,-1.1737488261928213
461,1573387200,89,537,448,626,45,0.1489701173778297,-0.6486375064218531
461,1573401600,464,927,463,1391,45,0.17426011305231978,0.116524702387272
461,1573416000,718,709,-9,1427,45,-0.6215317508383018,0.15253233574299555
461,1573430400,264,150,-114,414,45,-0.7985617205597324,-0.8606824584055585
461,1573444800,40,22,-18,62,45,-0.6367057482429959,-1.212757095661522
461,1573459200,41,391,350,432,45,-0.016257854362172242,-0.8426786417276967
461,1573473600,218,1902,1684,2120,45,2.2328657609558134,0.8456792778406736
461,1573488000,569,1282,713,1851,45,0.595760040960488,0.576622239710406
461,1573502400,1468,1264,-204,2732,45,-0.9503016946066729,1.4578090448879737
461,1573516800,405,193,-212,598,46,-1.0008953709091766,-0.6472032104868171
461,1573531200,33,20,-13,53,46,-0.6595585213066428,-1.207254680623035
461,1573545600,48,474,426,522,46,0.09344086047985134,-0.7253021310929685
461,1573560000,276,2029,1753,2305,46,2.3695916113469986,1.1069396510224019
461,1573574400,551,1007,456,1558,46,0.1448986770028464,0.33930947085404417
461,1573588800,1427,1354,-73,2781,46,-0.762474154352633,1.5960855221872454
461,1573603200,428,177,-251,605,46,-1.0677905323890702,-0.6400098888520399
461,1573617600,33,26,-7,59,46,-0.6492669580020438,-1.2010889763646546
461,1573632000,54,458,404,512,46,0.0557051283629883,-0.7355783048569359
461,1573646400,274,2002,1728,2276,46,2.3267100975778363,1.0771387471068967
461,1573660800,533,1174,641,1707,46,0.46222187889464916,0.492424459937157
461,1573675200,1484,1358,-126,2842,46,-0.8533829635432575,1.658770182147446
461,1573689600,471,207,-264,678,46,-1.0900889195490349,-0.5649938203750786
461,1573704000,43,27,-16,70,46,-0.6647043029589423,-1.1897851852242907
461,1573718400,49,440,391,489,46,0.033406741203023775,-0.7592135045140607
461,1573732800,273,2008,1735,2281,46,2.3387169214332015,1.0822768339888802
461,1573747200,568,1198,630,1766,46,0.44335401283621767,0.5530538851445641
461,1573761600,1475,1491,16,2966,46,-0.6098159653344143,1.7861947368206406
461,1573776000,494,277,-217,771,46,-1.0094716736630092,-0.46942540437018265
461,1573790400,51,29,-22,80,46,-0.6749958662635414,-1.1795090114603233
461,1573804800,41,414,373,455,46,0.0025320512892267498,-0.7941524953115495
461,1573819200,253,1922,1669,2175,46,2.225509725082613,0.9733493920908268
461,1573833600,707,1351,644,2058,46,0.46736766054694867,0.8531181590524094
461,1573848000,1546,1706,160,3252,46,-0.36281844602403807,2.0800933064701055
461,1573862400,491,341,-150,832,46,-0.8945492167616536,-0.4067407444099821
461,1573876800,128,79,-49,207,46,-0.7213079011342369,-1.0490016046579387
461,1573891200,19,132,113,151,46,-0.44343569191006366,-1.1065481777361554
461,1573905600,124,841,717,965,46,0.5925816807529033,-0.27006763334921696
461,1573920000,531,1471,940,2002,46,0.9750847835738331,0.7955715859741925
461,1573934400,871,1284,413,2155,46,0.07114247331988681,0.9527970445628923
461,1573948800,397,373,-24,770,46,-0.6784263873650743,-0.4704530217465794
461,1573963200,136,67,-69,203,46,-0.755613112149567,-1.0531120741635256
461,1573977600,19,85,66,104,46,-0.5240529377960892,-1.1548461944268018
461,1573992000,78,676,598,754,46,0.3884656752116896,-0.4868948997689271
461,1574006400,442,1194,752,1636,46,0.6526158000297309,0.41946362621298916
461,1574020800,686,750,64,1436,46,-0.5274834588976223,0.21394015093364308
461,1574035200,275,134,-141,409,46,-0.879111871804755,-0.8414228946257991
461,1574049600,30,25,-5,55,46,-0.6458364369005108,-1.2051994458702417
461,1574064000,36,388,352,424,46,-0.03348842027686978,-0.8260086339798481
461,1574078400,256,1962,1706,2218,46,2.288974365460973,1.0175369392758862
461,1574092800,513,1042,529,1555,46,0.270112697208801,0.336226618724854
461,1574107200,1433,1400,-33,2833,46,-0.6938637323219728,1.6495216257598755
461,1574121600,387,162,-225,549,47,-1.0320293917555852,-0.6964476856876618
461,1574136000,37,23,-14,60,47,-0.6627688753740446,-1.1779221224943535
461,1574150400,43,465,422,508,47,0.1002528551584277,-0.7368167079966073
461,1574164800,284,1992,1708,2276,47,2.3508169502610867,1.0039743027891412
461,1574179200,571,1229,658,1800,47,0.5132646175567384,0.5352997998852859
461,1574193600,1533,1537,4,3070,47,-0.63126797824197,1.785754881162379
461,1574208000,471,205,-266,676,47,-1.1037814352230884,-0.5714021775599525
461,1574222400,49,23,-26,72,47,-0.6837694734620943,-1.1661067988917353
461,1574236800,42,476,434,518,47,0.12125345324647739,-0.7269706049944255
461,1574251200,289,2066,1777,2355,47,2.4715703892673724,1.0817585165063777
461,1574265600,563,1143,580,1706,47,0.37676072998441534,0.4427464316647766
461,1574280000,1524,1590,66,3114,47,-0.5227648881203799,1.829077734371979
461,1574294400,500,209,-291,709,47,-1.1475326812398585,-0.5389100376527524
461,1574308800,37,23,-14,60,47,-0.6627688753740446,-1.1779221224943535
461,1574323200,45,475,430,520,47,0.11425325388379416,-0.7250013843939891
461,1574337600,256,2070,1814,2326,47,2.5363222333721924,1.0532048178000504
461,1574352000,543,1307,764,1850,47,0.6987699006678441,0.584530314896195
461,1574366400,1511,1611,100,3122,47,-0.46326319353757245,1.8369546167737245
461,1574380800,478,291,-187,769,47,-0.9655274978100945,-0.47983341963966136
461,1574395200,59,37,-22,96,47,-0.676769274099411,-1.142476151686499
461,1574409600,44,403,359,447,47,-0.010000284803833203,-0.7968779363099164
461,1574424000,321,1813,1492,2134,47,1.9728061846761922,0.8641596401581592
461,1574438400,666,1287,621,1953,47,0.4485127734519185,0.685945175818668
461,1574452800,1513,1678,165,3191,47,-0.34950995389396994,1.9048927274887792
461,1574467200,500,342,-158,842,47,-0.914776052430641,-0.40795686772373396
461,1574481600,127,57,-70,184,47,-0.7607716664516099,-1.0558304452672989
461,1574496000,19,116,97,135,47,-0.46851334305958486,-1.1040763499779898
461,1574510400,138,862,724,1000,47,0.6287679070410117,-0.252388440289261
461,1574524800,646,1589,943,2235,47,1.0120288221479186,0.9636052804801957
461,1574539200,1006,1208,202,2214,47,-0.28475810978915006,0.9429284641756138
461,1574553600,385,314,-71,699,47,-0.7625217162922806,-0.5487561406549343
461,1574568000,134,61,-73,195,47,-0.7660218159736223,-1.0449997319648987
461,1574582400,20,79,59,99,47,-0.5350152370050756,-1.1395223207858443
461,1574596800,99,559,460,658,47,0.1667547491039184,-0.5891251629638797
461,1574611200,429,1087,658,1516,47,0.5132646175567384,0.25567047462332176
461,1574625600,716,671,-45,1387,47,-0.7170204204348396,0.12865574589517606
461,1574640000,255,131,-124,386,47,-0.8552743578478335,-0.8569391646232257
461,1574654400,31,23,-8,54,47,-0.6522685763300198,-1.1838297842956627
461,1574668800,42,400,358,442,47,-0.01175033464450401,-0.8018009878110074
461,1574683200,293,1874,1581,2167,47,2.128560620495894,0.8966517800653593
461,1574697600,622,1078,456,1700,47,0.15975454974123518,0.43683876986346754
461,1574712000,1496,1476,-20,2972,47,-0.6732691744180694,1.689263071740997
461,1574726400,425,180,-245,605,48,-1.1229413774563917,-0.40223642204281723
461,1574740800,40,24,-16,64,48,-0.6131013959431942,-1.0108138612262567
461,1574755200,43,441,398,484,48,0.30861804661778275,-0.53835078459586
461,1574769600,323,1924,1601,2247,48,2.9869477311609116,1.4448692251645905
461,1574784000,666,1215,549,1881,48,0.6448007418513758,1.0331514012438163
461,1574798400,1481,1399,-82,2880,48,-0.7600421766413209,2.156938576371831
461,1574812800,462,244,-218,706,48,-1.062829239898067,-0.288620301234079
461,1574827200,39,26,-13,65,48,-0.6064222695478247,-1.0096889491390415
461,1574841600,39,408,369,447,48,0.2440531581292119,-0.5799725318228236
461,1574856000,239,1474,1235,1713,48,2.172094310925845,0.8441661705916575
461,1574870400,831,1286,455,2117,48,0.4355214481298013,1.2986306538266106
461,1574884800,1106,1149,43,2255,48,-0.48174524350092934,1.4538685218623124
461,1574899200,364,218,-146,582,48,-0.9025302064092015,-0.4281094000487675
461,1574913600,41,33,-8,74,48,-0.5952903922222091,-0.9995647403541044
461,1574928000,31,69,38,100,48,-0.492877120826545,-0.9703170260865084
461,1574942400,71,214,143,285,48,-0.2591076969886161,-0.7622082899516908
461,1574956800,158,328,170,486,48,-0.19899555943029149,-0.5361009604214296
461,1574971200,214,268,54,482,48,-0.4572551133845749,-0.5406006087702905
461,1574985600,98,90,-8,188,48,-0.5952903922222091,-0.8713247624115681
461,1575000000,23,32,9,55,48,-0.5574420093151159,-1.0209380700111936
461,1575014400,20,216,196,236,48,-0.14110979733709003,-0.8173289822252371
461,1575028800,195,1040,845,1235,48,1.3038078795278232,0.30645819290277765
461,1575043200,866,1927,1061,2793,48,1.7847049799944197,2.0590712247841063
461,1575057600,1228,1641,413,2869,48,0.3420136785946298,2.1445645434124634
461,1575072000,498,237,-261,735,48,-1.1585633848983616,-0.2559978507048373
461,1575086400,64,35,-29,99,48,-0.6420442769897949,-0.9714419381737236
461,1575100800,21,102,81,123,48,-0.3971429758262503,-0.944444048080558
461,1575115200,105,661,556,766,48,0.6603853701072377,-0.2211255760011652
461,1575129600,483,1205,722,1688,48,1.0299636973176778,0.8160433684112769
461,1575144000,807,933,126,1740,48,-0.2969560798957093,0.8745387969464689
461,1575158400,427,277,-150,704,48,-0.911435708269694,-0.29087012540850943
461,1575172800,91,44,-47,135,48,-0.6821190353620114,-0.9309451030339753
461,1575187200,15,92,77,107,48,-0.40604847768674285,-0.9624426414760018
461,1575201600,88,516,428,604,48,0.37540931057147675,-0.40336133413003245
461,1575216000,345,724,379,1069,48,0.2663169127804432,0.1197227864250495
461,1575230400,473,510,37,983,48,-0.49510349629166817,0.022980346924539718
461,1575244800,196,107,-89,303,48,-0.7756268048971828,-0.7419598723818167
461,1575259200,25,20,-5,45,48,-0.5886112658268398,-1.032187190883346
461,1575273600,42,410,368,452,48,0.24182678266408877,-0.5743479713867474
461,1575288000,284,1854,1570,2138,48,2.9179300917420945,1.3222538076581305
461,1575302400,503,991,488,1494,48,0.5089918384788648,0.5978104234915222
461,1575316800,1297,1097,-200,2394,48,-1.0227544815258507,1.6102313019852292
461,1575331200,346,145,-201,491,49,-0.974615241658001,-0.764403016632597
461,1575345600,27,17,-10,44,49,-0.6489179507360895,-1.2149949421015405
461,1575360000,41,400,359,441,49,-0.019691247331977923,-0.8148047980049621
461,1575374400,300,2031,1731,2331,49,2.3198725387667785,1.090382537870436
461,1575388800,574,1092,518,1666,49,0.25143895819987505,0.42003884561798105
461,1575403200,1496,1482,-14,2978,49,-0.6557388364098469,1.7425815888288394
461,1575417600,456,191,-265,647,49,-1.083749412438118,-0.6071494587508182
461,1575432000,43,21,-22,64,49,-0.6693806077573614,-1.1948342295525944
461,1575446400,45,422,377,467,49,0.011002738199929961,-0.7885958716913323
461,1575460800,287,1973,1686,2260,49,2.2431375749370086,1.0188120083216776
461,1575475200,535,1133,598,1668,49,0.3878566716750212,0.42205491687287566
461,1575489600,1496,1426,-70,2922,49,-0.7512312358424491,1.6861315936917907
461,1575504000,467,235,-232,702,49,-1.0274771056296201,-0.5517074992412166
461,1575518400,47,39,-8,86,49,-0.6455075078992109,-1.1726574457487537
461,1575532800,44,427,383,471,49,0.02123406671056592,-0.784563729181543
461,1575547200,275,2040,1765,2315,49,2.3778500669937155,1.074253967831279
461,1575561600,531,1266,735,1797,49,0.621472006001209,0.5520915128135775
461,1575576000,1478,1576,98,3054,49,-0.46475403754464223,1.8191922965148342
461,1575590400,513,270,-243,783,49,-1.0462345412324527,-0.4700566134179853
461,1575604800,52,35,-17,87,49,-0.6608545006651648,-1.1716494101213064
461,1575619200,44,387,343,431,49,-0.04697479002700715,-0.8248851542794351
461,1575633600,319,1945,1626,2264,49,2.140824289830649,1.0228441508314667
461,1575648000,689,1301,612,1990,49,0.41172977153317175,0.7466423889109064
461,1575662400,1472,1672,200,3144,49,-0.2908214528638309,1.9099155029850914
461,1575676800,519,376,-143,895,49,-0.87571239938852,-0.35715662314388763
461,1575691200,127,58,-69,185,49,-0.7495260144240098,-1.072861918631471
461,1575705600,18,104,86,122,49,-0.48521669456591415,-1.136368163160651
461,1575720000,154,971,817,1125,49,0.7613001623132337,-0.1253084288310085
461,1575734400,575,1597,1022,2172,49,1.1108705530932959,0.9301048731063152
461,1575748800,964,1186,222,2150,49,-0.2533065816581657,0.9079280893024745
461,1575763200,427,345,-82,772,49,-0.771693892863721,-0.4811450053199056
461,1575777600,148,67,-81,215,49,-0.7699886714452817,-1.042620849808052
461,1575792000,16,68,52,84,49,-0.5431942227928512,-1.1746735170036484
461,1575806400,100,650,550,750,49,0.3060060435899335,-0.5033217891237463
461,1575820800,507,1343,836,1850,49,0.793699369263581,0.6055174010682843
461,1575835200,812,854,42,1666,49,-0.5602464369772445,0.42003884561798105
461,1575849600,268,164,-104,432,49,-0.8092087640693862,-0.8238771186519878
461,1575864000,27,23,-4,50,49,-0.6386866222254536,-1.2089467283368567
461,1575878400,49,379,330,428,49,-0.0691426684667184,-0.827909261161777
461,1575892800,253,1980,1727,2233,49,2.313051653093021,0.9915950463806005
461,1575907200,486,1051,565,1537,49,0.33158436486652343,0.2900022496772793
461,1575921600,1427,1275,-152,2702,49,-0.8910593921544739,1.4643637556533844
461,1575936000,404,203,-201,607,50,-1.0182619650695346,-0.6863761707410386
461,1575950400,28,26,-2,54,50,-0.6637703995892292,-1.225751354853617
461,1575964800,48,411,363,459,50,-0.013572302100227003,-0.8307297462359059
461,1575979200,282,1910,1628,2192,50,2.2398539809780957,0.8595725938492624
461,1575993600,537,1062,525,1599,50,0.2750087713058507,0.2811829298732066
461,1576008000,1446,1609,163,3055,50,-0.36984523223118715,1.7013099969037924
461,1576022400,550,247,-303,797,50,-1.1999611594363242,-0.5010573913895199
461,1576036800,33,26,-7,59,50,-0.6726772228425032,-1.2208745448706821
461,1576051200,44,398,354,442,50,-0.02960458395612021,-0.8473109001778839
461,1576065600,298,1962,1664,2260,50,2.303983108401668,0.9258972096171744
461,1576080000,698,1134,436,1832,50,0.11646731739757345,0.5084422750779638
461,1576094400,1470,1581,111,3051,50,-0.46247619406523677,1.6974085489174446
461,1576108800,535,277,-258,812,50,-1.1197997501568582,-0.4864269614407158
461,1576123200,60,23,-37,83,50,-0.7261181623621472,-1.1974658569525956
461,1576137600,47,428,381,475,50,0.018492261611559407,-0.8151239542905149
461,1576152000,320,2054,1734,2374,50,2.4286786339475044,1.0370884772280857
461,1576166400,591,1165,574,1756,50,0.36229563918793595,0.43431476333735625
461,1576180800,1544,1725,181,3269,50,-0.3377806685194007,1.9100374641733977
461,1576195200,630,308,-322,938,50,-1.2338070877987655,-0.36353134987076124
461,1576209600,67,43,-24,110,50,-0.7029604219036348,-1.1711310830447483
461,1576224000,40,383,343,423,50,-0.049199595113323016,-0.8658427781130358
461,1576238400,282,1903,1621,2185,50,2.227384428423512,0.8527450598731539
461,1576252800,711,1254,543,1965,50,0.3070733350176371,0.6381654206240269
461,1576267200,1432,1637,205,3069,50,-0.2950279169036855,1.7149650648560095
461,1576281600,529,369,-160,898,50,-0.9452260143926877,-0.4025458297342389
461,1576296000,154,59,-95,213,50,-0.8294373121001257,-1.0706687973962934
461,1576310400,18,107,89,125,50,-0.5016662163796424,-1.156500653095944
461,1576324800,134,885,751,1019,50,0.6775971823538356,-0.2845270281472191
461,1576339200,743,1719,976,2462,50,1.0784042287511657,1.1229203329277364
461,1576353600,974,1427,453,2401,50,0.14675051645870504,1.0634232511359332
461,1576368000,477,425,-52,902,50,-0.7528386321219692,-0.39864438174789113
461,1576382400,139,76,-63,215,50,-0.7724336432791721,-1.0687180734031194
461,1576396800,18,85,67,103,50,-0.540856238694048,-1.177958617020857
461,1576411200,115,703,588,818,50,0.38723474429710314,-0.48057478946119414
461,1576425600,616,1564,948,2180,50,1.0285260185328313,0.8478682498902191
461,1576440000,832,941,109,1773,50,-0.46603892336654634,0.45089591727933426
461,1576454400,325,192,-133,517,50,-0.8971291688250081,-0.7741587504338633
461,1576468800,25,27,2,52,50,-0.6566449409866101,-1.2277020788467907
461,1576483200,59,449,390,508,50,0.034524543467452616,-0.7829370084031458
461,1576497600,318,1858,1540,2176,50,2.0830938917204733,0.8439668019038714
461,1576512000,571,1154,583,1725,50,0.3783279210438291,0.40407854144316113
461,1576526400,1598,1499,-99,3097,50,-0.8365627707027449,1.7422752007604438
461,1576540800,458,213,-245,671,51,-1.1015046661790948,-0.577750077061243
461,1576555200,38,32,-6,70,51,-0.6408387283778385,-1.1716402645991113
461,1576569600,48,429,381,477,51,0.1050931458024384,-0.7694550627223852
461,1576584000,302,1878,1576,2180,51,2.4084228348087198,0.9133984969731052
461,1576598400,538,1032,494,1570,51,0.32289754317290686,0.3106147791726066
461,1576612800,1535,1378,-157,2913,51,-0.9318870823861636,1.6377271283628847
461,1576627200,470,243,-227,713,51,-1.0668101604032678,-0.5362469358356349
461,1576641600,35,20,-15,55,51,-0.6581859812657519,-1.1864628150368284
461,1576656000,46,469,423,515,51,0.18604699261270102,-0.7319046016135017
461,1576670400,279,1864,1585,2143,51,2.4257700876966335,0.8768362058934028
461,1576684800,646,1343,697,1989,51,0.7141744694225094,0.7246580213995064
461,1576699200,1569,1546,-23,3115,51,-0.6736057616105638,1.837337474257476
461,1576713600,512,235,-277,747,51,-1.1631837875583424,-0.5026491548434759
461,1576728000,49,29,-20,78,51,-0.6678233439812593,-1.1637349043656622
461,1576742400,43,397,354,440,51,0.05305138713869816,-0.8060173538020876
461,1576756800,274,1809,1535,2083,51,2.3293964605415587,0.8175460041425341
461,1576771200,645,1271,626,1916,51,0.5773239188623036,0.6525216092692828
461,1576785600,1562,1553,-9,3115,51,-0.6466211460071429,1.837337474257476
461,1576800000,536,248,-288,784,51,-1.1843859855324588,-0.46608686376377356
461,1576814400,52,34,-18,86,51,-0.6639683988950563,-1.155829544132213
461,1576828800,38,354,316,392,51,-0.020192569499158482,-0.8534495152027826
461,1576843200,262,1679,1417,1941,51,2.101954700455583,0.6772258599988115
461,1576857600,785,1578,793,2363,51,0.8992118335602526,1.0942336123132548
461,1576872000,1467,1662,195,3129,51,-0.25341674721443885,1.851171854666012
461,1576886400,524,312,-212,836,51,-1.0378980722567455,-0.41470202224635405
461,1576900800,103,51,-52,154,51,-0.729502465360507,-1.0886339821478952
461,1576915200,19,91,72,110,51,-0.4904958700159222,-1.1321134634318655
461,1576929600,127,758,631,885,51,0.586961281577811,-0.36628169081647793
461,1576944000,680,1519,839,2199,51,0.9878755705429211,0.9321737275275469
461,1576958400,1039,1151,112,2190,51,-0.41339696829186257,0.9232801972649166
461,1576972800,463,273,-190,736,51,-0.9954936763085127,-0.5135190251644686
461,1576987200,81,49,-32,130,51,-0.6909530144984772,-1.1123500628482426
461,1577001600,21,65,44,86,51,-0.5444651012227639,-1.155829544132213
461,1577016000,101,555,454,656,51,0.24579864144884722,-0.5925726274989602
461,1577030400,584,1341,757,1925,51,0.8298228220085989,0.6614151395319131
461,1577044800,911,947,36,1858,51,-0.5598848815675759,0.5952077475767764
461,1577059200,317,150,-167,467,51,-0.9511618078171784,-0.7793367630141966
461,1577073600,32,26,-6,58,51,-0.6408387283778385,-1.183498304949285
461,1577088000,30,319,289,349,51,-0.07223432816289874,-0.8959408264575718
461,1577102400,219,1127,908,1346,51,1.1208711760169239,0.08926469263603004
461,1577116800,756,1659,903,2415,51,1.1112338133014166,1.1456184538306744
461,1577131200,1317,1536,219,2853,51,-0.20715740618000308,1.578436926612016
461,1577145600,448,198,-250,646,52,-1.1922686227046686,-0.29265918303355165
461,1577160000,36,32,-4,68,52,-0.4966313118588969,-0.9799400679229081
461,1577174400,29,266,237,295,52,0.18486702925423706,-0.7100217965217248
461,1577188800,148,909,761,1057,52,1.6666310572346612,0.19604746694832637
461,1577203200,903,1100,197,2003,52,0.07175527139313599,1.3209051089990724
461,1577217600,1060,612,-448,1672,52,-1.752171824117119,0.9273238410088008
461,1577232000,213,147,-66,360,52,-0.6719545365436036,-0.6327324236535447
461,1577246400,28,29,1,57,52,-0.48249234212625924,-0.9930198079467539
461,1577260800,124,864,740,988,52,1.607247384357583,0.11400182498056582
461,1577275200,47,118,71,165,52,-0.28454676586933236,-0.8646005422580852
461,1577289600,222,246,24,468,52,-0.41745308135612613,-0.504313157964876
461,1577304000,258,217,-41,475,52,-0.6012596878804154,-0.49598968704061036
461,1577318400,82,75,-7,157,52,-0.5051146936984795,-0.8741130804572459
461,1577332800,14,23,9,37,52,-0.45986999055403904,-1.0168011534446555
461,1577347200,15,252,237,267,52,0.18486702925423706,-0.7433156802187871
461,1577361600,150,862,712,1012,52,1.5280691538548123,0.14253943957804777
461,1577376000,589,1388,799,1977,52,1.774087227202707,1.2899893598518002
461,1577390400,1135,1103,-32,2238,52,-0.5758095423616677,1.6003359185994162
461,1577404800,412,194,-218,606,52,-1.1017792164157876,-0.3402218740293549
461,1577419200,52,28,-24,80,52,-0.5531871907894474,-0.9656712606241671
461,1577433600,26,284,258,310,52,0.24425070213131514,-0.6921857873982986
461,1577448000,197,956,759,1153,52,1.6609754693416061,0.3101979253382541
461,1577462400,962,1508,546,2470,52,1.0586553587312428,1.8761995263750748
461,1577476800,1496,1354,-142,2850,52,-0.8868668764796956,2.3280450908352055
