remote_unit_id,time_stamp,entries,exits,num_people_exited,sum_exit_entry,week_num,z_score_num_people_exited,z_score_sum_exit_entry
79,1546304400,169,117,-52,286,1,-0.32636164495124675,-0.7815800886942854
79,1546318800,71,43,-28,114,1,-0.26762703718283815,-1.1158884882873648
79,1546333200,28,142,114,170,1,0.07988605878024625,-1.0070438930710135
79,1546347600,118,459,341,577,1,0.6354175572564444,-0.2159769242664592
79,1546362000,566,686,120,1252,1,0.0945697107223484,1.095989178787777
79,1546376400,459,231,-228,690,1,-0.7570821019195768,0.003655919652249952
79,1546390800,121,89,-32,210,1,-0.2774161384775729,-0.9292977536307624
79,1546405200,9,7,-2,16,1,-0.20399787876706213,-1.30636652991598
79,1546419600,76,790,714,866,1,1.548251252990462,0.34573893318935445
79,1546434000,246,1096,850,1342,1,1.8810806970114442,1.2709179925283416
79,1546448400,726,652,-74,1378,1,-0.380201702072288,1.3408895180245677
79,1546462800,991,276,-715,1267,1,-1.9489051845535352,1.125143981077871
79,1546477200,181,101,-80,282,1,-0.3948853540143902,-0.7893547026383105
79,1546491600,11,7,-4,18,1,-0.2088924294144295,-1.3024792229439672
79,1546506000,69,834,765,903,1,1.6730622944983302,0.41765411217158666
79,1546520400,286,998,712,1284,1,1.5433567023430945,1.1581860903399777
79,1546534800,831,644,-187,1475,1,-0.6567438136485454,1.5294239061671764
79,1546549200,1064,244,-820,1308,1,-2.205869093540323,1.2048337740041284
79,1546563600,203,96,-107,299,1,-0.4609617877538499,-0.7563125933762038
79,1546578000,13,10,-3,23,1,-0.20644515409074582,-1.2927609555139359
79,1546592400,63,784,721,847,1,1.5653821802562478,0.30880951695523523
79,1546606800,283,1111,828,1394,1,1.8272406398904029,1.371987973800668
79,1546621200,752,721,-31,1473,1,-0.2749688631538892,1.5255365991951637
79,1546635600,996,351,-645,1347,1,-1.7775959118956768,1.2806362599583732
79,1546650000,213,95,-118,308,1,-0.4878818163143705,-0.7388197120021474
79,1546664400,19,7,-12,26,1,-0.22847063200389905,-1.286929995055917
79,1546678800,41,271,230,312,1,0.36376999632755463,-0.7310450980581222
79,1546693200,145,453,308,598,1,0.5546574715748827,-0.1751602010603274
79,1546707600,367,416,49,783,1,-0.07918683725919379,0.1844156938508336
79,1546722000,360,214,-146,574,1,-0.5564055253775139,-0.22180788472447802
79,1546736400,145,66,-79,211,1,-0.39243807869070646,-0.927354100144756
79,1546750800,16,7,-9,23,1,-0.22112880603284796,-1.2927609555139359
79,1546765200,24,154,130,178,1,0.11904246395918533,-0.9914946651829631
79,1546779600,129,420,291,549,1,0.5130537910722599,-0.27039922187463494
79,1546794000,376,497,121,873,1,0.0970169860460321,0.3593445075913984
79,1546808400,326,172,-154,498,1,-0.5759837279669834,-0.36952554966095497
79,1546822800,112,58,-54,170,1,-0.33125619559861413,-1.0070438930710135
79,1546837200,7,8,1,15,1,-0.19665605279601103,-1.3083101834019861
79,1546851600,78,810,732,888,1,1.5923022088167684,0.38849930988149256
79,1546866000,277,1005,728,1282,1,1.5825131075220336,1.1542987833679652
79,1546880400,723,671,-52,1394,1,-0.32636164495124675,1.371987973800668
79,1546894800,1052,346,-706,1398,1,-1.926879706640382,1.379762587744693
79,1546909200,195,70,-125,265,2,-0.5080853468115032,-0.915711372487923
79,1546923600,11,12,1,23,2,-0.2561374780590224,-1.3393091510227515
79,1546938000,87,901,814,988,2,1.3695261512724608,0.3498307509859652
79,1546952400,245,1106,861,1351,2,1.463506705489656,0.9852274187882079
79,1546966800,714,681,-33,1395,2,-0.3241234108969934,1.0622451967036313
79,1546981200,1080,379,-701,1459,2,-1.6598470325371297,1.1742710554897016
79,1546995600,244,61,-183,305,2,-0.624061349888042,-0.845695210746629
79,1547010000,9,11,2,20,2,-0.2541378917990821,-1.3445603631533485
79,1547024400,85,1094,1009,1179,2,1.759445471960824,0.6841579233006438
79,1547038800,306,1403,1097,1709,2,1.9354090628355725,1.6118720663727886
79,1547053200,745,694,-51,1439,2,-0.36011596357591924,1.1392629746190546
79,1547067600,1060,415,-645,1475,2,-1.5478702019804715,1.202277520186219
79,1547082000,195,80,-115,275,2,-0.48808948421209997,-0.8982073320525995
79,1547096400,12,12,0,24,2,-0.2581370643189628,-1.337558746979219
79,1547110800,92,1017,925,1109,2,1.5914802261258367,0.5616296402533794
79,1547125200,285,1385,1100,1670,2,1.9414078216153934,1.5436063086750271
79,1547139600,746,809,63,1555,2,-0.13216312994272236,1.342309843668807
79,1547154000,1070,364,-706,1434,2,-1.6698449638368313,1.1305109544013927
79,1547168400,235,71,-164,306,2,-0.5860692109491757,-0.8439448067030967
79,1547182800,10,12,2,22,2,-0.2541378917990821,-1.3410595550662838
79,1547197200,95,851,756,946,2,1.253550148195922,0.2763137811576065
79,1547211600,307,1175,868,1482,2,1.4775038093092383,1.2145303484909455
79,1547226000,720,617,-103,1337,2,-0.4640944490928161,0.9607217621787549
79,1547240400,934,306,-628,1240,2,-1.513877235561486,0.790932569956117
79,1547254800,193,70,-123,263,2,-0.5040861742916226,-0.9192121805749877
79,1547269200,12,12,0,24,2,-0.2581370643189628,-1.337558746979219
79,1547283600,31,267,236,298,2,0.21376529302695363,-0.8579480390513555
79,1547298000,144,519,375,663,2,0.49170778315865865,-0.21905056316204816
79,1547312400,439,558,119,997,2,-0.020186299386064234,0.36558438737775634
79,1547326800,394,241,-153,635,2,-0.5640737620898322,-0.2680618763809539
79,1547341200,171,81,-90,252,2,-0.4380998277135919,-0.9384666250538435
79,1547355600,25,17,-8,42,2,-0.27413375439848536,-1.3060514741956368
79,1547370000,24,127,103,151,2,-0.052179679545109416,-1.1152574334506107
79,1547384400,129,437,308,566,2,0.35773550374265695,-0.388839755384686
79,1547398800,309,359,50,668,2,-0.15815775132194657,-0.2102985429443864
79,1547413200,286,141,-145,427,2,-0.5480770720103096,-0.6321459174356825
79,1547427600,128,61,-67,189,2,-0.3921093437349644,-1.0487420797963816
79,1547442000,10,8,-2,18,2,-0.2621362368388434,-1.3480611712404131
79,1547456400,100,947,847,1047,2,1.4355124978504914,0.45310458955437377
79,1547470800,263,1031,768,1294,2,1.2775451833152058,0.885454388306864
79,1547485200,658,577,-81,1235,2,-0.42010355137412897,0.7821805497384553
79,1547499600,1042,283,-759,1325,2,-1.7758230356136684,0.9397169136563668
79,1547514000,149,65,-84,214,3,-0.4636987349858038,-0.8074804900769834
79,1547528400,147,43,-104,190,3,-0.5165511146422457,-0.8540202399461527
79,1547541465,86,650,564,736,3,1.2487183658829146,0.20475906957745105
79,1547541544,2,20,18,22,3,-0.19415159873794996,-1.1797984890303386
79,1547541627,43,375,332,418,3,0.6356307618681882,-0.4118926161890435
79,1547542800,27,250,223,277,3,0.3475852927405798,-0.6853136466704137
79,1547557200,380,1165,785,1545,3,1.832737161086598,1.7735364714173696
79,1547571600,863,639,-224,1502,3,-0.8336653925808972,1.6901527529017744
79,1547586000,1304,379,-925,1683,3,-2.686141299539187,2.0411400331650937
79,1547600400,231,70,-161,301,3,-0.6671803966631051,-0.6387738968012443
79,1547614800,10,8,-2,18,3,-0.24700397839439187,-1.1875551140085334
79,1547627093,70,588,518,658,3,1.1271578926730983,0.053504882502650494
79,1547627176,36,301,265,337,3,0.45857529001910785,-0.5689642719974902
79,1547629200,38,349,311,387,3,0.5801357632289242,-0.47200645977005395
79,1547643600,284,1114,830,1398,3,1.9516550153135923,1.488480503468707
79,1547658000,671,699,28,1370,3,-0.16772540890972898,1.4341841286213426
79,1547672400,1065,430,-635,1495,3,-1.919781794520779,1.6765786591899332
79,1547686800,214,70,-144,284,3,-0.6222558739551296,-0.6717395529585726
79,1547701200,7,12,5,19,3,-0.2285056455146372,-1.1856159577639847
79,1547715600,99,903,804,1002,3,1.8829469217602177,0.7205746306274119
79,1547730000,320,1199,879,1519,3,2.081143345471875,1.7231184090591027
79,1547744400,723,673,-50,1396,3,-0.3738496895698525,1.4846021909796094
79,1547758800,1052,427,-625,1479,3,-1.893355604692558,1.6455521592771536
79,1547773200,236,73,-163,309,3,-0.6724656346287494,-0.6232606468448545
79,1547787600,17,7,-10,24,3,-0.26814493025696867,-1.175920176541241
79,1547797468,29,306,277,335,3,0.490286717812973,-0.5728425844865876
79,1547797555,24,106,82,130,3,-0.025023983837335787,-0.9703696146190762
79,1547802000,55,501,446,556,3,0.9368893259099073,-0.14428905444131945
79,1547816400,261,1072,811,1333,3,1.9014452546399725,1.3624353475730397
79,1547830800,737,558,-179,1295,3,-0.7147475383539029,1.2887474102801884
79,1547845200,823,319,-504,1142,3,-1.5735987077710842,0.9920565048642334
79,1547859600,200,74,-126,274,3,-0.5746887322643318,-0.6911311154040599
79,1547874000,19,10,-9,29,3,-0.26550231127414653,-1.1662243953184974
79,1547888400,31,294,263,325,3,0.4532900520534636,-0.5922341469320749
79,1547902800,183,540,357,723,3,0.7016962364387407,0.17955003839831762
79,1547917200,453,494,41,947,3,-0.13337136213304174,0.613921037177232
79,1547931600,382,219,-163,601,3,-0.6724656346287494,-0.05702702343662683
79,1547946000,162,70,-92,232,3,-0.4848396868483805,-0.7725756776751063
79,1547960400,17,17,0,34,3,-0.2417187404287477,-1.1565286140957538
79,1547974800,24,146,122,170,3,0.08068077547554807,-0.8928033648371273
79,1547989200,82,337,255,419,3,0.43214910019088687,-0.4099534599444948
79,1548003600,306,353,47,659,3,-0.11751564823610916,0.05544403874719921
79,1548018000,260,128,-132,388,3,-0.5905444461612644,-0.47006730352550524
79,1548032400,114,51,-63,165,3,-0.4082037363465397,-0.9024991460598709
79,1548046800,8,7,-1,15,3,-0.24436135941156978,-1.1933725827421797
79,1548061200,33,470,437,503,3,0.9131057550645084,-0.24706433540240186
79,1548075600,161,565,404,726,3,0.8258993286313793,0.1853675071319638
79,1548090000,354,375,21,729,3,-0.18622374178948367,0.19118497586560995
79,1548104400,412,165,-247,577,3,-0.8944456291858055,-0.10356677330579622
79,1548118800,153,51,-102,204,4,-0.45940363494581826,-1.0099765683387594
79,1548133200,8,7,-1,15,4,-0.24156435264756643,-1.353531333485874
79,1548147600,66,924,858,990,4,1.6111479591761795,0.418774994654004
79,1548162000,276,1160,884,1436,4,1.6672253981836505,1.2294915303979892
79,1548176400,679,651,-28,1330,4,-0.29979861623224763,1.036810021902782
79,1548190800,1109,364,-745,1473,4,-1.8462418380921148,1.2967482833632973
79,1548205200,228,59,-169,287,4,-0.603910881618916,-0.8591033116868517
79,1548219600,16,10,-6,26,4,-0.2523484755336185,-1.333536082604296
79,1548234000,91,899,808,990,4,1.5033067303156589,0.418774994654004
79,1548248400,299,1163,864,1462,4,1.6240889066394422,1.2767530324817193
79,1548262800,738,641,-97,1379,4,-0.4486195120597662,1.1258797758298118
79,1548277200,990,334,-656,1324,4,-1.6542844507203878,1.0259035214219212
79,1548291600,218,72,-146,290,4,-0.5543039163430765,-0.8536500614464213
79,1548306000,13,9,-4,22,4,-0.24803482637919766,-1.34080708292487
79,1548320400,88,804,716,892,4,1.3048788692123008,0.24063548679994443
79,1548334800,261,1233,972,1494,4,1.8570259609781667,1.33492103504631
79,1548349200,720,556,-164,1276,4,-0.593126758732864,0.9386515175750348
79,1548363600,1073,495,-578,1568,4,-1.4860521336979755,1.4694345409769265
79,1548378000,213,129,-84,342,4,-0.4205807925560308,-0.7591270572789611
79,1548392400,26,6,-20,32,4,-0.28254401961456427,-1.3226295821234353
79,1548406800,84,871,787,955,4,1.4580134141942402,0.3551537418489827
79,1548421200,299,1116,817,1415,4,1.5227181515105526,1.1913187787149764
79,1548435600,749,681,-68,1430,4,-0.3860715993206642,1.2185850299171284
79,1548450000,992,391,-601,1383,4,-1.535659098973815,1.1331507761503856
79,1548464400,211,79,-132,290,4,-0.5241083722621307,-0.8536500614464213
79,1548478800,23,15,-8,38,4,-0.25666212468803934,-1.3117230816425745
79,1548493200,29,272,243,301,4,0.2847008441917747,-0.8336548105648433
79,1548507600,141,520,379,661,4,0.5780289866923911,-0.17926478171319593
79,1548522000,434,500,66,934,4,-0.09705710597446865,0.3169809901659699
79,1548536400,408,241,-167,649,4,-0.5995972324644953,-0.2010777826749175
79,1548550800,148,78,-70,226,4,-0.390385248475085,-0.969986066575603
79,1548565200,12,13,1,25,4,-0.2372507034931456,-1.3353538326844394
79,1548579600,31,136,105,167,4,-0.012940947463262487,-1.0772333213040675
79,1548594000,104,378,274,482,4,0.35156240608529754,-0.5046420460588761
79,1548608400,301,377,76,678,4,-0.0754888602023645,-0.148363030350757
79,1548622800,287,124,-163,411,4,-0.5909699341556536,-0.6337023017490621
79,1548637200,100,56,-44,156,4,-0.33430780946761424,-1.0972285721856456
79,1548651600,8,10,2,18,4,-0.23509387891593517,-1.3480780832454438
79,1548666000,87,834,747,921,4,1.3717404311058237,0.2933502391241049
79,1548680400,252,1102,850,1354,4,1.5938933625584963,1.0804360238262252
79,1548694800,665,587,-78,1252,4,-0.40763984509276835,0.8950255156515917
79,1548709200,991,335,-656,1326,4,-1.6542844507203878,1.029539021582208
79,1548723600,207,63,-144,270,5,-0.5127018376973227,-0.8635520989443372
79,1548738000,10,13,3,23,5,-0.17123245841541648,-1.3481090804701137
79,1548752400,110,668,558,778,5,1.1179886674448414,0.13302663229086295
79,1548766800,293,984,691,1277,5,1.4269371534618043,1.1119494411222899
79,1548781200,741,567,-174,1308,5,-0.5823894661222014,1.1727642849575088
79,1548795600,1095,391,-704,1486,5,-1.8135375682950603,1.5219591947210238
79,1548810000,200,58,-142,258,5,-0.5080559958023307,-0.8870933288160349
79,1548824400,9,10,1,19,5,-0.1758783003104084,-1.3559561570940128
79,1548838800,103,975,872,1078,5,1.8473858449585732,0.721557379083304
79,1548853200,250,984,734,1234,5,1.5268227542041306,1.0275933674153732
79,1548867600,706,542,-164,1248,5,-0.5591602566472419,1.0550581355990205
79,1548882000,1019,330,-689,1349,5,-1.7786937540826209,1.2531968203524757
79,1548896400,226,74,-152,300,5,-0.5312852052772904,-0.8046990242650931
79,1548910800,8,10,2,18,5,-0.17355537936291243,-1.3579179262499876
79,1548925200,102,957,855,1059,5,1.8078961888511418,0.6842837651197827
79,1548939600,250,942,692,1192,5,1.4292600744093003,0.9451990628644316
79,1548954000,636,533,-103,1169,5,-0.4174620788499883,0.900078372277011
79,1548968400,1040,360,-680,1400,5,-1.7577874655551573,1.3532470473071907
79,1548982800,208,85,-123,293,5,-0.4639204977999075,-0.8184314083569167
79,1548997200,12,8,-4,20,5,-0.1874929050478882,-1.353994387938038
79,1549011600,85,817,732,902,5,1.5221769123091387,0.3762860076317386
79,1549026000,250,967,717,1217,5,1.4873330980966992,0.9942432917638017
79,1549040400,730,605,-125,1335,5,-0.4685663396948994,1.2257320521688284
79,1549054800,908,371,-537,1279,5,-1.4256097700632349,1.1158729794342395
79,1549069200,217,70,-147,287,5,-0.5196706005398105,-0.8302020232927655
79,1549083600,13,7,-6,20,5,-0.19213874694288013,-1.353994387938038
79,1549098000,27,251,224,278,5,0.3421330709811907,-0.8478579456965387
79,1549112400,117,500,383,617,5,0.7114775016330483,-0.1828182018210804
79,1549126800,343,420,77,763,5,0.0006636916992845743,0.1036000949512409
79,1549141200,370,209,-161,579,5,-0.552191493804754,-0.25736542974812293
79,1549155600,152,52,-100,204,5,-0.41049331600750044,-0.9930288632386742
79,1549170000,13,8,-5,21,5,-0.18981582599538416,-1.3520326187820633
79,1549184400,26,129,103,155,5,0.06105963633417954,-1.0891555518814395
79,1549198800,94,343,249,437,5,0.4002060946685897,-0.535936649896545
79,1549213200,313,392,79,705,5,0.005309533594276494,-0.010182516095297705
79,1549227600,250,132,-118,382,5,-0.4523058930624277,-0.6438339534751593
79,1549242000,111,56,-55,167,5,-0.3059618733701822,-1.065614322009742
79,1549256400,8,8,0,16,5,-0.17820122125790436,-1.3618414645619372
79,1549270800,86,815,729,901,5,1.5152081494666507,0.3743242384757638
79,1549285200,282,950,668,1232,5,1.3735099716693973,1.0236698291034236
79,1549299600,679,531,-148,1210,5,-0.5219935214873065,0.980510907671978
79,1549314000,1004,338,-666,1342,5,-1.7252665722902139,1.2394644362606522
79,1549328400,183,67,-116,250,6,-0.4904292533145296,-0.9098081094457169
79,1549342800,14,10,-4,24,6,-0.21757541445095216,-1.3266991823329362
79,1549357200,97,901,804,998,6,1.7508701373505706,0.4699906627650794
79,1549371600,292,917,625,1209,6,1.3147912341668175,0.8592119741774832
79,1549386000,770,638,-132,1408,6,-0.5294083731521835,1.2262974764100345
79,1549400400,1130,508,-622,1638,6,-1.723143918180335,1.6505671523572045
79,1549414800,224,72,-152,296,6,-0.5781322729492508,-0.8249541742562829
79,1549429200,15,12,-3,27,6,-0.2151392194610988,-1.321165230037973
79,1549443600,127,854,727,981,6,1.5632831231318611,0.43863159976028854
79,1549458000,285,933,648,1218,6,1.370823718933445,0.8758138310623724
79,1549472400,634,576,-58,1210,6,-0.3491299439030341,0.8610566249424708
79,1549486800,1070,449,-621,1519,6,-1.7207077231904815,1.4310537113236688
79,1549501200,224,83,-141,307,6,-0.5513341280608638,-0.8046630158414183
79,1549515600,8,11,3,19,6,-0.20052204952197858,-1.3359224361578745
79,1549530000,101,829,728,930,6,1.5657193181217146,0.3445544107459161
79,1549544400,301,1029,728,1330,6,1.5657193181217146,1.0824147167409943
79,1549558800,748,610,-138,1358,6,-0.5440255430913037,1.1340649381606498
79,1549573200,1049,554,-495,1603,6,-1.4137471544689568,1.5860043755826352
79,1549587600,247,97,-150,344,6,-0.5732598829695441,-0.7364109375368735
79,1549602000,10,7,-3,17,6,-0.2151392194610988,-1.33961173768785
79,1549616400,84,823,739,907,6,1.5925174630101016,0.3021274431511991
79,1549630800,282,1083,801,1365,6,1.7435615523810106,1.1469774935155637
79,1549645200,765,633,-132,1398,6,-0.5294083731521835,1.2078509687601575
79,1549659600,956,406,-550,1362,6,-1.5477378789108922,1.1414435412206005
79,1549674000,215,83,-132,298,6,-0.5294083731521835,-0.8212648727263075
79,1549688400,23,14,-9,37,6,-0.229756389400219,-1.302718722388096
79,1549702800,34,265,231,299,6,0.3549304081645898,-0.8194202219613198
79,1549717200,163,409,246,572,6,0.39147333301239035,-0.31583056311967894
79,1549731600,339,408,69,747,6,-0.039733180191656156,0.006983320753167795
79,1549746000,368,181,-187,549,6,-0.6633990975941189,-0.3582575307143959
79,1549760400,143,81,-62,224,6,-0.35887472386244756,-0.957769029335397
79,1549774800,14,9,-5,23,6,-0.22001160944080553,-1.3285438330979238
79,1549789200,28,151,123,179,6,0.09182134926042582,-1.0407783137598432
79,1549803600,109,348,239,457,6,0.37441996808341677,-0.527965401093264
79,1549818000,305,373,68,678,6,-0.042169375181509525,-0.1202975820309832
79,1549832400,264,148,-116,412,6,-0.4904292533145296,-0.6109746855177103
79,1549846800,93,76,-17,169,6,-0.24924594931904598,-1.0592248214097202
79,1549861200,8,14,6,22,6,-0.19321346455241847,-1.3303884838629114
79,1549875600,98,811,713,909,6,1.529176393273914,0.3058167446811745
79,1549890000,269,971,702,1240,6,1.502378248385527,0.9163961478921017
79,1549904400,690,557,-133,1247,6,-0.5318445681420368,0.9293087032470155
79,1549918800,1037,398,-639,1435,6,-1.7645592330078421,1.2761030470647023
79,1549933200,182,83,-99,265,7,-0.44300483001373314,-0.802162398991182
79,1549947600,14,12,-2,26,7,-0.18113575318901626,-1.286820287583543
79,1549962000,87,861,774,948,7,1.9138168614087188,0.5828641194547701
79,1549976400,281,993,712,1274,7,1.7464366267372502,1.2439455909238484
79,1549990800,732,591,-141,1323,7,-0.5563914405976311,1.3433105973716546
79,1550005200,977,420,-557,1397,7,-1.6794588216190973,1.4933720356805864
79,1550019600,206,71,-135,277,7,-0.54019335337136,-0.7778281116978417
79,1550034000,13,8,-5,21,7,-0.18923479680215183,-1.2969595739557682
79,1550048400,104,881,777,985,7,1.9219159050218544,0.657894838609236
79,1550062800,328,1027,699,1355,7,1.7113407710803294,1.4082020301538953
79,1550077200,749,587,-162,1336,7,-0.6130847458895802,1.3696727419394399
79,1550091600,898,422,-476,1320,7,-1.4607846440644368,1.3372270255483194
79,1550106000,229,72,-157,301,7,-0.5995863398676875,-0.7291595371111611
79,1550120400,14,12,-2,26,7,-0.18113575318901626,-1.286820287583543
79,1550134800,98,849,751,947,7,1.8517241937080127,0.580836262180325
79,1550149200,292,975,683,1267,7,1.668145871810273,1.229750590002733
79,1550163600,769,593,-176,1362,7,-0.6508802827508795,1.4223970310750105
79,1550178000,1062,407,-655,1469,7,-1.9440275796481927,1.6393777594406282
79,1550192400,213,79,-134,292,7,-0.5374936721669815,-0.7474102525811663
79,1550206800,19,13,-6,32,7,-0.19193447800653035,-1.274653143936873
79,1550221200,103,799,696,902,7,1.7032417274671938,0.48958268483029893
79,1550235600,306,880,574,1186,7,1.3738806205330139,1.065494150772686
79,1550250000,792,558,-234,1350,7,-0.8074617926048339,1.3980627437816702
79,1550264400,816,265,-551,1081,7,-1.663260734392826,0.8525691369559585
79,1550278800,182,74,-108,256,7,-0.46730196085313985,-0.8204131144611873
79,1550293200,19,7,-12,26,7,-0.2081325652328015,-1.286820287583543
79,1550307600,29,202,173,231,7,0.2913084575772255,-0.8711095463223129
79,1550322000,146,366,220,512,7,0.41819347418301617,-0.30128165220326086
79,1550336400,419,383,-36,802,7,-0.2729249141378861,0.2867969573857964
79,1550350800,396,215,-181,611,7,-0.6643786887727722,-0.10052378203320335
79,1550365200,135,95,-40,230,7,-0.2837236389554002,-0.873137403596758
79,1550379600,15,14,-1,29,7,-0.17843607198463773,-1.2807367157602079
79,1550394000,29,127,98,156,7,0.0888323672488362,-1.0231988419056897
79,1550408400,144,303,159,447,7,0.2535129207159262,-0.43309237504218745
79,1550422800,315,342,27,657,7,-0.10284499826203905,-0.0072423474087322
79,1550437200,259,130,-129,389,7,-0.5239952661450888,-0.5507080969599989
79,1550451600,88,55,-33,143,7,-0.26482587052475054,-1.0495609864734752
79,1550466000,13,15,2,28,7,-0.17033702837150216,-1.282764573034653
79,1550480400,38,376,338,414,7,0.7367558562996821,-0.5000116650988733
79,1550494800,164,462,298,626,7,0.628768608124541,-0.07010592291652798
79,1550509200,438,432,-6,870,7,-0.19193447800653035,0.42469125204805813
79,1550523600,392,183,-209,575,7,-0.7399697624953707,-0.17352664391322425
79,1550538000,130,65,-65,195,8,-0.2962703416299217,-1.23772533185284
79,1550552400,8,20,12,28,8,-0.1316559124861769,-1.5534989238366836
79,1550566800,83,832,749,915,8,1.4439393378896668,0.12369374735894065
79,1550581200,304,895,591,1199,8,1.106159080685619,0.6606979397146986
79,1550595600,693,575,-118,1268,8,-0.40957637727431756,0.7911672681391609
79,1550610000,1014,386,-628,1400,8,-1.499879739135485,1.040760765994654
79,1550624400,191,67,-124,258,8,-0.4224034756491548,-1.1186011624218093
79,1550638800,7,8,1,15,8,-0.15517225950671187,-1.5780801016557853
79,1550653200,85,816,731,901,8,1.405458042765155,0.09722170970760047
79,1550667600,299,929,630,1228,8,1.189535220122061,0.7155328748496175
79,1550682000,768,549,-219,1317,8,-0.6254991999174114,0.8838193999188515
79,1550696400,1035,354,-681,1389,8,-1.6131857747798808,1.0199613078400296
79,1550710800,198,76,-122,274,8,-0.4181277761908757,-1.0883474051059918
79,1550725200,9,13,4,22,8,-0.14875871031929325,-1.5648440828301151
79,1550739600,92,787,695,879,8,1.3284954525161314,0.05562279339835161
79,1550754000,315,932,617,1247,8,1.161743173643247,0.7514592116621506
79,1550768400,711,589,-122,1300,8,-0.4181277761908757,0.8516747827707956
79,1550782800,1069,448,-621,1517,8,-1.4849147910315081,1.2619913663665683
79,1550797200,233,104,-129,337,8,-0.4330927242948525,-0.969223235674961
79,1550811600,7,15,8,22,8,-0.14020731140273507,-1.5648440828301151
79,1550826000,81,803,722,884,8,1.386217395202899,0.06507709255954454
79,1550840400,285,916,631,1201,8,1.1916730698512006,0.6644796593791757
79,1550854800,785,571,-214,1356,8,-0.6148099512717138,0.9575629333761563
79,1550869200,910,328,-582,1238,8,-1.401538651595066,0.7344414731720034
79,1551488400,9406,4742,-4664,14148,9,-3.9724568630846004,4.092168387119783
79,1551502800,15,14,-1,29,9,0.17822400765040336,-0.38935749061718344
79,1551517200,35,261,226,296,9,0.380283745513763,-0.3046087542083889
79,1551531600,135,438,303,573,9,0.44882383280662064,-0.21668590782173688
79,1551546000,348,329,-19,677,9,0.16220164958194314,-0.18367516405201917
79,1551560400,327,171,-156,498,9,0.04025370206088467,-0.24049173265566792
79,1551574800,156,74,-82,230,9,0.1061233963423323,-0.32555788006224823
79,1551589200,20,16,-4,36,9,0.17555361463899333,-0.38713561363268323
79,1551603600,25,140,115,165,9,0.28147920409159155,-0.3461895949183218
79,1551618000,105,312,207,417,9,0.3633712564414994,-0.26620202347631344
79,1551632400,296,247,-49,543,9,0.13549771946784273,-0.2262082377553093
79,1551646800,271,100,-171,371,9,0.026901737003834473,-0.28080292937445783
79,1551661200,94,63,-31,157,9,0.15152007753630298,-0.3487288829006078
79,1551675600,8,21,13,29,9,0.19068584170365022,-0.38935749061718344
79,1551690000,56,760,704,816,9,0.8057663653317625,-0.13955503535980027
79,1551704400,217,949,732,1166,9,0.8306900334382562,-0.028461186134788704
79,1551718800,641,515,-126,1156,9,0.06695763217498506,-0.03163529611264618
79,1551733200,957,338,-619,1295,9,-0.3718769527000647,0.012484832579572705
79,1551747600,197,70,-127,267,10,-0.4364274649097274,-0.8514077384658367
79,1551762000,11,21,10,32,10,-0.1258271392337136,-1.2867491039871448
79,1551776400,92,926,834,1018,10,1.7423091261461066,0.5398321147533222
79,1551790800,300,930,630,1230,10,1.2798093711248888,0.9325656019470128
79,1551805200,719,580,-139,1299,10,-0.46363333285215197,1.0603892369298649
79,1551819600,1082,409,-673,1491,10,-1.674294456290045,1.4160723951430187
79,1551834000,197,65,-132,262,10,-0.44776324321907096,-0.8606703207109709
79,1551848400,11,16,5,27,10,-0.13716291754305718,-1.296011686232279
79,1551862800,115,916,801,1031,10,1.667492989304439,0.5639148285906711
79,1551877200,275,1021,746,1296,10,1.5427994279016597,1.0548316875827843
79,1551891600,668,601,-67,1269,10,-0.30039812519760456,1.0048137434590596
79,1551906000,1135,432,-703,1567,10,-1.7423091261461066,1.5568636452690587
79,1551920400,219,78,-141,297,10,-0.4681676441758894,-0.7958322449950315
79,1551934800,6,17,11,23,10,-0.1235599835718449,-1.3034217520283864
79,1551949200,89,915,826,1004,10,1.7241718808511568,0.5138968844669464
79,1551963600,278,954,676,1232,10,1.3840985315708496,0.9362706348450665
79,1551978000,719,614,-105,1333,10,-0.3865500403486157,1.1233747961967777
79,1551992400,1113,400,-713,1513,10,-1.7649806827647936,1.4568277570216093
79,1552006800,224,78,-146,302,10,-0.4795034224852329,-0.7865696627498973
79,1552021200,14,15,1,29,10,-0.14623154019053203,-1.2923066533342253
79,1552035600,94,808,714,902,10,1.470250446721861,0.3249402066662084
79,1552050000,290,976,686,1266,10,1.4067700881895369,0.9992561941119792
79,1552064400,760,585,-175,1345,10,-0.5452509366794257,1.1456049935850998
79,1552078800,950,301,-649,1251,10,-1.619882720405196,0.9714684473765764
79,1552093200,195,74,-121,269,10,-0.42282453093851513,-0.847702705567783
79,1552107600,20,7,-13,27,10,-0.17797171945669402,-1.296011686232279
79,1552122000,27,273,246,300,10,0.4092215969673028,-0.7902746956479509
79,1552136400,162,407,245,569,10,0.4069544413054341,-0.2919477708597302
79,1552150800,454,389,-65,843,10,-0.2958638138738671,0.21564173617362467
79,1552165200,410,210,-200,620,10,-0.6019298282261435,-0.19746943195936126
79,1552179600,151,61,-90,212,10,-0.35254270542058497,-0.9532961431623131
79,1552197600,17,12,-5,29,10,-0.15983447416174432,-1.2923066533342253
79,1552212000,26,181,155,207,10,0.20291043173724987,-0.9625587254074474
79,1552226400,100,229,129,329,10,0.1439643845286633,-0.7365517186261725
79,1552240800,291,180,-111,471,10,-0.400152974319828,-0.47349438286436085
79,1552255200,214,102,-112,316,10,-0.4024201299816967,-0.7606344324635215
79,1552269600,82,32,-50,114,10,-0.2618564789458364,-1.1348427551669438
79,1552284000,5,36,31,41,10,-0.07821687033447063,-1.2700764559459032
79,1552298400,142,1234,1092,1376,10,2.3272352869082344,1.203033003504932
79,1552312800,317,633,316,950,10,0.5679224932981127,0.41386099621949685
79,1552327200,1033,604,-429,1637,10,-1.121108474794079,1.686539796700938
79,1552341600,679,242,-437,921,10,-1.1392457200890287,0.3601380191977184
79,1552356000,143,50,-93,193,11,-0.39960093695322113,-1.0123346133173592
79,1552370400,5,43,38,48,11,-0.11727909099091151,-1.265266142631474
79,1552384800,181,1330,1149,1511,11,2.2770687782008903,1.2867257703792152
79,1552399200,314,652,338,966,11,0.5292594875487288,0.33605209123305957
79,1552413600,1159,667,-492,1826,11,-1.2594972464109429,1.8361977133719471
79,1552428000,737,314,-423,1051,11,-1.1107933733468256,0.48432229807236826
79,1552442400,137,52,-85,189,11,-0.3823599081921641,-1.0193120348156797
79,1552456800,6,44,38,50,11,-0.11727909099091151,-1.2617774318823138
79,1552471200,160,1338,1178,1498,11,2.339567507459722,1.2640491505096738
79,1552485600,336,706,370,1042,11,0.5982236025929571,0.46862309970114735
79,1552500000,1137,653,-484,1790,11,-1.2422562176498857,1.7734009198870637
79,1552514400,674,247,-427,921,11,-1.119413887727354,0.257556099376955
79,1552528800,158,71,-87,229,11,-0.3866701653824283,-0.9495378198324755
79,1552543200,6,37,31,43,11,-0.13236499115683645,-1.2739879195043746
79,1552557600,164,1273,1109,1437,11,2.1908636343956043,1.1576434726602876
79,1552572000,376,697,321,1073,11,0.4926223014314825,0.5226981163131305
79,1552586400,1122,675,-447,1797,11,-1.1625164596299968,1.7856114075091243
79,1552600800,708,274,-434,982,11,-1.134499787893279,0.3639617772263412
79,1552615200,150,53,-97,203,11,-0.4082214513337497,-0.9948910595715582
79,1552629600,10,53,43,63,11,-0.10650344801525084,-1.2391008120127724
79,1552644000,147,1280,1133,1427,11,2.242586720678776,1.1401999189144867
79,1552658400,355,651,296,1006,11,0.43874408655317915,0.4058263062162637
79,1552672800,1094,674,-420,1768,11,-1.1043279875614291,1.7350251016463014
79,1552687200,578,232,-346,810,11,-0.9448484715216512,0.06393265279856368
79,1552701600,147,65,-82,212,11,-0.3758945224067677,-0.9791918612003373
79,1552716000,8,21,13,29,11,-0.17115730586921488,-1.298408894748496
79,1552730400,42,348,306,390,11,0.4602953725045005,-0.6686966045250792
79,1552744800,395,776,381,1171,11,0.6219300171394105,0.6936449430219805
79,1552759200,737,459,-278,1196,11,-0.798299727052666,0.737253827386483
79,1552773600,284,111,-173,395,11,-0.5720112245637919,-0.6599748276521786
79,1552788000,94,58,-36,152,11,-0.2767586070306895,-1.0838531836751435
79,1552802400,10,15,5,25,11,-0.18839833463027195,-1.3053863162468164
79,1552816800,40,416,376,456,11,0.6111543741637498,-0.5535691498027925
79,1552831200,202,743,541,945,11,0.966750592360552,0.29942062836687744
79,1552845600,375,575,200,950,11,0.23185174142049428,0.308142405239778
79,1552860000,223,131,-92,354,11,-0.397445808358089,-0.7314933980099628
79,1552874400,71,43,-28,114,11,-0.2595175782696324,-1.1501386879091873
79,1552888800,5,44,39,49,11,-0.11512396239577938,-1.263521787256894
79,1552903200,140,1214,1074,1354,11,2.1154341335659796,1.0128619765701392
79,1552917600,310,636,326,946,11,0.5033979444071431,0.30116498374145756
79,1552924957,321,291,-30,612,11,-0.26382783545989663,-0.2814497113682965
79,1552932000,712,332,-380,1044,11,-1.0181228437561438,0.47211181045030753
79,1552946400,667,270,-397,937,11,-1.0547600298733901,0.28546578537023665
79,1552960800,165,38,-127,203,12,-0.46661973641029664,-0.9596160793715887
79,1552975200,6,47,41,53,12,-0.10083050631241273,-1.2263054481148508
79,1552989600,139,1361,1222,1500,12,2.470580688601878,1.3463579956951512
79,1553004000,471,635,164,1106,12,0.166979465723538,0.6458539204628493
79,1553018400,1095,630,-465,1725,12,-1.202552830297706,1.7463920488100444
79,1553032800,658,264,-394,922,12,-1.0479633342444337,0.31871496147111444
79,1553047200,166,48,-118,214,12,-0.44702388479791,-0.9400588589970827
79,1553061600,7,45,38,52,12,-0.10736245684987494,-1.2280833772398059
79,1553076000,164,1224,1060,1388,12,2.1178553595789187,1.1472299337001821
79,1553090400,330,698,368,1028,12,0.6111521022709685,0.507175448716353
79,1553104800,1096,635,-461,1731,12,-1.193843562914423,1.7570596235597749
79,1553119200,688,281,-407,969,12,-1.0762684532401032,0.40227763034400327
79,1553133600,155,66,-89,221,12,-0.3838816962691086,-0.9276133551223972
79,1553148000,9,50,41,59,12,-0.10083050631241273,-1.2156378733651203
79,1553162400,129,1265,1136,1394,12,2.283331439861295,1.1578975084499126
79,1553176800,302,672,370,974,12,0.61550673596261,0.41116727596877867
79,1553191200,1097,648,-449,1745,12,-1.1677157607645743,1.781950631309146
79,1553205600,676,277,-399,953,12,-1.0588499184735374,0.37383076434472196
79,1553220000,157,63,-94,220,12,-0.3947682804982123,-0.9293912842473523
79,1553234400,8,40,32,48,12,-0.12042635792479937,-1.235195093739626
79,1553248800,122,1210,1088,1332,12,2.1788202312618994,1.0476659027026975
79,1553263200,301,639,338,940,12,0.5458325968963463,0.3507176857203059
79,1553277600,998,592,-406,1590,12,-1.0740911363942824,1.5063716169411085
79,1553292000,504,158,-346,662,12,-0.9434521256450382,-0.14354661101720656
79,1553306400,157,73,-84,230,12,-0.3729951120400049,-0.9116119929978015
79,1553320800,8,22,14,30,12,-0.15961806114957267,-1.2671978179888177
79,1553335200,44,351,307,395,12,0.47833577467590355,-0.6182536873802131
79,1553349600,197,527,330,724,12,0.5284140621297805,-0.03331500526999154
79,1553364000,451,516,65,967,12,-0.048574902012715034,0.3987217720940931
79,1553378400,301,156,-145,457,12,-0.5058114396350699,-0.5080220816329981
79,1553392800,119,65,-54,184,12,-0.3076756066653828,-0.9933967327457351
79,1553407200,7,16,9,23,12,-0.17050464537867635,-1.2796433218635033
79,1553421600,31,213,182,244,12,0.20617116894831128,-0.8867209852484303
79,1553436000,174,494,320,668,12,0.5066408936715731,-0.13287903626747607
79,1553450400,470,439,-31,909,12,-0.25759731921150586,0.2956018828466984
79,1553464800,226,129,-97,355,12,-0.4013002310356745,-0.6893708523784163
79,1553479200,90,43,-47,133,12,-0.2924343887446376,-1.0840711181184444
79,1553493600,5,44,39,49,12,-0.10518514000405421,-1.233417164614671
79,1553508000,161,1324,1163,1485,12,2.342118994698455,1.319689058820825
79,1553522400,274,654,380,928,12,0.6372799044208174,0.32938253622084496
79,1553536800,983,579,-404,1562,12,-1.0697365027026409,1.4565896014423663
79,1553551200,623,200,-423,823,12,-1.111105522773235,0.14269997810056145
79,1553565600,140,44,-96,184,13,-0.37978117928352056,-1.0014233125321748
79,1553580000,7,39,32,46,13,-0.10173356661455603,-1.2442891027090224
79,1553594400,137,1374,1237,1511,13,2.515824037026868,1.3339600466321513
79,1553608800,355,652,297,1007,13,0.4739118814891597,0.4469719433775768
79,1553623200,1076,591,-485,1667,13,-1.2247852521602958,1.6085039833538053
79,1553637600,708,302,-406,1010,13,-1.0531777412161691,0.45225163446837785
79,1553652000,143,71,-72,214,13,-0.3276472519080897,-0.9486264016241643
79,1553666400,7,46,39,53,13,-0.08652783779672203,-1.2319698234971534
79,1553680800,148,1311,1163,1459,13,2.3550777609526232,1.2424454010582666
79,1553695200,335,684,349,1019,13,0.5868687241359265,0.46809070774078093
79,1553709600,1062,626,-436,1688,13,-1.1183451504354578,1.6454618209894125
79,1553724000,674,236,-438,910,13,-1.1226896443834105,0.27626193144167654
79,1553738400,180,47,-133,227,13,-0.4601543173206431,-0.9257477402306932
79,1553752800,7,52,45,59,13,-0.07349435595286431,-1.2214104413155513
79,1553767200,138,1289,1151,1427,13,2.3290107972649077,1.1861286960897222
79,1553781600,332,711,379,1043,13,0.6520361333552152,0.5103282364671893
79,1553796000,1035,689,-346,1724,13,-0.922842922777592,1.7088181140790248
79,1553810400,665,342,-323,1007,13,-0.8728812423761374,0.4469719433775768
79,1553824800,181,59,-122,240,13,-0.436259600606904,-0.902869078837222
79,1553839200,6,47,41,53,13,-0.08218334384876946,-1.2319698234971534
79,1553853600,146,1174,1028,1320,13,2.0618244194658244,0.9978197138511518
79,1553868000,344,677,333,1021,13,0.552112772552306,0.471610501801315
79,1553882400,1112,612,-500,1724,13,-1.25736895676994,1.7088181140790248
79,1553896800,580,267,-313,847,13,-0.8511587726363745,0.16538841853485475
79,1553911200,162,72,-90,234,13,-0.36674769743966285,-0.913428461018824
79,1553925600,8,21,13,29,13,-0.14300625912010545,-1.2742073522235617
79,1553940000,48,405,357,453,13,0.6042466999277368,-0.5280110113903482
79,1553954400,231,519,288,750,13,0.45436165872337314,-0.005321593401045481
79,1553968800,651,538,-113,1189,13,-0.4167093778411174,0.7672732028861731
79,1553983200,384,186,-198,570,13,-0.6013503706291017,-0.3221030588491078
79,1553997600,135,66,-69,201,13,-0.32113051098616086,-0.9715050630176355
79,1554012000,10,15,5,25,13,-0.16038423491191575,-1.2812469403446296
79,1554026400,45,225,180,270,13,0.21975898553393425,-0.8500721679292116
79,1554040800,131,298,167,429,13,0.19151977487224253,-0.5702485401167565
79,1554055200,296,268,-28,564,13,-0.23206838505313318,-0.33266244103070985
79,1554069600,240,118,-122,358,13,-0.436259600606904,-0.6952012292657145
79,1554084000,92,41,-51,133,13,-0.2820300654545877,-1.0911780610757924
79,1554098400,6,42,36,48,13,-0.09304457871865089,-1.2407693086484883
79,1554112800,155,1217,1062,1372,13,2.135680816581018,1.0893343594250364
79,1554127200,347,706,359,1053,13,0.6085911938756894,0.5279272067698594
79,1554141600,1030,558,-472,1588,13,-1.196546041498604,1.4694721179627113
79,1554156000,669,232,-437,901,13,-1.120517397409434,0.26042285816927346
79,1554170400,153,57,-96,210,14,-0.36130075520415045,-1.0025592039477824
79,1554184800,6,42,36,48,14,-0.0761688851896579,-1.2756888465368
79,1554199200,155,1373,1218,1528,14,2.4770574053946617,1.2195696166221255
79,1554213600,345,648,303,993,14,0.5005751246123838,0.3175674018991355
79,1554228000,1105,662,-443,1767,14,-1.1108519589543695,1.6225201387133303
79,1554242400,760,310,-450,1070,14,-1.125972588424835,0.4473882814013228
79,1554256800,158,53,-105,211,14,-0.38074156452332036,-1.0008732184997022
79,1554271200,6,45,39,51,14,-0.06968861541660125,-1.270630890192559
79,1554285600,184,1262,1078,1446,14,2.174644815985351,1.0813188098795363
79,1554300000,360,716,356,1076,14,0.6150598906030513,0.45750419408980497
79,1554314400,1123,733,-390,1856,14,-0.996367192963702,1.772572843592482
79,1554328800,713,292,-421,1005,14,-1.0633299806186207,0.33779922727609973
79,1554343200,173,58,-115,231,14,-0.4023424637668426,-0.967153509538095
79,1554357600,7,44,37,51,14,-0.07400879526530568,-1.270630890192559
79,1554372000,184,1200,1016,1384,14,2.040719240675514,0.9767877120985543
79,1554386400,390,757,367,1147,14,0.6388208797709256,0.5772091609035102
79,1554400800,1080,626,-454,1706,14,-1.134612948122244,1.5196750263804286
79,1554415200,1086,302,-784,1388,14,-1.8474426231584753,0.9835316538908757
79,1554429600,180,58,-122,238,14,-0.41746309323730807,-0.9553516114015326
79,1554444000,11,44,33,55,14,-0.08264915496271455,-1.2638869484002375
79,1554458400,140,1211,1071,1351,14,2.1595241865148855,0.9211501923119025
79,1554472800,346,713,367,1059,14,0.6388208797709256,0.42884244147243894
79,1554487200,1075,620,-455,1695,14,-1.1367730380465961,1.5011291864515448
79,1554501600,592,265,-327,857,14,-0.8602815277295124,0.08827338096020722
79,1554516000,166,68,-98,234,14,-0.36562093505285487,-0.962095553193854
79,1554530400,8,18,10,26,14,-0.1323312232228155,-1.3127805263945678
79,1554544800,52,368,316,420,14,0.5286562936289626,-0.6485022598509079
79,1554559200,209,513,304,722,14,0.5027352145367361,-0.1393346545306407
79,1554573600,635,720,85,1355,14,0.02967552110360069,0.927894134104224
79,1554588000,457,199,-258,656,14,-0.7112353229492094,-0.2506096941039441
79,1554602400,117,64,-53,181,14,-0.2684168884570051,-1.0514527819421127
79,1554616800,17,10,-7,27,14,-0.1690527519368032,-1.3110945409464874
79,1554631200,40,286,246,326,14,0.3774499989243075,-0.8069848919704613
79,1554645600,199,505,306,704,14,0.5070553943854404,-0.1696823925960871
79,1554660000,495,483,-12,978,14,-0.17985320155856427,0.2922776201779302
79,1554674400,295,157,-138,452,14,-0.45202453202694354,-0.5945507255123366
79,1554688800,85,48,-37,133,14,-0.23385544966736968,-1.1323800834499698
79,1554703200,7,53,46,60,14,-0.05456798594613574,-1.2554570211598357
79,1554717600,174,1262,1088,1436,14,2.1962457152288732,1.0644589553987327
79,1554732000,348,559,211,907,14,0.30184685157197993,0.17257265336422498
79,1554746400,1098,685,-413,1783,14,-1.046049261223803,1.649495905882616
79,1554760800,667,305,-362,972,14,-0.9358846750818399,0.282161707489448
79,1554775200,175,50,-125,225,15,-0.4331178527454692,-0.9886216184677523
79,1554789600,6,45,39,51,15,-0.08973436175665798,-1.2795472360791855
79,1554804000,181,1371,1190,1552,15,2.3202314804879864,1.230104212396454
79,1554818400,348,736,388,1084,15,0.6410024574817268,0.4476146202001854
79,1554832800,1176,682,-494,1858,15,-1.2057307074702945,1.74173202267863
79,1554847200,731,412,-319,1143,15,-0.8393153969639411,0.5462618123787748
79,1554861600,167,47,-120,214,15,-0.4226488438738591,-1.0070134678569809
79,1554876000,8,51,43,59,15,-0.08135915465936991,-1.266171345614292
79,1554890400,160,1281,1121,1441,15,2.1757591580597673,1.0445137321960571
79,1554904800,376,794,418,1170,15,0.7038165107113874,0.5914054426977903
79,1554919200,1102,684,-418,1786,15,-1.0466017726218209,1.6213490084945885
79,1554933600,691,326,-365,1017,15,-0.9356302785827539,0.33559153755670246
79,1554948000,174,63,-111,237,15,-0.4038046279049609,-0.968557782770412
79,1554962400,5,56,51,61,15,-0.06460874046479376,-1.2628273729980686
79,1554976800,167,1324,1157,1491,15,2.2511360219353596,1.1281130476016412
79,1554991200,374,727,353,1101,15,0.5677193953804561,0.476038387438084
79,1555005600,1112,737,-375,1849,15,-0.9565682963259742,1.7266841459056248
79,1555020000,742,312,-430,1054,15,-1.071727393913685,0.3974550309568348
79,1555034400,194,56,-138,250,15,-0.46033727581165546,-0.9468219607649602
79,1555048800,9,45,36,54,15,-0.09601576707962405,-1.2745312771548505
79,1555063200,141,1266,1125,1407,15,2.184134365157055,0.9876661977202598
79,1555077600,348,684,336,1032,15,0.5321247652169818,0.36067133217837777
79,1555092000,1091,611,-480,1702,15,-1.1764174826297862,1.480902158613207
79,1555106400,584,228,-356,812,15,-0.9167860626138558,-0.0071656556061930185
79,1555120800,174,66,-108,240,15,-0.39752322258199485,-0.963541823846077
79,1555135200,9,16,7,25,15,-0.1567360185349626,-1.3230188800900893
79,1555149600,48,399,351,447,15,0.563531791831812,-0.6174406580669581
79,1555164000,229,500,271,729,15,0.39602764988605055,-0.1459405191794629
79,1555178400,638,530,-108,1168,15,-0.39752322258199485,0.588061470081567
79,1555192800,553,148,-405,701,15,-1.0193823495556347,-0.1927561358065901
79,1555207200,145,58,-87,203,15,-0.3535533853212324,-1.0254053172462094
79,1555221600,11,13,2,24,15,-0.1672050274065727,-1.324690866398201
79,1555236000,39,252,213,291,15,0.2745871469753734,-0.8782705221323811
79,1555250400,243,676,433,919,15,0.7352235373262176,0.1717368793617573
79,1555264800,731,410,-321,1141,15,-0.8435030005125851,0.5429178397625515
79,1555279200,261,132,-129,393,15,-0.4414930598427573,-0.7077279187049892
79,1555293600,95,42,-53,137,15,-0.28236412499428376,-1.1357564135815805
79,1555308000,11,38,27,49,15,-0.11485998304852223,-1.282891208695409
79,1555322400,141,1339,1198,1480,15,2.3369818946825625,1.1097211982124127
79,1555336800,322,702,380,1024,15,0.6242520432871506,0.34729544171348425
79,1555351200,1071,664,-407,1735,15,-1.0235699531042788,1.5360777067808926
79,1555365600,640,288,-352,928,15,-0.9084108555165676,0.18678475613476248
79,1555380000,143,49,-94,192,16,-0.4132106851882714,-0.9880893471330305
79,1555394400,5,48,43,53,16,-0.09830458603638177,-1.2220940237244453
79,1555408800,174,1338,1164,1512,16,2.4784088238122917,1.2341133370444326
79,1555423200,383,771,388,1154,16,0.6947071235066979,0.6314250333053932
79,1555437600,1227,785,-442,2012,16,-1.213118148727378,2.075856778020744
79,1555452000,744,321,-423,1065,16,-1.169445040085875,0.48159470081160977
79,1555466400,158,43,-115,201,16,-0.4614809631604589,-0.9729379651954569
79,1555480800,6,39,33,45,16,-0.12129043268980437,-1.2355619187800662
79,1555495200,159,1235,1076,1394,16,2.276133373262173,1.035461884974023
79,1555509600,403,800,397,1203,16,0.7153943854947783,0.7139158905210718
79,1555524000,1151,793,-358,1944,16,-1.020037036838628,1.961379670047966
79,1555538400,751,290,-461,1041,16,-1.256791257368881,0.44119101564474683
79,1555552800,169,42,-127,211,16,-0.489063979144566,-0.9561030963759307
79,1555567200,5,45,40,50,16,-0.10520034003240855,-1.2271444843703032
79,1555581600,172,1214,1042,1386,16,2.197981494640536,1.0219939899184018
79,1555596000,368,765,397,1133,16,0.7153943854947783,0.5960718087843881
79,1555610400,1079,667,-412,1746,16,-1.1441606087671101,1.6280492674213465
79,1555624800,713,302,-411,1015,16,-1.1418620241017678,0.39742035671397863
79,1555639200,178,73,-105,251,16,-0.43849511650703626,-0.8887636210978258
79,1555653600,6,42,36,48,16,-0.11439467869377759,-1.2305114581342083
79,1555668000,92,969,877,1061,16,1.8187150248590631,0.4748607532837993
79,1555682400,368,709,341,1077,16,0.5866736442356117,0.5017965433950413
79,1555696800,916,699,-217,1615,16,-0.6959365990253694,1.4075124858855528
79,1555711200,550,215,-335,765,16,-0.967169589535756,-0.02345136377417727
79,1555725600,143,59,-84,202,16,-0.3902248385348488,-0.9712544783135043
79,1555740000,8,15,7,23,16,-0.18105363398870314,-1.2725986301830239
79,1555754400,103,428,325,531,16,0.5498962895901356,-0.41738729415109116
79,1555768800,230,479,249,709,16,0.3752038550241238,-0.1177266291635242
79,1555783200,522,449,-73,971,16,-0.36494040721608395,0.3233469339080632
79,1555797600,385,221,-164,606,16,-0.5741116117622296,-0.2911257780046444
79,1555812000,120,63,-57,183,16,-0.3281630525706078,-1.0032407290706042
79,1555826400,13,12,-1,25,16,-0.19944231131144122,-1.2692316564191186
79,1555840800,47,248,201,295,16,0.2648717910876953,-0.8146901982919104
79,1555855200,277,664,387,941,16,0.6924085388413557,0.27284232744948445
79,1555869600,619,523,-96,1142,16,-0.4178078545189559,0.6112231907219619
79,1555884000,343,157,-186,500,16,-0.6246804743997594,-0.46957538749162253
79,1555898400,90,38,-52,128,16,-0.3166701292438965,-1.0958325075779984
79,1555912800,7,35,28,42,16,-0.13278335601651567,-1.240612379425924
79,1555927200,122,1268,1146,1390,16,2.437034299836131,1.0287279374462124
79,1555941600,366,798,432,1164,16,0.7958448487817574,0.6482599021249196
79,1555942228,27,41,14,68,16,-0.1649635413313073,-1.1968417204951558
79,1555956000,1054,573,-481,1627,16,-1.3027629506757261,1.4277143284689842
79,1555970400,507,266,-241,773,16,-0.7511026309935837,-0.009983468718556283
79,1555984800,146,50,-96,196,17,-0.4251910805504753,-1.005586366992775
79,1555999200,6,40,34,46,17,-0.1406184769949966,-1.2495103663788247
79,1556013600,142,1267,1125,1409,17,2.2476023728436747,0.9669457080424134
79,1556028000,394,943,549,1337,17,0.986726837090169,0.8498621883371096
79,1556042400,1212,830,-382,2042,17,-1.0512508083725283,1.9963049854515431
79,1556056800,735,287,-448,1022,17,-1.1957261301776174,0.3376217896264052
79,1556071200,161,51,-110,212,17,-0.45583736093337296,-0.9795678070582631
79,1556085600,9,41,32,50,17,-0.1449965170496963,-1.2430057263951968
79,1556100000,166,1165,999,1331,17,1.9717858493975953,0.8401052283616676
79,1556114400,394,912,518,1306,17,0.918867216242324,0.7994512284639926
79,1556128800,1204,721,-483,1925,17,-1.2723418311348618,1.8060442659304246
79,1556143200,676,337,-339,1013,17,-0.9571229471964854,0.32298634966324224
79,1556157600,173,69,-104,242,17,-0.442703240769274,-0.9307830071810531
79,1556172000,9,41,32,50,17,-0.1449965170496963,-1.2430057263951968
79,1556186400,151,1255,1104,1406,17,2.201632952269328,0.9620672280546924
79,1556200800,401,1032,631,1433,17,1.1662264793328556,1.0059735479441814
79,1556215200,1205,713,-492,1918,17,-1.2920430113810102,1.7946611459590756
79,1556229600,681,336,-345,1017,17,-0.9702570673605845,0.32949098964687024
79,1556244000,179,77,-102,256,17,-0.4383252007145743,-0.9080167672383551
79,1556258400,12,41,29,53,17,-0.15156357713174579,-1.2381272464074757
79,1556272800,131,1107,976,1238,17,1.9214383887685489,0.6888723487423167
79,1556287200,390,843,453,1233,17,0.7765809144645847,0.6807415487627818
79,1556301600,1089,622,-467,1711,17,-1.2373175106972643,1.4580460268063267
79,1556316000,590,241,-349,831,17,-0.9790131474699838,0.027025230408168635
79,1556330400,176,61,-115,237,17,-0.46678246107012217,-0.9389138071605881
79,1556344800,16,24,8,40,17,-0.19753299770609234,-1.2592673263542666
79,1556359200,41,397,356,438,17,0.5642459718116506,-0.6120556479832815
79,1556373600,235,614,379,849,17,0.6145934324406968,0.056296110334494595
79,1556388000,553,543,-10,1096,17,-0.2369353581983894,0.4579576293235231
79,1556402400,406,218,-188,624,17,-0.6265809230666601,-0.30958988874457993
79,1556416800,136,52,-84,188,17,-0.39892284022227725,-1.018595646960031
79,1556431200,8,13,5,21,17,-0.20410005778814186,-1.2901643662764997
79,1556445600,37,391,354,428,17,0.5598679317569509,-0.6283172479423516
79,1556460000,288,319,31,607,17,-0.14718553707704612,-0.3372346086749989
79,1556474400,328,339,11,667,17,-0.19096593762404285,-0.23966500892057901
79,1556488800,197,153,-44,350,17,-0.3113620391282838,-0.7551577276230973
79,1556503200,93,38,-55,131,17,-0.335441259429132,-1.1112867667267299
79,1556517600,5,39,34,44,17,-0.1406184769949966,-1.2527626863706387
79,1556532000,160,1181,1021,1341,17,2.0199442899992914,0.8563668283207375
79,1556546400,352,858,506,1210,17,0.892598975914126,0.6433398688569208
79,1556560800,1115,652,-463,1767,17,-1.228561430587865,1.5491109865771187
79,1556575200,637,252,-385,889,17,-1.0578178684545778,0.1213425101707745
79,1556589600,135,41,-94,176,18,-0.4140609381411085,-1.0152979693692612
79,1556604000,6,48,42,54,18,-0.12720635006809314,-1.2146613261444326
79,1556618400,158,1362,1204,1520,18,2.323712998026347,1.1809672069080355
79,1556632800,350,857,507,1207,18,0.8535832341521433,0.6694858079684566
79,1556647200,1158,614,-544,1772,18,-1.3632121486768214,1.5927669274600285
79,1556661600,710,302,-408,1012,18,-1.0763575606038058,0.35083126230322387
79,1556676000,159,50,-109,209,18,-0.44569931182563227,-0.9613718154874527
79,1556690400,7,41,34,48,18,-0.14408014936650582,-1.2244660813956705
79,1556704800,186,1297,1111,1483,18,2.1275550811822996,1.1205045495254016
79,1556719200,366,927,561,1293,18,0.9674813794164289,0.8100206332362003
79,1556733600,1075,631,-444,1706,18,-1.152289657446663,1.4849146196964114
79,1556748000,686,285,-401,971,18,-1.0615929862176947,0.28383210141976467
79,1556762400,173,63,-110,236,18,-0.4478085367379338,-0.9172504168568819
79,1556776800,6,42,36,48,18,-0.13986169954190264,-1.2244660813956705
79,1556791200,181,1384,1203,1565,18,2.3216037731140453,1.2545028712923199
79,1556805600,337,828,491,1165,18,0.819835635555318,0.6008525212097912
79,1556820000,1126,746,-380,1872,18,-1.0172992630593614,1.7561795149806607
79,1556834400,735,315,-420,1050,18,-1.1016682595514249,0.4129280455610641
79,1556848800,181,55,-126,236,18,-0.48155613533475916,-0.9172504168568819
79,1556863200,10,44,34,54,18,-0.14408014936650582,-1.2146613261444326
79,1556877600,155,1258,1103,1413,18,2.110681281883887,1.006115738260959
79,1556892000,386,843,457,1229,18,0.7481219885370641,0.7054365772229957
79,1556906400,1030,782,-248,1812,18,-0.7388815746355524,1.6581319624682813
79,1556920800,627,253,-374,880,18,-1.0046439135855518,0.13512664677598935
79,1556935200,159,63,-96,222,18,-0.4182793879657117,-0.9401281791097704
79,1556949600,9,15,6,24,18,-0.20313844691095015,-1.2636851024006222
79,1556964000,48,388,340,436,18,0.5013426737977789,-0.5904252418156176
79,1556978400,232,505,273,737,18,0.3600246046735727,-0.09855335337851467
79,1556992800,498,491,-7,989,18,-0.23055837077087074,0.3132463671734784
79,1557007200,418,221,-197,639,18,-0.6313111041081716,-0.2586976891487342
79,1557021600,129,55,-74,184,18,-0.3718764398950768,-1.0022249623676107
79,1557036000,13,15,2,28,18,-0.21157534656015647,-1.257148598899797
79,1557050400,44,204,160,248,18,0.12168218958349375,-0.8976409063544061
79,1557064800,158,352,194,510,18,0.19339583660174758,-0.46949992705034976
79,1557079200,258,292,34,550,18,-0.14408014936650582,-0.40413489204209685
79,1557093600,214,108,-106,322,18,-0.4393716370887275,-0.7767155915891383
79,1557108000,87,39,-48,126,18,-0.31703659217523567,-1.0970042631295773
79,1557122400,7,50,43,57,18,-0.12509712515579155,-1.2097589485188136
79,1557136800,182,1239,1057,1421,18,2.0136569359180143,1.0191887452626096
79,1557151200,332,837,505,1169,18,0.8493647843275401,0.6073890247106164
79,1557165600,1116,679,-437,1795,18,-1.137525083060552,1.630351822589774
79,1557180000,748,271,-477,1019,18,-1.2218940795526152,0.3622701434296681
79,1557194400,149,46,-103,195,19,-0.486299271985221,-0.9193492128371652
79,1557208800,8,47,39,55,19,-0.14330101643965748,-1.1521416058175977
79,1557223200,159,1227,1068,1386,19,2.3422285959292495,1.0610489303035153
79,1557237600,372,913,541,1285,19,1.069270281334095,0.8931058467962032
79,1557252000,1132,735,-397,1867,19,-1.1964505898049087,1.860857080472002
79,1557266400,761,331,-430,1092,19,-1.2761614520091593,0.5721849050446068
79,1557280800,158,55,-103,213,19,-0.486299271985221,-0.8894187623111095
79,1557295200,9,46,37,55,19,-0.14813197778536963,-1.1521416058175977
79,1557309600,174,1280,1106,1454,19,2.434016861497781,1.1741195211797255
79,1557324000,402,889,487,1291,19,0.9388343249998667,0.9030826636382218
79,1557338400,1138,754,-384,1892,19,-1.1650493410577798,1.9024271506470791
79,1557352800,726,332,-394,1058,19,-1.1892041477863404,0.5156496096065017
79,1557367200,184,51,-133,235,19,-0.5587636921709034,-0.8528371005570415
79,1557381600,10,51,41,61,19,-0.1384700550939453,-1.1421647889755793
79,1557396000,157,1184,1027,1341,19,2.2431938883421503,0.9862228039883763
79,1557410400,373,968,595,1341,19,1.1997062376683234,0.9862228039883763
79,1557424800,1155,726,-429,1881,19,-1.2737459713363033,1.8841363197700451
79,1557439200,714,282,-432,996,19,-1.2809924133548716,0.4125558355723101
79,1557453600,181,58,-123,239,19,-0.5346088854423426,-0.8461858893290292
79,1557468000,9,42,33,51,19,-0.15779390047679395,-1.15879281704561
79,1557482400,151,1117,966,1268,19,2.0958495672979294,0.8648381990771508
79,1557496800,397,838,441,1235,19,0.827722214048487,0.8099657064460487
79,1557511200,1082,665,-417,1747,19,-1.2447602032620304,1.6613207436316308
79,1557525600,601,403,-198,1004,19,-0.7157699359065487,0.4258582580283349
79,1557540000,178,49,-129,227,19,-0.5491017694794791,-0.8661395230130663
79,1557554400,9,19,10,28,19,-0.21334995595248382,-1.1970372816066812
79,1557568800,43,397,354,440,19,0.617575395510008,-0.511962525121408
79,1557583200,260,608,348,868,19,0.6030825114728715,0.1997170762759146
79,1557597600,591,612,21,1203,19,-0.18677966855106692,0.7567560166219498
79,1557612000,422,205,-217,627,19,-0.7616640686908142,-0.20101840021183018
79,1557626400,125,69,-56,194,19,-0.3727716803609852,-0.9210120156441682
79,1557640800,12,17,5,29,19,-0.22542735931676422,-1.195374478799678
79,1557655200,112,354,242,466,19,0.3470415601501269,-0.4687296521393277
79,1557669600,161,384,223,545,19,0.30114742736586136,-0.33736823038608355
79,1557684000,253,239,-14,492,19,-0.27132149210102974,-0.4254967791572474
79,1557698400,181,120,-61,301,19,-0.3848490837252656,-0.7430921152948377
79,1557712800,89,37,-52,126,19,-0.3631097576695609,-1.0340826065203783
79,1557727200,5,34,29,39,19,-0.16745582316821828,-1.1787464507296472
79,1557735881,65,496,431,561,19,0.8035674073199262,-0.31076338547403415
79,1557735966,1,13,12,14,19,-0.20851899460677167,-1.2203165209047244
79,1557736049,41,293,252,334,19,0.3711963668786877,-0.6882196226637356
79,1557736130,0,9,9,9,19,-0.2157654366253399,-1.22863053493974
79,1557741600,95,669,574,764,19,1.1489811435383457,0.026785584347593202
79,1557756000,298,817,519,1115,19,1.0161297065312613,0.6104293696056778
79,1557770400,1076,668,-408,1744,19,-1.2230208772063256,1.6563323352106216
79,1557784800,721,314,-407,1035,19,-1.2206053965334696,0.4774051450454307
79,1557799200,167,37,-130,204,20,-0.5907094741616419,-0.7985476946956173
79,1557813600,9,46,37,55,20,-0.13108755543949466,-1.0532295859085925
79,1557828000,179,1275,1096,1454,20,2.7835208992117266,1.3380453523931002
79,1557842400,368,861,493,1229,20,1.1239279831072069,0.953458603917131
79,1557856800,1128,706,-422,1834,20,-1.3943597751608454,1.9875696387080701
79,1557871200,708,305,-403,1013,20,-1.342067461054733,0.5842553253802006
79,1557885600,168,44,-124,212,20,-0.5741961118123432,-0.7848734991942495
79,1557900000,8,72,64,80,20,-0.05677742486765049,-1.0104977249668181
79,1557909044,65,580,515,645,20,1.1844769783879687,-0.044757667682717786
79,1557909127,1,5,4,6,20,-0.22191104836063755,-1.13698403335447
79,1557909210,46,308,262,354,20,0.4881635326592068,-0.5421565290449712
79,1557909290,1,7,6,8,20,-0.21640659424420464,-1.133565484479128
79,1557914400,153,699,546,852,20,1.2697960171926788,0.3090621409151738
79,1557928800,403,907,504,1310,20,1.154202480747588,1.0919098333684798
79,1557943200,1117,792,-325,1909,20,-1.1273937505138498,2.115765221533393
79,1557957600,812,346,-466,1158,20,-1.5154577657223696,0.8321001188424918
79,1557972000,194,54,-140,248,20,-0.6182317447438064,-0.7233396194380944
79,1557986400,11,50,39,61,20,-0.12558310132306177,-1.0429739392825665
79,1557995123,57,548,491,605,20,1.118423528990774,-0.11312864518955675
79,1557995204,1,20,19,21,20,-0.18062764248739077,-1.1113449167894056
79,1557995287,37,277,240,314,20,0.42761453737844485,-0.6105275065518102
79,1557995367,0,5,5,5,20,-0.2191588213024211,-1.138693307792141
79,1558000800,110,657,547,767,20,1.2725482442508953,0.16377381371314104
79,1558015200,414,991,577,1405,20,1.3551150559973888,1.2542909049472224
79,1558029600,1136,845,-291,1981,20,-1.0338180305344904,2.2388329810457033
79,1558044000,781,319,-462,1100,20,-1.5044488574895036,0.7329622014575754
79,1558058400,194,61,-133,255,20,-0.5989661553362913,-0.7113746983743976
79,1558072800,11,51,40,62,20,-0.1228308742648453,-1.0412646648448955
79,1558083297,93,701,608,794,20,1.4404340948020986,0.20992422353025733
79,1558083377,2,24,22,26,20,-0.17237096131274143,-1.1027985446010506
79,1558083464,61,398,337,459,20,0.6945805620254406,-0.36268271308951894
79,1558083544,1,14,13,15,20,-0.19714100483668948,-1.1216005634154314
79,1558087200,73,437,364,510,20,0.7688906925972848,-0.2755097167682993
79,1558101600,417,841,424,1258,20,0.9340243160902718,1.0030275626095893
79,1558116000,1090,702,-388,1792,20,-1.3007840551814862,1.9157801123258893
79,1558130400,579,254,-325,833,20,-1.1273937505138498,0.2765859265994253
79,1558144800,168,55,-113,223,20,-0.5439216141719623,-0.7660714803798688
79,1558159200,6,16,10,22,20,-0.20539768601133884,-1.1096356423517346
79,1558173600,42,406,364,448,20,0.7688906925972848,-0.38148473190389964
79,1558188000,233,489,256,722,20,0.4716501703099081,0.08685646401794721
79,1558202400,641,495,-146,1136,20,-0.634745107093105,0.7944960812137304
79,1558216800,431,171,-260,602,20,-0.9484989917297805,-0.11825646850256966
79,1558231200,108,66,-42,174,20,-0.34851349303859425,-0.8498259278257465
79,1558245600,12,20,8,32,20,-0.21090214012777173,-1.092542897975025
79,1558260000,35,337,302,372,20,0.5982526149878649,-0.5113895891668937
79,1558274400,268,436,168,704,20,0.2294541891868604,0.05608952413986968
79,1558288800,553,419,-134,972,20,-0.6017183823945077,0.5141750734356907
79,1558303200,329,128,-201,457,20,-0.7861175952950099,-0.36610126196486087
79,1558317600,90,44,-46,134,20,-0.35952240127146,-0.9181969053325855
79,1558332000,9,44,35,53,20,-0.13659200955592757,-1.0566481347839343
79,1558346400,148,1204,1056,1352,20,2.6734318168830686,1.1636993597506609
79,1558360800,347,828,481,1175,20,1.0909012584086095,0.8611577842828984
79,1558375200,1103,738,-365,1841,20,-1.2374828328425078,1.999534559771767
79,1558389600,719,272,-447,991,20,-1.4631654516162569,0.5466512877514392
79,1558404000,160,53,-107,213,21,-0.49256625086533223,-0.8281775898067596
79,1558418400,8,48,40,56,21,-0.10993298942744371,-1.1061074804372888
79,1558428358,75,717,642,792,21,1.457041319318195,0.1967995227733454
79,1558428439,2,10,8,12,21,-0.19322730484249429,-1.1839986599770551
79,1558428522,50,422,372,472,21,0.7542455330037058,-0.36968178297040866
79,1558428602,1,12,11,13,21,-0.1854184627723333,-1.1822284058966057
79,1558428683,1,2,1,3,21,-0.2114479363395366,-1.1999309467010981
79,1558432800,76,653,577,729,21,1.2878497411313734,0.08527351570504382
79,1558447200,363,912,549,1275,21,1.2149672151432043,1.0518322436303242
79,1558461600,1136,709,-427,1845,21,-1.3255094050158378,2.0608770694863856
79,1558476000,776,386,-390,1162,21,-1.2292003528171855,0.851793532539561
79,1558490400,159,52,-107,211,21,-0.49256625086533223,-0.831718097967658
79,1558504800,11,47,36,58,21,-0.12034477885432504,-1.1025669722763904
79,1558519200,171,1213,1042,1384,21,2.498220262006327,1.2447899383992904
79,1558533600,420,881,461,1301,21,0.9859078477518152,1.097858849722004
79,1558548000,1107,797,-310,1904,21,-1.0209645642795593,2.1653220602328904
79,1558562400,775,375,-400,1150,21,-1.2552298263843888,0.8305504835741702
79,1558576800,176,65,-111,241,21,-0.5029780402922136,-0.7786104755541811
79,1558591200,12,53,41,65,21,-0.10733004207072339,-1.0901751937132458
79,1558605600,144,1325,1181,1469,21,2.8600299445904525,1.395261535237475
79,1558620000,369,952,583,1321,21,1.3034674252716953,1.1332639313309887
79,1558634400,1122,619,-503,1741,21,-1.5233334041265827,1.8767706451196657
79,1558648800,717,288,-429,1005,21,-1.3307152997292786,0.5738636419090317
79,1558663200,149,74,-75,223,21,-0.4092719354502817,-0.8104750490022672
79,1558677600,13,54,41,67,21,-0.10733004207072339,-1.0866346855523474
79,1558692000,129,1089,960,1218,21,2.28477857875526,0.950927761044718
79,1558706400,469,787,318,1256,21,0.613686375740808,1.0181974161017888
79,1558720800,999,619,-380,1618,21,-1.2031708792499825,1.6590293932244105
79,1558735200,506,188,-318,694,21,-1.0417881431333218,0.023314622889320725
79,1558749600,117,74,-43,191,21,-0.3259776200352311,-0.8671231795766426
79,1558764000,9,17,8,26,21,-0.19322730484249429,-1.1592151028507658
79,1558778400,42,406,364,448,21,0.7334219541499432,-0.41216788090119016
79,1558792800,224,495,271,719,21,0.49134784997495246,0.0675709749005515
79,1558807200,557,538,-19,1095,21,-0.2635068834739432,0.7331865091494625
79,1558821600,391,179,-212,570,21,-0.7658757233209669,-0.19619688308638397
79,1558836000,111,47,-64,158,21,-0.3806395145263581,-0.9255415642314673
79,1558850400,9,11,2,20,21,-0.20884498898281625,-1.1698366273334613
79,1558864800,40,252,212,292,21,0.337773955928453,-0.6883275174512703
79,1558879200,198,484,286,682,21,0.5303920603257575,0.0020715739239299475
79,1558893600,637,433,-204,1070,21,-0.7450521444672042,0.6889301571382317
79,1558908000,369,117,-252,486,21,-0.8699936175897801,-0.3448982258441194
79,1558922400,90,44,-46,134,21,-0.33378646210539215,-0.9680276621622488
79,1558936800,9,15,6,24,21,-0.19843319955593494,-1.1627556110116644
79,1558951200,45,332,287,377,21,0.5329950076824778,-0.5378559206130856
79,1558965600,220,488,268,708,21,0.4835390079047915,0.04809818001560996
79,1558980000,561,439,-122,1000,21,-0.5316104612161372,0.5650123715067855
79,1558994400,342,159,-183,501,21,-0.6903902499760773,-0.31834441463738095
79,1559008800,88,31,-57,119,22,-0.33369695682766265,-0.9829604541661695
79,1559023200,4,53,49,57,22,-0.07933738883677913,-1.084663694843377
79,1559037600,148,1282,1134,1430,22,2.5242487552208495,1.1675709737018805
79,1559052000,312,809,497,1121,22,0.9956917287095965,0.660695145165475
79,1559066400,1012,601,-411,1613,22,-1.1831619291745756,1.4677595711846059
79,1559080800,663,252,-411,915,22,-1.1831619291745756,0.32277792614120476
79,1559095200,148,46,-102,194,22,-0.4416797922954906,-0.859932340443741
79,1559109600,8,58,50,66,22,-0.07693777027082739,-1.0699003211966855
79,1559124000,161,1343,1182,1504,22,2.6394304463865326,1.2889587125746764
79,1559138400,393,930,537,1323,22,1.0916764713476659,0.9920508647912157
79,1559152800,1224,761,-463,1985,22,-1.3079420946040656,2.0779790152478514
79,1559167200,703,328,-375,1031,22,-1.0967756608003132,0.5130614086985609
79,1559181600,166,47,-119,213,22,-0.48247330791667004,-0.8287652183007258
79,1559196000,6,45,39,51,22,-0.10333357449629643,-1.0945059439411713
79,1559210400,185,1292,1107,1477,22,2.4594590539401526,1.2446685916346023
79,1559224800,383,907,524,1290,22,1.0604814299902934,0.9379184947533472
79,1559239200,1166,738,-428,1904,22,-1.223955444795755,1.9451086524276286
79,1559253600,715,322,-393,1037,22,-1.1399687949874444,0.5229036577963552
79,1559268000,188,53,-135,241,22,-0.5208672049718978,-0.7828347225110192
79,1559282400,6,53,47,59,22,-0.08413662596868259,-1.0813829451441124
79,1559288436,24,272,248,296,22,0.39818670578761545,-0.6926141057812383
79,1559288519,1,17,16,18,22,-0.15852480151318626,-1.14863831397904
79,1559296800,111,884,773,995,22,1.6579864529122745,0.4540079141117952
79,1559311200,409,842,433,1251,22,0.8421161404886858,0.8739438756176844
79,1559325600,1153,719,-434,1872,22,-1.2383531561914654,1.8926166572393923
79,1559340000,643,228,-415,871,22,-1.1927604034383825,0.25060143275738006
79,1559354400,151,56,-95,207,22,-0.4248824623338284,-0.8386074673985201
79,1559368800,9,20,11,29,22,-0.17052289434294493,-1.1305941906330836
79,1559383200,53,410,357,463,22,0.6597451294763542,-0.41867150589263086
79,1559397600,228,450,222,678,22,0.33579662307287045,-0.06599091322166921
79,1559412000,518,508,-10,1026,22,-0.2209148842279313,0.504859534450399
79,1559426400,411,180,-231,591,22,-0.751230587303264,-0.20870352513968626
79,1559440800,124,50,-74,174,22,-0.3744904724488421,-0.8927398374363886
79,1559455200,12,21,9,33,22,-0.17532213147484838,-1.1240326912345542
79,1559469600,69,349,280,418,22,0.47497449989807083,-0.492488374126088
79,1559484000,252,562,310,814,22,0.5469630568766228,0.15710006632833443
79,1559498400,606,333,-273,939,22,-0.8520145670732366,0.3621469225323819
79,1559512800,314,116,-198,430,22,-0.6720431746268568,-0.4728038759304994
79,1559527200,81,46,-35,127,22,-0.28090534837672454,-0.9698374553691105
79,1559541600,6,40,34,46,22,-0.1153316673260551,-1.1027078181893333
79,1559548435,32,254,222,286,22,0.33579662307287045,-0.709017854277562
79,1559548516,1,8,7,9,22,-0.18012136860675185,-1.1634016876257314
79,1559548600,34,118,84,152,22,0.00464926097153148,-0.928828084128301
79,1559548681,3,22,19,25,22,-0.15132594581533107,-1.137155690031613
79,1559556000,135,805,670,940,22,1.4108257406192461,0.36378729738201426
79,1559570400,348,882,534,1230,22,1.0844776156498106,0.8394960037754045
79,1559584800,1122,770,-352,1892,22,-1.0415844337834235,1.92542415423204
79,1559599200,739,294,-445,1033,22,-1.2647489604169344,0.5163421583978256
79,1559613600,155,49,-106,204,23,-0.459084873265387,-1.0500875240938299
79,1559628000,7,56,49,63,23,-0.12195655685730247,-1.2851159952259081
79,1559642400,144,1304,1160,1448,23,2.2944922143000004,1.0234970013551448
79,1559656800,366,987,621,1353,23,1.1221556817583387,0.8651444853441701
79,1559671200,1187,822,-365,2009,23,-1.0224154148763154,1.9586102801146907
79,1559685600,729,369,-360,1098,23,-1.0115403078954095,0.44009299499892207
79,1559700000,183,48,-135,231,23,-0.5221604937546416,-1.0050820721749212
79,1559714400,7,55,48,62,23,-0.12413157825348367,-1.2867828638154974
79,1559728800,166,1272,1106,1438,23,2.1770410589062164,1.0068283154592528
79,1559743200,363,879,516,1242,23,0.8937784351593137,0.680122071899768
79,1559757600,1115,636,-479,1751,23,-1.270367854040971,1.5285581840006748
79,1559772000,702,297,-405,999,23,-1.109416270723563,0.2750730046295905
79,1559786400,172,61,-111,233,23,-0.469959980246293,-1.0017483349957428
79,1559800800,6,55,49,61,23,-0.12195655685730247,-1.2884497324050865
79,1559815200,153,1260,1107,1413,23,2.1792160803023974,0.9651566007195226
79,1559829600,406,957,551,1363,23,0.9699041840256554,0.8818131712400622
79,1559844000,1137,716,-421,1853,23,-1.144216613062462,1.6985787801387742
79,1559858400,745,315,-430,1060,23,-1.163791805628093,0.3767519885945322
79,1559872800,183,59,-124,242,23,-0.49823525839664845,-0.98674651768944
79,1559887200,8,42,34,50,23,-0.15458187780002033,-1.3067852868905678
79,1559901600,127,1125,998,1252,23,1.9421387481186476,0.6967907577956601
79,1559916000,400,801,401,1201,23,0.6436509745984768,0.6117804597266104
79,1559930400,1077,707,-370,1784,23,-1.0332905218572215,1.5835648474571187
79,1559944800,613,284,-329,897,23,-0.9441146446137926,0.10505240849149126
79,1559959200,170,83,-87,253,23,-0.4177594667379444,-0.9684109632039587
79,1559973600,11,20,9,31,23,-0.20895741270455012,-1.338455790092763
79,1559988000,52,471,419,523,23,0.6828013597297381,-0.5183564440148725
79,1560002400,253,506,253,759,23,0.3217478079636605,-0.12497545687181943
79,1560016800,561,559,-2,1120,23,-0.23288264806254322,0.47676410396988467
79,1560031200,437,229,-208,666,23,-0.6809370556758685,-0.27999423570361576
79,1560045600,144,59,-85,203,23,-0.413409423945582,-1.051754392683419
79,1560060000,7,16,9,23,23,-0.20895741270455012,-1.3517907388094765
79,1560074400,40,234,194,274,23,0.19342154558897018,-0.9334067228225853
79,1560088800,264,856,592,1120,23,1.059080061269084,0.47676410396988467
79,1560103200,732,718,-14,1450,23,-0.2589829048167175,1.0268307385343232
79,1560117600,329,193,-136,522,23,-0.5243355151508228,-0.5200233126044618
79,1560132000,95,47,-48,142,23,-0.33293363228687795,-1.1534333766483607
79,1560146400,39,48,9,87,23,-0.20895741270455012,-1.2451111490757671
79,1560160800,143,1150,1007,1293,23,1.9617139406842783,0.7651323699688176
79,1560175200,316,594,278,910,23,0.37612334286819027,0.12672170015615097
79,1560189600,931,573,-358,1504,23,-1.007190265103047,1.1168416423721406
79,1560204000,632,208,-424,840,23,-1.1507416772510057,0.01004089888490641
79,1560218400,145,34,-111,179,24,-0.4591152695755912,-1.2204669476417187
79,1560232800,7,51,44,58,24,-0.13755904149258238,-1.4250268313540706
79,1560247200,150,1232,1082,1382,24,2.01583040850847,0.813297846622409
79,1560261600,365,737,372,1102,24,0.5428954282572683,0.3399361322467185
79,1560276000,1117,777,-340,1894,24,-0.9341886646143589,1.6788735529093861
79,1560290400,807,371,-436,1178,24,-1.1333460703948028,0.4684200261486916
79,1560304800,166,63,-103,229,24,-0.44251881909388746,-1.135938070074631
79,1560319200,10,59,49,69,24,-0.1271862599415176,-1.4064304782893113
79,1560327477,47,468,421,515,24,0.6445486874577033,-0.6524328903908899
79,1560333081,97,742,645,839,24,1.1092493009454063,-0.1046857637561623
79,1560333600,94,794,700,888,24,1.2233498980071191,-0.02184746374041646
79,1560348000,390,732,342,1122,24,0.4806587389508795,0.3737476832735535
79,1560362400,1159,781,-378,1940,24,-1.0130218044024513,1.7566401202711066
79,1560376800,808,378,-430,1186,24,-1.1208987325335251,0.48194464655942565
79,1560391200,225,68,-157,293,24,-0.5545448598453873,-1.027741106788759
79,1560405600,9,53,44,62,24,-0.13755904149258238,-1.4182645211487035
79,1560420000,139,1255,1116,1394,24,2.0863653230557104,0.83358477723851
79,1560434400,312,713,401,1025,24,0.6030575612534441,0.20976166079340355
79,1560448800,1039,722,-317,1761,24,-0.8864738694794608,1.4540267385809331
79,1560463200,792,336,-456,1128,24,-1.174837196599062,0.383891148581604
79,1560477600,155,60,-95,215,24,-0.4259223686121838,-1.1596061557934156
79,1560492000,12,53,41,65,24,-0.14378271042322127,-1.4131927884946782
79,1560506400,146,1144,998,1290,24,1.8415676784505812,0.6577647118989678
79,1560520800,418,688,270,1106,24,0.33129068461554645,0.3466984424520855
79,1560535200,1074,560,-514,1634,24,-1.2951614625914138,1.2393233895605305
79,1560549600,595,275,-320,870,24,-0.8926975384100997,-0.052277859664567994
79,1561168800,9785,5651,-4134,15436,25,-3.8909145546101676,4.078471723747922
79,1561183200,9,16,7,25,25,0.13246080013613773,-0.43750239140362474
79,1561197600,50,357,307,407,25,0.4239393334430423,-0.3255627306426169
79,1561212000,263,688,425,951,25,0.538587556543758,-0.16615127657458487
79,1561226400,624,646,22,1270,25,0.14703472680148297,-0.07267286876630873
79,1561240800,443,232,-211,675,25,-0.07934693406687955,-0.2470291466532188
79,1561255200,120,67,-53,187,25,0.07416509347475683,-0.39003059809660046
79,1561269600,9,20,11,29,25,0.1363471805802298,-0.43633024835900686
79,1561284000,50,364,314,414,25,0.4307404992202034,-0.32351148031453564
79,1561298400,214,531,317,745,25,0.43365528455327246,-0.22651664337240582
79,1561312800,504,491,-13,995,25,0.11302889791567743,-0.15325770308378817
79,1561327200,367,221,-146,588,25,-0.016193251850383575,-0.2725232578736577
79,1561341600,80,60,-20,140,25,0.10622773213851633,-0.4038032788708606
79,1561356000,7,50,43,57,25,0.16743822413296627,-0.42812524704668165
79,1561370400,145,1248,1103,1393,25,1.197329041817362,-0.03662947014430883
79,1561384800,350,811,461,1161,25,0.5735649805405866,-0.10461376673214604
79,1561399200,1024,729,-295,1753,25,-0.16096092339281282,0.0688634038713006
79,1561413600,782,316,-466,1098,25,-0.32710368737774836,-0.12307501968487769
79,1561428000,138,57,-81,195,26,-0.4157765545348337,-1.0639697010093954
79,1561442400,6,20,14,26,26,-0.2038245355500392,-1.3564470232573598
79,1561456800,166,1153,987,1319,26,1.9670103536310664,0.8812640871960008
79,1561471200,318,757,439,1075,26,0.7443818651714097,0.45898913673148417
79,1561485600,1029,688,-341,1717,26,-0.9958557643879555,1.5700568342651713
79,1561500000,697,317,-380,1014,26,-1.0828676458659237,0.353420399115355
79,1561514400,159,49,-110,208,26,-0.48047769717229727,-1.0414714454518597
79,1561528800,6,37,31,43,26,-0.16589627952118124,-1.3270262275282747
79,1561543200,169,1224,1055,1393,26,2.118723377746498,1.0093310803696656
79,1561557600,371,893,522,1264,26,0.9295609975475986,0.7860791598371958
79,1561572000,1112,702,-410,1814,26,-1.1497998623874377,1.7379284334252456
79,1561586400,698,388,-310,1086,26,-0.926692473982391,0.47802612220324514
79,1561600800,172,56,-116,228,26,-0.4938641404766001,-1.0068587445941124
79,1561615200,8,47,39,55,26,-0.1480476884487775,-1.3062586070136262
79,1561629600,136,1347,1211,1483,26,2.466770903658371,1.1650882342295283
79,1561644000,373,925,552,1298,26,0.9964932140691126,0.8449207512953661
79,1561658400,1084,745,-339,1829,26,-0.9913936166198546,1.7638879590685559
79,1561672800,738,393,-345,1131,26,-1.0047800599241574,0.5559046991331765
79,1561687200,177,47,-130,224,26,-0.5250991748533066,-1.013781284765662
79,1561701600,10,51,41,61,26,-0.14358554068067658,-1.295874796756302
79,1561716000,125,1124,999,1249,26,1.993783240239672,0.7601196341938854
79,1561730400,366,750,384,1116,26,0.6216728015486339,0.529945173489866
79,1561744800,1035,566,-469,1601,26,-1.2814332215464155,1.369303169290237
79,1561759200,543,243,-300,786,26,-0.9043817351418862,-0.04116439066296379
79,1561773600,152,63,-89,215,26,-0.4336251456072374,-1.029357000151648
79,1561788000,134,74,-60,208,26,-0.36892400296977385,-1.0414714454518597
79,1561802400,72,619,547,691,26,0.9853378446488603,-0.2055747197372633
79,1561816800,381,555,174,936,26,0.1531472858980357,0.21843086577014068
79,1561831200,563,441,-122,1004,26,-0.5072505837809029,0.33611404868648137
79,1561845600,324,201,-123,525,26,-0.5094816576649533,-0.4928601368565656
79,1561860000,113,92,-21,205,26,-0.2819121214918056,-1.0466633505805218
79,1561874400,12,15,3,27,26,-0.22836634827459437,-1.3547163882144724
79,1561888800,41,246,205,287,26,0.2223105763036002,-0.904751277063758
79,1561903200,284,467,183,751,26,0.17322695085448991,-0.1017366171640215
79,1561917600,449,568,119,1017,26,0.03043822227525995,0.3586123042440171
79,1561932000,358,203,-155,561,26,-0.5808760219545684,-0.4305572753126205
79,1561946400,87,60,-27,147,26,-0.2952985647961084,-1.1470401830679888
79,1561960800,7,37,30,44,26,-0.16812735340523172,-1.3252955924853873
79,1561975200,139,1248,1109,1387,26,2.2392013674852236,0.9989472701123414
79,1561989600,306,824,518,1130,26,0.9206367020113967,0.5541740640902891
79,1562004000,1116,698,-418,1814,26,-1.1676484534598415,1.7379284334252456
79,1562018400,619,228,-391,847,26,-1.1074094585904788,0.06440434695316535
79,1562032800,136,42,-94,178,27,-0.5132539700767518,-0.6539994864232247
79,1562047200,7,52,45,59,27,-0.04853733600935201,-0.9062277737965895
79,1562061600,123,1209,1086,1332,27,3.431822491790383,1.7919790314663795
79,1562076000,353,857,504,1210,27,1.4860305419542197,1.533392047772678
79,1562090400,1068,611,-457,1679,27,-1.7268664748714717,2.5274682391853505
79,1562104800,634,249,-385,883,27,-1.4861499449948332,0.8402941488559529
79,1562119200,149,62,-87,211,27,-0.48985097411652295,-0.5840538268995186
79,1562133600,7,44,37,51,27,-0.07528361710675631,-0.923184297317488
79,1562148000,113,1054,941,1167,27,2.94704614689993,1.4422507338478485
79,1562162400,417,475,58,892,27,-0.005074629226070023,0.8593702378169638
79,1562176800,1057,523,-534,1580,27,-1.9842994304339883,2.317631260614232
79,1562191200,469,192,-277,661,27,-1.1250751501798752,0.3697506211510204
79,1562205600,112,68,-44,180,27,-0.3460897132179748,-0.6497603555430002
79,1562220000,7,14,7,21,27,-0.17558217122202244,-0.9867712605208572
79,1562230091,23,182,159,205,27,0.3325971696286593,-0.5967712195401924
79,1562230171,1,1,0,2,27,-0.1989851671822512,-1.027043003882991
79,1562230258,29,86,57,115,27,-0.00841791436324556,-0.7875321091503001
79,1562230339,0,8,8,8,27,-0.17223888608484691,-1.0143256112423171
79,1562230419,0,3,3,3,27,-0.18895531177072458,-1.0249234384428787
79,1562234400,18,115,97,133,27,0.12531349112377593,-0.7493799312282786
79,1562248800,235,505,270,740,27,0.703701819855144,0.5371962909198927
79,1562263200,519,455,-64,974,27,-0.4129554159614856,1.033174603906173
79,1562277600,447,156,-291,603,27,-1.1718811421003328,0.2468158256245065
79,1562292000,83,116,33,199,27,-0.08865675765545847,-0.6094886121808663
79,1562306400,5,38,33,43,27,-0.08865675765545847,-0.9401408208383865
79,1562315311,21,307,286,328,27,0.7571943820499526,-0.33606467040637844
79,1562315392,1,6,5,7,27,-0.1822687414963735,-1.0164451766824296
79,1562315475,21,132,111,153,27,0.17211948304423347,-0.7069886224260324
79,1562315555,0,1,1,1,27,-0.19564188204507568,-1.0291625693231035
79,1562315636,1,6,5,7,27,-0.1822687414963735,-1.0164451766824296
79,1562320800,36,356,320,392,27,0.8708660767139208,-0.20041248223919064
79,1562335200,252,566,314,818,27,0.8508063658908677,0.7025223952486529
79,1562349600,700,601,-99,1301,27,-0.5299703957626294,1.726272502822898
79,1562364000,427,231,-196,658,27,-0.8542690540686566,0.36339192483068344
79,1562378400,129,73,-56,202,27,-0.3862091348640813,-0.6031299158605293
79,1562392800,6,16,10,22,27,-0.16555231581049584,-0.9846516950807449
79,1562407200,43,332,289,375,27,0.7672242374614792,-0.2364450947210999
79,1562421600,196,485,289,681,27,0.7672242374614792,0.4121419299532666
79,1562436000,486,509,23,995,27,-0.12208960902721384,1.0776854781485314
79,1562450400,390,170,-220,560,27,-0.9345078973608696,0.15567451169967722
79,1562464800,105,57,-48,162,27,-0.35946285376667697,-0.6879125334650217
79,1562479200,6,11,5,17,27,-0.1822687414963735,-0.9952495222813065
79,1562493600,39,241,202,280,27,0.47635843052720744,-0.4378038115317692
79,1562508000,139,415,276,554,27,0.7237615306781973,0.14295711905900335
79,1562522400,442,386,-56,828,27,-0.3862091348640813,0.7237180496497759
79,1562536800,341,165,-176,506,27,-0.7874033513251458,0.04121797793361254
79,1562551200,77,66,-11,143,27,-0.2357613036911821,-0.7281842768271556
79,1562565600,6,48,42,54,27,-0.05856719142087863,-0.916825600997151
79,1562574488,56,526,470,582,27,1.3723588472902515,0.20230495138214802
79,1562574570,1,12,11,13,27,-0.1622090306733203,-1.0037277840417558
79,1562574651,39,274,235,313,27,0.5866868400540002,-0.36785815200806304
79,1562574732,1,3,2,4,27,-0.19229859690790013,-1.0228038730027664
79,1562580000,75,676,601,751,27,1.8103292002602471,0.5605115107611282
79,1562594400,233,691,458,924,27,1.332239425644145,0.9271963319005576
79,1562608800,1071,592,-479,1663,27,-1.8004187478893336,2.4935551921435537
79,1562623200,605,219,-386,824,27,-1.4894932301320087,0.7152397878893267
79,1562637600,155,43,-112,198,28,-0.4797474577822915,-0.93210819520737
79,1562652000,5,50,45,55,28,-0.08888332054308107,-1.1907983376688118
79,1562666400,155,1196,1041,1351,28,2.390738849458534,1.153694142261457
79,1562680800,343,682,339,1025,28,0.6430533440959499,0.5639529783283801
79,1562695200,1249,632,-617,1881,28,-1.7369856062268854,2.1124757891465205
79,1562709600,691,349,-342,1040,28,-1.0523509709352747,0.5910883079572027
79,1562724000,153,51,-102,204,28,-0.45485165286259654,-0.921254063355841
79,1562738400,7,43,36,50,28,-0.1112895449708065,-1.1998434475450859
79,1562752800,154,1246,1092,1400,28,2.517707454548978,1.242336219048944
79,1562767200,387,773,386,1160,28,0.7600636272185162,0.8081709449877832
79,1562781600,1099,594,-505,1693,28,-1.4581525911263022,1.7723796577986113
79,1562796000,795,376,-419,1171,28,-1.2440486688169259,0.8280701867155863
79,1562810400,167,57,-110,224,28,-0.4747682967983525,-0.8850736238507443
79,1562824800,8,45,37,53,28,-0.10879996447883701,-1.1944163816193214
79,1562830341,22,232,210,254,28,0.3218974606318853,-0.8308029645930992
79,1562839200,131,996,865,1127,28,1.9525726828719032,0.7484732198043735
79,1562853600,379,746,367,1125,28,0.7127615978710958,0.7448551758538638
79,1562868000,1200,624,-576,1824,28,-1.6349128060561362,2.009361536556995
79,1562882400,655,257,-398,912,28,-1.1917674784855665,0.35953349512458355
79,1562896800,141,38,-103,179,28,-0.45734123335456606,-0.966479612737212
79,1562911200,7,47,40,54,28,-0.10133122300292853,-1.1926073596440665
79,1562925600,144,1086,942,1230,28,2.144270380753554,0.9348024832556218
79,1562940000,367,681,314,1048,28,0.5808138317967125,0.6055604837592414
79,1562954400,1003,569,-434,1572,28,-1.281392376196468,1.5534879987927759
79,1562968800,536,270,-266,806,28,-0.8631428535455933,0.16777716574757084
79,1562983200,137,71,-66,208,28,-0.3652267551516948,-0.9140179754548217
79,1562997600,7,20,13,27,28,-0.16854989628610484,-1.2414509529759472
79,1563012000,118,402,284,520,28,0.5061264170376277,-0.3496031191753125
79,1563026400,211,469,258,680,28,0.441397324246421,-0.06015960313453861
79,1563040800,603,531,-72,1134,28,-0.38016423810351174,0.7611363736311574
79,1563055200,465,465,0,930,28,-0.20091444268170824,0.3920958906791706
79,1563069600,94,185,91,279,28,0.02563738208751562,-0.7855774152117282
79,1563084000,8,7,-1,15,28,-0.20340402317367776,-1.263159216679005
79,1563098400,40,212,172,252,28,0.22729340193704456,-0.8344210085436088
79,1563112800,168,643,475,811,28,0.981636291003801,0.17682227562384503
79,1563127200,501,492,-9,993,28,-0.22332066710943368,0.5060642751202253
79,1563141600,338,159,-179,497,28,-0.6465493507442475,-0.3912106246061738
79,1563156000,78,54,-24,132,28,-0.26066437448897606,-1.0515036455741893
79,1563170400,5,47,42,52,28,-0.09635206201898953,-1.1962254035945763
79,1563180537,67,738,671,805,28,1.4695940674298216,0.165968143772316
79,1563180617,2,5,3,7,28,-0.19344570120579976,-1.2776313924810438
79,1563180700,43,437,394,480,28,0.779980271154272,-0.421963998185506
79,1563180781,2,16,14,18,28,-0.16606031579413535,-1.2577321507532406
79,1563184800,79,496,417,575,28,0.8372406224695704,-0.25010691053629647
79,1563199200,287,670,383,957,28,0.7525948857426077,0.4409394840110512
79,1563213600,1043,602,-441,1645,28,-1.2988194396402546,1.685546602986379
79,1563228000,616,254,-362,870,28,-1.1021425807746648,0.2835545721638804
79,1563242400,157,57,-100,214,29,-0.49686976817420386,-0.6912597052185384
79,1563256800,7,39,32,46,29,-0.12370701319098554,-1.0071049857898091
79,1563271200,190,1168,978,1358,29,2.550626064188746,1.4594962529572575
79,1563285600,369,763,394,1132,29,0.8996635724448103,1.0346091493316194
79,1563300000,1085,660,-425,1745,29,-1.4156417027919763,2.187068417130363
79,1563314400,663,352,-311,1015,29,-1.0933647780337423,0.8146454717909131
79,1563328800,176,62,-114,238,29,-0.5364476361269694,-0.6461389508512141
79,1563343200,5,44,39,49,29,-0.10391807921460273,-1.0014648914938937
79,1563352495,60,635,575,695,29,1.4113488652627082,0.21303541355992117
79,1563352576,2,20,18,22,29,-0.16328488114375111,-1.0522257401571335
79,1563352659,45,333,288,378,29,0.6000025722310138,-0.3829345503751551
79,1563352739,1,3,2,4,29,-0.20851673023262607,-1.0860663059326268
79,1563352821,2,0,-2,2,29,-0.21982469250484482,-1.0898263687965706
79,1563357600,95,589,494,684,29,1.182362629250279,0.19235506780823083
79,1563372000,343,768,425,1111,29,0.9873002800545055,0.9951284892602106
79,1563386400,1105,627,-478,1732,29,-1.5654722028988746,2.162628008514729
79,1563400800,715,335,-380,1050,29,-1.2884271272295156,0.8804465719099278
79,1563415200,157,61,-96,218,29,-0.4855618059019851,-0.683739579490651
79,1563429600,5,53,48,58,29,-0.07847516410211058,-0.984544608606147
79,1563444000,181,1259,1078,1440,29,2.8333251209942145,1.6136588303789492
79,1563458400,293,681,388,974,29,0.8827016290364822,0.7375641830800672
79,1563472800,1064,672,-392,1736,29,-1.3223510140461718,2.1701481342426168
79,1563487200,709,307,-402,1016,29,-1.3506209197267187,0.8165255032228849
79,1563501600,165,79,-86,244,29,-0.4572919002214383,-0.634858762259383
79,1563516000,7,66,59,73,29,-0.04737826785350905,-0.9563441371265692
79,1563526057,39,325,286,364,29,0.5943485910949045,-0.40925499042276103
79,1563526137,1,1,0,2,29,-0.21417071136873544,-1.0898263687965706
79,1563526223,62,657,595,719,29,1.467888676623802,0.25815616792724555
79,1563526303,3,6,3,9,29,-0.20568973966457138,-1.0766661487727676
79,1563526384,2,20,18,22,29,-0.16328488114375111,-1.0522257401571335
79,1563530400,89,464,375,553,29,0.8459507516517714,-0.05392904978008145
79,1563544800,348,693,345,1041,29,0.7611410346101308,0.8635262890221811
79,1563559200,1010,541,-469,1551,29,-1.5400292877863826,1.8223423193278243
79,1563573600,486,282,-204,768,29,-0.790876787251891,0.3502777080938662
79,1563588000,140,66,-74,206,29,-0.4233680134047821,-0.7062999566743132
79,1563602400,10,18,8,28,29,-0.19155478682429797,-1.0409455515653026
79,1563616800,42,300,258,342,29,0.5151928551893732,-0.4506156819261417
79,1563620878,28,138,110,166,29,0.09679825111727987,-0.7815012139531873
79,1563631200,134,394,260,528,29,0.5208468363254826,-0.1009298355793777
79,1563645600,367,352,-15,719,29,-0.2565755698895557,0.25815616792724555
79,1563660000,314,146,-168,460,29,-0.6891051268019224,-0.22877197295346346
79,1563674400,85,55,-30,140,29,-0.298980428410376,-0.8303820311844553
79,1563688800,9,11,2,20,29,-0.20851673023262607,-1.0559858030210774
79,1563698742,16,71,55,87,29,-0.05868623012572779,-0.9300236970789634
79,1563703200,32,187,155,219,29,0.22401282667974068,-0.6818595480586792
79,1563717600,134,334,200,468,29,0.3512274022422015,-0.21373172149768865
79,1563732000,285,306,21,591,29,-0.15480390943958705,0.01751214463484883
79,1563746400,259,116,-143,375,29,-0.6184303626005553,-0.38857464467107067
79,1563760800,90,49,-41,139,29,-0.3300773246589775,-0.8322620626164272
79,1563775200,6,39,33,45,29,-0.12088002262293085,-1.008985017221781
79,1563789600,137,1122,985,1259,29,2.570414998165129,1.2733731411920444
79,1563804000,307,706,399,1013,29,0.9137985252850838,0.8108854089269694
79,1563818400,1036,478,-558,1514,29,-1.7916314483432494,1.7527811563448659
79,1563832800,588,241,-347,829,29,-1.1951364384837109,0.46495962544414904
79,1563847200,155,62,-93,217,30,-0.45300985987993725,-0.8091301453335776
79,1563861600,7,61,54,68,30,-0.07794893795865128,-1.0781646289423057
79,1563876000,160,1223,1063,1383,30,2.496448818630312,1.2962001089468043
79,1563890400,308,698,390,1006,30,0.7793331692900025,0.6154886973998884
79,1563904800,1051,616,-435,1667,30,-1.3256005761866025,1.808990668308407
79,1563919200,640,293,-347,933,30,-1.1010743100024314,0.48367985643722294
79,1563933600,123,59,-64,182,30,-0.3790182494328808,-0.8723261649732118
79,1563948000,5,51,46,56,30,-0.09836041670266685,-1.0998318356758945
79,1563962400,142,1205,1063,1347,30,2.496448818630312,1.2311984887460379
79,1563976800,371,705,334,1076,30,0.6364528180818935,0.7418807366791567
79,1563991200,1164,601,-563,1765,30,-1.6521842360908516,1.9859395232993824
79,1564005600,660,343,-317,1003,30,-1.024531264712373,0.6100718957164912
79,1564007612,38,12,-26,50,30,-0.2820637253988069,-1.1106654390426889
79,1564007692,4,0,-4,4,30,-0.22593215885276413,-1.1937230648547794
79,1564007773,2,0,-2,2,30,-0.22082928916676023,-1.1973342659770443
79,1564007853,3,0,-3,3,30,-0.2233807240097622,-1.1955286654159119
79,1564007934,2,1,-1,3,30,-0.2182778543237583,-1.1955286654159119
79,1564020000,142,47,-95,189,30,-0.4581127295659411,-0.859686961045285
79,1564034400,10,60,50,70,30,-0.08815467733065907,-1.0745534278200408
79,1564045874,97,937,840,1034,30,1.927478848640878,0.6660455131115957
79,1564048800,87,794,707,881,30,1.5881380145216193,0.389788627258338
79,1564063200,357,770,413,1127,30,0.8380161706790472,0.8339663652969092
79,1564077600,1063,712,-351,1775,30,-1.1112800493744392,2.0039955289107065
79,1564092000,700,340,-360,1040,30,-1.1342429629614568,0.67687911647839
79,1564106400,175,60,-115,235,30,-0.50914142642598,-0.7766293352331944
79,1564120800,6,45,39,51,30,-0.11622046060368046,-1.1088598384815564
79,1564135200,144,1032,888,1176,30,2.0499477211049713,0.9224407927923969
79,1564149600,375,746,371,1121,30,0.7308559072729655,0.8231327619301148
79,1564164000,954,548,-406,1502,30,-1.2516089657395462,1.5110665757215602
79,1564178400,543,220,-323,763,30,-1.0398398737703847,0.17672776104471444
79,1564192800,146,82,-64,228,30,-0.3790182494328808,-0.7892685391611212
79,1564207200,12,16,4,28,30,-0.20552068010874858,-1.1503886513876018
79,1564218465,40,230,190,270,30,0.2690462006896133,-0.7134333155935603
79,1564221600,46,213,167,259,30,0.21036319930056857,-0.7332949217660167
79,1564236000,239,544,305,783,30,0.5624612076348371,0.2128397722673625
79,1564250400,577,507,-70,1084,30,-0.3943268584908925,0.7563255411682158
79,1564264800,449,269,-180,718,30,-0.6749846912211065,0.0954757357937563
79,1564279200,119,64,-55,183,30,-0.3560553358458633,-0.8705205644120794
79,1564293600,7,15,8,22,30,-0.19531494073674077,-1.1612222547543962
79,1564308000,34,230,196,264,30,0.284354809747625,-0.7242669189603547
79,1564322400,180,461,281,641,30,0.5012267714027904,-0.043555507413438735
79,1564336800,437,477,40,914,30,-0.11366902576067853,0.4493734457757073
79,1564351200,319,245,-74,564,30,-0.4045325978629003,-0.18258675062063376
79,1564365600,82,49,-33,131,30,-0.29992376929982056,-0.9644117935909643
79,1564380000,6,37,31,43,30,-0.13663193934769602,-1.1233046429706157
79,1564394400,129,1129,1000,1258,30,2.335708423521189,1.070500038805254
79,1564408800,312,701,389,1013,30,0.7767817344470005,0.6281279013278153
79,1564423200,952,601,-351,1553,30,-1.1112800493744392,1.603152204339313
79,1564437600,650,256,-394,906,30,-1.2209917476235228,0.4349286412866481
79,1564452000,150,63,-87,213,31,-0.4145445568307993,-0.963518012744628
79,1564466400,7,45,38,52,31,-0.12313946566634912,-1.2500878617551698
79,1564475841,69,638,569,707,31,1.1147493616002355,-0.08422915925886598
79,1564475922,2,15,13,17,31,-0.18142048389923918,-1.312385655018331
79,1564476011,34,350,316,384,31,0.5249454570833882,-0.6591487942303257
79,1564476092,1,9,8,10,31,-0.19307668754581717,-1.3248452136709634
79,1564480800,95,545,450,640,31,0.837331714811679,-0.20348493493406042
79,1564495200,317,744,427,1061,31,0.7837131780374201,0.5458685211742509
79,1564509600,984,603,-381,1587,31,-1.0999293312495864,1.482115357072046
79,1564524000,697,355,-342,1052,31,-1.009010942806278,0.5298490886208665
79,1564538400,153,63,-90,216,31,-0.42153827901874613,-0.9581782018934999
79,1564552800,8,39,31,47,31,-0.13945815077155832,-1.25898754650705
79,1564567200,136,1199,1063,1335,31,2.266382281882143,1.033571245577285
79,1564581600,354,690,336,1044,31,0.5715702716697003,0.5156095930178582
79,1564596000,1105,586,-519,1691,31,-1.4216405518951394,1.667228799911154
79,1564610400,611,268,-343,879,31,-1.0113421835355936,0.2219199962058123
79,1564624800,165,43,-122,208,31,-0.4961379823568454,-0.9724176974965081
79,1564639200,8,44,36,52,31,-0.12780194712498033,-1.2500878617551698
79,1564653600,157,1173,1016,1330,31,2.1568139676043097,1.0246715608254047
79,1564668000,310,751,441,1061,31,0.8163505482478386,0.5458685211742509
79,1564682400,1030,638,-392,1668,31,-1.125572979272058,1.626290250052505
79,1564696800,626,268,-358,894,31,-1.0463107944753276,0.24861905046145283
79,1564711200,167,72,-95,239,31,-0.4331944826653242,-0.917239652034851
79,1564725600,10,51,41,61,31,-0.11614574347840231,-1.2340684292017854
79,1564740000,178,1006,828,1184,31,1.7185407104929766,0.7648007660705034
79,1564754400,322,713,391,1035,31,0.6997885117820585,0.49959016046447396
79,1564768800,1041,569,-472,1610,31,-1.3120722376173062,1.523053906930695
79,1564783200,552,292,-260,844,31,-0.8178492030023985,0.159622202942651
79,1565402400,9640,6012,-3628,15652,32,-3.8530139450026595,4.090079278083088
79,1565416800,8,19,11,27,32,0.14610059374085096,-0.41120535493760213
79,1565431200,56,445,389,501,32,0.5615073801231117,-0.27465438431028644
79,1565445600,229,499,270,728,32,0.43073116959536295,-0.20925972116176186
79,1565460000,517,574,57,1091,32,0.19665274234821603,-0.1046858765674252
79,1565474400,411,221,-190,632,32,-0.07479031647828768,-0.236915613947041
79,1565488800,116,58,-58,174,32,0.07027237082980337,-0.36885726911014344
79,1565503200,6,13,7,19,32,0.1417047547315149,-0.4135100126697087
79,1565517600,44,245,201,289,32,0.3549029466843154,-0.3357278142111112
79,1565532000,196,485,289,681,32,0.4516114048897094,-0.2227995853378881
79,1565546400,478,452,-26,930,32,0.10543908290449211,-0.15106711342607038
79,1565560800,324,196,-128,520,32,-0.0066548118335782525,-0.2691808221965333
79,1565575200,112,50,-62,162,32,0.06587653182046728,-0.37231425570830334
79,1565589600,6,44,38,50,32,0.1757725070538696,-0.40457946395779565
79,1565604000,132,1195,1063,1327,32,1.3022062531962433,-0.03669847347028069
79,1565618400,316,691,375,1007,32,0.5461219435904354,-0.12888478275454443
79,1565632800,990,549,-441,1539,32,-0.35062921431412747,0.024374956430544034
79,1565647200,606,244,-362,850,32,-0.2638113938797397,-0.1741136907471363
79,1565661600,135,58,-77,193,33,-0.3865789253938322,-1.0294249490076495
79,1565676000,6,38,32,44,33,-0.13975070775743556,-1.3149302375597622
79,1565690400,155,1230,1075,1385,33,2.2221009527449653,1.2546173594092522
79,1565704800,305,613,308,918,33,0.48524551304665126,0.3597786362291405
79,1565719200,979,561,-418,1540,33,-1.1587662851554033,1.551619505218497
79,1565733600,590,244,-346,834,33,-0.9957237927717284,0.19882263462929176
79,1565748000,129,52,-77,181,33,-0.3865789253938322,-1.0524186635219135
79,1565762400,6,41,35,47,33,-0.13295727057478243,-1.3091818089311962
79,1565776800,126,1267,1141,1393,33,2.3715565707633335,1.2699465024187615
79,1565791200,317,704,387,1021,33,0.6641393588565166,0.5571413524765741
79,1565805600,1043,570,-473,1613,33,-1.2833126335040437,1.6914979351802701
79,1565820000,626,286,-340,912,33,-0.9821369184064221,0.34828177897200846
79,1565834400,138,63,-75,201,33,-0.3820499672720635,-1.01409580599814
79,1565848800,6,38,32,44,33,-0.13975070775743556,-1.3149302375597622
79,1565863200,129,1209,1080,1338,33,2.233423348049387,1.1645586442283844
79,1565877600,313,805,492,1118,33,0.9019096602493758,0.7430072114668756
79,1565892000,1057,634,-423,1691,33,-1.170088680459825,1.840957079522987
79,1565906400,632,264,-368,896,33,-1.0455423321111845,0.31762349295298964
79,1565920800,164,86,-78,250,33,-0.38884340445471655,-0.9202048050648949
79,1565935200,8,46,38,54,33,-0.1261638333921293,-1.2957688087978754
79,1565949600,123,1055,932,1178,33,1.8982804470385,0.8579757840381962
79,1565964000,314,731,417,1045,33,0.7320737306830478,0.6031287815051024
79,1565978400,950,490,-460,1440,33,-1.2538744057125468,1.3600052175996293
79,1565992800,471,182,-289,653,33,-0.8666484863013192,-0.14799922596085857
79,1566007200,150,56,-94,206,33,-0.4250750694288665,-1.0045150916171968
79,1566021600,10,17,7,27,33,-0.19636268427954487,-1.3475046664549697
79,1566036000,56,434,378,490,33,0.6437590473085574,-0.46033051477961273
79,1566050400,196,542,346,738,33,0.5712957173602574,0.014872918515178874
79,1566064800,521,589,68,1110,33,-0.05822946156559814,0.7276780684573663
79,1566079200,451,191,-260,642,33,-0.8009785935356724,-0.16907679759893401
79,1566093600,125,58,-67,183,33,-0.3639341347849885,-1.0485863777695361
79,1566108000,9,11,2,20,33,-0.20768507958396673,-1.3609176665882903
79,1566122400,58,266,208,324,33,0.258797606958214,-0.778410232226933
79,1566136800,193,512,319,705,33,0.5101547827163794,-0.04835979639904743
79,1566151200,462,423,-39,885,33,-0.30052872108022605,0.2965459213149142
79,1566165600,336,188,-148,524,33,-0.5473569387166226,-0.39518165698919777
79,1566180000,130,52,-78,182,33,-0.38884340445471655,-1.0505025206457248
79,1566194400,11,43,32,54,33,-0.13975070775743556,-1.2957688087978754
79,1566208800,118,1171,1053,1289,33,2.172282413405509,1.0706676432951392
79,1566223200,299,742,443,1041,33,0.7909501862660415,0.5954642100003477
79,1566237600,945,520,-425,1465,33,-1.1746176385815936,1.4079087895043463
79,1566252000,575,221,-354,796,33,-1.0138396252588033,0.12600920533412208
79,1566266400,122,52,-70,174,34,-0.17413567189953738,-1.1122968402963702
79,1566280800,10,31,21,41,34,0.01749880492166385,-1.3482296350522283
79,1566295200,140,1009,869,1149,34,1.80327942409066,0.6172856776507101
79,1566309600,299,884,585,1183,34,1.2052113865387792,0.6775993244304032
79,1566324000,1123,639,-484,1762,34,-1.04596724776742,1.7047052504728233
79,1566338400,811,257,-554,1068,34,-1.1933783837837284,0.4735972838520296
79,1566352800,169,54,-115,223,34,-0.26889997362430723,-1.0253742317021066
79,1566367200,10,29,19,39,34,0.013287058178340746,-1.3517774966275045
79,1566381600,148,1246,1098,1394,34,2.2855244262011554,1.0518987206220278
79,1566396000,312,871,559,1183,34,1.1504586788755788,0.6775993244304032
79,1566410400,1346,640,-706,1986,34,-1.5134711362762843,2.102065746903742
79,1566424800,812,239,-573,1051,34,-1.233389977845298,0.44344046046218305
79,1566439200,144,50,-94,194,34,-0.22467663281941463,-1.0768182245436095
79,1566453600,13,59,46,72,34,0.07014563921320265,-1.2932377806354494
79,1566468000,170,1146,976,1316,34,2.028607874858446,0.9135321191862613
79,1566482400,386,786,400,1172,34,0.815624812781392,0.6580860857663848
79,1566496800,1071,645,-426,1716,34,-0.9238265922110499,1.6231044342414738
79,1566511200,792,198,-594,990,34,-1.2776133186501906,0.3352306824162632
79,1566525600,161,57,-104,218,34,-0.24573536653603015,-1.034243885640297
79,1566540000,10,31,21,41,34,0.01749880492166385,-1.3482296350522283
79,1566554400,121,967,846,1088,34,1.7548443365424444,0.5090758996047903
79,1566568800,308,688,380,996,34,0.773507345348161,0.34587426714209135
79,1566583200,1031,617,-414,1648,34,-0.8985561117511113,1.5024771406820876
79,1566597600,637,195,-442,832,34,-0.9575205661576347,0.05494961796945426
79,1566612000,178,68,-110,246,34,-0.25837060676599943,-0.984573823586432
79,1566626400,15,14,-1,29,34,-0.028830409254890294,-1.3695168045038848
79,1566640800,75,442,367,517,34,0.7461309915165608,-0.5038385801365255
79,1566655200,356,515,159,871,34,0.308109330210958,0.12413291868733747
79,1566669600,823,468,-355,1291,34,-0.7743095828230797,0.8691838494953106
79,1566684000,672,143,-529,815,34,-1.1407315494921897,0.02479279457960773
79,1566698400,178,55,-123,233,34,-0.2857469605975997,-1.0076349238257263
79,1566712800,16,11,-5,27,34,-0.037253902741536504,-1.3730646660791608
79,1566727200,70,280,210,350,34,0.41550887216569715,-0.8000850216720767
79,1566741600,282,450,168,732,34,0.32706219055591196,-0.12244346079434885
79,1566756000,738,414,-324,1152,34,-0.7090275083015716,0.6226074700136243
79,1566770400,577,186,-391,763,34,-0.8501210242028956,-0.06745160637756989
79,1566784800,158,36,-122,194,34,-0.2836410872259381,-1.0768182245436095
79,1566799200,13,33,20,46,34,0.015392931550002297,-1.3393599811140382
79,1566813600,121,1082,961,1203,34,1.9970197742835227,0.7130779401831638
79,1566828000,331,738,407,1069,34,0.8303659263830229,0.47537121463966764
79,1566842400,1022,562,-460,1584,34,-0.9954262868475426,1.3889455702732536
79,1566856800,784,201,-583,985,34,-1.2544487115619134,0.326361028478073
79,1566871200,199,58,-141,257,35,-0.35543323662375126,-0.9214256284757804
79,1566885600,17,31,14,48,35,0.022218202974848493,-1.3396620505638097
79,1566900000,122,1180,1058,1302,35,2.565883383238966,1.1697564819643664
79,1566914400,350,773,423,1123,35,1.0187307113350246,0.8115539960612217
79,1566928800,1035,555,-480,1590,35,-1.1813934819393985,1.7460822693392586
79,1566943200,787,254,-533,1041,35,-1.3105259096731132,0.6474612371558705
79,1566957600,207,52,-155,259,35,-0.38954368923265703,-0.9174233660634546
79,1566972000,21,37,16,58,35,0.02709112477612075,-1.3196507385021814
79,1566986400,125,1230,1105,1355,35,2.6803970455688635,1.2758164358909958
79,1567000800,378,857,479,1235,35,1.1551725217706477,1.0356806911514576
79,1567015200,978,573,-405,1551,35,-0.998658914391689,1.6680381522989085
79,1567029600,704,232,-472,936,35,-1.1619017947343095,0.43734246050877434
79,1567044000,223,54,-169,277,35,-0.4236541418415628,-0.8814030043525239
79,1567058400,16,32,16,48,35,0.02709112477612075,-1.3396620505638097
79,1567072800,150,1094,944,1244,35,2.2881268405664468,1.053690872006923
79,1567087200,447,851,404,1298,35,0.9724379542229381,1.1617519571397152
79,1567101600,1023,575,-448,1598,35,-1.1034267331190424,1.7620913189885612
79,1567116000,722,211,-511,933,35,-1.2569237698591185,0.4313390668902859
79,1567130400,181,60,-121,241,35,-0.3067040186110287,-0.9534437277743855
79,1567144800,13,41,28,54,35,0.05632865558375428,-1.3276552633268328
79,1567159200,151,944,793,1095,35,1.9202212445703917,0.7555223222886627
79,1567173600,476,626,150,1102,35,0.35357688546136185,0.7695302407318024
79,1567188000,976,538,-438,1514,35,-1.0790621241126812,1.5939962976708841
79,1567202400,625,218,-407,843,35,-1.0035318361929613,0.2512372583356321
79,1567216800,218,64,-154,282,35,-0.3871072283320209,-0.8713973483217098
79,1567231200,20,14,-6,34,35,-0.026511015037874053,-1.3676778874500892
79,1567245600,91,412,321,503,35,0.7702116994701396,-0.4291473517597266
79,1567260000,301,501,200,802,35,0.4753999304931682,0.16919087888295647
79,1567274400,628,444,-184,1072,35,-0.4602010553511047,0.7094963045469178
79,1567288800,607,174,-433,781,35,-1.0668798196095004,0.12716712355353726
79,1567303200,183,66,-117,249,35,-0.2969581750084842,-0.9374346781250829
79,1567317600,10,14,4,24,35,-0.00214640603151278,-1.3876891995117173
79,1567332000,96,255,159,351,35,0.375505033567087,-0.7333192950964753
79,1567346400,342,492,150,834,35,0.35357688546136185,0.23322707748016672
79,1567360800,649,426,-223,1075,35,-0.5552230304759137,0.7154996981654063
79,1567375200,512,138,-374,650,35,-0.923128626471969,-0.13498106445379213
79,1567389600,172,65,-107,237,35,-0.2725935660021229,-0.9614482525990368
79,1567404000,11,8,-3,19,35,-0.01920163233596567,-1.3976948555425315
79,1567418400,68,320,252,388,35,0.6020958973262468,-0.6592774404684509
79,1567432800,313,320,7,633,35,0.005162976670395602,-0.16900029495856006
79,1567447200,446,264,-182,710,35,-0.4553281335498325,-0.014913192084022942
79,1567461600,371,116,-255,487,35,-0.6331897792962699,-0.4611654510583318
79,1567476000,141,47,-94,188,36,-0.26798885837418757,-1.1396090700418273
79,1567490400,11,42,31,53,36,-0.011341374524409257,-1.3768881324366995
79,1567504800,142,1268,1126,1410,36,2.236890583999649,1.008205850302868
79,1567519200,340,775,435,1115,36,0.8181432932780743,0.48970715840296203
79,1567533600,1047,509,-538,1556,36,-1.1796007210086004,1.2648187622262113
79,1567548000,832,246,-586,1078,36,-1.2781533548069153,0.42467511907992295
79,1567562400,182,63,-119,245,36,-0.31931835514414325,-1.0394245770306592
79,1567576800,13,43,30,56,36,-0.013394554395207483,-1.3716152643834802
79,1567591200,173,1252,1079,1425,36,2.1403911300721323,1.0345701905689648
79,1567605600,391,794,403,1185,36,0.7524415374125312,0.6127407463114143
79,1567620000,1062,677,-385,1739,36,-0.8654642007764716,1.5864637134725936
79,1567634400,705,289,-416,994,36,-0.9291127767712166,0.2770348135897802
79,1567648800,166,55,-111,221,36,-0.30289291617775743,-1.081607521456414
79,1567663200,8,35,27,43,36,-0.019554094007602163,-1.3944643592807642
79,1567677600,161,1229,1068,1390,36,2.1178061514933515,0.9730533966147388
79,1567692000,330,839,509,1169,36,0.9700786037171432,0.5846187833609109
79,1567706400,1090,741,-349,1831,36,-0.7915497254277354,1.748165000437988
79,1567720800,860,282,-578,1142,36,-1.2617279158405295,0.5371629708819364
79,1567735200,206,59,-147,265,36,-0.3768073915264936,-1.0042721233425298
79,1567749600,7,41,34,48,36,-0.005181834912014576,-1.385676245858732
79,1567764000,137,1221,1084,1358,36,2.150657029426123,0.916809470713732
79,1567778400,418,794,376,1212,36,0.697005680900979,0.6601965587903887
79,1567792800,1144,579,-565,1723,36,-1.2350365775201524,1.5583417505220902
79,1567807200,699,286,-413,985,36,-0.9229532371588219,0.2612162094301221
79,1567821600,224,89,-135,313,36,-0.3521692330769149,-0.9199062344910197
79,1567836000,19,23,4,42,36,-0.06677723103596138,-1.3962219819651707
79,1567850400,86,405,319,491,36,0.5799744282654801,-0.6070493966666697
79,1567864800,471,488,17,959,36,-0.04008589271558443,0.2155180196355541
79,1567879200,787,472,-315,1259,36,-0.7217416098205958,0.7428048249574924
79,1567893600,623,181,-442,804,36,-0.9824954534119705,-0.05691349644744736
79,1567908000,170,69,-101,239,36,-0.28236111746977516,-1.0499703131370979
79,1567922400,15,17,2,32,36,-0.07088359077755783,-1.4137982088092353
79,1567936800,158,378,220,536,36,0.3767096210564556,-0.5279563758683788
79,1567951200,420,384,-36,804,36,-0.14890442586789043,-0.05691349644744736
79,1567965600,622,368,-254,990,36,-0.5964976377019039,0.27000432285215437
79,1567980000,444,164,-280,608,36,-0.6498803143426578,-0.4014075425911137
79,1567994400,156,51,-105,207,36,-0.29057383695296807,-1.1062142390381047
79,1568008800,10,45,35,55,36,-0.003128655041216349,-1.3733728870678867
79,1568023200,151,1250,1099,1401,36,2.181454727488097,0.9923872461432098
79,1568037600,309,839,530,1148,36,1.0131953810039058,0.5477087069883753
79,1568052000,1043,659,-384,1702,36,-0.8634110209056733,1.5214316741495546
79,1568066400,824,283,-541,1107,36,-1.185760260620995,0.47564617692771033
79,1568080800,174,56,-118,230,37,-0.34731064975371306,-1.0314094065653778
79,1568095200,8,46,38,54,37,-0.02966975399906091,-1.3274250275209327
79,1568109600,170,1361,1191,1531,37,2.3180222511619255,1.1567515187935824
79,1568124000,378,745,367,1123,37,0.6402267505091478,0.4705334883966141
79,1568138400,1104,705,-399,1809,37,-0.9194714940297211,1.6243216473483792
79,1568152800,863,371,-492,1234,37,-1.10883433572961,0.6572251584310834
79,1568167200,212,72,-140,284,37,-0.3921061606934717,-0.9405864319540143
79,1568181600,15,52,37,67,37,-0.03170591358723176,-1.3055602373367154
79,1568196000,160,1275,1115,1435,37,2.1632741224609413,0.9952884528178251
79,1568210400,387,873,486,1260,37,0.8825297415014787,0.7009547387995176
79,1568224800,1110,702,-408,1812,37,-0.9377969303232587,1.6293673681601217
79,1568239200,852,269,-583,1121,37,-1.294124858253157,0.4671696745221191
79,1568253600,206,65,-141,271,37,-0.39414232028164253,-0.9624512221382314
79,1568268000,17,46,29,63,37,-0.047995190292598536,-1.3122878650857055
79,1568282400,173,1287,1114,1460,37,2.1612379628727703,1.037336126249012
79,1568296800,385,833,448,1218,37,0.8051556771509865,0.6303146474351239
79,1568311200,1115,637,-478,1752,37,-1.080328101495218,1.5284529519252734
79,1568325600,841,333,-508,1174,37,-1.1414128891403434,0.5563107421962351
79,1568340000,236,78,-158,314,37,-0.42875703328054693,-0.8901292238365902
79,1568354400,9,46,37,55,37,-0.03170591358723176,-1.3257431205836852
79,1568368800,172,1168,996,1340,37,1.9209711314686106,0.8355072937793153
79,1568383200,419,441,22,860,37,-0.062248307409794465,0.02819196390052913
79,1568397600,1107,680,-427,1787,37,-0.9764839624985048,1.587319694728935
79,1568412000,818,219,-599,1037,37,-1.3267034116638905,0.32588949179333154
79,1568426400,198,69,-129,267,37,-0.3697084052235924,-0.9691788498872214
79,1568440800,8,23,15,31,37,-0.0765014245269904,-1.3661088870776246
79,1568455200,56,413,357,469,37,0.6198651546274394,-0.6294336485632321
79,1568469600,232,510,278,742,37,0.45900854716194245,-0.17027305469467247
79,1568484000,632,600,-32,1232,37,-0.1722009251710202,0.6538613445565884
79,1568498400,555,252,-303,807,37,-0.7240001735653198,-0.060949103773586845
79,1568512800,159,82,-77,241,37,-0.2638281066387083,-1.0129084302556555
79,1568527200,13,20,7,33,37,-0.09279070123235718,-1.3627450732031297
79,1568541600,74,238,164,312,37,0.22688635411046584,-0.8934930377110851
79,1568556000,196,456,260,652,37,0.42235767457486717,-0.3216446790469449
79,1568570400,601,392,-209,993,37,-0.5326011722772601,0.2518855865544428
79,1568584800,446,134,-312,580,37,-0.7423256098588574,-0.4427419785287628
79,1568599200,129,50,-79,179,37,-0.26790042581505,-1.1171866603649987
79,1568613600,14,41,27,55,37,-0.05206750946894023,-1.3257431205836852
79,1568628000,155,1360,1205,1515,37,2.3465284853963175,1.1298410077976229
79,1568642400,341,890,549,1231,37,1.010807795556242,0.6521794376193409
79,1568656800,1113,664,-449,1777,37,-1.0212794734382635,1.5705006253564602
79,1568671200,751,258,-493,1009,37,-1.1108704953177808,0.27879609755040236
79,1568685600,240,56,-184,296,38,-0.5367499263298765,-0.9302847396778516
79,1568700000,16,45,29,61,38,-0.061938807873723516,-1.3265862796934067
79,1568714400,177,1324,1147,1501,38,2.4302622739759436,1.1018146463593566
79,1568728800,357,845,488,1202,38,0.9612457149965781,0.5975841762970119
79,1568743200,1119,669,-450,1788,38,-1.1297065343549315,1.5858084420379281
79,1568757600,820,288,-532,1108,38,-1.3124976691596477,0.43906356029078986
79,1568772000,194,49,-145,243,38,-0.4498126792886091,-1.0196633848728491
79,1568786400,7,74,67,81,38,0.022769278986998622,-1.292858489053785
79,1568800800,184,1223,1039,1407,38,2.189512974477049,0.9432940303531344
79,1568815200,471,527,56,998,38,-0.0017514829989998914,0.25356071177287043
79,1568829600,1144,649,-495,1793,38,-1.2300187424794709,1.5942403896978334
79,1568844000,895,284,-611,1179,38,-1.488601323422728,0.5587972170614469
79,1568858400,205,55,-150,260,38,-0.4609584801913357,-0.9909947628291708
79,1568872800,10,68,58,78,38,0.0027068373620907473,-1.2979176576497284
79,1568887200,158,1184,1026,1342,38,2.1605338921299597,0.8336787107743638
79,1568901600,470,649,179,1119,38,0.2724352192080744,0.4576138451425818
79,1568916000,1142,705,-437,1847,38,-1.1007274520078423,1.6853054244248122
79,1568930400,787,387,-400,1174,38,-1.0182485253276654,0.5503652694015415
79,1568944800,207,58,-149,265,38,-0.4587293200107903,-0.9825628151692654
79,1568959200,10,75,65,85,38,0.018310958625907984,-1.2861129309258608
79,1568973600,190,1259,1069,1449,38,2.2563877798934087,1.0141223906963401
79,1568988000,539,625,86,1164,38,0.06512332241735969,0.5335013740817306
79,1569002400,1043,704,-339,1747,38,-0.882269754314401,1.5166664712267035
79,1569016800,649,392,-257,1041,38,-0.6994786195096848,0.3260754616480571
79,1569031200,198,112,-86,310,38,-0.3182922286364352,-0.9066752862301165
79,1569045600,16,24,8,40,38,-0.10875117166517521,-1.3620004598650095
79,1569060000,49,436,387,485,38,0.7361005367615008,-0.6115571181334265
79,1569074400,276,613,337,889,38,0.6246425277342349,0.0697442527869321
79,1569088800,616,664,48,1280,38,-0.019584764443362445,0.7291225597915366
79,1569103200,472,280,-192,752,38,-0.5545832077742391,-0.16129111309447663
79,1569117600,148,90,-58,238,38,-0.25587574358116627,-1.0280953325327546
79,1569132000,10,17,7,27,38,-0.11098033184572054,-1.3839235237807637
79,1569146400,51,252,201,303,38,0.3214767431800714,-0.9184800129539841
79,1569160800,233,513,280,746,38,0.49758039744315163,-0.17140945028636315
79,1569175200,459,555,96,1014,38,0.08741492422281288,0.2805429442845678
79,1569189600,328,201,-127,529,38,-0.4096877960387933,-0.5373559787262587
79,1569204000,114,51,-63,165,38,-0.26702154448389287,-1.1512017683673739
79,1569218400,8,41,33,49,38,-0.05302216715154223,-1.34682295407718
79,1569232800,188,1288,1100,1476,38,2.3254917454903135,1.0596549080598294
79,1569247200,508,530,22,1038,38,-0.07754292913754075,0.3210162930521139
79,1569261600,1136,753,-383,1889,38,-0.980352802258395,1.7561337847680176
79,1569276000,764,379,-385,1143,38,-0.9848111226194857,0.49808719391012785
79,1569290400,146,61,-85,207,39,-0.3513975047499115,-0.997425199230403
79,1569304800,10,56,46,66,39,-0.05608834465612608,-1.2290171235527887
79,1569319200,184,1286,1102,1470,39,2.324419083275457,1.0770471441679876
79,1569333600,405,664,259,1069,39,0.424070824045983,0.41840628137879154
79,1569348000,1161,933,-228,2094,39,-0.6737578856156468,2.1019645964883327
79,1569362400,806,451,-355,1257,39,-0.9600499721187822,0.7271955138086391
79,1569376800,210,66,-144,276,39,-0.48439934021199804,-0.8840929809449802
79,1569391200,11,54,43,65,39,-0.06285114984911354,-1.2306596194699686
79,1569405600,231,1261,1030,1492,39,2.162111758643758,1.1131820543459485
79,1569420000,413,468,55,881,39,-0.03579992907716373,0.10961704894894402
79,1569434400,1209,766,-443,1975,39,-1.1584255911130807,1.9065075823439077
79,1569448800,775,343,-432,1118,39,-1.1336286387387935,0.4988885813206135
79,1569463200,192,68,-124,260,39,-0.43931397225874835,-0.9103729156198609
79,1569477600,13,42,29,55,39,-0.09441090741638831,-1.247084578641769
79,1569492000,234,1251,1017,1485,39,2.1328062694741456,1.1016845829256883
79,1569506400,350,837,487,1187,39,0.9380440187130292,0.6122207996060363
79,1569520800,1199,654,-545,1853,39,-1.3883609676746542,1.7061230804479428
79,1569535200,691,440,-251,1131,39,-0.7256060587618839,0.520241028243954
79,1569549600,202,68,-134,270,39,-0.4618566562353732,-0.8939479564480605
79,1569564000,8,55,47,63,39,-0.0538340762584636,-1.2339446113043286
79,1569578400,163,1238,1075,1401,39,2.26355383653857,0.9637149258825648
79,1569592800,363,868,505,1231,39,0.978620849870954,0.684490619961958
79,1569607200,1119,701,-418,1820,39,-1.1020688811715187,1.6519207151810016
79,1569621600,595,272,-323,867,39,-0.8879133833935827,0.08662210610842346
79,1569636000,185,68,-117,253,39,-0.42353409347511095,-0.9218703870401211
79,1569650400,8,20,12,28,39,-0.13273347017665055,-1.2914319684056301
79,1569664800,46,465,419,511,39,0.7847537676719804,-0.4981064404076708
79,1569679200,246,472,226,718,39,0.34967996692312103,-0.1581097855514025
79,1569693600,570,448,-122,1018,39,-0.4348054354634234,0.3346389896026095
79,1569708000,454,170,-284,624,39,-0.7999969158847459,-0.31250440176632627
79,1569722400,156,52,-104,208,39,-0.39422860430549866,-0.9957827033132229
79,1569736800,14,19,5,33,39,-0.14851334896028792,-1.28321948881973
79,1569751200,39,248,209,287,39,0.3113574041628588,-0.8660255258559998
79,1569765600,207,417,210,624,39,0.31361167256052125,-0.31250440176632627
79,1569780000,476,301,-175,777,39,-0.554281660539535,-0.06120252643778015
79,1569794400,336,136,-200,472,39,-0.6106383704810971,-0.5621637811776924
79,1569808800,93,46,-47,139,39,-0.2657353056387371,-1.1091149215986458
79,1569823200,9,49,40,58,39,-0.06961395504210098,-1.2421570908902289
79,1569837600,117,1176,1059,1293,39,2.22748554217597,0.7863253668271205
79,1569852000,349,806,457,1155,39,0.8704159667831547,0.559660930256275
79,1569866400,1018,581,-437,1599,39,-1.1448999807271059,1.2889291174842128
79,1569880800,598,211,-387,809,39,-1.0321865608439817,-0.008642657088018871
79,1569895200,140,46,-94,186,40,-0.4123979434991299,-0.6955253704286958
79,1569909600,7,51,44,58,40,-0.1006566190757112,-0.8848888270392786
79,1569924000,137,1300,1163,1437,40,2.427158902879401,1.155206537538797
79,1569938400,324,848,524,1172,40,0.9836610310927018,0.7631650062746999
79,1569952800,1098,701,-397,1799,40,-1.0968734601679404,1.6907500632656016
79,1569967200,670,308,-362,978,40,-1.0178086315098271,0.4761610173492853
79,1569981600,164,57,-107,221,40,-0.44176487985785773,-0.6437463002617395
79,1569996000,9,46,37,55,40,-0.11646958480733388,-0.8893270330535891
79,1570010400,186,1330,1144,1516,40,2.384237995893568,1.272079295915641
79,1570024800,385,855,470,1240,40,0.8616752954487553,0.863764342599072
79,1570039200,1113,656,-457,1769,40,-1.2324131664389921,1.646368003122496
79,1570039250,0,0,0,0,40,-0.20005240367448238,-0.9706941433159489
79,1570053600,661,289,-372,950,40,-1.0403985825550024,0.4347377612157203
79,1570068000,192,57,-135,249,40,-0.5050167427843485,-0.6023230441281746
79,1570082400,8,42,34,50,40,-0.12324657012088647,-0.89672404307744
79,1570096800,182,1284,1102,1466,40,2.289360201503832,1.1981091956771321
79,1570111200,346,853,507,1199,40,0.9452581143159038,0.8031088604034946
79,1570125600,1096,701,-395,1797,40,-1.0923554699589055,1.687791259256061
79,1570140000,776,490,-286,1266,40,-0.846125003566495,0.9022287947230966
79,1570154400,174,58,-116,232,40,-0.4620958357985155,-0.6274728782092676
79,1570168800,9,40,31,49,40,-0.13002355543443905,-0.8982034450822102
79,1570183200,149,1134,985,1283,40,2.0250577742752816,0.9273786288041896
79,1570197600,395,808,413,1203,40,0.7329125744912562,0.8090264684225753
79,1570212000,1095,644,-451,1739,40,-1.218859195811887,1.6019859429793908
79,1570226400,559,318,-241,877,40,-0.7444702238632063,0.3267414148674973
79,1570240800,112,60,-52,172,40,-0.31752014910939375,-0.7162369984954783
79,1570255200,0,3,3,3,40,-0.1932754183609298,-0.9662559373016384
79,1570269600,0,1,1,1,40,-0.19779340856996486,-0.9692147413111787
79,1570284000,1,0,-1,1,40,-0.2023113987789999,-0.9692147413111787
79,1570298400,1,0,-1,1,40,-0.2023113987789999,-0.9692147413111787
79,1570312800,0,1,1,1,40,-0.19779340856996486,-0.9692147413111787
79,1570327200,1,2,1,3,40,-0.19779340856996486,-0.9662559373016384
79,1570341600,0,1,1,1,40,-0.19779340856996486,-0.9692147413111787
79,1570356000,2,2,0,4,40,-0.20005240367448238,-0.9647765352968682
79,1570370400,2,1,-1,3,40,-0.2023113987789999,-0.9662559373016384
79,1570384800,1,2,1,3,40,-0.19779340856996486,-0.9662559373016384
79,1570399200,1,0,-1,1,40,-0.2023113987789999,-0.9692147413111787
79,1570413600,0,0,0,0,40,-0.20005240367448238,-0.9706941433159489
79,1570428000,3,32,29,35,40,-0.1345415456434741,-0.9189150731489927
79,1570442400,156,1283,1127,1439,40,2.34583507911677,1.1581653415483375
79,1570456800,325,780,455,1105,40,0.8277903688809923,0.6640450719550979
79,1570471200,1082,637,-445,1719,40,-1.2053052251847818,1.5723979028839872
79,1570485600,641,290,-351,931,40,-0.9929596853601342,0.4066291231250869
79,1570500000,3,2,-1,5,41,-0.24354938391511644,-1.220123292980449
79,1570514400,3,38,35,41,41,-0.16074149804157112,-1.160021438639793
79,1570528800,164,1375,1211,1539,41,2.5443161071609097,1.3408835003130635
79,1570543200,327,870,543,1197,41,1.007769780396235,0.7699158840768306
79,1570557600,1154,689,-465,1843,41,-1.310851024063034,1.848410270300826
79,1570572000,649,295,-354,944,41,-1.0555267092862692,0.3475334077383308
79,1570586400,2,9,7,11,41,-0.225147631498773,-1.2101063172570063
79,1570600800,3,42,39,45,41,-0.1515406218333994,-1.1533434548241646
79,1570615200,118,1148,1030,1266,41,2.1279764587411396,0.8851111048964214
79,1570629600,313,743,430,1056,41,0.7478450275153844,0.5345169545759275
79,1570644000,944,558,-386,1502,41,-1.1291337189516428,1.2791121500185003
79,1570658400,525,223,-302,748,41,-0.9359153185800371,0.02031220077253649
79,1570672800,0,1,1,1,41,-0.23894894581103057,-1.2268012767960776
79,1570687200,3,38,35,41,41,-0.16074149804157112,-1.160021438639793
79,1570701600,177,1168,991,1345,41,2.0382679157114656,1.0170012852550834
79,1570716000,347,839,492,1186,41,0.8904586087420459,0.7515514285838524
79,1570730400,1098,748,-350,1846,41,-1.0463258330780976,1.8534187581625472
79,1570744800,670,294,-376,964,41,-1.1061315284312137,0.38092332681647306
79,1570759200,3,3,0,6,41,-0.2412491648630735,-1.2184537970265419
79,1570773600,3,39,36,42,41,-0.15844127898952817,-1.158351942685886
79,1570788000,154,1203,1049,1357,41,2.1716806207299553,1.0370352367019688
79,1570802400,345,804,459,1149,41,0.8145513800246292,0.6897800782892891
79,1570816800,1094,713,-381,1807,41,-1.1176326236914282,1.7883084159601699
79,1570831200,540,266,-274,806,41,-0.8715091851228352,0.11714296609914909
79,1570845600,86,50,-36,136,41,-0.32405705073661883,-1.0014193230186172
79,1570860000,9,24,15,33,41,-0.2067458790824296,-1.1733774062710498
79,1570874400,40,378,338,418,41,0.5362248747274353,-0.5306214640168111
79,1570888800,242,413,171,655,41,0.15208829303626678,-0.1349509229408251
79,1570903200,519,405,-114,924,41,-0.503474136795967,0.31414348866018854
79,1570917600,353,149,-204,502,41,-0.7104938514798304,-0.39038380388861355
79,1570932000,93,53,-40,146,41,-0.3332579269447905,-0.9847243634795461
79,1570946400,11,21,10,32,41,-0.21824697434264426,-1.175046902224957
79,1570960800,39,230,191,269,41,0.19809267407712527,-0.779376361148971
79,1570975200,256,459,203,715,41,0.2256953027016404,-0.03478116570639827
79,1570989600,709,362,-347,1071,41,-1.0394251759219688,0.5595593938845342
79,1571004000,330,118,-212,448,41,-0.7288956038961738,-0.48053658539959765
79,1571018400,74,40,-34,114,41,-0.31945661263253294,-1.0381482340045738
79,1571032800,7,27,20,34,41,-0.195244783822215,-1.1717079103171428
79,1571047200,89,979,890,1068,41,1.8059457914551302,0.5545509060228129
79,1571061600,313,942,629,1255,41,1.2055886188719267,0.8667466494034433
79,1571076000,970,649,-321,1619,41,-0.9796194805688526,1.4744431766256327
79,1571090400,471,248,-223,719,41,-0.754198013468646,-0.028103181890769813
79,1571104800,96,57,-39,153,42,-0.34818301314247907,-1.0174602730019013
79,1571119200,4,50,46,54,42,-0.15674402393584883,-1.1794343078095857
79,1571133600,142,1260,1118,1402,42,2.2576394634701233,1.0260303277536307
79,1571148000,402,807,405,1209,42,0.6518041775368602,0.7102627649467309
79,1571162400,1086,728,-358,1814,42,-1.0666422785179501,1.7001040887714685
79,1571176800,662,267,-395,929,42,-1.149974544407895,0.2521543836724724
79,1571191200,1,6,5,7,42,-0.24908518343551753,-1.2563310718091933
79,1571205600,3,42,39,45,42,-0.17250958775286543,-1.1941592200648297
79,1571220000,146,1185,1039,1331,42,2.0797138146780787,0.9098671310733722
79,1571234400,312,893,581,1205,42,1.0481954963647064,0.7037183594999559
79,1571248800,1131,629,-502,1760,42,-1.390962448468006,1.6117546152400042
79,1571263200,639,316,-323,955,42,-0.9878144594328672,0.2946930190765107
79,1571277600,1,2,1,3,42,-0.2580940770452413,-1.2628754772559685
79,1571292000,6,49,43,55,42,-0.16350069414314164,-1.1777982064478918
79,1571306400,180,1311,1131,1491,42,2.2869183677017255,1.1716433489443772
79,1571320800,357,880,523,1237,42,0.9175665390237117,0.7560736030741568
79,1571335200,1108,729,-379,1837,42,-1.113938969969,1.7377344200904254
79,1571349600,693,358,-335,1051,42,-1.0148411402620385,0.4517587497991136
79,1571364000,2,1,-1,3,42,-0.2625985238501032,-1.2628754772559685
79,1571378400,3,42,39,45,42,-0.17250958775286543,-1.1941592200648297
79,1571392800,147,1143,996,1290,42,1.9828682083735483,0.8427869752439272
79,1571407200,340,894,554,1234,42,0.9873854644990708,0.7511652989890755
79,1571421600,1109,691,-418,1800,42,-1.2017756826638069,1.6771986697077554
79,1571436000,550,266,-284,816,42,-0.8999777467380603,0.06727492980107518
79,1571450400,92,95,3,187,42,-0.2535896302403794,-0.9618328267043128
79,1571464800,8,17,9,25,42,-0.24007628982579376,-1.2268812472987054
79,1571479200,35,397,362,432,42,0.5549585712323295,-0.5609879930893366
79,1571493600,235,487,252,722,42,0.3072139969649257,-0.0865185981981402
79,1571508000,546,568,22,1114,42,-0.21079738559419148,0.5548331355858218
79,1571522400,331,182,-149,513,42,-0.5959275874098828,-0.42846378279214037
79,1571536800,82,73,-9,155,42,-0.28061631106955076,-1.0141880702785138
79,1571551200,12,15,3,27,42,-0.2535896302403794,-1.2236090445753178
79,1571565600,44,266,222,310,42,0.23964729489199735,-0.7605923592159778
79,1571580000,265,380,115,645,42,-0.0013406091681136725,-0.21249840304856132
79,1571594400,284,307,23,591,42,-0.20854516219176053,-0.3008478765800255
79,1571608800,567,295,-272,862,42,-0.872951065908889,0.14253559243898908
79,1571623200,61,37,-24,98,42,-0.3143996621060149,-1.1074458478950593
79,1571637600,7,49,42,56,42,-0.1657529175455726,-1.1761621050861981
79,1571652000,129,1211,1082,1340,42,2.1765594209826093,0.9245920433286162
79,1571666400,351,785,434,1136,42,0.7171186562073576,0.590827365543085
79,1571680800,1029,701,-328,1730,42,-0.9990755764450219,1.5626715743891906
79,1571695200,647,229,-418,876,42,-1.2017756826638069,0.16544101150270202
79,1571709600,1,2,1,3,43,-0.30331705037661605,-1.2382093320246592
79,1571724000,2,55,53,57,43,-0.18754556522762453,-1.1521719924097105
79,1571738400,151,1278,1127,1429,43,2.2035808780419313,1.033813747436765
79,1571752800,300,830,530,1130,43,0.8744351735429322,0.55742181142066
79,1571767200,1103,639,-464,1742,43,-1.3385812925743286,1.532511660390079
79,1571781600,628,276,-352,904,43,-1.0892273245611162,0.1973396122914301
79,1571796000,1,3,2,4,43,-0.30109067566221237,-1.2366160479577155
79,1571810400,3,40,37,43,43,-0.22316756065808346,-1.1744779693469194
79,1571824800,146,1295,1149,1441,43,2.252561121758812,1.052933156240087
79,1571839200,366,927,561,1293,43,0.9434527896894465,0.8171271143324498
79,1571853600,1084,772,-312,1856,43,-1.0001723359849688,1.7141460440216376
79,1571868000,698,310,-388,1008,43,-1.1693768142796486,0.3630411552535536
79,1571882400,1,1,0,2,43,-0.3055434250910197,-1.2398026160916027
79,1571896800,6,39,33,45,43,-0.2320730595156982,-1.1712914012130322
79,1571911200,154,1242,1088,1396,43,2.1167522641801875,0.9812353732276298
79,1571925600,332,950,618,1282,43,1.0703561484104562,0.7996009895960713
79,1571940000,1194,686,-508,1880,43,-1.4365417800080906,1.7523848616282816
79,1571954400,664,339,-325,1003,43,-1.0291152072722167,0.3550747349188361
79,1571968800,2,4,2,6,43,-0.30109067566221237,-1.2334294798238286
79,1571983200,5,53,48,58,43,-0.19867743879964295,-1.150578708342767
79,1571997600,142,1140,998,1282,43,1.916378539883856,0.7996009895960713
79,1572012000,373,789,416,1162,43,0.6206284561009123,0.6084069015628519
79,1572026400,1095,714,-381,1809,43,-1.1537921912788227,1.6392616928752932
79,1572040800,586,327,-259,913,43,-0.8821744761215736,0.21167916889392158
79,1572055200,131,89,-42,220,43,-0.39905116309597444,-0.8924666894979206
79,1572069600,10,23,13,33,43,-0.27660055380377185,-1.1904108100163542
79,1572084000,44,411,367,455,43,0.5115360950951319,-0.5180449337661993
79,1572098400,235,703,468,938,43,0.7363999412499039,0.25151127056750894
79,1572112800,645,847,202,1492,43,0.14418426721852423,1.1341906436542053
79,1572127200,366,237,-129,603,43,-0.5927457632490948,-0.282238891858562
79,1572141600,101,84,-17,185,43,-0.34339179523588237,-0.948231631840943
79,1572156000,13,9,-4,22,43,-0.31444892394863444,-1.2079369347527327
79,1572170400,45,239,194,284,43,0.12637326950329475,-0.790496509213537
79,1572184800,158,356,198,514,43,0.1352787683609095,-0.42404117381653306
79,1572199200,259,356,97,615,43,-0.08958507779386249,-0.26311948305524
79,1572213600,249,155,-94,404,43,-0.5148226482449659,-0.5993024211803175
79,1572228000,90,42,-48,132,43,-0.4124094113823965,-1.0326756873889482
79,1572242400,9,39,30,48,43,-0.23875218365890924,-1.1665115490122018
79,1572256800,168,1286,1118,1454,43,2.183543505612298,1.0736458491103524
79,1572271200,320,741,421,1061,43,0.6317603296729308,0.44748521080155884
79,1572285600,1012,658,-354,1670,43,-1.0936800739899235,1.4177952075701474
79,1572300000,609,279,-330,888,43,-1.040247080844235,0.1718470672203342
79,1572314400,133,64,-69,197,44,-0.40145446888116454,-1.0096489511826916
79,1572328800,10,49,39,59,44,-0.14100164627881392,-1.245650936816645
79,1572343200,153,1300,1147,1453,44,2.5310513856045613,1.1383111499495218
79,1572357600,357,866,509,1223,44,0.9924504520832674,0.7449745072262661
79,1572372000,1075,779,-296,1854,44,-0.9488877163879571,1.824085035740937
79,1572386400,716,302,-414,1018,44,-1.233456541083118,0.39439184740771216
79,1572400800,145,49,-96,194,44,-0.4665676745317522,-1.0147794291312557
79,1572415200,5,41,36,46,44,-0.148236446906657,-1.26788300792709
79,1572429600,162,1337,1175,1499,44,2.59857619146443,1.2169784784941728
79,1572444000,352,945,593,1297,44,1.1950248696628734,0.8715262966241831
79,1572458400,1098,751,-347,1849,44,-1.0718793270612894,1.8155342391599967
79,1572472800,687,312,-375,999,44,-1.139404132921158,0.3618988204001389
79,1572487200,157,53,-104,210,44,-0.48586047620600037,-0.9874168800722467
79,1572501600,9,38,29,47,44,-0.16511764837162415,-1.2661728486109018
79,1572510976,77,553,476,630,44,0.9128676451769936,-0.26914996727325824
79,1572516000,116,662,546,778,44,1.0816796598266654,-0.016046388477424154
79,1572530400,309,863,554,1172,44,1.1009724615009135,0.6577563821006747
79,1572544800,1027,571,-456,1598,44,-1.334743749872921,1.3862842507967916
79,1572559200,535,246,-289,781,44,-0.9320065149229899,-0.01091591052885995
79,1572573600,148,87,-61,235,44,-0.38216166720691636,-0.944662897167545
79,1572588000,11,50,39,61,44,-0.14100164627881392,-1.2422306181842688
79,1572597512,56,625,569,681,44,1.1371464646401288,-0.18193184214766675
79,1572602400,113,705,592,818,44,1.1926132694535925,0.052359984170098565
79,1572611423,181,615,434,796,44,0.8115804363871906,0.01473647921396107
79,1572611485,2,1,-1,3,44,-0.2374656546500549,-1.341419858523177
79,1572615209,124,202,78,326,44,-0.04694923811685397,-0.7890383993944309
79,1572616800,333,648,315,981,44,0.5246000114827488,0.33111595270875366
79,1572631200,1081,679,-402,1760,44,-1.2045173385717456,1.6633300600192586
79,1572645600,579,294,-285,873,44,-0.9223601140858658,0.1464187465604423
79,1572660000,155,73,-82,228,44,-0.43280527160181786,-0.9566340123808615
79,1572674400,13,22,9,35,44,-0.21334965255724464,-1.2866947604051586
79,1572688800,82,406,324,488,44,0.546304413366278,-0.5119925901719639
79,1572703200,402,735,333,1137,44,0.5680088152498072,0.5979008060340922
79,1572717600,718,691,-27,1409,44,-0.3001672600913615,1.0630641400372467
79,1572732000,424,228,-196,652,44,-0.7077276954598547,-0.2315264623171207
79,1572742800,141,90,-51,231,44,-0.3580456651141061,-0.9515035344322973
79,1572757200,8,17,9,25,44,-0.21334965255724464,-1.3037963535670394
79,1572771600,42,186,144,228,44,0.11221637569569363,-0.9566340123808615
79,1572786000,446,632,186,1078,44,0.21350358448549667,0.49700140637899626
79,1572800400,1171,669,-502,1840,44,-1.4456773594998482,1.800142805314304
79,1572814800,546,195,-351,741,44,-1.0815257278984134,-0.07932228317638267
79,1572829200,107,74,-33,181,44,-0.31463686134704766,-1.0370115002417006
79,1572843600,6,10,4,16,44,-0.22540765360364975,-1.319187787412732
79,1572858000,108,868,760,976,44,1.5977621046128045,0.3225651561278133
79,1572872400,290,1099,809,1389,44,1.7159305148675748,1.0288609537134854
79,1572886800,753,696,-57,1449,44,-0.37251526636979226,1.1314705126847695
79,1572901200,1050,416,-634,1466,44,-1.7640085871249434,1.1605432210599667
79,1572915600,215,80,-135,295,45,-0.6208366082405552,-0.9163992192037341
79,1572930000,10,13,3,23,45,-0.30183226592120616,-1.385185923492802
79,1572944400,95,907,812,1002,45,1.5682729002842537,0.30210151584174694
79,1572958800,309,1139,830,1448,45,1.6098821623259079,1.07077383243338
79,1572973200,793,740,-53,1533,45,-0.43128330338413046,1.2172696775237137
79,1572987600,993,450,-543,1443,45,-1.5639798811847179,1.0621564297810075
79,1573002000,229,70,-159,299,45,-0.6763156242960942,-0.909505297081836
79,1573016400,15,8,-7,23,45,-0.32494852261101403,-1.385185923492802
79,1573030800,97,955,858,1052,45,1.67460768105737,0.3882755423654726
79,1573045200,307,1186,879,1493,45,1.7231518201059668,1.1483304563047332
79,1573059600,811,797,-14,1608,45,-0.34112990229387957,1.3465307173093022
79,1573074000,995,482,-513,1477,45,-1.4946311111152941,1.120754767817141
79,1573088400,207,79,-128,286,45,-0.6046552285576897,-0.9319105439780048
79,1573102800,16,8,-8,24,45,-0.32726014827999483,-1.3834624429623272
79,1573117200,108,870,762,978,45,1.4526916168352142,0.2607379831103586
79,1573131600,310,1220,910,1530,45,1.7948122158443713,1.2120992359322902
79,1573146000,805,743,-62,1548,45,-0.45208793440495754,1.2431218854808315
79,1573160400,1060,514,-546,1574,45,-1.5709147581916603,1.2879323792731687
79,1573174800,250,88,-162,338,45,-0.6832505013030366,-0.84228955639333
79,1573189200,18,18,0,36,45,-0.3087671429281485,-1.362780676596633
79,1573203600,85,822,737,907,45,1.3949009751106944,0.13837086544666818
79,1573218000,265,1036,771,1301,45,1.4734962478560414,0.8174221944536265
79,1573232400,844,776,-68,1620,45,-0.46595768841884233,1.3672124836749964
79,1573246800,868,386,-482,1254,45,-1.4229707153768896,0.7364186095213244
79,1573261200,214,126,-88,340,45,-0.5121902017984581,-0.838842595332381
79,1573275600,19,15,-4,34,45,-0.3180136456040717,-1.3662276376575822
79,1573290000,28,272,244,300,45,0.25526952030316447,-0.9077818165513616
79,1573304400,166,576,410,742,45,0.6389993813539758,-0.14600342208162656
79,1573318800,514,706,192,1220,45,0.13506498551616333,0.6778202714851909
79,1573333200,461,311,-150,772,45,-0.6555109932752671,-0.09429900616739116
79,1573347600,187,82,-105,269,45,-0.5514878381711316,-0.9612097129960715
79,1573362000,20,25,5,45,45,-0.29720901458324456,-1.3472693518223624
79,1573376400,25,154,129,179,45,-0.0105674316296265,-1.1163229607387777
79,1573390800,127,466,339,593,45,0.4748739588563396,-0.4028020211223291
79,1573405200,456,588,132,1044,45,-0.0036325546226841283,0.37448769812167654
79,1573419600,351,238,-113,589,45,-0.5699808435229778,-0.40969594324422715
79,1573434000,133,68,-65,201,45,-0.45902281141189993,-1.0784063890683384
79,1573448400,11,13,2,24,45,-0.30414389159018695,-1.3834624429623272
79,1573462800,77,871,794,948,45,1.5266636382425995,0.20903356719612323
79,1573477200,342,1156,814,1498,45,1.5728961516222153,1.1569478589571056
79,1573491600,816,699,-117,1515,45,-0.579227346198901,1.1862470279751725
79,1573506000,904,413,-491,1317,45,-1.4437753463977168,0.8449978829412187
79,1573520400,211,67,-144,278,46,-0.6524833363866204,-0.9360751816913435
79,1573534800,9,14,5,23,46,-0.31483008912725785,-1.3719037777837788
79,1573549200,118,929,811,1047,46,1.5116700269200316,0.3782471335834909
79,1573563600,301,1218,917,1519,46,1.7518797196011886,1.1849573192918417
79,1573578000,801,720,-81,1521,46,-0.5097171982836683,1.188375582790606
79,1573592400,1083,499,-584,1582,46,-1.6495801739310463,1.292632619502914
79,1573606800,212,76,-136,288,46,-0.6343543029767217,-0.9189838641975225
79,1573621200,12,7,-5,19,46,-0.33749138088963115,-1.3787403047813072
79,1573635600,121,970,849,1091,46,1.59778293561705,0.45344893055630325
79,1573650000,277,1240,963,1517,46,1.856121661708106,1.1815390557930776
79,1573664400,758,744,-14,1502,46,-0.35788654347576715,1.155902079552346
79,1573678800,1023,473,-550,1496,46,-1.572531781938977,1.1456472890560534
79,1573693200,226,83,-143,309,46,-0.650217207210383,-0.8830920974604984
79,1573707600,15,11,-4,26,46,-0.33522525171339385,-1.3667763825356325
79,1573722000,118,880,762,998,46,1.4006296972844023,0.294499677863768
79,1573736400,299,1146,847,1445,46,1.5932506772645754,1.0584815698375665
79,1573750800,776,748,-28,1524,46,-0.3896123519430898,1.1935029780387523
79,1573765200,1037,572,-465,1609,46,-1.3799108019588038,1.3387791767362307
79,1573779600,238,83,-155,321,46,-0.677410757325231,-0.8625825164679133
79,1573794000,20,13,-7,33,46,-0.3420236392421058,-1.3548124602899578
79,1573808400,105,811,706,916,46,1.2737264634151118,0.15435087441443585
79,1573822800,308,1170,862,1478,46,1.6272426149081354,1.1148829175671757
79,1573837200,861,780,-81,1641,46,-0.5097171982836683,1.393471392716458
79,1573851600,916,412,-504,1328,46,-1.4682898398320599,0.8585131551598608
79,1573866000,240,132,-108,372,46,-0.5709026860420764,-0.7754167972494261
79,1573880400,25,24,-1,49,46,-0.32842686418468187,-1.3274663522998442
79,1573894800,37,287,250,324,46,0.24037155905088844,-0.857455121219767
79,1573909200,217,565,348,782,46,0.46245221832214695,-0.07467278000276546
79,1573923600,456,757,301,1213,46,0.35594414703899235,0.6619630039809193
79,1573938000,378,317,-61,695,46,-0.46439461475892174,-0.2233672421990081
79,1573952400,129,92,-37,221,46,-0.4100075145292258,-1.0334956914061233
79,1573966800,19,14,-5,33,46,-0.33749138088963115,-1.3548124602899578
79,1573981200,28,159,131,187,46,-0.029297812921354048,-1.0916061708851146
79,1573995600,140,420,280,560,46,0.3083554343380084,-0.4541000283655915
79,1574010000,348,552,204,900,46,0.13612961694397116,0.12700476642432226
79,1574024400,273,212,-61,485,46,-0.46439461475892174,-0.5822849095692489
79,1574038800,112,94,-18,206,46,-0.3669510601807165,-1.0591326676468547
79,1574053200,9,6,-3,15,46,-0.3329591225371565,-1.3855768317788357
79,1574067600,102,902,800,1004,46,1.4867426059814208,0.3047544683600606
79,1574082000,262,1111,849,1373,46,1.59778293561705,0.9354240838820552
79,1574096400,707,658,-49,1365,46,-0.43720106464407377,0.9217510298869984
79,1574110800,990,394,-596,1384,46,-1.6767737240458944,0.9542245331252583
79,1574125200,203,68,-135,271,47,-0.6024883627481092,-0.9075919500968322
79,1574139600,14,5,-9,19,47,-0.30816837607193515,-1.3206623951548788
79,1574154000,99,914,815,1013,47,1.616590901873838,0.3086710270185271
79,1574168400,306,1218,912,1524,47,1.8431705741562896,1.1462860961640104
79,1574182800,770,673,-97,1443,47,-0.5137251921632313,1.0135134531096384
79,1574197200,995,550,-445,1545,47,-1.3266089648879025,1.180708633252181
79,1574211600,269,78,-191,347,47,-0.7332972457152976,-0.7830151492063102
79,1574226000,13,7,-6,20,47,-0.30116075734155,-1.3190232267221087
79,1574240400,114,934,820,1048,47,1.62827026642448,0.36604192216547804
79,1574254800,327,1159,832,1486,47,1.6563007413460202,1.0839976957187494
79,1574269200,766,403,-363,1169,47,-1.1350673862573766,0.5643813025306512
79,1574283600,1302,1103,-199,2405,47,-0.7519842289963246,2.5903934854344035
79,1574298000,237,87,-150,324,47,-0.6375264564000347,-0.8207160231600208
79,1574312400,17,17,0,34,47,-0.2871455198807798,-1.2960748686633283
79,1574326800,103,919,816,1022,47,1.6189267747839664,0.3234235429134574
79,1574341200,381,1144,763,1525,47,1.495125510547163,1.1479252645967806
79,1574355600,796,735,-61,1531,47,-0.42963376739861014,1.1577602751934006
79,1574370000,1053,533,-520,1586,47,-1.50179943314753,1.247914538995752
79,1574384400,272,88,-184,360,47,-0.7169461353443991,-0.7617059595802999
79,1574398800,17,14,-3,31,47,-0.2941531386111649,-1.3009923739616385
79,1574413200,91,856,765,947,47,1.4997972563674198,0.2004859104557054
79,1574427600,328,1185,857,1513,47,1.7146975640992295,1.1282552434035402
79,1574442000,780,705,-75,1485,47,-0.4623359881404073,1.0823585272859795
79,1574456400,887,361,-526,1248,47,-1.5158146706083002,0.6938756087194833
79,1574470800,222,99,-123,321,47,-0.5744578878265688,-0.8256335284583309
79,1574485200,19,21,2,40,47,-0.2824737740605231,-1.2862398580667083
79,1574499600,36,267,231,303,47,0.25244112235887267,-0.8551385602481913
79,1574514000,182,582,400,764,47,0.6472036441705664,-0.09948191274120936
79,1574528400,521,581,60,1102,47,-0.14699314527307786,0.45455701753505945
79,1574542800,411,228,-183,639,47,-0.7146102624342707,-0.30437796683746265
79,1574557200,161,100,-61,261,47,-0.42963376739861014,-0.9239836344245325
79,1574571600,26,11,-15,37,47,-0.3221836135327053,-1.2911573633650184
79,1574586000,24,245,221,269,47,0.229082393257589,-0.9108702869623723
79,1574600400,131,349,218,480,47,0.2220747745272039,-0.5650057476478968
79,1574614800,275,434,159,709,47,0.08425827282963033,-0.1896361765435608
79,1574629200,276,211,-65,487,47,-0.4389772590391236,-0.5535315686185066
79,1574643600,121,69,-52,190,47,-0.40861091120745485,-1.0403645931512044
79,1574658000,10,10,0,20,47,-0.2871455198807798,-1.3190232267221087
79,1574672400,79,836,757,915,47,1.481110273086393,0.14803252060706457
79,1574686800,302,989,687,1291,47,1.3175991693774074,0.7643598513285944
79,1574701200,793,746,-47,1539,47,-0.396931546656813,1.170873622655561
79,1574715600,1008,366,-642,1374,47,-1.7867759281831905,0.9004108312485065
79,1574730000,213,81,-132,294,48,-0.7895340022803623,-0.5353412786191232
79,1574744400,10,13,3,23,48,-0.34219512447502387,-1.0534039965356652
79,1574758800,94,854,760,948,48,2.1662162125519484,0.7148912583455205
79,1574773200,326,1128,802,1454,48,2.3053883078691646,1.6821965545291744
79,1574787600,857,728,-129,1585,48,-0.7795931383291326,1.9326253960312665
79,1574802000,948,356,-592,1304,48,-2.3137998081355895,1.3954459726565496
79,1574816400,218,76,-142,294,48,-0.8226702154511282,-0.5353412786191232
79,1574830800,17,13,-4,30,48,-0.36539047369455996,-1.0400223027149427
79,1574845200,74,739,665,813,48,1.851422187429673,0.45681573466015823
79,1574847645,37,239,202,276,48,0.31721551762321576,-0.5697513484438381
79,1574859600,280,706,426,986,48,1.05946669264837,0.7875347390865853
79,1574863388,183,203,20,386,48,-0.28586356208472197,-0.35946758840391335
79,1574874000,677,500,-177,1177,48,-0.9386469615488084,1.1526638133377274
79,1574888400,577,295,-282,872,48,-1.2865771998418496,0.5696042968633905
79,1574902800,202,184,-18,386,48,-0.4117811721336321,-0.35946758840391335
79,1574917200,11,11,0,22,48,-0.3521359884262536,-1.0553156670814825
79,1574931600,37,352,315,389,48,0.6916547264528694,-0.35373257676646086
79,1574946000,467,963,496,1430,48,1.2914201848437306,1.6363164614295544
79,1574960400,453,417,-36,870,48,-0.47142635584101056,0.5657809557717556
79,1574974800,283,167,-116,450,48,-0.736516061207137,-0.2371206734715935
79,1574982110,79,42,-37,121,48,-0.47473997715808713,-0.8660602830455503
79,1574982191,0,1,1,1,48,-0.348822367109177,-1.09546074854365
79,1574982271,2,0,-2,2,48,-0.35876323106040675,-1.0935490779978325
79,1574982362,1,2,1,3,48,-0.348822367109177,-1.091637407452015
79,1574982443,1,0,-1,1,48,-0.3554496097433302,-1.09546074854365
79,1574982524,4,0,-4,4,48,-0.36539047369455996,-1.0897257369061975
79,1574982605,0,0,0,0,48,-0.3521359884262536,-1.0973724190894676
79,1574982685,1,0,-1,1,48,-0.3554496097433302,-1.09546074854365
79,1574989200,104,94,-10,198,48,-0.3852722015970194,-0.7188616510176029
79,1575003600,20,17,-3,37,48,-0.3620768523774834,-1.0266406088942202
79,1575018000,35,473,438,508,48,1.099230148453289,-0.1262437818141786
79,1575032400,196,787,591,983,48,1.6062142099660057,0.7817997274491328
79,1575046800,651,778,127,1429,48,0.06869391884247218,1.634404790883737
79,1575061200,547,388,-159,935,48,-0.87900177784143,0.690039541249893
79,1575075600,221,101,-120,322,48,-0.7497705464754434,-0.4818145033362332
79,1575090000,24,15,-9,39,48,-0.38195858027994284,-1.022817267802585
79,1575104400,29,288,259,317,48,0.5060919326965809,-0.4913728560653207
79,1575118800,150,644,494,794,48,1.2847929422095774,0.42049399428962575
79,1575133200,510,846,336,1356,48,0.7612407741114776,1.4948528410390596
79,1575147600,424,349,-75,773,48,-0.6006575872069972,0.3803489128274583
79,1575162000,151,239,88,390,48,-0.06053731252351448,-0.3518209062206434
79,1575176400,15,11,-4,26,48,-0.36539047369455996,-1.0476689848982126
79,1575190800,25,160,135,185,48,0.09520288937908483,-0.7437133681132304
79,1575205200,121,482,361,603,48,0.8440813070383921,0.05536492003848367
79,1575219600,339,378,39,717,48,-0.22290475706026694,0.27329536226167844
79,1575234000,237,185,-52,422,48,-0.5244442969142359,-0.29064744875448345
79,1575248400,129,48,-81,177,48,-0.6205393151094567,-0.7590067324797705
79,1575262800,7,17,10,24,48,-0.3189997752554878,-1.0514923259898477
79,1575277200,89,849,760,938,48,2.1662162125519484,0.6957745528873455
79,1575291600,242,1042,800,1284,48,2.2987610652350114,1.3572125617401998
79,1575306000,769,736,-33,1505,48,-0.4614854918897808,1.7796917523658666
79,1575320400,1075,691,-384,1766,48,-1.6245665741836608,2.278637764824234
79,1575334800,263,74,-189,337,49,-0.7167329687342426,-0.8967593272002605
79,1575349200,13,14,1,27,49,-0.29085589572610737,-1.3987718149527495
79,1575363600,95,845,750,940,49,1.3879963552375414,0.07973593123441984
79,1575378000,269,1201,932,1470,49,1.7959417620137552,0.9380153457789979
79,1575392400,784,733,-51,1517,49,-0.40741172623359706,1.0141269165027624
79,1575406800,1060,562,-498,1622,49,-1.40934357694221,1.1841634042898959
79,1575421200,240,81,-159,321,49,-0.649489220364537,-0.9226696491487761
79,1575435600,14,10,-4,24,49,-0.30206318712105834,-1.4036300003180964
79,1575450000,106,875,769,981,49,1.430584062538355,0.14613113122749097
79,1575464400,327,1215,888,1542,49,1.697317597738187,1.054611794547318
79,1575478800,771,726,-45,1497,49,-0.39396297655965595,0.9817390140671179
79,1575493200,1291,555,-736,1846,49,-1.9428106473418743,1.5469079115691138
79,1575507600,298,84,-214,382,49,-0.7727694257089973,-0.8238865467200605
79,1575522000,16,17,1,33,49,-0.29085589572610737,-1.3890554442220562
79,1575536400,121,834,713,955,49,1.3050623989149046,0.10402685806115318
79,1575550800,290,1276,986,1566,49,1.9169805090792251,1.0934772774700914
79,1575565200,823,758,-65,1581,49,-0.43879214213945966,1.1177682042968247
79,1575579600,1163,771,-392,1934,49,-1.1717489993692505,1.6894146822859493
79,1575594000,309,94,-215,403,49,-0.7750108839879875,-0.7898792491626339
79,1575608400,30,15,-15,45,49,-0.32671922818995036,-1.3696227027606696
79,1575622800,108,783,675,891,49,1.2198869843132776,0.00038557026709091775
79,1575637200,307,1252,945,1559,49,1.8250807196406276,1.0821415116176158
79,1575651600,899,788,-111,1687,49,-0.5418992229730082,1.2894240872057403
79,1575666000,1015,546,-469,1561,49,-1.3443412868514948,1.0853803018611803
79,1575680400,267,115,-152,382,49,-0.6337990124116057,-0.8238865467200605
79,1575694800,34,11,-23,45,49,-0.34465089442187186,-1.3696227027606696
79,1575709200,32,439,407,471,49,0.6191761655439079,-0.6797603808814426
79,1575723600,274,607,333,881,49,0.4533082528986342,-0.01580838095073131
79,1575738000,544,753,209,1297,49,0.1753674263038512,0.6578599897106734
79,1575752400,484,443,-41,927,49,-0.3849971434436952,0.05868379465125094
79,1575766800,211,124,-87,335,49,-0.4881042242772437,-0.899998117443825
79,1575781200,26,11,-15,37,49,-0.32671922818995036,-1.3825778637349273
79,1575795600,27,172,145,199,49,0.03191409644847931,-1.1202358540062072
79,1575810000,170,512,342,682,49,0.4734813774095459,-0.3380680101853937
79,1575824400,468,568,100,1036,49,-0.06895152610607903,0.23519786292551323
79,1575838800,407,240,-167,647,49,-0.6674208865964586,-0.39474683944777145
79,1575853200,128,69,-59,197,49,-0.42534339246551855,-1.1234746442497716
79,1575867600,8,9,1,17,49,-0.29085589572610737,-1.414965766170572
79,1575882000,116,904,788,1020,49,1.4731717698391684,0.20928754097699767
79,1575896400,275,1112,837,1387,49,1.5830032255096875,0.8036055506710734
79,1575910800,795,644,-151,1439,49,-0.6315575541326156,0.887814097003749
79,1575925200,1082,610,-472,1692,49,-1.3510656616884653,1.2975210628146514
79,1575939600,262,76,-186,338,50,-0.7742381671608599,-0.8851266840388434
79,1575954000,13,16,3,29,50,-0.327912635503423,-1.3539526617327504
79,1575968400,105,936,831,1041,50,1.627418265091062,0.18149034611913917
79,1575982800,338,1194,856,1532,50,1.6864560338288184,0.9264533074385836
79,1575997200,795,773,-22,1568,50,-0.38695040424117916,0.9810738096941845
79,1576011600,1077,747,-330,1824,50,-1.1142957150903356,1.369486270178457
79,1576026000,273,96,-177,369,50,-0.7529845704152677,-0.838092362652076
79,1576040400,11,16,5,27,50,-0.3231896140044025,-1.3569871340802837
79,1576054800,118,845,727,963,50,1.3818211471419963,0.06314592456533741
79,1576069200,338,1200,862,1538,50,1.7006250983258797,0.9355567244811838
79,1576083600,760,850,90,1610,50,-0.12246120029603143,1.0447977289923853
79,1576098000,1142,695,-447,1837,50,-1.3905924727830345,1.3892103404374239
79,1576112400,277,103,-174,380,50,-0.7459000381667369,-0.8214027647406424
79,1576126800,16,12,-4,28,50,-0.34444321074999473,-1.355469897906517
79,1576141200,113,886,773,999,50,1.4904506416194676,0.11776642682093821
79,1576155600,352,1252,900,1604,50,1.7903625068072693,1.0356943119497852
79,1576170000,837,864,27,1701,50,-0.27123637751517704,1.1828662208051541
79,1576184400,1139,768,-371,1907,50,-1.2111176558202557,1.4954168726010921
79,1576198800,315,138,-177,453,50,-0.7529845704152677,-0.7106445240556741
79,1576213200,24,17,-7,41,50,-0.35152774299852546,-1.33574582764755
79,1576227600,96,818,722,914,50,1.370013593394445,-0.011198647949230367
79,1576242000,330,1149,819,1479,50,1.599080136096939,0.846039790228949
79,1576256400,1124,806,-318,1930,50,-1.0859575860962125,1.530313304597726
79,1576270800,1307,662,-645,1969,50,-1.8581716011860636,1.589485515374627
79,1576285200,285,136,-149,421,50,-0.6868622694289807,-0.7591960816162082
79,1576299600,24,17,-7,41,50,-0.35152774299852546,-1.33574582764755
79,1576314000,31,296,265,327,50,0.2908031808682619,-0.901816281950277
79,1576328400,189,572,383,761,50,0.5694614493104712,-0.2433357825355338
79,1576342800,556,667,111,1223,50,-0.07286947455631623,0.4576273297446766
79,1576357200,433,353,-80,786,50,-0.5239180277127735,-0.2054048781913666
79,1576371600,240,105,-135,345,50,-0.6538011189358373,-0.8745060308224766
79,1576386000,20,16,-4,36,50,-0.34444321074999473,-1.3433320085163836
79,1576400400,25,137,112,162,50,-0.07050796380680598,-1.1521602506217807
79,1576414800,136,511,375,647,50,0.5505693633143892,-0.4163007063449364
79,1576429200,477,711,234,1188,50,0.21759634763344424,0.4045240636628425
79,1576443600,403,256,-147,659,50,-0.6821392479299602,-0.39809387225973614
79,1576458000,154,89,-65,243,50,-0.4884953664701198,-1.0292641205466788
79,1576472400,16,11,-5,27,50,-0.346804721499505,-1.3569871340802837
79,1576486800,106,807,701,913,50,1.32042186765473,-0.012715884122997055
79,1576501200,319,1237,918,1556,50,1.8328697002984538,0.9628669756089842
79,1576515600,764,824,60,1588,50,-0.19330652278133886,1.0114185331695182
79,1576530000,1030,664,-366,1694,50,-1.1993101020727044,1.1722455675887873
79,1576544400,268,80,-188,348,51,-0.7187382490639046,-0.8810815376603836
79,1576558800,11,20,9,31,51,-0.25663239213992084,-1.367893987027954
79,1576573200,102,828,726,930,51,1.4252452698625986,0.012687691146954191
79,1576587600,358,1178,820,1536,51,1.6457424807806416,0.9433133829978935
79,1576602000,1002,758,-244,1760,51,-0.8500982896108238,1.2873070380715081
79,1576616400,1446,668,-778,2114,51,-2.102710104826089,1.830939867964631
79,1576630800,317,95,-222,412,51,-0.7984925593959628,-0.7827976362107795
79,1576645200,11,12,1,23,51,-0.27539811221805216,-1.3801794747091547
79,1576659600,101,824,723,925,51,1.4182081248332992,0.005009261346203866
79,1576674000,299,1198,899,1497,51,1.8310539665521883,0.883421630552041
79,1576688400,858,859,1,1717,51,-0.27539811221805216,1.2212725417850552
79,1576702800,1128,638,-490,1766,51,-1.427144182013362,1.2965211538324084
79,1576717200,292,111,-181,403,51,-0.7023182439955397,-0.79661880985213
79,1576731600,15,29,14,44,51,-0.24490381709108877,-1.3479300695460033
79,1576746000,98,780,682,878,51,1.3220338094328763,-0.06716797878084918
79,1576760400,347,1334,987,1681,51,2.037476887411633,1.165987847219653
79,1576774800,846,926,80,1772,51,-0.09008662644650539,1.3057352695933089
79,1576789200,1059,645,-414,1704,51,-1.2488698412711143,1.2013086243031044
79,1576803600,278,106,-172,384,51,-0.681206808907642,-0.8257968430949812
79,1576818000,23,26,3,49,51,-0.27070668219851934,-1.340251639745253
79,1576832400,82,701,619,783,51,1.174253763817592,-0.21305814499510534
79,1576846800,341,1122,781,1463,51,1.5542595953997513,0.8312083079069388
79,1576861200,885,832,-53,1717,51,-0.40206672274543853,1.2212725417850552
79,1576875600,864,642,-222,1506,51,-0.7984925593959628,0.8972428041933915
79,1576890000,294,131,-163,425,51,-0.6600953738197443,-0.7628337187288285
79,1576904400,23,14,-9,37,51,-0.2988552623157163,-1.3586798712670538
79,1576918800,29,276,247,305,51,0.3016477801844859,-0.9471160339468364
79,1576933200,189,538,349,727,51,0.5409107111806601,-0.299056558763509
79,1576947600,643,696,53,1339,51,-0.15342093171019858,0.6407832488483307
79,1576962000,598,366,-232,964,51,-0.8219497094936269,0.0649010137920564
79,1576976400,231,111,-120,342,51,-0.5592296283997883,-0.890295653421284
79,1576990800,19,15,-4,34,51,-0.28712668726688423,-1.363286929147504
79,1577005200,27,147,120,174,51,0.0037419739441512012,-1.148290894726495
79,1577019600,164,753,589,917,51,1.1038823135245996,-0.007276226334996653
79,1577034000,575,810,235,1385,51,0.2734992000672889,0.7114248030152337
79,1577048400,605,316,-289,921,51,-0.9556554650503125,-0.0011334824943963933
79,1577062800,174,84,-90,258,51,-0.4888581781067959,-1.0192932740738894
79,1577077200,10,17,7,27,51,-0.26132382215945366,-1.3740367308685544
79,1577091600,46,718,672,764,51,1.2985766593352122,-0.2422361782379566
79,1577106000,317,1045,728,1362,51,1.4299366998821312,0.6761040259317822
79,1577120400,972,923,-49,1895,51,-0.3926838627063729,1.4946246426917669
79,1577134800,923,471,-452,1394,51,-1.338007011642238,0.7252459766565843
79,1577149200,299,121,-178,420,52,-0.8876396981172322,-0.5866827502745089
79,1577163600,17,16,-1,33,52,-0.324345189960375,-1.3852040551616187
79,1577178000,47,622,575,669,52,1.5087488026856688,-0.0729054765874537
79,1577192400,296,761,465,1057,52,1.158678769367848,0.7276791908445841
79,1577206800,742,673,-69,1415,52,-0.5407521196477552,1.466362981928784
79,1577221200,472,307,-165,779,52,-0.8462677850887624,0.15406440335461888
79,1577235600,168,104,-64,272,52,-0.524839845406036,-0.8920604069238429
79,1577250000,13,5,-8,18,52,-0.34662237389878175,-1.416154493335538
79,1577264400,19,118,99,137,52,-0.006099705125992348,-1.1706143504891138
79,1577278800,137,446,309,583,52,0.6622158130262111,-0.2503546554512559
79,1577293200,561,639,78,1200,52,-0.07293125694121269,1.0227400347692785
79,1577307600,483,291,-192,774,52,-0.9321940659940458,0.14374759062997922
79,1577322000,155,178,23,333,52,-0.24796627360012313,-0.7661952916832391
79,1577336400,6,11,5,17,52,-0.305250460870312,-1.4182178558804657
79,1577350800,37,609,572,646,52,1.4992014381406373,-0.12036281512079615
79,1577365200,181,903,722,1084,52,1.9765696653922114,0.7833899795576383
79,1577379600,807,717,-90,1524,52,-0.6075836714629755,1.6912694993259287
79,1577394000,652,349,-303,1001,52,-1.2854465541602105,0.61213088832862
79,1577408400,243,117,-126,360,52,-0.7221520460033533,-0.7104845029701848
79,1577422800,25,15,-10,40,52,-0.3529872835954694,-1.3707605173471233
79,1577437200,43,645,602,688,52,1.5946750835909522,-0.03370158823382298
79,1577451600,274,897,623,1171,52,1.6615066354061727,0.9629025209663684
79,1577466000,835,748,-87,1583,52,-0.5980363069179441,1.8130078894766766
79,1577480400,729,371,-358,1100,52,-1.460481570819121,0.8164037802764852
