remote_unit_id,time_stamp,entries,exits,num_people_exited,sum_exit_entry,week_num,z_score_num_people_exited,z_score_sum_exit_entry
72,1546311600,93,48,-45,141,1,-0.6151939593626219,-0.6203902244515453
72,1546326000,26,47,21,73,1,-0.44787472316234833,-0.74615928187869
72,1546340400,23,117,94,140,1,-0.2628095073650761,-0.6222397694137093
72,1546354800,117,301,184,418,1,-0.03464691254652126,-0.10806626993214741
72,1546369200,182,234,52,416,1,-0.3692853849470683,-0.11176535985647519
72,1546383600,39,86,47,125,1,-0.38196108465921025,-0.6499829438461676
72,1546398000,24,38,14,62,1,-0.465620702759347,-0.7665042764624928
72,1546412400,25,584,559,609,1,0.9160305658641239,0.24519681784115588
72,1546426800,150,1198,1048,1348,1,2.155713997711605,1.6120105448802717
72,1546441200,302,412,110,714,1,-0.22224726828622188,0.43939903886836446
72,1546455600,676,511,-165,1187,1,-0.9194107524540281,1.3142338059718852
72,1546470000,119,183,64,302,1,-0.33886370563792767,-0.32261348554315883
72,1546484400,16,21,5,37,1,-0.48843696224120253,-0.81274290051659
72,1546498800,25,631,606,656,1,1.035182143158258,0.3321254310628588
72,1546513200,174,1248,1074,1422,1,2.221627636214743,1.7488768720803998
72,1546527600,275,473,198,748,1,0.000845046647476153,0.5022835675819368
72,1546542000,702,719,17,1421,1,-0.45801528293206184,1.7470273271182357
72,1546556400,178,218,40,396,1,-0.39970706425620894,-0.148756259099753
72,1546570800,17,28,11,45,1,-0.47322612258663216,-0.797946540819279
72,1546585200,18,571,553,589,1,0.9008197262095535,0.20820591859787804
72,1546599600,179,1490,1311,1669,1,2.8224558025702704,2.2057144777348805
72,1546614000,298,498,200,796,1,0.005915326532332926,0.5910617257658036
72,1546628400,656,571,-85,1227,1,-0.7165995570597572,1.3882156044584408
72,1546642800,137,201,64,338,1,-0.33886370563792767,-0.25602986690525875
72,1546657200,24,27,3,51,1,-0.4935072421260593,-0.7868492710462955
72,1546671600,2,5,3,7,1,-0.4935072421260593,-0.8682292493815068
72,1546686000,1,6,5,7,1,-0.48843696224120253,-0.8682292493815068
72,1546700400,2,4,2,6,1,-0.49604238206848766,-0.8700787943436707
72,1546714800,1,2,1,3,1,-0.49857752201091604,-0.8756274292301623
72,1546729200,1,1,0,2,1,-0.5011126619533445,-0.8774769741923263
72,1546743600,1,5,4,6,1,-0.4909721021836309,-0.8700787943436707
72,1546758000,1,1,0,2,1,-0.5011126619533445,-0.8774769741923263
72,1546772400,2,2,0,4,1,-0.5011126619533445,-0.8737778842679985
72,1546786800,1,3,2,4,1,-0.49604238206848766,-0.8737778842679985
72,1546801200,2,3,1,5,1,-0.49857752201091604,-0.8719283393058346
72,1546815600,2,3,1,5,1,-0.49857752201091604,-0.8719283393058346
72,1546830000,1,5,4,6,1,-0.4909721021836309,-0.8700787943436707
72,1546844400,28,620,592,648,1,0.9996901839642607,0.31732907136554767
72,1546858800,173,1753,1580,1926,1,3.5044084470835064,2.6810475330110006
72,1546873200,241,605,364,846,1,0.42167827709058836,0.6835389738739982
72,1546887600,765,532,-233,1297,1,-1.0918002685391586,1.5176837518099133
72,1546902000,155,151,-4,306,1,-0.511253221723058,-0.31521530569450323
72,1546916400,18,20,2,38,2,-0.49339981286411294,-0.9076520016310646
72,1546930800,22,629,607,651,2,0.9412367868471938,0.14607070360379085
72,1546945200,200,1453,1253,1653,2,2.4730966933157954,1.8684689917690847
72,1546959600,263,431,168,694,2,-0.09976398550530813,0.2199859994032995
72,1546974000,789,554,-235,1343,2,-1.055397951924575,1.3355912778656505
72,1546988400,235,196,-39,431,2,-0.5906231196214081,-0.2321005772309044
72,1547002800,27,32,5,59,2,-0.4862859123696767,-0.8715538339150255
72,1547017200,38,490,452,528,2,0.5736852613013218,-0.06536142159015242
72,1547031600,298,1423,1125,1721,2,2.16957027221985,1.9853582967543542
72,1547046000,299,385,86,684,2,-0.29421059901989843,0.20279639572899516
72,1547060400,723,524,-199,1247,2,-0.9700311459913403,1.170571082592329
72,1547074800,204,210,6,414,2,-0.48391461220486465,-0.26132290347722176
72,1547089200,22,25,3,47,2,-0.49102851269930087,-0.8921813583241908
72,1547103600,27,561,534,588,2,0.7681318748159122,0.03777620045567357
72,1547118000,206,1340,1134,1546,2,2.1909119737031584,1.6845402324540284
72,1547132400,262,432,170,694,2,-0.09502138517568398,0.2199859994032995
72,1547146800,727,580,-147,1307,2,-0.8467235374211124,1.273708704638155
72,1547161200,201,175,-26,376,2,-0.5597962174788511,-0.32664339743957826
72,1547175600,17,20,3,37,2,-0.49102851269930087,-0.9093709619984951
72,1547190000,17,610,593,627,2,0.9080385845398248,0.10481565478546047
72,1547204400,195,1384,1189,1579,2,2.3213334827678227,1.7412659245792328
72,1547218800,291,451,160,742,2,-0.11873438682380474,0.3024960970399603
72,1547233200,682,612,-70,1294,2,-0.6641334247305825,1.2513622198615593
72,1547247600,171,206,35,377,2,-0.4151469074253144,-0.3249244370721478
72,1547262000,18,35,17,53,2,-0.4578303103919318,-0.8818675961196081
72,1547276400,2,11,9,13,2,-0.4768007117104284,-0.9506260108168254
72,1547290800,1,6,5,7,2,-0.4862859123696767,-0.9609397730214081
72,1547305200,1,6,5,7,2,-0.4862859123696767,-0.9609397730214081
72,1547319600,1,2,1,3,2,-0.495771113028925,-0.9678156144911297
72,1547334000,1,2,1,3,2,-0.495771113028925,-0.9678156144911297
72,1547348400,1,4,3,5,2,-0.49102851269930087,-0.9643776937562689
72,1547362800,1,6,5,7,2,-0.4862859123696767,-0.9609397730214081
72,1547377200,1,3,2,4,2,-0.49339981286411294,-0.9660966541236994
72,1547391600,2,5,3,7,2,-0.49102851269930087,-0.9609397730214081
72,1547406000,2,2,0,4,2,-0.4981424131937371,-0.9660966541236994
72,1547420400,3,6,3,9,2,-0.49102851269930087,-0.9575018522865472
72,1547434800,2,4,2,6,2,-0.49339981286411294,-0.9626587333888385
72,1547449200,22,600,578,622,2,0.8724690820676436,0.0962208529483083
72,1547463600,197,1581,1384,1778,2,2.7837370149061775,2.083339037697889
72,1547478000,300,534,234,834,2,0.05674182537228896,0.4606404508435601
72,1547492400,811,570,-241,1381,2,-1.0696257529134476,1.400911771828007
72,1547506800,175,178,3,353,2,-0.49102851269930087,-0.3661794858904782
72,1547521200,15,21,6,36,3,-0.5483920256141624,-0.9104089922533264
72,1547535600,21,573,552,594,3,1.3545496414780944,0.373233884509795
72,1547540781,70,512,442,582,3,0.9711731151408265,0.3456286613535989
72,1547540865,25,74,49,99,3,-0.3985266562277759,-0.7654815706832966
72,1547550000,151,1134,983,1285,3,2.8566885764904804,1.9628346512540904
72,1547564400,331,484,153,815,3,-0.03606157678163171,0.8816300776364077
72,1547578800,819,631,-188,1450,3,-1.2245288084271622,2.3424064696517877
72,1547593200,205,195,-10,400,3,-0.6041558839904922,-0.07305055651537623
72,1547607600,32,22,-10,54,3,-0.6041558839904922,-0.8690011575190322
72,1547622000,18,585,567,603,3,1.4068282587059036,0.3939378018769421
72,1547627239,57,470,413,527,3,0.8701011218337287,0.21910472188769978
72,1547627322,27,66,39,93,3,-0.433379067712982,-0.7792841822613946
72,1547633626,54,128,74,182,3,-0.31139562751476046,-0.5745454438529398
72,1547636400,125,877,752,1002,3,2.0515978711822176,1.3118114718204643
72,1547650800,285,394,109,679,3,-0.18941218731653886,0.5687708818661845
72,1547665200,745,519,-226,1264,3,-1.3569679720709455,1.914525510730747
72,1547679600,196,184,-12,380,3,-0.6111263662875335,-0.11905926177570315
72,1547694000,16,28,12,44,3,-0.5274805787230387,-0.8920055101491956
72,1547708400,25,588,563,613,3,1.392887294111821,0.4169421545071056
72,1547715272,98,688,590,786,3,1.4869888051218778,0.8149174550089335
72,1547722800,100,679,579,779,3,1.448651152488151,0.7988144081678191
72,1547737200,274,418,144,692,3,-0.06742874711831727,0.598676540285397
72,1547751600,737,591,-146,1328,3,-1.0781486801892963,2.061753367563793
72,1547766000,195,195,0,390,3,-0.5693034725052861,-0.0960549091455397
72,1547780400,21,31,10,52,3,-0.5344510610200799,-0.8736020280450648
72,1547794800,20,574,554,594,3,1.3615201237751355,0.373233884509795
72,1547797319,8,28,20,36,3,-0.49959864953487376,-0.9104089922533264
72,1547809200,167,1162,995,1329,3,2.8985114702727275,2.06405380282681
72,1547823600,277,416,139,693,3,-0.08485495286092035,0.6009769755484133
72,1547838000,647,575,-72,1222,3,-0.8202408351987706,1.8179072296840606
72,1547852400,137,175,38,312,3,-0.4368643088615027,-0.2754888596608147
72,1547866800,22,33,11,55,3,-0.5309658198715593,-0.8667007222560158
72,1547881200,1,7,6,8,3,-0.5483920256141624,-0.9748211796177841
72,1547895600,1,5,4,6,3,-0.5553625079112037,-0.9794220501438168
72,1547910000,0,5,5,5,3,-0.551877266762683,-0.9817224854068332
72,1547924400,3,4,1,7,3,-0.5658182313567655,-0.9771216148808004
72,1547938800,2,2,0,4,3,-0.5693034725052861,-0.9840229206698495
72,1547953200,4,2,-2,6,3,-0.5762739548023273,-0.9794220501438168
72,1547967600,1,3,2,4,3,-0.5623329902082449,-0.9840229206698495
72,1547982000,3,5,2,8,3,-0.5623329902082449,-0.9748211796177841
72,1547996400,1,3,2,4,3,-0.5623329902082449,-0.9840229206698495
72,1548010800,1,1,0,2,3,-0.5693034725052861,-0.9886237911958822
72,1548025200,2,7,5,9,3,-0.551877266762683,-0.9725207443547678
72,1548039600,1,4,3,5,3,-0.5588477490597242,-0.9817224854068332
72,1548054000,12,294,282,306,3,0.4135345313775279,-0.2892914712389128
72,1548068400,68,537,469,605,3,1.0652746261508832,0.3985386724029748
72,1548082800,173,307,134,480,3,-0.10228115860352344,0.1109842645259315
72,1548097200,300,252,-48,552,3,-0.7365950476342757,0.27661560346310843
72,1548111600,83,92,9,175,3,-0.5379363021686006,-0.5906484906940542
72,1548126000,14,22,8,36,4,-0.5104228267857245,-0.9062216240704682
72,1548140400,19,558,539,577,4,0.8638367164306008,0.09445717295386848
72,1548154800,182,1400,1218,1582,4,2.6211290513531713,1.953389134154346
72,1548169200,273,438,165,711,4,-0.10409750044869426,0.3423147677805988
72,1548183600,742,509,-233,1251,4,-1.134145143010083,1.3411438812614525
72,1548198000,179,159,-20,338,4,-0.5828884900815006,-0.3476171939385834
72,1548212400,16,16,0,32,4,-0.5311273020130891,-0.9136203582444005
72,1548226800,25,568,543,593,4,0.8741889540442831,0.12405210964959748
72,1548241200,201,1443,1242,1644,4,2.683242477035265,2.0680695138502956
72,1548255600,274,471,197,745,4,-0.021279599539235854,0.405204008259023
72,1548270000,745,526,-219,1271,4,-1.097912311362195,1.3781375521311137
72,1548284400,189,189,0,378,4,-0.5311273020130891,-0.2736298521992609
72,1548298800,24,27,3,51,4,-0.5233631238028273,-0.8784763709182223
72,1548313200,23,598,575,621,4,0.9570068549537415,0.17584324886712321
72,1548327600,204,1320,1116,1524,4,2.3571469922042727,1.8461074886323285
72,1548342000,281,443,162,724,4,-0.11186167865895598,0.3663606538458786
72,1548356400,700,659,-41,1359,4,-0.6372377375533327,1.5409097039576232
72,1548370800,232,185,-47,417,4,-0.6527660939738561,-0.2014921940034215
72,1548385200,24,24,0,48,4,-0.5311273020130891,-0.8840254215486715
72,1548399600,27,577,550,604,4,0.8923053698682271,0.14439862862791117
72,1548404808,25,68,43,93,4,-0.4198407476660044,-0.8007896620919337
72,1548407714,109,842,733,951,4,1.3659202406941924,0.7862388182165337
72,1548408353,7,79,72,86,4,-0.34478702496680774,-0.8137374468963151
72,1548414000,57,411,354,468,4,0.3850457267977944,-0.1071583332857853
72,1548428400,301,660,359,961,4,0.3979860238148973,0.8047356536513645
72,1548442800,724,751,27,1475,4,-0.4612496981207336,1.7554729950016585
72,1548457200,217,231,14,448,4,-0.49489447036520107,-0.14415200415544654
72,1548471600,25,37,12,62,4,-0.5000705891720422,-0.8581298519399086
72,1548486000,2,5,3,7,4,-0.5233631238028273,-0.959862446831477
72,1548500400,1,6,5,7,4,-0.5181870049959862,-0.959862446831477
72,1548514800,0,6,6,6,4,-0.5155989455925657,-0.9617121303749601
72,1548529200,1,4,3,5,4,-0.5233631238028273,-0.9635618139184432
72,1548543600,2,4,2,6,4,-0.525951183206248,-0.9617121303749601
72,1548558000,2,4,2,6,4,-0.525951183206248,-0.9617121303749601
72,1548572400,2,2,0,4,4,-0.5311273020130891,-0.9654114974619262
72,1548586800,3,6,3,9,4,-0.5233631238028273,-0.9561630797445109
72,1548601200,2,6,4,8,4,-0.5207750643994068,-0.958012763287994
72,1548615600,1,8,7,9,4,-0.513010886189145,-0.9561630797445109
72,1548630000,1,3,2,4,4,-0.525951183206248,-0.9654114974619262
72,1548644400,2,6,4,8,4,-0.5207750643994068,-0.958012763287994
72,1548658800,22,674,652,696,4,1.1562874290171257,0.3145695146283529
72,1548673200,186,1451,1265,1637,4,2.7427678433139384,2.0551217290459145
72,1548687600,241,418,177,659,4,-0.07304078760764736,0.24613122351947958
72,1548702000,726,465,-261,1191,4,-1.2066108063058592,1.2301628686524688
72,1548716400,183,172,-11,355,4,-0.5595959554507154,-0.31617257369937135
72,1548730800,23,17,-6,40,5,-0.5259093885879571,-1.1395600635787049
72,1548745200,23,581,558,604,5,0.7792844808384792,-0.04007682591516449
72,1548759600,196,1402,1206,1598,5,2.27886892656247,1.897664908548593
72,1548774000,244,392,148,636,5,-0.16952666537577415,0.022305201753688872
72,1548788400,759,476,-283,1235,5,-1.166935455664416,1.1900187821800376
72,1548802800,195,154,-41,349,5,-0.6069054620452714,-0.5371836089013396
72,1548817200,15,20,5,35,5,-0.5004534797870869,-1.1493072554019632
72,1548831600,26,586,560,612,5,0.783912827893183,-0.024481318997951147
72,1548846000,203,1371,1168,1574,5,2.1909303325231004,1.850878387796953
72,1548860400,285,394,109,679,5,-0.2597794329424958,0.10613105143371057
72,1548874800,773,441,-332,1214,5,-1.2803299585046561,1.1490805765223526
72,1548889200,184,166,-18,350,5,-0.5536794709161792,-0.535234170536688
72,1548903600,16,16,0,32,5,-0.5120243474238461,-1.1551555704959182
72,1548918000,23,559,536,582,5,0.7283726632367388,-0.08296446993750117
72,1548932400,208,1352,1144,1560,5,2.1353901678666563,1.8235862506918297
72,1548946800,249,411,162,660,5,-0.13712823599284843,0.0690917225053289
72,1548961200,681,418,-263,1099,5,-1.1206519851173793,0.924895164587411
72,1548975600,196,172,-24,368,5,-0.5675645120802902,-0.5001442799729581
72,1548990000,15,25,10,40,5,-0.48888261215032774,-1.1395600635787049
72,1549004400,18,582,564,600,5,0.7931695220025903,-0.04787457937377116
72,1549018800,194,1392,1198,1586,5,2.2603555383436555,1.874271648172773
72,1549033200,306,444,138,750,5,-0.19266840064929253,0.24454117532397898
72,1549047600,730,575,-155,1305,5,-0.8707212441633809,1.3264794677056544
72,1549062000,173,171,-2,344,5,-0.5166526944785498,-0.546930800724598
72,1549076400,33,23,-10,56,5,-0.5351660826973644,-1.1083690497442782
72,1549090800,16,185,169,201,5,-0.12092902130138555,-0.8257004868697865
72,1549105200,49,329,280,378,5,0.13594424023466842,-0.48064989632644134
72,1549119600,174,302,128,476,5,-0.2158101359228109,-0.28960493659057795
72,1549134000,234,237,3,471,5,-0.5050818268417906,-0.2993521284138363
72,1549148400,84,124,40,208,5,-0.4194574063297726,-0.8120544183172248
72,1549162800,35,32,-3,67,5,-0.5189668680059016,-1.0869252277331098
72,1549177200,15,88,73,103,5,-0.34308967992716194,-1.0167454466056498
72,1549191600,38,403,365,441,5,0.3326489900595746,-0.35783527935338627
72,1549206000,138,353,215,491,5,-0.014477039043201027,-0.26036336112080294
72,1549220400,345,252,-93,597,5,-0.727242485467567,-0.053722894467726164
72,1549234800,78,79,1,157,5,-0.5097101738964943,-0.9114757749144599
72,1549249200,25,38,13,63,5,-0.4819400915682722,-1.0947229811917165
72,1549263600,22,606,584,628,5,0.839452992549627,0.0067096948364755325
72,1549267915,29,53,24,82,5,-0.456484182767402,-1.0576836522633348
72,1549278000,203,1660,1457,1863,5,2.8597264819277814,2.414266075181285
72,1549292400,329,601,272,930,5,0.11743085201585371,0.5954400809612791
72,1549306800,878,536,-342,1414,5,-1.3034716937781745,1.5389682494526862
72,1549321200,211,167,-44,378,5,-0.613847982627327,-0.48064989632644134
72,1549335600,23,18,-5,41,6,-0.47454951914464144,-0.84595204637895
72,1549350000,25,596,571,621,6,1.0039658183932272,0.25253763764089154
72,1549364400,214,1667,1453,1881,6,3.2679424289980887,2.638911778787444
72,1549378800,337,589,252,926,6,0.18513527555541456,0.8301916956168427
72,1549393200,845,570,-275,1415,6,-1.1676035836155174,1.7563321361094335
72,1549407600,197,176,-21,373,6,-0.5156193896318045,-0.21716139966414416
72,1549422000,18,22,4,40,6,-0.45144771699561226,-0.8478459941100187
72,1549436400,22,579,557,601,6,0.9680296817169597,0.2146586830195177
72,1549450800,233,1638,1405,1871,6,3.1447328175365996,2.619972301476757
72,1549465200,347,624,277,971,6,0.2493069481916068,0.9154193435149339
72,1549479600,795,551,-244,1346,6,-1.088030709546639,1.6256497426656937
72,1549494000,235,202,-33,437,6,-0.5464217924971767,-0.09594874487574785
72,1549508400,23,21,-2,44,6,-0.4668489184282984,-0.840270203185744
72,1549522800,12,307,295,319,6,0.2955105524896652,-0.3194345771418536
72,1549537200,211,1428,1217,1639,6,2.6621618393124344,2.1805764278688207
72,1549551600,269,467,198,736,6,0.04652446266123936,0.4703416267137912
72,1549566000,720,552,-168,1272,6,-0.8929488247326147,1.4854976105666104
72,1549578416,195,175,-20,370,6,-0.5130525227263568,-0.22284324285735024
72,1549578497,1,0,-1,1,6,-0.46428205152285074,-0.9217099556216978
72,1549578578,1,3,2,4,6,-0.45658145080650764,-0.9160281124284917
72,1549578658,1,2,1,3,6,-0.45914831771195536,-0.9179220601595603
72,1549578739,2,2,0,4,6,-0.461715184617403,-0.9160281124284917
72,1549578819,2,0,-2,2,6,-0.4668489184282984,-0.919816007890629
72,1549578900,1,2,1,3,6,-0.45914831771195536,-0.9179220601595603
72,1549578980,1,0,-1,1,6,-0.46428205152285074,-0.9217099556216978
72,1549579061,1,2,1,3,6,-0.45914831771195536,-0.9179220601595603
72,1549579141,1,2,1,3,6,-0.45914831771195536,-0.9179220601595603
72,1549580400,38,91,53,129,6,-0.32567123862867553,-0.6792846460449051
72,1549594800,23,18,-5,41,6,-0.47454951914464144,-0.84595204637895
72,1549609200,21,586,565,607,6,0.9885646169605411,0.22602236940592987
72,1549623600,161,1288,1127,1449,6,2.431143817822142,1.820726358965769
72,1549638000,309,476,167,785,6,-0.03304841140763899,0.5631450655361571
72,1549652400,717,610,-107,1327,6,-0.7363699435003057,1.5896647357753886
72,1549666800,160,192,32,352,6,-0.379575443643077,-0.2569343020165867
72,1549681200,50,44,-6,94,6,-0.47711638605008916,-0.7455728166323093
72,1549695600,17,169,152,186,6,-0.07155141498935433,-0.5713296253739897
72,1549710000,45,318,273,363,6,0.23903948056981603,-0.2361008769748311
72,1549724400,187,279,92,466,6,-0.22556342931621565,-0.04102426067475577
72,1549738800,193,225,32,418,6,-0.379575443643077,-0.13193375176605301
72,1549753200,81,116,35,197,6,-0.3718748429267339,-0.550496200332234
72,1549767600,42,35,-7,77,6,-0.4796832529555368,-0.7777699280604772
72,1549782000,12,80,68,92,6,-0.2871682350469602,-0.7493607120944468
72,1549796400,29,179,150,208,6,-0.07668514880024971,-0.5296627752904784
72,1549810800,102,251,149,353,6,-0.0792520157056974,-0.255040354285518
72,1549825200,155,219,64,374,6,-0.29743570266875097,-0.21526745193307548
72,1549839600,78,118,40,196,6,-0.3590405083994955,-0.5523901480633028
72,1549854000,19,23,4,42,6,-0.45144771699561226,-0.8440580986478814
72,1549868400,22,616,594,638,6,1.063003757218524,0.2847347490690593
72,1549871692,17,21,4,38,6,-0.45144771699561226,-0.8516338895721561
72,1549882800,172,1388,1216,1560,6,2.6595949724069867,2.0309545571143937
72,1549897200,270,430,160,700,6,-0.051016479745772815,0.4021595083953183
72,1549905349,394,255,-139,649,6,-0.8185096844746318,0.30556817411081494
72,1549906595,85,41,-44,126,6,-0.5746573284571014,-0.6849664892381112
72,1549906866,22,26,4,48,6,-0.45144771699561226,-0.8326944122614692
72,1549911600,267,223,-44,490,6,-0.5746573284571014,0.004430484870892849
72,1549926000,198,179,-19,377,6,-0.5104856558209091,-0.2095856087398694
72,1549940400,45,17,-28,62,7,-0.682065359236085,-1.130440044600092
72,1549954800,28,626,598,654,7,0.9676110526880599,0.1394280889924212
72,1549963312,68,69,1,137,7,-0.6056426500574905,-0.9695614803780674
72,1549969200,197,1680,1483,1877,7,3.2998213155520664,2.7628212095729
72,1549983600,279,377,98,656,7,-0.35002186418426035,0.14371818403834186
72,1549998000,670,484,-186,1154,7,-1.0984373609677383,1.2119518504725844
72,1550012400,212,191,-21,403,7,-0.6636184983998725,-0.39897883927062067
72,1550026800,38,24,-14,62,7,-0.64517163756366,-1.130440044600092
72,1550041200,21,601,580,622,7,0.9201762676806564,0.07078656825769077
72,1550045286,24,13,-11,37,7,-0.6372658400624261,-1.1840662326741
72,1550046884,66,498,432,564,7,0.5301569242864496,-0.05362618807400815
72,1550055600,118,875,757,993,7,1.3866183202534577,0.8665991992759717
72,1550070000,301,469,168,770,7,-0.16555325582213554,0.388253601655819
72,1550084400,742,596,-146,1338,7,-0.9930267276179525,1.6066405946972844
72,1550098800,203,209,6,412,7,-0.5924663208887673,-0.3796734115639777
72,1550113200,41,23,-18,64,7,-0.6557127008986386,-1.1261499495541711
72,1550127600,36,745,709,781,7,1.2601255602337151,0.4118491244083826
72,1550142000,195,1593,1398,1788,7,3.075823719683772,2.571911980029431
72,1550156400,278,555,277,833,7,0.12169072005603028,0.5233915956023196
72,1550170800,718,599,-119,1317,7,-0.9218745501068473,1.5615945967151175
72,1550185200,181,203,22,384,7,-0.550302067548853,-0.43973474220686687
72,1550199600,52,25,-27,77,7,-0.6794300934023403,-1.098264331755687
72,1550214000,34,596,562,630,7,0.8727414826732529,0.08794694844137337
72,1550228400,173,1302,1129,1475,7,2.366937210406464,1.9005121053428489
72,1550242800,309,533,224,842,7,-0.01797836913243566,0.5426970233089625
72,1550257200,709,653,-56,1362,7,-0.7558528025809349,1.6581217352483322
72,1550271600,171,215,44,386,7,-0.49232621920647096,-0.4354446471609462
72,1550286000,65,38,-27,103,7,-0.6794300934023403,-1.0424930961587184
72,1550300400,19,212,193,231,7,-0.09967160997851951,-0.7679270132197967
72,1550314800,63,501,438,564,7,0.5459685192889174,-0.05362618807400815
72,1550329200,197,405,208,602,7,-0.06014262247234991,0.02788561779848424
72,1550343600,328,345,17,673,7,-0.5634783967175763,0.1801839919286674
72,1550358000,76,103,27,179,7,-0.5371257383801298,-0.8794694844137337
72,1550372400,44,32,-12,76,7,-0.6399011058961708,-1.1004093792786473
72,1550386800,15,120,105,135,7,-0.33157500334804785,-0.973851575423988
72,1550401200,38,359,321,397,7,0.23764241674079445,-0.4118491244083826
72,1550415600,137,384,247,521,7,0.04263274504369107,-0.14586323156130218
72,1550430000,254,266,12,520,7,-0.5766547258862994,-0.1480082790842625
72,1550444400,77,120,43,197,7,-0.4949614850402156,-0.8408586290004478
72,1550458800,31,31,0,62,7,-0.6082779158912351,-1.130440044600092
72,1550473200,13,265,252,278,7,0.055809074212414274,-0.6671097796406614
72,1550487600,70,660,590,730,7,0.9465289260181028,0.30245170073740596
72,1550502000,190,429,239,619,7,0.021550618373733947,0.06435142568880979
72,1550516400,424,307,-117,731,7,-0.916604018439358,0.3045967482603663
72,1550530800,109,98,-11,207,7,-0.6372658400624261,-0.8194081537708446
72,1550545200,46,22,-24,68,8,-0.6819415961717911,-1.3415729154799703
72,1550559600,20,606,586,626,8,0.5261446777821079,-0.3548448572578831
72,1550574000,189,1667,1478,1856,8,2.29272329477699,1.8202008624789756
72,1550588400,335,585,250,920,8,-0.1392930075433184,0.16504411965482946
72,1550602800,791,645,-146,1436,8,-0.9235588509625708,1.0775023240322432
72,1550617200,128,233,105,361,8,-0.42646105627006486,-0.8234522684207022
72,1550631600,32,15,-17,47,8,-0.6680783110608447,-1.3787078424023067
72,1550646000,23,554,531,577,8,0.41721886619610066,-0.4414930200766685
72,1550660400,190,1495,1305,1685,8,1.9501021056064578,1.5178164575399489
72,1550674800,349,408,59,757,8,-0.5175626441419983,-0.12319364645664044
72,1550689200,771,504,-267,1275,8,-1.1631956364517868,0.7928012176276626
72,1550703600,193,156,-37,349,8,-0.7076876970921201,-0.8446722266620375
72,1550718000,48,26,-22,74,8,-0.6779806575686635,-1.3309629363593025
72,1550732400,25,581,556,606,8,0.4667305987351949,-0.3902114543267751
72,1550746800,216,1529,1313,1745,8,1.965945860018968,1.6239162487466248
72,1550761200,308,519,211,827,8,-0.21653131030430536,0.0005894432844816005
72,1550775600,746,630,-116,1376,8,-0.8641447719156578,0.9714025328255673
72,1550790000,221,191,-30,412,8,-0.6938244119811736,-0.7332674458950276
72,1550804400,56,28,-28,84,8,-0.6898634733780461,-1.3132796378248566
72,1550818800,24,546,522,570,8,0.3993946424820268,-0.4538713290507807
72,1550833200,180,1402,1222,1582,8,1.7857231535766651,1.3356784826351549
72,1550847600,325,517,192,842,8,-0.254160227034017,0.02711439108615061
72,1550862000,661,688,27,1349,8,-0.5809376617920389,0.923657626782563
72,1550876400,199,217,18,416,8,-0.5987618855061128,-0.7261941264812491
72,1551495600,8455,5673,-2782,14128,9,-3.6871993307876845,4.085439114179476
72,1551510000,14,223,209,237,9,0.2280591909855662,-0.3265810353959907
72,1551524400,46,378,332,424,9,0.389067816254075,-0.26718662405263083
72,1551538800,142,309,167,451,9,0.1730806360158315,-0.25861096038273396
72,1551553200,214,249,35,463,9,0.00029089182523669055,-0.25479955430722423
72,1551567600,66,125,59,191,9,0.031707208950799384,-0.34119142535211133
72,1551582000,44,54,10,98,9,-0.03243443851389111,-0.3707298224373117
72,1551596400,17,108,91,125,9,0.07359563178488297,-0.3621541587674148
72,1551610800,44,356,312,400,9,0.3628875519827728,-0.2748094362036503
72,1551625200,169,427,258,596,9,0.2922008384502567,-0.2125564703036581
72,1551639600,292,241,-51,533,9,-0.11228424454136295,-0.23256635220008415
72,1551654000,59,71,12,130,9,-0.029816412086760887,-0.3605660729026191
72,1551668400,40,18,-22,58,9,-0.0743228613479747,-0.38343450935567747
72,1551682800,32,533,501,565,9,0.610291049346579,-0.22240260266539155
72,1551697200,173,1592,1419,1765,9,1.8119651793993519,0.15873800488558099
72,1551711600,306,641,335,947,9,0.39299485589477035,-0.10107284259499863
72,1551726000,745,530,-215,1275,9,-0.32696241156604133,0.003105590135600533
72,1551740400,216,172,-44,388,9,-0.10312115204640716,-0.27862084227916
72,1551754800,52,29,-23,81,10,-0.6740000389955457,-1.161723851506106
72,1551769200,30,767,737,797,10,0.6601278491445385,-0.07576138224062243
72,1551783600,216,2632,2416,2848,10,3.607497223075067,3.0350054117028225
72,1551798000,337,1029,692,1366,10,0.5811334347151914,0.7872451052063889
72,1551812400,885,912,27,1797,10,-0.5862284674073823,1.440945977068712
72,1551826800,269,194,-75,463,10,-0.7652824734472358,-0.5823416402499402
72,1551841200,49,26,-23,75,10,-0.6740000389955457,-1.1708240956619618
72,1551855600,30,644,614,674,10,0.44420978303765646,-0.26231638743567054
72,1551870000,206,1463,1257,1669,10,1.5729521936614381,1.2468074350771172
72,1551884400,318,545,227,863,10,-0.23514218105472856,0.02434130347379364
72,1551898800,790,587,-203,1377,10,-0.9899776967129342,0.8039288861587915
72,1551913200,233,212,-21,445,10,-0.6704891761320192,-0.6096423727175081
72,1551927600,56,27,-29,83,10,-0.6845326275861254,-1.1586904367874873
72,1551942000,37,577,540,614,10,0.31430785708717457,-0.3533188289942306
72,1551956400,200,1406,1206,1606,10,1.4834251906415115,1.1512548714406292
72,1551970800,322,489,167,811,10,-0.3404680669605247,-0.054527479210291746
72,1551985200,832,638,-194,1470,10,-0.9741788138270648,0.9449826705745596
72,1551999600,262,212,-50,474,10,-0.721396687653154,-0.5656578592975374
72,1552014000,63,37,-26,100,10,-0.6792663332908355,-1.1329064116792285
72,1552028400,28,658,630,686,10,0.47229668594586877,-0.24411589912395856
72,1552042800,208,1763,1555,1971,10,2.096070760326892,1.7048530575885361
72,1552057200,354,682,328,1036,10,-0.05784360644663842,0.2867316766343085
72,1552071600,801,906,105,1707,10,-0.4493048157298474,1.304442314730872
72,1552086000,211,244,33,455,10,-0.5756958788168027,-0.5944752991244148
72,1552100400,71,43,-28,114,10,-0.682777196154362,-1.1116725086488979
72,1552114800,16,206,190,222,10,-0.3000931440299695,-0.9478681138434897
72,1552129200,61,604,543,665,10,0.31957415138246437,-0.27596675366945456
72,1552143600,200,475,275,675,10,-0.15088147233009166,-0.26079968007636123
72,1552158000,361,442,81,803,10,-0.4914351700921658,-0.06666113808476642
72,1552172400,127,155,28,282,10,-0.5844730359756191,-0.8568656722849296
72,1552190400,64,34,-30,98,10,-0.6862880590178887,-1.1359398263978473
72,1552204800,28,204,176,232,10,-0.3246691840746553,-0.9327010402503964
72,1552219200,50,562,512,612,10,0.265155776997803,-0.3563522437128493
72,1552233600,193,458,265,651,10,-0.16843578664772435,-0.29720065669978524
72,1552248000,329,291,-38,620,10,-0.7003315104719948,-0.34421858483837464
72,1552262400,109,91,-18,200,10,-0.6652228818367294,-0.9812356757482951
72,1552276800,20,26,6,46,10,-0.623092527474411,-1.2148086090819326
72,1552291200,58,1168,1110,1226,10,1.3149037731922377,0.574906074903082
72,1552305600,184,1882,1698,2066,10,2.3470974550690396,1.848940256722923
72,1552320000,522,784,262,1306,10,-0.17370208094301415,0.6962426636478288
72,1552334400,781,658,-123,1439,10,-0.8495431821718726,0.8979647424359702
72,1552348800,280,144,-136,424,11,-0.8762145913391199,-0.7967064836479284
72,1552363200,2,21,19,23,11,-0.6069296759836059,-1.2687624966689255
72,1552377600,59,1127,1068,1186,11,1.215521138261131,0.10031766079596159
72,1552392000,219,1994,1775,2213,11,2.4438078166891852,1.3092990208272937
72,1552406400,919,934,15,1853,11,-0.6138789641218128,0.8855080864443534
72,1552420800,1389,702,-687,2091,11,-1.8334790323771086,1.165680981953075
72,1552435200,384,160,-224,544,11,-1.0290989303796698,-0.655442838853615
72,1552449600,54,16,-38,70,11,-0.705957031953053,-1.2134342357911527
72,1552464000,95,985,890,1080,11,0.9062778161109278,-0.024465225439015224
72,1552464345,3,4,1,7,11,-0.6382014726055366,-1.2875976493081673
72,1552472561,54,179,125,233,11,-0.42277354032112535,-1.0215511182788772
72,1552477785,16,63,47,79,11,-0.5582846590161582,-1.2028394624315792
72,1552478400,304,1664,1360,1968,11,1.7228191723502284,1.0208857460389038
72,1552492800,813,718,-95,1531,11,-0.8049843879225002,0.5064506395796126
72,1552507200,1182,655,-527,1837,11,-1.555507506848836,0.8666729338051117
72,1552521600,269,164,-105,433,11,-0.8223576082680172,-0.7861117102883549
72,1552536000,48,21,-27,69,11,-0.6868464895729843,-1.2146114328311055
72,1552550400,92,873,781,965,11,0.7169097143447921,-0.15984288503356556
72,1552551789,11,20,9,31,11,-0.624302896329123,-1.2593449203493048
72,1552564800,299,1556,1257,1855,11,1.543875002791403,0.8878624805242586
72,1552579200,481,844,363,1325,11,-0.009290896097819945,0.2639480493493746
72,1552593600,803,1537,734,2340,11,0.635255578720862,1.4588030449012752
72,1552608000,649,278,-371,927,11,-1.2844852694587703,-0.20457637255176478
72,1552622400,57,19,-38,76,11,-0.705957031953053,-1.2063710535514371
72,1552636800,71,837,766,908,11,0.6908498838265166,-0.2269431163108644
72,1552651200,244,1745,1501,1989,11,1.9677815792220186,1.0456068838779087
72,1552665600,698,1318,620,2016,11,0.43720086678196785,1.0773912039566291
72,1552680000,1002,1747,745,2749,11,0.6543661211009308,1.9402766342418933
72,1552694400,506,328,-178,834,11,-0.9491821167902915,-0.31405569726735766
72,1552708800,76,30,-46,106,11,-0.7198556082294667,-1.1710551423528588
72,1552723200,40,322,282,362,11,-0.15001398089650791,-0.8696927001249902
72,1552737600,121,751,630,872,11,0.45457408712748487,-0.26932220974915844
72,1552752000,606,1828,1222,2434,11,1.4830687315820934,1.5694595666568207
72,1552766400,947,1462,515,2409,11,0.254782053154039,1.5400296406580054
72,1552780800,393,237,-156,630,11,-0.9109610320301541,-0.5542038934176904
72,1552795200,49,30,-19,79,11,-0.6729479132965707,-1.2028394624315792
72,1552809600,28,129,101,157,11,-0.46446926915036624,-1.1110180933152756
72,1552824000,96,699,603,795,11,0.4076663921945889,-0.3599663818255095
72,1552838400,544,1511,967,2055,11,1.040051612771409,1.123301888514781
72,1552852800,862,1091,229,1953,11,-0.2420920487277482,1.0032277904396145
72,1552867200,250,141,-109,391,11,-0.829306896406224,-0.8355539859663645
72,1552881600,15,37,22,52,11,-0.6017177098799509,-1.2346237825103
72,1552896000,62,890,828,952,11,0.7985638499687222,-0.1751464465529495
72,1552910400,209,1688,1479,1897,11,1.9295604944618812,0.9373047562022684
72,1552924800,616,1204,588,1820,11,0.38160656167631335,0.8466605841259173
72,1552939200,929,1087,158,2016,11,-0.3654419131809192,1.0773912039566291
72,1552953600,332,202,-130,534,12,-1.0658050482955614,-0.7461361813570664
72,1552968000,42,23,-19,65,12,-0.8539022656423751,-1.3486038512120737
72,1552982400,75,906,831,981,12,0.7687767006207634,-0.17192925507734716
72,1552988607,58,143,85,201,12,-0.6553627215348853,-1.1739010727466557
72,1552996800,245,1756,1511,2001,12,2.0669198736312744,1.1383415834132873
72,1553011200,625,1159,534,1784,12,0.2017935794676432,0.8595878854206719
72,1553025600,954,1025,71,1979,12,-0.6820891986262781,1.1100808398379989
72,1553040000,416,219,-197,635,12,-1.193710331518656,-0.6163936767614251
72,1553054400,52,26,-26,78,12,-0.8672655041880716,-1.3319043209175851
72,1553068800,79,957,878,1036,12,0.8585013022847252,-0.10127739613912669
72,1553083200,220,1610,1390,1830,12,1.8359267501985217,0.9186785310780926
72,1553097600,682,1208,526,1890,12,0.18652130684399015,0.9957532862834241
72,1553112000,1016,1273,257,2289,12,-0.3270088601263443,1.508300408398878
72,1553126400,395,233,-162,628,12,-1.1268941387901736,-0.6253857315353805
72,1553140800,53,18,-35,71,12,-0.8844468108896812,-1.3408963756915406
72,1553155200,62,939,877,1001,12,0.8565922682067685,-0.14623767000890336
72,1553169600,253,1645,1392,1898,12,1.839744818354435,1.0060299203108016
72,1553184000,553,1014,461,1567,12,0.06243409177680896,0.5808341874280565
72,1553198400,863,1024,161,1887,12,-0.5102761316101811,0.9918995485231574
72,1553212800,317,244,-73,561,12,-0.9569901058520334,-0.7114525415146672
72,1553227200,60,28,-32,88,12,-0.8787197086558114,-1.3190585283833633
72,1553241600,60,879,819,939,12,0.7458682916852838,-0.22588158372107917
72,1553256000,205,1690,1485,1895,12,2.017284987604402,1.0021761825505349
72,1553270400,594,1288,694,1882,12,0.5072390319407046,0.9854766522560465
72,1553284800,991,1215,224,2206,12,-0.3900069846989132,1.4016803303648362
72,1553299200,369,235,-134,604,12,-1.073441184607388,-0.656215633617513
72,1553313600,63,40,-23,103,12,-0.8615384019542017,-1.2997898395820304
72,1553328000,33,315,282,348,12,-0.27928300817742846,-0.9850679224935938
72,1553342400,115,937,822,1052,12,0.7515953939191536,-0.08072412808437164
72,1553356800,579,1653,1074,2232,12,1.2326719815642255,1.435079390953813
72,1553371200,815,1165,350,1980,12,-0.14946869087637737,1.1113654190914213
72,1553385600,368,269,-99,637,12,-1.0066249918789056,-0.6138245182545807
72,1553400000,55,30,-25,85,12,-0.865356470110115,-1.32291226614363
72,1553414400,28,192,164,220,12,-0.5045490293763112,-1.1494940669316343
72,1553428800,95,796,701,891,12,0.5206022704864011,-0.28754138788534434
72,1553443200,516,1872,1356,2388,12,1.771019591547996,1.635473754487675
72,1553457600,840,999,159,1839,12,-0.5140941997660944,0.9302397443588923
72,1553472000,292,158,-134,450,12,-1.073441184607388,-0.8540408386445303
72,1553486400,23,54,31,77,12,-0.7584505617445435,-1.3331889001710073
72,1553500800,57,941,884,998,12,0.8699555067524649,-0.15009140776916993
72,1553502346,14,17,3,31,12,-0.8119035159273292,-1.3922795458284283
72,1553515200,213,1603,1390,1816,12,1.8359267501985217,0.900694421530182
72,1553529600,546,998,452,1544,12,0.04525278507519926,0.5512888645993461
72,1553544000,881,951,70,1832,12,-0.6839982327042348,0.921247689584937
72,1553558400,287,208,-79,495,13,-0.9594080038567638,-0.7637090031554535
72,1553572800,45,26,-19,71,13,-0.8456237662025924,-1.3101862646953484
72,1553587200,69,948,879,1017,13,0.8573469906881737,-0.09092331795775263
72,1553601600,206,1782,1576,1988,13,2.1791405514374653,1.1605611654272427
72,1553616000,623,1103,480,1726,13,0.10068181028793348,0.8228794613624962
72,1553630400,985,1104,119,2089,13,-0.5839200195979981,1.2907361734827365
72,1553644800,390,221,-169,611,13,-1.130084360338021,-0.61420107311152
72,1553659200,61,19,-42,80,13,-0.8892410573033581,-1.2985865115022845
72,1553673600,61,838,777,899,13,0.6639137866760821,-0.24300897093347812
72,1553688000,244,1770,1526,2014,13,2.0843203533923225,1.1940715635405381
72,1553702400,520,1123,603,1643,13,0.33393949747898494,0.71590395969313
72,1553716800,932,1131,199,2063,13,-0.43220770272576947,1.2572257753694411
72,1553731200,375,239,-136,614,13,-1.0675030296282269,-0.610334488713832
72,1553745600,56,21,-35,77,13,-0.8759662295770382,-1.3024530958999725
72,1553760000,62,832,770,894,13,0.6506389589497622,-0.24945327826295802
72,1553774400,249,1723,1474,1972,13,1.9857073474253737,1.1399393819729071
72,1553788800,621,1233,612,1854,13,0.3510071331271107,0.9878537289971815
72,1553803200,954,1231,277,2185,13,-0.2842881937753466,1.4144668742087505
72,1553817600,371,261,-110,632,13,-1.0181965266447526,-0.5871349823277044
72,1553832000,64,32,-32,96,13,-0.8702770176943296,-1.277964728047949
72,1553846400,57,846,789,903,13,0.6866706342069164,-0.23785352506989418
72,1553851726,37,99,62,136,13,-0.692015045369461,-1.22641026941211
72,1553857438,34,84,50,118,13,-0.7147718929002953,-1.2496097757982374
72,1553860800,210,1759,1549,1969,13,2.127937644493088,1.1360727975752192
72,1553875200,620,1354,734,1974,13,0.5823684163572593,1.142517104904699
72,1553889600,937,1323,386,2260,13,-0.07758016203693513,1.511131484150949
72,1553904000,387,284,-103,671,13,-1.0049216989184326,-0.5368693851577613
72,1553918400,71,30,-41,101,13,-0.8873446533424553,-1.2715204207184692
72,1553932800,30,307,277,337,13,-0.2842881937753466,-0.9673491147670181
72,1553947200,103,932,829,1035,13,0.7625267926430308,-0.067723811571625
72,1553961600,542,1669,1127,2211,13,1.3276551729920822,1.4479772723220459
72,1553976000,826,1300,474,2126,13,0.08930338652251633,1.3384240477208877
72,1553990400,405,266,-139,671,13,-1.0731922415109354,-0.5368693851577613
72,1554004800,55,27,-28,82,13,-0.8626914018507181,-1.2960087885704927
72,1554019200,27,165,138,192,13,-0.5478883443408438,-1.1542340273219351
72,1554033600,94,567,473,661,13,0.08740698256161347,-0.549757999816721
72,1554048000,370,975,605,1345,13,0.3377323054007907,0.3318232428561284
72,1554062400,513,617,104,1130,13,-0.6123660790115409,0.054718027688492966
72,1554076800,240,169,-71,409,13,-0.944236772169541,-0.8745510892225077
72,1554091200,29,13,-16,42,13,-0.8399345543198838,-1.347563247206332
72,1554105600,55,921,866,976,13,0.8326937391964365,-0.14376663805948775
72,1554120000,228,1834,1606,2062,13,2.2360326702645508,1.255936913903545
72,1554134400,585,995,410,1580,13,-0.03206646697526655,0.6347056873416834
72,1554148800,904,937,33,1841,13,-0.7470107602356438,0.9710985299405338
72,1554163200,301,194,-107,495,14,-0.9902055809390663,-0.854769207898823
72,1554177600,36,15,-21,51,14,-0.8457851416445418,-1.3978211435150865
72,1554192000,73,941,868,1014,14,0.647119166876763,-0.21998552640143418
72,1554206400,250,1955,1705,2205,14,2.05269948884789,1.2367145981908398
72,1554220800,620,1077,457,1697,14,-0.04307618835637117,0.6153849060893493
72,1554235200,963,1068,105,2031,14,-0.634192405003727,1.0238969477466284
72,1554249600,342,253,-89,595,14,-0.9599780471332356,-0.7324602133906557
72,1554264000,55,20,-35,75,14,-0.8692954457157436,-1.3684669848331261
72,1554278400,64,899,835,963,14,0.5917020215660734,-0.28236311360059957
72,1554292800,269,2100,1831,2369,14,2.264292225488705,1.4373013491842344
72,1554307200,662,1025,363,1687,14,-0.20093108712015367,0.6031540066385326
72,1554321600,996,970,-26,1966,14,-0.8541816788128281,0.9443961013163196
72,1554336000,426,267,-159,693,14,-1.0775295674892438,-0.6125973987726516
72,1554350400,59,19,-40,78,14,-0.8776919828840298,-1.3647977149978812
72,1554364571,18,118,100,136,14,-0.6425889421720132,-1.293858498183144
72,1554364800,66,937,871,1003,14,0.6521570891777347,-0.2334395157973326
72,1554379200,237,1756,1519,1993,14,1.7403483061876397,0.9774195298335249
72,1554393600,580,932,352,1512,14,-0.21940346889038354,0.38911326624923953
72,1554408000,975,1240,265,2215,14,-0.36550321561856525,1.2489454976416565
72,1554422400,382,240,-142,622,14,-1.0489813411170705,-0.6994367848734504
72,1554436800,51,25,-26,76,14,-0.8541816788128281,-1.3672438948880445
72,1554451200,59,1037,978,1096,14,0.8318429845790617,-0.1196921509047369
72,1554465600,223,1923,1700,2146,14,2.0443029516796036,1.164552291431021
72,1554480000,563,953,390,1516,14,-0.15558978641140764,0.39400562602956624
72,1554494400,826,1265,439,2091,14,-0.07330372216220186,1.097282344451529
72,1554508800,403,257,-146,660,14,-1.0556985708516995,-0.6529593669603468
72,1554523200,72,32,-40,104,14,-0.8776919828840298,-1.3329973764257577
72,1554537600,31,355,324,386,14,-0.26642407703278687,-0.9880860119127256
72,1554552000,139,1196,1057,1335,14,0.9645082718379852,0.17262634596978324
72,1554566400,512,1899,1387,2411,14,1.5186797249448811,1.4886711268776647
72,1554580800,1000,1792,792,2792,14,0.5194918019188112,1.9546683959537825
72,1554595200,416,312,-104,728,14,-0.9851676586380945,-0.569789250694793
72,1554609600,50,35,-15,85,14,-0.8357092970425982,-1.3562360853823094
72,1554624000,29,171,142,200,14,-0.5720580299584083,-1.215580741697917
72,1554638400,94,1071,977,1165,14,0.8301636771454044,-0.03529894469410138
72,1554652800,490,1715,1225,2205,14,1.246631920692405,1.2367145981908398
72,1554667200,874,1094,220,1968,14,-0.44107205013314194,0.946842281206483
72,1554681600,351,167,-184,518,14,-1.1195122533306754,-0.8266381391619445
72,1554696000,30,26,-4,56,14,-0.8172369152723684,-1.3917056937896781
72,1554710400,55,931,876,986,14,0.6605536263460211,-0.25423204486372103
72,1554724800,220,1744,1524,1964,14,1.7487448433559258,0.9419499214261563
72,1554739200,576,1018,442,1594,14,-0.06826579986123008,0.48940664174593684
72,1554753600,853,1001,148,1854,14,-0.5619821853564647,0.8074100274671722
72,1554768000,336,215,-121,551,15,-1.025311173776588,-0.7160385505119342
72,1554782400,30,20,-10,50,15,-0.8226347990481043,-1.3325870408030223
72,1554795881,65,821,756,886,15,0.5760147779070183,-0.30377558794204507
72,1554796800,28,163,135,191,15,-0.5578773726009859,-1.1590674058109196
72,1554811200,226,1870,1644,2096,15,2.1974257757348887,1.1852936201462114
72,1554825600,589,969,380,1558,15,-0.11052861756964769,0.5232116086160611
72,1554840000,959,1063,104,2022,15,-0.6144806844620939,1.0942265776680866
72,1554854400,397,242,-155,639,15,-1.0873922254952229,-0.6077426081055156
72,1554868800,43,46,3,89,15,-0.7988979263321558,-1.2845922481456322
72,1554883200,119,960,841,1079,15,0.731217407203605,-0.06626289607342231
72,1554885478,22,41,19,63,15,-0.7696833137586807,-1.3165887765838922
72,1554888002,29,86,57,115,15,-0.7002986088966772,-1.252595719707372
72,1554897600,448,1978,1530,2426,15,1.9892716611488785,1.5914034041702814
72,1554912000,751,1214,463,1965,15,0.04102218515525464,1.0240803422457474
72,1554926400,986,1251,265,2237,15,-0.3205086454415003,1.358813255138314
72,1554940800,394,264,-130,658,15,-1.041744393349168,-0.5843605296314025
72,1554955200,56,25,-31,81,15,-0.8609789780507905,-1.294437333818943
72,1554969600,75,994,919,1069,15,0.8736386434992963,-0.07856925316506079
72,1554984000,249,1961,1712,2210,15,2.3215878791721583,1.32558609099089
72,1554998400,606,1191,585,1797,15,0.2637836060280026,0.8173335431062209
72,1555012800,1008,1182,174,2190,15,-0.48666675445314017,1.3009733768076133
72,1555027200,373,274,-99,647,15,-0.9851410814880598,-0.5978975224322048
72,1555041600,53,27,-26,80,15,-0.8518494116215795,-1.2956679695281068
72,1555056000,83,976,893,1059,15,0.8261648980673992,-0.09087561025669928
72,1555070400,236,1900,1664,2136,15,2.233944041451733,1.2345190485127655
72,1555084800,617,1300,683,1917,15,0.4427231080405379,0.9650098282058827
72,1555099200,996,1451,455,2447,15,0.026414878868517063,1.6172467540627222
72,1555113600,455,309,-146,764,15,-1.070959005922643,-0.45391314446003456
72,1555128000,66,36,-30,102,15,-0.8591530647649483,-1.2685939839265021
72,1555142400,52,362,310,414,15,-0.23834254757860146,-0.8846356426673815
72,1555156800,107,881,774,988,15,0.6088812170521778,-0.1782507456073325
72,1555171200,454,1485,1031,1939,15,1.0781409315136223,0.9920838138074872
72,1555185600,712,1281,569,1993,15,0.23456899345452747,1.058538142102335
72,1555200000,426,275,-151,701,15,-1.080088572351854,-0.531443194137357
72,1555214400,73,37,-36,110,15,-0.8701085444800015,-1.2587488982531914
72,1555228800,47,209,162,256,15,-0.5085777138832466,-1.0790760847152696
72,1555243200,116,726,610,842,15,0.30943143817405755,-0.35792355914525437
72,1555257600,454,1228,774,1682,15,0.6088812170521778,0.6758104365523783
72,1555272000,615,797,182,1412,15,-0.4720594481664026,0.34353879507813917
72,1555286400,296,185,-111,481,15,-1.007052040918166,-0.8021830501534036
72,1555300800,37,28,-9,65,15,-0.8208088857622622,-1.3141275051655645
72,1555315200,80,972,892,1052,15,0.824338984781557,-0.09949006022084622
72,1555329600,247,1906,1659,2153,15,2.224814475022522,1.2554398555685509
72,1555344000,542,1048,506,1590,15,0.1195364564464691,0.5625919513093042
72,1555358400,1024,1152,128,2176,15,-0.5706587656018812,1.2837444768793194
72,1555372800,278,215,-63,493,16,-0.8090816220568237,-0.7864733269592766
72,1555387200,1,13,12,14,16,-0.6905748281630734,-1.321986438438554
72,1555401600,74,466,392,540,16,-0.09014040576807165,-0.7339281991105793
72,1555416000,270,2448,2178,2718,16,2.731901379488436,1.7010353850269284
72,1555430400,648,1651,1003,2299,16,0.875294941819681,1.2326011601630094
72,1555444800,1014,1462,448,2476,16,-0.001655332994071416,1.4304838756783165
72,1555459200,366,340,-26,706,16,-0.7506182704025735,-0.5483432794747546
72,1555473600,49,21,-28,70,16,-0.7537784515730734,-1.259379477597553
72,1555488000,77,805,728,882,16,0.4407700308759298,-0.3515785454030368
72,1555502400,267,1667,1400,1934,16,1.5025909041639327,0.8245379332529128
72,1555516800,702,1058,356,1760,16,-0.14702366683707183,0.6300091620683737
72,1555531200,1056,1044,-12,2100,16,-0.7284970022090734,1.0101228528887376
72,1555545600,385,229,-156,614,16,-0.9560300464850741,-0.6511975722849707
72,1555560000,41,28,-13,69,16,-0.7300770927943234,-1.2604974590411422
72,1555574400,58,847,789,905,16,0.5371555565761801,-0.3258649722004827
72,1555588800,260,1598,1338,1858,16,1.4046252878784324,0.7395713435401255
72,1555603200,648,1094,446,1742,16,-0.004815514164571425,0.6098854960837661
72,1555617600,981,1204,223,2185,16,-0.3571757146753224,1.1051512755938286
72,1555632000,434,306,-128,740,16,-0.9117875100980739,-0.5103319103927182
72,1555646400,50,20,-30,70,16,-0.7569386327435735,-1.259379477597553
72,1555660800,59,691,632,750,16,0.28908133469192937,-0.49915209595682514
72,1555675200,208,1858,1650,2066,16,1.8976135504764338,0.9721114838067012
72,1555689600,783,1652,869,2435,16,0.6635628033961805,1.384646636491155
72,1555704000,1001,1335,334,2336,16,-0.1817856597125719,1.2739664735758136
72,1555718400,470,241,-229,711,16,-1.0713766592083243,-0.5427533722568081
72,1555732800,61,29,-32,90,16,-0.7600988139140735,-1.2370198487257669
72,1555747200,28,187,159,215,16,-0.4583015121313227,-1.0972721682771036
72,1555761600,88,844,756,932,16,0.4850125672629299,-0.29567947322357147
72,1555776000,455,1413,958,1868,16,0.8041908654834308,0.7507511579760187
72,1555790400,752,1015,263,1767,16,-0.2939720912653222,0.6378350321734988
72,1555804800,492,201,-291,693,16,-1.1693422754938245,-0.5628770382414156
72,1555819200,55,24,-31,79,16,-0.7585187233288235,-1.2493176446052492
72,1555833600,33,125,92,158,16,-0.564167581343073,-1.160997110561694
72,1555848000,84,780,696,864,16,0.3902071321479297,-0.37170221138764425
72,1555862400,505,1621,1116,2126,16,1.0538451779529314,1.0391903704220595
72,1555876800,766,757,-9,1523,16,-0.7237567304533234,0.36504755993770815
72,1555891200,298,163,-135,461,16,-0.922848144194824,-0.8222487331541345
72,1555905600,22,19,-3,41,16,-0.7142761869418234,-1.2918009394616428
72,1555920000,22,155,133,177,16,-0.4993838673478228,-1.1397554631334972
72,1555934400,280,2739,2459,3019,16,3.1759068339436873,2.0375477995473097
72,1555948800,727,1299,572,2026,16,0.19427589957692912,0.9273922260631289
72,1555963200,848,892,44,1740,16,-0.6400119294350731,0.6076495331965875
72,1555977600,356,240,-116,596,17,-0.9894138567440569,-0.715986216917531
72,1555992000,35,31,-4,66,17,-0.8401164842242027,-1.18902878943452
72,1556006400,65,1112,1047,1177,17,0.5608793954040717,-0.1974244534602281
72,1556020800,260,2441,2181,2701,17,2.0725152921675956,1.162796075815038
72,1556035200,674,2023,1349,2697,17,0.9634490963058214,1.1592259431922682
72,1556049600,1192,1924,732,3116,17,0.14098053519198184,1.5331973354273973
72,1556064000,442,317,-125,759,17,-1.0014109670358309,-0.5705033125396646
72,1556078400,42,29,-13,71,17,-0.8521135945159768,-1.1845661236560576
72,1556092800,66,1139,1073,1205,17,0.5955377140247522,-0.17243352510084
72,1556107200,292,3173,2881,3465,17,3.005623870416684,1.844691406764056
72,1556121600,739,2358,1619,3097,17,1.3233624050590413,1.516239205469241
72,1556136000,1170,1804,634,2974,17,0.010345334237109441,1.4064576273190719
72,1556150400,548,305,-243,853,17,-1.1587064130835345,-0.486605195904576
72,1556164800,43,34,-9,77,17,-0.8467815454974106,-1.1792109247219031
72,1556179200,79,909,830,988,17,0.27161573614685425,-0.36611321988609774
72,1556182500,33,56,23,89,17,-0.8041251533488808,-1.168500526853594
72,1556193600,252,2425,2173,2677,17,2.061851194130463,1.1413752800784196
72,1556208000,723,2140,1417,2863,17,1.054093929621447,1.307386447037212
72,1556222400,1196,1861,665,3057,17,0.051668714130997655,1.4805378792415438
72,1556236800,504,306,-198,810,17,-1.0987208616246644,-0.5249841215993506
72,1556251200,53,30,-23,83,17,-0.8654437170623923,-1.1738557257877484
72,1556265600,64,893,829,957,17,0.2702827238922127,-0.3937817477125631
72,1556280000,231,2061,1830,2292,17,1.6046279907884096,0.7977500151368334
72,1556294400,631,1538,907,2169,17,0.374257679754254,0.6879684369866643
72,1556308800,972,1526,554,2498,17,-0.09629564613421497,0.9816118452094744
72,1556323200,408,315,-93,723,17,-0.9587545748873012,-0.6026345061445921
72,1556337600,68,35,-33,103,17,-0.8787738396088078,-1.1560050626738998
72,1556352000,40,367,327,407,17,-0.398889427937848,-0.8846749833434007
72,1556366400,145,1354,1209,1499,17,0.7768273806560037,0.08997122267273495
72,1556380800,666,2210,1544,2876,17,1.2233864859609247,1.3189893780612136
72,1556395200,215,360,145,575,17,-0.6414976582826111,-0.7347294131870721
72,1556409600,1410,1997,587,3407,17,-0.05230624173104365,1.792924483733895
72,1556424000,60,30,-30,90,17,-0.8747748028448832,-1.1676079936979016
72,1556438400,20,186,166,206,17,-0.6135044009351384,-1.0640741476375795
72,1556452800,111,992,881,1103,17,0.3395993611335736,-0.26347190698146805
72,1556467200,442,1603,1161,2045,17,0.712842792433209,0.5772943256808027
72,1556481600,745,969,224,1714,17,-0.5361896901659282,0.2818658511466078
72,1556496000,262,158,-104,420,17,-0.9734177096883583,-0.873072052319399
72,1556510400,378,16,-362,394,17,-1.3173348713858795,-0.8962779143674022
72,1556524800,79,1011,932,1090,17,0.40758298612029287,-0.27507483800546967
72,1556527010,48,315,267,363,17,-0.4788701632163413,-0.9239464421938676
72,1556527092,2,11,9,13,17,-0.8227873249138625,-1.2363330466862188
72,1556527176,22,38,16,60,17,-0.8134562391313717,-1.1943839883686744
72,1556539200,205,1703,1498,1908,17,1.162067922247413,0.4550172833509396
72,1556553600,599,1080,481,1679,17,-0.1936055407230485,0.2506271906973727
72,1556568000,1168,1137,-31,2305,17,-0.8761078150995247,0.809352946160835
72,1556582400,310,235,-75,545,18,-0.857280984941537,-0.5517526004191212
72,1556596800,32,23,-9,55,18,-0.7524823946825716,-1.0943970904884737
72,1556611200,83,969,886,1052,18,0.6686500035261264,0.009718331142433274
72,1556625600,247,2050,1803,2297,18,2.1247152651544794,1.3884783110125227
72,1556640000,561,1058,497,1619,18,0.05097346396949676,0.6376355267941125
72,1556654400,937,1133,196,2070,18,-0.4269716219085123,1.137089945204884
72,1556668800,374,252,-122,626,18,-0.9319102840653457,-0.4620501438974527
72,1556683200,49,47,-2,96,18,-0.7413673926854086,-1.0489921433602216
72,1556697600,81,949,868,1030,18,0.6400685698191358,-0.014645299023945815
72,1556700268,32,56,24,88,18,-0.7000830995530889,-1.057851645238905
72,1556703611,31,98,67,129,18,-0.6318052301419448,-1.012446698110653
72,1556712000,243,2020,1777,2263,18,2.08343097202216,1.3508254280281187
72,1556726400,563,926,363,1489,18,-0.1617994314047664,0.4936686212655088
72,1556740800,991,1153,162,2144,18,-0.48095877446616114,1.2190403375827044
72,1556755200,349,283,-66,632,18,-0.8429902680880418,-0.4554055174884402
72,1556769600,53,25,-28,78,18,-0.7826516858177284,-1.0689260225872592
72,1556783479,17,182,165,199,18,-0.4761952021816627,-0.9349260566721741
72,1556784000,63,859,796,922,18,0.5257428349911735,-0.13424857438617044
72,1556790125,55,200,145,255,18,-0.5079523507449856,-0.8729095435213909
72,1556790408,4,10,6,14,18,-0.7286645332600794,-1.1398020376167255
72,1556798400,257,1628,1371,1885,18,1.4387608561867058,0.9322139642603324
72,1556812800,654,3236,2582,3890,18,3.3616562016959053,3.152626622605336
72,1556827200,1010,1381,371,2391,18,-0.14909657197943726,1.4925774580870514
72,1556841600,377,261,-116,638,18,-0.9223831394963489,-0.44876089107942774
72,1556856000,53,21,-32,74,18,-0.7890031155303929,-1.0733557735266008
72,1556870400,59,881,822,940,18,0.5670271281234932,-0.11431469515913299
72,1556877424,56,141,85,197,18,-0.6032237964349542,-0.9371409321418449
72,1556878328,5,16,11,21,18,-0.7207252461192487,-1.1320499734728777
72,1556884800,217,1987,1770,2204,18,2.072315970024997,1.2854866016728292
72,1556899200,572,1188,616,1760,18,0.23992849792126777,0.7937842474059058
72,1556913600,927,1305,378,2232,18,-0.13798156998227426,1.3164948582482208
72,1556928000,380,264,-116,644,18,-0.9223831394963489,-0.44211626467041526
72,1556942400,61,30,-31,91,18,-0.7874152581022268,-1.0545293320343987
72,1556956800,32,453,421,485,18,-0.06970370057113011,-0.618198864509246
72,1556971200,119,1043,924,1162,18,0.7289885857964398,0.1315364819743287
72,1556985600,389,1580,1191,1969,18,1.1529465191168,1.025238733986507
72,1557000000,589,1060,471,1649,18,0.00968917083717704,0.670858658839175
72,1557014400,317,265,-52,582,18,-0.8207602640937157,-0.5107774042302109
72,1557028800,62,32,-30,94,18,-0.7858274006740606,-1.0512070188298925
72,1557043200,21,186,165,207,18,-0.4761952021816627,-0.9260665547934909
72,1557057600,75,563,488,638,18,0.036682747116001474,-0.44876089107942774
72,1557072000,275,837,562,1112,18,0.15418419680029605,0.07616459523255806
72,1557086400,437,467,30,904,18,-0.6905559549840921,-0.15418245361320787
72,1557100800,196,148,-48,344,18,-0.8144088343810512,-0.7743475851210392
72,1557115200,22,23,1,45,18,-0.7366038204009102,-1.1054714678368278
72,1557129600,64,923,859,987,18,0.6257778529656405,-0.06226512162186858
72,1557144000,228,2101,1873,2329,18,2.2358652851261094,1.4239163185272559
72,1557158400,613,1188,575,1801,18,0.17482634336645592,0.8391891945341577
72,1557172800,1027,1213,186,2240,18,-0.44285019619017374,1.325354360126904
72,1557187200,388,254,-134,642,19,-0.9032182548623705,-0.5535424520593107
72,1557201600,42,46,4,88,19,-0.685118308806365,-1.2245096729144953
72,1557216000,72,1023,951,1095,19,0.8115530601431797,-0.004899580132598524
72,1557226592,86,325,239,411,19,-0.31371622675447164,-0.8333139827769057
72,1557227173,3,7,4,10,19,-0.685118308806365,-1.3189779819879688
72,1557230400,267,2454,2187,2721,19,2.7649699682969677,1.964401324399044
72,1557244800,681,1391,710,2072,19,0.4306683717410253,1.178376547621039
72,1557259200,1115,1311,196,2426,19,-0.3816749055980096,1.6071173349544963
72,1557273600,402,246,-156,648,19,-0.9379878114799945,-0.5462756590536589
72,1557288000,51,34,-17,85,19,-0.7183074310322789,-1.2281430694173212
72,1557302400,73,943,870,1016,19,0.6835378744146549,-0.10057902137368079
72,1557316800,250,2195,1945,2445,19,2.382504845503103,1.6301288461390604
72,1557331200,602,1230,628,1832,19,0.30107275162079017,0.8877048273949664
72,1557345600,1028,1218,190,2246,19,-0.3911575119482707,1.3891135447849419
72,1557360000,411,216,-195,627,19,-0.9996247527566917,-0.5717094345734403
72,1557374400,68,27,-41,95,19,-0.7562378564333233,-1.2160317477412348
72,1557388800,63,976,913,1039,19,0.7514965532581928,-0.07272298151868216
72,1557403200,247,2383,2136,2630,19,2.6843678143197485,1.8541882971466581
72,1557417600,578,1146,568,1724,19,0.2062466881181791,0.7569025532932336
72,1557432000,1033,1292,259,2325,19,-0.28210753892026796,1.484792986026024
72,1557446400,407,278,-129,685,19,-0.8953160829038196,-0.5014637688521394
72,1557460800,61,40,-21,101,19,-0.7246291685991196,-1.208764954735583
72,1557475200,64,908,844,972,19,0.6424465802301901,-0.15386883674846077
72,1557489600,217,1933,1716,2150,19,2.020585369801471,1.2728448566945127
72,1557504000,569,1251,682,1820,19,0.38641620877314015,0.8731712413836628
72,1557518400,891,1212,321,2103,19,-0.18412060663423652,1.2159216448169068
72,1557532800,379,331,-48,710,19,-0.7673008971752946,-0.47118546466192346
72,1557547200,69,34,-35,103,19,-0.7467552500830622,-1.2063426904003656
72,1557561600,26,322,296,348,19,-0.2236314664269911,-0.9096153093362498
72,1557576000,106,950,844,1056,19,0.6424465802301901,-0.05213373466933534
72,1557590400,453,1498,1045,1951,19,0.9601138929639371,1.031829555340394
72,1557604800,683,1200,517,1883,19,0.12564453414095966,0.9494725679430068
72,1557619200,335,274,-61,609,19,-0.787846544267527,-0.5935098135903958
72,1557633600,64,34,-30,98,19,-0.7388530781245113,-1.2123983512384089
72,1557648000,30,176,146,206,19,-0.4606966251835188,-1.0815960771366762
72,1557662400,67,522,455,589,19,0.02765760185492823,-0.6177324569425685
72,1557676800,224,784,560,1008,19,0.19360321298449762,-0.11026807871454988
72,1557691200,342,544,202,886,19,-0.3721922992477485,-0.2580262031628035
72,1557705600,170,102,-68,272,19,-0.7989095850094983,-1.001661354074506
72,1557720000,23,31,8,54,19,-0.6787965712395243,-1.265688166613189
72,1557734400,72,683,611,755,19,0.27420536696171705,-0.41668451711953486
72,1557748800,340,1287,947,1627,19,0.805231322576339,0.6394227330351959
72,1557763200,545,539,-6,1084,19,-0.7009226527234669,-0.018222033976293524
72,1557777600,957,154,-803,1111,19,-1.9605288629164839,0.014478534549139655
72,1557792000,341,251,-90,592,20,-0.421163688039267,-0.48037281728143216
72,1557806400,2,6,4,8,20,-0.2586011914240558,-1.3816505811249415
72,1557820800,91,644,553,735,20,0.6908329643392522,-0.25968322784714815
72,1557835200,281,1678,1397,1959,20,2.150436657352425,1.6292961950029472
72,1557849600,645,681,36,1326,20,-0.20326076704440946,0.6523975228917459
72,1557864000,1065,497,-568,1562,20,-1.2478112772102345,1.0166125096504244
72,1557878400,301,205,-96,506,20,-0.43154001761045074,-0.6130952277104421
72,1557892800,37,24,-13,61,20,-0.28800079187574296,-1.2998565374884588
72,1557906968,3,22,19,25,20,-0.2326603674960966,-1.3554147558075793
72,1557907200,84,700,616,784,20,0.799784424836681,-0.18406231957945643
72,1557921600,298,2003,1705,2301,20,2.683088242006521,2.157099269034591
72,1557936000,699,643,-56,1342,20,-0.36236448713589275,0.6770900643669105
72,1557950400,1130,365,-765,1495,20,-1.5885007647974325,0.9132124922231725
72,1557964800,383,227,-156,610,20,-0.5353033133222876,-0.45259370812187194
72,1557979200,44,26,-18,70,20,-0.2966477331850627,-1.2859669829086786
72,1557993600,82,700,618,782,20,0.8032432013604088,-0.187148887263852
72,1558008000,312,1746,1434,2058,20,2.214424023041391,1.7820812953805283
72,1558022400,739,801,62,1540,20,-0.1582966722359468,0.9826602651220729
72,1558036800,1140,229,-911,1369,20,-1.840991451029569,0.7187587281062509
72,1558051200,453,194,-259,647,20,-0.7134303042942743,-0.3954922059605537
72,1558065600,59,31,-28,90,20,-0.31394161580370217,-1.255101306064723
72,1558080000,85,644,559,729,20,0.7012092939104358,-0.2689429309003349
72,1558086931,1,7,6,8,20,-0.2551424149003279,-1.3816505811249415
72,1558094400,305,1716,1411,2021,20,2.1746480930185204,1.7249797932192101
72,1558108800,724,869,145,1593,20,-0.014757446501239028,1.0644543087585558
72,1558115737,622,227,-395,849,20,-0.9486271079077714,-0.08374886983660006
72,1558123200,465,173,-292,638,20,-0.7705001169357847,-0.4093817605403338
72,1558137600,444,259,-185,703,20,-0.5854555729163421,-0.30906831079747743
72,1558152000,70,36,-34,106,20,-0.3243179453748859,-1.2304087645895583
72,1558166400,40,269,229,309,20,0.13051116749533268,-0.9171221446234068
72,1558180800,191,663,472,854,20,0.5507525151282723,-0.0760324506256111
72,1558195200,673,951,278,1624,20,0.21525119232666617,1.1122961078666873
72,1558209600,717,488,-229,1205,20,-0.6615486564383559,0.4656601779858133
72,1558224000,380,172,-208,552,20,-0.6252315029392129,-0.5421041709693437
72,1558238400,74,55,-19,129,20,-0.29837712144692663,-1.1949132362190091
72,1558252800,35,174,139,209,20,-0.02513377607242272,-1.0714505288431857
72,1558267200,131,763,632,894,20,0.8274546370265041,-0.014301096937699499
72,1558281600,464,746,282,1210,20,0.22216874537412198,0.4733765971968022
72,1558296000,695,239,-456,934,20,-1.0541197918814722,0.04743025675021211
72,1558310400,259,153,-106,412,20,-0.44883390022909014,-0.7581639088770344
72,1558324800,28,21,-7,49,20,-0.2776244623045593,-1.3183759435948323
72,1558339200,68,594,526,662,20,0.6441394812689256,-0.37234294832758685
72,1558353600,319,1654,1335,1973,20,2.04321458511686,1.6509021687937162
72,1558368000,761,768,7,1529,20,-0.253413026638464,0.9656841428578973
72,1558382400,1129,464,-665,1593,20,-1.4155619386110376,1.0644543087585558
72,1558396800,350,189,-161,539,21,-0.8663137611836513,-0.48637117289463266
72,1558411200,38,27,-11,65,21,-0.5873701056887142,-1.1218686130656934
72,1558425600,71,656,585,727,21,0.5209660188111694,-0.23431733586476045
72,1558437028,2,15,13,17,21,-0.5427391208095242,-1.1862227842222566
72,1558440000,341,1798,1457,2139,21,2.142558469421737,1.658767865657471
72,1558454400,719,959,240,1678,21,-0.12060438882718606,1.0406996801746462
72,1558454591,0,0,0,0,21,-0.5669142376190855,-1.2090148865068726
72,1558454863,0,2,2,2,21,-0.563194988879153,-1.2063334627086826
72,1558468800,1148,352,-796,1500,21,-2.047175236112219,0.8020529621357247
72,1558483200,360,252,-108,612,21,-0.7677536695754402,-0.3884992042606929
72,1558497600,45,25,-20,70,21,-0.6041067250184105,-1.115165053570218
72,1558512000,87,612,525,699,21,0.4093885566131945,-0.27185726903942226
72,1558526400,344,1757,1413,2101,21,2.0607349971432223,1.6078208134918586
72,1558540800,713,798,85,1511,21,-0.40884616617195446,0.8168007930257705
72,1558555200,1122,275,-847,1397,21,-2.142016078980497,0.663959636528933
72,1558569600,460,241,-219,701,21,-0.9741719746416938,-0.2691758452412321
72,1558584000,50,21,-29,71,21,-0.6208433443481067,-1.113824341671123
72,1558598400,76,575,499,651,21,0.36103832299407207,-0.33621144019598537
72,1558599198,0,3,3,3,21,-0.5613353645091868,-1.2049927508095875
72,1558612800,300,1514,1214,1814,21,1.690669747519939,1.2230364984515751
72,1558627200,629,703,74,1332,21,-0.4293020342415832,0.5768133630877538
72,1558641600,625,621,-4,1246,21,-0.5743527350989505,0.4615121397655782
72,1558656000,291,222,-69,513,21,-0.6952283191467565,-0.5212296822711043
72,1558670400,26,34,8,60,21,-0.5520372426593555,-1.1285721725611688
72,1558684800,38,376,338,414,21,0.061638799429506216,-0.6539601602815157
72,1558687050,25,213,188,238,21,-0.21730485606543093,-0.8899254545222471
72,1558687322,5,31,26,36,21,-0.518564003999963,-1.1607492581394503
72,1558699200,142,1249,1107,1391,21,1.4916899399335506,0.6559153651343627
72,1558713600,622,799,177,1421,21,-0.23776072413505966,0.6961367221072146
72,1558728000,715,634,-81,1349,21,-0.7175438115863516,0.5996054653723699
72,1558742400,416,322,-94,738,21,-0.7417189283959128,-0.21956950497471475
72,1558756800,68,63,-5,131,21,-0.5762123594689167,-1.033381627725419
72,1558771200,29,294,265,323,21,-0.07411377957802986,-0.7759649430991666
72,1558785600,85,884,799,969,21,0.9189256339839464,0.09013494371624525
72,1558800000,437,1578,1141,2015,21,1.554917168512403,1.492519590169683
72,1558814400,748,1630,882,2378,21,1.0732744566911447,1.9791980095411914
72,1558828800,358,330,-28,688,21,-0.6189837199781404,-0.286605099929468
72,1558843200,54,48,-6,102,21,-0.578071983838883,-1.072262272799176
72,1558857600,23,163,140,186,21,-0.30656682582381084,-0.9596424732751906
72,1558872000,102,855,753,957,21,0.833382912965499,0.07404640092710447
72,1558886400,423,1534,1111,1957,21,1.4991284374134155,1.4147583000221693
72,1558900800,676,1293,617,1969,21,0.5804739986500893,1.43084684281131
72,1558915200,306,306,0,612,21,-0.5669142376190855,-0.3884992042606929
72,1558929600,32,22,-10,54,21,-0.5855104813187479,-1.1366164439557391
72,1558944000,23,255,232,278,21,-0.13548138378691604,-0.8362969785584445
72,1558958400,113,1327,1214,1440,21,1.690669747519939,0.7216102481900208
72,1558972800,469,1923,1454,2392,21,2.1369795963118383,1.9979679761285225
72,1558987200,620,1179,559,1799,21,0.47261578519204694,1.2029258199651491
72,1559001600,257,249,-8,506,22,-0.86010910482195,-0.8462006941440152
72,1559016000,21,25,4,46,22,-0.842244809559844,-1.3524119094915001
72,1559030400,55,1095,1040,1150,22,0.7000393480686355,-0.1375049926575363
72,1559044800,245,2453,2208,2698,22,2.4388307535802807,1.5660057929031306
72,1559059200,502,1078,576,1580,22,0.009286597933872452,0.33569244777598223
72,1559073600,917,956,39,1873,22,-0.7901406150453684,0.6581269827690542
72,1559088000,372,235,-137,607,22,-1.052150278889589,-0.7350543186003283
72,1559102400,42,24,-18,66,22,-0.8749960175403716,-1.3304027262155227
72,1559116800,79,1165,1086,1244,22,0.768519146573375,-0.034061831260441544
72,1559131200,243,2289,2046,2532,22,2.1976627675418503,1.3833295717125162
72,1559145600,566,1223,657,1789,22,0.12987059095308756,0.5656884130099482
72,1559160000,1148,1500,352,2648,22,-0.3241802469587718,1.5109828347131864
72,1559174400,297,239,-58,536,22,-0.9345436684140581,-0.8131869192300488
72,1559188800,39,26,-13,65,22,-0.8675525611811609,-1.3315031853793216
72,1559203200,62,906,844,968,22,0.4082558587875718,-0.3377885604689325
72,1559217600,239,2457,2218,2696,22,2.453717666298702,1.5638048745755326
72,1559232000,728,1549,821,2277,22,0.3740159595352021,1.102712484943802
72,1559246400,1182,1242,60,2424,22,-0.7588780983366831,1.2644799820222372
72,1559260800,340,246,-94,586,22,-0.9881365542003759,-0.7581639610401049
72,1559275200,35,40,5,75,22,-0.8407561182880019,-1.3204985937413327
72,1559289600,61,945,884,1006,22,0.4678035096612583,-0.29597111224457506
72,1559304000,279,2446,2167,2725,22,2.377794411434752,1.5957181903257003
72,1559318400,881,2010,1129,2891,22,0.8325328712625879,1.7783944115163144
72,1559332800,926,1364,438,2290,22,-0.19615279758034587,1.1170184540731873
72,1559347200,379,310,-69,689,22,-0.950919272404322,-0.6448166671688201
72,1559361600,70,46,-24,116,22,-0.8839281651714246,-1.2753797680255785
72,1559376000,31,324,293,355,22,-0.4120130319974593,-1.0123700278776462
72,1559390400,107,1202,1095,1309,22,0.7819173680199544,0.03746801438648568
72,1559404800,442,1276,834,1718,22,0.3933689460691502,0.4875558123802277
72,1559419200,685,966,281,1651,22,-0.4298773272595653,0.4138250484057028
72,1559433600,327,290,-37,617,22,-0.9032811517053727,-0.7240497269623395
72,1559448000,53,78,25,131,22,-0.8109822928511586,-1.2588728805685954
72,1559462400,24,209,185,233,22,-0.5727916893564128,-1.1466260458611095
72,1559476800,89,918,829,1007,22,0.3859254897099394,-0.2948706530807762
72,1559491200,382,1101,719,1483,22,0.22216944980730158,0.22894790888749086
72,1559505600,574,794,220,1368,22,-0.5206874948419371,0.10239510505061962
72,1559520000,238,166,-72,404,22,-0.9553853462198484,-0.9584475288515011
72,1559534400,21,33,12,54,22,-0.8303352793851068,-1.3436082361811093
72,1559548800,57,845,788,902,22,0.32488914756441073,-0.41041886527965865
72,1559563200,214,1783,1569,1997,22,1.4875570308731392,0.7945839190801154
72,1559577600,561,1315,754,1876,22,0.27427364432177725,0.6614283602604508
72,1559592000,1039,1321,282,2360,22,-0.4283886359877231,1.194050595539109
72,1559606400,323,220,-103,543,23,-1.0881791789716302,-0.775761341421891
72,1559620800,40,26,-14,66,23,-0.9339794444012339,-1.360991169025595
72,1559635200,70,891,821,961,23,0.5127259305007995,-0.2629184316978904
72,1559636160,7,25,18,32,23,-0.8785368432073835,-1.4027056640749156
72,1559649600,247,2119,1872,2366,23,2.3336688634613227,1.4608717313696236
72,1559664000,543,1229,686,1772,23,0.2788274567142432,0.7320949649197279
72,1559678400,1036,1241,205,2277,23,-0.5545441424808203,1.3516779060934607
72,1559692800,356,285,-71,641,23,-1.03273657777778,-0.6555254439267904
72,1559707200,42,26,-16,68,23,-0.9374446069758495,-1.3585373751991643
72,1559721600,60,909,849,969,23,0.5612382065454186,-0.2531032563921679
72,1559726027,86,871,785,957,23,0.4503530041577178,-0.2678260193507517
72,1559736000,136,1677,1541,1813,23,1.760184457362433,0.7823977383615558
72,1559750400,639,1808,1169,2447,23,1.1156642184839223,1.5602503813400639
72,1559764800,1008,1240,232,2248,23,-0.507764447723509,1.3160978956102167
72,1559779200,315,266,-49,581,23,-0.9946197894570077,-0.7291392587197091
72,1559793600,33,35,2,68,23,-0.9062581438043087,-1.3585373751991643
72,1559808000,63,828,765,891,23,0.4157013784115613,-0.3488012156229623
72,1559822400,229,2062,1833,2291,23,2.2660981932563176,1.3688544628784751
72,1559836800,590,1349,759,1939,23,0.4053058906877144,0.9369867494266851
72,1559851200,979,1239,260,2218,23,-0.45925217167889,1.2792909882137573
72,1559865600,386,305,-81,691,23,-1.0500623906508582,-0.5941805982660248
72,1559880000,49,34,-15,83,23,-0.9357120256885417,-1.3401339215009347
72,1559894400,62,922,860,984,23,0.5802966007058047,-0.23469980269393823
72,1559908800,234,1932,1698,2166,23,2.0321997194697614,1.215492348726561
72,1559923200,654,1364,710,2018,23,0.320409407609631,1.0339116055706947
72,1559937600,921,1188,267,2109,23,-0.4471241026677352,1.1455592246732882
72,1559952000,358,340,-18,698,23,-0.9409097695504651,-0.5855923198735176
72,1559966400,67,63,-4,130,23,-0.9166536315281556,-1.282469766579815
72,1559980800,34,324,290,358,23,-0.4072747330596553,-1.0027372703667239
72,1559995200,106,911,805,1017,23,0.4850046299038743,-0.19421220455783292
72,1560009600,454,1382,928,1836,23,0.6981121282427367,0.8106163673655079
72,1560024000,620,1126,506,1746,23,-0.033037175001165195,0.7001956451761299
72,1560038400,331,323,-8,654,23,-0.9235839566773869,-0.6395757840549913
72,1560052800,68,44,-24,112,23,-0.9513052572743121,-1.3045539110176907
72,1560067200,28,215,187,243,23,-0.5857306056523611,-1.1438304153864847
72,1560081600,93,803,710,896,23,0.320409407609631,-0.3426667310568857
72,1560096000,387,1230,843,1617,23,0.5508427188215717,0.5419259433713545
72,1560110400,556,997,441,1553,23,-0.14565495867617378,0.46340454092557454
72,1560124800,305,193,-112,498,23,-1.1037724105574007,-0.83097170251658
72,1560139200,21,33,12,54,23,-0.8889323309312305,-1.3757139319841787
72,1560153600,53,912,859,965,23,0.5785640194184968,-0.25801084404502916
72,1560168000,229,2160,1931,2389,23,2.4358911594124844,1.4890903603735757
72,1560182400,483,1069,586,1552,23,0.10556932798346076,0.4621776440123592
72,1560196800,1004,1192,188,2196,23,-0.5839980243650533,1.2522992561230204
72,1560211200,285,297,12,582,24,-0.812548955464912,-0.8844756701683514
72,1560225600,27,27,0,54,24,-0.8288202737220317,-1.4859608956901582
72,1560240000,67,985,918,1052,24,0.4159355729476208,-0.3490626853288643
72,1560254400,232,2315,2083,2547,24,1.9956093870763192,1.3540062770861
72,1560268800,597,1034,437,1631,24,-0.2362731005252581,0.3105205449308443
72,1560283200,1005,1054,49,2059,24,-0.7623790575054599,0.7980881141038241
72,1560297600,399,241,-158,640,24,-1.0430592974407735,-0.8184034294860317
72,1560312000,39,32,-7,71,24,-0.8383118760386848,-1.4665948941108575
72,1560326400,55,962,907,1017,24,0.4010201978785945,-0.38893386505095373
72,1560340800,253,2615,2362,2868,24,2.373917536554351,1.7196819539658348
72,1560355200,610,1211,601,1821,24,-0.01389841767795636,0.5269640919936157
72,1560369600,1067,1211,144,2278,24,-0.633564454636596,1.0475677815077553
72,1560384000,380,271,-109,651,24,-0.9766180812242018,-0.8058724872876607
72,1560398400,49,41,-8,90,24,-0.8396678192267781,-1.4449505394045805
72,1560412800,52,873,821,925,24,0.2844090837025704,-0.49373810889187464
72,1560427200,221,2204,1983,2425,24,1.860015068266989,1.215026736340531
72,1560441600,458,1088,630,1546,24,0.025423934776749438,0.21369053703434132
72,1560456000,943,1217,274,2160,24,-0.45729184018446656,0.9131449470161394
72,1560470400,358,297,-61,655,24,-0.9115328081957232,-0.8013157810337077
72,1560484800,42,36,-6,78,24,-0.8369559328505916,-1.4586206581664398
72,1560499200,60,862,802,922,24,0.2586461631287976,-0.49715563858233947
72,1560513600,226,2073,1847,2299,24,1.6756067946862996,1.0714904893410089
72,1560528000,660,1353,693,2013,24,0.11084835562662755,0.7456859921833636
72,1560542400,881,1337,456,2218,24,-0.21051017995148535,0.9792171876984591
72,1561161600,7795,6896,-899,14691,25,-2.0167785317532996,3.9915933345847625
72,1561176000,72,44,-28,116,25,-0.7244642381812134,-0.5632284050092179
72,1561190400,32,373,341,405,25,-0.1769740265530851,-0.47291324324299766
72,1561204800,104,1025,921,1129,25,0.6835796936212086,-0.24665657501205138
72,1561219200,459,1502,1043,1961,25,0.8645927175199393,0.013351087927378566
72,1561233600,611,1312,701,1923,25,0.35716276527923513,0.0014757379373565244
72,1561248000,414,335,-79,749,25,-0.8001336170241256,-0.3654100749122718
72,1561262400,65,36,-29,101,25,-0.7259479514918588,-0.567916043163174
72,1561276800,24,225,201,249,25,-0.3846938900434319,-0.5216646800441408
72,1561291200,85,1088,1003,1173,25,0.805244185094126,-0.23290616976044692
72,1561305600,370,1362,992,1732,25,0.7889233386770272,-0.05821352122301742
72,1561320000,721,898,177,1619,25,-0.4203030094989199,-0.0935270619828198
72,1561334400,289,262,-27,551,25,-0.7229805248705681,-0.4272868985444919
72,1561348800,32,84,52,116,25,-0.6057671733295866,-0.5632284050092179
72,1561363200,59,935,876,994,25,0.6168125946421686,-0.288845318397656
72,1561377600,265,2546,2281,2811,25,2.701429796098863,0.2789839166515558
72,1561392000,606,1377,771,1983,25,0.4610226970244085,0.0202262905531808
72,1561406400,1119,1107,-12,2226,25,-0.7007248252108881,0.09616602864726911
72,1561420800,417,226,-191,643,26,-1.1574377159552294,-0.743442641191187
72,1561435200,50,26,-24,76,26,-0.9015241671445113,-1.3855665973652813
72,1561449600,68,954,886,1022,26,0.49297481140491056,-0.3142275099919247
72,1561464000,254,2569,2315,2823,26,2.682797932665486,1.725393733516971
72,1561478400,598,1460,862,2058,26,0.4561968163662445,0.8590360148693834
72,1561492800,1085,1852,767,2937,26,0.3106172526715246,1.8544980210017095
72,1561507200,416,321,-95,737,26,-1.010325735800565,-0.636988228703771
72,1561521600,68,25,-43,93,26,-0.9306400798834553,-1.366314203617557
72,1561535846,27,190,163,217,26,-0.6149622891349048,-1.2258849786341572
72,1561536000,63,1225,1162,1288,26,0.9159217543495703,-0.012984172527534784
72,1561550400,244,2188,1944,2432,26,2.1142714260261064,1.2825886773193151
72,1561564800,489,1107,618,1596,26,0.08228720013980609,0.3358239024312325
72,1561579200,1038,1447,409,2485,26,-0.23798783998857762,1.34261084606222
72,1561593600,477,337,-140,814,26,-1.079284476498064,-0.5497862099640792
72,1561608000,41,36,-5,77,26,-0.8724082544055674,-1.384434103615415
72,1561622400,67,932,865,999,26,0.46079406574607773,-0.3402748662388456
72,1561636800,255,2290,2035,2545,26,2.2537213238810483,1.4105604710541875
72,1561651200,579,1315,736,1894,26,0.2631123424132476,0.6733070398913384
72,1561665600,1031,1328,297,2359,26,-0.4096184835023526,1.1999166335790878
72,1561680000,441,287,-154,728,26,-1.1007383069372858,-0.6471806724525662
72,1561694400,60,45,-15,105,26,-0.8877324190050115,-1.3527242786191636
72,1561708800,77,818,741,895,26,0.2707744247129697,-0.45805421622492287
72,1561723200,248,2126,1878,2374,26,2.0131319396697744,1.2169040398270796
72,1561737600,677,1429,752,2106,26,0.28763100577235834,0.9133957148629576
72,1561752000,833,1551,718,2384,26,0.23552884613424804,1.2282289773257409
72,1561766400,470,392,-78,862,26,-0.98427465598151,-0.4954265099705051
72,1561780800,96,57,-39,153,26,-0.9245104140436776,-1.2983645786255895
72,1561795200,43,296,253,339,26,-0.47704480773990704,-1.08772074115049
72,1561809600,167,850,683,1017,26,0.18189427003619335,-0.31988997874125535
72,1561824000,597,1401,804,1998,26,0.36731666168946814,0.7910863898774158
72,1561838400,761,1053,292,1814,26,-0.4172805658020747,0.5827075399020483
72,1561852800,471,422,-49,893,26,-0.9398345786431218,-0.4603192037246551
72,1561867200,121,71,-50,192,26,-0.9413669951030662,-1.2541973223808105
72,1561881600,90,165,75,255,26,-0.7498149376100137,-1.1828502161392445
72,1561896000,104,804,700,908,26,0.20794534985524848,-0.44333179747666324
72,1561910400,351,1191,840,1542,26,0.42248365424746726,0.2746692399384616
72,1561924800,578,1028,450,1606,26,-0.1751587651308564,0.34714883992989376
72,1561939200,350,399,49,749,26,-0.7896577655685687,-0.6233983037053775
72,1561953600,144,62,-82,206,26,-0.9904043218212877,-1.2383424098826847
72,1561968000,61,890,829,951,26,0.4056270731880786,-0.39463456623241977
72,1561982400,236,2220,1984,2456,26,2.175568084423883,1.3097685273161022
72,1561996800,545,1345,800,1890,26,0.36118699584969044,0.6687770648918739
72,1562011200,1018,1341,323,2359,26,-0.3697756555437977,1.1999166335790878
72,1562025600,376,255,-121,631,27,-1.2088229875464298,-0.5802626559709622
72,1562040000,34,26,-8,60,27,-0.9865004346840769,-1.3212669747985748
72,1562054400,58,974,916,1032,27,0.8314291126151628,-0.05987258267871585
72,1562063364,156,1765,1609,1921,27,2.1948762730895925,1.0938101483856408
72,1562068800,88,525,437,613,27,-0.11098241677481098,-0.6036218113805892
72,1562083200,540,1280,740,1820,27,0.48515681789149817,0.9627393319205114
72,1562097600,1000,1287,287,2287,27,-0.4061008497779343,1.5687796417147235
72,1562112000,411,317,-94,728,27,-1.1557016696058677,-0.45438276293019436
72,1562126400,50,25,-25,75,27,-1.019947190424431,-1.301801011957219
72,1562140800,66,860,794,926,27,0.5913994537726226,-0.19743205342429718
72,1562155200,242,1882,1640,2124,27,2.255867415910238,1.3572495121719899
72,1562169600,684,1534,850,2218,27,0.7015770020937886,1.4792362126444867
72,1562184000,809,1524,715,2333,27,0.4359704123909776,1.6284752610948814
72,1562198400,384,372,-12,756,27,-0.9943702595641601,-0.41804629895966344
72,1562212800,44,43,-1,87,27,-0.9727282411439311,-1.2862282416841344
72,1562227200,33,186,153,219,27,-0.6697399832607245,-1.1149277686802028
72,1562241600,95,884,789,979,27,0.5815621726725184,-0.1286523180515065
72,1562256000,422,1195,773,1617,27,0.5500828731521853,0.6992999681341623
72,1562270400,533,872,339,1405,27,-0.30379312633685157,0.42418102664299956
72,1562284800,259,315,56,574,27,-0.8605832366027443,-0.6542333147681144
72,1562299200,21,36,15,57,27,-0.941248941623598,-1.325160167366846
72,1562313600,30,500,470,530,27,-0.046056361514123845,-0.7113334724360916
72,1562328000,150,1206,1056,1356,27,1.106872983418078,0.3605922146945705
72,1562342400,551,1664,1113,2215,27,1.2190179879592646,1.4753430200762154
72,1562356800,663,1151,488,1814,27,-0.010642149553749043,0.954952946783969
72,1562371200,379,270,-109,649,27,-1.18521351290618,-0.5569035005613352
72,1562385600,46,29,-17,75,27,-1.0042075406642643,-1.301801011957219
72,1562400000,32,280,248,312,27,-0.48283164235874637,-0.9942387990637965
72,1562414400,98,1045,947,1143,27,0.8924202554358084,0.08417554234731743
72,1562428800,435,1482,1047,1917,27,1.0891658774378905,1.0886192249612792
72,1562443200,648,1215,567,1863,27,0.14478689182789592,1.0185417587323982
72,1562457600,317,271,-46,588,27,-1.0612637710448682,-0.636065082782849
72,1562472000,46,49,3,95,27,-0.9648584162638478,-1.2758463948354113
72,1562486400,21,185,164,206,27,-0.6480979648404954,-1.1317982698093778
72,1562500800,89,922,833,1011,27,0.6681302463534347,-0.08712493065661404
72,1562515200,397,1371,974,1768,27,0.9455415733763706,0.8952573274038111
72,1562529600,571,948,377,1519,27,-0.2290297899760603,0.572122344237304
72,1562544000,275,216,-59,491,27,-1.086840701905139,-0.7619449758236168
72,1562558400,14,42,28,56,27,-0.9156720107633273,-1.3264578982229365
72,1562572470,24,176,152,200,27,-0.6717074394807453,-1.1395846549459203
72,1562572800,55,936,881,991,27,0.7625681449144341,-0.11307954777842184
72,1562587200,205,2111,1906,2316,27,2.779210770435777,1.6064138365413447
72,1562601600,495,1125,630,1620,27,0.2687366336892077,0.7031931607024334
72,1562616000,1018,1223,205,2241,27,-0.5674322598196417,1.5090840223345656
72,1562630400,336,233,-103,569,28,-0.9700748866578971,-0.7458270580286144
72,1562644800,28,32,4,60,28,-0.8155533348682756,-1.2799920500395936
72,1562659200,76,1127,1051,1203,28,0.6964472700264314,-0.0804820581563927
72,1562673600,237,2482,2245,2719,28,2.420734492800338,1.5104690771847558
72,1562688000,522,1324,802,1846,28,0.33685973361880767,0.5943079022818385
72,1562702400,1033,1560,527,2593,28,-0.060275095747041846,1.3782396292606234
72,1562716800,418,291,-127,709,28,-1.004733926311644,-0.5989054492240229
72,1562731200,36,37,1,73,28,-0.819885714824994,-1.2663493292220245
72,1562745600,83,956,873,1039,28,0.4393927259278088,-0.2525902284703428
72,1562760000,245,2357,2112,2602,28,2.2286656480524907,1.3876845898266328
72,1562774400,576,1244,668,1820,28,0.143346762218721,0.5670224606467
72,1562788800,1079,1773,694,2852,28,0.18089405517694676,1.6500446055491176
72,1562803200,434,302,-132,736,28,-1.0119545595728412,-0.5705705675259944
72,1562817600,59,45,-14,104,28,-0.8415476146085857,-1.2338166872724363
72,1562832000,72,1039,967,1111,28,0.5751406312383174,-0.17703054394226714
72,1562846400,302,2827,2525,3129,28,2.825089955427385,1.9407395029696308
72,1562860800,843,1555,712,2398,28,0.20688833491725692,1.173598816997085
72,1562875200,1534,1447,-87,2981,28,-0.9469688602220658,1.78542237366192
72,1562889600,465,286,-179,751,28,-1.0798285122280955,-0.5548289665826454
72,1562904000,47,42,-5,89,28,-0.8285504747384307,-1.2495582882157854
72,1562918400,73,927,854,1000,28,0.4119543195352592,-0.29351839092305043
72,1562932800,252,2150,1898,2402,28,1.919622544473248,1.177796577248645
72,1562947200,694,1507,813,2201,28,0.35274512679344167,0.966859124607767
72,1562961600,862,1481,619,2343,28,0.07258455625898781,1.1158796135381384
72,1562976000,434,343,-91,777,28,-0.9527453668310236,-0.527543524947507
72,1562990400,62,55,-7,117,28,-0.8314387280429096,-1.220173966454867
72,1563004800,33,258,225,291,28,-0.49640134472335656,-1.0375713955120176
72,1563019200,87,892,805,979,28,0.34119211357552603,-0.31555663224373914
72,1563033600,409,1231,822,1640,28,0.3657422666635967,0.37812324932651087
72,1563048000,473,926,453,1399,28,-0.16714046801276133,0.12520819417003545
72,1563062400,1,2,1,3,28,-0.819885714824994,-1.3398101336243202
72,1563076800,7,10,3,17,28,-0.8169974615205151,-1.3251179727438611
72,1563091200,24,184,160,208,28,-0.590269577118921,-1.1246749207318825
72,1563105600,84,659,575,743,28,0.009042983560451889,-0.5632244870857649
72,1563120000,326,1102,776,1428,28,0.2993124406605819,0.1556419559938437
72,1563134400,545,928,383,1473,28,-0.26822933366952306,0.202866758823891
72,1563148800,285,189,-96,474,28,-0.9599660000922209,-0.8455238640031586
72,1563163200,25,39,14,64,28,-0.8011120683458811,-1.2757942897880339
72,1563177600,62,896,834,958,28,0.38307178649047013,-0.3375948735644279
72,1563192000,240,2103,1863,2343,28,1.8690781116448671,1.1158796135381384
72,1563206400,513,1099,586,1612,28,0.02492837673508587,0.3487389275655926
72,1563220800,1014,877,-137,1891,28,-1.0191751928340385,0.6415327051118858
72,1563235200,402,229,-173,631,29,-1.0104609214671043,-0.49630347337549596
72,1563249600,3,9,6,12,29,-0.7203736417434138,-1.2006084804928707
72,1563264000,62,401,339,463,29,-0.1807140654976657,-0.6874557208645412
72,1563274385,94,269,175,363,29,-0.4464923553003765,-0.8012368205604014
72,1563278400,243,2296,2053,2539,29,2.596993182806275,1.6746399088215171
72,1563279793,30,133,103,163,29,-0.5631755069210788,-1.028799019952122
72,1563292360,487,1054,567,1541,29,0.1887825813012249,0.5391045338568321
72,1563292800,104,202,98,306,29,-0.5712785035614053,-0.8660920473870417
72,1563307200,1051,1420,369,2471,29,-0.1320960856557064,1.5972687610283323
72,1563321600,435,257,-178,692,29,-1.0185639181074309,-0.42689700256102125
72,1563336000,3,7,4,10,29,-0.7236148403995445,-1.202884102486788
72,1563350400,65,867,802,932,29,0.5696234233965727,-0.1538223632909567
72,1563350835,4,11,7,15,29,-0.7187530424153485,-1.197195047501995
72,1563364800,277,2474,2197,2751,29,2.8303594860476795,1.915855840176741
72,1563379200,590,1180,590,1770,29,0.22605636584672703,0.7996632521603521
72,1563393600,1062,1333,271,2395,29,-0.2909148198061068,1.5107951252594785
72,1563408000,402,277,-125,679,29,-0.9326721537199694,-0.44168854552148307
72,1563422400,2,9,7,11,29,-0.7187530424153485,-1.2017462914898294
72,1563436800,55,901,846,956,29,0.6409297938314463,-0.12651489936395025
72,1563451200,257,2196,1939,2453,29,2.4122448594068295,1.5767881630830773
72,1563465600,514,1101,587,1615,29,0.2211945678625311,0.6233025476317687
72,1563480000,1068,1469,401,2537,29,-0.0802369071576165,1.6723642868276
72,1563494400,408,337,-71,745,29,-0.8451597900044426,-0.3665930197222153
72,1563508800,3,1,-2,4,29,-0.7333384363679363,-1.2097109684685396
72,1563523200,54,814,760,868,29,0.5015582516178297,-0.22664226709630725
72,1563537600,232,1998,1766,2230,29,2.131881175651531,1.3230563107613091
72,1563552000,729,1372,643,2101,29,0.31194813023418844,1.1762786921536494
72,1563566400,880,1321,441,2201,29,-0.015412934035004103,1.2900597918495096
72,1563580800,433,333,-100,766,29,-0.8921571705183367,-0.3426989887860847
72,1563595200,49,36,-13,85,29,-0.7511650289766547,-1.1175482777148928
72,1563609600,37,286,249,323,29,-0.32656800502354355,-0.8467492604387455
72,1563616110,26,272,246,298,29,-0.3314298030077395,-0.8751945353627105
72,1563624000,84,521,437,605,29,-0.021895331347265342,-0.5258865592964197
72,1563638400,353,988,635,1341,29,0.298983335609666,0.31154233446511165
72,1563652800,469,783,314,1252,29,-0.22122904869929844,0.21027715573579606
72,1563667200,333,275,-58,608,29,-0.8240919987395936,-0.5224731263055439
72,1563681600,52,35,-17,87,29,-0.7576474262889159,-1.1152726557209756
72,1563696000,26,168,142,194,29,-0.4999721331265317,-0.9935268790464052
72,1563710400,92,667,575,759,29,0.2017473759257474,-0.3506636657647949
72,1563724800,302,937,635,1239,29,0.298983335609666,0.19548561277533422
72,1563739200,501,619,118,1120,29,-0.5388665170000991,0.06008610413726055
72,1563753600,250,185,-65,435,29,-0.8354361940360508,-0.719314428779382
72,1563768000,36,25,-11,61,29,-0.7479238303205241,-1.1448557416418994
72,1563782400,56,864,808,920,29,0.5793470193649646,-0.16747609525445992
72,1563796800,235,2391,2156,2626,29,2.763914913597002,1.7736294655569156
72,1563811200,553,1211,658,1764,29,0.3362571201551681,0.7928363861786004
72,1563825600,1089,1132,43,2221,29,-0.6604114666049974,1.3128160117886818
72,1563840000,308,191,-117,499,30,-1.0750881458136234,-0.7549807434943602
72,1563854400,6,10,4,16,30,-0.8725967142297963,-1.3003166814498606
72,1563868800,58,952,894,1010,30,0.6168030718000065,-0.17803112797622192
72,1563879461,194,1855,1661,2049,30,1.900364460434679,0.9950621215802274
72,1563883200,104,393,289,497,30,-0.3956540861191291,-0.7572388633202628
72,1563888403,115,415,300,530,30,-0.37724577415696303,-0.7199798861928685
72,1563897600,431,877,446,1308,30,-0.13291726993184932,0.15842872608327943
72,1563912000,1078,1220,142,2298,30,-0.6416560732498943,1.2761980399051127
72,1563926400,383,254,-129,637,30,-1.095169940681441,-0.5991704755070743
72,1563940800,2,11,9,13,30,-0.8642292997015389,-1.3037038611887146
72,1563955200,77,933,856,1010,30,0.5532107213852508,-0.17803112797622192
72,1563969600,280,2567,2287,2847,30,2.9479647593724954,1.8960519321154021
72,1563984000,625,1344,719,1969,30,0.32394356331100027,0.9047373285441197
72,1563998400,1071,1405,334,2476,30,-0.32034735536481324,1.4771707044104525
72,1564012800,492,386,-106,878,30,-1.0566798338514574,-0.3270670364857997
72,1564027200,2,14,12,16,30,-0.8592088509845845,-1.3003166814498606
72,1564041600,73,889,816,962,30,0.48627140515919226,-0.23222600379788658
72,1564056000,243,2183,1940,2426,30,2.367266191111437,1.420717708762885
72,1564070400,581,1529,948,2110,30,0.7071711487051855,1.0639347762702596
72,1564084800,1085,1740,655,2825,30,0.2168406573493066,1.8712126140304726
72,1564099200,556,345,-211,901,30,-1.232395538944861,-0.3010986584879187
72,1564113600,2,5,3,7,30,-0.8742701971354477,-1.3104782206664227
72,1564127768,22,170,148,192,30,-0.6316151758159855,-1.1016021367704236
72,1564128000,58,770,712,828,30,0.31222918297144003,-0.38352003213336705
72,1564129077,6,17,11,23,30,-0.860882333890236,-1.2924132620592013
72,1564131076,57,435,378,492,30,-0.24671410751614886,-0.7628841628850196
72,1564142400,190,1592,1402,1782,30,1.46693238787095,0.6936031248222179
72,1564156800,646,1407,761,2053,30,0.39422984534836175,0.9995783612320328
72,1564171200,930,1618,688,2548,30,0.2720655932358049,1.5584630181429495
72,1564185600,467,403,-64,870,30,-0.9863935518140958,-0.3360995157894105
72,1564200000,54,40,-14,94,30,-0.9027194065315226,-1.2122500082396557
72,1564214400,41,280,239,321,30,-0.47932823140170233,-0.9559534079996999
72,1564228800,107,977,870,1084,30,0.5766394820643713,-0.09448069441782227
72,1564243200,419,1375,956,1794,30,0.7205590119503972,0.707151843777634
72,1564257600,606,1460,854,2066,30,0.5498637555739478,1.0142561401004002
72,1564272000,422,373,-49,795,30,-0.9612913082293238,-0.4207790092607615
72,1564286400,41,50,9,91,30,-0.8642292997015389,-1.2156371879785097
72,1564300800,36,144,108,180,30,-0.6985544920420441,-1.1151508557258398
72,1564315200,108,809,701,917,30,0.29382087100927395,-0.2830336998806972
72,1564329600,390,1427,1037,1817,30,0.8561111273081657,0.733120221775515
72,1564344000,519,987,468,1506,30,-0.09610064600751712,0.3819825888476461
72,1564358400,297,182,-115,479,30,-1.0717411800023204,-0.7775619417533871
72,1564372800,29,27,-2,56,30,-0.882637611663705,-1.2551542849318067
72,1564387200,56,880,824,936,30,0.49965926840440394,-0.2615815615346216
72,1564401600,258,2270,2012,2528,30,2.4877569603183427,1.5358818198839226
72,1564416000,560,1357,797,1917,30,0.45447522995181444,0.8460262130706496
72,1564430400,1008,1220,212,2228,30,-0.5245122698542918,1.1971638459985185
72,1564444800,375,232,-143,607,31,-1.0562338225938575,-0.8267572940148643
72,1564459200,27,22,-5,49,31,-0.86418118804401,-1.4333880667640415
72,1564472609,23,198,175,221,31,-0.6136777516746436,-1.2463979360958362
72,1564473600,67,1016,949,1083,31,0.4634870247136322,-0.3092729789098314
72,1564488000,277,2598,2321,2875,31,2.3728798841512475,1.6389032661914686
72,1564502400,587,1436,849,2023,31,0.32431844895287304,0.7126498282303595
72,1564516800,1082,1257,175,2339,31,-0.6136777516746436,1.056189835737062
72,1564531200,393,289,-104,682,31,-1.0019580780471615,-0.7452208998281469
72,1564545600,36,23,-13,59,31,-0.8753146741048707,-1.4225165475391457
72,1564560000,65,977,912,1042,31,0.41199465168215127,-0.35384620773190356
72,1564574400,271,2260,1989,2531,31,1.910840212625527,1.2649230048550584
72,1564588800,573,1071,498,1644,31,-0.1641632519673915,0.3006192496068144
72,1564603200,1079,1206,127,2285,31,-0.6804786680398079,0.9974836319226255
72,1564617600,400,256,-144,656,31,-1.0576255083514652,-0.7734868498128756
72,1564632000,35,29,-6,64,31,-0.8655728738016175,-1.417080787926698
72,1564646400,54,896,842,950,31,0.31457664864961987,-0.4538641846009435
72,1564660800,240,2229,1989,2469,31,1.910840212625527,1.1975195856607055
72,1564675200,524,1260,736,1784,31,0.1670579583432152,0.4528205187553535
72,1564689600,981,1469,488,2450,31,-0.17808010954346742,1.1768636991334036
72,1564704000,450,330,-120,780,31,-1.024225050168883,-0.6386800114241695
72,1564718400,55,38,-17,93,31,-0.8808814171353011,-1.3855533821745005
72,1564732800,61,835,774,896,31,0.21994201713230369,-0.51257038841538
72,1564747200,250,2042,1792,2292,31,1.6366781183768317,1.0050936953800524
72,1564761600,636,1474,838,2110,31,0.3090099056191895,0.8072320454869516
72,1564776000,853,1350,497,2203,31,-0.1655549377249991,0.9083371742784812
72,1565395200,8661,7782,-879,16443,32,-2.0611312355804454,4.0190295582666415
72,1565409600,65,33,-32,98,32,-0.723996355462175,-0.5245650296286279
72,1565424000,37,310,273,347,32,-0.24250150488829966,-0.45534783462184164
72,1565438400,111,814,703,925,32,0.4363273008388033,-0.2946749883811891
72,1565452800,414,1162,748,1576,32,0.5073675246939652,-0.11370955083332611
72,1565467200,683,1222,539,1905,32,0.17742515167776868,-0.02225389959945988
72,1565481600,421,383,-38,804,32,-0.73346838530953,-0.3283106534246475
72,1565496000,68,57,-11,125,32,-0.6908442509964328,-0.5170595506519884
72,1565510400,34,209,175,243,32,-0.3972113257284301,-0.4842578277170455
72,1565524800,102,1042,940,1144,32,0.8104724798093228,-0.23379721445955776
72,1565539200,392,1268,876,1660,32,0.7094374947708703,-0.09035917179489218
72,1565553600,682,1033,351,1715,32,-0.11936511687268563,-0.07507023313877473
72,1565568000,323,220,-103,543,32,-0.8360820419892083,-0.40086361686549576
72,1565582400,27,36,9,63,32,-0.6592708181719164,-0.5342943542279754
72,1565596800,60,862,802,922,32,0.5926157933201596,-0.29550893048970456
72,1565611200,248,2468,2220,2716,32,2.8311721805783736,0.20318845040256298
72,1565625600,617,1561,944,2178,32,0.8167871663742261,0.0536348322754504
72,1565640000,1081,1243,162,2324,32,-0.4177340570643658,0.09422001488987128
72,1565654400,339,277,-62,616,33,-0.8743178948017662,-0.6445274571530712
72,1565668800,40,26,-14,66,33,-0.8002455769365637,-1.2669599095040722
72,1565683200,65,924,859,989,33,0.5469447042368084,-0.22240508492230152
72,1565697600,274,2457,2183,2731,33,2.5901061386853135,1.7490082459785052
72,1565712000,554,1200,646,1754,33,0.21824879370997194,0.6433418715295454
72,1565726400,1107,1090,-17,2197,33,-0.8048750968031388,1.1446829195140789
72,1565740800,388,260,-128,648,33,-0.9761673318664198,-0.6083132053799222
72,1565755200,37,33,-4,70,33,-0.7848138440479798,-1.2624331280324286
72,1565769600,67,919,852,986,33,0.5361424912147997,-0.22580017102603425
72,1565784000,254,2399,2145,2653,33,2.5314655537086947,1.6607360072814543
72,1565798400,631,1361,730,1992,33,0.3478753499740765,0.9126853690923421
72,1565812800,1067,1224,157,2291,33,-0.5363629445417795,1.2510622840977046
72,1565827200,420,248,-172,668,33,-1.0440669565761889,-0.5856792980217039
72,1565841600,55,33,-22,88,33,-0.8125909632474307,-1.2420626114100322
72,1565856000,66,1124,1058,1190,33,0.8540361887196275,0.005065684027791574
72,1565870400,300,2495,2195,2795,33,2.608624218151614,1.8214367495248036
72,1565884800,575,1275,700,1850,33,0.3015801513083249,0.7519846268489928
72,1565899200,1100,1442,342,2542,33,-0.2508758861029778,1.5351178214433432
72,1565913600,428,313,-115,741,33,-0.9561060791112608,-0.5030655361642075
72,1565928000,44,40,-4,84,33,-0.7848138440479798,-1.2465893928816758
72,1565942400,50,855,805,905,33,0.46361334663845555,-0.31746749582681805
72,1565956800,235,1871,1636,2106,33,1.7459903496797755,1.041698641034186
72,1565971200,698,1620,922,2318,33,0.6441646214348868,1.281618059031299
72,1565985600,848,1661,813,2509,33,0.4759587329493226,1.497771874302283
72,1566000000,379,304,-75,683,33,-0.8943791475569253,-0.5687038675030403
72,1566014400,71,46,-25,117,33,-0.817220483114006,-1.2092434457406158
72,1566028800,28,183,155,211,33,-0.5394492911194962,-1.1028640811569903
72,1566043200,96,650,554,746,33,0.07627685113500031,-0.49740705932465284
72,1566057600,346,896,550,1242,33,0.07010415797956676,0.06391384315915895
72,1566072000,483,742,259,1225,33,-0.37895926907822397,0.044675021904673456
72,1566086400,297,200,-97,497,33,-0.9283289599118099,-0.7791992059344697
72,1566100800,34,36,2,70,33,-0.7755548043148295,-1.2624331280324286
72,1566115200,26,104,78,130,33,-0.658273634361592,-1.194531405957774
72,1566129600,79,520,441,599,33,-0.09810173050599745,-0.6637662784075568
72,1566144000,295,698,403,993,33,-0.15674231548261616,-0.21787830345065787
72,1566158400,469,614,145,1083,33,-0.5548810240080801,-0.11602572033867589
72,1566172800,224,186,-38,410,33,-0.837281735869165,-0.8776567029427189
72,1566187200,19,28,9,47,33,-0.7647525912928208,-1.2884621214943797
72,1566201600,60,829,769,889,33,0.4080591082395536,-0.3355746217133926
72,1566216000,236,1975,1739,2211,33,1.9049371984321894,1.1605266546648316
72,1566230400,528,1057,529,1585,33,0.03769751891354063,0.4520853543526014
72,1566244800,988,1277,289,2265,33,-0.3326640704124723,1.2216382045320209
72,1566259200,350,233,-117,583,34,-1.0677828789887382,-0.7252063879835515
72,1566273600,2,6,4,8,34,-0.8607130250995232,-1.4318042363577455
72,1566288000,58,791,733,849,34,0.3868400615553339,-0.3983280789965331
72,1566302400,232,2058,1826,2290,34,2.2573140309843582,1.3724675723203597
72,1566316800,553,1201,648,1754,34,0.24137776750092668,0.7137954910532851
72,1566331200,1039,1233,194,2272,34,-0.53556201486026,1.3503479875016893
72,1566345600,365,252,-113,617,34,-1.0609375945626485,-0.6834249499927296
72,1566360000,34,27,-7,61,34,-0.87953755727127,-1.3666743477249936
72,1566374400,63,856,793,919,34,0.4895193279466801,-0.3123074713683704
72,1566388800,237,2118,1881,2355,34,2.3514366918430922,1.452343850832225
72,1566403200,525,1025,500,1550,34,-0.01189775626439411,0.4631068631083537
72,1566417600,1053,1173,120,2226,34,-0.6621997767429204,1.2938201596317538
72,1566432000,413,289,-124,702,34,-1.0797621267343953,-0.5789713550156749
72,1566446400,51,41,-10,92,34,-0.8846715205908373,-1.3285795072039501
72,1566460800,63,890,827,953,34,0.547704245568443,-0.2705260333775485
72,1566475200,262,2258,1996,2520,34,2.5482386190931727,1.6551067116700373
72,1566489600,553,1249,696,1802,34,0.3235211806140037,0.7727810505697396
72,1566504000,1053,1422,369,2475,34,-0.23608082121883345,1.5998077496233614
72,1566518400,415,304,-111,719,34,-1.0575149523496035,-0.5580806360202639
72,1566532800,49,56,7,105,34,-0.8555790617799559,-1.312604251501577
72,1566547200,50,1018,968,1068,34,0.7890005215881067,-0.1292064637027097
72,1566561600,217,2260,2043,2477,34,2.628670711099727,1.6022654812698802
72,1566576000,630,1426,796,2056,34,0.49465329126624746,1.0849129696776443
72,1566590400,821,1222,401,2043,34,-0.18131854581011544,1.0689377139752712
72,1566604800,342,300,-42,642,34,-0.9394337959995553,-0.6527033044112429
72,1566619200,66,68,2,134,34,-0.8641356673125681,-1.2769671426270526
72,1566633600,31,295,264,326,34,-0.41576953740368944,-1.0410249045612348
72,1566648000,132,885,753,1017,34,0.42106648368578264,-0.19187862068894254
72,1566662400,400,1208,808,1608,34,0.5151891445445167,0.5343810808574029
72,1566676800,566,1030,464,1596,34,-0.07350531609920187,0.5196346909782892
72,1566691200,311,316,5,627,34,-0.8590017039930008,-0.6711362917601349
72,1566705600,50,47,-3,97,34,-0.8726922728451803,-1.3224351780876529
72,1566720000,34,140,106,174,34,-0.6861582722342345,-1.2278125096966739
72,1566734400,109,668,559,777,34,0.08907018902042972,-0.4868064182712148
72,1566748800,355,1220,865,1575,34,0.6127344476162957,0.4938285086898404
72,1566763200,558,1179,621,1737,34,0.19517209762482085,0.6929047720578742
72,1566777600,246,209,-37,455,34,-0.9308771904669432,-0.8825012133607634
72,1566792000,26,35,9,61,34,-0.852156419566911,-1.3666743477249936
72,1566806400,40,585,545,625,34,0.06511169352911558,-0.6735940234066539
72,1566820800,204,1405,1201,1609,34,1.1877383394078347,0.5356099466806623
72,1566835200,447,1044,597,1491,34,0.15410039106828236,0.39060377953604514
72,1566849600,985,1240,255,2225,34,-0.43117142736239134,1.2925912938084945
72,1566864000,354,237,-117,591,35,-1.1000534080820616,-0.6096245421550893
72,1566878400,31,40,9,71,35,-0.8463608715600642,-1.3073240653258251
72,1566892800,58,864,806,922,35,0.7583450935830449,-0.165511961059871
72,1566907200,251,2035,1784,2286,35,2.7274824008728324,1.664607557411059
72,1566921600,545,1127,582,1672,35,0.30733613976616103,0.8407854281286902
72,1566936000,1061,1179,118,2240,35,-0.6268966931402413,1.602887984207494
72,1566950400,370,304,-66,674,35,-0.9973683337755388,-0.49826096441822193
72,1566964800,34,41,7,75,35,-0.8503877372191436,-1.3019571459168195
72,1566979200,64,902,838,966,35,0.8227749441283141,-0.10647584756080876
72,1566993600,236,1752,1516,1988,35,2.1878824025562036,1.2647720614401372
72,1567008000,516,995,479,1511,35,0.09995255832357604,0.6247669219162124
72,1567022400,973,1056,83,2029,35,-0.6973668421741294,1.3197829853824452
72,1567036800,343,243,-100,586,35,-1.0658250499798874,-0.6163331914163465
72,1567051200,45,47,2,92,35,-0.8604549013668419,-1.2791477384285455
72,1567065600,60,816,756,876,35,0.6576734521060619,-0.2272315342634361
72,1567080000,260,2064,1804,2324,35,2.7677510574636255,1.7155932917966128
72,1567094400,534,1229,695,1763,35,0.5348540495041426,0.9628828446835689
72,1567108800,985,1634,649,2619,35,0.44223613934531825,2.11140359821078
72,1567123200,348,321,-27,669,35,-0.918844453423492,-0.504969613679479
72,1567137600,42,54,12,96,35,-0.8403205730714453,-1.2737808190195397
72,1567152000,59,847,788,906,35,0.722103302651331,-0.18697963869589365
72,1567166400,235,1557,1322,1792,35,1.7972764336255094,1.00179301039886
72,1567180800,628,1333,705,1961,35,0.5549883777995392,1.228545355429349
72,1567195200,704,1104,400,1808,35,-0.05910863521005712,1.0232606880348827
72,1567209600,340,314,-26,654,35,-0.9168310205939524,-0.5250955614632502
72,1567224000,60,75,15,135,35,-0.8342802745828263,-1.2214533547817346
72,1567238400,40,254,214,294,35,-0.4336071415044339,-1.0081183082737595
72,1567252800,144,832,688,976,35,0.520760019697365,-0.09305854903829461
72,1567267200,419,1280,861,1699,35,0.8690838992077262,0.8770121341394784
72,1567281600,546,1278,732,1824,35,0.60935106419711,1.0447283656709052
72,1567296000,301,379,78,680,35,-0.7074340063218277,-0.4902105853047134
72,1567310400,53,77,24,130,35,-0.8161593791169693,-1.2281620040429917
72,1567324800,35,136,101,171,35,-0.6611250512424155,-1.1731510801006837
72,1567339200,133,634,501,767,35,0.14424808057344857,-0.3734800881588403
72,1567353600,420,1063,643,1483,35,0.4301555423680803,0.5871984860531727
72,1567368000,554,825,271,1379,35,-0.3188414702206733,0.4476585814190256
72,1567382400,267,208,-59,475,35,-0.9832743039687611,-0.7652652050162535
72,1567396800,30,64,34,94,35,-0.7960250508215727,-1.2764642787240426
72,1567411200,26,170,144,196,35,-0.5745474395722101,-1.1396078337943982
72,1567425600,129,650,521,779,35,0.18451673716424177,-0.35737932993182336
72,1567440000,369,399,30,768,35,-0.8040787821397314,-0.3721383583065889
72,1567454400,334,550,216,884,35,-0.4295802758453546,-0.21649769544542477
72,1567468800,170,202,32,372,36,-0.6917021551341856,-0.9909925272795338
72,1567483200,13,49,36,62,36,-0.6849725997680435,-1.3760794581330982
72,1567497600,60,706,646,766,36,0.34128459356863916,-0.5015594603237132
72,1567512000,250,1548,1298,1798,36,1.4382021182498148,0.7804073546468625
72,1567526400,506,898,392,1404,36,-0.08604217218138935,0.2909742876910419
72,1567540800,1000,999,-1,1999,36,-0.7472209869048586,1.0300927517486898
72,1567555200,317,236,-81,553,36,-0.8818120942277021,-0.7661514482972913
72,1567569600,36,68,32,104,36,-0.6917021551341856,-1.32390639008197
72,1567584000,69,887,818,956,36,0.6306554743127529,-0.2655384381876576
72,1567598400,273,2091,1818,2364,36,2.3130443158482983,1.4835015574311123
72,1567612800,511,1149,638,1660,36,0.32782548283635476,0.6089815596217274
72,1567627200,1052,1137,85,2189,36,-0.6025355465328017,1.2661137738847452
72,1567641600,346,239,-107,585,36,-0.9255542041076263,-0.7264005393059556
72,1567656000,40,81,41,121,36,-0.6765606555603657,-1.302788719680323
72,1567670400,73,896,823,969,36,0.6390674185204307,-0.24938963140992748
72,1567684800,298,2117,1819,2415,36,2.314726704689834,1.5468545686360535
72,1567699200,595,1060,465,1655,36,0.03677221325070545,0.6027704800918312
72,1567713600,1088,1234,146,2322,36,-0.49990982719913346,1.4313284893799842
72,1567728000,390,277,-113,667,36,-0.9356485371568396,-0.624538835015658
72,1567742400,52,47,-5,99,36,-0.7539505422710008,-1.3301174696118663
72,1567756800,67,1050,983,1117,36,0.908249633166118,-0.06554167732499996
72,1567771200,257,2285,2028,2542,36,2.666345972570763,1.704615988695417
72,1567785600,620,1216,596,1836,36,0.25716515149186187,0.8276115590740736
72,1567800000,999,1221,222,2220,36,-0.37204827524243206,1.3046224669701016
72,1567814400,328,291,-37,619,36,-0.8077869852001383,-0.6841651985026614
72,1567828800,58,57,-1,115,36,-0.7472209869048586,-1.3102420151161984
72,1567843200,47,309,262,356,36,-0.30475272158101024,-1.0108679817752015
72,1567857600,185,1307,1122,1492,36,1.1421016821395589,0.40028928741721503
72,1567872000,677,1152,475,1829,36,0.0535961016660609,0.8189160477322189
72,1567886400,849,700,-149,1549,36,-0.9962145354521192,0.4710955940580317
72,1567900800,387,292,-95,679,36,-0.9053655380091998,-0.609632244143907
72,1567915200,61,59,-2,120,36,-0.7489033757463942,-1.3040309355863022
72,1567929600,42,195,153,237,36,-0.48813310530838466,-1.1586916745867313
72,1567944000,174,941,767,1115,36,0.5448536433944401,-0.06802610913695845
72,1567958400,499,676,177,1175,36,-0.4477557731115316,0.006506845221795952
72,1567972800,609,481,-128,1090,36,-0.9608843697798728,-0.09908150678643945
72,1567987200,270,226,-44,496,36,-0.8195637070908871,-0.836957754938108
72,1568001600,22,25,3,47,36,-0.7404914315387164,-1.3947126967227867
72,1568016000,67,856,789,923,36,0.5818661979082221,-0.30653156308497254
72,1568030400,233,2095,1862,2328,36,2.3870694248758624,1.4387817848158597
72,1568044800,549,1016,467,1565,36,0.04013699093377654,0.49097104855369955
72,1568059200,1120,1500,380,2620,36,-0.1062308382798159,1.8015088293617978
72,1568073600,332,292,-40,624,37,-0.9104495721135228,-0.7085336969666846
72,1568088000,31,36,5,67,37,-0.8384064617390385,-1.3435349346343326
72,1568102400,77,958,881,1035,37,0.5640327535509232,-0.2399780260844523
72,1568116800,265,2039,1774,2304,37,1.9936882549823567,1.2067303591942649
72,1568131200,543,1330,787,1873,37,0.413542700768667,0.715373925738688
72,1568145600,1142,1334,192,2476,37,-0.5390273141828481,1.4028169173250287
72,1568160000,356,375,19,731,37,-0.8159930496225323,-0.5865496171992908
72,1568174400,34,37,3,71,37,-0.8416083777556822,-1.3389747821196638
72,1568188800,74,906,832,980,37,0.48558581114315136,-0.30268012316115006
72,1568203200,256,2065,1809,2321,37,2.0497217852736225,1.2261110073816077
72,1568217600,537,1013,476,1550,37,-0.08435523981943582,0.3471416101791721
72,1568232000,1057,1284,227,2341,37,-0.4829937838915825,1.2489117699549523
72,1568246400,350,267,-83,617,37,-0.9792907664713634,-0.7165139638673552
72,1568260800,54,34,-20,88,37,-0.8784304119470854,-1.3195941339323207
72,1568275200,67,1102,1035,1169,37,0.8105802868324918,-0.08721291684304323
72,1568289600,279,2643,2364,2922,37,2.9382534798922624,1.9112739227106141
72,1568304000,582,1409,827,1991,37,0.477581021101542,0.8498984249214213
72,1568318400,1041,1702,661,2743,37,0.21182199172011087,1.7072070976791796
72,1568332800,392,295,-97,687,37,-1.0017041785878698,-0.6367112948606489
72,1568347200,54,32,-22,86,37,-0.8816323279637291,-1.3218742101896552
72,1568361600,66,894,828,960,37,0.4791819791098639,-0.3254808857344947
72,1568376000,305,2055,1750,2360,37,1.9552652627826317,1.27057249439963
72,1568390400,606,1258,652,1864,37,0.19741336964521403,0.7051135825806829
72,1568404800,1113,1592,479,2705,37,-0.0795523657944702,1.6638856487898248
72,1568419200,343,332,-11,675,37,-0.8640217898721885,-0.6503917524046557
72,1568433600,68,37,-31,105,37,-0.8960409500386259,-1.3002134857449779
72,1568448000,35,383,348,418,37,-0.2892778648846357,-0.9433815514721343
72,1568462400,253,807,554,1060,37,0.04051948482967036,-0.2114770728677715
72,1568476800,455,1286,831,1741,37,0.4839848531348295,0.5648888927546134
72,1568491200,620,930,310,1550,37,-0.3501142692008669,0.3471416101791721
72,1568505600,310,273,-37,583,37,-0.9056466980885572,-0.7552752602420411
72,1568520000,60,41,-19,101,37,-0.8768294539387634,-1.3047736382596469
72,1568534400,30,181,151,211,37,-0.6046665925240449,-1.1793694441062512
72,1568548800,80,809,729,889,37,0.3206871362859983,-0.4064235928698681
72,1568563200,364,867,503,1231,37,-0.04112937359474522,-0.016530552865674862
72,1568577600,567,778,211,1345,37,-0.5086091120247325,0.11343379380238956
72,1568592000,256,227,-29,483,37,-0.8928390340219823,-0.8692790731087643
72,1568606400,27,15,-12,42,37,-0.8656227478805104,-1.3720358878510135
72,1568620800,67,908,841,975,37,0.4999944332180482,-0.3083803138044862
72,1568635200,219,2249,2030,2468,37,2.4035335051127564,1.3936966122956909
72,1568649600,558,1006,448,1564,37,-0.12918206405244828,0.3631021439805133
72,1568664000,1128,1177,49,2305,37,-0.7679643093728761,1.207870397322932
72,1568678400,324,230,-94,554,38,-0.939123394101202,-0.7810507682445704
72,1568692800,2,8,6,10,38,-0.7736460382015105,-1.453499632245322
72,1568707200,62,856,794,918,38,0.5303155262880592,-0.33110336659700873
72,1568721600,263,2235,1972,2498,38,2.479638778786426,1.6219650251698798
72,1568736000,582,1144,562,1726,38,0.14640806060077474,0.6676809755217545
72,1568750400,1087,1168,81,2255,38,-0.6495380212767418,1.3215880509930735
72,1568764800,298,260,-38,558,38,-0.8464560747973747,-0.7761062913033884
72,1568779200,408,94,-314,502,38,-1.3031735770805235,-0.8453289684799363
72,1568793600,69,918,849,987,38,0.6213280720328895,-0.24581113936161927
72,1568808000,242,2026,1784,2268,38,2.1685413496950057,1.337657601051915
72,1568822400,572,1044,472,1616,38,-0.0025215597089476723,0.5317078596392496
72,1568836800,1110,1160,50,2270,38,-0.7008360016056462,1.340129839522506
72,1568851200,364,273,-91,637,38,-0.9341590734242112,-0.678452871715044
72,1568865600,46,39,-7,85,38,-0.7951580944684703,-1.3607906895981594
72,1568880000,68,898,830,966,38,0.5898873744119482,-0.27176964330282477
72,1568894400,283,2062,1779,2345,38,2.160267481900021,1.4328387821696684
72,1568908800,519,1079,560,1598,38,0.1430985134827809,0.5094577134039306
72,1568923200,1097,1311,214,2408,38,-0.42945313793015194,1.510714293993285
72,1568937600,362,285,-77,647,38,-0.9109922435982545,-0.666091679362089
72,1568952000,57,33,-24,90,38,-0.8232892449714179,-1.354610093421682
72,1568966400,66,845,779,911,38,0.5054939229031055,-0.33975620124407724
72,1568980800,257,1998,1741,2255,38,2.097386086658138,1.3215880509930735
72,1568995200,617,1237,620,1854,38,0.24238492702259587,0.8259042376395784
72,1569009600,980,1262,282,2242,38,-0.3169285359183617,1.305518500934232
72,1569024000,362,301,-61,663,38,-0.8845158666543038,-0.646313771597361
72,1569038400,99,39,-60,138,38,-0.8828610930953069,-1.295276370127498
72,1569052800,32,326,294,358,38,-0.2970712532103987,-1.0233301383624882
72,1569067200,130,777,647,907,38,0.2870638131155126,-0.34470067818525923
72,1569081600,407,1136,729,1543,38,0.42275524495325967,0.44147115546267823
72,1569096000,607,1028,421,1635,38,-0.08691501121779038,0.5551941251098641
72,1569110400,342,319,-23,661,38,-0.821634471412421,-0.648786010067952
72,1569124800,64,45,-19,109,38,-0.8150153771764334,-1.3311238279510675
72,1569139200,42,169,127,211,38,-0.5734184375628836,-1.2050396659509266
72,1569153600,113,675,562,788,38,0.14640806060077474,-0.4917988671854236
72,1569168000,350,1053,703,1403,38,0.37973113241933987,0.26841446252130835
72,1569182400,501,778,277,1279,38,-0.32520240371334624,0.11513567734466644
72,1569196800,232,194,-38,426,38,-0.8464560747973747,-0.9392740303623943
72,1569211200,25,29,4,54,38,-0.7769555853195043,-1.39911038589232
72,1569225600,69,906,837,975,38,0.6014707893249266,-0.2606445701851653
72,1569240000,253,2299,2046,2552,38,2.6020920221521977,1.6887154638758368
72,1569254400,541,1097,556,1638,38,0.13647941924679324,0.5589024828157506
72,1569268800,1055,1211,156,2266,38,-0.5254300043519731,1.3351853625813241
72,1569283200,339,252,-87,591,39,-1.0171962016799883,-0.7774701857507864
72,1569297600,45,39,-6,84,39,-0.8837972780411417,-1.371046971645062
72,1569312000,75,970,895,1045,39,0.6000598849045474,-0.24594383309595175
72,1569326400,315,2202,1887,2517,39,2.233784974407459,1.477419142912675
72,1569340800,576,1090,514,1666,39,-0.027409126285583073,0.4810999224076877
72,1569355200,1087,1324,237,2411,39,-0.4836005071246018,1.353318276433793
72,1569369600,383,320,-63,703,39,-0.9776705946758856,-0.646344741924043
72,1569384000,51,200,149,251,39,-0.6285277328063117,-1.1755295687962573
72,1569398400,79,994,915,1073,39,0.6329978907412996,-0.21316247213926592
72,1569412800,284,2280,1996,2564,39,2.413297106217759,1.5324449988042548
72,1569427200,551,1183,632,1734,39,0.16692510815125522,0.5607117990167818
72,1569441600,1157,1456,299,2613,39,-0.3814926890306698,1.589812380478455
72,1569456000,420,338,-82,758,39,-1.0089617002208002,-0.5819527829019816
72,1569470400,53,36,-17,89,39,-0.9019131812513554,-1.365193157188511
72,1569484800,81,941,860,1022,39,0.5424183746902309,-0.27287137959608654
72,1569499200,286,2316,2030,2602,39,2.469291716140238,1.5769339886740428
72,1569513600,602,1179,577,1781,39,0.07634559210018653,0.6157376549083616
72,1569528000,1145,1399,254,2544,39,-0.45560320216336236,1.5090297409780506
72,1569542400,398,286,-112,684,39,-1.0583687089759286,-0.668589236858937
72,1569556800,58,32,-26,90,39,-0.9167352838778939,-1.3640223942972007
72,1569571200,84,922,838,1006,39,0.5061865682698035,-0.2916035858570499
72,1569585600,269,2130,1861,2399,39,2.1909655668196812,1.3392691217380703
72,1569600000,623,1305,682,1928,39,0.24927012274313587,0.7878397999309623
72,1569614400,1075,1462,387,2537,39,-0.2365654633489599,1.5008344007388792
72,1569628800,417,366,-51,783,39,-0.9579077911738343,-0.5526837106192264
72,1569643200,89,51,-38,140,39,-0.9364980873799453,-1.3054842497316903
72,1569657600,35,326,291,361,39,-0.3946678913653707,-1.0467456507521342
72,1569672000,134,880,746,1014,39,0.3546717414207431,-0.28223748272656823
72,1569686400,464,1275,811,1739,39,0.46172026039018793,0.5665656134733329
72,1569700800,598,1056,458,1654,39,-0.11963554262848938,0.4670507677119652
72,1569715200,283,307,24,590,39,-0.8343902692860133,-0.7786409486420965
72,1569729600,57,49,-8,106,39,-0.887091078624817,-1.3452901880362373
72,1569744000,40,203,163,243,39,-0.6054711287205852,-1.184895671926739
72,1569758400,102,807,705,909,39,0.28714882945540093,-0.40516758631414007
72,1569772800,345,1081,736,1426,39,0.33820273850236693,0.20011682849323764
72,1569787200,473,815,342,1288,39,-0.31067597648165246,0.038551549492428894
72,1569801600,246,237,-9,483,39,-0.8887379789166545,-0.9039125780122889
72,1569816000,26,41,15,67,39,-0.8492123719125518,-1.3909499407973356
72,1569830400,53,837,784,890,39,0.41725395251057235,-0.42741208124903407
72,1569844800,214,1957,1743,2171,39,1.996631332382843,1.072335182519343
72,1569859200,558,1495,937,2053,39,0.6692296971617271,0.9341851613447383
72,1569873600,1043,1061,18,2104,39,-0.844271671037039,0.993894068801559
72,1569888000,321,184,-137,505,40,-0.8373289078847906,-0.8986690594705802
72,1569902400,38,50,12,88,40,-0.6733994755199222,-1.2537093226626521
72,1569916800,54,855,801,909,40,0.1946563777410255,-0.5546971977689086
72,1569931200,229,2057,1828,2286,40,1.324559243772703,0.6177019447142643
72,1569945600,573,1118,545,1691,40,-0.08699419061740621,0.11110972265363403
72,1569960000,1066,1291,225,2357,40,-0.43905740106544583,0.6781524451618353
72,1569974400,359,262,-97,621,40,-0.7933210065787857,-0.7999048615562389
72,1569988800,38,22,-16,60,40,-0.7042050064341256,-1.277548956641976
72,1570003200,85,953,868,1038,40,0.2683696124285838,-0.4448645983641669
72,1570017600,350,2099,1749,2449,40,1.2376436386933432,0.7564826710938991
72,1570032000,638,1115,477,1753,40,-0.16180762283761463,0.16389748360785097
72,1570046400,1233,1282,49,2515,40,-0.6326921668118677,0.8126760940451623
72,1570060800,336,217,-119,553,40,-0.8175253522970884,-0.8578011155060252
72,1570075200,54,32,-22,86,40,-0.7108061916300265,-1.2554121536611753
72,1570089600,84,943,859,1027,40,0.25846783463473266,-0.4542301688560441
72,1570104000,379,3463,3084,3842,40,2.706407344781258,1.9425044615652571
72,1570118400,712,1815,1103,2527,40,0.5269160326013629,0.8228930800363011
72,1570132800,1560,1691,131,3251,40,-0.5424759691345575,1.439317901501673
72,1570147200,494,264,-230,758,40,-0.9396472784212522,-0.6832609381574046
72,1570161600,58,40,-18,98,40,-0.706405401499426,-1.2451951676700366
72,1570176000,77,955,878,1032,40,0.279371587755085,-0.4499730913597363
72,1570190400,391,3708,3317,4099,40,2.962753369888737,2.1613182448754786
72,1570204800,964,2271,1307,3235,40,0.7513563292619881,1.425695253513488
72,1570219200,1920,1871,-49,3791,40,-0.7405115250115798,1.8990822711029174
72,1570233600,623,382,-241,1005,40,-0.9517494512804036,-0.4729613098397985
72,1570248000,86,47,-39,133,40,-0.7295095496850785,-1.2153956251958817
72,1570262400,46,448,402,494,40,-0.2443224377863739,-0.9080346299624574
72,1570276800,150,2455,2305,2605,40,1.849353466846812,0.889303488978703
72,1570291200,776,2142,1366,2918,40,0.8162679836883455,1.1557965402475725
72,1570305600,1466,1311,-155,2777,40,-0.857132463472493,1.035746954851692
72,1570320000,628,344,-284,972,40,-0.9990579451843589,-0.5010580213154301
72,1570334400,80,34,-46,114,40,-0.7372109324136294,-1.2315725196818514
72,1570348800,42,244,202,286,40,-0.4643619443163987,-1.0851290538088627
72,1570363200,111,2110,1999,2221,40,1.512693021855874,0.5623599372622626
72,1570377600,516,1848,1332,2364,40,0.7788612675782413,0.6841123536566662
72,1570392000,911,768,-143,1679,40,-0.8439300930806914,0.10089273666249526
72,1570406400,231,170,-61,401,40,-0.7537138954033813,-0.9872162713937829
72,1570420800,29,27,-2,56,40,-0.6888022409770239,-1.2809546186390222
72,1570435200,62,839,777,901,40,0.16825163695742254,-0.5615085217630011
72,1570449600,271,2140,1869,2411,40,1.369667342611358,0.7241288821219597
72,1570464000,539,962,423,1501,40,-0.22121828960072132,-0.050659222206063025
72,1570478400,1085,1047,-38,2132,40,-0.7284093521524284,0.4865839578279835
72,1570492800,279,263,-16,542,41,-0.9106051051462298,-0.7271618447237466
72,1570507200,43,29,-14,72,41,-0.9068133054540507,-1.3042200330406633
72,1570521600,71,936,865,1007,41,0.7596826592586811,-0.15624257330381827
72,1570536000,212,1047,835,1259,41,0.702805663875994,0.15315883830440094
72,1570550400,522,1207,685,1729,41,0.4184206869625585,0.7302170266213177
72,1570564800,1076,1482,406,2558,41,-0.1105353700964314,1.748049448142007
72,1570579200,409,226,-183,635,41,-1.2272203794431877,-0.6129779904397609
72,1570593600,44,30,-14,74,41,-0.9068133054540507,-1.301764466281868
72,1570608000,70,903,833,973,41,0.6990138641838148,-0.1979872082033399
72,1570622400,274,1729,1455,2003,41,1.8782635684515272,1.0666296725762863
72,1570636800,563,756,193,1319,41,-0.5143620373135097,0.22682584106826265
72,1570651200,1015,1103,88,2118,41,-0.7134315211529145,1.2078247612070212
72,1570665600,329,273,-56,602,41,-0.9864410989898125,-0.6534948419598848
72,1570680000,49,40,-9,89,41,-0.8973338062236028,-1.2833477155909025
72,1570694400,72,925,853,997,41,0.7369318611056063,-0.1685204070977952
72,1570698215,47,90,43,137,41,-0.7987470142269452,-1.224414113379813
72,1570708800,273,2294,2021,2567,41,2.9513428813382236,1.7590994985565862
72,1570723200,596,1201,605,1797,41,0.26674869927539296,0.813706296420361
72,1570737600,1147,1611,464,2758,41,-0.000573179023236359,1.9936061240215461
72,1570752000,381,308,-73,689,41,-1.0186713963733351,-0.5466776879522853
72,1570766400,55,32,-23,87,41,-0.9238764040688567,-1.2858032823496979
72,1570780800,67,835,768,902,41,0.5757803741879928,-0.2851598281405763
72,1570795200,239,2102,1863,2341,41,2.651790705656072,1.4816204548127072
72,1570809600,633,1365,732,1998,41,0.5075279797287683,1.0604907556792977
72,1570824000,1041,1404,363,2445,41,-0.1920590634782829,1.6093099262700674
72,1570838400,346,309,-37,655,41,-0.9504190019141108,-0.588422322851807
72,1570852800,66,49,-17,115,41,-0.9125010049923193,-1.2514253477265624
72,1570867200,32,321,289,353,41,-0.33235565208891105,-0.959212903429911
72,1570881600,100,739,639,839,41,0.3312092940424383,-0.36251018104263105
72,1570896000,463,1139,676,1602,41,0.4013575883477524,0.5742885374378104
72,1570910400,593,1058,465,1651,41,0.0013227208228532108,0.6344499230282975
72,1570924800,306,385,79,691,41,-0.7304946197677207,-0.5442221211934899
72,1570939200,57,68,11,125,41,-0.8594158093018114,-1.2391475139325854
72,1570953600,34,162,128,196,41,-0.6375955273093318,-1.1519748939953491
72,1570968000,95,716,621,811,41,0.2970830968128261,-0.39688811566576654
72,1570982400,387,1169,782,1556,41,0.6023229720332468,0.5178105019855164
72,1570996800,551,768,217,1319,41,-0.4688604410073601,0.22682584106826265
72,1571011200,208,321,113,529,41,-0.6660340250006753,-0.7431230286559166
72,1571025600,32,37,5,69,41,-0.8707912083783489,-1.3079033831788565
72,1571040000,42,654,612,696,41,0.2800199981980199,-0.5380832042965015
72,1571054400,200,1915,1715,2115,41,2.3711975284348155,1.204141411068828
72,1571068800,496,1194,698,1690,41,0.44306738496172293,0.6823334748248076
72,1571083200,889,1174,285,2063,41,-0.3399392514732693,1.1402966753401478
72,1571097600,304,229,-75,533,42,-0.836552372200294,-0.6865278743908781
72,1571112000,2,19,17,21,42,-0.6919397862506,-1.2624044617854182
72,1571126400,73,927,854,1000,42,0.6237203707047663,-0.16126544018531128
72,1571140800,254,2161,1907,2415,42,2.278905729455066,1.4302684878679588
72,1571155200,607,928,321,1535,42,-0.21408950224291623,0.4404806032835929
72,1571169600,1118,1236,118,2354,42,-0.5331803168927841,1.361658191322906
72,1571184000,332,257,-75,589,42,-0.836552372200294,-0.6235413726446003
72,1571198400,40,33,-7,73,42,-0.7296648086722594,-1.2039169958781601
72,1571212800,74,911,837,985,42,0.5969984798227577,-0.17813682458163568
72,1571227200,242,2299,2057,2541,42,2.514687119590436,1.5719881167970837
72,1571241600,648,1122,474,1770,42,0.026407515695161494,0.7047989588260087
72,1571256000,1152,1074,-78,2226,42,-0.8412680000030014,1.217689044474271
72,1571270400,340,278,-62,618,42,-0.8161179850552286,-0.5909233628117064
72,1571284800,47,37,-10,84,42,-0.7343804364749668,-1.1915446473208557
72,1571299200,77,885,808,962,42,0.5514140777299195,-0.2040062806559998
72,1571302186,44,71,27,115,42,-0.676221026908242,-1.1566771195684518
72,1571302740,10,35,25,45,42,-0.6793647787767136,-1.235410246751299
72,1571313600,297,2448,2151,2745,42,2.6624434574086018,1.801438944587096
72,1571328000,684,1337,653,2021,42,0.3077733079233701,0.987113457724504
72,1571342400,1189,1183,-6,2372,42,-0.7280929327380236,1.3819038525984955
72,1571356800,357,304,-53,661,42,-0.8019711016471063,-0.5425587275422431
72,1571371200,70,57,-13,127,42,-0.7390960642776742,-1.1431800120513924
72,1571385600,66,898,832,964,42,0.5891391001515787,-0.20175676273648988
72,1571400000,276,2216,1940,2492,42,2.3307776352848473,1.5168749277690907
72,1571414400,712,1479,767,2191,42,0.48696716442625154,1.1783224808828474
72,1571428800,1158,1444,286,2602,42,-0.2691051599411693,1.6405984133421365
72,1571443200,357,320,-37,677,42,-0.7768210866993334,-0.5245625841861637
72,1571457600,75,52,-23,127,42,-0.7548148236200322,-1.1431800120513924
72,1571472000,40,330,290,370,42,-0.2628176562042261,-0.8698635848309367
72,1571486400,126,990,864,1116,42,0.6394391300471244,-0.03079340085373578
72,1571500800,482,1400,918,1882,42,0.7243204304958577,0.8307719623185644
72,1571515200,637,1098,461,1735,42,0.005973128550096066,0.6654323952345852
72,1571529600,333,303,-30,636,42,-0.7658179551596828,-0.5706777015361171
72,1571544000,93,46,-47,139,42,-0.7925398460416915,-1.1296829045343328
72,1571558400,42,185,143,227,42,-0.493883418536889,-1.0307041160758963
72,1571572800,84,687,603,771,42,0.22917951121157998,-0.41883524196919736
72,1571587200,368,787,419,1155,42,-0.060045660687807624,0.013072198576707704
72,1571601600,452,556,104,1008,42,-0.5551865799720853,-0.15226736850727157
72,1571616000,183,171,-12,354,42,-0.7375241883434384,-0.8878597281870162
72,1571630400,20,44,24,64,42,-0.6809366547109494,-1.2140398265159549
72,1571644800,71,898,827,969,42,0.5812797204803997,-0.19613296793771506
72,1571646819,25,31,6,56,42,-0.709230421527194,-1.2230378981939944
72,1571659200,248,2197,1949,2445,42,2.3449245186929697,1.4640112566606076
72,1571673600,582,1003,421,1585,42,-0.05690190881933602,0.49671855127134096
72,1571688000,1048,1047,-1,2095,42,-0.7202335530668446,1.070345620746371
72,1571702400,314,261,-53,575,43,-0.822874084668217,-0.7207954535938335
72,1571716800,43,39,-4,82,43,-0.7488585747797907,-1.2669709151364636
72,1571731200,71,964,893,1035,43,0.6060784123613983,-0.2111794042842799
72,1571745600,274,2204,1930,2478,43,2.1724882848980904,1.3874639851802544
72,1571760000,549,962,413,1511,43,-0.11897148042318449,0.31616242065343203
72,1571774400,1142,1108,-34,2250,43,-0.7941741930788272,1.1348716824789975
72,1571788800,329,255,-74,584,43,-0.8545950174775424,-0.7108247048029943
72,1571803200,44,36,-8,80,43,-0.7549006572196623,-1.2691866370899834
72,1571817600,82,905,823,987,43,0.5003419696636465,-0.264356731168755
72,1571832000,285,2373,2088,2658,43,2.4111505412730154,1.5868789609970362
72,1571846400,587,1184,597,1771,43,0.15896431181090553,0.6042062746110057
72,1571860800,1189,1474,285,2663,43,-0.3123181184990732,1.5924182658808357
72,1571875200,456,287,-169,743,43,-0.9980944754244911,-0.5346748094981704
72,1571889600,59,51,-8,110,43,-0.7549006572196623,-1.2359508077871866
72,1571904000,83,892,809,975,43,0.47919468112409624,-0.27765106288987385
72,1571918400,272,2428,2156,2700,43,2.513865942750831,1.633409122020952
72,1571932800,697,1381,684,2078,43,0.29037960487811115,0.9443195944762948
72,1571947200,1207,1393,186,2600,43,-0.4618596588858934,1.522623024344962
72,1571961600,440,336,-104,776,43,-0.8999106357765788,-0.49811539726509374
72,1571976000,60,32,-28,92,43,-0.78511106941902,-1.2558923053688646
72,1571990400,84,768,684,852,43,0.29037960487811115,-0.41391796303134143
72,1572004800,276,2210,1934,2486,43,2.1785303673379617,1.3963268729943337
72,1572019200,666,1515,849,2181,43,0.5396155055228115,1.0584292750825643
72,1572033600,1036,1314,278,2350,43,-0.3228917627688484,1.2456577801549873
72,1572048000,362,364,2,726,43,-0.7397954511199835,-0.5535084461030887
72,1572062400,64,66,2,130,43,-0.7397954511199835,-1.2137935882519886
72,1572076800,39,291,252,330,43,-0.3621652986280133,-0.9922213929000087
72,1572091200,119,1074,955,1193,43,0.6997306901794068,-0.03613736995621585
72,1572105600,490,1428,938,1918,43,0.6740518398099529,0.767061838194711
72,1572120000,708,866,158,1574,43,-0.5041542359649941,0.38595766218930566
72,1572134400,303,307,4,610,43,-0.7367744099000477,-0.682020319407237
72,1572148800,59,69,10,128,43,-0.7277112862402404,-1.2160093102055083
72,1572163200,37,166,129,203,43,-0.5479593336540626,-1.1329197369485158
72,1572177600,84,304,220,388,43,-0.4105019581469855,-0.9279654562479346
72,1572192000,230,437,207,667,43,-0.4301387260765679,-0.6188722437319227
72,1572206400,407,597,190,1004,43,-0.4558175764460219,-0.24552309456383675
72,1572220800,217,175,-42,392,43,-0.8062583579585703,-0.9235340123408949
72,1572235200,30,45,15,75,43,-0.720158683190401,-1.2747259419737829
72,1572249600,62,896,834,958,43,0.5169576963732933,-0.2964846994947921
72,1572264000,259,2382,2123,2641,43,2.4640187626218912,1.568045324392118
72,1572278400,585,1138,553,1723,43,0.09250140497231879,0.5510289477265307
72,1572292800,1111,1088,-23,2199,43,-0.7775584663691806,1.0783707726642426
72,1572307200,328,247,-81,575,44,-0.8612560302115371,-0.6586946300187467
72,1572321600,40,28,-12,68,44,-0.7568766401332068,-1.1638074958387827
72,1572336000,73,839,766,912,44,0.4200388016195612,-0.3229489973139103
72,1572350400,241,2310,2069,2551,44,2.391145254837886,1.3099503854849828
72,1572364800,573,1035,462,1608,44,-0.039835612638589805,0.3704603806165532
72,1572379200,1122,1193,71,2315,44,-0.6313188230824617,1.0748288148074119
72,1572393600,353,249,-104,602,44,-0.8960491602376471,-0.6317951282886857
72,1572408000,50,32,-18,82,44,-0.7659531088356704,-1.149859606052825
72,1572422400,73,897,824,970,44,0.5077779990767084,-0.26516488248637166
72,1572436800,286,2204,1918,2490,44,2.1627207924925544,1.2491774371318818
72,1572451200,552,1011,459,1563,44,-0.04437384698982156,0.325627877733118
72,1572465600,1105,1097,-8,2202,44,-0.7508256609982311,0.9622494186778969
72,1572480000,337,278,-59,615,44,-0.8279756449691709,-0.6188435163445822
72,1572494400,45,41,-4,86,44,-0.7447746818632555,-1.1458744946854087
72,1572508800,71,828,757,899,44,0.4064240985658659,-0.3359006092580138
72,1572511036,35,46,11,81,44,-0.7220835101070967,-1.1508558838946792
72,1572523200,289,2476,2187,2765,44,2.5696491393196683,1.5231538436417633
72,1572537600,721,1345,624,2066,44,0.20522904232792488,0.8267556321857374
72,1572552000,1231,1447,216,2678,44,-0.41197082943959357,1.4364776714004552
72,1572566400,319,255,-64,574,44,-0.8355393688878905,-0.6596909078606009
72,1572580800,54,42,-12,96,44,-0.7568766401332068,-1.1359117162668675
72,1572595200,76,821,745,897,44,0.3882711611609389,-0.337893164941722
72,1572597606,27,44,17,71,44,-0.7130070414046332,-1.1608186623132204
72,1572609600,309,2562,2253,2871,44,2.669490295046767,1.6287592948782994
72,1572624000,915,1739,824,2654,44,0.5077779990767084,1.4125670031959565
72,1572638400,1499,2308,809,3807,44,0.48508682732054964,2.56127535485375
72,1572652800,386,347,-39,733,44,-0.7977207492942925,-0.5012827310057968
72,1572667200,65,44,-21,109,44,-0.770491343186902,-1.122960104322764
72,1572681600,39,333,294,372,44,-0.293976736307568,-0.860939031915132
72,1572696000,201,1366,1165,1567,44,1.0236239703333845,0.3296129891005345
72,1572710400,697,1747,1050,2444,44,0.8496583202028339,1.2033486564065925
72,1572724800,744,994,250,1738,44,-0.36053750679230034,0.499976500057588
72,1572739200,276,269,-7,545,44,-0.7493129162144873,-0.6885829652743702
72,1572750000,67,35,-32,102,44,-0.787131535808085,-1.1299340492157428
72,1572764400,29,79,50,108,44,-0.6630864635410839,-1.1239563821646181
72,1572778800,85,542,457,627,44,-0.04739933655730939,-0.6068881822423329
72,1572793200,316,1015,699,1331,44,0.3186849011087187,0.09449141842296353
72,1572807600,525,864,339,1389,44,-0.2259032210390917,0.15227553325050214
72,1572822000,263,211,-52,474,44,-0.8173864314829634,-0.7593186920460123
72,1572836400,71,58,-13,129,44,-0.7583893849169507,-1.1030345474856817
72,1572850800,25,517,492,542,44,0.005546730873727727,-0.6915717987999326
72,1572865200,248,2214,1966,2462,44,2.2353325421122627,1.2212816575599665
72,1572879600,450,1085,635,1535,44,0.22186923494910796,0.29773209816120283
72,1572894000,1190,1321,131,2511,44,-0.5405541360578265,1.2700992718108182
72,1572908400,425,386,-39,811,44,-0.7977207492942925,-0.42357305934117584
72,1572922800,103,64,-39,167,45,-0.809400542716425,-1.1849493113823686
72,1572937200,32,575,543,607,45,0.08330292099156997,-0.6851692526274634
72,1572951600,240,2334,2094,2574,45,2.462311636130918,1.5490747827609423
72,1572966000,400,1057,657,1457,45,0.25816236233643497,0.2803149517854216
72,1572980400,1152,1227,75,2379,45,-0.6345411013715601,1.3275813476309275
72,1572994800,459,398,-61,857,45,-0.8431453471864867,-0.4012033101530855
72,1573009200,92,47,-45,139,45,-0.81860367120826,-1.216753496939499
72,1573023600,33,566,533,599,45,0.0679643735051783,-0.6942561627866436
72,1573038000,268,2436,2168,2704,45,2.575816887530216,1.696737072847619
72,1573052400,454,982,528,1436,45,0.06029509976198246,0.25646181261757384
72,1573066800,1156,1241,85,2397,45,-0.6192025538851684,1.3480268954890828
72,1573081200,427,405,-22,832,45,-0.7833250119895593,-0.4295999044005233
72,1573095600,99,68,-31,167,45,-0.7971297047273117,-1.1849493113823686
72,1573110000,33,568,535,601,45,0.07103208300245663,-0.6919844352468485
72,1573124400,271,2405,2134,2676,45,2.5236658260764844,1.6649328872904885
72,1573138800,453,1021,568,1474,45,0.12164928970754914,0.2996246358736793
72,1573153200,1200,1411,211,2611,45,-0.4259368555566334,1.5911017422471503
72,1573167600,446,422,-24,868,45,-0.7863927214868375,-0.38870880868421287
72,1573182000,112,66,-46,178,45,-0.8201375259568991,-1.1724548099134962
72,1573196400,38,530,492,568,45,0.00507632881097246,-0.7294679396534665
72,1573210800,240,2261,2021,2501,45,2.3503402394802584,1.466156727558424
72,1573225200,551,1171,620,1722,45,0.2014097366367858,0.5813188508082623
72,1573239600,1215,1470,255,2685,45,-0.35844724661651006,1.6751556612195662
72,1573254000,430,490,60,920,45,-0.6575489226011476,-0.32964389264954225
72,1573268400,138,109,-29,247,45,-0.7940619952300334,-1.0940802097905677
72,1573282800,21,237,216,258,45,-0.4182675818134376,-1.081585708321695
72,1573297200,91,677,586,768,45,0.14925867518305413,-0.502295185673964
72,1573311600,336,1237,901,1573,45,0.6324229210043917,0.412075149093533
72,1573326000,660,1055,395,1715,45,-0.14370758180702672,0.5733678044189796
72,1573340400,312,354,42,666,45,-0.6851583080766526,-0.6181532902035103
72,1573354800,132,74,-58,206,45,-0.8385437829405692,-1.1406506243563657
72,1573369200,26,103,77,129,45,-0.6314733918742818,-1.2281121346384742
72,1573383600,60,641,581,701,45,0.1415894014398583,-0.5783980582570973
72,1573398000,308,1078,770,1386,45,0.43148794893266085,0.19966862412269826
72,1573412400,595,914,319,1509,45,-0.2602805427036034,0.3393798678200922
72,1573426800,258,273,15,531,45,-0.72657238628991,-0.7714948991396744
72,1573441200,72,43,-29,115,45,-0.7940619952300334,-1.2440142274170394
72,1573455600,21,463,442,484,45,-0.07161640862098588,-0.8248804963248574
72,1573470000,216,2258,2042,2474,45,2.3825511892016813,1.4354884057711912
72,1573484400,429,1272,843,1701,45,0.54345934558332,0.5574657116404145
72,1573498800,1146,1276,130,2422,45,-0.5501790901964059,1.3764234897365206
72,1573513200,427,398,-29,825,45,-0.7940619952300334,-0.4375509507898059
72,1573527600,107,69,-38,176,46,-0.7548133654378474,-1.2289077421243753
72,1573542000,31,516,485,547,46,-0.01170515527256612,-0.8114488269776123
72,1573556400,265,2416,2151,2681,46,2.355442604068464,1.5897838547560592
72,1573570800,400,875,475,1275,46,-0.02591372525660592,0.007715836706601739
72,1573585200,1121,1134,13,2255,46,-0.6823496585192445,1.1104374993584285
72,1573599600,429,397,-32,826,46,-0.7462882234474235,-0.4975107209777556
72,1573614000,108,69,-39,177,46,-0.7562342224362514,-1.2277825159379958
72,1573628400,30,561,531,591,46,0.05365426665401694,-0.7619388747769181
72,1573642800,245,2322,2077,2567,46,2.2502991861865693,1.4615080695088059
72,1573657200,392,967,575,1359,46,0.11617197458379204,0.1022348363624726
72,1573671600,1140,1161,21,2301,46,-0.6709828025320127,1.1621979039318815
72,1573686000,444,429,-15,873,46,-0.7221336544745559,-0.44462509021792307
72,1573700400,119,68,-51,187,46,-0.7732845064170991,-1.2165302540742018
72,1573714800,38,426,388,464,46,-0.14952828411775215,-0.9048426004471039
72,1573729200,263,1892,1629,2155,46,1.6137552509015867,0.997914880720487
72,1573743600,420,862,442,1282,46,-0.07280200620393724,0.015592420011257645
72,1573758000,1163,1168,5,2331,46,-0.6937165145064763,1.195954689523264
72,1573772400,492,314,-178,806,46,-0.9537333452144046,-0.5200152447053439
72,1573786800,116,67,-49,183,46,-0.7704427924202911,-1.2210311588197194
72,1573801200,35,421,386,456,46,-0.1523699981145601,-0.9138444099381391
72,1573815600,239,1831,1592,2070,46,1.5611835419606395,0.9022706548782367
72,1573830000,414,1507,1093,1921,46,0.8521758997570535,0.7346119531077038
72,1573844400,1228,1479,251,2707,46,-0.34418569289909734,1.619039735601924
72,1573858800,671,450,-221,1121,46,-1.0148301961457757,-0.16556899599582817
72,1573873200,129,85,-44,214,46,-0.7633385074282713,-1.1861491470419576
72,1573887600,38,205,167,243,46,-0.46353768076503166,-1.1535175876369546
72,1573902000,77,1306,1229,1383,46,1.0454124515399947,0.12924026483557854
72,1573916400,406,2288,1882,2694,46,1.9732320714977936,1.6044117951789916
72,1573930800,987,1425,438,2412,46,-0.07848543419755316,1.2870980106199965
72,1573945200,703,428,-275,1131,46,-1.0915564740595904,-0.154316734132034
72,1573959600,126,96,-30,222,46,-0.7434465094506155,-1.1771473375509223
72,1573974000,26,115,89,141,46,-0.574364526640542,-1.2682906586476548
72,1573988400,61,1064,1003,1125,46,0.7242987699006953,-0.16106809125031052
72,1574002800,347,1763,1416,2110,46,1.311112710241539,0.9472797023334133
72,1574017200,915,1055,140,1970,46,-0.5019008197219391,0.7897480362402951
72,1574031600,291,280,-11,571,46,-0.71645022648094,-0.7844433985045064
72,1574046000,66,57,-9,123,46,-0.713608512484132,-1.2885447300024844
72,1574060400,24,547,523,571,46,0.042287410666785104,-0.7844433985045064
72,1574074800,250,2498,2248,2748,46,2.49326573291365,1.66517400924348
72,1574089200,384,890,506,1274,46,0.01813284169391745,0.006590610520222325
72,1574103600,1112,1129,17,2241,46,-0.6766662305256286,1.0946843327491167
72,1574118000,421,357,-64,778,46,-0.7917556473963508,-0.5515215779239675
72,1574132400,48,58,10,106,47,-0.7443553559213398,-1.189875539376912
72,1574146800,31,621,590,652,47,0.01982605297295543,-0.6358179965530136
72,1574161200,265,3119,2854,3384,47,3.0027686559672393,2.136499232375357
72,1574175600,407,1343,936,1750,47,0.4756997900030005,0.47838563352141916
72,1574190000,1145,1638,493,2783,47,-0.10797669989384912,1.5266300323072926
72,1574204400,460,399,-61,859,47,-0.8379017008032277,-0.42576321383406324
72,1574218800,104,61,-43,165,47,-0.8141857260444392,-1.1300048525149888
72,1574233200,29,654,625,683,47,0.06594044833726635,-0.6043605170153931
72,1574247600,273,2964,2691,3237,47,2.788007328984877,1.9873298939227684
72,1574262000,472,1164,692,1636,47,0.15421657660609012,0.3627032894153305
72,1574276400,1221,1361,140,2582,47,-0.5730733159967564,1.3226637940149784
72,1574290800,464,463,-1,927,47,-0.7588484516072661,-0.3567597103321858
72,1574305200,118,85,-33,203,47,-0.801010184511779,-1.0914440711462927
72,1574319600,43,696,653,739,47,0.10283196462871508,-0.5475341023667881
72,1574334000,272,2950,2678,3222,47,2.7708791249924185,1.9721085328561778
72,1574348400,455,1449,994,1904,47,0.55211793089243,0.6346582738050828
72,1574362800,1139,1840,701,2979,47,0.16607456398548434,1.72552248357741
72,1574377200,512,569,57,1081,47,-0.6824303107178366,-0.20048707004852215
72,1574391600,128,75,-53,203,47,-0.8273612675770995,-1.0914440711462927
72,1574406000,34,496,462,530,47,-0.14882087864509594,-0.7596183998946173
72,1574420400,244,2152,1908,2396,47,1.756362426977578,1.133918916789255
72,1574434800,448,1133,685,1581,47,0.1449936975332279,0.3068916321711649
72,1574449200,1093,1266,173,2359,47,-0.5295940289389776,1.096372892824998
72,1574463600,411,425,14,836,47,-0.7390851393082757,-0.4491026341361688
72,1574478000,128,95,-33,223,47,-0.801010184511779,-1.071148923057505
72,1574492400,35,204,169,239,47,-0.5348642455520416,-1.0549128045864753
72,1574506800,77,699,622,776,47,0.06198778587746827,-0.5099880784025312
72,1574521200,346,1273,927,1619,47,0.4638418026236063,0.3454524135398611
72,1574535600,603,1174,571,1777,47,-0.005207475939099071,0.5057840834412822
72,1574550000,345,373,28,718,47,-0.7206393811625513,-0.568844007860015
72,1574564400,124,86,-38,210,47,-0.8075979552781091,-1.084340769315217
72,1574578800,23,117,94,140,47,-0.6336808070469936,-1.1553737876259733
72,1574593200,67,436,369,503,47,-0.27135341489883635,-0.7870168498144804
72,1574607600,217,961,744,1178,47,0.22272939257592347,-0.10205560181790287
72,1574622000,452,825,373,1277,47,-0.26608319828577226,-0.0015946187784048296
72,1574636400,251,208,-43,459,47,-0.8141857260444392,-0.8316661756098129
72,1574650800,59,75,16,134,47,-0.7364500310017437,-1.1614623320526094
72,1574665200,41,499,458,540,47,-0.15409109525816003,-0.7494708258502236
72,1574679600,230,2195,1965,2425,47,1.8314630137137415,1.1633468815179966
72,1574694000,444,1026,582,1470,47,0.009285619746827218,0.19425356027839438
72,1574708400,1111,1305,194,2416,47,-0.501925391720391,1.1542140648780423
72,1574722800,407,392,-15,799,47,-0.7772942097529905,-0.4866486581004257
72,1574737200,93,57,-36,150,48,-0.6808472093574288,-0.7138527508221041
72,1574751600,37,491,454,528,48,0.23630779431305948,-0.2834137502901375
72,1574766000,266,2408,2142,2674,48,3.3958131947126193,2.1602954961162126
72,1574780400,526,1545,1019,2071,48,1.293843665892296,1.473642804791409
72,1574794800,1198,1276,78,2474,48,-0.46746829013613156,1.9325499931892465
72,1574809200,433,446,13,879,48,-0.58913170899038,0.11627960734668868
72,1574823600,102,90,-12,192,48,-0.6359253316266295,-0.6660261952074411
72,1574838000,32,511,479,543,48,0.2831014169493089,-0.266332837570615
72,1574847589,84,183,99,267,48,-0.42816164712168203,-0.5806216316098287
72,1574852400,188,1649,1461,1837,48,2.1211549141011856,1.2071805663668582
72,1574863344,82,162,80,244,48,-0.4637248003252316,-0.6068123644464298
72,1574866800,660,1327,667,1987,48,0.6349894591739045,1.377989693562083
72,1574881200,799,1406,607,2205,48,0.5226847648469058,1.6262322917524765
72,1574895600,307,422,115,729,48,-0.39821372863448246,-0.05452951984853616
72,1574910000,82,83,1,165,48,-0.6115926478557797,-0.6967718381025816
72,1574924400,28,125,97,153,48,-0.43190513693258203,-0.7104365682781996
72,1574938800,85,385,300,470,48,-0.05194092112623684,-0.34945994613895776
72,1574953200,344,788,444,1132,48,0.21759034525855975,0.40437766854930124
72,1574967600,416,479,63,895,48,-0.4955444637178812,0.134499247580846
72,1574982000,116,163,47,279,48,-0.5254923822050808,-0.5669569014342107
72,1574996400,37,55,18,92,48,-0.5797729844631301,-0.7798989466709244
72,1575010800,21,258,237,279,48,-0.16986085016958535,-0.5669569014342107
72,1575025200,114,1100,986,1214,48,1.2320760840124467,0.4977533247493575
72,1575039600,488,1717,1229,2205,48,1.686910096036791,1.6262322917524765
72,1575054000,752,1642,890,2394,48,1.052388573089249,1.8414517920184599
72,1575068400,391,395,4,786,48,-0.6059774131394298,0.01037794848564928
72,1575082800,61,53,-8,114,48,-0.6284383520048296,-0.754846941348958
72,1575097200,1,2,1,3,48,-0.6115926478557797,-0.8812456954734245
72,1575111600,0,4,4,4,48,-0.6059774131394298,-0.8801069679587896
72,1575126000,1,1,0,2,48,-0.6134643927612297,-0.8823844229880593
72,1575140400,1,2,1,3,48,-0.6115926478557797,-0.8812456954734245
72,1575154800,1,3,2,4,48,-0.6097209029503298,-0.8801069679587896
72,1575169200,0,1,1,1,48,-0.6115926478557797,-0.8835231505026941
72,1575183600,1,2,1,3,48,-0.6115926478557797,-0.8812456954734245
72,1575198000,0,4,4,4,48,-0.6059774131394298,-0.8801069679587896
72,1575212400,0,3,3,3,48,-0.6078491580448798,-0.8812456954734245
72,1575226800,1,7,6,8,48,-0.6022339233285299,-0.8755520579002503
72,1575241200,0,3,3,3,48,-0.6078491580448798,-0.8812456954734245
72,1575255600,1,2,1,3,48,-0.6115926478557797,-0.8812456954734245
72,1575270000,24,462,438,486,48,0.20635987582585988,-0.3312403059048004
72,1575284400,231,2269,2038,2500,48,3.201151724545822,1.9621569085697521
72,1575298800,417,922,505,1339,48,0.33176678449100827,0.6400942640787115
72,1575313200,1083,1086,3,2169,48,-0.6078491580448798,1.5852381012256225
72,1575327600,377,313,-64,690,48,-0.7332560667100282,-0.09893989291929463
72,1575342000,84,60,-24,144,49,-0.7683864115527355,-1.1976393086244554
72,1575356400,40,393,353,433,49,-0.18384569662403297,-0.8726896947098534
72,1575370800,295,2439,2144,2734,49,2.59311032575609,1.7145388922019098
72,1575385200,521,1203,682,1724,49,0.3262707362978321,0.5789018331924005
72,1575399600,1138,1297,159,2435,49,-0.4846438364016677,1.3783453470099858
72,1575414000,454,408,-46,862,49,-0.8024975408058693,-0.390325042912745
72,1575428400,107,58,-49,165,49,-0.8071490584312967,-1.1740270529420795
72,1575442800,47,500,453,547,49,-0.028795109109788275,-0.7445088781483841
72,1575457200,268,2420,2152,2688,49,2.6055143727572294,1.6628168083262291
72,1575471600,500,1039,539,1539,49,0.10454839615246217,0.37088910456194585
72,1575486000,1195,1382,187,2577,49,-0.4412296718976792,1.5380091711479564
72,1575500400,474,382,-92,856,49,-0.8738208110624219,-0.3970714016791381
72,1575514800,115,76,-39,191,49,-0.7916439996798722,-1.1447928316210427
72,1575529200,36,509,473,545,49,0.002215008393060664,-0.7467576644038484
72,1575543600,274,2383,2109,2657,49,2.538842620126104,1.6279606213665314
72,1575558000,438,1116,678,1554,49,0.3200687127972623,0.38775500147792863
72,1575572400,1203,1348,145,2551,49,-0.506350918653662,1.5087749498269194
72,1575586800,517,495,-22,1012,49,-0.7652853998024506,-0.22166607375291691
72,1575601200,137,87,-50,224,49,-0.8086995643064391,-1.1076878584058805
72,1575615600,39,482,443,521,49,-0.04430016786121275,-0.7737430994694209
72,1575630000,253,2263,2010,2516,49,2.3853425384870017,1.4694211903562928
72,1575644400,488,1269,781,1757,49,0.4797708179369343,0.6160068064075627
72,1575658800,1125,1573,448,2698,49,-0.03654763848550051,1.674060739603551
72,1575673200,431,454,23,885,49,-0.6955126354210405,-0.3644640009749047
72,1575687600,126,93,-33,219,49,-0.7823409644290176,-1.1133098240445416
72,1575702000,28,189,161,217,49,-0.4815428246513828,-1.115558610300006
72,1575716400,91,726,635,817,49,0.25339696016613705,-0.44092273366069346
72,1575730800,402,1110,708,1512,49,0.3665838890515357,0.34053049011317676
72,1575745200,727,1230,503,1957,49,0.04873018464733407,0.8408854319540001
72,1575759600,349,375,26,724,49,-0.6908611177956131,-0.5454912945397868
72,1575774000,113,86,-27,199,49,-0.7730379291781628,-1.1357976865991852
72,1575788400,21,102,81,123,49,-0.6055832946627786,-1.2212515643068316
72,1575802800,64,611,547,675,49,0.11695244315360175,-0.6005865577986641
72,1575817200,320,979,659,1299,49,0.2906091011695558,0.10103475390622087
72,1575831600,556,816,260,1372,49,-0.32804274301228054,0.18311545223067055
72,1575846000,232,252,20,484,49,-0.7001641530464678,-0.8153456451955119
72,1575860400,67,69,2,136,49,-0.7280732587990318,-1.206634453646313
72,1575874800,30,496,466,526,49,-0.008638532732936466,-0.76812113383076
72,1575889200,206,2135,1929,2341,49,2.2597515626004636,1.2726523930031601
72,1575903600,400,929,529,1329,49,0.08904333740103769,0.1347665477381865
72,1575918000,1140,1082,-58,2222,49,-0.8211036113075787,1.13884961080303
72,1575932400,438,379,-59,817,49,-0.8226541171827212,-0.44092273366069346
72,1575946800,106,54,-52,160,50,-0.6091450920354872,-0.6133975858465275
72,1575961200,32,521,489,553,50,0.35654163918453535,-0.1923544303338279
72,1575975600,259,2410,2151,2669,50,3.3232169576460464,2.0746361983299693
72,1575990000,432,1045,613,1477,50,0.5778820359891247,0.7975790956044274
72,1576004400,197,262,65,459,50,-0.40029971763115696,-0.29306195353533876
72,1576018800,1650,1883,233,3533,50,-0.10041918002493926,3.000288326480026
72,1576033200,131,67,-64,198,50,-0.6305651304359313,-0.5726860339140017
72,1576047600,46,531,485,577,50,0.3494016263843873,-0.16664187121854857
72,1576062000,268,2512,2244,2780,50,3.4892222552494885,2.1935567842381363
72,1576076400,442,1109,667,1551,50,0.6742722087911232,0.8768594862098721
72,1576090800,1143,1381,238,2524,50,-0.0914941640247542,1.9192894870084896
72,1576105200,524,473,-51,997,50,-0.6073600888354501,0.2833279132988402
72,1576119600,123,68,-55,191,50,-0.6145001016355982,-0.5801855303226249
72,1576134000,36,550,514,586,50,0.40116671918546065,-0.1569996615503188
72,1576148400,226,2458,2232,2684,50,3.4678022168490443,2.090706547777019
72,1576162800,511,1217,706,1728,50,0.7438873335925666,1.0664896096850573
72,1576177200,1153,1159,6,2312,50,-0.5056149064333406,1.6921618814901886
72,1576191600,487,513,26,1000,50,-0.4699148424326004,0.28654198318825014
72,1576206000,131,98,-33,229,50,-0.575230031234784,-0.5394739783900993
72,1576220400,44,478,434,522,50,0.2583664631824998,-0.22556648585773043
72,1576234800,239,2093,1854,2332,50,2.7930710072350546,1.7135890140862549
72,1576249200,526,1176,650,1702,50,0.643927154390494,1.0386343373101714
72,1576263600,1121,1471,350,2592,50,0.10842619437939095,1.9921417378351145
72,1576278000,473,462,-11,935,50,-0.5359599608339698,0.21690380225103523
72,1576292400,135,83,-52,218,50,-0.6091450920354872,-0.5512589013179356
72,1576306800,28,178,150,206,50,-0.2485744456280111,-0.5641151808755753
72,1576321200,80,649,569,729,50,0.49934189518749617,-0.0037956634884459416
72,1576335600,324,1100,776,1424,50,0.8688375575951574,0.7407971942248522
72,1576350000,572,1021,449,1593,50,0.285141511183055,0.921856464661611
72,1576364400,331,385,54,716,50,-0.41993475283156406,-0.01772329967588893
72,1576378800,153,111,-42,264,50,-0.5912950600351171,-0.5019764963469835
72,1576387410,23,18,-5,41,50,-0.5252499416337477,-0.7408890247931209
72,1576387490,2,0,-2,2,50,-0.5198949320336367,-0.7826719333554499
72,1576387571,1,0,-1,1,50,-0.5181099288335996,-0.7837432899852532
72,1576387652,0,0,0,0,50,-0.5163249256335627,-0.7848146466150565
72,1576387732,1,0,-1,1,50,-0.5181099288335996,-0.7837432899852532
72,1576387812,1,1,0,2,50,-0.5163249256335627,-0.7826719333554499
72,1576387893,1,0,-1,1,50,-0.5181099288335996,-0.7837432899852532
72,1576387973,1,0,-1,1,50,-0.5181099288335996,-0.7837432899852532
72,1576388054,0,0,0,0,50,-0.5163249256335627,-0.7848146466150565
72,1576388134,0,1,1,1,50,-0.5145399224335256,-0.7837432899852532
72,1576388214,0,0,0,0,50,-0.5163249256335627,-0.7848146466150565
72,1576388295,0,0,0,0,50,-0.5163249256335627,-0.7848146466150565
72,1576388375,0,0,0,0,50,-0.5163249256335627,-0.7848146466150565
72,1576388455,0,4,4,4,50,-0.5091849128334146,-0.7805292200958432
72,1576388536,1,4,3,5,50,-0.5109699160334517,-0.77945786346604
72,1576388616,0,2,2,2,50,-0.5127549192334886,-0.7826719333554499
72,1576388696,0,0,0,0,50,-0.5163249256335627,-0.7848146466150565
72,1576388777,1,0,-1,1,50,-0.5181099288335996,-0.7837432899852532
72,1576388857,0,1,1,1,50,-0.5145399224335256,-0.7837432899852532
72,1576388937,0,0,0,0,50,-0.5163249256335627,-0.7848146466150565
72,1576389017,1,0,-1,1,50,-0.5181099288335996,-0.7837432899852532
72,1576389098,0,0,0,0,50,-0.5163249256335627,-0.7848146466150565
72,1576389178,0,0,0,0,50,-0.5163249256335627,-0.7848146466150565
72,1576389258,1,0,-1,1,50,-0.5181099288335996,-0.7837432899852532
72,1576389338,2,0,-2,2,50,-0.5198949320336367,-0.7826719333554499
72,1576389419,0,1,1,1,50,-0.5145399224335256,-0.7837432899852532
72,1576389500,0,9,9,9,50,-0.5002598968332296,-0.7751724369468267
72,1576389580,0,3,3,3,50,-0.5109699160334517,-0.7816005767256465
72,1576393200,11,74,63,85,50,-0.403869724031231,-0.6937493330817754
72,1576407600,60,532,472,592,50,0.3261965847839062,-0.15057152177149896
72,1576422000,306,994,688,1300,50,0.7117572759919004,0.6079489721292421
72,1576436400,567,890,323,1457,50,0.06023110797839167,0.7761519630083613
72,1576450800,283,259,-24,542,50,-0.5591650024344509,-0.2041393532616643
72,1576465200,74,61,-13,135,50,-0.5395299672340438,-0.6401815015916101
72,1576479600,28,459,431,487,50,0.2530114535823888,-0.26306396790084613
72,1576494000,223,2291,2068,2514,50,3.175061692042975,1.9085759207104567
72,1576508400,405,1031,626,1436,50,0.6010870775896058,0.7536534737824919
72,1576522800,1150,1216,66,2366,50,-0.39851471443111997,1.750015139499567
72,1576537200,449,394,-55,843,50,-0.6145001016355982,0.11833899230913102
72,1576551600,55,54,-1,109,51,-0.7871023303397279,-1.1735130236980653
72,1576566000,23,484,461,507,51,-0.007067665342769206,-0.7144615519822094
72,1576580400,256,2204,1948,2460,51,2.5035633884461435,1.5381201672667009
72,1576594800,361,1031,670,1392,51,0.3458051592987121,0.306293604973902
72,1576609200,1057,1229,172,2286,51,-0.49501142764606154,1.3374293228482113
72,1576623600,481,456,-25,937,51,-0.8276236116382711,-0.2185014192238728
72,1576638000,49,58,9,107,51,-0.7702184631320015,-1.1758198150132202
72,1576652400,31,597,566,628,51,0.17021294033835777,-0.5749006774153287
72,1576666800,273,2903,2630,3176,51,3.6550431320130823,2.36395145809221
72,1576681200,516,1298,782,1814,51,0.5349044720252475,0.7930265724716185
72,1576695600,1231,1536,305,2767,51,-0.2704559937833007,1.8922126341430017
72,1576710000,492,438,-54,930,51,-0.8765868265406775,-0.2265751888269155
72,1576724400,45,48,3,93,51,-0.7803487834566373,-1.1919673542193057
72,1576738800,30,469,439,499,51,-0.04421217319976724,-0.7236887172428297
72,1576753200,228,2035,1807,2263,51,2.2655008608172014,1.310901222723928
72,1576767600,415,1132,717,1547,51,0.4251593351750261,0.48506993189841874
72,1576782000,1076,1365,289,2441,51,-0.2974701813156629,1.5162056497727279
72,1576796400,473,440,-33,913,51,-0.8411307054044522,-0.24618291500573344
72,1576810800,47,75,28,122,51,-0.7381391154373214,-1.1585188801495574
72,1576825200,31,330,299,361,51,-0.2805863141079365,-0.8828573179885284
72,1576839600,211,1856,1645,2067,51,1.991982212052034,1.0848356738387328
72,1576854000,488,1260,772,1748,51,0.5180206048175211,0.7169024590715016
72,1576868400,1048,1415,367,2463,51,-0.16577601709539716,1.5415803542394335
72,1576882800,400,455,55,855,51,-0.6925526739764601,-0.31307986314523
72,1576897200,112,75,-37,187,51,-0.8478842522875428,-1.083548162407018
72,1576911600,29,187,158,216,51,-0.5186488417368784,-1.0500996883372697
72,1576926000,84,638,554,722,51,0.1499522996890861,-0.46648148560304115
72,1576940400,310,1129,819,1439,51,0.5973747806938351,0.3605032008800458
72,1576954800,624,988,364,1612,51,-0.17084117725771508,0.560040649640958
72,1576969200,353,326,-27,679,51,-0.8310003850798164,-0.5160774988788748
72,1576983600,92,89,-3,181,51,-0.7904791037812732,-1.0904685363524833
72,1576998000,25,103,78,128,51,-0.6537197793986894,-1.151598506204092
72,1577012400,65,525,460,590,51,-0.008756052063541844,-0.6187297124032747
72,1577026800,318,663,345,981,51,-0.20292052495239518,-0.1677520102904616
72,1577041200,582,901,319,1483,51,-0.24681857969248377,0.41125260981345696
72,1577055600,312,301,-11,613,51,-0.8039861975474543,-0.5922016122789916
72,1577070000,76,51,-25,127,51,-0.8276236116382711,-1.1527519018616696
72,1577084400,20,444,424,464,51,-0.0695379740113568,-0.7640575652580431
72,1577090902,33,86,53,119,51,-0.6959294474180054,-1.16197906712229
72,1577098800,169,1427,1258,1596,51,1.3385765511130232,0.5415863191197176
72,1577113200,451,1322,871,1773,51,0.6851708901740122,0.7457373505109398
72,1577127600,880,1400,520,2280,51,0.09254715118281642,1.330508948902746
72,1577142000,365,397,32,762,51,-0.7313855685542308,-0.42034565929994006
72,1577156400,62,48,-14,110,52,-0.9814599366640083,-0.9860277501694178
72,1577170800,18,360,342,378,52,-0.03836357445122732,-0.6299061230056591
72,1577180076,49,97,48,146,52,-0.8172128174022318,-0.9381905166698085
72,1577183871,22,52,30,74,52,-0.8648974649298444,-1.0338649836690272
72,1577185200,141,1052,911,1193,52,1.4690011168383017,0.45307569094383127
72,1577199600,502,1225,723,1727,52,0.9709614648832378,1.1626613211880372
72,1577214000,662,950,288,1612,52,-0.1814175170340649,1.0098479363976183
72,1577228400,202,214,12,416,52,-0.9125821124574569,-0.579411265422738
72,1577242800,41,39,-2,80,52,-0.9496701716456,-1.0258921114190924
72,1577257200,14,67,53,81,52,-0.803967081977895,-1.0245632993774365
72,1577271600,65,249,184,314,52,-0.45692881386027057,-0.7149500936716313
72,1577286000,318,861,543,1179,52,0.49411498960711253,0.43447232236064987
72,1577300400,558,854,296,1412,52,-0.16022434035512598,0.744085528066455
72,1577314800,154,218,64,372,52,-0.7748264640443541,-0.637878995255594
72,1577329200,33,45,12,78,52,-0.9125821124574569,-1.028549735502404
72,1577343600,18,364,346,382,52,-0.02776698611175787,-0.6245908748390357
72,1577358000,118,1078,960,1196,52,1.5988093239968024,0.45706212706879873
72,1577372400,431,1575,1144,2006,52,2.0862523876123973,1.5333998808100102
72,1577386800,851,1456,605,2307,52,0.658362108868889,1.9333723053484109
72,1577401200,399,349,-50,748,52,-1.0768292317192334,-0.138245667593007
72,1577415600,38,40,2,78,52,-0.9390735833061306,-1.028549735502404
72,1577430000,23,386,363,409,52,0.017268514330987292,-0.5887129497143287
72,1577438512,29,103,74,132,52,-0.7483349931956804,-0.9567938852529899
72,1577444400,128,1132,1004,1260,52,1.7153717957309664,0.5421060977347709
72,1577458800,503,1551,1048,2054,52,1.8319342674651304,1.5971828588094894
72,1577473200,897,1474,577,2371,52,0.5841859904926029,2.018416276014383
72,1577487600,414,476,62,890,52,-0.7801247582140888,0.050445642322118914
