remote_unit_id,time_stamp,entries,exits,num_people_exited,sum_exit_entry,week_num,z_score_num_people_exited,z_score_sum_exit_entry
88,1546300800,0,0,0,0,1,-0.3275735152271805,-1.0964925809304706
88,1546315200,27,65,38,92,1,-0.05413871904382273,-0.8765337327986392
88,1546329600,24,32,8,56,1,-0.27000829497805257,-0.9626045864154429
88,1546344000,74,161,87,235,1,0.298448254982086,-0.5346411753763358
88,1546358400,188,342,154,530,1,0.7805569745685327,0.17066165287247184
88,1546372800,307,348,41,655,1,-0.03255176145039975,0.4695187834863734
88,1546387200,77,181,104,258,1,0.4207743480114829,-0.47965146334337794
88,1546401600,5,28,23,33,1,-0.16207350701093765,-1.0175942984484008
88,1546416000,107,185,78,292,1,0.23368738220181703,-0.3983623238163967
88,1546430400,372,674,302,1046,1,1.8455135491773997,1.4043438880466574
88,1546444800,346,444,98,790,1,0.3776004328246369,0.792284484549387
88,1546459200,771,545,-226,1316,1,-1.9537909872650452,2.0498752901726847
88,1546473600,107,195,88,302,1,0.30564390751322695,-0.3744537533672846
88,1546488000,10,17,7,27,1,-0.2772039475091935,-1.031939440717868
88,1546502400,141,171,30,312,1,-0.11170393929295068,-0.35054518291817244
88,1546516800,368,697,329,1065,1,2.039796167518207,1.4497701718999705
88,1546531200,375,451,76,826,1,0.21929607713953506,0.8783553381661907
88,1546545600,804,523,-281,1327,1,-2.3495518764777996,2.0761747176667082
88,1546560000,117,196,79,313,1,0.24088303473295802,-0.34815432587326123
88,1546574400,11,10,-1,21,1,-0.3347691677583215,-1.0462845829873353
88,1546588800,151,185,34,336,1,-0.08292132916838671,-0.29316461384030335
88,1546603200,395,644,249,1039,1,1.464143965026927,1.387607888732279
88,1546617600,335,446,111,781,1,0.4711439157294699,0.7707667711451862
88,1546632000,801,509,-292,1310,1,-2.4287040543203506,2.0355301479032177
88,1546646400,114,212,98,326,1,0.3776004328246369,-0.3170731842894155
88,1546660800,17,31,14,48,1,-0.22683437979120658,-0.9817314427747326
88,1546675200,14,34,20,48,1,-0.1836604646043606,-0.9817314427747326
88,1546689600,73,147,74,220,1,0.20490477207725305,-0.570504031050004
88,1546704000,180,314,134,494,1,0.6366439239457128,0.0845907992556682
88,1546718400,200,249,49,449,1,0.025013458798728204,-0.02299776776533636
88,1546732800,64,82,18,146,1,-0.19805176966664262,-0.7474274523734338
88,1546747200,10,12,2,22,1,-0.3131822101648985,-1.0438937259424241
88,1546761600,5,14,9,19,1,-0.26281264244691155,-1.0510662970771576
88,1546776000,41,126,85,167,1,0.284056949919804,-0.6972194544302983
88,1546790400,186,321,135,507,1,0.6438395764768537,0.11567194083951396
88,1546804800,205,244,39,449,1,-0.046943066512681736,-0.02299776776533636
88,1546819200,43,49,6,92,1,-0.28439960004033454,-0.8765337327986392
88,1546833600,3,8,5,11,1,-0.29159525257147556,-1.0701931534364475
88,1546848000,160,197,37,357,1,-0.06133437157496372,-0.2429566158971679
88,1546862400,405,705,300,1110,1,1.8311222441151178,1.557358738920975
88,1546876800,211,351,140,562,1,0.6798178391325587,0.24716907830963064
88,1546891200,831,442,-389,1273,1,-3.126682349841027,1.9470684372415026
88,1546905600,122,133,11,255,2,-0.25788583167219137,-0.5588677213058566
88,1546920000,7,8,1,15,2,-0.32853948418512047,-1.076024301748621
88,1546934400,148,182,34,330,2,-0.09538243089245434,-0.3972562899174927
88,1546948800,423,688,265,1111,2,1.5367169421562088,1.28565741560667
88,1546963200,226,349,123,575,2,0.533435076472615,0.13067438595116274
88,1546977600,786,520,-266,1306,2,-2.2149920062803283,1.7058471372164161
88,1546992000,108,142,34,250,2,-0.09538243089245434,-0.5696418167317475
88,1547006400,10,12,2,22,2,-0.3214741189338276,-1.0609405681523738
88,1547020800,159,214,55,373,2,0.05299023938469685,-0.3045990692548307
88,1547035200,414,695,281,1109,2,1.6497627861768953,1.2813477774363138
88,1547049600,230,389,159,619,2,0.7877882255191598,0.2254864256990029
88,1547064000,802,518,-284,1320,2,-2.342168580803601,1.7360146044089109
88,1547078400,95,172,77,267,2,0.20842827491314095,-0.5330098922837183
88,1547092800,14,9,-5,23,2,-0.370931675692878,-1.0587857490671955
88,1547107200,169,206,37,375,2,-0.0741863351385756,-0.3002894310844743
88,1547121600,493,760,267,1253,2,1.5508476726587945,1.5916417257019724
88,1547136000,247,374,127,621,2,0.5616965374777867,0.22979606386935927
88,1547150400,868,634,-234,1502,2,-1.9889003182389553,2.1281916779113406
88,1547164800,118,186,68,304,2,0.14483998765150474,-0.4532815861321255
88,1547179200,11,14,3,25,2,-0.3144087536825347,-1.0544761108968392
88,1547193600,132,177,45,309,2,-0.017663413128232285,-0.4425074907062346
88,1547208000,431,713,282,1144,2,1.6568281514281882,1.35676644541755
88,1547222400,226,459,233,685,2,1.3106252541148355,0.3677044853207631
88,1547236800,813,597,-216,1410,2,-1.8617237437156828,1.9299483220749474
88,1547251200,116,223,107,339,2,0.4203892324519284,-0.377862918150889
88,1547265600,15,14,-1,29,2,-0.3426702146877063,-1.0458568345561265
88,1547280000,6,30,24,36,2,-0.16603608340538348,-1.030773100959879
88,1547294400,49,168,119,217,2,0.5051736154674433,-0.6407508465426276
88,1547308800,197,380,183,577,2,0.9573569915501898,0.1349840241215191
88,1547323200,238,272,34,510,2,-0.09538243089245434,-0.009388854585419305
88,1547337600,65,80,15,145,2,-0.22962437066701968,-0.7958978206754569
88,1547352000,9,11,2,20,2,-0.3214741189338276,-1.06525020632273
88,1547366400,6,18,12,24,2,-0.25082046642089845,-1.0566309299820174
88,1547380800,38,126,88,164,2,0.286147292677363,-0.7549562580570714
88,1547395200,142,234,92,376,2,0.3144087536825347,-0.29813461199929614
88,1547409600,180,217,37,397,2,-0.0741863351385756,-0.25288341121055424
88,1547424000,37,45,8,82,2,-0.2790819274260701,-0.9316514230416826
88,1547438400,5,22,17,27,2,-0.21549364016443387,-1.0501664727264828
88,1547452800,158,206,48,364,2,0.003532682625646457,-0.3239924410214344
88,1547467200,441,728,287,1169,2,1.692154977684653,1.4106369225470048
88,1547481600,231,335,104,566,2,0.3991931366980496,0.11128101418455907
88,1547496000,819,539,-280,1358,2,-2.3139071197984293,1.8178977296456817
88,1547510400,107,142,35,249,3,-0.08325962029726268,-0.43768152260300475
88,1547524800,11,8,-3,19,3,-0.39010003130657134,-0.9932375391520726
88,1547539200,160,188,28,348,3,-0.13978285390424058,-0.19855088939275378
88,1547553600,456,742,286,1198,3,1.9435020418958022,1.8545909108972796
88,1547568000,243,375,132,618,3,0.6999909025422884,0.45362356481702154
88,1547582400,823,494,-329,1317,3,-3.022467767860114,2.142030762937884
88,1547596800,131,157,26,288,3,-0.15593234922052,-0.343478545883815
88,1547611200,11,16,5,27,3,-0.3255020500414537,-0.973913851619931
88,1547625600,140,191,51,331,3,0.04593634223297253,-0.23961372539855447
88,1547640000,425,731,306,1156,3,2.1049969950585963,1.7531415513535367
88,1547654400,241,425,184,666,3,1.1198777807655529,0.5695656900098705
88,1547668800,800,528,-272,1328,3,-2.562207151346151,2.1686008332945788
88,1547683200,113,178,65,291,3,0.15898280944692833,-0.3362321630592619
88,1547697600,10,17,7,27,3,-0.3093525547251743,-0.973913851619931
88,1547712000,151,186,35,337,3,-0.08325962029726268,-0.22512095974944835
88,1547713184,11,52,41,63,3,-0.03481113434842448,-0.8869572577252944
88,1547726400,494,736,242,1230,3,1.5882131449376555,1.9318856610258455
88,1547740800,278,361,83,639,3,0.304328267293443,0.5043482445888929
88,1547755200,787,532,-255,1319,3,-2.4249364411577763,2.1468616848209194
88,1547769600,118,175,57,293,3,0.09438482818181074,-0.33140124117622655
88,1547784000,11,11,0,22,3,-0.36587578833215223,-0.9859911563275195
88,1547797237,11,95,84,106,3,0.3124030149515827,-0.7830924372400339
88,1547797499,104,130,26,234,3,-0.15593234922052,-0.47391343672577
88,1547798400,43,78,35,121,3,-0.08325962029726268,-0.7468605231172686
88,1547812800,384,671,287,1055,3,1.951576789553942,1.5091799962602503
88,1547827200,288,383,95,671,3,0.40122523919111935,0.581642994717459
88,1547841600,676,488,-188,1164,3,-1.883928348062416,1.772465238885678
88,1547856000,99,201,102,300,3,0.4577484727980973,-0.31449301458560275
88,1547870400,13,21,8,34,3,-0.3012778070670346,-0.9570056250293073
88,1547884800,6,34,28,40,3,-0.13978285390424058,-0.9425128593802011
88,1547899200,55,153,98,208,3,0.42544948216553846,-0.5367154212052299
88,1547913600,242,370,128,612,3,0.6676919119097295,0.4391307991679154
88,1547928000,215,255,40,470,3,-0.04288588200656418,0.09613534547240395
88,1547942400,62,84,22,146,3,-0.1882313398530788,-0.6864739995793264
88,1547956800,6,11,5,17,3,-0.3255020500414537,-0.9980684610351079
88,1547971200,5,20,15,25,3,-0.2447545734600567,-0.9787447735029665
88,1547985600,34,131,97,165,3,0.41737473450739876,-0.6405802416904904
88,1548000000,134,252,118,386,3,0.5869444353283325,-0.1067633736150817
88,1548014400,171,205,34,376,3,-0.09133436795540238,-0.13091798303025856
88,1548028800,42,49,7,91,3,-0.3093525547251743,-0.8193243513627991
88,1548043200,7,6,-1,13,3,-0.37395053599029193,-1.0077303048011788
88,1548057600,52,54,2,106,3,-0.3497262930158728,-0.7830924372400339
88,1548072000,150,208,58,358,3,0.10245957583995044,-0.17439627997757692
88,1548086400,150,281,131,431,3,0.6919161548841487,0.0019323687532141764
88,1548100800,190,274,84,464,3,0.3124030149515827,0.08164257982329783
88,1548115200,47,67,20,114,4,-0.12272269119701083,-0.8047682521483008
88,1548129600,5,11,6,16,4,-0.22902349709715547,-1.0220613523310995
88,1548144000,149,192,43,341,4,0.05191434706751251,-0.30144647927589974
88,1548146249,20,103,83,123,4,0.35563093535364004,-0.784812763356003
88,1548158400,445,736,291,1181,4,1.9349571944415034,1.5610658080052322
88,1548172800,217,341,124,558,4,0.6669404383469208,0.17970252827172603
88,1548187200,812,516,-296,1328,4,-2.5220837386574186,1.8870054582794302
88,1548201600,94,174,80,268,4,0.3328521912321805,-0.46330766614676
88,1548216000,9,12,3,21,4,-0.25180224121861505,-1.0109749696687118
88,1548230400,138,188,50,326,4,0.10506475001758483,-0.3347056272630628
88,1548244800,516,767,251,1283,4,1.6312406061553757,1.787228014317941
88,1548259200,237,335,98,572,4,0.4695246559609379,0.21074439972641154
88,1548273600,788,501,-287,1289,4,-2.45374750629304,1.8005316735128063
88,1548288000,85,151,66,236,4,0.22655138533203584,-0.5342605151860412
88,1548302400,11,18,7,29,4,-0.22143058239000227,-0.9932367574088916
88,1548316800,179,189,10,368,4,-0.1986518382685427,-0.2415800128990062
88,1548331200,498,670,172,1168,4,1.031400344290274,1.5322412130830243
88,1548345600,201,327,126,528,4,0.6821262677612272,0.11318423229739988
88,1548360000,759,474,-285,1233,4,-2.4385616768787335,1.6763641876940643
88,1548374400,121,152,31,273,4,-0.03920062941832576,-0.4522212834843723
88,1548388800,11,19,8,30,4,-0.2138376676828491,-0.991019480876414
88,1548403200,130,184,54,314,4,0.1354364088461976,-0.36131294565279326
88,1548417600,428,690,262,1118,4,1.7147626679340608,1.4213773864591472
88,1548432000,302,395,93,697,4,0.43156008242517196,0.48790396628610383
88,1548446400,727,551,-176,1278,4,-1.6109339737990358,1.7761416316555534
88,1548460800,93,223,130,316,4,0.71249792658984,-0.35687839258783816
88,1548475200,12,15,3,27,4,-0.25180224121861505,-0.9976713104738466
88,1548489600,6,26,20,32,4,-0.12272269119701083,-0.986584927811459
88,1548504000,54,135,81,189,4,0.3404451059393337,-0.6384725122124855
88,1548518400,171,281,110,452,4,0.5606396324467762,-0.05532878417089301
88,1548532800,248,224,-24,472,4,-0.4568109383117511,-0.010983253521342247
88,1548547200,51,86,35,137,4,-0.008828970589713,-0.7537708919013175
88,1548561600,8,12,4,20,4,-0.24420932651146185,-1.0131922462011895
88,1548576000,5,15,10,20,4,-0.1986518382685427,-1.0131922462011895
88,1548590400,33,95,62,128,4,0.1961797265034231,-0.7737263806936153
88,1548604800,123,198,75,321,4,0.29488761769641453,-0.3457920099254505
88,1548619200,128,189,61,317,4,0.1885868117962699,-0.35466111605536066
88,1548633600,40,34,-6,74,4,-0.32013847358299374,-0.8934593134474024
88,1548648000,4,7,3,11,4,-0.25180224121861505,-1.0331477349934872
88,1548662400,156,161,5,317,4,-0.23661641180430865,-0.35466111605536066
88,1548676800,412,691,279,1103,4,1.843842217955665,1.3881182384719843
88,1548691200,219,330,111,549,4,0.5682325471539293,0.15974703947942817
88,1548705600,785,547,-238,1332,4,-2.0816946856425336,1.8958745644093404
88,1548720000,105,139,34,244,5,-0.04273269752347474,-0.5318836757015961
88,1548734400,22,15,-7,37,5,-0.31937068675439007,-0.9955087685980947
88,1548748800,129,199,70,328,5,0.20016895155732897,-0.343745956845046
88,1548763200,119,651,532,770,5,3.3174067814276436,0.6462168019001345
88,1548777600,604,697,93,1301,5,0.35535611624784247,1.8355159532433265
88,1548792000,813,538,-275,1351,5,-2.127638518800373,1.9475026906579396
88,1548806400,123,153,30,276,5,-0.06972176964356405,-0.4602121637562437
88,1548820800,13,11,-2,24,5,-0.28563434660427844,-1.0246253203258942
88,1548835200,153,191,38,344,5,-0.015743625403385444,-0.30791020087236975
88,1548849600,457,702,245,1159,5,1.3809408568112358,1.5174736189858251
88,1548864000,236,344,108,580,5,0.4565651366981773,0.22066719972460444
88,1548878400,820,499,-321,1319,5,-2.4380128481814003,1.8758311787125872
88,1548892800,116,142,26,258,5,-0.09671084176365335,-0.5005273892255044
88,1548907200,12,14,2,26,5,-0.25864527448418917,-1.0201458508293095
88,1548921600,101,205,104,306,5,0.42957606457808806,-0.39302012130747577
88,1548936000,365,662,297,1027,5,1.731798794372397,1.2218286322112462
88,1548950400,208,321,113,529,5,0.49030147684828895,0.10644072756169899
88,1548964800,708,509,-199,1217,5,-1.6148461485186767,1.6473782343867762
88,1548979200,139,185,46,324,5,0.038234518836793165,-0.352704895838215
88,1548993600,15,17,2,32,5,-0.25864527448418917,-1.006707442339556
88,1549008000,146,171,25,317,5,-0.10345810979367567,-0.36838303907626085
88,1549022400,389,637,248,1026,5,1.401182660901303,1.219588897462954
88,1549036800,229,404,175,633,5,0.9086320947096731,0.3393731413840944
88,1549051200,741,542,-199,1283,5,-1.6148461485186767,1.7952007277740656
88,1549065600,117,197,80,314,5,0.26764163185755224,-0.3751022433211377
88,1549080000,15,11,-4,26,5,-0.29912888266432314,-1.0201458508293095
88,1549094400,7,26,19,33,5,-0.14394171797380964,-1.0044677075912638
88,1549108800,38,129,91,167,5,0.34186158018779783,-0.7043432513201004
88,1549123200,147,233,86,380,5,0.3081252400376862,-0.22727974993384828
88,1549137600,169,194,25,363,5,-0.10345810979367567,-0.26535524065481675
88,1549152000,52,60,8,112,5,-0.2181616663040552,-0.827528662476175
88,1549166400,7,14,7,21,5,-0.22490893433407755,-1.0313445245707709
88,1549180800,4,17,13,21,5,-0.18442532615394358,-1.0313445245707709
88,1549195200,34,91,57,125,5,0.11245446716703875,-0.7984121107483755
88,1549209600,110,174,64,284,5,0.15968534337719503,-0.4422942857699056
88,1549224000,135,125,-10,260,5,-0.33961249084445705,-0.49604791972891993
88,1549238400,40,37,-3,77,5,-0.2923816146343008,-0.9059193786664042
88,1549252800,5,10,5,15,5,-0.23840347039412219,-1.0447829330605245
88,1549267200,148,227,79,375,5,0.2608943638275299,-0.2384784236753096
88,1549281600,407,602,195,1009,5,1.0435774553101196,1.1815134067419855
88,1549296000,246,315,69,561,5,0.19342168352730665,0.17811223950705143
88,1549310400,820,548,-272,1368,5,-2.107396714710306,1.9855781813789082
88,1549324800,91,144,53,235,6,0.11380800921135203,-0.5503089994745699
88,1549339200,10,14,4,24,6,-0.26137558078815093,-1.0355928854094014
88,1549353600,152,171,19,323,6,-0.14652346140054798,-0.3479157200325548
88,1549355455,14,34,20,48,6,-0.13886665344137444,-0.9803947182888519
88,1549368000,422,644,222,1066,6,1.4078085543116785,1.360927537074459
88,1549368699,12,7,-5,19,6,-0.3302868524207127,-1.047092503559516
88,1549382400,227,380,153,607,6,0.8794888051287051,0.3052625908939484
88,1549396800,769,495,-274,1264,6,-2.389968193438392,1.8163124158189927
88,1549411200,106,179,73,285,6,0.26694416839482266,-0.43531281797342497
88,1549425600,9,18,9,27,6,-0.22309154099228326,-1.0286931145193328
88,1549440000,169,208,39,377,6,0.006612697782922619,-0.22371984401131828
88,1549454400,418,682,264,1100,6,1.7293944885969668,1.4391249404952373
88,1549468800,262,409,147,671,6,0.8335479573736638,0.4524577032154139
88,1549483200,760,505,-255,1265,6,-2.244488842214095,1.8186123394490157
88,1549497600,137,198,61,335,6,0.17506247288474028,-0.32031663647228004
88,1549512000,12,11,-1,23,6,-0.29965962058401857,-1.0378928090394244
88,1549526400,154,195,41,349,6,0.021926313701269677,-0.28811770565195943
88,1549540800,459,727,268,1186,6,1.760021720433661,1.6369183726772067
88,1549555200,272,402,130,674,6,0.7033822220677138,0.4593574741054826
88,1549569600,811,548,-263,1359,6,-2.3057433058874834,2.0348051606711683
88,1549584000,104,183,79,287,6,0.3128850161498638,-0.43071297071337916
88,1549598400,15,18,3,33,6,-0.26903238874732444,-1.0148935727391954
88,1549612800,148,178,30,326,6,-0.06229857384963915,-0.3410159491424861
88,1549627200,453,692,239,1145,6,1.5379742896176287,1.5426215038462678
88,1549641600,294,367,73,661,6,0.26694416839482266,0.4294584669151849
88,1549656000,657,537,-120,1194,6,-1.2108197677256685,1.65531776171739
88,1549670400,120,244,124,364,6,0.6574413743126727,-0.253618851201616
88,1549684800,14,14,0,28,6,-0.29200281262484507,-1.0263931908893098
88,1549699200,7,28,21,35,6,-0.1312098454822009,-1.0102937254791495
88,1549713600,60,130,70,190,6,0.24397374451730203,-0.6538055628256003
88,1549728000,186,312,126,498,6,0.6727549902310198,0.05457091522145246
88,1549742400,203,276,73,479,6,0.26694416839482266,0.010872366251017387
88,1549756800,70,75,5,145,6,-0.25371877282897737,-0.7573021261766307
88,1549771200,11,12,1,23,6,-0.2843460046656715,-1.0378928090394244
88,1549785600,7,16,9,23,6,-0.22309154099228326,-1.0378928090394244
88,1549800000,39,104,65,143,6,0.20568970472143439,-0.7619019734366765
88,1549814400,121,270,149,391,6,0.848861573292011,-0.19152091319099768
88,1549828800,152,141,-11,293,6,-0.37622770017575385,-0.41691342893324174
88,1549843200,33,46,13,79,6,-0.19246430915558915,-0.9090970857581421
88,1549857600,4,4,0,8,6,-0.29200281262484507,-1.0723916634897679
88,1549872000,174,207,33,381,6,-0.03932814997211856,-0.21452014949122666
88,1549886400,406,626,220,1032,6,1.3924949383933316,1.2827301336536803
88,1549900800,229,347,118,576,6,0.6115005265576315,0.23396495836323855
88,1549915200,822,475,-347,1297,6,-2.94891517445806,1.8922098956097484
88,1549929600,104,128,24,232,7,0.08085177608492518,-0.5456997240842365
88,1549944000,12,10,-2,22,7,-0.12273445288567471,-1.0672565094865074
88,1549958400,134,198,64,332,7,0.39406135911661727,-0.29733935008315515
88,1549972800,424,661,237,1085,7,1.748692805728686,1.5728142661449875
88,1549987200,257,305,48,562,7,0.26877752590394044,0.27388951011933205
88,1550001600,835,410,-425,1245,7,-3.434925793445819,1.9701908645467179
88,1550016000,114,136,22,250,7,0.06519129693334058,-0.5009948567640419
88,1550030400,10,6,-4,16,7,-0.1383949320372593,-1.0821581319265723
88,1550044800,155,254,99,409,7,0.668119744269348,-0.10610186210232246
88,1550046767,89,80,-9,169,7,-0.17754612991622082,-0.7021667597049178
88,1550059200,414,665,251,1079,7,1.8583161597897782,1.5579126437049227
88,1550073600,256,337,81,593,7,0.5271754319050864,0.3508812260596673
88,1550088000,867,509,-358,1376,7,-2.910299741867735,2.2955429544881345
88,1550102400,127,166,39,293,7,0.19830536972180973,-0.39419989594357685
88,1550116800,12,8,-4,20,7,-0.1383949320372593,-1.0722237169665292
88,1550131200,151,194,43,345,7,0.22962632802497895,-0.26505250146301457
88,1550145600,445,698,253,1143,7,1.8739766389413628,1.7168632830656148
88,1550160000,476,396,-80,872,7,-0.7334931397974744,1.0438066695226844
88,1550174400,812,540,-272,1352,7,-2.236899138349597,2.235936464727875
88,1550188800,116,208,92,324,7,0.6133080672388018,-0.31720818000324164
88,1550203200,12,13,1,25,7,-0.09924373415829779,-1.059805698266475
88,1550217600,195,215,20,410,7,0.04953081778175597,-0.10361825836231164
88,1550232000,425,581,156,1006,7,1.1144434000895094,1.3766095706841333
88,1550246400,328,331,3,659,7,-0.0835832550067132,0.5147990729003811
88,1550260800,699,470,-229,1169,7,-1.9001988365905276,1.781436980305896
88,1550275200,120,156,36,276,7,0.17481465099443283,-0.4364211595237607
88,1550289600,13,15,2,28,7,-0.09141349458250549,-1.0523548870464425
88,1550304000,19,24,5,43,7,-0.06792277585512858,-1.0151008309462803
88,1550318400,81,133,52,214,7,0.30009848420710966,-0.5904045914044311
88,1550332800,202,254,52,456,7,0.30009848420710966,0.010627513678185792
88,1550347200,235,280,45,515,7,0.24528680717656356,0.1571601343388238
88,1550361600,68,108,40,176,7,0.20613560929760205,-0.6847815335248421
88,1550376000,10,33,23,43,7,0.07302153650913289,-1.0151008309462803
88,1550390400,17,18,1,35,7,-0.09924373415829779,-1.0349696608663668
88,1550404800,74,107,33,181,7,0.15132393226705593,-0.6723635148247881
88,1550419200,184,206,22,390,7,0.06519129693334058,-0.15329033316252794
88,1550433600,191,259,68,450,7,0.4253823174197865,-0.0042741087618790915
88,1550448000,74,88,14,162,7,0.0025493803270021497,-0.7195519858849935
88,1550462400,8,9,1,17,7,-0.09924373415829779,-1.0796745281865616
88,1550476800,53,59,6,112,7,-0.06009253627933628,-0.8437321728855341
88,1550491200,157,196,39,353,7,0.19830536972180973,-0.24518367154292803
88,1550505600,184,221,37,405,7,0.18264489057022512,-0.11603627706236572
88,1550520000,259,321,62,580,7,0.3784008799650327,0.31859437743952673
88,1550534400,66,96,30,162,8,0.18039612323156645,-0.916867926115742
88,1550548800,6,9,3,15,8,-0.007516505134648602,-1.2352248449059302
88,1550563200,136,189,53,325,8,0.34046984369167554,-0.5638599141239007
88,1550577600,482,629,147,1111,8,0.9946841794851649,1.1383750394073096
88,1550592000,250,358,108,608,8,0.7232548274006321,0.04903129688033916
88,1550606400,871,479,-392,1350,8,-2.756608660862609,1.6559757441070033
88,1550620800,139,178,39,317,8,0.2430336660203048,-0.5811854607247272
88,1550635200,13,15,2,28,8,-0.014476232111175085,-1.207070831679587
88,1550649600,152,216,64,368,8,0.4170268404334668,-0.4707351011444579
88,1550664000,465,643,178,1108,8,1.2104357157574857,1.1318779594319996
88,1550678400,256,296,40,552,8,0.24999339299683127,-0.07224752932544681
88,1550692800,719,547,-172,1266,8,-1.2254687260267831,1.4740575047983242
88,1550704260,70,9,-61,79,8,-0.45293903163234345,-1.0966204720993176
88,1550707200,114,183,69,297,8,0.45182547531609923,-0.6244993272267937
88,1550721600,9,10,1,19,8,-0.021435959087701566,-1.2265620716055168
88,1550736000,152,196,44,348,8,0.2778323009029372,-0.5140489676465243
88,1550750400,434,654,220,1088,8,1.502744248771598,1.0885640929299332
88,1550764800,288,329,41,617,8,0.25695311997335774,0.06852253680626905
88,1550779200,827,477,-350,1304,8,-2.464300127848497,1.5563538511522506
88,1550793600,140,164,24,304,8,0.13863776137240755,-0.6093394739510704
88,1550808000,11,11,0,22,8,-0.02839568606422805,-1.2200649916302069
88,1550822400,133,167,34,300,8,0.20823503113767236,-0.6180022472514837
88,1550836800,497,628,131,1125,8,0.8833285478607412,1.168694745958756
88,1550851200,289,362,73,651,8,0.47966438322220517,0.14215610985978194
88,1550865600,747,523,-224,1270,8,-1.5873745288061603,1.4827202780987376
88,1551484800,9223,7385,-1838,16608,9,-3.9994502405936863,4.105586259696106
88,1551499200,9,19,10,28,9,0.18162750550482026,-0.30873951874191397
88,1551513600,9,42,33,51,9,0.23366472853526707,-0.30261590638340524
88,1551528000,27,148,121,175,9,0.43276366882567213,-0.26960164845057566
88,1551542400,80,191,111,271,9,0.41013878924721703,-0.24404222295419145
88,1551556800,98,168,70,266,9,0.317376782975551,-0.24537344303212813
88,1551571200,44,54,10,98,9,0.18162750550482026,-0.29010243765080046
88,1551585600,9,9,0,18,9,0.15900262592636516,-0.3114019588977873
88,1551600000,4,18,14,22,9,0.1906774573362023,-0.310336982835438
88,1551614400,21,125,104,146,9,0.39430137354229844,-0.2773227249026084
88,1551628800,90,161,71,251,9,0.3196392709333965,-0.24936710326593817
88,1551643200,90,163,73,253,9,0.32416424684908757,-0.2488346152347635
88,1551657600,47,35,-12,82,9,0.13185277043221902,-0.29436234190019783
88,1551672000,5,4,-1,9,9,0.15674013796851963,-0.3137981550380733
88,1551686400,95,163,68,258,9,0.31285180705986,-0.24750339515682682
88,1551700800,479,635,156,1114,9,0.511950747350265,-0.019598517814067736
88,1551715200,169,277,108,446,9,0.40335132537368046,-0.19744952022640777
88,1551729600,822,459,-363,1281,9,-0.6622805027715558,0.02486423278901727
88,1551744000,102,152,50,254,10,0.10292435209223497,-0.5263205166824894
88,1551758400,9,8,-1,17,10,-0.2287522001170826,-1.0560422922430968
88,1551772800,168,196,28,364,10,-0.04015180768433339,-0.28045808920710197
88,1551787200,446,660,214,1106,10,1.1694920886084719,1.3779957397632385
88,1551801600,262,391,129,653,10,0.616697834926276,0.36548956116005227
88,1551816000,944,585,-359,1529,10,-2.5569915273903314,2.323448529054956
88,1551830400,134,173,39,307,10,0.03138627220395079,-0.40785952889889365
88,1551844800,10,16,6,26,10,-0.18322796746090175,-1.035926275449656
88,1551859200,162,229,67,391,10,0.21348320282867417,-0.2201100388267796
88,1551863838,267,373,106,640,10,0.46711821334168174,0.3364330924584156
88,1551865696,92,152,60,244,10,0.1679589701724933,-0.5486716464529792
88,1551873600,189,678,489,867,10,2.9579440858155763,0.8438037382485333
88,1551888000,258,368,110,626,10,0.4931320605737851,0.3051415107797299
88,1551902400,892,537,-355,1429,10,-2.530977680158228,2.099937231350058
88,1551916800,134,176,42,310,10,0.05089665762802829,-0.4011541899677467
88,1551931200,9,13,4,22,10,-0.19623489107695344,-1.044866727357852
88,1551945600,178,214,36,392,10,0.011875886779873281,-0.21787492584973062
88,1551945997,3,3,0,6,10,-0.22224873830905675,-1.0806285349906357
88,1551946151,31,14,-17,45,10,-0.33280758904549596,-0.9934591288857255
88,1551960000,472,696,224,1168,10,1.2345267066887302,1.5165727443402752
88,1551974400,305,400,95,705,10,0.39558013345339754,0.48171543596659905
88,1551988800,875,526,-349,1401,10,-2.491956909310073,2.0373540679926867
88,1552003200,126,208,82,334,10,0.3110351299490617,-0.3475114785185713
88,1552017600,12,18,6,30,10,-0.18322796746090175,-1.0269858235414602
88,1552032000,150,201,51,351,10,0.1094278139002608,-0.30951455790873866
88,1552046400,444,652,208,1096,10,1.130471317760317,1.3556446099927488
88,1552060800,317,441,124,758,10,0.5841805258861468,0.6001764237501949
88,1552075200,793,534,-259,1327,10,-1.906645346587748,1.8719557076910625
88,1552089600,101,247,146,348,10,0.7272566856627152,-0.3162198968398856
88,1552104000,11,11,0,22,10,-0.22224873830905675,-1.044866727357852
88,1552118400,6,23,17,29,10,-0.11168988757261758,-1.0292209365185092
88,1552132800,50,117,67,167,10,0.21348320282867417,-0.7207753456857504
88,1552147200,161,233,72,394,10,0.24600051186880334,-0.21340469989563265
88,1552161600,207,231,24,438,10,-0.06616565491643674,-0.11505972890547769
88,1552176000,68,87,19,155,10,-0.09868296395656591,-0.7475967014103381
88,1552194000,6,15,9,21,10,-0.16371758203682427,-1.047101840334901
88,1552208400,8,23,15,31,10,-0.12469681118866925,-1.0247507105644111
88,1552222800,45,153,108,198,10,0.4801251369577334,-0.6514868433972321
88,1552237200,149,211,62,360,10,0.180965893788545,-0.2893985411152979
88,1552251600,124,118,-6,242,10,-0.26126950915721175,-0.5531418724070771
88,1552266000,20,33,13,53,10,-0.13770373480472092,-0.9755782250693337
88,1552280400,4,8,4,12,10,-0.19623489107695344,-1.0672178571283417
88,1552294800,301,473,172,774,10,0.8963466926713869,0.6359382313829784
88,1552309200,302,566,264,868,10,1.4946651790097636,0.8460388512255823
88,1552323600,334,373,39,707,10,0.03138627220395079,0.486185661920697
88,1552338000,791,508,-283,1299,10,-2.062728429980368,1.809372544333691
88,1552352400,64,95,31,159,11,-0.011293466161808928,-0.718785084281945
88,1552366800,4,10,6,14,11,-0.22304595669572597,-1.068382861123478
88,1552381200,339,367,28,706,11,-0.03670376502587897,0.6000423911133553
88,1552395600,373,622,249,995,11,1.8351882512939475,1.29682692564579
88,1552410000,360,364,4,724,11,-0.2399861559384393,0.6434407358247181
88,1552424400,824,509,-315,1333,11,-2.9419479351512203,2.1117513985591567
88,1552438800,71,99,28,170,11,-0.03670376502587897,-0.6922638736250011
88,1552452888,5,11,6,16,11,-0.22304595669572597,-1.0635608228222155
88,1552452972,0,0,0,0,11,-0.27386655442386604,-1.1021371292323157
88,1552453055,0,0,0,0,11,-0.27386655442386604,-1.1021371292323157
88,1552453200,4,10,6,14,11,-0.22304595669572597,-1.068382861123478
88,1552467600,323,458,135,781,11,0.8695968944592858,0.7808688274107
88,1552482000,338,549,211,887,11,1.5133244656823936,1.0364368573776137
88,1552496400,328,401,73,729,11,0.3444507179351717,0.6554958315778744
88,1552510800,802,555,-247,1357,11,-2.3659811608989663,2.169615858174307
88,1552525200,72,94,22,166,11,-0.08752436275401905,-0.7019079502275262
88,1552539600,7,7,0,14,11,-0.27386655442386604,-1.068382861123478
88,1552552054,236,308,72,544,11,0.335980618313815,0.20945728871109087
88,1552554000,111,363,252,474,11,1.8605985501580176,0.04068594816690255
88,1552556468,121,138,17,259,11,-0.12987486086080247,-0.47768316921881876
88,1552568400,200,507,307,707,11,2.326454029332635,0.6024534102639866
88,1552582800,371,408,37,779,11,0.039527131566331156,0.7760467891094375
88,1552597200,751,520,-231,1271,11,-2.230459566957259,1.9622682112200183
88,1552611600,72,100,28,172,11,-0.03670376502587897,-0.6874418353237386
88,1552626000,7,13,6,20,11,-0.22304595669572597,-1.0539167462196903
88,1552640400,342,430,88,772,11,0.4715022122555219,0.7591696550550187
88,1552654800,336,570,234,906,11,1.7081367569735972,1.0822462212396078
88,1552669200,419,437,18,856,11,-0.12140476123944578,0.9616952637080446
88,1552683600,603,448,-155,1051,11,-1.5867319957341517,1.4318439980811406
88,1552698000,102,154,52,256,11,0.16657862588668138,-0.48491622667071255
88,1552712400,5,12,7,17,11,-0.21457585707436927,-1.061149803671584
88,1552726800,10,33,23,43,11,-0.07905426313266238,-0.9984633057551714
88,1552741200,82,143,61,225,11,0.2428095224788915,-0.5596578203402817
88,1552755600,200,324,124,524,11,0.7764257986243623,0.16123690569846563
88,1552770000,176,235,59,411,11,0.22586932323617814,-0.11120825832286696
88,1552784400,34,45,11,79,11,-0.18069545858894254,-0.911666616332446
88,1552798800,4,11,7,15,11,-0.21457585707436927,-1.0659718419728468
88,1552813200,11,40,29,51,11,-0.02823366540452229,-0.9791751525501212
88,1552827600,75,140,65,215,11,0.2766899209643182,-0.5837680118465943
88,1552842000,160,197,37,357,11,0.039527131566331156,-0.2414032924569551
88,1552856400,144,141,-3,285,11,-0.2992768532879361,-0.414996671302406
88,1552866895,21,23,2,44,11,-0.2569263551811527,-0.99605228660454
88,1552870800,22,31,9,53,11,-0.1976356578316559,-0.9743531142488587
88,1552885200,2,8,6,10,11,-0.22304595669572597,-1.078026937726003
88,1552899600,357,455,98,812,11,0.5562032084690887,0.8556104210802691
88,1552914000,282,456,174,738,11,1.1999307796921963,0.6771950039335557
88,1552928400,303,386,83,689,11,0.4291517141487385,0.5590550655526239
88,1552942800,722,520,-202,1242,11,-1.9848266779379156,1.8923486558517117
88,1552957200,77,78,1,155,12,-0.13702429242782557,-0.8821233034827386
88,1552971600,5,10,5,15,12,-0.09909994131106331,-1.2196133825040478
88,1552986000,382,468,86,850,12,0.6688681688033727,0.793273874515904
88,1553000400,325,521,196,846,12,1.711787824514335,0.7836313008295809
88,1553014800,400,402,2,802,12,-0.12754320464863503,0.6775629902800265
88,1553029200,774,528,-246,1302,12,-2.478852973887896,1.8828847010704168
88,1553043600,85,76,-9,161,12,-0.23183517021973127,-0.8676594429532539
88,1553058000,4,11,7,15,12,-0.08013776575268218,-1.2196133825040478
88,1553072400,381,460,79,841,12,0.6025005543490387,0.771578083721677
88,1553086800,344,518,174,862,12,1.5032038933721426,0.8222015955748734
88,1553101200,356,404,48,760,12,0.3085868331941311,0.5763159665736337
88,1553115600,690,523,-167,1213,12,-1.729847039331841,1.6683374365497274
88,1553130000,75,110,35,185,12,0.18533269206465372,-0.8098040008353151
88,1553144400,6,15,9,21,12,-0.06117559019430104,-1.2051495219745632
88,1553158800,357,434,77,791,12,0.5835383787906576,0.6510459126426379
88,1553173200,370,585,215,955,12,1.8919284923189559,1.046391433781886
88,1553187600,370,408,38,778,12,0.2137759554022254,0.6197075481620878
88,1553202000,743,518,-225,1261,12,-2.279750130524894,1.7840483207856048
88,1553216400,115,128,13,243,12,-0.023251239077538774,-0.6699866823836299
88,1553230800,9,15,6,24,12,-0.08961885353187275,-1.1979175917098208
88,1553245200,339,384,45,723,12,0.28014356985655936,0.48712215997514485
88,1553259600,398,566,168,964,12,1.446317366696999,1.068087224576113
88,1553274000,387,420,33,807,12,0.16637051650627258,0.6896162073879304
88,1553288400,627,445,-182,1072,12,-1.8720633560196995,1.3284367141068374
88,1553302800,91,148,57,239,12,0.39391662320684623,-0.679629256069953
88,1553317200,5,16,11,21,12,-0.04221341463591991,-1.2051495219745632
88,1553331600,12,77,65,89,12,0.46976532544037075,-1.0412257693070701
88,1553346000,94,182,88,276,12,0.6878303443617538,-0.5904354494714641
88,1553360400,260,216,-44,476,12,-0.563673242491401,-0.10830676515530797
88,1553374800,200,179,-21,379,12,-0.345608223570018,-0.3421391770486437
88,1553389200,59,60,1,119,12,-0.13702429242782557,-0.9689064666596466
88,1553403600,6,17,11,23,12,-0.04221341463591991,-1.2003282351314015
88,1553418000,6,30,24,36,12,0.08104072649355747,-1.1689898706508515
88,1553432400,79,133,54,212,12,0.36547335986927454,-0.7447166284526341
88,1553446800,216,181,-35,397,12,-0.478343452478686,-0.29874759546018964
88,1553461200,191,130,-61,321,12,-0.7248517347376408,-0.481956495500329
88,1553475600,36,32,-4,68,12,-0.18442973132377843,-1.0918492811602665
88,1553490000,3,6,3,9,12,-0.11806211686944446,-1.2340772430335325
88,1553504400,347,460,113,807,12,0.924857538841518,0.6896162073879304
88,1553518800,313,521,208,834,12,1.8255608778646217,0.7547035797706115
88,1553533200,334,332,-2,666,12,-0.1654675557653973,0.34971548494504034
88,1553547600,744,517,-227,1261,12,-2.2987123060832753,1.7840483207856048
88,1553562000,80,82,2,162,13,-0.27637189208569934,-0.8554906756811079
88,1553576400,6,14,8,20,13,-0.22135947754731372,-1.1985613043633383
88,1553590800,383,499,116,882,13,0.7688639841436281,0.8840223711583693
88,1553605200,327,513,186,840,13,1.4106754870914606,0.7825507767593999
88,1553619600,346,430,84,776,13,0.4754644399389045,0.627927394818113
88,1553634000,759,515,-244,1274,13,-2.5318808881595114,1.8310905855487514
88,1553648400,115,97,-18,212,13,-0.4597466072136515,-0.7346911585394776
88,1553662800,8,18,10,26,13,-0.2030220060345185,-1.1840653623063426
88,1553677200,387,483,96,870,13,0.5854892690156758,0.855030487044378
88,1553691600,342,580,238,922,13,1.8874497464241362,0.9806619848716737
88,1553706000,384,404,20,788,13,-0.11133464847054242,0.6569192789321042
88,1553720400,757,539,-218,1296,13,-2.2934937584931734,1.884242373091069
88,1553734800,79,129,50,208,13,0.16372742422138584,-0.744355119910808
88,1553749200,6,14,8,20,13,-0.22135947754731372,-1.1985613043633383
88,1553763600,372,467,95,839,13,0.5763205332592782,0.7801347864165672
88,1553778000,315,562,247,877,13,1.9699683682317148,0.8719424194442064
88,1553792400,366,451,85,817,13,0.4846331756953021,0.7269829988742499
88,1553806800,677,478,-199,1155,13,-2.1192877791216187,1.543587734751671
88,1553821200,90,142,52,232,13,0.18206489573418105,-0.6863713516828255
88,1553835600,7,18,11,25,13,-0.19385327027812088,-1.186481352649175
88,1553850000,300,417,117,717,13,0.7780327199000256,0.48538396459098915
88,1553864400,302,547,245,849,13,1.9516308967189195,0.8042946898448933
88,1553878800,407,429,22,836,13,-0.0929971769577472,0.7728868153880694
88,1553893200,608,504,-104,1112,13,-1.2482578822638457,1.439700150009869
88,1553907600,73,165,92,238,13,0.5488143259900854,-0.6718754096258298
88,1553922000,8,9,1,17,13,-0.285540627842097,-1.2058092753918361
88,1553936400,11,45,34,56,13,0.0170276521190241,-1.1115856520213643
88,1553950800,94,157,63,251,13,0.28292098905455476,-0.6404675351690059
88,1553965200,234,233,-1,467,13,-0.3038780993548922,-0.11861362111716273
88,1553979600,195,162,-33,357,13,-0.5972776435596155,-0.38437255882874954
88,1553994000,47,58,11,105,13,-0.19385327027812088,-0.9932021252225666
88,1554008400,5,9,4,14,13,-0.25803442057290416,-1.213057246420334
88,1554022800,6,29,23,35,13,-0.0838284412013496,-1.1623214492208491
88,1554037200,75,130,55,205,13,0.2095711030033739,-0.7516030909393059
88,1554051600,150,217,67,367,13,0.3195959320801452,-0.36021265540042346
88,1554066000,125,105,-20,230,13,-0.47808407872644676,-0.6912033323684906
88,1554080400,28,32,4,60,13,-0.25803442057290416,-1.101921690650034
88,1554094800,3,7,4,10,13,-0.25803442057290416,-1.2227212077916643
88,1554109200,364,413,49,777,13,0.15455868846498824,0.6303433851609456
88,1554123600,298,491,193,789,13,1.474856637386244,0.6593352692749369
88,1554138000,319,405,86,724,13,0.4938019114516997,0.5022958969908173
88,1554152400,705,514,-191,1219,13,-2.045937893070438,1.698211116692958
88,1554166800,77,84,7,161,14,-0.2158005907091917,-0.8810168930477116
88,1554181200,5,13,8,18,14,-0.2075684155867702,-1.2329080588151222
88,1554195600,361,463,102,824,14,0.566256045920849,0.7504785118739201
88,1554210000,317,573,256,890,14,1.834011014773757,0.9128898191511867
88,1554224400,342,400,58,742,14,0.20404034053430384,0.5486947664688315
88,1554238800,762,459,-303,1221,14,-2.767774878659851,1.727407132920508
88,1554253200,77,121,44,198,14,0.0887898888204031,-0.7899681298771227
88,1554267600,7,9,2,16,14,-0.25696146632129907,-1.2378296135811
88,1554282000,325,465,140,790,14,0.8790787005728652,0.666812080852298
88,1554296400,336,559,223,895,14,1.5623492357338482,0.925193706066131
88,1554310800,347,462,115,809,14,0.6732743225123282,0.7135668511290869
88,1554325200,748,484,-264,1232,14,-2.446720048885413,1.7544756841333857
88,1554339600,66,149,83,215,14,0.40984471859484084,-0.7481349143663116
88,1554354000,5,10,5,15,14,-0.23226494095403466,-1.240290390964089
88,1554368400,370,473,103,843,14,0.5744882210432705,0.797233282150709
88,1554382800,338,569,231,907,14,1.62820663671322,0.9547230346619977
88,1554397200,378,405,27,783,14,-0.05115708826076207,0.6495866391713758
88,1554411600,735,460,-275,1195,14,-2.5372739752320492,1.663426920962797
88,1554426000,75,142,67,217,14,0.27812991663609715,-0.7432133596003339
88,1554440400,5,15,10,20,14,-0.19110406534192725,-1.2279865040491444
88,1554454800,310,359,49,669,14,0.12995076443251052,0.36905801751064277
88,1554469200,320,562,242,882,14,1.7187605630598564,0.8932036000872756
88,1554483600,436,466,30,902,14,-0.026460562893497627,0.9424191477470533
88,1554498000,664,502,-162,1166,14,-1.607038186398422,1.5920643768561193
88,1554512400,72,129,57,201,14,0.19580816541188237,-0.7825857977281561
88,1554526800,6,11,5,17,14,-0.23226494095403466,-1.2353688361981112
88,1554541200,13,44,31,57,14,-0.018228387771076146,-1.1369377408785557
88,1554555600,111,199,88,310,14,0.45100559420694825,-0.5143610629823675
88,1554570000,209,283,74,492,14,0.33575514249304755,-0.06649957927839013
88,1554584400,215,229,14,444,14,-0.15817536485224132,-0.18461689366185668
88,1554598800,67,71,4,138,14,-0.24049711607645613,-0.9376147728564559
88,1554613200,4,8,4,12,14,-0.24049711607645613,-1.2476727231130555
88,1554627600,10,26,16,36,14,-0.14171101460739835,-1.1886140659213222
88,1554642000,83,160,77,243,14,0.36045166786031196,-0.6792331476426229
88,1554656400,190,243,53,433,14,0.16287946492219643,-0.21168544487473442
88,1554670800,158,159,1,317,14,-0.2651936414437206,-0.4971356213014453
88,1554685200,29,37,8,66,14,-0.2075684155867702,-1.1147907444316558
88,1554699600,4,7,3,11,14,-0.2487292911988776,-1.2501335004960445
88,1554714000,349,457,108,806,14,0.6156490966553778,0.7061845189801202
88,1554728400,297,505,208,802,14,1.438866608897526,0.6963414094481647
88,1554742800,329,312,-17,641,14,-0.4133727936473072,0.30015625078695396
88,1554757200,650,513,-137,1163,14,-1.401233808337885,1.5846820447071526
88,1554771600,59,90,31,149,15,-0.0366458998930805,-0.9394171917555837
88,1554786000,5,9,4,14,15,-0.24866860641733204,-1.2711785822866366
88,1554800400,359,477,118,836,15,0.6465383766850634,0.7488796622802186
88,1554814800,308,562,254,870,15,1.7145046021405528,0.8324343828584096
88,1554829200,365,445,80,810,15,0.3481360489842649,0.6849848759557196
88,1554843600,806,498,-308,1304,15,-2.6987087706975723,1.8989858161212019
88,1554858000,81,101,20,182,15,-0.12302552106962743,-0.8583199629591041
88,1554872400,8,13,5,21,15,-0.2408159135831005,-1.253976139814656
88,1554883353,18,79,61,97,15,0.19893488513386567,-1.0672067644045817
88,1554886800,386,477,91,863,15,0.4345156701608119,0.8152319403864292
88,1554887430,38,60,22,98,15,-0.10732013540116435,-1.0647492726228702
88,1554894683,220,172,-48,392,15,-0.6570086337973721,-0.34224668879968856
88,1554901200,187,523,336,710,15,2.358425414547539,0.4392356977845693
88,1554915600,364,413,49,777,15,0.10470257112308722,0.6038876471592399
88,1554930000,732,550,-182,1282,15,-1.7092694735843983,1.8449209969235487
88,1554944400,71,158,87,229,15,0.4031048988238857,-0.7428178492186635
88,1554958800,6,9,3,15,15,-0.2565212992515636,-1.268721090504925
88,1554973200,378,448,70,826,15,0.26960912064194953,0.7243047444631036
88,1554987600,327,551,224,878,15,1.4789238171136065,0.8520943171121017
88,1555002000,404,424,20,828,15,-0.12302552106962743,0.7292197280265266
88,1555016400,757,441,-316,1198,15,-2.761530313371425,1.6384916872597826
88,1555030800,69,137,68,206,15,0.25390373497348645,-0.799340160198028
88,1555045200,7,17,10,24,15,-0.20155244941194284,-1.2466036644695215
88,1555059600,322,410,88,732,15,0.41095759165811724,0.4933005169822223
88,1555074000,318,543,225,861,15,1.4867765099478383,0.8103169568230062
88,1555088400,417,403,-14,820,15,-0.3900170774334998,0.7095597937728345
88,1555102800,650,536,-114,1186,15,-1.1752863608566537,1.6090017858792445
88,1555117200,95,181,86,276,15,0.39525220598965416,-0.6273157354782228
88,1555131600,10,19,9,29,15,-0.20940514224617437,-1.234316205560964
88,1555146000,19,84,65,103,15,0.23034565647079183,-1.052461813714313
88,1555160400,123,323,200,446,15,1.2904591890920496,-0.20954213258726742
88,1555174800,310,348,38,658,15,0.01832294994654028,0.31144612513557113
88,1555189200,320,257,-63,577,15,-0.7747990263108452,0.11238929081693942
88,1555203600,86,113,27,199,15,-0.06805667123000665,-0.8165426026700086
88,1555218000,7,14,7,21,15,-0.22511052791463745,-1.253976139814656
88,1555232400,11,41,30,52,15,-0.04449859272731204,-1.1777938945815996
88,1555246800,88,246,158,334,15,0.960646090054325,-0.4847812121389557
88,1555261200,245,337,92,582,15,0.4423683629950434,0.12467674972549693
88,1555275600,247,201,-46,448,15,-0.6413032481289089,-0.2046271490238444
88,1555290000,40,75,35,115,15,-0.005235128556154341,-1.0229719123337748
88,1555304400,4,9,5,13,15,-0.2408159135831005,-1.2736360740683481
88,1555318800,321,487,166,808,15,1.0234676327281773,0.6800698923922965
88,1555333200,396,577,181,973,15,1.1412580252416504,1.0855560363746946
88,1555347600,435,376,-59,811,15,-0.743388254973919,0.6874423677374311
88,1555362000,732,522,-210,1254,15,-1.9291448729428815,1.7761112270356267
88,1555376400,70,132,62,202,16,0.1590125071982563,-0.8276331930021571
88,1555390800,5,8,3,13,16,-0.31671241115313076,-1.274199051422588
88,1555405200,360,511,151,871,16,0.8766314518300097,0.7530681788669871
88,1555419600,371,583,212,954,16,1.368482638600088,0.9491791114008271
88,1555434000,438,437,-1,875,16,-0.3489649479905129,0.7625193081457263
88,1555448400,808,547,-261,1355,16,-2.445379842420354,1.8966548215944397
88,1555462800,78,123,45,201,16,0.021939225639382054,-0.8299959753218419
88,1555477200,6,9,3,15,16,-0.31671241115313076,-1.2694734867832183
88,1555491052,298,374,76,672,16,0.2718963861290939,0.28287449724970803
88,1555491600,87,356,269,443,16,1.8280812885327837,-0.2582026539581156
88,1555506000,347,602,255,949,16,1.7151974096019462,0.937365199802403
88,1555520400,432,456,24,888,16,-0.14738659275687435,0.793235478301629
88,1555534800,776,677,-99,1453,16,-1.139152100506376,2.128207488923552
88,1555549200,70,106,36,176,16,-0.05062898224472783,-0.8890655333139624
88,1555563600,8,8,0,16,16,-0.34090181378116735,-1.2671107044635335
88,1555578000,359,357,-2,716,16,-0.3570280821998585,0.3868369193158401
88,1555592400,380,690,310,1070,16,2.158669791115951,1.2232618604842662
88,1555606800,430,486,56,916,16,0.11063370194218303,0.8593933832528039
88,1555621200,752,506,-246,1258,16,-2.324432829280171,1.6674649365850123
88,1555635600,76,148,72,224,16,0.2396438492917117,-0.775651981969091
88,1555650000,6,12,6,18,16,-0.2925230085250941,-1.262385139824164
88,1555664400,237,243,6,480,16,-0.2925230085250941,-0.1707797081297773
88,1555678800,297,463,166,760,16,0.9975784649701928,0.4907993413819721
88,1555693200,484,559,75,1043,16,0.2638332519197483,1.159466737852776
88,1555707600,482,471,-11,953,16,-0.4295962900839683,0.9468163290811422
88,1555722000,61,176,115,237,16,0.5863586202935701,-0.7449358118131884
88,1555736400,7,20,13,27,16,-0.23608106905967532,-1.2411200989470004
88,1555750800,28,36,8,64,16,-0.276396740106403,-1.1536971531186622
88,1555765200,117,210,93,327,16,0.4089696676879681,-0.5322854030415547
88,1555779600,319,287,-32,606,16,-0.5989221084802246,0.12693086415050994
88,1555794000,315,251,-64,566,16,-0.856942403179282,0.03241957136311717
88,1555808400,64,137,73,201,16,0.24770698350105727,-0.8299959753218419
88,1555822800,7,15,8,22,16,-0.276396740106403,-1.2529340105454245
88,1555837200,23,30,7,53,16,-0.2844598743157486,-1.1796877586351953
88,1555851600,123,206,83,329,16,0.3283383255945127,-0.527559838402185
88,1555866000,226,259,33,485,16,-0.07481838487276446,-0.1589657965313532
88,1555880400,224,224,0,448,16,-0.34090181378116735,-0.24638874235969152
88,1555894800,33,100,67,133,16,0.199328178244984,-0.9906651730604096
88,1555909200,6,12,6,18,16,-0.2925230085250941,-1.262385139824164
88,1555923600,306,415,109,721,16,0.5379798150374968,0.3986508309142642
88,1555938000,251,593,342,844,16,2.4166900858150084,0.689273056235497
88,1555952400,446,459,13,905,16,-0.23608106905967532,0.8334027777362709
88,1555966800,752,489,-263,1241,16,-2.461506110839045,1.6272976371503702
88,1555981200,72,97,25,169,17,-0.17131740476755564,-0.8578187949544845
88,1555995600,5,15,10,20,17,-0.305604206604357,-1.234601591398381
88,1556010000,329,418,89,747,17,0.4016396164027968,0.6037950060157988
88,1556024400,341,592,251,933,17,1.8519370762402514,1.074141315670596
88,1556038800,436,452,16,888,17,-0.25188948586963644,0.9603478536573385
88,1556053200,743,524,-219,1267,17,-2.355716047979524,1.9187416781689948
88,1556067600,65,123,58,188,17,0.12411355927340734,-0.8097726665488869
88,1556082000,5,8,3,13,17,-0.36827138079486427,-1.2523027966004434
88,1556096400,321,447,126,768,17,0.7328803942669069,0.6568986216219855
88,1556110800,293,502,209,795,17,1.4759340310972076,0.72517469882994
88,1556125200,330,475,145,805,17,0.9029770099268553,0.750462134832886
88,1556139600,672,492,-180,1164,17,-2.0065703632038407,1.6582810873386502
88,1556154000,74,138,64,212,17,0.17782828000812786,-0.7490828201418164
88,1556168400,7,11,4,18,17,-0.3593189273390775,-1.2396590785989703
88,1556182800,332,414,82,746,17,0.3389724422122895,0.6012662624155042
88,1556197200,297,557,260,854,17,1.9325091573423323,0.8743705712473219
88,1556211600,398,481,83,879,17,0.3479248956680763,0.937589161254687
88,1556226000,730,525,-205,1255,17,-2.2303816995985097,1.8883967549654597
88,1556240400,76,153,77,229,17,0.2942101749333557,-0.706094178936808
88,1556254800,31,64,33,95,17,-0.09969777712126157,-1.0449458213762854
88,1556266272,132,137,5,269,17,-0.3503664738832908,-0.6049444349250237
88,1556269200,121,304,183,425,17,1.243170241246752,-0.2104604332790649
88,1556283600,356,560,204,916,17,1.431171763818274,1.0311526744655874
88,1556298000,454,459,5,913,17,-0.3503664738832908,1.0235664436647036
88,1556312400,544,534,-10,1078,17,-0.4846532757200921,1.4408091377133139
88,1556326800,74,141,67,215,17,0.20468564037548814,-0.7414965893409325
88,1556341200,6,10,4,16,17,-0.3593189273390775,-1.2447165657995596
88,1556355600,12,49,37,61,17,-0.06388796329811455,-1.1309231037863021
88,1556370000,161,206,45,367,17,0.0077316643481795,-0.35712756209615215
88,1556384400,271,259,-12,530,17,-0.5025581826316656,0.05505764475186891
88,1556398800,231,226,-5,457,17,-0.4398910084411583,-0.12954063806963745
88,1556413200,62,85,23,147,17,-0.18922231167912915,-0.9134511541609659
88,1556427600,5,11,6,16,17,-0.341414020427504,-1.2447165657995596
88,1556442000,17,44,27,61,17,-0.15341249785598213,-1.1309231037863021
88,1556456400,96,178,82,274,17,0.3389724422122895,-0.5923007169235507
88,1556470800,215,182,-33,397,17,-0.6905597052031874,-0.28126525408731395
88,1556485200,137,133,-4,270,17,-0.4309385549853716,-0.6024156913247292
88,1556499600,27,59,32,86,17,-0.10865023057704834,-1.067704513778937
88,1556514000,3,7,4,10,17,-0.3593189273390775,-1.2598890274013272
88,1556526818,269,264,-5,533,17,-0.4398910084411583,0.06264387555275273
88,1556528400,85,360,275,445,17,2.0667959591791334,-0.15988556127317274
88,1556542800,310,534,224,844,17,1.610220832934009,0.8490831352443757
88,1556557200,342,402,60,744,17,0.14201846618498085,0.596208775214915
88,1556571600,723,520,-203,1243,17,-2.212476792686936,1.8580518317619243
88,1556586000,62,91,29,153,18,-0.0669782041563074,-0.7851673244014222
88,1556600400,5,10,5,15,18,-0.2917318132400867,-1.1170739752171797
88,1556614800,349,445,96,794,18,0.5604589545359098,0.7565150174311899
88,1556629200,344,614,270,958,18,2.1899226203933098,1.1509548053571623
88,1556643600,359,434,75,793,18,0.3637995465876029,0.7541098967731047
88,1556658000,677,520,-157,1197,18,-1.8088186745555968,1.7257786426395245
88,1556672400,75,162,87,237,18,0.4761763511294925,-0.5831371891222655
88,1556686800,7,13,6,20,18,-0.2823670795282625,-1.1050483719267536
88,1556701200,361,457,96,818,18,0.5604589545359098,0.8142379132252346
88,1556715600,344,555,211,899,18,1.6374033313956855,1.0090526865301357
88,1556730000,349,395,46,744,18,0.09222226894470292,0.63625898452693
88,1556744400,755,552,-203,1307,18,-2.239596425299507,1.9903419150288963
88,1556758800,85,115,30,200,18,-0.05761347044448326,-0.6721266534714179
88,1556773200,5,12,7,17,18,-0.2730023458164384,-1.112263733901009
88,1556776931,15,6,-9,21,18,-0.4228380852056246,-1.1026432512686684
88,1556777009,0,0,0,0,18,-0.33855548179920736,-1.1531507850884575
88,1556777089,0,0,0,0,18,-0.33855548179920736,-1.1531507850884575
88,1556787600,348,399,51,747,18,0.1390459375038236,0.6434743465011855
88,1556790295,126,183,57,309,18,0.19523433977476842,-0.4099685017401313
88,1556802000,219,560,341,779,18,2.854818713932823,0.7204382075599118
88,1556816400,380,443,63,823,18,0.25142274204571324,0.8262635165156605
88,1556830800,709,563,-146,1272,18,-1.7058066037255313,1.9061626919959145
88,1556845200,79,132,53,211,18,0.15777540492747189,-0.6456703262324808
88,1556859600,6,12,6,18,18,-0.2823670795282625,-1.109858613242924
88,1556874000,314,376,62,690,18,0.2420580083338891,0.5063824689903292
88,1556888400,331,578,247,909,18,1.9745337450213545,1.0331038931109877
88,1556902800,480,498,18,978,18,-0.1699902749863729,1.1990572185188664
88,1556917200,609,523,-86,1132,18,-1.1439225810160831,1.5694457998639868
88,1556931600,72,122,50,194,18,0.12968120379199946,-0.6865573774199291
88,1556946000,7,8,1,15,18,-0.32919074808738324,-1.1170739752171797
88,1556960400,35,40,5,75,18,-0.2917318132400867,-0.9727667357320676
88,1556974800,87,190,103,277,18,0.6260120905186788,-0.48693236279885765
88,1556989200,270,246,-24,516,18,-0.5633090908829866,0.08789147448350473
88,1557003600,223,217,-6,440,18,-0.39474388407015215,-0.09489769553097033
88,1557018000,58,49,-9,107,18,-0.4228380852056246,-0.8958028746733413
88,1557032400,7,11,4,18,18,-0.3010965469519108,-1.109858613242924
88,1557046800,8,33,25,41,18,-0.10443713900360395,-1.0545408381069643
88,1557061200,63,131,68,194,18,0.2982464106048339,-0.6865573774199291
88,1557075600,151,201,50,352,18,0.12968120379199946,-0.30654831344246775
88,1557090000,133,112,-21,245,18,-0.5352148897475142,-0.563896223857584
88,1557104400,19,35,16,54,18,-0.18871974241002118,-1.0232742695518569
88,1557118800,3,8,5,11,18,-0.2917318132400867,-1.1266944578495204
88,1557133200,344,444,100,788,18,0.5979178893832063,0.7420842934826787
88,1557147600,288,537,249,825,18,1.9932632124450027,0.831073757831831
88,1557162000,371,383,12,754,18,-0.22617867725731772,0.6603101911077819
88,1557176400,664,444,-220,1108,18,-2.3987968984005175,1.511722904069942
88,1557190800,58,92,34,150,19,-0.06943575906665816,-0.7583841622794737
88,1557205200,4,16,12,20,19,-0.2827858567575074,-1.0778590200122395
88,1557219600,365,421,56,786,19,0.14391433862419103,0.8045851417054427
88,1557234000,298,555,257,853,19,2.093158412981495,0.969237568383099
88,1557248400,369,458,89,827,19,0.46393948516046485,0.9053425968365458
88,1557262800,676,485,-191,1161,19,-2.2514253945412523,1.7261472313191906
88,1557277200,68,117,49,185,19,0.07603021663164812,-0.6723717005821905
88,1557291600,6,8,2,14,19,-0.3797631738897116,-1.0926040134460595
88,1557306000,352,455,103,807,19,0.5997077291455507,0.8561926187238127
88,1557320400,320,552,232,872,19,1.8507151201509848,1.0159300475901956
88,1557334800,344,447,103,791,19,0.5997077291455507,0.816872636233626
88,1557349200,687,480,-207,1167,19,-2.406589101952779,1.7408922247530105
88,1557363600,77,128,51,205,19,0.09542568005808895,-0.6232217224694573
88,1557378000,6,10,4,16,19,-0.3603677104632707,-1.0876890156347863
88,1557392400,354,446,92,800,19,0.49303268030012615,0.838990126384356
88,1557406800,340,550,210,890,19,1.6373650224601355,1.0601650278916555
88,1557421200,388,455,67,843,19,0.2505893874696157,0.9446625793267325
88,1557435600,680,577,-103,1257,19,-1.3980250037778554,1.9620671262603102
88,1557450000,71,125,54,196,19,0.1245188751977502,-0.6453392126201872
88,1557464400,6,11,5,17,19,-0.3506699787500503,-1.0852315167291495
88,1557478800,420,399,-21,819,19,-0.6028110032937812,0.8856826055914526
88,1557493200,321,610,289,931,19,2.403485827804549,1.1609224830227587
88,1557507600,442,444,2,886,19,-0.3797631738897116,1.050335032269109
88,1557522000,627,508,-119,1135,19,-1.5531887111893823,1.6622522597726375
88,1557536400,70,167,97,237,19,0.5415213388662282,-0.5445817574890841
88,1557550800,5,9,4,14,19,-0.3603677104632707,-1.0926040134460595
88,1557565200,12,43,31,55,19,-0.09852895420631942,-0.9918465583149565
88,1557579600,111,192,81,303,19,0.38635763145470153,-0.3823868297170645
88,1557594000,241,300,59,541,19,0.1730075337638523,0.2024979098244608
88,1557608400,251,239,-12,490,19,-0.5155314178747974,0.0771654656369911
88,1557622800,44,59,15,103,19,-0.25369266161784615,-0.8738866108443967
88,1557637200,6,13,7,19,19,-0.33127451532360946,-1.0803165189178763
88,1557651600,19,34,15,53,19,-0.25369266161784615,-0.9967615561262297
88,1557666000,90,166,76,256,19,0.3378689728885994,-0.4978892782819876
88,1557680400,178,279,101,457,19,0.5803122657191099,-0.0039319982490187136
88,1557694800,124,129,5,253,19,-0.3506699787500503,-0.5052617749988976
88,1557709200,28,53,25,81,19,-0.15671534448564192,-0.9279515867684033
88,1557723600,5,6,1,11,19,-0.389460905602932,-1.0999765101629695
88,1557735898,202,270,68,472,19,0.2602871191828361,0.0329304853355312
88,1557735980,10,29,19,39,19,-0.21490173476496444,-1.031166540805143
88,1557736059,38,81,43,119,19,0.017843826352325603,-0.8345666283542101
88,1557736142,1,1,0,2,19,-0.3991586373161524,-1.1220940003136994
88,1557736224,66,190,124,256,19,0.8033600951231795,-0.4978892782819876
88,1557736302,1,0,-1,1,19,-0.40885636902937283,-1.1245514992193362
88,1557736385,34,250,216,284,19,1.695551412739458,-0.4290793089241611
88,1557736465,1,9,8,10,19,-0.32157678361038905,-1.1024340090686062
88,1557738000,116,195,79,311,19,0.3669621680282607,-0.36272683847197124
88,1557752400,336,510,174,846,19,1.2882466807842006,0.9520350760436425
88,1557766800,392,403,11,795,19,-0.2924835884707278,0.8267026318561728
88,1557781200,776,518,-258,1294,19,-2.90117341932702,2.0529945857688667
88,1557795600,65,86,21,151,20,-0.2801162295966629,-0.5253009779908855
88,1557810000,6,12,6,18,20,-0.44664138619203686,-0.8690219815575418
88,1557824400,332,482,150,814,20,1.1520001171235532,1.1881353029466575
88,1557838800,296,586,290,882,20,2.70623491201371,1.36387235740179
88,1557853200,373,391,18,764,20,-0.3134212609157377,1.0589168805531775
88,1557867600,797,603,-194,1400,20,-2.6669768074636893,2.702575213398241
88,1557882000,63,104,41,167,20,-0.058082687469497594,-0.4839510828249719
88,1557896400,7,14,7,21,20,-0.4355397090856786,-0.8612688762139331
88,1557909070,256,303,47,559,20,0.008527375168651988,0.5291213487399101
88,1557909153,6,9,3,15,20,-0.4799464175111116,-0.8767750869011507
88,1557909237,49,96,47,145,20,0.008527375168651988,-0.5408071886781031
88,1557909317,1,0,-1,1,20,-0.5243531259365447,-0.912956245171325
88,1557909400,67,220,153,287,20,1.185305148442628,-0.17382686908062026
88,1557909480,1,0,-1,1,20,-0.5243531259365447,-0.912956245171325
88,1557909568,3,0,-3,3,20,-0.5465564801492612,-0.9077875082755859
88,1557909654,32,244,212,276,20,1.8403040977177656,-0.2022549220071858
88,1557909734,1,7,6,8,20,-0.44664138619203686,-0.8948656660362379
88,1557910800,93,164,71,257,20,0.27496762572125033,-0.2513579225167082
88,1557925200,310,547,237,857,20,2.117846025376722,1.2992631462050501
88,1557939600,371,436,65,807,20,0.20835756308310074,1.1700447238115703
88,1557954000,706,591,-115,1297,20,-1.7899443160613866,2.4363852632676726
88,1557968400,99,159,60,258,20,0.15284917755130942,-0.24877355406883855
88,1557982800,8,12,4,20,20,-0.4688447404047534,-0.8638532446618027
88,1557995128,218,283,65,501,20,0.20835756308310074,0.3792279787634735
88,1557995209,1,1,0,2,20,-0.5132514488301864,-0.9103718767234554
88,1557995293,48,102,54,150,20,0.08623911491315983,-0.5278853464387551
88,1557995374,2,11,9,13,20,-0.41333635487296205,-0.8819438237968898
88,1557995457,62,196,134,258,20,0.974373283421821,-0.24877355406883855
88,1557995538,2,0,-2,2,20,-0.5354548030429029,-0.9103718767234554
88,1557995624,24,202,178,226,20,1.4628470761015848,-0.33147334440066567
88,1557995702,1,4,3,5,20,-0.4799464175111116,-0.9026187713798466
88,1557997200,109,163,54,272,20,0.08623911491315983,-0.2125923957986642
88,1558011600,292,592,300,884,20,2.817251683077293,1.3690410942975293
88,1558026000,403,433,30,836,20,-0.1802011356394385,1.2449914087997886
88,1558040400,709,610,-99,1319,20,-1.6123174823596544,2.493241369120804
88,1558054800,129,140,11,269,20,-0.39113300066024553,-0.220345501142273
88,1558069200,8,16,8,24,20,-0.4244380319793203,-0.8535157708703243
88,1558081001,168,228,60,396,20,0.15284917755130942,0.10786929173716583
88,1558083307,100,123,23,223,20,-0.25791287538394636,-0.33922644974427446
88,1558083387,14,8,-6,22,20,-0.579861511468336,-0.8586845077660634
88,1558083469,75,136,61,211,20,0.16395085465766768,-0.3702388711187096
88,1558083549,1,3,2,4,20,-0.4910480946174699,-0.9052031398277163
88,1558083600,94,312,218,406,20,1.9069141603559152,0.1337129762158618
88,1558083632,0,0,0,0,20,-0.5132514488301864,-0.9155406136191946
88,1558083713,1,0,-1,1,20,-0.5243531259365447,-0.912956245171325
88,1558083793,2,0,-2,2,20,-0.5354548030429029,-0.9103718767234554
88,1558083877,2,20,18,22,20,-0.3134212609157377,-0.8586845077660634
88,1558083957,0,2,2,2,20,-0.4910480946174699,-0.9103718767234554
88,1558098000,287,560,273,847,20,2.51750640120562,1.2734194617263541
88,1558112400,442,514,72,956,20,0.28606930282760856,1.5551156225441403
88,1558126800,589,493,-96,1082,20,-1.5790124510405796,1.8807460469757094
88,1558141200,72,161,89,233,20,0.47479781363569906,-0.3133827652655785
88,1558155600,7,11,4,18,20,-0.4688447404047534,-0.8690219815575418
88,1558170000,11,49,38,60,20,-0.09138771878857238,-0.7604785067470188
88,1558184400,146,212,66,358,20,0.219459240189459,0.00966329071812114
88,1558198800,224,292,68,516,20,0.24166259440217552,0.4179935054815175
88,1558213200,224,235,11,459,20,-0.39113300066024553,0.27068450395295046
88,1558227600,55,86,31,141,20,-0.16909945853308023,-0.5511446624695814
88,1558242000,8,10,2,18,20,-0.4910480946174699,-0.8690219815575418
88,1558256400,10,35,25,45,20,-0.2357095211712298,-0.7992440334650628
88,1558270800,73,147,74,220,20,0.30827265704032514,-0.34697955508788325
88,1558285200,200,241,41,441,20,-0.058082687469497594,0.2241658718912977
88,1558299600,201,189,-12,390,20,-0.6464715741064856,0.09236308104994825
88,1558314000,31,40,9,71,20,-0.41333635487296205,-0.7320504538204532
88,1558328400,3,11,8,14,20,-0.4244380319793203,-0.8793594553490203
88,1558342800,315,427,112,742,20,0.7301363870819392,1.0020607747000465
88,1558357200,318,532,214,850,20,1.8625074519304823,1.281172567069963
88,1558371600,370,402,32,772,20,-0.15799778142672197,1.0795918281361343
88,1558386000,634,519,-115,1153,20,-1.7899443160613866,2.0642362067744506
88,1558400400,51,91,40,142,21,-0.1744755803613913,-0.7131606363798331
88,1558414800,9,11,2,20,21,-0.5888550837196956,-1.0483326581004322
88,1558428365,291,410,119,701,21,0.6869975976729782,0.8225865778973378
88,1558428446,4,1,-3,5,21,-0.6433787025826304,-1.0895423329021452
88,1558428529,62,146,84,208,21,0.30533226563243476,-0.5318380672522959
88,1558428609,2,0,-2,2,21,-0.6324739788100434,-1.0977842678624876
88,1558428692,94,334,240,428,21,2.006469174156,0.07257049650616132
88,1558428772,1,10,9,11,21,-0.5125220173115869,-1.07305846298146
88,1558428853,1,20,19,21,21,-0.40347477958571737,-1.0455853464469846
88,1558428935,29,351,322,380,21,2.9006565235081303,-0.05930046285932026
88,1558429015,0,5,5,5,21,-0.5561409124019348,-1.0895423329021452
88,1558429200,45,74,29,119,21,-0.2944275418598478,-0.7763488044091263
88,1558443600,299,549,250,848,21,2.1155164118818695,1.2264413909541252
88,1558458000,412,442,30,854,21,-0.2835228180872608,1.2429252608748105
88,1558472400,679,554,-125,1233,21,-1.973755002838239,2.2841563775314255
88,1558486800,69,118,49,187,21,-0.07633306640810869,-0.5895316119746942
88,1558501200,7,11,4,18,21,-0.5670456361745216,-1.0538272814073273
88,1558515600,325,401,76,726,21,0.2180944754517391,0.8912693692335262
88,1558530000,277,519,242,796,21,2.028278621701174,1.0835811849748536
88,1558544400,370,468,98,838,21,0.45799839844865214,1.19896827441965
88,1558558800,653,467,-186,1120,21,-2.638943152966043,1.9737101606918541
88,1558573200,76,115,39,191,21,-0.18538030413397824,-0.578542365360904
88,1558587600,6,10,4,16,21,-0.5670456361745216,-1.0593219047142222
88,1558602000,328,448,120,776,21,0.6979023214455652,1.0286349519059028
88,1558616400,340,560,220,900,21,1.7883746987042608,1.3693015969333968
88,1558630800,396,493,97,889,21,0.4470936746760652,1.339081168745474
88,1558645200,632,481,-151,1113,21,-2.2572778209255,1.9544789791177215
88,1558659600,64,130,66,194,21,0.10904723772586955,-0.5703004304005614
88,1558674000,8,16,8,24,21,-0.5234267410841739,-1.037343411486642
88,1558687182,35,86,51,121,21,-0.054523618862934775,-0.7708541811022313
88,1558688400,266,359,93,625,21,0.40347477958571737,0.6137908922353253
88,1558688971,11,14,3,25,21,-0.5779503599471086,-1.0345960998331944
88,1558702800,273,444,171,717,21,1.2540432338474998,0.8665435643524984
88,1558717200,477,579,102,1056,21,0.501617293539,1.7978822148712121
88,1558731600,458,413,-45,871,21,-1.1013771010312825,1.2896295589834184
88,1558746000,76,150,74,226,21,0.1962850279065652,-0.48238645749024034
88,1558760400,8,33,25,41,21,-0.33804643695019565,-0.9906391133780339
88,1558774800,27,41,14,68,21,-0.45799839844865214,-0.9164616987349505
88,1558789200,149,225,76,374,21,0.2180944754517391,-0.07578433278000546
88,1558803600,223,371,148,594,21,1.003234587078,0.5286242309784518
88,1558818000,249,305,56,554,21,0.0,0.41873176484055047
88,1558832400,69,111,42,180,21,-0.15266613281621738,-0.6087627935488269
88,1558846800,6,17,11,23,21,-0.490712569766413,-1.0400907231400895
88,1558861200,19,32,13,51,21,-0.4689031222212391,-0.9631659968435586
88,1558875600,110,221,111,331,21,0.5997598074922825,-0.19391873387824937
88,1558890000,265,329,64,594,21,0.08723779018069565,0.5286242309784518
88,1558904400,245,266,21,511,21,-0.3816653320405434,0.30059736374230656
88,1558918800,54,98,44,152,21,-0.13085668527104347,-0.6856875198453578
88,1558933200,5,12,7,17,21,-0.5343314648567609,-1.0565745930607748
88,1558947600,36,39,3,75,21,-0.5779503599471086,-0.8972305171608178
88,1558962000,94,232,138,326,21,0.8941873493521304,-0.20765529214548703
88,1558976400,228,297,69,525,21,0.1417614090436304,0.339059726890572
88,1558990800,245,217,-28,462,21,-0.9159967968973043,0.16597909272337744
88,1559005200,43,92,49,135,22,0.0279878147094488,-0.7708182099273604
88,1559019600,5,10,5,15,22,-0.33333990094068067,-1.0614132650259613
88,1559034000,334,468,134,802,22,0.726007265397199,0.8444059713290301
88,1559048400,288,527,239,815,22,1.5882665868350079,0.8758871022980451
88,1559062800,361,407,46,768,22,0.003351834096939973,0.7620707057177597
88,1559077200,603,492,-111,1095,22,-1.285931151291022,1.5539422308614474
88,1559091600,57,88,31,145,22,-0.11982806896560418,-0.7466019553358103
88,1559106000,5,10,5,15,22,-0.33333990094068067,-1.0614132650259613
88,1559120400,339,444,105,783,22,0.4878594528096136,0.7983950876050848
88,1559134800,306,546,240,852,22,1.5964785803725108,0.9654872442867805
88,1559149200,407,467,60,874,22,0.11831974362198118,1.0187630043881906
88,1559163600,789,567,-222,1356,22,-2.1974624339538487,2.1859864757009047
88,1559178000,56,89,33,145,22,-0.10340408189059828,-0.7466019553358103
88,1559192400,5,8,3,13,22,-0.3497638880156866,-1.0662565159442714
88,1559206800,324,394,70,718,22,0.2004396789970106,0.6409894327600093
88,1559221200,329,592,263,921,22,1.7853544317350785,1.132579400968476
88,1559235600,374,458,84,832,22,0.3154075885220518,0.9170547351036803
88,1559250000,824,511,-313,1335,22,-2.9447538458666163,2.1351323410586494
88,1559264400,59,132,73,191,22,0.22507565960951945,-0.6352071842146799
88,1559278800,9,10,1,19,22,-0.36618787509069245,-1.0517267631893414
88,1559293200,285,356,71,641,22,0.20865167253451355,0.4545242724050737
88,1559307600,309,586,277,895,22,1.9003223412601198,1.0696171390304459
88,1559322000,432,488,56,920,22,0.0854717694719694,1.130157775509321
88,1559336400,543,554,11,1097,22,-0.284067939715663,1.5587854817797575
88,1559350800,84,142,58,226,22,0.10189575654697529,-0.5504502931442546
88,1559365200,8,10,2,18,22,-0.35797588155318955,-1.0541483886484964
88,1559379600,16,41,25,57,22,-0.16910003019062184,-0.9597049957414511
88,1559394000,80,161,81,241,22,0.290771607909543,-0.5141259112569295
88,1559408400,213,187,-26,400,22,-0.587911700603272,-0.12908746325128326
88,1559422800,222,526,304,748,22,2.1220461667726993,0.7136381965346595
88,1559437200,41,54,13,95,22,-0.26764395264065716,-0.8676832282935607
88,1559451600,6,10,4,16,22,-0.3415518944781836,-1.0589916395668064
88,1559466000,14,24,10,38,22,-0.292279933253166,-1.0057158794653962
88,1559480400,85,116,31,201,22,-0.11982806896560418,-0.6109909296231298
88,1559494800,189,281,92,470,22,0.3811035368220754,0.04042631888956731
88,1559509200,162,155,-7,317,22,-0.431883823390716,-0.33008237636114895
88,1559523600,31,48,17,79,22,-0.23479597849064537,-0.9064292356400409
88,1559538000,4,7,3,11,22,-0.3497638880156866,-1.0710997668625815
88,1559548450,140,168,28,308,22,-0.144464049578113,-0.351877005493544
88,1559548528,3,2,-1,5,22,-0.38261186216569837,-1.0856295196175114
88,1559548610,20,80,60,100,22,0.11831974362198118,-0.8555751009977857
88,1559548691,0,0,0,0,22,-0.3743998686281954,-1.0977376469132865
88,1559548773,47,77,30,124,22,-0.12804006250310712,-0.7974560899780655
88,1559548854,2,1,-1,3,22,-0.38261186216569837,-1.0904727705358215
88,1559548943,16,112,96,128,22,0.4139515109720871,-0.7877695881414455
88,1559552400,169,295,126,464,22,0.6603113170971754,0.025896566134637262
88,1559566800,260,611,351,871,22,2.508009863035338,1.0114981280107256
88,1559581200,402,406,4,808,22,-0.3415518944781836,0.85893572408396
88,1559595600,689,413,-276,1102,22,-2.6409100849790077,1.5708936090755325
88,1559610000,66,92,26,158,23,-0.1011182022717614,-0.837353452085076
88,1559624400,7,11,4,18,23,-0.2684385779966589,-1.1738901040615926
88,1559638800,307,474,167,781,23,0.9712532966923542,0.6602346492104225
88,1559653200,312,557,245,869,23,1.564480083353354,0.8717719733099473
88,1559667600,353,429,76,782,23,0.2791553789211874,0.6626384824388263
88,1559682000,721,509,-212,1230,23,-1.9112204487501976,1.7395557687636793
88,1559696400,69,96,27,165,23,-0.09351273064790241,-0.8205266194862503
88,1559710800,5,7,2,12,23,-0.2836495212443768,-1.1883131034320147
88,1559725200,311,475,164,786,23,0.9484368818207772,0.672253815352441
88,1559739600,321,633,312,954,23,2.0740466821519057,1.076097797724261
88,1559754000,379,411,32,790,23,-0.05548537252860754,0.6818691482660557
88,1559768400,667,519,-148,1186,23,-1.4244702648232233,1.633787106713917
88,1559782800,76,106,30,182,23,-0.07069631577632549,-0.7796614546033875
88,1559797200,4,10,6,14,23,-0.2532276347489409,-1.1835054369752074
88,1559811600,317,454,137,771,23,0.7430891479765849,0.6361963169263857
88,1559826000,326,591,265,917,23,1.7165895158305338,0.9871559682733243
88,1559840400,411,413,2,824,23,-0.2836495212443768,0.7635994780317812
88,1559854800,720,482,-238,1202,23,-2.108962710970531,1.672248438368376
88,1559869200,85,120,35,205,23,-0.03266895765703061,-0.7243732903501027
88,1559883600,5,12,7,17,23,-0.24562216312508192,-1.1762939372899963
88,1559898000,266,393,127,659,23,0.6670344317379951,0.3669669953451724
88,1559912400,309,590,281,899,23,1.8382770618122772,0.9438869701620579
88,1559926800,522,566,44,1088,23,0.03578028695770017,1.3982114503303553
88,1559941200,641,540,-101,1181,23,-1.0670130985018513,1.6217679405718985
88,1559943286,27,4,-23,31,23,-0.4737863118408512,-1.1426402720923448
88,1559943365,1,0,-1,1,23,-0.30646593611595374,-1.2147552689444554
88,1559955600,68,170,102,238,23,0.4768976411415208,-0.645046793812781
88,1559970000,8,9,1,17,23,-0.2912549928682358,-1.1762939372899963
88,1559984400,12,51,39,63,23,-0.002247071161594707,-1.0657176087834266
88,1559998800,115,212,97,327,23,0.43887028302222586,-0.43110563648485256
88,1560013200,224,280,56,504,23,0.12704594644400788,-0.0056271550573994845
88,1560027600,256,218,-38,474,23,-0.5878683861987358,-0.07774215190951017
88,1560042000,48,68,20,116,23,-0.14675103201491524,-0.9383144476780311
88,1560056400,5,10,5,15,23,-0.2608331063727999,-1.1811016037468036
88,1560070800,17,37,20,54,23,-0.14675103201491524,-1.0873521078390598
88,1560085200,71,152,81,223,23,0.3171827370404823,-0.6811042922388363
88,1560099600,198,248,50,446,23,0.08141311670085402,-0.1450494823048135
88,1560114000,220,158,-62,378,23,-0.7703997051713513,-0.30851014183626435
88,1560128400,37,85,48,122,23,0.06620217345313607,-0.9238914483076089
88,1560142800,5,7,2,12,23,-0.2836495212443768,-1.1883131034320147
88,1560157200,311,443,132,754,23,0.7050617898572901,0.5953311520435229
88,1560171600,310,599,289,909,23,1.8991208348031492,0.9679253024460948
88,1560186000,391,390,-1,781,23,-0.30646593611595374,0.6602346492104225
88,1560200400,751,373,-378,1124,23,-3.1737287383107877,1.4847494465528883
88,1560214800,420,521,101,941,24,0.32850757054419577,0.5737202714270253
88,1560229200,5,10,5,15,24,-0.36270835871044077,-1.6227240545323562
88,1560243600,326,452,126,778,24,0.5085117187875907,0.1870891427754279
88,1560258000,314,630,316,944,24,1.8765432454373923,0.5808361817703063
88,1560272400,432,471,39,903,24,-0.11790271709942368,0.48358540707880016
88,1560286800,706,521,-185,1227,24,-1.7307398853602423,1.252103724153141
88,1560301200,65,118,53,183,24,-0.01710039408312252,-1.2242330753086241
88,1560315600,6,9,3,15,24,-0.3771086905699124,-1.6227240545323562
88,1560330000,319,450,131,769,24,0.5445125484362697,0.1657414117455851
88,1560344400,331,626,295,957,24,1.7253397609129404,0.6116717932578569
88,1560358800,421,430,9,851,24,-0.3339076949914976,0.36024296112859727
88,1560373200,696,539,-157,1235,24,-1.52913523932764,1.271079485068557
88,1560387600,92,84,-8,176,24,-0.45631051579700616,-1.240836866109613
88,1560402000,6,13,7,19,24,-0.3483080268509692,-1.6132361740746484
88,1560416400,328,470,142,798,24,0.6237143736633635,0.23452854506396745
88,1560430800,376,656,280,1032,24,1.6173372719669035,0.7895695518398803
88,1560445200,412,432,20,844,24,-0.25470586976440385,0.34363917032760843
88,1560459600,697,592,-105,1289,24,-1.1547266109813785,1.3991658712476136
88,1560474000,74,99,25,173,24,-0.21870504011572484,-1.2479527764528937
88,1560488400,5,19,14,24,24,-0.2979068653428186,-1.6013763235025136
88,1560502800,287,382,95,669,24,0.285306574965781,-0.07145559969711271
88,1560517200,256,556,300,812,24,1.7613405905616195,0.26773612666594515
88,1560531600,538,543,5,1081,24,-0.36270835871044077,0.9057960874468022
88,1560546000,613,431,-182,1044,24,-1.709139387571035,0.818033193213004
88,1561165200,9331,8434,-897,17765,25,-3.8230890690172474,4.107852562872757
88,1561179600,8,12,4,20,25,0.07278642713868842,-0.33263703249207716
88,1561194000,11,43,32,54,25,0.19385691980502162,-0.32412890928878585
88,1561208400,99,212,113,311,25,0.5440965593040569,-0.2598175074286133
88,1561222800,257,343,86,600,25,0.42735001280437845,-0.18749846020063715
88,1561237200,287,221,-66,508,25,-0.22988980452714458,-0.21052044063307246
88,1561251600,79,77,-2,156,25,0.04684275013875987,-0.29860453967891193
88,1561266000,4,11,7,15,25,0.08575826563865269,-0.3338882270807965
88,1561280400,10,31,21,41,25,0.14629351197181928,-0.3273820152194561
88,1561294800,60,194,134,254,25,0.6348994288038069,-0.2740811257400134
88,1561309200,197,286,89,483,25,0.4403218513043427,-0.21677641357666902
88,1561323600,195,168,-27,363,25,-0.061255904027609054,-0.2468050837059325
88,1561338000,32,58,26,90,25,0.16791324280509307,-0.3151203082500068
88,1561352400,5,10,5,15,25,0.07711037330534318,-0.3338882270807965
88,1561366800,295,426,131,721,25,0.6219275903038426,-0.15721955115362984
88,1561381200,316,585,269,901,25,1.2186321613021989,-0.11217654595973466
88,1561395600,381,358,-23,739,25,-0.04396011936099003,-0.15271525063424032
88,1561410000,692,559,-133,1251,25,-0.5195941976930133,-0.02459292474938291
88,1561424400,57,94,37,151,26,-0.1513677097779853,-0.9480893900289601
88,1561438800,7,11,4,18,26,-0.42052908844335013,-1.265878818089892
88,1561453200,307,378,71,685,26,0.12595007430148147,0.3278471106066617
88,1561467600,399,664,265,1063,26,1.7082927246372626,1.2310381166745739
88,1561482000,384,387,3,771,26,-0.4286854938574521,0.5333350114580915
88,1561496400,756,533,-223,1289,26,-2.272033117444496,1.7710412049585635
88,1561510800,61,124,63,185,26,0.06069883098866577,-0.866849987366767
88,1561525200,6,21,15,27,26,-0.3308086288882285,-1.2443742703263705
88,1561539600,277,432,155,709,26,0.8110881290860464,0.3851925713093863
88,1561554000,313,563,250,876,26,1.5859466434257332,0.7842214020325114
88,1561568400,428,467,39,895,26,-0.13505489894978137,0.8296198917555018
88,1561582800,729,525,-204,1254,26,-2.1170614145765585,1.6874124081004236
88,1561597200,66,136,70,202,26,0.11779366888737952,-0.8262302860356704
88,1561611600,10,16,6,26,26,-0.40421627761514617,-1.2467636645223172
88,1561626000,301,431,130,732,26,0.6071779937334973,0.440148637816164
88,1561640400,339,701,362,1040,26,2.499464049805153,1.176082050167796
88,1561654800,575,463,-112,1038,26,-1.3666721164791777,1.1713032617759023
88,1561669200,784,628,-156,1412,26,-1.7255539546996643,2.064936691060027
88,1561683600,78,162,84,240,26,0.23198334468480702,-0.7354333065896898
88,1561698000,7,17,10,24,26,-0.3715906559587383,-1.251542452914211
88,1561708432,98,142,44,240,26,-0.09427287187927155,-0.7354333065896898
88,1561712400,165,348,183,513,26,1.0394674806809014,-0.08312869109619775
88,1561726800,329,559,230,888,26,1.422818535143694,0.8128941323838738
88,1561741200,468,553,85,1021,26,0.24013975009890898,1.1306835604448058
88,1561755600,595,470,-125,1065,26,-1.4727053868625033,1.2358169050664676
88,1561770000,84,185,101,269,26,0.3706422367245404,-0.666140874907231
88,1561784400,10,12,2,22,26,-0.43684189927155403,-1.2563212413061047
88,1561798800,31,45,14,76,26,-0.3389650343023305,-1.1272939547249743
88,1561813200,128,194,66,322,26,0.08516804723097167,-0.5395029825220475
88,1561827600,216,365,149,581,26,0.7621496966014347,0.07935011422818854
88,1561842000,194,224,30,418,26,-0.20846254767669906,-0.3101211397111492
88,1561856400,62,103,41,165,26,-0.11874208812157744,-0.9146378712857041
88,1561870800,8,18,10,26,26,-0.3715906559587383,-1.2467636645223172
88,1561885200,28,55,27,83,26,-0.23293176391900494,-1.1105681953533464
88,1561899600,146,194,48,340,26,-0.06164725022286369,-0.4964938869950041
88,1561914000,221,375,154,596,26,0.8029317236719445,0.11519102716739141
88,1561928400,210,345,135,555,26,0.6479600208040072,0.017225865133570252
88,1561942800,64,132,68,196,26,0.10148085805917559,-0.8405666512113515
88,1561957200,6,11,5,17,26,-0.4123726830292481,-1.268268212285839
88,1561971600,283,431,148,714,26,0.7539932911873327,0.3971395422891206
88,1561986000,274,500,226,774,26,1.3901929134872861,0.5405031940459321
88,1562000400,372,455,83,827,26,0.22382693927070504,0.6671410864311155
88,1562014800,707,503,-204,1210,26,-2.1170614145765585,1.5822790634787618
88,1562029200,71,85,14,156,27,-0.1610120637190539,-0.45466778068424163
88,1562043600,6,9,3,15,27,-0.27571399101605615,-0.8462734832714236
88,1562058000,278,443,165,721,27,1.4135325746307037,1.114532375072906
88,1562072400,344,574,230,918,27,2.091316690476626,1.6616694205315925
88,1562086800,387,486,99,873,27,0.7253210108486905,1.5366888771527047
88,1562101200,719,529,-190,1248,27,-2.2882114426816402,2.5781934053101034
88,1562115600,61,79,18,140,27,-0.11930227197468947,-0.49910530721895735
88,1562130000,10,13,3,23,27,-0.27571399101605615,-0.8240547200040658
88,1562144400,269,377,108,646,27,0.8191680422735105,0.9062314694414261
88,1562158800,270,512,242,782,27,2.2164460657097194,1.2839504449865093
88,1562173200,560,607,47,1167,27,0.18309371817195272,2.3532284272281054
88,1562187600,480,492,12,972,27,-0.18186695959123614,1.811646072586258
88,1562202000,111,186,75,297,27,0.4750622603825039,-0.0630620780970597
88,1562216400,5,17,12,22,27,-0.18186695959123614,-0.8268320654124854
88,1562230108,33,33,0,66,27,-0.3069963348243295,-0.7046288674420174
88,1562230190,1,0,-1,1,27,-0.31742378276042055,-0.8851563189892998
88,1562230274,7,16,9,23,27,-0.21314930339950947,-0.8240547200040658
88,1562230353,1,0,-1,1,27,-0.31742378276042055,-0.8851563189892998
88,1562230435,16,22,6,38,27,-0.2444316472077828,-0.7823945388777698
88,1562230516,0,0,0,0,27,-0.3069963348243295,-0.8879336643977196
88,1562230596,0,0,0,0,27,-0.3069963348243295,-0.8879336643977196
88,1562230800,4,36,32,40,27,0.026681999130586075,-0.7768398480609303
88,1562245200,112,253,141,365,27,1.163273824164517,0.12579740967548195
88,1562259600,257,372,115,629,27,0.8921601778261482,0.8590165974982907
88,1562274000,176,435,259,611,27,2.3937126806232683,0.8090243801467355
88,1562288400,227,112,-115,339,27,-1.5061528474748072,0.053586429056568956
88,1562302800,12,21,9,33,27,-0.21314930339950947,-0.7962812659198685
88,1562315325,116,127,11,243,27,-0.19229440752732724,-0.21303873015172514
88,1562315404,3,0,-3,3,27,-0.33827867863260275,-0.8796016281724603
88,1562315488,14,73,59,87,27,0.30822309340504606,-0.646304613865203
88,1562315566,0,1,1,1,27,-0.29656888688823835,-0.8851563189892998
88,1562315647,0,0,0,0,27,-0.3069963348243295,-0.8879336643977196
88,1562315732,45,106,61,151,27,0.32907798927722826,-0.46855450772634033
88,1562315812,3,2,-1,5,27,-0.31742378276042055,-0.8740469373556209
88,1562315892,2,2,0,4,27,-0.3069963348243295,-0.8768242827640407
88,1562315975,13,116,103,129,27,0.7670308025930549,-0.5296561067115744
88,1562316056,1,5,4,6,27,-0.265286543079965,-0.8712695919472012
88,1562316136,2,1,-1,3,27,-0.31742378276042055,-0.8796016281724603
88,1562317200,44,66,22,110,27,-0.07759248023032503,-0.5824256694715493
88,1562331600,231,323,92,554,27,0.6523288752960528,0.6507156918668109
88,1562346000,419,446,27,865,27,-0.025455240549869477,1.514470113885347
88,1562360400,421,435,14,856,27,-0.1610120637190539,1.4894740052095692
88,1562374800,104,127,23,231,27,-0.06716503229423391,-0.2463668750527619
88,1562389200,6,16,10,22,27,-0.20272185546341834,-0.8268320654124854
88,1562403600,39,46,7,85,27,-0.2340041992716917,-0.6518593046820425
88,1562418000,147,255,108,402,27,0.8191680422735105,0.22855918978701195
88,1562432400,328,328,0,656,27,-0.3069963348243295,0.9340049235256234
88,1562446800,366,263,-103,629,27,-1.3810234722417138,0.8590165974982907
88,1562461200,127,115,-12,242,27,-0.43212571005742273,-0.21581607556014487
88,1562475600,17,11,-6,28,27,-0.3695610224408761,-0.8101679929619671
88,1562490000,20,49,29,69,27,-0.004600344677687256,-0.6962968312167582
88,1562504400,90,217,127,307,27,1.0172895530592416,-0.03528862401286241
88,1562518800,378,251,-127,629,27,-1.6312822227079005,0.8590165974982907
88,1562533200,351,231,-120,582,27,-1.5582900871552627,0.7284813633025634
88,1562547600,44,113,69,157,27,0.41249757276595717,-0.4518904352758219
88,1562562000,5,10,5,15,27,-0.2548590951438739,-0.8462734832714236
88,1562574499,265,264,-1,529,27,-0.31742378276042055,0.5812820566563177
88,1562574580,6,5,-1,11,27,-0.31742378276042055,-0.8573828649051025
88,1562574665,47,90,43,137,27,0.1413839264275883,-0.5074373434442165
88,1562574743,1,0,-1,1,27,-0.31742378276042055,-0.8851563189892998
88,1562574826,71,281,210,352,27,1.8827677317548037,0.08969191936602545
88,1562574908,1,1,0,2,27,-0.3069963348243295,-0.8823789735808801
88,1562574989,32,234,202,266,27,1.799348148266075,-0.14915978575807134
88,1562575069,2,0,-2,2,27,-0.3278512306965117,-0.8823789735808801
88,1562576400,109,176,67,285,27,0.39164267689377497,-0.09639022299809646
88,1562590800,309,499,190,808,27,1.6742187730329816,1.3561614256054224
88,1562605200,404,373,-31,777,27,-0.6302472208431539,1.2700637179444108
88,1562619600,869,504,-365,1373,27,-4.113014831497584,2.9253615813625697
88,1562634000,78,113,35,191,28,-0.1991359761751968,-0.679855100720711
88,1562648400,10,9,-1,19,28,-0.4384247104892616,-1.0729007029208861
88,1562662800,436,461,25,897,28,-0.2656050690402148,0.9334599873800077
88,1562677200,280,570,290,850,28,1.4958258918827625,0.8260579914299598
88,1562691600,356,437,81,793,28,0.10662185100388608,0.6958045069799018
88,1562706000,834,513,-321,1347,28,-2.5654356821698383,1.9617769698804657
88,1562720400,88,91,3,179,28,-0.4118370733432544,-0.7072768869207232
88,1562734800,8,12,4,20,28,-0.4051901640567526,-1.070615554070885
88,1562749200,294,532,238,826,28,1.1501866089846688,0.7712144190299354
88,1562763600,425,898,473,1323,28,2.712210291312592,1.9069333974804412
88,1562778000,403,442,39,845,28,-0.1725483390291896,0.8146322471799547
88,1562792400,754,458,-296,1212,28,-2.399262950007293,1.6532818751303282
88,1562806800,66,121,55,187,28,-0.06619779044516076,-0.6889956961207151
88,1562821200,5,6,1,11,28,-0.425130891916258,-1.0911818937208941
88,1562835600,311,434,123,745,28,0.38579204103696174,0.5861173621798529
88,1562850000,311,626,315,937,28,1.6619986240453075,1.0248659413800483
88,1562864400,468,474,6,942,28,-0.391896345483749,1.0362916856300535
88,1562878800,846,574,-272,1420,28,-2.23973712713125,2.12859283593054
88,1562893200,81,115,34,196,28,-0.2057828854616986,-0.6684293564707059
88,1562907600,6,7,1,13,28,-0.425130891916258,-1.0866115960208922
88,1562922000,292,359,67,651,28,0.013565120992860853,0.37131337027975725
88,1562936400,321,600,279,921,28,1.4227098897312427,0.988303559780032
88,1562950800,445,459,14,904,28,-0.3387210711917346,0.9494560293300148
88,1562965200,601,578,-23,1179,28,-0.5846567147923013,1.5778719630802946
88,1562979600,88,176,88,264,28,0.15315021600939868,-0.5130392346706367
88,1562994000,10,12,2,22,28,-0.4184839826297562,-1.066045256370883
88,1563008400,13,63,50,76,28,-0.09943233687766977,-0.9426472184708281
88,1563022800,60,202,142,262,28,0.512083317480496,-0.5176095323706388
88,1563037200,215,265,50,480,28,-0.09943233687766977,-0.019447083070416822
88,1563051600,172,258,86,430,28,0.13985639743639508,-0.13370452557046772
88,1563066000,48,110,62,158,28,-0.019669425439648155,-0.7552650127707446
88,1563080400,3,13,10,16,28,-0.3653087083377418,-1.0797561494708892
88,1563094800,6,36,30,42,28,-0.2323705226077058,-1.0203422793708627
88,1563109200,20,201,181,221,28,0.7713127796540662,-0.6113006352206805
88,1563123600,75,345,270,420,28,1.3628877061527265,-0.1565560140704779
88,1563138000,78,170,92,248,28,0.17973785315540589,-0.549601616270653
88,1563152400,22,45,23,67,28,-0.2788988876132184,-0.9632135581208372
88,1563166800,7,17,10,24,28,-0.3653087083377418,-1.061474958670881
88,1563180551,262,365,103,627,28,0.2528538553069257,0.31646979787973284
88,1563180635,56,167,111,223,28,0.30602912959894013,-0.6067303375206784
88,1563180718,1,0,-1,1,28,-0.4384247104892616,-1.1140333822209043
88,1563180800,82,363,281,445,28,1.4360037083042463,-0.09942729282045244
88,1563180881,2,1,-1,3,28,-0.4384247104892616,-1.1094630845209024
88,1563180962,29,283,254,312,28,1.2565371575686977,-0.40335208987058785
88,1563181043,1,2,1,3,28,-0.425130891916258,-1.1094630845209024
88,1563181200,42,64,22,106,28,-0.2855457968997202,-0.8740927529707975
88,1563195600,285,573,288,858,28,1.482532073309759,0.844339182229968
88,1563210000,332,428,96,760,28,0.2063254903014131,0.6203945949298681
88,1563224400,749,512,-237,1261,28,-2.007095302103687,1.7652541687803782
88,1563238800,83,116,33,199,29,-0.14947995175205422,-0.5263281509257248
88,1563253200,8,13,5,21,29,-0.388647874555341,-0.9535997115738505
88,1563267600,321,471,150,792,29,0.8499002971045369,0.897110250559323
88,1563279573,139,161,22,300,29,-0.24343877856763116,-0.2838875462883052
88,1563282000,290,618,328,908,29,2.370324949211146,1.1755568855884386
88,1563296400,409,406,-3,815,29,-0.45698156678485147,0.9523194971599236
88,1563310800,759,540,-219,1299,29,-2.301991256981635,2.1141140777986474
88,1563325200,94,132,38,226,29,-0.10677139410861015,-0.461517296220672
88,1563339600,9,13,4,22,29,-0.3971895860840298,-0.9511993095477373
88,1563352508,234,319,85,553,29,0.29468904773976407,0.3234141663183004
88,1563352588,8,13,5,21,29,-0.388647874555341,-0.9535997115738505
88,1563352672,56,115,59,171,29,0.0726045479938549,-0.5935394076568906
88,1563352753,2,0,-2,2,29,-0.4484398552561627,-0.9992073500699987
88,1563352834,74,281,207,355,29,1.3367778542397992,-0.1518654348520866
88,1563352915,0,11,11,11,29,-0.3373976053832081,-0.9776037318349812
88,1563352999,37,267,230,304,29,1.533237219399642,-0.27428593818385294
88,1563353079,1,14,13,15,29,-0.3203141823258305,-0.9680021237305289
88,1563354000,87,123,36,210,29,-0.12385481716598779,-0.49992372863848106
88,1563368400,330,543,213,873,29,1.388028123411932,1.0915428146744814
88,1563382800,419,444,25,863,29,-0.21781364398156472,1.0675387944133508
88,1563397200,745,535,-210,1280,29,-2.2251158532234356,2.068506439302499
88,1563411600,74,169,95,243,29,0.3801061630266522,-0.4207104617767499
88,1563426000,8,11,3,19,29,-0.4057312976127186,-0.9584005156260766
88,1563440400,315,456,141,771,29,0.7730248933463376,0.8467018080109486
88,1563454800,322,597,275,919,29,1.9176142381906385,1.2019613078756823
88,1563469200,391,461,70,852,29,0.16656337480943184,1.041134372126107
88,1563483600,722,522,-200,1244,29,-2.1396987379365475,1.9820919663624286
88,1563498000,92,185,93,277,29,0.36302273996927453,-0.3390967928889057
88,1563512400,11,20,9,31,29,-0.3544810284405857,-0.9295956913127198
88,1563526066,192,300,108,492,29,0.49114841289960676,0.1769896427254034
88,1563526148,1,1,0,2,29,-0.43135643219878506,-0.9992073500699987
88,1563526228,0,2,2,2,29,-0.4142730091414074,-0.9992073500699987
88,1563526310,62,133,71,195,29,0.17510508633812066,-0.535929759030177
88,1563526393,1,0,-1,1,29,-0.4398981437274739,-1.0016077520961117
88,1563526473,68,336,268,404,29,1.8578222574898169,-0.034245735572546364
88,1563526555,1,8,7,9,29,-0.37156445149796336,-0.9824045358872072
88,1563526637,26,250,224,276,29,1.481986950227509,-0.34149719491501873
88,1563526715,0,15,15,15,29,-0.30323075926845283,-0.9680021237305289
88,1563526800,6,33,27,39,29,-0.2007302209241871,-0.9103924751038153
88,1563541200,387,567,180,954,29,1.1061516429652012,1.2859753787896397
88,1563555600,490,486,-4,976,29,-0.4655232783135403,1.3387842233641272
88,1563570000,734,678,-56,1412,29,-0.9096922778053586,2.3853595067494235
88,1563584400,82,171,89,253,29,0.3288558938545193,-0.39670644151561923
88,1563598800,7,18,11,25,29,-0.3373976053832081,-0.9439981034693982
88,1563613200,10,51,41,61,29,-0.08114625952254373,-0.8575836305293278
88,1563627600,100,186,86,286,29,0.30323075926845283,-0.3174931746538881
88,1563642000,185,272,87,457,29,0.31177247079714165,0.09297557181144611
88,1563656400,200,176,-24,376,29,-0.6363575088873166,-0.1014569923037122
88,1563670800,60,60,0,120,29,-0.43135643219878506,-0.715959910988657
88,1563685200,5,11,6,16,29,-0.3801061630266522,-0.9656017217044158
88,1563699600,10,34,24,44,29,-0.22635535551025354,-0.8983904649732499
88,1563714000,80,217,137,297,29,0.7388580472315823,-0.2910887523666444
88,1563728400,180,296,116,476,29,0.5594821051291172,0.13858321030759435
88,1563742800,168,162,-6,330,29,-0.48260670137091793,-0.21187548550491322
88,1563757200,51,61,10,112,29,-0.34593931691189694,-0.7351631271975615
88,1563771600,7,12,5,19,29,-0.388647874555341,-0.9584005156260766
88,1563786000,301,415,114,716,29,0.5423986820717396,0.7146796965747301
88,1563800400,300,578,278,878,29,1.943239372776705,1.1035448248050468
88,1563814800,401,436,35,837,29,-0.1323965286946766,1.005128341734411
88,1563829200,878,542,-336,1420,29,-3.301371505838226,2.404562722958328
88,1563843600,61,68,7,129,30,-0.4968786162659211,-1.0024988386103977
88,1563858000,8,10,2,18,30,-0.5367047648979224,-1.2694120074054676
88,1563872400,312,442,130,754,30,0.4828446400813111,0.5003906253258066
88,1563886800,310,578,268,888,30,1.5820463423245472,0.8226101263937288
88,1563901200,387,385,-2,772,30,-0.5685656838035235,0.5436738418871693
88,1563915600,783,562,-221,1345,30,-2.312950993885181,1.9215229024238814
88,1563930000,60,114,54,174,30,-0.12251281912510878,-0.8942907972069909
88,1563944400,11,15,4,26,30,-0.5207743054451219,-1.250175022267084
88,1563958800,295,498,203,793,30,1.0643064101085302,0.5941709278754257
88,1563973200,299,572,273,871,30,1.6218724909565485,0.781731532974664
88,1563987600,419,462,43,881,30,-0.21013034611551165,0.8057777643976433
88,1564002000,732,585,-147,1317,30,-1.7235239941315614,1.8541934544395393
88,1564016400,82,177,95,259,30,0.20406159965730197,-0.6898978301116672
88,1564030800,13,15,2,28,30,-0.5367047648979224,-1.245365775982488
88,1564045200,292,443,151,735,30,0.6501144643357166,0.454702785622146
88,1564059600,306,620,314,926,30,1.9484469097389594,0.91398580580105
88,1564074000,406,474,68,880,30,-0.010999602955505113,0.8033731412553454
88,1564088400,722,635,-87,1357,30,-1.2456102105475457,1.9503783801314565
88,1564102800,73,136,63,209,30,-0.05082575158750642,-0.8101289872265635
88,1564117200,12,15,3,27,30,-0.5287395351715222,-1.2477703991247862
88,1564131600,260,368,108,628,30,0.30760958610050537,0.19740810939626785
88,1564146000,287,566,279,853,30,1.6696638693149501,0.7384483164133013
88,1564160400,507,493,-14,1000,30,-0.6641484405203266,1.0919279183310966
88,1564174800,545,519,-26,1064,30,-0.7597311972371298,1.2458237994381638
88,1564189200,90,152,62,242,30,-0.058790981313906684,-0.7307764235307319
88,1564203600,7,17,10,24,30,-0.4729829270867203,-1.2549842685516799
88,1564218000,9,38,29,47,30,-0.3216435622851153,-1.1996779362788277
88,1564232400,91,281,190,372,30,0.9607584236653268,-0.4181754150320014
88,1564246800,222,377,155,599,30,0.6819753832413177,0.12767403826962795
88,1564261200,218,258,40,476,30,-0.23402603529471244,-0.16809460823301703
88,1564275600,61,107,46,168,30,-0.1862346569363109,-0.9087185360607785
88,1564290000,4,11,7,15,30,-0.4968786162659211,-1.2766258768323613
88,1564304400,10,43,33,53,30,-0.28978264337951426,-1.18525019742504
88,1564318800,56,267,211,323,30,1.1280282479197323,-0.5360019490045999
88,1564333200,156,436,280,592,30,1.6776290990413505,0.11084167627354248
88,1564347600,170,250,80,420,30,0.08458315376129803,-0.30275350420170094
88,1564362000,49,89,40,138,30,-0.23402603529471244,-0.9808572303297163
88,1564376400,5,7,2,12,30,-0.5367047648979224,-1.283839746259255
88,1564390800,268,416,148,684,30,0.6262187751565158,0.3320670053649517
88,1564405200,302,571,269,873,30,1.5900115720509476,0.7865407792592599
88,1564419600,403,372,-31,775,30,-0.7995573458691311,0.5508877113140631
88,1564434000,704,477,-227,1181,30,-2.3607423722435827,1.5271647070870213
88,1564448400,62,111,49,173,31,-0.08934970013183377,-0.7944749473561784
88,1564462800,8,10,2,18,31,-0.4486597241914006,-1.1406270677784065
88,1564475855,231,346,115,577,31,0.4152133123773452,0.10775380522820972
88,1564475936,2,3,1,5,31,-0.4563046183203276,-1.1696591811041417
88,1564476018,56,134,78,190,31,0.1323522296070479,-0.7565098760840631
88,1564476101,2,11,9,13,31,-0.3951454652889119,-1.1517932652113816
88,1564476184,77,343,266,420,31,1.5695923258453153,-0.24286479416720844
88,1564476263,4,3,-1,7,31,-0.47159440657818147,-1.1651927021309518
88,1564476345,33,209,176,242,31,0.8815518542418894,-0.640381422781122
88,1564476427,0,0,0,0,31,-0.46394951244925453,-1.1808253785371168
88,1564477200,78,113,35,191,31,-0.19637821793681112,-0.754276636597468
88,1564491600,357,576,219,933,31,1.2102823017857485,0.9027870624560369
88,1564506000,411,503,92,914,31,0.23938074741202525,0.8603555122107315
88,1564520400,778,594,-184,1372,31,-1.870610032171814,1.8831791970712508
88,1564534800,73,117,44,190,31,-0.12757417077646854,-0.7565098760840631
88,1564549200,7,8,1,15,31,-0.4563046183203276,-1.1473267862381915
88,1564563600,285,444,159,729,31,0.7515886540501312,0.4472062071906528
88,1564578000,342,586,244,928,31,1.4014046550089223,0.8916208650230618
88,1564592400,361,473,112,834,31,0.39227862999056434,0.6816963532831299
88,1564606800,837,532,-305,1369,31,-2.7956422217719754,1.8764794786114656
88,1564621200,55,144,89,199,31,0.21644606502524438,-0.7364107207047079
88,1564635600,8,9,1,17,31,-0.4563046183203276,-1.1428603072650017
88,1564650000,328,424,96,752,31,0.26996032392773306,0.4985707153823382
88,1564664400,322,615,293,937,31,1.776004467326343,0.911720020402417
88,1564678800,411,493,82,904,31,0.1629318061227557,0.8380231173447813
88,1564693200,718,551,-167,1269,31,-1.7406468319800559,1.6531555299519636
88,1564707600,70,140,70,210,31,0.07119307657563226,-0.7118450863521627
88,1564722000,9,15,6,24,31,-0.4180801476756928,-1.1272276308588365
88,1564736400,267,339,72,606,31,0.08648286483348616,0.17251775033946531
88,1564750800,274,593,319,867,31,1.9747717146784438,0.7553932563407656
88,1564765200,476,524,48,1000,31,-0.09699459426076072,1.0524141080579033
88,1564779600,547,468,-79,1015,31,-1.0678961486344838,1.0859127003568285
88,1565398800,9178,8234,-944,17412,32,-3.8148970885947855,4.10908010991332
88,1565413200,13,11,-2,24,32,0.043692450549403405,-0.3323126265305669
88,1565427600,10,50,40,60,32,0.21573147458767933,-0.3231171964344098
88,1565442000,104,235,131,339,32,0.5884826933372771,-0.2518526131891921
88,1565456400,252,305,53,557,32,0.26898164869476476,-0.19616917538468515
88,1565470800,227,229,2,456,32,0.06007711950542969,-0.2219674653766815
88,1565485200,80,81,1,161,32,0.05598095226642311,-0.29731890644241343
88,1565499600,7,12,5,19,32,0.07236562122244938,-0.3335897695994776
88,1565514000,11,37,26,48,32,0.15838513324158734,-0.3261823397997955
88,1565528400,75,193,118,268,32,0.5352325192301918,-0.2699880447677242
88,1565542800,204,281,77,485,32,0.3672896624309224,-0.21456003557699938
88,1565557200,246,196,-50,442,32,-0.15292357692291195,-0.22554346596963148
88,1565571600,50,50,0,100,32,0.051884785027416544,-0.3129000518831241
88,1565586000,4,12,8,16,32,0.0846541229394691,-0.33435605544082403
88,1565600400,263,423,160,686,32,0.7072715432684676,-0.16321888420678882
88,1565614800,274,571,297,845,32,1.2684464550123677,-0.12260573461542822
88,1565629200,376,387,11,763,32,0.09694262465648881,-0.14355088094556387
88,1565643600,665,504,-161,1169,32,-0.6075981404526412,-0.03984686375001417
88,1565658000,65,91,26,156,33,-0.173706533447198,-0.6210347649411266
88,1565672400,13,13,0,26,33,-0.4324332495966929,-0.9399224101641706
88,1565683271,45,128,83,173,33,0.39350203657284855,-0.5793340728734978
88,1565686800,299,447,148,746,33,1.0403188269465857,0.826224547994227
88,1565701200,320,576,256,896,33,2.115029801721411,1.1941718309438931
88,1565705967,30,128,98,158,33,0.5427674497360186,-0.6161288011684644
88,1565715600,403,334,-69,737,33,-1.1190541501472755,0.8041477110172469
88,1565730000,761,536,-225,1297,33,-2.671414447044245,2.177817567362667
88,1565744400,72,82,10,154,33,-0.3329229741545795,-0.6259407287137888
88,1565758800,6,15,9,21,33,-0.34287400169879084,-0.9521873195958261
88,1565768377,30,74,44,104,33,0.0054119623486061814,-0.7485898230303442
88,1565773200,299,432,133,731,33,0.8910534137834157,0.7894298196992603
88,1565787600,321,565,244,886,33,1.9956174711908745,1.169642012080582
88,1565802000,413,472,59,885,33,0.15467737551177632,1.167189030194251
88,1565816400,705,540,-165,1245,33,-2.0743527943915647,2.0502625092734497
88,1565830800,86,102,16,188,33,-0.27321680888931144,-0.5425393445785311
88,1565845200,11,11,0,22,33,-0.4324332495966929,-0.949734337709495
88,1565859600,266,382,116,648,33,0.7218859455318228,0.5858323231337784
88,1565874000,293,647,354,940,33,3.0902305010541222,1.302103033942462
88,1565888400,408,465,57,873,33,0.13477532042335363,1.1377532475582777
88,1565902800,735,531,-204,1266,33,-2.462442868615807,2.1017751288864033
88,1565916847,76,75,-1,151,33,-0.4423842771409042,-0.6332996743727821
88,1565916930,0,0,0,0,33,-0.4324332495966929,-1.0036999392087793
88,1565917008,0,0,0,0,33,-0.4324332495966929,-1.0036999392087793
88,1565917088,0,0,0,0,33,-0.4324332495966929,-1.0036999392087793
88,1565917169,2,0,-2,2,33,-0.45233530468511557,-0.9987939754361171
88,1565917200,72,102,30,174,33,-0.13390242327035262,-0.5768810909871667
88,1565917249,0,0,0,0,33,-0.4324332495966929,-1.0036999392087793
88,1565917329,0,0,0,0,33,-0.4324332495966929,-1.0036999392087793
88,1565917409,1,0,-1,1,33,-0.4423842771409042,-1.0012469573224483
88,1565917490,1,0,-1,1,33,-0.4423842771409042,-1.0012469573224483
88,1565917570,0,0,0,0,33,-0.4324332495966929,-1.0036999392087793
88,1565917651,0,2,2,2,33,-0.4125311945082702,-0.9987939754361171
88,1565931600,10,13,3,23,33,-0.40258016696405885,-0.9472813558231639
88,1565942761,54,95,41,149,33,-0.024441120284027847,-0.6382056381454443
88,1565946000,114,129,15,243,33,-0.2831678364335228,-0.4076253408303202
88,1565960400,197,364,167,561,33,1.2293883502866014,0.37242289902297204
88,1565974800,415,513,98,928,33,0.5427674497360186,1.2726672513064887
88,1565989200,538,488,-50,1026,33,-0.92998462680726,1.5130594761669371
88,1566003600,81,145,64,226,33,0.20443251323283304,-0.44932603289794903
88,1566018000,14,12,-2,26,33,-0.45233530468511557,-0.9399224101641706
88,1566032400,26,61,35,87,33,-0.0841472855492959,-0.790290515097973
88,1566046800,118,307,189,425,33,1.4483109562592507,0.03881736248194138
88,1566061200,340,394,54,734,33,0.1049222377907196,0.7967887653582536
88,1566075600,333,391,58,724,33,0.14472634796756498,0.7722589464949425
88,1566090000,83,204,121,287,33,0.7716410832528796,-0.2996941378317515
88,1566104400,7,20,13,27,33,-0.30306989152194547,-0.9374694282778395
88,1566118800,22,45,23,67,33,-0.20355961607983203,-0.8393501528245951
88,1566133200,144,297,153,441,33,1.0900739646676425,0.0780650726632391
88,1566147600,294,369,75,663,33,0.3138938162191578,0.622627051428745
88,1566162000,241,259,18,500,33,-0.25331475380088875,0.22279100395677445
88,1566176400,39,93,54,132,33,0.1049222377907196,-0.6799063302130731
88,1566190800,5,13,8,18,33,-0.35282502924300213,-0.9595462652548195
88,1566205200,274,415,141,689,33,0.9706616341371064,0.6864045804733538
88,1566219600,320,557,237,877,33,1.9259602783813952,1.147565175103602
88,1566234000,365,421,56,786,33,0.12482429287914229,0.9243438234474712
88,1566248400,656,545,-111,1201,33,-1.536997307004152,1.942331306274881
88,1566262800,63,110,47,173,34,0.006002217470103137,-0.8665125707971447
88,1566277200,7,13,6,20,34,-0.3512265319602281,-1.261163563053435
88,1566291355,81,302,221,383,34,1.5220461784671189,-0.3248347382885109
88,1566291600,289,385,96,674,34,0.4329341375209868,0.4257759724734531
88,1566306000,308,629,321,937,34,2.393335811224024,1.104162972234266
88,1566309992,20,122,102,142,34,0.4852115154864012,-0.9464745365484193
88,1566320400,368,324,-44,692,34,-0.7868713483386808,0.47220550097419317
88,1566334800,729,549,-180,1278,34,-1.9718252488880723,1.9837445954982855
88,1566349200,81,100,19,181,34,-0.2379588797018304,-0.8458772247968158
88,1566363600,7,9,2,16,34,-0.38607811727050434,-1.2714812360535996
88,1566375430,48,129,81,177,34,0.302240692607451,-0.8561948977969803
88,1566378000,271,380,109,651,34,0.5462017897793845,0.3664493527225075
88,1566392400,320,552,232,872,34,1.6178880380703784,0.9365007859815936
88,1566406800,357,436,79,793,34,0.2848148999523129,0.7327267442283456
88,1566421200,709,559,-150,1268,34,-1.7104383590610006,1.9579504129978744
88,1566435600,63,92,29,155,34,-0.15082991642613985,-0.9129420992978848
88,1566450000,11,14,3,25,34,-0.3773652209429353,-1.2482664718032295
88,1566464400,285,419,134,704,34,0.764024197968611,0.5031585199746865
88,1566478800,324,581,257,905,34,1.8357104462596048,1.0216215882329502
88,1566493200,354,494,140,848,34,0.8163015759340253,0.8745947479806069
88,1566507600,714,538,-176,1252,34,-1.936973663577796,1.9166797209972166
88,1566522000,89,140,51,229,34,0.04085380278037936,-0.7220651487948424
88,1566536400,7,10,3,17,34,-0.3773652209429353,-1.2689018178035585
88,1566550800,245,318,73,563,34,0.23253752198689856,0.13946054671888952
88,1566565200,333,489,156,822,34,0.9557079171751302,0.807529873479538
88,1566579600,463,468,5,931,34,-0.3599394282877972,1.0886864627340194
88,1566594000,504,441,-63,945,34,-0.9524163785624928,1.1247983182345949
88,1566608400,97,161,64,258,34,0.15412145503877708,-0.6472620195436501
88,1566622800,9,11,2,20,34,-0.38607811727050434,-1.261163563053435
88,1566637200,20,45,25,65,34,-0.18568150173641607,-1.145089741801585
88,1566651600,171,276,105,447,34,0.5113502044691083,-0.15975197028587965
88,1566666000,376,343,-33,719,34,-0.6910294887354212,0.5418497937253033
88,1566680400,312,234,-78,546,34,-1.0831098234760286,0.0956104364681906
88,1566694800,80,110,30,190,34,-0.1421170200985708,-0.8226624605464458
88,1566709200,6,20,14,26,34,-0.2815233613396757,-1.2456870535531885
88,1566723600,13,39,26,52,34,-0.176968605408847,-1.1786221790521194
88,1566738000,92,220,128,312,34,0.7117468200031967,-0.5079734340414299
88,1566752400,247,302,55,549,34,0.07570538809065558,0.10334869121831394
88,1566766800,232,222,-10,454,34,-0.490632873201333,-0.14169604253559184
88,1566781200,53,81,28,134,34,-0.1595428127537089,-0.9671098825487482
88,1566795600,9,15,6,24,34,-0.3512265319602281,-1.2508458900532706
88,1566810000,345,359,14,704,34,-0.2815233613396757,0.5031585199746865
88,1566824400,279,581,302,860,34,2.227790781000212,0.9055477669811003
88,1566838800,314,415,101,729,34,0.4764986191588321,0.5676439762257144
88,1566853200,704,456,-248,1160,34,-2.564302199162768,1.6793732419934342
88,1566867600,77,59,-18,136,35,-0.5129576655865157,-0.5732080413609261
88,1566882000,9,12,3,21,35,-0.3089772052405703,-0.8542266000062034
88,1566896400,392,436,44,828,35,0.0892703601967516,1.1177905897915257
88,1566910800,302,587,285,889,35,2.4301889765478393,1.2668526078555424
88,1566925200,349,482,133,831,35,0.9537589778533773,1.1251215087127069
88,1566939600,693,515,-178,1208,35,-2.067094506317528,2.046373653141138
88,1566954000,48,87,39,135,35,0.04070358392390746,-0.5756516810013197
88,1566968400,2,10,8,12,35,-0.2604104289677262,-0.8762193567697468
88,1566982800,264,396,132,660,35,0.9440456225988084,0.7072591302053814
88,1566997200,294,576,282,870,35,2.401048910784133,1.220423454688062
88,1567011600,403,436,33,839,35,-0.017576547603505504,1.1446706258358565
88,1567026000,670,457,-213,1127,35,-2.407061940227437,1.848438842269247
88,1567040400,42,66,24,108,35,-0.10499674489462495,-0.6416299512919501
88,1567054800,2,10,8,12,35,-0.2604104289677262,-0.8762193567697468
88,1567069200,253,371,118,624,35,0.8080586490348448,0.6192881031512076
88,1567083600,298,543,245,841,35,2.041654766365086,1.149557905116644
88,1567098000,368,460,92,828,35,0.5555114124160553,1.1177905897915257
88,1567112400,639,478,-161,1117,35,-1.9019674669898579,1.82400244586531
88,1567126800,51,85,34,136,35,-0.007863192348936676,-0.5732080413609261
88,1567141200,46,43,-3,89,35,-0.3672573367679833,-0.6880591044594307
88,1567155600,190,305,115,495,35,0.7789185832711384,0.3040585895404182
88,1567170000,245,470,225,715,35,1.8473876612737095,0.8416593104270358
88,1567184400,484,636,152,1120,35,1.138312727690185,1.831333364786491
88,1567198800,369,437,68,806,35,0.32239088630640345,1.064030517702864
88,1567213200,52,88,36,140,35,0.01156351816020098,-0.5634334827993511
88,1567227600,4,14,10,18,35,-0.24098371845858854,-0.8615575189273845
88,1567242000,12,7,-5,19,35,-0.38668404727712097,-0.8591138792869909
88,1567256400,2,5,3,7,35,-0.3089772052405703,-0.8884375549717155
88,1567270800,1,10,9,11,35,-0.25069707371315736,-0.8786629964101406
88,1567285200,1,8,7,9,35,-0.27012378422229505,-0.883550275690928
88,1567299600,1,8,7,9,35,-0.27012378422229505,-0.883550275690928
88,1567314000,1,3,2,4,35,-0.31869056049513916,-0.8957684738928966
88,1567328400,0,3,3,3,35,-0.3089772052405703,-0.8982121135332903
88,1567342800,2,6,4,8,35,-0.29926384998600153,-0.8859939153313218
88,1567357200,1,3,2,4,35,-0.31869056049513916,-0.8957684738928966
88,1567371600,2,18,16,20,35,-0.18270358693117558,-0.8566702396465972
88,1567386000,2,3,1,5,35,-0.328403915749708,-0.8933248342525029
88,1567400400,1,4,3,5,35,-0.3089772052405703,-0.8933248342525029
88,1567414800,25,32,7,57,35,-0.27012378422229505,-0.7662555729520296
88,1567429200,93,124,31,217,35,-0.03700325811264316,-0.375273230489035
88,1567443600,178,150,-28,328,35,-0.610091218132204,-0.10402923040533246
88,1567458000,183,70,-113,253,35,-1.4357264147705542,-0.2873022034348612
88,1567472400,34,27,-7,61,36,-0.3713368652264626,-0.834621733816608
88,1567486800,4,11,7,15,36,-0.275780595312607,-0.9335899526672607
88,1567501200,270,412,142,682,36,0.6456548645710004,0.5014492206672052
88,1567515600,271,542,271,813,36,1.5261376373486697,0.7832934960897165
88,1567530000,296,409,113,705,36,0.44771687689229955,0.5509333300925316
88,1567544400,700,462,-238,1162,36,-1.9480153188050797,1.5341610695435826
88,1567558800,47,55,8,102,36,-0.2689551474616173,-0.7464109300584174
88,1567573200,2,2,0,4,36,-0.3235587302695348,-0.9572562658706777
88,1567587600,273,462,189,735,36,0.9664509135675156,0.6154778206473052
88,1567602000,279,448,169,727,36,0.8299419565477218,0.5982659564993655
88,1567616400,361,459,98,820,36,0.3453351591274542,0.7983538772191636
88,1567630800,669,501,-168,1170,36,-1.4702339692358015,1.551372933691522
88,1567645200,52,92,40,144,36,-0.050540816229947425,-0.6560486432817344
88,1567659600,2,4,2,6,36,-0.3099078345675554,-0.9529532998336928
88,1567674000,296,425,129,721,36,0.5569240425081345,0.5853570583884109
88,1567688400,310,481,171,791,36,0.8435928522497012,0.7359608696828825
88,1567702800,403,1018,615,1421,36,3.8740916980891207,2.0913951713331276
88,1567717200,674,552,-122,1226,36,-1.156263368090276,1.6718559827270996
88,1567731600,66,72,6,138,36,-0.28260604316359667,-0.668957541392689
88,1567746000,1,5,4,6,36,-0.296256938865576,-0.9529532998336928
88,1567760400,263,403,140,666,36,0.632003968869021,0.46702549237132596
88,1567774800,301,602,301,903,36,1.73090107287836,0.9769269677540372
88,1567789200,448,518,70,966,36,0.1542226192997431,1.1124703979190618
88,1567803600,668,483,-185,1151,36,-1.5862665827026263,1.5104947563401656
88,1567818000,47,59,12,106,36,-0.24165335605765856,-0.7378049979844475
88,1567832400,3,2,-1,5,36,-0.33038417812052445,-0.9551047828521853
88,1567846800,2,5,3,7,36,-0.30308238671656573,-0.9508018168152004
88,1567861200,1,2,1,3,36,-0.3167332824185451,-0.9594077488891702
88,1567875600,1,10,9,11,36,-0.2621296996106276,-0.9421958847412306
88,1567890000,1,15,14,16,36,-0.2280024603556792,-0.9314384696487683
88,1567904400,1,12,11,13,36,-0.24847880390864827,-0.9378929187042456
88,1567918800,0,9,9,9,36,-0.2621296996106276,-0.9464988507782155
88,1567933200,1,10,9,11,36,-0.2621296996106276,-0.9421958847412306
88,1567947600,1,3,2,4,36,-0.3099078345675554,-0.9572562658706777
88,1567962000,6,3,-3,9,36,-0.3440350738225038,-0.9464988507782155
88,1567976400,0,6,6,6,36,-0.28260604316359667,-0.9529532998336928
88,1567990800,2,5,3,7,36,-0.30308238671656573,-0.9508018168152004
88,1568005200,0,9,9,9,36,-0.2621296996106276,-0.9464988507782155
88,1568019600,278,424,146,702,36,0.6729566559749591,0.5444788810370542
88,1568034000,299,525,226,824,36,1.2189924840541337,0.8069598092931335
88,1568048400,379,416,37,795,36,-0.07101715978291648,0.7445668017568523
88,1568062800,720,463,-257,1183,36,-2.0776988279738835,1.579342212931924
88,1568077200,61,85,24,146,37,-0.027071240364905814,-0.8485135085273213
88,1568091600,5,13,8,18,37,-0.1585067797917588,-1.1434118781679183
88,1568106000,310,429,119,739,37,0.7533272749820339,0.5176953445732569
88,1568120400,340,569,229,909,37,1.6569466085416482,0.9093572417521748
88,1568134800,390,405,15,795,37,-0.10100373129251063,0.6467133812910182
88,1568149200,732,543,-189,1275,37,-1.7768068589848867,1.752582267443257
88,1568163600,62,60,-2,122,37,-0.24065399193354195,-0.9038069528349333
88,1568178000,9,11,2,20,37,-0.2077951070768287,-1.138804091142284
88,1568192122,91,369,278,460,37,2.0594679480363856,-0.12509094550273184
88,1568192400,354,460,106,814,37,0.6465358991977158,0.6904873580345443
88,1568206800,357,518,161,875,37,1.098345565977523,0.8310248623163913
88,1568221200,430,552,122,982,37,0.7779714386245689,1.077541468187828
88,1568235600,813,672,-141,1485,37,-1.3825002407043276,2.2363999051348613
88,1568250000,167,187,20,354,37,-0.059930125221619064,-0.3693036578613512
88,1568264400,9,18,9,27,37,-0.15029205857758052,-1.122676836552564
88,1568275723,67,138,71,205,37,0.35902065670147487,-0.7125837912711087
88,1568278800,335,420,85,755,37,0.47402675369997127,0.5545576407783316
88,1568293200,353,634,281,987,37,2.0841121116789205,1.0890609357519137
88,1568307600,418,436,18,854,37,-0.07635956764997569,0.7826430985472308
88,1568322000,731,539,-192,1270,37,-1.8014510226274216,1.741062799879171
88,1568336400,65,101,36,166,37,0.07150541420523394,-0.8024356382709781
88,1568350800,9,11,2,20,37,-0.2077951070768287,-1.138804091142284
88,1568365200,268,363,95,631,37,0.5561739658417544,0.26887484518900323
88,1568379600,276,570,294,846,37,2.1909034874632387,0.7642119504446935
88,1568394000,443,475,32,918,37,0.03864652934852069,0.9300922833675294
88,1568408400,697,581,-116,1278,37,-1.1771322103498698,1.7594939479817084
88,1568422800,69,116,47,185,37,0.1618673475611954,-0.758661661527452
88,1568437200,8,11,3,19,37,-0.1995803858626504,-1.1411079846551013
88,1568451600,20,26,6,46,37,-0.17493622222011546,-1.0789028598090378
88,1568466000,110,111,1,221,37,-0.216009828291007,-0.6757214950660341
88,1568480400,291,139,-152,430,37,-1.472862174060289,-0.19420775088724676
88,1568494800,219,109,-110,328,37,-1.1278438830647999,-0.4292048891945975
88,1568509200,48,27,-21,75,37,-0.3967336950029299,-1.01208994793734
88,1568523600,9,8,-1,17,37,-0.23243927071936363,-1.1457157716807356
88,1568538000,15,15,0,30,37,-0.22422454950518533,-1.1157651560141124
88,1568552400,91,73,-18,164,37,-0.37208953136039497,-0.8070434252966124
88,1568566800,162,120,-42,282,37,-0.5692428405006744,-0.5351839907841871
88,1568581200,196,89,-107,285,37,-1.103199719422265,-0.5282723102457355
88,1568595600,32,24,-8,56,37,-0.28994231921861185,-1.055863924680866
88,1568610000,7,10,3,17,37,-0.1995803858626504,-1.1457157716807356
88,1568624400,310,396,86,706,37,0.4822414749141496,0.44166685865029054
88,1568638800,280,590,310,870,37,2.3223390268900914,0.8195053947523054
88,1568653200,392,420,28,812,37,0.005787644491807437,0.68587957100891
88,1568667600,663,472,-191,1135,37,-1.7932363014132433,1.430037175648854
88,1568682000,67,92,25,159,38,-0.23869559955664743,-0.9161759812284775
88,1568696400,12,13,1,25,38,-0.4339919991939044,-1.2374369421227998
88,1568710800,315,440,125,755,38,0.5750393989319232,0.5127160537940304
88,1568725200,300,688,388,988,38,2.7151624449568645,1.0713265305729638
88,1568739600,369,466,97,835,38,0.3471935993551235,0.7045136423876556
88,1568754000,706,523,-183,1229,38,-1.9312643964128746,1.6491167662112598
88,1568768400,86,132,46,218,38,-0.06781124987404759,-0.774725259640679
88,1568782800,11,15,4,26,38,-0.4095799492392473,-1.2350394722653795
88,1568797200,325,432,107,757,38,0.42856709920398056,0.517510993508871
88,1568811600,323,570,247,893,38,1.5677960970879796,0.8435668941180339
88,1568826000,439,475,36,914,38,-0.14918474972290466,0.8939137611238605
88,1568840400,688,544,-144,1232,38,-1.6139077470023322,1.6563091757835207
88,1568854800,89,142,53,231,38,-0.010849799979847629,-0.7435581514942148
88,1568869200,13,21,8,34,38,-0.3770305492997045,-1.215859713406017
88,1568883600,334,432,98,766,38,0.3553309493400092,0.5390882222256538
88,1568898000,310,535,225,845,38,1.388774397420494,0.7284883409618588
88,1568912400,422,505,83,927,38,0.2332706995667236,0.9250808692703246
88,1568926800,693,538,-155,1231,38,-1.7034185968360749,1.6539117059261004
88,1568941200,75,135,60,210,38,0.04611164991435232,-0.7939050185000415
88,1568955600,11,25,14,36,38,-0.32820644939039023,-1.2110647736911764
88,1568970000,274,380,106,654,38,0.4204297492190949,0.2705715981945785
88,1568984400,331,642,311,973,38,2.0885864961206653,1.035364482711659
88,1568998800,488,469,-19,957,38,-0.5967389988916186,0.997004964992934
88,1569013200,691,512,-179,1203,38,-1.8987149964733319,1.5867825499183317
88,1569027600,74,173,99,247,38,0.36346829932489494,-0.7051986337754897
88,1569042000,9,9,0,18,38,-0.44212934917879015,-1.254219231124742
88,1569056400,23,60,37,83,38,-0.14104739973801894,-1.0983836903924216
88,1569070800,96,246,150,342,38,0.7784731485540659,-0.47743899732055983
88,1569085200,248,319,71,567,38,0.13562249974809512,0.061991720599011084
88,1569099600,267,228,-39,495,38,-0.7594859985893327,-0.11062610913525162
88,1569114000,49,87,38,136,38,-0.13291004975313325,-0.9713177879491448
88,1569128400,7,8,1,15,38,-0.4339919991939044,-1.2614116406970028
88,1569142800,9,30,21,39,38,-0.2712449994961903,-1.2038723641189153
88,1569157200,64,165,101,229,38,0.3797429992946663,-0.7483530912090555
88,1569171600,156,265,109,421,38,0.444841799173752,-0.28803887858435495
88,1569186000,149,156,7,305,38,-0.38516789928459017,-0.5661453820451116
88,1569200400,30,49,19,79,38,-0.2875196994659617,-1.1079735698221027
88,1569214800,4,9,5,13,38,-0.4014425992543616,-1.2662065804118436
88,1569229200,281,451,170,732,38,0.9412201482517801,0.4575742470733631
88,1569243600,311,586,275,897,38,1.7956418966647794,0.8531567735477151
88,1569258000,373,438,65,811,38,0.08679839983878086,0.646974365809568
88,1569272400,701,500,-201,1201,38,-2.0777366961408172,1.5819876102034909
88,1569286800,53,96,43,149,39,-0.15056199227317546,-0.9207227952573558
88,1569301200,7,11,4,18,39,-0.4413881047065026,-1.2255252513046466
88,1569315600,321,420,99,741,39,0.2670344768618584,0.45670509771971385
88,1569330000,310,574,264,884,39,1.4974526448490115,0.7894283894354587
88,1569344400,377,474,97,851,39,0.25212031724989287,0.7126460913472099
88,1569358800,749,547,-202,1296,39,-1.9775465447389486,1.7480437473857167
88,1569373200,67,98,31,165,39,-0.24004694994496842,-0.8834950143660837
88,1569387600,8,12,4,20,39,-0.4413881047065026,-1.2208717786932375
88,1569402000,322,422,100,744,39,0.27449155666784114,0.4636853066368274
88,1569416400,316,574,258,890,39,1.452710166013115,0.8033888072696858
88,1569430800,359,422,63,781,39,-0.0014203961535205181,0.5497745499478942
88,1569445200,738,577,-161,1315,39,-1.671806272693656,1.7922517371941025
88,1569459600,64,106,42,170,39,-0.1580190720791582,-0.8718613328375612
88,1569474000,8,13,5,21,39,-0.4339310249005198,-1.218545042387533
88,1569488400,352,394,42,746,39,-0.1580190720791582,0.4683387792482364
88,1569502800,318,667,349,985,39,2.131304428357545,1.0244287563116141
88,1569517200,386,886,500,1272,39,3.2573234790609398,1.6922020760488086
88,1569531600,755,523,-232,1278,39,-2.201258938918431,1.7061624938830355
88,1569546000,74,128,54,202,39,-0.06853411440736525,-0.7974057710550169
88,1569560400,7,12,5,19,39,-0.4339310249005198,-1.2231985149989422
88,1569574800,289,370,81,659,39,0.13280704035416893,0.26591272065194405
88,1569589200,302,563,261,865,39,1.4750814054310633,0.7452203996270731
88,1569603600,452,523,71,975,39,0.058236242294341455,1.001161393254569
88,1569618000,670,533,-137,1203,39,-1.49283635735007,1.5316572709551972
88,1569632400,80,125,45,205,39,-0.13564783266120997,-0.7904255621379033
88,1569646800,5,14,9,19,39,-0.40410270567658885,-1.2231985149989422
88,1569661200,11,42,31,53,39,-0.24004694994496842,-1.1440894806049888
88,1569675600,105,287,182,392,39,0.8859721007584264,-0.35532587297116
88,1569690000,253,368,115,621,39,0.38634775375758235,0.1774967410351727
88,1569704400,205,237,32,442,39,-0.23258987013898566,-0.2389890576859345
88,1569718800,39,59,20,98,39,-0.3220748278107786,-1.0393863468482858
88,1569733200,7,10,3,17,39,-0.44884518451248534,-1.227851987610351
88,1569747600,23,40,17,63,39,-0.3444460672287269,-1.1208221175479436
88,1569762000,106,243,137,349,39,0.5504035094892028,-0.45537553411645393
88,1569776400,175,300,125,475,39,0.46091855181740976,-0.1622067595976857
88,1569790800,185,189,4,374,39,-0.4413881047065026,-0.39720712647384115
88,1569805200,37,57,20,94,39,-0.3220748278107786,-1.0486932920711038
88,1569819600,5,7,2,12,39,-0.4563022643184681,-1.2394856691388736
88,1569834000,343,434,91,777,39,0.2073778384139964,0.5404676047250762
88,1569848400,284,492,208,776,39,1.0798561757139777,0.5381408684193717
88,1569862800,321,395,74,716,39,0.0806074817122897,0.39853669007710113
88,1569877200,624,522,-102,1146,39,-1.231838564140674,1.3990333015300402
88,1569891600,53,87,34,140,40,-0.021034085697851736,-0.8679232738172735
88,1569906000,5,12,7,17,40,-0.24189198552529514,-1.1493500647123296
88,1569920400,321,409,88,730,40,0.4206817139570351,0.4820101134029145
88,1569934800,305,537,232,842,40,1.5985905130367335,0.7382686547057299
88,1569949200,375,413,38,788,40,0.011685603165473213,0.6147154294347296
88,1569963600,683,545,-138,1228,40,-1.4279807068208246,1.6214454131243614
88,1569978000,49,99,50,148,40,0.10984466975544806,-0.8496190922956438
88,1569992400,7,10,3,17,40,-0.2746116743886201,-1.1493500647123296
88,1570006800,274,475,201,749,40,1.345012924345965,0.525482544516785
88,1570021200,318,615,297,933,40,2.1302854570657637,0.9464787195142673
88,1570035600,393,420,27,813,40,-0.0782935412086704,0.6719159966898223
88,1570050000,773,509,-264,1282,40,-2.4586509060155604,1.7449986383953615
88,1570064400,69,86,17,155,40,-0.16009276336698278,-0.8336029334642179
88,1570078800,8,8,0,16,40,-0.2991514410361138,-1.1516380874025334
88,1570093200,360,490,130,850,40,0.7642384470219471,0.7565728362273595
88,1570107600,328,641,313,969,40,2.2611642125190636,1.0288475363616008
88,1570122000,409,480,71,889,40,0.281623036287904,0.8458057211453042
88,1570136400,753,539,-214,1292,40,-2.0496547952239985,1.7678788652973987
88,1570150800,62,127,65,189,40,0.23254350299291662,-0.7558101619972918
88,1570165200,6,11,5,17,40,-0.2582518299569576,-1.1493500647123296
88,1570179600,276,355,79,631,40,0.34706241401455395,0.25549586707274735
88,1570194000,299,547,248,846,40,1.7294692684900332,0.7474207454665447
88,1570208400,515,561,46,1076,40,0.07712498089212311,1.2736659642133976
88,1570222800,659,620,-39,1279,40,-0.6181684074535321,1.7381345703247504
88,1570237200,76,177,101,253,40,0.5270207027628412,-0.6093767098242544
88,1570251600,9,13,4,22,40,-0.26643175217278886,-1.1379099512613111
88,1570266000,11,26,15,37,40,-0.17645260779864524,-1.1035896109082555
88,1570280400,93,107,14,200,40,-0.1846325300144765,-0.730641912405051
88,1570294800,219,191,-28,410,40,-0.5281892630793885,-0.2501571474622722
88,1570309200,215,147,-68,362,40,-0.855386151712638,-0.3599822365920502
88,1570323600,35,50,15,85,40,-0.17645260779864524,-0.9937645217784775
88,1570338000,3,8,5,11,40,-0.2582518299569576,-1.1630782008535518
88,1570352400,11,16,5,27,40,-0.2582518299569576,-1.1264698378102926
88,1570366800,67,84,17,151,40,-0.16009276336698278,-0.8427550242250327
88,1570381200,200,151,-49,351,40,-0.6999676296118444,-0.38515048618429104
88,1570395600,199,116,-83,315,40,-0.9780849849501065,-0.46751930303162453
88,1570410000,21,41,20,62,40,-0.13555299671948906,-1.0463890436531629
88,1570424400,3,10,7,13,40,-0.24189198552529514,-1.1585021554731445
88,1570438800,307,446,139,753,40,0.8378577469644282,0.5346346352775998
88,1570453200,291,580,289,871,40,2.064846079339114,0.8046213127216374
88,1570467600,364,369,5,733,40,-0.2582518299569576,0.4888741814735256
88,1570482000,714,546,-168,1260,40,-1.6733783732957617,1.69466213921088
88,1570496400,26,29,3,55,41,-0.26417830567401596,-1.090582736598311
88,1570510800,23,41,18,64,41,-0.15300106280519163,-1.0694128976195116
88,1570525200,354,446,92,800,41,0.39547333534767515,0.6618094899800875
88,1570539600,316,701,385,1017,41,2.567135479385377,1.172237829802252
88,1570554000,399,442,43,841,41,0.03229434197618229,0.7582498675501739
88,1570568400,714,480,-234,1194,41,-2.020778743001441,1.5885779963853077
88,1570582800,36,46,10,82,41,-0.2122955923352313,-1.0270732196619128
88,1570597200,0,9,9,9,41,-0.21970740852648624,-1.198784135823286
88,1570611600,297,383,86,680,41,0.35100243820014543,0.37954497026276157
88,1570626000,318,590,272,908,41,1.7296002497735674,0.9158475577256808
88,1570640400,339,370,31,709,41,-0.05664745231887719,0.44775889586111534
88,1570654800,673,482,-191,1155,41,-1.7020706467774775,1.4968420274771768
88,1570669200,23,49,26,72,41,-0.09370653327515198,-1.05059526297169
88,1570683600,1,4,3,5,41,-0.26417830567401596,-1.2081929531471969
88,1570698000,285,428,143,713,41,0.773475961101678,0.4571677131850262
88,1570712400,325,661,336,986,41,2.2039564860138845,1.0993194955419427
88,1570726800,411,497,86,908,41,0.35100243820014543,0.9158475577256808
88,1570741200,806,528,-278,1334,41,-2.346898655416659,1.917886602722188
88,1570755600,40,61,21,101,41,-0.13076561423142677,-0.9823813373733361
88,1570770000,1,2,1,3,41,-0.2790019380565259,-1.2128973618091523
88,1570784400,276,387,111,663,41,0.5362978429815194,0.3395574966361404
88,1570798800,317,620,303,937,41,1.9593665517024708,0.9840614833240346
88,1570813200,527,573,46,1100,41,0.05452979054994716,1.3674707892734024
88,1570827600,736,562,-174,1298,41,-1.5760697715261434,1.8332072468069902
88,1570842000,59,128,69,187,41,0.22500156294881116,-0.7800917649092525
88,1570856400,4,8,4,12,41,-0.25676648948276104,-1.1917275228303528
88,1570870800,10,41,31,51,41,-0.05664745231887719,-1.0999915539222218
88,1570885200,102,257,155,359,41,0.8624177553967375,-0.3755126199810853
88,1570899600,316,335,19,651,41,-0.14558924661393668,0.3113310446644078
88,1570914000,300,194,-106,494,41,-1.0720662705208062,-0.057965035299093644
88,1570928400,44,64,20,108,41,-0.1381774304226817,-0.9659159070564921
88,1570942800,9,10,1,19,41,-0.2790019380565259,-1.1752620925135089
88,1570957200,9,31,22,40,41,-0.1233537980401718,-1.1258658015629768
88,1570971600,98,168,70,266,41,0.23241337914006613,-0.594267622762013
88,1570986000,235,277,42,512,41,0.02488252578492733,-0.015625357341494752
88,1571000400,246,159,-87,405,41,-0.931241762886962,-0.26731122075611036
88,1571014800,27,59,32,86,41,-0.04923563612762223,-1.017664402338002
88,1571029200,4,15,11,19,41,-0.20488377614397632,-1.1752620925135089
88,1571043600,233,285,52,518,41,0.0990006876974769,-0.0015121313556284554
88,1571058000,256,452,196,708,41,1.1663022192381907,0.4454066915301376
88,1571072400,302,413,111,715,41,0.5362978429815194,0.4618721218469816
88,1571086800,583,416,-167,999,41,-1.5241870581873584,1.129898151844653
88,1571101200,39,67,28,106,42,-0.08600418476806468,-0.9210237287534616
88,1571115600,6,9,3,15,42,-0.282298237051864,-1.1205899201600895
88,1571130000,297,445,148,742,42,0.8562072661941722,0.47374657602253195
88,1571144400,314,608,294,922,42,2.0025645315315606,0.868492888694983
88,1571158800,380,521,141,901,42,0.8012449315547083,0.8224391522165303
88,1571173200,726,535,-191,1261,42,-1.805540082774147,1.6119317775614324
88,1571187600,34,47,13,81,42,-0.20378061613834428,-0.9758496055135242
88,1571202000,2,6,4,8,42,-0.27444647496051205,-1.135941165652907
88,1571216400,279,447,168,726,42,1.0132425080212117,0.43865801489609185
88,1571230800,319,604,285,923,42,1.9318986727093925,0.8706859237653854
88,1571245200,441,475,34,916,42,-0.03889361221995283,0.8553346782725679
88,1571259600,924,596,-328,1520,42,-2.8812314892893673,2.179927860795681
88,1571274000,34,45,11,79,42,-0.21948414032104824,-0.9802356756543292
88,1571288400,2,21,19,23,42,-0.15667004359023243,-1.1030456395968695
88,1571302800,331,444,113,775,42,0.5813955929968531,0.5461167333458147
88,1571317200,336,585,249,921,42,1.6492352374207215,0.8662998536245804
88,1571331600,441,473,32,914,42,-0.05459713640265678,0.8509486081317629
88,1571346000,782,571,-211,1353,42,-1.9625753246011866,1.8136910040384628
88,1571360400,33,50,17,83,42,-0.1723735677729364,-0.9714635353727192
88,1571374800,1,2,1,3,42,-0.29800176123456795,-1.1469063410049196
88,1571389200,397,381,-16,778,42,-0.43148171678755154,0.5526958385570221
88,1571403600,362,607,245,969,42,1.6178281890553137,0.9715655370039007
88,1571418000,486,566,80,1052,42,0.32228744398223796,1.1535874478473087
88,1571432400,660,502,-158,1162,42,-1.5464319337595318,1.3948213055915843
88,1571446800,62,135,73,197,42,0.26732510934277415,-0.7214575373468336
88,1571461200,4,5,1,9,42,-0.29800176123456795,-1.1337481305825046
88,1571475600,10,34,24,44,42,-0.11741123313347257,-1.056991903118417
88,1571490000,81,195,114,276,42,0.589247355088205,-0.5482077667850357
88,1571504400,226,276,50,502,42,0.08673458124167875,-0.05258184087406939
88,1571518800,212,192,-20,404,42,-0.46288876515295946,-0.26749927777351495
88,1571533200,31,50,19,81,42,-0.15667004359023243,-0.9758496055135242
88,1571547600,5,7,2,12,42,-0.290149999143216,-1.1271690253712972
88,1571562000,10,49,39,59,42,0.0003651982368070413,-1.0240963770623794
88,1571576400,75,150,75,225,42,0.28302863352547813,-0.6600525553755634
88,1571590800,201,267,66,468,42,0.21236277470331033,-0.1271450332677546
88,1571605200,139,134,-5,273,42,-0.3451123337826798,-0.5547868719962431
88,1571619600,24,21,-3,45,42,-0.32940880959997587,-1.0547988680480145
88,1571634000,2,6,4,8,42,-0.27444647496051205,-1.135941165652907
88,1571646701,44,107,63,151,42,0.18880748842925443,-0.8223371505853488
88,1571648400,293,443,150,736,42,0.8719107903768761,0.4605883656001169
88,1571662800,288,530,242,818,42,1.5942729027812577,0.6404172413731224
88,1571677200,410,427,17,837,42,-0.1723735677729364,0.68208490771077
88,1571691600,728,511,-217,1239,42,-2.0096858971492986,1.563685006012577
88,1571706000,26,29,3,55,43,-0.2781623588707819,-1.0563292368869948
88,1571720400,2,4,2,6,43,-0.28626417514857166,-1.1679499788008085
88,1571734800,313,462,149,775,43,0.9047028176865235,0.583812276948635
88,1571749200,332,539,207,871,43,1.37460816179833,0.802497812126719
88,1571763600,366,417,51,783,43,0.11072482246312675,0.6020360715468087
88,1571778000,867,549,-318,1416,43,-2.8788453840412958,2.0439938191273
88,1571792400,21,43,22,64,43,-0.1242278495927764,-1.0358274679640496
88,1571806800,1,4,3,5,43,-0.2781623588707819,-1.1702279531255801
88,1571821200,316,426,110,742,43,0.5887319828527228,0.5086391242311686
88,1571835600,359,607,248,966,43,1.7067826291877102,1.0189053729800313
88,1571850000,420,502,82,922,43,0.3618811270746094,0.9186745026900761
88,1571864400,711,509,-202,1220,43,-1.9390346958176834,1.597510851472045
88,1571878800,30,57,27,87,43,-0.08371876820382758,-0.9834340584943002
88,1571893200,1,1,0,2,43,-0.3024678077041512,-1.1770618760998954
88,1571907600,328,428,100,756,43,0.5077138200748251,0.5405307647779726
88,1571922000,345,630,285,975,43,2.0065498314659314,1.0394071419029767
88,1571936400,389,508,119,897,43,0.6616483293528306,0.8617251445707834
88,1571950800,742,499,-243,1241,43,-2.2712091632070637,1.645348312292251
88,1571965200,28,62,34,90,43,-0.027006054259299233,-0.976600135519985
88,1571979600,1,22,21,23,43,-0.13232966587056616,-1.1292244152796895
88,1571994000,258,367,109,625,43,0.5806301665749329,0.2421161282328788
88,1572008400,295,524,229,819,43,1.5528481199097046,0.6840431472385902
88,1572022800,466,522,56,988,43,0.15123390385207558,1.0690208081250088
88,1572037200,637,529,-108,1166,43,-1.1774639657054458,1.474500237934373
88,1572051600,72,162,90,234,43,0.42669565729692754,-0.6485718327528591
88,1572066000,10,14,4,24,43,-0.2700605425929921,-1.1269464409549177
88,1572080400,12,35,23,47,43,-0.11612603331498664,-1.0745530314851686
88,1572094800,103,159,56,262,43,0.15123390385207558,-0.5847885516592513
88,1572109200,239,263,24,502,43,-0.10802421703719686,-0.038074713714041294
88,1572123600,247,187,-60,434,43,-0.7885767843715371,-0.19297696779851745
88,1572138000,54,74,20,128,43,-0.14043148214835594,-0.8900371111786601
88,1572152400,7,9,2,16,43,-0.28626417514857166,-1.1451702355530915
88,1572166800,9,19,10,28,43,-0.22144964492625355,-1.117834543655831
88,1572181200,64,155,91,219,43,0.4347974735747173,-0.6827414476244347
88,1572195600,162,253,91,415,43,0.4347974735747173,-0.2362584799691799
88,1572210000,155,131,-24,286,43,-0.49691139837110554,-0.5301171678647303
88,1572224400,32,27,-5,59,43,-0.34297688909310003,-1.047217339587908
88,1572238800,3,5,2,8,43,-0.28626417514857166,-1.163394030151265
88,1572253200,294,431,137,725,43,0.8074810223530464,0.46991356071004964
88,1572267600,317,594,277,911,43,1.9417353012436134,0.8936167851175874
88,1572282000,390,414,24,804,43,-0.10802421703719686,0.6498735323670146
88,1572296400,685,505,-180,1190,43,-1.7607947377063087,1.529171621728894
88,1572310800,62,93,31,155,44,-0.11868973979180612,-0.8690266264333354
88,1572325200,5,7,2,12,44,-0.32374520513424565,-1.1932717602072442
88,1572339600,322,447,125,769,44,0.5459728030423082,0.5231867451553364
88,1572354000,326,567,241,893,44,1.3661946644120664,0.8043503576585861
88,1572368400,417,449,32,866,44,-0.11161886167654958,0.7431292484844914
88,1572382800,864,506,-358,1370,44,-2.869261326626598,1.8859232864009254
88,1572397200,52,105,53,157,44,0.03686957874383765,-0.8644917294574765
88,1572411600,5,10,5,15,44,-0.302532570788476,-1.186469414743456
88,1572426000,336,446,110,782,44,0.43990963131346017,0.552663575498419
88,1572440400,318,561,243,879,44,1.3803364206425794,0.772606078827574
88,1572454800,398,463,65,861,44,0.12172011612691608,0.7317920060448442
88,1572469200,745,507,-238,1252,44,-2.020755952795814,1.6183643648252524
88,1572483600,56,95,39,151,44,-0.062122714869753834,-0.8780964203850531
88,1572498000,5,11,6,16,44,-0.2954616926732195,-1.1842019662555265
88,1572512400,311,414,103,725,44,0.3904134845066644,0.42341901168644136
88,1572526800,328,577,249,905,44,1.4227616893341186,0.8315597395137393
88,1572541200,319,449,130,768,44,0.5813271936185909,0.520919296667407
88,1572555600,683,463,-220,1146,44,-1.8934801467211964,1.3780148251047326
88,1572570000,65,166,101,231,44,0.37627172827615135,-0.6967005413506985
88,1572584400,10,13,3,23,44,-0.3166743270189891,-1.1683298268400204
88,1572598800,278,374,96,652,44,0.34091733769986865,0.2578952720675928
88,1572613200,354,629,275,983,44,1.6066045203307884,1.008420721572235
88,1572627600,461,524,63,985,44,0.107578359896403,1.012955618548094
88,1572642000,756,596,-160,1352,44,-1.4692274598058042,1.8451092136181957
88,1572656400,66,157,91,223,44,0.305562947123586,-0.714840129254134
88,1572670800,7,11,4,18,44,-0.30960344890373254,-1.1796670692796676
88,1572685200,16,40,24,56,44,-0.16818588659860187,-1.0935040267383491
88,1572699600,106,229,123,335,44,0.5318310468117952,-0.46088589860603746
88,1572714000,231,386,155,617,44,0.7580991465000043,0.1785345749900626
88,1572728400,209,263,54,472,44,0.04394045685909419,-0.15024545575970516
88,1572742800,40,74,34,114,44,-0.09747710544603651,-0.9619920144384421
88,1572753600,5,14,9,19,44,-0.2742490583274499,-1.1773996207917383
88,1572768000,7,18,11,25,44,-0.26010730209693683,-1.1637949298641617
88,1572782400,60,137,77,197,44,0.20657065350999448,-0.7737937899402991
88,1572796800,159,246,87,405,44,0.27727943466255983,-0.30216450445097714
88,1572811200,164,214,50,378,44,0.01565694439806805,-0.3633856136250718
88,1572825600,40,65,25,105,44,-0.16111500848334534,-0.982399050829807
88,1572840000,7,7,0,14,44,-0.3378869613647587,-1.1887368632313853
88,1572854400,153,205,52,358,44,0.02979870062858112,-0.4087345833836605
88,1572868800,378,758,380,1136,44,2.3490467224327247,1.3553403402254383
88,1572883200,354,499,145,853,44,0.6873903653474389,0.7136524181414088
88,1572897600,822,512,-310,1334,44,-2.5298591770942847,1.804295140835466
88,1572912000,86,179,93,265,45,0.2202997162481787,-0.5901700247586192
88,1572926400,11,9,-2,20,45,-0.3817522480191043,-1.1123410956757467
88,1572940800,147,192,45,339,45,-0.08389496043423794,-0.4324530482367114
88,1572955200,410,792,382,1202,45,2.051805165440229,1.4068679076877006
88,1572969600,295,448,153,743,45,0.6005430621011996,0.428596391153164
88,1572984000,816,519,-297,1335,45,-2.251282031796457,1.690332203328427
88,1572998400,97,200,103,297,45,0.2836736072236822,-0.5219680889653617
88,1573012800,9,10,1,19,45,-0.3627400807264532,-1.114472406169286
88,1573027200,156,191,35,347,45,-0.1472688514097414,-0.415402564288397
88,1573041600,465,827,362,1292,45,1.9250573834892222,1.5986858521062373
88,1573056000,286,459,173,745,45,0.7272908440522065,0.4328590121402426
88,1573070400,841,563,-278,1404,45,-2.1308716389430002,1.8373926273826382
88,1573084800,106,435,329,541,45,1.7159235432700606,-0.0019283285417736945
88,1573099200,14,17,3,31,45,-0.35006530253135254,-1.0888966802468143
88,1573113600,161,203,42,364,45,-0.102907127726889,-0.379170285898229
88,1573128000,471,828,357,1299,45,1.8933704380014704,1.6136050255610122
88,1573142400,326,449,123,775,45,0.4104213891746891,0.49679832694642145
88,1573156800,913,547,-366,1460,45,-2.6885618795274304,1.956746015020839
88,1573171200,101,219,118,320,45,0.37873444368693737,-0.472947947613958
88,1573185600,12,15,3,27,45,-0.35006530253135254,-1.0974219222209716
88,1573200000,130,173,43,303,45,-0.09656973862933864,-0.509180226004126
88,1573214400,431,555,124,986,45,0.4167587782722395,0.9465048410832128
88,1573228800,393,517,124,910,45,0.4167587782722395,0.7845252435742264
88,1573243200,854,610,-244,1464,45,-1.9154004096262882,1.965271256994996
88,1573257600,126,251,125,377,45,0.42309616736978983,-0.35146324948221813
88,1573272000,11,25,14,36,45,-0.2803540224582987,-1.0782401277791178
88,1573286400,6,23,17,29,45,-0.2613418551656477,-1.093159301233893
88,1573300800,72,195,123,267,45,0.4104213891746891,-0.5859074037715406
88,1573315200,225,296,71,521,45,0.08087715610207108,-0.0445545384125596
88,1573329600,257,269,12,526,45,-0.2930288006533994,-0.033897985944863124
88,1573344000,42,107,65,149,45,0.042852821516768995,-0.8374020420091774
88,1573358400,9,13,4,22,45,-0.34372791343380216,-1.108078474688668
88,1573372800,5,18,13,23,45,-0.28669141155584904,-1.1059471641951286
88,1573387200,47,196,149,243,45,0.5751935057109981,-0.6370588556164838
88,1573401600,185,225,40,410,45,-0.11558190592198968,-0.2811300031954214
88,1573416000,182,222,40,404,45,-0.11558190592198968,-0.29391786615665716
88,1573430400,32,72,40,104,45,-0.11558190592198968,-0.9333110142184458
88,1573444800,4,13,9,17,45,-0.31204096794605046,-1.1187350271563645
88,1573459200,104,123,19,227,45,-0.24866707697054696,-0.6711598235131124
88,1573473600,384,627,243,1011,45,1.1709080808807308,0.9997876034216951
88,1573488000,253,428,175,681,45,0.7399656222473072,0.2964551405537277
88,1573502400,682,543,-139,1225,45,-1.249974554383502,1.4558880490391044
88,1573516800,78,150,72,228,46,0.18746771435609522,-0.6470977199441519
88,1573531200,9,16,7,25,46,-0.1984952269652773,-1.0553525046299472
88,1573545600,194,196,2,390,46,-0.22818468398999828,-0.32129833512100486
88,1573560000,476,816,340,1292,46,1.7788226108811387,1.492720461857258
88,1573574400,302,408,106,710,46,0.38935602212419773,0.3222560052703966
88,1573588800,923,531,-392,1454,46,-2.56771389753801,1.8185198466804051
88,1573603200,83,208,125,291,46,0.5021759588181374,-0.5203979591795947
88,1573617600,88,91,3,179,46,-0.22224679258505406,-0.7456419783165853
88,1573632000,174,209,35,383,46,-0.03223426762683991,-0.3353760863170668
88,1573646400,467,869,402,1336,46,2.1469718779876787,1.5812091836610758
88,1573660800,318,417,99,735,46,0.3477907822895884,0.37253368811347487
88,1573675200,887,560,-327,1447,46,-2.1817509562166375,1.8044420954843432
88,1573689600,123,224,101,347,46,0.3596665650994768,-0.4077759496110995
88,1573704000,11,11,0,22,46,-0.24006046679988666,-1.0613858265711167
88,1573718400,140,166,26,306,46,-0.08567529027133765,-0.4902313494737478
88,1573732800,543,778,235,1321,46,1.1553440133619985,1.551042573955229
88,1573747200,315,440,125,755,46,0.5021759588181374,0.41275583438793745
88,1573761600,893,571,-322,1464,46,-2.1520614991919165,1.8386309198176365
88,1573776000,122,231,109,353,46,0.40716969633903033,-0.3957093057287607
88,1573790400,14,22,8,36,46,-0.1925573355603331,-1.0332303241789929
88,1573804800,134,164,30,298,46,-0.061923724651560874,-0.5063202079835328
88,1573819200,417,739,322,1156,46,1.6719405655921433,1.2192098671909124
88,1573833600,344,509,165,853,46,0.7396916150159051,0.6098443511328042
88,1573848000,802,592,-210,1394,46,-1.4870176618381672,1.6978534078570173
88,1573862400,115,234,119,349,46,0.46654861038847223,-0.4037537349836532
88,1573876800,13,19,6,32,46,-0.2044331183702215,-1.0412747534338853
88,1573891200,6,23,17,29,46,-0.13911631291583537,-1.0473080753750548
88,1573905600,67,153,86,220,46,0.2705981940253139,-0.6631865784539369
88,1573920000,246,268,22,514,46,-0.10942685589111442,-0.0719210282193368
88,1573934400,223,235,12,458,46,-0.16880576994055635,-0.18454303778783207
88,1573948800,55,97,42,152,46,0.009330972207769433,-0.7999418757871097
88,1573963200,6,11,5,17,46,-0.21037100977516568,-1.0714413631397322
88,1573977600,4,13,9,17,46,-0.18661944415538892,-1.0714413631397322
88,1573992000,42,107,65,149,46,0.14590247452148586,-0.8059751977282792
88,1574006400,149,175,26,324,46,-0.08567529027133765,-0.45403141782673145
88,1574020800,145,161,16,306,46,-0.14505420432077956,-0.4902313494737478
88,1574035200,28,37,9,65,46,-0.18661944415538892,-0.9749082120810221
88,1574049600,6,7,1,13,46,-0.23412257539494247,-1.0794857923946248
88,1574064000,144,184,40,328,46,-0.0025448106021189517,-0.44598698857183894
88,1574078400,435,788,353,1223,46,1.8560151991454132,1.353954057210362
88,1574092800,267,428,161,695,46,0.7159400493961283,0.29208939556454966
88,1574107200,888,536,-352,1424,46,-2.3301982413402427,1.7581866272687112
88,1574121600,110,174,64,284,47,0.029262382136324414,-0.5342490981878241
88,1574136000,11,8,-3,19,47,-0.3799848165760575,-1.0878839175630748
88,1574150400,139,169,30,308,47,-0.178415300792347,-0.48410858624440517
88,1574164800,454,801,347,1255,47,1.7578736841602658,1.4943524475230001
88,1574179200,274,399,125,673,47,0.4018605779789407,0.2784450328950911
88,1574193600,885,588,-297,1473,47,-2.1757859571945692,1.9497954310090555
88,1574208000,104,202,98,306,47,0.23694006506499582,-0.48828696223969004
88,1574222400,14,55,41,69,47,-0.11122546219777683,-0.983424517680952
88,1574236800,164,195,31,359,47,-0.17230713364738606,-0.37755999836463994
88,1574251200,433,866,433,1299,47,2.283176058626905,1.5862767194192682
88,1574265600,291,437,146,728,47,0.5301320880231202,0.3933503727654261
88,1574280000,875,557,-318,1432,47,-2.3040574672387484,1.8641387231057147
88,1574294400,91,184,93,275,47,0.2063992293401912,-0.5530517901666062
88,1574308800,9,20,11,29,47,-0.2944704765466046,-1.0669920375866502
88,1574323200,152,191,39,343,47,-0.12344179648769868,-0.4109870063269192
88,1574335426,162,231,69,393,47,0.059803217861129035,-0.30652760644479643
88,1574337600,418,826,408,1244,47,2.130471880002882,1.4713713795489332
88,1574352000,299,437,138,736,47,0.48126675086343274,0.41006387674656575
88,1574366400,875,559,-316,1434,47,-2.291841132948827,1.8683170991009996
88,1574380800,131,231,100,362,47,0.24915639935491768,-0.37129243437171255
88,1574395200,16,21,5,37,47,-0.3311194794163701,-1.0502785336055105
88,1574409600,164,168,4,332,47,-0.33722764656133103,-0.4339680743009862
88,1574424000,411,748,337,1159,47,1.6967920127106566,1.2937903997493243
88,1574438400,336,483,147,819,47,0.536240255168081,0.5834664805508896
88,1574452800,785,579,-206,1364,47,-1.6199427470031251,1.7220739392660278
88,1574467200,121,242,121,363,47,0.3774279093990971,-0.3692032463740701
88,1574481600,12,27,15,39,47,-0.27003780796676086,-1.0461001576102256
88,1574496000,8,24,16,32,47,-0.2639296408217999,-1.060724473593723
88,1574510400,57,210,153,267,47,0.5728892580378466,-0.5697652941477458
88,1574524800,226,320,94,546,47,0.21250739648515213,0.013118157194499243
88,1574539200,190,261,71,451,47,0.07201955215105088,-0.18535470258153403
88,1574553600,54,118,64,172,47,0.029262382136324414,-0.768238153923779
88,1574568000,7,11,4,18,47,-0.33722764656133103,-1.0899731055607171
88,1574582400,6,14,8,20,47,-0.3127949779814873,-1.0857947295654322
88,1574596800,60,114,54,174,47,-0.03181928931328482,-0.7640597779284942
88,1574611200,120,180,60,300,47,0.004829713556480718,-0.5008220902255448
88,1574625600,133,204,71,337,47,0.07201955215105088,-0.4235221343127739
88,1574640000,32,78,46,110,47,-0.08068462647297221,-0.8977678097776113
88,1574654400,5,8,3,13,47,-0.34333581370629196,-1.1004190455489296
88,1574668800,136,172,36,308,47,-0.14176629792258144,-0.48410858624440517
88,1574683200,433,767,334,1200,47,1.6784675112757739,1.379447107652665
88,1574697600,347,472,125,819,47,0.4018605779789407,0.5834664805508896
88,1574712000,781,526,-255,1307,47,-1.9192429371062103,1.6029902234004079
88,1574726400,97,205,108,302,48,0.35048912174253366,-0.36245818827284665
88,1574740800,7,7,0,14,48,-0.6961327717559077,-1.1064416000068282
88,1574755200,160,165,5,325,48,-0.6476780544643131,-0.3030428463635356
88,1574769600,453,745,292,1198,48,2.1336227180732115,1.9521568704550958
88,1574784000,336,470,134,806,48,0.602453651658825,0.939512782261621
88,1574798400,755,563,-192,1318,48,-2.5567939157531367,2.262149958677588
88,1574812800,95,200,105,295,48,0.32141629136757693,-0.38054111841915866
88,1574827200,12,31,19,43,48,-0.5120048460478486,-1.0315266036863926
88,1574841600,135,150,15,285,48,-0.5507686198811241,-0.406373875771033
88,1574856000,311,498,187,809,48,1.1160736549497268,0.9472626094671833
88,1574870400,427,489,62,916,48,-0.09529427734013582,1.223673113132239
88,1574884800,389,460,71,849,48,-0.008075786215265706,1.0505936388746808
88,1574899200,68,188,120,256,48,0.46678044324236045,-0.4812888720914687
88,1574913600,9,15,6,24,48,-0.6379871110059943,-1.0806088426549538
88,1574928000,16,23,7,39,48,-0.6282961675476754,-1.0418597066271422
88,1574942400,53,138,85,191,48,0.1275974222011989,-0.649201794878652
88,1574956800,124,365,241,489,48,1.6393846016989477,0.12061437420720389
88,1574971200,195,151,-44,346,48,-1.1225342839219394,-0.24879405592459944
88,1574985600,40,132,92,172,48,0.19543402640943122,-0.6982840338472133
88,1575000000,9,17,8,26,48,-0.6186052240893565,-1.075442291184579
88,1575014400,51,79,28,130,48,-0.42478635492297845,-0.8067816147250856
88,1575028800,183,271,88,454,48,0.1566702525761556,0.03019972347564363
88,1575043200,411,537,126,948,48,0.5249261039922739,1.306337936658237
88,1575057600,389,440,51,829,48,-0.20189465538164372,0.9989281241709321
88,1575072000,85,279,194,364,48,1.183910259157959,-0.2022950926912256
88,1575086400,17,28,11,45,48,-0.5895323937143998,-1.0263600522160177
88,1575100800,17,28,11,45,48,-0.5895323937143998,-1.0263600522160177
88,1575115200,117,238,121,355,48,0.47647138670067934,-0.22554457430791253
88,1575129600,275,444,169,719,48,0.9416366726999866,0.7147677933003141
88,1575144000,294,459,165,753,48,0.9028728988667111,0.802599168296687
88,1575158400,87,177,90,264,48,0.1760521394927934,-0.46062266620996917
88,1575172800,12,34,22,46,48,-0.48293201567289185,-1.0237767764808303
88,1575187200,11,21,10,32,48,-0.5992233371727187,-1.0599426367734543
88,1575201600,72,156,84,228,48,0.11790647874288002,-0.5536205926767169
88,1575216000,172,316,144,488,48,0.699363086242014,0.11803109847201645
88,1575230400,157,282,125,439,48,0.515235160533955,-0.008549412552167908
88,1575244800,35,90,55,125,48,-0.16313088154836813,-0.8196979934010228
88,1575259200,5,12,7,17,48,-0.6282961675476754,-1.098691772801266
88,1575273600,146,175,29,321,48,-0.41509541146465956,-0.31337594930428536
88,1575288000,458,751,293,1209,48,2.1433136615315305,1.9805729035421575
88,1575302400,291,429,138,720,48,0.6412174254921007,0.7173510690355016
88,1575316800,804,539,-265,1343,48,-3.2642327882104163,2.326731852057274
88,1575331200,82,144,62,226,49,0.2439983806370414,-0.15271466173908996
88,1575345600,13,13,0,26,49,-0.2497247819427879,-0.5843997465343576
88,1575360000,128,172,44,300,49,0.10065939795257484,0.007008819635159091
88,1575374400,460,806,346,1266,49,2.505568996325292,2.0920477791963017
88,1575388800,307,449,142,756,49,0.8810605259013372,0.9912508129683694
88,1575403200,892,534,-358,1426,49,-3.100577882000512,2.4373958470325157
88,1575417600,118,204,86,322,49,0.4351170242163302,0.054494178962638536
88,1575432000,13,19,6,32,49,-0.20194512104796572,-0.5714491939904995
88,1575446400,167,183,16,350,49,-0.12231235288992873,0.11493009083397601
88,1575460800,443,850,407,1293,49,2.991328882089318,2.150325265643663
88,1575475200,329,418,89,747,49,0.4590068546637413,0.9718249841525823
88,1575489600,833,530,-303,1363,49,-2.6625976571313084,2.3014150453220066
88,1575504000,91,270,179,361,49,1.1757017680860742,0.13867277049771573
88,1575509102,9,16,7,25,49,-0.19398184423216203,-0.5865581719583339
88,1575516315,10,8,-2,18,49,-0.2656513355743953,-0.6016671499261683
88,1575516383,2,10,8,12,49,-0.1860185674163583,-0.6146177024700263
88,1575516450,0,0,0,0,49,-0.2497247819427879,-0.6405188075577424
88,1575516513,0,0,0,0,49,-0.2497247819427879,-0.6405188075577424
88,1575516575,9,11,2,20,49,-0.23379822831118052,-0.5973502990782157
88,1575516636,0,0,0,0,49,-0.2497247819427879,-0.6405188075577424
88,1575517126,7,9,2,16,49,-0.23379822831118052,-0.605984000774121
88,1575517201,0,0,0,0,49,-0.2497247819427879,-0.6405188075577424
88,1575517267,0,0,0,0,49,-0.2497247819427879,-0.6405188075577424
88,1575517336,0,0,0,0,49,-0.2497247819427879,-0.6405188075577424
88,1575517401,0,0,0,0,49,-0.2497247819427879,-0.6405188075577424
88,1575517467,0,0,0,0,49,-0.2497247819427879,-0.6405188075577424
88,1575517536,0,0,0,0,49,-0.2497247819427879,-0.6405188075577424
88,1575517602,0,0,0,0,49,-0.2497247819427879,-0.6405188075577424
88,1575517667,0,0,0,0,49,-0.2497247819427879,-0.6405188075577424
88,1575517736,0,0,0,0,49,-0.2497247819427879,-0.6405188075577424
88,1575517802,0,0,0,0,49,-0.2497247819427879,-0.6405188075577424
88,1575517867,0,0,0,0,49,-0.2497247819427879,-0.6405188075577424
88,1575517936,0,0,0,0,49,-0.2497247819427879,-0.6405188075577424
88,1575518002,0,0,0,0,49,-0.2497247819427879,-0.6405188075577424
88,1575518067,0,0,0,0,49,-0.2497247819427879,-0.6405188075577424
88,1575518130,0,1,1,1,49,-0.24176150512698422,-0.6383603821337661
88,1575518203,0,0,0,0,49,-0.2497247819427879,-0.6405188075577424
88,1575518283,1,0,-1,1,49,-0.25768805875859163,-0.6383603821337661
88,1575518363,0,0,0,0,49,-0.2497247819427879,-0.6405188075577424
88,1575518400,1,2,1,3,49,-0.24176150512698422,-0.6340435312858134
88,1575518444,0,0,0,0,49,-0.2497247819427879,-0.6405188075577424
88,1575518524,1,0,-1,1,49,-0.25768805875859163,-0.6383603821337661
88,1575518604,0,0,0,0,49,-0.2497247819427879,-0.6405188075577424
88,1575518684,0,0,0,0,49,-0.2497247819427879,-0.6405188075577424
88,1575518764,0,0,0,0,49,-0.2497247819427879,-0.6405188075577424
88,1575518847,0,0,0,0,49,-0.2497247819427879,-0.6405188075577424
88,1575518927,0,1,1,1,49,-0.24176150512698422,-0.6383603821337661
88,1575519008,0,0,0,0,49,-0.2497247819427879,-0.6405188075577424
88,1575519088,0,0,0,0,49,-0.2497247819427879,-0.6405188075577424
88,1575519168,0,0,0,0,49,-0.2497247819427879,-0.6405188075577424
88,1575519250,0,0,0,0,49,-0.2497247819427879,-0.6405188075577424
88,1575519337,0,0,0,0,49,-0.2497247819427879,-0.6405188075577424
88,1575519417,0,0,0,0,49,-0.2497247819427879,-0.6405188075577424
88,1575519498,0,0,0,0,49,-0.2497247819427879,-0.6405188075577424
88,1575519578,0,0,0,0,49,-0.2497247819427879,-0.6405188075577424
88,1575519667,0,0,0,0,49,-0.2497247819427879,-0.6405188075577424
88,1575519747,0,0,0,0,49,-0.2497247819427879,-0.6405188075577424
88,1575519827,0,0,0,0,49,-0.2497247819427879,-0.6405188075577424
88,1575527639,45,40,-5,85,49,-0.2895411660218064,-0.45705264651975364
88,1575527719,4,0,-4,4,49,-0.2815778892060027,-0.631885105861837
88,1575527800,1,0,-1,1,49,-0.25768805875859163,-0.6383603821337661
88,1575532800,124,167,43,291,49,0.09269612113677114,-0.012417009180627953
88,1575547200,493,861,368,1354,49,2.6807610862729736,2.2819892165062194
88,1575561600,366,449,83,815,49,0.4112271937689191,1.1185979129829733
88,1575576000,890,599,-291,1489,49,-2.567038335341664,2.573376648743025
88,1575590400,128,251,123,379,49,0.729758266401067,0.1775244281292898
88,1575604800,11,54,43,65,49,0.09269612113677114,-0.5002211549992804
88,1575619200,152,155,3,307,49,-0.2258349514953768,0.02211779760299346
88,1575633600,467,836,369,1303,49,2.688724363088777,2.1719095198834264
88,1575648000,504,470,-34,974,49,-0.5204761936801138,1.461787555395211
88,1575662400,865,613,-252,1478,49,-2.2564705395253197,2.5496339690792853
88,1575676800,147,333,186,480,49,1.2314447057967,0.39552539595089997
88,1575691200,15,40,25,55,49,-0.05064286154769544,-0.5218054092390438
88,1575705600,26,35,9,61,49,-0.1780552906005546,-0.5088548566951858
88,1575720000,157,289,132,446,49,0.8014277577433002,0.3221389315357045
88,1575734400,410,547,137,957,49,0.8412441418223188,1.4250943231876134
88,1575748800,360,552,192,912,49,1.2792243666915222,1.3279651791086782
88,1575763200,124,309,185,433,49,1.2234814289808964,0.2940794010240121
88,1575777600,12,53,41,65,49,0.07676956750516374,-0.5002211549992804
88,1575792000,14,25,11,39,49,-0.16212873696894722,-0.5563402160226653
88,1575806400,101,210,109,311,49,0.6182723909798152,0.030751499298898814
88,1575820800,271,407,136,678,49,0.8332808650065151,0.822893629898215
88,1575835200,230,410,180,640,49,1.1836650449018777,0.7408734637871142
88,1575849600,54,149,95,203,49,0.5067865155585635,-0.2023584464905457
88,1575864000,7,13,6,20,49,-0.20194512104796572,-0.5973502990782157
88,1575878400,147,201,54,348,49,0.18029216611061183,0.11061323998602333
88,1575892800,512,873,361,1385,49,2.6250181485623476,2.348900404649486
88,1575907200,341,424,83,765,49,0.4112271937689191,1.0106766417841564
88,1575921600,916,586,-330,1502,49,-2.877606131158008,2.6014361792547174
88,1575936000,102,187,85,289,50,0.17462017282100836,-0.6250349578584495
88,1575950400,9,12,3,21,50,-0.33126868423033085,-1.1740112303348649
88,1575960065,8,17,9,25,50,-0.29425242639730603,-1.1658175546262617
88,1575964638,57,130,73,187,50,0.10058765715495872,-0.8339736884278315
88,1575964800,157,170,13,327,50,-0.2695749211752895,-0.547195038626719
88,1575968219,42,264,222,306,50,1.019824726675075,-0.5902118360968859
88,1575979200,482,676,194,1158,50,0.8470821901209592,1.1550410898355985
88,1575993600,416,421,5,837,50,-0.31892993161932254,0.49749861422019065
88,1576008000,959,514,-445,1473,50,-3.095149269096184,1.8002930518881015
88,1576022400,112,238,126,350,50,0.42756460134667795,-0.5000814033022506
88,1576036800,12,17,5,29,50,-0.31892993161932254,-1.1576238789176585
88,1576051200,165,163,-2,328,50,-0.36211556575785153,-0.5451466196995682
88,1576065600,462,779,317,1241,50,1.6059154756979679,1.325059860789115
88,1576080000,371,511,140,882,50,0.5139358696237358,0.5896774659419768
88,1576094400,937,580,-357,1517,50,-2.55224415421182,1.8904234846827368
88,1576108800,151,231,80,382,50,0.14377329129348768,-0.4345319976334248
88,1576123200,8,23,15,31,50,-0.25723616856428116,-1.1535270410633567
88,1576137600,147,185,38,332,50,-0.11534051353768605,-0.536952943990965
88,1576152000,521,848,327,1369,50,1.6676092387530093,1.587257483464418
88,1576166400,429,505,76,934,50,0.11909578607147114,0.6961952501538186
88,1576180800,896,485,-411,1381,50,-2.8853904747090433,1.6118385105902275
88,1576195200,155,316,161,471,50,0.6434927720393228,-0.25222271311700334
88,1576209600,11,32,21,43,50,-0.22021991073125638,-1.1289460139375471
88,1576221103,7,29,22,36,50,-0.21405053442575223,-1.1432849464276027
88,1576224000,153,159,6,312,50,-0.3127605553138184,-0.5779213225339811
88,1576238400,429,782,353,1211,50,1.8280130226961169,1.263607292974591
88,1576252800,498,525,27,1023,50,-0.18320365289823154,0.87850453467024
88,1576267200,826,667,-159,1493,50,-1.330707645722001,1.8412614304311177
88,1576281600,137,321,184,458,50,0.7853884270659178,-0.2788521591699638
88,1576296000,21,56,35,77,50,-0.13384864245419845,-1.0592997704144198
88,1576310400,29,31,2,60,50,-0.33743806053583497,-1.0941228921759836
88,1576324800,141,284,143,425,50,0.5324439985402483,-0.34644998376594033
88,1576339200,344,569,225,913,50,1.0383328555915874,0.6531784526836517
88,1576353600,334,441,107,775,50,0.3103464515420994,0.37049664073684085
88,1576368000,104,296,192,400,50,0.8347434375099508,-0.39766045694471036
88,1576382400,16,73,57,89,50,0.001877636266892544,-1.0347187432886102
88,1576396800,19,26,7,45,50,-0.3065911790083143,-1.1248491760832455
88,1576411200,121,270,149,391,50,0.5694602563732731,-0.4160962272890676
88,1576425600,364,487,123,851,50,0.4090564724301656,0.5261764792003019
88,1576440000,317,481,164,798,50,0.6620009009558352,0.4176102760613093
88,1576454400,60,187,127,247,50,0.4337339776521821,-0.7110685527987832
88,1576468800,10,19,9,29,50,-0.29425242639730603,-1.1576238789176585
88,1576483200,142,169,27,311,50,-0.18320365289823154,-0.5799697414611319
88,1576497600,483,683,200,1166,50,0.884098447953984,1.1714284412528049
88,1576512000,388,495,107,883,50,0.3103464515420994,0.5917258848691276
88,1576526400,809,615,-194,1424,50,-1.5466358164146459,1.6999205244577122
88,1576540800,110,230,120,340,51,0.3055835211538881,-0.604227522104947
88,1576555200,10,24,14,34,51,-0.46087159781913156,-1.2443670088820287
88,1576569600,142,185,43,327,51,-0.2511810464019847,-0.6314229904974374
88,1576584000,484,755,271,1239,51,1.3974205302569631,1.2764437151911199
88,1576598400,440,442,2,882,51,-0.547640101853813,0.5296143139511912
88,1576612800,952,582,-370,1534,51,-3.2374637269289384,1.8935716517899404
88,1576627200,128,265,137,393,51,0.4285055685363535,-0.4933536894278708
88,1576641600,10,35,25,45,51,-0.3813338024540069,-1.2213554587037676
88,1576656000,149,180,31,329,51,-0.33794955043666614,-0.6272390722832081
88,1576670400,483,803,320,1286,51,1.7517252550652458,1.3747657932255082
88,1576684800,388,536,148,924,51,0.5080433639014782,0.6174765964500063
88,1576699200,954,660,-294,1614,51,-2.6879298680426227,2.060928380359112
88,1576713600,137,285,148,422,51,0.5080433639014782,-0.43268687532154604
88,1576728000,11,24,13,35,51,-0.46810230648868834,-1.242275049774914
88,1576742400,144,177,33,321,51,-0.32348813309755253,-0.6439747451401253
88,1576756800,470,762,292,1232,51,1.5492654123176557,1.2618000014413173
88,1576771200,386,526,140,912,51,0.45019769454502384,0.5923730871646306
88,1576785600,792,613,-179,1405,51,-1.8563983710435918,1.623708926972151
88,1576800000,132,329,197,461,51,0.8623480887097609,-0.35110047014407486
88,1576814400,15,20,5,35,51,-0.5259479758451426,-1.242275049774914
88,1576828800,137,158,21,295,51,-0.41025663713223404,-0.6983656819251061
88,1576843200,433,672,239,1105,51,1.166037852831146,0.9961211948377572
88,1576857600,413,556,143,969,51,0.4718898205536942,0.7116147562701653
88,1576872000,723,631,-92,1354,51,-1.227326716792151,1.5170190125093042
88,1576886400,111,313,202,424,51,0.8985016320575447,-0.42850295710731673
88,1576900800,14,51,37,65,51,-0.2945652984193254,-1.1795162765614746
88,1576915200,27,25,-2,52,51,-0.5765629365320402,-1.206711744953965
88,1576929600,99,259,160,358,51,0.5948118679361596,-0.5665722581768834
88,1576944000,369,498,129,867,51,0.37065989917989917,0.49823492734447145
88,1576958400,347,553,206,900,51,0.927424466735772,0.5672695778792548
88,1576972800,91,300,209,391,51,0.9491165927444423,-0.49753760764210003
88,1576987200,14,50,36,64,51,-0.3017960070888822,-1.1816082356685893
88,1577001600,18,19,1,37,51,-0.5548708105233698,-1.2380911315606848
88,1577016000,119,236,117,355,51,0.2838913951452177,-0.5728481354982273
88,1577030400,362,455,93,817,51,0.11035438707585478,0.39363697198873915
88,1577044800,405,490,85,895,51,0.05250871771940047,0.5568097823436815
88,1577059200,71,285,214,356,51,0.9852701360922262,-0.5707561763911126
88,1577073600,9,29,20,38,51,-0.4174873458017908,-1.2359991724535702
88,1577088000,112,130,18,242,51,-0.4319487631409044,-0.8092395146021824
88,1577102400,315,493,178,808,51,0.7249646239881818,0.37480934002470734
88,1577116800,400,583,183,983,51,0.7611181673359658,0.7409021837697704
88,1577131200,647,619,-28,1266,51,-0.7645613619405167,1.3329266110832152
88,1577145600,92,272,180,364,52,1.821099406974309,-0.21382729294409306
88,1577160000,14,28,14,42,52,-0.8171769702568356,-1.1288091976350958
88,1577174400,86,89,3,175,52,-0.9920025133263692,-0.7508818891757686
88,1577188800,198,347,149,545,52,1.328409240141987,0.30049483360581847
88,1577203200,380,497,117,877,52,0.8198258421215253,1.2438923253990264
88,1577217600,333,383,50,716,52,-0.24502064748381622,0.786401373053525
88,1577232000,83,207,124,290,52,0.9310784604385013,-0.4241026375004105
88,1577246400,5,37,32,42,52,-0.5310988088703259,-1.1288091976350958
88,1577260800,12,16,4,28,52,-0.9761092821382298,-1.168591019578183
88,1577275200,42,120,78,162,52,0.1999898257840877,-0.7878221524086352
88,1577289600,165,289,124,454,52,0.9310784604385013,0.04191299097575246
88,1577304000,257,205,-52,462,52,-1.8661302286740376,0.0646454606575165
88,1577318400,43,156,113,199,52,0.7562529173689676,-0.6826844801304764
88,1577332800,8,19,11,27,52,-0.8648566638212538,-1.1714325782884034
88,1577347200,99,103,4,202,52,-0.9761092821382298,-0.674159803999815
88,1577361600,211,358,147,569,52,1.296622777765708,0.3686922426511106
88,1577376000,421,487,66,908,52,0.00927105152641459,1.331980645415862
88,1577390400,488,484,-4,972,52,-1.1032551316433452,1.5138404028699743
88,1577404800,103,277,174,380,52,1.7257400198454724,-0.16836235358056495
88,1577419200,9,32,23,41,52,-0.6741378895635807,-1.1316507563453164
88,1577433600,96,105,9,201,52,-0.8966431261975326,-0.6770013627100355
88,1577448000,260,368,108,628,52,0.6767867614282704,0.5363442065541204
88,1577462400,491,532,41,1023,52,-0.388059728177071,1.6587598970912203
88,1577476800,590,645,55,1235,52,-0.16555449154311908,2.2611703436579673
