remote_unit_id,time_stamp,entries,exits,num_people_exited,sum_exit_entry,week_num,z_score_num_people_exited,z_score_sum_exit_entry
R273,1546311600,137,257,120,394,1,0.5826717594469737,-0.8402495391468846
R273,1546326000,109,116,7,225,1,0.2371686004761504,-1.2871485859315377
R273,1546340400,307,89,-218,396,1,-0.4507801673861084,-0.8349607930310898
R273,1546354800,487,182,-305,669,1,-0.7167870242928484,-0.11304694822511194
R273,1546369200,441,400,-41,841,1,0.0904061966655352,0.34178521773323317
R273,1546383600,179,412,233,591,1,0.928174918417797,-0.31930804674110563
R273,1546398000,51,151,100,202,1,0.5215207578592174,-1.3479691662631768
R273,1546412400,283,55,-228,338,1,-0.48135566817998654,-0.9883344303891365
R273,1546426800,910,186,-724,1096,1,-1.9979005075563439,1.0161003474970587
R273,1546441200,599,303,-296,902,1,-0.6892690735783581,0.5030919742649718
R273,1546455600,518,768,250,1286,1,0.9801532697673898,1.518531228497556
R273,1546470000,216,624,408,840,1,1.4632461823106648,0.3391408446753358
R273,1546484400,55,251,196,306,1,0.8150455654804477,-1.0729543682418519
R273,1546498800,318,67,-251,385,1,-0.5516793200059062,-0.8640488966679608
R273,1546513200,997,175,-822,1172,1,-2.29754041533635,1.2170726998972576
R273,1546527600,579,361,-218,940,1,-0.4507801673861084,0.6035781504650714
R273,1546542000,570,794,224,1364,1,0.9006569677033066,1.72479232701355
R273,1546556400,253,637,384,890,1,1.3898649804053573,0.47135949757020357
R273,1546570800,65,246,181,311,1,0.7691823142896305,-1.059732502952365
R273,1546585200,306,58,-248,364,1,-0.5425066697677429,-0.9195807308838052
R273,1546598712,219,171,-48,390,1,0.06900334610982048,-0.850827031378474
R273,1546599575,13,11,-2,24,1,0.20965064976166006,-1.818667570568906
R273,1546599600,1027,168,-859,1195,1,-2.410669768273699,1.277893280228897
R273,1546614000,608,380,-228,988,1,-0.48135566817998654,0.7305080572441444
R273,1546628400,610,767,157,1377,1,0.6958011123843229,1.7591691767662154
R273,1546642800,310,601,291,911,1,1.1055128230222904,0.526891331786048
R273,1546657200,58,346,288,404,1,1.0963401727841269,-0.8138058085679111
R273,1546671600,145,59,-86,204,1,-0.04718355690691655,-1.342680420147382
R273,1546686000,559,159,-400,718,1,-1.007254281834691,0.01652733161185847
R273,1546700400,626,325,-301,951,1,-0.7045568239752972,0.6326662541019422
R273,1546714800,552,542,-10,1094,1,0.18519024912655752,1.010811601381264
R273,1546729200,299,494,195,793,1,0.8119880154010599,0.2148553109541601
R273,1546743600,80,308,228,388,1,0.9128871680208579,-0.8561157774942687
R273,1546758000,103,57,-46,160,1,0.07511844626859612,-1.4590328346948658
R273,1546772400,486,110,-376,596,1,-0.9338730799293834,-0.30608618145161887
R273,1546786800,640,300,-340,940,1,-0.823801277071422,0.6035781504650714
R273,1546801200,501,549,48,1050,1,0.3625281537310509,0.8944591868337803
R273,1546815600,228,475,247,703,1,0.9709806195292264,-0.023138264256601856
R273,1546830000,50,183,133,233,1,0.6224199104790153,-1.2659936014683588
R273,1546844400,309,70,-239,379,1,-0.5149887190532525,-0.8799151350153449
R273,1546858800,1045,192,-853,1237,1,-2.3923244677973723,1.3889569486605857
R273,1546873200,562,314,-248,876,1,-0.5425066697677429,0.4343382747596406
R273,1546887600,554,824,270,1378,1,1.0413042713551461,1.7618135498241128
R273,1546902000,247,569,322,816,1,1.2002968754833128,0.2756758912857993
R273,1546916400,58,238,180,296,2,0.7075182883079302,-1.0781701237628787
R273,1546930800,339,62,-277,401,2,-0.5296310696592992,-0.8344794356605298
R273,1546933941,48,29,-19,77,2,0.16880336000272528,-1.586439273233492
R273,1546945200,1052,184,-868,1236,2,-2.1295331934199826,1.1034417506771965
R273,1546945740,8,7,-1,15,2,0.21753134346751768,-1.7303328223986885
R273,1546959600,628,297,-331,925,2,-0.6758150200536763,0.3816531411550014
R273,1546974000,592,858,266,1450,2,0.9403297648619383,1.6001065816667455
R273,1546988400,252,657,405,909,2,1.3166180816178352,0.3445193220155958
R273,1547002800,51,257,206,308,2,0.7779031533126303,-1.0503197594083244
R273,1547017200,321,65,-256,386,2,-0.47278175561704133,-0.8692923911037226
R273,1547020095,54,27,-27,81,2,0.14714647846281753,-1.5771558184486405
R273,1547031600,1112,190,-922,1302,2,-2.27571714381436,1.2566187546272443
R273,1547046000,612,342,-270,954,2,-0.5106812983118798,0.44895818834517387
R273,1547060400,610,821,211,1431,2,0.7914387042750726,1.5560101714387014
R273,1547074800,258,733,475,991,2,1.5061157950920279,0.5348301451050492
R273,1547089200,52,257,205,309,2,0.7751960431201418,-1.0479988957121118
R273,1547103600,314,64,-250,378,2,-0.45653909446211055,-0.8878593006734253
R273,1547118000,1080,182,-898,1262,2,-2.2107464991946366,1.1637842067787305
R273,1547132400,584,326,-258,910,2,-0.47819597600201824,0.34684018571180864
R273,1547146800,592,841,249,1433,2,0.8943088915896343,1.560651898831127
R273,1547161200,285,710,425,995,2,1.3707602854676044,0.5441135998899006
R273,1547175600,62,232,170,294,2,0.6804471863830455,-1.0828118511553044
R273,1547190000,302,62,-240,364,2,-0.42946799253722584,-0.9203513924204052
R273,1547204400,1026,194,-832,1220,2,-2.032077226490398,1.0663079315377908
R273,1547218800,616,342,-274,958,2,-0.5215097390818337,0.45824164313002524
R273,1547233200,624,821,197,1445,2,0.753539161580234,1.588502263185681
R273,1547247600,320,666,346,986,2,1.1568985802610157,0.523225826623985
R273,1547262000,74,309,235,383,2,0.8564093488947958,-0.8762549821923611
R273,1547276400,133,61,-72,194,2,0.02532651980083654,-1.314898220776589
R273,1547290800,567,145,-422,712,2,-0.9221620475701268,-0.11269082613833482
R273,1547305200,681,323,-358,1004,2,-0.7489069952508649,0.5650013731558162
R273,1547319600,551,526,-25,1077,2,0.15256069884779447,0.734424422979354
R273,1547334000,370,490,120,860,2,0.5450916767586221,0.23079700090116637
R273,1547348400,92,290,198,382,2,0.7562462717727225,-0.878575845888574
R273,1547362800,104,68,-36,172,2,0.12278248673042134,-1.3659572220932716
R273,1547377200,460,104,-356,564,2,-0.7434927748658879,-0.456178653177836
R273,1547391600,585,300,-285,885,2,-0.5512879511992068,0.2888185933064875
R273,1547406000,466,490,24,956,2,0.28520909827972935,0.45359991573759956
R273,1547420400,216,457,241,673,2,0.8726520100497266,-0.2032045102906358
R273,1547434800,29,180,151,209,2,0.6290120927257646,-1.2800852653333963
R273,1547449200,337,57,-280,394,2,-0.5377524002367645,-0.8507254815340198
R273,1547463600,1020,199,-821,1219,2,-2.002299014373025,1.063987067841578
R273,1547478000,575,382,-193,957,2,-0.3022338134902679,0.45592077943381243
R273,1547492400,581,807,226,1388,2,0.8320453571623996,1.456213032501549
R273,1547506800,250,630,380,880,2,1.2489403268056234,0.27721427482542327
R273,1547521200,44,238,194,282,3,0.7487658261784221,-1.2594266524729507
R273,1547535600,334,59,-275,393,3,-0.5435490116435843,-0.9745570656586818
R273,1547550000,1103,181,-922,1284,3,-2.3263372847157338,1.312098806877477
R273,1547564400,551,330,-221,881,3,-0.39475369982612507,0.2778425592545005
R273,1547578800,581,836,255,1417,3,0.9168494191574037,1.6534290325197993
R273,1547593200,261,703,442,964,3,1.4321220730437898,0.49085315119670164
R273,1547607600,48,274,226,322,3,0.8369408257739535,-1.1567709455128539
R273,1547622000,326,69,-257,395,3,-0.49395057437109785,-0.969424280310677
R273,1547636400,1050,196,-854,1246,3,-2.1389654105752296,1.214575885265385
R273,1547650800,632,319,-313,951,3,-0.6482568236632777,0.4574900464346702
R273,1547665200,610,836,226,1446,3,0.8369408257739535,1.7278544200658694
R273,1547679600,258,755,497,1013,3,1.5836728535986093,0.6166063922228203
R273,1547694000,57,241,184,298,3,0.7212111388048186,-1.218364369688912
R273,1547708400,330,57,-273,387,3,-0.5380380741688635,-0.9899554217026963
R273,1547722800,1109,198,-911,1307,3,-2.29602712860477,1.3711258383795326
R273,1547737200,602,327,-275,929,3,-0.5435490116435843,0.4010294076066168
R273,1547751600,606,865,259,1471,3,0.9278712941068451,1.79201423691593
R273,1547766000,259,684,425,943,3,1.385279104508664,0.4369589050426508
R273,1547780400,49,278,229,327,3,0.8452072319860345,-1.1439389821428418
R273,1547794800,313,60,-253,373,3,-0.48292869942165645,-1.0258849191387303
R273,1547809200,1035,209,-826,1244,3,-2.0618122859291397,1.20944309991738
R273,1547823600,593,312,-281,905,3,-0.5600818240677463,0.3394359834305587
R273,1547838000,622,855,233,1477,3,0.8562291069354759,1.8074125929599445
R273,1547852400,338,622,284,960,3,0.996758012540854,0.48058758050069195
R273,1547866800,96,309,213,405,3,0.8011197321882688,-0.9437603535706528
R273,1547881200,143,73,-70,216,3,0.021322079515288465,-1.4288085689571106
R273,1547895600,542,143,-399,685,3,-0.8852271350762682,-0.22517040484997436
R273,1547910000,679,326,-353,1005,3,-0.7584755731576919,0.596075250830801
R273,1547924400,536,511,-25,1047,3,0.14531817269650443,0.7038637431389028
R273,1547938800,300,463,163,763,3,0.6633462953202511,-0.02499177627778536
R273,1547953200,89,252,163,341,3,0.6633462953202511,-1.1080094847068078
R273,1547967600,105,64,-41,169,3,0.10123067289873874,-1.5494290246352245
R273,1547982000,398,101,-297,499,3,-0.604169323865512,-0.702519442214425
R273,1547996400,537,251,-286,788,3,-0.5738591677545481,0.039168040572275215
R273,1548010800,463,390,-73,853,3,0.013055673303207402,0.2059835643824327
R273,1548025200,236,423,187,659,3,0.7294775450168997,-0.29189661437403736
R273,1548039600,56,201,145,257,3,0.6137478580477647,-1.3235864693230113
R273,1548054000,224,48,-176,272,3,-0.2707576066449091,-1.285090579212975
R273,1548068400,557,145,-412,702,3,-0.9210482286619528,-0.18154172939193317
R273,1548082800,524,278,-246,802,3,-0.46364041826013397,0.07509753800830914
R273,1548097200,450,593,143,1043,3,0.608236920573044,0.693598172442893
R273,1548111600,214,520,306,734,3,1.0573783247627817,-0.09941716382385563
R273,1548126000,64,212,148,276,4,0.6170252734153242,-1.282288604457016
R273,1548140400,347,62,-285,409,4,-0.5461652695894739,-0.9593150627654395
R273,1548146358,89,79,-10,168,4,0.19258161107177205,-1.5445528338005519
R273,1548154800,1072,132,-940,1204,4,-2.305726021709896,0.9712410699022546
R273,1548169200,637,364,-273,1001,4,-0.5139290420697105,0.4782814536361641
R273,1548183600,590,768,178,1358,4,0.6976158422147328,1.3452104339661852
R273,1548198000,285,825,540,1110,4,1.6700753723942638,0.7429740554736215
R273,1548212400,83,304,221,387,4,0.8131289908272186,-1.0127392576317154
R273,1548226800,357,82,-275,439,4,-0.5193017466563377,-0.8864638879477907
R273,1548241200,1089,224,-865,1313,4,-2.104249599711374,1.235933671739712
R273,1548255600,692,323,-369,1015,4,-0.7718188622278181,0.5122786685510669
R273,1548270000,632,824,192,1456,4,0.7352247743211235,1.5831909383705047
R273,1548284400,281,743,462,1024,4,1.4605398935158014,0.5341340209963615
R273,1548298800,100,281,181,381,4,0.7056748990946737,-1.027309492595245
R273,1548313200,336,71,-265,407,4,-0.49243822372320145,-0.9641718077532828
R273,1548327600,1038,186,-852,1224,4,-2.069327019898297,1.019808519780687
R273,1548342000,572,350,-222,922,4,-0.37692507511071577,0.2864400266163555
R273,1548356400,606,804,198,1410,4,0.7513428880810052,1.47148580365011
R273,1548370800,313,796,483,1109,4,1.5169532916753874,0.7405456829796999
R273,1548385200,83,272,189,355,4,0.7271657174411826,-1.0904471774372075
R273,1548399600,339,70,-269,409,4,-0.503183632896456,-0.9593150627654395
R273,1548407683,688,88,-600,776,4,-1.3923662419832648,-0.06810235749620218
R273,1548408324,50,5,-45,55,4,0.09855928080579529,-1.8189589256136958
R273,1548414000,345,200,-145,545,4,-0.17007594852556684,-0.6290564035920982
R273,1548428400,671,362,-309,1033,4,-0.6106377246290008,0.5559893734416562
R273,1548442800,658,853,195,1511,4,0.7432838312010644,1.7167514255361942
R273,1548457200,367,821,454,1188,4,1.4390490751692924,0.9323871099995085
R273,1548471600,89,423,334,512,4,1.1166867999716579,-0.7091926958915119
R273,1548486000,35,58,23,93,4,0.28123123675112155,-1.726680770844674
R273,1548500400,591,156,-435,747,4,-0.9491181135865171,-0.13852515981992938
R273,1548514800,694,304,-390,998,4,-0.8282322603874042,0.4709963361543992
R273,1548529200,581,522,-59,1103,4,0.0609503486994046,0.7259754480161701
R273,1548543600,344,448,104,792,4,0.49882577250952487,-0.029248397593456137
R273,1548558000,145,345,200,490,4,0.7567155926676326,-0.7626168907577877
R273,1548572400,112,89,-23,201,4,0.15765903125869496,-1.464416541501138
R273,1548586800,497,104,-393,601,4,-0.8362913172673451,-0.49306754393248703
R273,1548601200,662,299,-363,961,4,-0.7557007484679363,0.38114655387929897
R273,1548615600,540,469,-71,1009,4,0.028714121179641137,0.4977084335875371
R273,1548630000,243,476,233,719,4,0.8453652183469821,-0.20651958964973496
R273,1548644400,70,210,140,280,4,0.5955344550688152,-1.2725751144813295
R273,1548658800,341,81,-260,422,4,-0.47900646225663335,-0.9277462203444584
R273,1548673200,1037,223,-814,1260,4,-1.9672456327523797,1.1072299295618657
R273,1548687600,614,341,-273,955,4,-0.5139290420697105,0.3665763189157692
R273,1548702000,592,822,230,1414,4,0.8373061614670412,1.4811992936257963
R273,1548716400,358,782,424,1140,4,1.3584585063698837,0.8158252302912703
R273,1548730800,197,558,361,755,5,1.0392382240460638,-0.32238572837921864
R273,1548745200,330,60,-270,390,5,-0.532697819197403,-1.2946802819998013
R273,1548759600,1022,214,-808,1236,5,-1.8729539067805807,0.9589120258440699
R273,1548774000,598,329,-269,927,5,-0.5302066368784751,0.13579143113513814
R273,1548788400,600,832,232,1432,5,0.7178757049043725,1.4810208820348485
R273,1548802800,295,903,608,1198,5,1.6545602568212399,0.8576868394397352
R273,1548817200,174,510,336,684,5,0.9769586660728677,-0.5115169977136333
R273,1548831600,296,57,-239,353,5,-0.45547116731063997,-1.393241647709285
R273,1548846000,1120,222,-898,1342,5,-2.097160315484086,1.2412770194982665
R273,1548860400,598,358,-240,956,5,-0.45796234962956783,0.2130422312858146
R273,1548874800,565,896,331,1461,5,0.9645027544782285,1.558271682185525
R273,1548889200,285,852,567,1137,5,1.5524217817451984,0.6951937770538296
R273,1548903600,144,451,307,595,5,0.9047143788239603,-0.7485970395553645
R273,1548918000,291,62,-229,353,5,-0.4305593441213616,-1.393241647709285
R273,1548932400,1002,169,-833,1171,5,-1.9352334647537766,0.7857636806787606
R273,1548946800,512,324,-188,836,5,-0.3284208690453202,-0.1066162520962948
R273,1548961200,521,767,246,1288,5,0.7527522573693621,1.0974307019763172
R273,1548975600,294,854,560,1148,5,1.5349835055127037,0.7244958046971897
R273,1548990000,164,531,367,695,5,1.0541853179596308,-0.48221497007027336
R273,1549004400,305,66,-239,371,5,-0.45547116731063997,-1.3452928752019686
R273,1549018800,978,257,-721,1235,5,-1.6562210450338586,0.9562482051492189
R273,1549033200,590,362,-228,952,5,-0.42806816180243373,0.20238694850641095
R273,1549047600,687,773,86,1460,5,0.3541630863409078,1.555607861490674
R273,1549062000,319,692,373,1011,5,1.0691324118731977,0.3595523695026147
R273,1549076400,91,305,214,396,5,0.6730344231636713,-1.278697357830696
R273,1549090800,163,67,-96,230,5,-0.09923209570395894,-1.7208915931759472
R273,1549105200,656,157,-499,813,5,-1.1031785702318782,-0.16788412807786576
R273,1549119600,685,350,-335,1035,5,-0.6946246699277125,0.4234840661790366
R273,1549134000,596,577,-19,1173,5,0.0925889428534847,0.7910913220684624
R273,1549148400,333,535,202,868,5,0.6431402353365372,-0.021373989861065635
R273,1549162800,97,325,228,422,5,0.707910975628661,-1.2094380197645722
R273,1549177200,110,59,-51,169,5,0.01287110864779383,-1.8833846555618527
R273,1549191600,501,111,-390,612,5,-0.8316396974687437,-0.703312087742899
R273,1549206000,624,301,-323,925,5,-0.6647304821005784,0.13046378974543632
R273,1549220400,545,533,-12,1078,5,0.11002721908597957,0.5380283560576258
R273,1549234800,300,484,184,784,5,0.5982989535958361,-0.24513492822854221
R273,1549249200,62,196,134,258,5,0.4737398376494441,-1.6463046137201216
R273,1549263600,317,60,-257,377,5,-0.5003124490513411,-1.3293099510328632
R273,1549278000,1090,224,-866,1314,5,-2.0174424812783953,1.166690040042441
R273,1549292400,578,325,-253,903,5,-0.49034771977562974,0.07185973445871627
R273,1549306800,639,748,109,1387,5,0.4114602796762481,1.3611489507665575
R273,1549321200,302,761,459,1063,5,1.283374091300992,0.49807104563486215
R273,1549335600,102,310,208,412,6,0.710707145073731,-1.1345152482343754
R273,1549350000,365,62,-303,427,6,-0.5224723154786511,-1.098378709158201
R273,1549364400,1092,175,-917,1267,6,-2.0042182817783822,0.9252674791075741
R273,1549378800,657,308,-349,965,6,-0.6334825995988265,0.19771849237392644
R273,1549393200,648,851,203,1499,6,0.6986408098432771,1.4841792834857406
R273,1549407600,309,843,534,1152,6,1.4974322020993212,0.6482206795235692
R273,1549422000,98,298,200,396,6,0.6914010087050049,-1.1730608899156283
R273,1549436400,367,68,-299,435,6,-0.5128192472942881,-1.0791058883175744
R273,1549450800,1114,211,-903,1325,6,-1.9704325431331116,1.0649954302021156
R273,1549465200,637,359,-278,996,6,-0.46214063932638194,0.27240067313135385
R273,1549479600,592,813,221,1405,6,0.742079616672911,1.2577236386083799
R273,1549494000,292,886,594,1178,6,1.6422282248647673,0.7108573472556051
R273,1549508400,91,289,198,380,6,0.6865744746128233,-1.2116065315968811
R273,1549522800,382,71,-311,453,6,-0.5417784518473773,-1.0357420414261649
R273,1549537200,1142,205,-937,1347,6,-2.0524836227001977,1.1179956875138384
R273,1549551600,597,311,-286,908,6,-0.4814467756951081,0.06039964388446314
R273,1549566000,637,852,215,1489,6,0.7276000143963663,1.4600882574349574
R273,1549580400,314,774,460,1088,6,1.3188504406886044,0.49403811279855775
R273,1549594800,99,304,205,403,6,0.7034673439354586,-1.15619717168008
R273,1549609200,375,67,-308,442,6,-0.534538650709105,-1.0622421700820264
R273,1549623600,1112,228,-884,1340,6,-1.924580469257387,1.1011319692782902
R273,1549638000,655,399,-256,1054,6,-0.40904876431238507,0.41212862422589547
R273,1549652400,681,848,167,1529,6,0.6117631961840095,1.5564523616380896
R273,1549666800,369,738,369,1107,6,1.0992431394943445,0.5398110622950455
R273,1549681200,100,355,255,455,6,0.824130696239997,-1.0309238362160082
R273,1549695600,171,63,-108,234,6,-0.0518852414909515,-1.5633355119383134
R273,1549710000,625,134,-491,759,6,-0.9761665201437154,-0.2985566442722041
R273,1549724400,744,392,-352,1136,6,-0.6407224007370987,0.6096750378423164
R273,1549738800,662,616,-46,1278,6,0.09773731536667608,0.9517676077634354
R273,1549753200,268,492,224,760,6,0.7493194178111833,-0.29614754166712576
R273,1549767600,104,339,235,443,6,0.7758653553181817,-1.059833067476948
R273,1549782000,110,64,-46,174,6,0.09773731536667608,-1.7078816682430116
R273,1549796400,513,120,-393,633,6,-0.7396663496268202,-0.6021035725120704
R273,1549810800,654,299,-355,953,6,-0.647962201875371,0.1688092611129868
R273,1549825200,508,603,95,1111,6,0.4380079688654743,0.5494474727153588
R273,1549839600,218,490,272,708,6,0.8651562360235401,-0.4214208771311976
R273,1549854000,47,185,138,232,6,0.5417784518473773,-1.56815371714847
R273,1549868400,323,63,-260,386,6,-0.41870183249674814,-1.1971519159664112
R273,1549882800,1127,199,-928,1326,6,-2.0307642192853805,1.067404532807194
R273,1549897200,554,401,-153,955,6,-0.16048225856503603,0.1736274663231434
R273,1549911600,626,897,271,1523,6,0.8627429689774493,1.5419977460076197
R273,1549926000,277,743,466,1020,6,1.333330042965149,0.33021913565323313
R273,1549940400,46,222,176,268,7,0.7248100571080863,-1.3873463611963646
R273,1549954800,312,49,-263,361,7,-0.44429569330385443,-1.1536792107141516
R273,1549969200,1051,196,-855,1247,7,-2.0208574341782715,1.072440093879834
R273,1549983600,532,322,-210,854,7,-0.3031508077188138,0.08500794184209548
R273,1549998000,548,892,344,1440,7,1.1722127133021776,1.5573622448805555
R273,1550012400,232,677,445,909,7,1.441186929228387,0.22319819212727518
R273,1550026800,50,249,199,299,7,0.7860616112298965,-1.309457311035627
R273,1550041200,330,53,-277,383,7,-0.4815792479866954,-1.0984031106000798
R273,1550055600,1106,216,-890,1322,7,-2.1140663208853736,1.2608813442687155
R273,1550070000,651,364,-287,1015,7,-0.5082103584744389,0.48952849267689424
R273,1550084400,622,821,199,1443,7,0.7860616112298965,1.5648998948961108
R273,1550098800,281,812,531,1093,7,1.6702144794229814,0.6855073930813309
R273,1550113200,58,294,236,352,7,0.8845967200345475,-1.1762921607608174
R273,1550127600,325,61,-264,386,7,-0.4469588043526288,-1.0908654605845245
R273,1550142000,1157,208,-949,1365,7,-2.2711898727630606,1.368920994491674
R273,1550156400,676,337,-339,1013,7,-0.6466921330107053,0.48450339266652404
R273,1550170800,662,798,136,1460,7,0.6182856151571122,1.6076132449842573
R273,1550185200,319,759,440,1078,7,1.4278713739845152,0.6478191430035546
R273,1550199600,80,301,221,381,7,0.8446500543029322,-1.1034282106104498
R273,1550214000,301,68,-233,369,7,-0.36440236184062386,-1.133578810672671
R273,1550228400,1115,206,-909,1321,7,-2.1646654308120863,1.2583687942635304
R273,1550242800,553,258,-295,811,7,-0.5295152468646337,-0.023031708380863186
R273,1550257200,677,793,116,1470,7,0.5650233941816252,1.6327387450361082
R273,1550271600,365,643,278,1008,7,0.9964473840830703,0.47194064264059865
R273,1550286000,120,340,220,460,7,0.8419869432541579,-0.9049367602008281
R273,1550300400,163,72,-91,235,7,0.013759407085334168,-1.4702605113674723
R273,1550314800,629,145,-484,774,7,-1.0328432350829864,-0.11599605857271135
R273,1550329200,690,317,-373,1007,7,-0.7372379086690333,0.4694280926354135
R273,1550343600,593,559,-34,1152,7,0.16555673686547226,0.8337478433872509
R273,1550358000,350,471,121,821,7,0.5783389494254969,0.0020937916709876663
R273,1550372400,89,321,232,410,7,0.8739442758394501,-1.0305642604600824
R273,1550386800,104,87,-17,191,7,0.21082962469463626,-1.580812711595616
R273,1550401200,503,120,-383,623,7,-0.7638690191567767,-0.4953911093556592
R273,1550415600,670,306,-364,976,7,-0.7132699092300641,0.3915390424746759
R273,1550430000,534,487,-47,1021,7,0.13093629323140568,0.5046037927080047
R273,1550444400,263,481,218,744,7,0.8366607211566092,-0.19137255872826392
R273,1550458800,74,233,159,307,7,0.6795371692789224,-1.2893569109941463
R273,1550473200,215,52,-163,267,7,-0.17798458842641923,-1.3898589112015496
R273,1550487600,708,159,-549,867,7,-1.2059454532533194,0.11767109190950159
R273,1550502000,638,327,-311,965,7,-0.5721250236450234,0.36390099241763996
R273,1550516400,587,605,18,1192,7,0.3040385114017386,0.9342498435946544
R273,1550530800,264,523,259,787,7,0.9458482741563576,-0.08333290850530524
R273,1550545200,49,226,177,275,8,0.6304143394405802,-1.4800113010137594
R273,1550559600,312,57,-255,369,8,-0.3679262549262955,-1.2546075681381068
R273,1550574000,1037,209,-828,1246,8,-1.6921141266212487,0.8483613013506939
R273,1550588400,637,333,-304,970,8,-0.48116396123179755,0.18653757503494817
R273,1550602800,617,821,204,1438,8,0.6928106265885099,1.3087604153094736
R273,1550617200,274,719,445,993,8,1.2497552637237344,0.24168955222792698
R273,1550631600,49,275,226,324,8,0.7436520457460823,-1.3625136104721958
R273,1550646000,323,46,-277,369,8,-0.41876767408386784,-1.2546075681381068
R273,1550660400,1095,202,-893,1297,8,-1.8423274104958944,0.9706548159959948
R273,1550674800,570,387,-183,957,8,-0.20153615586514956,0.1553647183606558
R273,1550689200,559,822,263,1381,8,0.8291580688747268,1.1720794283529608
R273,1550703600,247,705,458,952,8,1.2797979204986636,0.14337515810131257
R273,1550718000,56,262,206,318,8,0.6974325737846528,-1.3769010827834076
R273,1550732400,298,55,-243,353,8,-0.3401945717494378,-1.2929741609680052
R273,1550746800,1107,209,-898,1316,8,-1.8538822784862516,1.016215144981499
R273,1550761200,637,318,-319,955,8,-0.5158285652028697,0.15056889425691852
R273,1550775600,632,767,135,1399,8,0.5333534483215784,1.2152418452865965
R273,1550790000,280,808,528,1088,8,1.4415660723636665,0.4694911971554482
R273,1550804400,64,294,230,358,8,0.7528959401383681,-1.2809846007086618
R273,1550818800,322,50,-272,372,8,-0.4072128060935105,-1.247413831982501
R273,1550833200,1032,202,-830,1234,8,-1.6967360738173918,0.8195863567282702
R273,1550847600,657,333,-324,990,8,-0.527383433193227,0.23449581607232106
R273,1550862000,653,755,102,1408,8,0.4570913195852198,1.2368230537534142
R273,1550876400,349,702,353,1051,8,1.037145692701159,0.3807684512363083
R273,1551495600,7546,9083,1537,16629,9,3.2926811486964023,4.105609833293223
R273,1551510000,133,58,-75,191,9,-0.14390157173001433,-0.39090987130563476
R273,1551524400,531,147,-384,678,9,-0.8026509889829688,-0.25769384160982967
R273,1551538800,703,335,-368,1038,9,-0.7685409867951136,-0.15921792643428587
R273,1551553200,648,466,-182,1114,9,-0.3720122113612963,-0.1384285665638933
R273,1551567600,334,506,172,840,9,0.3826715870450011,-0.21337967978083497
R273,1551582000,119,329,210,448,9,0.4636828422411573,-0.3206090096386493
R273,1551596400,112,63,-49,175,9,-0.08847281817474956,-0.39528657864677
R273,1551610800,504,134,-370,638,9,-0.7728047370685955,-0.2686356099626679
R273,1551625200,691,330,-361,1021,9,-0.7536178608379269,-0.1638681779842421
R273,1551639600,504,497,-7,1001,9,0.0010659375683704766,-0.16933906216066122
R273,1551654000,191,448,257,639,9,0.5638809736679821,-0.2683620657538469
R273,1551668400,43,193,150,236,9,0.3357703340367001,-0.3786003819086918
R273,1551682800,278,44,-234,322,9,-0.48286971847182586,-0.35507557995008965
R273,1551697200,900,172,-728,1072,9,-1.5360160360218567,-0.1499174233343734
R273,1551711600,572,303,-269,875,9,-0.5574853482577592,-0.20380563247210154
R273,1551726000,574,738,164,1312,9,0.36561658595107344,-0.08426681321734422
R273,1551740400,265,667,402,932,9,0.8730028684954203,-0.1882136125693071
R273,1551754800,40,211,171,251,10,0.66067827185367,-1.458796075616326
R273,1551769200,318,56,-262,374,10,-0.43775040020272665,-1.196730365679979
R273,1551783600,1122,221,-901,1343,10,-2.058757147186647,0.8678360808917303
R273,1551798000,611,327,-284,938,10,-0.493559709175569,0.0049367920769291165
R273,1551812400,600,825,225,1425,10,0.797664757514283,1.0425465541826282
R273,1551826800,292,807,515,1099,10,1.5333329212472047,0.3479658920749118
R273,1551841200,52,275,223,327,10,0.7925911839712974,-1.2968692954930547
R273,1551855600,322,55,-267,377,10,-0.45043433406019084,-1.1903385190961657
R273,1551870000,1162,214,-948,1376,10,-2.17798612544681,0.938146393313677
R273,1551884400,604,356,-248,960,10,-0.402235385401827,0.05181033369156029
R273,1551898800,614,880,266,1494,10,0.9016730151454891,1.1895590256103352
R273,1551913200,263,763,500,1026,10,1.4952811196748121,0.1924309585354538
R273,1551927600,47,262,215,309,10,0.7722968897993546,-1.3352203749959348
R273,1551942000,293,56,-237,349,10,-0.37433073091540586,-1.2499957538784237
R273,1551956400,1148,201,-947,1349,10,-2.175449338675317,0.880619774059357
R273,1551970800,621,364,-257,985,10,-0.4250664663452625,0.1050757218900048
R273,1551985200,614,813,199,1427,10,0.7317083014554694,1.0468077852385038
R273,1551999600,299,754,455,1053,10,1.3811257149576348,0.24995757778977387
R273,1552014000,70,299,229,369,10,0.8078119046002543,-1.207383443319668
R273,1552028400,304,52,-252,356,10,-0.4123825324877983,-1.2350814451828591
R273,1552042800,1046,212,-834,1258,10,-1.888792433496627,0.6867337610170189
R273,1552057200,645,375,-270,1020,10,-0.4580446943746693,0.17964726536782713
R273,1552071600,657,858,201,1515,10,0.736781874998455,1.2343019516970286
R273,1552086000,387,708,321,1095,10,1.041196287577595,0.3394434299631607
R273,1552100400,90,346,256,436,10,0.8763051474305609,-1.0646322029478368
R273,1552114800,170,65,-105,235,10,-0.03947487707835189,-1.4928859240633305
R273,1552129200,887,410,-477,1297,10,-0.9831595560736858,0.7698277666065924
R273,1552143600,931,768,-163,1699,10,-0.1866085098249362,1.6263352088375802
R273,1552158000,855,913,58,1768,10,0.37402136667497987,1.773347680265287
R273,1552172400,390,574,184,964,10,0.6936564998830769,0.06033279580331141
R273,1552190400,137,360,223,497,10,0.7925911839712974,-0.9346646557436321
R273,1552204800,214,86,-128,300,10,-0.09782097282268705,-1.354395914747375
R273,1552219200,704,390,-314,1094,10,-0.5696633123203539,0.3373128144352229
R273,1552233600,852,617,-235,1469,10,-0.3692571573724202,1.1362936374118906
R273,1552248000,598,672,74,1270,10,0.4146099550188652,0.7123011473522722
R273,1552262400,203,394,191,597,10,0.7114140072835267,-0.7216031029498541
R273,1552276800,55,127,72,182,10,0.40953638147587956,-1.605808547044033
R273,1552291200,630,85,-545,715,10,-1.1556610565351983,-0.47019047065319597
R273,1552305600,963,218,-745,1181,10,-1.663018410833765,0.5226763653658097
R273,1552320000,620,434,-186,1054,10,-0.24495460556927137,0.25208819331771165
R273,1552334400,585,945,360,1530,10,1.1401309716658155,1.2662611846160952
R273,1552348800,213,661,448,874,11,1.3933002249315787,0.03336914475580112
R273,1552363200,39,142,103,181,11,0.524810150972249,-1.707208502667754
R273,1552377600,614,87,-527,701,11,-1.0611282449534831,-0.4011473530858656
R273,1552392000,1005,237,-768,1242,11,-1.6678126154584059,0.957658573690676
R273,1552406400,627,436,-191,1063,11,-0.21529443379309257,0.5080721395076798
R273,1552420800,578,867,289,1445,11,0.9930395821503224,1.4675247532389901
R273,1552435200,225,674,449,899,11,1.395817587464794,0.09616054617800729
R273,1552449600,45,166,121,211,11,0.5701226765701272,-1.6318588209611067
R273,1552464000,637,91,-546,728,11,-1.1089581330845766,-0.33333263954988296
R273,1552478400,1019,223,-796,1242,11,-1.7382987663884384,0.957658573690676
R273,1552492800,673,461,-212,1134,11,-0.268159046990617,0.6863997195467453
R273,1552507200,587,869,282,1456,11,0.9754180444178142,1.4951529698647608
R273,1552521600,210,696,486,906,11,1.4889600011937656,0.11374213857622502
R273,1552536000,52,148,96,200,11,0.507188613239741,-1.6594870375868773
R273,1552550400,678,98,-580,776,11,-1.1945484592139017,-0.21277314881924708
R273,1552564800,1060,234,-826,1294,11,-1.813819642384902,1.088264688648865
R273,1552579200,643,354,-289,997,11,-0.4619959620482065,0.3423028397530555
R273,1552593600,600,896,296,1496,11,1.0106611198828306,1.5956192121402908
R273,1552608000,243,754,511,997,11,1.5518940645241517,0.3423028397530555
R273,1552622400,49,170,121,219,11,0.5701226765701272,-1.6117655725060007
R273,1552636800,590,103,-487,693,11,-0.9604337436248651,-0.4212406015409716
R273,1552651200,984,233,-751,1217,11,-1.6250174523937433,0.8948671722684698
R273,1552665600,664,441,-223,1105,11,-0.2958500348559869,0.6135616938969861
R273,1552680000,619,857,238,1476,11,0.8646540929563346,1.5453860910025259
R273,1552694400,235,649,414,884,11,1.3077098988022533,0.058485705324683585
R273,1552708800,56,199,143,255,11,0.625504652300867,-1.5213459544580237
R273,1552723200,264,81,-183,345,11,-0.19515553352736897,-1.2952969093380815
R273,1552737600,732,178,-554,910,11,-1.1290970333503,0.12378876280377801
R273,1552752000,711,367,-344,1078,11,-0.6004509013750561,0.5457469803610034
R273,1552766400,538,541,3,1079,11,0.2730738976507043,0.5482586364178917
R273,1552780800,262,514,252,776,11,0.8998971684213508,-0.21277314881924708
R273,1552795200,75,206,131,281,11,0.5952963019022817,-1.4560428969789294
R273,1552809600,197,51,-146,248,11,-0.10201311979839742,-1.5389275468562416
R273,1552824000,562,142,-420,704,11,-0.7917704538994301,-0.39361238491520084
R273,1552838400,665,340,-325,1005,11,-0.5526210132439626,0.3623960882081615
R273,1552852800,457,528,71,985,11,0.44425454990935476,0.31216296707039654
R273,1552867200,169,412,243,581,11,0.8772409056224117,-0.7025460799124552
R273,1552881600,44,111,67,155,11,0.43418509977649294,-1.7725115601468484
R273,1552896000,609,91,-518,700,11,-1.038471982154544,-0.4036590091427539
R273,1552910400,917,241,-676,1158,11,-1.4362152624025848,0.7466794649120633
R273,1552924800,615,414,-201,1029,11,-0.24046805912524705,0.4226758335734794
R273,1552939200,528,897,369,1425,11,1.1944285848075582,1.4172916321012252
R273,1552953600,373,970,597,1343,12,1.5759627728481018,1.1297253766198028
R273,1552968000,110,302,192,412,12,0.5946637478043134,-1.3189731642109914
R273,1552982400,568,90,-478,658,12,-1.0287198244903488,-0.6719486303287407
R273,1552996800,946,242,-704,1188,12,-1.5763089100703394,0.722047316653344
R273,1553011200,582,429,-153,1011,12,-0.24125764389965448,0.2565052739819685
R273,1553025600,556,902,346,1458,12,0.9677996733765194,1.4321961953045947
R273,1553040000,374,1033,659,1407,12,1.7261863272992497,1.2980569626704697
R273,1553054400,98,319,221,417,12,0.6649296039185599,-1.305822259050783
R273,1553068800,637,90,-547,727,12,-1.1959041028311423,-0.4904661391178656
R273,1553083200,957,231,-726,1188,12,-1.6296140422949401,0.722047316653344
R273,1553097600,606,441,-165,1047,12,-0.2703331705676186,0.3511917911354686
R273,1553112000,561,875,314,1436,12,0.8902649355952817,1.374332212599678
R273,1553126400,368,1084,716,1452,12,1.8642950789720791,1.4164151091123447
R273,1553140800,113,331,218,444,12,0.6576607222515689,-1.234807371185658
R273,1553155200,594,97,-497,691,12,-1.0747560750479586,-0.5851526562713657
R273,1553169600,918,220,-698,1138,12,-1.5617711467363573,0.5905382650512605
R273,1553184000,589,433,-156,1022,12,-0.2485265255666455,0.28543726533442687
R273,1553198400,518,830,312,1348,12,0.8854190144839544,1.142876281780011
R273,1553212800,413,984,571,1397,12,1.5129657984008462,1.271755152350053
R273,1553227200,104,351,247,455,12,0.7279265783658155,-1.2058753798331996
R273,1553241600,560,91,-469,651,12,-1.0069131794893758,-0.6903598975530325
R273,1553256000,886,277,-609,1163,12,-1.3461276572822902,0.6562927908523023
R273,1553270400,648,424,-224,1072,12,-0.4132878433517754,0.41694631693651035
R273,1553284800,565,878,313,1443,12,0.887841975039618,1.3927434798239697
R273,1553299200,278,656,378,934,12,1.045334411157757,0.05398133451475996
R273,1553313600,61,249,188,310,12,0.5849719055816587,-1.5872516294792418
R273,1553328000,269,73,-196,342,12,-0.34544494779319246,-1.5030858364539084
R273,1553342400,694,166,-528,860,12,-1.1498678522735326,-0.14065206185632356
R273,1553356800,680,390,-290,1070,12,-0.5732032400255779,0.411685954872427
R273,1553371200,509,553,44,1062,12,0.23606558556608948,0.3906445066160936
R273,1553385600,320,502,182,822,12,0.5704341422476766,-0.240598941073907
R273,1553400000,73,248,175,321,12,0.5534734183580309,-1.5583196381267834
R273,1553414400,164,57,-107,221,12,-0.12980145833912543,-1.8213377413309504
R273,1553428800,597,142,-455,739,12,-0.9729917317100842,-0.4589039667333656
R273,1553443200,669,361,-308,1030,12,-0.616816530027524,0.30647871359076023
R273,1553457600,428,511,83,939,12,0.3305610472369728,0.06713223967496831
R273,1553472000,167,484,317,651,12,0.8975338172622728,-0.6903598975530325
R273,1553486400,54,122,68,176,12,0.29421663890201766,-1.9396958877728254
R273,1553500800,614,95,-519,709,12,-1.1280612072725595,-0.5378093976946157
R273,1553515200,966,217,-749,1183,12,-1.6853421350752047,0.7088964114931356
R273,1553529600,584,439,-145,1023,12,-0.2218739594543451,0.2880674463664685
R273,1553544000,534,872,338,1406,12,0.9484159889312099,1.295426781638428
R273,1553558400,259,725,466,984,13,1.4127966265371754,0.3752722451339937
R273,1553572800,70,198,128,268,13,0.5370417319947915,-1.5230220404635242
R273,1553587200,646,107,-539,753,13,-1.191149139779676,-0.2371662743814066
R273,1553601600,946,224,-722,1170,13,-1.665300458422446,0.8684045595489914
R273,1553616000,614,358,-256,972,13,-0.4578987399113487,0.3434572571072197
R273,1553630400,551,859,308,1410,13,1.003420078200795,1.5047043200844723
R273,1553644800,246,768,522,1014,13,1.5578921120234877,0.45480971520092883
R273,1553659200,85,227,142,312,13,0.5733156033663697,-1.4063670843653526
R273,1553673600,635,109,-526,744,13,-1.1574662592203535,-0.26102751540148716
R273,1553688000,996,238,-758,1234,13,-1.7585761276636467,1.0380844956917863
R273,1553702400,603,458,-145,1061,13,-0.17029875975098,0.5794184183057939
R273,1553716800,512,899,387,1411,13,1.208108352368985,1.5073555690867035
R273,1553731200,240,859,619,1099,13,1.8092182208122782,0.6801658803905783
R273,1553745600,83,235,152,318,13,0.5992255114889253,-1.3904595903519656
R273,1553760000,622,102,-520,724,13,-1.1419203143468202,-0.3140524954461106
R273,1553774400,1013,238,-775,1251,13,-1.8026229714719915,1.0831557287297162
R273,1553788800,634,418,-216,1052,13,-0.35425910742112576,0.5555571772857133
R273,1553803200,604,782,178,1386,13,0.6665912726075702,1.4410743440309242
R273,1553817600,257,889,632,1146,13,1.8429011013716008,0.8047745834954433
R273,1553832000,83,269,186,352,13,0.6873191991056149,-1.300317124276106
R273,1553846400,601,100,-501,701,13,-1.0926914889139643,-0.3750312224974275
R273,1553853043,589,76,-513,665,13,-1.1237833786610312,-0.4704761865777496
R273,1553857406,233,41,-192,274,13,-0.292075327926992,-1.5071145464501372
R273,1553860800,195,229,34,424,13,0.2934885956427677,-1.1094271961154616
R273,1553875200,667,470,-197,1137,13,-0.3050302819882698,0.7809133424753628
R273,1553889600,621,810,189,1431,13,0.6950921715423816,1.560380549131327
R273,1553904000,316,640,324,956,13,1.044875931196884,0.30103727307152095
R273,1553918400,57,252,195,309,13,0.710638116415915,-1.4143208313720463
R273,1553932800,246,70,-176,316,13,-0.2506194749309028,-1.3957620883564281
R273,1553947200,695,187,-508,882,13,-1.1108284245997533,0.10484484690641435
R273,1553961600,754,386,-368,1140,13,-0.7480897108839729,0.7888670894820563
R273,1553976000,595,575,-20,1170,13,0.1535750917809667,0.8684045595489914
R273,1553990400,289,479,190,768,13,0.6976831623546371,-0.19739753934793905
R273,1554004800,74,226,152,300,13,0.5992255114889253,-1.4381820723921268
R273,1554019200,174,71,-103,245,13,-0.0614771456362459,-1.584000767514841
R273,1554033600,597,141,-456,738,13,-0.9760969023624635,-0.27693500941487414
R273,1554048000,584,394,-190,978,13,-0.2868933463024808,0.35936475112060673
R273,1554062400,409,502,93,911,13,0.4463570535658465,0.1817310679711183
R273,1554076800,171,423,252,594,13,0.8583245927144827,-0.6587148657361627
R273,1554091200,36,119,83,155,13,0.42044714544329076,-1.8226131777156465
R273,1554105600,644,96,-548,740,13,-1.2144680570899762,-0.27163251141041184
R273,1554120000,928,233,-695,1161,13,-1.5953437064915457,0.8445433185289108
R273,1554134400,592,440,-152,1032,13,-0.18843569543676902,0.5025321972410899
R273,1554148800,512,868,356,1380,13,1.1277876371890625,1.4251668500175372
R273,1554163200,345,1005,660,1350,14,1.613014956960199,1.0313229417725323
R273,1554177600,100,294,194,394,14,0.5692084190985686,-1.3904373224564122
R273,1554192000,625,111,-514,736,14,-1.0166607414294024,-0.5240753869268107
R273,1554206400,964,234,-730,1198,14,-1.5004852310820038,0.646273192648265
R273,1554220800,619,426,-193,1045,14,-0.2976437915290088,0.2586902214902854
R273,1554235200,564,918,354,1482,14,0.9275969299523472,1.365708250222554
R273,1554249600,394,1055,661,1449,14,1.6152548851530353,1.2821119231100486
R273,1554264000,92,272,180,364,14,0.537849424398863,-1.4664339834677806
R273,1554278400,663,101,-562,764,14,-1.1241772946855362,-0.45314516998286664
R273,1554292800,1024,238,-786,1262,14,-1.6259212098808264,0.8083994028058512
R273,1554307200,664,442,-222,1106,14,-0.3626017091212562,0.4132167655467348
R273,1554321600,548,968,420,1516,14,1.075432190679531,1.4518377993687717
R273,1554336000,373,1130,757,1503,14,1.8302879916653025,1.418905912930512
R273,1554350400,119,368,249,487,14,0.6924044697045549,-1.1548476733211697
R273,1554364800,626,101,-525,727,14,-1.0412999515505998,-0.5468743852302212
R273,1554379200,979,240,-739,1219,14,-1.520644584817529,0.699470855356223
R273,1554393600,589,410,-179,999,14,-0.26628479682930317,0.1421620079395203
R273,1554408000,568,877,309,1445,14,0.826800161274722,1.2719790349751994
R273,1554422400,334,1133,799,1467,14,1.9243649757644194,1.3277099197168696
R273,1554436800,111,369,258,480,14,0.71256382344008,-1.1725802275571555
R273,1554451200,649,108,-541,757,14,-1.0771388026359776,-0.47087772421885266
R273,1554465600,970,247,-723,1217,14,-1.484805733732151,0.6944044112887984
R273,1554480000,640,468,-172,1108,14,-0.25060529947945037,0.4182832096141594
R273,1554494400,575,890,315,1465,14,0.8402397304317387,1.3226434756494452
R273,1554508800,283,659,376,942,14,0.9768753501947418,-0.0022316479820799384
R273,1554523200,64,223,159,287,14,0.49081093234930445,-1.6614920800636266
R273,1554537600,285,65,-220,350,14,-0.358121852735584,-1.5018990919397526
R273,1554552000,685,159,-526,844,14,-1.0435398797434359,-0.25048740728588387
R273,1554566400,758,306,-452,1064,14,-0.8777851934735632,0.3068214401308188
R273,1554580800,558,564,6,1122,14,0.14810191884537852,0.45374831808613136
R273,1554595200,259,574,315,833,14,0.8402397304317387,-0.278352849656719
R273,1554609600,61,246,185,307,14,0.5490490653630435,-1.6108276393893808
R273,1554624000,190,63,-127,253,14,-0.14980853080182507,-1.7476216292098443
R273,1554638400,634,162,-472,796,14,-0.9225837573302856,-0.37208206490407353
R273,1554652800,680,360,-320,1040,14,-0.5821146720191958,0.246024111321724
R273,1554667200,464,502,38,966,14,0.21977962101613427,0.0585656808270149
R273,1554681600,211,428,217,639,14,0.6207267675337992,-0.7697979241969023
R273,1554696000,33,134,101,167,14,0.36089509716480966,-1.9654787241091007
R273,1554710400,659,106,-553,765,14,-1.104017940950011,-0.4506119479491544
R273,1554724800,967,232,-735,1199,14,-1.5116848720461844,0.6488064146819773
R273,1554739200,612,464,-148,1076,14,-0.19684702285138353,0.33722010453536627
R273,1554753600,525,886,361,1411,14,0.9432764273022001,1.1858494858289816
R273,1554768000,222,716,494,938,15,1.5380470378723416,0.2739124959532791
R273,1554782400,41,176,135,217,15,0.5801559756860266,-1.615541737928397
R273,1554796800,647,99,-548,746,15,-1.2422384406740101,-0.2292431391441991
R273,1554811200,976,238,-738,1214,15,-1.7492002841709455,0.997198721405904
R273,1554825600,579,394,-185,973,15,-0.2736744975719701,0.36563357526792356
R273,1554840000,557,930,373,1487,15,1.2151923901716617,1.7126231400601308
R273,1554854400,208,697,489,905,15,1.5247059367276856,0.18743262117090004
R273,1554868800,44,157,113,201,15,0.5214551306495393,-1.6574713741865201
R273,1554883200,648,103,-545,751,15,-1.2342337799872163,-0.21614012781353562
R273,1554887569,447,59,-388,506,15,-0.8153232040450117,-0.8581876830160469
R273,1554897600,576,241,-335,817,15,-0.673907531911656,-0.04318037824877748
R273,1554912000,624,418,-206,1042,15,-0.3297071223795261,0.5464551316310798
R273,1554926400,556,960,404,1516,15,1.29790721726853,1.788620605777979
R273,1554940800,226,791,565,1017,15,1.7274906741264597,0.4809400749777623
R273,1554955200,34,157,123,191,15,0.5481373329388517,-1.6836773968478471
R273,1554969600,623,88,-535,711,15,-1.207551577697904,-0.32096421845884354
R273,1554984000,949,236,-713,1185,15,-1.6824947784476645,0.9212012556880558
R273,1554998400,655,399,-256,1054,15,-0.4631181338260881,0.5779023588246722
R273,1555012800,535,881,346,1416,15,1.1431504439905182,1.526560379164709
R273,1555027200,229,746,517,975,15,1.5994161031377603,0.37087477980018896
R273,1555041600,36,174,138,210,15,0.5881606363728203,-1.6338859537913257
R273,1555056000,621,100,-521,721,15,-1.1701964944928667,-0.29475819579751655
R273,1555059823,370,52,-318,422,15,-0.6285477880198249,-1.0783182733711936
R273,1555070400,619,263,-356,882,15,-0.7299401567192121,0.12715876904984796
R273,1555084800,647,491,-156,1138,15,-0.19629611093296415,0.7980329491798189
R273,1555099200,643,892,249,1535,15,0.8843330817841879,1.8384120488345004
R273,1555113600,248,612,364,860,15,1.1911784081112804,0.06950551919492857
R273,1555128000,71,224,153,295,15,0.6281839398067889,-1.4111347611700464
R273,1555142400,270,65,-205,335,15,-0.3270389021505949,-1.3063106705247385
R273,1555156800,718,166,-552,884,15,-1.252911321589735,0.13239997358211336
R273,1555171200,790,379,-411,1169,15,-0.8766922693104302,0.8792716194299326
R273,1555185600,564,544,-20,1108,15,0.16658184020168446,0.719414881195838
R273,1555200000,303,578,275,881,15,0.9537068077364002,0.12453816678371525
R273,1555214400,74,228,154,302,15,0.6308521600357201,-1.3927905453071174
R273,1555228800,201,53,-148,254,15,-0.17495034910151422,-1.518579454081487
R273,1555243200,606,191,-415,797,15,-0.8873651502261551,-0.09559242357143145
R273,1555257600,654,378,-276,1032,15,-0.5164825384047129,0.5202491089697528
R273,1555272000,425,535,110,960,15,0.5134504699627456,0.3315657458081985
R273,1555286400,215,466,251,681,15,0.8896695222420504,-0.39958228644282456
R273,1555300800,41,121,80,162,15,0.4334038630948084,-1.7596748625656953
R273,1555315200,605,101,-504,706,15,-1.1248367506010355,-0.33406722978950704
R273,1555329600,983,229,-754,1212,15,-1.7918918078338453,0.9919575168736386
R273,1555344000,560,478,-82,1038,15,0.0011521860079475945,0.535972722566549
R273,1555358400,510,717,207,1227,15,0.7722678321690758,1.0312665508656291
R273,1555372800,234,595,361,829,16,1.1307533492107082,0.27798481811426307
R273,1555387200,30,125,95,155,16,0.45979645429982907,-0.9345258492476104
R273,1555401600,646,117,-529,763,16,-1.1141776149647895,0.15925231952986593
R273,1555416000,972,234,-738,1206,16,-1.6413580323947659,0.9561992418463495
R273,1555430400,620,438,-182,1058,16,-0.23890677837052246,0.6899506086570955
R273,1555444800,528,962,434,1490,16,1.3148881361599345,1.4671087812095127
R273,1555459200,229,704,475,933,16,1.4183063041725137,0.4650784522472524
R273,1555473600,35,145,110,180,16,0.4976323694263824,-0.8895514179656417
R273,1555488000,653,106,-547,759,16,-1.1595807131166536,0.15205641052475097
R273,1555502400,1052,246,-806,1298,16,-1.812880847635141,1.121705148963994
R273,1555516800,608,482,-126,1090,16,-0.09765269523139002,0.7475178806980152
R273,1555531200,519,964,445,1483,16,1.342634473919407,1.4545159404505617
R273,1555545600,227,788,561,1015,16,1.6352322175647527,0.6125945868521094
R273,1555560000,36,131,95,167,16,0.45979645429982907,-0.9129381222322654
R273,1555574400,610,93,-517,703,16,-1.083908882863547,0.05131368445314131
R273,1555588800,969,212,-757,1181,16,-1.6892835248884002,0.9112248105643809
R273,1555603200,604,446,-158,1050,16,-0.17836931416803714,0.6755587906468654
R273,1555617600,565,833,268,1398,16,0.8961706754260775,1.3016028740918684
R273,1555632000,202,716,514,918,16,1.5166796835015524,0.43809379347807126
R273,1555646400,41,214,173,255,16,0.6565432129579064,-0.754628124119736
R273,1555660800,542,85,-457,627,16,-0.9325652223573336,-0.08540858664404323
R273,1555675200,1168,227,-941,1395,16,-2.153404083774121,1.296205942338032
R273,1555689600,800,448,-352,1248,16,-0.6677138164714603,1.0317562864000567
R273,1555704000,676,806,130,1482,16,0.5480802562617868,1.452716963199283
R273,1555718400,265,588,323,853,16,1.0349023642234396,0.3211602721449529
R273,1555732800,6,14,8,20,16,0.24034814656581976,-1.1773877781702409
R273,1555747200,4,6,2,10,16,0.22521378051519844,-1.1953775506830282
R273,1555761600,7,11,4,18,16,0.23025856919873888,-1.1809857326727984
R273,1555776000,27,27,0,54,16,0.22016899183165797,-1.1162225516267634
R273,1555790400,1,3,2,4,16,0.22521378051519844,-1.2061714141907007
R273,1555804800,0,1,1,1,16,0.2226913861734282,-1.211568345944537
R273,1555819200,1,1,0,2,16,0.22016899183165797,-1.2097693686932582
R273,1555833600,1,1,0,2,16,0.22016899183165797,-1.2097693686932582
R273,1555848000,3,2,-1,5,16,0.21764659748988777,-1.204372436939422
R273,1555862400,0,2,2,2,16,0.22521378051519844,-1.2097693686932582
R273,1555876800,0,2,2,2,16,0.22521378051519844,-1.2097693686932582
R273,1555891200,0,1,1,1,16,0.2226913861734282,-1.211568345944537
R273,1555905600,0,1,1,1,16,0.2226913861734282,-1.211568345944537
R273,1555920000,673,78,-595,751,16,-1.2806556415216244,0.137664592514521
R273,1555934400,1129,211,-918,1340,16,-2.095389013913406,1.1972621935177012
R273,1555948800,776,403,-373,1179,16,-0.720684097648635,0.9076268560618235
R273,1555963200,538,862,324,1400,16,1.0374247585652099,1.3052008285944259
R273,1555977600,243,618,375,861,17,1.214177053793385,0.0766408391265966
R273,1555992000,45,127,82,172,17,0.5371340149614762,-1.2318149736435806
R273,1556006400,725,85,-640,810,17,-1.1312109476209065,-0.020211477928960792
R273,1556020800,1204,247,-957,1451,17,-1.863711436732562,1.1970892129065742
R273,1556035200,789,422,-367,1211,17,-0.5003824506887867,0.7413136032333629
R273,1556049600,683,870,187,1553,17,0.7797603599353683,1.390793847017689
R273,1556064000,275,759,484,1034,17,1.466046307147235,0.40517909109936967
R273,1556078400,43,176,133,219,17,0.6549810968059381,-1.1425589167492434
R273,1556092800,750,76,-674,826,17,-1.2097756688505477,0.010173562715919956
R273,1556107200,1261,245,-1016,1506,17,-2.0000443353369395,1.3015377901233518
R273,1556121600,758,409,-349,1167,17,-0.45878936297897666,0.657754741459941
R273,1556136000,632,909,277,1541,17,0.9877257984844188,1.3680050665340284
R273,1556150400,256,691,435,947,17,1.3528206794927518,0.23996043259283062
R273,1556164800,50,180,130,230,17,0.6480489155209697,-1.121669201305888
R273,1556179200,716,83,-633,799,17,-1.1150358579559803,-0.041101193372316304
R273,1556193600,1147,222,-925,1369,17,-1.7897681696928995,1.0413658796015604
R273,1556208000,783,390,-393,1173,17,-0.5604613551585125,0.6691491317017711
R273,1556222400,695,875,180,1570,17,0.7635852702704422,1.4230779527028747
R273,1556236800,282,623,341,905,17,1.1356123325637435,0.16019970090001864
R273,1556251200,64,212,148,276,17,0.6896420032307798,-1.0343122094518558
R273,1556265600,657,92,-565,749,17,-0.9579064154966977,-0.13605444538756864
R273,1556280000,1215,234,-981,1449,17,-1.9191688870123087,1.1932910828259642
R273,1556294400,712,449,-263,1161,17,-0.26006683280988396,0.6463603512181106
R273,1556308800,700,805,105,1505,17,0.5902807381462335,1.2996387250830468
R273,1556323200,288,573,285,861,17,1.0062116152443343,0.0766408391265966
R273,1556337600,5,8,3,13,17,0.3545865744573096,-1.533766315052083
R273,1556352000,2,3,1,5,17,0.34996512026733073,-1.5489588353745234
R273,1556366400,0,1,1,1,17,0.34996512026733073,-1.5565550955357437
R273,1556380800,0,2,2,2,17,0.35227584736232015,-1.5546560304954387
R273,1556395200,0,1,1,1,17,0.34996512026733073,-1.5565550955357437
R273,1556409600,32,164,132,196,17,0.6526703697109486,-1.1862374126762596
R273,1556424000,51,220,169,271,17,0.7381672722255582,-1.043807534653381
R273,1556438400,145,65,-80,210,17,0.1627962255731853,-1.159650502111989
R273,1556452800,541,164,-377,705,17,-0.5234897216386812,-0.2196133071609907
R273,1556467200,594,309,-285,903,17,-0.3109028288996519,0.15640157081940856
R273,1556481600,435,480,45,915,17,0.4516371124468665,0.17919035130306912
R273,1556496000,226,435,209,661,17,0.8305963560251363,-0.30317216893441273
R273,1556510400,40,129,89,169,17,0.5533091046264023,-1.2375121687644957
R273,1556524800,785,94,-691,879,17,-1.2490580294653684,0.11082400985208743
R273,1556539200,1206,219,-987,1425,17,-1.9330332495822455,1.147713521858643
R273,1556553600,733,423,-310,1156,17,-0.3686710062743881,0.6368650260165853
R273,1556568000,625,985,360,1610,17,1.1795161473685432,1.4990405543150767
R273,1556582400,279,608,329,887,18,1.1511568476160006,-0.118663536996932
R273,1556596800,27,139,112,166,18,0.6684495318040737,-1.790775787969988
R273,1556611200,790,99,-691,889,18,-1.1177899824677107,-0.11402522284721478
R273,1556625600,1245,207,-1038,1452,18,-1.8896767962314829,1.1916602102981813
R273,1556640000,713,437,-276,1150,18,-0.19464004669835758,0.4912747736908818
R273,1556654400,657,860,203,1517,18,0.8708751803703656,1.3424054201639908
R273,1556668800,257,623,366,880,18,1.2334617816484488,-0.13489763652094225
R273,1556683200,51,175,124,226,18,0.6951430239227055,-1.6516263634784716
R273,1556697600,851,97,-754,948,18,-1.257930816090528,0.022805044569443062
R273,1556712000,1303,237,-1066,1540,18,-1.9519616111749574,1.3957460328857387
R273,1556726400,811,438,-373,1249,18,-0.41041244132396537,0.7208713241018839
R273,1556740800,677,799,122,1476,18,0.6906941085696003,1.2473199800947878
R273,1556755200,249,679,430,928,18,1.375827072947819,-0.023578096927729088
R273,1556769600,49,178,129,227,18,0.7062653123054689,-1.649307206403613
R273,1556784000,829,86,-743,915,18,-1.2334617816484488,-0.05372713890089099
R273,1556798400,1236,234,-1002,1470,18,-1.8095963198755873,1.2334050376456362
R273,1556812800,694,402,-292,1096,18,-0.23023136952320009,0.366040291648517
R273,1556827200,670,938,268,1608,18,1.0154649293462883,1.553448713976124
R273,1556841600,280,687,407,967,18,1.3246645463871078,0.0668690289917566
R273,1556856000,52,176,124,228,18,0.6951430239227055,-1.6469880493287543
R273,1556870400,814,90,-724,904,18,-1.1911970857939482,-0.07923786672433566
R273,1556884800,1179,252,-927,1431,18,-1.6427619941341378,1.1429579117261506
R273,1556899200,805,440,-365,1245,18,-0.39261677991154414,0.7115946958024495
R273,1556913600,674,872,198,1546,18,0.8597528919876023,1.4096609753348903
R273,1556928000,316,669,353,985,18,1.2045438318532642,0.10861385633921154
R273,1556942400,75,230,155,305,18,0.764101211895838,-1.4684129545646416
R273,1556956800,324,64,-260,388,18,-0.15904872387351504,-1.275922917351377
R273,1556971200,836,207,-629,1043,18,-0.9798736065214458,0.24312496668101077
R273,1556985600,827,367,-460,1194,18,-0.6039402591840466,0.5933176849846605
R273,1557000000,676,460,-216,1136,18,-0.061172586105198094,0.4588065746428613
R273,1557014400,340,548,208,888,18,0.8819974687531289,-0.11634437992207339
R273,1557028800,71,254,183,325,18,0.8263860268393124,-1.4220298130674693
R273,1557043200,200,59,-141,259,18,0.10566173963625125,-1.5750941800081375
R273,1557057600,659,156,-503,815,18,-0.6995919392758109,-0.28564284638675175
R273,1557072000,646,328,-318,974,18,-0.2880672691135692,0.08310312851576686
R273,1557086400,388,488,100,876,18,0.6417560396854418,-0.14417426482037668
R273,1557100800,179,366,187,545,18,0.835283857545523,-0.9118152565985758
R273,1557115200,42,120,78,162,18,0.5928179708012833,-1.8000524162694225
R273,1557129600,674,105,-569,779,18,-0.8464061459282863,-0.3691325010816616
R273,1557144000,1060,234,-826,1294,18,-1.4180917688023194,0.8252333924705213
R273,1557158400,627,459,-168,1086,18,0.045601382369329486,0.3428487208999309
R273,1557172800,528,876,348,1404,18,1.193421543470501,1.080340670704968
R273,1557187200,229,673,444,902,19,1.3505033753861224,0.07995768419762495
R273,1557201600,34,131,97,165,19,0.48462698662727566,-1.773982508052022
R273,1557216000,675,127,-548,802,19,-1.124855061642051,-0.17159458069377898
R273,1557230400,983,233,-750,1216,19,-1.6289099046659332,0.8698317959566333
R273,1557244800,656,419,-237,1075,19,-0.34881022906567793,0.5151431024597537
R273,1557259200,604,923,319,1527,19,1.0385882497525323,1.6521593397688994
R273,1557273600,223,721,498,944,19,1.4852507096598335,0.1856096354520146
R273,1557288000,32,181,149,213,19,0.6143836788908492,-1.653237420904148
R273,1557302400,683,113,-570,796,19,-1.1797521237535629,-0.1866877165872632
R273,1557316800,1057,234,-823,1291,19,-1.81106833803595,1.0584959946251862
R273,1557331200,662,450,-212,1112,19,-0.2864272039389599,0.6082174404695732
R273,1557345600,552,889,337,1441,19,1.0835040278437693,1.4358243919622922
R273,1557360000,221,689,468,910,19,1.4103910795077719,0.10008186538893725
R273,1557374400,34,167,133,201,19,0.5744585428097497,-1.6834236926911166
R273,1557388800,716,108,-608,824,19,-1.2745743219461743,-0.11625308241767011
R273,1557403200,1022,229,-793,1251,19,-1.7362087078838884,0.9578750886686247
R273,1557417600,654,450,-204,1104,19,-0.26646463589841013,0.5880932592782608
R273,1557432000,574,914,340,1488,19,1.0909899908589755,1.5540539564612519
R273,1557446400,277,737,460,1014,19,1.3904285114672221,0.36169622087599734
R273,1557460800,41,179,138,220,19,0.5869351478350933,-1.6356287623617498
R273,1557475200,669,100,-569,769,19,-1.1772568027484942,-0.2546068281079423
R273,1557489600,1025,244,-781,1269,19,-1.7062648558230635,1.0031544963490773
R273,1557504000,650,483,-167,1133,19,-0.17413775871086734,0.661043416096768
R273,1557518400,647,771,124,1418,19,0.5520006537641312,1.3779673710372693
R273,1557532800,300,631,331,931,19,1.068532101813357,0.15290784101613208
R273,1557547200,58,253,195,311,19,0.7291684451240106,-1.4067162013105723
R273,1557561600,296,77,-219,373,19,-0.30389445097444096,-1.250753797077902
R273,1557576000,674,203,-471,877,19,-0.9327153442517592,0.01706961797477396
R273,1557590400,713,359,-354,1072,19,-0.6407627866587186,0.5075965345130116
R273,1557604800,532,579,47,1111,19,0.3598609363738395,0.6057019178206592
R273,1557619200,305,534,229,839,19,0.8140093592963471,-0.07852024268395953
R273,1557633600,69,227,158,296,19,0.6368415679364677,-1.444449041044283
R273,1557648000,173,71,-102,244,19,-0.011941893381400333,-1.575256218787813
R273,1557662400,514,152,-362,666,19,-0.6607253546992684,-0.5137056609460883
R273,1557676800,511,308,-203,819,19,-0.2639693148933414,-0.1288306956622403
R273,1557691200,360,466,106,826,19,0.5070848756728942,-0.11122203711984205
R273,1557705600,156,397,241,553,19,0.8439532113571718,-0.7979597202733748
R273,1557720000,38,105,67,143,19,0.40976735647521395,-1.8293240063281309
R273,1557734400,627,88,-539,715,19,-1.1023971725964323,-0.3904450511493004
R273,1557748800,1000,250,-750,1250,19,-1.6289099046659332,0.9553595660197106
R273,1557763200,572,489,-83,1061,19,0.03546920571490541,0.47992578537495717
R273,1557777600,498,879,381,1377,19,1.1932981520667931,1.2748309424317936
R273,1557792000,246,627,381,873,20,1.2551688905610354,0.15427945302870577
R273,1557806400,34,135,101,169,20,0.48420962214999513,-0.9021667876273318
R273,1557820800,655,94,-561,749,20,-1.3385583624503925,-0.031799146177755394
R273,1557835200,1083,391,-692,1474,20,-1.699257163028415,1.056160405634215
R273,1557849600,1025,717,-308,1742,20,-0.6419415949218457,1.4583302813385022
R273,1557864000,561,894,333,1455,20,1.1230044445477143,1.0276483622074186
R273,1557878400,221,677,456,898,20,1.4616758374568497,0.19179529964291164
R273,1557892800,34,161,127,195,20,0.5557986970738774,-0.8631503071485577
R273,1557907200,705,101,-604,806,20,-1.4569556786706594,0.053736984102634014
R273,1557921600,1074,340,-734,1414,20,-1.814901053290071,0.966122373760121
R273,1557936000,1016,824,-192,1840,20,-0.32254418372298616,1.6053924000661892
R273,1557950400,565,911,346,1476,20,1.1587989820096554,1.0591616733633515
R273,1557964800,251,697,446,948,20,1.4341415778707411,0.2668269928713234
R273,1557979200,45,199,154,244,20,0.6301411979563706,-0.7896192477847142
R273,1557993600,627,104,-523,731,20,-1.23392817602318,-0.05881055573998363
R273,1558008000,1207,446,-761,1653,20,-1.889243554172564,1.3247738673919291
R273,1558022400,1054,835,-219,1889,20,-0.3968866846054793,1.6789234594300328
R273,1558036800,613,955,342,1568,20,1.147785278175212,1.1972199889036292
R273,1558051200,272,695,423,967,20,1.3708127808226913,0.29533903629811986
R273,1558065600,57,193,136,250,20,0.5805795307013751,-0.7806154445973048
R273,1558080000,634,103,-531,737,20,-1.2559555836920668,-0.04980675255257422
R273,1558094400,1178,408,-770,1586,20,-1.9140243878000618,1.2242313984658575
R273,1558108800,998,884,-114,1882,20,-0.10777695895133928,1.668419022378055
R273,1558123200,648,888,240,1536,20,0.8669358303969045,1.1491997052374456
R273,1558137600,302,554,252,856,20,0.8999769419002347,0.12876867733104577
R273,1558152000,0,3,3,3,20,0.21437387820613107,-1.151272009145659
R273,1558166400,0,3,3,3,20,0.21437387820613107,-1.151272009145659
R273,1558180800,2,18,16,20,20,0.25016841566807224,-1.125761233447999
R273,1558195200,0,1,1,1,20,0.20886702628890935,-1.1542732768747954
R273,1558209600,0,4,4,4,20,0.21712730416474194,-1.1497713752810905
R273,1558224000,1,0,-1,1,20,0.20336017437168766,-1.1542732768747954
R273,1558238400,1,4,3,5,20,0.21437387820613107,-1.1482707414165223
R273,1558252800,1,2,1,3,20,0.20886702628890935,-1.151272009145659
R273,1558267200,5,6,1,11,20,0.20886702628890935,-1.139266938229113
R273,1558281600,10,25,15,35,20,0.24741498970946138,-1.1032517254794754
R273,1558296000,2,4,2,6,20,0.2116204522475202,-1.146770107551954
R273,1558310400,1,4,3,5,20,0.21437387820613107,-1.1482707414165223
R273,1558324800,1,2,1,3,20,0.20886702628890935,-1.151272009145659
R273,1558339200,644,107,-537,751,20,-1.272476139443732,-0.028797878448618926
R273,1558353600,945,248,-697,1193,20,-1.7130242928214692,0.634482289690541
R273,1558368000,493,465,-28,958,20,0.1290176734891945,0.28183333151700574
R273,1558382400,535,873,338,1408,20,1.1367715743407685,0.9571185705727117
R273,1558396800,260,633,373,893,21,1.262532311165429,0.14332796077131502
R273,1558411200,39,172,133,211,21,0.5931484643030513,-1.6447757449488725
R273,1558425600,672,118,-554,790,21,-1.3229627973405047,-0.1267228921453702
R273,1558440000,970,254,-716,1224,21,-1.7747968939726098,1.011161284222022
R273,1558454400,665,424,-241,1089,21,-0.44997469705748716,0.6572111371952986
R273,1558468800,586,890,304,1476,21,1.0700844551924955,1.6718682253385722
R273,1558483200,267,702,435,969,21,1.4354564716048763,0.34258878428265555
R273,1558497600,52,199,147,251,21,0.6321958553700234,-1.5399016273113248
R273,1558512000,703,102,-601,805,21,-1.4540504673510537,-0.08739509803128981
R273,1558526400,1004,252,-752,1256,21,-1.8752044710019664,1.09506057833206
R273,1558540800,690,445,-245,1135,21,-0.46113109450519346,0.7778163724784783
R273,1558555200,578,825,247,1403,21,0.9111057915626808,1.4804729606500475
R273,1558569600,248,709,461,957,21,1.5079730550149673,0.31112654899139125
R273,1558584000,49,191,142,240,21,0.6182503585603906,-1.5687420096616504
R273,1558598400,613,112,-501,725,21,-1.1751405311583962,-0.2971433333063851
R273,1558612800,977,265,-712,1242,21,-1.7636404965249035,1.0583546371589183
R273,1558627200,657,383,-274,1040,21,-0.5420149760010641,0.5287403430893026
R273,1558641600,521,937,416,1458,21,1.3824635837282717,1.6246748724016755
R273,1558656000,236,623,387,859,21,1.301579702232401,0.05418496077939952
R273,1558670400,52,198,146,250,21,0.6294067560080968,-1.5425234802522636
R273,1558684800,613,103,-510,716,21,-1.2002424254157353,-0.32074000977483336
R273,1558699200,863,244,-619,1107,21,-1.5042542558657321,0.704404490132195
R273,1558713600,696,466,-230,1162,21,-0.4192946040762948,0.848606401883823
R273,1558728000,629,858,229,1487,21,0.8609020030480025,1.7007086076888978
R273,1558742400,340,638,298,978,21,1.053349859020936,0.3661854607511038
R273,1558756800,54,257,203,311,21,0.7883854196379115,-1.3825904508550033
R273,1558771200,259,72,-187,331,21,-0.29936333151345224,-1.3301533920362294
R273,1558785600,602,175,-427,777,21,-0.9687471783758298,-0.16080698037757316
R273,1558800000,694,382,-312,1076,21,-0.6480007517542739,0.6231270489630956
R273,1558814400,509,533,24,1042,21,0.2891366338530548,0.53398404897118
R273,1558828800,265,526,261,791,21,0.9501531826296528,-0.12410103920443148
R273,1558843200,65,240,175,305,21,0.7102906375039675,-1.3983215685006354
R273,1558857600,186,76,-110,262,21,-0.08460268064510605,-1.5110612449609993
R273,1558872000,528,166,-362,694,21,-0.7874557198506026,-0.37842077447548456
R273,1558886400,618,349,-269,967,21,-0.5280694791914312,0.3373450784007782
R273,1558900800,410,541,131,951,21,0.5875702655791982,0.29539543134575913
R273,1558915200,219,418,199,637,21,0.7772290221902052,-0.52786639210899
R273,1558929600,48,146,98,194,21,0.4955299866356213,-1.6893472449448301
R273,1558944000,248,61,-187,309,21,-0.29936333151345224,-1.3878341567368808
R273,1558958400,535,147,-388,682,21,-0.8599723032606935,-0.40988300976674885
R273,1558972800,603,390,-213,993,21,-0.3718799149235431,0.40551325486518414
R273,1558987200,455,710,255,1165,21,0.9334185864580934,0.8564719607066391
R273,1559001600,217,586,369,803,22,1.1594063182545644,0.08723391512239892
R273,1559016000,39,165,126,204,22,0.44923341679579093,-0.8317907233404616
R273,1559030400,620,132,-488,752,22,-1.345195231334608,0.008986408341754707
R273,1559044800,947,270,-677,1217,22,-1.8975519324692098,0.7224195584005696
R273,1559059200,629,448,-181,1077,22,-0.4479809072694086,0.507622480963507
R273,1559073600,557,931,374,1488,22,1.1740189293956915,1.1382053297251693
R273,1559088000,199,797,598,996,22,1.8286639085181822,0.383347029017778
R273,1559102400,45,149,104,194,22,0.384937927774832,-0.8471333717288232
R273,1559116800,667,103,-564,770,22,-1.567306920679739,0.03660317544080561
R273,1559131200,1086,555,-531,1641,22,-1.4708636871483005,1.372947850067102
R273,1559145600,893,1079,186,1972,22,0.6245847504893153,1.8807895117218711
R273,1559160000,503,976,473,1479,22,1.4633486299900067,1.1243969461756438
R273,1559174400,219,623,404,842,22,1.2616945962424537,0.1470702438370092
R273,1559188800,52,174,122,226,22,0.4375433278828893,-0.798036896886066
R273,1559203200,647,110,-537,757,22,-1.488398820517653,0.016657732535935513
R273,1559217600,1069,464,-605,1533,22,-1.6871303320369806,1.2072472474727964
R273,1559232000,916,983,67,1899,22,0.276804605330492,1.7687881784868316
R273,1559246400,507,1023,516,1530,22,1.589017085803699,1.202644452956288
R273,1559260800,235,630,395,865,22,1.235391896188425,0.1823583351302409
R273,1559275200,52,176,124,228,22,0.44338837233934014,-0.7949683672083937
R273,1559289600,650,103,-547,753,22,-1.5176240427999073,0.010520673180590868
R273,1559304000,1020,479,-541,1499,22,-1.5000889094305547,1.155082242952367
R273,1559318400,899,1025,126,1924,22,0.44923341679579093,1.8071447994577354
R273,1559332800,633,848,215,1481,22,0.7093378951078521,1.1274654758533162
R273,1559347200,286,537,251,823,22,0.8145486953239667,0.11791921189912215
R273,1559361600,2,5,3,7,22,0.08976318272406603,-1.1340408965911852
R273,1559376000,1,14,13,15,22,0.11898840500632009,-1.121766777880496
R273,1559390400,6,9,3,15,22,0.08976318272406603,-1.121766777880496
R273,1559404800,0,1,1,1,22,0.08391813826761522,-1.1432464856242022
R273,1559419200,0,0,0,0,22,0.08099561603938982,-1.1447807504630385
R273,1559433600,0,1,1,1,22,0.08391813826761522,-1.1432464856242022
R273,1559448000,0,0,0,0,22,0.08099561603938982,-1.1447807504630385
R273,1559462400,0,1,1,1,22,0.08391813826761522,-1.1432464856242022
R273,1559476800,0,0,0,0,22,0.08099561603938982,-1.1447807504630385
R273,1559491200,0,2,2,2,22,0.08684066049584062,-1.141712220785366
R273,1559505600,0,2,2,2,22,0.08684066049584062,-1.141712220785366
R273,1559520000,2,6,4,8,22,0.09268570495229143,-1.1325066317523491
R273,1559534400,1,5,4,6,22,0.09268570495229143,-1.1355751614300216
R273,1559548800,589,125,-464,714,22,-1.2750546978571984,-0.04931565553401941
R273,1559563200,888,267,-621,1155,22,-1.7338906876885871,0.6272951383927277
R273,1559577600,627,454,-173,1081,22,-0.42460072944360533,0.5137595403188517
R273,1559592000,548,829,281,1377,22,0.9022243621707288,0.9679019326143554
R273,1559606400,240,634,394,874,23,1.2017235482444357,-0.15107770687747196
R273,1559620800,59,172,113,231,23,0.4562443726133803,-1.5440461438638193
R273,1559635200,569,96,-473,665,23,-1.0983847979197106,-0.6038466078574822
R273,1559649600,930,222,-708,1152,23,-1.7218282366147213,0.4511699221772785
R273,1559664000,632,434,-198,1066,23,-0.3688233271064,0.26486310167832694
R273,1559678400,571,890,319,1461,23,1.0027522380226237,1.1205746609467673
R273,1559692800,233,735,502,968,23,1.488242234963845,0.0525599806446379
R273,1559707200,49,208,159,257,23,0.578280109549425,-1.4877208260385548
R273,1559721600,648,100,-548,748,23,-1.2973561081415226,-0.424038862492215
R273,1559736000,1144,417,-727,1561,23,-1.7722343018709137,1.3372104987362459
R273,1559750400,989,720,-269,1709,23,-0.557182834116382,1.6578315386646743
R273,1559764800,531,945,414,1476,23,1.2547825643035857,1.1530700366151891
R273,1559779200,255,634,379,889,23,1.1619292862000734,-0.11858233120905019
R273,1559793600,52,181,129,233,23,0.49869158546070014,-1.5397134271080297
R273,1559808000,649,104,-545,753,23,-1.28939725573265,-0.4132070706027411
R273,1559822400,1198,429,-769,1627,23,-1.8836582355951283,1.4801901516773017
R273,1559836800,998,700,-298,1698,23,-0.6341184074021493,1.6340015965078316
R273,1559851200,581,930,349,1511,23,1.0823407621113486,1.2288925798415067
R273,1559865600,258,701,443,959,23,1.331718137589353,0.033062755243584825
R273,1559880000,50,196,146,246,23,0.5437917491109775,-1.5115507681953975
R273,1559894400,611,122,-489,733,23,-1.1408320107670304,-0.45653423816063676
R273,1559908800,808,348,-460,1156,23,-1.0638964374812632,0.45983535568885764
R273,1559923200,930,818,-112,1748,23,-0.14066955805205564,1.7423195154025708
R273,1559937600,644,919,275,1563,23,0.8860224026924941,1.3415432154920355
R273,1559952000,268,678,410,946,23,1.2441707610917556,0.0049000963309526096
R273,1559966400,58,268,210,326,23,0.7135806005002571,-1.3382420979638145
R273,1559980800,267,89,-178,356,23,-0.31576431104725017,-1.273251346626971
R273,1559995200,600,270,-330,870,23,-0.7190128330967891,-0.15974314038905113
R273,1560009600,747,442,-305,1189,23,-0.6526890630228518,0.5313251821593856
R273,1560024000,567,630,63,1197,23,0.32359683246550563,0.5486560491825438
R273,1560038400,301,594,293,895,23,0.933775517145729,-0.10558418094168147
R273,1560052800,67,286,219,353,23,0.7374571577268745,-1.2797504217606555
R273,1560067200,203,72,-131,275,23,-0.19107562330824798,-1.4487263752364488
R273,1560081600,536,184,-352,720,23,-0.7773777507618539,-0.484696897073269
R273,1560096000,602,384,-218,986,23,-0.42188234316554984,0.09155443144674405
R273,1560110400,433,562,129,995,23,0.49869158546070014,0.11105165684779712
R273,1560124800,211,488,277,699,23,0.8913283042984091,-0.5301904230090595
R273,1560139200,45,158,113,203,23,0.4562443726133803,-1.6047041784448732
R273,1560153600,596,102,-494,698,23,-1.1540967647818179,-0.5323567813869543
R273,1560168000,879,244,-635,1123,23,-1.5281628279988244,0.3883455292183297
R273,1560182400,497,489,-8,986,23,0.1352373254555236,0.09155443144674405
R273,1560196800,551,985,434,1536,23,1.3078415803627355,1.2830515392888764
R273,1560211200,125,329,204,454,24,0.8442574038084713,-0.7471185869464974
R273,1560225600,1,15,14,16,24,0.34226056440742436,-1.5664937132878203
R273,1560240000,445,159,-286,604,24,-0.45036602412054444,-0.4665106669665922
R273,1560254400,983,265,-718,1248,24,-1.5917483116008195,0.7382326694804671
R273,1560268800,580,469,-111,1049,24,0.011999485854103984,0.3659594956404596
R273,1560283200,594,989,395,1583,24,1.3488963318379448,1.3649236907689217
R273,1560297600,139,317,178,456,24,0.7755630994693806,-0.7433771480134319
R273,1560312000,0,6,6,6,24,0.3211238553800118,-1.5852009079531473
R273,1560326400,619,105,-514,724,24,-1.0527622314018006,-0.24202433098266815
R273,1560340800,960,319,-641,1279,24,-1.3883074872119743,0.7962249729429808
R273,1560355200,593,496,-97,1089,24,0.04898872665207586,0.4407882743017676
R273,1560369600,596,896,300,1492,24,1.0978979121374213,1.194688219314446
R273,1560384000,121,354,233,475,24,0.9208779740328416,-0.7078334781493106
R273,1560398400,3,9,6,12,24,0.3211238553800118,-1.573976591153951
R273,1560412800,623,95,-528,718,24,-1.0897514721997725,-0.25324864778186434
R273,1560427200,1070,251,-819,1321,24,-1.8585992630719024,0.8747951905373541
R273,1560441600,646,460,-186,1106,24,-0.1861571612778882,0.47259050523282353
R273,1560456000,569,1023,454,1592,24,1.5047795609151118,1.3817601659677161
R273,1560470400,130,282,152,412,24,0.70686879513029,-0.8256888045408708
R273,1560484800,4,8,4,12,24,0.31583967812315866,-1.573976591153951
R273,1560499200,600,102,-498,702,24,-1.0104888133469756,-0.28318015924638756
R273,1560513600,904,283,-621,1187,24,-1.3354657146434428,0.6241187820219722
R273,1560528000,672,507,-165,1179,24,-0.1306733000809304,0.6091530262897107
R273,1560542400,650,1115,465,1765,24,1.5338425358278038,1.7053946336778734
R273,1561161600,9827,8850,-977,18677,25,-2.868315064139041,4.10063865004256
R273,1561176000,1,7,6,8,25,0.3806425406798689,-0.2974770146046201
R273,1561190400,0,1,1,1,25,0.36411681532473716,-0.299126101842958
R273,1561204800,0,0,0,0,25,0.3608116702537108,-0.2993616857341491
R273,1561219200,0,1,1,1,25,0.36411681532473716,-0.299126101842958
R273,1561233600,1,2,1,3,25,0.36411681532473716,-0.29865493406057575
R273,1561248000,1,1,0,2,25,0.3608116702537108,-0.2988905179517669
R273,1561262400,0,3,3,3,25,0.3707271054667899,-0.29865493406057575
R273,1561276800,0,1,1,1,25,0.36411681532473716,-0.299126101842958
R273,1561291200,2,2,0,4,25,0.3608116702537108,-0.29841935016938465
R273,1561305600,7,6,-1,13,25,0.35750652518268444,-0.2962990951486645
R273,1561320000,4,3,-1,7,25,0.35750652518268444,-0.2977125984958112
R273,1561334400,0,1,1,1,25,0.36411681532473716,-0.299126101842958
R273,1561348800,0,1,1,1,25,0.36411681532473716,-0.299126101842958
R273,1561363200,558,100,-458,658,25,-1.1529447722763613,-0.14434748533038652
R273,1561377600,941,217,-724,1158,25,-2.032113361169373,-0.026555539734822206
R273,1561392000,592,402,-190,994,25,-0.2671658932412973,-0.0651912978901673
R273,1561406400,485,856,371,1341,25,1.5870204916044897,0.01655631235315433
R273,1561420800,122,310,188,432,26,0.8810723014139001,-0.8146924666444826
R273,1561435200,0,18,18,18,26,0.36470882508662056,-1.6026922780709867
R273,1561449600,518,98,-420,616,26,-0.9656864845095469,-0.464470328232703
R273,1561464000,966,228,-738,1194,26,-1.9315899284629288,0.6356839978651698
R273,1561478400,590,397,-193,987,26,-0.2761893720019441,0.24168409215191777
R273,1561492800,509,879,370,1388,26,1.4338849643054583,1.0049399481471548
R273,1561507200,118,278,160,396,26,0.7960241994305834,-0.8832141893772221
R273,1561521600,1,14,13,15,26,0.3495216640181712,-1.6084024216320483
R273,1561536000,583,110,-473,693,26,-1.1266703918351104,-0.3179099768321213
R273,1561550400,1094,429,-665,1523,26,-1.7098573768635674,1.2618964083949278
R273,1561564800,965,791,-174,1756,26,-0.21847815994183636,1.7053842249707138
R273,1561579200,552,832,280,1384,26,1.160516065073369,0.9973264233990726
R273,1561593600,152,286,134,438,26,0.7170509618746466,-0.8032721795223593
R273,1561608000,2,3,1,5,26,0.3130724774538926,-1.6274362335022536
R273,1561622400,549,96,-453,645,26,-1.065921747561313,-0.4092722738091073
R273,1561636800,1200,441,-759,1641,26,-1.9953760049504161,1.4864953884633516
R273,1561651200,1007,712,-295,1719,26,-0.5860074577983119,1.634959121050954
R273,1561665600,578,825,247,1403,26,1.060280802021603,1.033490665952463
R273,1561680000,156,323,167,479,26,0.8172862249264127,-0.7252335508545171
R273,1561694400,0,11,11,11,26,0.3434467995907914,-1.6160159463801305
R273,1561708800,489,91,-398,580,26,-0.8988629758083695,-0.5329920509654424
R273,1561723200,1075,365,-710,1440,26,-1.846541826479612,1.1039157698722228
R273,1561737600,1091,864,-227,1955,26,-0.3794620672674,2.084157081187801
R273,1561752000,617,858,241,1475,26,1.0420562087394638,1.170534111417942
R273,1561766400,308,592,284,900,26,1.1726657939281286,0.0760899288811307
R273,1561780800,66,216,150,282,26,0.7656498772936847,-1.1001996446975637
R273,1561795200,241,86,-155,327,26,-0.16076694788172866,-1.0145474912816395
R273,1561809600,615,187,-428,802,26,-0.9899859422190659,-0.11044142744688235
R273,1561824000,646,391,-255,1037,26,-0.4645101692507167,0.3368531515029448
R273,1561838400,481,541,60,1022,26,0.4922809780615955,0.3083024336976367
R273,1561852800,279,529,250,808,26,1.0693930986626727,-0.09902114032475909
R273,1561867200,68,269,201,337,26,0.9205589201918686,-0.995513679411434
R273,1561881600,160,98,-62,258,26,0.12171424799143019,-1.1458807931860566
R273,1561896000,624,192,-432,816,26,-1.0021356710738254,-0.08379409082859476
R273,1561910400,648,415,-233,1063,26,-0.39768666054953933,0.3863410623654789
R273,1561924800,435,610,175,1045,26,0.8415856826359317,0.35208020099910914
R273,1561939200,196,535,339,731,26,1.339724565681072,-0.24558149172534077
R273,1561953600,54,167,113,221,26,0.6532648853871591,-1.2163058971058167
R273,1561968000,526,121,-405,647,26,-0.9201250013041986,-0.4054655114350662
R273,1561982400,863,310,-553,1173,26,-1.3696649689303009,0.5957129929377384
R273,1561996800,550,497,-53,1047,26,0.1490511379146391,0.35588696337315023
R273,1562011200,510,902,392,1412,26,1.5007084730066356,1.0506210966356477
R273,1562025600,247,657,410,904,27,1.612416986936245,0.6772778202761676
R273,1562040000,51,186,135,237,27,0.6365004015401527,-0.7123992365770192
R273,1562054400,589,109,-480,698,27,-1.546003962163836,0.24808220751491347
R273,1562068800,912,261,-651,1173,27,-2.152846638901042,1.2377322854838246
R273,1562083200,586,404,-182,990,27,-0.4884652623527974,0.8564565712347493
R273,1562097600,507,862,355,1369,27,1.4172336698570267,1.6460931597615225
R273,1562112000,225,662,437,887,27,1.708234251684225,0.6418587648541223
R273,1562126400,63,187,124,250,27,0.5974637381243091,-0.6853140765483964
R273,1562140800,543,105,-438,648,27,-1.396954883666978,0.14390851509713334
R273,1562155200,908,264,-644,1172,27,-2.1280051258182326,1.235648811635469
R273,1562169600,569,500,-69,1069,27,-0.08745226544458491,1.0210510052548418
R273,1562184000,542,864,322,1406,27,1.3001236796094955,1.72318169215068
R273,1562198400,264,602,338,866,27,1.3569042809416318,0.5981058140386546
R273,1562212800,51,203,152,254,27,0.6968297904555476,-0.6769801811549739
R273,1562227200,224,63,-161,287,27,-0.4139407231043685,-0.608225544159239
R273,1562241600,492,169,-323,661,27,-0.9888443115922486,0.17099367512575617
R273,1562256000,544,320,-224,864,27,-0.6375143408496552,0.5939388663419435
R273,1562270400,446,410,-36,856,27,0.029657724802946175,0.5772710755550986
R273,1562284800,249,449,200,698,27,0.8671715944519565,0.24808220751491347
R273,1562299200,71,202,131,273,27,0.6223052512071187,-0.6373941780362175
R273,1562313600,401,108,-293,509,27,-0.8823806840944929,-0.14569434982429535
R273,1562328000,658,247,-411,905,27,-1.301137618918998,0.6793612941245232
R273,1562342400,654,482,-172,1136,27,-0.45297738652021224,1.1606437530946672
R273,1562356800,502,649,147,1151,27,0.679085852539255,1.1918958608200012
R273,1562371200,265,503,238,768,27,1.00202552261578,0.3939253768998056
R273,1562385600,0,7,7,7,27,0.18225559088306245,-1.1915982216988077
R273,1562400000,1,1,0,2,27,0.15741407780025282,-1.2020155909405856
R273,1562414400,2,5,3,7,27,0.1680604405500284,-1.1915982216988077
R273,1562428800,9,10,1,19,27,0.16096286538351134,-1.1665965355185404
R273,1562443200,0,5,5,5,27,0.1751580157165454,-1.195765169395519
R273,1562457600,3,2,-1,5,27,0.1538652902169943,-1.195765169395519
R273,1562472000,1,1,0,2,27,0.15741407780025282,-1.2020155909405856
R273,1562486400,1,2,1,3,27,0.16096286538351134,-1.1999321170922301
R273,1562500800,0,5,5,5,27,0.1751580157165454,-1.195765169395519
R273,1562515200,0,7,7,7,27,0.18225559088306245,-1.1915982216988077
R273,1562529600,0,1,1,1,27,0.16096286538351134,-1.2040990647889414
R273,1562544000,0,2,2,2,27,0.16451165296676987,-1.2020155909405856
R273,1562558400,1,4,3,5,27,0.1680604405500284,-1.195765169395519
R273,1562572800,535,121,-414,656,27,-1.3117839816687737,0.16057630588397817
R273,1562587200,875,270,-605,1145,27,-1.9896024100711505,1.1793950177298678
R273,1562601600,601,396,-205,997,27,-0.5700873767677433,0.8710408881732385
R273,1562616000,497,919,422,1416,27,1.6550024379353474,1.7440164306342358
R273,1562630400,238,611,373,849,28,0.7663575130399499,-0.23440857493263126
R273,1562644800,39,152,113,191,28,0.1052765396300239,-1.4695116019751853
R273,1562659200,588,127,-461,715,28,-1.3541868401288124,-0.48593411539418485
R273,1562673600,922,290,-632,1212,28,-1.7889747111022638,0.4469628518400848
R273,1562688000,605,476,-129,1081,28,-0.5100372894669072,0.20106848019483461
R273,1562702400,325,999,674,1324,28,1.531685870718364,0.6571931543154131
R273,1562716800,236,711,475,947,28,1.0257046641469207,-0.05045706026671895
R273,1562731200,28,55,27,83,28,-0.1133887054209516,-1.672233679362109
R273,1562745600,563,110,-453,673,28,-1.3338458871008148,-0.5647704788224329
R273,1562760000,983,694,-289,1677,28,-0.9168563500268615,1.3197940183671177
R273,1562774400,811,1107,296,1918,28,0.5705758401454717,1.7721645799434937
R273,1562788800,442,1155,713,1597,28,1.630848016729853,1.169629516599026
R273,1562803200,199,714,515,913,28,1.1274094292869095,-0.11427697351815792
R273,1562817600,41,78,37,119,28,-0.08796251413595445,-1.604659653566468
R273,1562832000,565,127,-438,692,28,-1.295706600173319,-0.5291064096525112
R273,1562846400,1026,565,-461,1591,28,-1.3541868401288124,1.1583671789664192
R273,1562860800,835,1027,192,1862,28,0.3061434507815014,1.6670494287058297
R273,1562875200,448,1092,644,1540,28,1.4554072968633727,1.0626373090892607
R273,1562889600,197,757,560,954,28,1.2418272900693965,-0.03731766636201093
R273,1562904000,42,61,19,103,28,-0.13372965844894932,-1.6346925539200863
R273,1562918400,534,124,-410,658,28,-1.224513264575327,-0.5929263229039502
R273,1562932800,1011,574,-437,1585,28,-1.2931639810448192,1.1471048413338123
R273,1562947200,925,1122,197,2047,28,0.31885654642399996,2.014304839044542
R273,1562961600,565,918,353,1483,28,0.7155051304699556,0.9556451015794953
R273,1562976000,267,556,289,823,28,0.5527775062459738,-0.2832120380072611
R273,1562990400,145,153,8,298,28,-0.16169846886244618,-1.2686665808603628
R273,1563004800,124,439,315,563,28,0.6188856035869663,-0.7712466687535591
R273,1563019200,376,1485,1109,1861,28,2.6377251916157403,1.6651723724337286
R273,1563033600,492,685,193,1177,28,0.3086860699100011,0.3812658823165446
R273,1563048000,623,550,-73,1173,28,-0.3676506182709231,0.37375765722814003
R273,1563062400,659,489,-170,1148,28,-0.6142846737353954,0.3268312504256114
R273,1563076800,203,165,-38,368,28,-0.27865894877343306,-1.1372726418132826
R273,1563091200,70,280,210,350,28,0.35191059509449624,-1.1710596547111032
R273,1563105600,220,474,254,694,28,0.4637858367484837,-0.5253522971083089
R273,1563120000,370,539,169,909,28,0.24766321082600795,-0.1217851986065625
R273,1563134400,414,462,48,876,28,-0.059993703722457575,-0.18372805558590033
R273,1563148800,300,264,-36,564,28,-0.27357371051643364,-0.7693696124814579
R273,1563163200,44,122,78,166,28,0.016284870132533873,-1.516438008777714
R273,1563177600,545,162,-383,707,28,-1.1558625481058347,-0.500950565570994
R273,1563192000,902,232,-670,1134,28,-1.8855942379852528,0.30055246261619534
R273,1563206400,564,400,-164,964,28,-0.5990289589643971,-0.01854710364099947
R273,1563220800,462,852,390,1314,28,0.8095820382244451,0.6384225915944016
R273,1563235200,193,590,397,783,29,1.3485797748669275,0.29005844611177645
R273,1563249600,28,57,29,85,29,0.2154088503913027,-1.26624396426294
R273,1563264000,566,98,-468,664,29,-1.3149877514140929,0.024728952079410775
R273,1563278400,936,286,-650,1222,29,-1.8754146760188855,1.268879016533697
R273,1563292800,563,456,-107,1019,29,-0.20337170865403692,0.8162581149490731
R273,1563307200,537,1106,569,1643,29,1.878214011306622,2.207565713908705
R273,1563321600,217,651,434,868,29,1.462512721077792,0.47957951327775195
R273,1563336000,29,40,11,69,29,0.1599820116941254,-1.3019185180824178
R273,1563350400,534,109,-425,643,29,-1.1825791923041693,-0.02209389980865376
R273,1563350813,36,6,-30,42,29,0.033731990217221536,-1.3621193276527863
R273,1563364800,934,303,-631,1237,29,-1.8169085685051982,1.3023239107394573
R273,1563379200,515,390,-125,905,29,-0.2587985473512142,0.5620769189852942
R273,1563393600,514,975,461,1489,29,1.545652979123558,1.8641981333962316
R273,1563408000,190,615,425,805,29,1.4347993017292033,0.33911095761355836
R273,1563422400,18,44,26,62,29,0.20617104394177316,-1.317526135378439
R273,1563435454,431,73,-358,504,29,-0.9762681815980093,-0.3320165861153666
R273,1563436800,111,95,-16,206,29,0.07684175364835943,-0.9964551510031395
R273,1563451200,929,239,-690,1168,29,-1.9985854286792795,1.1484773973929596
R273,1563465600,586,439,-147,1025,29,-0.32654246131443093,0.8296360726313773
R273,1563480000,524,881,357,1405,29,1.2254090222065335,1.6769067258439736
R273,1563494400,234,643,409,877,29,1.3855310006650456,0.4996464498012082
R273,1563508800,37,43,6,80,29,0.14458566761157615,-1.2773922623315268
R273,1563523200,515,108,-407,623,29,-1.127152353606992,-0.06668709208300093
R273,1563537600,875,270,-605,1145,29,-1.7368475792759421,1.0971952262774602
R273,1563552000,611,436,-175,1047,29,-0.4127619881767068,0.8786885841331592
R273,1563566400,401,503,102,904,29,0.4401954739965217,0.5598472593715769
R273,1563580800,206,433,227,639,29,0.825104076060253,-0.031012538263523192
R273,1563595200,33,51,18,84,29,0.18153689340969434,-1.2684736238766572
R273,1563609600,120,90,-30,210,29,0.033731990217221536,-0.9875365125482701
R273,1563624000,246,238,-8,484,29,0.10147590418043824,-0.3766097783897138
R273,1563638400,236,292,56,528,29,0.29854910843706867,-0.27850475538615
R273,1563652800,209,213,4,422,29,0.13842712997855644,-0.51484867444019
R273,1563667200,116,171,55,287,29,0.2954698396205588,-0.8158527222920334
R273,1563681600,33,55,22,88,29,0.19385396867573373,-1.2595549854217878
R273,1563696000,51,72,21,123,29,0.1907746998592239,-1.1815168989416802
R273,1563710400,162,222,60,384,29,0.31086618370310803,-0.5995757397614496
R273,1563724800,149,230,81,379,29,0.3755308288498149,-0.6107240378300365
R273,1563739200,147,210,63,357,29,0.32010399015263763,-0.6597765493318184
R273,1563753600,88,119,31,207,29,0.2215673880243224,-0.9942254913894222
R273,1563768000,25,37,12,62,29,0.16306128051063523,-1.317526135378439
R273,1563782400,512,109,-403,621,29,-1.1148352783409525,-0.07114641131043566
R273,1563796800,931,238,-693,1169,29,-2.007823235128809,1.1507070570066769
R273,1563811200,538,411,-127,949,29,-0.2649570849842339,0.660181941988858
R273,1563825600,399,816,417,1215,29,1.4101651511971245,1.2532713992376754
R273,1563840000,177,518,341,695,30,1.359661966899476,0.43082051044287495
R273,1563854400,21,153,132,174,30,0.5964497437607371,-0.7054813083593753
R273,1563868800,525,98,-427,623,30,-1.44486907315101,0.2737883972878615
R273,1563883200,882,232,-650,1114,30,-2.259205560040669,1.3446601689421893
R273,1563897474,224,402,178,626,30,0.764429467513761,0.2803314020026537
R273,1563897600,542,236,-306,778,30,-1.0030093650180558,0.61184364088546
R273,1563897735,2,0,-2,2,30,0.10711750500192828,-1.0806135786741295
R273,1563897797,2,0,-2,2,30,0.10711750500192828,-1.0806135786741295
R273,1563897860,0,14,14,14,30,0.16554523500298007,-1.0544415598149608
R273,1563897935,1,6,5,7,30,0.13267963687738843,-1.0697085708161427
R273,1563898015,0,1,1,1,30,0.11807270437712548,-1.082794580245727
R273,1563898096,2,0,-2,2,30,0.10711750500192828,-1.0806135786741295
R273,1563898176,1,8,7,9,30,0.1399831031275199,-1.0653465676729479
R273,1563898250,1,1,0,2,30,0.11442097125205976,-1.0806135786741295
R273,1563898315,1,0,-1,1,30,0.11076923812699402,-1.082794580245727
R273,1563898377,2,0,-2,2,30,0.10711750500192828,-1.0806135786741295
R273,1563898461,4,12,8,16,30,0.14363483625258563,-1.050079556671766
R273,1563898542,1,11,10,12,30,0.15093830250271711,-1.0588035629581556
R273,1563898622,1,0,-1,1,30,0.11076923812699402,-1.082794580245727
R273,1563898703,7,0,-7,7,30,0.0888588393765996,-1.0697085708161427
R273,1563898783,3,1,-2,4,30,0.10711750500192828,-1.0762515755309348
R273,1563898864,2,0,-2,2,30,0.10711750500192828,-1.0806135786741295
R273,1563899240,8,39,31,47,30,0.22762469812909758,-0.9824685079522463
R273,1563912000,509,706,197,1215,30,0.83381239689001,1.5649413276735276
R273,1563926400,230,636,406,866,30,1.597024620028749,0.8037717791860319
R273,1563940800,41,172,131,213,30,0.5927980106356714,-0.6204222470670763
R273,1563955200,578,109,-469,687,30,-1.598241864403771,0.41337249787009567
R273,1563969600,955,256,-699,1211,30,-2.4381404831688904,1.556217321387138
R273,1563984000,590,427,-163,1017,30,-0.48081152813365535,1.1331030164972407
R273,1563998400,493,901,408,1394,30,1.6043280862788805,1.9553406089894638
R273,1564012800,233,632,399,865,30,1.5714624881532888,0.8015907776144345
R273,1564027200,42,178,136,220,30,0.611056676261,-0.6051552360658944
R273,1564041600,551,105,-446,656,30,-1.514252002527259,0.345761449150576
R273,1564056000,870,235,-635,1105,30,-2.204429563164683,1.3250311547978126
R273,1564070400,594,404,-190,998,30,-0.5794083225104303,1.09166398663689
R273,1564084800,524,843,319,1367,30,1.2793238381480299,1.8964535665563338
R273,1564099200,231,610,379,841,30,1.498427825651974,0.7492467398960967
R273,1564113600,49,218,169,267,30,0.7315638693881693,-0.5026481622008162
R273,1564128000,526,114,-412,640,30,-1.3900930762750239,0.31086542400501743
R273,1564142400,854,219,-635,1073,30,-2.204429563164683,1.2552391045066955
R273,1564156800,611,465,-146,1076,30,-0.41873206500753785,1.2617821092214878
R273,1564171200,558,803,245,1361,30,1.0090955868931653,1.8833675571267494
R273,1564185600,261,582,321,843,30,1.2866273043981613,0.7536087430392915
R273,1564200000,50,79,29,129,30,0.22032123187896613,-0.8036263790812587
R273,1564214400,128,89,-39,217,30,-0.02799662062550399,-0.6116982407806867
R273,1564228800,246,234,-12,480,30,0.07060017375127091,-0.038094827450568025
R273,1564243200,273,267,-6,540,30,0.09251057250166533,0.09276526684527653
R273,1564257600,208,217,9,425,30,0.1472865693776514,-0.15804991388842554
R273,1564272000,157,185,28,342,30,0.21666949875390037,-0.3390730443310105
R273,1564286400,52,63,11,115,30,0.15459003562778284,-0.8341604010836224
R273,1564300800,49,61,12,110,30,0.1582417687528486,-0.8450654089416094
R273,1564315200,134,163,29,297,30,0.22032123187896613,-0.43721811505289393
R273,1564329600,181,270,89,451,30,0.43942521938291035,-0.10134387302689289
R273,1564344000,167,214,47,381,30,0.28605242813014936,-0.25401398303871153
R273,1564358400,75,142,67,217,30,0.3590870906314641,-0.6116982407806867
R273,1564372800,23,37,14,60,30,0.16554523500298007,-0.9541154875214799
R273,1564387200,519,89,-430,608,30,-1.4558242725262072,0.24107337371390036
R273,1564401600,857,252,-605,1109,30,-2.094877569412711,1.3337551610842022
R273,1564416000,535,405,-130,940,30,-0.36030433500648607,0.9651658954842403
R273,1564430400,501,870,369,1371,30,1.4619104944013166,1.9051775728427236
R273,1564444800,185,637,452,822,31,1.3678208878723008,0.3098988405561256
R273,1564459200,35,183,148,218,31,0.4924155196340283,-0.9232622075502224
R273,1564473600,566,113,-453,679,31,-1.2382378563896617,0.017941837444854482
R273,1564488000,878,250,-628,1128,31,-1.7421718677110358,0.9346459940669575
R273,1564502400,545,406,-139,951,31,-0.334036258933025,0.573272640565594
R273,1564516800,487,928,441,1415,31,1.3361450357321,1.5206016576539143
R273,1564531200,217,674,457,891,31,1.3822190024814829,0.45077319870072496
R273,1564545600,48,175,127,223,31,0.4319434382754634,-0.91305392072815
R273,1564560000,594,117,-477,711,31,-1.307348806513736,0.08327487310611795
R273,1564574400,932,250,-682,1182,31,-1.8976715054902025,1.0448954917453397
R273,1564588800,597,433,-164,1030,31,-0.4060268319789356,0.7345635723543381
R273,1564603200,465,904,439,1369,31,1.3303857898884273,1.426685418890848
R273,1564617600,211,617,406,828,31,1.2353582334678253,0.3221487847426125
R273,1564632000,37,189,152,226,31,0.5039340113213739,-0.9069289486349065
R273,1564646400,549,101,-448,650,31,-1.2238397417804796,-0.041266226123165536
R273,1564655192,661,123,-538,784,31,-1.4830058047457577,0.23231586070837523
R273,1564655258,143,115,-28,258,31,-0.014398114609182113,-0.841595912973643
R273,1564655322,9,2,-7,11,31,0.046073966749382765,-1.3458852819840204
R273,1564655395,0,9,9,9,31,0.09214793349876553,-1.3499685967128494
R273,1564655396,1,6,5,7,31,0.08062944181141983,-1.3540519114416782
R273,1564655906,6,6,0,12,31,0.06623132720223772,-1.343843624619606
R273,1564655983,3,0,-3,3,31,0.05759245843672845,-1.3622185408993364
R273,1564656586,13,14,1,27,31,0.06911095012407414,-1.3132187641533888
R273,1564660800,223,94,-129,317,31,-0.3052400297146608,-0.7211381284731885
R273,1564675200,569,449,-120,1018,31,-0.279323423418133,0.7100636839813643
R273,1564689600,518,912,394,1430,31,1.2008027584057883,1.5512265181201315
R273,1564704000,261,762,501,1023,31,1.5089224110422854,0.7202719708034367
R273,1564718400,42,243,201,285,31,0.6450355344913586,-0.786471164134452
R273,1564727579,28,46,18,74,31,0.11806453979529333,-1.217260868025908
R273,1564732800,539,109,-430,648,31,-1.172006529187424,-0.0453495408519945
R273,1564747200,882,318,-564,1200,31,-1.5578760007135046,1.0816453243048003
R273,1564761600,626,536,-90,1162,31,-0.19293473576304032,1.00406234445705
R273,1564776000,568,958,390,1526,31,1.1892842667184427,1.747225625103922
R273,1565395200,6175,9833,3658,16008,32,4.038774854128351,4.225070767467485
R273,1565409600,53,212,159,265,32,0.037019293777407536,-0.3433860843749194
R273,1565424000,231,72,-159,303,32,-0.32667269484551337,-0.33235887479796383
R273,1565438400,569,165,-404,734,32,-0.6068756420549964,-0.20728710301723108
R273,1565452800,583,352,-231,935,32,-0.409018050760137,-0.14895896814965034
R273,1565460347,226,74,-152,300,32,-0.31866689635381384,-0.3332294439750919
R273,1565467200,186,470,284,656,32,0.1799799811291846,-0.2299219016225609
R273,1565481600,241,438,197,679,32,0.08047934273234776,-0.2232475379312457
R273,1565496000,49,227,178,276,32,0.05874931825487765,-0.3401939973921165
R273,1565510400,175,52,-123,227,32,-0.2855000168882016,-0.354413293951875
R273,1565524800,516,156,-360,672,32,-0.5565534801071709,-0.2252788660112112
R273,1565539200,573,294,-279,867,32,-0.46391495470321936,-0.16869186949788662
R273,1565553600,404,455,51,859,32,-0.08649874009452786,-0.17101338730356147
R273,1565568000,187,399,212,586,32,0.09763462521456101,-0.2502351824222159
R273,1565582400,41,130,89,171,32,-0.04303869113958763,-0.370663918591599
R273,1565596800,527,110,-417,637,32,-0.6217435535395812,-0.2354355064110387
R273,1565611200,802,223,-579,1025,32,-0.8070206043474843,-0.12284189283580824
R273,1565625600,557,397,-160,954,32,-0.3278163803443276,-0.14344536336117258
R273,1565640000,461,903,442,1364,32,0.3606822899418308,-0.02446757582033628
R273,1565654400,198,587,389,785,33,1.141450468382908,0.22586649049337876
R273,1565668800,39,159,120,198,33,0.353637316375205,-1.0719487968176309
R273,1565683200,541,107,-434,648,33,-1.268847762480808,-0.07703077417716352
R273,1565697600,900,270,-630,1170,33,-1.8428677542782423,1.0770741320857786
R273,1565712000,501,477,-24,978,33,-0.06809165719025687,0.6525757757591791
R273,1565726400,473,982,509,1455,33,1.4928912796874598,1.7071888797580745
R273,1565740800,228,690,462,918,33,1.355243628593177,0.5199200394071168
R273,1565755200,28,207,179,235,33,0.5264290485999429,-0.9901444260671924
R273,1565769600,528,106,-422,634,33,-1.233703681350353,-0.10798377932597807
R273,1565784000,935,271,-664,1206,33,-1.942442650814532,1.156667573897016
R273,1565798400,558,512,-46,1070,33,-0.13252247259609132,0.8559812381656747
R273,1565812800,509,991,482,1500,33,1.4138170971439357,1.8066806820221213
R273,1565827200,216,707,491,923,33,1.440175157991777,0.5309746841031221
R273,1565841600,46,212,166,258,33,0.4883562940419498,-0.9392930604655685
R273,1565856000,512,103,-409,615,33,-1.19563092679236,-0.1499914291707978
R273,1565870400,894,230,-664,1124,33,-1.942442650814532,0.9753714008825308
R273,1565884800,579,508,-71,1087,33,-0.20573930828453957,0.8935670301320924
R273,1565899200,520,1122,602,1642,33,1.7652579084484872,2.1206325913886688
R273,1565913600,245,767,522,1012,33,1.530964034245453,0.7277473596920144
R273,1565917138,14,124,110,138,33,0.32435058209982576,-1.204604533169693
R273,1565917218,1,1,0,2,33,0.0021965050706534476,-1.5052908689010345
R273,1565928000,41,98,57,139,33,0.16913089044031546,-1.2023936042304921
R273,1565942400,514,99,-415,613,33,-1.2132029673575875,-0.15441328704919988
R273,1565956800,865,239,-626,1104,33,-1.8311530605680906,0.93115282209851
R273,1565971200,604,471,-133,1075,33,-0.3873170607918912,0.8670358828616799
R273,1565985600,530,777,247,1307,33,0.7255788416725222,1.3799713967563207
R273,1566000000,212,595,383,807,33,1.1238784278176805,0.2745069271558016
R273,1566014400,42,59,17,101,33,0.05198395333879825,-1.2864089039201316
R273,1566028800,96,103,7,199,33,0.022697219063418955,-1.0697378678784297
R273,1566043200,202,212,10,414,33,0.03148323934603275,-0.5943881459502065
R273,1566057600,177,238,61,415,33,0.18084558415046717,-0.5921772170110055
R273,1566072000,200,256,56,456,33,0.16620221701277751,-0.5015291305037629
R273,1566086400,137,189,52,326,33,0.1544875233026258,-0.7889498925998979
R273,1566100800,32,56,24,88,33,0.07248466733156377,-1.315150980129745
R273,1566115200,33,55,22,88,33,0.06662732047648791,-1.315150980129745
R273,1566129600,121,220,99,341,33,0.2921351743969085,-0.7557859585118823
R273,1566144000,163,282,119,445,33,0.3507086429476671,-0.5258493488349744
R273,1566158400,158,223,65,381,33,0.19256027786061888,-0.6673488009438407
R273,1566172800,101,118,17,219,33,0.05198395333879825,-1.025519289094409
R273,1566187200,22,30,8,52,33,0.025625892490956887,-1.3947444219409824
R273,1566201600,502,100,-402,602,33,-1.1751302127995944,-0.1787335053804113
R273,1566216000,830,229,-601,1059,33,-1.7579362248796424,0.8316610198344633
R273,1566230400,521,403,-118,924,33,-0.3433869593788223,0.5331856130423231
R273,1566244800,471,821,350,1292,33,1.0272322047089288,1.3468074626683053
R273,1566259200,203,518,315,721,34,1.1167998846264333,0.1252432712045233
R273,1566273600,26,164,138,190,34,0.5590376849413204,-1.202942860228325
R273,1566288000,537,87,-450,624,34,-1.293867249605834,-0.11738206730580866
R273,1566302400,843,224,-619,1067,34,-1.8264198583447273,0.990690354963027
R273,1566316800,548,377,-171,925,34,-0.41468276535641907,0.6355068697210978
R273,1566331200,494,874,380,1368,34,1.3216278110644692,1.7435792919899336
R273,1566345600,220,578,358,798,34,1.2523014359623648,0.31784276672303424
R273,1566360000,46,170,124,216,34,0.5149209007854358,-1.1379092643389577
R273,1566374400,530,104,-426,634,34,-1.2182384767671748,-0.09236914580989815
R273,1566388800,899,235,-664,1134,34,-1.9682238074172136,1.1582769289856274
R273,1566403200,558,399,-159,957,34,-0.37686837893708935,0.7155482185080114
R273,1566417600,481,790,309,1271,34,1.0978926914167686,1.5009539534796015
R273,1566432000,186,660,474,846,34,1.6178405046825517,0.4379047899034047
R273,1566446400,34,171,137,205,34,0.5558864860730429,-1.1654234779844592
R273,1566460800,534,102,-432,636,34,-1.2371456699768397,-0.08736656151071605
R273,1566475200,900,200,-700,1100,34,-2.081666966675203,1.0732329958995317
R273,1566489600,565,395,-170,960,34,-0.41153156648814154,0.7230520949567846
R273,1566504000,483,827,344,1310,34,1.2081846518064803,1.5985043473136524
R273,1566518400,217,588,371,805,34,1.293267021249972,0.3353518117701716
R273,1566532800,39,194,155,233,34,0.6126080657020375,-1.0953872977959098
R273,1566547200,491,101,-390,592,34,-1.1047953175091858,-0.1974234160927223
R273,1566561600,790,239,-551,1029,34,-1.612138335301859,0.8956412532785671
R273,1566576000,566,453,-113,1019,34,-0.23191323099632555,0.8706283317826566
R273,1566590400,572,776,204,1348,34,0.7670168102476337,1.6935534489981126
R273,1566604800,261,535,274,796,34,0.987600731027057,0.31284018242385214
R273,1566619200,34,60,26,94,34,0.20610341169424334,-1.4430669065890658
R273,1566633600,59,94,35,153,34,0.23446420150874062,-1.2954906697631938
R273,1566648000,156,190,34,346,34,0.23131300264046314,-0.8127412848921209
R273,1566662400,164,256,92,420,34,0.41408253700055664,-0.6276456658223831
R273,1566676800,227,223,-4,450,34,0.11156744564591914,-0.5526069013346516
R273,1566691200,157,168,11,325,34,0.15883542867008124,-0.865268420033533
R273,1566705600,44,56,12,100,34,0.1619866275383587,-1.4280591536915195
R273,1566720000,28,61,33,89,34,0.22816180377218565,-1.455573367337021
R273,1566734400,100,198,98,298,34,0.43298973021022147,-0.9328033080724913
R273,1566748800,195,240,45,435,34,0.26597619019151536,-0.5901262835785174
R273,1566763200,211,207,-4,418,34,0.11156744564591914,-0.6326482501215652
R273,1566777600,136,144,8,280,34,0.14938183206524883,-0.9778265667651304
R273,1566792000,23,53,30,76,34,0.21870820716735323,-1.4880901652817047
R273,1566806400,521,91,-430,612,34,-1.2308432722402847,-0.14739757310090126
R273,1566820800,810,225,-585,1035,34,-1.7192790968232932,0.9106490061761134
R273,1566835200,539,375,-164,914,34,-0.3926243732784767,0.6079926560755962
R273,1566849600,490,860,370,1350,34,1.2901158223816944,1.6985560332972947
R273,1566864000,111,281,170,392,35,0.9249818284805148,-0.7259185074312451
R273,1566878400,2,5,3,7,35,0.3348578931555802,-1.6913817633255726
R273,1566892800,509,98,-411,607,35,-1.1280840782487487,-0.18676370219155575
R273,1566907200,867,219,-648,1086,35,-1.9655653517338352,1.014423049947101
R273,1566921600,605,390,-215,995,35,-0.4354835314003224,0.7862226440084418
R273,1566936000,511,858,347,1369,35,1.5504425263997568,1.7241012354486456
R273,1566950400,105,271,166,376,35,0.9108471234427917,-0.7660416557281522
R273,1566964800,3,5,2,8,35,0.33132421689614944,-1.6888740665570159
R273,1566979200,514,117,-397,631,35,-1.0786126106167182,-0.12657897974619509
R273,1566993600,921,235,-686,1156,35,-2.0998450495922034,1.1899618237460696
R273,1567008000,582,393,-189,975,35,-0.343607948655123,0.7360687086373079
R273,1567022400,467,856,389,1323,35,1.6988569292958482,1.6087471840950376
R273,1567036800,101,245,144,346,35,0.8331062457353153,-0.8412725587848531
R273,1567051200,1,1,0,2,35,0.32425686437728796,-1.7039202471683559
R273,1567065600,507,116,-391,623,35,-1.0574105530601337,-0.14664055389464864
R273,1567080000,850,246,-604,1096,35,-1.8100835963188824,1.0395000176326679
R273,1567094400,561,435,-126,996,35,-0.12098634431098602,0.7887303407769984
R273,1567108800,507,826,319,1333,35,1.4514995911356958,1.6338241517806045
R273,1567123200,123,280,157,403,35,0.879044037107915,-0.6983338429771214
R273,1567137600,8,3,-5,11,35,0.3065884830801342,-1.6813509762513457
R273,1567152000,478,101,-377,579,35,-1.0079390854281032,-0.2569792117111432
R273,1567166400,863,238,-625,1101,35,-1.884290797766928,1.0520385014754514
R273,1567180800,653,469,-184,1122,35,-0.3259395673579693,1.104700133615142
R273,1567195200,555,813,258,1368,35,1.2359453393104205,1.721593538680089
R273,1567209600,318,583,265,901,35,1.2606810731264355,0.5504991477641125
R273,1567224000,60,179,119,239,35,0.7447643392495468,-1.1095961130204193
R273,1567238400,201,64,-137,265,35,-0.15985678316472424,-1.0443959970379453
R273,1567252800,520,178,-342,698,35,-0.8842604163480271,0.04143670374710347
R273,1567267200,556,313,-243,869,35,-0.5344264666643833,0.47025285117029825
R273,1567281600,460,425,-35,885,35,0.20057819529721185,0.5103759994672054
R273,1567296000,247,452,205,699,35,1.0486604975605909,0.04394440051566016
R273,1567310400,44,214,170,258,35,0.9249818284805148,-1.0619498744178422
R273,1567324800,147,70,-77,217,35,0.052163792401120526,-1.1647654419286666
R273,1567339200,508,155,-353,663,35,-0.9231308552017653,-0.04633268315238085
R273,1567353600,563,295,-268,858,35,-0.622768373150152,0.4426681867161746
R273,1567368000,404,462,58,866,35,0.5292100874242712,0.46272976086462814
R273,1567382400,194,406,212,600,35,1.0733962313766061,-0.2043175795714526
R273,1567396800,41,126,85,167,35,0.6246193464289014,-1.2901502803565015
R273,1567411200,188,55,-133,243,35,-0.14572207812700125,-1.0995653259461926
R273,1567425600,460,152,-308,612,35,-0.7641154235273818,-0.17422521834877228
R273,1567440000,551,325,-226,876,35,-0.4743539702540606,0.48780672855019513
R273,1567454400,372,429,57,801,35,0.5256764111648404,0.299729470908443
R273,1567468800,156,392,236,548,36,0.8336424427248994,-0.6847726751091092
R273,1567483200,34,124,90,158,36,0.43511625119226643,-1.693004263269757
R273,1567497600,563,94,-469,657,36,-1.090747728716924,-0.40298487226421015
R273,1567512000,891,228,-663,1119,36,-1.6202962297945323,0.7913817783260957
R273,1567526400,540,417,-123,957,36,-0.14629524741356115,0.3725778878593651
R273,1567540800,490,928,438,1418,36,1.3850279953933369,1.564359329249259
R273,1567555200,231,644,413,875,36,1.3167872091719957,0.16059073342558786
R273,1567569600,28,139,111,167,36,0.4924385116181931,-1.6697373804660498
R273,1567584000,560,124,-436,684,36,-1.0006698909047536,-0.3331842238530884
R273,1567598400,928,240,-688,1168,36,-1.6885370160158735,0.9180570291462797
R273,1567612800,569,393,-176,962,36,-0.2909657142028046,0.3855039338614247
R273,1567627200,511,899,388,1410,36,1.2485464229506544,1.5436776556459637
R273,1567641600,207,624,417,831,36,1.3277057349674102,0.04684152860746348
R273,1567656000,33,155,122,188,36,0.5224644575555832,-1.6154479872573995
R273,1567670400,602,125,-477,727,36,-1.1125847803077533,-0.22202022823537595
R273,1567684800,958,242,-716,1200,36,-1.7649666965837758,1.000783723559461
R273,1567699200,606,462,-144,1068,36,-0.20361750783948782,0.659536109105088
R273,1567713600,553,915,362,1468,36,1.1775760052804594,1.693619789269855
R273,1567728000,198,648,450,846,36,1.4177835727795807,0.08561966661364225
R273,1567742400,32,170,138,202,36,0.5661385607372417,-1.5792550584516327
R273,1567756800,586,108,-478,694,36,-1.115314411756607,-0.30733213184896924
R273,1567771200,918,228,-690,1146,36,-1.693996278913581,0.8611824267372176
R273,1567785600,606,482,-124,1088,36,-0.1490248788624148,0.7112402931133263
R273,1567800000,491,894,403,1385,36,1.2894908946834591,1.4790474256356658
R273,1567814400,250,559,309,809,36,1.032905538491216,-0.010033073801598702
R273,1567828800,62,214,152,276,36,0.6043534010211927,-1.3879495776211508
R273,1567843200,227,71,-156,298,36,-0.2363730852257316,-1.3310749752120885
R273,1567857600,582,175,-407,757,36,-0.9215105788879978,-0.14446395222301842
R273,1567872000,659,425,-234,1084,36,-0.44928433823631636,0.7008994563116786
R273,1567886400,515,541,26,1056,36,0.26041983846563277,0.6285135987001449
R273,1567900800,273,478,205,751,36,0.7490238678104363,-0.15997520742548993
R273,1567915200,61,223,162,284,36,0.6316497155097293,-1.3672679040178555
R273,1567929600,168,61,-107,229,36,-0.10262114423190273,-1.509454410040511
R273,1567944000,526,168,-358,694,36,-0.7877586378941689,-0.30733213184896924
R273,1567958400,576,339,-237,915,36,-0.4574732325828773,0.26399910144206457
R273,1567972800,397,490,93,887,36,0.4433051455388274,0.19161324383053085
R273,1567987200,131,423,292,554,36,0.9865018038607039,-0.6692614199066377
R273,1568001600,53,111,58,164,36,0.3477680448289496,-1.6774930080672856
R273,1568016000,663,118,-545,781,36,-1.2981997188298016,-0.08241893141313239
R273,1568030400,947,231,-716,1178,36,-1.7649666965837758,0.9439091211503988
R273,1568044800,609,419,-190,1028,36,-0.3291805544867557,0.5561277410886113
R273,1568059200,538,892,354,1430,36,1.1557389536896303,1.595381839654202
R273,1568073600,178,569,391,747,37,1.1951222728410003,0.1640682168308772
R273,1568088000,41,137,96,178,37,0.41409136612123687,-0.8790023460380516
R273,1568102400,644,114,-530,758,37,-1.2432826935620573,0.18423302560338725
R273,1568116800,1010,238,-772,1248,37,-1.8839927933118292,1.0824835981970167
R273,1568131200,623,414,-209,1037,37,-0.39341516455512854,0.6956859026515966
R273,1568145600,516,937,421,1453,37,1.2745491447108066,1.4582823071392492
R273,1568160000,190,665,475,855,37,1.4175175140764582,0.36204997568824854
R273,1568174400,37,153,116,190,37,0.46704261403444114,-0.857004372831677
R273,1568188800,629,106,-523,735,37,-1.224749756792436,0.1420702436245026
R273,1568203200,1037,238,-799,1275,37,-1.955476977994655,1.1319790379113595
R273,1568217600,611,457,-154,1068,37,-0.24779923279381677,0.7525140001013977
R273,1568232000,526,967,441,1493,37,1.327500392624011,1.5316088844938314
R273,1568246400,225,712,487,937,37,1.4492882628243808,0.5123694592651417
R273,1568260800,25,157,132,182,37,0.5094036123650045,-0.8716696883025934
R273,1568275200,681,101,-580,782,37,-1.375660813345068,0.22822897201613643
R273,1568289600,980,245,-735,1225,37,-1.7860329846724012,1.0403208162181319
R273,1568304000,608,424,-184,1032,37,-0.3272261046636232,0.6865200804822739
R273,1568318400,560,956,396,1516,37,1.2083600848193012,1.573771666472716
R273,1568332800,204,749,545,953,37,1.6028468817726733,0.5417000902069744
R273,1568347200,36,175,139,211,37,0.5279365491346261,-0.8185079197205214
R273,1568361600,585,116,-469,701,37,-1.0817813874267843,0.07974265287310792
R273,1568376000,955,224,-731,1179,37,-1.7754427350897604,0.9559952522603626
R273,1568390400,648,509,-139,1157,37,-0.20808579685891354,0.9156656347153426
R273,1568404800,577,872,295,1449,37,0.9409562828576196,1.450949649403791
R273,1568419200,273,567,294,840,37,0.9383087204619595,0.33455250918028034
R273,1568433600,0,1,1,1,37,0.1625729385335165,-1.2034724508320769
R273,1568448000,1,3,2,4,37,0.16522050092917673,-1.1979729575304832
R273,1568462400,0,0,0,0,37,0.1599253761378563,-1.2053056152659414
R273,1568476800,0,0,0,0,37,0.1599253761378563,-1.2053056152659414
R273,1568491200,0,0,0,0,37,0.1599253761378563,-1.2053056152659414
R273,1568505600,0,1,1,1,37,0.1625729385335165,-1.2034724508320769
R273,1568520000,0,1,1,1,37,0.1625729385335165,-1.2034724508320769
R273,1568534400,0,0,0,0,37,0.1599253761378563,-1.2053056152659414
R273,1568548800,0,0,0,0,37,0.1599253761378563,-1.2053056152659414
R273,1568563200,0,0,0,0,37,0.1599253761378563,-1.2053056152659414
R273,1568577600,0,1,1,1,37,0.1625729385335165,-1.2034724508320769
R273,1568592000,1,3,2,4,37,0.16522050092917673,-1.1979729575304832
R273,1568606400,1,4,3,5,37,0.16786806332483695,-1.1961397930966187
R273,1568620800,623,103,-520,726,37,-1.2168070696054551,0.12557176371972165
R273,1568635200,919,211,-708,1130,37,-1.7145487999895754,0.8661701950009997
R273,1568649600,612,505,-107,1117,37,-0.12336380019778666,0.8423390573607605
R273,1568664000,520,904,384,1424,37,1.1765893360713786,1.4051205385571772
R273,1568678400,164,577,413,741,38,1.3078267889877853,-0.17092876768586351
R273,1568692800,0,5,5,5,38,0.22726170431591022,-1.9055807922116066
R273,1568707200,618,98,-520,716,38,-1.1631713090486349,-0.2298503717798086
R273,1568721600,975,215,-760,1190,38,-1.7987978294438554,0.8873032418413901
R273,1568736000,571,426,-145,997,38,-0.17000487093110264,0.4324284582361341
R273,1568750400,527,869,342,1396,38,1.1197872767041992,1.3728172595754975
R273,1568764800,195,691,496,886,38,1.5276476272911326,0.17081653605901795
R273,1568779200,3,6,3,9,38,0.22196481664595005,-1.8961533355565754
R273,1568793600,608,107,-501,715,38,-1.1128508761840132,-0.2322072359435664
R273,1568808000,978,254,-724,1232,38,-1.7034538513845723,0.9862915367192179
R273,1568822400,620,453,-167,1073,38,-0.22827063530066455,0.6115501346817271
R273,1568836800,516,965,449,1481,38,1.4031707670470686,1.5731507134949108
R273,1568851200,210,701,491,911,38,1.5144054081162321,0.229738140152963
R273,1568865600,2,8,6,10,38,0.2299101481508903,-1.8937964713928177
R273,1568880000,557,106,-451,663,38,-0.980428684435009,-0.3547641724589722
R273,1568894400,995,287,-708,1282,38,-1.661078750024891,1.104134744907108
R273,1568908800,620,420,-200,1040,38,-0.31566928185500737,0.5337736172777197
R273,1568923200,564,948,384,1512,38,1.2310219177733628,1.6462135025714026
R273,1568937600,222,654,432,876,38,1.358147221852407,0.1472478944214399
R273,1568952000,2,12,10,14,38,0.24050392349081065,-1.8843690147377865
R273,1568966400,563,98,-465,661,38,-1.0175068981247302,-0.3594779007864878
R273,1568980800,967,242,-725,1209,38,-1.7061022952195524,0.9320836609527884
R273,1568995200,631,401,-230,1032,38,-0.39512259690441,0.5149187039676572
R273,1569009600,575,858,283,1433,38,0.963529090440374,1.4600212336345362
R273,1569024000,256,639,383,895,38,1.2283734739383827,0.19202831353283817
R273,1569038400,60,225,165,285,38,0.651012717912724,-1.2456588263594217
R273,1569052800,236,64,-172,300,38,-0.24151285447556498,-1.2103058639030548
R273,1569067200,563,208,-355,771,38,-0.7261780762769208,-0.10022284277312943
R273,1569081600,641,421,-220,1062,38,-0.36863815855460913,0.5856246288803914
R273,1569096000,525,455,-70,980,38,0.028628416692403787,0.39236176745225143
R273,1569110400,261,493,232,754,38,0.8284584548563897,-0.14028953355701207
R273,1569124800,46,233,187,279,38,0.7092784822822858,-1.2598000113419685
R273,1569139200,152,55,-97,207,38,-0.04287956685205853,-1.4294942311325305
R273,1569153600,537,142,-395,679,38,-0.8321158296761242,-0.31705434583884734
R273,1569168000,576,353,-223,929,38,-0.3765834900595494,0.27216169510060345
R273,1569182400,405,503,98,908,38,0.4735669809690582,0.2226675476616896
R273,1569196800,174,429,255,603,38,0.8893726630609317,-0.49617602228444035
R273,1569211200,26,124,98,150,38,0.4735669809690582,-1.5638354884667252
R273,1569225600,614,116,-498,730,38,-1.104905544679073,-0.19685427348719936
R273,1569240000,909,218,-691,1127,38,-1.6160552048302295,0.7388207995246485
R273,1569254400,587,413,-174,1000,38,-0.24680974214552515,0.4394990507274075
R273,1569268800,530,895,365,1425,38,1.1807014849087412,1.4411663203244738
R273,1569283200,185,659,474,844,39,1.4382199034747327,0.04263233568374109
R273,1569297600,47,113,66,160,39,0.38612443854653555,-1.7195859945644816
R273,1569312000,670,98,-572,768,39,-1.2590640580813808,-0.1531697010105059
R273,1569326400,986,215,-771,1201,39,-1.7722184637693987,0.9623866396290854
R273,1569340800,591,420,-171,1011,39,-0.22501925063969672,0.472881547893468
R273,1569355200,520,960,440,1480,39,1.3505452813973828,1.6811862217040183
R273,1569369600,198,694,496,892,39,1.4949505412894883,0.16629677991168654
R273,1569384000,25,154,129,179,39,0.5485803559251542,-1.67063548539092
R273,1569398400,628,100,-528,728,39,-1.1456027824518693,-0.2562234045337938
R273,1569412800,978,238,-740,1216,39,-1.6922798377576975,1.0010317784503184
R273,1569427200,671,439,-232,1110,39,-0.3823178373078831,0.7279394641136054
R273,1569441600,569,924,355,1493,39,1.1313587262040086,1.714678675349087
R273,1569456000,211,666,455,877,39,1.3892252617256255,0.1276516410904536
R273,1569470400,35,131,96,166,39,0.46348439920302065,-1.7041279390359885
R273,1569484800,693,110,-583,803,39,-1.2874293769887586,-0.06299771042762899
R273,1569499200,987,214,-773,1201,39,-1.7773757944798312,0.9623866396290854
R273,1569513600,627,364,-263,991,39,-0.46225646331958437,0.421354696131824
R273,1569528000,521,852,331,1373,39,1.0694707576788205,1.4055175647792233
R273,1569542400,195,709,514,904,39,1.5413665176833795,0.19721289096867292
R273,1569556800,44,166,122,210,39,0.5305296984386411,-1.5907688651603717
R273,1569571200,605,86,-519,691,39,-1.1223947942549237,-0.3515480802928351
R273,1569585600,932,210,-722,1142,39,-1.6458638613638064,0.8103824269322358
R273,1569600000,608,486,-122,1094,39,-0.0986646482341044,0.6867179827042903
R273,1569614400,613,850,237,1463,39,0.8270762142885005,1.637388397706621
R273,1569628800,281,641,360,922,39,1.1442520529800895,0.24358705755415244
R273,1569643200,60,217,157,277,39,0.620782985871207,-1.4181539117588646
R273,1569657600,248,68,-180,316,39,-0.24822723883664224,-1.317676550823659
R273,1569672000,602,184,-418,786,39,-0.8619495933780906,-0.10679553442502633
R273,1569686400,633,398,-235,1031,39,-0.3900538333735316,0.5244083996551119
R273,1569700800,508,492,-16,1000,39,0.1746738794188096,0.4445417794245638
R273,1569715200,275,473,198,748,39,0.72650826543507,-0.20469655277214982
R273,1569729600,65,247,182,312,39,0.6852496197516112,-1.3279819211759878
R273,1569744000,153,54,-99,207,39,-0.03935534506413249,-1.5984978929246183
R273,1569758400,489,145,-344,634,39,-0.6711283570920941,-0.4983996078135203
R273,1569772800,547,351,-196,898,39,-0.289485884520101,0.18175483544017973
R273,1569787200,392,450,58,842,39,0.3654951157048062,0.03747965050757669
R273,1569801600,161,403,242,564,39,0.8399695410645814,-0.6787435889792741
R273,1569816000,27,112,85,139,39,0.4351190802956428,-1.7736891889142077
R273,1569830400,526,108,-418,634,39,-0.8619495933780906,-0.4983996078135203
R273,1569844800,919,216,-703,1135,39,-1.5968692196146992,0.7923480288156605
R273,1569859200,586,411,-175,997,39,-0.2353339120605614,0.43681275166031724
R273,1569873600,524,790,266,1314,39,0.9018575095897695,1.2535133520823736
R273,1569888000,199,557,358,756,40,1.223978294559542,-0.3593868081837103
R273,1569902400,29,120,91,149,40,0.5320439403403239,-1.7550652906123698
R273,1569916800,559,90,-469,649,40,-0.9192041434153398,-0.6054125044273126
R273,1569931200,965,218,-747,1183,40,-1.6396451564226155,0.6224166712183286
R273,1569945600,586,450,-136,1036,40,-0.056229836467775504,0.28441875207992173
R273,1569960000,566,786,220,1352,40,0.8663493024911821,1.010999312948878
R273,1569974400,177,648,471,825,40,1.5168194257459529,-0.20073472369017242
R273,1569988800,37,142,105,179,40,0.5683251424342154,-1.6860861234412665
R273,1570003200,647,113,-534,760,40,-1.087652581708408,-0.3501895858942299
R273,1570017600,1011,257,-754,1268,40,-1.6577857574695614,0.8178576448697883
R273,1570032000,612,418,-194,1030,40,-0.2065376737138978,0.27062291864570104
R273,1570046400,549,869,320,1418,40,1.1255007460189792,1.1627534807253055
R273,1570060800,205,638,433,843,40,1.41834187720539,-0.15934722338751037
R273,1570075200,37,153,116,190,40,0.5968318012222731,-1.6607937621451951
R273,1570089600,623,105,-518,728,40,-1.0461883507439604,-0.42376736421007355
R273,1570104000,979,259,-720,1238,40,-1.5696742666701105,0.7488784776986849
R273,1570118400,614,427,-187,1041,40,-0.18839707266695202,0.2959152799417723
R273,1570132800,528,974,446,1502,40,1.4520315648640036,1.355895148804395
R273,1570147200,297,678,381,975,40,1.2835831265709354,0.14416111216534475
R273,1570161600,36,155,119,191,40,0.604606344528107,-1.658494456572825
R273,1570176000,651,114,-537,765,40,-1.0954271250142418,-0.3386930580323793
R273,1570190400,974,263,-711,1237,40,-1.5463506367526088,0.7465791721263147
R273,1570204800,643,448,-195,1091,40,-0.20912918814917578,0.41088055856027805
R273,1570219200,661,901,240,1562,40,0.9181795911967415,1.493853483146602
R273,1570233600,294,675,381,969,40,1.2835831265709354,0.13036527873112408
R273,1570248000,89,258,169,347,40,0.7341820662920056,-1.2998027872830873
R273,1570262400,365,111,-254,476,40,-0.3620285398305761,-1.0031923684473425
R273,1570276800,908,317,-591,1225,40,-1.2353689045192522,0.7189875052578734
R273,1570291200,1059,586,-473,1645,40,-0.9295702011564517,1.6846958456533216
R273,1570305600,860,743,-117,1603,40,-0.006991062197494055,1.5881250116137768
R273,1570320000,437,600,163,1037,40,0.7186329796803378,0.28671805765229186
R273,1570334400,93,285,192,378,40,0.7937868983033989,-1.2285243145396136
R273,1570348800,278,89,-189,367,40,-0.19358010153750796,-1.253816675835685
R273,1570363200,812,238,-574,1050,40,-1.1913131591195267,0.31660903009310337
R273,1570377600,873,496,-377,1369,40,-0.6807848153697665,1.05008750767917
R273,1570392000,656,651,-5,1307,40,0.2832585545536387,0.9075305621922228
R273,1570406400,244,450,206,694,40,0.8300681003972905,-0.5019437536706575
R273,1570420800,64,130,66,194,40,0.46725607945837455,-1.6515965398557149
R273,1570434945,107,79,-28,186,40,0.22365372254224536,-1.6699909844346756
R273,1570435200,658,118,-540,776,40,-1.1032016683200758,-0.31340069673630805
R273,1570449600,945,208,-737,1153,40,-1.613730012069836,0.5534375040472251
R273,1570464000,625,415,-210,1040,40,-0.24800190467834535,0.29361597436940223
R273,1570478400,520,925,405,1445,40,1.345779473017607,1.2248347311792986
R273,1570492800,142,619,477,761,41,1.4949116192286591,-0.16790020382225626
R273,1570507200,37,134,97,171,41,0.4731219214603765,-1.7450673951473157
R273,1570521600,628,106,-522,734,41,-1.1913197177990102,-0.24007565156086066
R273,1570536000,961,245,-716,1206,41,-1.7129702477122912,1.021658101499187
R273,1570550400,612,393,-219,1005,41,-0.37657687984166904,0.48435199055624295
R273,1570564800,516,899,383,1415,41,1.2421531150438734,1.5803495302906063
R273,1570579200,204,652,448,856,41,1.4169329317673955,0.08605044562838893
R273,1570593600,42,170,128,212,41,0.55647844943621,-1.6354676411738793
R273,1570608000,512,129,-383,641,41,-0.8175598020364016,-0.48867997154938697
R273,1570622400,927,224,-703,1151,41,-1.678014284367587,0.8746340412909187
R273,1570636800,598,419,-179,1017,41,-0.2690200695502709,0.516429967328956
R273,1570651200,521,855,334,1376,41,1.1103960224369107,1.4760961057792887
R273,1570665600,181,639,458,820,41,1.4438221343402449,-0.010183484689750298
R273,1570680000,40,143,103,183,41,0.48925544300408624,-1.7129894183746026
R273,1570694400,682,149,-533,831,41,-1.2208978406291446,0.019221327351903354
R273,1570708800,956,231,-725,1187,41,-1.737170530027856,0.9708679716090579
R273,1570723200,618,401,-217,1019,41,-0.37119903932709913,0.5217762967910748
R273,1570737600,547,865,318,1412,41,1.0673732983203514,1.5723300360974282
R273,1570752000,199,662,463,861,41,1.4572667356266698,0.09941626928368603
R273,1570766400,46,180,134,226,41,0.5726119709799198,-1.5980433349390475
R273,1570780800,611,122,-489,733,41,-1.1025853493086066,-0.24274881629192008
R273,1570795200,907,224,-683,1131,41,-1.6242358792218878,0.8211707466697302
R273,1570809600,626,437,-189,1063,41,-0.29590927212312046,0.6393955449576895
R273,1570824000,608,865,257,1473,41,0.9033491626259692,1.735393084692053
R273,1570838400,278,604,326,882,41,1.088884660378631,0.15555272863593392
R273,1570852800,59,248,189,307,41,0.7205025851305923,-1.3815169917232342
R273,1570867200,260,85,-175,345,41,-0.2582643885211311,-1.2799367319429762
R273,1570881600,616,186,-430,802,41,-0.9439390541287944,-0.05830044984881991
R273,1570896000,647,327,-320,974,41,-0.6481578258274494,0.40148388389340084
R273,1570910400,499,538,39,1037,41,0.3171645465378491,0.5698932619501444
R273,1570924800,286,524,238,810,41,0.8522596777375551,-0.036915132000344526
R273,1570939200,65,223,158,288,41,0.6371460571547587,-1.4323071216133634
R273,1570953600,186,58,-128,244,41,-0.13188513642873825,-1.5499263697799779
R273,1570968000,556,163,-393,719,41,-0.8444490046092511,-0.280173122526752
R273,1570982400,633,317,-316,950,41,-0.6374021447983096,0.3373279303479747
R273,1570996800,436,478,42,914,41,0.32523130730970395,0.24109400002983544
R273,1571011200,138,467,329,605,41,1.0969514211504858,-0.5849139018675262
R273,1571025600,34,137,103,171,41,0.48925544300408624,-1.7450673951473157
R273,1571040000,458,100,-358,558,41,-0.7503367956042777,-0.7105526442273191
R273,1571054400,885,229,-656,1114,41,-1.551635032275194,0.77572694624172
R273,1571068800,654,385,-269,1039,41,-0.5110228927059167,0.5752395914122633
R273,1571083200,547,810,263,1357,41,0.9194826841696789,1.4253059758891597
R273,1571097600,195,604,409,799,42,1.2296254441245613,-0.1428291470683738
R273,1571112000,30,134,104,164,42,0.467210055003766,-1.7182027419044077
R273,1571126400,675,111,-564,786,42,-1.2026046333001397,-0.17508088995478077
R273,1571140800,1064,242,-822,1306,42,-1.847533060818714,1.114988825501499
R273,1571155200,648,455,-193,1103,42,-0.2752075534187789,0.611365455813759
R273,1571169600,589,934,345,1523,42,1.0696431985385584,1.6533448413746004
R273,1571184000,218,683,465,901,42,1.369609909012314,0.11022298942497338
R273,1571198400,35,167,132,202,42,0.5372022874476423,-1.623928416544141
R273,1571212800,616,116,-500,732,42,-1.0426223877141367,-0.3090496680983175
R273,1571227200,1043,226,-817,1269,42,-1.8350344478823075,1.0231954034401867
R273,1571241600,605,498,-107,1103,42,-0.060231410912587435,0.611365455813759
R273,1571256000,458,928,470,1386,42,1.3821085219487204,1.3134610894178496
R273,1571270400,148,649,501,797,42,1.4595999221544405,-0.14779095366628256
R273,1571284800,22,150,128,172,42,0.5272033970985172,-1.6983555155127725
R273,1571299200,630,110,-520,740,42,-1.0926168394597626,-0.28920244170668247
R273,1571313600,983,220,-763,1203,42,-1.7000494281691174,0.8594557857091973
R273,1571328000,668,400,-268,1068,42,-0.4626867474648761,0.5245338403503556
R273,1571342400,568,946,378,1514,42,1.1521340439188412,1.6310167116840109
R273,1571356800,226,726,500,952,42,1.4571001995671593,0.23674905767164697
R273,1571371200,41,167,126,208,42,0.5222039519239545,-1.6090429967504147
R273,1571385600,616,106,-510,722,42,-1.0676196135869496,-0.33385870108786136
R273,1571400000,955,252,-703,1207,42,-1.5500660729322397,0.8693793989050149
R273,1571414400,675,405,-270,1080,42,-0.46768619263943867,0.5543046799378082
R273,1571428800,647,870,223,1517,42,0.7646770428902403,1.6384594215808739
R273,1571443200,239,579,340,818,42,1.057144585602152,-0.09569198438824049
R273,1571457600,58,241,183,299,42,0.6646881393989884,-1.3832807965455658
R273,1571472000,273,70,-203,343,42,-0.30020477929159184,-1.2741210513915728
R273,1571486400,593,176,-417,769,42,-0.8351454129697891,-0.2172562460370053
R273,1571500800,668,382,-286,1050,42,-0.5076817540359394,0.4798775809691766
R273,1571515200,525,544,19,1069,42,0.25473363508485586,0.5270147436493099
R273,1571529600,267,522,255,789,42,0.8446681656832418,-0.1676381800579176
R273,1571544000,62,247,185,309,42,0.669687584573551,-1.358471763556022
R273,1571558400,168,63,-105,231,42,-0.055231965738024844,-1.551982220874464
R273,1571572800,579,175,-404,754,42,-0.8026490193351322,-0.2544697955213211
R273,1571587200,607,396,-211,1003,42,-0.3202025599898422,0.36327512591832056
R273,1571601600,368,507,139,875,42,0.5547003455586114,0.045719503652159404
R273,1571616000,148,409,261,557,42,0.8596665012069296,-0.7432077454153347
R273,1571630400,36,134,98,170,42,0.4522117194800782,-1.7033173221106814
R273,1571644800,629,96,-533,725,42,-1.1251132330944194,-0.32641599119099823
R273,1571659200,946,222,-724,1168,42,-1.602560247265147,0.7726241702457939
R273,1571673600,637,465,-172,1102,42,-0.22271337908587166,0.6088845525148046
R273,1571688000,571,920,349,1491,42,1.0796420888876836,1.57395593580806
R273,1571702400,193,599,406,792,43,1.2469552025886428,-0.1308923090503422
R273,1571716800,31,156,125,187,43,0.5274594902120338,-1.6635990247043502
R273,1571731200,641,118,-523,759,43,-1.1317334692898977,-0.2144944935405608
R273,1571745600,956,226,-730,1182,43,-1.6617534424641256,0.8571335076522415
R273,1571760000,612,404,-208,1016,43,-0.325181336198681,0.4365891856711418
R273,1571774400,535,882,347,1417,43,1.095886707819177,1.4524823972037983
R273,1571788800,191,658,467,849,43,1.4031446632824975,0.013511464160035428
R273,1571803200,34,141,107,175,43,0.48137079689253565,-1.6939998190644296
R273,1571817600,659,113,-546,772,43,-1.1906245774203674,-0.18156029965047468
R273,1571832000,1036,229,-807,1265,43,-1.8589106305530898,1.0674056686427913
R273,1571846400,626,430,-196,1056,43,-0.2944555406523489,0.5379251668714068
R273,1571860800,565,932,367,1497,43,1.1470963670630636,1.6551543596043283
R273,1571875200,217,684,467,901,43,1.4031446632824975,0.14524823972037992
R273,1571889600,43,161,118,204,43,0.5095361094766734,-1.6205312326942376
R273,1571904000,681,123,-558,804,43,-1.2213503729666995,-0.10049151469026268
R273,1571918400,1036,232,-804,1268,43,-1.8512291816665067,1.0750058672328113
R273,1571932800,630,422,-208,1052,43,-0.325181336198681,0.5277915687513802
R273,1571947200,585,829,244,1414,43,0.83215696271316,1.4448821986137785
R273,1571961600,223,769,546,992,43,1.6054228172958502,0.3757875969509828
R273,1571976000,45,170,125,215,43,0.5274594902120338,-1.5926638378641647
R273,1571990400,611,101,-510,712,43,-1.098447190781371,-0.3335642714508722
R273,1572004800,933,223,-710,1156,43,-1.610543783220239,0.7912651198720693
R273,1572019200,582,451,-131,1033,43,-0.12802414810971693,0.4796569776812544
R273,1572033600,581,878,297,1459,43,0.9678625597094599,1.5588851774640766
R273,1572048000,315,632,317,947,43,1.0190722189533468,0.26178461810068465
R273,1572062400,54,260,206,314,43,0.7348586101497752,-1.3418572843935088
R273,1572076800,244,71,-173,315,43,-0.23556443252187914,-1.3393238848635023
R273,1572091200,657,186,-471,843,43,-0.998588355255792,-0.0016889330200043206
R273,1572105600,640,367,-273,1007,43,-0.491612728741313,0.41378858990108214
R273,1572120000,486,537,51,1023,43,0.33798375100965267,0.4543229823811882
R273,1572134400,272,479,207,751,43,0.7374190931119695,-0.23476168978061382
R273,1572148800,68,253,185,321,43,0.681088467943694,-1.3241234876834624
R273,1572163200,157,70,-87,227,43,-0.015362897773166032,-1.5622630435040852
R273,1572177600,438,146,-292,584,43,-0.5402619050230054,-0.6578394112917202
R273,1572192000,489,317,-172,806,43,-0.23300394955968481,-0.09542471563024944
R273,1572206400,430,438,8,868,43,0.22788298363529613,0.0616460552301613
R273,1572220800,151,404,253,555,43,0.8552013093729091,-0.7313079976619122
R273,1572235200,34,115,81,149,43,0.4147982398754828,-1.7598682068446019
R273,1572249600,599,132,-467,731,43,-0.9883464234070146,-0.2854296803807463
R273,1572264000,956,237,-719,1193,43,-1.633588129879988,0.8850009024823143
R273,1572278400,624,443,-181,1067,43,-0.25604829621943387,0.5657925617014796
R273,1572292800,558,998,440,1556,43,1.3340116233032504,1.8046249318747192
R273,1572307200,185,620,435,805,44,1.2765804743008737,-0.16104934640104215
R273,1572321600,39,141,102,180,44,0.4346406368215218,-1.7029806554598255
R273,1572336000,686,110,-576,796,44,-1.2795792124607623,-0.18325315725148864
R273,1572350400,986,227,-759,1213,44,-1.7422668708953613,0.8455234121525316
R273,1572364800,591,384,-207,975,44,-0.34661885201066966,0.2583559696629469
R273,1572379200,525,935,410,1460,44,1.213371777793415,1.4548946654925627
R273,1572393600,192,665,473,857,44,1.3726576929922112,-0.03276066148735139
R273,1572408000,31,184,153,215,44,0.5635863776967378,-1.6166325021525336
R273,1572422400,641,106,-535,747,44,-1.1759169501885298,-0.30414057188169724
R273,1572436800,1058,252,-806,1310,44,-1.861099220329384,1.0848311513184548
R273,1572451200,642,488,-154,1130,44,-0.21261641541485693,0.6407549343095251
R273,1572465600,582,896,314,1478,44,0.9706503832047729,1.4993022871934556
R273,1572480000,215,736,521,951,44,1.4940183902865323,0.1991458073950896
R273,1572494400,39,173,134,212,44,0.5155477683510691,-1.6240337724360157
R273,1572508800,575,93,-482,668,44,-1.041914513592717,-0.49904068934672746
R273,1572523200,924,229,-695,1153,44,-1.5804526078362666,0.6974980064828884
R273,1572537600,651,430,-221,1081,44,-0.38201572205484663,0.5198675196793165
R273,1572552000,575,972,397,1547,44,1.1805032556095363,1.6695315037135454
R273,1572566400,288,681,393,969,44,1.1703898641683428,0.24355342909598257
R273,1572580800,61,226,165,287,44,0.5939265520203181,-1.4390020153489618
R273,1572595200,601,111,-490,712,44,-1.062141296475104,-0.39048872518898914
R273,1572609600,915,222,-693,1137,44,-1.5753959121156698,0.6580245649709835
R273,1572624000,688,474,-214,1162,44,-0.3643172870327582,0.7197018173333348
R273,1572638400,658,969,311,1627,44,0.9630653396238779,1.8668987112730697
R273,1572652800,290,652,362,942,44,1.092011080499094,0.17694199654464315
R273,1572667200,92,236,144,328,44,0.5408312469540527,-1.3378513214747056
R273,1572681600,245,69,-176,314,44,-0.2682400683414207,-1.3723905827976224
R273,1572696000,657,193,-464,850,44,-0.9964042521073467,-0.05003029214880976
R273,1572710400,701,409,-292,1110,44,-0.5615284201360298,0.5914131324196441
R273,1572724800,597,536,-61,1133,44,0.02251993559289001,0.6481562045930073
R273,1572739200,234,451,217,685,44,0.7254006407558325,-0.4571001577403286
R273,1572750000,55,236,181,291,44,0.6343801177850917,-1.4291336549709857
R273,1572764400,134,61,-73,195,44,-0.007820238730690241,-1.6659743040424146
R273,1572778800,524,150,-374,674,44,-0.7688529446804948,-0.4842381487797631
R273,1572793200,648,351,-297,999,44,-0.5741701594375216,0.3175661319308042
R273,1572807600,492,532,40,1024,44,0.27788306948302377,0.3792433842931555
R273,1572822000,214,493,279,707,44,0.8821582080943305,-0.4028241756614594
R273,1572836400,40,195,155,235,44,0.5686430734173346,-1.5672907002626526
R273,1572850800,336,113,-223,449,44,-0.3870724177754433,-1.0393334200409252
R273,1572865200,1095,235,-860,1330,44,-1.997630004785495,1.1341729532083358
R273,1572879600,604,349,-255,953,44,-0.4679795493049907,0.20407998758407772
R273,1572894000,629,839,210,1468,44,0.7077022057337441,1.4746313862485152
R273,1572908400,279,784,505,1063,44,1.4535648245217585,0.4754598979784236
R273,1572922800,58,272,214,330,45,0.6834122639994359,-1.3892881605969705
R273,1572937200,348,58,-290,406,45,-0.5171247322113574,-1.1989779808430638
R273,1572951600,1130,209,-921,1339,45,-2.0201779953244734,1.1373298837673935
R273,1572966000,613,342,-271,955,45,-0.47186639306849015,0.1757626597476554
R273,1572980400,607,745,138,1352,45,0.502378907427967,1.1698829408305618
R273,1572994800,249,787,538,1036,45,1.4551860472778029,0.3785932460643189
R273,1573009200,55,292,237,347,45,0.7381986745408015,-1.3467187782835965
R273,1573023600,320,68,-252,388,45,-0.42660805392562295,-1.2440514444689892
R273,1573038000,1199,227,-972,1426,45,-2.1416609056553275,1.3551849579593653
R273,1573052400,691,368,-323,1059,45,-0.5957313212489688,0.4361871162530011
R273,1573066800,623,843,220,1466,45,0.6977043710971834,1.4553482104614215
R273,1573081200,320,942,622,1262,45,1.6552755466462685,0.9445156227009356
R273,1573095600,149,522,373,671,45,1.0621531020897457,-0.5353964330169425
R273,1573110000,381,88,-293,469,45,-0.5242707857602311,-1.0412208581523257
R273,1573124400,1175,205,-970,1380,45,-2.1368968699560784,1.2399972175820009
R273,1573138800,631,379,-252,1010,45,-0.42660805392562295,0.31348713193798244
R273,1573153200,607,896,289,1503,45,0.8620636027212801,1.5479992190258232
R273,1573167600,343,910,567,1253,45,1.524264564916916,0.9219788908879729
R273,1573182000,146,505,359,651,45,1.0288048521950015,-0.5854780592679706
R273,1573196400,333,92,-241,425,45,-0.40040585757975244,-1.1514004359045873
R273,1573210800,1035,194,-841,1229,45,-1.8296165673545062,0.8618809393867394
R273,1573225200,634,351,-283,985,45,-0.5004506072639853,0.25088509912419743
R273,1573239600,643,792,149,1435,45,0.5285811037738375,1.377721689772328
R273,1573254000,341,747,406,1088,45,1.1407596911273572,0.5088054743169917
R273,1573268400,85,372,287,457,45,0.8572995670220309,-1.0712698339029425
R273,1573282800,158,77,-81,235,45,-0.019283001639818123,-1.6271758852893534
R273,1573297200,623,153,-470,776,45,-0.9458879451437834,-0.2724678951990454
R273,1573311600,719,304,-415,1023,45,-0.814876963414431,0.3460401890011507
R273,1573326000,611,566,-45,1177,45,0.0664696409466671,0.7316687111340665
R273,1573340400,326,526,200,852,45,0.6500640141046916,-0.08215771544513895
R273,1573354800,90,349,259,439,45,0.7906030672325425,-1.1163432975288676
R273,1573369200,112,81,-31,193,45,0.09981789084141136,-1.7323473004165124
R273,1573383600,489,116,-373,605,45,-0.7148322137301982,-0.700665799645335
R273,1573398000,616,285,-331,901,45,-0.6147874640459655,0.04054226886987972
R273,1573412400,500,521,21,1021,45,0.22368281902189002,0.34103202637604785
R273,1573426800,230,448,218,678,45,0.6929403353979342,-0.5178678638290828
R273,1573441200,58,222,164,280,45,0.5643113715182063,-1.5144922262245404
R273,1573455600,290,55,-235,345,45,-0.3861137504820049,-1.3517269409086994
R273,1573470000,980,208,-772,1188,45,-1.6652573357304095,0.7592136055721319
R273,1573484400,648,370,-278,1018,45,-0.4885405180158623,0.33351978243839364
R273,1573498800,617,801,184,1418,45,0.6119517285106982,1.3351523074589542
R273,1573513200,329,762,433,1091,45,1.205074173067221,0.516317718254646
R273,1573527600,131,458,327,589,46,0.9608740931483832,-0.7958939940024523
R273,1573542000,390,73,-317,463,46,-0.553678498429558,-1.0874536656251144
R273,1573556400,1131,220,-911,1351,46,-1.9506416030837461,0.9673478296203141
R273,1573570800,609,383,-226,992,46,-0.33966563222832713,0.1366341620605068
R273,1573585200,626,819,193,1445,46,0.6457342681927247,1.1848606005134112
R273,1573599600,290,766,476,1056,46,1.3112907641811677,0.2847279635196368
R273,1573614000,109,532,423,641,46,1.1866459080419893,-0.6755677803169092
R273,1573628400,374,62,-312,436,46,-0.5419195497371827,-1.149930738115685
R273,1573642800,1168,218,-950,1386,46,-2.0423614028842736,1.0483366272932757
R273,1573657200,1028,671,-357,1699,46,-0.6477500879685605,1.7726078750543333
R273,1573671600,620,931,311,1551,46,0.9232454573327823,1.4301409591800953
R273,1573686000,293,576,283,869,46,0.8573953446554805,-0.14798361261875864
R273,1573700400,111,507,396,618,46,1.1231475851031627,-0.7287889902162841
R273,1573714800,377,79,-298,456,46,-0.5089944933985318,-1.1036514251597067
R273,1573729200,1113,211,-902,1324,46,-1.9294754954374704,0.9048707571297436
R273,1573743600,1048,679,-369,1727,46,-0.6759715648302613,1.8373989131927027
R273,1573758000,754,926,172,1680,46,0.5963466836847483,1.7286425277461541
R273,1573772400,342,770,428,1112,46,1.1984048567343648,0.41431003979637554
R273,1573786800,121,522,401,643,46,1.134906533795538,-0.6709398490213114
R273,1573801200,367,94,-273,461,46,-0.4501997499366552,-1.0920815969207123
R273,1573815600,1139,198,-941,1337,46,-2.021195295237998,0.9349523105511294
R273,1573830000,714,418,-296,1132,46,-0.5042909139215817,0.46058935275235363
R273,1573844400,665,903,238,1568,46,0.7515648064241026,1.4694783751926765
R273,1573858800,351,684,333,1035,46,0.9749848315792337,0.23613468491585976
R273,1573873200,87,393,306,480,46,0.9114865086404069,-1.0481162496125331
R273,1573887600,150,62,-88,212,46,-0.015118648318768274,-1.6682590432226398
R273,1573902000,584,149,-435,733,46,-0.8311896875696155,-0.46268294071940985
R273,1573916400,692,299,-393,991,46,-0.7324145185536628,0.1343201964127079
R273,1573930800,584,518,-66,1102,46,0.03662072592768314,0.39117038331838644
R273,1573945200,308,442,134,750,46,0.5069786736226959,-0.42334552470682846
R273,1573959600,100,373,273,473,46,0.8338774472707298,-1.0643140091471255
R273,1573974000,109,67,-42,176,46,0.09306367965108467,-1.7515618065434004
R273,1573988400,471,106,-365,577,46,-0.666564405876361,-0.8236615817760392
R273,1574002800,653,307,-346,960,46,-0.6218804008453348,0.0625872613309418
R273,1574017200,520,466,-54,986,46,0.06484220278938391,0.12275036817371336
R273,1574031600,223,490,267,713,46,0.8197667088398795,-0.5089622536753879
R273,1574046000,54,224,170,278,46,0.5916431042077982,-1.515537310467912
R273,1574060400,346,55,-291,401,46,-0.49253196522920634,-1.2309195357886467
R273,1574074800,1127,212,-915,1339,46,-1.9600487620376463,0.9395802418467272
R273,1574089200,585,357,-228,942,46,-0.3443692117052773,0.020935879670561507
R273,1574103600,570,828,258,1398,46,0.7986006011936039,1.0761042150668627
R273,1574118000,271,831,560,1102,46,1.5088411022130732,0.39117038331838644
R273,1574132400,114,477,363,591,47,1.0012904609016375,-0.824805400410304
R273,1574146800,365,80,-285,445,47,-0.511232222336358,-1.1579218276852816
R273,1574161200,1148,198,-950,1346,47,-2.0634352846099184,0.8978172200870115
R273,1574175600,594,374,-220,968,47,-0.3595131260239048,0.03536510015590515
R273,1574190000,601,881,280,1482,47,0.807556845610351,1.208117453713018
R273,1574204400,342,912,570,1254,47,1.4844574291582193,0.6879082385164776
R273,1574218800,107,505,398,612,47,1.0829853589160354,-0.7768913937474649
R273,1574233200,398,78,-320,476,47,-0.5929271203507559,-1.0871916273734714
R273,1574247600,1196,235,-961,1431,47,-2.089110823985872,1.0917548661032654
R273,1574262000,1140,661,-479,1801,47,-0.9640553713304493,1.935954031115195
R273,1574276400,687,868,181,1555,47,0.5764769912267683,1.3746756673505067
R273,1574290800,313,893,580,1206,47,1.5077988285909045,0.5783905090014165
R273,1574305200,117,498,381,615,47,1.0433049798804708,-0.7700465356527735
R273,1574319600,350,77,-273,427,47,-0.4832225430171359,-1.1989909762534297
R273,1574334000,1160,216,-944,1376,47,-2.0494304449503074,0.9662658010339247
R273,1574348400,1094,697,-397,1791,47,-0.7726558959824313,1.913137837466224
R273,1574362800,741,901,160,1642,47,0.5274600524181297,1.573176552096555
R273,1574377200,378,868,490,1246,47,1.2977262336967383,0.6696552835973008
R273,1574391600,142,538,396,680,47,1.0783170790294982,-0.6217412769344616
R273,1574406000,369,92,-277,461,47,-0.4925591027902099,-1.1214159178469278
R273,1574420400,1103,204,-899,1307,47,-1.9443941475032243,0.8088340648560243
R273,1574434800,720,423,-297,1143,47,-0.5392419016555802,0.4346484890128988
R273,1574449200,654,794,140,1448,47,0.4807772535527594,1.1305423953065163
R273,1574463600,362,723,361,1085,47,0.9966221810151005,0.3023145658488666
R273,1574478000,87,351,264,438,47,0.7702106065180548,-1.1738931632395613
R273,1574492400,163,86,-77,249,47,-0.025731114136507627,-1.6051192232051146
R273,1574506800,556,178,-378,734,47,-0.7283072370603296,-0.4985338312300178
R273,1574521200,703,354,-349,1057,47,-0.6606171787055428,0.23842922363174765
R273,1574535600,616,648,32,1264,47,0.22869013967976012,0.7107244321654487
R273,1574550000,361,527,166,888,47,0.5414648920777407,-0.14716444903586337
R273,1574564400,119,431,312,550,47,0.8822493237949434,-0.9183517943710854
R273,1574578800,91,89,-2,180,47,0.14932938160863074,-1.7625509593830149
R273,1574593200,439,133,-306,572,47,-0.5602491611449968,-0.8681561683433491
R273,1574607600,560,307,-253,867,47,-0.43653974415176566,-0.1950784556987026
R273,1574622000,497,525,28,1022,47,0.21935357990668608,0.1585725458603489
R273,1574636400,225,495,270,720,47,0.7842154461776659,-0.5304765023385773
R273,1574650800,50,229,179,279,47,0.5718087113402314,-1.5366706422582013
R273,1574665200,354,68,-286,422,47,-0.5135663622796266,-1.210399073077915
R273,1574679600,1015,220,-795,1235,47,-1.701643593403299,0.6445574705834326
R273,1574694000,589,380,-209,969,47,-0.33383758664795116,0.03764671952080226
R273,1574708400,576,754,178,1330,47,0.5694745713969628,0.8613113102486578
R273,1574722800,192,649,457,841,47,1.2206996155688776,-0.2544005591860274
R273,1574737200,61,288,227,349,48,0.8676638015918893,-0.9089883836463667
R273,1574751600,361,76,-285,437,48,-0.7295149682619017,-0.7107338654145142
R273,1574766000,1096,210,-886,1306,48,-2.6043283289691836,1.2470295021250284
R273,1574780400,576,327,-249,903,48,-0.617213336006557,0.3391139243132497
R273,1574794800,610,815,205,1425,48,0.7990350263247342,1.5151236801885561
R273,1574809200,249,760,511,1009,48,1.7535989004951638,0.5779205030925265
R273,1574823600,59,265,206,324,48,0.8021545161096049,-0.9653106899622339
R273,1574838000,346,74,-272,420,48,-0.6889616010585828,-0.749033033709304
R273,1574852400,975,217,-758,1192,48,-2.205033636505736,0.9901997853246742
R273,1574866800,1080,1210,130,2290,48,0.5650732924594327,3.4638754787175605
R273,1574881200,661,946,285,1607,48,1.048594209114389,1.9251500701680693
R273,1574895600,307,542,235,849,48,0.8926197198708548,0.21745774267097664
R273,1574910000,71,256,185,327,48,0.7366452306273203,-0.9585520132043298
R273,1574924400,149,64,-85,213,48,-0.10561701128776461,-1.215381730004684
R273,1574938800,371,117,-254,488,48,-0.6328107849309105,-0.5958363605301452
R273,1574953200,440,282,-158,722,48,-0.3333397655833247,-0.06865957341362856
R273,1574967600,359,334,-25,693,48,0.0815523758044765,-0.13399344874003447
R273,1574982000,200,346,146,546,48,0.6149851290173637,-0.46516860987733344
R273,1574996400,71,174,103,245,48,0.48084706826792417,-1.1432891779203742
R273,1575010800,181,41,-140,222,48,-0.2771889494556523,-1.195105699730972
R273,1575025200,558,144,-414,702,48,-1.13192915051022,-0.1137174184663223
R273,1575039600,564,262,-302,826,48,-0.7825462946047034,0.16564122086037886
R273,1575054000,534,603,69,1137,48,0.3747844155823209,0.8662907114297664
R273,1575068400,295,502,207,797,48,0.8052740058944755,0.10030734553397294
R273,1575082800,63,323,260,386,48,0.9706069644926218,-0.8256313702988833
R273,1575097200,138,72,-66,210,48,-0.0463467053752216,-1.222140406762588
R273,1575111600,455,133,-322,588,48,-0.8449360903021169,-0.3705471352666766
R273,1575126000,634,267,-367,901,48,-0.9853131306212978,0.3346081398079804
R273,1575140400,581,562,-19,1143,48,0.10026931451370061,0.8798080649455745
R273,1575154800,298,556,258,854,48,0.9643679849228805,0.22872220393415008
R273,1575169200,89,303,214,392,48,0.8271104343885703,-0.8121140167830752
R273,1575183600,98,77,-21,175,48,0.09403033494395924,-1.3009916356048021
R273,1575198000,454,131,-323,585,48,-0.8480555800869877,-0.37730581202458063
R273,1575212400,551,280,-271,831,48,-0.6858421112737121,0.1769056821235523
R273,1575226800,394,445,51,839,48,0.31863359945464853,0.19492882014462978
R273,1575241200,192,397,205,589,48,0.7990350263247342,-0.3682942430140419
R273,1575255600,39,194,155,233,48,0.6430605370811998,-1.1703238849519904
R273,1575270000,325,58,-267,383,48,-0.6733641521342294,-0.8323900470567873
R273,1575284400,1060,219,-841,1279,48,-2.463951288650003,1.186201411303892
R273,1575298800,576,339,-237,915,48,-0.5797794585881088,0.36614863134486597
R273,1575313200,532,841,309,1373,48,1.1234619639512855,1.3979732830515526
R273,1575327600,223,676,453,899,48,1.5726684929726642,0.330102355302711
R273,1575342000,47,195,148,242,49,0.4835528884461669,-1.2841274323302867
R273,1575356400,372,64,-308,436,49,-0.6248857614067341,-0.9429218129392163
R273,1575370800,1080,225,-855,1305,49,-1.9545259839276483,0.5854683069104758
R273,1575385200,598,322,-276,920,49,-0.5471005929960042,-0.0916665563140713
R273,1575399600,640,869,229,1509,49,0.6804465959858269,0.9442618448268593
R273,1575414000,289,763,474,1052,49,1.2759892916304778,0.14049396822005916
R273,1575428400,49,307,258,356,49,0.7509394048580509,-1.0836251611417196
R273,1575442800,366,64,-302,430,49,-0.6103010423297223,-0.953474564054404
R273,1575457200,1115,215,-900,1330,49,-2.0639113770052373,0.6294381032237581
R273,1575471600,1096,1245,149,2341,49,0.48598367495900224,2.4075766661328935
R273,1575486000,672,1004,332,1676,49,0.9308176068078639,1.237980084199585
R273,1575500400,249,760,511,1009,49,1.3659283926053842,0.06486591856121363
R273,1575514800,60,318,258,378,49,0.7509394048580509,-1.0449317403860312
R273,1575529200,348,72,-276,420,49,-0.5471005929960042,-0.971062482579717
R273,1575543600,1207,211,-996,1418,49,-2.2972668822374267,0.7842117862465118
R273,1575558000,1100,1173,73,2273,49,0.3012438999835187,2.287978820160766
R273,1575572400,713,1017,304,1730,49,0.8627555844484751,1.3329548442362746
R273,1575586800,213,659,446,872,49,1.207927269271089,-0.17608856523557329
R273,1575601200,69,335,266,404,49,0.7703856969607334,-0.9992031522202176
R273,1575615600,336,68,-268,404,49,-0.5276543008933218,-0.9992031522202176
R273,1575630000,1084,230,-854,1314,49,-1.9520951974148129,0.6012974335832575
R273,1575644400,1093,1171,78,2264,49,0.31339783254769527,2.272149693487984
R273,1575658800,735,978,243,1713,49,0.7144776071655213,1.3030553827432427
R273,1575673200,383,782,399,1165,49,1.0936803031678295,0.3392374475560951
R273,1575687600,95,401,306,496,49,0.8676171574741458,-0.8373943017873388
R273,1575702000,146,116,-30,262,49,0.05087288916148183,-1.248951595279661
R273,1575716400,601,156,-445,757,49,-0.9579035136651715,-0.3783496282766718
R273,1575730800,732,324,-408,1056,49,-0.867964412690265,0.14752913563018433
R273,1575745200,616,566,-50,1182,49,0.0022571589047756494,0.369136909049127
R273,1575759600,341,518,177,859,49,0.5540456973183909,-0.19895285931848006
R273,1575774000,122,353,231,475,49,0.6853081690114976,-0.8743289306904959
R273,1575788400,110,85,-25,195,49,0.06302682172565838,-1.3667906493992574
R273,1575802800,516,111,-405,627,49,-0.8606720531517591,-0.6069925691057396
R273,1575817200,700,312,-388,1012,49,-0.8193486824335589,0.0701422941188075
R273,1575831600,540,497,-43,1037,49,0.019272664494622813,0.11411209043208978
R273,1575846000,221,478,257,699,49,0.7485086183452156,-0.48035955572348665
R273,1575860400,46,195,149,241,49,0.48598367495900224,-1.2858862241828182
R273,1575874800,314,51,-263,365,49,-0.5155003683291451,-1.067796034468938
R273,1575889200,1054,215,-839,1269,49,-1.9156333997222832,0.5221518002193494
R273,1575903600,622,346,-276,968,49,-0.5471005929960042,-0.007244547392569319
R273,1575918000,531,816,285,1347,49,0.8165706407046043,0.6593375647167901
R273,1575932400,263,758,495,1021,49,1.3270358084000191,0.08597142079158912
R273,1575946800,130,246,116,376,50,0.5219246421630379,-1.2220476272701255
R273,1575961200,345,64,-281,409,50,-0.4519530977011624,-1.1394252852507891
R273,1575975600,1132,223,-909,1355,50,-1.9924952151689652,1.2290818526368512
R273,1575990000,606,380,-226,986,50,-0.3170330077955427,0.30521384642063626
R273,1576004400,653,808,155,1461,50,0.6175952513688409,1.494474830032295
R273,1576018800,277,813,536,1090,50,1.5522235105332247,0.5655994091482416
R273,1576033200,52,282,230,334,50,0.8015771921492314,-1.3272033352947352
R273,1576047600,333,67,-266,400,50,-0.41515670954508427,-1.1619586512560627
R273,1576062000,1129,224,-905,1353,50,-1.982682844994011,1.2240744379690127
R273,1576076400,664,333,-331,997,50,-0.5746077248880894,0.33275462709374837
R273,1576090800,621,695,74,1316,50,0.4188947553260192,1.1314372666139991
R273,1576105200,277,738,461,1015,50,1.3682415697528343,0.37782135910429543
R273,1576119600,59,335,276,394,50,0.9144194491612042,-1.1769808952595784
R273,1576134000,331,68,-263,399,50,-0.4077974319138687,-1.164462358589982
R273,1576148400,1133,206,-927,1339,50,-2.036650880956259,1.1890225352941426
R273,1576162800,646,312,-334,958,50,-0.581967002519305,0.2351100410708964
R273,1576177200,610,709,99,1319,50,0.4802220689194827,1.138948388615757
R273,1576191600,296,851,555,1147,50,1.598832268864257,0.7083107271816406
R273,1576206000,82,338,256,420,50,0.8653575982864334,-1.111884504577677
R273,1576220400,315,64,-251,379,50,-0.3783603213890062,-1.2145365052683676
R273,1576234800,1078,212,-866,1290,50,-1.887012235788208,1.0663408759320978
R273,1576249200,619,375,-244,994,50,-0.3611886735828364,0.3252435050919905
R273,1576263600,629,842,213,1471,50,0.7598746189056762,1.519511903371488
R273,1576278000,286,671,385,957,50,1.1818065364287051,0.23260633373697712
R273,1576292400,73,401,328,474,50,1.0419802614356082,-0.9766843085460359
R273,1576306800,119,68,-51,187,50,0.11225818735870174,-1.6952483133808698
R273,1576321200,612,160,-452,772,50,-0.8714319226804527,-0.23057952303808998
R273,1576335600,813,338,-475,1151,50,-0.9278530511864391,0.7183255565173178
R273,1576350000,702,485,-217,1187,50,-0.2949551749018958,0.8084590205384119
R273,1576364400,356,538,182,894,50,0.6838287500497815,0.07487277170006237
R273,1576378800,127,406,279,533,50,0.9217787267924198,-0.8289655758447982
R273,1576393200,107,66,-41,173,50,0.13678911279608713,-1.7303002160557397
R273,1576407600,506,115,-391,621,50,-0.7217932775124017,-0.6086393304599015
R273,1576422000,694,298,-396,992,50,-0.7340587402310944,0.32023609042415196
R273,1576436400,518,527,9,1045,50,0.2594437399830141,0.4529325791218739
R273,1576450800,235,535,300,770,50,0.9732936702109292,-0.23558693770592853
R273,1576465200,66,200,134,266,50,0.5660803079503316,-1.4974554340012465
R273,1576479600,302,58,-244,360,50,-0.3611886735828364,-1.262106944612834
R273,1576494000,1095,211,-884,1306,50,-1.9311679015755017,1.1064001932748064
R273,1576508400,644,361,-283,1005,50,-0.45685928278863946,0.3527842857651026
R273,1576522800,631,772,141,1403,50,0.5832519557565014,1.3492598046649766
R273,1576537200,275,719,444,994,50,1.326538996509279,0.3252435050919905
R273,1576551600,207,531,324,738,51,1.1068819964871663,-0.2485184071864326
R273,1576566000,344,302,-42,646,51,0.09209163148443947,-0.49633134276536806
R273,1576580400,1039,213,-826,1252,51,-2.0816669645869754,1.13600168941762
R273,1576594800,602,298,-304,900,51,-0.6343430013863649,0.1878478489416929
R273,1576609200,592,798,206,1390,51,0.7797091465682544,1.5077210927860232
R273,1576623600,273,773,500,1046,51,1.5948686200950346,0.5811162032300036
R273,1576638000,61,308,247,369,51,0.8933878486587238,-1.2424637683671629
R273,1576652400,339,54,-285,393,51,-0.5816626272468791,-1.1778169156074405
R273,1576666800,1090,221,-869,1311,51,-2.200890969218443,1.2949252024519373
R273,1576681200,653,366,-287,1019,51,-0.5872079297878776,0.5083884938753159
R273,1576695600,600,779,179,1379,51,0.7048475622647745,1.4780912852711503
R273,1576710000,276,724,448,1000,51,1.4506907540290734,0.45720973544053584
R273,1576724400,67,299,232,366,51,0.851798079601235,-1.2505446249621281
R273,1576738800,341,106,-235,447,51,-0.4430300637219164,-1.0323614968980654
R273,1576753200,1062,234,-828,1296,51,-2.087212267127974,1.2545209194771108
R273,1576767600,616,338,-278,954,51,-0.5622540683533843,0.3333032676510681
R273,1576782000,636,817,181,1453,51,0.710392864805773,1.677419081280294
R273,1576796400,291,712,421,1003,51,1.3758291697255938,0.4652905920355011
R273,1576810800,79,273,194,352,51,0.7464373313222633,-1.288255289071966
R273,1576825200,298,72,-226,370,51,-0.4180762022874231,-1.2397701495021745
R273,1576839600,968,215,-753,1183,51,-1.8792634218405297,0.9501419877334183
R273,1576854000,648,377,-271,1025,51,-0.5428455094598895,0.5245502070652466
R273,1576868400,679,788,109,1467,51,0.5107619733298268,1.7151297453901322
R273,1576882800,365,668,303,1033,51,1.0486563198066818,0.546099157985154
R273,1576897200,107,363,256,470,51,0.9183417100932171,-0.9704082630033315
R273,1576911600,144,70,-74,214,51,0.0033667908284633623,-1.6599746924403693
R273,1576926000,533,137,-396,670,51,-0.8894269182722963,-0.43168449000564574
R273,1576940400,637,296,-341,933,51,-0.7369310983948373,0.27673727148631105
R273,1576954800,590,492,-98,1082,51,-0.06317683966351872,0.678086482369587
R273,1576969200,306,486,180,792,51,0.7076202135352738,-0.10306298847705742
R273,1576983600,87,337,250,424,51,0.9017058024702215,-1.0943147307927992
R273,1576998000,116,63,-53,179,51,0.06159246750894769,-1.7542513527149644
R273,1577012400,435,114,-321,549,51,-0.6814780729848522,-0.7576123726692456
R273,1577026800,583,261,-322,844,51,-0.6842507242553515,0.03700519250234089
R273,1577041200,534,417,-117,951,51,-0.11585721380300454,0.3252224110561028
R273,1577055600,220,478,258,698,51,0.9238870126342156,-0.35626316178596973
R273,1577070000,58,209,151,267,51,0.6272133266907954,-1.5172128925959827
R273,1577084400,261,51,-210,312,51,-0.37371378195943505,-1.3960000436715034
R273,1577098800,781,181,-600,962,51,-1.4550477774541442,0.3548522185709755
R273,1577113200,678,344,-334,1022,51,-0.7175225395013425,0.5164693504702812
R273,1577127600,553,713,160,1266,51,0.6521671881252887,1.1737123535274578
R273,1577142000,266,578,312,844,51,1.0736101812411751,0.03700519250234089
R273,1577156400,58,251,193,309,52,1.135041370405931,-0.8356427813567834
R273,1577168906,188,28,-160,216,52,-0.4409089275538457,-1.10974964741978
R273,1577170800,53,58,5,111,52,0.2957250644103559,-1.4192251413618733
R273,1577185200,658,181,-477,839,52,-1.856139081812342,0.7264716166366394
R273,1577199600,567,375,-192,942,52,-0.5837712775105394,1.0300523392655498
R273,1577214000,454,622,168,1076,52,1.0234301595022641,1.4250020172487925
R273,1577228400,237,349,112,586,52,0.7734210470780503,-0.019216954480975636
R273,1577242800,59,189,130,248,52,0.8537811189286904,-1.0154333064088565
R273,1577257200,91,43,-48,134,52,0.059109297294582,-1.351435271260272
R273,1577271600,230,95,-135,325,52,-0.3292977166501788,-0.7884846108513215
R273,1577286000,349,166,-183,515,52,-0.5435912415852192,-0.22848133609896246
R273,1577300400,352,262,-90,614,52,-0.1283975370235784,0.06330984390358255
R273,1577314800,194,285,91,479,52,0.67966762991897,-0.33458721973625155
R273,1577329200,49,125,76,174,52,0.6127009033767699,-1.2335398449966175
R273,1577343600,239,46,-193,285,52,-0.588235725946686,-0.9063800371149761
R273,1577358000,648,164,-484,812,52,-1.8873902208653688,0.6468922039086725
R273,1577372400,493,240,-253,733,52,-0.8561026321154867,0.4140487370379548
R273,1577386800,516,634,118,1150,52,0.8002077376949303,1.6431085558365535
R273,1577401200,237,517,280,754,52,1.5234483843506919,0.47594383582637345
R273,1577415600,49,226,177,275,52,1.0636101954275843,-0.9358538936808897
R273,1577430000,236,60,-176,296,52,-0.5123401025321925,-0.8739587948924711
R273,1577444400,714,192,-522,906,52,-2.0570392614389426,0.9239464556282607
R273,1577458800,586,325,-261,911,52,-0.89181821960466,0.9386833839112175
R273,1577473200,601,666,65,1267,52,0.5635919705791564,1.987952677657743
R273,1577487600,314,542,228,856,52,1.2912970656710647,0.7765771727986925
