remote_unit_id,time_stamp,entries,exits,num_people_exited,sum_exit_entry,week_num,z_score_num_people_exited,z_score_sum_exit_entry
R343,1546300800,0,0,0,0,1,0.6581718654657,-1.0744262992250806
R343,1546315200,123,27,-96,150,1,0.04839499010777207,-0.5166736883880662
R343,1546329600,21,15,-6,36,1,0.6200608107558295,-0.9405656726241972
R343,1546344000,46,35,-11,81,1,0.5883015984976041,-0.7732398893730928
R343,1546358400,132,52,-80,184,1,0.15002446933409339,-0.39024976326500954
R343,1546372800,130,53,-77,183,1,0.16907999668902862,-0.39396811400392295
R343,1546387200,69,26,-43,95,1,0.3850426400449614,-0.7211829790283049
R343,1546401600,18,8,-10,26,1,0.5946534409492491,-0.9777491800133314
R343,1546416000,65,75,10,140,1,0.7216902899821508,-0.5538571957772005
R343,1546430400,286,239,-47,525,1,0.3596352702383811,0.8777078387044701
R343,1546444800,370,124,-246,494,1,-0.9043813776389903,0.7624389657981537
R343,1546459200,669,139,-530,808,1,-2.708304633906194,1.9300010978169708
R343,1546473600,136,53,-83,189,1,0.13096894197915812,-0.37165800957044237
R343,1546488000,35,7,-28,42,1,0.4803202768196377,-0.9182555681907166
R343,1546502400,67,87,20,154,1,0.7852087144986016,-0.5018002854324124
R343,1546516800,319,263,-56,582,1,0.30246868817357536,1.0896538308225356
R343,1546531200,368,169,-199,537,1,-0.6058447824116714,0.9223280475714313
R343,1546545600,775,221,-554,996,1,-2.860748852745676,2.6290510367326956
R343,1546560000,171,44,-127,215,1,-0.1485121258932255,-0.2749808903586932
R343,1546574400,28,10,-18,38,1,0.5438387013360885,-0.9331289711463703
R343,1546588800,61,84,23,145,1,0.8042642418535368,-0.5352654420826333
R343,1546603200,319,246,-73,565,1,0.19448736649560897,1.0264418682610073
R343,1546617600,387,153,-234,540,1,-0.8281592682192493,0.9334830997881716
R343,1546632000,664,205,-459,869,1,-2.257323819839393,2.1568204928906898
R343,1546646400,160,70,-90,230,1,0.08650604481764256,-0.21920562927499176
R343,1546660800,43,17,-26,60,1,0.49302396172292784,-0.8513252548902749
R343,1546675200,15,22,7,37,1,0.7026347626272156,-0.9368473218852837
R343,1546689600,89,94,5,183,1,0.6899310777239254,-0.39396811400392295
R343,1546704000,220,104,-116,324,1,-0.07864185892512958,0.13031934018287064
R343,1546718400,207,91,-116,298,1,-0.07864185892512958,0.03364222097112147
R343,1546732800,119,90,-29,209,1,0.4739684343679926,-0.2972909947921738
R343,1546747200,32,12,-20,44,1,0.5311350164327984,-0.9108188667128897
R343,1546761600,17,11,-6,28,1,0.6200608107558295,-0.9703124785355046
R343,1546776000,76,69,-7,145,1,0.6137089683041844,-0.5352654420826333
R343,1546790400,187,118,-69,305,1,0.21989473630218928,0.059670676143515476
R343,1546804800,160,100,-60,260,1,0.27706131836699505,-0.10765510710758887
R343,1546819200,68,27,-41,95,1,0.3977463249482516,-0.7211829790283049
R343,1546833600,10,4,-6,14,1,0.6200608107558295,-1.0223693888802927
R343,1546848000,89,95,6,184,1,0.6962829201755705,-0.39024976326500954
R343,1546862400,341,329,-12,670,1,0.581949756045959,1.4168686958469174
R343,1546876800,391,157,-234,548,1,-0.8281592682192493,0.963229905699479
R343,1546891200,761,147,-614,908,1,-3.241859399844381,2.3018361717083136
R343,1546905600,191,27,-164,218,2,-0.08410465973077996,-0.4897310892136432
R343,1546920000,26,5,-21,31,2,0.6385456783851923,-1.066308510092665
R343,1546934400,90,100,10,190,2,0.795204143291452,-0.5760635372596999
R343,1546948800,342,274,-68,616,2,0.40103123159183074,0.7374229937267347
R343,1546963200,393,159,-234,552,2,-0.4378495804868503,0.5400916839071764
R343,1546977600,830,179,-651,1009,2,-2.5451586084194404,1.9491605680874597
R343,1546992000,209,53,-156,262,2,-0.04367666878722907,-0.3540658137126969
R343,1547006400,26,6,-20,32,2,0.6435991772531361,-1.0632252083767344
R343,1547020800,85,87,2,172,2,0.7547761523479011,-0.6315629681464507
R343,1547035200,350,286,-64,636,2,0.42124522706360623,0.7990890280453466
R343,1547049600,402,177,-225,579,2,-0.39236809067535555,0.6233408302373026
R343,1547064000,896,231,-665,1127,2,-2.6159075925706547,2.31299017056727
R343,1547078400,218,49,-169,267,2,-0.10937215407049927,-0.3386493051330439
R343,1547092800,32,8,-24,40,2,0.6233851817813607,-1.0385587946492896
R343,1547107200,83,94,11,177,2,0.8002576421593959,-0.6161464595667977
R343,1547121600,374,302,-72,676,2,0.3808172361200553,0.9224210966825706
R343,1547136000,445,159,-286,604,2,-0.7006315216199311,0.7004233731355675
R343,1547150400,874,227,-647,1101,2,-2.524944612947665,2.2328243259530747
R343,1547164800,194,49,-145,243,2,0.011911818760153408,-0.4126485463153783
R343,1547179200,26,9,-17,35,2,0.6587596738569678,-1.0539753032289425
R343,1547193600,88,93,5,181,2,0.7699366489517326,-0.6038132527030753
R343,1547208000,331,287,-44,618,2,0.5223152044224835,0.7435895971585958
R343,1547222400,472,189,-283,661,2,-0.6854710250160995,0.8761715709436115
R343,1547236800,785,213,-572,998,2,-2.1459321978518755,1.9152442492122232
R343,1547251200,212,74,-138,286,2,0.04728631083576044,-0.28006657253036255
R343,1547265600,50,12,-38,62,2,0.5526361976301466,-0.9707261568988165
R343,1547280000,18,24,6,42,2,0.7749901478196766,-1.0323921912174283
R343,1547294400,109,123,14,232,2,0.8154181387632274,-0.44656486519061483
R343,1547308800,258,110,-148,368,2,-0.0032486778436781765,-0.027235831824053557
R343,1547323200,242,97,-145,339,2,0.011911818760153408,-0.11665158158604089
R343,1547337600,110,41,-69,151,2,0.3959777327238869,-0.6963123041809932
R343,1547352000,39,11,-28,50,2,0.6031711863095852,-1.0077257774899837
R343,1547366400,19,13,-6,32,2,0.7143481614043502,-1.0632252083767344
R343,1547380800,90,52,-38,142,2,0.5526361976301466,-0.7240620196243687
R343,1547395200,174,122,-52,296,2,0.48188721347893254,-0.2492335553710566
R343,1547409600,175,68,-107,243,2,0.20394477574202016,-0.4126485463153783
R343,1547424000,80,17,-63,97,2,0.42629872593155005,-0.8628105968412455
R343,1547438400,14,3,-11,17,2,0.6890806670646309,-1.1094747341156934
R343,1547452800,88,103,15,191,2,0.8204716376311713,-0.5729802355437693
R343,1547467200,339,326,-13,665,2,0.6789736693287431,0.888504777807334
R343,1547481600,393,173,-220,566,2,-0.36710059633563624,0.5832579079302048
R343,1547496000,836,187,-649,1023,2,-2.535051610683553,1.9923267921104881
R343,1547510400,210,35,-175,245,3,-0.2619706664796909,-0.3097069047897682
R343,1547524800,26,6,-20,32,3,0.6290580894151824,-1.0271170472675688
R343,1547539200,78,119,41,197,3,0.9797210191544551,-0.47137679605237115
R343,1547553600,361,337,-24,698,3,0.6060637989404759,1.2160526940010472
R343,1547568000,395,163,-232,558,3,-0.5896393057442572,0.7445155111517886
R343,1547582400,872,206,-666,1078,3,-3.084519822249902,2.4959393331633204
R343,1547596800,236,41,-195,277,3,-0.37694211885322293,-0.20192697728136622
R343,1547611200,32,8,-24,40,3,0.6060637989404759,-1.0001720653904682
R343,1547625600,92,104,12,196,3,0.8130124132128336,-0.4747449187870087
R343,1547640000,356,294,-62,650,3,0.38761803943076506,1.0543828027384443
R343,1547654400,444,221,-223,665,3,-0.5379021521761678,1.1049046437580077
R343,1547668800,851,184,-667,1035,3,-3.0902683948685787,2.3511100555739053
R343,1547683200,238,43,-195,281,3,-0.37694211885322293,-0.18845448634281597
R343,1547697600,35,5,-30,40,3,0.5715723632284163,-1.0001720653904682
R343,1547712000,78,95,17,173,3,0.8417552763062166,-0.5522117416836726
R343,1547726400,350,328,-22,678,3,0.6175609441778291,1.148690239308296
R343,1547740800,433,146,-287,579,3,-0.9058107997714703,0.8152460885791774
R343,1547755200,836,249,-587,1085,3,-2.6303825853744507,2.5195161923057836
R343,1547769600,240,61,-179,301,3,-0.28496495695439733,-0.12109203165006475
R343,1547784000,32,5,-27,37,3,0.5888180810844461,-1.010276433594381
R343,1547798400,85,93,8,178,3,0.7900181227381272,-0.5353711280104848
R343,1547812800,355,286,-69,641,3,0.34737803110002885,1.0240696981267061
R343,1547827200,406,155,-251,561,3,-0.6988621854991126,0.7546198793557013
R343,1547841600,642,167,-475,809,3,-1.9865424520826713,1.5899143175458166
R343,1547856000,165,59,-106,224,3,0.1346808442089946,-0.380437482217157
R343,1547870400,47,11,-36,58,3,0.5370809275163567,-0.9395458561669922
R343,1547884800,26,21,-5,47,3,0.7152866786953314,-0.9765952062480053
R343,1547899200,125,86,-39,211,3,0.5198352096603269,-0.4242230777674453
R343,1547913600,259,97,-162,356,3,-0.1872392224368951,0.06415471875500113
R343,1547928000,222,90,-132,312,3,-0.014782043876597045,-0.08404268156905158
R343,1547942400,115,34,-81,149,3,0.27839515967590966,-0.6330466873149742
R343,1547956800,36,8,-28,44,3,0.5830695084657695,-0.986699574451918
R343,1547971200,19,11,-8,30,3,0.6980409608393016,-1.033853292736844
R343,1547985600,58,50,-8,108,3,0.6980409608393016,-0.7711397194351142
R343,1548000000,176,121,-55,297,3,0.42785804776150127,-0.13456452258861498
R343,1548014400,172,75,-97,247,3,0.186417997777084,-0.30297065932049305
R343,1548028800,88,25,-63,113,3,0.38186946681208844,-0.7542991057619263
R343,1548043200,14,9,-5,23,3,0.7152866786953314,-1.0574301518793068
R343,1548057600,23,25,2,48,3,0.7555266870260676,-0.9732270835133678
R343,1548072000,135,99,-36,234,3,0.5370809275163567,-0.3467562548707814
R343,1548086400,199,97,-102,296,3,0.157675134683701,-0.13793264532325256
R343,1548100800,232,89,-143,321,3,-0.07801634268203966,-0.05372957695731352
R343,1548115200,92,15,-77,107,4,0.354779114112147,-0.85755443477568
R343,1548129600,16,5,-11,21,4,0.6842423316394071,-1.119144386503554
R343,1548144000,78,118,40,196,4,0.938827545183199,-0.5868392521735778
R343,1548158400,353,347,-6,700,4,0.7092016663005631,0.9461995346967534
R343,1548172800,433,165,-268,598,4,-0.5986674699440148,0.635941684972996
R343,1548187200,827,188,-639,1015,4,-2.450650101801795,1.9043487764907105
R343,1548201600,259,29,-230,288,4,-0.4089765265192286,-0.30699883869724753
R343,1548216000,33,8,-25,41,4,0.61435619458817,-1.0583095140086995
R343,1548230400,86,99,13,185,4,0.8040471380129562,-0.6202984320457477
R343,1548244800,366,315,-51,681,4,0.4845676543501585,0.8884064058266418
R343,1548259200,440,217,-223,657,4,-0.37403345799361015,0.8154045588328165
R343,1548273600,872,201,-671,1073,4,-2.6103898436331936,2.0807699067257883
R343,1548288000,245,49,-196,294,4,-0.23925305082336737,-0.2887483769487912
R343,1548302400,34,7,-27,41,4,0.6043724607237076,-1.0583095140086995
R343,1548316800,88,112,24,200,4,0.8589576742674996,-0.5746722776746069
R343,1548331200,349,375,26,724,4,0.868941408131962,1.0192013816905787
R343,1548345600,404,188,-216,592,4,-0.33909038946799164,0.6176912232245396
R343,1548360000,907,207,-700,1114,4,-2.755153984667899,2.20548139534024
R343,1548374400,290,67,-223,357,4,-0.37403345799361015,-0.09711852858999978
R343,1548388800,38,6,-32,44,4,0.5794131260625516,-1.0491842831344713
R343,1548403200,90,87,-3,177,4,0.7241772670972568,-0.6446323810436896
R343,1548417600,392,264,-128,656,4,0.10019390056835513,0.8123628152080737
R343,1548432000,443,211,-232,654,4,-0.41896026038369105,0.8062793279585884
R343,1548446400,775,231,-544,1006,4,-1.9764227432398298,1.876973083868026
R343,1548460800,240,63,-177,303,4,-0.14440757911097432,-0.2613726843261067
R343,1548475200,51,13,-38,64,4,0.5494619244691643,-0.988349410639617
R343,1548489600,15,29,14,44,4,0.8090390049451874,-1.0491842831344713
R343,1548504000,128,97,-31,225,4,0.5844049929947828,-0.4986286870560389
R343,1548518400,260,108,-152,368,4,-0.019610905805193993,-0.06365934871782986
R343,1548532800,246,106,-140,352,4,0.04029149738158057,-0.11232724671371339
R343,1548547200,112,61,-51,173,4,0.4845676543501585,-0.6567993555426604
R343,1548561600,41,13,-28,54,4,0.5993805937914765,-1.018766846887044
R343,1548576000,19,11,-8,30,4,0.6992179324361008,-1.0917686938808695
R343,1548590400,93,53,-40,146,4,0.5394781906047019,-0.7389264334107138
R343,1548604800,206,103,-103,309,4,0.22499057387413546,-0.24312222257765037
R343,1548619200,183,78,-105,261,4,0.21500684000967304,-0.389125916565301
R343,1548633600,70,20,-50,90,4,0.4895595212823898,-0.9092640763963062
R343,1548648000,15,9,-6,24,4,0.7092016663005631,-1.1100191556293257
R343,1548662400,88,101,13,189,4,0.8040471380129562,-0.6081314575467769
R343,1548676800,351,330,-21,681,4,0.6343236623170949,0.8884064058266418
R343,1548691200,422,146,-276,568,4,-0.6386024054018644,0.5446893762307143
R343,1548705600,827,206,-621,1033,4,-2.3607964970216333,1.9591001617360795
R343,1548720000,207,36,-171,243,5,-0.14514586733931742,-0.4259595339798385
R343,1548734400,28,7,-21,35,5,0.6129033993316114,-1.078431202401773
R343,1548748800,93,100,7,193,5,0.7544059291101848,-0.5828036850428036
R343,1548763200,360,341,-19,701,5,0.6230107228872238,1.0107328897569212
R343,1548777600,450,157,-293,607,5,-0.7616926042316728,0.7158658857585469
R343,1548792000,895,233,-662,1128,5,-2.626493800242158,2.350181939834642
R343,1548806400,263,38,-225,301,5,-0.4180436033408518,-0.24402031874679905
R343,1548820800,22,7,-15,29,5,0.6432253699984486,-1.0972525005293288
R343,1548835200,95,107,12,202,5,0.7796742379992158,-0.5545717378514698
R343,1548849600,384,366,-18,750,5,0.62806438466503,1.164440157798627
R343,1548864000,471,224,-247,695,5,-0.529224162452588,0.9919115916293654
R343,1548878400,909,197,-712,1106,5,-2.879176889132468,2.2811705133669378
R343,1548892800,225,46,-179,271,5,-0.18557516156176695,-0.33812680938457806
R343,1548907200,32,5,-27,37,5,0.5825814286647742,-1.0721574363592543
R343,1548921600,80,106,26,186,5,0.8504255028885024,-0.6047618661916186
R343,1548936000,316,354,38,670,5,0.9110694442221767,0.9134895160978829
R343,1548950400,378,165,-213,543,5,-0.3573996620071775,0.5151053723979517
R343,1548964800,798,218,-580,1016,5,-2.21209353446205,1.9988510414536007
R343,1548979200,215,56,-159,271,5,-0.0845019260056431,-0.33812680938457806
R343,1548993600,37,12,-25,49,5,0.5926887522203866,-1.0345148401041429
R343,1549008000,86,92,6,178,5,0.7493522673323786,-0.629856930361693
R343,1549011180,84,81,-3,165,5,0.7038693113321228,-0.6706364096380639
R343,1549022400,257,239,-18,496,5,0.62806438466503,0.36767187039876453
R343,1549036800,451,208,-243,659,5,-0.5090095153413633,0.8789838028640306
R343,1549051200,801,185,-616,986,5,-2.394025358463073,1.9047445508158216
R343,1549065600,216,51,-165,267,5,-0.11482389667248026,-0.35067434146961524
R343,1549080000,57,8,-49,65,5,0.471400869553038,-0.9843247117639939
R343,1549094400,21,19,-2,40,5,0.708922973109929,-1.0627467872954766
R343,1549108800,124,96,-28,220,5,0.577527766886968,-0.4981078434688024
R343,1549123200,263,157,-106,420,5,0.1833421482180851,0.1292687607830577
R343,1549137600,254,108,-146,362,5,-0.01880432289416261,-0.05267045444998172
R343,1549152000,113,53,-60,166,5,0.4158105899971699,-0.6674995266168046
R343,1549166400,39,9,-30,48,5,0.5674204433313557,-1.037651723125402
R343,1549180800,17,17,0,34,5,0.7190302966655414,-1.0815680854230323
R343,1549195200,94,65,-29,159,5,0.5724741051091619,-0.6894577077656198
R343,1549209600,201,94,-107,295,5,0.1782884864402789,-0.26284161687435487
R343,1549224000,188,95,-93,283,5,0.24903975132956557,-0.30048421312946644
R343,1549238400,107,29,-78,136,5,0.32484467799665845,-0.7616060172545837
R343,1549252800,14,4,-10,18,5,0.6684936788874796,-1.1317582137631812
R343,1549267200,83,93,10,176,5,0.7695669144436034,-0.6361306964042116
R343,1549281600,333,292,-41,625,5,0.5118301637754875,0.7723297801412143
R343,1549296000,385,146,-239,531,5,-0.48879486823013846,0.47746277614284005
R343,1549310400,757,169,-588,926,5,-2.2525228286844996,1.7165315695402636
R343,1549324800,219,42,-177,261,6,-0.09435971606347611,-0.441696944229659
R343,1549339200,21,5,-16,26,6,0.6923978671932759,-1.1351196958674408
R343,1549353600,75,107,32,182,6,0.9269591342511896,-0.6748050181844877
R343,1549368000,386,305,-81,691,6,0.3747628180523512,0.827119154511814
R343,1549382400,471,163,-308,634,6,-0.7345165074090322,0.658927253050735
R343,1549396800,908,220,-688,1128,6,-2.5914598716175155,2.116590399046753
R343,1549411200,239,30,-209,269,6,-0.25073389410208524,-0.4180910633228409
R343,1549425600,27,5,-22,32,6,0.6630777088110368,-1.1174152851873271
R343,1549440000,92,102,10,194,6,0.8194518868496459,-0.6393961968242606
R343,1549454400,386,309,-77,695,6,0.3943095903071773,0.8389220949652231
R343,1549468800,446,194,-252,640,6,-0.4608616958414662,0.6766316637308486
R343,1549483200,919,193,-726,1112,6,-2.7771542080383638,2.069378637233117
R343,1549497600,250,58,-192,308,6,-0.16766011201907413,-0.30301239390210266
R343,1549512000,36,3,-33,39,6,0.6093240851102648,-1.0967601393938613
R343,1549526400,90,96,6,186,6,0.7999051145948197,-0.6630020777310787
R343,1549540800,399,309,-90,708,6,0.3307825804789924,0.8772816514388024
R343,1549555200,468,204,-264,672,6,-0.5195020126059446,0.771055187358121
R343,1549569600,859,254,-605,1113,6,-2.185864347329873,2.072329372346469
R343,1549584000,305,48,-257,353,6,-0.4852951611599989,-0.1702293138012508
R343,1549598400,42,11,-31,53,6,0.6190974712376779,-1.0554498478069296
R343,1549612800,99,105,6,204,6,0.7999051145948197,-0.609888845690738
R343,1549627200,380,315,-65,695,6,0.4529499070716558,0.8389220949652231
R343,1549641600,475,235,-240,710,6,-0.4022213790769878,0.8831831216655069
R343,1549656000,836,226,-610,1062,6,-2.2102978126484056,1.9218418815655036
R343,1549670400,206,88,-118,294,6,0.19395517469520943,-0.34432268548903433
R343,1549684800,51,9,-42,60,6,0.565343847536906,-1.0347947020134638
R343,1549699200,22,28,6,50,6,0.7999051145948197,-1.0643020531469864
R343,1549713600,134,123,-11,257,6,0.7168313325118086,-0.453499884683068
R343,1549728000,272,147,-125,419,6,0.1597483232492637,0.024519203679998523
R343,1549742400,279,115,-164,394,6,-0.030832706235291163,-0.04924917415380804
R343,1549756800,137,72,-65,209,6,0.4529499070716558,-0.5951351701239767
R343,1549771200,50,12,-38,62,6,0.5848906197917322,-1.0288932317867592
R343,1549785600,17,25,8,42,6,0.8096785007222328,-1.0879079340538045
R343,1549800000,105,76,-29,181,6,0.628870857365091,-0.67775575329784
R343,1549814400,222,123,-99,345,6,0.28680234290563356,-0.19383519470806893
R343,1549828800,197,84,-113,281,6,0.21838864001374209,-0.38268224196261375
R343,1549843200,80,23,-57,103,6,0.492043451581308,-0.9079130921393165
R343,1549857600,16,5,-11,21,6,0.7168313325118086,-1.149873371434202
R343,1549872000,95,98,3,193,6,0.7852450354037,-0.6423469319376128
R343,1549886400,365,375,10,740,6,0.8194518868496459,0.9717051750660749
R343,1549900800,408,171,-237,579,6,-0.3875612998858682,0.49663682181636054
R343,1549915200,852,200,-652,1052,6,-2.41553892132408,1.892334530431981
R343,1549929600,253,45,-208,298,7,-0.33838435145559703,-0.20013432412889462
R343,1549944000,34,28,-6,62,7,0.7967887753729063,-0.9777632621005149
R343,1549958400,95,86,-9,181,7,0.7799297685388197,-0.5856537552419436
R343,1549972800,362,332,-30,694,7,0.6619167207002128,1.1047006734845022
R343,1549987200,424,156,-268,580,7,-0.6755644881373307,0.7290663559897363
R343,1550001600,759,182,-577,941,7,-2.412042192048259,1.9185750280564948
R343,1550016000,193,39,-154,232,7,-0.03492222844203675,-0.4176068237311274
R343,1550030400,31,10,-21,41,7,0.7124937412024729,-1.0469590574284982
R343,1550044800,82,108,26,190,7,0.9766181816031643,-0.5559984143870937
R343,1550059200,437,332,-105,769,7,0.24044154984804575,1.3518285139415849
R343,1550073600,473,211,-262,684,7,-0.6418464744691573,1.071750294756891
R343,1550088000,889,234,-655,1123,7,-2.850376369734513,2.5182719208990156
R343,1550102400,265,64,-201,329,7,-0.2990466688427281,-0.09798815007330043
R343,1550116800,34,10,-24,44,7,0.6956347343683862,-1.0370739438102148
R343,1550131200,93,94,1,187,7,0.8361264579857752,-0.565883528005377
R343,1550145600,372,299,-73,671,7,0.4202709560783037,1.0289148024109969
R343,1550160000,467,201,-266,668,7,-0.6643251502479396,1.0190296887927135
R343,1550174400,905,199,-706,1104,7,-3.136979485913987,2.4556662013165544
R343,1550188800,228,69,-159,297,7,-0.06302057316551456,-0.2034293620016557
R343,1550203200,43,11,-32,54,7,0.6506773828108218,-1.0041235650826037
R343,1550217600,64,91,27,155,7,0.9822378505478598,-0.6713247399337323
R343,1550232000,377,281,-96,658,7,0.2910185703503058,0.9860793100651024
R343,1550246400,514,151,-363,665,7,-1.209433037883409,1.0091445751744301
R343,1550260800,695,173,-522,868,7,-2.1029604000900033,1.678037263344934
R343,1550275200,200,39,-161,239,7,-0.07425991105490568,-0.3945415586217997
R343,1550289600,54,11,-43,65,7,0.5888610244191705,-0.9678781484822316
R343,1550304000,13,27,14,40,7,0.9091821542668175,-1.0502540953012591
R343,1550318400,140,62,-78,202,7,0.3921726113548259,-0.5164579599139605
R343,1550332800,241,99,-142,340,7,0.032513798894309984,-0.061742733472928295
R343,1550347200,285,137,-148,422,7,-0.0012042147738633802,0.20845037209348213
R343,1550361600,146,43,-103,189,7,0.25168088773743685,-0.5592934522598548
R343,1550376000,55,14,-41,69,7,0.6001003623085617,-0.9546979969911872
R343,1550390400,18,15,-3,33,7,0.813647782206993,-1.0733193604105868
R343,1550404800,98,58,-40,156,7,0.6057200312532572,-0.6680297020609712
R343,1550419200,233,95,-138,328,7,0.054992474673092234,-0.10128318794606153
R343,1550433600,211,95,-116,306,7,0.17862519145639458,-0.1737740211468058
R343,1550448000,101,20,-81,121,7,0.3753136045207392,-0.7833560276076098
R343,1550462400,20,4,-16,24,7,0.7405920859259507,-1.1029747012654367
R343,1550476800,18,28,10,46,7,0.8867034784880353,-1.0304838680646926
R343,1550491200,137,83,-54,220,7,0.5270446660275193,-0.45714727820426065
R343,1550505600,267,111,-156,378,7,-0.04616156633142787,0.06346870569199362
R343,1550520000,311,83,-228,394,7,-0.4507777303495083,0.11618931165617126
R343,1550534400,108,30,-78,138,8,0.5682773703344378,-0.9557941831819871
R343,1550548800,15,5,-10,20,8,0.8729517029184728,-1.2976493393794344
R343,1550563200,103,86,-17,189,8,0.841588168681881,-0.8080432258424124
R343,1550577600,393,301,-92,694,8,0.5055503018612542,0.654980959578866
R343,1550592000,466,137,-329,603,8,-0.5563293572919266,0.39134689844354653
R343,1550606400,812,184,-628,996,8,-1.896000319683492,1.5298983932367394
R343,1550620800,229,38,-191,267,8,0.061980317658026765,-0.58207117344071
R343,1550635200,33,7,-26,40,8,0.8012636246634057,-1.2397077874815619
R343,1550649600,82,90,8,172,8,0.9536007909554233,-0.857293544955604
R343,1550664000,410,316,-94,726,8,0.4965892920793708,0.7476874426154619
R343,1550678400,530,171,-359,701,8,-0.6907445040201773,0.6752605027431213
R343,1550692800,822,171,-651,993,8,-1.999051932175151,1.5212071604520585
R343,1550707200,218,42,-176,260,8,0.12918789102215214,-0.6023507166049654
R343,1550721600,35,4,-31,39,8,0.7788611002086974,-1.2426048650764556
R343,1550736000,85,94,9,179,8,0.9580812958463649,-0.8370140017913487
R343,1550750400,370,282,-88,652,8,0.523472321425021,0.533303700593334
R343,1550764800,493,221,-272,714,8,-0.3009405785082502,0.7129225114767385
R343,1550779200,865,209,-656,1074,8,-2.0214544566298596,1.7558704456384417
R343,1550793600,226,53,-173,279,8,0.1426294056949772,-0.5473062423019865
R343,1550808000,38,10,-28,48,8,0.7923026148815224,-1.216531166722413
R343,1550822400,70,85,15,155,8,0.9849643251920152,-0.9065438640687955
R343,1550836800,387,265,-122,652,8,0.37113515513300344,0.533303700593334
R343,1550851200,469,188,-281,657,8,-0.3412651225267254,0.5477890885678021
R343,1550865600,814,168,-646,982,8,-1.9766494077204424,1.4893393069082286
R343,1551484800,9297,4390,-4907,13687,9,-4.098887156318612,4.113219287519674
R343,1551499200,44,15,-29,59,9,0.2933886570718297,-0.3034352427985392
R343,1551513600,18,24,6,42,9,0.3249035511818472,-0.3089447179244131
R343,1551528000,123,92,-31,215,9,0.2915878059798287,-0.2528777063493433
R343,1551542400,245,135,-110,380,9,0.22045418784578918,-0.19940338895115536
R343,1551556800,250,91,-159,341,9,0.17633333609176466,-0.21204277306345432
R343,1551571200,124,37,-87,161,9,0.2411639754038007,-0.2703783920432957
R343,1551585600,45,15,-30,60,9,0.2924882315258292,-0.3031111560264289
R343,1551600000,17,16,-1,33,9,0.31860057235984374,-0.31186149887340514
R343,1551614400,89,70,-19,159,9,0.3023929125318347,-0.27102656558751614
R343,1551628800,187,98,-89,285,9,0.23936312431179968,-0.2301916323016272
R343,1551643200,195,87,-108,282,9,0.22225503893779017,-0.2311638926179579
R343,1551657600,93,18,-75,111,9,0.2519690819558067,-0.2865827306488072
R343,1551672000,20,8,-12,28,9,0.30869589135383824,-0.3134819327339563
R343,1551686400,61,77,16,138,9,0.3339078066418522,-0.277832387801831
R343,1551700800,314,291,-23,605,9,0.29879121034783274,-0.12648386522635363
R343,1551715200,348,140,-208,488,9,0.13221248433774013,-0.1644020175632505
R343,1551729600,681,160,-521,841,9,-0.1496207115604165,-0.04999938700833937
R343,1551744000,177,34,-143,211,10,0.0074730483979747785,-0.5652200439279876
R343,1551758400,24,6,-18,30,10,0.6553381312869113,-1.1378713849708837
R343,1551772800,101,109,8,210,10,0.7900940685278102,-0.5683838634917606
R343,1551787200,370,320,-50,690,10,0.4894846700673436,0.9502495271192345
R343,1551801600,457,215,-242,672,10,-0.505636097250063,0.8933007749713222
R343,1551816000,875,198,-677,1073,10,-2.7602065857035623,2.1619924200442573
R343,1551830400,253,42,-211,295,10,-0.34496555669360673,-0.2994592005710635
R343,1551844800,29,7,-22,36,10,0.6346064486344654,-1.1188884675882462
R343,1551859200,95,99,4,194,10,0.7693623858753642,-0.619004976512127
R343,1551873600,386,329,-57,715,10,0.45320422542556316,1.0293450162135571
R343,1551888000,458,172,-286,630,10,-0.7336846064269686,0.7604203532928601
R343,1551902400,862,189,-673,1051,10,-2.739474903051116,2.0923883896412536
R343,1551916800,233,41,-192,274,10,-0.24649006409448834,-0.3658994114102946
R343,1551931200,37,12,-25,49,10,0.619057686645131,-1.0777588132591984
R343,1551945600,88,98,10,186,10,0.8004599098540331,-0.6443155330223104
R343,1551946244,18,25,7,43,10,0.7849111478646986,-1.0967417306418359
R343,1551960000,358,345,-13,703,10,0.6812527346024688,0.9913791814482823
R343,1551974400,477,192,-285,669,10,-0.7285016857638572,0.8838093162800035
R343,1551988800,878,262,-616,1140,10,-2.444048425253761,2.3739683308170423
R343,1552003200,258,63,-195,321,10,-0.26203882608382284,-0.21719989191296796
R343,1552017600,35,24,-11,59,10,0.6916185759286918,-1.0461206176214695
R343,1552032000,84,99,15,183,10,0.8263745131695907,-0.653806991713629
R343,1552046400,370,281,-89,651,10,0.28735076420599537,0.8268605641320911
R343,1552060800,457,208,-249,665,10,-0.5419165418918435,0.8711540380249118
R343,1552075200,751,208,-543,959,10,-2.0656952168466223,1.8013169897741461
R343,1552089600,198,68,-130,266,10,0.07485101701842418,-0.3912099679204778
R343,1552104000,64,16,-48,80,10,0.49985051139356657,-0.9796804067822384
R343,1552118400,22,20,-2,42,10,0.7382648618966953,-1.0999055502056088
R343,1552132800,118,78,-40,196,10,0.5413138766984585,-0.6126773373845813
R343,1552147200,238,117,-121,355,10,0.12149730298642762,-0.10963002674468915
R343,1552161600,279,131,-148,410,10,-0.018441554917582682,0.06438004926282069
R343,1552176000,140,63,-77,203,10,0.3495458121633333,-0.590530600438171
R343,1552194000,56,19,-37,75,10,0.556862638687793,-0.9954995046011029
R343,1552208400,21,15,-6,36,10,0.7175331792442493,-1.1188884675882462
R343,1552222800,100,163,63,263,10,1.0751547049989423,-0.40070142661179653
R343,1552237200,191,174,-17,365,10,0.6605210519500229,-0.07799183110696009
R343,1552251600,146,102,-44,248,10,0.5205821940460126,-0.44815872006839014
R343,1552266000,68,34,-34,102,10,0.5724114006771275,-0.9100763763792344
R343,1552280400,15,15,0,30,10,0.7486307032229182,-1.1378713849708837
R343,1552294800,206,181,-25,387,10,0.619057686645131,-0.008387800703956148
R343,1552309200,338,206,-132,544,10,0.06448517569220119,0.48833187080839013
R343,1552323600,495,146,-349,641,10,-1.0602086082029927,0.795222368494362
R343,1552338000,657,146,-511,803,10,-1.8998417556270544,1.307761137825573
R343,1552352400,129,31,-98,160,11,0.2331221249087217,-0.7461262564717813
R343,1552366800,14,4,-10,18,11,0.7212917417147475,-1.2561431038755295
R343,1552381200,211,211,0,422,11,0.7767655618063413,0.1948907436675289
R343,1552395600,337,233,-104,570,11,0.19983783285376538,0.7264575987080553
R343,1552410000,491,180,-311,671,11,-0.948470243042227,1.08921606059382
R343,1552424400,737,163,-574,900,11,-2.407431711451145,1.9117080187308508
R343,1552438800,141,26,-115,167,11,0.13881663075301218,-0.7209845808955402
R343,1552453200,13,6,-7,19,11,0.7379338877422257,-1.2525514359360665
R343,1552467600,221,199,-22,420,11,0.6547231576048349,0.18770740778860284
R343,1552482000,333,213,-120,546,11,0.11107972070721525,0.6402575681609429
R343,1552496400,518,174,-344,692,11,-1.1315338493444866,1.1646410873225432
R343,1552510800,708,153,-555,861,11,-2.3020314532771167,1.771632969091793
R343,1552525200,139,30,-109,169,11,0.1721009228079685,-0.7138012450166142
R343,1552539600,22,7,-15,29,11,0.6935548316689506,-1.2166347565414364
R343,1552554000,208,206,-2,414,11,0.7656707977880225,0.16615740015182476
R343,1552568400,342,191,-151,533,11,-0.06088912157672565,0.5935658849479237
R343,1552582800,522,171,-351,693,11,-1.1703655234086023,1.1682327552620062
R343,1552597200,743,198,-545,941,11,-2.246557633185523,2.0589664042488343
R343,1552611600,174,31,-143,205,11,-0.016510065503450577,-0.5845011991959456
R343,1552626000,19,11,-8,30,11,0.7323865057330663,-1.2130430886019734
R343,1552640400,188,198,10,386,11,0.8322393818979351,0.06559069784686031
R343,1552654800,318,210,-108,528,11,0.17764830481712784,0.5756075452506086
R343,1552669200,520,172,-348,692,11,-1.1537233773811242,1.1646410873225432
R343,1552683600,618,165,-453,783,11,-1.7361984883428596,1.4914828698136777
R343,1552698000,148,43,-105,191,11,0.194290450844606,-0.6347845503484278
R343,1552712400,22,10,-12,32,11,0.7101969776964288,-1.2058597527230475
R343,1552726800,31,79,48,110,11,1.0430398982459916,-0.9257096534449322
R343,1552741200,142,139,-3,281,11,0.7601234157788631,-0.3115344357967564
R343,1552755600,222,138,-84,360,11,0.3107854730369531,-0.02779266857917811
R343,1552770000,181,94,-87,275,11,0.29414332700947493,-0.3330844434335345
R343,1552784400,88,32,-56,120,11,0.4661121692934158,-0.889792974050302
R343,1552798800,25,7,-18,32,11,0.6769126856414724,-1.2058597527230475
R343,1552813200,29,42,13,71,11,0.8488815279254133,-1.0657847030839898
R343,1552827600,99,111,12,210,11,0.8433341459162539,-0.5665428594986305
R343,1552842000,154,107,-47,261,11,0.5160386073758503,-0.3833677945860167
R343,1552856400,144,53,-91,197,11,0.2719537989728374,-0.6132345427116498
R343,1552870800,54,21,-33,75,11,0.5937019555040817,-1.0514180313261376
R343,1552885200,10,10,0,20,11,0.7767655618063413,-1.2489597679966036
R343,1552899600,176,202,26,378,11,0.9209974940444853,0.03685735433115618
R343,1552914000,311,244,-67,555,11,0.4050909671926626,0.67258257961611
R343,1552928400,465,130,-335,595,11,-1.0816074112620522,0.8162492971946307
R343,1552942800,696,137,-559,833,11,-2.324220981313754,1.6710662667868286
R343,1552957200,207,38,-169,245,12,-0.11990721321045246,-0.49007204592559456
R343,1552971600,15,6,-9,21,12,0.7559367789354614,-1.3181248131791856
R343,1552986000,195,215,20,410,12,0.9146835025119083,0.11987753709602375
R343,1553000400,327,240,-87,567,12,0.3289628327643284,0.7002538070014424
R343,1553014800,506,128,-378,634,12,-1.2639784279510524,0.9479303043496147
R343,1553029200,709,178,-531,887,12,-2.101504245440583,1.8831863316494295
R343,1553043600,244,37,-207,281,12,-0.32792016134510704,-0.35699213690269604
R343,1553058000,17,7,-10,24,12,0.7504627539845495,-1.3070348207606106
R343,1553072400,162,215,53,377,12,1.0953263258920032,-0.0021123795082999166
R343,1553086800,319,248,-71,567,12,0.4165472319789198,0.7002538070014424
R343,1553101200,515,160,-355,675,12,-1.1380758540800775,1.099493534070138
R343,1553115600,709,179,-530,888,12,-2.096030220489671,1.8868829957889544
R343,1553130000,244,32,-212,276,12,-0.35529028609966684,-0.3754754576003208
R343,1553144400,25,12,-13,37,12,0.7340406791318136,-1.2589781869467862
R343,1553158800,180,223,43,403,12,1.0405860763828836,0.09400088811934904
R343,1553173200,309,239,-70,548,12,0.4220212569298318,0.6300171883504682
R343,1553187600,528,169,-359,697,12,-1.1599719538837252,1.1808201451396871
R343,1553202000,769,208,-561,977,12,-2.265724993967942,2.215886104206676
R343,1553216400,287,31,-256,318,12,-0.5961473839397932,-0.22021556374027254
R343,1553230800,21,12,-9,33,12,0.7559367789354614,-1.273764843504886
R343,1553245200,145,186,41,331,12,1.0296380264810596,-0.17215892992644805
R343,1553259600,312,228,-84,540,12,0.3453849076170643,0.6004438752342685
R343,1553274000,535,151,-384,686,12,-1.2968225776565243,1.1401568396049127
R343,1553288400,596,156,-440,752,12,-1.6033679749075944,1.38413667281356
R343,1553302800,184,38,-146,222,12,0.005995360660522662,-0.5750953211346687
R343,1553317200,36,11,-25,47,12,0.66835237972087,-1.2220115455515366
R343,1553331600,32,81,49,113,12,1.0734302260883553,-0.9780317123428892
R343,1553346000,138,139,1,277,12,0.8106770284445811,-0.3717787934607959
R343,1553360400,215,130,-85,345,12,0.3399108826661523,-0.12040563197309863
R343,1553374800,211,72,-139,283,12,0.0443135353169064,-0.3495988086236461
R343,1553389200,111,37,-74,148,12,0.4001251571261839,-0.8486484674595156
R343,1553403600,20,7,-13,27,12,0.7340406791318136,-1.2959448283420358
R343,1553418000,28,49,21,77,12,0.9201575274628203,-1.111111621365788
R343,1553432400,97,90,-7,187,12,0.7668848288372854,-0.7044785660180423
R343,1553446800,176,93,-83,269,12,0.3508589325679763,-0.40135210657699555
R343,1553461200,144,46,-98,190,12,0.26874855830429684,-0.6933885735994674
R343,1553475600,85,31,-54,116,12,0.5096056561444232,-0.9669417199243143
R343,1553490000,9,19,10,28,12,0.8599432530027887,-1.2922481642025108
R343,1553504400,179,191,12,370,12,0.8708913029046127,-0.027989028484974632
R343,1553518800,313,219,-94,532,12,0.2906446581079447,0.5708705621180689
R343,1553533200,503,143,-360,646,12,-1.1654459788346372,0.9922902740239142
R343,1553547600,661,146,-515,807,12,-2.0139198462259915,1.5874532004874327
R343,1553562000,187,35,-152,222,13,0.008063147565730747,-0.5841268633606406
R343,1553576400,17,7,-10,24,13,0.8095400155993737,-1.322588249147671
R343,1553590800,200,215,15,415,13,0.950645097999663,0.1356865076337883
R343,1553605200,353,215,-138,568,13,0.08708199370989272,0.7063157602874028
R343,1553619600,400,175,-225,575,13,-0.40396369304311386,0.7324229809970454
R343,1553634000,722,135,-587,857,13,-2.447165286199302,1.784171015299786
R343,1553648400,254,25,-229,279,13,-0.42654050622716017,-0.3715394947249802
R343,1553662800,16,7,-9,23,13,0.8151842188953853,-1.3263178521061916
R343,1553677200,188,207,19,395,13,0.9732219111837093,0.06109444846338118
R343,1553691600,335,244,-91,579,13,0.3523595486224365,0.7473413928311268
R343,1553706000,506,157,-349,663,13,-1.1038449017485485,1.0606280413468367
R343,1553720400,745,169,-576,914,13,-2.385079049943175,1.9967583839354464
R343,1553734800,255,49,-206,304,13,-0.29672383041889405,-0.2782994207619713
R343,1553749200,25,11,-14,36,13,0.7869632024153275,-1.2778330136454268
R343,1553763600,179,212,33,391,13,1.0522407573278711,0.046176036629299755
R343,1553778000,337,207,-130,544,13,0.13223562007798528,0.6168052892829143
R343,1553792400,512,187,-325,699,13,-0.9683840226442709,1.1948937478535695
R343,1553806800,724,158,-566,882,13,-2.328637016983059,1.8774110892627949
R343,1553821200,278,39,-239,317,13,-0.48298253918727585,-0.22981458230120663
R343,1553835600,26,13,-13,39,13,0.792607405711339,-1.2666442047698658
R343,1553850000,167,164,-3,331,13,0.8490494386714548,-0.17760014088192164
R343,1553864400,327,260,-67,587,13,0.48782042772671425,0.7771782164992896
R343,1553878800,527,154,-373,681,13,-1.2393057808528263,1.1277608946002031
R343,1553893200,578,161,-417,739,13,-1.4876507258773353,1.344077866194384
R343,1553907600,182,51,-131,233,13,0.12659141678197372,-0.5431012308169166
R343,1553922000,39,15,-24,54,13,0.7305211694552117,-1.2107001603920604
R343,1553936400,39,38,-1,77,13,0.8603378452634779,-1.1249192923460922
R343,1553950800,153,102,-51,255,13,0.5781276804628993,-0.46104996572946877
R343,1553965200,269,105,-164,374,13,-0.0596672919864081,-0.017227213665546307
R343,1553979600,203,121,-82,324,13,0.4031573782865407,-0.20370736159156413
R343,1553994000,127,34,-93,161,13,0.3410711420304134,-0.8116326438303822
R343,1554008400,24,10,-14,34,13,0.7869632024153275,-1.2852922195624676
R343,1554022800,24,36,12,60,13,0.9337124881116283,-1.1883225426409383
R343,1554037200,108,71,-37,179,13,0.6571465266070613,-0.7444997905770159
R343,1554051600,206,94,-112,300,13,0.23383127940619355,-0.2932178325960527
R343,1554066000,152,63,-89,215,13,0.3636479552144597,-0.610234084070283
R343,1554080400,56,28,-28,84,13,0.7079443562711655,-1.0988120716364498
R343,1554094800,8,10,2,18,13,0.8772704551515126,-1.3449658668987932
R343,1554109200,212,215,3,427,13,0.8829146584475241,0.1804417431360326
R343,1554123600,326,212,-114,538,13,0.22254287281417043,0.5944276715317922
R343,1554138000,489,147,-342,636,13,-1.0643354786764676,0.9599287614667872
R343,1554152400,698,171,-527,869,13,-2.108513088438608,1.8289262508020303
R343,1554166800,147,37,-110,184,14,0.2544648548679859,-0.7304702640472085
R343,1554181200,9,5,-4,14,14,0.8369211704835507,-1.3031679345530907
R343,1554195600,213,207,-6,420,14,0.8259314286794834,0.0645688550080162
R343,1554210000,329,212,-117,541,14,0.2160007585537505,0.4721948440151441
R343,1554224400,535,198,-337,733,14,-0.9928708398936482,1.1190063307041405
R343,1554238800,770,162,-608,932,14,-2.481980854344762,1.7893994861786735
R343,1554253200,175,38,-137,213,14,0.10610334051307789,-0.6327747790785581
R343,1554267600,14,6,-8,20,14,0.8149416868754162,-1.2829550755940595
R343,1554282000,219,205,-14,424,14,0.7819724614632144,0.07804409431403696
R343,1554296400,347,259,-88,606,14,0.3753520147127258,0.6911674827379815
R343,1554310800,552,188,-364,740,14,-1.1412323542485563,1.1425879994896768
R343,1554325200,731,187,-544,918,14,-2.1303091166146095,1.7422361486076008
R343,1554339600,182,34,-148,216,14,0.04565976059070795,-0.6226683495990425
R343,1554354000,22,9,-13,31,14,0.787467332365248,-1.2458981675025025
R343,1554368400,211,198,-13,409,14,0.787467332365248,0.027511946916459112
R343,1554382800,384,213,-171,597,14,-0.08072227015606555,0.6608481942994348
R343,1554397200,564,192,-372,756,14,-1.1851913214648253,1.1964889567137598
R343,1554411600,780,199,-581,979,14,-2.333619339989854,1.9477335480244173
R343,1554426000,180,53,-127,233,14,0.16105204953341418,-0.5653985825484542
R343,1554440400,17,8,-9,25,14,0.8094468159733825,-1.2661110264615336
R343,1554454800,187,185,-2,372,14,0.847910912287618,-0.0971340166642329
R343,1554469200,378,215,-163,593,14,-0.03676330293979651,0.647372954993414
R343,1554483600,605,186,-419,791,14,-1.443450253860406,1.3143973006414416
R343,1554498000,679,206,-473,885,14,-1.7401732825702219,1.6310654243329292
R343,1554512400,172,48,-124,220,14,0.1775366622395151,-0.6091931102930217
R343,1554526800,19,8,-11,27,14,0.7984570741693153,-1.2593734068085232
R343,1554541200,54,42,-12,96,14,0.7929622032672817,-1.0269255287796653
R343,1554555600,155,140,-15,295,14,0.7764775905611808,-0.3565323733051325
R343,1554570000,280,181,-99,461,14,0.31490843479035585,0.20269005789472896
R343,1554584400,228,119,-109,347,14,0.2599597257700195,-0.18135426232686264
R343,1554598800,166,78,-88,244,14,0.3753520147127258,-0.5283416744568972
R343,1554613200,34,13,-21,47,14,0.743508365148979,-1.1919972102784195
R343,1554627600,21,31,10,52,14,0.9138493631120216,-1.1751531611458936
R343,1554642000,126,117,-9,243,14,0.8094468159733825,-0.5317104842834024
R343,1554656400,213,83,-130,296,14,0.1445674368273133,-0.3531635634786273
R343,1554670800,161,61,-100,222,14,0.3094135638883222,-0.6024554906400114
R343,1554685200,67,27,-40,94,14,0.63910581801034,-1.0336631484326755
R343,1554699600,9,5,-4,14,14,0.8369211704835507,-1.3031679345530907
R343,1554714000,216,210,-6,426,14,0.8259314286794834,0.08478171396704733
R343,1554728400,328,214,-114,542,14,0.2324853712598514,0.47556365384164934
R343,1554742800,492,164,-328,656,14,-0.9434170017753455,0.859607974063241
R343,1554757200,729,192,-537,921,14,-2.0918450203003744,1.7523425780871162
R343,1554771600,154,19,-135,173,15,0.07367465902383177,-0.8027135105653735
R343,1554786000,15,6,-9,21,15,0.7723956187982368,-1.3170173093860624
R343,1554800400,214,208,-6,422,15,0.7890318321261989,0.03979731776588664
R343,1554814800,379,252,-127,631,15,0.11803789456506385,0.7469650411443339
R343,1554829200,534,192,-342,726,15,-1.074224060605548,1.0684049154072646
R343,1554843600,784,176,-608,960,15,-2.549301642351514,1.8601620793812201
R343,1554858000,154,20,-134,174,15,0.07922006346648579,-0.7993299329415532
R343,1554872400,17,11,-6,28,15,0.7890318321261989,-1.2933322660193203
R343,1554886800,218,216,-2,434,15,0.8112134498968149,0.0804002492517305
R343,1554901200,376,257,-119,633,15,0.16240113010629592,0.7537321963919745
R343,1554915600,533,211,-322,744,15,-0.9633159717524677,1.1293093126360303
R343,1554930000,760,166,-594,926,15,-2.471665980154358,1.7451204401713292
R343,1554944400,186,31,-155,217,15,-0.037233429829248384,-0.6538360951172794
R343,1554958800,18,7,-11,25,15,0.7613048099129288,-1.3034829988907812
R343,1554973200,208,206,-2,414,15,0.8112134498968149,0.01272869677532406
R343,1554987600,381,214,-167,595,15,-0.10377828314109648,0.6251562466868024
R343,1555002000,549,213,-336,762,15,-1.0409516339496239,1.190213709864796
R343,1555016400,758,209,-549,967,15,-2.2221227802349275,1.8838471227479623
R343,1555030800,184,37,-147,221,15,0.00712980571198368,-0.640301784621998
R343,1555045200,17,7,-10,24,15,0.7668502143555828,-1.3068665765146015
R343,1555059600,186,188,2,374,15,0.8333950676674309,-0.12261440817748882
R343,1555074000,323,240,-83,563,15,0.3620356900418402,0.516881762724552
R343,1555088400,556,196,-360,752,15,-1.17404134057332,1.156377933626593
R343,1555102800,667,196,-471,863,15,-1.789581233707915,1.5319550498706487
R343,1555117200,165,66,-99,231,15,0.2733092189593761,-0.6064660083837948
R343,1555131600,26,6,-20,32,15,0.7113961699290428,-1.2797979555240389
R343,1555146000,38,74,36,112,15,1.0219388187176672,-1.009111745618413
R343,1555160400,251,278,27,529,15,0.9720301787337812,0.4018401235146611
R343,1555174800,276,145,-131,421,15,0.09585627679444782,0.03641374014206631
R343,1555189200,229,174,-55,403,15,0.5173070144361525,-0.024490657086699483
R343,1555203600,131,52,-79,183,15,0.3842173078124562,-0.7688777343271703
R343,1555218000,35,20,-15,55,15,0.7391231921423128,-1.2019756701761715
R343,1555232400,28,25,-3,53,15,0.8056680454541608,-1.2087428254238122
R343,1555246800,132,103,-29,235,15,0.6614875299451567,-0.5929316978885136
R343,1555261200,235,120,-115,355,15,0.18458274787691195,-0.18690238303007495
R343,1555275600,173,124,-49,297,15,0.5505794410920765,-0.3831498852116536
R343,1555290000,86,23,-63,109,15,0.4729437788949204,-1.019262478489874
R343,1555304400,2,7,5,9,15,0.8500312809953929,-1.3576202408719062
R343,1555318800,208,197,-11,405,15,0.7613048099129288,-0.01772350183905884
R343,1555333200,364,243,-121,607,15,0.1513103212209879,0.6657591781726462
R343,1555347600,491,204,-287,695,15,-0.7692268162595775,0.9635140090688346
R343,1555362000,688,162,-526,850,15,-2.0945784780538856,1.4879685407609844
R343,1555376400,143,24,-119,167,16,0.13982783605012883,-0.688196823085468
R343,1555390800,11,6,-5,17,16,0.8073210354599163,-1.197373568292567
R343,1555405200,220,200,-20,420,16,0.719492982905997,0.17061462049717238
R343,1555419600,345,272,-73,617,16,0.40916719721548167,0.8393334125358292
R343,1555434000,553,213,-340,766,16,-1.1541721382442838,1.3451156461082143
R343,1555448400,779,171,-608,950,16,-2.7233666772076437,1.9697057868955892
R343,1555462800,185,27,-158,212,16,-0.08852510059006163,-0.5354437995233383
R343,1555477200,30,11,-19,41,16,0.7253481864095915,-1.1159052890594312
R343,1555491600,210,207,-3,417,16,0.8190314424671056,0.1604310855930304
R343,1555506000,365,246,-119,611,16,0.13982783605012883,0.8189663427275452
R343,1555520400,568,191,-377,759,16,-1.370814667877285,1.3213540646652162
R343,1555534800,741,199,-542,940,16,-2.3369232459703984,1.9357606705484494
R343,1555549200,185,34,-151,219,16,-0.04753867606489924,-0.5116822180803403
R343,1555563600,19,6,-13,25,16,0.7604794074311593,-1.170217475214855
R343,1555578000,190,192,2,382,16,0.8483074599850787,0.04162317837804063
R343,1555592400,359,247,-112,606,16,0.1808142605752912,0.8019937845539752
R343,1555606800,560,223,-337,783,16,-1.1366065277334998,1.402822343898352
R343,1555621200,779,257,-522,1036,16,-2.2198191758985057,2.2616337874809926
R343,1555635600,207,49,-158,256,16,-0.08852510059006163,-0.3860852875959226
R343,1555650000,24,11,-13,35,16,0.7604794074311593,-1.1362723588677153
R343,1555664400,91,100,9,191,16,0.889293884510241,-0.6067285438523322
R343,1555678800,292,195,-97,487,16,0.2686423131292106,0.39804690002300996
R343,1555693200,516,182,-334,698,16,-1.119040917222716,1.1142888549476626
R343,1555707600,367,153,-214,520,16,-0.4164164967913607,0.5100657839685717
R343,1555722000,142,35,-107,177,16,0.21009027809326436,-0.6542517067383281
R343,1555736400,29,8,-21,37,16,0.7136377794024023,-1.1294833355982872
R343,1555750800,26,30,4,56,16,0.860017866992268,-1.0649876145387214
R343,1555765200,142,105,-37,247,16,0.6199545233448882,-0.4166358923083485
R343,1555779600,225,97,-128,322,16,0.08713100451777718,-0.162047519704799
R343,1555794000,176,106,-70,282,16,0.42673280772626554,-0.2978279850933587
R343,1555808400,99,31,-68,130,16,0.4384432147334548,-0.8137937535698858
R343,1555822800,13,9,-4,22,16,0.813176238963511,-1.1804010101189972
R343,1555837200,22,18,-4,40,16,0.813176238963511,-1.1192998006941453
R343,1555851600,117,87,-30,204,16,0.6609409478700506,-0.5625998926010503
R343,1555866000,154,74,-80,228,16,0.3681807726903193,-0.48113161336791443
R343,1555880400,139,59,-80,198,16,0.3681807726903193,-0.5829669624093342
R343,1555894800,78,23,-55,101,16,0.514560860280185,-0.9122345909765917
R343,1555909200,5,5,0,10,16,0.8365970529778894,-1.2211351497355651
R343,1555923600,169,163,-6,332,16,0.8014658319563217,-0.12810240335765907
R343,1555938000,308,217,-91,525,16,0.3037735341507784,0.5270383421421417
R343,1555952400,501,146,-355,647,16,-1.2420001907982032,0.9411687615772489
R343,1555966800,681,135,-546,816,16,-2.3603440599847767,1.5148412278439138
R343,1555981200,150,19,-131,169,17,0.12971949028642746,-0.7765193527190409
R343,1555995600,13,9,-4,22,17,0.8401134956127145,-1.267329189296371
R343,1556010000,195,191,-4,386,17,0.8401134956127145,-0.051990546342982426
R343,1556024400,322,222,-100,544,17,0.3031227514290645,0.4755465569170049
R343,1556038800,550,171,-379,721,17,-1.2575065988546685,1.0665216662652186
R343,1556053200,757,206,-551,963,17,-2.2196150155170415,1.8745215332836802
R343,1556067600,176,37,-139,213,17,0.08497026160445662,-0.6296102859884116
R343,1556082000,18,8,-10,26,17,0.8065515741012365,-1.2539738195935866
R343,1556096400,192,199,7,391,17,0.9016436850504245,-0.03529633421450181
R343,1556110800,338,254,-84,592,17,0.39262120879300616,0.6358109933504188
R343,1556125200,554,212,-342,766,17,-1.0505414162005535,1.2167695754215442
R343,1556139600,745,158,-587,903,17,-2.4209865445859107,1.6741909877419128
R343,1556154000,177,32,-145,209,17,0.05140834009297848,-0.6429656556911961
R343,1556168400,14,11,-3,25,17,0.8457071491979609,-1.2573126620192825
R343,1556182800,194,195,1,389,17,0.8680817635389463,-0.041974019065894055
R343,1556197200,385,240,-145,625,17,0.05140834009297848,0.7459927933983909
R343,1556211600,571,231,-340,802,17,-1.0393541090300609,1.3369679027466044
R343,1556226000,802,222,-580,1024,17,-2.381830969489186,2.0781909212511436
R343,1556240400,200,30,-170,230,17,-0.0884329995381804,-0.5728499647515775
R343,1556254800,16,6,-10,22,17,0.8065515741012365,-1.267329189296371
R343,1556269200,169,203,34,372,17,1.052672331852076,-0.09873434030272814
R343,1556283600,348,249,-99,597,17,0.3087164050143108,0.6525052054788993
R343,1556298000,560,221,-339,781,17,-1.0337604554448143,1.2668522118069858
R343,1556312400,646,217,-429,863,17,-1.5371892781169865,1.540637290714068
R343,1556326800,186,39,-147,225,17,0.04022103292248577,-0.5895441768800581
R343,1556341200,30,6,-24,36,17,0.7282404239077874,-1.2205853953366252
R343,1556355600,46,31,-15,77,17,0.7785833061750047,-1.0836928558830843
R343,1556370000,171,128,-43,299,17,0.6219610057881068,-0.3424698373785451
R343,1556384400,244,118,-126,362,17,0.15768775821265923,-0.13212276455968935
R343,1556398800,280,126,-154,406,17,0.0010654578257612863,0.014786302170940025
R343,1556413200,148,67,-81,215,17,0.4094021695487452,-0.6229326011370193
R343,1556427600,24,5,-19,29,17,0.7562086918340193,-1.243957292316498
R343,1556442000,21,21,0,42,17,0.8624881099537,-1.2005523407824485
R343,1556456400,137,104,-33,241,17,0.6778975416405703,-0.5361226980689202
R343,1556470800,215,110,-105,325,17,0.27515448350283267,-0.25565993431044587
R343,1556485200,186,96,-90,282,17,0.35905928728152803,-0.39923015861537914
R343,1556499600,102,27,-75,129,17,0.44296409106022333,-0.9100730497468859
R343,1556514000,10,5,-5,15,17,0.8345198420274682,-1.2907010862762438
R343,1556528400,215,208,-7,423,17,0.8233325348569756,0.07154662340777411
R343,1556542800,327,245,-82,572,17,0.40380851596349887,0.5690341448364963
R343,1556557200,518,152,-366,670,17,-1.184789102246466,0.8962407025547163
R343,1556571600,719,164,-555,883,17,-2.2419896298580273,1.6074141392279904
R343,1556586000,150,16,-134,166,18,0.054534710667181574,-0.7422926404963545
R343,1556600400,13,8,-5,21,18,0.8341364584106906,-1.2173911355696914
R343,1556614800,213,197,-16,410,18,0.7676587899984535,0.057183447764984574
R343,1556629200,354,282,-72,636,18,0.42922702353615494,0.7976817918103233
R343,1556643600,506,239,-267,745,18,-0.7492407346807775,1.154824798451659
R343,1556658000,752,216,-536,968,18,-2.3749218985800327,1.8854935184609978
R343,1556672400,176,23,-153,199,18,-0.06029035295395543,-0.6341667761003538
R343,1556686800,20,6,-14,26,18,0.7797456388006784,-1.2010084288430245
R343,1556701200,211,203,-8,414,18,0.8160061852073532,0.070289613146318
R343,1556715600,337,260,-77,597,18,0.39900990153059257,0.6698966793423223
R343,1556730000,550,211,-339,761,18,-1.1843672915608756,1.207249459976993
R343,1556744400,744,205,-539,949,18,-2.39305217178337,1.823239232899664
R343,1556758800,181,24,-157,205,18,-0.08446405055840532,-0.6145075280283536
R343,1556773200,23,9,-14,32,18,0.7797456388006784,-1.1813491807710244
R343,1556787600,220,176,-44,396,18,0.5984429067673042,0.011311868930317577
R343,1556802000,327,249,-78,576,18,0.3929664771294801,0.6010893110903218
R343,1556816400,543,272,-271,815,18,-0.7734144322852273,1.384182692624994
R343,1556830800,758,239,-519,997,18,-2.2721836837611207,1.980513217475665
R343,1556845200,221,29,-192,250,18,-0.2959839045973419,-0.4670631674883525
R343,1556859600,22,8,-14,30,18,0.7797456388006784,-1.1879022634616911
R343,1556874000,204,178,-26,382,18,0.7072245459873288,-0.03455970990434942
R343,1556888400,323,254,-69,577,18,0.44735729673949237,0.6043658524356552
R343,1556902800,537,196,-341,733,18,-1.1964541403631004,1.1155063023076588
R343,1556917200,627,235,-392,862,18,-1.5046687848198366,1.538180135855662
R343,1556931600,167,31,-136,198,18,0.042447861864956624,-0.637443317445687
R343,1556946000,31,20,-11,51,18,0.7978759120040159,-1.1190948952096906
R343,1556960400,30,41,11,71,18,0.9308312488284902,-1.0535640683030234
R343,1556974800,155,131,-24,286,18,0.7193113947895536,-0.3491076790563517
R343,1556989200,231,108,-123,339,18,0.12101237907941878,-0.17545098775368376
R343,1557003600,203,53,-150,256,18,-0.042160079750618,-0.4474039194163524
R343,1557018000,127,28,-99,155,18,0.26605456470611816,-0.7783345952950215
R343,1557032400,21,6,-15,27,18,0.7737022143995659,-1.1977318874976912
R343,1557046800,27,38,11,65,18,0.9308312488284902,-1.0732233163750236
R343,1557061200,138,119,-19,257,18,0.749528516795116,-0.44412737807101904
R343,1557075600,173,98,-75,271,18,0.4110967503328175,-0.398255799236352
R343,1557090000,108,51,-57,159,18,0.519878389552842,-0.765228429913688
R343,1557104400,64,16,-48,80,18,0.5742692091628543,-1.0240751961950232
R343,1557118800,9,6,-3,15,18,0.8462233072129156,-1.2370503836416915
R343,1557133200,213,165,-48,378,18,0.5742692091628543,-0.04766587528568285
R343,1557147600,316,264,-52,580,18,0.5500955115584044,0.6141954764716553
R343,1557162000,489,149,-340,638,18,-1.1904107159619879,0.80423487450099
R343,1557176400,733,181,-552,914,18,-2.4716166889978326,1.7085602858129965
R343,1557190800,138,27,-111,165,19,0.17958311035628685,-0.6625723489141138
R343,1557205200,20,9,-11,29,19,0.6615313937405711,-1.0783268536924744
R343,1557219600,211,161,-50,372,19,0.4735715632207002,-0.029769536494108823
R343,1557234000,320,232,-88,552,19,0.2904312155346722,0.5204937786537216
R343,1557248400,519,193,-326,712,19,-0.8566056989199242,1.009616725451793
R343,1557262800,748,174,-574,922,19,-2.0518374417129492,1.651590593124262
R343,1557277200,180,31,-149,211,19,-0.0035572373297411584,-0.5219495017096683
R343,1557291600,17,6,-11,23,19,0.6615313937405711,-1.0966689641974021
R343,1557306000,211,166,-45,377,19,0.49766897738991445,-0.014484444406669088
R343,1557320400,313,248,-65,561,19,0.4012793207130576,0.5480069444111131
R343,1557334800,519,204,-315,723,19,-0.8035913877476529,1.0432439280441603
R343,1557349200,689,233,-456,922,19,-1.4831384673194938,1.651590593124262
R343,1557363600,176,39,-137,215,19,0.05427655667637295,-0.5097214280397164
R343,1557378000,24,6,-18,30,19,0.6277950139036712,-1.0752698352749865
R343,1557392400,234,167,-67,401,19,0.3916403550453719,0.05888399761304163
R343,1557406800,336,253,-83,589,19,0.31452862970388645,0.6336034601007756
R343,1557421200,137,189,52,326,19,0.9651588122726702,-0.17039238369855436
R343,1557435600,1288,245,-1043,1533,19,-4.312174890785242,3.519428846209397
R343,1557450000,177,30,-147,207,19,0.006081728337944526,-0.53417757537962
R343,1557464400,21,6,-15,27,19,0.6422534624051998,-1.0844408905274503
R343,1557478800,182,153,-29,335,19,0.5747807027313999,-0.14287921794116284
R343,1557493200,286,237,-49,523,19,0.4783910460545431,0.4318402445465711
R343,1557507600,541,196,-345,737,19,-0.9481758727629382,1.0860421858889917
R343,1557522000,597,175,-422,772,19,-1.319276050968837,1.1930378305010698
R343,1557536400,150,48,-102,198,19,0.22295845586087243,-0.5616907411370116
R343,1557550800,30,5,-25,35,19,0.5940586340667713,-1.0599847431875469
R343,1557565200,32,32,0,64,19,0.7145457049128423,-0.9713312090803964
R343,1557579600,135,113,-22,248,19,0.6085170825682998,-0.4088398202626142
R343,1557594000,216,122,-94,338,19,0.26151431853161516,-0.133708162688699
R343,1557608400,234,98,-136,332,19,0.05909603951021579,-0.15205027319362668
R343,1557622800,113,41,-72,154,19,0.3675429408761577,-0.6961995515064812
R343,1557637200,22,10,-12,32,19,0.6567119109067282,-1.0691557984400106
R343,1557651600,24,25,1,49,19,0.7193651877466852,-1.0171864853427155
R343,1557666000,120,103,-17,223,19,0.632614496737514,-0.48526528069981284
R343,1557680400,186,68,-118,254,19,0.14584673051938696,-0.3904977097576865
R343,1557694800,111,56,-55,167,19,0.449474149051486,-0.6564583120791379
R343,1557709200,62,23,-39,85,19,0.5265858743929714,-0.9071338223131494
R343,1557723600,6,7,1,13,19,0.7193651877466852,-1.1272391483722817
R343,1557738000,208,182,-26,390,19,0.5892391512329285,0.025256795020674218
R343,1557752400,355,201,-154,556,19,-0.02765465149895537,0.5327218523236733
R343,1557766800,483,203,-280,686,19,-0.6349094885631535,0.9301342465971064
R343,1557781200,759,186,-573,945,19,-2.047017958879106,1.7219020167264847
R343,1557795600,155,41,-114,196,20,0.24634155755448836,-0.6614868838450508
R343,1557810000,19,8,-11,27,20,0.854602732201016,-1.2185863026314974
R343,1557824400,217,184,-33,401,20,0.7246828696551557,0.014284600481703692
R343,1557838800,366,248,-118,614,20,0.22271976436433194,0.7164276549285267
R343,1557853200,548,189,-359,737,20,-1.200493275342592,1.1218905455245796
R343,1557867600,790,202,-588,992,20,-2.552840935479047,1.9624843431017618
R343,1557882000,147,27,-120,174,20,0.21090886776925374,-0.7340087016752391
R343,1557896400,16,6,-10,22,20,0.8605081804985552,-1.2350685339565401
R343,1557910800,231,191,-40,422,20,0.6833447315723821,0.08350997204688343
R343,1557925200,368,190,-178,558,20,-0.13160713348801426,0.5318266640880475
R343,1557939600,604,195,-409,799,20,-1.495765690219547,1.3262702139551101
R343,1557954000,759,215,-544,974,20,-2.293001210387326,1.9031483103316078
R343,1557968400,175,45,-130,220,20,0.1518543847938627,-0.5823721734848455
R343,1557982800,26,14,-12,40,20,0.8486972839034769,-1.175732501186386
R343,1557997200,223,152,-71,375,20,0.5002758343486698,-0.07142300240851884
R343,1558011600,340,227,-113,567,20,0.2522470058520275,0.5614946804731245
R343,1558026000,570,212,-358,782,20,-1.194587827045053,1.2702306274499646
R343,1558040400,756,245,-511,1001,20,-2.0981214165685356,1.9921523594868389
R343,1558054800,210,46,-164,256,20,-0.04893085732246681,-0.4637001079445373
R343,1558069200,20,9,-11,29,20,0.854602732201016,-1.2119934101014802
R343,1558083600,206,143,-63,349,20,0.5475194207289826,-0.15713060529874137
R343,1558098000,347,218,-129,565,20,0.15775983309140182,0.5549017879431073
R343,1558112400,554,211,-343,765,20,-1.1060061025819663,1.2141910409448191
R343,1558126800,613,224,-389,837,20,-1.3776567242687652,1.4515351720254352
R343,1558141200,170,31,-139,201,20,0.09870535011601078,-0.645004652520008
R343,1558155600,27,6,-21,33,20,0.795548249225625,-1.198807625041446
R343,1558170000,33,40,7,73,20,0.9609008015567199,-1.0669497744411036
R343,1558184400,173,108,-65,281,20,0.5357085241339045,-0.3812889513193234
R343,1558198800,269,157,-112,426,20,0.25815245414956656,0.09669575710691766
R343,1558213200,201,135,-66,336,20,0.5298030758363653,-0.19998440674385262
R343,1558227600,134,40,-94,174,20,0.3644505235052704,-0.7340087016752391
R343,1558242000,24,9,-15,33,20,0.8309809390108596,-1.198807625041446
R343,1558256400,21,31,10,52,20,0.9786171464493372,-1.1361751460062834
R343,1558270800,100,95,-5,195,20,0.8900354219862506,-0.6647833301100594
R343,1558285200,194,106,-88,300,20,0.3998832132905051,-0.3186564722841608
R343,1558299600,162,99,-63,261,20,0.5475194207289826,-0.4472178766194945
R343,1558314000,83,18,-65,101,20,0.5357085241339045,-0.974649279020864
R343,1558328400,7,4,-3,11,20,0.9018463185813288,-1.2713294428716342
R343,1558342800,196,174,-22,370,20,0.7896428009280859,-0.08790523373356163
R343,1558357200,331,192,-139,523,20,0.09870535011601078,0.41645104481274786
R343,1558371600,511,208,-303,719,20,-0.8697881706804022,1.0625545127544254
R343,1558386000,704,165,-539,869,20,-2.2634739688996306,1.5570214525057091
R343,1558400400,161,24,-137,185,21,-0.09260886997281065,-0.4980892011727888
R343,1558414800,14,10,-4,24,21,0.7993103501446381,-1.0712817093978395
R343,1558429200,250,159,-91,409,21,0.21587446931593102,0.29939602766206425
R343,1558443600,346,239,-107,585,21,0.10857591651984697,0.9259915646037344
R343,1558458000,525,182,-343,707,21,-1.4740777372223928,1.3603361981655742
R343,1558472400,780,226,-554,1006,21,-2.8890774022207513,2.4248365705835253
R343,1558486800,170,30,-140,200,21,-0.11272734862207641,-0.4446861724561692
R343,1558501200,15,8,-7,23,21,0.7791918714953724,-1.0748419113122807
R343,1558515600,231,176,-55,407,21,0.45729621310712015,0.2922756238331816
R343,1558530000,313,219,-94,532,21,0.19575599066666527,0.7373008631383451
R343,1558544400,506,222,-284,728,21,-1.0784143237868329,1.4351004383688415
R343,1558558800,726,225,-501,951,21,-2.533650946083723,2.2290254652892534
R343,1558573200,176,47,-129,223,21,-0.03895959357476862,-0.3628015284240191
R343,1558587600,32,11,-21,43,21,0.6853056377987988,-1.0036378730234545
R343,1558602000,227,162,-65,389,21,0.3902346176095676,0.22819198937323806
R343,1558616400,350,245,-105,595,21,0.12198823561935747,0.9615935837481475
R343,1558630800,582,199,-383,781,21,-1.742324119212603,1.6237911398342308
R343,1558645200,685,163,-522,848,21,-2.6744802966285834,1.8623246681017984
R343,1558659600,157,39,-118,196,21,0.03480816147253917,-0.4589269801139344
R343,1558674000,24,8,-16,32,21,0.718836435547575,-1.042800094082309
R343,1558688400,170,153,-17,323,21,0.7121302759978199,-0.006781336979888283
R343,1558702800,289,182,-107,471,21,0.10857591651984697,0.5201285463574253
R343,1558717200,596,245,-351,841,21,-1.5277270136204348,1.8374032547007093
R343,1558731600,419,116,-303,535,21,-1.2058313552321827,0.747981468881669
R343,1558746000,130,30,-100,160,21,0.15551903336813375,-0.5870942490338216
R343,1558760400,35,10,-25,45,21,0.6584809995997778,-0.996517469194572
R343,1558774800,27,22,-5,49,21,0.7926041905948829,-0.9822766615368067
R343,1558789200,103,87,-16,190,21,0.718836435547575,-0.4802881916005823
R343,1558803600,184,107,-77,291,21,0.3097607030125046,-0.12070779824201014
R343,1558818000,157,80,-77,237,21,0.3097607030125046,-0.3129587016218408
R343,1558832400,100,30,-70,130,21,0.35670381986079136,-0.6939003064670608
R343,1558846800,22,6,-16,28,21,0.718836435547575,-1.0570409017400741
R343,1558861200,19,18,-1,37,21,0.8194288287939039,-1.0249990845101025
R343,1558875600,91,93,2,184,21,0.8395473074431696,-0.5016494030872302
R343,1558890000,169,83,-86,252,21,0.24940526706470728,-0.2595556729052212
R343,1558904400,135,82,-53,217,21,0.47070853220663067,-0.38416273991066696
R343,1558918800,75,22,-53,97,21,0.47070853220663067,-0.8113869696436239
R343,1558933200,9,5,-4,14,21,0.7993103501446381,-1.1068837285422526
R343,1558947600,25,18,-7,43,21,0.7791918714953724,-1.0036378730234545
R343,1558962000,77,90,13,167,21,0.9133150624904776,-0.5621728356327323
R343,1558976400,179,85,-94,264,21,0.19575599066666527,-0.21683324993192546
R343,1558990800,129,78,-51,207,21,0.4841208513061412,-0.41976475905508004
R343,1559005200,77,20,-57,97,22,0.5381537555107596,-0.9620652293197925
R343,1559019600,10,9,-1,19,22,0.8676871147821229,-1.2285508716003066
R343,1559034000,228,181,-47,409,22,0.5969989982377887,0.10387733980226398
R343,1559048400,312,166,-146,478,22,0.014431095240200071,0.3396146387427188
R343,1559062800,492,188,-304,680,22,-0.9153237398468607,1.0297441225973836
R343,1559077200,657,193,-464,850,22,-1.8568476234793272,1.6105461634651708
R343,1559091600,135,22,-113,157,22,0.2086203962393963,-0.757076273719397
R343,1559106000,14,3,-11,17,22,0.8088418720550937,-1.2353838367869865
R343,1559120400,242,162,-80,404,22,0.4028096972385925,0.08679492683556435
R343,1559134800,340,217,-123,557,22,0.14977515351236714,0.6095167636165728
R343,1559149200,514,212,-302,726,22,-0.9035546913014548,1.1869023218910202
R343,1559163600,811,217,-594,1028,22,-2.621835778930706,2.218680065079677
R343,1559178000,142,23,-119,165,22,0.1733132506031788,-0.7297444129726777
R343,1559192400,15,6,-9,21,22,0.8206109206004996,-1.2217179064136268
R343,1559206800,237,167,-70,404,22,0.4616549399656217,0.08679492683556435
R343,1559221200,387,195,-192,582,22,-0.256257021304134,0.694928828450071
R343,1559235600,519,190,-329,709,22,-1.0624368466644336,1.1288221178042415
R343,1559250000,795,198,-597,993,22,-2.6394893517488147,2.09910317431278
R343,1559264400,182,24,-158,206,22,-0.05618319603223492,-0.5896686266457407
R343,1559278800,28,10,-18,38,22,0.7676502021461733,-1.163637702326848
R343,1559293200,218,143,-75,361,22,0.4322323186021071,-0.06011382467805241
R343,1559307600,327,183,-144,510,22,0.026200143785605902,0.4489420817295964
R343,1559322000,554,181,-373,735,22,-1.3213559146633618,1.2176506652310795
R343,1559336400,571,206,-365,777,22,-1.2742797204817384,1.3611429341513563
R343,1559350800,159,65,-94,224,22,0.3204263574207517,-0.5281719399656221
R343,1559365200,34,15,-19,49,22,0.7617656778734704,-1.126056393800109
R343,1559379600,29,50,21,79,22,0.997146648781587,-1.0235619159999112
R343,1559394000,139,161,22,300,22,1.00303117305429,-0.2685192628717878
R343,1559408400,227,159,-68,386,22,0.4734239885110275,0.025298240155445708
R343,1559422800,203,128,-75,331,22,0.4322323186021071,-0.16260830247825014
R343,1559437200,111,53,-58,164,22,0.5322692312380567,-0.7331608955660176
R343,1559451600,18,12,-6,30,22,0.8382644934186083,-1.1909695630735675
R343,1559466000,19,21,2,40,22,0.8853406876002315,-1.1568047371401682
R343,1559480400,120,93,-27,213,22,0.714689483691847,-0.5657532484923613
R343,1559494800,204,106,-98,310,22,0.29688826032994003,-0.23435443693838856
R343,1559509200,152,110,-42,262,22,0.6264216196013033,-0.39834560141870495
R343,1559523600,60,33,-27,93,22,0.714689483691847,-0.9757311596931523
R343,1559538000,12,6,-6,18,22,0.8382644934186083,-1.2319673541936467
R343,1559552400,222,169,-53,391,22,0.5616918526015713,0.04238065312214533
R343,1559566800,299,198,-101,497,22,0.2792346875118313,0.4045278080161773
R343,1559581200,528,150,-378,678,22,-1.3507785360268765,1.0229111574107037
R343,1559595600,725,188,-537,913,22,-2.28641789538664,1.825784566845586
R343,1559610000,46,36,-10,82,23,0.7170196478061367,-0.8708692788862514
R343,1559624400,4,6,2,10,23,0.7803082471921775,-1.0951121858474253
R343,1559638800,224,175,-49,399,23,0.5113316998015042,0.11642240870669414
R343,1559653200,337,248,-89,585,23,0.3003697018480349,0.6957165850230597
R343,1559667600,557,192,-365,749,23,-1.155268084030903,1.206492095323511
R343,1559682000,1015,214,-801,1229,23,-3.4547538617237183,2.7014448083980027
R343,1559696400,62,38,-24,100,23,0.6431829485224225,-0.814808552145958
R343,1559710800,3,6,3,9,23,0.7855822971410142,-1.0982266706663304
R343,1559725200,224,156,-68,380,23,0.4111247507736063,0.0572471971474955
R343,1559739600,323,195,-128,518,23,0.09468175384340234,0.48704610215641186
R343,1559754000,530,191,-339,721,23,-1.0181427853611482,1.1192865203941658
R343,1559768400,762,227,-535,989,23,-2.0518565753331477,1.953968451860757
R343,1559782800,55,33,-22,88,23,0.653731048420096,-0.8521823699728203
R343,1559797200,5,6,1,11,23,0.7750341972433408,-1.09199770102852
R343,1559811600,202,155,-47,357,23,0.5218797996991776,-0.014385953687323894
R343,1559826000,335,241,-94,576,23,0.27399945210385124,0.6676862216529129
R343,1559840400,608,206,-402,814,23,-1.3504079321378624,1.4089336085523485
R343,1559854800,785,210,-575,995,23,-2.262818573286617,1.9726553607741881
R343,1559869200,63,47,-16,110,23,0.6853753481131163,-0.7836637039569061
R343,1559883600,7,6,-1,13,23,0.7644860973456673,-1.0857687313907096
R343,1559898000,199,136,-63,335,23,0.43749500051778994,-0.0829046197032381
R343,1559912400,250,186,-64,436,23,0.4322209505689532,0.2316583470061862
R343,1559926800,573,196,-377,769,23,-1.218556683416944,1.2687817917016149
R343,1559941200,612,197,-415,809,23,-1.4189705814727398,1.3933611844578224
R343,1559955600,150,28,-122,178,23,0.12632605353642273,-0.5718787362713531
R343,1559970000,27,6,-21,33,23,0.6590050983689327,-1.0234790350126057
R343,1559984400,32,53,21,85,23,0.8805151962200755,-0.8615258244295358
R343,1559998800,142,89,-53,231,23,0.49023550000615723,-0.40681104086937797
R343,1560013200,178,70,-108,248,23,0.20016275282013699,-0.3538647989479897
R343,1560027600,185,44,-141,229,23,0.026119104508524827,-0.41304001050718836
R343,1560042000,103,31,-72,134,23,0.39002855097825934,-0.7089160683031815
R343,1560056400,21,7,-14,28,23,0.6959234480107898,-1.0390514591071318
R343,1560070800,19,23,4,42,23,0.790856347089851,-0.9954486716424591
R343,1560085200,115,62,-53,177,23,0.49023550000615723,-0.5749932210902583
R343,1560099600,180,55,-125,235,23,0.11050390368991254,-0.3943531015937572
R343,1560114000,163,38,-125,201,23,0.11050390368991254,-0.5002455854365337
R343,1560128400,89,20,-69,109,23,0.40585070082476954,-0.7867781887758113
R343,1560142800,11,8,-3,19,23,0.7539379974479938,-1.0670818224772785
R343,1560157200,170,170,0,340,23,0.769760147294504,-0.06733219560871215
R343,1560171600,263,207,-56,470,23,0.47441335015964703,0.3375508308489627
R343,1560186000,404,139,-265,543,23,-0.62786308914723,0.5649082226290416
R343,1560200400,626,176,-450,802,23,-1.6035623296820254,1.3715597907254862
R343,1560214800,76,20,-56,96,24,-0.27826466353289325,-0.731317621929307
R343,1560229200,2,4,2,6,24,0.3033335521394602,-1.1544910793947154
R343,1560243600,181,144,-37,325,24,-0.08774111012298436,0.3454237309548989
R343,1560258000,259,214,-45,473,24,-0.16796155366399862,1.0413089721202373
R343,1560272400,457,163,-294,620,24,-2.664822858878068,1.7324922859804044
R343,1560286800,600,195,-405,795,24,-3.777881513009641,2.5553295643853655
R343,1560301200,44,32,-12,76,24,0.16294777594268522,-0.8253561680327312
R343,1560315600,4,8,4,12,24,0.32338866302471375,-1.1262795155636882
R343,1560330000,68,155,87,223,24,1.1556757647627367,-0.134172854172564
R343,1560333155,0,0,0,0,24,0.28327844125420665,-1.1827026432257428
R343,1560333238,31,83,52,114,24,0.8047113242707994,-0.6466829304362254
R343,1560340964,0,0,0,0,24,0.28327844125420665,-1.1827026432257428
R343,1560341047,69,112,43,181,24,0.7144633252871583,-0.3316538009897546
R343,1560344400,46,41,-5,87,24,0.23314066404107273,-0.7736349676758478
R343,1560358800,229,165,-64,394,24,-0.3584851070739075,0.6698567150117121
R343,1560373200,301,213,-88,514,24,-0.5991464376969503,1.2340879916322567
R343,1560387600,52,34,-18,86,24,0.10278244328692453,-0.7783368949810191
R343,1560402000,7,6,-1,13,24,0.27325088581157986,-1.121577588258517
R343,1560416400,92,151,59,243,24,0.8749042123691868,-0.04013430806913989
R343,1560430800,198,240,42,438,24,0.7044357698445315,0.8767415164392451
R343,1560445200,234,184,-50,418,24,-0.21809933087713254,0.782702970335821
R343,1560459600,279,220,-59,499,24,-0.30834732986077357,1.1635590820546886
R343,1560474000,59,46,-13,105,24,0.15292022050005843,-0.6890002761827662
R343,1560488400,4,9,5,13,24,0.33341621846734054,-1.121577588258517
R343,1560502800,60,121,61,181,24,0.8949593232544404,-0.3316538009897546
R343,1560517200,146,195,49,341,24,0.774628657942919,0.4206545678376382
R343,1560531600,223,181,-42,404,24,-0.13787888733611828,0.7168759880634241
R343,1560546000,196,190,-6,386,24,0.22311310859844594,0.6322412965703424
R343,1561165200,4134,4392,258,8526,25,3.294601911692069,4.116502294362595
R343,1561179600,11,13,2,24,25,-0.2961089703034499,-0.29896965651895374
R343,1561194000,12,33,21,45,25,-0.029610897030344988,-0.28806340963957094
R343,1561208400,57,92,35,149,25,0.16675610432878496,-0.2340515203321514
R343,1561222800,77,103,26,180,25,0.040520174883629995,-0.21795182255782442
R343,1561237200,75,75,0,150,25,-0.3241613990690399,-0.233532175242657
R343,1561251600,31,26,-5,57,25,-0.3942924709830149,-0.28183126856563795
R343,1561266000,9,6,-3,15,25,-0.3662400422174249,-0.30364376232440354
R343,1561280400,8,17,9,25,25,-0.19792546962388494,-0.2984503114294593
R343,1561294800,37,88,51,125,25,0.3911755344535049,-0.24651580248001745
R343,1561309200,54,62,8,116,25,-0.21195168400667994,-0.2511899082854672
R343,1561323600,36,71,35,107,25,0.16675610432878496,-0.25586401409091697
R343,1561338000,25,22,-3,47,25,-0.3662400422174249,-0.2870247194605821
R343,1561352400,5,8,3,13,25,-0.2820827559206549,-0.3046824525033924
R343,1561366800,61,128,67,189,25,0.6155949645782248,-0.21327771675237464
R343,1561381200,107,193,86,300,25,0.8820930378513298,-0.15563041181849416
R343,1561395600,208,145,-63,353,25,-1.2078129051851247,-0.12810512207528996
R343,1561410000,242,131,-111,373,25,-1.8810711955592845,-0.11771822028540159
R343,1561424400,33,18,-15,51,26,-0.5234978397746889,-0.9374254177695865
R343,1561438800,6,5,-1,11,26,-0.2671974819166397,-1.200386630301379
R343,1561453200,69,144,75,213,26,1.1241473178841987,0.1275674929841731
R343,1561467600,126,236,110,362,26,1.7648982125293216,1.1070980096651002
R343,1561482000,234,143,-91,377,26,-1.9148426395755276,1.2057084643645224
R343,1561496400,260,161,-99,421,26,-2.061299986922984,1.4949657981494942
R343,1561510800,35,26,-9,61,26,-0.4136548292640964,-0.8716851146366383
R343,1561525200,3,7,4,10,26,-0.1756616398244793,-1.2069606606146739
R343,1561539600,71,156,85,227,26,1.3072190020685195,0.21960391737030047
R343,1561554000,101,226,125,327,26,2.039505738805803,0.8770069486997817
R343,1561568400,240,215,-25,455,26,-0.7065695239590097,1.718482828801518
R343,1561582800,265,217,-48,482,26,-1.1276343975829477,1.8959816472604778
R343,1561597200,39,36,-3,75,26,-0.3038118187535039,-0.779648690250511
R343,1561611600,6,6,0,12,26,-0.24889031349820764,-1.1938125999880842
R343,1561626000,50,141,91,191,26,1.417062012579112,-0.01706117390831277
R343,1561640400,118,204,86,322,26,1.3255261704869516,0.8441367971333077
R343,1561654800,225,132,-93,357,26,-1.9514569764123917,1.074227858098626
R343,1561669200,243,222,-21,465,26,-0.6333408502852814,1.784223131934466
R343,1561683600,57,36,-21,93,26,-0.6333408502852814,-0.6613161446112044
R343,1561698000,8,8,0,16,26,-0.24889031349820764,-1.167516478734905
R343,1561712400,57,107,50,164,26,0.6664681074233967,-0.1945599923672727
R343,1561726800,119,199,80,318,26,1.2156831599763591,0.8178406758801284
R343,1561741200,228,165,-63,393,26,-1.4022419238594293,1.3108929493772394
R343,1561755600,172,209,37,381,26,0.4284749179837795,1.2320045856177015
R343,1561770000,48,35,-13,83,26,-0.48688350293782473,-0.7270564477441525
R343,1561784400,4,16,12,20,26,-0.029204292477022605,-1.1412203574817257
R343,1561798800,8,26,18,34,26,0.08063871803356991,-1.0491839330955983
R343,1561813200,48,107,59,155,26,0.8312326231892854,-0.25372626518692604
R343,1561827600,71,95,24,166,26,0.19048172854416243,-0.18141193174068307
R343,1561842000,64,100,36,164,26,0.41016774956534746,-0.1945599923672727
R343,1561856400,17,40,23,57,26,0.17217456012573035,-0.8979812358898176
R343,1561870800,6,17,11,23,26,-0.047511460895454695,-1.1214982665418411
R343,1561885200,7,17,10,24,26,-0.06581862931388678,-1.1149242362285465
R343,1561899600,40,55,15,95,26,0.02571721277827365,-0.6481680839846148
R343,1561914000,53,76,23,129,26,0.17217456012573035,-0.4246510533325911
R343,1561928400,49,80,31,129,26,0.31863190747318704,-0.4246510533325911
R343,1561942800,18,27,9,45,26,-0.08412579773231886,-0.9768695996493554
R343,1561957200,6,7,1,13,26,-0.23058314507977554,-1.1872385696747894
R343,1561971600,49,140,91,189,26,1.417062012579112,-0.030209234534902398
R343,1561986000,117,204,87,321,26,1.3438333389053836,0.8375627668200128
R343,1562000400,205,153,-52,358,26,-1.2008630712566761,1.0808018884119208
R343,1562014800,205,137,-68,342,26,-1.4937777659515896,0.9756174033992039
R343,1562029200,40,28,-12,68,27,-0.5775025895520987,-0.499887805551039
R343,1562043600,4,5,1,9,27,-0.2012898780955533,-0.970860879979005
R343,1562058000,52,137,85,189,27,2.229623026700586,0.4660061267503829
R343,1562063305,3,4,1,7,27,-0.2012898780955533,-0.9868260689426649
R343,1562072400,122,193,71,315,27,1.8244708759012291,1.4718130314609543
R343,1562086800,194,182,-12,376,27,-0.5775025895520987,1.9587512948525803
R343,1562101200,262,201,-61,463,27,-1.9955351173498461,2.653237014771784
R343,1562115600,39,42,3,81,27,-0.14341099940993096,-0.39611407728724984
R343,1562130000,5,10,5,15,27,-0.08553212072430859,-0.9229653130880254
R343,1562144400,52,114,62,166,27,1.5640159218159284,0.2824064536682944
R343,1562158800,108,171,63,279,27,1.5929553611587397,1.1844396301150768
R343,1562173200,220,154,-66,374,27,-2.140232314063902,1.9427861058889204
R343,1562187600,161,157,-4,318,27,-0.3459870748096092,1.495760814906444
R343,1562202000,41,35,-6,76,27,-0.4038659534952315,-0.43602704969639955
R343,1562216400,3,8,5,11,27,-0.08553212072430859,-0.9548956910153451
R343,1562230800,11,15,4,26,27,-0.11447156006711977,-0.8351567737878962
R343,1562245200,39,39,0,78,27,-0.23022931743836447,-0.42006186073273966
R343,1562259600,50,82,32,132,27,0.6958327415315932,0.010998241286076701
R343,1562274000,69,67,-2,136,27,-0.28810819612398686,0.042928619213396434
R343,1562288400,50,22,-28,72,27,-1.0405336190370775,-0.4679574276237193
R343,1562302800,2,10,8,12,27,0.0012861973041249366,-0.9469130965335152
R343,1562315521,2,3,1,5,27,-0.2012898780955533,-1.0027912579063247
R343,1562315602,0,0,0,0,27,-0.23022931743836447,-1.0427042303154743
R343,1562317200,23,55,32,78,27,0.6958327415315932,-0.42006186073273966
R343,1562331600,87,121,34,208,27,0.7537116202172155,0.6176754219051516
R343,1562346000,121,112,-9,233,27,-0.49068427152366506,0.8172402839508999
R343,1562360400,90,57,-33,147,27,-1.1852308157511333,0.1307371585135257
R343,1562374800,37,28,-9,65,27,-0.49068427152366506,-0.5238355889965288
R343,1562389200,4,5,1,9,27,-0.2012898780955533,-0.970860879979005
R343,1562403600,11,18,7,29,27,-0.02765324203868624,-0.8112089903424063
R343,1562418000,28,44,16,72,27,0.23280171204661435,-0.4679574276237193
R343,1562432400,77,71,-6,148,27,-0.4038659534952315,0.13871975299535563
R343,1562446800,43,66,23,109,27,0.4353777874462926,-0.17260143179601176
R343,1562461200,23,28,5,51,27,-0.08553212072430859,-0.6355919117421478
R343,1562475600,8,5,-3,13,27,-0.31704763546679804,-0.9389305020516853
R343,1562490000,6,13,7,19,27,-0.02765324203868624,-0.8910349351607056
R343,1562504400,30,49,19,79,27,0.3196200300750479,-0.41207926625090974
R343,1562518800,40,68,28,108,27,0.5800749841603485,-0.18058402627784167
R343,1562533200,42,56,14,98,27,0.174922833360992,-0.260409971096141
R343,1562547600,14,19,5,33,27,-0.08553212072430859,-0.7792786124150867
R343,1562562000,2,5,3,7,27,-0.14341099940993096,-0.9868260689426649
R343,1562576400,46,123,77,169,27,1.9981075119580964,0.30635423711378423
R343,1562590800,104,201,97,305,27,2.57689629881432,1.3919870866426551
R343,1562605200,163,109,-54,272,27,-1.792959041950168,1.1285614687422674
R343,1562619600,232,186,-46,418,27,-1.5614435272076785,2.294020263089437
R343,1562634000,36,60,24,96,28,0.2728418156111606,-0.6289377832939579
R343,1562648400,5,4,-1,9,28,-0.1411522687699357,-1.2634321676551181
R343,1562662800,57,162,105,219,28,1.6141826490059128,0.2681060014925099
R343,1562677200,103,230,127,333,28,1.9784974432612774,1.099512436172651
R343,1562691600,206,125,-81,331,28,-1.4659333387894438,1.084926358371245
R343,1562706000,221,168,-53,389,28,-1.002259964282616,1.5079226146120184
R343,1562720400,43,37,-6,80,28,-0.22395108564615496,-0.7456264057052058
R343,1562734800,6,8,2,14,28,-0.09147297864420413,-1.226966973151603
R343,1562749200,93,118,25,211,28,0.28940157898640445,0.209761690286886
R343,1562763600,136,206,70,342,28,1.0345909308723777,1.1651497862789777
R343,1562778000,199,129,-70,328,28,-1.2837759416617613,1.063047241669136
R343,1562792400,252,135,-117,387,28,-2.0620848202982223,1.4933365368106124
R343,1562806800,50,42,-8,92,28,-0.25707061239664264,-0.6581099388967699
R343,1562821200,3,6,3,9,28,-0.07491321526896028,-1.2634321676551181
R343,1562835600,50,131,81,181,28,1.2167483280000602,-0.009029476734203722
R343,1562850000,112,192,80,304,28,1.2001885646248165,0.8880143080522641
R343,1562864400,195,112,-83,307,28,-1.4990528655399316,0.9098934247543731
R343,1562878800,294,181,-113,475,28,-1.9958457667972471,2.1351239600724754
R343,1562893200,51,35,-16,86,28,-0.3895487193985935,-0.7018681723009879
R343,1562907600,8,7,-1,15,28,-0.1411522687699357,-1.2196739342509002
R343,1562922000,42,114,72,156,28,1.0677104576228655,-0.1913554492517785
R343,1562936400,114,185,71,299,28,1.0511506942476216,0.8515491135487492
R343,1562950800,209,163,-46,372,28,-0.886341620655909,1.3839409533000675
R343,1562965200,165,191,26,356,28,0.3059613423616483,1.2672523308888197
R343,1562979600,47,40,-7,87,28,-0.2405108490213988,-0.6945751334002849
R343,1562994000,6,5,-1,11,28,-0.1411522687699357,-1.2488460898537121
R343,1563008400,11,22,11,33,28,0.057564891732990536,-1.0883992340382465
R343,1563022800,43,104,61,147,28,0.8855530604951831,-0.25699279935810543
R343,1563037200,71,121,50,192,28,0.7033956633675007,0.07119395117352918
R343,1563051600,62,125,63,187,28,0.9186725872456708,0.034728756670014224
R343,1563066000,50,39,-11,89,28,-0.3067499025223742,-0.6799890555988789
R343,1563080400,4,7,3,11,28,-0.07491321526896028,-1.2488460898537121
R343,1563094800,5,11,6,16,28,-0.025233925143228725,-1.212380895350197
R343,1563109200,34,55,21,89,28,0.22316252548542906,-0.6799890555988789
R343,1563123600,51,80,29,131,28,0.35564063248737987,-0.37368142176935326
R343,1563138000,44,36,-8,80,28,-0.25707061239664264,-0.7456264057052058
R343,1563152400,16,18,2,34,28,-0.09147297864420413,-1.0811061951375434
R343,1563166800,2,4,2,6,28,-0.09147297864420413,-1.2853112843572272
R343,1563181200,47,139,92,186,28,1.3989057251277426,0.02743571776931123
R343,1563195600,106,205,99,311,28,1.5148240687544496,0.9390655803571851
R343,1563210000,184,109,-75,293,28,-1.3665747585379806,0.8077908801445313
R343,1563224400,236,124,-112,360,28,-1.9792860034220032,1.2964244864916317
R343,1563238800,44,19,-25,63,29,-0.217909446974698,-0.7628125629226019
R343,1563253200,2,4,2,6,29,0.24519685536151167,-1.163804788411993
R343,1563267600,51,125,74,176,29,1.4801469949247374,0.03213693673180524
R343,1563279700,5,4,-1,9,29,0.19374059954637726,-1.1426999344388673
R343,1563282000,110,180,70,290,29,1.4115386538378916,0.8341213877105876
R343,1563292067,3,1,-2,4,29,0.1765885142746658,-1.1778746910607436
R343,1563296400,216,136,-80,352,29,-1.1612741369188289,1.2702883698218552
R343,1563310800,252,159,-93,411,29,-1.3842512454510778,1.6853504979599971
R343,1563325200,51,26,-25,77,29,-0.217909446974698,-0.6643232443813479
R343,1563339600,5,7,2,12,29,0.24519685536151167,-1.1215950804657413
R343,1563354000,59,127,68,186,29,1.3772344832944687,0.10248644997555809
R343,1563368400,109,180,71,289,29,1.428690739109603,0.8270864363862124
R343,1563382800,226,125,-101,351,29,-1.5214679276247696,1.26325341849748
R343,1563397200,252,141,-111,393,29,-1.6929887803418844,1.558721374121242
R343,1563411600,62,45,-17,107,29,-0.08069276480100623,-0.4532747046500894
R343,1563426000,5,6,1,11,29,0.2280447700898002,-1.1286300317901166
R343,1563440400,53,130,77,183,29,1.5316032507398718,0.08138159600243224
R343,1563454800,130,186,56,316,29,1.171409460033931,1.017030122144345
R343,1563469200,242,146,-96,388,29,-1.4357075012662122,1.5235466174993655
R343,1563483600,251,140,-111,391,29,-1.6929887803418844,1.5446514714724913
R343,1563498000,44,23,-21,67,29,-0.14930110588785211,-0.7346727576251008
R343,1563512400,7,8,1,15,29,0.2280447700898002,-1.1004902264926155
R343,1563526800,45,101,56,146,29,1.171409460033931,-0.1789116029994533
R343,1563541200,96,172,76,268,29,1.5144511654681605,0.6793524585743314
R343,1563555600,231,130,-101,361,29,-1.5214679276247696,1.3336029317412328
R343,1563570000,115,74,-41,189,29,-0.49234281132208146,0.12359130394868394
R343,1563584400,59,31,-28,90,29,-0.2693657027898324,-0.5728688771644692
R343,1563598800,17,6,-11,23,29,0.022219746829262577,-1.0442106158976132
R343,1563613200,19,18,-1,37,29,0.19374059954637726,-0.9457212973563592
R343,1563627600,47,77,30,124,29,0.7254552429694329,-0.33368053213570953
R343,1563642000,82,52,-30,134,29,-0.3036698733332553,-0.2633310188919567
R343,1563656400,70,46,-24,116,29,-0.20075736170298653,-0.38996014273071183
R343,1563670800,49,35,-14,84,29,-0.02923650898587183,-0.6150785851107209
R343,1563685200,8,12,4,20,29,0.27950102590493464,-1.0653154698707392
R343,1563699600,11,13,2,24,29,0.24519685536151167,-1.037175664573238
R343,1563714000,42,67,25,109,29,0.6396948166108755,-0.4392048020013388
R343,1563728400,78,63,-15,141,29,-0.0463885942575833,-0.2140863596213297
R343,1563742800,66,46,-20,112,29,-0.13214902061614064,-0.41809994802821293
R343,1563757200,34,15,-19,49,29,-0.11499693534442917,-0.8613018814638559
R343,1563771600,5,7,2,12,29,0.24519685536151167,-1.1215950804657413
R343,1563786000,56,124,68,180,29,1.3772344832944687,0.06027674202930638
R343,1563800400,159,183,24,342,29,0.622542731339164,1.1999388565781024
R343,1563814800,260,141,-119,401,29,-1.8302054625155761,1.615000984716244
R343,1563829200,314,170,-144,484,29,-2.259007594308363,2.1989019446393927
R343,1563843600,72,17,-55,89,30,0.2632768864919914,-0.8953356692969658
R343,1563858000,10,7,-3,17,30,0.6799411764184472,-1.2199753652147147
R343,1563872400,86,135,49,221,30,1.096605466344903,-0.30016289344775976
R343,1563886800,211,202,-9,413,30,0.6318645275807793,0.5655429623329038
R343,1563901200,374,173,-201,547,30,-0.9065882352245962,1.1697335075131585
R343,1563915600,451,150,-301,601,30,-1.707865715852396,1.41321327945147
R343,1563930000,104,42,-62,146,30,0.20718746284804537,-0.6383292433620814
R343,1563944400,14,6,-8,20,30,0.6398773023870572,-1.206448711218142
R343,1563958800,109,152,43,261,30,1.0485288175072351,-0.11980750682678817
R343,1563973200,231,248,17,479,30,0.8401966725440072,0.8631293502575068
R343,1563987600,423,162,-261,585,30,-1.387354723601276,1.3410711248030815
R343,1564002000,545,161,-384,706,30,-2.3729260247734696,1.8866461693315204
R343,1564016400,145,43,-102,188,30,-0.1133235294030745,-0.44895608741006127
R343,1564030800,17,5,-12,22,30,0.6078262031619452,-1.1974309418870932
R343,1564045200,114,142,28,256,30,0.9283371954130651,-0.1423519301544096
R343,1564059600,243,217,-26,460,30,0.4956473558740533,0.7774605416125453
R343,1564074000,451,158,-293,609,30,-1.6437635174021719,1.4492843567756644
R343,1564088400,578,219,-359,797,30,-2.1726066546165197,2.2969546738942306
R343,1564102800,181,57,-124,238,30,-0.2896045751411904,-0.22351185413384683
R343,1564117200,11,4,-7,15,30,0.6478900771933352,-1.2289931345457632
R343,1564131600,93,101,8,194,30,0.7680816992875051,-0.42190277941691556
R343,1564146000,228,162,-66,390,30,0.1751363636229334,0.4618386150258451
R343,1564160400,421,161,-260,582,30,-1.379341948794998,1.3275444708065085
R343,1564174800,405,149,-256,554,30,-1.347290849569886,1.2012957001718285
R343,1564189200,133,46,-87,179,30,0.006868092691095459,-0.48953604939977985
R343,1564203600,17,10,-7,27,30,0.6478900771933352,-1.1748865185594717
R343,1564218000,26,24,-2,50,30,0.6879539512247252,-1.0711821712524132
R343,1564232400,102,118,16,220,30,0.8321838977377292,-0.304671778113284
R343,1564246800,178,94,-84,272,30,0.03090641710992945,-0.07020977550602099
R343,1564261200,147,78,-69,225,30,0.1510980392040994,-0.2821273547856626
R343,1564275600,90,54,-36,144,30,0.4155196078112733,-0.64734701269313
R343,1564290000,12,6,-6,18,30,0.6559028519996132,-1.2154664805491904
R343,1564304400,12,15,3,27,30,0.7280178252561152,-1.1748865185594717
R343,1564318800,76,75,-1,151,30,0.6959667260310032,-0.61578482003446
R343,1564333200,152,116,-36,268,30,0.4155196078112733,-0.08824531416811815
R343,1564347600,129,73,-56,202,30,0.2552641116857134,-0.3858317020927212
R343,1564362000,46,22,-24,68,30,0.5116729054866093,-0.9900222472729759
R343,1564376400,8,4,-4,12,30,0.6719284016121693,-1.242519788542336
R343,1564390800,114,139,25,253,30,0.9042988709942311,-0.1558785841509825
R343,1564405200,230,197,-33,427,30,0.4395579322301073,0.6286673476502438
R343,1564419600,392,118,-274,510,30,-1.49152079608289,1.0029047748887598
R343,1564434000,503,132,-371,635,30,-2.2687599522918553,1.5665153580792959
R343,1564448400,98,31,-67,129,31,0.5117147519335387,-0.9625534420771811
R343,1564462800,6,10,4,16,31,0.977506385103811,-1.4026149617861012
R343,1564477200,122,133,11,255,31,1.0234295038670773,-0.4718653758530753
R343,1564491600,297,187,-110,484,31,0.22961559381633145,0.4199407127605772
R343,1564506000,427,178,-249,605,31,-0.6822863359113849,0.8911570303249962
R343,1564520400,584,198,-386,782,31,-1.5810673745638824,1.5804569328779066
R343,1564534800,132,27,-105,159,31,0.2624178215043788,-0.8457229501190606
R343,1564549200,12,5,-7,17,31,0.9053414841901068,-1.398720612054164
R343,1564563600,132,167,35,299,31,1.1808801967697047,-0.30051398764783205
R343,1564578000,268,176,-92,444,31,0.3477036134933019,0.2641667234830833
R343,1564592400,443,123,-320,566,31,-1.1480779690816574,0.7392773907794397
R343,1564606800,617,190,-427,807,31,-1.8500456416058706,1.6778156761763403
R343,1564621200,119,38,-81,157,31,0.41986851440700607,-0.8535116495829354
R343,1564635600,12,5,-7,17,31,0.9053414841901068,-1.398720612054164
R343,1564650000,141,151,10,292,31,1.016869058329468,-0.3277744357713935
R343,1564664400,293,196,-97,489,31,0.31490138580525456,0.4394124614202639
R343,1564678800,420,149,-271,569,31,-0.8266161377387933,0.7509604399752517
R343,1564693200,606,213,-393,819,31,-1.6269904933271486,1.7245478729595884
R343,1564707600,170,37,-133,207,31,0.07872534645131364,-0.658794162986068
R343,1564722000,10,7,-3,17,31,0.9315832663405448,-1.398720612054164
R343,1564736400,106,110,4,216,31,0.977506385103811,-0.6237450153986318
R343,1564750800,253,181,-72,434,31,0.4789125242454913,0.22522322616370982
R343,1564765200,498,139,-359,637,31,-1.4039353450484267,1.0157762217469912
R343,1564779600,488,123,-365,611,31,-1.4432980182740833,0.9145231287166202
R343,1565398800,8978,4202,-4776,13180,32,-4.100509816989437,4.11503001616032
R343,1565413200,18,7,-11,25,32,0.3004803349637127,-0.3078194120390453
R343,1565427600,33,34,1,67,32,0.3115636260074562,-0.2936985700790017
R343,1565442000,114,89,-25,203,32,0.2875498287460119,-0.24797393897028913
R343,1565456400,207,103,-104,310,32,0.21458482937470055,-0.21199941302446382
R343,1565470800,190,99,-91,289,32,0.22659172800542268,-0.21905983400448562
R343,1565485200,96,33,-63,129,32,0.2524527404408242,-0.2728535176617945
R343,1565499600,15,7,-8,22,32,0.30325115772464856,-0.30882804360761984
R343,1565514000,23,13,-10,36,32,0.3014039425506913,-0.3041210962876053
R343,1565528400,101,92,-9,193,32,0.30232755013766993,-0.25133604419887096
R343,1565542800,148,99,-49,247,32,0.265383246658525,-0.2331806759645292
R343,1565557200,130,69,-61,199,32,0.25429995561478147,-0.24931878106172187
R343,1565571600,75,26,-49,101,32,0.265383246658525,-0.28226741230182356
R343,1565586000,8,4,-4,12,32,0.30694558807256306,-0.3121901488362016
R343,1565600400,114,128,14,242,32,0.3235705246381783,-0.2348617285788201
R343,1565614800,229,158,-71,387,32,0.2450638797449952,-0.18611120276438392
R343,1565629200,411,133,-278,544,32,0.05387710924041978,-0.1333261506756496
R343,1565643600,602,142,-460,744,32,-0.11421947158969,-0.06608404610401349
R343,1565658000,149,26,-123,175,33,-0.1806061224671735,-0.3502660547098962
R343,1565672400,20,8,-12,28,33,0.6030602616562986,-0.8827412186880716
R343,1565683582,53,52,-1,105,33,0.6807208943171832,-0.6038256566042655
R343,1565686800,83,134,51,217,33,1.0478438850777287,-0.19813029357327464
R343,1565701200,275,208,-67,483,33,0.21475709835187545,0.7653961936253285
R343,1565715600,447,156,-291,603,33,-1.3666957849243202,1.2000697968728187
R343,1565730000,594,151,-443,745,33,-2.439824527147453,1.714433560715682
R343,1565744400,146,31,-115,177,33,-0.1241256623501665,-0.34302149465577136
R343,1565758800,19,6,-13,25,33,0.5960002041416727,-0.8936080587692589
R343,1565773200,134,129,-5,263,33,0.6524806642586797,-0.0315054123284034
R343,1565787600,302,251,-51,553,33,0.32771801858588945,1.0189557955196977
R343,1565802000,469,195,-274,664,33,-1.2466748071756804,1.4210288785236262
R343,1565816400,575,150,-425,725,33,-2.3127434918841874,1.6419879601744336
R343,1565830800,150,35,-115,185,33,-0.1241256623501665,-0.314043254439272
R343,1565845200,25,7,-18,32,33,0.5606999165685433,-0.868252098579822
R343,1565859600,133,124,-9,257,33,0.6242404342001762,-0.053239092490777906
R343,1565874000,298,213,-85,511,33,0.08767606308860973,0.8668200343830762
R343,1565888400,446,237,-209,683,33,-0.7877710687249987,1.4898521990378122
R343,1565902800,644,233,-411,877,33,-2.2139026866794254,2.192574524287921
R343,1565917200,163,31,-132,194,33,-0.24414664009880638,-0.28144273419571025
R343,1565931600,31,6,-25,37,33,0.5112795139661622,-0.8501406984445099
R343,1565946000,96,150,54,246,33,1.0690240576216063,-0.09308417278846451
R343,1565960400,298,202,-96,500,33,0.010015430427725108,0.8269749540853897
R343,1565974800,469,183,-286,652,33,-1.331395497351191,1.3775615181988772
R343,1565989200,483,180,-303,663,33,-1.4514164750998308,1.4174065984965638
R343,1566003600,110,31,-79,141,33,0.13003640817636497,-0.4734235756300184
R343,1566018000,4,5,1,9,33,0.6948410093464349,-0.9515645392022576
R343,1566032400,3,5,2,8,33,0.7019010668610608,-0.95518681922932
R343,1566046800,5,4,-1,9,33,0.6807208943171832,-0.9515645392022576
R343,1566061200,2,2,0,4,33,0.687780951831809,-0.9696759393375697
R343,1566075600,0,0,0,0,33,0.687780951831809,-0.9841650594458193
R343,1566090000,0,1,1,1,33,0.6948410093464349,-0.9805427794187569
R343,1566104400,2,3,1,5,33,0.6948410093464349,-0.9660536593105072
R343,1566118800,1,1,0,2,33,0.687780951831809,-0.9769204993916945
R343,1566133200,0,1,1,1,33,0.6948410093464349,-0.9805427794187569
R343,1566147600,0,0,0,0,33,0.687780951831809,-0.9841650594458193
R343,1566162000,0,0,0,0,33,0.687780951831809,-0.9841650594458193
R343,1566176400,0,0,0,0,33,0.687780951831809,-0.9841650594458193
R343,1566190800,2,2,0,4,33,0.687780951831809,-0.9696759393375697
R343,1566205200,111,134,23,245,33,0.8501622746682042,-0.09670645281552692
R343,1566219600,236,207,-29,443,33,0.48303928390765866,0.6205049925428319
R343,1566234000,419,101,-318,520,33,-1.5573173378192189,0.8994205546266381
R343,1566248400,539,152,-387,691,33,-2.044461306328404,1.5188304392543115
R343,1566262800,133,25,-108,158,34,-0.08356408881726482,-0.39317737587851526
R343,1566277200,15,5,-10,20,34,0.5751714705612466,-0.9111580715466309
R343,1566291417,32,128,96,160,34,1.2876813613175957,-0.38567040927462953
R343,1566291600,129,108,-21,237,34,0.5012317649167198,-0.09665219502502882
R343,1566306000,274,236,-38,510,34,0.3869613107388148,0.9280487464053738
R343,1566310115,25,65,40,90,34,0.911261041672732,-0.6484142404106302
R343,1566320400,420,124,-296,544,34,-1.34726087619645,1.0556671786714313
R343,1566334800,613,188,-425,801,34,-2.2143719696640822,2.020312387270748
R343,1566349200,160,29,-131,189,34,-0.23816529152854812,-0.27681939351828644
R343,1566363600,22,7,-15,29,34,0.5415625134500981,-0.8773767218291451
R343,1566378000,119,168,49,287,34,0.9717571644727994,0.09102197007211452
R343,1566392400,285,223,-62,508,34,0.22563831660530176,0.9205417798014881
R343,1566406800,447,186,-261,633,34,-1.1119981764184101,1.3897271925443464
R343,1566421200,647,190,-457,837,34,-2.429469295175433,2.1554377861406913
R343,1566435600,162,26,-136,188,34,-0.2717742486396967,-0.2805728768202293
R343,1566450000,20,10,-10,30,34,0.5751714705612466,-0.8736232385272023
R343,1566464400,134,129,-5,263,34,0.6087804276723952,0.0009383708254857167
R343,1566478800,282,238,-44,520,34,0.34663056220543653,0.9655835794248024
R343,1566493200,426,167,-259,593,34,-1.0985545935739507,1.2395878604666317
R343,1566507600,605,167,-438,772,34,-2.3017552581530687,1.9114613715144049
R343,1566522000,191,38,-153,229,34,-0.3860447028176017,-0.12668006144057176
R343,1566536400,25,7,-18,32,34,0.5213971391834089,-0.8661162719233165
R343,1566550800,103,105,2,208,34,0.6558329676280031,-0.20550321078137196
R343,1566565200,263,188,-75,451,34,0.13825502811631557,0.7065932315907446
R343,1566579600,431,116,-315,547,34,-1.4749749132188144,1.0669276285772598
R343,1566594000,458,135,-323,593,34,-1.5287492445966522,1.2395878604666317
R343,1566608400,100,43,-57,143,34,0.2592472737164503,-0.4494796254076583
R343,1566622800,4,5,1,9,34,0.6491111762057734,-0.9524463878680024
R343,1566637200,3,2,-1,5,34,0.635667593361314,-0.9674603210757738
R343,1566651600,3,5,2,8,34,0.6558329676280031,-0.9561998711699453
R343,1566666000,1,1,0,2,34,0.6423893847835437,-0.9787207709816025
R343,1566680400,1,0,-1,1,34,0.635667593361314,-0.9824742542835454
R343,1566694800,1,1,0,2,34,0.6423893847835437,-0.9787207709816025
R343,1566709200,1,2,1,3,34,0.6491111762057734,-0.9749672876796596
R343,1566723600,0,0,0,0,34,0.6423893847835437,-0.9862277375854882
R343,1566738000,0,0,0,0,34,0.6423893847835437,-0.9862277375854882
R343,1566752400,1,1,0,2,34,0.6423893847835437,-0.9787207709816025
R343,1566766800,1,1,0,2,34,0.6423893847835437,-0.9787207709816025
R343,1566781200,1,0,-1,1,34,0.635667593361314,-0.9824742542835454
R343,1566795600,1,0,-1,1,34,0.635667593361314,-0.9824742542835454
R343,1566810000,124,124,0,248,34,0.6423893847835437,-0.055363878703657284
R343,1566824400,255,208,-47,463,34,0.3264651879387474,0.7516350312140591
R343,1566838800,365,139,-226,504,34,-0.8767354766403704,0.9055278465937165
R343,1566853200,600,138,-462,738,34,-2.4630782522865817,1.7838429392483475
R343,1566867600,121,31,-90,152,35,0.03455317018744057,-0.5098471947563717
R343,1566882000,15,7,-8,22,35,0.6608748445324166,-1.0871523966165522
R343,1566896400,130,135,5,265,35,0.7601697441236934,-0.008035750062522598
R343,1566910800,286,228,-58,514,35,0.2789713845659678,1.0977257519619767
R343,1566925200,436,153,-283,589,35,-1.439594185283052,1.4307864453428503
R343,1566939600,655,135,-520,790,35,-3.2498165855240195,2.3233891036035903
R343,1566954000,154,27,-127,181,35,-0.24805539018773157,-0.3810637266491007
R343,1566968400,19,7,-12,26,35,0.6303225677351008,-1.069389159636239
R343,1566982800,126,149,23,275,35,0.897654989711615,0.03637234238826051
R343,1566997200,289,233,-56,522,35,0.2942475229646258,1.1332522259226034
R343,1567011600,472,150,-322,622,35,-1.737478884056882,1.5773331504304344
R343,1567026000,607,158,-449,765,35,-2.707513672371662,2.212368872476633
R343,1567040400,133,39,-94,172,35,0.004000893390124661,-0.4210310098548055
R343,1567054800,21,7,-14,28,35,0.6150464293364428,-1.0605075411460823
R343,1567069200,117,130,13,247,35,0.8212742977183252,-0.08797031647393219
R343,1567083600,256,205,-51,461,35,0.33243786896127064,0.8623628619728264
R343,1567098000,435,162,-273,597,35,-1.3632134932897622,1.4663129193034767
R343,1567112400,544,179,-365,723,35,-2.0659158596280283,2.0258548841833437
R343,1567126800,149,46,-103,195,35,-0.06474172940383613,-0.3188923972180044
R343,1567141200,24,11,-13,35,35,0.6226844985357718,-1.029421876430534
R343,1567155600,71,95,24,166,35,0.9052930589109439,-0.44767586532527537
R343,1567170000,232,155,-77,387,35,0.13384806977871727,0.5337429778370314
R343,1567184400,478,165,-313,643,35,-1.6687362612629213,1.670590144577079
R343,1567198800,318,126,-192,444,35,-0.744529888144115,0.7868691048064951
R343,1567213200,127,43,-84,170,35,0.08038158538341443,-0.42991262834496213
R343,1567227600,26,7,-19,33,35,0.5768560833397979,-1.0383034949206909
R343,1567242000,23,29,6,52,35,0.7678078133230224,-0.9539281192642028
R343,1567256400,98,97,-1,195,35,0.7143413289277195,-0.3188923972180044
R343,1567270800,149,113,-36,262,35,0.4470089069512053,-0.021358177797757533
R343,1567285200,151,86,-65,237,35,0.225504900170665,-0.1323784089247153
R343,1567299600,108,28,-80,136,35,0.11093386218073034,-0.5809001426776247
R343,1567314000,19,8,-11,27,35,0.6379606369344297,-1.0649483503911605
R343,1567328400,17,18,1,35,35,0.7296174673263774,-1.029421876430534
R343,1567342800,116,63,-53,179,35,0.3171617305626127,-0.3899453451392573
R343,1567357200,128,82,-46,210,35,0.37062821495791554,-0.2522802585418297
R343,1567371600,131,78,-53,209,35,0.3171617305626127,-0.256721067786908
R343,1567386000,74,26,-48,100,35,0.3553520765592576,-0.7407692755004439
R343,1567400400,13,8,-5,21,35,0.6837890521304036,-1.0915932058616304
R343,1567414800,15,18,3,33,35,0.7448936057250354,-1.0383034949206909
R343,1567429200,87,77,-10,164,35,0.6455987061337587,-0.456557483815432
R343,1567443600,121,58,-63,179,35,0.24078103856932295,-0.3899453451392573
R343,1567458000,97,46,-51,143,35,0.33243786896127064,-0.5498144779620765
R343,1567472400,52,25,-27,77,36,0.6089177800447046,-1.0529589307787672
R343,1567486800,11,7,-4,18,36,0.7591257921803494,-1.259059422916981
R343,1567501200,141,141,0,282,36,0.785248924725679,-0.3368470513154824
R343,1567515600,282,228,-54,510,36,0.43258663536373043,0.45960908779490256
R343,1567530000,438,141,-297,579,36,-1.1543936667650376,0.7006418667362033
R343,1567544400,620,147,-473,767,36,-2.3038114987595364,1.35736885863424
R343,1567558800,135,29,-106,164,36,0.09298591227444675,-0.7490480355919097
R343,1567573200,23,8,-15,31,36,0.6872871776806933,-1.2136474500729677
R343,1567587600,156,140,-16,296,36,0.6807563945443609,-0.28794184979116055
R343,1567602000,321,256,-65,577,36,0.3607480208640743,0.6936554093755859
R343,1567616400,440,135,-305,575,36,-1.2066399318556966,0.6866689520149685
R343,1567630800,622,213,-409,835,36,-1.8858413780342642,1.594908408895232
R343,1567645200,180,30,-150,210,36,-0.19436854572417794,-0.5883595162977092
R343,1567659600,21,9,-12,30,36,0.7068795270896904,-1.2171406787532764
R343,1567674000,196,209,13,405,36,0.8701491054979998,0.09282007636248842
R343,1567688400,329,281,-48,610,36,0.47177133418172473,0.8089319558257732
R343,1567702800,461,240,-221,701,36,-0.6580541484037769,1.1268157657338653
R343,1567717200,751,256,-495,1007,36,-2.4474887277588486,2.1957437419083297
R343,1567731600,193,55,-138,248,36,-0.11599914808818938,-0.45561682644597845
R343,1567746000,25,12,-13,37,36,0.700348743953358,-1.1926880779911153
R343,1567760400,184,143,-41,327,36,0.5174868161360514,-0.17965176070159064
R343,1567774800,349,286,-63,635,36,0.37380958713673906,0.8962626728334908
R343,1567789200,556,244,-312,800,36,-1.2523554138100232,1.4726454050844273
R343,1567803600,660,259,-401,919,36,-1.833595112943605,1.8883396180411633
R343,1567818000,174,50,-124,224,36,-0.024568184179536073,-0.5394543147733873
R343,1567832400,33,4,-29,37,36,0.5958562137720399,-1.1926880779911153
R343,1567846800,30,42,12,72,36,0.8636183223616675,-1.0704250741803107
R343,1567861200,138,145,7,283,36,0.8309644066800056,-0.3333538226351737
R343,1567875600,277,175,-102,452,36,0.11910904481977626,0.2570018243369976
R343,1567890000,223,159,-64,382,36,0.3672788040004067,0.01247581671538818
R343,1567904400,135,42,-93,177,36,0.17788609304676767,-0.7036360627478966
R343,1567918800,22,10,-12,32,36,0.7068795270896904,-1.2101542213926588
R343,1567933200,22,29,7,51,36,0.8309644066800056,-1.1437828764667934
R343,1567947600,118,125,7,243,36,0.8309644066800056,-0.47308296984752196
R343,1567962000,204,183,-21,387,36,0.648102478862699,0.02994196011693171
R343,1567976400,156,107,-49,263,36,0.46524055104539236,-0.40321839624134787
R343,1567990800,83,24,-59,107,36,0.39993271968206856,-0.948162070369506
R343,1568005200,13,3,-10,16,36,0.7199410933623551,-1.2660458802775982
R343,1568019600,186,162,-24,348,36,0.6285101294537019,-0.10629395841510783
R343,1568034000,315,276,-39,591,36,0.5305483824087162,0.7425606108999078
R343,1568048400,489,200,-289,689,36,-1.1021474016743786,1.084897021570161
R343,1568062800,708,192,-516,900,36,-2.5846351736218285,1.821968273115298
R343,1568077200,153,29,-124,182,37,0.116665436768347,-0.7064229374966796
R343,1568091600,20,4,-16,24,37,0.7659837449661655,-1.23002649085622
R343,1568106000,198,173,-25,371,37,0.7118738859496807,-0.08008704138938125
R343,1568120400,376,311,-65,687,37,0.47138562365419234,0.9671200653296996
R343,1568134800,514,263,-251,777,37,-0.6468847960198285,1.2653752539522227
R343,1568149200,776,231,-545,1007,37,-2.414473523891668,2.027582958209781
R343,1568163600,256,35,-221,291,37,-0.46651859929821227,-0.3452027646094017
R343,1568178000,39,23,-16,62,37,0.7659837449661655,-1.1040965223267103
R343,1568192400,205,161,-44,366,37,0.5976419613593237,-0.09665677409063253
R343,1568206800,347,269,-78,616,37,0.3932269384081586,0.7318298609719315
R343,1568221200,565,194,-371,759,37,-1.3683495829062937,1.205724216227718
R343,1568235600,748,276,-472,1024,37,-1.9755824452024016,2.0839200493940355
R343,1568250000,180,41,-139,221,37,0.026482338407538854,-0.5771790224269197
R343,1568264400,22,4,-18,26,37,0.7539593318513912,-1.2233985977757196
R343,1568278800,192,171,-21,363,37,0.7359227121792296,-0.1065986137113833
R343,1568293200,323,229,-94,552,37,0.29703163348996325,0.5197372823959151
R343,1568307600,554,160,-394,714,37,-1.5066303337261995,1.0565966219164564
R343,1568322000,814,191,-623,1005,37,-2.88342563536787,2.020955065129281
R343,1568336400,177,48,-129,225,37,0.08660440398141095,-0.5639232362659186
R343,1568350800,20,5,-15,25,37,0.7719959515235527,-1.2267125443159699
R343,1568365200,184,141,-43,325,37,0.6036541679167109,-0.232528582240893
R343,1568379600,331,208,-123,539,37,0.12267764332573419,0.47665597737266174
R343,1568394000,486,216,-270,702,37,-0.7611167206101855,1.0168292634334535
R343,1568408400,558,173,-385,731,37,-1.4525204747097145,1.1129337131007109
R343,1568422800,161,43,-118,204,37,0.15273867611267025,-0.633516113611174
R343,1568437200,33,9,-24,42,37,0.7178860925070679,-1.1703754531317154
R343,1568451600,30,35,5,65,37,0.892240082671297,-1.0941546827059596
R343,1568466000,135,128,-7,263,37,0.8200936039826504,-0.4379932677364089
R343,1568480400,263,162,-101,425,37,0.25494618758825277,0.09886607178413256
R343,1568494800,213,133,-80,346,37,0.38120252529338416,-0.16293570489563763
R343,1568509200,131,71,-60,202,37,0.5014466564411284,-0.6401440066916745
R343,1568523600,26,8,-18,34,37,0.7539593318513912,-1.1968870254537174
R343,1568538000,17,17,0,34,37,0.8621790498843609,-1.1968870254537174
R343,1568552400,134,77,-57,211,37,0.51948327611329,-0.6103184878294222
R343,1568566800,180,118,-62,298,37,0.4894222433263539,-0.3220051388276499
R343,1568581200,152,94,-58,246,37,0.5134710695559028,-0.49433035892066324
R343,1568595600,60,19,-41,79,37,0.6156785810314853,-1.0477594311424558
R343,1568610000,11,5,-6,16,37,0.8261058105400376,-1.2565380631782221
R343,1568624400,207,176,-31,383,37,0.6758006466053574,-0.040319682906378176
R343,1568638800,312,238,-74,550,37,0.41727576463770744,0.5131093893154145
R343,1568653200,508,202,-306,710,37,-0.977556156676125,1.0433408357554554
R343,1568667600,699,196,-503,895,37,-2.1619608484814052,1.656420945701753
R343,1568682000,155,25,-130,180,38,0.09099381672936781,-0.7071108697798998
R343,1568696400,21,4,-17,25,38,0.7394272314404482,-1.1987054620766906
R343,1568710800,194,152,-42,346,38,0.5959685113716251,-0.18062891932011113
R343,1568725200,357,286,-71,643,38,0.4295563960917903,0.7613297510808361
R343,1568739600,564,208,-356,772,38,-1.205873012692793,1.1704633149923587
R343,1568754000,780,242,-538,1022,38,-2.2502524947938247,1.9633578186968597
R343,1568768400,168,130,-38,298,38,0.6189219065826368,-0.3328646640313753
R343,1568782800,24,8,-16,32,38,0.7451655802432011,-1.1765044159729645
R343,1568797200,199,191,-8,390,38,0.7910723706652245,-0.04107948666811895
R343,1568811600,348,214,-134,562,38,0.06804042151835611,0.5044319318805778
R343,1568826000,551,179,-372,730,38,-1.2976865935368398,1.0372570383700024
R343,1568840400,756,205,-551,961,38,-2.3248510292296127,1.7698915597929614
R343,1568854800,165,40,-125,205,38,0.11968556074313243,-0.6278214194094497
R343,1568869200,25,8,-17,33,38,0.7394272314404482,-1.1733328379581465
R343,1568883600,220,178,-42,398,38,0.5959685113716251,-0.015706862549574912
R343,1568898000,363,243,-120,606,38,0.14837730475689706,0.6439813645325699
R343,1568912400,579,211,-368,790,38,-1.274733198325828,1.2275517192590828
R343,1568926800,757,271,-486,1028,38,-1.951858357050673,1.9823872867857677
R343,1568941200,178,29,-149,207,38,-0.018034810522937737,-0.6214782633798137
R343,1568955600,22,9,-13,31,38,0.7623806266514599,-1.1796759939877826
R343,1568970000,177,125,-52,302,38,0.5385850233440959,-0.3201783519721033
R343,1568984400,335,416,81,751,38,1.3017854141102347,1.1038601766811806
R343,1568998800,654,226,-428,880,38,-1.6190341264910033,1.5129937405927032
R343,1569013200,599,217,-382,816,38,-1.355070081564369,1.3100127476443508
R343,1569027600,142,32,-110,174,38,0.2057607927844263,-0.7261403378688078
R343,1569042000,28,10,-18,38,38,0.7336888826376953,-1.1574749478840565
R343,1569056400,28,38,10,66,38,0.8943626491147771,-1.0686707634691524
R343,1569070800,130,118,-12,248,38,0.7681189754542128,-0.4914435647722755
R343,1569085200,272,163,-109,435,38,0.21149914158717922,0.10164152399869124
R343,1569099600,234,125,-109,359,38,0.21149914158717922,-0.1393984051274771
R343,1569114000,140,29,-111,169,38,0.20002244398167338,-0.7419982279428978
R343,1569128400,31,12,-19,43,38,0.7279505338349423,-1.1416170578099665
R343,1569142800,28,19,-9,47,38,0.7853340218624716,-1.1289307457506943
R343,1569157200,110,104,-6,214,38,0.8025490682707304,-0.5992772172760877
R343,1569171600,214,87,-127,301,38,0.10820886313762658,-0.3233499299869213
R343,1569186000,161,61,-100,222,38,0.2631442808119555,-0.5739045931575436
R343,1569200400,58,21,-37,79,38,0.6246602553853897,-1.0274402492765182
R343,1569214800,6,5,-1,11,38,0.831240812284495,-1.2431075542841425
R343,1569229200,199,177,-22,376,38,0.7107354874266836,-0.08548157887557101
R343,1569243600,308,223,-85,531,38,0.34921951285324937,0.40611301342121964
R343,1569258000,499,167,-332,666,38,-1.0681526414267228,0.8342760454216502
R343,1569272400,746,191,-555,937,38,-2.3478044244406244,1.6937736874373293
R343,1569286800,145,23,-122,168,39,-0.0028419892263854872,-0.49118471989531254
R343,1569301200,13,8,-5,21,39,0.6887845089067929,-0.9684461917244429
R343,1569315600,219,157,-62,376,39,0.35183826622652653,0.18412402935951142
R343,1569330000,353,253,-100,606,39,0.12720743777301557,0.9308596655547494
R343,1569344400,560,179,-381,739,39,-1.533878425264789,1.3626676638763435
R343,1569358800,739,216,-523,955,39,-2.373288363170014,2.0639498265640452
R343,1569373200,138,33,-105,171,39,0.09765074981860625,-0.48144468985798333
R343,1569387600,12,4,-8,16,39,0.6710504961341474,-0.9846795751199916
R343,1569402000,213,175,-38,388,39,0.49371036840769134,0.22308414950882818
R343,1569416400,368,265,-103,633,39,0.10947342500036998,1.0185199358907122
R343,1569430800,551,256,-295,807,39,-1.0255033924489485,1.5834416780558054
R343,1569445200,787,210,-577,997,39,-2.692500593077635,2.2003102470866542
R343,1569459600,175,26,-149,201,39,-0.1624481041801959,-0.38404438948469144
R343,1569474000,17,9,-8,26,39,0.6710504961341474,-0.9522128083288943
R343,1569488400,193,164,-29,357,39,0.5469124067256281,0.12243717245642655
R343,1569502800,379,258,-121,637,39,0.0030693483644963796,1.031506642607151
R343,1569517200,628,284,-344,912,39,-1.31515893440216,1.924342729362327
R343,1569527314,160,183,23,343,39,0.8543019614514852,0.07698369894889032
R343,1569527394,1,0,-1,1,39,0.7124298592703204,-1.0333797253066375
R343,1569527475,0,0,0,0,39,0.7183411968612022,-1.0366264019857472
R343,1569527556,3,5,2,8,39,0.730163872042966,-1.0106529885528694
R343,1569527636,1,4,3,5,39,0.7360752096338479,-1.0203930185901986
R343,1569527717,0,2,2,2,39,0.730163872042966,-1.0301330486275277
R343,1569527798,1,0,-1,1,39,0.7124298592703204,-1.0333797253066375
R343,1569527878,1,4,3,5,39,0.7360752096338479,-1.0203930185901986
R343,1569527959,0,1,1,1,39,0.7242525344520842,-1.0333797253066375
R343,1569528039,1,0,-1,1,39,0.7124298592703204,-1.0333797253066375
R343,1569531600,799,106,-693,905,39,-3.3782157536199318,1.901615992608559
R343,1569546000,169,35,-134,204,39,-0.07377804031696789,-0.37430435944736223
R343,1569560400,24,8,-16,32,39,0.6237597954070924,-0.9327327482542359
R343,1569574800,168,142,-26,310,39,0.5646464194982738,-0.030156631461730796
R343,1569589200,324,241,-83,565,39,0.2277001768180073,0.7977459217112505
R343,1569603600,534,197,-337,731,39,-1.273779571265987,1.3366942504434658
R343,1569618000,674,237,-437,911,39,-1.8649133303541736,1.9210960526832173
R343,1569632400,159,32,-127,191,39,-0.032398677180794824,-0.4165111562757887
R343,1569646800,20,8,-12,28,39,0.6474051457706198,-0.9457194549706748
R343,1569661200,31,42,11,73,39,0.7833659103609028,-0.799619004410737
R343,1569675600,134,109,-25,243,39,0.5705577570891556,-0.24768396896208275
R343,1569690000,296,153,-143,449,39,-0.12698007863490468,0.42113142693452177
R343,1569704400,259,126,-133,385,39,-0.06786670272608603,0.213344119471499
R343,1569718800,106,67,-39,173,39,0.4877990308168095,-0.4749513364997639
R343,1569733200,17,8,-9,25,39,0.6651391585432654,-0.955459485008004
R343,1569747600,21,24,3,45,39,0.7360752096338479,-0.8905259514258094
R343,1569762000,123,87,-36,210,39,0.5055330435894551,-0.3548242993727038
R343,1569776400,230,120,-110,350,39,0.06809406186419692,0.09971043570265843
R343,1569790800,219,105,-114,324,39,0.044448711500669445,0.015296842045805432
R343,1569805200,66,22,-44,88,39,0.4582423428624001,-0.750918854224091
R343,1569819600,8,4,-4,12,39,0.6946958464976748,-0.9976662818364305
R343,1569834000,135,139,4,274,39,0.7419865472247297,-0.1470369919096811
R343,1569848400,255,146,-109,401,39,0.07400539945507878,0.2652909463372547
R343,1569862800,456,132,-324,588,39,-1.1969321825845225,0.8724194853307743
R343,1569877200,576,133,-443,709,39,-1.9003813558994647,1.2652673635030518
R343,1569891600,44,27,-17,71,40,0.25385507159399606,-0.2720791198107069
R343,1569906000,6,4,-2,10,40,0.37434914786165874,-0.49965360990356
R343,1569920400,159,137,-22,296,40,0.2136903795047752,0.5673349829908004
R343,1569934800,299,211,-88,510,40,-0.3164835560729405,1.3657110629886786
R343,1569949200,455,183,-272,638,40,-1.794544224956269,1.8432444192490915
R343,1569963600,710,186,-524,896,40,-3.8188447062530013,2.8057725904614865
R343,1569978000,54,34,-20,88,40,0.22975625634046357,-0.20865672093237078
R343,1569992400,3,7,4,10,40,0.4225467783687238,-0.49965360990356
R343,1570006800,189,141,-48,330,40,0.004833980640826599,0.6941797807474727
R343,1570021200,326,213,-113,539,40,-0.517307016519045,1.4739022140164284
R343,1570035600,528,239,-289,767,40,-1.93110417805962,2.3245085048552894
R343,1570050000,851,248,-603,1099,40,-4.453446841262691,3.5631106476557357
R343,1570064400,68,27,-41,95,40,0.061064549565735836,-0.18254161551187945
R343,1570078800,6,3,-3,9,40,0.36631620944381454,-0.5033843392493444
R343,1570093200,219,166,-53,385,40,-0.03533071144839429,0.8993698947656189
R343,1570107600,347,308,-39,655,40,0.07713042640142419,1.9066668181274278
R343,1570122000,533,226,-307,759,40,-2.0756970695808152,2.2946626700890134
R343,1570136400,839,232,-607,1071,40,-4.4855785949340685,3.4586502259737704
R343,1570150800,71,60,-11,131,40,0.30205270210106117,-0.04823535906363828
R343,1570165200,5,4,-1,9,40,0.38238208627950293,-0.5033843392493444
R343,1570179600,183,145,-38,328,40,0.08516336481926837,0.6867183220559037
R343,1570194000,378,274,-104,652,40,-0.4450105707584473,1.8954746300900742
R343,1570208400,582,258,-324,840,40,-2.2122570226841662,2.596851747097556
R343,1570222800,614,261,-353,875,40,-2.4452122368016473,2.7274272742000125
R343,1570237200,198,54,-144,252,40,-0.7663281074722145,0.4031828917762834
R343,1570251600,26,12,-14,38,40,0.27795388684752864,-0.39519318822159466
R343,1570266000,36,29,-7,65,40,0.3341844557724378,-0.29446349588541376
R343,1570280400,143,151,8,294,40,0.4546785320401005,0.5598735242992314
R343,1570294800,237,124,-113,361,40,-0.517307016519045,0.8098323904667915
R343,1570309200,245,123,-122,368,40,-0.5896034622796426,0.8359474958872828
R343,1570323600,110,53,-57,163,40,-0.067462465119771,0.07114798000146498
R343,1570338000,20,8,-12,28,40,0.294019763683217,-0.4325004816794394
R343,1570352400,20,19,-1,39,40,0.38238208627950293,-0.39146245887581016
R343,1570366800,109,58,-51,167,40,-0.019264834612705933,0.08607089738460288
R343,1570368042,7,3,-4,10,40,0.3582832710259704,-0.49965360990356
R343,1570368125,0,0,0,0,40,0.39041502469734707,-0.5369609033614048
R343,1570368205,0,0,0,0,40,0.39041502469734707,-0.5369609033614048
R343,1570368286,0,0,0,0,40,0.39041502469734707,-0.5369609033614048
R343,1570368366,0,0,0,0,40,0.39041502469734707,-0.5369609033614048
R343,1570368451,0,0,0,0,40,0.39041502469734707,-0.5369609033614048
R343,1570368532,0,5,5,5,40,0.430579716786568,-0.5183072566324823
R343,1570368612,0,0,0,0,40,0.39041502469734707,-0.5369609033614048
R343,1570368692,0,0,0,0,40,0.39041502469734707,-0.5369609033614048
R343,1570368773,0,0,0,0,40,0.39041502469734707,-0.5369609033614048
R343,1570368853,0,0,0,0,40,0.39041502469734707,-0.5369609033614048
R343,1570368933,1,0,-1,1,40,0.38238208627950293,-0.5332301740156203
R343,1570369014,0,2,2,2,40,0.40648090153303545,-0.5294994446698358
R343,1570369094,0,2,2,2,40,0.40648090153303545,-0.5294994446698358
R343,1570369174,1,0,-1,1,40,0.38238208627950293,-0.5332301740156203
R343,1570369255,1,0,-1,1,40,0.38238208627950293,-0.5332301740156203
R343,1570369335,0,10,10,10,40,0.4707444088757889,-0.49965360990356
R343,1570369415,1,1,0,2,40,0.39041502469734707,-0.5294994446698358
R343,1570369496,0,0,0,0,40,0.39041502469734707,-0.5369609033614048
R343,1570369576,0,0,0,0,40,0.39041502469734707,-0.5369609033614048
R343,1570369656,0,0,0,0,40,0.39041502469734707,-0.5369609033614048
R343,1570369736,0,2,2,2,40,0.40648090153303545,-0.5294994446698358
R343,1570369817,0,1,1,1,40,0.39844796311519126,-0.5332301740156203
R343,1570369897,0,0,0,0,40,0.39041502469734707,-0.5369609033614048
R343,1570369977,0,0,0,0,40,0.39041502469734707,-0.5369609033614048
R343,1570370057,0,1,1,1,40,0.39844796311519126,-0.5332301740156203
R343,1570370137,0,0,0,0,40,0.39041502469734707,-0.5369609033614048
R343,1570370217,1,0,-1,1,40,0.38238208627950293,-0.5332301740156203
R343,1570370298,0,0,0,0,40,0.39041502469734707,-0.5369609033614048
R343,1570370378,0,0,0,0,40,0.39041502469734707,-0.5369609033614048
R343,1570370458,0,0,0,0,40,0.39041502469734707,-0.5369609033614048
R343,1570371712,4,15,11,19,40,0.478777347293633,-0.4660770457914997
R343,1570371799,1,45,44,46,40,0.7438643150824908,-0.3653473534553188
R343,1570371880,0,0,0,0,40,0.39041502469734707,-0.5369609033614048
R343,1570371962,0,0,0,0,40,0.39041502469734707,-0.5369609033614048
R343,1570375189,9,19,10,28,40,0.4707444088757889,-0.4325004816794394
R343,1570375270,1,0,-1,1,40,0.38238208627950293,-0.5332301740156203
R343,1570375350,0,0,0,0,40,0.39041502469734707,-0.5369609033614048
R343,1570375430,0,3,3,3,40,0.41451383995087965,-0.5257687153240513
R343,1570375511,8,66,58,74,40,0.8563254529323093,-0.2608869317733535
R343,1570375591,0,0,0,0,40,0.39041502469734707,-0.5369609033614048
R343,1570375671,0,0,0,0,40,0.39041502469734707,-0.5369609033614048
R343,1570375752,1,0,-1,1,40,0.38238208627950293,-0.5332301740156203
R343,1570375832,0,0,0,0,40,0.39041502469734707,-0.5369609033614048
R343,1570375912,1,3,2,4,40,0.40648090153303545,-0.5220379859782669
R343,1570375992,0,0,0,0,40,0.39041502469734707,-0.5369609033614048
R343,1570376073,1,0,-1,1,40,0.38238208627950293,-0.5332301740156203
R343,1570376153,0,0,0,0,40,0.39041502469734707,-0.5369609033614048
R343,1570376233,0,1,1,1,40,0.39844796311519126,-0.5332301740156203
R343,1570381200,209,41,-168,250,40,-0.9591186295004747,0.39572143308471447
R343,1570389452,29,70,41,99,40,0.7197654998289583,-0.16761869812874156
R343,1570389520,0,0,0,0,40,0.39041502469734707,-0.5369609033614048
R343,1570389600,0,0,0,0,40,0.39041502469734707,-0.5369609033614048
R343,1570389681,0,0,0,0,40,0.39041502469734707,-0.5369609033614048
R343,1570389761,0,3,3,3,40,0.41451383995087965,-0.5257687153240513
R343,1570389841,0,0,0,0,40,0.39041502469734707,-0.5369609033614048
R343,1570389922,0,0,0,0,40,0.39041502469734707,-0.5369609033614048
R343,1570390002,0,0,0,0,40,0.39041502469734707,-0.5369609033614048
R343,1570390082,0,0,0,0,40,0.39041502469734707,-0.5369609033614048
R343,1570390163,0,0,0,0,40,0.39041502469734707,-0.5369609033614048
R343,1570390243,0,0,0,0,40,0.39041502469734707,-0.5369609033614048
R343,1570390323,0,1,1,1,40,0.39844796311519126,-0.5332301740156203
R343,1570390412,0,0,0,0,40,0.39041502469734707,-0.5369609033614048
R343,1570390493,1,0,-1,1,40,0.38238208627950293,-0.5332301740156203
R343,1570390573,1,0,-1,1,40,0.38238208627950293,-0.5332301740156203
R343,1570390653,0,0,0,0,40,0.39041502469734707,-0.5369609033614048
R343,1570390737,1,0,-1,1,40,0.38238208627950293,-0.5332301740156203
R343,1570390817,1,0,-1,1,40,0.38238208627950293,-0.5332301740156203
R343,1570390897,1,0,-1,1,40,0.38238208627950293,-0.5332301740156203
R343,1570390977,2,0,-2,2,40,0.37434914786165874,-0.5294994446698358
R343,1570391058,0,2,2,2,40,0.40648090153303545,-0.5294994446698358
R343,1570391138,0,1,1,1,40,0.39844796311519126,-0.5332301740156203
R343,1570395600,167,27,-140,194,40,-0.7341963538008377,0.18680058972078376
R343,1570410000,68,23,-45,91,40,0.02893279589435913,-0.19746453289501736
R343,1570424400,4,3,-1,7,40,0.38238208627950293,-0.5108457979409134
R343,1570438800,218,181,-37,399,40,0.09319630323711255,0.9516001056066016
R343,1570453200,326,265,-61,591,40,-0.0995942187911477,1.6679001399972213
R343,1570467600,489,179,-310,668,40,-2.0997958848343474,1.955166299622626
R343,1570482000,710,186,-524,896,40,-3.8188447062530013,2.8057725904614865
R343,1570496400,159,35,-124,194,41,0.08553790811546667,-0.6067201850224769
R343,1570510800,17,6,-11,23,41,0.8249967640644731,-1.208829397241826
R343,1570525200,216,160,-56,376,41,0.5305219984210634,0.03412119874314612
R343,1570539600,363,228,-135,591,41,0.013555187624855443,0.7911590971475909
R343,1570554000,590,167,-423,757,41,-1.8710833124929662,1.3756627768459064
R343,1570568400,682,147,-535,829,41,-2.603998284761008,1.6291824451487902
R343,1570582800,123,24,-99,147,41,0.24913500013958312,-0.7722121907201928
R343,1570597200,20,6,-14,26,41,0.8053651130215791,-1.1982660777292058
R343,1570611600,139,145,6,284,41,0.9362427866408722,-0.2898205996438721
R343,1570626000,336,212,-124,548,41,0.08553790811546667,0.6397515174667019
R343,1570640400,461,165,-296,626,41,-1.0400100850104546,0.914397824794826
R343,1570654800,621,184,-437,805,41,-1.9626976840264714,1.544675889047829
R343,1570669200,119,32,-87,151,41,0.32766160431115904,-0.7581277647033658
R343,1570683600,16,6,-10,22,41,0.8315406477454377,-1.2123505037460327
R343,1570698000,219,171,-48,390,41,0.5828730678687807,0.0834166898020402
R343,1570712400,339,266,-73,605,41,0.41927597584466425,0.840454588206485
R343,1570726800,558,193,-365,751,41,-1.491538058997016,1.354536137820666
R343,1570741200,808,262,-546,1070,41,-2.6759810052516193,2.4777691126626094
R343,1570755600,200,44,-156,244,41,-0.12386636967540238,-0.43066485981214087
R343,1570770000,19,11,-8,30,41,0.844628415107367,-1.1841816517123789
R343,1570784400,188,126,-62,314,41,0.49125869633527547,-0.18418740451767052
R343,1570798800,350,218,-132,568,41,0.033186838667749415,0.7101736475508363
R343,1570813200,590,222,-368,812,41,-1.51116971003991,1.5693236345772759
R343,1570827600,663,280,-383,943,41,-1.6093279652543797,2.030588586628356
R343,1570842000,184,56,-128,240,41,0.05936237339160805,-0.4447492858289678
R343,1570856400,27,18,-9,45,41,0.8380845314264024,-1.1313650541492781
R343,1570870800,32,22,-10,54,41,0.8315406477454377,-1.0996750956114176
R343,1570885200,141,117,-24,258,41,0.7399262762119325,-0.38136936875324684
R343,1570899600,246,172,-74,418,41,0.4127320921636996,0.18200767191982833
R343,1570914000,270,133,-137,403,41,0.0004674202629261267,0.12919107435672755
R343,1570928400,122,48,-74,170,41,0.4127320921636996,-0.6912267411234382
R343,1570942800,22,26,4,48,41,0.923155019278943,-1.1208017346366579
R343,1570957200,26,19,-7,45,41,0.8511722987883317,-1.1313650541492781
R343,1570971600,103,95,-8,198,41,0.844628415107367,-0.59263575900565
R343,1570986000,210,80,-130,290,41,0.046274606029678735,-0.26869396061863177
R343,1571000400,184,107,-77,291,41,0.3931004411208056,-0.26517285411442504
R343,1571014800,81,40,-41,121,41,0.6286802536355333,-0.8637609598295675
R343,1571029200,10,4,-6,14,41,0.8577161824692964,-1.2405193557796865
R343,1571043600,110,97,-13,207,41,0.8119089967025437,-0.5609458004677895
R343,1571058000,237,164,-73,401,41,0.41927597584466425,0.12214886134831411
R343,1571072400,334,151,-183,485,41,-0.30055122906144816,0.4179218077016786
R343,1571086800,436,155,-281,591,41,-0.9418518297959846,0.7911590971475909
R343,1571101200,137,31,-106,168,42,0.2682935270352794,-0.7500174388248644
R343,1571115600,15,10,-5,25,42,0.8407790107795727,-1.1930352139607943
R343,1571130000,210,162,-48,372,42,0.5970475672052696,-0.11802005331626499
R343,1571144400,356,267,-89,623,42,0.3646524698437248,0.6595845729712764
R343,1571158800,523,206,-317,729,42,-0.9276909984107194,0.9879753713237839
R343,1571173200,770,245,-525,1015,42,-2.1066710045375805,1.8740109215956438
R343,1571187600,146,34,-112,180,42,0.23428448839700455,-0.7128411220302409
R343,1571202000,18,5,-13,23,42,0.7954336259285395,-1.1992312667598983
R343,1571216400,204,183,-21,387,42,0.7500882410775064,-0.07154965732298563
R343,1571230800,353,251,-102,604,42,0.290966219460796,0.6007220713797892
R343,1571245200,581,200,-381,781,42,-1.2904540772189845,1.1490727441004858
R343,1571259600,834,232,-602,1066,42,-2.5431203337287744,2.032010267972794
R343,1571274000,164,42,-122,206,42,0.17760275733321315,-0.63229243564189
R343,1571288400,16,9,-7,25,42,0.8294426645668144,-1.1930352139607943
R343,1571302800,220,191,-29,411,42,0.7047428562264733,0.0028029762662613623
R343,1571317200,328,261,-67,589,42,0.4893522781840659,0.5542516753865099
R343,1571331600,589,216,-373,805,42,-1.2451086923679513,1.2234253776897328
R343,1571346000,836,264,-572,1100,42,-2.3730751405374004,2.13734316555756
R343,1571360400,180,48,-132,228,42,0.12092102626942174,-0.5641358548517469
R343,1571374800,22,9,-13,31,42,0.7954336259285395,-1.1744470555634825
R343,1571389200,180,146,-34,326,42,0.6764019906945776,-0.26052926769565504
R343,1571403600,378,289,-89,667,42,0.3646524698437248,0.7958977345515625
R343,1571418000,555,226,-329,781,42,-0.9957090756872691,1.1490727441004858
R343,1571432400,679,231,-448,910,42,-1.6702216753463868,1.5487181496426883
R343,1571446800,175,52,-123,227,42,0.171934584226834,-0.5672338812512988
R343,1571461200,35,8,-27,43,42,0.7160792024392316,-1.137270738768859
R343,1571475600,42,25,-17,67,42,0.772760933503023,-1.0629181051796122
R343,1571490000,174,137,-37,311,42,0.6593974713754401,-0.3069996636889344
R343,1571504400,271,149,-122,420,42,0.17760275733321315,0.030685213862228982
R343,1571518800,259,109,-150,368,42,0.018893910354597192,-0.13041215891447283
R343,1571533200,137,53,-84,190,42,0.39299333537562053,-0.6818608580347213
R343,1571547600,31,9,-22,40,42,0.7444200679711273,-1.146564817967515
R343,1571562000,22,17,-5,39,42,0.8407790107795727,-1.149662844367067
R343,1571576400,122,90,-32,212,42,0.6877383369073359,-0.6137042772445782
R343,1571590800,229,112,-117,341,42,0.20594362286510887,-0.21405887170237567
R343,1571605200,161,90,-71,251,42,0.46667958575854934,-0.4928812476620519
R343,1571619600,67,15,-52,82,42,0.574374874779753,-1.0164477091863326
R343,1571634000,10,5,-5,15,42,0.8407790107795727,-1.224015477956314
R343,1571648400,196,181,-15,377,42,0.7840972797157812,-0.1025299213185052
R343,1571662800,332,195,-137,527,42,0.09258016073752603,0.3621740386142885
R343,1571677200,499,206,-293,705,42,-0.79165484385762,0.913622737734537
R343,1571691600,776,181,-595,957,42,-2.5034431219841204,1.6943253904216302
R343,1571706000,67,36,-31,103,43,0.62628059986841,-0.9350761395251265
R343,1571720400,6,8,2,14,43,0.7940797321741545,-1.2018329593026524
R343,1571734800,187,163,-24,350,43,0.6618743552059922,-0.1947510329515432
R343,1571749200,350,258,-92,608,43,0.31610644621233686,0.5785440176394872
R343,1571763600,556,241,-315,797,43,-0.8178089023992094,1.1450276012119862
R343,1571778000,825,216,-609,1041,43,-2.3127466265776606,1.8763609048717202
R343,1571792400,79,40,-39,119,43,0.5856020223397447,-0.8871198573179309
R343,1571806800,5,7,2,12,43,0.7940797321741545,-1.2078274945785519
R343,1571821200,206,137,-69,343,43,0.4330573566072497,-0.2157319064171913
R343,1571835600,337,232,-105,569,43,0.25000375772825567,0.4616505797594477
R343,1571850000,587,196,-391,783,43,-1.2042553889215302,1.10306585428069
R343,1571864400,804,180,-624,984,43,-2.389018959443908,1.7055166495085856
R343,1571878800,78,28,-50,106,43,0.5296689782378299,-0.9260843366112773
R343,1571893200,7,8,1,15,43,0.7889949099830714,-1.1988356916647027
R343,1571907600,227,157,-70,384,43,0.4279725344161665,-0.09284393326125237
R343,1571922000,354,222,-132,576,43,0.11271355856901015,0.4826314532250958
R343,1571936400,574,205,-369,779,43,-1.0923893007177004,1.091076783728891
R343,1571950800,844,270,-574,1114,43,-2.13477784988975,2.0951614424420506
R343,1571965200,67,43,-24,110,43,0.6618743552059922,-0.9140952660594784
R343,1571979600,6,5,-1,11,43,0.778825265600905,-1.2108247622165016
R343,1571994000,201,137,-64,338,43,0.4584814675626655,-0.23071824460693996
R343,1572008400,339,254,-85,593,43,0.351700201549919,0.5335850030702413
R343,1572022800,563,244,-319,807,43,-0.8381481911635421,1.1750002775914834
R343,1572037200,613,209,-404,822,43,-1.2703580774056114,1.2199592921607294
R343,1572051600,133,64,-69,197,43,0.4330573566072497,-0.6533329815578519
R343,1572066000,30,9,-21,39,43,0.6771288217792417,-1.1269012683539092
R343,1572080400,39,35,-4,74,43,0.7635707990276556,-1.0219969010256686
R343,1572094800,185,176,-9,361,43,0.7381466880722397,-0.16178108893409615
R343,1572109200,303,168,-135,471,43,0.09745909199576065,0.16791835124037416
R343,1572123600,324,223,-101,547,43,0.27034304649258833,0.39571069172455364
R343,1572138000,174,74,-100,248,43,0.2754278686836715,-0.5004723320224157
R343,1572152400,31,10,-21,41,43,0.6771288217792417,-1.1209067330780098
R343,1572166800,30,22,-8,52,43,0.7432315102633229,-1.0879367890605627
R343,1572181200,127,91,-36,218,43,0.6008564889129941,-0.5903903611609076
R343,1572195600,208,103,-105,311,43,0.25000375772825567,-0.31164447083158264
R343,1572210000,155,159,4,314,43,0.8042493765563209,-0.3026526679177335
R343,1572224400,112,50,-62,162,43,0.46865111194483183,-0.7582373488860924
R343,1572238800,49,16,-33,65,43,0.6161109554862437,-1.0489723097672163
R343,1572253200,210,159,-51,369,43,0.5245841560467467,-0.13780294783049832
R343,1572267600,363,238,-125,601,43,0.14830731390659233,0.557563144173839
R343,1572282000,759,163,-596,922,43,-2.2466439380935794,1.5196860559557024
R343,1572296400,838,221,-617,1059,43,-2.353425204106326,1.9303117223548154
R343,1572310800,152,53,-99,205,44,0.34056397063641847,-0.6324102041139296
R343,1572325200,15,14,-1,29,44,0.8939636165659482,-1.1830965309851944
R343,1572339600,220,143,-77,363,44,0.4647965442124354,-0.13804406976358946
R343,1572354000,379,266,-113,645,44,0.2615068783607714,0.7443056130642327
R343,1572368400,588,204,-384,792,44,-1.2688125506892547,1.2042538519851187
R343,1572382800,806,203,-603,1009,44,-2.5054913512868775,1.8832250618207125
R343,1572397200,165,50,-115,215,44,0.2502130080356789,-0.6011212082689713
R343,1572411600,9,5,-4,14,44,0.8770228110783096,-1.2300300247526317
R343,1572426000,194,138,-56,332,44,0.583382182625906,-0.23503995688295998
R343,1572440400,371,221,-150,592,44,0.05257027734656118,0.5784739350859541
R343,1572454800,571,231,-340,802,44,-1.0203474035372209,1.235542847830077
R343,1572469200,814,233,-581,1047,44,-2.3812587777108605,2.002123246031554
R343,1572483600,162,42,-120,204,44,0.22197833222294783,-0.6355391036984254
R343,1572498000,11,6,-5,17,44,0.8713758759157634,-1.2206433259991443
R343,1572512400,224,141,-83,365,44,0.430914933237158,-0.1317862705945978
R343,1572526800,343,244,-99,587,44,0.34056397063641847,0.562829437163475
R343,1572541200,545,165,-380,710,44,-1.2462248100390698,0.9476840860564613
R343,1572555600,726,182,-544,908,44,-2.17232217669665,1.5672062037866343
R343,1572570000,170,99,-71,269,44,0.4986781551877127,-0.43216063070619687
R343,1572584400,22,9,-13,31,44,0.8262003946153935,-1.1768387318162028
R343,1572598800,196,116,-80,312,44,0.4478557387247967,-0.29761794857287643
R343,1572613200,332,267,-65,599,44,0.5325597661629901,0.6003762321774249
R343,1572627600,581,227,-354,808,44,-1.0994044958128681,1.254316245337052
R343,1572642000,686,221,-465,907,44,-1.7262142988554987,1.5640773042021385
R343,1572656400,178,52,-126,230,44,0.1880967212476705,-0.5541877145015339
R343,1572670800,33,18,-15,51,44,0.8149065242903011,-1.1142607401262863
R343,1572685200,30,31,1,61,44,0.9052574868910407,-1.082971744281328
R343,1572699600,195,142,-53,337,44,0.6003229881135447,-0.21939545896048085
R343,1572714000,307,149,-158,456,44,0.007394796046191404,0.15294359159452212
R343,1572728400,231,137,-94,368,44,0.3687986464491496,-0.12239957184111033
R343,1572742800,135,31,-104,166,44,0.3123292948236874,-0.7544372879092667
R343,1572753600,30,24,-6,54,44,0.8657289407532172,-1.1048740413727989
R343,1572768000,20,16,-4,36,44,0.8770228110783096,-1.1611942338937238
R343,1572782400,110,57,-53,167,44,0.6003229881135447,-0.7513083883247709
R343,1572796800,247,123,-124,370,44,0.19939059157276295,-0.11614177267211868
R343,1572811200,219,103,-116,322,44,0.24456607287313273,-0.26632895272791823
R343,1572825600,92,35,-57,127,44,0.5777352474633598,-0.8764643717046038
R343,1572840000,16,7,-9,23,44,0.8487881352655785,-1.2018699284921694
R343,1572854400,86,66,-20,152,44,0.78667184847757,-0.7982418820922081
R343,1572868800,381,296,-85,677,44,0.4196210629120656,0.8444303997680991
R343,1572883200,475,186,-289,661,44,-0.7323537102473636,0.7943680064161659
R343,1572897600,828,251,-577,1079,44,-2.3586710370606756,2.10224803273542
R343,1572912000,249,58,-191,307,45,-0.15744817004234946,-0.31544549453013004
R343,1572926400,18,5,-13,23,45,0.8392347420970278,-1.1739063338537423
R343,1572940800,87,58,-29,145,45,0.7496452668485444,-0.8051309028766975
R343,1572955200,349,204,-145,553,45,0.10012157129704015,0.42815086629243543
R343,1572969600,428,195,-233,623,45,-0.3926205425696182,0.6397433266891004
R343,1572984000,792,200,-592,992,45,-2.402784393457463,1.7551378679229483
R343,1572998400,247,52,-195,299,45,-0.1798455388544703,-0.33962749000403464
R343,1573012800,37,5,-32,42,45,0.7328472402394538,-1.1164740946032188
R343,1573027200,98,67,-31,165,45,0.738446582442484,-0.7446759141919361
R343,1573041600,425,313,-112,738,45,0.28489986399703704,0.9873595116264786
R343,1573056000,461,199,-262,660,45,-0.5550014664574943,0.7515850557559091
R343,1573070400,908,250,-658,1158,45,-2.7723409788574567,2.2569142740064683
R343,1573084800,279,47,-232,326,45,-0.387021200366588,-0.2580132552796067
R343,1573099200,45,8,-37,53,45,0.7048505292243027,-1.0832238508266
R343,1573113600,99,63,-36,162,45,0.710449871427333,-0.7537441624946504
R343,1573128000,415,267,-148,682,45,0.08332354468794953,0.8180855433091466
R343,1573142400,492,201,-291,693,45,-0.7173823903453703,0.8513357870857654
R343,1573156800,989,305,-684,1294,45,-2.9179238761362423,2.668008197062846
R343,1573171200,326,51,-275,377,45,-0.627792915096887,-0.10385303413346508
R343,1573185600,51,7,-44,58,45,0.6656551338030913,-1.0681101036554097
R343,1573200000,80,63,-17,143,45,0.8168373732849069,-0.8111764017451737
R343,1573214400,370,220,-150,590,45,0.07212486028188911,0.539992595359244
R343,1573228800,520,208,-312,728,45,-0.8349685766090047,0.9571320172840979
R343,1573243200,847,299,-548,1146,45,-2.156413336524134,2.2206412807956113
R343,1573257600,263,95,-168,358,45,-0.028663299372654646,-0.16128527338398843
R343,1573272000,74,21,-53,95,45,0.6152610539758193,-0.9562683745886011
R343,1573286400,24,33,9,57,45,0.9624202705636923,-1.0711328530896478
R343,1573300800,189,141,-48,330,45,0.6432577649909704,-0.24592225754265443
R343,1573315200,311,200,-111,511,45,0.29049920620006725,0.30119539005443646
R343,1573329600,310,264,-46,574,45,0.6544564493970308,0.4916286044114349
R343,1573344000,187,101,-86,288,45,0.43048276127582247,-0.3728777337806534
R343,1573358400,78,25,-53,103,45,0.6152610539758193,-0.9320863791146966
R343,1573372800,15,23,8,38,45,0.9568209283606621,-1.128565092340171
R343,1573387200,117,113,-4,230,45,0.8896288219242996,-0.5481972009664615
R343,1573401600,251,103,-148,354,45,0.08332354468794953,-0.17337627112094073
R343,1573416000,198,130,-68,328,45,0.5312709209303662,-0.25196775641113056
R343,1573430400,112,42,-70,154,45,0.5200722365243058,-0.7779261579685549
R343,1573444800,21,7,-14,28,45,0.8336353998939975,-1.158792586682552
R343,1573459200,59,39,-20,98,45,0.8000393466758162,-0.9472001262858869
R343,1573473600,304,192,-112,496,45,0.28489986399703704,0.25585414854086536
R343,1573488000,334,163,-171,497,45,-0.04546132598174527,0.25887689797510344
R343,1573502400,600,181,-419,781,45,-1.434098192333237,1.1173377372987157
R343,1573516800,199,33,-166,232,46,0.07111256052385785,-0.5325054652308318
R343,1573531200,35,14,-21,49,46,0.7917040640018856,-1.0670277331901072
R343,1573545600,103,72,-31,175,46,0.7420080982447803,-0.6989960077099503
R343,1573560000,410,341,-69,751,46,0.5531634283677799,0.9834347373421957
R343,1573574400,474,168,-306,642,46,-0.6246309600756174,0.6650580859347583
R343,1573588800,942,182,-760,1124,46,-2.8808278054482006,2.0729254802318664
R343,1573603200,290,67,-223,357,46,-0.21215444429164274,-0.16739462646083475
R343,1573617600,34,7,-27,41,46,0.7618864845476224,-1.090394826871387
R343,1573632000,98,63,-35,161,46,0.7221297119419382,-0.73988842165219
R343,1573646400,356,255,-101,611,46,0.39413633794504277,0.5745105979197991
R343,1573660800,486,181,-305,667,46,-0.6196613634999067,0.7380802536887577
R343,1573675200,912,240,-672,1152,46,-2.443503306785674,2.154710308116346
R343,1573689600,314,53,-261,367,46,-0.40099911416864314,-0.138185759359235
R343,1573704000,50,10,-40,60,46,0.6972817290633855,-1.0348979793783475
R343,1573718400,100,78,-22,178,46,0.7867344674261751,-0.6902333475794704
R343,1573732800,396,282,-114,678,46,0.32953158246080577,0.7702100075005175
R343,1573747200,533,222,-311,755,46,-0.64947894295417,0.9951182841828355
R343,1573761600,915,268,-647,1183,46,-2.3192633923929105,2.245257796131305
R343,1573776000,327,87,-240,414,46,-0.29663758607872187,-0.0009040839817161435
R343,1573790400,44,9,-35,53,46,0.7221297119419382,-1.0553441863494675
R343,1573804800,90,47,-43,137,46,0.6823729393362539,-0.8099897026960294
R343,1573819200,412,261,-151,673,46,0.14565650915951592,0.7556055739497176
R343,1573833600,494,238,-256,732,46,-0.3761511312900905,0.9279378898491562
R343,1573848000,824,193,-631,1017,46,-2.2397498471815416,1.760390602244749
R343,1573862400,263,65,-198,328,46,-0.08791452989887932,-0.2521003410554741
R343,1573876800,67,14,-53,81,46,0.6326769735791485,-0.9735593584649881
R343,1573891200,14,17,3,31,46,0.9109743818189385,-1.1196036939729868
R343,1573905600,142,89,-53,231,46,0.6326769735791485,-0.5354263519409916
R343,1573920000,250,117,-133,367,46,0.23510924752230558,-0.138185759359235
R343,1573934400,265,123,-142,388,46,0.19038287834091075,-0.07684713844587551
R343,1573948800,158,107,-51,265,46,0.6426161667305695,-0.43611620379555255
R343,1573963200,52,12,-40,64,46,0.6972817290633855,-1.0232144325377077
R343,1573977600,13,13,0,26,46,0.8960655920918069,-1.1342081275237867
R343,1573992000,108,61,-47,169,46,0.6624945530334118,-0.7165213279709102
R343,1574006400,249,109,-140,358,46,0.2003220714923318,-0.16447373975067478
R343,1574020800,194,78,-116,272,46,0.3195923893093847,-0.4156699968244327
R343,1574035200,92,41,-51,133,46,0.6426161667305695,-0.8216732495366693
R343,1574049600,16,6,-10,22,46,0.8463696263347016,-1.1458916743644265
R343,1574064000,81,61,-20,142,46,0.7966736605775963,-0.7953852691452296
R343,1574078400,369,233,-136,602,46,0.22020045779517397,0.5482226175283593
R343,1574092800,496,183,-313,679,46,-0.6594181361055911,0.7731308942106774
R343,1574107200,820,214,-606,1034,46,-2.1155099327887785,1.8100456763174686
R343,1574121600,267,48,-219,315,47,-0.24703410784907873,-0.28293603138728785
R343,1574136000,27,4,-23,31,47,0.7493327592815513,-1.1127518618243595
R343,1574150400,91,69,-22,160,47,0.7544162637056872,-0.735828474055408
R343,1574164800,387,363,-24,750,47,0.7442492548574154,0.9880846948103394
R343,1574179200,498,182,-316,680,47,-0.7401340369902579,0.7835526239279627
R343,1574193600,865,259,-606,1124,47,-2.2143503199896593,2.08087033066761
R343,1574208000,252,45,-207,297,47,-0.18603205475944834,-0.33552999247132764
R343,1574222400,29,4,-25,33,47,0.7391657504332796,-1.1069080883705773
R343,1574236800,89,73,-16,162,47,0.7849172902505024,-0.7299847006016258
R343,1574251200,394,300,-94,694,47,0.3884039451679047,0.824459038104438
R343,1574265600,486,212,-274,698,47,-0.5266268511765515,0.8361465850120023
R343,1574280000,900,251,-649,1151,47,-2.4329410102275015,2.1597612722936694
R343,1574294400,274,48,-226,322,47,-0.2826186388180298,-0.2624828242990502
R343,1574308800,41,6,-35,47,47,0.6883307061919208,-1.0660016741941019
R343,1574323200,94,65,-29,159,47,0.7188317327367361,-0.738750360782299
R343,1574337600,396,323,-73,719,47,0.49515753807475793,0.8975062062767154
R343,1574352000,521,167,-354,688,47,-0.9333072051074208,0.8069277177430915
R343,1574366400,939,212,-727,1151,47,-2.8294543553100993,2.1597612722936694
R343,1574380800,303,76,-227,379,47,-0.2877021432421657,-0.09593528086625763
R343,1574395200,38,6,-32,44,47,0.7035812194643285,-1.0747673343747752
R343,1574409600,81,49,-32,130,47,0.7035812194643285,-0.8234850758621408
R343,1574424000,381,277,-104,658,47,0.337568900926546,0.7192711159363585
R343,1574438400,564,210,-354,774,47,-0.9333072051074208,1.0582099762557258
R343,1574452800,775,222,-553,997,47,-1.9449245855104584,1.7097907163524406
R343,1574467200,242,80,-162,322,47,0.04272564432666571,-0.2624828242990502
R343,1574481600,51,14,-37,65,47,0.6781636973436491,-1.0134077131100623
R343,1574496000,16,27,11,43,47,0.9221719097021708,-1.0776892211016664
R343,1574510400,147,115,-32,262,47,0.7035812194643285,-0.43779602791251604
R343,1574524800,270,156,-114,426,47,0.28673385668518736,0.04139339529762393
R343,1574539200,270,142,-128,412,47,0.2155647947472852,0.0004869811211485716
R343,1574553600,179,74,-105,253,47,0.33248539650241016,-0.4640930084545359
R343,1574568000,50,16,-34,66,47,0.6934142106160568,-1.010485826383171
R343,1574582400,17,14,-3,31,47,0.8510028477642686,-1.1127518618243595
R343,1574596800,98,59,-39,157,47,0.6679966884953774,-0.7445941342360812
R343,1574611200,213,125,-88,338,47,0.4189049717127199,-0.21573263666879264
R343,1574625600,186,78,-108,264,47,0.31723488323000254,-0.4319522544587338
R343,1574640000,83,32,-51,115,47,0.606994635405747,-0.8673133767655073
R343,1574654400,18,3,-15,21,47,0.7900007946746382,-1.1419707290932704
R343,1574668800,85,47,-38,132,47,0.6730801929195133,-0.8176413024083586
R343,1574683200,351,253,-98,604,47,0.36806992747136125,0.5614892326842392
R343,1574697600,449,183,-266,632,47,-0.4859588157834645,0.64330206103719
R343,1574712000,810,181,-629,991,47,-2.3312709217447845,1.692259395991094
R343,1574726400,225,36,-189,261,48,-0.5837503036509926,-0.012289922172491986
R343,1574740800,31,7,-24,38,48,0.6213106449046757,-0.9045954343241241
R343,1574755200,85,52,-33,137,48,0.5555800477107301,-0.5084598033689153
R343,1574769600,362,267,-95,629,48,0.10276926704132754,1.4602142413781836
R343,1574784000,515,194,-321,709,48,-1.5477990624955271,1.7803238421500696
R343,1574798400,770,225,-545,995,48,-3.1837605926559496,2.924715664909562
R343,1574812800,219,38,-181,257,48,-0.5253231061452632,-0.028295402211086285
R343,1574827200,31,24,-7,55,48,0.7454684396043506,-0.8365721441600984
R343,1574841600,54,50,-4,104,48,0.7673786386689991,-0.6405050136873183
R343,1574856000,280,172,-108,452,48,0.007825071094517312,0.7519717496703858
R343,1574870400,547,129,-418,676,48,-2.256228832252496,1.6482786318316665
R343,1574884800,455,158,-297,613,48,-1.3725174699783391,1.3961923212238063
R343,1574899200,121,33,-88,154,48,0.15389306485884074,-0.44043651320488947
R343,1574913600,44,6,-38,50,48,0.5190630492696493,-0.8565789942083413
R343,1574928000,24,15,-9,39,48,0.7308616402279182,-0.9005940643144756
R343,1574942400,109,38,-71,147,48,0.27805085955851566,-0.4684461032724295
R343,1574956800,154,63,-91,217,48,0.13198286579419222,-0.18835020259702928
R343,1574971200,110,72,-38,182,48,0.5190630492696493,-0.3283981529347294
R343,1574985600,103,40,-63,143,48,0.336478057064245,-0.48445158331102384
R343,1575000000,16,5,-11,21,48,0.7162548408514859,-0.9726187244881499
R343,1575014400,21,36,15,57,48,0.9061432327451063,-0.8285694041408013
R343,1575028800,116,96,-20,212,48,0.6505242436575404,-0.20835705264527216
R343,1575043200,277,95,-182,372,48,-0.5326265058334794,0.43186214889849983
R343,1575057600,247,102,-145,349,48,-0.262400717369481,0.3398306386765826
R343,1575072000,112,44,-68,156,48,0.29996105862316413,-0.43243377318559234
R343,1575086400,35,16,-19,51,48,0.6578276433457565,-0.8525776241986927
R343,1575100800,14,15,1,29,48,0.8038956371100799,-0.9406077644109614
R343,1575115200,98,63,-35,161,48,0.5409732483342978,-0.41242692313734947
R343,1575129600,214,110,-104,324,48,0.037038669847381994,0.2397963884353682
R343,1575144000,182,100,-82,282,48,0.19771346298813774,0.07173884803012809
R343,1575158400,140,39,-101,179,48,0.05894886891203051,-0.3404022629636751
R343,1575172800,25,10,-15,35,48,0.6870412420986212,-0.9165995443530699
R343,1575187200,11,8,-3,19,48,0.7746820383572153,-0.980621464507447
R343,1575201600,99,66,-33,165,48,0.5555800477107301,-0.39642144309875516
R343,1575216000,175,70,-105,245,48,0.029735270159165824,-0.07631184232686919
R343,1575230400,118,90,-28,208,48,0.592097046151811,-0.22436253268386644
R343,1575244800,56,23,-33,79,48,0.5555800477107301,-0.7405392639285326
R343,1575259200,17,3,-14,20,48,0.6943446417868374,-0.9766200944977985
R343,1575273600,82,48,-34,130,48,0.548276648022514,-0.5364693934364553
R343,1575288000,344,257,-87,601,48,0.1611964645470569,1.3481758811080233
R343,1575302400,482,165,-317,647,48,-1.5185854637426626,1.5322389015518578
R343,1575316800,716,175,-541,891,48,-3.154546993903085,2.50857318390611
R343,1575331200,193,37,-156,230,49,0.09705125494982084,-0.5571633442756267
R343,1575345600,24,5,-19,29,49,0.8337701480649521,-1.1377080187232742
R343,1575360000,83,68,-15,151,49,0.8552801887398463,-0.7853376193072892
R343,1575374400,374,298,-76,672,49,0.5272520684477077,0.7194572831167126
R343,1575388800,480,195,-285,675,49,-0.5966475568155217,0.728122129003991
R343,1575403200,862,315,-547,1177,49,-2.005555221021101,2.1780396741418966
R343,1575417600,267,49,-218,316,49,-0.23635437551104146,-0.3087710955069815
R343,1575432000,33,9,-24,42,49,0.8068825972213342,-1.1001603532117348
R343,1575446400,102,79,-23,181,49,0.8122601073900577,-0.698689160434506
R343,1575460800,418,291,-127,709,49,0.2529990498428048,0.8263237157264786
R343,1575475200,475,217,-258,692,49,-0.45145478225998487,0.7772229223652347
R343,1575489600,837,264,-573,1101,49,-2.1453704854079145,1.9585302449975126
R343,1575504000,334,56,-278,390,49,-0.5590049856344566,-0.0950382302874496
R343,1575518400,32,8,-24,40,49,0.8068825972213342,-1.1059369171365871
R343,1575532800,109,63,-46,172,49,0.6885773735094153,-0.7246836980963409
R343,1575547200,379,307,-72,686,49,0.548762109122602,0.7598932305906781
R343,1575561600,505,204,-301,709,49,-0.6826877195150991,0.8263237157264786
R343,1575576000,890,238,-652,1128,49,-2.5701937887370776,2.0365138579830173
R343,1575590400,257,49,-208,306,49,-0.1825792738238056,-0.3376539151312426
R343,1575604800,47,6,-41,53,49,0.7154649243530332,-1.0683892516250477
R343,1575619200,79,55,-24,134,49,0.8068825972213342,-0.834438412668533
R343,1575633600,398,249,-149,647,49,0.13469382613088593,0.64725023405606
R343,1575648000,543,170,-373,713,49,-1.069868451663197,0.837876843576183
R343,1575662400,827,257,-570,1084,49,-2.1292379549017437,1.9094294516362686
R343,1575676800,255,74,-181,329,49,-0.03738649926826879,-0.27122342999544213
R343,1575691200,64,18,-46,82,49,0.6885773735094153,-0.9846290747146906
R343,1575705600,24,17,-7,41,49,0.8983002700896351,-1.103048635174161
R343,1575720000,173,121,-52,294,49,0.6563123124970738,-0.3723132986803559
R343,1575734400,356,125,-231,481,49,-0.30626200770444806,0.16779542829332617
R343,1575748800,339,182,-157,521,49,0.09167374478109726,0.2833267067903704
R343,1575763200,187,73,-114,260,49,0.3229066820362114,-0.47051488540284353
R343,1575777600,54,19,-35,73,49,0.7477299853653747,-1.0106236123765255
R343,1575792000,18,14,-4,32,49,0.9144328005958059,-1.129043172835996
R343,1575806400,117,92,-25,209,49,0.8015050870526106,-0.617817265486575
R343,1575820800,244,130,-114,374,49,0.3229066820362114,-0.1412507416862673
R343,1575835200,240,126,-114,366,49,0.3229066820362114,-0.16435699738567616
R343,1575849600,114,22,-92,136,49,0.4412119057481303,-0.8286618487436808
R343,1575864000,13,3,-10,16,49,0.8821677395834643,-1.1752556842348136
R343,1575878400,85,60,-25,145,49,0.8015050870526106,-0.8026673110818459
R343,1575892800,355,265,-90,620,49,0.4519669260855775,0.569266621070555
R343,1575907200,427,165,-262,592,49,-0.47296482293487924,0.488394726122624
R343,1575921600,923,231,-692,1154,49,-2.785294195486021,2.111609189006096
R343,1575936000,234,46,-188,280,50,-0.017998531036983456,-0.4182721868654034
R343,1575950400,28,4,-24,32,50,0.6379479334219691,-1.1088290260459457
R343,1575964800,87,93,6,180,50,0.7579381403351921,-0.6967225252446544
R343,1575979200,427,293,-134,720,50,0.19798384140681802,0.8069093020033008
R343,1575993600,504,205,-299,709,50,-0.4619622966159087,0.7762797647815832
R343,1576008000,880,242,-638,1122,50,-1.817851634735329,1.9262796622878895
R343,1576022400,274,79,-195,353,50,-0.04599624598340216,-0.21500343984855022
R343,1576036800,38,7,-31,45,50,0.6099502184755504,-1.0726304820566432
R343,1576051200,85,60,-25,145,50,0.633948259858195,-0.7941801436773922
R343,1576065600,399,286,-113,685,50,0.28197698624607415,0.709451683570563
R343,1576080000,466,201,-265,667,50,-0.32597339544758924,0.6593306226622978
R343,1576094400,855,300,-555,1155,50,-1.4858787289420785,2.018168273953042
R343,1576108800,355,59,-296,414,50,-0.4499632759245864,-0.04514873343720714
R343,1576123200,61,6,-55,67,50,0.513958052944972,-1.0113714076132079
R343,1576137600,103,66,-37,169,50,0.5859521770929058,-0.727352062466372
R343,1576152000,444,213,-231,657,50,-0.1899844942792698,0.6314855888243727
R343,1576166400,499,104,-395,603,50,-0.8459309587382224,0.4811224060995772
R343,1576180800,881,160,-721,1041,50,-2.1498245405285794,1.7007348882006963
R343,1576195200,307,51,-256,358,50,-0.28997633337362233,-0.20108092292958768
R343,1576209600,58,9,-49,67,50,0.5379560943276166,-1.0113714076132079
R343,1576224000,84,56,-28,140,50,0.6219492391668727,-0.8081026605963547
R343,1576238400,416,203,-213,619,50,-0.11799037013133598,0.5256744602402573
R343,1576252800,670,126,-544,796,50,-1.4418823197405635,1.0185315591715316
R343,1576267200,830,167,-663,997,50,-1.9178434738296815,1.5782167393138258
R343,1576281600,317,1076,759,1393,50,3.7696923338570905,2.6808800792956595
R343,1576296000,103,17,-86,120,50,0.3899681724679749,-0.863792728272205
R343,1576310400,17,20,3,37,50,0.7459391196438698,-1.0949065091269832
R343,1576324800,143,62,-81,205,50,0.40996654028684537,-0.6271099406498416
R343,1576339200,328,73,-255,401,50,-0.2859766598098482,-0.08134727742650977
R343,1576353600,299,96,-203,395,50,-0.07799363449359498,-0.09805429772926483
R343,1576368000,188,40,-148,228,50,0.1419884115139806,-0.5630663628226139
R343,1576382400,83,10,-73,93,50,0.44196392879703816,-0.9389743196346028
R343,1576396800,13,12,-1,25,50,0.7299404253887735,-1.1283205497324933
R343,1576411200,105,45,-60,150,50,0.4939596851261015,-0.7802576267584297
R343,1576425600,242,81,-161,323,50,0.08999265518491728,-0.2985385413623255
R343,1576440000,227,68,-159,295,50,0.09799200231246548,-0.37650463610851576
R343,1576454400,116,24,-92,140,50,0.3659701310853303,-0.8081026605963547
R343,1576468800,25,5,-20,30,50,0.6539466276770656,-1.1143980328135308
R343,1576483200,79,65,-14,144,50,0.6779446690597102,-0.7969646470611847
R343,1576497600,378,197,-181,575,50,0.009999183909435253,0.4031563113533869
R343,1576512000,420,129,-291,549,50,-0.42996490810571586,0.33075922337478164
R343,1576526400,820,125,-695,945,50,-2.0458330278704526,1.4334225633566153
R343,1576540800,258,31,-227,289,51,-0.20912011858137006,-0.15268237941587653
R343,1576555200,37,5,-32,42,51,0.8079189379396635,-1.0355848342989884
R343,1576569600,89,64,-25,153,51,0.844428032276316,-0.6388149051814767
R343,1576584000,426,214,-212,640,51,-0.13088634500282903,1.1019684775232825
R343,1576598400,453,120,-333,573,51,-0.7619721185363935,0.8624767185064061
R343,1576612800,890,113,-777,1003,51,-3.077691816461208,2.3995133808535236
R343,1576627200,216,33,-183,249,51,0.020365617249016997,-0.2956625340528177
R343,1576641600,35,7,-28,42,51,0.8287812775606078,-1.0355848342989884
R343,1576656000,82,62,-20,144,51,0.8705059568024963,-0.6709854399747884
R343,1576670400,423,226,-197,649,51,-0.052652571424287975,1.1341390123165942
R343,1576684800,495,130,-365,625,51,-0.9288708355039477,1.0483509195344296
R343,1576699200,835,168,-667,1003,51,-2.5039774768852405,2.3995133808535236
R343,1576713600,337,39,-298,376,51,-0.5794266468531309,0.1582994569194706
R343,1576728000,37,12,-25,49,51,0.844428032276316,-1.0105633072375237
R343,1576742400,88,58,-30,146,51,0.8183501077501356,-0.6638364322429413
R343,1576756800,375,209,-166,584,51,0.10903056063803018,0.9017962610315648
R343,1576771200,478,133,-345,611,51,-0.8245591373992263,0.9983078654115002
R343,1576785600,794,145,-649,939,51,-2.4100969485909913,2.170745133434418
R343,1576800000,263,55,-208,318,51,-0.11002400538188474,-0.04902176730409415
R343,1576814400,50,16,-34,66,51,0.7974877681291913,-0.9497967415168237
R343,1576828800,62,61,-1,123,51,0.9696020700019816,-0.7460500211591825
R343,1576843200,369,163,-206,532,51,-0.0995928355714126,0.7159220600035413
R343,1576857600,499,127,-372,626,51,-0.9653799298406002,1.051925423400353
R343,1576872000,665,114,-551,779,51,-1.8989696278778565,1.5988245148866531
R343,1576886400,191,36,-155,227,51,0.16640199459562693,-0.3743016191031354
R343,1576900800,43,8,-35,51,51,0.7922721832239553,-1.0034142995056767
R343,1576915200,14,16,2,30,51,0.9852488247176898,-1.078478880690071
R343,1576929600,128,42,-86,170,51,0.5262773530569157,-0.5780483394607766
R343,1576944000,215,56,-159,271,51,0.14553965497468266,-0.21702344900250006
R343,1576958400,221,83,-138,304,51,0.25506693798464014,-0.09906482142702358
R343,1576972800,151,31,-120,182,51,0.3489474662788894,-0.5351542930696942
R343,1576987200,47,6,-41,53,51,0.7609786737925389,-0.9962652917738296
R343,1577001600,14,12,-2,26,51,0.9643864850967456,-1.092776896153765
R343,1577016000,107,35,-72,142,51,0.5992955417302207,-0.6781344477066354
R343,1577030400,187,49,-138,236,51,0.25506693798464014,-0.34213108430982364
R343,1577044800,143,36,-107,179,51,0.4167500700469583,-0.5458778046674648
R343,1577059200,84,14,-70,98,51,0.6097267115406929,-0.8354126178072707
R343,1577073600,19,5,-14,24,51,0.9017994662339127,-1.099925903885612
R343,1577088000,38,37,-1,75,51,0.9696020700019816,-0.9176262067235119
R343,1577102400,231,116,-115,347,51,0.37502539080506975,0.054638844807688214
R343,1577116800,364,78,-286,442,51,-0.5168396279902981,0.3942167120704236
R343,1577131200,438,76,-362,514,51,-0.9132240807882395,0.6515809904169177
R343,1577145600,116,29,-87,145,52,-0.014743870092060114,-0.14775584722236715
R343,1577160000,35,24,-11,59,52,0.8256567251553694,-0.8107299095418583
R343,1577174400,29,31,2,60,52,0.969409458552956,-0.803020908817213
R343,1577188800,153,75,-78,228,52,0.08477725302934601,0.49209121292318825
R343,1577203200,321,53,-268,374,52,-2.0162242350892274,1.6176053187213941
R343,1577217600,163,57,-106,220,52,-0.2248440189039175,0.43041920712602627
R343,1577232000,95,10,-85,105,52,0.007371935046030136,-0.45611587620817695
R343,1577246400,20,4,-16,24,52,0.7703672123101438,-1.0805449349044418
R343,1577260800,7,9,2,16,52,0.969409458552956,-1.1422169407016038
R343,1577275200,38,14,-24,52,52,0.6819039917577828,-0.864692914614375
R343,1577289600,99,52,-47,151,52,0.4275722326697449,-0.10150184287449567
R343,1577304000,92,23,-69,115,52,0.18429837615075215,-0.3790258689617245
R343,1577318400,60,12,-48,72,52,0.41651433010069977,-0.7105129001214701
R343,1577332800,22,3,-19,25,52,0.7371935046030084,-1.0728359341797966
R343,1577347200,18,28,10,46,52,1.057872679105317,-0.9109469189622464
R343,1577361600,149,80,-69,229,52,0.18429837615075215,0.4998002136478335
R343,1577376000,258,64,-194,322,52,-1.1979394449798886,1.2167372810398414
R343,1577390400,312,66,-246,378,52,-1.772950378570235,1.6484413216199751
R343,1577404800,104,23,-81,127,52,0.051603545322210634,-0.2865178602659816
R343,1577419200,35,16,-19,51,52,0.7371935046030084,-0.8724019153390202
R343,1577433600,31,39,8,70,52,1.0357568739672267,-0.7259309015707606
R343,1577448000,168,82,-86,250,52,-0.0036859675230149895,0.6616892288653836
R343,1577462400,304,78,-226,382,52,-1.5517923271893324,1.6792773245185562
R343,1577476800,369,70,-299,439,52,-2.3590192147296265,2.118690365823335
