remote_unit_id,time_stamp,entries,exits,num_people_exited,sum_exit_entry,week_num,z_score_num_people_exited,z_score_sum_exit_entry
R160,1546300800,0,0,0,0,1,-0.8202541107580897,-1.4632965295491784
R160,1546315200,199,151,-48,350,1,-1.0184285792825774,-0.8702865187859198
R160,1546329600,37,75,38,112,1,-0.6633659898428704,-1.2735333261049357
R160,1546344000,89,298,209,387,1,0.04263055427561656,-0.807596889076661
R160,1546358400,264,514,250,778,1,0.21190457947361635,-0.1451199913382778
R160,1546372800,308,561,253,869,1,0.22429048375639682,0.00906261146016946
R160,1546387200,312,216,-96,528,1,-1.2166030478070646,-0.5686985704548911
R160,1546401600,65,32,-33,97,1,-0.956499057868675,-1.2989480408519325
R160,1546416000,188,301,113,489,1,-0.3537183827733586,-0.6347768287970829
R160,1546430400,576,964,388,1540,1,0.7816561764815181,1.1459475178091596
R160,1546444800,430,840,410,1270,1,0.8724861412219083,0.6884826523632173
R160,1546459200,697,1361,664,2058,1,1.9211593704973218,2.0236023337387827
R160,1546473600,423,335,-88,758,1,-1.1835739697196501,-0.17900627766760685
R160,1546488000,82,63,-19,145,1,-0.8986981712156994,-1.2176209536615428
R160,1546502400,197,306,109,503,1,-0.37023292181706585,-0.6110564283665525
R160,1546516800,655,1015,360,1670,1,0.666054403175567,1.3662083789497985
R160,1546531200,450,839,389,1289,1,0.7857848112424449,0.7206746243760799
R160,1546545600,700,1289,589,1989,1,1.61151176342781,1.9066946459025973
R160,1546560000,495,474,-21,969,1,-0.906955440737553,0.1784940431068148
R160,1546574400,97,60,-37,157,1,-0.9730135969123822,-1.1972891818639453
R160,1546588800,195,321,126,516,1,-0.3000461308813099,-0.5890303422524885
R160,1546601691,606,354,-252,960,1,-1.8606700705116492,0.1632452142586167
R160,1546603200,294,970,676,1264,1,1.9707029876284436,0.6783167664644185
R160,1546617600,486,920,434,1406,1,0.971573375484152,0.9189093994026549
R160,1546632000,710,1285,575,1995,1,1.5537108767748344,1.916860531801396
R160,1546646400,509,555,46,1064,1,-0.6303369117554558,0.33945390317112784
R160,1546660800,214,96,-118,310,1,-1.307433012547455,-0.938059091444578
R160,1546675200,68,103,35,171,1,-0.6757518941256508,-1.173568781433415
R160,1546689600,206,573,367,779,1,0.6949548465020547,-0.14342567702181133
R160,1546704000,374,732,358,1106,1,0.6577971336537134,0.4106151044627189
R160,1546718400,412,872,460,1284,1,1.0789178792682497,0.7122030527937476
R160,1546732800,379,513,134,892,1,-0.26701705279389526,0.04803184073889789
R160,1546747200,195,75,-120,270,1,-1.3156902820693086,-1.005831664103236
R160,1546761600,42,56,14,98,1,-0.7624532241051142,-1.297253726535466
R160,1546776000,145,458,313,603,1,0.47200856941200625,-0.4416249967199071
R160,1546790400,370,704,334,1074,1,0.5587098993914695,0.3563970463357924
R160,1546804800,400,697,297,1097,1,0.40595041323717707,0.3953662756145208
R160,1546819200,351,228,-123,579,1,-1.328076186352089,-0.482288540315102
R160,1546833600,62,50,-12,112,1,-0.8697977278892116,-1.2735333261049357
R160,1546848000,232,366,134,598,1,-0.26701705279389526,-0.4500965683022394
R160,1546862400,658,1083,425,1741,1,0.9344156626358106,1.4865046954189167
R160,1546876800,404,830,426,1234,1,0.9385442973967374,0.6274873369704249
R160,1546891200,721,1305,584,2026,1,1.5908685896231758,1.9693842756118562
R160,1546905600,425,359,-66,784,2,-1.1161653969760743,-0.3098820153560246
R160,1546920000,96,32,-64,128,2,-1.1075105559028728,-1.3352055757125982
R160,1546934400,234,380,146,614,2,-0.198752243216731,-0.5755908648386733
R160,1546948800,680,1062,382,1742,2,0.8225190034210285,1.187465501140313
R160,1546963200,494,829,335,1323,2,0.6191302382007967,0.5325713368271966
R160,1546977600,746,1345,599,2091,2,1.761569259863375,1.7329501391958682
R160,1546992000,439,404,-35,843,2,-0.9820153603414532,-0.21766541465322303
R160,1547006400,64,39,-25,103,2,-0.9387411549754465,-1.37428040651887
R160,1547020800,237,340,103,577,2,-0.38483132629056005,-0.6334216144319555
R160,1547035200,709,1049,340,1758,2,0.6407673408838,1.212473392856327
R160,1547049600,481,862,381,1343,2,0.8181915828844278,0.5638312014722141
R160,1547064000,730,1244,514,1974,2,1.3937385142523175,1.5500799310225157
R160,1547078400,486,382,-104,868,2,-1.2806073773669,-0.17859058384695117
R160,1547092800,77,56,-21,133,2,-0.9214314728290438,-1.3273906095513437
R160,1547107200,254,380,126,634,2,-0.2853006539487445,-0.5443310001936558
R160,1547121600,689,992,303,1681,2,0.4806527810295751,1.0921229139730095
R160,1547136000,451,872,421,1323,2,0.9912884043484548,0.5325713368271966
R160,1547150400,757,1380,623,2137,2,1.865427352741791,1.8048478278794082
R160,1547164800,500,413,-87,913,2,-1.2070412282446885,-0.10825588839566183
R160,1547179200,91,48,-43,139,2,-1.0166347246342586,-1.3180126501578384
R160,1547193600,211,347,136,558,2,-0.24202644858273772,-0.6631184858447222
R160,1547208000,700,1150,450,1850,2,1.1167835999098743,1.3562687702234073
R160,1547222400,511,1030,519,1541,2,1.4153756169353209,0.8733038614578872
R160,1547236800,732,1416,684,2148,2,2.1294000054744324,1.8220407534341678
R160,1547251200,553,562,9,1115,2,-0.7916088567310235,0.20746874451901479
R160,1547265600,177,81,-96,258,2,-1.2459880130740946,-1.1320164555199845
R160,1547280000,65,94,29,159,2,-0.70506044599901,-1.2867527855128211
R160,1547294400,188,535,347,723,2,0.6710592846400049,-0.4052246025233279
R160,1547308800,409,755,346,1164,2,0.6667318641034041,0.28405541289930764
R160,1547323200,447,791,344,1238,2,0.6580770230302028,0.3997169120858723
R160,1547337600,388,414,26,802,2,-0.7180427076088121,-0.2817481371755089
R160,1547352000,194,79,-115,273,2,-1.3282090032695075,-1.1085715570362213
R160,1547366400,55,48,-7,103,2,-0.8608475853166343,-1.37428040651887
R160,1547380800,164,395,231,559,2,0.16907850239432645,-0.6615554926124714
R160,1547395200,391,350,-41,741,2,-1.0079798835610574,-0.3770907243428122
R160,1547409600,383,584,201,967,2,0.03925588629630618,-0.023854253854114618
R160,1547424000,284,168,-116,452,2,-1.3325364238061082,-0.8287957684633148
R160,1547438400,60,30,-30,90,2,-0.9603782576584499,-1.3945993185381313
R160,1547452800,201,385,184,586,2,-0.034310262825905304,-0.6193546753416977
R160,1547467200,686,1075,389,1761,2,0.8528109471772332,1.2171623725530796
R160,1547481600,424,783,359,1207,2,0.7229883310792129,0.3512641218860952
R160,1547496000,734,1118,384,1852,2,0.8311738444942298,1.3593947566879092
R160,1547510400,373,313,-60,686,3,-1.1125568551396494,-0.3375686035946926
R160,1547524800,73,39,-34,112,3,-0.9893780975798302,-1.2622480599588386
R160,1547539200,244,374,130,618,3,-0.2124043960486627,-0.4471125113172743
R160,1547553600,694,1002,308,1696,3,0.630896328783946,1.2894806140495365
R160,1547568000,455,879,424,1334,3,1.180463093281601,0.7063203994087336
R160,1547582400,721,1357,636,2078,3,2.184843731846281,1.904859625079334
R160,1547596800,428,357,-71,785,3,-1.164670944876496,-0.17808556146916912
R160,1547611200,83,45,-38,128,3,-1.0083286756659562,-1.2364730228476428
R160,1547625600,235,364,129,599,3,-0.21714204057019423,-0.4777203678868192
R160,1547640000,728,1122,394,1850,3,1.0383337576356557,1.5375653462447951
R160,1547654400,472,812,340,1284,3,0.7825009534729542,0.625773408436247
R160,1547668800,809,1239,430,2048,3,1.2088889604107902,1.856531430495842
R160,1547683200,482,464,-18,946,3,-0.9135757852353261,0.08127574946223767
R160,1547697600,81,48,-33,129,3,-0.9846404530582987,-1.2348620830281931
R160,1547712000,242,341,99,583,3,-0.3592713762161395,-0.5034954049980149
R160,1547726400,722,1131,409,1853,3,1.1093984254586284,1.5423981657031443
R160,1547740800,486,796,310,1282,3,0.6403716178270089,0.6225515287973475
R160,1547755200,768,1282,514,2050,3,1.6068511002194368,1.8597533101347414
R160,1547769600,506,415,-91,921,3,-1.2594238353071263,0.04100225397599438
R160,1547784000,89,33,-56,122,3,-1.0936062770535235,-1.2461386617643413
R160,1547798400,206,350,144,556,3,-0.14607737274722157,-0.5469907801231577
R160,1547812800,674,1087,413,1761,3,1.1283490035447545,1.394191702313769
R160,1547827200,512,942,430,1454,3,1.2088889604107902,0.8996331777427014
R160,1547841600,682,1292,610,1974,3,2.0616649742864617,1.7373218838565618
R160,1547856000,482,516,34,998,3,-0.6672182701156876,0.16504462007362372
R160,1547870400,162,66,-96,228,3,-1.2831120579147839,-1.0753790409026698
R160,1547884800,63,96,33,159,3,-0.6719559146372192,-1.1865338884447012
R160,1547899200,196,423,227,619,3,0.24714712253989368,-0.4455015714978246
R160,1547913600,366,611,245,977,3,0.33242472392746086,0.13121488386517935
R160,1547928000,444,706,262,1150,3,0.4129646807934965,0.40990747262998295
R160,1547942400,338,294,-44,632,3,-1.0367545427951452,-0.42455935384497806
R160,1547956800,133,46,-87,179,3,-1.2404732572210004,-1.1543150920557066
R160,1547971200,46,47,1,93,3,-0.8235605393262274,-1.2928559165283835
R160,1547985600,121,292,171,413,3,-0.01816097066587083,-0.7773551743044693
R160,1548000000,314,473,159,787,3,-0.07501270492424894,-0.17486368183026968
R160,1548014400,328,387,59,715,3,-0.5487771570773998,-0.29085134883065034
R160,1548028800,242,136,-106,378,3,-1.330488503130099,-0.83373806798521
R160,1548043200,62,19,-43,81,3,-1.0320168982736138,-1.3121871943617802
R160,1548057600,53,186,133,239,3,-0.1981914624840682,-1.0576587028887225
R160,1548072000,275,610,335,885,3,0.7588127308652967,-0.01699157952419596
R160,1548086400,346,725,379,1071,3,0.9672690898126831,0.2826432268934541
R160,1548100800,399,761,362,1160,3,0.8867291329466475,0.42601687082448025
R160,1548115200,235,205,-30,440,4,-1.0907956451306393,-0.8694233053668342
R160,1548129600,54,35,-19,89,4,-1.0398764182891362,-1.3955527075965402
R160,1548144000,199,349,150,548,4,-0.25757193317877175,-0.7075373354500015
R160,1548158400,686,1088,402,1774,4,0.9089412635538429,1.1301682119392282
R160,1548172800,429,810,381,1239,4,0.8117318304927916,0.328233083184548
R160,1548187200,772,1231,459,2003,4,1.1727954390052677,1.4734264259295493
R160,1548201600,433,383,-50,816,4,-1.1833760575697359,-0.30582029898971314
R160,1548216000,73,51,-22,124,4,-1.0537634801550009,-1.3430896617901593
R160,1548230400,226,351,125,577,4,-0.37329744872764226,-0.6640679546390001
R160,1548244800,732,1021,289,1753,4,0.3858619332729482,1.0986903844553997
R160,1548259200,500,957,457,1457,4,1.163537397761358,0.6550029113500065
R160,1548273600,803,1217,414,2020,4,0.9644895110173007,1.4989084767497916
R160,1548288000,480,428,-52,908,4,-1.1926340988136452,-0.1679174357272261
R160,1548302400,100,53,-47,153,4,-1.1694889957038712,-1.299620280979158
R160,1548316800,206,321,115,527,4,-0.41958765494719047,-0.7390151629338301
R160,1548331200,707,1033,326,1740,4,0.5571356962852766,1.079204110298744
R160,1548345600,478,866,388,1344,4,0.8441349748464754,0.48562222060369087
R160,1548360000,777,1301,524,2078,4,1.4736817794323311,1.585847238371794
R160,1548374400,552,463,-89,1015,4,-1.3639078618259737,-0.007530409976290046
R160,1548388800,101,71,-30,172,4,-1.0907956451306393,-1.2711403418271225
R160,1548403200,214,380,166,594,4,-0.18350760322749463,-0.638585903818758
R160,1548417600,738,1146,408,1884,4,0.9367153872855718,1.295052070187854
R160,1548432000,528,971,443,1499,4,1.0987311090539904,0.7179585663176636
R160,1548446400,797,1464,667,2261,4,2.1356317283718704,1.8601540207308715
R160,1548460800,564,631,67,1195,4,-0.6417806448010218,0.26227953988509767
R160,1548475200,162,82,-80,244,4,-1.3222466762283802,-1.1632163618825675
R160,1548489600,60,81,21,141,4,-0.8547155934109435,-1.317607610969917
R160,1548504000,237,584,347,821,4,0.6543451293463278,-0.29832557816023014
R160,1548518400,461,865,404,1326,4,0.9181993047977526,0.4586412256175521
R160,1548532800,542,983,441,1525,4,1.0894730678100808,0.7569311146309752
R160,1548547200,472,509,37,981,4,-0.7806512634596664,-0.058494511616774394
R160,1548561600,177,83,-94,260,4,-1.3870529649357477,-1.1392332552282218
R160,1548576000,51,57,6,108,4,-0.9241509027402658,-1.367072768444505
R160,1548590400,170,475,305,645,4,0.45992626322422536,-0.5621397513580315
R160,1548604800,379,670,291,1049,4,0.3951199745168579,0.0434336916641943
R160,1548619200,399,587,188,986,4,-0.08166914954448859,-0.0509997907872914
R160,1548633600,274,186,-88,460,4,-1.3592788412040189,-0.8394444220489022
R160,1548648000,69,35,-34,104,4,-1.1093117276184585,-1.3730685451080913
R160,1548662400,221,368,147,589,4,-0.2714589950446362,-0.646080624648241
R160,1548676800,715,1203,488,1918,4,1.3070370370419575,1.3460161718283383
R160,1548691200,520,879,359,1399,4,0.7098933768097856,0.5680641497280038
R160,1548705600,809,1266,457,2075,4,1.163537397761358,1.5813504058741041
R160,1548720000,444,417,-27,861,5,-1.0468021052178262,-0.28391905628480546
R160,1548734400,66,38,-28,104,5,-1.0513775749253036,-1.4351653865384857
R160,1548748800,230,413,183,643,5,-0.08595346664760793,-0.6154536665824307
R160,1548763200,747,1271,524,2018,5,1.4742817036021276,1.475647659836077
R160,1548777600,581,906,325,1487,5,0.5637632318141588,0.6681023475973661
R160,1548792000,866,1105,239,1971,5,0.17027283697111698,1.4041700144966809
R160,1548806400,478,422,-56,900,5,-1.179490726734666,-0.22460781866275326
R160,1548820800,80,52,-28,132,5,-1.0513775749253036,-1.3925829595277817
R160,1548835200,231,315,84,546,5,-0.5389249676878537,-0.7629713601552273
R160,1548849600,741,1197,456,1938,5,1.163149763493676,1.3539835826626367
R160,1548864000,576,982,406,1558,5,0.9343762781198145,0.7760792160887945
R160,1548878400,817,1109,292,1926,5,0.41277273146741017,1.3357339710866205
R160,1548892800,455,379,-76,834,5,-1.2710001208842105,-0.32498068233084165
R160,1548907200,68,62,-6,130,5,-0.9507172413608045,-1.3956245614571177
R160,1548921600,218,352,134,570,5,-0.3101514823139922,-0.7264721370031951
R160,1548936000,685,1117,432,1802,5,1.0533384905142225,1.147154651467788
R160,1548950400,477,925,448,1402,5,1.126546005833858,0.5388342656005856
R160,1548964800,730,1202,472,1932,5,1.2363572788133117,1.3448587768746285
R160,1548979200,455,410,-45,865,5,-1.1291605599524164,-0.27783585242613346
R160,1548993600,79,18,-61,97,5,-1.2023680752720523,-1.4458109932911618
R160,1549008000,176,408,232,584,5,0.13824454901877636,-0.705180923497843
R160,1549022400,664,1187,523,1851,5,1.4697062338946505,1.22167389873652
R160,1549036800,536,1003,467,1539,5,1.2134799302759256,0.7471839977601024
R160,1549051200,729,1296,567,2025,5,1.6710269010236485,1.4862932665887532
R160,1549065600,532,568,36,1100,5,-0.7585475136467608,0.07955237427084788
R160,1549080000,190,85,-105,275,5,-1.4036887424010502,-1.1751084215802567
R160,1549094400,57,101,44,158,5,-0.7219437559869429,-1.3530421344464134
R160,1549108800,251,579,328,830,5,0.5774896409365905,-0.33106388618951366
R160,1549123200,477,852,375,1329,5,0.7925367171880203,0.4278157951798212
R160,1549137600,572,1026,454,1598,5,1.1539988240787216,0.8369112546755147
R160,1549152000,484,480,-4,964,5,-0.94156630194585,-0.1272765569240009
R160,1549166400,207,78,-129,285,5,-1.5135000153805038,-1.1599004119335767
R160,1549180800,47,71,24,118,5,-0.8134531501364876,-1.4138741730331337
R160,1549195200,193,461,268,654,5,0.30296145848795664,-0.5987248559710826
R160,1549209600,402,626,224,1028,5,0.10164079135895851,-0.02994529518524852
R160,1549224000,473,666,193,1139,5,-0.04019876957283563,0.1388636118929001
R160,1549238400,369,230,-139,599,5,-1.559254712455276,-0.682368909027823
R160,1549252800,82,76,-6,158,5,-0.9507172413608045,-1.3530421344464134
R160,1549267200,237,366,129,603,5,-0.33302883085137835,-0.676285705169151
R160,1549281600,750,1220,470,1970,5,1.2272063393983572,1.4026492135320128
R160,1549296000,528,964,436,1492,5,1.0716403693441314,0.6757063524207061
R160,1549310400,784,1204,420,1988,5,0.9984328540244957,1.430023630896037
R160,1549324800,457,403,-54,860,6,-1.1017261502206888,-0.3531804814102977
R160,1549339200,72,42,-30,114,6,-1.0000190379006546,-1.4045677349539982
R160,1549353600,233,384,151,617,6,-0.23297789915372932,-0.6956564902723879
R160,1549368000,729,1188,459,1917,6,1.072263375620044,1.1365196888252138
R160,1549382400,548,1072,524,1620,6,1.34772013815347,0.7179379002159925
R160,1549396800,875,1349,474,2224,6,1.1358303208200653,1.5691951403505704
R160,1549411200,559,541,-18,1100,6,-0.9491654817406374,-0.014932571423048187
R160,1549425600,70,55,-15,125,6,-0.9364520927006331,-1.3890647057462493
R160,1549440000,243,366,123,609,6,-0.351636196860436,-0.7069314206052961
R160,1549454400,762,1297,535,2059,6,1.394335897966819,1.3366497022343364
R160,1549468800,566,1093,527,1659,6,1.3604335271934744,0.7729031855889205
R160,1549483200,852,1252,400,2104,6,0.8222333911666263,1.4000711853569456
R160,1549497600,506,405,-101,911,6,-1.3009025785140893,-0.28130280053800716
R160,1549512000,77,56,-21,133,6,-0.9618788707806416,-1.377789775413341
R160,1549526400,258,383,125,641,6,-0.3431606041670998,-0.6618316992736629
R160,1549540800,789,1301,512,2090,6,1.2968665819934528,1.380340057274356
R160,1549555200,590,1072,482,1662,6,1.16973269159341,0.7771312844637611
R160,1549569600,880,1355,475,2235,6,1.1400681171667335,1.5846981695583193
R160,1549584000,574,460,-114,1034,6,-1.3559939310207745,-0.1079507466695418
R160,1549598400,81,28,-53,109,6,-1.0974883538740208,-1.411614566412066
R160,1549612800,187,390,203,577,6,-0.0126124891269884,-0.7520311419369294
R160,1549627200,777,1135,358,1912,6,0.6442459446065663,1.129472857367146
R160,1549641600,604,982,378,1586,6,0.7290018715399282,0.6700194463011321
R160,1549656000,810,1450,640,2260,6,1.839304514366969,1.6199323268486578
R160,1549670400,600,621,21,1221,6,-0.7838914242205817,0.1556007498621901
R160,1549684800,191,78,-113,269,6,-1.3517561346741063,-1.1861159597538997
R160,1549699200,70,113,43,183,6,-0.6906599045938836,-1.307321460832664
R160,1549713600,273,557,284,830,6,0.33064901495312726,-0.39546147015870386
R160,1549728000,510,803,293,1313,6,0.36878918207314015,0.2852624486906358
R160,1549742400,618,1032,414,1650,6,0.8815625400199796,0.7602188889643986
R160,1549756800,492,490,-2,982,6,-0.8813607401939478,-0.18123779383344588
R160,1549771200,209,111,-98,320,6,-1.288189189474085,-1.1142382788816092
R160,1549785600,62,79,17,141,6,-0.8008426096072541,-1.3665148450804327
R160,1549800000,176,463,287,639,6,0.34336240399313156,-0.66465043185689
R160,1549814400,432,684,252,1116,6,0.19503953185974826,0.007617289242768447
R160,1549828800,520,573,53,1093,6,-0.6482819411272026,-0.024798135464342966
R160,1549843200,353,199,-154,552,6,-1.5255057848874982,-0.787265299227268
R160,1549857600,77,51,-26,128,6,-0.9830678525139821,-1.3848366068714086
R160,1549872000,240,333,93,573,6,-0.4787700872604788,-0.7576686071033836
R160,1549886400,711,1272,561,1983,6,1.5045186029801896,1.2295378640717074
R160,1549900800,526,971,445,1497,6,1.0129342267666905,0.544585846347527
R160,1549915200,838,1159,321,1997,6,0.4874474797798468,1.249268992154297
R160,1549929600,501,402,-99,903,7,-1.4329435633627445,-0.15764791414211216
R160,1549944000,77,48,-29,125,7,-1.1437580831124379,-1.3136854461231844
R160,1549958400,226,379,153,605,7,-0.3918758344616402,-0.6004489225358906
R160,1549972800,664,1171,507,1835,7,1.0705764513756253,1.2272196691565502
R160,1549987200,515,830,315,1345,7,0.2773819912604983,0.49912405132785437
R160,1550001600,737,1214,477,1951,7,0.9466398169826368,1.399585162356813
R160,1550016000,522,368,-154,890,7,-1.660160726416557,-0.1769647366559347
R160,1550030400,73,27,-46,100,7,-1.2139888426017982,-1.3508331817266894
R160,1550044800,263,379,116,642,7,-0.5447310168796595,-0.5454702738427033
R160,1550059200,802,1312,510,2114,7,1.0829701148149242,1.6417883984916648
R160,1550073600,596,1072,476,1668,7,0.9425085958362038,0.9790727953251376
R160,1550088000,867,1358,491,2225,7,1.004476913032698,1.8067243445712267
R160,1550102400,586,415,-171,1001,7,-1.7303914859059173,-0.012028790576372982
R160,1550116800,98,58,-40,156,7,-1.1892015157232003,-1.2676222539748383
R160,1550131200,275,414,139,689,7,-0.4497129305117015,-0.475632530908114
R160,1550145600,764,1250,486,2014,7,0.9838208073005333,1.4931974560776453
R160,1550160000,609,1040,431,1649,7,0.7566036442467209,0.9508405162664738
R160,1550174400,858,1327,469,2185,7,0.9135900478111731,1.7472879676056188
R160,1550188800,582,496,-86,1078,7,-1.3792376884591162,0.10238623508242209
R160,1550203200,134,74,-60,208,7,-1.2718259386518593,-1.1903549639195483
R160,1550217600,236,407,171,643,7,-0.317513853825847,-0.543984364418563
R160,1550232000,706,1141,435,1847,7,0.7731285288324528,1.2450505822462326
R160,1550246400,612,1077,465,1689,7,0.8970651632254414,1.0102768932320816
R160,1550260800,812,1404,592,2216,7,1.4217302488224264,1.7933511597539649
R160,1550275200,589,585,-4,1174,7,-1.0404775544516138,0.24503353979988088
R160,1550289600,85,98,13,183,7,-0.9702467949622537,-1.2275026995230531
R160,1550304000,19,74,55,93,7,-0.7967355068120696,-1.3612345476956706
R160,1550318400,139,649,510,788,7,1.0829701148149242,-0.32852749791823466
R160,1550332800,297,722,425,1019,7,0.7318163173681232,0.014717579058150543
R160,1550347200,405,881,476,1286,7,0.9425085958362038,0.4114553953035828
R160,1550361600,323,566,243,889,7,-0.020065931282674362,-0.1784506460800749
R160,1550376000,97,95,-2,192,7,-1.032215112158748,-1.2141295147057913
R160,1550390400,12,62,50,74,7,-0.8173916125442344,-1.3894668267543344
R160,1550404800,96,552,456,648,7,0.8598841729075448,-0.536554817297862
R160,1550419200,246,836,590,1082,7,1.4134678065295605,0.10832987277898287
R160,1550433600,342,854,512,1196,7,1.09123255710779,0.2777235471309652
R160,1550448000,226,288,62,514,7,-0.7678169587870389,-0.7356666801326484
R160,1550462400,40,46,6,86,7,-0.9991653429872844,-1.371635913664652
R160,1550476800,20,196,176,216,7,-0.29685774809368226,-1.1784676885264267
R160,1550491200,153,650,497,803,7,1.029264239911296,-0.30623885655613176
R160,1550505600,304,798,494,1102,7,1.016870576471997,0.1380480612617868
R160,1550520000,478,781,303,1259,7,0.22780733750330287,0.3713358408517975
R160,1550534400,292,266,-26,558,8,-1.0349391636315077,-0.8726774321534757
R160,1550548800,23,24,1,47,8,-0.925231887656828,-1.5673302541129894
R160,1550563200,233,331,98,564,8,-0.5310983406366824,-0.8645210389406438
R160,1550577600,730,1042,312,1772,8,0.3384334022737418,0.7776327945761713
R160,1550592000,536,1103,567,1639,8,1.3745576753679387,0.596832745025065
R160,1550606400,837,1160,323,1997,8,0.383128959152315,1.083497540057366
R160,1550620800,490,412,-78,902,8,-1.2462272506938539,-0.4050442212844489
R160,1550635200,85,25,-60,110,8,-1.173089066710734,-1.4816881253782548
R160,1550649600,221,345,124,566,8,-0.4254542971055094,-0.8618022412030332
R160,1550664000,754,1201,447,1955,8,0.8869697821471403,1.026402787567543
R160,1550678400,489,1002,513,1491,8,1.1551431234185794,0.395641712441879
R160,1550692800,839,1160,321,1999,8,0.3750024942653017,1.0862163377949767
R160,1550707200,527,417,-110,944,8,-1.3762506888860668,-0.34794946879462585
R160,1550721600,79,54,-25,133,8,-1.030875931188001,-1.4504219513957326
R160,1550736000,244,384,140,628,8,-0.36044257800940294,-0.777519511337104
R160,1550750400,774,1281,507,2055,8,1.1307637287575394,1.162342674448074
R160,1550764800,616,951,335,1567,8,0.4318877484743949,0.4989560264710826
R160,1550779200,850,1341,491,2191,8,1.065752009661433,1.3472209206055963
R160,1550793600,601,494,-107,1095,8,-1.3640609915555468,-0.14268023960502393
R160,1550808000,103,47,-56,150,8,-1.1568361369367075,-1.4273121706260423
R160,1550822400,213,356,143,569,8,-0.34825288067888294,-0.8577240445966172
R160,1550836800,723,1153,430,1876,8,0.8178948306075271,0.9190102769319235
R160,1550851200,566,1205,639,1771,8,1.6671104113004178,0.776273395707366
R160,1550865600,830,1390,560,2220,8,1.3461150482633921,1.3866434878009504
R160,1551484800,9881,7885,-1996,17766,9,-3.790550983210131,4.086073404354598
R160,1551499200,232,88,-144,320,9,-0.2865354661480456,-0.38586231220077294
R160,1551513600,72,91,19,163,9,0.02186330776184647,-0.42610614502773575
R160,1551528000,292,663,371,955,9,0.687853298045785,-0.223092669875159
R160,1551542400,545,777,232,1322,9,0.4248629325643434,-0.129019506515316
R160,1551556800,720,952,232,1672,9,0.4248629325643434,-0.03930395562718234
R160,1551571200,618,496,-122,1114,9,-0.2449110917552994,-0.18233617675740685
R160,1551585600,245,114,-131,359,9,-0.2619392449159683,-0.3758654365303809
R160,1551600000,70,91,21,161,9,0.025647341797550665,-0.4266188053185251
R160,1551614400,215,506,291,721,9,0.5364919366176172,-0.28307392389751124
R160,1551628800,472,850,378,1322,9,0.7010974171707497,-0.129019506515316
R160,1551643200,557,653,96,1210,9,0.16754861813645805,-0.15772848279951876
R160,1551657600,361,206,-155,567,9,-0.30734765334441866,-0.32254876628829005
R160,1551672000,141,59,-82,200,9,-0.16923041104121544,-0.41662192964813305
R160,1551686400,206,249,43,455,9,0.06727171619029683,-0.3512577425724928
R160,1551700800,691,810,119,1501,9,0.2110650095470563,-0.0831364104896705
R160,1551715200,397,887,490,1284,9,0.9130033231701847,-0.13876005204031336
R160,1551729600,646,1118,472,1764,9,0.8789470168488469,-0.015721582250872924
R160,1551744000,437,414,-23,851,10,-0.7498322901235263,-0.4325850288593182
R160,1551758400,92,41,-51,133,10,-0.8597005648787301,-1.4730248223097564
R160,1551772800,256,354,98,610,10,-0.2750443885028235,-0.7818134274965822
R160,1551787200,721,1294,573,2015,10,1.5887924153801005,1.2541446641438991
R160,1551801600,589,1022,433,1611,10,1.039451041604081,0.6687161452664938
R160,1551816000,883,1224,341,2107,10,0.678455281694125,1.3874600694328134
R160,1551830400,642,433,-209,1075,10,-1.4796715438545236,-0.10799099859065779
R160,1551844800,90,22,-68,112,10,-0.9264063031229611,-1.5034555126474434
R160,1551859200,236,392,156,628,10,-0.04746010508132962,-0.7557299786357078
R160,1551873600,761,1183,422,1944,10,0.9962885050931078,1.151259949192672
R160,1551888000,579,1101,522,1680,10,1.3886752006474077,0.7687026992331795
R160,1551902400,927,1326,399,2253,10,0.9060395651156189,1.599025821304351
R160,1551916800,608,442,-166,1050,10,-1.3109452647661748,-0.14421801089742792
R160,1551931200,109,39,-70,148,10,-0.9342540370340471,-1.4512886149256943
R160,1551945600,247,429,182,676,10,0.05456043576278832,-0.6861741150067091
R160,1551960000,766,1212,446,1978,10,1.09046131202614,1.2005286859298794
R160,1551974400,565,1060,495,1625,10,1.2827307928477467,0.6890032721582852
R160,1551988800,887,1313,426,2200,10,1.01198397291528,1.5222245552139981
R160,1552003200,642,458,-184,1100,10,-1.3815748699659487,-0.07176398628388767
R160,1552017600,139,56,-83,195,10,-0.985264307456106,-1.3831818317889666
R160,1552032000,225,421,196,646,10,0.1094945731403903,-0.7296465297748332
R160,1552046400,746,1228,482,1974,10,1.2317205224256877,1.1947323639607963
R160,1552060800,635,1190,555,1825,10,1.5181628101803266,0.9788193706124462
R160,1552075200,838,1457,619,2295,10,1.7692902953350784,1.6598872019797246
R160,1552089600,696,695,-1,1391,10,-0.6635072171015802,0.3499184369669167
R160,1552104000,274,67,-207,341,10,-1.4718238099434378,-1.1716160799174289
R160,1552118400,80,104,24,184,10,-0.5654105432130053,-1.3991217172039454
R160,1552132800,314,603,289,917,10,0.4744142000058891,-0.33694571636944504
R160,1552147200,605,858,253,1463,10,0.33315498960634116,0.4542522324104147
R160,1552161600,761,878,117,1639,10,-0.20049091634750654,0.7092903990500764
R160,1552176000,696,558,-138,1254,10,-1.2010769900109708,0.15139440952581637
R160,1552194000,232,80,-152,312,10,-1.2560111273885728,-1.2136394141932823
R160,1552208400,72,93,21,165,10,-0.5771821440796343,-1.4266542465570906
R160,1552222800,264,509,245,773,10,0.3017640539619972,-0.545613307256441
R160,1552237200,526,582,56,1108,10,-0.4398468006356294,-0.06017134234572122
R160,1552251600,502,692,190,1194,10,0.08595137140713231,0.06444957998956805
R160,1552266000,376,146,-230,522,10,-1.5620727499209266,-0.9093325108164131
R160,1552280400,56,27,-29,83,10,-0.7733754918567842,-1.5454788469232967
R160,1552294800,552,538,-14,1090,10,-0.7145174875236392,-0.08625479120659571
R160,1552309200,554,1118,564,1672,10,1.5534776127802137,0.757110055295013
R160,1552323600,622,969,347,1591,10,0.7019984834273829,0.6397345354210777
R160,1552338000,808,1042,234,1850,10,0.2586015174510242,1.0150463829192162
R160,1552352400,426,296,-130,722,11,-1.2665555965700455,-0.6693907583384687
R160,1552366800,47,28,-19,75,11,-0.8461139708786789,-1.646508531602841
R160,1552381200,556,658,102,1214,11,-0.38779472125115316,0.07364161329378952
R160,1552395600,598,1111,513,1709,11,1.1689756225249877,0.8212046701189274
R160,1552410000,715,1142,427,1857,11,0.8432280566740191,1.0447184729676555
R160,1552424400,871,1165,294,2036,11,0.3394556583231025,1.3150493561428063
R160,1552438800,477,350,-127,827,11,-1.2551923093891977,-0.5108167765876819
R160,1552453200,45,44,-1,89,11,-0.7779342477935924,-1.6253653340360692
R160,1552467600,567,677,110,1244,11,-0.3574926221022259,0.11894846522258576
R160,1552482000,593,1211,618,1804,11,1.5666906738546587,0.9646763678934488
R160,1552496400,646,1196,550,1842,11,1.3091228310887766,1.0220650470032573
R160,1552510800,805,1297,492,2102,11,1.0894326122590534,1.4147244303861581
R160,1552525200,510,415,-95,925,11,-1.1339839127934885,-0.3628143936202809
R160,1552539600,62,43,-19,105,11,-0.8461139708786789,-1.6012016796740447
R160,1552554000,522,635,113,1157,11,-0.3461293349213781,-0.01244140537092333
R160,1552568400,626,1259,633,1885,11,1.6235071097588976,1.0870048681011986
R160,1552582800,632,1176,544,1808,11,1.286396256727081,0.970717281483955
R160,1552597200,846,1166,320,2012,11,0.43793748055711623,1.2788038745997694
R160,1552611600,521,390,-131,911,11,-1.2703433589636615,-0.38395759118705247
R160,1552626000,72,62,-10,134,11,-0.8120241093361357,-1.557405056142875
R160,1552640400,474,600,126,1074,11,-0.29688842380437125,-0.13779036237392625
R160,1552654800,593,1181,588,1774,11,1.4530578020461813,0.9193695159646526
R160,1552669200,655,1145,490,1800,11,1.0818570874718216,0.9586354543029426
R160,1552683600,776,1389,613,2165,11,1.547751861886579,1.50986881943663
R160,1552698000,663,402,-261,1065,11,-1.7627524701337303,-0.15138241795256513
R160,1552712400,147,50,-97,197,11,-1.1415594375807203,-1.4622606670924028
R160,1552726800,115,241,126,356,11,-0.29688842380437125,-1.222134351869783
R160,1552741200,410,847,437,1257,11,0.8811056806101782,0.1385814343917308
R160,1552755600,762,1052,290,1814,11,0.3243046087486388,0.9797786518697142
R160,1552770000,732,896,164,1628,11,-0.15295345284696646,0.6988761699111775
R160,1552784400,621,449,-172,1070,11,-1.425641617101914,-0.1438312759644324
R160,1552798800,149,51,-98,200,11,-1.1453471999743363,-1.4577299818995233
R160,1552813200,74,130,56,204,11,-0.5620317913574853,-1.4516890683090171
R160,1552827600,282,564,282,846,11,0.29400250959971147,-0.48212243703277763
R160,1552842000,493,840,347,1333,11,0.5402070651847459,0.2533587926113479
R160,1552856400,441,706,265,1147,11,0.22961054890824092,-0.02754368934718874
R160,1552870800,320,160,-160,480,11,-1.380188468378523,-1.0348660305640918
R160,1552885200,43,23,-20,66,11,-0.8499017332722948,-1.6601005871814798
R160,1552899600,494,572,78,1066,11,-0.47870101869793513,-0.14987218955493858
R160,1552914000,522,1010,488,1532,11,1.0742815626845899,0.5538942437390296
R160,1552928400,558,935,377,1493,11,0.6538399369932234,0.49499533623159453
R160,1552942800,717,1198,481,1915,11,1.0477672259292785,1.1323117200299948
R160,1552957200,355,305,-50,660,12,-1.0723588789123646,-0.6551369652934412
R160,1552971600,43,37,-6,80,12,-0.885192349989995,-1.5828858592911288
R160,1552986000,527,563,36,1090,12,-0.7065333905640966,0.03267686991174106
R160,1553000400,513,944,431,1457,12,0.9737115849889943,0.619717980424071
R160,1553014800,605,961,356,1566,12,0.6546777288713188,0.7940707898132916
R160,1553029200,762,1229,467,1991,12,1.1268478359254788,1.4738867897253904
R160,1553043600,413,305,-108,718,12,-1.3190783943100335,-0.5623620758936724
R160,1553058000,43,39,-4,82,12,-0.8766847804935236,-1.5796867251738955
R160,1553072400,539,567,28,1106,12,-0.740563668549982,0.058269942849608306
R160,1553086800,532,1014,482,1546,12,1.1906546071490138,0.7620794486409576
R160,1553101200,601,966,365,1567,12,0.6929617916054399,0.7956703568719083
R160,1553115600,766,1322,556,2088,12,1.5054346785184536,1.6290447944112105
R160,1553130000,459,332,-127,791,12,-1.3999003045265113,-0.4455936806146531
R160,1553144400,52,34,-18,86,12,-0.936237766968823,-1.5732884569394288
R160,1553158800,504,572,68,1076,12,-0.5704122786205551,0.01028293109110722
R160,1553173200,516,1026,510,1542,12,1.3097605800996126,0.7556811804064908
R160,1553187600,598,996,398,1594,12,0.8333366882972171,0.8388586674545593
R160,1553202000,826,1073,247,1899,12,0.19101519131363046,1.3267266203326538
R160,1553216400,440,350,-90,790,12,-1.2425102688417913,-0.4471932476732698
R160,1553230800,54,42,-12,96,12,-0.9107150584794089,-1.5572927863532617
R160,1553245200,429,584,155,1013,12,-0.2003330055240515,-0.09048979360174507
R160,1553259600,524,1018,494,1542,12,1.241700024127842,0.7556811804064908
R160,1553274000,657,1189,532,1846,12,1.4033438445607975,1.2419495662259685
R160,1553288400,753,1415,662,2168,12,1.956335861831435,1.7570101591005467
R160,1553302800,557,451,-106,1008,12,-1.3105708248135621,-0.09848762889482858
R160,1553317200,107,49,-58,156,12,-1.1063891568982498,-1.4613187628362594
R160,1553331600,91,211,120,302,12,-0.34921547171230005,-1.2277819722782208
R160,1553346000,305,703,398,1008,12,0.8333366882972171,-0.09848762889482858
R160,1553360400,531,892,361,1423,12,0.6759466526124972,0.5653327004311032
R160,1553374800,554,818,264,1372,12,0.2633295320336369,0.48375478044165127
R160,1553389200,484,433,-51,917,12,-1.0766126636606002,-0.24404823122894853
R160,1553403600,98,53,-45,151,12,-1.051089955171186,-1.469316598129343
R160,1553418000,57,126,69,183,12,-0.5661584938723194,-1.4181304522536085
R160,1553432400,233,598,365,831,12,0.6929617916054399,-0.381610998269985
R160,1553446800,438,829,391,1267,12,0.8035601950595674,0.3158002392868975
R160,1553461200,463,619,156,1082,12,-0.19607922077581583,0.019880333442807437
R160,1553475600,303,163,-140,466,12,-1.455199506253575,-0.9654529746650815
R160,1553490000,35,27,-8,62,12,-0.8936999194864662,-1.6116780663462296
R160,1553504400,506,616,110,1122,12,-0.3917533191946568,0.08386301578747556
R160,1553518800,555,1077,522,1632,12,1.3608059970784407,0.8996422156819941
R160,1553533200,595,1051,456,1646,12,1.0800562036948862,0.9220361545026279
R160,1553547600,794,1106,312,1900,12,0.46751119994894924,1.3283261873912704
R160,1553562000,346,275,-71,621,13,-1.1130006700449224,-0.7960365967173902
R160,1553576400,39,45,6,84,13,-0.8048290804109088,-1.6008514345497382
R160,1553590800,564,622,58,1186,13,-0.5967132016970295,0.050742515713292545
R160,1553605200,553,1134,581,1687,13,1.4964522707521801,0.8016032862049245
R160,1553619600,687,1109,422,1796,13,0.8600979493001258,0.9649642123198704
R160,1553634000,879,1234,355,2113,13,0.5919486440341659,1.4400597497367313
R160,1553648400,452,363,-89,815,13,-1.1850407819074191,-0.5052841227146425
R160,1553662800,39,37,-2,76,13,-0.8368469079053518,-1.6128412272921195
R160,1553677200,616,648,32,1264,13,-0.7007711410539692,0.1676429949515107
R160,1553691600,610,1303,693,1913,13,1.9447018556743816,1.1403149311771976
R160,1553706000,707,985,278,1692,13,0.2837770544001523,0.8090969066689129
R160,1553720400,870,1143,273,2013,13,0.26376591221612544,1.2901873404569646
R160,1553734800,453,362,-91,815,13,-1.1930452387810297,-0.5052841227146425
R160,1553749200,52,50,-2,102,13,-0.8368469079053518,-1.5738744008793804
R160,1553763600,566,665,99,1231,13,-0.4326218357880093,0.11818509988918763
R160,1553778000,622,1312,690,1934,13,1.9326951703639657,1.1717881371259486
R160,1553792400,660,1152,492,1812,13,1.140253939876502,0.9889437978046332
R160,1553806800,865,1153,288,2018,13,0.323799338768206,1.2976809609209528
R160,1553821200,511,378,-133,889,13,-1.3611388331268555,-0.39437853984761506
R160,1553835600,58,56,-2,114,13,-0.8368469079053518,-1.5558897117658081
R160,1553850000,457,563,106,1020,13,-0.40460623673037166,-0.19804568369112044
R160,1553864400,620,1129,509,1749,13,1.2082918233021933,0.89452417995838
R160,1553878800,687,1168,481,1855,13,1.0962294270716428,1.053388933794933
R160,1553893200,755,1501,746,2256,13,2.1568199628250664,1.654377295006798
R160,1553907600,594,462,-132,1056,13,-1.35713660469005,-0.14409161635040438
R160,1553922000,124,67,-57,191,13,-1.0569694719296472,-1.4404879566203876
R160,1553936400,93,236,143,329,13,-0.2565237845685729,-1.2336640318143095
R160,1553950800,340,793,453,1133,13,0.9841670308410924,-0.028689861204983895
R160,1553965200,563,876,313,1439,13,0.4238550496883403,0.4299197111911027
R160,1553979600,637,933,296,1570,13,0.355817166262649,0.6262525673475973
R160,1553994000,545,440,-105,985,13,-1.249076436896305,-0.25050102693903886
R160,1554008400,123,72,-51,195,13,-1.0329561013088149,-1.434493060249197
R160,1554022800,70,151,81,221,13,-0.504661947650506,-1.3955262338364578
R160,1554037200,280,648,368,928,13,0.6439776137126357,-0.33592830022850595
R160,1554051600,503,717,214,1220,13,0.027634434444608492,0.10169913486841328
R160,1554066000,410,692,282,1102,13,0.2997859681473738,-0.07515030808171162
R160,1554080400,310,172,-138,482,13,-1.3811499753108822,-1.0043592456162662
R160,1554094800,33,36,3,69,13,-0.816835765721325,-1.6233322959417034
R160,1554109200,520,672,152,1192,13,-0.22050372863732456,0.05973486027007856
R160,1554123600,530,1064,534,1594,13,1.3083475342223276,0.6622219455747413
R160,1554138000,639,989,350,1628,13,0.571937501850139,0.7131785647298621
R160,1554152400,864,1137,273,2001,13,0.26376591221612544,1.2722026513433924
R160,1554166800,396,294,-102,690,14,-1.3249986998649286,-0.7122545137900154
R160,1554181200,32,41,9,73,14,-0.8484039973905597,-1.641768713838082
R160,1554195600,568,692,124,1260,14,-0.35463471104324035,0.14645390440673994
R160,1554210000,592,1076,484,1668,14,1.1910778375222812,0.7611083511159964
R160,1554224400,676,976,300,1652,14,0.4010469793665701,0.7370042551666138
R160,1554238800,960,1238,278,2198,14,0.3065867680653438,1.5595565294392952
R160,1554253200,451,298,-153,749,14,-1.5439746442450442,-0.623370659976667
R160,1554267600,41,46,5,87,14,-0.86557858126351,-1.6206776298823724
R160,1554282000,569,760,191,1329,14,-0.06696043117132387,0.25040281818845245
R160,1554296400,675,1188,513,1863,14,1.3155935706011703,1.054877020499097
R160,1554310800,798,1176,378,1974,14,0.7359513648890997,1.2220991861479387
R160,1554325200,866,1040,174,1906,14,-0.13995241263136238,1.1196567783630627
R160,1554339600,436,336,-100,772,14,-1.3164114079284535,-0.5887210220494296
R160,1554354000,51,52,1,103,14,-0.8827531651364602,-1.5965735339329896
R160,1554368400,536,669,133,1205,14,-0.3159918973291023,0.06359607458073724
R160,1554382800,630,1212,582,1842,14,1.611855142409562,1.0232403945655322
R160,1554397200,706,1137,431,1843,14,0.9635146012056904,1.0247469005623686
R160,1554411600,911,1208,297,2119,14,0.3881660414618574,1.4405425556892186
R160,1554426000,565,386,-179,951,14,-1.6556094394192207,-0.31905644861571164
R160,1554440400,50,48,-2,98,14,-0.8956341030411729,-1.6041060639171718
R160,1554454800,467,652,185,1119,14,-0.09272230698074922,-0.06596344114719427
R160,1554469200,609,1196,587,1805,14,1.6333233722507499,0.967499672682585
R160,1554483600,686,978,292,1664,14,0.3666978116206696,0.7550823271286508
R160,1554498000,851,1309,458,2160,14,1.0794430423481045,1.5023093015595115
R160,1554512400,504,404,-100,908,14,-1.3164114079284535,-0.38383620647967737
R160,1554526800,114,40,-74,154,14,-1.204776612754277,-1.5197417280943326
R160,1554541200,88,287,199,375,14,-0.0326112634254234,-1.1868039027934854
R160,1554555600,351,916,565,1267,14,1.5388631609495236,0.15699944638459484
R160,1554570000,551,1033,482,1584,14,1.1824905455858061,0.6345618473817377
R160,1554584400,601,1013,412,1614,14,0.8819353278091767,0.6797570272868301
R160,1554598800,570,444,-126,1014,14,-1.4280462031026302,-0.2241465708150176
R160,1554613200,130,84,-46,214,14,-1.0845545256436255,-1.4293513682841479
R160,1554627600,69,166,97,235,14,-0.4705631521856545,-1.3977147423505831
R160,1554642000,290,777,487,1067,14,1.2039587754269938,-0.14430175298268774
R160,1554656400,461,859,398,1320,14,0.8218242842538509,0.23684426421692473
R160,1554670800,457,681,224,1138,14,0.07472988578051559,-0.03733982720730242
R160,1554685200,290,186,-104,476,14,-1.3335859918014037,-1.0346467971130078
R160,1554699600,46,32,-14,78,14,-0.9471578546600236,-1.6342361838539001
R160,1554714000,533,699,166,1232,14,-0.17430158037726287,0.10427173649532039
R160,1554728400,530,1016,486,1546,14,1.1996651294587564,0.5773146195019541
R160,1554742800,584,911,327,1495,14,0.5169754205089843,0.5004828136632969
R160,1554757200,789,1201,412,1990,14,0.8819353278091767,1.2462032820973212
R160,1554771600,401,239,-162,640,15,-1.4670510310936944,-0.7489907871313626
R160,1554786000,39,46,7,85,15,-0.7959290783543902,-1.564449696427582
R160,1554800400,532,595,63,1127,15,-0.573545472712964,-0.033443960415580766
R160,1554814800,591,1252,661,1843,15,1.801193744672266,1.0185714973431457
R160,1554829200,688,954,266,1642,15,0.23259509773720605,0.7232431355980283
R160,1554843600,865,1263,398,2128,15,0.7567850253205678,1.4373206669817449
R160,1554858000,463,267,-196,730,15,-1.6020696488045603,-0.6167542072454891
R160,1554872400,51,26,-25,77,15,-0.9230054244352052,-1.5762040590841042
R160,1554886800,573,707,134,1280,15,-0.29159482984615576,0.19135822539040406
R160,1554901200,592,1192,600,1784,15,1.5589544599557124,0.9318830727512953
R160,1554915600,697,1095,398,1792,15,0.7567850253205678,0.9436374354078174
R160,1554930000,902,1300,398,2202,15,0.7567850253205678,1.5460485215545743
R160,1554944400,469,395,-74,864,15,-1.1175910793714532,-0.41986863274874425
R160,1554958800,41,33,-8,74,15,-0.8554961155797722,-1.5806119450803
R160,1554973200,572,755,183,1327,15,-0.09700917490990782,0.2604151059974713
R160,1554987600,619,1227,608,1846,15,1.590723546475916,1.0229793833393415
R160,1555002000,677,1077,400,1754,15,0.7647272969506188,0.8878042127893375
R160,1555016400,915,1264,349,2179,15,0.5621993703843199,1.5122547289170731
R160,1555030800,469,343,-126,812,15,-1.3240901417527775,-0.4962719900161378
R160,1555045200,57,20,-37,77,15,-0.9706590542155108,-1.5762040590841042
R160,1555059600,476,609,133,1085,15,-0.2955659656611812,-0.0951543643623217
R160,1555074000,558,1197,639,1755,15,1.7138287567417057,0.8892735081214028
R160,1555088400,748,1129,381,1877,15,0.6892757164651349,1.0685275386333646
R160,1555102800,817,1482,665,2299,15,1.8170782879323677,1.6885701687649044
R160,1555117200,509,399,-110,908,15,-1.26055196871237,-0.35521963813787283
R160,1555131600,109,41,-68,150,15,-1.0937642644813004,-1.4689454998433402
R160,1555146000,124,241,117,365,15,-0.3591041387015887,-1.1530470034493092
R160,1555160400,362,884,522,1246,15,1.2492058663837258,0.1414021841001852
R160,1555174800,600,964,364,1564,15,0.6217664076097019,0.608638099696938
R160,1555189200,578,925,347,1503,15,0.554257098754269,0.5190110844409571
R160,1555203600,495,416,-79,911,15,-1.1374467584465806,-0.35081175214167704
R160,1555218000,143,78,-65,221,15,-1.081850857036224,-1.3646255312667066
R160,1555232400,72,151,79,223,15,-0.5100072996725565,-1.3616869406025762
R160,1555246800,257,653,396,910,15,0.7488427536905169,-0.3522810474737423
R160,1555261200,470,769,299,1239,15,0.36364257963304647,0.1311171167757284
R160,1555275600,485,563,78,1048,15,-0.5139784354875819,-0.14951829164873634
R160,1555290000,260,177,-83,437,15,-1.1533313017066824,-1.0472577395406104
R160,1555304400,37,31,-6,68,15,-0.8475538439497213,-1.5894277170726916
R160,1555318800,517,652,135,1169,15,-0.2876236940311303,0.02826644353116017
R160,1555333200,489,1034,545,1523,15,1.3405419901293116,0.5483969910822624
R160,1555347600,651,959,308,1610,15,0.3993828019682757,0.67622568497194
R160,1555362000,819,1097,278,1916,15,0.2802487275175117,1.1258300565839097
R160,1555376400,356,210,-146,566,16,-1.4403940579000498,-0.6621879357241365
R160,1555390800,43,39,-4,82,16,-0.8489077761712844,-1.3513671415382373
R160,1555405200,577,616,39,1193,16,-0.6697957331125738,0.23061239908049433
R160,1555419600,587,1145,558,1732,16,1.4920449726425615,0.9981074237371068
R160,1555420188,19,15,-4,34,16,-0.8489077761712844,-1.4197154925280655
R160,1555420272,5,0,-5,5,16,-0.853073172521487,-1.4610092879177534
R160,1555420352,3,8,5,11,16,-0.8114192090194612,-1.452465744044025
R160,1555434000,619,1073,454,1692,16,1.058843752221494,0.9411504645789166
R160,1555448400,920,1194,274,2114,16,0.30907240918503087,1.5420463836978229
R160,1555462800,446,342,-104,788,16,-1.2654474111915417,-0.34607681239618104
R160,1555477200,53,30,-23,83,16,-0.9280503068251332,-1.3499432175592827
R160,1555491600,546,670,124,1216,16,-0.3157370433453551,0.2633626505964537
R160,1555506000,572,1253,681,1825,16,2.004388723717478,1.1305323537798988
R160,1555520400,672,982,310,1654,16,0.4590266777923235,0.887041353378636
R160,1555534800,918,1194,276,2112,16,0.317403201885436,1.5391985357399134
R160,1555549200,455,350,-105,805,16,-1.2696128075417443,-0.3218701047539502
R160,1555563600,44,36,-8,80,16,-0.8655693615720947,-1.3542149894961468
R160,1555578000,523,629,106,1152,16,-0.3907141776490014,0.17223151594334943
R160,1555592400,617,1236,619,1853,16,1.7461341500049186,1.170402225190632
R160,1555606800,676,1196,520,1872,16,1.3337599113348637,1.1974567807907723
R160,1555621200,918,1371,453,2289,16,1.0546783558712913,1.7912330800149048
R160,1555635600,525,418,-107,943,16,-1.2779436002421494,-0.12536859565819417
R160,1555650000,59,53,-6,112,16,-0.8572385688716896,-1.3086494221695948
R160,1555664400,310,592,282,902,16,0.34239557998665143,-0.1837494787953391
R160,1555678800,541,1144,603,1685,16,1.6794878084016773,0.9311829967262333
R160,1555693200,730,1201,471,1931,16,1.1296554901749376,1.2814682955491028
R160,1555707600,716,1264,548,1980,16,1.4503910091405359,1.3512405705178858
R160,1555722000,486,351,-135,837,16,-1.3945746980478215,-0.2763045374273981
R160,1555736400,99,50,-49,149,16,-1.0363506119304002,-1.255964234948269
R160,1555750800,71,213,142,284,16,-0.24075990904170877,-1.063734497789377
R160,1555765200,295,638,343,933,16,0.5964847573490084,-0.13960783544774172
R160,1555779600,479,746,267,1225,16,0.27991463473361283,0.27617796640704645
R160,1555794000,523,886,363,1409,16,0.6797926843530598,0.5381799785347212
R160,1555808400,408,375,-33,783,16,-0.969704270327159,-0.3531964322909548
R160,1555822800,98,66,-32,164,16,-0.9655388739769565,-1.2346053752639476
R160,1555837200,57,153,96,210,16,-0.4323681411510271,-1.169104872232029
R160,1555851600,251,596,345,847,16,0.6048155500494136,-0.2620652976378506
R160,1555866000,413,720,307,1133,16,0.44653048874171575,0.1451769603432091
R160,1555880400,395,656,261,1051,16,0.2549222566323974,0.028415194068919264
R160,1555894800,268,198,-70,466,16,-1.1238239352846542,-0.8045803336196119
R160,1555909200,36,28,-8,64,16,-0.8655693615720947,-1.376997773159423
R160,1555923600,471,600,129,1071,16,-0.2949100615943422,0.05689367364801434
R160,1555938000,491,1098,607,1589,16,1.6961493938024876,0.794486294746577
R160,1555952400,609,920,311,1529,16,0.46319207414252606,0.7090508560092917
R160,1555966800,803,1139,336,1942,16,0.5673269828975904,1.297131459317605
R160,1555981200,399,275,-124,674,17,-1.2378726716817465,-0.7039584285590089
R160,1555995600,43,36,-7,79,17,-0.8049564159957382,-1.6119285513816994
R160,1556010000,581,710,129,1291,17,-0.30173752049747216,0.2375836988050249
R160,1556024400,559,1147,588,1706,17,1.3966262518091759,0.8708737844712713
R160,1556038800,679,1042,363,1721,17,0.5640949908745444,0.8937637875676416
R160,1556053200,925,1096,171,2021,17,-0.14633168512300765,1.3515638494950486
R160,1556067600,441,293,-148,734,17,-1.3266760061814404,-0.6123984161735274
R160,1556082000,50,37,-13,87,17,-0.8271572496206617,-1.599720549730302
R160,1556096400,551,672,121,1223,17,-0.3313386319973702,0.13381568476814598
R160,1556110800,552,1366,814,1918,17,2.2328576516812944,1.1943858282333055
R160,1556125200,646,1124,478,1770,17,0.9896109686855782,0.9685377976824514
R160,1556139600,859,1256,397,2115,17,0.6898997147491109,1.4950078688989694
R160,1556154000,489,348,-141,837,17,-1.3007750336190298,-0.4552203949117844
R160,1556168400,60,36,-24,96,17,-0.8678587779330215,-1.5859865478724797
R160,1556182800,536,695,159,1231,17,-0.19073335237285466,0.1460236864195435
R160,1556197200,586,1294,708,1880,17,1.8406429243076459,1.1363978203891674
R160,1556211600,709,1094,385,1803,17,0.645498047499264,1.0188958044944663
R160,1556226000,863,1093,230,1956,17,0.07197651218874013,1.2523738360774437
R160,1556240400,542,286,-256,828,17,-1.7262910114300636,-0.4689543967696066
R160,1556254800,64,58,-6,122,17,-0.801256277058251,-1.5463105425054378
R160,1556269200,466,652,186,1118,17,-0.0908296010606989,-0.026414336906446487
R160,1556283600,560,1145,585,1705,17,1.3855258349967141,0.8693477842648466
R160,1556298000,651,1040,389,1691,17,0.660298603249213,0.8479837813749009
R160,1556312400,730,1309,579,2039,17,1.3633250013717906,1.379031853210693
R160,1556326800,492,348,-144,840,17,-1.3118754504314916,-0.4506423942925103
R160,1556341200,111,47,-64,158,17,-1.0158643354325114,-1.491374535074149
R160,1556355600,123,212,89,335,17,-0.44974307799696217,-1.2212724985369787
R160,1556370000,333,841,508,1174,17,1.1006151368101957,0.05904167465333616
R160,1556384400,567,966,399,1533,17,0.6972999926240855,0.6068757487597999
R160,1556398800,556,995,439,1551,17,0.8453055501235754,0.6343437524754443
R160,1556413200,512,337,-175,849,17,-1.4265797574935963,-0.4369083924346881
R160,1556427600,137,56,-81,193,17,-1.0787666973697947,-1.4379645278492847
R160,1556442000,65,163,98,228,17,-0.4164418275595769,-1.3845545206244205
R160,1556456400,259,671,412,930,17,0.7454017988114197,-0.3133023757142882
R160,1556470800,424,826,402,1250,17,0.7084004094365473,0.1750176903416126
R160,1556485200,485,664,179,1149,17,-0.11673057362310965,0.020891669492718905
R160,1556499600,278,145,-133,423,17,-1.2711739221191318,-1.086984480371606
R160,1556514000,32,30,-2,62,17,-0.786455721308302,-1.6378705548909192
R160,1556528400,537,704,167,1241,17,-0.16113224087295666,0.16128368848379038
R160,1556542800,530,1122,592,1652,17,1.4114268075591248,0.788469773324338
R160,1556557200,627,962,335,1589,17,0.4604911006249014,0.6923317603195825
R160,1556571600,811,1070,259,1881,17,0.17928054137587038,1.137923820595592
R160,1556586000,366,293,-73,659,18,-1.0876002654350974,-0.7242307037610234
R160,1556600400,40,42,2,82,18,-0.8199739220787576,-1.5751109003238963
R160,1556614800,557,731,174,1288,18,-0.2062175079815517,0.2033319368595089
R160,1556629200,570,1105,535,1675,18,1.0819572913736304,0.7740262801347807
R160,1556643600,669,912,243,1581,18,0.039998727906280895,0.6354080158767044
R160,1556658000,855,1259,404,2114,18,0.6145032783112236,1.4214030674677118
R160,1556672400,567,320,-247,887,18,-1.7084933820218058,-0.388007679815902
R160,1556686800,295,197,-98,492,18,-1.1768090465538774,-0.9704993221769675
R160,1556701200,547,735,188,1282,18,-0.15626059055503494,0.1944839625451636
R160,1556715600,625,1151,526,1776,18,1.0498421301708696,0.9229671810929266
R160,1556730000,677,1362,685,2039,18,1.61720997808631,1.3108033885383956
R160,1556744400,916,1282,366,2198,18,0.47890593101067813,1.545274707868546
R160,1556758800,464,293,-171,757,18,-1.4372986874207148,-0.5797137899600502
R160,1556773200,38,37,-1,75,18,-0.8306789758130112,-1.5854335370239658
R160,1556787600,521,700,179,1221,18,-0.18837575175779572,0.10452955701598637
R160,1556790371,179,119,-60,298,18,-1.0412116992533318,-1.2565838250074657
R160,1556802000,374,1232,858,1606,18,2.234534743428267,0.6722745755198097
R160,1556816400,674,1164,490,1838,18,0.9213814853598266,1.014396249007828
R160,1556830800,917,1421,504,2338,18,0.9713384027863433,1.7517274418699365
R160,1556845200,502,334,-168,836,18,-1.426593633686461,-0.46321546148783704
R160,1556859600,66,52,-14,118,18,-0.8770675419947768,-1.5220230544378246
R160,1556874000,475,650,175,1125,18,-0.2026491567368005,-0.037038032013538426
R160,1556888400,592,1181,589,1773,18,1.274648258590195,0.918543193935754
R160,1556902800,702,1195,493,1897,18,0.9320865390940801,1.101401329765557
R160,1556917200,793,1500,707,2293,18,1.6957137054708364,1.6853676345123467
R160,1556931600,565,445,-120,1010,18,-1.2553127739384036,-0.20662420637182335
R160,1556946000,69,59,-10,128,18,-0.862794137015772,-1.5072764305805824
R160,1556960400,104,243,139,347,18,-0.3311098015478436,-1.184325368106979
R160,1556974800,341,803,462,1144,18,0.821467650506793,-0.009019446684778309
R160,1556989200,512,971,459,1483,18,0.8107625967725395,0.4908911020757311
R160,1557003600,561,957,396,1518,18,0.585956468353214,0.5425042855760788
R160,1557018000,506,413,-93,919,18,-1.1589672903301214,-0.3408184834727271
R160,1557032400,113,86,-27,199,18,-0.9234561081765423,-1.4025754011941631
R160,1557046800,54,157,103,211,18,-0.4595704463588867,-1.3848794525654724
R160,1557061200,244,698,454,942,18,0.7929208405487835,-0.3069012486010701
R160,1557075600,450,829,379,1279,18,0.5252944971924437,0.19005997538799094
R160,1557090000,433,661,228,1094,18,-0.013526540764987063,-0.08275256597098914
R160,1557104400,257,167,-90,424,18,-1.1482622365958677,-1.0707763644062143
R160,1557118800,44,24,-20,68,18,-0.8984776494632839,-1.5957561737240353
R160,1557133200,543,663,120,1206,18,-0.39890847519811634,0.08240962123012312
R160,1557147600,521,1173,652,1694,18,1.4994543870095205,0.8020448654635408
R160,1557162000,646,1066,420,1712,18,0.6715968982272428,0.8285887884065768
R160,1557176400,800,1029,229,1829,18,-0.009958189520235866,1.00112428753631
R160,1557190800,355,252,-103,607,19,-1.2622148158160342,-0.7406285005256283
R160,1557205200,44,36,-8,80,19,-0.8828086748558129,-1.5365632077811275
R160,1557219600,560,730,170,1290,19,-0.17192137916192476,0.2909149625777984
R160,1557234000,544,1179,635,1723,19,1.6851718371170528,0.9448802913095463
R160,1557248400,637,1086,449,1723,19,0.9423345506054618,0.9448802913095463
R160,1557262800,872,1246,374,2118,19,0.6428033866894977,1.541453743616799
R160,1557277200,412,296,-116,708,19,-1.3141335508948013,-0.58808693423947
R160,1557291600,54,17,-37,71,19,-0.9986273915699857,-1.5501560206185079
R160,1557306000,548,751,203,1299,19,-0.04012766703890055,0.30450777541517887
R160,1557320400,587,1176,589,1763,19,1.5014593899152615,1.005292792809015
R160,1557334800,655,1131,476,1786,19,1.050165769615209,1.0400299811712095
R160,1557349200,888,1405,517,2293,19,1.2139094725559358,1.8057584376769742
R160,1557363600,436,331,-105,767,19,-1.2702023135204599,-0.49897849452775384
R160,1557378000,52,46,-6,98,19,-0.8748211771513872,-1.5093775821063666
R160,1557392400,546,718,172,1264,19,-0.16393388145749904,0.25164683660314385
R160,1557406800,606,1228,622,1834,19,1.6332531020382857,1.1125249829705717
R160,1557421200,689,1149,460,1838,19,0.9862657879798031,1.1185662331205186
R160,1557435600,850,1197,347,2047,19,0.5349721676797505,1.4342215534552423
R160,1557450000,495,274,-221,769,19,-1.7334771803771512,-0.49595786945278036
R160,1557464400,69,19,-50,88,19,-1.0505461266487528,-1.5244807074812337
R160,1557478800,457,596,139,1053,19,-0.29572759358052325,-0.06702910880655315
R160,1557493200,563,1119,556,1682,19,1.3696656777922374,0.882957477272591
R160,1557507600,669,1005,336,1674,19,0.4910409303054092,0.8708749769726972
R160,1557522000,749,1080,331,1829,19,0.47107218604434486,1.104973420283138
R160,1557536400,520,430,-90,950,19,-1.2102960807372671,-0.22259130016768486
R160,1557550800,133,40,-93,173,19,-1.2222773272939056,-1.396104141794863
R160,1557565200,109,252,143,361,19,-0.27975259817167186,-1.1121653847473603
R160,1557579600,298,728,430,1026,19,0.8664533224134175,-0.10780754731869448
R160,1557594000,485,762,277,1247,19,0.2554097480248507,0.22597152346586968
R160,1557608400,524,910,386,1434,19,0.6907283729160519,0.5083999679758855
R160,1557622800,460,296,-164,756,19,-1.5058334958010184,-0.5155919324401077
R160,1557637200,120,55,-65,175,19,-1.1104523594319458,-1.3930835167198894
R160,1557651600,62,116,54,178,19,-0.6351962460186159,-1.3885525791074294
R160,1557666000,234,576,342,810,19,0.5150034234186863,-0.43403505541582504
R160,1557680400,344,658,314,1002,19,0.4031784555567264,-0.14405504821837564
R160,1557694800,353,606,253,959,19,0.1595597755717422,-0.20899848733030443
R160,1557709200,222,160,-62,382,19,-1.098471112875307,-1.0804488214601393
R160,1557723600,43,25,-18,68,19,-0.9227461633779415,-1.554686958230968
R160,1557738000,510,600,90,1110,19,-0.4914212873389532,0.019058705830189638
R160,1557752400,469,1120,651,1589,19,1.7490718187524585,0.7424984112863264
R160,1557766800,574,922,348,1496,19,0.5389659165319635,0.6020393453000619
R160,1557781200,774,1196,422,1970,19,0.8345033315957147,1.317927488068765
R160,1557795600,353,253,-100,606,20,-1.2349515623866862,-0.8941039452026796
R160,1557810000,38,39,1,77,20,-0.8857770954371212,-1.693862448142135
R160,1557824400,605,627,22,1232,20,-0.8131764636951325,0.052302147122649564
R160,1557838800,567,1077,510,1644,20,0.8739239310710822,0.6751764443080099
R160,1557853200,652,999,347,1651,20,0.31040474183564576,0.6857592600368874
R160,1557867600,832,1359,527,2191,20,0.9326958710526921,1.5021479019788646
R160,1557882000,472,334,-138,806,20,-1.366324134110285,-0.5917377815204657
R160,1557896400,55,46,-9,101,20,-0.9203488248380683,-1.6575785085002692
R160,1557910800,544,738,194,1282,20,-0.21854271799884373,0.127893688043203
R160,1557925200,606,1164,558,1770,20,1.039868232195628,0.8656671274278046
R160,1557939600,693,1021,328,1714,20,0.2447184559738464,0.7810046015967848
R160,1557954000,810,1036,226,1846,20,-0.10791318391581324,0.9805662696270459
R160,1557968400,527,368,-159,895,20,-1.4389247658522737,-0.45718483868188065
R160,1557982800,49,53,4,102,20,-0.8754055766168372,-1.6560666776818582
R160,1557997200,539,774,235,1313,20,-0.07679862745496092,0.17476044341394614
R160,1558011600,651,1149,498,1800,20,0.8324378557899458,0.9110220519801366
R160,1558026000,666,1153,487,1819,20,0.794408953448904,0.9397468375299469
R160,1558040400,892,1440,548,2332,20,1.005296502794681,1.7153160473748252
R160,1558054800,627,396,-231,1023,20,-1.6878412175390922,-0.2636704939252638
R160,1558069200,66,44,-22,110,20,-0.9652920730592994,-1.6439720311345696
R160,1558083600,504,715,211,1219,20,-0.15977077801723377,0.03264834648330567
R160,1558098000,541,1101,560,1642,20,1.0467825780758173,0.6721527826711878
R160,1558112400,639,879,240,1518,20,-0.05951276275448741,0.48468576118821527
R160,1558126800,732,1251,519,1983,20,0.9050384875319346,1.1876870917493623
R160,1558141200,592,560,-32,1152,20,-0.9998638024602464,-0.06864431835023595
R160,1558155600,125,64,-61,189,20,-1.1001218177229928,-1.5245373964800952
R160,1558170000,105,279,174,384,20,-0.28768617680073777,-1.2297303868899367
R160,1558184400,309,1134,825,1443,20,1.9629334072009132,0.3712984498073851
R160,1558198800,563,1402,839,1965,20,2.0113338283622393,1.160474137017963
R160,1558213200,645,1262,617,1907,20,1.2438414356612153,1.0727879495501211
R160,1558227600,518,421,-97,939,20,-1.224580043566402,-0.3906642826717936
R160,1558242000,128,72,-56,200,20,-1.0828359530225193,-1.5079072574775734
R160,1558256400,82,171,89,253,20,-0.5815458767087874,-1.4277802241017867
R160,1558270800,279,843,564,1122,20,1.0606112698361962,-0.11399924290256801
R160,1558285200,458,1090,632,1548,20,1.2956990297626358,0.5300406857405473
R160,1558299600,475,928,453,1403,20,0.6768650734856843,0.31082521707094235
R160,1558314000,317,229,-88,546,20,-1.19346548710555,-0.9848137943073436
R160,1558328400,50,35,-15,85,20,-0.9410918624786365,-1.6817678015948463
R160,1558342800,534,741,207,1275,20,-0.1735994697776126,0.11731087231432552
R160,1558357200,521,1166,645,1687,20,1.3406422779838671,0.7401851694996859
R160,1558371600,629,1004,375,1633,20,0.40720558415829744,0.6585463053054882
R160,1558386000,754,1130,376,1884,20,0.4106627570983921,1.0380158407266664
R160,1558400400,386,280,-106,666,21,-1.341859063887876,-0.5471896171413335
R160,1558414800,43,32,-11,75,21,-0.9533800575816342,-1.4809405230042634
R160,1558429200,541,770,229,1311,21,0.028040589928871613,0.47187863037404687
R160,1558443600,531,1097,566,1628,21,1.4061187491415403,0.9727230248893579
R160,1558458000,645,999,354,1644,21,0.5391971771739268,0.9980022372308247
R160,1558472400,870,1281,411,2151,21,0.7722845809576718,1.7990372783010538
R160,1558486800,446,297,-149,743,21,-1.517696929900175,-0.42553340774802456
R160,1558501200,56,30,-26,86,21,-1.0147188480510407,-1.463561064519505
R160,1558515600,593,691,98,1284,21,-0.5076515135039461,0.42921995954782166
R160,1558530000,584,1134,550,1718,21,1.3406907059741733,1.1149185943101085
R160,1558544400,643,1338,695,1981,21,1.9336323471784371,1.530445647172969
R160,1558558800,830,1359,529,2189,21,1.254816399317004,1.8590754076120375
R160,1558573200,460,302,-158,762,21,-1.554500204181819,-0.3955143430925327
R160,1558587600,58,34,-24,92,21,-1.00654034265512,-1.454081359891455
R160,1558602000,513,681,168,1194,21,-0.2214038246467153,0.2870243901270709
R160,1558616400,527,1169,642,1696,21,1.7169019541865338,1.0801596773405917
R160,1558630800,660,960,300,1620,21,0.31837753148406295,0.9600834187186245
R160,1558645200,787,1231,444,2018,21,0.9072299199903664,1.5889038257126111
R160,1558659600,444,337,-107,781,21,-1.3459483165858364,-0.3654952784370409
R160,1558674000,64,47,-17,111,21,-0.9779155737693969,-1.4240622952359632
R160,1558688400,406,621,215,1027,21,-0.02920894784257456,0.023172611313011175
R160,1558702800,470,1093,623,1563,21,1.6392061529252855,0.870026224752149
R160,1558717200,664,1152,488,1816,21,1.087157038700626,1.2697537699015928
R160,1558731600,635,1152,517,1787,21,1.2057453669414788,1.2239351975326842
R160,1558746000,526,467,-59,993,21,-1.1496641870837352,-0.030545714912605777
R160,1558760400,110,42,-68,152,21,-1.1864674613653792,-1.3592843136109545
R160,1558774800,103,200,97,303,21,-0.5117407662019066,-1.1207117471383616
R160,1558789200,259,618,359,877,21,0.559643440663729,-0.2138200043882401
R160,1558803600,464,820,356,1284,21,0.5473756825698476,0.42921995954782166
R160,1558818000,455,875,420,1330,21,0.8090878552393158,0.5018976950295387
R160,1558832400,391,394,3,785,21,-0.8961305198101881,-0.3591754753516742
R160,1558846800,113,56,-57,169,21,-1.1414856816878145,-1.332425150498146
R160,1558861200,67,152,85,219,21,-0.5608117985774319,-1.2534276119310623
R160,1558875600,211,571,360,782,21,0.5637326933616894,-0.36391532766569923
R160,1558890000,365,736,371,1101,21,0.6087144730392542,0.14008896839229512
R160,1558904400,367,610,243,977,21,0.08529012770031778,-0.05582492725407258
R160,1558918800,290,239,-51,529,21,-1.1169501655000518,-0.763642872815143
R160,1558933200,65,36,-29,101,21,-1.0269866061449222,-1.43986180294938
R160,1558947600,61,184,123,245,21,-0.4054201960549351,-1.2123488918761787
R160,1558962000,205,512,307,717,21,0.347002300369786,-0.46661212780290806
R160,1558976400,352,663,311,1015,21,0.3633593111616278,0.004213202056911073
R160,1558990800,334,662,328,996,21,0.4328766070269553,-0.025805862598580753
R160,1559005200,258,176,-82,434,22,-1.3738455728287344,-1.0956349027462267
R160,1559019600,44,28,-16,72,22,-1.120296975766068,-1.6620420112587608
R160,1559034000,523,666,143,1189,22,-0.5094753555696439,0.08568379042218034
R160,1559048400,498,1078,580,1576,22,1.1693236886180123,0.691207411953536
R160,1559062800,584,1004,420,1588,22,0.5546604230115478,0.7099833382025703
R160,1559077200,713,1166,453,1879,22,0.6814347215428811,1.1652995497416516
R160,1559091600,384,268,-116,652,22,-1.504461516770108,-0.7545389092221039
R160,1559106000,40,32,-8,72,22,-1.0895638124857447,-1.6620420112587608
R160,1559120400,550,722,172,1272,22,-0.3980676386784721,0.2155506136446675
R160,1559134800,518,1187,669,1705,22,1.5112301301116082,0.8930486191306546
R160,1559149200,615,980,365,1595,22,0.34336992545932565,0.7209359618478403
R160,1559163600,797,1248,451,2045,22,0.6737514307228003,1.4250331961866258
R160,1559178000,408,291,-117,699,22,-1.5083031621801486,-0.6809998647467196
R160,1559192400,44,40,-4,84,22,-1.074197230845583,-1.6432660850097267
R160,1559206800,535,739,204,1274,22,-0.27513498555717925,0.2186799346861732
R160,1559221200,541,1142,601,1683,22,1.2499982422288607,0.8586260876740917
R160,1559235600,658,962,304,1620,22,0.10902955544686106,0.7600524748666617
R160,1559250000,787,1005,218,1792,22,-0.2213519498166136,1.0291740844361532
R160,1559264400,425,311,-114,736,22,-1.4967782259500273,-0.6231074254788639
R160,1559278800,61,48,-13,109,22,-1.1087720395359466,-1.6041495719909051
R160,1559293200,486,735,249,1221,22,-0.1022609421053611,0.13575292708627176
R160,1559307600,497,1129,632,1626,22,1.3690892499401133,0.7694404379911789
R160,1559322000,689,1154,465,1843,22,0.727534466463366,1.1089717709945488
R160,1559336400,744,1336,592,2080,22,1.215423433538497,1.479796314412976
R160,1559350800,548,678,130,1226,22,-0.5594167459001691,0.14357622969003606
R160,1559365200,133,71,-62,204,22,-1.2970126646279265,-1.4555068225193837
R160,1559379600,109,288,179,397,22,-0.3711761208081893,-1.1535273420140824
R160,1559394000,316,931,615,1247,22,1.3037812779694264,0.17643410062584605
R160,1559408400,508,1001,493,1509,22,0.8351005379444972,0.5863751570630946
R160,1559422800,525,1222,697,1747,22,1.6187962015927395,0.9587643610022746
R160,1559437200,418,667,249,1085,22,-0.1022609421053611,-0.07704090373611677
R160,1559451600,125,66,-59,191,22,-1.2854877283978052,-1.475847409289171
R160,1559466000,51,213,162,264,22,-0.4364840927788762,-1.3616271912742124
R160,1559480400,229,557,328,786,22,0.20122904528783073,-0.5448743994412211
R160,1559494800,423,1007,584,1430,22,1.1846902702581739,0.4627669759236189
R160,1559509200,510,818,308,1328,22,0.12439613708702267,0.3031716028068275
R160,1559523600,293,345,52,638,22,-0.8590650878833205,-0.7764441565126439
R160,1559538000,62,35,-27,97,22,-1.1625550752765124,-1.6229254982399395
R160,1559552400,560,730,170,1290,22,-0.40575092949855296,0.2437145030182189
R160,1559566800,473,1103,630,1576,22,1.3614059591200325,0.691207411953536
R160,1559581200,614,981,367,1595,22,0.35105321627940644,0.7209359618478403
R160,1559595600,735,1447,712,2182,22,1.6764208827433456,1.6393916875297674
R160,1559610000,363,247,-116,610,23,-1.2565755596229289,-0.6497226761920275
R160,1559624400,43,44,1,87,23,-0.834106190439358,-1.449556507355296
R160,1559638800,573,676,103,1249,23,-0.46579956089470637,0.3275121576766696
R160,1559641720,185,103,-82,288,23,-1.133806683108045,-1.1421633905984758
R160,1559645389,148,133,-15,281,23,-0.8918797793875386,-1.1528686235203551
R160,1559653200,311,1115,804,1426,23,2.0654058048974577,0.5982016187013321
R160,1559667600,562,900,338,1462,23,0.38275002678169673,0.6532571022995687
R160,1559682000,786,1255,469,2041,23,0.8557712862949257,1.5387327968378717
R160,1559696400,427,356,-71,783,23,-1.0940873407061709,-0.38515049112272454
R160,1559710800,58,17,-41,75,23,-0.9857618614283321,-1.4679083352213749
R160,1559725200,580,668,88,1248,23,-0.5199623005336257,0.3259828386878297
R160,1559726016,61,33,-28,94,23,-0.9388208204079354,-1.4388512744334168
R160,1559739600,488,1136,648,1624,23,1.5021133126526967,0.9010067784916327
R160,1559754000,622,990,368,1612,23,0.4910755060595354,0.8826549506255539
R160,1559768400,759,1459,700,2218,23,1.6898774767342837,1.8094222578625343
R160,1559782800,427,345,-82,772,23,-1.133806683108045,-0.40197299999996344
R160,1559797200,47,38,-9,85,23,-0.8702146835319708,-1.4526151453329759
R160,1559811600,583,747,164,1330,23,-0.2455377530297677,0.45138699577270164
R160,1559826000,536,1133,597,1669,23,1.3179599978803709,0.9698261329894282
R160,1559840400,608,1032,424,1640,23,0.6932830673781677,0.9254758823130711
R160,1559854800,797,1390,593,2187,23,1.3035166006433256,1.7620133692084972
R160,1559869200,470,296,-174,766,23,-1.4660048195600837,-0.41114891393300285
R160,1559883600,65,27,-38,92,23,-0.9749293135005482,-1.4419099124110966
R160,1559898000,501,678,177,1179,23,-0.19859671200937093,0.22045982845787648
R160,1559912400,520,1100,580,1620,23,1.2565755596229289,0.8948895025362731
R160,1559926800,639,1137,498,1776,23,0.9604859162635031,1.1334632647952978
R160,1559941200,731,1489,758,2220,23,1.8993067366714385,1.812480895840214
R160,1559955600,525,486,-39,1011,23,-0.9785401628098096,-0.03646576166722697
R160,1559970000,144,55,-89,199,23,-1.1590826282728741,-1.278272780605227
R160,1559984400,101,235,134,336,23,-0.3538632323076064,-1.0687560791341606
R160,1559998800,301,645,344,946,23,0.4044151226372645,-0.13587149594182057
R160,1560013200,459,868,409,1327,23,0.6391203277392483,0.44679903880618194
R160,1560027600,499,940,441,1439,23,0.7546675056356096,0.6180827655562509
R160,1560042000,410,446,36,856,23,-0.7077264646152128,-0.2735102049374117
R160,1560056400,122,71,-51,193,23,-1.021870354520945,-1.2874486945382664
R160,1560070800,77,152,75,229,23,-0.5669033415540226,-1.23239321094003
R160,1560085200,223,591,368,814,23,0.4910755060595354,-0.33774160246868756
R160,1560099600,400,872,472,1272,23,0.8666038342227096,0.36268649441998735
R160,1560114000,394,705,311,1099,23,0.2852570954316419,0.09811430935068437
R160,1560128400,270,201,-69,471,23,-1.0868656420876484,-0.8622980156407738
R160,1560142800,39,22,-17,61,23,-0.8991014780060612,-1.4893188010651335
R160,1560157200,534,591,57,1125,23,-0.6318986291207257,0.1378766030605218
R160,1560171600,482,1066,584,1548,23,1.2710189568599741,0.7847785353398001
R160,1560186000,499,899,400,1398,23,0.6066226839558967,0.5553806870138149
R160,1560200400,695,1115,420,1810,23,0.6788396701411225,1.1854601104158544
R160,1560214800,432,273,-159,705,24,-1.3711761286422153,-0.8462234349124513
R160,1560229200,43,24,-19,67,24,-0.8883473933416658,-1.8332262712454384
R160,1560243600,617,655,38,1272,24,-0.6917671225407277,0.03094052778473314
R160,1560258000,518,1088,570,1606,24,1.1429820716013601,0.5476473417897765
R160,1560272400,594,1005,411,1599,24,0.5946265793671648,0.5368181570651199
R160,1560286800,788,1338,550,2126,24,1.0740065379869959,1.3521010641928382
R160,1560301200,489,423,-66,912,24,-1.0504398973354216,-0.5259889723404634
R160,1560315600,63,34,-29,97,24,-0.9228351601488479,-1.7868154795683386
R160,1560330000,613,674,61,1287,24,-0.6124452588842089,0.05414592362328299
R160,1560344400,567,1087,520,1654,24,0.9705432375654496,0.621904608473136
R160,1560358800,598,1000,402,1598,24,0.5635875892407008,0.5352711306758833
R160,1560373200,783,1321,538,2104,24,1.0326212178183773,1.3180664836296316
R160,1560387600,542,328,-214,870,24,-1.5608588460817168,-0.5909640806884029
R160,1560402000,54,38,-16,92,24,-0.8780010632995111,-1.794550611514522
R160,1560416400,566,687,121,1253,24,-0.40551865804111625,0.0015470263892366568
R160,1560430800,488,1038,550,1526,24,1.0740065379869959,0.423885230650844
R160,1560445200,600,1108,508,1708,24,0.9291579173968311,0.7054440334919155
R160,1560459600,788,1202,414,1990,24,0.6049729094093194,1.1417054752566527
R160,1560474000,549,287,-262,836,24,-1.726400126756191,-0.6435629779224492
R160,1560488400,66,41,-25,107,24,-0.909040053425975,-1.7713452156759721
R160,1560502800,519,688,169,1207,24,-0.23997737736664218,-0.06961618751564956
R160,1560517200,530,1056,526,1586,24,0.9912358976497588,0.5167068140050434
R160,1560531600,651,1132,481,1783,24,0.8360409470174395,0.8214710126846648
R160,1560546000,703,1360,657,2063,24,1.4430256428238444,1.2546384016709287
R160,1561165200,9624,8730,-894,18354,25,-2.8653161912124196,4.079331162207197
R160,1561179600,163,56,-107,219,25,-0.9280276667414795,-0.4635110181645751
R160,1561194000,102,324,222,426,25,-0.1181573687097905,-0.4116572364531355
R160,1561208400,315,996,681,1311,25,1.011722469577581,-0.18996353203466196
R160,1561222800,526,1107,581,1633,25,0.7655612847655175,-0.10930209381686705
R160,1561237200,544,1410,866,1954,25,1.4671206614798986,-0.02889115695999697
R160,1561251600,497,681,184,1178,25,-0.21169861893837463,-0.22328021303766418
R160,1561266000,170,62,-108,232,25,-0.9304892785896002,-0.46025450047255234
R160,1561280400,84,173,89,257,25,-0.445551744509835,-0.45399196644943157
R160,1561294800,271,900,629,1171,25,0.8837186534753081,-0.22503372256413798
R160,1561309200,481,1046,565,1527,25,0.7261754951955874,-0.1358552380748989
R160,1561323600,452,929,477,1381,25,0.5095536525609715,-0.17242843676992392
R160,1561338000,312,161,-151,473,25,-1.0363385880587874,-0.39988367248966855
R160,1561352400,228,427,199,655,25,-0.1747744412165651,-0.3542924248013497
R160,1561366800,580,652,72,1232,25,-0.4873991459278858,-0.20975313954772343
R160,1561381200,501,1056,555,1557,25,0.7015593767143811,-0.12834019724715404
R160,1561395600,556,1052,496,1608,25,0.5563242776752636,-0.11556462783998776
R160,1561410000,788,1292,504,2080,25,0.5760171724602287,0.0026720145165314703
R160,1561424400,367,167,-200,534,26,-1.41685904273756,-0.9387942783662553
R160,1561438800,35,32,-3,67,26,-0.8097280820658229,-1.6467611735131555
R160,1561453200,569,554,-15,1123,26,-0.8467106786549643,-0.04587671682123544
R160,1561467600,531,1121,590,1652,26,1.0178285660475785,0.7560815005935617
R160,1561482000,518,1016,498,1534,26,0.7342953255308283,0.5771947904707903
R160,1561496400,762,1302,540,2064,26,0.863734413592823,1.3806689969544244
R160,1561510800,444,160,-284,604,26,-1.6757372188615494,-0.8326750435476621
R160,1561525200,60,15,-45,75,26,-0.9391671701278177,-1.6346332609624592
R160,1561539600,606,719,113,1325,26,-0.45222964837078994,0.26035307508384775
R160,1561554000,564,1219,655,1783,26,1.218150964238761,0.9546760686112147
R160,1561568400,560,1056,496,1616,26,0.7281315594326381,0.7015058941154281
R160,1561582800,773,1272,499,2045,26,0.7373772085799234,1.3518652046465205
R160,1561597200,478,238,-240,716,26,-1.5401343647013646,-0.662884267837913
R160,1561611600,50,18,-32,68,26,-0.8991026904895812,-1.6452451844443186
R160,1561626000,565,644,79,1209,26,-0.5570136720400237,0.08449834309875048
R160,1561640400,543,1111,568,1654,26,0.9500271389674861,0.7591134787312358
R160,1561654800,559,1158,599,1717,26,1.0455655134894346,0.8546207900679696
R160,1561669200,761,1421,660,2182,26,1.2335603794842365,1.559555707077196
R160,1561683600,492,196,-296,688,26,-1.7127198154506906,-0.7053319617653503
R160,1561698000,69,27,-42,96,26,-0.9299215209805323,-1.6027974905168811
R160,1561712400,501,648,147,1149,26,-0.3474456247015561,-0.006461001031472253
R160,1561726800,480,1186,706,1666,26,1.3753269997426116,0.7773053475572803
R160,1561741200,586,1329,743,1915,26,1.4893566725591307,1.1547866256977046
R160,1561755600,677,1546,869,2223,26,1.8776739367451152,1.6217112588995146
R160,1561770000,524,530,6,1054,26,-0.781991134623967,-0.15047996257099158
R160,1561784400,156,76,-80,232,26,-1.0470330768461467,-1.3966229771550431
R160,1561798800,115,241,126,356,26,-0.4121651687325535,-1.2086403326192494
R160,1561813200,286,793,507,1079,26,0.7620322729726843,-0.11258023585006545
R160,1561827600,528,912,384,1440,26,0.3829606579339855,0.43469181800010803
R160,1561842000,461,953,492,1414,26,0.7158040272362576,0.3952761022103448
R160,1561856400,465,501,36,966,26,-0.6895346431511136,-0.2838870006286516
R160,1561870800,124,82,-42,206,26,-0.9299215209805323,-1.4360386929448061
R160,1561885200,68,196,128,264,26,-0.40600140263436324,-1.3481113269522575
R160,1561899600,272,947,675,1219,26,1.2797886252206632,0.09965823378712094
R160,1561914000,682,1219,537,1901,26,0.8544887644455377,1.133562778733986
R160,1561928400,780,850,70,1630,26,-0.5847506194818798,0.7227297410791467
R160,1561942800,440,324,-116,764,26,-1.1579808666135707,-0.5901167925337348
R160,1561957200,64,56,-8,120,26,-0.8251374973112985,-1.5664137528647921
R160,1561971600,520,652,132,1172,26,-0.3936738704379828,0.028406747551779795
R160,1561986000,486,1063,577,1549,26,0.9777640864093421,0.599934626503346
R160,1562000400,529,866,337,1395,26,0.23811215462651522,0.36647230990244095
R160,1562014800,714,1257,543,1971,26,0.8729800627401083,1.2396820135525792
R160,1562029200,423,233,-190,656,27,-1.3755460769913048,-0.1428998989120794
R160,1562043600,38,32,-6,70,27,-0.6808382890597787,-1.1212565267998833
R160,1562058000,551,698,147,1249,27,-0.10317366105149886,0.8471435828924729
R160,1562063348,244,214,-30,458,27,-0.7714523483551952,-0.4734709097001087
R160,1562072400,271,1153,882,1424,27,2.6718819048706295,1.1393149308111856
R160,1562086800,570,912,342,1482,27,0.6330655707237597,1.2361488632642448
R160,1562101200,698,1406,708,2104,27,2.0149299749788603,2.2746093112953267
R160,1562115600,436,264,-172,700,27,-1.3075855325197425,-0.06943967429251735
R160,1562130000,51,32,-19,83,27,-0.7299209045114626,-1.0995523695259217
R160,1562144400,430,642,212,1072,27,0.14223941620692065,0.5516331338546892
R160,1562158800,427,1043,616,1470,27,1.6675760810130973,1.2161142565498189
R160,1562173200,624,1234,610,1858,27,1.6449225661892433,1.863899873649593
R160,1562187600,632,1230,598,1862,27,1.599615536541535,1.8705780758877353
R160,1562202000,470,365,-105,835,27,-1.0546212836533717,0.15594965124477533
R160,1562216400,87,47,-40,134,27,-0.809208206394952,-1.0144052909896113
R160,1562230800,67,179,112,246,27,-0.23531916419064783,-0.8274156283216351
R160,1562234325,36,30,-6,66,27,-0.6808382890597787,-1.1279347290380253
R160,1562234424,13,84,71,97,27,-0.3901181821536509,-1.0761786616924247
R160,1562234512,1,0,-1,1,27,-0.6619603600399002,-1.236455515407833
R160,1562234989,14,4,-10,18,27,-0.6959406322756814,-1.2080731558957294
R160,1562235064,2,15,13,17,27,-0.6091021587842407,-1.2097427064552648
R160,1562235174,2,2,0,4,27,-0.6581847742359246,-1.2314468637292264
R160,1562245200,160,367,207,527,27,0.12336148718704223,-0.3582719210921591
R160,1562259600,285,562,277,847,27,0.3876524934653402,0.17598425795920136
R160,1562274000,326,501,175,827,27,0.0025427414598203175,0.14259324676849133
R160,1562288400,291,298,7,589,27,-0.6317556736080948,-0.25475978640095803
R160,1562302800,57,37,-20,94,27,-0.7336964903154383,-1.0811873133710312
R160,1562317200,191,440,249,631,27,0.281936090954021,-0.18463866290046696
R160,1562331600,266,849,583,1115,27,1.5429817494818998,0.6234238079147157
R160,1562346000,440,1019,579,1459,27,1.527879406265997,1.1977492003949284
R160,1562360400,512,1066,554,1578,27,1.4334897611666049,1.396425716979653
R160,1562374800,413,295,-118,708,27,-1.1037038991050556,-0.05608326981623334
R160,1562389200,113,27,-86,140,27,-0.9828851533778336,-1.0043879876323982
R160,1562403600,63,178,115,241,27,-0.2239924067787208,-0.8357633811193126
R160,1562418000,128,331,203,459,27,0.1082591439711395,-0.4718013591405732
R160,1562432400,319,450,131,769,27,-0.16358303391510984,0.04575931431543225
R160,1562446800,395,447,52,842,27,-0.46185431242918895,0.16763650516152387
R160,1562461200,336,226,-110,562,27,-1.07349921267325,-0.29983765150841657
R160,1562475600,101,42,-59,143,27,-0.88094433667049,-0.9993793359537917
R160,1562490000,48,106,58,154,27,-0.4392007976053348,-0.9810142797989012
R160,1562504400,180,371,191,551,27,0.06295211432343129,-0.31820270766330705
R160,1562518800,346,415,69,761,27,-0.3976693537616023,0.03240290983914824
R160,1562533200,331,476,145,807,27,-0.11072483265945024,0.1092022355777813
R160,1562547600,256,150,-106,406,27,-1.0583968694573473,-0.5602875387959548
R160,1562562000,38,33,-5,71,27,-0.677062703255803,-1.1195869762403479
R160,1562576400,523,691,168,1214,27,-0.023886359168009477,0.7887093133087304
R160,1562590800,434,1111,677,1545,27,1.897886815055614,1.3413305485149813
R160,1562605200,549,932,383,1481,27,0.7878645886867628,1.2344793127047093
R160,1562619600,710,1201,491,1911,27,1.1956278555161366,1.9523860533049748
R160,1562634000,324,282,-42,606,28,-0.9440361882914386,-0.7079827610286062
R160,1562648400,37,38,1,75,28,-0.7810098585864914,-1.5566031811328724
R160,1562662800,590,679,89,1269,28,-0.44737457919032037,0.3515941476891498
R160,1562677200,473,1119,646,1592,28,1.6643850869877173,0.8677982827054925
R160,1562691600,573,863,290,1436,28,0.3146787294304796,0.6184860688895499
R160,1562706000,775,1383,608,2158,28,1.5203153072484614,1.7723541353966688
R160,1562720400,413,303,-110,716,28,-1.2018452678248437,-0.5321856871840313
R160,1562734800,53,23,-30,76,28,-0.898540468373779,-1.5550050259161035
R160,1562749200,575,703,128,1278,28,-0.29951348945792633,0.3659775446400696
R160,1562763600,470,1092,622,1562,28,1.573393647152398,0.8198536262024266
R160,1562778000,596,956,360,1552,28,0.5800704289501611,0.8038720740347379
R160,1562792400,760,1358,598,2118,28,1.4824022073170784,1.7084279267259144
R160,1562806800,418,289,-129,707,28,-1.2738801576944716,-0.5465690841349511
R160,1562821200,45,33,-12,78,28,-0.8302968884972894,-1.5518087154825657
R160,1562835600,580,711,131,1291,28,-0.2881395594785114,0.3867535624580648
R160,1562850000,541,1120,579,1661,28,1.4103673174474507,0.978070992662544
R160,1562864400,610,1001,391,1611,28,0.6976010387374487,0.8981632318241008
R160,1562878800,760,1253,493,2013,28,1.084314658037556,1.5406216289651837
R160,1562893200,460,266,-194,726,28,-1.5203153072484614,-0.5162041350163427
R160,1562907600,70,20,-50,90,28,-0.9743666682365452,-1.5326308528813395
R160,1562922000,510,653,143,1163,28,-0.24264383956085173,0.18218969471165036
R160,1562936400,492,1055,563,1547,28,1.3497063575572377,0.7958812979508937
R160,1562950800,582,1174,592,1756,28,1.4596543473582486,1.129895738255586
R160,1562965200,683,1160,477,1843,28,1.0236536981473432,1.268935242114477
R160,1562979600,613,408,-205,1021,28,-1.5620197171729828,-0.044748346069528155
R160,1562994000,146,53,-93,199,28,-1.1373929979414925,-1.3584319342535334
R160,1563008400,99,182,83,281,28,-0.4701224391491502,-1.2273832064784866
R160,1563022800,334,556,222,890,28,0.05686964989707462,-0.2541066794662492
R160,1563037200,470,583,113,1053,28,-0.35638313935500093,0.006392620867075451
R160,1563051600,486,651,165,1137,28,-0.15923501971180895,0.14063765907565992
R160,1563066000,405,283,-122,688,28,-1.2473409877425032,-0.5769340332535594
R160,1563080400,101,53,-48,154,28,-0.9667840482502685,-1.4303489190081322
R160,1563094800,67,133,66,200,28,-0.5345747090325015,-1.3568337790367644
R160,1563109200,219,516,297,735,28,0.34121789938244773,-0.5018207380654229
R160,1563123600,361,692,331,1053,28,0.4701224391491502,0.006392620867075451
R160,1563138000,350,606,256,956,28,0.1857741896637771,-0.14862843515950425
R160,1563152400,297,199,-98,496,28,-1.156349547907184,-0.8837798348731811
R160,1563166800,37,26,-11,63,28,-0.8265055785041512,-1.5757810437340987
R160,1563181200,564,769,205,1333,28,-0.0075826199862766164,0.45387608156235704
R160,1563195600,457,1112,655,1569,28,1.698506876925962,0.8310407127198086
R160,1563210000,555,790,235,1345,28,0.10615667980787262,0.4730539441635834
R160,1563224400,731,1230,499,1961,28,1.107062517996386,1.457517557693203
R160,1563238800,676,346,-330,1022,29,-1.9793715363176785,-0.1219204337749405
R160,1563253200,31,32,1,63,29,-0.7164763553599307,-1.57953730275299
R160,1563267600,583,655,72,1238,29,-0.44558343134784584,0.20638534693335847
R160,1563282000,558,1036,478,1594,29,1.1034662468057663,0.7474819114340735
R160,1563296400,567,1016,449,1583,29,0.9928198412233655,0.7307626355646694
R160,1563310800,744,1409,665,2153,29,1.8169447931474547,1.5971251124337915
R160,1563325200,478,389,-89,867,29,-1.059861751994968,-0.3575102301165439
R160,1563339600,38,23,-15,61,29,-0.7775226480950485,-1.5825771710928818
R160,1563354000,559,688,129,1247,29,-0.22810601347898896,0.22006475446287094
R160,1563368400,516,1236,720,1752,29,2.026791424424422,0.9876315102855143
R160,1563382800,591,1043,452,1634,29,1.0042660211112,0.8082792782319066
R160,1563397200,1042,1392,350,2434,29,0.6150959049248246,2.0242266141885694
R160,1563411600,642,269,-373,911,29,-2.1434334480433073,-0.2906331266389275
R160,1563426000,66,34,-32,100,29,-0.842384334126111,-1.5232997384649944
R160,1563440400,748,669,-79,1417,29,-1.0217078190355193,0.4784535633536618
R160,1563454800,811,1154,343,1965,29,0.5883881518532106,1.311377488483976
R160,1563469200,873,1016,143,1889,29,-0.17469050733576097,1.1958624915680929
R160,1563483600,1097,1351,254,2448,29,0.24881814851411826,2.045505692567811
R160,1563498000,691,428,-263,1119,29,-1.7237401854893732,0.02551318070980488
R160,1563512400,77,32,-45,109,29,-0.8919844469733942,-1.5096203309354819
R160,1563526800,645,640,-5,1285,29,-0.7393687151355999,0.2778222529208124
R160,1563541200,596,1052,456,1648,29,1.0195275942949795,0.8295583566111482
R160,1563555600,585,1177,592,1762,29,1.53842108254348,1.0028308519849727
R160,1563570000,484,671,187,1155,29,-0.006813202314187215,0.08023081082785471
R160,1563584400,380,437,57,817,29,-0.5028143307870188,-0.4335069386138353
R160,1563598800,128,58,-70,186,29,-0.9873692793720157,-1.3925853998496531
R160,1563613200,63,215,152,278,29,-0.14035196767225724,-1.252751456214637
R160,1563627600,259,637,378,896,29,0.7219269172112807,-0.3134321391881149
R160,1563642000,355,740,385,1095,29,0.7486346702828947,-0.010965239368895005
R160,1563656400,383,839,456,1222,29,1.0195275942949795,0.1820664002142252
R160,1563670800,379,420,41,799,29,-0.5638606235221364,-0.46086575367286026
R160,1563685200,106,61,-45,167,29,-0.8919844469733942,-1.421464149078624
R160,1563699600,63,138,75,201,29,-0.4341372514600113,-1.3697863873004656
R160,1563714000,214,586,372,800,29,0.6990345574356115,-0.4593458195029144
R160,1563728400,307,691,384,998,29,0.7448192769869497,-0.1583988538536404
R160,1563742800,322,588,266,910,29,0.29460286806545655,-0.29215306080887327
R160,1563757200,228,201,-27,429,29,-0.8233073676463868,-1.0232413965528169
R160,1563771600,48,39,-9,87,29,-0.7546302883193793,-1.5430588826742901
R160,1563786000,544,705,161,1249,29,-0.10601342800875352,0.22310462280276258
R160,1563800400,480,1055,575,1535,29,1.4735593965124176,0.6578057954072696
R160,1563814800,519,897,378,1416,29,0.7219269172112807,0.47693362918371596
R160,1563829200,706,1046,340,1752,29,0.576941971965376,0.9876315102855143
R160,1563843600,311,108,-203,419,30,-1.4693614136705617,-0.9911987307706319
R160,1563858000,45,17,-28,62,30,-0.9049902603219712,-1.5288211359643396
R160,1563872400,568,595,27,1163,30,-0.727616469269557,0.129224432994406
R160,1563886800,537,1144,607,1681,30,1.142870781828629,0.9093040013146877
R160,1563901200,577,937,360,1514,30,0.3463012111023325,0.6578111675125892
R160,1563915600,720,1369,649,2089,30,1.2783198586322908,1.5237296072503537
R160,1563930000,407,126,-281,533,30,-1.7209096991630763,-0.8195209879356664
R160,1563944400,51,19,-32,70,30,-0.9178901723985103,-1.5167735750636402
R160,1563958800,567,680,113,1247,30,-0.450268359623964,0.25572382245174896
R160,1563973200,531,1094,563,1625,30,1.0009717489866976,0.8249710750097924
R160,1563987600,564,997,433,1561,30,0.5817246064991731,0.7285905878041977
R160,1564002000,748,1392,644,2140,30,1.2621949685366167,1.600532807992312
R160,1564016400,425,173,-252,598,30,-1.6273853366081672,-0.7216345556174844
R160,1564030800,53,24,-29,77,30,-0.908215238341106,-1.5062319592755282
R160,1564045200,557,638,81,1195,30,-0.5534676562362777,0.17741467659720334
R160,1564059600,560,1161,601,1721,30,1.1235209137138202,0.9695418058181844
R160,1564074000,612,1011,399,1623,30,0.4720753538485898,0.8219591847846176
R160,1564088400,746,1470,724,2216,30,1.520193210067401,1.7149846365489556
R160,1564102800,458,137,-321,595,30,-1.8499088199284686,-0.7261523909552465
R160,1564117200,55,24,-31,79,30,-0.9146651943793755,-1.5032200690503534
R160,1564131600,451,653,202,1104,30,-0.16324531592096647,0.04037367135174842
R160,1564146000,496,1105,609,1601,30,1.1493207378668986,0.7888283923076944
R160,1564160400,611,1248,637,1859,30,1.239620122402673,1.1773622313552479
R160,1564174800,673,1508,835,2181,30,1.878165770191364,1.662276557608396
R160,1564189200,514,540,26,1054,30,-0.7308414472886918,-0.034923584277622405
R160,1564203600,145,59,-86,204,30,-1.0920389854317898,-1.3149769299769265
R160,1564218000,83,237,154,320,30,-0.31804426083943704,-1.140287296916786
R160,1564232400,277,730,453,1007,30,0.6462241668818691,-0.10570300456923097
R160,1564246800,467,919,452,1386,30,0.6429991888627343,0.4650501931013999
R160,1564261200,426,930,504,1356,30,0.8106980458577441,0.4198718397237774
R160,1564275600,404,421,17,825,30,-0.7598662494609051,-0.3797850150601408
R160,1564290000,124,50,-74,174,30,-1.053339249202172,-1.360155283354549
R160,1564304400,64,127,63,191,30,-0.6115172605807041,-1.3345542164405628
R160,1564318800,216,604,388,820,30,0.43660059563810694,-0.38731474062307786
R160,1564333200,375,725,350,1100,30,0.3140514309109844,0.034349890901398755
R160,1564347600,370,682,312,1052,30,0.1915022661838619,-0.03793547450279724
R160,1564362000,232,228,-4,460,30,-0.8275907878627359,-0.9294549811545478
R160,1564376400,46,39,-7,85,30,-0.8372657219201403,-1.494184398374829
R160,1564390800,529,646,117,1175,30,-0.43736844754742477,0.147295774345455
R160,1564405200,481,1145,664,1626,30,1.3266945289193128,0.8264770201223798
R160,1564419600,529,961,432,1490,30,0.5784996284800383,0.6216684848104912
R160,1564434000,711,1253,542,1964,30,0.9332472105848667,1.3354864681769265
R160,1564448400,339,222,-117,561,31,-1.3084834852453073,-0.9686149460068033
R160,1564462800,51,28,-23,79,31,-1.0175947640476908,-1.680129912695062
R160,1564477200,566,731,165,1297,31,-0.43581732165245746,0.11784774171634703
R160,1564491600,516,1122,606,1638,31,0.9288840192852971,0.6212224380663393
R160,1564506000,539,930,391,1469,31,0.2635534335673442,0.37174934808643106
R160,1564520400,728,1264,536,1992,31,0.7122647588189869,1.1437873721070937
R160,1564534800,381,293,-88,674,31,-1.2187412201949788,-0.8018074953101783
R160,1564549200,54,29,-25,83,31,-1.0237838857752997,-1.6742252241748274
R160,1564563600,548,688,140,1236,31,-0.5131813432475683,0.027801241782770717
R160,1564578000,513,1212,699,1725,31,1.2166781796191093,0.7496494133814399
R160,1564592400,559,876,317,1435,31,0.03455592964581622,0.3215594956644377
R160,1564606800,689,1408,719,2097,31,1.2785693968951979,1.2987854457632495
R160,1564621200,436,314,-122,750,31,-1.3239562895643295,-0.6896184134257226
R160,1564635600,37,33,-4,70,31,-0.9587981076354065,-1.6934154618655897
R160,1564650000,521,692,171,1213,31,-0.41724995646963087,-0.006150717208577729
R160,1564664400,509,1151,642,1660,31,1.0402882103822566,0.6536982249276291
R160,1564678800,564,1073,509,1637,31,0.6287116154962672,0.6197462659362806
R160,1564693200,748,1503,755,2251,31,1.3899735879921575,1.5261159537922784
R160,1564707600,422,254,-168,676,31,-1.4663060892993334,-0.798855151050061
R160,1564722000,67,47,-20,114,31,-1.0083110814562775,-1.62846388814301
R160,1564736400,426,661,235,1087,31,-0.2191980611861472,-0.19214840559596488
R160,1564750800,478,1097,619,1575,31,0.9691133105147547,0.5282235938726456
R160,1564765200,582,1158,576,1740,31,0.8360471933711642,0.7717919953323193
R160,1564779600,663,1490,827,2153,31,1.6127819701860768,1.3814510850465327
R160,1565398800,8923,7918,-1005,16841,32,-3.2823460393886794,4.082026258599664
R160,1565413200,118,56,-62,174,32,-0.6608553476000639,-0.4260829320068525
R160,1565427600,85,276,191,361,32,0.042471423367613344,-0.37550295848771775
R160,1565442000,260,737,477,997,32,0.8375364688093355,-0.20347695229429694
R160,1565456400,476,789,313,1265,32,0.3816250441504459,-0.13098800628826426
R160,1565470800,430,814,384,1244,32,0.5790013316552091,-0.13666811026634892
R160,1565485200,377,396,19,773,32,-0.43567958298195386,-0.2640647280605332
R160,1565499600,122,51,-71,173,32,-0.6858748770020762,-0.42635341314866604
R160,1565514000,71,195,124,266,32,-0.1437850732918111,-0.40119866696000545
R160,1565528400,214,508,294,722,32,0.3288060376350867,-0.2778592662930245
R160,1565542800,384,794,410,1178,32,0.6512799721499111,-0.15451986562604353
R160,1565557200,369,691,322,1060,32,0.40664457355245814,-0.18643664036004298
R160,1565571600,240,177,-63,417,32,-0.6636352953113986,-0.3603560145461587
R160,1565586000,47,33,-14,80,32,-0.5274178574559987,-0.45150815933732663
R160,1565600400,450,658,208,1108,32,0.08973053446030313,-0.17345354555299236
R160,1565614800,399,977,578,1376,32,1.1183111876541396,-0.10096459954695969
R160,1565629200,511,896,385,1407,32,0.5817812793665438,-0.0925796841507395
R160,1565643600,686,1359,673,2045,32,1.3824062202309353,0.07998728432630842
R160,1565658000,332,244,-88,576,33,-1.2961773258154259,-0.6981121543969533
R160,1565672400,43,33,-10,76,33,-1.0009689749136368,-1.5173094745990108
R160,1565686800,505,664,159,1169,33,-0.36135088129309356,0.27345586736268684
R160,1565701200,456,1055,599,1511,33,1.303926995588794,0.8337868343808942
R160,1565715600,526,937,411,1463,33,0.5923991754665329,0.7551438916414966
R160,1565730000,749,1259,510,2008,33,0.9670866977649576,1.6480689706617393
R160,1565744400,397,253,-144,650,33,-1.5081217828731206,-0.5768709510070488
R160,1565758800,61,34,-27,95,33,-1.065309256520437,-1.4861799764313326
R160,1565773200,483,648,165,1131,33,-0.33864254660834053,0.21119687102733048
R160,1565787600,458,998,540,1456,33,1.0806283711887226,0.7436751291586678
R160,1565802000,514,959,445,1473,33,0.7210797386801333,0.7715278380455378
R160,1565816400,721,1365,644,2086,33,1.4742395057244415,1.7758637526132601
R160,1565830800,379,267,-112,646,33,-1.3870106645544378,-0.5834245295686653
R160,1565845200,57,44,-13,101,33,-1.0123231422560133,-1.4763496085889078
R160,1565859600,486,699,213,1185,33,-0.15697586913031647,0.29967018160915265
R160,1565874000,464,1112,648,1576,33,1.4893783955142768,0.9402824860071616
R160,1565888400,562,1082,520,1644,33,1.004933922239546,1.0516933215546413
R160,1565902800,722,1416,694,2138,33,1.6634756280973833,1.861060273914274
R160,1565917200,426,310,-116,736,33,-1.4021495543442732,-0.4359690119322949
R160,1565931600,69,41,-28,110,33,-1.0690939789678957,-1.4616040568252708
R160,1565946000,370,587,217,957,33,-0.14183697934048112,-0.07388379640298552
R160,1565960400,452,1101,649,1553,33,1.4931631179617357,0.902599409277867
R160,1565974800,565,1193,628,1758,33,1.4136839465651,1.2384703105607104
R160,1565989200,661,1288,627,1949,33,1.4098992241176413,1.5514036868778964
R160,1566003600,466,450,-16,916,33,-1.0236773095983898,-0.14105797665955425
R160,1566018000,103,35,-68,138,33,-1.2204828768662492,-1.4157290068939556
R160,1566032400,91,208,117,299,33,-0.5203092240863646,-1.1519474697888932
R160,1566046800,241,635,394,876,33,0.5280588938597327,-0.20659376227571882
R160,1566061200,416,664,248,1080,33,-0.02451058346925724,0.1276387443667206
R160,1566075600,393,747,354,1140,33,0.3766699959613793,0.2259424227909675
R160,1566090000,333,328,-5,661,33,-0.9820453626763426,-0.5588486099626035
R160,1566104400,109,44,-65,153,33,-1.2091287095238727,-1.3911530872878939
R160,1566118800,51,149,98,200,33,-0.5922189505880825,-1.3141485391889005
R160,1566133200,190,573,383,763,33,0.4864269469376855,-0.39173235664138384
R160,1566147600,312,630,318,942,33,0.24041998785286123,-0.09845971600904725
R160,1566162000,321,524,203,845,33,-0.19482309360490482,-0.2573839961282464
R160,1566176400,206,179,-27,385,33,-1.065309256520437,-1.0110455307141393
R160,1566190800,32,40,8,72,33,-0.9328439708593776,-1.5238630531606272
R160,1566205200,462,660,198,1122,33,-0.213746705842199,0.19645131926369344
R160,1566219600,414,944,530,1358,33,1.0427811467141344,0.5831124543990646
R160,1566234000,466,917,451,1383,33,0.7437880733648863,0.6240723204091674
R160,1566248400,636,1072,436,1708,33,0.6870172366530037,1.1565505785405048
R160,1566262800,293,199,-94,492,34,-1.3030985077858435,-0.8743945517501164
R160,1566277200,52,29,-23,81,34,-1.0455534554119448,-1.562980261253333
R160,1566291600,513,742,229,1255,34,-0.13144988923979678,0.4039287970356604
R160,1566306000,419,987,568,1406,34,1.0982370509679735,0.6569128411597133
R160,1566320400,498,986,488,1484,34,0.8080454426593552,0.7875933407734623
R160,1566334800,676,1371,695,2047,34,1.5589162291579053,1.730838485421421
R160,1566349200,387,297,-90,684,34,-1.2885889273704125,-0.5527194757778108
R160,1566363600,49,57,8,106,34,-0.9331042071923551,-1.5210954857361056
R160,1566378000,494,555,61,1049,34,-0.7408522666878954,0.0587982467737076
R160,1566392400,407,1054,647,1461,34,1.3848012641727343,0.7490593472976133
R160,1566406800,501,974,473,1475,34,0.7536345161014892,0.7725148215872606
R160,1566421200,655,1244,589,1899,34,1.1744123481489859,1.4828806143594353
R160,1566435600,366,294,-72,660,34,-1.2232958155009734,-0.592928860274349
R160,1566450000,62,49,-13,111,34,-1.0092795043733673,-1.5127185306326603
R160,1566464400,489,663,174,1152,34,-0.33095661995197195,0.231363521904684
R160,1566478800,454,1084,630,1538,34,1.323135547407153,0.8780644558906733
R160,1566493200,519,1015,496,1534,34,0.837064603490217,0.8713628918079169
R160,1566507600,687,1373,686,2060,34,1.5262696732231857,1.752618568690379
R160,1566522000,382,268,-114,650,34,-1.3756464098629981,-0.6096827704812399
R160,1566536400,70,63,-7,133,34,-0.987515133750221,-1.4758599281775002
R160,1566550800,383,590,207,973,34,-0.21125258152466686,-0.06853147079866335
R160,1566565200,450,1101,651,1551,34,1.3993108445881652,0.8998445391596315
R160,1566579600,568,1214,646,1782,34,1.3811738690688766,1.2868598649388117
R160,1566594000,674,1290,616,1964,34,1.2723520159531447,1.5917810307042262
R160,1566608400,453,366,-87,819,34,-1.2777067420588395,-0.32654168798478345
R160,1566622800,105,49,-56,154,34,-1.1652574938392497,-1.4406767167430292
R160,1566637200,88,253,165,341,34,-0.3636031758866915,-1.127378595874169
R160,1566651600,243,635,392,878,34,0.45981551268901316,-0.22769361776412703
R160,1566666000,452,829,377,1281,34,0.4054045861311472,0.4474889635735768
R160,1566680400,451,817,366,1268,34,0.3655032399887122,0.4257088803046186
R160,1566694800,367,398,31,765,34,-0.8496741198036273,-0.41701280310199434
R160,1566709200,115,41,-74,156,34,-1.230550605708689,-1.4373259347016512
R160,1566723600,65,179,114,244,34,-0.5486003261834357,-1.289891524881011
R160,1566738000,174,614,440,788,34,0.6339304776741842,-0.3784788096261453
R160,1566752400,431,800,369,1231,34,0.3763854253002854,0.36371941253912227
R160,1566766800,452,667,215,1119,34,-0.18223342069380502,0.176075618221944
R160,1566781200,248,155,-93,403,34,-1.2994711126819858,-1.0235043525914456
R160,1566795600,45,45,0,90,34,-0.962123368023217,-1.547901742067131
R160,1566810000,467,520,53,987,34,-0.7698714275187573,-0.045075996509016066
R160,1566824400,412,983,571,1395,34,1.1091192362795468,0.6384835399321332
R160,1566838800,496,908,412,1404,34,0.5323634147661678,0.6535620591183351
R160,1566853200,610,1104,494,1714,34,0.8298098132825016,1.1729332755319535
R160,1566867600,309,245,-64,554,35,-1.272933026715297,-0.676904994604723
R160,1566882000,49,52,3,101,35,-0.9896766700329173,-1.4695369386928143
R160,1566896400,478,591,113,1069,35,-0.5246289202558759,0.22421079172059047
R160,1566910800,497,955,458,1452,35,0.9339299313175721,0.894360978444076
R160,1566925200,558,1039,481,1597,35,1.0311671880891353,1.1480731901279022
R160,1566939600,730,1208,478,1938,35,1.0184840676406706,1.7447343224326242
R160,1566954000,359,262,-97,621,35,-1.4124473516484093,-0.5596724554128861
R160,1566968400,54,48,-6,102,35,-1.0277260313783116,-1.4677871993018914
R160,1566982800,498,604,106,1102,35,-0.5542228679689604,0.28195219162104745
R160,1566997200,496,983,487,1479,35,1.0565334289860648,0.9416039419989953
R160,1567011600,497,934,437,1431,35,0.8451480881783187,0.8576164512346943
R160,1567026000,714,1144,430,1858,35,0.8155541404652342,1.604755171158789
R160,1567040400,367,278,-89,645,35,-1.37862569711917,-0.5176787100307355
R160,1567054800,56,46,-10,102,35,-1.0446368586429313,-1.4677871993018914
R160,1567069200,437,700,263,1137,35,0.10952710216736236,0.3431930703033503
R160,1567083600,503,1073,570,1576,35,1.4074330947269234,1.1113286629185204
R160,1567098000,580,985,405,1565,35,0.7098614700613612,1.0920815296183681
R160,1567112400,682,1257,575,1939,35,1.428571628807698,1.746484061823547
R160,1567126800,417,355,-62,772,35,-1.2644776130829871,-0.29546180738352235
R160,1567141200,69,35,-34,104,35,-1.1461018222306492,-1.4642877205200455
R160,1567153648,219,121,-98,340,35,-1.4166750584645642,-1.051349224262232
R160,1567155600,109,569,460,678,35,0.9423853449498819,-0.45993731013027855
R160,1567170000,431,1085,654,1516,35,1.7625604672839368,1.0063442994631442
R160,1567184400,648,1174,526,1822,35,1.221413994816107,1.5417645530855633
R160,1567198800,541,1213,672,1754,35,1.8386591899747253,1.4227822745028036
R160,1567213200,495,522,27,1017,35,-0.8882117064451991,0.13322434339259764
R160,1567227600,100,73,-27,173,35,-1.1165078745175647,-1.3435557025463627
R160,1567242000,72,237,165,309,35,-0.30478816581581997,-1.105591145380843
R160,1567256400,236,698,462,934,35,0.9508407585821917,-0.012004026054006264
R160,1567270800,414,789,375,1203,35,0.5830302655767136,0.45867587010426425
R160,1567285200,504,841,337,1345,35,0.4223774065628266,0.7071388636153215
R160,1567299600,519,515,-4,1034,35,-1.0192706177460018,0.16296991303828762
R160,1567314000,121,82,-39,203,35,-1.1672403563114238,-1.2910635208186745
R160,1567328400,78,146,68,224,35,-0.7148757269828474,-1.2543189936092927
R160,1567342800,289,549,260,838,35,0.09684398171889759,-0.17997900758260837
R160,1567357200,379,738,359,1117,35,0.5153869565182349,0.3081982824848915
R160,1567371600,411,819,408,1230,35,0.722544590509826,0.5059188336591836
R160,1567386000,305,330,25,635,35,-0.8966671200775089,-0.535176103939965
R160,1567400400,70,55,-15,125,35,-1.065775392723706,-1.4275431933106637
R160,1567414800,57,189,132,246,35,-0.44430249074893235,-1.2158247270089881
R160,1567429200,189,475,286,664,35,0.20676435893892556,-0.48443366160319973
R160,1567443600,282,658,376,940,35,0.5872579723928685,-0.0015055897084686307
R160,1567458000,312,654,342,966,35,0.44351594064360117,0.04398763445552778
R160,1567472400,204,230,26,434,36,-0.9487890895985313,-1.0329902427553377
R160,1567486800,37,61,24,98,36,-0.9567176892330593,-1.5318117013429138
R160,1567501200,518,643,125,1161,36,-0.5563234076893895,0.04630499651004279
R160,1567515600,499,1179,680,1678,36,1.643862990892163,0.8138368241581881
R160,1567530000,577,1097,520,1674,36,1.0095750201299136,0.807898473460717
R160,1567544400,814,1365,551,2179,36,1.1324683144650993,1.557615249016449
R160,1567558800,340,302,-38,642,36,-1.202504277903431,-0.7241960064868381
R160,1567573200,41,65,24,106,36,-0.9567176892330593,-1.5199349999479714
R160,1567587600,509,638,129,1147,36,-0.5404662084203332,0.025520769068893782
R160,1567602000,573,1349,776,1922,36,2.0244357733495124,1.1760762167039278
R160,1567616400,646,1176,530,1822,36,1.0492180183025541,1.0276174492671493
R160,1567630800,859,1264,405,2123,36,0.5536805411445469,1.4744783392518528
R160,1567645200,371,368,-3,739,36,-1.0637537842991889,-0.5801910020731629
R160,1567659600,51,64,13,115,36,-1.000324987222964,-1.5065737108786614
R160,1567674000,544,687,143,1231,36,-0.4849660109786364,0.1502261337157878
R160,1567688400,552,1246,694,1798,36,1.6993631883338598,0.9919873450823224
R160,1567702800,638,1149,511,1787,36,0.9738963217745371,0.9756568806642768
R160,1567717200,901,1407,506,2308,36,0.9540748226882168,1.7491270590098933
R160,1567731600,433,337,-96,770,36,-1.4324336673047464,-0.5341687841677615
R160,1567746000,53,41,-12,94,36,-1.0994324826545654,-1.5377500520403848
R160,1567760400,457,654,197,1111,36,-0.27089382084637725,-0.027924387208346516
R160,1567774800,547,1188,641,1735,36,1.4892552980188647,0.8984583215971519
R160,1567789200,681,998,317,1679,36,0.20482215722530975,0.8153214118325559
R160,1567803600,775,1258,483,2033,36,0.8628959268911435,1.3408654485587521
R160,1567818000,484,488,4,972,36,-1.0360036855783405,-0.23428207394546877
R160,1567832400,122,62,-60,184,36,-1.2897188738832401,-1.4041371613472842
R160,1567846800,89,254,165,343,36,-0.3977514149988271,-1.1680877211228062
R160,1567861200,343,818,475,1161,36,0.8311815283530309,0.04630499651004279
R160,1567875600,510,826,316,1336,36,0.2008578574080457,0.30610783952440535
R160,1567890000,532,947,415,1479,36,0.5933235393171875,0.5184038769589987
R160,1567904400,446,498,52,944,36,-0.8457172943496657,-0.2758505288277668
R160,1567918800,128,68,-60,196,36,-1.2897188738832401,-1.3863221092548708
R160,1567933200,67,186,119,253,36,-0.5801092065929738,-1.301700611815907
R160,1567947600,256,694,438,950,36,0.6845024351142608,-0.2669430027815601
R160,1567962000,415,792,377,1207,36,0.44268014626115326,0.11459602953096094
R160,1567976400,428,604,176,1032,36,-0.35414411700892245,-0.14520681348340161
R160,1567990800,235,224,-11,459,36,-1.0954681828373014,-0.995875550896143
R160,1568005200,51,32,-19,83,36,-1.127182581375414,-1.5540805164584304
R160,1568019600,535,704,169,1239,36,-0.3818942157297709,0.1621028351107301
R160,1568034000,480,1137,657,1617,36,1.5526840950950895,0.7232769760217532
R160,1568048400,614,919,305,1533,36,0.15725055941814106,0.5985716113748591
R160,1568062800,799,1279,480,2078,36,0.8510030274393513,1.4076718939053026
R160,1568077200,343,313,-30,656,37,-1.2391270833816108,-0.7009602003904046
R160,1568091600,44,61,17,105,37,-1.0482243390910233,-1.527539612234213
R160,1568106000,572,730,158,1302,37,-0.47551610621926016,0.2681329031506122
R160,1568120400,541,1213,672,1754,37,1.6122287994267415,0.9461980468046983
R160,1568134800,673,1037,364,1710,37,0.3612065602458689,0.8801917053870439
R160,1568149200,831,1141,310,1972,37,0.14187149233753407,1.2732294656467134
R160,1568163600,419,278,-141,697,37,-1.6899825007487435,-0.6394542913421357
R160,1568178000,51,36,-15,87,37,-1.1782006756292958,-1.5545422064505263
R160,1568192400,548,698,150,1246,37,-0.5080101903538283,0.18412483225541573
R160,1568206800,550,1200,650,1750,37,1.5228700680566791,0.9401974703121843
R160,1568221200,680,1019,339,1699,37,0.2596625473253435,0.8636901200326303
R160,1568235600,804,1293,489,2097,37,0.8689266248484957,1.460747481037777
R160,1568250000,405,325,-80,730,37,-1.4422151092226616,-0.5899495352788949
R160,1568264400,38,56,18,94,37,-1.0441625785742021,-1.5440411975886268
R160,1568278800,543,785,242,1328,37,-0.13432822280629492,0.3071366503519535
R160,1568293200,521,1220,699,1741,37,1.7218963333809088,0.9266961732040278
R160,1568307600,662,997,335,1659,37,0.24341550525805944,0.80368435510749
R160,1568322000,912,1174,262,2086,37,-0.05309301246987463,1.4442458956833633
R160,1568336400,397,314,-83,711,37,-1.4544003907731247,-0.6184522736183367
R160,1568350800,65,25,-40,90,37,-1.2797446885498212,-1.5500417740811407
R160,1568365200,493,742,249,1235,37,-0.10589589918854782,0.16762324690100214
R160,1568379600,541,1207,666,1748,37,1.5878582363258154,0.9371971820659273
R160,1568394000,681,1216,535,1897,37,1.0557676086222625,1.160718656412075
R160,1568408400,826,1454,628,2280,37,1.4335113366866168,1.735273855570294
R160,1568422800,411,526,115,937,37,-0.6501718084425638,-0.27941970179129355
R160,1568437200,95,72,-23,167,37,-1.2106947597638638,-1.4345306766002455
R160,1568451600,47,321,274,368,37,-0.00435188626802245,-1.1330017078514152
R160,1568466000,215,838,623,1053,37,1.4132025341025116,-0.10540298350838652
R160,1568480400,418,899,481,1317,37,0.8364325407139276,0.2906350649975399
R160,1568494800,450,870,420,1320,37,0.5886651491878457,0.2951354973669254
R160,1568509200,306,489,183,795,37,-0.37397209329873476,-0.49244016727554185
R160,1568523600,87,80,-7,167,37,-1.1457065914947275,-1.4345306766002455
R160,1568538000,37,198,161,235,37,-0.4633308246687971,-1.332520876227507
R160,1568552400,174,695,521,869,37,0.9989029613867682,-0.3814295021640322
R160,1568566800,315,880,565,1195,37,1.1776204241268928,0.10761748197586177
R160,1568581200,358,675,317,1033,37,0.17030381595528118,-0.1354058659709567
R160,1568595600,200,236,36,436,37,-0.9710508892714239,-1.0309919074786766
R160,1568610000,20,34,14,54,37,-1.0604096206414864,-1.604046962513767
R160,1568624400,529,703,174,1232,37,-0.41052793795012393,0.16312281453161662
R160,1568638800,529,1104,575,1633,37,1.218238029295103,0.7646806079061488
R160,1568653200,594,1007,413,1601,37,0.5602328255700986,0.7166759959660365
R160,1568667600,887,1204,317,2091,37,0.17030381595528118,1.4517466162990058
R160,1568682000,354,316,-38,670,38,-1.1198724214903404,-0.7163473282084191
R160,1568696400,36,31,-5,67,38,-0.9916702924587378,-1.6031068195914984
R160,1568710800,568,772,204,1340,38,-0.1797234752585885,0.2689409955505579
R160,1568725200,603,1225,622,1828,38,1.44417015914171,0.9865838343481411
R160,1568739600,636,1015,379,1651,38,0.5001362999090005,0.7262912473252472
R160,1568754000,865,1155,290,2020,38,0.15437904282376957,1.2689351151865345
R160,1568768400,427,354,-73,781,38,-1.255844376523858,-0.5531129939737229
R160,1568782800,52,35,-17,87,38,-1.0382892484702295,-1.573695227837499
R160,1568797200,572,673,101,1245,38,-0.5798695143572267,0.12923593471906114
R160,1568811600,555,1286,731,1841,38,1.867625676246094,1.0057013689882406
R160,1568826000,660,1154,494,1814,38,0.9469012950191306,0.9659957201203415
R160,1568840400,863,1313,450,2176,38,0.7759651229769939,1.4983455308677291
R160,1568854800,453,367,-86,820,38,-1.3063482455363076,-0.49576039005342426
R160,1568869200,44,38,-6,82,38,-0.9955552054596954,-1.581048125775999
R160,1568883600,526,770,244,1296,38,-0.02432695522028243,0.2042354936917594
R160,1568898000,559,1261,702,1820,38,1.7549631992183221,0.9748191976465413
R160,1568912400,687,1141,454,1828,38,0.7915047749808245,0.9865838343481411
R160,1568926800,937,1333,396,2270,38,0.5661798209252806,1.636580012111526
R160,1568941200,476,400,-76,876,38,-1.267499115526731,-0.4134079331422262
R160,1568955600,60,41,-19,101,38,-1.046059074472145,-1.5531071136096994
R160,1568970000,491,652,161,1143,38,-0.3467747342997676,-0.020763183226335358
R160,1568984400,525,1171,646,1696,38,1.5374080711646938,0.7924673287717456
R160,1568998800,684,1114,430,1798,38,0.6982668629578409,0.9424664467171421
R160,1569013200,797,1374,577,2171,38,1.2693490740986157,1.4909926329292293
R160,1569027600,523,462,-61,985,38,-1.2092254205123663,-0.25311475808292994
R160,1569042000,116,73,-43,189,38,-1.1392969864951286,-1.4236961098921026
R160,1569056400,91,232,141,323,38,-0.4244729943189206,-1.2266384451403072
R160,1569070800,331,820,489,1151,38,0.9274767300143423,-0.008998546524735631
R160,1569085200,531,883,352,1414,38,0.395243648883144,0.3777638850403553
R160,1569099600,505,808,303,1313,38,0.20488291183621904,0.2292353466826588
R160,1569114000,435,352,-83,787,38,-1.2946935065334346,-0.5442895164475231
R160,1569128400,114,71,-43,185,38,-1.1392969864951286,-1.4295784282429025
R160,1569142800,65,172,107,237,38,-0.5565600363514808,-1.3531082896825042
R160,1569157200,272,637,365,909,38,0.44574751789559347,-0.3648788067481273
R160,1569171600,415,791,376,1206,38,0.48848156090612765,0.07188333079876248
R160,1569186000,395,721,326,1116,38,0.294235910858245,-0.060468832094234426
R160,1569200400,260,194,-66,454,38,-1.2286499855171547,-1.0339925191516117
R160,1569214800,29,34,5,63,38,-0.9528211624491613,-1.6089891379422983
R160,1569229200,575,741,166,1316,38,-0.3273501692949793,0.23364708544575868
R160,1569243600,483,1260,777,1743,38,2.046331674290146,0.861584569393644
R160,1569258000,649,1072,423,1721,38,0.6710724719511373,0.8292318184642448
R160,1569272400,825,1241,416,2066,38,0.6438780809444338,1.3365817762207328
R160,1569286800,441,291,-150,732,39,-1.4266547979552602,-0.70635064200991
R160,1569301200,54,36,-18,90,39,-0.950071633345477,-1.6690497276930485
R160,1569315600,577,732,155,1309,39,-0.32545884942507924,0.1588789100760261
R160,1569330000,589,1265,676,1854,39,1.5556004593756563,0.9761234610064163
R160,1569344400,650,1166,516,1816,39,0.9779238962122827,0.9191412721342056
R160,1569358800,865,1185,320,2050,39,0.2702701063371498,1.2700315930841346
R160,1569373200,470,331,-139,801,39,-1.3869395342377782,-0.6028829832682643
R160,1569387600,55,41,-14,96,39,-0.9356297192663926,-1.6600525399763837
R160,1569402000,570,672,102,1242,39,-0.5168142109729468,0.05841031390660196
R160,1569416400,619,1233,614,1852,39,1.331750791149849,0.9731243984341947
R160,1569430800,710,1172,462,1882,39,0.782958056144644,1.0181103370175189
R160,1569445200,915,1364,449,2279,39,0.7360218353876198,1.6134242576035096
R160,1569459600,488,368,-120,856,39,-1.3183404423621277,-0.5204087625321698
R160,1569474000,50,49,-1,99,39,-0.8886934985093685,-1.6555539461180513
R160,1569488400,563,725,162,1288,39,-0.30018549978668163,0.12738875306769912
R160,1569502800,593,1222,629,1815,39,1.3859079689464153,0.9176417408480948
R160,1569517200,663,1044,381,1707,39,0.49050929604318605,0.7556923619481276
R160,1569531600,827,1310,483,2137,39,0.8587781050598368,1.4004908149757749
R160,1569546000,536,358,-178,894,39,-1.5277481965088506,-0.46342657365995915
R160,1569560400,63,57,-6,120,39,-0.906745891108224,-1.6240637891097243
R160,1569574800,530,664,134,1194,39,-0.40127889834027203,-0.013567187826716816
R160,1569589200,545,1177,632,1722,39,1.3967394045057286,0.7781853312397897
R160,1569603600,690,1073,383,1763,39,0.4977302530827282,0.8396661139703328
R160,1569618000,755,1449,694,2204,39,1.6205890727315357,1.500959411145199
R160,1569632400,632,475,-157,1107,39,-1.4519281475936578,-0.1440264097183571
R160,1569646800,155,73,-82,228,39,-1.1811422586108264,-1.4621144102097572
R160,1569661200,120,304,184,424,39,-0.22075497235171776,-1.1682062781320388
R160,1569675600,361,934,573,1295,39,1.1837211718392344,0.13788547207047477
R160,1569690000,632,970,338,1602,39,0.33525871969302934,0.5982415769064927
R160,1569704400,672,1031,359,1703,39,0.4110787686082222,0.7496942368036843
R160,1569718800,525,493,-32,1018,39,-1.0006183326222722,-0.277484694182219
R160,1569733200,140,76,-64,216,39,-1.1161536452549468,-1.4801087856430868
R160,1569747600,95,174,79,269,39,-0.5998552169276817,-1.400633627479214
R160,1569762000,300,726,426,1026,39,0.6529808294328848,-0.26548844389333254
R160,1569776400,513,1002,489,1515,39,0.8804409761784633,0.4677823550148525
R160,1569790800,547,745,198,1292,39,-0.1702082730749226,0.13338687821214235
R160,1569805200,347,280,-67,627,39,-1.12698508081426,-0.8638014270515448
R160,1569819600,42,30,-12,72,39,-0.9284087622268504,-1.6960412908430431
R160,1569834000,433,652,219,1085,39,-0.09438822415972979,-0.17701609801279486
R160,1569848400,439,1195,756,1634,39,1.844438740957343,0.6462265780620386
R160,1569862800,610,1098,488,1708,39,0.8768304976586921,0.7571918932342384
R160,1569877200,735,1170,435,1905,39,0.6854751361108247,1.0525995565980675
R160,1569891600,346,240,-106,586,40,-1.1879330740184093,-0.8350673619418124
R160,1569906000,40,35,-5,75,40,-0.8134931795328919,-1.622234250645044
R160,1569920400,534,719,185,1253,40,-0.10910129881756228,0.1924087921972395
R160,1569934800,504,1140,636,1644,40,1.5629025864593515,0.794722399795994
R160,1569949200,677,1094,417,1771,40,0.7509982607927349,0.9903587889648989
R160,1569963600,915,1288,373,2203,40,0.5878759305218165,1.6558306009410166
R160,1569978000,498,271,-227,769,40,-1.636519482263435,-0.5531661082574848
R160,1569992400,57,38,-19,95,40,-0.8653957391645477,-1.5914253704609644
R160,1570006800,625,691,66,1316,40,-0.5502730556866371,0.28945676477709
R160,1570021200,598,1203,605,1801,40,1.4479754901321136,1.0365721092410183
R160,1570035600,705,1037,332,1742,40,0.4358755773148243,0.9456859126979836
R160,1570050000,831,1164,333,1995,40,0.43958290300279973,1.3354182470265896
R160,1570064400,404,300,-104,704,40,-1.1805184226424585,-0.6532949688557432
R160,1570078800,42,38,-4,80,40,-0.8097858538449164,-1.6145320305990243
R160,1570093200,515,697,182,1212,40,-0.12022327588148854,0.12925058781987647
R160,1570107600,543,1201,658,1744,40,1.6444637515948108,0.9487668007163916
R160,1570122000,626,1085,459,1711,40,0.9067059396877025,0.8979321484126604
R160,1570136400,823,1165,342,1988,40,0.4729488341945785,1.3246351389621618
R160,1570150800,454,268,-186,722,40,-1.4845191290564428,-0.6255669766900717
R160,1570165200,60,59,-1,119,40,-0.7986638767809902,-1.554454714240069
R160,1570179600,471,660,189,1131,40,-0.09427199606566061,0.00447462307435444
R160,1570194000,522,1207,685,1729,40,1.744561545170147,0.925660140578332
R160,1570208400,704,1104,400,1808,40,0.6879737240971527,1.0473552173054461
R160,1570222800,815,1370,555,2185,40,1.2626092057333427,1.628102608775345
R160,1570237200,547,508,-39,1055,40,-0.9395422529240561,-0.11259912162514772
R160,1570251600,115,61,-54,176,40,-0.9951521382436875,-1.4666494057154424
R160,1570266000,122,275,153,397,40,-0.22773572083277568,-1.126211279681364
R160,1570280400,324,796,472,1120,40,0.9549011736313828,-0.012470261026889294
R160,1570294800,522,891,369,1413,40,0.5730466277699148,0.43887983366987565
R160,1570309200,558,1007,449,1565,40,0.8696326828079484,0.6730273230688799
R160,1570323600,432,474,42,906,40,-0.6392488721980472,-0.3421252789965401
R160,1570338000,136,74,-62,210,40,-1.024810743747491,-1.4142743094025074
R160,1570352400,64,164,100,228,40,-0.42422398229547287,-1.3865463172368357
R160,1570366800,253,698,445,951,40,0.8548033800560466,-0.2728052985823612
R160,1570381200,475,849,374,1324,40,0.5915832562097919,0.30178031685072176
R160,1570395600,486,660,174,1146,40,-0.1498818813852919,0.027581283212414077
R160,1570410000,277,198,-79,475,40,-1.087835280443073,-1.0060566469634538
R160,1570424400,52,31,-21,83,40,-0.8728103905404986,-1.6099106985714122
R160,1570438800,536,672,136,1208,40,-0.2907602575283578,0.12308881178306058
R160,1570453200,540,1200,660,1740,40,1.6518784029707616,0.9426050246795757
R160,1570467600,628,1094,466,1722,40,0.9326572195035304,0.9148770325139042
R160,1570482000,811,467,-344,1278,40,-2.070276587756559,0.2309198924273389
R160,1570496400,947,1448,501,2395,41,1.0056428550417158,1.8615957313151077
R160,1570510800,54,53,-1,107,41,-0.8822543897004742,-1.6931365766124946
R160,1570525200,543,717,174,1260,41,-0.22412288007919284,0.09821235303808476
R160,1570539600,515,1151,636,1666,41,1.51334430532099,0.7289909006860771
R160,1570554000,647,1028,381,1675,41,0.5543526770156942,0.7429736763728553
R160,1570568400,788,1116,328,1904,41,0.35503284838753474,1.0987576355142106
R160,1570582800,554,313,-241,867,41,-1.784834745752517,-0.512368851951228
R160,1570597200,64,61,-3,125,41,-0.8897758926675745,-1.6651710252389382
R160,1570611600,462,667,205,1129,41,-0.10753958408913729,-0.10531471529168616
R160,1570626000,462,1113,651,1575,41,1.5697555775742427,0.5876095020753203
R160,1570640400,552,866,314,1418,41,0.30238232761783224,0.34368774842819017
R160,1570654800,726,1193,467,1919,41,0.8777773046010097,1.122062261658841
R160,1570669200,485,352,-133,837,41,-1.3786735855290977,-0.5589781042404885
R160,1570683600,51,54,3,105,41,-0.8672113837662735,-1.6962438600984453
R160,1570698000,530,725,195,1255,41,-0.1451470989246391,0.090444144323208
R160,1570712400,553,1314,761,1867,41,1.9834382407647624,1.0412728910241227
R160,1570726800,711,1215,504,1926,41,1.0169251094923664,1.1329377538596683
R160,1570741200,864,1350,486,2214,41,0.949231582788463,1.5803865758365692
R160,1570755600,597,399,-198,996,41,-1.6231224319598594,-0.31194906710740783
R160,1570770000,84,78,-6,162,41,-0.9010581471182251,-1.6076862807488503
R160,1570784400,501,717,216,1218,41,-0.06617131777008532,0.03295939983312004
R160,1570798800,502,1154,652,1656,41,1.573516329057793,0.7134544832563237
R160,1570813200,688,1163,475,1851,41,0.9078633164694111,1.016414623136517
R160,1570827600,753,1303,550,2056,41,1.1899196777356746,1.334911180446464
R160,1570842000,651,478,-173,1129,41,-1.5291036448711048,-0.10531471529168616
R160,1570856400,142,64,-78,206,41,-1.171832253933838,-1.5393260440579348
R160,1570870800,126,272,146,398,41,-0.32942392161859785,-1.2410268294066675
R160,1570885200,392,846,454,1238,41,0.8288875353148573,0.06403223469262705
R160,1570899600,694,935,241,1629,41,0.027847469318669157,0.6715061561959892
R160,1570914000,732,889,157,1621,41,-0.28805565529954585,0.6590770222521863
R160,1570928400,617,509,-108,1126,41,-1.2846547984403431,-0.10997564052061222
R160,1570942800,156,90,-66,246,41,-1.1267032361312357,-1.4771803743389207
R160,1570957200,79,172,93,251,41,-0.5287437502467573,-1.469412165624044
R160,1570971600,288,693,405,981,41,0.6446107126208985,-0.3352536932520381
R160,1570986000,628,854,226,1482,41,-0.028563802934583528,0.44312081997861263
R160,1571000400,590,779,189,1369,41,-0.16771160782594016,0.267559303022398
R160,1571014800,378,280,-98,658,41,-1.2470472836048414,-0.8370799762330763
R160,1571029200,70,45,-25,115,41,-0.9725124253056784,-1.6807074426686917
R160,1571043600,373,521,148,894,41,-0.3219024186514975,-0.4704205248908936
R160,1571058000,442,1022,580,1464,41,1.30274222224218,0.4151552686050563
R160,1571072400,563,912,349,1475,41,0.4340086295420885,0.4322453277777851
R160,1571086800,673,1127,454,1800,41,0.8288875353148573,0.9371788942447741
R160,1571101200,384,288,-96,672,42,-1.2618056349028,-0.7583179701986531
R160,1571115600,54,44,-10,98,42,-0.9384539532235583,-1.63449959615356
R160,1571130000,548,639,91,1187,42,-0.5587037224142161,0.0278031750396344
R160,1571144400,488,1044,556,1532,42,1.189651300618894,0.5544280199080017
R160,1571158800,647,1115,468,1762,42,0.858779812388972,0.9055112498202467
R160,1571173200,844,1334,490,2178,42,0.9414976844464525,1.5405139613136982
R160,1571187600,581,299,-282,880,42,-1.961147644116044,-0.44081661445192727
R160,1571202000,68,51,-17,119,42,-0.9647732761509383,-1.6024441708137462
R160,1571216400,568,709,141,1277,42,-0.370708558647215,0.16518356935312153
R160,1571230800,575,1270,695,1845,42,1.712277855891157,1.0322065023537959
R160,1571245200,643,1004,361,1647,42,0.45647016192758977,0.7299696348641243
R160,1571259600,828,1016,188,1844,42,-0.19399310470623402,1.0306800535280904
R160,1571274000,483,491,8,974,42,-0.870775694267438,-0.2973304248356185
R160,1571288400,47,68,21,115,42,-0.8218969516880177,-1.6085499661165679
R160,1571302800,520,748,228,1268,42,-0.043596973692633136,0.15144552992177282
R160,1571317200,590,1312,722,1902,42,1.8137952443253378,1.1192140854190045
R160,1571331600,724,995,271,1719,42,0.1180788671469878,0.839873950314914
R160,1571346000,921,1234,313,2155,42,0.2759948047112687,1.5054056383224739
R160,1571360400,654,482,-172,1136,42,-1.5475582838286417,-0.050045715071341645
R160,1571374800,76,125,49,201,42,-0.716619659978497,-1.4772753671059025
R160,1571389200,485,767,282,1252,42,0.15943780317572803,0.12702234871048623
R160,1571403600,551,1204,653,1755,42,1.5543619183268762,0.8948261080403088
R160,1571418000,707,1239,532,1946,42,1.0994136220107336,1.1863778337500426
R160,1571432400,813,1387,574,2200,42,1.2573295595750145,1.5740958354792174
R160,1571446800,568,460,-108,1028,42,-1.3069244742068804,-0.21490218824752622
R160,1571461200,108,74,-34,182,42,-1.0286916318317187,-1.5062778947943054
R160,1571475600,99,331,232,430,42,-0.02855736059127305,-1.127718586019363
R160,1571490000,347,833,486,1180,42,0.9264580713450925,0.017118033259696512
R160,1571504400,558,1025,467,1583,42,0.855019909113632,0.6322769100189778
R160,1571518800,553,1002,449,1555,42,0.7873416501575117,0.5895363428992263
R160,1571533200,491,409,-82,900,42,-1.2091669890480397,-0.410287637937819
R160,1571547600,125,96,-29,221,42,-1.0098921154550187,-1.446746390591794
R160,1571562000,66,171,105,237,42,-0.5060650765594558,-1.4223232093805076
R160,1571576400,256,727,471,983,42,0.8700595222149922,-0.2835923854042698
R160,1571590800,448,722,274,1170,42,0.12935857697300787,0.001853545002642386
R160,1571605200,393,562,169,955,42,-0.2654312669376944,-0.32633295252402134
R160,1571619600,234,136,-98,370,42,-1.26932544145348,-1.2193055155616876
R160,1571634000,45,28,-17,73,42,-0.9647732761509383,-1.6726608167961954
R160,1571648400,506,685,179,1191,42,-0.22783223418429419,0.03390897034245605
R160,1571662800,465,1174,709,1639,42,1.7649165017459174,0.7177580442584809
R160,1571677200,628,1067,439,1695,42,0.7497426174041114,0.803239178497984
R160,1571691600,824,1209,385,2033,42,0.5467078405357503,1.3191788815864134
R160,1571706000,428,283,-145,711,43,-1.3711456995027675,-0.687883335591771
R160,1571720400,48,56,8,104,43,-0.8081076609696483,-1.6163018732367818
R160,1571734800,573,686,113,1259,43,-0.4217090070743703,0.15029353200207743
R160,1571749200,525,1312,787,1837,43,2.0586023522153187,1.0343559945371947
R160,1571763600,656,1032,376,1688,43,0.5461276212538022,0.8064575396622251
R160,1571778000,811,1187,376,1998,43,0.5461276212538022,1.2806086873886722
R160,1571792400,526,277,-249,803,43,-1.7538643662180904,-0.5471675111052124
R160,1571806800,49,58,9,107,43,-0.8044276737896933,-1.611713313742655
R160,1571821200,582,701,119,1283,43,-0.39962908399464014,0.18700200795509267
R160,1571835600,559,1298,739,1857,43,1.8819629675774776,1.0649463911647075
R160,1571850000,661,1111,450,1772,43,0.8184466725704742,0.9349372054977785
R160,1571864400,874,1297,423,2171,43,0.7190870187116885,1.5452156182166572
R160,1571878800,570,324,-246,894,43,-1.7428244046782253,-0.4079812064500296
R160,1571893200,64,56,-8,120,43,-0.8669874558489288,-1.5918295559347715
R160,1571907600,552,756,204,1308,43,-0.08683017369846271,0.22524000373948358
R160,1571922000,613,1309,696,1922,43,1.7237235188394113,1.164365180204124
R160,1571936400,694,1111,417,1805,43,0.6970070956319583,0.9854113599331745
R160,1571950800,884,1231,347,2115,43,0.43940799303510636,1.4595625076596215
R160,1571965200,617,411,-206,1028,43,-1.5956249174800243,-0.20302554904569442
R160,1571979600,73,52,-21,125,43,-0.9148272891883441,-1.5841819567778934
R160,1571994000,475,753,278,1228,43,0.18548887761820937,0.10287841722943272
R160,1572008400,542,1141,599,1683,43,1.3667647623837735,0.7988099405053469
R160,1572022800,702,1139,437,1841,43,0.7706068392310589,1.0404740738626974
R160,1572037200,775,1263,488,2038,43,0.9582861854087654,1.3417894806436976
R160,1572051600,584,489,-95,1073,43,-1.187146340505016,-0.1341971566337908
R160,1572066000,148,93,-55,241,43,-1.039946853306815,-1.4067576563383197
R160,1572080400,120,301,181,421,43,-0.17146987883742837,-1.1314440866907052
R160,1572094800,354,765,411,1119,43,0.6749271725522281,-0.06383924439051157
R160,1572109200,541,963,422,1504,43,0.7154070315317335,0.5250258906891082
R160,1572123600,548,964,416,1512,43,0.6933271084520033,0.5372620493401132
R160,1572138000,531,486,-45,1017,43,-1.0031469815072647,-0.2198502671908264
R160,1572152400,144,102,-42,246,43,-0.9921070199673996,-1.3991100571814414
R160,1572166800,52,159,107,211,43,-0.4437889301541005,-1.4526432512795888
R160,1572181200,219,555,336,774,43,0.398928134055601,-0.5915235862151058
R160,1572195600,354,701,347,1055,43,0.43940799303510636,-0.16172851359855225
R160,1572210000,372,626,254,998,43,0.0971691852992887,-0.24891114398696348
R160,1572224400,262,185,-77,447,43,-1.1209065712658255,-1.0916765710749388
R160,1572238800,42,23,-19,65,43,-0.907467314828434,-1.6759531466604316
R160,1572253200,522,634,112,1156,43,-0.4253889942543253,-0.007247010629613048
R160,1572267600,511,1173,662,1684,43,1.5986039547209403,0.8003394603367225
R160,1572282000,626,954,328,1580,43,0.3694882366159608,0.6412693978736564
R160,1572296400,813,1138,325,1951,43,0.3584482750760957,1.2087212553140172
R160,1572310800,385,118,-267,503,44,-1.2760692541560212,-0.7768211690085001
R160,1572325200,35,22,-13,57,44,-0.4672577276076026,-1.4247313225267877
R160,1572339600,522,614,92,1136,44,-0.13290650600294132,0.1427463807158859
R160,1572354000,553,1337,784,1890,44,2.0706272592392074,1.238092245632453
R160,1572368400,687,800,113,1487,44,-0.06603626168200907,0.652648766108081
R160,1572382800,857,1002,145,1859,44,0.03586125347369722,1.193058131822886
R160,1572397200,483,151,-332,634,44,-1.4830485818160497,-0.5865157203293617
R160,1572411600,48,29,-19,77,44,-0.48636351169929753,-1.3956770555528735
R160,1572426000,543,707,164,1250,44,0.09636290309739783,0.3083557024671971
R160,1572440400,551,1205,654,1756,44,1.6566686039191505,1.0434286569072275
R160,1572454800,676,1055,379,1731,44,0.7809868330497994,1.0071108231898347
R160,1572469200,834,1259,425,2093,44,0.9274645110861273,1.5329930554176827
R160,1572483600,498,160,-338,658,44,-1.5021543659077445,-0.5516505999606646
R160,1572498000,50,34,-16,84,44,-0.47681061965345006,-1.3855080621120035
R160,1572512400,509,616,107,1125,44,-0.085142045773704,0.12676653388023307
R160,1572526800,531,1154,623,1685,44,1.5579553861120599,0.9402860091498321
R160,1572541200,630,1032,402,1662,44,0.8542256720679634,0.9068736021298306
R160,1572555600,802,1376,574,2178,44,1.4019248160298847,1.6564736900568182
R160,1572570000,678,229,-449,907,44,-1.8556113716041005,-0.18992497613543222
R160,1572584400,120,60,-60,180,44,-0.6169197029925462,-1.246047580637215
R160,1572598800,462,697,235,1159,44,0.32244801484912117,0.1761587877358873
R160,1572613200,529,1179,650,1708,44,1.6439314145246873,0.9736984161698334
R160,1572627600,674,1165,491,1839,44,1.1376281360947715,1.1640038648489717
R160,1572642000,790,1471,681,2261,44,1.7426446323317777,1.7770488979985624
R160,1572656400,567,251,-316,818,44,-1.4320998242381966,-0.3192164641693506
R160,1572670800,123,36,-87,159,44,-0.7028957314051734,-1.2765545609598252
R160,1572685200,93,161,68,254,44,-0.20932964236972104,-1.1385467928337325
R160,1572699600,336,484,148,820,44,0.04541414551954468,-0.3163110374719592
R160,1572714000,494,458,-36,952,44,-0.5404965666257665,-0.12455287544412517
R160,1572728400,479,459,-20,938,44,-0.48954780904791334,-0.14489086232586515
R160,1572742800,448,175,-273,623,44,-1.295175038247716,-0.6024955671650145
R160,1572753600,102,52,-50,154,44,-0.585076729506388,-1.2838181277033036
R160,1572768000,50,50,0,100,44,-0.4258618620755969,-1.3622646485328722
R160,1572782400,262,250,-12,512,44,-0.4640734302589868,-0.7637467488702386
R160,1572796800,428,386,-42,814,44,-0.5596023507174614,-0.3250273175641335
R160,1572811200,438,427,-11,865,44,-0.4608891329103709,-0.25093893678065216
R160,1572825600,303,116,-187,419,44,-1.0213254662667555,-0.8988490902989399
R160,1572840000,62,18,-44,80,44,-0.5659709454146931,-1.3913189155067864
R160,1572854400,239,391,152,630,44,0.05815133491400797,-0.5923265737241445
R160,1572868800,669,1259,590,1928,44,1.4528735736077378,1.29329535288289
R160,1572883200,550,962,412,1512,44,0.8860686455541216,0.6889665998254738
R160,1572897600,894,1194,300,2088,44,0.5294273425091496,1.525729488674204
R160,1572912000,519,404,-115,923,45,-1.3119038218066468,-0.32467606091136975
R160,1572926400,82,38,-44,120,45,-1.0540880055006352,-1.4411141553543603
R160,1572940800,266,455,189,721,45,-0.20801638297527295,-0.6055235018546874
R160,1572955200,717,1262,545,1979,45,1.0846939072351516,1.1435165016437958
R160,1572969600,619,976,357,1595,45,0.40202667532627573,0.6096282970782811
R160,1572984000,832,1468,636,2300,45,1.4151338971484906,1.589813672647781
R160,1572998400,580,462,-118,1042,45,-1.3227974478477458,-0.15922633085070242
R160,1573012800,90,39,-51,129,45,-1.0795064662631997,-1.4286011505598561
R160,1573027200,241,416,175,657,45,-0.258853304500402,-0.6945048692822732
R160,1573041600,729,1203,474,1932,45,0.82687809092914,1.0781708099391625
R160,1573056000,605,1150,545,1755,45,1.0846939072351516,0.8320817156472456
R160,1573070400,858,1439,581,2297,45,1.2154174197283407,1.5856426710496128
R160,1573084800,567,493,-74,1060,45,-1.1630242659116259,-0.1342003212616939
R160,1573099200,85,45,-40,130,45,-1.0395631707791697,-1.4272108166938
R160,1573113600,229,419,190,648,45,-0.2043851742949066,-0.7070178740767775
R160,1573128000,745,1161,416,1906,45,0.616267987467891,1.0420221294217058
R160,1573142400,611,1191,580,1802,45,1.2117862110479742,0.8974274073518789
R160,1573156800,861,1279,418,2140,45,0.6235304048286238,1.3673602540788163
R160,1573171200,652,419,-233,1071,45,-1.7403864460898775,-0.1189066487350776
R160,1573185600,93,39,-54,132,45,-1.0904000923042987,-1.424430148961688
R160,1573200000,210,385,175,595,45,-0.258853304500402,-0.780705568977747
R160,1573214400,676,1343,667,2019,45,1.5277013662398478,1.199129856286037
R160,1573228800,617,1053,436,1670,45,0.6888921610752182,0.7139033370324832
R160,1573243200,827,1484,657,2311,45,1.491389279436184,1.6051073451743971
R160,1573257600,619,639,20,1258,45,-0.821690649957188,0.14108578421739965
R160,1573272000,189,101,-88,290,45,-1.213861187436755,-1.2047573981248356
R160,1573286400,65,142,77,207,45,-0.6147117551763054,-1.320155109007486
R160,1573300800,271,667,396,938,45,0.5436438138605638,-0.30382105292052936
R160,1573315200,508,923,415,1431,45,0.6126367787875246,0.3816135430450925
R160,1573329600,571,1054,483,1625,45,0.8595589690524372,0.6513383130599619
R160,1573344000,576,532,-44,1108,45,-1.0540880055006352,-0.06746429569100457
R160,1573358400,226,102,-124,328,45,-1.344584699929944,-1.1519247112147064
R160,1573372800,61,65,4,126,45,-0.8797899888430498,-1.4327721521580241
R160,1573387200,198,528,330,726,45,0.303984040956384,-0.5985718325244073
R160,1573401600,425,860,435,1285,45,0.685260952394852,0.1786247986009124
R160,1573416000,447,809,362,1256,45,0.42018271872810753,0.1383051164852876
R160,1573430400,356,276,-80,632,45,-1.1848115179938241,-0.7292632159336739
R160,1573444800,89,44,-45,133,45,-1.0577192141810015,-1.4230398150956318
R160,1573459200,178,331,153,509,45,-0.33873989546846195,-0.9002742814585654
R160,1573473600,673,1281,608,1954,45,1.3134600540982324,1.1087581549923953
R160,1573488000,514,1110,596,1624,45,1.2698855499338362,0.6499479791939059
R160,1573502400,838,1372,534,2210,45,1.0447506117511216,1.4646836247027384
R160,1573516800,473,350,-123,823,46,-1.3541190440281425,-0.44302501508736186
R160,1573531200,73,30,-43,103,46,-1.0580018954479566,-1.4365049154389984
R160,1573545600,224,415,191,639,46,-0.19185923585091225,-0.6969143229550023
R160,1573560000,719,1276,557,1995,46,1.1628767189034388,1.1741394893739132
R160,1573574400,554,940,386,1494,46,0.5299263138132912,0.48284305871256605
R160,1573588800,871,1472,601,2343,46,1.3257411506225412,1.6543214412105376
R160,1573603200,566,418,-148,984,46,-1.4466556529594508,-0.22087187070317646
R160,1573617600,80,27,-53,107,46,-1.0950165390204798,-1.430985582659267
R160,1573632000,224,398,174,622,46,-0.2547841299242018,-0.7203714872688604
R160,1573646400,708,1293,585,2001,46,1.266517720906504,1.18241848854351
R160,1573660800,571,1048,477,1619,46,0.8667595703232529,0.6553222080791696
R160,1573675200,890,1409,519,2299,46,1.0222210733278505,1.593608780633493
R160,1573689600,541,422,-119,963,46,-1.3393131865991332,-0.24984836779676586
R160,1573704000,90,38,-52,128,46,-1.0913150746632274,-1.4020090855656777
R160,1573718400,229,339,110,568,46,-0.49167784878835064,-0.7948824797952332
R160,1573732800,726,1359,633,2085,46,1.4441880100546156,1.2983244769178677
R160,1573747200,599,1085,486,1684,46,0.9000727495385238,0.7450113657498035
R160,1573761600,870,1412,542,2282,46,1.107354753544654,1.570151616319635
R160,1573776000,625,437,-188,1062,46,-1.5947142272495438,-0.11324488149841584
R160,1573790400,92,62,-30,154,46,-1.0098828588036763,-1.3661334224974242
R160,1573804800,193,394,201,587,46,-0.15484459227838898,-0.7686656490915094
R160,1573819200,703,1210,507,1913,46,0.9778035010408226,1.0609931673894213
R160,1573833600,644,1116,472,1760,46,0.8482522485369912,0.8498786885646985
R160,1573848000,796,1573,777,2369,46,1.9771988774989504,1.690197104278791
R160,1573862400,671,676,5,1347,46,-0.8803316062998447,0.2800075790574403
R160,1573876800,219,121,-98,340,46,-1.2615824350968345,-1.109484448239918
R160,1573891200,71,117,46,188,46,-0.7285715676524994,-1.319219093869708
R160,1573905600,254,653,399,907,46,0.5780453504575714,-0.32711902671300425
R160,1573920000,527,916,389,1443,46,0.5410307068850482,0.4124715657709918
R160,1573934400,612,1039,427,1651,46,0.6816863524606366,0.6994768703170201
R160,1573948800,561,622,61,1183,46,-0.6730496022937146,0.05371493508845641
R160,1573963200,188,121,-67,309,46,-1.1468370400220123,-1.1522592772828357
R160,1573977600,52,85,33,137,46,-0.7766906042967797,-1.3895905868112823
R160,1573992000,214,585,371,799,46,0.47440434845450635,-0.47614101176574974
R160,1574006400,425,921,496,1346,46,0.937087393111047,0.27862774586250744
R160,1574020800,435,781,346,1216,46,0.38186773952319825,0.09924943052123975
R160,1574035200,340,230,-110,570,46,-1.3060000073838625,-0.7921228134053675
R160,1574049600,67,36,-31,103,46,-1.0135843231609287,-1.4365049154389984
R160,1574064000,223,341,118,564,46,-0.462066133930332,-0.8004018125749645
R160,1574078400,698,1158,460,1856,46,0.8038346762499633,0.98234267527825
R160,1574092800,510,974,464,1484,46,0.8186405336789726,0.4690447267632378
R160,1574107200,798,1226,428,2024,46,0.685387816817889,1.2141546520269653
R160,1574121600,482,414,-68,896,47,-1.139695091822086,-0.32684582201858103
R160,1574136000,76,42,-34,118,47,-1.014378652989258,-1.40291776965376
R160,1574150400,224,370,146,594,47,-0.3509386826978149,-0.7445498428229821
R160,1574164800,741,1213,472,1954,47,0.850624819052243,1.1365013766935261
R160,1574179200,539,1048,509,1587,47,0.9869985907232618,0.6288941726034096
R160,1574193600,870,1475,605,2345,47,1.3408332415453648,1.6773036023045222
R160,1574208000,603,397,-206,1000,47,-1.648332402378859,-0.18300072876143628
R160,1574222400,88,36,-52,124,47,-1.0807226500184022,-1.3946190142735402
R160,1574236800,237,385,148,622,47,-0.34356712747235446,-0.7058223177152894
R160,1574251200,737,1322,585,2059,47,1.26711768929076,1.2817295958473742
R160,1574265600,565,1039,474,1604,47,0.8579963742777035,0.652407312847366
R160,1574280000,823,1425,602,2248,47,1.329775908707174,1.5431403903243008
R160,1574294400,604,416,-188,1020,47,-1.5819884053497146,-0.15533821082736998
R160,1574308800,86,44,-42,130,47,-1.0438648738910998,-1.3863202588933203
R160,1574323200,261,382,121,643,47,-0.4430831230160709,-0.6767766738845197
R160,1574337600,813,1248,435,2061,47,0.7142510473812241,1.2844958476407808
R160,1574352000,623,1008,385,1631,47,0.5299621667447122,0.6897517120583555
R160,1574366400,882,1360,478,2242,47,0.8727394847286244,1.5348416349440808
R160,1574380800,584,399,-185,983,47,-1.570931072511524,-0.20651386900539262
R160,1574395200,106,50,-56,156,47,-1.0954657604693232,-1.350358985579034
R160,1574409600,190,422,232,612,47,-0.033961808003014377,-0.7196535766823224
R160,1574424000,724,1206,482,1930,47,0.8874825951795454,1.1033063551726465
R160,1574438400,587,1042,455,1629,47,0.7879665996358289,0.6869854602649488
R160,1574452800,789,1441,652,2230,47,1.514064789343686,1.518244124183641
R160,1574467200,641,642,1,1283,47,-0.8853764365436996,0.20842390000560185
R160,1574481600,197,113,-84,310,47,-1.19866753362577,-1.1373575974867236
R160,1574496000,77,132,55,209,47,-0.6863444454562667,-1.2770533130537585
R160,1574510400,229,698,469,927,47,0.8395674862140523,-0.28396891922077827
R160,1574524800,454,835,381,1289,47,0.5152190562937913,0.21672265538582175
R160,1574539200,536,1008,472,1544,47,0.850624819052243,0.5694197590451671
R160,1574553600,502,532,30,1034,47,-0.7784888857745227,-0.13597444827352356
R160,1574568000,197,101,-96,298,47,-1.2428968649785328,-1.1539551082471633
R160,1574582400,47,84,37,131,47,-0.752688442485411,-1.384937132996617
R160,1574596800,150,509,359,659,47,0.43413194881372597,-0.6546466595372666
R160,1574611200,369,773,404,1142,47,0.5999919413865867,0.013403148570434445
R160,1574625600,426,661,235,1087,47,-0.02290447516482366,-0.06266877574824788
R160,1574640000,320,261,-59,581,47,-1.1065230933075139,-0.7625304794801252
R160,1574654400,63,45,-18,108,47,-0.9554062111855741,-1.416749028620793
R160,1574668800,208,400,192,608,47,-0.18139291251222395,-0.7251860802691358
R160,1574683200,675,1344,669,2019,47,1.5767230087601,1.2264045599792417
R160,1574697600,561,1091,530,1652,47,1.0643999205905967,0.7187973558891251
R160,1574712000,827,1431,604,2258,47,1.3371474639326346,1.556971649291334
R160,1574726400,525,405,-120,930,48,-1.375571596055522,0.17309844470702612
R160,1574740800,94,38,-56,132,48,-1.1120453719662025,-1.168304439177526
R160,1574755200,218,385,167,603,48,-0.19382118490497954,-0.3765741656065685
R160,1574769600,689,1218,529,1907,48,1.2967490201002345,1.8153924516684385
R160,1574784000,575,1024,449,1599,48,0.967341239988585,1.2976580052568574
R160,1574798400,782,1482,700,2264,48,2.0008581500888853,2.415493741827317
R160,1574812800,513,427,-86,940,48,-1.2355732895080709,0.1899080046554541
R160,1574827200,120,67,-53,187,48,-1.0996925802120157,-1.0758518594611721
R160,1574841600,154,329,175,483,48,-0.16088040689381458,-0.5782888849877041
R160,1574856000,491,959,468,1450,48,1.0455755877651016,1.0471955620252806
R160,1574870400,565,1104,539,1669,48,1.3379249926141907,1.415324924895853
R160,1574884800,613,1164,551,1777,48,1.3873361596309381,1.5968681723388751
R160,1574899200,436,332,-104,768,48,-1.3096900400331921,-0.09921642645750699
R160,1574913600,131,60,-71,191,48,-1.1738093307371367,-1.069128035481801
R160,1574928000,47,98,51,145,48,-0.6714624660668713,-1.1464520112445695
R160,1574942400,175,295,120,470,48,-0.38734825572057363,-0.6001413129206605
R160,1574956800,260,452,192,712,48,-0.09088125362008907,-0.19334996216870362
R160,1574971200,226,367,141,593,48,-0.3008787134412656,-0.39338372555499646
R160,1574985600,167,227,60,394,48,-0.6344040908043107,-0.727893968528713
R160,1575000000,41,49,8,90,48,-0.848519147876883,-1.2389045909609233
R160,1575014400,64,170,106,234,48,-0.4449946172401123,-0.9968469277035605
R160,1575028800,190,659,469,849,48,1.0496931850164974,0.036941009124759575
R160,1575043200,341,915,574,1256,48,1.4820408964130374,0.7210900990257779
R160,1575057600,458,1012,554,1470,48,1.3996889513851252,1.0808146819221365
R160,1575072000,432,382,-50,814,48,-1.0873397884578286,-0.021892450694738323
R160,1575086400,143,79,-64,222,48,-1.1449861499773675,-1.0170183996416742
R160,1575100800,53,92,39,145,48,-0.7208736330836187,-1.1464520112445695
R160,1575115200,143,530,387,673,48,0.7120502104020566,-0.2589072459675727
R160,1575129600,358,773,415,1131,48,0.827342933441134,0.5109705996704283
R160,1575144000,392,870,478,1262,48,1.086751560279058,0.7311758349948347
R160,1575158400,375,444,69,819,48,-0.5973457155417502,-0.013487670720524338
R160,1575172800,145,76,-69,221,48,-1.1655741362343455,-1.018699355636517
R160,1575187200,42,78,36,120,48,-0.7332264248378056,-1.1884759111156393
R160,1575201600,119,413,294,532,48,0.32911366602226405,-0.49592204124040706
R160,1575216000,274,633,359,907,48,0.5967574873629793,0.1344364568256418
R160,1575230400,284,545,261,829,48,0.19323295672620863,0.003321889227903632
R160,1575244800,206,152,-54,358,48,-1.1038101774634113,-0.7884083843430537
R160,1575259200,50,44,-6,94,48,-0.9061655093964216,-1.232180766981552
R160,1575273600,195,315,120,510,48,-0.38734825572057363,-0.5329030731269486
R160,1575288000,598,1208,610,1806,48,1.6302743974632796,1.6456158961893164
R160,1575302400,494,843,349,1337,48,0.5555815148490231,0.8572475346080445
R160,1575316800,694,1148,454,1842,48,0.9879292262455631,1.706130312003657
R160,1575331200,416,275,-141,691,49,-1.336423878263389,-0.5787248146193845
R160,1575345600,72,28,-44,100,49,-0.9590872035080319,-1.4226885857540041
R160,1575360000,227,361,134,588,49,-0.26665495498789216,-0.7258115632266025
R160,1575374400,725,1177,452,1902,49,0.9703869271997732,1.150615501529557
R160,1575388800,519,875,356,1394,49,0.596940321256327,0.4251779452920158
R160,1575403200,885,1167,282,2052,49,0.30907522917492064,1.3648195043556024
R160,1575417600,546,305,-241,851,49,-1.7254307594544787,-0.3502405449382692
R160,1575432000,91,29,-62,120,49,-1.0291084421224281,-1.3941280520438648
R160,1575446400,227,386,159,613,49,-0.16940323469011975,-0.6901108960889282
R160,1575460800,726,1271,545,1997,49,1.3321633267074866,1.2862780366527191
R160,1575475200,545,951,406,1496,49,0.7914437618518719,0.5708366672137268
R160,1575489600,856,1288,432,2144,49,0.8925855509615552,1.4961979594222437
R160,1575504000,549,289,-260,838,49,-1.7993420668807858,-0.3688048918498598
R160,1575518400,89,30,-59,119,49,-1.0174382356866953,-1.3955560787293717
R160,1575532800,227,369,142,596,49,-0.23553440449260502,-0.7143873497425467
R160,1575547200,787,1293,506,2080,49,1.1804506430429615,1.4048042515497976
R160,1575561600,577,1045,468,1622,49,1.0326280281903475,0.7507680295876051
R160,1575576000,906,1249,343,2155,49,0.5463694267014854,1.5119062529628204
R160,1575590400,582,284,-298,866,49,-1.9471646817333998,-0.32882014465566467
R160,1575604800,102,31,-71,133,49,-1.064119061429626,-1.375563705132274
R160,1575619200,189,362,173,551,49,-0.11494227132336719,-0.7786485505903604
R160,1575633600,707,1210,503,1917,49,1.168780436607229,1.1720359018121613
R160,1575648000,603,1080,477,1683,49,1.0676386474975457,0.8378776574035303
R160,1575662400,865,1350,485,2215,49,1.0987591979928328,1.5975878540932387
R160,1575676800,626,649,23,1275,49,-0.6984525931100017,0.2552427697166863
R160,1575691200,194,108,-86,302,49,-1.1224700936082896,-1.134227195281596
R160,1575705600,80,137,57,217,49,-0.5661902535050313,-1.2556094635496886
R160,1575720000,228,705,477,933,49,1.0676386474975457,-0.23314235672669764
R160,1575734400,534,921,387,1455,49,0.7175324544255648,0.512287573107941
R160,1575748800,614,900,286,1514,49,0.3246355044225642,0.5965411475528523
R160,1575763200,562,601,39,1163,49,-0.6362114921194274,0.0953037809399056
R160,1575777600,210,139,-71,349,49,-1.064119061429626,-1.0671099410627685
R160,1575792000,48,66,18,114,49,-0.7179029371695562,-1.4026962121569064
R160,1575806400,183,573,390,756,49,0.7292026608612976,-0.4859030800614314
R160,1575820800,420,738,318,1158,49,0.4491177064037129,0.08816364751237075
R160,1575835200,450,804,354,1254,49,0.5891601836325052,0.22525420932103993
R160,1575849600,361,248,-113,609,49,-1.2275019515298837,-0.6958230028309561
R160,1575864000,74,38,-36,112,49,-0.9279666530127447,-1.4055522655279205
R160,1575878400,188,350,162,538,49,-0.15773302825438706,-0.797212897501951
R160,1575892800,656,1144,488,1800,49,1.1104294044285654,1.0049567796078458
R160,1575907200,507,971,464,1478,49,1.017067752942704,0.5451321868746013
R160,1575921600,815,1478,663,2293,49,1.7911914465129726,1.7089739355627824
R160,1575936000,503,349,-154,852,50,-1.5078860124147917,-0.4165125957240709
R160,1575950400,71,51,-20,122,50,-0.972197180331062,-1.4833694198594103
R160,1575964800,221,384,163,605,50,-0.24062213353014733,-0.7774901786849323
R160,1575979200,716,1229,513,1945,50,1.158565114449744,1.1808497450703483
R160,1575993600,531,888,357,1419,50,0.5349273696358495,0.4121282526111859
R160,1576008000,875,1189,314,2064,50,0.36302722202689147,1.3547620218814516
R160,1576022400,603,434,-169,1037,50,-1.5678511801853585,-0.14614477042949856
R160,1576036800,84,23,-61,107,50,-1.1361019722372778,-1.5052911354238352
R160,1576051200,219,368,149,587,50,-0.296589623449343,-0.803796237362242
R160,1576065600,716,1151,435,1867,50,0.8467462420427967,1.0668568241353396
R160,1576080000,562,1030,468,1592,50,0.9786696111380436,0.6649587054542184
R160,1576094400,886,1439,553,2325,50,1.3184722285045887,1.7361998727024428
R160,1576108800,578,456,-122,1034,50,-1.379960321170916,-0.15052911354238352
R160,1576123200,74,62,-12,136,50,-0.940215757520093,-1.4629091519992805
R160,1576137600,222,411,189,633,50,-0.13668250939449827,-0.7365696429646728
R160,1576152000,719,1198,479,1917,50,1.0226440675031259,1.1399292093500888
R160,1576166400,576,948,372,1524,50,0.5948925374064162,0.5655802615621595
R160,1576180800,846,1373,527,2219,50,1.2145326043689395,1.5812864160471745
R160,1576195200,619,550,-69,1169,50,-1.1680833950482468,0.04676632653743954
R160,1576209600,123,52,-71,175,50,-1.1760787507509889,-1.4059126915317761
R160,1576224000,198,337,139,535,50,-0.33656640196305415,-0.8797915179855813
R160,1576238400,734,1257,523,1991,50,1.198541892963455,1.2480763394679177
R160,1576252800,593,1081,488,1674,50,1.0586231681654659,0.7847974172064073
R160,1576267200,788,1346,558,2134,50,1.3384606177614442,1.4570633611821007
R160,1576281600,632,610,-22,1242,50,-0.9801925360338042,0.1534520089509735
R160,1576296000,202,133,-69,335,50,-1.1680833950482468,-1.1720810588445785
R160,1576310400,60,137,77,197,50,-0.5844224287480635,-1.3737608420372864
R160,1576324800,252,694,442,946,50,0.8747299870023946,-0.27913651152034225
R160,1576339200,528,1038,510,1566,50,1.1465720808956306,0.6269610651425488
R160,1576353600,655,974,319,1629,50,0.38301561128374706,0.7190322705131329
R160,1576368000,541,523,-18,1064,50,-0.9642018246283197,-0.10668568241353395
R160,1576382400,219,143,-76,362,50,-1.1960671400078444,-1.1326219708286138
R160,1576396800,58,90,32,148,50,-0.7643179320597637,-1.4453717795477408
R160,1576411200,181,603,422,784,50,0.7947764299749722,-0.5158910396161299
R160,1576425600,435,896,461,1331,50,0.9506858661784457,0.2835208546332272
R160,1576440000,501,779,278,1280,50,0.2191108193775312,0.20898702171418293
R160,1576454400,372,126,-246,498,50,-1.8756723747409345,-0.9338650830444958
R160,1576468800,218,335,117,553,50,-0.42451531469321874,-0.8534854593082716
R160,1576483200,218,350,132,568,50,-0.364550146922652,-0.8315637437438468
R160,1576497600,689,1166,477,1855,50,1.0146487118003837,1.0493194516837996
R160,1576512000,552,970,418,1522,50,0.7787857185694878,0.5626573661535694
R160,1576526400,820,1391,571,2211,50,1.3904304298292687,1.5695948344128146
R160,1576540800,478,388,-90,866,51,-1.3474023417658882,-0.2423785449069354
R160,1576555200,87,51,-36,138,51,-1.1148370060638308,-1.3863992903645548
R160,1576569600,195,346,151,541,51,-0.3094718620585579,-0.7531020919862298
R160,1576584000,643,1086,443,1729,51,0.9481036569229377,1.1137889047220833
R160,1576598400,530,858,328,1388,51,0.45282562718707475,0.5779220445558082
R160,1576612800,732,1232,500,1964,51,1.1935892890528872,1.4830813156871114
R160,1576627200,556,482,-74,1038,51,-1.2784940941504639,0.027912070778106576
R160,1576641600,86,47,-39,133,51,-1.1277573024917231,-1.3942565757042362
R160,1576656000,226,423,197,649,51,-0.11136065016421269,-0.5833847286491104
R160,1576670400,725,1177,452,1902,51,0.986864546206614,1.3856509774750616
R160,1576684800,591,1025,434,1616,51,0.9093427676392615,0.9362142560452824
R160,1576699200,820,1228,408,2048,51,0.7973668652641969,1.61508370939376
R160,1576713600,538,448,-90,986,51,-1.3474023417658882,-0.05380369675458053
R160,1576728000,75,60,-15,135,51,-1.0243949310685863,-1.3911136615683637
R160,1576742400,208,411,203,619,51,-0.08552005730842854,-0.6305284406871992
R160,1576756800,679,1118,439,1797,51,0.9308765950190817,1.2206479853417511
R160,1576771200,591,983,392,1574,51,0.7284586176487724,0.8702130591919582
R160,1576785600,800,1435,635,2235,51,1.7750026283080307,1.9089461810978463
R160,1576800000,561,476,-85,1037,51,-1.3258685143860682,0.026340613710170286
R160,1576814400,90,51,-39,141,51,-1.1277573024917231,-1.3816849191607459
R160,1576828800,180,359,179,539,51,-0.18888242873156516,-0.7562450061221023
R160,1576843200,581,1096,515,1677,51,1.2581907711923475,1.032073137189396
R160,1576857600,622,944,322,1566,51,0.4269850343312906,0.8576414026484679
R160,1576872000,723,1319,596,2042,51,1.6070387747454336,1.6056549669861422
R160,1576886400,568,467,-101,1035,51,-1.3947767620014926,0.023197699574297705
R160,1576900800,169,102,-67,271,51,-1.2483467358187157,-1.1773955003290282
R160,1576915200,53,144,91,197,51,-0.5678777906163994,-1.2936833233563136
R160,1576929600,187,551,364,738,51,0.6078691843217797,-0.44352504960278055
R160,1576944000,416,767,351,1183,51,0.5518812331342473,0.2557733456288687
R160,1576958400,515,883,368,1398,51,0.6250962462256358,0.5936366152351712
R160,1576972800,420,499,79,919,51,-0.6195589763279677,-0.15909132030631198
R160,1576987200,164,92,-72,256,51,-1.269880563198536,-1.2009673563480725
R160,1577001600,51,76,25,127,51,-0.8521243120300253,-1.403685318111854
R160,1577016000,143,461,318,604,51,0.4097579724274345,-0.6541002967062435
R160,1577030400,368,762,394,1130,51,0.7370721486007005,0.1724861210282453
R160,1577044800,424,689,265,1113,51,0.1814994022013411,0.14577135087332838
R160,1577059200,315,266,-49,581,51,-1.1708249572513634,-0.6902438092687782
R160,1577073600,78,29,-49,107,51,-1.1708249572513634,-1.4351144594705798
R160,1577088000,106,290,184,396,51,-0.16734860135174504,-0.9809633668369919
R160,1577102400,384,834,450,1218,51,0.9782510152546859,0.31077434300663886
R160,1577116800,475,1103,628,1578,51,1.7448552699762825,0.8764988874637034
R160,1577131200,592,1047,455,1639,51,0.9997848426345061,0.9723577686078172
R160,1577145600,381,346,-35,727,52,-1.0054284594898424,0.09122208125370011
R160,1577160000,85,34,-51,119,52,-1.0746688698994729,-1.1166840981056403
R160,1577174400,85,212,127,297,52,-0.304369304092334,-0.7630536705958335
R160,1577188800,280,622,342,902,52,0.6260487107870755,0.4388924453785103
R160,1577203200,398,773,375,1171,52,0.7688570572569383,0.9733114622332185
R160,1577217600,405,758,353,1163,52,0.6736514929436964,0.9574179598732272
R160,1577232000,291,208,-83,499,52,-1.213149690718734,-0.36174273600605256
R160,1577246400,58,50,-8,108,52,-0.8885852669235911,-1.1385376638506284
R160,1577260800,28,46,18,74,52,-0.7760696000079416,-1.2060850488805916
R160,1577275200,82,211,129,293,52,-0.29571425279113017,-0.7710004217758292
R160,1577289600,177,331,154,508,52,-0.18752611152608256,-0.34386254585106235
R160,1577304000,218,372,154,590,52,-0.18752611152608256,-0.18095414666115128
R160,1577318400,166,186,20,352,52,-0.7674145487067378,-0.6537858418708932
R160,1577332800,20,33,13,53,52,-0.7977072282609511,-1.2478054925755688
R160,1577347200,106,251,145,357,52,-0.2264738423814997,-0.6438524028958985
R160,1577361600,266,674,408,940,52,0.9116654037268012,0.5143865815884691
R160,1577376000,364,815,451,1179,52,1.097749006702683,0.9892049645932098
R160,1577390400,515,1053,538,1568,52,1.4742437383050486,1.762026516847788
R160,1577404800,415,290,-125,705,52,-1.394905768044014,0.04751494976372398
R160,1577419200,95,42,-53,137,52,-1.0833239212006767,-1.0809237177956599
R160,1577433600,72,264,192,336,52,-0.023080136803210197,-0.6855728465908758
R160,1577448000,304,681,377,985,52,0.7775121085581421,0.6037875323634203
R160,1577462400,435,969,534,1404,52,1.456933635702641,1.4362097184679659
R160,1577476800,559,1320,761,1879,52,2.439281958389273,2.37988642109245
